1.000000000 0.000000000 0.000000000 0.000000000 0.000000000 1.000000000 0.000000000 0.000000000 0.000000000 0.000000000 1.000000000 0.000000000
1.000000000 0.000145351 0.000126346 -0.001273905 -0.000145346 1.000000000 -0.000044761 0.000385217 -0.000126353 0.000044743 1.000000000 0.000343512
1.000000000 0.000159041 0.000059680 0.004488638 -0.000159041 1.000000000 0.000000155 0.000127031 -0.000059680 -0.000000165 1.000000000 -0.002299353
1.000000000 0.000004159 -0.000017521 0.002098740 -0.000004158 1.000000000 0.000019893 -0.000103583 0.000017521 -0.000019893 1.000000000 -0.003543172
1.000000000 0.000173214 0.000148127 -0.002590963 -0.000173204 1.000000000 -0.000069462 0.002666926 -0.000148139 0.000069437 1.000000000 0.002564839
1.000000000 0.000082429 0.000053904 -0.001718173 -0.000082429 1.000000000 -0.000003275 0.004343935 -0.000053904 0.000003271 1.000000000 -0.005202884
1.000000000 0.000076300 0.000129324 -0.004300109 -0.000076300 1.000000000 0.000001158 0.002950162 -0.000129324 -0.000001168 1.000000000 0.000371182
1.000000000 0.000077559 0.000065800 -0.000703753 -0.000077556 1.000000000 -0.000044819 0.000327862 -0.000065803 0.000044814 1.000000000 -0.000581591
1.000000000 0.000051982 0.000078222 -0.000399983 -0.000051981 1.000000000 -0.000010792 0.000056235 -0.000078223 0.000010788 1.000000000 -0.002775484
1.000000000 0.000084711 0.000077455 -0.001752958 -0.000084711 1.000000000 0.000006197 0.001396062 -0.000077454 -0.000006203 1.000000000 -0.005204600
1.000000000 -0.000085771 0.000021011 -0.000189165 0.000085771 1.000000000 -0.000020241 -0.000716382 -0.000021009 0.000020243 1.000000000 -0.001167411
1.000000000 0.000026207 0.000035107 -0.000753594 -0.000026205 1.000000000 -0.000046649 -0.000919402 -0.000035109 0.000046648 1.000000000 -0.001774218
1.000000000 0.000031155 0.000121849 -0.000043132 -0.000031152 1.000000000 -0.000024583 0.001291215 -0.000121849 0.000024580 1.000000000 -0.002242239
1.000000000 -0.000201148 0.000021380 -0.001231620 0.000201145 1.000000000 0.000108491 0.001518941 -0.000021402 -0.000108487 1.000000000 -0.004413912
1.000000000 -0.000195722 0.000017255 -0.000501425 0.000195723 1.000000000 -0.000042940 0.000829597 -0.000017247 0.000042943 1.000000000 -0.000789677
1.000000000 -0.000147087 0.000165356 -0.002261409 0.000147090 1.000000000 -0.000015289 -0.000293254 -0.000165354 0.000015313 1.000000000 -0.002321631
1.000000000 0.000108027 0.000097536 -0.003380004 -0.000108027 1.000000000 0.000000194 0.000476080 -0.000097536 -0.000000204 1.000000000 -0.006202112
1.000000000 -0.000180687 0.000028349 -0.000280838 0.000180687 1.000000000 -0.000009374 -0.000097670 -0.000028347 0.000009379 1.000000000 -0.006088225
1.000000000 0.000018344 0.000067412 -0.001190687 -0.000018336 1.000000000 -0.000110437 0.000588069 -0.000067414 0.000110436 1.000000000 -0.011157264
1.000000000 -0.000212396 -0.000067480 0.002799829 0.000212397 1.000000000 0.000022435 -0.001383946 0.000067476 -0.000022449 1.000000000 -0.007732411
1.000000000 0.000044793 0.000105045 -0.000676276 -0.000044793 1.000000000 0.000004261 -0.001782406 -0.000105044 -0.000004265 1.000000000 -0.004178745
1.000000000 -0.000137341 -0.000011295 0.001908323 0.000137341 1.000000000 -0.000002289 -0.001393141 0.000011296 0.000002288 1.000000000 -0.006466939
1.000000000 -0.000070921 0.000069224 -0.000602389 0.000070919 1.000000000 0.000038448 0.000161324 -0.000069226 -0.000038443 1.000000000 -0.010779311
1.000000000 0.000066347 -0.000030903 0.004512078 -0.000066347 1.000000000 -0.000000356 -0.001919290 0.000030903 0.000000358 1.000000000 -0.010943349
1.000000000 -0.000014152 0.000060464 0.000011018 0.000014151 1.000000000 0.000021721 -0.000784730 -0.000060465 -0.000021720 1.000000000 -0.006641993
1.000000000 0.000132903 0.000119920 -0.005312644 -0.000132886 1.000000000 -0.000143033 0.000465622 -0.000119939 0.000143018 1.000000000 -0.005663538
1.000000000 -0.000114344 0.000067249 -0.004076875 0.000114341 1.000000000 0.000046150 0.000506285 -0.000067254 -0.000046142 1.000000000 -0.005433657
1.000000000 -0.000200027 -0.000030663 -0.003224862 0.000200028 1.000000000 0.000030689 0.001896814 0.000030657 -0.000030695 1.000000000 -0.006049299
1.000000000 -0.000127509 -0.000032723 -0.000268395 0.000127510 1.000000000 0.000032202 -0.001696954 0.000032719 -0.000032206 1.000000000 -0.000808337
1.000000000 -0.000028540 0.000098859 -0.003916713 0.000028535 1.000000000 0.000056704 0.001003646 -0.000098861 -0.000056701 1.000000000 -0.000248240
1.000000000 -0.000023724 0.000101449 -0.003994558 0.000023720 1.000000000 0.000039631 0.001124919 -0.000101450 -0.000039629 1.000000000 -0.003624790
1.000000000 -0.000131049 0.000025789 -0.001228925 0.000131047 1.000000000 0.000105205 -0.001554812 -0.000025803 -0.000105201 1.000000000 -0.005023315
1.000000000 0.000061278 0.000057245 -0.004596448 -0.000061273 1.000000000 -0.000092492 0.001496282 -0.000057250 0.000092488 1.000000000 -0.003598885
1.000000000 0.000059674 0.000078381 -0.003818599 -0.000059664 1.000000000 -0.000120363 0.005826369 -0.000078388 0.000120359 1.000000000 -0.004210070
1.000000000 -0.000049416 0.000041928 -0.003396398 0.000049421 1.000000000 -0.000116758 0.001676503 -0.000041922 0.000116760 1.000000000 -0.003840160
1.000000000 -0.000189512 -0.000055174 -0.000839041 0.000189510 1.000000000 -0.000027143 0.000732779 0.000055179 0.000027133 1.000000000 -0.005331483
1.000000000 -0.000194011 0.000056344 -0.000705905 0.000194005 1.000000000 0.000094079 -0.001086703 -0.000056363 -0.000094068 1.000000000 -0.000016856
1.000000000 0.000042391 0.000084605 -0.002260348 -0.000042399 1.000000000 0.000089550 -0.000441034 -0.000084601 -0.000089553 1.000000000 -0.003933662
0.999999940 -0.000298967 -0.000111412 0.001169165 0.000298970 0.999999940 0.000020417 -0.001510490 0.000111406 -0.000020451 1.000000000 -0.001369603
1.000000000 0.000054384 0.000099401 -0.000271124 -0.000054315 0.999999762 -0.000687983 -0.005416306 -0.000099438 0.000687978 0.999999762 0.048383020
1.000000000 0.000021554 -0.000014136 0.003052725 -0.000021571 0.999999225 -0.001264285 -0.002502639 0.000014109 0.001264286 0.999999225 0.140342787
1.000000000 0.000040497 -0.000070423 0.005214318 -0.000040597 0.999998987 -0.001418108 -0.010247243 0.000070366 0.001418111 0.999998987 0.258870393
1.000000000 0.000114798 0.000171879 0.002027360 -0.000114571 0.999999106 -0.001318609 -0.015033262 -0.000172030 0.001318590 0.999999106 0.382821858
1.000000000 -0.000106548 -0.000151872 0.007510612 0.000106358 0.999999225 -0.001252469 -0.017546799 0.000152005 0.001252453 0.999999225 0.531066954
1.000000000 0.000128543 0.000142309 0.008136329 -0.000128385 0.999999404 -0.001111340 -0.026503222 -0.000142451 0.001111322 0.999999344 0.686196923
1.000000000 -0.000090216 0.000158080 0.022669394 0.000090355 0.999999583 -0.000879190 -0.027169064 -0.000158001 0.000879204 0.999999583 0.866614640
0.999999940 -0.000114139 0.000357973 0.008510588 0.000114392 0.999999762 -0.000706664 -0.030678010 -0.000357892 0.000706704 0.999999702 1.032809854
0.999999762 0.000344192 0.000551608 0.008746003 -0.000343767 0.999999642 -0.000770726 -0.039418273 -0.000551873 0.000770536 0.999999523 1.207448483
1.000000000 0.000055745 -0.000058195 0.031184904 -0.000055769 0.999999940 -0.000416383 -0.049111500 0.000058172 0.000416386 0.999999940 1.411078572
1.000000000 0.000185918 -0.000095285 0.034159962 -0.000185970 0.999999821 -0.000541767 -0.054673292 0.000095184 0.000541785 0.999999821 1.643242598
1.000000000 -0.000217299 0.000070022 0.031325337 0.000217316 0.999999940 -0.000233299 -0.065577775 -0.000069971 0.000233314 1.000000000 1.818306446
0.999999881 -0.000233011 0.000368520 0.027121069 0.000232985 1.000000000 0.000070027 -0.066135056 -0.000368536 -0.000069942 0.999999940 2.005750656
0.999996781 0.000096126 0.002506822 -0.027266523 -0.000098337 0.999999523 0.000881919 -0.090464100 -0.002506736 -0.000882163 0.999996483 2.102011204
0.999996722 -0.000257765 0.002545561 -0.012686202 0.000254813 0.999999285 0.001159787 -0.097964004 -0.002545858 -0.001159135 0.999996126 2.307371855
0.999996722 -0.000076881 0.002555092 -0.019883800 0.000073966 0.999999285 0.001141100 -0.108174346 -0.002555178 -0.001140907 0.999996006 2.535966873
0.999996185 0.000106051 0.002767426 -0.018267142 -0.000109775 0.999999106 0.001345702 -0.116249584 -0.002767281 -0.001346001 0.999995172 2.769068480
0.999996603 -0.000159518 0.002592370 -0.008544430 0.000156235 0.999999225 0.001266700 -0.119012177 -0.002592570 -0.001266291 0.999995768 3.008929014
0.999995530 0.000139991 0.002966623 -0.006641711 -0.000143916 0.999999166 0.001323105 -0.123641632 -0.002966435 -0.001323526 0.999994695 3.254233599
0.999994755 0.000144706 0.003237653 -0.011904958 -0.000149471 0.999998927 0.001471573 -0.138227373 -0.003237437 -0.001472050 0.999993682 3.455565691
0.999994814 0.000404035 0.003187013 -0.004327248 -0.000409067 0.999998689 0.001578389 -0.145315900 -0.003186371 -0.001579685 0.999993682 3.705526352
0.999995172 0.000046622 0.003084360 0.003314995 -0.000051145 0.999998927 0.001466345 -0.150887519 -0.003084288 -0.001466496 0.999994159 3.975797415
0.999993622 0.000959487 0.003428742 0.006989445 -0.000965820 0.999997854 0.001845739 -0.154671028 -0.003426963 -0.001849039 0.999992371 4.250529289
0.999994278 -0.000144299 0.003373899 0.000451522 0.000136420 0.999997258 0.002335364 -0.177835867 -0.003374227 -0.002334890 0.999991596 4.459675789
0.999993980 -0.000299543 0.003456350 0.011785419 0.000291372 0.999997199 0.002364557 -0.184431791 -0.003457049 -0.002363536 0.999991238 4.727411270
0.999993801 -0.000127784 0.003510837 0.021409696 0.000118626 0.999996543 0.002608709 -0.191721112 -0.003511158 -0.002608276 0.999990523 4.983598709
0.999994099 -0.000510147 0.003386646 0.016293475 0.000501350 0.999996543 0.002597996 -0.198805645 -0.003387959 -0.002596283 0.999990940 5.253936291
0.999993443 -0.000267239 0.003618117 0.011911140 0.000257121 0.999996066 0.002796768 -0.223128781 -0.003618850 -0.002795819 0.999989569 5.486602306
0.999993622 0.000135465 0.003579796 0.016312500 -0.000144437 0.999996901 0.002505958 -0.226082221 -0.003579445 -0.002506459 0.999990463 5.765346050
0.999992490 0.000175212 0.003882640 0.026670519 -0.000186207 0.999996006 0.002831606 -0.239237607 -0.003882128 -0.002832307 0.999988437 6.029474735
0.999990344 0.000964336 0.004286186 0.020434648 -0.000976354 0.999995589 0.002802674 -0.247334823 -0.004283464 -0.002806832 0.999986887 6.321179867
0.999991298 0.000547909 0.004142666 0.023947684 -0.000558709 0.999996424 0.002606349 -0.259045392 -0.004141223 -0.002608642 0.999988019 6.555409908
0.999992013 0.000280774 0.003983399 0.037920717 -0.000291248 0.999996543 0.002629062 -0.264987290 -0.003982647 -0.002630201 0.999988616 6.856305599
0.999991477 0.000304638 0.004109126 0.045473516 -0.000315750 0.999996245 0.002703787 -0.275827020 -0.004108287 -0.002705061 0.999987900 7.145637512
0.999992728 0.000262546 0.003820490 0.061792668 -0.000273716 0.999995649 0.002923575 -0.293734044 -0.003819706 -0.002924599 0.999988437 7.443396568
0.999993443 0.000266503 0.003651923 0.060921524 -0.000278243 0.999994814 0.003214506 -0.303236514 -0.003651048 -0.003215501 0.999988139 7.748763084
0.999993265 0.000279717 0.003669654 0.067242973 -0.000292292 0.999994159 0.003426522 -0.309992701 -0.003668673 -0.003427572 0.999987364 8.069242477
0.999993443 0.000045475 0.003634759 0.082681552 -0.000056351 0.999995470 0.002992112 -0.313839346 -0.003634606 -0.002992297 0.999988914 8.391713142
0.999992728 -0.000208370 0.003816493 0.081483461 0.000196132 0.999994814 0.003206648 -0.326791942 -0.003817142 -0.003205875 0.999987483 8.733653069
0.999992847 -0.000183040 0.003779880 0.084643349 0.000171940 0.999995649 0.002936563 -0.334214121 -0.003780402 -0.002935892 0.999988556 9.031287193
0.999993682 -0.000770859 0.003471163 0.097877003 0.000760753 0.999995351 0.002911853 -0.341860116 -0.003473392 -0.002909194 0.999989808 9.377267838
0.999992788 -0.000369080 0.003786074 0.098668203 0.000356817 0.999994695 0.003239204 -0.345721960 -0.003787250 -0.003237830 0.999987602 9.729066849
0.999992311 -0.000163888 0.003914321 0.106472790 0.000150957 0.999994516 0.003303697 -0.361656547 -0.003914841 -0.003303081 0.999986887 10.085576057
0.999993742 -0.001001466 0.003407252 0.125646263 0.000988900 0.999992728 0.003687625 -0.370497704 -0.003410921 -0.003684232 0.999987423 10.459447861
0.999992251 -0.000383019 0.003916660 0.118322670 0.000369913 0.999994338 0.003346225 -0.389393389 -0.003917919 -0.003344750 0.999986708 10.746047020
0.999992192 0.000429258 0.003939467 0.122456729 -0.000443009 0.999993801 0.003490531 -0.402261555 -0.003937943 -0.003492249 0.999986112 11.129570007
0.999992192 -0.000610436 0.003895717 0.143188655 0.000596432 0.999993324 0.003594869 -0.408468962 -0.003897885 -0.003592517 0.999985933 11.502053261
0.999991775 -0.000279760 0.004052016 0.143981814 0.000264494 0.999992907 0.003767562 -0.419431359 -0.004053041 -0.003766459 0.999984682 11.882603645
0.999989808 0.000084949 0.004511763 0.146187738 -0.000102386 0.999992549 0.003864760 -0.435860962 -0.004511400 -0.003865183 0.999982357 12.246767044
0.999990463 -0.001533262 0.004087196 0.152730569 0.001516169 0.999990046 0.004181901 -0.457868844 -0.004093568 -0.004175663 0.999982893 12.578004837
0.999991655 -0.001978456 0.003573997 0.171760693 0.001963920 0.999989808 0.004066014 -0.472765148 -0.003582005 -0.004058961 0.999985337 12.964247704
0.999990880 -0.000957237 0.004149903 0.181645036 0.000941164 0.999992073 0.003873399 -0.472074509 -0.004153578 -0.003869459 0.999983847 13.386115074
0.999988675 -0.000165187 0.004737344 0.172491670 0.000143741 0.999989748 0.004526926 -0.483330101 -0.004738043 -0.004526194 0.999978542 13.790204048
0.999988735 -0.001933094 0.004359521 0.193021894 0.001912841 0.999987364 0.004645347 -0.520712197 -0.004368446 -0.004636955 0.999979734 14.130546570
0.999988735 -0.001819144 0.004382080 0.209410787 0.001796794 0.999985397 0.005098999 -0.530975699 -0.004391292 -0.005091069 0.999977469 14.555724144
0.999986649 -0.001970542 0.004788186 0.221569389 0.001946240 0.999985218 0.005074808 -0.545450568 -0.004798116 -0.005065421 0.999975681 14.967565536
0.999985278 -0.001338962 0.005256336 0.236712679 0.001311812 0.999985754 0.005165176 -0.554055393 -0.005263177 -0.005158205 0.999972880 15.428417206
0.999983490 -0.000629474 0.005709532 0.234932154 0.000602501 0.999988616 0.004724838 -0.557345986 -0.005712441 -0.004721320 0.999972582 15.877217293
0.999983430 -0.001963296 0.005407228 0.245946676 0.001935230 0.999984622 0.005190744 -0.590033293 -0.005417336 -0.005180194 0.999971926 16.218549728
0.999982953 -0.001847110 0.005542787 0.262573600 0.001817680 0.999984264 0.005310054 -0.603229463 -0.005552508 -0.005299889 0.999970555 16.684146881
0.999982834 -0.001518636 0.005648073 0.272465497 0.001491204 0.999987066 0.004857865 -0.605438411 -0.005655376 -0.004849358 0.999972224 17.153671265
0.999980986 -0.001971619 0.005836358 0.289685309 0.001938726 0.999982297 0.005636242 -0.628137112 -0.005847367 -0.005624820 0.999967098 17.602014542
0.999976575 -0.001740552 0.006608929 0.304912329 0.001702795 0.999982238 0.005714383 -0.631078720 -0.006618757 -0.005702995 0.999961793 18.095476151
0.999978900 -0.002207507 0.006101903 0.333355278 0.002172495 0.999981225 0.005738545 -0.646709800 -0.006114455 -0.005725168 0.999964893 18.551765442
0.999979615 -0.001329709 0.006245126 0.353605509 0.001296270 0.999984920 0.005355427 -0.656311214 -0.006252153 -0.005347223 0.999966145 19.030160904
0.999978542 -0.001858786 0.006283067 0.331124038 0.001823098 0.999982178 0.005681003 -0.666612029 -0.006293515 -0.005669424 0.999964058 19.340513229
0.999979675 -0.001151169 0.006280103 0.335963696 0.001118150 0.999985516 0.005258810 -0.675122797 -0.006286066 -0.005251681 0.999966502 19.839666367
0.999979854 -0.001748841 0.006090478 0.348818302 0.001718937 0.999986410 0.004911643 -0.687678039 -0.006098984 -0.004901076 0.999969423 20.345195770
0.999983013 -0.002050889 0.005445483 0.369051367 0.002024073 0.999985814 0.004925430 -0.707554042 -0.005455506 -0.004914325 0.999972999 20.862339020
0.999984741 -0.001605617 0.005286890 0.335699320 0.001574782 0.999981701 0.005831488 -0.731732905 -0.005296158 -0.005823073 0.999969006 21.246049881
0.999985039 -0.002019955 0.005099958 0.347166657 0.001989313 0.999979913 0.006006261 -0.742843628 -0.005111988 -0.005996025 0.999968946 21.782867432
0.999987960 -0.001413859 0.004691884 0.343762040 0.001386356 0.999981821 0.005859918 -0.754905760 -0.004700085 -0.005853342 0.999971807 22.316547394
0.999990225 -0.000580243 0.004385780 0.343153924 0.000556168 0.999984801 0.005488379 -0.768662393 -0.004388898 -0.005485886 0.999975264 22.846765518
0.999986351 -0.004156240 0.003159031 0.349853069 0.004137524 0.999974012 0.005908128 -0.798750401 -0.003183504 -0.005894976 0.999977529 23.216180801
0.999986470 -0.004921707 0.001685146 0.366175294 0.004910966 0.999967992 0.006319575 -0.809004664 -0.001716194 -0.006311213 0.999978542 23.747972488
0.999991238 -0.003702304 0.001953274 0.384846956 0.003689225 0.999971032 0.006658004 -0.815760493 -0.001977867 -0.006650739 0.999975979 24.294130325
0.999994874 -0.002491260 0.002026878 0.352653891 0.002478111 0.999976099 0.006464391 -0.832694352 -0.002042935 -0.006459335 0.999977052 24.789594650
0.999994516 -0.003161963 0.000956313 0.360671014 0.003155801 0.999974668 0.006376608 -0.852330446 -0.000976451 -0.006373554 0.999979138 25.213695526
0.999996305 -0.002616761 0.000766628 0.371185839 0.002611725 0.999975383 0.006499135 -0.858753681 -0.000783616 -0.006497108 0.999978542 25.754831314
0.999998271 -0.001609666 0.000863137 0.390621781 0.001603866 0.999976397 0.006678008 -0.884790421 -0.000873866 -0.006676612 0.999977291 26.285406113
0.999998093 -0.001940748 0.000212864 0.413424641 0.001939301 0.999976337 0.006602213 -0.898700237 -0.000225672 -0.006601788 0.999978185 26.839807510
0.999997199 -0.002258991 -0.000615674 0.433468640 0.002262885 0.999976933 0.006399150 -0.897573113 0.000601204 -0.006400526 0.999979317 27.362539291
0.999993384 -0.003522866 -0.000809456 0.417208374 0.003528553 0.999968290 0.007134272 -0.912256479 0.000784298 -0.007137082 0.999974251 27.703809738
0.999993622 -0.003356038 -0.001225562 0.432768196 0.003364606 0.999969423 0.007057291 -0.926412165 0.001201840 -0.007061370 0.999974430 28.248968124
0.999992430 -0.003451499 -0.001748421 0.445972115 0.003463623 0.999969602 0.006979124 -0.932372451 0.001724280 -0.006985127 0.999974191 28.795965195
0.999993265 -0.002968021 -0.002153738 0.489349365 0.002983335 0.999970078 0.007142315 -0.961372375 0.002132475 -0.007148692 0.999972224 29.314517975
0.999995887 -0.001899475 -0.002141306 0.484526992 0.001916791 0.999965250 0.008113524 -1.003401399 0.002125820 -0.008117596 0.999964893 29.889656067
0.999998093 -0.000906056 -0.001678091 0.479924649 0.000918543 0.999971747 0.007455050 -1.002096534 0.001671288 -0.007456579 0.999970794 30.134319305
0.999998152 -0.000569202 -0.001804905 0.491189212 0.000581489 0.999976635 0.006814375 -1.008848786 0.001800985 -0.006815412 0.999975204 30.681814194
0.999998093 -0.000391446 -0.001886242 0.496531695 0.000404380 0.999976397 0.006861584 -1.017832160 0.001883512 -0.006862334 0.999974668 31.203197479
0.999998808 0.000180477 -0.001560119 0.480825841 -0.000169349 0.999974668 0.007129389 -1.038716316 0.001561366 -0.007129115 0.999973357 31.687406540
0.999997318 -0.001131943 -0.002035692 0.499349713 0.001147744 0.999969184 0.007777666 -1.070345879 0.002026825 -0.007779981 0.999967754 32.245449066
0.999997795 0.000388892 -0.002086375 0.517379522 -0.000374062 0.999974728 0.007103725 -1.050879121 0.002089084 -0.007102929 0.999972522 32.825916290
0.999994338 -0.001639486 -0.002940392 0.503104508 0.001661956 0.999969244 0.007655947 -1.062431335 0.002927749 -0.007660790 0.999966323 33.228771210
0.999991477 -0.002244845 -0.003460759 0.521471143 0.002271586 0.999967456 0.007742241 -1.070676923 0.003443266 -0.007750037 0.999963999 33.769104004
0.999994040 -0.001177390 -0.003245550 0.519107759 0.001200383 0.999974072 0.007091810 -1.084971189 0.003237115 -0.007095663 0.999969602 34.315513611
0.999993026 -0.000982382 -0.003610703 0.542146444 0.001007047 0.999976099 0.006835293 -1.097739577 0.003603901 -0.006838882 0.999970078 34.909626007
0.999995649 -0.000107788 -0.002951270 0.534578502 0.000126271 0.999980390 0.006263445 -1.082894802 0.002950536 -0.006263791 0.999975979 35.367736816
0.999996006 -0.000084455 -0.002830462 0.537432194 0.000101089 0.999982715 0.005877141 -1.094234586 0.002829916 -0.005877404 0.999978721 35.969100952
0.999992609 -0.000372754 -0.003830756 0.558167338 0.000397472 0.999979079 0.006453763 -1.117943525 0.003828268 -0.006455238 0.999971807 36.536216736
0.999990463 -0.001528490 -0.004102722 0.554577649 0.001552243 0.999981999 0.005792448 -1.106080532 0.004093794 -0.005798762 0.999974787 37.073265076
0.999992490 -0.000074528 -0.003873160 0.580244005 0.000098769 0.999980390 0.006258659 -1.157496929 0.003872617 -0.006258995 0.999972880 37.606582642
0.999990761 -0.000571853 -0.004249939 0.579268992 0.000600488 0.999977112 0.006739477 -1.139207363 0.004245987 -0.006741968 0.999968231 37.969017029
0.999987423 -0.002160150 -0.004526150 0.559863508 0.002199381 0.999959826 0.008680519 -1.201518059 0.004507218 -0.008690365 0.999952018 38.399349213
0.999985337 -0.002818447 -0.004613912 0.570149183 0.002861338 0.999952435 0.009315852 -1.225682259 0.004587437 -0.009328918 0.999945939 38.954402924
0.999987423 -0.001245084 -0.004868236 0.580101669 0.001283274 0.999968410 0.007849433 -1.207945228 0.004858309 -0.007855582 0.999957323 39.525032043
0.999990225 -0.001205662 -0.004259788 0.583372235 0.001238967 0.999968588 0.007824481 -1.224830985 0.004250220 -0.007829681 0.999960363 40.070446014
0.999984860 -0.001812190 -0.005212265 0.605732441 0.001853602 0.999966681 0.007951338 -1.236774087 0.005197682 -0.007960879 0.999954820 40.649375916
0.999985456 -0.001676058 -0.005124324 0.610535026 0.001715888 0.999968231 0.007778245 -1.248494387 0.005111125 -0.007786924 0.999956667 41.214633942
0.999987602 -0.001833598 -0.004627162 0.586229920 0.001870209 0.999966800 0.007920154 -1.257489443 0.004612487 -0.007928709 0.999957860 41.483314514
0.999989092 -0.001761005 -0.004332260 0.587283134 0.001793901 0.999969423 0.007601008 -1.265629649 0.004318742 -0.007608696 0.999961674 42.024429321
0.999988735 -0.001655794 -0.004440201 0.610378385 0.001683396 0.999979317 0.006219921 -1.254041672 0.004429810 -0.006227324 0.999970794 42.598392487
0.999989152 -0.001711008 -0.004337346 0.599437773 0.001744045 0.999969423 0.007624500 -1.285727978 0.004324168 -0.007631982 0.999961495 43.023632050
0.999988258 -0.001833528 -0.004493146 0.604570866 0.001868623 0.999967635 0.007819086 -1.300163865 0.004478665 -0.007827390 0.999959350 43.545799255
0.999989092 -0.001230114 -0.004507771 0.624755323 0.001261870 0.999974370 0.007048765 -1.304870963 0.004498984 -0.007054376 0.999965012 44.115242004
0.999992192 0.000476342 -0.003925040 0.649283171 -0.000451109 0.999979198 0.006427082 -1.293998718 0.003928020 -0.006425262 0.999971628 44.642086029
0.999989450 -0.001139776 -0.004444620 0.649697185 0.001173285 0.999970794 0.007543626 -1.327787757 0.004435893 -0.007548761 0.999961615 45.016811371
0.999990225 -0.000715582 -0.004363533 0.655819774 0.000747159 0.999973536 0.007239033 -1.335344553 0.004358237 -0.007242223 0.999964297 45.564441681
0.999988496 -0.000958568 -0.004696403 0.669596314 0.000992070 0.999974012 0.007136628 -1.350635052 0.004689440 -0.007141205 0.999963522 46.110404968
0.999985993 -0.001517088 -0.005054631 0.681109428 0.001551376 0.999975801 0.006786511 -1.363994956 0.005044212 -0.006794257 0.999964237 46.642024994
0.999988437 -0.001119146 -0.004668189 0.694177985 0.001152434 0.999973834 0.007134360 -1.362999916 0.004660083 -0.007139657 0.999963641 47.028778076
0.999985158 -0.001495966 -0.005248182 0.704083025 0.001533223 0.999973595 0.007102095 -1.371952653 0.005237419 -0.007110036 0.999961019 47.571365356
0.999991655 -0.000489483 -0.004066517 0.692791224 0.000517292 0.999976456 0.006840406 -1.378825307 0.004063073 -0.006842452 0.999968350 48.119956970
0.999990165 -0.000149010 -0.004427162 0.707424283 0.000176220 0.999981105 0.006146391 -1.387609720 0.004426161 -0.006147111 0.999971271 48.656532288
0.999989033 -0.000521246 -0.004645901 0.705491781 0.000556004 0.999971867 0.007483206 -1.404807687 0.004641870 -0.007485708 0.999961197 49.045665741
0.999989629 -0.000208641 -0.004543219 0.714596093 0.000242792 0.999971747 0.007517567 -1.419854879 0.004541523 -0.007518592 0.999961436 49.583515167
0.999990046 -0.000042240 -0.004469028 0.729738593 0.000074447 0.999974012 0.007206812 -1.424368978 0.004468607 -0.007207071 0.999963999 50.114128113
0.999989152 -0.000352465 -0.004650713 0.719827056 0.000383171 0.999978125 0.006603280 -1.437973857 0.004648283 -0.006604990 0.999967337 50.671615601
0.999990582 -0.000638396 -0.004290171 0.700765729 0.000672267 0.999968588 0.007898136 -1.462043285 0.004284993 -0.007900945 0.999959528 51.028610229
0.999991655 -0.000348198 -0.004067807 0.705634594 0.000379318 0.999970675 0.007652188 -1.468756676 0.004065023 -0.007653667 0.999962389 51.576580048
0.999991298 -0.000369170 -0.004149199 0.710185766 0.000397784 0.999976218 0.006897688 -1.477951527 0.004146553 -0.006899280 0.999967575 52.129570007
0.999990046 -0.000405140 -0.004428017 0.745078087 0.000432422 0.999980927 0.006162030 -1.462906361 0.004425435 -0.006163885 0.999971211 52.674655914
0.999989271 -0.000892802 -0.004538455 0.737140656 0.000924110 0.999975741 0.006901236 -1.479211807 0.004532183 -0.006905356 0.999965847 53.184532166
0.999992430 -0.000400671 -0.003873160 0.726618290 0.000429201 0.999972701 0.007367850 -1.511812687 0.003870102 -0.007369456 0.999965370 53.538852692
0.999991179 -0.000836163 -0.004125594 0.744404316 0.000868522 0.999968827 0.007847843 -1.527149916 0.004118904 -0.007851358 0.999960721 54.074085236
0.999988139 -0.000867404 -0.004777592 0.752253115 0.000902186 0.999973059 0.007282922 -1.535215259 0.004771146 -0.007287147 0.999962091 54.630256653
0.999991119 -0.000301229 -0.004216922 0.756858170 0.000329058 0.999978185 0.006600179 -1.536322832 0.004214842 -0.006601507 0.999969363 55.217426300
0.999990642 -0.000581861 -0.004286732 0.777251005 0.000613127 0.999973178 0.007295776 -1.546697259 0.004282372 -0.007298336 0.999964118 55.494239807
0.999991953 -0.000125811 -0.003998125 0.785627604 0.000153664 0.999975741 0.006967148 -1.561279416 0.003997150 -0.006967707 0.999967694 56.036762238
0.999991000 -0.000704462 -0.004186063 0.812946200 0.000732260 0.999977708 0.006642846 -1.571225286 0.004181290 -0.006645851 0.999969184 56.598064423
0.999991536 -0.000291547 -0.004102190 0.791587174 0.000321829 0.999972701 0.007383300 -1.577892303 0.004099926 -0.007384559 0.999964356 56.972698212
0.999992073 -0.000048106 -0.003966967 0.805472970 0.000075705 0.999975801 0.006957239 -1.593325734 0.003966535 -0.006957485 0.999967992 57.523712158
0.999990225 0.000511077 -0.004371932 0.862285733 -0.000477747 0.999970853 0.007621136 -1.630395055 0.004375700 -0.007618973 0.999961436 57.986137390
0.999991059 0.000321138 -0.004201869 0.861735880 -0.000290957 0.999974072 0.007181268 -1.606039643 0.004204067 -0.007179981 0.999965370 58.459342957
0.999990225 -0.000206697 -0.004410280 0.871277332 0.000239567 0.999972165 0.007453796 -1.621682286 0.004408616 -0.007454780 0.999962449 58.873325348
0.999992311 0.000290706 -0.003905072 0.875030041 -0.000262633 0.999974132 0.007187275 -1.635492563 0.003907062 -0.007186194 0.999966562 59.385074615
0.999990404 -0.000085850 -0.004355432 0.879691064 0.000116410 0.999975383 0.007016850 -1.647006392 0.004354722 -0.007017292 0.999965966 59.934814453
0.999991357 0.000144888 -0.004134912 0.871764779 -0.000114186 0.999972403 0.007424269 -1.666195631 0.004135873 -0.007423733 0.999963880 60.372760773
0.999988973 -0.000234198 -0.004684421 0.889346361 0.000268038 0.999973834 0.007224662 -1.678648114 0.004682607 -0.007225838 0.999962926 60.910591125
0.999991715 0.000014525 -0.004068424 0.881124198 0.000014514 0.999974549 0.007137617 -1.691336870 0.004068424 -0.007137618 0.999966204 61.455287933
0.999990106 -0.000471563 -0.004419709 0.894770563 0.000504131 0.999972701 0.007370600 -1.692566633 0.004416115 -0.007372755 0.999963045 61.849720001
0.999991179 -0.000473228 -0.004173560 0.910643458 0.000503797 0.999972999 0.007326520 -1.707883120 0.004169981 -0.007328558 0.999964476 62.385848999
0.999991477 -0.000171796 -0.004105476 0.905489564 0.000200187 0.999976099 0.006915861 -1.718722701 0.004104191 -0.006916624 0.999967694 62.921947479
0.999991596 0.000107879 -0.004099681 0.924710512 -0.000080531 0.999977767 0.006670310 -1.725353360 0.004100308 -0.006669923 0.999969244 63.407699585
0.999992311 0.000095105 -0.003918138 0.898787379 -0.000065112 0.999970615 0.007654288 -1.752877712 0.003918752 -0.007653975 0.999963045 63.820873260
0.999991357 -0.000344636 -0.004139919 0.910339355 0.000373952 0.999974728 0.007082496 -1.754391074 0.004137375 -0.007083983 0.999966383 64.363487244
0.999992251 0.000296815 -0.003931091 0.918823719 -0.000267487 0.999972105 0.007458954 -1.770871162 0.003933195 -0.007457845 0.999964476 64.913406372
0.999992132 0.000422965 -0.003930965 0.937821865 -0.000396861 0.999977887 0.006639264 -1.765640497 0.003933687 -0.006637651 0.999970317 65.437919617
0.999992311 0.000051978 -0.003925500 0.933361292 -0.000023930 0.999974489 0.007144507 -1.787601233 0.003925773 -0.007144358 0.999966800 65.784240723
0.999991000 0.000431275 -0.004232236 0.937385559 -0.000403648 0.999978662 0.006526391 -1.791007996 0.004234961 -0.006524624 0.999969780 66.335983276
0.999992669 0.001668398 -0.003438593 0.982802451 -0.001644379 0.999974310 0.006976362 -1.828159809 0.003450145 -0.006970658 0.999969780 66.817649841
0.999992132 0.001000697 -0.003821544 0.979451776 -0.000976320 0.999979317 0.006375471 -1.828579426 0.003827845 -0.006371690 0.999972403 67.389823914
0.999990642 -0.000230488 -0.004326940 0.977183461 0.000260275 0.999976277 0.006885034 -1.839793205 0.004325251 -0.006886096 0.999967039 67.952690125
0.999990523 0.000679409 -0.004301048 1.023509979 -0.000647167 0.999971628 0.007493087 -1.868422270 0.004306019 -0.007490233 0.999962687 68.173278809
0.999989629 0.000395229 -0.004533441 1.030919790 -0.000363110 0.999974787 0.007083561 -1.872934580 0.004536127 -0.007081843 0.999964654 68.734718323
0.999989092 0.000010981 -0.004676774 1.047545195 0.000022675 0.999974012 0.007196228 -1.889394760 0.004676733 -0.007196255 0.999963164 69.283721924
0.999991059 0.000159601 -0.004211896 1.060900688 -0.000128853 0.999973297 0.007299344 -1.909340143 0.004212948 -0.007298736 0.999964535 69.843429565
0.999991775 0.002082315 -0.003464998 1.052264452 -0.002057423 0.999972165 0.007171612 -1.915548205 0.003479835 -0.007164424 0.999968231 70.177352905
0.999990523 0.000947800 -0.004238755 1.075731516 -0.000917780 0.999974489 0.007078586 -1.930948377 0.004245355 -0.007074629 0.999965906 70.725738525
0.999990463 0.001504749 -0.004095574 1.125516176 -0.001473668 0.999970198 0.007581385 -1.959820032 0.004106861 -0.007575277 0.999962866 71.146194458
0.999991894 0.001235482 -0.003816898 1.077920675 -0.001207471 0.999972343 0.007332493 -1.950603247 0.003825852 -0.007327824 0.999965847 71.667839050
0.999990880 0.001424196 -0.004012841 1.091453791 -0.001394117 0.999970973 0.007488772 -1.966200352 0.004023391 -0.007483111 0.999963880 72.205635071
0.999990463 0.001663754 -0.004017680 1.094349384 -0.001631633 0.999966800 0.007984878 -1.983027935 0.004030832 -0.007978247 0.999960065 72.690444946
0.999990404 0.001661028 -0.004032830 1.131956577 -0.001630596 0.999970198 0.007537686 -1.989746928 0.004045229 -0.007531038 0.999963462 73.188308716
0.999990821 0.000955688 -0.004170077 1.113993406 -0.000923681 0.999970138 0.007670484 -1.981287479 0.004177283 -0.007666563 0.999961853 73.634017944
0.999991238 0.000630901 -0.004133402 1.125191212 -0.000596836 0.999965847 0.008237323 -1.997423887 0.004138458 -0.008234783 0.999957561 74.175689697
0.999990106 0.000573670 -0.004412101 1.161873460 -0.000541802 0.999973774 0.007220544 -2.004712105 0.004416127 -0.007218083 0.999964178 74.751510620
0.999995589 0.001113102 -0.002735567 1.141375184 -0.001092600 0.999971330 0.007484496 -2.018537521 0.002743821 -0.007481475 0.999968231 75.163627625
0.999998689 0.000553582 -0.001503717 1.147624493 -0.000542242 0.999971390 0.007530683 -2.034999609 0.001507842 -0.007529858 0.999970555 75.721542358
0.999998808 0.001521430 0.000174259 1.148722649 -0.001522676 0.999971569 0.007392674 -2.069542408 -0.000163006 -0.007392931 0.999972641 76.266799927
0.999998689 0.001100628 0.001176763 1.144113898 -0.001109162 0.999972939 0.007274953 -2.034603834 -0.001168724 -0.007276249 0.999972761 76.728759766
0.999990761 0.001116105 0.004140960 1.161700010 -0.001144607 0.999975681 0.006886972 -2.048301935 -0.004133173 -0.006891648 0.999967694 77.275299072
0.999960721 0.002573437 0.008480773 1.160966873 -0.002640387 0.999965370 0.007892619 -2.083414793 -0.008460168 -0.007914701 0.999932826 77.817939758
0.999932706 0.001487493 0.011507773 1.132842302 -0.001582066 0.999965012 0.008213401 -2.069149494 -0.011495152 -0.008231052 0.999900043 78.324584961
0.999876380 0.001624783 0.015638020 1.168441534 -0.001748670 0.999967158 0.007911732 -2.080476761 -0.015624652 -0.007938099 0.999846339 78.863578796
0.999758065 0.003178136 0.021766212 1.200747728 -0.003347594 0.999964297 0.007753399 -2.086634636 -0.021740796 -0.007824387 0.999732971 79.395111084
0.999617994 0.002126834 0.027555648 1.238587499 -0.002336952 0.999968350 0.007595270 -2.080410957 -0.027538624 -0.007656765 0.999591410 79.887916565
0.999416411 0.002812209 0.034043618 1.214929223 -0.003068776 0.999967217 0.007486499 -2.089411259 -0.034021448 -0.007586602 0.999392331 80.344451904
0.999104381 0.002481295 0.042240679 1.274724722 -0.002799690 0.999968112 0.007480150 -2.099318981 -0.042220771 -0.007591712 0.999079406 80.907638550
0.998698652 0.002374298 0.050942697 1.316925049 -0.002762475 0.999967635 0.007550817 -2.114357948 -0.050923124 -0.007681722 0.998672962 81.436279297
0.998283565 0.003146801 0.058480080 1.363291502 -0.003592622 0.999965310 0.007519901 -2.126862288 -0.058454383 -0.007717091 0.998260260 81.993881226
0.997784913 0.002343774 0.066481978 1.443808079 -0.002833385 0.999969542 0.007271228 -2.139901638 -0.066462904 -0.007443490 0.997761190 82.507255554
0.997020006 0.003255931 0.077074528 1.428613663 -0.003887112 0.999960124 0.008040632 -2.219573021 -0.077045277 -0.008316268 0.996992886 83.023376465
0.996290505 0.002874044 0.086005405 1.493785381 -0.003576227 0.999961555 0.008011440 -2.227596760 -0.085979067 -0.008289295 0.996262491 83.581764221
0.995483696 0.004335135 0.094834231 1.554927826 -0.005086573 0.999957561 0.007683400 -2.246993065 -0.094796896 -0.008131078 0.995463371 84.160346985
0.994515479 0.003606927 0.104526669 1.658531666 -0.004474924 0.999957383 0.008070746 -2.264226913 -0.104493119 -0.008494230 0.994489312 84.608779907
0.993398786 0.002415449 0.114686459 1.702743530 -0.003449101 0.999955297 0.008815252 -2.291915417 -0.114660025 -0.009152626 0.993362546 85.030654907
0.992238224 0.002596094 0.124323964 1.785640717 -0.003768457 0.999950588 0.009195665 -2.313733101 -0.124293953 -0.009592799 0.992199004 85.574989319
0.990812123 0.002623780 0.135220155 1.883714676 -0.003786484 0.999958098 0.008342125 -2.307816029 -0.135192573 -0.008777486 0.990780473 86.109428406
0.989010811 0.002724040 0.147818238 1.916337013 -0.003910830 0.999962330 0.007738669 -2.268903255 -0.147791624 -0.008231718 0.988984287 86.813774109
0.987273037 0.002857334 0.159008846 2.027530670 -0.004046645 0.999966204 0.007156243 -2.281442642 -0.158983007 -0.007708618 0.987251282 87.363937378
0.985654593 0.002780209 0.168752044 2.141145706 -0.004102038 0.999963522 0.007484858 -2.291308880 -0.168725103 -0.008069712 0.985630155 87.918807983
0.983468235 0.001439181 0.181074321 2.223069191 -0.002789696 0.999970257 0.007203895 -2.282516479 -0.181058601 -0.007589946 0.983443022 88.419692993
0.981053889 0.001905976 0.193725765 2.345623970 -0.003432624 0.999965608 0.007545089 -2.300676346 -0.193704724 -0.008067125 0.981026709 88.941696167
0.978848636 0.002089515 0.204575107 2.476181984 -0.003620977 0.999968112 0.007112010 -2.306466579 -0.204553723 -0.007702342 0.978825033 89.494567871
0.976011634 0.003062726 0.217696875 2.573284149 -0.004810414 0.999960244 0.007498567 -2.298820972 -0.217665240 -0.008365899 0.975987613 89.968803406
0.972857952 0.002488692 0.231389999 2.718034744 -0.004316902 0.999963284 0.007395011 -2.306167126 -0.231363103 -0.008193182 0.972832978 90.493843079
0.969924271 0.003076107 0.243387446 2.878366470 -0.004969340 0.999961972 0.007165090 -2.316328764 -0.243356138 -0.008159069 0.969902694 91.025253296
0.966750503 0.002690294 0.255707294 2.998649597 -0.004796093 0.999959528 0.007611988 -2.316704035 -0.255676478 -0.008585289 0.966724277 91.499832153
0.963087738 0.002073216 0.269179493 3.176822662 -0.004286321 0.999961734 0.007634193 -2.331907272 -0.269153327 -0.008506187 0.963059783 92.010169983
0.959231973 0.002890873 0.282605112 3.358549118 -0.005053363 0.999963224 0.006923370 -2.335555792 -0.282574773 -0.008069223 0.959211409 92.553733826
0.956144750 0.000437734 0.292894155 3.472379684 -0.002823911 0.999966204 0.007724113 -2.349216938 -0.292880863 -0.008212477 0.956113696 93.073394775
0.951441884 0.002002111 0.307821870 3.653253555 -0.004579799 0.999960303 0.007651763 -2.359161854 -0.307794273 -0.008689969 0.951413274 93.615348816
0.946874022 0.001359996 0.321601659 3.850654602 -0.004009035 0.999963284 0.007574913 -2.373327017 -0.321579516 -0.008461801 0.946844697 94.123580933
0.943020999 0.000397703 0.332732916 4.049631119 -0.002960102 0.999969780 0.007194201 -2.379614830 -0.332719982 -0.007769206 0.942993701 94.645751953
0.938325107 0.001744656 0.345749646 4.233785629 -0.004388563 0.999966800 0.006864218 -2.395573139 -0.345726192 -0.007958212 0.938301742 95.137283325
0.933480263 -0.000039921 0.358628750 4.532903671 -0.002749419 0.999969780 0.007267814 -2.380504847 -0.358618200 -0.007770381 0.933452010 95.693481445
0.928536534 -0.000020450 0.371240914 4.758237839 -0.002913140 0.999968767 0.007341342 -2.388882160 -0.371229440 -0.007898183 0.928507507 96.208045959
0.923810482 -0.000508872 0.382849842 4.985486984 -0.002355235 0.999972641 0.007012276 -2.412018776 -0.382842869 -0.007379716 0.923784018 96.712768555
0.918082774 -0.000773002 0.396388084 5.218072891 -0.002557379 0.999965668 0.007873248 -2.430783033 -0.396380603 -0.008242007 0.918049395 97.146934509
0.912495792 -0.002101390 0.409080625 5.460588455 -0.001141716 0.999969840 0.007683419 -2.454548359 -0.409084439 -0.007478142 0.912465930 97.600357056
0.907337546 -0.002153590 0.420397460 5.678195953 -0.001262984 0.999968350 0.007848466 -2.444812775 -0.420401096 -0.007652162 0.907306135 98.071594238
0.900960267 0.000917912 0.433900654 5.858135223 -0.004192699 0.999969423 0.006590379 -2.371863127 -0.433881342 -0.007756886 0.900936604 98.664672852
0.894073009 0.001343952 0.447919309 6.124931335 -0.004651611 0.999969482 0.006284546 -2.385119438 -0.447897106 -0.007702391 0.894051909 99.157417297
0.888279676 -0.000221839 0.459302813 6.399486542 -0.002937390 0.999976695 0.006163819 -2.402283669 -0.459293425 -0.006824345 0.888258338 99.626693726
0.882396460 0.000251223 0.470506519 6.678752899 -0.003560345 0.999974787 0.006143208 -2.384943008 -0.470493108 -0.007095911 0.882375062 100.149818420
0.874785066 0.001574804 0.484508455 6.959461212 -0.005012624 0.999970675 0.005800128 -2.399954796 -0.484485060 -0.007502524 0.874767303 100.627471924
0.867766023 -0.000809277 0.496972293 7.268840790 -0.002650707 0.999976933 0.006256791 -2.412729025 -0.496965885 -0.006746758 0.867743850 101.110160828
0.861786902 -0.001081245 0.507269204 7.565437317 -0.002275897 0.999979436 0.005997921 -2.419855595 -0.507265270 -0.006323422 0.861766756 101.583663940
