1.000000000 0.000000000 0.000000000 0.000000000 0.000000000 1.000000000 0.000000000 0.000000000 0.000000000 0.000000000 1.000000000 0.000000000
1.000000000 0.000022688 -0.000021277 0.000444024 -0.000022689 1.000000000 -0.000038032 0.000772561 0.000021276 0.000038033 1.000000000 0.000389112
1.000000000 0.000027604 0.000033132 -0.000056429 -0.000027606 1.000000000 0.000036469 0.000067035 -0.000033131 -0.000036470 1.000000000 0.000086181
1.000000000 -0.000132535 0.000062210 -0.000082541 0.000132536 1.000000000 -0.000023578 0.000768941 -0.000062207 0.000023587 1.000000000 0.000177340
1.000000000 -0.000116628 0.000041948 -0.000151643 0.000116627 1.000000000 0.000022160 -0.000090608 -0.000041950 -0.000022155 1.000000000 -0.000557112
1.000000000 0.000034555 0.000116232 -0.000464101 -0.000034552 1.000000000 -0.000025598 0.000819449 -0.000116233 0.000025593 1.000000000 0.000058111
1.000000000 -0.000095715 0.000070635 0.000162086 0.000095715 1.000000000 -0.000001159 0.000480910 -0.000070635 0.000001166 1.000000000 0.000257065
1.000000000 0.000009946 0.000063872 -0.000521597 -0.000009951 1.000000000 0.000087628 -0.000092757 -0.000063871 -0.000087629 1.000000000 -0.000115944
1.000000000 -0.000034899 -0.000001710 -0.000721846 0.000034899 1.000000000 -0.000083453 -0.000085985 0.000001713 0.000083453 1.000000000 -0.001090761
1.000000000 -0.000046214 0.000080987 -0.000088755 0.000046211 1.000000000 0.000040928 -0.000724893 -0.000080989 -0.000040925 1.000000000 -0.000410950
1.000000000 0.000072026 0.000053060 -0.000834152 -0.000072029 1.000000000 0.000056692 -0.000900464 -0.000053056 -0.000056696 1.000000000 -0.000636299
1.000000000 -0.000043503 0.000066373 -0.000961464 0.000043501 1.000000000 0.000035879 -0.000404242 -0.000066374 -0.000035876 1.000000000 -0.000958124
1.000000000 0.000053344 0.000033240 -0.000811610 -0.000053342 1.000000000 -0.000075467 -0.000338950 -0.000033245 0.000075465 1.000000000 -0.001540254
1.000000000 0.000042949 0.000069554 -0.000992760 -0.000042947 1.000000000 -0.000028479 0.000497354 -0.000069555 0.000028476 1.000000000 0.000294774
1.000000000 0.000034214 0.000050784 -0.001011024 -0.000034208 1.000000000 -0.000121727 0.001336526 -0.000050788 0.000121726 1.000000000 0.000960414
1.000000000 0.000001812 -0.000034058 0.000324733 -0.000001815 1.000000000 -0.000082400 0.001313008 0.000034058 0.000082400 1.000000000 0.001323548
1.000000000 0.000101925 0.000110053 -0.001039852 -0.000101908 1.000000000 -0.000158016 0.002313595 -0.000110069 0.000158005 1.000000000 0.002540887
1.000000000 0.000169339 0.000089383 -0.001389063 -0.000169324 1.000000000 -0.000166276 0.001922680 -0.000089412 0.000166260 1.000000000 0.001652563
1.000000000 0.000164323 0.000150781 -0.001495013 -0.000164308 1.000000000 -0.000097559 0.001989268 -0.000150797 0.000097534 1.000000000 0.002364789
1.000000000 0.000091332 0.000150080 -0.001393397 -0.000091318 1.000000000 -0.000092132 0.000982137 -0.000150088 0.000092118 1.000000000 0.001281549
1.000000000 0.000029682 0.000072195 -0.001039573 -0.000029681 1.000000000 -0.000025726 0.000308902 -0.000072195 0.000025724 1.000000000 0.000700759
1.000000000 0.000139905 0.000052674 -0.000772959 -0.000139904 1.000000000 -0.000016233 0.001259220 -0.000052676 0.000016226 1.000000000 0.000841952
1.000000000 0.000077663 0.000002890 -0.000521379 -0.000077663 1.000000000 -0.000073468 0.001318994 -0.000002896 0.000073468 1.000000000 0.002188327
1.000000000 0.000097382 0.000079190 -0.001195031 -0.000097377 1.000000000 -0.000062889 0.001646749 -0.000079196 0.000062881 1.000000000 0.002455316
0.999999940 0.000328300 0.000034911 -0.001073066 -0.000328298 0.999999940 -0.000060837 0.002327172 -0.000034931 0.000060825 1.000000000 0.003689162
0.999999940 0.000238259 0.000106142 -0.001519069 -0.000238252 0.999999940 -0.000065250 0.002204148 -0.000106157 0.000065225 1.000000000 0.001894733
1.000000000 0.000052497 0.000105205 -0.000500693 -0.000052489 1.000000000 -0.000071114 0.002436574 -0.000105209 0.000071108 1.000000000 0.002968486
1.000000000 0.000113712 0.000179189 -0.001773114 -0.000113707 1.000000000 -0.000030904 0.001521598 -0.000179192 0.000030883 1.000000000 0.002301001
1.000000000 0.000123880 0.000069062 -0.001246962 -0.000123875 1.000000000 -0.000067700 0.002286327 -0.000069070 0.000067692 1.000000000 0.002292548
1.000000000 0.000024487 0.000085378 -0.001517982 -0.000024481 1.000000000 -0.000072136 0.001068306 -0.000085380 0.000072134 1.000000000 0.001651771
1.000000000 0.000128367 0.000197334 -0.001904550 -0.000128365 1.000000000 -0.000010685 0.000962959 -0.000197335 0.000010660 1.000000000 0.001919179
1.000000000 0.000082705 0.000190980 -0.001375932 -0.000082693 1.000000000 -0.000062558 0.002147312 -0.000190985 0.000062542 1.000000000 0.003754799
1.000000000 0.000206756 0.000098584 -0.000893249 -0.000206735 0.999999940 -0.000211718 0.003331122 -0.000098628 0.000211697 1.000000000 0.003801474
1.000000000 0.000081889 0.000132421 -0.000851198 -0.000081876 1.000000000 -0.000098137 0.001665881 -0.000132429 0.000098126 1.000000000 0.001882075
0.999999940 0.000229966 0.000187029 -0.002569770 -0.000229935 0.999999940 -0.000163423 0.002153955 -0.000187067 0.000163380 0.999999940 0.002553970
1.000000000 0.000148578 0.000187993 -0.001784791 -0.000148558 1.000000000 -0.000102762 0.001078698 -0.000188009 0.000102735 1.000000000 0.001469180
1.000000000 0.000102619 0.000047990 -0.001972774 -0.000102620 1.000000000 0.000022973 0.000567836 -0.000047988 -0.000022978 1.000000000 0.000384707
1.000000000 0.000137653 0.000083596 -0.001434131 -0.000137650 1.000000000 -0.000034572 0.001905946 -0.000083601 0.000034560 1.000000000 0.002282261
1.000000000 0.000128286 0.000153945 -0.001947403 -0.000128280 1.000000000 -0.000038555 0.001532940 -0.000153950 0.000038536 1.000000000 0.001332144
1.000000000 0.000185756 0.000123326 -0.000875436 -0.000185744 1.000000000 -0.000095950 0.002899757 -0.000123344 0.000095928 1.000000000 0.003222649
1.000000000 -0.000004864 0.000057420 0.000284876 0.000004870 1.000000000 -0.000099640 0.000792948 -0.000057420 0.000099640 1.000000000 0.002519613
0.999999523 0.000919899 -0.000188119 -0.000081643 -0.000920009 0.999999404 -0.000584164 -0.001367079 0.000187582 0.000584336 0.999999762 0.052688275
0.999999642 0.000811359 -0.000146647 0.001327377 -0.000811537 0.999998927 -0.001218428 -0.002328912 0.000145658 0.001218547 0.999999225 0.142296806
0.999999762 0.000618557 0.000382135 0.002685431 -0.000618141 0.999999225 -0.001087217 -0.008727100 -0.000382807 0.001086981 0.999999285 0.255069554
0.999999762 0.000582119 0.000389260 0.006020641 -0.000581702 0.999999166 -0.001070890 -0.011568836 -0.000389883 0.001070664 0.999999344 0.387389958
0.999999762 0.000618123 0.000372541 0.007184272 -0.000617810 0.999999523 -0.000839901 -0.014838845 -0.000373060 0.000839671 0.999999642 0.531690061
0.999999940 0.000288740 0.000126968 0.014888559 -0.000288697 0.999999881 -0.000341283 -0.024213623 -0.000127067 0.000341247 0.999999881 0.684083760
1.000000000 -0.000057756 0.000094784 0.020827031 0.000057772 1.000000000 -0.000170251 -0.028095715 -0.000094774 0.000170256 1.000000000 0.845426381
0.999999940 -0.000041913 0.000165203 0.021287562 0.000041956 0.999999881 -0.000261686 -0.030763416 -0.000165192 0.000261693 0.999999940 1.022866964
1.000000000 0.000109473 0.000139931 0.025624419 -0.000109462 1.000000000 -0.000083645 -0.036465481 -0.000139940 0.000083629 1.000000000 1.197522163
0.999999762 0.000583474 0.000297985 0.027208909 -0.000583552 0.999999821 0.000262157 -0.045467053 -0.000297832 -0.000262331 0.999999940 1.375708103
0.999999821 0.000627124 0.000087161 0.031960517 -0.000627137 0.999999821 0.000152440 -0.047454793 -0.000087065 -0.000152494 1.000000000 1.570085049
0.999999881 0.000349478 0.000252282 0.034599733 -0.000349572 0.999999881 0.000369424 -0.053774375 -0.000252152 -0.000369512 0.999999881 1.776179314
0.999999821 0.000349899 0.000502181 0.035997178 -0.000350347 0.999999523 0.000890731 -0.062699839 -0.000501870 -0.000890907 0.999999404 1.972784519
0.999999821 0.000304627 0.000419976 0.041687824 -0.000304926 0.999999642 0.000710748 -0.069585346 -0.000419759 -0.000710876 0.999999642 2.181388378
0.999999881 0.000341041 0.000363152 0.045131158 -0.000341372 0.999999523 0.000910746 -0.074916750 -0.000362841 -0.000910870 0.999999523 2.399473429
0.999999642 0.000725435 0.000504973 0.048846226 -0.000725816 0.999999464 0.000755114 -0.079069242 -0.000504425 -0.000755480 0.999999642 2.625334978
0.999999642 0.000510573 0.000651207 0.056610726 -0.000511165 0.999999464 0.000909847 -0.087986767 -0.000650742 -0.000910179 0.999999344 2.853456974
0.999999762 0.000398716 0.000550871 0.062194385 -0.000399294 0.999999404 0.001048393 -0.093033321 -0.000550452 -0.001048612 0.999999285 3.094211102
0.999999583 0.000661624 0.000644243 0.065886952 -0.000662269 0.999999225 0.001002298 -0.099953368 -0.000643579 -0.001002725 0.999999285 3.339140892
0.999999642 0.000490292 0.000640344 0.070692077 -0.000490981 0.999999285 0.001077720 -0.108753487 -0.000639815 -0.001078034 0.999999225 3.588441372
0.999999404 0.000841234 0.000743625 0.076791085 -0.000841993 0.999999166 0.001020328 -0.114792049 -0.000742765 -0.001020953 0.999999225 3.847690582
0.999999583 0.000393073 0.000846172 0.078064620 -0.000394046 0.999999225 0.001149929 -0.122048542 -0.000845719 -0.001150261 0.999998987 4.104554653
0.999999404 0.000731506 0.000874287 0.083668351 -0.000732500 0.999999046 0.001137605 -0.126659408 -0.000873454 -0.001138244 0.999998987 4.361574173
0.999999404 0.000374371 0.001030798 0.087017551 -0.000375609 0.999999166 0.001200342 -0.133703530 -0.001030348 -0.001200728 0.999998689 4.624887943
0.999998868 0.001145627 0.001001069 0.093651168 -0.001146922 0.999998629 0.001293446 -0.143118501 -0.000999586 -0.001294593 0.999998629 4.880215645
0.999998689 0.001232275 0.001012025 0.100363895 -0.001233864 0.999997973 0.001570957 -0.151179358 -0.001010087 -0.001572203 0.999998271 5.139928818
0.999998808 0.001139767 0.001001663 0.103833139 -0.001141201 0.999998271 0.001432207 -0.160594940 -0.001000028 -0.001433348 0.999998450 5.395181656
0.999998271 0.001498167 0.001113259 0.108048633 -0.001499498 0.999998093 0.001195139 -0.163527638 -0.001111467 -0.001196806 0.999998689 5.670557022
0.999998212 0.001265043 0.001363064 0.105626255 -0.001266879 0.999998271 0.001346842 -0.175551161 -0.001361358 -0.001348567 0.999998152 5.935359478
0.999998033 0.001489936 0.001296142 0.111718245 -0.001491560 0.999998093 0.001252908 -0.184629664 -0.001294273 -0.001254839 0.999998391 6.214430332
0.999998212 0.001293288 0.001362395 0.121956527 -0.001294957 0.999998391 0.001224613 -0.190340087 -0.001360809 -0.001226375 0.999998331 6.504138470
0.999997973 0.001296713 0.001516983 0.122892670 -0.001299142 0.999997854 0.001601416 -0.200294897 -0.001514903 -0.001603384 0.999997556 6.797631264
0.999997735 0.001657708 0.001345275 0.135251850 -0.001659420 0.999997795 0.001272640 -0.207648471 -0.001343162 -0.001274870 0.999998212 7.098222256
0.999997377 0.001657624 0.001570649 0.135689586 -0.001660527 0.999996901 0.001849050 -0.225881398 -0.001567579 -0.001851654 0.999997020 7.394715786
0.999997616 0.001527962 0.001550028 0.138737530 -0.001530894 0.999997020 0.001891915 -0.236677229 -0.001547133 -0.001894283 0.999997020 7.697023392
0.999996841 0.001703250 0.001853515 0.145322472 -0.001706119 0.999997318 0.001547761 -0.239517331 -0.001850874 -0.001550918 0.999997020 8.030477524
0.999996305 0.001688199 0.002102501 0.151285514 -0.001691436 0.999997377 0.001538422 -0.248681366 -0.002099898 -0.001541973 0.999996603 8.341463089
0.999997318 0.001190770 0.001948902 0.159782588 -0.001193723 0.999998152 0.001514711 -0.260019064 -0.001947094 -0.001517033 0.999996960 8.658332825
0.999995708 0.001723727 0.002347924 0.162732318 -0.001727660 0.999997079 0.001674110 -0.266795099 -0.002345031 -0.001678159 0.999995828 8.998777390
0.999996841 0.001368506 0.002103620 0.174207643 -0.001372376 0.999997258 0.001839113 -0.284284443 -0.002101098 -0.001841994 0.999996066 9.337250710
0.999994159 0.002565970 0.002245636 0.174583286 -0.002569992 0.999995232 0.001790173 -0.288586050 -0.002241032 -0.001795935 0.999995828 9.677495003
0.999994993 0.002218764 0.002228629 0.183417052 -0.002223854 0.999994934 0.002284081 -0.302715212 -0.002223550 -0.002289026 0.999994934 10.030105591
0.999994993 0.002274312 0.002210533 0.192525715 -0.002278313 0.999995768 0.001809087 -0.310050070 -0.002206410 -0.001814114 0.999995947 10.401683807
0.999994159 0.002637746 0.002168359 0.199490950 -0.002642417 0.999994218 0.002153835 -0.321318001 -0.002162665 -0.002159552 0.999995351 10.755085945
0.999994814 0.002529726 0.002002877 0.207235157 -0.002533976 0.999994576 0.002122381 -0.329952598 -0.001997497 -0.002127445 0.999995708 11.121666908
0.999994159 0.002439043 0.002385176 0.213170394 -0.002444048 0.999994814 0.002097628 -0.338724792 -0.002380048 -0.002103446 0.999994934 11.508299828
0.999995112 0.002246331 0.002179810 0.223591059 -0.002250850 0.999995291 0.002072785 -0.347508103 -0.002175144 -0.002077681 0.999995470 11.883953094
0.999990702 0.003321550 0.002739843 0.226874352 -0.003329450 0.999990284 0.002884064 -0.373930395 -0.002730237 -0.002893159 0.999992073 12.262126923
0.999992013 0.002861385 0.002778349 0.239390656 -0.002870887 0.999989986 0.003421789 -0.391355097 -0.002768531 -0.003429738 0.999990284 12.646020889
0.999989986 0.003114201 0.003220946 0.240827173 -0.003121965 0.999992192 0.002408075 -0.382078052 -0.003213421 -0.002418107 0.999991834 13.066370964
0.999991298 0.002961518 0.002917402 0.253195047 -0.002968040 0.999993086 0.002233807 -0.395598352 -0.002910767 -0.002242447 0.999993265 13.466016769
0.999989629 0.003175816 0.003256131 0.257978439 -0.003183707 0.999991953 0.002421262 -0.403627127 -0.003248416 -0.002431604 0.999991775 13.877565384
0.999989569 0.003118567 0.003318510 0.269445539 -0.003127121 0.999991715 0.002575513 -0.415016145 -0.003310451 -0.002585863 0.999991179 14.290088654
0.999988735 0.003178659 0.003521608 0.277571917 -0.003186811 0.999992192 0.002311517 -0.427172810 -0.003514234 -0.002322714 0.999991179 14.708439827
0.999985456 0.003386845 0.004203404 0.289615691 -0.003396465 0.999991596 0.002283604 -0.437496543 -0.004195634 -0.002297848 0.999988556 15.138179779
0.999986589 0.003276926 0.004012823 0.302480817 -0.003287009 0.999991477 0.002508461 -0.452843755 -0.004004569 -0.002521618 0.999988735 15.587254524
0.999981940 0.003502903 0.004878197 0.307092249 -0.003513971 0.999991357 0.002262254 -0.462071896 -0.004870230 -0.002279354 0.999985516 16.032440186
0.999977171 0.004403394 0.005123312 0.319932908 -0.004417324 0.999986589 0.002710791 -0.476088762 -0.005111307 -0.002733360 0.999983132 16.466562271
0.999972403 0.005032133 0.005470550 0.325928330 -0.005043882 0.999984980 0.002135875 -0.488724262 -0.005459719 -0.002163409 0.999982715 16.909917831
0.999978483 0.003825262 0.005322786 0.345219433 -0.003838056 0.999989748 0.002395664 -0.504705608 -0.005313568 -0.002416042 0.999982893 17.365022659
0.999971509 0.004167199 0.006290670 0.348891973 -0.004185166 0.999987185 0.002845693 -0.510818362 -0.006278730 -0.002871940 0.999976158 17.833580017
0.999970615 0.003660817 0.006736128 0.362858742 -0.003676592 0.999990523 0.002331018 -0.521617711 -0.006727530 -0.002355715 0.999974608 18.298719406
0.999962509 0.004330594 0.007502196 0.373685837 -0.004349374 0.999987543 0.002488785 -0.532010615 -0.007491324 -0.002521322 0.999968767 18.770898819
0.999977887 0.001941015 0.006357523 0.365351677 -0.001959062 0.999994040 0.002833767 -0.555872142 -0.006351985 -0.002846160 0.999975801 19.249395370
0.999972224 0.003908937 0.006343930 0.410809040 -0.003927335 0.999988139 0.002890186 -0.574003398 -0.006332558 -0.002915021 0.999975622 19.709352493
0.999969661 0.004425366 0.006413214 0.415150106 -0.004445790 0.999985099 0.003173833 -0.587434292 -0.006399073 -0.003202249 0.999974370 20.202045441
0.999976277 0.002733869 0.006310795 0.428012878 -0.002756122 0.999990106 0.003520192 -0.614285111 -0.006301109 -0.003537502 0.999973893 20.675113678
0.999981999 0.002735000 0.005329467 0.441590309 -0.002756527 0.999988139 0.004036134 -0.630796552 -0.005318365 -0.004050753 0.999977648 21.179176331
0.999973774 0.004608770 0.005584306 0.453810066 -0.004624810 0.999985158 0.002862639 -0.631265581 -0.005571031 -0.002888390 0.999980330 21.675271988
0.999977410 0.004112585 0.005319708 0.457813859 -0.004132178 0.999984622 0.003677256 -0.653804541 -0.005304504 -0.003699154 0.999979079 22.184907913
0.999979317 0.003993162 0.005043995 0.471231133 -0.004011977 0.999984980 0.003725656 -0.667093277 -0.005029043 -0.003745815 0.999980330 22.689849854
0.999990702 0.001428120 0.004071187 0.480051577 -0.001442165 0.999993026 0.003449126 -0.673950553 -0.004066233 -0.003454966 0.999985754 23.234937668
0.999984443 0.003994100 0.003889111 0.499790937 -0.004009455 0.999984145 0.003948294 -0.698329389 -0.003873280 -0.003963825 0.999984622 23.734869003
0.999991059 0.002378167 0.003495533 0.505905807 -0.002391798 0.999989569 0.003900629 -0.718054712 -0.003486220 -0.003908955 0.999986291 24.256996155
0.999990880 0.003034457 0.003002775 0.518597364 -0.003045697 0.999988317 0.003745918 -0.725412190 -0.002991373 -0.003755029 0.999988496 24.791749954
0.999988079 0.004072345 0.002681076 0.524055064 -0.004083692 0.999982774 0.004240527 -0.754531264 -0.002663761 -0.004251426 0.999987423 25.321037292
0.999990761 0.003594356 0.002325508 0.550614238 -0.003605275 0.999982417 0.004708100 -0.781482339 -0.002308544 -0.004716442 0.999986172 25.854825974
0.999991536 0.003826666 0.001524580 0.562626898 -0.003834227 0.999980211 0.004987463 -0.798030317 -0.001505464 -0.004993266 0.999986351 26.398891449
0.999993384 0.003453459 0.001155062 0.585728407 -0.003459183 0.999981523 0.004990569 -0.814054608 -0.001137806 -0.004994532 0.999986827 26.922986984
0.999997139 0.002383633 0.000134317 0.602285564 -0.002384287 0.999984145 0.005096197 -0.822029591 -0.000122167 -0.005096503 0.999986947 27.520292282
0.999995887 0.002871556 -0.000151565 0.611143410 -0.002870797 0.999984264 0.004790612 -0.831706941 0.000165319 -0.004790157 0.999988496 28.082002640
0.999995351 0.003009108 -0.000541231 0.626261115 -0.003006426 0.999983549 0.004889077 -0.861451507 0.000555934 -0.004887427 0.999987841 28.630668640
0.999994814 0.003202443 -0.000213201 0.635032356 -0.003201256 0.999980509 0.005347013 -0.872611940 0.000230320 -0.005346303 0.999985695 29.195228577
0.999989271 0.004589423 0.000560288 0.624655724 -0.004592587 0.999972641 0.005783848 -0.898975194 -0.000533728 -0.005786359 0.999983132 29.733425140
0.999993205 0.003687466 -0.000048915 0.644526482 -0.003687161 0.999979854 0.005194125 -0.900252581 0.000068067 -0.005193911 0.999986470 30.296312332
0.999988258 0.004839528 -0.000109656 0.660441458 -0.004838832 0.999972403 0.005642322 -0.931062818 0.000136959 -0.005641725 0.999984086 30.819126129
0.999992073 0.003881818 -0.000877122 0.673365235 -0.003877531 0.999980807 0.004838229 -0.930197954 0.000895886 -0.004834789 0.999987900 31.399417877
0.999987364 0.004915368 -0.001049673 0.680873752 -0.004910687 0.999978244 0.004416652 -0.937297881 0.001071360 -0.004411442 0.999989748 31.950569153
0.999991417 0.003900456 -0.001409138 0.694686949 -0.003892431 0.999976456 0.005654085 -0.965316653 0.001431158 -0.005648552 0.999983013 32.490570068
0.999988496 0.004309325 -0.002071172 0.703060687 -0.004296916 0.999972999 0.005959377 -0.988429606 0.002096797 -0.005950409 0.999980032 33.028953552
0.999991775 0.003656125 -0.001757895 0.720298946 -0.003646570 0.999978721 0.005408782 -0.987422109 0.001777633 -0.005402326 0.999983847 33.588287354
0.999988258 0.004641822 -0.001386694 0.726053357 -0.004634799 0.999976575 0.005024751 -0.990130842 0.001409985 -0.005018263 0.999986410 34.137870789
0.999991775 0.003117447 -0.002566740 0.748291671 -0.003102120 0.999977469 0.005954214 -1.013896823 0.002585244 -0.005946205 0.999978960 34.648563385
0.999990284 0.003313899 -0.002902614 0.761230946 -0.003296193 0.999976099 0.006083950 -1.034112811 0.002922707 -0.006074323 0.999977291 35.171981812
0.999991059 0.003827411 -0.001795981 0.748251796 -0.003817933 0.999978900 0.005251876 -1.029291987 0.001816045 -0.005244972 0.999984622 35.730964661
0.999990046 0.004012604 -0.001943598 0.759356081 -0.004001902 0.999976933 0.005479125 -1.043908000 0.001965539 -0.005471293 0.999983132 36.283969879
0.999990642 0.003526125 -0.002513165 0.774221957 -0.003513697 0.999981642 0.004932478 -1.050967574 0.002530511 -0.004923602 0.999984682 36.825981140
0.999990106 0.003627059 -0.002585589 0.780133009 -0.003614387 0.999981523 0.004888901 -1.063194752 0.002603273 -0.004879507 0.999984682 37.371730804
0.999989867 0.003511799 -0.002826831 0.793873966 -0.003498953 0.999983609 0.004536655 -1.073162317 0.002842716 -0.004526718 0.999985635 37.922740936
0.999987423 0.004280671 -0.002623466 0.795491576 -0.004269689 0.999982119 0.004177039 -1.086275220 0.002641300 -0.004165785 0.999987781 38.454433441
0.999988794 0.004099422 -0.002395447 0.799258292 -0.004091117 0.999985635 0.003461580 -1.089844704 0.002409603 -0.003451741 0.999991119 39.012130737
0.999988735 0.003054032 -0.003639810 0.830584347 -0.003038647 0.999986410 0.004224661 -1.114391327 0.003652664 -0.004213552 0.999984443 39.545284271
0.999989152 0.003608167 -0.002950582 0.825641632 -0.003595133 0.999983788 0.004410473 -1.130916834 0.002966448 -0.004399817 0.999985933 40.111782074
0.999987900 0.003783678 -0.003144887 0.835401595 -0.003769564 0.999982774 0.004481990 -1.145862341 0.003161792 -0.004470081 0.999985039 40.658325195
0.999988079 0.003762051 -0.003107417 0.839428067 -0.003748426 0.999983370 0.004378875 -1.161369085 0.003123840 -0.004367175 0.999985576 41.217998505
0.999989152 0.003700242 -0.002810866 0.845652461 -0.003687445 0.999982893 0.004544215 -1.174727917 0.002827632 -0.004533801 0.999985695 41.752780914
0.999987543 0.004011500 -0.002972238 0.845261157 -0.003998758 0.999982834 0.004280375 -1.187770367 0.002989358 -0.004268435 0.999986410 42.266471863
0.999987125 0.004167554 -0.002896858 0.853766024 -0.004155130 0.999982178 0.004281989 -1.197390676 0.002914653 -0.004269897 0.999986649 42.824855804
0.999985993 0.004232939 -0.003183211 0.873601735 -0.004217422 0.999979258 0.004865749 -1.222098351 0.003203741 -0.004852256 0.999983072 43.373741150
0.999987960 0.003899921 -0.002970712 0.885239244 -0.003886352 0.999982059 0.004559808 -1.234522581 0.002988442 -0.004548206 0.999985158 43.923660278
0.999987543 0.004451439 -0.002244281 0.894152880 -0.004440696 0.999978781 0.004768725 -1.247149587 0.002265461 -0.004758698 0.999986053 44.471939087
0.999987483 0.004220946 -0.002692911 0.915094256 -0.004207798 0.999979258 0.004870086 -1.274724841 0.002713411 -0.004858694 0.999984503 44.979331970
0.999987423 0.004286780 -0.002601501 0.929869771 -0.004274720 0.999980152 0.004623738 -1.282722235 0.002621270 -0.004612558 0.999985933 45.545188904
0.999985754 0.004904382 -0.002153892 0.937327087 -0.004894602 0.999977827 0.004522353 -1.295982480 0.002176024 -0.004511746 0.999987423 46.088455200
0.999988675 0.004457535 -0.001651476 0.945662558 -0.004449317 0.999977887 0.004946587 -1.319400549 0.001673489 -0.004939183 0.999986410 46.617568970
0.999985933 0.004911547 -0.001993318 0.971445680 -0.004902049 0.999976754 0.004741126 -1.332982302 0.002016558 -0.004731289 0.999986768 47.178325653
0.999987960 0.004109326 -0.002688185 0.975999892 -0.004094623 0.999976754 0.005452363 -1.354201913 0.002710529 -0.005441290 0.999981523 47.712673187
0.999988377 0.004154800 -0.002437920 0.987604082 -0.004142385 0.999978542 0.005076203 -1.361918211 0.002458958 -0.005066045 0.999984145 48.251903534
0.999987125 0.004458072 -0.002410718 0.995053887 -0.004446616 0.999978900 0.004736384 -1.371965528 0.002431783 -0.004725604 0.999985874 48.793792725
0.999984860 0.004644938 -0.002955527 1.008836865 -0.004632607 0.999980688 0.004165206 -1.379522204 0.002974817 -0.004151450 0.999986947 49.344638824
0.999984145 0.005283739 -0.001924418 1.014772415 -0.005274069 0.999973595 0.004994426 -1.397565007 0.001950757 -0.004984198 0.999985695 49.868675232
0.999984741 0.005339310 -0.001432045 1.012115955 -0.005332665 0.999975204 0.004605204 -1.405413270 0.001456599 -0.004597498 0.999988377 50.405525208
0.999990404 0.003788417 -0.002190698 1.042861581 -0.003776209 0.999977469 0.005550758 -1.437484741 0.002211678 -0.005542431 0.999982178 50.912010193
0.999983847 0.005234761 -0.002211394 1.047875166 -0.005222547 0.999971271 0.005492602 -1.445418000 0.002240082 -0.005480964 0.999982476 51.470352173
0.999983728 0.005206026 -0.002372055 1.051911235 -0.005194181 0.999974132 0.004972511 -1.451401234 0.002397880 -0.004960109 0.999984801 51.999660492
0.999980628 0.005874858 -0.002056233 1.062970638 -0.005865326 0.999972105 0.004610775 -1.465531230 0.002083264 -0.004598626 0.999987245 52.556377411
0.999987543 0.004258605 -0.002612222 1.080963731 -0.004245344 0.999978185 0.005060776 -1.483818293 0.002633717 -0.005049622 0.999983728 53.088230133
0.999988019 0.004329191 -0.002267182 1.080238223 -0.004318466 0.999979556 0.004712911 -1.504116297 0.002287537 -0.004703064 0.999986351 53.617076874
0.999984801 0.004998573 -0.002336141 1.091995358 -0.004987248 0.999975920 0.004828701 -1.521260738 0.002360222 -0.004816976 0.999985635 54.157417297
0.999979556 0.006077465 -0.001972846 1.089612007 -0.006069378 0.999973178 0.004079549 -1.525845408 0.001997587 -0.004067491 0.999989748 54.706493378
0.999980211 0.005660934 -0.002731947 1.104493380 -0.005650781 0.999977112 0.003709405 -1.537121892 0.002752884 -0.003693894 0.999989390 55.254455566
0.999984860 0.004849671 -0.002576108 1.113961220 -0.004838890 0.999979496 0.004174483 -1.550305724 0.002596300 -0.004161955 0.999987960 55.826225281
0.999987245 0.004350269 -0.002545537 1.122382998 -0.004338266 0.999979496 0.004701990 -1.570146918 0.002565940 -0.004690886 0.999985695 56.354621887
0.999986649 0.004584390 -0.002354610 1.128763795 -0.004573376 0.999978781 0.004662049 -1.586882591 0.002375932 -0.004651219 0.999986351 56.905471802
0.999983907 0.005295570 -0.002020164 1.128665566 -0.005286316 0.999975562 0.004558268 -1.595064282 0.002044255 -0.004547515 0.999987543 57.439979553
0.999983907 0.005273172 -0.002083243 1.145873666 -0.005263717 0.999975920 0.004519310 -1.605504990 0.002107024 -0.004508271 0.999987602 57.987361908
0.999984741 0.005286003 -0.001587195 1.143476844 -0.005280055 0.999979019 0.003729211 -1.607732534 0.001606875 -0.003720773 0.999991775 58.516384125
0.999983728 0.005527156 -0.001422607 1.148691654 -0.005521336 0.999976516 0.004062835 -1.618695736 0.001445029 -0.004054914 0.999990761 59.053703308
0.999986291 0.004975299 -0.001622210 1.162903070 -0.004968956 0.999980092 0.003890326 -1.636074781 0.001641532 -0.003882212 0.999991179 59.599437714
0.999986887 0.004740695 -0.001931890 1.168869853 -0.004733476 0.999981821 0.003724827 -1.643660307 0.001949513 -0.003715634 0.999991179 60.116977692
0.999982476 0.005535712 -0.002073360 1.178154230 -0.005527695 0.999977291 0.003851802 -1.651412368 0.002094636 -0.003840273 0.999990344 60.659111023
0.999982893 0.005638640 -0.001555594 1.185593009 -0.005632269 0.999975801 0.004069071 -1.669363737 0.001578500 -0.004060240 0.999990523 61.195049286
0.999982655 0.005725598 -0.001472958 1.195436478 -0.005720313 0.999977291 0.003568911 -1.675162554 0.001493359 -0.003560423 0.999992549 61.730243683
0.999982893 0.005715096 -0.001258093 1.202411294 -0.005710300 0.999976456 0.003785118 -1.691254616 0.001279696 -0.003777867 0.999992013 62.254177094
0.999983311 0.005713834 -0.000837086 1.213139772 -0.005710951 0.999977827 0.003405903 -1.703592181 0.000856528 -0.003401065 0.999993861 62.793251038
0.999978721 0.006514328 -0.000304973 1.207977653 -0.006513040 0.999970496 0.004052864 -1.715893507 0.000331366 -0.004050791 0.999991715 63.327529907
0.999978304 0.006533720 -0.000789313 1.212968469 -0.006530790 0.999971986 0.003660142 -1.729584217 0.000813205 -0.003654908 0.999992967 63.842552185
0.999979854 0.006336604 -0.000409508 1.218298435 -0.006335002 0.999972641 0.003801047 -1.739521265 0.000433583 -0.003798376 0.999992669 64.350051880
0.999977350 0.006715237 -0.000404784 1.224999070 -0.006713648 0.999970376 0.003802497 -1.751101255 0.000430306 -0.003799695 0.999992669 64.875671387
0.999978483 0.006551128 -0.000274893 1.235370636 -0.006550206 0.999973238 0.003236914 -1.760461926 0.000296091 -0.003235044 0.999994695 65.392372131
0.999975562 0.006992283 0.000132873 1.241412044 -0.006992639 0.999971390 0.002883958 -1.771201134 -0.000112704 -0.002884817 0.999995828 65.935974121
0.999973953 0.007190590 0.000559104 1.246406794 -0.007192250 0.999969542 0.003022199 -1.783465505 -0.000537356 -0.003026142 0.999995291 66.444412231
0.999975622 0.006979630 0.000233827 1.261968374 -0.006980379 0.999969959 0.003365822 -1.801795483 -0.000210328 -0.003367372 0.999994278 66.962806702
0.999976695 0.006824800 0.000207539 1.270068765 -0.006825391 0.999972224 0.002994515 -1.808374524 -0.000187096 -0.002995862 0.999995410 67.493003845
0.999976695 0.006819437 0.000273674 1.277865529 -0.006820227 0.999972224 0.003001892 -1.824237347 -0.000253194 -0.003003689 0.999995470 68.014366150
0.999973416 0.007271962 0.000386735 1.287542462 -0.007272939 0.999970317 0.002582886 -1.832617998 -0.000367941 -0.002585630 0.999996603 68.535140991
0.999974728 0.007107051 0.000070652 1.293737292 -0.007107222 0.999970794 0.002819277 -1.848380208 -0.000050612 -0.002819708 0.999996006 69.045555115
0.999969602 0.007795119 0.000295020 1.307310343 -0.007795840 0.999966443 0.002524259 -1.863930583 -0.000275333 -0.002526482 0.999996781 69.568649292
0.999971747 0.007519329 -0.000114434 1.319573879 -0.007518999 0.999968171 0.002660315 -1.876975060 0.000134434 -0.002659379 0.999996483 70.125587463
0.999973893 0.007212018 0.000348971 1.327117682 -0.007212732 0.999971807 0.002087329 -1.887666225 -0.000333907 -0.002089792 0.999997735 70.634971619
0.999974191 0.007164100 0.000562267 1.336704373 -0.007165187 0.999972343 0.001953330 -1.899621248 -0.000548257 -0.001957309 0.999997914 71.173507690
0.999974251 0.007156735 0.000565133 1.346997499 -0.007157656 0.999973059 0.001640107 -1.908780456 -0.000553380 -0.001644109 0.999998450 71.723014832
0.999973595 0.007234839 0.000653467 1.353442192 -0.007236019 0.999972105 0.001821425 -1.928404450 -0.000640271 -0.001826106 0.999998093 72.276916504
0.999971628 0.007473458 0.000925811 1.364875436 -0.007475208 0.999970198 0.001904095 -1.946677089 -0.000911553 -0.001910962 0.999997735 72.818740845
0.999965847 0.008171013 0.001224114 1.366384745 -0.008173686 0.999964178 0.002195431 -1.962532759 -0.001206132 -0.002205361 0.999996781 73.370201111
0.999970496 0.007594441 0.001141445 1.387181044 -0.007596562 0.999969363 0.001866250 -1.978571773 -0.001127237 -0.001874866 0.999997616 73.908622742
0.999971986 0.007411056 0.001038758 1.407107711 -0.007412895 0.999970973 0.001776759 -1.988594055 -0.001025560 -0.001784409 0.999997854 74.444793701
0.999966085 0.008101186 0.001474975 1.417181134 -0.008103793 0.999965549 0.001769874 -2.004830122 -0.001460586 -0.001781767 0.999997318 75.000923157
0.999964595 0.008283219 0.001438348 1.426210046 -0.008285058 0.999964833 0.001277536 -2.022143126 -0.001427716 -0.001289407 0.999998093 75.526260376
0.999964416 0.008243280 0.001744828 1.435237050 -0.008245757 0.999965012 0.001417097 -2.041120768 -0.001733085 -0.001431434 0.999997497 76.070579529
0.999964535 0.008206317 0.001897241 1.445522666 -0.008208988 0.999965310 0.001404657 -2.057540655 -0.001885648 -0.001420182 0.999997199 76.624496460
0.999966443 0.008024308 0.001635742 1.456137657 -0.008026273 0.999967098 0.001200143 -2.073432446 -0.001626058 -0.001213231 0.999997973 77.164833069
0.999964714 0.008230061 0.001696246 1.466775417 -0.008232363 0.999965310 0.001354393 -2.087736130 -0.001685041 -0.001368310 0.999997556 77.725067139
0.999965727 0.008038953 0.001986803 1.481152534 -0.008041408 0.999966919 0.001231696 -2.105949640 -0.001976835 -0.001247630 0.999997258 78.266777039
0.999963582 0.008299307 0.001996011 1.493061423 -0.008301385 0.999965012 0.001035827 -2.115822077 -0.001987344 -0.001052358 0.999997497 78.820533752
0.999958158 0.008828825 0.002386631 1.505870581 -0.008831673 0.999960303 0.001185450 -2.137176991 -0.002376070 -0.001206478 0.999996424 79.391189575
0.999958575 0.008750457 0.002493150 1.522849560 -0.008753700 0.999960959 0.001292690 -2.156471252 -0.002481740 -0.001314460 0.999996066 79.944793701
0.999954939 0.008902862 0.003297602 1.532279968 -0.008905884 0.999959946 0.000903680 -2.171838999 -0.003289425 -0.000933007 0.999994159 80.506256104
0.999949455 0.009033583 0.004394564 1.549426079 -0.009036106 0.999958932 0.000554442 -2.186600685 -0.004389375 -0.000594124 0.999990165 81.064170837
0.999953270 0.008058700 0.005345184 1.570559263 -0.008061809 0.999967337 0.000560384 -2.200707436 -0.005340494 -0.000603449 0.999985576 81.629669189
0.999944746 0.008174728 0.006606321 1.579906940 -0.008178039 0.999966443 0.000474460 -2.222445250 -0.006602221 -0.000528461 0.999978065 82.186882019
0.999926448 0.007652083 0.009410397 1.606994748 -0.007653904 0.999970615 0.000157394 -2.238726377 -0.009408916 -0.000229409 0.999955654 82.756752014
0.999874473 0.008373196 0.013445206 1.625729799 -0.008385164 0.999964476 0.000834032 -2.263140678 -0.013437746 -0.000946668 0.999909282 83.341156006
0.999828160 0.007960467 0.016740255 1.650886059 -0.007967093 0.999968171 0.000329269 -2.279150486 -0.016737102 -0.000462584 0.999859810 83.919586182
0.999741256 0.008512484 0.021095162 1.678996325 -0.008521973 0.999963582 0.000359897 -2.298661232 -0.021091335 -0.000539576 0.999777436 84.499877930
0.999593139 0.008357620 0.027272027 1.709802389 -0.008379171 0.999964595 0.000676066 -2.316128731 -0.027265411 -0.000904308 0.999627769 85.089378357
0.999418378 0.008069882 0.033133406 1.755308986 -0.008087287 0.999967217 0.000391246 -2.333289385 -0.033129163 -0.000658978 0.999450862 85.682067871
0.999190509 0.007875470 0.039449900 1.791922331 -0.007911718 0.999968410 0.000762841 -2.358808041 -0.039442640 -0.001074340 0.999221206 86.248725891
0.998830259 0.007147195 0.047822863 1.839174986 -0.007161842 0.999974370 0.000134906 -2.372087717 -0.047820669 -0.000477248 0.998855770 86.837112427
0.998388231 0.006729020 0.056352708 1.890081406 -0.006674241 0.999977052 -0.001160230 -2.378184557 -0.056359224 0.000782248 0.998410225 87.430068970
0.997940660 0.005910261 0.063870914 1.952199221 -0.005823085 0.999981940 -0.001550921 -2.403711557 -0.063878931 0.001175801 0.997956932 88.022125244
0.997313201 0.005795307 0.073026270 2.008234501 -0.005669288 0.999982059 -0.001932820 -2.417197466 -0.073036164 0.001513620 0.997328162 88.560188293
0.996567965 0.005752520 0.082577460 2.082456589 -0.005628858 0.999982595 -0.001730258 -2.434599638 -0.082585976 0.001259503 0.996583164 89.081268311
0.995763600 0.005706575 0.091772519 2.144289017 -0.005536272 0.999982476 -0.002110156 -2.448044777 -0.091782942 0.001593138 0.995777786 89.616470337
0.995071411 0.004787338 0.099045403 2.215846062 -0.004566872 0.999986589 -0.002452510 -2.466705322 -0.099055834 0.001988095 0.995079815 90.149475098
0.993972898 0.005362457 0.109495781 2.289211273 -0.005140758 0.999984086 -0.002306930 -2.480895042 -0.109506421 0.001730134 0.993984520 90.664665222
0.992796183 0.004947434 0.119713165 2.380325317 -0.004686792 0.999985993 -0.002458660 -2.497775316 -0.119723648 0.001879877 0.992805481 91.202697754
0.991646945 0.004404929 0.128906488 2.474149704 -0.004152415 0.999988914 -0.002227579 -2.521047831 -0.128914878 0.001673699 0.991654217 91.719177246
0.990085661 0.004675162 0.140386954 2.569415092 -0.004550470 0.999988854 -0.001209192 -2.546860456 -0.140391052 0.000558377 0.990095973 92.234596252
0.988231838 0.004399873 0.152900279 2.676673889 -0.004140746 0.999989390 -0.002013138 -2.562717199 -0.152907535 0.001356326 0.988239527 92.755783081
0.986529887 0.003800684 0.163536772 2.787480354 -0.003450094 0.999991059 -0.002427772 -2.574311018 -0.163544536 0.001830852 0.986534178 93.301956177
0.984578550 0.004518480 0.174884647 2.890943527 -0.004236171 0.999988973 -0.001987529 -2.588792086 -0.174891680 0.001216037 0.984586954 93.851692200
0.982264340 0.004049493 0.187457576 3.024333954 -0.003880070 0.999991715 -0.001270716 -2.593838453 -0.187461168 0.000520830 0.982271850 94.471450806
0.979706705 0.005304367 0.200366214 3.171055794 -0.005080336 0.999985695 -0.001632266 -2.636563301 -0.200372025 0.000581214 0.979719639 94.980514526
0.977420032 0.004636727 0.211254790 3.272981644 -0.004494659 0.999989212 -0.001152680 -2.644841433 -0.211257830 0.000177135 0.977430463 95.466926575
0.974768400 0.003890742 0.223184675 3.439998627 -0.003603159 0.999992073 -0.001695754 -2.664335489 -0.223189503 0.000848798 0.974774718 95.956954956
0.971557140 0.003736688 0.236775681 3.586965561 -0.003282720 0.999991894 -0.002311502 -2.673113823 -0.236782402 0.001468488 0.971561611 96.493812561
0.968640685 0.003412523 0.248442307 3.740726471 -0.002941498 0.999993086 -0.002267105 -2.685768366 -0.248448312 0.001465218 0.968644023 97.020622253
0.965871572 0.003518703 0.258997470 3.905784607 -0.003236628 0.999993563 -0.001515506 -2.719094276 -0.259001195 0.000625505 0.965876818 97.504951477
0.962240279 0.005364656 0.272148222 4.080507278 -0.005605073 0.999984324 0.000106034 -2.773802757 -0.272143364 -0.001627440 0.962255299 98.082206726
0.958598673 0.002933574 0.284745276 4.257919312 -0.002544890 0.999995232 -0.001734998 -2.753398418 -0.284749061 0.000938521 0.958601654 98.539566040
0.955323100 0.001917082 0.295557320 4.454133987 -0.001418726 0.999997199 -0.001900589 -2.772693634 -0.295560151 0.001396361 0.955323040 99.033203125
0.950813353 0.001852399 0.309758812 4.649551392 -0.001273912 0.999996960 -0.002069807 -2.781960487 -0.309761792 0.001573395 0.950812876 99.563308716
0.946192443 0.001248256 0.323601931 4.837265015 -0.000646987 0.999997854 -0.001965622 -2.795683384 -0.323603660 0.001650491 0.946191251 100.060485840
0.942235351 0.001153922 0.334949434 5.045375824 -0.000518290 0.999997914 -0.001987070 -2.809824944 -0.334951043 0.001698686 0.942233920 100.577636719
0.937568069 0.002489058 0.347792953 5.255659103 -0.002192519 0.999996841 -0.001246185 -2.837231874 -0.347794950 0.000405841 0.937570512 101.060081482
0.932308853 0.002138213 0.361656964 5.468318939 -0.001971667 0.999997735 -0.000829529 -2.856472492 -0.361657977 0.000060310 0.932310820 101.558067322
0.927529156 0.000911181 0.373749822 5.699237823 -0.000890446 0.999999642 -0.000228137 -2.869529247 -0.373749912 -0.000121200 0.927529454 102.057823181
0.922684669 -0.000184283 0.385555327 5.905160904 0.000460560 0.999999702 -0.000624214 -2.910627604 -0.385555118 0.000753525 0.922684431 102.417472839
0.916857123 -0.001010036 0.399214119 6.148021698 0.001372087 0.999998868 -0.000621153 -2.925122976 -0.399213076 0.001117265 0.916857481 102.905212402
0.910710096 0.000557339 0.413045615 6.392803192 -0.000434388 0.999999940 -0.000391574 -2.936840296 -0.413045675 0.000177190 0.910710275 103.425384521
0.905682862 -0.000420733 0.423955590 6.641593933 0.000702286 0.999999583 -0.000507876 -2.950210571 -0.423955232 0.000757713 0.905682862 103.906967163
0.899602950 0.000044754 0.436708808 6.887939453 0.000142862 0.999999940 -0.000396772 -2.966500282 -0.436708778 0.000419327 0.899602830 104.398902893
0.892867684 -0.000073176 0.450319231 7.154258728 0.000164195 1.000000000 -0.000163058 -2.980545998 -0.450319171 0.000219529 0.892867684 104.882034302
0.886996746 -0.001163791 0.461774200 7.407478333 0.001575404 0.999998629 -0.000505851 -3.003459930 -0.461772919 0.001176169 0.886997402 105.307083130
0.881164551 -0.001723372 0.472806603 7.687282562 0.001997840 0.999997973 -0.000078377 -3.018069744 -0.472805560 0.001013655 0.881166220 105.778457642
0.873670399 -0.001355961 0.486516356 7.992774963 0.001488622 0.999998987 0.000113860 -3.032531738 -0.486516029 0.000624763 0.873671293 106.252258301
