1.000000000 0.000000000 0.000000000 0.000000000 0.000000000 1.000000000 0.000000000 0.000000000 0.000000000 0.000000000 1.000000000 0.000000000
1.000000000 -0.000038502 -0.000005646 0.000120591 0.000038501 1.000000000 -0.000035131 0.000281102 0.000005648 0.000035130 1.000000000 0.000345438
1.000000000 0.000011079 0.000008403 0.000066782 -0.000011079 1.000000000 -0.000008503 0.000408629 -0.000008403 0.000008503 1.000000000 0.000469138
1.000000000 0.000017778 0.000107805 -0.000799790 -0.000017774 1.000000000 -0.000039655 0.000858872 -0.000107806 0.000039653 1.000000000 0.000499256
1.000000000 -0.000026684 0.000005165 0.000331661 0.000026684 1.000000000 0.000015989 0.000323390 -0.000005165 -0.000015989 1.000000000 0.000278432
1.000000000 0.000063944 0.000033029 -0.000171725 -0.000063943 1.000000000 -0.000012350 0.000590929 -0.000033029 0.000012348 1.000000000 0.000132052
1.000000000 0.000052812 -0.000030756 0.000382090 -0.000052817 1.000000000 -0.000174366 0.001340605 0.000030746 0.000174368 1.000000000 -0.000546151
1.000000000 0.000079999 0.000083848 -0.000456410 -0.000079996 1.000000000 -0.000037389 0.000342987 -0.000083851 0.000037382 1.000000000 0.000108344
1.000000000 0.000212728 0.000077896 -0.001500584 -0.000212729 1.000000000 0.000004637 0.000337686 -0.000077895 -0.000004654 1.000000000 0.000149635
1.000000000 0.000162897 0.000092876 -0.000532566 -0.000162884 1.000000000 -0.000131190 0.001727428 -0.000092898 0.000131175 1.000000000 0.001431570
1.000000000 0.000182246 0.000033048 -0.000435484 -0.000182242 1.000000000 -0.000118073 0.000639305 -0.000033070 0.000118067 1.000000000 -0.000234359
1.000000000 0.000075184 0.000060931 -0.000877034 -0.000075182 1.000000000 -0.000031586 0.000896708 -0.000060933 0.000031582 1.000000000 0.000358104
1.000000000 0.000176390 0.000103194 -0.001437124 -0.000176379 1.000000000 -0.000109991 0.001743383 -0.000103214 0.000109973 1.000000000 0.000783362
1.000000000 0.000170396 0.000049988 -0.000255072 -0.000170395 1.000000000 -0.000022719 0.000877525 -0.000049992 0.000022710 1.000000000 0.000354113
0.999999940 0.000194104 0.000149633 -0.001257150 -0.000194083 1.000000000 -0.000138568 0.002126079 -0.000149660 0.000138539 1.000000000 0.001582266
0.999999940 0.000291997 0.000152724 -0.001943464 -0.000291970 0.999999940 -0.000176786 0.002361025 -0.000152776 0.000176741 1.000000000 0.001972093
0.999999940 0.000266916 0.000151653 -0.001846864 -0.000266890 0.999999940 -0.000170462 0.003057156 -0.000151699 0.000170422 1.000000000 0.002755889
0.999999940 0.000186298 0.000162956 -0.001362674 -0.000186270 0.999999940 -0.000169315 0.002305608 -0.000162987 0.000169284 1.000000000 0.002558467
0.999999940 0.000225416 0.000189390 -0.001869503 -0.000225400 1.000000000 -0.000085744 0.002066713 -0.000189409 0.000085702 1.000000000 0.001854035
0.999999940 0.000231051 0.000114627 -0.001596974 -0.000231048 1.000000000 -0.000030684 0.001830436 -0.000114634 0.000030657 1.000000000 0.001870775
0.999999940 0.000249612 0.000164636 -0.001747426 -0.000249591 0.999999940 -0.000128157 0.002356683 -0.000164668 0.000128116 1.000000000 0.002353670
0.999999940 0.000239065 0.000129977 -0.001758428 -0.000239054 0.999999940 -0.000082724 0.001910305 -0.000129997 0.000082693 1.000000000 0.002079615
0.999999940 0.000345167 0.000153469 -0.002520364 -0.000345144 0.999999940 -0.000150230 0.002751372 -0.000153521 0.000150177 1.000000000 0.002670389
0.999999940 0.000273648 0.000206179 -0.001944509 -0.000273613 0.999999940 -0.000173176 0.002501133 -0.000206227 0.000173119 0.999999940 0.002147112
1.000000000 0.000111670 0.000134275 -0.000919399 -0.000111655 1.000000000 -0.000113699 0.002691089 -0.000134288 0.000113684 1.000000000 0.002911301
0.999999940 0.000274379 0.000164938 -0.001470907 -0.000274366 0.999999940 -0.000078028 0.001726704 -0.000164959 0.000077983 1.000000000 0.001888442
1.000000000 0.000177358 0.000112217 -0.001204184 -0.000177345 1.000000000 -0.000114540 0.002375098 -0.000112237 0.000114521 1.000000000 0.002002696
1.000000000 0.000154163 0.000112485 -0.001250105 -0.000154147 1.000000000 -0.000140856 0.002412231 -0.000112507 0.000140839 1.000000000 0.001730903
0.999999940 0.000244399 0.000181849 -0.001185003 -0.000244379 0.999999940 -0.000110571 0.001901164 -0.000181876 0.000110527 1.000000000 0.002100536
1.000000000 0.000114322 0.000170309 -0.001313137 -0.000114299 1.000000000 -0.000135012 0.002112315 -0.000170324 0.000134993 1.000000000 0.002610141
0.999999940 0.000270110 0.000165314 -0.001394334 -0.000270080 0.999999940 -0.000179542 0.002504710 -0.000165363 0.000179498 1.000000000 0.002825723
0.999999940 0.000181552 0.000198135 -0.001691344 -0.000181524 1.000000000 -0.000139476 0.001769203 -0.000198161 0.000139440 1.000000000 0.001362883
0.999999940 0.000286929 0.000161966 -0.001856214 -0.000286900 0.999999940 -0.000179073 0.001984006 -0.000162017 0.000179027 1.000000000 0.001548414
0.999999940 0.000243088 0.000183120 -0.000959939 -0.000243060 0.999999940 -0.000154139 0.001409204 -0.000183158 0.000154095 1.000000000 0.001124743
0.999999940 0.000193009 0.000207009 -0.001787067 -0.000192982 1.000000000 -0.000132982 0.002328882 -0.000207035 0.000132942 0.999999940 0.002817989
1.000000000 0.000165596 0.000102257 -0.001000910 -0.000165581 1.000000000 -0.000140110 0.003058564 -0.000102281 0.000140093 1.000000000 0.003090067
0.999999881 0.000392913 0.000210320 -0.002201006 -0.000392887 0.999999940 -0.000122587 0.002523687 -0.000210368 0.000122504 1.000000000 0.002613866
0.999999940 0.000250252 0.000109205 -0.000249185 -0.000250238 0.999999940 -0.000127432 0.002608608 -0.000109237 0.000127404 1.000000000 0.001904871
1.000000000 0.000180027 0.000133471 -0.000611768 -0.000179999 0.999999940 -0.000210321 0.002114184 -0.000133509 0.000210297 0.999999940 0.003177182
0.999999881 0.000400419 0.000248700 -0.000751057 -0.000400250 0.999999702 -0.000677678 -0.001466944 -0.000248971 0.000677579 0.999999762 0.049104296
0.999999940 0.000293258 0.000100720 0.001144390 -0.000293131 0.999999166 -0.001254260 -0.003547905 -0.000101088 0.001254230 0.999999225 0.138847753
1.000000000 0.000016164 0.000009981 0.005387167 -0.000016149 0.999998987 -0.001424018 -0.008117484 -0.000010004 0.001424018 0.999998987 0.255533814
1.000000000 0.000178695 0.000067324 0.007404519 -0.000178607 0.999999166 -0.001302384 -0.010719509 -0.000067557 0.001302372 0.999999166 0.387538582
1.000000000 0.000026618 0.000134544 0.006004900 -0.000026466 0.999999344 -0.001130889 -0.014034803 -0.000134574 0.001130885 0.999999344 0.529488623
0.999999940 -0.000265871 0.000124535 0.012092678 0.000266021 0.999999225 -0.001204780 -0.019741993 -0.000124215 0.001204813 0.999999285 0.687355340
1.000000000 0.000182446 0.000153774 0.019055629 -0.000182317 0.999999642 -0.000842412 -0.023445405 -0.000153927 0.000842384 0.999999642 0.851635516
0.999999940 0.000135343 0.000374131 0.018153422 -0.000135065 0.999999702 -0.000745146 -0.028596751 -0.000374231 0.000745096 0.999999642 1.021080732
1.000000000 0.000111677 0.000138051 0.027054373 -0.000111554 0.999999583 -0.000887523 -0.027512018 -0.000138150 0.000887507 0.999999583 1.206627846
0.999999762 0.000330573 0.000581147 0.024391633 -0.000330295 0.999999821 -0.000478119 -0.036604334 -0.000581305 0.000477927 0.999999702 1.383086681
0.999999821 0.000256675 0.000581028 0.022532275 -0.000256389 0.999999821 -0.000492006 -0.043514285 -0.000581154 0.000491857 0.999999702 1.584840536
0.999998987 -0.000554370 0.001308645 0.008708455 0.000553925 0.999999762 0.000340191 -0.065788008 -0.001308833 -0.000339466 0.999999106 1.731624842
0.999998510 0.000038739 0.001714156 0.008919619 -0.000039952 0.999999762 0.000707767 -0.074788600 -0.001714129 -0.000707834 0.999998271 1.934272170
0.999998987 -0.000596744 0.001296959 0.014535026 0.000595867 0.999999583 0.000676722 -0.080012694 -0.001297362 -0.000675948 0.999998927 2.138125420
0.999998748 -0.000540863 0.001493894 0.018428650 0.000539863 0.999999642 0.000669184 -0.083652027 -0.001494256 -0.000668376 0.999998689 2.357134342
0.999998629 0.000112214 0.001624749 0.021590019 -0.000113174 0.999999821 0.000590839 -0.088793129 -0.001624682 -0.000591022 0.999998510 2.586647034
0.999998689 -0.000572927 0.001493429 0.029023517 0.000571528 0.999999344 0.000936627 -0.100239091 -0.001493964 -0.000935772 0.999998450 2.803216457
0.999998569 -0.000785322 0.001506531 0.034072373 0.000783898 0.999999285 0.000945870 -0.103187837 -0.001507273 -0.000944687 0.999998391 3.041920185
0.999998569 -0.000375877 0.001660499 0.043411426 0.000374018 0.999999225 0.001119173 -0.114459187 -0.001660919 -0.001118550 0.999997973 3.288825989
0.999998331 -0.000700477 0.001681402 0.044428512 0.000698470 0.999998987 0.001193683 -0.121282116 -0.001682236 -0.001192506 0.999997854 3.514412642
0.999998569 -0.000567137 0.001622071 0.048243955 0.000565146 0.999999106 0.001227401 -0.126059368 -0.001622766 -0.001226483 0.999997854 3.772764921
0.999998212 -0.000210818 0.001888113 0.049363572 0.000208132 0.999998987 0.001422525 -0.133741304 -0.001888411 -0.001422130 0.999997199 4.032440662
0.999998033 -0.000502666 0.001904208 0.055151504 0.000500025 0.999998868 0.001387130 -0.137367353 -0.001904903 -0.001386175 0.999997199 4.277596474
0.999997497 -0.000431858 0.002201565 0.059923273 0.000428967 0.999999046 0.001313251 -0.144549772 -0.002202130 -0.001312303 0.999996722 4.537533760
0.999997675 -0.000340762 0.002093897 0.070425756 0.000337826 0.999998987 0.001402327 -0.150482953 -0.002094373 -0.001401617 0.999996841 4.796977043
0.999997735 -0.000077062 0.002107664 0.080020100 0.000074188 0.999999106 0.001363836 -0.153974503 -0.002107767 -0.001363677 0.999996781 5.063742638
0.999997497 -0.000047458 0.002232989 0.072775252 0.000043997 0.999998808 0.001550232 -0.168543935 -0.002233060 -0.001550130 0.999996305 5.294550419
0.999996781 -0.000011120 0.002517954 0.077065520 0.000006494 0.999998331 0.001837294 -0.178086013 -0.002517970 -0.001837271 0.999995172 5.563879490
0.999996424 0.000305884 0.002649826 0.079435468 -0.000310691 0.999998271 0.001813867 -0.183763176 -0.002649267 -0.001814684 0.999994874 5.843104362
0.999995410 0.000272312 0.003008208 0.081522845 -0.000277943 0.999998212 0.001871615 -0.190426111 -0.003007693 -0.001872443 0.999993742 6.125130653
0.999996722 -0.000162236 0.002523224 0.092205212 0.000157846 0.999998391 0.001739785 -0.203105122 -0.002523503 -0.001739381 0.999995291 6.388267517
0.999996960 0.000211686 0.002440097 0.095639326 -0.000215419 0.999998808 0.001529559 -0.208358273 -0.002439770 -0.001530080 0.999995828 6.682669163
0.999996364 0.000429652 0.002642105 0.100845613 -0.000433343 0.999998927 0.001396465 -0.212789655 -0.002641502 -0.001397605 0.999995530 6.986165047
0.999997139 0.000186463 0.002396641 0.111240856 -0.000191010 0.999998331 0.001896876 -0.225789011 -0.002396283 -0.001897328 0.999995351 7.265567303
0.999996781 -0.000319708 0.002516422 0.117922962 0.000314660 0.999998033 0.002006370 -0.237024724 -0.002517058 -0.002005571 0.999994874 7.570346832
0.999997139 0.000039900 0.002408109 0.129951954 -0.000044684 0.999997973 0.001986658 -0.241074562 -0.002408025 -0.001986760 0.999995112 7.895277500
0.999995947 0.000515482 0.002807897 0.124467127 -0.000520907 0.999998033 0.001931678 -0.255162954 -0.002806896 -0.001933133 0.999994159 8.213163376
0.999996424 0.000527527 0.002659679 0.131275922 -0.000531789 0.999998569 0.001602106 -0.260536045 -0.002658831 -0.001603515 0.999995112 8.514048576
0.999995947 0.000459896 0.002807842 0.140580684 -0.000465251 0.999998093 0.001906921 -0.271458387 -0.002806960 -0.001908220 0.999994218 8.850209236
0.999995530 0.001036266 0.002779194 0.144795686 -0.001041881 0.999997377 0.002019707 -0.282746226 -0.002777094 -0.002022594 0.999994040 9.184362411
0.999993026 0.001741169 0.003284794 0.147698730 -0.001748027 0.999996305 0.002085857 -0.296236455 -0.003281150 -0.002091584 0.999992430 9.512278557
0.999995947 0.000563365 0.002794796 0.156376868 -0.000568956 0.999997973 0.002000243 -0.302105933 -0.002793664 -0.002001825 0.999994099 9.856453896
0.999996066 0.000437210 0.002770591 0.164851099 -0.000441872 0.999998510 0.001682369 -0.311264724 -0.002769852 -0.001683587 0.999994755 10.211692810
0.999997020 0.000078476 0.002476905 0.178638205 -0.000083146 0.999998271 0.001885282 -0.323459297 -0.002476752 -0.001885482 0.999995232 10.559061050
0.999996245 0.000373278 0.002682125 0.184381396 -0.000378190 0.999998271 0.001830863 -0.325653970 -0.002681437 -0.001831870 0.999994755 10.914140701
0.999997079 0.000152974 0.002395746 0.197142676 -0.000157517 0.999998212 0.001896281 -0.334964842 -0.002395452 -0.001896653 0.999995351 11.286044121
0.999996305 0.000473318 0.002644673 0.206024081 -0.000477287 0.999998689 0.001500494 -0.342657238 -0.002643959 -0.001501751 0.999995410 11.688283920
0.999995053 0.000720323 0.003044107 0.203573793 -0.000727242 0.999997139 0.002272515 -0.361319065 -0.003042461 -0.002274718 0.999992728 12.053826332
0.999994934 0.000284517 0.003165481 0.216876179 -0.000292408 0.999996841 0.002492323 -0.373328090 -0.003164762 -0.002493236 0.999991834 12.440443039
0.999994576 0.000706242 0.003196667 0.220096692 -0.000714850 0.999996066 0.002692209 -0.381968111 -0.003194753 -0.002694479 0.999991238 12.848733902
0.999994278 0.000420209 0.003332286 0.228272334 -0.000427894 0.999997199 0.002305721 -0.395589620 -0.003331308 -0.002307134 0.999991775 13.226848602
0.999993980 0.000867255 0.003330564 0.236289918 -0.000873497 0.999997914 0.001872980 -0.402005613 -0.003328932 -0.001875878 0.999992728 13.648068428
0.999991477 0.001396213 0.003895792 0.236124322 -0.001404772 0.999996603 0.002195209 -0.411983699 -0.003892715 -0.002200663 0.999989986 14.078174591
0.999992251 0.000805911 0.003836922 0.253570944 -0.000814759 0.999997020 0.002305010 -0.426115990 -0.003835052 -0.002308119 0.999989927 14.464208603
0.999991834 0.000546897 0.003988489 0.264746606 -0.000557277 0.999996543 0.002601858 -0.435414225 -0.003987052 -0.002604060 0.999988616 14.900885582
0.999991179 0.000879102 0.004106175 0.273984045 -0.000890903 0.999995470 0.002872919 -0.452934831 -0.004103631 -0.002876551 0.999987423 15.328246117
0.999989212 0.000602614 0.004609933 0.283904582 -0.000615567 0.999995887 0.002808839 -0.463832080 -0.004608221 -0.002811647 0.999985397 15.745091438
0.999989152 0.000177806 0.004652364 0.297257215 -0.000191139 0.999995887 0.002865580 -0.474046111 -0.004651836 -0.002866438 0.999985099 16.189687729
0.999986589 0.000400899 0.005168880 0.308348894 -0.000415873 0.999995768 0.002896049 -0.484789699 -0.005167697 -0.002898160 0.999982476 16.635951996
0.999983966 0.000989615 0.005573507 0.306724548 -0.001005475 0.999995470 0.002843480 -0.504458606 -0.005570668 -0.002849039 0.999980390 17.068170547
0.999984920 0.000288626 0.005491477 0.322135955 -0.000306701 0.999994576 0.003290917 -0.518066049 -0.005490496 -0.003292551 0.999979496 17.533405304
0.999982297 0.000603058 0.005911871 0.331455201 -0.000619584 0.999995947 0.002794087 -0.524755120 -0.005910163 -0.002797700 0.999978602 18.006513596
0.999978185 0.000899882 0.006543119 0.338559449 -0.000920605 0.999994576 0.003165011 -0.543148041 -0.006540237 -0.003170965 0.999973595 18.452341080
0.999979198 0.000877691 0.006391239 0.353642672 -0.000898717 0.999994099 0.003287744 -0.553019643 -0.006388316 -0.003293419 0.999974191 18.931657791
0.999974549 0.001718124 0.006926780 0.365282953 -0.001740901 0.999993086 0.003283489 -0.565506697 -0.006921090 -0.003295464 0.999970675 19.413505554
0.999974787 0.001587665 0.006912021 0.363864899 -0.001611900 0.999992549 0.003502014 -0.578871846 -0.006906410 -0.003513068 0.999969900 19.875232697
0.999974430 0.001482903 0.006993682 0.379004627 -0.001508324 0.999992251 0.003630884 -0.594688356 -0.006988244 -0.003641340 0.999968946 20.364238739
0.999978602 0.001698907 0.006305032 0.392085910 -0.001719066 0.999993443 0.003193235 -0.596347868 -0.006299566 -0.003204006 0.999975026 20.882230759
0.999980688 0.000870814 0.006151121 0.390978098 -0.000892737 0.999993265 0.003562266 -0.616174757 -0.006147978 -0.003567689 0.999974668 21.360042572
0.999980569 0.001857162 0.005943811 0.401809275 -0.001875599 0.999993503 0.003097894 -0.626369894 -0.005938020 -0.003108983 0.999977529 21.875986099
0.999981701 0.001931328 0.005740071 0.413405508 -0.001948397 0.999993742 0.002969501 -0.635485947 -0.005734300 -0.002980631 0.999979079 22.387502670
0.999986887 0.001128804 0.004998729 0.419099331 -0.001144337 0.999994516 0.003105631 -0.648074389 -0.004995197 -0.003111311 0.999982595 22.882099152
0.999988198 0.001706489 0.004544877 0.432422638 -0.001722221 0.999992490 0.003459892 -0.662208080 -0.004538939 -0.003467678 0.999983609 23.410238266
0.999991298 0.000966118 0.004053409 0.441051155 -0.000977803 0.999995351 0.002881904 -0.675395668 -0.004050606 -0.002885843 0.999987602 23.931003571
0.999993384 0.000780959 0.003556609 0.447481126 -0.000791436 0.999995351 0.002945313 -0.688943148 -0.003554293 -0.002948109 0.999989271 24.480981827
0.999994814 0.001478689 0.002858583 0.456689894 -0.001489002 0.999992371 0.003609377 -0.711570919 -0.002853224 -0.003613614 0.999989390 24.968763351
0.999996662 0.001348109 0.002195479 0.468024075 -0.001356810 0.999991119 0.003966508 -0.723091960 -0.002190113 -0.003969473 0.999989688 25.516122818
0.999995708 0.002091400 0.002053083 0.474768639 -0.002099697 0.999989688 0.004047388 -0.734952331 -0.002044597 -0.004051681 0.999989688 26.070104599
0.999996126 0.002035073 0.001871015 0.483943731 -0.002043024 0.999988794 0.004257896 -0.752204239 -0.001862328 -0.004261702 0.999989212 26.580236435
0.999997675 0.001860103 0.001083388 0.501770020 -0.001864880 0.999988437 0.004425834 -0.770962715 -0.001075143 -0.004427845 0.999989688 27.133756638
0.999993622 0.003236513 0.001490292 0.504993379 -0.003242447 0.999986768 0.003996528 -0.783951700 -0.001477338 -0.004001335 0.999990940 27.673240662
0.999992192 0.003744866 0.001232047 0.522141695 -0.003750542 0.999982178 0.004637452 -0.808063269 -0.001214658 -0.004642038 0.999988496 28.210926056
0.999997139 0.002269514 0.000787683 0.511409163 -0.002272795 0.999988556 0.004191154 -0.805542231 -0.000778162 -0.004192933 0.999990880 28.733383179
0.999996066 0.002726456 0.000754546 0.515516877 -0.002729347 0.999988794 0.003857992 -0.815821767 -0.000744020 -0.003860036 0.999992251 29.283788681
0.999997437 0.002259477 0.000157444 0.530169249 -0.002260073 0.999989808 0.003893280 -0.830946863 -0.000148646 -0.003893626 0.999992371 29.832086563
0.999993801 0.003415688 0.000863932 0.530966401 -0.003419051 0.999986410 0.003921547 -0.847717464 -0.000850525 -0.003924477 0.999991953 30.381078720
0.999997199 0.002329655 0.000036022 0.537769675 -0.002329786 0.999988198 0.004255190 -0.862623930 -0.000026108 -0.004255262 0.999990940 30.857566833
0.999996305 0.002685586 -0.000283818 0.547207296 -0.002684586 0.999990404 0.003462615 -0.868850827 0.000293115 -0.003461840 0.999993980 31.406244278
0.999997318 0.002182983 -0.000625101 0.559492230 -0.002180765 0.999991417 0.003527268 -0.874630153 0.000632796 -0.003525896 0.999993563 31.950223923
0.999996662 0.002436019 -0.000854852 0.556646049 -0.002432427 0.999988317 0.004179595 -0.897290111 0.000865024 -0.004177500 0.999990880 32.476146698
0.999995649 0.002739718 -0.001148174 0.562505126 -0.002734741 0.999987006 0.004314793 -0.913450062 0.001159981 -0.004311634 0.999989986 33.023860931
0.999994874 0.003064224 -0.000983264 0.573002577 -0.003059865 0.999985635 0.004404928 -0.923812151 0.000996747 -0.004401896 0.999989748 33.564411163
0.999994338 0.003100026 -0.001369155 0.581407785 -0.003093425 0.999983728 0.004796743 -0.939584911 0.001384003 -0.004792480 0.999987543 34.101867676
0.999996662 0.002265161 -0.001246830 0.570615530 -0.002259413 0.999986827 0.004592285 -0.955704391 0.001257216 -0.004589453 0.999988616 34.603408813
0.999998271 0.001183733 -0.001429431 0.586133540 -0.001177638 0.999990225 0.004256780 -0.963877976 0.001434456 -0.004255090 0.999989927 35.156867981
0.999998569 0.000741257 -0.001478050 0.593877614 -0.000734828 0.999990225 0.004346063 -0.984360516 0.001481257 -0.004344971 0.999989390 35.690380096
0.999998569 0.000422315 -0.001641189 0.606578052 -0.000415736 0.999991834 0.004006532 -0.997096241 0.001642867 -0.004005844 0.999990642 36.232330322
0.999997616 0.000747755 -0.002064926 0.612751901 -0.000737481 0.999987304 0.004971386 -1.008523941 0.002068616 -0.004969851 0.999985456 36.716773987
0.999997377 0.001134222 -0.002003678 0.623122573 -0.001124540 0.999987721 0.004826131 -1.018727779 0.002009127 -0.004823865 0.999986291 37.269672394
0.999995530 0.001927590 -0.002304541 0.632350802 -0.001917351 0.999988317 0.004436424 -1.025807858 0.002313066 -0.004431987 0.999987483 37.824863434
0.999996543 0.002171652 -0.001525497 0.633456945 -0.002165567 0.999989808 0.003979501 -1.040224433 0.001534124 -0.003976184 0.999990880 38.347759247
0.999996185 0.001540323 -0.002271880 0.636524677 -0.001530379 0.999989271 0.004371894 -1.058151722 0.002278589 -0.004368401 0.999987841 38.870250702
0.999996424 0.001277806 -0.002349101 0.645946264 -0.001266179 0.999987006 0.004944407 -1.074809670 0.002355389 -0.004941415 0.999984980 39.421875000
0.999995112 0.001562901 -0.002682729 0.664606035 -0.001549685 0.999986708 0.004921155 -1.091738701 0.002690384 -0.004916974 0.999984264 39.957305908
0.999996841 0.001299807 -0.002160829 0.650286019 -0.001290183 0.999989271 0.004449424 -1.093533993 0.002166589 -0.004446622 0.999987781 40.469078064
0.999994814 0.002686044 -0.001766083 0.654663086 -0.002679128 0.999988794 0.003907047 -1.096662998 0.001776558 -0.003902295 0.999990821 41.011249542
0.999994040 0.002531281 -0.002346791 0.680407166 -0.002521705 0.999988496 0.004074475 -1.121629119 0.002357078 -0.004068533 0.999988914 41.536045074
0.999995887 0.002313886 -0.001714336 0.688821316 -0.002306400 0.999987841 0.004355791 -1.130204916 0.001724394 -0.004351819 0.999989033 42.037853241
0.999996305 0.002273337 -0.001461629 0.662886679 -0.002267195 0.999988675 0.004190218 -1.136630297 0.001471138 -0.004186889 0.999990106 42.538917542
0.999995708 0.002428912 -0.001623956 0.675341964 -0.002421813 0.999987602 0.004359558 -1.154572487 0.001634525 -0.004355606 0.999989152 43.083026886
0.999995887 0.002204941 -0.001832891 0.697833300 -0.002197198 0.999988735 0.004215623 -1.164957643 0.001842165 -0.004211578 0.999989390 43.624660492
0.999995768 0.002478668 -0.001545091 0.710011721 -0.002472039 0.999987841 0.004277638 -1.175888896 0.001555675 -0.004273801 0.999989629 44.144401550
0.999997497 0.002074809 -0.000839449 0.684330404 -0.002071239 0.999988854 0.004232232 -1.190039873 0.000848221 -0.004230483 0.999990702 44.640720367
0.999993622 0.003559630 0.000159313 0.689874470 -0.003560183 0.999987125 0.003611264 -1.197369576 -0.000146456 -0.003611808 0.999993443 45.182750702
0.999995768 0.002901044 -0.000070941 0.705126345 -0.002900793 0.999990225 0.003314103 -1.210806370 0.000080554 -0.003313883 0.999994516 45.725639343
0.999996483 0.002311308 -0.001331718 0.738278627 -0.002305654 0.999988437 0.004231625 -1.237396359 0.001341483 -0.004228538 0.999990106 46.204380035
0.999996603 0.002258319 -0.001258080 0.709248066 -0.002252949 0.999988437 0.004253682 -1.235741377 0.001267672 -0.004250833 0.999990165 46.735969543
0.999997377 0.001912040 -0.001206343 0.721140444 -0.001906487 0.999987662 0.004587046 -1.251426697 0.001215098 -0.004584735 0.999988735 47.272480011
0.999996662 0.002295122 -0.001210122 0.734040141 -0.002289642 0.999987304 0.004511678 -1.264389277 0.001220461 -0.004508892 0.999989092 47.807445526
0.999997199 0.002200942 -0.000898289 0.739357591 -0.002196612 0.999986172 0.004791980 -1.281314969 0.000908823 -0.004789993 0.999988139 48.343597412
0.999994755 0.003209513 -0.000490477 0.727428794 -0.003207651 0.999987960 0.003749038 -1.281007886 0.000502503 -0.003747445 0.999992847 48.814041138
0.999995291 0.002942774 -0.000907674 0.737264097 -0.002938919 0.999986768 0.004219539 -1.291419148 0.000920079 -0.004216852 0.999990702 49.363582611
0.999994814 0.003100516 -0.000974684 0.746962249 -0.003096147 0.999985337 0.004452937 -1.315071821 0.000988476 -0.004449896 0.999989629 49.878498077
0.999996662 0.002605561 -0.000308079 0.753118992 -0.002604456 0.999990404 0.003527713 -1.319421649 0.000317267 -0.003526898 0.999993682 50.443862915
0.999995649 0.002889725 -0.000509223 0.749033570 -0.002887694 0.999987960 0.003946544 -1.326590061 0.000520621 -0.003945057 0.999992073 50.855476379
0.999995172 0.003076524 -0.000434806 0.760173619 -0.003074768 0.999987304 0.003983158 -1.342483521 0.000447054 -0.003981801 0.999991953 51.398891449
0.999997437 0.002216415 -0.000539532 0.773702383 -0.002214134 0.999988794 0.004191552 -1.356035233 0.000548816 -0.004190347 0.999991119 51.958091736
0.999995053 0.003141156 0.000014333 0.771507919 -0.003141188 0.999987721 0.003825704 -1.356966496 -0.000002316 -0.003825730 0.999992669 52.533786774
0.999993980 0.003500758 0.000036686 0.770048261 -0.003500861 0.999988258 0.003378643 -1.376763344 -0.000024858 -0.003378751 0.999994278 52.974464417
0.999989331 0.004585380 0.000553357 0.774452627 -0.004587212 0.999983847 0.003358705 -1.385215998 -0.000537947 -0.003361207 0.999994218 53.522174835
0.999991238 0.004172857 0.000538810 0.782430887 -0.004174561 0.999986172 0.003204493 -1.397787333 -0.000525431 -0.003206714 0.999994755 54.080314636
0.999989808 0.004460819 0.000707937 0.802684188 -0.004462878 0.999985695 0.002935293 -1.410701871 -0.000694833 -0.002938422 0.999995470 54.604682922
0.999993026 0.003662076 0.000699413 0.782672167 -0.003664642 0.999986351 0.003702305 -1.429486156 -0.000685846 -0.003704843 0.999992907 55.036403656
0.999988079 0.004681474 0.001254573 0.789579511 -0.004685947 0.999982536 0.003586487 -1.443988323 -0.001237761 -0.003592324 0.999992847 55.584972382
0.999987900 0.004770689 0.001207835 0.800095260 -0.004775476 0.999980628 0.003991778 -1.457571030 -0.001188768 -0.003997499 0.999991298 56.133842468
0.999991477 0.003971060 0.001116274 0.803869605 -0.003974939 0.999985993 0.003494995 -1.476027489 -0.001102380 -0.003499403 0.999993265 56.682922363
0.999991298 0.003907729 0.001449051 0.802494764 -0.003913503 0.999984264 0.004003149 -1.491866946 -0.001433385 -0.004008785 0.999990880 57.114433289
0.999991238 0.003875474 0.001560882 0.812435329 -0.003881546 0.999984801 0.003905539 -1.502518177 -0.001545722 -0.003911564 0.999991119 57.661300659
0.999993205 0.003456899 0.001269711 0.826292634 -0.003461357 0.999987841 0.003525126 -1.519735456 -0.001257510 -0.003529497 0.999992907 58.203407288
0.999991775 0.003811336 0.001374942 0.822781146 -0.003815890 0.999987185 0.003325445 -1.524033070 -0.001362250 -0.003330664 0.999993503 58.655887604
0.999991477 0.003776859 0.001625142 0.832317948 -0.003782387 0.999986947 0.003411391 -1.535229802 -0.001612237 -0.003417508 0.999992788 59.219974518
0.999992609 0.003658706 0.001178792 0.848911285 -0.003662434 0.999988258 0.003175615 -1.543604493 -0.001167160 -0.003179909 0.999994218 59.769050598
0.999990880 0.003912193 0.001698649 0.849967480 -0.003917577 0.999987304 0.003177507 -1.554492474 -0.001686196 -0.003184133 0.999993503 60.205043793
0.999990880 0.004049769 0.001343129 0.862569690 -0.004054059 0.999986708 0.003206461 -1.567837358 -0.001330126 -0.003211876 0.999993980 60.757499695
0.999995053 0.003081684 0.000740043 0.883439541 -0.003084009 0.999990284 0.003160581 -1.583894134 -0.000730296 -0.003162847 0.999994755 61.292133331
0.999989569 0.004136857 0.001944797 0.870119095 -0.004142769 0.999986768 0.003046004 -1.593173265 -0.001932170 -0.003054030 0.999993443 61.787414551
0.999989688 0.004157603 0.001850662 0.880436659 -0.004162342 0.999988079 0.002564395 -1.608312964 -0.001839978 -0.002572072 0.999994993 62.340942383
0.999991953 0.003658409 0.001643002 0.900424778 -0.003663351 0.999988675 0.003014820 -1.622564793 -0.001631954 -0.003020815 0.999994040 62.882743835
0.999989212 0.004141325 0.002097971 0.877344728 -0.004146949 0.999987781 0.002683180 -1.629336834 -0.002086833 -0.002691851 0.999994159 63.353225708
0.999992132 0.003304532 0.002191686 0.893886924 -0.003310098 0.999991179 0.002539999 -1.643939734 -0.002183273 -0.002547234 0.999994338 63.896903992
0.999992013 0.003190418 0.002404888 0.909474730 -0.003196538 0.999991655 0.002545376 -1.656207681 -0.002396747 -0.002553042 0.999993801 64.437049866
0.999992430 0.003211438 0.002201698 0.900568962 -0.003216390 0.999992311 0.002249303 -1.657066464 -0.002194458 -0.002256367 0.999994993 64.905448914
0.999991357 0.003577023 0.002109393 0.913496971 -0.003580889 0.999991953 0.001831451 -1.669361591 -0.002102826 -0.001838988 0.999996066 65.464027405
0.999991357 0.003533692 0.002206798 0.931662679 -0.003538210 0.999991715 0.002047375 -1.687955499 -0.002199545 -0.002055165 0.999995410 65.991012573
0.999989092 0.003921984 0.002544280 0.944241166 -0.003927455 0.999990046 0.002148572 -1.696119547 -0.002535828 -0.002158541 0.999994457 66.524551392
0.999990225 0.004137368 0.001528970 0.992028117 -0.004140769 0.999988914 0.002227827 -1.733647466 -0.001519736 -0.002234137 0.999996424 67.002517700
0.999989986 0.003852151 0.002287499 0.952377081 -0.003857319 0.999989986 0.002258980 -1.722091913 -0.002278774 -0.002267781 0.999994814 67.414978027
0.999988437 0.004116844 0.002499637 0.962607503 -0.004122973 0.999988496 0.002451915 -1.738961339 -0.002489513 -0.002462192 0.999993861 67.968856812
0.999988854 0.003832683 0.002781044 0.975326300 -0.003839038 0.999989986 0.002283109 -1.758362055 -0.002772266 -0.002293760 0.999993503 68.512214661
0.999991417 0.003137397 0.002712550 0.977095008 -0.003142667 0.999993205 0.001940063 -1.758662701 -0.002706445 -0.001948571 0.999994457 68.983703613
0.999988079 0.003739990 0.003133262 0.986358523 -0.003744244 0.999992073 0.001352920 -1.769263148 -0.003128177 -0.001364636 0.999994218 69.532791138
0.999990344 0.003051670 0.003170703 1.000644207 -0.003057124 0.999993920 0.001716902 -1.783105016 -0.003165444 -0.001726579 0.999993563 70.092361450
0.999989092 0.003651078 0.002911357 1.001467824 -0.003656271 0.999991715 0.001779784 -1.799568415 -0.002904835 -0.001790409 0.999994159 70.571754456
0.999988854 0.003816479 0.002786407 1.014274120 -0.003821795 0.999990880 0.001905049 -1.815899491 -0.002779111 -0.001915677 0.999994278 71.120674133
0.999983668 0.004604276 0.003356651 1.020157337 -0.004612135 0.999986649 0.002336989 -1.832955480 -0.003345846 -0.002352432 0.999991596 71.670539856
0.999989629 0.003506518 0.002903577 1.045815468 -0.003512432 0.999991715 0.002033672 -1.857828259 -0.002896422 -0.002043850 0.999993742 72.187591553
0.999985814 0.004406453 0.002987659 1.044095039 -0.004413386 0.999987602 0.002317593 -1.858346462 -0.002977409 -0.002330746 0.999992847 72.672157288
0.999983191 0.004709199 0.003390352 1.053706527 -0.004717493 0.999985933 0.002442333 -1.871411204 -0.003378803 -0.002458286 0.999991238 73.231575012
0.999987662 0.003591312 0.003433142 1.082069397 -0.003598143 0.999991596 0.001985504 -1.885175228 -0.003425983 -0.001997832 0.999992192 73.751014709
0.999979138 0.005325550 0.003652039 1.082969308 -0.005334864 0.999982595 0.002545509 -1.902775168 -0.003638420 -0.002564940 0.999990106 74.268951416
0.999985516 0.004133729 0.003445714 1.093183517 -0.004140047 0.999989688 0.001828228 -1.913256049 -0.003438121 -0.001842467 0.999992311 74.763298035
0.999983728 0.004525042 0.003480189 1.104103088 -0.004531042 0.999988198 0.001718031 -1.925652146 -0.003472374 -0.001733772 0.999992371 75.309738159
0.999987423 0.003780362 0.003268828 1.114415407 -0.003786518 0.999991000 0.001878680 -1.939782143 -0.003261697 -0.001891034 0.999992847 75.841346741
0.999989808 0.003374730 0.003001592 1.153032303 -0.003378905 0.999993384 0.001387301 -1.951949358 -0.002996891 -0.001397429 0.999994516 76.357299805
0.999984801 0.004075475 0.003720114 1.127771497 -0.004081390 0.999990344 0.001583623 -1.958237290 -0.003713624 -0.001598782 0.999991834 76.820030212
0.999986470 0.003837040 0.003515728 1.141976237 -0.003842490 0.999991357 0.001544810 -1.975695610 -0.003509770 -0.001558298 0.999992669 77.372505188
0.999985218 0.004310371 0.003317107 1.160830975 -0.004315312 0.999989569 0.001483532 -1.987272382 -0.003310678 -0.001497825 0.999993443 77.947296143
0.999981880 0.003971030 0.004520271 1.165240645 -0.003978444 0.999990702 0.001632911 -2.000510454 -0.004513745 -0.001650866 0.999988437 78.405899048
0.999971688 0.004669185 0.005887438 1.175517201 -0.004678995 0.999987662 0.001653570 -2.017075300 -0.005879644 -0.001681071 0.999981344 78.950141907
0.999964952 0.004550178 0.007023532 1.189271808 -0.004560833 0.999988437 0.001501800 -2.031531096 -0.007016618 -0.001533781 0.999974251 79.521492004
0.999959528 0.003785589 0.008162722 1.204627514 -0.003796301 0.999991894 0.001297319 -2.039736509 -0.008157745 -0.001328255 0.999965847 79.985504150
0.999930024 0.003399597 0.011325123 1.225717425 -0.003415433 0.999993205 0.001379173 -2.053323269 -0.011320356 -0.001417758 0.999934971 80.546310425
0.999880254 0.003396797 0.015098432 1.250723362 -0.003412441 0.999993682 0.001010424 -2.059325457 -0.015094905 -0.001061825 0.999885499 81.094871521
0.999823213 0.004059713 0.018356282 1.265872717 -0.004085800 0.999990702 0.001383944 -2.084349632 -0.018350493 -0.001458699 0.999830484 81.580986023
0.999751985 0.003101716 0.022052959 1.297572136 -0.003126799 0.999994457 0.001102947 -2.095727921 -0.022049416 -0.001171628 0.999756157 82.131057739
0.999602556 0.003526691 0.027967200 1.324774027 -0.003564652 0.999992788 0.001307619 -2.113448858 -0.027962385 -0.001406793 0.999607921 82.670372009
0.999389529 0.004222849 0.034679782 1.350756168 -0.004266794 0.999990165 0.001193191 -2.124268055 -0.034674406 -0.001340433 0.999397695 83.194625854
0.999170661 0.004714296 0.040444158 1.386160374 -0.004773578 0.999987602 0.001369330 -2.138384104 -0.040437203 -0.001561258 0.999180794 83.744201660
0.998792171 0.004780991 0.048901234 1.435554266 -0.004879599 0.999986351 0.001897309 -2.167613029 -0.048891492 -0.002133636 0.998801768 84.272590637
0.998348832 0.004490773 0.057266746 1.477169752 -0.004561200 0.999988973 0.001099188 -2.168329000 -0.057261176 -0.001358578 0.998358250 84.812194824
0.997923791 0.004087090 0.064277433 1.530021906 -0.004162046 0.999990821 0.001032276 -2.177704811 -0.064272612 -0.001297659 0.997931480 85.370689392
0.997276604 0.004217858 0.073632672 1.583337307 -0.004308113 0.999990106 0.001066967 -2.194815636 -0.073627450 -0.001381279 0.997284830 85.908256531
0.996499538 0.004199692 0.083492838 1.649749756 -0.004306083 0.999990046 0.001094226 -2.207023621 -0.083487421 -0.001449923 0.996507883 86.430557251
0.995729208 0.003468941 0.092257284 1.717582226 -0.003567653 0.999993205 0.000905050 -2.212218761 -0.092253521 -0.001230327 0.995734811 86.983474731
0.995003164 0.003021509 0.099798657 1.793058872 -0.003077304 0.999995172 0.000405135 -2.226182699 -0.099796958 -0.000710222 0.995007575 87.529258728
0.993963838 0.003368089 0.109656692 1.847502232 -0.003454611 0.999993861 0.000599072 -2.243921041 -0.109653994 -0.000974277 0.993969321 87.994659424
0.992783248 0.003205760 0.119880222 1.937638283 -0.003279969 0.999994457 0.000421719 -2.255919695 -0.119878203 -0.000811879 0.992788255 88.530616760
0.991602540 0.002577117 0.129297242 2.029272079 -0.002632412 0.999996483 0.000256776 -2.271185875 -0.129296109 -0.000594983 0.991605878 89.067955017
0.989976525 0.002468730 0.141210690 2.118020058 -0.002498979 0.999996901 0.000036878 -2.271481991 -0.141210169 -0.000389391 0.989979506 89.647964478
0.988153696 0.002379823 0.153448850 2.216477394 -0.002483094 0.999996722 0.000481351 -2.298914433 -0.153447181 -0.000856677 0.988156617 90.120079041
0.986390769 0.002092927 0.164404422 2.326897621 -0.002189253 0.999997437 0.000404714 -2.310189724 -0.164403141 -0.000759129 0.986392975 90.668388367
0.984599531 0.001793569 0.174815670 2.443340302 -0.001866687 0.999998212 0.000253834 -2.323836565 -0.174814939 -0.000576251 0.984601140 91.206336975
0.982152700 0.002045593 0.188074142 2.543523788 -0.002196551 0.999997318 0.000594237 -2.341670990 -0.188072413 -0.000996747 0.982154727 91.719215393
0.979795635 0.001382712 0.199997127 2.680027962 -0.001512234 0.999998748 0.000494848 -2.351367950 -0.199996233 -0.000787292 0.979796290 92.239334106
0.977602661 0.001554358 0.210453376 2.808937073 -0.001677893 0.999998569 0.000408432 -2.368291140 -0.210452452 -0.000752403 0.977603734 92.771743774
0.974683523 0.001461872 0.223584145 2.951808929 -0.001682314 0.999998271 0.000795466 -2.388428926 -0.223582610 -0.001151466 0.974684238 93.293113708
0.971559107 0.001004071 0.236795023 3.093050003 -0.001065892 0.999999344 0.000133056 -2.380165815 -0.236794740 -0.000381670 0.971559763 93.832557678
0.968798935 0.000707119 0.247846827 3.247903824 -0.000725704 0.999999642 -0.000016371 -2.393079281 -0.247846797 -0.000164003 0.968799293 94.356262207
0.965974391 0.000774538 0.258636832 3.416770935 -0.000948311 0.999999404 0.000547122 -2.415880680 -0.258636236 -0.000773774 0.965974450 94.839546204
0.962334275 -0.000054931 0.271868497 3.569040298 -0.000055679 0.999999940 0.000399135 -2.417513371 -0.271868467 -0.000399238 0.962334335 95.316329956
0.958641052 -0.001050920 0.284615755 3.749078751 0.001145103 0.999999344 -0.000164517 -2.430454016 -0.284615397 0.000483627 0.958641708 95.846237183
0.955157399 -0.001082124 0.296096385 3.933654785 0.001217605 0.999999225 -0.000273158 -2.437935829 -0.296095788 0.000621438 0.955158055 96.370925903
0.950781703 -0.000468507 0.309861153 4.132629395 0.000374946 0.999999881 0.000361498 -2.458616495 -0.309861243 -0.000227524 0.950781703 96.900718689
0.946111977 -0.000740089 0.323838800 4.286884308 0.000609645 0.999999702 0.000504252 -2.467036963 -0.323839098 -0.000279652 0.946112096 97.340087891
0.942261696 -0.001573207 0.334873825 4.494464874 0.001602845 0.999998748 0.000187849 -2.478152275 -0.334873736 0.000359748 0.942262948 97.846435547
0.937321663 -0.001950185 0.348460019 4.707635880 0.001944348 0.999998093 0.000366476 -2.494238615 -0.348460048 0.000334022 0.937323630 98.371047974
0.931895494 -0.001878468 0.362721950 4.903469086 0.002000947 0.999997973 0.000038019 -2.504270792 -0.362721294 0.000690357 0.931897402 98.833091736
0.927140534 -0.002248175 0.374707103 5.134569168 0.002399209 0.999997139 0.000063421 -2.518369198 -0.374706179 0.000840201 0.927143276 99.334922791
0.922239184 -0.001897096 0.386614889 5.357429504 0.002005958 0.999997973 0.000121874 -2.530431271 -0.386614323 0.000663136 0.922241271 99.840805054
0.916613638 -0.002927500 0.399763256 5.611572266 0.003031233 0.999995291 0.000372764 -2.550289631 -0.399762511 0.000870095 0.916618228 100.296905518
0.910187900 -0.002229890 0.414189547 5.813571930 0.002267158 0.999997377 0.000401614 -2.547391176 -0.414189368 0.000573489 0.910190463 100.800567627
0.905255914 -0.002913555 0.424856693 6.068202972 0.003134006 0.999995172 0.000179972 -2.560818434 -0.424855113 0.001168583 0.905260563 101.283813477
0.899249256 -0.002822450 0.437427580 6.324916840 0.002772676 0.999995947 0.000752380 -2.581223249 -0.437427849 0.000536267 0.899253309 101.774902344
0.893334448 -0.004449936 0.449370414 6.613883972 0.004386078 0.999989748 0.001183113 -2.612942219 -0.449371040 0.000914058 0.893344641 102.212951660
0.886569500 -0.002926999 0.462586164 6.835525513 0.003186571 0.999994814 0.000220213 -2.589303255 -0.462584376 0.001278829 0.886574328 102.713760376
0.880696177 -0.003360334 0.473669797 7.115432739 0.003653685 0.999993265 0.000300896 -2.603190184 -0.473667622 0.001465642 0.880702496 103.194747925
0.873260736 -0.003399656 0.487241477 7.388511658 0.003591757 0.999993324 0.000539967 -2.627028465 -0.487240076 0.001278521 0.873267114 103.631843567
0.865820348 -0.004146880 0.500337839 7.649272919 0.004509283 0.999989688 0.000484891 -2.625153780 -0.500334740 0.001836337 0.865830123 104.058425903
0.859740794 -0.004488317 0.510711014 7.949882507 0.005042633 0.999987185 0.000299392 -2.637667656 -0.510705888 0.002317929 0.859752357 104.515556335
0.851626813 -0.003994806 0.524133503 8.246383667 0.004582253 0.999989450 0.000176283 -2.652333260 -0.524128854 0.002251585 0.851636052 104.961441040
