1.000000000 0.000000000 0.000000000 0.000000000 0.000000000 1.000000000 0.000000000 0.000000000 0.000000000 0.000000000 1.000000000 0.000000000
1.000000000 -0.000042176 -0.000032790 0.000522045 0.000042178 1.000000000 0.000053495 -0.000225046 0.000032787 -0.000053496 1.000000000 -0.000494303
1.000000000 -0.000001015 0.000049645 -0.000118267 0.000001014 1.000000000 0.000009145 0.000332460 -0.000049645 -0.000009145 1.000000000 0.000297810
1.000000000 -0.000116290 0.000020989 0.000084015 0.000116289 1.000000000 0.000063826 0.000070236 -0.000020997 -0.000063824 1.000000000 -0.000208584
1.000000000 -0.000084489 -0.000033683 0.000630842 0.000084487 1.000000000 -0.000055148 0.000205820 0.000033687 0.000055145 1.000000000 -0.000161981
1.000000000 -0.000062636 0.000037201 0.000937800 0.000062632 1.000000000 0.000117133 -0.001092492 -0.000037209 -0.000117131 1.000000000 -0.000436573
1.000000000 0.000079478 0.000135156 -0.000489378 -0.000079469 1.000000000 -0.000064303 0.000839128 -0.000135161 0.000064293 1.000000000 0.000608097
1.000000000 -0.000010446 0.000127868 -0.000042125 0.000010439 1.000000000 0.000053529 -0.000417525 -0.000127868 -0.000053527 1.000000000 -0.000845436
1.000000000 -0.000184038 0.000082968 0.000689156 0.000184042 1.000000000 -0.000053429 0.000871655 -0.000082958 0.000053444 1.000000000 0.000405243
1.000000000 0.000022263 -0.000028256 0.001040317 -0.000022267 1.000000000 -0.000112726 0.000142422 0.000028254 0.000112727 1.000000000 -0.001247684
1.000000000 -0.000078723 -0.000012950 0.001194356 0.000078723 1.000000000 -0.000063745 0.000745643 0.000012955 0.000063744 1.000000000 0.000662548
1.000000000 -0.000044554 0.000067193 0.000111507 0.000044555 1.000000000 -0.000019196 0.000282219 -0.000067192 0.000019199 1.000000000 0.000023879
1.000000000 -0.000046566 0.000080004 0.000044262 0.000046559 1.000000000 0.000089940 -0.000555466 -0.000080008 -0.000089937 1.000000000 -0.000083037
1.000000000 0.000032518 -0.000001595 0.001180007 -0.000032518 1.000000000 -0.000003200 0.000085137 0.000001594 0.000003200 1.000000000 -0.000518704
0.999999940 -0.000353143 -0.000101604 0.001454925 0.000353136 0.999999940 -0.000068988 0.000311373 0.000101628 0.000068952 1.000000000 -0.001099076
1.000000000 -0.000067910 0.000097827 0.000195886 0.000067885 0.999999940 0.000260390 -0.001556296 -0.000097845 -0.000260384 0.999999940 -0.001043326
1.000000000 0.000089830 -0.000170277 0.001383176 -0.000089826 1.000000000 0.000026254 0.000189918 0.000170279 -0.000026239 1.000000000 -0.001222978
1.000000000 -0.000048368 -0.000062518 0.000843275 0.000048374 1.000000000 0.000097342 -0.000331401 0.000062513 -0.000097345 1.000000000 -0.000349630
1.000000000 -0.000031903 -0.000107470 0.001448755 0.000031902 1.000000000 -0.000008293 0.000903014 0.000107471 0.000008290 1.000000000 0.000017850
1.000000000 0.000106817 -0.000072451 0.000831539 -0.000106819 1.000000000 -0.000036275 0.000805058 0.000072447 0.000036283 1.000000000 -0.000495553
1.000000000 0.000011919 0.000025514 -0.000057203 -0.000011922 1.000000000 0.000113167 -0.000682703 -0.000025512 -0.000113167 1.000000000 -0.000800084
1.000000000 -0.000036156 -0.000143836 0.002463872 0.000036140 1.000000000 -0.000111736 0.000527043 0.000143840 0.000111731 1.000000000 -0.000219599
1.000000000 0.000061873 0.000002884 0.001242353 -0.000061873 1.000000000 0.000090446 0.000206949 -0.000002879 -0.000090446 1.000000000 0.000653549
1.000000000 0.000124717 -0.000126776 0.001682925 -0.000124722 1.000000000 -0.000041302 0.000690962 0.000126771 0.000041318 1.000000000 -0.001613924
1.000000000 -0.000076847 -0.000163736 0.001507826 0.000076852 1.000000000 0.000029877 -0.000394615 0.000163734 -0.000029890 1.000000000 -0.002304122
1.000000000 0.000005799 -0.000128794 0.000748018 -0.000005794 1.000000000 0.000041930 -0.000150942 0.000128794 -0.000041929 1.000000000 -0.000761648
0.999999940 0.000253518 0.000029099 -0.000253510 -0.000253518 0.999999940 -0.000003782 0.000551127 -0.000029100 0.000003775 1.000000000 0.001145227
1.000000000 -0.000090097 -0.000016378 0.000214058 0.000090100 1.000000000 0.000185247 -0.000441586 0.000016361 -0.000185248 1.000000000 0.000380667
1.000000000 0.000064382 0.000015039 -0.000030541 -0.000064383 1.000000000 0.000064059 -0.000341402 -0.000015035 -0.000064060 1.000000000 -0.000810635
1.000000000 -0.000120214 0.000093696 0.000247298 0.000120204 1.000000000 0.000114720 -0.001093396 -0.000093710 -0.000114709 1.000000000 -0.001268666
1.000000000 -0.000182494 0.000102904 -0.000135218 0.000182483 1.000000000 0.000109488 -0.000812398 -0.000102924 -0.000109470 1.000000000 -0.001000984
1.000000000 -0.000002663 0.000020598 0.000673228 0.000002663 1.000000000 0.000026745 -0.000423534 -0.000020598 -0.000026745 1.000000000 -0.000920557
1.000000000 -0.000078601 -0.000106066 0.001394322 0.000078611 1.000000000 0.000089220 -0.000429602 0.000106059 -0.000089229 1.000000000 0.000143486
1.000000000 0.000086069 0.000047858 0.000149303 -0.000086067 1.000000000 -0.000030969 0.000483165 -0.000047861 0.000030965 1.000000000 0.000805123
1.000000000 -0.000001025 -0.000081287 0.001518137 0.000001026 1.000000000 0.000013480 0.000318438 0.000081287 -0.000013480 1.000000000 -0.000439323
1.000000000 -0.000007006 0.000090249 -0.000205093 0.000007009 1.000000000 -0.000035618 0.000642343 -0.000090249 0.000035619 1.000000000 0.000048439
1.000000000 -0.000189497 -0.000104953 0.001465622 0.000189494 1.000000000 -0.000028772 0.000388972 0.000104959 0.000028752 1.000000000 0.000331688
1.000000000 -0.000202509 -0.000071981 0.001656822 0.000202511 1.000000000 0.000020787 0.000435767 0.000071977 -0.000020802 1.000000000 -0.000298686
0.999999940 -0.000253414 0.000140328 0.000604971 0.000253425 0.999999940 -0.000078011 0.000872402 -0.000140308 0.000078047 1.000000000 0.002574665
0.999999940 -0.000298354 0.000007368 0.002642202 0.000298359 0.999999702 -0.000724943 -0.001726966 -0.000007152 0.000724945 0.999999762 0.050070491
0.999996960 0.001803533 -0.001673721 0.007153301 -0.001809884 0.999991119 -0.003800562 0.009620224 0.001666852 0.003803580 0.999991357 0.137412891
0.999995887 0.002280191 -0.001751443 0.009523373 -0.002287205 0.999989331 -0.004013632 0.005525449 0.001742272 0.004017622 0.999990344 0.252760410
0.999988496 0.004192012 -0.002339226 0.015434492 -0.004202560 0.999980867 -0.004522302 0.013638924 0.002320224 0.004532081 0.999987006 0.380502015
0.999988377 0.004164343 -0.002442277 0.018284321 -0.004175175 0.999981403 -0.004446724 0.009342226 0.002423714 0.004456869 0.999987185 0.519396245
0.999985218 0.004998231 -0.002150113 0.015406544 -0.005008697 0.999975502 -0.004889925 0.008580791 0.002125620 0.004900622 0.999985754 0.671817422
0.999989271 0.003495098 -0.003010642 0.039146662 -0.003506203 0.999987066 -0.003691428 -0.006261480 0.002997701 0.003701944 0.999988675 0.855806410
0.999987483 0.004008313 -0.002987021 0.031647097 -0.004023384 0.999979079 -0.005056428 0.000319381 0.002966691 0.005068383 0.999982715 1.015337586
0.999982476 0.004206365 -0.004163034 0.053780608 -0.004228770 0.999976635 -0.005388026 0.008258021 0.004140272 0.005405536 0.999976814 1.218197942
0.999984384 0.003692353 -0.004188293 0.059534833 -0.003713845 0.999979913 -0.005135238 0.001677165 0.004169248 0.005150712 0.999978006 1.403335690
0.999985635 0.004129475 -0.003443610 0.058711626 -0.004147040 0.999978364 -0.005108985 0.002967970 0.003422439 0.005123192 0.999981046 1.594218731
0.999985218 0.004078888 -0.003598972 0.065152235 -0.004096997 0.999978960 -0.005038765 -0.000867393 0.003578343 0.005053435 0.999980867 1.794088721
0.999985337 0.004334758 -0.003244009 0.056053504 -0.004348521 0.999981523 -0.004247698 -0.021510761 0.003225537 0.004261743 0.999985695 1.987865210
0.999988437 0.003706657 -0.003061963 0.060563412 -0.003718781 0.999985218 -0.003963266 -0.033278272 0.003047227 0.003974607 0.999987483 2.182551861
0.999989092 0.003173992 -0.003409261 0.068998829 -0.003187716 0.999986768 -0.004027861 -0.041843109 0.003396431 0.004038684 0.999986053 2.396400452
0.999990225 0.002890647 -0.003333218 0.075155996 -0.002904342 0.999987364 -0.004111392 -0.048928030 0.003321291 0.004121033 0.999985933 2.617918253
0.999977708 0.005652995 -0.003555469 0.083322048 -0.005664790 0.999978423 -0.003315855 -0.067414612 0.003536647 0.003335922 0.999988198 2.858802557
0.999979794 0.005616807 -0.002965791 0.084650308 -0.005626614 0.999978721 -0.003308992 -0.075114697 0.002947142 0.003325613 0.999990106 3.091527939
0.999987662 0.004137185 -0.002743863 0.076800391 -0.004148033 0.999983549 -0.003959990 -0.067278780 0.002727435 0.003971323 0.999988317 3.324011803
0.999990940 0.003213522 -0.002798106 0.086511627 -0.003223651 0.999988198 -0.003622617 -0.075514801 0.002786432 0.003631604 0.999989510 3.567325830
0.999990880 0.002936319 -0.003102981 0.091553688 -0.002947676 0.999988973 -0.003662024 -0.081700355 0.003092194 0.003671138 0.999988437 3.824017763
0.999987185 0.003299567 -0.003822156 0.105297990 -0.003314190 0.999987185 -0.003825934 -0.091169804 0.003809483 0.003838552 0.999985397 4.073660374
0.999985516 0.003765184 -0.003825107 0.107745379 -0.003780863 0.999984384 -0.004100137 -0.097207665 0.003809609 0.004114540 0.999984264 4.302768707
0.999987781 0.003526907 -0.003443927 0.111496553 -0.003541548 0.999984682 -0.004254466 -0.106026918 0.003428869 0.004266612 0.999985039 4.556719780
0.999988675 0.003394738 -0.003324268 0.119596340 -0.003402586 0.999991417 -0.002358095 -0.125902265 0.003316235 0.002369380 0.999991655 4.805182457
0.999986231 0.003761351 -0.003668885 0.127192110 -0.003769468 0.999990463 -0.002207860 -0.135820299 0.003660545 0.002221659 0.999990880 5.061476231
0.999986947 0.003769756 -0.003445372 0.127062559 -0.003782960 0.999985456 -0.003834020 -0.119126529 0.003430868 0.003847003 0.999986708 5.323652267
0.999984205 0.004917938 -0.002716095 0.141061455 -0.004927933 0.999980986 -0.003685531 -0.133362934 0.002697919 0.003698857 0.999989450 5.577507496
0.999985456 0.004626736 -0.002756137 0.141908124 -0.004635454 0.999984205 -0.003165494 -0.145157188 0.002741448 0.003178224 0.999991179 5.844142437
0.999983668 0.005193852 -0.002343625 0.143315107 -0.005202692 0.999979258 -0.003781749 -0.153422922 0.002323935 0.003793881 0.999990046 6.126444817
0.999990821 0.002406557 -0.003539297 0.177087381 -0.002414837 0.999994338 -0.002336951 -0.191328630 0.003533653 0.002345477 0.999991000 6.372506618
0.999986947 0.004322455 -0.002715340 0.164921060 -0.004331390 0.999985158 -0.003293191 -0.188769072 0.002701066 0.003304909 0.999990880 6.641447067
0.999985397 0.004950244 -0.002126885 0.165159345 -0.004956869 0.999982774 -0.003121259 -0.199894339 0.002111397 0.003131757 0.999992847 6.939268112
0.999986470 0.004011633 -0.003296393 0.179461077 -0.004023466 0.999985397 -0.003590893 -0.199658275 0.003281939 0.003604108 0.999988139 7.234496117
0.999984026 0.004728543 -0.003082361 0.182048559 -0.004737217 0.999984741 -0.002813129 -0.218629137 0.003069011 0.002827685 0.999991298 7.537006855
0.999985933 0.004138340 -0.003303677 0.188164994 -0.004146299 0.999988496 -0.002405890 -0.231125847 0.003293683 0.002419554 0.999991655 7.857769012
0.999984264 0.003827855 -0.004104929 0.202393740 -0.003841905 0.999986768 -0.003420343 -0.235298172 0.004091782 0.003436060 0.999985754 8.191758156
0.999985516 0.005001504 -0.001975029 0.184594661 -0.005008453 0.999981165 -0.003529164 -0.244273111 0.001957341 0.003539005 0.999991775 8.516889572
0.999985516 0.004325543 -0.003209217 0.210148320 -0.004333730 0.999987364 -0.002548444 -0.266987264 0.003198154 0.002562315 0.999991596 8.849306107
0.999982119 0.005028914 -0.003238531 0.194353715 -0.005034614 0.999985814 -0.001754588 -0.290930361 0.003229661 0.001770861 0.999993205 9.127779007
0.999986410 0.003889891 -0.003459513 0.200519651 -0.003892972 0.999992013 -0.000884334 -0.317567289 0.003456045 0.000897790 0.999993563 9.475563049
0.999989629 0.003779324 -0.002552669 0.197490737 -0.003783099 0.999991715 -0.001475413 -0.313438118 0.002547072 0.001485055 0.999995589 9.821342468
0.999985397 0.004224833 -0.003372560 0.198214665 -0.004232684 0.999988437 -0.002324314 -0.317900091 0.003362701 0.002338555 0.999991596 10.168872833
0.999989569 0.003788217 -0.002527571 0.201916173 -0.003794384 0.999989927 -0.002439937 -0.330248535 0.002518302 0.002449503 0.999993801 10.531467438
0.999978960 0.005114753 -0.004022850 0.233580619 -0.005119717 0.999986112 -0.001224181 -0.358353496 0.004016534 0.001244751 0.999991119 10.892354012
0.999983907 0.004877644 -0.002869431 0.221953943 -0.004882792 0.999986470 -0.001790004 -0.358174980 0.002860661 0.001803986 0.999994278 11.288130760
0.999981582 0.005225831 -0.003095432 0.227568597 -0.005228089 0.999986053 -0.000721875 -0.385830224 0.003091616 0.000738045 0.999994934 11.630414009
0.999978542 0.005750522 -0.003146296 0.235750511 -0.005755825 0.999981999 -0.001679207 -0.386589348 0.003136583 0.001697280 0.999993563 12.009976387
0.999983728 0.004746752 -0.003154136 0.249597996 -0.004749760 0.999988258 -0.000947089 -0.403934866 0.003149603 0.000962055 0.999994516 12.412222862
0.999982357 0.005142734 -0.002973337 0.247481093 -0.005144647 0.999986589 -0.000636167 -0.414742142 0.002970025 0.000651453 0.999995291 12.794799805
0.999973536 0.006554045 -0.003153834 0.250051469 -0.006559025 0.999977231 -0.001571572 -0.419988245 0.003143462 0.001592216 0.999993801 13.195527077
0.999988616 0.004332892 -0.002006307 0.254565895 -0.004335561 0.999989748 -0.001328123 -0.435622007 0.002000532 0.001336807 0.999997079 13.590671539
0.999979019 0.006112576 -0.002148828 0.261126816 -0.006114662 0.999980867 -0.000965175 -0.448433876 0.002142886 0.000978294 0.999997139 14.006290436
0.999974191 0.006589319 -0.002843050 0.278122127 -0.006596319 0.999975145 -0.002459854 -0.452619642 0.002826770 0.002478544 0.999992907 14.449321747
0.999982119 0.005958695 -0.000679809 0.273847491 -0.005959262 0.999981821 -0.000832366 -0.476331115 0.000674837 0.000836403 0.999999404 14.848071098
0.999982536 0.005637497 -0.001780191 0.288157314 -0.005639415 0.999983549 -0.001074141 -0.483497947 0.001774106 0.001084162 0.999997854 15.305354118
0.999979377 0.006355070 -0.000919218 0.293024093 -0.006355701 0.999979556 -0.000684044 -0.507139862 0.000914853 0.000689872 0.999999344 15.723951340
0.999985933 0.005142258 -0.001273062 0.311379701 -0.005144025 0.999985754 -0.001388589 -0.516348541 0.001265904 0.001395118 0.999998212 16.182981491
0.999988735 0.004513979 -0.001466964 0.316103280 -0.004515700 0.999989092 -0.001171252 -0.525781691 0.001461662 0.001177864 0.999998212 16.611911774
0.999991119 0.004149654 0.000774022 0.287437469 -0.004149592 0.999991298 -0.000082553 -0.563300312 -0.000774358 0.000079341 0.999999702 17.014230728
0.999988139 0.004742875 0.001123600 0.305519044 -0.004742819 0.999988735 -0.000052511 -0.581543386 -0.001123835 0.000047182 0.999999344 17.438108444
0.999984205 0.005563551 0.000874206 0.317442209 -0.005563856 0.999984503 0.000346593 -0.600737274 -0.000872264 -0.000351451 0.999999583 17.906940460
0.999971747 0.007119365 0.002406395 0.311517894 -0.007120558 0.999974549 0.000487518 -0.612836361 -0.002402862 -0.000504639 0.999996960 18.381618500
0.999971867 0.007163125 0.002237265 0.333507687 -0.007166005 0.999973536 0.001282047 -0.645539522 -0.002228022 -0.001298043 0.999996603 18.811689377
0.999986649 0.005040180 0.001130531 0.360758245 -0.005041278 0.999986768 0.000969649 -0.650582314 -0.001125629 -0.000975336 0.999998868 19.344038010
0.999987185 0.005021581 0.000548943 0.376447350 -0.005022005 0.999987066 0.000774324 -0.661440134 -0.000545048 -0.000777071 0.999999464 19.825279236
0.999981880 0.005843024 0.001430195 0.372735769 -0.005845725 0.999981046 0.001890868 -0.685212910 -0.001419120 -0.001899194 0.999997199 20.317707062
0.999976516 0.006634769 0.001710523 0.374108940 -0.006637234 0.999976933 0.001439421 -0.691700161 -0.001700933 -0.001450740 0.999997497 20.813043594
0.999987245 0.005048199 0.000271813 0.396152735 -0.005048627 0.999985993 0.001596439 -0.697176635 -0.000263750 -0.001597791 0.999998629 21.319164276
0.999983430 0.005687248 0.000814498 0.398052096 -0.005688901 0.999981761 0.002041428 -0.729958892 -0.000802874 -0.002046028 0.999997556 21.761772156
0.999968648 0.007836155 0.001140552 0.380223870 -0.007837159 0.999968886 0.000878875 -0.732825577 -0.001133630 -0.000887786 0.999998927 22.346464157
0.999983013 0.005741433 -0.000987264 0.420915544 -0.005739425 0.999981463 0.002024453 -0.762605965 0.000998869 -0.002018753 0.999997377 22.844552994
0.999978364 0.006554681 -0.000576279 0.413804561 -0.006553980 0.999977767 0.001210326 -0.766770363 0.000584200 -0.001206523 0.999999106 23.392137527
0.999980628 0.006076136 -0.001345531 0.419742733 -0.006075501 0.999981403 0.000475081 -0.778085649 0.001348393 -0.000466897 0.999998987 23.911188126
0.999979138 0.006125584 -0.002011283 0.428520977 -0.006122194 0.999979854 0.001687564 -0.801706195 0.002021579 -0.001675216 0.999996543 24.433183670
0.999969184 0.007684602 -0.001614867 0.433903039 -0.007681668 0.999968827 0.001815714 -0.820347011 0.001628769 -0.001803253 0.999997020 24.971057892
0.999971390 0.006639295 -0.003602336 0.453427076 -0.006631807 0.999975860 0.002086374 -0.830714643 0.003616101 -0.002062424 0.999991357 25.488731384
0.999970973 0.006543520 -0.003897408 0.453406304 -0.006536494 0.999976993 0.001812743 -0.847977519 0.003909180 -0.001787215 0.999990761 26.043590546
0.999973118 0.005579216 -0.004754638 0.463198811 -0.005566434 0.999980867 0.002697329 -0.862163126 0.004769596 -0.002670790 0.999985099 26.598360062
0.999966741 0.007276296 -0.003680093 0.461421669 -0.007267003 0.999970376 0.002532294 -0.886835635 0.003698410 -0.002505467 0.999990046 27.172513962
0.999963582 0.007895388 -0.003223213 0.452632517 -0.007887100 0.999965608 0.002575655 -0.899110794 0.003243437 -0.002550139 0.999991477 27.708732605
0.999960542 0.007826020 -0.004210368 0.459782600 -0.007813771 0.999965191 0.002917718 -0.917411745 0.004233055 -0.002884704 0.999986887 28.264598846
0.999963701 0.007216671 -0.004526148 0.478509307 -0.007201959 0.999968708 0.003258559 -0.942009926 0.004549522 -0.003225844 0.999984443 28.819721222
0.999964833 0.006590979 -0.005169383 0.495046735 -0.006577208 0.999974787 0.002676322 -0.958662450 0.005186892 -0.002642228 0.999983072 29.383068085
0.999955177 0.007738212 -0.005451428 0.500099897 -0.007712726 0.999959290 0.004680738 -0.997126341 0.005487427 -0.004638482 0.999974132 29.912223816
0.999954581 0.007622090 -0.005709819 0.503950477 -0.007599733 0.999963343 0.003926995 -1.004150748 0.005739542 -0.003883424 0.999975920 30.490436554
0.999954760 0.007456302 -0.005892304 0.516521931 -0.007433588 0.999964833 0.003867376 -1.015689373 0.005920933 -0.003823400 0.999975145 31.027175903
0.999953270 0.006761321 -0.006924222 0.538216949 -0.006732893 0.999968827 0.004120848 -1.044439912 0.006951869 -0.004074035 0.999967515 31.586534500
0.999959350 0.006068232 -0.006671019 0.542683661 -0.006039161 0.999972224 0.004369428 -1.058247328 0.006697349 -0.004328963 0.999968231 32.127254486
0.999953270 0.006428863 -0.007221952 0.549465358 -0.006395443 0.999968708 0.004641219 -1.071298838 0.007251565 -0.004594814 0.999963164 32.654727936
0.999954283 0.006789616 -0.006736167 0.537665069 -0.006755739 0.999964416 0.005039147 -1.105379701 0.006770142 -0.004993408 0.999964595 33.215637207
0.999953628 0.006272250 -0.007303261 0.559026182 -0.006238700 0.999969900 0.004607572 -1.105121851 0.007331940 -0.004561795 0.999962687 33.744766235
0.999950528 0.006652258 -0.007398496 0.559846759 -0.006619172 0.999967992 0.004487569 -1.116626501 0.007428112 -0.004438375 0.999962568 34.303695679
0.999947965 0.006673543 -0.007713229 0.569056153 -0.006637089 0.999966741 0.004742097 -1.129522204 0.007744620 -0.004690657 0.999958932 34.858963013
0.999948800 0.007343980 -0.006949357 0.554844379 -0.007309657 0.999960959 0.004951634 -1.145795107 0.006985452 -0.004900584 0.999963522 35.409797668
0.999947250 0.007005565 -0.007507391 0.568375587 -0.006966331 0.999962032 0.005239592 -1.166114092 0.007543813 -0.005187016 0.999958098 35.952545166
0.999948919 0.006733057 -0.007527927 0.577105403 -0.006698146 0.999966741 0.004653105 -1.177868843 0.007559007 -0.004602444 0.999960840 36.516208649
0.999946117 0.007017639 -0.007653390 0.583731234 -0.006976850 0.999961317 0.005343410 -1.191629887 0.007690593 -0.005289725 0.999956369 37.043041229
0.999940693 0.007610001 -0.007785712 0.597301483 -0.007567309 0.999956191 0.005498130 -1.211501956 0.007827212 -0.005438887 0.999954581 37.589965820
0.999946833 0.006696410 -0.007843894 0.603855014 -0.006655032 0.999963880 0.005289381 -1.227946043 0.007879032 -0.005236899 0.999955237 38.140117645
0.999941707 0.006584697 -0.008558333 0.618479729 -0.006539886 0.999964833 0.005253407 -1.233320951 0.008592623 -0.005197130 0.999949574 38.674510956
0.999937713 0.007222254 -0.008508705 0.623663068 -0.007182786 0.999963343 0.004660037 -1.236545563 0.008542048 -0.004598631 0.999952912 39.229892731
0.999937177 0.007398141 -0.008419661 0.634305000 -0.007353402 0.999958754 0.005332325 -1.257236958 0.008458762 -0.005270077 0.999950349 39.769798279
0.999933064 0.008371433 -0.007988405 0.629942000 -0.008334600 0.999954522 0.004632934 -1.258150339 0.008026826 -0.004566044 0.999957383 40.332267761
0.999929965 0.008623760 -0.008106711 0.635627866 -0.008588339 0.999953449 0.004394023 -1.262104154 0.008144229 -0.004324092 0.999957502 40.883716583
0.999932170 0.007443866 -0.008956417 0.651509285 -0.007394935 0.999957621 0.005483878 -1.293925405 0.008996858 -0.005417274 0.999944866 41.408206940
0.999930382 0.007587739 -0.009052643 0.655624926 -0.007546006 0.999960780 0.004635461 -1.307684779 0.009087461 -0.004566826 0.999948263 41.963027954
0.999927521 0.008523735 -0.008502694 0.655662060 -0.008481079 0.999951243 0.005040504 -1.315823197 0.008545244 -0.004968026 0.999951124 42.506256104
0.999919355 0.007615589 -0.010158055 0.681983352 -0.007566812 0.999959707 0.004831541 -1.332310915 0.010194440 -0.004754288 0.999936700 43.030403137
0.999921679 0.007617503 -0.009928674 0.683779180 -0.007563851 0.999956608 0.005430122 -1.352065206 0.009969609 -0.005354597 0.999935985 43.583515167
0.999920428 0.007966842 -0.009783304 0.674459577 -0.007916733 0.999955416 0.005150036 -1.362107992 0.009823896 -0.005072175 0.999938905 44.122070312
0.999917746 0.008311467 -0.009772350 0.677564859 -0.008264123 0.999954045 0.004875341 -1.364261746 0.009812424 -0.004794181 0.999940395 44.669071198
0.999930739 0.007991526 -0.008635915 0.680452347 -0.007944828 0.999953628 0.005428381 -1.390501380 0.008678897 -0.005359394 0.999947965 45.205238342
0.999924302 0.008099277 -0.009264723 0.698954582 -0.008049655 0.999953151 0.005380854 -1.403945208 0.009307869 -0.005305869 0.999942601 45.753681183
0.999924481 0.008342122 -0.009018023 0.699904084 -0.008299807 0.999954402 0.004719464 -1.412015557 0.009056981 -0.004644260 0.999948204 46.293407440
0.999921560 0.008959198 -0.008749136 0.691668630 -0.008911549 0.999945343 0.005470033 -1.430752039 0.008797664 -0.005391635 0.999946773 46.840572357
0.999924123 0.008602533 -0.008815152 0.695308805 -0.008572246 0.999957263 0.003467765 -1.411166906 0.008844607 -0.003391936 0.999955118 47.394012451
0.999927402 0.009028725 -0.007981176 0.691859603 -0.008997151 0.999951601 0.003983309 -1.426655889 0.008016754 -0.003911212 0.999960244 47.937961578
0.999916494 0.009857206 -0.008358541 0.709632039 -0.009826822 0.999944925 0.003668390 -1.437787056 0.008394241 -0.003585946 0.999958336 48.472373962
0.999916553 0.009999779 -0.008179811 0.717850506 -0.009965884 0.999941587 0.004174107 -1.457184553 0.008221074 -0.004092239 0.999957860 49.012832642
0.999924302 0.009389276 -0.007944983 0.721824288 -0.009359903 0.999949217 0.003726227 -1.465776563 0.007979566 -0.003651580 0.999961495 49.570064545
0.999921978 0.009566964 -0.008022998 0.724530220 -0.009531898 0.999944925 0.004397412 -1.484036446 0.008064625 -0.004320595 0.999958158 50.095619202
0.999930918 0.009296601 -0.007196519 0.719669104 -0.009268974 0.999949574 0.003862785 -1.496283531 0.007232068 -0.003795814 0.999966562 50.650157928
0.999932587 0.009267143 -0.006987041 0.727188468 -0.009246291 0.999952853 0.003010505 -1.500396848 0.007014609 -0.002945698 0.999971032 51.192325592
0.999927163 0.009827482 -0.006994233 0.733313859 -0.009804711 0.999946475 0.003282586 -1.516260386 0.007026120 -0.003213770 0.999970138 51.729839325
0.999921918 0.009918684 -0.007601662 0.748304486 -0.009909207 0.999949992 0.001283490 -1.515216589 0.007614012 -0.001208064 0.999970198 52.269287109
0.999925315 0.010634908 -0.006023204 0.741570175 -0.010618986 0.999939978 0.002669521 -1.536294222 0.006051235 -0.002605361 0.999978304 52.801517487
0.999928951 0.010080796 -0.006351522 0.749968350 -0.010066854 0.999946833 0.002222974 -1.548897266 0.006373594 -0.002158877 0.999977350 53.345314026
0.999924958 0.010442073 -0.006400272 0.752737522 -0.010422084 0.999940753 0.003148502 -1.570623398 0.006432769 -0.003081562 0.999974549 53.877227783
0.999933422 0.009548199 -0.006484023 0.760663092 -0.009528272 0.999949932 0.003097205 -1.580598354 0.006513270 -0.003035218 0.999974191 54.408618927
0.999931693 0.009981561 -0.006077339 0.766675889 -0.009969017 0.999948084 0.002090847 -1.584753990 0.006097894 -0.002030119 0.999979258 54.962097168
0.999928951 0.010299956 -0.006022734 0.774601579 -0.010288332 0.999945104 0.001958288 -1.595471740 0.006042575 -0.001896185 0.999979973 55.506584167
0.999931395 0.009550580 -0.006779964 0.786267042 -0.009537540 0.999952614 0.001952987 -1.602682352 0.006798294 -0.001888189 0.999975026 56.053199768
0.999927342 0.010207615 -0.006412301 0.793497682 -0.010201666 0.999947429 0.000959725 -1.614759445 0.006421761 -0.000894239 0.999978960 56.616790771
0.999925494 0.010647865 -0.005969585 0.800290942 -0.010638031 0.999941945 0.001676803 -1.624919057 0.005987093 -0.001613173 0.999980748 57.157981873
0.999931633 0.009843789 -0.006296974 0.807663202 -0.009836497 0.999950826 0.001187723 -1.639492035 0.006308357 -0.001125701 0.999979496 57.694869995
0.999930680 0.009857401 -0.006440584 0.818675101 -0.009853164 0.999951363 0.000689252 -1.645243287 0.006447063 -0.000625744 0.999979019 58.247058868
0.999934793 0.009693434 -0.006034187 0.820821464 -0.009693365 0.999953032 0.000041079 -1.651927233 0.006034302 0.000017415 0.999981821 58.780155182
0.999931216 0.010394922 -0.005421926 0.829272330 -0.010393756 0.999945939 0.000243472 -1.671788692 0.005424163 -0.000187101 0.999985278 59.316123962
0.999927759 0.010351702 -0.006111814 0.842621088 -0.010351866 0.999946356 0.000004775 -1.687025666 0.006111536 0.000058494 0.999981344 59.869014740
0.999929190 0.010248245 -0.006049728 0.845585942 -0.010238456 0.999946177 0.001646971 -1.713869333 0.006066282 -0.001584914 0.999980271 60.429180145
0.999940515 0.009102723 -0.006004583 0.853101611 -0.009097990 0.999958277 0.000815045 -1.722171903 0.006011751 -0.000760367 0.999981642 60.967361450
0.999929368 0.010597030 -0.005384353 0.855217695 -0.010588027 0.999942482 0.001697750 -1.739845514 0.005402035 -0.001640621 0.999984086 61.490715027
0.999932766 0.010408400 -0.005108209 0.863761783 -0.010404232 0.999945521 0.000841949 -1.748639345 0.005116695 -0.000788746 0.999986589 62.059074402
0.999935567 0.009900925 -0.005550693 0.874863625 -0.009897210 0.999950767 0.000696296 -1.761270761 0.005557314 -0.000641314 0.999984324 62.592945099
0.999941409 0.009478129 -0.005215474 0.875409842 -0.009471104 0.999954224 0.001369678 -1.778600335 0.005228217 -0.001320202 0.999985456 63.133045197
0.999933600 0.010428449 -0.004887484 0.877526402 -0.010421353 0.999944568 0.001475105 -1.793657303 0.004902596 -0.001424073 0.999986947 63.688194275
0.999944568 0.009573122 -0.004387578 0.885556519 -0.009570803 0.999953985 0.000549165 -1.805177212 0.004392633 -0.000507142 0.999990225 64.226959229
0.999943435 0.009829025 -0.004098472 0.887896955 -0.009822524 0.999950469 0.001603352 -1.820562720 0.004114029 -0.001563004 0.999990344 64.775917053
0.999935746 0.010502556 -0.004272405 0.894494474 -0.010497899 0.999944270 0.001111229 -1.829258323 0.004283838 -0.001066306 0.999990284 65.301918030
0.999944806 0.009616875 -0.004223233 0.901589990 -0.009611689 0.999953032 0.001246620 -1.845575094 0.004235023 -0.001205959 0.999990284 65.860435486
0.999951780 0.009085063 -0.003716985 0.908954203 -0.009083624 0.999958634 0.000403576 -1.853467584 0.003720497 -0.000369793 0.999993026 66.417282104
0.999956608 0.008829116 -0.002981026 0.915301204 -0.008827221 0.999960840 0.000648509 -1.862243176 0.002986635 -0.000622167 0.999995291 66.952033997
0.999935806 0.011154462 -0.001948443 0.913310528 -0.011152162 0.999937117 0.001187510 -1.884625793 0.001961567 -0.001165704 0.999997318 67.527778625
0.999942601 0.010460758 -0.002312412 0.929952264 -0.010456177 0.999943376 0.001984120 -1.916184306 0.002333037 -0.001959827 0.999995351 68.052955627
0.999935985 0.011041809 -0.002463302 0.930052996 -0.011038811 0.999938309 0.001228269 -1.923286200 0.002476712 -0.001200998 0.999996185 68.593086243
0.999933243 0.011381272 -0.001979777 0.943286836 -0.011378448 0.999934196 0.001430999 -1.933806777 0.001995933 -0.001408377 0.999996960 69.125389099
0.999946177 0.010005593 -0.002713380 0.974570453 -0.010002091 0.999949157 0.001301708 -1.954884887 0.002726266 -0.001274499 0.999995470 69.654457092
0.999931395 0.011457900 -0.002441801 0.977395415 -0.011452852 0.999932289 0.002071757 -1.972029448 0.002465374 -0.002043649 0.999994874 70.209983826
0.999942780 0.010639436 -0.001057529 0.965362489 -0.010637075 0.999940991 0.002213043 -2.002612829 0.001081013 -0.002201668 0.999996960 70.825019836
0.999949038 0.009888886 -0.002032535 1.002857924 -0.009885443 0.999949694 0.001696513 -2.002200603 0.002049209 -0.001676334 0.999996483 71.343269348
0.999943078 0.010563935 -0.001452634 0.988470137 -0.010561818 0.999943137 0.001458075 -2.011921883 0.001467954 -0.001442650 0.999997854 71.897361755
0.999939740 0.010909802 -0.001166834 1.001751423 -0.010908720 0.999940097 0.000927878 -2.016878128 0.001176887 -0.000915093 0.999998868 72.440429688
0.999941766 0.010691206 -0.001455488 1.014757872 -0.010689755 0.999942362 0.001002502 -2.027923584 0.001466123 -0.000986885 0.999998391 72.990173340
0.999947965 0.010137702 -0.001137980 1.031826615 -0.010137893 0.999948621 -0.000164002 -2.026247978 0.001136259 0.000175531 0.999999285 73.525299072
0.999947429 0.010116986 -0.001652396 1.032569885 -0.010116158 0.999948680 0.000509811 -2.055799246 0.001657469 -0.000493069 0.999998510 74.055969238
0.999948382 0.010039642 -0.001565127 1.048969984 -0.010037513 0.999948680 0.001361605 -2.074782372 0.001578717 -0.001345824 0.999997854 74.595169067
0.999942362 0.010676201 -0.001142835 1.053626418 -0.010675323 0.999942660 0.000771979 -2.083806038 0.001151012 -0.000759734 0.999999046 75.146438599
0.999946713 0.010187184 -0.001657460 1.073891521 -0.010184164 0.999946475 0.001819218 -2.109184265 0.001675904 -0.001802241 0.999996960 75.650505066
0.999939442 0.010912661 -0.001426987 1.075503945 -0.010910471 0.999939322 0.001533541 -2.126943588 0.001443636 -0.001517880 0.999997735 76.208999634
0.999929070 0.011894350 -0.000614897 1.082648039 -0.011893418 0.999928176 0.001498466 -2.142843246 0.000632676 -0.001491046 0.999998689 76.801628113
0.999946773 0.010241278 -0.001262147 1.096940875 -0.010240427 0.999947309 0.000678564 -2.149351358 0.001269029 -0.000665603 0.999998987 77.337524414
0.999947906 0.010039954 -0.001825279 1.107841730 -0.010038754 0.999949396 0.000665468 -2.163290739 0.001831868 -0.000647110 0.999998093 77.875740051
0.999944985 0.010318847 -0.001836422 1.117826343 -0.010316935 0.999946356 0.001047645 -2.181603909 0.001847134 -0.001028641 0.999997795 78.428550720
0.999936223 0.010909652 -0.002924527 1.144246221 -0.010907638 0.999940276 0.000703717 -2.190910816 0.002932030 -0.000671772 0.999995470 78.978820801
0.999949992 0.009811799 -0.001949683 1.141732216 -0.009809508 0.999951184 0.001181954 -2.221896887 0.001961185 -0.001162769 0.999997377 79.527023315
0.999940455 0.010745219 -0.001891339 1.151209593 -0.010743854 0.999942005 0.000730737 -2.213926554 0.001899081 -0.000710373 0.999997973 80.096977234
0.999951601 0.009754733 -0.001257883 1.167462707 -0.009754498 0.999952376 0.000192799 -2.231649399 0.001259704 -0.000180519 0.999999166 80.641212463
0.999954700 0.009504580 0.000543206 1.167345047 -0.009504752 0.999954700 0.000314313 -2.262757063 -0.000540194 -0.000319462 0.999999821 81.184890747
0.999962926 0.008601079 0.000472044 1.200318336 -0.008601059 0.999962986 -0.000042458 -2.272073269 -0.000472392 0.000038396 0.999999881 81.736808777
0.999966681 0.008042338 0.001383369 1.224657774 -0.008041533 0.999967515 -0.000586698 -2.269666910 -0.001388043 0.000575554 0.999998868 82.299476624
0.999956906 0.007789089 0.005055832 1.240248203 -0.007791867 0.999969482 0.000529837 -2.297220707 -0.005051551 -0.000569209 0.999987066 82.854675293
0.999931574 0.007871353 0.008643875 1.272991180 -0.007869745 0.999969006 -0.000220040 -2.305112600 -0.008645341 0.000152000 0.999962628 83.399284363
0.999907613 0.007323487 0.011451235 1.307118177 -0.007325447 0.999973178 0.000129085 -2.333591223 -0.011449982 -0.000212957 0.999934435 83.934532166
0.999843657 0.007436265 0.016049229 1.329764247 -0.007447112 0.999972045 0.000616129 -2.357175350 -0.016044201 -0.000735553 0.999870956 84.485466003
0.999680936 0.010035568 0.023180060 1.333292961 -0.009993944 0.999948263 -0.001910922 -2.343327999 -0.023198038 0.001678652 0.999729455 85.028396606
0.999537826 0.009315410 0.028936541 1.365292072 -0.009303374 0.999956548 -0.000550539 -2.373335361 -0.028940413 0.000281078 0.999581039 85.579467773
0.999383986 0.008606065 0.034023907 1.401586771 -0.008609959 0.999962866 -0.000032040 -2.390024424 -0.034022920 -0.000260923 0.999421000 86.111763000
0.999069154 0.008811234 0.042228173 1.426133871 -0.008823324 0.999961078 0.000099864 -2.412450790 -0.042225651 -0.000472364 0.999107957 86.659690857
0.998656332 0.008866256 0.051057093 1.472304821 -0.008882942 0.999960542 0.000099872 -2.442576647 -0.051054191 -0.000553275 0.998695672 87.181854248
0.998258352 0.008160361 0.058425300 1.507227421 -0.008133941 0.999966681 -0.000689990 -2.426893711 -0.058428977 0.000213560 0.998291492 87.748329163
0.997670114 0.008070088 0.067744009 1.560671806 -0.008008166 0.999967217 -0.001185550 -2.444395542 -0.067751370 0.000640282 0.997702003 88.311126709
0.996887267 0.008439449 0.078387558 1.592284203 -0.008498793 0.999963820 0.000423504 -2.485154390 -0.078381129 -0.001088386 0.996922851 88.905715942
0.996317387 0.007080998 0.085448794 1.706455231 -0.006929126 0.999973834 -0.002073805 -2.457299471 -0.085461229 0.001474082 0.996340394 89.402648926
0.995576501 0.007539162 0.093651697 1.763175011 -0.007447489 0.999971330 -0.001328342 -2.498373032 -0.093659036 0.000624996 0.995604098 90.004631042
0.994452775 0.007511746 0.104915150 1.836376667 -0.007440615 0.999971747 -0.001069381 -2.515420675 -0.104920201 0.000282816 0.994480610 90.534301758
0.993362308 0.005817616 0.114880212 1.932263374 -0.005596093 0.999981821 -0.002250708 -2.504146814 -0.114891216 0.001592888 0.993376791 91.080314636
0.992229164 0.006273490 0.124265067 2.013718605 -0.006137647 0.999980211 -0.001475965 -2.533693552 -0.124271877 0.000701800 0.992247880 91.629631042
0.990722001 0.007541033 0.135694563 2.102326393 -0.007330318 0.999971032 -0.002052459 -2.540649176 -0.135706097 0.001038732 0.990748703 92.184898376
0.989441574 0.005960348 0.144809857 2.293017387 -0.005399127 0.999976337 -0.004268258 -2.499764919 -0.144831866 0.003441345 0.989450276 92.669487000
0.987474203 0.005775515 0.157674745 2.331889153 -0.005389749 0.999981344 -0.002874077 -2.564177752 -0.157688394 0.001988250 0.987486839 93.294296265
0.985584140 0.005952099 0.169081420 2.429240227 -0.005638206 0.999981403 -0.002336522 -2.585690260 -0.169092178 0.001349523 0.985599339 93.798591614
0.983344555 0.005651033 0.181662828 2.552391052 -0.005130112 0.999981284 -0.003337275 -2.580649614 -0.181678280 0.002349741 0.983355224 94.330230713
0.980885684 0.006099037 0.194489196 2.668643951 -0.005616921 0.999979615 -0.003030275 -2.593472242 -0.194503710 0.001879922 0.980899990 94.844619751
0.978855789 0.005119835 0.204487145 2.799333572 -0.004531751 0.999984086 -0.003344089 -2.609435797 -0.204501003 0.002346696 0.978863537 95.391349792
0.976110339 0.005654501 0.217201635 2.958045959 -0.005184952 0.999982834 -0.002731653 -2.636937141 -0.217213333 0.001540215 0.976122916 95.925918579
0.973055899 0.005585218 0.230501711 3.107189178 -0.004952732 0.999982238 -0.003322462 -2.646894217 -0.230516180 0.002091328 0.973066270 96.455894470
0.970499992 0.004751730 0.241054371 3.261068344 -0.004045535 0.999985874 -0.003424422 -2.657324076 -0.241067231 0.002348208 0.970505595 96.972053528
0.967467964 0.003827094 0.252964437 3.422834396 -0.003280911 0.999991238 -0.002580930 -2.689293385 -0.252972126 0.001667013 0.967472136 97.476211548
0.963749588 0.004423198 0.266771734 3.581478119 -0.003906278 0.999989331 -0.002468314 -2.704371452 -0.266779810 0.001336752 0.963756561 98.018661499
0.960113525 0.004338399 0.279576749 3.761516571 -0.003504530 0.999987721 -0.003482404 -2.712190390 -0.279588431 0.002363718 0.960117042 98.551963806
0.956796467 0.003981392 0.290731251 3.930406570 -0.003060356 0.999988675 -0.003622617 -2.716962814 -0.290742457 0.002576365 0.956797838 99.072990417
0.952449501 0.003390352 0.304677218 4.120599747 -0.002409042 0.999990582 -0.003596686 -2.730846167 -0.304686487 0.002691682 0.952448845 99.617614746
0.948246300 0.003270297 0.317518860 4.323789597 -0.002120313 0.999989808 -0.003967274 -2.747348785 -0.317528635 0.003088714 0.948243678 100.113273621
0.944453061 0.002646583 0.328635752 4.523246765 -0.001503593 0.999991894 -0.003732060 -2.763126135 -0.328642905 0.003030621 0.944449365 100.624588013
0.939819276 0.002645315 0.341661841 4.739721298 -0.001409046 0.999991477 -0.003866526 -2.778753281 -0.341669142 0.003152418 0.939815044 101.155281067
0.934172153 0.002584914 0.356813371 4.933835983 -0.001155362 0.999990404 -0.004219523 -2.792041540 -0.356820792 0.003529511 0.934166193 101.648826599
0.929448128 0.001684380 0.368948907 5.155477524 -0.000161755 0.999991357 -0.004157817 -2.808829784 -0.368952721 0.003804796 0.929440379 102.166053772
0.924768567 0.001418715 0.380527169 5.393013000 0.000426170 0.999988556 -0.004763937 -2.825076103 -0.380529553 0.004567708 0.924757481 102.672760010
0.918925107 0.001394307 0.394429564 5.634742737 0.000351407 0.999990404 -0.004353654 -2.843928576 -0.394431859 0.004139287 0.918915808 103.160079956
0.913185358 0.001490202 0.407541782 5.883560181 0.000403044 0.999989510 -0.004559634 -2.855840206 -0.407544315 0.004328048 0.913175166 103.652267456
0.908013999 0.000532454 0.418939769 6.119983673 0.001494708 0.999988675 -0.004510584 -2.877275944 -0.418937534 0.004721866 0.908002734 104.130798340
0.901774526 -0.000096538 0.432206839 6.375263214 0.002180489 0.999988258 -0.004326106 -2.900705814 -0.432201415 0.004843595 0.901764035 104.605590820
0.895501673 0.000534618 0.445057809 6.638439178 0.001282491 0.999992013 -0.003781727 -2.916562557 -0.445056260 0.003957326 0.895493865 105.076057434
0.889682353 -0.000264393 0.456579804 6.899360657 0.002170869 0.999991000 -0.003651045 -2.938598394 -0.456574708 0.004239445 0.889674962 105.537094116
0.884029388 -0.000538252 0.467430800 7.172966003 0.002659400 0.999988914 -0.003878098 -2.950903893 -0.467423499 0.004671439 0.884021163 106.012290955
0.876638710 -0.000614800 0.481148750 7.457454681 0.002681693 0.999989867 -0.003608204 -2.975172043 -0.481141686 0.004453383 0.876631558 106.474807739
0.869955242 -0.001327135 0.493129015 7.750968933 0.003905877 0.999983549 -0.004199360 -2.987941504 -0.493115276 0.005579356 0.869946063 106.924011230
0.863461316 -0.001544775 0.504412949 8.018875122 0.004110654 0.999983668 -0.003974205 -2.989626169 -0.504398644 0.005505039 0.863453388 107.416213989
