1.000000000 0.000000000 0.000000000 0.000000000 0.000000000 1.000000000 0.000000000 0.000000000 0.000000000 0.000000000 1.000000000 0.000000000
1.000000000 0.000071365 -0.000030643 0.000300726 -0.000071365 1.000000000 0.000020728 0.000492920 0.000030644 -0.000020726 1.000000000 0.002209300
1.000000000 0.000034484 -0.000045969 0.001063711 -0.000034481 1.000000000 0.000062010 -0.001065479 0.000045971 -0.000062009 1.000000000 0.001035298
1.000000000 -0.000027455 -0.000035250 0.000594404 0.000027454 1.000000000 -0.000036322 0.000378478 0.000035251 0.000036321 1.000000000 -0.001594745
1.000000000 -0.000157175 -0.000117065 0.001367305 0.000157182 1.000000000 0.000061720 -0.000642299 0.000117055 -0.000061738 1.000000000 0.000341057
1.000000000 -0.000155160 -0.000117221 -0.000538682 0.000155164 1.000000000 0.000033206 0.000308906 0.000117215 -0.000033224 1.000000000 -0.000397738
1.000000000 -0.000143530 -0.000063159 0.000724760 0.000143534 1.000000000 0.000063082 -0.000699503 0.000063150 -0.000063091 1.000000000 0.001431804
1.000000000 -0.000154279 -0.000063777 0.000062472 0.000154284 1.000000000 0.000078013 -0.000789153 0.000063765 -0.000078023 1.000000000 -0.000438539
1.000000000 -0.000042512 -0.000089939 0.000599438 0.000042517 1.000000000 0.000061611 -0.000035108 0.000089936 -0.000061615 1.000000000 -0.001792706
1.000000000 -0.000022976 -0.000002184 -0.000478399 0.000022976 1.000000000 0.000046241 0.000676949 0.000002183 -0.000046241 1.000000000 0.002738600
1.000000000 -0.000075775 -0.000052399 0.000719636 0.000075776 1.000000000 0.000021713 0.000603466 0.000052397 -0.000021717 1.000000000 0.000140958
1.000000000 -0.000103359 -0.000129357 0.000981843 0.000103367 1.000000000 0.000057561 0.000211264 0.000129351 -0.000057574 1.000000000 -0.000190510
1.000000000 -0.000094239 -0.000043395 -0.000343410 0.000094238 1.000000000 -0.000018799 0.001649707 0.000043396 0.000018795 1.000000000 0.002588619
1.000000000 -0.000200835 -0.000134169 0.001058456 0.000200850 1.000000000 0.000112073 0.000001099 0.000134147 -0.000112100 1.000000000 -0.001687405
1.000000000 -0.000123286 -0.000144612 0.001127008 0.000123294 1.000000000 0.000055811 -0.000501187 0.000144605 -0.000055829 1.000000000 -0.002178033
1.000000000 -0.000157498 -0.000176748 0.003267668 0.000157522 1.000000000 0.000135730 -0.000882667 0.000176727 -0.000135758 1.000000000 -0.005015213
1.000000000 -0.000112774 -0.000050662 0.001245675 0.000112778 1.000000000 0.000074124 -0.000245463 0.000050654 -0.000074129 1.000000000 -0.002818307
1.000000000 -0.000065573 -0.000090254 0.002157003 0.000065577 1.000000000 0.000035702 -0.000158375 0.000090251 -0.000035708 1.000000000 -0.000454812
1.000000000 -0.000021246 -0.000115978 0.001681342 0.000021260 1.000000000 0.000123650 -0.000944048 0.000115975 -0.000123652 1.000000000 -0.003707480
0.999999940 -0.000233625 -0.000140636 0.001317777 0.000233635 0.999999940 0.000071991 -0.000260833 0.000140619 -0.000072024 1.000000000 -0.003195502
1.000000000 -0.000193621 -0.000107176 0.000846569 0.000193631 1.000000000 0.000092000 0.000413787 0.000107158 -0.000092020 1.000000000 0.001241960
1.000000000 -0.000205276 -0.000117199 0.000438233 0.000205289 1.000000000 0.000114347 -0.001735385 0.000117176 -0.000114371 1.000000000 -0.003806069
1.000000000 -0.000072385 -0.000161826 0.003625155 0.000072405 1.000000000 0.000121221 -0.000929327 0.000161817 -0.000121233 1.000000000 -0.002647959
1.000000000 -0.000075449 -0.000139175 0.002970085 0.000075462 1.000000000 0.000091344 -0.001051060 0.000139168 -0.000091354 1.000000000 -0.001213963
0.999999940 -0.000193228 -0.000183557 0.002715385 0.000193250 1.000000000 0.000123682 -0.001262889 0.000183533 -0.000123717 1.000000000 -0.005154190
0.999999940 -0.000161378 -0.000191151 0.002655016 0.000161394 1.000000000 0.000083309 0.000184219 0.000191137 -0.000083340 1.000000000 -0.001583251
1.000000000 -0.000171966 -0.000153121 0.003247725 0.000171977 1.000000000 0.000074601 0.000187103 0.000153108 -0.000074628 1.000000000 -0.003348685
0.999999940 -0.000238664 -0.000167153 0.003365805 0.000238681 0.999999940 0.000104060 -0.000859083 0.000167128 -0.000104100 1.000000000 -0.003930741
0.999999940 -0.000235308 -0.000119497 0.000386989 0.000235318 0.999999940 0.000083047 -0.001098684 0.000119477 -0.000083076 1.000000000 -0.003057833
1.000000000 -0.000047812 -0.000194225 0.002821227 0.000047840 1.000000000 0.000145359 -0.001072767 0.000194218 -0.000145368 1.000000000 -0.003322318
0.999999940 -0.000220950 -0.000195227 0.003923373 0.000220972 0.999999940 0.000112762 -0.000723982 0.000195202 -0.000112805 1.000000000 -0.003477389
0.999999940 -0.000180911 -0.000213365 0.002938104 0.000180938 1.000000000 0.000125985 -0.000375777 0.000213342 -0.000126024 0.999999940 -0.002762445
1.000000000 -0.000183640 -0.000159651 0.002478871 0.000183657 1.000000000 0.000109412 -0.000441649 0.000159631 -0.000109442 1.000000000 -0.004635789
1.000000000 -0.000096485 -0.000148506 0.002910796 0.000096495 1.000000000 0.000066789 -0.001111107 0.000148500 -0.000066803 1.000000000 -0.003269609
1.000000000 -0.000132006 -0.000149602 0.002575587 0.000132020 1.000000000 0.000091023 -0.000554596 0.000149590 -0.000091043 1.000000000 -0.001403257
0.999999940 -0.000201505 -0.000159354 0.002176127 0.000201529 0.999999940 0.000150294 -0.001681146 0.000159323 -0.000150326 1.000000000 -0.005129714
0.999999940 -0.000216815 -0.000230927 0.003287495 0.000216836 1.000000000 0.000090771 0.000281356 0.000230907 -0.000090821 0.999999940 -0.002432114
0.999999940 -0.000207635 -0.000199557 0.004101844 0.000207661 0.999999940 0.000130377 0.000295300 0.000199530 -0.000130418 1.000000000 -0.004530030
1.000000000 -0.000166360 -0.000116146 0.001069070 0.000166370 1.000000000 0.000091108 -0.000280730 0.000116131 -0.000091128 1.000000000 -0.003345456
0.999999940 -0.000157156 -0.000190589 0.002329894 0.000157185 1.000000000 0.000153133 -0.000708715 0.000190565 -0.000153163 0.999999940 -0.004415427
0.999999940 -0.000174019 -0.000210298 0.005037439 0.000174035 1.000000000 0.000075970 -0.001950284 0.000210285 -0.000076006 1.000000000 -0.001654177
1.000000000 -0.000216523 -0.000012028 0.001170766 0.000216517 0.999999821 -0.000542540 -0.002596376 0.000012146 0.000542538 0.999999881 0.050670248
1.000000000 -0.000044572 -0.000160276 0.003500425 0.000044393 0.999999404 -0.001112787 -0.004511436 0.000160326 0.001112780 0.999999344 0.141512111
1.000000000 -0.000142572 -0.000089775 0.004251230 0.000142441 0.999998927 -0.001465909 -0.007934643 0.000089984 0.001465896 0.999998927 0.258513659
1.000000000 -0.000141421 -0.000054090 0.006299341 0.000141346 0.999999046 -0.001382641 -0.011425540 0.000054285 0.001382634 0.999999046 0.393171996
1.000000000 -0.000029225 -0.000141923 0.009920339 0.000029063 0.999999344 -0.001140498 -0.018789506 0.000141956 0.001140494 0.999999344 0.528172970
1.000000000 0.000073089 -0.000059405 0.011833668 -0.000073156 0.999999344 -0.001119805 -0.020749507 0.000059323 0.001119810 0.999999344 0.686152697
1.000000000 0.000009527 0.000094465 0.015820578 -0.000009440 0.999999583 -0.000918527 -0.024358299 -0.000094474 0.000918526 0.999999583 0.846807718
0.999999940 0.000336894 0.000234597 0.010864199 -0.000336711 0.999999642 -0.000782295 -0.025647024 -0.000234860 0.000782216 0.999999642 1.027825832
1.000000000 0.000085120 -0.000197400 0.025960136 -0.000085233 0.999999821 -0.000573495 -0.037390653 0.000197351 0.000573512 0.999999821 1.187732220
1.000000000 0.000035493 -0.000016965 0.027588762 -0.000035498 0.999999940 -0.000277733 -0.040948141 0.000016955 0.000277734 0.999999940 1.365433812
1.000000000 0.000124673 -0.000134154 0.030360360 -0.000124718 0.999999940 -0.000334615 -0.049993981 0.000134112 0.000334632 0.999999940 1.577424765
0.999999881 0.000241787 0.000097902 0.018425137 -0.000241777 0.999999881 -0.000110497 -0.037026409 -0.000097929 0.000110473 1.000000000 1.773083687
0.999999940 0.000093321 -0.000195040 0.025520459 -0.000093277 1.000000000 0.000224584 -0.041944947 0.000195061 -0.000224565 0.999999940 1.981957793
0.999999821 0.000532406 0.000062606 0.021534124 -0.000532408 0.999999821 0.000037671 -0.044695806 -0.000062586 -0.000037705 1.000000000 2.195620537
0.999999881 0.000102623 -0.000418685 0.034425374 -0.000102458 0.999999881 0.000392005 -0.055967879 0.000418725 -0.000391962 0.999999881 2.402981043
1.000000000 -0.000177338 0.000017593 0.038610145 0.000177322 0.999999583 0.000893460 -0.071452931 -0.000017751 -0.000893457 0.999999583 2.613583326
1.000000000 -0.000103138 0.000123006 0.041757073 0.000103026 0.999999523 0.000906768 -0.077503443 -0.000123099 -0.000906755 0.999999523 2.845128298
0.999999940 -0.000087615 0.000282224 0.042083070 0.000087365 0.999999523 0.000884878 -0.079725742 -0.000282301 -0.000884854 0.999999523 3.086707830
1.000000000 0.000101601 0.000342059 0.043271247 -0.000101919 0.999999583 0.000930173 -0.088215217 -0.000341964 -0.000930208 0.999999464 3.328739166
0.999999940 -0.000203159 0.000306809 0.049075663 0.000202781 0.999999225 0.001232908 -0.097507894 -0.000307059 -0.001232845 0.999999166 3.562474489
0.999999821 0.000421477 0.000420228 0.046095002 -0.000421979 0.999999225 0.001193257 -0.111525416 -0.000419724 -0.001193434 0.999999225 3.815128326
0.999999702 0.000444874 0.000557920 0.051732495 -0.000445565 0.999999166 0.001238370 -0.116345964 -0.000557369 -0.001238618 0.999999046 4.076115608
0.999999583 0.000608309 0.000715904 0.054144971 -0.000609356 0.999998808 0.001463459 -0.121976078 -0.000715013 -0.001463894 0.999998689 4.341070175
0.999999702 0.000273635 0.000761869 0.061169546 -0.000275038 0.999998212 0.001841611 -0.134930611 -0.000761364 -0.001841820 0.999998033 4.578528881
0.999999762 0.000212346 0.000710993 0.070077024 -0.000213598 0.999998331 0.001761532 -0.141485512 -0.000710618 -0.001761683 0.999998212 4.837029457
0.999999762 -0.000150889 0.000776549 0.075175576 0.000149155 0.999997556 0.002232411 -0.154259026 -0.000776884 -0.002232295 0.999997318 5.098701000
0.999999821 0.000074463 0.000678366 0.074233793 -0.000075785 0.999998033 0.001948915 -0.156872705 -0.000678220 -0.001948966 0.999997914 5.356924534
0.999999821 -0.000125187 0.000548301 0.078512087 0.000123915 0.999997318 0.002319022 -0.181637764 -0.000548590 -0.002318953 0.999997139 5.592074394
0.999999821 -0.000374780 0.000458389 0.083057366 0.000373716 0.999997199 0.002317997 -0.187412873 -0.000459257 -0.002317825 0.999997199 5.865154743
0.999999762 -0.000572103 0.000365380 0.087846473 0.000571208 0.999996841 0.002445548 -0.197512701 -0.000366778 -0.002445339 0.999996901 6.145937920
0.999999642 -0.000134752 0.000726632 0.091892965 0.000133019 0.999997079 0.002384574 -0.201657042 -0.000726952 -0.002384476 0.999996841 6.442389965
0.999999344 0.000823755 0.000822307 0.100287020 -0.000825337 0.999997795 0.001924906 -0.206134573 -0.000820720 -0.001925583 0.999997795 6.704777241
0.999999702 0.000669052 0.000393520 0.110423028 -0.000669787 0.999998033 0.001870704 -0.214261010 -0.000392267 -0.001870967 0.999998212 6.995286465
0.999999106 0.001081919 0.000824370 0.112563722 -0.001083509 0.999997556 0.001931354 -0.220399603 -0.000822278 -0.001932246 0.999997795 7.291328907
0.999998868 0.001257127 0.000853525 0.117783405 -0.001258852 0.999997199 0.002023877 -0.230350852 -0.000850978 -0.002024950 0.999997556 7.618484497
0.999999523 0.000675225 0.000764842 0.124240279 -0.000676961 0.999997199 0.002272027 -0.246799424 -0.000763305 -0.002272544 0.999997139 7.916079998
0.999999821 -0.000158985 0.000552397 0.135113403 0.000157517 0.999996424 0.002655529 -0.275666744 -0.000552818 -0.002655441 0.999996305 8.205246925
0.999999762 0.000140644 0.000668761 0.145058483 -0.000142411 0.999996543 0.002642833 -0.284516156 -0.000668387 -0.002642927 0.999996245 8.532412529
0.999999583 0.000395493 0.000735905 0.145132869 -0.000397312 0.999996841 0.002473328 -0.285471678 -0.000734924 -0.002473620 0.999996603 8.876804352
0.999999344 0.000549077 0.000998981 0.157007933 -0.000551724 0.999996364 0.002651341 -0.303124130 -0.000997521 -0.002651891 0.999996006 9.203805923
0.999999046 0.000777867 0.001143231 0.151381746 -0.000781218 0.999995410 0.002933537 -0.324108183 -0.001140944 -0.002934427 0.999995053 9.531446457
0.999998868 0.000894282 0.001213924 0.161926284 -0.000897801 0.999995410 0.002900984 -0.331901640 -0.001211324 -0.002902071 0.999995053 9.876691818
0.999998987 0.000803306 0.001196087 0.163935646 -0.000806830 0.999995291 0.002948780 -0.342428297 -0.001193713 -0.002949742 0.999994934 10.244052887
0.999999404 0.000345116 0.001045603 0.178247228 -0.000348363 0.999995112 0.003106820 -0.351433516 -0.001044526 -0.003107182 0.999994636 10.603359222
0.999999404 0.000153578 0.001128940 0.185522288 -0.000157178 0.999994874 0.003189886 -0.360321552 -0.001128445 -0.003190061 0.999994278 10.969820976
0.999999285 0.000215998 0.001178061 0.193449959 -0.000219804 0.999994755 0.003231860 -0.371798456 -0.001177357 -0.003232116 0.999994099 11.345953941
0.999999583 -0.000426030 0.000801809 0.209437668 0.000423440 0.999994695 0.003228262 -0.393378258 -0.000803180 -0.003227921 0.999994397 11.694568634
0.999999702 -0.000217534 0.000749405 0.219402194 0.000214972 0.999994159 0.003415829 -0.407316089 -0.000750144 -0.003415667 0.999993920 12.081805229
0.999999642 -0.000090537 0.000828732 0.226686701 0.000087591 0.999993622 0.003553587 -0.417011261 -0.000829048 -0.003553513 0.999993265 12.474681854
0.999999464 -0.000842720 0.000551243 0.238910511 0.000840623 0.999992371 0.003793963 -0.431739092 -0.000554436 -0.003793498 0.999992669 12.853595734
0.999999642 -0.000246357 0.000774475 0.239234015 0.000243492 0.999993145 0.003697263 -0.443258971 -0.000775380 -0.003697073 0.999992847 13.253971100
0.999999344 -0.000615418 0.000949657 0.252885342 0.000611612 0.999991775 0.004002949 -0.460604399 -0.000952112 -0.004002366 0.999991536 13.610430717
0.999998808 0.000198074 0.001511059 0.255198687 -0.000204787 0.999990106 0.004443783 -0.469145298 -0.001510164 -0.004444088 0.999988973 14.037796021
0.999998689 0.000116892 0.001630736 0.270955265 -0.000124171 0.999989986 0.004464460 -0.480477691 -0.001630198 -0.004464656 0.999988675 14.466958046
0.999998033 0.000153997 0.001944842 0.284996271 -0.000162370 0.999990702 0.004305390 -0.494601846 -0.001944161 -0.004305698 0.999988914 14.879111290
0.999998927 -0.000406810 0.001424792 0.294301361 0.000400442 0.999989867 0.004466691 -0.516845703 -0.001426595 -0.004466115 0.999989033 15.286730766
0.999997318 0.000012576 0.002361257 0.298369259 -0.000023650 0.999988973 0.004690316 -0.525981188 -0.002361171 -0.004690359 0.999986291 15.734112740
0.999997675 -0.000305377 0.002142711 0.313414127 0.000295475 0.999989271 0.004619907 -0.543777108 -0.002144099 -0.004619263 0.999987006 16.147216797
0.999997318 -0.000913978 0.002152908 0.325919986 0.000904004 0.999988914 0.004629522 -0.557798624 -0.002157115 -0.004627563 0.999986947 16.589250565
0.999997437 -0.000159001 0.002271616 0.339085281 0.000148367 0.999989033 0.004680982 -0.569082558 -0.002272336 -0.004680633 0.999986470 17.057250977
0.999995828 -0.000409485 0.002850265 0.338978171 0.000395275 0.999987423 0.004984318 -0.577716053 -0.002852271 -0.004983170 0.999983430 17.475170135
0.999995410 -0.001079521 0.002835792 0.355931789 0.001064815 0.999985933 0.005182284 -0.592048168 -0.002841347 -0.005179241 0.999982476 17.935865402
0.999993801 -0.000806620 0.003410176 0.365772665 0.000788470 0.999985516 0.005320410 -0.602882385 -0.003414418 -0.005317689 0.999979973 18.415851593
0.999993622 -0.000230495 0.003539682 0.376770735 0.000212786 0.999987483 0.005002622 -0.619887233 -0.003540791 -0.005001837 0.999981225 18.846248627
0.999992847 0.000487289 0.003735865 0.389205933 -0.000505605 0.999987900 0.004903401 -0.629849970 -0.003733430 -0.004905255 0.999981046 19.316921234
0.999992788 0.000435823 0.003785769 0.402546376 -0.000454960 0.999987125 0.005055615 -0.644561589 -0.003783517 -0.005057300 0.999980092 19.799106598
0.999993920 -0.000162266 0.003482765 0.410573184 0.000143830 0.999985993 0.005292891 -0.659505904 -0.003483575 -0.005292358 0.999979913 20.238464355
0.999996185 -0.000796274 0.002639947 0.424118787 0.000782253 0.999985576 0.005308007 -0.674311340 -0.002644135 -0.005305922 0.999982417 20.726469040
0.999997377 -0.001097763 0.001984998 0.436575294 0.001087536 0.999986231 0.005145925 -0.678753257 -0.001990620 -0.005143754 0.999984801 21.236059189
0.999997735 -0.001076046 0.001821505 0.453587174 0.001066605 0.999985993 0.005176648 -0.698762774 -0.001827050 -0.005174695 0.999984920 21.731151581
0.999998510 -0.000688342 0.001596752 0.458274037 0.000678647 0.999981403 0.006064139 -0.716457963 -0.001600896 -0.006063046 0.999980330 22.117279053
0.999998689 -0.000691148 0.001475006 0.469393373 0.000682325 0.999981940 0.005973953 -0.726026952 -0.001479109 -0.005972940 0.999981046 22.637041092
0.999999225 -0.001192167 0.000361174 0.482239455 0.001189994 0.999981582 0.005959031 -0.740821421 -0.000368271 -0.005958596 0.999982238 23.171440125
0.999995828 -0.002890058 -0.000169161 0.484732509 0.002891005 0.999978483 0.005889768 -0.758704662 0.000152136 -0.005890233 0.999982655 23.698543549
0.999998212 -0.001766556 -0.000832069 0.501282156 0.001771641 0.999979496 0.006149987 -0.780845761 0.000821188 -0.006151449 0.999980748 24.051074982
0.999998212 -0.001354137 -0.001340681 0.512666225 0.001362690 0.999978542 0.006398914 -0.792160213 0.001331987 -0.006400730 0.999978602 24.582946777
0.999997735 -0.001004500 -0.001875842 0.516190290 0.001016086 0.999980390 0.006185636 -0.799694479 0.001869592 -0.006187529 0.999979138 25.118778229
0.999996245 -0.001164561 -0.002486354 0.521813393 0.001180946 0.999977529 0.006598534 -0.809929252 0.002478614 -0.006601446 0.999975085 25.565189362
0.999994457 -0.001576175 -0.002951926 0.529839098 0.001596629 0.999974668 0.006939567 -0.821498871 0.002940913 -0.006944241 0.999971569 26.112972260
0.999993682 -0.001027020 -0.003427830 0.540425241 0.001051264 0.999974489 0.007078369 -0.832687974 0.003420473 -0.007081926 0.999969065 26.682493210
0.999988675 -0.002078787 -0.004287794 0.543216527 0.002109768 0.999971628 0.007233529 -0.852899671 0.004272636 -0.007242494 0.999964654 27.082372665
0.999991477 -0.001200055 -0.003953589 0.545964718 0.001229044 0.999972284 0.007338016 -0.863825142 0.003944674 -0.007342813 0.999965250 27.620744705
0.999986172 -0.002250605 -0.004754838 0.560215294 0.002288351 0.999965787 0.007947901 -0.883211493 0.004736787 -0.007958671 0.999957144 28.178756714
0.999986887 -0.001740552 -0.004807281 0.548041701 0.001777906 0.999968171 0.007777071 -0.899693608 0.004793590 -0.007785516 0.999958217 28.627250671
0.999984384 -0.002004963 -0.005214330 0.557523668 0.002044555 0.999969065 0.007598724 -0.913208306 0.005198933 -0.007609267 0.999957502 29.152273178
0.999985993 -0.001478247 -0.005079823 0.551798582 0.001517086 0.999969542 0.007650394 -0.924338818 0.005068359 -0.007657994 0.999957800 29.652214050
0.999986827 -0.001323882 -0.004967857 0.555473208 0.001364232 0.999966085 0.008127645 -0.937473238 0.004956928 -0.008134316 0.999954641 30.195598602
0.999983430 -0.001699656 -0.005499091 0.571458340 0.001744212 0.999965608 0.008107808 -0.951501131 0.005485121 -0.008117265 0.999952078 30.734510422
0.999981344 -0.001409902 -0.005951591 0.585401237 0.001456919 0.999967754 0.007902990 -0.965168238 0.005940257 -0.007911514 0.999951065 31.296136856
0.999976754 -0.002771944 -0.006229443 0.602124393 0.002826927 0.999956965 0.008835027 -1.019416094 0.006204685 -0.008852432 0.999941587 31.718824387
0.999975264 -0.002544393 -0.006564981 0.607349992 0.002602912 0.999956787 0.008920762 -1.029688358 0.006542000 -0.008937629 0.999938667 32.268932343
0.999976993 -0.002221801 -0.006406801 0.606055260 0.002277090 0.999960124 0.008635339 -1.034364939 0.006387359 -0.008649729 0.999942243 32.824733734
0.999973059 -0.002606089 -0.006866406 0.611357808 0.002666945 0.999957144 0.008868589 -1.048097134 0.006842998 -0.008886661 0.999937117 33.355304718
0.999973536 -0.002428247 -0.006863369 0.626409888 0.002488809 0.999957919 0.008829263 -1.063044548 0.006841640 -0.008846110 0.999937534 33.864398956
0.999974251 -0.001544688 -0.007024806 0.617272854 0.001605076 0.999961734 0.008598935 -1.050926208 0.007011254 -0.008609989 0.999938309 34.310798645
0.999971330 -0.001959227 -0.007318160 0.625214458 0.002020688 0.999962747 0.008400504 -1.058022022 0.007301428 -0.008415050 0.999937892 34.868480682
0.999975026 -0.000667642 -0.007038120 0.629493058 0.000726121 0.999965250 0.008309593 -1.071583986 0.007032327 -0.008314498 0.999940693 35.426460266
0.999973774 -0.001357787 -0.007106622 0.636160195 0.001419215 0.999961615 0.008645806 -1.083327293 0.007094610 -0.008655665 0.999937356 35.957412720
0.999970615 -0.001089763 -0.007591927 0.641640544 0.001150950 0.999966800 0.008059867 -1.088542700 0.007582891 -0.008068367 0.999938667 36.493606567
0.999964058 -0.002570141 -0.008080021 0.622107565 0.002646728 0.999951541 0.009482219 -1.160205364 0.008055259 -0.009503264 0.999922395 36.976863861
0.999962509 -0.002574873 -0.008274304 0.627873421 0.002653021 0.999951780 0.009447463 -1.167031527 0.008249580 -0.009469059 0.999921143 37.520389557
0.999961674 -0.002445766 -0.008401575 0.640836656 0.002525087 0.999952257 0.009443556 -1.178932190 0.008378076 -0.009464410 0.999920130 38.053665161
0.999961913 -0.002382433 -0.008389919 0.635032058 0.002458648 0.999955654 0.009085588 -1.184931040 0.008367901 -0.009105871 0.999923527 38.587123871
0.999964476 -0.001753710 -0.008244110 0.656002343 0.001827204 0.999958515 0.008915576 -1.190616369 0.008228134 -0.008930325 0.999926269 39.114234924
0.999961257 -0.002763586 -0.008360155 0.668477654 0.002846804 0.999946356 0.009958648 -1.224546909 0.008332185 -0.009982062 0.999915481 39.541149139
0.999962270 -0.002150714 -0.008419023 0.674474835 0.002235113 0.999947190 0.010028309 -1.232916236 0.008397011 -0.010046748 0.999914289 40.092639923
0.999956667 -0.002738990 -0.008901322 0.690322161 0.002828755 0.999945104 0.010087524 -1.247844815 0.008873205 -0.010112265 0.999909580 40.638229370
0.999955893 -0.002734003 -0.008983240 0.702582419 0.002824403 0.999945343 0.010065923 -1.253344893 0.008955229 -0.010090850 0.999909043 41.188259125
0.999954760 -0.002962722 -0.009044735 0.707886934 0.003053285 0.999945164 0.010015467 -1.253173470 0.009014566 -0.010042632 0.999908924 41.687126160
0.999953568 -0.002504696 -0.009305635 0.721959054 0.002602481 0.999941349 0.010510920 -1.310158491 0.009278764 -0.010534647 0.999901474 42.216175079
0.999954104 -0.002546669 -0.009230486 0.728128672 0.002642175 0.999942958 0.010349421 -1.317063332 0.009203603 -0.010373336 0.999903798 42.763935089
0.999953330 -0.002517324 -0.009325129 0.729851961 0.002615856 0.999940693 0.010569181 -1.328639865 0.009297972 -0.010593079 0.999900699 43.315475464
0.999953091 -0.002657029 -0.009305412 0.740203977 0.002752163 0.999943912 0.010225651 -1.328947067 0.009277719 -0.010250782 0.999904394 43.846706390
0.999947906 -0.003233940 -0.009678250 0.750153542 0.003335160 0.999939680 0.010460793 -1.339800000 0.009643838 -0.010492526 0.999898374 44.380481720
0.999948084 -0.003360644 -0.009616285 0.750215650 0.003462202 0.999938130 0.010563999 -1.347400427 0.009580189 -0.010596745 0.999897897 44.916934967
0.999950111 -0.003103766 -0.009491027 0.759057045 0.003205764 0.999937117 0.010750478 -1.365401983 0.009457063 -0.010780370 0.999897122 45.453605652
0.999956608 -0.002397271 -0.008992938 0.757664204 0.002496219 0.999936342 0.011007782 -1.376559019 0.008965977 -0.011029754 0.999898970 45.932285309
0.999947429 -0.002369759 -0.009973488 0.778424799 0.002473181 0.999943197 0.010370142 -1.402703047 0.009948347 -0.010394264 0.999896407 46.488456726
0.999944568 -0.002563484 -0.010211719 0.789328396 0.002668889 0.999943137 0.010321757 -1.411821961 0.010184679 -0.010348436 0.999894559 47.032779694
0.999943614 -0.002699758 -0.010273282 0.795708895 0.002807324 0.999941230 0.010470514 -1.425311923 0.010244410 -0.010498764 0.999892294 47.569732666
0.999949038 -0.002763138 -0.009705716 0.780710757 0.002866354 0.999939263 0.010636797 -1.443527102 0.009675735 -0.010664073 0.999896348 48.062725067
0.999952853 -0.002150969 -0.009467429 0.780304909 0.002252731 0.999939620 0.010751119 -1.452558756 0.009443736 -0.010771939 0.999897361 48.605278015
0.999948561 -0.002888022 -0.009721575 0.785703659 0.002992325 0.999937892 0.010731588 -1.463812351 0.009689977 -0.010760126 0.999895155 49.143184662
0.999944568 -0.003281249 -0.010005106 0.796058416 0.003388261 0.999937057 0.010697708 -1.477922440 0.009969373 -0.010731016 0.999892652 49.673065186
0.999944985 -0.003022268 -0.010039917 0.794057310 0.003131037 0.999936461 0.010835671 -1.486588359 0.010006529 -0.010866511 0.999890804 50.207859039
0.999947786 -0.002703725 -0.009850228 0.795334399 0.002809991 0.999937832 0.010790408 -1.499429464 0.009820443 -0.010817524 0.999893248 50.701728821
0.999949694 -0.002501847 -0.009710940 0.802572012 0.002606863 0.999938071 0.010816592 -1.503775597 0.009683277 -0.010841362 0.999894321 51.253318787
0.999946713 -0.002675873 -0.009967908 0.808566630 0.002782711 0.999938667 0.010719760 -1.511857629 0.009938613 -0.010746929 0.999892831 51.758205414
0.999944746 -0.002830293 -0.010122365 0.826498151 0.002939955 0.999936938 0.010835140 -1.527482986 0.010091060 -0.010864301 0.999889970 52.282295227
0.999946594 -0.002663603 -0.009981587 0.815838337 0.002769027 0.999940395 0.010562897 -1.528685808 0.009952855 -0.010589970 0.999894381 52.826793671
0.999946058 -0.002775990 -0.010012637 0.820390403 0.002881965 0.999939859 0.010585251 -1.539994955 0.009982648 -0.010613535 0.999893844 53.380367279
0.999946475 -0.002758018 -0.009970231 0.832003593 0.002864742 0.999938607 0.010705904 -1.556005001 0.009940092 -0.010733892 0.999892950 53.835922241
0.999944925 -0.002736627 -0.010126467 0.847776771 0.002843445 0.999940336 0.010549108 -1.555407166 0.010096994 -0.010577324 0.999893069 54.483432770
0.999949753 -0.002585252 -0.009683894 0.818270326 0.002687565 0.999940574 0.010567198 -1.581628799 0.009655999 -0.010592694 0.999897301 54.909412384
0.999952376 -0.002120592 -0.009528332 0.823516011 0.002221615 0.999941289 0.010604215 -1.587943792 0.009505284 -0.010624878 0.999898434 55.454856873
0.999953270 -0.002005143 -0.009464516 0.829654455 0.002108658 0.999937952 0.010939884 -1.606499672 0.009441992 -0.010959329 0.999895453 55.979305267
0.999949932 -0.002666997 -0.009642837 0.847835839 0.002769497 0.999939561 0.010631970 -1.603098869 0.009613900 -0.010658143 0.999897003 56.447948456
0.999949694 -0.002849933 -0.009619754 0.855287790 0.002952233 0.999938965 0.010636983 -1.615247965 0.009588854 -0.010664846 0.999897182 56.988857269
0.999954164 -0.002106345 -0.009336302 0.864780486 0.002207897 0.999938369 0.010880268 -1.630461454 0.009312810 -0.010900384 0.999897182 57.526912689
0.999952018 -0.002523294 -0.009464084 0.861138761 0.002624733 0.999939024 0.010721276 -1.637000680 0.009436455 -0.010745604 0.999897718 58.022930145
0.999950349 -0.002712214 -0.009587208 0.867647469 0.002813054 0.999940693 0.010520329 -1.641763449 0.009558106 -0.010546776 0.999898732 58.578636169
0.999950349 -0.002693088 -0.009596867 0.881569922 0.002793520 0.999941349 0.010467160 -1.656975269 0.009568116 -0.010493448 0.999899209 59.114837646
0.999950945 -0.002379892 -0.009617892 0.890294194 0.002484249 0.999937952 0.010852930 -1.663804770 0.009591466 -0.010876291 0.999894857 59.672492981
0.999951363 -0.002505502 -0.009537521 0.895359278 0.002608394 0.999938369 0.010791039 -1.687201023 0.009509898 -0.010815393 0.999896288 60.189594269
0.999950707 -0.002491990 -0.009603987 0.892727971 0.002594975 0.999939084 0.010725714 -1.702543020 0.009576672 -0.010750108 0.999896348 60.689212799
0.999949038 -0.002584259 -0.009758148 0.915175378 0.002694813 0.999932170 0.011333213 -1.716515779 0.009728198 -0.011358932 0.999888182 61.168376923
0.999949634 -0.002088626 -0.009816081 0.927102625 0.002202379 0.999930441 0.011591992 -1.732644677 0.009791187 -0.011613027 0.999884665 61.706493378
0.999949038 -0.001788427 -0.009936483 0.937582910 0.001902999 0.999931693 0.011532890 -1.735988498 0.009915179 -0.011551211 0.999884188 62.229160309
0.999947071 -0.002167260 -0.010059893 0.949236393 0.002279966 0.999934673 0.011205587 -1.743839741 0.010034949 -0.011227929 0.999886692 62.778717041
0.999948084 -0.002142377 -0.009965109 0.939550757 0.002255754 0.999932706 0.011380073 -1.757756472 0.009940058 -0.011401959 0.999885559 63.350898743
0.999954522 -0.001350033 -0.009442110 0.949032247 0.001454067 0.999938250 0.011019856 -1.765235901 0.009426648 -0.011033083 0.999894619 63.792964935
0.999954820 -0.001006043 -0.009456332 0.950378358 0.001107061 0.999942303 0.010683379 -1.770942569 0.009445038 -0.010693367 0.999898195 64.350769043
0.999962926 0.000108223 -0.008618254 0.951981902 -0.000016698 0.999943614 0.010619272 -1.782527447 0.008618917 -0.010618733 0.999906421 64.882736206
0.999946237 -0.002676338 -0.010024561 0.984931469 0.002787544 0.999934614 0.011095932 -1.798820972 0.009994209 -0.011123277 0.999888182 65.387351990
0.999952435 -0.002062993 -0.009538435 0.984820008 0.002168431 0.999936581 0.011056925 -1.809480906 0.009515019 -0.011077083 0.999893308 65.917816162
0.999965310 -0.000095112 -0.008329530 0.930051565 0.000188348 0.999937296 0.011193404 -1.844382405 0.008327943 -0.011194585 0.999902666 66.400886536
0.999964118 -0.000633259 -0.008454505 0.938195884 0.000725747 0.999939799 0.010940964 -1.849580646 0.008447069 -0.010946707 0.999904394 66.951156616
0.999964714 0.000130546 -0.008395540 0.946740091 -0.000036901 0.999937832 0.011153388 -1.868993282 0.008396473 -0.011152684 0.999902546 67.487350464
0.999964595 -0.000004941 -0.008418438 0.951887965 0.000096098 0.999941349 0.010827899 -1.865427256 0.008417890 -0.010828324 0.999905944 68.015342712
0.999972999 0.001542131 -0.007185472 0.940483809 -0.001463282 0.999938786 0.010965899 -1.867619634 0.007201942 -0.010955089 0.999914110 68.535964966
0.999966443 0.000507807 -0.008178428 0.954918265 -0.000413222 0.999933064 0.011562754 -1.899044633 0.008183752 -0.011558986 0.999899685 68.989601135
0.999965787 0.000936517 -0.008215411 0.960530400 -0.000841709 0.999933124 0.011536141 -1.907234907 0.008225664 -0.011528831 0.999899685 69.535293579
0.999967396 0.001666605 -0.007901265 0.962326646 -0.001576018 0.999933124 0.011457372 -1.913944483 0.007919832 -0.011444544 0.999903083 70.099739075
0.999964178 -0.000054317 -0.008478882 0.982625246 0.000153832 0.999931097 0.011736652 -1.936992645 0.008477664 -0.011737534 0.999895155 70.581077576
0.999966085 0.000734238 -0.008197312 0.984329045 -0.000637380 0.999930024 0.011812245 -1.950472116 0.008205412 -0.011806618 0.999896586 71.077827454
0.999965429 0.000576474 -0.008289866 0.995210409 -0.000480000 0.999932170 0.011634811 -1.958505154 0.008296012 -0.011630429 0.999897897 71.635826111
0.999968290 0.000679423 -0.007932988 0.982637525 -0.000585382 0.999929726 0.011850757 -1.970621586 0.007940482 -0.011845739 0.999898314 72.121231079
0.999968827 0.000440072 -0.007884196 0.991591454 -0.000348887 0.999933124 0.011563250 -1.980635405 0.007888755 -0.011560138 0.999902070 72.661849976
0.999968886 0.000398692 -0.007880137 1.001496673 -0.000308912 0.999935091 0.011391166 -1.989772320 0.007884166 -0.011388376 0.999904037 73.189910889
0.999971330 0.000704271 -0.007540633 0.993571281 -0.000618644 0.999935448 0.011351619 -1.998142481 0.007548140 -0.011346627 0.999907076 73.735076904
0.999971151 0.001290032 -0.007480994 0.997863650 -0.001207425 0.999938369 0.011036184 -2.002584457 0.007494770 -0.011026834 0.999911129 74.278083801
0.999971271 0.001621723 -0.007402525 0.991242409 -0.001532863 0.999926865 0.011993968 -2.043051243 0.007421435 -0.011982276 0.999900639 74.763450623
0.999969780 0.001409504 -0.007646994 0.997050703 -0.001317391 0.999926627 0.012037391 -2.053361893 0.007663401 -0.012026955 0.999898255 75.316825867
0.999969721 0.000994175 -0.007718830 1.012870789 -0.000901933 0.999928236 0.011944504 -2.060548544 0.007730152 -0.011937182 0.999898851 75.830429077
0.999970496 0.000705895 -0.007651976 1.008802652 -0.000613123 0.999926388 0.012119438 -2.066632271 0.007659968 -0.012114387 0.999897301 76.362136841
0.999970734 0.000912758 -0.007599779 1.013841510 -0.000820683 0.999926329 0.012109907 -2.078867912 0.007610271 -0.012103318 0.999897718 76.899421692
0.999971569 0.001211225 -0.007438824 1.019015312 -0.001122842 0.999928892 0.011873973 -2.087257147 0.007452677 -0.011865283 0.999901831 77.438629150
0.999974370 0.000756570 -0.007115475 1.027790904 -0.000672850 0.999930620 0.011760890 -2.089443684 0.007123880 -0.011755802 0.999905467 77.984214783
0.999981761 0.000767587 -0.005989505 1.035911441 -0.000698674 0.999933660 0.011499221 -2.094405890 0.005997935 -0.011494829 0.999915957 78.517784119
0.999988139 0.001096735 -0.004744950 1.045342922 -0.001041240 0.999931216 0.011682169 -2.111131191 0.004757436 -0.011677090 0.999920428 79.060821533
0.999994636 0.001045313 -0.003113386 1.053824782 -0.001009383 0.999933064 0.011519764 -2.122344732 0.003125220 -0.011516559 0.999928713 79.608406067
0.999998748 0.001444694 0.000647668 1.068347096 -0.001452242 0.999929190 0.011808612 -2.134880543 -0.000630561 -0.011809539 0.999930024 80.148933411
0.999990761 0.000945602 0.004186646 1.092178941 -0.000995739 0.999927640 0.011989498 -2.144179344 -0.004175005 -0.011993559 0.999919295 80.689002991
0.999975204 0.000877907 0.006984162 1.106431007 -0.000958545 0.999932826 0.011550895 -2.144113064 -0.006973552 -0.011557303 0.999908924 81.264587402
0.999935627 0.000665751 0.011335137 1.145633101 -0.000793341 0.999936342 0.011255401 -2.124740839 -0.011326923 -0.011263668 0.999872386 81.893035889
0.999833584 0.001442176 0.018184418 1.158951163 -0.001656827 0.999929070 0.011794594 -2.172837019 -0.018166116 -0.011822759 0.999765038 82.342460632
0.999715626 0.001569182 0.023798862 1.191073298 -0.001861388 0.999923170 0.012260985 -2.185982943 -0.023777792 -0.012301795 0.999641538 82.889640808
0.999578238 0.000907033 0.029026944 1.236032248 -0.001240058 0.999933600 0.011457037 -2.192462921 -0.029014625 -0.011488198 0.999512970 83.450096130
0.999336779 0.000475928 0.036408659 1.273645759 -0.000906737 0.999929845 0.011817024 -2.194561481 -0.036400482 -0.011842203 0.999267101 84.007804871
0.999004185 0.000040008 0.044616569 1.323651075 -0.000546913 0.999935448 0.011349208 -2.213101387 -0.044613231 -0.011362309 0.998939633 84.572746277
0.998696923 -0.000651623 0.051028203 1.373304605 0.000076669 0.999936461 0.011268508 -2.218674183 -0.051032308 -0.011249911 0.998633564 85.120391846
0.998199880 0.000201224 0.059974656 1.436321497 -0.000908304 0.999930501 0.011762629 -2.245581150 -0.059968114 -0.011795931 0.998130620 85.647491455
0.997549176 -0.001119288 0.069959044 1.503879547 0.000319483 0.999934494 0.011442617 -2.251732111 -0.069967248 -0.011392221 0.997484207 86.199905396
0.996929765 -0.001246367 0.078292668 1.562072754 0.000333975 0.999931872 0.011665628 -2.264158487 -0.078301884 -0.011603663 0.996862173 86.763427734
0.996264637 -0.001319118 0.086342357 1.637087345 0.000328993 0.999934018 0.011480658 -2.280421495 -0.086351804 -0.011409368 0.996199369 87.290306091
0.995311737 -0.001057874 0.096713141 1.713267326 -0.000055735 0.999933660 0.011511132 -2.288236618 -0.096718907 -0.011462555 0.995245695 87.843566895
0.994251311 -0.001839224 0.107055858 1.807399750 0.000571555 0.999929368 0.011870672 -2.311545372 -0.107070141 -0.011741243 0.994182110 88.385696411
0.993241310 -0.002571554 0.116039366 1.899844170 0.001241011 0.999932647 0.011537092 -2.319342136 -0.116061218 -0.011315112 0.993177593 88.941352844
0.991872072 -0.002577823 0.127213344 1.989611626 0.001113054 0.999932170 0.011584013 -2.326653242 -0.127234578 -0.011348263 0.991807699 89.481948853
0.990295589 -0.002781250 0.138948843 2.089824677 0.001102177 0.999925375 0.012159592 -2.346383572 -0.138972297 -0.011888447 0.990224898 90.023841858
0.988750815 -0.003451477 0.149532303 2.201388359 0.001686211 0.999927402 0.011930416 -2.353546619 -0.149562627 -0.011544068 0.988684833 90.583122253
0.987114251 -0.003490116 0.159979165 2.311326027 0.001606304 0.999927819 0.011903164 -2.360924721 -0.160009146 -0.011492806 0.987048626 91.131507874
0.984933734 -0.003572301 0.172895700 2.431417465 0.001546533 0.999928594 0.011849995 -2.369697571 -0.172925681 -0.011404071 0.984868824 91.666938782
0.982606471 -0.004044414 0.185656115 2.551121712 0.001853202 0.999926507 0.011974543 -2.378142357 -0.185690895 -0.011422205 0.982541800 92.223571777
0.980663121 -0.004509216 0.195651636 2.680675507 0.002230531 0.999927044 0.011865417 -2.388149738 -0.195690885 -0.011199567 0.980601668 92.760444641
0.977986157 -0.004865884 0.208613113 2.818246841 0.002375804 0.999922931 0.012185261 -2.400906563 -0.208656311 -0.011421392 0.977922320 93.288772583
0.974951148 -0.005018988 0.222362414 2.966543198 0.002358885 0.999922454 0.012226890 -2.409111977 -0.222406521 -0.011396096 0.974887371 93.832199097
0.972246170 -0.004695564 0.233913094 3.110160828 0.001830155 0.999920666 0.012465438 -2.420521259 -0.233953059 -0.011691377 0.972177625 94.365608215
0.969313443 -0.005173761 0.245773390 3.277154922 0.002287071 0.999925017 0.012029307 -2.426472664 -0.245817214 -0.011098068 0.969252646 94.900856018
0.965623498 -0.005011485 0.259896278 3.434490204 0.001759913 0.999917209 0.012742229 -2.439403057 -0.259938627 -0.011846802 0.965552390 95.417175293
0.962272406 -0.004912859 0.272043318 3.613496780 0.001624441 0.999922931 0.012311732 -2.442900658 -0.272082835 -0.011405322 0.962206244 95.974716187
0.958997130 -0.006001992 0.283352286 3.803129196 0.002511237 0.999916375 0.012681113 -2.462652206 -0.283404708 -0.011449585 0.958932042 96.471656799
0.954696894 -0.005341833 0.297532141 3.993488312 0.001620910 0.999917328 0.012751278 -2.462568521 -0.297575682 -0.011691332 0.954626501 97.005149841
0.950432420 -0.006911805 0.310854405 4.197481155 0.003044454 0.999911845 0.012924531 -2.478637218 -0.310916364 -0.011337511 0.950369596 97.528610229
0.946644664 -0.007400322 0.322194278 4.392522812 0.003395276 0.999909818 0.012990716 -2.484464645 -0.322261363 -0.011203651 0.946584404 98.042633057
0.942301571 -0.007572791 0.334679484 4.604637146 0.003370432 0.999908030 0.013135350 -2.496262550 -0.334748149 -0.011249446 0.942240417 98.549369812
0.937152684 -0.008089313 0.348825693 4.812770844 0.003773672 0.999907732 0.013049670 -2.502487659 -0.348899126 -0.010913179 0.937096775 99.052406311
0.932489336 -0.008239186 0.361103505 5.040182114 0.003761884 0.999907136 0.013100133 -2.512419701 -0.361177891 -0.010857305 0.932433724 99.567344666
0.928436935 -0.008797102 0.371385813 5.266090393 0.004192814 0.999904037 0.013203232 -2.521210909 -0.371466309 -0.010701217 0.928384721 100.076690674
0.922787189 -0.008843759 0.385208279 5.492803574 0.004087856 0.999904871 0.013163525 -2.523806572 -0.385288119 -0.010572457 0.922735751 100.578552246
0.917197704 -0.009356522 0.398322493 5.735637665 0.004478842 0.999903142 0.013174328 -2.532673836 -0.398407251 -0.010299440 0.917150795 101.075027466
0.912296891 -0.009867596 0.409410417 5.986827850 0.004819251 0.999899149 0.013360704 -2.545524120 -0.409500957 -0.010215879 0.912252545 101.565925598
0.906001270 -0.010512190 0.423144221 6.246475220 0.005413501 0.999897540 0.013249558 -2.546949148 -0.423240125 -0.009713426 0.905965447 102.062255859
0.899084508 -0.010559350 0.437647790 6.513496399 0.005129877 0.999894559 0.013586367 -2.559114695 -0.437745094 -0.009970213 0.899043858 102.547943115
0.893461823 -0.011608771 0.448989123 6.807102203 0.005969196 0.999884546 0.013974019 -2.577745914 -0.449099511 -0.009805148 0.893427968 103.035522461
0.887782991 -0.011755053 0.460112095 7.082897186 0.005806438 0.999880314 0.014341698 -2.592283726 -0.460225642 -0.010060703 0.887744904 103.527923584
0.880785823 -0.012596454 0.473347157 7.377315521 0.006664857 0.999876857 0.014206466 -2.596504688 -0.473467797 -0.009358064 0.880761385 104.014549255
