1.000000000 0.000000000 0.000000000 0.000000000 0.000000000 1.000000000 0.000000000 0.000000000 0.000000000 0.000000000 1.000000000 0.000000000
1.000000000 0.000115009 0.000039961 -0.001492641 -0.000115007 1.000000000 -0.000049723 0.001481978 -0.000039967 0.000049718 1.000000000 0.003454603
1.000000000 0.000104341 0.000007465 0.000485286 -0.000104341 1.000000000 0.000002559 0.000772262 -0.000007465 -0.000002559 1.000000000 0.003928659
0.999999940 0.000250934 0.000099774 -0.000983099 -0.000250933 0.999999940 -0.000004068 0.001088416 -0.000099775 0.000004043 1.000000000 -0.001112369
1.000000000 0.000152338 0.000037366 0.000524932 -0.000152336 1.000000000 -0.000036224 0.000810954 -0.000037371 0.000036218 1.000000000 -0.000172751
1.000000000 0.000034668 0.000006163 -0.000380356 -0.000034668 1.000000000 0.000015192 0.001458619 -0.000006163 -0.000015192 1.000000000 0.000647384
1.000000000 0.000010036 0.000039362 -0.001984550 -0.000010035 1.000000000 -0.000029529 0.000969047 -0.000039363 0.000029529 1.000000000 0.000712655
1.000000000 0.000021151 0.000047299 -0.000190739 -0.000021154 1.000000000 0.000060330 0.000683946 -0.000047297 -0.000060331 1.000000000 -0.000090586
1.000000000 -0.000029555 0.000071828 -0.001670336 0.000029556 1.000000000 -0.000004487 0.000816635 -0.000071828 0.000004489 1.000000000 0.002390435
1.000000000 0.000155200 0.000108262 -0.000866647 -0.000155197 1.000000000 -0.000025125 0.000427714 -0.000108266 0.000025108 1.000000000 -0.001538448
1.000000000 0.000164771 0.000101251 -0.000453124 -0.000164776 1.000000000 0.000045330 0.000340387 -0.000101243 -0.000045347 1.000000000 -0.000883719
1.000000000 0.000030845 0.000045983 -0.001667056 -0.000030843 1.000000000 -0.000041824 0.000878450 -0.000045984 0.000041823 1.000000000 -0.002654792
1.000000000 0.000081325 0.000111058 -0.001972131 -0.000081329 1.000000000 0.000036322 0.000653187 -0.000111055 -0.000036331 1.000000000 -0.004314338
1.000000000 -0.000106810 0.000071343 -0.000880916 0.000106808 1.000000000 0.000030609 -0.000403769 -0.000071346 -0.000030601 1.000000000 0.000312021
1.000000000 0.000069303 0.000067485 -0.000180207 -0.000069301 1.000000000 -0.000020163 0.000804475 -0.000067487 0.000020159 1.000000000 -0.001734999
1.000000000 -0.000007219 0.000043620 -0.000037453 0.000007218 1.000000000 0.000017450 0.000761458 -0.000043620 -0.000017449 1.000000000 -0.002952039
1.000000000 -0.000075249 0.000056756 -0.001806878 0.000075247 1.000000000 0.000028644 0.000262443 -0.000056759 -0.000028640 1.000000000 -0.002031543
1.000000000 0.000052264 0.000121767 -0.001579395 -0.000052273 1.000000000 0.000073312 -0.000962955 -0.000121763 -0.000073318 1.000000000 -0.004093654
1.000000000 0.000092009 0.000056855 -0.000067709 -0.000092011 1.000000000 0.000039531 0.001346874 -0.000056851 -0.000039536 1.000000000 -0.004576468
1.000000000 -0.000093697 -0.000003068 -0.000661173 0.000093698 1.000000000 0.000017947 0.000542801 0.000003067 -0.000017948 1.000000000 -0.005821838
1.000000000 0.000052607 0.000058060 -0.000451714 -0.000052608 1.000000000 0.000024301 0.000195204 -0.000058059 -0.000024304 1.000000000 -0.006791781
1.000000000 -0.000058385 0.000012262 -0.000094697 0.000058384 1.000000000 0.000041237 -0.001410573 -0.000012264 -0.000041236 1.000000000 -0.004439405
1.000000000 0.000105485 0.000166967 -0.005539158 -0.000105468 1.000000000 -0.000099899 0.002478601 -0.000166978 0.000099881 1.000000000 0.004565062
1.000000000 -0.000011786 0.000037698 -0.000027732 0.000011785 1.000000000 0.000025773 -0.000353737 -0.000037698 -0.000025773 1.000000000 -0.000217487
1.000000000 -0.000035765 0.000072976 -0.002010011 0.000035763 1.000000000 0.000022177 0.000848909 -0.000072976 -0.000022175 1.000000000 0.000472995
1.000000000 -0.000026391 -0.000010071 0.000762491 0.000026391 1.000000000 -0.000014690 0.000936481 0.000010071 0.000014690 1.000000000 -0.003577360
1.000000000 -0.000113290 0.000088086 -0.002609705 0.000113294 1.000000000 -0.000044411 0.002094341 -0.000088081 0.000044421 1.000000000 0.000870551
1.000000000 0.000131298 0.000142815 -0.004261011 -0.000131291 1.000000000 -0.000053139 0.002053638 -0.000142822 0.000053120 1.000000000 0.000153566
1.000000000 -0.000080924 0.000065592 -0.001933420 0.000080920 1.000000000 0.000071758 0.000137703 -0.000065597 -0.000071752 1.000000000 -0.000042711
1.000000000 -0.000053110 0.000060332 -0.003401286 0.000053114 1.000000000 -0.000066837 0.003803570 -0.000060329 0.000066840 1.000000000 0.000418069
1.000000000 -0.000018811 0.000033258 -0.001551623 0.000018812 1.000000000 -0.000035516 0.000835250 -0.000033257 0.000035517 1.000000000 0.000029235
1.000000000 -0.000076042 0.000071847 -0.002896161 0.000076039 1.000000000 0.000038435 0.000712654 -0.000071849 -0.000038429 1.000000000 0.002845801
1.000000000 -0.000158256 0.000028687 -0.003000610 0.000158257 1.000000000 -0.000028174 0.000973224 -0.000028682 0.000028178 1.000000000 -0.000766567
1.000000000 -0.000004571 0.000025946 -0.000326759 0.000004570 1.000000000 0.000042369 -0.000762588 -0.000025946 -0.000042369 1.000000000 -0.003997776
0.999999940 0.000193260 0.000157503 -0.003604784 -0.000193261 1.000000000 0.000004238 0.000567235 -0.000157502 -0.000004269 1.000000000 -0.000730366
1.000000000 0.000002324 0.000016529 -0.000808882 -0.000002324 1.000000000 0.000019932 0.000465056 -0.000016529 -0.000019932 1.000000000 -0.001501642
1.000000000 0.000026598 0.000008789 -0.001978061 -0.000026598 1.000000000 -0.000018591 0.001450948 -0.000008789 0.000018591 1.000000000 -0.002985451
1.000000000 -0.000062544 0.000031063 -0.000616244 0.000062547 1.000000000 -0.000079869 0.001185134 -0.000031058 0.000079871 1.000000000 -0.003071841
1.000000000 -0.000056646 0.000112705 -0.003691376 0.000056648 1.000000000 -0.000021894 0.000865881 -0.000112704 0.000021901 1.000000000 0.000453965
1.000000000 -0.000040619 0.000014475 -0.000239821 0.000040618 1.000000000 0.000044790 0.000186425 -0.000014477 -0.000044790 1.000000000 -0.001547814
1.000000000 -0.000136274 0.000014780 -0.000654500 0.000136273 1.000000000 0.000070530 -0.000651483 -0.000014790 -0.000070528 1.000000000 -0.002789247
1.000000000 0.000028193 0.000105682 0.002369728 -0.000028147 0.999999881 -0.000434343 -0.005843708 -0.000105694 0.000434340 0.999999881 0.048352454
1.000000000 -0.000038926 0.000084832 0.002950488 0.000039029 0.999999285 -0.001217869 -0.002731656 -0.000084785 0.001217873 0.999999225 0.146777228
1.000000000 -0.000058377 0.000007841 0.005719428 0.000058388 0.999998987 -0.001412946 -0.010595760 -0.000007759 0.001412946 0.999998987 0.260658562
1.000000000 0.000014206 0.000092831 0.005768921 -0.000014088 0.999999225 -0.001262418 -0.015717702 -0.000092848 0.001262417 0.999999225 0.390338719
1.000000000 0.000159093 0.000039670 0.007412021 -0.000159055 0.999999523 -0.000958763 -0.023666603 -0.000039822 0.000958757 0.999999523 0.532695651
1.000000000 0.000166110 0.000091531 0.007219800 -0.000166041 0.999999702 -0.000760528 -0.031799383 -0.000091657 0.000760513 0.999999702 0.685125470
1.000000000 -0.000021507 -0.000021643 0.016650051 0.000021494 0.999999821 -0.000587096 -0.035086840 0.000021656 0.000587095 0.999999821 0.853078961
1.000000000 0.000049824 -0.000115531 0.021439387 -0.000049882 0.999999881 -0.000506438 -0.038331110 0.000115505 0.000506444 0.999999881 1.027943373
1.000000000 -0.000099142 0.000044116 0.029366739 0.000099159 1.000000000 -0.000389229 -0.041962650 -0.000044077 0.000389234 0.999999940 1.207311988
0.999999702 -0.000532603 -0.000331044 0.046157695 0.000532552 0.999999881 -0.000153797 -0.050967667 0.000331126 0.000153621 1.000000000 1.401883125
0.999999940 0.000300066 0.000025513 0.034283090 -0.000300064 0.999999940 -0.000078787 -0.056389514 -0.000025536 0.000078780 1.000000000 1.577651024
0.999999821 0.000417352 0.000355030 0.032231178 -0.000417314 0.999999881 -0.000105379 -0.058447495 -0.000355074 0.000105231 1.000000000 1.775588155
0.999999821 0.000396079 0.000356023 0.037784308 -0.000396102 0.999999940 0.000063769 -0.065448314 -0.000355998 -0.000063910 0.999999881 1.981460571
0.999999881 0.000353867 0.000320978 0.043149155 -0.000353799 0.999999940 -0.000211309 -0.069778875 -0.000321053 0.000211195 0.999999940 2.202489138
0.999999821 0.000489107 0.000341182 0.049675811 -0.000489263 0.999999762 0.000459161 -0.078683265 -0.000340957 -0.000459328 0.999999821 2.400199890
0.999999881 0.000445326 0.000197705 0.051791877 -0.000445439 0.999999642 0.000570209 -0.086093940 -0.000197451 -0.000570297 0.999999821 2.634970903
0.999999881 0.000377152 0.000318783 0.067307733 -0.000377292 0.999999821 0.000439810 -0.096710719 -0.000318617 -0.000439931 0.999999821 2.879965067
0.999999940 0.000468472 0.000321241 0.075721458 -0.000468670 0.999999702 0.000618522 -0.104469948 -0.000320951 -0.000618672 0.999999762 3.111586809
0.999999940 0.000317150 0.000141539 0.083503447 -0.000317236 0.999999762 0.000614122 -0.111030452 -0.000141344 -0.000614167 0.999999762 3.337194920
1.000000000 0.000215246 -0.000023097 0.091089927 -0.000215231 0.999999821 0.000653237 -0.116471000 0.000023238 -0.000653232 0.999999762 3.589359760
0.999999940 0.000244330 0.000017923 0.099142246 -0.000244344 0.999999642 0.000800217 -0.124048509 -0.000017728 -0.000800222 0.999999642 3.850026369
0.999999762 0.000575847 0.000173563 0.089683078 -0.000575951 0.999999583 0.000600734 -0.133578658 -0.000173217 -0.000600834 0.999999821 4.119176388
0.999999225 0.001241684 0.000315069 0.093800686 -0.001241922 0.999998927 0.000754909 -0.143764466 -0.000314131 -0.000755300 0.999999702 4.366686821
0.999999940 0.000330770 0.000152900 0.106667936 -0.000330940 0.999999344 0.001116463 -0.146094441 -0.000152530 -0.001116514 0.999999344 4.615183830
0.999999642 0.000515380 0.000664797 0.099039309 -0.000515991 0.999999464 0.000919246 -0.154216468 -0.000664323 -0.000919589 0.999999344 4.890609264
0.999999344 0.000928387 0.000660575 0.104667954 -0.000928940 0.999999225 0.000836602 -0.163419768 -0.000659798 -0.000837215 0.999999404 5.151414871
0.999999762 0.000425568 0.000498597 0.112989508 -0.000426138 0.999999285 0.001142257 -0.176412076 -0.000498110 -0.001142469 0.999999225 5.412654877
0.999999642 0.000318306 0.000762524 0.114826605 -0.000319097 0.999999404 0.001037995 -0.185075879 -0.000762193 -0.001038238 0.999999166 5.677032471
0.999999762 0.000362986 0.000586358 0.121367700 -0.000363505 0.999999642 0.000885785 -0.186736003 -0.000586036 -0.000885998 0.999999464 5.940117836
0.999999762 -0.000033335 0.000726003 0.130478725 0.000032513 0.999999344 0.001131987 -0.203465626 -0.000726040 -0.001131963 0.999999106 6.194501400
0.999999583 0.000462071 0.000769883 0.131467357 -0.000462865 0.999999344 0.001031871 -0.206863746 -0.000769406 -0.001032227 0.999999225 6.489507198
0.999999642 0.000376963 0.000702567 0.135266393 -0.000377626 0.999999464 0.000943599 -0.211021975 -0.000702211 -0.000943864 0.999999225 6.783346653
0.999999762 -0.000151271 0.000585371 0.141415328 0.000150668 0.999999464 0.001030405 -0.216611326 -0.000585526 -0.001030316 0.999999285 7.088527679
0.999999583 0.000334113 0.000845861 0.151719615 -0.000335144 0.999999225 0.001219029 -0.229816541 -0.000845453 -0.001219312 0.999998868 7.376086235
0.999999762 0.000386418 0.000556269 0.170298681 -0.000387199 0.999998927 0.001404196 -0.246404380 -0.000555726 -0.001404411 0.999998868 7.672819138
0.999999821 0.000289638 0.000556688 0.178072557 -0.000290456 0.999998868 0.001469621 -0.256468832 -0.000556261 -0.001469783 0.999998748 7.988389015
0.999999583 0.000627366 0.000653976 0.187634572 -0.000628135 0.999999106 0.001176482 -0.265965223 -0.000653237 -0.001176892 0.999999106 8.305733681
0.999999821 0.000352306 0.000479606 0.195926026 -0.000353038 0.999998748 0.001526734 -0.278130531 -0.000479068 -0.001526903 0.999998689 8.631976128
0.999999821 0.000213912 0.000567535 0.202987880 -0.000214711 0.999998987 0.001408874 -0.287253797 -0.000567233 -0.001408995 0.999998868 8.964185715
0.999999702 0.000025965 0.000791149 0.214994967 -0.000027222 0.999998748 0.001589139 -0.299365908 -0.000791106 -0.001589159 0.999998450 9.295269966
0.999999702 -0.000275264 0.000751731 0.202235028 0.000274198 0.999998927 0.001418030 -0.299696356 -0.000752120 -0.001417823 0.999998689 9.651734352
0.999999702 -0.000558646 0.000623962 0.210365638 0.000557785 0.999998868 0.001378427 -0.307860404 -0.000624731 -0.001378079 0.999998808 9.999522209
0.999999642 -0.000528110 0.000713644 0.213032037 0.000526949 0.999998569 0.001625975 -0.317005575 -0.000714502 -0.001625598 0.999998391 10.363224983
0.999999702 0.000337092 0.000590791 0.231788948 -0.000338217 0.999998152 0.001906202 -0.345099390 -0.000590147 -0.001906402 0.999998033 10.710791588
0.999999464 0.000247169 0.001020768 0.238145515 -0.000248798 0.999998748 0.001596456 -0.351921439 -0.001020372 -0.001596709 0.999998331 11.094520569
0.999999523 0.000256792 0.000905089 0.241828009 -0.000258744 0.999997556 0.002157075 -0.367903650 -0.000904533 -0.002157308 0.999997258 11.455183983
0.999999762 -0.000136770 0.000773087 0.254379749 0.000135058 0.999997497 0.002214667 -0.374293804 -0.000773387 -0.002214562 0.999997258 11.838069916
0.999999285 0.000645184 0.000926146 0.260455340 -0.000647232 0.999997318 0.002213136 -0.393038332 -0.000924716 -0.002213734 0.999997139 12.203071594
0.999998987 0.000604356 0.001240900 0.266792923 -0.000607165 0.999997199 0.002264870 -0.406173378 -0.001239528 -0.002265621 0.999996662 12.596798897
0.999999166 0.000955220 0.000784105 0.277785182 -0.000956945 0.999997079 0.002203141 -0.418440431 -0.000781998 -0.002203889 0.999997258 12.963272095
0.999999523 0.000790167 0.000588716 0.289069653 -0.000791719 0.999996185 0.002641544 -0.435435712 -0.000586627 -0.002642008 0.999996364 13.340949059
0.999999344 0.000599983 0.000932063 0.295091033 -0.000602882 0.999994993 0.003113573 -0.462418526 -0.000930191 -0.003114132 0.999994695 13.758977890
0.999999642 0.000086565 0.000824397 0.300945371 -0.000089111 0.999995232 0.003089338 -0.468275011 -0.000824125 -0.003089411 0.999994874 14.191466331
0.999999404 -0.000029564 0.001061500 0.318147004 0.000025963 0.999994218 0.003392290 -0.493069649 -0.001061594 -0.003392261 0.999993622 14.594162941
0.999999225 0.000429619 0.001171772 0.329705507 -0.000433541 0.999994218 0.003348959 -0.507314384 -0.001170326 -0.003349464 0.999993742 14.997756004
0.999999225 0.000179484 0.001261824 0.336557657 -0.000183625 0.999994516 0.003282966 -0.515436292 -0.001261228 -0.003283195 0.999993801 15.436412811
0.999998212 -0.000484204 0.001781682 0.358417720 0.000478352 0.999994516 0.003282943 -0.530047297 -0.001783262 -0.003282085 0.999993026 15.866708755
0.999997556 -0.001356588 0.001745281 0.373160690 0.001350761 0.999993563 0.003335611 -0.542449892 -0.001749795 -0.003333245 0.999992907 16.305120468
0.999997675 -0.001470729 0.001542311 0.384328663 0.001465406 0.999993026 0.003446843 -0.559066832 -0.001547370 -0.003444575 0.999992847 16.737621307
0.999996841 0.000119038 0.002521885 0.386905849 -0.000128776 0.999992490 0.003861678 -0.583639205 -0.002521406 -0.003861990 0.999989390 17.188951492
0.999997079 0.000383569 0.002391183 0.396572113 -0.000392236 0.999993265 0.003625050 -0.594722807 -0.002389777 -0.003625978 0.999990582 17.647619247
0.999996245 -0.000085061 0.002727241 0.416098565 0.000073004 0.999990165 0.004421000 -0.617526948 -0.002727591 -0.004420784 0.999986529 18.127321243
0.999995351 0.000083145 0.003036635 0.427198261 -0.000096615 0.999990106 0.004435877 -0.626036346 -0.003036235 -0.004436150 0.999985635 18.593992233
0.999993682 -0.000207943 0.003548845 0.438946187 0.000192190 0.999990165 0.004438714 -0.642503738 -0.003549733 -0.004438004 0.999983907 19.080261230
0.999995053 -0.000797024 0.003048902 0.461492330 0.000782696 0.999988616 0.004697927 -0.664809108 -0.003052612 -0.004695518 0.999984384 19.508470535
0.999991238 0.000405851 0.004161118 0.462563723 -0.000429605 0.999983609 0.005709372 -0.681734741 -0.004158732 -0.005711109 0.999975085 19.987535477
0.999994040 -0.000513595 0.003419758 0.454101384 0.000494437 0.999984205 0.005600600 -0.696306944 -0.003422580 -0.005598876 0.999978483 20.438512802
0.999994993 -0.000995388 0.003026668 0.468247175 0.000978414 0.999983907 0.005604397 -0.709910750 -0.003032197 -0.005601407 0.999979734 20.932132721
0.999997139 -0.000535574 0.002335664 0.474713117 0.000523242 0.999985993 0.005277403 -0.712910950 -0.002338457 -0.005276165 0.999983430 21.457317352
0.999997616 -0.000437743 0.002154461 0.490580380 0.000426248 0.999985695 0.005333062 -0.736806631 -0.002156764 -0.005332130 0.999983490 21.949348450
0.999997616 -0.001061474 0.001895783 0.508303821 0.001051164 0.999984682 0.005430790 -0.744896233 -0.001901519 -0.005428785 0.999983430 22.427791595
0.999998331 -0.000880229 0.001596356 0.510754585 0.000870679 0.999981821 0.005973433 -0.765190542 -0.001601585 -0.005972033 0.999980867 22.934391022
0.999998510 -0.001678096 0.000406129 0.529929221 0.001675893 0.999984205 0.005364661 -0.768847466 -0.000415125 -0.005363973 0.999985516 23.463779449
0.999994099 -0.003381142 -0.000560299 0.553284347 0.003384197 0.999978900 0.005543923 -0.791433930 0.000541542 -0.005545787 0.999984443 23.967859268
0.999997973 -0.001780423 -0.000862401 0.551014066 0.001784974 0.999984443 0.005305666 -0.792263567 0.000852941 -0.005307195 0.999985576 24.504322052
0.999997795 -0.001497210 -0.001454244 0.555795193 0.001505724 0.999981642 0.005871380 -0.812750518 0.001445427 -0.005873557 0.999981701 25.042797089
0.999995291 -0.002138726 -0.002190335 0.568939149 0.002151275 0.999981225 0.005742726 -0.818826675 0.002178012 -0.005747411 0.999981105 25.571456909
0.999995112 -0.001707135 -0.002621785 0.572471201 0.001721642 0.999983191 0.005541301 -0.833371401 0.002612281 -0.005545788 0.999981225 26.108148575
0.999992430 -0.002475027 -0.002997711 0.586879492 0.002492765 0.999979317 0.005927993 -0.842539072 0.002982977 -0.005935422 0.999977946 26.667943954
0.999995112 -0.000701248 -0.003036491 0.580677092 0.000718692 0.999983370 0.005747660 -0.842612445 0.003032409 -0.005749814 0.999978900 27.172573090
0.999992430 -0.001537340 -0.003581131 0.609557986 0.001560451 0.999977946 0.006459522 -0.882376790 0.003571122 -0.006465060 0.999972641 27.732936859
0.999989212 -0.001807824 -0.004285205 0.623137116 0.001835262 0.999977767 0.006407805 -0.896844327 0.004273526 -0.006415601 0.999970257 28.268119812
0.999987006 -0.001953769 -0.004712558 0.634056509 0.001984234 0.999977112 0.006468792 -0.908109486 0.004699812 -0.006478060 0.999967992 28.804416656
0.999986112 -0.001980543 -0.004874980 0.640480936 0.002012311 0.999976695 0.006520179 -0.920137823 0.004861953 -0.006529898 0.999966919 29.344308853
0.999984920 -0.001990346 -0.005108718 0.644850135 0.002022943 0.999977589 0.006383334 -0.926357746 0.005095898 -0.006393573 0.999966502 29.888353348
0.999984205 -0.001719445 -0.005375396 0.653587818 0.001753797 0.999978006 0.006392406 -0.945824742 0.005364288 -0.006401731 0.999965131 30.434793472
0.999984562 -0.001568256 -0.005329604 0.656793356 0.001604624 0.999975383 0.006826403 -0.960893154 0.005318768 -0.006834849 0.999962449 30.970609665
0.999983490 -0.000650041 -0.005713820 0.674144030 0.000687643 0.999978125 0.006581343 -0.979205549 0.005709416 -0.006585164 0.999961972 31.489242554
0.999980986 -0.000894537 -0.006101894 0.686663032 0.000934794 0.999977767 0.006597692 -0.994777858 0.006095857 -0.006603271 0.999959648 32.030372620
0.999981046 -0.000955589 -0.006075473 0.673408091 0.000997512 0.999975681 0.006901043 -1.007890344 0.006068729 -0.006906973 0.999957681 32.542537689
0.999981105 -0.001085307 -0.006052145 0.675851882 0.001127301 0.999975264 0.006939732 -1.026194453 0.006044464 -0.006946423 0.999957621 33.054553986
0.999978662 -0.001540235 -0.006346138 0.681528151 0.001587230 0.999971271 0.007406871 -1.053282499 0.006334547 -0.007416787 0.999952435 33.611560822
0.999979973 -0.000866277 -0.006272968 0.682762980 0.000913628 0.999971092 0.007549485 -1.072495699 0.006266246 -0.007555065 0.999951839 34.152709961
0.999979556 -0.001047119 -0.006312496 0.680072129 0.001093320 0.999972641 0.007320054 -1.084505081 0.006304657 -0.007326805 0.999953270 34.646083832
0.999975026 -0.001536388 -0.006889636 0.701652586 0.001588198 0.999970436 0.007520849 -1.084745049 0.006877876 -0.007531605 0.999947965 35.216209412
0.999976516 -0.001127553 -0.006762273 0.697595119 0.001179596 0.999969661 0.007697055 -1.115115166 0.006753391 -0.007704851 0.999947429 35.770290375
0.999978244 -0.000775337 -0.006562470 0.705710769 0.000825178 0.999970794 0.007595627 -1.129780769 0.006556388 -0.007600877 0.999949634 36.319862366
0.999977052 -0.001477686 -0.006610024 0.691945434 0.001530293 0.999967158 0.007960740 -1.142865539 0.006598043 -0.007970672 0.999946415 36.795661926
0.999978125 -0.001047305 -0.006530155 0.701536000 0.001101731 0.999964595 0.008336533 -1.167251468 0.006521193 -0.008343544 0.999943912 37.310253143
0.999971747 -0.001984274 -0.007251317 0.732267737 0.002050306 0.999956369 0.009110087 -1.175524712 0.007232923 -0.009124697 0.999932170 37.813125610
0.999969423 -0.002423309 -0.007432206 0.709585130 0.002492105 0.999954045 0.009261239 -1.199774146 0.007409422 -0.009279479 0.999929428 38.359676361
0.999972165 -0.001778477 -0.007248544 0.701671958 0.001838929 0.999963403 0.008341752 -1.182006359 0.007233444 -0.008354848 0.999938905 38.886310577
0.999970436 -0.001264605 -0.007587798 0.772427320 0.001332090 0.999959528 0.008895438 -1.222137094 0.007576242 -0.008905282 0.999931633 39.450126648
0.999958694 -0.003018594 -0.008569300 0.780221105 0.003092748 0.999957800 0.008653386 -1.221899986 0.008542815 -0.008679534 0.999925792 40.037475586
0.999961019 -0.002623623 -0.008431582 0.789471030 0.002693790 0.999961734 0.008321401 -1.225401640 0.008409428 -0.008343790 0.999929786 40.575466156
0.999962449 -0.002313853 -0.008355001 0.783026457 0.002381855 0.999963999 0.008138201 -1.230844736 0.008335872 -0.008157797 0.999931991 41.117759705
0.999957919 -0.002172755 -0.008908860 0.804470897 0.002244513 0.999965072 0.008052576 -1.241517067 0.008891053 -0.008072234 0.999927938 41.655883789
0.999958754 -0.002492222 -0.008726428 0.810121298 0.002562849 0.999963999 0.008091656 -1.250068426 0.008705946 -0.008113691 0.999929130 42.192344666
0.999956429 -0.003026863 -0.008827755 0.811011195 0.003103678 0.999957263 0.008700849 -1.272861719 0.008801041 -0.008727871 0.999923110 42.729698181
0.999957085 -0.002233021 -0.008989773 0.818921566 0.002306605 0.999963880 0.008183188 -1.281517267 0.008971175 -0.008203573 0.999926090 43.266185760
0.999953508 -0.003138078 -0.009115100 0.828255892 0.003219366 0.999954998 0.008916967 -1.301572084 0.009086706 -0.008945898 0.999918640 43.798198700
0.999955773 -0.002983891 -0.008916918 0.829606891 0.003058013 0.999960780 0.008310435 -1.310845375 0.008891772 -0.008337337 0.999925733 44.341087341
0.999952734 -0.003319818 -0.009135502 0.841574669 0.003397813 0.999957740 0.008535344 -1.319817662 0.009106779 -0.008565981 0.999921858 44.875328064
0.999954343 -0.002773175 -0.009142236 0.844995737 0.002852500 0.999958277 0.008675206 -1.328817725 0.009117797 -0.008700889 0.999920607 45.407321930
0.999949634 -0.003279988 -0.009486407 0.853899002 0.003359203 0.999959648 0.008346622 -1.339667082 0.009458647 -0.008378070 0.999920130 45.942722321
0.999950230 -0.002931431 -0.009538033 0.860589743 0.003014164 0.999957919 0.008671220 -1.357560873 0.009512212 -0.008699538 0.999916852 46.499477386
0.999954283 -0.002773855 -0.009153266 0.851087570 0.002850549 0.999960840 0.008376466 -1.361520290 0.009129673 -0.008402174 0.999923050 47.017272949
0.999953091 -0.002457106 -0.009364250 0.873836815 0.002535836 0.999961495 0.008404957 -1.371432781 0.009343237 -0.008428311 0.999920785 47.579189301
0.999952316 -0.003130707 -0.009245474 0.864197731 0.003213196 0.999955058 0.008920757 -1.385303855 0.009217129 -0.008950040 0.999917448 48.081027985
0.999954641 -0.002817821 -0.009113749 0.878795981 0.002901426 0.999953687 0.009173360 -1.407984138 0.009087480 -0.009199386 0.999916315 48.622119904
0.999948204 -0.003388656 -0.009590537 0.893160582 0.003475427 0.999953032 0.009045433 -1.421496272 0.009559434 -0.009078297 0.999913096 49.154079437
0.999946117 -0.003542616 -0.009755667 0.898180008 0.003630488 0.999952972 0.009004446 -1.430028200 0.009723308 -0.009039380 0.999911845 49.691589355
0.999954283 -0.002865780 -0.009119490 0.903210044 0.002952455 0.999950469 0.009505111 -1.454664946 0.009091800 -0.009531602 0.999913156 50.210800171
0.999944568 -0.003891446 -0.009774816 0.909308434 0.003986861 0.999944329 0.009760812 -1.468663812 0.009736288 -0.009799241 0.999904573 50.761043549
0.999946594 -0.003585548 -0.009695008 0.912147641 0.003680144 0.999945581 0.009757034 -1.482013226 0.009659496 -0.009792193 0.999905348 51.289627075
0.999948978 -0.003263218 -0.009564470 0.910693645 0.003356464 0.999946833 0.009749481 -1.495361328 0.009532147 -0.009781086 0.999906659 51.814117432
0.999961913 -0.002817815 -0.008261578 0.903480053 0.002900288 0.999946058 0.009987857 -1.520640135 0.008232987 -0.010011438 0.999915957 52.337142944
0.999957502 -0.002751925 -0.008805983 0.903706193 0.002840928 0.999944925 0.010110573 -1.521386147 0.008777674 -0.010135160 0.999910116 52.870971680
0.999951899 -0.003587730 -0.009126643 0.911126256 0.003683766 0.999937773 0.010527658 -1.534109354 0.009088303 -0.010560771 0.999902964 53.383831024
0.999971747 -0.002434309 -0.007104469 0.880771041 0.002506710 0.999944925 0.010199917 -1.564753056 0.007079247 -0.010217439 0.999922752 53.926998138
0.999972522 -0.000980665 -0.007336368 0.894161224 0.001059462 0.999941707 0.010744538 -1.567598820 0.007325405 -0.010752017 0.999915361 54.476688385
0.999976933 -0.000940786 -0.006722865 0.872588277 0.001009740 0.999946892 0.010260565 -1.583604097 0.006712857 -0.010267119 0.999924839 55.050304413
0.999969900 -0.001578334 -0.007590428 0.906765699 0.001661181 0.999938965 0.010920795 -1.590751529 0.007572728 -0.010933078 0.999911547 55.567276001
0.999967515 -0.001863136 -0.007832954 0.935557783 0.001946861 0.999940932 0.010694745 -1.591298103 0.007812566 -0.010709649 0.999912202 56.053264618
0.999957681 -0.002190474 -0.008932407 0.968128145 0.002279382 0.999947846 0.009955428 -1.600033760 0.008910134 -0.009975366 0.999910533 56.553073883
0.999973297 -0.000313379 -0.007297527 0.941210330 0.000393430 0.999939740 0.010970802 -1.600947618 0.007293649 -0.010973380 0.999913156 57.168460846
0.999965191 -0.001964146 -0.008111687 0.978456080 0.002049905 0.999941945 0.010577564 -1.646134377 0.008090441 -0.010593826 0.999911129 57.613319397
0.999961674 -0.002267165 -0.008449212 0.998458862 0.002360954 0.999935508 0.011106949 -1.655107021 0.008423484 -0.011126471 0.999902606 58.160728455
0.999964058 -0.001472032 -0.008349276 0.983309150 0.001555011 0.999949396 0.009940716 -1.625656009 0.008334221 -0.009953342 0.999915659 58.691253662
0.999967039 -0.001498925 -0.007980485 0.989437580 0.001578539 0.999948919 0.009978987 -1.639812231 0.007965120 -0.009991256 0.999918282 59.229557037
0.999970913 0.000004235 -0.007624218 1.003368020 0.000070443 0.999952018 0.009794572 -1.668142200 0.007623893 -0.009794825 0.999922991 59.730129242
0.999960780 -0.002107678 -0.008602264 1.052880645 0.002189451 0.999952376 0.009507568 -1.650555611 0.008581816 -0.009526028 0.999917805 59.989887238
0.999953270 -0.002837572 -0.009241085 1.073171854 0.002926109 0.999949753 0.009581454 -1.665807724 0.009213434 -0.009608046 0.999911368 60.525096893
0.999950111 -0.002582463 -0.009648318 1.110095501 0.002677061 0.999948323 0.009804565 -1.687346935 0.009622501 -0.009829906 0.999905407 61.042751312
0.999964416 0.000158412 -0.008430317 1.101368904 -0.000077130 0.999953449 0.009641163 -1.705596209 0.008431452 -0.009640169 0.999918044 61.907863617
0.999961138 0.000298628 -0.008806060 1.145628214 -0.000212662 0.999952257 0.009761492 -1.713455081 0.008808556 -0.009759241 0.999913573 62.384021759
0.999957442 -0.000138329 -0.009219241 1.158443213 0.000223545 0.999957263 0.009242927 -1.727142572 0.009217570 -0.009244596 0.999914825 62.925815582
0.999946296 -0.002228515 -0.010113528 1.171915770 0.002334002 0.999942839 0.010430532 -1.712761164 0.010089705 -0.010453577 0.999894500 63.135005951
0.999946952 -0.003365996 -0.009735140 1.073285341 0.003468628 0.999938369 0.010544864 -1.754267573 0.009699046 -0.010578072 0.999897003 63.480865479
0.999967635 -0.000053485 -0.008048052 1.107274890 0.000141018 0.999940813 0.010876170 -1.804697037 0.008046993 -0.010876952 0.999908507 64.369041443
0.999970973 -0.000618588 -0.007596843 1.033702612 0.000707422 0.999931335 0.011696422 -1.876206636 0.007589087 -0.011701456 0.999902666 64.390953064
0.999972582 -0.000444604 -0.007403018 1.049364924 0.000528000 0.999936402 0.011266923 -1.892858744 0.007397539 -0.011270521 0.999909103 64.913116455
0.999976277 0.000029817 -0.006891037 1.034306169 0.000038989 0.999950171 0.009984482 -1.879050612 0.006890993 -0.009984513 0.999926388 65.481246948
0.999969125 0.000198470 -0.007855324 1.092890024 -0.000102389 0.999925196 0.012229851 -1.942823172 0.007857163 -0.012228669 0.999894381 65.956321716
0.999976099 0.001287270 -0.006812693 1.083104253 -0.001204135 0.999924958 0.012192985 -1.972896695 0.006827878 -0.012184489 0.999902427 66.456306458
0.999976039 0.001605205 -0.006730951 1.095199823 -0.001525188 0.999928355 0.011876284 -1.986724019 0.006749533 -0.011865733 0.999906778 66.997207642
0.999975204 0.001540342 -0.006876003 1.099583626 -0.001457760 0.999926984 0.011999072 -1.996803403 0.006893984 -0.011988750 0.999904275 67.527404785
0.999968171 -0.000166550 -0.007985431 1.142443776 0.000257936 0.999934494 0.011444397 -1.944567680 0.007983004 -0.011446091 0.999902546 68.011886597
0.999965608 -0.000142006 -0.008287669 1.157100439 0.000241309 0.999928117 0.011982301 -1.989655733 0.008285373 -0.011983889 0.999893785 68.470275879
0.999964952 -0.000446316 -0.008351935 1.160745502 0.000548898 0.999924362 0.012284226 -1.998916030 0.008345821 -0.012288380 0.999889553 69.012008667
0.999966860 -0.000194777 -0.008138442 1.181621552 0.000294361 0.999925017 0.012236861 -2.019859314 0.008135447 -0.012238850 0.999891996 69.499855042
0.999973178 0.000469531 -0.007307179 1.175229192 -0.000379386 0.999923885 0.012333065 -2.030097246 0.007312414 -0.012329961 0.999897242 70.031837463
0.999970019 0.000687332 -0.007714502 1.191740513 -0.000590082 0.999920368 0.012601353 -2.052886486 0.007722549 -0.012596422 0.999890864 70.569511414
0.999969959 0.001843688 -0.007538710 1.213065624 -0.001746807 0.999916077 0.012837562 -2.077020168 0.007561747 -0.012824005 0.999889135 71.079048157
0.999966681 0.000756624 -0.008130668 1.224815369 -0.000656861 0.999924541 0.012265679 -2.072137594 0.008139336 -0.012259929 0.999891698 71.583717346
0.999966681 0.000516759 -0.008141169 1.234819889 -0.000417541 0.999925673 0.012184047 -2.077443123 0.008146860 -0.012180243 0.999892652 72.135261536
0.999971986 0.001096385 -0.007399043 1.236143351 -0.001005679 0.999924421 0.012251743 -2.089896679 0.007411917 -0.012243960 0.999897599 72.688507080
0.999969363 0.000846083 -0.007770929 1.254200697 -0.000751148 0.999925256 0.012211516 -2.095029831 0.007780679 -0.012205306 0.999895215 73.250679016
0.999968231 0.000525338 -0.007944360 1.270364761 -0.000428087 0.999925017 0.012238279 -2.096815825 0.007950193 -0.012234490 0.999893546 73.811531067
0.999969363 0.001091097 -0.007738882 1.283762455 -0.000996013 0.999924064 0.012279770 -2.107812405 0.007751691 -0.012271687 0.999894679 74.332504272
0.999969661 0.000911097 -0.007738670 1.296422482 -0.000816839 0.999925554 0.012174669 -2.110174179 0.007749184 -0.012167978 0.999895930 74.823898315
0.999970734 0.001449204 -0.007501588 1.303731918 -0.001359665 0.999927938 0.011927417 -2.125145197 0.007518333 -0.011916868 0.999900639 75.364669800
0.999969780 0.001163247 -0.007674204 1.309356451 -0.001070642 0.999926686 0.012060177 -2.131621838 0.007687670 -0.012051598 0.999897778 75.927757263
0.999970317 0.001451336 -0.007568042 1.326678872 -0.001360400 0.999926984 0.012006993 -2.144248486 0.007584917 -0.011996343 0.999899268 76.480491638
0.999967992 0.000696954 -0.007966784 1.350443840 -0.000599405 0.999924839 0.012240289 -2.159983397 0.007974718 -0.012235120 0.999893308 76.997848511
0.999969184 0.001170997 -0.007760466 1.358101606 -0.001079323 0.999929667 0.011806653 -2.167468786 0.007773746 -0.011797914 0.999900162 77.545433044
0.999971569 0.001468573 -0.007400256 1.369021177 -0.001384531 0.999934554 0.011348837 -2.178359032 0.007416438 -0.011338267 0.999908149 78.103378296
0.999980092 0.001490678 -0.006117954 1.390014410 -0.001420405 0.999933183 0.011474645 -2.191502571 0.006134650 -0.011465726 0.999915361 78.640998840
0.999986112 0.002033956 -0.004843796 1.408017635 -0.001977406 0.999930143 0.011651116 -2.206824780 0.004867157 -0.011641378 0.999920368 79.175170898
0.999992788 0.001565818 -0.003437714 1.430498481 -0.001525618 0.999930799 0.011665479 -2.228193760 0.003455742 -0.011660149 0.999926031 79.691246033
0.999995410 0.001744526 -0.002479691 1.443024993 -0.001714573 0.999926090 0.012030354 -2.245979548 0.002500495 -0.012026047 0.999924481 80.265480042
0.999995351 0.002807654 0.001171638 1.449383736 -0.002821114 0.999928117 0.011648742 -2.257746220 -0.001138848 -0.011651994 0.999931395 80.806419373
0.999992311 0.001433243 0.003632253 1.521479368 -0.001473604 0.999937057 0.011133535 -2.238912106 -0.003616067 -0.011138803 0.999931395 81.357803345
0.999970734 0.002523316 0.007224318 1.484284163 -0.002606799 0.999929607 0.011569858 -2.253269672 -0.007194615 -0.011588350 0.999906957 81.816421509
0.999946356 0.001216208 0.010281187 1.573783040 -0.001324226 0.999943912 0.010506147 -2.251594543 -0.010267832 -0.010519197 0.999891937 82.427833557
0.999861360 0.001956139 0.016537642 1.605271697 -0.002137638 0.999937654 0.010964380 -2.291025639 -0.016515162 -0.010998210 0.999803066 82.921569824
0.999754727 0.001528837 0.022092758 1.643964171 -0.001773677 0.999937236 0.011067018 -2.310111046 -0.022074450 -0.011103489 0.999694586 83.392982483
0.999561369 0.002279681 0.029524891 1.615873098 -0.002616651 0.999931753 0.011379481 -2.317187548 -0.029496934 -0.011451745 0.999499261 84.233657837
0.999336958 0.002006289 0.036355268 1.736477494 -0.002429006 0.999929965 0.011586978 -2.355246782 -0.036329471 -0.011667600 0.999271750 84.414688110
0.998948395 0.002143861 0.045796786 1.702011108 -0.002659067 0.999933839 0.011191846 -2.338859558 -0.045769759 -0.011301856 0.998888075 85.290481567
0.998619378 0.002067872 0.052488532 1.765973568 -0.002667966 0.999931812 0.011365363 -2.355490446 -0.052461453 -0.011489709 0.998556852 85.804000854
0.998107731 0.002042424 0.061455596 1.818471193 -0.002716646 0.999936938 0.010889328 -2.356972218 -0.061429493 -0.011035677 0.998050392 86.380630493
0.997435391 0.001842522 0.071548089 1.886511326 -0.002627461 0.999937296 0.010878235 -2.374412298 -0.071523577 -0.011038328 0.997377813 86.905250549
0.996762991 0.001270641 0.080386169 1.939889908 -0.002162578 0.999937057 0.011009558 -2.385678291 -0.080367126 -0.011147760 0.996703088 87.437370300
0.996120155 0.000482411 0.088002041 2.020115376 -0.001435063 0.999941051 0.010762385 -2.399432659 -0.087991677 -0.010846918 0.996062160 87.975135803
0.995139778 0.000283389 0.098471157 2.107010365 -0.001356569 0.999940395 0.010831635 -2.413451910 -0.098462231 -0.010912577 0.995080948 88.494018555
0.994027853 0.000026303 0.109126449 2.188246250 -0.001224300 0.999939740 0.010911064 -2.425566196 -0.109119587 -0.010979507 0.993968010 89.045982361
0.993009329 -0.000163680 0.118035436 2.274503708 -0.001117730 0.999941170 0.010789864 -2.438487768 -0.118030265 -0.010846366 0.992950737 89.573272705
0.991585672 0.000488532 0.129451334 2.359621048 -0.001897454 0.999940276 0.010760686 -2.443915606 -0.129438311 -0.010915768 0.991527379 90.127494812
0.989949524 0.000386595 0.141420305 2.458379745 -0.001924185 0.999940634 0.010735900 -2.454624653 -0.141407728 -0.010900118 0.989891350 90.666542053
0.988342226 -0.000382944 0.152248070 2.567318916 -0.001230438 0.999944031 0.010502712 -2.467650890 -0.152243555 -0.010567603 0.988286495 91.204597473
0.986877382 -0.001036756 0.161467910 2.678792953 -0.000633952 0.999946713 0.010295130 -2.470908165 -0.161470011 -0.010262393 0.986824274 91.751556396
0.984834969 -0.001463024 0.173487425 2.800707817 -0.000231599 0.999952614 0.009747339 -2.480042219 -0.173493460 -0.009639701 0.984787822 92.294281006
0.982542992 -0.001554636 0.186028823 2.923217773 -0.000246232 0.999953270 0.009657086 -2.489052773 -0.186035171 -0.009534310 0.982496798 92.828247070
0.980450332 -0.002152378 0.196754947 3.053047180 0.000287103 0.999954700 0.009508222 -2.498427391 -0.196766511 -0.009265850 0.980406582 93.353790283
0.977637351 -0.001817309 0.210289687 3.190036774 -0.000171497 0.999955416 0.009438835 -2.509016275 -0.210297421 -0.009263822 0.977593541 93.898704529
0.974695146 -0.001978743 0.223529235 3.338527679 -0.000145903 0.999954998 0.009488089 -2.518988132 -0.223537982 -0.009280609 0.974650979 94.421012878
0.972059548 -0.002163999 0.234724522 3.492654800 -0.000037903 0.999956131 0.009375879 -2.532775640 -0.234734505 -0.009122808 0.972016752 94.950790405
0.968983591 -0.003232903 0.247103974 3.674991608 0.000891727 0.999953628 0.009585788 -2.541143894 -0.247123480 -0.009068119 0.968941569 95.545295715
0.965306222 -0.003157670 0.261101425 3.851888657 0.000568351 0.999949872 0.009991827 -2.562341213 -0.261119843 -0.009496775 0.965259671 96.035514832
0.961843848 -0.003456300 0.273577154 4.031213760 0.000772946 0.999950528 0.009915575 -2.577027798 -0.273597896 -0.009325776 0.961798966 96.553947449
0.958603442 -0.003726019 0.284720063 4.219648361 0.000863357 0.999947846 0.010179148 -2.595708132 -0.284743130 -0.009511951 0.958556652 97.053344727
0.954347670 -0.003475354 0.298677504 4.412023544 0.000383257 0.999945760 0.010410575 -2.606889963 -0.298697531 -0.009820838 0.954297304 97.585319519
0.949958622 -0.004332536 0.312346101 4.618022919 0.001093776 0.999943733 0.010543602 -2.621113777 -0.312374294 -0.009674345 0.949909806 98.105346680
0.946243763 -0.004819488 0.323418528 4.825080872 0.001612683 0.999946833 0.010182598 -2.628512383 -0.323450387 -0.009113649 0.946201146 98.629661560
0.941695690 -0.004483178 0.336436003 5.035789490 0.000913169 0.999941587 0.010768733 -2.649320602 -0.336464584 -0.009833647 0.941644788 99.155120850
0.936525702 -0.004799961 0.350566059 5.257764816 0.001131808 0.999942482 0.010667657 -2.655736446 -0.350597084 -0.009593762 0.936477244 99.685646057
0.931934834 -0.005667055 0.362581819 5.483669281 0.001884918 0.999940097 0.010784037 -2.669457436 -0.362621188 -0.009366582 0.931889534 100.191673279
0.927410543 -0.006174483 0.373994023 5.708103180 0.002420588 0.999941885 0.010506171 -2.680299759 -0.374037176 -0.008838248 0.927371621 100.688316345
0.921720028 -0.006365425 0.387803674 5.948774338 0.002537563 0.999942839 0.010381900 -2.684139013 -0.387847662 -0.008585127 0.921683490 101.193428040
0.916377723 -0.007235490 0.400249332 6.197566986 0.003290992 0.999939024 0.010541573 -2.693984747 -0.400301218 -0.008342844 0.916345656 101.685119629
0.911657453 -0.007467403 0.410883099 6.449916840 0.003570551 0.999941111 0.010250710 -2.702746868 -0.410935432 -0.007878058 0.911630392 102.189056396
0.905911624 -0.008087263 0.423389524 6.708999634 0.003842542 0.999933481 0.010878211 -2.721447945 -0.423449278 -0.008227807 0.905882478 102.673446655
0.899417102 -0.008097404 0.437016368 6.972854614 0.003739186 0.999934316 0.010832056 -2.734409332 -0.437075406 -0.008108448 0.899388313 103.165565491
0.893616259 -0.008628359 0.448748738 7.239746094 0.004262239 0.999933243 0.010738699 -2.739049196 -0.448811412 -0.007683600 0.893593431 103.654815674
0.887838423 -0.009193323 0.460063487 7.508064270 0.004836494 0.999931633 0.010647814 -2.744614363 -0.460129857 -0.007228443 0.887822211 104.139892578
0.880567491 -0.008827984 0.473838598 7.791149139 0.004085311 0.999930739 0.011037474 -2.754488945 -0.473903149 -0.007783463 0.880542576 104.637809753
