1.000000000 0.000000000 0.000000000 0.000000000 0.000000000 1.000000000 0.000000000 0.000000000 0.000000000 0.000000000 1.000000000 0.000000000
1.000000000 0.000094597 0.000007929 0.000261139 -0.000094597 1.000000000 0.000107212 -0.000431000 -0.000007919 -0.000107212 1.000000000 0.000272337
1.000000000 0.000009828 -0.000147094 0.001393029 -0.000009819 1.000000000 0.000064195 -0.000201994 0.000147095 -0.000064194 1.000000000 -0.000561035
1.000000000 0.000050245 -0.000061295 0.001012614 -0.000050243 1.000000000 0.000035458 -0.000382631 0.000061297 -0.000035455 1.000000000 0.000490043
1.000000000 0.000176715 0.000049526 -0.000621618 -0.000176718 1.000000000 0.000066880 -0.000172574 -0.000049514 -0.000066889 1.000000000 -0.000056987
1.000000000 0.000036173 -0.000064228 0.000050978 -0.000036175 1.000000000 -0.000026757 -0.000124830 0.000064227 0.000026759 1.000000000 -0.000535515
1.000000000 0.000041880 0.000002193 0.000211376 -0.000041880 1.000000000 0.000058288 -0.000957998 -0.000002191 -0.000058289 1.000000000 -0.000921746
1.000000000 -0.000023748 -0.000012420 0.001342336 0.000023749 1.000000000 0.000046097 -0.000530709 0.000012419 -0.000046097 1.000000000 -0.000506125
1.000000000 -0.000091569 0.000063340 0.000373476 0.000091566 1.000000000 0.000054950 -0.000358637 -0.000063345 -0.000054945 1.000000000 -0.000052390
1.000000000 -0.000192375 -0.000066545 0.002034120 0.000192377 1.000000000 0.000022000 0.000117349 0.000066541 -0.000022013 1.000000000 0.000321960
1.000000000 -0.000049642 -0.000013036 0.000759086 0.000049642 1.000000000 0.000069532 -0.000801823 0.000013033 -0.000069532 1.000000000 0.000937617
1.000000000 0.000080258 0.000075452 0.000009915 -0.000080249 1.000000000 -0.000128392 0.001373328 -0.000075462 0.000128386 1.000000000 0.001900142
1.000000000 -0.000113364 0.000004488 0.000393393 0.000113363 1.000000000 0.000167891 -0.000997081 -0.000004507 -0.000167890 1.000000000 0.000577277
1.000000000 0.000178991 0.000098417 -0.000728178 -0.000179001 1.000000000 0.000106577 -0.000408878 -0.000098398 -0.000106595 1.000000000 0.001558130
1.000000000 0.000107987 -0.000050369 0.000743941 -0.000107979 1.000000000 0.000151306 -0.001374372 0.000050386 -0.000151300 1.000000000 -0.000215085
1.000000000 0.000109345 -0.000042230 0.000277187 -0.000109347 1.000000000 -0.000032721 0.000549067 0.000042226 0.000032726 1.000000000 0.000831317
0.999999940 0.000212382 0.000262991 -0.001412714 -0.000212393 1.000000000 0.000041897 0.000607040 -0.000262982 -0.000041953 0.999999940 0.002295772
1.000000000 0.000027398 -0.000044207 -0.000089336 -0.000027398 1.000000000 -0.000014649 0.000177413 0.000044207 0.000014650 1.000000000 0.000762125
1.000000000 -0.000052591 0.000030933 0.000332747 0.000052588 1.000000000 0.000101117 -0.000652376 -0.000030938 -0.000101116 1.000000000 0.000621937
1.000000000 -0.000029822 0.000046474 0.000248525 0.000029825 1.000000000 -0.000048864 0.000667989 -0.000046472 0.000048865 1.000000000 0.002011462
1.000000000 0.000054879 0.000029285 -0.000313453 -0.000054877 1.000000000 -0.000071228 0.000717406 -0.000029289 0.000071227 1.000000000 0.001965615
1.000000000 -0.000032059 -0.000069191 0.000482520 0.000032056 1.000000000 -0.000040885 0.000741863 0.000069193 0.000040883 1.000000000 0.000847625
1.000000000 -0.000015279 -0.000055311 0.001487207 0.000015282 1.000000000 0.000054729 0.000097255 0.000055310 -0.000054730 1.000000000 0.002770988
1.000000000 0.000104338 0.000151958 -0.000247005 -0.000104344 1.000000000 0.000039558 0.000628161 -0.000151954 -0.000039574 1.000000000 0.000333141
1.000000000 -0.000120155 -0.000126589 0.001817988 0.000120148 1.000000000 -0.000058519 0.000708785 0.000126596 0.000058504 1.000000000 0.000921607
1.000000000 0.000014061 0.000005358 0.000217800 -0.000014061 1.000000000 -0.000132285 0.001024657 -0.000005359 0.000132285 1.000000000 0.000418541
1.000000000 -0.000017859 -0.000001607 -0.000244099 0.000017858 1.000000000 -0.000175511 0.000742158 0.000001610 0.000175511 1.000000000 -0.000973890
1.000000000 0.000051389 -0.000044150 0.000636990 -0.000051397 1.000000000 -0.000182375 0.001822934 0.000044141 0.000182377 1.000000000 0.001816623
1.000000000 -0.000106722 -0.000070323 -0.000091110 0.000106721 1.000000000 -0.000017123 0.001316438 0.000070325 0.000017116 1.000000000 0.001591835
1.000000000 0.000072566 0.000010678 -0.000006094 -0.000072564 1.000000000 -0.000226791 0.002509462 -0.000010694 0.000226790 1.000000000 0.002138517
1.000000000 0.000187883 0.000020272 -0.000024141 -0.000187884 1.000000000 0.000027991 0.000709394 -0.000020266 -0.000027995 1.000000000 0.000546968
1.000000000 -0.000020168 0.000012513 0.000068055 0.000020168 1.000000000 0.000012909 0.000778255 -0.000012514 -0.000012909 1.000000000 0.001778221
1.000000000 0.000090010 0.000071370 -0.000233410 -0.000090014 1.000000000 0.000060117 -0.000801397 -0.000071365 -0.000060124 1.000000000 0.000094811
1.000000000 0.000097984 0.000008330 -0.000355141 -0.000097985 1.000000000 0.000082361 0.000252869 -0.000008322 -0.000082362 1.000000000 0.001299477
1.000000000 0.000050929 0.000077423 -0.000716774 -0.000050927 1.000000000 -0.000025467 0.001721398 -0.000077424 0.000025463 1.000000000 0.003512880
0.999999940 0.000254142 0.000251579 -0.002105848 -0.000254124 0.999999940 -0.000073539 0.002891040 -0.000251598 0.000073475 0.999999940 0.004125872
1.000000000 -0.000000947 0.000230617 -0.001458971 0.000000920 1.000000000 0.000119063 0.000103599 -0.000230617 -0.000119063 0.999999940 0.000950021
1.000000000 -0.000029069 0.000110326 -0.001801730 0.000029053 1.000000000 0.000150554 0.000352953 -0.000110330 -0.000150551 1.000000000 0.002300852
1.000000000 -0.000000397 0.000078044 -0.000387878 0.000000388 1.000000000 0.000109372 0.000079077 -0.000078044 -0.000109372 1.000000000 0.000338432
1.000000000 -0.000002115 0.000239813 -0.001256622 0.000002086 1.000000000 0.000122992 -0.001185578 -0.000239814 -0.000122992 0.999999940 0.001019621
0.999999940 -0.000015910 0.000405054 -0.002722176 0.000016135 0.999999821 -0.000554004 -0.001872006 -0.000405045 0.000554010 0.999999762 0.053159200
0.999999881 0.000362662 0.000248076 -0.001796487 -0.000362366 0.999999225 -0.001195384 -0.005670829 -0.000248510 0.001195294 0.999999225 0.135535076
0.999999642 0.000804119 -0.000308985 0.009396837 -0.000804744 0.999997616 -0.002028525 -0.001499133 0.000307353 0.002028773 0.999997914 0.246549055
0.999999762 0.000627149 -0.000195724 0.011543955 -0.000627507 0.999998152 -0.001836773 -0.007388080 0.000194572 0.001836895 0.999998331 0.378486365
0.999998927 0.001343177 0.000604380 0.000821384 -0.001342722 0.999998748 -0.000753095 -0.021528266 -0.000605390 0.000752283 0.999999523 0.511424065
0.999998689 0.001419049 0.000770641 0.003755204 -0.001418618 0.999998808 -0.000558798 -0.026881602 -0.000771433 0.000557704 0.999999583 0.657849848
0.999999404 0.001103913 0.000048200 0.022308489 -0.001103846 0.999998450 -0.001381497 -0.022101708 -0.000049725 0.001381443 0.999999046 0.828341961
0.999999344 0.001081808 -0.000135719 0.026469877 -0.001081962 0.999998689 -0.001144290 -0.025559995 0.000134481 0.001144437 0.999999344 0.991739810
0.999997914 0.001946815 0.000645076 0.014862775 -0.001946797 0.999998093 -0.000028904 -0.039951038 -0.000645131 0.000027648 0.999999821 1.167704701
0.999999523 0.000877217 0.000218438 0.029100243 -0.000877194 0.999999523 -0.000105371 -0.051517606 -0.000218530 0.000105179 1.000000000 1.347035170
0.999999642 0.000822137 0.000183434 0.031988487 -0.000822092 0.999999583 -0.000240991 -0.054743402 -0.000183632 0.000240840 1.000000000 1.534497023
0.999999523 0.000911334 0.000233357 0.037968665 -0.000911337 0.999999464 0.000012442 -0.060353205 -0.000233346 -0.000012654 1.000000000 1.735682607
0.999999583 0.000898166 0.000168560 0.042505678 -0.000898149 0.999999583 -0.000103955 -0.065914899 -0.000168654 0.000103803 1.000000000 1.933611035
0.999999523 0.000768319 0.000463645 0.039051425 -0.000768471 0.999999642 0.000327962 -0.066949137 -0.000463393 -0.000328318 0.999999821 2.146369696
0.999999523 0.000625122 0.000670342 0.042844456 -0.000625051 0.999999762 -0.000104917 -0.068855755 -0.000670407 0.000104498 0.999999762 2.361741304
0.999999583 0.000799962 0.000338520 0.055189066 -0.000800156 0.999999583 0.000571735 -0.082647800 -0.000338062 -0.000572006 0.999999821 2.581464291
0.999999166 0.001037235 0.000764234 0.057293788 -0.001037516 0.999999404 0.000367088 -0.088752471 -0.000763853 -0.000367880 0.999999583 2.812042713
0.999997616 0.002022468 0.000849348 0.047785535 -0.002022273 0.999997914 -0.000230274 -0.080702245 -0.000849811 0.000228555 0.999999642 3.045167923
0.999998271 0.001877948 0.000290897 0.058658991 -0.001877845 0.999998212 -0.000352341 -0.085703686 -0.000291558 0.000351795 0.999999940 3.286731958
0.999997675 0.001916923 0.000956609 0.055878472 -0.001917239 0.999998093 0.000329772 -0.106654875 -0.000955975 -0.000331606 0.999999464 3.520139933
0.999997437 0.001935641 0.001137523 0.059038196 -0.001936012 0.999998033 0.000324440 -0.111996867 -0.001136893 -0.000326642 0.999999225 3.779223919
0.999996901 0.002368095 0.000798380 0.073590770 -0.002367797 0.999997139 -0.000374433 -0.109219730 -0.000799264 0.000372542 0.999999583 4.038757324
0.999996245 0.002643611 0.000726601 0.080273949 -0.002643439 0.999996483 -0.000238286 -0.117315635 -0.000727228 0.000236365 0.999999642 4.289128304
0.999996901 0.002331686 0.000889114 0.078617319 -0.002331675 0.999997258 -0.000012919 -0.119167216 -0.000889142 0.000010846 0.999999583 4.545534134
0.999996960 0.002290912 0.000968723 0.082106575 -0.002290782 0.999997377 -0.000135406 -0.122120902 -0.000969031 0.000133187 0.999999523 4.806898117
0.999997795 0.001842363 0.000997870 0.091461077 -0.001842439 0.999998271 0.000075121 -0.134077102 -0.000997730 -0.000076960 0.999999523 5.069185257
0.999998093 0.001692024 0.001012977 0.097226754 -0.001691795 0.999998510 -0.000226715 -0.141170949 -0.001013360 0.000225001 0.999999464 5.330710411
0.999997556 0.001865332 0.001158240 0.102408729 -0.001865228 0.999998212 -0.000090790 -0.145738885 -0.001158408 0.000088629 0.999999404 5.600876808
0.999997854 0.001795129 0.000952420 0.109114751 -0.001795242 0.999998391 0.000118584 -0.158635616 -0.000952206 -0.000120293 0.999999464 5.863082886
0.999998629 0.001427961 0.000771808 0.115490153 -0.001428090 0.999998927 0.000165698 -0.167336419 -0.000771571 -0.000166800 0.999999642 6.151302814
0.999998212 0.001705739 0.000769343 0.122389488 -0.001705904 0.999998569 0.000213305 -0.172592908 -0.000768978 -0.000214617 0.999999642 6.437951088
0.999998093 0.001870441 0.000471365 0.137059361 -0.001870566 0.999998212 0.000263900 -0.192705780 -0.000470871 -0.000264781 0.999999881 6.703757286
0.999998331 0.001707634 0.000605765 0.142197683 -0.001707715 0.999998569 0.000133783 -0.197839886 -0.000605536 -0.000134817 0.999999821 7.004460812
0.999998093 0.001904126 0.000495316 0.152440980 -0.001904341 0.999998033 0.000433818 -0.209346831 -0.000494489 -0.000434761 0.999999821 7.297204494
0.999998629 0.001243535 0.001087320 0.142263561 -0.001243482 0.999999225 -0.000049781 -0.221188635 -0.001087381 0.000048429 0.999999404 7.623322010
0.999998510 0.001407024 0.001054432 0.154302284 -0.001407674 0.999998868 0.000615013 -0.238045886 -0.001053565 -0.000616497 0.999999225 7.929522038
0.999998093 0.001722975 0.000883977 0.157683134 -0.001723685 0.999998212 0.000802982 -0.244417191 -0.000882592 -0.000804504 0.999999225 8.258751869
0.999997199 0.001909447 0.001404095 0.153930917 -0.001909434 0.999998152 -0.000010693 -0.242431536 -0.001404113 0.000008012 0.999998987 8.584090233
0.999996126 0.002053938 0.001882443 0.155362427 -0.002054565 0.999997795 0.000331315 -0.252808988 -0.001881758 -0.000335181 0.999998212 8.916233063
0.999998152 0.001354292 0.001371036 0.164481014 -0.001354730 0.999998987 0.000318597 -0.266779691 -0.001370603 -0.000320454 0.999998927 9.254598618
0.999997556 0.001651153 0.001457559 0.174399838 -0.001651897 0.999998450 0.000509697 -0.277415633 -0.001456715 -0.000512103 0.999998748 9.590670586
0.999997795 0.001404960 0.001552551 0.180237040 -0.001405605 0.999998927 0.000414419 -0.283501625 -0.001551967 -0.000416600 0.999998629 9.935868263
0.999997437 0.001805963 0.001346781 0.193572208 -0.001806256 0.999998331 0.000215705 -0.295518130 -0.001346389 -0.000218138 0.999999046 10.298714638
0.999997139 0.001939961 0.001403399 0.200273454 -0.001940934 0.999997854 0.000692229 -0.310520232 -0.001402053 -0.000694950 0.999998748 10.653673172
0.999996245 0.002084857 0.001744042 0.200384051 -0.002086411 0.999997377 0.000890020 -0.324521452 -0.001742182 -0.000893656 0.999998093 11.011179924
0.999996781 0.001608428 0.002031385 0.206721857 -0.001610362 0.999998271 0.000950605 -0.333451003 -0.002029853 -0.000953873 0.999997497 11.395532608
0.999997795 0.001183573 0.001745739 0.218957633 -0.001185236 0.999998868 0.000951841 -0.344174385 -0.001744610 -0.000953908 0.999998033 11.767413139
0.999997854 0.001170923 0.001660698 0.229640305 -0.001172249 0.999998927 0.000797786 -0.354597479 -0.001659762 -0.000799731 0.999998331 12.148163795
0.999997497 0.001311213 0.001809816 0.232715622 -0.001312631 0.999998808 0.000782460 -0.364568174 -0.001808788 -0.000784834 0.999997973 12.544126511
0.999997199 0.001259402 0.001965474 0.243256256 -0.001261205 0.999998748 0.000916595 -0.374774873 -0.001964316 -0.000919071 0.999997675 12.939324379
0.999997735 0.001083290 0.001820770 0.251993954 -0.001084945 0.999998987 0.000907868 -0.386521220 -0.001819784 -0.000909842 0.999997914 13.346581459
0.999997556 0.000919026 0.002025142 0.261855334 -0.000921668 0.999998748 0.001303616 -0.400418133 -0.002023941 -0.001305479 0.999997020 13.748863220
0.999995768 0.001402056 0.002557137 0.263971716 -0.001405220 0.999998271 0.001236222 -0.410604566 -0.002555399 -0.001239810 0.999995887 14.161964417
0.999993682 0.001499253 0.003233355 0.274877161 -0.001502387 0.999998450 0.000967075 -0.422981709 -0.003231900 -0.000971927 0.999994278 14.579077721
0.999995768 0.000955920 0.002758155 0.291711926 -0.000959803 0.999998569 0.001406855 -0.436311126 -0.002756807 -0.001409496 0.999995232 15.011145592
0.999995768 0.001143320 0.002670479 0.303634793 -0.001145762 0.999998927 0.000913191 -0.445416570 -0.002669432 -0.000916247 0.999996006 15.444717407
0.999994934 0.001018845 0.002997404 0.313896537 -0.001022085 0.999998987 0.001079833 -0.459155411 -0.002996300 -0.001082892 0.999994934 15.884216309
0.999994755 0.001347839 0.002923180 0.328730851 -0.001351554 0.999998271 0.001269185 -0.471069068 -0.002921464 -0.001273129 0.999994934 16.322998047
0.999993980 0.001121543 0.003261718 0.337015629 -0.001124845 0.999998868 0.001010680 -0.481048107 -0.003260581 -0.001014343 0.999994099 16.771936417
0.999991417 0.001460815 0.003879311 0.343351215 -0.001465465 0.999998212 0.001195983 -0.494422615 -0.003877556 -0.001201658 0.999991775 17.222486496
0.999990344 0.001585745 0.004101899 0.350410193 -0.001590023 0.999998212 0.001039887 -0.503634214 -0.004100243 -0.001046399 0.999991000 17.686023712
0.999989212 0.001146545 0.004501020 0.359190345 -0.001149950 0.999999106 0.000753845 -0.512642443 -0.004500151 -0.000759013 0.999989629 18.158536911
0.999988794 0.001446662 0.004510206 0.379387170 -0.001451751 0.999998271 0.001125185 -0.527857602 -0.004508569 -0.001131720 0.999989212 18.619167328
0.999988139 0.001061597 0.004743018 0.388266772 -0.001066007 0.999998987 0.000927389 -0.535124838 -0.004742028 -0.000932434 0.999988317 19.088438034
0.999989688 0.000910109 0.004445293 0.406769753 -0.000914119 0.999999106 0.000900230 -0.551751256 -0.004444471 -0.000904284 0.999989629 19.584728241
0.999990165 0.001079045 0.004287602 0.411421537 -0.001080132 0.999999344 0.000251341 -0.556407213 -0.004287328 -0.000255970 0.999990761 20.070650101
0.999989390 0.001699292 0.004288279 0.424678236 -0.001701363 0.999998391 0.000479476 -0.570090950 -0.004287458 -0.000486767 0.999990642 20.567276001
0.999988198 0.001626756 0.004580277 0.427739561 -0.001628019 0.999998629 0.000272186 -0.578718603 -0.004579830 -0.000279639 0.999989450 21.060558319
0.999988794 0.001860502 0.004362896 0.436817765 -0.001862670 0.999998152 0.000492775 -0.592675805 -0.004361971 -0.000500896 0.999990344 21.564403534
0.999989033 0.002103418 0.004177247 0.438777566 -0.002105773 0.999997616 0.000559515 -0.608031869 -0.004176060 -0.000568306 0.999991119 22.068277359
0.999993622 0.001826579 0.003062602 0.466845214 -0.001828623 0.999998093 0.000664726 -0.617226183 -0.003061382 -0.000670322 0.999995112 22.563495636
0.999995649 0.001821804 0.002307027 0.480210513 -0.001823061 0.999998152 0.000543004 -0.634216487 -0.002306034 -0.000547207 0.999997199 23.076465607
0.999997854 0.001501022 0.001379967 0.494569361 -0.001502392 0.999998391 0.000992015 -0.654581130 -0.001378476 -0.000994086 0.999998569 23.607114792
0.999998868 0.000810415 0.001360004 0.494546086 -0.000810619 0.999999642 0.000149491 -0.663104773 -0.001359882 -0.000150593 0.999999046 24.139215469
0.999998152 0.001753509 0.000787323 0.503652811 -0.001754160 0.999998033 0.000827138 -0.679884553 -0.000785871 -0.000828517 0.999999344 24.666053772
0.999997914 0.002042430 0.000212685 0.514569163 -0.002042573 0.999997675 0.000672286 -0.694025755 -0.000211312 -0.000672719 0.999999762 25.204637527
0.999998093 0.001950730 -0.000105369 0.519618750 -0.001950599 0.999997318 0.001227749 -0.710358322 0.000107763 -0.001227541 0.999999225 25.740848541
0.999997973 0.001935242 -0.000592597 0.528994560 -0.001934743 0.999997795 0.000841862 -0.723636389 0.000594225 -0.000840714 0.999999464 26.293758392
0.999997854 0.001810319 -0.000951022 0.539512634 -0.001809122 0.999997556 0.001257957 -0.736773252 0.000953296 -0.001256234 0.999998689 26.838567734
0.999997914 0.001588684 -0.001217999 0.548830509 -0.001587044 0.999997795 0.001346355 -0.753184915 0.001220135 -0.001344419 0.999998331 27.385511398
0.999996424 0.002169427 -0.001559784 0.561259210 -0.002167293 0.999996781 0.001367855 -0.771525621 0.001562747 -0.001364470 0.999997854 27.927894592
0.999994218 0.002611027 -0.002182138 0.571342826 -0.002607662 0.999995410 0.001543283 -0.784949720 0.002186158 -0.001537584 0.999996424 28.483592987
0.999994040 0.002527573 -0.002343597 0.579524875 -0.002523510 0.999995232 0.001735142 -0.801058233 0.002347972 -0.001729217 0.999995768 29.020128250
0.999993026 0.002559224 -0.002712965 0.590396404 -0.002555179 0.999995649 0.001493513 -0.811998487 0.002716775 -0.001486571 0.999995232 29.570333481
0.999992251 0.002210784 -0.003247496 0.599672437 -0.002205329 0.999996126 0.001682614 -0.826163232 0.003251204 -0.001675439 0.999993324 30.110237122
0.999991357 0.002386687 -0.003412439 0.612170577 -0.002380353 0.999995351 0.001859215 -0.845250785 0.003416861 -0.001851076 0.999992371 30.662834167
0.999990106 0.002379365 -0.003753253 0.621572077 -0.002372392 0.999995470 0.001861377 -0.860723376 0.003757665 -0.001852455 0.999991179 31.205593109
0.999990225 0.002305056 -0.003765297 0.630188763 -0.002298527 0.999995768 0.001737374 -0.873594463 0.003769286 -0.001728702 0.999991357 31.752460480
0.999989629 0.002202185 -0.003980010 0.639632702 -0.002195157 0.999996006 0.001769421 -0.887553453 0.003983891 -0.001760666 0.999990463 32.313007355
0.999988735 0.002625140 -0.003944135 0.644072473 -0.002618229 0.999994993 0.001756204 -0.898471415 0.003948725 -0.001745857 0.999990702 32.858654022
0.999985695 0.002931586 -0.004470635 0.656818509 -0.002922253 0.999993563 0.002092637 -0.916479170 0.004476741 -0.002079542 0.999987841 33.407634735
0.999985635 0.003029153 -0.004426910 0.660515666 -0.003021447 0.999993920 0.001746334 -0.926095605 0.004432173 -0.001732933 0.999988616 33.958869934
0.999986053 0.002460330 -0.004655074 0.669333458 -0.002452375 0.999995530 0.001713708 -0.941653609 0.004659270 -0.001702268 0.999987662 34.491909027
0.999986768 0.002326363 -0.004572773 0.672076106 -0.002319531 0.999996185 0.001498752 -0.951867402 0.004576243 -0.001488125 0.999988377 35.039180756
0.999985516 0.002445920 -0.004777952 0.686797142 -0.002437788 0.999995589 0.001707063 -0.967692018 0.004782106 -0.001695390 0.999987066 35.573997498
0.999981284 0.002461515 -0.005590030 0.698725343 -0.002452467 0.999995649 0.001624868 -0.983999908 0.005594005 -0.001611128 0.999983013 36.119159698
0.999983966 0.002757335 -0.004947682 0.704117537 -0.002749793 0.999995053 0.001530520 -0.996060669 0.004951878 -0.001516891 0.999986529 36.662769318
0.999979496 0.004254434 -0.004791997 0.707679152 -0.004251154 0.999990702 0.000694584 -1.007603645 0.004794908 -0.000674198 0.999988258 37.208702087
0.999980867 0.002738152 -0.005547055 0.722722888 -0.002729811 0.999995112 0.001510622 -1.025531888 0.005551164 -0.001495450 0.999983490 37.764533997
0.999979079 0.002016599 -0.006137646 0.733981907 -0.002011144 0.999997556 0.000894830 -1.037779093 0.006139434 -0.000882468 0.999980807 38.311203003
0.999979556 0.003511211 -0.005342233 0.733846009 -0.003506288 0.999993443 0.000930647 -1.044083953 0.005345466 -0.000911897 0.999985278 38.881557465
0.999979734 0.003263793 -0.005463030 0.743857920 -0.003257920 0.999994218 0.001083746 -1.061200619 0.005466535 -0.001065926 0.999984503 39.418762207
0.999980271 0.003322580 -0.005315535 0.749977112 -0.003317110 0.999993980 0.001037481 -1.073796034 0.005318949 -0.001019829 0.999985337 39.963500977
0.999976873 0.003667842 -0.005724384 0.763252914 -0.003666881 0.999993265 0.000178212 -1.083791375 0.005724999 -0.000157217 0.999983609 40.510578156
0.999977350 0.003735823 -0.005604019 0.772017419 -0.003738340 0.999992967 -0.000438692 -1.092821598 0.005602339 0.000459632 0.999984205 41.058082581
0.999975324 0.003893541 -0.005850233 0.783963025 -0.003892346 0.999992371 0.000215660 -1.105171680 0.005851028 -0.000192884 0.999982834 41.575366974
0.999976397 0.003917649 -0.005646066 0.756329775 -0.003912589 0.999991953 0.000906910 -1.129781365 0.005649574 -0.000884797 0.999983668 42.129215240
0.999974489 0.004728820 -0.005353531 0.765222371 -0.004722195 0.999988139 0.001249424 -1.148932695 0.005359375 -0.001224112 0.999984860 42.671722412
0.999975920 0.004306957 -0.005447285 0.782233536 -0.004299528 0.999989808 0.001374569 -1.161377788 0.005453151 -0.001351116 0.999984205 43.212654114
0.999980152 0.004028738 -0.004838374 0.763617575 -0.004025251 0.999991596 0.000730223 -1.168752789 0.004841276 -0.000710732 0.999987960 43.777908325
0.999981821 0.003717795 -0.004748403 0.762613773 -0.003714241 0.999992788 0.000756769 -1.180438280 0.004751183 -0.000739118 0.999988437 44.320285797
0.999977171 0.003957260 -0.005474371 0.783546448 -0.003953862 0.999992013 0.000631328 -1.193456650 0.005476826 -0.000609669 0.999984801 44.871822357
0.999978065 0.004138158 -0.005168292 0.789188385 -0.004138021 0.999991477 0.000037143 -1.203389525 0.005168401 -0.000015756 0.999986589 45.413028717
0.999977887 0.003973563 -0.005333534 0.799453795 -0.003966602 0.999991298 0.001315101 -1.232915878 0.005338713 -0.001293915 0.999984920 45.976451874
0.999975622 0.004426373 -0.005387441 0.805716991 -0.004419618 0.999989569 0.001265223 -1.253576875 0.005392984 -0.001241382 0.999984622 46.508483887
0.999970675 0.005158679 -0.005666910 0.820313096 -0.005150261 0.999985635 0.001499134 -1.272061229 0.005674562 -0.001469904 0.999982834 47.052501678
0.999973476 0.005430798 -0.004852324 0.805807114 -0.005427249 0.999984980 0.000744435 -1.270227909 0.004856294 -0.000718080 0.999987900 47.615089417
0.999983132 0.003311343 -0.004769809 0.789223433 -0.003307216 0.999994159 0.000872565 -1.276665211 0.004772670 -0.000856776 0.999988258 48.132411957
0.999984264 0.003254364 -0.004565157 0.802572668 -0.003248376 0.999993861 0.001318428 -1.294679642 0.004569420 -0.001303578 0.999988735 48.682075500
0.999984801 0.002197557 -0.005048562 0.814150691 -0.002196421 0.999997675 0.000230454 -1.297556758 0.005049057 -0.000219362 0.999987185 49.237686157
0.999983728 0.003063659 -0.004800840 0.822965324 -0.003060508 0.999995112 0.000663556 -1.316799521 0.004802849 -0.000648852 0.999988258 49.791175842
0.999984682 0.002593183 -0.004876326 0.823813558 -0.002589959 0.999996543 0.000667418 -1.339022517 0.004878039 -0.000654778 0.999987841 50.335952759
0.999981940 0.002766539 -0.005318123 0.835236669 -0.002762834 0.999995947 0.000704029 -1.358167648 0.005320048 -0.000689323 0.999985576 50.865230560
0.999982238 0.003212990 -0.005006645 0.842172265 -0.003211848 0.999994755 0.000236161 -1.358567715 0.005007377 -0.000220077 0.999987423 51.433532715
0.999982536 0.002943655 -0.005127246 0.847446442 -0.002945756 0.999995589 -0.000402352 -1.366669178 0.005126039 0.000417448 0.999986768 51.986167908
0.999982774 0.003108606 -0.004977324 0.860740542 -0.003110876 0.999995053 -0.000448448 -1.382969737 0.004975905 0.000463924 0.999987483 52.528270721
0.999985814 0.003114093 -0.004327601 0.851593196 -0.003115398 0.999995232 -0.000294745 -1.395256400 0.004326663 0.000308223 0.999990582 53.096641541
0.999984264 0.002743991 -0.004898905 0.868228376 -0.002744786 0.999996364 -0.000155586 -1.416122079 0.004898459 0.000169030 0.999987960 53.615554810
0.999980986 0.004537436 -0.004171247 0.863120854 -0.004537629 0.999989688 -0.000036762 -1.432201982 0.004171037 0.000055688 0.999991238 54.174083710
0.999981523 0.004218437 -0.004377724 0.871667922 -0.004217908 0.999991059 0.000130054 -1.444206238 0.004378234 -0.000111587 0.999990404 54.710948944
0.999983668 0.003253079 -0.004700929 0.887028813 -0.003254426 0.999994695 -0.000278999 -1.454720855 0.004699996 0.000294293 0.999988914 55.263427734
0.999983430 0.003820569 -0.004295000 0.894196749 -0.003821163 0.999992609 -0.000130227 -1.467795491 0.004294471 0.000146636 0.999990761 55.836772919
0.999984801 0.003189819 -0.004494952 0.895397425 -0.003192404 0.999994755 -0.000568041 -1.488710761 0.004493117 0.000582382 0.999989688 56.364253998
0.999982595 0.003559851 -0.004693783 0.919878364 -0.003562479 0.999993503 -0.000551577 -1.504464865 0.004691789 0.000568289 0.999988854 56.906707764
0.999982238 0.003537884 -0.004792489 0.925726950 -0.003541192 0.999993503 -0.000682071 -1.516271472 0.004790045 0.000699029 0.999988258 57.474311829
0.999983132 0.003503783 -0.004628036 0.931834340 -0.003506694 0.999993682 -0.000621000 -1.535135627 0.004625831 0.000637218 0.999989092 58.015716553
0.999986589 0.002790041 -0.004359121 0.937981844 -0.002793049 0.999995887 -0.000683819 -1.540848613 0.004357195 0.000695985 0.999990284 58.547851562
0.999980927 0.003261599 -0.005251039 0.942478061 -0.003266731 0.999994218 -0.000968920 -1.549972773 0.005247848 0.000986056 0.999985695 59.111312866
0.999983847 0.003603224 -0.004389283 0.952188253 -0.003612141 0.999991536 -0.002025552 -1.553806782 0.004381947 0.002041375 0.999988317 59.654293060
0.999983609 0.003570346 -0.004478892 0.964147747 -0.003576969 0.999992669 -0.001471706 -1.576746583 0.004473604 0.001487703 0.999988914 60.188873291
0.999982238 0.003490930 -0.004825829 0.975030184 -0.003496852 0.999993145 -0.001219380 -1.594469190 0.004821539 0.001236234 0.999987602 60.733188629
0.999979317 0.003974071 -0.005062148 0.986540079 -0.003980953 0.999991298 -0.001350049 -1.613570094 0.005056739 0.001370174 0.999986291 61.272499084
0.999978304 0.004205449 -0.005052678 0.993842483 -0.004210764 0.999990582 -0.001041930 -1.628210068 0.005048248 0.001063183 0.999986708 61.811374664
0.999979436 0.004249160 -0.004793029 0.999176979 -0.004254251 0.999990404 -0.001052460 -1.644292116 0.004788511 0.001072829 0.999987960 62.363433838
0.999980509 0.004073651 -0.004733176 1.009031892 -0.004077029 0.999991417 -0.000704248 -1.665076971 0.004730267 0.000723532 0.999988556 62.910434723
0.999983549 0.003411472 -0.004615465 1.006383538 -0.003417614 0.999993205 -0.001323354 -1.667923570 0.004610920 0.001339106 0.999988496 63.456729889
0.999982417 0.004039042 -0.004341031 1.008201122 -0.004044462 0.999991059 -0.001240721 -1.688830376 0.004335981 0.001258257 0.999989808 64.015350342
0.999984562 0.002911566 -0.004738433 1.017050743 -0.002920183 0.999994099 -0.001812588 -1.692529559 0.004733127 0.001826397 0.999987125 64.538940430
0.999981940 0.003597333 -0.004810436 1.031615615 -0.003604111 0.999992549 -0.001400927 -1.715673923 0.004805360 0.001418239 0.999987423 65.079582214
0.999981403 0.003572170 -0.004936806 1.043158770 -0.003578873 0.999992728 -0.001349601 -1.736459255 0.004931948 0.001367244 0.999986887 65.620262146
0.999983728 0.003295149 -0.004653804 1.050826907 -0.003300832 0.999993801 -0.001213964 -1.749713659 0.004649775 0.001229306 0.999988437 66.150878906
0.999980927 0.002906709 -0.005454025 1.058889151 -0.002917311 0.999993801 -0.001936811 -1.760112405 0.005448362 0.001952685 0.999983311 66.695793152
0.999980867 0.003949010 -0.004756681 1.063652754 -0.003957914 0.999990344 -0.001863771 -1.779556274 0.004749276 0.001882561 0.999986887 67.251747131
0.999980688 0.003760761 -0.004943145 1.073861957 -0.003763290 0.999992907 -0.000502285 -1.811798334 0.004941220 0.000520878 0.999987662 67.785339355
0.999979913 0.003830435 -0.005074303 1.086816788 -0.003830500 0.999992669 -0.000002969 -1.832588673 0.005074254 0.000022406 0.999987125 68.318939209
0.999982953 0.003859107 -0.004375480 1.082281590 -0.003862412 0.999992371 -0.000747346 -1.839866281 0.004372562 0.000764233 0.999990165 68.861968994
0.999979019 0.004224481 -0.004910964 1.091690063 -0.004225570 0.999991059 -0.000211605 -1.859875917 0.004910025 0.000232351 0.999987960 69.401527405
0.999981940 0.004015525 -0.004455996 1.087992311 -0.004022765 0.999990582 -0.001616798 -1.862363219 0.004449462 0.001634695 0.999988794 69.941619873
0.999981463 0.003502032 -0.004974924 1.092249513 -0.003511230 0.999992132 -0.001841128 -1.872763157 0.004968437 0.001858562 0.999985993 70.508392334
0.999986112 0.004041573 -0.003368517 1.080901265 -0.004047859 0.999990046 -0.001861310 -1.891929984 0.003360961 0.001874920 0.999992609 71.019294739
0.999985576 0.004016383 -0.003587192 1.096314430 -0.004024297 0.999989450 -0.002201476 -1.904435277 0.003578313 0.002215880 0.999991179 71.569656372
0.999985695 0.004431119 -0.002968577 1.083469391 -0.004437369 0.999987900 -0.002102170 -1.924552679 0.002959226 0.002115313 0.999993324 72.097312927
0.999984682 0.004554019 -0.003153673 1.090517402 -0.004560006 0.999987781 -0.001893850 -1.942329168 0.003145010 0.001908201 0.999993205 72.623992920
0.999982238 0.005131896 -0.003032765 1.096442699 -0.005139079 0.999984145 -0.002365777 -1.955656409 0.003020576 0.002381321 0.999992609 73.179435730
0.999983847 0.004927139 -0.002802044 1.098407388 -0.004934163 0.999984682 -0.002505742 -1.966497302 0.002789655 0.002519527 0.999992907 73.740585327
0.999981582 0.005459569 -0.002617558 1.108070970 -0.005467190 0.999980807 -0.002913420 -1.979388237 0.002601602 0.002927677 0.999992311 74.267105103
0.999985039 0.004996545 -0.002229670 1.116445184 -0.005001981 0.999984503 -0.002438733 -1.993281007 0.002217450 0.002449849 0.999994457 74.816642761
0.999986470 0.004758628 -0.002090542 1.120071292 -0.004764059 0.999985278 -0.002601049 -2.007099628 0.002078133 0.002610974 0.999994457 75.365333557
0.999988437 0.004156536 -0.002424589 1.131129146 -0.004164037 0.999986529 -0.003097281 -2.019084930 0.002411682 0.003107341 0.999992251 75.890846252
0.999985695 0.004769644 -0.002434484 1.138069868 -0.004778597 0.999981761 -0.003685022 -2.032378435 0.002416864 0.003696603 0.999990225 76.434181213
0.999988556 0.003706631 -0.003030663 1.144896150 -0.003713980 0.999990284 -0.002422979 -2.062055349 0.003021653 0.002434208 0.999992430 76.950370789
0.999988794 0.003768720 -0.002883062 1.153222561 -0.003775700 0.999989927 -0.002419262 -2.070921183 0.002873915 0.002430121 0.999992967 77.511398315
0.999990344 0.003362068 -0.002810622 1.162686706 -0.003368721 0.999991536 -0.002365671 -2.097324610 0.002802646 0.002375116 0.999993265 78.030334473
0.999989450 0.004048069 -0.002172854 1.164834499 -0.004055200 0.999986351 -0.003287666 -2.105930567 0.002159515 0.003296442 0.999992251 78.596733093
0.999990463 0.003533462 -0.002539151 1.175349355 -0.003539251 0.999991119 -0.002278869 -2.129533052 0.002531076 0.002287834 0.999994099 79.114295959
0.999990046 0.003682307 -0.002508471 1.176457167 -0.003689349 0.999989271 -0.002808110 -2.139795303 0.002498104 0.002817337 0.999992847 79.660346985
0.999989629 0.003441182 -0.002961543 1.192430735 -0.003450925 0.999988556 -0.003290976 -2.151038170 0.002950185 0.003301162 0.999990225 80.200691223
0.999992907 0.003434222 -0.001559484 1.199190140 -0.003438084 0.999990940 -0.002480841 -2.174597263 0.001550950 0.002486185 0.999995708 80.748428345
0.999995291 0.003028510 -0.000499416 1.215311170 -0.003029874 0.999991596 -0.002753286 -2.183367968 0.000491073 0.002754787 0.999996006 81.306739807
0.999994457 0.003323694 0.000573337 1.220212936 -0.003321858 0.999989450 -0.003173980 -2.198816299 -0.000583881 0.003172057 0.999994814 81.826171875
0.999990344 0.003340822 0.002833594 1.227038145 -0.003331987 0.999989510 -0.003116624 -2.217401028 -0.002843977 0.003107153 0.999991119 82.382423401
0.999978244 0.003340865 0.005684400 1.247809887 -0.003325742 0.999990940 -0.002668075 -2.237900972 -0.005693262 0.002649113 0.999980271 82.929489136
0.999950111 0.003218683 0.009458718 1.264007807 -0.003192403 0.999991000 -0.002792178 -2.253196001 -0.009467619 0.002761843 0.999951363 83.459228516
0.999917507 0.003568256 0.012338253 1.293394804 -0.003544521 0.999991775 -0.001944979 -2.282973528 -0.012345091 0.001901085 0.999921978 84.006721497
0.999838769 0.003531085 0.017607067 1.302256823 -0.003475231 0.999988854 -0.003201810 -2.277525425 -0.017618177 0.003140106 0.999839783 84.578613281
0.999710202 0.003510276 0.023815770 1.320131302 -0.003455293 0.999991298 -0.002349489 -2.319408655 -0.023823809 0.002266517 0.999713600 85.155029297
0.999581575 0.003807123 0.028672654 1.363842249 -0.003735623 0.999989748 -0.002546807 -2.327693939 -0.028682053 0.002438631 0.999585629 85.680442810
0.999412835 0.003598163 0.034071513 1.401828527 -0.003508631 0.999990225 -0.002687177 -2.344219208 -0.034080844 0.002566055 0.999415755 86.218429565
0.999090493 0.003666884 0.042481914 1.437672377 -0.003569632 0.999990761 -0.002364861 -2.368513107 -0.042490203 0.002211064 0.999094427 86.757232666
0.998700917 0.003480382 0.050838642 1.479651451 -0.003357774 0.999991357 -0.002496927 -2.380878687 -0.050846893 0.002322979 0.998703778 87.295852661
0.998329759 0.003447404 0.057669833 1.521533966 -0.003292958 0.999990761 -0.002772913 -2.395269394 -0.057678856 0.002578377 0.998331845 87.832710266
0.997761548 0.003246868 0.066792294 1.573270798 -0.003052118 0.999990761 -0.003017591 -2.406436682 -0.066801451 0.002806979 0.997762322 88.386756897
0.997034550 0.003235446 0.076887012 1.638934612 -0.003037721 0.999991715 -0.002688463 -2.426342249 -0.076895073 0.002446929 0.997036159 88.912338257
0.996352911 0.002813663 0.085280716 1.693277359 -0.002544264 0.999991357 -0.003267492 -2.434971094 -0.085289150 0.003038599 0.996351600 89.475242615
0.995597303 0.002076705 0.093709983 1.753530979 -0.001793107 0.999993503 -0.003110437 -2.453303576 -0.093715832 0.002928711 0.995594680 90.032585144
0.994500577 0.002378885 0.104705438 1.833769798 -0.002043706 0.999992430 -0.003308332 -2.467622519 -0.104712531 0.003076151 0.994497776 90.579353333
0.993321359 0.002405177 0.115355678 1.917448044 -0.002086761 0.999993682 -0.002880989 -2.489622116 -0.115361862 0.002621028 0.993320048 91.131187439
0.992217362 0.001802243 0.124504775 1.998140335 -0.001489980 0.999995530 -0.002601115 -2.512045383 -0.124508902 0.002395362 0.992215574 91.660743713
0.990734279 0.002223531 0.135796264 2.089137077 -0.001899852 0.999995053 -0.002513109 -2.522868395 -0.135801211 0.002231830 0.990733624 92.198471069
0.988970757 0.001977680 0.148097530 2.177583694 -0.001558892 0.999994397 -0.002943801 -2.538246155 -0.148102522 0.002680464 0.988968492 92.750137329
0.987385929 0.001221436 0.158326998 2.294969559 -0.000814439 0.999996185 -0.002635469 -2.559891701 -0.158329591 0.002473277 0.987383127 93.294296265
0.985618591 0.001061765 0.168982014 2.403134346 -0.000603257 0.999996006 -0.002764673 -2.573025227 -0.168984279 0.002622974 0.985615253 93.830299377
0.983353496 0.001074147 0.181699440 2.535416603 -0.000556209 0.999995649 -0.002901453 -2.591996431 -0.181701824 0.002752091 0.983349800 94.380477905
0.980945528 0.000757185 0.194281489 2.659698486 -0.000189586 0.999995649 -0.002940102 -2.606517315 -0.194282889 0.002847247 0.980941355 94.929855347
0.978890300 0.000568931 0.204385340 2.792747498 -0.000020312 0.999996305 -0.002686325 -2.622905731 -0.204386115 0.002625465 0.978886843 95.468872070
0.976052701 0.000366893 0.217533648 2.936737061 0.000252616 0.999995887 -0.002820058 -2.637735844 -0.217533812 0.002807478 0.976048827 96.004020691
0.972859740 -0.000317492 0.231395096 3.067615509 0.000976149 0.999995768 -0.002731973 -2.653341293 -0.231393278 0.002883703 0.972856045 96.520668030
0.970152497 -0.001287094 0.242492303 3.219985962 0.001967595 0.999994755 -0.002564120 -2.673559189 -0.242487729 0.002964715 0.970149875 97.044151306
0.967038870 -0.001593228 0.254623652 3.383102417 0.002349071 0.999993682 -0.002664420 -2.692266226 -0.254617810 0.003174727 0.967036486 97.570457458
0.963283002 -0.000990988 0.268486172 3.552118301 0.001581592 0.999996781 -0.001983478 -2.710075855 -0.268483251 0.002335286 0.963281512 98.123596191
0.959659338 -0.001224385 0.281162620 3.730457306 0.001788981 0.999996841 -0.001751409 -2.734565020 -0.281159729 0.002183751 0.959658504 98.656044006
0.956426084 -0.002301668 0.291965485 3.921979904 0.003077940 0.999992788 -0.002199474 -2.744524479 -0.291958362 0.003002287 0.956426263 99.178321838
0.952108502 -0.002543143 0.305749685 4.097335815 0.003368593 0.999991953 -0.002172182 -2.752480507 -0.305741757 0.003098099 0.952109456 99.687431335
0.947616220 -0.002304645 0.319402814 4.303806305 0.003114375 0.999993086 -0.002024414 -2.776509047 -0.319395959 0.002913108 0.947616816 100.210845947
0.943609953 -0.002805962 0.331047386 4.502788544 0.003562300 0.999992251 -0.001677953 -2.791675091 -0.331040055 0.002762624 0.943612635 100.733215332
0.938853443 -0.003029716 0.344303578 4.708597183 0.003978804 0.999989986 -0.002050018 -2.806195498 -0.344293892 0.003294583 0.938856125 101.243469238
0.933663785 -0.003152688 0.358136684 4.937105179 0.004164997 0.999989212 -0.002055231 -2.821433544 -0.358126372 0.003410533 0.933666885 101.749649048
0.928736567 -0.003972457 0.370719075 5.149518967 0.004862484 0.999987125 -0.001466232 -2.841533184 -0.370708525 0.003164359 0.928743899 102.255241394
0.924172580 -0.004744942 0.381945729 5.389497757 0.005865821 0.999981344 -0.001770352 -2.855927944 -0.381930083 0.003876536 0.924183071 102.768730164
0.918070972 -0.004370719 0.396392047 5.620586395 0.005531508 0.999983132 -0.001785283 -2.865507126 -0.396377474 0.003831662 0.918079615 103.270950317
0.912377477 -0.005152794 0.409317464 5.863147736 0.006299466 0.999979198 -0.001453165 -2.883703947 -0.409301460 0.003904318 0.912390769 103.747154236
0.907335699 -0.005419666 0.420371890 6.113174438 0.006589722 0.999977410 -0.001331078 -2.903698683 -0.420355082 0.003977868 0.907350898 104.225975037
0.900828600 -0.005871268 0.434135258 6.335624695 0.007216682 0.999972820 -0.001450895 -2.910087585 -0.434114903 0.004440024 0.900846541 104.702949524
0.894517124 -0.005978060 0.446993768 6.603275299 0.007178177 0.999973655 -0.000991287 -2.927217245 -0.446976066 0.004095323 0.894536495 105.173309326
0.888377666 -0.007602726 0.459050447 6.893787384 0.009199942 0.999956906 -0.001243053 -2.945620060 -0.459021151 0.005327538 0.888409376 105.679222107
0.882343113 -0.007710381 0.470543504 7.165409088 0.009424577 0.999954700 -0.001287189 -2.955566883 -0.470512301 0.005570415 0.882375836 106.178382874
0.875086188 -0.007913302 0.483902335 7.443290710 0.009646039 0.999952853 -0.001091517 -2.977463007 -0.483870953 0.005622913 0.875121295 106.639312744
0.868121088 -0.008269511 0.496283561 7.729461670 0.010137975 0.999948025 -0.001071784 -2.989436626 -0.496248901 0.005961749 0.868159831 107.089561462
