1.000000000 0.000000000 0.000000000 0.000000000 0.000000000 1.000000000 0.000000000 0.000000000 0.000000000 0.000000000 1.000000000 0.000000000
1.000000000 0.000049099 -0.000036620 0.000251193 -0.000049093 1.000000000 0.000138967 -0.000371014 0.000036627 -0.000138965 1.000000000 -0.000022728
1.000000000 0.000183229 -0.000115424 0.000988206 -0.000183214 1.000000000 0.000127025 -0.000464997 0.000115447 -0.000127004 1.000000000 -0.000960887
1.000000000 0.000236331 0.000003476 -0.000155839 -0.000236331 0.999999940 0.000120032 -0.000505035 -0.000003448 -0.000120033 1.000000000 0.000287614
1.000000000 0.000068664 0.000030822 -0.000587761 -0.000068660 1.000000000 -0.000130669 0.001142466 -0.000030831 0.000130667 1.000000000 -0.000443559
1.000000000 0.000056284 -0.000004746 -0.000630968 -0.000056283 1.000000000 0.000039807 -0.000512474 0.000004748 -0.000039807 1.000000000 -0.000932741
1.000000000 0.000091716 -0.000032554 0.000728828 -0.000091713 1.000000000 0.000071927 -0.000538445 0.000032561 -0.000071924 1.000000000 -0.001039120
1.000000000 0.000191235 0.000073694 -0.000122987 -0.000191245 1.000000000 0.000131976 -0.000309161 -0.000073668 -0.000131990 1.000000000 0.000587976
1.000000000 -0.000037930 0.000155077 -0.000235123 0.000037927 1.000000000 0.000021658 -0.000196134 -0.000155078 -0.000021652 1.000000000 -0.001371763
1.000000000 -0.000025063 0.000011733 0.000673520 0.000025062 1.000000000 0.000075157 0.000269228 -0.000011735 -0.000075156 1.000000000 0.000046247
1.000000000 0.000160126 -0.000025874 0.000369549 -0.000160125 1.000000000 0.000037316 -0.000352139 0.000025880 -0.000037311 1.000000000 -0.001261250
1.000000000 0.000218430 0.000021769 0.000183186 -0.000218429 1.000000000 -0.000050620 0.001451669 -0.000021780 0.000050615 1.000000000 0.001247108
1.000000000 -0.000083238 -0.000037635 0.000491942 0.000083239 1.000000000 0.000026960 0.000367685 0.000037633 -0.000026963 1.000000000 0.000371131
1.000000000 0.000023108 0.000004773 0.000559533 -0.000023108 1.000000000 0.000062917 -0.000379761 -0.000004772 -0.000062917 1.000000000 -0.001479788
1.000000000 0.000017867 -0.000009810 0.000470434 -0.000017866 1.000000000 0.000071006 0.000143008 0.000009811 -0.000071005 1.000000000 0.000102869
1.000000000 -0.000102491 -0.000115743 0.000888712 0.000102507 1.000000000 0.000141348 -0.000866590 0.000115729 -0.000141360 1.000000000 -0.000698959
1.000000000 0.000144630 0.000125577 -0.000835971 -0.000144649 1.000000000 0.000152569 -0.000469944 -0.000125555 -0.000152588 1.000000000 -0.000084805
1.000000000 0.000097767 -0.000005686 -0.000045376 -0.000097767 1.000000000 0.000077693 -0.000277519 0.000005693 -0.000077693 1.000000000 -0.000870902
1.000000000 0.000033967 0.000122995 -0.000445859 -0.000033978 1.000000000 0.000091275 -0.000421530 -0.000122992 -0.000091279 1.000000000 -0.000066959
1.000000000 0.000115022 0.000024661 0.000133043 -0.000115024 1.000000000 0.000071948 -0.000538971 -0.000024652 -0.000071951 1.000000000 -0.000626402
0.999999940 0.000262209 0.000071301 -0.000500962 -0.000262211 0.999999940 0.000020725 -0.000425514 -0.000071296 -0.000020744 1.000000000 -0.000990709
1.000000000 0.000236306 -0.000040998 0.000295572 -0.000236303 0.999999940 0.000077311 -0.000114354 0.000041017 -0.000077301 1.000000000 -0.000490738
1.000000000 0.000041231 0.000122222 0.000412980 -0.000041238 1.000000000 0.000062629 -0.000308298 -0.000122219 -0.000062634 1.000000000 0.000363352
0.999999940 0.000335815 0.000047898 0.000296397 -0.000335822 0.999999940 0.000154986 -0.000038484 -0.000047845 -0.000155002 1.000000000 0.000790660
1.000000000 0.000192370 0.000044043 0.000388132 -0.000192365 1.000000000 -0.000105836 0.001109839 -0.000044063 0.000105827 1.000000000 -0.000686968
1.000000000 0.000168968 -0.000009460 0.000613912 -0.000168970 0.999999940 -0.000221413 0.001972477 0.000009423 0.000221414 1.000000000 -0.001469073
1.000000000 0.000120427 -0.000052452 0.000668891 -0.000120427 1.000000000 0.000004534 0.000344603 0.000052452 -0.000004528 1.000000000 -0.001290199
1.000000000 0.000011907 0.000021139 0.000780647 -0.000011911 1.000000000 0.000196956 0.000016694 -0.000021137 -0.000196956 1.000000000 0.001379658
1.000000000 -0.000058575 -0.000022995 0.000457900 0.000058580 1.000000000 0.000206668 -0.000411747 0.000022983 -0.000206669 1.000000000 0.000617050
1.000000000 -0.000067661 -0.000057429 0.001056747 0.000067668 1.000000000 0.000120235 0.000317026 0.000057421 -0.000120238 1.000000000 0.001645042
1.000000000 0.000087001 0.000035496 -0.000216351 -0.000087008 1.000000000 0.000195162 -0.000645148 -0.000035479 -0.000195165 1.000000000 0.000033449
1.000000000 -0.000103179 -0.000058521 0.000766403 0.000103177 1.000000000 -0.000040234 0.000669452 0.000058525 0.000040228 1.000000000 -0.000662553
1.000000000 -0.000149115 -0.000061385 0.001059085 0.000149114 1.000000000 -0.000016307 0.000296949 0.000061388 0.000016298 1.000000000 -0.000747210
1.000000000 -0.000044195 0.000007434 0.000485858 0.000044194 1.000000000 0.000086784 -0.000303000 -0.000007438 -0.000086783 1.000000000 -0.000749403
1.000000000 0.000150307 0.000050121 -0.000413918 -0.000150308 1.000000000 0.000025711 -0.000124109 -0.000050117 -0.000025719 1.000000000 -0.000837934
1.000000000 0.000209175 -0.000008790 -0.000401454 -0.000209175 1.000000000 0.000075328 0.000377752 0.000008806 -0.000075326 1.000000000 0.001616339
1.000000000 -0.000121757 -0.000059233 0.000985604 0.000121759 1.000000000 0.000033126 0.000156221 0.000059229 -0.000033134 1.000000000 0.000318801
1.000000000 0.000108594 0.000009883 -0.000125531 -0.000108596 1.000000000 0.000158569 -0.000205572 -0.000009866 -0.000158570 1.000000000 0.000164294
1.000000000 -0.000109155 -0.000005451 0.001085468 0.000109155 1.000000000 0.000034993 0.000552538 0.000005447 -0.000034994 1.000000000 -0.000780082
1.000000000 -0.000097617 0.000160004 -0.000290841 0.000097622 1.000000000 -0.000031718 0.000544790 -0.000160001 0.000031734 1.000000000 0.001601481
1.000000000 0.000049273 0.000165846 -0.000463083 -0.000049190 0.999999881 -0.000500116 -0.002593034 -0.000165871 0.000500108 0.999999881 0.050767481
0.999956846 0.007291448 0.005760497 -0.115712948 -0.007281605 0.999971986 -0.001727794 -0.028328268 -0.005772934 0.001685774 0.999981940 -0.048825551
0.999953091 0.007838004 0.005691689 -0.113830790 -0.007826089 0.999967098 -0.002112790 -0.030920206 -0.005708063 0.002068148 0.999981523 0.066979028
0.999953866 0.007759936 0.005658646 -0.069190308 -0.007755785 0.999969661 -0.000755224 -0.064317681 -0.005664335 0.000711301 0.999983668 0.155702814
0.999952137 0.008014512 0.005615596 -0.065742835 -0.008009190 0.999967515 -0.000969631 -0.066236563 -0.005623184 0.000924609 0.999983788 0.296045065
0.999990463 0.003471770 0.002644337 -0.005781373 -0.003469644 0.999993622 -0.000808331 -0.059959326 -0.002647127 0.000799149 0.999996185 0.453155100
0.999971807 0.006204698 0.004225722 -0.053773720 -0.006200334 0.999980152 -0.001045330 -0.045604959 -0.004232124 0.001019100 0.999990463 0.645079792
0.999977291 0.005272538 0.004198449 -0.042739682 -0.005263295 0.999983728 -0.002209393 -0.026855439 -0.004210030 0.002187245 0.999988675 0.850361168
0.999967515 0.006612986 0.004610328 -0.052810706 -0.006602325 0.999975502 -0.002323868 -0.037710562 -0.004625582 0.002293354 0.999986649 1.015647888
0.999980032 0.005486466 0.003130523 -0.019810464 -0.005482368 0.999984086 -0.001315944 -0.052427843 -0.003137693 0.001298755 0.999994218 1.204703331
0.999982715 0.005357113 0.002419640 0.016303884 -0.005352442 0.999983788 -0.001932678 -0.051795155 -0.002429955 0.001919694 0.999995232 1.398975968
0.999978602 0.004921454 0.004307233 -0.031672344 -0.004912910 0.999985933 -0.001991937 -0.035950918 -0.004316975 0.001970733 0.999988735 1.607246280
0.999975562 0.005313605 0.004539417 -0.029747188 -0.005304471 0.999983907 -0.002021866 -0.041083880 -0.004550087 0.001997738 0.999987662 1.803846717
0.999971271 0.005949432 0.004685211 -0.029811386 -0.005945674 0.999981999 -0.000815700 -0.085717760 -0.004689979 0.000787820 0.999988616 1.957176089
0.999972939 0.006574189 0.003308598 0.006725078 -0.006569381 0.999977350 -0.001462086 -0.065644227 -0.003318135 0.001440311 0.999993384 2.218924999
0.999967039 0.006751942 0.004514239 -0.004626499 -0.006745860 0.999976337 -0.001361102 -0.075235292 -0.004523322 0.001330605 0.999988914 2.446319103
0.999974310 0.005819121 0.004208337 -0.009996248 -0.005819012 0.999983072 -0.000038142 -0.118932746 -0.004208488 0.000013652 0.999991119 2.652215242
0.999974430 0.005725808 0.004280032 -0.005029500 -0.005725763 0.999983549 -0.000022769 -0.125706151 -0.004280092 -0.000001738 0.999990821 2.882710934
0.999964893 0.007515172 0.003739792 0.039786261 -0.007509555 0.999970675 -0.001513937 -0.093988888 -0.003751061 0.001485799 0.999991834 3.137920380
0.999983668 0.004812352 0.003074061 0.052163601 -0.004813015 0.999988317 0.000208197 -0.147120044 -0.003073024 -0.000222989 0.999995172 3.392858267
0.999984920 0.004766075 0.002732259 0.058098570 -0.004766794 0.999988616 0.000256591 -0.155139491 -0.002731005 -0.000269611 0.999996185 3.645315409
0.999972343 0.006459269 0.003688612 0.045119081 -0.006458539 0.999979079 -0.000209863 -0.143883526 -0.003689890 0.000186034 0.999993145 3.912576914
0.999970734 0.006780019 0.003548178 0.064152345 -0.006780121 0.999976993 0.000016976 -0.149466798 -0.003547982 -0.000041032 0.999993682 4.198781490
0.999983430 0.005072868 0.002711222 0.085717991 -0.005072066 0.999987066 -0.000302812 -0.142807618 -0.002712723 0.000289056 0.999996305 4.421173096
0.999984741 0.004778992 0.002772703 0.091839589 -0.004778356 0.999988556 -0.000235943 -0.150535345 -0.002773799 0.000222691 0.999996185 4.677634716
0.999972224 0.006640444 0.003387274 0.093781605 -0.006645010 0.999977052 0.001338733 -0.174232796 -0.003378307 -0.001361205 0.999993384 4.966154099
0.999981105 0.005574434 0.002595282 0.106961764 -0.005577077 0.999983907 0.001012710 -0.177400216 -0.002589595 -0.001027165 0.999996066 5.247354031
0.999968410 0.006586650 0.004444674 0.069437146 -0.006591100 0.999977767 0.000987204 -0.203861088 -0.004438073 -0.001016468 0.999989629 5.475755215
0.999972403 0.006127329 0.004205154 0.075597979 -0.006133166 0.999980271 0.001376405 -0.213883355 -0.004196637 -0.001402158 0.999990165 5.760008335
0.999973059 0.006133136 0.004024427 0.087943152 -0.006136246 0.999980867 0.000761185 -0.217087150 -0.004019682 -0.000785859 0.999991536 6.010079861
0.999968827 0.006661446 0.004258611 0.088285178 -0.006662732 0.999977767 0.000287933 -0.219191983 -0.004256599 -0.000316298 0.999990880 6.293249130
0.999974191 0.006071934 0.003838390 0.114932701 -0.006072511 0.999981582 0.000138680 -0.214398295 -0.003837477 -0.000161986 0.999992609 6.576374054
0.999982774 0.004867017 0.003278670 0.121952906 -0.004869247 0.999987841 0.000672243 -0.232134238 -0.003275358 -0.000688196 0.999994397 6.855603695
0.999973536 0.006400740 0.003457024 0.128608063 -0.006404044 0.999979019 0.000945682 -0.240378067 -0.003450899 -0.000967796 0.999993503 7.177326679
0.999976158 0.005937713 0.003517298 0.132086411 -0.005941151 0.999981821 0.000967587 -0.253862292 -0.003511489 -0.000988460 0.999993324 7.485726357
0.999970734 0.006394524 0.004205202 0.132412940 -0.006398022 0.999979198 0.000818951 -0.257596791 -0.004199878 -0.000845832 0.999990821 7.794067860
0.999972701 0.006060509 0.004216425 0.141493410 -0.006062580 0.999981523 0.000478822 -0.259112060 -0.004213445 -0.000504371 0.999990940 8.111058235
0.999975383 0.005677744 0.004121221 0.146004900 -0.005678297 0.999983847 0.000122338 -0.271439850 -0.004120460 -0.000145737 0.999991477 8.422412872
0.999970794 0.005856914 0.004910295 0.148541629 -0.005860763 0.999982476 0.000769754 -0.286682814 -0.004905702 -0.000798509 0.999987602 8.758596420
0.999971628 0.005727211 0.004897641 0.158411458 -0.005731184 0.999983251 0.000797558 -0.298310220 -0.004892991 -0.000825605 0.999987602 9.097531319
0.999972343 0.005737774 0.004731317 0.164743513 -0.005740392 0.999983311 0.000539870 -0.305663586 -0.004728141 -0.000567015 0.999988616 9.440664291
0.999965608 0.007032557 0.004376639 0.175151855 -0.007035698 0.999974966 0.000702821 -0.312007308 -0.004371587 -0.000733590 0.999990165 9.780829430
0.999975562 0.005533068 0.004272602 0.187440246 -0.005537200 0.999984145 0.000955812 -0.325088918 -0.004267246 -0.000979446 0.999990404 10.124607086
0.999971628 0.006031389 0.004498146 0.194376484 -0.006034129 0.999981642 0.000595834 -0.329691708 -0.004494470 -0.000622959 0.999989629 10.481208801
0.999973655 0.006110497 0.003912814 0.208169311 -0.006112903 0.999981046 0.000603126 -0.336722672 -0.003909055 -0.000627028 0.999992132 10.840393066
0.999962986 0.007263165 0.004616917 0.214953244 -0.007262432 0.999973595 -0.000175840 -0.339940667 -0.004618072 0.000142304 0.999989331 11.225512505
0.999966681 0.006508190 0.004932753 0.219011784 -0.006513704 0.999978185 0.001102701 -0.369564265 -0.004925470 -0.001134794 0.999987245 11.608886719
0.999969006 0.006267181 0.004766777 0.234095931 -0.006273755 0.999979377 0.001365394 -0.384400427 -0.004758121 -0.001395257 0.999987721 11.968525887
0.999964476 0.006358349 0.005550752 0.239170641 -0.006368023 0.999978244 0.001726808 -0.395486444 -0.005539652 -0.001762094 0.999983132 12.363843918
0.999968112 0.005819087 0.005472355 0.247179747 -0.005827639 0.999981761 0.001547972 -0.403590679 -0.005463249 -0.001579813 0.999983847 12.760233879
0.999979079 0.004262878 0.004885403 0.270409405 -0.004274230 0.999988198 0.002315450 -0.430041075 -0.004875476 -0.002336283 0.999985397 13.154424667
0.999962330 0.006295912 0.005978573 0.270521283 -0.006300156 0.999979854 0.000691245 -0.422623008 -0.005974102 -0.000728885 0.999981880 13.571086884
0.999959052 0.006910477 0.005847924 0.285681516 -0.006918454 0.999975145 0.001344724 -0.441549808 -0.005838487 -0.001385128 0.999981999 13.980074883
0.999976516 0.004970937 0.004718082 0.313937902 -0.004977635 0.999986649 0.001408842 -0.452025026 -0.004711016 -0.001432293 0.999987841 14.417486191
0.999968410 0.005976235 0.005240557 0.320235699 -0.005983737 0.999981105 0.001417075 -0.465499938 -0.005231990 -0.001448389 0.999985278 14.820781708
0.999958694 0.006545843 0.006291789 0.320286155 -0.006554332 0.999977589 0.001329488 -0.470755905 -0.006282945 -0.001370671 0.999979317 15.255556107
0.999956191 0.006825725 0.006400091 0.340499371 -0.006837017 0.999975085 0.001744300 -0.492217183 -0.006388025 -0.001787981 0.999977946 15.706427574
0.999947250 0.007632525 0.006873135 0.337195635 -0.007644547 0.999969304 0.001724431 -0.496678233 -0.006859761 -0.001776882 0.999974906 16.148220062
0.999945402 0.007313517 0.007460745 0.351379126 -0.007322973 0.999972403 0.001240812 -0.510361910 -0.007451465 -0.001295379 0.999971390 16.576759338
0.999942183 0.007546795 0.007656531 0.355276585 -0.007555758 0.999970794 0.001142422 -0.523988128 -0.007647687 -0.001200207 0.999969959 17.042135239
0.999945641 0.006951990 0.007770261 0.379486591 -0.006957285 0.999975681 0.000654800 -0.529003561 -0.007765519 -0.000708825 0.999969602 17.494894028
0.999933898 0.007624056 0.008600340 0.388410270 -0.007632998 0.999970317 0.001007456 -0.543968379 -0.008592404 -0.001073036 0.999962509 17.972761154
0.999944806 0.006812062 0.007992955 0.407710075 -0.006820771 0.999976158 0.001062856 -0.555235744 -0.007985523 -0.001117315 0.999967515 18.427028656
0.999946535 0.007515507 0.007098069 0.425642908 -0.007528769 0.999969959 0.001843522 -0.578459740 -0.007084001 -0.001896863 0.999973178 18.885419846
0.999936759 0.006900397 0.008877409 0.417424679 -0.006912244 0.999975264 0.001304573 -0.592701972 -0.008868188 -0.001365854 0.999959767 19.390069962
0.999931872 0.008173618 0.008335616 0.440498829 -0.008193121 0.999963701 0.002308196 -0.625588477 -0.008316448 -0.002376333 0.999962568 19.851366043
0.999926984 0.008927986 0.008136491 0.447762012 -0.008947814 0.999957085 0.002403792 -0.646220803 -0.008114680 -0.002476420 0.999963999 20.342201233
0.999923527 0.009036859 0.008442699 0.446999669 -0.009050085 0.999957860 0.001529781 -0.649207711 -0.008428519 -0.001606071 0.999963164 20.839956284
0.999934912 0.008446104 0.007670657 0.486587673 -0.008464222 0.999961376 0.002332525 -0.656582296 -0.007650661 -0.002397300 0.999967873 21.299856186
0.999928832 0.008835827 0.008017471 0.474766433 -0.008857313 0.999957263 0.002648337 -0.690270782 -0.007993726 -0.002719162 0.999964356 21.841058731
0.999934494 0.008588464 0.007584963 0.481766999 -0.008624857 0.999951303 0.004778257 -0.729681432 -0.007543557 -0.004843362 0.999959767 22.341726303
0.999935627 0.008769380 0.007193108 0.485643148 -0.008794094 0.999955535 0.003411517 -0.741397083 -0.007162871 -0.003474554 0.999968290 22.882488251
0.999938846 0.009274492 0.006016982 0.503053129 -0.009297861 0.999949276 0.003867711 -0.754802704 -0.005980806 -0.003923420 0.999974430 23.354059219
0.999964774 0.006737697 0.005001843 0.501484036 -0.006754790 0.999971390 0.003408484 -0.757150233 -0.004978735 -0.003442150 0.999981701 23.878078461
0.999951541 0.008443259 0.005046905 0.522772670 -0.008460679 0.999958217 0.003440390 -0.761523366 -0.005017647 -0.003482924 0.999981344 24.427303314
0.999944866 0.009633155 0.004175347 0.539733946 -0.009645590 0.999949098 0.002968246 -0.771653652 -0.004146541 -0.003008356 0.999986887 24.966421127
0.999954581 0.009117750 0.002785907 0.561136186 -0.009128728 0.999950469 0.003953392 -0.787549555 -0.002749723 -0.003978644 0.999988317 25.516902924
0.999964654 0.008063793 0.002381037 0.569108069 -0.008070588 0.999963343 0.002858049 -0.789339185 -0.002357902 -0.002877164 0.999993086 26.074375153
0.999966621 0.007904851 0.002093534 0.576146603 -0.007911875 0.999963045 0.003368492 -0.802965045 -0.002066829 -0.003384943 0.999992132 26.618770599
0.999969900 0.007640393 0.001343459 0.599725425 -0.007644447 0.999966145 0.003037649 -0.815752327 -0.001320204 -0.003047826 0.999994457 27.168111801
0.999965072 0.008228010 0.001466253 0.603408158 -0.008231810 0.999962747 0.002604788 -0.823608875 -0.001444766 -0.002616767 0.999995530 27.725683212
0.999963641 0.008520262 0.000338964 0.621696174 -0.008521342 0.999958158 0.003322089 -0.840488255 -0.000310645 -0.003324857 0.999994397 28.245536804
0.999961495 0.008756852 0.000535291 0.630778909 -0.008758452 0.999956906 0.003062250 -0.856458902 -0.000508453 -0.003066821 0.999995112 28.774394989
0.999963999 0.008483849 -0.000272234 0.655073941 -0.008483138 0.999960780 0.002517497 -0.862149656 0.000293581 -0.002515097 0.999996781 29.345481873
0.999963045 0.008586869 -0.000273716 0.666127622 -0.008585908 0.999957561 0.003334014 -0.883842587 0.000302333 -0.003331540 0.999994397 29.855192184
0.999952257 0.009758134 -0.000474511 0.664797902 -0.009756436 0.999946415 0.003459913 -0.896783710 0.000508248 -0.003455119 0.999993861 30.415206909
0.999957860 0.009149237 -0.000726833 0.668035984 -0.009146988 0.999953687 0.003036890 -0.907633722 0.000754584 -0.003030115 0.999995112 30.962757111
0.999961913 0.008700448 -0.000659102 0.689395964 -0.008698926 0.999959528 0.002278598 -0.911216259 0.000678901 -0.002272777 0.999997199 31.532665253
0.999966025 0.008152672 -0.001158705 0.708036661 -0.008150079 0.999964297 0.002224229 -0.923814237 0.001176797 -0.002214710 0.999996841 32.082263947
0.999961376 0.008683282 -0.001342140 0.717585087 -0.008679860 0.999959111 0.002534612 -0.938761950 0.001364094 -0.002522865 0.999995828 32.634326935
0.999968946 0.007637675 -0.001946140 0.720430136 -0.007632643 0.999967515 0.002580185 -0.955215812 0.001965784 -0.002565251 0.999994755 33.161975861
0.999971330 0.007117293 -0.002594227 0.738982499 -0.007111246 0.999971926 0.002332622 -0.974358499 0.002610757 -0.002314107 0.999993861 33.683921814
0.999969542 0.007196622 -0.003002160 0.742829323 -0.007189931 0.999971688 0.002233154 -0.979245543 0.003018146 -0.002211500 0.999993026 34.204952240
0.999968112 0.007281664 -0.003287958 0.759685218 -0.007271717 0.999969006 0.003027380 -1.006854892 0.003309901 -0.003003374 0.999989986 34.746807098
0.999966562 0.007270156 -0.003740724 0.771429598 -0.007261287 0.999970794 0.002379193 -1.011949301 0.003757912 -0.002351951 0.999990165 35.300338745
0.999971867 0.006665456 -0.003444931 0.772942007 -0.006654256 0.999972582 0.003252340 -1.038332701 0.003466515 -0.003229325 0.999988794 35.823310852
0.999973238 0.006283598 -0.003743346 0.789544940 -0.006271131 0.999974728 0.003332983 -1.055073977 0.003764195 -0.003309419 0.999987423 36.375671387
0.999970436 0.006503139 -0.004093500 0.797318161 -0.006488674 0.999972701 0.003537056 -1.070216656 0.004116391 -0.003510390 0.999985337 36.898979187
0.999966502 0.006885054 -0.004408328 0.809398353 -0.006874188 0.999973297 0.002475345 -1.075577855 0.004425253 -0.002444959 0.999987245 37.461326599
0.999967992 0.006785782 -0.004239085 0.813696980 -0.006773425 0.999972761 0.002922638 -1.093116522 0.004258802 -0.002893831 0.999986768 37.991703033
0.999967515 0.006708790 -0.004469538 0.822674870 -0.006694356 0.999972343 0.003236403 -1.109310269 0.004491127 -0.003206378 0.999984741 38.545242310
0.999967158 0.006659375 -0.004623618 0.827573717 -0.006645950 0.999973655 0.002912870 -1.119093418 0.004642894 -0.002882046 0.999985039 39.087356567
0.999969959 0.006145744 -0.004710665 0.838692307 -0.006128521 0.999974430 0.003661863 -1.141233683 0.004733050 -0.003632883 0.999982178 39.606563568
0.999965250 0.006820771 -0.004787345 0.838683367 -0.006806603 0.999972403 0.002969565 -1.146100760 0.004807467 -0.002936875 0.999984145 40.168006897
0.999966979 0.006380440 -0.005035102 0.852029085 -0.006361846 0.999972939 0.003700580 -1.172387838 0.005058577 -0.003668425 0.999980450 40.695213318
0.999965727 0.006701228 -0.004864350 0.857650459 -0.006683785 0.999971211 0.003593341 -1.187252760 0.004888291 -0.003560705 0.999981701 41.237129211
0.999965429 0.006385651 -0.005326475 0.868843079 -0.006370120 0.999975443 0.002927855 -1.197289824 0.005345040 -0.002893823 0.999981523 41.790832520
0.999965847 0.006247017 -0.005404801 0.877379596 -0.006228338 0.999974549 0.003465697 -1.209304810 0.005426313 -0.003431916 0.999979377 42.330825806
0.999960542 0.006888513 -0.005602260 0.883142471 -0.006868701 0.999970257 0.003548009 -1.221992135 0.005626532 -0.003509389 0.999978006 42.869419098
0.999958873 0.006720834 -0.006092325 0.898764133 -0.006696858 0.999969780 0.003947365 -1.243606567 0.006118670 -0.003906404 0.999973595 43.433887482
0.999964356 0.005584110 -0.006331277 0.906865239 -0.005553371 0.999972761 0.004862228 -1.271001816 0.006358257 -0.004826895 0.999968112 43.957012177
0.999962986 0.005605943 -0.006527260 0.909102023 -0.005574893 0.999973059 0.004765388 -1.276008606 0.006553798 -0.004728823 0.999967277 44.500671387
0.999967575 0.006081860 -0.005275172 0.907006681 -0.006060889 0.999973655 0.003982008 -1.285923719 0.005299251 -0.003949907 0.999978185 45.037670135
0.999960542 0.006374079 -0.006187917 0.940412045 -0.006355937 0.999975443 0.002947051 -1.269590735 0.006206550 -0.002907605 0.999976516 45.605365753
0.999966502 0.005500820 -0.006054483 0.933342516 -0.005478722 0.999978304 0.003660363 -1.303413749 0.006074487 -0.003627070 0.999974966 46.136619568
0.999964654 0.006549826 -0.005265861 0.930583715 -0.006530104 0.999971569 0.003753777 -1.313756704 0.005290298 -0.003719257 0.999979079 46.658046722
0.999968588 0.005536052 -0.005669676 0.932734609 -0.005512100 0.999975979 0.004231524 -1.333402157 0.005692966 -0.004200140 0.999974966 47.233062744
0.999966323 0.006369067 -0.005173980 0.938212097 -0.006349381 0.999972522 0.003812547 -1.342531323 0.005198120 -0.003779567 0.999979377 47.757518768
0.999964654 0.005720960 -0.006147828 0.959261298 -0.005695174 0.999974966 0.004204089 -1.356632948 0.006171725 -0.004168928 0.999972284 48.297382355
0.999964297 0.006006493 -0.005946930 0.959921241 -0.005986367 0.999976277 0.003396228 -1.359011889 0.005967189 -0.003360507 0.999976575 48.843505859
0.999968410 0.005157317 -0.006050878 0.971929371 -0.005132854 0.999978602 0.004051467 -1.378631830 0.006071643 -0.004020281 0.999973476 49.388134003
0.999968290 0.005580431 -0.005679165 0.966084123 -0.005558866 0.999977291 0.003805769 -1.386339188 0.005700274 -0.003774078 0.999976635 49.934104919
0.999965310 0.006473383 -0.005242050 0.970150828 -0.006451593 0.999970496 0.004163154 -1.410794258 0.005268845 -0.004129190 0.999977589 50.460563660
0.999964714 0.005931967 -0.005947591 0.986350536 -0.005909768 0.999975502 0.003743183 -1.423064828 0.005969651 -0.003707902 0.999975264 51.020545959
0.999960363 0.006023030 -0.006555339 1.003901362 -0.005998373 0.999974906 0.003774578 -1.436909556 0.006577909 -0.003735108 0.999971390 51.555068970
0.999962211 0.005549466 -0.006708664 1.027079701 -0.005528143 0.999979615 0.003192786 -1.443400383 0.006726247 -0.003155578 0.999972403 52.091110229
0.999966860 0.005330930 -0.006142362 1.018980622 -0.005315254 0.999982595 0.002565564 -1.441506743 0.006155932 -0.002532831 0.999977767 52.643352509
0.999963939 0.006462729 -0.005508079 1.000762939 -0.006452730 0.999977529 0.001831134 -1.422699451 0.005519789 -0.001795526 0.999983132 53.159240723
0.999966502 0.006147290 -0.005401587 1.001159549 -0.006138473 0.999979734 0.001647320 -1.423598528 0.005411604 -0.001614108 0.999984026 53.687126160
0.999967754 0.006155629 -0.005155233 1.018687367 -0.006145868 0.999979317 0.001906988 -1.453797102 0.005166865 -0.001875243 0.999984920 54.241325378
0.999972045 0.007042345 -0.002513069 0.987201631 -0.007036666 0.999972641 0.002261027 -1.475855470 0.002528923 -0.002243280 0.999994278 54.778022766
0.999967277 0.006679102 -0.004558872 1.013004899 -0.006671567 0.999976337 0.001665914 -1.482380271 0.004569890 -0.001635445 0.999988198 55.318988800
0.999970853 0.005667184 -0.005116413 1.023655534 -0.005659124 0.999982715 0.001588145 -1.496757984 0.005125325 -0.001559144 0.999985635 55.851947784
0.999964595 0.006179789 -0.005698944 1.049694777 -0.006170775 0.999979675 0.001597858 -1.509130001 0.005708701 -0.001562635 0.999982476 56.400615692
0.999965787 0.006021050 -0.005656961 1.044187307 -0.006007064 0.999978840 0.002486167 -1.529154301 0.005671810 -0.002452100 0.999980927 56.916625977
0.999966979 0.006072496 -0.005404964 1.048601985 -0.006062130 0.999979675 0.001932001 -1.536726952 0.005416587 -0.001899172 0.999983549 57.448863983
0.999969780 0.006053940 -0.004872638 1.054783821 -0.006049186 0.999981225 0.000989571 -1.542596817 0.004878539 -0.000960066 0.999987602 57.985618591
0.999966919 0.005794941 -0.005706820 1.065035224 -0.005789116 0.999982715 0.001036790 -1.549300909 0.005712729 -0.001003718 0.999983191 58.524879456
0.999962986 0.006564136 -0.005557832 1.075613737 -0.006552872 0.999976397 0.002042582 -1.577124953 0.005571109 -0.002006087 0.999982476 59.079757690
0.999961495 0.006472980 -0.005944226 1.095803738 -0.006460958 0.999977052 0.002039181 -1.593622804 0.005957290 -0.002000697 0.999980271 59.618312836
0.999964476 0.006166845 -0.005746772 1.088542461 -0.006155987 0.999979258 0.001905075 -1.605678916 0.005758401 -0.001869630 0.999981642 60.157325745
0.999967933 0.006762218 -0.004287709 1.069057941 -0.006761882 0.999977112 0.000093018 -1.599223137 0.004288241 -0.000064022 0.999990761 60.723560333
0.999967635 0.005910996 -0.005459472 1.105116963 -0.005910525 0.999982476 0.000102594 -1.611867428 0.005459983 -0.000070323 0.999985099 61.258842468
0.999968886 0.006201237 -0.004872908 1.093033552 -0.006199299 0.999980688 0.000412827 -1.623123527 0.004875374 -0.000382606 0.999988019 61.833000183
0.999965131 0.006627102 -0.005109892 1.110647798 -0.006621036 0.999977469 0.001203164 -1.654504538 0.005117750 -0.001169289 0.999986231 62.354198456
0.999971211 0.005660261 -0.005053458 1.116792917 -0.005652319 0.999982715 0.001584319 -1.665465832 0.005062338 -0.001555710 0.999985993 62.871097565
0.999963760 0.006797733 -0.005122153 1.119102955 -0.006797749 0.999976873 0.000014282 -1.670224547 0.005122132 0.000020537 0.999986887 63.431671143
0.999964297 0.006199494 -0.005741610 1.135871291 -0.006199218 0.999980807 0.000065709 -1.684097290 0.005741907 -0.000030113 0.999983490 63.969226837
0.999964535 0.006486848 -0.005370645 1.132172108 -0.006484612 0.999978900 0.000433677 -1.694590807 0.005373345 -0.000398835 0.999985456 64.496406555
0.999965847 0.005738659 -0.005950632 1.150143862 -0.005736667 0.999983609 0.000351682 -1.708994150 0.005952552 -0.000317533 0.999982238 65.033920288
0.999973118 0.005513854 -0.004839230 1.131697059 -0.005516585 0.999984622 -0.000551200 -1.709746718 0.004836116 0.000577882 0.999988139 65.623428345
0.999973893 0.005603932 -0.004558429 1.137375593 -0.005605652 0.999984205 -0.000364478 -1.732642055 0.004556314 0.000390021 0.999989569 66.175506592
0.999967933 0.007013551 -0.003860018 1.135358572 -0.007014700 0.999975383 -0.000283927 -1.745801806 0.003857932 0.000310995 0.999992490 66.716285706
0.999969482 0.006715535 -0.003987239 1.148807645 -0.006715170 0.999977410 0.000104973 -1.767038703 0.003987853 -0.000078195 0.999992073 67.260643005
0.999968350 0.006685447 -0.004313461 1.168222904 -0.006682987 0.999977469 0.000584708 -1.799923897 0.004317273 -0.000555862 0.999990463 67.807235718
0.999962807 0.007195548 -0.004753886 1.174816370 -0.007200740 0.999973416 -0.001076223 -1.794206023 0.004746016 0.001110414 0.999988139 68.364158630
0.999966979 0.006815663 -0.004430981 1.171100974 -0.006813976 0.999976695 0.000395763 -1.827698708 0.004433575 -0.000365558 0.999990106 68.915802002
0.999965966 0.007110185 -0.004179803 1.180342436 -0.007106556 0.999974370 0.000882377 -1.847640514 0.004185970 -0.000852643 0.999990880 69.471466064
0.999968290 0.006811975 -0.004110625 1.190269947 -0.006811233 0.999976814 0.000194401 -1.851075888 0.004111853 -0.000166396 0.999991536 70.022796631
0.999967217 0.007232831 -0.003620600 1.193105221 -0.007232892 0.999973834 -0.000003555 -1.866148353 0.003620479 0.000029742 0.999993443 70.554183960
0.999968410 0.006808862 -0.004103819 1.209578514 -0.006809766 0.999976754 -0.000206319 -1.878382564 0.004102319 0.000234258 0.999991477 71.119888306
0.999971032 0.006709827 -0.003575943 1.208822489 -0.006713162 0.999976993 -0.000921382 -1.886950254 0.003569678 0.000945361 0.999993205 71.686408997
0.999970555 0.007019837 -0.003098998 1.216708302 -0.007023631 0.999974549 -0.001214978 -1.898067236 0.003090390 0.001236708 0.999994457 72.250068665
0.999974251 0.005761007 -0.004276146 1.244206548 -0.005764312 0.999983072 -0.000760816 -1.924531579 0.004271690 0.000785446 0.999990582 72.755355835
0.999974132 0.005995102 -0.003968509 1.245992661 -0.005998058 0.999981761 -0.000733274 -1.935434341 0.003964041 0.000757058 0.999991775 73.310966492
0.999972284 0.006644915 -0.003339513 1.246661544 -0.006647760 0.999977469 -0.000841275 -1.950971246 0.003333848 0.000863452 0.999994099 73.881996155
0.999972582 0.006112356 -0.004172888 1.265107632 -0.006115405 0.999980986 -0.000718206 -1.966861963 0.004168418 0.000743705 0.999991059 74.422851562
0.999970973 0.006258575 -0.004345655 1.276767135 -0.006262011 0.999980092 -0.000777443 -1.980020761 0.004340703 0.000804633 0.999990284 74.995727539
0.999971211 0.006131647 -0.004463474 1.286074996 -0.006136017 0.999980628 -0.000966026 -1.994998813 0.004457465 0.000993386 0.999989569 75.538299561
0.999966502 0.006966901 -0.004330134 1.295711756 -0.006973319 0.999974608 -0.001468793 -2.007249117 0.004319792 0.001498939 0.999989569 76.097778320
0.999967575 0.006869118 -0.004203243 1.308737516 -0.006872838 0.999975979 -0.000871334 -2.029744625 0.004197157 0.000900194 0.999990761 76.648475647
0.999969900 0.006356459 -0.004446720 1.321668148 -0.006362774 0.999978781 -0.001407565 -2.042024612 0.004437678 0.001435816 0.999989092 77.186561584
0.999969304 0.006614241 -0.004203937 1.323928356 -0.006619742 0.999977231 -0.001295931 -2.056538343 0.004195270 0.001323720 0.999990284 77.722579956
0.999965250 0.007169897 -0.004256211 1.327841878 -0.007177030 0.999972820 -0.001663104 -2.067074776 0.004244171 0.001693593 0.999989569 78.284255981
0.999968350 0.006475477 -0.004644686 1.348977327 -0.006483297 0.999977589 -0.001670450 -2.082916737 0.004633766 0.001700509 0.999987841 78.834899902
0.999964595 0.007003660 -0.004650428 1.353157282 -0.007011266 0.999974072 -0.001621125 -2.100086212 0.004638954 0.001653673 0.999987900 79.384765625
0.999962509 0.007661557 -0.004027741 1.358928800 -0.007666227 0.999969959 -0.001145442 -2.116255045 0.004018844 0.001176277 0.999991238 79.936706543
0.999960661 0.008282596 -0.003158310 1.368087173 -0.008286592 0.999964893 -0.001254365 -2.132643461 0.003147810 0.001280487 0.999994218 80.486091614
0.999965072 0.008001486 -0.002405082 1.379665494 -0.008004557 0.999967158 -0.001270362 -2.150138617 0.002394838 0.001289569 0.999996305 81.023475647
0.999968886 0.007750631 -0.001427894 1.391346335 -0.007752655 0.999968946 -0.001418021 -2.167319298 0.001416859 0.001429047 0.999997973 81.571479797
0.999968469 0.007941104 -0.000020148 1.404185772 -0.007941118 0.999968112 -0.000851178 -2.190754414 0.000013388 0.000851311 0.999999642 82.115989685
0.999956608 0.008501662 0.003804866 1.419370174 -0.008494829 0.999962270 -0.001808921 -2.189580679 -0.003820103 0.001776520 0.999991119 82.653800964
0.999950826 0.007395885 0.006606594 1.439564466 -0.007384634 0.999971271 -0.001725913 -2.206797600 -0.006619170 0.001677041 0.999976695 83.199729919
0.999928951 0.007073897 0.009593481 1.467386723 -0.007051735 0.999972403 -0.002341870 -2.223334074 -0.009609783 0.002274054 0.999951184 83.754486084
0.999860108 0.007631564 0.014891266 1.487331390 -0.007601772 0.999969006 -0.002056295 -2.235085011 -0.014906499 0.001942807 0.999886990 84.324089050
0.999760926 0.007479399 0.020546785 1.518832922 -0.007439394 0.999970198 -0.002022689 -2.250712872 -0.020561298 0.001869350 0.999786854 84.868507385
0.999596894 0.008545728 0.027072173 1.535161138 -0.008500046 0.999962270 -0.001802085 -2.276519775 -0.027086545 0.001571244 0.999631882 85.402214050
0.999419391 0.009323436 0.032772135 1.566504955 -0.009245873 0.999954104 -0.002517430 -2.281845093 -0.032794114 0.002212961 0.999459803 85.951416016
0.999112368 0.008570328 0.041243989 1.599657416 -0.008485692 0.999961495 -0.002226701 -2.301012039 -0.041261487 0.001874741 0.999146640 86.494720459
0.998740494 0.009228449 0.049316809 1.648694515 -0.009109770 0.999955058 -0.002630689 -2.315691471 -0.049338873 0.002178111 0.998779714 87.047996521
0.998330295 0.008874810 0.057077866 1.681942701 -0.008745186 0.999958515 -0.002520402 -2.331754684 -0.057097878 0.002017037 0.998366535 87.603279114
0.997770548 0.009330182 0.066082306 1.736769676 -0.009160440 0.999953866 -0.002871174 -2.338248253 -0.066106066 0.002259430 0.997810066 88.189323425
0.997028768 0.009760768 0.076408580 1.795011044 -0.009600839 0.999950826 -0.002460140 -2.361562014 -0.076428846 0.001719244 0.997073531 88.699829102
0.996352434 0.009539464 0.084798597 1.855527401 -0.009342468 0.999952614 -0.002719620 -2.375031471 -0.084820531 0.001917472 0.996394515 89.255691528
0.995642245 0.008574021 0.092860408 1.918938637 -0.008310361 0.999960244 -0.003225642 -2.393338203 -0.092884377 0.002439883 0.995673895 89.792366028
0.994519770 0.008825579 0.104174696 2.000124454 -0.008494532 0.999957383 -0.003621048 -2.408407211 -0.104202211 0.002716289 0.994552374 90.344871521
0.993380725 0.008302263 0.114567280 2.073091507 -0.007964415 0.999962509 -0.003406328 -2.424566507 -0.114591278 0.002471320 0.993409574 90.875541687
0.992260754 0.007955660 0.123916499 2.161676407 -0.007624185 0.999965966 -0.003148984 -2.444035053 -0.123937331 0.002179851 0.992287636 91.427055359
0.990884662 0.008490563 0.134445310 2.255368233 -0.008181240 0.999962389 -0.002853058 -2.467421055 -0.134464487 0.001727122 0.990916908 91.960594177
0.989089787 0.009016108 0.147037789 2.353025436 -0.008702010 0.999958277 -0.002779290 -2.479482651 -0.147056684 0.001469443 0.989126980 92.530685425
0.987446845 0.008017089 0.157747999 2.461945534 -0.007650915 0.999966443 -0.002928392 -2.497212648 -0.157766193 0.001684715 0.987475157 93.074722290
0.985742807 0.007209551 0.168104395 2.576260567 -0.006677411 0.999970734 -0.003730604 -2.508609295 -0.168126345 0.002554914 0.985762119 93.601303101
0.983538210 0.007212015 0.180555850 2.694428444 -0.006738146 0.999972045 -0.003237715 -2.530393839 -0.180574164 0.001967805 0.983559370 94.125183105
0.981218815 0.007271200 0.192760527 2.822593689 -0.006696413 0.999970973 -0.003633221 -2.542706966 -0.192781329 0.002274181 0.981239080 94.676521301
0.979085863 0.007123687 0.203322664 2.954168320 -0.006433566 0.999971032 -0.004054963 -2.554957867 -0.203345656 0.002662067 0.979103327 95.213127136
0.976197898 0.006857335 0.216773123 3.093183517 -0.006238319 0.999974191 -0.003539758 -2.583367348 -0.216791853 0.002103204 0.976215601 95.751930237
0.973159313 0.006488770 0.230040610 3.234146118 -0.005779529 0.999976218 -0.003756781 -2.588838816 -0.230059564 0.002326421 0.973173797 96.279258728
0.970517278 0.006185130 0.240952149 3.382888794 -0.005353535 0.999977231 -0.004105762 -2.603978395 -0.240972057 0.002694767 0.970528305 96.786659241
0.967271030 0.007177068 0.253643960 3.537122726 -0.006244091 0.999970436 -0.004483168 -2.626860619 -0.253668666 0.002752663 0.967287242 97.317131042
0.963682652 0.006009341 0.266982526 3.715667725 -0.005063574 0.999978244 -0.004230733 -2.636545181 -0.267002136 0.002725198 0.963692069 97.861480713
0.959963262 0.007149475 0.280034602 3.882709503 -0.006121221 0.999970853 -0.004546293 -2.653908491 -0.280059010 0.002650120 0.959979057 98.369804382
0.956774473 0.005893157 0.290771097 4.057552338 -0.004715976 0.999977708 -0.004749092 -2.668252468 -0.290792555 0.003172541 0.956780791 98.878425598
0.952331424 0.005173706 0.305021524 4.226980209 -0.003908860 0.999981046 -0.004757297 -2.678264618 -0.305040330 0.003338237 0.952333570 99.381622314
0.948013604 0.003762257 0.318207473 4.427530289 -0.002454981 0.999986827 -0.004509169 -2.690895796 -0.318220198 0.003493560 0.948010385 99.903503418
0.943954647 0.004251937 0.330047846 4.611072540 -0.002306709 0.999977589 -0.006285187 -2.681099176 -0.330067188 0.005171607 0.943943262 100.417175293
0.939232588 0.004739611 0.343248814 4.816900253 -0.002561688 0.999973595 -0.006798174 -2.696260691 -0.343272030 0.005505770 0.939219892 100.940460205
0.934168518 0.004408557 0.356804997 5.052658081 -0.002896729 0.999984443 -0.004771390 -2.744562864 -0.356820464 0.003423714 0.934166729 101.428199768
0.928976119 0.004334591 0.370114177 5.245153427 -0.002304177 0.999979734 -0.005927841 -2.742797375 -0.370132416 0.004654015 0.928967297 101.929527283
0.924199820 0.004394537 0.381883770 5.463352203 -0.002250469 0.999979079 -0.006060905 -2.760924339 -0.381902397 0.004742070 0.924190462 102.427261353
0.918797374 0.003719920 0.394712001 5.714996338 -0.001505965 0.999981284 -0.005918679 -2.778527260 -0.394726664 0.004843644 0.918785810 102.903129578
0.912689924 0.003090319 0.408641100 5.939052582 -0.000798769 0.999983013 -0.005778269 -2.790789843 -0.408651948 0.004947358 0.912676871 103.383041382
0.907580614 0.002758757 0.419868767 6.191577911 -0.000223139 0.999981403 -0.006088067 -2.805257797 -0.419877827 0.005431722 0.907564402 103.871833801
0.901487291 0.001905917 0.432801306 6.435214996 0.000407206 0.999986112 -0.005251788 -2.826822758 -0.432805330 0.004910659 0.901474059 104.334930420
0.895062983 0.002007512 0.445935130 6.712585449 0.000706536 0.999982357 -0.005919853 -2.849008083 -0.445939124 0.005613711 0.895045698 104.819007874
0.889211953 0.000878309 0.457494617 6.981105804 0.001358250 0.999988616 -0.004559773 -2.876135349 -0.457493454 0.004675996 0.889200687 105.273971558
0.883648038 0.000925286 0.468150795 7.254776001 0.001562716 0.999986649 -0.004926115 -2.888516903 -0.468149126 0.005084540 0.883634865 105.754722595
0.876363575 0.000415878 0.481649995 7.535701752 0.002466810 0.999982655 -0.005351798 -2.909603357 -0.481643826 0.005878260 0.876347244 106.223800659
0.869344711 0.000472332 0.494206011 7.828609467 0.002465363 0.999982953 -0.005292477 -2.924347162 -0.494200051 0.005819384 0.869328678 106.693344116
