1.000000000 0.000000000 0.000000000 0.000000000 0.000000000 1.000000000 0.000000000 0.000000000 0.000000000 0.000000000 1.000000000 0.000000000
1.000000000 -0.000097775 -0.000183960 0.003339976 0.000097791 1.000000000 0.000085830 -0.002672836 0.000183952 -0.000085848 1.000000000 -0.000934053
1.000000000 0.000049113 0.000096376 -0.001784814 -0.000049117 1.000000000 0.000040400 -0.001365049 -0.000096374 -0.000040405 1.000000000 -0.001158231
1.000000000 -0.000073048 -0.000128636 0.004598478 0.000073066 1.000000000 0.000139323 -0.001569116 0.000128626 -0.000139333 1.000000000 -0.006540325
1.000000000 -0.000067750 -0.000094102 0.001222368 0.000067753 1.000000000 0.000024780 0.000152205 0.000094100 -0.000024786 1.000000000 0.001255669
1.000000000 -0.000021912 0.000100758 -0.000810279 0.000021914 1.000000000 -0.000019807 -0.001092747 -0.000100757 0.000019809 1.000000000 -0.000353901
1.000000000 -0.000137074 -0.000125208 0.004229357 0.000137092 1.000000000 0.000145743 -0.002392171 0.000125188 -0.000145760 1.000000000 -0.006932237
1.000000000 -0.000112025 -0.000072272 -0.000326624 0.000112026 1.000000000 0.000015444 0.000961365 0.000072270 -0.000015452 1.000000000 0.002205006
1.000000000 0.000013167 -0.000095157 0.002651929 -0.000013161 1.000000000 0.000065311 -0.003003688 0.000095158 -0.000065309 1.000000000 -0.007688915
1.000000000 0.000004170 0.000026055 0.001245853 -0.000004173 1.000000000 0.000106578 -0.002201164 -0.000026055 -0.000106578 1.000000000 -0.006772964
1.000000000 0.000114637 0.000135929 -0.002055995 -0.000114636 1.000000000 -0.000010219 -0.000700030 -0.000135930 0.000010204 1.000000000 -0.003771639
1.000000000 -0.000101192 0.000006675 -0.000301051 0.000101191 1.000000000 0.000048720 -0.002316582 -0.000006680 -0.000048720 1.000000000 -0.008191295
1.000000000 -0.000087332 0.000039080 0.000001433 0.000087331 1.000000000 0.000030147 -0.002201740 -0.000039083 -0.000030144 1.000000000 -0.005687804
1.000000000 -0.000034968 0.000001410 0.001063723 0.000034968 1.000000000 0.000063689 -0.002383257 -0.000001412 -0.000063689 1.000000000 -0.006615506
1.000000000 -0.000185286 -0.000082883 0.000503747 0.000185298 1.000000000 0.000148717 -0.001446778 0.000082856 -0.000148733 1.000000000 -0.007734808
0.999999940 -0.000280422 -0.000113426 -0.000342516 0.000280430 0.999999940 0.000064965 -0.001901614 0.000113408 -0.000064997 1.000000000 -0.007527063
1.000000000 -0.000221179 0.000005726 0.000466072 0.000221178 1.000000000 0.000074652 -0.001291398 -0.000005742 -0.000074651 1.000000000 -0.008308910
1.000000000 0.000016616 -0.000005293 0.001506223 -0.000016615 1.000000000 0.000132556 -0.003453548 0.000005296 -0.000132556 1.000000000 -0.010652773
0.999999940 -0.000243973 -0.000074573 0.002876880 0.000243984 0.999999940 0.000147128 -0.004343559 0.000074537 -0.000147146 1.000000000 -0.010077654
1.000000000 -0.000217516 -0.000011473 0.001664823 0.000217517 1.000000000 0.000064963 -0.003765379 0.000011459 -0.000064965 1.000000000 -0.009409170
1.000000000 -0.000046524 -0.000036336 0.003427221 0.000046531 1.000000000 0.000203630 -0.006084916 0.000036327 -0.000203632 1.000000000 -0.010916961
1.000000000 0.000058086 0.000034083 -0.000229941 -0.000058090 1.000000000 0.000103123 -0.001371908 -0.000034077 -0.000103125 1.000000000 -0.007019267
0.999999940 -0.000265904 -0.000194820 0.005966131 0.000265937 0.999999940 0.000171908 -0.003645814 0.000194775 -0.000171960 0.999999940 -0.014853202
0.999999940 -0.000235720 -0.000093667 0.001634857 0.000235738 0.999999940 0.000189964 -0.002977753 0.000093622 -0.000189987 1.000000000 -0.006558413
1.000000000 -0.000011667 -0.000077663 0.005080054 0.000011683 1.000000000 0.000196014 -0.003023574 0.000077661 -0.000196015 1.000000000 -0.015965607
1.000000000 -0.000094995 -0.000045794 0.001194120 0.000095004 1.000000000 0.000206014 -0.003219177 0.000045775 -0.000206018 1.000000000 -0.012753068
1.000000000 -0.000122096 -0.000017310 -0.000058661 0.000122099 1.000000000 0.000168410 -0.004562345 0.000017289 -0.000168412 1.000000000 -0.013426540
1.000000000 -0.000128563 0.000001352 0.001447569 0.000128563 1.000000000 0.000173106 -0.003444477 -0.000001374 -0.000173106 1.000000000 -0.006564251
0.999999940 -0.000269443 -0.000101209 0.000275161 0.000269457 0.999999940 0.000134511 -0.001416989 0.000101173 -0.000134538 1.000000000 -0.007755402
1.000000000 -0.000116438 -0.000081855 0.001493330 0.000116454 1.000000000 0.000194138 -0.002208222 0.000081833 -0.000194147 1.000000000 -0.008433201
1.000000000 -0.000168928 -0.000044649 -0.000615758 0.000168934 1.000000000 0.000138346 -0.000992476 0.000044626 -0.000138354 1.000000000 -0.001798065
1.000000000 -0.000231653 -0.000040508 -0.002610808 0.000231662 0.999999940 0.000219351 -0.002712382 0.000040457 -0.000219360 1.000000000 -0.009621279
0.999999940 -0.000258537 -0.000139134 0.003361266 0.000258576 0.999999940 0.000277120 -0.003569253 0.000139063 -0.000277155 0.999999940 -0.011666514
1.000000000 -0.000013926 -0.000056719 0.000116326 0.000013929 1.000000000 0.000067535 -0.001328819 0.000056718 -0.000067536 1.000000000 -0.004708677
1.000000000 -0.000146627 -0.000077592 0.001810099 0.000146632 1.000000000 0.000064317 -0.001842638 0.000077582 -0.000064329 1.000000000 -0.003830864
0.999999940 -0.000239024 -0.000080090 -0.000665481 0.000239024 1.000000000 0.000000231 -0.001013719 0.000080090 -0.000000250 1.000000000 -0.008231346
0.999999940 -0.000326864 -0.000178181 0.004601940 0.000326887 0.999999940 0.000128804 -0.001981241 0.000178139 -0.000128862 1.000000000 -0.012605309
1.000000000 -0.000198155 -0.000059940 0.000509640 0.000198160 1.000000000 0.000082855 -0.000254308 0.000059923 -0.000082867 1.000000000 -0.007351643
1.000000000 -0.000063119 -0.000075196 -0.000035027 0.000063142 0.999999940 0.000301509 -0.002661704 0.000075177 -0.000301514 0.999999940 -0.010536569
0.999999940 -0.000259834 -0.000229893 0.004679659 0.000259878 0.999999940 0.000194093 -0.005165920 0.000229842 -0.000194152 0.999999940 -0.006614131
0.999999940 -0.000156864 -0.000188227 0.008318389 0.000156791 0.999999940 -0.000387099 -0.009030131 0.000188288 0.000387069 0.999999881 0.041338727
0.999999940 -0.000181988 -0.000216208 0.007033533 0.000181749 0.999999344 -0.001105767 -0.006219212 0.000216409 0.001105728 0.999999344 0.142842919
1.000000000 -0.000143136 -0.000046609 0.002890546 0.000143079 0.999999225 -0.001231623 -0.012271640 0.000046785 0.001231617 0.999999225 0.262051910
0.999999940 -0.000359595 0.000124539 0.002223581 0.000359736 0.999999285 -0.001132241 -0.017809421 -0.000124132 0.001132286 0.999999344 0.385112345
1.000000000 0.000055826 -0.000173907 0.009090359 -0.000055996 0.999999523 -0.000979842 -0.024542272 0.000173853 0.000979852 0.999999523 0.531697631
0.999999940 0.000128295 0.000257935 0.005737908 -0.000128052 0.999999523 -0.000941792 -0.036784120 -0.000258056 0.000941759 0.999999523 0.680744112
0.999999940 -0.000004650 0.000278677 0.022460630 0.000004844 0.999999762 -0.000695834 -0.037000570 -0.000278674 0.000695835 0.999999702 0.843250930
1.000000000 -0.000072877 0.000220782 0.016459785 0.000073024 0.999999762 -0.000664885 -0.037656084 -0.000220733 0.000664901 0.999999762 1.020128965
0.999999881 0.000223546 0.000463908 0.019226346 -0.000223202 0.999999702 -0.000740216 -0.035544362 -0.000464074 0.000740112 0.999999642 1.189223409
1.000000000 -0.000179640 0.000025271 0.043443244 0.000179653 0.999999881 -0.000484219 -0.050977290 -0.000025184 0.000484223 0.999999881 1.414528489
0.999999940 0.000270676 0.000242524 0.034030832 -0.000270564 0.999999881 -0.000462384 -0.060118500 -0.000242649 0.000462318 0.999999881 1.609494686
0.999999821 0.000140496 0.000561948 0.029420376 -0.000140542 1.000000000 0.000080857 -0.068163164 -0.000561937 -0.000080936 0.999999821 1.796859622
0.999999166 -0.001159493 0.000755881 0.005994919 0.001158425 0.999998331 0.001412035 -0.079681054 -0.000757517 -0.001411158 0.999998689 1.912601233
0.999998868 -0.000699969 0.001326297 0.008036614 0.000698598 0.999999225 0.001033906 -0.083107613 -0.001327019 -0.001032979 0.999998569 2.136878490
0.999998510 0.000148343 0.001692541 0.008330042 -0.000150232 0.999999344 0.001115880 -0.083089337 -0.001692374 -0.001116133 0.999997914 2.343425512
0.999998987 -0.001082238 0.000923793 0.021105854 0.001080762 0.999998152 0.001596697 -0.104342632 -0.000925519 -0.001595697 0.999998212 2.585934401
0.999998808 -0.000794130 0.001320668 0.021995893 0.000791740 0.999997973 0.001809093 -0.109744452 -0.001322102 -0.001808045 0.999997497 2.818372726
0.999999046 -0.000855725 0.001124392 0.032861050 0.000853675 0.999997973 0.001822748 -0.114794984 -0.001125949 -0.001821786 0.999997675 3.054451704
0.999998808 -0.001000318 0.001210060 0.033670578 0.000998362 0.999998212 0.001615313 -0.117043108 -0.001211673 -0.001614103 0.999997973 3.316901922
0.999999106 -0.000938835 0.000962863 0.039009266 0.000937294 0.999998271 0.001600195 -0.128250510 -0.000964364 -0.001599291 0.999998271 3.530056715
0.999999523 -0.000491845 0.000868190 0.046774525 0.000490448 0.999998629 0.001608452 -0.134556979 -0.000868979 -0.001608026 0.999998331 3.790683985
0.999999344 -0.001007375 0.000506845 0.062728815 0.001006500 0.999998033 0.001722549 -0.142041475 -0.000508579 -0.001722038 0.999998391 4.056956291
0.999999285 -0.000148413 0.001149461 0.050806019 0.000146181 0.999998093 0.001941730 -0.148240209 -0.001149747 -0.001941561 0.999997497 4.311800957
0.999999404 -0.000578503 0.000902350 0.061459459 0.000576524 0.999997437 0.002191756 -0.162453264 -0.000903616 -0.002191235 0.999997199 4.566438198
0.999998748 -0.000938956 0.001350621 0.054726090 0.000935309 0.999995887 0.002698393 -0.176930234 -0.001353149 -0.002697126 0.999995410 4.789407730
0.999998152 -0.000766014 0.001725953 0.055950575 0.000761146 0.999995828 0.002819390 -0.186171815 -0.001728106 -0.002818071 0.999994516 5.041387558
0.999998748 -0.000752421 0.001392472 0.071280897 0.000748601 0.999996006 0.002742127 -0.193473428 -0.001394529 -0.002741081 0.999995291 5.312288761
0.999997675 -0.001483353 0.001511216 0.071361572 0.001478959 0.999994695 0.002904031 -0.202778965 -0.001515516 -0.002901789 0.999994695 5.562697887
0.999998033 -0.001683007 0.001050110 0.081265159 0.001679985 0.999994457 0.002871577 -0.205834791 -0.001054937 -0.002869807 0.999995351 5.860598087
0.999997854 -0.000828566 0.001901222 0.070368506 0.000822684 0.999994934 0.003092657 -0.216685340 -0.001903775 -0.003091086 0.999993443 6.138210773
0.999998152 -0.000926666 0.001681426 0.081312537 0.000921918 0.999995589 0.002822533 -0.230111420 -0.001684035 -0.002820977 0.999994576 6.425974369
0.999998271 -0.000804467 0.001681717 0.084601462 0.000800171 0.999996424 0.002553483 -0.236836255 -0.001683766 -0.002552133 0.999995291 6.713408470
0.999997318 -0.001263839 0.001970008 0.088310346 0.001259091 0.999996305 0.002409491 -0.237638414 -0.001973046 -0.002407004 0.999995112 7.020829201
0.999997854 -0.000994415 0.001830296 0.100944594 0.000989382 0.999995708 0.002748705 -0.250556141 -0.001833022 -0.002746888 0.999994457 7.319085121
0.999997199 -0.001010080 0.002158066 0.102552831 0.001003879 0.999995351 0.002872278 -0.263910443 -0.002160957 -0.002870103 0.999993503 7.640305519
0.999997139 -0.000864894 0.002243189 0.122301370 0.000856965 0.999993324 0.003533332 -0.274632961 -0.002246231 -0.003531399 0.999991179 7.974636555
0.999997079 -0.001728165 0.001679791 0.104493625 0.001722426 0.999992669 0.003411986 -0.296022743 -0.001685675 -0.003409083 0.999992728 8.194061279
0.999997079 -0.001925211 0.001415560 0.118414879 0.001920383 0.999992251 0.003404202 -0.301589698 -0.001422103 -0.003401474 0.999993205 8.525203705
0.999997437 -0.001634036 0.001570276 0.120064400 0.001628779 0.999993086 0.003343661 -0.309676677 -0.001575729 -0.003341095 0.999993205 8.867135048
0.999997139 -0.001123983 0.002091752 0.118860073 0.001116912 0.999993622 0.003378616 -0.320394456 -0.002095537 -0.003376270 0.999992073 9.209453583
0.999996662 -0.002367807 0.001001669 0.143141150 0.002364103 0.999990404 0.003682838 -0.331015348 -0.001010380 -0.003680458 0.999992788 9.544898033
0.999998033 -0.001495375 0.001268488 0.138639867 0.001490502 0.999991477 0.003834044 -0.335665196 -0.001274210 -0.003832147 0.999991834 9.904396057
0.999997497 -0.001760375 0.001379329 0.135946333 0.001754810 0.999990344 0.004025362 -0.362424076 -0.001386402 -0.004022931 0.999990880 10.213324547
0.999996960 -0.001886072 0.001573333 0.144743800 0.001880183 0.999991238 0.003736458 -0.371544212 -0.001580366 -0.003733488 0.999991715 10.567179680
0.999997079 -0.001993216 0.001359522 0.148558870 0.001987687 0.999989808 0.004055802 -0.380341768 -0.001367593 -0.004053088 0.999990821 10.954794884
0.999995172 -0.002646629 0.001625121 0.156313926 0.002639228 0.999986231 0.004539211 -0.392978936 -0.001637112 -0.004534900 0.999988377 11.327435493
0.999994218 -0.003130226 0.001391791 0.187478319 0.003124592 0.999987006 0.004031696 -0.390571594 -0.001404393 -0.004027324 0.999990880 11.717920303
0.999994516 -0.002859328 0.001691232 0.173936710 0.002851920 0.999986410 0.004366667 -0.402150363 -0.001703695 -0.004361820 0.999989092 12.154065132
0.999995828 -0.002678600 0.001095147 0.179289028 0.002673703 0.999986529 0.004449073 -0.438051254 -0.001107050 -0.004446127 0.999989510 12.455587387
0.999995053 -0.003093079 0.000587508 0.196044579 0.003090364 0.999984801 0.004568357 -0.441058874 -0.000601629 -0.004566519 0.999989331 12.854013443
0.999994934 -0.003106100 0.000645284 0.209446743 0.003103309 0.999985993 0.004282572 -0.451752931 -0.000658577 -0.004280548 0.999990642 13.266300201
0.999995589 -0.002589906 0.001440991 0.218742833 0.002583210 0.999985933 0.004629967 -0.458456516 -0.001452962 -0.004626224 0.999988198 13.697805405
0.999994516 -0.002892954 0.001618273 0.207691237 0.002884059 0.999980867 0.005472389 -0.501677930 -0.001634074 -0.005467692 0.999983728 14.096121788
0.999990582 -0.004129788 0.001350002 0.222659454 0.004122180 0.999975860 0.005590834 -0.520239055 -0.001373059 -0.005585216 0.999983490 14.520563126
0.999991357 -0.003645368 0.001996663 0.228409857 0.003634209 0.999978006 0.005564427 -0.518443406 -0.002016903 -0.005557122 0.999982476 14.964198112
0.999990165 -0.004126324 0.001644626 0.248678938 0.004116739 0.999974787 0.005789544 -0.527690172 -0.001668474 -0.005782717 0.999981880 15.394729614
0.999992132 -0.003233950 0.002300452 0.265457243 0.003219744 0.999975920 0.006152662 -0.548757851 -0.002320294 -0.006145208 0.999978423 15.847158432
0.999990106 -0.003342035 0.002905338 0.244541734 0.003322756 0.999972522 0.006615649 -0.595846355 -0.002927368 -0.006605931 0.999973893 16.285711288
0.999990165 -0.003200035 0.003079988 0.256183594 0.003181985 0.999977767 0.005847619 -0.595433712 -0.003098631 -0.005837761 0.999978185 16.743598938
0.999989688 -0.002556889 0.003752433 0.269089460 0.002535326 0.999980271 0.005739920 -0.599934697 -0.003767035 -0.005730346 0.999976516 17.205453873
0.999990523 -0.003116896 0.003051695 0.286349118 0.003096931 0.999973893 0.006525467 -0.618831754 -0.003071954 -0.006515954 0.999974072 17.668029785
0.999988973 -0.002595606 0.003910316 0.290133595 0.002569364 0.999974251 0.006701065 -0.618720353 -0.003927608 -0.006690944 0.999969959 18.124759674
0.999986112 -0.003964457 0.003468489 0.301594824 0.003941969 0.999971330 0.006466439 -0.644177198 -0.003494026 -0.006452678 0.999973059 18.634361267
0.999986947 -0.003437782 0.003777567 0.306710869 0.003413006 0.999972820 0.006545377 -0.652033448 -0.003799966 -0.006532400 0.999971390 19.088558197
0.999983907 -0.004346011 0.003618102 0.336786449 0.004321345 0.999967515 0.006797409 -0.667490602 -0.003647526 -0.006781666 0.999970317 19.581865311
0.999988675 -0.003101619 0.003596549 0.341326833 0.003075248 0.999968529 0.007314608 -0.683276713 -0.003619123 -0.007303466 0.999966741 20.074235916
0.999987125 -0.003497720 0.003681414 0.332216620 0.003470573 0.999966919 0.007354790 -0.702313900 -0.003707016 -0.007341918 0.999966204 20.560972214
0.999988019 -0.003506001 0.003445485 0.344915986 0.003480165 0.999966025 0.007476041 -0.716779828 -0.003471579 -0.007463960 0.999966145 21.057426453
0.999988794 -0.004191379 0.002214682 0.367758960 0.004175614 0.999966264 0.007075306 -0.727010369 -0.002244262 -0.007065979 0.999972522 21.582859039
0.999988437 -0.004500924 0.001661906 0.378369898 0.004488714 0.999963403 0.007278867 -0.741464674 -0.001694606 -0.007271323 0.999972165 22.101409912
0.999987006 -0.004689426 0.002001127 0.372122973 0.004675817 0.999966264 0.006751771 -0.734528244 -0.002032722 -0.006742326 0.999975204 22.506227493
0.999987662 -0.004797235 0.001327660 0.371970147 0.004787659 0.999963105 0.007124272 -0.750049710 -0.001361787 -0.007117827 0.999973714 23.022275925
0.999990582 -0.003881269 0.002010154 0.372002363 0.003867878 0.999970436 0.006624160 -0.754004478 -0.002035805 -0.006616322 0.999976039 23.570392609
0.999991596 -0.003943190 0.001153582 0.368944049 0.003935594 0.999971032 0.006514313 -0.769830108 -0.001179236 -0.006509718 0.999978065 24.107355118
0.999985516 -0.005326565 -0.000806444 0.401454955 0.005331593 0.999965489 0.006365261 -0.784665346 0.000772512 -0.006369468 0.999979436 24.594909668
0.999989927 -0.004379748 -0.001109419 0.410517186 0.004386694 0.999970317 0.006337919 -0.787651718 0.001081628 -0.006342721 0.999979317 25.149518967
0.999988794 -0.004369877 -0.001839112 0.413254291 0.004381146 0.999971390 0.006169016 -0.794865131 0.001812102 -0.006177003 0.999979317 25.699611664
0.999982893 -0.005463046 -0.002101013 0.415095121 0.005477127 0.999962211 0.006755274 -0.827289939 0.002064029 -0.006766665 0.999974966 26.173706055
0.999982178 -0.005480456 -0.002399532 0.425266266 0.005497481 0.999959350 0.007147137 -0.832340479 0.002360265 -0.007160201 0.999971569 26.724439621
0.999980092 -0.005505780 -0.003091617 0.433575511 0.005525963 0.999963224 0.006558116 -0.850258529 0.003055395 -0.006575069 0.999973714 27.290565491
0.999983609 -0.004714375 -0.003252901 0.444724619 0.004738420 0.999961138 0.007423970 -0.870886683 0.003217776 -0.007439261 0.999967158 27.800016403
0.999981999 -0.004843372 -0.003531484 0.449157059 0.004869356 0.999960840 0.007386773 -0.880417883 0.003495569 -0.007403836 0.999966502 28.355976105
0.999985516 -0.004049637 -0.003546659 0.449753523 0.004077306 0.999961078 0.007828993 -0.896421731 0.003514817 -0.007843342 0.999963105 28.901105881
0.999984801 -0.004132458 -0.003659191 0.450676918 0.004159921 0.999963045 0.007529770 -0.910292804 0.003627939 -0.007544877 0.999965012 29.494104385
0.999977171 -0.004856304 -0.004702245 0.455716729 0.004892233 0.999958694 0.007659792 -0.922672093 0.004664852 -0.007682621 0.999959588 29.924167633
0.999973655 -0.005466142 -0.004780329 0.472508609 0.005503478 0.999954224 0.007832373 -0.940642655 0.004737297 -0.007858476 0.999957919 30.466650009
0.999977052 -0.004514615 -0.005056716 0.469968021 0.004557361 0.999953687 0.008473985 -0.971406698 0.005018225 -0.008496835 0.999951243 30.991380692
0.999976277 -0.004422673 -0.005284335 0.482374430 0.004469947 0.999949813 0.008968323 -0.988627732 0.005244405 -0.008991731 0.999945819 31.529045105
0.999976456 -0.004572728 -0.005128101 0.495127678 0.004616302 0.999953032 0.008517693 -1.000130773 0.005088912 -0.008541165 0.999950588 32.089122772
0.999979377 -0.003693697 -0.005256992 0.496973157 0.003733379 0.999964416 0.007558578 -0.969699621 0.005228886 -0.007578050 0.999957621 32.619434357
0.999981463 -0.003321816 -0.005094694 0.451574355 0.003362497 0.999962330 0.007997156 -1.021856904 0.005067937 -0.008014139 0.999955058 33.104942322
0.999981463 -0.003435699 -0.005029645 0.446007162 0.003476944 0.999960244 0.008214774 -1.037830353 0.005001220 -0.008232110 0.999953568 33.668476105
0.999982595 -0.002897382 -0.005141036 0.462833464 0.002938220 0.999964058 0.007953689 -1.043763161 0.005117807 -0.007968658 0.999955177 34.221393585
0.999978244 -0.003906690 -0.005313052 0.456029534 0.003949881 0.999959052 0.008143243 -1.062774777 0.005281021 -0.008164054 0.999952734 34.761249542
0.999972403 -0.003979298 -0.006274064 0.477047384 0.004030149 0.999958992 0.008113298 -1.071758270 0.006241520 -0.008138360 0.999947429 35.280342102
0.999972403 -0.004118403 -0.006188071 0.472429633 0.004171554 0.999954343 0.008600883 -1.090642571 0.006152367 -0.008626459 0.999943912 35.835582733
0.999979079 -0.002526080 -0.005951720 0.471538872 0.002569960 0.999969482 0.007376658 -1.084833026 0.005932904 -0.007391801 0.999955118 36.384559631
0.999978542 -0.003011579 -0.005816553 0.476939350 0.003055593 0.999966681 0.007572950 -1.092355728 0.005793552 -0.007590562 0.999954402 36.901100159
0.999972284 -0.003715259 -0.006445887 0.494280815 0.003764409 0.999963820 0.007629709 -1.111598849 0.006417307 -0.007653763 0.999950111 37.459743500
0.999976635 -0.002589203 -0.006315358 0.508827806 0.002633616 0.999971747 0.007034496 -1.110255837 0.006296966 -0.007050964 0.999955356 38.014198303
0.999962568 -0.004822681 -0.007182908 0.493133694 0.004883707 0.999951899 0.008502849 -1.157549620 0.007141558 -0.008537610 0.999938071 38.476379395
0.999964237 -0.004197705 -0.007335178 0.503814816 0.004256126 0.999959230 0.007967143 -1.164079309 0.007301436 -0.007998078 0.999941349 39.002956390
0.999957442 -0.005350732 -0.007509652 0.519162178 0.005422689 0.999939263 0.009594552 -1.214135170 0.007457859 -0.009634867 0.999925792 39.570861816
0.999949992 -0.005567115 -0.008300380 0.543309152 0.005636177 0.999949455 0.008320319 -1.206749797 0.008253640 -0.008366684 0.999930918 40.163681030
0.999959290 -0.004604859 -0.007746692 0.534730911 0.004661208 0.999962687 0.007271886 -1.191200733 0.007712918 -0.007307700 0.999943554 40.680606842
0.999965727 -0.003475996 -0.007512787 0.543975115 0.003529088 0.999968767 0.007065360 -1.194607973 0.007487993 -0.007091630 0.999946773 41.224708557
0.999950409 -0.005234679 -0.008467650 0.565546274 0.005311508 0.999944746 0.009076431 -1.256590843 0.008419670 -0.009120957 0.999922931 41.838626862
0.999950111 -0.005595413 -0.008267492 0.551823735 0.005668865 0.999944389 0.008887871 -1.253101230 0.008217302 -0.008934296 0.999926329 42.352500916
0.999948740 -0.006245662 -0.007976528 0.530106604 0.006315089 0.999942124 0.008708626 -1.243890643 0.007921676 -0.008758551 0.999930263 42.856681824
0.999954104 -0.005370787 -0.007950651 0.517177939 0.005442416 0.999944508 0.009014959 -1.283729315 0.007901795 -0.009057815 0.999927700 43.323059082
0.999954104 -0.005433797 -0.007894920 0.517654181 0.005508216 0.999940276 0.009435141 -1.300768375 0.007843181 -0.009478195 0.999924302 43.856750488
0.999951601 -0.005770614 -0.007972411 0.530856371 0.005842556 0.999942183 0.009030097 -1.298336029 0.007919841 -0.009076239 0.999927461 44.413265228
0.999956906 -0.004440182 -0.008153534 0.555200577 0.004502954 0.999960244 0.007696593 -1.282612801 0.008119037 -0.007732976 0.999937117 44.969547272
0.999945879 -0.005961167 -0.008531773 0.574808478 0.006031699 0.999947727 0.008265210 -1.295647264 0.008482055 -0.008316224 0.999929428 45.507678986
0.999948859 -0.005878191 -0.008226981 0.550322771 0.005950466 0.999943614 0.008788371 -1.342841625 0.008174860 -0.008836876 0.999927521 45.985656738
0.999949872 -0.005757427 -0.008191056 0.549213648 0.005833033 0.999940336 0.009236575 -1.359184980 0.008137388 -0.009283891 0.999923825 46.533130646
0.999943674 -0.006138433 -0.008660115 0.557334304 0.006220146 0.999936044 0.009440485 -1.368128419 0.008601612 -0.009493820 0.999917924 47.085563660
0.999953747 -0.005780795 -0.007675294 0.535967827 0.005853705 0.999937654 0.009511177 -1.389667034 0.007619834 -0.009555668 0.999925315 47.591312408
0.999958158 -0.004982200 -0.007670524 0.547618270 0.005047502 0.999950945 0.008517738 -1.374708056 0.007627711 -0.008556097 0.999934316 48.095863342
0.999947250 -0.006190475 -0.008198983 0.547534943 0.006264725 0.999939322 0.009061526 -1.408911705 0.008142390 -0.009112412 0.999925315 48.599498749
0.999946535 -0.006253253 -0.008239632 0.558906019 0.006322790 0.999944329 0.008440416 -1.413764477 0.008186394 -0.008492062 0.999930441 49.150466919
0.999936104 -0.007098690 -0.008795771 0.576868594 0.007170739 0.999940753 0.008187062 -1.423682809 0.008737131 -0.008249612 0.999927759 49.695701599
0.999951899 -0.005435831 -0.008172536 0.578992724 0.005498437 0.999955535 0.007657747 -1.421988606 0.008130546 -0.007702314 0.999937236 50.267696381
0.999944627 -0.005863692 -0.008739564 0.579397678 0.005946833 0.999936998 0.009517870 -1.453215837 0.008683203 -0.009569315 0.999916494 50.636329651
0.999946475 -0.005524715 -0.008742959 0.575085759 0.005608341 0.999938488 0.009569535 -1.461600304 0.008689553 -0.009618056 0.999915957 51.179702759
0.999939859 -0.006257302 -0.009014934 0.586409032 0.006337272 0.999940515 0.008869695 -1.470921040 0.008958898 -0.008926289 0.999920011 51.742347717
0.999947667 -0.005945586 -0.008331520 0.595462561 0.006024261 0.999937177 0.009450012 -1.475646377 0.008274811 -0.009499708 0.999920666 52.269878387
0.999949396 -0.005561168 -0.008382095 0.593395829 0.005640362 0.999939322 0.009454085 -1.489621639 0.008329011 -0.009500884 0.999920130 52.704761505
0.999958754 -0.004770900 -0.007733967 0.597517669 0.004848332 0.999937892 0.010024354 -1.505421877 0.007685662 -0.010061437 0.999919891 53.232379913
0.999953091 -0.005191240 -0.008177961 0.587864876 0.005267109 0.999942958 0.009283285 -1.507763386 0.008129302 -0.009325924 0.999923527 53.756092072
0.999945641 -0.005555846 -0.008824328 0.633059502 0.005627012 0.999951661 0.008060475 -1.506652236 0.008779118 -0.008109690 0.999928653 54.344837189
0.999953806 -0.004546411 -0.008466664 0.627502680 0.004614733 0.999956787 0.008067476 -1.500388265 0.008429620 -0.008106177 0.999931633 54.875560760
0.999946713 -0.005275961 -0.008871760 0.636160374 0.005350349 0.999950528 0.008382040 -1.514556766 0.008827099 -0.008429062 0.999925554 55.305664062
0.999959409 -0.004838759 -0.007602035 0.575043321 0.004915876 0.999936342 0.010158455 -1.582104802 0.007552399 -0.010195413 0.999919534 55.707195282
0.999962032 -0.004844644 -0.007247659 0.578555703 0.004914168 0.999941826 0.009605798 -1.580116272 0.007200702 -0.009641052 0.999927580 56.238052368
0.999962449 -0.004670034 -0.007291026 0.592999816 0.004740904 0.999941409 0.009733299 -1.599532247 0.007245144 -0.009767500 0.999926090 56.828670502
0.999958873 -0.005216082 -0.007427762 0.591627836 0.005287702 0.999939442 0.009655447 -1.609961390 0.007376950 -0.009694326 0.999925792 57.378471375
0.999963522 -0.004704528 -0.007118768 0.608812988 0.004770668 0.999945402 0.009302681 -1.602147102 0.007074614 -0.009336305 0.999931455 57.916652679
0.999967635 -0.004836584 -0.006424159 0.558892608 0.004891468 0.999951482 0.008555305 -1.613047004 0.006382469 -0.008586452 0.999942780 58.354743958
0.999965668 -0.004929549 -0.006655152 0.625488639 0.004989447 0.999946952 0.009013908 -1.625777006 0.006610365 -0.009046805 0.999937296 58.908588409
0.999946713 -0.006386056 -0.008114581 0.600868225 0.006473563 0.999920666 0.010803765 -1.650804520 0.008044943 -0.010855717 0.999908686 59.262691498
0.999941349 -0.006761620 -0.008463335 0.614579320 0.006848115 0.999924183 0.010233071 -1.660367370 0.008393499 -0.010290428 0.999911785 59.817489624
0.999934077 -0.006788984 -0.009263996 0.672278106 0.006885834 0.999921560 0.010462888 -1.687552691 0.009192235 -0.010525988 0.999902248 60.306465149
0.999940813 -0.006297830 -0.008873848 0.681164086 0.006389811 0.999925792 0.010375299 -1.695502281 0.008807846 -0.010431388 0.999906719 60.821895599
0.999941111 -0.006987975 -0.008295960 0.668483257 0.007060209 0.999937057 0.008709943 -1.654976249 0.008234572 -0.008768002 0.999927580 61.313793182
0.999945819 -0.006631859 -0.008033656 0.636315227 0.006705294 0.999935627 0.009148718 -1.663576365 0.007972465 -0.009202088 0.999925852 61.832817078
0.999951482 -0.006140184 -0.007699658 0.603212953 0.006229098 0.999913573 0.011577550 -1.730840921 0.007627903 -0.011624951 0.999903321 62.320735931
0.999958813 -0.005391662 -0.007296670 0.605782866 0.005473166 0.999922335 0.011196666 -1.734809160 0.007235735 -0.011236142 0.999910653 62.876079559
0.999948323 -0.006174842 -0.008072998 0.613760710 0.006262368 0.999921381 0.010861767 -1.743938208 0.008005294 -0.010911761 0.999908388 63.416828156
0.999948025 -0.006010227 -0.008242049 0.623115242 0.006100982 0.999920547 0.011030602 -1.764990807 0.008175098 -0.011080313 0.999905169 63.939990997
0.999942958 -0.006997598 -0.008073419 0.611873984 0.007091931 0.999906182 0.011715365 -1.790753961 0.007990682 -0.011771951 0.999898732 64.457229614
0.999943435 -0.007006111 -0.008002751 0.607263267 0.007101031 0.999903977 0.011894821 -1.777059078 0.007918646 -0.011950977 0.999897242 64.851997375
0.999944508 -0.007189751 -0.007706061 0.605472624 0.007276272 0.999910057 0.011259014 -1.784603357 0.007624417 -0.011314459 0.999906957 65.402671814
0.999943078 -0.006491935 -0.008460760 0.622754276 0.006589975 0.999910891 0.011611789 -1.804141879 0.008384622 -0.011666886 0.999896765 65.927047729
0.999946415 -0.006722651 -0.007876236 0.613207042 0.006814078 0.999908984 0.011639309 -1.810518026 0.007797271 -0.011692354 0.999901235 66.402099609
0.999942124 -0.007197160 -0.007993333 0.615055084 0.007287844 0.999908686 0.011374443 -1.811149836 0.007910738 -0.011432038 0.999903381 66.886070251
0.999948859 -0.006489311 -0.007744547 0.600989103 0.006578045 0.999912322 0.011487673 -1.829300880 0.007669322 -0.011538030 0.999904037 67.441345215
0.999951363 -0.005949276 -0.007872638 0.631391227 0.006038632 0.999917090 0.011375604 -1.842836380 0.007804308 -0.011422591 0.999904275 67.928070068
0.999929249 -0.008276799 -0.008537756 0.645126820 0.008372167 0.999902308 0.011195709 -1.834992170 0.008444258 -0.011266395 0.999900877 68.484649658
0.999954879 -0.005776478 -0.007545015 0.646807373 0.005857797 0.999924541 0.010800518 -1.851006031 0.007482057 -0.010844230 0.999913275 68.973609924
0.999946296 -0.006404243 -0.008145547 0.673136592 0.006504957 0.999902070 0.012398649 -1.875268221 0.008065345 -0.012450974 0.999889910 69.374015808
0.999942720 -0.007186508 -0.007925887 0.682373106 0.007286796 0.999892771 0.012697776 -1.885419130 0.007833784 -0.012754804 0.999887943 69.882026672
0.999939382 -0.007231632 -0.008296835 0.698879182 0.007332456 0.999898851 0.012186741 -1.899886608 0.008207863 -0.012246837 0.999891341 70.401046753
0.999966979 -0.002641103 -0.007685577 0.746036530 0.002739657 0.999913752 0.012841115 -1.949637771 0.007650999 -0.012861746 0.999888003 70.853309631
0.999933660 -0.006579046 -0.009451555 0.787971139 0.006697159 0.999899209 0.012519995 -1.936108112 0.009368232 -0.012582461 0.999876976 71.423530579
0.999933302 -0.006773158 -0.009360118 0.769788980 0.006885449 0.999904096 0.012017181 -1.927598596 0.009277823 -0.012080826 0.999884009 72.024116516
0.999918640 -0.008441627 -0.009559464 0.797146082 0.008555971 0.999891639 0.011984290 -1.946316361 0.009457259 -0.012065106 0.999882519 72.401939392
0.999936402 -0.007419989 -0.008490806 0.766328216 0.007524334 0.999895751 0.012324037 -1.947508216 0.008398475 -0.012387141 0.999888003 72.859466553
0.999927700 -0.007971173 -0.009002567 0.768896043 0.008089907 0.999879718 0.013230408 -1.968050003 0.008896021 -0.013302281 0.999871910 73.381347656
0.999911726 -0.009346531 -0.009440709 0.807467222 0.009467882 0.999872029 0.012892104 -1.974907517 0.009319004 -0.012980350 0.999872327 73.900260925
0.999938130 -0.007633477 -0.008099560 0.762506902 0.007731400 0.999896526 0.012128380 -1.968050718 0.008006142 -0.012190251 0.999893665 74.519134521
0.999908745 -0.009892878 -0.009196233 0.797874749 0.010001950 0.999879241 0.011891294 -1.983739853 0.009077485 -0.011982190 0.999887049 74.987274170
0.999922872 -0.008113705 -0.009398769 0.808469176 0.008237255 0.999879122 0.013182089 -2.002695322 0.009290676 -0.013258493 0.999868870 75.435913086
0.999921978 -0.008052799 -0.009552455 0.816618383 0.008170427 0.999890447 0.012339373 -2.005090475 0.009452042 -0.012416456 0.999878228 75.993247986
0.999905288 -0.009522853 -0.009938998 0.835480094 0.009648490 0.999873161 0.012670248 -2.017910719 0.009817082 -0.012764944 0.999870300 76.515586853
0.999903858 -0.009534128 -0.010065078 0.838902593 0.009668370 0.999863803 0.013374046 -2.019498825 0.009936197 -0.013470073 0.999859869 77.027687073
0.999928772 -0.007457980 -0.009317358 0.821889639 0.007580349 0.999884546 0.013167745 -2.040044308 0.009218078 -0.013237435 0.999869883 77.545211792
0.999939024 -0.007394644 -0.008205939 0.835357308 0.007503718 0.999882817 0.013341888 -2.047194004 0.008106321 -0.013402648 0.999877274 78.077995300
0.999956250 -0.006462493 -0.006757775 0.839778543 0.006552741 0.999888480 0.013418869 -2.064272404 0.006670304 -0.013462564 0.999887168 78.648040771
0.999958098 -0.007460750 -0.005305105 0.845578015 0.007528567 0.999888659 0.012880293 -2.051343441 0.005208418 -0.012919694 0.999902964 79.155975342
0.999964237 -0.007274595 -0.004309570 0.849136114 0.007330450 0.999887407 0.013089948 -2.061462402 0.004213861 -0.013121072 0.999904990 79.709114075
0.999974430 -0.007058906 -0.001184619 0.843662441 0.007074918 0.999875486 0.014105192 -2.102861881 0.001084904 -0.014113212 0.999899805 80.210922241
0.999977291 -0.006424462 0.002015733 0.872869015 0.006395199 0.999878645 0.014202692 -2.120877504 -0.002106734 -0.014189479 0.999897063 80.798377991
0.999962151 -0.006907538 0.005292668 0.892243505 0.006835299 0.999884844 0.013547193 -2.108560801 -0.005385637 -0.013510504 0.999894142 81.217773438
0.999929547 -0.006856171 0.009701096 0.919678688 0.006724663 0.999885917 0.013524306 -2.124389172 -0.009792712 -0.013458115 0.999861419 81.771476746
0.999856770 -0.005940130 0.015849724 0.935876012 0.005720766 0.999887705 0.013849875 -2.127942085 -0.015930215 -0.013757219 0.999778390 82.307708740
0.999766171 -0.006194819 0.020719575 0.989137948 0.005904222 0.999883711 0.014057061 -2.149318218 -0.020804245 -0.013931439 0.999686480 82.770866394
0.999611199 -0.005760909 0.027279746 1.007763982 0.005368703 0.999881506 0.014428665 -2.174954414 -0.027359635 -0.014276598 0.999523699 83.289428711
0.999332845 -0.006372572 0.035961200 0.994984388 0.005853630 0.999877453 0.014517490 -2.157852173 -0.036049310 -0.014297303 0.999247730 83.876068115
0.999051452 -0.006193188 0.043102816 1.065756798 0.005566919 0.999877393 0.014634547 -2.176830530 -0.043188177 -0.014380716 0.998963416 84.366462708
0.998665035 -0.005956657 0.051308379 1.087132215 0.005191950 0.999873519 0.015024538 -2.178163528 -0.051391393 -0.014738090 0.998569787 84.940315247
0.998208821 -0.007408267 0.059364595 1.138395548 0.006583302 0.999879122 0.014080139 -2.176859379 -0.059461728 -0.013664105 0.998137057 85.540222168
0.997497261 -0.005648477 0.070478648 1.194066048 0.004616213 0.999879777 0.014800776 -2.202176571 -0.070553795 -0.014438387 0.997403502 86.080078125
0.996844649 -0.006736971 0.079089127 1.230740070 0.005572843 0.999872923 0.014930697 -2.198046207 -0.079179682 -0.014442836 0.996755719 86.621749878
0.996138096 -0.007545795 0.087475374 1.282640934 0.006283104 0.999872148 0.014701184 -2.217818260 -0.087575108 -0.014094793 0.996058226 87.147193909
0.995120645 -0.007229863 0.098400071 1.355786324 0.005757049 0.999867201 0.015243337 -2.223599195 -0.098497204 -0.014602463 0.995030224 87.704101562
0.993967950 -0.005829634 0.109515712 1.420944214 0.004172909 0.999873400 0.015350849 -2.224428177 -0.109591343 -0.014801252 0.993866563 88.271080017
0.992818475 -0.004733306 0.119537383 1.491807938 0.002813255 0.999864399 0.016225995 -2.229841232 -0.119597971 -0.015773179 0.992697120 88.862991333
0.991514444 -0.004902821 0.129903406 1.597181320 0.002782772 0.999860048 0.016496688 -2.246034861 -0.129966110 -0.015995216 0.991389394 89.357284546
0.989925444 -0.005908552 0.141465843 1.709933281 0.003737615 0.999871135 0.015606813 -2.257043362 -0.141539827 -0.014920834 0.989820123 89.911888123
0.988083065 -0.003232990 0.153887779 1.787978172 0.000801620 0.999873877 0.015859056 -2.241530895 -0.153919637 -0.015546706 0.987961054 90.415603638
0.986560464 -0.004033073 0.163346797 1.843832970 0.001299293 0.999857366 0.016839430 -2.252832890 -0.163391411 -0.016400877 0.986424983 90.942626953
0.984419703 -0.003999760 0.175788805 1.959563255 0.000996573 0.999852121 0.017169027 -2.261886120 -0.175831497 -0.016726341 0.984278142 91.478782654
0.982288659 -0.005195913 0.187301666 2.099753380 0.002023159 0.999851286 0.017126456 -2.272598267 -0.187362805 -0.016444184 0.982153058 92.010353088
0.979973674 -0.004057553 0.199085951 2.233730316 0.000603826 0.999848306 0.017405566 -2.283349037 -0.199126363 -0.016936783 0.979827464 92.581428528
0.977296710 -0.004933605 0.211817652 2.404968262 0.001145285 0.999837279 0.018003779 -2.307087898 -0.211871997 -0.017352445 0.977143347 93.086990356
0.974014819 -0.002861330 0.226466358 2.515792847 -0.001234690 0.999838233 0.017942946 -2.299155235 -0.226481050 -0.017756313 0.973853707 93.701835632
0.971998274 -0.006825569 0.234888643 2.723583221 0.002556677 0.999826074 0.018473841 -2.396259785 -0.234973907 -0.017356008 0.971846700 94.011459351
0.968106627 -0.004388846 0.250500202 2.724233627 -0.000291734 0.999826133 0.018644745 -2.374910831 -0.250538468 -0.018123183 0.967936993 94.645729065
0.964403868 -0.004678987 0.264392048 2.886137009 -0.000123372 0.999835372 0.018144254 -2.370638847 -0.264433384 -0.017531011 0.964244604 95.167922974
0.960630774 -0.003863740 0.277801454 3.056404114 -0.001275453 0.999831498 0.018316416 -2.376887560 -0.277825385 -0.017949637 0.960463881 95.697837830
0.957189441 -0.004335729 0.289429694 3.240755081 -0.001411741 0.999806046 0.019646194 -2.404061556 -0.289458692 -0.019213729 0.956997573 96.231651306
0.952836394 -0.003217761 0.303467840 3.436531067 -0.002973049 0.999796867 0.019936008 -2.421286583 -0.303470343 -0.019897977 0.952633142 96.740203857
0.948977292 -0.005388480 0.315298736 3.643352509 -0.000938557 0.999801338 0.019911528 -2.422530651 -0.315343350 -0.019191509 0.948783576 97.202888489
0.944701672 -0.006119619 0.327874035 3.834138870 -0.000074612 0.999821901 0.018876195 -2.414370537 -0.327931166 -0.017856833 0.944532871 97.742813110
0.940173864 -0.004501758 0.340665519 4.050003052 -0.002189914 0.999812245 0.019255873 -2.428580284 -0.340688229 -0.018849896 0.939987361 98.284622192
0.935092688 -0.004420984 0.354376107 4.294359207 -0.002624991 0.999808431 0.019399580 -2.459322929 -0.354393929 -0.019070635 0.934901774 98.761711121
0.930148900 -0.005002162 0.367148459 4.486154556 -0.001856225 0.999830484 0.018324684 -2.360638380 -0.367177814 -0.017726194 0.929981768 99.518630981
0.925323725 -0.005114539 0.379143655 4.716321945 -0.002103204 0.999824464 0.018620349 -2.370839119 -0.379172266 -0.018027265 0.925150454 100.021385193
0.919721782 -0.005830276 0.392527312 4.971118927 -0.001785623 0.999817252 0.019034307 -2.380599499 -0.392566562 -0.018207176 0.919543326 100.537597656
0.913918674 -0.007629666 0.405825496 5.225284576 0.000664553 0.999850094 0.017300975 -2.362452984 -0.405896664 -0.015541988 0.913786769 101.091575623
0.908454239 -0.005511737 0.417947859 5.437408447 -0.002042870 0.999842584 0.017625939 -2.349340439 -0.417979240 -0.016866168 0.908299923 101.645744324
0.902349770 -0.004911312 0.430976331 5.671455383 -0.003222633 0.999830246 0.018141182 -2.345734358 -0.430992335 -0.017758569 0.902180791 102.184852600
0.896158159 -0.004910388 0.443707645 5.877059937 -0.003749523 0.999819279 0.018637650 -2.398869991 -0.443718940 -0.018365974 0.895977676 102.489501953
0.890377343 -0.006502347 0.455176860 6.151611328 -0.002431691 0.999815822 0.019039350 -2.408204079 -0.455216765 -0.018059058 0.890197456 102.963180542
0.884684026 -0.006815198 0.466141433 6.423965454 -0.002294452 0.999817431 0.018972395 -2.414559364 -0.466185600 -0.017854111 0.884506762 103.436965942
0.877200782 -0.006577972 0.480078697 6.698139191 -0.002686740 0.999823332 0.018608656 -2.413295269 -0.480116278 -0.017613372 0.877028048 103.914672852
0.869788826 -0.007378418 0.493369102 6.974678040 -0.001824456 0.999833286 0.018169111 -2.424315691 -0.493420929 -0.016703418 0.869630218 104.367828369
