1.000000000 0.000000000 0.000000000 0.000000000 0.000000000 1.000000000 0.000000000 0.000000000 0.000000000 0.000000000 1.000000000 0.000000000
1.000000000 0.000090830 0.000095789 -0.000858137 -0.000090840 1.000000000 0.000112114 -0.000113893 -0.000095779 -0.000112123 1.000000000 0.000355294
1.000000000 0.000050449 0.000134177 -0.001570922 -0.000050450 1.000000000 0.000005719 0.000290611 -0.000134177 -0.000005725 1.000000000 0.000246181
1.000000000 0.000018994 0.000041573 -0.000631597 -0.000018997 1.000000000 0.000064389 -0.000825041 -0.000041572 -0.000064390 1.000000000 -0.000723062
1.000000000 0.000087244 0.000169362 -0.001972491 -0.000087259 1.000000000 0.000086267 -0.000589153 -0.000169354 -0.000086282 1.000000000 -0.000699772
1.000000000 -0.000114364 -0.000014054 0.000119029 0.000114363 1.000000000 -0.000030643 0.000382348 0.000014057 0.000030641 1.000000000 -0.000272837
1.000000000 0.000063290 0.000125113 -0.001838608 -0.000063298 1.000000000 0.000064952 -0.000366469 -0.000125109 -0.000064960 1.000000000 -0.000356127
1.000000000 0.000056756 0.000087355 -0.001554596 -0.000056753 1.000000000 -0.000033323 -0.000080869 -0.000087357 0.000033318 1.000000000 -0.000638503
1.000000000 0.000081274 0.000153053 -0.001395472 -0.000081276 1.000000000 0.000013315 -0.000855355 -0.000153052 -0.000013327 1.000000000 -0.000711223
1.000000000 0.000128854 0.000145099 -0.001890211 -0.000128872 1.000000000 0.000121183 -0.000707192 -0.000145083 -0.000121202 1.000000000 0.000583710
1.000000000 0.000083292 0.000142242 -0.001559977 -0.000083301 1.000000000 0.000069252 -0.000576050 -0.000142236 -0.000069264 1.000000000 -0.000034676
1.000000000 0.000135781 0.000161976 -0.001609796 -0.000135786 1.000000000 0.000026422 -0.000972058 -0.000161972 -0.000026444 1.000000000 -0.000939988
1.000000000 0.000073618 0.000144898 -0.001098889 -0.000073624 1.000000000 0.000038641 0.000256975 -0.000144895 -0.000038652 1.000000000 0.000210810
1.000000000 0.000154409 0.000118306 -0.001607855 -0.000154398 1.000000000 -0.000097458 0.000869673 -0.000118322 0.000097439 1.000000000 0.000619851
1.000000000 0.000099264 0.000115743 -0.001558747 -0.000099269 1.000000000 0.000045693 -0.000187774 -0.000115738 -0.000045704 1.000000000 -0.000084860
0.999999940 0.000262770 0.000191419 -0.002236232 -0.000262758 0.999999940 -0.000063377 0.001487714 -0.000191436 0.000063327 1.000000000 0.001346827
0.999999940 0.000356588 0.000206816 -0.002668869 -0.000356579 0.999999940 -0.000043239 0.001022685 -0.000206831 0.000043166 1.000000000 0.001877974
0.999999940 0.000251823 0.000257428 -0.002370022 -0.000251822 0.999999940 -0.000003440 0.001436405 -0.000257429 0.000003375 0.999999940 0.002238483
0.999999940 0.000211612 0.000272517 -0.002433279 -0.000211594 1.000000000 -0.000064769 0.000546980 -0.000272531 0.000064711 0.999999940 0.000863106
0.999999940 0.000214464 0.000219776 -0.002553666 -0.000214480 1.000000000 0.000071226 -0.000119904 -0.000219760 -0.000071273 1.000000000 0.001672294
0.999999940 0.000302608 0.000170743 -0.001941097 -0.000302602 0.999999940 -0.000031906 0.001304304 -0.000170753 0.000031854 1.000000000 0.001595158
0.999999940 0.000271433 0.000185680 -0.002483712 -0.000271427 0.999999940 -0.000033087 0.000462074 -0.000185689 0.000033036 1.000000000 0.001720287
1.000000000 0.000157323 0.000174815 -0.002265258 -0.000157333 1.000000000 0.000060168 0.000112941 -0.000174806 -0.000060195 1.000000000 0.000921175
0.999999881 0.000394429 0.000197133 -0.002561805 -0.000394429 0.999999940 0.000004476 0.001393199 -0.000197132 -0.000004554 1.000000000 0.003047587
0.999999940 0.000296722 0.000243646 -0.002122988 -0.000296729 0.999999940 0.000027528 0.001326019 -0.000243638 -0.000027600 0.999999940 0.001974944
0.999999940 0.000217597 0.000209114 -0.001451507 -0.000217589 1.000000000 -0.000042051 0.002068121 -0.000209123 0.000042006 1.000000000 0.003092546
0.999999940 0.000323103 0.000238687 -0.002340489 -0.000323115 0.999999940 0.000050509 0.001177061 -0.000238671 -0.000050586 1.000000000 0.002308598
0.999999940 0.000336745 0.000116059 -0.002166870 -0.000336733 0.999999940 -0.000104750 0.001869980 -0.000116095 0.000104711 1.000000000 0.001010144
0.999999940 0.000322305 0.000129961 -0.001972475 -0.000322294 0.999999940 -0.000089778 0.001505081 -0.000129990 0.000089736 1.000000000 0.000816292
0.999999881 0.000344377 0.000262744 -0.002496915 -0.000344372 0.999999940 -0.000015537 0.000224018 -0.000262750 0.000015446 0.999999940 0.001006575
0.999999940 0.000205520 0.000288744 -0.002922779 -0.000205535 1.000000000 0.000050330 0.000131256 -0.000288734 -0.000050389 0.999999940 0.001857487
0.999999940 0.000314087 0.000186942 -0.001997216 -0.000314075 0.999999940 -0.000062174 0.001518742 -0.000186962 0.000062115 1.000000000 0.002426055
0.999999881 0.000414000 0.000244449 -0.002179608 -0.000414003 0.999999940 0.000009886 0.000014702 -0.000244445 -0.000009987 0.999999940 -0.000064245
0.999999881 0.000388959 0.000299143 -0.003176497 -0.000388962 0.999999940 0.000008241 0.000670942 -0.000299139 -0.000008358 0.999999940 0.002331499
0.999999881 0.000375439 0.000236931 -0.001701305 -0.000375424 0.999999940 -0.000065827 0.000301999 -0.000236955 0.000065738 0.999999940 0.001043548
0.999999940 0.000326194 0.000217557 -0.003335352 -0.000326196 0.999999940 0.000012192 0.000703557 -0.000217553 -0.000012263 1.000000000 0.000796468
0.999999881 0.000410546 0.000208976 -0.002721114 -0.000410528 0.999999940 -0.000083259 0.002248709 -0.000209010 0.000083173 1.000000000 0.001361727
0.999999881 0.000401806 0.000305102 -0.003378267 -0.000401810 0.999999940 0.000011931 0.000872657 -0.000305097 -0.000012054 0.999999940 0.001882519
0.999999881 0.000386220 0.000184238 -0.001109167 -0.000386225 0.999999940 0.000024221 0.000700761 -0.000184229 -0.000024292 1.000000000 -0.000143830
0.999999940 0.000247359 0.000187291 -0.001720365 -0.000247346 0.999999940 -0.000071355 0.000467634 -0.000187308 0.000071309 1.000000000 0.000027948
0.999999940 0.000608170 0.000076686 -0.000970854 -0.000608124 0.999999642 -0.000605401 -0.002237516 -0.000077054 0.000605354 0.999999821 0.049721919
1.000000000 0.000462989 0.000074377 0.000427778 -0.000462901 0.999999166 -0.001177175 -0.003997138 -0.000074921 0.001177140 0.999999285 0.140459523
0.999999583 0.000802465 0.000436360 0.001357272 -0.000801932 0.999999046 -0.001220064 -0.008083744 -0.000437339 0.001219714 0.999999166 0.255224049
0.999999523 0.000858548 0.000496366 0.004279696 -0.000857956 0.999998927 -0.001191686 -0.011112531 -0.000497389 0.001191260 0.999999166 0.387194932
0.999999583 0.000857615 0.000366377 0.006498759 -0.000857268 0.999999166 -0.000947333 -0.014713381 -0.000367189 0.000947018 0.999999464 0.531591356
0.999999821 0.000620403 0.000474087 0.010653500 -0.000620083 0.999999583 -0.000675077 -0.021490725 -0.000474506 0.000674782 0.999999642 0.685573637
0.999999821 0.000377343 0.000425038 0.016784677 -0.000377159 0.999999881 -0.000433244 -0.025598357 -0.000425202 0.000433084 0.999999762 0.846684992
0.999999702 0.000568299 0.000537290 0.017911706 -0.000567942 0.999999642 -0.000664328 -0.026098026 -0.000537667 0.000664023 0.999999642 1.023192167
0.999999583 0.000774603 0.000514191 0.022328258 -0.000774361 0.999999642 -0.000471070 -0.031309403 -0.000514555 0.000470672 0.999999762 1.197848558
0.999999225 0.000995965 0.000680621 0.024139738 -0.000995898 0.999999523 -0.000098830 -0.040450688 -0.000680719 0.000098152 0.999999762 1.377066493
0.999999225 0.001120064 0.000528509 0.028126419 -0.001119949 0.999999404 -0.000218227 -0.042763423 -0.000528753 0.000217635 0.999999881 1.570570946
0.999999702 0.000479918 0.000639300 0.032058194 -0.000480090 0.999999821 0.000269320 -0.051583119 -0.000639170 -0.000269627 0.999999762 1.770559907
0.999999464 0.000683224 0.000769530 0.033525825 -0.000683720 0.999999702 0.000644016 -0.060966779 -0.000769089 -0.000644542 0.999999523 1.962027431
0.999999702 0.000451894 0.000537194 0.042050432 -0.000452178 0.999999762 0.000527301 -0.067584045 -0.000536956 -0.000527544 0.999999702 2.176264763
0.999999523 0.000492713 0.000764443 0.043106720 -0.000493098 0.999999702 0.000503532 -0.071196795 -0.000764195 -0.000503909 0.999999583 2.394391775
0.999999344 0.000825007 0.000864623 0.046951808 -0.000825415 0.999999523 0.000472554 -0.075937577 -0.000864232 -0.000473268 0.999999523 2.619783401
0.999999464 0.000472927 0.000898564 0.052898034 -0.000473377 0.999999702 0.000499735 -0.084013216 -0.000898327 -0.000500160 0.999999404 2.836719751
0.999999404 0.000432108 0.000879762 0.057457730 -0.000432611 0.999999642 0.000572567 -0.088624321 -0.000879514 -0.000572947 0.999999404 3.076462269
0.999999166 0.000920617 0.000859729 0.063475758 -0.000921186 0.999999344 0.000661228 -0.095723435 -0.000859120 -0.000662019 0.999999404 3.321270943
0.999999523 0.000412094 0.000846616 0.070764817 -0.000412653 0.999999702 0.000660513 -0.103054658 -0.000846343 -0.000660862 0.999999404 3.572500467
0.999999523 0.000656459 0.000809340 0.074718446 -0.000656827 0.999999702 0.000454587 -0.108605161 -0.000809041 -0.000455119 0.999999523 3.830899954
0.999999344 0.000777053 0.000863930 0.078214109 -0.000777681 0.999999404 0.000726493 -0.116364084 -0.000863364 -0.000727164 0.999999344 4.083652973
0.999999344 0.000830457 0.000761836 0.085840032 -0.000831105 0.999999225 0.000851163 -0.120670184 -0.000761128 -0.000851796 0.999999344 4.344679832
0.999999285 0.000753806 0.000935598 0.087452352 -0.000754385 0.999999464 0.000618612 -0.127472028 -0.000935132 -0.000619318 0.999999344 4.600605011
0.999998450 0.001094887 0.001390832 0.088597752 -0.001096147 0.999998987 0.000905386 -0.137756363 -0.001389839 -0.000906909 0.999998629 4.856069565
0.999998450 0.001200443 0.001301564 0.094557405 -0.001201800 0.999998689 0.001042268 -0.144523621 -0.001300311 -0.001043830 0.999998629 5.116718769
0.999998748 0.000913354 0.001264671 0.100084111 -0.000914540 0.999999106 0.000937809 -0.154625237 -0.001263813 -0.000938964 0.999998748 5.372088432
0.999998689 0.000907846 0.001309673 0.102407597 -0.000909492 0.999998748 0.001256796 -0.165764526 -0.001308531 -0.001257986 0.999998331 5.641185760
0.999998391 0.000994392 0.001482996 0.102056578 -0.000996076 0.999998868 0.001135366 -0.173136950 -0.001481865 -0.001136842 0.999998271 5.909540176
0.999997795 0.001357834 0.001571116 0.107156038 -0.001359516 0.999998510 0.001069709 -0.181938499 -0.001569661 -0.001071843 0.999998212 6.191485882
0.999998093 0.000947781 0.001670229 0.119069695 -0.000949453 0.999999046 0.001000888 -0.184276164 -0.001669278 -0.001002472 0.999998093 6.485042572
0.999998093 0.001215341 0.001540926 0.121537857 -0.001217072 0.999998689 0.001122679 -0.192788348 -0.001539559 -0.001124552 0.999998152 6.776456356
0.999998152 0.001074961 0.001577959 0.132210076 -0.001076413 0.999998987 0.000919680 -0.201696828 -0.001576969 -0.000921377 0.999998331 7.076128483
0.999997735 0.001275958 0.001666654 0.137583792 -0.001277967 0.999998450 0.001205386 -0.213682294 -0.001665113 -0.001207513 0.999997914 7.375944614
0.999997795 0.001199184 0.001743127 0.143247858 -0.001201307 0.999998569 0.001216895 -0.223492920 -0.001741665 -0.001218987 0.999997795 7.683568001
0.999997377 0.001182426 0.001953268 0.145558029 -0.001184469 0.999998748 0.001045129 -0.229722232 -0.001952030 -0.001047440 0.999997556 8.011108398
0.999996543 0.001610946 0.002049782 0.149840847 -0.001613108 0.999998093 0.001053710 -0.237945482 -0.002048080 -0.001057013 0.999997377 8.330697060
0.999996364 0.001614651 0.002136044 0.158102974 -0.001616947 0.999998152 0.001073290 -0.248483106 -0.002134307 -0.001076740 0.999997139 8.653640747
0.999996066 0.001585511 0.002325166 0.167338073 -0.001588167 0.999998093 0.001140803 -0.259054780 -0.002323352 -0.001144492 0.999996603 8.982346535
0.999995589 0.001755689 0.002391283 0.173079237 -0.001759179 0.999997377 0.001457924 -0.273616910 -0.002388718 -0.001462124 0.999996066 9.320346832
0.999994516 0.002232996 0.002419326 0.178707197 -0.002235795 0.999996960 0.001155086 -0.283460319 -0.002416740 -0.001160489 0.999996424 9.664767265
0.999994576 0.002147008 0.002490495 0.188428506 -0.002149956 0.999996960 0.001181545 -0.292068660 -0.002487951 -0.001186893 0.999996245 10.012740135
0.999995112 0.002161255 0.002271128 0.198004022 -0.002163490 0.999997318 0.000982395 -0.303094655 -0.002268999 -0.000987305 0.999996901 10.372560501
0.999995768 0.001924019 0.002227319 0.207124606 -0.001925989 0.999997854 0.000882716 -0.311183840 -0.002225616 -0.000887002 0.999997079 10.737338066
0.999996066 0.001726285 0.002195728 0.215382352 -0.001728961 0.999997675 0.001217601 -0.321918994 -0.002193621 -0.001221393 0.999996841 11.102551460
0.999996722 0.001467214 0.002093494 0.222951695 -0.001470565 0.999997616 0.001600257 -0.337443054 -0.002091141 -0.001603331 0.999996483 11.480459213
0.999996483 0.001497175 0.002172157 0.230697051 -0.001499754 0.999998152 0.001186039 -0.344335020 -0.002170378 -0.001189292 0.999996901 11.856580734
0.999994993 0.001912165 0.002524974 0.231848508 -0.001917029 0.999996245 0.001925452 -0.368470788 -0.002521282 -0.001930283 0.999994934 12.236729622
0.999994755 0.001864638 0.002647566 0.242370516 -0.001871026 0.999995291 0.002412375 -0.384144723 -0.002643055 -0.002417315 0.999993563 12.623586655
0.999994159 0.002078836 0.002698056 0.247739822 -0.002085496 0.999994755 0.002468061 -0.389989823 -0.002692911 -0.002473674 0.999993324 13.027210236
0.999993443 0.001977947 0.003040391 0.255804062 -0.001985476 0.999994993 0.002475307 -0.404754579 -0.003035480 -0.002481328 0.999992311 13.417791367
0.999994278 0.001936825 0.002765620 0.268046796 -0.001943990 0.999994695 0.002590249 -0.415726691 -0.002760589 -0.002595610 0.999992847 13.842272758
0.999992192 0.002580630 0.002999073 0.273372620 -0.002589240 0.999992490 0.002870563 -0.427461803 -0.002991643 -0.002878306 0.999991357 14.255606651
0.999988496 0.003003543 0.003751016 0.278137743 -0.003011769 0.999993086 0.002189363 -0.438183367 -0.003744414 -0.002200636 0.999990523 14.675023079
0.999990880 0.002390600 0.003538235 0.298867851 -0.002400450 0.999993265 0.002782340 -0.453074038 -0.003531559 -0.002790808 0.999989867 15.111168861
0.999989808 0.002822959 0.003527039 0.307455868 -0.002831932 0.999992788 0.002541627 -0.462606192 -0.003519838 -0.002551589 0.999990582 15.552201271
0.999986410 0.002802434 0.004386784 0.316145688 -0.002813248 0.999993026 0.002460795 -0.469965279 -0.004379858 -0.002473102 0.999987304 15.994387627
0.999983191 0.003038997 0.004941621 0.321897924 -0.003052111 0.999991775 0.002648320 -0.484691679 -0.004933533 -0.002663358 0.999984205 16.430255890
0.999982536 0.003212963 0.004964634 0.334930658 -0.003223201 0.999992609 0.002055631 -0.492755771 -0.004957994 -0.002071597 0.999985456 16.878009796
0.999979436 0.003331631 0.005477133 0.344818860 -0.003345191 0.999991298 0.002468466 -0.508042932 -0.005468862 -0.002486737 0.999981940 17.324068069
0.999980330 0.003261259 0.005354989 0.355618536 -0.003275692 0.999991000 0.002688813 -0.523515701 -0.005346172 -0.002706302 0.999982059 17.789041519
0.999979436 0.002565774 0.005879528 0.368313134 -0.002580899 0.999993503 0.002566413 -0.534154534 -0.005872903 -0.002581535 0.999979436 18.256126404
0.999980807 0.001556882 0.006001489 0.379598439 -0.001574058 0.999994755 0.002858181 -0.549849987 -0.005997008 -0.002867574 0.999977887 18.722829819
0.999979019 0.002649086 0.005909564 0.396021724 -0.002663463 0.999993622 0.002426351 -0.553586602 -0.005903098 -0.002442041 0.999979556 19.209196091
0.999977767 0.002841862 0.006032143 0.406599164 -0.002855979 0.999993205 0.002332887 -0.565150142 -0.006025472 -0.002350064 0.999979079 19.694993973
0.999977469 0.003802276 0.005536430 0.415076017 -0.003816909 0.999989271 0.002634734 -0.580688894 -0.005526351 -0.002655806 0.999981225 20.182025909
0.999976099 0.002763176 0.006360556 0.429795980 -0.002776894 0.999993801 0.002148703 -0.598171175 -0.006354580 -0.002166314 0.999977469 20.661699295
0.999980211 0.002779722 0.005640449 0.446310163 -0.002793376 0.999993205 0.002414196 -0.615926564 -0.005633700 -0.002429905 0.999981105 21.155120850
0.999984801 0.002396394 0.004950992 0.457661003 -0.002408140 0.999994278 0.002367905 -0.627346992 -0.004945289 -0.002379792 0.999984920 21.663612366
0.999988437 0.002242507 0.004238746 0.473167002 -0.002251853 0.999994993 0.002201550 -0.639321506 -0.004233788 -0.002211069 0.999988616 22.180809021
0.999986887 0.002412046 0.004512883 0.481561393 -0.002421884 0.999994636 0.002175671 -0.653148293 -0.004507612 -0.002186572 0.999987364 22.665910721
0.999986947 0.002792471 0.004275963 0.487108856 -0.002803174 0.999992967 0.002499312 -0.669955909 -0.004268954 -0.002511266 0.999987662 23.178123474
0.999992549 0.002234280 0.003142430 0.500283957 -0.002242107 0.999994397 0.002489670 -0.683545530 -0.003136850 -0.002496697 0.999991953 23.711589813
0.999996603 0.000640244 0.002510122 0.509490490 -0.000645894 0.999997258 0.002250564 -0.700762689 -0.002508674 -0.002252177 0.999994338 24.236415863
0.999996066 0.001851081 0.002109772 0.519242227 -0.001856525 0.999994934 0.002580920 -0.716260314 -0.002104984 -0.002584826 0.999994397 24.749582291
0.999996424 0.002093353 0.001670651 0.525588930 -0.002097325 0.999995112 0.002379808 -0.727610052 -0.001665660 -0.002383303 0.999995768 25.280834198
0.999996364 0.002487166 0.000987808 0.533274889 -0.002489649 0.999993742 0.002520312 -0.743984222 -0.000981533 -0.002522762 0.999996364 25.811449051
0.999996603 0.002590150 0.000375714 0.548603714 -0.002590983 0.999994159 0.002232892 -0.756732404 -0.000369928 -0.002233857 0.999997437 26.359008789
0.999997199 0.002361656 0.000083954 0.558484256 -0.002361866 0.999993801 0.002595919 -0.766862810 -0.000077823 -0.002596110 0.999996543 26.915393829
0.999997616 0.002130997 -0.000373130 0.568764031 -0.002129931 0.999993742 0.002833406 -0.790791392 0.000379166 -0.002832605 0.999995887 27.465703964
0.999996603 0.002502391 -0.000761134 0.578355074 -0.002500735 0.999994576 0.002169494 -0.799935699 0.000766559 -0.002167583 0.999997318 28.027311325
0.999995410 0.002914930 -0.000731127 0.586941779 -0.002912981 0.999992371 0.002652923 -0.814610541 0.000738855 -0.002650782 0.999996126 28.570068359
0.999996722 0.002384362 -0.000921928 0.596431553 -0.002382440 0.999995112 0.002080151 -0.827288985 0.000926883 -0.002077947 0.999997377 29.124197006
0.999996245 0.002566175 -0.000937465 0.600943863 -0.002563335 0.999992073 0.003017652 -0.850877285 0.000945200 -0.003015238 0.999994934 29.650060654
0.999995589 0.002609602 -0.001433556 0.608625948 -0.002605358 0.999992251 0.002954443 -0.862564325 0.001441254 -0.002950695 0.999994636 30.197654724
0.999994874 0.002415964 -0.002101438 0.628705621 -0.002409777 0.999992788 0.002941597 -0.875687063 0.002108529 -0.002936518 0.999993503 30.747808456
0.999993801 0.003038685 -0.001767837 0.629400015 -0.003033597 0.999991298 0.002873715 -0.890012920 0.001776554 -0.002868334 0.999994338 31.317270279
0.999990106 0.004256756 -0.001346304 0.628699601 -0.004253127 0.999987364 0.002686660 -0.904640555 0.001357723 -0.002680907 0.999995530 31.868410110
0.999992609 0.002782813 -0.002646603 0.655683041 -0.002774815 0.999991536 0.003020701 -0.921823382 0.002654987 -0.003013335 0.999991894 32.414916992
0.999990463 0.003435613 -0.002700084 0.655344665 -0.003427078 0.999989092 0.003159636 -0.938973129 0.002710910 -0.003150352 0.999991417 32.959316254
0.999992371 0.002956583 -0.002546659 0.668589175 -0.002949163 0.999991417 0.002912471 -0.949556947 0.002555249 -0.002904938 0.999992490 33.518566132
0.999992073 0.002952468 -0.002653413 0.680068612 -0.002944716 0.999991357 0.002920364 -0.961868346 0.002662013 -0.002912527 0.999992132 34.069515228
0.999991000 0.002880423 -0.003124293 0.691019654 -0.002871213 0.999991536 0.002948647 -0.976830900 0.003132760 -0.002939650 0.999990702 34.613067627
0.999990106 0.003041567 -0.003251101 0.703396797 -0.003032312 0.999991357 0.002848242 -0.997355998 0.003259736 -0.002838356 0.999990582 35.137409210
0.999990523 0.002589405 -0.003505375 0.718903124 -0.002580584 0.999993503 0.002518994 -1.001302361 0.003511875 -0.002509924 0.999990642 35.697612762
0.999990225 0.003267007 -0.002949796 0.709271550 -0.003258844 0.999990880 0.002767876 -1.015025735 0.002958811 -0.002758236 0.999991834 36.242519379
0.999991179 0.002702913 -0.003214032 0.721660972 -0.002695490 0.999993682 0.002311834 -1.028719187 0.003220260 -0.002303150 0.999992192 36.800075531
0.999989390 0.002579278 -0.003823183 0.732316136 -0.002570891 0.999994338 0.002197352 -1.041278005 0.003828829 -0.002187499 0.999990284 37.350143433
0.999988019 0.002849997 -0.003958426 0.745222807 -0.002842558 0.999994099 0.001883612 -1.048467278 0.003963771 -0.001872337 0.999990404 37.896217346
0.999985516 0.003125285 -0.004380432 0.752737045 -0.003115224 0.999992430 0.002301595 -1.066878796 0.004387594 -0.002287915 0.999987781 38.440261841
0.999985337 0.003473806 -0.004141437 0.761069298 -0.003465569 0.999991953 0.001994541 -1.076314926 0.004148332 -0.001980159 0.999989450 38.996105194
0.999987245 0.002098525 -0.004594773 0.773871005 -0.002089446 0.999995828 0.001979884 -1.092375994 0.004598908 -0.001970258 0.999987483 39.542675018
0.999985933 0.002410043 -0.004723109 0.781545043 -0.002400882 0.999995232 0.001944701 -1.107015133 0.004727772 -0.001933334 0.999986947 40.097187042
0.999984682 0.002170919 -0.005088109 0.792063832 -0.002160532 0.999995589 0.002045907 -1.123095632 0.005092528 -0.002034883 0.999984980 40.642890930
0.999987602 0.002249075 -0.004424884 0.794820368 -0.002244906 0.999997079 0.000947304 -1.128064990 0.004427002 -0.000937359 0.999989748 41.203674316
0.999987721 0.001947070 -0.004544429 0.796233296 -0.001938213 0.999996245 0.001952465 -1.152202487 0.004548213 -0.001943633 0.999987721 41.739372253
0.999986947 0.002443269 -0.004497916 0.803291559 -0.002434220 0.999994993 0.002016291 -1.165414214 0.004502820 -0.002005316 0.999987781 42.292690277
0.999985874 0.001573085 -0.005068001 0.817054987 -0.001562845 0.999996781 0.002023829 -1.181163073 0.005071169 -0.002015880 0.999985099 42.822715759
0.999985814 0.002056122 -0.004895969 0.824216425 -0.002048803 0.999996781 0.001499528 -1.185775876 0.004899038 -0.001489476 0.999986827 43.418132782
0.999985099 0.002159829 -0.005013996 0.835567832 -0.002154189 0.999997020 0.001130188 -1.198664546 0.005016424 -0.001119370 0.999986768 43.970436096
0.999986470 0.002447487 -0.004600527 0.843483210 -0.002441884 0.999996245 0.001223452 -1.212520361 0.004603505 -0.001212202 0.999988675 44.516887665
0.999985814 0.002213196 -0.004847202 0.862193108 -0.002207744 0.999996841 0.001129949 -1.226426482 0.004849688 -0.001119232 0.999987602 45.020736694
0.999986470 0.002159389 -0.004721617 0.870838046 -0.002155644 0.999997377 0.000798081 -1.239716411 0.004723325 -0.000787893 0.999988556 45.579883575
0.999987543 0.002396274 -0.004380118 0.878059745 -0.002393119 0.999996901 0.000725770 -1.254822493 0.004381842 -0.000715279 0.999990165 46.120250702
0.999986947 0.002414027 -0.004487745 0.890141010 -0.002411102 0.999996901 0.000656969 -1.268129706 0.004489317 -0.000646141 0.999989688 46.667659760
0.999985456 0.002914640 -0.004558591 0.902465463 -0.002911599 0.999995530 0.000673598 -1.277173877 0.004560533 -0.000660316 0.999989390 47.221588135
0.999984741 0.002851940 -0.004734375 0.910478294 -0.002848307 0.999995589 0.000774067 -1.291828275 0.004736562 -0.000760570 0.999988496 47.783935547
0.999986947 0.002601058 -0.004380851 0.915576637 -0.002599659 0.999996543 0.000324705 -1.305888057 0.004381682 -0.000313312 0.999990284 48.329196930
0.999987543 0.002460293 -0.004344956 0.926506102 -0.002458001 0.999996841 0.000532748 -1.318709016 0.004346256 -0.000522061 0.999990344 48.878791809
0.999987721 0.002423665 -0.004310024 0.935226798 -0.002424080 0.999997020 -0.000091024 -1.327599883 0.004309792 0.000101471 0.999990702 49.428829193
0.999987125 0.003421769 -0.003725301 0.936662495 -0.003421910 0.999994159 -0.000031668 -1.345371008 0.003725171 0.000044415 0.999993086 49.964519501
0.999987006 0.003735201 -0.003472700 0.936435580 -0.003734570 0.999993026 0.000188051 -1.360163927 0.003473379 -0.000175079 0.999993920 50.506225586
0.999987423 0.003475063 -0.003621402 0.941931367 -0.003475280 0.999993980 -0.000053396 -1.377064347 0.003621194 0.000065981 0.999993443 51.036788940
0.999989092 0.002937853 -0.003630645 0.965156078 -0.002935709 0.999995530 0.000595638 -1.393552065 0.003632378 -0.000584973 0.999993145 51.580589294
0.999988079 0.003185944 -0.003676557 0.972314596 -0.003183378 0.999994814 0.000703275 -1.406769037 0.003678778 -0.000691563 0.999992907 52.116748810
0.999986172 0.003537945 -0.003892777 0.979834139 -0.003534691 0.999993384 0.000842371 -1.426273346 0.003895730 -0.000828600 0.999992013 52.668346405
0.999987006 0.003404657 -0.003789840 0.985203624 -0.003400745 0.999993682 0.001037765 -1.442277789 0.003793349 -0.001024863 0.999992251 53.213108063
0.999984741 0.004041401 -0.003762839 0.991949797 -0.004038568 0.999991536 0.000760239 -1.456374764 0.003765880 -0.000745031 0.999992609 53.762897491
0.999985099 0.004325726 -0.003318689 0.997565091 -0.004324595 0.999990582 0.000347757 -1.471869707 0.003320164 -0.000333400 0.999994397 54.316551208
0.999987125 0.003492232 -0.003666804 1.004367590 -0.003492991 0.999993801 -0.000200841 -1.480902433 0.003666080 0.000213646 0.999993265 54.870498657
0.999985218 0.004342457 -0.003253748 1.010150790 -0.004341828 0.999990582 0.000200450 -1.501281857 0.003254588 -0.000186320 0.999994695 55.419601440
0.999984801 0.004480691 -0.003220487 1.021637201 -0.004479437 0.999989867 0.000396462 -1.514523149 0.003222231 -0.000382030 0.999994755 55.967262268
0.999985754 0.004131477 -0.003374096 1.033089280 -0.004129695 0.999991357 0.000535103 -1.531736255 0.003376278 -0.000521161 0.999994099 56.501499176
0.999983370 0.004771043 -0.003238130 1.041442752 -0.004770170 0.999988496 0.000276801 -1.547870755 0.003239413 -0.000261350 0.999994636 57.055305481
0.999984324 0.004983074 -0.002551747 1.043108582 -0.004982682 0.999987602 0.000159631 -1.558466315 0.002552511 -0.000146914 0.999996722 57.597339630
0.999984622 0.004774186 -0.002813882 1.057063341 -0.004773746 0.999988556 0.000163425 -1.576769233 0.002814630 -0.000149990 0.999995947 58.133544922
0.999983907 0.005016547 -0.002639866 1.063642740 -0.005015661 0.999987304 0.000342387 -1.592773914 0.002641550 -0.000329141 0.999996483 58.681964874
0.999982417 0.005072225 -0.003068184 1.074499846 -0.005071653 0.999987125 0.000194132 -1.606509805 0.003069127 -0.000178568 0.999995291 59.222351074
0.999983132 0.004921768 -0.003074249 1.086972117 -0.004921114 0.999987841 0.000220356 -1.625680447 0.003075296 -0.000205223 0.999995232 59.755870819
0.999984086 0.004617958 -0.003214669 1.094516397 -0.004618749 0.999989331 -0.000238822 -1.637188315 0.003213532 0.000253666 0.999994814 60.294082642
0.999981284 0.005344044 -0.002981620 1.099122763 -0.005344138 0.999985695 -0.000023593 -1.652444601 0.002981453 0.000039527 0.999995530 60.835880280
0.999981046 0.005598808 -0.002534991 1.104698658 -0.005598900 0.999984324 -0.000029348 -1.670003533 0.002534788 0.000043540 0.999996781 61.369812012
0.999981701 0.005570814 -0.002362934 1.114123940 -0.005570218 0.999984443 0.000259148 -1.685979724 0.002364341 -0.000245982 0.999997199 61.921405792
0.999981642 0.005691783 -0.002082172 1.120246530 -0.005691371 0.999983788 0.000204296 -1.705634832 0.002083301 -0.000192442 0.999997795 62.455425262
0.999979198 0.006133138 -0.001983275 1.129502416 -0.006133087 0.999981165 0.000031391 -1.722160220 0.001983431 -0.000019227 0.999998033 63.002372742
0.999976456 0.006575557 -0.001958224 1.138343573 -0.006575211 0.999978364 0.000182169 -1.734407067 0.001959379 -0.000169289 0.999998093 63.555973053
0.999976039 0.006662997 -0.001836213 1.144600391 -0.006662840 0.999977827 0.000091090 -1.754471540 0.001836779 -0.000078853 0.999998271 64.093513489
0.999976277 0.006640301 -0.001816177 1.154155970 -0.006640203 0.999977946 0.000058935 -1.770093083 0.001816527 -0.000046874 0.999998271 64.627311707
0.999976277 0.006631807 -0.001925256 1.163426161 -0.006631699 0.999978125 0.000062371 -1.784998298 0.001925627 -0.000049602 0.999998093 65.176116943
0.999976754 0.006608017 -0.001686817 1.172760725 -0.006607689 0.999978065 0.000200236 -1.802177548 0.001688103 -0.000189085 0.999998569 65.710403442
0.999976277 0.006650218 -0.001771121 1.183444500 -0.006649038 0.999977589 0.000670342 -1.819933534 0.001775539 -0.000658550 0.999998212 66.250717163
0.999976754 0.006576168 -0.001799880 1.193428755 -0.006575949 0.999978364 0.000127599 -1.831747174 0.001800681 -0.000115760 0.999998391 66.798835754
0.999981940 0.005755784 -0.001759202 1.207796216 -0.005753091 0.999982297 0.001533220 -1.847257137 0.001767996 -0.001523071 0.999997258 67.389259338
0.999977469 0.006436541 -0.001916287 1.216207862 -0.006435975 0.999979198 0.000300508 -1.868998647 0.001918181 -0.000288168 0.999998093 67.873428345
0.999978125 0.006379645 -0.001755032 1.226236224 -0.006379602 0.999979675 0.000030591 -1.883524895 0.001755193 -0.000019394 0.999998450 68.413665771
0.999978185 0.006403550 -0.001612268 1.235070705 -0.006403639 0.999979436 -0.000049795 -1.900425792 0.001611916 0.000060118 0.999998629 68.948165894
0.999975324 0.006762371 -0.001860443 1.241168141 -0.006761959 0.999977112 0.000227089 -1.919716477 0.001861935 -0.000214503 0.999998271 69.493202209
0.999974787 0.006932394 -0.001525702 1.251871109 -0.006932547 0.999975920 -0.000093963 -1.937923908 0.001525013 0.000104538 0.999998748 70.031303406
0.999976277 0.006730859 -0.001556368 1.262845755 -0.006730895 0.999977350 -0.000017770 -1.955145478 0.001556215 0.000028246 0.999998808 70.570091248
0.999974549 0.007004778 -0.001364179 1.271873474 -0.007005406 0.999975383 -0.000455298 -1.969781756 0.001360956 0.000464843 0.999998987 71.114036560
0.999981701 0.005770158 -0.001802385 1.289564371 -0.005770748 0.999983311 -0.000322142 -1.989805102 0.001800495 0.000332537 0.999998331 71.648811340
0.999983191 0.005432851 -0.002037832 1.301975846 -0.005433073 0.999985218 -0.000104286 -2.008942127 0.002037235 0.000115356 0.999997914 72.194564819
0.999977887 0.006428072 -0.001687054 1.306236982 -0.006428480 0.999979317 -0.000236737 -2.025654316 0.001685498 0.000247578 0.999998569 72.727790833
0.999978960 0.006205262 -0.001901959 1.319234014 -0.006205927 0.999980688 -0.000343616 -2.040832520 0.001899790 0.000355412 0.999998152 73.264213562
0.999977946 0.006468834 -0.001595508 1.324647665 -0.006469093 0.999979079 -0.000156576 -2.059727669 0.001594462 0.000166894 0.999998689 73.806167603
0.999977469 0.006596108 -0.001231977 1.335226893 -0.006596438 0.999978185 -0.000266890 -2.079338551 0.001230189 0.000275011 0.999999225 74.334304810
0.999977291 0.006613213 -0.001234556 1.346880674 -0.006613293 0.999978065 -0.000059401 -2.093423605 0.001234137 0.000067564 0.999999225 74.883865356
0.999974668 0.006970841 -0.001445668 1.357820511 -0.006970529 0.999975622 0.000220897 -2.113142014 0.001447172 -0.000210815 0.999998927 75.422966003
0.999976814 0.006690004 -0.001242882 1.367954016 -0.006690325 0.999977589 -0.000253577 -2.126222134 0.001241157 0.000261886 0.999999225 75.959327698
0.999974251 0.007108984 -0.000956498 1.373623133 -0.007109212 0.999974728 -0.000236118 -2.143568277 0.000954795 0.000242912 0.999999464 76.495849609
0.999974489 0.007058322 -0.001077291 1.384537101 -0.007058773 0.999974966 -0.000414773 -2.160283804 0.001074337 0.000422367 0.999999344 77.041755676
0.999971807 0.007432512 -0.001021732 1.392946959 -0.007432968 0.999972284 -0.000444516 -2.177683830 0.001018400 0.000452098 0.999999404 77.581871033
0.999974012 0.007097039 -0.001219252 1.397164226 -0.007097324 0.999974787 -0.000230997 -2.195804358 0.001217582 0.000239645 0.999999225 78.117416382
0.999975145 0.006939480 -0.001245635 1.416144609 -0.006940176 0.999975681 -0.000554858 -2.214216232 0.001241754 0.000563489 0.999999046 78.648811340
0.999969840 0.007711693 -0.000856348 1.422642469 -0.007712300 0.999969959 -0.000707294 -2.226276636 0.000850868 0.000713877 0.999999404 79.189994812
0.999970436 0.007629962 -0.000966320 1.433423758 -0.007630497 0.999970734 -0.000551889 -2.243624449 0.000962082 0.000559246 0.999999344 79.730979919
0.999972522 0.007360433 -0.000843576 1.447341919 -0.007360811 0.999972761 -0.000446231 -2.261528730 0.000840268 0.000452428 0.999999523 80.245552063
0.999972284 0.007443006 0.000076834 1.456744432 -0.007442939 0.999971867 -0.000832817 -2.273813009 -0.000083032 0.000832222 0.999999583 80.777503967
0.999970555 0.007483276 0.001710435 1.466033936 -0.007481585 0.999971509 -0.000993137 -2.289134741 -0.001717819 0.000980310 0.999997973 81.304946899
0.999969423 0.007411143 0.002504486 1.481775761 -0.007409603 0.999972343 -0.000623420 -2.306306362 -0.002509037 0.000604844 0.999996662 81.842643738
0.999965072 0.007421672 0.003837803 1.488798261 -0.007419186 0.999972224 -0.000661888 -2.320503235 -0.003842609 0.000633392 0.999992430 82.387817383
0.999936700 0.008165256 0.007755131 1.504010201 -0.008156629 0.999966085 -0.001143500 -2.332163811 -0.007764206 0.001080172 0.999969304 82.934120178
0.999905467 0.008193239 0.011036918 1.528143167 -0.008185255 0.999966204 -0.000768363 -2.346700430 -0.011042839 0.000677951 0.999938786 83.474693298
0.999861062 0.008080743 0.014578468 1.548395514 -0.008069348 0.999967098 -0.000840423 -2.368069887 -0.014584781 0.000722668 0.999893367 84.010688782
0.999793410 0.008198284 0.018599380 1.570840120 -0.008178048 0.999965906 -0.001163686 -2.382149220 -0.018608285 0.001011340 0.999826312 84.558105469
0.999672353 0.007995223 0.024321793 1.604158282 -0.007966033 0.999967396 -0.001296854 -2.395190477 -0.024331372 0.001102681 0.999703348 85.108955383
0.999497950 0.008450307 0.030533245 1.636350870 -0.008400124 0.999963164 -0.001771338 -2.410604239 -0.030547090 0.001513966 0.999532163 85.653594971
0.999294937 0.008291759 0.036618095 1.668402076 -0.008239717 0.999964774 -0.001571848 -2.425215483 -0.036629837 0.001269017 0.999328017 86.199714661
0.998957574 0.008222830 0.044904254 1.709195852 -0.008166342 0.999965608 -0.001441287 -2.444160223 -0.044914562 0.001073081 0.998990178 86.749473572
0.998553336 0.007514921 0.053242005 1.759414434 -0.007395678 0.999969602 -0.002436328 -2.454472542 -0.053258691 0.002039043 0.998578668 87.297248840
0.998120546 0.007447710 0.060827117 1.801683187 -0.007332287 0.999970853 -0.002120550 -2.474076271 -0.060841132 0.001670562 0.998145998 87.842102051
0.997524559 0.007772142 0.069887631 1.858317852 -0.007617865 0.999968052 -0.002473746 -2.489714861 -0.069904611 0.001935228 0.997551739 88.385826111
0.996794105 0.007187448 0.079685763 1.927295685 -0.006965314 0.999971032 -0.003065234 -2.508839846 -0.079705477 0.002500371 0.996815264 88.903503418
0.996077657 0.007174286 0.088191442 1.994011879 -0.006942231 0.999971569 -0.002937727 -2.522884369 -0.088210024 0.002313959 0.996099234 89.443534851
0.995408535 0.006062333 0.095525235 2.061065197 -0.005783778 0.999978185 -0.003192649 -2.539880514 -0.095542505 0.002625493 0.995421886 89.975494385
0.994373381 0.006003499 0.105761915 2.145267487 -0.005656193 0.999977589 -0.003583482 -2.549371004 -0.105781063 0.002965109 0.994385004 90.511535645
0.993196726 0.006496910 0.116266862 2.230010986 -0.006102929 0.999974370 -0.003744259 -2.568746567 -0.116288200 0.003009218 0.993210971 91.050262451
0.992117167 0.005865537 0.125176281 2.321293831 -0.005423339 0.999977887 -0.003873090 -2.588401318 -0.125196218 0.003163687 0.992126942 91.592529297
0.990593135 0.005575909 0.136727363 2.413957596 -0.005139942 0.999980509 -0.003541429 -2.608508348 -0.136744455 0.002805344 0.990602374 92.122550964
0.988588929 0.006256937 0.150508568 2.502886772 -0.005804095 0.999977231 -0.003447837 -2.634787321 -0.150526717 0.002534927 0.988602698 92.662612915
0.987016141 0.005729266 0.160518527 2.613051414 -0.005196065 0.999979556 -0.003741294 -2.649715900 -0.160536662 0.002858653 0.987025678 93.205070496
0.985205233 0.004846372 0.171309948 2.741367340 -0.004256248 0.999983668 -0.003811894 -2.665930510 -0.171325654 0.003026362 0.985209823 93.753997803
0.983085394 0.004110789 0.183101758 2.858973503 -0.003557354 0.999987960 -0.003350914 -2.683974981 -0.183113351 0.002642877 0.983088195 94.259048462
0.980531216 0.004709387 0.196306825 3.004705429 -0.003951187 0.999983072 -0.004253773 -2.700598478 -0.196323544 0.003395313 0.980533302 94.868705750
0.978421569 0.003323511 0.206591874 3.137086868 -0.002471121 0.999987364 -0.004383862 -2.714773893 -0.206603825 0.003778752 0.978417397 95.417243958
0.975626528 0.002674471 0.219421595 3.283977509 -0.001770547 0.999989152 -0.004316117 -2.736133099 -0.219430774 0.003822422 0.975620568 95.944755554
0.972550690 0.001459608 0.232686609 3.446979523 -0.000339611 0.999988079 -0.004853321 -2.747106314 -0.232690990 0.004641078 0.972539663 96.525978088
0.969726682 0.001947928 0.244185284 3.606777191 -0.000479818 0.999981582 -0.006071621 -2.724700212 -0.244192585 0.005770648 0.969709635 97.122306824
0.967208505 0.000951216 0.253981829 3.794818878 0.000005199 0.999992907 -0.003764986 -2.821182966 -0.253983617 0.003642847 0.967201650 97.541488647
0.963446856 0.000979765 0.267897666 3.961517334 -0.000083496 0.999994278 -0.003356939 -2.839647532 -0.267899454 0.003211864 0.963441432 98.056526184
0.959927082 -0.000112102 0.280249745 4.136709213 0.001143491 0.999993145 -0.003516745 -2.859857559 -0.280247450 0.003696282 0.959920645 98.578208923
0.956404150 -0.001208633 0.292043924 4.346506119 0.002739640 0.999984562 -0.004833484 -2.868419170 -0.292033583 0.005422859 0.956392705 99.214454651
0.951967478 -0.001030235 0.306197315 4.537712097 0.002566400 0.999986053 -0.004614373 -2.886020184 -0.306188345 0.005178558 0.951956809 99.742271423
0.947534740 -0.002035975 0.319645971 4.744768143 0.003667266 0.999983132 -0.004501614 -2.911429405 -0.319631338 0.005437663 0.947526336 100.250503540
0.943451822 -0.002134325 0.331502706 4.949680328 0.003933291 0.999980867 -0.004755876 -2.924915075 -0.331486255 0.005790838 0.943442225 100.768562317
0.938825965 -0.001776878 0.344387621 5.159238815 0.003488623 0.999984443 -0.004350790 -2.949143410 -0.344374508 0.005286074 0.938817501 101.304573059
0.933433652 -0.001790630 0.358745515 5.373876572 0.003439668 0.999986172 -0.003958507 -2.966737509 -0.358733505 0.004928969 0.933426976 101.810356140
0.928846896 -0.003200187 0.370450258 5.607847214 0.004925350 0.999980986 -0.003711075 -2.987134933 -0.370431364 0.005271618 0.928844929 102.316207886
0.923790574 -0.003346096 0.382883489 5.857200623 0.005356153 0.999976873 -0.004183898 -3.012348890 -0.382860661 0.005915827 0.923787177 102.881492615
0.917616308 -0.002305994 0.397460759 6.090167999 0.003876705 0.999987423 -0.003148393 -3.029114008 -0.397448510 0.004429855 0.917613804 103.380661011
0.911798120 -0.002943434 0.410628229 6.334957123 0.004771792 0.999982715 -0.003427742 -3.053743839 -0.410611063 0.005084841 0.911796391 103.868507385
0.907029271 -0.003555778 0.421052486 6.590583801 0.005614868 0.999977529 -0.003650738 -3.064673185 -0.421030045 0.005675480 0.907028854 104.347511292
0.901055038 -0.004039930 0.433685899 6.835872650 0.006140030 0.999975204 -0.003441833 -3.093935490 -0.433661282 0.005764126 0.901057482 104.825820923
0.894508421 -0.003422747 0.447037965 7.105506897 0.005372039 0.999980807 -0.003092922 -3.110838652 -0.447018802 0.005168151 0.894509673 105.313705444
0.888516426 -0.005166505 0.458815724 7.381553650 0.007270795 0.999969542 -0.002820027 -3.136948109 -0.458787143 0.005841595 0.888526976 105.790069580
0.882646084 -0.005391280 0.470007211 7.661083221 0.007657873 0.999966383 -0.002910791 -3.151475430 -0.469975770 0.006168454 0.882657707 106.267059326
0.875106156 -0.005324902 0.483901739 7.937351227 0.007367976 0.999970138 -0.002320756 -3.175876617 -0.483874947 0.005596284 0.875119269 106.731964111
0.868078113 -0.005887895 0.496392816 8.225696564 0.007941897 0.999966383 -0.002027607 -3.194529295 -0.496364236 0.005702421 0.868095696 107.184906006
