1.000000000 0.000000000 0.000000000 0.000000000 0.000000000 1.000000000 0.000000000 0.000000000 0.000000000 0.000000000 1.000000000 0.000000000
1.000000000 0.000014359 -0.000030630 0.000093879 -0.000014362 1.000000000 -0.000086159 0.000803691 0.000030629 0.000086159 1.000000000 0.000064664
1.000000000 -0.000117461 -0.000052973 -0.000074447 0.000117462 1.000000000 0.000016491 0.000434051 0.000052971 -0.000016497 1.000000000 0.001329646
1.000000000 -0.000115831 -0.000077300 -0.001351007 0.000115831 1.000000000 -0.000005948 0.000662736 0.000077301 0.000005939 1.000000000 -0.000465870
1.000000000 -0.000041056 -0.000006260 -0.000833401 0.000041056 1.000000000 0.000019239 0.000288460 0.000006259 -0.000019239 1.000000000 0.000148579
1.000000000 -0.000135271 -0.000001954 -0.000413966 0.000135271 1.000000000 -0.000043655 0.000298905 0.000001959 0.000043655 1.000000000 -0.000834816
1.000000000 0.000023585 -0.000061712 0.000189276 -0.000023588 1.000000000 -0.000052620 0.000746657 0.000061711 0.000052622 1.000000000 -0.002616999
1.000000000 -0.000000851 0.000007824 -0.000370363 0.000000852 1.000000000 -0.000034620 0.001316894 -0.000007824 0.000034620 1.000000000 0.001816003
1.000000000 0.000025612 0.000005639 -0.000972649 -0.000025612 1.000000000 -0.000036006 0.001859919 -0.000005640 0.000036006 1.000000000 0.001478290
1.000000000 -0.000070287 -0.000047666 -0.000822111 0.000070286 1.000000000 -0.000002782 0.001504308 0.000047666 0.000002779 1.000000000 0.001959570
1.000000000 0.000000691 -0.000023881 -0.001583236 -0.000000692 1.000000000 -0.000056539 0.001615121 0.000023881 0.000056539 1.000000000 0.002018145
1.000000000 -0.000078539 -0.000040191 -0.001577646 0.000078540 1.000000000 0.000031438 0.001463627 0.000040188 -0.000031441 1.000000000 0.001933954
1.000000000 -0.000107685 -0.000066317 -0.000449990 0.000107685 1.000000000 -0.000002888 0.001169198 0.000066317 0.000002881 1.000000000 0.000204381
1.000000000 -0.000052224 -0.000080136 0.000790341 0.000052226 1.000000000 0.000028720 0.000240274 0.000080134 -0.000028725 1.000000000 -0.002799981
1.000000000 -0.000062888 -0.000033465 0.000385544 0.000062888 1.000000000 0.000022661 0.000750196 0.000033464 -0.000022663 1.000000000 -0.001664061
1.000000000 0.000002149 -0.000045377 0.000152052 -0.000002150 1.000000000 -0.000022978 0.001807220 0.000045377 0.000022978 1.000000000 0.000894405
1.000000000 -0.000067760 -0.000059614 0.000013709 0.000067763 1.000000000 0.000056379 0.000846328 0.000059610 -0.000056383 1.000000000 -0.000793859
1.000000000 -0.000073935 -0.000114970 -0.000213910 0.000073932 1.000000000 -0.000028765 0.000921199 0.000114972 0.000028756 1.000000000 -0.001691507
1.000000000 -0.000135818 -0.000075564 -0.000588318 0.000135820 1.000000000 0.000024631 0.001434398 0.000075561 -0.000024641 1.000000000 0.002324114
1.000000000 -0.000142090 -0.000047295 -0.001804152 0.000142092 1.000000000 0.000038520 0.000552475 0.000047289 -0.000038527 1.000000000 0.000918633
1.000000000 -0.000100672 -0.000106081 0.001164824 0.000100677 1.000000000 0.000050775 0.000300913 0.000106076 -0.000050786 1.000000000 -0.001000124
1.000000000 -0.000046431 -0.000055664 0.000208858 0.000046433 1.000000000 0.000042991 0.000726718 0.000055662 -0.000042994 1.000000000 -0.000230046
1.000000000 -0.000183282 -0.000123608 0.000176814 0.000183288 1.000000000 0.000049002 0.000672581 0.000123599 -0.000049025 1.000000000 -0.001154230
0.999999940 -0.000214935 -0.000145124 0.001270917 0.000214943 1.000000000 0.000050461 0.000904817 0.000145113 -0.000050492 1.000000000 -0.001397633
1.000000000 -0.000198005 -0.000097103 0.000560984 0.000198005 1.000000000 0.000003442 0.001876910 0.000097102 -0.000003461 1.000000000 0.000606494
1.000000000 -0.000183694 -0.000106145 0.000997441 0.000183700 1.000000000 0.000051672 0.000929281 0.000106136 -0.000051691 1.000000000 -0.001145549
1.000000000 -0.000231319 -0.000063452 -0.001093657 0.000231320 1.000000000 0.000011263 0.001155296 0.000063449 -0.000011278 1.000000000 -0.000573261
0.999999940 -0.000200196 -0.000177687 0.001616699 0.000200213 1.000000000 0.000097274 0.000594290 0.000177667 -0.000097310 1.000000000 -0.002262883
1.000000000 -0.000185031 -0.000137397 0.001757445 0.000185039 1.000000000 0.000058597 0.000822378 0.000137386 -0.000058623 1.000000000 -0.001102126
0.999999940 -0.000185830 -0.000160270 0.000600373 0.000185837 1.000000000 0.000042700 0.001376249 0.000160262 -0.000042730 1.000000000 -0.000247169
1.000000000 -0.000151154 -0.000115912 0.000555468 0.000151163 1.000000000 0.000069618 0.000773533 0.000115902 -0.000069636 1.000000000 -0.002328990
1.000000000 -0.000157547 -0.000104343 0.001086825 0.000157547 1.000000000 0.000004040 0.000626260 0.000104342 -0.000004057 1.000000000 -0.002558248
1.000000000 -0.000129087 -0.000062950 -0.000449675 0.000129090 1.000000000 0.000046040 0.000964849 0.000062944 -0.000046048 1.000000000 0.000405792
1.000000000 -0.000197795 -0.000110986 0.000807308 0.000197801 1.000000000 0.000050772 0.000010137 0.000110976 -0.000050794 1.000000000 -0.002270515
0.999999940 -0.000236806 -0.000163886 0.001437054 0.000236808 1.000000000 0.000013586 0.000988336 0.000163883 -0.000013625 1.000000000 -0.002485860
0.999999940 -0.000215916 -0.000137758 0.002332856 0.000215936 0.999999940 0.000147565 0.000053480 0.000137726 -0.000147595 1.000000000 -0.002682154
1.000000000 -0.000093422 -0.000074740 -0.000793525 0.000093424 1.000000000 0.000022803 0.000860476 0.000074737 -0.000022810 1.000000000 -0.000148271
1.000000000 -0.000151551 -0.000118320 0.000557781 0.000151564 1.000000000 0.000108919 0.000175522 0.000118304 -0.000108936 1.000000000 -0.001987530
0.999999940 -0.000239049 -0.000193281 0.001888016 0.000239048 1.000000000 -0.000001727 -0.000019540 0.000193282 0.000001681 1.000000000 0.001220655
0.999999940 -0.000234286 -0.000084169 0.001293029 0.000234238 0.999999821 -0.000570953 -0.001769095 0.000084302 0.000570933 0.999999821 0.051699795
1.000000000 -0.000113150 -0.000114729 0.001397734 0.000113014 0.999999285 -0.001184230 -0.002294596 0.000114863 0.001184217 0.999999285 0.144349083
1.000000000 -0.000143800 -0.000068354 0.002723448 0.000143695 0.999998808 -0.001532006 -0.006873568 0.000068574 0.001531996 0.999998808 0.259870142
1.000000000 -0.000181169 -0.000090687 0.005980933 0.000181043 0.999999046 -0.001385569 -0.011567960 0.000090938 0.001385552 0.999999046 0.390628606
1.000000000 -0.000061033 -0.000165616 0.009514030 0.000060841 0.999999344 -0.001162645 -0.016908219 0.000165687 0.001162635 0.999999285 0.529486001
1.000000000 -0.000033534 -0.000055158 0.012151062 0.000033473 0.999999404 -0.001104594 -0.020006813 0.000055195 0.001104592 0.999999404 0.689428329
1.000000000 0.000180885 -0.000017965 0.016993742 -0.000180903 0.999999464 -0.001021926 -0.024158625 0.000017780 0.001021930 0.999999464 0.845271885
0.999999940 0.000394624 0.000077512 0.016019229 -0.000394556 0.999999523 -0.000871198 -0.025176292 -0.000077856 0.000871167 0.999999642 1.023497581
1.000000000 -0.000021514 -0.000169812 0.027101954 0.000021408 0.999999821 -0.000627073 -0.032085456 0.000169825 0.000627069 0.999999762 1.195189953
1.000000000 -0.000104185 -0.000096266 0.029022781 0.000104160 0.999999940 -0.000261858 -0.037726391 0.000096294 0.000261848 0.999999940 1.382464886
0.999999940 0.000216222 -0.000137612 0.036267150 -0.000216288 0.999999821 -0.000477803 -0.036072005 0.000137509 0.000477832 0.999999881 1.568629980
0.999999940 0.000158235 0.000053228 0.035852637 -0.000158208 0.999999881 -0.000504562 -0.039038315 -0.000053307 0.000504554 0.999999821 1.770913363
0.999999940 -0.000102189 -0.000142855 0.045969911 0.000102161 0.999999940 -0.000198352 -0.047565337 0.000142876 0.000198337 0.999999940 1.971640706
0.999999762 0.000366782 0.000344052 0.037088595 -0.000366705 0.999999881 -0.000222733 -0.052747611 -0.000344134 0.000222607 0.999999940 2.191544056
1.000000000 0.000041909 -0.000168827 0.047674622 -0.000041903 0.999999940 0.000033924 -0.063818663 0.000168828 -0.000033917 1.000000000 2.375580311
1.000000000 -0.000176441 -0.000196564 0.055038821 0.000176462 0.999999940 0.000109053 -0.070209645 0.000196545 -0.000109088 1.000000000 2.604121923
1.000000000 -0.000056577 -0.000077975 0.059582792 0.000056584 1.000000000 0.000087373 -0.080551609 0.000077970 -0.000087377 1.000000000 2.829673529
1.000000000 0.000103398 -0.000012641 0.063607462 -0.000103397 1.000000000 0.000063982 -0.081281647 0.000012648 -0.000063981 1.000000000 3.060068130
0.999999881 -0.000427220 -0.000099789 0.064649619 0.000427225 0.999999881 0.000058234 -0.090578817 0.000099764 -0.000058277 1.000000000 3.298240423
0.999999762 0.000610745 0.000339282 0.072416313 -0.000610761 0.999999762 0.000046952 -0.093364574 -0.000339254 -0.000047159 0.999999940 3.540018559
0.999999821 0.000532882 0.000135755 0.078739643 -0.000532908 0.999999881 0.000189915 -0.100332424 -0.000135653 -0.000189987 0.999999940 3.790570736
0.999999523 0.000848045 0.000576999 0.079076812 -0.000848204 0.999999642 0.000276550 -0.108977437 -0.000576764 -0.000277039 0.999999762 4.054340839
0.999999881 0.000444573 0.000290797 0.086270548 -0.000444823 0.999999523 0.000859610 -0.125428945 -0.000290414 -0.000859739 0.999999583 4.291402340
1.000000000 -0.000010084 -0.000037122 0.093424141 0.000010120 0.999999523 0.000949356 -0.136115283 0.000037112 -0.000949356 0.999999464 4.544616222
0.999999940 -0.000115459 0.000290679 0.096554928 0.000115116 0.999999285 0.001181625 -0.141071886 -0.000290816 -0.001181591 0.999999285 4.805429935
0.999999940 -0.000365876 0.000187180 0.102178812 0.000365630 0.999999106 0.001309677 -0.147695094 -0.000187659 -0.001309608 0.999999166 5.067624092
0.999999881 -0.000539100 0.000145484 0.107400887 0.000538921 0.999999106 0.001232676 -0.152937382 -0.000146149 -0.001232597 0.999999285 5.334176064
1.000000000 -0.000323017 0.000097242 0.114653230 0.000322890 0.999999106 0.001301016 -0.164650783 -0.000097662 -0.001300985 0.999999225 5.589946270
1.000000000 -0.000052648 -0.000001366 0.113529056 0.000052650 0.999999046 0.001364185 -0.177357107 0.000001294 -0.001364185 0.999999046 5.859121799
0.999999940 -0.000246258 -0.000084715 0.119689859 0.000246356 0.999999285 0.001162443 -0.185475811 0.000084429 -0.001162464 0.999999344 6.136748314
0.999999881 0.000197636 0.000361217 0.118641347 -0.000198123 0.999998987 0.001348223 -0.192905292 -0.000360950 -0.001348295 0.999998987 6.425702572
0.999999940 0.000178585 0.000378042 0.126603767 -0.000179137 0.999998868 0.001462395 -0.200203225 -0.000377780 -0.001462463 0.999998868 6.701397896
0.999999940 -0.000167412 0.000280966 0.131199062 0.000167018 0.999998987 0.001399305 -0.209865138 -0.000281200 -0.001399258 0.999998987 7.011946678
0.999999940 -0.000307111 0.000202966 0.141958952 0.000306818 0.999998927 0.001443623 -0.222304657 -0.000203409 -0.001443561 0.999998868 7.293459892
0.999999583 0.000184059 0.000805262 0.139789373 -0.000185568 0.999998212 0.001874451 -0.243735284 -0.000804916 -0.001874599 0.999997914 7.582004070
0.999999583 -0.000346513 0.000824449 0.150903255 0.000344816 0.999997795 0.002057220 -0.252345324 -0.000825160 -0.002056935 0.999997556 7.893430710
0.999999702 -0.000161710 0.000719658 0.154213414 0.000160190 0.999997735 0.002111845 -0.260845333 -0.000719998 -0.002111730 0.999997437 8.221098900
0.999999940 -0.000017086 0.000330487 0.168674439 0.000016369 0.999997616 0.002170453 -0.270553380 -0.000330524 -0.002170447 0.999997616 8.537829399
0.999999881 -0.000141776 0.000421980 0.169627741 0.000140858 0.999997616 0.002173272 -0.275825381 -0.000422287 -0.002173212 0.999997497 8.881912231
0.999999404 -0.000347076 0.001034520 0.163599446 0.000344654 0.999997199 0.002339986 -0.289351612 -0.001035329 -0.002339627 0.999996722 9.207787514
0.999999225 0.000175500 0.001215678 0.167313024 -0.000178110 0.999997735 0.002147259 -0.293467700 -0.001215298 -0.002147474 0.999996960 9.554830551
0.999999583 0.000113194 0.000989941 0.175839618 -0.000115611 0.999997020 0.002441547 -0.306217372 -0.000989662 -0.002441661 0.999996543 9.890644073
0.999999225 -0.000159092 0.001167459 0.180124834 0.000156498 0.999997437 0.002222144 -0.316878021 -0.001167809 -0.002221960 0.999996841 10.239471436
0.999999523 -0.000245603 0.000916943 0.190530270 0.000243401 0.999997020 0.002400674 -0.328005552 -0.000917530 -0.002400450 0.999996662 10.597116470
0.999999464 -0.000229371 0.001000577 0.202878639 0.000226545 0.999996006 0.002822757 -0.344917059 -0.001001221 -0.002822529 0.999995530 10.950926781
0.999999166 -0.000072771 0.001278086 0.210174501 0.000068978 0.999995589 0.002967978 -0.355733961 -0.001278296 -0.002967887 0.999994814 11.328123093
0.999999106 0.000113755 0.001319437 0.213948175 -0.000117536 0.999995828 0.002865628 -0.360921592 -0.001319106 -0.002865781 0.999995053 11.715106964
0.999999344 -0.000305219 0.001086100 0.228818372 0.000301842 0.999995112 0.003108126 -0.377652347 -0.001087044 -0.003107796 0.999994576 12.088446617
0.999999106 0.000281551 0.001306707 0.234953657 -0.000286023 0.999994099 0.003423786 -0.395009637 -0.001305736 -0.003424156 0.999993205 12.465807915
0.999999046 0.000302803 0.001365903 0.241960451 -0.000307390 0.999994338 0.003359133 -0.405768812 -0.001364878 -0.003359549 0.999993324 12.866664886
0.999999046 0.000850360 0.001099791 0.257117182 -0.000854445 0.999992728 0.003718787 -0.419461071 -0.001096621 -0.003719723 0.999992430 13.263425827
0.999998510 0.000784704 0.001572338 0.263435364 -0.000790882 0.999992013 0.003932055 -0.431612492 -0.001569239 -0.003933293 0.999991059 13.665527344
0.999998569 0.000806584 0.001556104 0.278570980 -0.000813230 0.999990523 0.004274850 -0.444496900 -0.001552640 -0.004276109 0.999989688 14.080271721
0.999998450 0.000112991 0.001721006 0.280260086 -0.000120664 0.999990046 0.004458617 -0.475982368 -0.001720485 -0.004458819 0.999988496 14.474253654
0.999998152 -0.000388060 0.001879822 0.293576241 0.000379125 0.999988556 0.004750869 -0.489139289 -0.001881644 -0.004750147 0.999986947 14.885766029
0.999998033 -0.000313849 0.001956074 0.309042394 0.000303567 0.999986053 0.005254963 -0.507739961 -0.001957696 -0.005254359 0.999984264 15.311835289
0.999995828 0.000072812 0.002868109 0.300783783 -0.000087076 0.999987602 0.004973568 -0.523790240 -0.002867711 -0.004973798 0.999983490 15.747291565
0.999996245 -0.000088207 0.002750073 0.311743140 0.000073573 0.999985754 0.005321124 -0.534143806 -0.002750503 -0.005320902 0.999982059 16.200136185
0.999994338 -0.000521156 0.003307471 0.315978765 0.000502473 0.999983907 0.005647037 -0.570206523 -0.003310360 -0.005645342 0.999978602 16.603769302
0.999993443 -0.000234249 0.003632267 0.336821675 0.000213315 0.999983311 0.005762578 -0.584425032 -0.003633557 -0.005761765 0.999976814 17.019536972
0.999994457 -0.000724028 0.003252291 0.343278289 0.000704075 0.999980927 0.006132061 -0.593969762 -0.003256670 -0.006129737 0.999975860 17.517156601
0.999993205 -0.000610557 0.003634698 0.353304207 0.000588907 0.999982059 0.005954730 -0.607379198 -0.003638269 -0.005952550 0.999975622 17.966215134
0.999992311 -0.000953488 0.003807056 0.367104143 0.000929908 0.999980390 0.006190581 -0.621526003 -0.003812884 -0.006186993 0.999973595 18.440383911
0.999992788 -0.000525719 0.003745105 0.386832654 0.000501761 0.999979436 0.006394947 -0.648189127 -0.003748391 -0.006393021 0.999972522 18.905479431
0.999993682 -0.000340467 0.003524998 0.405662417 0.000318150 0.999979913 0.006329610 -0.660870671 -0.003527083 -0.006328449 0.999973774 19.379722595
0.999993145 0.000011253 0.003701753 0.412274271 -0.000035604 0.999978423 0.006578157 -0.671496749 -0.003701599 -0.006578243 0.999971509 19.853290558
0.999993801 -0.001440113 0.003205814 0.425545037 0.001417908 0.999975085 0.006917970 -0.710701942 -0.003215697 -0.006913381 0.999970913 20.317617416
0.999994755 -0.001545651 0.002845192 0.438296169 0.001526671 0.999976635 0.006661027 -0.722598970 -0.002855422 -0.006656648 0.999973774 20.806110382
0.999995947 -0.001497363 0.002432807 0.451048881 0.001480531 0.999975085 0.006905592 -0.734781027 -0.002443087 -0.006901962 0.999973238 21.300600052
0.999996603 -0.001886010 0.001811813 0.436463773 0.001871852 0.999967933 0.007784581 -0.776976228 -0.001826437 -0.007781164 0.999968052 21.808944702
0.999996424 -0.001906935 0.001876888 0.443973750 0.001892396 0.999968410 0.007717648 -0.778039455 -0.001891546 -0.007714068 0.999968469 22.312595367
0.999997020 -0.002081086 0.001281827 0.457367629 0.002071442 0.999969900 0.007479600 -0.793221593 -0.001297354 -0.007476923 0.999971271 22.827808380
0.999993682 -0.003548596 0.000046336 0.459844440 0.003548118 0.999962389 0.007917583 -0.832371354 -0.000074431 -0.007917369 0.999968648 23.236431122
0.999990821 -0.004290778 -0.000134690 0.462273151 0.004291713 0.999959230 0.007945511 -0.844700217 0.000100593 -0.007946015 0.999968410 23.754964828
0.999995172 -0.003044619 -0.000617721 0.463363469 0.003049532 0.999962449 0.008113742 -0.856948853 0.000592994 -0.008115586 0.999966919 24.207008362
0.999993086 -0.003365551 -0.001608040 0.478530765 0.003379156 0.999957919 0.008534311 -0.871896267 0.001579250 -0.008539686 0.999962330 24.747676849
0.999992251 -0.003092342 -0.002457648 0.485039115 0.003114260 0.999955058 0.008964787 -0.887574494 0.002429815 -0.008972370 0.999956846 25.289573669
0.999994636 -0.002259911 -0.002389854 0.489806890 0.002280509 0.999960005 0.008651839 -0.890405178 0.002370206 -0.008657241 0.999959707 25.814594269
0.999988019 -0.004024630 -0.002784678 0.482952237 0.004050300 0.999948740 0.009274639 -0.914910436 0.002747208 -0.009285807 0.999953032 26.270807266
0.999981165 -0.004820533 -0.003794043 0.502141297 0.004857071 0.999941289 0.009680729 -0.932607055 0.003747154 -0.009698974 0.999945879 26.810024261
0.999987245 -0.003183990 -0.003946627 0.512969196 0.003221136 0.999950171 0.009441499 -0.947903037 0.003916370 -0.009454089 0.999947667 27.271757126
0.999983013 -0.003645319 -0.004555464 0.519986749 0.003688020 0.999948919 0.009400493 -0.954258740 0.004520964 -0.009417133 0.999945462 27.817821503
0.999983788 -0.003196925 -0.004718766 0.527306020 0.003241784 0.999949276 0.009529513 -0.970638633 0.004688062 -0.009544655 0.999943495 28.371683121
0.999980092 -0.003805661 -0.005019217 0.526587725 0.003852947 0.999947965 0.009445245 -0.984823346 0.004983010 -0.009464397 0.999942780 28.804548264
0.999976635 -0.004082981 -0.005481320 0.529782593 0.004137255 0.999942183 0.009927218 -0.995454192 0.005440471 -0.009949664 0.999935687 29.345565796
0.999970198 -0.004415069 -0.006329949 0.552796721 0.004478834 0.999939024 0.010095057 -1.009509325 0.006284992 -0.010123107 0.999929011 29.885246277
0.999976099 -0.004004904 -0.005633572 0.539216638 0.004063385 0.999937594 0.010407954 -1.023471236 0.005591537 -0.010430594 0.999929905 30.372665405
0.999973059 -0.004225956 -0.006001109 0.548292518 0.004288008 0.999937057 0.010365166 -1.041629672 0.005956930 -0.010390620 0.999928296 30.924726486
0.999971330 -0.004054222 -0.006399632 0.577694297 0.004122427 0.999934494 0.010680666 -1.064264417 0.006355911 -0.010706741 0.999922454 31.424915314
0.999972463 -0.003881340 -0.006312081 0.581834793 0.003949837 0.999933064 0.010875777 -1.080015779 0.006269445 -0.010900411 0.999920905 31.878072739
0.999970496 -0.003964857 -0.006574653 0.565169513 0.004033919 0.999936461 0.010524611 -1.072196245 0.006532506 -0.010550824 0.999922931 32.468070984
0.999973476 -0.003658360 -0.006292296 0.563819468 0.003727299 0.999932826 0.010979517 -1.079813361 0.006251704 -0.011002680 0.999919951 33.037471771
0.999970615 -0.003676034 -0.006733105 0.573755860 0.003748994 0.999934018 0.010855669 -1.087267637 0.006692755 -0.010880591 0.999918342 33.567916870
0.999969423 -0.003680086 -0.006906710 0.584518015 0.003755818 0.999932647 0.010984304 -1.105659604 0.006865820 -0.011009910 0.999915779 34.087627411
0.999969542 -0.003770747 -0.006838372 0.604026139 0.003846758 0.999930620 0.011136495 -1.117475390 0.006795905 -0.011162461 0.999914646 34.595405579
0.999954581 -0.005594181 -0.007712562 0.619951129 0.005680603 0.999920785 0.011229426 -1.138810158 0.007649133 -0.011272728 0.999907136 35.013996124
0.999956667 -0.004974244 -0.007865172 0.629222989 0.005060704 0.999926627 0.011011501 -1.149415612 0.007809821 -0.011050829 0.999908388 35.568931580
0.999954164 -0.004931973 -0.008209573 0.642660975 0.005023280 0.999925375 0.011138845 -1.162075520 0.008154024 -0.011179574 0.999904275 36.110610962
0.999951780 -0.005046098 -0.008428910 0.650658607 0.005143339 0.999920011 0.011555067 -1.177569389 0.008369927 -0.011597862 0.999897659 36.664482117
0.999944150 -0.005579729 -0.008973645 0.659076095 0.005682504 0.999918103 0.011468509 -1.179814816 0.008908918 -0.011518862 0.999893904 37.221828461
0.999952555 -0.004586888 -0.008596105 0.641905665 0.004688461 0.999918997 0.011833419 -1.283465743 0.008541130 -0.011873161 0.999893010 37.671249390
0.999947071 -0.004759327 -0.009129921 0.655423701 0.004865129 0.999920905 0.011601498 -1.293742180 0.009073984 -0.011645301 0.999891043 38.219120026
0.999949634 -0.004652107 -0.008892709 0.657792509 0.004757700 0.999917984 0.011890114 -1.306845307 0.008836665 -0.011931824 0.999889731 38.759132385
0.999946475 -0.004868768 -0.009132784 0.665880442 0.004979169 0.999914408 0.012104865 -1.321220160 0.009073066 -0.012149692 0.999885082 39.305435181
0.999948978 -0.004515497 -0.009037747 0.666835427 0.004618853 0.999923766 0.011447972 -1.314727306 0.008985366 -0.011489131 0.999893546 39.867298126
0.999948621 -0.004402940 -0.009125383 0.656771541 0.004508283 0.999923110 0.011555663 -1.320777297 0.009073802 -0.011596211 0.999891520 40.405605316
0.999947906 -0.004681902 -0.009060436 0.656334043 0.004801782 0.999900639 0.013254949 -1.394189596 0.008997476 -0.013297764 0.999871075 40.844436646
0.999945700 -0.004929426 -0.009174522 0.663227379 0.005048343 0.999902964 0.012983909 -1.394582748 0.009109627 -0.013029520 0.999873579 41.394542694
0.999941945 -0.005108947 -0.009481113 0.672544599 0.005234527 0.999898314 0.013268007 -1.404589891 0.009412362 -0.013316864 0.999867022 41.945365906
0.999944091 -0.004903730 -0.009370193 0.684140325 0.005024802 0.999903619 0.012941432 -1.416125655 0.009305828 -0.012987791 0.999872327 42.485019684
0.999940991 -0.005308937 -0.009476417 0.681343675 0.005433740 0.999898195 0.013193073 -1.428637028 0.009405411 -0.013243787 0.999868035 42.979034424
0.999941349 -0.005032779 -0.009589992 0.687393486 0.005159379 0.999899268 0.013222629 -1.439684391 0.009522480 -0.013271333 0.999866545 43.505733490
0.999944508 -0.004657780 -0.009451271 0.690999985 0.004778464 0.999906838 0.012786957 -1.446947098 0.009390832 -0.012831410 0.999873579 44.062671661
0.999940097 -0.004902267 -0.009786272 0.705659270 0.005028653 0.999903738 0.012931997 -1.457360983 0.009721934 -0.012980435 0.999868453 44.577678680
0.999941885 -0.004999300 -0.009547742 0.709944606 0.005124872 0.999900103 0.013173243 -1.470607758 0.009480931 -0.013221408 0.999867678 45.103988647
0.999939978 -0.005032698 -0.009733535 0.699243546 0.005163014 0.999896765 0.013409846 -1.483327866 0.009665044 -0.013459295 0.999862671 45.674755096
0.999934852 -0.005665409 -0.009907553 0.715874851 0.005801401 0.999888599 0.013751566 -1.492364764 0.009828541 -0.013808147 0.999856293 46.117126465
0.999926388 -0.005656436 -0.010728648 0.723193586 0.005789699 0.999905944 0.012431136 -1.468372703 0.010657323 -0.012492338 0.999865174 46.910419464
0.999938250 -0.005321604 -0.009754526 0.727551818 0.005454691 0.999891698 0.013668190 -1.507696152 0.009680733 -0.013720554 0.999858916 47.162422180
0.999915659 -0.007169432 -0.010829413 0.749822080 0.007318639 0.999878049 0.013801740 -1.528099298 0.010729142 -0.013879832 0.999846041 47.727500916
0.999936223 -0.005578368 -0.009822615 0.737813592 0.005713504 0.999888599 0.013783787 -1.528767586 0.009744631 -0.013839031 0.999856770 48.207683563
0.999942183 -0.004892383 -0.009580719 0.732270360 0.005024865 0.999891341 0.013853091 -1.534694314 0.009511905 -0.013900431 0.999858141 48.754348755
0.999933600 -0.005510804 -0.010119446 0.747382164 0.005650863 0.999887943 0.013864530 -1.545073628 0.010041908 -0.013920794 0.999852657 49.252548218
0.999930859 -0.005627543 -0.010319382 0.754531085 0.005770212 0.999887526 0.013848001 -1.550081968 0.010240288 -0.013906590 0.999850869 49.800800323
0.999932230 -0.005652259 -0.010175252 0.756132007 0.005797362 0.999881089 0.014287857 -1.565253258 0.010093283 -0.014345880 0.999846101 50.284744263
0.999932528 -0.005708987 -0.010115077 0.763871312 0.005852560 0.999881744 0.014221621 -1.574968576 0.010032688 -0.014279861 0.999847651 50.840293884
0.999934196 -0.005563911 -0.010032544 0.764082015 0.005706606 0.999882102 0.014251088 -1.581451893 0.009952070 -0.014307399 0.999848127 51.340042114
0.999930561 -0.005762819 -0.010285940 0.772270322 0.005906347 0.999884784 0.013978392 -1.587222576 0.010204201 -0.014038173 0.999849379 51.888065338
0.999933779 -0.005604253 -0.010045114 0.772356510 0.005745803 0.999883771 0.014118386 -1.599471807 0.009964823 -0.014175173 0.999849856 52.370910645
0.999932766 -0.005550650 -0.010185239 0.778157294 0.005696050 0.999881506 0.014302507 -1.609208584 0.010104644 -0.014359560 0.999845862 52.913990021
0.999931216 -0.005906956 -0.010131708 0.780641377 0.006051247 0.999879837 0.014270504 -1.616930962 0.010046197 -0.014330831 0.999846756 53.468662262
0.999930918 -0.005738048 -0.010259289 0.793335021 0.005883880 0.999881387 0.014241462 -1.620806456 0.010176351 -0.014300844 0.999845922 53.926002502
0.999933779 -0.005759981 -0.009959765 0.794420481 0.005899198 0.999884546 0.014005526 -1.628887892 0.009877943 -0.014063355 0.999852300 54.473243713
0.999931335 -0.005800599 -0.010182885 0.796166182 0.005944961 0.999881446 0.014204403 -1.644782305 0.010099282 -0.014263964 0.999847233 55.017539978
0.999933600 -0.005582619 -0.010087003 0.792050064 0.005725467 0.999882936 0.014188578 -1.648162842 0.010006612 -0.014245389 0.999848425 55.588291168
0.999928951 -0.006335891 -0.010099911 0.778061330 0.006483705 0.999871373 0.014670302 -1.675719261 0.010005660 -0.014734745 0.999841392 56.128059387
0.999927521 -0.006163336 -0.010341971 0.837098479 0.006314346 0.999872983 0.014633114 -1.674411774 0.010250470 -0.014697357 0.999839365 56.474990845
0.999925971 -0.006204282 -0.010467196 0.845376492 0.006354640 0.999876261 0.014393173 -1.679170728 0.010376602 -0.014458622 0.999841511 57.016250610
0.999925137 -0.006265101 -0.010508873 0.847078979 0.006416263 0.999875546 0.014412737 -1.686564922 0.010417266 -0.014479086 0.999840915 57.518333435
0.999925196 -0.006357044 -0.010439426 0.853328347 0.006508209 0.999873459 0.014510644 -1.695625782 0.010345860 -0.014577501 0.999840260 58.061306000
0.999921560 -0.006709232 -0.010572914 0.859815240 0.006863123 0.999870062 0.014586806 -1.702697039 0.010473674 -0.014658228 0.999837756 58.593391418
0.999918222 -0.006841578 -0.010797321 0.882517815 0.006998759 0.999869108 0.014587490 -1.715747833 0.010696106 -0.014661866 0.999835312 59.106384277
0.999912798 -0.006942961 -0.011228877 0.896458566 0.007107740 0.999866664 0.014701855 -1.718498468 0.011125306 -0.014780387 0.999828875 59.608188629
0.999921083 -0.006699229 -0.010622210 0.841123223 0.006853024 0.999871254 0.014508987 -1.733986259 0.010523644 -0.014580636 0.999838352 60.191066742
0.999927402 -0.006056427 -0.010412259 0.895074427 0.006209985 0.999871492 0.014779261 -1.748690248 0.010321412 -0.014842848 0.999836504 60.609340668
0.999924958 -0.006217417 -0.010550797 0.894914150 0.006374730 0.999867976 0.014942464 -1.750890493 0.010456502 -0.015008600 0.999832630 61.169132233
0.999932706 -0.005497696 -0.010208127 0.900822043 0.005652919 0.999867916 0.015239744 -1.769017816 0.010122995 -0.015296425 0.999831736 61.712936401
0.999931872 -0.005591358 -0.010247745 0.895362198 0.005743749 0.999872386 0.014902028 -1.772959232 0.010163117 -0.014959872 0.999836385 62.223461151
0.999920726 -0.006339527 -0.010881021 0.899816930 0.006502570 0.999866247 0.015014799 -1.784220695 0.010784377 -0.015084364 0.999828041 62.699325562
0.999921560 -0.006314446 -0.010814410 0.903936327 0.006474976 0.999868453 0.014873938 -1.792061567 0.010719066 -0.014942793 0.999830842 63.251197815
0.999914885 -0.007027196 -0.010994072 0.912471294 0.007192948 0.999859989 0.015110224 -1.800325871 0.010886351 -0.015188015 0.999825358 63.789333344
0.999915779 -0.006950479 -0.010962468 0.919667721 0.007115497 0.999860942 0.015086445 -1.809103012 0.010856085 -0.015163178 0.999826074 64.312393188
0.999929667 -0.005723472 -0.010390388 0.909772217 0.005881712 0.999866188 0.015263367 -1.826459646 0.010301639 -0.015323403 0.999829471 64.724395752
0.999931991 -0.005412423 -0.010338253 0.909451783 0.005567584 0.999871373 0.015039064 -1.822206020 0.010255528 -0.015095598 0.999833465 65.273338318
0.999927580 -0.005898406 -0.010495198 0.915323913 0.006056821 0.999867260 0.015126765 -1.832037687 0.010404582 -0.015189235 0.999830484 65.792526245
0.999928832 -0.005913119 -0.010366521 0.934858263 0.006071463 0.999864340 0.015310101 -1.840881228 0.010274583 -0.015371948 0.999828994 66.295265198
0.999925017 -0.005890065 -0.010737295 0.939505041 0.006056172 0.999861419 0.015503847 -1.858311534 0.010644487 -0.015567711 0.999822140 66.796951294
0.999925435 -0.005900832 -0.010684571 0.949846268 0.006064024 0.999864399 0.015306266 -1.871039629 0.010592801 -0.015369916 0.999825776 67.315444946
0.999923050 -0.005841943 -0.010947281 0.955048084 0.006007558 0.999867082 0.015157163 -1.869098902 0.010857280 -0.015221762 0.999825180 67.862968445
0.999922276 -0.005849807 -0.011012300 0.977472126 0.006014328 0.999869883 0.014966549 -1.879603624 0.010923316 -0.015031618 0.999827325 68.420188904
0.999925911 -0.006013187 -0.010586222 0.958577156 0.006177329 0.999860168 0.015541541 -1.897428155 0.010491287 -0.015605782 0.999823153 68.893218994
0.999923229 -0.006261037 -0.010698048 0.963299990 0.006420938 0.999867260 0.014978458 -1.896129012 0.010602847 -0.015045998 0.999830544 69.445205688
0.999928296 -0.005857526 -0.010450020 0.967031121 0.006014528 0.999868631 0.015056472 -1.905784965 0.010360453 -0.015118241 0.999832034 70.001121521
0.999923110 -0.006363593 -0.010647487 0.978275418 0.006529639 0.999856472 0.015633410 -1.925362706 0.010546473 -0.015701734 0.999821007 70.530555725
0.999922097 -0.006277372 -0.010790701 0.977698028 0.006447855 0.999853730 0.015837617 -1.933724165 0.010689706 -0.015905960 0.999816298 70.999862671
0.999919832 -0.006176575 -0.011063139 0.982453048 0.006351634 0.999854088 0.015859000 -1.946358681 0.010963571 -0.015927996 0.999813020 71.540176392
0.999919415 -0.006468319 -0.010924932 0.988722205 0.006639380 0.999854743 0.015694788 -1.948020101 0.010821828 -0.015766054 0.999817133 72.040168762
0.999917030 -0.006666290 -0.011024322 0.992891490 0.006836874 0.999856293 0.015508814 -1.957685947 0.010919353 -0.015582897 0.999818921 72.588584900
0.999916077 -0.006806554 -0.011024965 1.002387524 0.006980304 0.999850750 0.015798518 -1.968631387 0.010915784 -0.015874147 0.999814391 73.110275269
0.999917626 -0.006904481 -0.010824399 0.990662992 0.007070317 0.999857008 0.015357941 -1.965597749 0.010716813 -0.015433206 0.999823391 73.667945862
0.999911249 -0.007194474 -0.011210511 1.002266049 0.007367157 0.999853611 0.015439287 -1.976072550 0.011097793 -0.015520505 0.999817967 74.204681396
0.999925733 -0.006215177 -0.010479244 0.994302273 0.006383575 0.999849796 0.016113460 -2.003879547 0.010377521 -0.016179163 0.999815226 74.644378662
0.999921918 -0.006359345 -0.010758515 0.995966792 0.006529440 0.999853075 0.015849676 -2.009102345 0.010656140 -0.015918685 0.999816477 75.190910339
0.999919116 -0.006722197 -0.010795534 1.011712790 0.006891642 0.999852359 0.015736111 -2.019043446 0.010688159 -0.015809240 0.999817848 75.698722839
0.999921739 -0.006633271 -0.010605453 1.007473946 0.006802834 0.999848247 0.016032977 -2.020019531 0.010497495 -0.016103864 0.999815226 76.224822998
0.999922931 -0.006612104 -0.010509888 1.011158943 0.006777545 0.999852419 0.015784539 -2.029588699 0.010403967 -0.015854547 0.999820292 76.754074097
0.999928713 -0.006160424 -0.010231193 1.012483358 0.006322395 0.999853909 0.015874926 -2.037794590 0.010131902 -0.015938479 0.999821603 77.285583496
0.999930680 -0.006316055 -0.009929146 1.017813087 0.006472363 0.999854326 0.015789809 -2.041114330 0.009827968 -0.015852980 0.999826014 77.826889038
0.999941766 -0.006319908 -0.008745947 1.021776438 0.006456200 0.999856710 0.015643960 -2.045666695 0.008645825 -0.015699513 0.999839306 78.356010437
0.999956131 -0.005829372 -0.007330899 1.032901049 0.005943585 0.999859750 0.015655670 -2.058398485 0.007238608 -0.015698556 0.999850571 78.878082275
0.999962568 -0.006277649 -0.005958261 1.042530060 0.006369098 0.999860227 0.015455495 -2.061190128 0.005860406 -0.015492865 0.999862790 79.416351318
0.999979079 -0.006026477 -0.002344543 1.058640361 0.006062228 0.999860644 0.015552646 -2.070731163 0.002250489 -0.015566534 0.999876320 79.952606201
0.999980867 -0.005977601 0.001530466 1.072445512 0.005952661 0.999857247 0.015811576 -2.079750776 -0.001624764 -0.015802165 0.999873877 80.500274658
0.999970317 -0.006413691 0.004272416 1.090432048 0.006346175 0.999857664 0.015633309 -2.081385612 -0.004372074 -0.015605730 0.999868631 81.051383972
0.999935925 -0.004875073 0.010220627 1.100810766 0.004712874 0.999863446 0.015834257 -2.080704451 -0.010296427 -0.015785074 0.999822378 81.635108948
0.999867618 -0.006302143 0.015002331 1.142913818 0.006065082 0.999856830 0.015794994 -2.098133326 -0.015099723 -0.015701912 0.999762654 82.139564514
0.999762297 -0.006800961 0.020720404 1.173162341 0.006476664 0.999856114 0.015678244 -2.105621338 -0.020824049 -0.015540318 0.999662280 82.687164307
0.999638975 -0.007037186 0.025927972 1.210618258 0.006638963 0.999859095 0.015413016 -2.107584476 -0.026032783 -0.015235315 0.999544978 83.231964111
0.999411702 -0.007023669 0.033570006 1.252125621 0.006503255 0.999857366 0.015586483 -2.112129211 -0.033674691 -0.015358999 0.999314845 83.777633667
0.999118209 -0.007667685 0.041277982 1.288986683 0.007028974 0.999853611 0.015596362 -2.120731831 -0.041391522 -0.015292469 0.999025881 84.326606750
0.998824477 -0.008600805 0.047704149 1.335579157 0.007876241 0.999850988 0.015355955 -2.121234417 -0.047829121 -0.014962174 0.998743415 84.872200012
0.998351336 -0.008138452 0.056818414 1.390564680 0.007270659 0.999854028 0.015463129 -2.129117966 -0.056935959 -0.015024526 0.998264790 85.420310974
0.997733474 -0.008352431 0.066769108 1.449619293 0.007311587 0.999848068 0.015817912 -2.141271114 -0.066891097 -0.015293872 0.997642994 85.979721069
0.997124255 -0.008821057 0.075268283 1.515764236 0.007637070 0.999842763 0.016003551 -2.152712822 -0.075397611 -0.015382699 0.997034907 86.520202637
0.996465862 -0.008464036 0.083571181 1.570371628 0.007163329 0.999848723 0.015851667 -2.156530619 -0.083692700 -0.015196996 0.996375740 87.068115234
0.995481968 -0.007663387 0.094641581 1.639486790 0.006172167 0.999852359 0.016039187 -2.161010265 -0.094750509 -0.015382577 0.995382249 87.611869812
0.994529128 -0.009744356 0.104003660 1.747577667 0.008120061 0.999838531 0.016029701 -2.180765152 -0.104143061 -0.015097489 0.994447708 88.128509521
0.993509412 -0.009777429 0.113328442 1.835283279 0.007993235 0.999837041 0.016187277 -2.193207026 -0.113468245 -0.015176351 0.993425727 88.692192078
0.992159545 -0.009452110 0.124619097 1.924335480 0.007495960 0.999841392 0.016156610 -2.197782278 -0.124752030 -0.015095797 0.992073178 89.239776611
0.990648985 -0.010137074 0.136058122 2.026818275 0.007951482 0.999830663 0.016597535 -2.213611364 -0.136203289 -0.015360465 0.990561843 89.774185181
0.989134908 -0.010833513 0.146610439 2.139034271 0.008475469 0.999824643 0.016698882 -2.222273350 -0.146765620 -0.015274857 0.989053369 90.336975098
0.987532616 -0.010952933 0.157033190 2.247633934 0.008446403 0.999826133 0.016620247 -2.227466583 -0.157187939 -0.015086669 0.987453461 90.882392883
0.985374689 -0.011013440 0.170045927 2.368600845 0.008346687 0.999830723 0.016389484 -2.234561443 -0.170197681 -0.014730459 0.985299826 91.411705017
0.983155727 -0.011279171 0.182421327 2.481927872 0.008272541 0.999817252 0.017234335 -2.250020981 -0.182582393 -0.015434949 0.983069539 91.953430176
0.981183946 -0.012016339 0.192700922 2.609786034 0.008896854 0.999815106 0.017045429 -2.251163006 -0.192870125 -0.015010268 0.981109500 92.509361267
0.978502572 -0.012268468 0.205869347 2.745357513 0.008901634 0.999811232 0.017272502 -2.253433704 -0.206042409 -0.015068613 0.978427052 93.045242310
0.975578725 -0.012193415 0.219311327 2.891016006 0.008522081 0.999807417 0.017678546 -2.268081665 -0.219484702 -0.015377824 0.975494683 93.579261780
0.972843111 -0.011833102 0.231162965 3.027004242 0.007901592 0.999808133 0.017925980 -2.274007797 -0.231330752 -0.015612612 0.972749949 94.099983215
0.969942212 -0.011787470 0.243049577 3.194919586 0.007628311 0.999808013 0.018046465 -2.283027649 -0.243215680 -0.015649971 0.969845951 94.649703979
0.966373205 -0.012408040 0.256844133 3.360912323 0.007929135 0.999798000 0.018466571 -2.288817883 -0.257021368 -0.015809050 0.966276407 95.182624817
0.963036120 -0.012658378 0.269074976 3.532903671 0.008027085 0.999800205 0.018305218 -2.294270992 -0.269252867 -0.015468701 0.962945223 95.702415466
0.959826827 -0.013138979 0.280285180 3.720817566 0.008280710 0.999794483 0.018510517 -2.300266266 -0.280470818 -0.015445932 0.959738255 96.233459473
0.955488503 -0.012717214 0.294753999 3.903177261 0.007442391 0.999791682 0.019010585 -2.301750183 -0.294934332 -0.015970720 0.955384016 96.771415710
0.951182842 -0.013389361 0.308337331 4.100973129 0.008032437 0.999794185 0.018636359 -2.302245140 -0.308523357 -0.015249887 0.951094508 97.313301086
0.947422028 -0.013932279 0.319683135 4.297296524 0.008300124 0.999785662 0.018973691 -2.306121349 -0.319878846 -0.015322686 0.947334528 97.838111877
0.943104565 -0.014210586 0.332192421 4.508705139 0.008308504 0.999781430 0.019180726 -2.314353466 -0.332392484 -0.015329409 0.943016589 98.341682434
0.937969327 -0.014332493 0.346422225 4.722270966 0.008106147 0.999778628 0.019415621 -2.319367409 -0.346623927 -0.015403107 0.937877655 98.857635498
0.933377802 -0.014931342 0.358584523 4.946430206 0.008534851 0.999775112 0.019414505 -2.322057009 -0.358793736 -0.015060605 0.933295310 99.368148804
0.929208338 -0.015328105 0.369238257 5.167770386 0.008735586 0.999771416 0.019519698 -2.324320078 -0.369452953 -0.014912357 0.929129779 99.880485535
0.923692703 -0.015039140 0.382838845 5.399093628 0.008298385 0.999780238 0.019252691 -2.322314739 -0.383044302 -0.014606627 0.923614502 100.385650635
0.918159246 -0.015120436 0.395922989 5.634765625 0.008154233 0.999781013 0.019272039 -2.323212385 -0.396127611 -0.014466353 0.918081462 100.881660461
0.913203299 -0.015639368 0.407204032 5.880416870 0.008545289 0.999778509 0.019234382 -2.327729464 -0.407414645 -0.014085226 0.913134634 101.376853943
0.906926513 -0.016105542 0.420980901 6.138092041 0.008825705 0.999775946 0.019235244 -2.325385332 -0.421196431 -0.013729501 0.906865478 101.871253967
0.900359035 -0.016376669 0.434839547 6.404018402 0.008788931 0.999772131 0.019454863 -2.334475994 -0.435059041 -0.013694585 0.900297761 102.344360352
0.894510746 -0.017077236 0.446720064 6.675628662 0.009172062 0.999760926 0.019852806 -2.341816902 -0.446952194 -0.013661203 0.894453466 102.825462341
0.888919652 -0.017497649 0.457728863 6.947502136 0.009331805 0.999754548 0.020095149 -2.340026140 -0.457968116 -0.013591538 0.888864696 103.311248779
0.881854475 -0.017953819 0.471179754 7.221973419 0.009691890 0.999753892 0.019955363 -2.342178822 -0.471422106 -0.013031103 0.881811440 103.779418945
0.875010431 -0.018334124 0.483756781 7.509258270 0.009752382 0.999747336 0.020249965 -2.344543457 -0.484005898 -0.013001148 0.874968171 104.251937866
0.869214356 -0.019251058 0.494060487 7.796554565 0.010512717 0.999735415 0.020459354 -2.345878601 -0.494323701 -0.012589648 0.869186759 104.713348389
