1.000000000 0.000000000 0.000000000 0.000000000 0.000000000 1.000000000 0.000000000 0.000000000 0.000000000 0.000000000 1.000000000 0.000000000
1.000000000 0.000084304 0.000118322 -0.001145463 -0.000084307 1.000000000 0.000032264 0.000438918 -0.000118319 -0.000032274 1.000000000 0.001026882
0.999999940 0.000228070 0.000181088 -0.001838200 -0.000228080 1.000000000 0.000053403 0.000788115 -0.000181075 -0.000053444 1.000000000 0.001826184
1.000000000 0.000172232 -0.000005091 0.000226076 -0.000172231 1.000000000 0.000163036 -0.001229803 0.000005119 -0.000163035 1.000000000 -0.000428080
0.999999940 0.000245403 0.000145488 -0.001278754 -0.000245414 0.999999940 0.000070792 0.000319742 -0.000145470 -0.000070828 1.000000000 0.000167016
1.000000000 0.000060691 -0.000001297 -0.000549364 -0.000060691 1.000000000 0.000081728 -0.000142721 0.000001302 -0.000081728 1.000000000 -0.000301634
1.000000000 0.000039921 0.000123878 -0.002155669 -0.000039906 1.000000000 -0.000123032 0.002015539 -0.000123883 0.000123027 1.000000000 0.003451072
1.000000000 -0.000056276 0.000176853 -0.001473452 0.000056254 1.000000000 0.000127411 0.000692350 -0.000176860 -0.000127401 1.000000000 0.002970263
1.000000000 0.000050478 0.000141484 -0.001400437 -0.000050465 1.000000000 -0.000090775 0.001796503 -0.000141489 0.000090768 1.000000000 0.002628179
1.000000000 -0.000050108 0.000181313 -0.001139320 0.000050107 1.000000000 0.000006506 0.000537013 -0.000181313 -0.000006496 1.000000000 0.000602274
0.999999940 -0.000078175 0.000234521 -0.001414948 0.000078191 1.000000000 -0.000068376 0.002082316 -0.000234516 0.000068394 0.999999940 0.002502103
1.000000000 0.000111283 0.000110726 -0.000701374 -0.000111287 1.000000000 0.000040253 0.000008905 -0.000110721 -0.000040265 1.000000000 0.000610672
1.000000000 0.000087786 0.000170225 -0.001051174 -0.000087794 1.000000000 0.000044362 0.000737729 -0.000170221 -0.000044377 1.000000000 0.002759068
0.999999940 0.000044483 0.000246969 -0.002572799 -0.000044514 1.000000000 0.000128937 0.001089862 -0.000246963 -0.000128948 0.999999940 0.004338562
1.000000000 0.000098671 0.000175733 -0.002337930 -0.000098675 1.000000000 0.000024552 0.001395426 -0.000175731 -0.000024569 1.000000000 0.003583601
1.000000000 0.000099765 0.000085099 -0.000944855 -0.000099773 1.000000000 0.000091299 -0.000024996 -0.000085090 -0.000091308 1.000000000 0.001369602
1.000000000 0.000005565 0.000115005 -0.002101560 -0.000005571 1.000000000 0.000055524 0.001044750 -0.000115005 -0.000055525 1.000000000 0.003691358
0.999999881 0.000233859 0.000403267 -0.003498028 -0.000233874 1.000000000 0.000036935 0.001343625 -0.000403258 -0.000037029 0.999999940 0.004428333
0.999999940 0.000316321 0.000275230 -0.003237461 -0.000316330 0.999999940 0.000033450 0.000884188 -0.000275220 -0.000033538 0.999999940 0.003369601
0.999999940 0.000303083 0.000242382 -0.002540491 -0.000303111 0.999999940 0.000117738 0.000296120 -0.000242347 -0.000117812 0.999999940 0.003442520
0.999999881 0.000325938 0.000273595 -0.002741127 -0.000325992 0.999999940 0.000199376 0.000411145 -0.000273530 -0.000199465 0.999999940 0.003959871
0.999999821 0.000446918 0.000333650 -0.003472953 -0.000446947 0.999999881 0.000086986 0.000663155 -0.000333611 -0.000087135 0.999999940 0.003699975
0.999999940 0.000149453 0.000224138 -0.002416772 -0.000149477 1.000000000 0.000107427 0.000870641 -0.000224122 -0.000107461 0.999999940 0.003093379
0.999999940 0.000195568 0.000349223 -0.002004615 -0.000195600 1.000000000 0.000091040 0.000207066 -0.000349205 -0.000091108 0.999999940 0.002117648
0.999999940 0.000176367 0.000275594 -0.002375741 -0.000176349 1.000000000 -0.000066657 0.000962235 -0.000275606 0.000066609 0.999999940 0.000740391
1.000000000 0.000072507 0.000214246 -0.001281932 -0.000072498 1.000000000 -0.000042929 0.002013224 -0.000214250 0.000042914 1.000000000 0.003258043
0.999999940 0.000019265 0.000251659 -0.002184151 -0.000019272 1.000000000 0.000031185 0.001101725 -0.000251659 -0.000031190 0.999999940 0.002087275
0.999999940 0.000135649 0.000282015 -0.002609118 -0.000135625 1.000000000 -0.000086652 0.002195062 -0.000282027 0.000086613 0.999999940 0.004286658
0.999999881 0.000283989 0.000374020 -0.003884959 -0.000283948 0.999999940 -0.000108618 0.002581712 -0.000374051 0.000108512 0.999999940 0.003354214
0.999999940 0.000202041 0.000356868 -0.003644680 -0.000202071 1.000000000 0.000085431 0.001016821 -0.000356850 -0.000085503 0.999999940 0.002115994
0.999999940 0.000238125 0.000328870 -0.003568646 -0.000238168 0.999999940 0.000129445 0.000298214 -0.000328839 -0.000129524 0.999999940 0.002814696
1.000000000 0.000096801 0.000220407 -0.001258755 -0.000096820 1.000000000 0.000086805 0.000890223 -0.000220399 -0.000086827 1.000000000 0.001647599
0.999999881 0.000346629 0.000382637 -0.004189902 -0.000346633 0.999999940 0.000011207 0.002148603 -0.000382633 -0.000011339 0.999999940 0.004586252
0.999999821 0.000394400 0.000432213 -0.003509802 -0.000394426 0.999999940 0.000059419 0.001082626 -0.000432190 -0.000059590 0.999999881 0.003127328
0.999999940 0.000307470 0.000239247 -0.000954995 -0.000307509 0.999999940 0.000163916 -0.000171020 -0.000239197 -0.000163990 0.999999940 0.000648015
0.999999821 0.000487034 0.000385905 -0.003743130 -0.000487046 0.999999881 0.000031312 0.002704006 -0.000385890 -0.000031500 0.999999940 0.005600407
0.999999881 0.000343154 0.000349340 -0.003880799 -0.000343150 0.999999940 -0.000010551 0.004223026 -0.000349343 0.000010431 0.999999940 0.007635569
0.999999940 -0.000037029 0.000253712 -0.001242963 0.000036994 1.000000000 0.000138346 0.000837728 -0.000253717 -0.000138337 0.999999940 0.002630686
0.999999881 0.000331222 0.000400438 -0.003210804 -0.000331288 0.999999940 0.000164509 0.000956899 -0.000400383 -0.000164642 0.999999881 0.003573496
0.999999940 0.000075064 0.000250876 -0.001400863 -0.000075076 1.000000000 0.000049983 0.001666936 -0.000250872 -0.000050002 0.999999940 0.002849866
0.999999881 0.000136271 0.000484685 -0.003314540 -0.000136281 1.000000000 0.000021367 0.001778652 -0.000484682 -0.000021433 0.999999881 0.005662946
0.999999940 -0.000027927 0.000258585 0.000436267 0.000028137 0.999999642 -0.000810881 0.000516374 -0.000258562 0.000810888 0.999999642 0.052503482
0.999999881 0.000327983 0.000420306 -0.000932817 -0.000327546 0.999999404 -0.001038551 -0.006929821 -0.000420647 0.001038413 0.999999344 0.128102809
0.999999940 0.000303265 0.000115020 0.002445852 -0.000303074 0.999998569 -0.001652816 -0.003012541 -0.000115521 0.001652781 0.999998629 0.255998522
0.999999940 0.000334402 0.000155353 0.005345766 -0.000334211 0.999999166 -0.001226732 -0.012767360 -0.000155763 0.001226680 0.999999225 0.384386748
1.000000000 0.000128499 0.000169070 0.008662234 -0.000128327 0.999999464 -0.001015155 -0.017339895 -0.000169200 0.001015134 0.999999464 0.524781823
0.999999881 0.000409574 0.000121940 0.012984691 -0.000409481 0.999999642 -0.000756064 -0.026286714 -0.000122250 0.000756014 0.999999702 0.667462707
0.999999821 0.000514658 0.000326141 0.016122686 -0.000514415 0.999999583 -0.000745829 -0.027565422 -0.000326525 0.000745661 0.999999642 0.835626423
0.999999642 0.000760258 -0.000391998 0.026682137 -0.000761024 0.999997795 -0.001957010 -0.017100513 0.000390509 0.001957308 0.999998033 1.004551649
0.999999642 0.000771150 -0.000436659 0.031731289 -0.000771822 0.999998569 -0.001540224 -0.024678327 0.000435471 0.001540560 0.999998689 1.183702707
0.999999583 0.000851480 -0.000370172 0.034017317 -0.000852260 0.999997377 -0.002112682 -0.025370350 0.000368372 0.002112997 0.999997675 1.366558552
0.999999523 0.000949075 -0.000426103 0.038570117 -0.000949946 0.999997437 -0.002048348 -0.030039577 0.000424158 0.002048751 0.999997795 1.553716063
0.999999344 0.001152302 -0.000167115 0.038548708 -0.001152644 0.999997258 -0.002058863 -0.032748029 0.000164742 0.002059054 0.999997854 1.759502411
0.999999523 0.000950293 -0.000413361 0.045897022 -0.000951113 0.999997556 -0.001987950 -0.041847032 0.000411471 0.001988342 0.999997914 1.953717351
0.999999642 0.000167724 -0.000735032 0.057261329 -0.000168574 0.999999344 -0.001155497 -0.056442928 0.000734837 0.001155621 0.999998987 2.165041685
0.999999762 0.000554618 -0.000527903 0.059235539 -0.000555300 0.999999046 -0.001292767 -0.060996126 0.000527185 0.001293059 0.999998987 2.383487940
0.999999464 0.000859439 -0.000528373 0.061920401 -0.000860040 0.999998987 -0.001139470 -0.068590492 0.000527394 0.001139924 0.999999166 2.609686852
0.999999583 0.000826304 -0.000343935 0.065595157 -0.000826714 0.999998927 -0.001194060 -0.073130324 0.000342948 0.001194344 0.999999225 2.837882042
0.999999881 0.000314603 0.000122731 0.057911027 -0.000314443 0.999999106 -0.001299048 -0.082947731 -0.000123140 0.001299009 0.999999106 3.085314989
0.999999702 0.000447451 -0.000373041 0.064985096 -0.000447987 0.999998868 -0.001437988 -0.089306764 0.000372397 0.001438154 0.999998868 3.327007771
0.999999821 0.000581347 0.000028535 0.071032964 -0.000581309 0.999998987 -0.001308065 -0.097296506 -0.000029295 0.001308048 0.999999166 3.573888540
0.999999881 0.000430591 -0.000260217 0.080080450 -0.000430917 0.999999106 -0.001253074 -0.106474422 0.000259677 0.001253186 0.999999225 3.826219082
0.999999642 0.000626435 -0.000564242 0.075306937 -0.000627047 0.999999225 -0.001085375 -0.113581225 0.000563561 0.001085728 0.999999225 4.105011940
0.999999285 0.000866828 -0.000794447 0.082003050 -0.000867470 0.999999285 -0.000808536 -0.120546907 0.000793745 0.000809225 0.999999344 4.363158226
0.999999523 0.000456472 -0.000902635 0.090184182 -0.000457025 0.999999762 -0.000612424 -0.129819706 0.000902355 0.000612836 0.999999344 4.619576931
0.999999464 0.000781438 -0.000648068 0.097454980 -0.000781723 0.999999642 -0.000440467 -0.141155794 0.000647723 0.000440974 0.999999702 4.868342400
0.999999404 0.001047363 0.000218074 0.081579983 -0.001047147 0.999998927 -0.000989260 -0.140703052 -0.000219109 0.000989031 0.999999464 5.134413242
0.999999821 0.000723619 0.000060830 0.089097038 -0.000723545 0.999999046 -0.001202846 -0.147429630 -0.000061700 0.001202802 0.999999225 5.398516655
0.999999166 0.001192526 0.000438552 0.088159293 -0.001192069 0.999998748 -0.001041194 -0.153927594 -0.000439793 0.001040670 0.999999285 5.669053555
0.999999285 0.001095942 0.000389072 0.089767449 -0.001095581 0.999998987 -0.000924605 -0.163423091 -0.000390085 0.000924179 0.999999523 5.936743259
0.999999642 0.000831928 0.000212528 0.098217621 -0.000831764 0.999999344 -0.000768347 -0.174181744 -0.000213167 0.000768169 0.999999762 6.212211132
0.999999642 0.000798266 0.000015613 0.108274050 -0.000798257 0.999999523 -0.000582350 -0.182286337 -0.000016078 0.000582338 0.999999881 6.499942303
0.999999583 0.000930601 0.000291285 0.112467989 -0.000930519 0.999999583 -0.000280998 -0.197234303 -0.000291547 0.000280726 1.000000000 6.779386520
0.999997854 0.001865041 0.000896565 0.105273485 -0.001864086 0.999997616 -0.001064737 -0.199276119 -0.000898549 0.001063064 0.999998987 7.083306313
0.999997675 0.001750476 0.001273636 0.108665109 -0.001749102 0.999997854 -0.001079259 -0.208006501 -0.001275522 0.001077028 0.999998569 7.381150246
0.999998629 0.001302246 0.001019537 0.120933063 -0.001301427 0.999998868 -0.000803196 -0.220075607 -0.001020581 0.000801868 0.999999166 7.698757172
0.999997735 0.001805159 0.001085353 0.123613387 -0.001804511 0.999998152 -0.000598024 -0.229710758 -0.001086431 0.000596064 0.999999225 8.006440163
0.999999523 0.000669735 0.000748947 0.139911175 -0.000669359 0.999999642 -0.000502413 -0.251616776 -0.000749283 0.000501911 0.999999583 8.331365585
0.999998212 0.001372301 0.001266789 0.145155400 -0.001371748 0.999998987 -0.000437436 -0.264369249 -0.001267388 0.000435697 0.999999166 8.654586792
0.999999106 0.000572817 0.001219555 0.157276452 -0.000572319 0.999999762 -0.000408757 -0.274694055 -0.001219789 0.000408059 0.999999166 8.986837387
0.999997854 0.001437887 0.001468229 0.147843838 -0.001437367 0.999998927 -0.000355308 -0.293117762 -0.001468738 0.000353197 0.999998868 9.333967209
0.999997258 0.001788368 0.001507002 0.159013122 -0.001788528 0.999998391 0.000104963 -0.306832552 -0.001506812 -0.000107658 0.999998927 9.671199799
0.999998271 0.001246655 0.001372041 0.168634906 -0.001246680 0.999999225 0.000017281 -0.313936085 -0.001372019 -0.000018992 0.999999106 10.022375107
0.999999523 0.000193746 0.000960467 0.189514339 -0.000193837 1.000000000 0.000095035 -0.327058911 -0.000960449 -0.000095221 0.999999464 10.392803192
0.999999404 0.000345322 0.001114663 0.194331169 -0.000345993 0.999999821 0.000601810 -0.342060149 -0.001114455 -0.000602196 0.999999166 10.749542236
0.999999046 0.000140314 0.001358774 0.199569747 -0.000140543 1.000000000 0.000168685 -0.344635338 -0.001358750 -0.000168876 0.999998987 11.115826607
0.999998152 0.000997578 0.001641190 0.199545205 -0.000997229 0.999999464 -0.000213543 -0.358427584 -0.001641402 0.000211906 0.999998629 11.505093575
0.999998271 0.000782919 0.001696697 0.203389764 -0.000783847 0.999999642 0.000546005 -0.379108042 -0.001696268 -0.000547334 0.999998391 11.874908447
0.999998450 0.000518059 0.001690654 0.214702561 -0.000518823 0.999999762 0.000451496 -0.391940564 -0.001690420 -0.000452373 0.999998450 12.258926392
0.999996662 0.001226887 0.002261796 0.208732530 -0.001226619 0.999999225 -0.000119935 -0.393995672 -0.002261941 0.000117160 0.999997437 12.670526505
0.999997258 0.000930627 0.002119353 0.220913962 -0.000931728 0.999999344 0.000518741 -0.407629043 -0.002118869 -0.000520714 0.999997675 13.065420151
0.999995351 0.001748462 0.002487109 0.223905802 -0.001748632 0.999998450 0.000066349 -0.418518811 -0.002486989 -0.000070698 0.999996901 13.464746475
0.999995291 0.001244771 0.002807314 0.235173970 -0.001245200 0.999999166 0.000151091 -0.428703457 -0.002807123 -0.000154586 0.999996066 13.873077393
0.999994278 0.001366074 0.003085561 0.235541344 -0.001366346 0.999998987 0.000086142 -0.439135104 -0.003085441 -0.000090357 0.999995172 14.299835205
0.999995172 0.001344426 0.002810961 0.255341768 -0.001344694 0.999999106 0.000093411 -0.452279299 -0.002810833 -0.000097191 0.999996006 14.724191666
0.999993682 0.001182322 0.003384840 0.262626439 -0.001184591 0.999999106 0.000668313 -0.464379817 -0.003384047 -0.000672319 0.999994099 15.151496887
0.999993801 0.001737882 0.003051966 0.280870736 -0.001739700 0.999998331 0.000593197 -0.485557526 -0.003050930 -0.000598502 0.999995172 15.579461098
0.999992728 0.001320673 0.003571160 0.290571451 -0.001321140 0.999999106 0.000128409 -0.493959665 -0.003570987 -0.000133126 0.999993622 16.019992828
0.999992669 0.001320822 0.003629180 0.304308146 -0.001322859 0.999998987 0.000558902 -0.508616328 -0.003628439 -0.000563699 0.999993265 16.462636948
0.999991596 0.001343383 0.003896579 0.311641395 -0.001344674 0.999999046 0.000328756 -0.519444942 -0.003896134 -0.000333993 0.999992311 16.914686203
0.999988854 0.001581022 0.004445973 0.320476264 -0.001583181 0.999998629 0.000481922 -0.534870923 -0.004445205 -0.000488956 0.999989986 17.369701385
0.999987721 0.001726014 0.004643633 0.330577642 -0.001729122 0.999998212 0.000665159 -0.545634270 -0.004642477 -0.000673180 0.999988973 17.829208374
0.999986529 0.001554557 0.004950730 0.340255111 -0.001555725 0.999998748 0.000232086 -0.553230047 -0.004950362 -0.000239785 0.999987662 18.300659180
0.999987125 0.001428284 0.004887604 0.362835467 -0.001430871 0.999998868 0.000525818 -0.568258047 -0.004886847 -0.000532805 0.999987900 18.758138657
0.999984086 0.001916064 0.005304945 0.371327072 -0.001918024 0.999998093 0.000364389 -0.578935564 -0.005304235 -0.000374558 0.999985814 19.234748840
0.999981821 0.001784713 0.005756596 0.386045992 -0.001786412 0.999998331 0.000289960 -0.589666605 -0.005756069 -0.000300238 0.999983370 19.721662521
0.999984086 0.001427795 0.005457995 0.396163702 -0.001432049 0.999998689 0.000775482 -0.611192822 -0.005456880 -0.000783286 0.999984741 20.196744919
0.999982476 0.001973692 0.005588577 0.408247024 -0.001978954 0.999997616 0.000936235 -0.627850652 -0.005586715 -0.000947279 0.999983907 20.691070557
0.999984443 0.001606748 0.005341973 0.421036661 -0.001608447 0.999998569 0.000313761 -0.629476905 -0.005341462 -0.000322348 0.999985695 21.203311920
0.999986291 0.001657503 0.004958821 0.429707587 -0.001657055 0.999998569 -0.000094397 -0.635642946 -0.004958971 0.000086178 0.999987721 21.710880280
0.999982953 0.001651047 0.005593986 0.423582226 -0.001650266 0.999998569 -0.000144219 -0.649975836 -0.005594216 0.000134985 0.999984384 22.211790085
0.999990702 0.001768723 0.003932531 0.452314824 -0.001770808 0.999998212 0.000526533 -0.675008595 -0.003931594 -0.000533492 0.999992132 22.707895279
0.999992609 0.002235098 0.003136807 0.467466801 -0.002237984 0.999997079 0.000916835 -0.693230808 -0.003134748 -0.000923848 0.999994695 23.223991394
0.999994814 0.001866642 0.002623162 0.475306511 -0.001868221 0.999998093 0.000599688 -0.706393480 -0.002622037 -0.000604586 0.999996364 23.759838104
0.999997139 0.001165598 0.002096959 0.481215954 -0.001165352 0.999999344 -0.000118551 -0.714078665 -0.002097096 0.000116107 0.999997735 24.295452118
0.999997079 0.001742597 0.001682449 0.495848954 -0.001743097 0.999998450 0.000296267 -0.731554925 -0.001681929 -0.000299199 0.999998569 24.819677353
0.999997854 0.001879059 0.000880007 0.505370200 -0.001879480 0.999998093 0.000477144 -0.745596528 -0.000879109 -0.000478797 0.999999523 25.363174438
0.999998629 0.001552000 0.000542802 0.511966407 -0.001552299 0.999998569 0.000549856 -0.757011592 -0.000541948 -0.000550698 0.999999702 25.903638840
0.999997795 0.002061367 0.000356242 0.519590676 -0.002061547 0.999997735 0.000505700 -0.776153505 -0.000355198 -0.000506433 0.999999762 26.444267273
0.999999046 0.001381833 0.000027195 0.527003527 -0.001381860 0.999998510 0.001022792 -0.787170947 -0.000025782 -0.001022829 0.999999464 27.002954483
0.999997199 0.002317058 0.000491451 0.531362712 -0.002317428 0.999997020 0.000753765 -0.802934468 -0.000489703 -0.000754901 0.999999583 27.547395706
0.999996960 0.002376754 -0.000559626 0.537322700 -0.002375853 0.999995887 0.001605370 -0.835097373 0.000563439 -0.001604035 0.999998569 28.055540085
0.999997079 0.002325272 -0.000707277 0.547429502 -0.002323697 0.999994814 0.002219259 -0.851570487 0.000712433 -0.002217609 0.999997318 28.594089508
0.999994993 0.003011530 -0.001007662 0.558951735 -0.003009928 0.999994278 0.001588047 -0.862584829 0.001012439 -0.001585006 0.999998271 29.141225815
0.999995530 0.002645700 -0.001386321 0.563485086 -0.002643648 0.999995530 0.001479860 -0.876561344 0.001390230 -0.001476188 0.999997914 29.686933517
0.999995470 0.002556977 -0.001600706 0.569460988 -0.002554656 0.999995649 0.001450166 -0.887979627 0.001604408 -0.001446070 0.999997675 30.224845886
0.999994755 0.002680356 -0.001811324 0.581523478 -0.002677659 0.999995232 0.001489525 -0.904491305 0.001815309 -0.001484666 0.999997258 30.767936707
0.999994874 0.002502005 -0.002008590 0.591789246 -0.002499108 0.999995828 0.001443768 -0.919149816 0.002012194 -0.001438741 0.999996960 31.308397293
0.999993443 0.002751064 -0.002319361 0.600445271 -0.002747744 0.999995172 0.001433562 -0.931133986 0.002323293 -0.001427180 0.999996305 31.854042053
0.999993742 0.002553201 -0.002432795 0.614237010 -0.002548930 0.999995172 0.001756895 -0.950870395 0.002437268 -0.001750683 0.999995589 32.397266388
0.999992669 0.002810924 -0.002597159 0.620338142 -0.002807548 0.999995172 0.001302547 -0.956017196 0.002600808 -0.001295245 0.999995708 32.939582825
0.999988616 0.003276600 -0.003473817 0.636481702 -0.003272585 0.999993920 0.001160833 -0.977695048 0.003477600 -0.001149451 0.999993205 33.467453003
0.999991059 0.002994682 -0.003022288 0.642796934 -0.002991549 0.999994993 0.001041058 -0.982769907 0.003025391 -0.001032008 0.999994874 34.039127350
0.999990165 0.003017259 -0.003260013 0.650982499 -0.003012655 0.999994516 0.001416160 -1.004007816 0.003264268 -0.001406325 0.999993682 34.575176239
0.999991059 0.003090479 -0.002927343 0.651776791 -0.003088340 0.999994934 0.000734962 -1.007130504 0.002929600 -0.000725915 0.999995470 35.130050659
0.999992073 0.003411084 -0.002078438 0.650959730 -0.003410255 0.999994099 0.000402356 -1.019585490 0.002079799 -0.000395265 0.999997795 35.683662415
0.999989271 0.002742103 -0.003729508 0.674711168 -0.002739856 0.999996066 0.000607465 -1.035869241 0.003731159 -0.000597240 0.999992847 36.221588135
0.999986053 0.003385376 -0.004051562 0.678360164 -0.003383989 0.999994278 0.000349215 -1.049186230 0.004052720 -0.000335500 0.999991715 36.765094757
0.999991000 0.003365783 -0.002581171 0.660020769 -0.003361333 0.999992967 0.001726872 -1.086459517 0.002586965 -0.001718181 0.999995112 37.267055511
0.999985754 0.003211729 -0.004262003 0.709076405 -0.003210122 0.999994695 0.000383671 -1.077591062 0.004263213 -0.000369984 0.999990821 37.876693726
0.999987245 0.002802136 -0.004201223 0.716476917 -0.002800431 0.999996006 0.000411682 -1.093018770 0.004202360 -0.000399911 0.999991059 38.426330566
0.999985814 0.003924001 -0.003588432 0.719832659 -0.003921127 0.999991953 0.000807757 -1.110739350 0.003591573 -0.000793675 0.999993205 38.973766327
0.999983907 0.003485352 -0.004465639 0.726940393 -0.003484866 0.999994040 0.000116394 -1.116659999 0.004466017 -0.000100830 0.999990046 39.509929657
0.999982476 0.003389255 -0.004855657 0.747399151 -0.003385301 0.999993980 0.000822288 -1.140675187 0.004858414 -0.000805836 0.999987900 40.041332245
0.999983966 0.003471768 -0.004475039 0.758006990 -0.003468868 0.999993742 0.000655452 -1.156964064 0.004477287 -0.000639918 0.999989808 40.592639923
0.999982834 0.003453554 -0.004735687 0.748256743 -0.003452722 0.999994040 0.000183976 -1.160268426 0.004736294 -0.000167622 0.999988794 41.138137817
0.999981940 0.003542010 -0.004863563 0.764145613 -0.003540804 0.999993742 0.000256518 -1.172026277 0.004864441 -0.000239293 0.999988198 41.686985016
0.999982774 0.003824287 -0.004453600 0.773817539 -0.003822343 0.999992669 0.000444884 -1.193906188 0.004455269 -0.000427853 0.999990046 42.231380463
0.999981344 0.003881814 -0.004737864 0.765301824 -0.003878724 0.999992251 0.000661363 -1.204295993 0.004740395 -0.000642974 0.999988556 42.779525757
0.999980688 0.003555056 -0.005103284 0.781610012 -0.003548868 0.999992967 0.001221319 -1.225911140 0.005107590 -0.001203184 0.999986231 43.308792114
0.999980390 0.004207566 -0.004631435 0.785540700 -0.004203377 0.999990821 0.000914033 -1.236798882 0.004635238 -0.000894548 0.999988854 43.867889404
0.999982178 0.003581829 -0.004773572 0.780665755 -0.003578570 0.999993324 0.000690731 -1.251534820 0.004776014 -0.000673636 0.999988377 44.413761139
0.999982774 0.004109809 -0.004191067 0.786928892 -0.004108276 0.999991477 0.000374264 -1.264649630 0.004192570 -0.000357040 0.999991179 44.965206146
0.999982059 0.004556034 -0.003881828 0.796981096 -0.004554995 0.999989629 0.000276298 -1.273787379 0.003883047 -0.000258611 0.999992371 45.501514435
0.999983728 0.003190654 -0.004716728 0.807261586 -0.003187315 0.999994636 0.000715283 -1.299249053 0.004718984 -0.000700238 0.999988616 46.062561035
0.999984980 0.002689869 -0.004766998 0.817942798 -0.002686440 0.999996126 0.000725560 -1.316093922 0.004768931 -0.000712743 0.999988377 46.603027344
0.999980390 0.003897874 -0.004874927 0.831586659 -0.003892101 0.999991596 0.001193158 -1.337952971 0.004879538 -0.001174161 0.999987364 47.121566772
0.999983251 0.003272001 -0.004798086 0.826366842 -0.003269931 0.999994576 0.000439309 -1.335970402 0.004799498 -0.000423612 0.999988377 47.700130463
0.999983668 0.003531363 -0.004483868 0.832247138 -0.003529941 0.999993742 0.000325181 -1.350436568 0.004484988 -0.000309347 0.999989867 48.249759674
0.999984205 0.003476647 -0.004423601 0.846666992 -0.003472749 0.999993563 0.000888671 -1.370045543 0.004426662 -0.000873294 0.999989808 48.778739929
0.999982595 0.003287107 -0.004899338 0.845930815 -0.003285266 0.999994457 0.000383574 -1.377042651 0.004900572 -0.000367472 0.999987900 49.339321136
0.999982893 0.003598978 -0.004618348 0.857314825 -0.003597803 0.999993503 0.000262682 -1.393709302 0.004619263 -0.000246061 0.999989331 49.881782532
0.999982715 0.003397187 -0.004802903 0.869680464 -0.003393044 0.999993861 0.000870330 -1.414558768 0.004805831 -0.000854018 0.999988079 50.436069489
0.999984801 0.003450604 -0.004292535 0.876115322 -0.003449406 0.999993980 0.000286557 -1.426495433 0.004293498 -0.000271746 0.999990821 50.984344482
0.999984324 0.003627273 -0.004269500 0.886015534 -0.003625066 0.999993324 0.000524682 -1.444517851 0.004271375 -0.000509197 0.999990761 51.533554077
0.999980927 0.002977191 -0.005413660 0.892965078 -0.002974218 0.999995410 0.000557235 -1.459176540 0.005415295 -0.000541123 0.999985158 52.092941284
0.999984026 0.003082685 -0.004758184 0.896983325 -0.003084365 0.999995112 -0.000345650 -1.471557260 0.004757096 0.000360321 0.999988675 52.647300720
0.999982178 0.003371841 -0.004924227 0.908973157 -0.003368996 0.999994159 0.000585880 -1.487491488 0.004926173 -0.000569279 0.999987721 53.183231354
0.999981403 0.003249608 -0.005159281 0.915702939 -0.003245911 0.999994457 0.000725166 -1.505442023 0.005161609 -0.000708406 0.999986410 53.725315094
0.999985278 0.003142236 -0.004427220 0.919505775 -0.003139791 0.999994874 0.000559041 -1.517404437 0.004428954 -0.000545132 0.999990046 54.269660950
0.999982774 0.003500580 -0.004702596 0.927066445 -0.003499590 0.999993861 0.000218765 -1.530082941 0.004703333 -0.000202304 0.999988854 54.817848206
0.999977350 0.002198601 -0.006356508 0.938375711 -0.002198020 0.999997497 0.000098384 -1.545531869 0.006356709 -0.000084410 0.999979794 55.365959167
0.999982774 0.003570131 -0.004653260 0.941959798 -0.003567908 0.999993503 0.000485888 -1.564073801 0.004654964 -0.000469277 0.999989033 55.903141022
0.999982536 0.003167238 -0.004987742 0.947069407 -0.003166322 0.999994993 0.000191628 -1.573844671 0.004988324 -0.000175832 0.999987543 56.448471069
0.999984145 0.002935953 -0.004797121 0.969785690 -0.002934036 0.999995589 0.000406704 -1.595569730 0.004798294 -0.000392623 0.999988377 56.977565765
0.999982476 0.003438017 -0.004822641 0.968351603 -0.003437139 0.999994040 0.000190291 -1.606676698 0.004823267 -0.000173711 0.999988317 57.541641235
0.999981999 0.004069057 -0.004409558 0.970320463 -0.004066931 0.999991596 0.000491025 -1.628579021 0.004411520 -0.000473083 0.999990106 58.085449219
0.999982536 0.004326096 -0.004033400 0.980200410 -0.004323502 0.999990523 0.000651683 -1.643953085 0.004036181 -0.000634233 0.999991655 58.617630005
0.999983966 0.003336684 -0.004575462 0.988071203 -0.003338086 0.999994338 -0.000298722 -1.645000219 0.004574439 0.000313991 0.999989450 59.166690826
0.999984622 0.003265376 -0.004488403 0.997512102 -0.003269577 0.999994218 -0.000928737 -1.658438206 0.004485345 0.000943398 0.999989510 59.713344574
0.999985576 0.004077355 -0.003489745 0.996606946 -0.004078922 0.999991536 -0.000442359 -1.675559521 0.003487912 0.000456587 0.999993861 60.262847900
0.999980628 0.003746977 -0.004969472 1.017243624 -0.003749713 0.999992788 -0.000541524 -1.688352823 0.004967407 0.000560148 0.999987483 60.797294617
0.999982297 0.003923865 -0.004481412 1.025159121 -0.003927109 0.999991953 -0.000715290 -1.706527352 0.004478570 0.000732876 0.999989688 61.348197937
0.999985039 0.003862063 -0.003879363 1.028859138 -0.003866542 0.999991953 -0.001147877 -1.709161520 0.003874898 0.001162859 0.999991775 61.908309937
0.999978602 0.003930652 -0.005228029 1.043179035 -0.003934996 0.999991894 -0.000820851 -1.730190396 0.005224760 0.000841405 0.999985993 62.428649902
0.999977827 0.004022775 -0.005305239 1.054419398 -0.004025946 0.999991715 -0.000587247 -1.751163244 0.005302833 0.000608593 0.999985754 62.970817566
0.999981165 0.004326211 -0.004356193 1.041570067 -0.004329769 0.999990284 -0.000807843 -1.756310225 0.004352656 0.000826689 0.999990225 63.540946960
0.999976993 0.004044762 -0.005449207 1.068548203 -0.004047431 0.999991655 -0.000478747 -1.781531811 0.005447225 0.000500791 0.999984980 64.055435181
0.999978781 0.004003908 -0.005157853 1.069869995 -0.004008296 0.999991655 -0.000840660 -1.792580009 0.005154444 0.000861316 0.999986351 64.604896545
0.999976397 0.004390189 -0.005298063 1.082817674 -0.004393045 0.999990344 -0.000527516 -1.807532310 0.005295695 0.000550778 0.999985814 65.140586853
0.999976575 0.004303981 -0.005311955 1.088788986 -0.004307298 0.999990523 -0.000613221 -1.825054646 0.005309266 0.000636087 0.999985635 65.672569275
0.999977648 0.004004544 -0.005335984 1.099427819 -0.004010248 0.999991357 -0.001058611 -1.836766243 0.005331699 0.001079986 0.999985158 66.229675293
0.999978542 0.004389155 -0.004868860 1.102132320 -0.004393332 0.999990046 -0.000847614 -1.851394296 0.004865092 0.000868986 0.999987721 66.785423279
0.999974966 0.004406890 -0.005533340 1.119669557 -0.004409312 0.999990165 -0.000425849 -1.875320435 0.005531409 0.000450236 0.999984622 67.298706055
0.999977350 0.003954499 -0.005445522 1.126523852 -0.003956819 0.999992013 -0.000415385 -1.889462709 0.005443837 0.000436922 0.999985039 67.842582703
0.999973953 0.004715940 -0.005462089 1.135126114 -0.004718182 0.999988735 -0.000397669 -1.908794999 0.005460152 0.000423429 0.999984980 68.382843018
0.999974608 0.004892199 -0.005187312 1.136642933 -0.004897663 0.999987483 -0.001041042 -1.920474648 0.005182154 0.001066421 0.999985993 68.934120178
0.999974012 0.004857845 -0.005321865 1.144770145 -0.004860775 0.999988019 -0.000537683 -1.936823487 0.005319190 0.000563538 0.999985635 69.461227417
0.999976099 0.004599017 -0.005167960 1.158402324 -0.004602637 0.999989212 -0.000689048 -1.951925516 0.005164735 0.000712818 0.999986410 69.998481750
0.999979615 0.004421802 -0.004590429 1.155149460 -0.004424871 0.999990046 -0.000658747 -1.964843750 0.004587470 0.000679045 0.999989212 70.543922424
0.999973834 0.004793430 -0.005405256 1.166432977 -0.004798226 0.999988019 -0.000874751 -1.979716778 0.005400998 0.000900664 0.999984980 71.092735291
0.999975026 0.004736419 -0.005235927 1.179834962 -0.004742248 0.999988139 -0.001101251 -1.995993018 0.005230649 0.001126054 0.999985695 71.638374329
0.999971509 0.005616968 -0.005028661 1.176997423 -0.005623265 0.999983370 -0.001238689 -2.010015488 0.005021620 0.001266931 0.999986529 72.176437378
0.999976218 0.004582372 -0.005178082 1.187216520 -0.004585445 0.999989331 -0.000581683 -2.032887936 0.005175362 0.000605413 0.999986351 72.712867737
0.999980390 0.003811071 -0.004967140 1.198239803 -0.003812330 0.999992669 -0.000244003 -2.051977873 0.004966175 0.000262935 0.999987662 73.262275696
0.999978781 0.004299938 -0.004907260 1.201233625 -0.004303827 0.999990463 -0.000782360 -2.065662384 0.004903849 0.000803464 0.999987662 73.809188843
0.999975979 0.004444906 -0.005308308 1.212668180 -0.004448076 0.999989927 -0.000585310 -2.080798149 0.005305652 0.000608908 0.999985754 74.334632874
0.999976158 0.004335013 -0.005363338 1.224575996 -0.004336526 0.999990582 -0.000270279 -2.096671581 0.005362116 0.000293531 0.999985516 74.877342224
0.999976516 0.004659178 -0.005009566 1.227265835 -0.004659723 0.999989212 -0.000097147 -2.112622738 0.005009059 0.000120488 0.999987423 75.424285889
0.999978185 0.004167180 -0.005124122 1.239194751 -0.004171287 0.999991000 -0.000791284 -2.125267506 0.005120778 0.000812641 0.999986529 75.960090637
0.999967515 0.005093798 -0.006245341 1.249478340 -0.005098835 0.999986768 -0.000790915 -2.141270876 0.006241228 0.000822733 0.999980152 76.517532349
0.999976695 0.004011254 -0.005515094 1.259144783 -0.004014627 0.999991715 -0.000600702 -2.162099600 0.005512638 0.000622829 0.999984622 77.047927856
0.999975860 0.003825699 -0.005795334 1.269133449 -0.003829793 0.999992371 -0.000695347 -2.177721739 0.005792630 0.000717525 0.999982953 77.590362549
0.999975264 0.004296410 -0.005555891 1.266677380 -0.004298953 0.999990642 -0.000445910 -2.190829277 0.005553924 0.000469784 0.999984384 78.135536194
0.999969423 0.005144511 -0.005892171 1.279655695 -0.005148257 0.999986589 -0.000620825 -2.208319426 0.005888897 0.000651141 0.999982357 78.676376343
0.999975145 0.004537690 -0.005394120 1.285568237 -0.004539523 0.999989748 -0.000327768 -2.225218534 0.005392577 0.000352247 0.999985397 79.200050354
0.999970138 0.004930589 -0.005953813 1.289409995 -0.004939049 0.999986827 -0.001407079 -2.229450703 0.005946796 0.001436443 0.999981284 79.763755798
0.999973536 0.004887856 -0.005377289 1.297791839 -0.004890226 0.999987960 -0.000427614 -2.255836487 0.005375134 0.000453899 0.999985456 80.284721375
0.999979794 0.004684285 -0.004280222 1.306566954 -0.004684842 0.999989033 -0.000120245 -2.272469521 0.004279611 0.000140295 0.999990821 80.833709717
0.999985576 0.004187225 -0.003342634 1.318592787 -0.004187323 0.999991238 -0.000022598 -2.289025784 0.003342510 0.000036594 0.999994457 81.374458313
0.999985576 0.004927017 -0.002132007 1.328761816 -0.004927957 0.999987781 -0.000435952 -2.301009893 0.002129833 0.000446453 0.999997616 81.913215637
0.999988019 0.004805728 -0.000855884 1.339545250 -0.004806115 0.999988377 -0.000450056 -2.316030025 0.000853711 0.000454164 0.999999523 82.456336975
0.999985099 0.004943780 0.002303965 1.358578444 -0.004942539 0.999987662 -0.000544892 -2.332967758 -0.002306631 0.000533496 0.999997199 83.001670837
0.999974132 0.004700136 0.005440484 1.391971707 -0.004694995 0.999988496 -0.000957439 -2.330620766 -0.005444921 0.000931871 0.999984801 83.513626099
0.999942720 0.005092541 0.009409938 1.385994434 -0.005088853 0.999986947 -0.000415800 -2.365821838 -0.009411934 0.000367891 0.999955654 84.066162109
0.999882996 0.005226054 0.014376774 1.407450199 -0.005215331 0.999986112 -0.000783259 -2.380338669 -0.014380669 0.000708187 0.999896348 84.617950439
0.999787450 0.004981890 0.020005642 1.439780831 -0.004971419 0.999987483 -0.000573063 -2.398072958 -0.020008244 0.000473485 0.999799669 85.150123596
0.999663770 0.004634335 0.025513735 1.472153187 -0.004624486 0.999989212 -0.000445096 -2.418843746 -0.025515525 0.000326959 0.999674320 85.694206238
0.999508977 0.004407975 0.031020535 1.508777976 -0.004399233 0.999990225 -0.000350092 -2.435379505 -0.031021774 0.000213454 0.999518752 86.220390320
0.999214292 0.004406532 0.039385941 1.545799613 -0.004402741 0.999990225 -0.000182961 -2.452915907 -0.039386366 0.000009412 0.999224067 86.770950317
0.998885095 0.004183252 0.047021288 1.594838619 -0.004193929 0.999991238 0.000128399 -2.469790459 -0.047020331 -0.000325459 0.998893857 87.323348999
0.998489797 0.004622926 0.054742251 1.625449181 -0.004601236 0.999989212 -0.000522293 -2.477944374 -0.054744083 0.000269623 0.998500407 87.883674622
0.997955441 0.004644250 0.063744642 1.681751728 -0.004597951 0.999989033 -0.000872991 -2.490004778 -0.063748010 0.000578112 0.997965872 88.425682068
0.997276783 0.004040719 0.073639289 1.755811691 -0.003992462 0.999991715 -0.000802530 -2.512625217 -0.073641926 0.000506342 0.997284651 88.931083679
0.996584058 0.003619801 0.082505263 1.795791149 -0.003577135 0.999993384 -0.000664960 -2.521485329 -0.082507126 0.000367556 0.996590376 89.497062683
0.995899320 0.003271852 0.090408355 1.866629601 -0.003207668 0.999994457 -0.000855232 -2.535187721 -0.090410642 0.000561725 0.995904326 90.048149109
0.994844973 0.003105828 0.101358317 1.938405514 -0.003030555 0.999994993 -0.000896613 -2.545885563 -0.101360582 0.000584819 0.994849503 90.582481384
0.993697286 0.003563514 0.112039700 2.018118858 -0.003534832 0.999993622 -0.000454650 -2.566866159 -0.112040602 0.000055743 0.993703604 91.129364014
0.992641211 0.003038370 0.121054739 2.090867043 -0.002990451 0.999995351 -0.000577517 -2.585852861 -0.121055938 0.000211259 0.992645741 91.645408630
0.991262555 0.002489588 0.131879598 2.199077606 -0.002435203 0.999996841 -0.000573664 -2.595211744 -0.131880611 0.000247499 0.991265595 92.167251587
0.989643216 0.001827131 0.143536747 2.305679321 -0.001723848 0.999998152 -0.000843913 -2.610326767 -0.143537998 0.000587737 0.989644647 92.712059021
0.988015652 0.001952557 0.154341444 2.410172462 -0.001867909 0.999997973 -0.000693458 -2.628991365 -0.154342502 0.000396852 0.988017261 93.252723694
0.986322165 0.001906724 0.164817885 2.523358345 -0.001893069 0.999998212 -0.000239929 -2.649454117 -0.164818048 -0.000075364 0.986323953 93.784561157
0.984076738 0.001850384 0.177734494 2.637022018 -0.001741075 0.999998212 -0.000770977 -2.658557177 -0.177735612 0.000449251 0.984078288 94.329574585
0.981746554 0.001073763 0.190191299 2.761727333 -0.000905362 0.999999166 -0.000972318 -2.667284966 -0.190192208 0.000782378 0.981746554 94.875068665
0.979653656 0.001829881 0.200687349 2.885878563 -0.001678185 0.999998152 -0.000926004 -2.684419394 -0.200688705 0.000570372 0.979654908 95.403244019
0.977004051 0.001892596 0.213212356 3.028829575 -0.001715402 0.999998033 -0.001016065 -2.701205492 -0.213213876 0.000626954 0.977005303 95.930221558
0.973963916 0.001636609 0.226697162 3.175991058 -0.001491142 0.999998569 -0.000812929 -2.718161345 -0.226698160 0.000453726 0.973964930 96.451461792
0.971325755 0.000746504 0.237751275 3.332750320 -0.000713915 0.999999702 -0.000223171 -2.739024878 -0.237751365 0.000047037 0.971325994 96.960350037
0.968173623 -0.000236814 0.250279307 3.476434708 0.000326672 1.000000000 -0.000317493 -2.755991936 -0.250279218 0.000389148 0.968173623 97.494422913
0.964446366 -0.000040115 0.264278650 3.641139984 0.000094484 1.000000000 -0.000193016 -2.775242329 -0.264278650 0.000211124 0.964446306 98.025924683
0.960909188 0.000816327 0.276862472 3.808891296 -0.000814936 0.999999642 -0.000120085 -2.780381203 -0.276862472 -0.000110235 0.960909545 98.544967651
0.957550168 -0.000539963 0.288265914 3.970315933 0.000549204 0.999999821 0.000048817 -2.801663160 -0.288265884 0.000111572 0.957550406 99.051361084
0.953381062 -0.001202965 0.301766604 4.172712326 0.001287220 0.999999166 -0.000080352 -2.826504469 -0.301766276 0.000465046 0.953381836 99.601921082
0.948980391 -0.001109572 0.315333277 4.366172791 0.001115042 0.999999404 0.000163062 -2.841373920 -0.315333337 0.000196867 0.948981047 100.120292664
0.944975197 -0.001902531 0.327136397 4.560813904 0.002086925 0.999997795 -0.000212650 -2.849491119 -0.327135265 0.000883658 0.944977105 100.629302979
0.940384686 -0.001939438 0.340106905 4.768510818 0.002078386 0.999997795 -0.000044247 -2.872318268 -0.340106010 0.000748483 0.940386772 101.134384155
0.935137689 -0.002302788 0.354277074 4.987691879 0.002447795 0.999997079 0.000038828 -2.886472702 -0.354276061 0.000830888 0.935140550 101.637298584
0.930468023 -0.002973563 0.366360813 5.213243484 0.003199397 0.999994814 -0.000009252 -2.899625540 -0.366358876 0.001180742 0.930472851 102.163681030
0.925776601 -0.002974147 0.378059328 5.445013046 0.003441820 0.999993861 -0.000561362 -2.911716223 -0.378055274 0.001820908 0.925781190 102.674606323
0.919930935 -0.003815828 0.392061859 5.674613953 0.004095120 0.999991596 0.000123879 -2.929822445 -0.392059118 0.001491580 0.919938743 103.164962769
0.914215386 -0.004489157 0.405203789 5.919723511 0.005009357 0.999987364 -0.000223419 -2.941737652 -0.405197620 0.002234064 0.914226353 103.661376953
0.909323573 -0.004863607 0.416061282 6.168376923 0.005223566 0.999986291 0.000273106 -2.964826584 -0.416056901 0.001924981 0.909336388 104.135154724
0.903176486 -0.006253939 0.429223955 6.428733826 0.006611886 0.999977946 0.000657236 -2.990161180 -0.429218531 0.002244379 0.903197885 104.601226807
0.896190584 -0.005940059 0.443629473 6.684192657 0.006383140 0.999979556 0.000494618 -2.994978666 -0.443623364 0.002388478 0.896210074 105.111503601
0.890206873 -0.006643614 0.455508024 6.949287415 0.006642076 0.999976575 0.001604004 -3.031183958 -0.455508113 0.001597624 0.890230238 105.638282776
0.884591103 -0.006795077 0.466318041 7.223457336 0.006615963 0.999975979 0.002021138 -3.047597885 -0.466320574 0.001297262 0.884614885 106.116394043
0.877306223 -0.006640065 0.479885310 7.507106781 0.006459174 0.999977052 0.002028067 -3.062466145 -0.479887813 0.001320428 0.877328992 106.585937500
