1.000000000 0.000000000 0.000000000 0.000000000 0.000000000 1.000000000 0.000000000 0.000000000 0.000000000 0.000000000 1.000000000 0.000000000
1.000000000 0.000071120 0.000108949 -0.003186612 -0.000071102 1.000000000 -0.000171666 0.004192544 -0.000108961 0.000171659 1.000000000 0.003845752
1.000000000 0.000064972 0.000066521 -0.002293971 -0.000064961 1.000000000 -0.000168870 0.002828954 -0.000066532 0.000168866 1.000000000 0.000955940
0.999999940 0.000299675 0.000140109 -0.000816102 -0.000299654 0.999999940 -0.000143917 0.003380672 -0.000140153 0.000143875 1.000000000 -0.001998682
1.000000000 0.000178278 0.000048198 0.002101749 -0.000178274 1.000000000 -0.000068029 0.002133242 -0.000048211 0.000068020 1.000000000 -0.001440714
1.000000000 0.000065493 0.000012737 0.000903536 -0.000065493 1.000000000 0.000019001 0.001686877 -0.000012736 -0.000019001 1.000000000 -0.003075748
1.000000000 0.000023141 0.000105416 -0.002839470 -0.000023129 1.000000000 -0.000111023 0.001681758 -0.000105419 0.000111021 1.000000000 -0.002130591
1.000000000 -0.000001678 -0.000017311 0.000413645 0.000001678 1.000000000 -0.000026804 0.001717319 0.000017312 0.000026804 1.000000000 -0.002790331
1.000000000 0.000001395 0.000129502 -0.005369823 -0.000001373 1.000000000 -0.000165721 0.003969506 -0.000129502 0.000165721 1.000000000 0.004107557
0.999999940 0.000156974 0.000230376 -0.005314704 -0.000156934 1.000000000 -0.000171838 0.003316919 -0.000230403 0.000171802 0.999999940 -0.000923332
1.000000000 0.000196493 0.000106864 0.000806584 -0.000196477 1.000000000 -0.000143396 0.002637429 -0.000106892 0.000143375 1.000000000 -0.004318226
1.000000000 0.000206947 0.000095033 0.000183612 -0.000206941 1.000000000 -0.000057364 0.002487942 -0.000095045 0.000057345 1.000000000 -0.005003398
1.000000000 0.000082698 0.000183207 -0.004878486 -0.000082685 1.000000000 -0.000069279 0.000637029 -0.000183212 0.000069264 1.000000000 -0.003248295
1.000000000 -0.000010878 0.000119720 -0.002882186 0.000010887 1.000000000 -0.000078014 0.000358066 -0.000119719 0.000078015 1.000000000 -0.001942678
1.000000000 0.000068106 0.000056043 0.000057524 -0.000068101 1.000000000 -0.000095576 0.001881051 -0.000056049 0.000095572 1.000000000 -0.005497176
1.000000000 -0.000157137 -0.000079384 0.001890681 0.000157140 1.000000000 0.000033022 0.000544963 0.000079379 -0.000033034 1.000000000 -0.006558984
0.999999940 -0.000339878 -0.000136329 0.002027589 0.000339876 0.999999940 -0.000014333 -0.001229045 0.000136334 0.000014287 1.000000000 -0.010076627
1.000000000 -0.000053239 0.000125945 -0.003663812 0.000053243 1.000000000 -0.000038061 0.000143359 -0.000125943 0.000038068 1.000000000 -0.003035804
1.000000000 0.000102623 -0.000015613 0.000164506 -0.000102622 1.000000000 0.000051843 0.001436374 0.000015619 -0.000051842 1.000000000 -0.007770770
1.000000000 -0.000089416 -0.000022175 -0.001516217 0.000089415 1.000000000 -0.000033900 -0.000232832 0.000022178 0.000033898 1.000000000 -0.006943392
1.000000000 0.000009618 0.000048717 -0.001109432 -0.000009613 1.000000000 -0.000096294 0.001737599 -0.000048718 0.000096293 1.000000000 -0.007162529
1.000000000 -0.000138667 0.000049360 -0.001026525 0.000138667 1.000000000 0.000001657 -0.000392784 -0.000049360 -0.000001650 1.000000000 -0.005300527
1.000000000 0.000114434 0.000175809 -0.006550344 -0.000114399 1.000000000 -0.000201398 0.003357033 -0.000175832 0.000201378 0.999999940 0.002436300
1.000000000 -0.000099615 -0.000064164 -0.000042849 0.000099607 1.000000000 -0.000118181 0.000780828 0.000064175 0.000118175 1.000000000 0.000995397
1.000000000 -0.000051348 0.000037417 -0.001470255 0.000051348 1.000000000 0.000000843 0.002141794 -0.000037417 -0.000000841 1.000000000 0.000720102
1.000000000 0.000051056 -0.000041935 0.002366343 -0.000051061 1.000000000 -0.000106923 0.002956493 0.000041929 0.000106925 1.000000000 -0.006923404
1.000000000 -0.000069438 0.000086223 -0.001873112 0.000069445 1.000000000 -0.000082040 0.002369818 -0.000086218 0.000082046 1.000000000 -0.004637318
0.999999940 0.000226272 0.000238721 -0.005369172 -0.000226218 0.999999940 -0.000222839 0.003134344 -0.000238772 0.000222785 0.999999940 0.000253534
1.000000000 0.000056215 0.000150007 -0.005022938 -0.000056214 1.000000000 -0.000004798 0.001700594 -0.000150007 0.000004790 1.000000000 -0.000641118
1.000000000 -0.000138049 0.000054569 -0.004855299 0.000138055 1.000000000 -0.000118356 0.005738455 -0.000054553 0.000118363 1.000000000 0.003007314
1.000000000 -0.000101080 0.000024738 -0.002448199 0.000101081 1.000000000 -0.000035312 0.001781287 -0.000024735 0.000035315 1.000000000 -0.001633651
1.000000000 -0.000161929 0.000108056 -0.004325049 0.000161924 1.000000000 0.000046444 0.001652562 -0.000108064 -0.000046426 1.000000000 0.002066511
1.000000000 -0.000152871 0.000100537 -0.003707164 0.000152863 1.000000000 0.000085621 0.000399361 -0.000100550 -0.000085606 1.000000000 -0.005142946
1.000000000 -0.000182605 -0.000001319 -0.001292745 0.000182605 1.000000000 0.000073469 0.001046106 0.000001306 -0.000073469 1.000000000 -0.004977053
1.000000000 0.000048090 0.000063204 -0.003264148 -0.000048084 1.000000000 -0.000088803 0.000786272 -0.000063208 0.000088800 1.000000000 -0.001881136
1.000000000 0.000025707 0.000100670 -0.004134585 -0.000025697 1.000000000 -0.000097763 0.002574143 -0.000100673 0.000097760 1.000000000 -0.000486161
1.000000000 -0.000187468 -0.000133767 0.002219775 0.000187483 1.000000000 0.000111651 -0.000003206 0.000133746 -0.000111676 1.000000000 -0.011496960
1.000000000 -0.000032557 0.000069175 -0.003373585 0.000032573 1.000000000 -0.000236189 0.004228699 -0.000069167 0.000236191 0.999999940 0.000515360
1.000000000 -0.000172267 0.000105984 -0.003733354 0.000172266 1.000000000 0.000013368 0.001473841 -0.000105986 -0.000013350 1.000000000 0.000111923
1.000000000 -0.000001343 -0.000043779 0.001475244 0.000001353 1.000000000 0.000218131 -0.002192670 0.000043779 -0.000218131 1.000000000 -0.009484449
0.999999940 -0.000279411 -0.000147112 0.000386009 0.000279421 0.999999940 0.000073347 -0.001542606 0.000147091 -0.000073388 1.000000000 -0.001119695
1.000000000 0.000104102 0.000072687 0.002428470 -0.000104061 0.999999821 -0.000568785 -0.004856789 -0.000072746 0.000568778 0.999999821 0.048706159
1.000000000 0.000057941 -0.000035470 0.001185078 -0.000057991 0.999998987 -0.001416381 -0.000361990 0.000035388 0.001416383 0.999998987 0.149097219
1.000000000 -0.000053240 -0.000065812 0.004204106 0.000053148 0.999999046 -0.001386494 -0.010190667 0.000065886 0.001386491 0.999999046 0.263341069
0.999999940 -0.000258386 0.000041708 0.001512809 0.000258442 0.999999046 -0.001342774 -0.010770264 -0.000041361 0.001342785 0.999999106 0.391590655
1.000000000 0.000047176 -0.000177388 0.007586240 -0.000047380 0.999999344 -0.001146829 -0.018527761 0.000177334 0.001146838 0.999999344 0.534191549
1.000000000 0.000018043 0.000025957 0.007871636 -0.000018021 0.999999642 -0.000853206 -0.033434995 -0.000025972 0.000853205 0.999999642 0.679592967
0.999999821 -0.000534813 -0.000144992 0.017204925 0.000534740 0.999999762 -0.000498192 -0.033854462 0.000145258 0.000498114 0.999999881 0.852046013
0.999999940 -0.000223483 -0.000323730 0.026776062 0.000223310 0.999999821 -0.000537095 -0.036659807 0.000323850 0.000537023 0.999999821 1.028419375
1.000000000 -0.000133249 -0.000010792 0.024962993 0.000133241 0.999999702 -0.000721617 -0.035221685 0.000010888 0.000721616 0.999999762 1.205355167
0.999999762 -0.000574979 -0.000313534 0.039157938 0.000574826 0.999999702 -0.000489728 -0.046163872 0.000313816 0.000489548 0.999999821 1.414123297
0.999999464 -0.000659812 -0.000792200 0.043933943 0.000659696 0.999999762 -0.000146980 -0.061630506 0.000792297 0.000146457 0.999999702 1.610218406
0.999998569 -0.001527499 -0.000718821 0.033393390 0.001528195 0.999998391 0.000968507 -0.073122114 0.000717340 -0.000969604 0.999999285 1.738430142
0.999997377 -0.002187853 -0.000748809 0.045118488 0.002188812 0.999996781 0.001282381 -0.081432916 0.000746001 -0.001284017 0.999998927 1.935649395
0.999998808 -0.001330918 -0.000750512 0.044807594 0.001331799 0.999998450 0.001174930 -0.085517541 0.000748947 -0.001175928 0.999999046 2.140901804
0.999998808 -0.001260103 -0.000829346 0.051066093 0.001261242 0.999998271 0.001373523 -0.090521470 0.000827614 -0.001374567 0.999998748 2.360844135
0.999999464 -0.000782213 -0.000609510 0.046503905 0.000783124 0.999998629 0.001495767 -0.099558577 0.000608339 -0.001496244 0.999998689 2.584395885
0.999999881 -0.000315958 0.000069363 0.044649564 0.000315835 0.999998510 0.001754247 -0.108444348 -0.000069918 -0.001754225 0.999998510 2.810687304
0.999997854 -0.001630760 -0.001291320 0.066194579 0.001633261 0.999996781 0.001937923 -0.124974251 0.001288156 -0.001940028 0.999997318 3.038508654
0.999998987 -0.001186651 -0.000859308 0.058875747 0.001187934 0.999998152 0.001493803 -0.125406459 0.000857534 -0.001494822 0.999998569 3.304698706
0.999998927 -0.001207678 -0.000761092 0.064963624 0.001209072 0.999997556 0.001834300 -0.134420484 0.000758875 -0.001835218 0.999998033 3.531934500
0.999999344 -0.000490674 -0.001026446 0.084058695 0.000492259 0.999998689 0.001544621 -0.132860094 0.001025687 -0.001545125 0.999998331 3.786180496
0.999997497 -0.001903337 -0.001193969 0.081201665 0.001905898 0.999995828 0.002147632 -0.156695038 0.001189877 -0.002149902 0.999996960 4.012642384
0.999998748 -0.001322621 -0.000931503 0.080368266 0.001324948 0.999996066 0.002502444 -0.167232126 0.000928189 -0.002503675 0.999996364 4.262843609
0.999998748 -0.001486166 -0.000607793 0.081389457 0.001487725 0.999995649 0.002573297 -0.179011747 0.000603965 -0.002574198 0.999996483 4.511222363
0.999999106 -0.000961414 -0.000910904 0.097776532 0.000963790 0.999996066 0.002612034 -0.180357754 0.000908390 -0.002612909 0.999996126 4.781251907
0.999996245 -0.002478367 -0.001103970 0.097782090 0.002481165 0.999993682 0.002540062 -0.192004368 0.001097668 -0.002542792 0.999996126 4.996933460
0.999995172 -0.002789702 -0.001393588 0.104186893 0.002793789 0.999991775 0.002939874 -0.207527220 0.001385375 -0.002943753 0.999994814 5.259994984
0.999997079 -0.002234791 -0.000867381 0.090789422 0.002237180 0.999993682 0.002763032 -0.211355001 0.000861201 -0.002764964 0.999995828 5.511811256
0.999997497 -0.001985673 -0.001020779 0.097418860 0.001988536 0.999993980 0.002811705 -0.223493785 0.001015190 -0.002813729 0.999995589 5.786365986
0.999994338 -0.003067912 -0.001371659 0.127087340 0.003071699 0.999991417 0.002767710 -0.219852895 0.001363156 -0.002771907 0.999995291 6.075917244
0.999989033 -0.004251097 -0.001926027 0.144662961 0.004256306 0.999987245 0.002708560 -0.225538060 0.001914489 -0.002716728 0.999994576 6.382522106
0.999993742 -0.003117805 -0.001651619 0.116189182 0.003122887 0.999990284 0.003083419 -0.249391332 0.001641989 -0.003088557 0.999993861 6.648468494
0.999992788 -0.003357841 -0.001776782 0.129915088 0.003363224 0.999989629 0.003034769 -0.253307134 0.001766574 -0.003040723 0.999993801 6.942375183
0.999992073 -0.003666190 -0.001530749 0.136227816 0.003670969 0.999988377 0.003130531 -0.265258908 0.001519254 -0.003136126 0.999993920 7.229016781
0.999992132 -0.003650368 -0.001533943 0.142063931 0.003655786 0.999987066 0.003544575 -0.279478908 0.001520984 -0.003550155 0.999992490 7.545884132
0.999994516 -0.002978860 -0.001473969 0.147247046 0.002983978 0.999989450 0.003482398 -0.283540696 0.001463580 -0.003486777 0.999992847 7.868054867
0.999993443 -0.003215064 -0.001675191 0.126613170 0.003220670 0.999989331 0.003354999 -0.297697276 0.001664387 -0.003360373 0.999992907 8.148338318
0.999994099 -0.003069521 -0.001535373 0.136810571 0.003074464 0.999990106 0.003227776 -0.303125471 0.001525450 -0.003232478 0.999993622 8.473176003
0.999992192 -0.003573195 -0.001717322 0.138947636 0.003578326 0.999989092 0.002994202 -0.310283482 0.001706605 -0.003000324 0.999994040 8.813825607
0.999991655 -0.003722703 -0.001681996 0.146275118 0.003728529 0.999987066 0.003473771 -0.323926330 0.001669042 -0.003480013 0.999992549 9.157902718
0.999991119 -0.003806957 -0.001815546 0.163225904 0.003813014 0.999987185 0.003344794 -0.331738532 0.001802789 -0.003351687 0.999992788 9.493129730
0.999993682 -0.003128201 -0.001690715 0.164098710 0.003134584 0.999987960 0.003786565 -0.337823749 0.001678849 -0.003791840 0.999991417 9.843414307
0.999995291 -0.003026784 -0.000355691 0.151267812 0.003028285 0.999986172 0.004300397 -0.369903028 0.000342670 -0.004301454 0.999990702 10.056415558
0.999995172 -0.003064224 -0.000474772 0.158945113 0.003066244 0.999985993 0.004313502 -0.377302051 0.000461548 -0.004314938 0.999990523 10.419532776
0.999994636 -0.003220601 -0.000534661 0.162088409 0.003222747 0.999986529 0.004063890 -0.381591439 0.000521566 -0.004065592 0.999991596 10.798735619
0.999992549 -0.003829881 -0.000458251 0.172718242 0.003831978 0.999981761 0.004666874 -0.398220479 0.000440369 -0.004668596 0.999989033 11.170268059
0.999993742 -0.003521578 -0.000360529 0.197137102 0.003523004 0.999985635 0.004033374 -0.396401733 0.000346320 -0.004034619 0.999991834 11.555323601
0.999994993 -0.003130894 -0.000355715 0.205832988 0.003132406 0.999985695 0.004333232 -0.403223991 0.000342143 -0.004334324 0.999990582 11.961479187
0.999992311 -0.003849816 -0.000773760 0.201357007 0.003853193 0.999982953 0.004412040 -0.437184513 0.000756762 -0.004414988 0.999989927 12.217747688
0.999990582 -0.004207328 -0.001082708 0.214204863 0.004212337 0.999980271 0.004666047 -0.443991989 0.001063055 -0.004670564 0.999988496 12.625751495
0.999991000 -0.004045633 -0.001263086 0.229099870 0.004051968 0.999978960 0.005053550 -0.458920062 0.001242615 -0.005058622 0.999986470 13.022145271
0.999996066 -0.002818470 -0.000160085 0.234511480 0.002819233 0.999983668 0.004987372 -0.463362902 0.000146026 -0.004987804 0.999987543 13.453535080
0.999996841 -0.002519970 0.000092904 0.229639709 0.002519402 0.999980748 0.005673049 -0.486278802 -0.000107198 -0.005672796 0.999983907 13.855921745
0.999986529 -0.005120705 -0.000784993 0.251388729 0.005125283 0.999969184 0.005944961 -0.535882235 0.000754527 -0.005948904 0.999981999 14.196311951
0.999991059 -0.004213989 -0.000162741 0.255791366 0.004214942 0.999970734 0.006388003 -0.547201037 0.000135818 -0.006388632 0.999979615 14.612047195
0.999985516 -0.005350617 -0.000662363 0.276262015 0.005354904 0.999963582 0.006649191 -0.562713146 0.000626761 -0.006652642 0.999977648 15.018527985
0.999990344 -0.004370538 0.000471281 0.268034130 0.004367095 0.999965489 0.007075032 -0.577614903 -0.000502186 -0.007072906 0.999974847 15.430162430
0.999991775 -0.003645296 0.001787171 0.243698642 0.003631708 0.999964952 0.007548348 -0.606432498 -0.001814624 -0.007541795 0.999969900 15.911154747
0.999989927 -0.004353167 0.001074614 0.254568189 0.004346592 0.999972284 0.006046740 -0.567867517 -0.001100907 -0.006042008 0.999981105 16.402229309
0.999984026 -0.005586177 0.000810866 0.307707727 0.005581014 0.999965012 0.006234902 -0.615286767 -0.000845666 -0.006230277 0.999980211 16.692928314
0.999983847 -0.005670873 0.000401901 0.323219985 0.005667959 0.999960005 0.006914994 -0.629314780 -0.000441099 -0.006912604 0.999975979 17.154689789
0.999987960 -0.004691178 0.001478227 0.324074447 0.004681620 0.999968588 0.006404032 -0.633635700 -0.001508223 -0.006397034 0.999978304 17.638134003
0.999984682 -0.005260100 0.001777346 0.340480447 0.005248708 0.999966085 0.006354668 -0.644532561 -0.001810712 -0.006345240 0.999978185 18.094970703
0.999986410 -0.004950838 0.001667476 0.354995608 0.004938608 0.999961495 0.007260523 -0.668928504 -0.001703357 -0.007252189 0.999972224 18.547527313
0.999987662 -0.004490072 0.002111600 0.357676417 0.004473842 0.999961019 0.007628735 -0.681217790 -0.002145771 -0.007619195 0.999968588 19.014245987
0.999989510 -0.004246548 0.001686937 0.369379222 0.004233044 0.999959588 0.007929401 -0.709824085 -0.001720542 -0.007922178 0.999967158 19.406272888
0.999989629 -0.004182798 0.001773893 0.372468859 0.004166901 0.999951959 0.008872479 -0.731505573 -0.001810919 -0.008864996 0.999959052 19.903665543
0.999987125 -0.004801217 0.001636632 0.377861768 0.004786787 0.999950588 0.008709216 -0.736294270 -0.001678365 -0.008701270 0.999960780 20.416570663
0.999990582 -0.004152742 0.001307396 0.385993540 0.004141208 0.999953508 0.008704644 -0.763107240 -0.001343483 -0.008699147 0.999961317 20.944461823
0.999988437 -0.004725342 0.000875126 0.379583836 0.004717590 0.999951363 0.008658286 -0.772559524 -0.000915997 -0.008654057 0.999962151 21.330162048
0.999988914 -0.004639964 0.000777869 0.385516673 0.004632696 0.999947906 0.009097973 -0.785877705 -0.000820043 -0.009094267 0.999958396 21.868459702
0.999991059 -0.004168981 0.000703248 0.379292697 0.004162222 0.999947548 0.009354240 -0.800793469 -0.000742209 -0.009351230 0.999955952 22.396812439
0.999985814 -0.005303826 -0.000441447 0.384691596 0.005307599 0.999945104 0.009036379 -0.816950917 0.000393495 -0.009038595 0.999958992 22.819837570
0.999979794 -0.006243904 -0.001163766 0.391158342 0.006254463 0.999937177 0.009302955 -0.833248138 0.001105606 -0.009310046 0.999956012 23.356391907
0.999987900 -0.004823098 -0.000912981 0.387478769 0.004831352 0.999945402 0.009265523 -0.840404034 0.000868243 -0.009269823 0.999956608 23.909807205
0.999984562 -0.005067168 -0.002274799 0.427236170 0.005088474 0.999942303 0.009460231 -0.852596521 0.002226732 -0.009471661 0.999952674 24.345399857
0.999980211 -0.005361053 -0.003303543 0.436702788 0.005391703 0.999941826 0.009339534 -0.861068487 0.003253282 -0.009357160 0.999950945 24.870771408
0.999982357 -0.005082773 -0.003053388 0.435345560 0.005111441 0.999942243 0.009455942 -0.870555341 0.003005149 -0.009471385 0.999950588 25.418365479
0.999980450 -0.004815734 -0.003994875 0.461498916 0.004851410 0.999948025 0.008969072 -0.855527878 0.003951475 -0.008988278 0.999951780 25.946735382
0.999976814 -0.005634633 -0.003822504 0.441452980 0.005670806 0.999938607 0.009519166 -0.891092539 0.003768632 -0.009540623 0.999947369 26.427951813
0.999973536 -0.005483943 -0.004767767 0.457664490 0.005530276 0.999937057 0.009759618 -0.911769748 0.004713946 -0.009785729 0.999940991 26.972272873
0.999975264 -0.005111188 -0.004837213 0.460304976 0.005156463 0.999942541 0.009393943 -0.913174987 0.004788921 -0.009418654 0.999944210 27.526187897
0.999974728 -0.004948558 -0.005121509 0.477773190 0.004999700 0.999937356 0.010021294 -0.929788589 0.005071597 -0.010046647 0.999936700 28.048498154
0.999969721 -0.005424342 -0.005594766 0.482505918 0.005479943 0.999935269 0.009971131 -0.941761613 0.005540317 -0.010001488 0.999934614 28.639678955
0.999967396 -0.005512111 -0.005886169 0.496850342 0.005573167 0.999930322 0.010407362 -0.950746179 0.005828391 -0.010439830 0.999928474 28.994050980
0.999971330 -0.005089282 -0.005597861 0.506974339 0.005147554 0.999932289 0.010444817 -0.969633818 0.005544324 -0.010473334 0.999929786 29.531307220
0.999977052 -0.004483545 -0.005071297 0.507219553 0.004535167 0.999937534 0.010213906 -0.982007921 0.005025186 -0.010236672 0.999934971 30.083337784
0.999964595 -0.005006097 -0.006758404 0.534619153 0.005079532 0.999927759 0.010892721 -0.990850210 0.006703387 -0.010926664 0.999917805 30.549936295
0.999960244 -0.005532499 -0.006995958 0.546453774 0.005607661 0.999926209 0.010769963 -1.003461599 0.006935858 -0.010808766 0.999917507 31.076869965
0.999958336 -0.005754210 -0.007090911 0.552619994 0.005825580 0.999932170 0.010085872 -0.998784781 0.007032393 -0.010126759 0.999923944 31.592010498
0.999969602 -0.004436529 -0.006414843 0.527929187 0.004505757 0.999931335 0.010817907 -1.034440994 0.006366409 -0.010846482 0.999920905 32.079986572
0.999964356 -0.005200224 -0.006643557 0.536374092 0.005275739 0.999921083 0.011400152 -1.048611522 0.006583750 -0.011434794 0.999912918 32.623321533
0.999959409 -0.005292301 -0.007288930 0.534284890 0.005375782 0.999919653 0.011481453 -1.052936077 0.007227581 -0.011520172 0.999907494 33.178508759
0.999954283 -0.005927864 -0.007494385 0.531980991 0.006016164 0.999912143 0.011814998 -1.063550234 0.007423688 -0.011859547 0.999902129 33.684059143
0.999952316 -0.005813022 -0.007846012 0.549379349 0.005908076 0.999908864 0.012146554 -1.082165956 0.007774687 -0.012192328 0.999895453 34.229194641
0.999956965 -0.005113945 -0.007738173 0.550439060 0.005205682 0.999915898 0.011881823 -1.100989699 0.007676759 -0.011921594 0.999899447 34.789665222
0.999958456 -0.004596921 -0.007870840 0.544258833 0.004685360 0.999925673 0.011254928 -1.090424180 0.007818517 -0.011291338 0.999905705 35.312088013
0.999955595 -0.004632929 -0.008208134 0.547513366 0.004725980 0.999924302 0.011353482 -1.102514744 0.008154913 -0.011391770 0.999901891 35.864654541
0.999958992 -0.004287199 -0.007974919 0.546691537 0.004371701 0.999934196 0.010608898 -1.106548309 0.007928913 -0.010643327 0.999911964 36.382011414
0.999946773 -0.005568874 -0.008688246 0.558569729 0.005670850 0.999914825 0.011757123 -1.130609989 0.008622032 -0.011805767 0.999893188 36.916206360
0.999940217 -0.006037987 -0.009122550 0.572545469 0.006138786 0.999919951 0.011062034 -1.130151629 0.009055030 -0.011117373 0.999897182 37.482650757
0.999941468 -0.006121317 -0.008922139 0.557656288 0.006223456 0.999914885 0.011465398 -1.155631781 0.008851198 -0.011520253 0.999894500 38.003498077
0.999939919 -0.006025840 -0.009156641 0.571333647 0.006142042 0.999900222 0.012715769 -1.183222294 0.009079104 -0.012771244 0.999877214 38.479717255
0.999944448 -0.006081342 -0.008602377 0.564030766 0.006190172 0.999900401 0.012681683 -1.201987982 0.008524398 -0.012734230 0.999882579 39.001560211
0.999941528 -0.005591251 -0.009251816 0.588184476 0.005696772 0.999918520 0.011418653 -1.188131094 0.009187218 -0.011470690 0.999891996 39.579872131
0.999932766 -0.006485830 -0.009615336 0.599966884 0.006592661 0.999916375 0.011120663 -1.188976049 0.009542405 -0.011183305 0.999891937 40.135833740
0.999923587 -0.006671296 -0.010402252 0.604573309 0.006800364 0.999899685 0.012422108 -1.229977131 0.010318337 -0.012491899 0.999868751 40.669673920
0.999922693 -0.006653741 -0.010508755 0.630468309 0.006782621 0.999901593 0.012276226 -1.241918087 0.010426039 -0.012346553 0.999869406 41.233875275
0.999917388 -0.007032707 -0.010768805 0.631691337 0.007174248 0.999887586 0.013161787 -1.242924571 0.010675031 -0.013237956 0.999855399 41.770221710
0.999944329 -0.005678291 -0.008893903 0.583935618 0.005797035 0.999893546 0.013382654 -1.248376846 0.008816966 -0.013433465 0.999870896 42.302734375
0.999932885 -0.006228712 -0.009767565 0.604821980 0.006354121 0.999897063 0.012861222 -1.270209312 0.009686450 -0.012922422 0.999869585 42.744388580
0.999930322 -0.006267956 -0.009999190 0.619164944 0.006386233 0.999909520 0.011841041 -1.264306784 0.009924065 -0.011904074 0.999879897 43.305362701
0.999928594 -0.006140553 -0.010246299 0.633866310 0.006258255 0.999914348 0.011495087 -1.265815258 0.010174833 -0.011558392 0.999881387 43.861499786
0.999915302 -0.007131540 -0.010887043 0.647825837 0.007262267 0.999901474 0.012015768 -1.277523279 0.010800278 -0.012093814 0.999868572 44.377094269
0.999922276 -0.006790947 -0.010461308 0.652586579 0.006918794 0.999901235 0.012233597 -1.289347649 0.010377198 -0.012305026 0.999870479 44.898822784
0.999938071 -0.005341094 -0.009762699 0.682380915 0.005465894 0.999903142 0.012801748 -1.312838554 0.009693378 -0.012854316 0.999870420 45.285999298
0.999931574 -0.004879844 -0.010630770 0.709140778 0.005007622 0.999915183 0.012026415 -1.309644222 0.010571179 -0.012078828 0.999871135 45.820262909
0.999939799 -0.005121668 -0.009696343 0.685337782 0.005240825 0.999910653 0.012303527 -1.322718382 0.009632460 -0.012353604 0.999877274 46.385192871
0.999955416 -0.004342187 -0.008378549 0.672804356 0.004440904 0.999920607 0.011799737 -1.326721191 0.008326645 -0.011836419 0.999895275 46.948162079
0.999955654 -0.003966760 -0.008540128 0.666620135 0.004073026 0.999914050 0.012461893 -1.344227552 0.008489961 -0.012496127 0.999885857 47.481307983
0.999940991 -0.004932539 -0.009672659 0.710851550 0.005057773 0.999903142 0.012965847 -1.358785391 0.009607767 -0.013014006 0.999869168 47.889518738
0.999931693 -0.005230163 -0.010455498 0.719863415 0.005362069 0.999905884 0.012628028 -1.364497423 0.010388468 -0.012683229 0.999865592 48.434024811
0.999950230 -0.004258731 -0.009022532 0.703378737 0.004379513 0.999900460 0.013409482 -1.378826857 0.008964528 -0.013448329 0.999869347 48.979675293
0.999952137 -0.003556415 -0.009116787 0.707776129 0.003676792 0.999905884 0.013221311 -1.385896444 0.009068910 -0.013254200 0.999871016 49.521320343
0.999947548 -0.003664984 -0.009564583 0.723184645 0.003794729 0.999900520 0.013582489 -1.389843106 0.009513854 -0.013618072 0.999861956 49.975025177
0.999949336 -0.003398838 -0.009475064 0.731412888 0.003523725 0.999906719 0.013195174 -1.398806810 0.009429333 -0.013227894 0.999868035 50.518951416
0.999943733 -0.004053623 -0.009811177 0.760912538 0.004178981 0.999909520 0.012790451 -1.389611602 0.009758440 -0.012830730 0.999870062 51.047969818
0.999952316 -0.003406260 -0.009151234 0.725256503 0.003526390 0.999907434 0.013143295 -1.421041608 0.009105618 -0.013174939 0.999871731 51.594150543
0.999949992 -0.004090353 -0.009120182 0.717099965 0.004218193 0.999892473 0.014042355 -1.449855089 0.009061764 -0.014080126 0.999859750 52.048095703
0.999950886 -0.003615327 -0.009223978 0.719824791 0.003742727 0.999897361 0.013832263 -1.450252771 0.009173023 -0.013866108 0.999861777 52.598785400
0.999953806 -0.003405298 -0.008995492 0.724176049 0.003524526 0.999905765 0.013271697 -1.461731195 0.008949450 -0.013302788 0.999871433 53.152694702
0.999945641 -0.004185786 -0.009554266 0.756795466 0.004311346 0.999904096 0.013159289 -1.448196650 0.009498268 -0.013199763 0.999867737 53.682743073
0.999953568 -0.003013888 -0.009152233 0.757663488 0.003134559 0.999908030 0.013199203 -1.462017059 0.009111609 -0.013227277 0.999870956 54.219787598
0.999952435 -0.003833985 -0.008968741 0.747427225 0.003960841 0.999891698 0.014169496 -1.501268148 0.008913444 -0.014204345 0.999859393 54.620857239
0.999951541 -0.003665482 -0.009139267 0.756806612 0.003795815 0.999890804 0.014284392 -1.507365465 0.009085909 -0.014318391 0.999856234 55.145061493
0.999953568 -0.004142268 -0.008709004 0.762059271 0.004259851 0.999899447 0.013526452 -1.516823769 0.008652098 -0.013562920 0.999870598 55.722988129
0.999954998 -0.003972382 -0.008614947 0.765748620 0.004090352 0.999897480 0.013719378 -1.520694971 0.008559565 -0.013753998 0.999868751 56.293281555
0.999950767 -0.004144163 -0.009015869 0.805120051 0.004262334 0.999904752 0.013127512 -1.510476828 0.008960607 -0.013165292 0.999873221 56.742835999
0.999951124 -0.004394007 -0.008851158 0.765953541 0.004515069 0.999895871 0.013704302 -1.531429648 0.008790019 -0.013743596 0.999866903 57.249340057
0.999948919 -0.004098408 -0.009240435 0.799156547 0.004236083 0.999879599 0.014929104 -1.562525868 0.009178136 -0.014967482 0.999845862 57.699234009
0.999938428 -0.004704049 -0.010058846 0.812333167 0.004851436 0.999880552 0.014678545 -1.560019612 0.009988596 -0.014726438 0.999841690 58.262989044
0.999940753 -0.004623280 -0.009850894 0.812560678 0.004761972 0.999889135 0.014102366 -1.571073055 0.009784603 -0.014148439 0.999852002 58.783893585
0.999939084 -0.004466943 -0.010096038 0.862544835 0.004609768 0.999889016 0.014167918 -1.580238581 0.010031629 -0.014213592 0.999848664 59.261970520
0.999944270 -0.003873670 -0.009819853 0.864254832 0.004016181 0.999886274 0.014534484 -1.597807169 0.009762434 -0.014573110 0.999846160 59.802429199
0.999941707 -0.004415631 -0.009848937 0.861365020 0.004562832 0.999877393 0.014973847 -1.608600855 0.009781613 -0.015017914 0.999839365 60.294544220
0.999944627 -0.004395660 -0.009558095 0.863685071 0.004542084 0.999871731 0.015352107 -1.618415356 0.009489387 -0.015394670 0.999836445 60.814727783
0.999940574 -0.004865295 -0.009765338 0.859622777 0.005010399 0.999876499 0.014890025 -1.627143025 0.009691690 -0.014938068 0.999841452 61.365482330
0.999949694 -0.003612405 -0.009361506 0.851576626 0.003743483 0.999894619 0.014022229 -1.616053820 0.009309866 -0.014056569 0.999857843 61.929176331
0.999922395 -0.005426678 -0.011217078 0.921113610 0.005593777 0.999873042 0.014919559 -1.621179461 0.011134692 -0.014981147 0.999825776 62.386409760
0.999939203 -0.004352127 -0.010132696 0.895257950 0.004511596 0.999865413 0.015768768 -1.664183855 0.010062706 -0.015813524 0.999824286 62.924739838
0.999940097 -0.004586615 -0.009933528 0.905291617 0.004735545 0.999875963 0.015021482 -1.664985418 0.009863396 -0.015067624 0.999837875 63.464111328
0.999949872 -0.004029898 -0.009168655 0.912427962 0.004171620 0.999871373 0.015490898 -1.674305916 0.009105048 -0.015528370 0.999837935 64.004257202
0.999944925 -0.004867585 -0.009300531 0.910722852 0.005002128 0.999882340 0.014498068 -1.650204659 0.009228868 -0.014543792 0.999851644 64.498420715
0.999936402 -0.004387664 -0.010388399 0.956548989 0.004549490 0.999867737 0.015605465 -1.679650664 0.010318556 -0.015651733 0.999824286 65.006652832
0.999933958 -0.004626291 -0.010517985 0.963020265 0.004784363 0.999875128 0.015053581 -1.680687070 0.010447030 -0.015102907 0.999831378 65.561546326
0.999924362 -0.005492093 -0.011004194 0.995789230 0.005658042 0.999869883 0.015106574 -1.674484491 0.010919795 -0.015167695 0.999825299 66.075363159
0.999936640 -0.004499694 -0.010319252 0.972366989 0.004662204 0.999864638 0.015778679 -1.697766423 0.010246857 -0.015825791 0.999822199 66.566818237
0.999938130 -0.004016323 -0.010376167 0.984562874 0.004172109 0.999878228 0.015036061 -1.701235056 0.010314514 -0.015078424 0.999833107 67.099929810
0.999935031 -0.004387082 -0.010522658 0.988629878 0.004546178 0.999874949 0.015143450 -1.707069278 0.010454908 -0.015190303 0.999829888 67.649642944
0.999943197 -0.004052772 -0.009855050 0.984171331 0.004202965 0.999874532 0.015267537 -1.717956066 0.009791937 -0.015308090 0.999834895 68.165435791
0.999942064 -0.004042760 -0.009980083 1.004721165 0.004197306 0.999870837 0.015513446 -1.722836733 0.009916076 -0.015554435 0.999829829 68.692634583
0.999942124 -0.004245664 -0.009883890 0.984465182 0.004400718 0.999866784 0.015719078 -1.728174210 0.009815838 -0.015761668 0.999827564 69.208419800
0.999940038 -0.004580759 -0.009940499 0.989906192 0.004734402 0.999868810 0.015488186 -1.738773465 0.009868248 -0.015534323 0.999830663 69.763771057
0.999937236 -0.004116315 -0.010421675 1.004427433 0.004276210 0.999872744 0.015366901 -1.746694207 0.010357094 -0.015410502 0.999827623 70.323303223
0.999929786 -0.004861398 -0.010805956 1.003863335 0.005022431 0.999876022 0.014925441 -1.742251396 0.010732058 -0.014978669 0.999830186 70.880813599
0.999923527 -0.005517116 -0.011067864 1.041705132 0.005689717 0.999861717 0.015624339 -1.752345443 0.010980133 -0.015686119 0.999816716 71.493949890
0.999935567 -0.005318786 -0.010030895 1.000232577 0.005475719 0.999861956 0.015682984 -1.756277442 0.009946099 -0.015736898 0.999826670 71.955894470
0.999938548 -0.005265682 -0.009758928 1.003594756 0.005409172 0.999876857 0.014735898 -1.755420923 0.009680131 -0.014787784 0.999843776 72.498680115
0.999938428 -0.005243643 -0.009788794 0.990668774 0.005386962 0.999877810 0.014672606 -1.763310075 0.009710660 -0.014724435 0.999844432 73.027374268
0.999913335 -0.006969246 -0.011178980 1.047129989 0.007135188 0.999863923 0.014873579 -1.772818208 0.011073802 -0.014952056 0.999826849 73.546295166
0.999912024 -0.007126676 -0.011195605 1.069964886 0.007288709 0.999868333 0.014499461 -1.767446876 0.011090796 -0.014579790 0.999832153 73.971542358
0.999916911 -0.006671601 -0.011031095 1.042273045 0.006836738 0.999864101 0.015000784 -1.772621512 0.010929517 -0.015074955 0.999826550 74.589721680
0.999920905 -0.006392811 -0.010826755 1.039121389 0.006559054 0.999859929 0.015389580 -1.775548697 0.010726856 -0.015459375 0.999822974 75.158813477
0.999921858 -0.006069617 -0.010926047 1.021189213 0.006232403 0.999869108 0.014927044 -1.782036304 0.010834016 -0.014993974 0.999828875 75.748840332
0.999916911 -0.006687190 -0.011026311 1.030322790 0.006858313 0.999855459 0.015555398 -1.789420843 0.010920694 -0.015629726 0.999818206 76.274536133
0.999915004 -0.006873217 -0.011081818 1.028897762 0.007038459 0.999863565 0.014941643 -1.775625825 0.010977608 -0.015018374 0.999826908 76.829277039
0.999927223 -0.005878387 -0.010537556 1.036066532 0.006040385 0.999862969 0.015408017 -1.812774897 0.010445537 -0.015470547 0.999825776 77.299530029
0.999943674 -0.005253066 -0.009225621 1.047481775 0.005394856 0.999866605 0.015412075 -1.818592668 0.009143431 -0.015460978 0.999838650 77.830444336
0.999950230 -0.006008255 -0.007969175 1.046064138 0.006126165 0.999870777 0.014854723 -1.819697857 0.007878897 -0.014902802 0.999857903 78.422973633
0.999958634 -0.006310369 -0.006561991 1.064071894 0.006408805 0.999865592 0.015089571 -1.834999919 0.006465889 -0.015130999 0.999864578 78.966133118
0.999983549 -0.003639305 -0.004442687 1.000936627 0.003705771 0.999879897 0.015045411 -1.847084165 0.004387399 -0.015061627 0.999876916 79.490608215
0.999975979 -0.006293733 -0.002906198 1.094440103 0.006337787 0.999861181 0.015406515 -1.838249207 0.002808831 -0.015424561 0.999877036 79.954635620
0.999979913 -0.006294486 0.000834298 1.114087343 0.006280453 0.999854386 0.015872378 -1.839792848 -0.000934085 -0.015866818 0.999873698 80.500114441
0.999975204 -0.006112331 0.003494431 1.143007398 0.006056122 0.999855697 0.015875679 -1.852723122 -0.003590964 -0.015854122 0.999867916 81.044853210
0.999948978 -0.006885927 0.007387357 1.170827985 0.006771843 0.999859214 0.015358545 -1.842726111 -0.007492074 -0.015307739 0.999854743 81.572784424
0.999888837 -0.003656323 0.014453973 1.185724020 0.003432101 0.999873877 0.015507323 -1.884196639 -0.014508852 -0.015455990 0.999775290 82.082328796
0.999783039 -0.005618058 0.020056590 1.185142756 0.005299428 0.999859452 0.015904518 -1.904125333 -0.020143125 -0.015794778 0.999672353 82.655502319
0.999638140 -0.004816266 0.026464753 1.216038346 0.004386388 0.999857903 0.016277526 -1.916286826 -0.026539389 -0.016155548 0.999517202 83.192718506
0.999387383 -0.004615577 0.034688495 1.262414217 0.004074534 0.999869168 0.015651710 -1.911144018 -0.034756202 -0.015500783 0.999275565 83.766189575
0.999047995 -0.004142315 0.043427322 1.296525717 0.003456903 0.999868333 0.015846193 -1.918983579 -0.043487251 -0.015680980 0.998930931 84.288146973
0.998753488 -0.005680676 0.049590196 1.356705189 0.004879102 0.999855697 0.016270086 -1.920288563 -0.049675472 -0.016007846 0.998637080 84.797538757
0.998274684 -0.003826292 0.058592763 1.467162848 0.002838614 0.999852598 0.016930632 -1.994089842 -0.058648907 -0.016735096 0.998138368 85.367424011
0.997640014 -0.005922071 0.068405777 1.445469856 0.004755698 0.999840736 0.017201083 -1.964538097 -0.068496741 -0.016835172 0.997509241 85.905517578
0.996974647 -0.006192616 0.077481255 1.504539013 0.004925179 0.999851048 0.016538404 -1.959648848 -0.077572122 -0.016106758 0.996856630 86.465339661
0.996344149 -0.007094105 0.085136510 1.556157112 0.005720274 0.999849617 0.016369920 -1.955067396 -0.085239820 -0.015823068 0.996234894 87.082008362
0.995413542 -0.006546549 0.095441796 1.651707172 0.004981868 0.999849439 0.016623156 -1.973683834 -0.095536247 -0.016071433 0.995296240 87.640960693
0.994352162 -0.006938892 0.105903417 1.719055653 0.005125943 0.999835730 0.017381495 -1.989966273 -0.106006630 -0.016740471 0.994224489 88.038436890
0.993303895 -0.007041470 0.115316086 1.801771164 0.005066103 0.999835491 0.017414158 -2.003725767 -0.115419745 -0.016713345 0.993176162 88.577026367
0.992064774 -0.007731830 0.125489250 1.901760101 0.005545153 0.999826789 0.017765185 -2.001492977 -0.125604883 -0.016928360 0.991935909 89.134033203
0.990380526 -0.006633607 0.138211221 1.974088669 0.004232971 0.999835193 0.017656025 -2.001854420 -0.138305560 -0.016901139 0.990245402 89.719566345
0.988805711 -0.006836286 0.149052218 2.080906868 0.004265892 0.999836743 0.017557818 -2.006984949 -0.149147913 -0.016725427 0.988673508 90.279716492
0.987354934 -0.007350539 0.158355117 2.182215691 0.004597586 0.999831975 0.017744018 -2.018950701 -0.158458948 -0.016791588 0.987222791 90.805999756
0.985358536 -0.007903524 0.170311689 2.312072754 0.004842120 0.999819338 0.018383184 -2.056376696 -0.170426220 -0.017289357 0.985218823 91.121841431
0.983192086 -0.009120375 0.182345927 2.479324341 0.005875780 0.999814749 0.018325970 -2.056199074 -0.182479307 -0.016946521 0.983063579 91.867782593
0.981115282 -0.009467043 0.193192065 2.606984138 0.006053485 0.999815106 0.018251922 -2.061040878 -0.193329155 -0.016737752 0.980991125 92.407203674
0.978423655 -0.009319506 0.206398770 2.742380142 0.005681486 0.999818027 0.018211883 -2.062576294 -0.206530944 -0.016646283 0.978298426 92.942558289
0.975490034 -0.010146190 0.219809651 2.880455017 0.006102545 0.999799490 0.019067347 -2.067912579 -0.219959080 -0.017258603 0.975356460 93.445709229
0.972587168 -0.009208809 0.232356191 3.016002655 0.004959167 0.999809682 0.018866867 -2.084275484 -0.232485712 -0.017197378 0.972447753 94.008796692
0.969730020 -0.009817209 0.243982658 3.190538406 0.005310819 0.999803066 0.019121094 -2.096817732 -0.244122326 -0.017246546 0.969591081 94.508255005
0.966144383 -0.009850339 0.257814139 3.362634659 0.004911166 0.999792039 0.019794859 -2.113206387 -0.257955462 -0.017858524 0.965991735 95.009269714
0.962616682 -0.008862986 0.270722300 3.557991028 0.003684132 0.999800563 0.019631961 -2.121443748 -0.270842254 -0.017900677 0.962457240 95.520256042
0.959577560 -0.010528038 0.281247228 3.721971512 0.004935853 0.999776006 0.020584533 -2.143809795 -0.281400889 -0.018364262 0.959414482 96.095008850
0.955265820 -0.011135973 0.295538783 3.896043777 0.005284620 0.999774039 0.020590320 -2.153313160 -0.295701236 -0.018107418 0.955108881 96.591209412
0.950553715 -0.010131037 0.310394883 4.090456009 0.003982317 0.999783218 0.020436658 -2.166048050 -0.310534656 -0.018190049 0.950388014 97.244277954
0.946823299 -0.010839010 0.321571290 4.303129196 0.004650386 0.999789059 0.020006850 -2.163731813 -0.321720302 -0.017447520 0.946673989 97.769592285
0.942205131 -0.010157838 0.334882379 4.489152908 0.003549815 0.999786794 0.020338541 -2.177705050 -0.335017651 -0.017974308 0.942040443 98.288963318
0.937246561 -0.010243341 0.348516762 4.712474823 0.003373201 0.999788046 0.020313649 -2.183346748 -0.348650962 -0.017863283 0.937082410 98.822944641
0.932689488 -0.011336622 0.360501915 4.931863785 0.004134505 0.999776363 0.020742962 -2.194529057 -0.360656381 -0.017856246 0.932527840 99.346679688
0.928241789 -0.012355353 0.371772140 5.172492981 0.005043307 0.999774396 0.020634023 -2.186058760 -0.371943176 -0.017278403 0.928094685 99.852539062
0.922066748 -0.011835834 0.386849910 5.436607361 0.004042541 0.999772251 0.020952953 -2.190255165 -0.387009799 -0.017756162 0.921904624 100.427825928
0.916547179 -0.011524165 0.399760365 5.679862976 0.003499870 0.999777615 0.020796977 -2.196054697 -0.399911106 -0.017662300 0.916383743 100.927543640
0.911956608 -0.012287634 0.410102516 5.922050476 0.004071576 0.999773324 0.020901475 -2.197293282 -0.410266340 -0.017391475 0.911799908 101.415611267
0.906368196 -0.012823399 0.422294140 6.176879883 0.004174247 0.999762237 0.021399653 -2.204354525 -0.422468126 -0.017633203 0.906206191 101.914184570
0.900090277 -0.013882926 0.435482413 6.440055847 0.005230108 0.999764562 0.021061897 -2.201050282 -0.435672224 -0.016679985 0.899950743 102.409912109
0.893927038 -0.011988150 0.448052078 6.661479950 0.002777639 0.999771237 0.021208247 -2.196600437 -0.448203743 -0.017714100 0.893755794 102.899299622
0.888272107 -0.012237260 0.459154576 7.000232697 0.003230310 0.999786735 0.020396737 -2.157870293 -0.459306300 -0.016634641 0.888122201 103.480087280
0.880487740 -0.012212780 0.473911673 7.277297974 0.002899810 0.999788165 0.020377100 -2.159254074 -0.474060148 -0.016567538 0.880336523 103.980094910
