1.000000000 0.000000000 0.000000000 0.000000000 0.000000000 1.000000000 0.000000000 0.000000000 0.000000000 0.000000000 1.000000000 0.000000000
1.000000000 0.000087874 0.000066336 -0.000615965 -0.000087884 1.000000000 0.000147014 -0.000390369 -0.000066323 -0.000147020 1.000000000 0.000121150
1.000000000 0.000062223 0.000103046 -0.001202091 -0.000062221 1.000000000 -0.000016721 0.000681042 -0.000103047 0.000016714 1.000000000 -0.000031425
1.000000000 0.000054046 0.000004515 -0.000291120 -0.000054046 1.000000000 0.000042760 -0.000696523 -0.000004513 -0.000042760 1.000000000 -0.000378748
1.000000000 0.000093606 0.000199036 -0.001409961 -0.000093622 1.000000000 0.000077213 -0.000171471 -0.000199029 -0.000077232 1.000000000 0.000268367
1.000000000 -0.000117007 -0.000007860 -0.000149195 0.000117007 1.000000000 0.000029484 -0.000066326 0.000007857 -0.000029485 1.000000000 -0.000594037
1.000000000 0.000103587 0.000133555 -0.001757873 -0.000103601 1.000000000 0.000103461 -0.000704019 -0.000133545 -0.000103475 1.000000000 -0.001251918
1.000000000 0.000033034 0.000117009 -0.001264520 -0.000033035 1.000000000 0.000007293 -0.000443222 -0.000117009 -0.000007297 1.000000000 -0.000996980
1.000000000 0.000107020 0.000174764 -0.001595832 -0.000107026 1.000000000 0.000037726 -0.001071981 -0.000174760 -0.000037744 1.000000000 -0.001144805
1.000000000 0.000139185 0.000194498 -0.002158031 -0.000139224 1.000000000 0.000199929 -0.001252943 -0.000194470 -0.000199956 0.999999940 0.000141753
1.000000000 0.000121249 0.000178718 -0.001438780 -0.000121267 1.000000000 0.000099314 -0.000700865 -0.000178706 -0.000099336 1.000000000 -0.000848890
1.000000000 0.000102734 0.000185215 -0.001567726 -0.000102751 1.000000000 0.000090307 -0.001177436 -0.000185206 -0.000090326 1.000000000 -0.000787135
1.000000000 0.000065080 0.000172614 -0.001317677 -0.000065092 1.000000000 0.000064445 0.000410128 -0.000172610 -0.000064456 1.000000000 0.000005984
1.000000000 0.000136075 0.000146662 -0.002156775 -0.000136060 1.000000000 -0.000105227 0.000912671 -0.000146676 0.000105207 1.000000000 -0.000821702
1.000000000 0.000199474 0.000110944 -0.000634259 -0.000199469 1.000000000 -0.000043826 0.001434192 -0.000110952 0.000043804 1.000000000 0.000742186
0.999999940 0.000246101 0.000212309 -0.001519013 -0.000246100 0.999999940 -0.000005316 0.000486738 -0.000212311 0.000005264 1.000000000 0.000906609
0.999999940 0.000319256 0.000221909 -0.001944115 -0.000319260 0.999999940 0.000019995 0.000293739 -0.000221903 -0.000020066 1.000000000 0.000746145
0.999999940 0.000221466 0.000242602 -0.001793906 -0.000221480 1.000000000 0.000057258 0.000644312 -0.000242590 -0.000057312 0.999999940 0.002153970
0.999999940 0.000210155 0.000279868 -0.002596690 -0.000210131 1.000000000 -0.000084840 0.001690889 -0.000279886 0.000084781 0.999999940 0.001314778
0.999999940 0.000260852 0.000270653 -0.002566839 -0.000260860 0.999999940 0.000028134 0.000832563 -0.000270646 -0.000028205 0.999999940 0.002021156
0.999999940 0.000289458 0.000211374 -0.002772309 -0.000289445 0.999999940 -0.000061760 0.001767213 -0.000211392 0.000061699 1.000000000 0.002124763
0.999999940 0.000347808 0.000219060 -0.002458052 -0.000347795 0.999999940 -0.000055105 0.001359091 -0.000219079 0.000055029 1.000000000 0.002370229
0.999999881 0.000352278 0.000274769 -0.003167561 -0.000352287 0.999999940 0.000034283 0.001342545 -0.000274757 -0.000034380 0.999999940 0.002065979
0.999999881 0.000444586 0.000228098 -0.003186528 -0.000444590 0.999999881 0.000019816 0.001707275 -0.000228089 -0.000019917 1.000000000 0.003135818
0.999999881 0.000366610 0.000256451 -0.002310905 -0.000366607 0.999999940 -0.000012554 0.001211169 -0.000256456 0.000012460 0.999999940 0.001781947
0.999999940 0.000263454 0.000228618 -0.002696989 -0.000263447 0.999999940 -0.000031130 0.002558596 -0.000228627 0.000031070 1.000000000 0.003544348
0.999999881 0.000406731 0.000278866 -0.003124920 -0.000406762 0.999999940 0.000110960 0.000586697 -0.000278820 -0.000111073 0.999999940 0.002270201
0.999999940 0.000343014 0.000168948 -0.002344769 -0.000343002 0.999999940 -0.000071588 0.001684889 -0.000168973 0.000071530 1.000000000 0.001267320
0.999999881 0.000449163 0.000216947 -0.002742423 -0.000449132 0.999999881 -0.000143155 0.003095595 -0.000217012 0.000143057 0.999999940 0.002513255
0.999999881 0.000392875 0.000239496 -0.002170087 -0.000392871 0.999999940 -0.000016814 0.001254430 -0.000239503 0.000016720 1.000000000 0.002421811
0.999999881 0.000300035 0.000359029 -0.003088372 -0.000300041 0.999999940 0.000015915 0.001310127 -0.000359024 -0.000016023 0.999999940 0.002568382
0.999999881 0.000406765 0.000254851 -0.002321683 -0.000406748 0.999999940 -0.000067827 0.001793106 -0.000254878 0.000067723 0.999999940 0.002272291
0.999999821 0.000463038 0.000343919 -0.002391554 -0.000463043 0.999999881 0.000014074 0.000511670 -0.000343913 -0.000014233 0.999999940 0.000818449
0.999999762 0.000528039 0.000396872 -0.003794074 -0.000528026 0.999999881 -0.000032946 0.001074967 -0.000396890 0.000032737 0.999999940 0.001995398
0.999999881 0.000446481 0.000244964 -0.002026919 -0.000446444 0.999999881 -0.000150359 0.002006528 -0.000245032 0.000150250 0.999999940 0.002308841
0.999999940 0.000314162 0.000222066 -0.002066000 -0.000314157 0.999999940 -0.000019324 0.001311704 -0.000222072 0.000019254 1.000000000 0.002763006
0.999999881 0.000408981 0.000243097 -0.003260228 -0.000408958 0.999999940 -0.000094709 0.002991051 -0.000243136 0.000094609 0.999999940 0.003098049
0.999999821 0.000462284 0.000311056 -0.002934494 -0.000462287 0.999999881 0.000010396 0.001308452 -0.000311051 -0.000010540 0.999999940 0.002393756
0.999999881 0.000420147 0.000240276 -0.001560204 -0.000420142 0.999999940 -0.000024086 0.002088483 -0.000240286 0.000023985 1.000000000 0.000705347
0.999999940 0.000316342 0.000258048 -0.002197289 -0.000316313 0.999999940 -0.000114075 0.000956432 -0.000258084 0.000113993 0.999999940 0.001166705
0.999999762 0.000528286 0.000416162 -0.002430622 -0.000528068 0.999999702 -0.000523970 -0.003030560 -0.000416439 0.000523750 0.999999762 0.047440086
0.999999821 0.000506981 0.000329850 -0.000504645 -0.000506565 0.999999046 -0.001262775 -0.003078188 -0.000330490 0.001262607 0.999999166 0.137691289
0.999999881 0.000399109 0.000263529 0.001946726 -0.000398729 0.999998868 -0.001440657 -0.007275407 -0.000264104 0.001440552 0.999998927 0.252776861
0.999999702 0.000679627 0.000314268 0.004069433 -0.000679289 0.999999166 -0.001074106 -0.012721420 -0.000314998 0.001073893 0.999999344 0.385452718
0.999999583 0.000794348 0.000503496 0.002260145 -0.000793873 0.999999225 -0.000944538 -0.013704190 -0.000504246 0.000944138 0.999999404 0.532884121
0.999999940 0.000281251 0.000265119 0.010725169 -0.000280996 0.999999523 -0.000960074 -0.018096494 -0.000265389 0.000959999 0.999999523 0.690019727
0.999999821 0.000417574 0.000351751 0.016290359 -0.000417336 0.999999702 -0.000675498 -0.021823084 -0.000352033 0.000675351 0.999999702 0.848902762
0.999999523 0.000628914 0.000706137 0.009555998 -0.000628415 0.999999523 -0.000706772 -0.025891833 -0.000706581 0.000706328 0.999999523 1.022510886
0.999999762 0.000392550 0.000563543 0.012831388 -0.000392005 0.999999464 -0.000966832 -0.027129695 -0.000563922 0.000966611 0.999999344 1.193317175
0.999999821 0.000310433 0.000544674 0.011428628 -0.000310395 0.999999940 -0.000069711 -0.047149643 -0.000544696 0.000069542 0.999999821 1.357132912
0.999998987 0.001296725 0.000595672 0.021141540 -0.001296933 0.999999106 0.000349287 -0.047034007 -0.000595219 -0.000350059 0.999999762 1.548631549
0.999999166 0.001018746 0.000689355 0.026301309 -0.001019055 0.999999404 0.000448648 -0.049378958 -0.000688897 -0.000449350 0.999999642 1.750772595
0.999999225 0.001008779 0.000717607 0.030174566 -0.001009349 0.999999225 0.000794601 -0.057651874 -0.000716804 -0.000795325 0.999999344 1.948853135
0.999999344 0.000888845 0.000736552 0.030518871 -0.000889277 0.999999404 0.000586720 -0.062437870 -0.000736030 -0.000587375 0.999999523 2.160202503
0.999999166 0.000900188 0.000953267 0.033264589 -0.000900879 0.999999344 0.000725418 -0.068399444 -0.000952614 -0.000726276 0.999999285 2.377892017
0.999998748 0.001296744 0.000968045 0.037914664 -0.001297039 0.999999106 0.000303431 -0.070360802 -0.000967650 -0.000304686 0.999999523 2.608135939
0.999998808 0.001093534 0.001112921 0.046641659 -0.001094295 0.999999106 0.000683341 -0.079792626 -0.001112173 -0.000684558 0.999999106 2.837542772
0.999998808 0.001030086 0.001176540 0.049492277 -0.001030949 0.999999166 0.000732709 -0.083943613 -0.001175784 -0.000733922 0.999998987 3.074761868
0.999997973 0.001478163 0.001386529 0.053285465 -0.001479146 0.999998689 0.000708101 -0.093219355 -0.001385480 -0.000710151 0.999998808 3.312938213
0.999998927 0.000873262 0.001190992 0.059032835 -0.000874371 0.999999106 0.000930522 -0.099345855 -0.001190178 -0.000931562 0.999998868 3.567173243
0.999997556 0.001538133 0.001599665 0.058931120 -0.001539979 0.999998212 0.001153293 -0.107368611 -0.001597888 -0.001155754 0.999998093 3.822996378
0.999998510 0.001139926 0.001292139 0.070740089 -0.001141321 0.999998808 0.001079307 -0.109517202 -0.001290907 -0.001080780 0.999998629 4.083651066
0.999997795 0.001307830 0.001620030 0.077384457 -0.001309956 0.999998331 0.001312405 -0.114181727 -0.001618312 -0.001314525 0.999997795 4.338284969
0.999998748 0.001008362 0.001235043 0.081733316 -0.001009671 0.999998927 0.001059586 -0.124901198 -0.001233973 -0.001060832 0.999998629 4.602180004
0.999998450 0.001321758 0.001245611 0.089522511 -0.001322930 0.999998748 0.000940846 -0.129153922 -0.001244366 -0.000942492 0.999998808 4.866072178
0.999998033 0.001291191 0.001542926 0.096458286 -0.001292942 0.999998510 0.001134815 -0.133543268 -0.001541458 -0.001136807 0.999998152 5.120021820
0.999997795 0.001296773 0.001646118 0.100427665 -0.001298618 0.999998569 0.001120209 -0.144145384 -0.001644663 -0.001122344 0.999997973 5.378520012
0.999997079 0.001601935 0.001782913 0.099340409 -0.001604031 0.999997973 0.001174914 -0.149737120 -0.001781028 -0.001177770 0.999997735 5.669979095
0.999997735 0.001379293 0.001621031 0.105087601 -0.001381095 0.999998450 0.001110992 -0.156390443 -0.001619496 -0.001113228 0.999998093 5.941899776
0.999996543 0.001850673 0.001848053 0.109045282 -0.001852439 0.999997854 0.000954470 -0.161458939 -0.001846283 -0.000957890 0.999997795 6.230635643
0.999996364 0.002045002 0.001736648 0.124501899 -0.002046425 0.999997616 0.000818321 -0.164404988 -0.001734970 -0.000821872 0.999998152 6.530393600
0.999997497 0.001523577 0.001622818 0.124373436 -0.001525260 0.999998271 0.001036502 -0.171030492 -0.001621236 -0.001038975 0.999998152 6.831199646
0.999997139 0.001469883 0.001886628 0.123768091 -0.001472016 0.999998212 0.001130010 -0.195049658 -0.001884963 -0.001132784 0.999997497 7.101770878
0.999997437 0.001533714 0.001662530 0.131257698 -0.001535829 0.999997914 0.001271705 -0.202711388 -0.001660576 -0.001274255 0.999997795 7.401765823
0.999997973 0.000801220 0.001833099 0.139976531 -0.000803962 0.999998450 0.001495850 -0.218425289 -0.001831898 -0.001497321 0.999997199 7.685858727
0.999996960 0.001305696 0.002110519 0.141423732 -0.001308413 0.999998271 0.001285929 -0.221733138 -0.002108837 -0.001288687 0.999996960 8.028307915
0.999996483 0.001550583 0.002153165 0.145201966 -0.001553201 0.999997973 0.001214920 -0.233184129 -0.002151277 -0.001218259 0.999996960 8.331739426
0.999996722 0.001700647 0.001979059 0.152627856 -0.001703264 0.999997616 0.001321464 -0.243211582 -0.001976806 -0.001324830 0.999997139 8.682724953
0.999997437 0.001465028 0.001736926 0.162677437 -0.001467612 0.999997795 0.001487522 -0.250721574 -0.001734743 -0.001490067 0.999997318 9.022132874
0.999995112 0.002398035 0.001997172 0.162621707 -0.002400801 0.999996126 0.001383647 -0.260873765 -0.001993847 -0.001388435 0.999997020 9.353872299
0.999994457 0.002302594 0.002385935 0.165065587 -0.002306801 0.999995768 0.001761994 -0.278883994 -0.002381868 -0.001767488 0.999995589 9.682691574
0.999995291 0.002065092 0.002255284 0.178253934 -0.002068754 0.999996543 0.001622982 -0.285458088 -0.002251924 -0.001627640 0.999996126 10.036092758
0.999996305 0.001855303 0.002001432 0.187292993 -0.001858494 0.999996960 0.001593661 -0.294912368 -0.001998469 -0.001597375 0.999996662 10.393713951
0.999996722 0.001639851 0.001984443 0.202858478 -0.001642524 0.999997675 0.001346156 -0.302575231 -0.001982231 -0.001349411 0.999997079 10.751854897
0.999997020 0.001571672 0.001859748 0.208027646 -0.001574391 0.999997795 0.001461289 -0.308214813 -0.001857447 -0.001464213 0.999997139 11.119875908
0.999996841 0.001568833 0.001953204 0.216245145 -0.001572767 0.999996781 0.002014311 -0.320859283 -0.001950037 -0.002017377 0.999996066 11.496278763
0.999996364 0.001734910 0.002089320 0.222676381 -0.001738039 0.999997377 0.001496431 -0.326012045 -0.002086719 -0.001500057 0.999996722 11.896398544
0.999994338 0.002179774 0.002572273 0.227375686 -0.002184793 0.999995708 0.001949904 -0.343385100 -0.002568012 -0.001955513 0.999994814 12.260515213
0.999995172 0.001862812 0.002497822 0.238813072 -0.001868062 0.999996066 0.002101182 -0.360805243 -0.002493898 -0.002105839 0.999994695 12.636759758
0.999992609 0.002445921 0.002973559 0.239560977 -0.002453564 0.999993682 0.002569489 -0.373244792 -0.002967256 -0.002576765 0.999992311 13.043151855
0.999994040 0.002134112 0.002729026 0.259302378 -0.002139791 0.999995530 0.002079809 -0.377957374 -0.002724576 -0.002085636 0.999994159 13.459136009
0.999991953 0.002394794 0.003223535 0.259942979 -0.002401708 0.999994814 0.002143031 -0.392988473 -0.003218387 -0.002150756 0.999992549 13.862588882
0.999994636 0.001783823 0.002754097 0.273130983 -0.001790474 0.999995470 0.002414581 -0.399704337 -0.002749778 -0.002419499 0.999993205 14.280848503
0.999992967 0.001994666 0.003175091 0.281462014 -0.002002987 0.999994636 0.002619857 -0.415770471 -0.003169847 -0.002626198 0.999991477 14.699610710
0.999993026 0.001897197 0.003248366 0.289932728 -0.001905559 0.999994934 0.002573225 -0.423850834 -0.003243467 -0.002579397 0.999991417 15.143734932
0.999991894 0.001899249 0.003546213 0.298551053 -0.001908517 0.999994755 0.002612049 -0.440490067 -0.003541233 -0.002618796 0.999990284 15.548954010
0.999989927 0.001661911 0.004175859 0.305855900 -0.001672867 0.999995232 0.002621417 -0.449977368 -0.004171482 -0.002628376 0.999987841 15.999230385
0.999986768 0.002680148 0.004381481 0.313021123 -0.002691790 0.999992788 0.002653347 -0.456402302 -0.004374338 -0.002665106 0.999986827 16.445577621
0.999988914 0.001636206 0.004410680 0.331735164 -0.001647220 0.999995649 0.002495038 -0.474581480 -0.004406577 -0.002502276 0.999987185 16.883342743
0.999988019 0.001205053 0.004742400 0.346995860 -0.001217160 0.999996066 0.002551037 -0.487138748 -0.004739307 -0.002556779 0.999985516 17.349124908
0.999984980 0.002066933 0.005079160 0.351684570 -0.002083370 0.999992728 0.003232867 -0.504763186 -0.005072440 -0.003243400 0.999981821 17.798351288
0.999982774 0.002060009 0.005487928 0.364975005 -0.002075066 0.999994099 0.002739371 -0.513982356 -0.005482252 -0.002750712 0.999981165 18.265468597
0.999984741 0.001823128 0.005218574 0.381442189 -0.001836326 0.999995112 0.002525313 -0.521129370 -0.005213946 -0.002534857 0.999983191 18.741100311
0.999981701 0.001886353 0.005733019 0.386500806 -0.001902182 0.999994397 0.002756763 -0.540309608 -0.005727787 -0.002767619 0.999979794 19.209011078
0.999980211 0.002089202 0.005930484 0.400723338 -0.002107323 0.999993086 0.003050829 -0.553996384 -0.005924070 -0.003063266 0.999977767 19.686391830
0.999980032 0.002129945 0.005950344 0.410844773 -0.002150328 0.999991834 0.003421221 -0.567096651 -0.005943010 -0.003433948 0.999976397 20.161203384
0.999984562 0.001328236 0.005390477 0.430662453 -0.001345018 0.999994278 0.003110846 -0.581200182 -0.005386313 -0.003118049 0.999980688 20.651346207
0.999981046 0.001973669 0.005817678 0.435448766 -0.001990618 0.999993801 0.002909000 -0.588926733 -0.005811899 -0.002920527 0.999978840 21.148706436
0.999983072 0.002178887 0.005390549 0.447932392 -0.002193530 0.999993980 0.002711971 -0.597371101 -0.005384606 -0.002723749 0.999981761 21.650362015
0.999984860 0.002370020 0.004970236 0.454204559 -0.002383966 0.999993205 0.002801862 -0.612503409 -0.004963562 -0.002813668 0.999983728 22.178003311
0.999988198 0.002079767 0.004396294 0.472682178 -0.002091818 0.999994040 0.002738151 -0.624110222 -0.004390573 -0.002747315 0.999986589 22.688419342
0.999991655 0.001902425 0.003613191 0.485472560 -0.001911231 0.999995172 0.002435182 -0.633034885 -0.003608539 -0.002442067 0.999990523 23.201078415
0.999990821 0.002239507 0.003650600 0.480579615 -0.002251593 0.999992013 0.003309934 -0.665390074 -0.003643158 -0.003318124 0.999987841 23.699836731
0.999996543 0.000778666 0.002510341 0.496722758 -0.000786652 0.999994636 0.003181705 -0.679773808 -0.002507850 -0.003183668 0.999991775 24.233863831
0.999994874 0.001876594 0.002627746 0.504222214 -0.001885698 0.999992251 0.003466392 -0.690172970 -0.002621220 -0.003471329 0.999990582 24.773122787
0.999996006 0.002149961 0.001846771 0.514871716 -0.002156076 0.999992132 0.003315187 -0.708269715 -0.001839629 -0.003319155 0.999992788 25.310375214
0.999994040 0.003178819 0.001332264 0.521910846 -0.003183221 0.999989390 0.003314777 -0.716788828 -0.001321713 -0.003318998 0.999993622 25.863008499
0.999992371 0.003422773 0.001880243 0.527953744 -0.003428637 0.999989331 0.003123800 -0.731073558 -0.001869531 -0.003130222 0.999993384 26.412376404
0.999996185 0.002602075 0.000908966 0.543898940 -0.002605686 0.999988616 0.003994085 -0.754429877 -0.000898563 -0.003996438 0.999991596 26.954355240
0.999995708 0.002881176 0.000482564 0.557652056 -0.002883069 0.999988019 0.003971001 -0.769165814 -0.000471117 -0.003972375 0.999992013 27.505989075
0.999993086 0.003671493 0.000570711 0.561697423 -0.003673618 0.999986112 0.003767929 -0.779562294 -0.000556869 -0.003769999 0.999992728 28.044023514
0.999993980 0.003450729 -0.000053212 0.576911867 -0.003450484 0.999985754 0.004073001 -0.800276697 0.000067266 -0.004072793 0.999991655 28.599718094
0.999992788 0.003780778 0.000130880 0.587715924 -0.003781294 0.999984086 0.004193094 -0.812055647 -0.000115024 -0.004193559 0.999991179 29.160703659
0.999989092 0.004625374 0.000652983 0.589337170 -0.004628017 0.999980867 0.004102963 -0.822002769 -0.000633992 -0.004105940 0.999991357 29.697114944
0.999986708 0.005148365 0.000045482 0.591074586 -0.005148499 0.999979794 0.003720049 -0.835247219 -0.000026329 -0.003720234 0.999993026 30.238925934
0.999989331 0.004613210 -0.000120344 0.591414332 -0.004612620 0.999979198 0.004513425 -0.859880626 0.000141163 -0.004512822 0.999989808 30.759130478
0.999991059 0.004221364 -0.000160411 0.599881053 -0.004220585 0.999980569 0.004580327 -0.871378362 0.000179743 -0.004579610 0.999989510 31.318183899
0.999987483 0.004964950 -0.000509012 0.609412134 -0.004962687 0.999978185 0.004354208 -0.878739893 0.000530619 -0.004351628 0.999990404 31.875951767
0.999988735 0.004656164 -0.001066905 0.625659883 -0.004652108 0.999982059 0.003772353 -0.889940679 0.001084451 -0.003767348 0.999992311 32.377952576
0.999987125 0.004792178 -0.001662120 0.630253673 -0.004785143 0.999979675 0.004210469 -0.905871928 0.001682263 -0.004202462 0.999989808 32.929443359
0.999985874 0.005145754 -0.001403731 0.641915441 -0.005139627 0.999977469 0.004334501 -0.923439562 0.001426004 -0.004327224 0.999989629 33.474563599
0.999987841 0.004681082 -0.001558040 0.644291997 -0.004674391 0.999980092 0.004271775 -0.937040687 0.001578006 -0.004264439 0.999989688 33.983867645
0.999988735 0.004444963 -0.001704623 0.652133107 -0.004437809 0.999981523 0.004178702 -0.949076831 0.001723166 -0.004171089 0.999989867 34.527877808
0.999985516 0.005002249 -0.001985122 0.659664750 -0.004994128 0.999979258 0.004074714 -0.965917945 0.002005463 -0.004064741 0.999989748 35.055923462
0.999986947 0.004627126 -0.002177307 0.668850899 -0.004618515 0.999981582 0.003943847 -0.969065487 0.002195515 -0.003933741 0.999989867 35.564163208
0.999983907 0.005215870 -0.002235155 0.677518606 -0.005207695 0.999979794 0.003647497 -0.976752698 0.002254134 -0.003635800 0.999990821 36.120323181
0.999983907 0.005168430 -0.002329221 0.683398306 -0.005159508 0.999979436 0.003820415 -0.996415377 0.002348919 -0.003808337 0.999989986 36.689567566
0.999986708 0.004626844 -0.002282796 0.692435145 -0.004618124 0.999982059 0.003809585 -1.010150671 0.002300381 -0.003798993 0.999990165 37.182094574
0.999983072 0.005315461 -0.002385427 0.700594425 -0.005307558 0.999980390 0.003306638 -1.019884586 0.002402957 -0.003293921 0.999991715 37.736927032
0.999982476 0.005131577 -0.002965361 0.718113005 -0.005122224 0.999981940 0.003152954 -1.030469894 0.002981487 -0.003137709 0.999990702 38.288444519
0.999983132 0.005267471 -0.002429747 0.702713668 -0.005259019 0.999980152 0.003471974 -1.056462407 0.002447987 -0.003459137 0.999991000 38.767158508
0.999981940 0.005496458 -0.002432306 0.713508010 -0.005488099 0.999979079 0.003430060 -1.067298174 0.002451109 -0.003416649 0.999991119 39.320873260
0.999986410 0.004549098 -0.002526534 0.729187906 -0.004541899 0.999985635 0.002848561 -1.079743266 0.002539456 -0.002837047 0.999992669 39.879432678
0.999984324 0.004992389 -0.002538319 0.732398808 -0.004983009 0.999980807 0.003688597 -1.095894575 0.002556685 -0.003675890 0.999989986 40.367782593
0.999984801 0.004734026 -0.002848277 0.748006225 -0.004724974 0.999983788 0.003175910 -1.108224511 0.002863265 -0.003162404 0.999990940 40.912925720
0.999982417 0.005058634 -0.003084973 0.758250654 -0.005049107 0.999982476 0.003088292 -1.119453073 0.003100542 -0.003072662 0.999990463 41.472633362
0.999981105 0.005430183 -0.002882987 0.757669210 -0.005421609 0.999980867 0.002974334 -1.128784299 0.002899084 -0.002958648 0.999991417 41.975425720
0.999980748 0.005431626 -0.002988603 0.770535827 -0.005424818 0.999982774 0.002281099 -1.136506677 0.003000942 -0.002264843 0.999992907 42.526355743
0.999980271 0.005508274 -0.003015006 0.784436285 -0.005498568 0.999979734 0.003217930 -1.157863736 0.003032670 -0.003201288 0.999990284 43.052322388
0.999981403 0.005460348 -0.002725686 0.769831657 -0.005453634 0.999982059 0.002465233 -1.167964339 0.002739098 -0.002450322 0.999993265 43.557136536
0.999979675 0.005892104 -0.002429732 0.777923703 -0.005886005 0.999979556 0.002509373 -1.178994536 0.002444468 -0.002495021 0.999993920 44.104057312
0.999980807 0.005502951 -0.002857704 0.789411604 -0.005494683 0.999980748 0.002893578 -1.196391463 0.002873572 -0.002877821 0.999991715 44.630069733
0.999980211 0.005742984 -0.002557117 0.780813634 -0.005737002 0.999980807 0.002340979 -1.200156450 0.002570512 -0.002326263 0.999993980 45.167694092
0.999981165 0.005816301 -0.001946567 0.790924430 -0.005811235 0.999979794 0.002598749 -1.213572621 0.001961642 -0.002587388 0.999994695 45.710117340
0.999980867 0.005882036 -0.001904530 0.797792733 -0.005877980 0.999980509 0.002128584 -1.225166798 0.001917013 -0.002117349 0.999995887 46.264598846
0.999978006 0.006448406 -0.001514780 0.785031796 -0.006445291 0.999977112 0.002052116 -1.235623360 0.001527978 -0.002042308 0.999996662 46.739707947
0.999976695 0.006521399 -0.002023003 0.797080040 -0.006516777 0.999976158 0.002282395 -1.249785185 0.002037839 -0.002269159 0.999995291 47.293853760
0.999976873 0.006614121 -0.001596930 0.807024598 -0.006611588 0.999976873 0.001586198 -1.261434436 0.001607385 -0.001575603 0.999997437 47.848842621
0.999978304 0.006391823 -0.001561766 0.807273746 -0.006389031 0.999978006 0.001787418 -1.273023605 0.001573157 -0.001777400 0.999997199 48.317058563
0.999981582 0.005890742 -0.001497510 0.815131605 -0.005887784 0.999980748 0.001971508 -1.286516905 0.001509094 -0.001962655 0.999996960 48.867565155
0.999973953 0.007170240 -0.000838759 0.826565206 -0.007169139 0.999973416 0.001309182 -1.295638680 0.000848124 -0.001303135 0.999998748 49.407386780
0.999971449 0.007515920 -0.000676986 0.814460099 -0.007514732 0.999970198 0.001740007 -1.310327053 0.000690044 -0.001734870 0.999998271 49.908058167
0.999970853 0.007583462 -0.000844049 0.825741231 -0.007582191 0.999970078 0.001497244 -1.326824784 0.000855378 -0.001490801 0.999998510 50.438701630
0.999964237 0.008428994 -0.000706383 0.839721203 -0.008427797 0.999963164 0.001680819 -1.339440584 0.000720524 -0.001674806 0.999998331 50.999172211
0.999973595 0.007206506 -0.000851396 0.847618163 -0.007204914 0.999972343 0.001858010 -1.352806926 0.000864762 -0.001851827 0.999997854 51.475204468
0.999973118 0.007321104 -0.000379555 0.855857134 -0.007320607 0.999972343 0.001298033 -1.362609267 0.000389047 -0.001295219 0.999999046 52.031211853
0.999979854 0.006174585 -0.001479471 0.870695949 -0.006172490 0.999980032 0.001416280 -1.374446154 0.001488186 -0.001407119 0.999997914 52.576107025
0.999974072 0.007159851 -0.000803202 0.859604478 -0.007158699 0.999973357 0.001426701 -1.395571351 0.000813396 -0.001420913 0.999998689 53.058589935
0.999970198 0.007709126 -0.000454755 0.864127398 -0.007708616 0.999969721 0.001110650 -1.407887936 0.000463304 -0.001107111 0.999999285 53.599243164
0.999968112 0.007972782 -0.000501918 0.875586152 -0.007972236 0.999967575 0.001084330 -1.422528982 0.000510547 -0.001080294 0.999999285 54.175300598
0.999972343 0.007426622 -0.000454519 0.876603007 -0.007426182 0.999971986 0.000964530 -1.435139179 0.000461670 -0.000961128 0.999999404 54.638710022
0.999974668 0.007096241 -0.000575640 0.890655458 -0.007095797 0.999974549 0.000769910 -1.447801709 0.000581089 -0.000765806 0.999999523 55.182769775
0.999974132 0.007163263 -0.000684402 0.902936339 -0.007162450 0.999973595 0.001185199 -1.470786095 0.000692874 -0.001180266 0.999999046 55.713172913
0.999967515 0.008048318 -0.000238831 0.896183968 -0.008048210 0.999967515 0.000443272 -1.474094272 0.000242391 -0.000441335 0.999999881 56.215896606
0.999959290 0.009021449 0.000288811 0.903157592 -0.009021623 0.999959171 0.000604071 -1.489834309 -0.000283350 -0.000606652 0.999999821 56.754329681
0.999963939 0.008478285 0.000436086 0.914468706 -0.008478273 0.999964058 -0.000026277 -1.501347542 -0.000436293 0.000022579 0.999999881 57.306835175
0.999963164 0.008568536 0.000469358 0.911811650 -0.008568740 0.999963105 0.000433908 -1.514898658 -0.000465623 -0.000437914 0.999999821 57.783699036
0.999955356 0.009371141 0.001168139 0.915297866 -0.009371390 0.999956012 0.000207160 -1.525729060 -0.001166146 -0.000218098 0.999999285 58.331760406
0.999952137 0.009741553 0.000892110 0.925332487 -0.009742174 0.999952197 0.000696355 -1.549313545 -0.000885284 -0.000705013 0.999999344 58.876640320
0.999964058 0.008465981 0.000396918 0.936688602 -0.008465882 0.999964058 -0.000246362 -1.551440001 -0.000398989 0.000242993 0.999999881 59.329978943
0.999969304 0.007824236 0.000294160 0.949046195 -0.007824193 0.999969304 -0.000138899 -1.563336372 -0.000295238 0.000136593 0.999999940 59.886585236
0.999965668 0.008254163 0.000639338 0.960149646 -0.008253695 0.999965608 -0.000729144 -1.577286959 -0.000645334 0.000723842 0.999999523 60.430271149
0.999957144 0.009200727 0.000965692 0.963361859 -0.009200554 0.999957681 -0.000184252 -1.591902494 -0.000967346 0.000175359 0.999999464 60.912544250
0.999953926 0.009537247 0.001012581 0.971719563 -0.009537134 0.999954522 -0.000117142 -1.607841969 -0.001013652 0.000107479 0.999999404 61.461257935
0.999961674 0.008719728 0.000710739 0.986652851 -0.008719761 0.999961972 0.000038382 -1.627758384 -0.000710378 -0.000044578 0.999999762 62.002372742
0.999954820 0.009416913 0.001274415 0.983175635 -0.009416472 0.999955535 -0.000351950 -1.641057491 -0.001277673 0.000339934 0.999999106 62.469242096
0.999949813 0.009851832 0.001774884 0.992379963 -0.009851460 0.999951482 -0.000218463 -1.661594033 -0.001776950 0.000200967 0.999998391 63.023288727
0.999949455 0.009852014 0.001961532 1.006946921 -0.009851853 0.999951482 -0.000091030 -1.679313898 -0.001962333 0.000071701 0.999998093 63.556507111
0.999948502 0.009972911 0.001870134 0.996213138 -0.009971632 0.999950051 -0.000692239 -1.687776804 -0.001876944 0.000673556 0.999997973 64.003303528
0.999951720 0.009697450 0.001585222 1.010744452 -0.009697302 0.999953032 -0.000100617 -1.707853913 -0.001586124 0.000085240 0.999998748 64.539733887
0.999944091 0.010358373 0.002126624 1.016349077 -0.010357758 0.999946296 -0.000298878 -1.725448966 -0.002129606 0.000276834 0.999997735 65.079475403
0.999954104 0.009341262 0.002126634 1.028233290 -0.009339386 0.999955952 -0.000890453 -1.733418345 -0.002134859 0.000870551 0.999997318 65.543579102
0.999945164 0.010131276 0.002617346 1.034540653 -0.010128217 0.999947965 -0.001180266 -1.748590231 -0.002629167 0.001153692 0.999995828 66.093399048
0.999942183 0.010397177 0.002721173 1.051115870 -0.010395089 0.999945760 -0.000781533 -1.767954230 -0.002729151 0.000753201 0.999995947 66.625457764
0.999951124 0.009625077 0.002233124 1.063608766 -0.009622384 0.999952972 -0.001214902 -1.778903604 -0.002244712 0.001193355 0.999996781 67.095100403
0.999946356 0.010010593 0.002679165 1.068679690 -0.010009333 0.999949753 -0.000483926 -1.803861380 -0.002683875 0.000457083 0.999996305 67.638092041
0.999947071 0.010045234 0.002194934 1.077311754 -0.010043827 0.999949336 -0.000650002 -1.815299988 -0.002201352 0.000627922 0.999997377 68.126045227
0.999932468 0.011258884 0.002885474 1.086748838 -0.011254969 0.999935687 -0.001370018 -1.824502707 -0.002900714 0.001337449 0.999994934 68.679321289
0.999930322 0.011294524 0.003448406 1.094362974 -0.011291080 0.999935746 -0.001016518 -1.847625256 -0.003459666 0.000977511 0.999993563 69.221305847
0.999941051 0.010423900 0.003039908 1.102408171 -0.010421160 0.999945283 -0.000915567 -1.864236355 -0.003049286 0.000883834 0.999994934 69.674827576
0.999942303 0.010175431 0.003449195 1.112644196 -0.010171710 0.999947667 -0.001095157 -1.881493926 -0.003460157 0.001060010 0.999993443 70.223724365
0.999941528 0.010370459 0.003061244 1.127585411 -0.010367638 0.999945819 -0.000936887 -1.898023009 -0.003070795 0.000905094 0.999994874 70.714622498
0.999938130 0.010689492 0.003102904 1.139850259 -0.010685508 0.999942124 -0.001297585 -1.914214134 -0.003116596 0.001264348 0.999994338 71.266761780
0.999916792 0.012090314 0.004501953 1.135848045 -0.012087301 0.999926686 -0.000695849 -1.934876084 -0.004510037 0.000641375 0.999989629 71.816841125
0.999935031 0.010918050 0.003273062 1.155172825 -0.010915211 0.999940038 -0.000885590 -1.944024801 -0.003282533 0.000849806 0.999994278 72.265884399
0.999938309 0.010529356 0.003530339 1.170725584 -0.010527416 0.999944448 -0.000567804 -1.963068247 -0.003536121 0.000530604 0.999993622 72.823722839
0.999914408 0.012388447 0.004191471 1.174762368 -0.012384314 0.999922812 -0.001011040 -1.966366053 -0.004203673 0.000959045 0.999990761 73.389259338
0.999931395 0.011210808 0.003398303 1.192203283 -0.011206850 0.999936461 -0.001181696 -1.987214923 -0.003411336 0.001143531 0.999993503 73.832481384
0.999935031 0.010879325 0.003398411 1.207936525 -0.010874629 0.999939919 -0.001397370 -2.000682116 -0.003413410 0.001360323 0.999993205 74.380348206
0.999909401 0.012778353 0.004225039 1.210000753 -0.012772812 0.999917507 -0.001336339 -2.016875744 -0.004241766 0.001282252 0.999990165 74.939521790
0.999933779 0.010932439 0.003591258 1.229898453 -0.010926519 0.999938846 -0.001664299 -2.029743433 -0.003609233 0.001624949 0.999992192 75.419471741
0.999918044 0.012020894 0.004409111 1.237730742 -0.012012210 0.999925852 -0.001991434 -2.043073893 -0.004432723 0.001938308 0.999988317 75.965187073
0.999931037 0.011058637 0.003950023 1.257480145 -0.011052003 0.999937475 -0.001697061 -2.064726114 -0.003968544 0.001653288 0.999990761 76.441581726
0.999927700 0.011347359 0.003981882 1.261362553 -0.011340511 0.999934137 -0.001738491 -2.078160524 -0.004001347 0.001693208 0.999990523 76.958526611
0.999920070 0.012006917 0.003956609 1.276020288 -0.012001766 0.999927163 -0.001323545 -2.092721462 -0.003972212 0.001275953 0.999991298 77.509674072
0.999901950 0.013227135 0.004615123 1.284368992 -0.013218351 0.999910772 -0.001928903 -2.099712133 -0.004640225 0.001867710 0.999987483 78.091178894
0.999917626 0.012044548 0.004420299 1.287613869 -0.012038190 0.999926567 -0.001461923 -2.135601521 -0.004437583 0.001408590 0.999989092 78.549095154
0.999913096 0.011919430 0.005624638 1.299655080 -0.011909672 0.999927521 -0.001765259 -2.150532246 -0.005645271 0.001698118 0.999982595 79.092796326
0.999905229 0.011881342 0.006950925 1.316340685 -0.011871421 0.999928415 -0.001467273 -2.171825886 -0.006967862 0.001384617 0.999974728 79.653976440
0.999890924 0.012375774 0.008062316 1.315583825 -0.012357781 0.999921024 -0.002277803 -2.177203178 -0.008089869 0.002177922 0.999964893 80.199073792
0.999884605 0.011966510 0.009363458 1.328159213 -0.011943530 0.999925494 -0.002506176 -2.191162586 -0.009392751 0.002394054 0.999953032 80.748687744
0.999816060 0.013921499 0.013189753 1.338054180 -0.013896326 0.999901354 -0.001998261 -2.217823982 -0.013216269 0.001814604 0.999911010 81.298133850
0.999783576 0.012772453 0.016423332 1.346970797 -0.012739017 0.999916673 -0.002139008 -2.222335577 -0.016449282 0.001929329 0.999862850 81.820503235
0.999727845 0.012423604 0.019747712 1.373051643 -0.012374533 0.999920070 -0.002605249 -2.236982822 -0.019778499 0.002360171 0.999801636 82.371032715
0.999643326 0.012459517 0.023621941 1.401738882 -0.012403983 0.999919951 -0.002496002 -2.256026745 -0.023651153 0.002202106 0.999717832 82.891448975
0.999457598 0.013465397 0.030055122 1.428395987 -0.013397845 0.999907255 -0.002447963 -2.270407438 -0.030085294 0.002043961 0.999545336 83.434715271
0.999282181 0.012524742 0.035751428 1.461939812 -0.012430506 0.999918640 -0.002856901 -2.284614325 -0.035784304 0.002410442 0.999356568 83.966873169
0.999015331 0.013313084 0.042320643 1.493681908 -0.013209019 0.999908984 -0.002737612 -2.303221703 -0.042353235 0.002175902 0.999100268 84.512512207
0.998648703 0.012837548 0.050360564 1.543317318 -0.012713032 0.999915302 -0.002792040 -2.323228359 -0.050392136 0.002148031 0.998727143 85.054702759
0.998237669 0.012222888 0.058070242 1.591816425 -0.012062367 0.999922335 -0.003113973 -2.333643675 -0.058103800 0.002408021 0.998307586 85.582580566
0.997795641 0.011997486 0.065268792 1.645940781 -0.011810356 0.999924958 -0.003252132 -2.347832203 -0.065302908 0.002474115 0.997862458 86.128639221
0.997099698 0.012244510 0.075113550 1.698646069 -0.012026275 0.999922037 -0.003357018 -2.366058588 -0.075148776 0.002443945 0.997169316 86.673568726
0.996396959 0.011613433 0.084013544 1.769996643 -0.011330737 0.999928415 -0.003840893 -2.380468845 -0.084052131 0.002875118 0.996457160 87.190773010
0.995599270 0.011691823 0.092980780 1.834178448 -0.011424860 0.999928951 -0.003402920 -2.392977715 -0.093013950 0.002325651 0.995662093 87.743743896
0.994906425 0.010595396 0.100244448 1.903653145 -0.010209041 0.999938369 -0.004366350 -2.407955885 -0.100284532 0.003320710 0.994953215 88.282066345
0.993882716 0.010852371 0.109906308 1.981333733 -0.010429232 0.999935806 -0.004424142 -2.427876472 -0.109947272 0.003250840 0.993932128 88.778549194
0.992659986 0.011765421 0.120365180 2.071435928 -0.011349166 0.999926984 -0.004143221 -2.446967363 -0.120405152 0.002746765 0.992721081 89.316596985
0.991470158 0.010173088 0.129936203 2.161774635 -0.009603048 0.999941349 -0.005012863 -2.460403919 -0.129979566 0.003722322 0.991509676 89.843437195
0.989905536 0.010586143 0.141332537 2.261367798 -0.010007350 0.999938309 -0.004805385 -2.478837252 -0.141374707 0.003342513 0.989950538 90.382957458
0.987870395 0.012075091 0.154809892 2.337718010 -0.011396638 0.999921203 -0.005269265 -2.488252401 -0.154861301 0.003441039 0.987930238 90.966903687
0.986314476 0.010165931 0.164562017 2.453000069 -0.009538133 0.999943912 -0.004604748 -2.524070501 -0.164599642 0.002972115 0.986355960 91.455291748
0.984511614 0.009497550 0.175062001 2.569356918 -0.008722606 0.999948561 -0.005195627 -2.536197424 -0.175102323 0.003588158 0.984543741 92.002189636
0.982133389 0.009787504 0.187931493 2.692181587 -0.009075549 0.999948025 -0.004648480 -2.558917284 -0.187967196 0.002859845 0.982171178 92.545310974
0.979768455 0.009202988 0.199922249 2.817075729 -0.008372483 0.999952435 -0.004999205 -2.579655886 -0.199958742 0.003224217 0.979799032 93.027305603
0.977621913 0.008881602 0.210181579 2.949405670 -0.008094063 0.999956548 -0.004606877 -2.601042271 -0.210213393 0.002802562 0.977651536 93.562919617
0.974659741 0.008443670 0.223533437 3.087970734 -0.007578459 0.999960124 -0.004728222 -2.621065617 -0.223564461 0.002914369 0.974684775 94.074470520
0.971680582 0.007866425 0.236166999 3.220079422 -0.006953775 0.999964774 -0.004697083 -2.636190891 -0.236195639 0.002921811 0.971701086 94.540695190
0.968999386 0.007521789 0.246948048 3.378232956 -0.006443337 0.999965847 -0.005174945 -2.650832653 -0.246978551 0.003423348 0.969014883 95.066032410
0.966243088 0.006188544 0.257557422 3.558574677 -0.004936751 0.999972582 -0.005506633 -2.672009230 -0.257584423 0.004049249 0.966247380 95.556373596
0.962497294 0.007378184 0.271191269 3.678487778 -0.006277895 0.999968052 -0.004924541 -2.681041718 -0.271218956 0.003037347 0.962512910 96.010818481
0.958811045 0.006892368 0.283960998 3.858036041 -0.005603132 0.999969959 -0.005352200 -2.696053028 -0.283989370 0.003540677 0.958820939 96.541061401
0.955333829 0.006899459 0.295448095 4.044420242 -0.005621165 0.999970853 -0.005175753 -2.715041161 -0.295475155 0.003283810 0.955344796 97.070007324
0.951133609 0.006380258 0.308714092 4.185956955 -0.005196740 0.999975622 -0.004655795 -2.742645025 -0.308736265 0.002823975 0.951143503 97.442451477
0.946515203 0.004761765 0.322624117 4.393459320 -0.003420282 0.999983013 -0.004724796 -2.758937836 -0.322641134 0.003368626 0.946515381 97.965003967
0.942631006 0.004786056 0.333801985 4.607374191 -0.003216346 0.999981046 -0.005255022 -2.768569469 -0.333820760 0.003879924 0.942628562 98.474624634
0.938020945 0.004318907 0.346551597 4.765035629 -0.002862773 0.999984801 -0.004713579 -2.796341181 -0.346566677 0.003429337 0.938019097 98.858955383
0.932727933 0.003982053 0.360559016 4.984117508 -0.002484192 0.999986231 -0.004617610 -2.814980268 -0.360572457 0.003411277 0.932725012 99.363479614
0.927971303 0.003402511 0.372636139 5.209894180 -0.001745921 0.999987006 -0.004782957 -2.832348585 -0.372647613 0.003787854 0.927965164 99.871215820
0.922907472 0.004014422 0.385000765 5.451133728 -0.002313436 0.999985456 -0.004881225 -2.847324133 -0.385014743 0.003614245 0.922903359 100.401412964
0.917162895 0.003796703 0.398494452 5.642890930 -0.002790071 0.999991298 -0.003105991 -2.920599937 -0.398502707 0.001736872 0.917165518 100.682388306
0.911370695 0.003931896 0.411567807 5.897941589 -0.002833662 0.999990582 -0.003278540 -2.931714296 -0.411576837 0.001821720 0.911373317 101.185188293
0.906289101 0.002868800 0.422648609 6.140712738 -0.001812755 0.999994159 -0.002900529 -2.953306913 -0.422654450 0.001862558 0.906289101 101.666000366
0.900572419 0.002968141 0.434695929 6.420166016 -0.001715353 0.999993145 -0.003274292 -2.971623421 -0.434702665 0.002203081 0.900571346 102.179244995
0.892240882 0.006404743 0.451514304 7.032283783 -0.003426364 0.999966621 -0.007413693 -2.875723839 -0.451546758 0.005067747 0.892233014 103.748397827
0.886202455 0.006384585 0.463254482 7.310836792 -0.002965697 0.999962687 -0.008108157 -2.888020039 -0.463288963 0.005811594 0.886188269 104.235198975
0.880150378 0.006128454 0.474655271 7.591308594 -0.002911996 0.999967575 -0.007511260 -2.912070751 -0.474685967 0.005228844 0.880139649 104.713912964
0.872613132 0.004639851 0.488389969 7.936161041 -0.000984182 0.999969542 -0.007741557 -2.916718960 -0.488411069 0.006274721 0.872591138 105.281845093
0.865471005 0.004324277 0.500940382 8.230072021 -0.000477468 0.999969363 -0.007807138 -2.936023951 -0.500958800 0.006517669 0.865446568 105.739059448
