1.000000000 0.000000000 0.000000000 0.000000000 0.000000000 1.000000000 0.000000000 0.000000000 0.000000000 0.000000000 1.000000000 0.000000000
1.000000000 0.000030240 0.000136604 -0.003409314 -0.000030212 1.000000000 -0.000206512 0.004508641 -0.000136610 0.000206508 0.999999940 0.004256548
1.000000000 0.000048054 0.000071865 -0.002300212 -0.000048044 1.000000000 -0.000139988 0.002374263 -0.000071872 0.000139985 1.000000000 0.000721143
0.999999940 0.000309652 0.000113740 -0.000010615 -0.000309634 0.999999940 -0.000157037 0.003713508 -0.000113788 0.000157001 1.000000000 -0.001936434
1.000000000 0.000231958 0.000047313 0.002530221 -0.000231954 0.999999940 -0.000081367 0.002035782 -0.000047332 0.000081356 1.000000000 -0.001364837
1.000000000 0.000152389 0.000060245 0.000224148 -0.000152385 1.000000000 -0.000062542 0.002160808 -0.000060255 0.000062533 1.000000000 -0.001277311
1.000000000 0.000126346 0.000133417 -0.002327058 -0.000126333 1.000000000 -0.000097157 0.002327200 -0.000133430 0.000097141 1.000000000 -0.000804341
1.000000000 0.000031803 0.000000794 0.001000046 -0.000031803 1.000000000 -0.000024070 0.001656804 -0.000000795 0.000024070 1.000000000 -0.002582755
1.000000000 0.000059493 0.000141480 -0.005165330 -0.000059466 1.000000000 -0.000189390 0.004053779 -0.000141491 0.000189381 1.000000000 0.004338082
0.999999940 0.000195555 0.000224311 -0.004715425 -0.000195527 1.000000000 -0.000123032 0.002094817 -0.000224335 0.000122988 0.999999940 -0.001425903
0.999999940 0.000182280 0.000198635 -0.003879692 -0.000182248 1.000000000 -0.000161821 0.002062140 -0.000198664 0.000161784 0.999999940 -0.000777733
1.000000000 0.000181117 0.000146628 -0.002292037 -0.000181101 1.000000000 -0.000108632 0.002831712 -0.000146648 0.000108606 1.000000000 -0.002735282
1.000000000 0.000113709 0.000200260 -0.005585856 -0.000113701 1.000000000 -0.000037325 0.000496449 -0.000200264 0.000037302 1.000000000 -0.002986879
1.000000000 -0.000015851 0.000104264 -0.003021388 0.000015861 1.000000000 -0.000090030 0.000599650 -0.000104262 0.000090032 1.000000000 -0.001824567
1.000000000 0.000074118 0.000091661 -0.000924988 -0.000074107 1.000000000 -0.000128063 0.002642892 -0.000091671 0.000128057 1.000000000 -0.003417651
1.000000000 -0.000185017 -0.000115159 0.002321520 0.000185013 1.000000000 -0.000035378 0.001124069 0.000115166 0.000035357 1.000000000 -0.006545462
1.000000000 -0.000219109 0.000016175 -0.002404747 0.000219111 0.999999940 -0.000116846 0.000792711 -0.000016149 0.000116849 1.000000000 -0.005071501
1.000000000 -0.000063705 0.000056264 0.000141994 0.000063708 1.000000000 -0.000040474 0.000425080 -0.000056262 0.000040477 1.000000000 -0.006554191
1.000000000 0.000113138 0.000005418 0.000173323 -0.000113138 1.000000000 0.000002531 0.002376498 -0.000005418 -0.000002531 1.000000000 -0.007850898
1.000000000 -0.000080206 -0.000003228 -0.001742414 0.000080206 1.000000000 -0.000033082 -0.000349584 0.000003231 0.000033082 1.000000000 -0.007402749
1.000000000 0.000002232 0.000070078 -0.001042519 -0.000002226 1.000000000 -0.000081830 0.001103850 -0.000070078 0.000081830 1.000000000 -0.007604188
1.000000000 -0.000138952 0.000014897 0.000230694 0.000138952 1.000000000 -0.000023436 -0.000480218 -0.000014894 0.000023438 1.000000000 -0.004027078
1.000000000 0.000133148 0.000169889 -0.006340827 -0.000133113 0.999999940 -0.000208339 0.003478034 -0.000169917 0.000208317 0.999999940 0.003674520
1.000000000 -0.000080790 -0.000076236 0.000803634 0.000080782 1.000000000 -0.000105684 0.000685833 0.000076245 0.000105677 1.000000000 0.000345703
1.000000000 -0.000067089 0.000021919 -0.000795985 0.000067089 1.000000000 -0.000009934 0.002276333 -0.000021919 0.000009936 1.000000000 0.000069139
1.000000000 0.000003071 -0.000044383 0.002306965 -0.000003078 1.000000000 -0.000143968 0.003479650 0.000044383 0.000143969 1.000000000 -0.006805244
1.000000000 -0.000063979 0.000112316 -0.003141294 0.000063998 1.000000000 -0.000161676 0.003469957 -0.000112305 0.000161684 1.000000000 -0.001107762
0.999999940 0.000257221 0.000216902 -0.005434786 -0.000257178 0.999999940 -0.000200661 0.003343377 -0.000216954 0.000200606 0.999999940 0.000226930
1.000000000 0.000030687 0.000119770 -0.003656585 -0.000030683 1.000000000 -0.000031971 0.002293328 -0.000119771 0.000031967 1.000000000 -0.000799968
1.000000000 -0.000186578 0.000031932 -0.004817637 0.000186583 0.999999940 -0.000158805 0.006077717 -0.000031902 0.000158810 1.000000000 0.002613248
1.000000000 -0.000070494 0.000041189 -0.003619402 0.000070498 1.000000000 -0.000090712 0.002500572 -0.000041182 0.000090715 1.000000000 0.000846675
1.000000000 -0.000122918 0.000123719 -0.003895202 0.000122916 1.000000000 0.000018800 0.001357667 -0.000123721 -0.000018785 1.000000000 0.000980448
1.000000000 -0.000184433 0.000082270 -0.005049057 0.000184435 1.000000000 -0.000020905 0.001991592 -0.000082266 0.000020920 1.000000000 -0.001281898
1.000000000 -0.000115941 0.000003248 -0.002686681 0.000115941 1.000000000 0.000000191 0.001815001 -0.000003248 -0.000000191 1.000000000 -0.002895775
1.000000000 0.000087133 0.000075918 -0.003966107 -0.000087121 1.000000000 -0.000160294 0.001666109 -0.000075932 0.000160288 1.000000000 -0.000178365
1.000000000 0.000052542 0.000099037 -0.004528708 -0.000052531 1.000000000 -0.000112085 0.002807174 -0.000099043 0.000112080 1.000000000 0.000118160
1.000000000 -0.000156641 -0.000177789 0.003264419 0.000156663 1.000000000 0.000124705 -0.000439516 0.000177770 -0.000124733 1.000000000 -0.012959326
1.000000000 -0.000006776 0.000074984 -0.003823994 0.000006797 0.999999940 -0.000272746 0.004660328 -0.000074983 0.000272747 0.999999940 0.000986395
1.000000000 -0.000169428 0.000068643 -0.003074817 0.000169429 1.000000000 -0.000022505 0.001704984 -0.000068639 0.000022517 1.000000000 -0.000523818
1.000000000 -0.000045017 -0.000050821 0.001021239 0.000045024 1.000000000 0.000150011 -0.000955335 0.000050814 -0.000150013 1.000000000 -0.008679715
0.999999940 -0.000252752 -0.000130957 0.000115289 0.000252753 0.999999940 0.000007162 -0.000960405 0.000130955 -0.000007195 1.000000000 -0.000581381
1.000000000 0.000056767 0.000087113 0.001972492 -0.000056714 0.999999821 -0.000611657 -0.003939383 -0.000087147 0.000611652 0.999999821 0.049031068
1.000000000 0.000051185 -0.000015692 0.000283888 -0.000051209 0.999998808 -0.001547949 0.001068817 0.000015613 0.001547950 0.999998808 0.148315579
1.000000000 -0.000051367 -0.000074700 0.004859223 0.000051249 0.999998748 -0.001572429 -0.007570758 0.000074780 0.001572425 0.999998748 0.264001071
1.000000000 -0.000198124 0.000034211 0.002288941 0.000198172 0.999998987 -0.001399082 -0.012277758 -0.000033934 0.001399089 0.999999046 0.395780385
1.000000000 0.000032654 -0.000103954 0.004799457 -0.000032778 0.999999285 -0.001193971 -0.017539702 0.000103915 0.001193975 0.999999285 0.538091540
1.000000000 -0.000022344 0.000149851 0.006321288 0.000022489 0.999999523 -0.000964722 -0.031494021 -0.000149830 0.000964725 0.999999523 0.680326760
0.999999940 -0.000392482 0.000002179 0.019932734 0.000392483 0.999999702 -0.000642833 -0.031871255 -0.000001926 0.000642834 0.999999821 0.847107470
0.999999940 -0.000249752 -0.000157773 0.023394303 0.000249660 0.999999821 -0.000584907 -0.036835723 0.000157919 0.000584868 0.999999821 1.030449510
0.999999940 -0.000131339 0.000228690 0.013824507 0.000131526 0.999999642 -0.000818662 -0.036142778 -0.000228583 0.000818692 0.999999642 1.209495664
1.000000000 -0.000076978 -0.000016007 0.029706556 0.000076969 0.999999821 -0.000608478 -0.047218092 0.000016054 0.000608477 0.999999821 1.416619539
0.999999583 -0.000552450 -0.000740272 0.043408766 0.000552243 0.999999821 -0.000279203 -0.057178315 0.000740426 0.000278794 0.999999702 1.611338973
0.999999404 -0.000480666 0.001111850 0.008768536 0.000480604 0.999999881 0.000055554 -0.066433854 -0.001111876 -0.000055019 0.999999404 1.721258283
0.999998987 -0.000772144 0.001202671 0.014330747 0.000771858 0.999999702 0.000238199 -0.071577698 -0.001202855 -0.000237270 0.999999225 1.928472161
0.999999225 0.000190906 0.001236465 0.017328257 -0.000191020 0.999999940 0.000091955 -0.080685593 -0.001236448 -0.000092191 0.999999225 2.117027283
0.999999285 0.000394133 0.001121188 0.023727175 -0.000394514 0.999999881 0.000339161 -0.086999327 -0.001121054 -0.000339603 0.999999344 2.336923122
0.999998868 0.000660010 0.001374735 0.018831249 -0.000660574 0.999999762 0.000409914 -0.094312280 -0.001374464 -0.000410822 0.999998987 2.571041584
0.999997318 0.001280272 0.001946585 0.019216839 -0.001281482 0.999998987 0.000620330 -0.102544181 -0.001945789 -0.000622823 0.999997914 2.803330183
0.999998271 0.000712378 0.001698365 0.029787656 -0.000713474 0.999999464 0.000644379 -0.115929678 -0.001697905 -0.000645590 0.999998331 3.040937662
0.999999285 0.000027048 0.001144833 0.040977642 -0.000027558 0.999999881 0.000445675 -0.117001936 -0.001144821 -0.000445706 0.999999225 3.249929428
0.999999285 0.000062754 0.001185850 0.051343016 -0.000063365 0.999999821 0.000515588 -0.124004096 -0.001185817 -0.000515663 0.999999106 3.513915062
0.999998629 0.000799356 0.001451622 0.051138148 -0.000799952 0.999999523 0.000410063 -0.128907233 -0.001451294 -0.000411224 0.999998808 3.765211105
0.999998868 0.000335536 0.001516161 0.058765732 -0.000336629 0.999999642 0.000720683 -0.139294982 -0.001515918 -0.000721192 0.999998569 4.046912193
0.999998271 0.001202116 0.001381538 0.056269400 -0.001203286 0.999998868 0.000845840 -0.133829460 -0.001380520 -0.000847501 0.999998629 4.267690659
0.999999225 0.000007423 0.001243288 0.060348265 -0.000009191 0.999998987 0.001422119 -0.169081897 -0.001243276 -0.001422129 0.999998152 4.511335850
0.999998868 0.000081958 0.001462277 0.065703548 -0.000084316 0.999998629 0.001612887 -0.178755954 -0.001462143 -0.001613009 0.999997556 4.764499187
0.999998808 0.000137490 0.001548027 0.065150052 -0.000139430 0.999999225 0.001252837 -0.176565140 -0.001547853 -0.001253052 0.999997973 5.026160717
0.999999046 -0.000997614 0.000891361 0.074657187 0.000996312 0.999998391 0.001459406 -0.188263461 -0.000892815 -0.001458516 0.999998450 5.299673080
0.999998569 -0.000137934 0.001676248 0.068079993 0.000134755 0.999998212 0.001896038 -0.218316808 -0.001676506 -0.001895810 0.999996781 5.545121193
0.999998391 -0.000032482 0.001752945 0.070986338 0.000029220 0.999998212 0.001860753 -0.224955603 -0.001753003 -0.001860699 0.999996722 5.820483208
0.999997795 0.000637296 0.002004913 0.077743739 -0.000641140 0.999997973 0.001917375 -0.233809128 -0.002003687 -0.001918656 0.999996126 6.093161583
0.999997139 0.000047973 0.002344650 0.078856461 -0.000052983 0.999997675 0.002136466 -0.243504807 -0.002344542 -0.002136584 0.999994993 6.376955986
0.999998033 -0.000127677 0.001946708 0.086601362 0.000123247 0.999997437 0.002275741 -0.264197975 -0.001946993 -0.002275497 0.999995410 6.667629242
0.999998450 -0.000113720 0.001742407 0.096841253 0.000111416 0.999999106 0.001322131 -0.252924383 -0.001742556 -0.001321935 0.999997616 6.969506264
0.999998569 0.000069499 0.001675184 0.110901646 -0.000071877 0.999998987 0.001419888 -0.270672828 -0.001675083 -0.001420007 0.999997616 7.259183884
0.999998629 -0.000323271 0.001622356 0.121857554 0.000320382 0.999998450 0.001780862 -0.285991162 -0.001622929 -0.001780340 0.999997079 7.576944351
0.999998212 0.000056904 0.001877274 0.119898610 -0.000060508 0.999998212 0.001919950 -0.285949141 -0.001877161 -0.001920061 0.999996364 7.907919884
0.999998271 -0.000126708 0.001805124 0.119804308 0.000123677 0.999998569 0.001679042 -0.283169895 -0.001805334 -0.001678816 0.999996960 8.211803436
0.999998033 -0.000146981 0.001969516 0.117177740 0.000142607 0.999997497 0.002220393 -0.313514769 -0.001969838 -0.002220107 0.999995589 8.513619423
0.999997497 -0.000448869 0.002184561 0.119707957 0.000443821 0.999997199 0.002310853 -0.321532786 -0.002185592 -0.002309877 0.999994993 8.848544121
0.999996722 0.000428004 0.002495233 0.130852416 -0.000433800 0.999997139 0.002322552 -0.336017370 -0.002494233 -0.002323627 0.999994159 9.174382210
0.999997437 -0.000964019 0.001984440 0.150276646 0.000958862 0.999996066 0.002598000 -0.343462199 -0.001986936 -0.002596090 0.999994636 9.525777817
0.999997854 0.000090063 0.002058216 0.152068570 -0.000095390 0.999996603 0.002588266 -0.347360760 -0.002057976 -0.002588457 0.999994516 9.869924545
0.999997497 0.000043795 0.002219383 0.166364774 -0.000049881 0.999996185 0.002742059 -0.359531164 -0.002219254 -0.002742162 0.999993742 10.191492081
0.999998093 -0.000000152 0.001945217 0.158333048 -0.000005586 0.999995589 0.002949785 -0.385420084 -0.001945209 -0.002949791 0.999993682 10.578289032
0.999997914 -0.000489598 0.001988097 0.163099900 0.000483879 0.999995768 0.002875914 -0.391738743 -0.001989497 -0.002874946 0.999993861 10.961320877
0.999997973 -0.000254528 0.001992888 0.167135000 0.000248113 0.999994814 0.003218666 -0.405445665 -0.001993697 -0.003218165 0.999992788 11.342627525
0.999997139 -0.000941899 0.002187340 0.183364302 0.000935426 0.999995232 0.002958365 -0.412630975 -0.002190115 -0.002956311 0.999993265 11.714058876
0.999998271 -0.000156591 0.001849033 0.193430960 0.000150360 0.999994278 0.003369786 -0.423630625 -0.001849550 -0.003369502 0.999992549 12.082607269
0.999997616 -0.000007683 0.002148585 0.200570166 -0.000000267 0.999993086 0.003700088 -0.455551624 -0.002148598 -0.003700080 0.999990821 12.440704346
0.999998093 -0.000885836 0.001712892 0.220523447 0.000879844 0.999993503 0.003495720 -0.456770241 -0.001715977 -0.003494206 0.999992371 12.844312668
0.999998033 -0.000447389 0.001944970 0.228911012 0.000439335 0.999991357 0.004139734 -0.477329969 -0.001946805 -0.004138872 0.999989510 13.240639687
0.999996424 0.000682991 0.002599570 0.237481087 -0.000692483 0.999993086 0.003652192 -0.480137050 -0.002597058 -0.003653979 0.999989927 13.669990540
0.999997377 -0.000001133 0.002263239 0.244836539 -0.000009193 0.999989569 0.004562449 -0.499201000 -0.002263220 -0.004562459 0.999986947 14.087242126
0.999996245 -0.001515423 0.002273665 0.258129358 0.001504128 0.999986589 0.004961079 -0.570272505 -0.002281153 -0.004957641 0.999985099 14.524190903
0.999996066 -0.000761063 0.002665980 0.265261173 0.000746912 0.999985635 0.005305147 -0.581946254 -0.002669980 -0.005303135 0.999982357 14.940355301
0.999995410 -0.002003783 0.002277725 0.285523891 0.001991027 0.999982476 0.005588945 -0.597488225 -0.002288884 -0.005584385 0.999981821 15.351252556
0.999994516 -0.001059203 0.003134919 0.290988326 0.001041013 0.999982655 0.005798240 -0.618528605 -0.003141006 -0.005794945 0.999978244 15.784677505
0.999991655 -0.000277949 0.004069538 0.268596202 0.000251740 0.999979258 0.006439286 -0.635516703 -0.004071244 -0.006438209 0.999970973 16.282554626
0.999991953 -0.001937909 0.003520861 0.309222907 0.001916303 0.999979377 0.006129762 -0.670155346 -0.003532667 -0.006122965 0.999975026 16.721939087
0.999990463 -0.000392596 0.004352437 0.312971056 0.000368145 0.999984145 0.005617305 -0.677132249 -0.004354573 -0.005615649 0.999974787 17.177423477
0.999992609 -0.000766529 0.003793525 0.331458449 0.000742127 0.999979019 0.006429880 -0.693170965 -0.003798374 -0.006427018 0.999972165 17.651878357
0.999989986 -0.001201964 0.004323729 0.345420122 0.001173412 0.999977589 0.006599940 -0.704071164 -0.004331565 -0.006594800 0.999968886 18.106431961
0.999987304 -0.000971471 0.004948914 0.364517063 0.000939709 0.999979019 0.006416282 -0.710157752 -0.004955043 -0.006411551 0.999967158 18.593185425
0.999989927 -0.001015563 0.004376699 0.385143757 0.000984723 0.999974728 0.007042669 -0.730681598 -0.004383740 -0.007038288 0.999965727 19.058290482
0.999988079 -0.001138332 0.004753947 0.404052556 0.001104588 0.999974251 0.007094781 -0.731239915 -0.004761900 -0.007089445 0.999963522 19.552503586
0.999990761 -0.001207224 0.004118257 0.396518081 0.001175853 0.999970317 0.007611352 -0.766968131 -0.004127323 -0.007606439 0.999962568 19.986291885
0.999989629 -0.001320405 0.004361218 0.396816462 0.001287899 0.999971390 0.007447971 -0.778059363 -0.004370927 -0.007442277 0.999962687 20.490699768
0.999989629 -0.000917137 0.004467158 0.406014919 0.000883254 0.999970853 0.007580904 -0.791351736 -0.004473981 -0.007576879 0.999961257 20.995811462
0.999992609 -0.002011142 0.003282887 0.425990850 0.001986191 0.999969184 0.007585833 -0.813258648 -0.003298042 -0.007579256 0.999965847 21.535398483
0.999992013 -0.001895345 0.003513238 0.385004878 0.001866651 0.999964952 0.008152856 -0.843874335 -0.003528567 -0.008146233 0.999960601 21.998670578
0.999991894 -0.001621465 0.003676105 0.385337323 0.001590956 0.999964416 0.008286959 -0.857759297 -0.003689411 -0.008281045 0.999958873 22.536441803
0.999992967 -0.001582262 0.003388954 0.383556068 0.001553788 0.999963582 0.008388140 -0.869385242 -0.003402103 -0.008382817 0.999959052 23.065622330
0.999995887 -0.001025963 0.002680229 0.372682691 0.001002692 0.999961853 0.008669172 -0.892161965 -0.002689021 -0.008666450 0.999958813 23.567140579
0.999992907 -0.003658907 0.000916578 0.409178883 0.003651048 0.999957740 0.008433046 -0.916388631 -0.000947395 -0.008429640 0.999963939 24.092859268
0.999996543 -0.002560629 0.000515325 0.416002303 0.002556195 0.999961197 0.008426475 -0.920552135 -0.000536882 -0.008425130 0.999964356 24.630481720
0.999997437 -0.002270873 -0.000111518 0.438944638 0.002271750 0.999960244 0.008622257 -0.931610465 0.000091934 -0.008622488 0.999962807 25.164773941
0.999998808 -0.001559433 -0.000191069 0.405122459 0.001561071 0.999959290 0.008892430 -0.959939718 0.000177194 -0.008892717 0.999960423 25.655012131
0.999996841 -0.002474966 -0.000509561 0.434736371 0.002479679 0.999952137 0.009467007 -0.981124878 0.000486106 -0.009468241 0.999954998 26.138124466
0.999990344 -0.004073979 -0.001646642 0.454393387 0.004090832 0.999937832 0.010364940 -1.002600193 0.001604313 -0.010371573 0.999944925 26.703521729
0.999983430 -0.005239490 -0.002367367 0.469545901 0.005262615 0.999937415 0.009869960 -1.015463829 0.002315505 -0.009882255 0.999948442 27.232753754
0.999996662 -0.001995610 -0.001656183 0.463767827 0.002012236 0.999946952 0.010099142 -1.034254432 0.001635941 -0.010102439 0.999947667 27.812606812
0.999990225 -0.003554513 -0.002635048 0.476851106 0.003580545 0.999944150 0.009941184 -1.037616014 0.002599565 -0.009950520 0.999947071 28.412347794
0.999987662 -0.003855940 -0.003145099 0.481258214 0.003890046 0.999932885 0.010911111 -1.058641076 0.003102816 -0.010923210 0.999935567 28.945396423
0.999987006 -0.004100179 -0.003011486 0.442606241 0.004137119 0.999915004 0.012363989 -1.142060637 0.002960535 -0.012376288 0.999919057 29.500915527
0.999987483 -0.003894718 -0.003138712 0.449255675 0.003934569 0.999910414 0.012792036 -1.151412368 0.003088610 -0.012804226 0.999913275 30.043165207
0.999985278 -0.004016390 -0.003662876 0.495802432 0.004060542 0.999918282 0.012127257 -1.169268370 0.003613869 -0.012141950 0.999919832 30.553016663
0.999983072 -0.004068638 -0.004166859 0.507093728 0.004122285 0.999907672 0.012947995 -1.185207605 0.004113794 -0.012964954 0.999907553 31.133159637
0.999984384 -0.003212482 -0.004557334 0.497794151 0.003270346 0.999913335 0.012746643 -1.225327253 0.004515991 -0.012761348 0.999908388 31.754013062
0.999985874 -0.002891493 -0.004459352 0.503198266 0.002951202 0.999905169 0.013441714 -1.243089318 0.004420063 -0.013454684 0.999899745 32.290336609
0.999986291 -0.002880186 -0.004357890 0.507706404 0.002937234 0.999909341 0.013141366 -1.242990971 0.004319646 -0.013153988 0.999904156 32.807128906
0.999990642 -0.001718293 -0.003957693 0.483267665 0.001770156 0.999912083 0.013138359 -1.267263532 0.003934770 -0.013145244 0.999905825 33.311798096
0.999988317 -0.002411426 -0.004179827 0.492412984 0.002469371 0.999900162 0.013913779 -1.271444440 0.004145858 -0.013923938 0.999894440 33.922115326
0.999986470 -0.002317876 -0.004656046 0.508824587 0.002383366 0.999897540 0.014109669 -1.280174971 0.004622865 -0.014120576 0.999889612 34.481376648
0.999978185 -0.004093306 -0.005207841 0.499950826 0.004164401 0.999897301 0.013714582 -1.284469962 0.005151168 -0.013735969 0.999892414 35.023059845
0.999976158 -0.004136251 -0.005534130 0.512267113 0.004210559 0.999900222 0.013483454 -1.283840656 0.005477807 -0.013506434 0.999893844 35.568759918
0.999975801 -0.004098717 -0.005612359 0.511270046 0.004177814 0.999891043 0.014155053 -1.307711601 0.005553731 -0.014178159 0.999884009 36.109249115
0.999983072 -0.003104400 -0.004924652 0.511980295 0.003170558 0.999904037 0.013483645 -1.301714778 0.004882321 -0.013499033 0.999896944 36.680282593
0.999986708 -0.002349657 -0.004569664 0.499129802 0.002416675 0.999888778 0.014716196 -1.354773641 0.004534578 -0.014727043 0.999881268 37.211380005
0.999975562 -0.004488702 -0.005354825 0.531974673 0.004562087 0.999894798 0.013771889 -1.324400067 0.005292444 -0.013795983 0.999890804 37.772216797
0.999982357 -0.002884199 -0.005202334 0.549443841 0.002961671 0.999883950 0.014946031 -1.395827293 0.005158624 -0.014961176 0.999874771 38.418762207
0.999978900 -0.003778890 -0.005283426 0.551754475 0.003855549 0.999886334 0.014575326 -1.340878010 0.005227747 -0.014595388 0.999879777 38.899616241
0.999967992 -0.004853260 -0.006358510 0.555351257 0.004952102 0.999865711 0.015622346 -1.397389650 0.006281837 -0.015653335 0.999857664 39.453029633
0.999956071 -0.006488667 -0.006768018 0.562013328 0.006606542 0.999824286 0.017542088 -1.440851212 0.006653004 -0.017586030 0.999823213 39.812080383
0.999965727 -0.006223844 -0.005462646 0.552458942 0.006320780 0.999819517 0.017911278 -1.464753747 0.005350184 -0.017945191 0.999824703 40.326374054
0.999970138 -0.005168905 -0.005745516 0.559533775 0.005266170 0.999840796 0.017044768 -1.452591181 0.005656498 -0.017074514 0.999838233 40.916278839
0.999963462 -0.005698632 -0.006375055 0.585338891 0.005809280 0.999830425 0.017474748 -1.468397856 0.006274393 -0.017511146 0.999826968 41.450008392
0.999957025 -0.006788079 -0.006318384 0.591493845 0.006903362 0.999806702 0.018406386 -1.487191558 0.006192219 -0.018449210 0.999810636 41.968631744
0.999953151 -0.007007368 -0.006677748 0.623617113 0.007128716 0.999806583 0.018324863 -1.502547741 0.006548046 -0.018371610 0.999809802 42.505908966
0.999950409 -0.007354769 -0.006714259 0.580641985 0.007480918 0.999792218 0.018960509 -1.484193802 0.006573412 -0.019009791 0.999797761 43.030353546
0.999948978 -0.007031520 -0.007252851 0.636728883 0.007165833 0.999800086 0.018662065 -1.509997606 0.007120179 -0.018713085 0.999799550 43.661636353
0.999949515 -0.007219119 -0.006981016 0.645326316 0.007350136 0.999793828 0.018927783 -1.526456356 0.006842934 -0.018978139 0.999796510 44.219608307
0.999945819 -0.007986427 -0.006676902 0.634142518 0.008122431 0.999754846 0.020596519 -1.564252377 0.006510775 -0.020649638 0.999765575 44.621833801
0.999945104 -0.007874172 -0.006896446 0.645285428 0.008012430 0.999762774 0.020254776 -1.565811157 0.006735321 -0.020308925 0.999771118 45.179466248
0.999930561 -0.009047438 -0.007550149 0.656448066 0.009209444 0.999721944 0.021705575 -1.579817653 0.007351670 -0.021773599 0.999735951 45.696796417
0.999921739 -0.009810895 -0.007762931 0.664471149 0.009982242 0.999700367 0.022350522 -1.589403033 0.007541326 -0.022426262 0.999720097 46.212963104
0.999939620 -0.008755393 -0.006633578 0.628777981 0.008898312 0.999722123 0.021830492 -1.586342216 0.006440599 -0.021888204 0.999739707 46.828422546
0.999924898 -0.009857658 -0.007287071 0.668762445 0.010021854 0.999688685 0.022850368 -1.639763594 0.007059550 -0.022921678 0.999712408 47.390899658
0.999961674 -0.005941570 -0.006432447 0.676536441 0.006083084 0.999734819 0.022208804 -1.637853384 0.006298786 -0.022247085 0.999732673 47.768527985
0.999960840 -0.006303756 -0.006208479 0.683599412 0.006439882 0.999733746 0.022155784 -1.647559762 0.006067162 -0.022194896 0.999735296 48.303462982
0.999959946 -0.006824639 -0.005798123 0.686120510 0.006958061 0.999704063 0.023311418 -1.660798550 0.005637315 -0.023350826 0.999711454 48.856727600
0.999961793 -0.006291132 -0.006069990 0.702100992 0.006427383 0.999721766 0.022694565 -1.652448535 0.005925526 -0.022732712 0.999724030 49.419567108
0.999952137 -0.007325181 -0.006475816 0.694331169 0.007475983 0.999694049 0.023577990 -1.675593257 0.006301121 -0.023625273 0.999701023 49.980049133
0.999966681 -0.006307381 -0.005198338 0.673748255 0.006426837 0.999708056 0.023292491 -1.673240185 0.005049907 -0.023325127 0.999715209 50.530334473
0.999962687 -0.006110060 -0.006107122 0.698837519 0.006252145 0.999703646 0.023523619 -1.680850506 0.005961582 -0.023560923 0.999704599 50.931121826
0.999962151 -0.006262137 -0.006039507 0.692671001 0.006402109 0.999704599 0.023442142 -1.682519436 0.005890926 -0.023479920 0.999706864 51.475055695
0.999961019 -0.006386870 -0.006096683 0.700422466 0.006528596 0.999702156 0.023516687 -1.686785340 0.005944669 -0.023555575 0.999704838 52.029129028
0.999951720 -0.007953196 -0.005761251 0.721145630 0.008086591 0.999690831 0.023512896 -1.685599685 0.005572467 -0.023558354 0.999706924 52.572216034
0.999957800 -0.007477134 -0.005344175 0.694902599 0.007601543 0.999691427 0.023651099 -1.711876512 0.005165684 -0.023690728 0.999705911 53.073741913
0.999961555 -0.006743983 -0.005590245 0.685951114 0.006879658 0.999673307 0.024616860 -1.736936569 0.005422403 -0.024654372 0.999681354 53.590511322
0.999960482 -0.006896474 -0.005610513 0.686380148 0.007034571 0.999663293 0.024978440 -1.744439602 0.005436360 -0.025016924 0.999672234 54.134582520
0.999965250 -0.006316043 -0.005445505 0.694930375 0.006449928 0.999668419 0.024929909 -1.748775363 0.005286241 -0.024964167 0.999674380 54.690773010
0.999964118 -0.006540179 -0.005391093 0.697109103 0.006672322 0.999668419 0.024869112 -1.743774295 0.005226658 -0.024904188 0.999676168 55.232967377
0.999959588 -0.006392896 -0.006323561 0.729690611 0.006550889 0.999658763 0.025287921 -1.743323922 0.006159740 -0.025328321 0.999660254 55.769577026
0.999955654 -0.006736250 -0.006588098 0.787540495 0.006904336 0.999642491 0.025832674 -1.782411098 0.006411728 -0.025877019 0.999644578 56.377799988
0.999958158 -0.006750220 -0.006174633 0.726497412 0.006907432 0.999643147 0.025804359 -1.768166184 0.005998245 -0.025845934 0.999647915 56.672431946
0.999965250 -0.005862127 -0.005933051 0.736859143 0.006010000 0.999663830 0.025220454 -1.771034360 0.005783211 -0.025255233 0.999664307 57.248867035
0.999960303 -0.006717308 -0.005860843 0.751371384 0.006865342 0.999648273 0.025614418 -1.770628452 0.005686722 -0.025653636 0.999654651 57.791069031
0.999970019 -0.005303467 -0.005643950 0.747869134 0.005448852 0.999645412 0.026063703 -1.770592451 0.005503720 -0.026093675 0.999644399 58.341415405
0.999978542 -0.004800664 -0.004465375 0.712490439 0.004918313 0.999630809 0.026720071 -1.800922751 0.004335452 -0.026741456 0.999633074 58.767524719
0.999961317 -0.006715836 -0.005676804 0.726627946 0.006867039 0.999610484 0.027049240 -1.821013808 0.005492933 -0.027087174 0.999617994 59.210491180
0.999953449 -0.007356743 -0.006236615 0.741838694 0.007520569 0.999616027 0.026665097 -1.810481310 0.006038051 -0.026710758 0.999624968 59.783657074
0.999957681 -0.007139771 -0.005797084 0.739211440 0.007295088 0.999602616 0.027228398 -1.829050660 0.005600376 -0.027269533 0.999612451 60.293571472
0.999960840 -0.006563117 -0.005932889 0.783190250 0.006726828 0.999585092 0.028008545 -1.846414208 0.005746603 -0.028047359 0.999590099 60.776618958
0.999961793 -0.006233608 -0.006113772 0.801088452 0.006406225 0.999569535 0.028633131 -1.869074821 0.005932652 -0.028671205 0.999571323 61.284858704
0.999957204 -0.007180251 -0.005837607 0.773868322 0.007342026 0.999576032 0.028180389 -1.857042074 0.005632790 -0.028222041 0.999585807 61.798114777
0.999954998 -0.007433945 -0.005889220 0.778277993 0.007597044 0.999574244 0.028174102 -1.859240532 0.005677268 -0.028217575 0.999585688 62.320064545
0.999954402 -0.007547942 -0.005851407 0.783417404 0.007712787 0.999558866 0.028680913 -1.869235635 0.005632344 -0.028724737 0.999571502 62.860080719
0.999960721 -0.007045960 -0.005387908 0.767439604 0.007200760 0.999545515 0.029272726 -1.887467861 0.005179205 -0.029310375 0.999556899 63.392265320
0.999950171 -0.007613310 -0.006463748 0.833489180 0.007798423 0.999545693 0.029113643 -1.864832759 0.006239161 -0.029162597 0.999555171 63.863964081
0.999950290 -0.007759761 -0.006261039 0.813597083 0.007940793 0.999535382 0.029426819 -1.906528115 0.006029786 -0.029475072 0.999547243 64.363746643
0.999950886 -0.007895328 -0.005994295 0.827794850 0.008066786 0.999542773 0.029139565 -1.904000878 0.005761488 -0.029186489 0.999557316 64.903343201
0.999954104 -0.007753919 -0.005619138 0.838898897 0.007918259 0.999523342 0.029839680 -1.909321070 0.005385085 -0.029882807 0.999538898 65.442077637
0.999952853 -0.007855968 -0.005705947 0.851688862 0.008021923 0.999527574 0.029668681 -1.911175609 0.005470175 -0.029713051 0.999543488 65.963256836
0.999950707 -0.007988643 -0.005888232 0.817485809 0.008165872 0.999494731 0.030715952 -1.935225248 0.005639879 -0.030762520 0.999510825 66.426879883
0.999946356 -0.008300930 -0.006206171 0.831337452 0.008489421 0.999483645 0.030988436 -1.940356970 0.005945735 -0.031039461 0.999500453 66.969413757
0.999943554 -0.008799043 -0.005961049 0.857355595 0.008981717 0.999468267 0.031344593 -1.945589066 0.005682077 -0.031396359 0.999490917 67.505012512
0.999955177 -0.007719038 -0.005480872 0.835892737 0.007887424 0.999475837 0.031395983 -1.943643332 0.005235652 -0.031437807 0.999491930 67.959884644
0.999964178 -0.006364125 -0.005575305 0.852508545 0.006535665 0.999488294 0.031309586 -1.952649117 0.005373194 -0.031344909 0.999494135 68.475952148
0.999955058 -0.007762552 -0.005445851 0.856939733 0.007926897 0.999493062 0.030834978 -1.941275835 0.005203732 -0.030876756 0.999509692 69.035728455
0.999957085 -0.007554832 -0.005358238 0.850885987 0.007719159 0.999478877 0.031340878 -1.946327686 0.005118671 -0.031380892 0.999494374 69.503868103
0.999955237 -0.007451317 -0.005822052 0.876786768 0.007632310 0.999467909 0.031709798 -1.956803560 0.005582675 -0.031752817 0.999480128 70.038398743
0.999966919 -0.006473012 -0.004915321 0.864020407 0.006624760 0.999481380 0.031510666 -1.951976538 0.004708802 -0.031542186 0.999491334 70.591255188
0.999958813 -0.007305041 -0.005390476 0.880905151 0.007472531 0.999468386 0.031734694 -1.968608856 0.005155787 -0.031773664 0.999481916 71.000038147
0.999969780 -0.006019654 -0.004923527 0.876747191 0.006174334 0.999467909 0.032029185 -1.968392134 0.004728103 -0.032058615 0.999474823 71.545066833
0.999980867 -0.004573158 -0.004176109 0.893655062 0.004703362 0.999485731 0.031719800 -1.973112583 0.004028901 -0.031738833 0.999488115 72.076637268
0.999964952 -0.006576034 -0.005181523 0.909736395 0.006738420 0.999466062 0.031971727 -1.960445166 0.004968509 -0.032005530 0.999475360 72.612060547
0.999963164 -0.006927741 -0.005086024 0.922858715 0.007087252 0.999461293 0.032044880 -1.968170881 0.004861285 -0.032079749 0.999473453 73.128112793
0.999960184 -0.007086900 -0.005443771 0.926494420 0.007257855 0.999459743 0.032053750 -1.977302551 0.005213669 -0.032091975 0.999471426 73.562805176
0.999954939 -0.007348875 -0.006001853 0.937113464 0.007541602 0.999435306 0.032746356 -1.981181145 0.005757814 -0.032790147 0.999445677 74.094337463
0.999944746 -0.008504341 -0.006172189 0.962102652 0.008700352 0.999435246 0.032457191 -1.983823061 0.005892677 -0.032509100 0.999454021 74.605979919
0.999961436 -0.006816543 -0.005533637 0.966336966 0.006991087 0.999458253 0.032161094 -1.975056648 0.005311411 -0.032198541 0.999467373 75.099342346
0.999956667 -0.007372964 -0.005674965 0.973998368 0.007555470 0.999432087 0.032840189 -1.989620209 0.005429610 -0.032881640 0.999444485 75.639434814
0.999966741 -0.006279025 -0.005198124 0.962433577 0.006447640 0.999431789 0.033082727 -1.982996464 0.004987442 -0.033115149 0.999439120 76.180496216
0.999961615 -0.006867551 -0.005431723 0.973753691 0.007036858 0.999469757 0.031790983 -1.965232372 0.005210516 -0.031827986 0.999479771 76.714210510
0.999968410 -0.006373568 -0.004750937 0.961945057 0.006524933 0.999448597 0.032556210 -1.967172623 0.004540817 -0.032586180 0.999458611 77.182464600
0.999966502 -0.006485871 -0.004990888 0.969549417 0.006646191 0.999439597 0.032806229 -1.966187239 0.004775314 -0.032838300 0.999449253 77.744262695
0.999964774 -0.006318394 -0.005519391 1.013522625 0.006494034 0.999453664 0.032406345 -1.968667984 0.005311620 -0.032441042 0.999459505 78.307579041
0.999974966 -0.006064881 -0.003652740 0.982042670 0.006181112 0.999446213 0.032697279 -1.971596956 0.003452412 -0.032719031 0.999458611 78.798622131
0.999982178 -0.005621912 -0.002005205 0.981836200 0.005684187 0.999454498 0.032535642 -1.969177008 0.001821198 -0.032546461 0.999468565 79.356666565
0.999979794 -0.006180268 -0.001554603 1.007337809 0.006227671 0.999449074 0.032600731 -1.970994949 0.001352265 -0.032609753 0.999467254 79.933250427
0.999977708 -0.006637209 -0.000725937 1.028467059 0.006657515 0.999435604 0.032928318 -1.968132257 0.000506975 -0.032932412 0.999457479 80.423339844
0.999979675 -0.005847257 0.002523268 1.046575904 0.005759767 0.999425828 0.033388782 -1.992144823 -0.002717052 -0.033373568 0.999439180 80.885261536
0.999962449 -0.005956342 0.006289974 1.065649986 0.005743092 0.999425769 0.033393607 -1.983111858 -0.006485267 -0.033356227 0.999422431 81.424034119
0.999936938 -0.006191399 0.009370696 1.090303183 0.005873309 0.999418020 0.033600278 -1.986317635 -0.009573276 -0.033543121 0.999391317 81.960395813
0.999896288 -0.006687571 0.012754161 1.131136537 0.006259270 0.999424756 0.033330541 -1.965712070 -0.012969725 -0.033247244 0.999362946 82.482849121
0.999801099 -0.006648312 0.018802552 1.138209105 0.006011320 0.999412835 0.033733848 -1.972613335 -0.019015782 -0.033614103 0.999253929 83.067237854
0.999652803 -0.006888594 0.025433680 1.146098375 0.006038379 0.999425232 0.033355497 -1.967815161 -0.025648832 -0.033190340 0.999119759 83.579978943
0.999493957 -0.005789233 0.031275198 1.147316575 0.004744867 0.999431968 0.033364374 -1.984565973 -0.031450588 -0.033199094 0.998953760 84.150344849
0.999196112 -0.005550339 0.039700292 1.190466642 0.004217038 0.999426782 0.033589393 -1.980832338 -0.039863970 -0.033394974 0.998646915 84.701271057
0.998810172 -0.005192707 0.048489466 1.233406544 0.003566581 0.999430239 0.033562150 -1.983023643 -0.048636120 -0.033349268 0.998259723 85.247688293
0.998481154 -0.005796799 0.054788344 1.278326750 0.003962282 0.999429762 0.033533216 -1.973146915 -0.054951482 -0.033265200 0.997934759 85.794364929
0.997943342 -0.006181780 0.063803487 1.323477745 0.004059570 0.999435842 0.033337846 -1.964423656 -0.063973591 -0.033010259 0.997405469 86.386558533
0.997210145 -0.004664297 0.074499421 1.389505863 0.002060824 0.999385715 0.034984928 -2.012172222 -0.074616857 -0.034733802 0.996607184 86.813919067
0.996519923 -0.004514644 0.083232366 1.452150822 0.001587064 0.999378860 0.035206247 -2.006615400 -0.083339624 -0.034951631 0.995908082 87.368370056
0.995702505 -0.004059974 0.092521042 1.496212959 0.000867287 0.999403536 0.034521792 -1.994042635 -0.092606023 -0.034293193 0.995112062 87.999282837
0.994755328 -0.003689899 0.102216594 1.605610847 0.000158751 0.999403536 0.034532361 -2.008464098 -0.102283053 -0.034335017 0.994162560 88.532714844
0.993652821 -0.003396331 0.112438805 1.651908875 -0.000613562 0.999365568 0.035609096 -2.011649132 -0.112488419 -0.035452064 0.993020356 88.960609436
0.992556751 -0.005342296 0.121665351 1.725281715 0.001128339 0.999397874 0.034678232 -1.987993002 -0.121777348 -0.034282833 0.991965175 89.467300415
0.991123617 -0.004527164 0.132866547 1.815649033 -0.000125732 0.999387622 0.034990069 -1.986149311 -0.132943571 -0.034696184 0.990516126 90.019172668
0.989459276 -0.004857583 0.144730449 1.916000366 -0.000109219 0.999411881 0.034289908 -1.974690199 -0.144811898 -0.033944272 0.988876760 90.555992126
0.987878978 -0.005797339 0.155117750 2.031989098 0.000494404 0.999414802 0.034203280 -1.978537321 -0.155225247 -0.033712007 0.987303734 91.079429626
0.986149788 -0.004628043 0.165792614 2.100057602 -0.001077474 0.999410808 0.034307126 -1.974593163 -0.165853679 -0.034010600 0.985563636 91.595092773
0.984021306 -0.005968538 0.177950561 2.200486183 -0.000146382 0.999410510 0.034330118 -1.959775209 -0.178050548 -0.033807613 0.983440340 92.123985291
0.981751978 -0.006031297 0.190070197 2.346394539 -0.000639986 0.999386430 0.035018146 -1.955641270 -0.190164790 -0.034500767 0.981145799 92.621726990
0.979634643 -0.006242539 0.200691208 2.478847504 -0.000753144 0.999395311 0.034762714 -1.950956583 -0.200786874 -0.034205906 0.979037642 93.156692505
0.976811230 -0.006788049 0.213994592 2.620248795 -0.000629224 0.999401867 0.034573875 -1.943016529 -0.214101285 -0.033906803 0.976222813 93.696281433
0.973741591 -0.007246286 0.227541149 2.759105682 -0.000573880 0.999411941 0.034283184 -1.939106226 -0.227655798 -0.033513542 0.973164797 94.193801880
0.971024334 -0.007357734 0.238867313 2.916477203 -0.000920741 0.999403298 0.034527142 -1.950111866 -0.238978833 -0.033746630 0.970438242 94.748260498
0.967672646 -0.006538428 0.252124667 3.055906296 -0.002308562 0.999392390 0.034777984 -1.936715126 -0.252198845 -0.034235757 0.967069626 95.258789062
0.963878572 -0.006626165 0.266259551 3.216438293 -0.002716143 0.999393880 0.034703653 -1.931008101 -0.266328156 -0.034173310 0.963276505 95.785339355
0.960385323 -0.006699363 0.278594762 3.400835037 -0.002770973 0.999431968 0.033585560 -1.917744875 -0.278661460 -0.033027060 0.959821284 96.304763794
0.957372725 -0.008327317 0.288735271 3.602003098 -0.001618803 0.999413967 0.034191299 -1.918913364 -0.288850814 -0.033201221 0.956798255 96.788581848
0.952830136 -0.007917632 0.303400755 3.794679642 -0.003025726 0.999362171 0.035581931 -1.932140589 -0.303488910 -0.034821548 0.952198446 97.396865845
0.948287964 -0.006950637 0.317335248 3.952184677 -0.004531247 0.999361813 0.035429802 -1.918285608 -0.317379028 -0.035035584 0.947651267 97.784317017
0.944349051 -0.006835266 0.328874171 4.161529541 -0.004979081 0.999372482 0.035068035 -1.909111500 -0.328907430 -0.034753948 0.943722427 98.310638428
0.939506590 -0.006263297 0.342473805 4.355026245 -0.006096932 0.999368608 0.035002541 -1.908790588 -0.342476815 -0.034973148 0.938875079 98.819793701
0.934659183 -0.006731573 0.355481297 4.591270447 -0.005912593 0.999388218 0.034470774 -1.907450914 -0.355495840 -0.034320239 0.934047461 99.325393677
0.929905534 -0.007449210 0.367723167 4.812835693 -0.005858174 0.999368072 0.035059124 -1.917123556 -0.367751956 -0.034755848 0.929274201 99.899810791
0.925150275 -0.007419547 0.379528761 5.048166275 -0.005998095 0.999398410 0.034158744 -1.900954962 -0.379553884 -0.033878412 0.924549162 100.369514465
0.919220150 -0.007727985 0.393667966 5.303464890 -0.006434499 0.999379158 0.034643166 -1.877918243 -0.393691242 -0.034377765 0.918599665 100.873725891
0.913415134 -0.007480045 0.406960458 5.548152924 -0.007278786 0.999371052 0.034705814 -1.878687620 -0.406964093 -0.034662995 0.912786245 101.368576050
0.908938408 -0.009073477 0.416831762 5.802097321 -0.005441332 0.999419928 0.033620402 -1.863249540 -0.416894913 -0.032826997 0.908361793 101.858367920
0.903405130 -0.009789847 0.428676188 6.054084778 -0.004997208 0.999431014 0.033355668 -1.861041784 -0.428758800 -0.032275867 0.902842224 102.331382751
0.896726429 -0.009585893 0.442481428 6.318584442 -0.005871232 0.999419808 0.033549923 -1.867870808 -0.442546248 -0.032683015 0.896149933 102.839286804
0.890948355 -0.010864336 0.453974634 6.589618683 -0.005531079 0.999379992 0.034771770 -1.883989096 -0.454070926 -0.033490829 0.890335858 103.324440002
0.885401607 -0.011690630 0.464679897 6.869071960 -0.004960877 0.999389112 0.034595545 -1.877176762 -0.464800477 -0.032936174 0.884802699 103.801361084
0.877789021 -0.011113259 0.478918493 7.149143219 -0.005962647 0.999399960 0.034119658 -1.866285563 -0.479010344 -0.032805488 0.877196074 104.301780701
