1.000000000 0.000000000 0.000000000 0.000000000 0.000000000 1.000000000 0.000000000 0.000000000 0.000000000 0.000000000 1.000000000 0.000000000
1.000000000 0.000026596 0.000039373 -0.000614597 -0.000026600 1.000000000 0.000116421 -0.000496669 -0.000039370 -0.000116422 1.000000000 -0.000098985
1.000000000 0.000016096 0.000083622 -0.000997493 -0.000016098 1.000000000 0.000020477 0.000005373 -0.000083621 -0.000020478 1.000000000 -0.000151466
1.000000000 0.000125390 0.000037041 -0.000571372 -0.000125390 1.000000000 -0.000013696 -0.000181284 -0.000037042 0.000013691 1.000000000 -0.000278790
1.000000000 0.000079444 0.000133966 -0.001517570 -0.000079451 1.000000000 0.000055244 -0.000201236 -0.000133962 -0.000055254 1.000000000 0.000404831
1.000000000 -0.000016742 0.000010202 -0.000352078 0.000016742 1.000000000 0.000004393 -0.000533170 -0.000010202 -0.000004393 1.000000000 -0.000297050
1.000000000 0.000044209 0.000067330 -0.000266485 -0.000044209 1.000000000 -0.000001042 -0.000109693 -0.000067330 0.000001039 1.000000000 0.000689039
1.000000000 0.000073929 -0.000024642 -0.000209419 -0.000073931 1.000000000 -0.000088008 0.000156469 0.000024636 0.000088009 1.000000000 0.000000821
1.000000000 0.000078166 0.000087376 -0.000431665 -0.000078164 1.000000000 -0.000026154 -0.000455108 -0.000087378 0.000026147 1.000000000 0.000080246
1.000000000 0.000132419 0.000056437 -0.000506827 -0.000132425 1.000000000 0.000096708 -0.000556335 -0.000056424 -0.000096716 1.000000000 0.000495166
1.000000000 0.000044941 0.000044978 0.000242740 -0.000044941 1.000000000 -0.000002085 0.000018631 -0.000044978 0.000002083 1.000000000 0.001843383
1.000000000 0.000113666 0.000065489 -0.000991782 -0.000113668 1.000000000 0.000030925 -0.001098900 -0.000065485 -0.000030933 1.000000000 -0.000358173
1.000000000 0.000125112 0.000057123 -0.000735374 -0.000125110 1.000000000 -0.000028350 0.000072476 -0.000057126 0.000028343 1.000000000 0.000419208
1.000000000 0.000165666 0.000122597 -0.002050945 -0.000165660 1.000000000 -0.000046457 0.000574085 -0.000122604 0.000046436 1.000000000 0.000383268
1.000000000 0.000136175 0.000093894 -0.000292629 -0.000136175 1.000000000 0.000001490 0.000783311 -0.000093894 -0.000001503 1.000000000 0.002160318
0.999999940 0.000218430 0.000114542 -0.001134592 -0.000218428 1.000000000 -0.000020953 0.000722577 -0.000114547 0.000020928 1.000000000 0.001547728
0.999999940 0.000244309 0.000137080 -0.001465971 -0.000244302 0.999999940 -0.000048615 0.000869592 -0.000137092 0.000048582 1.000000000 0.002171913
1.000000000 0.000157001 0.000148886 -0.001870648 -0.000157000 1.000000000 -0.000011849 0.001130420 -0.000148888 0.000011826 1.000000000 0.001932880
0.999999940 0.000230497 0.000185777 -0.001907901 -0.000230472 0.999999940 -0.000135008 0.001666828 -0.000185809 0.000134966 1.000000000 0.001624052
0.999999940 0.000227294 0.000184514 -0.002226678 -0.000227283 1.000000000 -0.000059838 0.000854233 -0.000184528 0.000059796 1.000000000 0.001625922
0.999999940 0.000302969 0.000131910 -0.001982085 -0.000302961 0.999999940 -0.000061330 0.001207526 -0.000131928 0.000061290 1.000000000 0.001331734
0.999999940 0.000282620 0.000163749 -0.002209977 -0.000282604 0.999999940 -0.000099492 0.001349293 -0.000163777 0.000099446 1.000000000 0.001953488
0.999999940 0.000232069 0.000138632 -0.001816440 -0.000232061 1.000000000 -0.000060023 0.001570657 -0.000138646 0.000059991 1.000000000 0.002090795
0.999999940 0.000331320 0.000130901 -0.002172318 -0.000331312 0.999999940 -0.000061066 0.001438711 -0.000130921 0.000061023 1.000000000 0.001626946
0.999999940 0.000288462 0.000191889 -0.001555939 -0.000288457 0.999999940 -0.000025205 0.000864883 -0.000191896 0.000025150 1.000000000 0.001671127
0.999999940 0.000222371 0.000209889 -0.002195486 -0.000222359 1.000000000 -0.000059415 0.002174264 -0.000209902 0.000059368 1.000000000 0.002200353
0.999999940 0.000262841 0.000161059 -0.001709032 -0.000262839 0.999999940 -0.000008468 0.001099861 -0.000161061 0.000008426 1.000000000 0.001328153
0.999999940 0.000300659 0.000122010 -0.002151169 -0.000300641 0.999999940 -0.000142230 0.002181884 -0.000122053 0.000142194 1.000000000 0.001437470
0.999999940 0.000317853 0.000092933 -0.001696308 -0.000317839 0.999999940 -0.000158615 0.002265264 -0.000092983 0.000158586 1.000000000 0.001136648
0.999999940 0.000354181 0.000226985 -0.001777612 -0.000354170 0.999999940 -0.000045907 0.000565534 -0.000227001 0.000045826 1.000000000 0.001442689
0.999999940 0.000263319 0.000295382 -0.002457843 -0.000263281 0.999999940 -0.000128023 0.001886082 -0.000295416 0.000127945 0.999999940 0.002813909
0.999999940 0.000296460 0.000182651 -0.001638053 -0.000296446 0.999999940 -0.000078818 0.001424732 -0.000182674 0.000078763 1.000000000 0.002334319
0.999999940 0.000265289 0.000162106 -0.001558514 -0.000265282 0.999999940 -0.000039992 0.000679537 -0.000162116 0.000039949 1.000000000 0.001222407
0.999999881 0.000371278 0.000260671 -0.002625161 -0.000371256 0.999999940 -0.000086157 0.001387162 -0.000260703 0.000086060 0.999999940 0.001564981
0.999999940 0.000299893 0.000174044 -0.001169048 -0.000299874 0.999999940 -0.000113848 0.001334955 -0.000174078 0.000113796 1.000000000 0.001154372
0.999999940 0.000275228 0.000211435 -0.002534428 -0.000275203 0.999999940 -0.000121900 0.001743317 -0.000211469 0.000121842 1.000000000 0.001736696
0.999999940 0.000330333 0.000142425 -0.001857421 -0.000330310 0.999999940 -0.000159766 0.002541557 -0.000142478 0.000159719 1.000000000 0.002171794
0.999999881 0.000379940 0.000212545 -0.002444645 -0.000379920 0.999999940 -0.000094585 0.001764936 -0.000212581 0.000094504 1.000000000 0.001800811
0.999999940 0.000336741 0.000193848 -0.001058924 -0.000336725 0.999999940 -0.000081344 0.002043474 -0.000193876 0.000081278 1.000000000 0.001858601
1.000000000 0.000193000 0.000136096 -0.000553484 -0.000192977 0.999999940 -0.000169232 0.001324576 -0.000136129 0.000169206 1.000000000 0.001967550
0.999999762 0.000625587 0.000322451 -0.003312742 -0.000625348 0.999999523 -0.000740942 -0.001860211 -0.000322915 0.000740740 0.999999702 0.047848776
0.999999821 0.000488714 0.000246701 0.000561220 -0.000488387 0.999998987 -0.001324238 -0.003845971 -0.000247348 0.001324117 0.999999106 0.138664663
0.999999940 0.000204874 0.000189478 0.002330279 -0.000204600 0.999998927 -0.001444307 -0.008006733 -0.000189774 0.001444268 0.999998927 0.252269238
0.999999881 0.000463957 0.000256847 0.005003513 -0.000463660 0.999999225 -0.001155399 -0.012224961 -0.000257383 0.001155280 0.999999285 0.383901894
1.000000000 0.000136246 0.000149535 0.008380969 -0.000136086 0.999999404 -0.001065867 -0.017247807 -0.000149680 0.001065846 0.999999344 0.525024891
1.000000000 -0.000128423 0.000167007 0.011538913 0.000128553 0.999999702 -0.000779978 -0.022323614 -0.000166907 0.000779999 0.999999642 0.678180933
1.000000000 0.000005594 0.000145663 0.015867410 -0.000005499 0.999999762 -0.000651267 -0.025967814 -0.000145666 0.000651267 0.999999762 0.842273474
0.999999821 0.000247339 0.000353848 0.017139098 -0.000247114 0.999999702 -0.000636448 -0.030389648 -0.000354006 0.000636360 0.999999762 1.010146976
0.999999881 0.000135075 0.000292602 0.020843016 -0.000134895 0.999999702 -0.000614802 -0.033445872 -0.000292684 0.000614763 0.999999821 1.186506748
0.999999762 0.000435972 0.000501967 0.023261504 -0.000435826 0.999999881 -0.000291434 -0.039740611 -0.000502093 0.000291215 0.999999821 1.372345448
0.999999762 0.000357369 0.000428305 0.025811167 -0.000357232 0.999999821 -0.000322003 -0.044973139 -0.000428420 0.000321850 0.999999881 1.563067675
0.999999762 0.000394164 0.000550921 0.029706834 -0.000394080 0.999999940 -0.000151340 -0.050630581 -0.000550981 0.000151123 0.999999821 1.758075714
0.999999762 0.000543369 0.000651404 0.031872619 -0.000543320 0.999999821 -0.000076498 -0.056620419 -0.000651445 0.000076144 0.999999702 1.958756804
0.999999642 0.000458903 0.000586495 0.036668003 -0.000458906 0.999999821 0.000003808 -0.065079682 -0.000586493 -0.000004078 0.999999821 2.165951967
0.999999762 0.000308926 0.000612034 0.041009922 -0.000308947 0.999999940 0.000033542 -0.070718110 -0.000612024 -0.000033731 0.999999821 2.379553080
0.999999464 0.000433073 0.000866891 0.045831621 -0.000433042 0.999999881 -0.000035118 -0.076873921 -0.000866906 0.000034743 0.999999642 2.609935760
0.999999344 0.000627335 0.000983240 0.050604254 -0.000627206 0.999999762 -0.000130642 -0.081976712 -0.000983322 0.000130025 0.999999523 2.841235399
0.999998987 0.000810591 0.001102119 0.054382917 -0.000810435 0.999999583 -0.000141440 -0.086464249 -0.001102233 0.000140547 0.999999404 3.078609467
0.999998987 0.001120721 0.000867980 0.059917554 -0.001120767 0.999999344 0.000052986 -0.095225103 -0.000867920 -0.000053958 0.999999642 3.319579363
0.999999106 0.000966404 0.000937508 0.064511351 -0.000966707 0.999999464 0.000323479 -0.106320016 -0.000937195 -0.000324385 0.999999523 3.565017462
0.999999106 0.000831830 0.001062603 0.069296360 -0.000831889 0.999999642 0.000055334 -0.111271136 -0.001062556 -0.000056218 0.999999464 3.817212105
0.999999285 0.000567165 0.001067877 0.075179875 -0.000567431 0.999999940 0.000248866 -0.116966404 -0.001067736 -0.000249472 0.999999404 4.084438324
0.999998927 0.000718619 0.001215480 0.080962993 -0.000718890 0.999999702 0.000222628 -0.122234315 -0.001215320 -0.000223501 0.999999166 4.340970039
0.999999225 0.000575118 0.001125493 0.085908778 -0.000575410 0.999999762 0.000258301 -0.129160896 -0.001125344 -0.000258948 0.999999344 4.603588104
0.999998569 0.000637049 0.001572046 0.089749388 -0.000637534 0.999999762 0.000307990 -0.136356011 -0.001571850 -0.000308991 0.999998689 4.860783577
0.999998093 0.001126247 0.001591541 0.098346367 -0.001126505 0.999999344 0.000160988 -0.143516794 -0.001591359 -0.000162781 0.999998748 5.124654293
0.999998450 0.000876132 0.001508754 0.104774922 -0.000876264 0.999999583 0.000086936 -0.149057299 -0.001508677 -0.000088258 0.999998868 5.389592171
0.999997377 0.001303332 0.001860625 0.107968122 -0.001303582 0.999999166 0.000133258 -0.158792362 -0.001860450 -0.000135683 0.999998271 5.661052704
0.999998152 0.001161262 0.001618385 0.111438699 -0.001161901 0.999999225 0.000393913 -0.168129608 -0.001617926 -0.000395792 0.999998629 5.934777260
0.999998152 0.000943879 0.001758504 0.117357127 -0.000944437 0.999999523 0.000316165 -0.177109227 -0.001758204 -0.000317825 0.999998391 6.213640213
0.999998271 0.000919326 0.001563603 0.126699269 -0.000919863 0.999999464 0.000342707 -0.182322249 -0.001563287 -0.000344145 0.999998748 6.503465176
0.999997556 0.001367433 0.001724507 0.126779363 -0.001367866 0.999999046 0.000249553 -0.192490950 -0.001724164 -0.000251911 0.999998510 6.790538311
0.999998152 0.001147377 0.001533626 0.137662098 -0.001147392 0.999999285 0.000008351 -0.198475480 -0.001533615 -0.000010111 0.999998808 7.093518257
0.999998212 0.001198563 0.001452504 0.141184717 -0.001199018 0.999999166 0.000312558 -0.211631209 -0.001452128 -0.000314299 0.999998868 7.390120506
0.999998689 0.000927748 0.001327155 0.146958455 -0.000928054 0.999999523 0.000230238 -0.220910907 -0.001326941 -0.000231469 0.999999106 7.696305275
0.999997914 0.001459616 0.001429937 0.151624978 -0.001459602 0.999998868 -0.000010888 -0.225619182 -0.001429952 0.000008801 0.999998927 8.009430885
0.999996841 0.001911178 0.001692771 0.154519543 -0.001911494 0.999998152 0.000185095 -0.235737160 -0.001692414 -0.000188331 0.999998569 8.328984261
0.999996245 0.001826864 0.002036031 0.158403367 -0.001827382 0.999998212 0.000252943 -0.247363135 -0.002035565 -0.000256663 0.999997854 8.648433685
0.999996126 0.001822977 0.002090200 0.167382285 -0.001823246 0.999998331 0.000126695 -0.254405290 -0.002089965 -0.000130505 0.999997795 8.982541084
0.999996603 0.001763010 0.001908244 0.173938274 -0.001763612 0.999998391 0.000313350 -0.268055588 -0.001907689 -0.000316715 0.999998093 9.322937965
0.999995589 0.002171702 0.002036942 0.180365890 -0.002172336 0.999997616 0.000308704 -0.278288633 -0.002036267 -0.000313128 0.999997854 9.665902138
0.999995172 0.002192736 0.002161511 0.187013969 -0.002194107 0.999997377 0.000632267 -0.288426369 -0.002160119 -0.000637006 0.999997377 10.023571968
0.999995291 0.002293745 0.002049793 0.197371185 -0.002294003 0.999997318 0.000122911 -0.297150701 -0.002049506 -0.000127612 0.999997914 10.383498192
0.999995232 0.002191137 0.002188508 0.206203014 -0.002192613 0.999997377 0.000672524 -0.312150687 -0.002187029 -0.000677319 0.999997377 10.740145683
0.999995351 0.002233147 0.002080050 0.214727178 -0.002234656 0.999997377 0.000723676 -0.320837349 -0.002078428 -0.000728321 0.999997556 11.108587265
0.999997079 0.001889922 0.001500757 0.228475347 -0.001891470 0.999997675 0.001031174 -0.336723119 -0.001498804 -0.001034009 0.999998331 11.474335670
0.999997318 0.001870223 0.001333875 0.238625720 -0.001871225 0.999997973 0.000750390 -0.345447063 -0.001332469 -0.000752884 0.999998808 11.854526520
0.999996960 0.001705932 0.001756846 0.246375352 -0.001707538 0.999998093 0.000913203 -0.356074989 -0.001755285 -0.000916200 0.999998033 12.237809181
0.999994457 0.002489943 0.002181360 0.254924059 -0.002493142 0.999995828 0.001465065 -0.372586966 -0.002177703 -0.001470496 0.999996543 12.623355865
0.999996364 0.002089628 0.001654121 0.263246596 -0.002091916 0.999996841 0.001382433 -0.381836891 -0.001651227 -0.001385889 0.999997675 13.026927948
0.999996066 0.002040201 0.001910534 0.274055630 -0.002042549 0.999997139 0.001227708 -0.394830108 -0.001908024 -0.001231605 0.999997437 13.418425560
0.999996066 0.001971969 0.001994407 0.283496141 -0.001974496 0.999997258 0.001266306 -0.401454419 -0.001991905 -0.001270239 0.999997139 13.842134476
0.999994993 0.002314704 0.002154534 0.288819849 -0.002317709 0.999996364 0.001393540 -0.411981761 -0.002151301 -0.001398526 0.999996722 14.270540237
0.999995291 0.002434308 0.001935471 0.299396127 -0.002436664 0.999996305 0.001215753 -0.423106372 -0.001932505 -0.001220463 0.999997318 14.697620392
0.999995410 0.002306393 0.001933639 0.310675412 -0.002308987 0.999996364 0.001340311 -0.434981644 -0.001930541 -0.001344770 0.999997258 15.133697510
0.999995232 0.002319234 0.002033095 0.322828829 -0.002321935 0.999996424 0.001327380 -0.448011696 -0.002030010 -0.001332094 0.999997079 15.564321518
0.999994814 0.001950459 0.002549875 0.333058447 -0.001953824 0.999997139 0.001318048 -0.459995687 -0.002547297 -0.001323023 0.999995887 16.005868912
0.999992251 0.002410335 0.003108954 0.341469795 -0.002414587 0.999996126 0.001364786 -0.472014308 -0.003105653 -0.001372282 0.999994218 16.449216843
0.999990702 0.002751377 0.003328133 0.350618660 -0.002754545 0.999995768 0.000947899 -0.482464999 -0.003325511 -0.000957058 0.999994040 16.894510269
0.999989390 0.002830297 0.003632022 0.361218691 -0.002835271 0.999995053 0.001364910 -0.498473644 -0.003628141 -0.001375193 0.999992490 17.351846695
0.999988079 0.002906728 0.003918412 0.369197458 -0.002912703 0.999994576 0.001519911 -0.513162315 -0.003913973 -0.001531307 0.999991119 17.810764313
0.999986470 0.002955802 0.004279403 0.381521702 -0.002960523 0.999994993 0.001097172 -0.524026871 -0.004276139 -0.001109826 0.999990165 18.276845932
0.999986053 0.002959123 0.004403373 0.396799713 -0.002965189 0.999994576 0.001371486 -0.538080454 -0.004399292 -0.001384524 0.999989331 18.743328094
0.999985754 0.002747171 0.004573310 0.409006089 -0.002752567 0.999995530 0.001174092 -0.547472715 -0.004570065 -0.001186664 0.999988794 19.227748871
0.999986112 0.003325050 0.004090874 0.426345974 -0.003329003 0.999993980 0.000959876 -0.558870316 -0.004087659 -0.000973481 0.999991179 19.719600677
0.999985516 0.003062924 0.004423086 0.431615502 -0.003067029 0.999994874 0.000921621 -0.570885241 -0.004420241 -0.000935174 0.999989808 20.208259583
0.999986053 0.002971427 0.004394597 0.447161525 -0.002976638 0.999994874 0.001179911 -0.588641286 -0.004391068 -0.001192976 0.999989629 20.696929932
0.999986231 0.003514405 0.003891518 0.457410336 -0.003518819 0.999993145 0.001127919 -0.596494019 -0.003887528 -0.001141597 0.999991775 21.206472397
0.999986470 0.003609576 0.003744164 0.464728206 -0.003613170 0.999993026 0.000953489 -0.609179139 -0.003740696 -0.000967005 0.999992549 21.704156876
0.999987125 0.003621486 0.003585807 0.476166934 -0.003623811 0.999993205 0.000642076 -0.620747924 -0.003583458 -0.000655062 0.999993384 22.217193604
0.999984920 0.004331988 0.003366939 0.485134274 -0.004333977 0.999990404 0.000583392 -0.634401321 -0.003364379 -0.000597975 0.999994159 22.722223282
0.999989152 0.003658408 0.002881898 0.496224582 -0.003661444 0.999992847 0.001049449 -0.652965426 -0.002878038 -0.001059990 0.999995232 23.232780457
0.999988317 0.004212245 0.002378050 0.505496800 -0.004214958 0.999990463 0.001137435 -0.671864748 -0.002373236 -0.001147445 0.999996543 23.745847702
0.999993086 0.003192974 0.001905969 0.515651703 -0.003194488 0.999994576 0.000792111 -0.684938848 -0.001903429 -0.000798194 0.999997854 24.272254944
0.999993742 0.003334269 0.001108210 0.527887702 -0.003335607 0.999993682 0.001207371 -0.703014791 -0.001104177 -0.001211060 0.999998629 24.800403595
0.999991775 0.004020250 0.000555793 0.539485037 -0.004020763 0.999991477 0.000925121 -0.712348461 -0.000552069 -0.000927349 0.999999344 25.335990906
0.999991834 0.004023048 -0.000447939 0.551113605 -0.004022494 0.999991179 0.001230632 -0.728337884 0.000452886 -0.001228820 0.999999166 25.873268127
0.999990880 0.004262471 -0.000308481 0.556265473 -0.004262063 0.999990046 0.001309990 -0.742275357 0.000314062 -0.001308663 0.999999106 26.428949356
0.999992251 0.003874901 -0.000591183 0.566950440 -0.003873976 0.999991238 0.001560017 -0.753900170 0.000597223 -0.001557715 0.999998629 26.987829208
0.999990106 0.004292368 -0.001188372 0.580814779 -0.004290477 0.999989450 0.001588863 -0.774468839 0.001195180 -0.001583749 0.999997973 27.536617279
0.999987304 0.004973685 -0.000838343 0.582443893 -0.004972273 0.999986231 0.001677691 -0.791467249 0.000846676 -0.001673501 0.999998212 28.085771561
0.999985516 0.005209291 -0.001310996 0.595531523 -0.005207373 0.999985397 0.001462009 -0.800401986 0.001318593 -0.001455161 0.999998093 28.642324448
0.999985397 0.005267371 -0.001217669 0.604739249 -0.005264862 0.999983966 0.002054224 -0.820671260 0.001228471 -0.002047783 0.999997139 29.190176010
0.999983549 0.005614351 -0.001180989 0.605364561 -0.005612202 0.999982595 0.001814495 -0.832412601 0.001191156 -0.001807837 0.999997616 29.741199493
0.999982119 0.005915799 -0.001026297 0.612502158 -0.005913673 0.999980390 0.002064050 -0.846761346 0.001038488 -0.002057943 0.999997318 30.296972275
0.999979734 0.006330761 -0.000659806 0.621244192 -0.006329335 0.999977648 0.002140927 -0.863876045 0.000673345 -0.002136708 0.999997497 30.837858200
0.999981105 0.006092274 -0.000852369 0.635290623 -0.006090605 0.999979556 0.001946721 -0.876123250 0.000864212 -0.001941493 0.999997735 31.385143280
0.999973357 0.007265015 -0.000665095 0.641786218 -0.007263915 0.999972403 0.001639121 -0.887520194 0.000676985 -0.001634246 0.999998450 31.931461334
0.999976337 0.006808503 -0.000999534 0.655998111 -0.006807368 0.999976158 0.001135002 -0.901201606 0.001007238 -0.001128171 0.999998808 32.471084595
0.999974966 0.006912851 -0.001519481 0.667381287 -0.006910673 0.999975026 0.001434818 -0.915318370 0.001529362 -0.001424282 0.999997795 33.017745972
0.999969959 0.007596155 -0.001623169 0.671195090 -0.007594097 0.999970317 0.001270315 -0.929561615 0.001632771 -0.001257950 0.999997854 33.545032501
0.999972999 0.007065110 -0.001994404 0.689782500 -0.007062040 0.999973893 0.001542414 -0.945885837 0.002005249 -0.001528288 0.999996841 34.093322754
0.999970734 0.007274301 -0.002419514 0.695169806 -0.007270427 0.999972284 0.001606585 -0.960640192 0.002431134 -0.001588946 0.999995768 34.636062622
0.999971390 0.006922089 -0.003092964 0.707766354 -0.006916888 0.999974668 0.001689394 -0.982201755 0.003104580 -0.001667952 0.999993801 35.162773132
0.999973297 0.006605901 -0.003125742 0.720322609 -0.006600226 0.999976575 0.001822467 -0.994173348 0.003137708 -0.001801788 0.999993503 35.720661163
0.999971092 0.006610409 -0.003744746 0.734487414 -0.006603342 0.999976397 0.001896766 -1.013701200 0.003757197 -0.001871983 0.999991179 36.264514923
0.999971449 0.007069837 -0.002666144 0.736527979 -0.007064575 0.999973178 0.001977887 -1.028709173 0.002680056 -0.001958995 0.999994516 36.820266724
0.999967694 0.007296801 -0.003363802 0.747574329 -0.007292179 0.999972463 0.001384623 -1.040988564 0.003373812 -0.001360049 0.999993384 37.353729248
0.999969482 0.006996303 -0.003484964 0.764172375 -0.006991991 0.999974787 0.001248219 -1.057564735 0.003493609 -0.001223814 0.999993086 37.893466949
0.999966860 0.007367833 -0.003463404 0.772273064 -0.007364010 0.999972284 0.001115745 -1.072295904 0.003471528 -0.001090204 0.999993384 38.443298340
0.999964297 0.007791641 -0.003272298 0.775270700 -0.007788599 0.999969244 0.000941248 -1.082533360 0.003279530 -0.000915728 0.999994218 38.998386383
0.999970853 0.006495347 -0.003991613 0.789339066 -0.006487954 0.999977231 0.001862068 -1.102134585 0.004003615 -0.001836117 0.999990284 39.554977417
0.999966919 0.007235402 -0.003699478 0.794263780 -0.007228789 0.999972224 0.001797413 -1.118086696 0.003712381 -0.001770611 0.999991536 40.106254578
0.999968290 0.006973166 -0.003852283 0.805510819 -0.006965174 0.999973595 0.002083902 -1.136586189 0.003866713 -0.002057004 0.999990344 40.655776978
0.999966025 0.007238430 -0.003949098 0.815694213 -0.007230310 0.999971807 0.002066171 -1.149548054 0.003963943 -0.002037548 0.999989986 41.202388763
0.999968529 0.006685584 -0.004271888 0.823340714 -0.006675694 0.999975026 0.002325377 -1.166438460 0.004287328 -0.002296787 0.999988198 41.734622955
0.999967456 0.006827486 -0.004291823 0.830588162 -0.006819007 0.999974728 0.001987234 -1.176501989 0.004305284 -0.001957904 0.999988735 42.287929535
0.999967754 0.005864667 -0.005472485 0.849148989 -0.005853455 0.999980748 0.002062785 -1.189667702 0.005484478 -0.002030686 0.999982834 42.839607239
0.999966204 0.006065290 -0.005549998 0.857356906 -0.006053261 0.999979317 0.002181726 -1.213546515 0.005563116 -0.002148057 0.999982238 43.376045227
0.999960184 0.007579649 -0.004693232 0.850723267 -0.007571815 0.999969840 0.001684910 -1.222977281 0.004705861 -0.001649307 0.999987483 43.948375702
0.999964595 0.006154278 -0.005760906 0.878655016 -0.006141954 0.999978840 0.002154549 -1.243582845 0.005774044 -0.002119089 0.999981105 44.470577240
0.999960005 0.007385344 -0.005030547 0.867880106 -0.007375259 0.999970734 0.002020168 -1.253674269 0.005045319 -0.001982986 0.999985278 45.019096375
0.999959171 0.007682142 -0.004747865 0.868665755 -0.007673746 0.999968946 0.001784237 -1.266671181 0.004761423 -0.001747731 0.999987066 45.570781708
0.999960721 0.007148265 -0.005238462 0.897089422 -0.007140750 0.999973416 0.001452052 -1.280405879 0.005248704 -0.001414589 0.999985218 46.123458862
0.999958396 0.008045256 -0.004299748 0.867601097 -0.008036788 0.999965727 0.001983505 -1.299114704 0.004315559 -0.001948866 0.999988735 46.655887604
0.999958396 0.008123886 -0.004129429 0.853320241 -0.008117050 0.999965608 0.001670014 -1.302507162 0.004142853 -0.001636425 0.999990106 47.195068359
0.999953806 0.009091600 -0.003127127 0.821381211 -0.009086872 0.999957561 0.001523483 -1.308126807 0.003140847 -0.001494998 0.999993920 47.774463654
0.999953389 0.009170029 -0.003023409 0.819262624 -0.009165538 0.999956846 0.001496372 -1.324951291 0.003037000 -0.001468592 0.999994338 48.305686951
0.999954879 0.009082549 -0.002788106 0.821179867 -0.009079373 0.999958098 0.001150708 -1.332199812 0.002798441 -0.001125342 0.999995410 48.835205078
0.999952078 0.009317082 -0.003001730 0.821209371 -0.009313836 0.999956012 0.001093625 -1.345290661 0.003011786 -0.001065615 0.999994874 49.360069275
0.999950528 0.009551322 -0.002779312 0.823026597 -0.009548552 0.999953866 0.001008505 -1.358691454 0.002788817 -0.000981917 0.999995589 49.894123077
0.999951720 0.009394043 -0.002878143 0.823518038 -0.009390770 0.999955237 0.001148817 -1.374445677 0.002888805 -0.001121734 0.999995112 50.417987823
0.999951780 0.009325357 -0.003057942 0.829413772 -0.009322956 0.999956250 0.000797647 -1.385835409 0.003065246 -0.000769099 0.999994993 50.947555542
0.999951243 0.009431615 -0.002902302 0.835271120 -0.009428355 0.999954820 0.001134403 -1.406343460 0.002912871 -0.001106983 0.999995172 51.484783173
0.999948800 0.009632600 -0.003073638 0.838560343 -0.009628670 0.999952793 0.001290351 -1.418689966 0.003085922 -0.001260690 0.999994457 52.016990662
0.999948561 0.009695048 -0.002967766 0.843711019 -0.009691725 0.999952376 0.001131470 -1.436978102 0.002978594 -0.001102650 0.999994934 52.551139832
0.999948144 0.009735195 -0.002986789 0.848310888 -0.009731387 0.999951839 0.001287487 -1.449419498 0.002999180 -0.001258354 0.999994695 53.088436127
0.999946654 0.009945439 -0.002766637 0.850972235 -0.009942380 0.999949932 0.001117625 -1.465152383 0.002777613 -0.001090058 0.999995530 53.622367859
0.999948859 0.009797650 -0.002509652 0.853199840 -0.009794991 0.999951482 0.001070095 -1.480449915 0.002520015 -0.001045458 0.999996305 54.164783478
0.999946296 0.010059146 -0.002541639 0.853224277 -0.010056791 0.999948978 0.000937444 -1.495390177 0.002550938 -0.000911833 0.999996305 54.694370270
0.999944329 0.010237312 -0.002562586 0.857165694 -0.010235504 0.999947309 0.000718258 -1.509291887 0.002569806 -0.000691989 0.999996483 55.238773346
0.999943614 0.010402050 -0.002117387 0.850177705 -0.010400753 0.999945819 0.000621722 -1.517382383 0.002123740 -0.000599665 0.999997556 55.792118073
0.999941170 0.010680499 -0.001887275 0.849169254 -0.010679331 0.999942780 0.000628925 -1.530685067 0.001893885 -0.000608733 0.999998033 56.322406769
0.999942124 0.010615098 -0.001724049 0.854355812 -0.010613892 0.999943435 0.000707702 -1.550624132 0.001731464 -0.000689361 0.999998271 56.855712891
0.999942005 0.010672202 -0.001454887 0.856391251 -0.010671420 0.999942899 0.000545573 -1.563207030 0.001460627 -0.000530016 0.999998748 57.386932373
0.999937594 0.011103535 -0.001231102 0.856372714 -0.011102984 0.999938250 0.000453857 -1.582297444 0.001236065 -0.000440160 0.999999106 57.912929535
0.999938071 0.011114947 -0.000755725 0.860517859 -0.011114588 0.999938130 0.000480659 -1.603286743 0.000761020 -0.000472229 0.999999583 58.434150696
0.999938548 0.011054939 -0.000802498 0.863806248 -0.011054486 0.999938726 0.000570796 -1.619648218 0.000808758 -0.000561890 0.999999523 58.959941864
0.999941647 0.010778423 -0.000718993 0.870284319 -0.010777969 0.999941707 0.000635052 -1.641317129 0.000725796 -0.000627266 0.999999523 59.476928711
0.999939620 0.010941955 -0.001003501 0.875569880 -0.010941696 0.999940097 0.000262875 -1.658127666 0.001006318 -0.000251879 0.999999464 60.005985260
0.999943733 0.010544989 -0.001269555 0.888541758 -0.010544015 0.999944091 0.000772431 -1.686824799 0.001277628 -0.000759001 0.999998868 60.554115295
0.999940217 0.010887589 -0.000978779 0.891747892 -0.010887089 0.999940574 0.000514148 -1.705088139 0.000984319 -0.000503462 0.999999344 61.081195831
0.999943316 0.010601128 -0.000938329 0.897250652 -0.010600355 0.999943495 0.000824589 -1.722498894 0.000947019 -0.000814596 0.999999166 61.614727020
0.999939024 0.011030939 -0.000562443 0.887864470 -0.011030372 0.999938667 0.001004905 -1.752751350 0.000573492 -0.000998640 0.999999344 62.133197784
0.999929249 0.011888890 0.000086249 0.877467155 -0.011888979 0.999928713 0.001101938 -1.791647911 -0.000073142 -0.001102886 0.999999404 62.649139404
0.999920487 0.012608220 0.000320410 0.876847267 -0.012608822 0.999918520 0.001948201 -1.830659986 -0.000295820 -0.001952085 0.999998033 63.219730377
0.999912381 0.013200025 0.000901262 0.865127802 -0.013201900 0.999910593 0.002107441 -1.859725714 -0.000873363 -0.002119155 0.999997377 63.749713898
0.999908328 0.013492103 0.001100408 0.867087662 -0.013493976 0.999907434 0.001712433 -1.870696783 -0.001077202 -0.001727125 0.999997854 64.284828186
0.999908805 0.013446762 0.001249257 0.864478350 -0.013448920 0.999907970 0.001735002 -1.886984944 -0.001225812 -0.001751645 0.999997735 64.812980652
0.999905944 0.013592792 0.001836148 0.863753557 -0.013595846 0.999906182 0.001662168 -1.905635834 -0.001813383 -0.001686975 0.999996960 65.337821960
0.999893904 0.014342949 0.002515824 0.855439067 -0.014347248 0.999895632 0.001699614 -1.928405404 -0.002491184 -0.001735529 0.999995351 65.856719971
0.999883235 0.014955127 0.003127543 0.845932841 -0.014959886 0.999886990 0.001504193 -1.941848516 -0.003104695 -0.001550806 0.999993920 66.428649902
0.999865353 0.016018236 0.003559276 0.844605029 -0.016025260 0.999869704 0.001953469 -1.977999687 -0.003527521 -0.002010244 0.999991775 66.926193237
0.999868631 0.015839232 0.003435019 0.860557437 -0.015844349 0.999873400 0.001467495 -1.982961059 -0.003411340 -0.001521728 0.999993026 67.518302917
0.999880910 0.015153349 0.002916224 0.883398890 -0.015158573 0.999883533 0.001778280 -2.014540911 -0.002888937 -0.001822274 0.999994159 68.017150879
0.999879479 0.015274402 0.002785022 0.896934867 -0.015280807 0.999880612 0.002293219 -2.048089981 -0.002749662 -0.002335500 0.999993503 68.575927734
0.999874949 0.015595013 0.002607070 0.909219503 -0.015601024 0.999875605 0.002301888 -2.062745094 -0.002570848 -0.002342273 0.999993980 69.092033386
0.999865234 0.016093256 0.003233863 0.924611270 -0.016099965 0.999868274 0.002059834 -2.078383207 -0.003200287 -0.002111621 0.999992669 69.613418579
0.999868512 0.015871614 0.003326873 0.941874683 -0.015878774 0.999871612 0.002137017 -2.094720125 -0.003292528 -0.002189562 0.999992192 70.137901306
0.999875128 0.015500030 0.003057703 0.960819483 -0.015506273 0.999877632 0.002028895 -2.110310555 -0.003025881 -0.002076055 0.999993265 70.664718628
0.999884069 0.014941595 0.002931064 0.982386410 -0.014946490 0.999886930 0.001655192 -2.117219210 -0.002906002 -0.001698809 0.999994338 71.201782227
0.999882698 0.015022526 0.002974775 1.005511761 -0.015027228 0.999885857 0.001565202 -2.133288383 -0.002950922 -0.001609722 0.999994338 71.719917297
0.999888897 0.014696607 0.002502431 1.041234970 -0.014700296 0.999890864 0.001462780 -2.149639130 -0.002480660 -0.001499404 0.999995828 72.258995056
0.999899209 0.014037549 0.002113243 1.073912024 -0.014040394 0.999900460 0.001337807 -2.161932707 -0.002094253 -0.001367343 0.999996901 72.790489197
0.999914408 0.013006340 0.001422535 1.114867330 -0.013008208 0.999914527 0.001313277 -2.175960779 -0.001405333 -0.001331670 0.999998093 73.328987122
0.999919713 0.012644979 0.000947666 1.151764870 -0.012645870 0.999919534 0.000938859 -2.185580730 -0.000935719 -0.000950768 0.999999106 73.889793396
0.999914706 0.012997168 0.001228734 1.168324113 -0.012998576 0.999914885 0.001146487 -2.198702335 -0.001213728 -0.001162361 0.999998569 74.426475525
0.999908924 0.013395447 0.001642109 1.180723667 -0.013397192 0.999909699 0.001054328 -2.218366385 -0.001627837 -0.001076232 0.999998093 74.959075928
0.999906540 0.013558025 0.001737053 1.198813558 -0.013558771 0.999907911 0.000418305 -2.228617907 -0.001731222 -0.000441818 0.999998331 75.505409241
0.999899268 0.014067235 0.001902981 1.211091518 -0.014067993 0.999900937 0.000385851 -2.240549088 -0.001897365 -0.000412583 0.999998093 76.046142578
0.999900877 0.013951792 0.001870417 1.229011536 -0.013951836 0.999902606 0.000010757 -2.253689766 -0.001870084 -0.000036852 0.999998271 76.592086792
0.999894738 0.014417867 0.001616125 1.253494620 -0.014417634 0.999896049 -0.000156103 -2.265866280 -0.001618208 0.000132786 0.999998629 77.129447937
0.999901772 0.013961059 0.001219837 1.277189612 -0.013961143 0.999902546 0.000060470 -2.280704975 -0.001218874 -0.000077494 0.999999225 77.656974792
0.999911010 0.013283690 0.001213765 1.306130052 -0.013283079 0.999911606 -0.000511469 -2.289052248 -0.001220453 0.000495300 0.999999046 78.199661255
0.999911666 0.013234961 0.001225306 1.328968406 -0.013234049 0.999912143 -0.000749136 -2.296966314 -0.001235113 0.000732855 0.999998987 78.752243042
0.999907792 0.013529257 0.001095253 1.350212932 -0.013528444 0.999908209 -0.000746951 -2.310948849 -0.001105258 0.000732065 0.999999106 79.290618896
0.999907672 0.013542994 0.001224625 1.373427153 -0.013541949 0.999907851 -0.000857950 -2.330726147 -0.001236131 0.000841287 0.999998868 79.815368652
0.999917805 0.012694756 0.001751088 1.398883700 -0.012693508 0.999919176 -0.000721788 -2.356619358 -0.001760109 0.000699502 0.999998212 80.315132141
0.999922991 0.012144535 0.002557751 1.446340561 -0.012139592 0.999924362 -0.001938930 -2.336085558 -0.002581105 0.001907730 0.999994814 81.077720642
0.999909997 0.012771430 0.004103451 1.453554153 -0.012764068 0.999916852 -0.001815586 -2.355769157 -0.004126298 0.001763045 0.999989927 81.560974121
0.999905109 0.012780588 0.005144892 1.470973015 -0.012770810 0.999916613 -0.001928800 -2.367351770 -0.005169114 0.001862912 0.999984920 82.119239807
0.999879956 0.012944761 0.008515529 1.500053167 -0.012925027 0.999913692 -0.002368098 -2.375995398 -0.008545450 0.002257750 0.999960899 82.693717957
0.999842823 0.012848439 0.012218965 1.527063966 -0.012820852 0.999915063 -0.002333510 -2.387807131 -0.012247908 0.002176486 0.999922633 83.249076843
0.999811113 0.012336149 0.015016704 1.564301252 -0.012299006 0.999921083 -0.002563415 -2.404452085 -0.015047143 0.002378241 0.999883950 83.803199768
0.999749541 0.011968588 0.018910330 1.602986813 -0.011924995 0.999925911 -0.002416376 -2.425683498 -0.018937856 0.002190265 0.999818206 84.355781555
0.999617279 0.012002047 0.024924710 1.643473029 -0.011938209 0.999925017 -0.002708538 -2.438027143 -0.024955349 0.002409944 0.999685585 84.888298035
0.999456108 0.011538078 0.030892180 1.680871725 -0.011446029 0.999929488 -0.003154951 -2.449617386 -0.030926405 0.002799642 0.999517679 85.424385071
0.999253929 0.011242460 0.036946259 1.724045396 -0.011132838 0.999933004 -0.003171500 -2.466857910 -0.036979444 0.002757818 0.999312222 85.974800110
0.998875737 0.012290398 0.045783017 1.750744581 -0.012169787 0.999921679 -0.002912208 -2.486472368 -0.045815215 0.002351765 0.998947144 86.568984985
0.998460054 0.011828929 0.054200098 1.808297157 -0.011636368 0.999924839 -0.003867006 -2.494631052 -0.054241773 0.003230359 0.998522580 87.187126160
0.998089790 0.011048145 0.060783729 1.871361256 -0.010804837 0.999932230 -0.004330085 -2.503017664 -0.060827453 0.003665054 0.998141587 87.764427185
0.997460246 0.011303387 0.070322268 1.914730549 -0.011016204 0.999929309 -0.004470299 -2.518592119 -0.070367835 0.003684261 0.997514307 88.317108154
0.996602535 0.011985888 0.081485838 1.946814537 -0.011647346 0.999921381 -0.004628709 -2.538455248 -0.081534922 0.003663887 0.996663749 88.873252869
0.995871603 0.011196063 0.090079315 2.034313202 -0.010756921 0.999927700 -0.005359046 -2.535881519 -0.090132788 0.004367946 0.995920181 89.527900696
0.995191216 0.010687545 0.097365975 2.115185738 -0.010194406 0.999932528 -0.005560898 -2.555760145 -0.097418852 0.004541568 0.995233119 90.076805115
0.994159997 0.010760064 0.107378632 2.202060699 -0.010189822 0.999930918 -0.005857849 -2.568605661 -0.107434258 0.004729471 0.994200945 90.639801025
0.993008137 0.010096122 0.117613167 2.298373222 -0.009411480 0.999935329 -0.006375061 -2.574511290 -0.117669918 0.005223573 0.993039012 91.212669373
0.991831481 0.009832256 0.127175003 2.386204720 -0.009060328 0.999936879 -0.006646863 -2.599973679 -0.127232313 0.005440320 0.991858006 91.761856079
0.990239859 0.009997528 0.139014453 2.480058670 -0.009182930 0.999936700 -0.006499983 -2.618213654 -0.139070675 0.005159983 0.990269005 92.321510315
0.988403380 0.009660547 0.151543602 2.575522423 -0.008740276 0.999939084 -0.006737604 -2.637721539 -0.151599407 0.005334937 0.988427579 92.879791260
0.986668050 0.009271161 0.162480861 2.681657791 -0.008236689 0.999941289 -0.007039211 -2.654025555 -0.162536561 0.005607060 0.986686587 93.441261292
0.984786987 0.009543438 0.173503712 2.781034470 -0.008415652 0.999938428 -0.007234590 -2.673902750 -0.173562095 0.005664383 0.984806657 94.016517639
0.982489467 0.009044665 0.186097994 2.905340195 -0.007931719 0.999945939 -0.006724125 -2.722499371 -0.186148763 0.005130306 0.982508183 94.524467468
0.980018735 0.008756864 0.198712185 3.045126915 -0.007625320 0.999950051 -0.006458933 -2.752757788 -0.198758841 0.004814633 0.980036557 95.153617859
0.977860928 0.008447704 0.209085375 3.173547745 -0.007220406 0.999952078 -0.006632431 -2.767403841 -0.209131360 0.004975913 0.977874875 95.693634033
0.975026488 0.007249125 0.221969873 3.326896667 -0.005714115 0.999955058 -0.007556811 -2.768896580 -0.222014681 0.006099730 0.975024223 96.273628235
0.971890807 0.007964374 0.235297218 3.475227356 -0.006467509 0.999953628 -0.007132653 -2.798739195 -0.235343114 0.005410374 0.971897304 96.769493103
0.969098270 0.007346899 0.246565416 3.626768112 -0.005627978 0.999954700 -0.007675455 -2.815365314 -0.246610612 0.006050606 0.969095707 97.295219421
0.966374397 0.005463089 0.257080942 3.792102814 -0.003561034 0.999962747 -0.007863648 -2.830513239 -0.257114381 0.006683755 0.966357887 97.809860229
0.962597251 0.007146497 0.270842105 3.960136414 -0.005313410 0.999957681 -0.007500760 -2.854608536 -0.270884335 0.005781115 0.962594569 98.324150085
0.959078968 0.005493534 0.283085734 4.136766434 -0.003362800 0.999962270 -0.008012190 -2.874830246 -0.283119082 0.006732361 0.959061146 98.850494385
0.955538392 0.006143191 0.294803172 4.319726944 -0.004085509 0.999962747 -0.007595248 -2.899678707 -0.294838876 0.006053130 0.955527842 99.358032227
0.951316774 0.005260684 0.308169842 4.521205902 -0.003098101 0.999966979 -0.007506369 -2.916414261 -0.308199078 0.006186193 0.951301754 99.883132935
0.946598589 0.005470113 0.322368145 4.710571289 -0.003206326 0.999966323 -0.007552939 -2.942391634 -0.322398603 0.006115984 0.946584225 100.363075256
0.942584276 0.005463755 0.333923697 4.907754898 -0.003133181 0.999966860 -0.007517544 -2.963014603 -0.333953679 0.006039675 0.942570090 100.853279114
0.937939763 0.004723559 0.346766084 5.124244690 -0.002250512 0.999969125 -0.007534095 -2.983684540 -0.346790940 0.006286125 0.937921405 101.359931946
0.932466447 0.005025692 0.361221671 5.320779800 -0.002778424 0.999973416 -0.006740381 -3.023391247 -0.361245930 0.005281552 0.932455719 101.795211792
0.927653491 0.004491409 0.373415291 5.574871063 -0.001774379 0.999969423 -0.007619566 -3.023791075 -0.373438120 0.006405736 0.927632987 102.375022888
0.923353195 0.002554012 0.383942872 5.848520279 0.000688984 0.999965250 -0.008308787 -3.020277262 -0.383950740 0.007936475 0.923319459 102.932807922
0.917056262 0.003464845 0.398742616 6.078144073 -0.000359810 0.999968946 -0.007861641 -3.049248219 -0.398757547 0.007066097 0.917029142 103.431488037
0.911695182 0.002354602 0.410860479 6.337379456 0.001147344 0.999965072 -0.008276648 -3.058372498 -0.410865575 0.008017180 0.911660612 103.920257568
0.906620324 0.001893103 0.421943158 6.584617615 0.001769643 0.999964058 -0.008288861 -3.079528809 -0.421943665 0.008261539 0.906584442 104.402976990
0.900778055 0.001183886 0.434278071 6.846622467 0.002629453 0.999963045 -0.008180003 -3.099353075 -0.434271723 0.008510279 0.900741696 104.896438599
0.894056797 0.001280174 0.447951823 7.110149384 0.002482512 0.999966383 -0.007812534 -3.124160051 -0.447946727 0.008096895 0.894023538 105.375755310
0.888324320 0.000937534 0.459215701 7.394973755 0.003062376 0.999963582 -0.007965501 -3.142961502 -0.459206432 0.008482240 0.888289094 105.858825684
0.882454157 0.001064983 0.470397115 7.674396515 0.003183679 0.999960899 -0.008236429 -3.162158489 -0.470387578 0.008765864 0.882416368 106.335105896
0.875078976 0.000228831 0.483980149 7.955429077 0.004054846 0.999961317 -0.007804314 -3.189980507 -0.483963221 0.008791856 0.875044167 106.784233093
0.867964566 -0.000546648 0.496625781 8.245719910 0.005189836 0.999954760 -0.007969726 -3.207599640 -0.496599019 0.009494846 0.867928147 107.242599487
