1.000000000 0.000000000 0.000000000 0.000000000 0.000000000 1.000000000 0.000000000 0.000000000 0.000000000 0.000000000 1.000000000 0.000000000
1.000000000 0.000012755 -0.000083622 0.003577402 -0.000012751 1.000000000 0.000050524 -0.000285488 0.000083623 -0.000050523 1.000000000 -0.000962161
1.000000000 -0.000040764 -0.000060376 0.001251439 0.000040766 1.000000000 0.000027297 0.000763850 0.000060375 -0.000027300 1.000000000 0.000539497
1.000000000 -0.000046699 -0.000149416 0.004226983 0.000046681 1.000000000 -0.000116605 0.002480633 0.000149421 0.000116598 1.000000000 0.004051117
1.000000000 0.000080039 -0.000035850 0.001961471 -0.000080037 1.000000000 0.000040198 0.001047094 0.000035853 -0.000040196 1.000000000 -0.005625942
1.000000000 -0.000086710 -0.000090314 -0.000082229 0.000086716 1.000000000 0.000058530 -0.001284277 0.000090309 -0.000058538 1.000000000 -0.002961601
1.000000000 -0.000151224 -0.000127729 0.002985546 0.000151214 1.000000000 -0.000074905 0.000038418 0.000127740 0.000074885 1.000000000 0.002140316
1.000000000 0.000043539 -0.000047999 0.002967905 -0.000043538 1.000000000 0.000015161 -0.000603481 0.000047999 -0.000015159 1.000000000 0.000362869
1.000000000 0.000026457 -0.000012245 0.000527259 -0.000026457 1.000000000 0.000008443 0.000774368 0.000012246 -0.000008443 1.000000000 -0.003752519
1.000000000 -0.000101053 -0.000094217 0.003453781 0.000101058 1.000000000 0.000050237 -0.000651881 0.000094212 -0.000050247 1.000000000 0.000974020
0.999999940 -0.000167601 -0.000242046 0.008036708 0.000167603 1.000000000 0.000008198 -0.000204368 0.000242045 -0.000008239 1.000000000 0.000206501
1.000000000 -0.000046793 -0.000129909 0.004303616 0.000046788 1.000000000 -0.000038691 0.000007801 0.000129911 0.000038684 1.000000000 0.002740767
0.999999881 -0.000418328 -0.000224856 0.004661704 0.000418346 0.999999881 0.000078144 -0.001137587 0.000224823 -0.000078238 1.000000000 -0.000224435
0.999999940 -0.000295272 -0.000260789 0.005564559 0.000295277 0.999999940 0.000021219 -0.000865503 0.000260783 -0.000021296 0.999999940 -0.001664752
1.000000000 -0.000098368 -0.000066030 0.004068923 0.000098370 1.000000000 0.000035931 -0.000580384 0.000066026 -0.000035938 1.000000000 -0.002147301
1.000000000 0.000138855 -0.000048871 0.001668462 -0.000138855 1.000000000 -0.000003136 0.001698676 0.000048870 0.000003143 1.000000000 -0.006116959
1.000000000 -0.000097193 -0.000047603 0.000977516 0.000097194 1.000000000 0.000021209 0.001310919 0.000047601 -0.000021213 1.000000000 -0.006297385
1.000000000 -0.000063101 -0.000128159 0.001441430 0.000063098 1.000000000 -0.000025466 -0.000091227 0.000128161 0.000025458 1.000000000 -0.006986455
1.000000000 -0.000098486 -0.000124854 0.002636783 0.000098491 1.000000000 0.000042313 -0.000848830 0.000124850 -0.000042326 1.000000000 -0.003124808
1.000000000 -0.000061466 -0.000156039 0.006082964 0.000061471 1.000000000 0.000036063 -0.000054933 0.000156037 -0.000036072 1.000000000 0.000278366
0.999999940 -0.000214971 -0.000157834 0.007025320 0.000214973 1.000000000 0.000016574 -0.000556682 0.000157831 -0.000016607 1.000000000 -0.003111510
1.000000000 -0.000110582 0.000004068 -0.000156523 0.000110581 1.000000000 0.000055283 0.001993094 -0.000004074 -0.000055283 1.000000000 -0.003552981
1.000000000 -0.000083712 -0.000108134 0.008176588 0.000083715 1.000000000 0.000025011 -0.000205817 0.000108132 -0.000025020 1.000000000 0.001549299
1.000000000 -0.000054615 0.000009913 0.000676150 0.000054614 1.000000000 0.000029438 0.000533368 -0.000009914 -0.000029437 1.000000000 -0.008314537
1.000000000 0.000093781 -0.000038028 -0.001424204 -0.000093785 1.000000000 -0.000123015 0.001798662 0.000038016 0.000123019 1.000000000 -0.000051776
1.000000000 -0.000132193 -0.000120666 0.002660689 0.000132201 1.000000000 0.000067518 -0.000116068 0.000120657 -0.000067534 1.000000000 0.003201228
0.999999881 -0.000378112 -0.000261115 0.006342936 0.000378130 0.999999940 0.000068489 0.001189148 0.000261089 -0.000068588 0.999999940 -0.000023756
1.000000000 -0.000102242 -0.000170508 0.004746214 0.000102249 1.000000000 0.000045586 0.000212373 0.000170504 -0.000045603 1.000000000 0.000911527
1.000000000 -0.000129976 -0.000089307 0.003571679 0.000129989 1.000000000 0.000145331 -0.000080547 0.000089288 -0.000145343 1.000000000 0.003761292
1.000000000 -0.000139108 -0.000029175 -0.001905006 0.000139111 1.000000000 0.000107793 0.000674946 0.000029160 -0.000107797 1.000000000 -0.001981658
0.999999940 -0.000279517 -0.000155490 0.003530797 0.000279533 0.999999940 0.000102966 -0.001672333 0.000155461 -0.000103010 1.000000000 -0.000124273
1.000000000 -0.000048602 -0.000183533 0.003241533 0.000048592 1.000000000 -0.000054929 0.001240086 0.000183536 0.000054920 1.000000000 0.002099850
1.000000000 -0.000090256 -0.000094240 0.000348909 0.000090252 1.000000000 -0.000044734 0.002760947 0.000094244 0.000044726 1.000000000 -0.003632738
1.000000000 -0.000071851 -0.000149155 0.002669580 0.000071845 1.000000000 -0.000041086 0.001966698 0.000149158 0.000041075 1.000000000 0.003382778
1.000000000 -0.000150045 -0.000153318 0.004598774 0.000150037 1.000000000 -0.000055014 0.001359115 0.000153326 0.000054991 1.000000000 0.000008015
1.000000000 -0.000092463 -0.000091862 0.006651916 0.000092470 1.000000000 0.000072433 -0.000092950 0.000091855 -0.000072441 1.000000000 0.001091994
1.000000000 0.000020306 -0.000099477 -0.000221610 -0.000020293 1.000000000 0.000131530 0.002707317 0.000099480 -0.000131528 1.000000000 -0.007095123
0.999999940 -0.000214291 -0.000206450 0.002134637 0.000214289 1.000000000 -0.000006290 0.000205687 0.000206452 0.000006246 1.000000000 -0.003509784
1.000000000 -0.000078234 -0.000080975 0.003690927 0.000078194 0.999999881 -0.000503827 -0.004712929 0.000081014 0.000503820 0.999999881 0.046492189
1.000000000 -0.000099900 -0.000195303 0.006419302 0.000099661 0.999999225 -0.001222413 -0.003058726 0.000195425 0.001222393 0.999999225 0.146179736
1.000000000 -0.000046839 -0.000059509 0.002834212 0.000046762 0.999999166 -0.001293869 -0.009766341 0.000059569 0.001293866 0.999999166 0.270248443
1.000000000 0.000024602 0.000142901 0.002650346 -0.000024438 0.999999344 -0.001149065 -0.016779471 -0.000142929 0.001149062 0.999999344 0.386318326
0.999999940 -0.000197324 -0.000299411 0.011151127 0.000196994 0.999999344 -0.001103443 -0.019853750 0.000299629 0.001103383 0.999999344 0.541848600
1.000000000 -0.000122630 0.000025542 0.009949298 0.000122655 0.999999523 -0.000947792 -0.028254824 -0.000025426 0.000947795 0.999999523 0.693639696
0.999999940 -0.000367323 0.000092119 0.021659035 0.000367411 0.999999464 -0.000955408 -0.028489467 -0.000091768 0.000955442 0.999999523 0.864839435
1.000000000 -0.000121521 0.000033244 0.017428424 0.000121546 0.999999702 -0.000773218 -0.032424398 -0.000033150 0.000773222 0.999999702 1.038806438
0.999999940 -0.000117438 0.000260677 0.018470062 0.000117676 0.999999583 -0.000911901 -0.029716369 -0.000260570 0.000911931 0.999999523 1.209503174
0.999999881 -0.000469653 -0.000223641 0.034003396 0.000469551 0.999999762 -0.000453824 -0.042716019 0.000223854 0.000453719 0.999999881 1.417096138
0.999999881 0.000229139 -0.000387539 0.050012305 -0.000229298 0.999999881 -0.000410678 -0.061341606 0.000387445 0.000410767 0.999999821 1.600740910
0.999999821 -0.000517468 -0.000203236 0.045388315 0.000517438 0.999999881 -0.000147521 -0.053238437 0.000203312 0.000147416 0.999999940 1.781958342
0.999999940 -0.000247176 0.000191980 0.037903432 0.000247164 0.999999940 0.000061722 -0.058516022 -0.000191995 -0.000061675 1.000000000 1.995151758
0.999997973 -0.000524381 0.001931956 0.003452274 0.000523617 0.999999762 0.000395487 -0.083048858 -0.001932163 -0.000394475 0.999998033 2.069239616
0.999997973 -0.000715150 0.001879485 0.010048078 0.000713783 0.999999464 0.000727632 -0.090940572 -0.001880004 -0.000726289 0.999997914 2.289289236
0.999997854 -0.000443280 0.002017738 0.012824622 0.000442237 0.999999762 0.000517267 -0.096431121 -0.002017966 -0.000516374 0.999997735 2.523393869
0.999997258 -0.000727375 0.002228662 0.013278887 0.000724795 0.999999046 0.001158261 -0.117906451 -0.002229503 -0.001156643 0.999996781 2.735266924
0.999997735 -0.001037786 0.001874701 0.033352140 0.001035663 0.999998748 0.001133583 -0.122443087 -0.001875876 -0.001131639 0.999997616 2.975125551
0.999997437 -0.000562839 0.002213098 0.028073816 0.000560525 0.999999285 0.001046414 -0.128446475 -0.002213685 -0.001045171 0.999997020 3.222899914
0.999997616 -0.000551127 0.002130562 0.031414423 0.000548133 0.999998808 0.001405297 -0.135552377 -0.002131334 -0.001404126 0.999996722 3.483201504
0.999997318 -0.000595533 0.002199156 0.029162368 0.000592460 0.999998868 0.001397764 -0.155636430 -0.002199986 -0.001396457 0.999996543 3.684285164
0.999996722 -0.001229839 0.002226385 0.035724707 0.001226299 0.999998033 0.001590708 -0.167385012 -0.002228337 -0.001587973 0.999996185 3.950249672
0.999996841 -0.000603621 0.002434970 0.044737760 0.000598723 0.999997854 0.002011683 -0.170029312 -0.002436179 -0.002010219 0.999995053 4.217439651
0.999997318 -0.001114846 0.002043806 0.053667028 0.001110906 0.999997616 0.001927814 -0.177911177 -0.002045950 -0.001925538 0.999996006 4.485458851
0.999995589 -0.001811304 0.002327489 0.033734374 0.001806110 0.999995828 0.002231693 -0.200863808 -0.002331521 -0.002227479 0.999994814 4.700862885
0.999996006 -0.001219157 0.002553609 0.036445875 0.001213425 0.999996781 0.002244983 -0.207329258 -0.002556338 -0.002241875 0.999994278 4.959349155
0.999996424 -0.000925998 0.002503853 0.041071866 0.000920567 0.999997258 0.002169424 -0.209966362 -0.002505855 -0.002167111 0.999994516 5.232425213
0.999995768 -0.001343687 0.002584860 0.053024869 0.001337816 0.999996543 0.002271540 -0.217072740 -0.002587904 -0.002268073 0.999994099 5.494083405
0.999995828 -0.001518316 0.002478783 0.055157695 0.001512759 0.999996364 0.002242049 -0.229095548 -0.002482178 -0.002238290 0.999994457 5.758855820
0.999995768 -0.001299734 0.002609049 0.051445261 0.001292965 0.999995768 0.002594818 -0.248395577 -0.002612410 -0.002591433 0.999993205 5.993618965
0.999995589 -0.001353376 0.002648321 0.055004019 0.001346452 0.999995649 0.002614781 -0.255062640 -0.002651848 -0.002611204 0.999993026 6.283312321
0.999995053 -0.001111748 0.002957715 0.063000061 0.001104607 0.999996424 0.002414753 -0.264371186 -0.002960389 -0.002411474 0.999992728 6.567292213
0.999994040 -0.001751340 0.002981774 0.075154290 0.001744648 0.999995887 0.002245252 -0.264659017 -0.002985694 -0.002240036 0.999993026 6.866850853
0.999995172 -0.001520451 0.002698775 0.087749377 0.001513762 0.999995768 0.002478926 -0.276524276 -0.002702533 -0.002474829 0.999993265 7.175355911
0.999996543 -0.001059196 0.002397718 0.087301262 0.001052535 0.999995589 0.002777370 -0.307705045 -0.002400649 -0.002774837 0.999993265 7.427484989
0.999997020 -0.000821293 0.002282944 0.099384718 0.000814335 0.999994993 0.003047102 -0.317146182 -0.002285434 -0.003045234 0.999992788 7.745477676
0.999995828 -0.000941606 0.002755634 0.093260497 0.000933433 0.999995172 0.002965801 -0.323187411 -0.002758414 -0.002963216 0.999991775 8.060359955
0.999995589 -0.001076945 0.002771769 0.105335206 0.001068576 0.999994934 0.003019145 -0.330096185 -0.002775006 -0.003016169 0.999991596 8.406697273
0.999995470 -0.000673812 0.002945935 0.108925074 0.000664560 0.999994814 0.003140261 -0.331881374 -0.002948035 -0.003138289 0.999990702 8.744352341
0.999994755 -0.001169370 0.002987094 0.125913829 0.001159496 0.999993861 0.003305173 -0.344877541 -0.002990941 -0.003301693 0.999990046 9.077986717
0.999994397 -0.002422481 0.002317131 0.123672724 0.002414475 0.999991119 0.003451458 -0.361788213 -0.002325471 -0.003445844 0.999991357 9.368597031
0.999995708 -0.002183181 0.002014659 0.136217460 0.002176710 0.999992430 0.003208446 -0.370622098 -0.002021648 -0.003204046 0.999992847 9.716674805
0.999995828 -0.001360411 0.002542556 0.129772291 0.001351795 0.999993324 0.003387535 -0.385628551 -0.002547147 -0.003384084 0.999991000 10.085283279
0.999994755 -0.001968032 0.002575004 0.139670551 0.001958567 0.999991298 0.003673035 -0.395149797 -0.002582210 -0.003667972 0.999989927 10.458279610
0.999994934 -0.001831998 0.002631343 0.155928418 0.001822171 0.999991417 0.003731861 -0.399626553 -0.002638157 -0.003727047 0.999989629 10.836867332
0.999994159 -0.002210164 0.002589595 0.154380918 0.002200281 0.999990284 0.003812831 -0.415659249 -0.002597997 -0.003807110 0.999989390 11.223346710
0.999991834 -0.003083927 0.002604544 0.131365046 0.003071634 0.999984145 0.004710692 -0.460478425 -0.002619030 -0.004702653 0.999985516 11.470440865
0.999992788 -0.002421169 0.002917163 0.139407277 0.002407362 0.999985933 0.004727375 -0.470427722 -0.002928568 -0.004720319 0.999984562 11.855693817
0.999992013 -0.002241869 0.003288097 0.147347450 0.002225135 0.999984562 0.005084204 -0.482421964 -0.003299444 -0.005076847 0.999981701 12.246921539
0.999991417 -0.003221956 0.002592454 0.176337719 0.003208153 0.999980748 0.005310924 -0.489721268 -0.002609516 -0.005302561 0.999982536 12.643719673
0.999992609 -0.002922410 0.002460717 0.187471822 0.002909253 0.999981523 0.005333703 -0.500902891 -0.002476259 -0.005326505 0.999982774 13.028701782
0.999992311 -0.002512807 0.002982219 0.200894892 0.002497337 0.999983430 0.005179783 -0.502154112 -0.002995186 -0.005172296 0.999982059 13.450022697
0.999993443 -0.002610944 0.002512907 0.205858260 0.002597656 0.999982715 0.005276670 -0.534533083 -0.002526641 -0.005270108 0.999982834 13.733908653
0.999991119 -0.003355409 0.002570370 0.219378278 0.003341891 0.999980748 0.005245732 -0.549657106 -0.002587922 -0.005237095 0.999982893 14.156208992
0.999986529 -0.004603246 0.002410741 0.232363805 0.004591284 0.999977231 0.004944186 -0.549603820 -0.002433445 -0.004933051 0.999984860 14.600886345
0.999986649 -0.004192961 0.003039131 0.251277208 0.004175640 0.999975085 0.005683508 -0.575102210 -0.003062886 -0.005670742 0.999979258 15.051110268
0.999985039 -0.004532519 0.003091792 0.265150577 0.004515066 0.999973893 0.005628751 -0.589023829 -0.003117225 -0.005614708 0.999979317 15.486312866
0.999988735 -0.002809914 0.003819351 0.247340828 0.002787861 0.999979436 0.005767074 -0.610623002 -0.003835478 -0.005756360 0.999976039 15.842967033
0.999987304 -0.003258240 0.003837569 0.262091517 0.003236494 0.999978662 0.005659204 -0.616664827 -0.003855927 -0.005646712 0.999976635 16.299196243
0.999985814 -0.003089310 0.004335399 0.273343503 0.003063331 0.999977410 0.005986233 -0.630557716 -0.004353794 -0.005972868 0.999972701 16.755126953
0.999985158 -0.002750118 0.004684555 0.281443655 0.002720309 0.999976099 0.006357618 -0.647427678 -0.004701927 -0.006344782 0.999968827 17.214372635
0.999982417 -0.003686830 0.004639008 0.302440047 0.003655972 0.999971271 0.006642739 -0.647921205 -0.004663365 -0.006625662 0.999967217 17.688320160
0.999980152 -0.004477173 0.004421017 0.318180054 0.004447638 0.999967813 0.006668018 -0.660722613 -0.004450728 -0.006648222 0.999968052 18.146303177
0.999982238 -0.003184871 0.005038559 0.306508392 0.003151939 0.999973655 0.006530554 -0.693530023 -0.005059226 -0.006514556 0.999965966 18.542078018
0.999978960 -0.004273564 0.004887421 0.324811190 0.004241762 0.999969780 0.006498930 -0.705754995 -0.004915047 -0.006478061 0.999966919 19.015375137
0.999982715 -0.003200706 0.004927669 0.335400581 0.003165368 0.999969304 0.007162559 -0.722778499 -0.004950443 -0.007146837 0.999962151 19.501356125
0.999982655 -0.003013471 0.005064430 0.334311306 0.002975770 0.999967933 0.007435447 -0.745715678 -0.005086674 -0.007420247 0.999959528 20.007635117
0.999982119 -0.003441860 0.004881083 0.340003252 0.003403836 0.999963880 0.007777119 -0.761979938 -0.004907675 -0.007760366 0.999957860 20.435180664
0.999981642 -0.004272785 0.004299831 0.351353765 0.004239270 0.999960780 0.007773497 -0.772393942 -0.004332877 -0.007755126 0.999960601 20.930940628
0.999984205 -0.003945327 0.004020082 0.364507258 0.003914814 0.999963701 0.007570016 -0.786396265 -0.004049802 -0.007554158 0.999963284 21.461215973
0.999980807 -0.005158729 0.003434614 0.379992753 0.005130043 0.999952316 0.008309107 -0.808144748 -0.003477314 -0.008291328 0.999959588 21.969654083
0.999981284 -0.005546110 0.002625781 0.359713107 0.005525691 0.999954939 0.007721138 -0.818647027 -0.002668486 -0.007706484 0.999966681 22.387975693
0.999984205 -0.005267666 0.001977817 0.362973720 0.005251870 0.999954939 0.007908888 -0.836777747 -0.002019389 -0.007898377 0.999966681 22.914634705
0.999978960 -0.006204289 0.001888183 0.366841286 0.006189409 0.999950588 0.007787064 -0.851103783 -0.001936403 -0.007775213 0.999967873 23.477025986
0.999989927 -0.004304304 0.001326486 0.358936727 0.004293968 0.999961197 0.007699450 -0.862837672 -0.001359575 -0.007693676 0.999969423 24.004917145
0.999987662 -0.004945461 0.000505622 0.383729696 0.004940997 0.999951839 0.008479476 -0.884938002 -0.000547533 -0.008476873 0.999963939 24.431358337
0.999983728 -0.005705112 -0.000222389 0.395035297 0.005706831 0.999945819 0.008700130 -0.893283963 0.000172742 -0.008701256 0.999962151 24.969938278
0.999984384 -0.005544742 -0.000684972 0.397764832 0.005550902 0.999940932 0.009344771 -0.914787054 0.000633117 -0.009348427 0.999956131 25.510158539
0.999974489 -0.006947792 -0.001652640 0.434706032 0.006964404 0.999922931 0.010268142 -0.918812215 0.001581172 -0.010279389 0.999945939 26.068397522
0.999979854 -0.006126266 -0.001622659 0.392196029 0.006141354 0.999936402 0.009461823 -0.946065187 0.001564590 -0.009471598 0.999953926 26.581575394
0.999980927 -0.005913958 -0.001767090 0.404682636 0.005929991 0.999940097 0.009210389 -0.962448895 0.001712514 -0.009220692 0.999956012 27.130498886
0.999977410 -0.006347495 -0.002220124 0.410283297 0.006368102 0.999935508 0.009400805 -0.971369624 0.002160309 -0.009414730 0.999953330 27.680915833
0.999972641 -0.006850580 -0.002796947 0.435185909 0.006877824 0.999927819 0.009849505 -0.976846337 0.002729269 -0.009868473 0.999947548 28.225246429
0.999976873 -0.006105850 -0.002965588 0.418368995 0.006135820 0.999929130 0.010204547 -1.001851320 0.002903070 -0.010222507 0.999943554 28.711166382
0.999975920 -0.006109423 -0.003284046 0.431621253 0.006142094 0.999930859 0.010031896 -1.006048799 0.003222529 -0.010051826 0.999944389 29.260066986
0.999963939 -0.007279988 -0.004372572 0.471507341 0.007325603 0.999917984 0.010508141 -1.027708530 0.004295713 -0.010539795 0.999935269 29.761259079
0.999960780 -0.007329050 -0.004951905 0.483852059 0.007383534 0.999911427 0.011075127 -1.052679539 0.004870297 -0.011111257 0.999926448 30.337751389
0.999971151 -0.006300360 -0.004247279 0.444304049 0.006346961 0.999918818 0.011049599 -1.078395844 0.004177318 -0.011076236 0.999929905 30.815553665
0.999972522 -0.006312233 -0.003905861 0.452473462 0.006354439 0.999920487 0.010889245 -1.089658380 0.003836816 -0.010913763 0.999933004 31.354288101
0.999970078 -0.006144160 -0.004694756 0.460965991 0.006195463 0.999920368 0.010992265 -1.094075203 0.004626845 -0.011021021 0.999928534 31.873374939
0.999969780 -0.006065277 -0.004852727 0.453308165 0.006120167 0.999916613 0.011377437 -1.115043521 0.004783315 -0.011406794 0.999923468 32.381942749
0.999962032 -0.007056899 -0.005109974 0.458016098 0.007116892 0.999904752 0.011818920 -1.145105600 0.005026082 -0.011854838 0.999917090 32.922664642
0.999967515 -0.006479979 -0.004812754 0.462473989 0.006538164 0.999904454 0.012173954 -1.155180931 0.004733407 -0.012205025 0.999914289 33.471080780
0.999957025 -0.007460763 -0.005509620 0.468252599 0.007529803 0.999891937 0.012618089 -1.171164870 0.005414885 -0.012659032 0.999905229 33.956684113
0.999944448 -0.008404315 -0.006359799 0.479679316 0.008489085 0.999873817 0.013421391 -1.197845221 0.006246199 -0.013474633 0.999889672 34.534832001
0.999946833 -0.008258660 -0.006182779 0.476223081 0.008340405 0.999876559 0.013314327 -1.225291848 0.006072057 -0.013365184 0.999892175 35.111110687
0.999969542 -0.005785881 -0.005245011 0.440764606 0.005852859 0.999900281 0.012845418 -1.212176323 0.005170166 -0.012875726 0.999903738 35.640895844
0.999960542 -0.007012704 -0.005450530 0.455211759 0.007082427 0.999891996 0.012879904 -1.218787313 0.005359619 -0.012918000 0.999902129 36.029438019
0.999954283 -0.007552388 -0.005862630 0.468794703 0.007623889 0.999895632 0.012271209 -1.221822977 0.005769341 -0.012315344 0.999907494 36.588134766
0.999947608 -0.008271908 -0.006028239 0.464800715 0.008354291 0.999870241 0.013771760 -1.258301258 0.005913538 -0.013821401 0.999886930 37.072875977
0.999946892 -0.008737979 -0.005452121 0.440887481 0.008812106 0.999867022 0.013723677 -1.280194879 0.005331479 -0.013770994 0.999890924 37.580715179
0.999944329 -0.008547517 -0.006196100 0.474216163 0.008632276 0.999867797 0.013784363 -1.272737980 0.006077459 -0.013837083 0.999885738 38.142272949
0.999944925 -0.008443631 -0.006228908 0.495084226 0.008533359 0.999858141 0.014521767 -1.270842552 0.006105409 -0.014574122 0.999875128 38.549240112
0.999936759 -0.008920326 -0.006845801 0.537439108 0.009019011 0.999853849 0.014522401 -1.309731960 0.006715256 -0.014583225 0.999871075 39.211463928
0.999923289 -0.010082586 -0.007190329 0.511105061 0.010187599 0.999839723 0.014720876 -1.311617851 0.007040752 -0.014792998 0.999865770 39.793922424
0.999923885 -0.009932681 -0.007314677 0.509442806 0.010046883 0.999825537 0.015745299 -1.359874487 0.007157010 -0.015817592 0.999849200 40.352745056
0.999924302 -0.010139965 -0.006966750 0.509924948 0.010248537 0.999823749 0.015729465 -1.366238117 0.006806027 -0.015799673 0.999851942 40.911678314
0.999910474 -0.010907583 -0.007754721 0.525014937 0.011028941 0.999814630 0.015783081 -1.375500441 0.007581130 -0.015867192 0.999845326 41.455371857
0.999888480 -0.012224512 -0.008580053 0.532441735 0.012370577 0.999775767 0.017182350 -1.401852846 0.008368084 -0.017286574 0.999815464 42.015701294
0.999907792 -0.011199881 -0.007678993 0.514766932 0.011325515 0.999799311 0.016517114 -1.397953510 0.007492463 -0.016602559 0.999834001 42.578598022
0.999889791 -0.012598191 -0.007862053 0.513926446 0.012731691 0.999771476 0.017167613 -1.427048922 0.007643977 -0.017265817 0.999821663 43.103588104
0.999918103 -0.010612988 -0.007155278 0.501630545 0.010725812 0.999815762 0.015918702 -1.424156904 0.006985015 -0.015994145 0.999847710 43.537155151
0.999923468 -0.010338848 -0.006793940 0.511982858 0.010449162 0.999810874 0.016407294 -1.435383797 0.006623022 -0.016477032 0.999842346 44.097343445
0.999915302 -0.010706436 -0.007401984 0.524279356 0.010826143 0.999808133 0.016325930 -1.435203075 0.007225772 -0.016404681 0.999839365 44.618480682
0.999928534 -0.009707610 -0.006983559 0.521663010 0.009823357 0.999811649 0.016735343 -1.454153180 0.006819784 -0.016802747 0.999835491 45.132061005
0.999925852 -0.010266959 -0.006543705 0.490511417 0.010378000 0.999798715 0.017167142 -1.504501343 0.006366133 -0.017233778 0.999831200 45.650127411
0.999926746 -0.010341723 -0.006292599 0.496014357 0.010450231 0.999792933 0.017462516 -1.514049768 0.006110702 -0.017526992 0.999827743 46.187828064
0.999924600 -0.010275183 -0.006732908 0.496912420 0.010391344 0.999793649 0.017451027 -1.518405199 0.006552207 -0.017519673 0.999825001 46.750308990
0.999926507 -0.010394708 -0.006252596 0.490208060 0.010504139 0.999787569 0.017731024 -1.525922775 0.006066959 -0.017795393 0.999823272 47.295803070
0.999930382 -0.010197436 -0.005946110 0.488083482 0.010304707 0.999779463 0.018298298 -1.546527147 0.005758201 -0.018358296 0.999814928 47.833499908
0.999920130 -0.010713429 -0.006703480 0.505826712 0.010832706 0.999778986 0.018017512 -1.549987793 0.006508969 -0.018088689 0.999815226 48.251682281
0.999921024 -0.010657183 -0.006663692 0.508682966 0.010773569 0.999785721 0.017680956 -1.553078532 0.006473834 -0.017751349 0.999821544 48.797122955
0.999929428 -0.010228387 -0.006035223 0.500659943 0.010335615 0.999784350 0.018011788 -1.565179825 0.005849690 -0.018072896 0.999819577 49.339393616
0.999921322 -0.010689611 -0.006561602 0.509415388 0.010809044 0.999771595 0.018444762 -1.575243950 0.006362936 -0.018514238 0.999808311 49.810035706
0.999911785 -0.011337963 -0.006917046 0.518176913 0.011462984 0.999766707 0.018310871 -1.576508045 0.006707824 -0.018388547 0.999808431 50.353267670
0.999903142 -0.011833956 -0.007321985 0.541116238 0.011964674 0.999765158 0.018074388 -1.573752403 0.007106374 -0.018160243 0.999809861 50.866149902
0.999920368 -0.010852735 -0.006432119 0.513111055 0.010973508 0.999758363 0.019048788 -1.603996277 0.006223834 -0.019117858 0.999797881 51.333145142
0.999926567 -0.010384707 -0.006244314 0.514908254 0.010501402 0.999765217 0.018955277 -1.612204790 0.006046002 -0.019019458 0.999800861 51.873962402
0.999932945 -0.009919778 -0.005974140 0.521617651 0.010033365 0.999763548 0.019293221 -1.621475697 0.005781341 -0.019351868 0.999796033 52.400283813
0.999934971 -0.009585741 -0.006193629 0.544714928 0.009701139 0.999774754 0.018878283 -1.615874767 0.006011272 -0.018937139 0.999802589 52.998451233
0.999929547 -0.010141192 -0.006167023 0.504763246 0.010257943 0.999763072 0.019204166 -1.644672394 0.005970809 -0.019266076 0.999796569 53.393886566
0.999927342 -0.010091299 -0.006592663 0.515909910 0.010213871 0.999770522 0.018830821 -1.642752171 0.006401122 -0.018896788 0.999800980 53.937755585
0.999933660 -0.010032672 -0.005646386 0.506071210 0.010140408 0.999760628 0.019386783 -1.656214356 0.005450533 -0.019442758 0.999796152 54.482200623
0.999933779 -0.010125158 -0.005459421 0.500642061 0.010232004 0.999749362 0.019911798 -1.677940011 0.005256444 -0.019966340 0.999786854 54.905479431
0.999940336 -0.009705967 -0.005000356 0.504566550 0.009805740 0.999745250 0.020330599 -1.684535861 0.004801754 -0.020378418 0.999780834 55.453445435
0.999943018 -0.009508636 -0.004862789 0.506835222 0.009602914 0.999758959 0.019746231 -1.688564181 0.004673855 -0.019791804 0.999793291 56.011188507
0.999937654 -0.009923856 -0.005111615 0.529421389 0.010024402 0.999749005 0.020035258 -1.699519396 0.004911506 -0.020085251 0.999786258 56.573680878
0.999926984 -0.010717835 -0.005578013 0.526340783 0.010830471 0.999729872 0.020570600 -1.706832647 0.005356034 -0.020629516 0.999772787 56.959392548
0.999927938 -0.010469568 -0.005877766 0.539499998 0.010586223 0.999740422 0.020179667 -1.713758469 0.005664967 -0.020240435 0.999779105 57.495952606
0.999933362 -0.010170665 -0.005465150 0.547246575 0.010281643 0.999733329 0.020677188 -1.725149035 0.005253393 -0.020731997 0.999771297 58.035667419
0.999930918 -0.010487371 -0.005334996 0.531363249 0.010596587 0.999725997 0.020872578 -1.725124598 0.005114636 -0.020927664 0.999767900 58.510658264
0.999935865 -0.010129669 -0.005080084 0.544287503 0.010229930 0.999745309 0.020114599 -1.730876327 0.004875036 -0.020165276 0.999784708 59.062644958
0.999934316 -0.010126251 -0.005365392 0.597418606 0.010236711 0.999727607 0.020976281 -1.753468513 0.005151518 -0.021029824 0.999765575 59.549407959
0.999923944 -0.010690701 -0.006153660 0.638332367 0.010819131 0.999716103 0.021229891 -1.767525196 0.005924950 -0.021294856 0.999755681 60.072196960
0.999938905 -0.009753238 -0.005211032 0.637300730 0.009859026 0.999737620 0.020676117 -1.772072792 0.005008006 -0.020726230 0.999772608 60.606437683
0.999923170 -0.010943239 -0.005822992 0.595472634 0.011063324 0.999718130 0.021006413 -1.756182075 0.005591471 -0.021069219 0.999762356 61.024375916
0.999930084 -0.010562063 -0.005321613 0.599200189 0.010670586 0.999726892 0.020794896 -1.770591736 0.005100521 -0.020850228 0.999769628 61.562923431
0.999936104 -0.010062215 -0.005145745 0.587237537 0.010173165 0.999706030 0.022010384 -1.806910276 0.004922758 -0.022061327 0.999744475 62.111259460
0.999929190 -0.010527361 -0.005555970 0.611079335 0.010644655 0.999711752 0.021521704 -1.792436481 0.005327801 -0.021579320 0.999752879 62.666667938
0.999915659 -0.011570906 -0.005903393 0.621761620 0.011695634 0.999699354 0.021549923 -1.806964397 0.005652266 -0.021617150 0.999750376 63.199043274
0.999924660 -0.010728893 -0.005954785 0.671173811 0.010848070 0.999733925 0.020355908 -1.758788705 0.005734801 -0.020418972 0.999775052 63.769035339
0.999919474 -0.011358933 -0.005660472 0.604485512 0.011479215 0.999698818 0.021690443 -1.807978272 0.005412390 -0.021753674 0.999748707 64.067703247
0.999921620 -0.011075332 -0.005832888 0.609778881 0.011202290 0.999690771 0.022202695 -1.817006946 0.005585182 -0.022266297 0.999736488 64.620994568
0.999934494 -0.010127605 -0.005346114 0.619349003 0.010241046 0.999713480 0.021636311 -1.817386866 0.005125459 -0.021689644 0.999751627 65.162643433
0.999926090 -0.010885042 -0.005427799 0.617300987 0.010999017 0.999709845 0.021430247 -1.810406327 0.005192956 -0.021488361 0.999755621 65.652862549
0.999937952 -0.010051001 -0.004798064 0.602051854 0.010156503 0.999695301 0.022495095 -1.848805547 0.004570504 -0.022542430 0.999735415 66.072959900
0.999938846 -0.009717276 -0.005269849 0.608797789 0.009832783 0.999701679 0.022354199 -1.853136301 0.005051055 -0.022404650 0.999736190 66.631492615
0.999937415 -0.009921395 -0.005159431 0.634324133 0.010030944 0.999715090 0.021658950 -1.851050138 0.004943073 -0.021709351 0.999752104 67.141830444
0.999922514 -0.010931587 -0.005954907 0.667136729 0.011057643 0.999706388 0.021563675 -1.846041560 0.005717434 -0.021627855 0.999749720 67.665229797
0.999927104 -0.010701070 -0.005618060 0.666815519 0.010822123 0.999699891 0.021977928 -1.853761554 0.005381188 -0.022037124 0.999742687 68.049705505
0.999940097 -0.009583985 -0.005297476 0.688057721 0.009698282 0.999711215 0.021988865 -1.866832972 0.005085205 -0.022038927 0.999744177 68.579353333
0.999936640 -0.009844931 -0.005460423 0.692934632 0.009962707 0.999708772 0.021978486 -1.861652374 0.005242458 -0.022031493 0.999743581 69.093544006
0.999925315 -0.010778326 -0.005770595 0.694472790 0.010897297 0.999720156 0.020998696 -1.861738205 0.005542649 -0.021060009 0.999762833 69.707702637
0.999939919 -0.009390096 -0.005656944 0.728946447 0.009509014 0.999726295 0.021374961 -1.872574568 0.005454684 -0.021427467 0.999755561 70.105087280
0.999924719 -0.010911938 -0.005599906 0.674640656 0.011031887 0.999700248 0.021855928 -1.861127019 0.005359737 -0.021916065 0.999745429 70.531173706
0.999920070 -0.011209236 -0.005855541 0.685882270 0.011333484 0.999701679 0.021635182 -1.867645144 0.005611281 -0.021699818 0.999748766 71.072578430
0.999904037 -0.012509849 -0.005945851 0.700162351 0.012635246 0.999688029 0.021542262 -1.868753791 0.005674505 -0.021615323 0.999750257 71.633171082
0.999933660 -0.010019076 -0.005688190 0.705827355 0.010135554 0.999731600 0.020831753 -1.872209430 0.005477949 -0.020888021 0.999766767 72.116012573
0.999929368 -0.010280492 -0.005951372 0.719533682 0.010404640 0.999720693 0.021219561 -1.892255902 0.005731564 -0.021279987 0.999757051 72.587356567
0.999912262 -0.011792027 -0.006033060 0.751437247 0.011923568 0.999681234 0.022253355 -1.904698372 0.005768725 -0.022323342 0.999734163 72.880874634
0.999906540 -0.012178401 -0.006201823 0.761031449 0.012309941 0.999690175 0.021633120 -1.901806355 0.005936446 -0.021707445 0.999746740 73.427787781
0.999882519 -0.013760081 -0.006749962 0.791380405 0.013900559 0.999678016 0.021226317 -1.909238338 0.006455712 -0.021317653 0.999751985 73.947959900
0.999895871 -0.012570728 -0.007088501 0.814683080 0.012717959 0.999695957 0.021122942 -1.917314172 0.006820816 -0.021210892 0.999751747 74.398941040
0.999925435 -0.010999349 -0.005304477 0.714252234 0.011112104 0.999702394 0.021717526 -1.899217486 0.005064019 -0.021774851 0.999750078 74.953582764
0.999914467 -0.011819170 -0.005601009 0.726546168 0.011937834 0.999694347 0.021649342 -1.896920085 0.005343419 -0.021714356 0.999749839 75.498931885
0.999918699 -0.011456523 -0.005606076 0.729335189 0.011574567 0.999701917 0.021497773 -1.899823070 0.005358115 -0.021560913 0.999753177 76.031066895
0.999928534 -0.010918913 -0.004862364 0.710856795 0.011021459 0.999706328 0.021587411 -1.899398327 0.004625223 -0.021639459 0.999755085 76.506744385
0.999932051 -0.010981314 -0.003913856 0.727495909 0.011064187 0.999700665 0.021821741 -1.903155923 0.003673052 -0.021863563 0.999754250 77.042030334
0.999936223 -0.011063408 -0.002275955 0.726734400 0.011108961 0.999715984 0.021084335 -1.905457973 0.002042043 -0.021108272 0.999775112 77.615043640
0.999941468 -0.010798055 -0.000644298 0.717548668 0.010809381 0.999712050 0.021420060 -1.896399975 0.000412818 -0.021425769 0.999770343 78.050369263
0.999943018 -0.010668806 -0.000066386 0.723521650 0.010667748 0.999709308 0.021618515 -1.900936365 -0.000164277 -0.021617990 0.999766290 78.607833862
0.999930799 -0.011541469 0.002254062 0.745067954 0.011492541 0.999721110 0.020631092 -1.902989149 -0.002491547 -0.020603761 0.999784589 79.164794922
0.999917328 -0.011152357 0.006387656 0.761665463 0.011015002 0.999715626 0.021149160 -1.928465366 -0.006621702 -0.021077054 0.999755919 79.715545654
0.999888957 -0.010681754 0.010390015 0.712885022 0.010453908 0.999708951 0.021741787 -1.908101797 -0.010619232 -0.021630758 0.999709547 80.099861145
0.999845088 -0.010580537 0.014067123 0.754086256 0.010273874 0.999711752 0.021696353 -1.919509411 -0.014292629 -0.021548469 0.999665558 80.640441895
0.999745250 -0.010305556 0.020081796 0.767608881 0.009864882 0.999711037 0.021920782 -1.917396188 -0.020301901 -0.021717094 0.999557912 81.173950195
0.999610603 -0.012114119 0.025137745 0.833398342 0.011578047 0.999704778 0.021362431 -1.910208225 -0.025389109 -0.021063063 0.999455750 81.684249878
0.999444425 -0.010131437 0.031753045 0.854642272 0.009441016 0.999717355 0.021818457 -1.928719878 -0.031965122 -0.021506555 0.999257565 82.188766479
0.999127269 -0.010664790 0.040384293 0.826075792 0.009796558 0.999717891 0.021636434 -1.910730839 -0.040603645 -0.021221930 0.998949945 82.764389038
0.998783231 -0.010854359 0.048106518 0.899485826 0.009816094 0.999714911 0.021766566 -1.925391793 -0.048329066 -0.021267861 0.998605072 83.282508850
0.998371542 -0.010541962 0.056064509 0.926912069 0.009327127 0.999716938 0.021886218 -1.918524861 -0.056279354 -0.021327659 0.998187244 83.815422058
0.997868121 -0.011282020 0.064282522 0.978260994 0.009966228 0.999734998 0.020752938 -1.913671136 -0.064499617 -0.020068038 0.997715890 84.434120178
0.997161210 -0.012238862 0.074295387 1.041477680 0.010733650 0.999729633 0.020625450 -1.912873864 -0.074527726 -0.019769443 0.997022927 84.998970032
0.996387661 -0.010402261 0.084280834 1.071374893 0.008568426 0.999719203 0.022091193 -1.929645538 -0.084486984 -0.021289246 0.996197104 85.533920288
0.995698750 -0.010891402 0.092007741 1.145839691 0.008959258 0.999731183 0.021386815 -1.926250458 -0.092215948 -0.020470504 0.995528579 86.069953918
0.994737446 -0.011681139 0.101788670 1.233672619 0.009492660 0.999713838 0.021958156 -1.925069690 -0.102016039 -0.020876352 0.994563699 86.625793457
0.993618488 -0.012408684 0.112108514 1.317509651 0.009990906 0.999705791 0.022102559 -1.953460455 -0.112349801 -0.020841446 0.993450105 87.144096375
0.992463648 -0.011777275 0.121971823 1.362751961 0.009144224 0.999713421 0.022124689 -1.929072738 -0.122197419 -0.020842610 0.992286861 87.720535278
0.991010249 -0.011548346 0.133286461 1.454877853 0.008692041 0.999720395 0.021991851 -1.927691460 -0.133503139 -0.020635620 0.990833402 88.261878967
0.989381611 -0.012281597 0.144821182 1.554055214 0.009147548 0.999709785 0.022286922 -1.935183764 -0.145052835 -0.020725511 0.989206791 88.768692017
0.987657726 -0.012324925 0.156142145 1.663805008 0.008963959 0.999713123 0.022210959 -1.939246297 -0.156371117 -0.020537170 0.987484813 89.354209900
0.986038208 -0.011171090 0.166144446 1.751053810 0.007483572 0.999711931 0.022804169 -1.942991257 -0.166351378 -0.021242427 0.985837698 89.888023376
0.983889937 -0.012542442 0.178335041 1.858963013 0.008666867 0.999709427 0.022494486 -1.936379910 -0.178565338 -0.020586487 0.983712614 90.393013000
0.981597126 -0.013134694 0.190510958 1.970097542 0.008960781 0.999700963 0.022754027 -1.920824289 -0.190752774 -0.020628154 0.981421351 90.983299255
0.979434788 -0.013834594 0.201286182 2.099981308 0.009498972 0.999701977 0.022489611 -1.918084145 -0.201537341 -0.020115092 0.979274213 91.523925781
0.976652026 -0.013473676 0.214404672 2.249593735 0.008787466 0.999701619 0.022795018 -1.924117804 -0.214647844 -0.020378726 0.976478934 92.065582275
0.973538399 -0.014273519 0.228077039 2.392839432 0.009222275 0.999688387 0.023197562 -1.928122044 -0.228337079 -0.020480329 0.973366678 92.567680359
0.970828712 -0.014804438 0.239316553 2.546918869 0.009495129 0.999682903 0.023323087 -1.938611984 -0.239585966 -0.020370381 0.970661402 93.107398987
0.967554152 -0.012931035 0.252332598 2.746166229 0.007357508 0.999707937 0.023019107 -1.892883539 -0.252556562 -0.020415694 0.967366755 93.671554565
0.963823259 -0.013050965 0.266222537 2.918586731 0.007209150 0.999711633 0.022908861 -1.895537376 -0.266444772 -0.020160852 0.963639379 94.186370850
0.960132301 -0.011698279 0.279301226 3.090875626 0.005642281 0.999731421 0.022476817 -1.887411118 -0.279489189 -0.020004824 0.959940374 94.736381531
0.956985235 -0.013288763 0.289832264 3.280002594 0.007076852 0.999722481 0.022470353 -1.895913363 -0.290050387 -0.019452697 0.956813693 95.246391296
0.952577472 -0.012963491 0.304019839 3.486392975 0.006140772 0.999707758 0.023387086 -1.908009529 -0.304234147 -0.020411098 0.952378631 95.764175415
0.948021889 -0.013077317 0.317936599 3.684331894 0.005787283 0.999698520 0.023862954 -1.918142796 -0.318152755 -0.020782610 0.947811723 96.272369385
0.944222987 -0.015091811 0.328960657 3.913454056 0.008113516 0.999712229 0.022575647 -1.893718719 -0.329206705 -0.018647417 0.944073796 96.806152344
0.939479351 -0.013495771 0.342339426 4.068433762 0.005808270 0.999707639 0.023471076 -1.891069889 -0.342556000 -0.020062193 0.939283133 97.435539246
0.934306145 -0.013653689 0.356209993 4.294471741 0.005928810 0.999723136 0.022769116 -1.886809826 -0.356422246 -0.019161422 0.934128463 97.962684631
0.929589510 -0.014618652 0.368306518 4.519470215 0.006398053 0.999702692 0.023531329 -1.900285006 -0.368541002 -0.019518033 0.929406524 98.442039490
0.924758494 -0.013877984 0.380301416 4.743955612 0.005293607 0.999707282 0.023609204 -1.900938511 -0.380517751 -0.019819643 0.924561143 98.976684570
0.919314563 -0.015160816 0.393231422 4.997745514 0.006221351 0.999692738 0.023998022 -1.917437315 -0.393474370 -0.019615304 0.919126213 99.393608093
0.913593769 -0.016620347 0.406288415 5.239913940 0.007512593 0.999683619 0.024001747 -1.931018829 -0.406558812 -0.018875569 0.913429558 99.882301331
0.907966912 -0.013879398 0.418811947 5.399097443 0.004691328 0.999725521 0.022960227 -1.823749542 -0.419015586 -0.018882340 0.907782674 100.484649658
0.902464330 -0.014191393 0.430530757 5.658599854 0.004720058 0.999723017 0.023059390 -1.830905676 -0.430738688 -0.018778145 0.902281284 100.958236694
0.895706773 -0.013539012 0.444439083 5.918701172 0.003337339 0.999712944 0.023728441 -1.848525286 -0.444632679 -0.019770483 0.895494819 101.441558838
0.889978707 -0.014463839 0.455772698 6.196636200 0.004512486 0.999727249 0.022914663 -1.835116863 -0.455979794 -0.018336892 0.889801204 101.931991577
0.883326888 -0.013108387 0.468574077 6.467765808 0.002359898 0.999720633 0.023518510 -1.837429047 -0.468751401 -0.019668747 0.883111179 102.440414429
0.876399577 -0.014446497 0.481367916 6.742771149 0.003586972 0.999718070 0.023472281 -1.824342966 -0.481571287 -0.018844444 0.876204312 102.914291382
0.869664490 -0.015460689 0.493401110 7.048141479 0.004318167 0.999709427 0.023714660 -1.828969955 -0.493624449 -0.018493205 0.869478583 103.373542786
0.863570094 -0.015667876 0.503985286 7.328353882 0.004032272 0.999699712 0.024169397 -1.834306955 -0.504212558 -0.018839760 0.863373995 103.834182739
0.856589437 -0.016408687 0.515737712 7.657436371 0.004742277 0.999702454 0.023930034 -1.849257231 -0.515976906 -0.018052440 0.856412232 104.281990051
