1.000000000 0.000000000 0.000000000 0.000000000 0.000000000 1.000000000 0.000000000 0.000000000 0.000000000 0.000000000 1.000000000 0.000000000
1.000000000 0.000035752 -0.000123160 0.002692696 -0.000035742 1.000000000 0.000086168 -0.002107764 0.000123163 -0.000086164 1.000000000 -0.002082472
1.000000000 0.000045443 0.000016329 0.000320213 -0.000045443 1.000000000 -0.000001789 -0.001047300 -0.000016329 0.000001788 1.000000000 -0.002935343
1.000000000 -0.000045700 -0.000129060 0.005813674 0.000045718 1.000000000 0.000133283 -0.002924174 0.000129054 -0.000133289 1.000000000 -0.004765475
1.000000000 -0.000099992 -0.000083236 0.001427435 0.000099994 1.000000000 0.000023974 0.000107208 0.000083234 -0.000023983 1.000000000 0.001083059
1.000000000 0.000070506 0.000019409 -0.000226331 -0.000070506 1.000000000 -0.000029485 -0.000579614 -0.000019411 0.000029484 1.000000000 -0.001359366
1.000000000 -0.000093940 -0.000138181 0.003983967 0.000093959 1.000000000 0.000137150 -0.002338595 0.000138168 -0.000137163 1.000000000 -0.007515520
1.000000000 -0.000064577 0.000085904 -0.008506265 0.000064565 1.000000000 0.000138257 -0.001217794 -0.000085912 -0.000138252 1.000000000 -0.008657582
1.000000000 0.000077418 -0.000065215 0.001920235 -0.000077416 1.000000000 0.000031660 -0.002520819 0.000065218 -0.000031655 1.000000000 -0.008541374
1.000000000 0.000020410 0.000030178 0.000564557 -0.000020413 1.000000000 0.000093440 -0.001557398 -0.000030176 -0.000093440 1.000000000 -0.007391637
1.000000000 0.000152216 0.000059365 -0.001069126 -0.000152218 1.000000000 0.000028654 -0.001441074 -0.000059361 -0.000028663 1.000000000 -0.004526095
1.000000000 -0.000031572 0.000009340 -0.000429985 0.000031571 1.000000000 0.000054321 -0.003615145 -0.000009342 -0.000054321 1.000000000 -0.008166414
1.000000000 -0.000003025 0.000008134 0.000374915 0.000003025 1.000000000 0.000055253 -0.001509232 -0.000008134 -0.000055253 1.000000000 -0.005573580
1.000000000 0.000006600 -0.000011378 0.000586700 -0.000006599 1.000000000 0.000091597 -0.001856335 0.000011378 -0.000091597 1.000000000 -0.007354831
1.000000000 -0.000103611 -0.000056765 0.000935491 0.000103620 1.000000000 0.000163297 -0.001570149 0.000056748 -0.000163303 1.000000000 -0.006751587
1.000000000 -0.000072889 -0.000112361 -0.000306026 0.000072897 1.000000000 0.000072041 -0.001650559 0.000112356 -0.000072049 1.000000000 -0.007197923
1.000000000 -0.000167462 0.000014168 0.000838568 0.000167461 1.000000000 0.000080023 -0.000966968 -0.000014181 -0.000080021 1.000000000 -0.008407614
1.000000000 0.000111124 -0.000000297 0.001695459 -0.000111124 1.000000000 0.000171210 -0.003718789 0.000000316 -0.000171210 1.000000000 -0.012853297
1.000000000 -0.000191136 -0.000058880 0.001344046 0.000191143 1.000000000 0.000119354 -0.004478585 0.000058857 -0.000119365 1.000000000 -0.012987335
1.000000000 -0.000151776 -0.000043440 0.000238848 0.000151781 1.000000000 0.000102518 -0.003766650 0.000043425 -0.000102525 1.000000000 -0.011319119
1.000000000 -0.000094814 -0.000074495 0.003671978 0.000094829 1.000000000 0.000197772 -0.005077516 0.000074476 -0.000197779 1.000000000 -0.009304633
1.000000000 0.000051498 0.000017621 -0.000189205 -0.000051500 1.000000000 0.000115480 -0.001315654 -0.000017615 -0.000115481 1.000000000 -0.006933169
0.999999940 -0.000169576 -0.000193451 0.005607416 0.000169608 1.000000000 0.000167109 -0.003575059 0.000193423 -0.000167142 0.999999940 -0.014188666
0.999999940 -0.000247693 -0.000067772 0.000433809 0.000247706 0.999999940 0.000181412 -0.003442764 0.000067727 -0.000181429 1.000000000 -0.007792432
1.000000000 -0.000021448 -0.000109291 0.005628728 0.000021467 1.000000000 0.000171472 -0.003636984 0.000109287 -0.000171475 1.000000000 -0.014552620
1.000000000 -0.000016369 -0.000054095 0.001677628 0.000016379 1.000000000 0.000188084 -0.003306428 0.000054092 -0.000188085 1.000000000 -0.011279576
1.000000000 -0.000142141 -0.000105176 0.000579661 0.000142155 1.000000000 0.000141575 -0.004731789 0.000105156 -0.000141590 1.000000000 -0.012258073
1.000000000 -0.000083789 -0.000045940 0.000181211 0.000083799 1.000000000 0.000213386 -0.004450501 0.000045922 -0.000213390 1.000000000 -0.009388124
0.999999940 -0.000307135 -0.000185573 0.001550821 0.000307168 0.999999940 0.000174791 -0.001572177 0.000185519 -0.000174848 0.999999940 -0.004912741
1.000000000 -0.000072772 -0.000059805 0.000497582 0.000072782 1.000000000 0.000158278 -0.002373081 0.000059793 -0.000158282 1.000000000 -0.008562970
1.000000000 -0.000125310 0.000014247 -0.001185423 0.000125309 1.000000000 0.000101044 -0.001257934 -0.000014260 -0.000101042 1.000000000 -0.002116597
1.000000000 -0.000095957 -0.000083061 -0.002043815 0.000095970 1.000000000 0.000151354 -0.002873844 0.000083047 -0.000151362 1.000000000 -0.009669924
0.999999940 -0.000273798 -0.000147018 0.002748456 0.000273834 0.999999940 0.000244686 -0.004304000 0.000146951 -0.000244726 0.999999940 -0.011939126
1.000000000 -0.000040116 -0.000143679 0.000630712 0.000040127 1.000000000 0.000075660 -0.001224391 0.000143676 -0.000075665 1.000000000 -0.005873464
1.000000000 -0.000086838 -0.000053886 -0.000025436 0.000086843 1.000000000 0.000083977 -0.001839758 0.000053879 -0.000083981 1.000000000 -0.006865776
1.000000000 -0.000093942 -0.000068670 -0.001775941 0.000093943 1.000000000 0.000007599 -0.000766346 0.000068669 -0.000007606 1.000000000 -0.008784661
0.999999940 -0.000209177 -0.000129118 0.002689229 0.000209190 1.000000000 0.000098632 -0.001432343 0.000129097 -0.000098659 1.000000000 -0.010509147
1.000000000 -0.000172362 -0.000075461 -0.000276432 0.000172367 1.000000000 0.000066444 -0.000066584 0.000075449 -0.000066457 1.000000000 -0.008952365
1.000000000 0.000077583 -0.000041826 -0.001321841 -0.000077573 0.999999940 0.000236651 -0.002719060 0.000041845 -0.000236648 1.000000000 -0.011068572
0.999999940 -0.000184389 -0.000200558 0.003503057 0.000184416 1.000000000 0.000132256 -0.004639389 0.000200533 -0.000132293 1.000000000 -0.007018602
1.000000000 -0.000039006 -0.000149684 0.006063226 0.000038940 0.999999881 -0.000436697 -0.008127298 0.000149701 0.000436691 0.999999881 0.041628711
1.000000000 -0.000039563 -0.000208726 0.007154860 0.000039307 0.999999225 -0.001225520 -0.005593729 0.000208774 0.001225511 0.999999225 0.141701877
1.000000000 -0.000030392 -0.000085161 0.002889074 0.000030280 0.999999166 -0.001305744 -0.012929041 0.000085201 0.001305741 0.999999166 0.262008637
0.999999940 -0.000287533 0.000020637 0.006366903 0.000287559 0.999999106 -0.001283694 -0.016427733 -0.000020268 0.001283700 0.999999166 0.388507992
1.000000000 -0.000001959 -0.000078385 0.007693343 0.000001870 0.999999344 -0.001132847 -0.023105796 0.000078387 0.001132847 0.999999344 0.532327473
1.000000000 0.000035349 0.000083297 0.012412150 -0.000035259 0.999999404 -0.001080951 -0.027999377 -0.000083335 0.001080948 0.999999404 0.687582552
0.999999940 0.000053424 0.000238625 0.021174710 -0.000053241 0.999999702 -0.000763908 -0.037119176 -0.000238666 0.000763895 0.999999702 0.850880325
1.000000000 -0.000197475 0.000029673 0.021903228 0.000197492 0.999999821 -0.000551400 -0.041063122 -0.000029564 0.000551406 0.999999821 1.027730465
0.999999940 -0.000176249 0.000258416 0.025070595 0.000176416 0.999999762 -0.000647521 -0.041256636 -0.000258302 0.000647567 0.999999762 1.196235180
0.999999881 -0.000389386 -0.000213158 0.047503754 0.000389317 0.999999881 -0.000323190 -0.054403886 0.000213284 0.000323107 0.999999940 1.412375808
0.999999940 0.000168940 0.000177186 0.036168810 -0.000168868 0.999999881 -0.000405395 -0.062870741 -0.000177254 0.000405365 0.999999881 1.606232405
0.999999940 0.000052784 0.000359853 0.042256847 -0.000052807 1.000000000 0.000065818 -0.073579602 -0.000359850 -0.000065837 0.999999940 1.812134981
1.000000000 0.000008179 0.000240999 0.054629773 -0.000008228 1.000000000 0.000204639 -0.068148136 -0.000240997 -0.000204641 0.999999940 2.016796112
0.999971867 -0.001817927 0.007266277 -0.110152937 0.001808619 0.999997497 0.001287291 -0.158939168 -0.007268599 -0.001274112 0.999972761 2.063219309
0.999971211 -0.001737545 0.007389542 -0.102588236 0.001725688 0.999997258 0.001610619 -0.165483549 -0.007392320 -0.001597820 0.999971390 2.280419588
0.999970436 -0.002120280 0.007385061 -0.103313893 0.002108293 0.999996364 0.001630484 -0.178800389 -0.007388491 -0.001614866 0.999971390 2.506850004
0.999968410 -0.001801470 0.007740660 -0.101681963 0.001788250 0.999996901 0.001714482 -0.186165795 -0.007743724 -0.001700585 0.999968648 2.740065575
0.999969840 -0.002386393 0.007400084 -0.084904477 0.002373047 0.999995530 0.001811730 -0.190443605 -0.007404374 -0.001794114 0.999970973 2.983681440
0.999967217 -0.001775268 0.007895010 -0.087472863 0.001761266 0.999996841 0.001780080 -0.193039969 -0.007898144 -0.001766117 0.999967277 3.220622063
0.999966919 -0.001676637 0.007976130 -0.091559991 0.001659042 0.999996185 0.002212054 -0.210831910 -0.007979809 -0.002198748 0.999965668 3.438597679
0.999969482 -0.001453416 0.007666762 -0.076559037 0.001435075 0.999996126 0.002397246 -0.217536032 -0.007670216 -0.002386171 0.999967754 3.684037209
0.999966681 -0.001841341 0.007945881 -0.073302224 0.001823119 0.999995708 0.002299861 -0.223380536 -0.007950081 -0.002285298 0.999965787 3.953924179
0.999965489 -0.001259306 0.008211636 -0.070696324 0.001238042 0.999995887 0.002594063 -0.229804501 -0.008214868 -0.002583807 0.999962866 4.223607063
0.999965489 -0.001796036 0.008113497 -0.064011753 0.001773103 0.999994457 0.002832837 -0.242879510 -0.008118539 -0.002818353 0.999963105 4.471465111
0.999963999 -0.001970100 0.008251611 -0.064511284 0.001947463 0.999994338 0.002750449 -0.255783498 -0.008256984 -0.002734280 0.999962091 4.686913490
0.999963045 -0.001908475 0.008379707 -0.058494683 0.001885510 0.999994457 0.002747655 -0.263010919 -0.008384906 -0.002731754 0.999961019 4.942829609
0.999964535 -0.001795873 0.008231700 -0.052102346 0.001774367 0.999995053 0.002619238 -0.267383814 -0.008236363 -0.002604539 0.999962687 5.211110592
0.999961615 -0.002077745 0.008509860 -0.043061025 0.002054227 0.999994040 0.002771450 -0.274868190 -0.008515568 -0.002753863 0.999959946 5.470770836
0.999962270 -0.002134601 0.008418775 -0.037129749 0.002110065 0.999993503 0.002922348 -0.283612520 -0.008424959 -0.002904474 0.999960244 5.744220257
0.999962747 -0.001389078 0.008509761 -0.033882555 0.001364410 0.999994874 0.002903796 -0.297564715 -0.008513751 -0.002892077 0.999959528 5.969475746
0.999962568 -0.001565982 0.008510658 -0.028038681 0.001540626 0.999994397 0.002985003 -0.305360258 -0.008515284 -0.002971780 0.999959350 6.250158310
0.999960244 -0.001202414 0.008835554 -0.018917643 0.001178803 0.999995708 0.002676965 -0.311701328 -0.008838736 -0.002666443 0.999957442 6.544988155
0.999958694 -0.001882022 0.008880280 -0.005878389 0.001858705 0.999994874 0.002633215 -0.313275456 -0.008885189 -0.002616601 0.999957085 6.851023197
0.999959290 -0.001968552 0.008801769 0.001869164 0.001944110 0.999994278 0.002784579 -0.319467932 -0.008807200 -0.002767355 0.999957383 7.181983948
0.999960124 -0.001438867 0.008807008 0.007241335 0.001412634 0.999994576 0.002984049 -0.350714803 -0.008811253 -0.002971489 0.999956787 7.395263195
0.999959767 -0.001338187 0.008868901 0.017827544 0.001306693 0.999992847 0.003555891 -0.360868037 -0.008873596 -0.003544159 0.999954402 7.717970371
0.999957323 -0.001679818 0.009087631 0.016886599 0.001647252 0.999992251 0.003589909 -0.370775938 -0.009093591 -0.003574785 0.999952316 8.033984184
0.999958575 -0.001515596 0.008973658 0.032431860 0.001486904 0.999993801 0.003203197 -0.371422648 -0.008978457 -0.003189721 0.999954641 8.375099182
0.999957561 -0.001392013 0.009106453 0.037576720 0.001363084 0.999994040 0.003182169 -0.365940332 -0.009110827 -0.003169620 0.999953568 8.732941628
0.999961138 -0.001802600 0.008631481 0.045197766 0.001777314 0.999994099 0.002936244 -0.388045877 -0.008636722 -0.002920789 0.999958456 8.977658272
0.999959826 -0.002162949 0.008694738 0.057704970 0.002138486 0.999993742 0.002821884 -0.393307179 -0.008700786 -0.002803177 0.999958217 9.325797081
0.999962032 -0.002339001 0.008394115 0.068801112 0.002316347 0.999993622 0.002707459 -0.395857900 -0.008400393 -0.002687913 0.999961197 9.671753883
0.999961555 -0.001751667 0.008585610 0.076824062 0.001728277 0.999994755 0.002730940 -0.413385212 -0.008590348 -0.002715997 0.999959469 10.046484947
0.999958932 -0.001927578 0.008848546 0.085582204 0.001898681 0.999992847 0.003273009 -0.423793793 -0.008854791 -0.003256074 0.999955535 10.413033485
0.999963462 -0.002641327 0.008126096 0.126817927 0.002615511 0.999991536 0.003185966 -0.424393028 -0.008134441 -0.003164596 0.999961972 10.792313576
0.999960065 -0.002370924 0.008617938 0.111003891 0.002336731 0.999989390 0.003975539 -0.468951732 -0.008627273 -0.003955242 0.999954939 11.019009590
0.999961913 -0.002308593 0.008411227 0.122961640 0.002279457 0.999991357 0.003471788 -0.469453722 -0.008419168 -0.003452482 0.999958575 11.410810471
0.999962032 -0.002566807 0.008336495 0.141797215 0.002534788 0.999989331 0.003849189 -0.482050925 -0.008346287 -0.003827911 0.999957800 11.796867371
0.999956608 -0.001760548 0.009148632 0.142775819 0.001723001 0.999990106 0.004110343 -0.493555427 -0.009155778 -0.004094401 0.999949634 12.157384872
0.999960721 -0.002927871 0.008375552 0.168320492 0.002890173 0.999985635 0.004509504 -0.497548401 -0.008388637 -0.004485120 0.999954700 12.577794075
0.999960005 -0.003519446 0.008221128 0.175878465 0.003483777 0.999984503 0.004348935 -0.527286470 -0.008236307 -0.004320121 0.999956667 12.877443314
0.999956071 -0.002541939 0.009027005 0.180094466 0.002503386 0.999987721 0.004279527 -0.539149582 -0.009037772 -0.004256741 0.999950051 13.294949532
0.999956071 -0.002214802 0.009103482 0.192824751 0.002172498 0.999986827 0.004654306 -0.546800375 -0.009113669 -0.004634326 0.999947727 13.715697289
0.999954522 -0.003338126 0.008927660 0.212298304 0.003300131 0.999985516 0.004267277 -0.556844592 -0.008941773 -0.004237621 0.999951065 14.146383286
0.999949992 -0.003491561 0.009372086 0.213612527 0.003445809 0.999982119 0.004893442 -0.565348029 -0.009389004 -0.004860903 0.999944091 14.570450783
0.999949992 -0.004603487 0.008877191 0.244892567 0.004556244 0.999975324 0.005334805 -0.612325668 -0.008901531 -0.005294091 0.999946356 14.870786667
0.999948800 -0.003865069 0.009351659 0.257618159 0.003822911 0.999982417 0.004521759 -0.615721047 -0.009368973 -0.004485776 0.999945998 15.306715012
0.999945819 -0.004821056 0.009226370 0.269915670 0.004774634 0.999975741 0.005046934 -0.632319391 -0.009250478 -0.005002608 0.999944687 15.736650467
0.999942660 -0.004197221 0.009844548 0.279735893 0.004150284 0.999979973 0.004783330 -0.634139061 -0.009864427 -0.004742198 0.999940097 16.200662613
0.999936998 -0.004403518 0.010337846 0.298076242 0.004345874 0.999974906 0.005591839 -0.663120151 -0.010362213 -0.005546559 0.999930859 16.569957733
0.999937356 -0.004446223 0.010272157 0.312397480 0.004387473 0.999973953 0.005734852 -0.674653292 -0.010297389 -0.005689424 0.999930799 17.027252197
0.999932528 -0.003944946 0.010921347 0.319922864 0.003878187 0.999973655 0.006127109 -0.687828541 -0.010945232 -0.006084341 0.999921620 17.506095886
0.999925256 -0.003922516 0.011591047 0.338715404 0.003857968 0.999976933 0.005585816 -0.693036556 -0.011612693 -0.005540681 0.999917209 17.964862823
0.999923587 -0.003855617 0.011746400 0.337948799 0.003781141 0.999972701 0.006355948 -0.719294608 -0.011770587 -0.006311049 0.999910772 18.388067245
0.999927819 -0.003737730 0.011411160 0.364735931 0.003665890 0.999973357 0.006310042 -0.729021192 -0.011434441 -0.006267754 0.999915004 18.813934326
0.999929488 -0.004365445 0.011035690 0.382555425 0.004299801 0.999972880 0.005965031 -0.740530849 -0.011061431 -0.005917159 0.999921322 19.293914795
0.999926150 -0.003788432 0.011548482 0.388948739 0.003714322 0.999972403 0.006432002 -0.749205172 -0.011572531 -0.006388633 0.999912620 19.790710449
0.999929786 -0.003664583 0.011267621 0.403664738 0.003587865 0.999970317 0.006821407 -0.773555279 -0.011292283 -0.006780502 0.999913275 20.233167648
0.999933422 -0.003866886 0.010874725 0.415291846 0.003793054 0.999969721 0.006801812 -0.776076913 -0.010900698 -0.006760111 0.999917746 20.737682343
0.999938846 -0.004375247 0.010156075 0.433375359 0.004310101 0.999970078 0.006427539 -0.795867682 -0.010183893 -0.006383372 0.999927759 21.264650345
0.999942720 -0.004608199 0.009665105 0.473496705 0.004540993 0.999965429 0.006963839 -0.822480798 -0.009696865 -0.006919550 0.999929011 21.800077438
0.999947906 -0.004719176 0.009052754 0.469196320 0.004655332 0.999964237 0.007060566 -0.829665840 -0.009085751 -0.007018054 0.999934077 22.175550461
0.999954700 -0.004654189 0.008306039 0.479161024 0.004597126 0.999965787 0.006875893 -0.842972279 -0.008337757 -0.006837397 0.999941885 22.705356598
0.999951959 -0.004745748 0.008584578 0.483568847 0.004684270 0.999963343 0.007167443 -0.860984325 -0.008618279 -0.007126887 0.999937356 23.264442444
0.999961555 -0.004916407 0.007257860 0.506096780 0.004865550 0.999963582 0.007008267 -0.864285767 -0.007292052 -0.006972685 0.999949038 23.712076187
0.999967933 -0.004357734 0.006702784 0.519675255 0.004308729 0.999963999 0.007308240 -0.873405933 -0.006734390 -0.007279126 0.999950826 24.241836548
0.999973297 -0.004862861 0.005451507 0.532589197 0.004821893 0.999960184 0.007503210 -0.880605459 -0.005487777 -0.007476723 0.999957025 24.788881302
0.999971509 -0.004607788 0.005975494 0.535566330 0.004563406 0.999962032 0.007419939 -0.902181089 -0.006009457 -0.007392460 0.999954641 25.265932083
0.999972820 -0.004597141 0.005766693 0.549035549 0.004551416 0.999958277 0.007917486 -0.912253916 -0.005802851 -0.007891024 0.999952018 25.806980133
0.999978006 -0.003674187 0.005512635 0.564323187 0.003633824 0.999966621 0.007314030 -0.926826835 -0.005539325 -0.007293837 0.999958098 26.366495132
0.999980450 -0.003818998 0.004947683 0.575647533 0.003780157 0.999962151 0.007835980 -0.942733884 -0.004977421 -0.007817123 0.999957085 26.852848053
0.999980211 -0.004706321 0.004171340 0.586703598 0.004673115 0.999957621 0.007935014 -0.958866954 -0.004208508 -0.007915363 0.999959826 27.401205063
0.999982536 -0.004321335 0.004028873 0.611924887 0.004288765 0.999958277 0.008058222 -0.966242075 -0.004063527 -0.008040802 0.999959409 27.968610764
0.999981046 -0.004832266 0.003818471 0.610931277 0.004800414 0.999953985 0.008307104 -0.980762839 -0.003858438 -0.008288616 0.999958217 28.418687820
0.999981821 -0.004932524 0.003472043 0.626712441 0.004903425 0.999953210 0.008340066 -0.988579869 -0.003513018 -0.008322890 0.999959230 28.967786789
0.999985099 -0.004265974 0.003398098 0.636877179 0.004237902 0.999957204 0.008225931 -1.008280635 -0.003433044 -0.008211408 0.999960363 29.514326096
0.999987960 -0.003631309 0.003297660 0.659706593 0.003601965 0.999954224 0.008861066 -1.039993525 -0.003329688 -0.008849082 0.999955237 29.995254517
0.999991536 -0.002450912 0.003317907 0.672461987 0.002422170 0.999959707 0.008639305 -1.051911712 -0.003338949 -0.008631196 0.999957144 30.532781601
0.999989331 -0.002766554 0.003689738 0.687246203 0.002737118 0.999964476 0.007959484 -1.056920528 -0.003711629 -0.007949300 0.999961436 31.115484238
0.999990523 -0.003012592 0.003158046 0.710911691 0.002986583 0.999961734 0.008208638 -1.050846100 -0.003182656 -0.008199126 0.999961317 31.569131851
0.999989152 -0.003738751 0.002827707 0.678979218 0.003713075 0.999952316 0.009031801 -1.084949970 -0.002861340 -0.009021202 0.999955177 32.106807709
0.999989748 -0.003728204 0.002593327 0.687141120 0.003704305 0.999951184 0.009160314 -1.101429462 -0.002627352 -0.009150612 0.999954700 32.674900055
0.999988914 -0.003933851 0.002593318 0.691045046 0.003907716 0.999942243 0.010006911 -1.126354098 -0.002632534 -0.009996667 0.999946535 33.204360962
0.999989688 -0.003858548 0.002398062 0.706128359 0.003835749 0.999948144 0.009440374 -1.127230883 -0.002434364 -0.009431077 0.999952555 33.765144348
0.999992013 -0.003250712 0.002328970 0.731288493 0.003228949 0.999951601 0.009287634 -1.123253584 -0.002359048 -0.009280041 0.999954164 34.242008209
0.999988973 -0.004306137 0.001867898 0.741405070 0.004286170 0.999934971 0.010564892 -1.158738971 -0.001913271 -0.010556768 0.999942422 34.786876678
0.999988317 -0.004477292 0.001837261 0.733655632 0.004458032 0.999936402 0.010356713 -1.200112343 -0.001883514 -0.010348403 0.999944687 35.328525543
0.999988794 -0.004084722 0.002378237 0.738804698 0.004060581 0.999940991 0.010068726 -1.212103844 -0.002419225 -0.010058956 0.999946475 35.876605988
0.999986351 -0.004723198 0.002254977 0.747510612 0.004698663 0.999930978 0.010764454 -1.227494717 -0.002305664 -0.010753710 0.999939561 36.403278351
0.999988794 -0.004355758 0.001871888 0.763235271 0.004334798 0.999929368 0.011059546 -1.242088556 -0.001919929 -0.011051307 0.999937117 36.943145752
0.999981582 -0.005911489 0.001351164 0.790580869 0.005896176 0.999921322 0.011069466 -1.249382257 -0.001416495 -0.011061296 0.999937832 37.527839661
0.999988735 -0.004446854 0.001677487 0.806584954 0.004429494 0.999938011 0.010214250 -1.242756724 -0.001722805 -0.010206704 0.999946475 38.095157623
0.999982536 -0.005862292 0.000744878 0.805862248 0.005853599 0.999920368 0.011181221 -1.284121037 -0.000810366 -0.011176665 0.999937236 38.529186249
0.999978304 -0.006539797 0.000745891 0.819266617 0.006530905 0.999914110 0.011359855 -1.302123308 -0.000820119 -0.011354737 0.999935150 39.072380066
0.999987245 -0.004905889 0.001169709 0.832735598 0.004893417 0.999933600 0.010436762 -1.297600985 -0.001220833 -0.010430904 0.999944806 39.621269226
0.999985576 -0.005334211 0.000593853 0.852177739 0.005327360 0.999925435 0.010995064 -1.313461065 -0.000652458 -0.010991742 0.999939382 40.176158905
0.999983788 -0.005603835 0.001000883 0.860223889 0.005592357 0.999922454 0.011124428 -1.325120211 -0.001063145 -0.011118651 0.999937594 40.719104767
0.999975622 -0.006951656 0.000638769 0.902438998 0.006943337 0.999901295 0.012213523 -1.353107929 -0.000723610 -0.012208790 0.999925256 41.256122589
0.999990344 -0.004349481 0.000704999 0.911069691 0.004341508 0.999930799 0.010941938 -1.313654065 -0.000752542 -0.010938771 0.999939919 41.846729279
0.999984324 -0.005582050 0.000445767 0.884268701 0.005576280 0.999912024 0.012037447 -1.366595984 -0.000512922 -0.012034771 0.999927402 42.238746643
0.999984205 -0.005623800 0.000056265 0.895228565 0.005622771 0.999917209 0.011581389 -1.372445107 -0.000121391 -0.011580886 0.999932945 42.769630432
0.999977469 -0.006702350 0.000126766 0.915025890 0.006700329 0.999904633 0.012082125 -1.383682013 -0.000207733 -0.012081005 0.999926925 43.336528778
0.999986708 -0.005090991 0.000907085 0.923596382 0.005080837 0.999928057 0.010865226 -1.369135261 -0.000962335 -0.010860471 0.999940574 43.866474152
0.999982059 -0.005968644 0.000552409 0.921082795 0.005961629 0.999911070 0.011931370 -1.410623312 -0.000623573 -0.011927865 0.999928653 44.414871216
0.999981701 -0.006035035 0.000381045 0.942402363 0.006030236 0.999915302 0.011537339 -1.417055368 -0.000450641 -0.011534830 0.999933362 44.963771820
0.999984741 -0.005508235 0.000521355 0.936569452 0.005501717 0.999915540 0.011771240 -1.432355642 -0.000586150 -0.011768192 0.999930561 45.531814575
0.999981403 -0.006095088 0.000033747 0.952116370 0.006094287 0.999914229 0.011589338 -1.430767298 -0.000104381 -0.011588916 0.999932826 46.075695038
0.999986827 -0.005138004 -0.000036159 0.980397284 0.005138083 0.999921978 0.011386209 -1.432927608 -0.000022347 -0.011386245 0.999935150 46.604129791
0.999982119 -0.005980855 0.000141935 1.005153418 0.005978720 0.999910057 0.012007806 -1.461143970 -0.000213739 -0.012006743 0.999927878 47.044082642
0.999981701 -0.006058742 -0.000080311 1.024931788 0.006059273 0.999904752 0.012400542 -1.477294207 0.000005172 -0.012400800 0.999923110 47.580005646
0.999980748 -0.006197377 -0.000265014 1.046565175 0.006200041 0.999913096 0.011634473 -1.475374818 0.000192888 -0.011635891 0.999932230 48.143280029
0.999977291 -0.006732206 -0.000450176 1.062884688 0.006736906 0.999912262 0.011415195 -1.477580309 0.000373288 -0.011417968 0.999934733 48.710758209
0.999983072 -0.005811385 0.000254700 1.032875538 0.005807827 0.999908030 0.012256825 -1.506357431 -0.000325906 -0.012255142 0.999924779 49.168071747
0.999984205 -0.005621051 -0.000055632 1.052649856 0.005621317 0.999915481 0.011726972 -1.512837768 -0.000010291 -0.011727101 0.999931216 49.715957642
0.999981165 -0.006130296 -0.000191928 1.067721009 0.006132118 0.999913156 0.011667264 -1.516867638 0.000120388 -0.011668221 0.999931872 50.246402740
0.999982119 -0.005982143 -0.000110413 1.075407028 0.005983039 0.999909639 0.012036429 -1.528210640 0.000038399 -0.012036874 0.999927580 50.741737366
0.999982417 -0.005933398 -0.000288658 1.086810231 0.005936500 0.999906778 0.012293533 -1.535493851 0.000215690 -0.012295030 0.999924421 51.279651642
0.999985158 -0.005442228 0.000152937 1.081406116 0.005440121 0.999919534 0.011455090 -1.543757915 -0.000215266 -0.011454087 0.999934435 51.839984894
0.999978304 -0.006589650 -0.000075696 1.094303608 0.006590082 0.999899864 0.012518179 -1.570640087 -0.000006802 -0.012518407 0.999921620 52.288764954
0.999977946 -0.006630442 0.000001089 1.094249487 0.006629894 0.999897301 0.012699384 -1.579128504 -0.000085292 -0.012699098 0.999919355 52.835128784
0.999979675 -0.006381189 -0.000195103 1.109139085 0.006383125 0.999901950 0.012461301 -1.587133884 0.000115567 -0.012462294 0.999922335 53.387523651
0.999977410 -0.006726332 -0.000176314 1.118751526 0.006727918 0.999910712 0.011539100 -1.577343702 0.000098682 -0.011540024 0.999933422 53.905612946
0.999978185 -0.006604824 -0.000171417 1.135626793 0.006606438 0.999901772 0.012359145 -1.596565962 0.000089770 -0.012360008 0.999923527 54.397869110
0.999981999 -0.006006903 0.000151592 1.139000177 0.006004580 0.999906063 0.012317559 -1.614300728 -0.000225568 -0.012316427 0.999924064 54.926513672
0.999979734 -0.006362793 0.000370109 1.153607130 0.006357778 0.999904573 0.012259680 -1.620154858 -0.000448079 -0.012257078 0.999924719 55.457801819
0.999982774 -0.005831981 0.000660229 1.145646691 0.005823596 0.999910235 0.012059992 -1.638239026 -0.000730503 -0.012055939 0.999926984 56.036411285
0.999972284 -0.007441364 0.000081129 1.166716576 0.007439713 0.999890089 0.012819603 -1.650553942 -0.000176515 -0.012818644 0.999917805 56.501533508
0.999970913 -0.007607540 -0.000274580 1.181003928 0.007610438 0.999888599 0.012835059 -1.656839013 0.000176907 -0.012836777 0.999917567 57.041645050
0.999971926 -0.007491631 -0.000269036 1.188408494 0.007494375 0.999896169 0.012304400 -1.664746284 0.000176827 -0.012306070 0.999924183 57.587574005
0.999965429 -0.008264377 -0.000890276 1.225745797 0.008274742 0.999889493 0.012345523 -1.660672307 0.000788148 -0.012352464 0.999923348 58.122543335
0.999968767 -0.007889898 -0.000337771 1.203133106 0.007893604 0.999885321 0.012922850 -1.686639071 0.000235776 -0.012925114 0.999916434 58.616630554
0.999970019 -0.007736690 -0.000182525 1.219557285 0.007738397 0.999887288 0.012866182 -1.701624393 0.000082964 -0.012867210 0.999917150 59.160728455
0.999970019 -0.007705402 -0.000635083 1.277827382 0.007713357 0.999876976 0.013654103 -1.728403807 0.000529796 -0.013658591 0.999906600 59.648773193
0.999965489 -0.008222454 -0.001215257 1.271091938 0.008237148 0.999886334 0.012625840 -1.728161097 0.001111305 -0.012635414 0.999919534 60.252136230
0.999964237 -0.008406822 -0.001000644 1.297735453 0.008418345 0.999890983 0.012129551 -1.718911886 0.000898563 -0.012137539 0.999925911 60.789459229
0.999964833 -0.008372559 -0.000397878 1.254412174 0.008376843 0.999888182 0.012380621 -1.725017786 0.000294176 -0.012383519 0.999923229 61.255798340
0.999971509 -0.007539935 0.000203126 1.257420063 0.007536830 0.999894381 0.012422328 -1.740536213 -0.000296768 -0.012420443 0.999922752 61.802513123
0.999971032 -0.007594273 0.000447799 1.254062295 0.007587586 0.999881327 0.013409417 -1.786646843 -0.000549579 -0.013405631 0.999909937 62.335662842
0.999970913 -0.007631411 0.000122022 1.287449121 0.007629119 0.999882698 0.013273871 -1.784333706 -0.000223305 -0.013272553 0.999911904 62.905891418
0.999958634 -0.009083560 -0.000508868 1.280621171 0.009089293 0.999877870 0.012703512 -1.799487352 0.000393412 -0.012707610 0.999919176 63.418605804
0.999959826 -0.008956451 -0.000328853 1.298899889 0.008959905 0.999879181 0.012697422 -1.803231120 0.000215091 -0.012699859 0.999919355 63.958957672
0.999967217 -0.008089737 0.000277233 1.317375660 0.008085460 0.999883235 0.012969662 -1.811645985 -0.000382120 -0.012966997 0.999915838 64.518951416
0.999954879 -0.009484703 -0.000496714 1.348448038 0.009490207 0.999875665 0.012593618 -1.795807600 0.000377206 -0.012597764 0.999920607 65.040107727
0.999951124 -0.009853134 -0.000889037 1.354971409 0.009863643 0.999870539 0.012713141 -1.802142382 0.000763657 -0.012721288 0.999918759 65.628562927
0.999961257 -0.008803242 0.000078786 1.330534697 0.008801460 0.999875665 0.013075206 -1.854553699 -0.000193880 -0.013074004 0.999914527 66.031990051
0.999958456 -0.009116913 0.000087644 1.343395591 0.009115088 0.999879181 0.012588463 -1.854109049 -0.000202403 -0.012587140 0.999920785 66.579200745
0.999956489 -0.009311789 -0.000532566 1.363499522 0.009317928 0.999872029 0.013002295 -1.874876022 0.000411424 -0.013006688 0.999915302 67.128829956
0.999961734 -0.008739987 -0.000074314 1.366667747 0.008740230 0.999882519 0.012590679 -1.867771745 -0.000035736 -0.012590847 0.999920726 67.684783936
0.999968350 -0.007959246 0.000075757 1.367381334 0.007957575 0.999882877 0.013074511 -1.902999401 -0.000179811 -0.013073495 0.999914467 68.162910461
0.999973238 -0.007309952 0.000422936 1.363650799 0.007303901 0.999890506 0.012875359 -1.908912420 -0.000517007 -0.012871925 0.999916971 68.717170715
0.999982297 -0.005882659 0.000931375 1.413369417 0.005870269 0.999900937 0.012790117 -1.930059910 -0.001006522 -0.012784422 0.999917746 69.218070984
0.999981701 -0.006016277 0.000601839 1.415929675 0.006007900 0.999896526 0.013067924 -1.940888882 -0.000680396 -0.013064069 0.999914467 69.775276184
0.999969065 -0.007863901 -0.000110125 1.429678679 0.007864665 0.999886453 0.012857390 -1.930466175 0.000009004 -0.012857858 0.999917328 70.320037842
0.999971032 -0.007601338 0.000431104 1.459418893 0.007594852 0.999880612 0.013451733 -1.976795077 -0.000533304 -0.013448068 0.999909401 70.715820312
0.999972641 -0.007375718 0.000568658 1.468095422 0.007367479 0.999883950 0.013336251 -1.980024338 -0.000666956 -0.013331697 0.999910891 71.278419495
0.999974549 -0.007123481 0.000431395 1.484346032 0.007117025 0.999883890 0.013470416 -1.993184090 -0.000527301 -0.013467002 0.999909163 71.825981140
0.999968827 -0.007874138 0.000502477 1.498253584 0.007866587 0.999876797 0.013582258 -2.001534700 -0.000609363 -0.013577883 0.999907613 72.393959045
0.999973357 -0.007293855 0.000318816 1.538263083 0.007289261 0.999894142 0.012597046 -1.993131876 -0.000410662 -0.012594386 0.999920547 72.881210327
0.999964297 -0.008398494 0.000909390 1.494512320 0.008385424 0.999873221 0.013531886 -2.015815020 -0.001022924 -0.013523780 0.999907970 73.362869263
0.999962211 -0.008680608 0.000410704 1.513767958 0.008674294 0.999871731 0.013460533 -2.024845123 -0.000527498 -0.013456463 0.999909282 73.901992798
0.999954522 -0.009535801 0.000114599 1.560135126 0.009533377 0.999862969 0.013529436 -2.056654930 -0.000243597 -0.013527729 0.999908447 74.434654236
0.999953687 -0.009619497 -0.000081755 1.593308091 0.009619724 0.999862373 0.013512397 -2.082304001 -0.000048240 -0.013512560 0.999908686 74.944198608
0.999959588 -0.008980278 0.000458616 1.583124757 0.008973392 0.999871373 0.013289031 -2.055862904 -0.000577895 -0.013284381 0.999911547 75.519348145
0.999963641 -0.008384024 0.001548587 1.529211879 0.008363274 0.999881148 0.012951842 -2.064602375 -0.001656992 -0.012938417 0.999914944 76.039047241
0.999967456 -0.007800529 0.002029082 1.538938761 0.007773358 0.999884367 0.013070804 -2.069154263 -0.002130806 -0.013054605 0.999912500 76.580940247
0.999958694 -0.008974781 0.001465770 1.548979521 0.008955870 0.999882519 0.012435617 -2.071711779 -0.001577204 -0.012421975 0.999921620 77.105209351
0.999959052 -0.008932728 0.001472597 1.559196115 0.008913597 0.999881864 0.012522697 -2.073253632 -0.001584284 -0.012509059 0.999920547 77.673263550
0.999958813 -0.008565503 0.002995563 1.592066407 0.008524427 0.999872923 0.013466446 -2.109930277 -0.003110528 -0.013440355 0.999904811 78.158287048
0.999957263 -0.007822068 0.004933488 1.590916395 0.007756858 0.999884129 0.013101372 -2.120200634 -0.005035395 -0.013062544 0.999901950 78.712409973
0.999951422 -0.008044192 0.005708747 1.607944250 0.007966895 0.999877989 0.013436318 -2.151840925 -0.005816135 -0.013390181 0.999893367 79.260673523
0.999934971 -0.009338749 0.006548869 1.563997030 0.009255522 0.999877393 0.012625868 -2.109191895 -0.006665977 -0.012564433 0.999898791 79.986335754
0.999911070 -0.009569070 0.009292998 1.588264108 0.009449350 0.999872863 0.012842520 -2.127639771 -0.009414708 -0.012753567 0.999874353 80.531982422
0.999875665 -0.008940398 0.012988820 1.603311896 0.008771786 0.999877274 0.012980698 -2.143395424 -0.013103278 -0.012865149 0.999831378 81.085304260
0.999836564 -0.009645926 0.015294688 1.644173980 0.009448631 0.999871910 0.012919951 -2.139533997 -0.015417353 -0.012773323 0.999799609 81.660507202
0.999763012 -0.009602180 0.019537274 1.680639029 0.009362800 0.999880433 0.012307222 -2.133239031 -0.019653115 -0.012121383 0.999733388 82.154678345
0.999600172 -0.008115440 0.027085021 1.703973532 0.007762130 0.999883711 0.013124255 -2.179310799 -0.027188383 -0.012908765 0.999547005 82.568374634
0.999416471 -0.008071558 0.033189796 1.732129693 0.007639903 0.999884844 0.013111984 -2.186671019 -0.033291806 -0.012850768 0.999363065 83.136909485
0.999207795 -0.007973725 0.038989030 1.774833798 0.007454558 0.999881923 0.013443024 -2.200794697 -0.039091617 -0.013141726 0.999149203 83.654113770
0.998837173 -0.007221336 0.047664221 1.805911303 0.006584120 0.999887049 0.013512339 -2.208240509 -0.047756419 -0.013182801 0.998772085 84.189727783
0.998400986 -0.006989879 0.056094278 1.870929956 0.006221248 0.999884546 0.013865428 -2.232291222 -0.056184720 -0.013494276 0.998329163 84.683425903
0.997980952 -0.007151531 0.063109025 1.918979406 0.006294328 0.999885380 0.013771254 -2.235312939 -0.063200273 -0.013346220 0.997911632 85.225372314
0.997373164 -0.009209860 0.071846992 1.980678082 0.008299341 0.999881506 0.012961297 -2.244898558 -0.071957849 -0.012330966 0.997331440 85.942848206
0.996569693 -0.009169737 0.082249194 2.044897079 0.008121402 0.999881566 0.013071380 -2.251935005 -0.082359314 -0.012358559 0.996526003 86.492317200
0.995782316 -0.009522265 0.091251984 2.099489212 0.008358192 0.999878824 0.013130371 -2.262811184 -0.091365956 -0.012312290 0.995741248 86.988700867
0.995005429 -0.010028527 0.099316210 2.156892300 0.008772097 0.999875903 0.013079450 -2.266063929 -0.099435046 -0.012142912 0.994969964 87.579078674
0.994004667 -0.012239238 0.108650737 2.257333279 0.010913649 0.999858677 0.012786758 -2.274561882 -0.108791880 -0.011524324 0.993997753 88.164314270
0.992837310 -0.012850489 0.118781164 2.351364136 0.011399548 0.999852002 0.012886633 -2.285219908 -0.118929178 -0.011440281 0.992836833 88.699806213
0.991723418 -0.013390912 0.127692476 2.455653191 0.011752108 0.999838710 0.013578795 -2.312253475 -0.127853706 -0.011965750 0.991720974 89.202476501
0.990165234 -0.012223091 0.139367715 2.531434059 0.010470428 0.999856710 0.013302115 -2.305794716 -0.139510334 -0.011712057 0.990151346 89.786697388
0.988374949 -0.012900382 0.151487350 2.641351700 0.011009745 0.999850750 0.013312669 -2.312569618 -0.151636511 -0.011490071 0.988369524 90.332901001
0.986642838 -0.012713143 0.162401691 2.749026299 0.010673532 0.999852955 0.013425407 -2.323641300 -0.162548497 -0.011512684 0.986633360 90.876075745
0.985000730 -0.013542292 0.172017649 2.845191956 0.011347816 0.999841213 0.013734255 -2.326941490 -0.172176331 -0.011576223 0.984998047 91.378623962
0.982806623 -0.013671122 0.184131026 2.972929955 0.011334200 0.999841332 0.013738199 -2.335538864 -0.184289634 -0.011415013 0.982805610 91.915344238
0.980419099 -0.014037935 0.196421489 3.113863945 0.011477605 0.999833703 0.014167185 -2.351791859 -0.196587726 -0.011635330 0.980417252 92.448616028
0.978193521 -0.014287472 0.207203418 3.234143257 0.011612420 0.999832988 0.014120849 -2.354347229 -0.207370535 -0.011406788 0.978195965 92.947135925
0.975244582 -0.013459712 0.220718965 3.380247116 0.010494059 0.999838352 0.014603458 -2.365589857 -0.220879808 -0.011925703 0.975228131 93.507690430
0.972030103 -0.013705406 0.234455779 3.544586182 0.010471908 0.999832094 0.015030971 -2.376304865 -0.234622434 -0.012155355 0.972010612 94.028884888
0.969162941 -0.014226247 0.246009782 3.673130035 0.010856493 0.999827802 0.015048529 -2.382055759 -0.246181548 -0.011913676 0.969150543 94.546493530
0.966015518 -0.014272183 0.258089632 3.849990845 0.010597737 0.999821782 0.015622715 -2.404520273 -0.258266628 -0.012356620 0.965994656 95.024452209
0.962265670 -0.014866864 0.271705419 4.026657104 0.010994448 0.999815166 0.015769055 -2.410853386 -0.271889687 -0.012186769 0.962251306 95.539901733
0.958594620 -0.015224072 0.284367055 4.208887100 0.011153413 0.999810874 0.015928678 -2.419835806 -0.284555793 -0.012097484 0.958583176 96.059394836
0.955067456 -0.016438311 0.295932382 4.395486832 0.012351862 0.999800861 0.015673095 -2.424778938 -0.296131104 -0.011313546 0.955080450 96.628158569
0.950468302 -0.015443493 0.310437649 4.580842972 0.010991728 0.999810219 0.016084621 -2.437397957 -0.310627222 -0.011875675 0.950457633 97.165847778
0.945603669 -0.014177554 0.325011492 4.769899368 0.009341753 0.999821365 0.016434561 -2.446564674 -0.325186402 -0.012504409 0.945567250 97.685928345
0.941652596 -0.014807415 0.336260676 4.959110260 0.009946718 0.999819756 0.016173150 -2.446675777 -0.336439520 -0.011884800 0.941630065 98.197204590
0.937301397 -0.014746763 0.348207772 5.183778763 0.009579066 0.999817014 0.016557911 -2.460201263 -0.348388225 -0.012184247 0.937271178 98.716987610
0.931705058 -0.014824263 0.362913251 5.377443314 0.008983251 0.999801636 0.017777203 -2.501993656 -0.363104790 -0.013302973 0.931653321 99.205474854
0.926454246 -0.017784297 0.375987023 5.641359329 0.012504775 0.999786019 0.016477667 -2.479563713 -0.376199663 -0.010564172 0.926478326 99.668937683
0.921675920 -0.017674956 0.387557864 5.873153687 0.012188892 0.999787748 0.016609129 -2.491925716 -0.387769192 -0.010584331 0.921695769 100.173583984
0.915602446 -0.017905554 0.401686013 6.105524063 0.012102765 0.999782562 0.016979286 -2.488121510 -0.401902705 -0.010684765 0.915619969 100.688507080
0.909508467 -0.018723421 0.415263504 6.359252930 0.012866675 0.999774456 0.016897339 -2.509877920 -0.415486127 -0.010025217 0.909544230 101.128555298
0.904598773 -0.019833285 0.425802469 6.605693817 0.013757518 0.999754965 0.017339947 -2.521862984 -0.426041991 -0.009827707 0.904650033 101.583427429
0.898739755 -0.019529963 0.438047379 6.873786926 0.013333382 0.999762833 0.017217528 -2.526972294 -0.438279778 -0.009633424 0.898787022 102.089973450
0.892518342 -0.021336334 0.450506210 7.157814026 0.015226081 0.999736428 0.017183233 -2.547726154 -0.450754046 -0.008476908 0.892607927 102.542640686
0.885401309 -0.018796977 0.464447021 7.420619965 0.012121242 0.999776006 0.017355261 -2.546569824 -0.464669198 -0.009736700 0.885430813 103.082229614
0.879330277 -0.020431740 0.475773901 7.639625549 0.013423040 0.999745607 0.018124694 -2.525162935 -0.476023257 -0.009551262 0.879380822 103.570045471
0.872293532 -0.020861249 0.488537341 7.941898346 0.013804709 0.999741912 0.018041829 -2.540930986 -0.488787651 -0.008993657 0.872356296 104.032394409
0.864661574 -0.021283867 0.501903713 8.251651764 0.013782013 0.999731064 0.018651713 -2.552443504 -0.502165675 -0.009210181 0.864722371 104.509323120
