1.000000000 0.000000000 0.000000000 0.000000000 0.000000000 1.000000000 0.000000000 0.000000000 0.000000000 0.000000000 1.000000000 0.000000000
1.000000000 0.000024480 0.000136406 -0.003392551 -0.000024452 1.000000000 -0.000208142 0.004372670 -0.000136411 0.000208138 0.999999940 0.004237237
1.000000000 0.000044843 0.000071498 -0.002291252 -0.000044833 1.000000000 -0.000137760 0.002409301 -0.000071504 0.000137757 1.000000000 0.000719994
0.999999940 0.000304388 0.000109176 0.000029297 -0.000304371 0.999999940 -0.000160855 0.003653323 -0.000109225 0.000160822 1.000000000 -0.001856586
0.999999940 0.000245540 0.000052387 0.002820167 -0.000245536 0.999999940 -0.000080701 0.002061074 -0.000052407 0.000080688 1.000000000 -0.001326438
1.000000000 0.000146231 0.000062255 0.000252592 -0.000146227 1.000000000 -0.000062596 0.002156990 -0.000062264 0.000062587 1.000000000 -0.001242597
1.000000000 0.000121656 0.000128669 -0.001940503 -0.000121643 1.000000000 -0.000097501 0.002118785 -0.000128681 0.000097485 1.000000000 -0.000623055
1.000000000 0.000032073 0.000000885 0.001038464 -0.000032072 1.000000000 -0.000024159 0.001659674 -0.000000885 0.000024159 1.000000000 -0.002549083
1.000000000 0.000066793 0.000169645 -0.005607521 -0.000066766 1.000000000 -0.000162001 0.003907923 -0.000169655 0.000161990 1.000000000 0.004174772
0.999999940 0.000198360 0.000226116 -0.004720536 -0.000198330 1.000000000 -0.000134798 0.002235967 -0.000226143 0.000134753 0.999999940 -0.001376354
0.999999940 0.000206822 0.000209790 -0.004003695 -0.000206789 0.999999940 -0.000159935 0.002109821 -0.000209823 0.000159891 0.999999940 -0.000645169
1.000000000 0.000173444 0.000142424 -0.002401098 -0.000173429 1.000000000 -0.000110599 0.002783465 -0.000142443 0.000110574 1.000000000 -0.002727303
1.000000000 0.000112912 0.000193859 -0.005508274 -0.000112905 1.000000000 -0.000037161 0.000487544 -0.000193863 0.000037140 1.000000000 -0.003007252
1.000000000 -0.000022390 0.000101220 -0.003124585 0.000022399 1.000000000 -0.000094493 0.000591759 -0.000101218 0.000094495 1.000000000 -0.001761940
1.000000000 0.000072948 0.000084681 -0.000837274 -0.000072937 1.000000000 -0.000127766 0.002630766 -0.000084690 0.000127760 1.000000000 -0.003443353
1.000000000 -0.000195102 -0.000117656 0.002356990 0.000195098 1.000000000 -0.000032696 0.000784342 0.000117663 0.000032674 1.000000000 -0.006600244
1.000000000 -0.000238326 0.000007094 -0.002152606 0.000238327 0.999999940 -0.000123212 0.000788557 -0.000007065 0.000123214 1.000000000 -0.004624807
1.000000000 -0.000094814 0.000018840 0.000456986 0.000094814 1.000000000 -0.000027635 0.000102032 -0.000018838 0.000027637 1.000000000 -0.007292394
1.000000000 0.000098211 -0.000007675 0.000170990 -0.000098211 1.000000000 0.000005278 0.002152493 0.000007676 -0.000005278 1.000000000 -0.007712957
1.000000000 -0.000080859 -0.000003307 -0.001740340 0.000080859 1.000000000 -0.000033722 -0.000282751 0.000003310 0.000033722 1.000000000 -0.007326815
1.000000000 -0.000006994 0.000068575 -0.001110179 0.000007000 1.000000000 -0.000077788 0.000812753 -0.000068575 0.000077788 1.000000000 -0.007727182
1.000000000 -0.000130055 0.000020150 0.000233376 0.000130055 1.000000000 -0.000021438 -0.000503078 -0.000020147 0.000021441 1.000000000 -0.004060906
1.000000000 0.000137674 0.000171400 -0.006108442 -0.000137639 0.999999940 -0.000202462 0.003576729 -0.000171428 0.000202439 0.999999940 0.003558171
1.000000000 -0.000083205 -0.000078228 0.000740886 0.000083196 1.000000000 -0.000108369 0.000568670 0.000078237 0.000108363 1.000000000 0.000384235
1.000000000 -0.000077484 0.000017354 -0.000882874 0.000077484 1.000000000 -0.000009576 0.002338568 -0.000017353 0.000009578 1.000000000 0.000144645
1.000000000 0.000002689 -0.000050569 0.002459611 -0.000002696 1.000000000 -0.000139648 0.003246745 0.000050568 0.000139648 1.000000000 -0.006804637
1.000000000 -0.000082686 0.000094153 -0.001834725 0.000082697 1.000000000 -0.000119252 0.002884442 -0.000094143 0.000119259 1.000000000 -0.004002564
0.999999940 0.000257599 0.000211845 -0.005394449 -0.000257556 0.999999940 -0.000201508 0.003365273 -0.000211897 0.000201453 0.999999940 0.000250025
1.000000000 0.000027653 0.000115227 -0.003342349 -0.000027650 1.000000000 -0.000026909 0.002080108 -0.000115227 0.000026905 1.000000000 -0.000653094
1.000000000 -0.000194368 0.000014769 -0.004527119 0.000194370 0.999999940 -0.000151154 0.005784066 -0.000014740 0.000151157 1.000000000 0.002524281
1.000000000 -0.000072817 0.000040075 -0.003641496 0.000072821 1.000000000 -0.000091276 0.002510989 -0.000040068 0.000091279 1.000000000 0.000874085
1.000000000 -0.000132141 0.000101256 -0.003401197 0.000132139 1.000000000 0.000019972 0.001227194 -0.000101259 -0.000019959 1.000000000 0.000169535
1.000000000 -0.000193232 0.000075056 -0.004796850 0.000193233 1.000000000 -0.000015239 0.001792287 -0.000075053 0.000015254 1.000000000 -0.002046063
1.000000000 -0.000129386 0.000012076 -0.002831127 0.000129386 1.000000000 -0.000007020 0.001949407 -0.000012075 0.000007021 1.000000000 -0.002333053
1.000000000 0.000095284 0.000089016 -0.004311626 -0.000095269 1.000000000 -0.000168177 0.002067274 -0.000089032 0.000168169 1.000000000 0.000433984
1.000000000 0.000054153 0.000121107 -0.004748187 -0.000054140 1.000000000 -0.000107815 0.003020314 -0.000121113 0.000107809 1.000000000 0.000559628
1.000000000 -0.000152714 -0.000155397 0.002989450 0.000152735 1.000000000 0.000134199 -0.000216745 0.000155376 -0.000134223 1.000000000 -0.012420123
1.000000000 -0.000001368 0.000078137 -0.003721306 0.000001389 0.999999940 -0.000267808 0.004636128 -0.000078137 0.000267808 0.999999940 0.001428329
1.000000000 -0.000176446 0.000067362 -0.003035472 0.000176448 1.000000000 -0.000023403 0.001806648 -0.000067358 0.000023415 1.000000000 -0.000571030
1.000000000 -0.000048378 -0.000047130 0.000925728 0.000048385 1.000000000 0.000143289 -0.000668488 0.000047123 -0.000143291 1.000000000 -0.008376743
0.999999940 -0.000264814 -0.000117580 0.000024025 0.000264814 0.999999940 0.000002540 -0.000749527 0.000117580 -0.000002571 1.000000000 -0.000421228
1.000000000 0.000059019 0.000086557 0.002045949 -0.000058966 0.999999821 -0.000609257 -0.004031122 -0.000086593 0.000609252 0.999999821 0.048960488
1.000000000 0.000042287 -0.000012834 -0.000151229 -0.000042307 0.999998808 -0.001562532 0.001312363 0.000012767 0.001562532 0.999998808 0.148190022
1.000000000 -0.000055478 -0.000078978 0.004535907 0.000055356 0.999998808 -0.001544446 -0.007694364 0.000079064 0.001544441 0.999998808 0.263329685
1.000000000 -0.000217443 0.000022980 0.002526418 0.000217475 0.999999046 -0.001383826 -0.012409291 -0.000022679 0.001383831 0.999999046 0.395653039
1.000000000 0.000012100 -0.000105439 0.004911032 -0.000012224 0.999999285 -0.001178179 -0.017669085 0.000105424 0.001178181 0.999999285 0.537485063
1.000000000 -0.000036222 0.000146509 0.006132865 0.000036362 0.999999523 -0.000956850 -0.031468309 -0.000146474 0.000956855 0.999999523 0.680267215
0.999999940 -0.000399522 -0.000001551 0.019926693 0.000399521 0.999999702 -0.000641244 -0.031907476 0.000001807 0.000641244 0.999999821 0.846970737
0.999999940 -0.000264942 -0.000136323 0.023153981 0.000264862 0.999999821 -0.000585997 -0.036923423 0.000136478 0.000585961 0.999999821 1.030627012
0.999999940 -0.000142852 0.000215029 0.015019958 0.000143029 0.999999642 -0.000823057 -0.036414247 -0.000214912 0.000823088 0.999999642 1.211530447
1.000000000 -0.000178531 -0.000041515 0.030367272 0.000178504 0.999999762 -0.000646434 -0.046630800 0.000041631 0.000646427 0.999999762 1.416062593
0.999999583 -0.000603907 -0.000718766 0.043098241 0.000603677 0.999999762 -0.000320146 -0.056706578 0.000718959 0.000319712 0.999999702 1.611410260
0.999999166 -0.000553174 0.001186236 0.008028615 0.000552658 0.999999762 0.000435219 -0.068056546 -0.001186476 -0.000434563 0.999999166 1.689706802
0.999998808 -0.000827948 0.001268052 0.013825463 0.000827214 0.999999464 0.000578965 -0.073482431 -0.001268531 -0.000577915 0.999998987 1.896875501
0.999999225 -0.000007969 0.001241260 0.018000435 0.000007680 0.999999940 0.000232995 -0.080151260 -0.001241262 -0.000232985 0.999999225 2.089026928
0.999999464 0.000025879 0.001064277 0.024792340 -0.000026347 0.999999940 0.000439519 -0.086053006 -0.001064265 -0.000439546 0.999999404 2.310312748
0.999999166 -0.000052692 0.001285578 0.021297589 0.000052058 0.999999940 0.000493829 -0.093927443 -0.001285604 -0.000493762 0.999999106 2.536763191
0.999998271 0.000589919 0.001750563 0.025433030 -0.000591242 0.999999583 0.000755535 -0.102277704 -0.001750117 -0.000756569 0.999998152 2.774650335
0.999998331 0.000277317 0.001762261 0.030093404 -0.000278784 0.999999642 0.000832282 -0.117454380 -0.001762029 -0.000832772 0.999998152 3.010857105
0.999999106 -0.000522504 0.001214454 0.039412953 0.000521407 0.999999464 0.000903382 -0.119766623 -0.001214925 -0.000902748 0.999998808 3.209771872
0.999998987 -0.000474280 0.001248236 0.051707160 0.000473009 0.999999344 0.001018675 -0.127043545 -0.001248718 -0.001018084 0.999998748 3.472906590
0.999998927 0.000180374 0.001477204 0.049394097 -0.000181712 0.999999583 0.000905356 -0.133951560 -0.001477040 -0.000905623 0.999998569 3.723657608
0.999998748 -0.000436728 0.001489730 0.057871737 0.000434845 0.999999106 0.001264443 -0.144330814 -0.001490281 -0.001263794 0.999998093 4.009385586
0.999999166 0.000152927 0.001269544 0.062620461 -0.000154643 0.999999106 0.001351602 -0.147357836 -0.001269336 -0.001351797 0.999998271 4.258658886
0.999999285 -0.000289984 0.001176169 0.059774131 0.000287633 0.999997973 0.001998035 -0.174045831 -0.001176746 -0.001997695 0.999997318 4.450779915
0.999999166 -0.000309067 0.001278059 0.065037340 0.000306215 0.999997437 0.002230931 -0.184466705 -0.001278745 -0.002230538 0.999996662 4.703935146
0.999998987 -0.000216208 0.001399638 0.070903257 0.000213372 0.999997914 0.002026253 -0.185949281 -0.001400073 -0.002025952 0.999997020 4.960143089
0.999998987 -0.000865428 0.001158410 0.072290100 0.000863142 0.999997675 0.001972229 -0.192347661 -0.001160114 -0.001971226 0.999997377 5.231333256
0.999998331 -0.000219040 0.001825606 0.051981773 0.000214833 0.999997318 0.002304386 -0.222594991 -0.001826106 -0.002303990 0.999995649 5.487147808
0.999998510 -0.000251854 0.001718104 0.062683925 0.000247732 0.999997020 0.002398774 -0.230259478 -0.001718703 -0.002398344 0.999995649 5.752084732
0.999997735 0.000513299 0.002049858 0.064841904 -0.000518333 0.999996781 0.002456248 -0.239656359 -0.002048591 -0.002457305 0.999994874 6.027215958
0.999997377 -0.000221488 0.002282098 0.070124179 0.000215512 0.999996543 0.002618420 -0.249327287 -0.002282670 -0.002617922 0.999993980 6.304422855
0.999997973 -0.000362559 0.001963665 0.076573990 0.000357384 0.999996424 0.002635151 -0.268273801 -0.001964613 -0.002634444 0.999994636 6.599880219
0.999997973 -0.000426709 0.001924268 0.084365658 0.000422801 0.999997795 0.002030743 -0.261353910 -0.001925130 -0.002029925 0.999996066 6.888448238
0.999998212 -0.000621245 0.001767895 0.100834735 0.000617256 0.999997258 0.002256044 -0.279285967 -0.001769291 -0.002254949 0.999995828 7.178355694
0.999998033 -0.000877681 0.001758979 0.110567614 0.000873304 0.999996483 0.002487785 -0.294534683 -0.001761156 -0.002486244 0.999995410 7.495898247
0.999997735 -0.000605180 0.002009021 0.111794904 0.000599675 0.999996066 0.002739752 -0.292128146 -0.002010671 -0.002738541 0.999994218 7.812612534
0.999998033 -0.000621486 0.001881046 0.111629739 0.000616735 0.999996603 0.002524822 -0.291593105 -0.001882609 -0.002523656 0.999995112 8.127163887
0.999997914 -0.000791723 0.001891194 0.111409530 0.000786301 0.999995589 0.002866272 -0.316972136 -0.001893454 -0.002864779 0.999994099 8.412514687
0.999997199 -0.001353341 0.001942543 0.117657095 0.001347954 0.999995291 0.002772034 -0.322949886 -0.001946285 -0.002769408 0.999994278 8.747392654
0.999997497 -0.000529067 0.002189448 0.125685140 0.000522102 0.999994755 0.003180528 -0.337969571 -0.002191120 -0.003179376 0.999992490 9.076375961
0.999997139 -0.001554341 0.001862892 0.144985035 0.001548574 0.999994040 0.003092917 -0.344645649 -0.001867688 -0.003090023 0.999993503 9.426141739
0.999997914 -0.000803583 0.001883402 0.148975104 0.000797404 0.999994278 0.003279122 -0.349169821 -0.001886026 -0.003277613 0.999992847 9.770774841
0.999998093 -0.000751673 0.001842214 0.161998525 0.000745311 0.999993801 0.003451775 -0.363895237 -0.001844797 -0.003450395 0.999992311 10.088816643
0.999998450 -0.000856495 0.001532092 0.152410105 0.000851555 0.999994576 0.003222266 -0.384661943 -0.001534843 -0.003220957 0.999993622 10.457656860
0.999997795 -0.001357618 0.001623885 0.155710310 0.001352407 0.999993980 0.003205845 -0.391424477 -0.001628228 -0.003203642 0.999993563 10.840799332
0.999998033 -0.001015625 0.001738587 0.159104556 0.001009447 0.999993205 0.003551016 -0.405414253 -0.001742181 -0.003549254 0.999992132 11.220913887
0.999996603 -0.001691388 0.001959650 0.177358687 0.001684610 0.999992669 0.003455082 -0.409573615 -0.001965479 -0.003451769 0.999992073 11.600453377
0.999998033 -0.000766655 0.001798794 0.183660284 0.000759287 0.999991357 0.004092939 -0.423554271 -0.001801917 -0.004091565 0.999989986 11.964828491
0.999998033 -0.001569605 0.001199591 0.202910230 0.001564969 0.999991357 0.003856184 -0.448696822 -0.001205633 -0.003854299 0.999991834 12.296222687
0.999997139 -0.002266265 0.000827610 0.221888199 0.002263341 0.999991238 0.003517011 -0.449095964 -0.000835573 -0.003515128 0.999993443 12.700305939
0.999997675 -0.001876359 0.001029248 0.232285291 0.001872226 0.999990284 0.004001957 -0.465534598 -0.001036747 -0.004000020 0.999991477 13.103663445
0.999998391 -0.000786329 0.001584023 0.241540462 0.000780470 0.999992907 0.003695288 -0.468217343 -0.001586917 -0.003694046 0.999991894 13.533748627
0.999997735 -0.001802770 0.001089990 0.247838229 0.001797668 0.999987483 0.004663749 -0.501599729 -0.001098384 -0.004661779 0.999988556 13.924755096
0.999995053 -0.002794286 0.001430532 0.263208628 0.002786882 0.999982834 0.005152122 -0.555820942 -0.001444904 -0.005148110 0.999985695 14.375485420
0.999996066 -0.002205918 0.001707313 0.271241248 0.002196583 0.999982774 0.005449698 -0.566788435 -0.001719305 -0.005445926 0.999983728 14.795083046
0.999993503 -0.003413000 0.001182526 0.291246533 0.003406047 0.999977171 0.005833437 -0.582564831 -0.001202409 -0.005829371 0.999982238 15.202926636
0.999994516 -0.002646351 0.001998465 0.297362387 0.002634513 0.999979079 0.005903338 -0.602566838 -0.002014046 -0.005898041 0.999980509 15.628493309
0.999993503 -0.002068778 0.002927513 0.274837166 0.002049178 0.999975502 0.006682377 -0.620939136 -0.002941266 -0.006676336 0.999973357 16.138708115
0.999991357 -0.003691276 0.001928157 0.306205243 0.003679590 0.999975026 0.006029645 -0.627262950 -0.001950366 -0.006022498 0.999979913 16.593189240
0.999992311 -0.002796917 0.002746045 0.320933521 0.002779582 0.999976337 0.006296377 -0.653516829 -0.002763591 -0.006288696 0.999976397 17.034151077
0.999991059 -0.003481672 0.002417683 0.337116510 0.003465200 0.999970973 0.006784097 -0.667228937 -0.002441233 -0.006775658 0.999974072 17.489940643
0.999991953 -0.002330774 0.003251788 0.338143975 0.002308769 0.999974489 0.006754567 -0.674022257 -0.003267448 -0.006747006 0.999971867 17.973335266
0.999988496 -0.002723421 0.003955411 0.352884650 0.002696858 0.999973834 0.006705540 -0.681822538 -0.003973570 -0.006694795 0.999969721 18.435016632
0.999989867 -0.002396377 0.003813306 0.368947685 0.002367985 0.999969602 0.007432518 -0.702524126 -0.003831001 -0.007423412 0.999965072 18.896284103
0.999988198 -0.002272100 0.004274076 0.376446217 0.002238269 0.999966264 0.007903528 -0.713191330 -0.004291890 -0.007893870 0.999959588 19.408481598
0.999991477 -0.001964720 0.003612214 0.392458051 0.001934722 0.999963820 0.008289429 -0.737999082 -0.003628370 -0.008282370 0.999959171 19.900671005
0.999989152 -0.002676294 0.003801115 0.395220280 0.002646888 0.999966681 0.007720251 -0.750726700 -0.003821649 -0.007710106 0.999962986 20.358591080
0.999990106 -0.002533916 0.003643884 0.404448152 0.002505169 0.999965787 0.007872367 -0.765495300 -0.003663707 -0.007863160 0.999962389 20.860296249
0.999993145 -0.002055230 0.003088163 0.418078452 0.002028916 0.999961853 0.008499926 -0.790643454 -0.003105515 -0.008493602 0.999959052 21.388698578
0.999992669 -0.002396221 0.002980879 0.411938101 0.002372108 0.999964654 0.008066610 -0.782803297 -0.003000102 -0.008059481 0.999962986 21.908601761
0.999993145 -0.002861840 0.002341583 0.444479793 0.002840256 0.999953926 0.009169664 -0.809882224 -0.002367717 -0.009162951 0.999955237 22.370355606
0.999987841 -0.004776306 0.001326160 0.443195760 0.004764441 0.999949753 0.008811049 -0.807694256 -0.001368178 -0.008804622 0.999960244 22.905662537
0.999986947 -0.005070554 0.000693402 0.449762493 0.005063729 0.999942005 0.009512868 -0.829282522 -0.000741598 -0.009509233 0.999954462 23.428710938
0.999989212 -0.004583564 0.000731916 0.445902795 0.004576183 0.999941647 0.009785707 -0.843770564 -0.000776727 -0.009782252 0.999951839 23.986652374
0.999995589 -0.002971234 0.000130843 0.454737663 0.002969869 0.999951124 0.009423451 -0.848170578 -0.000158836 -0.009423019 0.999955595 24.568965912
0.999997616 -0.002127883 0.000269370 0.434107453 0.002125128 0.999949276 0.009844834 -0.866444588 -0.000290305 -0.009844240 0.999951482 25.034301758
0.999984920 -0.005226110 -0.001681096 0.457626313 0.005243138 0.999933302 0.010290012 -0.906614125 0.001627208 -0.010298673 0.999945641 25.435623169
0.999986112 -0.004754783 -0.002257074 0.462760597 0.004776507 0.999941349 0.009719205 -0.914797902 0.002210730 -0.009729852 0.999950230 25.975646973
0.999970853 -0.007062193 -0.002929970 0.481899172 0.007094251 0.999913454 0.011078883 -0.923631310 0.002851475 -0.011099342 0.999934375 26.527301788
0.999982178 -0.005421180 -0.002507997 0.438159108 0.005449681 0.999918997 0.011500062 -0.974269271 0.002445451 -0.011513525 0.999930680 27.069149017
0.999987423 -0.004230502 -0.002669510 0.461390853 0.004262389 0.999918282 0.012054449 -0.987988472 0.002618296 -0.012065678 0.999923706 27.690179825
0.999984086 -0.004952421 -0.002719749 0.450997055 0.004983666 0.999920249 0.011604059 -1.001945496 0.002662064 -0.011617429 0.999929011 28.234876633
0.999984920 -0.004320851 -0.003403769 0.471153259 0.004360336 0.999922216 0.011679504 -1.018267393 0.003353039 -0.011694169 0.999926031 28.799449921
0.999967873 -0.006407313 -0.004819206 0.513637960 0.006464326 0.999908209 0.011909048 -1.001998425 0.004742458 -0.011939819 0.999917448 29.309541702
0.999965429 -0.006726293 -0.004901705 0.521830618 0.006785961 0.999901831 0.012259750 -1.011800289 0.004818761 -0.012292589 0.999912798 29.854814529
0.999951422 -0.007576104 -0.006307643 0.586165547 0.007655803 0.999889970 0.012708471 -1.039272189 0.006210668 -0.012756143 0.999899328 30.371076584
0.999957502 -0.007305926 -0.005627188 0.496568620 0.007379073 0.999887109 0.013089690 -1.055610657 0.005530920 -0.013130657 0.999898434 31.009613037
0.999963224 -0.006126935 -0.006003122 0.546535194 0.006206473 0.999891996 0.013321781 -1.076638699 0.005920852 -0.013358549 0.999893188 31.396446228
0.999961019 -0.006273755 -0.006210093 0.558025479 0.006356046 0.999891102 0.013321535 -1.085874081 0.006125840 -0.013360487 0.999891937 31.944726944
0.999957860 -0.006610814 -0.006373871 0.557512760 0.006698073 0.999882758 0.013767352 -1.094297409 0.006282111 -0.013809464 0.999884903 32.441825867
0.999966919 -0.005716997 -0.005787164 0.529494762 0.005800812 0.999877036 0.014571344 -1.133889198 0.005703148 -0.014604432 0.999877095 32.936523438
0.999956965 -0.006724714 -0.006395610 0.532867074 0.006816532 0.999872446 0.014444611 -1.132518291 0.006297657 -0.014487583 0.999875247 33.537036896
0.999963284 -0.005843978 -0.006257903 0.543236136 0.005938318 0.999867380 0.015164481 -1.153805494 0.006168453 -0.015201089 0.999865413 34.082412720
0.999947369 -0.007662509 -0.006811217 0.556512654 0.007762335 0.999861062 0.014752631 -1.178983450 0.006697229 -0.014804726 0.999867916 34.678745270
0.999943912 -0.007768374 -0.007190798 0.567026973 0.007875618 0.999856353 0.015007808 -1.181579351 0.007073180 -0.015063599 0.999861479 35.224750519
0.999945581 -0.007487586 -0.007256689 0.566196799 0.007596248 0.999857724 0.015063973 -1.200690508 0.007142865 -0.015118279 0.999860168 35.767799377
0.999955475 -0.006710677 -0.006628307 0.557581961 0.006810303 0.999862432 0.015123814 -1.204017639 0.006525904 -0.015168284 0.999863684 36.299678802
0.999956965 -0.006124078 -0.006953540 0.591380596 0.006236865 0.999847472 0.016316097 -1.238431931 0.006852556 -0.016358767 0.999842763 36.844841003
0.999953926 -0.007278781 -0.006257716 0.577286541 0.007374078 0.999855101 0.015343014 -1.222691298 0.006145130 -0.015388453 0.999862731 37.427951813
0.999947011 -0.007251627 -0.007301034 0.586711526 0.007375755 0.999826252 0.017120488 -1.274379015 0.007175615 -0.017173432 0.999826789 37.997032166
0.999940097 -0.008571545 -0.006798406 0.585168719 0.008689413 0.999809027 0.017501764 -1.265659451 0.006647090 -0.017559791 0.999823749 38.524326324
0.999917924 -0.009893234 -0.008141346 0.603495359 0.010039110 0.999786258 0.018076507 -1.311530471 0.007960771 -0.018156756 0.999803424 39.092990875
0.999924123 -0.009365599 -0.008002924 0.576573253 0.009506867 0.999796391 0.017800003 -1.311035156 0.007834588 -0.017874734 0.999809563 39.563190460
0.999920070 -0.010055331 -0.007671582 0.575078845 0.010196818 0.999774456 0.018632350 -1.331831932 0.007482497 -0.018709086 0.999796987 40.098575592
0.999929368 -0.009108751 -0.007629113 0.571100712 0.009249547 0.999783754 0.018627821 -1.349766731 0.007457787 -0.018697074 0.999797404 40.681644440
0.999933839 -0.008424845 -0.007832442 0.596499085 0.008569586 0.999789655 0.018633505 -1.361084461 0.007673810 -0.018699393 0.999795735 41.219970703
0.999932706 -0.008580641 -0.007805613 0.588289618 0.008728595 0.999779105 0.019122263 -1.375046134 0.007639806 -0.019189112 0.999786735 41.747749329
0.999921024 -0.009559715 -0.008150639 0.598192692 0.009716748 0.999763668 0.019449487 -1.380010366 0.007962781 -0.019527148 0.999777615 42.307605743
0.999902725 -0.011234606 -0.008261395 0.586926937 0.011402057 0.999724627 0.020509303 -1.392631531 0.008028705 -0.020601502 0.999755561 42.831516266
0.999921620 -0.009723239 -0.007877005 0.625017226 0.009877291 0.999755979 0.019760262 -1.401293993 0.007682948 -0.019836517 0.999773741 43.388961792
0.999933302 -0.009303412 -0.006840000 0.586905599 0.009439043 0.999754012 0.020071611 -1.401112556 0.006651582 -0.020134833 0.999775171 43.843490601
0.999916434 -0.010286468 -0.007825817 0.600212991 0.010448161 0.999726772 0.020908920 -1.462644339 0.007608599 -0.020988941 0.999750674 44.389045715
0.999915361 -0.010461018 -0.007730821 0.606866956 0.010613454 0.999744773 0.019947320 -1.460987329 0.007520177 -0.020027682 0.999771118 44.950561523
0.999900818 -0.011084684 -0.008700001 0.624970794 0.011272683 0.999697387 0.021865932 -1.472759247 0.008454992 -0.021961832 0.999723017 45.467796326
0.999905944 -0.010817833 -0.008436693 0.624639690 0.011005975 0.999684453 0.022582324 -1.486248136 0.008189741 -0.022673054 0.999709368 45.973720551
0.999917746 -0.010345625 -0.007586796 0.587724090 0.010512334 0.999696672 0.022273211 -1.491574168 0.007354065 -0.022351131 0.999723196 46.560005188
0.999909639 -0.010857825 -0.007938800 0.615926683 0.011037319 0.999676228 0.022926811 -1.542063475 0.007687294 -0.023012361 0.999705613 47.147697449
0.999938011 -0.008330964 -0.007386226 0.613410354 0.008496185 0.999707878 0.022627011 -1.547997594 0.007195564 -0.022688363 0.999716699 47.611648560
0.999936461 -0.008753932 -0.007105136 0.618654490 0.008912880 0.999703646 0.022656303 -1.556580663 0.006904698 -0.022718187 0.999718130 48.149234772
0.999939144 -0.008585723 -0.006930091 0.622269273 0.008747807 0.999680638 0.023706898 -1.571600199 0.006724336 -0.023766076 0.999694943 48.694675446
0.999938428 -0.008506493 -0.007128166 0.639296889 0.008669321 0.999694824 0.023132360 -1.564363718 0.006929216 -0.023192734 0.999706984 49.250747681
0.999932826 -0.009316928 -0.006894174 0.619416237 0.009475110 0.999684036 0.023279030 -1.579826474 0.006675107 -0.023342792 0.999705195 49.820167542
0.999939859 -0.008551018 -0.006862795 0.608923018 0.008707422 0.999695361 0.023093274 -1.578440070 0.006663232 -0.023151640 0.999709785 50.360317230
0.999934077 -0.008613070 -0.007592628 0.644911885 0.008787395 0.999691427 0.023233430 -1.578689575 0.007390173 -0.023298621 0.999701202 50.844398499
0.999931276 -0.008579358 -0.007986963 0.643867254 0.008765155 0.999684751 0.023525637 -1.585093498 0.007782612 -0.023594027 0.999691308 51.383632660
0.999934912 -0.008328716 -0.007797744 0.654783666 0.008505037 0.999702513 0.022858573 -1.580291271 0.007605040 -0.022923406 0.999708354 51.927505493
0.999929130 -0.009211036 -0.007543633 0.668681324 0.009389688 0.999667823 0.024000142 -1.586354017 0.007320061 -0.024069276 0.999683499 52.480941772
0.999934912 -0.008630856 -0.007461273 0.629315674 0.008808399 0.999670744 0.024099233 -1.617787004 0.007250820 -0.024163378 0.999681711 52.937328339
0.999939620 -0.008462868 -0.007008497 0.631748438 0.008631582 0.999664903 0.024403183 -1.626397371 0.006799628 -0.024462204 0.999677598 53.458534241
0.999937296 -0.008743618 -0.007002233 0.611586213 0.008911015 0.999666393 0.024242977 -1.623649955 0.006787926 -0.024303852 0.999681473 53.986263275
0.999930084 -0.008805086 -0.007889457 0.661771059 0.008991702 0.999672890 0.023938918 -1.630945444 0.007676093 -0.024008183 0.999682248 54.536022186
0.999948144 -0.007377050 -0.007024682 0.631303787 0.007543354 0.999684691 0.023949645 -1.621053457 0.006845789 -0.024001392 0.999688447 55.041145325
0.999938667 -0.008904526 -0.006587851 0.597167969 0.009070726 0.999629974 0.025643988 -1.689487457 0.006357066 -0.025702173 0.999649346 55.498741150
0.999939263 -0.009075758 -0.006253025 0.607040882 0.009230175 0.999641657 0.025125129 -1.695647240 0.006022756 -0.025181318 0.999664724 56.047939301
0.999934852 -0.009675618 -0.006053031 0.614867210 0.009825933 0.999631226 0.025317151 -1.686362028 0.005805841 -0.025374981 0.999661207 56.611095428
0.999942720 -0.008906089 -0.005936468 0.611385047 0.009053848 0.999637723 0.025346033 -1.700834870 0.005708583 -0.025398329 0.999661088 57.161266327
0.999955952 -0.007864621 -0.005112180 0.605016708 0.007993106 0.999639869 0.025618829 -1.704157948 0.004908856 -0.025658567 0.999658763 57.744335175
0.999941707 -0.008510325 -0.006645846 0.625502825 0.008682131 0.999617279 0.026265528 -1.720364571 0.006419773 -0.026321696 0.999632895 58.056453705
0.999942780 -0.008412916 -0.006608820 0.635109425 0.008583843 0.999617875 0.026275476 -1.726840973 0.006385241 -0.026330702 0.999632895 58.600799561
0.999934137 -0.009302915 -0.006731052 0.654337943 0.009471869 0.999629378 0.025520239 -1.718592644 0.006491145 -0.025582314 0.999651611 59.151527405
0.999953091 -0.007536227 -0.006082820 0.633818209 0.007694297 0.999621987 0.026395345 -1.721439838 0.005881599 -0.026440911 0.999633133 59.679702759
0.999945760 -0.008298114 -0.006293523 0.643186569 0.008463102 0.999608874 0.026658647 -1.741980314 0.006069845 -0.026710467 0.999624789 60.120346069
0.999942839 -0.008157181 -0.006913065 0.678206682 0.008340019 0.999604821 0.026845463 -1.754293680 0.006691349 -0.026901582 0.999615669 60.630332947
0.999944270 -0.008307552 -0.006505830 0.658845663 0.008481179 0.999595881 0.027131468 -1.748037338 0.006277805 -0.027185136 0.999610722 61.163906097
0.999944329 -0.008327629 -0.006484297 0.673552990 0.008498761 0.999603987 0.026827244 -1.738437653 0.006258322 -0.026880860 0.999619007 61.703308105
0.999939203 -0.008569738 -0.006939824 0.685169816 0.008750718 0.999611080 0.026482699 -1.718684316 0.006710173 -0.026541824 0.999625206 62.153011322
0.999938130 -0.008792469 -0.006814918 0.691583395 0.008969318 0.999612033 0.026369419 -1.725118637 0.006580420 -0.026428916 0.999629080 62.701335907
0.999937892 -0.008874399 -0.006746384 0.691906750 0.009048028 0.999616861 0.026157122 -1.736625791 0.006511671 -0.026216537 0.999635100 63.254859924
0.999940574 -0.008542161 -0.006771431 0.707143784 0.008715888 0.999622464 0.026055712 -1.734348774 0.006546304 -0.026113184 0.999637604 63.797393799
0.999941647 -0.008285576 -0.006930611 0.739266455 0.008463224 0.999625921 0.026008507 -1.723004580 0.006712522 -0.026065644 0.999637723 64.298835754
0.999929845 -0.009410177 -0.007196810 0.703976154 0.009603366 0.999581218 0.027297599 -1.761552572 0.006936919 -0.027364792 0.999601424 64.733650208
0.999929011 -0.009312028 -0.007444923 0.755168676 0.009510327 0.999588609 0.027059220 -1.761986494 0.007189882 -0.027128102 0.999606073 65.300697327
0.999926686 -0.009321651 -0.007734465 0.781220257 0.009527269 0.999590397 0.026987989 -1.759181619 0.007479724 -0.027059697 0.999605834 65.849014282
0.999932289 -0.009385921 -0.006888436 0.757228613 0.009567106 0.999596179 0.026758911 -1.743261337 0.006634497 -0.026822995 0.999618232 66.367988586
0.999934852 -0.009121279 -0.006849804 0.728879809 0.009306519 0.999577880 0.027516663 -1.762911916 0.006595925 -0.027578618 0.999597967 66.800918579
0.999935687 -0.009303331 -0.006478402 0.732295811 0.009478691 0.999574482 0.027585316 -1.757415056 0.006219009 -0.027644953 0.999598444 67.352058411
0.999935210 -0.009437305 -0.006369239 0.745466530 0.009606493 0.999587178 0.027077237 -1.759991288 0.006111073 -0.027136670 0.999613047 67.905761719
0.999947309 -0.007770359 -0.006710647 0.739019632 0.007948700 0.999604523 0.026971277 -1.757221103 0.006498415 -0.027023194 0.999613702 68.394790649
0.999940276 -0.008448440 -0.006944523 0.754271984 0.008632689 0.999599636 0.026944323 -1.762734771 0.006714106 -0.027002664 0.999612808 68.933990479
0.999945462 -0.007700532 -0.007067435 0.782566309 0.007888877 0.999603748 0.027020359 -1.768642664 0.006856564 -0.027074637 0.999609947 69.450271606
0.999956191 -0.006093137 -0.007105774 0.861739755 0.006285549 0.999605358 0.027377894 -1.790300012 0.006936153 -0.027421363 0.999599874 69.881629944
0.999950349 -0.007159638 -0.006931999 0.856344223 0.007346592 0.999599338 0.027330941 -1.796990275 0.006733543 -0.027380511 0.999602377 70.428886414
0.999931693 -0.009193921 -0.007216026 0.836291432 0.009389597 0.999575794 0.027568454 -1.792733431 0.006959504 -0.027634325 0.999593794 70.945465088
0.999938190 -0.008620933 -0.007018652 0.847336173 0.008811056 0.999582231 0.027523804 -1.793719053 0.006778439 -0.027583947 0.999596477 71.489837646
0.999952078 -0.007632643 -0.006111555 0.843617916 0.007795389 0.999603331 0.027063634 -1.790924788 0.005902562 -0.027109981 0.999615014 72.040054321
0.999943376 -0.008259511 -0.006703692 0.853856564 0.008436306 0.999605477 0.026787736 -1.776030302 0.006479795 -0.026842769 0.999618649 72.580116272
0.999907911 -0.010981401 -0.007967751 0.855251193 0.011189713 0.999583721 0.026588632 -1.771333337 0.007672456 -0.026675340 0.999614656 73.191070557
0.999935567 -0.008923894 -0.007004831 0.855195284 0.009112887 0.999582231 0.027429136 -1.787624598 0.006757129 -0.027491204 0.999599218 73.535415649
0.999933422 -0.008744110 -0.007520474 0.858005047 0.008950683 0.999571025 0.027887879 -1.792949677 0.007273392 -0.027953340 0.999582767 74.057411194
0.999929667 -0.009106510 -0.007598024 0.883437276 0.009315423 0.999566495 0.027929088 -1.799992800 0.007340393 -0.027997898 0.999581039 74.579315186
0.999940574 -0.008255405 -0.007116714 0.876986027 0.008447884 0.999587417 0.027454117 -1.799244642 0.006887134 -0.027512604 0.999597728 75.172859192
0.999929488 -0.009681630 -0.006874911 0.874883950 0.009870206 0.999560654 0.027947087 -1.801880121 0.006601317 -0.028012969 0.999585748 75.600837708
0.999922097 -0.009917734 -0.007571965 0.886919796 0.010123647 0.999566078 0.027658271 -1.795755625 0.007294374 -0.027732771 0.999588728 76.158630371
0.999931216 -0.009288978 -0.007154264 0.890146852 0.009484826 0.999567151 0.027845791 -1.807283401 0.006892510 -0.027911726 0.999586642 76.722167969
0.999931276 -0.009480303 -0.006890883 0.898926973 0.009669372 0.999562681 0.027942659 -1.790004969 0.006622965 -0.028007371 0.999585748 77.169944763
0.999931216 -0.009250523 -0.007208494 0.908081591 0.009448656 0.999564469 0.027954830 -1.791881800 0.006946758 -0.028021021 0.999583185 77.728836060
0.999914825 -0.010496903 -0.007773017 0.957409203 0.010708458 0.999558985 0.027694527 -1.792295694 0.007478881 -0.027775399 0.999586225 78.294013977
0.999940634 -0.009201893 -0.005838203 0.933999240 0.009362835 0.999559343 0.028166244 -1.813220263 0.005576446 -0.028219230 0.999586225 78.782852173
0.999949336 -0.009199992 -0.004086006 0.931014180 0.009310647 0.999566138 0.027942661 -1.819769621 0.003827161 -0.027979286 0.999601126 79.343078613
0.999953210 -0.009055111 -0.003402140 0.945775270 0.009145780 0.999575853 0.027654443 -1.819306374 0.003150283 -0.027684264 0.999611795 79.879158020
0.999953270 -0.009289072 -0.002693528 0.961208463 0.009361080 0.999561787 0.028082222 -1.814922094 0.002431491 -0.028106123 0.999602020 80.437683105
0.999957800 -0.009143133 0.000897497 0.946831405 0.009114292 0.999563217 0.028113015 -1.807584286 -0.001154146 -0.028103651 0.999604285 80.913719177
0.999942064 -0.009825649 0.004389653 0.964671850 0.009699618 0.999564767 0.027864082 -1.791452408 -0.004661524 -0.027819892 0.999602079 81.452842712
0.999930143 -0.009016394 0.007648567 0.993771434 0.008796653 0.999561012 0.028292613 -1.803261042 -0.007900307 -0.028223358 0.999570370 81.971122742
0.999895632 -0.009169550 0.011162633 1.021718025 0.008851861 0.999563575 0.028184285 -1.795249462 -0.011416200 -0.028082531 0.999540389 82.513442993
0.999818563 -0.007363822 0.017565917 1.049683094 0.006851273 0.999554157 0.029062435 -1.838886738 -0.017772093 -0.028936813 0.999423206 83.008102417
0.999676287 -0.008107924 0.024116369 1.032598615 0.007405830 0.999550223 0.029060956 -1.837684870 -0.024341151 -0.028872946 0.999286592 83.565864563
0.999531865 -0.007418904 0.029683210 1.073515534 0.006548422 0.999548674 0.029316295 -1.842345953 -0.029887307 -0.029108191 0.999129295 84.084007263
0.999208629 -0.007115709 0.039135586 1.080917835 0.005975494 0.999556422 0.029175192 -1.820035696 -0.039325826 -0.028918248 0.998807788 84.681900024
0.998874962 -0.006528540 0.046969950 1.155527115 0.005156213 0.999557972 0.029279195 -1.834848404 -0.047140338 -0.029004069 0.998467028 85.193237305
0.998515129 -0.007711652 0.053925253 1.187038898 0.006136246 0.999551237 0.029319417 -1.827736855 -0.054127157 -0.028944988 0.998114347 85.704322815
0.998048842 -0.007193323 0.062022761 1.301978588 0.005386175 0.999557495 0.029254982 -1.857963085 -0.062205743 -0.028863840 0.997645855 86.244018555
0.997363508 -0.009048472 0.072000444 1.308123112 0.006907742 0.999528229 0.029925834 -1.847614527 -0.072237268 -0.029349571 0.996955574 86.745414734
0.996691525 -0.009371199 0.080735214 1.373394489 0.007016534 0.999543130 0.029399781 -1.835979700 -0.080973819 -0.028736025 0.996301889 87.306892395
0.996001124 -0.009289665 0.088857040 1.402958393 0.006725485 0.999553502 0.029113365 -1.826378584 -0.089087814 -0.028399333 0.995618820 87.942947388
0.995118260 -0.010133271 0.098167576 1.523075104 0.007265630 0.999537587 0.029525282 -1.854890347 -0.098421365 -0.028667899 0.994731843 88.480995178
0.993886709 -0.007719436 0.110134013 1.577194214 0.004391074 0.999527276 0.030431615 -1.854107618 -0.110316858 -0.029761976 0.993450642 88.926551819
0.992766678 -0.008772333 0.119738802 1.641146660 0.005100523 0.999508321 0.030937269 -1.868531704 -0.119951323 -0.030102754 0.992323279 89.343994141
0.991333902 -0.006727316 0.131194070 1.685221672 0.002684745 0.999516964 0.030966239 -1.805723190 -0.131338969 -0.030345656 0.990872979 90.072441101
0.989685595 -0.007262452 0.143072620 1.790326118 0.002914428 0.999528229 0.030576486 -1.801917315 -0.143227190 -0.029844131 0.989239752 90.616996765
0.988082767 -0.007943828 0.153718024 1.904828072 0.003237237 0.999518991 0.030844459 -1.801267147 -0.153889075 -0.029979257 0.987633348 91.152748108
0.986534894 -0.006720556 0.163412690 2.007389069 0.001576188 0.999499679 0.031590134 -1.808241129 -0.163543224 -0.030907203 0.986051917 91.700263977
0.984470785 -0.007259021 0.175398514 2.122162819 0.001828328 0.999514520 0.031103801 -1.805624485 -0.175539136 -0.030300103 0.984006107 92.210395813
0.982271075 -0.008977505 0.187251240 2.272142410 0.003170112 0.999505281 0.031290349 -1.812159538 -0.187439501 -0.030141994 0.981813669 92.745513916
0.980149090 -0.009505088 0.198033482 2.440663338 0.003303524 0.999494433 0.031622604 -1.820126057 -0.198233902 -0.030340664 0.979684949 93.316734314
0.977080643 -0.006912151 0.212757543 2.561561584 0.000101633 0.999487698 0.032005001 -1.819873095 -0.212869778 -0.031249847 0.976580679 93.896720886
0.973998129 -0.007373830 0.226435989 2.700269699 0.000468113 0.999533594 0.030536002 -1.797781467 -0.226555541 -0.029636009 0.973547280 94.448516846
0.971693277 -0.009190820 0.236067086 2.898611069 0.001818389 0.999504387 0.031428985 -1.834602833 -0.236238927 -0.030110065 0.971228361 94.865592957
0.968688846 -0.009190579 0.248107553 3.116333008 0.001466799 0.999509037 0.031297691 -1.789901257 -0.248273402 -0.029953798 0.968226790 95.446289062
0.964408398 -0.008010841 0.264295787 3.189422607 -0.000337245 0.999502897 0.031525653 -1.785370350 -0.264416993 -0.030492734 0.963926256 96.208770752
0.960726202 -0.008080283 0.277380407 3.361524582 -0.000680711 0.999504268 0.031473942 -1.785725594 -0.277497232 -0.030426655 0.960244536 96.735809326
0.957822263 -0.010043554 0.287185580 3.563724518 0.000917280 0.999490857 0.031895220 -1.792836905 -0.287359655 -0.030286526 0.957343757 97.241462708
0.953302145 -0.007943839 0.301913559 3.745368958 -0.001983298 0.999467909 0.032559965 -1.802447557 -0.302011549 -0.031638265 0.952779114 97.813766479
0.948807836 -0.008999365 0.315725684 3.976203918 -0.001169305 0.999487162 0.032003082 -1.786306620 -0.315851748 -0.030733952 0.948310614 98.354682922
0.944710672 -0.009149630 0.327777475 4.138689041 -0.001480675 0.999481499 0.032167230 -1.779422998 -0.327901840 -0.030874055 0.944207132 98.814605713
0.940181971 -0.009882944 0.340529174 4.407909393 -0.000919256 0.999502003 0.031545870 -1.768176794 -0.340671301 -0.029971892 0.939704537 99.567810059
0.935062468 -0.009110316 0.354365885 4.631336212 -0.002299061 0.999492884 0.031762253 -1.764531136 -0.354475498 -0.030514400 0.934567153 100.086685181
0.930212021 -0.009851082 0.366890490 4.856639862 -0.002008840 0.999488175 0.031929657 -1.769572258 -0.367017239 -0.030438369 0.929715991 100.603103638
0.925262332 -0.009035226 0.379220396 5.078725815 -0.003390564 0.999479353 0.032086052 -1.774969578 -0.379312813 -0.030973785 0.924749970 101.119766235
0.920261741 -0.012012347 0.391119033 5.345180511 -0.000775449 0.999470830 0.032521054 -1.793244123 -0.391302705 -0.030231174 0.919765294 101.534339905
0.914691687 -0.012278532 0.403965861 5.581703186 -0.001313391 0.999442756 0.033351921 -1.822313070 -0.404150337 -0.031037286 0.914165854 101.970390320
0.909402251 -0.011968657 0.415745407 5.789596558 -0.001595390 0.999478161 0.032263163 -1.768565416 -0.415914655 -0.030003471 0.908908606 102.517890930
0.903843880 -0.012251830 0.427686960 6.049053192 -0.001812715 0.999471426 0.032462440 -1.770052910 -0.427858591 -0.030116256 0.903343856 103.005210876
0.897308528 -0.011590407 0.441251516 6.309913635 -0.003136762 0.999462426 0.032631777 -1.777374506 -0.441392601 -0.030664876 0.896789908 103.494117737
0.891097188 -0.012284746 0.453646302 6.575267792 -0.002860076 0.999461651 0.032683481 -1.772099733 -0.453803599 -0.030421620 0.890582263 103.982917786
0.885421216 -0.012032720 0.464633703 6.864017487 -0.003311581 0.999476194 0.032194309 -1.761569262 -0.464777708 -0.030044192 0.884917498 104.488952637
0.878112793 -0.012888853 0.478280067 7.158203125 -0.002684498 0.999488771 0.031863239 -1.750928164 -0.478446156 -0.029263463 0.877629161 105.026351929
