1.000000000 0.000000000 0.000000000 0.000000000 0.000000000 1.000000000 0.000000000 0.000000000 0.000000000 0.000000000 1.000000000 0.000000000
1.000000000 0.000049490 -0.000034977 0.000242497 -0.000049485 1.000000000 0.000139457 -0.000366657 0.000034984 -0.000139456 1.000000000 -0.000013723
0.999999940 0.000208159 -0.000128824 0.001017644 -0.000208142 0.999999940 0.000129730 -0.000476466 0.000128851 -0.000129703 1.000000000 -0.000997596
0.999999940 0.000251616 0.000014751 -0.000375189 -0.000251617 0.999999940 0.000121360 -0.000564502 -0.000014720 -0.000121364 1.000000000 0.000502375
1.000000000 0.000083033 -0.000022617 -0.000407582 -0.000083033 1.000000000 -0.000011428 0.000591407 0.000022616 0.000011430 1.000000000 -0.000186301
1.000000000 0.000032196 -0.000017197 -0.000601338 -0.000032195 1.000000000 0.000057387 -0.000573601 0.000017199 -0.000057387 1.000000000 -0.000909152
1.000000000 0.000048855 -0.000021131 0.000750956 -0.000048853 1.000000000 0.000107196 -0.000812712 0.000021136 -0.000107195 1.000000000 -0.001207030
1.000000000 0.000150610 0.000067210 -0.000036287 -0.000150620 1.000000000 0.000148895 -0.000375731 -0.000067188 -0.000148905 1.000000000 0.000658676
1.000000000 -0.000042067 0.000138230 -0.000147681 0.000042061 1.000000000 0.000043316 -0.000295608 -0.000138232 -0.000043310 1.000000000 -0.001312376
1.000000000 -0.000072473 -0.000012923 0.001015943 0.000072475 1.000000000 0.000117152 0.000168204 0.000012915 -0.000117153 1.000000000 -0.000086337
1.000000000 0.000162900 -0.000007313 0.000120233 -0.000162899 1.000000000 0.000048634 -0.000341253 0.000007321 -0.000048633 1.000000000 -0.000927730
1.000000000 0.000190717 0.000012889 0.000264750 -0.000190716 1.000000000 -0.000047884 0.001485326 -0.000012898 0.000047882 1.000000000 0.001302369
1.000000000 -0.000174461 -0.000050215 0.000679248 0.000174465 1.000000000 0.000066866 0.000159291 0.000050203 -0.000066874 1.000000000 0.000456118
1.000000000 0.000005049 -0.000021323 0.000723341 -0.000005048 1.000000000 0.000054753 -0.000325377 0.000021324 -0.000054753 1.000000000 -0.001472445
1.000000000 -0.000051695 -0.000034983 0.000694972 0.000051697 1.000000000 0.000075960 0.000272982 0.000034979 -0.000075962 1.000000000 0.000462595
1.000000000 -0.000151456 -0.000148969 0.001157600 0.000151481 1.000000000 0.000166397 -0.000974644 0.000148944 -0.000166419 1.000000000 -0.000693528
1.000000000 0.000090749 0.000128373 -0.000771789 -0.000090764 1.000000000 0.000115689 -0.000316481 -0.000128362 -0.000115700 1.000000000 -0.000263544
1.000000000 0.000132756 -0.000010592 0.000163722 -0.000132755 1.000000000 0.000050391 -0.000002006 0.000010599 -0.000050390 1.000000000 -0.000603884
1.000000000 -0.000037898 0.000090304 0.000126386 0.000037891 1.000000000 0.000075666 -0.000235577 -0.000090307 -0.000075663 1.000000000 0.000185870
1.000000000 -0.000000628 -0.000008668 0.000693156 0.000000629 1.000000000 0.000053112 -0.000293683 0.000008668 -0.000053112 1.000000000 -0.000967812
1.000000000 0.000196579 0.000056947 -0.000322487 -0.000196580 1.000000000 0.000023791 -0.000421786 -0.000056942 -0.000023802 1.000000000 -0.001037173
1.000000000 0.000192594 -0.000032971 0.000322226 -0.000192591 1.000000000 0.000080384 -0.000080071 0.000032986 -0.000080378 1.000000000 -0.000451314
1.000000000 -0.000029038 0.000088339 0.000676848 0.000029032 1.000000000 0.000072079 -0.000333980 -0.000088341 -0.000072077 1.000000000 0.000435656
0.999999940 0.000300177 0.000029233 0.000433699 -0.000300181 0.999999940 0.000142842 0.000033505 -0.000029190 -0.000142851 1.000000000 0.000794286
1.000000000 0.000155142 -0.000004201 0.000679303 -0.000155142 1.000000000 -0.000065072 0.000795747 0.000004191 0.000065073 1.000000000 -0.000751847
1.000000000 0.000183646 -0.000027796 0.000701456 -0.000183652 0.999999940 -0.000201099 0.001898912 0.000027760 0.000201104 1.000000000 -0.001384391
1.000000000 0.000138407 -0.000063267 0.000508701 -0.000138406 1.000000000 0.000023885 0.000084389 0.000063271 -0.000023877 1.000000000 -0.001166648
1.000000000 0.000087563 0.000000434 0.000605712 -0.000087563 0.999999940 0.000228029 -0.000243699 -0.000000414 -0.000228029 1.000000000 0.001413235
1.000000000 -0.000053770 -0.000042867 0.000405913 0.000053780 1.000000000 0.000237803 -0.000697746 0.000042854 -0.000237805 1.000000000 0.000687957
1.000000000 -0.000079364 -0.000064060 0.001120274 0.000079373 1.000000000 0.000135357 0.000313794 0.000064049 -0.000135362 1.000000000 0.001632998
1.000000000 0.000074315 0.000031025 -0.000103354 -0.000074321 1.000000000 0.000204574 -0.000846548 -0.000031010 -0.000204577 1.000000000 -0.000104094
1.000000000 -0.000105673 -0.000054121 0.000655061 0.000105670 1.000000000 -0.000040445 0.000610174 0.000054125 0.000040439 1.000000000 -0.000705489
1.000000000 -0.000126783 -0.000040747 0.000609752 0.000126784 1.000000000 0.000006167 0.000005591 0.000040746 -0.000006172 1.000000000 -0.000069527
1.000000000 -0.000066142 0.000003139 0.000576243 0.000066142 1.000000000 0.000089768 -0.000383780 -0.000003145 -0.000089768 1.000000000 -0.000645983
1.000000000 0.000085460 0.000045046 -0.000305969 -0.000085462 1.000000000 0.000043609 -0.000273689 -0.000045042 -0.000043613 1.000000000 -0.000843511
1.000000000 0.000151037 -0.000024036 -0.000200119 -0.000151035 1.000000000 0.000087367 0.000291541 0.000024050 -0.000087363 1.000000000 0.001734784
1.000000000 -0.000199901 -0.000099241 0.001309681 0.000199906 1.000000000 0.000053788 0.000039868 0.000099230 -0.000053808 1.000000000 0.000247823
1.000000000 0.000056584 0.000023590 -0.000151213 -0.000056588 1.000000000 0.000171933 -0.000270557 -0.000023580 -0.000171935 1.000000000 0.000262150
1.000000000 -0.000164740 -0.000022491 0.001272179 0.000164741 1.000000000 0.000055553 0.000361865 0.000022482 -0.000055556 1.000000000 -0.000795277
1.000000000 -0.000142018 0.000134021 0.000012015 0.000142023 1.000000000 -0.000030052 0.000611944 -0.000134017 0.000030071 1.000000000 0.001774379
0.999992013 0.002656044 0.002983729 -0.022211984 -0.002648525 0.999993324 -0.002520945 0.013283160 -0.002990404 0.002513022 0.999992371 0.052330971
0.999991775 0.002932284 0.002825611 -0.020672124 -0.002923225 0.999990642 -0.003205042 0.011236580 -0.002834982 0.003196755 0.999990880 0.138374344
0.999991953 0.003023484 0.002670847 -0.017852096 -0.003014325 0.999989629 -0.003426511 0.007465527 -0.002681179 0.003418433 0.999990582 0.255425453
0.999992073 0.003240359 0.002297683 -0.015675940 -0.003230659 0.999985933 -0.004212726 0.010598252 -0.002311301 0.004205270 0.999988496 0.395490289
0.999991953 0.003338676 0.002254820 -0.012325419 -0.003328902 0.999985158 -0.004324909 0.006187900 -0.002269226 0.004317368 0.999988139 0.533685565
0.999990225 0.003777637 0.002323437 -0.009246346 -0.003767337 0.999983191 -0.004421518 0.003701871 -0.002340101 0.004412722 0.999987483 0.690036535
0.999994218 0.002794188 0.001949223 -0.000306843 -0.002786911 0.999989092 -0.003725883 -0.002118477 -0.001959613 0.003720429 0.999991179 0.849946737
0.999993861 0.002865264 0.002004544 0.001077485 -0.002859198 0.999991298 -0.003022885 -0.009631373 -0.002013187 0.003017135 0.999993443 1.020460725
0.999992311 0.003133646 0.002333511 0.004734381 -0.003125572 0.999989152 -0.003455389 -0.010912018 -0.002344314 0.003448069 0.999991238 1.201158285
0.999995053 0.002735626 0.001558476 0.016274715 -0.002731054 0.999991953 -0.002928506 -0.017877962 -0.001566475 0.002924235 0.999994457 1.390040874
0.999993384 0.003137769 0.001908973 0.017511815 -0.003132406 0.999991179 -0.002805547 -0.023923574 -0.001917759 0.002799549 0.999994218 1.574679136
0.999996543 0.002106403 0.001570096 0.024453258 -0.002101192 0.999992430 -0.003313398 -0.018969797 -0.001577064 0.003310089 0.999993265 1.780817986
0.999996781 0.002022057 0.001506672 0.029286506 -0.002017289 0.999992967 -0.003158919 -0.028348241 -0.001513048 0.003155869 0.999993861 1.977246165
0.999989986 0.003671887 0.002564952 0.019048400 -0.003663196 0.999987543 -0.003384915 -0.034321617 -0.002577349 0.003375485 0.999991000 2.199231863
0.999989986 0.004045518 0.001910909 0.029316857 -0.004039370 0.999986649 -0.003210058 -0.038408749 -0.001923870 0.003202308 0.999992967 2.416314125
0.999987960 0.004072964 0.002720375 0.020765295 -0.004065583 0.999988019 -0.002712952 -0.063590094 -0.002731392 0.002701859 0.999992609 2.624819756
0.999988198 0.004171583 0.002475248 0.028399117 -0.004164441 0.999987185 -0.002883371 -0.066927582 -0.002487244 0.002873030 0.999992728 2.864214659
0.999992967 0.003281435 0.001793966 0.037190370 -0.003276319 0.999990582 -0.002847066 -0.071161032 -0.001803291 0.002841168 0.999994338 3.088035583
0.999993384 0.002961301 0.002117942 0.039770685 -0.002955283 0.999991536 -0.002839119 -0.078566484 -0.002126332 0.002832841 0.999993742 3.340221167
0.999991715 0.003505028 0.002073529 0.043034676 -0.003499186 0.999989867 -0.002814412 -0.085489824 -0.002083373 0.002807133 0.999993861 3.590717077
0.999994218 0.002910728 0.001781370 0.048847470 -0.002905997 0.999992251 -0.002653003 -0.094844274 -0.001789079 0.002647811 0.999994874 3.838144541
0.999993503 0.003152071 0.001707817 0.061524983 -0.003146100 0.999988973 -0.003487571 -0.092693754 -0.001718791 0.003482175 0.999992490 4.106711864
0.999988496 0.004357060 0.001996053 0.063277066 -0.004352873 0.999988317 -0.002097395 -0.110667750 -0.002005168 0.002088682 0.999995768 4.348440170
0.999992907 0.003269900 0.001856511 0.073235303 -0.003264941 0.999991059 -0.002668017 -0.110998258 -0.001865218 0.002661936 0.999994636 4.606848240
0.999993145 0.002949401 0.002245858 0.076618925 -0.002944164 0.999992967 -0.002331760 -0.120621078 -0.002252719 0.002325132 0.999994695 4.861698627
0.999993801 0.003179900 0.001592743 0.090389073 -0.003176688 0.999992907 -0.002015798 -0.137185246 -0.001599142 0.002010726 0.999996722 5.141185284
0.999994338 0.003093631 0.001363744 0.101131171 -0.003090223 0.999992073 -0.002494805 -0.139197230 -0.001371451 0.002490576 0.999996006 5.420178413
0.999995828 0.002521847 0.001400098 0.098933727 -0.002518639 0.999994218 -0.002288578 -0.150127411 -0.001405862 0.002285042 0.999996424 5.656006336
0.999997020 0.002132402 0.001142954 0.106569685 -0.002130429 0.999996245 -0.001725077 -0.165396467 -0.001146628 0.001722637 0.999997914 5.924569607
0.999994338 0.003020047 0.001557754 0.107535630 -0.003016624 0.999993026 -0.002195698 -0.172407150 -0.001564374 0.002190986 0.999996305 6.223873615
0.999993145 0.003212464 0.001874873 0.108356453 -0.003208347 0.999992430 -0.002194737 -0.178870156 -0.001881909 0.002188706 0.999995828 6.506046295
0.999997914 0.001548699 0.001341230 0.119814046 -0.001546470 0.999997437 -0.001661255 -0.215910509 -0.001343799 0.001659178 0.999997735 6.806107521
0.999997497 0.001450733 0.001720335 0.125095934 -0.001448773 0.999998391 -0.001139704 -0.231006294 -0.001721986 0.001137209 0.999997914 7.094645023
0.999994993 0.002656522 0.001669217 0.142028570 -0.002654014 0.999995351 -0.001502874 -0.219593391 -0.001673202 0.001498437 0.999997497 7.391897202
0.999994218 0.003088642 0.001415333 0.149668396 -0.003086968 0.999994516 -0.001183487 -0.231553540 -0.001418981 0.001179111 0.999998271 7.688001633
0.999993265 0.003193893 0.001802923 0.144641742 -0.003192093 0.999994397 -0.001000326 -0.246547908 -0.001806108 0.000994564 0.999997854 7.993193150
0.999994218 0.002687609 0.002085160 0.159667805 -0.002684396 0.999995232 -0.001542118 -0.248362198 -0.002089294 0.001536511 0.999996662 8.310976028
0.999994338 0.003001860 0.001517581 0.166371316 -0.002999823 0.999994576 -0.001342590 -0.256994456 -0.001521603 0.001338030 0.999997973 8.645088196
0.999991417 0.003247392 0.002581463 0.162573099 -0.003244451 0.999994099 -0.001142509 -0.270685941 -0.002585158 0.001134124 0.999996006 8.972074509
0.999988556 0.003916016 0.002743117 0.169975966 -0.003912886 0.999991834 -0.001145322 -0.279766381 -0.002747580 0.001134576 0.999995530 9.311215401
0.999992549 0.003023454 0.002395011 0.170359984 -0.003020692 0.999994755 -0.001155769 -0.294301510 -0.002398493 0.001148525 0.999996483 9.660298347
0.999990046 0.003427567 0.002853657 0.173468530 -0.003422808 0.999992788 -0.001670598 -0.298357338 -0.002859362 0.001660814 0.999994516 10.007733345
0.999992907 0.003134325 0.002099467 0.200544491 -0.003132836 0.999994934 -0.000711946 -0.323012918 -0.002101687 0.000705364 0.999997497 10.353349686
0.999992073 0.003217177 0.002325916 0.190329820 -0.003215952 0.999994695 -0.000530456 -0.344020814 -0.002327610 0.000522972 0.999997079 10.719627380
0.999989688 0.003578046 0.002801526 0.189643443 -0.003576471 0.999993503 -0.000567123 -0.354148269 -0.002803536 0.000557098 0.999995887 11.065098763
0.999990165 0.003470594 0.002753399 0.207132861 -0.003471078 0.999993980 0.000171175 -0.382707179 -0.002752789 -0.000180731 0.999996185 11.433603287
0.999991417 0.003316357 0.002468197 0.221993238 -0.003317236 0.999994457 0.000352297 -0.397254288 -0.002467016 -0.000360482 0.999996901 11.841171265
0.999988139 0.003553395 0.003338961 0.201036677 -0.003558028 0.999992728 0.001382591 -0.433150202 -0.003334024 -0.001394455 0.999993443 12.208256721
0.999987543 0.004144107 0.002767228 0.228003353 -0.004146846 0.999990940 0.000985326 -0.426582754 -0.002763120 -0.000996789 0.999995708 12.592561722
0.999988258 0.003956055 0.002773507 0.232665941 -0.003958571 0.999991894 0.000902369 -0.445142031 -0.002769914 -0.000913338 0.999995768 12.999143600
0.999987662 0.004176982 0.002735721 0.248337477 -0.004179463 0.999990880 0.000901655 -0.455395222 -0.002731930 -0.000913077 0.999995828 13.423514366
0.999991298 0.003096342 0.002846660 0.260104775 -0.003098349 0.999994934 0.000700788 -0.464890331 -0.002844476 -0.000709602 0.999995708 13.831068039
0.999985993 0.004504365 0.002773295 0.269080579 -0.004503757 0.999989808 -0.000225702 -0.465720415 -0.002774283 0.000213208 0.999996126 14.250645638
0.999991059 0.003160122 0.002803216 0.278606832 -0.003162243 0.999994814 0.000752597 -0.489315480 -0.002800823 -0.000761455 0.999995768 14.650001526
0.999988616 0.003801812 0.002871030 0.290624678 -0.003802671 0.999992669 0.000294022 -0.501257956 -0.002869891 -0.000304937 0.999995828 15.080454826
0.999991775 0.002650508 0.003074083 0.308787346 -0.002651394 0.999996424 0.000284134 -0.510850847 -0.003073319 -0.000292282 0.999995232 15.516321182
0.999982595 0.004478066 0.003840364 0.317866921 -0.004480098 0.999989808 0.000520821 -0.520081401 -0.003837993 -0.000538017 0.999992490 15.961123466
0.999986351 0.003586035 0.003803293 0.327891916 -0.003589455 0.999993145 0.000892907 -0.532954514 -0.003800065 -0.000906547 0.999992371 16.419990540
0.999989450 0.002715783 0.003712438 0.344064683 -0.002721492 0.999995112 0.001533588 -0.554664433 -0.003708254 -0.001543675 0.999991894 16.856616974
0.999983251 0.003286977 0.004747601 0.342094094 -0.003290388 0.999994338 0.000710622 -0.560662806 -0.004745238 -0.000726232 0.999988496 17.293880463
0.999980986 0.004014546 0.004675505 0.360456049 -0.004022687 0.999990404 0.001733226 -0.581970870 -0.004668503 -0.001752001 0.999987543 17.766639709
0.999979258 0.004056726 0.004993327 0.372575343 -0.004065274 0.999990284 0.001703052 -0.596370041 -0.004986370 -0.001723316 0.999986053 18.234235764
0.999980628 0.003796251 0.004938236 0.396867990 -0.003801063 0.999992251 0.000965403 -0.604923010 -0.004934533 -0.000984155 0.999987364 18.704454422
0.999978900 0.003814049 0.005261600 0.406494856 -0.003820632 0.999991953 0.001241695 -0.624025285 -0.005256822 -0.001261772 0.999985397 19.165151596
0.999988079 0.003106043 0.003762596 0.435843974 -0.003110761 0.999994397 0.001248710 -0.631674528 -0.003758696 -0.001260399 0.999992132 19.656017303
0.999994159 0.001460976 0.003082387 0.455460459 -0.001467018 0.999996960 0.001958819 -0.657952785 -0.003079516 -0.001963329 0.999993324 20.133171082
0.999987781 0.002728250 0.004119121 0.446018457 -0.002732794 0.999995649 0.001097807 -0.666046739 -0.004116109 -0.001109051 0.999990880 20.618101120
0.999985933 0.003443968 0.004030183 0.462177426 -0.003454200 0.999990821 0.002534672 -0.706271112 -0.004021417 -0.002548557 0.999988616 21.083499908
0.999988139 0.002577951 0.004138139 0.460173726 -0.002582228 0.999996126 0.001028493 -0.694979727 -0.004135471 -0.001039166 0.999990880 21.618343353
0.999987423 0.002542600 0.004318168 0.469291747 -0.002552945 0.999993801 0.002391955 -0.724751472 -0.004312060 -0.002402949 0.999987781 22.112014771
0.999995172 0.002127788 0.002266522 0.497120768 -0.002133913 0.999994040 0.002703132 -0.737571239 -0.002260757 -0.002707956 0.999993801 22.624340057
0.999991179 0.003511183 0.002311608 0.514215291 -0.003518210 0.999989212 0.003042540 -0.759330094 -0.002300901 -0.003050646 0.999992728 23.139102936
0.999993324 0.003069478 0.001980301 0.517383933 -0.003075354 0.999991000 0.002971866 -0.775291681 -0.001971161 -0.002977937 0.999993622 23.667251587
0.999999583 0.000746084 0.000319230 0.545757592 -0.000746856 0.999996781 0.002424457 -0.788516819 -0.000317420 -0.002424695 0.999997020 24.213455200
0.999994636 0.003235583 0.000664359 0.525080740 -0.003237506 0.999990523 0.002914138 -0.794236898 -0.000654923 -0.002916273 0.999995530 24.752922058
0.999996424 0.002566071 0.000779545 0.521838069 -0.002567871 0.999994040 0.002317651 -0.803431094 -0.000773593 -0.002319645 0.999997020 25.299303055
0.999996185 0.002676364 -0.000585352 0.552081227 -0.002674751 0.999992669 0.002740172 -0.825145602 0.000592681 -0.002738597 0.999996066 25.823606491
0.999994814 0.002998919 -0.001192252 0.566120565 -0.002995673 0.999991834 0.002714918 -0.846248090 0.001200384 -0.002711332 0.999995589 26.358379364
0.999995053 0.002779264 -0.001488129 0.571889699 -0.002773284 0.999988139 0.004005879 -0.865150928 0.001499244 -0.004001732 0.999990821 26.908237457
0.999995053 0.002565443 -0.001825914 0.584204674 -0.002557903 0.999988258 0.004119780 -0.884214997 0.001836461 -0.004115089 0.999989867 27.446210861
0.999989688 0.004251406 -0.001601105 0.584394872 -0.004246096 0.999985456 0.003306043 -0.877994061 0.001615137 -0.003299210 0.999993265 28.016750336
0.999991775 0.003682259 -0.001704393 0.581125915 -0.003674243 0.999982297 0.004682596 -0.919831514 0.001721606 -0.004676295 0.999987602 28.530035019
0.999989510 0.004138906 -0.001953047 0.599412382 -0.004130053 0.999981225 0.004515787 -0.932717562 0.001971701 -0.004507673 0.999987900 29.070394516
0.999988675 0.003821662 -0.002832329 0.615145266 -0.003809543 0.999983549 0.004271644 -0.941570461 0.002848607 -0.004260805 0.999986887 29.613868713
0.999987423 0.004181579 -0.002773110 0.610608935 -0.004171341 0.999984622 0.003687281 -0.950198174 0.002788486 -0.003675668 0.999989331 30.165679932
0.999985695 0.004736799 -0.002472776 0.618911624 -0.004723694 0.999974906 0.005278897 -0.977409124 0.002497719 -0.005267141 0.999983013 30.703212738
0.999987006 0.004352643 -0.002652952 0.629359245 -0.004342580 0.999983370 0.003787139 -0.978040636 0.002669392 -0.003775570 0.999989331 31.243453979
0.999982774 0.004383120 -0.003898089 0.642645419 -0.004363505 0.999977827 0.005026192 -1.003438354 0.003920033 -0.005009096 0.999979794 31.783172607
0.999985754 0.003411454 -0.004106217 0.660351992 -0.003390732 0.999981523 0.005042895 -1.014363289 0.004123345 -0.005028901 0.999978781 32.297935486
0.999983191 0.003734272 -0.004461688 0.666238308 -0.003710820 0.999979436 0.005253014 -1.027082920 0.004481212 -0.005236369 0.999976218 32.849922180
0.999982893 0.004380212 -0.003863393 0.670430422 -0.004361741 0.999979019 0.004776401 -1.037161589 0.003884234 -0.004759469 0.999981046 33.412857056
0.999984682 0.003147998 -0.004552552 0.680926561 -0.003127399 0.999984980 0.004524691 -1.048079610 0.004566727 -0.004510384 0.999979377 33.925743103
0.999978900 0.004880860 -0.004308566 0.678418100 -0.004858267 0.999974430 0.005238788 -1.064838052 0.004334026 -0.005217744 0.999976993 34.471015930
0.999979079 0.004273665 -0.004854342 0.696105361 -0.004250561 0.999979615 0.004759788 -1.080592275 0.004874586 -0.004739055 0.999976873 34.985187531
0.999979079 0.004698377 -0.004440423 0.695138693 -0.004677346 0.999977767 0.004735007 -1.086244106 0.004462570 -0.004714139 0.999978960 35.539203644
0.999978602 0.004015308 -0.005165504 0.712208033 -0.003990050 0.999980092 0.004890925 -1.101269722 0.005185040 -0.004870208 0.999974728 36.086978912
0.999980211 0.004640616 -0.004252537 0.702990353 -0.004619176 0.999976754 0.005037683 -1.119918227 0.004275815 -0.005017940 0.999978185 36.627349854
0.999979973 0.003925446 -0.004949315 0.726652920 -0.003906707 0.999985099 0.003790060 -1.114845514 0.004964119 -0.003770649 0.999980509 37.199890137
0.999975443 0.005179469 -0.004723379 0.725881398 -0.005157665 0.999976039 0.004616684 -1.138583422 0.004747177 -0.004592209 0.999978125 37.744678497
0.999977708 0.005010226 -0.004410978 0.726244032 -0.004986094 0.999972641 0.005465065 -1.159813166 0.004438238 -0.005442950 0.999975324 38.275894165
0.999976933 0.005254565 -0.004309419 0.735041618 -0.005231353 0.999971867 0.005380101 -1.170111299 0.004337567 -0.005357433 0.999976218 38.825714111
0.999978364 0.004299545 -0.004971855 0.747930288 -0.004273172 0.999976814 0.005303034 -1.180480957 0.004994540 -0.005281674 0.999973595 39.381378174
0.999978483 0.004426251 -0.004837538 0.759811759 -0.004397988 0.999973297 0.005837615 -1.197727680 0.004863247 -0.005816215 0.999971271 39.900047302
0.999975801 0.004548657 -0.005262441 0.771798551 -0.004523069 0.999977946 0.004864023 -1.202772856 0.005284449 -0.004840103 0.999974310 40.456306458
0.999970675 0.005066185 -0.005728724 0.777124584 -0.005039099 0.999976099 0.004732500 -1.209270597 0.005752563 -0.004703494 0.999972403 41.003250122
0.999975502 0.003572413 -0.006021944 0.799776912 -0.003544108 0.999982655 0.004704387 -1.223146796 0.006038647 -0.004682930 0.999970794 41.556838989
0.999969661 0.004497205 -0.006364599 0.809441686 -0.004475486 0.999984145 0.003422573 -1.217260838 0.006379890 -0.003393984 0.999973893 42.122879028
0.999962211 0.004728651 -0.007297753 0.834653437 -0.004698391 0.999980330 0.004157981 -1.236799955 0.007317271 -0.004123536 0.999964714 42.667118073
0.999964595 0.005050641 -0.006732537 0.828971207 -0.005025058 0.999980092 0.003811529 -1.237135410 0.006751654 -0.003777563 0.999970078 43.207225800
0.999962389 0.005805524 -0.006440866 0.820540249 -0.005784326 0.999977827 0.003304884 -1.244463325 0.006459909 -0.003267505 0.999973774 43.766693115
0.999968231 0.004981135 -0.006221044 0.827567816 -0.004960988 0.999982417 0.003249765 -1.261169553 0.006237123 -0.003218800 0.999975383 44.299983978
0.999965966 0.005389465 -0.006251122 0.829983473 -0.005368568 0.999979973 0.003354896 -1.277873039 0.006269077 -0.003321222 0.999974847 44.826499939
0.999966383 0.005379986 -0.006179824 0.833747387 -0.005361425 0.999981046 0.003016178 -1.282899499 0.006195934 -0.002982944 0.999976277 45.369743347
0.999967396 0.004949135 -0.006380630 0.848233223 -0.004931218 0.999983847 0.002820660 -1.289186716 0.006394487 -0.002789104 0.999975622 45.932121277
0.999967694 0.004668809 -0.006538885 0.853411078 -0.004644591 0.999982297 0.003713921 -1.319969773 0.006556109 -0.003683431 0.999971747 46.466854095
0.999964356 0.005699020 -0.006233527 0.859757304 -0.005680742 0.999979496 0.002946086 -1.319935560 0.006250189 -0.002910570 0.999976218 47.016777039
0.999965787 0.004586508 -0.006874234 0.865064502 -0.004566456 0.999985218 0.002929798 -1.331635952 0.006887569 -0.002898307 0.999972045 47.550231934
0.999965012 0.004500852 -0.007070738 0.873657942 -0.004476812 0.999984086 0.003411983 -1.349752903 0.007085983 -0.003380209 0.999969125 48.089748383
0.999965012 0.004087687 -0.007302304 0.885609984 -0.004064749 0.999986708 0.003153486 -1.362814307 0.007315097 -0.003123693 0.999968290 48.645137787
0.999966621 0.004167291 -0.007031452 0.887458801 -0.004144340 0.999986053 0.003275439 -1.374475002 0.007045003 -0.003246189 0.999969900 49.178760529
0.999966323 0.004157860 -0.007076609 0.897942781 -0.004137502 0.999987185 0.002889156 -1.383398652 0.007088532 -0.002859779 0.999970794 49.735816956
0.999965250 0.004664102 -0.006923380 0.897779584 -0.004643996 0.999984980 0.002917423 -1.399080396 0.006936884 -0.002885169 0.999971807 50.280513763
0.999965608 0.004761710 -0.006789198 0.903447866 -0.004741562 0.999984324 0.002980692 -1.415556550 0.006803285 -0.002948398 0.999972522 50.817703247
0.999969661 0.004287401 -0.006505763 0.908088803 -0.004264812 0.999984860 0.003482009 -1.434633017 0.006520594 -0.003454157 0.999972701 51.357292175
0.999965012 0.005036733 -0.006665462 0.913620353 -0.005019753 0.999984145 0.002561781 -1.442983747 0.006678259 -0.002528232 0.999974489 51.896392822
0.999971688 0.003802262 -0.006495565 0.925163269 -0.003781112 0.999987543 0.003265231 -1.468574405 0.006507900 -0.003240578 0.999973536 52.430812836
0.999970078 0.004601770 -0.006217204 0.923850656 -0.004583091 0.999984920 0.003015386 -1.477554202 0.006230986 -0.002986802 0.999976099 52.966590881
0.999969482 0.005469352 -0.005575097 0.914316893 -0.005451919 0.999980211 0.003137429 -1.497809768 0.005592146 -0.003106938 0.999979556 53.479156494
0.999972165 0.004415679 -0.005999499 0.924424708 -0.004396725 0.999985278 0.003168800 -1.512055755 0.006013403 -0.003142334 0.999976993 53.994575500
0.999966860 0.005918868 -0.005591940 0.929326773 -0.005899334 0.999976575 0.003503144 -1.522177696 0.005612544 -0.003470040 0.999978185 54.535324097
0.999971449 0.004816544 -0.005817798 0.948076785 -0.004793757 0.999980807 0.003924469 -1.548309803 0.005836589 -0.003896468 0.999975383 55.105480194
0.999971092 0.004612723 -0.006046962 0.956053674 -0.004593083 0.999984145 0.003257818 -1.556503057 0.006061894 -0.003229950 0.999976337 55.658931732
0.999975145 0.004504764 -0.005418619 0.951553464 -0.004483439 0.999982178 0.003941316 -1.577791572 0.005436277 -0.003916924 0.999977529 56.182743073
0.999974668 0.004616045 -0.005438597 0.958439112 -0.004596559 0.999983013 0.003589987 -1.588839650 0.005455078 -0.003564897 0.999978781 56.733283997
0.999971390 0.004755156 -0.005874956 0.976482749 -0.004731091 0.999980390 0.004103466 -1.600025773 0.005894353 -0.004075554 0.999974310 57.302192688
0.999970257 0.004667553 -0.006137467 0.983153939 -0.004644288 0.999981999 0.003799370 -1.612807989 0.006155091 -0.003770754 0.999973953 57.847919464
0.999968648 0.005479163 -0.005714742 0.983827412 -0.005457665 0.999978006 0.003770769 -1.627119184 0.005735278 -0.003739462 0.999976575 58.378093719
0.999972880 0.005289569 -0.005125314 0.988357782 -0.005272506 0.999980450 0.003336947 -1.635326862 0.005142866 -0.003309834 0.999981225 58.906089783
0.999970019 0.005615272 -0.005329641 1.000617981 -0.005600459 0.999980450 0.002790166 -1.647239327 0.005345204 -0.002760234 0.999981880 59.455711365
0.999969184 0.005773932 -0.005320901 1.004482269 -0.005755809 0.999977589 0.003415048 -1.668178797 0.005340500 -0.003384318 0.999980032 60.001556396
0.999973118 0.005110194 -0.005245737 1.006994843 -0.005094267 0.999982417 0.003044963 -1.670271039 0.005261206 -0.003018157 0.999981523 60.536304474
0.999976158 0.005382764 -0.004317917 1.012501359 -0.005366439 0.999978423 0.003783332 -1.696592569 0.004338188 -0.003760070 0.999983549 61.079624176
0.999974370 0.005565387 -0.004505944 1.019447446 -0.005552968 0.999980688 0.002763754 -1.693862915 0.004521239 -0.002738662 0.999986053 61.634071350
0.999976158 0.004823644 -0.004963966 1.023602366 -0.004805826 0.999981999 0.003595341 -1.719766140 0.004981219 -0.003571399 0.999981225 62.175991058
0.999972641 0.005483263 -0.004958102 1.047279716 -0.005469404 0.999981105 0.002804456 -1.730836868 0.004973385 -0.002777261 0.999983788 62.745521545
0.999972761 0.005603347 -0.004802977 1.050954819 -0.005588835 0.999979794 0.003029602 -1.740861773 0.004819857 -0.003002677 0.999983788 63.279781342
0.999970853 0.005883948 -0.004862220 1.055372715 -0.005870145 0.999978721 0.002848472 -1.755515695 0.004878877 -0.002819847 0.999984145 63.821235657
0.999978662 0.004648838 -0.004593764 1.065326929 -0.004633546 0.999983728 0.003333796 -1.768746614 0.004609187 -0.003312439 0.999983907 64.364944458
0.999972045 0.005474965 -0.005090667 1.075416327 -0.005455926 0.999978244 0.003746492 -1.788311839 0.005111068 -0.003718612 0.999980032 64.882720947
0.999972939 0.005650907 -0.004708403 1.078515768 -0.005631409 0.999975502 0.004144066 -1.802855730 0.004731705 -0.004117439 0.999980330 65.430198669
0.999974906 0.005191028 -0.004815787 1.085271478 -0.005173605 0.999980032 0.003623209 -1.811286926 0.004834499 -0.003598203 0.999981821 65.986679077
0.999975860 0.005152417 -0.004659326 1.093628645 -0.005134104 0.999979019 0.003933949 -1.832973719 0.004679498 -0.003909932 0.999981403 66.534500122
0.999975860 0.005504454 -0.004220012 1.099524021 -0.005484936 0.999974251 0.004622778 -1.855080366 0.004245350 -0.004599521 0.999980330 67.071380615
0.999978006 0.005332159 -0.003967449 1.103085279 -0.005313812 0.999975204 0.004620956 -1.862547755 0.003991991 -0.004599771 0.999981463 67.620368958
0.999977171 0.005076508 -0.004460768 1.115632653 -0.005056944 0.999977589 0.004386240 -1.880587578 0.004482935 -0.004363582 0.999980450 68.166740417
0.999974787 0.005849082 -0.004024984 1.116074324 -0.005833483 0.999975443 0.003876560 -1.888760924 0.004047561 -0.003852983 0.999984324 68.716918945
0.999971092 0.006768347 -0.003470168 1.116318226 -0.006752332 0.999966621 0.004606073 -1.905331016 0.003501227 -0.004582508 0.999983311 69.255722046
0.999970675 0.006971700 -0.003152984 1.118985415 -0.006960531 0.999969661 0.003539086 -1.907261133 0.003177561 -0.003517037 0.999988735 69.814941406
0.999973536 0.006666293 -0.002914918 1.124825954 -0.006653981 0.999969006 0.004213772 -1.926530600 0.002942918 -0.004194264 0.999986887 70.325233459
0.999966383 0.007666783 -0.002912665 1.134177089 -0.007656559 0.999964535 0.003505219 -1.928359270 0.002939436 -0.003482800 0.999989629 70.888343811
0.999972165 0.007068236 -0.002396718 1.144039869 -0.007060732 0.999970198 0.003125474 -1.938591242 0.002418738 -0.003108464 0.999992251 71.421722412
0.999960542 0.008420613 -0.002812543 1.144278646 -0.008410092 0.999957681 0.003731664 -1.949553013 0.002843847 -0.003707865 0.999989092 71.983474731
0.999969304 0.007638224 -0.001748523 1.131879210 -0.007632771 0.999966025 0.003104004 -1.950986505 0.001772172 -0.003090563 0.999993682 72.501678467
0.999975979 0.006787039 -0.001367011 1.143374562 -0.006781320 0.999968410 0.004145748 -1.987504244 0.001395105 -0.004136378 0.999990404 73.056335449
0.999976933 0.006561362 -0.001757575 1.145683050 -0.006555114 0.999972403 0.003537451 -1.982365847 0.001780737 -0.003525849 0.999992192 73.630905151
0.999971986 0.007336477 -0.001478724 1.150989056 -0.007330795 0.999965966 0.003811092 -2.001729965 0.001506634 -0.003800144 0.999991596 74.126350403
0.999971986 0.007077188 -0.002440823 1.173916578 -0.007067764 0.999967575 0.003848369 -2.012716055 0.002467979 -0.003831010 0.999989629 74.668571472
0.999974191 0.006610414 -0.002790553 1.179664493 -0.006601651 0.999973297 0.003138417 -2.021769524 0.002811224 -0.003119914 0.999991179 75.201103210
0.999978065 0.006291805 -0.002069833 1.187303066 -0.006284120 0.999973416 0.003699248 -2.042319536 0.002093053 -0.003686160 0.999991000 75.740997314
0.999969065 0.007506765 -0.002354860 1.200741768 -0.007499435 0.999966979 0.003105971 -2.046455860 0.002378098 -0.003088214 0.999992430 76.288261414
0.999979138 0.005818760 -0.002813990 1.219791174 -0.005810848 0.999979138 0.002811734 -2.064064264 0.002830293 -0.002795324 0.999992013 76.836311340
0.999980807 0.005913808 -0.001841236 1.221420765 -0.005908589 0.999978483 0.002827434 -2.075581789 0.001857917 -0.002816500 0.999994278 77.397270203
0.999979556 0.005839075 -0.002597653 1.236934900 -0.005830810 0.999977946 0.003177984 -2.087693214 0.002616152 -0.003162773 0.999991596 77.896461487
0.999978125 0.006214169 -0.002228395 1.238611341 -0.006208143 0.999977112 0.002700017 -2.098408461 0.002245122 -0.002686124 0.999993861 78.477264404
0.999979138 0.006048398 -0.002271419 1.254180431 -0.006040107 0.999975145 0.003639380 -2.117772579 0.002293375 -0.003625585 0.999990821 79.030273438
0.999978840 0.005958178 -0.002607729 1.263469934 -0.005951362 0.999978900 0.002613981 -2.126915693 0.002623249 -0.002598407 0.999993205 79.578582764
0.999979019 0.006248324 -0.001699948 1.270965815 -0.006244053 0.999977350 0.002505484 -2.141614199 0.001715564 -0.002494817 0.999995410 80.109245300
0.999980807 0.006178430 -0.000264979 1.278392315 -0.006177982 0.999979496 0.001662333 -2.138916731 0.000275244 -0.001660664 0.999998569 80.671844482
0.999977410 0.006709573 0.000648603 1.302146316 -0.006711281 0.999973953 0.002664032 -2.171434402 -0.000630711 -0.002668324 0.999996245 81.197555542
0.999973774 0.006704573 0.002784211 1.292262077 -0.006709731 0.999975801 0.001846753 -2.171853542 -0.002771762 -0.001865386 0.999994397 81.755012512
0.999967217 0.006753294 0.004448729 1.309008121 -0.006762827 0.999974847 0.002131190 -2.192349195 -0.004434224 -0.002161206 0.999987841 82.296005249
0.999935091 0.007262593 0.008772159 1.314050198 -0.007270461 0.999973178 0.000865419 -2.190124273 -0.008765638 -0.000929140 0.999961138 82.854003906
0.999897718 0.006878502 0.012550421 1.336268425 -0.006908351 0.999973416 0.002336512 -2.216941833 -0.012534017 -0.002422975 0.999918520 83.380470276
0.999831438 0.007395044 0.016800525 1.346226454 -0.007419537 0.999971509 0.001396082 -2.231606245 -0.016789723 -0.001520499 0.999857903 83.940544128
0.999728739 0.008532707 0.021672195 1.369382620 -0.008577659 0.999961376 0.001982021 -2.248834133 -0.021654444 -0.002167380 0.999763191 84.499305725
0.999578595 0.008842505 0.027648671 1.402995229 -0.008898664 0.999958575 0.001908733 -2.260967731 -0.027630648 -0.002153965 0.999615908 85.038177490
0.999407828 0.008997638 0.033212282 1.433825850 -0.009073861 0.999956489 0.002145047 -2.281532049 -0.033191551 -0.002445140 0.999445975 85.591590881
0.999200523 0.008570385 0.039048854 1.472637773 -0.008644658 0.999961138 0.001733549 -2.291926146 -0.039032470 -0.002069726 0.999235809 86.142883301
0.998819292 0.008909372 0.047756106 1.508764267 -0.009014035 0.999957442 0.001976696 -2.304272175 -0.047736458 -0.002404837 0.998857081 86.713104248
0.998401821 0.008798722 0.055824827 1.559308290 -0.008871021 0.999960065 0.001047413 -2.319676638 -0.055813383 -0.001540962 0.998440027 87.250648499
0.997960746 0.008878392 0.063210115 1.601181269 -0.008986672 0.999958515 0.001428935 -2.333053589 -0.063194811 -0.001994069 0.997999191 87.801773071
0.997308791 0.009299349 0.072723441 1.650825500 -0.009431719 0.999954402 0.001476975 -2.348817348 -0.072706394 -0.002158907 0.997351050 88.342102051
0.996523082 0.008397368 0.082892977 1.714204311 -0.008488570 0.999963701 0.000747865 -2.355491161 -0.082883693 -0.001448908 0.996558130 88.888946533
0.995792568 0.008290818 0.091259912 1.777424335 -0.008388032 0.999964535 0.000681729 -2.368698835 -0.091251031 -0.001444352 0.995826900 89.436965942
0.994924545 0.009003001 0.100219607 1.841698170 -0.009091815 0.999958575 0.000429486 -2.381263018 -0.100211583 -0.001338485 0.994965255 89.985778809
0.993808627 0.008273501 0.110797018 1.925224304 -0.008419968 0.999964178 0.000854104 -2.399181128 -0.110785984 -0.001781723 0.993842661 90.518424988
0.992571354 0.007282939 0.121445730 2.013041496 -0.007401994 0.999972403 0.000529211 -2.414220095 -0.121438533 -0.001424221 0.992597938 91.077774048
0.991460204 0.007557648 0.130190298 2.107035637 -0.007650227 0.999970675 0.000210982 -2.422380686 -0.130184889 -0.001205166 0.991488993 91.646675110
0.989951849 0.008040055 0.141175643 2.203544617 -0.008163241 0.999966621 0.000293467 -2.438836098 -0.141168550 -0.001442969 0.989984453 92.177207947
0.988200188 0.007344951 0.152992576 2.316074371 -0.007387131 0.999972641 -0.000292745 -2.451329708 -0.152990595 -0.000840885 0.988227308 92.735656738
0.986416280 0.007000726 0.164115414 2.420620918 -0.007119516 0.999974668 0.000135638 -2.470761299 -0.164110288 -0.001302218 0.986441255 93.275947571
0.984644115 0.006616843 0.174447909 2.536201477 -0.006700243 0.999977529 -0.000110848 -2.480693579 -0.174444750 -0.001059698 0.984666407 93.818504333
0.982253134 0.006449412 0.187449098 2.658871651 -0.006620523 0.999978065 0.000286786 -2.501240015 -0.187443137 -0.001522707 0.982274294 94.350006104
0.979781449 0.006885126 0.199952111 2.790510178 -0.006938815 0.999975860 -0.000432283 -2.506385803 -0.199950278 -0.000963888 0.979805589 94.884399414
0.977524579 0.006924191 0.210707873 2.917131424 -0.007140013 0.999974489 0.000263512 -2.531026602 -0.210700676 -0.001762046 0.977549016 95.413475037
0.974739432 0.006430445 0.223252326 3.072669983 -0.006577494 0.999978304 -0.000084931 -2.543565989 -0.223248079 -0.001385655 0.974760652 95.945205688
0.971552610 0.006657900 0.236730218 3.222568512 -0.006760661 0.999976993 -0.000377677 -2.558308125 -0.236727297 -0.001233521 0.971575260 96.479354858
0.968724012 0.006062456 0.248066515 3.362131119 -0.006308494 0.999980092 0.000196937 -2.583050013 -0.248060420 -0.001755703 0.968742967 96.995109558
0.965618670 0.006078169 0.259891510 3.531414032 -0.006375191 0.999979615 0.000299966 -2.606273890 -0.259884477 -0.001946511 0.965637684 97.508987427
0.961706519 0.006203954 0.274011135 3.699659348 -0.006410915 0.999979436 -0.000140169 -2.600880861 -0.274006307 -0.001621859 0.961726546 98.038002014
0.958054900 0.006807534 0.286503822 3.888038635 -0.006913372 0.999975920 -0.000642151 -2.609086037 -0.286501288 -0.001365492 0.958078861 98.551437378
0.954660833 0.005856341 0.297638029 4.070053101 -0.005997426 0.999981940 -0.000439210 -2.624364376 -0.297635227 -0.001365766 0.954678714 99.072296143
0.950336277 0.005377200 0.311178237 4.257972717 -0.005387499 0.999985278 -0.000826487 -2.630645275 -0.311178029 -0.000891032 0.950351179 99.586425781
0.946213961 0.005059598 0.323502302 4.474235535 -0.004756843 0.999987185 -0.001726547 -2.644200563 -0.323507011 0.000094833 0.946225703 100.076515198
0.941560268 0.005661650 0.336796939 4.644905090 -0.005690464 0.999983430 -0.000901555 -2.669710875 -0.336796373 -0.001067662 0.941576898 100.588394165
0.936763227 0.006330727 0.349906564 4.861753464 -0.006109232 0.999979913 -0.001736734 -2.678741217 -0.349910468 -0.000510752 0.936783016 101.119003296
0.931678295 0.004296509 0.363258988 5.090007782 -0.004332219 0.999990344 -0.000716383 -2.707005739 -0.363258511 -0.000906280 0.931687951 101.595741272
0.927196443 0.005247485 0.374538660 5.336408615 -0.005321369 0.999985456 -0.000836910 -2.723081112 -0.374537617 -0.001217078 0.927210927 102.113151550
0.922749460 0.003122460 0.385387748 5.572559357 -0.002827317 0.999995112 -0.001332523 -2.732127905 -0.385389954 0.000139971 0.922753751 102.564743042
0.916586399 0.003796175 0.399818718 5.821090698 -0.003003696 0.999992013 -0.002608677 -2.719992876 -0.399825394 0.001190145 0.916590571 103.092330933
0.911113501 0.004028170 0.412135720 6.063507080 -0.003735156 0.999991834 -0.001516464 -2.749871969 -0.412138492 -0.000157720 0.911121130 103.509078979
0.905708492 0.004211334 0.423879981 6.311424255 -0.004060031 0.999990940 -0.001260000 -2.772662878 -0.423881441 -0.000579774 0.905717432 104.007316589
0.899357140 0.004334076 0.437193274 6.560825348 -0.004003531 0.999990582 -0.001677586 -2.792042732 -0.437196374 -0.000241567 0.899366021 104.491867065
0.892748117 0.004231364 0.450536191 6.819545746 -0.004050322 0.999990880 -0.001365943 -2.805478573 -0.450537860 -0.000605373 0.892757118 104.948013306
0.886360228 0.004265048 0.462976605 7.079311371 -0.004188114 0.999990463 -0.001194080 -2.824575424 -0.462977350 -0.000880614 0.886369705 105.426284790
0.880560577 0.004217181 0.473914891 7.353321075 -0.003930108 0.999991000 -0.001596161 -2.836751461 -0.473917365 -0.000457020 0.880569220 105.896369934
0.873528361 0.002345570 0.486767709 7.630496979 -0.001911902 0.999997199 -0.001387649 -2.850216866 -0.486769557 0.000281499 0.873530507 106.357826233
0.866773307 0.002129574 0.498697758 7.927978516 -0.001667681 0.999997675 -0.001371710 -2.867310047 -0.498699576 0.000357293 0.866774917 106.809112549
