1.000000000 0.000000000 0.000000000 0.000000000 0.000000000 1.000000000 0.000000000 0.000000000 0.000000000 0.000000000 1.000000000 0.000000000
1.000000000 0.000021741 -0.000021743 0.000422746 -0.000021742 1.000000000 -0.000040052 0.000813154 0.000021743 0.000040052 1.000000000 0.000481283
1.000000000 0.000000073 0.000044125 -0.000085036 -0.000000074 1.000000000 0.000043125 0.000027050 -0.000044125 -0.000043125 1.000000000 0.000099547
1.000000000 -0.000082337 0.000024539 0.000021114 0.000082338 1.000000000 -0.000031094 0.000828826 -0.000024536 0.000031096 1.000000000 0.000234629
1.000000000 -0.000121770 0.000043114 -0.000140196 0.000121769 1.000000000 0.000031726 -0.000173805 -0.000043118 -0.000031721 1.000000000 -0.000624913
1.000000000 0.000016118 0.000124624 -0.000494065 -0.000016112 1.000000000 -0.000050155 0.000959627 -0.000124624 0.000050153 1.000000000 0.000096907
1.000000000 -0.000110365 0.000060334 0.000233043 0.000110367 1.000000000 -0.000032487 0.000604731 -0.000060330 0.000032494 1.000000000 0.000242867
1.000000000 -0.000001121 0.000070832 -0.000590757 0.000001115 1.000000000 0.000086395 -0.000042430 -0.000070832 -0.000086395 1.000000000 0.000024013
1.000000000 -0.000025858 -0.000009610 -0.000792142 0.000025858 1.000000000 -0.000069534 -0.000047151 0.000009611 0.000069533 1.000000000 -0.000824929
1.000000000 -0.000054502 0.000078221 -0.000130143 0.000054499 1.000000000 0.000036702 -0.000654103 -0.000078223 -0.000036698 1.000000000 -0.000246448
1.000000000 0.000071638 0.000053130 -0.000837739 -0.000071641 1.000000000 0.000056672 -0.000895027 -0.000053126 -0.000056676 1.000000000 -0.000627636
1.000000000 -0.000041367 0.000070118 -0.001106127 0.000041364 1.000000000 0.000039674 -0.000467640 -0.000070119 -0.000039671 1.000000000 -0.001077157
1.000000000 0.000049550 0.000031909 -0.000851881 -0.000049548 1.000000000 -0.000071391 -0.000314363 -0.000031912 0.000071390 1.000000000 -0.001391511
1.000000000 0.000045643 0.000069796 -0.001128915 -0.000045641 1.000000000 -0.000024960 0.000604394 -0.000069797 0.000024956 1.000000000 0.000667958
1.000000000 0.000029442 0.000047328 -0.000959723 -0.000029436 1.000000000 -0.000115950 0.001239573 -0.000047331 0.000115948 1.000000000 0.000865628
1.000000000 -0.000010013 -0.000032506 0.000367625 0.000010011 1.000000000 -0.000080502 0.001264031 0.000032506 0.000080502 1.000000000 0.001236928
1.000000000 0.000089802 0.000104909 -0.000992702 -0.000089786 1.000000000 -0.000155823 0.002302756 -0.000104923 0.000155813 1.000000000 0.002553344
1.000000000 0.000157255 0.000083485 -0.001322822 -0.000157242 1.000000000 -0.000162340 0.001884564 -0.000083510 0.000162326 1.000000000 0.001622415
1.000000000 0.000162265 0.000146352 -0.001387956 -0.000162251 1.000000000 -0.000093610 0.002074590 -0.000146367 0.000093586 1.000000000 0.002480497
1.000000000 0.000109722 0.000155537 -0.001369517 -0.000109707 1.000000000 -0.000092343 0.001077151 -0.000155548 0.000092326 1.000000000 0.001345185
1.000000000 0.000004278 0.000070644 -0.001096857 -0.000004276 1.000000000 -0.000030075 0.000401760 -0.000070644 0.000030075 1.000000000 0.000863617
1.000000000 0.000147294 0.000044741 -0.000753656 -0.000147293 1.000000000 -0.000020066 0.001243333 -0.000044743 0.000020059 1.000000000 0.000912955
1.000000000 0.000076653 0.000001260 -0.000578631 -0.000076653 1.000000000 -0.000077726 0.001402968 -0.000001266 0.000077726 1.000000000 0.002362105
1.000000000 0.000087609 0.000063949 -0.001067328 -0.000087604 1.000000000 -0.000078393 0.001817128 -0.000063955 0.000078388 1.000000000 0.002417610
0.999999940 0.000362277 0.000044409 -0.001148555 -0.000362274 0.999999940 -0.000069365 0.002333700 -0.000044434 0.000069348 1.000000000 0.003566222
0.999999940 0.000239284 0.000096559 -0.001300661 -0.000239279 0.999999940 -0.000054541 0.001912345 -0.000096572 0.000054518 1.000000000 0.001441817
1.000000000 0.000046790 0.000098482 -0.000453757 -0.000046784 1.000000000 -0.000062865 0.002386940 -0.000098485 0.000062861 1.000000000 0.002974122
1.000000000 0.000133557 0.000165868 -0.001739228 -0.000133553 1.000000000 -0.000021348 0.001473463 -0.000165871 0.000021325 1.000000000 0.002311203
1.000000000 0.000119902 0.000051041 -0.001181914 -0.000119898 1.000000000 -0.000071728 0.002303327 -0.000051050 0.000071721 1.000000000 0.002298644
1.000000000 0.000053832 0.000092560 -0.001600686 -0.000053827 1.000000000 -0.000044667 0.000941641 -0.000092563 0.000044662 1.000000000 0.001648601
0.999999940 0.000149396 0.000200992 -0.002049247 -0.000149391 1.000000000 -0.000025664 0.001105058 -0.000200996 0.000025633 1.000000000 0.002102741
1.000000000 0.000127684 0.000195636 -0.001480199 -0.000127667 1.000000000 -0.000087725 0.002190075 -0.000195647 0.000087700 1.000000000 0.003764451
1.000000000 0.000194439 0.000090034 -0.000856018 -0.000194420 0.999999940 -0.000213342 0.003363705 -0.000090075 0.000213324 1.000000000 0.003865705
1.000000000 0.000114891 0.000142114 -0.000924730 -0.000114876 1.000000000 -0.000105597 0.001658392 -0.000142126 0.000105580 1.000000000 0.001756568
0.999999940 0.000235519 0.000177131 -0.002463847 -0.000235490 0.999999940 -0.000162830 0.002085061 -0.000177170 0.000162788 1.000000000 0.002344536
1.000000000 0.000153264 0.000178545 -0.001667052 -0.000153250 1.000000000 -0.000080628 0.001085409 -0.000178558 0.000080601 1.000000000 0.001602606
1.000000000 0.000095598 0.000030592 -0.001811615 -0.000095599 1.000000000 0.000018712 0.000542069 -0.000030590 -0.000018715 1.000000000 0.000244434
1.000000000 0.000152416 0.000094338 -0.001520609 -0.000152414 1.000000000 -0.000021889 0.001832666 -0.000094341 0.000021875 1.000000000 0.002284254
1.000000000 0.000151603 0.000153187 -0.001970360 -0.000151597 1.000000000 -0.000038894 0.001491107 -0.000153193 0.000038871 1.000000000 0.001250871
1.000000000 0.000190612 0.000126544 -0.000836414 -0.000190602 1.000000000 -0.000081557 0.002753910 -0.000126560 0.000081533 1.000000000 0.003067467
1.000000000 -0.000030663 0.000028903 0.000364755 0.000030666 1.000000000 -0.000100653 0.000874292 -0.000028900 0.000100654 1.000000000 0.002750165
0.999999821 0.000635676 -0.000081697 0.000329891 -0.000635722 0.999999642 -0.000569856 -0.001784392 0.000081335 0.000569907 0.999999821 0.053149052
0.999999821 0.000612942 -0.000021928 0.001550910 -0.000612970 0.999998987 -0.001284761 -0.002185936 0.000021141 0.001284774 0.999999166 0.142613426
0.999999762 0.000586202 0.000416541 0.002983584 -0.000585771 0.999999404 -0.001032201 -0.009301526 -0.000417146 0.001031957 0.999999344 0.253835440
0.999999702 0.000556306 0.000428117 0.006260449 -0.000555869 0.999999285 -0.001020947 -0.012088683 -0.000428685 0.001020709 0.999999404 0.386166781
0.999999702 0.000591651 0.000402050 0.007585132 -0.000591333 0.999999523 -0.000790371 -0.015471001 -0.000402518 0.000790133 0.999999583 0.530267060
0.999999940 0.000240418 0.000206146 0.016205367 -0.000240344 0.999999821 -0.000358975 -0.024844214 -0.000206232 0.000358925 0.999999881 0.680140138
1.000000000 -0.000057646 0.000181532 0.022030389 0.000057681 0.999999940 -0.000190585 -0.028646298 -0.000181521 0.000190596 0.999999940 0.841149628
0.999999821 0.000341328 0.000436952 0.019646823 -0.000341198 0.999999881 -0.000297161 -0.031756163 -0.000437053 0.000297012 0.999999881 1.016968727
0.999999821 0.000452941 0.000293395 0.026232364 -0.000452855 0.999999821 -0.000293194 -0.036462523 -0.000293528 0.000293061 0.999999940 1.191283584
0.999999583 0.000785839 0.000512661 0.026447227 -0.000785941 0.999999583 0.000198355 -0.043090768 -0.000512505 -0.000198757 0.999999821 1.382822156
0.999999642 0.000894460 0.000267116 0.031982869 -0.000894495 0.999999583 0.000128073 -0.045706358 -0.000267001 -0.000128312 0.999999940 1.576595306
0.999999881 0.000329791 0.000392185 0.034990590 -0.000329954 1.000000000 0.000417154 -0.055559769 -0.000392047 -0.000417284 0.999999821 1.775548816
0.999999762 0.000420219 0.000598576 0.035465177 -0.000420587 0.999999702 0.000616066 -0.061574414 -0.000598317 -0.000616318 0.999999642 1.973340273
0.999999881 0.000173233 0.000452973 0.040816311 -0.000173622 0.999999642 0.000858765 -0.070677467 -0.000452824 -0.000858843 0.999999523 2.183812141
0.999999821 0.000318383 0.000486237 0.046214890 -0.000318745 0.999999642 0.000745238 -0.073345773 -0.000485999 -0.000745392 0.999999583 2.406663179
0.999999702 0.000526654 0.000499123 0.050490241 -0.000526929 0.999999702 0.000551410 -0.078049436 -0.000498833 -0.000551673 0.999999642 2.632932425
0.999999523 0.000510535 0.000764071 0.053899769 -0.000511235 0.999999464 0.000916922 -0.087196894 -0.000763603 -0.000917313 0.999999225 2.858972788
0.999999225 0.000726986 0.000974285 0.056377560 -0.000728126 0.999999106 0.001170377 -0.092839696 -0.000973433 -0.001171085 0.999998748 3.106271029
0.999999464 0.000747719 0.000712776 0.063404083 -0.000748487 0.999999166 0.001078077 -0.100590907 -0.000711969 -0.001078610 0.999999106 3.340099573
0.999999046 0.000828659 0.001106922 0.064915262 -0.000830154 0.999998808 0.001350983 -0.110079855 -0.001105801 -0.001351901 0.999998450 3.587041378
0.999999106 0.001129064 0.000691597 0.073375165 -0.001129647 0.999998987 0.000843065 -0.114737712 -0.000690645 -0.000843846 0.999999404 3.853856325
0.999999225 0.000922653 0.000748746 0.079366393 -0.000923342 0.999999166 0.000920998 -0.120779037 -0.000747896 -0.000921689 0.999999285 4.102972507
0.999998331 0.001366226 0.001176653 0.081292033 -0.001367277 0.999998629 0.000892693 -0.121495523 -0.001175432 -0.000894300 0.999998927 4.378839970
0.999997497 0.001467097 0.001672325 0.080556646 -0.001468665 0.999998450 0.000936831 -0.127664343 -0.001670948 -0.000939285 0.999998212 4.638965607
0.999998271 0.001432422 0.001175916 0.094309255 -0.001433379 0.999998569 0.000814043 -0.133815050 -0.001174749 -0.000815727 0.999998987 4.897934914
0.999998033 0.001579334 0.001182578 0.100091331 -0.001580577 0.999998212 0.001050880 -0.141024634 -0.001180917 -0.001052747 0.999998808 5.162467480
0.999997377 0.001703938 0.001499850 0.100642271 -0.001705716 0.999997854 0.001184959 -0.156558126 -0.001497828 -0.001187515 0.999998093 5.415822029
0.999997914 0.001690868 0.001266826 0.107976146 -0.001692513 0.999997854 0.001298383 -0.162874907 -0.001264628 -0.001300524 0.999998331 5.691207886
0.999997675 0.001569089 0.001470134 0.110050581 -0.001571436 0.999997497 0.001596341 -0.175951868 -0.001467625 -0.001598648 0.999997616 5.956031799
0.999997675 0.001556333 0.001438781 0.114698090 -0.001558070 0.999998033 0.001206493 -0.175558269 -0.001436900 -0.001208732 0.999998212 6.243469715
0.999997914 0.001521153 0.001338558 0.124049120 -0.001522645 0.999998212 0.001114467 -0.178571895 -0.001336861 -0.001116503 0.999998450 6.536716938
0.999997199 0.001698977 0.001604102 0.127069384 -0.001701339 0.999997497 0.001471916 -0.196427524 -0.001601597 -0.001474641 0.999997556 6.815191269
0.999998033 0.001245033 0.001561613 0.134955466 -0.001247340 0.999998152 0.001477568 -0.202980056 -0.001559770 -0.001479513 0.999997675 7.117593288
0.999997556 0.001392140 0.001728408 0.144295812 -0.001394998 0.999997616 0.001653632 -0.209736779 -0.001726102 -0.001656039 0.999997139 7.421772480
0.999997139 0.001520343 0.001875209 0.147723466 -0.001523281 0.999997556 0.001566127 -0.217828438 -0.001872824 -0.001568979 0.999997020 7.727015495
0.999997020 0.001219645 0.002102397 0.152693301 -0.001223213 0.999997914 0.001696480 -0.230988190 -0.002100324 -0.001699047 0.999996364 8.052412033
0.999996126 0.001468656 0.002370397 0.153524712 -0.001473255 0.999997079 0.001939440 -0.242772907 -0.002367542 -0.001942925 0.999995291 8.367279053
0.999996603 0.001259489 0.002243444 0.168110266 -0.001263238 0.999997795 0.001670545 -0.252428293 -0.002241335 -0.001673374 0.999996066 8.679883003
0.999994218 0.002024846 0.002724948 0.167773753 -0.002027525 0.999997377 0.000980682 -0.250754893 -0.002722955 -0.000986202 0.999995828 9.026959419
0.999994457 0.002203776 0.002514056 0.174265265 -0.002206714 0.999996901 0.001166698 -0.264350116 -0.002511477 -0.001172240 0.999996185 9.367503166
0.999994576 0.002277689 0.002371099 0.185176864 -0.002281897 0.999995768 0.001774028 -0.281028390 -0.002367049 -0.001779429 0.999995589 9.690051079
0.999993742 0.002383427 0.002595439 0.190290362 -0.002387851 0.999995649 0.001702950 -0.289970756 -0.002591369 -0.001709137 0.999995112 10.043010712
0.999995112 0.002068087 0.002330085 0.202484474 -0.002073262 0.999995410 0.002221201 -0.303947300 -0.002325481 -0.002226022 0.999994755 10.408277512
0.999996364 0.001633064 0.002154907 0.213721439 -0.001637838 0.999996185 0.002215578 -0.312277645 -0.002151280 -0.002219100 0.999995232 10.770899773
0.999997020 0.001685697 0.001766328 0.226955742 -0.001688744 0.999997020 0.001724790 -0.316494226 -0.001763416 -0.001727768 0.999996901 11.130313873
0.999997199 0.001432128 0.001871879 0.237230852 -0.001435383 0.999997377 0.001738611 -0.326546371 -0.001869384 -0.001741293 0.999996722 11.506063461
0.999992788 0.002477199 0.002874834 0.228344128 -0.002482946 0.999994874 0.001997186 -0.338538110 -0.002869872 -0.002004310 0.999993801 11.890449524
0.999992967 0.002289687 0.002973458 0.240649447 -0.002297036 0.999994338 0.002470209 -0.358489484 -0.002967785 -0.002477022 0.999992549 12.277977943
0.999992013 0.002372541 0.003238566 0.252687633 -0.002381627 0.999993265 0.002804494 -0.374201238 -0.003231891 -0.002812185 0.999990880 12.664160728
0.999992490 0.002552445 0.002924814 0.257631809 -0.002560011 0.999993384 0.002586224 -0.377898127 -0.002918194 -0.002593693 0.999992311 13.060803413
0.999994516 0.001909359 0.002684356 0.273844689 -0.001916138 0.999994993 0.002525345 -0.395634294 -0.002679521 -0.002530474 0.999993205 13.443480492
0.999989092 0.003135554 0.003458207 0.275144070 -0.003144864 0.999991417 0.002690109 -0.399019480 -0.003449743 -0.002700955 0.999990404 13.867401123
0.999991536 0.002511159 0.003252983 0.287521094 -0.002521647 0.999991596 0.003224204 -0.413714170 -0.003244859 -0.003232380 0.999989510 14.268807411
0.999989629 0.002905220 0.003496204 0.293828070 -0.002916455 0.999990582 0.003212781 -0.426837146 -0.003486837 -0.003222945 0.999988735 14.686014175
0.999990702 0.002258401 0.003700675 0.306663394 -0.002269063 0.999993265 0.002879419 -0.437387377 -0.003694147 -0.002887789 0.999989033 15.128911018
0.999988735 0.002781424 0.003849797 0.321772546 -0.002792550 0.999991953 0.002887501 -0.449591637 -0.003841735 -0.002898219 0.999988437 15.569137573
0.999984801 0.003012079 0.004616167 0.327628076 -0.003024492 0.999991894 0.002684621 -0.458094239 -0.004608043 -0.002698542 0.999985754 16.018121719
0.999984503 0.003020346 0.004697348 0.337188482 -0.003034323 0.999991000 0.002971081 -0.475781769 -0.004688332 -0.002985289 0.999984503 16.439973831
0.999983788 0.003122660 0.004754976 0.347544998 -0.003136063 0.999991179 0.002814038 -0.491825044 -0.004746147 -0.002828904 0.999984682 16.875625610
0.999981761 0.003153487 0.005141499 0.358690202 -0.003171478 0.999988794 0.003494810 -0.504769564 -0.005130420 -0.003511053 0.999980688 17.336746216
0.999979258 0.003221371 0.005573973 0.360553950 -0.003244140 0.999986410 0.004080638 -0.522416353 -0.005560751 -0.004098637 0.999976158 17.786975861
0.999981046 0.002258364 0.005725197 0.376519620 -0.002279004 0.999991000 0.003601353 -0.532482922 -0.005717010 -0.003614333 0.999977171 18.253036499
0.999974132 0.002965433 0.006544415 0.388180703 -0.002988401 0.999989450 0.003502722 -0.539675355 -0.006533959 -0.003522189 0.999972522 18.729701996
0.999982059 0.002470336 0.005459229 0.409688294 -0.002489944 0.999990582 0.003587768 -0.554441333 -0.005450313 -0.003601298 0.999978662 19.199884415
0.999979198 0.002724522 0.005847681 0.424906492 -0.002744067 0.999990582 0.003336845 -0.566237867 -0.005838537 -0.003352822 0.999977350 19.672149658
0.999979734 0.003022927 0.005593496 0.430877179 -0.003044175 0.999988079 0.003794052 -0.579832852 -0.005581961 -0.003811003 0.999977171 20.164049149
0.999980748 0.002803632 0.005528778 0.453119487 -0.002824564 0.999988854 0.003781917 -0.599077165 -0.005518114 -0.003797461 0.999977589 20.650058746
0.999986410 0.002330307 0.004664751 0.469304144 -0.002349276 0.999988973 0.004065000 -0.615204632 -0.004655228 -0.004075903 0.999980867 21.142368317
0.999982715 0.003064445 0.005012383 0.463432580 -0.003084470 0.999987245 0.003992368 -0.623557568 -0.005000085 -0.004007760 0.999979436 21.666702271
0.999984741 0.003016080 0.004615538 0.483589172 -0.003031436 0.999989867 0.003323709 -0.631188571 -0.004605466 -0.003337651 0.999983847 22.200973511
0.999987483 0.002733689 0.004193517 0.497837573 -0.002747240 0.999991000 0.003229094 -0.642989755 -0.004184653 -0.003240575 0.999985993 22.719266891
0.999989212 0.002624871 0.003847409 0.508441329 -0.002640973 0.999987721 0.004186452 -0.667417109 -0.003836371 -0.004196567 0.999983847 23.253898621
0.999992788 0.002550710 0.002805899 0.517085373 -0.002561475 0.999989331 0.003840104 -0.682704568 -0.002796074 -0.003847263 0.999988675 23.752182007
0.999997735 0.000879277 0.001963077 0.525301754 -0.000886009 0.999993682 0.003430798 -0.699564636 -0.001960048 -0.003432530 0.999992132 24.274513245
0.999994397 0.002464002 0.002276708 0.527045846 -0.002472757 0.999989510 0.003850861 -0.714675188 -0.002267196 -0.003856469 0.999989986 24.808897018
0.999996483 0.002433650 0.001044523 0.551179707 -0.002438495 0.999986112 0.004662904 -0.736872256 -0.001033161 -0.004665434 0.999988556 25.346717834
0.999996066 0.002742718 0.000605846 0.548974872 -0.002745290 0.999987066 0.004284020 -0.741151929 -0.000594088 -0.004285667 0.999990582 25.895467758
0.999996185 0.002758129 0.000247279 0.559858263 -0.002759172 0.999986887 0.004316831 -0.753806353 -0.000235370 -0.004317497 0.999990642 26.451150894
0.999996960 0.002464096 -0.000094093 0.568058729 -0.002463640 0.999986529 0.004573692 -0.762851536 0.000105361 -0.004573446 0.999989510 27.010019302
0.999996364 0.002624310 -0.000646985 0.572652817 -0.002621375 0.999986470 0.004495549 -0.779519916 0.000658774 -0.004493837 0.999989688 27.560581207
0.999994099 0.003335982 -0.000819548 0.579714775 -0.003332561 0.999985933 0.004141252 -0.789884329 0.000833352 -0.004138496 0.999991059 28.120889664
0.999994695 0.002965010 -0.001293362 0.599039495 -0.002958561 0.999983311 0.004960998 -0.817485273 0.001308050 -0.004957146 0.999986887 28.654949188
0.999993980 0.003166199 -0.001364700 0.604201615 -0.003159453 0.999982834 0.004917027 -0.831619561 0.001380245 -0.004912686 0.999986947 29.201826096
0.999994099 0.002865677 -0.001954394 0.615605652 -0.002855654 0.999982834 0.005111837 -0.847051144 0.001969009 -0.005106226 0.999985039 29.748369217
0.999993682 0.002905549 -0.002020998 0.616175294 -0.002894967 0.999982178 0.005219212 -0.861140609 0.002036126 -0.005213329 0.999984264 30.289945602
0.999992430 0.003081120 -0.002383864 0.625129998 -0.003069101 0.999982655 0.005028890 -0.875748992 0.002399317 -0.005021537 0.999984443 30.835357666
0.999992311 0.002863055 -0.002669384 0.637905300 -0.002849632 0.999983370 0.005018836 -0.889519870 0.002683709 -0.005011191 0.999983847 31.377304077
0.999988079 0.003941043 -0.002872832 0.642218947 -0.003927179 0.999980688 0.004815968 -0.899195433 0.002891757 -0.004804629 0.999984264 31.924783707
0.999989033 0.003164914 -0.003450626 0.659109771 -0.003146302 0.999980569 0.005385478 -0.921462536 0.003467602 -0.005374562 0.999979556 32.464477539
0.999987304 0.003470418 -0.003681185 0.660337210 -0.003448423 0.999976277 0.005964755 -0.939928353 0.003701798 -0.005951984 0.999975443 33.007068634
0.999989092 0.003003965 -0.003578139 0.666912794 -0.002985064 0.999981642 0.005276369 -0.952462494 0.003593923 -0.005265631 0.999979615 33.534812927
0.999988198 0.002773718 -0.003986641 0.681146741 -0.002750082 0.999978662 0.005922196 -0.972104669 0.004002982 -0.005911161 0.999974489 34.076591492
0.999986231 0.002379489 -0.004677645 0.687355220 -0.002353647 0.999981880 0.005522402 -0.978479981 0.004690701 -0.005511316 0.999973834 34.613079071
0.999984026 0.002383581 -0.005137884 0.696335852 -0.002356707 0.999983549 0.005230242 -0.997142136 0.005150266 -0.005218050 0.999973118 35.130489349
0.999986291 0.003222587 -0.004126664 0.697963536 -0.003200728 0.999980867 0.005292844 -1.005775094 0.004143642 -0.005279563 0.999977469 35.682952881
0.999985039 0.002866411 -0.004660895 0.707960129 -0.002841635 0.999981821 0.005313842 -1.017295122 0.004676041 -0.005300518 0.999975026 36.232521057
0.999984860 0.003129672 -0.004527282 0.722734332 -0.003105965 0.999981403 0.005234454 -1.032788515 0.004543580 -0.005220313 0.999976039 36.772705078
0.999983847 0.002730317 -0.004977740 0.729717195 -0.002704389 0.999982715 0.005208130 -1.042690873 0.004991874 -0.005194584 0.999974072 37.325481415
0.999982059 0.002699654 -0.005334186 0.742874026 -0.002671818 0.999982834 0.005218510 -1.054782033 0.005348184 -0.005204166 0.999972165 37.866996765
0.999981225 0.002854880 -0.005417346 0.751328349 -0.002827320 0.999983013 0.005088164 -1.065554738 0.005431781 -0.005072751 0.999972403 38.417690277
0.999981880 0.002731951 -0.005343805 0.758468866 -0.002708374 0.999986529 0.004414291 -1.071049094 0.005355794 -0.004399739 0.999976039 38.974651337
0.999980927 0.002228739 -0.005763804 0.765770674 -0.002197286 0.999982715 0.005457489 -1.102438569 0.005775868 -0.005444720 0.999968469 39.495758057
0.999978960 0.001935827 -0.006186761 0.772744358 -0.001902363 0.999983549 0.005410298 -1.119438767 0.006197133 -0.005398415 0.999966204 40.034099579
0.999978900 0.001506833 -0.006312047 0.781973124 -0.001471833 0.999983549 0.005545946 -1.134898067 0.006320298 -0.005536539 0.999964654 40.592849731
0.999981225 0.001796670 -0.005863858 0.787746370 -0.001766063 0.999984860 0.005220691 -1.141265631 0.005873149 -0.005210236 0.999969184 41.153923035
0.999979019 0.001991546 -0.006159361 0.791308165 -0.001957745 0.999983013 0.005488942 -1.160642385 0.006170186 -0.005476768 0.999965906 41.674152374
0.999982238 0.002702571 -0.005294021 0.790087581 -0.002674884 0.999982774 0.005229698 -1.172967911 0.005308062 -0.005215444 0.999972224 42.217395782
0.999980092 0.001940749 -0.006005401 0.800064921 -0.001909220 0.999984443 0.005251344 -1.189844370 0.006015496 -0.005239774 0.999968171 42.735877991
0.999982119 0.002229726 -0.005549814 0.818143249 -0.002199105 0.999982297 0.005517571 -1.196476460 0.005562020 -0.005505268 0.999969363 43.316764832
0.999979436 0.002502082 -0.005892792 0.822888017 -0.002471567 0.999983490 0.005179931 -1.208703518 0.005905655 -0.005165260 0.999969244 43.858001709
0.999980390 0.002637733 -0.005668832 0.832804143 -0.002610385 0.999984980 0.004826209 -1.218085766 0.005681477 -0.004811316 0.999972284 44.403530121
0.999980569 0.002206014 -0.005826359 0.841471076 -0.002176154 0.999984622 0.005126476 -1.227367640 0.005837578 -0.005113698 0.999969900 44.930286407
0.999980152 0.002207100 -0.005900822 0.852289736 -0.002177778 0.999985278 0.004970932 -1.242530584 0.005911706 -0.004957983 0.999970198 45.480049133
0.999981105 0.003078507 -0.005335576 0.856619596 -0.003054175 0.999984980 0.004562688 -1.252256036 0.005349542 -0.004546307 0.999975324 46.020225525
0.999984324 0.002026241 -0.005215190 0.859870851 -0.002004329 0.999989152 0.004203236 -1.258388400 0.005223650 -0.004192718 0.999977529 46.568965912
0.999981105 0.002263382 -0.005739223 0.876025915 -0.002235910 0.999985993 0.004788694 -1.272287011 0.005749982 -0.004775770 0.999972045 47.109477997
0.999981821 0.002573820 -0.005448950 0.878153324 -0.002547150 0.999984801 0.004895659 -1.284314394 0.005461466 -0.004881691 0.999973178 47.652275085
0.999980390 0.002903624 -0.005553120 0.880350947 -0.002879170 0.999986172 0.004406664 -1.297417998 0.005565838 -0.004390589 0.999974847 48.190467834
0.999981225 0.003101878 -0.005282826 0.885697484 -0.003078223 0.999985158 0.004479880 -1.309768200 0.005296642 -0.004463534 0.999975979 48.716911316
0.999979913 0.002738197 -0.005729682 0.897125781 -0.002716481 0.999989092 0.003794573 -1.317519188 0.005740009 -0.003778931 0.999976397 49.262340546
0.999980271 0.003649086 -0.005099876 0.890627623 -0.003626711 0.999983788 0.004389854 -1.333310843 0.005115814 -0.004371273 0.999977291 49.799438477
0.999980271 0.003857780 -0.004950170 0.891387582 -0.003836798 0.999983668 0.004241012 -1.343268871 0.004966450 -0.004221936 0.999978721 50.328094482
0.999979556 0.003729519 -0.005191188 0.898620725 -0.003705807 0.999982715 0.004569864 -1.363835216 0.005208141 -0.004550533 0.999976099 50.856121063
0.999980032 0.003609703 -0.005185713 0.901776791 -0.003585642 0.999982715 0.004641689 -1.378621340 0.005202380 -0.004623002 0.999975801 51.395195007
0.999978662 0.003993648 -0.005171906 0.905751824 -0.003970149 0.999981761 0.004545991 -1.387468100 0.005189966 -0.004525361 0.999976277 51.937831879
0.999978960 0.004524090 -0.004636742 0.909903228 -0.004503018 0.999979496 0.004545237 -1.401875734 0.004657212 -0.004524263 0.999978840 52.479099274
0.999979079 0.004067065 -0.005030693 0.917622447 -0.004044274 0.999981523 0.004532276 -1.413062334 0.005049033 -0.004511836 0.999976993 53.006019592
0.999978006 0.004581724 -0.004819948 0.924732447 -0.004561759 0.999980986 0.004145017 -1.425104141 0.004838847 -0.004122938 0.999979794 53.543193817
0.999978125 0.005102298 -0.004192701 0.918234169 -0.005086299 0.999979734 0.003817834 -1.438568592 0.004212095 -0.003796425 0.999983907 54.073806763
0.999978065 0.005283333 -0.003997257 0.921295941 -0.005268506 0.999979258 0.003711065 -1.450628877 0.004016781 -0.003689924 0.999985099 54.602745056
0.999976933 0.004825426 -0.004787083 0.934606194 -0.004808261 0.999981999 0.003590583 -1.462385178 0.004804322 -0.003567483 0.999982059 55.154918671
0.999979675 0.004966692 -0.004000532 0.940361023 -0.004952683 0.999981523 0.003504250 -1.471447706 0.004017863 -0.003484366 0.999985814 55.681449890
0.999977231 0.005221213 -0.004256872 0.942803681 -0.005205370 0.999979496 0.003724163 -1.484238029 0.004276228 -0.003701920 0.999984026 56.212421417
0.999978304 0.005115804 -0.004153587 0.950431347 -0.005099884 0.999979615 0.003834541 -1.500411510 0.004173119 -0.003813276 0.999984026 56.747135162
0.999977171 0.005455337 -0.003989857 0.950881958 -0.005440585 0.999978364 0.003698632 -1.506793618 0.004009947 -0.003676841 0.999985218 57.275550842
0.999975801 0.005763676 -0.003900734 0.953646958 -0.005749710 0.999977052 0.003582241 -1.524812818 0.003921291 -0.003559727 0.999985993 57.815502167
0.999978185 0.005633890 -0.003427626 0.955955923 -0.005621755 0.999977887 0.003539860 -1.537742853 0.003447494 -0.003520514 0.999987841 58.350387573
0.999976993 0.005743900 -0.003613482 0.958916426 -0.005730339 0.999976516 0.003752606 -1.549109459 0.003634953 -0.003731812 0.999986410 58.874008179
0.999978065 0.005784915 -0.003230944 0.963223696 -0.005773596 0.999977231 0.003501745 -1.562096596 0.003251128 -0.003483014 0.999988616 59.411128998
0.999977291 0.005787777 -0.003451290 0.972686470 -0.005776375 0.999977827 0.003304655 -1.576617837 0.003470341 -0.003284644 0.999988496 59.943771362
0.999977052 0.006058093 -0.003021721 0.978494585 -0.006048881 0.999977052 0.003048301 -1.584217787 0.003040119 -0.003029953 0.999990761 60.496116638
0.999974549 0.006364929 -0.003228363 0.981188834 -0.006354288 0.999974370 0.003296549 -1.599913359 0.003249261 -0.003275952 0.999989331 61.029281616
0.999975681 0.006344284 -0.002879670 0.985550642 -0.006333938 0.999973476 0.003588268 -1.611651182 0.002902357 -0.003569941 0.999989390 61.562976837
0.999975622 0.006381874 -0.002827517 0.989107907 -0.006372767 0.999974430 0.003218152 -1.624023080 0.002847982 -0.003200055 0.999990821 62.095569611
0.999975443 0.006590755 -0.002383621 0.993100643 -0.006582789 0.999972761 0.003334413 -1.640585661 0.002405533 -0.003318641 0.999991536 62.626441956
0.999970973 0.007234084 -0.002387096 1.000205040 -0.007224998 0.999966681 0.003793669 -1.655832052 0.002414461 -0.003776312 0.999989927 63.162456512
0.999971807 0.007072418 -0.002527132 1.005869269 -0.007064695 0.999970376 0.003053226 -1.669061661 0.002548651 -0.003035286 0.999992132 63.698223114
0.999969542 0.007419934 -0.002420144 1.012090325 -0.007411963 0.999967158 0.003286637 -1.682692885 0.002444451 -0.003268599 0.999991655 64.220596313
0.999971330 0.007277594 -0.002103782 1.016529679 -0.007270650 0.999968171 0.003290850 -1.693870187 0.002127663 -0.003275459 0.999992371 64.756507874
0.999972522 0.007127407 -0.002043844 1.023590088 -0.007120511 0.999969006 0.003362521 -1.709455967 0.002067746 -0.003347876 0.999992251 65.275367737
0.999971211 0.007338549 -0.001959797 1.030592799 -0.007331768 0.999967158 0.003444977 -1.723768711 0.001985013 -0.003430509 0.999992132 65.810791016
0.999969661 0.007594318 -0.001724653 1.035922289 -0.007588875 0.999966264 0.003140786 -1.734976768 0.001748447 -0.003127603 0.999993563 66.344383240
0.999970853 0.007438132 -0.001804039 1.048137546 -0.007432608 0.999967754 0.003049812 -1.752569199 0.001826666 -0.003036314 0.999993742 66.874275208
0.999969482 0.007573655 -0.001927309 1.059209585 -0.007567922 0.999966919 0.002963857 -1.763553143 0.001949693 -0.002949180 0.999993742 67.417800903
0.999966562 0.008012407 -0.001616838 1.061522841 -0.008007633 0.999963641 0.002935333 -1.780877590 0.001640298 -0.002922289 0.999994397 67.956359863
0.999967575 0.007865927 -0.001736042 1.069916248 -0.007861296 0.999965489 0.002658269 -1.791143179 0.001756892 -0.002644535 0.999994874 68.496620178
0.999963164 0.008413432 -0.001693586 1.072978020 -0.008408871 0.999961019 0.002684654 -1.805625677 0.001716107 -0.002670314 0.999994874 69.010032654
0.999963999 0.008319286 -0.001661620 1.084492087 -0.008315396 0.999962687 0.002333686 -1.818324804 0.001680973 -0.002319785 0.999995887 69.536361694
0.999967635 0.007815317 -0.001872769 1.095471978 -0.007810101 0.999965668 0.002776593 -1.833839417 0.001894405 -0.002761877 0.999994397 70.091850281
0.999963880 0.008376934 -0.001428053 1.101645589 -0.008373260 0.999961674 0.002559301 -1.850576043 0.001449439 -0.002547251 0.999995649 70.601638794
0.999964237 0.008343859 -0.001363661 1.111020565 -0.008340435 0.999962091 0.002497031 -1.865053535 0.001384444 -0.002485568 0.999995887 71.129699707
0.999966800 0.008002406 -0.001552544 1.118901253 -0.007998630 0.999965072 0.002424491 -1.878291845 0.001571891 -0.002411992 0.999995828 71.670402527
0.999961972 0.008647045 -0.001116625 1.123575091 -0.008644781 0.999960542 0.002015669 -1.891286254 0.001134011 -0.002005939 0.999997318 72.209045410
0.999962628 0.008569464 -0.001110424 1.135578632 -0.008566952 0.999960780 0.002246587 -1.908048153 0.001129634 -0.002236990 0.999996841 72.737884521
0.999962628 0.008591734 -0.000962050 1.142176986 -0.008589185 0.999959648 0.002623859 -1.925810218 0.000984554 -0.002615498 0.999996006 73.270355225
0.999960601 0.008866374 -0.000437348 1.144959807 -0.008865377 0.999958158 0.002231111 -1.938026786 0.000457111 -0.002227145 0.999997437 73.815704346
0.999961495 0.008765831 -0.000469459 1.156049371 -0.008764593 0.999958277 0.002572733 -1.952721477 0.000491991 -0.002568519 0.999996543 74.353279114
0.999957085 0.009248476 -0.000405781 1.167808533 -0.009247421 0.999954045 0.002528012 -1.967899680 0.000429142 -0.002524151 0.999996722 74.893638611
0.999956310 0.009329484 -0.000408208 1.172131896 -0.009328546 0.999953985 0.002239664 -1.981087327 0.000429085 -0.002235758 0.999997437 75.426239014
0.999954224 0.009552058 -0.000490168 1.180314302 -0.009551072 0.999952376 0.001975857 -1.996937513 0.000509019 -0.001971085 0.999997914 75.955772400
0.999959350 0.009022117 -0.000445293 1.192456007 -0.009021188 0.999957144 0.002039585 -2.015316725 0.000463676 -0.002035485 0.999997795 76.506912231
0.999954104 0.009574202 -0.000349412 1.195973754 -0.009573327 0.999951243 0.002418105 -2.034550190 0.000372547 -0.002414649 0.999997020 77.032623291
0.999953747 0.009598037 -0.000575480 1.199909329 -0.009596682 0.999951184 0.002314797 -2.047551870 0.000597670 -0.002309167 0.999997139 77.571586609
0.999953926 0.009585301 -0.000514602 1.217277288 -0.009584070 0.999951303 0.002344372 -2.063008070 0.000537049 -0.002339332 0.999997139 78.081459045
0.999950707 0.009925706 -0.000155250 1.224149227 -0.009925312 0.999947846 0.002375906 -2.079095840 0.000178823 -0.002374248 0.999997079 78.625717163
0.999951541 0.009834772 -0.000167745 1.225107551 -0.009834346 0.999948800 0.002380800 -2.097272873 0.000191151 -0.002379036 0.999997079 79.145797729
0.999949217 0.010079606 -0.000054337 1.242904782 -0.010079457 0.999946594 0.002286218 -2.108028889 0.000077379 -0.002285555 0.999997377 79.689102173
0.999948859 0.010075569 0.000801399 1.255796552 -0.010077219 0.999947071 0.002080393 -2.108999968 -0.000780395 -0.002088363 0.999997497 80.221237183
0.999947190 0.010037495 0.002176977 1.255657196 -0.010041797 0.999947548 0.001974464 -2.132369518 -0.002157045 -0.001996221 0.999995708 80.766082764
0.999944210 0.010137987 0.002968706 1.286560178 -0.010143834 0.999946654 0.001961857 -2.142557621 -0.002948658 -0.001991861 0.999993622 81.328193665
0.999942601 0.009957448 0.003954036 1.301981211 -0.009962994 0.999949396 0.001386060 -2.144755125 -0.003940034 -0.001425375 0.999991238 81.849044800
0.999916434 0.010546747 0.007473113 1.315894246 -0.010559920 0.999942720 0.001725579 -2.171111107 -0.007454487 -0.001804350 0.999970615 82.402595520
0.999889910 0.010002867 0.010969674 1.335934043 -0.010027676 0.999947309 0.002208998 -2.188790798 -0.010946998 -0.002318755 0.999937415 82.941818237
0.999851167 0.009908730 0.014121657 1.349437714 -0.009933620 0.999949217 0.001693639 -2.192040682 -0.014104160 -0.001833666 0.999898851 83.497444153
0.999794364 0.009242760 0.018055918 1.387088895 -0.009269875 0.999956012 0.001418652 -2.209829092 -0.018042013 -0.001585736 0.999835968 84.017181396
0.999669671 0.009305615 0.023958148 1.422367692 -0.009339260 0.999955475 0.001292787 -2.215172291 -0.023945054 -0.001516112 0.999712050 84.562843323
0.999502361 0.009335083 0.030130815 1.448813438 -0.009379680 0.999955118 0.001339191 -2.231388330 -0.030116962 -0.001621143 0.999544978 85.124275208
0.999304652 0.009811806 0.035969961 1.483778358 -0.009858678 0.999950767 0.001125929 -2.237136126 -0.035957139 -0.001479763 0.999352217 85.651405334
0.998977900 0.009386412 0.044214170 1.535442114 -0.009442359 0.999954879 0.001056667 -2.244914770 -0.044202253 -0.001473073 0.999021471 86.223098755
0.998595476 0.009057924 0.052201565 1.588193655 -0.009112381 0.999958098 0.000805316 -2.266886234 -0.052192103 -0.001279865 0.998636246 86.755905151
0.998159230 0.009258455 0.059936848 1.621953011 -0.009327787 0.999956131 0.000877068 -2.275839806 -0.059926100 -0.001434531 0.998201728 87.334579468
0.997568786 0.009480566 0.069040202 1.674812317 -0.009537810 0.999954402 0.000499558 -2.286896706 -0.069032304 -0.001156836 0.997613728 87.881820679
0.996847689 0.008627181 0.078868784 1.749188900 -0.008662947 0.999962449 0.000111346 -2.303514481 -0.078864887 -0.000794231 0.996884942 88.404014587
0.996098340 0.008818215 0.087808408 1.810735226 -0.008853164 0.999960780 0.000008574 -2.317616701 -0.087804876 -0.000785923 0.996137381 88.949378967
0.995439708 0.007885014 0.095066220 1.875872135 -0.007891807 0.999968827 -0.000304547 -2.333031893 -0.095065638 -0.000447085 0.995470881 89.502334595
0.994446278 0.008193561 0.104925469 1.968192577 -0.008203128 0.999966323 -0.000340363 -2.351308823 -0.104924731 -0.000522245 0.994480014 90.012649536
0.993332863 0.007568699 0.115033001 2.054656982 -0.007536137 0.999971330 -0.000717972 -2.363675356 -0.115035124 -0.000153719 0.993361354 90.572952271
0.992200494 0.007636411 0.124417923 2.140892982 -0.007604366 0.999970794 -0.000732479 -2.384773731 -0.124419890 -0.000219353 0.992229640 91.098800659
0.990679145 0.007708556 0.135998011 2.238505363 -0.007683377 0.999970257 -0.000710044 -2.396694660 -0.135999382 -0.000341498 0.990708828 91.628982544
0.988913000 0.006843539 0.148337707 2.342624664 -0.006787217 0.999976575 -0.000885894 -2.412617207 -0.148340270 -0.000130728 0.988936365 92.172981262
0.987327576 0.005408132 0.158602610 2.454668045 -0.005233795 0.999985158 -0.001516867 -2.424946547 -0.158608451 0.000667551 0.987341285 92.718589783
0.985514045 0.006543179 0.169467434 2.566512108 -0.006460712 0.999978602 -0.001038063 -2.443174839 -0.169470623 -0.000071854 0.985535264 93.250755310
0.983262599 0.005901640 0.182098508 2.690636635 -0.005800651 0.999982595 -0.001087182 -2.463651657 -0.182101741 0.000012695 0.983279705 93.789772034
0.980886877 0.005679789 0.194495931 2.819128036 -0.005612000 0.999983847 -0.000899559 -2.481812716 -0.194497868 -0.000209146 0.980902910 94.317459106
0.978813231 0.005277036 0.204686850 2.948749542 -0.005170994 0.999986112 -0.001052950 -2.499702215 -0.204689533 -0.000027793 0.978827000 94.850479126
0.975948513 0.005494529 0.217931777 3.094591141 -0.005340206 0.999984920 -0.001297101 -2.513665199 -0.217935622 0.000102103 0.975963056 95.404243469
0.972805679 0.005641409 0.231553912 3.244401932 -0.005450713 0.999984086 -0.001463310 -2.522961140 -0.231558517 0.000161382 0.972820878 95.941009521
0.970064819 0.005114679 0.242792115 3.395015717 -0.004967358 0.999987006 -0.001218952 -2.533487082 -0.242795169 -0.000023573 0.970077574 96.466766357
0.967230499 0.005114142 0.253848433 3.569368362 -0.005073959 0.999986768 -0.000813031 -2.593272209 -0.253849238 -0.000501628 0.967243671 97.014579773
0.963619649 0.004935988 0.267231643 3.743572235 -0.004913753 0.999987662 -0.000751923 -2.608477592 -0.267232120 -0.000588542 0.963631988 97.542427063
0.960025609 0.003730807 0.279887140 3.918109894 -0.003586990 0.999993086 -0.001026047 -2.628891230 -0.279889017 -0.000018921 0.960032344 98.059844971
0.956569672 0.004542278 0.291468352 4.114721298 -0.004435982 0.999989629 -0.001025513 -2.653407574 -0.291470021 -0.000311974 0.956579924 98.692825317
0.952095270 0.004276359 0.305771410 4.310060501 -0.004142676 0.999990761 -0.001086098 -2.667800188 -0.305773228 -0.000232644 0.952104270 99.230827332
0.947476804 0.004718510 0.319789737 4.513174057 -0.004685538 0.999988616 -0.000872506 -2.686605453 -0.319790184 -0.000671707 0.947488070 99.766906738
0.943587184 0.004390057 0.331095129 4.721036911 -0.004387552 0.999989986 -0.000754994 -2.703287840 -0.331095159 -0.000740295 0.943597019 100.262908936
0.938916862 0.003770329 0.344123393 4.942682266 -0.003920255 0.999992251 -0.000260098 -2.735424042 -0.344121695 -0.001104841 0.938924372 100.795066833
0.933574617 0.004122478 0.358359337 5.159486771 -0.004391855 0.999990344 -0.000062269 -2.746788263 -0.358356088 -0.001515729 0.933583736 101.302719116
0.928659499 0.003173351 0.370919824 5.392297745 -0.003316277 0.999994397 -0.000252460 -2.757446527 -0.370918572 -0.000995623 0.928664804 101.816040039
0.923795700 0.003025280 0.382873803 5.653129578 -0.003237368 0.999994695 -0.000090362 -2.799867868 -0.382872045 -0.001156027 0.923800588 102.408973694
0.917799234 0.003716168 0.397027403 5.890281677 -0.004037486 0.999991894 -0.000026538 -2.811372519 -0.397024244 -0.001578636 0.917806685 102.904022217
0.912072659 0.002544058 0.410020560 6.156345367 -0.002501536 0.999996662 -0.000640132 -2.830620766 -0.410020858 -0.000441835 0.912076056 103.439765930
0.907219112 0.001929431 0.420653820 6.410724640 -0.001897032 0.999998093 -0.000495428 -2.845355511 -0.420654058 -0.000348532 0.907221079 103.921760559
0.901269376 0.001621965 0.433256000 6.683162689 -0.001300171 0.999998569 -0.001039012 -2.862188101 -0.433257103 0.000373122 0.901270270 104.462341309
0.894530654 0.002318880 0.447000593 6.952629089 -0.002094912 0.999997258 -0.000995323 -2.873340607 -0.447001636 -0.000046080 0.894533217 104.950546265
0.888660610 0.000936084 0.458564550 7.239982605 -0.000344470 0.999998987 -0.001373779 -2.892500639 -0.458565384 0.001062861 0.888660014 105.459228516
0.882951021 0.000643828 0.469464630 7.517196655 -0.000313076 0.999999642 -0.000782587 -2.909158707 -0.469464958 0.000544008 0.882950902 105.930419922
0.875309050 0.000753408 0.483563393 7.831523895 -0.000347085 0.999999464 -0.000929767 -2.944705963 -0.483563840 0.000645996 0.875308871 106.438110352
