1.000000000 0.000000000 0.000000000 0.000000000 0.000000000 1.000000000 0.000000000 0.000000000 0.000000000 0.000000000 1.000000000 0.000000000
1.000000000 0.000053829 -0.000041563 0.000268137 -0.000053822 1.000000000 0.000145196 -0.000406049 0.000041571 -0.000145194 1.000000000 -0.000043266
1.000000000 0.000185205 -0.000130216 0.001072003 -0.000185192 1.000000000 0.000098003 -0.000327102 0.000130234 -0.000097979 1.000000000 -0.001034369
1.000000000 0.000225336 -0.000002057 -0.000102539 -0.000225336 1.000000000 0.000076991 -0.000261639 0.000002074 -0.000076991 1.000000000 0.000285773
1.000000000 0.000089997 -0.000030586 -0.000353313 -0.000089998 1.000000000 -0.000028759 0.000727751 0.000030584 0.000028762 1.000000000 -0.000014082
1.000000000 0.000040396 -0.000013224 -0.000653026 -0.000040395 1.000000000 0.000053611 -0.000496122 0.000013227 -0.000053610 1.000000000 -0.000620750
1.000000000 0.000041961 -0.000023207 0.000738789 -0.000041959 1.000000000 0.000107918 -0.000724540 0.000023211 -0.000107917 1.000000000 -0.000948013
1.000000000 0.000167253 0.000054240 0.000001480 -0.000167261 1.000000000 0.000147048 -0.000372610 -0.000054216 -0.000147057 1.000000000 0.000619975
1.000000000 -0.000062946 0.000142039 -0.000126530 0.000062942 1.000000000 0.000027242 -0.000234060 -0.000142041 -0.000027233 1.000000000 -0.001317655
1.000000000 -0.000097530 -0.000012491 0.001050630 0.000097531 1.000000000 0.000089423 0.000266148 0.000012482 -0.000089425 1.000000000 -0.000127945
1.000000000 0.000133574 -0.000025761 0.000276324 -0.000133573 1.000000000 0.000054114 -0.000442156 0.000025769 -0.000054111 1.000000000 -0.000987293
1.000000000 0.000156865 0.000009387 0.000355197 -0.000156864 1.000000000 -0.000069975 0.001584651 -0.000009398 0.000069973 1.000000000 0.001294449
1.000000000 -0.000142626 -0.000035998 0.000559768 0.000142629 1.000000000 0.000087558 0.000068714 0.000035985 -0.000087563 1.000000000 0.000515263
1.000000000 0.000051137 -0.000033626 0.000710568 -0.000051134 1.000000000 0.000089465 -0.000496873 0.000033630 -0.000089464 1.000000000 -0.001431010
1.000000000 -0.000039928 -0.000034021 0.000679784 0.000039931 1.000000000 0.000090678 0.000208770 0.000034017 -0.000090679 1.000000000 0.000519000
1.000000000 -0.000167443 -0.000146236 0.001148667 0.000167467 1.000000000 0.000166306 -0.000940770 0.000146208 -0.000166330 1.000000000 -0.000636380
1.000000000 0.000135466 0.000156777 -0.001013453 -0.000135488 1.000000000 0.000137906 -0.000351685 -0.000156758 -0.000137927 1.000000000 -0.000124384
1.000000000 0.000126299 0.000001056 0.000091472 -0.000126299 1.000000000 0.000047033 0.000013009 -0.000001050 -0.000047033 1.000000000 -0.000596027
1.000000000 -0.000048003 0.000100158 0.000086866 0.000047996 1.000000000 0.000063249 -0.000172753 -0.000100161 -0.000063244 1.000000000 0.000209207
1.000000000 -0.000021418 -0.000002118 0.000679245 0.000021418 1.000000000 0.000040271 -0.000225191 0.000002118 -0.000040272 1.000000000 -0.000956344
1.000000000 0.000202578 0.000047836 -0.000275303 -0.000202579 1.000000000 0.000016486 -0.000389661 -0.000047833 -0.000016496 1.000000000 -0.001074244
1.000000000 0.000182413 -0.000058384 0.000467199 -0.000182409 1.000000000 0.000065115 -0.000046429 0.000058396 -0.000065104 1.000000000 -0.000597595
1.000000000 -0.000025551 0.000087236 0.000665053 0.000025544 1.000000000 0.000074107 -0.000344471 -0.000087238 -0.000074105 1.000000000 0.000405834
0.999999940 0.000307720 0.000019379 0.000490369 -0.000307723 0.999999940 0.000162157 -0.000063248 -0.000019329 -0.000162163 1.000000000 0.000802937
1.000000000 0.000162256 0.000016685 0.000586614 -0.000162256 1.000000000 -0.000037655 0.000706158 -0.000016691 0.000037652 1.000000000 -0.000743000
1.000000000 0.000176551 -0.000030637 0.000658723 -0.000176557 0.999999940 -0.000204212 0.001874139 0.000030601 0.000204218 1.000000000 -0.001507127
1.000000000 0.000144947 -0.000050866 0.000441451 -0.000144945 1.000000000 0.000034238 0.000053380 0.000050871 -0.000034230 1.000000000 -0.001100678
1.000000000 0.000186510 0.000014557 0.000331061 -0.000186514 0.999999940 0.000270827 -0.000435659 -0.000014506 -0.000270830 0.999999940 0.001509773
1.000000000 -0.000022948 -0.000034339 0.000307043 0.000022957 0.999999940 0.000254290 -0.000753179 0.000034333 -0.000254291 0.999999940 0.000734976
1.000000000 -0.000059437 -0.000064199 0.001067132 0.000059447 1.000000000 0.000154586 0.000090614 0.000064190 -0.000154590 1.000000000 0.001605277
1.000000000 0.000099100 0.000021305 -0.000049237 -0.000099105 1.000000000 0.000212741 -0.000876350 -0.000021284 -0.000212743 1.000000000 -0.000168782
1.000000000 -0.000106525 -0.000071574 0.000924967 0.000106521 1.000000000 -0.000050943 0.000779400 0.000071579 0.000050935 1.000000000 -0.000676120
1.000000000 -0.000131682 -0.000054254 0.000706981 0.000131682 1.000000000 -0.000001670 0.000067332 0.000054254 0.000001663 1.000000000 -0.000151325
1.000000000 -0.000127546 -0.000007469 0.000676717 0.000127547 1.000000000 0.000101196 -0.000440562 0.000007456 -0.000101197 1.000000000 -0.000728879
1.000000000 0.000091336 0.000048543 -0.000334712 -0.000091338 1.000000000 0.000036695 -0.000246875 -0.000048540 -0.000036700 1.000000000 -0.000850832
1.000000000 0.000154315 -0.000023332 -0.000264794 -0.000154313 1.000000000 0.000092697 0.000243973 0.000023347 -0.000092694 1.000000000 0.001652765
1.000000000 -0.000200512 -0.000071549 0.001140196 0.000200518 1.000000000 0.000082925 -0.000105198 0.000071533 -0.000082939 1.000000000 0.000337568
1.000000000 0.000058271 0.000024417 -0.000224636 -0.000058275 1.000000000 0.000173741 -0.000274995 -0.000024407 -0.000173743 1.000000000 0.000166980
1.000000000 -0.000178518 -0.000023377 0.001527300 0.000178519 1.000000000 0.000042920 0.000569579 0.000023369 -0.000042924 1.000000000 -0.000399253
1.000000000 -0.000138343 0.000169034 -0.000285452 0.000138344 1.000000000 -0.000005335 0.000503889 -0.000169033 0.000005359 1.000000000 0.001887166
1.000000000 0.000051945 0.000197436 -0.000296495 -0.000051843 0.999999881 -0.000516918 -0.002848814 -0.000197463 0.000516908 0.999999821 0.050536074
0.999999940 0.000300204 0.000068901 0.001022572 -0.000300122 0.999999285 -0.001187924 -0.004599214 -0.000069258 0.001187903 0.999999285 0.136799470
1.000000000 0.000405735 -0.000093711 0.003548779 -0.000405866 0.999998987 -0.001409193 -0.008064497 0.000093139 0.001409231 0.999998987 0.254030645
1.000000000 0.000089475 -0.000032461 0.006941021 -0.000089512 0.999999344 -0.001154571 -0.014434952 0.000032357 0.001154574 0.999999344 0.385030955
1.000000000 0.000255257 -0.000097597 0.010185041 -0.000255381 0.999999166 -0.001273369 -0.017962599 0.000097272 0.001273394 0.999999225 0.524279833
0.999999881 -0.000169628 -0.000244993 0.013691077 0.000169361 0.999999404 -0.001090686 -0.021656867 0.000245177 0.001090644 0.999999404 0.679561019
1.000000000 0.000018049 -0.000091901 0.017966555 -0.000018120 0.999999762 -0.000772888 -0.026204737 0.000091887 0.000772890 0.999999702 0.841519237
0.999999881 -0.000104066 -0.000289095 0.020550663 0.000103852 0.999999702 -0.000740042 -0.030329686 0.000289172 0.000740012 0.999999702 1.009980440
1.000000000 0.000097432 0.000006482 0.022355441 -0.000097429 0.999999881 -0.000448714 -0.036196478 -0.000006526 0.000448713 0.999999821 1.188734889
0.999999940 -0.000247466 -0.000256723 0.029172795 0.000247323 0.999999821 -0.000557232 -0.038653973 0.000256861 0.000557168 0.999999821 1.377612948
1.000000000 0.000149829 -0.000177882 0.031812374 -0.000149938 0.999999821 -0.000617540 -0.043398950 0.000177790 0.000617567 0.999999762 1.566346049
0.999999821 0.000499946 0.000066833 0.032497581 -0.000499931 0.999999821 -0.000228480 -0.049357817 -0.000066947 0.000228447 0.999999940 1.770310402
0.999999762 0.000621099 -0.000177347 0.037276451 -0.000621147 0.999999762 -0.000271530 -0.054249991 0.000177178 0.000271640 0.999999940 1.967214942
0.999999881 0.000274765 0.000128717 0.040371213 -0.000274768 0.999999940 0.000018248 -0.063856862 -0.000128712 -0.000018283 0.999999940 2.182638645
0.999999940 0.000299123 0.000203927 0.044192705 -0.000299144 0.999999940 0.000100736 -0.068636224 -0.000203897 -0.000100797 1.000000000 2.401453495
0.999999881 0.000261830 0.000471534 0.049034584 -0.000261900 0.999999881 0.000147586 -0.076213948 -0.000471496 -0.000147709 0.999999821 2.625763416
0.999999881 0.000491647 0.000384649 0.053822782 -0.000491709 0.999999881 0.000160825 -0.081506968 -0.000384570 -0.000161015 0.999999881 2.859509468
0.999999702 0.000652586 0.000445140 0.055079706 -0.000652732 0.999999702 0.000327905 -0.091214433 -0.000444926 -0.000328195 0.999999821 3.086157799
0.999999881 0.000370697 0.000211637 0.063077524 -0.000370743 0.999999881 0.000218935 -0.097245909 -0.000211555 -0.000219013 0.999999940 3.336974382
0.999999881 0.000201488 0.000328873 0.068290748 -0.000201649 0.999999821 0.000490930 -0.105568230 -0.000328774 -0.000490996 0.999999821 3.581214428
0.999999881 -0.000229536 0.000212038 0.072809190 0.000229451 0.999999881 0.000403099 -0.109775536 -0.000212131 -0.000403050 0.999999821 3.836646557
0.999999881 -0.000384587 0.000193024 0.078445569 0.000384539 0.999999881 0.000246592 -0.114040196 -0.000193119 -0.000246518 0.999999881 4.093734264
0.999999881 0.000214258 0.000460564 0.081691138 -0.000214591 0.999999702 0.000721680 -0.124891192 -0.000460410 -0.000721779 0.999999642 4.357252121
0.999999762 0.000245828 0.000623810 0.087483749 -0.000246137 0.999999821 0.000495430 -0.129585996 -0.000623688 -0.000495584 0.999999702 4.618020535
0.999999821 -0.000294155 0.000540666 0.093443990 0.000293828 0.999999762 0.000603997 -0.137239471 -0.000540844 -0.000603838 0.999999702 4.876395702
0.999999881 0.000129058 0.000510205 0.098675884 -0.000129566 0.999999523 0.000994274 -0.147617996 -0.000510076 -0.000994340 0.999999404 5.133718967
0.999999881 -0.000367674 0.000497239 0.108107314 0.000367218 0.999999523 0.000916446 -0.154097542 -0.000497576 -0.000916263 0.999999464 5.411502361
0.999999702 0.000220757 0.000632285 0.109599628 -0.000221338 0.999999583 0.000919000 -0.162689984 -0.000632082 -0.000919139 0.999999404 5.670151711
0.999999881 -0.000283393 0.000246539 0.117899530 0.000283012 0.999998808 0.001542363 -0.174099803 -0.000246976 -0.001542293 0.999998808 5.942197323
0.999999881 0.000182665 0.000365325 0.126761660 -0.000182974 0.999999642 0.000846238 -0.176352382 -0.000365170 -0.000846305 0.999999583 6.221683025
0.999999762 0.000381494 0.000529289 0.128919691 -0.000381917 0.999999642 0.000798309 -0.181240723 -0.000528984 -0.000798511 0.999999583 6.502327442
0.999999821 0.000361278 0.000431692 0.134407401 -0.000361645 0.999999583 0.000849554 -0.193033114 -0.000431385 -0.000849710 0.999999523 6.793286800
0.999999523 0.000317962 0.000909436 0.136988312 -0.000318831 0.999999464 0.000955815 -0.204554260 -0.000909131 -0.000956105 0.999999046 7.074134827
0.999999464 0.000554676 0.000862599 0.143979445 -0.000555646 0.999999166 0.001124320 -0.214860305 -0.000861975 -0.001124798 0.999998987 7.377072334
0.999998212 0.000847833 0.001677083 0.146054864 -0.000849522 0.999999106 0.001006484 -0.222585291 -0.001676228 -0.001007907 0.999998093 7.686527729
0.999997914 0.000954318 0.001785721 0.152712733 -0.000956184 0.999998987 0.001044527 -0.230974108 -0.001784722 -0.001046233 0.999997854 8.001065254
0.999997497 0.001078156 0.001963455 0.156645745 -0.001080494 0.999998689 0.001189773 -0.240561530 -0.001962169 -0.001191891 0.999997377 8.323059082
0.999996960 0.001105457 0.002202251 0.162990898 -0.001107938 0.999998748 0.001125788 -0.251036078 -0.002201003 -0.001128225 0.999996960 8.644617081
0.999995828 0.001021294 0.002700358 0.165612862 -0.001024520 0.999998689 0.001193310 -0.259319365 -0.002699136 -0.001196072 0.999995649 8.982144356
0.999996483 0.000943411 0.002488142 0.174255818 -0.000946313 0.999998868 0.001165400 -0.268581957 -0.002487040 -0.001167751 0.999996245 9.317696571
0.999996245 0.001323034 0.002376653 0.182133824 -0.001324937 0.999998808 0.000799299 -0.274239033 -0.002375592 -0.000802445 0.999996781 9.664949417
0.999996543 0.001358707 0.002235352 0.193518803 -0.001360693 0.999998689 0.000887172 -0.285012037 -0.002234144 -0.000890210 0.999997079 10.007317543
0.999997675 0.001050291 0.001950656 0.204668254 -0.001052114 0.999998987 0.000933833 -0.297440350 -0.001949673 -0.000935883 0.999997675 10.363378525
0.999995649 0.001338845 0.002621281 0.205867067 -0.001342187 0.999998271 0.001273865 -0.310561180 -0.002619571 -0.001277378 0.999995768 10.721574783
0.999997675 0.001290881 0.001699152 0.224250168 -0.001292839 0.999998510 0.001152036 -0.317031831 -0.001697663 -0.001154230 0.999997914 11.084580421
0.999995589 0.001540855 0.002510727 0.227350995 -0.001543510 0.999998271 0.001055899 -0.327663034 -0.002509095 -0.001059770 0.999996305 11.462279320
0.999996662 0.001037036 0.002375033 0.240357682 -0.001039950 0.999998689 0.001226204 -0.336513430 -0.002373758 -0.001228670 0.999996364 11.842110634
0.999994934 0.001202592 0.002949761 0.244468808 -0.001205844 0.999998689 0.001100850 -0.349257171 -0.002948433 -0.001104401 0.999995053 12.226979256
0.999993920 0.001380338 0.003185600 0.254827112 -0.001382486 0.999998808 0.000672069 -0.356873542 -0.003184668 -0.000676469 0.999994695 12.623308182
0.999994755 0.001322182 0.002957067 0.264251590 -0.001326184 0.999998152 0.001351816 -0.369728416 -0.002955274 -0.001355730 0.999994695 13.016506195
0.999993503 0.001708126 0.003182818 0.274909347 -0.001711368 0.999998033 0.001016115 -0.380992442 -0.003181076 -0.001021556 0.999994397 13.416560173
0.999993026 0.001342745 0.003465679 0.284992307 -0.001345348 0.999998808 0.000748730 -0.388268679 -0.003464670 -0.000753388 0.999993742 13.829586983
0.999992847 0.001272391 0.003560924 0.295847803 -0.001276683 0.999998450 0.001203194 -0.401518226 -0.003559387 -0.001207732 0.999992907 14.253566742
0.999989510 0.001471241 0.004332148 0.303896040 -0.001475212 0.999998450 0.000913594 -0.413246930 -0.004330797 -0.000919975 0.999990225 14.669303894
0.999988198 0.001844076 0.004497710 0.314975560 -0.001847062 0.999998093 0.000659909 -0.426445484 -0.004496484 -0.000668208 0.999989688 15.099341393
0.999987960 0.001991133 0.004482221 0.327694446 -0.001996065 0.999997318 0.001096164 -0.439936936 -0.004480028 -0.001105097 0.999989331 15.545213699
0.999986470 0.002173005 0.004722511 0.340404510 -0.002179397 0.999996722 0.001348775 -0.453590035 -0.004719565 -0.001359049 0.999987960 15.995951653
0.999989629 0.001676450 0.004220302 0.356128842 -0.001679330 0.999998331 0.000679072 -0.459455818 -0.004219155 -0.000686152 0.999990821 16.447788239
0.999987006 0.001733055 0.004789934 0.362109721 -0.001735308 0.999998331 0.000466053 -0.469462007 -0.004789118 -0.000474359 0.999988377 16.903787613
0.999986887 0.001832464 0.004767541 0.374401748 -0.001836498 0.999998093 0.000841873 -0.484471858 -0.004765988 -0.000850617 0.999988258 17.364774704
0.999984801 0.001676633 0.005248161 0.383211881 -0.001682939 0.999997795 0.001197592 -0.501832008 -0.005246142 -0.001206407 0.999985516 17.817001343
0.999982774 0.002497004 0.005311851 0.395042717 -0.002503526 0.999996126 0.001221530 -0.515814364 -0.005308780 -0.001234808 0.999985158 18.290159225
0.999988139 0.000557723 0.004821516 0.413537920 -0.000562787 0.999999225 0.001048919 -0.527768612 -0.004820927 -0.001051620 0.999987841 18.757829666
0.999982893 0.000728990 0.005808707 0.417576939 -0.000741247 0.999997556 0.002108127 -0.529924691 -0.005807156 -0.002112396 0.999980867 19.282720566
0.999987066 0.000546068 0.005039299 0.437126637 -0.000548692 0.999999702 0.000519434 -0.548200309 -0.005039014 -0.000522193 0.999987125 19.726884842
0.999991536 0.000356372 0.004102717 0.458611637 -0.000361369 0.999999166 0.001217298 -0.566487789 -0.004102279 -0.001218770 0.999990821 20.210327148
0.999991059 0.000546636 0.004186532 0.468093038 -0.000549350 0.999999642 0.000647047 -0.573543012 -0.004186177 -0.000649341 0.999991000 20.700723648
0.999992073 0.000558276 0.003946192 0.478772014 -0.000563788 0.999998868 0.001395806 -0.594594777 -0.003945408 -0.001398020 0.999991238 21.185441971
0.999993086 0.000487833 0.003675999 0.486791670 -0.000491751 0.999999285 0.001064988 -0.599580526 -0.003675477 -0.001066789 0.999992669 21.690660477
0.999995828 0.000483394 0.002857372 0.499531031 -0.000487474 0.999998868 0.001427532 -0.621761739 -0.002856679 -0.001428919 0.999994874 22.198137283
0.999997377 0.000393695 0.002235248 0.511363864 -0.000396473 0.999999166 0.001242521 -0.629936755 -0.002234757 -0.001243404 0.999996722 22.718595505
0.999998271 0.000484853 0.001794920 0.521393776 -0.000487054 0.999999225 0.001226040 -0.648925185 -0.001794324 -0.001226912 0.999997556 23.222944260
0.999999404 0.000441842 0.000989724 0.533578038 -0.000442854 0.999999404 0.001022726 -0.662453294 -0.000989272 -0.001023164 0.999998987 23.743537903
0.999999523 -0.000928879 -0.000177926 0.547978461 0.000929025 0.999999225 0.000822225 -0.679047585 0.000177162 -0.000822390 0.999999583 24.270608902
0.999999881 0.000373326 -0.000152108 0.546755433 -0.000373064 0.999998450 0.001718844 -0.701026261 0.000152750 -0.001718787 0.999998510 24.787042618
0.999999583 0.000180718 -0.000924929 0.549720109 -0.000179193 0.999998629 0.001648330 -0.719150186 0.000925226 -0.001648164 0.999998212 25.304658890
0.999999344 0.000527920 -0.001023453 0.561542273 -0.000526714 0.999999166 0.001177960 -0.723139107 0.001024074 -0.001177421 0.999998748 25.865602493
0.999998152 0.001104248 -0.001591347 0.568948328 -0.001103319 0.999999285 0.000584101 -0.732474029 0.001591990 -0.000582344 0.999998569 26.416360855
0.999997914 0.000417287 -0.001993789 0.579074383 -0.000413461 0.999998093 0.001919166 -0.753875434 0.001994586 -0.001918338 0.999996185 26.985311508
0.999997199 0.000254090 -0.002352961 0.596016288 -0.000251383 0.999999285 0.001150958 -0.770696282 0.002353251 -0.001150363 0.999996543 27.531078339
0.999996603 0.000727334 -0.002494532 0.598076463 -0.000724952 0.999999285 0.000955866 -0.783623695 0.002495225 -0.000954054 0.999996364 28.083688736
0.999996185 0.000921458 -0.002613804 0.607300282 -0.000920402 0.999999523 0.000405239 -0.790103137 0.002614176 -0.000402832 0.999996483 28.641874313
0.999995053 0.000643501 -0.003078001 0.617338955 -0.000641373 0.999999583 0.000692409 -0.801534235 0.003078445 -0.000690431 0.999995053 29.187988281
0.999993145 0.000984786 -0.003566810 0.630789042 -0.000983989 0.999999404 0.000224916 -0.817698121 0.003567030 -0.000221405 0.999993622 29.734552383
0.999996126 0.000962793 -0.002593197 0.622136772 -0.000960806 0.999999225 0.000767581 -0.831330538 0.002593934 -0.000765087 0.999996305 30.286575317
0.999991775 0.002324467 -0.003329788 0.637329578 -0.002322427 0.999997139 0.000616247 -0.850601137 0.003331211 -0.000608509 0.999994278 30.818510056
0.999994278 0.001421800 -0.003062811 0.643747389 -0.001420501 0.999998927 0.000426243 -0.874482691 0.003063414 -0.000421890 0.999995232 31.357654572
0.999992609 0.001548655 -0.003519650 0.643230736 -0.001545610 0.999998391 0.000867965 -0.885632455 0.003520989 -0.000862518 0.999993384 31.933847427
0.999993324 0.002275373 -0.002857730 0.653696001 -0.002272518 0.999996901 0.001001792 -0.910063744 0.002860001 -0.000995291 0.999995410 32.466129303
0.999990642 0.001827763 -0.003920456 0.661101878 -0.001826133 0.999998271 0.000419159 -0.918723464 0.003921215 -0.000411996 0.999992251 33.012306213
0.999987602 0.002153189 -0.004470275 0.675040901 -0.002152217 0.999997616 0.000222383 -0.929233193 0.004470743 -0.000212759 0.999989986 33.575885773
0.999986351 0.002183142 -0.004741638 0.677422166 -0.002183425 0.999997616 -0.000054620 -0.940481067 0.004741507 0.000064972 0.999988735 34.104061127
0.999983311 0.002545956 -0.005180078 0.690024257 -0.002544820 0.999996722 0.000225931 -0.962900996 0.005180636 -0.000212745 0.999986529 34.635005951
0.999982536 0.001087214 -0.005810568 0.697858334 -0.001085744 0.999999404 0.000256010 -0.973107696 0.005810843 -0.000249696 0.999983072 35.166900635
0.999982595 0.001983884 -0.005560240 0.701841176 -0.001986460 0.999997914 -0.000457805 -0.969740033 0.005559321 0.000468842 0.999984443 35.733409882
0.999987185 0.001769675 -0.004739653 0.691338360 -0.001767319 0.999998271 0.000501256 -1.007862926 0.004740532 -0.000492873 0.999988616 36.249248505
0.999983072 0.000983787 -0.005734129 0.716934681 -0.000983523 0.999999523 0.000048814 -1.021085024 0.005734175 -0.000043174 0.999983549 36.803611755
0.999983609 0.001701576 -0.005463751 0.715265810 -0.001699122 0.999998450 0.000453752 -1.034362674 0.005464514 -0.000444461 0.999984980 37.363651276
0.999983430 0.002712857 -0.005080082 0.716430604 -0.002714260 0.999996245 -0.000269301 -1.042809725 0.005079334 0.000283085 0.999987066 37.912246704
0.999984324 0.001219324 -0.005483810 0.726566851 -0.001217298 0.999999285 0.000372851 -1.064818501 0.005484261 -0.000366169 0.999984920 38.468257904
0.999984980 0.002182428 -0.005023916 0.727193475 -0.002177228 0.999997079 0.001040393 -1.092457771 0.005026172 -0.001029439 0.999986827 38.998737335
0.999984741 0.001774703 -0.005228726 0.737290680 -0.001771934 0.999998212 0.000534282 -1.101336241 0.005229665 -0.000525009 0.999986172 39.546466827
0.999988019 0.001198577 -0.004742173 0.740626514 -0.001192651 0.999998510 0.001252352 -1.125358820 0.004743667 -0.001246681 0.999987960 40.085521698
0.999986589 0.001627108 -0.004912300 0.750991225 -0.001625858 0.999998629 0.000258497 -1.123086572 0.004912714 -0.000250507 0.999987900 40.652610779
0.999982059 0.002059364 -0.005610527 0.764366031 -0.002058699 0.999997854 0.000124350 -1.142531753 0.005610771 -0.000112797 0.999984264 41.181823730
0.999980092 0.001955183 -0.005997179 0.772051811 -0.001954747 0.999998033 0.000078722 -1.154771566 0.005997321 -0.000066998 0.999981999 41.730197906
0.999977648 0.001435176 -0.006523975 0.778546333 -0.001441037 0.999998510 -0.000893781 -1.168574810 0.006522682 0.000903162 0.999978304 42.279651642
0.999976456 0.002060453 -0.006561310 0.785982132 -0.002059204 0.999997854 0.000197145 -1.178643823 0.006561704 -0.000183629 0.999978423 42.825458527
0.999974430 0.001897600 -0.006892758 0.791486621 -0.001903676 0.999997795 -0.000875040 -1.175353050 0.006891082 0.000888139 0.999975860 43.363952637
0.999972582 0.001547478 -0.007245475 0.791663527 -0.001547857 0.999998927 -0.000046744 -1.210108638 0.007245395 0.000057957 0.999973714 43.908275604
0.999970853 0.001153899 -0.007547555 0.800006747 -0.001150985 0.999999285 0.000390278 -1.229241967 0.007547999 -0.000381579 0.999971449 44.446510315
0.999966979 0.002219510 -0.007812075 0.815006256 -0.002213029 0.999997199 0.000838157 -1.258461833 0.007813913 -0.000820841 0.999969125 44.970081329
0.999971211 0.001290903 -0.007476950 0.811682940 -0.001292853 0.999999106 -0.000256036 -1.249944687 0.007476614 0.000265695 0.999971986 45.498104095
0.999975085 0.001040530 -0.006977653 0.809730053 -0.001034938 0.999999166 0.000805026 -1.277318478 0.006978485 -0.000797784 0.999975324 46.050945282
0.999975204 0.001685313 -0.006825326 0.810732961 -0.001684397 0.999998689 0.000140083 -1.288967848 0.006825552 -0.000128583 0.999976695 46.607254028
0.999967337 0.000034419 -0.008100357 0.825014710 -0.000031163 0.999999940 0.000402024 -1.316512465 0.008100371 -0.000401759 0.999967098 47.113796234
0.999977171 0.001768055 -0.006518064 0.820476592 -0.001763434 0.999998212 0.000714616 -1.321487427 0.006519316 -0.000703106 0.999978483 47.707458496
0.999974787 0.001503677 -0.006929428 0.833650827 -0.001499691 0.999998689 0.000580243 -1.338297248 0.006930292 -0.000569837 0.999975801 48.278274536
0.999974966 0.001684110 -0.006870463 0.846607268 -0.001682795 0.999998569 0.000197074 -1.348647594 0.006870785 -0.000185508 0.999976397 48.825794220
0.999977767 0.002216857 -0.006308909 0.851673245 -0.002218945 0.999997497 -0.000323977 -1.349017739 0.006308176 0.000337969 0.999980032 49.372241974
0.999977469 0.001960415 -0.006414681 0.865494967 -0.001960538 0.999998093 -0.000012916 -1.377717376 0.006414643 0.000025492 0.999979377 49.909473419
0.999978662 0.002351715 -0.006098283 0.858511329 -0.002352403 0.999997199 -0.000105561 -1.388257265 0.006098018 0.000119905 0.999981403 50.465023041
0.999983251 0.002389973 -0.005274016 0.865133047 -0.002389349 0.999997079 0.000124647 -1.412763596 0.005274299 -0.000112043 0.999986053 50.975875854
0.999981880 0.002577002 -0.005445751 0.882320762 -0.002575893 0.999996662 0.000210569 -1.423359156 0.005446276 -0.000196537 0.999985099 51.536663055
0.999979496 0.002613247 -0.005871261 0.899736643 -0.002613098 0.999996603 0.000033256 -1.445662498 0.005871329 -0.000017913 0.999982774 52.071971893
0.999982595 0.001799481 -0.005615470 0.905011773 -0.001799177 0.999998391 0.000059313 -1.462909102 0.005615568 -0.000049208 0.999984145 52.607955933
0.999984443 0.001743194 -0.005294643 0.914743960 -0.001740800 0.999998391 0.000456800 -1.486232638 0.005295431 -0.000447576 0.999985874 53.141452789
0.999983549 0.002965254 -0.004913446 0.909830093 -0.002962271 0.999995410 0.000614176 -1.507789493 0.004915245 -0.000599611 0.999987721 53.691913605
0.999984205 0.002697678 -0.004932705 0.918440104 -0.002696500 0.999996305 0.000245406 -1.523148417 0.004933349 -0.000232101 0.999987781 54.225540161
0.999979615 0.002576964 -0.005830423 0.935624719 -0.002574138 0.999996543 0.000492213 -1.536342621 0.005831670 -0.000477194 0.999982893 54.780281067
0.999983907 0.002864065 -0.004902876 0.934508324 -0.002861870 0.999995768 0.000454762 -1.559982538 0.004904159 -0.000440724 0.999987900 55.298145294
0.999981999 0.003137771 -0.005133841 0.949792624 -0.003133293 0.999994695 0.000880310 -1.574509859 0.005136577 -0.000864208 0.999986351 55.829524994
0.999981821 0.002420536 -0.005512602 0.965245605 -0.002417055 0.999996901 0.000638273 -1.584133148 0.005514129 -0.000624937 0.999984622 56.378784180
0.999982357 0.003489026 -0.004807997 0.963462591 -0.003486662 0.999993920 0.000499856 -1.601401925 0.004809712 -0.000483083 0.999988317 56.924480438
0.999985039 0.003105258 -0.004504404 0.963544726 -0.003100831 0.999994814 0.000989394 -1.620044470 0.004507454 -0.000975412 0.999989331 57.476631165
0.999983788 0.003155777 -0.004738072 0.974174142 -0.003152890 0.999994755 0.000616523 -1.633177519 0.004739994 -0.000601574 0.999988556 58.022636414
0.999984622 0.003312236 -0.004441928 0.977418780 -0.003310100 0.999994397 0.000487993 -1.644732833 0.004443520 -0.000473282 0.999989986 58.574310303
0.999986351 0.002931997 -0.004325463 0.980634570 -0.002932494 0.999995708 -0.000108387 -1.650414705 0.004325127 0.000121070 0.999990642 59.114330292
0.999986172 0.002507720 -0.004628251 0.990343571 -0.002509679 0.999996901 -0.000417658 -1.674208283 0.004627189 0.000429268 0.999989152 59.652721405
0.999985576 0.003675587 -0.003953541 0.994756758 -0.003675571 0.999993265 0.000011343 -1.691452265 0.003953556 0.000003189 0.999992192 60.211708069
0.999987125 0.003304742 -0.003834060 1.000168443 -0.003304766 0.999994516 0.000000268 -1.704655647 0.003834040 0.000012403 0.999992609 60.740608215
0.999987423 0.003264957 -0.003814416 1.018246770 -0.003266101 0.999994576 -0.000293749 -1.721710920 0.003813436 0.000306204 0.999992609 61.289081573
0.999987423 0.003371569 -0.003689048 1.035057783 -0.003370042 0.999994218 0.000419911 -1.746401906 0.003690442 -0.000407474 0.999993086 61.832355499
0.999988019 0.003600169 -0.003315347 1.038439631 -0.003599762 0.999993503 0.000129148 -1.752736568 0.003315791 -0.000117212 0.999994457 62.378849030
0.999986470 0.003869366 -0.003514658 1.054743767 -0.003867364 0.999992371 0.000576586 -1.782948256 0.003516862 -0.000562985 0.999993682 62.916446686
0.999989212 0.003589889 -0.002953338 1.053436279 -0.003588487 0.999993563 0.000479372 -1.798345327 0.002955040 -0.000468769 0.999995470 63.464988708
0.999986887 0.003922352 -0.003292874 1.062695622 -0.003922377 0.999992311 -0.000001319 -1.809403181 0.003292844 0.000014235 0.999994576 64.025444031
0.999989688 0.003461801 -0.002976849 1.066246748 -0.003460844 0.999993920 0.000326480 -1.828620672 0.002977962 -0.000316175 0.999995530 64.568649292
0.999987781 0.003696175 -0.003291429 1.075443745 -0.003695913 0.999993086 0.000085601 -1.837576032 0.003291723 -0.000073435 0.999994576 65.112785339
0.999987185 0.003817312 -0.003329888 1.087182760 -0.003816715 0.999992728 0.000185467 -1.856321096 0.003330572 -0.000172756 0.999994457 65.662467957
0.999988019 0.003524191 -0.003430564 1.090599418 -0.003522265 0.999993563 0.000567252 -1.874403119 0.003432542 -0.000555162 0.999993920 66.211738586
0.999986649 0.003396336 -0.003889683 1.101056457 -0.003395675 0.999994218 0.000176738 -1.885802746 0.003890260 -0.000163528 0.999992430 66.760993958
0.999987543 0.003566586 -0.003484221 1.112563610 -0.003564143 0.999993324 0.000707111 -1.907325745 0.003486720 -0.000694684 0.999993682 67.306228638
0.999989510 0.003123730 -0.003343803 1.121150494 -0.003123041 0.999995053 0.000211392 -1.917416930 0.003344447 -0.000200947 0.999994397 67.846504211
0.999987185 0.003776444 -0.003376563 1.127123594 -0.003775156 0.999992788 0.000387913 -1.944907188 0.003378004 -0.000375161 0.999994218 68.382621765
0.999984980 0.004216830 -0.003499339 1.135562062 -0.004216085 0.999991059 0.000220471 -1.958199382 0.003500238 -0.000205714 0.999993801 68.926933289
0.999987185 0.003937534 -0.003175658 1.145874858 -0.003937738 0.999992251 -0.000057994 -1.972229123 0.003175405 0.000070498 0.999994934 69.479621887
0.999984443 0.004095590 -0.003782066 1.154950142 -0.004096258 0.999991536 -0.000168905 -1.984510183 0.003781342 0.000184395 0.999992788 70.021430969
0.999984026 0.004059194 -0.003932448 1.158745766 -0.004058026 0.999991715 0.000304963 -2.003769159 0.003933653 -0.000289000 0.999992192 70.558311462
0.999979436 0.004396222 -0.004664645 1.169685841 -0.004397764 0.999990284 -0.000320487 -2.013824463 0.004663191 0.000340994 0.999989092 71.106094360
0.999985993 0.003140630 -0.004259634 1.184327126 -0.003142119 0.999994934 -0.000342910 -2.028821945 0.004258537 0.000356289 0.999990821 71.663841248
0.999985993 0.003249358 -0.004183568 1.185996652 -0.003251316 0.999994576 -0.000461473 -2.034389496 0.004182046 0.000475069 0.999991059 72.211715698
0.999982476 0.002656891 -0.005295388 1.211361408 -0.002657504 0.999996483 -0.000108640 -2.071739197 0.005295082 0.000122710 0.999985933 72.721565247
0.999987245 0.001820878 -0.004711191 1.194236755 -0.001825843 0.999997795 -0.001049852 -2.069431305 0.004709269 0.001058440 0.999988377 73.314292908
0.999984324 0.003202634 -0.004593793 1.214021444 -0.003200888 0.999994814 0.000387419 -2.097256660 0.004595011 -0.000372709 0.999989331 73.852119446
0.999986112 0.002903295 -0.004393010 1.224330544 -0.002907737 0.999995291 -0.001005088 -2.094560146 0.004390072 0.001017848 0.999989808 74.426895142
0.999980986 0.004002351 -0.004689625 1.228738546 -0.004000452 0.999991894 0.000414376 -2.126920223 0.004691246 -0.000395607 0.999988914 74.953865051
0.999983847 0.003285964 -0.004641800 1.235766292 -0.003290817 0.999994040 -0.001038297 -2.124852180 0.004638361 0.001053555 0.999988675 75.495597839
0.999988377 0.001767528 -0.004492316 1.245178699 -0.001770928 0.999998152 -0.000753020 -2.153300047 0.004490977 0.000760967 0.999989629 76.064552307
0.999984145 0.003775086 -0.004182448 1.254352212 -0.003779598 0.999992251 -0.001071686 -2.160494328 0.004178370 0.001087477 0.999990642 76.593849182
0.999986231 0.002980272 -0.004319933 1.267026186 -0.002986742 0.999994397 -0.001491898 -2.181495428 0.004315463 0.001504781 0.999989510 77.161354065
0.999982357 0.003608003 -0.004713195 1.290572047 -0.003613368 0.999992788 -0.001130171 -2.205152512 0.004709084 0.001147181 0.999988258 77.650444031
0.999985158 0.002998351 -0.004540396 1.284102798 -0.003004483 0.999994576 -0.001344254 -2.200869560 0.004536341 0.001357876 0.999988794 78.251861572
0.999985397 0.002892985 -0.004564459 1.283245325 -0.002899409 0.999994814 -0.001401503 -2.220196247 0.004560381 0.001414717 0.999988616 78.797477722
0.999985814 0.002844893 -0.004506829 1.304193854 -0.002851309 0.999994934 -0.001417847 -2.249641180 0.004502773 0.001430677 0.999988794 79.358642578
0.999990582 0.002446868 -0.003577817 1.317087173 -0.002452581 0.999995708 -0.001593226 -2.254329443 0.003573903 0.001601986 0.999992311 79.935279846
0.999989271 0.003419829 -0.003117222 1.304924488 -0.003426668 0.999991715 -0.002191243 -2.266863346 0.003109703 0.002201902 0.999992728 80.441406250
0.999992549 0.003179103 -0.002160970 1.300163984 -0.003181655 0.999994218 -0.001178323 -2.289947033 0.002157212 0.001185189 0.999996960 81.026733398
0.999995470 0.002567918 -0.001588203 1.327649713 -0.002570930 0.999994874 -0.001897526 -2.300029993 0.001583322 0.001901601 0.999996960 81.518264771
0.999998748 0.001582549 0.000135153 1.316418409 -0.001582156 0.999994636 -0.002865000 -2.298844099 -0.000139686 0.002864782 0.999995828 82.076972961
0.999999166 0.000555078 0.001163059 1.338538766 -0.000551632 0.999995470 -0.002960575 -2.333878040 -0.001164696 0.002959931 0.999994934 82.580657959
0.999974132 0.004379121 0.005702032 1.353232384 -0.004369969 0.999989092 -0.001616582 -2.357983589 -0.005709051 0.001591622 0.999982357 83.137992859
0.999958217 0.002740050 0.008722532 1.394240379 -0.002720200 0.999993682 -0.002286849 -2.373005867 -0.008728743 0.002263027 0.999959350 83.668792725
0.999920309 0.004085019 0.011940068 1.392759323 -0.004068962 0.999990702 -0.001368773 -2.413778305 -0.011945549 0.001320079 0.999927700 84.223503113
0.999848366 0.003624590 0.017033109 1.412179947 -0.003599394 0.999992311 -0.001509707 -2.421555281 -0.017038448 0.001448169 0.999853790 84.747787476
0.999726415 0.002932025 0.023205612 1.432726264 -0.002876580 0.999992907 -0.002422307 -2.416065693 -0.023212552 0.002354892 0.999727726 85.313354492
0.999574542 0.004065734 0.028877756 1.477428794 -0.004020883 0.999990582 -0.001611030 -2.448044300 -0.028884031 0.001494231 0.999581635 85.851959229
0.999382794 0.004483575 0.034839347 1.513672352 -0.004454206 0.999989629 -0.000920535 -2.489728451 -0.034843121 0.000764785 0.999392450 86.386917114
0.999030590 0.003550916 0.043878537 1.550627947 -0.003465349 0.999991953 -0.002025999 -2.486585617 -0.043885376 0.001871982 0.999034822 86.969329834
0.998651862 0.003312171 0.051802576 1.596564293 -0.003235512 0.999993682 -0.001563635 -2.504937649 -0.051807415 0.001393919 0.998656094 87.495971680
0.998270810 0.002329493 0.058736797 1.636922121 -0.002182717 0.999994338 -0.002562891 -2.500859976 -0.058742441 0.002430253 0.998270154 88.030563354
0.997666001 0.003932223 0.068169795 1.677793503 -0.003818225 0.999991059 -0.001802487 -2.526313782 -0.068176284 0.001537993 0.997672021 88.582817078
0.996934652 0.003392272 0.078165166 1.746589184 -0.003241682 0.999992609 -0.002053403 -2.549097300 -0.078171544 0.001793722 0.996938229 89.086891174
0.996220410 0.002972357 0.086810634 1.823538780 -0.002748655 0.999992549 -0.002696315 -2.556456804 -0.086818017 0.002447511 0.996221304 89.636940002
0.995463252 0.003162185 0.095093295 1.873458862 -0.002995554 0.999993742 -0.001894991 -2.581548929 -0.095098697 0.001601538 0.995466590 90.135505676
0.994370341 0.003766536 0.105893716 1.940989017 -0.003543796 0.999991119 -0.002291516 -2.588433743 -0.105901420 0.001903350 0.994374812 90.690551758
0.993174314 0.002474662 0.116613284 2.026448250 -0.002149998 0.999993443 -0.002909830 -2.589921474 -0.116619721 0.002639249 0.993173122 91.240959167
0.992065370 0.002403962 0.125699982 2.110364914 -0.002055024 0.999993682 -0.002905554 -2.612148523 -0.125706181 0.002624183 0.992064059 91.780715942
0.990547478 0.002507600 0.137147248 2.202058792 -0.002151411 0.999993920 -0.002745290 -2.628940105 -0.137153298 0.002424280 0.990546882 92.321189880
0.988770306 0.002464710 0.149422839 2.302228928 -0.002043025 0.999993443 -0.002975524 -2.638666630 -0.149429202 0.002636835 0.988768935 92.865531921
0.987016499 0.002040005 0.160605967 2.393932343 -0.001576595 0.999994218 -0.003012762 -2.654591084 -0.160611182 0.002720436 0.987013996 93.391700745
0.985222280 0.002308040 0.171265841 2.494145393 -0.001811293 0.999993682 -0.003056654 -2.669030905 -0.171271801 0.002701271 0.985220134 93.931480408
0.982923687 0.002278705 0.183999419 2.615291595 -0.001754891 0.999993920 -0.003009617 -2.684133530 -0.184005126 0.002635325 0.982921720 94.438308716
0.980496705 0.001552996 0.196529299 2.743337631 -0.001006626 0.999995351 -0.002879956 -2.705089092 -0.196532845 0.002625955 0.980493665 94.980163574
0.978382945 0.000795668 0.206799626 2.870262146 -0.000169535 0.999995291 -0.003045434 -2.714049816 -0.206801102 0.002944540 0.978378594 95.498451233
0.975476503 0.001767992 0.220096424 3.009342194 -0.001134572 0.999994755 -0.003004290 -2.731685162 -0.220100611 0.002680900 0.975473404 96.023193359
0.972321808 0.001521926 0.233640701 3.155288696 -0.000799187 0.999994576 -0.003188016 -2.741477251 -0.233644262 0.002913055 0.972317755 96.547264099
0.969551206 0.001512397 0.244884059 3.297473907 -0.000940305 0.999996662 -0.002453069 -2.764262199 -0.244886935 0.002148110 0.969549239 97.050765991
0.966478646 0.000757156 0.256746024 3.463148117 0.000062821 0.999994934 -0.003185514 -2.771181345 -0.256747097 0.003094861 0.966473639 97.570838928
0.962708473 0.001142634 0.270538360 3.626789093 -0.000405928 0.999996006 -0.002779052 -2.790873766 -0.270540446 0.002565599 0.962705195 98.090881348
0.959013402 0.001363360 0.283357531 3.797527313 -0.000534399 0.999995291 -0.003002770 -2.805737019 -0.283360273 0.002728270 0.959009767 98.604515076
0.955606520 0.000270474 0.294645607 3.968492508 0.000704759 0.999994636 -0.003203663 -2.814347029 -0.294644862 0.003269095 0.955601215 99.112434387
0.951129675 0.000234446 0.308791935 4.147520065 0.000884571 0.999993503 -0.003483850 -2.822913408 -0.308790773 0.003586741 0.951123238 99.623657227
0.946623027 0.000373760 0.322342277 4.340881348 0.000716848 0.999994397 -0.003264678 -2.842628241 -0.322341681 0.003321491 0.946617484 100.122451782
0.942602158 0.000052541 0.333917767 4.530355453 0.001131527 0.999993682 -0.003351487 -2.855009079 -0.333915859 0.003536956 0.942596197 100.615539551
0.937891364 0.000268019 0.346929163 4.740205765 0.001039696 0.999993026 -0.003583265 -2.869618893 -0.346927702 0.003721414 0.937884510 101.137344360
0.932375073 0.000152238 0.361492395 4.961620331 0.001465173 0.999990106 -0.004200165 -2.877960920 -0.361489385 0.004445778 0.932365596 101.666854858
0.927757382 0.000054329 0.373183846 5.169992447 0.001453580 0.999991894 -0.003759268 -2.901054621 -0.373181045 0.004030141 0.927749813 102.114944458
0.922985554 -0.000673547 0.384833992 5.394741058 0.002239158 0.999990940 -0.003620182 -2.919283867 -0.384828061 0.004203079 0.922978699 102.613288879
0.916962385 -0.000708371 0.398973078 5.623050690 0.002368399 0.999990463 -0.003667837 -2.926890850 -0.398966730 0.004308196 0.916955292 103.098159790
0.911020994 -0.001010855 0.412358701 5.866218567 0.002976686 0.999987066 -0.004125003 -2.941347122 -0.412349224 0.004985427 0.911012173 103.562057495
0.905926645 -0.001118100 0.423433095 6.108985901 0.003116996 0.999987006 -0.004028226 -2.955967903 -0.423423141 0.004969117 0.905918360 104.038574219
0.899592936 -0.001419078 0.436726987 6.371635437 0.003563862 0.999985218 -0.004091728 -2.969585180 -0.436714798 0.005237324 0.899584830 104.523925781
0.892834663 -0.002336579 0.450378627 6.618091583 0.004537082 0.999982476 -0.003806412 -2.991387844 -0.450361699 0.005441901 0.892829597 104.983932495
0.886957288 -0.002866603 0.461842597 6.887233734 0.005008350 0.999981642 -0.003411643 -3.015572309 -0.461824328 0.005339051 0.886955321 105.436302185
0.881554246 -0.003245266 0.472071469 7.159259796 0.005543088 0.999978602 -0.003476882 -3.032344818 -0.472050071 0.005681794 0.881553352 105.891311646
0.874412417 -0.003333851 0.485171974 7.455993652 0.005543858 0.999979734 -0.003120202 -3.044596195 -0.485151768 0.005418067 0.874413192 106.359527588
0.867479622 -0.003011618 0.497463763 7.746212006 0.005517292 0.999978423 -0.003567264 -3.060483217 -0.497442275 0.005839182 0.867477477 106.813339233
