1.000000000 0.000000000 0.000000000 0.000000000 0.000000000 1.000000000 0.000000000 0.000000000 0.000000000 0.000000000 1.000000000 0.000000000
1.000000000 0.000178741 0.000121030 -0.001372882 -0.000178755 1.000000000 0.000120066 -0.000221203 -0.000121009 -0.000120088 1.000000000 0.000239941
1.000000000 0.000041720 0.000189159 -0.001317982 -0.000041740 1.000000000 0.000108254 0.000041278 -0.000189154 -0.000108262 1.000000000 -0.000064212
1.000000000 -0.000110287 0.000135122 -0.001022998 0.000110300 1.000000000 -0.000098233 0.001461408 -0.000135111 0.000098248 1.000000000 0.001116791
1.000000000 -0.000161174 0.000060276 -0.000173469 0.000161176 1.000000000 -0.000036640 0.000541545 -0.000060270 0.000036650 1.000000000 -0.000170387
1.000000000 -0.000037991 0.000080250 -0.000461964 0.000037991 1.000000000 0.000002430 0.000686437 -0.000080250 -0.000002427 1.000000000 0.000970859
1.000000000 -0.000192608 0.000135929 -0.000045003 0.000192599 1.000000000 0.000068169 0.000003760 -0.000135942 -0.000068143 1.000000000 -0.000236510
0.999999940 -0.000263134 0.000182820 -0.000984828 0.000263137 0.999999940 -0.000016086 0.001399147 -0.000182816 0.000016134 1.000000000 0.002111813
1.000000000 -0.000001949 0.000168732 -0.001023122 0.000001936 1.000000000 0.000074207 -0.000071737 -0.000168732 -0.000074206 1.000000000 0.000300810
0.999999940 0.000066098 0.000294009 -0.002116806 -0.000066085 1.000000000 -0.000042333 0.000733743 -0.000294012 0.000042313 0.999999940 0.000815158
0.999999940 -0.000077290 0.000266408 -0.001953382 0.000077284 1.000000000 0.000021392 0.001364164 -0.000266410 -0.000021371 0.999999940 0.002375937
0.999999940 -0.000111890 0.000236634 -0.001626836 0.000111870 1.000000000 0.000083107 0.000063868 -0.000236643 -0.000083080 0.999999940 0.000932919
1.000000000 -0.000142941 0.000061138 -0.000383756 0.000142935 1.000000000 0.000100741 0.000274225 -0.000061152 -0.000100732 1.000000000 0.001502209
0.999999940 -0.000268325 0.000082577 -0.000776976 0.000268335 0.999999940 -0.000113876 0.001778640 -0.000082547 0.000113898 1.000000000 0.001201845
0.999999940 0.000025712 0.000362436 -0.002221115 -0.000025725 1.000000000 0.000036687 0.000911231 -0.000362435 -0.000036696 0.999999940 0.001713936
1.000000000 -0.000151593 0.000065824 -0.000960485 0.000151592 1.000000000 0.000007458 0.001622693 -0.000065826 -0.000007448 1.000000000 0.003693567
1.000000000 -0.000013089 0.000135602 -0.001302076 0.000013085 1.000000000 0.000031853 0.001079943 -0.000135603 -0.000031852 1.000000000 0.002924375
1.000000000 0.000015076 0.000237059 -0.001671305 -0.000015094 1.000000000 0.000074840 0.000548713 -0.000237058 -0.000074844 0.999999940 0.001537674
0.999999940 0.000046249 0.000273044 -0.002132339 -0.000046232 1.000000000 -0.000060743 0.001245133 -0.000273047 0.000060731 0.999999940 0.001465954
0.999999940 -0.000148961 0.000205169 -0.002179831 0.000148968 1.000000000 -0.000035097 0.001772158 -0.000205164 0.000035128 1.000000000 0.002731008
0.999999940 -0.000136379 0.000279228 -0.001489615 0.000136355 1.000000000 0.000085147 0.000794324 -0.000279240 -0.000085108 0.999999940 0.001489373
0.999999940 -0.000050889 0.000294882 -0.001448781 0.000050912 1.000000000 -0.000077827 0.001397716 -0.000294878 0.000077842 0.999999940 -0.000119249
1.000000000 0.000034244 0.000205965 -0.000419840 -0.000034259 1.000000000 0.000074383 0.000785529 -0.000205963 -0.000074390 1.000000000 0.000718418
0.999999940 0.000031753 0.000265436 -0.000791488 -0.000031750 1.000000000 -0.000010965 0.001177690 -0.000265436 0.000010957 0.999999940 0.000641874
1.000000000 0.000006920 0.000181654 -0.000348808 -0.000006899 1.000000000 -0.000114253 0.001619656 -0.000181654 0.000114252 1.000000000 0.000028222
0.999999881 0.000423211 0.000320229 -0.002976863 -0.000423173 0.999999881 -0.000120402 0.002104454 -0.000320280 0.000120266 0.999999940 0.001627103
0.999999940 0.000130821 0.000349508 -0.003010325 -0.000130863 1.000000000 0.000120385 0.001125698 -0.000349492 -0.000120431 0.999999940 0.003436867
0.999999940 0.000041913 0.000377214 -0.003119817 -0.000041899 1.000000000 -0.000037627 0.002281348 -0.000377216 0.000037611 0.999999940 0.005227580
1.000000000 -0.000087541 0.000177837 -0.001293058 0.000087559 1.000000000 -0.000099876 0.000997796 -0.000177829 0.000099892 1.000000000 0.000338029
1.000000000 0.000023177 0.000238919 -0.001790024 -0.000023197 1.000000000 0.000084663 0.000043363 -0.000238917 -0.000084669 0.999999940 0.000637635
0.999999881 0.000078288 0.000421077 -0.002650586 -0.000078232 1.000000000 -0.000132240 0.001424543 -0.000421087 0.000132207 0.999999881 0.001866471
0.999999940 0.000105669 0.000242706 -0.001924203 -0.000105661 1.000000000 -0.000034267 0.001797517 -0.000242710 0.000034241 0.999999940 0.004218086
0.999999940 0.000125467 0.000322555 -0.002238763 -0.000125456 1.000000000 -0.000032830 0.000623265 -0.000322559 0.000032789 0.999999940 -0.000165737
0.999999940 0.000162221 0.000367582 -0.002990992 -0.000162225 1.000000000 0.000009913 0.002106012 -0.000367581 -0.000009973 0.999999940 0.003633435
1.000000000 -0.000145947 0.000167083 -0.001815343 0.000145972 1.000000000 -0.000145198 0.002987660 -0.000167062 0.000145223 1.000000000 0.004572213
0.999999940 0.000000905 0.000288677 -0.002568818 -0.000000920 1.000000000 0.000051132 0.001239746 -0.000288677 -0.000051132 0.999999940 0.001858064
0.999999940 -0.000028899 0.000256094 -0.001407597 0.000028891 1.000000000 0.000031472 0.000958213 -0.000256095 -0.000031464 0.999999940 0.001364725
0.999999940 -0.000061869 0.000410962 -0.002121293 0.000061860 1.000000000 0.000022372 0.000545722 -0.000410964 -0.000022347 0.999999940 0.003098030
0.999999881 -0.000417336 0.000322441 0.001146322 0.000417550 0.999999702 -0.000664126 -0.001738899 -0.000322164 0.000664260 0.999999702 0.050978914
0.999999940 -0.000050368 0.000350537 -0.000378806 0.000050756 0.999999404 -0.001108108 -0.005205950 -0.000350481 0.001108125 0.999999344 0.135354683
0.999999940 0.000352529 0.000185224 0.003591494 -0.000352274 0.999998987 -0.001375378 -0.005411249 -0.000185709 0.001375312 0.999999046 0.254938602
1.000000000 0.000085800 0.000194268 0.005827859 -0.000085586 0.999999404 -0.001100404 -0.013805612 -0.000194362 0.001100387 0.999999404 0.381756216
0.999999940 0.000188136 0.000263782 0.007053935 -0.000187847 0.999999404 -0.001093884 -0.013744058 -0.000263988 0.001093834 0.999999344 0.526858807
0.999999821 0.000414253 0.000361809 0.012948926 -0.000413857 0.999999344 -0.001094026 -0.018915366 -0.000362262 0.001093876 0.999999344 0.674463332
0.999999762 0.000399152 0.000606531 0.014866127 -0.000398479 0.999999285 -0.001108913 -0.021447772 -0.000606973 0.001108671 0.999999225 0.847488225
0.999999881 0.000246956 0.000373960 0.016888013 -0.000246685 0.999999702 -0.000725522 -0.028043387 -0.000374139 0.000725430 0.999999642 1.015633941
0.999999762 0.000435592 0.000478834 0.017695166 -0.000435306 0.999999702 -0.000596913 -0.034860838 -0.000479094 0.000596704 0.999999702 1.187658429
0.999999583 0.000713875 0.000526829 0.016665909 -0.000713518 0.999999523 -0.000676579 -0.034974810 -0.000527312 0.000676203 0.999999642 1.378894925
0.999999881 0.000362740 0.000384287 0.027117336 -0.000362601 0.999999881 -0.000360475 -0.046863087 -0.000384417 0.000360335 0.999999881 1.581600666
0.999999762 0.000565350 0.000387838 0.029943857 -0.000565332 0.999999821 -0.000046086 -0.054930680 -0.000387864 0.000045867 0.999999940 1.751912475
0.999999762 0.000168941 -0.000659043 0.052162178 -0.000169266 0.999999881 -0.000493818 -0.049248002 0.000658960 0.000493929 0.999999642 1.966402650
0.999999881 0.000143089 0.000480343 0.028174885 -0.000142768 0.999999762 -0.000667437 -0.053537838 -0.000480438 0.000667369 0.999999642 2.166642427
0.999999762 0.000665289 0.000284758 0.038876556 -0.000665110 0.999999583 -0.000627692 -0.063767910 -0.000285175 0.000627503 0.999999762 2.359265089
0.999999106 0.000826612 -0.001033197 0.087042540 -0.000826057 0.999999464 0.000538167 -0.091221832 0.001033641 -0.000537313 0.999999344 2.582959652
0.999999046 0.000180162 -0.001373643 0.093100265 -0.000179035 0.999999642 0.000821028 -0.098876119 0.001373791 -0.000820781 0.999998748 2.813164711
0.999999166 0.000950048 -0.000836169 0.093031451 -0.000949698 0.999999404 0.000419570 -0.100797839 0.000836567 -0.000418775 0.999999583 3.048262835
0.999998331 0.001151102 -0.001404075 0.103312880 -0.001150590 0.999999225 0.000365058 -0.107841589 0.001404494 -0.000363442 0.999998927 3.283534765
0.999999464 0.000369728 -0.001012907 0.106357165 -0.000369121 0.999999762 0.000599481 -0.118142329 0.001013128 -0.000599107 0.999999285 3.522866488
0.999999464 0.000533250 -0.000864829 0.108954333 -0.000532838 0.999999762 0.000476473 -0.121474758 0.000865083 -0.000476012 0.999999523 3.784492254
0.999999404 0.000765377 -0.000773633 0.110125147 -0.000765173 0.999999702 0.000263876 -0.125272214 0.000773835 -0.000263284 0.999999642 4.043847561
0.999999583 0.000669660 -0.000668535 0.114719652 -0.000669102 0.999999404 0.000834219 -0.136834890 0.000669094 -0.000833771 0.999999464 4.293355942
0.999999702 0.000613388 -0.000476021 0.118913181 -0.000613057 0.999999523 0.000695334 -0.139077529 0.000476448 -0.000695042 0.999999642 4.545397758
0.999999285 0.000609151 -0.001004030 0.133674011 -0.000608318 0.999999404 0.000829699 -0.150236860 0.001004535 -0.000829088 0.999999166 4.808061123
0.999999225 0.000342424 -0.001165080 0.139334172 -0.000341760 0.999999762 0.000570085 -0.151413560 0.001165275 -0.000569687 0.999999166 5.067350864
0.999999404 0.000684217 -0.000841427 0.141564295 -0.000683913 0.999999702 0.000362230 -0.163022161 0.000841674 -0.000361654 0.999999583 5.327696800
0.999999344 0.000637238 -0.000921220 0.152836546 -0.000636775 0.999999702 0.000503535 -0.167522088 0.000921540 -0.000502948 0.999999464 5.586524487
0.999999583 0.000613889 -0.000709738 0.146345884 -0.000613126 0.999999225 0.001075146 -0.184751034 0.000710398 -0.001074710 0.999999166 5.854877472
0.999999583 0.000528860 -0.000730062 0.153400928 -0.000527883 0.999998927 0.001338055 -0.194764540 0.000730769 -0.001337669 0.999998868 6.132746220
0.999999583 0.000762938 -0.000540766 0.156347141 -0.000762287 0.999998987 0.001203962 -0.199955985 0.000541684 -0.001203550 0.999999106 6.411145210
0.999999523 0.000777452 -0.000636858 0.161809370 -0.000776804 0.999999166 0.001017513 -0.208645150 0.000637649 -0.001017018 0.999999285 6.695003510
0.999999166 0.001121301 -0.000702305 0.168351248 -0.001120731 0.999999106 0.000811392 -0.213951647 0.000703214 -0.000810604 0.999999464 6.992591858
0.999999583 0.000712396 -0.000624404 0.178095818 -0.000711715 0.999999166 0.001090464 -0.227037653 0.000625180 -0.001090019 0.999999225 7.278431416
0.999999523 0.000890767 -0.000535771 0.179677457 -0.000890607 0.999999583 0.000297626 -0.225573301 0.000536036 -0.000297148 0.999999821 7.604635239
0.999999583 0.000783359 -0.000581624 0.189118966 -0.000782883 0.999999344 0.000817755 -0.242751673 0.000582264 -0.000817299 0.999999523 7.910271645
0.999999642 0.000437691 -0.000729273 0.195965305 -0.000436631 0.999998868 0.001452531 -0.257293105 0.000729907 -0.001452212 0.999998689 8.224369049
0.999999464 0.000515888 -0.000926939 0.205450758 -0.000514458 0.999998689 0.001542005 -0.269385308 0.000927733 -0.001541527 0.999998391 8.550817490
0.999999762 0.000435959 -0.000510120 0.208170369 -0.000435207 0.999998868 0.001471808 -0.276014417 0.000510761 -0.001471586 0.999998808 8.884566307
0.999999464 0.000547346 -0.000784618 0.217827946 -0.000546155 0.999998689 0.001518559 -0.287270218 0.000785448 -0.001518130 0.999998569 9.213868141
0.999999642 0.000740373 -0.000449122 0.218597323 -0.000739813 0.999998927 0.001245539 -0.291849673 0.000450044 -0.001245206 0.999999046 9.559799194
0.999999642 0.000579531 -0.000742147 0.230335981 -0.000578710 0.999999166 0.001106027 -0.302371711 0.000742787 -0.001105597 0.999999106 9.904873848
0.999999404 0.000546353 -0.000963774 0.240391955 -0.000544999 0.999998808 0.001404731 -0.315211445 0.000964540 -0.001404205 0.999998569 10.259243965
0.999999642 0.000932399 -0.000219876 0.231654882 -0.000932123 0.999998808 0.001254535 -0.322990775 0.000221045 -0.001254330 0.999999166 10.614026070
0.999999583 0.000877107 -0.000067750 0.237357467 -0.000877033 0.999998987 0.001097378 -0.329246700 0.000068712 -0.001097318 0.999999404 10.987082481
0.999999702 0.000649237 -0.000095699 0.243176445 -0.000649178 0.999999523 0.000617343 -0.335878283 0.000096100 -0.000617280 0.999999821 11.366639137
0.999999583 0.000854835 -0.000350552 0.254880995 -0.000854262 0.999998450 0.001632534 -0.354206026 0.000351947 -0.001632234 0.999998569 11.735121727
0.999999523 0.000955070 -0.000390194 0.266702235 -0.000954364 0.999997973 0.001805319 -0.370283604 0.000391917 -0.001804946 0.999998271 12.112735748
0.999999344 0.001022111 -0.000345335 0.273377717 -0.001021648 0.999998569 0.001337392 -0.375040531 0.000346701 -0.001337039 0.999998987 12.509286880
0.999999702 0.000774966 -0.000035943 0.280304730 -0.000774915 0.999998689 0.001392122 -0.383668274 0.000037022 -0.001392094 0.999999046 12.905627251
0.999998927 0.001453976 0.000082510 0.282732189 -0.001454077 0.999998093 0.001234387 -0.393191636 -0.000080715 -0.001234506 0.999999166 13.305312157
0.999999583 0.000933816 0.000215162 0.292604685 -0.000934135 0.999998391 0.001488010 -0.402517319 -0.000213772 -0.001488211 0.999998868 13.721450806
0.999999583 0.000954250 0.000453320 0.297560900 -0.000954872 0.999998629 0.001373966 -0.414239377 -0.000452008 -0.001374398 0.999998868 14.128576279
0.999998927 0.001282328 0.000813288 0.306869119 -0.001283463 0.999998152 0.001396382 -0.425826907 -0.000811497 -0.001397424 0.999998629 14.549368858
0.999999344 0.001014746 0.000552374 0.319452554 -0.001015626 0.999998331 0.001595459 -0.438964516 -0.000550754 -0.001596019 0.999998569 14.974925995
0.999998987 0.001158351 0.000843788 0.330866337 -0.001159349 0.999998629 0.001183118 -0.448664755 -0.000842416 -0.001184095 0.999998927 15.405536652
0.999998450 0.001155990 0.001261955 0.339829683 -0.001157381 0.999998689 0.001102357 -0.458938032 -0.001260679 -0.001103816 0.999998569 15.846256256
0.999998868 0.000934329 0.001195694 0.351996332 -0.000935904 0.999998689 0.001317261 -0.471993536 -0.001194462 -0.001318378 0.999998391 16.287399292
0.999997973 0.001140889 0.001662781 0.358590513 -0.001142921 0.999998629 0.001221859 -0.483999014 -0.001661384 -0.001223757 0.999997854 16.735204697
0.999997556 0.001211009 0.001846112 0.368610620 -0.001213642 0.999998271 0.001425789 -0.497300565 -0.001844382 -0.001428026 0.999997258 17.190450668
0.999997199 0.001233298 0.002028388 0.376344770 -0.001236301 0.999998152 0.001479846 -0.507401824 -0.002026560 -0.001482350 0.999996841 17.655736923
0.999995291 0.001617011 0.002622710 0.382786661 -0.001619899 0.999998093 0.001099640 -0.517076850 -0.002620927 -0.001103883 0.999995947 18.123710632
0.999997914 0.000371769 0.002014633 0.414250046 -0.000373681 0.999999464 0.000948367 -0.525632262 -0.002014280 -0.000949118 0.999997556 18.574140549
0.999995112 0.001309992 0.002831942 0.410641640 -0.001312974 0.999998569 0.001051382 -0.541228414 -0.002830559 -0.001055096 0.999995410 19.053564072
0.999994516 0.001187878 0.003073985 0.424509883 -0.001190724 0.999998868 0.000924103 -0.552108824 -0.003072883 -0.000927759 0.999994874 19.534713745
0.999996185 0.000404419 0.002721119 0.438324988 -0.000408371 0.999998927 0.001452316 -0.569575489 -0.002720528 -0.001453422 0.999995172 20.005426407
0.999995768 0.001343764 0.002573421 0.446575761 -0.001347640 0.999997973 0.001504865 -0.588733077 -0.002571392 -0.001508327 0.999995470 20.494750977
0.999996543 0.001295200 0.002283550 0.455328405 -0.001297670 0.999998629 0.001080701 -0.595995724 -0.002282146 -0.001083661 0.999996722 20.995599747
0.999996901 0.001238922 0.002121163 0.461207718 -0.001240564 0.999998868 0.000773156 -0.598800361 -0.002120202 -0.000775785 0.999997437 21.510259628
0.999998212 0.001212692 0.001446644 0.474228352 -0.001214718 0.999998271 0.001400949 -0.623011768 -0.001444941 -0.001402704 0.999997914 21.998283386
0.999998569 0.001389104 0.001008898 0.490104765 -0.001390502 0.999998033 0.001386552 -0.634869337 -0.001006969 -0.001387953 0.999998510 22.508741379
0.999997854 0.001928126 0.000768439 0.488340437 -0.001928966 0.999997556 0.001094872 -0.645634413 -0.000766326 -0.001096352 0.999999106 23.026283264
0.999999166 0.001238003 -0.000182044 0.502025604 -0.001237734 0.999998093 0.001470115 -0.663743973 0.000183863 -0.001469888 0.999998927 23.552619934
0.999999583 0.000564222 -0.000626616 0.512657821 -0.000563742 0.999999523 0.000765240 -0.676428974 0.000627047 -0.000764887 0.999999523 24.066722870
0.999998391 0.001209092 -0.001284618 0.523391545 -0.001207366 0.999998391 0.001343646 -0.691840291 0.001286241 -0.001342093 0.999998331 24.601440430
0.999995947 0.001873569 -0.002122376 0.535264254 -0.001870534 0.999997199 0.001431132 -0.709258318 0.002125052 -0.001427156 0.999996662 25.128253937
0.999995112 0.002078327 -0.002349791 0.541778624 -0.002074413 0.999996424 0.001666789 -0.723670602 0.002353247 -0.001661906 0.999995828 25.676681519
0.999994099 0.001933868 -0.002846407 0.547644675 -0.001929344 0.999996901 0.001591224 -0.738453090 0.002849476 -0.001585723 0.999994695 26.220598221
0.999994040 0.001285714 -0.003207961 0.556786001 -0.001278592 0.999996722 0.002221279 -0.750964284 0.003210806 -0.002217164 0.999992430 26.770084381
0.999994338 0.001069998 -0.003208598 0.566674769 -0.001062530 0.999996781 0.002328422 -0.769232273 0.003211079 -0.002325000 0.999992192 27.311992645
0.999993205 0.002699745 -0.002515525 0.564408422 -0.002693804 0.999993563 0.002361756 -0.784111857 0.002521885 -0.002354963 0.999994099 27.825635910
0.999986887 0.002365288 -0.004541535 0.587336421 -0.002354735 0.999994516 0.002327576 -0.801566780 0.004547016 -0.002316852 0.999986947 28.395172119
0.999987185 0.002382833 -0.004459104 0.590424418 -0.002373111 0.999994814 0.002184019 -0.812295198 0.004464285 -0.002173409 0.999987721 28.945985794
0.999983668 0.002650721 -0.005064039 0.603535175 -0.002639871 0.999994218 0.002147947 -0.829389632 0.005069703 -0.002134543 0.999984860 29.495286942
0.999982178 0.002587039 -0.005368164 0.606580794 -0.002574210 0.999993920 0.002395519 -0.841363549 0.005374327 -0.002381658 0.999982715 30.039787292
0.999983668 0.002919500 -0.004919623 0.615177870 -0.002907768 0.999992907 0.002390034 -0.858905196 0.004926566 -0.002375690 0.999985039 30.581562042
0.999979436 0.002761370 -0.005784522 0.624014974 -0.002748115 0.999993503 0.002298127 -0.872884452 0.005790831 -0.002282183 0.999980628 31.130952835
0.999976575 0.003013751 -0.006143244 0.631865382 -0.002999540 0.999992788 0.002321128 -0.884596586 0.006150194 -0.002302647 0.999978423 31.683689117
0.999975383 0.002763976 -0.006442236 0.644891679 -0.002748678 0.999993443 0.002382317 -0.902544975 0.006448778 -0.002364551 0.999976397 32.225486755
0.999974787 0.003149009 -0.006384064 0.645886719 -0.003133965 0.999992251 0.002365085 -0.912455976 0.006391463 -0.002345018 0.999976814 32.771232605
0.999970078 0.003028344 -0.007124438 0.657108426 -0.003014881 0.999993682 0.001899745 -0.928176165 0.007130146 -0.001878209 0.999972820 33.305889130
0.999973834 0.003444817 -0.006380478 0.655257225 -0.003431928 0.999992073 0.002029913 -0.937106967 0.006387421 -0.002007963 0.999977589 33.873813629
0.999975026 0.003407575 -0.006186481 0.654325128 -0.003395487 0.999992251 0.001963351 -0.949753165 0.006193123 -0.001942296 0.999978960 34.427425385
0.999971867 0.003481276 -0.006647524 0.666423082 -0.003467240 0.999991715 0.002121956 -0.967203021 0.006654857 -0.002098848 0.999975622 34.955802917
0.999976695 0.003274381 -0.006003786 0.667120695 -0.003264305 0.999993205 0.001687420 -0.976471663 0.006009271 -0.001667783 0.999980509 35.506320953
0.999979138 0.003807969 -0.005222536 0.667444348 -0.003797100 0.999990582 0.002089556 -0.999989510 0.005230445 -0.002069682 0.999984145 36.046543121
0.999970436 0.003622308 -0.006799940 0.676145792 -0.003606600 0.999990761 0.002321009 -1.013813972 0.006808286 -0.002296415 0.999974191 36.591732025
0.999971986 0.003781796 -0.006468431 0.681943536 -0.003768612 0.999990821 0.002049172 -1.026494026 0.006476122 -0.002024737 0.999976933 37.138198853
0.999973714 0.004609383 -0.005606101 0.675438821 -0.004598805 0.999987662 0.001898297 -1.040605307 0.005614782 -0.001872466 0.999982476 37.696727753
0.999971509 0.003177065 -0.006849731 0.688807309 -0.003159806 0.999991775 0.002529098 -1.063576460 0.006857710 -0.002507382 0.999973297 38.226631165
0.999971092 0.003091064 -0.006948536 0.693377793 -0.003073642 0.999992192 0.002516518 -1.077271819 0.006956259 -0.002495088 0.999972641 38.771350861
0.999972761 0.003564083 -0.006469748 0.701654315 -0.003547534 0.999990344 0.002567494 -1.093942881 0.006478838 -0.002544472 0.999975741 39.312477112
0.999965787 0.003488464 -0.007497608 0.716961026 -0.003465461 0.999989212 0.003078760 -1.110819340 0.007508267 -0.003052672 0.999967158 39.863899231
0.999966383 0.003440361 -0.007441161 0.728070378 -0.003414460 0.999988019 0.003490750 -1.130165696 0.007453082 -0.003465225 0.999966264 40.397598267
0.999965012 0.004017564 -0.007350272 0.735781193 -0.003996790 0.999988019 0.002838834 -1.135209680 0.007361589 -0.002809357 0.999969006 40.965560913
0.999964058 0.003291325 -0.007815377 0.734965801 -0.003272262 0.999991655 0.002450750 -1.140372276 0.007823378 -0.002425088 0.999966443 41.504039764
0.999961197 0.003505815 -0.008073641 0.746893466 -0.003485380 0.999990642 0.002543795 -1.158740640 0.008082485 -0.002515557 0.999964118 42.042980194
0.999959886 0.003632359 -0.008184003 0.754469812 -0.003609102 0.999989390 0.002854749 -1.175124884 0.008194286 -0.002825098 0.999962389 42.594020844
0.999955595 0.003610979 -0.008703733 0.764426351 -0.003581115 0.999987781 0.003444440 -1.193905830 0.008716063 -0.003413118 0.999956191 43.137073517
0.999959767 0.003943856 -0.008055350 0.762650669 -0.003920103 0.999987960 0.002962402 -1.206107736 0.008066935 -0.002930705 0.999963224 43.688922882
0.999960780 0.003415539 -0.008167931 0.774196446 -0.003389603 0.999989212 0.003187170 -1.220990300 0.008178727 -0.003159359 0.999961555 44.225982666
0.999959052 0.003524757 -0.008337533 0.771282673 -0.003496447 0.999988079 0.003407674 -1.238529444 0.008349446 -0.003378383 0.999959409 44.776550293
0.999958277 0.003524470 -0.008428825 0.783347070 -0.003495792 0.999988079 0.003414761 -1.251521111 0.008440760 -0.003385153 0.999958634 45.322280884
0.999961317 0.003249485 -0.008175705 0.793822885 -0.003229311 0.999991775 0.002479573 -1.259210348 0.008183694 -0.002453075 0.999963522 45.861743927
0.999958932 0.002131593 -0.008806638 0.801041007 -0.002101382 0.999991834 0.003438334 -1.279801607 0.008813896 -0.003419687 0.999955297 46.415271759
0.999958634 0.003422627 -0.008427052 0.810999155 -0.003389545 0.999986470 0.003936890 -1.296742082 0.008440414 -0.003908163 0.999956667 46.964603424
0.999961436 0.002503904 -0.008410797 0.797270060 -0.002475603 0.999991179 0.003373662 -1.298156261 0.008419169 -0.003352710 0.999958932 47.519710541
0.999965429 0.002928729 -0.007773025 0.799888551 -0.002905759 0.999991298 0.002964830 -1.308894038 0.007781640 -0.002942141 0.999965429 48.074382782
0.999959826 0.002167786 -0.008694201 0.828307271 -0.002137093 0.999991417 0.003537968 -1.328597903 0.008701796 -0.003519245 0.999956012 48.626033783
0.999960840 0.002690962 -0.008430554 0.819681644 -0.002660070 0.999989688 0.003673216 -1.342993617 0.008440351 -0.003650646 0.999957740 49.147453308
0.999960899 0.002902036 -0.008355622 0.831763744 -0.002874451 0.999990344 0.003311314 -1.353042483 0.008365151 -0.003287167 0.999959648 49.699211121
0.999961019 0.002929081 -0.008332764 0.842308223 -0.002899975 0.999989629 0.003502841 -1.369429111 0.008342938 -0.003478540 0.999959171 50.243507385
0.999961197 0.003001605 -0.008276342 0.829879165 -0.002973849 0.999989927 0.003363898 -1.379853010 0.008286355 -0.003339155 0.999960065 50.770797729
0.999962628 0.002619795 -0.008231420 0.840383649 -0.002588919 0.999989569 0.003759363 -1.397505641 0.008241183 -0.003737913 0.999959052 51.320354462
0.999955595 0.002558680 -0.009068945 0.858011007 -0.002528771 0.999991357 0.003307835 -1.404354095 0.009077331 -0.003284755 0.999953330 51.869026184
0.999958754 0.002571590 -0.008709558 0.861907363 -0.002549372 0.999993443 0.002560973 -1.412665248 0.008716086 -0.002538663 0.999958754 52.427528381
0.999958932 0.002725329 -0.008643187 0.867714286 -0.002698190 0.999991417 0.003150034 -1.431282282 0.008651698 -0.003126584 0.999957621 52.963119507
0.999957263 0.002563374 -0.008877491 0.876731157 -0.002536594 0.999992311 0.003026480 -1.444042563 0.008885179 -0.003003833 0.999956012 53.507678986
0.999963403 0.002701455 -0.008116221 0.877853334 -0.002675324 0.999991238 0.003228693 -1.456583023 0.008124872 -0.003206861 0.999961853 54.051662445
0.999959409 0.002480218 -0.008656058 0.881567359 -0.002456098 0.999993026 0.002796027 -1.465085745 0.008662932 -0.002774654 0.999958634 54.599712372
0.999959707 0.003040160 -0.008451855 0.878574133 -0.003018990 0.999992251 0.002516381 -1.478002310 0.008459440 -0.002490764 0.999961197 55.153236389
0.999957800 0.002896907 -0.008721160 0.894111753 -0.002871959 0.999991775 0.002871753 -1.494530320 0.008729408 -0.002846586 0.999957800 55.695198059
0.999956787 0.002541712 -0.008938964 0.896835983 -0.002517318 0.999993026 0.002739120 -1.504834175 0.008945865 -0.002716499 0.999956310 56.241901398
0.999956310 0.002119506 -0.009092227 0.910842180 -0.002096731 0.999994576 0.002513725 -1.519941807 0.009097504 -0.002494551 0.999955535 56.784385681
0.999957383 0.002739378 -0.008815443 0.917989910 -0.002714027 0.999992132 0.002886385 -1.534617424 0.008823281 -0.002862337 0.999956906 57.328872681
0.999951780 0.002405880 -0.009525768 0.926376820 -0.002380565 0.999993563 0.002667924 -1.550227046 0.009532127 -0.002645119 0.999951065 57.873172760
0.999954700 0.002848354 -0.009078053 0.933632016 -0.002825632 0.999992788 0.002514851 -1.563675761 0.009085150 -0.002489086 0.999955595 58.408729553
0.999959052 0.002389170 -0.008720250 0.930139720 -0.002369854 0.999994695 0.002224725 -1.565359473 0.008725519 -0.002203969 0.999959469 58.954677582
0.999959230 0.001992227 -0.008807429 0.939988673 -0.001977049 0.999996483 0.001731683 -1.578966260 0.008810849 -0.001714200 0.999959707 59.498260498
0.999956846 0.002495033 -0.008941736 0.942364335 -0.002475529 0.999994457 0.002191563 -1.594472408 0.008947154 -0.002169333 0.999957621 60.030818939
0.999957025 0.003500626 -0.008590548 0.943643332 -0.003480846 0.999991179 0.002316563 -1.606455922 0.008598582 -0.002286561 0.999960423 60.587219238
0.999958992 0.002957492 -0.008573711 0.947086751 -0.002937326 0.999992907 0.002363915 -1.623225451 0.008580642 -0.002338634 0.999960423 61.109985352
0.999957085 0.003297841 -0.008654223 0.956490934 -0.003275346 0.999991238 0.002612266 -1.638710260 0.008662761 -0.002583808 0.999959171 61.646133423
0.999956012 0.003046334 -0.008868075 0.964802206 -0.003027890 0.999993324 0.002092416 -1.648225904 0.008874388 -0.002065473 0.999958456 62.201137543
0.999954879 0.003553782 -0.008803801 0.974549651 -0.003531049 0.999990404 0.002596390 -1.670076132 0.008812943 -0.002565186 0.999957860 62.731052399
0.999956548 0.003489933 -0.008649868 0.974227905 -0.003468765 0.999991000 0.002461026 -1.678310871 0.008658378 -0.002430914 0.999959588 63.277973175
0.999954641 0.003495989 -0.008858693 0.981876731 -0.003473979 0.999990761 0.002498752 -1.700585961 0.008867348 -0.002467863 0.999957621 63.827205658
0.999954879 0.003514209 -0.008827681 0.989674270 -0.003492866 0.999990940 0.002431843 -1.708766460 0.008836146 -0.002400900 0.999958098 64.358039856
0.999954760 0.003079969 -0.009002076 1.001667023 -0.003060059 0.999992728 0.002224613 -1.718965292 0.009008863 -0.002196965 0.999957085 64.901344299
0.999948621 0.003625776 -0.009461435 1.014073372 -0.003609197 0.999991953 0.001768625 -1.729605079 0.009467771 -0.001734386 0.999953687 65.454719543
0.999947250 0.003501981 -0.009651750 1.027267694 -0.003482383 0.999991834 0.002046645 -1.744139791 0.009658838 -0.002012926 0.999951303 65.986801147
0.999946773 0.003219168 -0.009800296 1.031385541 -0.003202809 0.999993384 0.001684526 -1.751679897 0.009805654 -0.001653048 0.999950528 66.537040710
0.999945581 0.003569381 -0.009808994 1.043857336 -0.003550457 0.999991775 0.001945966 -1.772300363 0.009815860 -0.001911034 0.999949992 67.089225769
0.999946475 0.003476579 -0.009742300 1.047925234 -0.003453890 0.999991298 0.002344708 -1.789023638 0.009750366 -0.002310934 0.999949813 67.606292725
0.999945164 0.003478998 -0.009877080 1.059470177 -0.003453014 0.999990582 0.002646428 -1.809289098 0.009886194 -0.002612177 0.999947727 68.136489868
0.999943495 0.004306437 -0.009718008 1.062359333 -0.004282052 0.999987602 0.002528609 -1.822708964 0.009728777 -0.002486853 0.999949634 68.689300537
0.999945581 0.004016157 -0.009625996 1.054536343 -0.004000201 0.999990582 0.001676284 -1.824986100 0.009632639 -0.001637687 0.999952257 69.231895447
0.999949098 0.004005725 -0.009250854 1.061411619 -0.003988552 0.999990284 0.001874056 -1.836740613 0.009258271 -0.001837063 0.999955416 69.783340454
0.999951780 0.003800708 -0.009052996 1.066555738 -0.003784698 0.999991238 0.001784945 -1.855012059 0.009059700 -0.001750596 0.999957383 70.324523926
0.999946713 0.003947907 -0.009550982 1.067188978 -0.003932762 0.999990940 0.001603955 -1.868051410 0.009557229 -0.001566308 0.999953091 70.863578796
0.999940157 0.004049745 -0.010161758 1.085891843 -0.004030183 0.999989986 0.001944700 -1.887749791 0.010169533 -0.001903630 0.999946475 71.409927368
0.999942660 0.004257021 -0.009824175 1.084558129 -0.004237530 0.999989033 0.002003860 -1.900071859 0.009832597 -0.001962115 0.999949694 71.955574036
0.999945879 0.004318244 -0.009457759 1.080245972 -0.004302071 0.999989271 0.001729724 -1.914587259 0.009465125 -0.001688943 0.999953806 72.482757568
0.999946654 0.003998505 -0.009522597 1.091426134 -0.003979676 0.999990046 0.001995510 -1.935174346 0.009530484 -0.001957507 0.999952674 73.021995544
0.999946833 0.003477853 -0.009698877 1.092848301 -0.003457018 0.999991655 0.002164054 -1.950973988 0.009706323 -0.002130410 0.999950647 73.573852539
0.999950528 0.003599181 -0.009271961 1.093626380 -0.003582379 0.999991834 0.001828011 -1.956546068 0.009278465 -0.001794705 0.999955356 74.105560303
0.999945879 0.003525455 -0.009785876 1.105911255 -0.003504012 0.999991357 0.002207524 -1.972687602 0.009793576 -0.002173114 0.999949694 74.639778137
0.999945402 0.003597535 -0.009808212 1.110311747 -0.003574298 0.999990702 0.002385612 -1.989470840 0.009816704 -0.002350423 0.999949098 75.179069519
0.999945700 0.003381658 -0.009857085 1.114883423 -0.003360577 0.999992013 0.002154498 -2.002416372 0.009864292 -0.002121256 0.999949098 75.716629028
0.999933541 0.004307773 -0.010697091 1.123707652 -0.004279166 0.999987245 0.002695858 -2.021532059 0.010708568 -0.002649904 0.999939203 76.262725830
0.999948740 0.004329245 -0.009152243 1.122514963 -0.004307708 0.999987960 0.002371567 -2.034484863 0.009162400 -0.002332021 0.999955356 76.808883667
0.999943554 0.003233836 -0.010119414 1.130785704 -0.003216082 0.999993205 0.001770177 -2.039756298 0.010125072 -0.001737532 0.999947250 77.353858948
0.999945581 0.002837339 -0.010036152 1.135185003 -0.002815957 0.999993742 0.002143964 -2.059029102 0.010042172 -0.002115586 0.999947369 77.890609741
0.999940455 0.003206120 -0.010426020 1.144945621 -0.003189278 0.999993563 0.001631684 -2.070497036 0.010431183 -0.001598336 0.999944329 78.443870544
0.999942183 0.003418685 -0.010195766 1.148113132 -0.003395385 0.999991596 0.002301763 -2.089096785 0.010203549 -0.002267011 0.999945402 78.976760864
0.999938369 0.003850773 -0.010419049 1.152803183 -0.003829330 0.999990523 0.002077170 -2.102630854 0.010426952 -0.002037144 0.999943554 79.522087097
0.999939382 0.003513332 -0.010426478 1.162995934 -0.003494245 0.999992132 0.001848326 -2.112879753 0.010432890 -0.001811781 0.999943912 80.062431335
0.999951601 0.003420478 -0.009215481 1.169366360 -0.003401263 0.999991953 0.002099882 -2.127400398 0.009222590 -0.002068436 0.999955356 80.611358643
0.999959290 0.004258051 -0.007951036 1.172491312 -0.004240633 0.999988556 0.002206363 -2.141753674 0.007960341 -0.002172556 0.999966025 81.159767151
0.999965966 0.004193474 -0.007108198 1.185040832 -0.004178555 0.999988973 0.002112524 -2.159470558 0.007116979 -0.002082750 0.999972522 81.690910339
0.999976277 0.003868522 -0.005698592 1.193217397 -0.003856864 0.999990463 0.002055224 -2.171324968 0.005706488 -0.002033196 0.999981642 82.235214233
0.999988139 0.003862628 -0.002944350 1.208873868 -0.003857051 0.999990702 0.001897377 -2.183791637 0.002951652 -0.001885998 0.999993861 82.787376404
0.999992609 0.003761758 0.000734687 1.227451205 -0.003763682 0.999989390 0.002635837 -2.208116531 -0.000724764 -0.002638583 0.999996245 83.315528870
0.999981105 0.004187654 0.004503630 1.231891870 -0.004196209 0.999989390 0.001891758 -2.215553761 -0.004495660 -0.001910621 0.999988079 83.871376038
0.999946415 0.003933338 0.009581337 1.253525496 -0.003954764 0.999989748 0.002218233 -2.235990286 -0.009572515 -0.002256006 0.999951720 84.416900635
0.999876440 0.004495327 0.015058821 1.285953403 -0.004526477 0.999987662 0.002035130 -2.249538422 -0.015049483 -0.002103042 0.999884486 84.962173462
0.999782145 0.003855963 0.020511437 1.313726783 -0.003903317 0.999989808 0.002269160 -2.267064571 -0.020502476 -0.002348729 0.999787033 85.512290955
0.999647677 0.003407257 0.026320629 1.335170507 -0.003454078 0.999992549 0.001733604 -2.271944046 -0.026314523 -0.001823907 0.999652028 86.036407471
0.999401987 0.004022039 0.034342434 1.369765878 -0.004085057 0.999990106 0.001765027 -2.288244247 -0.034334995 -0.001904262 0.999408603 86.583473206
0.999099553 0.003859740 0.042250711 1.424062729 -0.003956333 0.999989808 0.002202800 -2.310722828 -0.042241774 -0.002367974 0.999104619 87.102134705
0.998760283 0.003416482 0.049661510 1.443819523 -0.003514673 0.999992132 0.001890026 -2.315505743 -0.049654655 -0.002062227 0.998764277 87.691085815
0.998296976 0.003154363 0.058252860 1.501090765 -0.003256970 0.999993265 0.001666528 -2.329441071 -0.058247223 -0.001853417 0.998300493 88.238685608
0.997664988 0.003151835 0.068225332 1.562744617 -0.003262543 0.999993563 0.001511313 -2.348046303 -0.068220124 -0.001730373 0.997668862 88.756889343
0.997026622 0.002725621 0.077009998 1.613201141 -0.002860695 0.999994576 0.001643717 -2.358856201 -0.077005096 -0.001859132 0.997028947 89.325767517
0.996404052 0.002525208 0.084691167 1.681211948 -0.002688602 0.999994755 0.001815293 -2.374831200 -0.084686123 -0.002036466 0.996405602 89.872627258
0.995393395 0.002418096 0.095844239 1.748062611 -0.002586440 0.999995351 0.001632239 -2.388155699 -0.095839843 -0.001872615 0.995395005 90.412117004
0.994283676 0.002858906 0.106732346 1.815636635 -0.003064128 0.999993801 0.001758836 -2.402385712 -0.106726661 -0.002075823 0.994286299 90.953430176
0.993384123 0.001911870 0.114822917 1.905931473 -0.002130375 0.999996185 0.001780296 -2.421339273 -0.114819065 -0.002013133 0.993384361 91.468429565
0.991918385 0.002670485 0.126849502 1.991477013 -0.002914256 0.999994218 0.001736190 -2.431818485 -0.126844138 -0.002091831 0.991920471 92.085159302
0.990344107 0.001861320 0.138618350 2.092100143 -0.002110968 0.999996364 0.001653979 -2.447484970 -0.138614774 -0.001930627 0.990344524 92.616790771
0.988780975 0.001717069 0.149362773 2.202223778 -0.002034840 0.999996006 0.001974715 -2.470483780 -0.149358779 -0.002256490 0.988780499 93.157165527
0.987160623 0.001489086 0.159723759 2.313122749 -0.001846079 0.999996126 0.002086709 -2.486666441 -0.159720033 -0.002354779 0.987159431 93.687767029
0.984943032 0.001232808 0.172874764 2.422122955 -0.001614564 0.999996483 0.002067679 -2.497048140 -0.172871619 -0.002315663 0.984941661 94.220069885
0.982603073 0.001046138 0.185715467 2.540301323 -0.001466854 0.999996662 0.002127991 -2.507102728 -0.185712606 -0.002363387 0.982601285 94.765388489
0.980621696 0.000975908 0.195908442 2.665348053 -0.001409034 0.999996841 0.002071503 -2.522131205 -0.195905790 -0.002307403 0.980619967 95.308670044
0.978002548 0.000372266 0.208592772 2.809123993 -0.000914635 0.999996424 0.002503685 -2.537586927 -0.208591118 -0.002639396 0.977999389 95.837631226
0.975239277 0.000411444 0.221151426 2.963161469 -0.001025393 0.999996006 0.002661351 -2.554305315 -0.221149459 -0.002822221 0.975235879 96.332107544
0.972522616 0.000118564 0.232808083 3.100645065 -0.000662937 0.999997199 0.002260053 -2.566593885 -0.232807145 -0.002352291 0.972519994 96.871330261
0.969599664 -0.000082629 0.244696796 3.261167526 -0.000551285 0.999996722 0.002522118 -2.588216066 -0.244696170 -0.002580343 0.969596386 97.392486572
0.966045082 -0.000213038 0.258373320 3.426540375 -0.000312875 0.999997854 0.001994358 -2.597866774 -0.258373231 -0.002007479 0.966042995 97.908149719
0.962531507 -0.000462245 0.271169811 3.592250824 -0.000136743 0.999997616 0.002190004 -2.606418133 -0.271170259 -0.002145028 0.962529004 98.463348389
0.959469855 -0.000249154 0.281811148 3.766513824 -0.000440947 0.999997139 0.002385386 -2.622276783 -0.281810910 -0.002412970 0.959466994 98.975517273
0.955372274 -0.000850031 0.295403481 3.941457748 0.000026365 0.999996126 0.002792248 -2.639671803 -0.295404673 -0.002659848 0.955368519 99.464408875
0.950954199 -0.001033839 0.309329897 4.151208878 0.000346146 0.999997318 0.002278044 -2.645698309 -0.309331417 -0.002059243 0.950951993 100.030494690
0.947150409 -0.002007351 0.320783496 4.348846436 0.001320168 0.999996305 0.002359678 -2.654764891 -0.320787072 -0.001811482 0.947149575 100.550270081
0.942533791 -0.002370206 0.334102482 4.548309326 0.001723621 0.999996006 0.002231726 -2.671155453 -0.334106505 -0.001527611 0.942534089 101.058898926
0.937470555 -0.002665672 0.348054171 4.766222000 0.001904632 0.999994993 0.002528695 -2.689726830 -0.348059148 -0.001707662 0.937471032 101.562332153
0.932939172 -0.002650111 0.360024124 4.982341766 0.001800381 0.999994814 0.002695514 -2.698714256 -0.360029340 -0.001866571 0.932939053 102.072555542
0.928160310 -0.003520627 0.372163922 5.205114365 0.002790850 0.999992967 0.002499561 -2.713410378 -0.372170150 -0.001281339 0.928163648 102.588363647
0.922365963 -0.003696247 0.386299521 5.440162659 0.003017940 0.999992669 0.002362349 -2.722392797 -0.386305451 -0.001013121 0.922370374 103.084854126
0.916645288 -0.003912044 0.399682581 5.682323456 0.003099309 0.999991596 0.002679738 -2.741116047 -0.399689645 -0.001217630 0.916649699 103.593925476
0.911797225 -0.005343861 0.410605907 5.931194305 0.004600372 0.999985516 0.002798735 -2.758207560 -0.410614908 -0.000662939 0.911808670 104.064796448
0.905671597 -0.005118439 0.423949003 6.187683105 0.004269727 0.999986529 0.002951768 -2.772030830 -0.423958391 -0.000863187 0.905681252 104.559295654
0.899121284 -0.004795798 0.437673151 6.443149567 0.003852532 0.999987960 0.003043017 -2.789147377 -0.437682450 -0.001049892 0.899128914 105.051254272
0.893488586 -0.005504070 0.449052095 6.711826324 0.004771615 0.999984801 0.002762712 -2.800918102 -0.449060440 -0.000325748 0.893501222 105.530647278
0.887939513 -0.005378619 0.459928751 6.978031158 0.004535866 0.999985397 0.002937338 -2.811069012 -0.459937841 -0.000522004 0.887950957 106.020080566
0.880522549 -0.006048879 0.473965645 7.254108429 0.005039579 0.999981523 0.003399621 -2.834006310 -0.473977417 -0.000604856 0.880536735 106.483543396
0.873269141 -0.006314375 0.487197191 7.529926300 0.005390746 0.999980032 0.003297796 -2.838114738 -0.487208307 -0.000253508 0.873285770 106.967094421
0.867650449 -0.006116853 0.497137040 7.821243286 0.005204753 0.999981284 0.003220103 -2.847680807 -0.497147471 -0.000206448 0.867666066 107.448348999
0.860674858 -0.006418338 0.509114504 8.116889954 0.005297571 0.999979317 0.003650886 -2.868401766 -0.509127438 -0.000445156 0.860691071 107.891983032
