1.000000000 0.000000000 0.000000000 0.000000000 0.000000000 1.000000000 0.000000000 0.000000000 0.000000000 0.000000000 1.000000000 0.000000000
1.000000000 0.000128172 0.000014131 -0.000026370 -0.000128172 1.000000000 -0.000034847 0.000448207 -0.000014136 0.000034845 1.000000000 0.000157402
1.000000000 0.000093792 0.000082872 -0.000700596 -0.000093797 1.000000000 0.000062455 -0.000445890 -0.000082866 -0.000062462 1.000000000 -0.000249773
1.000000000 -0.000076489 0.000102205 -0.000312535 0.000076493 1.000000000 -0.000036196 0.000553886 -0.000102202 0.000036204 1.000000000 0.000402706
1.000000000 -0.000082695 0.000055849 -0.000329187 0.000082695 1.000000000 0.000010844 -0.000051891 -0.000055850 -0.000010840 1.000000000 -0.000532522
1.000000000 0.000048340 0.000161577 -0.001342065 -0.000048338 1.000000000 -0.000012646 0.000682272 -0.000161577 0.000012638 1.000000000 0.000016572
1.000000000 -0.000065467 0.000093060 -0.000653221 0.000065468 1.000000000 -0.000016714 0.000190279 -0.000093059 0.000016720 1.000000000 -0.000250426
1.000000000 0.000031926 0.000094585 -0.000679865 -0.000031933 1.000000000 0.000073210 -0.000646093 -0.000094583 -0.000073213 1.000000000 -0.000618833
1.000000000 -0.000008022 0.000013826 -0.000755419 0.000008023 1.000000000 -0.000073841 0.000085377 -0.000013826 0.000073841 1.000000000 -0.000201093
1.000000000 -0.000029385 0.000067235 -0.000115989 0.000029382 1.000000000 0.000041727 -0.001277300 -0.000067236 -0.000041725 1.000000000 -0.000254324
1.000000000 0.000089660 0.000103338 -0.001021072 -0.000089668 1.000000000 0.000080131 -0.000933451 -0.000103331 -0.000080140 1.000000000 -0.000062950
1.000000000 0.000046685 0.000095144 0.000053884 -0.000046682 1.000000000 -0.000035585 0.000442690 -0.000095146 0.000035580 1.000000000 0.000846013
1.000000000 0.000087749 0.000059024 -0.000361191 -0.000087745 1.000000000 -0.000066676 -0.000391807 -0.000059030 0.000066671 1.000000000 -0.000220418
1.000000000 0.000060248 0.000083174 -0.001240481 -0.000060245 1.000000000 -0.000035408 0.000904177 -0.000083176 0.000035403 1.000000000 0.000448114
1.000000000 0.000001981 0.000080505 -0.001757904 -0.000001973 1.000000000 -0.000093470 0.000968164 -0.000080506 0.000093470 1.000000000 -0.000023113
1.000000000 0.000084763 0.000035236 -0.000158414 -0.000084760 1.000000000 -0.000092608 0.001978859 -0.000035244 0.000092605 1.000000000 0.001990523
1.000000000 0.000116849 0.000134135 -0.001261872 -0.000116834 1.000000000 -0.000109459 0.001729411 -0.000134148 0.000109443 1.000000000 0.002491649
1.000000000 0.000128209 0.000113604 -0.001577771 -0.000128195 1.000000000 -0.000117593 0.001217866 -0.000113619 0.000117579 1.000000000 0.001206937
0.999999940 0.000223902 0.000183182 -0.002288710 -0.000223884 0.999999940 -0.000098699 0.002019564 -0.000183204 0.000098658 1.000000000 0.002503367
1.000000000 0.000163679 0.000159896 -0.001516411 -0.000163659 1.000000000 -0.000125022 0.001941723 -0.000159916 0.000124996 1.000000000 0.002168622
1.000000000 0.000135875 0.000186306 -0.002238482 -0.000135858 1.000000000 -0.000091338 0.001462827 -0.000186319 0.000091313 1.000000000 0.002186559
1.000000000 0.000122640 0.000119887 -0.001861975 -0.000122629 1.000000000 -0.000097210 0.001902150 -0.000119899 0.000097195 1.000000000 0.001844631
1.000000000 0.000112809 0.000088718 -0.000862675 -0.000112796 1.000000000 -0.000137444 0.002479132 -0.000088733 0.000137434 1.000000000 0.003160059
1.000000000 0.000112750 0.000106147 -0.001559594 -0.000112736 1.000000000 -0.000130641 0.002830313 -0.000106162 0.000130629 1.000000000 0.003421326
0.999999940 0.000283658 0.000082915 -0.001727222 -0.000283650 0.999999940 -0.000095765 0.002737150 -0.000082942 0.000095742 1.000000000 0.003807940
0.999999940 0.000324066 0.000147848 -0.002028761 -0.000324062 0.999999940 -0.000028635 0.001459184 -0.000147857 0.000028587 1.000000000 0.001924347
1.000000000 0.000135183 0.000196623 -0.002187318 -0.000135169 1.000000000 -0.000070207 0.003078441 -0.000196633 0.000070181 1.000000000 0.003239345
0.999999940 0.000167445 0.000178148 -0.001859105 -0.000167442 1.000000000 -0.000020156 0.001433482 -0.000178152 0.000020126 1.000000000 0.002531749
1.000000000 0.000139346 0.000097354 -0.001580346 -0.000139340 1.000000000 -0.000068605 0.002651937 -0.000097363 0.000068591 1.000000000 0.002670006
1.000000000 0.000159122 0.000165599 -0.002301452 -0.000159103 1.000000000 -0.000112605 0.002727715 -0.000165617 0.000112579 1.000000000 0.003122088
0.999999940 0.000140291 0.000210688 -0.001474715 -0.000140281 1.000000000 -0.000044259 0.001611375 -0.000210695 0.000044229 1.000000000 0.002851916
1.000000000 0.000042526 0.000193394 -0.001100231 -0.000042501 1.000000000 -0.000133245 0.003471169 -0.000193400 0.000133237 1.000000000 0.003871056
1.000000000 0.000145700 0.000066736 -0.000234604 -0.000145685 0.999999940 -0.000224434 0.003888930 -0.000066769 0.000224424 1.000000000 0.003762511
1.000000000 0.000164736 0.000160637 -0.001238005 -0.000164724 1.000000000 -0.000080475 0.001834170 -0.000160650 0.000080448 1.000000000 0.002168256
0.999999940 0.000268695 0.000228373 -0.002864590 -0.000268667 0.999999940 -0.000122224 0.002027560 -0.000228406 0.000122163 0.999999940 0.001665717
0.999999940 0.000269977 0.000223937 -0.001547122 -0.000269953 0.999999940 -0.000109358 0.001814875 -0.000223967 0.000109298 0.999999940 0.001736858
1.000000000 0.000091092 0.000112878 -0.001166291 -0.000091090 1.000000000 -0.000018806 0.001862456 -0.000112879 0.000018796 1.000000000 0.001915762
0.999999940 0.000229271 0.000164331 -0.002145385 -0.000229255 0.999999940 -0.000097481 0.003150210 -0.000164353 0.000097443 1.000000000 0.003542810
0.999999940 0.000222787 0.000217911 -0.001874542 -0.000222760 0.999999940 -0.000121813 0.003005705 -0.000217938 0.000121765 0.999999940 0.002207161
1.000000000 0.000150586 0.000096924 -0.000313598 -0.000150574 1.000000000 -0.000120647 0.003717964 -0.000096942 0.000120633 1.000000000 0.002995065
1.000000000 0.000045032 0.000087627 0.000262377 -0.000045020 1.000000000 -0.000143668 0.001595738 -0.000087633 0.000143665 1.000000000 0.003455254
0.999999940 0.000323813 0.000169373 0.000862608 -0.000323696 0.999999702 -0.000686365 -0.001302137 -0.000169595 0.000686310 0.999999762 0.051705960
1.000000000 0.000180056 0.000079368 0.002347109 -0.000179959 0.999999225 -0.001218961 -0.003335784 -0.000079588 0.001218947 0.999999225 0.140694737
0.999999285 -0.000840428 -0.000854549 0.012974586 0.000839360 0.999998868 -0.001250058 -0.009887405 0.000855599 0.001249340 0.999998868 0.254085004
0.999999583 -0.000482709 -0.000777364 0.015429919 0.000481837 0.999999285 -0.001121075 -0.013410867 0.000777905 0.001120700 0.999999106 0.384939462
0.999999583 -0.000577247 -0.000720689 0.016862044 0.000576538 0.999999404 -0.000983342 -0.016318552 0.000721256 0.000982926 0.999999285 0.532458842
0.999998987 -0.001014844 -0.000984725 0.026304280 0.001014141 0.999999225 -0.000714625 -0.024991104 0.000985450 0.000713626 0.999999285 0.686236024
0.999998927 -0.001142822 -0.000893718 0.029877674 0.001142458 0.999999285 -0.000407368 -0.028085480 0.000894183 0.000406347 0.999999464 0.849936545
0.999999225 -0.000974232 -0.000822744 0.030385785 0.000973971 0.999999523 -0.000318144 -0.032755490 0.000823054 0.000317343 0.999999583 1.021302819
0.999998808 -0.001002009 -0.001180882 0.035199761 0.001001191 0.999999225 -0.000692750 -0.035102349 0.001181575 0.000691566 0.999999046 1.206029773
0.999998927 -0.001067972 -0.001024191 0.037869092 0.001067705 0.999999404 -0.000261459 -0.042396817 0.001024469 0.000260366 0.999999404 1.392278790
0.999999225 -0.000672789 -0.001084970 0.039569698 0.000672201 0.999999762 -0.000542436 -0.041938793 0.001085335 0.000541707 0.999999285 1.590549827
0.999998629 -0.001105039 -0.001166598 0.048948620 0.001104603 0.999999404 -0.000374482 -0.046812151 0.001167011 0.000373193 0.999999225 1.796446204
0.999998331 -0.001230135 -0.001303040 0.050780460 0.001230583 0.999999106 0.000343193 -0.061618291 0.001302617 -0.000344796 0.999999106 1.988379002
0.999997616 -0.001722920 -0.001342678 0.055555537 0.001723534 0.999998391 0.000456562 -0.069600597 0.001341889 -0.000458875 0.999998987 2.198477745
0.999997556 -0.001565299 -0.001558248 0.061600097 0.001566035 0.999998629 0.000470692 -0.075041778 0.001557510 -0.000473131 0.999998689 2.423151731
0.999998331 -0.000994038 -0.001559926 0.067093007 0.000994352 0.999999523 0.000200669 -0.079894044 0.001559726 -0.000202220 0.999998808 2.645822287
0.999998271 -0.001426129 -0.001156871 0.067850962 0.001426906 0.999998748 0.000671501 -0.093987375 0.001155912 -0.000673151 0.999999106 2.872452021
0.999997914 -0.001734027 -0.001045085 0.070403583 0.001734569 0.999998391 0.000518261 -0.095949776 0.001044185 -0.000520072 0.999999344 3.114728689
0.999998271 -0.001418984 -0.001225125 0.078607865 0.001420033 0.999998629 0.000855898 -0.106055163 0.001223909 -0.000857636 0.999998927 3.366171122
0.999998569 -0.001525309 -0.000709285 0.074725471 0.001526031 0.999998331 0.001018613 -0.115695581 0.000707730 -0.001019694 0.999999166 3.610911131
0.999998987 -0.001261193 -0.000603375 0.076023720 0.001261787 0.999998748 0.000985281 -0.122024760 0.000602131 -0.000986041 0.999999344 3.867708445
0.999999225 -0.001051111 -0.000675526 0.082003631 0.001051786 0.999998927 0.000999467 -0.127566084 0.000674475 -0.001000176 0.999999285 4.126417637
0.999999523 -0.000932952 -0.000356621 0.086767487 0.000933327 0.999998927 0.001052832 -0.131745413 0.000355639 -0.001053164 0.999999464 4.386400223
0.999999464 -0.000976595 -0.000294727 0.089246690 0.000976867 0.999999046 0.000922386 -0.137839913 0.000293826 -0.000922674 0.999999583 4.648750305
0.999999404 -0.000952513 -0.000520733 0.095726877 0.000953069 0.999998927 0.001068071 -0.145534247 0.000519715 -0.001068567 0.999999225 4.907868385
0.999999821 -0.000518559 -0.000438170 0.100473277 0.000519170 0.999998868 0.001393611 -0.152913719 0.000437447 -0.001393838 0.999998868 5.171660900
0.999999881 -0.000411559 -0.000327041 0.104385823 0.000411856 0.999999523 0.000907527 -0.157613009 0.000326667 -0.000907662 0.999999583 5.431819916
1.000000000 -0.000091465 -0.000108862 0.102240913 0.000091584 0.999999344 0.001091246 -0.167198420 0.000108762 -0.001091256 0.999999344 5.694627285
0.999999702 -0.000775931 -0.000217274 0.107580453 0.000776137 0.999999285 0.000951403 -0.172929019 0.000216536 -0.000951571 0.999999464 5.966600418
1.000000000 -0.000242598 -0.000024164 0.110703416 0.000242620 0.999999523 0.000926188 -0.182695299 0.000023939 -0.000926194 0.999999523 6.248046398
0.999999940 0.000190809 0.000171967 0.117152438 -0.000190980 0.999999523 0.000992899 -0.188616946 -0.000171778 -0.000992932 0.999999464 6.532422543
0.999999881 -0.000308632 -0.000259589 0.121852458 0.000308825 0.999999642 0.000743147 -0.190906167 0.000259360 -0.000743227 0.999999702 6.833982944
1.000000000 -0.000146178 0.000006356 0.127053857 0.000146174 0.999999762 0.000548203 -0.196373820 -0.000006436 -0.000548202 0.999999881 7.138571262
0.999999821 -0.000527749 -0.000343760 0.133784875 0.000528084 0.999999464 0.000975785 -0.208514109 0.000343245 -0.000975966 0.999999464 7.433725834
0.999999881 -0.000490465 -0.000141238 0.138291538 0.000490597 0.999999464 0.000936446 -0.219481841 0.000140778 -0.000936516 0.999999523 7.757199764
0.999999642 -0.000775327 -0.000246371 0.148431286 0.000775475 0.999999523 0.000601117 -0.222715259 0.000245905 -0.000601308 0.999999762 8.078251839
1.000000000 -0.000221844 0.000029278 0.147421971 0.000221817 0.999999583 0.000946778 -0.233374506 -0.000029488 -0.000946771 0.999999523 8.397730827
0.999999940 -0.000309184 0.000040538 0.155530408 0.000309150 0.999999642 0.000825169 -0.244769052 -0.000040792 -0.000825157 0.999999583 8.701318741
0.999999940 -0.000388379 -0.000060801 0.163266823 0.000388436 0.999999404 0.000941028 -0.252711862 0.000060435 -0.000941051 0.999999523 9.048240662
0.999999940 -0.000020292 -0.000365308 0.171006411 0.000020741 0.999999166 0.001230571 -0.266614914 0.000365283 -0.001230579 0.999999166 9.393306732
0.999999762 0.000711124 0.000257222 0.176277027 -0.000711368 0.999999225 0.000950646 -0.275739789 -0.000256546 -0.000950829 0.999999583 9.729911804
1.000000000 -0.000117858 -0.000208094 0.183041021 0.000118122 0.999999166 0.001268739 -0.284819067 0.000207944 -0.001268764 0.999999225 10.081413269
0.999999881 0.000132542 -0.000434511 0.185606480 -0.000132013 0.999999225 0.001216205 -0.301055640 0.000434672 -0.001216147 0.999999166 10.436395645
0.999999940 0.000378430 -0.000090449 0.191526040 -0.000378339 0.999999344 0.001003621 -0.310050458 0.000090828 -0.001003586 0.999999464 10.800538063
0.999999940 0.000273877 -0.000108950 0.199294418 -0.000273751 0.999999225 0.001156894 -0.316690326 0.000109267 -0.001156864 0.999999344 11.169445038
0.999999940 0.000177818 -0.000174585 0.203482240 -0.000177619 0.999999344 0.001141061 -0.325763583 0.000174788 -0.001141030 0.999999285 11.555830002
0.999999821 0.000365582 -0.000219599 0.212651730 -0.000365219 0.999998569 0.001649384 -0.342783064 0.000220202 -0.001649304 0.999998629 11.905801773
0.999999881 -0.000245377 -0.000242582 0.219929501 0.000245752 0.999998808 0.001545990 -0.353911310 0.000242202 -0.001546050 0.999998808 12.291470528
0.999999940 -0.000092020 -0.000038042 0.230760694 0.000092092 0.999998152 0.001905147 -0.364209384 0.000037867 -0.001905150 0.999998212 12.678959846
0.999999940 0.000272359 0.000268693 0.229994550 -0.000272876 0.999998033 0.001924551 -0.373131454 -0.000268169 -0.001924624 0.999998093 13.076242447
0.999999821 0.000525838 0.000398631 0.244015574 -0.000526720 0.999997377 0.002216413 -0.386135578 -0.000397465 -0.002216623 0.999997497 13.475893974
1.000000000 0.000241719 0.000348505 0.246947944 -0.000242445 0.999997795 0.002082605 -0.398286462 -0.000348001 -0.002082690 0.999997795 13.887413979
0.999999464 0.000765887 0.000755060 0.251751035 -0.000767698 0.999996841 0.002401156 -0.409788430 -0.000753219 -0.002401734 0.999996841 14.305898666
0.999999762 0.000263963 0.000660758 0.263276875 -0.000265195 0.999998271 0.001865449 -0.420040637 -0.000660265 -0.001865624 0.999998093 14.716402054
0.999999881 0.000039630 0.000487083 0.276228905 -0.000040688 0.999997616 0.002171778 -0.432424098 -0.000486996 -0.002171798 0.999997497 15.155662537
0.999999344 0.000039694 0.001161225 0.281344593 -0.000041856 0.999998212 0.001861851 -0.443336070 -0.001161149 -0.001861898 0.999997616 15.591459274
0.999998629 0.000191196 0.001610238 0.285610110 -0.000194711 0.999997556 0.002183061 -0.454419345 -0.001609817 -0.002183371 0.999996305 16.040395737
0.999997735 0.000687768 0.001981916 0.295364231 -0.000693112 0.999996066 0.002696782 -0.469065338 -0.001980054 -0.002698149 0.999994338 16.475713730
0.999997914 0.000572122 0.001971946 0.303918660 -0.000576590 0.999997258 0.002266038 -0.479184806 -0.001970644 -0.002267171 0.999995470 16.920974731
0.999997675 0.000473127 0.002130538 0.315345883 -0.000477843 0.999997377 0.002213562 -0.489592016 -0.002129486 -0.002214574 0.999995291 17.389375687
0.999996901 0.000442925 0.002444481 0.319287598 -0.000448874 0.999996901 0.002434010 -0.503607213 -0.002443396 -0.002435099 0.999994040 17.832431793
0.999996066 0.000213348 0.002817223 0.331562638 -0.000219181 0.999997854 0.002070181 -0.514514506 -0.002816775 -0.002070790 0.999993920 18.299800873
0.999994934 0.000745268 0.003086219 0.340170413 -0.000752301 0.999997139 0.002278179 -0.526455164 -0.003084512 -0.002280490 0.999992669 18.779279709
0.999995291 0.000125138 0.003058767 0.344395876 -0.000132088 0.999997556 0.002272148 -0.540436327 -0.003058475 -0.002272542 0.999992728 19.227470398
0.999994576 0.000348099 0.003296483 0.362655580 -0.000354918 0.999997854 0.002068214 -0.547438383 -0.003295755 -0.002069372 0.999992490 19.714527130
0.999994159 0.000638336 0.003354669 0.361230224 -0.000646907 0.999996543 0.002554334 -0.560123920 -0.003353028 -0.002556489 0.999991059 20.209760666
0.999994636 0.000414091 0.003232185 0.374649376 -0.000421757 0.999997079 0.002371472 -0.576072156 -0.003231193 -0.002372823 0.999991953 20.651008606
0.999996305 0.000398581 0.002676124 0.386377960 -0.000404589 0.999997377 0.002244787 -0.583574176 -0.002675222 -0.002245862 0.999993861 21.156099319
0.999997973 0.000041459 0.002035805 0.393508732 -0.000044898 0.999998510 0.001689300 -0.587038040 -0.002035731 -0.001689388 0.999996483 21.669109344
0.999997854 0.000413958 0.001998877 0.384443820 -0.000419065 0.999996781 0.002554976 -0.616031647 -0.001997812 -0.002555809 0.999994755 22.165395737
0.999998927 0.000353671 0.001394254 0.400754094 -0.000356593 0.999997795 0.002096383 -0.625020504 -0.001393509 -0.002096878 0.999996841 22.685585022
0.999998927 0.000988511 0.001079842 0.405213177 -0.000990226 0.999998212 0.001589408 -0.634663880 -0.001078269 -0.001590476 0.999998152 23.188396454
0.999999344 0.000629897 0.000927810 0.399809480 -0.000632571 0.999995768 0.002883465 -0.659405828 -0.000925989 -0.002884051 0.999995410 23.720666885
0.999999940 -0.000279412 -0.000029181 0.411436439 0.000279487 0.999996722 0.002583216 -0.673358679 0.000028459 -0.002583225 0.999996662 24.252031326
0.999999762 0.000753564 -0.000133808 0.424820811 -0.000753269 0.999997377 0.002190957 -0.676288545 0.000135459 -0.002190855 0.999997616 24.800451279
0.999999225 0.000782846 -0.000998129 0.434016079 -0.000780122 0.999995947 0.002726674 -0.700363398 0.001000260 -0.002725893 0.999995768 25.344552994
0.999997199 0.001881187 -0.001504603 0.441705614 -0.001877322 0.999994993 0.002566133 -0.710650265 0.001509423 -0.002563301 0.999995589 25.889955521
0.999996424 0.002382138 -0.001213900 0.441933781 -0.002378920 0.999993742 0.002645753 -0.723656476 0.001220195 -0.002642855 0.999995768 26.447357178
0.999997377 0.001890037 -0.001300882 0.446005404 -0.001886841 0.999995291 0.002453374 -0.732217133 0.001305513 -0.002450913 0.999996126 27.005779266
0.999996006 0.001606524 -0.002288815 0.447049290 -0.001599380 0.999993801 0.003119421 -0.760973334 0.002293813 -0.003115748 0.999992490 27.531698227
0.999994695 0.001549453 -0.002849925 0.460204124 -0.001540471 0.999993801 0.003151102 -0.776304543 0.002854790 -0.003146695 0.999990940 28.087764740
0.999993563 0.002325753 -0.002742836 0.463940382 -0.002316819 0.999992013 0.003255773 -0.785894811 0.002750386 -0.003249398 0.999990880 28.640127182
0.999992311 0.002053777 -0.003328748 0.473552167 -0.002043805 0.999993443 0.002996234 -0.800304532 0.003334880 -0.002989408 0.999989986 29.181940079
0.999991000 0.002434480 -0.003486289 0.478314877 -0.002423726 0.999992371 0.003085625 -0.815610409 0.003493774 -0.003077147 0.999989212 29.735685349
0.999987960 0.002878641 -0.003972679 0.489574939 -0.002866687 0.999991357 0.003011162 -0.824652851 0.003981313 -0.002999738 0.999987602 30.279935837
0.999989390 0.002127255 -0.004081908 0.488004386 -0.002114375 0.999992788 0.003157281 -0.840332091 0.004088595 -0.003148617 0.999986708 30.786306381
0.999988496 0.002478037 -0.004111515 0.493434191 -0.002465631 0.999992371 0.003019817 -0.850686848 0.004118967 -0.003009645 0.999987006 31.340787888
0.999986589 0.002976136 -0.004243361 0.499457449 -0.002964193 0.999991655 0.002817751 -0.860460520 0.004251712 -0.002805135 0.999987066 31.899642944
0.999984741 0.002546102 -0.004932116 0.511964560 -0.002532826 0.999993145 0.002696053 -0.875791311 0.004938947 -0.002683520 0.999984205 32.417377472
0.999982893 0.002496567 -0.005288822 0.515765071 -0.002481530 0.999992847 0.002847541 -0.892248631 0.005295894 -0.002834368 0.999981999 32.958431244
0.999981821 0.002217062 -0.005615213 0.533020496 -0.002198489 0.999992073 0.003311677 -0.912977219 0.005622511 -0.003299271 0.999978781 33.523403168
0.999982834 0.002190461 -0.005424407 0.524811447 -0.002173332 0.999992669 0.003161542 -0.922711253 0.005431292 -0.003149698 0.999980271 34.024429321
0.999980330 0.002531956 -0.005730651 0.531477273 -0.002513654 0.999991834 0.003198663 -0.933124542 0.005738703 -0.003184195 0.999978423 34.573684692
0.999980152 0.002682480 -0.005687180 0.536959171 -0.002663894 0.999991119 0.003273075 -0.954538345 0.005695909 -0.003257860 0.999978423 35.087867737
0.999976993 0.002610603 -0.006264957 0.556301057 -0.002595595 0.999993742 0.002402534 -0.949145079 0.006271190 -0.002386217 0.999977469 35.660663605
0.999977708 0.002515938 -0.006186856 0.537040174 -0.002499386 0.999993205 0.002681464 -0.969273806 0.006193561 -0.002665941 0.999977291 36.162479401
0.999980807 0.002035839 -0.005860966 0.544064224 -0.002019463 0.999994040 0.002798658 -0.984095097 0.005866628 -0.002786769 0.999978960 36.714508057
0.999979913 0.002095781 -0.005992881 0.548100948 -0.002082418 0.999995291 0.002235012 -0.991583407 0.005997539 -0.002222487 0.999979556 37.259647369
0.999975979 0.002458884 -0.006483272 0.547405362 -0.002441830 0.999993563 0.002637017 -1.002976418 0.006489714 -0.002621122 0.999975443 37.775978088
0.999971807 0.002602316 -0.007056443 0.556286871 -0.002583334 0.999992967 0.002697779 -1.016968608 0.007063415 -0.002679473 0.999971449 38.324832916
0.999972343 0.002358260 -0.007058524 0.564185798 -0.002341466 0.999994457 0.002386707 -1.021837234 0.007064113 -0.002370113 0.999972284 38.890277863
0.999975920 0.002422877 -0.006496549 0.560270309 -0.002408139 0.999994636 0.002275398 -1.025998473 0.006502027 -0.002259699 0.999976277 39.379901886
0.999976873 0.002491201 -0.006326686 0.566010714 -0.002477992 0.999994695 0.002094873 -1.040954828 0.006331871 -0.002079146 0.999977767 39.930099487
0.999972820 0.002354188 -0.006987665 0.586093664 -0.002338112 0.999994636 0.002307913 -1.061786175 0.006993061 -0.002291512 0.999972880 40.462310791
0.999975204 0.002466977 -0.006590980 0.568570614 -0.002453724 0.999994934 0.002018025 -1.064490795 0.006595925 -0.002001803 0.999976218 41.001377106
0.999972582 0.003024919 -0.006766781 0.575088501 -0.003010996 0.999993265 0.002066799 -1.074367523 0.006772988 -0.002046367 0.999974966 41.545219421
0.999973774 0.002498143 -0.006799555 0.586775303 -0.002483140 0.999994457 0.002214104 -1.095764160 0.006805048 -0.002197162 0.999974370 42.105800629
0.999975920 0.002781584 -0.006351559 0.575832486 -0.002769147 0.999994218 0.001965899 -1.105447173 0.006356991 -0.001948263 0.999977887 42.572113037
0.999976337 0.003178424 -0.006093454 0.577602565 -0.003163379 0.999991953 0.002477037 -1.121152878 0.006101278 -0.002457703 0.999978364 43.119190216
0.999974906 0.003306737 -0.006262754 0.601320386 -0.003290514 0.999991179 0.002598965 -1.141521454 0.006271293 -0.002578292 0.999976993 43.666660309
0.999974847 0.002926395 -0.006448591 0.586506546 -0.002912630 0.999993443 0.002142787 -1.140893698 0.006454818 -0.002123951 0.999976933 44.154273987
0.999976635 0.003223492 -0.006024191 0.588787377 -0.003213154 0.999993324 0.001724914 -1.152684689 0.006029711 -0.001705517 0.999980450 44.710151672
0.999976277 0.003373784 -0.005997011 0.599640667 -0.003363329 0.999992788 0.001752493 -1.168044925 0.006002879 -0.001732281 0.999980509 45.251155853
0.999975383 0.004567798 -0.005313173 0.611457527 -0.004557919 0.999987900 0.001870089 -1.182875872 0.005321651 -0.001845826 0.999984145 45.766498566
0.999978721 0.004002557 -0.005154260 0.579313755 -0.003994309 0.999990642 0.001609373 -1.190880060 0.005160654 -0.001588751 0.999985397 46.276325226
0.999977231 0.004058294 -0.005397750 0.593375802 -0.004050614 0.999990702 0.001432961 -1.198108435 0.005403516 -0.001411064 0.999984384 46.827663422
0.999974489 0.003846732 -0.006030339 0.607695580 -0.003835397 0.999990940 0.001889909 -1.215656281 0.006037555 -0.001866732 0.999980032 47.392097473
0.999973297 0.004833892 -0.005479782 0.619693041 -0.004822618 0.999986172 0.002068690 -1.242303252 0.005489707 -0.002042208 0.999982834 47.922996521
0.999979258 0.004002489 -0.005051808 0.598050535 -0.003992741 0.999990165 0.001938050 -1.242902279 0.005059516 -0.001917839 0.999985337 48.394630432
0.999977469 0.003767753 -0.005559893 0.611952305 -0.003758493 0.999991596 0.001674881 -1.251922727 0.005566156 -0.001653946 0.999983132 48.954917908
0.999977648 0.004146020 -0.005240731 0.621708214 -0.004139201 0.999990642 0.001311398 -1.264899969 0.005246119 -0.001289676 0.999985397 49.491661072
0.999978483 0.004611155 -0.004660543 0.595668435 -0.004604362 0.999988258 0.001467525 -1.268642068 0.004667256 -0.001446034 0.999988019 49.980445862
0.999978244 0.004545477 -0.004756410 0.604904056 -0.004538327 0.999988496 0.001512996 -1.286773086 0.004763232 -0.001491377 0.999987543 50.512557983
0.999978542 0.004515843 -0.004729446 0.619415343 -0.004508365 0.999988496 0.001590917 -1.295487046 0.004736576 -0.001569561 0.999987543 51.060867310
0.999979854 0.004496492 -0.004481523 0.609622002 -0.004490989 0.999989152 0.001237823 -1.305862904 0.004487040 -0.001217671 0.999989212 51.561210632
0.999979854 0.004850102 -0.004113801 0.616373003 -0.004845234 0.999987543 0.001192817 -1.321454644 0.004119536 -0.001172861 0.999990880 52.116226196
0.999979496 0.004844161 -0.004185782 0.614879966 -0.004838750 0.999987364 0.001301833 -1.334849358 0.004192036 -0.001281552 0.999990344 52.633895874
0.999980271 0.004880152 -0.003948191 0.622799695 -0.004875118 0.999987185 0.001283749 -1.352557778 0.003954404 -0.001264475 0.999991417 53.181045532
0.999978483 0.005168316 -0.004044491 0.634342849 -0.005163746 0.999985993 0.001139732 -1.365833879 0.004050325 -0.001118822 0.999991179 53.690608978
0.999976039 0.005767170 -0.003817393 0.633533180 -0.005764653 0.999983132 0.000670101 -1.372093081 0.003821193 -0.000648079 0.999992490 54.224006653
0.999976575 0.005874234 -0.003520251 0.640853882 -0.005872363 0.999982595 0.000541726 -1.386830688 0.003523372 -0.000521041 0.999993622 54.776294708
0.999976873 0.005539496 -0.003924169 0.651236475 -0.005537733 0.999984562 0.000459853 -1.397578001 0.003926655 -0.000438111 0.999992192 55.301841736
0.999975562 0.005971042 -0.003621495 0.650017917 -0.005969543 0.999982059 0.000425153 -1.410699725 0.003623968 -0.000403524 0.999993384 55.850952148
0.999976814 0.005758230 -0.003642751 0.662613869 -0.005755692 0.999983191 0.000706597 -1.429506063 0.003646758 -0.000685614 0.999993086 56.354358673
0.999973953 0.006305322 -0.003513385 0.672601700 -0.006303190 0.999979973 0.000617710 -1.444755197 0.003517209 -0.000595549 0.999993622 56.887306213
0.999970496 0.006766715 -0.003655167 0.684877276 -0.006766990 0.999977052 -0.000062951 -1.454257727 0.003654658 0.000087685 0.999993205 57.440280914
0.999973655 0.006510568 -0.003203588 0.694581389 -0.006507797 0.999978364 0.000874707 -1.478901148 0.003209213 -0.000853836 0.999994457 57.980541229
0.999977827 0.005639288 -0.003546189 0.684110463 -0.005636420 0.999983788 0.000818796 -1.478488684 0.003550749 -0.000798790 0.999993324 58.464809418
0.999979377 0.005691737 -0.002976830 0.691464961 -0.005691226 0.999983847 0.000180375 -1.494671106 0.002977808 -0.000163429 0.999995530 59.007022858
0.999979794 0.005265213 -0.003557842 0.711898208 -0.005265246 0.999986112 0.000000395 -1.508296371 0.003557794 0.000018338 0.999993682 59.564147949
0.999977827 0.005784606 -0.003272220 0.697223723 -0.005783584 0.999983251 0.000321358 -1.519354105 0.003274024 -0.000302425 0.999994576 60.055725098
0.999971926 0.006515115 -0.003702478 0.708774149 -0.006516176 0.999978781 -0.000274632 -1.530009031 0.003700610 0.000298750 0.999993086 60.603843689
0.999978244 0.005909334 -0.002918239 0.705566347 -0.005908699 0.999982536 0.000226320 -1.551648617 0.002919525 -0.000209072 0.999995649 61.114810944
0.999975920 0.006340426 -0.002812155 0.711271286 -0.006341290 0.999979794 -0.000298242 -1.565619230 0.002810207 0.000316067 0.999995947 61.656196594
0.999978542 0.006029861 -0.002543427 0.719844460 -0.006029488 0.999981821 0.000154761 -1.583250761 0.002544314 -0.000139422 0.999996722 62.166152954
0.999975085 0.006571080 -0.002574456 0.726578236 -0.006570891 0.999978423 0.000081713 -1.595850945 0.002574938 -0.000064794 0.999996662 62.704170227
0.999976933 0.006262144 -0.002636991 0.736147106 -0.006262639 0.999980330 -0.000179451 -1.610166669 0.002635815 0.000195961 0.999996483 63.234203339
0.999975920 0.006490869 -0.002461131 0.743372440 -0.006491329 0.999978900 -0.000179101 -1.625630140 0.002459917 0.000195073 0.999996960 63.753692627
0.999973655 0.006843400 -0.002422346 0.752696037 -0.006845495 0.999976158 -0.000857441 -1.636333227 0.002416421 0.000874000 0.999996722 64.297554016
0.999975502 0.006642830 -0.002204246 0.755601883 -0.006643603 0.999977887 -0.000343400 -1.649328828 0.002201916 0.000358036 0.999997497 64.802497864
0.999974012 0.006797244 -0.002431701 0.759421825 -0.006797967 0.999976873 -0.000289578 -1.671974659 0.002429676 0.000306102 0.999997020 65.336288452
0.999974549 0.006872600 -0.001901498 0.771460414 -0.006873546 0.999976277 -0.000490489 -1.678622365 0.001898082 0.000503546 0.999998093 65.865280151
0.999971807 0.007443800 -0.000930809 0.770035684 -0.007443818 0.999972343 -0.000015873 -1.703995109 0.000930665 0.000022801 0.999999583 66.398109436
0.999978364 0.006282375 -0.001952868 0.792955518 -0.006283557 0.999980032 -0.000599129 -1.707079053 0.001949065 0.000611387 0.999997914 66.916206360
0.999972105 0.007128333 -0.002232669 0.799841642 -0.007129373 0.999974489 -0.000458274 -1.725808740 0.002229345 0.000474179 0.999997377 67.450401306
0.999974012 0.007006026 -0.001679242 0.806243062 -0.007007678 0.999974906 -0.000978593 -1.736991525 0.001672344 0.000990335 0.999998093 67.995574951
0.999971688 0.007345219 -0.001587697 0.812606573 -0.007345151 0.999972999 0.000048996 -1.757348537 0.001588014 -0.000037333 0.999998689 68.543113708
0.999967337 0.007987054 -0.001260288 0.821587265 -0.007987581 0.999968052 -0.000412416 -1.775343776 0.001256954 0.000422469 0.999999106 69.094169617
0.999968469 0.007889217 -0.000889439 0.819036126 -0.007889935 0.999968588 -0.000807464 -1.784477353 0.000883041 0.000814456 0.999999285 69.661590576
0.999977767 0.006530573 -0.001336874 0.827193618 -0.006532361 0.999977767 -0.001337606 -1.786956906 0.001328109 0.001346309 0.999998152 70.044242859
0.999976695 0.006716414 -0.001234917 0.835384071 -0.006718549 0.999975920 -0.001734785 -1.802808762 0.001223235 0.001743042 0.999997735 70.587631226
0.999977291 0.006716226 -0.000670031 0.846115708 -0.006717023 0.999976695 -0.001196113 -1.822609663 0.000661982 0.001200586 0.999999046 71.125747681
0.999976337 0.006762766 -0.001278814 0.851229727 -0.006764194 0.999976516 -0.001115689 -1.836816430 0.001271238 0.001124313 0.999998569 71.613182068
0.999980092 0.006160974 -0.001441512 0.865739286 -0.006162928 0.999980032 -0.001355428 -1.848784924 0.001433133 0.001364285 0.999998033 72.167335510
0.999972820 0.007281622 -0.001131020 0.866151631 -0.007282516 0.999973118 -0.000788312 -1.869244456 0.001125249 0.000796527 0.999999046 72.674369812
0.999971390 0.007501663 -0.000884523 0.876251519 -0.007502711 0.999971092 -0.001186617 -1.881974339 0.000875595 0.001193219 0.999998927 73.205558777
0.999968946 0.007833516 -0.000773294 0.885900021 -0.007834235 0.999968767 -0.000931550 -1.893044114 0.000765973 0.000937579 0.999999344 73.771797180
0.999967158 0.008043571 -0.000900898 0.895857334 -0.008044209 0.999967337 -0.000706109 -1.913192511 0.000895188 0.000713332 0.999999344 74.252937317
0.999968946 0.007797049 -0.001099374 0.909421325 -0.007798498 0.999968708 -0.001319421 -1.925073266 0.001089052 0.001327954 0.999998510 74.797752380
0.999969482 0.007742447 -0.001023525 0.919120669 -0.007743558 0.999969423 -0.001086061 -1.940762043 0.001015085 0.001093954 0.999998868 75.302856445
0.999971032 0.007483772 -0.001394788 0.936309159 -0.007485893 0.999970853 -0.001521753 -1.955945253 0.001383359 0.001532150 0.999997854 75.852035522
0.999962389 0.008633951 -0.000813982 0.946319401 -0.008635381 0.999961138 -0.001770099 -1.973615646 0.000798668 0.001777061 0.999998093 76.370109558
0.999971569 0.007465926 -0.001032096 0.948573112 -0.007466987 0.999971569 -0.001028833 -1.983966470 0.001024386 0.001036511 0.999998927 76.855010986
0.999966025 0.008222341 -0.000431413 0.957731426 -0.008222642 0.999965906 -0.000702542 -2.003446341 0.000425622 0.000706065 0.999999642 77.407928467
0.999963343 0.008554830 -0.000285679 0.968511045 -0.008555189 0.999962568 -0.001276392 -2.009758234 0.000274749 0.001278789 0.999999106 77.955253601
0.999970615 0.007506106 -0.001530222 0.997226536 -0.007507917 0.999971092 -0.001181494 -2.030822754 0.001521309 0.001192948 0.999998093 78.509826660
0.999971032 0.007525993 -0.001153147 1.003265500 -0.007527764 0.999970496 -0.001540316 -2.031319857 0.001141521 0.001548952 0.999998152 78.921852112
0.999962747 0.008625505 0.000139910 1.010678411 -0.008625284 0.999961615 -0.001513559 -2.048693657 -0.000152960 0.001512295 0.999998868 79.467559814
0.999961555 0.008654135 0.001430645 1.019040585 -0.008650932 0.999960065 -0.002230299 -2.061604500 -0.001449889 0.002217837 0.999996483 80.020446777
0.999970496 0.007397543 0.002070183 1.037533998 -0.007393906 0.999971092 -0.001757779 -2.076468468 -0.002083127 0.001742420 0.999996305 80.528511047
0.999957800 0.008358249 0.003829305 1.039955854 -0.008351963 0.999963760 -0.001654530 -2.093551636 -0.003842995 0.001622478 0.999991298 81.076766968
0.999931812 0.009246331 0.007133604 1.052861929 -0.009240282 0.999956906 -0.000880550 -2.127036095 -0.007141438 0.000814574 0.999974132 81.600173950
0.999906182 0.008250459 0.010933885 1.052342415 -0.008232056 0.999964535 -0.001727101 -2.115767956 -0.010947747 0.001636930 0.999938667 82.117515564
0.999874711 0.007992974 0.013671141 1.080499887 -0.007969582 0.999966741 -0.001764613 -2.132307529 -0.013684790 0.001655439 0.999904990 82.656394958
0.999814689 0.008215107 0.017405886 1.107888937 -0.008179822 0.999964237 -0.002097361 -2.153110027 -0.017422494 0.001954595 0.999846280 83.191474915
0.999669373 0.008446671 0.024285758 1.118804097 -0.008402263 0.999962807 -0.001930007 -2.154915333 -0.024301155 0.001725313 0.999703169 83.705871582
0.999491274 0.008734989 0.030673243 1.146825790 -0.008664533 0.999959588 -0.002429145 -2.167522430 -0.030693218 0.002162140 0.999526501 84.255752563
0.999290764 0.009016355 0.036559567 1.178459525 -0.008936102 0.999957323 -0.002357900 -2.184008360 -0.036579259 0.002029528 0.999328673 84.806701660
0.998970687 0.008519590 0.044551972 1.218268633 -0.008428387 0.999961972 -0.002234523 -2.197504759 -0.044569321 0.001856722 0.999004543 85.340286255
0.998568535 0.007978565 0.052888975 1.270517111 -0.007825842 0.999964595 -0.003094096 -2.206247091 -0.052911792 0.002675766 0.998595595 85.899787903
0.998156011 0.007792096 0.060198329 1.313162804 -0.007630164 0.999966621 -0.002919398 -2.224566936 -0.060219076 0.002454692 0.998182178 86.434875488
0.997563481 0.007689022 0.069338538 1.371262074 -0.007500698 0.999967456 -0.002975965 -2.240560532 -0.069359168 0.002448627 0.997588813 86.965980530
0.996829331 0.007164902 0.079246983 1.442477703 -0.006888050 0.999969184 -0.003766330 -2.255416155 -0.079271540 0.003208532 0.996847928 87.496017456
0.996129513 0.006720040 0.087639980 1.523715019 -0.006445567 0.999973416 -0.003414442 -2.277451754 -0.087660596 0.002836338 0.996146381 88.032157898
0.995412290 0.007074198 0.095416084 1.580299854 -0.006714650 0.999968946 -0.004088762 -2.280466795 -0.095442057 0.003429318 0.995429039 88.638031006
0.994420648 0.007311807 0.105233774 1.638545990 -0.006980543 0.999969482 -0.003515873 -2.304512262 -0.105256259 0.002761668 0.994441271 89.085792542
0.993251920 0.007921540 0.115706645 1.723697662 -0.007590164 0.999965787 -0.003304261 -2.317471981 -0.115728863 0.002403731 0.993277907 89.634078979
0.992133439 0.006517256 0.125015423 1.812170982 -0.006061567 0.999973595 -0.004025108 -2.337024927 -0.125038341 0.003235654 0.992146611 90.161972046
0.990614951 0.006455136 0.136530042 1.912415504 -0.005997660 0.999974966 -0.003761840 -2.357802629 -0.136550888 0.002907674 0.990628719 90.691505432
0.988793552 0.006212073 0.149159864 1.994245529 -0.005676770 0.999975741 -0.004014266 -2.359764099 -0.149181172 0.003122534 0.988804877 91.258872986
0.987082362 0.005883494 0.160104915 2.102877617 -0.005285475 0.999977350 -0.004160780 -2.376070738 -0.160125762 0.003260802 0.987091243 91.799339294
0.985350072 0.005451230 0.170456663 2.213994980 -0.004766254 0.999978840 -0.004427437 -2.388663054 -0.170477167 0.003550136 0.985355258 92.330696106
0.983100653 0.005335792 0.182988390 2.336444855 -0.004614326 0.999979854 -0.004368241 -2.405992270 -0.183008015 0.003450053 0.983105421 92.868255615
0.980705142 0.005249951 0.195422411 2.468393326 -0.004480428 0.999980390 -0.004379584 -2.426866055 -0.195441589 0.003419505 0.980709374 93.400939941
0.978651047 0.004509114 0.205479369 2.604286194 -0.003708887 0.999984026 -0.004279433 -2.447170734 -0.205495387 0.003425972 0.978652060 93.881874084
0.975733936 0.004459325 0.218913972 2.708202362 -0.003555449 0.999983430 -0.004522680 -2.448229790 -0.218930528 0.003634595 0.975733697 94.397758484
0.972700357 0.004285626 0.232025042 2.857574463 -0.003259804 0.999983132 -0.004804398 -2.460209608 -0.232041717 0.003916883 0.972697973 94.931182861
0.970010996 0.003632501 0.243033975 3.011968613 -0.002540418 0.999985158 -0.004806792 -2.480494976 -0.243047893 0.004045233 0.970005870 95.446838379
0.967007101 0.003930402 0.254719108 3.147527695 -0.002786076 0.999984324 -0.004853135 -2.485721350 -0.254734218 0.003983349 0.967002869 95.952255249
0.963331103 0.003735212 0.268289357 3.317495346 -0.002725252 0.999987662 -0.004136753 -2.512356520 -0.268301457 0.003253906 0.963329494 96.468788147
0.959863484 0.003883384 0.280440420 3.492763519 -0.002770690 0.999986589 -0.004364023 -2.532423258 -0.280453563 0.003411853 0.959861517 96.979835510
0.956412256 0.003289667 0.292001456 3.667379379 -0.001860480 0.999984920 -0.005172000 -2.528987885 -0.292014003 0.004403301 0.956403911 97.511932373
0.951954484 0.003672071 0.306217790 3.856626511 -0.002224039 0.999984622 -0.005077536 -2.544293880 -0.306231678 0.004152543 0.951947927 98.041671753
0.947476923 0.002717362 0.319812655 4.059549332 -0.000959499 0.999983609 -0.005653976 -2.554754734 -0.319822758 0.005050153 0.947463930 98.555618286
0.943482161 0.002875322 0.331410885 4.244941711 -0.001284457 0.999986589 -0.005019205 -2.575988531 -0.331420898 0.004309847 0.943473101 99.035552979
0.938652992 0.002736306 0.344852418 4.456132889 -0.001018315 0.999986172 -0.005162855 -2.593304396 -0.344861776 0.004494960 0.938642740 99.546981812
0.933359325 0.002442373 0.358935237 4.667232513 -0.000727527 0.999987662 -0.004912583 -2.613329887 -0.358942837 0.004324069 0.933349550 100.056396484
0.928500593 0.002075868 0.371325076 4.892206192 -0.000312802 0.999988377 -0.004808202 -2.632244349 -0.371330738 0.004348268 0.928490460 100.577545166
0.923820496 0.000827537 0.382824987 5.118055344 0.001263375 0.999985576 -0.005210364 -2.644462585 -0.382823765 0.005297092 0.923806250 101.052520752
0.917947173 0.000293650 0.396702737 5.356655121 0.001971606 0.999984026 -0.005302397 -2.659167767 -0.396697968 0.005649462 0.917931736 101.539344788
0.911843538 0.001298131 0.410535693 5.584545135 0.000702217 0.999988616 -0.004721705 -2.674369097 -0.410537124 0.004593742 0.911832273 102.046287537
0.906873882 0.001176782 0.421400577 5.834308624 0.000971057 0.999987602 -0.004882274 -2.690736294 -0.421401083 0.004836810 0.906861484 102.533851624
0.901110232 0.000548724 0.433589637 6.091499329 0.001846361 0.999985278 -0.005102730 -2.710624933 -0.433586091 0.005398686 0.901095986 103.020103455
0.894488156 0.000814752 0.447090954 6.340167999 0.001672574 0.999985218 -0.005168605 -2.721483707 -0.447088569 0.005371049 0.894473553 103.475967407
0.888473213 0.001181459 0.458927006 6.612773895 0.001279219 0.999986410 -0.005050900 -2.739462614 -0.458926708 0.005074657 0.888459563 103.956336975
0.882602096 0.000727796 0.470120251 6.881626129 0.001655282 0.999987721 -0.004655705 -2.764904737 -0.470117897 0.004887317 0.882590055 104.410011292
0.875152051 -0.000254301 0.483847976 7.148017883 0.002864106 0.999985039 -0.004654831 -2.777824640 -0.483839571 0.005459476 0.875139713 104.862518311
