1.000000000 0.000000000 0.000000000 0.000000000 0.000000000 1.000000000 0.000000000 0.000000000 0.000000000 0.000000000 1.000000000 0.000000000
1.000000000 -0.000043127 0.000098848 -0.003719053 0.000043146 1.000000000 -0.000195027 0.004775628 -0.000098840 0.000195031 1.000000000 0.004230323
1.000000000 -0.000100148 0.000042098 -0.002178320 0.000100153 1.000000000 -0.000132015 0.001922154 -0.000042084 0.000132019 1.000000000 0.000991218
1.000000000 0.000188411 0.000056709 0.001284678 -0.000188407 1.000000000 -0.000076247 0.002299892 -0.000056723 0.000076236 1.000000000 -0.004928898
1.000000000 0.000036816 -0.000044833 0.003504980 -0.000036818 1.000000000 -0.000051136 0.002325896 0.000044831 0.000051138 1.000000000 -0.002731591
1.000000000 0.000052208 0.000012695 0.001634865 -0.000052207 1.000000000 -0.000036436 0.003069778 -0.000012697 0.000036436 1.000000000 -0.002948486
1.000000000 -0.000040515 0.000043561 0.000919713 0.000040520 1.000000000 -0.000125820 0.002719442 -0.000043556 0.000125821 1.000000000 -0.002386356
1.000000000 -0.000025973 -0.000027322 0.000854245 0.000025972 1.000000000 -0.000048975 0.003067916 0.000027323 0.000048974 1.000000000 -0.001941939
1.000000000 -0.000042006 0.000115751 -0.005993266 0.000042030 1.000000000 -0.000212043 0.004281186 -0.000115742 0.000212047 1.000000000 0.004528170
1.000000000 0.000078603 0.000151182 -0.004136835 -0.000078579 1.000000000 -0.000160366 0.002730688 -0.000151194 0.000160354 1.000000000 0.001371730
1.000000000 0.000049040 0.000101466 -0.002237144 -0.000049024 1.000000000 -0.000163910 0.003245334 -0.000101474 0.000163905 1.000000000 -0.000620099
1.000000000 0.000014526 -0.000011170 0.002515258 -0.000014527 1.000000000 -0.000084569 0.002634622 0.000011169 0.000084570 1.000000000 -0.005946137
1.000000000 0.000132799 0.000176468 -0.004389686 -0.000132787 1.000000000 -0.000070117 0.001721170 -0.000176478 0.000070093 1.000000000 -0.001338694
1.000000000 -0.000144315 0.000054752 -0.001700139 0.000144319 1.000000000 -0.000073283 0.000342215 -0.000054741 0.000073291 1.000000000 -0.002598354
1.000000000 -0.000101655 -0.000028386 0.002574452 0.000101652 1.000000000 -0.000084966 0.002593997 0.000028394 0.000084963 1.000000000 -0.003294857
1.000000000 -0.000173706 -0.000131881 0.004343066 0.000173695 1.000000000 -0.000085650 0.004257933 0.000131896 0.000085627 1.000000000 -0.003233952
1.000000000 -0.000230879 0.000029414 -0.003190550 0.000230884 0.999999940 -0.000163956 0.002597836 -0.000029376 0.000163963 1.000000000 -0.001953848
1.000000000 -0.000049816 0.000131942 -0.002752057 0.000049823 1.000000000 -0.000059671 0.000928614 -0.000131939 0.000059678 1.000000000 -0.000495337
1.000000000 0.000105332 0.000042099 0.000369144 -0.000105329 1.000000000 -0.000058572 0.003648042 -0.000042105 0.000058567 1.000000000 -0.004427341
1.000000000 -0.000069227 -0.000005850 -0.000785996 0.000069227 1.000000000 -0.000057835 0.000642029 0.000005854 0.000057835 1.000000000 -0.003711531
1.000000000 -0.000062856 0.000070988 -0.002084828 0.000062861 1.000000000 -0.000066606 0.001785667 -0.000070984 0.000066611 1.000000000 -0.003925913
1.000000000 -0.000138479 0.000035253 -0.001047006 0.000138480 1.000000000 -0.000030192 -0.000084017 -0.000035249 0.000030197 1.000000000 -0.001093297
1.000000000 -0.000021443 0.000134794 -0.006146608 0.000021467 1.000000000 -0.000178125 0.003355677 -0.000134790 0.000178128 1.000000000 0.002742770
0.999999940 -0.000240713 -0.000118513 0.001425287 0.000240700 0.999999940 -0.000102770 0.001219147 0.000118537 0.000102742 1.000000000 0.000026749
1.000000000 -0.000201027 -0.000072447 0.001261334 0.000201026 1.000000000 -0.000001407 0.000571480 0.000072447 0.000001393 1.000000000 -0.000948599
1.000000000 0.000032092 -0.000051531 0.003462570 -0.000032100 1.000000000 -0.000159951 0.004908088 0.000051526 0.000159953 1.000000000 -0.006099219
1.000000000 -0.000041455 0.000070842 -0.001691936 0.000041461 1.000000000 -0.000092564 0.003882193 -0.000070839 0.000092567 1.000000000 -0.000723483
1.000000000 0.000160376 0.000182396 -0.004981510 -0.000160347 1.000000000 -0.000159157 0.003107073 -0.000182421 0.000159128 1.000000000 -0.002615779
1.000000000 -0.000071439 0.000068936 -0.002528785 0.000071439 1.000000000 -0.000008599 0.002821053 -0.000068935 0.000008604 1.000000000 0.002610082
1.000000000 -0.000205356 0.000000651 -0.003303368 0.000205356 0.999999940 -0.000168435 0.007534266 -0.000000616 0.000168435 1.000000000 0.005311935
1.000000000 -0.000234487 0.000018362 -0.002263167 0.000234488 1.000000000 -0.000060876 0.003056351 -0.000018348 0.000060880 1.000000000 0.004764754
1.000000000 -0.000202577 0.000056268 -0.001490677 0.000202575 1.000000000 0.000042194 0.000516218 -0.000056277 -0.000042182 1.000000000 0.001668392
1.000000000 -0.000192374 0.000079386 -0.004326373 0.000192376 1.000000000 -0.000024661 0.003238309 -0.000079382 0.000024676 1.000000000 0.002634657
1.000000000 -0.000088915 -0.000016868 -0.002224530 0.000088915 1.000000000 0.000009097 0.002768809 0.000016867 -0.000009099 1.000000000 -0.001588205
1.000000000 0.000034112 0.000052451 -0.001946997 -0.000034105 1.000000000 -0.000125739 0.003504186 -0.000052455 0.000125737 1.000000000 0.000707818
1.000000000 -0.000161294 -0.000000864 -0.003429820 0.000161294 1.000000000 -0.000039167 0.003820327 0.000000870 0.000039167 1.000000000 0.002140458
1.000000000 -0.000066447 0.000020824 -0.004910168 0.000066449 1.000000000 -0.000093040 0.005899078 -0.000020818 0.000093041 1.000000000 0.002963412
1.000000000 -0.000049009 0.000071517 -0.002702466 0.000049022 1.000000000 -0.000180265 0.006253961 -0.000071508 0.000180269 1.000000000 0.002188264
1.000000000 -0.000134817 0.000092808 -0.003591859 0.000134824 1.000000000 -0.000065671 0.003269973 -0.000092800 0.000065684 1.000000000 0.002100845
1.000000000 -0.000071787 0.000040929 -0.002025991 0.000071782 1.000000000 0.000105780 0.001286348 -0.000040937 -0.000105777 1.000000000 -0.001327528
0.999999940 -0.000252361 -0.000009844 -0.003392450 0.000252361 0.999999940 -0.000009301 0.001309115 0.000009847 0.000009298 1.000000000 0.000091155
1.000000000 0.000015582 0.000000865 0.005497504 -0.000015582 0.999999821 -0.000619328 -0.004415982 -0.000000875 0.000619328 0.999999821 0.044813912
1.000000000 -0.000093009 -0.000016772 0.002690258 0.000092986 0.999999046 -0.001380792 -0.001426852 0.000016900 0.001380790 0.999999046 0.144680113
1.000000000 0.000067589 -0.000196664 0.011940647 -0.000067878 0.999998927 -0.001472204 -0.008887624 0.000196564 0.001472217 0.999998868 0.263320893
1.000000000 -0.000163535 -0.000018098 0.003016046 0.000163508 0.999998868 -0.001499967 -0.010117865 0.000018343 0.001499964 0.999998868 0.397719443
1.000000000 0.000053439 -0.000113494 0.003203606 -0.000053570 0.999999344 -0.001154558 -0.019519838 0.000113432 0.001154564 0.999999344 0.541305125
1.000000000 0.000003877 0.000046089 0.014524222 -0.000003812 0.999998987 -0.001405729 -0.023083499 -0.000046094 0.001405729 0.999998987 0.694862783
0.999999881 -0.000416768 -0.000084170 0.023741897 0.000416722 0.999999762 -0.000547686 -0.036313824 0.000084398 0.000547651 0.999999821 0.842166126
1.000000000 -0.000137383 -0.000151370 0.024129428 0.000137279 0.999999762 -0.000685584 -0.034251973 0.000151464 0.000685564 0.999999762 1.036755681
0.999999940 0.000091554 0.000335349 0.009370076 -0.000091323 0.999999762 -0.000690633 -0.045403767 -0.000335412 0.000690602 0.999999702 1.220216632
0.999999881 -0.000396975 -0.000158359 0.035946812 0.000396889 0.999999762 -0.000545795 -0.046067636 0.000158575 0.000545732 0.999999821 1.417991281
0.999998271 0.001198203 0.001420863 0.010697751 -0.001198089 0.999999285 -0.000080975 -0.062734835 -0.001420959 0.000079272 0.999998987 1.529972911
0.999998033 0.000685488 0.001839003 0.008480206 -0.000685225 0.999999762 -0.000143517 -0.064562231 -0.001839101 0.000142256 0.999998331 1.735581279
0.999999344 -0.000265386 0.001126800 0.022286426 0.000265151 0.999999940 0.000209522 -0.070799515 -0.001126855 -0.000209224 0.999999344 1.933746576
0.999999404 -0.000085620 0.001146327 0.027059481 0.000085507 1.000000000 0.000098617 -0.078018524 -0.001146335 -0.000098519 0.999999344 2.165654898
0.999999046 0.000401171 0.001313914 0.026322030 -0.000401488 0.999999881 0.000240697 -0.080821708 -0.001313817 -0.000241224 0.999999106 2.372953176
0.999999285 0.000004726 0.001247073 0.042576835 -0.000005350 0.999999881 0.000499780 -0.098433860 -0.001247071 -0.000499786 0.999999106 2.606396437
0.999999344 -0.000715818 0.000861168 0.042108219 0.000714881 0.999999166 0.001087612 -0.111349531 -0.000861946 -0.001086996 0.999999046 2.840033054
0.999999344 -0.000852824 0.000729366 0.050726056 0.000851982 0.999998987 0.001153967 -0.115979955 -0.000730350 -0.001153345 0.999999106 3.093183041
0.999999225 -0.001044128 0.000664988 0.058892410 0.001043505 0.999999106 0.000936297 -0.122377500 -0.000665965 -0.000935602 0.999999344 3.342321396
0.999999285 -0.000631260 0.001005703 0.056991462 0.000630053 0.999999106 0.001199581 -0.132343292 -0.001006459 -0.001198947 0.999998748 3.578806400
0.999998331 -0.001773211 -0.000277179 0.074329458 0.001773532 0.999997735 0.001162698 -0.144537866 0.000275117 -0.001163188 0.999999285 3.831998110
0.999997854 -0.002050302 -0.000271808 0.081383727 0.002050622 0.999997258 0.001185200 -0.150711924 0.000269377 -0.001185755 0.999999285 4.105801105
0.999998569 -0.001660991 -0.000128507 0.086047694 0.001661179 0.999997497 0.001474733 -0.156235144 0.000126058 -0.001474944 0.999998927 4.367935658
0.999997854 -0.002081953 -0.000089031 0.093140915 0.002082074 0.999996901 0.001387565 -0.167067453 0.000086142 -0.001387748 0.999999046 4.623860359
0.999997795 -0.002090720 0.000001711 0.088971160 0.002090714 0.999996305 0.001725680 -0.182787016 -0.000005319 -0.001725673 0.999998510 4.855046749
0.999997556 -0.002182097 -0.000008930 0.102079056 0.002182109 0.999996305 0.001632504 -0.186868757 0.000005368 -0.001632519 0.999998689 5.116364956
0.999994755 -0.002978290 -0.001213573 0.110236302 0.002980747 0.999993443 0.002028207 -0.199100494 0.001207525 -0.002031814 0.999997139 5.464023113
0.999996364 -0.002352255 -0.001278851 0.117368050 0.002354678 0.999995351 0.001896759 -0.202069610 0.001274383 -0.001899764 0.999997377 5.728688240
0.999993861 -0.003174056 -0.001528408 0.126779899 0.003176837 0.999993324 0.001821026 -0.212079450 0.001522618 -0.001825870 0.999997139 6.005552769
0.999996066 -0.002556999 -0.001128837 0.120193623 0.002559312 0.999994576 0.002051961 -0.225118086 0.001123584 -0.002054842 0.999997258 6.281421661
0.999992728 -0.003585159 -0.001323231 0.133229047 0.003587934 0.999991417 0.002100826 -0.227777064 0.001315687 -0.002105558 0.999996901 6.561778545
0.999993324 -0.003408157 -0.001295232 0.143755600 0.003410744 0.999992192 0.002000569 -0.243227124 0.001288403 -0.002004973 0.999997139 6.904226303
0.999997556 -0.002214978 0.000138206 0.109423496 0.002214680 0.999995291 0.002125526 -0.277335823 -0.000142913 -0.002125215 0.999997735 7.205595493
0.999998868 -0.001518593 0.000050084 0.123273335 0.001518470 0.999996006 0.002381556 -0.296496779 -0.000053700 -0.002381477 0.999997199 7.494673252
0.999994993 -0.003163685 -0.000039692 0.131320253 0.003163777 0.999991715 0.002579574 -0.308600366 0.000031531 -0.002579687 0.999996662 7.805198669
0.999997020 -0.002418808 -0.000162149 0.137606516 0.002419263 0.999993026 0.002864403 -0.316484928 0.000155219 -0.002864788 0.999995887 8.120761871
0.999996066 -0.002812063 -0.000149476 0.137059435 0.002812398 0.999993443 0.002290660 -0.303589642 0.000143034 -0.002291071 0.999997437 8.446218491
0.999996543 -0.002633649 0.000118499 0.138318807 0.002633344 0.999993443 0.002500964 -0.323312104 -0.000125084 -0.002500644 0.999996901 8.752502441
0.999994636 -0.003285283 -0.000223118 0.172270387 0.003285812 0.999991775 0.002413078 -0.328971833 0.000215189 -0.002413798 0.999997079 9.119210243
0.999997675 -0.002091244 0.000617421 0.159085289 0.002089560 0.999994159 0.002715724 -0.342955619 -0.000623096 -0.002714427 0.999996185 9.465360641
0.999995053 -0.003134348 -0.000163753 0.152899459 0.003134754 0.999991775 0.002542959 -0.363049209 0.000155781 -0.002543459 0.999996722 9.861936569
0.999994934 -0.003166460 -0.000297193 0.163804233 0.003167221 0.999991596 0.002598658 -0.375633985 0.000288962 -0.002599585 0.999996603 10.205174446
0.999996662 -0.002559577 0.000162981 0.156863436 0.002559171 0.999993622 0.002448255 -0.387288928 -0.000169247 -0.002447831 0.999997020 10.578533173
0.999995828 -0.002853028 0.000240684 0.158159986 0.002852248 0.999990880 0.003178886 -0.402783513 -0.000249751 -0.003178186 0.999994934 10.931417465
0.999995232 -0.003055289 0.000005914 0.169250220 0.003055262 0.999991655 0.002705062 -0.396118373 -0.000014179 -0.002705032 0.999996364 11.328269958
0.999995887 -0.002863194 0.000163973 0.166824996 0.002862723 0.999991953 0.002805520 -0.424257606 -0.000172005 -0.002805039 0.999996066 11.739159584
0.999994218 -0.003376336 0.000235146 0.194516659 0.003375657 0.999990284 0.002830538 -0.427929938 -0.000244701 -0.002829728 0.999995947 12.108694077
0.999994278 -0.003365286 0.000359512 0.177790135 0.003363982 0.999987960 0.003565817 -0.465658426 -0.000371508 -0.003564588 0.999993563 12.495042801
0.999994695 -0.003263627 0.000012647 0.192435801 0.003263569 0.999989450 0.003228796 -0.472090364 -0.000023184 -0.003228737 0.999994755 12.887511253
0.999992549 -0.003866045 0.000009945 0.207313314 0.003865984 0.999986053 0.003597346 -0.481592238 -0.000023853 -0.003597281 0.999993503 13.273996353
0.999991179 -0.004199338 -0.000215322 0.226431251 0.004200076 0.999984920 0.003552982 -0.491727203 0.000200399 -0.003553855 0.999993622 13.668381691
0.999993920 -0.003463821 0.000358211 0.240898266 0.003462520 0.999987721 0.003569701 -0.499580115 -0.000370572 -0.003568440 0.999993563 14.071676254
0.999997020 -0.002085425 0.001271396 0.217097446 0.002080161 0.999989271 0.004128153 -0.531543314 -0.001279992 -0.004125495 0.999990642 14.529335022
0.999991655 -0.004054609 0.000510373 0.236348763 0.004052624 0.999984384 0.003833250 -0.547035635 -0.000525908 -0.003831149 0.999992549 15.049396515
0.999993861 -0.003436626 0.000588555 0.248859048 0.003434113 0.999985158 0.004218355 -0.560787320 -0.000603043 -0.004216308 0.999991000 15.450267792
0.999987960 -0.004869586 0.000580661 0.262125492 0.004867211 0.999980092 0.004023283 -0.572562039 -0.000600242 -0.004020409 0.999991775 15.870177269
0.999993861 -0.003197671 0.001400435 0.267186016 0.003191446 0.999985039 0.004425267 -0.586868703 -0.001414565 -0.004420771 0.999989212 16.319776535
0.999992371 -0.003449274 0.001825205 0.247608140 0.003440001 0.999981284 0.005059293 -0.617813647 -0.001842622 -0.005052976 0.999985576 16.765813828
0.999991834 -0.003762092 0.001475674 0.295183897 0.003755060 0.999981701 0.004739881 -0.603357375 -0.001493479 -0.004734301 0.999987721 17.201511383
0.999988556 -0.004443171 0.001768285 0.281046659 0.004435840 0.999981642 0.004128740 -0.634899735 -0.001786598 -0.004120849 0.999989867 17.763856888
0.999989510 -0.004321148 0.001466359 0.291802198 0.004314994 0.999981999 0.004174545 -0.648519218 -0.001484371 -0.004168174 0.999990225 18.220756531
0.999987841 -0.004183096 0.002613160 0.292253524 0.004171473 0.999981463 0.004437905 -0.656828403 -0.002631676 -0.004426950 0.999986768 18.707902908
0.999985754 -0.004722023 0.002481234 0.314590305 0.004711173 0.999979436 0.004360657 -0.668022692 -0.002501774 -0.004348906 0.999987423 19.161016464
0.999989450 -0.003845190 0.002523886 0.328186095 0.003833414 0.999981940 0.004654198 -0.685218036 -0.002541737 -0.004644474 0.999985993 19.621194839
0.999988079 -0.004009598 0.002762487 0.345901459 0.003997139 0.999981880 0.004500984 -0.696645200 -0.002780484 -0.004489888 0.999986112 20.112813950
0.999988616 -0.003858097 0.002817591 0.344235301 0.003843753 0.999979734 0.005079037 -0.720472217 -0.002837130 -0.005068148 0.999983132 20.628770828
0.999986231 -0.004581587 0.002555809 0.348256946 0.004568561 0.999976635 0.005079409 -0.746904433 -0.002579022 -0.005067663 0.999983788 21.228305817
0.999988079 -0.004375634 0.002184570 0.364304125 0.004364257 0.999977052 0.005185889 -0.764784515 -0.002207211 -0.005176293 0.999984205 21.722356796
0.999987960 -0.004720000 0.001339491 0.376697063 0.004713562 0.999977529 0.004769030 -0.773234725 -0.001361971 -0.004762659 0.999987781 22.242591858
0.999990761 -0.004083004 0.001337921 0.370739430 0.004076508 0.999979973 0.004823422 -0.790018916 -0.001357588 -0.004817923 0.999987483 22.735635757
0.999983966 -0.005660631 -0.000140682 0.416516572 0.005661293 0.999970078 0.005267720 -0.792502820 0.000110859 -0.005268432 0.999986172 23.249105453
0.999980450 -0.006249292 -0.000044024 0.372509092 0.006249438 0.999966681 0.005251497 -0.813763082 0.000011204 -0.005251669 0.999986231 23.864933014
0.999977171 -0.006625419 -0.001343889 0.384559870 0.006632867 0.999962211 0.005615379 -0.833278835 0.001306634 -0.005624164 0.999983370 24.391080856
0.999983668 -0.005633312 -0.000930631 0.376765132 0.005638061 0.999970675 0.005181117 -0.849844038 0.000901417 -0.005186278 0.999986231 24.938945770
0.999988437 -0.004656361 -0.001194347 0.361187011 0.004662355 0.999976277 0.005065823 -0.872779429 0.001170730 -0.005071332 0.999986529 25.464084625
0.999986887 -0.004773804 -0.001858061 0.376549959 0.004782949 0.999976277 0.004948441 -0.868344784 0.001834394 -0.004957263 0.999986053 26.001718521
0.999980807 -0.005591058 -0.002647176 0.352268100 0.005607048 0.999965847 0.006072002 -0.920271277 0.002613137 -0.006086730 0.999978006 26.517829895
0.999975204 -0.006248348 -0.003234116 0.365477443 0.006267463 0.999962747 0.005934667 -0.930352509 0.003196914 -0.005954791 0.999977171 27.075563431
0.999965847 -0.007187112 -0.004098947 0.385143727 0.007213174 0.999953747 0.006379479 -0.936345875 0.004052907 -0.006408827 0.999971271 27.627819061
0.999975085 -0.005783487 -0.004059145 0.351539373 0.005811576 0.999958992 0.006942820 -1.001666784 0.004018825 -0.006966238 0.999967694 28.231922150
0.999977767 -0.005053097 -0.004373354 0.364911467 0.005083825 0.999962270 0.007043933 -1.001553535 0.004337596 -0.007066009 0.999965608 28.814655304
0.999969661 -0.005975826 -0.005019290 0.388242126 0.006011546 0.999956489 0.007131499 -1.004536510 0.004976456 -0.007161456 0.999961972 29.136251450
0.999969482 -0.005881376 -0.005138516 0.390057087 0.005918650 0.999956012 0.007269119 -1.021414876 0.005095537 -0.007299311 0.999960303 29.693309784
0.999958754 -0.006752506 -0.006083043 0.389438123 0.006797724 0.999949157 0.007443709 -1.038097501 0.006032469 -0.007484752 0.999953806 30.256298065
0.999962330 -0.006352313 -0.005904982 0.385721087 0.006392004 0.999956906 0.006727189 -1.047781706 0.005861995 -0.006764681 0.999959886 30.795303345
0.999926090 -0.009322723 -0.007795751 0.419414133 0.009369290 0.999938309 0.005958371 -1.003649712 0.007739722 -0.006030972 0.999951839 31.351339340
0.999959171 -0.006118825 -0.006650383 0.382947087 0.006168922 0.999952555 0.007538687 -1.070971370 0.006603940 -0.007579405 0.999949396 31.659122467
0.999956727 -0.006050552 -0.007077921 0.402341068 0.006108239 0.999948025 0.008157386 -1.104662895 0.007028197 -0.008200265 0.999941647 32.190555573
0.999956965 -0.006027415 -0.007047093 0.414556593 0.006081304 0.999952257 0.007650758 -1.097381353 0.007000643 -0.007693284 0.999945879 32.758075714
0.999953270 -0.006303867 -0.007330173 0.407587886 0.006358150 0.999952376 0.007405899 -1.104110956 0.007283138 -0.007452159 0.999945641 33.261051178
0.999954104 -0.006179944 -0.007313595 0.391665518 0.006240164 0.999946594 0.008240137 -1.138952613 0.007262280 -0.008285398 0.999939263 33.754638672
0.999951899 -0.006586698 -0.007264838 0.369165629 0.006647959 0.999942243 0.008440780 -1.172908306 0.007208821 -0.008488669 0.999938011 34.212455750
0.999943793 -0.007072459 -0.007900504 0.384924889 0.007142699 0.999934912 0.008897997 -1.194083214 0.007837060 -0.008953930 0.999929249 34.737571716
0.999939024 -0.007639325 -0.007967604 0.374430776 0.007708908 0.999932051 0.008739249 -1.187955976 0.007900301 -0.008800138 0.999930084 35.259185791
0.999941230 -0.007292158 -0.008019519 0.356073320 0.007357250 0.999940038 0.008117524 -1.189886570 0.007959845 -0.008176049 0.999934912 35.810787201
0.999951601 -0.006263074 -0.007583200 0.357982993 0.006325971 0.999945581 0.008298878 -1.233283520 0.007530809 -0.008346448 0.999936819 36.368503571
0.999966741 -0.004863654 -0.006539515 0.330706686 0.004917500 0.999953926 0.008243294 -1.249384284 0.006499120 -0.008275177 0.999944627 36.949981689
0.999940336 -0.007062773 -0.008327534 0.395737767 0.007144628 0.999925971 0.009841020 -1.267463207 0.008257411 -0.009899929 0.999916911 37.167533875
0.999933422 -0.007822995 -0.008472517 0.403433055 0.007911117 0.999914408 0.010417862 -1.282779813 0.008390293 -0.010484195 0.999909818 37.716598511
0.999941945 -0.006587308 -0.008519166 0.408532500 0.006670543 0.999929845 0.009779079 -1.295926094 0.008454151 -0.009835338 0.999915898 38.239452362
0.999938607 -0.007355700 -0.008285740 0.383299619 0.007439120 0.999921501 0.010082498 -1.321310043 0.008210924 -0.010143517 0.999914825 38.747779846
0.999934316 -0.007757465 -0.008440947 0.392078459 0.007847705 0.999911785 0.010710556 -1.342360020 0.008357116 -0.010776093 0.999907017 39.274250031
0.999938309 -0.007017638 -0.008624566 0.403130651 0.007108285 0.999919355 0.010524858 -1.318348169 0.008550012 -0.010585513 0.999907434 39.682163239
0.999936402 -0.007029690 -0.008822743 0.413754553 0.007124147 0.999917090 0.010720546 -1.340338349 0.008746649 -0.010782719 0.999903619 40.193538666
0.999948561 -0.005885149 -0.008262824 0.413742870 0.005970599 0.999928534 0.010355188 -1.345395327 0.008201293 -0.010403989 0.999912202 40.766124725
0.999938607 -0.006848727 -0.008711139 0.425536275 0.006938658 0.999922514 0.010335655 -1.361082673 0.008639678 -0.010395464 0.999908686 41.322853088
0.999949098 -0.005587284 -0.008395134 0.416848183 0.005670874 0.999934256 0.009966381 -1.370646119 0.008338898 -0.010013482 0.999915123 41.854099274
0.999926150 -0.007650681 -0.009440725 0.444379389 0.007758540 0.999904513 0.011441628 -1.406982541 0.009352285 -0.011514029 0.999889970 42.413658142
0.999936283 -0.006999718 -0.008849037 0.409237653 0.007091352 0.999921143 0.010366641 -1.367872238 0.008775774 -0.010428732 0.999907136 42.952117920
0.999937773 -0.006919064 -0.008742591 0.422498256 0.007013023 0.999917567 0.010762780 -1.414282799 0.008667402 -0.010823423 0.999903858 43.412261963
0.999939024 -0.006833540 -0.008671123 0.421461225 0.006922049 0.999923825 0.010218777 -1.415437460 0.008600632 -0.010278175 0.999910176 43.958797455
0.999930143 -0.007172278 -0.009395810 0.481296062 0.007278953 0.999908864 0.011369010 -1.437516451 0.009313410 -0.011436609 0.999891222 44.195571899
0.999935091 -0.006421923 -0.009421451 0.494617850 0.006516034 0.999928892 0.009992558 -1.433297396 0.009356610 -0.010053298 0.999905705 44.758209229
0.999928653 -0.007227901 -0.009501097 0.504816532 0.007336011 0.999908149 0.011393426 -1.446425557 0.009417875 -0.011462313 0.999889970 45.288227081
0.999928057 -0.006975195 -0.009755982 0.514167726 0.007084432 0.999912024 0.011207504 -1.455454111 0.009676949 -0.011275813 0.999889553 45.813365936
0.999939620 -0.006324711 -0.008979077 0.469495088 0.006416925 0.999926627 0.010278398 -1.445905089 0.008913409 -0.010335396 0.999906838 46.415935516
0.999938786 -0.005945470 -0.009331116 0.515034914 0.006042091 0.999928057 0.010360859 -1.482791781 0.009268845 -0.010416604 0.999902844 46.954128265
0.999941647 -0.005519975 -0.009283586 0.525876284 0.005628494 0.999915659 0.011704054 -1.500671864 0.009218200 -0.011755625 0.999888361 47.187091827
0.999944866 -0.005651013 -0.008842799 0.525419116 0.005752416 0.999917448 0.011484077 -1.510577679 0.008777173 -0.011534311 0.999894977 47.739475250
0.999943852 -0.005557517 -0.009020051 0.533877969 0.005659101 0.999920368 0.011275791 -1.520125628 0.008956666 -0.011326203 0.999895751 48.286266327
0.999937057 -0.006109679 -0.009403302 0.548630118 0.006219408 0.999912381 0.011684347 -1.533147097 0.009331091 -0.011742095 0.999887526 48.847236633
0.999936819 -0.006399882 -0.009235891 0.545560598 0.006507034 0.999911308 0.011618619 -1.543145657 0.009160712 -0.011677983 0.999889851 49.402572632
0.999938428 -0.006348180 -0.009095262 0.523776054 0.006450311 0.999916017 0.011244077 -1.558888435 0.009023116 -0.011302053 0.999895394 49.981685638
0.999941051 -0.005950588 -0.009073590 0.532484889 0.006059738 0.999909163 0.012049926 -1.573584318 0.009001059 -0.012104200 0.999886215 50.288917542
0.999937892 -0.006202352 -0.009253124 0.529948950 0.006307599 0.999915183 0.011388695 -1.579798222 0.009181703 -0.011446353 0.999892294 50.841541290
0.999950051 -0.004997352 -0.008663016 0.527519345 0.005091199 0.999928236 0.010845072 -1.584045529 0.008608197 -0.010888636 0.999903619 51.377864838
0.999935150 -0.006635805 -0.009257782 0.532152057 0.006745330 0.999907017 0.011849892 -1.608434200 0.009178288 -0.011911570 0.999886930 51.889583588
0.999942839 -0.005963344 -0.008872556 0.512530029 0.006064010 0.999916971 0.011362478 -1.617738008 0.008804060 -0.011415632 0.999896109 52.424148560
0.999948561 -0.005789487 -0.008328347 0.502431393 0.005899811 0.999894321 0.013283911 -1.662592411 0.008250561 -0.013332362 0.999877095 52.663154602
0.999945521 -0.005597918 -0.008811813 0.507831573 0.005708906 0.999904096 0.012621144 -1.663045526 0.008740315 -0.012670762 0.999881506 53.214496613
0.999949515 -0.005213377 -0.008590656 0.512652278 0.005317179 0.999912560 0.012104858 -1.667962193 0.008526801 -0.012149924 0.999889791 53.775356293
0.999944508 -0.005762682 -0.008813424 0.532279015 0.005862040 0.999919057 0.011289567 -1.653790116 0.008747652 -0.011340605 0.999897420 54.336803436
0.999943137 -0.005762772 -0.008974441 0.527704120 0.005875163 0.999903977 0.012547768 -1.682465315 0.008901271 -0.012599783 0.999880970 54.859973907
0.999951243 -0.005000635 -0.008516503 0.492390633 0.005113943 0.999898016 0.013335258 -1.703210592 0.008448950 -0.013378159 0.999874771 55.181457520
0.999952197 -0.005397751 -0.008157476 0.498007178 0.005508181 0.999892712 0.013575993 -1.709308863 0.008083319 -0.013620276 0.999874532 55.713977814
0.999953806 -0.004853289 -0.008303076 0.502778411 0.004969008 0.999889970 0.013973540 -1.732672811 0.008234345 -0.014014151 0.999867916 56.284317017
0.999958396 -0.004513033 -0.007933453 0.505196035 0.004621915 0.999894619 0.013760074 -1.737690926 0.007870516 -0.013796167 0.999873877 56.857074738
0.999964416 -0.004218281 -0.007301779 0.511969924 0.004320403 0.999892294 0.014027041 -1.741141915 0.007241821 -0.014058091 0.999874949 57.387531281
0.999956667 -0.004897085 -0.007908516 0.498436630 0.005009103 0.999886453 0.014207212 -1.768255234 0.007838044 -0.014246211 0.999867857 57.856815338
0.999949157 -0.005306597 -0.008568281 0.518894494 0.005431618 0.999878168 0.014634342 -1.773901939 0.008489579 -0.014680140 0.999856114 58.116561890
0.999944627 -0.005170141 -0.009157305 0.525700331 0.005300109 0.999884784 0.014225831 -1.772641420 0.009082700 -0.014273580 0.999856830 58.678215027
0.999948263 -0.005284979 -0.008698784 0.528298259 0.005403924 0.999891460 0.013707476 -1.778994560 0.008625396 -0.013753774 0.999868155 59.214076996
0.999947250 -0.005137372 -0.008897956 0.569208205 0.005269038 0.999876082 0.014837584 -1.803799748 0.008820628 -0.014883686 0.999850273 59.691352844
0.999947011 -0.005607898 -0.008631625 0.547538042 0.005738772 0.999867857 0.015212875 -1.826121330 0.008545172 -0.015261605 0.999846935 60.244510651
0.999944031 -0.005802020 -0.008837886 0.559521854 0.005932683 0.999872446 0.014830558 -1.809187174 0.008750711 -0.014882161 0.999850988 60.603057861
0.999944687 -0.006060183 -0.008594242 0.557707250 0.006187541 0.999870241 0.014870709 -1.819703341 0.008503008 -0.014923065 0.999852479 61.122894287
0.999946475 -0.005837427 -0.008537618 0.553631961 0.005961313 0.999876261 0.014557806 -1.825645208 0.008451584 -0.014607924 0.999857545 61.687328339
0.999949038 -0.005544680 -0.008423452 0.545496643 0.005669534 0.999873340 0.014871375 -1.833088636 0.008339927 -0.014918378 0.999853909 62.221252441
0.999937892 -0.005904734 -0.009445575 0.625130355 0.006042852 0.999874294 0.014661476 -1.807806015 0.009357816 -0.014717646 0.999847949 62.735664368
0.999934018 -0.006489286 -0.009467781 0.571582675 0.006632048 0.999863625 0.015126209 -1.861848593 0.009368332 -0.015188001 0.999840796 63.115112305
0.999938488 -0.006504099 -0.008975756 0.581572711 0.006639094 0.999863982 0.015092992 -1.871458530 0.008876370 -0.015151655 0.999845803 63.649623871
0.999944866 -0.006011617 -0.008607054 0.588833034 0.006137880 0.999872923 0.014719112 -1.872739077 0.008517474 -0.014771130 0.999854624 64.204193115
0.999937177 -0.006864314 -0.008859551 0.590441406 0.006995936 0.999864280 0.014911954 -1.885965466 0.008755989 -0.014973000 0.999849558 64.709266663
0.999940813 -0.007053614 -0.008287753 0.562195480 0.007179563 0.999857724 0.015266837 -1.897511244 0.008178887 -0.015325437 0.999849081 65.212043762
0.999942958 -0.006628607 -0.008375333 0.577891946 0.006750612 0.999870300 0.014623687 -1.900161028 0.008277311 -0.014679392 0.999857962 65.796539307
0.999941826 -0.006149617 -0.008861210 0.576656759 0.006281266 0.999869168 0.014906191 -1.898148060 0.008768382 -0.014960983 0.999849558 66.110076904
0.999948442 -0.005725900 -0.008388298 0.557897866 0.005853646 0.999866009 0.015284606 -1.923892021 0.008299657 -0.015332919 0.999848008 66.666267395
0.999950469 -0.004857853 -0.008680385 0.598001003 0.004981067 0.999886394 0.014229721 -1.922112942 0.008610273 -0.014272254 0.999861062 67.180343628
0.999943197 -0.005467128 -0.009143285 0.624910593 0.005596305 0.999884129 0.014162694 -1.926113248 0.009064797 -0.014213057 0.999857903 67.725700378
0.999948621 -0.004817863 -0.008916586 0.657054067 0.004951037 0.999875665 0.014974151 -1.928648114 0.008843334 -0.015017528 0.999848127 68.191093445
0.999948025 -0.005131070 -0.008811347 0.635488868 0.005265756 0.999868631 0.015330899 -1.960271120 0.008731522 -0.015376498 0.999843657 68.513130188
0.999948382 -0.005100555 -0.008785960 0.638080537 0.005231155 0.999875188 0.014906472 -1.965446353 0.008708831 -0.014951660 0.999850333 69.067520142
0.999946237 -0.005198471 -0.008977624 0.656626105 0.005329681 0.999878407 0.014653680 -1.983618379 0.008900354 -0.014700737 0.999852419 69.611473083
0.999959826 -0.002874385 -0.008489495 0.692683518 0.003000716 0.999884427 0.014905795 -2.008124352 0.008445668 -0.014930669 0.999852896 70.036857605
0.999938667 -0.005855618 -0.009401575 0.708764255 0.005988067 0.999882340 0.014122290 -1.971580029 0.009317774 -0.014177719 0.999856114 70.626586914
0.999943793 -0.005393015 -0.009137295 0.709702551 0.005520444 0.999887049 0.013978670 -1.994119763 0.009060876 -0.014028325 0.999860585 71.183929443
0.999934375 -0.006550603 -0.009401726 0.742300391 0.006689799 0.999867260 0.014851079 -2.035365105 0.009303194 -0.014912999 0.999845564 71.511024475
0.999908805 -0.008718397 -0.010311734 0.675710082 0.008868045 0.999854743 0.014556815 -1.973323107 0.010183322 -0.014646933 0.999840856 71.929794312
0.999917030 -0.008038525 -0.010063794 0.672760844 0.008188210 0.999855101 0.014921899 -1.988164306 0.009942385 -0.015003064 0.999837995 72.449851990
0.999891281 -0.010123008 -0.010719859 0.686597288 0.010275614 0.999845266 0.014277786 -1.980903745 0.010573666 -0.014386388 0.999840558 72.994277954
0.999905348 -0.009138308 -0.010290556 0.682054639 0.009280789 0.999860525 0.013884285 -1.986537337 0.010162241 -0.013978475 0.999850690 73.594543457
0.999908328 -0.008877585 -0.010217836 0.686786294 0.009020335 0.999861121 0.014010687 -1.996835113 0.010092035 -0.014101572 0.999849617 74.061058044
0.999915242 -0.008316700 -0.010007511 0.705410957 0.008465446 0.999852896 0.014914081 -2.016200066 0.009882001 -0.014997536 0.999838650 74.493522644
0.999915719 -0.008586000 -0.009732937 0.644240439 0.008728429 0.999854147 0.014686992 -2.001196384 0.009605413 -0.014770708 0.999844790 74.933364868
0.999900877 -0.009686599 -0.010211188 0.658355594 0.009833279 0.999847710 0.014413780 -2.003333092 0.010070012 -0.014512760 0.999843955 75.475059509
0.999898195 -0.009667307 -0.010490851 0.661093175 0.009821473 0.999843061 0.014744618 -2.015898228 0.010346664 -0.014846154 0.999836326 76.003677368
0.999898195 -0.010030957 -0.010147572 0.687016785 0.010176995 0.999843895 0.014443647 -2.037390709 0.010001104 -0.014545449 0.999844253 76.574531555
0.999925315 -0.008849088 -0.008426772 0.671671748 0.008973817 0.999848962 0.014880474 -2.025691032 0.008293820 -0.014954982 0.999853790 76.923240662
0.999947071 -0.008087558 -0.006346205 0.664516926 0.008178916 0.999861300 0.014504423 -2.028280258 0.006228019 -0.014555562 0.999874711 77.486106873
0.999956608 -0.007827951 -0.005049306 0.677133262 0.007899357 0.999866784 0.014280547 -2.044702053 0.004936846 -0.014319814 0.999885321 78.057563782
0.999952853 -0.008579210 -0.004554627 0.683611155 0.008642811 0.999862790 0.014133084 -2.028819799 0.004432750 -0.014171781 0.999889791 78.567863464
0.999951243 -0.009375487 -0.003098973 0.808342636 0.009419474 0.999850512 0.014498122 -2.039775848 0.002962580 -0.014526606 0.999890089 79.023460388
0.999957025 -0.009201947 0.001104109 0.737181246 0.009184245 0.999843955 0.015089038 -2.032200575 -0.001242785 -0.015078250 0.999885499 79.433242798
0.999949753 -0.008979093 0.004459882 0.763424635 0.008910066 0.999843717 0.015263570 -2.041209698 -0.004596239 -0.015223066 0.999873579 79.997055054
0.999926448 -0.008539192 0.008618659 0.778113008 0.008411387 0.999855697 0.014757885 -2.036893845 -0.008743436 -0.014684303 0.999853969 80.519660950
0.999857485 -0.008512042 0.014577326 0.799490809 0.008295652 0.999855399 0.014840880 -2.031547070 -0.014701547 -0.014717837 0.999783635 81.034767151
0.999749780 -0.008747797 0.020588936 0.857019424 0.008449694 0.999858856 0.014521520 -2.028292656 -0.020713061 -0.014343916 0.999682605 81.558174133
0.999620378 -0.009024814 0.026027262 0.882530689 0.008654082 0.999859989 0.014321640 -2.035261154 -0.026152868 -0.014090964 0.999558687 82.042663574
0.999363303 -0.008374105 0.034682732 0.847176790 0.007840687 0.999849319 0.015487485 -2.083019733 -0.034807201 -0.015205688 0.999278367 82.581733704
0.999053359 -0.008227943 0.042717632 0.901757479 0.007560350 0.999847114 0.015766189 -2.098238230 -0.042840824 -0.015428301 0.998962760 83.099372864
0.998699486 -0.007847780 0.050375894 0.949838638 0.007040742 0.999844313 0.016177835 -2.101717949 -0.050495021 -0.015802110 0.998599172 83.660102844
0.998211205 -0.008595050 0.059165373 0.990301847 0.007695282 0.999851465 0.015418751 -2.103920221 -0.059289113 -0.014935876 0.998129129 84.262237549
0.997573256 -0.008154553 0.069145992 1.074567318 0.007146786 0.999864757 0.014809392 -2.114298820 -0.069257408 -0.014279282 0.997496605 84.835510254
0.996896863 -0.008685488 0.078238443 1.100718021 0.007501541 0.999853015 0.015413778 -2.133452654 -0.078360826 -0.014779037 0.996815562 85.394149780
0.996384203 -0.012421452 0.084048867 1.248373985 0.011285453 0.999838591 0.013977569 -2.075490952 -0.084208935 -0.012978498 0.996363580 85.863296509
0.995282769 -0.006615411 0.096791081 1.316184044 0.005031827 0.999849617 0.016595799 -2.151892185 -0.096886314 -0.016030477 0.995166302 86.262382507
0.994243503 -0.009113378 0.106755637 1.300751209 0.007396360 0.999836981 0.016468540 -2.165254354 -0.106888324 -0.015584136 0.994148910 86.688896179
0.993114054 -0.008305498 0.116857179 1.374363899 0.006346402 0.999833167 0.017127002 -2.185211658 -0.116979942 -0.016267443 0.993001044 87.223587036
0.991818488 -0.009157225 0.127327248 1.474171638 0.007096249 0.999836504 0.016630687 -2.174277782 -0.127458721 -0.015591081 0.991721332 87.778503418
0.990060806 -0.007551966 0.140437260 1.560820580 0.005194880 0.999839544 0.017142944 -2.198023558 -0.140544206 -0.016243001 0.989941180 88.327148438
0.988597214 -0.008668176 0.150334463 1.675542831 0.006156233 0.999833643 0.017166397 -2.204745770 -0.150458276 -0.016045157 0.988486171 88.865249634
0.987205923 -0.009620788 0.159160376 1.785184860 0.006974303 0.999828100 0.017178031 -2.213504314 -0.159298301 -0.015848223 0.987103283 89.400878906
0.985207260 -0.010538165 0.171042740 1.892996788 0.007774003 0.999828279 0.016822411 -2.205070496 -0.171190634 -0.015243875 0.985119998 89.913482666
0.982744813 -0.010532036 0.184666485 1.957683563 0.007640028 0.999836862 0.016365275 -2.155141354 -0.184808761 -0.014672034 0.982665002 90.568824768
0.980713367 -0.011395339 0.195119262 2.087159157 0.008443712 0.999837041 0.015952397 -2.159666300 -0.195269272 -0.013997196 0.980649829 91.097290039
0.977859020 -0.010320705 0.209010214 2.222486496 0.007130407 0.999846399 0.016011594 -2.167459488 -0.209143341 -0.014166755 0.977782428 91.632919312
0.974928260 -0.010741830 0.222259447 2.360645294 0.007378746 0.999845445 0.015956219 -2.167696953 -0.222396493 -0.013916174 0.974856973 92.152137756
0.972121656 -0.011504752 0.234194756 2.515676498 0.007881340 0.999834359 0.016401842 -2.187395811 -0.234344706 -0.014098816 0.972051322 92.698822021
0.969059169 -0.010063448 0.246623129 2.659292221 0.006175251 0.999844193 0.016534118 -2.214994431 -0.246751100 -0.014499578 0.968970418 93.173721313
0.965539336 -0.010308934 0.260052562 2.860578537 0.006261804 0.999846160 0.016386418 -2.207888126 -0.260181457 -0.014193332 0.965455413 93.772880554
0.962102771 -0.010650174 0.272478968 3.086328506 0.006359712 0.999841571 0.016624365 -2.142159939 -0.272612840 -0.014261462 0.962018073 94.376144409
0.958947003 -0.011849643 0.283337593 3.273645401 0.007581979 0.999840736 0.016154023 -2.146263599 -0.283483922 -0.013342591 0.958884239 94.893539429
0.954612911 -0.011451338 0.297628582 3.463790894 0.007166982 0.999854505 0.015482303 -2.136195660 -0.297762603 -0.012646509 0.954556227 95.446929932
0.950073600 -0.010689252 0.311842591 3.670106888 0.005899046 0.999849796 0.016300263 -2.145770550 -0.311969995 -0.013646876 0.949993968 95.984756470
0.946399629 -0.011389898 0.322796762 3.868492126 0.006329105 0.999840140 0.016723258 -2.163796425 -0.322935641 -0.013783869 0.946320534 96.521331787
0.942056537 -0.012697013 0.335213840 4.106327057 0.007860980 0.999844611 0.015779637 -2.144592047 -0.335362107 -0.012230202 0.942009926 97.105346680
0.936980069 -0.012837200 0.349147171 4.330224991 0.007913711 0.999848247 0.015524293 -2.140943766 -0.349293500 -0.011782903 0.936939299 97.629920959
0.932357013 -0.014300197 0.361255974 4.554645538 0.009149627 0.999830723 0.015963910 -2.156067610 -0.361423075 -0.011578706 0.932330012 98.136054993
0.927892029 -0.014006699 0.372585744 4.787092209 0.008760693 0.999837339 0.015769366 -2.158682585 -0.372745991 -0.011368156 0.927863777 98.650642395
0.922526896 -0.015607540 0.385617197 5.029514313 0.009945203 0.999811590 0.016674269 -2.181526899 -0.385804772 -0.011547421 0.922508180 99.080528259
0.916849196 -0.017247830 0.398860931 5.227174759 0.011525421 0.999793470 0.016740654 -2.200360775 -0.399067312 -0.010751615 0.916858673 99.561965942
0.911468089 -0.013233487 0.411158085 5.427276611 0.007196656 0.999842525 0.016227046 -2.148728371 -0.411307991 -0.011831474 0.911419630 100.041824341
0.905830264 -0.012955679 0.423442572 5.751430511 0.006218171 0.999831140 0.017288968 -2.171935558 -0.423595041 -0.013027834 0.905757964 100.663200378
0.899107397 -0.012063184 0.437562019 6.011745453 0.005063679 0.999839962 0.017159769 -2.177245378 -0.437699050 -0.013212801 0.899024427 101.166564941
0.893504739 -0.014240874 0.448827863 6.277328491 0.007452281 0.999829590 0.016887989 -2.179375410 -0.448991895 -0.011744707 0.893458664 101.648132324
0.887800157 -0.014657773 0.459995747 6.558666229 0.007815593 0.999828696 0.016775325 -2.179997206 -0.460162759 -0.011297999 0.887762666 102.144577026
0.880606651 -0.013827836 0.473646402 6.829349518 0.006775678 0.999839365 0.016592354 -2.193099022 -0.473799765 -0.011402063 0.880558789 102.602584839
