1.000000000 0.000000000 0.000000000 0.000000000 0.000000000 1.000000000 0.000000000 0.000000000 0.000000000 0.000000000 1.000000000 0.000000000
0.999999940 -0.000320331 0.000046087 0.000274661 0.000320330 0.999999940 0.000012947 0.000293695 -0.000046092 -0.000012933 1.000000000 -0.000109237
1.000000000 -0.000099389 0.000126552 -0.000607163 0.000099365 1.000000000 0.000195101 -0.000523650 -0.000126572 -0.000195088 1.000000000 0.000291098
1.000000000 -0.000072565 0.000018088 0.000253286 0.000072563 1.000000000 0.000112975 0.000073627 -0.000018096 -0.000112974 1.000000000 0.000063986
1.000000000 -0.000027976 0.000064136 0.000257828 0.000027973 1.000000000 0.000051294 -0.000694551 -0.000064137 -0.000051293 1.000000000 -0.000637530
0.999999940 -0.000297077 0.000064317 0.000142781 0.000297077 0.999999940 0.000001055 0.000141142 -0.000064317 -0.000001036 1.000000000 -0.000816083
0.999999940 -0.000379480 0.000119459 -0.000351687 0.000379479 0.999999940 0.000008403 0.000110921 -0.000119462 -0.000008357 1.000000000 0.000077647
0.999999940 -0.000313219 0.000093860 0.000510185 0.000313203 0.999999940 0.000174434 -0.000665666 -0.000093914 -0.000174405 1.000000000 0.001291351
1.000000000 -0.000110971 0.000112331 -0.000002085 0.000110972 1.000000000 -0.000013049 0.000841212 -0.000112329 0.000013062 1.000000000 0.000927854
1.000000000 -0.000019401 0.000154395 -0.000798299 0.000019400 1.000000000 0.000007979 -0.000095082 -0.000154395 -0.000007976 1.000000000 -0.000505448
1.000000000 -0.000171430 0.000068618 0.001076722 0.000171428 1.000000000 0.000031829 0.000503774 -0.000068624 -0.000031817 1.000000000 -0.000659789
1.000000000 -0.000056652 -0.000026774 0.001098347 0.000056651 1.000000000 -0.000029579 -0.000218057 0.000026776 0.000029578 1.000000000 -0.002249063
1.000000000 0.000041150 0.000053445 0.000588727 -0.000041142 1.000000000 -0.000142367 0.002053838 -0.000053451 0.000142365 1.000000000 0.000791156
1.000000000 -0.000066742 0.000073545 -0.000551882 0.000066740 1.000000000 0.000033583 0.000586431 -0.000073547 -0.000033578 1.000000000 -0.000065692
1.000000000 0.000121946 0.000123465 -0.000663180 -0.000121928 1.000000000 -0.000144649 0.001370367 -0.000123483 0.000144634 1.000000000 -0.000049464
1.000000000 -0.000138845 0.000016879 0.000564627 0.000138843 1.000000000 0.000110361 0.000154123 -0.000016894 -0.000110359 1.000000000 -0.000127939
0.999999940 -0.000405611 0.000017438 0.000090986 0.000405609 0.999999881 0.000156899 -0.000372533 -0.000017501 -0.000156892 1.000000000 -0.000680838
0.999999940 -0.000312748 0.000032803 0.000212205 0.000312745 0.999999940 0.000074503 -0.000816079 -0.000032827 -0.000074493 1.000000000 -0.001669131
1.000000000 0.000044670 0.000117047 -0.000250664 -0.000044678 1.000000000 0.000066249 -0.000172491 -0.000117045 -0.000066255 1.000000000 -0.001212487
1.000000000 0.000240857 -0.000005137 -0.000214103 -0.000240857 0.999999940 0.000137481 -0.000199744 0.000005170 -0.000137480 1.000000000 -0.000399950
1.000000000 -0.000150415 -0.000038636 0.000723503 0.000150420 1.000000000 0.000127899 0.000156872 0.000038617 -0.000127904 1.000000000 -0.000633337
1.000000000 -0.000073788 0.000082601 -0.000235881 0.000073778 1.000000000 0.000120330 -0.000313321 -0.000082610 -0.000120323 1.000000000 -0.000824997
1.000000000 -0.000159401 0.000032709 0.000448705 0.000159395 1.000000000 0.000170041 -0.000592001 -0.000032736 -0.000170036 1.000000000 -0.001435488
0.999999940 -0.000231929 0.000096061 0.000821287 0.000231928 1.000000000 0.000008785 0.000869361 -0.000096063 -0.000008762 1.000000000 0.000806202
1.000000000 0.000125748 0.000122823 0.000051096 -0.000125760 1.000000000 0.000095813 0.000330251 -0.000122811 -0.000095829 1.000000000 0.000586323
1.000000000 -0.000101207 0.000016586 0.001715011 0.000101205 1.000000000 0.000099484 0.000495230 -0.000016596 -0.000099482 1.000000000 -0.001300865
0.999999940 -0.000240000 0.000085115 0.000291336 0.000239998 1.000000000 0.000024155 0.000125728 -0.000085121 -0.000024134 1.000000000 -0.002026184
1.000000000 -0.000188525 0.000002357 -0.000112600 0.000188525 1.000000000 0.000038774 -0.000221263 -0.000002365 -0.000038773 1.000000000 -0.001942694
0.999999940 0.000216825 0.000179764 -0.001229605 -0.000216860 0.999999940 0.000191792 0.000139565 -0.000179722 -0.000191831 0.999999940 0.001152742
1.000000000 -0.000031529 -0.000017333 0.000539049 0.000031532 1.000000000 0.000177205 -0.000290543 0.000017327 -0.000177205 1.000000000 -0.000930797
0.999999940 -0.000241363 0.000187425 -0.000674666 0.000241361 1.000000000 0.000011869 0.000505726 -0.000187428 -0.000011823 1.000000000 -0.000202946
1.000000000 -0.000147906 0.000144235 -0.000758838 0.000147887 1.000000000 0.000126271 -0.000406883 -0.000144254 -0.000126250 1.000000000 -0.001210193
1.000000000 -0.000007687 0.000084894 -0.000360618 0.000007672 1.000000000 0.000180765 -0.001370218 -0.000084895 -0.000180764 1.000000000 -0.002144273
1.000000000 -0.000087004 0.000131865 -0.000250461 0.000087012 1.000000000 -0.000063452 0.000784416 -0.000131860 0.000063464 1.000000000 -0.001031684
1.000000000 -0.000145880 0.000111958 -0.000149004 0.000145878 1.000000000 0.000015809 0.000384346 -0.000111960 -0.000015792 1.000000000 -0.000640718
1.000000000 0.000089762 0.000086495 0.000052789 -0.000089776 1.000000000 0.000168031 -0.000142378 -0.000086480 -0.000168039 1.000000000 -0.001499126
0.999999940 -0.000225675 0.000123976 0.000596517 0.000225679 1.000000000 -0.000029902 0.001705806 -0.000123970 0.000029930 1.000000000 -0.000140991
1.000000000 -0.000127141 0.000098454 -0.000364593 0.000127128 1.000000000 0.000134335 0.000829953 -0.000098471 -0.000134322 1.000000000 0.001083347
1.000000000 0.000004411 0.000136039 -0.000368384 -0.000004418 1.000000000 0.000051516 0.000232433 -0.000136038 -0.000051517 1.000000000 -0.000824796
1.000000000 0.000076212 0.000189975 -0.001072820 -0.000076228 1.000000000 0.000086124 0.000133908 -0.000189968 -0.000086138 1.000000000 -0.000400196
0.999999940 0.000022207 0.000314012 -0.000895103 -0.000022156 1.000000000 -0.000161551 0.001381564 -0.000314016 0.000161544 0.999999940 0.002228518
1.000000000 -0.000085890 0.000154137 0.001036473 0.000085993 0.999999762 -0.000670050 -0.001276011 -0.000154079 0.000670063 0.999999762 0.051442362
1.000000000 -0.000060284 -0.000039973 0.002929782 0.000060233 0.999999166 -0.001262139 -0.003344355 0.000040049 0.001262137 0.999999225 0.139369458
0.999999940 0.000260012 0.000014327 -0.006210858 -0.000259991 0.999998868 -0.001435552 -0.004067490 -0.000014700 0.001435549 0.999998987 0.245985106
0.999999702 -0.000731013 0.000112671 0.002847307 0.000731200 0.999998271 -0.001669378 -0.014274339 -0.000111450 0.001669460 0.999998569 0.388413399
0.999999762 -0.000591482 0.000077820 0.005637595 0.000591618 0.999998212 -0.001763848 -0.017715255 -0.000076776 0.001763894 0.999998450 0.525868654
0.999999702 -0.000663721 -0.000007976 0.008962439 0.000663706 0.999998212 -0.001734937 -0.023049228 0.000009128 0.001734931 0.999998510 0.675862730
1.000000000 -0.000034556 0.000029628 0.009898214 0.000034588 0.999999404 -0.001073673 -0.023538779 -0.000029591 0.001073674 0.999999404 0.837016046
0.999999940 0.000073145 -0.000394873 0.021762868 -0.000073431 0.999999762 -0.000724540 -0.030571463 0.000394820 0.000724569 0.999999583 1.012393594
0.999999642 0.000785200 0.000343743 0.019010372 -0.000784923 0.999999344 -0.000806684 -0.031132983 -0.000344377 0.000806414 0.999999642 1.199305892
0.999999881 0.000304956 0.000266226 0.026002333 -0.000304785 0.999999642 -0.000642812 -0.036943022 -0.000266421 0.000642731 0.999999762 1.383216023
0.999999583 0.000896052 0.000192941 0.024815906 -0.000895864 0.999999106 -0.000975732 -0.039308198 -0.000193815 0.000975559 0.999999523 1.576134562
0.999999642 0.000816580 0.000167515 0.028524451 -0.000816425 0.999999225 -0.000920729 -0.039641213 -0.000168266 0.000920592 0.999999583 1.784999847
0.999999642 0.000764749 -0.000130499 0.038815971 -0.000764870 0.999999285 -0.000926142 -0.050284281 0.000129791 0.000926242 0.999999523 1.971575022
0.999999166 0.001209766 0.000472572 0.032769993 -0.001209659 0.999999166 -0.000227648 -0.070924111 -0.000472847 0.000227076 0.999999821 2.143592834
0.999999344 0.001155323 -0.000014586 0.045541152 -0.001155344 0.999998093 -0.001556070 -0.051134489 0.000012788 0.001556085 0.999998808 2.417515516
0.999999642 0.000821271 0.000053272 0.052469831 -0.000821181 0.999998212 -0.001664854 -0.056774311 -0.000054640 0.001664810 0.999998629 2.640283585
0.999999881 -0.000211493 -0.000267531 0.065442175 0.000211300 0.999999642 -0.000718288 -0.079903506 0.000267682 0.000718231 0.999999702 2.839759827
0.999999940 0.000017995 -0.000213191 0.069987237 -0.000018187 0.999999583 -0.000901430 -0.083576120 0.000213174 0.000901434 0.999999583 3.075908184
0.999999821 0.000580454 0.000165125 0.059489954 -0.000580405 0.999999762 -0.000295354 -0.098470315 -0.000165296 0.000295258 0.999999940 3.310585260
0.999999285 0.000975306 0.000731027 0.051893309 -0.000974767 0.999999166 -0.000736622 -0.095681131 -0.000731745 0.000735909 0.999999404 3.526593447
0.999999642 0.000609814 0.000661399 0.057327628 -0.000609245 0.999999344 -0.000860278 -0.101986922 -0.000661923 0.000859875 0.999999344 3.778045416
1.000000000 0.000090362 0.000200919 0.071381576 -0.000090241 0.999999821 -0.000604389 -0.113613933 -0.000200974 0.000604371 0.999999821 4.074512482
0.999999523 0.000756016 0.000765648 0.064289331 -0.000756034 0.999999702 0.000022333 -0.125006139 -0.000765631 -0.000022912 0.999999702 4.308269501
0.999999821 0.000450399 -0.000183043 0.085985437 -0.000450443 0.999999821 -0.000242830 -0.124451160 0.000182933 0.000242913 0.999999940 4.587139606
0.999999940 0.000122832 0.000077253 0.090794243 -0.000122813 0.999999940 -0.000249202 -0.131744266 -0.000077283 0.000249192 1.000000000 4.845642090
0.999999642 0.000365811 0.000744348 0.083225921 -0.000365886 0.999999940 0.000100864 -0.144462615 -0.000744311 -0.000101137 0.999999702 5.079918385
0.999999940 -0.000233700 0.000349914 0.092661366 0.000233695 0.999999940 0.000016058 -0.162307158 -0.000349918 -0.000015976 0.999999881 5.359983444
0.999999821 0.000301257 0.000374749 0.105733611 -0.000301383 0.999999821 0.000336340 -0.170752108 -0.000374647 -0.000336453 0.999999881 5.619474411
0.999999940 0.000020955 0.000093898 0.114404529 -0.000021045 0.999999404 0.000956918 -0.183830351 -0.000093878 -0.000956920 0.999999583 5.885923862
0.999999940 0.000205831 0.000329937 0.118101500 -0.000205963 0.999999881 0.000401522 -0.183903679 -0.000329854 -0.000401590 0.999999881 6.170386791
0.999999523 0.000673435 0.000745927 0.112444714 -0.000673775 0.999999642 0.000456161 -0.187869325 -0.000745620 -0.000456663 0.999999642 6.448337078
0.999999464 0.000780195 0.000694881 0.114743009 -0.000780747 0.999999344 0.000794476 -0.211791277 -0.000694261 -0.000795018 0.999999404 6.727908611
0.999999583 0.000169948 0.000899478 0.122058131 -0.000170687 0.999999642 0.000821740 -0.218229443 -0.000899338 -0.000821893 0.999999285 7.015964508
0.999999404 0.000443537 0.000939377 0.127669528 -0.000444000 0.999999762 0.000492555 -0.221054956 -0.000939159 -0.000492972 0.999999464 7.313493252
0.999998987 0.001092691 0.000853972 0.137990564 -0.001093055 0.999999285 0.000425461 -0.225794747 -0.000853506 -0.000426394 0.999999523 7.629100323
0.999998152 0.001338910 0.001385806 0.138789266 -0.001340350 0.999998569 0.001038899 -0.249669254 -0.001384413 -0.001040755 0.999998450 7.925742149
0.999998152 0.000780327 0.001730962 0.139046669 -0.000782183 0.999999106 0.001071807 -0.255225718 -0.001730124 -0.001073159 0.999997914 8.249313354
0.999998450 0.000845437 0.001550836 0.150597095 -0.000847276 0.999998927 0.001185612 -0.268459231 -0.001549832 -0.001186924 0.999998093 8.565658569
0.999997079 0.000554086 0.002345439 0.151706353 -0.000556856 0.999999166 0.001180608 -0.273387551 -0.002344783 -0.001181911 0.999996483 8.896525383
0.999997854 0.000839894 0.001901556 0.160768643 -0.000841665 0.999999225 0.000930674 -0.279142916 -0.001900773 -0.000932272 0.999997735 9.232193947
0.999997020 0.001308001 0.002031554 0.168690652 -0.001309355 0.999998927 0.000664962 -0.285513520 -0.002030681 -0.000667620 0.999997735 9.578267097
0.999997854 0.001093368 0.001769009 0.175862581 -0.001094756 0.999999106 0.000784171 -0.295120746 -0.001768150 -0.000786106 0.999998152 9.914506912
0.999996841 0.001309591 0.002194285 0.180396885 -0.001311677 0.999998689 0.000949795 -0.309147179 -0.002193038 -0.000952670 0.999997139 10.270379066
0.999996960 0.001185154 0.002126734 0.191968322 -0.001187539 0.999998629 0.001120273 -0.320418239 -0.002125404 -0.001122795 0.999997139 10.626028061
0.999997139 0.001379095 0.001950062 0.201352701 -0.001381091 0.999998450 0.001022599 -0.327893287 -0.001948649 -0.001025289 0.999997497 10.995213509
0.999997258 0.001068859 0.002084772 0.216318086 -0.001071642 0.999998510 0.001334069 -0.345723838 -0.002083343 -0.001336299 0.999996960 11.369788170
0.999996483 0.000891231 0.002501342 0.219041616 -0.000895022 0.999998450 0.001515147 -0.358745009 -0.002499988 -0.001517380 0.999995708 11.733354568
0.999996543 0.001110047 0.002356189 0.226574183 -0.001112872 0.999998689 0.001198057 -0.370739549 -0.002354856 -0.001200675 0.999996424 12.114460945
0.999994397 0.001334822 0.003078270 0.233726829 -0.001338051 0.999998569 0.001047010 -0.377143055 -0.003076868 -0.001051123 0.999994636 12.499963760
0.999994040 0.001869992 0.002934339 0.238553390 -0.001873464 0.999997556 0.001180709 -0.388350844 -0.002932124 -0.001186199 0.999994993 12.888166428
0.999993503 0.001596743 0.003238141 0.245461911 -0.001601602 0.999997616 0.001498903 -0.401684374 -0.003235740 -0.001504079 0.999993622 13.288324356
0.999994099 0.000933592 0.003310260 0.258887261 -0.000936971 0.999999046 0.001019250 -0.411793292 -0.003309305 -0.001022346 0.999993980 13.703680992
0.999993682 0.001772788 0.003072565 0.266826302 -0.001777420 0.999997199 0.001505325 -0.425548732 -0.003069888 -0.001510776 0.999994099 14.119745255
0.999991119 0.001314872 0.004010046 0.271255642 -0.001322217 0.999997437 0.001829432 -0.443408847 -0.004007631 -0.001834718 0.999990225 14.535576820
0.999989212 0.001323228 0.004478281 0.280141503 -0.001330964 0.999997556 0.001724745 -0.449963927 -0.004475989 -0.001730686 0.999988437 14.972738266
0.999990940 0.001610394 0.003940903 0.303351104 -0.001617933 0.999996841 0.001910675 -0.464942604 -0.003937813 -0.001917034 0.999990404 15.397744179
0.999983430 0.002610679 0.005123707 0.308097631 -0.002616948 0.999995828 0.001217269 -0.473667920 -0.005120507 -0.001230658 0.999986112 15.836467743
0.999983788 0.001908855 0.005359897 0.313372433 -0.001920704 0.999995708 0.002206337 -0.494865626 -0.005355663 -0.002216596 0.999983191 16.296833038
0.999982893 0.001686323 0.005600288 0.329680890 -0.001695731 0.999997139 0.001675653 -0.503200531 -0.005597447 -0.001685121 0.999982893 16.736314774
0.999975681 0.002801274 0.006388048 0.337982953 -0.002814103 0.999994040 0.002000093 -0.525937378 -0.006382407 -0.002018021 0.999977589 17.192310333
0.999975383 0.002836213 0.006421118 0.350969821 -0.002847930 0.999994278 0.001816453 -0.522274613 -0.006415928 -0.001834696 0.999977648 17.651393890
0.999971807 0.002940265 0.006908786 0.363569885 -0.002952353 0.999994099 0.001740089 -0.536105633 -0.006903630 -0.001760437 0.999974608 18.124673843
0.999973416 0.002818927 0.006727761 0.384427160 -0.002831859 0.999994159 0.001913412 -0.554168224 -0.006722330 -0.001932413 0.999975562 18.573797226
0.999973893 0.002576157 0.006747345 0.395575345 -0.002592001 0.999993861 0.002340467 -0.573050320 -0.006741273 -0.002357895 0.999974549 19.033840179
0.999970913 0.002906689 0.007039750 0.410669774 -0.002919493 0.999994099 0.001809191 -0.580426514 -0.007034451 -0.001829691 0.999973595 19.569438934
0.999969542 0.002721383 0.007309074 0.422522426 -0.002734310 0.999994695 0.001759208 -0.593450606 -0.007304247 -0.001779140 0.999971747 20.042591095
0.999970257 0.002799163 0.007190806 0.434297681 -0.002812993 0.999994218 0.001913992 -0.608572006 -0.007185406 -0.001934163 0.999972284 20.538902283
0.999969363 0.004118070 0.006644859 0.455872148 -0.004131702 0.999989331 0.002039017 -0.626726687 -0.006636392 -0.002066409 0.999975860 21.025121689
0.999972761 0.003199503 0.006638158 0.460793763 -0.003209380 0.999993742 0.001477657 -0.634474158 -0.006633389 -0.001498921 0.999976814 21.531467438
0.999974728 0.003700776 0.006093481 0.476113111 -0.003710712 0.999991775 0.001620033 -0.653706551 -0.006087436 -0.001642603 0.999980152 22.032625198
0.999978304 0.003228468 0.005738010 0.483773381 -0.003238236 0.999993324 0.001693884 -0.663623631 -0.005732501 -0.001712429 0.999982059 22.539920807
0.999980569 0.003879618 0.004871773 0.500258625 -0.003889114 0.999990582 0.001941305 -0.683317363 -0.004864195 -0.001960214 0.999986231 23.037878036
0.999980390 0.004186894 0.004657758 0.509558141 -0.004194001 0.999990046 0.001517152 -0.688964844 -0.004651360 -0.001536657 0.999987960 23.554155350
0.999987364 0.003391978 0.003712480 0.528191328 -0.003395974 0.999993622 0.001070424 -0.705626190 -0.003708827 -0.001083018 0.999992549 24.070320129
0.999988317 0.003777570 0.002999461 0.540477633 -0.003782227 0.999991655 0.001548349 -0.720098913 -0.002993586 -0.001559675 0.999994218 24.614362717
0.999989212 0.003968516 0.002392049 0.548837125 -0.003972056 0.999990940 0.001476665 -0.733550012 -0.002386167 -0.001486151 0.999996066 25.143459320
0.999990761 0.003729243 0.002147955 0.555745423 -0.003732641 0.999991775 0.001580413 -0.748185575 -0.002142044 -0.001588416 0.999996424 25.687719345
0.999992609 0.003659727 0.001162201 0.573835254 -0.003661677 0.999991834 0.001679343 -0.766372800 -0.001156045 -0.001683586 0.999997914 26.222585678
0.999995351 0.002982926 0.000647370 0.583065689 -0.002984511 0.999992549 0.002461196 -0.781766951 -0.000640023 -0.002463117 0.999996781 26.766716003
0.999995053 0.003104812 0.000532307 0.585529745 -0.003105784 0.999993503 0.001835985 -0.793893516 -0.000526603 -0.001837629 0.999998152 27.371091843
0.999994993 0.003122168 -0.000499813 0.612265229 -0.003121379 0.999993920 0.001572977 -0.814876914 0.000504721 -0.001571409 0.999998629 27.895803452
0.999994040 0.003372412 -0.000676767 0.610972762 -0.003370816 0.999991536 0.002345827 -0.834454060 0.000684673 -0.002343531 0.999997020 28.448127747
0.999992669 0.003768888 -0.000719000 0.620595813 -0.003767540 0.999991119 0.001866033 -0.843080580 0.000726026 -0.001863310 0.999997973 28.987764359
0.999992251 0.003572340 -0.001660495 0.641761959 -0.003568949 0.999991477 0.002040363 -0.859362185 0.001667770 -0.002034421 0.999996543 29.539089203
0.999990761 0.004117660 -0.001224310 0.640954196 -0.004115102 0.999989331 0.002084831 -0.873446047 0.001232882 -0.002079774 0.999997020 30.075605392
0.999989390 0.004483605 -0.001032201 0.647469938 -0.004481149 0.999987066 0.002368896 -0.893327475 0.001042809 -0.002364245 0.999996603 30.629196167
0.999989867 0.004278577 -0.001382738 0.657246470 -0.004275710 0.999988735 0.002070371 -0.903866053 0.001391581 -0.002064438 0.999996841 31.172187805
0.999989629 0.004435652 -0.000972331 0.653708756 -0.004433403 0.999987543 0.002302818 -0.921550632 0.000982533 -0.002298483 0.999996841 31.715450287
0.999990404 0.004015785 -0.001723453 0.673353195 -0.004012911 0.999990582 0.001667568 -0.933377802 0.001730133 -0.001660636 0.999997139 32.259456635
0.999991357 0.003528479 -0.002164198 0.683398783 -0.003523549 0.999991179 0.002277682 -0.953124464 0.002172215 -0.002270037 0.999995053 32.796314240
0.999990404 0.003648052 -0.002404362 0.689439952 -0.003641980 0.999990165 0.002524916 -0.970093489 0.002413549 -0.002516136 0.999993920 33.339057922
0.999988616 0.003796187 -0.002887729 0.705282271 -0.003790188 0.999990642 0.002079933 -0.980909169 0.002895598 -0.002068965 0.999993682 33.892585754
0.999988854 0.003825431 -0.002740337 0.707600415 -0.003818542 0.999989569 0.002514916 -1.006034017 0.002749929 -0.002504424 0.999993026 34.422401428
0.999989092 0.003159870 -0.003436542 0.729852974 -0.003151805 0.999992251 0.002349845 -1.018393397 0.003443940 -0.002338988 0.999991357 34.972923279
0.999986291 0.003503475 -0.003885958 0.746508658 -0.003494005 0.999990940 0.002441110 -1.032685399 0.003894475 -0.002427499 0.999989450 35.520912170
0.999986887 0.003670515 -0.003568902 0.747008801 -0.003666028 0.999992490 0.001263091 -1.039148211 0.003573511 -0.001249991 0.999992788 36.082611084
0.999986887 0.003352395 -0.003861302 0.752190411 -0.003343052 0.999991417 0.002423420 -1.069165468 0.003869393 -0.002410480 0.999989569 36.628009796
0.999983609 0.003402916 -0.004602528 0.774472237 -0.003395553 0.999992907 0.001606646 -1.065611959 0.004607963 -0.001590992 0.999988079 37.156330109
0.999982357 0.003655377 -0.004676442 0.773984313 -0.003650063 0.999992609 0.001144318 -1.073040962 0.004680591 -0.001127228 0.999988437 37.728546143
0.999983668 0.002945134 -0.004879764 0.784910381 -0.002937992 0.999994576 0.001470163 -1.093848705 0.004884067 -0.001455802 0.999986947 38.254032135
0.999982893 0.003419283 -0.004749926 0.790225267 -0.003411475 0.999992847 0.001650856 -1.107472539 0.004755537 -0.001634624 0.999987364 38.793682098
0.999983370 0.003828862 -0.004306139 0.800375998 -0.003822704 0.999991596 0.001437347 -1.120136738 0.004311608 -0.001420862 0.999989629 39.347503662
0.999985635 0.003384037 -0.004187729 0.812560081 -0.003377374 0.999993026 0.001597296 -1.144832611 0.004193106 -0.001583130 0.999989927 39.877872467
0.999982178 0.003733860 -0.004655935 0.815197706 -0.003726570 0.999991775 0.001573582 -1.151057720 0.004661773 -0.001556203 0.999987900 40.424804688
0.999979675 0.003325468 -0.005437827 0.832468331 -0.003316811 0.999993205 0.001600323 -1.167837739 0.005443112 -0.001582254 0.999983907 40.982692719
0.999976099 0.003244606 -0.006108669 0.845226943 -0.003238220 0.999994218 0.001055077 -1.177161455 0.006112056 -0.001035270 0.999980748 41.534080505
0.999975383 0.003519634 -0.006055269 0.850688577 -0.003515964 0.999993742 0.000616532 -1.189952970 0.006057400 -0.000595227 0.999981463 42.090202332
0.999975979 0.003689529 -0.005862992 0.854234099 -0.003687094 0.999993026 0.000426234 -1.201990366 0.005864524 -0.000404607 0.999982715 42.650329590
0.999973416 0.003412095 -0.006447431 0.864360094 -0.003407794 0.999993980 0.000677961 -1.220381021 0.006449705 -0.000655972 0.999978960 43.169673920
0.999975622 0.004033072 -0.005696584 0.854653239 -0.004030141 0.999991715 0.000526058 -1.226955414 0.005698659 -0.000503087 0.999983609 43.698581696
0.999975741 0.003934182 -0.005748999 0.850335836 -0.003931913 0.999992192 0.000405958 -1.239330769 0.005750550 -0.000383343 0.999983370 44.236248016
0.999978304 0.003525713 -0.005547239 0.857947946 -0.003522990 0.999993682 0.000500358 -1.265892267 0.005548968 -0.000480805 0.999984443 44.741138458
0.999976695 0.005054447 -0.004587691 0.857619762 -0.005053577 0.999987185 0.000201364 -1.263453841 0.004588649 -0.000178175 0.999989450 45.265750885
0.999978721 0.004915220 -0.004279780 0.859614789 -0.004911980 0.999987662 0.000767389 -1.278982759 0.004283499 -0.000746351 0.999990523 45.792324066
0.999979258 0.004182478 -0.004881287 0.868906021 -0.004180685 0.999991179 0.000377623 -1.294180274 0.004882823 -0.000357208 0.999988019 46.324199677
0.999980867 0.004625666 -0.004087520 0.860406697 -0.004623244 0.999989092 0.000601908 -1.312802911 0.004090260 -0.000582999 0.999991477 46.901821136
0.999980748 0.004473126 -0.004299409 0.866391659 -0.004468861 0.999989510 0.001001485 -1.325331330 0.004303842 -0.000982252 0.999990284 47.446079254
0.999978244 0.004483419 -0.004842824 0.884946227 -0.004478232 0.999989390 0.001081266 -1.343149185 0.004847621 -0.001059555 0.999987602 47.997009277
0.999979258 0.004062590 -0.004997828 0.898938775 -0.004057972 0.999991298 0.000933919 -1.355462909 0.005001578 -0.000913618 0.999987066 48.566745758
0.999978602 0.004553336 -0.004695103 0.904612839 -0.004552152 0.999989629 0.000262763 -1.364233494 0.004696251 -0.000241385 0.999988973 49.116767883
0.999977887 0.004295723 -0.005073246 0.924971342 -0.004293113 0.999990582 0.000525105 -1.378443837 0.005075455 -0.000503313 0.999987006 49.668918610
0.999974370 0.004680793 -0.005405077 0.935321450 -0.004677371 0.999988854 0.000645585 -1.396393061 0.005408038 -0.000620287 0.999985158 50.214538574
0.999976873 0.004830629 -0.004782900 0.936121345 -0.004826351 0.999987960 0.000905692 -1.415317655 0.004787216 -0.000882587 0.999988079 50.766124725
0.999973655 0.005011126 -0.005252487 0.963903308 -0.005009934 0.999987423 0.000240111 -1.426934719 0.005253624 -0.000213790 0.999986172 51.291622162
0.999974310 0.005340632 -0.004764700 0.960036218 -0.005340541 0.999985754 0.000031848 -1.447343469 0.004764803 -0.000006401 0.999988675 51.832073212
0.999974072 0.005756674 -0.004312102 0.971827626 -0.005756009 0.999983430 0.000166413 -1.463225722 0.004312988 -0.000141588 0.999990702 52.379795074
0.999973297 0.005939547 -0.004238252 0.978796601 -0.005939264 0.999982297 0.000079392 -1.479225278 0.004238648 -0.000054217 0.999991000 52.940067291
0.999973118 0.006451497 -0.003463592 0.982285976 -0.006451091 0.999979198 0.000128489 -1.494767547 0.003464348 -0.000106141 0.999993980 53.463840485
0.999975026 0.006262165 -0.003280375 0.998509347 -0.006262101 0.999980390 0.000029865 -1.509795785 0.003280498 -0.000009322 0.999994636 54.039634705
0.999975622 0.006438479 -0.002707974 0.992842495 -0.006436124 0.999978900 0.000877638 -1.533775210 0.002713568 -0.000860187 0.999995947 54.565025330
0.999979734 0.005768578 -0.002678038 1.008900881 -0.005765044 0.999982417 0.001325422 -1.560517192 0.002685637 -0.001309956 0.999995530 55.120323181
0.999977887 0.006143451 -0.002543513 1.017447710 -0.006140267 0.999980330 0.001257549 -1.572371483 0.002551189 -0.001241904 0.999995947 55.657093048
0.999976695 0.006215314 -0.002817478 1.029830456 -0.006212723 0.999980271 0.000927279 -1.586134672 0.002823186 -0.000909753 0.999995589 56.212081909
0.999974787 0.006682116 -0.002408442 1.040816545 -0.006681868 0.999977648 0.000110926 -1.593361020 0.002409128 -0.000094830 0.999997079 56.771770477
0.999978364 0.006153070 -0.002300988 1.045150876 -0.006153116 0.999981046 -0.000012476 -1.601849675 0.002300868 0.000026634 0.999997318 57.319507599
0.999978065 0.006348203 -0.001868809 1.048758984 -0.006348773 0.999979734 -0.000299250 -1.614324331 0.001866871 0.000311108 0.999998212 57.875091553
0.999978542 0.006026424 -0.002568704 1.065751910 -0.006028349 0.999981523 -0.000742453 -1.623495817 0.002564183 0.000757922 0.999996364 58.431076050
0.999979556 0.005999172 -0.002276948 1.074301004 -0.006000880 0.999981642 -0.000743417 -1.638545632 0.002272447 0.000757066 0.999997079 58.970413208
0.999975920 0.006699089 -0.001806709 1.078611374 -0.006700808 0.999977112 -0.000946981 -1.657031655 0.001800323 0.000959065 0.999997914 59.514194489
0.999973357 0.007007921 -0.002045989 1.095178485 -0.007008368 0.999975443 -0.000211497 -1.686073184 0.002044456 0.000225830 0.999997914 60.049743652
0.999976575 0.006383692 -0.002460234 1.113702416 -0.006386264 0.999979019 -0.001039173 -1.683754921 0.002453549 0.001054860 0.999996424 60.595050812
0.999978423 0.006035093 -0.002643977 1.128479838 -0.006038084 0.999981105 -0.001124325 -1.699791074 0.002637142 0.001140265 0.999995828 61.137378693
0.999971747 0.007216145 -0.002087742 1.133783817 -0.007217926 0.999973595 -0.000847036 -1.715105176 0.002081575 0.000862081 0.999997377 61.692638397
0.999968350 0.007680022 -0.002058817 1.139189839 -0.007679742 0.999970496 0.000143241 -1.738305569 0.002059856 -0.000127425 0.999997854 62.242061615
0.999973357 0.006886150 -0.002397728 1.158370495 -0.006888627 0.999975741 -0.001026269 -1.748652101 0.002390603 0.001042759 0.999996603 62.793560028
0.999971986 0.007153974 -0.002198905 1.169795513 -0.007155795 0.999974072 -0.000821540 -1.768808484 0.002192971 0.000837252 0.999997258 63.331008911
0.999969661 0.007510684 -0.002053299 1.171225071 -0.007512352 0.999971449 -0.000805577 -1.779566765 0.002047190 0.000820978 0.999997497 63.880146027
0.999975145 0.006764247 -0.001975338 1.189877987 -0.006764919 0.999977052 -0.000333687 -1.803130984 0.001973036 0.000347042 0.999997914 64.430221558
0.999973178 0.007132607 -0.001681201 1.194393277 -0.007133388 0.999974430 -0.000458379 -1.816210628 0.001677888 0.000470360 0.999998510 64.977828979
0.999972820 0.007121042 -0.001907002 1.211454511 -0.007122597 0.999974251 -0.000809742 -1.833531260 0.001901187 0.000823302 0.999997854 65.521957397
0.999973834 0.007057026 -0.001588114 1.213453412 -0.007057124 0.999975085 -0.000055943 -1.856316209 0.001587680 0.000067149 0.999998748 66.058837891
0.999971390 0.007452400 -0.001380309 1.218217134 -0.007453995 0.999971569 -0.001153283 -1.861430049 0.001371675 0.001163539 0.999998391 66.613014221
0.999971390 0.007510833 -0.000915223 1.234782934 -0.007511897 0.999971032 -0.001164405 -1.874137878 0.000906451 0.001171246 0.999998927 67.162712097
0.999966085 0.008198890 -0.000658634 1.236331344 -0.008199344 0.999966085 -0.000691045 -1.902441144 0.000652946 0.000696422 0.999999523 67.696754456
0.999969065 0.007856863 -0.000582672 1.248075843 -0.007857145 0.999969006 -0.000485508 -1.926746726 0.000578839 0.000490071 0.999999702 68.241790771
0.999964654 0.008408759 -0.000020132 1.247941732 -0.008408776 0.999964058 -0.001176033 -1.929446220 0.000010242 0.001176161 0.999999285 68.828216553
0.999968052 0.007977193 -0.000552009 1.260695815 -0.007977862 0.999967456 -0.001219917 -1.938370943 0.000542260 0.001224282 0.999999106 69.379844666
0.999962509 0.008657381 -0.000038539 1.278446555 -0.008657436 0.999960959 -0.001770466 -1.945709825 0.000023210 0.001770733 0.999998450 69.946136475
0.999964774 0.008393086 0.000046362 1.283617854 -0.008393010 0.999963701 -0.001480042 -1.963022709 -0.000058783 0.001479600 0.999998927 70.471778870
0.999956429 0.009331871 -0.000084019 1.295896292 -0.009331979 0.999955475 -0.001377038 -1.980217934 0.000071165 0.001377762 0.999999046 71.033180237
0.999956369 0.009323720 0.000542095 1.301968694 -0.009323120 0.999955893 -0.001096859 -2.001699686 -0.000552298 0.001091757 0.999999166 71.589302063
0.999953985 0.009588814 0.000340476 1.312968731 -0.009588357 0.999953091 -0.001321357 -2.008972168 -0.000353131 0.001318031 0.999999046 72.135612488
0.999956131 0.009361022 -0.000293223 1.332542300 -0.009361305 0.999955714 -0.000980160 -2.031864882 0.000284034 0.000982862 0.999999464 72.690086365
0.999960363 0.008898383 -0.000181705 1.345542550 -0.008898589 0.999959707 -0.001172512 -2.046360731 0.000171265 0.001174083 0.999999225 73.226226807
0.999960005 0.008932437 -0.000401120 1.362891197 -0.008933059 0.999958873 -0.001580942 -2.057188034 0.000386981 0.001584462 0.999998689 73.779174805
0.999953866 0.009594164 0.000429300 1.362872839 -0.009593671 0.999953449 -0.001134395 -2.081866741 -0.000440164 0.001130225 0.999999285 74.320022583
0.999961317 0.008750973 -0.000904187 1.390855193 -0.008752851 0.999959528 -0.002094018 -2.083493233 0.000885826 0.002101851 0.999997377 74.853950500
0.999959290 0.009011610 -0.000508120 1.394722104 -0.009012558 0.999957561 -0.001899476 -2.102333546 0.000490981 0.001903978 0.999998093 75.415802002
0.999966800 0.008039864 -0.001324989 1.404341340 -0.008042283 0.999965906 -0.001831999 -2.121341228 0.001310215 0.001842595 0.999997437 75.950912476
0.999955714 0.009410544 -0.000108876 1.407157063 -0.009410736 0.999953985 -0.001910226 -2.129364252 0.000090895 0.001911166 0.999998152 76.516395569
0.999949157 0.010072331 0.000517479 1.409770370 -0.010071043 0.999946296 -0.002433950 -2.146016121 -0.000541967 0.002428615 0.999996841 77.082641602
0.999968588 0.007896404 -0.000689023 1.435695887 -0.007898336 0.999964774 -0.002847809 -2.156878710 0.000666511 0.002853161 0.999995708 77.610389709
0.999957502 0.009210170 0.000458688 1.428602457 -0.009208887 0.999953806 -0.002723801 -2.173421144 -0.000483753 0.002719461 0.999996185 78.159019470
0.999960423 0.008885709 -0.000426900 1.448376656 -0.008886669 0.999957860 -0.002306174 -2.198373079 0.000406390 0.002309876 0.999997258 78.689804077
0.999964595 0.008402404 -0.000493847 1.465915322 -0.008403282 0.999962986 -0.001800869 -2.217211723 0.000478697 0.001804955 0.999998212 79.238906860
0.999956489 0.009319793 -0.000040827 1.474348307 -0.009319869 0.999953210 -0.002590824 -2.221921682 0.000016679 0.002591092 0.999996603 79.811424255
0.999962568 0.008649440 0.000043325 1.486333370 -0.008649334 0.999960542 -0.002028217 -2.242835045 -0.000060866 0.002027766 0.999997914 80.357589722
0.999954343 0.009460427 0.001338358 1.495580912 -0.009456905 0.999951780 -0.002613291 -2.257011652 -0.001363017 0.002600515 0.999995708 80.910003662
0.999948084 0.010049310 0.001680776 1.518456578 -0.010044981 0.999946237 -0.002564522 -2.275844812 -0.001706458 0.002547505 0.999995291 81.459190369
0.999943852 0.009708901 0.004245276 1.524336100 -0.009696439 0.999948621 -0.002945782 -2.290821314 -0.004273659 0.002904453 0.999986589 82.006103516
0.999939322 0.009607253 0.005389976 1.545113087 -0.009591247 0.999949455 -0.002987804 -2.303529501 -0.005418412 0.002935928 0.999980986 82.567070007
0.999893725 0.010622923 0.009986432 1.556188345 -0.010588857 0.999937892 -0.003457837 -2.317944288 -0.010022543 0.003351725 0.999944150 83.125106812
0.999870718 0.010067169 0.012531226 1.588552475 -0.010032962 0.999945760 -0.002789513 -2.341513872 -0.012558628 0.002663428 0.999917567 83.654716492
0.999781013 0.011025067 0.017792163 1.590216041 -0.010953175 0.999931455 -0.004133168 -2.348954201 -0.017836507 0.003937381 0.999833167 84.210227966
0.999693990 0.011157477 0.022079127 1.623201013 -0.011082449 0.999932349 -0.003517543 -2.372678280 -0.022116877 0.003271775 0.999750018 84.755630493
0.999547541 0.011907021 0.027620319 1.661228776 -0.011826878 0.999925315 -0.003063114 -2.392767906 -0.027654730 0.002735065 0.999613822 85.304153442
0.999348879 0.012092461 0.033992469 1.686468959 -0.011991627 0.999923050 -0.003168707 -2.410855055 -0.034028169 0.002759018 0.999417067 85.840629578
0.999144137 0.011915697 0.039611291 1.728774667 -0.011778081 0.999923766 -0.003705710 -2.425895452 -0.039652430 0.003235993 0.999208272 86.399391174
0.998761892 0.012162633 0.048236217 1.764777660 -0.011954363 0.999917865 -0.004603848 -2.433167458 -0.048288263 0.004021515 0.998825371 86.956146240
0.998340964 0.011858268 0.056344580 1.816271067 -0.011640836 0.999923408 -0.004185636 -2.456411839 -0.056389906 0.003522793 0.998402596 87.506088257
0.997911453 0.011702118 0.063526846 1.860900402 -0.011450494 0.999925077 -0.004323572 -2.471126556 -0.063572682 0.003587128 0.997970700 88.050338745
0.997265995 0.012101945 0.072897635 1.915708065 -0.011828904 0.999921322 -0.004176116 -2.491617918 -0.072942436 0.003302399 0.997330666 88.589073181
0.996490002 0.012218575 0.082814999 1.986012936 -0.011916577 0.999920368 -0.004139997 -2.510568142 -0.082859002 0.003138595 0.996556461 89.126586914
0.995716810 0.011560737 0.091729760 2.049169064 -0.011189292 0.999926984 -0.004562580 -2.520279884 -0.091775812 0.003516646 0.995773494 89.672241211
0.994885325 0.011794002 0.100320131 2.111995220 -0.011371003 0.999923825 -0.004787262 -2.540055752 -0.100368939 0.003622036 0.994943678 90.227920532
0.993758917 0.012066470 0.110893853 2.192881584 -0.011583868 0.999920428 -0.004995206 -2.553961277 -0.110945307 0.003679451 0.993819654 90.763244629
0.992484689 0.011764325 0.121802084 2.274556160 -0.011232625 0.999924123 -0.005051018 -2.572094917 -0.121852249 0.003644901 0.992541492 91.295303345
0.991350114 0.011656168 0.130724818 2.364212036 -0.011080991 0.999925375 -0.005126489 -2.593936682 -0.130774811 0.003633586 0.991405427 91.844856262
0.989853561 0.011520854 0.141623005 2.461323738 -0.010891435 0.999927044 -0.005218682 -2.605290413 -0.141672805 0.003623255 0.989906847 92.378547668
0.988111496 0.011018796 0.153343782 2.573109627 -0.010316807 0.999932349 -0.005372863 -2.621139050 -0.153392598 0.003726969 0.988158226 92.932533264
0.986295879 0.010812171 0.164632142 2.677666664 -0.010037431 0.999934435 -0.005537093 -2.641106129 -0.164681211 0.003808728 0.986339509 93.470344543
0.984559119 0.010549650 0.174734265 2.798865318 -0.009680763 0.999936163 -0.005824232 -2.653348684 -0.174784586 0.004042740 0.984598398 94.001899719
0.982230604 0.010004448 0.187410936 2.924955368 -0.009069237 0.999941707 -0.005846952 -2.672974110 -0.187458530 0.004043382 0.982264221 94.528198242
0.979777634 0.010542809 0.199811563 3.051600456 -0.009676441 0.999939084 -0.005312046 -2.699384689 -0.199855402 0.003271159 0.979819953 95.051322937
0.977703571 0.010262836 0.209738865 3.193412781 -0.009335956 0.999941766 -0.005408815 -2.718033314 -0.209782198 0.003330105 0.977742493 95.579048157
0.974720597 0.009951447 0.223205402 3.335103989 -0.008917879 0.999944329 -0.005638095 -2.735310078 -0.223249078 0.003505047 0.974755108 96.130508423
0.971594810 0.009615616 0.236455232 3.488693237 -0.008558868 0.999948263 -0.005495185 -2.754360437 -0.236495838 0.003315303 0.971626818 96.645133972
0.968946397 0.009164686 0.247101024 3.644512177 -0.008097126 0.999952972 -0.005336176 -2.780528784 -0.247138306 0.003169661 0.968975008 97.156021118
0.965846360 0.008500197 0.258975923 3.808000565 -0.007248942 0.999956906 -0.005786126 -2.793234825 -0.259013951 0.003711208 0.965866446 97.661697388
0.961987853 0.008927855 0.272945970 3.981578827 -0.007693670 0.999954700 -0.005591707 -2.807743073 -0.272983611 0.003279198 0.962013006 98.199348450
0.958275378 0.008788711 0.285711855 4.156692505 -0.007451101 0.999955595 -0.005768456 -2.831163406 -0.285749912 0.003398901 0.958298206 98.705101013
0.954917967 0.008367808 0.296751618 4.335401535 -0.007061846 0.999960065 -0.005472562 -2.848577023 -0.296785533 0.003130235 0.954939008 99.224807739
0.950677812 0.007738517 0.310083538 4.526327133 -0.006183998 0.999962866 -0.005995936 -2.858241558 -0.310118437 0.003782646 0.950690389 99.750320435
0.946340084 0.007271477 0.323090404 4.731939316 -0.005420884 0.999963284 -0.006627279 -2.874259710 -0.323126733 0.004520224 0.946344912 100.239929199
0.942256153 0.006744148 0.334824920 4.920455933 -0.004781370 0.999966204 -0.006686009 -2.893474102 -0.334858656 0.004699012 0.942256629 100.739906311
0.937668025 0.006698787 0.347467870 5.139770508 -0.004543979 0.999965012 -0.007015929 -2.910043716 -0.347502738 0.004999725 0.937665701 101.265518188
0.932227612 0.006636761 0.361811608 5.356876373 -0.004521992 0.999967396 -0.006691379 -2.933038235 -0.361844271 0.004601778 0.932227194 101.757820129
0.927401543 0.006563659 0.374009728 5.569250107 -0.004348197 0.999967635 -0.006766992 -2.952308893 -0.374042004 0.004649451 0.927400112 102.252662659
0.922857523 0.005687478 0.385099262 5.808536530 -0.003245603 0.999970317 -0.006990611 -2.967009544 -0.385127544 0.005201458 0.922848701 102.745765686
0.916768968 0.005060066 0.399385810 6.037006378 -0.002447713 0.999972165 -0.007050672 -2.985779285 -0.399410427 0.005486255 0.916755795 103.233612061
0.910812497 0.005287420 0.412786305 6.284271240 -0.002576283 0.999971271 -0.007124164 -2.998387098 -0.412812084 0.005425323 0.910800040 103.719543457
0.906080365 0.003760242 0.423088908 6.544990540 -0.000667457 0.999971986 -0.007457927 -3.021722317 -0.423105091 0.006475088 0.906057477 104.183067322
0.899928749 0.003271936 0.436024845 6.807151794 -0.000107955 0.999973476 -0.007281000 -3.043648720 -0.436037093 0.006505309 0.899905205 104.662635803
0.893759012 0.002998909 0.448537439 7.098148346 -0.000347649 0.999981940 -0.005993124 -3.094830036 -0.448547333 0.005200475 0.893743932 105.106094360
0.887461603 0.003358810 0.460869372 7.374542236 -0.000663387 0.999981701 -0.006010418 -3.115997791 -0.460881203 0.005028280 0.887447596 105.612525940
0.881775796 0.003761150 0.471653730 7.649291992 -0.000864429 0.999979436 -0.006358138 -3.130159378 -0.471667975 0.005198740 0.881760895 106.089401245
0.874531567 0.003310265 0.484957218 7.933002472 -0.000180830 0.999978840 -0.006499650 -3.150001049 -0.484968543 0.005596455 0.874513686 106.551826477
