1.000000000 0.000000000 0.000000000 0.000000000 0.000000000 1.000000000 0.000000000 0.000000000 0.000000000 0.000000000 1.000000000 0.000000000
1.000000000 0.000026217 -0.000023117 0.000382510 -0.000026216 1.000000000 0.000030357 -0.001012003 0.000023118 -0.000030356 1.000000000 -0.001611027
1.000000000 -0.000031771 -0.000009120 0.000918222 0.000031771 1.000000000 -0.000010568 -0.000438580 0.000009120 0.000010568 1.000000000 -0.002568370
1.000000000 -0.000151255 -0.000114714 0.001847235 0.000151263 1.000000000 0.000065294 -0.001878668 0.000114704 -0.000065311 1.000000000 -0.004401964
1.000000000 -0.000133262 -0.000077333 -0.000310397 0.000133262 1.000000000 -0.000004533 0.000284742 0.000077333 0.000004523 1.000000000 -0.003103892
1.000000000 -0.000161916 -0.000037026 0.000768252 0.000161918 1.000000000 0.000058479 -0.000642822 0.000037017 -0.000058485 1.000000000 -0.001348476
1.000000000 -0.000200397 -0.000006359 0.000115079 0.000200397 1.000000000 0.000041217 -0.000692792 0.000006351 -0.000041218 1.000000000 -0.003952387
1.000000000 -0.000089793 -0.000044977 0.000064608 0.000089795 1.000000000 0.000040279 0.000431695 0.000044974 -0.000040283 1.000000000 -0.003882435
1.000000000 -0.000066796 -0.000030936 0.000335438 0.000066796 1.000000000 -0.000009911 0.000541689 0.000030937 0.000009909 1.000000000 -0.000477133
1.000000000 -0.000067061 -0.000062552 -0.000342127 0.000067060 1.000000000 -0.000011808 0.001285265 0.000062553 0.000011804 1.000000000 -0.001748952
1.000000000 -0.000142394 -0.000121712 0.000806586 0.000142399 1.000000000 0.000040607 -0.000307807 0.000121706 -0.000040625 1.000000000 -0.002675179
1.000000000 -0.000198369 -0.000100432 0.000143379 0.000198369 1.000000000 -0.000000585 0.000564365 0.000100433 0.000000565 1.000000000 -0.000219356
1.000000000 -0.000209719 -0.000051553 -0.000873724 0.000209720 1.000000000 0.000034031 0.001042317 0.000051546 -0.000034042 1.000000000 -0.000670542
1.000000000 -0.000180652 -0.000057807 0.000399819 0.000180653 1.000000000 0.000026631 -0.000059906 0.000057802 -0.000026641 1.000000000 -0.003499149
1.000000000 -0.000132810 -0.000074415 0.001247939 0.000132819 1.000000000 0.000119048 -0.000589571 0.000074400 -0.000119058 1.000000000 -0.004067665
1.000000000 -0.000100271 -0.000033071 0.001964958 0.000100275 1.000000000 0.000107463 -0.001233530 0.000033060 -0.000107467 1.000000000 -0.007006977
1.000000000 -0.000117690 -0.000083524 0.001095091 0.000117691 1.000000000 0.000014384 0.000695653 0.000083522 -0.000014394 1.000000000 -0.002435935
1.000000000 -0.000096666 -0.000098703 0.001072528 0.000096673 1.000000000 0.000074701 -0.000232828 0.000098696 -0.000074710 1.000000000 -0.004467662
0.999999940 -0.000257588 -0.000135757 0.000838155 0.000257597 0.999999940 0.000068340 -0.000587372 0.000135739 -0.000068375 1.000000000 -0.003769115
0.999999940 -0.000268310 -0.000125987 0.000943663 0.000268315 0.999999940 0.000040871 0.000604749 0.000125976 -0.000040905 1.000000000 -0.000490490
0.999999940 -0.000241785 -0.000102782 0.000120975 0.000241791 0.999999940 0.000056570 -0.000874110 0.000102768 -0.000056595 1.000000000 -0.003269102
1.000000000 -0.000116552 -0.000103746 0.002526505 0.000116558 1.000000000 0.000058522 0.000237045 0.000103739 -0.000058534 1.000000000 -0.001239523
1.000000000 -0.000149459 -0.000122103 0.002559843 0.000149468 1.000000000 0.000077308 -0.000927354 0.000122092 -0.000077326 1.000000000 -0.002407126
0.999999940 -0.000220391 -0.000152310 0.001486014 0.000220404 1.000000000 0.000084004 -0.000611958 0.000152292 -0.000084038 1.000000000 -0.004486714
0.999999940 -0.000247767 -0.000187812 0.002685170 0.000247784 0.999999940 0.000087886 -0.000633338 0.000187790 -0.000087932 1.000000000 -0.004159791
0.999999940 -0.000244397 -0.000131486 0.001595198 0.000244405 0.999999940 0.000056700 0.000420375 0.000131472 -0.000056732 1.000000000 -0.003073396
0.999999940 -0.000294566 -0.000182097 0.002865058 0.000294579 0.999999940 0.000070220 -0.000273694 0.000182076 -0.000070273 1.000000000 -0.004329925
0.999999940 -0.000391081 -0.000140205 0.000982048 0.000391091 0.999999940 0.000067867 -0.000586135 0.000140178 -0.000067922 1.000000000 -0.004478083
0.999999940 -0.000223297 -0.000160659 0.001636690 0.000223310 1.000000000 0.000083566 -0.000058286 0.000160641 -0.000083602 1.000000000 -0.002097547
1.000000000 -0.000194586 -0.000129638 0.002553786 0.000194600 1.000000000 0.000105735 -0.000960114 0.000129617 -0.000105760 1.000000000 -0.003758413
0.999999940 -0.000286566 -0.000172491 0.000764822 0.000286578 0.999999940 0.000070094 0.000652985 0.000172471 -0.000070143 1.000000000 -0.001227986
0.999999940 -0.000302241 -0.000164140 0.000697343 0.000302258 0.999999940 0.000099091 0.000113146 0.000164110 -0.000099141 1.000000000 -0.003823084
0.999999940 -0.000223631 -0.000155220 0.001500849 0.000223633 1.000000000 0.000016980 0.000301213 0.000155216 -0.000017015 1.000000000 -0.001942252
0.999999940 -0.000320783 -0.000159973 0.002044783 0.000320790 0.999999940 0.000049167 -0.000017294 0.000159957 -0.000049218 1.000000000 -0.001759260
0.999999940 -0.000294888 -0.000091779 0.000828006 0.000294896 0.999999940 0.000087692 -0.000782776 0.000091753 -0.000087719 1.000000000 -0.005654145
0.999999940 -0.000328290 -0.000190630 0.002913818 0.000328297 0.999999940 0.000038816 0.000268274 0.000190618 -0.000038879 1.000000000 -0.003048630
0.999999940 -0.000207415 -0.000153014 0.002975590 0.000207432 1.000000000 0.000112743 -0.000458503 0.000152991 -0.000112774 1.000000000 -0.006818603
0.999999940 -0.000309524 -0.000147264 0.000533049 0.000309536 0.999999940 0.000077854 0.000044224 0.000147239 -0.000077899 1.000000000 -0.004226483
0.999999940 -0.000257776 -0.000166045 0.001278233 0.000257799 0.999999940 0.000142342 -0.000436994 0.000166008 -0.000142384 1.000000000 -0.003453159
0.999999940 -0.000288543 -0.000186520 0.002687189 0.000288550 0.999999940 0.000037433 -0.001049036 0.000186509 -0.000037487 1.000000000 -0.000012651
0.999999940 -0.000247165 -0.000100068 0.001468068 0.000247110 0.999999821 -0.000549299 -0.000715274 0.000100204 0.000549275 0.999999821 0.048670694
1.000000000 -0.000121549 -0.000151136 0.001873241 0.000121380 0.999999344 -0.001122681 -0.003272946 0.000151272 0.001122663 0.999999344 0.140443400
1.000000000 -0.000186140 -0.000155694 0.005254822 0.000185918 0.999998987 -0.001429025 -0.007536724 0.000155960 0.001428996 0.999998987 0.253910929
1.000000000 -0.000197553 -0.000077772 0.006007930 0.000197444 0.999998987 -0.001405690 -0.012460302 0.000078050 0.001405674 0.999998987 0.389555722
0.999999940 -0.000130891 -0.000206906 0.011082293 0.000130661 0.999999344 -0.001112198 -0.019270835 0.000207052 0.001112171 0.999999344 0.524235249
1.000000000 -0.000175140 -0.000105903 0.012601851 0.000175030 0.999999464 -0.001031247 -0.022362506 0.000106083 0.001031228 0.999999464 0.685011268
1.000000000 -0.000133038 -0.000120641 0.020106714 0.000132924 0.999999523 -0.000946580 -0.025618652 0.000120767 0.000946564 0.999999523 0.844874024
0.999999940 0.000329065 0.000079591 0.017383449 -0.000328999 0.999999583 -0.000818167 -0.025661932 -0.000079860 0.000818141 0.999999642 1.022321820
0.999999940 -0.000149856 -0.000207093 0.028762633 0.000149743 0.999999821 -0.000542691 -0.037981786 0.000207174 0.000542660 0.999999821 1.178851247
1.000000000 0.000109065 0.000028636 0.029769126 -0.000109055 0.999999940 -0.000346434 -0.040651035 -0.000028673 0.000346431 0.999999940 1.368880272
0.999999881 0.000210270 0.000410920 0.031730849 -0.000210136 0.999999881 -0.000325501 -0.038398366 -0.000410988 0.000325415 0.999999881 1.571832299
0.999999762 -0.000049743 0.000664758 0.032486346 0.000049941 0.999999940 -0.000298464 -0.042552195 -0.000664743 0.000298497 0.999999702 1.768117666
0.999999881 -0.000271560 0.000459023 0.041625772 0.000271497 1.000000000 0.000137514 -0.050766606 -0.000459060 -0.000137389 0.999999881 1.971109271
0.999999583 0.000340712 0.000857887 0.039471000 -0.000340783 0.999999940 0.000082443 -0.056393504 -0.000857859 -0.000082735 0.999999642 2.185740471
0.999999940 -0.000065005 0.000251880 0.046109911 0.000064878 0.999999881 0.000505056 -0.068788379 -0.000251913 -0.000505040 0.999999821 2.400202513
0.999999940 -0.000040521 0.000209573 0.053273402 0.000040433 0.999999940 0.000417390 -0.075984851 -0.000209590 -0.000417382 0.999999881 2.622501135
0.999999940 -0.000059646 0.000283170 0.058341946 0.000059521 0.999999940 0.000441964 -0.082912281 -0.000283196 -0.000441947 0.999999821 2.855641127
0.999999881 0.000139159 0.000440934 0.061201375 -0.000139327 0.999999940 0.000379971 -0.085649505 -0.000440881 -0.000380032 0.999999821 3.086319447
0.999999881 0.000066050 0.000374712 0.063515052 -0.000066201 0.999999940 0.000404422 -0.093585476 -0.000374685 -0.000404447 0.999999821 3.326207638
0.999999762 0.000288147 0.000585744 0.068001583 -0.000288468 0.999999821 0.000548574 -0.102355510 -0.000585586 -0.000548742 0.999999642 3.589255571
0.999999702 0.000190178 0.000646681 0.081231616 -0.000190821 0.999999464 0.000994720 -0.110830374 -0.000646491 -0.000994843 0.999999225 3.806403160
0.999999702 0.000338676 0.000636706 0.088361189 -0.000339349 0.999999404 0.001057005 -0.117590241 -0.000636348 -0.001057221 0.999999225 4.067311764
0.999999583 0.000464075 0.000873209 0.088229910 -0.000465246 0.999998927 0.001340660 -0.122514486 -0.000872586 -0.001341066 0.999998748 4.325614452
0.999999762 0.000255616 0.000669435 0.086869135 -0.000256757 0.999998510 0.001704475 -0.142202169 -0.000668998 -0.001704647 0.999998271 4.574490547
0.999999583 0.000153283 0.000934112 0.092037901 -0.000154982 0.999998271 0.001819808 -0.149878129 -0.000933832 -0.001819951 0.999997914 4.828611374
0.999999762 0.000021171 0.000745564 0.099965960 -0.000022705 0.999997854 0.002057067 -0.159575254 -0.000745519 -0.002057084 0.999997616 5.094321728
0.999999762 -0.000218688 0.000605558 0.104039110 0.000217653 0.999998510 0.001708788 -0.165142804 -0.000605931 -0.001708656 0.999998331 5.344324589
0.999999881 -0.000012564 0.000472391 0.111999892 0.000011739 0.999998450 0.001744881 -0.175684035 -0.000472412 -0.001744876 0.999998271 5.605821609
0.999999881 0.000010013 0.000583650 0.114504300 -0.000010979 0.999998689 0.001655598 -0.179275885 -0.000583632 -0.001655604 0.999998450 5.890069962
0.999999821 -0.000247049 0.000587395 0.121022701 0.000245978 0.999998331 0.001822583 -0.193744183 -0.000587844 -0.001822439 0.999998152 6.160086155
0.999999821 -0.000003822 0.000745474 0.126392692 0.000002427 0.999998212 0.001871039 -0.199995473 -0.000745480 -0.001871037 0.999997973 6.427662373
0.999999464 0.000398799 0.000902046 0.134053484 -0.000400383 0.999998331 0.001756578 -0.217866018 -0.000901344 -0.001756938 0.999998033 6.679209709
0.999999702 0.000372104 0.000662726 0.142486081 -0.000373148 0.999998689 0.001575335 -0.224216625 -0.000662139 -0.001575582 0.999998569 6.979144573
0.999999702 0.000034115 0.000739835 0.151797473 -0.000035336 0.999998569 0.001650919 -0.234395087 -0.000739778 -0.001650945 0.999998391 7.263600826
0.999999642 0.000321086 0.000848630 0.160159677 -0.000322613 0.999998391 0.001799581 -0.247958943 -0.000848050 -0.001799854 0.999998033 7.570758343
0.999999583 0.000048570 0.000889498 0.168926880 -0.000050335 0.999998033 0.001983795 -0.263755113 -0.000889399 -0.001983839 0.999997616 7.892396927
0.999998510 0.000864998 0.001450490 0.160059035 -0.000868446 0.999996781 0.002378131 -0.280958682 -0.001448429 -0.002379387 0.999996126 8.219508171
0.999998450 0.000943522 0.001462376 0.172240198 -0.000947108 0.999996483 0.002453753 -0.291283250 -0.001460056 -0.002455134 0.999995947 8.542538643
0.999998093 0.001294702 0.001447053 0.176727206 -0.001298355 0.999995947 0.002526388 -0.296970069 -0.001443777 -0.002528262 0.999995768 8.877329826
0.999997973 0.001128752 0.001642180 0.184324399 -0.001132974 0.999996006 0.002572166 -0.309182107 -0.001639270 -0.002574021 0.999995351 9.207394600
0.999998450 0.000768165 0.001533049 0.186781257 -0.000772030 0.999996483 0.002522238 -0.320326626 -0.001531106 -0.002523417 0.999995649 9.523921967
0.999997497 0.001259041 0.001820240 0.198294297 -0.001263962 0.999995530 0.002704875 -0.331181496 -0.001816826 -0.002707169 0.999994695 9.863262177
0.999998033 0.000816320 0.001750645 0.201316625 -0.000821143 0.999995828 0.002755893 -0.343609124 -0.001748388 -0.002757325 0.999994695 10.227031708
0.999998450 0.000665322 0.001566999 0.214610681 -0.000669722 0.999995887 0.002808650 -0.350230515 -0.001565124 -0.002809696 0.999994814 10.598649979
0.999998391 0.000898103 0.001542560 0.222079843 -0.000902967 0.999994636 0.003156017 -0.368882447 -0.001539717 -0.003157404 0.999993801 10.941578865
0.999998271 0.000910306 0.001623405 0.231893376 -0.000915713 0.999994099 0.003332912 -0.382072330 -0.001620361 -0.003334393 0.999993145 11.317266464
0.999997616 0.001280263 0.001739056 0.239207983 -0.001286017 0.999993742 0.003311903 -0.388262808 -0.001734804 -0.003314131 0.999993026 11.709165573
0.999997377 0.001424927 0.001775960 0.250703007 -0.001431312 0.999992549 0.003599394 -0.405157149 -0.001770818 -0.003601926 0.999991953 12.071002960
0.999997735 0.001138489 0.001794894 0.258817792 -0.001144583 0.999993563 0.003397829 -0.412413508 -0.001791014 -0.003399876 0.999992609 12.452816010
0.999997497 0.001134073 0.001923808 0.265417188 -0.001140518 0.999993742 0.003352377 -0.422550678 -0.001919994 -0.003354562 0.999992549 12.853839874
0.999997675 0.001140734 0.001813676 0.281132430 -0.001147033 0.999993324 0.003476082 -0.439046443 -0.001809699 -0.003478154 0.999992311 13.248008728
0.999997258 0.001172818 0.002017389 0.285165042 -0.001179860 0.999993145 0.003492914 -0.443223834 -0.002013278 -0.003495285 0.999991894 13.664646149
0.999997437 0.001325765 0.001822662 0.308705688 -0.001332567 0.999992132 0.003735867 -0.461217433 -0.001817694 -0.003738286 0.999991357 14.052642822
0.999997675 0.000518983 0.002096925 0.306991398 -0.000527462 0.999991655 0.004044897 -0.488725185 -0.002094809 -0.004045994 0.999989569 14.463648796
0.999997437 -0.000289434 0.002246272 0.317374647 0.000280114 0.999991357 0.004148078 -0.496462405 -0.002247453 -0.004147438 0.999988914 14.884737015
0.999996901 -0.000270418 0.002504490 0.333098024 0.000259400 0.999990284 0.004398575 -0.517621517 -0.002505655 -0.004397911 0.999987245 15.306018829
0.999994576 0.000621243 0.003224729 0.333595097 -0.000635689 0.999989688 0.004480423 -0.522206783 -0.003221913 -0.004482449 0.999984801 15.760666847
0.999994636 0.000605321 0.003227302 0.340243697 -0.000621847 0.999986708 0.005122142 -0.545433760 -0.003224159 -0.005124122 0.999981701 16.164710999
0.999993622 0.000706303 0.003512469 0.348647028 -0.000724300 0.999986589 0.005124975 -0.556251884 -0.003508802 -0.005127485 0.999980748 16.610401154
0.999993861 0.000473757 0.003464685 0.364288956 -0.000491364 0.999986887 0.005082675 -0.570198119 -0.003462232 -0.005084347 0.999981105 17.049570084
0.999992847 -0.000242123 0.003769444 0.372554064 0.000222362 0.999986172 0.005242100 -0.580931127 -0.003770661 -0.005241224 0.999979198 17.521081924
0.999992013 -0.000506419 0.003949604 0.386189729 0.000487117 0.999987900 0.004886334 -0.588634849 -0.003952031 -0.004884371 0.999980330 17.987859726
0.999991179 -0.000136454 0.004201648 0.404157877 0.000112462 0.999983609 0.005709676 -0.613655150 -0.004202358 -0.005709153 0.999974847 18.409481049
0.999991417 0.000167875 0.004165919 0.413964629 -0.000191300 0.999984145 0.005623274 -0.624151886 -0.004164909 -0.005624022 0.999975502 18.870597839
0.999990880 0.000498818 0.004248939 0.435640514 -0.000522769 0.999983966 0.005637574 -0.636516273 -0.004246059 -0.005639744 0.999975085 19.347904205
0.999991357 0.000450898 0.004129161 0.446869969 -0.000477423 0.999979258 0.006425057 -0.674644947 -0.004126179 -0.006426972 0.999970794 19.778795242
0.999991119 0.000245901 0.004199520 0.458849728 -0.000271153 0.999981940 0.006013711 -0.681447983 -0.004197965 -0.006014798 0.999973059 20.275552750
0.999993861 -0.000134091 0.003496304 0.477002084 0.000112088 0.999980211 0.006292740 -0.698405623 -0.003497079 -0.006292311 0.999974132 20.753761292
0.999997079 -0.000702618 0.002307062 0.484681159 0.000688597 0.999981344 0.006072705 -0.715139747 -0.002311286 -0.006071099 0.999978900 21.241683960
0.999997973 -0.000852829 0.001813836 0.493541002 0.000841785 0.999981165 0.006080561 -0.729181767 -0.001818988 -0.006079023 0.999979854 21.734901428
0.999998212 -0.000680397 0.001727473 0.503693581 0.000669848 0.999981165 0.006100107 -0.741657138 -0.001731591 -0.006098940 0.999979973 22.253704071
0.999998927 -0.000364828 0.001388804 0.512908280 0.000356511 0.999982059 0.005983641 -0.753433228 -0.001390962 -0.005983139 0.999981165 22.761598587
0.999999285 -0.001123334 0.000476576 0.532889903 0.001119956 0.999974668 0.007030479 -0.794541299 -0.000484462 -0.007029939 0.999975145 23.220554352
0.999995768 -0.002898049 -0.000436447 0.544583678 0.002900936 0.999972939 0.006763740 -0.806347370 0.000416833 -0.006764977 0.999976993 23.739524841
0.999999762 -0.000713070 -0.000095250 0.536067545 0.000713712 0.999975801 0.006911678 -0.827674389 0.000090319 -0.006911743 0.999976099 24.256261826
0.999999702 -0.000350939 -0.000711725 0.545714319 0.000356015 0.999974430 0.007143992 -0.840145946 0.000709200 -0.007144243 0.999974191 24.791948318
0.999998987 0.000161366 -0.001393440 0.551180303 -0.000151216 0.999973416 0.007281171 -0.848665535 0.001394578 -0.007280952 0.999972522 25.318635941
0.999997854 -0.000658235 -0.001975085 0.557608008 0.000673094 0.999971330 0.007531846 -0.856756806 0.001970071 -0.007533159 0.999969661 25.817794800
0.999996483 -0.001351718 -0.002315653 0.564505577 0.001369697 0.999968767 0.007780297 -0.867905498 0.002305064 -0.007783441 0.999966979 26.370643616
0.999993861 -0.001167190 -0.003315472 0.589149654 0.001193192 0.999968410 0.007851679 -0.881588697 0.003306203 -0.007855586 0.999963641 26.932573318
0.999993920 -0.000750201 -0.003394970 0.591857493 0.000777292 0.999967933 0.007985607 -0.904187083 0.003388869 -0.007988200 0.999962270 27.422941208
0.999993742 -0.000853954 -0.003453925 0.594730079 0.000882136 0.999966323 0.008166240 -0.912548602 0.003446835 -0.008169236 0.999960601 27.973682404
0.999991775 -0.000721543 -0.003986806 0.611186743 0.000755991 0.999962270 0.008645919 -0.936132550 0.003980417 -0.008648863 0.999954641 28.512113571
0.999988854 -0.001201548 -0.004570857 0.621270716 0.001239712 0.999964297 0.008355655 -0.949211478 0.004560654 -0.008361226 0.999954641 29.002260208
0.999987483 -0.001575640 -0.004750953 0.629403174 0.001616861 0.999960959 0.008685068 -0.965643048 0.004737083 -0.008692641 0.999951005 29.533613205
0.999987125 -0.000932032 -0.004989429 0.629851460 0.000973223 0.999965429 0.008259551 -0.971848845 0.004981559 -0.008264301 0.999953389 30.057954788
0.999987066 -0.000807628 -0.005016556 0.634893715 0.000848839 0.999965847 0.008218423 -0.981634021 0.005009747 -0.008222573 0.999953628 30.600973129
0.999983609 -0.001216925 -0.005596658 0.652734876 0.001262824 0.999965489 0.008204774 -0.996520579 0.005586480 -0.008211706 0.999950707 31.128232956
0.999980867 -0.001231930 -0.006065820 0.681311369 0.001284973 0.999960899 0.008748317 -1.029542685 0.006054806 -0.008755944 0.999943316 31.644302368
0.999978185 -0.001975072 -0.006299442 0.671779633 0.002031400 0.999957919 0.008947881 -1.037160158 0.006281504 -0.008960481 0.999940097 32.170993805
0.999977350 -0.001564243 -0.006549198 0.679482996 0.001622099 0.999959648 0.008837981 -1.048150539 0.006535109 -0.008848405 0.999939501 32.714477539
0.999977112 -0.001483724 -0.006595322 0.684829533 0.001541493 0.999960423 0.008762725 -1.058911920 0.006582060 -0.008772691 0.999939859 33.247188568
0.999975920 -0.001053482 -0.006854026 0.685908377 0.001114927 0.999959230 0.008967245 -1.067664504 0.006844299 -0.008974670 0.999936283 33.801128387
0.999973714 -0.001847878 -0.007028938 0.698678732 0.001912206 0.999956250 0.009156101 -1.095963597 0.007011712 -0.009169302 0.999933362 34.309036255
0.999972701 -0.001716871 -0.007186772 0.705378890 0.001782555 0.999956608 0.009143130 -1.105953932 0.007170763 -0.009155691 0.999932349 34.854675293
0.999970973 -0.001983983 -0.007356810 0.711666584 0.002051114 0.999956250 0.009128719 -1.112502456 0.007338378 -0.009143544 0.999931276 35.417694092
0.999970496 -0.001405336 -0.007552978 0.718319058 0.001473037 0.999958634 0.008965333 -1.132058501 0.007540067 -0.008976195 0.999931276 35.970413208
0.999974966 0.000009199 -0.007091812 0.704701066 0.000053475 0.999960899 0.008837298 -1.142690897 0.007091616 -0.008837454 0.999935806 36.450862885
0.999969840 -0.001797339 -0.007554777 0.728977501 0.001868036 0.999954462 0.009361283 -1.160216928 0.007537609 -0.009375115 0.999927640 36.922821045
0.999968469 -0.002118667 -0.007652861 0.740323424 0.002191464 0.999952376 0.009516560 -1.170089841 0.007632335 -0.009533028 0.999925435 37.472114563
0.999968946 -0.001579375 -0.007714539 0.744771898 0.001654514 0.999951243 0.009743348 -1.183600307 0.007698774 -0.009755812 0.999922812 37.999153137
0.999966681 -0.001690175 -0.007984146 0.759404182 0.001765107 0.999954402 0.009387445 -1.191537738 0.007967916 -0.009401225 0.999924004 38.548042297
0.999965072 -0.000684763 -0.008332240 0.775152087 0.000759828 0.999959171 0.009009192 -1.211336613 0.008325731 -0.009015209 0.999924719 39.094829559
0.999963045 -0.001781756 -0.008409107 0.773738742 0.001867676 0.999946117 0.010220701 -1.246402979 0.008390443 -0.010236030 0.999912322 39.595706940
0.999963582 -0.001788013 -0.008341626 0.779559135 0.001872704 0.999946654 0.010156175 -1.260531783 0.008323021 -0.010171426 0.999913633 40.149162292
0.999962866 -0.001069450 -0.008550743 0.784892738 0.001153885 0.999950588 0.009875735 -1.258993745 0.008539760 -0.009885235 0.999914646 40.699798584
0.999959111 -0.001543691 -0.008904980 0.794575751 0.001632261 0.999949217 0.009947523 -1.272130966 0.008889169 -0.009961653 0.999910831 41.250118256
0.999958515 -0.001204264 -0.009023138 0.812011123 0.001289967 0.999954045 0.009498319 -1.279502034 0.009011285 -0.009509563 0.999914169 41.805438995
0.999956906 -0.002206333 -0.009013054 0.806673884 0.002300773 0.999942422 0.010481188 -1.299911261 0.008989409 -0.010501472 0.999904454 42.243457794
0.999955595 -0.002270405 -0.009143317 0.814628482 0.002365680 0.999942899 0.010422885 -1.310377836 0.009119129 -0.010444053 0.999903917 42.801624298
0.999955714 -0.002075856 -0.009178339 0.820527911 0.002170647 0.999944270 0.010329866 -1.317831516 0.009156386 -0.010349333 0.999904513 43.307308197
0.999955356 -0.001915196 -0.009252158 0.828652143 0.002010829 0.999944508 0.010338098 -1.330005169 0.009231845 -0.010356240 0.999903738 43.841926575
0.999955475 -0.002003020 -0.009215806 0.833705783 0.002099721 0.999942720 0.010495308 -1.343712568 0.009194255 -0.010514194 0.999902427 44.372051239
0.999957442 -0.001792676 -0.009043596 0.838798821 0.001886441 0.999944448 0.010370359 -1.353057146 0.009024504 -0.010386979 0.999905348 44.907737732
0.999961019 -0.001590543 -0.008681602 0.835056007 0.001683217 0.999941587 0.010677894 -1.369171619 0.008664111 -0.010692091 0.999905288 45.415058136
0.999960124 -0.001533343 -0.008795727 0.840966582 0.001628320 0.999940336 0.010801140 -1.382126808 0.008778642 -0.010815035 0.999902904 45.941177368
0.999955654 -0.001520158 -0.009286682 0.852243423 0.001616956 0.999944329 0.010424726 -1.382437468 0.009270317 -0.010439280 0.999902546 46.500038147
0.999955893 -0.001638757 -0.009244736 0.858982325 0.001732084 0.999947488 0.010096258 -1.387089014 0.009227706 -0.010111825 0.999906361 47.048820496
0.999955535 -0.001846902 -0.009238072 0.867650449 0.001942278 0.999944806 0.010325939 -1.405578136 0.009218490 -0.010343425 0.999904037 47.547687531
0.999952376 -0.002174590 -0.009510321 0.881686568 0.002273409 0.999943316 0.010392306 -1.419824600 0.009487183 -0.010413433 0.999900758 48.090000153
0.999952078 -0.002110448 -0.009552979 0.881839216 0.002208776 0.999944568 0.010294098 -1.425915122 0.009530723 -0.010314706 0.999901354 48.615337372
0.999961376 -0.000918158 -0.008735612 0.874392033 0.001005920 0.999948978 0.010047367 -1.429172039 0.008725940 -0.010055767 0.999911427 49.199504852
0.999953508 -0.001783329 -0.009477835 0.888065577 0.001881193 0.999945045 0.010326632 -1.448502779 0.009458897 -0.010343983 0.999901772 49.653747559
0.999954283 -0.001558607 -0.009434964 0.891141534 0.001656811 0.999944508 0.010409744 -1.455064297 0.009418213 -0.010424901 0.999901295 50.204853058
0.999952972 -0.001724597 -0.009544232 0.894000292 0.001822039 0.999946177 0.010210205 -1.463400245 0.009526110 -0.010227116 0.999902308 50.734046936
0.999952435 -0.001960339 -0.009552985 0.902691901 0.002056466 0.999947250 0.010063185 -1.473227024 0.009532755 -0.010082354 0.999903679 51.261318207
0.999954224 -0.001561930 -0.009437687 0.905638516 0.001658498 0.999946177 0.010233072 -1.484977007 0.009421197 -0.010248257 0.999903083 51.790000916
0.999951005 -0.001950328 -0.009700114 0.914912581 0.002049580 0.999945462 0.010232618 -1.496911764 0.009679630 -0.010251999 0.999900579 52.337120056
0.999951363 -0.001645086 -0.009721047 0.920432031 0.001747423 0.999943078 0.010528283 -1.518935084 0.009703174 -0.010544757 0.999897301 52.867477417
0.999955714 -0.001388140 -0.009309508 0.928898096 0.001481890 0.999948204 0.010071071 -1.512961149 0.009295046 -0.010084421 0.999905884 53.350120544
0.999951959 -0.001527316 -0.009681282 0.944563568 0.001624720 0.999948025 0.010061272 -1.528872490 0.009665412 -0.010076519 0.999902546 53.993583679
0.999957502 -0.001141342 -0.009145946 0.931073189 0.001231215 0.999950886 0.009826928 -1.530684471 0.009134282 -0.009837772 0.999909818 54.424812317
0.999958038 -0.001298340 -0.009068889 0.940390348 0.001388035 0.999950111 0.009891137 -1.535085559 0.009055593 -0.009903311 0.999909937 54.966846466
0.999960184 -0.001198418 -0.008839870 0.941480815 0.001284780 0.999951363 0.009770397 -1.550288796 0.008827731 -0.009781364 0.999913096 55.513706207
0.999958813 -0.001448832 -0.008959576 0.953998327 0.001540217 0.999946833 0.010201233 -1.566904902 0.008944319 -0.010214612 0.999907792 56.042655945
0.999958158 -0.001336408 -0.009048644 0.973586559 0.001428071 0.999947608 0.010131212 -1.571254492 0.009034632 -0.010143711 0.999907732 56.548103333
0.999955475 -0.001105684 -0.009376300 0.985981047 0.001198741 0.999949992 0.009924898 -1.576345444 0.009364859 -0.009935697 0.999906719 57.187629700
0.999950588 -0.001776270 -0.009780262 0.993251979 0.001872462 0.999949813 0.009835020 -1.593404055 0.009762304 -0.009852847 0.999903738 57.771980286
0.999952674 -0.001275311 -0.009635254 0.992097378 0.001369988 0.999950707 0.009825950 -1.603238225 0.009622249 -0.009838689 0.999905229 58.294319153
0.999953091 -0.001410036 -0.009573266 0.999920487 0.001501065 0.999953628 0.009508197 -1.610379934 0.009559414 -0.009522125 0.999908924 58.837265015
0.999953985 -0.001645198 -0.009441603 1.013127685 0.001737009 0.999951184 0.009724118 -1.617091656 0.009425145 -0.009740073 0.999908090 59.372833252
0.999940336 -0.002541053 -0.010618282 1.046088696 0.002646242 0.999947429 0.009904096 -1.640867591 0.010592559 -0.009931606 0.999894500 59.876815796
0.999946535 -0.001758173 -0.010186507 1.054536819 0.001862136 0.999946117 0.010205506 -1.647675037 0.010168015 -0.010223932 0.999895990 60.377941132
0.999946713 -0.001749445 -0.010174422 1.019427419 0.001851261 0.999948084 0.010006228 -1.655840158 0.010156391 -0.010024532 0.999898136 61.035854340
0.999955714 -0.001632586 -0.009268630 1.013705850 0.001734392 0.999938130 0.010986556 -1.719774246 0.009250120 -0.011002144 0.999896705 61.373786926
0.999956429 -0.001396553 -0.009223783 1.010782719 0.001499255 0.999936819 0.011136947 -1.721999764 0.009207646 -0.011150291 0.999895453 61.939788818
0.999951601 -0.001830810 -0.009659978 1.025951147 0.001940703 0.999933422 0.011378987 -1.742319345 0.009638500 -0.011397183 0.999888659 62.485256195
0.999954581 -0.001490191 -0.009412442 1.021023989 0.001599519 0.999931216 0.011618440 -1.758299470 0.009394482 -0.011632969 0.999888241 62.987106323
0.999958158 -0.001340491 -0.009045688 1.012934685 0.001447469 0.999928951 0.011830281 -1.765648365 0.009029187 -0.011842879 0.999889135 63.567356110
0.999955535 -0.001601104 -0.009292942 1.020496368 0.001705401 0.999935508 0.011226141 -1.778310418 0.009274368 -0.011241489 0.999893725 64.065345764
0.999949276 -0.002838112 -0.009668111 1.037015200 0.002948557 0.999930322 0.011428676 -1.785828114 0.009635000 -0.011456603 0.999887884 64.618049622
0.999949634 -0.002790734 -0.009639787 1.042116046 0.002902244 0.999928832 0.011573068 -1.792256474 0.009606802 -0.011600460 0.999886572 65.171119690
0.999951959 -0.002397035 -0.009509905 1.045961142 0.002504972 0.999932349 0.011354286 -1.800283432 0.009482047 -0.011377562 0.999890268 65.718170166
0.999948204 -0.002967065 -0.009736575 1.043196201 0.003076789 0.999931693 0.011273646 -1.817259550 0.009702460 -0.011303018 0.999889016 66.241645813
0.999946475 -0.002736501 -0.009971472 1.052651405 0.002849688 0.999931395 0.011354709 -1.827341437 0.009939715 -0.011382516 0.999885798 66.803588867
0.999959350 -0.000801466 -0.008984049 1.046508074 0.000904082 0.999934316 0.011423807 -1.852499962 0.008974302 -0.011431466 0.999894381 67.274444580
0.999950647 -0.002237971 -0.009679523 1.064576149 0.002350300 0.999929845 0.011609046 -1.858149052 0.009652861 -0.011631223 0.999885798 67.821395874
0.999952674 -0.001767827 -0.009569982 1.074532032 0.001879639 0.999929845 0.011687285 -1.876123667 0.009548650 -0.011704719 0.999885917 68.357391357
0.999953330 -0.001665453 -0.009514694 1.073080301 0.001774442 0.999932766 0.011457886 -1.873540998 0.009494971 -0.011474234 0.999889016 68.880493164
0.999952972 -0.001730178 -0.009549018 1.096029997 0.001836232 0.999936581 0.011108736 -1.884996057 0.009529191 -0.011125747 0.999892652 69.448348999
0.999958515 -0.001396206 -0.009005534 1.067584276 0.001496574 0.999936700 0.011148052 -1.890434504 0.008989400 -0.011161068 0.999897301 69.939056396
0.999959826 -0.000720344 -0.008927171 1.081089258 0.000822483 0.999934196 0.011443017 -1.910163641 0.008918342 -0.011449902 0.999894679 70.383590698
0.999958098 -0.000439476 -0.009141910 1.085753679 0.000540806 0.999938428 0.011084613 -1.920071363 0.009136476 -0.011089094 0.999896765 70.923645020
0.999957621 -0.001158329 -0.009135840 1.082575321 0.001263053 0.999933481 0.011465587 -1.924643278 0.009121952 -0.011476641 0.999892533 71.504730225
0.999957860 -0.000937071 -0.009123114 1.103348494 0.001042541 0.999932528 0.011562854 -1.939621210 0.009111663 -0.011571878 0.999891520 72.002349854
0.999952674 -0.001214118 -0.009653747 1.143179655 0.001324212 0.999934018 0.011406006 -1.949701309 0.009639262 -0.011418249 0.999888361 72.606475830
0.999958098 -0.001137293 -0.009083821 1.113426805 0.001240929 0.999934077 0.011411355 -1.958446026 0.009070244 -0.011422152 0.999893546 73.072349548
0.999954760 -0.001182377 -0.009435894 1.123062015 0.001287511 0.999937057 0.011143642 -1.968438268 0.009422123 -0.011155287 0.999893367 73.615966797
0.999950707 -0.001669572 -0.009786909 1.139548421 0.001777251 0.999937892 0.011003979 -1.981746435 0.009767927 -0.011020829 0.999891520 74.138023376
0.999953449 -0.001149951 -0.009579296 1.135870457 0.001253191 0.999941111 0.010778331 -1.982853174 0.009566337 -0.010789834 0.999895990 74.683853149
0.999956429 -0.001208554 -0.009254887 1.126177549 0.001308177 0.999941230 0.010765906 -1.998806000 0.009241330 -0.010777545 0.999899209 75.213043213
0.999966323 -0.001241222 -0.008095168 1.062654734 0.001334450 0.999932706 0.011521325 -2.038624525 0.008080322 -0.011531741 0.999900818 75.668624878
0.999960244 -0.000647718 -0.008892667 1.127563477 0.000750000 0.999933481 0.011503348 -2.030256271 0.008884626 -0.011509562 0.999894202 76.252967834
0.999963462 -0.000744845 -0.008516188 1.132099628 0.000843811 0.999932110 0.011623180 -2.038558245 0.008506953 -0.011629940 0.999896109 76.809646606
0.999960363 -0.001079764 -0.008836701 1.144622326 0.001179960 0.999934971 0.011341236 -2.045264482 0.008823882 -0.011351217 0.999896586 77.336975098
0.999961495 -0.000935569 -0.008724740 1.149447799 0.001033482 0.999936402 0.011224667 -2.056241274 0.008713682 -0.011233252 0.999898911 77.877593994
0.999963045 -0.000523558 -0.008579579 1.153459311 0.000618827 0.999938130 0.011105288 -2.068033695 0.008573234 -0.011110187 0.999901533 78.406684875
0.999965250 -0.001089929 -0.008262333 1.161400080 0.001180640 0.999939024 0.010981917 -2.072702646 0.008249858 -0.010991291 0.999905586 78.953117371
0.999976277 -0.000649718 -0.006859307 1.166773796 0.000723871 0.999941230 0.010813550 -2.079385281 0.006851879 -0.010818258 0.999917984 79.486511230
0.999985158 -0.000458113 -0.005419086 1.173421621 0.000517427 0.999939859 0.010948929 -2.096033573 0.005413745 -0.010951572 0.999925315 80.035926819
0.999991834 -0.000582629 -0.004006400 1.189765453 0.000625637 0.999942124 0.010741913 -2.102616787 0.003999910 -0.010744330 0.999934256 80.563621521
0.999999642 -0.000685360 -0.000536754 1.205849648 0.000691084 0.999942064 0.010737447 -2.111810684 0.000529364 -0.010737814 0.999942183 81.113143921
0.999993920 -0.001054202 0.003313276 1.232297778 0.001018525 0.999941707 0.010751353 -2.125830173 -0.003324416 -0.010747914 0.999936700 81.639533997
0.999980688 -0.000882531 0.006156534 1.248676896 0.000816608 0.999942422 0.010702129 -2.126276255 -0.006165626 -0.010696897 0.999923706 82.217338562
0.999934077 -0.000089174 0.011479706 1.271054506 -0.000036456 0.999940157 0.010943023 -2.119802713 -0.011479994 -0.010942718 0.999874175 82.787658691
0.999862373 -0.000957091 0.016564105 1.309017897 0.000782912 0.999944389 0.010518727 -2.149095535 -0.016573254 -0.010504308 0.999807477 83.286376953
0.999761581 -0.001251254 0.021802327 1.344167233 0.001026202 0.999946117 0.010330508 -2.160557747 -0.021814082 -0.010305669 0.999708891 83.828933716
0.999603271 -0.000607245 0.028157361 1.366215348 0.000312957 0.999945223 0.010454766 -2.160089254 -0.028162172 -0.010441806 0.999548852 84.399627686
0.999360979 -0.000897539 0.035734922 1.403618217 0.000532528 0.999947667 0.010222626 -2.170080662 -0.035742223 -0.010197063 0.999308944 84.961395264
0.999051392 -0.001647857 0.043516122 1.458325624 0.001214595 0.999949396 0.009980922 -2.176579952 -0.043530364 -0.009918601 0.999002814 85.497245789
0.998751998 -0.002571027 0.049877439 1.509816408 0.002080534 0.999948978 0.009883417 -2.185567856 -0.049900301 -0.009767312 0.998706400 86.043190002
0.998264253 -0.002092110 0.058857042 1.558964729 0.001492917 0.999946654 0.010222611 -2.200009823 -0.058875278 -0.010116998 0.998214066 86.550880432
0.997623861 -0.002404989 0.068853892 1.621153831 0.001715817 0.999947846 0.010066595 -2.210194349 -0.068874516 -0.009924532 0.997575939 87.099472046
0.997005045 -0.003072414 0.077275321 1.683875084 0.002288277 0.999944985 0.010233812 -2.219712496 -0.077302508 -0.010026331 0.996957362 87.632003784
0.996359587 -0.003095193 0.085193068 1.750762939 0.002277028 0.999950290 0.009699150 -2.226999044 -0.085218862 -0.009469857 0.996317208 88.169494629
0.995374978 -0.002652289 0.096029252 1.820543766 0.001728571 0.999951422 0.009701036 -2.232730627 -0.096050337 -0.009490175 0.995331287 88.706703186
0.994341969 -0.003877338 0.106155790 1.917414188 0.002844262 0.999947071 0.009881360 -2.253068447 -0.106188498 -0.009523517 0.994300425 89.257553101
0.993357182 -0.004326473 0.114990346 2.009731293 0.003203790 0.999945402 0.009946309 -2.261500120 -0.115027100 -0.009511833 0.993316829 89.808517456
0.992042303 -0.004450210 0.125826254 2.101637840 0.003200669 0.999943554 0.010131113 -2.269514322 -0.125864238 -0.009647766 0.992000639 90.350410461
0.990414083 -0.004852484 0.138044775 2.205026627 0.003461100 0.999940813 0.010317482 -2.292752981 -0.138086662 -0.009740793 0.990372241 90.870689392
0.988883853 -0.005618253 0.148583964 2.310848236 0.004191905 0.999942124 0.009911032 -2.299144268 -0.148631051 -0.009178010 0.988850117 91.425491333
0.987253606 -0.005861071 0.159046978 2.426476479 0.004376770 0.999943495 0.009681154 -2.308446407 -0.159094751 -0.008861641 0.987223566 91.977569580
0.985103905 -0.006216864 0.171847969 2.549364090 0.004599298 0.999941230 0.009809327 -2.321593285 -0.171898887 -0.008872825 0.985074639 92.506805420
0.982854307 -0.006337114 0.184275478 2.678031921 0.004614179 0.999941528 0.009777091 -2.330182552 -0.184326708 -0.008759176 0.982825935 93.080558777
0.980946541 -0.007259788 0.194142014 2.809422493 0.005533482 0.999940217 0.009432804 -2.334050655 -0.194198877 -0.008178795 0.980928004 93.628089905
0.978306830 -0.007466617 0.207026511 2.947612762 0.005598184 0.999938130 0.009609461 -2.344272375 -0.207085460 -0.008242027 0.978288174 94.153739929
0.975277305 -0.007595449 0.220853940 3.097070694 0.005547343 0.999935806 0.009892339 -2.358704329 -0.220914841 -0.008422622 0.975256860 94.692024231
0.972459912 -0.006875379 0.232968807 3.233896255 0.004654789 0.999938428 0.010080144 -2.365716219 -0.233023763 -0.008718117 0.972431898 95.229980469
0.969680309 -0.007869657 0.244250014 3.403322220 0.005585127 0.999933958 0.010044418 -2.376237869 -0.244312912 -0.008375708 0.969660282 95.744888306
0.966151714 -0.008261854 0.257842183 3.569501877 0.005855077 0.999931872 0.010100744 -2.387246132 -0.257908046 -0.008249165 0.966134250 96.257522583
0.962761998 -0.007977052 0.270232797 3.739387512 0.005412414 0.999933004 0.010234325 -2.393006086 -0.270296335 -0.008390607 0.962740719 96.814796448
0.959406853 -0.008277964 0.281904489 3.937446594 0.005566265 0.999930322 0.010418680 -2.402924538 -0.281971127 -0.008426599 0.959385812 97.403404236
0.955213845 -0.007958431 0.295809448 4.113229752 0.005171340 0.999934494 0.010203107 -2.396914482 -0.295871317 -0.008216418 0.955192447 97.924285889
0.950960875 -0.009541457 0.309164017 4.339874268 0.006511342 0.999920070 0.010831350 -2.427173615 -0.309242725 -0.008287116 0.950947046 98.439666748
0.947154999 -0.009624345 0.320631683 4.541790009 0.006578476 0.999922395 0.010581491 -2.428379536 -0.320708573 -0.007913044 0.947144806 98.975997925
0.942704439 -0.010089221 0.333476394 4.742267609 0.006872654 0.999917865 0.010823885 -2.438992977 -0.333558172 -0.007911855 0.942696273 99.482330322
0.937708437 -0.009898381 0.347282112 4.990043640 0.006444063 0.999917567 0.011100239 -2.454594612 -0.347363442 -0.008170879 0.937694967 100.036224365
0.933121622 -0.010545181 0.359406203 5.211460114 0.006895427 0.999910831 0.011435444 -2.464419842 -0.359494776 -0.008192402 0.933111072 100.552368164
0.928824842 -0.010396205 0.370373279 5.435256958 0.006753629 0.999915242 0.011130356 -2.472192764 -0.370457560 -0.007836788 0.928816259 101.052841187
0.923342884 -0.010538965 0.383831739 5.668666840 0.006642242 0.999912024 0.011476310 -2.478150845 -0.383918941 -0.008047065 0.923331738 101.559944153
0.917783737 -0.010955230 0.396929353 5.910938263 0.006924889 0.999908924 0.011585643 -2.486066818 -0.397020102 -0.007884423 0.917776048 102.060813904
0.912854493 -0.011161250 0.408132583 6.157867432 0.007146427 0.999909937 0.011360519 -2.496075869 -0.408222646 -0.007453810 0.912851989 102.550949097
0.906452119 -0.011773090 0.422144383 6.418857574 0.007542049 0.999903202 0.011691366 -2.503796816 -0.422241151 -0.007413831 0.906453192 103.062988281
0.900281131 -0.012298244 0.435135245 6.692958832 0.008243195 0.999903262 0.011205394 -2.511933804 -0.435230941 -0.006501101 0.900295436 103.522644043
0.894077241 -0.012917199 0.447726518 6.972427368 0.008539422 0.999893904 0.011794991 -2.518521309 -0.447831422 -0.006722305 0.894092739 104.034774780
0.888804197 -0.013831271 0.458078414 7.245193481 0.009295473 0.999882936 0.012154678 -2.526552200 -0.458192825 -0.006545071 0.888828695 104.500579834
0.881693006 -0.014264882 0.471607774 7.528728485 0.009678510 0.999879360 0.012149259 -2.532951355 -0.471724212 -0.006147458 0.881724715 104.983367920
0.874945700 -0.014819147 0.483994186 7.819400787 0.010076933 0.999872386 0.012397843 -2.539609432 -0.484116137 -0.005970262 0.874983370 105.445213318
