1.000000000 0.000000000 0.000000000 0.000000000 0.000000000 1.000000000 0.000000000 0.000000000 0.000000000 0.000000000 1.000000000 0.000000000
1.000000000 -0.000002186 0.000123991 -0.000952061 0.000002184 1.000000000 0.000016107 -0.000030484 -0.000123991 -0.000016107 1.000000000 0.000275503
1.000000000 0.000106453 0.000152519 -0.001533471 -0.000106459 1.000000000 0.000041783 0.000903559 -0.000152515 -0.000041799 1.000000000 0.001808534
1.000000000 0.000174555 -0.000021998 0.000208048 -0.000174551 1.000000000 0.000147631 -0.001120234 0.000022024 -0.000147627 1.000000000 -0.000441647
0.999999940 0.000242406 0.000145438 -0.001263031 -0.000242420 0.999999940 0.000095909 -0.000015847 -0.000145415 -0.000095944 1.000000000 0.000213481
1.000000000 -0.000006951 0.000014007 -0.000581731 0.000006950 1.000000000 0.000069670 -0.000164067 -0.000014008 -0.000069670 1.000000000 -0.000805652
1.000000000 0.000080868 0.000153468 -0.002320118 -0.000080865 1.000000000 -0.000021849 0.001539804 -0.000153469 0.000021837 1.000000000 0.003460447
1.000000000 -0.000050466 0.000182770 -0.001488463 0.000050450 1.000000000 0.000089455 0.000638613 -0.000182774 -0.000089446 1.000000000 0.003119943
1.000000000 0.000011560 0.000165416 -0.001418499 -0.000011550 1.000000000 -0.000060892 0.001506536 -0.000165417 0.000060890 1.000000000 0.002411406
1.000000000 -0.000012215 0.000198517 -0.001182921 0.000012208 1.000000000 0.000036063 0.000127347 -0.000198518 -0.000036061 1.000000000 0.000201295
1.000000000 -0.000104773 0.000193586 -0.000985176 0.000104775 1.000000000 -0.000013030 0.001502716 -0.000193585 0.000013051 1.000000000 0.002518385
1.000000000 0.000047466 0.000089482 -0.000574047 -0.000047470 1.000000000 0.000044027 -0.000063489 -0.000089480 -0.000044031 1.000000000 0.000751158
1.000000000 -0.000000046 0.000162678 -0.001466882 0.000000049 1.000000000 -0.000023241 0.001691183 -0.000162678 0.000023241 1.000000000 0.004123489
0.999999940 -0.000063260 0.000262002 -0.002403896 0.000063224 1.000000000 0.000138535 0.001006380 -0.000262011 -0.000138518 0.999999940 0.003924140
1.000000000 0.000016158 0.000162331 -0.002164561 -0.000016172 1.000000000 0.000081518 0.001101446 -0.000162330 -0.000081520 1.000000000 0.003557165
1.000000000 0.000106370 0.000101588 -0.001366382 -0.000106376 1.000000000 0.000059732 0.000392991 -0.000101582 -0.000059743 1.000000000 0.002074088
1.000000000 0.000063400 0.000173750 -0.001472943 -0.000063428 1.000000000 0.000166547 -0.001049258 -0.000173739 -0.000166558 1.000000000 -0.000249891
0.999999940 0.000172048 0.000339555 -0.002102883 -0.000172092 1.000000000 0.000128708 0.000051721 -0.000339533 -0.000128766 0.999999940 0.001463141
0.999999940 0.000190364 0.000281706 -0.003088684 -0.000190386 1.000000000 0.000076560 0.000396035 -0.000281691 -0.000076613 0.999999940 0.002775096
0.999999940 0.000195496 0.000190273 -0.002147516 -0.000195511 1.000000000 0.000077202 0.000813563 -0.000190258 -0.000077239 1.000000000 0.003638632
0.999999881 0.000356087 0.000306289 -0.003138631 -0.000356148 0.999999940 0.000196906 0.000396479 -0.000306219 -0.000197015 0.999999940 0.003698149
0.999999821 0.000493298 0.000342836 -0.003090574 -0.000493328 0.999999881 0.000088144 0.000084452 -0.000342793 -0.000088313 0.999999940 0.001494482
0.999999940 0.000144849 0.000260764 -0.002680644 -0.000144879 1.000000000 0.000114236 0.000577756 -0.000260747 -0.000114274 0.999999940 0.002672374
0.999999940 0.000086699 0.000331432 -0.001729012 -0.000086744 1.000000000 0.000135635 -0.000449638 -0.000331421 -0.000135664 0.999999940 0.001624925
0.999999940 0.000119574 0.000277118 -0.002526244 -0.000119580 1.000000000 0.000022069 0.000588025 -0.000277115 -0.000022103 0.999999940 0.000792950
0.999999940 0.000084074 0.000235109 -0.001277496 -0.000084069 1.000000000 -0.000021720 0.001158206 -0.000235110 0.000021700 1.000000000 0.001912119
0.999999940 0.000156842 0.000297003 -0.002375759 -0.000156865 1.000000000 0.000076556 0.000171966 -0.000296991 -0.000076603 0.999999940 0.001354265
0.999999940 0.000102594 0.000252432 -0.001508812 -0.000102596 1.000000000 0.000004612 0.001015011 -0.000252432 -0.000004637 0.999999940 0.002207331
0.999999881 0.000270021 0.000345231 -0.003093205 -0.000270011 0.999999940 -0.000027492 0.001017738 -0.000345239 0.000027399 0.999999940 0.001211886
0.999999940 0.000141199 0.000323807 -0.003640196 -0.000141205 1.000000000 0.000020591 0.001750211 -0.000323804 -0.000020637 0.999999940 0.003591778
0.999999940 0.000178403 0.000319864 -0.002965960 -0.000178431 1.000000000 0.000088751 0.000931517 -0.000319849 -0.000088808 0.999999940 0.003057702
0.999999940 0.000103879 0.000293043 -0.002297417 -0.000103918 1.000000000 0.000132041 0.000311096 -0.000293029 -0.000132071 0.999999940 0.001674857
0.999999881 0.000246710 0.000378769 -0.003930461 -0.000246711 0.999999940 0.000003130 0.001853589 -0.000378768 -0.000003224 0.999999940 0.003875390
0.999999881 0.000238236 0.000439951 -0.003192219 -0.000238254 1.000000000 0.000040131 0.000979371 -0.000439942 -0.000040235 0.999999881 0.002490899
0.999999940 0.000162607 0.000255192 -0.000912109 -0.000162638 1.000000000 0.000121853 -0.000195559 -0.000255172 -0.000121894 0.999999940 0.000286109
0.999999940 0.000260181 0.000279271 -0.002998197 -0.000260153 0.999999940 -0.000101511 0.003625917 -0.000279297 0.000101438 0.999999940 0.006465908
0.999999940 0.000156854 0.000298898 -0.003339890 -0.000156834 1.000000000 -0.000064903 0.004459882 -0.000298908 0.000064856 0.999999940 0.007147294
0.999999940 -0.000111354 0.000255003 -0.001170013 0.000111344 1.000000000 0.000036077 0.001328837 -0.000255007 -0.000036049 0.999999940 0.002684470
0.999999881 0.000286114 0.000330269 -0.002348185 -0.000286169 0.999999940 0.000167301 0.000801977 -0.000330221 -0.000167396 0.999999940 0.002865934
0.999999940 -0.000034943 0.000267448 -0.001948549 0.000034933 1.000000000 0.000034356 0.001677500 -0.000267450 -0.000034346 0.999999940 0.003198689
0.999999881 0.000115158 0.000460157 -0.003103352 -0.000115143 1.000000000 -0.000031627 0.001809193 -0.000460161 0.000031574 0.999999881 0.005045384
0.999999940 -0.000231676 0.000241427 0.000013601 0.000231877 0.999999642 -0.000835745 0.001148417 -0.000241233 0.000835801 0.999999642 0.055081781
0.999999881 0.000250662 0.000349031 -0.001345185 -0.000250280 0.999999344 -0.001092217 -0.005972079 -0.000349304 0.001092130 0.999999344 0.133044571
1.000000000 0.000223586 0.000097481 0.002885319 -0.000223419 0.999998510 -0.001704054 -0.002937445 -0.000097861 0.001704032 0.999998569 0.255817980
0.999999940 0.000258344 0.000060076 0.005053952 -0.000258272 0.999999225 -0.001198870 -0.012076548 -0.000060386 0.001198854 0.999999285 0.386077464
1.000000000 0.000119703 0.000155131 0.008568965 -0.000119549 0.999999523 -0.000990100 -0.016895395 -0.000155250 0.000990081 0.999999523 0.524768233
0.999999940 0.000381570 0.000105904 0.012648011 -0.000381477 0.999999523 -0.000874394 -0.025122132 -0.000106238 0.000874354 0.999999583 0.666902542
0.999999881 0.000396726 0.000343123 0.016196353 -0.000396391 0.999999464 -0.000974525 -0.024602041 -0.000343510 0.000974389 0.999999464 0.839743257
1.000000000 0.000081485 0.000067251 0.018231308 -0.000081434 0.999999702 -0.000761622 -0.027508551 -0.000067313 0.000761616 0.999999702 1.014396667
1.000000000 -0.000090195 0.000018493 0.021913564 0.000090202 0.999999940 -0.000368002 -0.033402648 -0.000018460 0.000368004 0.999999940 1.192575693
0.999999762 0.000533423 0.000436270 0.016343258 -0.000533129 0.999999642 -0.000673840 -0.034040671 -0.000436629 0.000673608 0.999999702 1.368935823
0.999999940 0.000211632 0.000250284 0.036450684 -0.000211598 0.999999940 -0.000133913 -0.050724961 -0.000250312 0.000133860 0.999999940 1.562090158
0.999999762 0.000518891 0.000385903 0.036489964 -0.000518839 0.999999881 -0.000135086 -0.052449476 -0.000385973 0.000134886 0.999999940 1.759573340
1.000000000 0.000126066 -0.000156370 0.042517234 -0.000126141 0.999999881 -0.000479054 -0.052874628 0.000156309 0.000479074 0.999999881 1.954582930
0.999999762 0.000565401 0.000199806 0.036021423 -0.000565451 0.999999821 0.000253406 -0.073374718 -0.000199663 -0.000253519 0.999999881 2.132388353
0.999999344 0.001042912 0.000129671 0.039834440 -0.001042891 0.999999464 -0.000164806 -0.076534472 -0.000129843 0.000164670 1.000000000 2.345829964
0.999998689 0.001517888 0.000554772 0.034317203 -0.001517986 0.999998808 0.000176269 -0.078972332 -0.000554504 -0.000177111 0.999999821 2.566524267
0.999999106 0.001250085 0.000476064 0.040017474 -0.001250224 0.999999166 0.000291536 -0.087605007 -0.000475699 -0.000292131 0.999999821 2.793156147
0.999999404 0.000920766 0.000515283 0.044149779 -0.000921032 0.999999404 0.000516324 -0.092154250 -0.000514808 -0.000516798 0.999999702 3.022870541
0.999999583 0.000857014 0.000237093 0.049004197 -0.000857018 0.999999583 0.000017507 -0.094413996 -0.000237078 -0.000017710 0.999999940 3.269683599
0.999992073 0.002741236 0.002878278 -0.011270631 -0.002735308 0.999994159 -0.002061797 -0.051221069 -0.002883913 0.002053908 0.999993742 3.499078989
0.999992728 0.002532614 0.002849565 -0.006077930 -0.002526356 0.999994457 -0.002197649 -0.056219675 -0.002855115 0.002190434 0.999993563 3.755009651
0.999992907 0.002546029 0.002777793 0.000724177 -0.002539903 0.999994338 -0.002206838 -0.064442739 -0.002783396 0.002199767 0.999993682 4.013545036
0.999991357 0.002829283 0.003017659 0.003646872 -0.002822976 0.999993861 -0.002092151 -0.069907598 -0.003023559 0.002083614 0.999993265 4.271689415
0.999990821 0.002513436 0.003467590 -0.011441911 -0.002505563 0.999994278 -0.002272931 -0.065277748 -0.003473283 0.002264222 0.999991417 4.544117928
0.999989390 0.003026466 0.003468551 -0.002537457 -0.003018547 0.999992847 -0.002285896 -0.074434713 -0.003475444 0.002275402 0.999991357 4.791419029
0.999991417 0.002565957 0.003251925 0.006868753 -0.002559328 0.999994636 -0.002040863 -0.083982050 -0.003257144 0.002032522 0.999992609 5.064999580
0.999992132 0.002125990 0.003350016 0.010652997 -0.002118756 0.999995410 -0.002161538 -0.090921395 -0.003354596 0.002154423 0.999992013 5.322043419
0.999988616 0.002231876 0.004200851 -0.011704983 -0.002220032 0.999993503 -0.002822180 -0.084175557 -0.004207122 0.002812822 0.999987185 5.619411945
0.999987245 0.002608066 0.004309126 -0.007157415 -0.002595711 0.999992549 -0.002870484 -0.092376731 -0.004316580 0.002859262 0.999986589 5.889876366
0.999989927 0.002037035 0.003967543 0.006184082 -0.002026980 0.999994695 -0.002536653 -0.104497500 -0.003972689 0.002528585 0.999988914 6.163653374
0.999989033 0.002461621 0.003986933 0.008967575 -0.002451693 0.999993920 -0.002493108 -0.112305611 -0.003993046 0.002483306 0.999988973 6.448276520
0.999984920 0.001974398 0.005123382 -0.021127652 -0.001954365 0.999990463 -0.003912159 -0.090780474 -0.005131057 0.003902087 0.999979198 6.754209518
0.999981761 0.002703882 0.005406999 -0.019587860 -0.002682431 0.999988556 -0.003970644 -0.096223846 -0.005417673 0.003956068 0.999977529 7.060133457
0.999984443 0.002248519 0.005114021 -0.007958405 -0.002227626 0.999989152 -0.004087464 -0.106072910 -0.005123157 0.004076008 0.999978542 7.358748436
0.999982893 0.002157819 0.005436361 -0.000132222 -0.002135843 0.999989510 -0.004044882 -0.119478591 -0.005445032 0.004033202 0.999976933 7.664069653
0.999977946 0.001900319 0.006365294 -0.030284144 -0.001870228 0.999987066 -0.004730002 -0.103166997 -0.006374199 0.004717994 0.999968529 7.991605759
0.999976575 0.001968043 0.006560239 -0.023863606 -0.001933527 0.999984324 -0.005263605 -0.104914673 -0.006570494 0.005250797 0.999964595 8.320727348
0.999973476 0.002449769 0.006852372 -0.021413010 -0.002414623 0.999983907 -0.005132513 -0.120275334 -0.006864834 0.005115831 0.999963343 8.648655891
0.999951184 0.002769019 0.009485232 -0.077199712 -0.002681873 0.999954104 -0.009188052 -0.049711458 -0.009510240 0.009162165 0.999912739 9.017752647
0.999954104 0.002607851 0.009213745 -0.059134237 -0.002527101 0.999958336 -0.008764910 -0.070439167 -0.009236217 0.008741223 0.999919116 9.344616890
0.999950826 0.002880106 0.009485478 -0.054787204 -0.002798557 0.999959052 -0.008599343 -0.083472282 -0.009509856 0.008572374 0.999918044 9.692824364
0.999950349 0.002644629 0.009606265 -0.040952571 -0.002559255 0.999957144 -0.008888681 -0.091479622 -0.009629360 0.008863654 0.999914408 10.036283493
0.999964833 0.002295632 0.008067900 -0.015107334 -0.002258318 0.999986649 -0.004631096 -0.184222266 -0.008078425 0.004612713 0.999956727 10.366235733
0.999961555 0.002623556 0.008364520 -0.007213332 -0.002587513 0.999987245 -0.004317008 -0.200016737 -0.008375741 0.004295199 0.999955654 10.723120689
0.999958217 0.002460164 0.008810657 -0.000896864 -0.002419729 0.999986529 -0.004597060 -0.206652388 -0.008821848 0.004575549 0.999950647 11.097045898
0.999949157 0.002956614 0.009632358 -0.018704563 -0.002905688 0.999981761 -0.005296619 -0.208295912 -0.009647842 0.005268362 0.999939501 11.492415428
0.999949515 0.002749051 0.009659794 -0.005729556 -0.002697704 0.999982178 -0.005324506 -0.217059761 -0.009674259 0.005298178 0.999939144 11.873487473
0.999959826 0.002819225 0.008509018 0.023737244 -0.002785307 0.999988139 -0.003995270 -0.255679011 -0.008520180 0.003971409 0.999955833 12.241662025
0.999963999 0.002142666 0.008200850 0.040413566 -0.002112692 0.999991000 -0.003661859 -0.270664692 -0.008208622 0.003644401 0.999959648 12.629268646
0.999963760 0.001753884 0.008333307 0.050441533 -0.001725501 0.999992669 -0.003412021 -0.282409787 -0.008339230 0.003397518 0.999959469 13.026169777
0.999962687 0.002773208 0.008198510 0.062515035 -0.002749159 0.999991894 -0.002943177 -0.306300372 -0.008206606 0.002920527 0.999962032 13.420314789
0.999959707 0.002475900 0.008636116 0.073976323 -0.002449726 0.999992371 -0.003040076 -0.315194666 -0.008643577 0.003018797 0.999958098 13.831383705
0.999959826 0.002475692 0.008613730 0.084230445 -0.002451129 0.999993026 -0.002860931 -0.330785334 -0.008620751 0.002839702 0.999958813 14.253885269
0.999957263 0.002633345 0.008864421 0.099135339 -0.002608214 0.999992549 -0.002845408 -0.345708579 -0.008871847 0.002822166 0.999956727 14.672010422
0.999961734 0.002223168 0.008462245 0.116478451 -0.002202093 0.999994457 -0.002499022 -0.363603622 -0.008467753 0.002480292 0.999961078 15.110087395
0.999960363 0.002026238 0.008672121 0.131935716 -0.002005573 0.999995112 -0.002390931 -0.381148577 -0.008676923 0.002373443 0.999959528 15.541989326
0.999956727 0.002209065 0.009034682 0.145477280 -0.002186578 0.999994516 -0.002498049 -0.396907330 -0.009040151 0.002478186 0.999956071 15.981516838
0.999955118 0.002271437 0.009195503 0.159662426 -0.002251838 0.999995172 -0.002141162 -0.413056433 -0.009200323 0.002120360 0.999955356 16.423381805
0.999952197 0.002401827 0.009469797 0.170405790 -0.002378460 0.999994099 -0.002478007 -0.425168097 -0.009475693 0.002455365 0.999952078 16.876035690
0.999948144 0.002332135 0.009914190 0.181219950 -0.002310871 0.999994993 -0.002155718 -0.440942079 -0.009919167 0.002132696 0.999948502 17.336484909
0.999946058 0.002030785 0.010178982 0.194738686 -0.002010518 0.999996006 -0.002000944 -0.455127954 -0.010183005 0.001980371 0.999946117 17.802206039
0.999941468 0.002088547 0.010612885 0.207964808 -0.002066475 0.999995708 -0.002090267 -0.466892719 -0.010617204 0.002068213 0.999941468 18.263471603
0.999945164 0.001647564 0.010335248 0.234806925 -0.001628374 0.999997020 -0.001864934 -0.482651204 -0.010338289 0.001848003 0.999944806 18.731094360
0.999943674 0.002285573 0.010362250 0.251114130 -0.002265197 0.999995470 -0.001977607 -0.498981506 -0.010366723 0.001954023 0.999944329 19.203292847
0.999941587 0.001993153 0.010618741 0.266833693 -0.001968114 0.999995232 -0.002367926 -0.508031368 -0.010623409 0.002346889 0.999940813 19.692422867
0.999943197 0.001578987 0.010542667 0.279713750 -0.001558912 0.999996960 -0.001912140 -0.523203850 -0.010545653 0.001895596 0.999942601 20.179178238
0.999946415 0.001873605 0.010180596 0.299309462 -0.001860124 0.999997377 -0.001333522 -0.557320714 -0.010183067 0.001314514 0.999947250 20.665550232
0.999943554 0.002266901 0.010380649 0.309121072 -0.002254239 0.999996662 -0.001231298 -0.568675995 -0.010383407 0.001207828 0.999945343 21.168210983
0.999941647 0.002091196 0.010593166 0.313864470 -0.002075334 0.999996722 -0.001508159 -0.575086474 -0.010596285 0.001486086 0.999942780 21.684684753
0.999956310 0.001710923 0.009186917 0.333029628 -0.001704980 0.999998331 -0.000654781 -0.612582266 -0.009188022 0.000639089 0.999957561 22.162223816
0.999957085 0.002432652 0.008938061 0.352673769 -0.002432595 0.999997020 -0.000017247 -0.631763458 -0.008938075 -0.000004496 0.999960005 22.674581528
0.999965608 0.002205327 0.007984799 0.364209831 -0.002196740 0.999997020 -0.001084030 -0.636459112 -0.007987165 0.001066452 0.999967515 23.202390671
0.999971688 0.001973744 0.007250436 0.383220434 -0.001965501 0.999997437 -0.001143867 -0.655829132 -0.007252675 0.001129584 0.999972999 23.716550827
0.999976754 0.001044259 0.006726319 0.394504488 -0.001031749 0.999997735 -0.001863003 -0.667910457 -0.006728248 0.001856019 0.999975622 24.249658585
0.999980390 0.001719120 0.006021452 0.409027457 -0.001713787 0.999998152 -0.000890688 -0.686997056 -0.006022972 0.000880351 0.999981463 24.786798477
0.999983430 0.002335643 0.005264688 0.426649392 -0.002331187 0.999996901 -0.000852482 -0.703840971 -0.005266663 0.000840195 0.999985754 25.319765091
0.999983728 0.002610163 0.005069888 0.436475754 -0.002604815 0.999996006 -0.001061252 -0.717058241 -0.005072638 0.001048028 0.999986529 25.870664597
0.999987781 0.001738108 0.004616466 0.454690009 -0.001735507 0.999998331 -0.000567587 -0.740274251 -0.004617445 0.000559568 0.999989152 26.417972565
0.999990821 0.002071020 0.003746248 0.461404175 -0.002070620 0.999997854 -0.000110461 -0.763437033 -0.003746469 0.000102703 0.999992967 26.961851120
0.999991536 0.001955157 0.003614963 0.473521411 -0.001955726 0.999998033 0.000153818 -0.785352767 -0.003614655 -0.000160887 0.999993503 27.507625580
0.999989271 0.003018589 0.003510493 0.484144151 -0.003017782 0.999995410 -0.000235034 -0.798777521 -0.003511187 0.000224438 0.999993801 28.065847397
0.999991000 0.002870361 0.003131734 0.492257833 -0.002871400 0.999995947 0.000326986 -0.818467915 -0.003130782 -0.000335975 0.999994993 28.587602615
0.999993503 0.002278538 0.002803390 0.504832625 -0.002279292 0.999997377 0.000265733 -0.831007183 -0.002802777 -0.000272121 0.999996066 29.130804062
0.999993563 0.002779781 0.002262547 0.517202795 -0.002781487 0.999995768 0.000750967 -0.854764462 -0.002260450 -0.000757257 0.999997139 29.682769775
0.999994278 0.002664474 0.002070860 0.523339808 -0.002665516 0.999996305 0.000500421 -0.865007639 -0.002069519 -0.000505938 0.999997675 30.224306107
0.999994099 0.002984777 0.001709951 0.538634777 -0.002985743 0.999995410 0.000563140 -0.882674873 -0.001708262 -0.000568242 0.999998391 30.779186249
0.999995649 0.002642460 0.001315238 0.554374397 -0.002643421 0.999996185 0.000729457 -0.899175286 -0.001313306 -0.000732931 0.999998868 31.320051193
0.999995649 0.002743695 0.001096433 0.565454423 -0.002744502 0.999995887 0.000735534 -0.913190961 -0.001094411 -0.000738541 0.999999106 31.867773056
0.999996722 0.002407958 0.000879316 0.578684449 -0.002408775 0.999996603 0.000929067 -0.930887103 -0.000877076 -0.000931182 0.999999225 32.410598755
0.999996006 0.002739987 0.000721832 0.589198709 -0.002740654 0.999995828 0.000924421 -0.944562018 -0.000719296 -0.000926395 0.999999285 32.960582733
0.999994576 0.003293602 0.000336521 0.601663172 -0.003293751 0.999994516 0.000442014 -0.962133169 -0.000335063 -0.000443120 0.999999821 33.494255066
0.999996126 0.002745325 0.000409423 0.613643527 -0.002745638 0.999995947 0.000767329 -0.974229395 -0.000407315 -0.000768450 0.999999583 34.053066254
0.999997854 0.002101952 -0.000130751 0.624160588 -0.002101858 0.999997616 0.000713343 -0.990285277 0.000132250 -0.000713067 0.999999702 34.594799042
0.999996483 0.002644832 0.000065771 0.634677112 -0.002644901 0.999995947 0.001075947 -1.007496119 -0.000062926 -0.001076117 0.999999404 35.138538361
0.999995828 0.002880071 0.000428004 0.641183794 -0.002880484 0.999995410 0.000967654 -1.023993492 -0.000425215 -0.000968883 0.999999464 35.682785034
0.999993742 0.003519760 0.000346997 0.648311853 -0.003519899 0.999993682 0.000402697 -1.036715865 -0.000345577 -0.000403916 0.999999881 36.245502472
0.999995112 0.003104507 -0.000307877 0.665981650 -0.003104179 0.999994636 0.001061706 -1.054084539 0.000311171 -0.001060745 0.999999404 36.783351898
0.999993503 0.003597943 -0.000012566 0.673516810 -0.003597930 0.999993086 0.000945996 -1.067952037 0.000015969 -0.000945945 0.999999642 37.326892853
0.999995232 0.002935594 -0.000933379 0.686855614 -0.002934534 0.999995053 0.001134762 -1.090440273 0.000936706 -0.001132017 0.999998927 37.883914948
0.999996841 0.002348366 -0.000904072 0.695782304 -0.002347387 0.999996662 0.001081312 -1.104400516 0.000906608 -0.001079187 0.999998987 38.436050415
0.999995589 0.002752088 -0.001136911 0.702610135 -0.002750435 0.999995172 0.001453422 -1.123640299 0.001140906 -0.001450289 0.999998271 38.985897064
0.999995053 0.003088890 -0.000673483 0.712812662 -0.003087970 0.999994278 0.001364133 -1.139758229 0.000677693 -0.001362047 0.999998808 39.530193329
0.999994993 0.003025847 -0.000929502 0.729814291 -0.003024536 0.999994457 0.001409367 -1.155895948 0.000933761 -0.001406549 0.999998569 40.067604065
0.999994516 0.002842307 -0.001699646 0.745861530 -0.002839051 0.999994099 0.001914328 -1.177618265 0.001705077 -0.001909492 0.999996722 40.622123718
0.999993443 0.003496475 -0.000948426 0.751129270 -0.003494932 0.999992549 0.001624108 -1.186984897 0.000954098 -0.001620783 0.999998212 41.172538757
0.999993086 0.003584533 -0.001078214 0.760083377 -0.003582525 0.999991894 0.001857555 -1.197886944 0.001084864 -0.001853680 0.999997735 41.702541351
0.999992311 0.003259147 -0.002154871 0.769005001 -0.003255216 0.999993026 0.001825191 -1.217417836 0.002160804 -0.001818163 0.999996006 42.270481110
0.999991119 0.003638901 -0.002106052 0.777531683 -0.003634901 0.999991536 0.001899882 -1.232802510 0.002112947 -0.001892209 0.999995947 42.820034027
0.999992013 0.003376873 -0.002128355 0.791933358 -0.003372875 0.999992549 0.001879193 -1.245543003 0.002134685 -0.001872000 0.999995947 43.363368988
0.999992192 0.003239111 -0.002264818 0.793392420 -0.003234101 0.999992311 0.002212459 -1.263262868 0.002271968 -0.002205118 0.999994993 43.917629242
0.999992669 0.002992049 -0.002359475 0.801607966 -0.002986616 0.999992847 0.002302663 -1.276080966 0.002366347 -0.002295599 0.999994576 44.463382721
0.999991477 0.003646163 -0.001885611 0.802661180 -0.003641760 0.999990582 0.002332865 -1.292488694 0.001894100 -0.002325979 0.999995530 45.008659363
0.999991477 0.003426048 -0.002346694 0.818999290 -0.003421852 0.999992490 0.001789532 -1.301644921 0.002352808 -0.001781486 0.999995649 45.572467804
0.999992967 0.002973930 -0.002304235 0.830581486 -0.002969068 0.999993265 0.002110253 -1.315556645 0.002310496 -0.002103397 0.999995112 46.122913361
0.999993205 0.002555790 -0.002664870 0.845587015 -0.002551959 0.999995768 0.001439856 -1.324485183 0.002668538 -0.001433045 0.999995410 46.660247803
0.999990046 0.003451167 -0.002834558 0.858237267 -0.003443494 0.999990344 0.002707343 -1.355370045 0.002843875 -0.002697555 0.999992251 47.204875946
0.999991417 0.002687160 -0.003149566 0.875424147 -0.002677992 0.999992132 0.002911296 -1.373928070 0.003157364 -0.002902836 0.999990821 47.734577179
0.999990463 0.003213164 -0.002994723 0.870203733 -0.003205214 0.999991357 0.002655293 -1.382937074 0.003003230 -0.002645669 0.999992013 48.308284760
0.999990940 0.003075195 -0.002937170 0.883171976 -0.003067708 0.999992013 0.002549875 -1.391180515 0.002944988 -0.002540841 0.999992490 48.858249664
0.999990642 0.002827464 -0.003247612 0.896248519 -0.002819960 0.999993324 0.002312798 -1.403011084 0.003254130 -0.002303618 0.999992073 49.403091431
0.999991834 0.002803488 -0.002914213 0.892242134 -0.002795708 0.999992549 0.002669794 -1.426526308 0.002921676 -0.002661625 0.999992192 49.965560913
0.999990821 0.003535708 -0.002441503 0.895707369 -0.003527827 0.999988675 0.003225012 -1.444682240 0.002452878 -0.003216370 0.999991834 50.505352020
0.999990821 0.002653735 -0.003345403 0.907100797 -0.002645025 0.999993086 0.002605129 -1.456847906 0.003352293 -0.002596257 0.999991000 51.056369781
0.999991357 0.002618843 -0.003211076 0.922992349 -0.002609561 0.999992371 0.002891646 -1.475520730 0.003218625 -0.002883242 0.999990642 51.597942352
0.999990046 0.002660927 -0.003580808 0.929437816 -0.002651249 0.999992847 0.002704973 -1.486237764 0.003587980 -0.002695452 0.999989927 52.155315399
0.999991298 0.002688356 -0.003201180 0.937769115 -0.002680616 0.999993503 0.002420084 -1.498822808 0.003207665 -0.002411481 0.999991953 52.713680267
0.999991477 0.002466604 -0.003312831 0.947380781 -0.002458277 0.999993801 0.002515136 -1.514729381 0.003319014 -0.002506971 0.999991357 53.259620667
0.999990106 0.002485591 -0.003674255 0.957564831 -0.002475324 0.999993026 0.002796043 -1.532548070 0.003681179 -0.002786921 0.999989331 53.802265167
0.999990940 0.002621301 -0.003338256 0.965510845 -0.002612644 0.999993145 0.002594818 -1.544128537 0.003345035 -0.002586073 0.999991059 54.348804474
0.999990284 0.002495689 -0.003628992 0.975078166 -0.002486847 0.999993920 0.002438694 -1.555479527 0.003635056 -0.002429646 0.999990463 54.899234772
0.999992073 0.002547611 -0.003063392 0.973932147 -0.002541499 0.999994814 0.001997658 -1.567523360 0.003068466 -0.001989857 0.999993324 55.451072693
0.999989867 0.002633489 -0.003631022 0.991123199 -0.002624585 0.999993563 0.002454968 -1.582632780 0.003637464 -0.002445414 0.999990344 55.994548798
0.999989271 0.002389379 -0.003974382 0.999296665 -0.002380073 0.999994338 0.002344644 -1.595977426 0.003979962 -0.002335159 0.999989271 56.537185669
0.999989986 0.002270656 -0.003872587 1.019792557 -0.002261298 0.999994516 0.002419345 -1.617538571 0.003878060 -0.002410564 0.999989569 57.058605194
0.999989331 0.002452417 -0.003913634 1.026726246 -0.002442831 0.999994040 0.002451953 -1.624390721 0.003919624 -0.002442366 0.999989331 57.637119293
0.999985993 0.003171938 -0.004243833 1.036136627 -0.003161352 0.999991953 0.002498677 -1.644158483 0.004251725 -0.002485226 0.999987841 58.176830292
0.999987245 0.003509394 -0.003648561 1.048375368 -0.003500305 0.999990821 0.002494500 -1.659160852 0.003657282 -0.002481696 0.999990284 58.699596405
0.999990702 0.002343013 -0.003627067 1.037966967 -0.002335670 0.999995172 0.002027371 -1.663792729 0.003631800 -0.002018880 0.999991357 59.277576447
0.999991715 0.002042286 -0.003526722 1.047880411 -0.002036656 0.999996662 0.001598866 -1.677987576 0.003529975 -0.001591670 0.999992490 59.820568085
0.999992549 0.001982174 -0.003330162 1.056417584 -0.001976646 0.999996662 0.001662536 -1.690410614 0.003333447 -0.001655941 0.999993026 60.366733551
0.999990165 0.002722288 -0.003498368 1.057422757 -0.002715504 0.999994338 0.001942564 -1.704562783 0.003503637 -0.001933046 0.999992013 60.909053802
0.999991179 0.003334493 -0.002566257 1.063382745 -0.003330064 0.999992967 0.001728112 -1.721308470 0.002572001 -0.001719551 0.999995291 61.458915710
0.999990106 0.003149953 -0.003156067 1.077049136 -0.003143728 0.999993086 0.001975380 -1.732569575 0.003162268 -0.001965438 0.999993086 62.015125275
0.999989867 0.002874195 -0.003468012 1.090292931 -0.002868452 0.999994457 0.001659786 -1.742992759 0.003472763 -0.001649821 0.999992669 62.543472290
0.999988914 0.002956828 -0.003642484 1.097629547 -0.002949400 0.999993563 0.002042928 -1.760280371 0.003648501 -0.002032162 0.999991298 63.082744598
0.999990582 0.002777170 -0.003334379 1.098626852 -0.002770792 0.999994338 0.001915982 -1.766807556 0.003339681 -0.001906725 0.999992609 63.633502960
0.999988675 0.003302958 -0.003419258 1.107673168 -0.003295863 0.999992490 0.002078686 -1.791019797 0.003426098 -0.002067393 0.999992013 64.180419922
0.999989152 0.002942305 -0.003613090 1.117962718 -0.002935634 0.999993920 0.001850188 -1.801996469 0.003618512 -0.001839561 0.999991715 64.726608276
0.999988198 0.003340939 -0.003536356 1.129987478 -0.003333204 0.999991953 0.002190555 -1.816308141 0.003543646 -0.002178742 0.999991357 65.271339417
0.999989450 0.002784797 -0.003668559 1.144277811 -0.002777075 0.999993920 0.002108451 -1.830177546 0.003674408 -0.002098240 0.999991119 65.823211670
0.999988675 0.003282307 -0.003446655 1.144005179 -0.003274493 0.999992013 0.002270568 -1.848339319 0.003454080 -0.002259256 0.999991477 66.361351013
0.999989808 0.003471408 -0.002914520 1.146191597 -0.003466246 0.999992430 0.001774104 -1.855712652 0.002920656 -0.001763983 0.999994218 66.912528992
0.999988616 0.003451781 -0.003303715 1.166772962 -0.003444444 0.999991655 0.002223869 -1.876701236 0.003311363 -0.002212464 0.999992073 67.459213257
0.999985993 0.003900391 -0.003575165 1.176640749 -0.003891220 0.999989152 0.002568602 -1.892824769 0.003585145 -0.002554654 0.999990284 67.988807678
0.999984622 0.003774812 -0.004080371 1.195170641 -0.003764794 0.999989867 0.002460217 -1.910755157 0.004089616 -0.002444817 0.999988616 68.516921997
0.999984801 0.004247352 -0.003508398 1.198649406 -0.004239560 0.999988496 0.002225288 -1.925488949 0.003517809 -0.002210380 0.999991357 69.065490723
0.999987125 0.004075096 -0.002999667 1.188997746 -0.004069382 0.999989867 0.001908672 -1.927640200 0.003007415 -0.001896441 0.999993682 69.623748779
0.999987781 0.004150291 -0.002689684 1.191399932 -0.004144391 0.999988973 0.002195759 -1.949282527 0.002698767 -0.002184585 0.999993980 70.174385071
0.999988794 0.003910809 -0.002659584 1.201414227 -0.003904963 0.999989986 0.002199749 -1.961895347 0.002668159 -0.002189339 0.999994040 70.718009949
0.999989510 0.003637415 -0.002786018 1.211817384 -0.003633275 0.999992311 0.001489564 -1.964765906 0.002791415 -0.001479427 0.999995053 71.264495850
0.999987543 0.004137711 -0.002790383 1.219376922 -0.004131300 0.999988794 0.002298790 -1.993191838 0.002799864 -0.002287233 0.999993443 71.800102234
0.999988019 0.004088220 -0.002654085 1.228908181 -0.004082253 0.999989092 0.002249629 -2.007914782 0.002663253 -0.002238768 0.999993920 72.343856812
0.999985039 0.004753628 -0.002692213 1.231854320 -0.004747188 0.999985814 0.002392787 -2.024805069 0.002703549 -0.002379970 0.999993503 72.890396118
0.999986529 0.004603091 -0.002409906 1.243865132 -0.004596190 0.999985337 0.002861385 -2.046248674 0.002423042 -0.002850271 0.999993026 73.430175781
0.999987662 0.004287496 -0.002494760 1.252008080 -0.004282044 0.999988377 0.002186866 -2.053650856 0.002504107 -0.002176157 0.999994516 73.987541199
0.999987423 0.004137332 -0.002875080 1.258872151 -0.004129778 0.999988019 0.002628128 -2.068607807 0.002885919 -0.002616222 0.999992430 74.516914368
0.999986947 0.004213178 -0.002881138 1.269996643 -0.004205181 0.999987245 0.002776285 -2.081713200 0.002892799 -0.002764133 0.999992013 75.054679871
0.999986291 0.004345078 -0.002897203 1.277176380 -0.004336011 0.999985754 0.003129026 -2.099827528 0.002910757 -0.003116421 0.999990940 75.592132568
0.999988377 0.003755828 -0.003032003 1.289187431 -0.003747352 0.999989033 0.002795714 -2.113166571 0.003042470 -0.002784319 0.999991477 76.135261536
0.999984741 0.004089720 -0.003713905 1.296260357 -0.004079212 0.999987662 0.002832301 -2.127748013 0.003725442 -0.002817107 0.999989092 76.687660217
0.999990821 0.003569929 -0.002410727 1.307661295 -0.003563530 0.999990225 0.002653286 -2.141403913 0.002420174 -0.002644671 0.999993563 77.220291138
0.999988914 0.003509438 -0.003130997 1.319258094 -0.003500423 0.999989748 0.002880220 -2.156379461 0.003141072 -0.002869228 0.999990880 77.784187317
0.999988377 0.003836255 -0.002913949 1.327446461 -0.003825967 0.999986529 0.003527777 -2.178882599 0.002927443 -0.003516587 0.999989510 78.331451416
0.999987483 0.004033759 -0.002947020 1.336086154 -0.004025784 0.999988198 0.002707304 -2.185336590 0.002957906 -0.002695406 0.999992013 78.874649048
0.999987185 0.003732819 -0.003419004 1.351165414 -0.003721359 0.999987483 0.003352177 -2.204690695 0.003431474 -0.003339411 0.999988556 79.404693604
0.999987066 0.004002468 -0.003143160 1.357168198 -0.003994020 0.999988437 0.002690151 -2.214283705 0.003153891 -0.002677563 0.999991417 79.954910278
0.999987125 0.003790649 -0.003379758 1.372592449 -0.003780446 0.999988317 0.003019842 -2.229911089 0.003391165 -0.003007026 0.999989748 80.500396729
0.999989688 0.003919343 -0.002288875 1.383373976 -0.003911647 0.999986708 0.003357091 -2.245202065 0.002302003 -0.003348103 0.999991775 81.057266235
0.999989390 0.004461836 -0.001179011 1.390818477 -0.004458331 0.999985635 0.002958745 -2.256176949 0.001192196 -0.002953456 0.999994934 81.605934143
0.999990463 0.004349251 0.000039885 1.403363705 -0.004349364 0.999984503 0.003461356 -2.275951862 -0.000024830 -0.003461497 0.999993920 82.143562317
0.999989629 0.004404034 0.001085666 1.418244123 -0.004407783 0.999984264 0.003475870 -2.289489269 -0.001070341 -0.003480619 0.999993324 82.692337036
0.999980390 0.004435306 0.004413556 1.435667753 -0.004448608 0.999985576 0.003008201 -2.298390865 -0.004400150 -0.003027776 0.999985754 83.244651794
0.999961853 0.004121135 0.007699698 1.456557512 -0.004147776 0.999985397 0.003447152 -2.319402456 -0.007685380 -0.003478957 0.999964416 83.782897949
0.999928296 0.004420583 0.011129557 1.473090053 -0.004460269 0.999983907 0.003543552 -2.333622217 -0.011113712 -0.003592940 0.999931812 84.329940796
0.999858379 0.003928926 0.016363367 1.498257756 -0.003988803 0.999985576 0.003628195 -2.351109266 -0.016348874 -0.003692952 0.999859571 84.878372192
0.999754965 0.004003495 0.021768328 1.535983324 -0.004084275 0.999984980 0.003667710 -2.367895603 -0.021753313 -0.003755719 0.999756336 85.412956238
0.999622643 0.003994119 0.027178057 1.563717484 -0.004088476 0.999985814 0.003417073 -2.380380154 -0.027164022 -0.003526900 0.999624789 85.966087341
0.999465823 0.003423109 0.032500595 1.605250716 -0.003545455 0.999986827 0.003707522 -2.395971298 -0.032487474 -0.003820771 0.999464810 86.506912231
0.999153316 0.003667179 0.040977038 1.630254865 -0.003817590 0.999986231 0.003592993 -2.407064915 -0.040963296 -0.003746385 0.999153614 87.062454224
0.998786211 0.003577713 0.049125355 1.677504778 -0.003746294 0.999987304 0.003340000 -2.418649197 -0.049112793 -0.003519983 0.998787045 87.617820740
0.998412549 0.003650815 0.056205377 1.723472357 -0.003866238 0.999985635 0.003724539 -2.438324451 -0.056190968 -0.003935931 0.998412371 88.152854919
0.997877002 0.003287772 0.065042526 1.783012152 -0.003521478 0.999987662 0.003478796 -2.444825888 -0.065030277 -0.003700456 0.997876525 88.692199707
0.997142792 0.003723742 0.075446390 1.842138767 -0.003975345 0.999987006 0.003184944 -2.454606771 -0.075433537 -0.003475770 0.997144759 89.230613708
0.996530831 0.003235611 0.083160825 1.916619778 -0.003532454 0.999987900 0.003422611 -2.477744818 -0.083148740 -0.003704499 0.996530235 89.775466919
0.995778561 0.002796029 0.091745049 1.972464561 -0.003088586 0.999990582 0.003046970 -2.479156494 -0.091735676 -0.003317470 0.995777845 90.335769653
0.994759262 0.002075350 0.102223538 2.054284573 -0.002401119 0.999992430 0.003063885 -2.491190910 -0.102216408 -0.003293279 0.994756699 90.871185303
0.993591070 0.003131438 0.112990916 2.128452301 -0.003531132 0.999988198 0.003337438 -2.505885839 -0.112979136 -0.003715035 0.993590415 91.414794922
0.992491364 0.002279010 0.122293688 2.209924698 -0.002690502 0.999991179 0.003199738 -2.520822048 -0.122285329 -0.003504744 0.992488801 91.981414795
0.991041660 0.002110832 0.133536607 2.300420761 -0.002550399 0.999991894 0.003120766 -2.526923418 -0.133528948 -0.003433381 0.991038978 92.520721436
0.989358544 0.001673857 0.145488322 2.398552895 -0.002143724 0.999992967 0.003072870 -2.544074059 -0.145482123 -0.003352057 0.989355206 93.094291687
0.987726390 0.001826267 0.156183302 2.505971909 -0.002372242 0.999991655 0.003309404 -2.564266682 -0.156175956 -0.003639291 0.987722456 93.637603760
0.986035168 0.001294774 0.166532174 2.618132591 -0.001871082 0.999992788 0.003303797 -2.573409557 -0.166526705 -0.003569256 0.986030400 94.182113647
0.983814955 0.001093034 0.179184020 2.743261337 -0.001763233 0.999992073 0.003581069 -2.588750601 -0.179178655 -0.003839053 0.983808935 94.701118469
0.981403291 0.000969819 0.191954464 2.862406731 -0.001660457 0.999992728 0.003437099 -2.599803686 -0.191949651 -0.003691913 0.981397808 95.259506226
0.979313135 0.000808149 0.202349305 2.990804672 -0.001527971 0.999993086 0.003401140 -2.611615658 -0.202345133 -0.003639965 0.979307592 95.788696289
0.976472974 0.001132373 0.215636611 3.133483887 -0.001945497 0.999991775 0.003558589 -2.629780769 -0.215630770 -0.003894387 0.976467192 96.327987671
0.973544776 0.000552881 0.228495523 3.280540466 -0.001408780 0.999992609 0.003582709 -2.638948679 -0.228491858 -0.003809828 0.973538280 96.858184814
0.970898747 0.000260803 0.239489719 3.432119370 -0.001186697 0.999992371 0.003721919 -2.653603554 -0.239486903 -0.003897808 0.970891654 97.389396667
0.967873096 0.000116165 0.251438767 3.589994431 -0.001024352 0.999993443 0.003481079 -2.662059546 -0.251436710 -0.003626805 0.967866898 97.925964355
0.964122057 -0.000092615 0.265459776 3.760610580 -0.001056620 0.999990702 0.004186414 -2.688485146 -0.265457660 -0.004316704 0.964112878 98.472091675
0.960486710 -0.000299353 0.278325975 3.926931381 -0.000826843 0.999991953 0.003928926 -2.696357727 -0.278324872 -0.004003813 0.960478663 99.005538940
0.957251132 -0.001351063 0.289255083 4.107820511 0.000218947 0.999992192 0.003946226 -2.710853577 -0.289258093 -0.003714198 0.957243919 99.524230957
0.952984810 -0.000764295 0.303017408 4.288194656 -0.000453336 0.999992073 0.003947995 -2.720484257 -0.303017944 -0.003899748 0.952976823 100.035583496
0.948478281 -0.000923072 0.316840768 4.490379333 -0.000204909 0.999993682 0.003526750 -2.730600357 -0.316842049 -0.003409970 0.948472202 100.572555542
0.944633245 -0.001538774 0.328124434 4.692245483 0.000495849 0.999994516 0.003262087 -2.736373663 -0.328127682 -0.002918776 0.944628894 101.087333679
0.939930141 -0.002476169 0.341357857 4.907524109 0.001389874 0.999993145 0.003426806 -2.754746914 -0.341364026 -0.002746514 0.939927101 101.624320984
0.934813023 -0.002857038 0.355128795 5.131565094 0.001593831 0.999991298 0.003849530 -2.770833254 -0.355136722 -0.003032575 0.934809387 102.130134583
0.929995477 -0.002648686 0.367561281 5.350648880 0.001170856 0.999990284 0.004243561 -2.785269976 -0.367568970 -0.003516131 0.929989576 102.640174866
0.925320148 -0.003379363 0.379171789 5.581426620 0.002157958 0.999991000 0.003646185 -2.797349930 -0.379180700 -0.002555651 0.925319135 103.144233704
0.919448316 -0.003580936 0.393194497 5.821434021 0.002313565 0.999990463 0.003697146 -2.807894468 -0.393203974 -0.002489654 0.919447899 103.638107300
0.913635612 -0.003668461 0.406517476 6.075412750 0.002253308 0.999989748 0.003959780 -2.825555325 -0.406527847 -0.002701786 0.913634419 104.159782410
0.908819199 -0.004279062 0.417168438 6.328411102 0.002798294 0.999987483 0.004161065 -2.846184254 -0.417181045 -0.002614296 0.908819675 104.633087158
0.903249323 -0.005052037 0.429086268 6.603046417 0.003427639 0.999983788 0.004558387 -2.876338482 -0.429102331 -0.002646607 0.903252006 105.081161499
0.895713449 -0.004637786 0.444607615 6.851383209 0.003096370 0.999986410 0.004193052 -2.865920544 -0.444621027 -0.002379103 0.895715654 105.634681702
0.890083075 -0.005422826 0.455765963 7.123676300 0.004032056 0.999983788 0.004023716 -2.877668142 -0.455780387 -0.001743767 0.890090585 106.105682373
0.884420156 -0.005565284 0.466658324 7.399227142 0.004071157 0.999982834 0.004209878 -2.883066893 -0.466673702 -0.001823463 0.884427667 106.614273071
0.876887321 -0.006269368 0.480654985 7.675834656 0.004755610 0.999979198 0.004367172 -2.901588202 -0.480672359 -0.001543711 0.876898944 107.072708130
