1.000000000 0.000000000 0.000000000 0.000000000 0.000000000 1.000000000 0.000000000 0.000000000 0.000000000 0.000000000 1.000000000 0.000000000
1.000000000 0.000145615 -0.000002060 -0.000044446 -0.000145615 1.000000000 0.000012347 0.000344776 0.000002062 -0.000012347 1.000000000 0.000600270
1.000000000 0.000134116 0.000055346 -0.000458990 -0.000134118 1.000000000 0.000031393 -0.000201600 -0.000055342 -0.000031401 1.000000000 0.000029305
1.000000000 -0.000053476 -0.000002267 0.000168458 0.000053476 1.000000000 -0.000042431 0.000356222 0.000002269 0.000042431 1.000000000 0.000211691
1.000000000 0.000023670 -0.000004618 -0.000058818 -0.000023671 1.000000000 -0.000088486 0.000512882 0.000004616 0.000088486 1.000000000 -0.000158764
1.000000000 0.000137582 0.000067465 -0.001102794 -0.000137580 1.000000000 -0.000028810 0.000887370 -0.000067469 0.000028800 1.000000000 0.000455983
1.000000000 0.000023530 0.000006838 0.000072610 -0.000023530 1.000000000 -0.000001483 0.000000573 -0.000006838 0.000001483 1.000000000 -0.000155887
1.000000000 0.000070136 0.000007087 0.000201916 -0.000070136 1.000000000 0.000006440 -0.000014216 -0.000007087 -0.000006441 1.000000000 0.000117010
1.000000000 0.000130783 0.000012648 -0.000006811 -0.000130781 1.000000000 -0.000089865 0.000215234 -0.000012659 0.000089863 1.000000000 -0.000369174
1.000000000 0.000141709 0.000063902 -0.000575405 -0.000141706 1.000000000 -0.000049464 0.000153062 -0.000063909 0.000049455 1.000000000 0.000966766
1.000000000 0.000016464 0.000063690 -0.000462594 -0.000016462 1.000000000 -0.000028822 0.000258612 -0.000063690 0.000028821 1.000000000 -0.000093477
1.000000000 0.000012167 0.000003052 0.000402636 -0.000012167 1.000000000 -0.000078514 0.001133566 -0.000003053 0.000078514 1.000000000 0.000926555
1.000000000 0.000051319 -0.000002630 -0.000282404 -0.000051319 1.000000000 -0.000022922 0.000012803 0.000002629 0.000022922 1.000000000 -0.000799433
1.000000000 -0.000042562 0.000006906 0.000073448 0.000042562 1.000000000 -0.000029482 0.000375162 -0.000006905 0.000029482 1.000000000 0.000001393
1.000000000 0.000072404 0.000070711 -0.001012834 -0.000072403 1.000000000 -0.000027100 0.000513150 -0.000070712 0.000027095 1.000000000 0.000008628
1.000000000 0.000023438 0.000044910 -0.000041815 -0.000023437 1.000000000 -0.000032940 0.000862118 -0.000044911 0.000032939 1.000000000 0.001365099
1.000000000 0.000128491 0.000096905 -0.000724427 -0.000128485 1.000000000 -0.000059723 0.000878328 -0.000096912 0.000059710 1.000000000 0.000772616
1.000000000 0.000065708 0.000108924 -0.001269520 -0.000065698 1.000000000 -0.000089456 0.000830753 -0.000108930 0.000089449 1.000000000 0.000726429
1.000000000 0.000071680 0.000088729 -0.000457779 -0.000071677 1.000000000 -0.000031486 0.000647587 -0.000088731 0.000031479 1.000000000 -0.000452914
1.000000000 0.000140755 0.000131476 -0.001191119 -0.000140741 1.000000000 -0.000107656 0.001360383 -0.000131491 0.000107637 1.000000000 0.001352866
1.000000000 0.000038080 0.000077990 -0.000805760 -0.000038076 1.000000000 -0.000049334 0.000334361 -0.000077992 0.000049331 1.000000000 0.000293350
1.000000000 0.000033170 0.000093488 -0.001220327 -0.000033167 1.000000000 -0.000040693 0.001021881 -0.000093489 0.000040690 1.000000000 0.001020110
1.000000000 0.000094904 0.000063782 -0.000446072 -0.000094897 1.000000000 -0.000108849 0.001418480 -0.000063793 0.000108843 1.000000000 0.001209808
1.000000000 0.000183673 0.000061981 -0.000787875 -0.000183668 1.000000000 -0.000087466 0.001756841 -0.000061997 0.000087455 1.000000000 0.001445741
1.000000000 0.000185808 0.000097026 -0.001499154 -0.000185797 1.000000000 -0.000112830 0.002126899 -0.000097047 0.000112812 1.000000000 0.001616090
1.000000000 0.000177808 0.000106363 -0.000973707 -0.000177804 1.000000000 -0.000042730 0.000796107 -0.000106371 0.000042711 1.000000000 0.001070031
1.000000000 0.000111087 0.000140350 -0.001679629 -0.000111082 1.000000000 -0.000039014 0.001702423 -0.000140355 0.000038999 1.000000000 0.001730687
1.000000000 0.000100620 0.000151214 -0.001236075 -0.000100617 1.000000000 -0.000019874 0.001276578 -0.000151216 0.000019859 1.000000000 0.001768617
1.000000000 0.000197928 0.000132521 -0.001610320 -0.000197923 1.000000000 -0.000036250 0.001340184 -0.000132528 0.000036224 1.000000000 0.001317484
1.000000000 0.000145938 0.000081950 -0.001250113 -0.000145939 1.000000000 0.000009920 0.000742008 -0.000081949 -0.000009932 1.000000000 0.000258386
1.000000000 0.000185178 0.000113496 -0.000993830 -0.000185174 1.000000000 -0.000039638 0.001181514 -0.000113503 0.000039617 1.000000000 0.001255752
1.000000000 0.000145211 0.000139397 -0.000943726 -0.000145209 1.000000000 -0.000014317 0.001412013 -0.000139399 0.000014297 1.000000000 0.001911342
0.999999940 0.000220170 0.000135927 -0.001515090 -0.000220166 1.000000000 -0.000025353 0.001289113 -0.000135932 0.000025323 1.000000000 0.001542718
1.000000000 0.000211359 0.000117170 -0.001240300 -0.000211351 1.000000000 -0.000063648 0.000945258 -0.000117183 0.000063624 1.000000000 0.000682583
0.999999940 0.000224261 0.000196514 -0.002034021 -0.000224251 1.000000000 -0.000050623 0.000896078 -0.000196526 0.000050579 1.000000000 0.001071835
0.999999940 0.000224929 0.000183578 -0.001339374 -0.000224920 1.000000000 -0.000048528 0.001231824 -0.000183588 0.000048486 1.000000000 0.001411969
1.000000000 0.000177480 0.000132962 -0.001492359 -0.000177483 1.000000000 0.000017963 0.000903582 -0.000132959 -0.000017986 1.000000000 0.001276080
0.999999940 0.000248514 0.000069707 -0.001080434 -0.000248513 0.999999940 -0.000003263 0.001176310 -0.000069708 0.000003246 1.000000000 0.000688860
0.999999940 0.000241603 0.000125679 -0.001279427 -0.000241594 0.999999940 -0.000070566 0.001868077 -0.000125696 0.000070536 1.000000000 0.000751571
0.999999940 0.000254717 0.000126682 -0.000834091 -0.000254712 0.999999940 -0.000039090 0.001566389 -0.000126692 0.000039058 1.000000000 0.000837507
1.000000000 0.000151911 0.000071210 -0.000303560 -0.000151904 1.000000000 -0.000100041 0.001383531 -0.000071225 0.000100030 1.000000000 0.002336315
1.000000000 0.000083927 0.000126129 0.001060916 -0.000083836 0.999999762 -0.000725527 -0.001762578 -0.000126190 0.000725516 0.999999702 0.049795762
0.999999940 0.000323322 0.000107058 0.002174412 -0.000323184 0.999999106 -0.001294228 -0.002469115 -0.000107476 0.001294194 0.999999166 0.140791982
1.000000000 0.000121601 0.000045323 0.003612387 -0.000121530 0.999998808 -0.001556043 -0.008782689 -0.000045512 0.001556037 0.999998808 0.251326114
1.000000000 0.000024776 0.000067700 0.007685314 -0.000024680 0.999998987 -0.001410743 -0.010660524 -0.000067734 0.001410741 0.999998987 0.385135591
1.000000000 -0.000027957 0.000230548 0.007433966 0.000028252 0.999999166 -0.001278092 -0.013910370 -0.000230512 0.001278099 0.999999166 0.529112935
1.000000000 -0.000063025 0.000166153 0.011898930 0.000063195 0.999999464 -0.001025209 -0.020183342 -0.000166088 0.001025219 0.999999464 0.682495058
0.999999940 0.000029626 0.000350436 0.013348595 -0.000029333 0.999999642 -0.000836615 -0.023855051 -0.000350461 0.000836604 0.999999583 0.844621897
0.999999821 0.000390100 0.000458742 0.014403585 -0.000389750 0.999999642 -0.000761960 -0.026701510 -0.000459039 0.000761781 0.999999583 1.016561508
1.000000000 0.000007198 0.000147511 0.024169942 -0.000007098 0.999999762 -0.000673699 -0.033744942 -0.000147516 0.000673698 0.999999762 1.201510906
0.999999940 -0.000104122 0.000310196 0.025647286 0.000104213 0.999999940 -0.000293503 -0.039846953 -0.000310166 0.000293535 0.999999881 1.390492439
0.999999940 0.000210666 0.000324935 0.031561304 -0.000210573 0.999999940 -0.000289007 -0.045229379 -0.000324996 0.000288939 0.999999881 1.567076206
0.999999940 0.000232266 0.000301501 0.026842300 -0.000232291 0.999999940 0.000082388 -0.056060556 -0.000301482 -0.000082458 0.999999940 1.760477662
0.999999821 0.000277821 0.000504107 0.026781719 -0.000277941 0.999999940 0.000237139 -0.060721815 -0.000504041 -0.000237279 0.999999821 1.972936988
0.999902964 -0.004031274 0.013334697 -0.164961427 0.004016241 0.999991298 0.001153948 -0.069213942 -0.013339234 -0.001100281 0.999910355 1.990037084
0.999900699 -0.004706554 0.013280323 -0.155376792 0.004689569 0.999988198 0.001309779 -0.073680498 -0.013286331 -0.001247370 0.999910891 2.209899426
0.999893427 -0.003614826 0.014145519 -0.160978168 0.003601619 0.999993026 0.000959018 -0.076395720 -0.014148887 -0.000907969 0.999899507 2.408074141
0.999892592 -0.003586391 0.014212668 -0.153387204 0.003574005 0.999993205 0.000896793 -0.081891425 -0.014215788 -0.000845901 0.999898612 2.637827396
0.999892533 -0.003683453 0.014190177 -0.143876091 0.003667146 0.999992549 0.001175028 -0.090754956 -0.014194401 -0.001122864 0.999898612 2.866524458
0.999888361 -0.004226387 0.014330721 -0.142773852 0.004206435 0.999990165 0.001422095 -0.099520288 -0.014336591 -0.001361655 0.999896288 3.055953503
0.999885917 -0.004224319 0.014502358 -0.136617661 0.004202888 0.999989986 0.001507962 -0.105056442 -0.014508584 -0.001446838 0.999893725 3.305090427
0.999885261 -0.004128749 0.014578542 -0.129873484 0.004110851 0.999990821 0.001257427 -0.111502618 -0.014583600 -0.001197353 0.999892890 3.563093662
0.999883533 -0.004653538 0.014535303 -0.123184636 0.004627740 0.999987781 0.001807959 -0.120471194 -0.014543537 -0.001740483 0.999892712 3.761957645
0.999882698 -0.004527924 0.014633989 -0.113173455 0.004500958 0.999988139 0.001875109 -0.124745369 -0.014642305 -0.001809022 0.999891162 4.020996094
0.999878109 -0.004351829 0.014996342 -0.107272878 0.004325933 0.999989152 0.001758809 -0.132017910 -0.015003834 -0.001693722 0.999885976 4.280262470
0.999876678 -0.004701746 0.014984087 -0.094674535 0.004675395 0.999987483 0.001793166 -0.138047785 -0.014992330 -0.001722888 0.999886096 4.535250187
0.999877989 -0.004734673 0.014884138 -0.095534705 0.004702780 0.999986589 0.002177033 -0.145258799 -0.014894245 -0.002106771 0.999886870 4.720032692
0.999877453 -0.004361678 0.015036304 -0.087669991 0.004330298 0.999988437 0.002118854 -0.153358892 -0.015045370 -0.002053482 0.999884725 4.983550549
0.999875784 -0.004781742 0.015017234 -0.077506930 0.004750538 0.999986470 0.002112873 -0.160517409 -0.015027135 -0.002041271 0.999885023 5.254501343
0.999876380 -0.004843450 0.014960133 -0.079940870 0.004810748 0.999985874 0.002221205 -0.170040339 -0.014970682 -0.002148960 0.999885619 5.483372688
0.999876380 -0.004885910 0.014947452 -0.069063134 0.004851196 0.999985397 0.002357826 -0.179511800 -0.014958753 -0.002285021 0.999885499 5.764763355
0.999876201 -0.004487221 0.015083510 -0.057509631 0.004452250 0.999987245 0.002351285 -0.185585305 -0.015093869 -0.002283838 0.999883473 6.048962593
0.999874711 -0.004936335 0.015040996 -0.057443924 0.004895097 0.999984145 0.002777263 -0.196808577 -0.015054468 -0.002703288 0.999882996 6.297340870
0.999873519 -0.005223505 0.015021899 -0.044831127 0.005186313 0.999983370 0.002513722 -0.203032643 -0.015034780 -0.002435495 0.999883950 6.600458145
0.999872804 -0.005387853 0.015014015 -0.035615519 0.005344327 0.999981403 0.002937710 -0.216791749 -0.015029564 -0.002857096 0.999882877 6.890257835
0.999874294 -0.005525813 0.014862495 -0.021602266 0.005485700 0.999981225 0.002738355 -0.226397932 -0.014877347 -0.002656480 0.999885798 7.213514805
0.999870539 -0.005664253 0.015058208 -0.021325126 0.005620944 0.999979973 0.002916842 -0.228502482 -0.015074427 -0.002831823 0.999882340 7.471395969
0.999870777 -0.005536889 0.015089829 -0.012261614 0.005494018 0.999980807 0.002881020 -0.234398782 -0.015105490 -0.002797744 0.999881923 7.794905663
0.999868989 -0.005862363 0.015088719 -0.001222037 0.005821030 0.999979198 0.002781844 -0.242261797 -0.015104715 -0.002693647 0.999882221 8.123398781
0.999870479 -0.005585104 0.015089951 0.004889794 0.005543657 0.999980748 0.002787068 -0.248521075 -0.015105226 -0.002703054 0.999882221 8.420240402
0.999873161 -0.005426235 0.014973185 0.020254947 0.005384786 0.999981523 0.002807130 -0.258793324 -0.014988140 -0.002726147 0.999884009 8.761862755
0.999877274 -0.005082137 0.014819479 0.032622769 0.005042094 0.999983549 0.002738109 -0.267724991 -0.014833150 -0.002663052 0.999886453 9.095042229
0.999876738 -0.005173351 0.014825528 0.048603326 0.005125705 0.999981523 0.003249995 -0.279385746 -0.014842071 -0.003173603 0.999884784 9.438529015
0.999868155 -0.005412267 0.015307655 0.034637131 0.005360818 0.999979854 0.003399997 -0.297340661 -0.015325747 -0.003317488 0.999877036 9.760383606
0.999864161 -0.005279307 0.015610105 0.045289569 0.005223790 0.999979854 0.003595118 -0.306595713 -0.015628772 -0.003513086 0.999871612 10.124238014
0.999867857 -0.005011111 0.015464279 0.060384847 0.004953304 0.999980688 0.003774070 -0.318428308 -0.015482891 -0.003696972 0.999873281 10.481267929
0.999865353 -0.006224462 0.015182372 0.069572121 0.006172209 0.999974847 0.003486167 -0.324446857 -0.015203690 -0.003391989 0.999878645 10.829652786
0.999870300 -0.006144927 0.014885669 0.085448802 0.006091243 0.999974728 0.003649053 -0.334173650 -0.014907716 -0.003557907 0.999882519 11.207315445
0.999868155 -0.005759463 0.015183594 0.103206851 0.005702929 0.999976695 0.003764039 -0.347369105 -0.015204920 -0.003676952 0.999877572 11.587598801
0.999868035 -0.006159336 0.015028189 0.115311436 0.006097023 0.999972641 0.004188633 -0.363613695 -0.015053576 -0.004096453 0.999878287 11.942757607
0.999860525 -0.006153237 0.015521779 0.106096536 0.006089087 0.999972701 0.004176784 -0.365442187 -0.015547056 -0.004081688 0.999870777 12.330584526
0.999861479 -0.006027824 0.015511262 0.122116648 0.005970632 0.999975264 0.003730822 -0.373817950 -0.015533366 -0.003637694 0.999872744 12.740266800
0.999860466 -0.005904934 0.015619841 0.132729501 0.005842033 0.999974668 0.004069500 -0.387175441 -0.015643474 -0.003977681 0.999869704 13.115091324
0.999855697 -0.005939486 0.015912160 0.145580590 0.005872373 0.999973714 0.004261055 -0.391549945 -0.015937049 -0.004166999 0.999864280 13.543333054
0.999844253 -0.006273235 0.016495582 0.153293312 0.006207557 0.999972641 0.004029735 -0.400766492 -0.016520409 -0.003926711 0.999855816 13.906503677
0.999848306 -0.005897623 0.016391715 0.167983741 0.005825865 0.999973178 0.004422090 -0.411070347 -0.016417356 -0.004325924 0.999855876 14.337610245
0.999841750 -0.006070633 0.016721398 0.183765978 0.005998143 0.999972403 0.004381965 -0.423878610 -0.016747534 -0.004280974 0.999850631 14.765083313
0.999821961 -0.006430782 0.017739056 0.186395109 0.006349484 0.999969125 0.004635578 -0.437683761 -0.017768320 -0.004522118 0.999831915 15.170374870
0.999826968 -0.005932930 0.017632283 0.203625083 0.005850862 0.999971867 0.004702364 -0.446052372 -0.017659688 -0.004598386 0.999833465 15.615761757
0.999822557 -0.006014612 0.017849751 0.216689497 0.005935921 0.999972522 0.004458164 -0.454109490 -0.017876074 -0.004351418 0.999830782 16.067993164
0.999807596 -0.005757967 0.018747360 0.223469913 0.005673232 0.999973536 0.004569859 -0.472912431 -0.018773178 -0.004462622 0.999813795 16.530982971
0.999801695 -0.006694303 0.018750455 0.227998659 0.006596736 0.999964356 0.005260509 -0.493446171 -0.018785002 -0.005135774 0.999810338 16.895563126
0.999796808 -0.006712647 0.019004757 0.244886339 0.006622843 0.999966621 0.004784347 -0.503513098 -0.019036237 -0.004657510 0.999807894 17.365709305
0.999793291 -0.006955222 0.019102627 0.263904929 0.006862828 0.999964416 0.004898064 -0.512146056 -0.019136015 -0.004765954 0.999805510 17.837669373
0.999789059 -0.007532947 0.019108020 0.271218657 0.007434291 0.999958634 0.005228905 -0.520862699 -0.019146621 -0.005085747 0.999803722 18.263032913
0.999787927 -0.006951875 0.019387258 0.291568786 0.006861509 0.999965250 0.004723728 -0.526246488 -0.019419424 -0.004589700 0.999800861 18.750032425
0.999791801 -0.007685266 0.018905288 0.317995161 0.007584816 0.999956727 0.005379324 -0.540091217 -0.018945813 -0.005234811 0.999806821 19.198371887
0.999790788 -0.008177542 0.018750770 0.335453987 0.008070324 0.999950707 0.005786654 -0.572218060 -0.018797167 -0.005634119 0.999807477 19.673213959
0.999781489 -0.008024839 0.019302057 0.308812737 0.007933803 0.999957025 0.004788421 -0.541112900 -0.019339655 -0.004634236 0.999802232 20.072052002
0.999791265 -0.007646537 0.018945370 0.326588750 0.007563683 0.999961555 0.004441148 -0.550222337 -0.018978601 -0.004296925 0.999810696 20.579393387
0.999803722 -0.007139139 0.018482162 0.343601942 0.007056484 0.999964833 0.004533531 -0.566440225 -0.018513877 -0.004402222 0.999818921 21.083555222
0.999806046 -0.007829708 0.018069586 0.353418589 0.007753464 0.999960780 0.004285683 -0.570124924 -0.018102434 -0.004144750 0.999827623 21.587495804
0.999792457 -0.008239280 0.018629251 0.342348993 0.008159866 0.999957263 0.004334919 -0.582509995 -0.018664174 -0.004182008 0.999817014 21.995607376
0.999799371 -0.008322654 0.018218985 0.364362597 0.008245206 0.999956727 0.004321890 -0.594043553 -0.018254166 -0.004170804 0.999824643 22.519781113
0.999812007 -0.009488382 0.016910568 0.387633920 0.009419316 0.999947011 0.004159164 -0.606150329 -0.016949136 -0.003999097 0.999848306 23.055082321
0.999823987 -0.008050562 0.016948404 0.406590044 0.007972717 0.999957383 0.004655559 -0.623282313 -0.016985163 -0.004519615 0.999845505 23.571697235
0.999845564 -0.007290196 0.015988218 0.428982168 0.007221419 0.999964476 0.004355261 -0.638482213 -0.016019400 -0.004239131 0.999862671 24.198431015
0.999835134 -0.008192326 0.016204618 0.377053738 0.008116626 0.999955893 0.004731739 -0.635514200 -0.016242666 -0.004599432 0.999857485 24.476564407
0.999839008 -0.008283966 0.015921785 0.396447033 0.008208150 0.999954700 0.004821247 -0.651954532 -0.015961003 -0.004689782 0.999861658 25.021959305
0.999835968 -0.008943388 0.015747545 0.410786539 0.008863763 0.999947608 0.005118980 -0.668601751 -0.015792502 -0.004978558 0.999862909 25.561868668
0.999841988 -0.008870922 0.015406270 0.438454926 0.008779176 0.999943435 0.006012603 -0.718821287 -0.015458736 -0.005876399 0.999863207 26.138668060
0.999865055 -0.007322754 0.014706837 0.461559176 0.007255852 0.999963164 0.004597248 -0.701061010 -0.014739959 -0.004489917 0.999881268 26.674798965
0.999850273 -0.008446639 0.015103657 0.399458766 0.008372823 0.999952674 0.004944014 -0.671256185 -0.015144703 -0.004816813 0.999873698 26.959352493
0.999856234 -0.008118590 0.014887271 0.420290381 0.008039351 0.999953210 0.005374832 -0.684937000 -0.014930211 -0.005254374 0.999874711 27.510517120
0.999865532 -0.006941051 0.014856042 0.491920710 0.006852539 0.999958575 0.006000547 -0.740280747 -0.014897076 -0.005897938 0.999871671 28.264066696
0.999852657 -0.007786945 0.015300765 0.414775670 0.007704729 0.999955595 0.005424932 -0.712388992 -0.015342329 -0.005306243 0.999868214 28.608201981
0.999872983 -0.005854750 0.014822704 0.511862278 0.005771502 0.999967337 0.005652854 -0.768285036 -0.014855316 -0.005566586 0.999874175 29.295269012
0.999847233 -0.008974223 0.015008694 0.403258592 0.008889161 0.999944210 0.005724665 -0.751090407 -0.015059233 -0.005590376 0.999870896 29.432006836
0.999852419 -0.008633600 0.014854477 0.421937883 0.008553619 0.999948561 0.005439376 -0.761651039 -0.014900675 -0.005311513 0.999874830 29.972566605
0.999857247 -0.008458629 0.014627752 0.444795102 0.008377173 0.999949157 0.005620869 -0.777588189 -0.014674552 -0.005497527 0.999877214 30.483695984
0.999871254 -0.006556300 0.014647054 0.530582786 0.006479735 0.999965131 0.005268695 -0.771208882 -0.014681086 -0.005173108 0.999878824 31.204502106
0.999854565 -0.008873742 0.014561527 0.420704871 0.008791565 0.999945104 0.005697718 -0.777074456 -0.014611288 -0.005568870 0.999877691 31.429590225
0.999853790 -0.008855355 0.014626944 0.439957112 0.008772294 0.999945104 0.005732995 -0.788632154 -0.014676907 -0.005603845 0.999876559 31.979490280
0.999864221 -0.008801532 0.013927233 0.480951875 0.008725075 0.999946535 0.005540976 -0.803594291 -0.013975257 -0.005418707 0.999887705 32.485240936
0.999873281 -0.008614106 0.013384663 0.506520271 0.008543044 0.999949217 0.005357318 -0.816341162 -0.013430131 -0.005242293 0.999896049 32.962539673
0.999873817 -0.009212265 0.012943905 0.523050725 0.009150718 0.999946594 0.004805997 -0.793767929 -0.012987487 -0.004686944 0.999904633 33.537139893
0.999842703 -0.009616826 0.014902338 0.420114398 0.009535138 0.999939203 0.005542876 -0.815056384 -0.014954737 -0.005399909 0.999873579 33.903354645
0.999848306 -0.009182443 0.014799055 0.439503193 0.009105681 0.999944866 0.005245960 -0.825252771 -0.014846407 -0.005110410 0.999876738 34.454830170
0.999851465 -0.009296394 0.014509975 0.458131135 0.009222340 0.999944091 0.005162212 -0.839738667 -0.014557155 -0.005027629 0.999881446 34.996719360
0.999852777 -0.009238923 0.014458395 0.484801054 0.009162432 0.999943733 0.005347746 -0.860797942 -0.014506988 -0.005214485 0.999881208 35.512451172
0.999855340 -0.009305397 0.014236634 0.518409491 0.009235799 0.999945104 0.004946499 -0.855364203 -0.014281881 -0.004814296 0.999886453 36.030673981
0.999842405 -0.010018280 0.014650513 0.443395495 0.009942166 0.999936759 0.005258925 -0.862841547 -0.014702271 -0.005112439 0.999878824 36.396244049
0.999834955 -0.010359688 0.014922321 0.465165287 0.010288326 0.999935269 0.004851191 -0.871254206 -0.014971612 -0.004696865 0.999876857 36.934909821
0.999827504 -0.010262487 0.015474396 0.460215032 0.010179584 0.999933481 0.005426764 -0.903453588 -0.015529056 -0.005268305 0.999865532 37.419967651
0.999837875 -0.009636293 0.015208729 0.474586308 0.009551349 0.999938488 0.005647989 -0.908839464 -0.015262216 -0.005501810 0.999868333 37.933464050
0.999824703 -0.009628396 0.016058924 0.420427203 0.009560648 0.999945104 0.004290220 -0.869652271 -0.016099349 -0.004135934 0.999861836 38.373031616
0.999823987 -0.009739439 0.016037436 0.438506186 0.009672699 0.999944270 0.004233923 -0.881653965 -0.016077777 -0.004078052 0.999862432 38.918422699
0.999826849 -0.009382800 0.016073814 0.460431188 0.009318733 0.999948382 0.004056250 -0.904221535 -0.016111040 -0.003905760 0.999862611 39.462699890
0.999827623 -0.010077296 0.015598699 0.515047967 0.010003016 0.999938250 0.004832675 -0.937658429 -0.015646433 -0.004675807 0.999866664 39.944141388
0.999843001 -0.009239730 0.015121084 0.566729546 0.009174464 0.999948323 0.004380019 -0.951088667 -0.015160772 -0.004240604 0.999876022 40.468582153
0.999833047 -0.008115562 0.016368544 0.574584484 0.008053110 0.999960124 0.003877713 -0.946024120 -0.016399359 -0.003745248 0.999858439 41.002223969
0.999797344 -0.009008802 0.018002838 0.403193384 0.008943947 0.999953151 0.003679762 -0.919336796 -0.018035147 -0.003518000 0.999831140 41.316867828
0.999796510 -0.009068569 0.018015325 0.424186379 0.009001359 0.999952137 0.003808249 -0.931542635 -0.018049000 -0.003645311 0.999830425 41.868335724
0.999800384 -0.008033046 0.018295657 0.447841614 0.007962300 0.999960542 0.003936311 -0.942098796 -0.018326558 -0.003789850 0.999824882 42.369964600
0.999790013 -0.007919851 0.018900951 0.437135816 0.007846983 0.999961376 0.003926281 -0.955417991 -0.018931322 -0.003777141 0.999813616 42.858116150
0.999790251 -0.007923182 0.018885553 0.466616154 0.007881534 0.999966323 0.002278616 -0.948062003 -0.018902974 -0.002129292 0.999818981 43.375709534
0.999767959 -0.009790600 0.019188186 0.397370130 0.009728245 0.999947071 0.003340272 -0.937377810 -0.019219875 -0.003152829 0.999810338 43.690990448
0.999766290 -0.010620120 0.018829549 0.422216207 0.010551180 0.999937177 0.003756813 -0.955335736 -0.018868266 -0.003557261 0.999815702 44.236576080
0.999769151 -0.009016424 0.019502532 0.435984194 0.008951714 0.999954104 0.003402773 -0.965765715 -0.019532319 -0.003227406 0.999804020 44.785140991
0.999762774 -0.010547626 0.019059151 0.471347988 0.010482143 0.999938786 0.003532434 -0.963424683 -0.019095246 -0.003331815 0.999812186 45.260383606
0.999779403 -0.008632001 0.019147603 0.498883337 0.008587661 0.999960184 0.002396668 -0.968685925 -0.019167529 -0.002231706 0.999813855 45.821937561
0.999732614 -0.008957596 0.021318402 0.396187246 0.008876934 0.999953210 0.003875362 -0.996017396 -0.021352116 -0.003685084 0.999765217 46.078529358
0.999727249 -0.010595288 0.020816345 0.423614204 0.010522892 0.999938250 0.003584282 -1.007288098 -0.020853037 -0.003364256 0.999776900 46.628124237
0.999733686 -0.009825544 0.020882389 0.438971341 0.009749668 0.999945521 0.003732188 -1.027725339 -0.020917920 -0.003527598 0.999774933 47.124351501
0.999722302 -0.010097575 0.021292182 0.465626180 0.010029638 0.999944270 0.003295190 -1.016456127 -0.021324266 -0.003080722 0.999767900 47.639728546
0.999736845 -0.007707898 0.021606768 0.500254095 0.007637826 0.999965310 0.003323740 -1.029515266 -0.021631638 -0.003157836 0.999761045 48.121509552
0.999689996 -0.009379093 0.023063399 0.385461628 0.009303907 0.999951065 0.003365212 -1.018547773 -0.023093833 -0.003149590 0.999728322 48.438228607
0.999687552 -0.009150616 0.023259409 0.405587196 0.009080737 0.999954045 0.003108140 -1.025825143 -0.023286778 -0.002895957 0.999724627 48.984420776
0.999682248 -0.009433316 0.023377808 0.421045482 0.009366523 0.999951720 0.002965066 -1.040299416 -0.023404650 -0.002745155 0.999722302 49.468177795
0.999685168 -0.008601063 0.023571065 0.469637692 0.008546054 0.999960601 0.002433486 -1.024499536 -0.023591064 -0.002231280 0.999719203 50.010719299
0.999702334 -0.008337953 0.022928514 0.510654032 0.008270393 0.999961197 0.003039768 -1.058166265 -0.022952970 -0.002849236 0.999732494 50.499477386
0.999667764 -0.008934335 0.024175510 0.408905864 0.008860516 0.999955773 0.003158807 -1.066618204 -0.024202662 -0.002943550 0.999702692 50.824424744
0.999663532 -0.009397501 0.024177203 0.435859084 0.009323895 0.999951541 0.003155300 -1.078940272 -0.024205681 -0.002928812 0.999702692 51.373855591
0.999665022 -0.009388223 0.024116820 0.454490185 0.009311680 0.999951243 0.003284205 -1.092600822 -0.024146475 -0.003058536 0.999703765 51.859985352
0.999668360 -0.008805959 0.024200354 0.490566611 0.008731935 0.999956906 0.003162769 -1.101326704 -0.024227161 -0.002950405 0.999702156 52.396915436
0.999660134 -0.008687940 0.024581242 0.532288194 0.008612286 0.999957860 0.003181939 -1.117283583 -0.024607852 -0.002969157 0.999692738 52.844966888
0.999617159 -0.009077441 0.026135962 0.415236950 0.009008874 0.999955654 0.002740010 -1.111225367 -0.026159678 -0.002503506 0.999654651 53.177417755
0.999619901 -0.008630948 0.026181839 0.441090405 0.008577375 0.999960899 0.002157766 -1.120595694 -0.026199441 -0.001932375 0.999654889 53.722602844
0.999607742 -0.008635462 0.026642662 0.455754042 0.008570516 0.999960005 0.002550965 -1.129481077 -0.026663627 -0.002321623 0.999641776 54.168151855
0.999607146 -0.008194748 0.026802860 0.476219654 0.008128685 0.999963641 0.002572828 -1.148050666 -0.026822971 -0.002353946 0.999637485 54.665863037
0.999609053 -0.007522016 0.026928158 0.516785562 0.007462496 0.999969482 0.002310141 -1.155894995 -0.026944714 -0.002108286 0.999634743 55.182182312
0.999574721 -0.009335418 0.027626859 0.418356538 0.009280336 0.999954641 0.002121421 -1.137698889 -0.027645413 -0.001864132 0.999616027 55.499809265
0.999575615 -0.009319942 0.027601657 0.443400979 0.009289265 0.999956071 0.001239474 -1.146611691 -0.027611999 -0.000982549 0.999618173 56.048728943
0.999584854 -0.009352850 0.027253063 0.483251095 0.009309141 0.999955118 0.001730348 -1.146546602 -0.027268026 -0.001475927 0.999627054 56.491355896
0.999584794 -0.009674964 0.027142785 0.523815513 0.009640947 0.999952555 0.001383919 -1.153254986 -0.027154889 -0.001121662 0.999630570 56.965438843
0.999559283 -0.009480904 0.028131815 0.521318793 0.009431080 0.999953628 0.001903265 -1.175797105 -0.028148560 -0.001637112 0.999602377 57.416698456
0.999503076 -0.008369300 0.030390026 0.376811147 0.008312078 0.999963403 0.002008756 -1.199305654 -0.030405726 -0.001755154 0.999536097 57.791015625
0.999513805 -0.008098871 0.030107269 0.411236167 0.008046401 0.999965847 0.001863507 -1.225059867 -0.030121330 -0.001620346 0.999544978 58.315673828
0.999521315 -0.007687932 0.029968431 0.428124905 0.007644419 0.999969482 0.001566314 -1.232527733 -0.029979559 -0.001336473 0.999549627 58.792327881
0.999534190 -0.006872102 0.029734060 0.473906040 0.006829480 0.999975562 0.001534813 -1.255362153 -0.029743880 -0.001331031 0.999556720 59.273010254
0.999508858 -0.008628507 0.030128123 0.479145050 0.008608416 0.999962687 0.000796566 -1.219727874 -0.030133873 -0.000536820 0.999545693 59.803157806
0.999473393 -0.007913032 0.031468943 0.401324153 0.007870330 0.999967873 0.001480654 -1.229705334 -0.031479649 -0.001232204 0.999503613 60.104034424
0.999474883 -0.008058995 0.031383984 0.425553679 0.008022255 0.999966979 0.001296405 -1.238914490 -0.031393390 -0.001043954 0.999506533 60.645595551
0.999466836 -0.007415313 0.031798679 0.437703013 0.007383754 0.999972045 0.001109819 -1.241802692 -0.031806022 -0.000874434 0.999493659 61.140666962
0.999469042 -0.007945421 0.031598072 0.461384177 0.007906049 0.999967754 0.001370833 -1.259111524 -0.031607945 -0.001120289 0.999499738 61.592792511
0.999469042 -0.008096506 0.031560082 0.502629519 0.008062909 0.999966800 0.001191718 -1.274940848 -0.031568680 -0.000936619 0.999501169 62.060710907
0.999418616 -0.006797102 0.033409003 0.417947769 0.006755457 0.999976277 0.001359196 -1.273679972 -0.033417445 -0.001132713 0.999440849 62.337818146
0.999433458 -0.006490467 0.033024147 0.449371815 0.006447420 0.999978185 0.001409823 -1.291458011 -0.033032577 -0.001196104 0.999453604 62.878265381
0.999418139 -0.005823525 0.033608489 0.461259604 0.005776413 0.999982238 0.001498694 -1.296308160 -0.033616614 -0.001303685 0.999433994 63.285408020
0.999404132 -0.005188800 0.034123763 0.484586120 0.005144991 0.999985814 0.001371534 -1.299348831 -0.034130394 -0.001195151 0.999416709 63.779903412
0.999398589 -0.005192002 0.034286909 0.518646836 0.005161095 0.999986231 0.000989855 -1.313880801 -0.034291573 -0.000812302 0.999411523 64.265640259
0.999392748 -0.004280045 0.034580335 0.548181176 0.004221583 0.999989510 0.001763406 -1.324246407 -0.034587517 -0.001616351 0.999400377 64.708831787
0.999365985 -0.004081947 0.035368752 0.451355338 0.004007896 0.999989569 0.002164326 -1.362270236 -0.035377219 -0.002021199 0.999372005 64.974533081
0.999391019 -0.004022909 0.034658980 0.483566761 0.003949164 0.999989748 0.002195974 -1.376827598 -0.034667455 -0.002057763 0.999396801 65.519027710
0.999381304 -0.002449999 0.035084642 0.513827682 0.002380724 0.999995053 0.002016175 -1.393360138 -0.035089407 -0.001931400 0.999382377 66.060020447
0.999392092 -0.004245343 0.034603406 0.642128468 0.004209487 0.999990523 0.001108971 -1.379153013 -0.034607783 -0.000962634 0.999400496 66.762603760
0.999361694 -0.001690625 0.035683241 0.558868289 0.001633658 0.999997318 0.001625597 -1.402706861 -0.035685889 -0.001566266 0.999361873 66.910507202
0.999311447 -0.001881947 0.037053119 0.480910778 0.001792277 0.999995410 0.002453164 -1.439443707 -0.037057560 -0.002385066 0.999310315 67.303993225
0.999312341 -0.002234645 0.037010677 0.509943843 0.002151946 0.999995112 0.002274145 -1.456403375 -0.037015572 -0.002192936 0.999312341 67.844055176
0.999290347 -0.002102765 0.037607349 0.520673513 0.002027266 0.999995887 0.002045557 -1.475704908 -0.037611492 -0.001967865 0.999290526 68.302444458
0.999302208 -0.001288129 0.037328850 0.571217656 0.001217110 0.999997437 0.001925190 -1.457943797 -0.037331231 -0.001878413 0.999301195 68.719635010
0.999254346 -0.001419573 0.038583551 0.506040335 0.001348388 0.999997318 0.001870833 -1.469077587 -0.038586102 -0.001817412 0.999253631 69.176925659
0.999261141 -0.001572598 0.038402073 0.538969517 0.001520405 0.999997854 0.001388204 -1.483065724 -0.038404174 -0.001328791 0.999261439 69.710128784
0.999258399 -0.002118219 0.038447026 0.555847645 0.002033824 0.999995470 0.002234065 -1.494752169 -0.038451582 -0.002154213 0.999258161 70.095169067
0.999252260 -0.002100026 0.038605716 0.588901281 0.002033543 0.999996305 0.001761261 -1.504591227 -0.038609270 -0.001681438 0.999252975 70.582397461
0.999184191 -0.000176797 0.040383957 0.524729729 0.000085362 0.999997377 0.002265925 -1.537361145 -0.040384255 -0.002260629 0.999181688 71.075942993
0.999185026 0.000063037 0.040363673 0.559077740 -0.000139020 0.999998212 0.001879707 -1.554764748 -0.040363483 -0.001883787 0.999183297 71.600791931
0.999175906 0.000390629 0.040587232 0.580273390 -0.000448736 0.999998927 0.001422597 -1.552043676 -0.040586632 -0.001439638 0.999175012 72.024406433
0.999150932 0.000247267 0.041196086 0.627815962 -0.000308268 0.999998868 0.001474467 -1.556891918 -0.041195668 -0.001485915 0.999150038 72.516624451
0.999097705 -0.000167100 0.042469356 0.651893616 0.000118245 0.999999285 0.001152963 -1.570551634 -0.042469520 -0.001146902 0.999097168 72.999816895
0.999042451 0.000200208 0.043749440 0.695814371 -0.000283945 0.999998212 0.001907831 -1.601165175 -0.043748975 -0.001918427 0.999040723 73.472579956
0.998875082 0.001335816 0.047398470 0.578173876 -0.001414495 0.999997675 0.001626355 -1.570307136 -0.047396183 -0.001691570 0.998874724 73.896903992
0.998723149 0.001396446 0.050497763 0.617706537 -0.001473114 0.999997854 0.001481041 -1.588423729 -0.050495587 -0.001553539 0.998723030 74.439155579
0.998515129 0.001464492 0.054454073 0.652440548 -0.001565936 0.999997079 0.001820239 -1.595350981 -0.054451253 -0.001902808 0.998514533 74.865470886
0.998332024 0.001564551 0.057713188 0.688165903 -0.001669059 0.999997079 0.001762617 -1.613238096 -0.057710260 -0.001856004 0.998331666 75.340339661
0.998072386 0.001536861 0.062040746 0.721444845 -0.001630727 0.999997616 0.001462324 -1.596475720 -0.062038351 -0.001560676 0.998072505 75.731178284
0.997566700 0.001200179 0.069708593 0.639358997 -0.001227413 0.999999166 0.000347811 -1.571063876 -0.069708131 -0.000432526 0.997567296 76.358932495
0.997133434 0.001087459 0.075655214 0.693792820 -0.001068844 0.999999344 -0.000286543 -1.583649397 -0.075655483 0.000204858 0.997134030 76.907890320
0.996683598 0.001096522 0.081366800 0.752811432 -0.001077217 0.999999404 -0.000281177 -1.602520227 -0.081367061 0.000192595 0.996684253 77.439544678
0.995906591 0.001526605 0.090375282 0.760771275 -0.001578732 0.999998569 0.000505284 -1.606544733 -0.090374388 -0.000645893 0.995907664 77.813301086
0.995095849 0.001600057 0.098902717 0.820136547 -0.001630287 0.999998629 0.000224858 -1.628331423 -0.098902225 -0.000384995 0.995097160 78.266578674
0.994367421 0.001501706 0.105976872 0.879209995 -0.001567391 0.999998689 0.000536498 -1.646490693 -0.105975933 -0.000699583 0.994368434 78.719558716
0.993336916 0.001292578 0.115239516 0.937386513 -0.001333468 0.999999046 0.000277714 -1.650819540 -0.115239047 -0.000429531 0.993337691 79.250183105
0.992161572 0.001095226 0.124956660 1.029591560 -0.001099485 0.999999344 -0.000034861 -1.661595941 -0.124956623 -0.000102801 0.992162228 79.780525208
0.991090298 0.000298040 0.133191153 1.102144241 -0.000334219 0.999999881 0.000249259 -1.672858715 -0.133191064 -0.000291552 0.991090357 80.163909912
0.990072846 0.000046579 0.140555546 1.189156532 -0.000039216 1.000000000 -0.000055165 -1.673784018 -0.140555531 0.000049105 0.990072846 80.651855469
0.988461435 0.000831436 0.151470274 1.222619057 -0.000838727 0.999999642 -0.000015747 -1.689058304 -0.151470229 -0.000111477 0.988461792 81.138282776
0.986772895 0.001250163 0.162103847 1.328790665 -0.001337927 0.999998987 0.000432245 -1.710597396 -0.162103146 -0.000643410 0.986773610 81.658203125
0.985248029 0.000237541 0.171132237 1.412005424 -0.000294818 0.999999881 0.000309283 -1.733749866 -0.171132162 -0.000355174 0.985248029 82.051261902
0.983362794 -0.000831676 0.181650341 1.517788887 0.000835460 0.999999642 0.000055697 -1.731144905 -0.181650341 0.000096991 0.983363152 82.466583252
0.981004894 -0.000591027 0.193981603 1.640592575 0.000532984 0.999999881 0.000351414 -1.751599312 -0.193981767 -0.000241349 0.981005073 82.889640808
0.978549004 -0.000485428 0.206013769 1.700907707 0.000553251 0.999999821 -0.000271608 -1.743676662 -0.206013560 0.000379759 0.978549063 83.473632812
0.976313114 -0.000728583 0.216361523 1.836790085 0.000822181 0.999999702 -0.000342594 -1.755123854 -0.216361165 0.000512368 0.976313233 83.999443054
0.973342597 -0.001024169 0.229353994 1.944250107 0.001045380 0.999999464 0.000029014 -1.777500510 -0.229353890 0.000211522 0.973343074 84.408996582
0.970354557 -0.001080306 0.241683289 2.063943863 0.001265744 0.999998987 -0.000612021 -1.766269445 -0.241682410 0.000899787 0.970354974 84.915145874
0.967757821 -0.000956560 0.251880854 2.222280502 0.001115728 0.999999225 -0.000489099 -1.785616875 -0.251880199 0.000754360 0.967758119 85.423034668
0.964644849 -0.001986164 0.263545901 2.380071640 0.002079866 0.999997795 -0.000076544 -1.813600302 -0.263545156 0.000621978 0.964646876 85.686210632
0.960947573 -0.002230524 0.276721597 2.521697998 0.002310517 0.999997437 0.000036970 -1.825589299 -0.276720941 0.000603844 0.960950136 86.129379272
0.957002521 -0.001849934 0.290073454 2.588090897 0.002124629 0.999997556 -0.000632063 -1.798365831 -0.290071577 0.001221185 0.957004130 86.778663635
0.953722656 -0.001667768 0.300682992 2.770019531 0.001954043 0.999997854 -0.000651353 -1.820530057 -0.300681263 0.001208758 0.953723967 87.275566101
0.949327171 -0.001405916 0.314286143 2.896450043 0.001422960 0.999998927 0.000175191 -1.841422200 -0.314286053 0.000280903 0.949328303 87.640762329
0.945179045 -0.002090675 0.326545507 3.048648834 0.002229249 0.999997437 -0.000050131 -1.851139069 -0.326544583 0.000775334 0.945181489 88.063209534
0.941003382 -0.002411874 0.338388622 3.213750839 0.002806104 0.999995828 -0.000675819 -1.834022284 -0.338385552 0.001585501 0.941006124 88.584541321
0.935903549 -0.002342385 0.352248579 3.426099777 0.002699889 0.999996185 -0.000523662 -1.849672914 -0.352246046 0.001441129 0.935906231 89.081848145
0.930533171 -0.002348216 0.366200089 3.651901245 0.002738647 0.999996126 -0.000546682 -1.861346364 -0.366197348 0.001511598 0.930535972 89.586357117
0.926304698 -0.002968197 0.376763821 3.807743073 0.003665797 0.999992669 -0.001134579 -1.846422434 -0.376757681 0.002432104 0.926308632 89.879776001
0.920439959 -0.002233048 0.390877604 3.939741135 0.002438575 0.999996960 -0.000029472 -1.886122942 -0.390876383 0.000980312 0.920442641 90.339302063
0.914524913 -0.002668765 0.404520899 4.176826477 0.003086153 0.999995172 -0.000379736 -1.901730061 -0.404517949 0.001595691 0.914528668 90.819404602
0.909274161 -0.003783491 0.416180670 4.401245117 0.004233201 0.999991059 -0.000157823 -1.918314457 -0.416176379 0.001905281 0.909281850 91.210067749
0.903957367 -0.003716725 0.427606732 4.574989319 0.004016812 0.999991834 0.000200347 -1.923136473 -0.427603990 0.001536510 0.903964877 91.545890808
0.896721780 -0.002548329 0.442587376 4.772502899 0.002765105 0.999996185 0.000155425 -1.916075230 -0.442586005 0.001084427 0.896725416 92.067947388
0.890150368 -0.002341925 0.455660939 5.037261963 0.002474054 0.999996960 0.000306448 -1.932505488 -0.455660194 0.000854546 0.890153408 92.541366577
0.884695232 -0.002757067 0.466161728 5.310329437 0.003146950 0.999995053 -0.000058001 -1.945769072 -0.466159254 0.001518301 0.884699643 93.009857178
0.878366768 -0.003073692 0.477977455 5.579811096 0.003730428 0.999992967 -0.000424737 -1.953917384 -0.477972806 0.002156136 0.878372073 93.468429565
0.869679749 -0.001795952 0.493612945 5.705627441 0.002233592 0.999997377 -0.000296918 -1.942720294 -0.493611187 0.001360753 0.869681656 93.901954651
0.863204956 -0.002541485 0.504847229 6.002380371 0.003239429 0.999994636 -0.000504747 -1.956037521 -0.504843235 0.002071117 0.863208592 94.359977722
0.857216597 -0.003343598 0.514945030 6.291477203 0.003637679 0.999993265 0.000437516 -2.001628876 -0.514943063 0.001498159 0.857223094 94.746078491
0.849333882 -0.003856101 0.527841866 6.570869446 0.004518230 0.999989808 0.000035191 -2.000008106 -0.527836561 0.002355022 0.849342704 95.089607239
