1.000000000 0.000000000 0.000000000 0.000000000 0.000000000 1.000000000 0.000000000 0.000000000 0.000000000 0.000000000 1.000000000 0.000000000
1.000000000 -0.000008160 0.000018905 0.001125976 0.000008160 1.000000000 -0.000041120 0.000255858 -0.000018905 0.000041120 1.000000000 -0.000733722
0.999999940 0.000139132 0.000221859 -0.005181669 -0.000139103 1.000000000 -0.000127708 0.001541339 -0.000221877 0.000127677 0.999999940 0.001441675
1.000000000 0.000039686 0.000027023 0.002488763 -0.000039684 1.000000000 -0.000063222 -0.000229394 -0.000027025 0.000063221 1.000000000 0.002451885
1.000000000 0.000088970 -0.000010547 0.003295189 -0.000088971 1.000000000 -0.000080005 0.000098928 0.000010540 0.000080006 1.000000000 -0.000529153
1.000000000 0.000075055 -0.000064446 0.004790793 -0.000075061 1.000000000 -0.000091418 0.001432730 0.000064439 0.000091423 1.000000000 -0.003407292
1.000000000 0.000014526 0.000010763 -0.001180934 -0.000014525 1.000000000 -0.000101800 0.003334407 -0.000010764 0.000101800 1.000000000 0.004549042
1.000000000 0.000037028 0.000017601 -0.000244773 -0.000037024 1.000000000 -0.000195755 0.003316860 -0.000017609 0.000195754 1.000000000 0.003619590
1.000000000 0.000021446 0.000059952 0.001592343 -0.000021444 1.000000000 -0.000020331 0.000909181 -0.000059953 0.000020330 1.000000000 -0.002245378
1.000000000 -0.000017526 0.000166463 -0.004728905 0.000017542 1.000000000 -0.000093058 0.001633391 -0.000166462 0.000093061 1.000000000 0.005897692
1.000000000 0.000060490 0.000037763 0.003151079 -0.000060487 1.000000000 -0.000089810 -0.000643836 -0.000037769 0.000089808 1.000000000 -0.002112158
1.000000000 0.000094576 0.000057318 0.001501734 -0.000094571 1.000000000 -0.000087882 0.000382059 -0.000057326 0.000087876 1.000000000 -0.002388187
1.000000000 0.000124131 0.000125115 -0.001294229 -0.000124111 1.000000000 -0.000154457 0.001065308 -0.000125135 0.000154442 1.000000000 0.003938903
1.000000000 0.000016700 0.000027085 -0.000966195 -0.000016698 1.000000000 -0.000078558 -0.000376288 -0.000027086 0.000078557 1.000000000 0.001534628
1.000000000 -0.000114110 0.000011826 -0.000387999 0.000114110 1.000000000 -0.000039529 0.000368670 -0.000011822 0.000039531 1.000000000 0.001839637
1.000000000 0.000056677 -0.000093093 0.006217371 -0.000056681 1.000000000 -0.000047477 -0.000572259 0.000093090 0.000047483 1.000000000 -0.001991222
1.000000000 -0.000139270 -0.000046219 0.002976010 0.000139267 1.000000000 -0.000058834 -0.000849449 0.000046227 0.000058828 1.000000000 0.000185027
1.000000000 -0.000135499 0.000085374 -0.003567059 0.000135500 1.000000000 -0.000017572 -0.002127432 -0.000085371 0.000017584 1.000000000 0.001655752
1.000000000 0.000017635 0.000162816 -0.004077670 -0.000017616 1.000000000 -0.000115341 0.001253917 -0.000162818 0.000115338 1.000000000 0.001697050
1.000000000 0.000108026 0.000036563 0.001242720 -0.000108022 1.000000000 -0.000085501 0.000799113 -0.000036572 0.000085497 1.000000000 -0.003958527
1.000000000 0.000034096 0.000202023 -0.005439061 -0.000034071 1.000000000 -0.000124418 0.001217159 -0.000202028 0.000124411 1.000000000 0.001142654
1.000000000 -0.000105173 -0.000006396 0.003438961 0.000105172 1.000000000 -0.000108994 0.001133386 0.000006407 0.000108994 1.000000000 -0.001985033
1.000000000 -0.000133010 0.000032295 0.000890954 0.000133010 1.000000000 0.000021347 -0.000395564 -0.000032298 -0.000021343 1.000000000 0.001446980
1.000000000 0.000057363 0.000201330 -0.005822208 -0.000057338 1.000000000 -0.000122911 0.002909086 -0.000201337 0.000122899 1.000000000 0.001204759
1.000000000 0.000003430 0.000085243 0.000546407 -0.000003425 1.000000000 -0.000065140 0.000425030 -0.000085244 0.000065139 1.000000000 0.000039122
1.000000000 -0.000010361 0.000134131 -0.002543935 0.000010363 1.000000000 -0.000016302 0.000968883 -0.000134131 0.000016304 1.000000000 0.002484094
1.000000000 0.000098353 0.000076938 0.001191017 -0.000098344 1.000000000 -0.000115636 0.001810268 -0.000076949 0.000115628 1.000000000 -0.001409876
1.000000000 -0.000061331 0.000107726 -0.003907856 0.000061337 1.000000000 -0.000062320 0.001398389 -0.000107722 0.000062327 1.000000000 -0.000408258
1.000000000 0.000097993 0.000108035 -0.001530860 -0.000097980 1.000000000 -0.000113843 0.001589629 -0.000108046 0.000113832 1.000000000 -0.001914057
1.000000000 0.000161775 0.000160509 -0.000547648 -0.000161782 1.000000000 0.000040402 -0.000436979 -0.000160502 -0.000040428 1.000000000 -0.003628765
1.000000000 -0.000172512 -0.000057927 0.005196655 0.000172511 1.000000000 -0.000025412 0.001907993 0.000057931 0.000025402 1.000000000 -0.002598322
1.000000000 0.000033602 0.000143019 -0.002208609 -0.000033591 1.000000000 -0.000079509 0.000929641 -0.000143021 0.000079504 1.000000000 0.002625566
1.000000000 0.000056541 0.000144487 -0.002901842 -0.000056535 1.000000000 -0.000046031 0.002130677 -0.000144490 0.000046023 1.000000000 0.005929435
1.000000000 -0.000083065 -0.000070129 0.002253202 0.000083067 1.000000000 0.000027296 -0.000332311 0.000070127 -0.000027301 1.000000000 -0.003151256
1.000000000 -0.000118579 0.000016389 -0.002776635 0.000118580 1.000000000 -0.000024968 0.000621639 -0.000016386 0.000024969 1.000000000 0.000816008
1.000000000 0.000130078 0.000004037 0.002755472 -0.000130078 1.000000000 -0.000052440 0.002097292 -0.000004044 0.000052439 1.000000000 -0.000314267
1.000000000 -0.000046183 -0.000019576 0.003502128 0.000046184 1.000000000 0.000034669 -0.002100059 0.000019575 -0.000034670 1.000000000 -0.001264859
1.000000000 -0.000030546 -0.000017664 0.001436748 0.000030545 1.000000000 -0.000065489 0.004136937 0.000017666 0.000065489 1.000000000 -0.006620312
1.000000000 0.000004773 0.000011474 0.001803633 -0.000004772 1.000000000 -0.000053662 0.001320877 -0.000011474 0.000053662 1.000000000 -0.004657644
1.000000000 -0.000090962 0.000120213 -0.003773348 0.000090972 1.000000000 -0.000088301 0.001958470 -0.000120205 0.000088312 1.000000000 0.003377405
1.000000000 0.000031920 -0.000094921 0.002185921 -0.000031922 1.000000000 -0.000021787 0.002250437 0.000094920 0.000021790 1.000000000 -0.001122264
1.000000000 -0.000190011 -0.000003676 -0.002134494 0.000190011 1.000000000 -0.000006277 -0.000454918 0.000003677 0.000006276 1.000000000 0.002887530
1.000000000 -0.000204577 0.000069709 0.001692652 0.000204616 0.999999821 -0.000562489 -0.005613266 -0.000069594 0.000562504 0.999999821 0.055737633
1.000000000 -0.000194070 0.000068164 0.003465740 0.000194163 0.999999046 -0.001374101 -0.006956172 -0.000067897 0.001374114 0.999999046 0.149260581
1.000000000 -0.000000148 0.000034340 0.007253326 0.000000195 0.999999046 -0.001378491 -0.015853833 -0.000034340 0.001378491 0.999999046 0.262036353
0.999999940 -0.000102972 0.000279590 0.004866443 0.000103332 0.999999166 -0.001285459 -0.020618919 -0.000279458 0.001285488 0.999999106 0.395037621
1.000000000 0.000072571 0.000072686 0.001634886 -0.000072482 0.999999225 -0.001225318 -0.022775169 -0.000072775 0.001225313 0.999999225 0.541290641
0.999999881 0.000050281 0.000420023 0.001659342 -0.000049884 0.999999523 -0.000945358 -0.033978913 -0.000420071 0.000945337 0.999999464 0.691421926
0.999999940 -0.000030888 0.000310120 0.016123328 0.000031131 0.999999702 -0.000784521 -0.039087899 -0.000310096 0.000784531 0.999999642 0.860119462
1.000000000 0.000166813 -0.000044524 0.034063421 -0.000166848 0.999999642 -0.000796431 -0.034784716 0.000044392 0.000796438 0.999999702 1.032605648
0.999999762 0.000314773 0.000608932 0.012381460 -0.000314446 0.999999821 -0.000538022 -0.045463875 -0.000609102 0.000537830 0.999999642 1.210274339
0.999999940 -0.000093986 0.000245870 0.033795021 0.000094066 0.999999940 -0.000324515 -0.056627803 -0.000245840 0.000324538 0.999999940 1.403199077
0.999999940 0.000227866 0.000174230 0.039445199 -0.000227859 1.000000000 -0.000037671 -0.067179896 -0.000174239 0.000037631 1.000000000 1.579765558
0.999999940 0.000061484 0.000272533 0.036633164 -0.000061479 1.000000000 -0.000017400 -0.066913389 -0.000272534 0.000017383 0.999999940 1.819471240
0.999999940 -0.000263998 0.000145228 0.034759674 0.000263924 0.999999821 0.000513731 -0.084564872 -0.000145363 -0.000513692 0.999999881 1.988751054
0.999999940 -0.000006250 0.000279232 0.025395563 0.000006152 0.999999940 0.000350351 -0.081164509 -0.000279233 -0.000350349 0.999999881 2.155289888
0.999999881 0.000313177 0.000352195 0.032253169 -0.000313344 0.999999762 0.000474524 -0.089201398 -0.000352046 -0.000474634 0.999999821 2.369450092
0.999999642 0.000724117 0.000404247 0.033194635 -0.000724307 0.999999583 0.000468944 -0.092451319 -0.000403907 -0.000469237 0.999999821 2.594408274
0.999999940 -0.000268211 -0.000037840 0.042826194 0.000268246 0.999999464 0.000943744 -0.105522603 0.000037587 -0.000943754 0.999999583 2.839006901
0.999999881 -0.000412767 -0.000050010 0.052226752 0.000412819 0.999999344 0.001055937 -0.113857880 0.000049574 -0.001055958 0.999999464 3.084107399
0.999999940 0.000387828 -0.000067283 0.054776430 -0.000387764 0.999999523 0.000941146 -0.116535313 0.000067648 -0.000941120 0.999999583 3.324259996
0.999999881 -0.000569949 -0.000155125 0.064839199 0.000570136 0.999999166 0.001206545 -0.123514108 0.000154437 -0.001206633 0.999999344 3.595404387
0.999999404 -0.000738367 -0.000808281 0.074884124 0.000739878 0.999997973 0.001870200 -0.148045778 0.000806899 -0.001870797 0.999997914 3.818964481
0.999998808 -0.001301627 -0.000837860 0.090928309 0.001303161 0.999997497 0.001832017 -0.152024791 0.000835474 -0.001833106 0.999997973 4.096222878
0.999999285 -0.000898839 -0.000773069 0.091860957 0.000900422 0.999997497 0.002050230 -0.158090740 0.000771224 -0.002050924 0.999997616 4.350762844
0.999999106 -0.001113899 -0.000698745 0.084388383 0.001115441 0.999996901 0.002210119 -0.164177865 0.000696281 -0.002210896 0.999997318 4.590176582
0.999997914 -0.001746553 -0.001064423 0.093832761 0.001748841 0.999996126 0.002152133 -0.188703075 0.001060661 -0.002153989 0.999997139 4.867993832
0.999998450 -0.001428746 -0.001005951 0.099100485 0.001430999 0.999996424 0.002242957 -0.193320766 0.001002743 -0.002244393 0.999996960 5.127780437
0.999998808 -0.001109551 -0.001129112 0.108835131 0.001111832 0.999997377 0.002020829 -0.194470093 0.001126866 -0.002022081 0.999997377 5.406577587
0.999997318 -0.002120602 -0.000923397 0.104506001 0.002122755 0.999994993 0.002336350 -0.209611580 0.000918438 -0.002338303 0.999996901 5.662123203
0.999998152 -0.001698375 -0.000887384 0.116462335 0.001700479 0.999995708 0.002374983 -0.213342726 0.000883346 -0.002376487 0.999996841 5.934625149
0.999998868 -0.001302360 -0.000630376 0.109628156 0.001303711 0.999996781 0.002146857 -0.233169809 0.000627578 -0.002147676 0.999997497 6.225216389
0.999999404 -0.000966916 -0.000478315 0.113338299 0.000967934 0.999997199 0.002134382 -0.239630058 0.000476250 -0.002134843 0.999997616 6.502460480
0.999998510 -0.001574148 -0.000661881 0.120566756 0.001575514 0.999996603 0.002068069 -0.247702256 0.000658623 -0.002069108 0.999997675 6.791382313
0.999997973 -0.001945160 -0.000377484 0.134225085 0.001945960 0.999995828 0.002130683 -0.251041383 0.000373338 -0.002131414 0.999997675 7.104536533
0.999998629 -0.001592166 -0.000430509 0.149178207 0.001593341 0.999994993 0.002742233 -0.271565050 0.000426140 -0.002742915 0.999996185 7.371946812
0.999998569 -0.001535633 -0.000734392 0.133843333 0.001537761 0.999994576 0.002906026 -0.298628002 0.000729925 -0.002907152 0.999995470 7.745446205
0.999998689 -0.001473653 -0.000761724 0.145732909 0.001475838 0.999994755 0.002876248 -0.306603819 0.000757481 -0.002877368 0.999995589 8.062802315
0.999998808 -0.001475902 -0.000458979 0.144791603 0.001477347 0.999993920 0.003163906 -0.317243904 0.000454307 -0.003164580 0.999994934 8.387210846
0.999998689 -0.001374368 -0.000901694 0.154893160 0.001376904 0.999995053 0.002818485 -0.318805128 0.000897816 -0.002819723 0.999995649 8.727526665
0.999999166 -0.001272191 -0.000480597 0.149591506 0.001273535 0.999995291 0.002807177 -0.322828650 0.000477024 -0.002807787 0.999995947 9.092058182
0.999997973 -0.001727995 -0.000965156 0.149570927 0.001731020 0.999993563 0.003142963 -0.344055712 0.000959719 -0.003144627 0.999994576 9.419894218
0.999997854 -0.001756225 -0.001093851 0.161242560 0.001759689 0.999993384 0.003174036 -0.354321539 0.001088270 -0.003175954 0.999994338 9.763635635
0.999997973 -0.001771627 -0.000958585 0.162555575 0.001774561 0.999993742 0.003068523 -0.351980746 0.000953142 -0.003070218 0.999994814 10.114557266
0.999998629 -0.001372401 -0.000839818 0.168233007 0.001374856 0.999994695 0.002929506 -0.371662468 0.000835793 -0.002930657 0.999995291 10.494209290
0.999998927 -0.001339557 -0.000568920 0.175345302 0.001341530 0.999993086 0.003482446 -0.381209701 0.000564251 -0.003483206 0.999993801 10.851514816
0.999996126 -0.002430625 -0.001334799 0.167625636 0.002434696 0.999992311 0.003056197 -0.398498178 0.001327360 -0.003059435 0.999994457 11.259861946
0.999997318 -0.001978777 -0.001187636 0.170220554 0.001982695 0.999992490 0.003306706 -0.414386332 0.001181083 -0.003309051 0.999993861 11.634043694
0.999997020 -0.002200586 -0.001023377 0.176149145 0.002204022 0.999991834 0.003368674 -0.423178762 0.001015956 -0.003370919 0.999993801 12.035069466
0.999997616 -0.001971704 -0.000966922 0.192586094 0.001975381 0.999990821 0.003816511 -0.440287113 0.000959387 -0.003818412 0.999992251 12.392191887
0.999996483 -0.002591302 -0.000462219 0.181559578 0.002592906 0.999990463 0.003503492 -0.452479005 0.000453136 -0.003504679 0.999993742 12.786543846
0.999997377 -0.002282823 -0.000395555 0.192935079 0.002284230 0.999990940 0.003592328 -0.458009899 0.000387350 -0.003593222 0.999993443 13.196962357
0.999998152 -0.001895963 0.000023003 0.191174373 0.001895857 0.999990404 0.003954995 -0.477872133 -0.000030501 -0.003954944 0.999992132 13.589984894
0.999999106 -0.001315123 0.000291338 0.200815022 0.001314018 0.999992073 0.003760296 -0.484986752 -0.000296281 -0.003759910 0.999992907 13.987669945
0.999995589 -0.002836077 -0.000886849 0.220358297 0.002840071 0.999985635 0.004535259 -0.515698791 0.000873974 -0.004537757 0.999989331 14.430316925
0.999994576 -0.003203617 -0.000809877 0.233703315 0.003207241 0.999984682 0.004514021 -0.528173447 0.000795403 -0.004516594 0.999989510 14.865304947
0.999996543 -0.002657358 -0.000081143 0.231604472 0.002657709 0.999985516 0.004689861 -0.533524334 0.000068680 -0.004690060 0.999988973 15.298660278
0.999994874 -0.003201196 0.000061118 0.239539176 0.003200820 0.999980330 0.005388977 -0.555583179 -0.000078368 -0.005388754 0.999985516 15.693171501
0.999995530 -0.002908786 0.000721512 0.243967175 0.002905077 0.999982774 0.005089695 -0.584702790 -0.000736304 -0.005087576 0.999986768 16.144857407
0.999994159 -0.003388908 0.000645617 0.260556847 0.003385655 0.999981940 0.004975023 -0.596902430 -0.000662465 -0.004972809 0.999987423 16.587778091
0.999993742 -0.003408923 0.001055658 0.272101641 0.003403600 0.999981642 0.005003872 -0.602383196 -0.001072697 -0.005000247 0.999986887 17.050874710
0.999995410 -0.002281687 0.002028427 0.277506918 0.002271469 0.999984920 0.005025647 -0.603352487 -0.002039862 -0.005021016 0.999985337 17.517993927
0.999995172 -0.002553828 0.001786309 0.269939035 0.002544569 0.999983430 0.005166198 -0.632255018 -0.001799473 -0.005161628 0.999984980 17.990770340
0.999994874 -0.002451697 0.002101882 0.280171663 0.002441125 0.999984384 0.005018247 -0.641480029 -0.002114152 -0.005013090 0.999985099 18.461576462
0.999993324 -0.002559341 0.002621544 0.295659661 0.002547260 0.999986231 0.004601346 -0.645540833 -0.002633283 -0.004594638 0.999985933 18.931558609
0.999993563 -0.002738667 0.002319320 0.299042791 0.002725959 0.999981344 0.005464824 -0.667403460 -0.002334242 -0.005458468 0.999982357 19.412960052
0.999994099 -0.002652738 0.002192104 0.314559639 0.002640794 0.999981761 0.005433637 -0.681481361 -0.002206476 -0.005427815 0.999982834 19.884977341
0.999993503 -0.002371917 0.002721350 0.324461907 0.002356427 0.999981046 0.005681236 -0.692715883 -0.002734774 -0.005674786 0.999980211 20.378479004
0.999993801 -0.002654334 0.002306952 0.336953104 0.002640268 0.999977946 0.006079342 -0.719149232 -0.002323038 -0.006073213 0.999978840 20.840152740
0.999993086 -0.003391129 0.001565024 0.356370479 0.003381278 0.999974608 0.006255075 -0.736448526 -0.001586197 -0.006249738 0.999979198 21.334615707
0.999994576 -0.003148063 0.000953223 0.361816913 0.003142068 0.999975622 0.006226350 -0.740030944 -0.000972802 -0.006223321 0.999980092 21.856124878
0.999992967 -0.003636127 0.000948764 0.355051339 0.003630988 0.999979019 0.005363199 -0.747908831 -0.000968245 -0.005359717 0.999985099 22.358247757
0.999995291 -0.002962678 0.000875380 0.361330450 0.002957587 0.999979079 0.005761544 -0.766802907 -0.000892431 -0.005758928 0.999982953 22.883436203
0.999998152 -0.001804418 0.000709227 0.358056635 0.001800311 0.999981821 0.005749303 -0.774597108 -0.000719588 -0.005748015 0.999983191 23.413635254
0.999991298 -0.004006393 -0.001141681 0.394431233 0.004012562 0.999977171 0.005453380 -0.783664644 0.001119807 -0.005457914 0.999984503 23.865942001
0.999987602 -0.004678732 -0.001699080 0.404035389 0.004687866 0.999974370 0.005412261 -0.801975846 0.001673714 -0.005420159 0.999983907 24.408298492
0.999992669 -0.003250118 -0.002023415 0.397283494 0.003261968 0.999977410 0.005881342 -0.809871674 0.002004254 -0.005887900 0.999980688 24.935178757
0.999990582 -0.003435685 -0.002652342 0.423113167 0.003450544 0.999978185 0.005618084 -0.819765806 0.002632982 -0.005627182 0.999980688 25.428775787
0.999988973 -0.003685972 -0.002923653 0.428888083 0.003701625 0.999978721 0.005366680 -0.822975636 0.002903809 -0.005377443 0.999981344 25.965925217
0.999992549 -0.002538413 -0.002911577 0.424664795 0.002554477 0.999981403 0.005526549 -0.844559610 0.002897495 -0.005533945 0.999980450 26.525102615
0.999987841 -0.003405632 -0.003586437 0.438770056 0.003427668 0.999975204 0.006156048 -0.860370159 0.003565382 -0.006168265 0.999974668 27.111972809
0.999983132 -0.004109538 -0.004134906 0.429012179 0.004136206 0.999970555 0.006461761 -0.889218807 0.004108230 -0.006478755 0.999970496 27.628599167
0.999985695 -0.003441271 -0.004088384 0.438141406 0.003469269 0.999970436 0.006860689 -0.908921182 0.004064653 -0.006874775 0.999968052 28.176910400
0.999983907 -0.003337842 -0.004585369 0.447837293 0.003368480 0.999971926 0.006690401 -0.916260421 0.004562908 -0.006705740 0.999967039 28.731990814
0.999975085 -0.004223003 -0.005651280 0.479813397 0.004260969 0.999968290 0.006723087 -0.926721811 0.005622709 -0.006747000 0.999961436 29.259922028
0.999976039 -0.003986245 -0.005654878 0.444931090 0.004026659 0.999966323 0.007153451 -0.951760530 0.005626172 -0.007176051 0.999958396 29.762742996
0.999969840 -0.004123481 -0.006581327 0.460349798 0.004172107 0.999964058 0.007392053 -0.960887909 0.006550609 -0.007419289 0.999950945 30.309568405
0.999964774 -0.004674099 -0.006972323 0.471281052 0.004725799 0.999961317 0.007416973 -0.981489956 0.006937386 -0.007449661 0.999948144 30.854026794
0.999962628 -0.003913338 -0.007697159 0.521186411 0.003970076 0.999965012 0.007369921 -0.990701318 0.007668049 -0.007400204 0.999943137 31.361488342
0.999967098 -0.003928638 -0.007088604 0.472484916 0.003986629 0.999958515 0.008185379 -1.023008704 0.007056154 -0.008213369 0.999941349 31.872318268
0.999963403 -0.004522689 -0.007260896 0.482978463 0.004580128 0.999958158 0.007913709 -1.033531427 0.007224802 -0.007946676 0.999942303 32.419982910
0.999971092 -0.003024336 -0.006977113 0.472521901 0.003074047 0.999969900 0.007125210 -1.028441787 0.006955355 -0.007146453 0.999950290 32.969646454
0.999966621 -0.003814562 -0.007228308 0.475074887 0.003871407 0.999961555 0.007866565 -1.060310245 0.007198023 -0.007894286 0.999942958 33.470897675
0.999960244 -0.004076870 -0.007930379 0.483963460 0.004139045 0.999960661 0.007839610 -1.065562725 0.007898106 -0.007872122 0.999937832 34.046524048
0.999964535 -0.003548559 -0.007642133 0.475907803 0.003613100 0.999957740 0.008448270 -1.087878466 0.007611831 -0.008475582 0.999935150 34.575229645
0.999951243 -0.005467678 -0.008234076 0.498073578 0.005540254 0.999945819 0.008817179 -1.116568685 0.008185421 -0.008862368 0.999927223 35.148311615
0.999956071 -0.004578534 -0.008170287 0.496372581 0.004651210 0.999949574 0.008898498 -1.122158885 0.008129133 -0.008936109 0.999927044 35.590957642
0.999949515 -0.004951232 -0.008739329 0.496015072 0.005033201 0.999943256 0.009382369 -1.139999270 0.008692379 -0.009425882 0.999917865 36.147270203
0.999951303 -0.004712898 -0.008669588 0.519158363 0.004793982 0.999944687 0.009355869 -1.150511026 0.008625017 -0.009396976 0.999918640 36.680629730
0.999961257 -0.003707577 -0.007978243 0.497088820 0.003777419 0.999954522 0.008756840 -1.150219083 0.007945413 -0.008786638 0.999929845 37.208969116
0.999959111 -0.004609421 -0.007775513 0.483264595 0.004679071 0.999948919 0.008963406 -1.184271336 0.007733800 -0.008999422 0.999929607 37.790054321
0.999950826 -0.004906485 -0.008615529 0.515075922 0.004987927 0.999942839 0.009457022 -1.201207399 0.008568636 -0.009499531 0.999918163 38.282154083
0.999954522 -0.004437137 -0.008447423 0.514032722 0.004512535 0.999949932 0.008927497 -1.210751772 0.008407389 -0.008965210 0.999924421 38.832164764
0.999945939 -0.005242596 -0.008978185 0.518535554 0.005332053 0.999936104 0.009968941 -1.229727507 0.008925349 -0.010016274 0.999909937 39.332561493
0.999949217 -0.005219796 -0.008624519 0.510193348 0.005304409 0.999937832 0.009817260 -1.228757262 0.008572738 -0.009862510 0.999914646 39.882232666
0.999946117 -0.004795949 -0.009207278 0.554591537 0.004884932 0.999941349 0.009666337 -1.242345333 0.009160379 -0.009710792 0.999910891 40.481201172
0.999941349 -0.004939057 -0.009636032 0.552652717 0.005031265 0.999941587 0.009568447 -1.258521557 0.009588211 -0.009616369 0.999907732 40.983066559
0.999944448 -0.004720640 -0.009417310 0.554026604 0.004808955 0.999944508 0.009377465 -1.264174700 0.009372519 -0.009422232 0.999911666 41.521530151
0.999940693 -0.004967597 -0.009687237 0.565415859 0.005063692 0.999937952 0.009920538 -1.278765559 0.009637354 -0.009969005 0.999903858 42.075416565
0.999928415 -0.005660064 -0.010537100 0.593869686 0.005771557 0.999927342 0.010580823 -1.290457368 0.010476446 -0.010640880 0.999888539 42.622035980
0.999927223 -0.005517787 -0.010722029 0.610679626 0.005617884 0.999940693 0.009328083 -1.283934832 0.010669922 -0.009387640 0.999899030 43.213649750
0.999924719 -0.005652691 -0.010883342 0.615334511 0.005766896 0.999928355 0.010490973 -1.329454184 0.010823259 -0.010552950 0.999885678 43.726238251
0.999931395 -0.006223325 -0.009924809 0.547030747 0.006328401 0.999923825 0.010591139 -1.348992348 0.009858144 -0.010653221 0.999894619 44.209659576
0.999930203 -0.006337296 -0.009970871 0.557522535 0.006440588 0.999925613 0.010361589 -1.356179476 0.009904465 -0.010425085 0.999896586 44.767608643
0.999926507 -0.006451083 -0.010270778 0.577297211 0.006552281 0.999930024 0.009850029 -1.362858176 0.010206515 -0.009916602 0.999898732 45.326099396
0.999919832 -0.007144080 -0.010454132 0.586452961 0.007253118 0.999919236 0.010429666 -1.367953420 0.010378780 -0.010504656 0.999890983 45.843750000
0.999928892 -0.006439163 -0.010029034 0.553174973 0.006550401 0.999916971 0.011098610 -1.413906813 0.009956736 -0.011163519 0.999888122 46.353797913
0.999934196 -0.005469369 -0.010079695 0.562880576 0.005581067 0.999922991 0.011086902 -1.433555126 0.010018283 -0.011142429 0.999887764 46.878749847
0.999926925 -0.005928211 -0.010527125 0.569073319 0.006044163 0.999921083 0.011017158 -1.440205097 0.010460982 -0.011079983 0.999883890 47.450519562
0.999936998 -0.005772002 -0.009627722 0.545727134 0.005880878 0.999918640 0.011318900 -1.444629908 0.009561605 -0.011374806 0.999889612 47.974948883
0.999921322 -0.006775538 -0.010551340 0.587877810 0.006892404 0.999914885 0.011079175 -1.451915026 0.010475373 -0.011151031 0.999882936 48.431194305
0.999921203 -0.006802348 -0.010552449 0.593768179 0.006917702 0.999916315 0.010933759 -1.458491802 0.010477191 -0.011005895 0.999884546 48.973655701
0.999928117 -0.006178229 -0.010279854 0.611517847 0.006291695 0.999919236 0.011042186 -1.464708090 0.010210802 -0.011106070 0.999886215 49.542968750
0.999925315 -0.006554880 -0.010307969 0.616352916 0.006667073 0.999918461 0.010887605 -1.470736027 0.010235759 -0.010955516 0.999887645 50.057903290
0.999932349 -0.005600453 -0.010194775 0.589614034 0.005714175 0.999921322 0.011160130 -1.493618011 0.010131472 -0.011217629 0.999885738 50.513874054
0.999931157 -0.005640348 -0.010288340 0.598501682 0.005749224 0.999927461 0.010583773 -1.495037317 0.010227896 -0.010642194 0.999891102 51.062831879
0.999927282 -0.005848764 -0.010543915 0.596829236 0.005968369 0.999917746 0.011347935 -1.513892770 0.010476679 -0.011410041 0.999880016 51.594669342
0.999920964 -0.006508836 -0.010762619 0.614325643 0.006627737 0.999916911 0.011049046 -1.520655870 0.010689808 -0.011119503 0.999881089 52.163055420
0.999928236 -0.005580912 -0.010600615 0.624221265 0.005697507 0.999923170 0.011000604 -1.517340183 0.010538409 -0.011060212 0.999883294 52.678894043
0.999939382 -0.005059750 -0.009778340 0.587554634 0.005172576 0.999919951 0.011547744 -1.553567052 0.009719129 -0.011597624 0.999885499 53.120998383
0.999938726 -0.005553733 -0.009573872 0.588318944 0.005661754 0.999920249 0.011293095 -1.564068794 0.009510390 -0.011346608 0.999890387 53.643356323
0.999949574 -0.004236365 -0.009102995 0.560277224 0.004338244 0.999927938 0.011201484 -1.570813775 0.009054884 -0.011240412 0.999895811 54.169544220
0.999942899 -0.004396165 -0.009744337 0.623876333 0.004498577 0.999934673 0.010513002 -1.556794643 0.009697484 -0.010556237 0.999897242 54.753139496
0.999941885 -0.004824371 -0.009635161 0.621307075 0.004919756 0.999938846 0.009900596 -1.555632591 0.009586805 -0.009947425 0.999904573 55.318199158
0.999940097 -0.005123126 -0.009671492 0.614780486 0.005235716 0.999918401 0.011652217 -1.603387117 0.009611007 -0.011702157 0.999885321 55.712673187
0.999948978 -0.004901982 -0.008833802 0.620810568 0.005006635 0.999917030 0.011863884 -1.619541645 0.008774914 -0.011907504 0.999890566 56.275257111
0.999940753 -0.005198477 -0.009581666 0.628352463 0.005310020 0.999917984 0.011652758 -1.624975085 0.009520305 -0.011702945 0.999886096 56.797519684
0.999947727 -0.004514371 -0.009172535 0.642693639 0.004619841 0.999923050 0.011509918 -1.637130022 0.009119869 -0.011551690 0.999891698 57.389244080
0.999958515 -0.003908166 -0.008221318 0.660429955 0.004004099 0.999923766 0.011684946 -1.648695230 0.008175025 -0.011717380 0.999897897 57.900798798
0.999935389 -0.005733750 -0.009817591 0.630556881 0.005848588 0.999914348 0.011708654 -1.657039762 0.009749616 -0.011765317 0.999883235 58.330314636
0.999934733 -0.006002807 -0.009716702 0.636098683 0.006113956 0.999915719 0.011449982 -1.664666176 0.009647151 -0.011508642 0.999887228 58.874156952
0.999929905 -0.006642106 -0.009803466 0.644584656 0.006754768 0.999911010 0.011504080 -1.678225756 0.009726183 -0.011569496 0.999885738 59.402721405
0.999943018 -0.005361469 -0.009226673 0.630099833 0.005474164 0.999910235 0.012232463 -1.690298557 0.009160262 -0.012282275 0.999882579 59.928043365
0.999928176 -0.005073784 -0.010859598 0.770331562 0.005199547 0.999919355 0.011584115 -1.676722288 0.010799949 -0.011639749 0.999873877 60.432441711
0.999927878 -0.005871035 -0.010474901 0.695748866 0.006006465 0.999898195 0.012944713 -1.724312544 0.010397837 -0.013006697 0.999861360 60.831916809
0.999940991 -0.004898693 -0.009693475 0.687080383 0.005021593 0.999906838 0.012695113 -1.736024857 0.009630384 -0.012743044 0.999872446 61.375423431
0.999928594 -0.005877379 -0.010405646 0.708275616 0.006006802 0.999904454 0.012450361 -1.742699027 0.010331477 -0.012511976 0.999868333 61.923000336
0.999935806 -0.005315010 -0.009998254 0.695635200 0.005440513 0.999906301 0.012567445 -1.745093584 0.009930523 -0.012621037 0.999871016 62.482646942
0.999933541 -0.005302429 -0.010236283 0.730994463 0.005432129 0.999904871 0.012684691 -1.757580757 0.010168049 -0.012739454 0.999867141 63.058624268
0.999933660 -0.005953606 -0.009857665 0.661534667 0.006083728 0.999894083 0.013223111 -1.797898054 0.009777895 -0.013282205 0.999863982 63.433769226
0.999928594 -0.006101141 -0.010268634 0.658532500 0.006237496 0.999892056 0.013299578 -1.806385279 0.010186384 -0.013362679 0.999858856 63.973285675
0.999938965 -0.004928092 -0.009882212 0.673535824 0.005059393 0.999898732 0.013305960 -1.825340033 0.009815636 -0.013355147 0.999862671 64.511459351
0.999938250 -0.005700444 -0.009534289 0.670951128 0.005829533 0.999890924 0.013566861 -1.824023128 0.009455913 -0.013621605 0.999862552 65.050697327
0.999926209 -0.006731557 -0.010108974 0.701727092 0.006865433 0.999888480 0.013267473 -1.835797668 0.010018535 -0.013335897 0.999860883 65.590171814
0.999915600 -0.007189034 -0.010822813 0.692036033 0.007341363 0.999873579 0.014101395 -1.847512245 0.010720072 -0.014179659 0.999841988 65.991241455
0.999941468 -0.005595297 -0.009262857 0.679968596 0.005719274 0.999893606 0.013412310 -1.849072099 0.009186828 -0.013464499 0.999867141 66.553871155
0.999931991 -0.006312753 -0.009808272 0.702675521 0.006448290 0.999883294 0.013848985 -1.863982201 0.009719702 -0.013911287 0.999855995 67.060493469
0.999915361 -0.007924232 -0.010316332 0.716087639 0.008061643 0.999878287 0.013346944 -1.858875632 0.010209314 -0.013428980 0.999857724 67.576713562
0.999913812 -0.007299440 -0.010915010 0.689082563 0.007451748 0.999874532 0.013978913 -1.868396640 0.010811604 -0.014059044 0.999842644 68.077896118
0.999922693 -0.006464470 -0.010617138 0.702910364 0.006621708 0.999867916 0.014842154 -1.912175059 0.010519787 -0.014911312 0.999833405 68.552749634
0.999929488 -0.006656203 -0.009833212 0.694909096 0.006798152 0.999872088 0.014473492 -1.913179159 0.009735616 -0.014539319 0.999846816 69.108924866
0.999914467 -0.007880094 -0.010435324 0.710138023 0.008036532 0.999854565 0.015035102 -1.936023474 0.010315330 -0.015117682 0.999832451 69.692291260
0.999918401 -0.007280916 -0.010499002 0.699933231 0.007440829 0.999855697 0.015273467 -1.947998524 0.010386281 -0.015350341 0.999828219 70.235618591
0.999923348 -0.006596732 -0.010478855 0.704527199 0.006762539 0.999851227 0.015867135 -1.969184637 0.010372626 -0.015936783 0.999819160 70.639274597
0.999925673 -0.006853353 -0.010090730 0.707184792 0.007009687 0.999854684 0.015539940 -1.971381068 0.009982764 -0.015609517 0.999828279 71.211387634
0.999927700 -0.006239212 -0.010275427 0.714029551 0.006398511 0.999858737 0.015543785 -1.983171225 0.010176996 -0.015608408 0.999826372 71.761520386
0.999930441 -0.005829072 -0.010258643 0.717984498 0.005994733 0.999850988 0.016192563 -1.993351340 0.010162725 -0.016252933 0.999816239 72.339569092
0.999916732 -0.007247989 -0.010678488 0.736816645 0.007421006 0.999840379 0.016252939 -1.997743845 0.010558981 -0.016330833 0.999810815 72.753524780
0.999913156 -0.007582327 -0.010781115 0.745311677 0.007755236 0.999840498 0.016087700 -2.003867149 0.010657412 -0.016169915 0.999812424 73.311599731
0.999912143 -0.007566811 -0.010885802 0.756986022 0.007740211 0.999842465 0.015976075 -2.015797138 0.010763198 -0.016058929 0.999813080 73.840904236
0.999907613 -0.008231323 -0.010819202 0.746989667 0.008406787 0.999832273 0.016273670 -2.013835907 0.010683434 -0.016363123 0.999808967 74.490623474
0.999906957 -0.008055837 -0.011008860 0.748914003 0.008236624 0.999830306 0.016476545 -2.027021408 0.010874261 -0.016565690 0.999803662 74.944892883
0.999912083 -0.007422829 -0.010991024 0.754291892 0.007605121 0.999832571 0.016637791 -2.035642147 0.010865685 -0.016719917 0.999801219 75.492393494
0.999902248 -0.008064300 -0.011422909 0.765249193 0.008254820 0.999825895 0.016731001 -2.037401915 0.011285997 -0.016823661 0.999794841 76.056274414
0.999906719 -0.008193629 -0.010923109 0.774544477 0.008374664 0.999826610 0.016632356 -2.045898438 0.010784935 -0.016722284 0.999802053 76.644371033
0.999900877 -0.007982015 -0.011594331 0.803389132 0.008180574 0.999818861 0.017180223 -2.089960098 0.011455098 -0.017273368 0.999785185 77.077178955
0.999894381 -0.008665205 -0.011666279 0.806955516 0.008862256 0.999817073 0.016946208 -2.084706306 0.011517302 -0.017047806 0.999788344 77.640838623
0.999892116 -0.008719817 -0.011822919 0.815596938 0.008917715 0.999819160 0.016790386 -2.074724674 0.011674373 -0.016894009 0.999789178 78.177795410
0.999916852 -0.007095773 -0.010767337 0.769414186 0.007278688 0.999828160 0.017044887 -2.104149342 0.010644540 -0.017121842 0.999796748 78.758422852
0.999912620 -0.008457370 -0.010158439 0.801973581 0.008631140 0.999814987 0.017185595 -2.108046532 0.010011213 -0.017271774 0.999800682 79.245986938
0.999917984 -0.009231002 -0.008864615 0.799298942 0.009381782 0.999809325 0.017121006 -2.113853693 0.008704879 -0.017202770 0.999814093 79.814926147
0.999938130 -0.008278776 -0.007423395 0.814960063 0.008405545 0.999816477 0.017211519 -2.130173683 0.007279542 -0.017272854 0.999824345 80.376647949
0.999951243 -0.007509519 -0.006405527 0.812743962 0.007624395 0.999807060 0.018102039 -2.144695759 0.006268351 -0.018149996 0.999815583 80.882286072
0.999963284 -0.007872406 -0.003379320 0.812953413 0.007932327 0.999804735 0.018100396 -2.171990871 0.003236167 -0.018126534 0.999830484 81.392349243
0.999968231 -0.007971832 -0.000201039 0.840167880 0.007974182 0.999798894 0.018403826 -2.187973499 0.000054286 -0.018404841 0.999830663 81.922668457
0.999965489 -0.007672450 0.003190318 0.846737146 0.007612193 0.999800026 0.018488852 -2.176609993 -0.003331535 -0.018463932 0.999823928 82.486907959
0.999937832 -0.009011850 0.006570251 0.888192177 0.008896528 0.999809444 0.017375216 -2.162511110 -0.006725582 -0.017315678 0.999827445 83.013671875
0.999885142 -0.007978805 0.012884378 0.886842489 0.007740959 0.999800622 0.018405620 -2.193922043 -0.013028664 -0.018303765 0.999747574 83.528358459
0.999789774 -0.008233458 0.018775882 0.916743040 0.007885983 0.999797642 0.018505959 -2.204303026 -0.018924452 -0.018354002 0.999652445 84.079254150
0.999674261 -0.007702725 0.024332730 0.940481305 0.007248285 0.999798656 0.018709401 -2.201741457 -0.024471946 -0.018526932 0.999528766 84.586929321
0.999439955 -0.007634674 0.032577988 0.979071617 0.007035036 0.999804437 0.018481327 -2.201524734 -0.032712720 -0.018241789 0.999298334 85.127510071
0.999122202 -0.007742512 0.041169070 1.015302181 0.006957026 0.999791682 0.019188667 -2.239936829 -0.041309070 -0.018885404 0.998967946 85.688568115
0.998818696 -0.007193545 0.048056573 1.068973064 0.006259519 0.999789119 0.019558288 -2.246637344 -0.048187133 -0.019234370 0.998653114 86.212776184
0.998378217 -0.008618454 0.056273546 1.144212484 0.007534171 0.999782383 0.019451907 -2.258863449 -0.056428950 -0.018996382 0.998225927 86.755256653
0.997766674 -0.008649578 0.066233359 1.196869850 0.007365670 0.999780655 0.019604359 -2.272973061 -0.066388413 -0.019072723 0.997611523 87.317932129
0.997110963 -0.008913896 0.075434096 1.235280037 0.007437808 0.999775767 0.019826276 -2.285055161 -0.075593896 -0.019207934 0.996953666 87.849143982
0.996519566 -0.010159441 0.082737528 1.317035675 0.008586688 0.999776065 0.019342631 -2.299935818 -0.082915507 -0.018564874 0.996383548 88.359260559
0.995581508 -0.010371653 0.093326688 1.382140160 0.008558079 0.999767125 0.019811831 -2.294816971 -0.093510427 -0.018925598 0.995438397 88.917457581
0.994511306 -0.009535004 0.104194045 1.470019341 0.007538133 0.999780595 0.019541943 -2.314261913 -0.104357533 -0.018649254 0.994364977 89.441520691
0.993533850 -0.010460004 0.113053344 1.543334961 0.008175262 0.999753237 0.020654172 -2.330887794 -0.113241509 -0.019596377 0.993374228 89.952239990
0.992186666 -0.009518798 0.124398649 1.624455452 0.006928138 0.999750316 0.021241510 -2.338961124 -0.124569811 -0.020213690 0.992004931 90.496215820
0.990598917 -0.009369323 0.136477068 1.715111732 0.006587473 0.999761522 0.020820675 -2.338036537 -0.136639610 -0.019725900 0.990424395 91.043792725
0.989050746 -0.010673847 0.147189200 1.822540283 0.007723486 0.999757946 0.020601675 -2.333461285 -0.147373483 -0.019239286 0.988893747 91.591644287
0.987543404 -0.009703712 0.157047465 1.911779404 0.006364524 0.999743164 0.021751221 -2.351536036 -0.157218203 -0.020480737 0.987351537 92.098045349
0.985652745 -0.011791041 0.168373406 2.067034721 0.008176067 0.999721348 0.022147149 -2.378872871 -0.168587640 -0.020452764 0.985474408 92.491851807
0.983342290 -0.011091268 0.181425452 2.142300606 0.007215212 0.999731839 0.022010526 -2.355948210 -0.181620911 -0.020334860 0.983158350 93.180587769
0.981382310 -0.011829707 0.191699684 2.269819260 0.007756109 0.999728203 0.021986388 -2.357406139 -0.191907659 -0.020090206 0.981207311 93.715141296
0.978615105 -0.011235572 0.205392957 2.409847260 0.006811957 0.999729633 0.022231773 -2.359484911 -0.205587208 -0.020357220 0.978426993 94.259101868
0.975698709 -0.012019785 0.218786418 2.551824570 0.007262700 0.999719739 0.022534344 -2.359140396 -0.218995944 -0.020397745 0.975512564 94.770675659
0.972918451 -0.011545234 0.230860189 2.688076019 0.006413142 0.999715626 0.022968391 -2.382975101 -0.231059715 -0.020865835 0.972715914 95.330635071
0.969954908 -0.011733442 0.243001625 2.847751617 0.006330174 0.999715328 0.023004446 -2.390766382 -0.243202418 -0.020775037 0.969753087 95.848495483
0.966399968 -0.011060012 0.256804645 3.020385742 0.005081438 0.999700725 0.023932578 -2.411100864 -0.256992489 -0.021823514 0.966166973 96.346450806
0.962745667 -0.010449424 0.270206571 3.175191879 0.004317116 0.999719679 0.023279265 -2.392978668 -0.270374119 -0.021245500 0.962520838 96.971504211
0.959804833 -0.012444077 0.280392349 3.393775940 0.006021045 0.999699593 0.023757108 -2.423428059 -0.280603796 -0.021113932 0.959591389 97.479202271
0.955251575 -0.011051223 0.295588017 3.521966934 0.004030103 0.999695301 0.024351772 -2.426810265 -0.295767128 -0.022070818 0.955005050 98.047622681
0.950887024 -0.011777527 0.309313923 3.722068787 0.004432075 0.999691367 0.024439542 -2.431640863 -0.309506327 -0.021868343 0.950645924 98.563606262
0.946920335 -0.010783042 0.321287215 3.902120590 0.003165475 0.999701500 0.024222480 -2.428778410 -0.321452469 -0.021919731 0.946671963 99.075126648
0.942642868 -0.011509466 0.333604544 4.106931686 0.003482801 0.999690056 0.024648530 -2.442236423 -0.333784878 -0.022072885 0.942390800 99.584869385
0.937403321 -0.011540680 0.348054260 4.335666656 0.002738704 0.999664068 0.025770508 -2.458961964 -0.348234832 -0.023204137 0.937120080 100.152801514
0.932838857 -0.012379308 0.360081106 4.559619904 0.003501654 0.999673784 0.025296507 -2.455672264 -0.360276788 -0.022336682 0.932577968 100.674308777
0.927922189 -0.011677795 0.372590870 4.782163620 0.002371164 0.999673784 0.025426636 -2.465767145 -0.372766227 -0.022710465 0.927647293 101.188293457
0.922336102 -0.012575735 0.386183798 5.005435944 0.002804838 0.999661744 0.025854217 -2.472739220 -0.386378288 -0.022763094 0.922059417 101.627220154
0.917025805 -0.014197942 0.398575306 5.239345551 0.004115986 0.999649823 0.026139366 -2.496380091 -0.398806930 -0.022329938 0.916762948 102.076362610
0.911975145 -0.013236697 0.410031706 5.508316040 0.002837202 0.999658883 0.025960734 -2.462866306 -0.410235465 -0.022512205 0.911701739 102.716812134
0.906288862 -0.013178608 0.422453225 5.759841919 0.002390523 0.999657571 0.026056357 -2.467848539 -0.422651947 -0.022604702 0.906010151 103.196151733
0.899761081 -0.013122045 0.436185479 6.019298553 0.001818096 0.999651730 0.026322808 -2.482525587 -0.436379015 -0.022891210 0.899471700 103.668838501
0.893903375 -0.013591944 0.448053688 6.288295746 0.002106788 0.999656558 0.026121899 -2.479938984 -0.448254824 -0.022406496 0.893624961 104.181877136
0.888277352 -0.014734245 0.459071219 6.568592072 0.002766362 0.999638736 0.026731426 -2.484877110 -0.459299237 -0.022474961 0.887997210 104.657852173
