1.000000000 0.000000000 0.000000000 0.000000000 0.000000000 1.000000000 0.000000000 0.000000000 0.000000000 0.000000000 1.000000000 0.000000000
1.000000000 0.000052204 -0.000012257 -0.000256270 -0.000052204 1.000000000 0.000009404 -0.000677226 0.000012258 -0.000009403 1.000000000 0.000997288
1.000000000 -0.000025680 -0.000028427 0.001261605 0.000025681 1.000000000 0.000042702 -0.000963737 0.000028426 -0.000042702 1.000000000 0.000513422
1.000000000 -0.000054635 -0.000077134 0.001867127 0.000054632 1.000000000 -0.000034454 -0.000935808 0.000077136 0.000034450 1.000000000 -0.001146707
1.000000000 -0.000110779 -0.000112920 0.001518473 0.000110788 1.000000000 0.000074291 -0.000864259 0.000112912 -0.000074303 1.000000000 -0.000403643
1.000000000 -0.000111523 -0.000106774 -0.000166892 0.000111521 1.000000000 -0.000014984 0.001179085 0.000106775 0.000014972 1.000000000 0.002294019
1.000000000 -0.000118921 -0.000079136 0.001233281 0.000118925 1.000000000 0.000058179 -0.000463972 0.000079129 -0.000058189 1.000000000 0.000578346
1.000000000 -0.000102446 -0.000030240 -0.000121066 0.000102448 1.000000000 0.000071460 -0.001063063 0.000030233 -0.000071463 1.000000000 -0.000922518
1.000000000 0.000036939 -0.000061277 0.000776664 -0.000036936 1.000000000 0.000047093 -0.000343623 0.000061279 -0.000047090 1.000000000 -0.000869810
1.000000000 0.000041789 0.000006831 -0.000330665 -0.000041789 1.000000000 0.000042478 0.000378332 -0.000006830 -0.000042478 1.000000000 0.002448866
1.000000000 0.000011010 -0.000013948 0.000312486 -0.000011009 1.000000000 0.000010471 0.000039548 0.000013948 -0.000010471 1.000000000 0.000452395
1.000000000 -0.000069332 -0.000089132 0.001016283 0.000069339 1.000000000 0.000077424 -0.000572591 0.000089127 -0.000077430 1.000000000 -0.000207157
1.000000000 -0.000054515 -0.000053333 0.000698078 0.000054514 1.000000000 -0.000026850 0.000998005 0.000053335 0.000026847 1.000000000 0.002949796
1.000000000 -0.000160425 -0.000120830 0.000754293 0.000160436 1.000000000 0.000095208 -0.000273344 0.000120815 -0.000095228 1.000000000 0.000381705
1.000000000 -0.000101993 -0.000125523 0.001419294 0.000101999 1.000000000 0.000046945 -0.000578279 0.000125519 -0.000046958 1.000000000 -0.003794979
1.000000000 -0.000031013 -0.000101641 0.002557437 0.000031024 1.000000000 0.000107294 -0.000886352 0.000101637 -0.000107297 1.000000000 -0.001478322
1.000000000 -0.000056924 -0.000046396 0.001409023 0.000056930 1.000000000 0.000110182 -0.000786536 0.000046390 -0.000110184 1.000000000 -0.002872169
1.000000000 -0.000040173 -0.000058991 0.001979445 0.000040176 1.000000000 0.000038099 -0.000023071 0.000058989 -0.000038102 1.000000000 0.000620964
1.000000000 0.000060121 -0.000074997 0.001967945 -0.000060112 1.000000000 0.000112078 -0.000897556 0.000075004 -0.000112073 1.000000000 -0.002500026
1.000000000 -0.000127285 -0.000106977 0.002142250 0.000127289 1.000000000 0.000037766 -0.000993220 0.000106972 -0.000037780 1.000000000 -0.002589431
1.000000000 -0.000123676 -0.000134074 0.001784263 0.000123682 1.000000000 0.000049838 0.000243205 0.000134068 -0.000049854 1.000000000 0.001508661
1.000000000 -0.000118387 -0.000089600 0.001384850 0.000118396 1.000000000 0.000102187 -0.002074663 0.000089588 -0.000102198 1.000000000 -0.005084946
1.000000000 0.000003075 -0.000152419 0.004371027 -0.000003061 1.000000000 0.000091555 -0.000549049 0.000152420 -0.000091555 1.000000000 -0.001258095
1.000000000 -0.000105547 -0.000172467 0.003815192 0.000105560 1.000000000 0.000075939 -0.001098757 0.000172459 -0.000075957 1.000000000 -0.002261252
1.000000000 -0.000141290 -0.000132754 0.002712882 0.000141300 1.000000000 0.000076092 -0.000994203 0.000132743 -0.000076110 1.000000000 -0.002578054
1.000000000 -0.000078630 -0.000138378 0.003274289 0.000078640 1.000000000 0.000071844 -0.000365322 0.000138372 -0.000071855 1.000000000 -0.000487890
1.000000000 -0.000137304 -0.000129139 0.004068056 0.000137310 1.000000000 0.000045810 0.000060554 0.000129132 -0.000045827 1.000000000 -0.001336629
1.000000000 -0.000145089 -0.000143845 0.002621109 0.000145105 1.000000000 0.000113297 -0.000439471 0.000143828 -0.000113318 1.000000000 -0.002466895
1.000000000 -0.000176480 -0.000088550 0.000849849 0.000176485 1.000000000 0.000063694 -0.001287042 0.000088539 -0.000063710 1.000000000 -0.002668719
1.000000000 -0.000067744 -0.000171131 0.004232360 0.000067775 1.000000000 0.000183089 -0.002240582 0.000171119 -0.000183101 0.999999940 -0.004630280
1.000000000 -0.000133476 -0.000151830 0.003427770 0.000133485 1.000000000 0.000058320 -0.000336278 0.000151822 -0.000058341 1.000000000 -0.003061787
1.000000000 -0.000126137 -0.000155919 0.002987067 0.000126148 1.000000000 0.000071003 -0.000449776 0.000155910 -0.000071023 1.000000000 -0.001612230
1.000000000 -0.000158630 -0.000150197 0.003847692 0.000158649 1.000000000 0.000127999 -0.001352745 0.000150177 -0.000128023 1.000000000 -0.005049471
1.000000000 -0.000050978 -0.000110653 0.002975927 0.000050984 1.000000000 0.000046732 -0.000447381 0.000110651 -0.000046738 1.000000000 -0.003452678
1.000000000 -0.000071702 -0.000135564 0.002526221 0.000071712 1.000000000 0.000075956 -0.000616484 0.000135559 -0.000075966 1.000000000 -0.001366500
1.000000000 -0.000136231 -0.000115064 0.001794168 0.000136244 1.000000000 0.000112995 -0.001239459 0.000115049 -0.000113010 1.000000000 -0.005101233
0.999999940 -0.000174084 -0.000197625 0.003492293 0.000174098 1.000000000 0.000069357 -0.000771364 0.000197613 -0.000069392 1.000000000 -0.003400853
1.000000000 -0.000109836 -0.000152483 0.004054481 0.000109855 1.000000000 0.000124724 -0.000469454 0.000152470 -0.000124740 1.000000000 -0.005825158
1.000000000 -0.000058690 -0.000083099 0.001027221 0.000058693 1.000000000 0.000032360 -0.000124226 0.000083097 -0.000032365 1.000000000 -0.000694964
1.000000000 -0.000139764 -0.000174924 0.003087628 0.000139793 1.000000000 0.000169676 -0.001322796 0.000174900 -0.000169701 1.000000000 -0.003712100
1.000000000 -0.000101244 -0.000209608 0.005488926 0.000101256 1.000000000 0.000055177 -0.001857024 0.000209602 -0.000055199 1.000000000 -0.002576796
1.000000000 -0.000217921 -0.000060648 0.002484688 0.000217889 0.999999821 -0.000526788 -0.002533308 0.000060763 0.000526775 0.999999881 0.050893091
1.000000000 0.000066922 -0.000094557 0.003354223 -0.000067033 0.999999285 -0.001176645 -0.004993581 0.000094478 0.001176652 0.999999285 0.139034316
1.000000000 -0.000081721 0.000002618 0.004740844 0.000081725 0.999998868 -0.001484731 -0.008617920 -0.000002497 0.001484732 0.999998927 0.255077392
1.000000000 -0.000022400 0.000031317 0.006434716 0.000022446 0.999998927 -0.001465746 -0.011348115 -0.000031284 0.001465747 0.999998927 0.390147537
1.000000000 0.000050031 0.000014984 0.008814404 -0.000050013 0.999999285 -0.001214115 -0.017060999 -0.000015045 0.001214114 0.999999285 0.529004753
1.000000000 0.000207104 0.000086510 0.012246444 -0.000207011 0.999999404 -0.001077837 -0.024269596 -0.000086734 0.001077819 0.999999404 0.681651115
1.000000000 0.000042385 0.000175004 0.013254794 -0.000042232 0.999999642 -0.000873289 -0.027707687 -0.000175041 0.000873281 0.999999583 0.842695951
0.999999881 0.000379387 0.000257093 0.014345868 -0.000379198 0.999999642 -0.000734381 -0.027419146 -0.000257372 0.000734283 0.999999702 1.020573497
0.999999940 0.000329764 0.000016943 0.024497880 -0.000329755 0.999999821 -0.000521968 -0.038250364 -0.000017115 0.000521962 0.999999881 1.189865232
1.000000000 0.000078022 0.000038145 0.029199043 -0.000078013 0.999999940 -0.000250148 -0.043637473 -0.000038164 0.000250145 0.999999940 1.370725393
0.999999940 0.000361847 0.000005990 0.028887276 -0.000361846 1.000000000 -0.000216373 -0.041590590 -0.000006068 0.000216371 1.000000000 1.586361289
1.000000000 -0.000138777 0.000204558 0.033610910 0.000138787 1.000000000 -0.000048912 -0.047988523 -0.000204551 0.000048940 1.000000000 1.778012276
0.999999940 -0.000370438 -0.000025897 0.046073627 0.000370446 0.999999940 0.000294731 -0.056540873 0.000025788 -0.000294740 1.000000000 1.981677175
0.999999940 0.000343312 0.000284308 0.036759321 -0.000343351 1.000000000 0.000139054 -0.059355892 -0.000284260 -0.000139151 1.000000000 2.198837757
0.999999762 0.000679575 0.000102241 0.042886332 -0.000679599 0.999999762 0.000237493 -0.059071697 -0.000102079 -0.000237563 0.999999940 2.420524836
0.999999881 0.000521198 -0.000136641 0.051124819 -0.000521185 0.999999940 0.000090792 -0.063496418 0.000136688 -0.000090720 0.999999940 2.644475937
0.999999821 0.000629795 0.000140984 0.054091569 -0.000629812 0.999999821 0.000126202 -0.072549313 -0.000140904 -0.000126291 0.999999940 2.876839638
1.000000000 0.000364993 0.000053802 0.063010253 -0.000365017 0.999999940 0.000447023 -0.079316609 -0.000053639 -0.000447043 0.999999881 3.095753431
0.999999940 0.000371367 -0.000002394 0.059768878 -0.000371367 0.999999940 0.000151234 -0.082403228 0.000002450 -0.000151233 0.999999940 3.341404915
0.999999881 0.000391830 0.000376909 0.065421373 -0.000391972 0.999999881 0.000377694 -0.096339151 -0.000376761 -0.000377841 0.999999821 3.578232527
0.999999762 0.000611922 0.000393820 0.071696855 -0.000612189 0.999999642 0.000678158 -0.103499785 -0.000393405 -0.000678399 0.999999702 3.828164577
0.999999762 0.000364800 0.000538204 0.076279961 -0.000365143 0.999999702 0.000636806 -0.113259159 -0.000537972 -0.000637003 0.999999583 4.088297844
0.999999762 0.000314845 0.000595253 0.076469481 -0.000315630 0.999999046 0.001318547 -0.122402154 -0.000594837 -0.001318735 0.999998868 4.343811035
0.999999821 0.000336961 0.000465220 0.082236290 -0.000337612 0.999998987 0.001399908 -0.130984604 -0.000464748 -0.001400065 0.999998868 4.595750809
0.999999702 0.000258003 0.000596236 0.088772975 -0.000259021 0.999998510 0.001707632 -0.139901295 -0.000595795 -0.001707786 0.999998331 4.847861290
0.999999762 0.000520068 0.000462249 0.095033973 -0.000520836 0.999998510 0.001662026 -0.149785459 -0.000461384 -0.001662266 0.999998510 5.118027210
0.999999940 0.000330780 0.000382604 0.101397254 -0.000331385 0.999998689 0.001582144 -0.155934200 -0.000382081 -0.001582271 0.999998689 5.381176949
0.999999583 0.000784227 0.000525317 0.104925446 -0.000785102 0.999998271 0.001667995 -0.164663196 -0.000524008 -0.001668406 0.999998450 5.652824879
0.999999583 0.000819208 0.000464307 0.109632194 -0.000820080 0.999997854 0.001881458 -0.174041614 -0.000462765 -0.001881838 0.999998152 5.918323040
1.000000000 0.000163273 0.000316717 0.119343884 -0.000163852 0.999998331 0.001827723 -0.187015191 -0.000316418 -0.001827775 0.999998271 6.194329262
0.999999523 0.000627794 0.000711594 0.119168490 -0.000629138 0.999998033 0.001890811 -0.197097152 -0.000710405 -0.001891258 0.999997914 6.489945889
0.999999583 0.000590651 0.000561358 0.132055804 -0.000591777 0.999997735 0.002007544 -0.211779833 -0.000560170 -0.002007875 0.999997854 6.761198521
0.999999344 0.000721918 0.000842015 0.132718101 -0.000723630 0.999997675 0.002035195 -0.219349682 -0.000840544 -0.002035803 0.999997616 7.061887741
0.999999523 0.000667931 0.000699189 0.143451273 -0.000669386 0.999997675 0.002082961 -0.228418544 -0.000697796 -0.002083428 0.999997556 7.352359295
0.999999344 0.000686694 0.000894615 0.150726750 -0.000688703 0.999997258 0.002248126 -0.242088810 -0.000893069 -0.002248740 0.999997020 7.656173706
0.999999762 0.000153276 0.000616385 0.156310275 -0.000154557 0.999997854 0.002078912 -0.250836909 -0.000616065 -0.002079007 0.999997616 7.993811607
0.999999821 0.000019666 0.000526940 0.163599700 -0.000020743 0.999997914 0.002043687 -0.255311251 -0.000526898 -0.002043698 0.999997795 8.315917015
0.999999821 0.000283898 0.000658820 0.168196291 -0.000285263 0.999997795 0.002071284 -0.267224520 -0.000658231 -0.002071472 0.999997675 8.640483856
0.999999106 0.000639475 0.001158177 0.170708194 -0.000642078 0.999997258 0.002248842 -0.275597334 -0.001156735 -0.002249583 0.999996841 8.992386818
0.999999225 0.000630018 0.001096149 0.176203996 -0.000632556 0.999997139 0.002315753 -0.289314210 -0.001094687 -0.002316444 0.999996781 9.326282501
0.999999225 0.000636139 0.001092522 0.183263600 -0.000639378 0.999995410 0.002966567 -0.314759046 -0.001090630 -0.002967263 0.999994934 9.663052559
0.999999106 0.000952865 0.001004804 0.193476871 -0.000955904 0.999995053 0.003028417 -0.323013097 -0.001001913 -0.003029375 0.999994874 10.002095222
0.999999285 0.000440483 0.001069095 0.199684307 -0.000443582 0.999995708 0.002900039 -0.332333624 -0.001067813 -0.002900511 0.999995232 10.373604774
0.999999404 0.000319358 0.001063148 0.213072941 -0.000322664 0.999995112 0.003111014 -0.348917007 -0.001062150 -0.003111355 0.999994516 10.743007660
0.999999166 0.000051200 0.001284015 0.219922110 -0.000055343 0.999994755 0.003227104 -0.357467711 -0.001283843 -0.003227173 0.999993920 11.106015205
0.999999106 0.000300490 0.001270670 0.229181483 -0.000304545 0.999994814 0.003192507 -0.368337452 -0.001269704 -0.003192891 0.999994099 11.485780716
0.999999404 0.000389218 0.001145958 0.238733143 -0.000393002 0.999994457 0.003303533 -0.387099922 -0.001144666 -0.003303980 0.999993861 11.848708153
0.999999523 -0.000072865 0.000924508 0.250448167 0.000069694 0.999994099 0.003429486 -0.400680512 -0.000924752 -0.003429420 0.999993682 12.234497070
0.999998927 0.000705888 0.001356205 0.256250888 -0.000710615 0.999993682 0.003487969 -0.409173012 -0.001353734 -0.003488929 0.999992967 12.623210907
0.999999344 0.000307402 0.001161006 0.270250320 -0.000311811 0.999992788 0.003799552 -0.426004708 -0.001159830 -0.003799911 0.999992132 12.983952522
0.999999762 0.000060600 0.000666355 0.284878612 -0.000063321 0.999991596 0.004084980 -0.444473028 -0.000666102 -0.004085021 0.999991417 13.363564491
0.999998987 -0.000076691 0.001422558 0.273942798 0.000071087 0.999992251 0.003938815 -0.453152508 -0.001422849 -0.003938710 0.999991179 13.797084808
0.999997735 0.000885160 0.001923132 0.280912727 -0.000892930 0.999991417 0.004042863 -0.463248968 -0.001919537 -0.004044571 0.999989927 14.216359138
0.999998093 0.000194923 0.001964556 0.296275944 -0.000203132 0.999991238 0.004179376 -0.474418044 -0.001963724 -0.004179766 0.999989390 14.654038429
0.999997020 0.000264364 0.002432795 0.299804091 -0.000275802 0.999988914 0.004702510 -0.488181591 -0.002431525 -0.004703166 0.999985993 15.078087807
0.999997437 -0.000362061 0.002223822 0.312013656 0.000350868 0.999987245 0.005031858 -0.516656578 -0.002225615 -0.005031065 0.999984860 15.471631050
0.999996305 0.000047941 0.002712353 0.322152734 -0.000061475 0.999987543 0.004989859 -0.526001155 -0.002712080 -0.004990007 0.999983907 15.919939041
0.999995828 0.000256194 0.002881892 0.332850009 -0.000271301 0.999986291 0.005242773 -0.536755443 -0.002880509 -0.005243533 0.999982119 16.368124008
0.999995708 -0.000455909 0.002875499 0.346811146 0.000440896 0.999986291 0.005219511 -0.558692276 -0.002877839 -0.005218221 0.999982238 16.804992676
0.999995649 -0.000597425 0.002871373 0.360855997 0.000582442 0.999986231 0.005216043 -0.567227542 -0.002874450 -0.005214348 0.999982238 17.266258240
0.999993920 -0.000827134 0.003365269 0.373994738 0.000808333 0.999984026 0.005584207 -0.580817699 -0.003369834 -0.005581453 0.999978662 17.725893021
0.999993622 -0.000861759 0.003476956 0.386441320 0.000843229 0.999985456 0.005327258 -0.593374014 -0.003481496 -0.005324292 0.999979794 18.197267532
0.999992788 -0.000611152 0.003753461 0.400656521 0.000588507 0.999981642 0.006031113 -0.615334451 -0.003757078 -0.006028859 0.999974787 18.652824402
0.999992847 -0.000709289 0.003711779 0.417032331 0.000686459 0.999980807 0.006148341 -0.627782762 -0.003716069 -0.006145749 0.999974251 19.120365143
0.999993563 -0.000347990 0.003560787 0.435585201 0.000327547 0.999983490 0.005740257 -0.636635244 -0.003562726 -0.005739053 0.999977231 19.597297668
0.999993086 -0.000507080 0.003688289 0.438023567 0.000482753 0.999978125 0.006593763 -0.654001355 -0.003691552 -0.006591938 0.999971509 20.091785431
0.999992251 -0.001004822 0.003801770 0.449133694 0.000978155 0.999974966 0.007009885 -0.692530096 -0.003808719 -0.007006112 0.999968231 20.548244476
0.999993980 -0.001526932 0.003118706 0.463172883 0.001505831 0.999976039 0.006757168 -0.702230692 -0.003128949 -0.006752431 0.999972284 21.039709091
0.999995232 -0.001046165 0.002885398 0.467789382 0.001027014 0.999977529 0.006630910 -0.704473853 -0.002892270 -0.006627915 0.999973893 21.551334381
0.999996901 -0.001046998 0.002271513 0.475315928 0.001031941 0.999977529 0.006619922 -0.725988686 -0.002278393 -0.006617557 0.999975502 22.053287506
0.999997616 -0.001397374 0.001683996 0.497097135 0.001384367 0.999969423 0.007700425 -0.753352582 -0.001694705 -0.007698075 0.999968946 22.562355042
0.999998212 -0.000713060 0.001724538 0.502029955 0.000700124 0.999971688 0.007490248 -0.761442542 -0.001729830 -0.007489027 0.999970496 23.085721970
0.999999046 -0.001050580 0.000912320 0.512904763 0.001043754 0.999971688 0.007451223 -0.776857734 -0.000920122 -0.007450264 0.999971747 23.583873749
0.999996841 -0.002542307 0.000116015 0.523493648 0.002541387 0.999969840 0.007344945 -0.789845586 -0.000134685 -0.007344628 0.999972939 24.102619171
0.999998569 -0.001667947 -0.000102885 0.528930306 0.001668699 0.999968171 0.007799998 -0.803965867 0.000089871 -0.007800158 0.999969602 24.632999420
0.999996781 -0.002307965 -0.001001464 0.542919219 0.002316179 0.999963045 0.008280326 -0.816935539 0.000982317 -0.008282620 0.999965250 25.160301208
0.999998391 -0.001079215 -0.001444949 0.544115603 0.001091087 0.999965429 0.008240720 -0.827796042 0.001436006 -0.008242284 0.999965012 25.685312271
0.999997556 -0.001307626 -0.001812971 0.555275798 0.001322699 0.999964416 0.008337618 -0.841232657 0.001802004 -0.008339995 0.999963641 26.237125397
0.999995828 -0.001884739 -0.002190250 0.557360411 0.001904067 0.999959111 0.008856461 -0.858741999 0.002173468 -0.008860595 0.999958336 26.761524200
0.999994457 -0.001729633 -0.002850883 0.575282931 0.001755151 0.999958277 0.008972741 -0.878294051 0.002835245 -0.008977694 0.999955654 27.303625107
0.999994338 -0.001113855 -0.003167536 0.573646426 0.001142666 0.999957860 0.009108729 -0.883964539 0.003157256 -0.009112298 0.999953508 27.821540833
0.999993861 -0.000504490 -0.003454688 0.579701722 0.000535754 0.999958813 0.009054757 -0.894745946 0.003449979 -0.009056554 0.999953032 28.366950989
0.999993145 -0.000632605 -0.003641125 0.587231636 0.000666414 0.999956667 0.009291483 -0.914811134 0.003635090 -0.009293847 0.999950230 28.918594360
0.999991000 -0.001513129 -0.003950100 0.595458567 0.001549960 0.999955118 0.009337628 -0.917455077 0.003935793 -0.009343668 0.999948621 29.395421982
0.999988854 -0.001773754 -0.004374996 0.596665502 0.001815287 0.999953151 0.009507513 -0.929005980 0.004357927 -0.009515348 0.999945164 29.929271698
0.999987006 -0.001768447 -0.004766176 0.610822618 0.001812971 0.999954581 0.009353534 -0.939371943 0.004749419 -0.009362054 0.999944866 30.478662491
0.999988973 -0.001353170 -0.004497845 0.618541837 0.001394890 0.999955833 0.009285345 -0.949253440 0.004485083 -0.009291516 0.999946773 31.010089874
0.999985576 -0.001514354 -0.005153830 0.633651674 0.001562968 0.999954164 0.009441524 -0.975678205 0.005139297 -0.009449442 0.999942183 31.530601501
0.999983549 -0.001880935 -0.005424066 0.651961684 0.001934154 0.999949813 0.009823064 -0.996758282 0.005405318 -0.009833392 0.999937057 32.068958282
0.999983966 -0.001607689 -0.005427888 0.648874640 0.001659392 0.999953091 0.009534381 -0.988687754 0.005412306 -0.009543233 0.999939799 32.590042114
0.999980867 -0.001500146 -0.006002433 0.657064617 0.001558325 0.999951720 0.009699574 -0.999981701 0.005987593 -0.009708742 0.999934912 33.136638641
0.999979496 -0.001823856 -0.006135090 0.667373061 0.001885880 0.999946952 0.010119222 -1.017633080 0.006116308 -0.010130583 0.999929965 33.670238495
0.999977708 -0.001638724 -0.006468697 0.675466657 0.001704650 0.999946415 0.010199179 -1.025271773 0.006451638 -0.010209978 0.999927044 34.225589752
0.999977946 -0.002201099 -0.006268063 0.676492333 0.002268065 0.999940217 0.010696584 -1.043082476 0.006244143 -0.010710563 0.999923170 34.728302002
0.999979556 -0.001755680 -0.006151538 0.660969615 0.001821762 0.999940515 0.010753199 -1.082507133 0.006132293 -0.010764185 0.999923289 35.237384796
0.999978364 -0.002090255 -0.006238480 0.668140233 0.002154596 0.999944389 0.010324690 -1.087886810 0.006216552 -0.010337907 0.999927223 35.794914246
0.999978602 -0.001756815 -0.006302002 0.677143097 0.001825510 0.999938786 0.010911295 -1.104003549 0.006282448 -0.010922567 0.999920607 36.351943970
0.999977350 -0.001852450 -0.006471937 0.664986193 0.001923152 0.999938488 0.010935260 -1.120965004 0.006451280 -0.010947458 0.999919176 36.884731293
0.999977112 -0.001504236 -0.006598249 0.672279477 0.001575399 0.999940515 0.010793149 -1.132702827 0.006581620 -0.010803296 0.999919951 37.428310394
0.999973238 -0.001801777 -0.007095493 0.690995336 0.001880028 0.999937356 0.011037138 -1.140463829 0.007075162 -0.011050182 0.999913931 37.990570068
0.999974310 -0.001680306 -0.006971093 0.685552835 0.001756767 0.999938250 0.010976710 -1.156373501 0.006952217 -0.010988673 0.999915421 38.510772705
0.999968648 -0.002625830 -0.007470889 0.722879231 0.002710090 0.999932587 0.011290856 -1.172694564 0.007440736 -0.011310749 0.999908328 39.091503143
0.999962449 -0.003209380 -0.008054536 0.742872059 0.003302719 0.999927223 0.011601999 -1.191011906 0.008016715 -0.011628164 0.999900281 39.617542267
0.999964118 -0.002702264 -0.008026185 0.753131151 0.002792711 0.999932468 0.011279201 -1.204440355 0.007995164 -0.011301210 0.999904215 40.154300690
0.999960959 -0.003434077 -0.008139922 0.763549089 0.003528854 0.999925792 0.011657855 -1.220159769 0.008099284 -0.011686124 0.999898970 40.708393097
0.999966919 -0.002096674 -0.007854369 0.753079176 0.002190997 0.999925375 0.012019793 -1.317137957 0.007828580 -0.012036605 0.999896884 41.321220398
0.999959946 -0.003133376 -0.008391051 0.787311614 0.003233372 0.999923587 0.011930087 -1.338429689 0.008353028 -0.011956741 0.999893606 41.829914093
0.999964178 -0.002669011 -0.008027365 0.791603565 0.002762733 0.999927878 0.011687011 -1.338771820 0.007995593 -0.011708772 0.999899447 42.372440338
0.999963164 -0.002404187 -0.008231067 0.799564898 0.002504003 0.999923289 0.012137935 -1.345817208 0.008201253 -0.012158100 0.999892473 42.909946442
0.999964893 -0.001753682 -0.008195530 0.786678016 0.001849545 0.999929905 0.011704009 -1.350280404 0.008174429 -0.011718757 0.999897897 43.501571655
0.999962211 -0.002298921 -0.008379147 0.774079561 0.002402116 0.999921262 0.012326634 -1.381654620 0.008350148 -0.012346300 0.999888897 43.979457855
0.999962628 -0.002205381 -0.008357702 0.783150315 0.002310339 0.999918282 0.012569441 -1.410434246 0.008329298 -0.012588281 0.999886096 44.492404938
0.999964178 -0.001681492 -0.008306738 0.790563762 0.001781896 0.999925196 0.012094481 -1.416564703 0.008285781 -0.012108849 0.999892354 45.044319153
0.999962568 -0.002143986 -0.008377722 0.800901711 0.002248304 0.999919951 0.012462324 -1.431247950 0.008350330 -0.012480695 0.999887228 45.592430115
0.999953926 -0.002995534 -0.009117794 0.815788388 0.003111675 0.999913871 0.012750372 -1.432808638 0.009078815 -0.012778158 0.999877155 46.106296539
0.999960303 -0.002065625 -0.008671799 0.806411624 0.002176825 0.999915361 0.012833447 -1.456200242 0.008644553 -0.012851814 0.999880016 46.704135895
0.999962807 -0.001800716 -0.008433313 0.798336744 0.001912957 0.999909580 0.013320222 -1.474258065 0.008408562 -0.013335860 0.999875724 47.237590790
0.999958158 -0.002434893 -0.008809307 0.809624076 0.002548436 0.999913514 0.012900891 -1.493781090 0.008777132 -0.012922802 0.999877989 47.666534424
0.999965966 -0.001354119 -0.008140051 0.803218305 0.001452681 0.999925554 0.012114596 -1.460435271 0.008123040 -0.012126010 0.999893486 48.252750397
0.999955475 -0.002856570 -0.008991253 0.827569604 0.002971446 0.999913812 0.012789121 -1.509997606 0.008953947 -0.012815270 0.999877751 48.765380859
0.999964476 -0.001408323 -0.008308794 0.822654366 0.001520541 0.999907494 0.013515254 -1.529745102 0.008288992 -0.013527407 0.999874115 49.217342377
0.999969125 -0.000533258 -0.007838434 0.822442889 0.000643643 0.999900520 0.014086784 -1.545890093 0.007830142 -0.014091393 0.999870062 49.756618500
0.999960184 -0.002375416 -0.008604130 0.830336094 0.002491290 0.999905944 0.013481736 -1.541322708 0.008571296 -0.013502634 0.999872088 50.255233765
0.999964356 -0.002048321 -0.008204803 0.831986427 0.002159079 0.999906361 0.013513085 -1.547365665 0.008176355 -0.013530319 0.999875069 50.806251526
0.999961257 -0.002098722 -0.008549105 0.848710537 0.002218262 0.999899507 0.013997306 -1.563345194 0.008518871 -0.014015730 0.999865472 51.259151459
0.999961972 -0.001875251 -0.008516816 0.851255894 0.001991778 0.999904215 0.013694153 -1.569064617 0.008490321 -0.013710597 0.999869943 51.769737244
0.999962449 -0.001738284 -0.008490689 0.866570890 0.001857322 0.999899805 0.014032049 -1.572311878 0.008465447 -0.014047292 0.999865472 52.269165039
0.999959886 -0.001833244 -0.008770261 0.875882745 0.001955305 0.999901056 0.013929326 -1.580186844 0.008743859 -0.013945915 0.999864459 52.818855286
0.999961913 -0.001905394 -0.008515744 0.888049603 0.002021167 0.999905348 0.013607260 -1.583728790 0.008489012 -0.013623956 0.999871075 53.351280212
0.999961853 -0.001528108 -0.008600421 0.883546114 0.001649557 0.999898791 0.014131945 -1.593744040 0.008577958 -0.014145594 0.999863088 53.941802979
0.999965608 -0.001517336 -0.008164858 0.882822394 0.001629517 0.999904156 0.013750361 -1.605529308 0.008143213 -0.013763192 0.999872148 54.407154083
0.999965072 -0.001466387 -0.008222169 0.890092611 0.001577333 0.999907613 0.013503305 -1.609264374 0.008201609 -0.013515804 0.999875009 54.953903198
0.999966979 -0.001412444 -0.008006138 0.887588441 0.001524138 0.999901354 0.013962081 -1.617585301 0.007985627 -0.013973821 0.999870420 55.425331116
0.999966204 -0.001718687 -0.008036164 0.910396099 0.001828506 0.999904871 0.013678343 -1.621104717 0.008011891 -0.013692575 0.999874115 56.040946960
0.999971926 -0.000702485 -0.007465472 0.910769105 0.000803710 0.999907613 0.013564879 -1.631806016 0.007455251 -0.013570496 0.999880135 56.494583130
0.999973178 -0.000748576 -0.007291226 0.913183808 0.000849630 0.999903560 0.013866515 -1.650832057 0.007280143 -0.013872337 0.999877214 57.047054291
0.999968827 -0.001271119 -0.007794856 0.913900137 0.001379666 0.999901891 0.013935876 -1.641363502 0.007776377 -0.013946196 0.999872506 57.446929932
0.999975085 -0.000076772 -0.007069898 0.919559062 0.000173267 0.999906719 0.013649073 -1.629122019 0.007068191 -0.013649955 0.999881864 58.184474945
0.999966264 -0.001504767 -0.008077811 0.961384296 0.001619709 0.999897242 0.014241755 -1.674628258 0.008055552 -0.014254355 0.999865890 58.476577759
0.999965549 -0.001465252 -0.008172595 0.969177008 0.001581886 0.999896705 0.014283126 -1.680741429 0.008150824 -0.014295561 0.999864519 59.023002625
0.999968946 -0.001166743 -0.007788550 0.974128008 0.001279113 0.999894917 0.014438258 -1.686257362 0.007770886 -0.014447771 0.999865413 59.565155029
0.999964774 -0.001569332 -0.008245852 1.007623553 0.001689159 0.999892771 0.014544963 -1.710359097 0.008222142 -0.014558380 0.999860168 59.951183319
0.999966681 -0.001416925 -0.008038234 1.004059076 0.001528572 0.999902189 0.013900286 -1.679460406 0.008017755 -0.013912109 0.999871075 60.670948029
0.999961257 -0.001580556 -0.008676364 1.037670612 0.001710273 0.999886632 0.014963519 -1.740327954 0.008651730 -0.014977776 0.999850392 61.032562256
0.999958754 -0.002253809 -0.008802065 1.044785738 0.002381588 0.999891520 0.014533536 -1.745400429 0.008768354 -0.014553899 0.999855638 61.577011108
0.999956191 -0.002480291 -0.009024729 1.050775051 0.002612944 0.999888361 0.014716908 -1.762056828 0.008987219 -0.014739845 0.999850988 62.091194153
0.999964178 -0.001245469 -0.008372510 1.014698863 0.001371583 0.999885440 0.015074016 -1.801658869 0.008352775 -0.015084960 0.999851346 62.603229523
0.999962866 -0.001340345 -0.008521844 1.016438007 0.001468902 0.999884903 0.015097347 -1.824903607 0.008500627 -0.015109304 0.999849677 63.091938019
0.999963999 -0.000605451 -0.008454573 1.074919462 0.000735673 0.999880970 0.015407901 -1.854014754 0.008444238 -0.015413566 0.999845564 63.508506775
0.999958098 -0.001334434 -0.009051201 1.085403681 0.001473579 0.999880552 0.015383871 -1.860173702 0.009029591 -0.015396566 0.999840736 64.065040588
0.999954998 -0.001642857 -0.009340513 1.100271225 0.001783105 0.999885440 0.015026641 -1.869910479 0.009314757 -0.015042620 0.999843478 64.595024109
0.999951959 -0.001815369 -0.009629577 1.101269007 0.001964648 0.999877691 0.015515454 -1.878203511 0.009600232 -0.015533628 0.999833226 65.155082703
0.999953091 -0.001720369 -0.009535741 1.117094755 0.001867908 0.999878407 0.015484915 -1.894748688 0.009507941 -0.015502001 0.999834657 65.637229919
0.999967456 -0.000336890 -0.008060142 1.096423626 0.000456730 0.999889314 0.014870990 -1.901097298 0.008054241 -0.014874188 0.999856949 66.239845276
0.999962807 -0.001095174 -0.008550893 1.141890287 0.001216952 0.999897718 0.014249353 -1.891540766 0.008534413 -0.014259230 0.999861896 66.734184265
0.999970615 -0.000016378 -0.007664660 1.080596924 0.000135660 0.999878824 0.015562342 -1.915959477 0.007663476 -0.015562924 0.999849498 67.266479492
0.999970317 -0.000148835 -0.007701349 1.089392424 0.000273930 0.999868035 0.016244777 -1.924389958 0.007697914 -0.016246404 0.999838352 67.822563171
0.999968171 -0.000464642 -0.007970169 1.108537674 0.000591135 0.999873757 0.015875800 -1.936481357 0.007961788 -0.015880004 0.999842227 68.348266602
0.999971569 0.000646074 -0.007511328 1.109473705 -0.000526422 0.999873102 0.015920559 -1.931004405 0.007520660 -0.015916154 0.999845028 68.871917725
0.999969542 -0.000167000 -0.007806882 1.123282433 0.000291938 0.999871850 0.016005080 -1.939141273 0.007803209 -0.016006872 0.999841392 69.449722290
0.999969423 0.000040070 -0.007820104 1.131996274 0.000083752 0.999874592 0.015832933 -1.939348221 0.007819758 -0.015833104 0.999844074 69.967613220
0.999972105 0.000295316 -0.007452437 1.096187830 -0.000177801 0.999875724 0.015764423 -1.967569947 0.007456168 -0.015762661 0.999847889 70.530670166
0.999971628 0.000347259 -0.007514108 1.099652886 -0.000233245 0.999884963 0.015168922 -1.972541571 0.007518514 -0.015166736 0.999856651 71.068138123
0.999975920 0.000513873 -0.006916701 1.094276547 -0.000406941 0.999880433 0.015452472 -1.978255033 0.006923815 -0.015449286 0.999856651 71.647415161
0.999970317 -0.000448329 -0.007691379 1.111956358 0.000568418 0.999877870 0.015618315 -1.988368392 0.007683438 -0.015622224 0.999848366 72.165939331
0.999970675 -0.000247335 -0.007649839 1.130989909 0.000365792 0.999880016 0.015487329 -1.989874482 0.007645092 -0.015489671 0.999850810 72.724983215
0.999970973 -0.000555193 -0.007616906 1.120137930 0.000673946 0.999878228 0.015597017 -2.002444744 0.007607320 -0.015601696 0.999849260 73.273139954
0.999971986 -0.000319055 -0.007481546 1.121633291 0.000433881 0.999882102 0.015351386 -2.010909081 0.007475768 -0.015354202 0.999854088 73.822372437
0.999971449 -0.000334204 -0.007552223 1.129887819 0.000449774 0.999882758 0.015306377 -2.021185637 0.007546223 -0.015309334 0.999854267 74.324203491
0.999970853 -0.000279951 -0.007633184 1.142907977 0.000395508 0.999885201 0.015141424 -2.026824951 0.007628070 -0.015143999 0.999856174 74.866111755
0.999968827 -0.000948884 -0.007828999 1.147244453 0.001069744 0.999880075 0.015447728 -2.036839008 0.007813402 -0.015455622 0.999850035 75.465263367
0.999962151 -0.001536552 -0.008560833 1.174286127 0.001661871 0.999891341 0.014650852 -2.007278919 0.008537389 -0.014664523 0.999855936 76.085823059
0.999966025 -0.001497539 -0.008099792 1.159288049 0.001623923 0.999876678 0.015619369 -2.061282158 0.008075404 -0.015631992 0.999845207 76.541496277
0.999971926 -0.000534620 -0.007463148 1.148527026 0.000648301 0.999883652 0.015238252 -2.056268692 0.007454131 -0.015242664 0.999855995 77.100028992
0.999966145 -0.001728695 -0.008049205 1.170172572 0.001850834 0.999882817 0.015191373 -2.050980806 0.008022000 -0.015205755 0.999852240 77.683311462
0.999969065 -0.001045412 -0.007796839 1.167440534 0.001163704 0.999884009 0.015182728 -2.067409039 0.007780065 -0.015191331 0.999854326 78.198081970
0.999972045 -0.000599536 -0.007450428 1.169884443 0.000712579 0.999884486 0.015179363 -2.076714993 0.007440467 -0.015184249 0.999857008 78.747123718
0.999973893 -0.001169466 -0.007127445 1.178153992 0.001275725 0.999887764 0.014922109 -2.076242208 0.007109196 -0.014930813 0.999863267 79.300117493
0.999979734 -0.001113017 -0.006255267 1.187987924 0.001203375 0.999894619 0.014459969 -2.080285549 0.006238515 -0.014467203 0.999875903 79.847953796
0.999987721 -0.001443498 -0.004737984 1.201249480 0.001513248 0.999890029 0.014750875 -2.092782497 0.004716170 -0.014757864 0.999879897 80.425384521
0.999993622 -0.001413622 -0.003285903 1.211768627 0.001460910 0.999894738 0.014433743 -2.092074394 0.003265154 -0.014438452 0.999890387 80.978202820
0.999999762 -0.000459654 0.000705760 1.222521663 0.000449557 0.999898434 0.014241195 -2.101692915 -0.000712235 -0.014240877 0.999898314 81.514686584
0.999991000 -0.001561918 0.003940031 1.248178720 0.001504445 0.999893010 0.014548112 -2.106418848 -0.003962333 -0.014542054 0.999886334 82.072036743
0.999974072 -0.001578969 0.007034510 1.277720928 0.001481668 0.999903500 0.013815852 -2.111488342 -0.007055646 -0.013805071 0.999879777 82.599578857
0.999928296 -0.001040487 0.011931383 1.292734623 0.000868308 0.999895573 0.014426899 -2.118569374 -0.011945150 -0.014415502 0.999824762 83.161994934
0.999835551 -0.000955025 0.018108550 1.314003706 0.000690343 0.999892890 0.014617017 -2.124198437 -0.018120572 -0.014602109 0.999729156 83.723167419
0.999719381 -0.001247890 0.023653463 1.343424201 0.000904806 0.999894321 0.014509789 -2.133648396 -0.023669068 -0.014484315 0.999614835 84.274597168
0.999570489 -0.000980796 0.029288545 1.383662462 0.000558174 0.999895632 0.014434286 -2.142810822 -0.029299647 -0.014411738 0.999466777 84.831901550
0.999302983 -0.000990704 0.037318517 1.408221960 0.000462522 0.999899626 0.014159322 -2.135664463 -0.037328798 -0.014132190 0.999203086 85.404579163
0.998986065 -0.001793263 0.044985164 1.471831799 0.001146711 0.999895751 0.014394252 -2.155183315 -0.045006279 -0.014328074 0.998883963 85.946609497
0.998659968 -0.002411296 0.051697619 1.524517298 0.001686189 0.999899685 0.014064973 -2.159097672 -0.051726352 -0.013958953 0.998563647 86.488113403
0.998176038 -0.002442939 0.060320616 1.576222420 0.001596369 0.999899626 0.014078709 -2.166451693 -0.060348954 -0.013956737 0.998079777 87.029823303
0.997513771 -0.002394914 0.070430778 1.636383533 0.001394698 0.999897540 0.014247158 -2.174893379 -0.070457682 -0.014113504 0.997414947 87.578086853
0.996860802 -0.002547259 0.079132803 1.698305130 0.001440615 0.999900401 0.014038594 -2.178478956 -0.079160698 -0.013880525 0.996765256 88.138244629
0.996208012 -0.002811840 0.086959407 1.764601231 0.001610665 0.999902368 0.013880133 -2.185719967 -0.086989976 -0.013687435 0.996115088 88.685508728
0.995253921 -0.003185594 0.097259976 1.844350338 0.001826175 0.999899447 0.014062978 -2.195221186 -0.097295001 -0.013818622 0.995159626 89.224143982
0.994164228 -0.003819489 0.107809126 1.937167168 0.002324310 0.999899447 0.013991012 -2.204064846 -0.107851699 -0.013658783 0.994073153 89.784133911
0.993136168 -0.003837565 0.116900995 2.031487465 0.002205945 0.999898374 0.014083466 -2.214393377 -0.116943166 -0.013728920 0.993043721 90.343101501
0.991749346 -0.003999148 0.128129691 2.121773720 0.002214792 0.999898612 0.014065628 -2.220605850 -0.128172934 -0.013665797 0.991657615 90.885131836
0.990176976 -0.004308892 0.139753118 2.223986626 0.002338421 0.999895573 0.014260803 -2.232752562 -0.139799982 -0.013793920 0.990083694 91.409912109
0.988624930 -0.004958718 0.150320977 2.337554932 0.002875854 0.999896824 0.014070324 -2.240057945 -0.150375262 -0.013477969 0.988537133 91.950958252
0.986996114 -0.005335710 0.160655409 2.448280334 0.003127925 0.999897182 0.013992135 -2.244883537 -0.160713583 -0.013307665 0.986911356 92.498023987
0.984888971 -0.005909630 0.173085824 2.573374748 0.003617910 0.999901652 0.013552868 -2.250943184 -0.173148885 -0.012721863 0.984813511 93.030471802
0.982593000 -0.005950741 0.185676157 2.689022064 0.003447479 0.999898791 0.013801827 -2.260670662 -0.185739532 -0.012921464 0.982514083 93.570175171
0.980672657 -0.007036016 0.195529014 2.825085640 0.004428053 0.999895334 0.013771915 -2.263652563 -0.195605457 -0.012639929 0.980601251 94.104873657
0.977838516 -0.006484216 0.209260061 2.952966690 0.003623352 0.999894619 0.014051797 -2.276507854 -0.209329113 -0.012982165 0.977759063 94.649291992
0.974957526 -0.007212649 0.222274154 3.104948044 0.004189439 0.999892175 0.014069770 -2.282311916 -0.222351685 -0.012786225 0.974882662 95.187866211
0.972289801 -0.007449789 0.233659819 3.249467850 0.004273090 0.999891460 0.014098697 -2.291330814 -0.233739480 -0.012709571 0.972216189 95.720504761
0.969320953 -0.007605963 0.245680600 3.409267426 0.004288189 0.999892294 0.014036569 -2.297094822 -0.245760873 -0.012552414 0.969249189 96.249198914
0.965666234 -0.007812727 0.259668499 3.576559067 0.004280469 0.999890447 0.014165623 -2.306277752 -0.259750694 -0.012567759 0.965593934 96.771514893
0.962292433 -0.008158229 0.271894693 3.747385025 0.004578263 0.999894261 0.013798504 -2.310562611 -0.271978498 -0.012033389 0.962228060 97.298545837
0.959069073 -0.008725617 0.283037752 3.940637589 0.004826861 0.999883592 0.014469129 -2.323708534 -0.283131093 -0.012510710 0.958999634 97.830375671
0.954917789 -0.008473686 0.296749383 4.127523422 0.004329792 0.999883831 0.014618750 -2.330936432 -0.296838731 -0.012674842 0.954843521 98.348594666
0.950458884 -0.008994288 0.310719997 4.324724197 0.004663181 0.999881387 0.014679001 -2.335429907 -0.310815096 -0.012502844 0.950388134 98.880294800
0.946620762 -0.009122623 0.322220325 4.522808075 0.004547510 0.999877930 0.014948596 -2.342457294 -0.322317302 -0.012685352 0.946546674 99.400695801
0.942199171 -0.009226136 0.334926307 4.729282379 0.004377492 0.999874473 0.015228745 -2.353209972 -0.335024774 -0.012882373 0.942121148 99.909423828
0.937018096 -0.009667155 0.349146962 4.949396133 0.004613371 0.999872267 0.015303318 -2.358839989 -0.349250346 -0.012728743 0.936942995 100.440956116
0.932145417 -0.009153743 0.361968607 5.154962540 0.003787119 0.999872208 0.015532918 -2.362507820 -0.362064511 -0.013108120 0.932060897 100.944290161
0.928078413 -0.010478050 0.372237355 5.395280838 0.005094366 0.999867737 0.015443618 -2.372364998 -0.372350007 -0.012436577 0.928009093 101.467041016
0.922558546 -0.010513723 0.385713816 5.629474640 0.004955161 0.999869108 0.015402407 -2.373085976 -0.385825247 -0.012298349 0.922489882 101.977760315
0.916930914 -0.010896993 0.398897231 5.870117188 0.005182870 0.999867976 0.015400508 -2.375807285 -0.399012387 -0.012053771 0.916866302 102.478439331
0.912162006 -0.011085856 0.409680128 6.120082855 0.005403780 0.999872446 0.015024704 -2.381121397 -0.409794480 -0.011491139 0.912105501 102.980415344
0.905711532 -0.011449614 0.423740208 6.377731323 0.005365072 0.999864638 0.015549291 -2.390097857 -0.423860878 -0.011809775 0.905650318 103.473243713
0.898813486 -0.011379836 0.438183486 6.656280518 0.005215804 0.999869764 0.015268307 -2.386780500 -0.438300252 -0.011437880 0.898755848 103.994476318
0.892844439 -0.011693701 0.450213432 6.939422607 0.005667019 0.999875426 0.014731853 -2.386468410 -0.450329512 -0.010601886 0.892799497 104.485549927
0.887012184 -0.012008977 0.461589843 7.204883575 0.005569719 0.999867260 0.015310079 -2.395476341 -0.461712420 -0.011009298 0.886961460 104.980293274
0.879984379 -0.012083999 0.474848956 7.487792969 0.005298942 0.999863863 0.015624691 -2.405968189 -0.474973112 -0.011233289 0.879928648 105.456146240
