1.000000000 0.000000000 0.000000000 0.000000000 0.000000000 1.000000000 0.000000000 0.000000000 0.000000000 0.000000000 1.000000000 0.000000000
1.000000000 0.000043418 -0.000020490 0.000420534 -0.000043418 1.000000000 0.000013903 -0.000353401 0.000020491 -0.000013902 1.000000000 0.001373565
1.000000000 0.000028718 -0.000014198 0.001070235 -0.000028717 1.000000000 0.000059094 -0.000875063 0.000014199 -0.000059094 1.000000000 0.000899154
1.000000000 -0.000027471 -0.000057118 0.001645028 0.000027469 1.000000000 -0.000034177 -0.000815479 0.000057119 0.000034176 1.000000000 -0.001023306
1.000000000 -0.000055144 -0.000088534 0.001398224 0.000055151 1.000000000 0.000076054 -0.000875665 0.000088530 -0.000076059 1.000000000 -0.000231164
1.000000000 -0.000044216 -0.000080170 -0.000586731 0.000044216 1.000000000 -0.000004525 0.001021577 0.000080171 0.000004521 1.000000000 0.001866675
1.000000000 -0.000073175 -0.000069103 0.000703229 0.000073183 1.000000000 0.000108584 -0.000514350 0.000069095 -0.000108589 1.000000000 0.000817454
1.000000000 -0.000036585 -0.000016395 -0.000186798 0.000036586 1.000000000 0.000083447 -0.000837863 0.000016392 -0.000083448 1.000000000 -0.001067068
1.000000000 0.000047689 -0.000052720 0.001282668 -0.000047685 1.000000000 0.000081350 -0.000801363 0.000052724 -0.000081347 1.000000000 -0.002031748
1.000000000 0.000080680 0.000005371 -0.000136831 -0.000080680 1.000000000 0.000074563 0.000143571 -0.000005365 -0.000074563 1.000000000 0.001701272
1.000000000 0.000050172 -0.000000701 -0.000116604 -0.000050172 1.000000000 -0.000003855 0.000271567 0.000000700 0.000003855 1.000000000 0.000063446
1.000000000 -0.000060190 -0.000097639 0.001272776 0.000060198 1.000000000 0.000085105 -0.000871533 0.000097634 -0.000085111 1.000000000 -0.000929712
1.000000000 -0.000014695 -0.000036829 0.000321886 0.000014695 1.000000000 0.000010385 0.000298319 0.000036829 -0.000010386 1.000000000 0.001640236
1.000000000 -0.000104939 -0.000108722 0.000707384 0.000104954 1.000000000 0.000138050 -0.000318330 0.000108708 -0.000138062 1.000000000 -0.000163115
1.000000000 0.000002121 -0.000094144 0.001365154 -0.000002116 1.000000000 0.000045382 -0.000480105 0.000094144 -0.000045382 1.000000000 -0.003776137
1.000000000 -0.000026225 -0.000126492 0.003219493 0.000026239 1.000000000 0.000107241 -0.000975756 0.000126490 -0.000107244 1.000000000 -0.002404453
1.000000000 -0.000050856 -0.000101006 0.002605847 0.000050868 1.000000000 0.000124943 -0.001637311 0.000101000 -0.000124949 1.000000000 -0.002923692
1.000000000 -0.000037924 -0.000080239 0.002844865 0.000037930 1.000000000 0.000070387 -0.000910966 0.000080236 -0.000070390 1.000000000 -0.001505387
1.000000000 0.000030230 -0.000066687 0.001861800 -0.000030222 1.000000000 0.000122354 -0.001330061 0.000066691 -0.000122352 1.000000000 -0.002647251
1.000000000 -0.000095417 -0.000099438 0.002625063 0.000095428 1.000000000 0.000101939 -0.001667589 0.000099428 -0.000101948 1.000000000 -0.004282251
1.000000000 -0.000066047 -0.000118976 0.001435595 0.000066058 1.000000000 0.000090234 0.000085410 0.000118970 -0.000090242 1.000000000 0.001247458
1.000000000 -0.000127610 -0.000109421 0.001701764 0.000127622 1.000000000 0.000115240 -0.001678853 0.000109407 -0.000115254 1.000000000 -0.004787887
1.000000000 0.000021205 -0.000131959 0.003929117 -0.000021190 1.000000000 0.000117115 -0.000855326 0.000131961 -0.000117113 1.000000000 -0.002098655
1.000000000 -0.000066450 -0.000155145 0.003142267 0.000066466 1.000000000 0.000103090 -0.001325237 0.000155138 -0.000103101 1.000000000 -0.002290132
1.000000000 -0.000092303 -0.000113195 0.002200869 0.000092312 1.000000000 0.000086208 -0.001226317 0.000113187 -0.000086218 1.000000000 -0.002778132
1.000000000 -0.000033040 -0.000131648 0.002785713 0.000033049 1.000000000 0.000069204 -0.000339878 0.000131646 -0.000069209 1.000000000 -0.000867747
1.000000000 -0.000032556 -0.000087147 0.003174825 0.000032560 1.000000000 0.000047645 -0.000456805 0.000087145 -0.000047648 1.000000000 -0.001512716
1.000000000 -0.000141763 -0.000153947 0.002220168 0.000141783 1.000000000 0.000130740 -0.000713284 0.000153928 -0.000130762 1.000000000 -0.003391448
1.000000000 -0.000174996 -0.000103848 0.001803171 0.000175005 1.000000000 0.000086361 -0.001566293 0.000103832 -0.000086379 1.000000000 -0.001209570
1.000000000 -0.000055075 -0.000172290 0.004420456 0.000055110 1.000000000 0.000205057 -0.002570036 0.000172278 -0.000205066 0.999999940 -0.004865333
1.000000000 -0.000161849 -0.000167875 0.004475288 0.000161868 1.000000000 0.000113367 -0.001234335 0.000167857 -0.000113394 1.000000000 -0.002907319
1.000000000 -0.000093540 -0.000159437 0.003377786 0.000093556 1.000000000 0.000102855 -0.000500926 0.000159428 -0.000102870 1.000000000 -0.003111755
1.000000000 -0.000052795 -0.000104927 0.003122831 0.000052806 1.000000000 0.000106329 -0.001166718 0.000104921 -0.000106334 1.000000000 -0.004261279
1.000000000 0.000034845 -0.000075507 0.001896959 -0.000034841 1.000000000 0.000046546 -0.000127282 0.000075509 -0.000046544 1.000000000 -0.001639472
1.000000000 -0.000025732 -0.000099213 0.001962648 0.000025743 1.000000000 0.000105430 -0.000828386 0.000099210 -0.000105433 1.000000000 -0.001470134
1.000000000 -0.000158392 -0.000115714 0.002423093 0.000158413 1.000000000 0.000179053 -0.002835658 0.000115686 -0.000179072 1.000000000 -0.004267012
1.000000000 -0.000092732 -0.000144061 0.003189360 0.000092746 1.000000000 0.000094614 -0.000669075 0.000144052 -0.000094627 1.000000000 -0.002886226
1.000000000 -0.000055216 -0.000162958 0.005254960 0.000055244 1.000000000 0.000170076 -0.001558002 0.000162948 -0.000170085 1.000000000 -0.005766952
1.000000000 -0.000092905 -0.000096020 0.001786538 0.000092916 1.000000000 0.000105938 -0.000890661 0.000096010 -0.000105947 1.000000000 -0.002913662
0.999999940 -0.000176218 -0.000187078 0.003183926 0.000176250 0.999999940 0.000171408 -0.001873949 0.000187048 -0.000171441 0.999999940 -0.004959097
1.000000000 -0.000079750 -0.000178867 0.004614366 0.000079761 1.000000000 0.000063748 -0.001772751 0.000178862 -0.000063762 1.000000000 -0.002173452
0.999999940 -0.000249012 -0.000063708 0.002649845 0.000248980 0.999999821 -0.000497385 -0.003244017 0.000063832 0.000497369 0.999999881 0.049366068
1.000000000 0.000035132 -0.000114949 0.004253917 -0.000035261 0.999999344 -0.001126449 -0.005925363 0.000114909 0.001126453 0.999999344 0.137515485
1.000000000 -0.000002625 0.000007762 0.005184706 0.000002636 0.999998927 -0.001455864 -0.009040676 -0.000007758 0.001455864 0.999998927 0.254674286
1.000000000 0.000056011 -0.000021387 0.008707261 -0.000056042 0.999998927 -0.001445698 -0.012154260 0.000021306 0.001445699 0.999998927 0.387554884
1.000000000 0.000058719 -0.000027873 0.010751888 -0.000058752 0.999999285 -0.001201420 -0.017134877 0.000027803 0.001201422 0.999999285 0.526435018
1.000000000 0.000196383 0.000035016 0.014563357 -0.000196347 0.999999464 -0.001035068 -0.023653276 -0.000035219 0.001035062 0.999999464 0.680352986
1.000000000 -0.000002991 0.000118473 0.014878951 0.000003094 0.999999642 -0.000871079 -0.028927822 -0.000118470 0.000871079 0.999999642 0.844087899
0.999999881 0.000370613 0.000249528 0.014491924 -0.000370434 0.999999702 -0.000716341 -0.028512875 -0.000249793 0.000716249 0.999999702 1.019611239
0.999999940 0.000322770 0.000029598 0.024170568 -0.000322754 0.999999821 -0.000536026 -0.036553372 -0.000029771 0.000536017 0.999999881 1.187912583
1.000000000 0.000105641 0.000079468 0.028531138 -0.000105641 0.999999940 0.000005764 -0.052524168 -0.000079468 -0.000005773 1.000000000 1.362419486
1.000000000 0.000139190 -0.000103265 0.033272620 -0.000139186 0.999999940 0.000037711 -0.059578463 0.000103271 -0.000037697 1.000000000 1.558343053
0.999999940 -0.000309272 0.000130278 0.035569977 0.000309248 0.999999881 0.000188208 -0.064188801 -0.000130337 -0.000188168 1.000000000 1.751992345
1.000000000 -0.000228664 -0.000056589 0.042011708 0.000228685 0.999999940 0.000361890 -0.069910862 0.000056506 -0.000361903 0.999999940 1.955110788
0.999999940 0.000275251 0.000243356 0.041190792 -0.000275305 0.999999940 0.000220404 -0.074224159 -0.000243296 -0.000220471 0.999999940 2.171188354
0.999999940 0.000440209 0.000120069 0.047193930 -0.000440253 0.999999821 0.000365695 -0.079544462 -0.000119908 -0.000365748 0.999999940 2.382436037
0.999999940 0.000295807 0.000097521 0.058423337 -0.000295848 0.999999881 0.000417951 -0.086506687 -0.000097397 -0.000417980 0.999999940 2.602745771
1.000000000 0.000374951 0.000291406 0.057829592 -0.000375048 0.999999881 0.000335144 -0.092783161 -0.000291281 -0.000335254 0.999999881 2.839307547
1.000000000 -0.000066908 0.000127796 0.064896293 0.000066841 0.999999821 0.000524923 -0.098606400 -0.000127831 -0.000524915 0.999999821 3.076963663
1.000000000 -0.000041605 0.000103510 0.067721143 0.000041549 0.999999881 0.000533213 -0.106086016 -0.000103532 -0.000533209 0.999999821 3.305104017
0.999999940 -0.000090657 0.000289286 0.077234305 0.000090436 0.999999702 0.000765507 -0.120277695 -0.000289355 -0.000765480 0.999999642 3.543135643
0.999999940 0.000099387 0.000187326 0.082542054 -0.000099537 0.999999702 0.000797572 -0.126755133 -0.000187246 -0.000797591 0.999999642 3.792585373
0.999999762 0.000300554 0.000435582 0.087233789 -0.000301010 0.999999404 0.001048021 -0.137679651 -0.000435266 -0.001048152 0.999999344 4.052804947
0.999999642 0.000086147 0.000793872 0.083914414 -0.000087209 0.999999106 0.001337438 -0.142011777 -0.000793756 -0.001337507 0.999998748 4.316610813
0.999999702 -0.000159695 0.000708371 0.090549424 0.000158644 0.999998868 0.001482655 -0.150166065 -0.000708607 -0.001482542 0.999998689 4.571833134
0.999999583 0.000207351 0.000911093 0.097050183 -0.000208799 0.999998748 0.001590043 -0.156868637 -0.000910762 -0.001590233 0.999998331 4.836504936
0.999999762 -0.000366893 0.000553362 0.106527790 0.000365889 0.999998271 0.001814065 -0.169130847 -0.000554027 -0.001813862 0.999998212 5.083709240
0.999999762 0.000017678 0.000612926 0.110275865 -0.000018792 0.999998331 0.001816410 -0.174739003 -0.000612893 -0.001816422 0.999998152 5.351243973
0.999999881 -0.000116335 0.000486392 0.117364667 0.000115451 0.999998331 0.001817947 -0.184966162 -0.000486603 -0.001817890 0.999998271 5.620184898
0.999999821 0.000079652 0.000595338 0.117843635 -0.000080782 0.999998152 0.001899651 -0.191422611 -0.000595186 -0.001899699 0.999998033 5.892814636
0.999999762 -0.000408057 0.000517474 0.128877908 0.000407036 0.999997973 0.001971322 -0.206145033 -0.000518278 -0.001971111 0.999997973 6.163451672
0.999999762 -0.000065171 0.000704865 0.132189065 0.000063632 0.999997616 0.002184253 -0.213791832 -0.000705006 -0.002184207 0.999997377 6.451168537
0.999999523 0.000225573 0.000927017 0.134756237 -0.000227531 0.999997795 0.002112486 -0.223529160 -0.000926539 -0.002112696 0.999997377 6.739920616
0.999999702 -0.000211970 0.000760356 0.147336826 0.000210404 0.999997795 0.002058813 -0.235907733 -0.000760791 -0.002058651 0.999997616 7.026028633
0.999999702 0.000059910 0.000854375 0.152473643 -0.000061525 0.999998212 0.001890992 -0.240478620 -0.000854260 -0.001891043 0.999997914 7.328329563
0.999999523 0.000046987 0.000968567 0.158782095 -0.000048978 0.999997914 0.002055536 -0.255448818 -0.000968468 -0.002055583 0.999997437 7.627161503
0.999999702 -0.000307279 0.000760381 0.172704428 0.000305586 0.999997497 0.002224822 -0.266903013 -0.000761062 -0.002224589 0.999997258 7.944437504
0.999999583 -0.000274549 0.000873266 0.175293535 0.000272217 0.999996364 0.002669053 -0.279087812 -0.000873996 -0.002668814 0.999996066 8.262673378
0.999999464 -0.000186475 0.000931479 0.189133048 0.000183851 0.999995947 0.002816550 -0.289908201 -0.000932001 -0.002816378 0.999995589 8.579030991
0.999999344 0.000172432 0.001108518 0.190241039 -0.000175378 0.999996483 0.002657256 -0.294929504 -0.001108056 -0.002657449 0.999995887 8.921114922
0.999999344 -0.000053235 0.001045172 0.200712770 0.000050243 0.999995828 0.002862931 -0.307939470 -0.001045320 -0.002862877 0.999995410 9.275100708
0.999999344 0.000293155 0.001122289 0.202483624 -0.000296679 0.999994934 0.003141445 -0.326486349 -0.001121363 -0.003141776 0.999994397 9.599013329
0.999999225 0.000506925 0.001098986 0.210579246 -0.000510324 0.999994934 0.003094359 -0.334308833 -0.001097412 -0.003094917 0.999994636 9.941711426
0.999999225 0.000254922 0.001195138 0.213791803 -0.000258513 0.999995410 0.003004705 -0.344371051 -0.001194366 -0.003005012 0.999994814 10.311749458
0.999999344 0.000215847 0.001129966 0.228445619 -0.000219686 0.999994218 0.003397964 -0.359357357 -0.001129226 -0.003398210 0.999993563 10.673751831
0.999999046 0.000558467 0.001274256 0.233851194 -0.000562946 0.999993682 0.003517156 -0.368967801 -0.001272284 -0.003517870 0.999992967 11.038496017
0.999998569 0.000556484 0.001609786 0.239068717 -0.000562185 0.999993563 0.003543177 -0.378988147 -0.001607804 -0.003544077 0.999992430 11.425511360
0.999998271 0.000719376 0.001709579 0.246817961 -0.000725368 0.999993563 0.003507177 -0.388373911 -0.001707045 -0.003508410 0.999992371 11.806333542
0.999998868 0.000448583 0.001428568 0.262054950 -0.000454223 0.999992073 0.003950017 -0.406277657 -0.001426785 -0.003950661 0.999991179 12.188645363
0.999997973 0.000999296 0.001742541 0.269686639 -0.001006354 0.999991357 0.004054361 -0.414314598 -0.001738474 -0.004056107 0.999990225 12.576832771
0.999998689 0.000133013 0.001574971 0.279427648 -0.000139255 0.999992132 0.003963767 -0.435743451 -0.001574432 -0.003963981 0.999990821 12.946111679
0.999998689 0.000543450 0.001501467 0.290356100 -0.000549772 0.999991000 0.004213751 -0.448852599 -0.001499164 -0.004214571 0.999989927 13.347646713
0.999997735 0.000645136 0.002021164 0.297811776 -0.000653542 0.999991119 0.004161113 -0.458846092 -0.002018461 -0.004162425 0.999989212 13.754708290
0.999997556 0.000446798 0.002134681 0.306174517 -0.000455733 0.999991059 0.004186780 -0.471550733 -0.002132791 -0.004187743 0.999988914 14.179138184
0.999997914 0.000257186 0.002020835 0.320073932 -0.000265465 0.999991536 0.004097501 -0.484585881 -0.002019764 -0.004098030 0.999989569 14.602463722
0.999996901 0.000147352 0.002511194 0.330341011 -0.000158791 0.999989629 0.004555403 -0.497713864 -0.002510497 -0.004555787 0.999986470 15.026574135
0.999997199 -0.000083638 0.002359135 0.348344862 0.000073392 0.999990582 0.004342906 -0.517963529 -0.002359476 -0.004342721 0.999987781 15.445196152
0.999995649 0.000117109 0.002929099 0.356040865 -0.000130086 0.999990165 0.004430460 -0.529440880 -0.002928551 -0.004430822 0.999985933 15.889071465
0.999993861 0.000785943 0.003429278 0.363112986 -0.000801605 0.999989212 0.004568073 -0.538779914 -0.003425651 -0.004570793 0.999983668 16.343404770
0.999994338 0.000044607 0.003368223 0.374252677 -0.000060724 0.999988675 0.004784993 -0.565235138 -0.003367971 -0.004785170 0.999982893 16.788036346
0.999993861 0.000094889 0.003487573 0.388371259 -0.000112486 0.999987304 0.005045527 -0.577323198 -0.003487049 -0.005045888 0.999981165 17.248531342
0.999993145 -0.000207887 0.003712149 0.400872588 0.000187439 0.999984860 0.005507777 -0.589856267 -0.003713238 -0.005507044 0.999978006 17.711439133
0.999991059 -0.000128610 0.004221831 0.407487661 0.000105742 0.999985337 0.005416487 -0.610257506 -0.004222467 -0.005415992 0.999976397 18.168746948
0.999989390 0.000361459 0.004593083 0.416607589 -0.000386956 0.999984562 0.005551463 -0.617756963 -0.004591006 -0.005553182 0.999974012 18.647071838
0.999990761 -0.000274038 0.004290821 0.436143160 0.000249741 0.999983966 0.005662051 -0.633240342 -0.004292303 -0.005660927 0.999974787 19.115108490
0.999989629 -0.000190772 0.004550263 0.449614763 0.000163882 0.999982476 0.005909254 -0.650468707 -0.004551311 -0.005908447 0.999972224 19.576484680
0.999990642 0.000042364 0.004332486 0.471045256 -0.000069318 0.999980569 0.006221456 -0.693369746 -0.004332139 -0.006221699 0.999971271 20.082813263
0.999991775 -0.000477581 0.004037839 0.485022694 0.000452837 0.999981165 0.006126729 -0.703513026 -0.004040690 -0.006124850 0.999973059 20.580560684
0.999992549 -0.000286351 0.003828127 0.503374457 0.000261603 0.999979079 0.006463668 -0.728229284 -0.003829898 -0.006462619 0.999971807 21.056476593
0.999993920 -0.000697737 0.003387369 0.510280252 0.000675263 0.999977767 0.006631239 -0.737396002 -0.003391920 -0.006628911 0.999972284 21.563833237
0.999995291 -0.000230690 0.003049864 0.519824624 0.000210496 0.999978065 0.006619804 -0.752175391 -0.003051325 -0.006619131 0.999973476 22.070161819
0.999996185 -0.000496425 0.002716240 0.525817990 0.000477590 0.999975860 0.006930391 -0.773878157 -0.002719615 -0.006929067 0.999972284 22.559272766
0.999997199 -0.000506129 0.002318776 0.535902858 0.000490492 0.999977112 0.006739190 -0.783729970 -0.002322134 -0.006738033 0.999974549 23.080825806
0.999998212 -0.000869652 0.001673706 0.547931373 0.000857774 0.999974549 0.007084245 -0.800339222 -0.001679824 -0.007082798 0.999973416 23.592103958
0.999998391 -0.001452301 0.001085259 0.555379450 0.001444800 0.999975324 0.006880932 -0.819951773 -0.001095225 -0.006879354 0.999975681 24.110797882
0.999999523 -0.000593536 0.000805210 0.562491775 0.000587934 0.999975741 0.006940114 -0.826690197 -0.000809309 -0.006939637 0.999975622 24.642147064
0.999999583 -0.000854670 0.000340113 0.578497052 0.000852170 0.999973059 0.007283404 -0.845963955 -0.000346329 -0.007283112 0.999973416 25.173101425
0.999999344 -0.000661741 -0.000920039 0.582279205 0.000668483 0.999972701 0.007347400 -0.850188434 0.000915152 -0.007348010 0.999972582 25.714384079
0.999997973 -0.001432055 -0.001356034 0.594655454 0.001441912 0.999972224 0.007296663 -0.863647342 0.001345547 -0.007298604 0.999972522 26.265474319
0.999997497 -0.001498172 -0.001673821 0.598582447 0.001511278 0.999968112 0.007856227 -0.875348330 0.001661998 -0.007858738 0.999967754 26.816192627
0.999997079 -0.001149859 -0.002137682 0.613762617 0.001166897 0.999967456 0.007986520 -0.896181107 0.002128429 -0.007988991 0.999965847 27.359918594
0.999995708 -0.000854624 -0.002805407 0.618646026 0.000876869 0.999968112 0.007938002 -0.902890146 0.002798534 -0.007940428 0.999964535 27.885147095
0.999994218 -0.000717830 -0.003339008 0.629143775 0.000744024 0.999968946 0.007850246 -0.912052989 0.003333269 -0.007852684 0.999963641 28.430620193
0.999994159 -0.000836872 -0.003353428 0.636182904 0.000864156 0.999966443 0.008142813 -0.930078924 0.003346501 -0.008145662 0.999961197 28.950532913
0.999992311 -0.001045981 -0.003803886 0.645062387 0.001076403 0.999967396 0.008004338 -0.941265345 0.003795390 -0.008008368 0.999960721 29.501958847
0.999990046 -0.001499253 -0.004203054 0.654916465 0.001535097 0.999962389 0.008538036 -0.957376957 0.004190095 -0.008544403 0.999954700 30.014318466
0.999989927 -0.001386959 -0.004276400 0.665634453 0.001424003 0.999961376 0.008671483 -0.973989785 0.004264208 -0.008677484 0.999953270 30.567167282
0.999990106 -0.000599761 -0.004412523 0.665857613 0.000635422 0.999967098 0.008084766 -0.975576043 0.004407529 -0.008087490 0.999957561 31.104331970
0.999987483 -0.001392669 -0.004810097 0.686777413 0.001434826 0.999960482 0.008772029 -0.994491100 0.004797691 -0.008778821 0.999949932 31.655517578
0.999984145 -0.001329856 -0.005479900 0.705174208 0.001374415 0.999965966 0.008135590 -1.009470463 0.005468895 -0.008142994 0.999951899 32.172401428
0.999986529 -0.001027924 -0.005087682 0.669221640 0.001071595 0.999962509 0.008588397 -1.023224473 0.005078663 -0.008593733 0.999950111 32.679248810
0.999986649 -0.001096830 -0.005053869 0.676602542 0.001140036 0.999962807 0.008554243 -1.038911343 0.005044299 -0.008559892 0.999950588 33.218669891
0.999984324 -0.000969446 -0.005519138 0.684910655 0.001017740 0.999961138 0.008754216 -1.053286791 0.005510437 -0.008759697 0.999946415 33.766387939
0.999979615 -0.001794720 -0.006127727 0.702065110 0.001849569 0.999958158 0.008957051 -1.053839564 0.006111396 -0.008968201 0.999941111 34.314212799
0.999978304 -0.001712153 -0.006376353 0.707123756 0.001771351 0.999955177 0.009289891 -1.084648967 0.006360162 -0.009300984 0.999936521 34.847873688
0.999983907 -0.000913579 -0.005607211 0.701109529 0.000965227 0.999956965 0.009215178 -1.093678474 0.005598551 -0.009220439 0.999941826 35.394649506
0.999981940 -0.001034799 -0.005915218 0.703709960 0.001091471 0.999953449 0.009585460 -1.101709485 0.005905024 -0.009591744 0.999936521 35.931198120
0.999983549 -0.000381981 -0.005723952 0.709993958 0.000433443 0.999959469 0.008992037 -1.131388068 0.005720285 -0.008994370 0.999943197 36.491603851
0.999972463 -0.001276353 -0.007308225 0.728850007 0.001340460 0.999960721 0.008773839 -1.140655756 0.007296739 -0.008783394 0.999934852 37.029361725
0.999976099 -0.001092249 -0.006824406 0.732810259 0.001153142 0.999959528 0.008925385 -1.155625224 0.006814382 -0.008933039 0.999936819 37.579608917
0.999970317 -0.001914700 -0.007462093 0.741541624 0.001986628 0.999951541 0.009643695 -1.180944204 0.007443267 -0.009658232 0.999925613 38.077358246
0.999978006 -0.000773806 -0.006585139 0.745698869 0.000837951 0.999952197 0.009743677 -1.214185834 0.006577283 -0.009748981 0.999930859 38.756420135
0.999977350 -0.001142848 -0.006627060 0.753181219 0.001209788 0.999948263 0.010105841 -1.228189468 0.006615167 -0.010113630 0.999926984 39.296607971
0.999976039 -0.001701712 -0.006715725 0.760124326 0.001774508 0.999939620 0.010848638 -1.248612881 0.006696858 -0.010860295 0.999918580 39.814258575
0.999978900 -0.000852011 -0.006440726 0.761259615 0.000918853 0.999945760 0.010382135 -1.248654246 0.006431530 -0.010387833 0.999925435 40.402893066
0.999978721 -0.000856515 -0.006467739 0.765197873 0.000921960 0.999948382 0.010122468 -1.258800745 0.006458735 -0.010128215 0.999927819 40.959819794
0.999974787 -0.001608705 -0.006906705 0.773286521 0.001684718 0.999937952 0.011014020 -1.301793098 0.006888558 -0.011025379 0.999915481 41.440734863
0.999974132 -0.001046134 -0.007106442 0.785056233 0.001123052 0.999940753 0.010828439 -1.311423302 0.007094693 -0.010836142 0.999916077 41.990550995
0.999973595 -0.001551656 -0.007105345 0.796942234 0.001629703 0.999938309 0.010991585 -1.323412180 0.007087851 -0.011002875 0.999914289 42.540981293
0.999971926 -0.001497244 -0.007340297 0.798841655 0.001577726 0.999938607 0.010970949 -1.327195287 0.007323420 -0.010982222 0.999912918 43.083751678
0.999971509 -0.001557912 -0.007383916 0.807243764 0.001643093 0.999931991 0.011543931 -1.358479977 0.007365430 -0.011555734 0.999906063 43.591522217
0.999972761 -0.001234609 -0.007272094 0.815733492 0.001318053 0.999933243 0.011481002 -1.375575542 0.007257435 -0.011490277 0.999907672 44.132308960
0.999971271 -0.001582889 -0.007416478 0.827908158 0.001669671 0.999930024 0.011709691 -1.389288664 0.007397424 -0.011721738 0.999903917 44.677001953
0.999973118 -0.001036115 -0.007265885 0.830142260 0.001119849 0.999932826 0.011529711 -1.398735285 0.007253451 -0.011537538 0.999907136 45.228546143
0.999969244 -0.001590452 -0.007673956 0.853625238 0.001682578 0.999926448 0.012013556 -1.421681881 0.007654284 -0.012026098 0.999898374 45.759654999
0.999967992 -0.001911145 -0.007768112 0.857802212 0.002002324 0.999929011 0.011746723 -1.413617969 0.007745109 -0.011761900 0.999900818 46.290161133
0.999971807 -0.001238319 -0.007418496 0.864453077 0.001327427 0.999926865 0.012018761 -1.430866718 0.007403071 -0.012028266 0.999900222 46.858200073
0.999970198 -0.001631976 -0.007544650 0.864054501 0.001727471 0.999918222 0.012668176 -1.484363198 0.007523359 -0.012680832 0.999891281 47.436717987
0.999973178 -0.000861008 -0.007278336 0.883248448 0.000951503 0.999922156 0.012439115 -1.464373946 0.007267060 -0.012445707 0.999896109 47.929141998
0.999967456 -0.001920079 -0.007832696 0.865448236 0.002020924 0.999914885 0.012887345 -1.493104219 0.007807285 -0.012902755 0.999886274 48.492671967
0.999970376 -0.001710195 -0.007502683 0.873367310 0.001807123 0.999914706 0.012931516 -1.503883243 0.007479928 -0.012944693 0.999888241 49.041709900
0.999969423 -0.001438420 -0.007684172 0.879537046 0.001538274 0.999914229 0.013004669 -1.515099764 0.007664807 -0.013016092 0.999885917 49.607593536
0.999967039 -0.001711567 -0.007930809 0.891802669 0.001816573 0.999910533 0.013252109 -1.520117998 0.007907418 -0.013266080 0.999880731 50.134548187
0.999970078 -0.001492188 -0.007589560 0.880760670 0.001593353 0.999909699 0.013340842 -1.534177780 0.007568967 -0.013352533 0.999882221 50.675693512
0.999968588 -0.001513062 -0.007783736 0.896371126 0.001616377 0.999910474 0.013284029 -1.543254852 0.007762940 -0.013296195 0.999881387 51.233268738
0.999970734 -0.001227517 -0.007550716 0.891348660 0.001328756 0.999909222 0.013417489 -1.549677849 0.007533561 -0.013427130 0.999881446 51.783336639
0.999970734 -0.001250483 -0.007549550 0.899132252 0.001349393 0.999913216 0.013110602 -1.553577185 0.007532501 -0.013120405 0.999885499 52.333187103
0.999969602 -0.001444314 -0.007662600 0.910714924 0.001547266 0.999908328 0.013446766 -1.568300009 0.007642478 -0.013458214 0.999880195 52.877582550
0.999967515 -0.001484813 -0.007926512 0.917321563 0.001587885 0.999914050 0.013012924 -1.569200277 0.007906510 -0.013025086 0.999883831 53.422477722
0.999969482 -0.001289486 -0.007702881 0.920211434 0.001391840 0.999910533 0.013297203 -1.589309931 0.007685047 -0.013307516 0.999881864 53.953796387
0.999971092 -0.000746235 -0.007564260 0.924008071 0.000847356 0.999910176 0.013373901 -1.596487641 0.007553600 -0.013379926 0.999881923 54.506450653
0.999972582 -0.000831385 -0.007354714 0.927964091 0.000929779 0.999909997 0.013385152 -1.606627464 0.007342923 -0.013391623 0.999883354 55.018268585
0.999975681 -0.000321825 -0.006969464 0.927040637 0.000412601 0.999915004 0.013027364 -1.606857300 0.006964679 -0.013029920 0.999890864 55.618556976
0.999973655 -0.001117813 -0.007171683 0.937931359 0.001216535 0.999904394 0.013776056 -1.621796131 0.007155598 -0.013784419 0.999879301 56.102291107
0.999973357 -0.001305707 -0.007189345 0.948909998 0.001403222 0.999906838 0.013575600 -1.629914761 0.007170950 -0.013585325 0.999881923 56.652938843
0.999976456 -0.001121569 -0.006761009 0.961891532 0.001212444 0.999908805 0.013452004 -1.636463642 0.006745305 -0.013459886 0.999886572 57.175907135
0.999974728 -0.001193563 -0.007001297 0.962260187 0.001289296 0.999905467 0.013685049 -1.653791428 0.006984300 -0.013693730 0.999881804 57.708995819
0.999976933 -0.000717058 -0.006762226 0.983925223 0.000807177 0.999910772 0.013333482 -1.645938158 0.006752063 -0.013338629 0.999888241 58.323738098
0.999975860 -0.000711337 -0.006903750 0.975976944 0.000806044 0.999905586 0.013725196 -1.664068699 0.006893334 -0.013730433 0.999881923 58.793025970
0.999973893 -0.001360396 -0.007092336 0.990147352 0.001459216 0.999901652 0.013946841 -1.676935673 0.007072665 -0.013956826 0.999877572 59.334159851
0.999977589 -0.000643403 -0.006662935 0.984039843 0.000736861 0.999901235 0.014033508 -1.683092117 0.006653247 -0.014038102 0.999879241 59.865077972
0.999973536 -0.001352386 -0.007141158 1.009129167 0.001455368 0.999894619 0.014435456 -1.687999010 0.007120884 -0.014445465 0.999870300 60.443840027
0.999977946 -0.000630597 -0.006611138 1.007002473 0.000721146 0.999905825 0.013702934 -1.700178623 0.006601874 -0.013707398 0.999884248 60.968364716
0.999979615 0.000163972 -0.006381813 1.023973942 -0.000073731 0.999900043 0.014137910 -1.715508580 0.006383493 -0.014137152 0.999879658 61.498100281
0.999975204 -0.001085943 -0.006948626 1.019406557 0.001184791 0.999897957 0.014237353 -1.711884260 0.006932455 -0.014245234 0.999874473 62.071533203
0.999980688 0.000330058 -0.006219696 1.015307903 -0.000243634 0.999903440 0.013890867 -1.721951246 0.006223680 -0.013889082 0.999884129 62.574733734
0.999975741 -0.000422297 -0.006940627 1.077254772 0.000520540 0.999899626 0.014159129 -1.765103698 0.006933950 -0.014162400 0.999875605 63.015293121
0.999975264 0.000734886 -0.006998068 1.115729451 -0.000632422 0.999892712 0.014632799 -1.728525758 0.007008071 -0.014628011 0.999868453 63.433578491
0.999970794 -0.000289865 -0.007635910 1.156789541 0.000392603 0.999909341 0.013456516 -1.696204066 0.007631318 -0.013459122 0.999880254 64.144073486
0.999980986 0.001876213 -0.005880091 1.111258268 -0.001787389 0.999884784 0.015074938 -1.745707273 0.005907697 -0.015064141 0.999869108 64.528984070
0.999980092 0.001445840 -0.006140186 1.113211632 -0.001354696 0.999889195 0.014822111 -1.751121044 0.006160936 -0.014813500 0.999871314 65.073562622
0.999978423 0.000943550 -0.006498760 1.123118877 -0.000849194 0.999894440 0.014506639 -1.750869989 0.006511762 -0.014500807 0.999873638 65.503242493
0.999979556 0.000495412 -0.006372612 1.135711908 -0.000403751 0.999896646 0.014376748 -1.737172604 0.006379075 -0.014373882 0.999876320 66.328681946
0.999978900 0.001380694 -0.006333034 1.136065245 -0.001290255 0.999897480 0.014262380 -1.765444160 0.006352076 -0.014253908 0.999878228 66.597091675
0.999976754 0.001036243 -0.006740502 1.151638389 -0.000939628 0.999897063 0.014320985 -1.777987003 0.006754649 -0.014314319 0.999874771 67.126502991
0.999978542 0.001254309 -0.006430535 1.163411617 -0.001160977 0.999894261 0.014497108 -1.784014344 0.006448039 -0.014489330 0.999874175 67.535766602
0.999979675 0.001492458 -0.006193173 1.176529884 -0.001405873 0.999901593 0.013961638 -1.781714678 0.006213400 -0.013952646 0.999883354 68.240982056
0.999978364 0.001955253 -0.006280677 1.171730638 -0.001863506 0.999891996 0.014580663 -1.794567585 0.006308507 -0.014568645 0.999873996 68.655616760
0.999976873 0.001488773 -0.006644926 1.191279173 -0.001393603 0.999896765 0.014304002 -1.802538753 0.006665535 -0.014294410 0.999875605 69.166473389
0.999975562 0.000611330 -0.006966598 1.193918347 -0.000512455 0.999899268 0.014185627 -1.794826150 0.006974566 -0.014181709 0.999875128 69.575172424
0.999974906 0.001435081 -0.006938457 1.200576067 -0.001337883 0.999901235 0.013993060 -1.800114870 0.006957853 -0.013983426 0.999878049 70.254280090
0.999977708 0.000859242 -0.006626881 1.209412575 -0.000766726 0.999902487 0.013950627 -1.807769895 0.006638221 -0.013945236 0.999880791 70.658737183
0.999975443 0.000287578 -0.007001001 1.225162864 -0.000189804 0.999902487 0.013962466 -1.808938503 0.007004334 -0.013960795 0.999877989 71.181892395
0.999968827 -0.000405749 -0.007886420 1.231744766 0.000511755 0.999909461 0.013444158 -1.822853327 0.007880252 -0.013447775 0.999878526 71.719139099
0.999974489 0.000421349 -0.007131911 1.231709480 -0.000323589 0.999906063 0.013702949 -1.816783071 0.007137017 -0.013700291 0.999880612 72.303085327
0.999976337 0.000386157 -0.006870938 1.242773294 -0.000291078 0.999904275 0.013833463 -1.833751321 0.006875623 -0.013831136 0.999880731 72.805389404
0.999972045 -0.000138601 -0.007480409 1.263027906 0.000242167 0.999904037 0.013845768 -1.834560633 0.007477773 -0.013847192 0.999876142 73.373565674
0.999976516 0.000565787 -0.006830893 1.247891426 -0.000469443 0.999900520 0.014097637 -1.865805984 0.006838190 -0.014094099 0.999877214 73.876937866
0.999977291 0.000513565 -0.006714891 1.250993252 -0.000421093 0.999905229 0.013765343 -1.874668956 0.006721323 -0.013762205 0.999882698 74.426567078
0.999976993 0.000244006 -0.006781703 1.269163847 -0.000150213 0.999904394 0.013827458 -1.887176991 0.006784430 -0.013826123 0.999881327 74.941078186
0.999973774 0.000057799 -0.007248975 1.278580666 0.000041500 0.999906242 0.013697463 -1.888602018 0.007249088 -0.013697405 0.999879897 75.492851257
0.999977827 0.000152234 -0.006661458 1.271187425 -0.000062095 0.999908447 0.013529458 -1.903819680 0.006662908 -0.013528746 0.999886215 76.079391479
0.999971807 0.000461017 -0.007507577 1.342601895 -0.000365933 0.999919772 0.012661620 -1.844349623 0.007512813 -0.012658515 0.999891579 76.657554626
0.999976039 -0.000192403 -0.006910168 1.277968645 0.000287310 0.999905527 0.013736076 -1.927359462 0.006906873 -0.013737733 0.999881744 77.130180359
0.999977052 -0.000265893 -0.006765235 1.289189339 0.000360386 0.999902308 0.013970026 -1.935115814 0.006760860 -0.013972145 0.999879539 77.676979065
0.999976754 -0.000175108 -0.006813170 1.299716711 0.000266484 0.999909997 0.013413073 -1.938818574 0.006810206 -0.013414577 0.999886811 78.237129211
0.999976039 -0.000407610 -0.006906637 1.307870030 0.000498976 0.999912322 0.013232111 -1.946483850 0.006900637 -0.013235242 0.999888599 78.788818359
0.999976456 -0.000533272 -0.006831001 1.319810629 0.000623771 0.999911964 0.013252958 -1.958033085 0.006823333 -0.013256907 0.999888837 79.318382263
0.999979317 -0.000565978 -0.006405200 1.323104978 0.000651818 0.999909878 0.013407455 -1.963784695 0.006397035 -0.013411351 0.999889553 79.877006531
0.999986947 -0.000282954 -0.005095540 1.332447052 0.000350166 0.999912918 0.013194366 -1.970472097 0.005091363 -0.013195978 0.999899983 80.419883728
0.999991953 -0.000373717 -0.003978493 1.345104814 0.000425609 0.999914765 0.013050133 -1.978045821 0.003973276 -0.013051720 0.999906957 80.958396912
0.999997020 -0.000363991 -0.002424997 1.365749359 0.000395594 0.999914825 0.013044523 -1.988951445 0.002420041 -0.013045444 0.999911904 81.494796753
0.999999464 0.000046335 0.001131306 1.377086997 -0.000061318 0.999912262 0.013247644 -1.999634266 -0.001130593 -0.013247703 0.999911606 82.045349121
0.999988139 -0.000710338 0.004837103 1.396274686 0.000646563 0.999913037 0.013173380 -2.009408712 -0.004846041 -0.013170094 0.999901533 82.592895508
0.999969125 -0.000690669 0.007830207 1.415936947 0.000586743 0.999911845 0.013267073 -2.019507885 -0.007838680 -0.013262066 0.999881327 83.143981934
0.999913633 0.000187831 0.013140067 1.440508723 -0.000361258 0.999912858 0.013197220 -2.022081614 -0.013136442 -0.013200828 0.999826610 83.665946960
0.999822140 -0.000376272 0.018853724 1.455262899 0.000125614 0.999911606 0.013294308 -2.033324003 -0.018857058 -0.013289575 0.999733865 84.243675232
0.999702394 -0.000405215 0.024391184 1.493283033 0.000089534 0.999916255 0.012942147 -2.043180466 -0.024394386 -0.012936112 0.999618709 84.784446716
0.999548256 -0.000434905 0.030051988 1.529684305 0.000049071 0.999917567 0.012838420 -2.050085783 -0.030055095 -0.012831146 0.999465883 85.337867737
0.999269843 -0.000199550 0.038206574 1.567093849 -0.000293353 0.999916732 0.012894961 -2.055713177 -0.038205978 -0.012896753 0.999186635 85.911239624
0.998931050 -0.000181237 0.046224933 1.613352537 -0.000409714 0.999918222 0.012774441 -2.066237450 -0.046223480 -0.012779725 0.998849332 86.459838867
0.998612225 -0.001130133 0.052652773 1.658549547 0.000438477 0.999913514 0.013145881 -2.073679924 -0.052663077 -0.013104551 0.998526275 87.010040283
0.998091340 -0.001270410 0.061741441 1.710075378 0.000474363 0.999916613 0.012906188 -2.079993010 -0.061752692 -0.012852265 0.998008668 87.553382874
0.997416317 -0.001182249 0.071827196 1.771080494 0.000255999 0.999916732 0.012903371 -2.091763973 -0.071836464 -0.012851646 0.997333646 88.101402283
0.996772885 -0.001343613 0.080261543 1.836216927 0.000313720 0.999917448 0.012842953 -2.097677231 -0.080272168 -0.012776329 0.996691108 88.652671814
0.996066213 -0.001308275 0.088602655 1.897102833 0.000185973 0.999919653 0.012673751 -2.103326082 -0.088612124 -0.012607418 0.995986521 89.208694458
0.995088935 -0.001577958 0.098972499 1.974855900 0.000317150 0.999918580 0.012753418 -2.112692356 -0.098984562 -0.012659395 0.995008409 89.744003296
0.993983388 -0.001917566 0.109513983 2.056261063 0.000540206 0.999920547 0.012605307 -2.119448662 -0.109529428 -0.012470307 0.993905246 90.301780701
0.992906034 -0.002256209 0.118879937 2.142509460 0.000772004 0.999921203 0.012529487 -2.129281521 -0.118898839 -0.012348829 0.992829502 90.848312378
0.991467714 -0.001760139 0.130340099 2.237942696 0.000103924 0.999919236 0.012712589 -2.136512280 -0.130351946 -0.012590576 0.991387784 91.390830994
0.989873469 -0.002505296 0.141930416 2.340104103 0.000721121 0.999920070 0.012620816 -2.146055222 -0.141950697 -0.012390661 0.989796102 91.947738647
0.988257825 -0.002801830 0.152769551 2.448916435 0.000936230 0.999924123 0.012282417 -2.151270866 -0.152792364 -0.011995168 0.988185525 92.512832642
0.986602724 -0.003435082 0.163104936 2.565527916 0.001459218 0.999924242 0.012232327 -2.157096863 -0.163134620 -0.011830442 0.986532867 93.059791565
0.984350622 -0.003388866 0.176188543 2.682487488 0.001309333 0.999928057 0.011917803 -2.162170172 -0.176216260 -0.011500607 0.984284282 93.606887817
0.982130289 -0.004197298 0.188155591 2.808446884 0.001980092 0.999926329 0.011970309 -2.170730352 -0.188191995 -0.011383837 0.982066214 94.138069153
0.980160296 -0.004708591 0.198150083 2.939774513 0.002406001 0.999926805 0.011859594 -2.178727150 -0.198191404 -0.011147555 0.980099916 94.672737122
0.977357507 -0.004715463 0.211542130 3.078094482 0.002256886 0.999927104 0.011862101 -2.187292099 -0.211582661 -0.011116087 0.977296889 95.219642639
0.974391341 -0.005384670 0.224794015 3.233383179 0.002764416 0.999924481 0.011969356 -2.198235035 -0.224841520 -0.011041412 0.974332809 95.756042480
0.971753657 -0.005776037 0.235926881 3.383563995 0.003024131 0.999923050 0.012024415 -2.208012581 -0.235978216 -0.010971295 0.971696377 96.299423218
0.968760550 -0.005812163 0.247929767 3.548051834 0.002934665 0.999923944 0.011974094 -2.216545105 -0.247980505 -0.010872439 0.968703926 96.838310242
0.965000570 -0.006173034 0.262174994 3.712495804 0.003060940 0.999919891 0.012277031 -2.225594997 -0.262229830 -0.011044839 0.964942217 97.365600586
0.961594403 -0.006120495 0.274406165 3.888921738 0.002914456 0.999922693 0.012089729 -2.234181881 -0.274459004 -0.010825669 0.961537898 97.891433716
0.958234429 -0.006666521 0.285905898 4.065788269 0.003336671 0.999920845 0.012132245 -2.240102291 -0.285964161 -0.010671562 0.958180904 98.427085876
0.954063416 -0.006511813 0.299534351 4.258220673 0.003056717 0.999923289 0.012002001 -2.244668961 -0.299589545 -0.010535079 0.954010010 98.961364746
0.949622154 -0.006762776 0.313324183 4.451345444 0.003168012 0.999923229 0.011980698 -2.251422882 -0.313381135 -0.010384520 0.949570656 99.479393005
0.945862174 -0.007758450 0.324475795 4.648550034 0.004004258 0.999917030 0.012236141 -2.261396885 -0.324543804 -0.010274419 0.945814788 99.984313965
0.941404879 -0.008195432 0.337178797 4.859321594 0.004294478 0.999914944 0.012313616 -2.269043207 -0.337251008 -0.010144091 0.941360116 100.508010864
0.936210692 -0.008094643 0.351345778 5.074068069 0.003902234 0.999912500 0.012638893 -2.278974533 -0.351417392 -0.010461635 0.936160386 101.015037537
0.931565762 -0.008727454 0.363468170 5.296749115 0.004428841 0.999910057 0.012658363 -2.285786629 -0.363545954 -0.010182353 0.931520641 101.529716492
0.927316308 -0.009015584 0.374169976 5.524679184 0.004763293 0.999913096 0.012287788 -2.290457249 -0.374248266 -0.009612384 0.927278757 102.036460876
0.921796679 -0.009150002 0.387565672 5.763338089 0.004703513 0.999911785 0.012419861 -2.294919252 -0.387645155 -0.009625666 0.921758413 102.547393799
0.916163921 -0.009743892 0.400685340 6.006687164 0.005238765 0.999910116 0.012337485 -2.300169945 -0.400769562 -0.009204062 0.916132629 103.050163269
0.911275029 -0.010224351 0.411671281 6.262294769 0.005760650 0.999910414 0.012082210 -2.307776690 -0.411757916 -0.008638723 0.911252320 103.560806274
0.905043960 -0.010378943 0.425191343 6.517597198 0.005603360 0.999906361 0.012480702 -2.317645788 -0.425281018 -0.008913085 0.905017436 104.046730042
0.898230255 -0.010922598 0.439389497 6.799991608 0.006189155 0.999906361 0.012203958 -2.318902254 -0.439481646 -0.008242513 0.898213863 104.570693970
0.892374337 -0.010989577 0.451162219 7.071434021 0.006109987 0.999906063 0.012270862 -2.328648567 -0.451254725 -0.008193607 0.892357647 105.047637939
0.886715412 -0.012125680 0.462156713 7.353519440 0.007090094 0.999895215 0.012631025 -2.335483551 -0.462261319 -0.007923389 0.886708319 105.547187805
0.879563272 -0.012497283 0.475617886 7.635417938 0.007410474 0.999893486 0.012568854 -2.342484951 -0.475724310 -0.007530547 0.879562199 106.022857666
