1.000000000 0.000000000 0.000000000 0.000000000 0.000000000 1.000000000 0.000000000 0.000000000 0.000000000 0.000000000 1.000000000 0.000000000
1.000000000 -0.000046616 -0.000052076 0.000123904 0.000046623 1.000000000 0.000138543 -0.002639594 0.000052070 -0.000138546 1.000000000 -0.001886325
1.000000000 0.000051121 0.000007845 -0.001140590 -0.000051121 1.000000000 0.000013124 -0.001950992 -0.000007844 -0.000013125 1.000000000 -0.001124979
1.000000000 -0.000121467 -0.000085815 0.004224868 0.000121478 1.000000000 0.000128353 -0.003310358 0.000085800 -0.000128364 1.000000000 -0.004748318
1.000000000 -0.000068197 -0.000025835 0.002977742 0.000068199 1.000000000 0.000093357 -0.001271515 0.000025828 -0.000093359 1.000000000 -0.004876844
1.000000000 0.000026167 0.000087795 -0.000920915 -0.000026167 1.000000000 -0.000001433 -0.000211892 -0.000087795 0.000001431 1.000000000 -0.001620767
1.000000000 -0.000028059 -0.000069797 0.002195743 0.000028068 1.000000000 0.000117347 -0.001151447 0.000069794 -0.000117349 1.000000000 -0.004508836
1.000000000 -0.000034483 0.000036464 -0.001762597 0.000034478 1.000000000 0.000121237 -0.001316384 -0.000036468 -0.000121236 1.000000000 0.000465245
1.000000000 0.000004120 0.000004152 0.000292681 -0.000004120 1.000000000 0.000031095 -0.001164115 -0.000004152 -0.000031095 1.000000000 -0.005718871
1.000000000 -0.000094674 -0.000045133 0.001527830 0.000094679 1.000000000 0.000113960 -0.002706031 0.000045122 -0.000113964 1.000000000 -0.005030607
1.000000000 -0.000083310 0.000035502 -0.001244963 0.000083309 1.000000000 0.000025494 -0.000290948 -0.000035504 -0.000025491 1.000000000 -0.003570527
1.000000000 -0.000045058 -0.000041025 0.003291772 0.000045059 1.000000000 0.000023423 -0.001759300 0.000041024 -0.000023425 1.000000000 -0.001356480
1.000000000 -0.000147423 0.000115604 -0.001320950 0.000147419 1.000000000 0.000039593 -0.000410879 -0.000115610 -0.000039576 1.000000000 -0.000259451
1.000000000 -0.000070187 0.000024804 0.001746102 0.000070185 1.000000000 0.000082798 -0.001800580 -0.000024810 -0.000082797 1.000000000 -0.000517051
1.000000000 -0.000024797 0.000069959 -0.000018128 0.000024793 1.000000000 0.000058529 -0.000356196 -0.000069960 -0.000058527 1.000000000 -0.003019097
1.000000000 -0.000031870 0.000006713 0.001359530 0.000031869 1.000000000 0.000094750 -0.000982474 -0.000006716 -0.000094750 1.000000000 -0.000292360
1.000000000 -0.000216538 0.000030350 -0.001201004 0.000216537 1.000000000 0.000023060 -0.000699172 -0.000030355 -0.000023053 1.000000000 -0.002713744
1.000000000 -0.000069757 -0.000005989 0.003484397 0.000069758 1.000000000 0.000111626 -0.002484862 0.000005982 -0.000111626 1.000000000 -0.006950752
1.000000000 -0.000101700 0.000042441 0.002521699 0.000101694 1.000000000 0.000137316 -0.002695924 -0.000042455 -0.000137311 1.000000000 -0.005354785
1.000000000 -0.000092983 -0.000020977 0.002257251 0.000092985 1.000000000 0.000125024 -0.003505539 0.000020965 -0.000125026 1.000000000 -0.010267110
1.000000000 -0.000021848 -0.000063579 0.003598396 0.000021860 1.000000000 0.000191885 -0.004046164 0.000063575 -0.000191886 1.000000000 -0.006579887
1.000000000 -0.000026021 0.000114748 -0.002655850 0.000026015 1.000000000 0.000052507 -0.000508959 -0.000114749 -0.000052504 1.000000000 -0.001448713
1.000000000 -0.000115449 -0.000016830 0.000774142 0.000115452 1.000000000 0.000149211 -0.000969887 0.000016813 -0.000149213 1.000000000 -0.005967063
1.000000000 -0.000214979 -0.000080836 0.000788083 0.000214993 0.999999940 0.000170649 -0.002207139 0.000080800 -0.000170666 1.000000000 -0.002410650
1.000000000 -0.000032383 -0.000016240 0.001704146 0.000032385 1.000000000 0.000126183 -0.000342009 0.000016236 -0.000126184 1.000000000 -0.008431786
1.000000000 -0.000197048 0.000015424 0.001619631 0.000197045 0.999999940 0.000193255 -0.002542022 -0.000015462 -0.000193252 1.000000000 -0.003938015
1.000000000 -0.000110176 -0.000023239 -0.000315583 0.000110178 1.000000000 0.000084711 -0.003209954 0.000023230 -0.000084713 1.000000000 -0.006397012
1.000000000 -0.000104102 -0.000021682 0.002016638 0.000104105 1.000000000 0.000168414 -0.001849273 0.000021664 -0.000168417 1.000000000 -0.004195618
1.000000000 -0.000055386 0.000046969 -0.001302447 0.000055383 1.000000000 0.000070322 0.000891110 -0.000046973 -0.000070319 1.000000000 -0.004588129
1.000000000 -0.000021754 0.000080999 -0.002813467 0.000021746 1.000000000 0.000101892 -0.000093726 -0.000081001 -0.000101891 1.000000000 0.000834599
0.999999940 -0.000262820 -0.000022763 -0.000230531 0.000262823 0.999999940 0.000139685 -0.001360273 0.000022726 -0.000139691 1.000000000 -0.003165742
0.999999940 -0.000269327 -0.000038991 -0.000651417 0.000269332 0.999999940 0.000126105 -0.001326714 0.000038957 -0.000126116 1.000000000 -0.007201507
0.999999940 -0.000263585 -0.000027875 0.001278636 0.000263590 0.999999940 0.000165917 -0.002248872 0.000027831 -0.000165924 1.000000000 -0.004847113
1.000000000 0.000106450 0.000031489 0.000089422 -0.000106450 1.000000000 0.000020973 0.000208215 -0.000031487 -0.000020977 1.000000000 -0.003894323
1.000000000 -0.000065679 -0.000055178 0.001202897 0.000065684 1.000000000 0.000096100 -0.000688914 0.000055171 -0.000096103 1.000000000 -0.001521217
1.000000000 -0.000147638 0.000017354 -0.000606861 0.000147638 1.000000000 -0.000012665 0.000495301 -0.000017352 0.000012668 1.000000000 -0.004566926
1.000000000 -0.000160020 -0.000040892 0.001951843 0.000160022 1.000000000 0.000068721 -0.000352599 0.000040881 -0.000068728 1.000000000 -0.005438432
1.000000000 -0.000197773 -0.000096654 0.000486695 0.000197782 1.000000000 0.000089330 -0.000602371 0.000096636 -0.000089349 1.000000000 -0.006771119
1.000000000 -0.000071413 -0.000022500 -0.000407598 0.000071418 1.000000000 0.000230145 -0.000454357 0.000022483 -0.000230147 1.000000000 -0.006779716
0.999999940 -0.000312849 -0.000163301 0.005664035 0.000312878 0.999999940 0.000177706 -0.004686787 0.000163246 -0.000177757 1.000000000 -0.004694266
1.000000000 -0.000151351 -0.000065298 0.007953062 0.000151324 0.999999881 -0.000408685 -0.008908244 0.000065359 0.000408676 0.999999940 0.043776490
1.000000000 -0.000132305 -0.000001082 0.005742877 0.000132304 0.999999464 -0.001046852 -0.008388367 0.000001220 0.001046852 0.999999464 0.143666983
1.000000000 0.000040287 -0.000061695 0.008206026 -0.000040360 0.999999285 -0.001191190 -0.017079022 0.000061647 0.001191193 0.999999285 0.251381159
1.000000000 -0.000130453 0.000111380 0.005796486 0.000130580 0.999999344 -0.001142857 -0.017881010 -0.000111231 0.001142872 0.999999344 0.391263813
1.000000000 0.000166361 0.000018492 0.009872947 -0.000166344 0.999999523 -0.000931375 -0.024742374 -0.000018647 0.000931372 0.999999583 0.534463823
0.999999940 0.000231093 0.000258286 0.008732241 -0.000230915 0.999999762 -0.000690477 -0.035087198 -0.000258446 0.000690418 0.999999702 0.683242798
1.000000000 -0.000039253 0.000100338 0.019930171 0.000039289 0.999999940 -0.000367617 -0.041595895 -0.000100323 0.000367621 0.999999940 0.857286692
1.000000000 0.000093242 0.000105976 0.020782724 -0.000093201 0.999999940 -0.000384201 -0.041944273 -0.000106012 0.000384191 0.999999940 1.021033525
0.999999881 0.000233106 0.000421449 0.014454899 -0.000232933 0.999999881 -0.000412297 -0.043219730 -0.000421545 0.000412199 0.999999821 1.195413470
1.000000000 0.000038947 0.000188679 0.029933451 -0.000038959 1.000000000 0.000065468 -0.057359435 -0.000188677 -0.000065475 1.000000000 1.388494730
1.000000000 0.000086966 0.000124844 0.038502064 -0.000086984 1.000000000 0.000144297 -0.063242979 -0.000124832 -0.000144308 1.000000000 1.577000976
0.999999762 0.000298454 0.000699807 0.033039276 -0.000298621 0.999999940 0.000237907 -0.070834540 -0.000699736 -0.000238116 0.999999762 1.786443830
0.999999940 0.000116082 0.000317412 0.042321432 -0.000116329 0.999999702 0.000777556 -0.080205373 -0.000317322 -0.000777593 0.999999642 1.991804481
0.999999940 -0.000016736 0.000286518 0.046596296 0.000016527 0.999999762 0.000730144 -0.091737106 -0.000286530 -0.000730139 0.999999702 2.218560219
0.999999881 0.000168466 0.000403161 0.053448852 -0.000168830 0.999999583 0.000902971 -0.098233372 -0.000403009 -0.000903040 0.999999523 2.428710699
0.999999940 0.000138297 0.000311658 0.059291370 -0.000138554 0.999999642 0.000824896 -0.105385661 -0.000311544 -0.000824939 0.999999523 2.652133226
0.999999821 0.000167768 0.000579027 0.063608482 -0.000168181 0.999999762 0.000712929 -0.109644830 -0.000578907 -0.000713026 0.999999523 2.890444517
0.999999821 0.000273822 0.000475134 0.072862364 -0.000274219 0.999999762 0.000834828 -0.116104364 -0.000474905 -0.000834958 0.999999464 3.123942137
0.999999702 0.000456876 0.000601689 0.074358001 -0.000457283 0.999999702 0.000676127 -0.121947765 -0.000601380 -0.000676402 0.999999583 3.375376940
0.999999642 0.000556192 0.000513490 0.080425866 -0.000556765 0.999999225 0.001117501 -0.133921161 -0.000512868 -0.001117787 0.999999225 3.624022722
0.999999940 0.000221465 0.000271702 0.088552050 -0.000221820 0.999999225 0.001309488 -0.145971552 -0.000271412 -0.001309549 0.999999046 3.879680157
0.999999940 0.000016319 0.000380750 0.093809322 -0.000016809 0.999999166 0.001284727 -0.150467366 -0.000380729 -0.001284733 0.999999106 4.152143955
0.999999702 0.000432286 0.000639724 0.095876008 -0.000433283 0.999998748 0.001559668 -0.158083186 -0.000639049 -0.001559944 0.999998569 4.403157234
1.000000000 0.000185311 0.000364263 0.104691803 -0.000185789 0.999999106 0.001312756 -0.162562892 -0.000364020 -0.001312823 0.999999046 4.675116062
0.999999881 0.000120578 0.000528376 0.110255949 -0.000121297 0.999998987 0.001359778 -0.171593919 -0.000528212 -0.001359842 0.999998927 4.927792549
0.999999583 0.000509844 0.000791986 0.111042723 -0.000511011 0.999998689 0.001473697 -0.181372195 -0.000791233 -0.001474101 0.999998629 5.185669899
0.999999762 0.000323552 0.000681276 0.117770806 -0.000324560 0.999998808 0.001480720 -0.187074125 -0.000680797 -0.001480940 0.999998689 5.457961559
0.999999821 0.000018908 0.000632056 0.122109003 -0.000020063 0.999998331 0.001827558 -0.206195474 -0.000632021 -0.001827570 0.999998152 5.724637032
0.999999762 0.000316351 0.000704160 0.128021449 -0.000317634 0.999998331 0.001822429 -0.216697961 -0.000703582 -0.001822652 0.999998093 6.003398418
0.999999762 0.000390700 0.000615046 0.131735533 -0.000391837 0.999998152 0.001850533 -0.223203897 -0.000614322 -0.001850773 0.999998093 6.278239250
0.999999821 -0.000097495 0.000564138 0.139037818 0.000096396 0.999998093 0.001948242 -0.236114770 -0.000564327 -0.001948187 0.999997914 6.568334579
0.999999821 -0.000049893 0.000519586 0.145638034 0.000048971 0.999998450 0.001774582 -0.244722143 -0.000519674 -0.001774557 0.999998271 6.856439590
0.999999702 -0.000035916 0.000755296 0.152113035 0.000034393 0.999997973 0.002016222 -0.252503276 -0.000755367 -0.002016196 0.999997616 7.144358158
0.999999762 -0.000479425 0.000312727 0.165996358 0.000478766 0.999997675 0.002105036 -0.263055772 -0.000313735 -0.002104886 0.999997675 7.459946632
0.999999642 0.000055528 0.000852390 0.158676550 -0.000057238 0.999997973 0.002006463 -0.272296429 -0.000852277 -0.002006511 0.999997616 7.781361580
0.999999762 0.000034055 0.000659050 0.169939801 -0.000035452 0.999997735 0.002119797 -0.281362712 -0.000658976 -0.002119820 0.999997497 8.091223717
0.999999166 -0.000216522 0.001302875 0.167903379 0.000213457 0.999997079 0.002352569 -0.291411966 -0.001303381 -0.002352289 0.999996364 8.428906441
0.999999404 0.000264502 0.001047108 0.178071842 -0.000267016 0.999997079 0.002401451 -0.300979227 -0.001046470 -0.002401729 0.999996483 8.751793861
0.999999464 -0.000056781 0.000968988 0.189639986 0.000054220 0.999996543 0.002642482 -0.313914269 -0.000969134 -0.002642429 0.999996006 9.075075150
0.999998868 0.000471888 0.001473100 0.191297174 -0.000476242 0.999995530 0.002956676 -0.323266953 -0.001471698 -0.002957374 0.999994516 9.426098824
0.999999642 -0.000462350 0.000721246 0.199116111 0.000460534 0.999996722 0.002516104 -0.331516713 -0.000722407 -0.002515771 0.999996603 9.777638435
0.999999821 -0.000331711 0.000541892 0.206886634 0.000330379 0.999996960 0.002456239 -0.336655706 -0.000542705 -0.002456060 0.999996901 10.127025604
0.999999523 -0.000271065 0.000941649 0.212623730 0.000268569 0.999996364 0.002649731 -0.351649284 -0.000942364 -0.002649477 0.999996066 10.478297234
0.999999762 0.000020130 0.000847542 0.222406447 -0.000022692 0.999995351 0.003023101 -0.373333573 -0.000847477 -0.003023120 0.999994993 10.860070229
0.999999583 -0.000111556 0.000917338 0.228829414 0.000108720 0.999995172 0.003091651 -0.382232577 -0.000917678 -0.003091550 0.999994814 11.239984512
0.999999583 -0.000187679 0.000909367 0.235575840 0.000184793 0.999994934 0.003172866 -0.399667084 -0.000909958 -0.003172697 0.999994576 11.610974312
0.999999523 -0.000412344 0.000873858 0.246276513 0.000409719 0.999995410 0.003002058 -0.402835608 -0.000875092 -0.003001699 0.999995172 11.991277695
0.999999523 0.000214346 0.000982643 0.250046015 -0.000217748 0.999994099 0.003464240 -0.421789974 -0.000981895 -0.003464453 0.999993503 12.373426437
0.999999106 0.000368227 0.001288502 0.257457078 -0.000372830 0.999993563 0.003573521 -0.433047473 -0.001287178 -0.003573998 0.999992788 12.766366005
0.999999642 0.000158604 0.000867423 0.275596440 -0.000161630 0.999994040 0.003489356 -0.447264075 -0.000866865 -0.003489495 0.999993503 13.150626183
0.999999225 0.000188348 0.001245591 0.278265089 -0.000193254 0.999992251 0.003939268 -0.468754530 -0.001244839 -0.003939506 0.999991477 13.545153618
0.999998033 0.000572505 0.001915334 0.281440914 -0.000580220 0.999991775 0.004030074 -0.480961025 -0.001913010 -0.004031177 0.999990046 13.960139275
0.999998569 0.000311457 0.001624325 0.291890919 -0.000318694 0.999990046 0.004457027 -0.500589669 -0.001622921 -0.004457539 0.999988675 14.366483688
0.999998450 0.000017731 0.001759543 0.302439004 -0.000025318 0.999990761 0.004312008 -0.515757978 -0.001759451 -0.004312045 0.999989092 14.806556702
0.999998033 0.000125669 0.001964978 0.312666833 -0.000134759 0.999989331 0.004626473 -0.527222693 -0.001964376 -0.004626729 0.999987364 15.205107689
0.999997556 0.000204708 0.002215547 0.323078275 -0.000214247 0.999990761 0.004306287 -0.527040720 -0.002214646 -0.004306751 0.999988258 15.663539886
0.999995768 0.000249479 0.002887727 0.344772160 -0.000264124 0.999987245 0.005071981 -0.572650254 -0.002886424 -0.005072723 0.999982953 16.098089218
0.999994278 0.000497455 0.003363997 0.358224571 -0.000517052 0.999982953 0.005827152 -0.583997488 -0.003361041 -0.005828857 0.999977410 16.558963776
0.999994516 0.000467157 0.003283449 0.373132765 -0.000485599 0.999984205 0.005617899 -0.593428075 -0.003280772 -0.005619462 0.999978840 17.002567291
0.999993801 -0.000165250 0.003510879 0.383760422 0.000144442 0.999982417 0.005926009 -0.619198084 -0.003511796 -0.005925465 0.999976277 17.426929474
0.999994695 0.000501970 0.003227583 0.396317244 -0.000521441 0.999981701 0.006034418 -0.629110038 -0.003224493 -0.006036070 0.999976575 17.886602402
0.999994457 0.000163318 0.003317539 0.407655627 -0.000182306 0.999983609 0.005724110 -0.639174402 -0.003316550 -0.005724683 0.999978065 18.369482040
0.999990821 -0.000244242 0.004274540 0.416226894 0.000218423 0.999981761 0.006039413 -0.651317000 -0.004275936 -0.006038424 0.999972641 18.835329056
0.999992371 -0.000350038 0.003900589 0.434750557 0.000327746 0.999983668 0.005714310 -0.661546350 -0.003902526 -0.005712987 0.999976039 19.304763794
0.999991477 -0.000912115 0.004020478 0.457112581 0.000887744 0.999981344 0.006059353 -0.675839365 -0.004025930 -0.006055733 0.999973536 19.777359009
0.999989092 -0.000410902 0.004644784 0.446809709 0.000380005 0.999977827 0.006650798 -0.701046884 -0.004647413 -0.006648960 0.999967098 20.251749039
0.999990642 -0.000834331 0.004231134 0.468759298 0.000805114 0.999975920 0.006902193 -0.719258904 -0.004236791 -0.006898722 0.999967217 20.734252930
0.999990761 -0.000969626 0.004187191 0.479620039 0.000940015 0.999974549 0.007067985 -0.737054288 -0.004193938 -0.007063984 0.999966264 21.234413147
0.999994576 -0.000366233 0.003274529 0.496295244 0.000341376 0.999971151 0.007588408 -0.766326427 -0.003277213 -0.007587249 0.999965787 21.707218170
0.999996305 -0.000337785 0.002686721 0.510184526 0.000318743 0.999974847 0.007084727 -0.773312807 -0.002689046 -0.007083845 0.999971271 22.225589752
0.999996185 -0.000504371 0.002702256 0.517413199 0.000484147 0.999971926 0.007479297 -0.792135775 -0.002705953 -0.007477960 0.999968350 22.731378555
0.999996662 -0.000534939 0.002504895 0.512380481 0.000514669 0.999967158 0.008086084 -0.813728034 -0.002509138 -0.008084769 0.999964118 23.207700729
0.999998033 -0.000586947 0.001876622 0.526763856 0.000572449 0.999970019 0.007716418 -0.826123476 -0.001881095 -0.007715328 0.999968469 23.738328934
0.999997854 -0.001978658 0.000582547 0.560636938 0.001973990 0.999966800 0.007907124 -0.848417461 -0.000598173 -0.007905957 0.999968588 24.243783951
0.999999583 -0.000930161 0.000162017 0.566867471 0.000928828 0.999967217 0.008041374 -0.860344887 -0.000169492 -0.008041220 0.999967635 24.757976532
0.999999523 -0.000652543 -0.000622871 0.581436515 0.000657691 0.999965310 0.008300453 -0.873984575 0.000617433 -0.008300859 0.999965370 25.287525177
0.999999702 -0.000223789 -0.000700324 0.579443097 0.000229466 0.999966979 0.008115979 -0.879911244 0.000698484 -0.008116137 0.999966741 25.814451218
0.999998987 -0.000281857 -0.001377912 0.590613961 0.000293395 0.999964774 0.008380318 -0.891056657 0.001375501 -0.008380714 0.999963880 26.359954834
0.999998748 -0.000281412 -0.001538192 0.600530803 0.000294664 0.999962807 0.008622362 -0.901375175 0.001535708 -0.008622806 0.999961615 26.894357681
0.999998033 -0.000180027 -0.001981488 0.617101789 0.000197363 0.999961674 0.008752402 -0.915421486 0.001979836 -0.008752776 0.999959648 27.432828903
0.999996960 -0.000036321 -0.002474546 0.631973028 0.000058216 0.999960840 0.008848502 -0.935561419 0.002474128 -0.008848621 0.999957740 27.956249237
0.999995410 -0.000409480 -0.003006664 0.643208146 0.000437663 0.999956071 0.009378701 -0.950734138 0.003002691 -0.009379975 0.999951422 28.490879059
0.999994814 -0.000081127 -0.003225785 0.656508565 0.000111389 0.999955893 0.009382145 -0.964298606 0.003224882 -0.009382456 0.999950707 29.022588730
0.999992132 -0.000661517 -0.003905126 0.675979316 0.000698136 0.999955714 0.009383299 -0.979003429 0.003898747 -0.009385951 0.999948323 29.564302444
0.999991715 -0.000137789 -0.004047383 0.680818021 0.000177704 0.999951303 0.009863419 -0.989762306 0.004045826 -0.009864057 0.999943137 30.096664429
0.999991059 0.000074327 -0.004231673 0.690549731 -0.000034744 0.999956250 0.009353291 -1.000477672 0.004232183 -0.009353060 0.999947309 30.630434036
0.999990463 0.000339824 -0.004338901 0.702092409 -0.000298660 0.999954939 0.009484121 -1.010743260 0.004341928 -0.009482734 0.999945641 31.162876129
0.999989212 0.000320729 -0.004639775 0.710019112 -0.000274908 0.999951243 0.009872885 -1.030156255 0.004642715 -0.009871504 0.999940455 31.685420990
0.999987006 -0.000066347 -0.005097140 0.725375056 0.000116761 0.999951065 0.009891069 -1.043715715 0.005096235 -0.009891536 0.999938071 32.220466614
0.999987543 0.000870456 -0.004913153 0.719848990 -0.000826193 0.999959171 0.009003861 -1.037907243 0.004920789 -0.008999689 0.999947369 32.770729065
0.999987900 0.000308011 -0.004897286 0.721094549 -0.000258293 0.999948442 0.010149434 -1.075976610 0.004900158 -0.010148047 0.999936461 33.251640320
0.999986470 0.000247237 -0.005190571 0.731502652 -0.000195327 0.999949992 0.009998797 -1.076659560 0.005192784 -0.009997648 0.999936461 33.815761566
0.999984205 0.000504281 -0.005598198 0.737493694 -0.000446997 0.999947608 0.010228991 -1.091595650 0.005603063 -0.010226327 0.999931991 34.333671570
0.999982715 -0.000231204 -0.005864970 0.757321119 0.000292623 0.999945104 0.010473557 -1.112127900 0.005862227 -0.010475093 0.999927938 34.861377716
0.999982238 -0.000211202 -0.005957897 0.766018987 0.000274296 0.999943852 0.010591169 -1.127266526 0.005955326 -0.010592614 0.999926150 35.388904572
0.999982178 -0.000117493 -0.005968346 0.765525341 0.000180576 0.999944091 0.010570102 -1.138855815 0.005966770 -0.010570992 0.999926329 35.936660767
0.999981701 0.000940389 -0.005970501 0.769170523 -0.000881139 0.999950409 0.009918673 -1.145147562 0.005979533 -0.009913231 0.999932945 36.487197876
0.999979258 0.000286968 -0.006434524 0.775905967 -0.000219759 0.999945402 0.010443309 -1.150049090 0.006437170 -0.010441679 0.999924779 36.972469330
0.999975324 -0.000194510 -0.007016473 0.803014934 0.000269433 0.999942958 0.010678770 -1.169141412 0.007013996 -0.010680398 0.999918342 37.552360535
0.999981225 -0.000430684 -0.006113312 0.772851229 0.000500306 0.999934912 0.011391766 -1.190946579 0.006108008 -0.011394611 0.999916434 38.074592590
0.999979556 0.000070902 -0.006387203 0.759882212 -0.000002769 0.999943137 0.010666631 -1.184346199 0.006387595 -0.010666396 0.999922752 38.599143982
0.999982297 -0.002000265 -0.005605732 0.669869363 0.002065008 0.999930978 0.011567596 -1.217137337 0.005582206 -0.011578970 0.999917328 39.120758057
0.999977350 -0.000954492 -0.006662991 0.742887974 0.001029112 0.999936640 0.011204707 -1.191413403 0.006651874 -0.011211310 0.999915004 39.559764862
0.999972165 -0.001734031 -0.007249589 0.814361811 0.001821148 0.999926031 0.012027608 -1.261608124 0.007228197 -0.012040478 0.999901414 40.222488403
0.999971211 -0.001492580 -0.007433248 0.833204448 0.001580243 0.999929130 0.011801528 -1.275625706 0.007415106 -0.011812935 0.999902725 40.772144318
0.999970555 -0.001623095 -0.007501172 0.837956548 0.001714269 0.999924481 0.012164236 -1.288015842 0.007480863 -0.012176735 0.999897838 41.293567657
0.999973357 -0.001092079 -0.007225107 0.840833306 0.001177764 0.999928892 0.011865776 -1.296860695 0.007211635 -0.011873968 0.999903500 41.840595245
0.999971569 -0.001027468 -0.007465246 0.860235512 0.001118765 0.999924541 0.012235663 -1.311471105 0.007452111 -0.012243668 0.999897301 42.365894318
0.999968767 -0.001507501 -0.007749414 0.868858099 0.001604300 0.999920547 0.012500087 -1.323340893 0.007729955 -0.012512129 0.999891818 42.896862030
0.999970257 -0.001390567 -0.007588291 0.869519532 0.001482951 0.999924660 0.012182612 -1.330692291 0.007570777 -0.012193503 0.999897003 43.433094025
0.999970734 -0.001488098 -0.007506841 0.876984954 0.001580166 0.999923348 0.012273601 -1.341050625 0.007488002 -0.012285104 0.999896467 43.956569672
0.999970615 -0.001450713 -0.007528779 0.882595539 0.001541910 0.999925435 0.012121485 -1.350057483 0.007510630 -0.012132741 0.999898195 44.493480682
0.999968171 -0.001713563 -0.007794074 0.896021307 0.001808075 0.999924719 0.012135294 -1.361629009 0.007772691 -0.012148999 0.999895990 45.032367706
0.999967515 -0.002007520 -0.007804121 0.902582169 0.002103831 0.999921501 0.012352463 -1.372083426 0.007778709 -0.012368481 0.999893248 45.557888031
0.999972165 -0.001269095 -0.007372055 0.903398991 0.001362999 0.999917746 0.012746750 -1.397184372 0.007355271 -0.012756442 0.999891520 46.083602905
0.999968946 -0.001251755 -0.007794376 0.917420268 0.001356671 0.999908328 0.013469816 -1.415294766 0.007776801 -0.013479972 0.999878824 46.593894958
0.999971092 -0.000991666 -0.007537460 0.915587783 0.001086493 0.999920189 0.012587124 -1.404217482 0.007524377 -0.012594949 0.999892294 47.156826019
0.999966800 -0.001704248 -0.007967135 0.929093838 0.001806186 0.999916375 0.012805101 -1.428319812 0.007944647 -0.012819068 0.999886274 47.686553955
0.999966502 -0.001893573 -0.007959654 0.937839150 0.001998077 0.999911666 0.013141879 -1.444825649 0.007934066 -0.013157342 0.999881983 48.230628967
0.999964118 -0.002369979 -0.008132843 0.945118129 0.002475532 0.999912620 0.012993154 -1.450456619 0.008101338 -0.013012821 0.999882579 48.777679443
0.999966681 -0.001825570 -0.007973116 0.958083630 0.001928269 0.999915063 0.012891975 -1.461243987 0.007948904 -0.012906920 0.999885082 49.311912537
0.999966919 -0.001734078 -0.007938663 0.965049565 0.001838663 0.999911368 0.013185845 -1.472869873 0.007915094 -0.013200006 0.999881506 49.840133667
0.999966383 -0.002096561 -0.007940177 0.964878321 0.002204780 0.999904454 0.013645110 -1.490271091 0.007910811 -0.013662156 0.999875367 50.377395630
0.999968886 -0.001626805 -0.007716437 0.970132589 0.001731730 0.999905884 0.013610520 -1.495739460 0.007693569 -0.013623460 0.999877572 50.919342041
0.999967337 -0.001888323 -0.007853855 0.977021992 0.001997494 0.999901175 0.013915791 -1.505339980 0.007826800 -0.013931026 0.999872327 51.443439484
0.999963164 -0.001838021 -0.008386612 0.990420640 0.001955318 0.999900043 0.013999678 -1.519819736 0.008360041 -0.014015560 0.999866843 51.979118347
0.999967873 -0.001799556 -0.007812083 0.988937736 0.001909428 0.999899030 0.014079726 -1.526958942 0.007785957 -0.014094191 0.999870360 52.489814758
0.999960840 -0.002296547 -0.008543162 1.012431741 0.002417916 0.999895930 0.014223502 -1.529837608 0.008509607 -0.014243602 0.999862254 53.045093536
0.999968827 -0.001735273 -0.007696166 0.983793616 0.001842654 0.999900758 0.013967462 -1.551224232 0.007671165 -0.013981211 0.999872804 53.535499573
0.999971926 -0.000928075 -0.007446580 0.984503686 0.001029141 0.999907255 0.013579738 -1.559181929 0.007433287 -0.013587022 0.999880016 54.115879059
0.999978304 -0.001435773 -0.006429002 0.959372759 0.001526766 0.999898434 0.014171073 -1.582803488 0.006408002 -0.014180581 0.999878943 54.661643982
0.999971151 -0.001429271 -0.007462541 1.010296822 0.001537166 0.999894083 0.014472638 -1.590701818 0.007441065 -0.014483692 0.999867439 55.118766785
0.999968410 -0.002008277 -0.007697928 1.013364077 0.002112479 0.999905884 0.013552198 -1.563514709 0.007669987 -0.013568033 0.999878526 55.676631927
0.999972463 -0.001523421 -0.007260380 1.011472940 0.001625541 0.999899566 0.014080351 -1.608770132 0.007238200 -0.014091767 0.999874532 56.172538757
0.999961972 -0.002254104 -0.008427454 1.072725415 0.002371656 0.999899685 0.013964775 -1.594826221 0.008395131 -0.013984230 0.999867022 56.762664795
0.999973238 -0.000443560 -0.007322022 1.024597883 0.000558280 0.999877036 0.015673123 -1.679790497 0.007314171 -0.015676791 0.999850273 57.013328552
0.999965012 -0.001869997 -0.008156957 1.088763356 0.001982350 0.999902964 0.013787717 -1.606396675 0.008130382 -0.013803403 0.999871671 57.914428711
0.999973893 -0.001272052 -0.007111331 1.022520304 0.001386961 0.999868095 0.016177047 -1.693186283 0.007089815 -0.016186487 0.999843836 57.983348846
0.999974251 -0.001389878 -0.007037954 1.028360486 0.001501354 0.999873102 0.015858779 -1.700452447 0.007015020 -0.015868938 0.999849498 58.485279083
0.999973714 -0.001282594 -0.007133496 1.043042898 0.001397167 0.999869764 0.016079608 -1.713941932 0.007111943 -0.016089153 0.999845266 58.992668152
0.999969900 -0.001589929 -0.007594140 1.058041573 0.001714274 0.999864161 0.016395530 -1.727413058 0.007567041 -0.016408056 0.999836743 59.539756775
0.999969304 -0.002166415 -0.007532102 1.064987540 0.002282816 0.999877572 0.015479814 -1.722010255 0.007497645 -0.015496533 0.999851823 60.101936340
0.999968290 -0.001501229 -0.007830331 1.121125221 0.001633970 0.999854624 0.016973374 -1.763915658 0.007803715 -0.016985629 0.999825239 60.580799103
0.999964297 -0.001690245 -0.008279736 1.135612011 0.001825153 0.999865234 0.016313374 -1.754400253 0.008251047 -0.016327903 0.999832630 61.175125122
0.999958158 -0.002220983 -0.008869723 1.188282967 0.002365296 0.999864459 0.016293060 -1.754049659 0.008832336 -0.016313359 0.999827921 61.616344452
0.999954283 -0.002234539 -0.009296210 1.289673924 0.002383407 0.999868631 0.016033659 -1.748951197 0.009259161 -0.016055081 0.999828279 62.132217407
0.999962330 -0.002358454 -0.008356233 1.178092599 0.002492581 0.999867678 0.016077230 -1.743736506 0.008317211 -0.016097452 0.999835789 62.656814575
0.999954164 -0.001651058 -0.009434850 1.230484724 0.001814003 0.999848902 0.017288189 -1.838425994 0.009404881 -0.017304510 0.999805987 63.170803070
0.999938071 -0.004119719 -0.010335786 1.246447444 0.004297132 0.999842763 0.017201815 -1.818866014 0.010263294 -0.017245166 0.999798596 63.578857422
0.999964893 -0.001182024 -0.008297367 1.250053406 0.001326205 0.999847889 0.017392715 -1.793145299 0.008275545 -0.017403107 0.999814272 64.227935791
0.999969125 -0.002006300 -0.007597581 1.152845621 0.002138182 0.999846458 0.017390335 -1.835593104 0.007561524 -0.017406043 0.999819875 64.351417542
0.999970138 -0.002152283 -0.007427387 1.154883265 0.002283905 0.999839783 0.017758438 -1.847730756 0.007387976 -0.017774867 0.999814749 64.903594971
0.999974847 -0.000653906 -0.007061786 1.175383329 0.000777036 0.999847412 0.017447483 -1.876252770 0.007049299 -0.017452531 0.999822795 65.308532715
0.999976754 -0.000910334 -0.006755851 1.150142789 0.001022823 0.999860704 0.016665904 -1.852349758 0.006739741 -0.016672427 0.999838293 65.981018066
0.999975204 -0.000875344 -0.006975482 1.184381485 0.000997424 0.999846041 0.017517084 -1.891754270 0.006959076 -0.017523609 0.999822259 66.240966797
0.999973893 -0.001156698 -0.007127430 1.187682867 0.001278252 0.999853373 0.017073492 -1.895199537 0.007106637 -0.017082157 0.999828875 66.792289734
0.999970496 -0.001539115 -0.007513938 1.199616909 0.001670653 0.999844909 0.017531021 -1.911184311 0.007485792 -0.017543059 0.999818146 67.323196411
0.999975562 -0.000890301 -0.006938352 1.210738659 0.001018358 0.999828815 0.018474834 -1.945883632 0.006920716 -0.018481448 0.999805272 67.643966675
0.999973178 -0.000898441 -0.007269726 1.227950692 0.001036068 0.999819815 0.018949907 -1.961100936 0.007251389 -0.018956929 0.999794006 68.159416199
0.999969363 -0.000889799 -0.007781719 1.232314110 0.001037847 0.999818087 0.019041758 -1.961260796 0.007763361 -0.019049248 0.999788404 68.700813293
0.999971569 -0.001281340 -0.007433643 1.244645119 0.001419956 0.999824584 0.018671904 -1.978993773 0.007408415 -0.018681929 0.999798000 69.219856262
0.999972343 -0.001316163 -0.007320629 1.246826410 0.001455124 0.999818265 0.019009249 -1.994404912 0.007294280 -0.019019376 0.999792516 69.735755920
0.999970376 -0.001356792 -0.007573425 1.254580259 0.001497753 0.999825239 0.018638054 -1.997216344 0.007546814 -0.018648846 0.999797583 70.283813477
0.999973297 -0.000970311 -0.007242840 1.267686129 0.001109716 0.999813735 0.019268069 -2.020941257 0.007222795 -0.019275596 0.999788105 70.829048157
0.999969900 -0.001508876 -0.007613752 1.283342600 0.001656310 0.999810457 0.019395161 -2.025811434 0.007583042 -0.019407190 0.999782920 71.395401001
0.999969244 -0.001961587 -0.007604548 1.294930458 0.002106652 0.999814987 0.019115288 -2.032466888 0.007565645 -0.019130720 0.999788344 71.949714661
0.999969482 -0.001946621 -0.007567755 1.309384346 0.002094304 0.999806583 0.019556031 -2.054916382 0.007528221 -0.019571288 0.999780118 72.494903564
0.999967575 -0.002208713 -0.007741409 1.310124397 0.002357204 0.999812365 0.019224951 -2.055575371 0.007697493 -0.019242575 0.999785185 73.047767639
0.999972641 -0.001966778 -0.007124904 1.311263919 0.002106638 0.999804199 0.019675670 -2.068299294 0.007084809 -0.019690139 0.999781013 73.589126587
0.999972284 -0.001732783 -0.007239224 1.331692457 0.001878234 0.999795556 0.020133829 -2.093573570 0.007202855 -0.020146865 0.999771059 74.142478943
0.999969065 -0.002203503 -0.007552903 1.344235182 0.002353336 0.999799490 0.019886684 -2.100423098 0.007507567 -0.019903844 0.999773622 74.684623718
0.999971986 -0.001206995 -0.007384090 1.362226248 0.001354579 0.999798715 0.020014528 -2.109907627 0.007358447 -0.020023968 0.999772429 75.220718384
0.999973416 -0.001144487 -0.007205092 1.359525204 0.001289850 0.999795139 0.020202842 -2.106265068 0.007180494 -0.020211600 0.999769926 75.793388367
0.999971688 -0.000916021 -0.007465466 1.371663690 0.001063602 0.999803543 0.019788504 -2.117935658 0.007445873 -0.019795882 0.999776363 76.333358765
0.999967277 -0.001869058 -0.007871956 1.387136102 0.002030927 0.999785602 0.020605167 -2.138627052 0.007831756 -0.020620480 0.999756634 76.910873413
0.999969482 -0.001314020 -0.007715677 1.392032862 0.001472495 0.999787331 0.020569693 -2.142891407 0.007687007 -0.020580424 0.999758661 77.500419617
0.999972522 -0.001016898 -0.007340366 1.394171000 0.001165020 0.999795139 0.020203123 -2.144221783 0.007318320 -0.020211119 0.999769092 78.100769043
0.999983907 -0.000938839 -0.005590613 1.399113178 0.001049206 0.999803960 0.019771248 -2.146889448 0.005570953 -0.019776797 0.999788821 78.651794434
0.999991655 -0.000791118 -0.004013337 1.407814980 0.000870786 0.999801815 0.019887991 -2.154284477 0.003996808 -0.019891318 0.999794126 79.214317322
0.999997318 0.000202289 -0.002273441 1.405035973 -0.000156279 0.999795556 0.020219801 -2.170314789 0.002277066 -0.020219399 0.999792933 79.737106323
0.999998808 -0.000286579 -0.001479296 1.413384676 0.000316625 0.999792874 0.020350864 -2.176708221 0.001473158 -0.020351311 0.999791741 80.298774719
0.999998987 -0.000340297 0.001353190 1.438217521 0.000313461 0.999804258 0.019782986 -2.179297924 -0.001359657 -0.019782547 0.999803364 80.879379272
0.999991059 -0.000876582 0.004128195 1.468534112 0.000794391 0.999802232 0.019869391 -2.181813717 -0.004144796 -0.019865936 0.999794006 81.420745850
0.999967456 0.000077990 0.008070783 1.478327990 -0.000242321 0.999792635 0.020362215 -2.201225758 -0.008067522 -0.020363506 0.999760032 81.981964111
0.999937475 -0.000788372 0.011148277 1.521628976 0.000562518 0.999794841 0.020247757 -2.202281475 -0.011161953 -0.020240219 0.999732792 82.457176208
0.999858260 -0.000483751 0.016830560 1.549269199 0.000144600 0.999796927 0.020146262 -2.219151497 -0.016836889 -0.020140970 0.999655366 83.041473389
0.999754488 -0.000475336 0.022154994 1.581266403 0.000020450 0.999789298 0.020527702 -2.227651358 -0.022160083 -0.020522209 0.999543726 83.489715576
0.999620795 -0.000914371 0.027521340 1.605920672 0.000329401 0.999774098 0.021252166 -2.237343550 -0.027534554 -0.021235043 0.999395251 83.981735229
0.999319494 -0.001132628 0.036868989 1.624658227 0.000356472 0.999778271 0.021051496 -2.253963470 -0.036884658 -0.021024032 0.999098361 84.791244507
0.998972893 -0.000670549 0.045305863 1.669825077 -0.000284891 0.999777913 0.021078901 -2.271444082 -0.045309924 -0.021070160 0.998750746 85.343452454
0.998643517 -0.001431901 0.052049160 1.726462364 0.000326695 0.999774456 0.021236198 -2.271983147 -0.052067827 -0.021190386 0.998418689 85.868461609
0.998141408 -0.001828932 0.060914628 1.786885977 0.000558570 0.999782145 0.020865288 -2.283658504 -0.060939524 -0.020792479 0.997924864 86.437507629
0.997502148 -0.002589971 0.070589334 1.855060577 0.001136173 0.999786556 0.020627530 -2.292669296 -0.070627704 -0.020495800 0.997292101 86.975486755
0.996797085 -0.001352024 0.079961166 1.923559666 -0.000349694 0.999773860 0.021263979 -2.310598850 -0.079971813 -0.021223834 0.996571124 87.536544800
0.996145725 -0.002409457 0.087680466 1.995082378 0.000585294 0.999782979 0.020824431 -2.313321114 -0.087711610 -0.020692846 0.995930910 88.094161987
0.995179296 -0.002474421 0.098040320 2.086242199 0.000458658 0.999788165 0.020577760 -2.322717190 -0.098070472 -0.020433592 0.994969666 88.621078491
0.994125724 -0.003118756 0.108186893 2.170976639 0.000909099 0.999790132 0.020467749 -2.325906754 -0.108228028 -0.020249162 0.993919790 89.157829285
0.993047178 -0.003404133 0.117667466 2.252985001 0.000976330 0.999785602 0.020684235 -2.336946964 -0.117712639 -0.020425541 0.992837548 89.727302551
0.991726041 -0.003737298 0.128318235 2.354298592 0.001178106 0.999799013 0.020014219 -2.329843521 -0.128367230 -0.019697445 0.991531074 90.235893250
0.990001738 -0.002494037 0.141033158 2.437138557 -0.000433950 0.999785125 0.020726416 -2.344600916 -0.141054556 -0.020580389 0.989787877 90.819061279
0.988411427 -0.003713556 0.151752770 2.564185143 0.000623969 0.999791622 0.020401893 -2.355928898 -0.151796892 -0.020070778 0.988207817 91.429214478
0.986867309 -0.003190479 0.161501437 2.638010025 -0.000119125 0.999790251 0.020478899 -2.336715460 -0.161532924 -0.020229192 0.986659944 91.921897888
0.984670818 -0.003098021 0.174396098 2.780612946 -0.000542392 0.999782979 0.020822862 -2.372852564 -0.174422801 -0.020598250 0.984455347 92.537216187
0.982254148 -0.002270787 0.187540710 2.887884140 -0.001700059 0.999777794 0.021009687 -2.378739834 -0.187546760 -0.020955687 0.982032061 93.032501221
0.980306327 -0.003673923 0.197448760 3.032421112 -0.000408051 0.999787033 0.020628933 -2.382986546 -0.197482511 -0.020303236 0.980096161 93.614830017
0.977531433 -0.003753198 0.210756361 3.176166534 -0.000578462 0.999789953 0.020487515 -2.385879993 -0.210788980 -0.020149104 0.977323890 94.164268494
0.974561453 -0.004036441 0.224084437 3.321485519 -0.000565054 0.999790370 0.020466730 -2.387278080 -0.224120066 -0.020072700 0.974354744 94.690666199
0.971879482 -0.004001158 0.235444933 3.473171234 -0.000846812 0.999789715 0.020485969 -2.394001245 -0.235477388 -0.020109268 0.971671820 95.200859070
0.968790054 -0.005341200 0.247825101 3.633876801 0.000105531 0.999776602 0.021134941 -2.420592308 -0.247882634 -0.020449167 0.968574226 95.754798889
0.965224087 -0.006201910 0.261350274 3.803749084 0.000737374 0.999779165 0.021001739 -2.420827627 -0.261422813 -0.020078672 0.965015531 96.257781982
0.961856365 -0.006771546 0.273471206 3.986576080 0.001182953 0.999787211 0.020595489 -2.423008680 -0.273552537 -0.019486403 0.961659670 96.770484924
0.958597183 -0.007130030 0.284676373 4.168670654 0.001287177 0.999784768 0.020706354 -2.432474136 -0.284762740 -0.019482626 0.958400011 97.263557434
0.954262853 -0.007476090 0.298875391 4.358341217 0.001261603 0.999779105 0.020980444 -2.438488007 -0.298966169 -0.019643793 0.954061449 97.840583801
0.950074434 -0.008437652 0.311909080 4.571250916 0.002153372 0.999787927 0.020486731 -2.447135448 -0.312015712 -0.018792266 0.949891090 98.340187073
0.946260691 -0.009436920 0.323267132 4.776556015 0.002997506 0.999787092 0.020411875 -2.446022987 -0.323391080 -0.018345958 0.946087539 98.869537354
0.941803098 -0.009752178 0.336023450 4.988527298 0.003067574 0.999786794 0.020418361 -2.448217630 -0.336150944 -0.018199300 0.941632271 99.395111084
0.936628520 -0.009844088 0.350185812 5.194808960 0.002661083 0.999776185 0.020987255 -2.456343412 -0.350314111 -0.018725386 0.936445117 99.900505066
0.932063997 -0.010636775 0.362137467 5.427257538 0.003277377 0.999775589 0.020930344 -2.462033749 -0.362278819 -0.018321561 0.931889653 100.410270691
0.927382529 -0.010721833 0.373960674 5.647140503 0.003042367 0.999772429 0.021119740 -2.472654581 -0.374101996 -0.018448355 0.927204072 100.913894653
0.921585917 -0.010892032 0.388021618 5.887533188 0.002889792 0.999771059 0.021200741 -2.472735167 -0.388163716 -0.018417003 0.921406388 101.430053711
0.916165113 -0.011922468 0.400623411 6.134895325 0.003693182 0.999766171 0.021307081 -2.479923010 -0.400783688 -0.018041231 0.915995002 101.918937683
0.911441624 -0.012597268 0.411236405 6.388362885 0.004179090 0.999763072 0.021363096 -2.488918066 -0.411408097 -0.017752625 0.911278367 102.417572021
0.905848742 -0.012925609 0.423403889 6.646915436 0.004194670 0.999759078 0.021546230 -2.495184183 -0.423580319 -0.017741587 0.905684769 102.905906677
0.899302006 -0.012749449 0.437142253 6.906444550 0.003706769 0.999761283 0.021532804 -2.502755404 -0.437312424 -0.017744113 0.899134576 103.399406433
0.893457115 -0.013557957 0.448943794 7.187122345 0.004202041 0.999752879 0.021829598 -2.510358572 -0.449128866 -0.017617328 0.893293321 103.890472412
0.887736976 -0.013988493 0.460138321 7.458465576 0.004416211 0.999751031 0.021872938 -2.516294241 -0.460329801 -0.017385345 0.887577713 104.356285095
0.880885899 -0.015189033 0.473084837 7.757392883 0.005441103 0.999743879 0.021966783 -2.528172016 -0.473297358 -0.016776130 0.880742908 104.820266724
0.873809218 -0.015552680 0.486020118 8.053920746 0.005545078 0.999742091 0.022022394 -2.537756443 -0.486237288 -0.016548356 0.873670101 105.295059204
