1.000000000 0.000000000 0.000000000 0.000000000 0.000000000 1.000000000 0.000000000 0.000000000 0.000000000 0.000000000 1.000000000 0.000000000
1.000000000 0.000015641 0.000130592 -0.003361580 -0.000015614 1.000000000 -0.000208085 0.004352960 -0.000130596 0.000208083 0.999999940 0.004208380
1.000000000 0.000030966 0.000061185 -0.002297157 -0.000030958 1.000000000 -0.000137146 0.002371321 -0.000061189 0.000137144 1.000000000 0.000593244
0.999999940 0.000310356 0.000113388 0.000088247 -0.000310338 0.999999940 -0.000158760 0.003746786 -0.000113437 0.000158724 1.000000000 -0.001833115
1.000000000 0.000231918 0.000050696 0.002690070 -0.000231914 0.999999940 -0.000092044 0.002056067 -0.000050717 0.000092032 1.000000000 -0.001307948
1.000000000 0.000169327 0.000064923 0.000207998 -0.000169324 1.000000000 -0.000055959 0.002135899 -0.000064932 0.000055948 1.000000000 -0.001220079
1.000000000 0.000130826 0.000130277 -0.001821751 -0.000130814 1.000000000 -0.000095704 0.001939175 -0.000130289 0.000095687 1.000000000 -0.000777458
1.000000000 0.000023492 -0.000004801 0.000862669 -0.000023492 1.000000000 -0.000023510 0.001762584 0.000004801 0.000023510 1.000000000 -0.002406367
1.000000000 0.000066618 0.000149954 -0.005277001 -0.000066586 1.000000000 -0.000210006 0.004188320 -0.000149968 0.000209996 0.999999940 0.004450882
0.999999940 0.000215002 0.000234447 -0.004817691 -0.000214972 0.999999940 -0.000126580 0.002208083 -0.000234474 0.000126530 0.999999940 -0.001334648
0.999999940 0.000197673 0.000210676 -0.003928205 -0.000197637 0.999999940 -0.000170330 0.002306914 -0.000210710 0.000170289 0.999999940 -0.000657097
1.000000000 0.000155057 0.000080389 0.000033689 -0.000155050 1.000000000 -0.000081514 0.002299222 -0.000080402 0.000081502 1.000000000 -0.004766290
1.000000000 0.000117533 0.000197728 -0.005507267 -0.000117523 1.000000000 -0.000049491 0.000550756 -0.000197734 0.000049468 1.000000000 -0.003065466
1.000000000 0.000007773 0.000112279 -0.003063734 -0.000007759 1.000000000 -0.000117469 0.000555056 -0.000112280 0.000117468 1.000000000 -0.001861833
1.000000000 0.000084370 0.000096555 -0.000967007 -0.000084357 1.000000000 -0.000136212 0.002624418 -0.000096566 0.000136203 1.000000000 -0.003456170
1.000000000 -0.000192331 -0.000128475 0.002490215 0.000192327 1.000000000 -0.000028461 0.000721827 0.000128481 0.000028436 1.000000000 -0.006675997
0.999999940 -0.000254889 -0.000004176 -0.002231906 0.000254888 0.999999940 -0.000122567 0.000701753 0.000004207 0.000122566 1.000000000 -0.004677269
1.000000000 -0.000098968 0.000007028 0.000625427 0.000098968 1.000000000 -0.000018320 -0.000155449 -0.000007027 0.000018321 1.000000000 -0.007616007
1.000000000 0.000102991 -0.000002208 0.000037913 -0.000102991 1.000000000 0.000001589 0.002272803 0.000002208 -0.000001589 1.000000000 -0.007370058
1.000000000 -0.000112762 -0.000026228 -0.001224507 0.000112761 1.000000000 -0.000036753 -0.000486449 0.000026232 0.000036750 1.000000000 -0.007913797
1.000000000 -0.000016641 0.000060344 -0.001255452 0.000016647 1.000000000 -0.000103424 0.001239019 -0.000060343 0.000103425 1.000000000 -0.007140548
1.000000000 -0.000150922 0.000020396 0.000011176 0.000150922 1.000000000 -0.000025541 -0.000366095 -0.000020392 0.000025544 1.000000000 -0.003757142
1.000000000 0.000130812 0.000173847 -0.006346958 -0.000130775 0.999999940 -0.000213590 0.003853560 -0.000173875 0.000213567 0.999999940 0.004115196
1.000000000 -0.000082643 -0.000073359 0.000621426 0.000082635 1.000000000 -0.000109311 0.000815796 0.000073368 0.000109305 1.000000000 0.000786008
1.000000000 -0.000027369 0.000021907 -0.001087010 0.000027369 1.000000000 -0.000013294 0.002059461 -0.000021907 0.000013294 1.000000000 -0.000012674
1.000000000 0.000017289 -0.000045003 0.002558707 -0.000017296 1.000000000 -0.000140301 0.003212636 0.000045001 0.000140302 1.000000000 -0.006948534
1.000000000 -0.000010619 0.000117080 -0.003321999 0.000010638 1.000000000 -0.000164468 0.003149498 -0.000117078 0.000164469 1.000000000 -0.001451874
0.999999940 0.000255170 0.000203203 -0.005260307 -0.000255130 0.999999940 -0.000196941 0.003088931 -0.000203253 0.000196889 0.999999940 -0.000111267
1.000000000 0.000017308 0.000100397 -0.003104743 -0.000017305 1.000000000 -0.000035253 0.002019789 -0.000100398 0.000035252 1.000000000 -0.001130687
1.000000000 -0.000195848 0.000015009 -0.004722004 0.000195851 0.999999940 -0.000170029 0.006101176 -0.000014976 0.000170032 1.000000000 0.003095532
1.000000000 -0.000109109 0.000018451 -0.002498927 0.000109110 1.000000000 -0.000064916 0.002226630 -0.000018444 0.000064918 1.000000000 -0.001395402
1.000000000 -0.000119929 0.000117235 -0.003607020 0.000119925 1.000000000 0.000038770 0.000978815 -0.000117239 -0.000038756 1.000000000 0.000424333
1.000000000 -0.000204650 0.000069692 -0.003918449 0.000204648 1.000000000 0.000019531 0.001070959 -0.000069696 -0.000019517 1.000000000 -0.004559623
1.000000000 -0.000133345 0.000005617 -0.002918120 0.000133345 1.000000000 -0.000009551 0.001980470 -0.000005616 0.000009552 1.000000000 -0.002042096
1.000000000 0.000083198 0.000063134 -0.003889445 -0.000083188 1.000000000 -0.000159459 0.001839765 -0.000063147 0.000159454 1.000000000 -0.000074044
1.000000000 0.000046959 0.000109053 -0.004683613 -0.000046947 1.000000000 -0.000111468 0.002981663 -0.000109058 0.000111463 1.000000000 0.000438338
1.000000000 -0.000124527 -0.000170762 0.003258779 0.000124551 1.000000000 0.000139566 -0.000637385 0.000170745 -0.000139588 1.000000000 -0.013018288
1.000000000 0.000000243 0.000062785 -0.003637342 -0.000000227 0.999999940 -0.000253491 0.004311555 -0.000062785 0.000253491 0.999999940 0.001365040
1.000000000 -0.000173311 0.000066734 -0.002959911 0.000173313 1.000000000 -0.000029525 0.001831953 -0.000066729 0.000029536 1.000000000 -0.000539109
1.000000000 -0.000026222 -0.000048106 0.001128644 0.000026232 1.000000000 0.000195353 -0.001333493 0.000048101 -0.000195355 1.000000000 -0.008822469
0.999999940 -0.000283235 -0.000130612 0.000398993 0.000283236 0.999999940 0.000006738 -0.000952569 0.000130610 -0.000006775 1.000000000 -0.001057366
1.000000000 0.000061693 0.000090827 0.001992395 -0.000061634 0.999999762 -0.000652785 -0.003651355 -0.000090867 0.000652780 0.999999762 0.049139529
1.000000000 0.000028122 -0.000014151 -0.000334709 -0.000028144 0.999998748 -0.001568960 0.001037419 0.000014107 0.001568960 0.999998748 0.147981852
1.000000000 -0.000059275 -0.000084336 0.004523625 0.000059143 0.999998808 -0.001558338 -0.007687338 0.000084428 0.001558333 0.999998808 0.263087064
1.000000000 -0.000207407 0.000027965 0.002471588 0.000207446 0.999998987 -0.001420400 -0.012131908 -0.000027671 0.001420406 0.999998987 0.395933330
1.000000000 0.000028552 -0.000084058 0.004946331 -0.000028653 0.999999285 -0.001194922 -0.017437551 0.000084024 0.001194924 0.999999285 0.537848473
1.000000000 -0.000002791 0.000153022 0.006308719 0.000002939 0.999999523 -0.000967096 -0.031209864 -0.000153019 0.000967096 0.999999523 0.680412889
0.999999881 -0.000453327 -0.000025110 0.020446556 0.000453312 0.999999702 -0.000592388 -0.032164495 0.000025378 0.000592376 0.999999821 0.847352564
0.999999940 -0.000182940 -0.000167613 0.023267554 0.000182844 0.999999821 -0.000569456 -0.037150886 0.000167717 0.000569425 0.999999821 1.030753374
0.999999940 -0.000087262 0.000247522 0.013573622 0.000087437 0.999999762 -0.000709102 -0.038277082 -0.000247460 0.000709123 0.999999702 1.212217569
1.000000000 -0.000182065 -0.000060222 0.029912330 0.000182031 0.999999821 -0.000554750 -0.046925992 0.000060323 0.000554739 0.999999821 1.417474151
0.999999404 -0.000784128 -0.000756270 0.043030575 0.000783905 0.999999642 -0.000295477 -0.055921864 0.000756501 0.000294884 0.999999642 1.612054229
0.999997854 -0.002052031 0.000303524 0.028272035 0.002051801 0.999997556 0.000756179 -0.075224236 -0.000305075 -0.000755554 0.999999642 1.722355843
0.999997318 -0.002224302 0.000672109 0.031586468 0.002223646 0.999997020 0.000975752 -0.081203207 -0.000674277 -0.000974255 0.999999285 1.929701924
0.999998271 -0.001824402 0.000279894 0.037750110 0.001824139 0.999997914 0.000936600 -0.089468814 -0.000281602 -0.000936088 0.999999523 2.125404835
0.999998868 -0.001507741 0.000178478 0.044472419 0.001507548 0.999998391 0.001076839 -0.095333003 -0.000180101 -0.001076569 0.999999404 2.344724178
0.999999166 -0.001127082 0.000466359 0.036796995 0.001126560 0.999998748 0.001118446 -0.100826159 -0.000467619 -0.001117920 0.999999225 2.576204538
0.999999166 -0.000724903 0.001051560 0.038304858 0.000723583 0.999998987 0.001255054 -0.109574676 -0.001052468 -0.001254293 0.999998629 2.811554670
0.999998868 -0.001191893 0.000882581 0.045319211 0.001190607 0.999998271 0.001456411 -0.124814637 -0.000884315 -0.001455358 0.999998510 3.044449091
0.999998450 -0.001630533 0.000525299 0.053171169 0.001629732 0.999997497 0.001521507 -0.127859220 -0.000527779 -0.001520649 0.999998629 3.267117500
0.999998569 -0.001516644 0.000582343 0.056928262 0.001515668 0.999997377 0.001672918 -0.135472849 -0.000584879 -0.001672033 0.999998450 3.518933535
0.999999166 -0.000995800 0.000785060 0.059047077 0.000994669 0.999998391 0.001440026 -0.139095128 -0.000786492 -0.001439244 0.999998689 3.777268887
0.999998808 -0.001167155 0.000966958 0.069150552 0.001165532 0.999997914 0.001677581 -0.148093507 -0.000968914 -0.001676452 0.999998152 4.063237667
0.999999344 -0.000689765 0.000824049 0.061469402 0.000688116 0.999997735 0.001999514 -0.149609566 -0.000825426 -0.001998946 0.999997616 4.270269394
0.999997795 -0.002054025 0.000380098 0.077213913 0.002053141 0.999995232 0.002313272 -0.179846466 -0.000384847 -0.002312487 0.999997258 4.544100285
0.999997854 -0.001976114 0.000475413 0.085368335 0.001974945 0.999995112 0.002445631 -0.189568162 -0.000480244 -0.002444688 0.999996841 4.799875736
0.999997735 -0.002078389 0.000457449 0.089334287 0.002077298 0.999995053 0.002373599 -0.191625401 -0.000462380 -0.002372644 0.999997079 5.052243710
0.999996126 -0.002757637 -0.000070565 0.103336848 0.002757799 0.999993265 0.002407664 -0.198789999 0.000063925 -0.002407849 0.999997079 5.317743301
0.999998212 -0.001624614 0.000987461 0.079710826 0.001621971 0.999995053 0.002671452 -0.230159730 -0.000991796 -0.002669846 0.999995887 5.604568005
0.999998331 -0.001538360 0.000991720 0.082776807 0.001535654 0.999995053 0.002723731 -0.237773359 -0.000995906 -0.002722203 0.999995768 5.878412247
0.999998808 -0.001002981 0.001152504 0.092831418 0.000999650 0.999995351 0.002886542 -0.248172671 -0.001155394 -0.002885386 0.999995172 6.144432068
0.999997735 -0.001365055 0.001645214 0.093454957 0.001360195 0.999994755 0.002951217 -0.257121503 -0.001649234 -0.002948972 0.999994338 6.424605846
0.999997616 -0.001908552 0.001088400 0.101056337 0.001905173 0.999993384 0.003096598 -0.277642995 -0.001094303 -0.003094517 0.999994576 6.714005947
0.999997020 -0.002185067 0.001013411 0.107126638 0.002182448 0.999994218 0.002579120 -0.273288846 -0.001019041 -0.002576900 0.999996185 7.047115803
0.999997675 -0.001899354 0.000971391 0.119189203 0.001896519 0.999993920 0.002911372 -0.291135490 -0.000976915 -0.002909523 0.999995291 7.341594696
0.999996364 -0.002561967 0.000765208 0.133883327 0.002559679 0.999992251 0.002976744 -0.306884110 -0.000772828 -0.002974775 0.999995291 7.650902271
0.999997377 -0.001966455 0.001156650 0.126583204 0.001962655 0.999992669 0.003277501 -0.303914458 -0.001163086 -0.003275222 0.999993980 7.979687214
0.999997079 -0.002158998 0.001074253 0.133135468 0.002155703 0.999992967 0.003059278 -0.302683532 -0.001080851 -0.003056954 0.999994755 8.284433365
0.999995232 -0.002853768 0.001168152 0.127444103 0.002849405 0.999989033 0.003720097 -0.336089224 -0.001178755 -0.003716751 0.999992371 8.608713150
0.999993920 -0.003282683 0.001108711 0.133982718 0.003278580 0.999987781 0.003682919 -0.343041867 -0.001120788 -0.003679262 0.999992549 8.941990852
0.999995768 -0.002570299 0.001446474 0.141773313 0.002564646 0.999989152 0.003896664 -0.356949389 -0.001456474 -0.003892937 0.999991417 9.272594452
0.999993682 -0.003452353 0.000775333 0.158327058 0.003449309 0.999986470 0.003894361 -0.363507926 -0.000788767 -0.003891662 0.999992132 9.615614891
0.999995708 -0.002803781 0.000867834 0.160033554 0.002800250 0.999987900 0.004042926 -0.369019538 -0.000879158 -0.004040478 0.999991477 9.956881523
0.999995887 -0.002636893 0.001120742 0.174256548 0.002632019 0.999987185 0.004328663 -0.380660921 -0.001132142 -0.004325696 0.999989986 10.278823853
0.999993801 -0.003445832 0.000682661 0.170847967 0.003443159 0.999986529 0.003879439 -0.400993943 -0.000696020 -0.003877065 0.999992251 10.704937935
0.999991894 -0.003932694 0.000885561 0.175960466 0.003929126 0.999984324 0.003994577 -0.410035819 -0.000901256 -0.003991065 0.999991596 11.079872131
0.999992728 -0.003720917 0.000743951 0.178959131 0.003717796 0.999984443 0.004152788 -0.420775533 -0.000759391 -0.004149993 0.999991119 11.466630936
0.999989927 -0.004416247 0.000884823 0.197761178 0.004412693 0.999982357 0.003980001 -0.426461190 -0.000902384 -0.003976057 0.999991655 11.836620331
0.999993086 -0.003642860 0.000646110 0.205171019 0.003640014 0.999983847 0.004352886 -0.436464578 -0.000661956 -0.004350504 0.999990344 12.209952354
0.999994814 -0.003110040 0.000835218 0.210245207 0.003106134 0.999984384 0.004637463 -0.450251222 -0.000849627 -0.004634845 0.999988914 12.576309204
0.999989510 -0.004549023 0.000459589 0.226053417 0.004546783 0.999978304 0.004761752 -0.458975166 -0.000481240 -0.004759612 0.999988556 12.994097710
0.999988675 -0.004748959 0.000340200 0.234899923 0.004747210 0.999976397 0.004969317 -0.496795177 -0.000363791 -0.004967646 0.999987543 13.400331497
0.999993980 -0.003302442 0.001091148 0.235474661 0.003296962 0.999982178 0.004985968 -0.508549154 -0.001107594 -0.004982340 0.999986947 13.813845634
0.999992311 -0.003799138 0.001011991 0.246290520 0.003793368 0.999976873 0.005643559 -0.516292393 -0.001033408 -0.005639676 0.999983609 14.242701530
0.999987066 -0.005047730 0.000670934 0.262395799 0.005043248 0.999966085 0.006521554 -0.553902149 -0.000703831 -0.006518085 0.999978542 14.641454697
0.999987602 -0.004877586 0.001005960 0.272528470 0.004870540 0.999964416 0.006891950 -0.567083657 -0.001039540 -0.006886965 0.999975741 15.013624191
0.999982119 -0.005965799 0.000461824 0.297554821 0.005962555 0.999959588 0.006731301 -0.569700956 -0.000501963 -0.006728427 0.999977231 15.544985771
0.999980032 -0.006219512 0.001124552 0.297609478 0.006211353 0.999955297 0.007119878 -0.647209346 -0.001168783 -0.007112751 0.999973953 15.990835190
0.999976516 -0.006782553 0.001021860 0.314248621 0.006774904 0.999950230 0.007310952 -0.657009482 -0.001071396 -0.007303856 0.999972701 16.433937073
0.999972045 -0.007379437 0.001174559 0.322188228 0.007370640 0.999946058 0.007324856 -0.666602254 -0.001228549 -0.007315996 0.999972463 16.884502411
0.999975383 -0.006885993 0.001356158 0.331302762 0.006876356 0.999951959 0.006987218 -0.670169175 -0.001404206 -0.006977722 0.999974608 17.359033585
0.999983668 -0.005263199 0.002257039 0.325222224 0.005244416 0.999952257 0.008248743 -0.692159653 -0.002300345 -0.008236771 0.999963403 17.826313019
0.999984682 -0.004822069 0.002713982 0.340619147 0.004800109 0.999956131 0.008040705 -0.692186236 -0.002752637 -0.008027554 0.999963999 18.261493683
0.999980807 -0.005560457 0.002726935 0.351224691 0.005538857 0.999953687 0.007866040 -0.723349214 -0.002770549 -0.007850785 0.999965310 18.715063095
0.999980330 -0.005717577 0.002568736 0.369078338 0.005696611 0.999950886 0.008096869 -0.735628784 -0.002614904 -0.008082076 0.999963939 19.182626724
0.999976695 -0.006332877 0.002554238 0.390687585 0.006312234 0.999948025 0.008010418 -0.740075409 -0.002604835 -0.007994109 0.999964654 19.657411575
0.999984324 -0.004805204 0.002875068 0.386183858 0.004781518 0.999955058 0.008189439 -0.756908298 -0.002914291 -0.008175563 0.999962330 20.155096054
0.999985456 -0.004578767 0.002844736 0.395595223 0.004555655 0.999956965 0.008078667 -0.760458469 -0.002881604 -0.008065590 0.999963343 20.642467499
0.999983072 -0.005106078 0.002758013 0.407591939 0.005082110 0.999949813 0.008628398 -0.768590569 -0.002801933 -0.008614236 0.999958992 21.117559433
0.999981225 -0.005895793 0.001654251 0.429989815 0.005880013 0.999938667 0.009386784 -0.816716433 -0.001709493 -0.009376881 0.999954581 21.584869385
0.999981642 -0.005874271 0.001471026 0.444416404 0.005860118 0.999938190 0.009447726 -0.826534986 -0.001526434 -0.009438933 0.999954283 22.113199234
0.999977410 -0.006638794 0.001023211 0.440901130 0.006628387 0.999929488 0.009859758 -0.844103575 -0.001088595 -0.009852752 0.999950886 22.629407883
0.999980092 -0.006275014 0.000719348 0.432651341 0.006267626 0.999931812 0.009849628 -0.849931419 -0.000781105 -0.009844922 0.999951243 23.147470474
0.999974608 -0.007113940 -0.000389329 0.451389521 0.007117463 0.999925137 0.009954737 -0.869391143 0.000318483 -0.009957255 0.999950349 23.563449860
0.999971926 -0.007402615 -0.001222385 0.455274552 0.007414092 0.999925792 0.009667843 -0.879484653 0.001150727 -0.009676633 0.999952495 24.102153778
0.999974012 -0.006975383 -0.001804525 0.459699482 0.006993150 0.999925256 0.010033983 -0.892315269 0.001734400 -0.010046341 0.999948025 24.616762161
0.999973834 -0.006983753 -0.001862203 0.463599741 0.007003264 0.999918342 0.010685152 -0.913661122 0.001787428 -0.010697914 0.999941111 25.184040070
0.999967158 -0.007709509 -0.002488235 0.443230331 0.007735609 0.999913335 0.010655577 -0.955568075 0.002405870 -0.010674477 0.999940097 25.757545471
0.999958694 -0.008402200 -0.003475634 0.455575347 0.008437390 0.999912024 0.010236806 -0.963321269 0.003389316 -0.010265710 0.999941587 26.310249329
0.999945283 -0.009541589 -0.004288620 0.474370748 0.009588430 0.999893188 0.011037352 -0.963639557 0.004182848 -0.011077870 0.999929965 26.868478775
0.999950171 -0.009194088 -0.003884903 0.442042559 0.009239487 0.999887288 0.011834105 -1.014270544 0.003775661 -0.011869410 0.999922454 27.422525406
0.999957860 -0.008225929 -0.004048167 0.458610058 0.008274831 0.999891162 0.012215462 -1.030705333 0.003947243 -0.012248445 0.999917209 27.998018265
0.999956906 -0.007911033 -0.004858478 0.469453871 0.007969334 0.999895036 0.012099867 -1.025941610 0.004762245 -0.012138066 0.999915004 28.482006073
0.999953270 -0.008131008 -0.005229341 0.474380434 0.008195303 0.999889612 0.012393642 -1.043933153 0.005127991 -0.012435919 0.999909580 29.036289215
0.999946773 -0.008712588 -0.005522609 0.470358968 0.008782193 0.999880672 0.012707042 -1.065081358 0.005411238 -0.012754866 0.999904037 29.598096848
0.999949396 -0.008576690 -0.005258713 0.463098228 0.008642833 0.999882162 0.012686589 -1.072021246 0.005149284 -0.012731399 0.999905646 30.127761841
0.999914765 -0.010970023 -0.007075846 0.494838476 0.011063536 0.999850035 0.013314828 -1.077902079 0.006928721 -0.013391979 0.999886334 30.693370819
0.999949992 -0.007934833 -0.006089384 0.445921630 0.008014629 0.999880791 0.013193411 -1.131752849 0.005983972 -0.013241555 0.999894440 31.180728912
0.999950707 -0.007551449 -0.006441428 0.455055833 0.007634657 0.999886453 0.012992456 -1.140415311 0.006342585 -0.013040993 0.999894917 31.721836090
0.999948919 -0.007815022 -0.006400270 0.472512156 0.007895736 0.999888361 0.012684437 -1.157495856 0.006300427 -0.012734324 0.999899089 32.294570923
0.999946415 -0.007797490 -0.006810713 0.459894896 0.007882540 0.999890208 0.012551516 -1.143443584 0.006712093 -0.012604531 0.999898016 32.828048706
0.999965906 -0.005675386 -0.005995515 0.452104092 0.005752920 0.999898970 0.012994989 -1.161244750 0.005921158 -0.013029037 0.999897659 33.407356262
0.999956369 -0.006828971 -0.006378191 0.456962913 0.006910599 0.999893308 0.012864924 -1.146076918 0.006289658 -0.012908439 0.999896884 33.905010223
0.999935389 -0.008672076 -0.007342518 0.441941202 0.008776709 0.999858677 0.014340285 -1.221112847 0.007217119 -0.014403802 0.999870241 34.389644623
0.999939322 -0.008525984 -0.006979687 0.437337190 0.008625186 0.999860466 0.014308547 -1.229209661 0.006856718 -0.014367879 0.999873281 34.897274017
0.999940753 -0.007944661 -0.007439798 0.448592275 0.008043686 0.999878228 0.013376273 -1.230662704 0.007332621 -0.013435325 0.999882817 35.441898346
0.999944985 -0.007756050 -0.007071299 0.438994825 0.007858035 0.999863863 0.014510785 -1.263357520 0.006957790 -0.014565554 0.999869704 35.988761902
0.999950290 -0.007251284 -0.006839375 0.411206722 0.007346645 0.999874651 0.014022182 -1.268245220 0.006736839 -0.014071732 0.999878287 36.479034424
0.999945462 -0.007471234 -0.007287644 0.419401616 0.007572141 0.999874473 0.013918350 -1.278937340 0.007182741 -0.013972774 0.999876618 37.036258698
0.999948204 -0.006894195 -0.007494093 0.430203408 0.006988077 0.999896526 0.012574192 -1.265967965 0.007406628 -0.012625909 0.999892831 37.586994171
0.999939203 -0.008018130 -0.007580000 0.421462685 0.008125030 0.999866426 0.014178731 -1.301387906 0.007465300 -0.014239456 0.999870718 38.084438324
0.999930739 -0.008975359 -0.007617699 0.418266743 0.009085994 0.999851942 0.014615325 -1.315994978 0.007485393 -0.014683528 0.999864161 38.616703033
0.999946475 -0.007774162 -0.006839623 0.411915839 0.007874374 0.999860287 0.014748883 -1.340416193 0.006724006 -0.014801950 0.999867857 39.129108429
0.999916315 -0.010041113 -0.008150241 0.422390521 0.010172782 0.999815762 0.016277796 -1.369412422 0.007985291 -0.016359346 0.999834299 39.626995087
0.999923229 -0.009684671 -0.007726101 0.420677423 0.009807739 0.999822974 0.016053256 -1.383841991 0.007569262 -0.016127799 0.999841273 40.155200958
0.999922812 -0.009270379 -0.008269105 0.453405052 0.009399817 0.999831676 0.015754152 -1.384310842 0.008121666 -0.015830666 0.999841750 40.708667755
0.999917746 -0.009408355 -0.008710594 0.471676618 0.009553002 0.999814570 0.016715912 -1.410986662 0.008551709 -0.016797751 0.999822319 41.260738373
0.999910474 -0.009844822 -0.009062082 0.468173385 0.009996789 0.999807537 0.016879713 -1.417017937 0.008894160 -0.016968794 0.999816477 41.763294220
0.999901295 -0.010579730 -0.009234695 0.493072897 0.010739705 0.999790072 0.017448997 -1.438132286 0.009048149 -0.017546456 0.999805152 42.305767059
0.999895990 -0.010922903 -0.009422429 0.490764052 0.011084972 0.999788523 0.017322956 -1.421528816 0.009231220 -0.017425604 0.999805570 42.882091522
0.999906063 -0.009926322 -0.009451035 0.479798079 0.010097669 0.999782264 0.018258164 -1.450492859 0.009267743 -0.018351883 0.999788642 43.356330872
0.999904156 -0.010710660 -0.008772784 0.409563184 0.010866460 0.999780536 0.017908588 -1.469478488 0.008579045 -0.018002201 0.999801099 43.799762726
0.999905467 -0.010701510 -0.008628905 0.417240560 0.010845647 0.999799430 0.016834037 -1.460774660 0.008447025 -0.016926032 0.999821007 44.356899261
0.999893606 -0.011150279 -0.009405266 0.435863405 0.011311129 0.999787688 0.017225873 -1.469883204 0.009211194 -0.017330423 0.999807358 44.912773132
0.999891520 -0.010839215 -0.009972430 0.464974940 0.011006624 0.999796808 0.016888512 -1.458336353 0.009787343 -0.016996441 0.999807656 45.461997986
0.999880731 -0.011718264 -0.010061732 0.464269489 0.011894776 0.999773204 0.017666161 -1.477053881 0.009852433 -0.017783735 0.999793291 45.983604431
0.999906600 -0.010541335 -0.008705006 0.416138381 0.010688393 0.999798000 0.017023550 -1.489181519 0.008523795 -0.017115006 0.999817133 46.575378418
0.999912858 -0.010305705 -0.008245369 0.412855536 0.010468028 0.999747336 0.019891987 -1.578119636 0.008038284 -0.019976566 0.999768138 46.873680115
0.999919534 -0.009755962 -0.008104946 0.417973280 0.009910641 0.999765158 0.019268841 -1.577259183 0.007915057 -0.019347614 0.999781489 47.423149109
0.999910712 -0.010696203 -0.008011684 0.422073185 0.010850540 0.999751508 0.019474838 -1.586870670 0.007801386 -0.019560026 0.999778271 47.968448639
0.999925017 -0.009929031 -0.007172483 0.413810611 0.010073176 0.999742270 0.020348454 -1.603022575 0.006968592 -0.020419177 0.999767244 48.497756958
0.999913633 -0.010194552 -0.008296528 0.440460265 0.010362599 0.999736667 0.020470588 -1.610279441 0.008085656 -0.020554787 0.999756038 48.911514282
0.999911189 -0.010290691 -0.008468946 0.444710344 0.010458245 0.999745548 0.019984024 -1.611828208 0.008261145 -0.020070814 0.999764442 49.454814911
0.999922991 -0.009777575 -0.007649234 0.434583932 0.009929327 0.999749482 0.020058991 -1.614495635 0.007451188 -0.020133398 0.999769628 49.999706268
0.999922097 -0.009948913 -0.007531047 0.447499365 0.010100761 0.999740899 0.020401005 -1.620935321 0.007326129 -0.020475486 0.999763489 50.532424927
0.999921441 -0.009652144 -0.007998759 0.448623240 0.009819520 0.999728084 0.021157099 -1.629167318 0.007792371 -0.021233985 0.999744117 50.967102051
0.999924123 -0.009428340 -0.007939508 0.457336873 0.009586747 0.999750912 0.020155612 -1.628727555 0.007747497 -0.020230195 0.999765337 51.514232635
0.999903262 -0.010674939 -0.008920667 0.495253593 0.010857779 0.999726713 0.020705374 -1.625631809 0.008697201 -0.020800229 0.999745846 52.051921844
0.999905109 -0.010604924 -0.008792920 0.467797607 0.010781714 0.999735594 0.020308541 -1.639752984 0.008575223 -0.020401413 0.999755144 52.593692780
0.999912560 -0.010370014 -0.008206029 0.449602753 0.010545592 0.999709964 0.021650210 -1.666654110 0.007979137 -0.021734854 0.999731958 52.979469299
0.999913216 -0.010164286 -0.008379213 0.452831358 0.010338706 0.999725163 0.021042086 -1.658082604 0.008163031 -0.021126891 0.999743521 53.531036377
0.999926627 -0.009252344 -0.007819892 0.449379951 0.009411491 0.999744117 0.020565484 -1.662754416 0.007627612 -0.020637572 0.999757946 54.080810547
0.999913633 -0.010130482 -0.008369647 0.464409530 0.010300892 0.999735236 0.020574611 -1.657509327 0.008159000 -0.020659048 0.999753296 54.627742767
0.999924302 -0.009411587 -0.007915953 0.460512727 0.009585019 0.999708533 0.022164552 -1.679716825 0.007705044 -0.022238750 0.999722958 54.987060547
0.999924898 -0.009474170 -0.007769734 0.471172839 0.009642742 0.999712527 0.021953329 -1.688630939 0.007559513 -0.022026602 0.999728858 55.538810730
0.999921381 -0.009787601 -0.007832351 0.475668758 0.009955654 0.999714732 0.021712996 -1.685747385 0.007617598 -0.021789268 0.999733567 56.073696136
0.999926984 -0.009579838 -0.007354638 0.468768001 0.009736489 0.999720037 0.021567816 -1.701496482 0.007145963 -0.021637851 0.999740422 56.632564545
0.999926686 -0.009850190 -0.007040353 0.461989343 0.009998233 0.999723017 0.021311514 -1.694466472 0.006828480 -0.021380344 0.999748170 57.124275208
0.999925137 -0.009493719 -0.007710605 0.467648387 0.009662199 0.999708652 0.022115612 -1.707250714 0.007498399 -0.022188462 0.999725699 57.522823334
0.999927938 -0.009331440 -0.007545610 0.468199462 0.009493554 0.999718487 0.021742241 -1.708758473 0.007340599 -0.021812309 0.999735177 58.062232971
0.999919295 -0.010046233 -0.007775317 0.496275365 0.010211031 0.999717712 0.021453753 -1.713573933 0.007557592 -0.021531414 0.999739587 58.618141174
0.999928236 -0.009439963 -0.007377714 0.481122017 0.009591662 0.999737561 0.020804346 -1.699329734 0.007179386 -0.020873619 0.999756336 59.150417328
0.999925852 -0.009480224 -0.007634168 0.487668812 0.009645039 0.999714732 0.021849822 -1.716159582 0.007424847 -0.021921832 0.999732137 59.561134338
0.999912441 -0.010320150 -0.008279221 0.500286698 0.010503957 0.999692261 0.022473529 -1.714315891 0.008044743 -0.022558527 0.999713182 60.115932465
0.999915361 -0.010214588 -0.008057328 0.492895246 0.010387686 0.999709666 0.021742348 -1.709057093 0.007832900 -0.021824205 0.999731183 60.618728638
0.999912500 -0.010407766 -0.008159801 0.516025662 0.010581803 0.999711037 0.021583337 -1.711881161 0.007932809 -0.021667793 0.999733806 61.139053345
0.999920785 -0.009835557 -0.007857431 0.510273099 0.010006965 0.999706089 0.022081763 -1.715087295 0.007637932 -0.022158640 0.999725401 61.554935455
0.999923170 -0.009769038 -0.007638040 0.514388800 0.009934667 0.999709547 0.021956248 -1.724256039 0.007421329 -0.022030445 0.999729753 62.107414246
0.999922276 -0.009791461 -0.007723763 0.510831833 0.009958172 0.999711752 0.021849371 -1.740848541 0.007507600 -0.021924585 0.999731421 62.651889801
0.999919891 -0.009686995 -0.008143770 0.536596298 0.009859775 0.999721348 0.021450913 -1.733487844 0.007933705 -0.021529496 0.999736726 63.224601746
0.999927759 -0.009213359 -0.007738607 0.543276668 0.009375607 0.999731421 0.021197893 -1.725607276 0.007541227 -0.021268917 0.999745309 63.691436768
0.999921024 -0.010050850 -0.007543338 0.509525895 0.010217039 0.999698520 0.022325959 -1.755160451 0.007316669 -0.022401270 0.999722242 64.094772339
0.999927700 -0.009838648 -0.006916803 0.526348472 0.009987311 0.999712527 0.021797759 -1.751823306 0.006700356 -0.021865267 0.999738455 64.681266785
0.999928117 -0.009817274 -0.006884086 0.521205187 0.009965027 0.999713480 0.021767491 -1.754331231 0.006668415 -0.021834534 0.999739408 65.178886414
0.999928951 -0.009993424 -0.006482712 0.527881622 0.010131360 0.999715328 0.021605859 -1.750117660 0.006264948 -0.021670008 0.999745607 65.715225220
0.999933004 -0.009322501 -0.006864642 0.555386186 0.009468657 0.999722362 0.021575700 -1.755463958 0.006661597 -0.021639256 0.999743640 66.222877502
0.999915242 -0.010503689 -0.007685291 0.557331264 0.010666977 0.999711454 0.021523748 -1.760122538 0.007456994 -0.021603903 0.999738812 66.659004211
0.999924839 -0.010002515 -0.007083864 0.539836287 0.010151864 0.999720216 0.021370638 -1.767923355 0.006868121 -0.021440947 0.999746561 67.221611023
0.999933422 -0.008991578 -0.007226069 0.571886897 0.009140301 0.999741554 0.020819066 -1.779158592 0.007037004 -0.020883724 0.999757230 67.727584839
0.999918282 -0.009970613 -0.008004116 0.586939633 0.010134982 0.999732971 0.020764561 -1.767544389 0.007794942 -0.020843979 0.999752402 68.282112122
0.999916434 -0.010555088 -0.007461615 0.578712642 0.010710054 0.999721169 0.021043284 -1.768326759 0.007237421 -0.021121444 0.999750733 68.660217285
0.999917388 -0.010061177 -0.007990242 0.603442729 0.010221925 0.999740899 0.020338811 -1.773258924 0.007783539 -0.020418808 0.999761283 69.203590393
0.999929965 -0.009227997 -0.007414219 0.590666056 0.009373689 0.999758780 0.019862166 -1.768488169 0.007229142 -0.019930271 0.999775290 69.759262085
0.999908686 -0.011047122 -0.007781812 0.611264467 0.011208327 0.999716938 0.020985954 -1.784185171 0.007547775 -0.021071259 0.999749482 70.178596497
0.999917388 -0.010380659 -0.007576829 0.620871484 0.010535055 0.999731660 0.020630132 -1.790369749 0.007360642 -0.020708252 0.999758482 70.719238281
0.999938607 -0.008863116 -0.006650590 0.621943057 0.008997257 0.999751091 0.020418663 -1.790822506 0.006467960 -0.020477246 0.999769390 71.267982483
0.999926507 -0.009794731 -0.007145429 0.630605042 0.009940211 0.999738097 0.020616774 -1.781014204 0.006941621 -0.020686287 0.999761879 71.831169128
0.999914885 -0.010766871 -0.007356671 0.625942647 0.010920719 0.999715567 0.021203287 -1.798783183 0.007126286 -0.021281825 0.999748111 72.208206177
0.999921024 -0.010204893 -0.007323182 0.636005282 0.010353751 0.999734521 0.020585559 -1.797799468 0.007111166 -0.020659758 0.999761283 72.750701904
0.999913990 -0.010357480 -0.008047652 0.631774127 0.010520910 0.999733686 0.020537933 -1.799391866 0.007832788 -0.020620838 0.999756634 73.280342102
0.999897957 -0.011314760 -0.008719039 0.678148091 0.011490199 0.999727070 0.020341111 -1.806552649 0.008486506 -0.020439222 0.999755085 73.792640686
0.999904096 -0.011360424 -0.007910695 0.677299261 0.011522452 0.999718368 0.020747334 -1.801997900 0.007672770 -0.020836500 0.999753475 74.153381348
0.999904454 -0.011395259 -0.007810563 0.675732553 0.011554586 0.999719739 0.020667071 -1.810690880 0.007572867 -0.020755351 0.999755919 74.693473816
0.999901235 -0.011606221 -0.007912568 0.670561969 0.011766920 0.999719143 0.020574760 -1.802471280 0.007671552 -0.020665839 0.999757051 75.223602295
0.999886274 -0.012435561 -0.008528833 0.686160982 0.012604881 0.999718606 0.020095175 -1.799371243 0.008276540 -0.020200398 0.999761760 75.749610901
0.999910116 -0.010998870 -0.007660240 0.685497224 0.011156710 0.999719799 0.020876652 -1.805217981 0.007428476 -0.020960236 0.999752700 76.160713196
0.999902487 -0.011389529 -0.008082530 0.691368461 0.011550949 0.999728918 0.020213859 -1.803176641 0.007850113 -0.020305244 0.999763012 76.726348877
0.999891758 -0.012074011 -0.008411275 0.738291562 0.012237193 0.999732554 0.019626975 -1.803470254 0.008172048 -0.019727780 0.999772012 77.287078857
0.999919713 -0.010843165 -0.006556400 0.703464806 0.010975398 0.999729931 0.020480799 -1.814841390 0.006332554 -0.020551110 0.999768674 77.719993591
0.999936283 -0.010232258 -0.004779565 0.700760365 0.010328625 0.999734521 0.020592315 -1.824979544 0.004567591 -0.020640364 0.999776423 78.267768860
0.999929130 -0.011086689 -0.004330600 0.723451197 0.011172814 0.999729455 0.020396871 -1.830095172 0.004103295 -0.020443812 0.999782562 78.845222473
0.999949992 -0.009713355 -0.002361856 0.704565167 0.009761732 0.999723017 0.021415306 -1.856748343 0.002153188 -0.021437293 0.999767780 79.397598267
0.999939919 -0.010942873 -0.000627245 0.795640588 0.010953506 0.999726117 0.020681785 -1.829010606 0.000400754 -0.020687414 0.999785900 79.704399109
0.999941468 -0.010244455 0.003468732 0.807445765 0.010170507 0.999733865 0.020704128 -1.826125622 -0.003679912 -0.020667637 0.999779582 80.241989136
0.999929309 -0.010152848 0.006195368 0.836552441 0.010023428 0.999738038 0.020575168 -1.829644918 -0.006402642 -0.020511614 0.999769092 80.786003113
0.999892712 -0.010670366 0.010032123 0.866672516 0.010461220 0.999731541 0.020674061 -1.824961305 -0.010250030 -0.020566894 0.999735832 81.313865662
0.999819100 -0.008950931 0.016782463 0.880123496 0.008605809 0.999752223 0.020525267 -1.846057057 -0.016962023 -0.020377126 0.999648511 81.863006592
0.999687374 -0.011037957 0.022435984 0.836797595 0.010572600 0.999728680 0.020755371 -1.834803343 -0.022658994 -0.020511677 0.999532759 82.251464844
0.999554574 -0.011261658 0.027639188 0.881895065 0.010669064 0.999712050 0.021494985 -1.844628692 -0.027873296 -0.021190524 0.999386847 82.780853271
0.999278486 -0.010463017 0.036513068 0.926537752 0.009697578 0.999730825 0.021077950 -1.850281000 -0.036723778 -0.020708654 0.999110878 83.373908997
0.998956680 -0.009599492 0.044647880 0.959973097 0.008619990 0.999719024 0.022079380 -1.881559610 -0.044847287 -0.021671480 0.998758733 83.860443115
0.998595476 -0.010702070 0.051889747 0.980389595 0.009647084 0.999742508 0.020539306 -1.840580225 -0.052096199 -0.020009872 0.998441577 84.443504333
0.998119533 -0.011206298 0.060266107 1.099467278 0.009974918 0.999736011 0.020694569 -1.865440965 -0.060482115 -0.020054501 0.997967839 84.865707397
0.997456610 -0.011729517 0.070304960 1.118227959 0.010258459 0.999721587 0.021248618 -1.858491778 -0.070534609 -0.020473357 0.997299194 85.301567078
0.996763945 -0.011443743 0.079566188 1.173844337 0.009777914 0.999725461 0.021294612 -1.859852910 -0.079788029 -0.020447707 0.996602118 85.854560852
0.996097744 -0.012155120 0.087416425 1.228933811 0.010455576 0.999747813 0.019873619 -1.841700315 -0.087635949 -0.018882077 0.995973587 86.454925537
0.995111465 -0.012040953 0.098021723 1.304214001 0.010124732 0.999748230 0.020022973 -1.841870546 -0.098238140 -0.018932644 0.994982839 86.978660583
0.994064271 -0.012541481 0.108069137 1.389974594 0.010445748 0.999746680 0.019936867 -1.863521099 -0.108291790 -0.018689660 0.993943453 87.573951721
0.993021369 -0.012204413 0.117302120 1.470732689 0.009779491 0.999726832 0.021225844 -1.882637262 -0.117529131 -0.019930562 0.992869437 87.879997253
0.991620958 -0.012292834 0.128595486 1.451451302 0.009652793 0.999730051 0.021132972 -1.807966471 -0.128820524 -0.019714592 0.991471946 88.376831055
0.989968598 -0.012172422 0.140762314 1.551011086 0.009333386 0.999739766 0.020811664 -1.809790254 -0.140979022 -0.019289104 0.989824712 88.923309326
0.988347411 -0.012889461 0.151667759 1.664430618 0.009845068 0.999734998 0.020806668 -1.810394168 -0.151895717 -0.019071039 0.988212585 89.470184326
0.986831665 -0.012483618 0.161267757 1.769516945 0.009225915 0.999738276 0.020933667 -1.817415595 -0.161486864 -0.019170165 0.986688733 90.012649536
0.984798491 -0.012972630 0.173215285 1.885447502 0.009486811 0.999735713 0.020936981 -1.824020863 -0.173441112 -0.018975448 0.984661460 90.516983032
0.982537210 -0.013516810 0.185574740 1.991648674 0.009705400 0.999723196 0.021431535 -1.814160228 -0.185813025 -0.019256204 0.982396424 90.980323792
0.980499744 -0.014023704 0.196019635 2.123387337 0.010016488 0.999720335 0.021419374 -1.819219708 -0.196265191 -0.019038266 0.980366051 91.508163452
0.977580726 -0.013485375 0.210128725 2.253816605 0.009159542 0.999725819 0.021546260 -1.818496466 -0.210361674 -0.019138522 0.977436304 92.058563232
0.974434793 -0.013004621 0.224293768 2.385759354 0.008343710 0.999729335 0.021715725 -1.824645281 -0.224515468 -0.019289115 0.974279583 92.550384521
0.971863449 -0.013732879 0.235144556 2.554361343 0.008889288 0.999726176 0.021646028 -1.837157845 -0.235377401 -0.018946715 0.971719384 93.115707397
0.968697071 -0.013040871 0.247903034 2.663537979 0.007899552 0.999732852 0.021722665 -1.765364766 -0.248120084 -0.019084364 0.968541265 93.561416626
0.965018153 -0.013415327 0.261839867 2.832147598 0.008099204 0.999738812 0.021371631 -1.763358474 -0.262058169 -0.018503318 0.964874625 94.096115112
0.961330652 -0.012121472 0.275129974 2.992954254 0.006461693 0.999748707 0.021468401 -1.765207171 -0.275321066 -0.018860428 0.961167276 94.617767334
0.958621621 -0.016017001 0.284232646 3.201831818 0.010204063 0.999707699 0.021920366 -1.791354656 -0.284500629 -0.018113011 0.958504736 95.113807678
0.954016745 -0.014358521 0.299409509 3.394128799 0.007937382 0.999711871 0.022651225 -1.802824736 -0.299648464 -0.019233119 0.953855813 95.664215088
0.949287295 -0.013596467 0.314115882 3.519596100 0.006809800 0.999719262 0.022692872 -1.787473202 -0.314336300 -0.019402988 0.949113369 96.121475220
0.945405066 -0.013814650 0.325604677 3.728876114 0.006983163 0.999730468 0.022140365 -1.782357216 -0.325822830 -0.018657865 0.945246756 96.643516541
0.940904021 -0.013935406 0.338386506 3.927501678 0.006803558 0.999729156 0.022253066 -1.788044214 -0.338604957 -0.018635767 0.940743983 97.158859253
0.935944676 -0.014205727 0.351860642 4.147550583 0.006592654 0.999717653 0.022825394 -1.799868345 -0.352085531 -0.019043613 0.935774028 97.663536072
0.931162357 -0.015498359 0.364275187 4.372961044 0.007697428 0.999709070 0.022857156 -1.812661886 -0.364523441 -0.018479742 0.931010842 98.233131409
0.926452339 -0.014388630 0.376136780 4.607896805 0.006339361 0.999723792 0.022628844 -1.801206112 -0.376358449 -0.018580079 0.926287770 98.722442627
0.920732081 -0.015497718 0.389887512 4.817184448 0.006948148 0.999703646 0.023329144 -1.792807579 -0.390133590 -0.018770898 0.920566916 99.162826538
0.915059268 -0.015609067 0.403017223 5.062065125 0.006852312 0.999708295 0.023160895 -1.794450998 -0.403261185 -0.018431995 0.914899230 99.660034180
0.910512090 -0.016537054 0.413151532 5.310871124 0.007897921 0.999713182 0.022609523 -1.789695263 -0.413406909 -0.017323209 0.910381556 100.149505615
0.904961646 -0.015927581 0.425194889 5.575027466 0.006877867 0.999716103 0.022810379 -1.788545847 -0.425437480 -0.017718088 0.904814243 100.660018921
0.898405969 -0.017814262 0.438804358 5.825160980 0.008546719 0.999696910 0.023086462 -1.806677580 -0.439082593 -0.016990678 0.898285985 101.141067505
0.892001390 -0.015735826 0.451758534 6.053340912 0.005768560 0.999708712 0.023432162 -1.787349939 -0.451995730 -0.018295523 0.891832471 101.606536865
0.886567771 -0.016211448 0.462314725 6.332019806 0.005866379 0.999699354 0.023805501 -1.795609236 -0.462561697 -0.018393073 0.886396289 102.069778442
0.878874779 -0.015892940 0.476787686 6.611244202 0.005317425 0.999709189 0.023521932 -1.789043665 -0.477022856 -0.018137548 0.878703654 102.578384399
