1.000000000 0.000000000 0.000000000 0.000000000 0.000000000 1.000000000 0.000000000 0.000000000 0.000000000 0.000000000 1.000000000 0.000000000
1.000000000 0.000055937 -0.000017522 -0.000078854 -0.000055937 1.000000000 0.000022079 0.000660480 0.000017523 -0.000022078 1.000000000 0.001519322
1.000000000 -0.000027849 -0.000059046 0.001402041 0.000027852 1.000000000 0.000052088 -0.000714119 0.000059045 -0.000052089 1.000000000 0.001158355
1.000000000 -0.000013607 -0.000018369 -0.000050752 0.000013606 1.000000000 -0.000039677 0.000729277 0.000018369 0.000039677 1.000000000 -0.001780820
1.000000000 -0.000143883 -0.000096724 0.000551243 0.000143889 1.000000000 0.000066160 -0.000539667 0.000096715 -0.000066174 1.000000000 -0.000160166
1.000000000 -0.000132225 -0.000105462 -0.001094166 0.000132230 1.000000000 0.000039552 0.000274868 0.000105457 -0.000039566 1.000000000 -0.001024227
1.000000000 -0.000133086 -0.000057474 0.000535114 0.000133090 1.000000000 0.000071311 -0.000030015 0.000057464 -0.000071319 1.000000000 0.001810208
1.000000000 -0.000125617 -0.000039665 -0.000515951 0.000125619 1.000000000 0.000057464 -0.000428674 0.000039657 -0.000057469 1.000000000 -0.000918522
1.000000000 -0.000016189 -0.000061132 0.000007027 0.000016191 1.000000000 0.000033582 0.000322839 0.000061132 -0.000033583 1.000000000 -0.002335515
1.000000000 -0.000011647 -0.000027030 -0.000277713 0.000011649 1.000000000 0.000054110 0.000831946 0.000027029 -0.000054111 1.000000000 0.002267356
1.000000000 -0.000012951 -0.000051722 0.000199702 0.000012950 1.000000000 -0.000012621 0.001104874 0.000051722 0.000012620 1.000000000 -0.000241836
1.000000000 -0.000112709 -0.000118804 0.000672613 0.000112715 1.000000000 0.000048862 0.000329587 0.000118798 -0.000048875 1.000000000 -0.000825673
1.000000000 -0.000066761 -0.000035350 -0.000943698 0.000066760 1.000000000 -0.000009777 0.001285360 0.000035351 0.000009774 1.000000000 0.001447835
1.000000000 -0.000164788 -0.000103040 0.000140888 0.000164798 1.000000000 0.000089044 0.000550497 0.000103026 -0.000089061 1.000000000 -0.001522284
1.000000000 -0.000057987 -0.000120709 0.000565088 0.000057992 1.000000000 0.000034367 0.000062728 0.000120707 -0.000034374 1.000000000 -0.002689351
1.000000000 -0.000101084 -0.000157469 0.002846596 0.000101105 1.000000000 0.000130299 -0.000514047 0.000157455 -0.000130315 1.000000000 -0.005295548
1.000000000 -0.000127888 -0.000062952 0.000936969 0.000127893 1.000000000 0.000080289 -0.000319671 0.000062941 -0.000080297 1.000000000 -0.003803250
1.000000000 -0.000048671 -0.000072452 0.001453521 0.000048673 1.000000000 0.000035370 0.000208002 0.000072451 -0.000035373 1.000000000 -0.000937461
1.000000000 0.000017815 -0.000103862 0.001192946 -0.000017803 1.000000000 0.000113508 -0.000148870 0.000103864 -0.000113506 1.000000000 -0.003506579
1.000000000 -0.000164376 -0.000107146 0.000614480 0.000164381 1.000000000 0.000053513 -0.000226587 0.000107137 -0.000053531 1.000000000 -0.003759698
1.000000000 -0.000126054 -0.000080275 -0.000002883 0.000126062 1.000000000 0.000090717 0.000785868 0.000080263 -0.000090728 1.000000000 0.001227348
1.000000000 -0.000165503 -0.000099005 -0.000121862 0.000165513 1.000000000 0.000095801 -0.001314656 0.000098989 -0.000095817 1.000000000 -0.004151452
1.000000000 -0.000040403 -0.000133065 0.002535721 0.000040419 1.000000000 0.000120249 -0.000355996 0.000133060 -0.000120254 1.000000000 -0.002597707
1.000000000 -0.000100090 -0.000156373 0.003444368 0.000100103 1.000000000 0.000081356 -0.000721430 0.000156364 -0.000081372 1.000000000 -0.002244748
0.999999940 -0.000190067 -0.000168604 0.002417618 0.000190088 1.000000000 0.000124547 -0.000948913 0.000168581 -0.000124579 1.000000000 -0.005433082
1.000000000 -0.000139384 -0.000168257 0.001958733 0.000139398 1.000000000 0.000082342 0.000277110 0.000168245 -0.000082365 1.000000000 -0.002392953
1.000000000 -0.000082872 -0.000103753 0.002308865 0.000082881 1.000000000 0.000083410 0.000293134 0.000103746 -0.000083418 1.000000000 -0.003763357
1.000000000 -0.000127731 -0.000118471 0.001976148 0.000127742 1.000000000 0.000100072 -0.000386523 0.000118458 -0.000100087 1.000000000 -0.003629328
1.000000000 -0.000162261 -0.000095018 -0.000259261 0.000162266 1.000000000 0.000060089 -0.000363797 0.000095008 -0.000060104 1.000000000 -0.003496911
1.000000000 -0.000057229 -0.000180008 0.002383058 0.000057259 1.000000000 0.000167798 -0.000899442 0.000179998 -0.000167808 0.999999940 -0.003962362
1.000000000 -0.000178961 -0.000158886 0.002189137 0.000178975 1.000000000 0.000091941 -0.000057697 0.000158870 -0.000091970 1.000000000 -0.002559417
1.000000000 -0.000138966 -0.000162797 0.000967276 0.000138976 1.000000000 0.000066297 0.000902113 0.000162788 -0.000066320 1.000000000 -0.000656785
1.000000000 -0.000083277 -0.000116923 0.000707104 0.000083289 1.000000000 0.000102171 0.000481882 0.000116915 -0.000102181 1.000000000 -0.003005699
1.000000000 -0.000064947 -0.000139653 0.002608925 0.000064955 1.000000000 0.000057448 -0.000491260 0.000139650 -0.000057457 1.000000000 -0.003315950
1.000000000 -0.000146591 -0.000149630 0.002542915 0.000146607 1.000000000 0.000104309 -0.000192918 0.000149614 -0.000104331 1.000000000 -0.001294184
0.999999940 -0.000241541 -0.000158765 0.001680792 0.000241568 0.999999940 0.000168252 -0.001371958 0.000158725 -0.000168291 1.000000000 -0.005296180
0.999999940 -0.000195680 -0.000211249 0.002355520 0.000195700 1.000000000 0.000097849 0.000179095 0.000211230 -0.000097890 1.000000000 -0.003005438
1.000000000 -0.000168170 -0.000172387 0.003721715 0.000168196 1.000000000 0.000150387 -0.000525757 0.000172362 -0.000150416 1.000000000 -0.007029336
1.000000000 -0.000148798 -0.000107691 0.000588076 0.000148808 1.000000000 0.000090452 -0.000062359 0.000107678 -0.000090468 1.000000000 -0.003763741
1.000000000 -0.000131968 -0.000168666 0.002119594 0.000131996 1.000000000 0.000166743 -0.001258800 0.000168644 -0.000166765 1.000000000 -0.005173455
1.000000000 -0.000121883 -0.000188923 0.004450143 0.000121899 1.000000000 0.000085709 -0.001928932 0.000188913 -0.000085732 1.000000000 -0.001194543
1.000000000 -0.000211335 -0.000017404 0.000780165 0.000211327 0.999999821 -0.000509686 -0.002844703 0.000017511 0.000509682 0.999999881 0.050502002
1.000000000 -0.000057228 -0.000152372 0.003452200 0.000057065 0.999999404 -0.001070582 -0.004748276 0.000152433 0.001070573 0.999999404 0.141083404
1.000000000 -0.000181356 -0.000118456 0.004231114 0.000181185 0.999998927 -0.001437433 -0.008149958 0.000118717 0.001437411 0.999998987 0.258608580
1.000000000 -0.000129819 -0.000035352 0.006072581 0.000129771 0.999999046 -0.001370597 -0.010831212 0.000035530 0.001370593 0.999999046 0.393427193
1.000000000 -0.000045694 -0.000186398 0.010189980 0.000045482 0.999999344 -0.001138889 -0.019030500 0.000186450 0.001138881 0.999999344 0.527777314
1.000000000 0.000077644 -0.000102719 0.012563837 -0.000077759 0.999999344 -0.001121361 -0.019780258 0.000102631 0.001121368 0.999999344 0.687761784
1.000000000 0.000009073 0.000113089 0.014423109 -0.000008971 0.999999583 -0.000904864 -0.025605265 -0.000113098 0.000904863 0.999999583 0.845383167
0.999999940 0.000283368 0.000242243 0.010349270 -0.000283179 0.999999642 -0.000779722 -0.026050331 -0.000242464 0.000779653 0.999999642 1.026023865
1.000000000 0.000174910 -0.000119788 0.022834266 -0.000174981 0.999999821 -0.000590290 -0.036947608 0.000119684 0.000590311 0.999999821 1.185641646
1.000000000 0.000011435 0.000019857 0.025861312 -0.000011430 0.999999940 -0.000257931 -0.040865134 -0.000019860 0.000257931 0.999999940 1.363290906
0.999999702 0.000744620 0.000003764 0.031008128 -0.000744621 0.999999821 0.000197260 -0.063164204 -0.000003617 -0.000197263 1.000000000 1.548705935
0.999999881 0.000538429 0.000270209 0.032749832 -0.000538502 0.999999881 0.000273445 -0.067283951 -0.000270062 -0.000273591 0.999999940 1.743507624
1.000000000 0.000118819 -0.000104624 0.045638170 -0.000118748 0.999999762 0.000682522 -0.075819105 0.000104705 -0.000682510 0.999999762 1.943791986
0.999999821 0.000550296 0.000120495 0.043874569 -0.000550388 0.999999583 0.000763248 -0.083526343 -0.000120075 -0.000763315 0.999999762 2.154677629
0.999999523 0.000837297 0.000320228 0.037988465 -0.000837460 0.999999523 0.000507670 -0.083250389 -0.000319802 -0.000507938 0.999999762 2.379040241
0.999999583 0.000804541 0.000261277 0.043765619 -0.000804636 0.999999583 0.000363817 -0.087701820 -0.000260984 -0.000364027 0.999999881 2.604798794
0.999999523 0.000832242 0.000484168 0.047953200 -0.000832440 0.999999583 0.000407452 -0.096225441 -0.000483828 -0.000407855 0.999999821 2.837115049
0.999999642 0.000734282 0.000382344 0.053407792 -0.000734500 0.999999523 0.000571175 -0.100411482 -0.000381925 -0.000571455 0.999999762 3.065329313
0.999999464 0.000957334 0.000216906 0.056847960 -0.000957580 0.999998808 0.001136678 -0.116881795 -0.000215817 -0.001136885 0.999999344 3.282091141
0.999999344 0.001101999 0.000328506 0.062996507 -0.001102370 0.999998689 0.001130929 -0.123247765 -0.000327259 -0.001131290 0.999999344 3.529129505
0.999999523 0.000950421 0.000282081 0.072497867 -0.000950829 0.999998391 0.001450500 -0.131342843 -0.000280702 -0.001450767 0.999998868 3.783162355
0.999999285 0.001128634 0.000450399 0.067504637 -0.001129278 0.999998271 0.001431137 -0.138601929 -0.000448783 -0.001431644 0.999998868 4.041040897
0.999999166 0.001118766 0.000494043 0.083101407 -0.001119473 0.999998271 0.001434007 -0.141699582 -0.000492438 -0.001434559 0.999998868 4.290948868
0.999999762 0.000635812 0.000312098 0.089656785 -0.000636289 0.999998629 0.001530337 -0.150680110 -0.000311124 -0.001530535 0.999998808 4.542327881
0.999999285 0.001060554 0.000593204 0.090541378 -0.001061542 0.999998033 0.001668766 -0.159871385 -0.000591433 -0.001669394 0.999998450 4.804611206
0.999999642 0.000803026 0.000505550 0.097681507 -0.000803997 0.999997854 0.001923336 -0.168752596 -0.000504005 -0.001923742 0.999998033 5.065555573
0.999999523 0.000827134 0.000622030 0.099783465 -0.000828158 0.999998271 0.001647345 -0.173094973 -0.000620666 -0.001647859 0.999998450 5.336297512
0.999999642 0.000789573 0.000521900 0.107946210 -0.000790600 0.999997795 0.001971216 -0.186730817 -0.000520343 -0.001971628 0.999997973 5.584299088
0.999999464 0.000860909 0.000599374 0.106644377 -0.000862295 0.999996960 0.002316240 -0.201084241 -0.000597378 -0.002316755 0.999997139 5.856617928
0.999999464 0.000757215 0.000680722 0.111719429 -0.000758779 0.999997139 0.002301020 -0.210406423 -0.000678978 -0.002301536 0.999997139 6.132161617
0.999999285 0.000929606 0.000809132 0.112791292 -0.000931625 0.999996424 0.002497351 -0.218130663 -0.000806807 -0.002498103 0.999996543 6.417179585
0.999999702 0.000583919 0.000610592 0.118977644 -0.000585430 0.999996841 0.002477014 -0.223281384 -0.000609144 -0.002477370 0.999996781 6.698000908
0.999999523 0.000709326 0.000658114 0.126690000 -0.000711015 0.999996424 0.002569043 -0.235243946 -0.000656289 -0.002569509 0.999996483 6.990761757
0.999999464 0.000641894 0.000844055 0.130990371 -0.000643855 0.999997020 0.002325696 -0.244397774 -0.000842560 -0.002326238 0.999996901 7.286735535
0.999998987 0.001020025 0.000993818 0.140313372 -0.001022354 0.999996662 0.002345418 -0.254258484 -0.000991422 -0.002346432 0.999996722 7.599145412
0.999999404 0.000637610 0.000928738 0.149039015 -0.000639937 0.999996662 0.002507478 -0.268221736 -0.000927136 -0.002508071 0.999996424 7.919345379
0.999999166 0.000590959 0.001168512 0.145482987 -0.000593631 0.999997199 0.002287708 -0.267497033 -0.001167156 -0.002288399 0.999996662 8.230318069
0.999999404 0.000568920 0.000945884 0.159262627 -0.000571061 0.999997258 0.002264842 -0.275997519 -0.000944593 -0.002265381 0.999997020 8.551848412
0.999998927 0.000772088 0.001278293 0.163451642 -0.000775209 0.999996662 0.002442658 -0.286145329 -0.001276403 -0.002443646 0.999996245 8.886060715
0.999997973 0.001130016 0.001675910 0.165280670 -0.001134549 0.999995708 0.002706124 -0.299150079 -0.001672845 -0.002708020 0.999994934 9.233099937
0.999998212 0.001268980 0.001405362 0.166573748 -0.001272351 0.999996305 0.002400873 -0.307613671 -0.001402310 -0.002402657 0.999996066 9.567241669
0.999998331 0.001201540 0.001362572 0.178231359 -0.001205057 0.999995947 0.002583134 -0.316361219 -0.001359463 -0.002584772 0.999995708 9.907059669
0.999998689 0.000915194 0.001312590 0.182223573 -0.000918407 0.999996603 0.002449174 -0.324833572 -0.001310344 -0.002450376 0.999996066 10.279559135
0.999999344 0.000765858 0.000817645 0.205050305 -0.000768099 0.999995947 0.002743952 -0.349952102 -0.000815540 -0.002744578 0.999995887 10.647330284
0.999999702 0.000373109 0.000584844 0.214952588 -0.000374828 0.999995649 0.002942216 -0.360434741 -0.000583743 -0.002942435 0.999995470 11.014394760
0.999999046 0.000928658 0.000977958 0.221865162 -0.000931448 0.999995530 0.002855849 -0.374152839 -0.000975301 -0.002856757 0.999995470 11.387891769
0.999999642 0.000587179 0.000553397 0.234535232 -0.000588866 0.999995172 0.003053242 -0.396725833 -0.000551601 -0.003053566 0.999995112 11.757821083
0.999999881 0.000265874 0.000431798 0.245321229 -0.000267213 0.999995112 0.003104879 -0.408228546 -0.000430970 -0.003104994 0.999995053 12.144862175
0.999999762 0.000531595 0.000578703 0.251370698 -0.000533441 0.999994755 0.003193286 -0.417749673 -0.000577003 -0.003193593 0.999994755 12.536548615
0.999999702 0.000604071 0.000586500 0.254746616 -0.000606083 0.999993861 0.003436964 -0.427061200 -0.000584420 -0.003437318 0.999993920 12.936959267
0.999999881 0.000461131 0.000278823 0.270145506 -0.000462074 0.999994159 0.003391157 -0.454231024 -0.000277257 -0.003391286 0.999994218 13.351665497
0.999999642 0.000634532 0.000662310 0.277533710 -0.000636822 0.999993801 0.003462812 -0.463750869 -0.000660109 -0.003463232 0.999993801 13.768803596
0.999998927 0.001123137 0.001019859 0.288776428 -0.001127129 0.999991715 0.003922398 -0.483058512 -0.001015445 -0.003923543 0.999991775 14.172264099
0.999998093 0.001349289 0.001447852 0.296683520 -0.001355005 0.999991298 0.003954089 -0.489262879 -0.001442504 -0.003956043 0.999991238 14.602422714
0.999999464 -0.000427969 0.000916623 0.316961884 0.000423912 0.999990106 0.004421523 -0.529489458 -0.000918507 -0.004421132 0.999989808 15.021782875
0.999999523 -0.000736950 0.000685108 0.329919726 0.000733935 0.999990046 0.004390118 -0.542334855 -0.000688336 -0.004389612 0.999990165 15.447767258
0.999998331 -0.000969863 0.001545025 0.338183880 0.000961888 0.999986231 0.005154042 -0.583506525 -0.001550003 -0.005152548 0.999985516 15.886428833
0.999997854 -0.001250475 0.001628438 0.352496803 0.001241997 0.999985635 0.005196869 -0.595383465 -0.001634913 -0.005194836 0.999985158 16.330772400
0.999998093 -0.000589462 0.001853850 0.365174830 0.000580166 0.999987245 0.005010715 -0.596289337 -0.001856781 -0.005009630 0.999985754 16.779277802
0.999997854 -0.000338592 0.002030278 0.376259357 0.000328196 0.999986827 0.005118727 -0.611380219 -0.002031985 -0.005118049 0.999984860 17.234464645
0.999997079 -0.000805105 0.002267907 0.381239414 0.000792668 0.999984682 0.005479414 -0.626710236 -0.002272284 -0.005477600 0.999982417 17.682987213
0.999996960 -0.000891662 0.002303093 0.395054400 0.000878960 0.999984443 0.005510166 -0.639523029 -0.002307971 -0.005508126 0.999982178 18.147228241
0.999995649 -0.001008738 0.002758036 0.407380491 0.000993605 0.999984443 0.005482640 -0.652334690 -0.002763524 -0.005479875 0.999981165 18.620334625
0.999995470 -0.001255285 0.002746549 0.401837170 0.001239365 0.999982476 0.005790667 -0.686196625 -0.002753770 -0.005787238 0.999979436 19.102251053
0.999995530 -0.000686568 0.002910880 0.413313419 0.000669937 0.999983549 0.005710364 -0.698123693 -0.002914753 -0.005708389 0.999979436 19.580429077
0.999995232 -0.000216103 0.003093578 0.424212962 0.000197586 0.999982119 0.005984663 -0.708041251 -0.003094815 -0.005984023 0.999977291 20.047653198
0.999995828 -0.001262609 0.002599576 0.441312373 0.001246748 0.999980628 0.006094067 -0.717134297 -0.002607221 -0.006090801 0.999978065 20.542665482
0.999996662 -0.001498063 0.002096416 0.452350616 0.001485382 0.999980688 0.006037620 -0.731013358 -0.002105420 -0.006034487 0.999979615 21.032550812
0.999997199 -0.001501515 0.001819076 0.463564277 0.001490097 0.999979317 0.006261983 -0.741187274 -0.001828441 -0.006259255 0.999978781 21.525764465
0.999998391 -0.001551933 0.000814514 0.481482267 0.001546846 0.999979496 0.006209889 -0.784953475 -0.000824134 -0.006208620 0.999980390 22.074573517
0.999998510 -0.001527839 0.000804001 0.488122702 0.001522950 0.999980569 0.006047262 -0.785112858 -0.000813224 -0.006046029 0.999981344 22.582521439
0.999997914 -0.002013470 0.000016056 0.502076685 0.002013332 0.999978960 0.006161621 -0.803517401 -0.000028461 -0.006161577 0.999981046 23.099550247
0.999995649 -0.002795677 -0.000898181 0.494622976 0.002801393 0.999975443 0.006426686 -0.821154594 0.000880192 -0.006429174 0.999978900 23.514665604
0.999994159 -0.003227161 -0.001146090 0.497453600 0.003234699 0.999972701 0.006637330 -0.836858630 0.001124639 -0.006640997 0.999977350 24.030115128
0.999989748 -0.004020177 -0.002097904 0.511765480 0.004033927 0.999970257 0.006591700 -0.852394044 0.002071341 -0.006600096 0.999976039 24.508729935
0.999985814 -0.004236205 -0.003236486 0.528820038 0.004258213 0.999967694 0.006823621 -0.866785049 0.003207475 -0.006837306 0.999971449 25.052522659
0.999983549 -0.004051794 -0.004059812 0.536544144 0.004081314 0.999965131 0.007289593 -0.884316921 0.004030135 -0.007306042 0.999965250 25.585849762
0.999988019 -0.003021578 -0.003869359 0.531247497 0.003046537 0.999974549 0.006460903 -0.880685449 0.003849739 -0.006472613 0.999971628 26.120918274
0.999988616 -0.003034920 -0.003661985 0.523202360 0.003064119 0.999963343 0.007994705 -0.908791542 0.003637587 -0.008005836 0.999961257 26.549320221
0.999986947 -0.003052643 -0.004105525 0.538993001 0.003085577 0.999962926 0.008039599 -0.926156640 0.004080831 -0.008052161 0.999959230 27.100864410
0.999980628 -0.003562572 -0.005102655 0.558491826 0.003602112 0.999963403 0.007760773 -0.950031698 0.005074820 -0.007779003 0.999956846 27.608236313
0.999977767 -0.003765774 -0.005495219 0.566868067 0.003809760 0.999960661 0.008015998 -0.961438358 0.005464816 -0.008036756 0.999952734 28.140916824
0.999976099 -0.003602077 -0.005893409 0.581090212 0.003650173 0.999959946 0.008170700 -0.978046179 0.005863742 -0.008192018 0.999949217 28.688201904
0.999974728 -0.003727835 -0.006045444 0.528971374 0.003779247 0.999956608 0.008515390 -1.007308245 0.006013438 -0.008538024 0.999945402 29.188529968
0.999973774 -0.003454462 -0.006358072 0.535911083 0.003507747 0.999958694 0.008388770 -1.016203642 0.006328831 -0.008410853 0.999944568 29.734514236
0.999970615 -0.003794510 -0.006679562 0.531721950 0.003847545 0.999961019 0.007945044 -1.021334291 0.006649155 -0.007970510 0.999946117 30.286474228
0.999970496 -0.003677524 -0.006738860 0.537251294 0.003733094 0.999958992 0.008252187 -1.032215118 0.006708236 -0.008277101 0.999943197 30.832714081
0.999966383 -0.004027307 -0.007143375 0.550335586 0.004089183 0.999954045 0.008668678 -1.054443240 0.007108134 -0.008697599 0.999936998 31.366436005
0.999963939 -0.003648375 -0.007674080 0.577878892 0.003713660 0.999956846 0.008510177 -1.077291727 0.007642701 -0.008538369 0.999934375 31.889154434
0.999960482 -0.004051701 -0.007919218 0.581553221 0.004120358 0.999953806 0.008672538 -1.088656545 0.007883716 -0.008704825 0.999931037 32.385696411
0.999961257 -0.003469412 -0.008091599 0.594909906 0.003537986 0.999957800 0.008475917 -1.079900146 0.008061850 -0.008504218 0.999931335 32.859745026
0.999960184 -0.003382561 -0.008252625 0.600197673 0.003450426 0.999960244 0.008223179 -1.087475061 0.008224481 -0.008251327 0.999932110 33.418163300
0.999960303 -0.003196242 -0.008321603 0.602395713 0.003264100 0.999961376 0.008153589 -1.096364141 0.008295220 -0.008180426 0.999932170 33.951320648
0.999955893 -0.003451133 -0.008730596 0.615280330 0.003526728 0.999956310 0.008658076 -1.120497227 0.008700334 -0.008688485 0.999924421 34.466285706
0.999956429 -0.003446604 -0.008678385 0.625935197 0.003524575 0.999953389 0.008985308 -1.121006489 0.008647012 -0.009015503 0.999921978 35.001869202
0.999947071 -0.004986186 -0.009001030 0.610198557 0.005073501 0.999940038 0.009703944 -1.186851978 0.008952104 -0.009749096 0.999912381 35.421539307
0.999949038 -0.004484262 -0.009039981 0.614095330 0.004571723 0.999942720 0.009677624 -1.198897600 0.008996066 -0.009718458 0.999912262 35.968235016
0.999947667 -0.004657681 -0.009110956 0.616149187 0.004748799 0.999938726 0.010005093 -1.218318343 0.009063797 -0.010047834 0.999908388 36.496051788
0.999945700 -0.004443859 -0.009428051 0.619360387 0.004536471 0.999941409 0.009824518 -1.221586704 0.009383840 -0.009866754 0.999907255 37.051868439
0.999944210 -0.004626419 -0.009490340 0.623338640 0.004720999 0.999939144 0.009967829 -1.234587669 0.009443649 -0.010012079 0.999905229 37.591396332
0.999948204 -0.004175201 -0.009278418 0.607004404 0.004265687 0.999943316 0.009754148 -1.240869284 0.009237167 -0.009793221 0.999909341 38.105976105
0.999936104 -0.005605436 -0.009818605 0.610452175 0.005709009 0.999927998 0.010552587 -1.255682111 0.009758746 -0.010607969 0.999896109 38.554706573
0.999930859 -0.005853416 -0.010199821 0.620958924 0.005966503 0.999920666 0.011092167 -1.270881414 0.010134084 -0.011152258 0.999886513 39.096229553
0.999927461 -0.005892087 -0.010506811 0.640236557 0.006012850 0.999915838 0.011499385 -1.293711424 0.010438171 -0.011561728 0.999878705 39.621952057
0.999921679 -0.006523987 -0.010680269 0.640741408 0.006644433 0.999914289 0.011281035 -1.302447677 0.010605756 -0.011351117 0.999879301 40.199726105
0.999930680 -0.005538722 -0.010389780 0.636569262 0.005650351 0.999926269 0.010745703 -1.295028925 0.010329496 -0.010803664 0.999888241 40.702362061
0.999923289 -0.006050656 -0.010799640 0.670522213 0.006175366 0.999914229 0.011551848 -1.338258982 0.010728817 -0.011617655 0.999874890 41.111404419
0.999920428 -0.006631600 -0.010729898 0.676900923 0.006755779 0.999910235 0.011578609 -1.343860388 0.010652151 -0.011650178 0.999875307 41.658630371
0.999919891 -0.006165630 -0.011057272 0.686026573 0.006295710 0.999910951 0.011768157 -1.356795430 0.010983731 -0.011836827 0.999869585 42.196289062
0.999910414 -0.006660155 -0.011599667 0.699668407 0.006795937 0.999908447 0.011705827 -1.368194103 0.011520641 -0.011783610 0.999864161 42.753868103
0.999933243 -0.004994284 -0.010421252 0.675086617 0.005116534 0.999917984 0.011737289 -1.402498245 0.010361778 -0.011789824 0.999876738 43.149108887
0.999925137 -0.005683703 -0.010834866 0.690128624 0.005806746 0.999918640 0.011358852 -1.408950448 0.010769426 -0.011420917 0.999876797 43.669197083
0.999927104 -0.005360872 -0.010819220 0.693053424 0.005480288 0.999924064 0.011038128 -1.418851972 0.010759224 -0.011096617 0.999880612 44.227600098
0.999925017 -0.005408815 -0.010982072 0.704499304 0.005532591 0.999921143 0.011271839 -1.429850698 0.010920238 -0.011331754 0.999876201 44.745269775
0.999928236 -0.005092199 -0.010838784 0.711921811 0.005216653 0.999920368 0.011485102 -1.447234154 0.010779438 -0.011540819 0.999875307 45.262218475
0.999934077 -0.003979717 -0.010768318 0.696223378 0.004101918 0.999927104 0.011349889 -1.455324173 0.010722366 -0.011393311 0.999877572 45.868373871
0.999928057 -0.005321758 -0.010750538 0.723280489 0.005453425 0.999909997 0.012255502 -1.504194856 0.010684349 -0.012313248 0.999867022 46.188941956
0.999921620 -0.005623338 -0.011190287 0.733326077 0.005758783 0.999910176 0.012108588 -1.512185097 0.011121190 -0.012172082 0.999864042 46.731948853
0.999920785 -0.005871897 -0.011130130 0.740598977 0.006008249 0.999906838 0.012257171 -1.518158436 0.011057121 -0.012323075 0.999862909 47.228862762
0.999913990 -0.006834271 -0.011187592 0.751098633 0.006972217 0.999899626 0.012338155 -1.526993990 0.011102146 -0.012415097 0.999861300 47.778862000
0.999916673 -0.005994309 -0.011433800 0.747347534 0.006133239 0.999907315 0.012154660 -1.538165927 0.011359882 -0.012223776 0.999860704 48.275192261
0.999923229 -0.005602063 -0.011048111 0.753288150 0.005734055 0.999912262 0.011951819 -1.540464520 0.010980186 -0.012014255 0.999867499 48.866855621
0.999919057 -0.005611327 -0.011418323 0.766281426 0.005750469 0.999909163 0.012189753 -1.561908007 0.011348885 -0.012254427 0.999860525 49.275585175
0.999924898 -0.005056450 -0.011164650 0.765686214 0.005194061 0.999910414 0.012331173 -1.569762468 0.011101298 -0.012388235 0.999861717 49.822448730
0.999918342 -0.005601875 -0.011488138 0.792970598 0.005742113 0.999908924 0.012210667 -1.561144352 0.011418689 -0.012275637 0.999859452 50.311111450
0.999927104 -0.005172587 -0.010919324 0.794253767 0.005302517 0.999915123 0.011903783 -1.569499254 0.010856824 -0.011960815 0.999869585 50.864582062
0.999921739 -0.005394646 -0.011300375 0.795729995 0.005535572 0.999906838 0.012476942 -1.582541227 0.011232013 -0.012538518 0.999858260 51.388244629
0.999918282 -0.005570279 -0.011500837 0.806829095 0.005713686 0.999905884 0.012474282 -1.599978447 0.011430268 -0.012538975 0.999856055 51.901020050
0.999917090 -0.005238838 -0.011761281 0.809443533 0.005386104 0.999907136 0.012524676 -1.611082435 0.011694574 -0.012586985 0.999852359 52.454475403
0.999914110 -0.005260581 -0.012001413 0.820019484 0.005408210 0.999909818 0.012301845 -1.617701054 0.011935614 -0.012365693 0.999852240 52.984851837
0.999920607 -0.005165858 -0.011494687 0.822188556 0.005312391 0.999904513 0.012754059 -1.646867633 0.011427702 -0.012814112 0.999852598 53.444248199
0.999918103 -0.005484297 -0.011562612 0.839460790 0.005630700 0.999903917 0.012667403 -1.632323503 0.011492030 -0.012731469 0.999852955 54.124233246
0.999915540 -0.006022226 -0.011518960 0.831131935 0.006172141 0.999896109 0.013023688 -1.658838987 0.011439331 -0.013093685 0.999848783 54.460353851
0.999913871 -0.006279896 -0.011523680 0.840872765 0.006428669 0.999895811 0.012918836 -1.665753365 0.011441351 -0.012991803 0.999850094 55.015144348
0.999921739 -0.005677387 -0.011149754 0.835912108 0.005817743 0.999903738 0.012596390 -1.668375254 0.011077167 -0.012660272 0.999858499 55.566253662
0.999927998 -0.005416791 -0.010703254 0.837053180 0.005553884 0.999902308 0.012820573 -1.687608480 0.010632761 -0.012879095 0.999860525 56.084045410
0.999931157 -0.004759977 -0.010725088 0.822124243 0.004899393 0.999903381 0.013010507 -1.703696489 0.010662124 -0.013062158 0.999857843 56.487499237
0.999935687 -0.004763266 -0.010295510 0.824221790 0.004903498 0.999894977 0.013638737 -1.717890739 0.010229463 -0.013688342 0.999854028 57.028869629
0.999933362 -0.004300245 -0.010714412 0.838726044 0.004439356 0.999905825 0.012993872 -1.732304573 0.010657526 -0.013040573 0.999858141 57.583892822
0.999929547 -0.004722609 -0.010891809 0.846225023 0.004867352 0.999899685 0.013301174 -1.744670510 0.010827902 -0.013353250 0.999852180 58.121860504
0.999928832 -0.004874410 -0.010887703 0.843868315 0.005017447 0.999900937 0.013149112 -1.752916098 0.010822533 -0.013202805 0.999854207 58.665218353
0.999921918 -0.005674122 -0.011134383 0.844102681 0.005824234 0.999891937 0.013496089 -1.786492944 0.011056601 -0.013559885 0.999846876 59.121387482
0.999924183 -0.005079241 -0.011211597 0.919575214 0.005230836 0.999894738 0.013533704 -1.767771244 0.011141676 -0.013591325 0.999845505 59.725948334
0.999921441 -0.005329101 -0.011346376 0.865766585 0.005486747 0.999888122 0.013908409 -1.812478781 0.011270990 -0.013969570 0.999838889 60.188438416
0.999925673 -0.005096634 -0.011080390 0.865451932 0.005244654 0.999896824 0.013370830 -1.820580244 0.011011104 -0.013427950 0.999849141 60.738300323
0.999922097 -0.005313514 -0.011295523 0.857160747 0.005467958 0.999891400 0.013686465 -1.832809210 0.011221574 -0.013747164 0.999842525 61.221958160
0.999927998 -0.004890115 -0.010961871 0.837558568 0.005039218 0.999894559 0.013615876 -1.850209832 0.010894132 -0.013670134 0.999847174 61.771537781
0.999925852 -0.005211516 -0.010999339 0.854987323 0.005355332 0.999899983 0.013086276 -1.840772390 0.010930041 -0.013144213 0.999853849 62.335250854
0.999931335 -0.004214206 -0.010933103 0.910076857 0.004364116 0.999896228 0.013724064 -1.851539254 0.010874134 -0.013770836 0.999846041 62.812465668
0.999921620 -0.004810888 -0.011556658 0.921350837 0.004965247 0.999898374 0.013365347 -1.859655142 0.011491184 -0.013421683 0.999843895 63.357639313
0.999920130 -0.005183328 -0.011517187 0.928805232 0.005343166 0.999889195 0.013891097 -1.871673822 0.011443910 -0.013951529 0.999837160 63.898868561
0.999918759 -0.005417588 -0.011539659 0.939122081 0.005573900 0.999892533 0.013556809 -1.875203848 0.011464975 -0.013620029 0.999841511 64.425498962
0.999933660 -0.004134207 -0.010746886 0.923834860 0.004282740 0.999895036 0.013835019 -1.905974507 0.010688562 -0.013880127 0.999846458 64.908164978
0.999935269 -0.003932002 -0.010679968 0.927130938 0.004080783 0.999894381 0.013945002 -1.909151196 0.010624008 -0.013987682 0.999845684 65.448188782
0.999932647 -0.004180042 -0.010830984 0.931997597 0.004328077 0.999897063 0.013680604 -1.918406487 0.010772682 -0.013726558 0.999847770 65.975028992
0.999932528 -0.004359091 -0.010770640 0.940159082 0.004506482 0.999895930 0.013698395 -1.928661942 0.010709809 -0.013746006 0.999848068 66.512046814
0.999940395 -0.003142872 -0.010455607 0.910085797 0.003287807 0.999898374 0.013873754 -1.958150148 0.010410942 -0.013907306 0.999849021 67.026794434
0.999938786 -0.002935274 -0.010662642 0.919965923 0.003078746 0.999904633 0.013464199 -1.968453884 0.010622103 -0.013496204 0.999852419 67.552703857
0.999933422 -0.003718892 -0.010922573 0.927115440 0.003868691 0.999898314 0.013725723 -1.968657494 0.010870417 -0.013767066 0.999846101 68.104156494
0.999940991 -0.002673348 -0.010526650 0.939762712 0.002814073 0.999906540 0.013376332 -1.979867697 0.010489909 -0.013405167 0.999855042 68.656631470
0.999933839 -0.004016426 -0.010771723 0.945082128 0.004161806 0.999900103 0.013508149 -1.979425311 0.010716394 -0.013552085 0.999850750 69.195365906
0.999947071 -0.002856735 -0.009883852 0.927664280 0.002995184 0.999897182 0.014021249 -2.005882978 0.009842782 -0.014050111 0.999852836 69.675125122
0.999952435 -0.001996484 -0.009546760 0.924175501 0.002133707 0.999894261 0.014385262 -2.017349005 0.009517030 -0.014404950 0.999850929 70.228897095
0.999952495 -0.002187189 -0.009496959 0.922671616 0.002321898 0.999896526 0.014196631 -2.020287991 0.009464926 -0.014218008 0.999854088 70.789886475
0.999945879 -0.002929328 -0.009980212 0.950440586 0.003065528 0.999902010 0.013659143 -2.026824951 0.009939221 -0.013689000 0.999856830 71.318252563
0.999940574 -0.003568709 -0.010304839 0.962075233 0.003707200 0.999902606 0.013451712 -2.037291527 0.010255830 -0.013489114 0.999856412 71.865447998
0.999947727 -0.002716007 -0.009855368 0.958564043 0.002851364 0.999901474 0.013746359 -2.043056965 0.009817063 -0.013773741 0.999856889 72.377784729
0.999947011 -0.002587660 -0.009962060 0.962129414 0.002721263 0.999906242 0.013421078 -2.052348614 0.009926395 -0.013447477 0.999860227 72.922897339
0.999944687 -0.002858080 -0.010116722 0.979832590 0.002993859 0.999905288 0.013431529 -2.066624165 0.010077376 -0.013461075 0.999858558 73.440261841
0.999944031 -0.002934641 -0.010167979 0.978626430 0.003070579 0.999905765 0.013379575 -2.068233728 0.010127758 -0.013410047 0.999858737 73.980110168
0.999946773 -0.002664523 -0.009965508 0.973652422 0.002799971 0.999903560 0.013602571 -2.082785130 0.009928301 -0.013629748 0.999857843 74.513053894
0.999948740 -0.003121859 -0.009628710 0.980887055 0.003254356 0.999899805 0.013775743 -2.094182491 0.009584742 -0.013806373 0.999858797 75.035766602
0.999941766 -0.003344385 -0.010260643 0.980174124 0.003485866 0.999898672 0.013801963 -2.097749233 0.010213445 -0.013836927 0.999852121 75.592872620
0.999941230 -0.003532295 -0.010257018 0.985506058 0.003672134 0.999900162 0.013646839 -2.103567600 0.010207788 -0.013683703 0.999854326 76.149383545
0.999944985 -0.003262890 -0.009970829 0.994710565 0.003397391 0.999903083 0.013502404 -2.104561329 0.009925806 -0.013535535 0.999859095 76.672935486
0.999947309 -0.003083306 -0.009792234 1.000468016 0.003216301 0.999902427 0.013594985 -2.116802216 0.009749361 -0.013625765 0.999859631 77.209205627
0.999948502 -0.002917404 -0.009714162 1.006949186 0.003047476 0.999905527 0.013402170 -2.124924183 0.009674146 -0.013431082 0.999863029 77.757102966
0.999950588 -0.003179570 -0.009420024 1.014405727 0.003305687 0.999904811 0.013403066 -2.129176140 0.009376513 -0.013433544 0.999865830 78.302467346
0.999962211 -0.002808441 -0.008229541 1.020962715 0.002917610 0.999907494 0.013283517 -2.135200024 0.008191476 -0.013307028 0.999877930 78.851936340
0.999972165 -0.002946295 -0.006855534 1.029525518 0.003036285 0.999908864 0.013153411 -2.142646313 0.006816157 -0.013173858 0.999889970 79.394195557
0.999979496 -0.003258997 -0.005516214 1.045724511 0.003329898 0.999911308 0.012893075 -2.151059389 0.005473707 -0.012911180 0.999901593 79.935333252
0.999991894 -0.003390728 -0.002193792 1.064612985 0.003419167 0.999908447 0.013092172 -2.161543131 0.002149200 -0.013099568 0.999911785 80.478713989
0.999992609 -0.003201270 0.002130169 1.083270550 0.003172447 0.999905109 0.013399655 -2.172089577 -0.002172862 -0.013392798 0.999907911 81.018890381
0.999983251 -0.003285956 0.004766379 1.106305480 0.003223088 0.999908447 0.013138151 -2.173722982 -0.004809114 -0.013122567 0.999902308 81.578979492
0.999951541 -0.003181607 0.009321366 1.137929082 0.003066740 0.999919474 0.012311376 -2.147608280 -0.009359784 -0.012282192 0.999880731 82.200096130
0.999875903 -0.003321952 0.015400272 1.154427052 0.003120477 0.999909401 0.013088190 -2.186525822 -0.015442356 -0.013038507 0.999795735 82.684867859
0.999767661 -0.003260548 0.021303657 1.185393572 0.002981041 0.999909222 0.013138754 -2.197826385 -0.021344561 -0.013072195 0.999686658 83.224830627
0.999639928 -0.003793264 0.026562674 1.222407699 0.003453224 0.999911606 0.012835616 -2.193747997 -0.026609015 -0.012739268 0.999564707 83.778739929
0.999391437 -0.003593503 0.034696639 1.257881761 0.003152415 0.999913573 0.012759045 -2.197393894 -0.034739491 -0.012641903 0.999316454 84.340103149
0.999089539 -0.004121858 0.042462286 1.312405348 0.003588837 0.999913871 0.012621414 -2.207951546 -0.042510662 -0.012457532 0.999018371 84.921020508
0.998794436 -0.004310858 0.048899263 1.359313726 0.003685110 0.999910235 0.012879596 -2.214349508 -0.048950404 -0.012683869 0.998720646 85.467254639
0.998315334 -0.004318630 0.057859860 1.406653166 0.003587206 0.999912381 0.012739212 -2.218992710 -0.057909813 -0.012510197 0.998243451 85.992225647
0.997676373 -0.004247728 0.067998879 1.459106445 0.003370745 0.999909699 0.013006579 -2.230249405 -0.068047985 -0.012747149 0.997600615 86.550407410
0.997048676 -0.004775669 0.076623216 1.524096012 0.003805538 0.999910831 0.012802081 -2.236341000 -0.076677524 -0.012472709 0.996977866 87.102890015
0.996411622 -0.005259639 0.084476434 1.594514370 0.004206961 0.999911308 0.012634384 -2.244644165 -0.084535390 -0.012233657 0.996345401 87.641181946
0.995449483 -0.004871099 0.095165700 1.668007374 0.003670252 0.999911487 0.012789450 -2.249756575 -0.095219560 -0.012381969 0.995379329 88.186820984
0.994415343 -0.005744870 0.105380505 1.762010574 0.004456099 0.999912381 0.012461068 -2.258681297 -0.105442859 -0.011921892 0.994353831 88.764251709
0.993413210 -0.005979941 0.114431024 1.850883484 0.004593274 0.999912798 0.012377765 -2.267034054 -0.114495069 -0.011770621 0.993354082 89.323944092
0.992077053 -0.005909121 0.125491217 1.947049141 0.004327382 0.999907792 0.012873242 -2.274631262 -0.125555694 -0.012228202 0.992011189 89.882369995
0.990450621 -0.006091580 0.137733176 2.037468910 0.004403373 0.999911427 0.012558465 -2.284274340 -0.137797475 -0.011832049 0.990389764 90.416587830
0.988920450 -0.006375229 0.148309603 2.146724701 0.004539359 0.999908805 0.012713837 -2.295108318 -0.148377165 -0.011899742 0.988859177 90.966957092
0.987362802 -0.007466231 0.158300251 2.267597198 0.005547056 0.999905646 0.012562017 -2.297974110 -0.158379108 -0.011525167 0.987311125 91.512535095
0.985263824 -0.007882955 0.170859650 2.391438484 0.005886897 0.999908388 0.012185949 -2.305179119 -0.170940071 -0.011000543 0.985220015 92.043586731
0.982992351 -0.007629445 0.183487803 2.513875008 0.005444627 0.999908209 0.012408002 -2.313604593 -0.183565661 -0.011197951 0.982943654 92.613571167
0.981056452 -0.008517745 0.193534717 2.646018028 0.006206096 0.999901950 0.012547515 -2.319259882 -0.193622619 -0.011108723 0.981013119 93.164855957
0.978447676 -0.009256746 0.206287727 2.784988403 0.006824783 0.999898553 0.012497667 -2.327085972 -0.206382483 -0.010820442 0.978411555 93.691070557
0.975498915 -0.008766089 0.219829559 2.934814453 0.005991366 0.999893785 0.013285684 -2.342827797 -0.219922677 -0.011643093 0.975447834 94.244888306
0.972904503 -0.008907105 0.231035784 3.085365295 0.006047046 0.999896109 0.013084472 -2.349015236 -0.231128305 -0.011332858 0.972857237 94.785614014
0.969993055 -0.009546663 0.242945150 3.249258041 0.006593112 0.999894202 0.012967451 -2.362867594 -0.243043244 -0.010976575 0.969953358 95.295890808
0.966394126 -0.009623863 0.256884485 3.416345596 0.006444571 0.999891937 0.013215378 -2.373933792 -0.256983876 -0.011115756 0.966351748 95.817016602
0.962950587 -0.009676033 0.269504339 3.580781937 0.006289387 0.999890089 0.013426869 -2.376072407 -0.269604623 -0.011234394 0.962905586 96.374450684
0.959828019 -0.010637563 0.280387044 3.768949509 0.007164185 0.999884427 0.013409845 -2.382449627 -0.280497253 -0.010862399 0.959793329 96.896591187
0.955539823 -0.010707814 0.294667363 3.951568604 0.007041416 0.999884129 0.013500711 -2.389632463 -0.294777662 -0.010825590 0.955504537 97.419616699
0.951107025 -0.010632749 0.308678180 4.158149719 0.006674363 0.999881387 0.013876760 -2.395050764 -0.308789104 -0.011138057 0.951065302 97.977600098
0.947408199 -0.011507618 0.319820613 4.355480194 0.007458068 0.999875724 0.013883897 -2.398876190 -0.319940627 -0.010768474 0.947376370 98.492187500
0.943123400 -0.011616697 0.332239628 4.564521790 0.007450926 0.999876797 0.013809682 -2.404911995 -0.332359135 -0.010548740 0.943093836 99.000915527
0.938040733 -0.011659771 0.346328735 4.776138306 0.007342375 0.999878168 0.013775644 -2.410362244 -0.346447200 -0.010379241 0.938012064 99.518753052
0.933470488 -0.012574275 0.358433783 5.002893448 0.008193890 0.999872088 0.013737299 -2.416838169 -0.358560681 -0.009886396 0.933454096 100.034683228
0.929275870 -0.013039335 0.369156271 5.224946976 0.008521774 0.999867558 0.013865481 -2.424532890 -0.369288236 -0.009738991 0.929263890 100.542510986
0.923804283 -0.012952072 0.382645816 5.456287384 0.008223761 0.999868333 0.013990012 -2.428330183 -0.382776678 -0.009777246 0.923789084 101.042869568
0.918119490 -0.013210015 0.396083355 5.691596985 0.008197512 0.999863446 0.014345252 -2.436363459 -0.396218866 -0.009923756 0.918102503 101.543983459
0.913125157 -0.013910757 0.407442003 5.945293427 0.009000203 0.999861896 0.013966474 -2.441475391 -0.407580048 -0.009086077 0.913124442 102.049186707
0.906939626 -0.013959175 0.421029299 6.202674866 0.008851657 0.999861538 0.014082931 -2.444449425 -0.421167642 -0.009045560 0.906937718 102.544502258
0.900411844 -0.014323747 0.434802502 6.475719452 0.009150345 0.999860287 0.013989489 -2.451678276 -0.434942096 -0.008617709 0.900417149 103.031173706
0.894427478 -0.014799647 0.446968168 6.743812561 0.009384980 0.999853313 0.014326064 -2.460483313 -0.447114557 -0.008618835 0.894435167 103.513122559
0.888817132 -0.015292170 0.458006680 7.014308929 0.009780659 0.999848366 0.014402919 -2.463952541 -0.458157480 -0.008321953 0.888832033 103.996948242
0.881928205 -0.016078606 0.471109420 7.294807434 0.010585091 0.999841571 0.014308293 -2.467994690 -0.471264869 -0.007632153 0.881958723 104.462280273
