1.000000000 0.000000000 0.000000000 0.000000000 0.000000000 1.000000000 0.000000000 0.000000000 0.000000000 0.000000000 1.000000000 0.000000000
0.999999940 0.000182910 0.000166153 -0.001280291 -0.000182903 1.000000000 -0.000038068 -0.000504314 -0.000166160 0.000038038 1.000000000 0.000991340
1.000000000 0.000091726 -0.000016483 0.007485523 -0.000091726 1.000000000 0.000036697 -0.000156540 0.000016486 -0.000036695 1.000000000 -0.004357807
1.000000000 -0.000027805 0.000030432 0.001470123 0.000027806 1.000000000 -0.000020195 0.000202899 -0.000030432 0.000020196 1.000000000 0.000082947
1.000000000 0.000107613 0.000174924 -0.002406128 -0.000107599 1.000000000 -0.000084030 0.002281201 -0.000174933 0.000084011 1.000000000 0.001789446
1.000000000 0.000003700 0.000013704 -0.000338779 -0.000003701 1.000000000 0.000026886 0.001627556 -0.000013704 -0.000026886 1.000000000 -0.002096529
1.000000000 0.000085144 0.000147101 -0.004630346 -0.000085142 1.000000000 -0.000013951 0.002699726 -0.000147102 0.000013939 1.000000000 0.000813644
1.000000000 0.000152301 0.000055427 0.000166828 -0.000152300 1.000000000 -0.000010691 -0.000804125 -0.000055428 0.000010682 1.000000000 -0.004421672
1.000000000 0.000100760 0.000087064 0.001117082 -0.000100756 1.000000000 -0.000046672 -0.000057028 -0.000087068 0.000046663 1.000000000 -0.002109141
1.000000000 0.000185512 0.000089399 0.000847898 -0.000185513 1.000000000 0.000021149 0.001676193 -0.000089395 -0.000021165 1.000000000 -0.009459320
1.000000000 -0.000047470 0.000050716 0.000281946 0.000047474 1.000000000 -0.000083448 -0.000664963 -0.000050712 0.000083451 1.000000000 0.001411148
1.000000000 0.000029190 0.000131315 -0.005666086 -0.000029172 1.000000000 -0.000136725 0.001695040 -0.000131319 0.000136722 1.000000000 0.002218097
0.999999940 0.000110986 0.000224980 -0.003850788 -0.000110977 1.000000000 -0.000042437 0.001548720 -0.000224985 0.000042412 1.000000000 0.002280730
1.000000000 -0.000220740 -0.000002420 -0.002099874 0.000220740 0.999999940 0.000131811 0.001024869 0.000002391 -0.000131812 1.000000000 -0.005809330
0.999999940 -0.000303144 0.000001627 -0.001064921 0.000303143 0.999999940 0.000045759 -0.001191980 -0.000001641 -0.000045759 1.000000000 -0.002728887
1.000000000 -0.000174697 0.000073375 -0.000571661 0.000174698 1.000000000 -0.000016106 -0.000715616 -0.000073372 0.000016119 1.000000000 -0.002062690
1.000000000 0.000172233 0.000111635 -0.000736112 -0.000172241 1.000000000 0.000076892 -0.001703136 -0.000111622 -0.000076911 1.000000000 -0.014933751
1.000000000 -0.000163860 0.000017833 -0.000161545 0.000163861 1.000000000 -0.000068095 0.000641551 -0.000017822 0.000068098 1.000000000 -0.003701404
1.000000000 -0.000026345 0.000028871 -0.000392310 0.000026346 1.000000000 -0.000046730 -0.000376502 -0.000028870 0.000046731 1.000000000 -0.010549313
1.000000000 -0.000086529 0.000023444 -0.000261619 0.000086530 1.000000000 -0.000033141 0.000100587 -0.000023441 0.000033143 1.000000000 -0.007311837
1.000000000 0.000052722 0.000209153 -0.003609118 -0.000052720 1.000000000 -0.000012143 -0.001400707 -0.000209154 0.000012132 1.000000000 -0.003500715
1.000000000 -0.000098264 0.000087100 0.000490325 0.000098265 1.000000000 -0.000009887 -0.000634559 -0.000087099 0.000009895 1.000000000 -0.007408977
1.000000000 -0.000159340 0.000075395 -0.000947175 0.000159332 1.000000000 0.000109499 -0.001342578 -0.000075413 -0.000109487 1.000000000 -0.008720216
1.000000000 0.000037241 -0.000048415 0.006065568 -0.000037238 1.000000000 0.000064406 -0.001593789 0.000048417 -0.000064405 1.000000000 -0.013504197
1.000000000 -0.000082094 0.000060476 0.000661474 0.000082092 1.000000000 0.000039682 -0.001310030 -0.000060479 -0.000039677 1.000000000 -0.007361372
1.000000000 0.000143745 0.000176793 -0.004997818 -0.000143734 1.000000000 -0.000060694 0.000100589 -0.000176801 0.000060669 1.000000000 -0.007074516
1.000000000 0.000033876 0.000159494 -0.006854489 -0.000033894 1.000000000 0.000110273 0.000040630 -0.000159491 -0.000110278 1.000000000 -0.007672016
1.000000000 -0.000235607 0.000014977 -0.005340855 0.000235607 1.000000000 0.000019380 0.002440548 -0.000014981 -0.000019376 1.000000000 -0.008306574
1.000000000 -0.000189931 -0.000037891 0.000077714 0.000189933 1.000000000 0.000047238 -0.001900226 0.000037882 -0.000047245 1.000000000 -0.002759940
1.000000000 -0.000074847 0.000116960 -0.002975886 0.000074849 1.000000000 -0.000017015 0.001778764 -0.000116959 0.000017023 1.000000000 -0.001823036
1.000000000 -0.000170008 0.000122296 -0.003730223 0.000169997 1.000000000 0.000093322 -0.000300493 -0.000122312 -0.000093301 1.000000000 -0.005173293
1.000000000 -0.000198429 -0.000013985 0.000659332 0.000198429 1.000000000 0.000011784 -0.000329566 0.000013983 -0.000011786 1.000000000 -0.006752587
1.000000000 -0.000026372 0.000023898 -0.003331332 0.000026374 1.000000000 -0.000074728 0.000706744 -0.000023896 0.000074729 1.000000000 -0.004276760
1.000000000 0.000027589 0.000000032 -0.000990254 -0.000027589 1.000000000 -0.000151886 0.005593905 -0.000000036 0.000151886 1.000000000 0.000993506
1.000000000 -0.000176366 -0.000023620 -0.003044617 0.000176363 1.000000000 -0.000130640 0.001882227 0.000023643 0.000130635 1.000000000 -0.006773561
0.999999940 -0.000280759 -0.000131631 -0.000496970 0.000280751 0.999999940 -0.000059621 -0.000727538 0.000131648 0.000059584 1.000000000 -0.005583457
1.000000000 -0.000178271 0.000053304 -0.001747965 0.000178267 1.000000000 0.000067165 -0.001168142 -0.000053316 -0.000067156 1.000000000 -0.003076007
1.000000000 0.000076191 0.000074767 -0.003060991 -0.000076202 1.000000000 0.000144376 -0.001968405 -0.000074756 -0.000144382 1.000000000 -0.008222844
0.999999940 -0.000275411 -0.000099322 0.000247296 0.000275417 0.999999940 0.000065066 -0.002862979 0.000099304 -0.000065093 1.000000000 -0.001475445
1.000000000 0.000070752 0.000067123 -0.000000347 -0.000070704 0.999999762 -0.000718283 -0.003702697 -0.000067173 0.000718279 0.999999762 0.049108628
1.000000000 0.000053474 -0.000078167 0.004938711 -0.000053579 0.999999106 -0.001348343 -0.002863752 0.000078095 0.001348347 0.999999106 0.143845439
1.000000000 -0.000044558 -0.000211305 0.008463130 0.000044264 0.999999046 -0.001395723 -0.011227107 0.000211366 0.001395714 0.999998987 0.260548800
1.000000000 -0.000032284 0.000037526 0.003603650 0.000032329 0.999999285 -0.001217463 -0.017547350 -0.000037487 0.001217464 0.999999285 0.384479523
1.000000000 0.000032441 -0.000181671 0.007416351 -0.000032671 0.999999166 -0.001269039 -0.017677378 0.000181630 0.001269045 0.999999166 0.530232370
0.999999940 0.000308660 0.000155642 0.007971498 -0.000308440 0.999998987 -0.001407614 -0.024105212 -0.000156076 0.001407566 0.999998987 0.680462062
1.000000000 -0.000045520 0.000194289 0.024882233 0.000045697 0.999999583 -0.000911601 -0.026867215 -0.000194247 0.000911610 0.999999583 0.864169776
0.999999940 0.000196722 0.000205538 0.013923729 -0.000196586 0.999999762 -0.000663635 -0.030698644 -0.000205668 0.000663594 0.999999762 1.029825926
0.999999881 0.000102286 0.000418233 0.018217079 -0.000101963 0.999999702 -0.000771979 -0.040071342 -0.000418312 0.000771936 0.999999642 1.219738960
1.000000000 -0.000168919 -0.000175111 0.045101859 0.000168805 0.999999762 -0.000652001 -0.046101175 0.000175221 0.000651971 0.999999762 1.437093973
0.999999940 -0.000020364 -0.000396655 0.042273965 0.000020110 0.999999821 -0.000641085 -0.047460295 0.000396668 0.000641077 0.999999702 1.645063758
0.999999762 -0.000632318 0.000195373 0.044758491 0.000632370 0.999999762 -0.000262502 -0.063100383 -0.000195206 0.000262626 0.999999940 1.839448810
0.999999821 -0.000491033 0.000398830 0.033660647 0.000490868 0.999999821 0.000413746 -0.066128187 -0.000399033 -0.000413551 0.999999821 1.923079491
0.999999642 -0.000627218 0.000522818 0.039000113 0.000627115 0.999999821 0.000197973 -0.071986683 -0.000522942 -0.000197645 0.999999881 2.149496555
0.999999523 0.000057984 0.000955822 0.036638778 -0.000058167 1.000000000 0.000190779 -0.074765451 -0.000955811 -0.000190835 0.999999583 2.357074499
0.999999583 -0.000796148 0.000492644 0.056884032 0.000795975 0.999999642 0.000350434 -0.089905061 -0.000492923 -0.000350042 0.999999821 2.602286339
0.999999702 -0.000373467 0.000772940 0.059011802 0.000373004 0.999999821 0.000599794 -0.095332660 -0.000773164 -0.000599506 0.999999523 2.836150169
0.999999762 -0.000476554 0.000536233 0.068039760 0.000476284 0.999999762 0.000503618 -0.100117318 -0.000536472 -0.000503363 0.999999762 3.071225166
0.999999404 -0.000847805 0.000687739 0.067837752 0.000847600 0.999999583 0.000297571 -0.103301771 -0.000687991 -0.000296988 0.999999762 3.322836876
0.999999404 -0.001219354 -0.000056101 0.085706539 0.001219383 0.999999106 0.000517814 -0.120264784 0.000055470 -0.000517882 0.999999821 3.588233232
0.999999583 -0.000903660 -0.000293808 0.090207241 0.000903848 0.999999344 0.000641880 -0.126479164 0.000293228 -0.000642145 0.999999821 3.832526207
0.999998033 -0.001873845 -0.000671926 0.104803592 0.001874223 0.999998093 0.000561752 -0.134681195 0.000670872 -0.000563010 0.999999583 4.112655163
0.999999166 -0.001264770 -0.000328973 0.102922082 0.001265062 0.999998808 0.000888137 -0.139043868 0.000327850 -0.000888552 0.999999583 4.373595715
0.999999046 -0.001312474 -0.000553641 0.116254941 0.001313047 0.999998569 0.001034233 -0.151870564 0.000552283 -0.001034959 0.999999285 4.615296841
0.999993742 -0.003243658 -0.001417695 0.128171325 0.003246491 0.999992728 0.002000374 -0.184940010 0.001411196 -0.002004965 0.999997020 4.966419220
0.999993682 -0.003312830 -0.001261183 0.128485620 0.003315099 0.999992847 0.001801259 -0.192511514 0.001255206 -0.001805429 0.999997616 5.222135067
0.999993086 -0.003465037 -0.001338669 0.140611276 0.003467873 0.999991715 0.002121623 -0.199962109 0.001331306 -0.002126250 0.999996841 5.492017269
0.999993980 -0.003279091 -0.001152251 0.137503967 0.003281323 0.999992728 0.001941006 -0.205204993 0.001145878 -0.001944775 0.999997497 5.755908966
0.999993563 -0.003430336 -0.001040829 0.148420110 0.003432772 0.999991357 0.002348584 -0.222597703 0.001032764 -0.002352142 0.999996722 6.030123711
0.999995291 -0.002938190 -0.000907650 0.162064984 0.002940500 0.999992430 0.002553702 -0.236165121 0.000900139 -0.002556358 0.999996364 6.256055355
0.999993563 -0.003510597 -0.000906906 0.140281007 0.003512411 0.999991834 0.002005878 -0.242197260 0.000899857 -0.002009050 0.999997556 6.742123604
0.999995232 -0.002964543 -0.000886613 0.139562130 0.002966189 0.999993920 0.001860429 -0.250924021 0.000881092 -0.001863050 0.999997854 7.035008907
0.999994874 -0.003123470 -0.000693464 0.147578061 0.003124905 0.999993026 0.002077920 -0.258690834 0.000686969 -0.002080076 0.999997556 7.323025703
0.999994636 -0.003206477 -0.000772685 0.162783757 0.003207980 0.999993026 0.001952271 -0.270078123 0.000766420 -0.001954740 0.999997795 7.623982906
0.999993861 -0.003469877 -0.000514819 0.163190678 0.003470977 0.999991655 0.002151420 -0.283648401 0.000507350 -0.002153194 0.999997556 7.942019463
0.999996901 -0.002436301 -0.000576136 0.178264380 0.002437726 0.999993980 0.002487649 -0.294591099 0.000570072 -0.002489046 0.999996722 8.232477188
0.999985456 -0.005112081 -0.001691369 0.146989465 0.005116082 0.999984086 0.002370303 -0.326985002 0.001679225 -0.002378922 0.999995708 8.727634430
0.999985456 -0.005141777 -0.001628297 0.157487378 0.005146136 0.999983132 0.002683951 -0.335115820 0.001614469 -0.002692291 0.999994993 9.056213379
0.999985874 -0.005042369 -0.001678147 0.156422570 0.005046279 0.999984503 0.002333878 -0.342084914 0.001666353 -0.002342314 0.999995887 9.403420448
0.999989331 -0.004452239 -0.001287250 0.155161068 0.004455167 0.999987483 0.002280421 -0.354115456 0.001277082 -0.002286131 0.999996543 9.744981766
0.999985039 -0.005212049 -0.001654527 0.179129124 0.005216650 0.999982417 0.002788912 -0.367375314 0.001639962 -0.002797502 0.999994695 10.080884933
0.999992311 -0.003724978 -0.001262284 0.170392454 0.003728485 0.999989092 0.002787655 -0.371385962 0.001251887 -0.002792340 0.999995291 10.434195518
0.999983907 -0.005456144 -0.001517615 0.154779330 0.005459792 0.999982119 0.002410396 -0.397236943 0.001504436 -0.002418643 0.999995947 10.931349754
0.999982536 -0.005667227 -0.001686423 0.163155720 0.005671584 0.999980569 0.002589891 -0.408099890 0.001671712 -0.002599410 0.999995172 11.289575577
0.999982655 -0.005603687 -0.001811988 0.164502114 0.005608753 0.999980330 0.002802908 -0.416548967 0.001796246 -0.002813023 0.999994457 11.665123940
0.999978721 -0.006266422 -0.001849517 0.177269757 0.006272182 0.999975502 0.003125375 -0.430052400 0.001829887 -0.003136909 0.999993443 12.041279793
0.999979258 -0.006177753 -0.001794444 0.204389706 0.006182649 0.999977171 0.002735952 -0.429263949 0.001777501 -0.002746990 0.999994636 12.437767029
0.999984205 -0.005425949 -0.001463537 0.201323986 0.005430496 0.999980390 0.003121107 -0.448174208 0.001446574 -0.003129005 0.999994099 12.844134331
0.999977708 -0.006285551 -0.002243513 0.192955822 0.006292140 0.999975801 0.002941806 -0.479057878 0.002224968 -0.002955857 0.999993145 13.369627953
0.999975026 -0.006651797 -0.002385606 0.202428013 0.006658739 0.999973476 0.002913762 -0.486139238 0.002366161 -0.002929574 0.999992907 13.762875557
0.999973357 -0.006833171 -0.002555276 0.220360264 0.006841515 0.999971271 0.003271010 -0.501617968 0.002532851 -0.003288405 0.999991417 14.172653198
0.999976277 -0.006532440 -0.002198815 0.231165394 0.006539640 0.999973178 0.003283191 -0.507344842 0.002177309 -0.003297493 0.999992251 14.605875015
0.999981523 -0.005828533 -0.001709821 0.221914738 0.005834886 0.999975979 0.003734569 -0.526733935 0.001688013 -0.003744477 0.999991536 15.014583588
0.999964535 -0.008108244 -0.002282971 0.245433509 0.008117484 0.999958754 0.004067301 -0.584617019 0.002249898 -0.004085688 0.999989152 15.559495926
0.999968350 -0.007723571 -0.001901028 0.252600759 0.007732088 0.999959886 0.004514108 -0.596207321 0.001866087 -0.004528665 0.999988019 15.980619431
0.999957383 -0.008963917 -0.002215726 0.267998129 0.008974271 0.999948561 0.004708166 -0.610035062 0.002173409 -0.004727851 0.999986529 16.387454987
0.999969721 -0.007696624 -0.001226977 0.267122358 0.007702415 0.999958932 0.004786051 -0.621036768 0.001190090 -0.004795357 0.999987841 16.801870346
0.999972641 -0.007359748 -0.000772346 0.246912479 0.007363803 0.999958456 0.005385969 -0.653695107 0.000732674 -0.005391509 0.999985278 17.266408920
0.999967515 -0.008057010 -0.000554130 0.277149081 0.008059384 0.999957740 0.004421736 -0.665910006 0.000518481 -0.004426058 0.999989986 17.830312729
0.999971569 -0.007548222 0.000113339 0.283581495 0.007547639 0.999961495 0.004478281 -0.676671028 -0.000147137 -0.004477299 0.999989927 18.292963028
0.999976754 -0.006814177 -0.000180738 0.294842303 0.006814932 0.999966264 0.004565923 -0.689820945 0.000149619 -0.004567048 0.999989569 18.761920929
0.999973357 -0.007292608 0.000510640 0.305712551 0.007290015 0.999961317 0.004909546 -0.702673018 -0.000546423 -0.004905693 0.999987841 19.227008820
0.999974549 -0.007113032 0.000640274 0.326752365 0.007109899 0.999963403 0.004769898 -0.715181410 -0.000674179 -0.004765224 0.999988377 19.702033997
0.999968648 -0.007927716 0.000204705 0.342708766 0.007926488 0.999953806 0.005428445 -0.730580747 -0.000247730 -0.005426651 0.999985218 20.174264908
0.999973536 -0.007249526 0.000651036 0.360175401 0.007246137 0.999960959 0.005066318 -0.731372118 -0.000687739 -0.005061467 0.999986887 20.658748627
0.999973416 -0.007289889 0.000135716 0.339680701 0.007289077 0.999959648 0.005244726 -0.749422789 -0.000173944 -0.005243598 0.999986231 21.159107208
0.999972641 -0.007397790 0.000244195 0.336902112 0.007396502 0.999960661 0.004907698 -0.754218757 -0.000280492 -0.004905757 0.999987900 21.669858932
0.999967277 -0.008084321 -0.000255517 0.350404173 0.008085578 0.999952853 0.005376316 -0.774477899 0.000212041 -0.005378206 0.999985456 22.180532455
0.999977410 -0.006716563 -0.000197954 0.360167921 0.006717538 0.999962687 0.005430515 -0.802075148 0.000161472 -0.005431722 0.999985218 22.703678131
0.999964058 -0.008452140 -0.000680342 0.344631851 0.008455863 0.999948144 0.005670699 -0.820705950 0.000632377 -0.005676249 0.999983668 23.204006195
0.999967635 -0.008019386 -0.000561554 0.345321864 0.008022608 0.999949753 0.005992571 -0.839131355 0.000513470 -0.005996882 0.999981880 23.733367920
0.999966085 -0.008184046 -0.000956188 0.341538578 0.008189293 0.999950707 0.005618516 -0.844838500 0.000910159 -0.005626156 0.999983788 24.272218704
0.999959171 -0.008741854 -0.002251639 0.347369134 0.008755700 0.999942362 0.006215034 -0.873644531 0.002197178 -0.006234495 0.999978125 24.758153915
0.999952257 -0.009440552 -0.002517376 0.348833948 0.009454890 0.999938846 0.005745925 -0.886342585 0.002462978 -0.005769453 0.999980330 25.295566559
0.999959946 -0.008381939 -0.003121128 0.344805002 0.008400070 0.999947667 0.005842061 -0.900984704 0.003071997 -0.005868044 0.999978006 25.831411362
0.999946117 -0.009343004 -0.004518586 0.387940288 0.009371446 0.999936163 0.006314706 -0.916555762 0.004459299 -0.006356711 0.999969840 26.357254028
0.999940515 -0.009758728 -0.004872032 0.392315149 0.009789949 0.999931514 0.006426026 -0.925566137 0.004808988 -0.006473341 0.999967396 26.895040512
0.999936342 -0.010014542 -0.005186168 0.394550651 0.010048713 0.999927700 0.006604965 -0.937762797 0.005119648 -0.006656659 0.999964714 27.438308716
0.999922395 -0.010796276 -0.006214919 0.426408708 0.010841691 0.999914408 0.007320545 -0.940370023 0.006135352 -0.007387356 0.999953866 27.986726761
0.999929249 -0.010241352 -0.006045474 0.395038366 0.010285945 0.999919772 0.007391874 -0.981223524 0.005969286 -0.007453537 0.999954402 28.547029495
0.999924302 -0.010133536 -0.006979131 0.412147582 0.010186549 0.999919236 0.007602830 -1.001551747 0.006901523 -0.007673348 0.999946713 29.092115402
0.999933004 -0.009532043 -0.006575438 0.413039386 0.009579994 0.999927461 0.007299870 -1.000664473 0.006505378 -0.007362374 0.999951780 29.650758743
0.999929905 -0.009568384 -0.006977424 0.426910818 0.009621125 0.999925017 0.007564486 -1.016841054 0.006904521 -0.007631086 0.999947071 30.176351547
0.999910772 -0.010689523 -0.008012832 0.445015252 0.010753207 0.999910593 0.007947128 -1.028376698 0.007927164 -0.008032582 0.999936342 30.733190536
0.999907672 -0.010567220 -0.008532811 0.435901880 0.010634499 0.999912441 0.007878379 -1.042994618 0.008448811 -0.007968396 0.999932528 31.205984116
0.999911785 -0.009974229 -0.008767127 0.451723784 0.010046278 0.999915779 0.008212943 -1.064265370 0.008684471 -0.008300296 0.999927819 31.742664337
0.999909878 -0.010272404 -0.008641656 0.448207319 0.010343630 0.999912560 0.008238287 -1.078677416 0.008556274 -0.008326932 0.999928772 32.304946899
0.999912739 -0.009923951 -0.008723115 0.449714214 0.010000736 0.999911189 0.008803383 -1.091099262 0.008634975 -0.008889853 0.999923170 32.814769745
0.999912024 -0.009845317 -0.008904011 0.428142607 0.009925114 0.999910593 0.008962465 -1.135067105 0.008814977 -0.009050049 0.999920189 33.349300385
0.999902844 -0.010307476 -0.009383208 0.434625238 0.010390596 0.999906898 0.008853304 -1.138265729 0.009291077 -0.008949940 0.999916792 33.895988464
0.999915838 -0.009459948 -0.008879016 0.431752861 0.009536034 0.999917924 0.008566492 -1.145791769 0.008797247 -0.008650443 0.999923825 34.473369598
0.999903202 -0.010103958 -0.009566027 0.416262746 0.010189209 0.999908447 0.008905501 -1.158253908 0.009475168 -0.009002108 0.999914587 34.937023163
0.999899089 -0.010269060 -0.009815078 0.420512885 0.010361827 0.999901712 0.009447852 -1.183574438 0.009717092 -0.009548602 0.999907196 35.480442047
0.999902606 -0.009856473 -0.009876093 0.456139624 0.009949299 0.999906421 0.009394377 -1.182244420 0.009782572 -0.009491722 0.999907076 35.988143921
0.999889314 -0.011173519 -0.009823300 0.409280032 0.011272579 0.999885559 0.010087264 -1.234344006 0.009709468 -0.010196883 0.999900877 36.562267303
0.999902546 -0.009930518 -0.009807623 0.404383302 0.010027900 0.999900401 0.009930453 -1.250266314 0.009708032 -0.010027837 0.999902606 37.139064789
0.999909878 -0.009640665 -0.009342221 0.410778165 0.009732290 0.999904394 0.009812311 -1.246616364 0.009246729 -0.009902349 0.999908268 37.703227997
0.999904037 -0.009849011 -0.009738130 0.421495646 0.009947456 0.999899387 0.010113018 -1.266581535 0.009637549 -0.010208919 0.999901474 38.232006073
0.999905288 -0.009834093 -0.009629712 0.432072997 0.009927724 0.999903440 0.009724054 -1.279443502 0.009533156 -0.009818736 0.999906301 38.886814117
0.999898851 -0.010310161 -0.009790573 0.407388955 0.010414257 0.999889076 0.010641464 -1.325967193 0.009679773 -0.010742350 0.999895513 39.520748138
0.999876142 -0.011405760 -0.010842687 0.456272662 0.011519225 0.999878943 0.010460573 -1.343646049 0.010722063 -0.010584178 0.999886513 40.034488678
0.999882102 -0.010922496 -0.010792925 0.443461865 0.011044322 0.999875188 0.011293182 -1.335704327 0.010668230 -0.011411052 0.999877989 40.521007538
0.999883354 -0.010859687 -0.010734881 0.435874164 0.010981259 0.999875486 0.011331709 -1.337766409 0.010610485 -0.011448270 0.999878168 41.101745605
0.999879241 -0.011247146 -0.010720588 0.467680901 0.011377742 0.999860823 0.012199624 -1.402114153 0.010581886 -0.012320127 0.999868155 41.661289215
0.999859571 -0.012023079 -0.011675549 0.459428430 0.012162292 0.999854863 0.011926547 -1.396678329 0.011530463 -0.012066872 0.999860704 41.925151825
0.999876499 -0.010685001 -0.011526701 0.466062427 0.010817461 0.999875367 0.011491088 -1.389945269 0.011402483 -0.011614356 0.999867499 42.468360901
0.999865949 -0.011715560 -0.011435532 0.472628593 0.011849316 0.999861360 0.011699734 -1.403757572 0.011296878 -0.011833669 0.999866068 43.024375916
0.999869406 -0.011096838 -0.011744698 0.485441625 0.011230078 0.999872625 0.011340086 -1.405278683 0.011617362 -0.011470501 0.999866724 43.571571350
0.999857485 -0.011977252 -0.011899251 0.496193349 0.012126090 0.999848127 0.012515823 -1.421088934 0.011747539 -0.012658330 0.999850810 44.134464264
0.999868989 -0.011514720 -0.011376815 0.497715950 0.011655065 0.999855816 0.012347713 -1.438552737 0.011232995 -0.012478693 0.999858975 44.681884766
0.999874055 -0.010884097 -0.011551250 0.515044093 0.011023032 0.999866843 0.012032960 -1.420829773 0.011418745 -0.012158774 0.999860823 45.257526398
0.999861777 -0.012272188 -0.011219931 0.426728666 0.012398832 0.999859393 0.011288316 -1.444216967 0.011079822 -0.011425870 0.999873281 45.844039917
0.999876678 -0.011302345 -0.010903612 0.451817393 0.011425590 0.999870837 0.011307859 -1.456660986 0.010774397 -0.011431047 0.999876559 46.436668396
0.999853849 -0.012221348 -0.011953047 0.442788243 0.012388735 0.999824822 0.014031360 -1.532081246 0.011779470 -0.014177389 0.999830127 46.729598999
0.999848664 -0.012350592 -0.012254093 0.456019163 0.012514387 0.999832213 0.013381048 -1.534174919 0.012086772 -0.013532373 0.999835432 47.282714844
0.999864221 -0.011318930 -0.011974779 0.438255310 0.011466193 0.999858618 0.012301489 -1.536845446 0.011833845 -0.012437122 0.999852717 47.848785400
0.999851346 -0.011952898 -0.012425994 0.429194450 0.012104950 0.999851882 0.012234048 -1.530578136 0.012277920 -0.012382642 0.999848008 48.391052246
0.999854386 -0.011376172 -0.012715153 0.475234210 0.011549963 0.999839783 0.013679181 -1.554006100 0.012557497 -0.013824050 0.999825656 48.931392670
0.999846578 -0.012063208 -0.012695706 0.483502150 0.012236277 0.999832094 0.013643933 -1.572572827 0.012528986 -0.013797191 0.999826312 49.521686554
0.999858975 -0.011909119 -0.011837171 0.388503253 0.012060365 0.999845505 0.012789094 -1.577607870 0.011683035 -0.012930048 0.999848187 50.209049225
0.999852598 -0.012677884 -0.011577191 0.361744583 0.012837566 0.999822080 0.013824274 -1.607640982 0.011399870 -0.013970857 0.999837458 50.805431366
0.999835312 -0.013528084 -0.012093337 0.383201778 0.013697070 0.999808133 0.014001515 -1.640692949 0.011901601 -0.014164851 0.999828935 51.005210876
0.999859869 -0.012236952 -0.011422206 0.378178298 0.012394280 0.999827802 0.013806186 -1.640797019 0.011251294 -0.013945820 0.999839425 51.572025299
0.999846995 -0.013079744 -0.011611727 0.396297514 0.013239303 0.999817491 0.013772283 -1.651793003 0.011429470 -0.013923905 0.999837756 52.140155792
0.999830425 -0.013339157 -0.012699567 0.420337558 0.013515927 0.999811530 0.013936868 -1.652821183 0.012511267 -0.014106153 0.999822199 52.659839630
0.999851942 -0.012103496 -0.012229057 0.435726941 0.012275085 0.999825835 0.014054966 -1.657411814 0.012056813 -0.014202996 0.999826431 53.201126099
0.999844193 -0.012819026 -0.012129487 0.386004150 0.013000535 0.999802887 0.015005822 -1.695744514 0.011934736 -0.015161176 0.999813795 53.613773346
0.999839485 -0.012755593 -0.012582021 0.391457677 0.012937346 0.999811590 0.014471618 -1.699482083 0.012395054 -0.014632072 0.999816120 54.154209137
0.999853313 -0.012053619 -0.012159439 0.387717068 0.012227980 0.999822021 0.014368713 -1.713691711 0.011984076 -0.014515291 0.999822855 54.657119751
0.999855578 -0.012340200 -0.011683339 0.348581374 0.012510408 0.999815106 0.014609179 -1.727056503 0.011500898 -0.014753233 0.999825120 55.170177460
0.999837995 -0.012900780 -0.012550491 0.413245559 0.013079470 0.999812782 0.014261310 -1.733437777 0.012364158 -0.014423154 0.999819636 55.769763947
0.999837279 -0.012807683 -0.012707586 0.419434130 0.012995639 0.999805748 0.014820124 -1.737650633 0.012515306 -0.014982855 0.999809504 56.260421753
0.999847949 -0.012719247 -0.011922337 0.354871571 0.012903967 0.999795794 0.015546748 -1.773250222 0.011722161 -0.015698234 0.999808073 56.638648987
0.999835312 -0.013475887 -0.012147943 0.368391454 0.013660884 0.999790013 0.015276497 -1.782792330 0.011939529 -0.015439934 0.999809504 57.195144653
0.999842286 -0.013222862 -0.011851424 0.371100426 0.013409628 0.999784887 0.015820477 -1.788728237 0.011639681 -0.015976904 0.999804676 57.752971649
0.999861300 -0.012288095 -0.011234391 0.357547045 0.012464252 0.999798357 0.015747184 -1.809233785 0.011038621 -0.015885029 0.999812901 58.304359436
0.999867737 -0.012336584 -0.010591947 0.359146714 0.012507968 0.999789476 0.016269982 -1.821273327 0.010388999 -0.016400315 0.999811530 58.895065308
0.999839604 -0.013623393 -0.011623977 0.404743731 0.013799121 0.999789655 0.015173963 -1.807573438 0.011414810 -0.015331931 0.999817312 59.296905518
0.999851048 -0.012882651 -0.011481643 0.342931926 0.013066576 0.999785185 0.016090536 -1.837623835 0.011271887 -0.016238166 0.999804616 59.652385712
0.999861360 -0.012348160 -0.011170476 0.354193568 0.012529236 0.999788940 0.016288131 -1.847972631 0.010966988 -0.016425831 0.999805033 60.202632904
0.999853551 -0.012284660 -0.011913744 0.364107072 0.012472990 0.999796450 0.015864501 -1.836150646 0.011716427 -0.016010776 0.999803185 60.753570557
0.999847531 -0.012917773 -0.011741287 0.369706213 0.013101269 0.999791145 0.015688071 -1.846449614 0.011536179 -0.015839506 0.999808013 61.295696259
0.999836802 -0.013120607 -0.012418347 0.402723074 0.013321750 0.999779165 0.016255511 -1.873438001 0.012202323 -0.016418289 0.999790728 61.871822357
0.999860406 -0.012379282 -0.011223114 0.372335255 0.012569286 0.999776125 0.017020404 -1.889602661 0.011009901 -0.017159099 0.999792159 62.187683105
0.999861121 -0.012561596 -0.010958613 0.380132496 0.012743237 0.999779880 0.016665809 -1.898625016 0.010746852 -0.016803142 0.999801099 62.715065002
0.999862611 -0.012141889 -0.011284971 0.385570824 0.012333648 0.999778032 0.017081009 -1.901001334 0.011075071 -0.017217848 0.999790430 63.220920563
0.999871254 -0.011932956 -0.010731484 0.375300169 0.012114385 0.999782085 0.017003199 -1.913005948 0.010526245 -0.017131016 0.999797881 63.800453186
0.999863267 -0.012312725 -0.011039007 0.362526894 0.012497852 0.999779701 0.016861085 -1.917951226 0.010828968 -0.016996743 0.999796927 64.282501221
0.999848008 -0.013019789 -0.011592259 0.383271217 0.013216502 0.999767125 0.017057696 -1.927395344 0.011367473 -0.017208314 0.999787331 64.754234314
0.999848247 -0.012693919 -0.011928734 0.399377346 0.012890605 0.999779880 0.016558817 -1.934306741 0.011715911 -0.016710075 0.999791801 65.296508789
0.999855340 -0.012763310 -0.011244666 0.406430781 0.012950283 0.999776423 0.016714871 -1.940238476 0.011028815 -0.016858075 0.999797165 65.850090027
0.999849856 -0.012966687 -0.011497060 0.420161128 0.013156103 0.999776363 0.016555464 -1.922885776 0.011279820 -0.016704239 0.999796927 66.340316772
0.999845326 -0.013117633 -0.011718075 0.434888959 0.013312700 0.999771416 0.016726721 -1.929220080 0.011495982 -0.016880134 0.999791443 66.864654541
0.999834895 -0.013729399 -0.011903416 0.390814245 0.013935829 0.999750853 0.017436124 -1.955979943 0.011661065 -0.017599126 0.999777138 67.258079529
0.999827266 -0.014116942 -0.012090392 0.399145961 0.014325717 0.999746680 0.017358875 -1.962347984 0.011842277 -0.017529080 0.999776185 67.808235168
0.999796629 -0.015374284 -0.013047718 0.453322470 0.015588281 0.999742985 0.016461056 -1.944964170 0.012791287 -0.016661098 0.999779463 68.343162537
0.999838471 -0.013387706 -0.011987554 0.402855992 0.013596497 0.999754190 0.017508710 -1.981813073 0.011750207 -0.017668873 0.999774873 68.930427551
0.999840856 -0.013295758 -0.011894373 0.446694851 0.013505715 0.999751270 0.017749153 -1.993809581 0.011655424 -0.017906971 0.999771714 69.304588318
0.999838293 -0.013272911 -0.012131868 0.458241999 0.013483931 0.999756336 0.017480742 -1.998402834 0.011896891 -0.017641503 0.999773622 69.857849121
0.999841154 -0.013042057 -0.012151216 0.462129056 0.013252593 0.999760628 0.017409796 -2.006561279 0.011921247 -0.017568065 0.999774635 70.413108826
0.999838948 -0.013460331 -0.011870918 0.476390421 0.013666053 0.999754846 0.017422525 -2.012516022 0.011633494 -0.017581945 0.999777794 70.892158508
0.999831200 -0.013897550 -0.012015478 0.472596526 0.014113262 0.999737263 0.018058520 -2.022824049 0.011761352 -0.018225046 0.999764681 71.314659119
0.999829173 -0.014115720 -0.011931839 0.480766773 0.014325608 0.999740779 0.017691955 -2.031442404 0.011679013 -0.017859861 0.999772251 71.866874695
0.999833047 -0.013630213 -0.012164678 0.479356885 0.013842406 0.999750495 0.017533086 -2.037730694 0.011922663 -0.017698551 0.999772251 72.424980164
0.999813378 -0.014573196 -0.012680062 0.486334860 0.014794632 0.999736607 0.017548563 -2.032615185 0.012420982 -0.017732885 0.999765635 73.000030518
0.999816537 -0.014586586 -0.012415179 0.503845990 0.014813860 0.999720633 0.018415367 -2.053956509 0.012143096 -0.018595908 0.999753356 73.483154297
0.999807894 -0.015096332 -0.012498793 0.509366870 0.015324689 0.999713540 0.018380534 -2.059790373 0.012217736 -0.018568546 0.999752939 74.039566040
0.999781370 -0.016189255 -0.013234193 0.537684321 0.016424889 0.999704957 0.017894596 -2.049041986 0.012940590 -0.018108053 0.999752283 74.561271667
0.999785304 -0.015891800 -0.013297718 0.534220278 0.016134903 0.999700904 0.018378364 -2.070634365 0.013001678 -0.018588977 0.999742687 75.027702332
0.999797523 -0.015237764 -0.013142745 0.554715693 0.015481627 0.999706089 0.018657316 -2.088831425 0.012854584 -0.018857010 0.999739528 75.473724365
0.999790728 -0.015385041 -0.013480959 0.562102795 0.015635898 0.999702752 0.018704794 -2.094093323 0.013189177 -0.018911669 0.999734163 76.024696350
0.999768674 -0.016533088 -0.013752174 0.573563457 0.016779929 0.999696672 0.018031890 -2.091764927 0.013449878 -0.018258484 0.999742806 76.576652527
0.999787092 -0.015650846 -0.013445255 0.576506376 0.015903017 0.999695718 0.018857757 -2.121466160 0.013146026 -0.019067563 0.999731779 77.071723938
0.999773920 -0.015901053 -0.014109379 0.610340357 0.016162744 0.999695778 0.018631505 -2.133590698 0.013808825 -0.018855343 0.999726832 77.617172241
0.999790609 -0.015376447 -0.013500310 0.577069044 0.015631964 0.999696732 0.019029634 -2.123857737 0.013203608 -0.019236688 0.999727726 78.091094971
0.999788821 -0.015361971 -0.013647153 0.578843474 0.015615182 0.999704242 0.018645396 -2.124928951 0.013356688 -0.018854564 0.999732971 78.652290344
0.999768078 -0.016173044 -0.014225618 0.619569421 0.016434001 0.999695241 0.018422846 -2.136060476 0.013923329 -0.018652355 0.999729037 79.207054138
0.999805748 -0.015115123 -0.012646873 0.594077110 0.015350141 0.999707341 0.018697251 -2.124795437 0.012360561 -0.018887751 0.999745131 79.732238770
0.999854147 -0.013990380 -0.009790015 0.535134077 0.014173572 0.999720871 0.018900106 -2.124955177 0.009522864 -0.019036109 0.999773383 80.240470886
0.999859214 -0.014412487 -0.008581138 0.535643518 0.014572199 0.999716043 0.018849973 -2.130522728 0.008307026 -0.018972363 0.999785423 80.786315918
0.999868035 -0.014246318 -0.007798622 0.530137122 0.014395642 0.999707401 0.019438682 -2.132441044 0.007519409 -0.019548379 0.999780655 81.300102234
0.999872148 -0.014854103 -0.005922568 0.578977346 0.014964882 0.999705195 0.019121019 -2.153084755 0.005636796 -0.019207204 0.999799669 81.852684021
0.999894202 -0.014418557 -0.001918079 0.568594038 0.014453151 0.999706447 0.019445004 -2.143301725 0.001637147 -0.019470669 0.999809027 82.412651062
0.999908686 -0.013324162 0.002234212 0.582376480 0.013277294 0.999715388 0.019820830 -2.176782131 -0.002497672 -0.019789355 0.999801159 82.831855774
0.999893069 -0.013461205 0.005710960 0.627391458 0.013346032 0.999715924 0.019746993 -2.183743477 -0.005975157 -0.019668663 0.999788702 83.392127991
0.999839723 -0.012977513 0.012337796 0.629188955 0.012738437 0.999733329 0.019262522 -2.180836201 -0.012584485 -0.019102272 0.999738276 83.930213928
0.999753714 -0.013373100 0.017710425 0.679086924 0.013013447 0.999709845 0.020269444 -2.203496933 -0.017976355 -0.020033982 0.999637604 84.417076111
0.999630511 -0.014088437 0.023241356 0.692901373 0.013618450 0.999702036 0.020257886 -2.209393263 -0.023519833 -0.019933891 0.999524653 84.975646973
0.999386966 -0.014175179 0.032010026 0.687979460 0.013547566 0.999713302 0.019739281 -2.178716183 -0.032280657 -0.019293522 0.999292612 85.635490417
0.999110878 -0.014465930 0.039599046 0.809586287 0.013676584 0.999703765 0.020132303 -2.185339451 -0.039878543 -0.019572821 0.999012828 85.997459412
0.998792648 -0.013563537 0.047215018 0.779457331 0.012597281 0.999706328 0.020702746 -2.190978050 -0.047481954 -0.020082969 0.998670161 86.570999146
0.998305261 -0.012706334 0.056790374 0.828698158 0.011588730 0.999733567 0.019965658 -2.188805819 -0.057028934 -0.019273693 0.998186409 87.118782043
0.997685075 -0.013619649 0.066625945 0.887260914 0.012320717 0.999726713 0.019868135 -2.189580202 -0.066878334 -0.019001266 0.997580111 87.687744141
0.996985257 -0.013968436 0.076323986 0.923172951 0.012532124 0.999735892 0.019265285 -2.182535172 -0.076572940 -0.018250700 0.996896982 88.286735535
0.996443450 -0.014987192 0.082920134 0.990746498 0.013352106 0.999706030 0.020238345 -2.188640594 -0.083199076 -0.019059207 0.996350586 88.827316284
0.995541394 -0.015472476 0.093048126 1.073997498 0.013661080 0.999705136 0.020072905 -2.200404167 -0.093331277 -0.018712269 0.995459199 89.347297668
0.994413793 -0.015265216 0.104442112 1.089839935 0.013083228 0.999682248 0.021545172 -2.292643547 -0.104737818 -0.020058377 0.994297564 89.868003845
0.993350387 -0.014712226 0.114186540 1.163485527 0.012283067 0.999683619 0.021948148 -2.306805372 -0.114473306 -0.020399639 0.993216932 90.411003113
0.992007017 -0.014905462 0.125299320 1.254247665 0.012270550 0.999687672 0.021774517 -2.294845104 -0.125584736 -0.020062979 0.991880000 90.957748413
0.990437984 -0.014602597 0.137183279 1.341057777 0.011688125 0.999689102 0.022026673 -2.305734158 -0.137462258 -0.020212641 0.990300775 91.534805298
0.988950133 -0.015656259 0.147419453 1.453596115 0.012525321 0.999676347 0.022142757 -2.311784983 -0.147718415 -0.020051610 0.988826156 92.056800842
0.987253129 -0.013240286 0.158605620 1.521043777 0.009696085 0.999686182 0.023099052 -2.303201437 -0.158861652 -0.021266758 0.987071812 92.661659241
0.985101879 -0.012608099 0.171508849 1.622132301 0.008691727 0.999684513 0.023566609 -2.300865412 -0.171751857 -0.021724803 0.984900653 93.175071716
0.983064175 -0.016208813 0.182543561 1.763024330 0.012279795 0.999668419 0.022633569 -2.294035435 -0.182849899 -0.020008653 0.982937217 93.789611816
0.981077373 -0.016638886 0.192900196 1.893070221 0.012542296 0.999669552 0.022438692 -2.294944286 -0.193209797 -0.019594679 0.980961800 94.324447632
0.978290379 -0.016313421 0.206595361 2.025901794 0.011804788 0.999664843 0.023037532 -2.295394421 -0.206901953 -0.020098584 0.978155196 94.862838745
0.975235701 -0.015998682 0.220588475 2.156814575 0.011237993 0.999676406 0.022819921 -2.295051575 -0.220882222 -0.019775832 0.975099921 95.359741211
0.972734928 -0.017569086 0.231253460 2.315483093 0.012547127 0.999652803 0.023169216 -2.315199614 -0.231580213 -0.019635938 0.972617686 95.899482727
0.969517589 -0.014911979 0.244567484 2.477313995 0.009472543 0.999681234 0.023402249 -2.286774635 -0.244838461 -0.020372218 0.969349802 96.522285461
0.965748191 -0.015358215 0.259026289 2.639694214 0.009399382 0.999662280 0.024227630 -2.294831276 -0.259310931 -0.020963104 0.965566337 97.059783936
0.962385952 -0.015209742 0.271259874 2.812643051 0.009169651 0.999681294 0.023520445 -2.284098387 -0.271531105 -0.020148387 0.962218702 97.586883545
0.959223449 -0.016470339 0.282168388 3.003198624 0.010214929 0.999668777 0.023625901 -2.291783333 -0.282464027 -0.019780191 0.959074020 98.099082947
0.954898119 -0.016644582 0.296466768 3.204114914 0.009658775 0.999640405 0.025012754 -2.316595316 -0.296776474 -0.021021126 0.954715490 98.655624390
0.950269282 -0.015933951 0.311021566 3.392429352 0.008657950 0.999655902 0.024760609 -2.314060926 -0.311309099 -0.020836437 0.950080156 99.146690369
0.946622252 -0.017470120 0.321871251 3.595441818 0.010120723 0.999648809 0.024492661 -2.297860622 -0.322186112 -0.019927725 0.946466565 99.678161621
0.942367435 -0.017540770 0.334119439 3.798830032 0.009925358 0.999650836 0.024486184 -2.305111647 -0.334432364 -0.019758727 0.942212522 100.279060364
0.937259614 -0.018027881 0.348165810 4.018394470 0.009970794 0.999639690 0.024919631 -2.304267883 -0.348489702 -0.019884672 0.937101603 100.800651550
0.932635427 -0.019550895 0.360290051 4.247652054 0.011308592 0.999624252 0.024970878 -2.311890602 -0.360642791 -0.019214351 0.932506084 101.326179504
0.927598417 -0.017193213 0.373182982 4.461057663 0.008290369 0.999641776 0.025448423 -2.323347330 -0.373486876 -0.020512091 0.927408636 101.845664978
0.922824562 -0.020512054 0.384674013 4.732849121 0.011623913 0.999609411 0.025416864 -2.334884644 -0.385045111 -0.018983889 0.922702432 102.263099670
0.916884899 -0.019294815 0.398684919 4.948951721 0.009631398 0.999609649 0.026227221 -2.359047174 -0.399035305 -0.020207452 0.916712821 102.742256165
0.911835372 -0.017850572 0.410167813 5.218933105 0.007570792 0.999615550 0.026672978 -2.359877825 -0.410486192 -0.021216068 0.911619961 103.280921936
0.907346964 -0.021217996 0.419846803 5.542324066 0.010895140 0.999576867 0.026970182 -2.398407698 -0.420241386 -0.019897025 0.907194138 103.725517273
0.899773359 -0.018655417 0.435958534 5.670906067 0.007676906 0.999607861 0.026930600 -2.351377964 -0.436289966 -0.020884626 0.899563730 104.187255859
0.893225253 -0.017314207 0.449275762 5.974094391 0.006469071 0.999649644 0.025663095 -2.256816626 -0.449562758 -0.020016523 0.893024445 104.998901367
0.887527525 -0.017979050 0.460403860 6.243183136 0.007209030 0.999657929 0.025140302 -2.251382589 -0.460698426 -0.018993642 0.887353420 105.475677490
0.880299628 -0.017677128 0.474088609 6.521766663 0.006326243 0.999654055 0.025526928 -2.253573418 -0.474375904 -0.019472145 0.880106866 105.953887939
0.873783231 -0.018378131 0.485968232 6.831504822 0.006516817 0.999638498 0.026086481 -2.261288643 -0.486272007 -0.019626966 0.873587012 106.427261353
0.866978288 -0.016079668 0.498086482 7.113170624 0.003837496 0.999665022 0.025592463 -2.239447594 -0.498331219 -0.020276701 0.866749644 106.918159485
