1.000000000 0.000000000 0.000000000 0.000000000 0.000000000 1.000000000 0.000000000 0.000000000 0.000000000 0.000000000 1.000000000 0.000000000
1.000000000 0.000023221 -0.000003969 0.000431283 -0.000023221 1.000000000 0.000035727 -0.000737217 0.000003970 -0.000035727 1.000000000 -0.001668670
1.000000000 -0.000014422 -0.000011782 0.001187616 0.000014422 1.000000000 -0.000001534 -0.000380072 0.000011782 0.000001533 1.000000000 -0.001719112
1.000000000 -0.000100213 -0.000110990 0.001907039 0.000100215 1.000000000 0.000013085 -0.001136893 0.000110988 -0.000013096 1.000000000 -0.003872615
1.000000000 -0.000190845 -0.000139171 0.000444726 0.000190848 1.000000000 0.000018320 0.000225813 0.000139168 -0.000018346 1.000000000 -0.002836563
1.000000000 -0.000157254 -0.000037313 0.001048275 0.000157255 1.000000000 0.000042241 -0.000510303 0.000037307 -0.000042247 1.000000000 -0.000546464
1.000000000 -0.000162063 -0.000018590 0.000536192 0.000162064 1.000000000 0.000054123 -0.001264458 0.000018582 -0.000054126 1.000000000 -0.003273034
1.000000000 -0.000052095 -0.000064790 0.001073452 0.000052096 1.000000000 0.000025763 0.000023636 0.000064788 -0.000025766 1.000000000 -0.002946880
1.000000000 -0.000074727 0.000001916 0.000368693 0.000074727 1.000000000 0.000011304 0.000825555 -0.000001917 -0.000011304 1.000000000 -0.000012812
1.000000000 0.000034578 -0.000006116 -0.001266244 -0.000034578 1.000000000 -0.000017120 0.001596395 0.000006115 0.000017120 1.000000000 -0.000740010
1.000000000 -0.000082128 -0.000103196 0.000693751 0.000082133 1.000000000 0.000045979 -0.000687206 0.000103192 -0.000045988 1.000000000 -0.002880577
1.000000000 -0.000069036 -0.000031793 -0.000326298 0.000069034 1.000000000 -0.000060137 0.001193824 0.000031797 0.000060135 1.000000000 0.000343663
1.000000000 -0.000086555 -0.000021252 -0.001386627 0.000086555 1.000000000 0.000003986 0.001524139 0.000021251 -0.000003988 1.000000000 0.000174583
1.000000000 -0.000129483 -0.000044323 0.000548920 0.000129484 1.000000000 0.000025516 0.000170108 0.000044320 -0.000025522 1.000000000 -0.003406158
1.000000000 -0.000037421 -0.000049824 0.002322763 0.000037426 1.000000000 0.000085234 -0.000893557 0.000049821 -0.000085236 1.000000000 -0.002314602
1.000000000 -0.000102804 -0.000056933 0.002664314 0.000102810 1.000000000 0.000110469 -0.001165818 0.000056922 -0.000110475 1.000000000 -0.004159790
1.000000000 -0.000063107 -0.000069341 0.001784081 0.000063109 1.000000000 0.000021074 0.000619180 0.000069340 -0.000021079 1.000000000 -0.001416639
1.000000000 -0.000005981 -0.000075655 0.001826541 0.000005987 1.000000000 0.000079422 -0.000284684 0.000075654 -0.000079423 1.000000000 -0.002994754
1.000000000 -0.000145237 -0.000120817 0.002300553 0.000145241 1.000000000 0.000027533 -0.001049120 0.000120813 -0.000027550 1.000000000 -0.002095427
1.000000000 -0.000166558 -0.000096043 0.001610888 0.000166558 1.000000000 -0.000000929 0.000511009 0.000096044 0.000000913 1.000000000 0.000123751
1.000000000 -0.000192950 -0.000097994 0.001231019 0.000192957 1.000000000 0.000074724 -0.001223109 0.000097980 -0.000074743 1.000000000 -0.005822845
1.000000000 -0.000093257 -0.000087144 0.003965393 0.000093262 1.000000000 0.000053395 -0.000383877 0.000087139 -0.000053403 1.000000000 -0.002099426
1.000000000 -0.000082036 -0.000130250 0.002952126 0.000082045 1.000000000 0.000066427 -0.000975006 0.000130245 -0.000066438 1.000000000 -0.002622381
1.000000000 -0.000190151 -0.000114088 0.001566430 0.000190155 1.000000000 0.000042671 0.000063307 0.000114080 -0.000042692 1.000000000 -0.002732123
1.000000000 -0.000159891 -0.000135987 0.003626664 0.000159897 1.000000000 0.000038135 0.000093254 0.000135981 -0.000038156 1.000000000 -0.001631062
1.000000000 -0.000195380 -0.000103114 0.002390215 0.000195383 1.000000000 0.000036989 0.000346829 0.000103107 -0.000037009 1.000000000 -0.001092563
0.999999940 -0.000255606 -0.000154906 0.002292695 0.000255621 0.999999940 0.000100317 -0.000731034 0.000154880 -0.000100357 1.000000000 -0.005402167
0.999999940 -0.000351308 -0.000122915 0.002462131 0.000351316 0.999999940 0.000065721 -0.001330515 0.000122891 -0.000065764 1.000000000 -0.003819732
1.000000000 -0.000074867 -0.000110520 0.002128358 0.000074875 1.000000000 0.000068017 -0.000980751 0.000110515 -0.000068025 1.000000000 -0.003571967
0.999999940 -0.000212326 -0.000159803 0.003814830 0.000212347 0.999999940 0.000134102 -0.001717041 0.000159775 -0.000134136 1.000000000 -0.004493735
0.999999940 -0.000224413 -0.000152149 0.001635653 0.000224420 1.000000000 0.000048312 -0.000436949 0.000152138 -0.000048346 1.000000000 -0.002423695
0.999999940 -0.000268705 -0.000106681 0.001151273 0.000268714 0.999999940 0.000082211 -0.000166145 0.000106659 -0.000082240 1.000000000 -0.002791655
0.999999940 -0.000226219 -0.000145015 0.001925686 0.000226222 1.000000000 0.000023447 -0.000171961 0.000145010 -0.000023480 1.000000000 -0.002116768
1.000000000 -0.000191985 -0.000123097 0.001340723 0.000191989 1.000000000 0.000033748 -0.000087365 0.000123091 -0.000033772 1.000000000 -0.001122256
0.999999940 -0.000284958 -0.000125034 0.002035261 0.000284971 0.999999940 0.000107761 -0.001254105 0.000125003 -0.000107796 1.000000000 -0.005526436
0.999999940 -0.000203655 -0.000138135 0.003009960 0.000203656 1.000000000 0.000010024 -0.000705003 0.000138133 -0.000010052 1.000000000 -0.003741599
1.000000000 -0.000148630 -0.000143748 0.004105771 0.000148647 1.000000000 0.000118123 -0.001200051 0.000143730 -0.000118145 1.000000000 -0.005908262
0.999999940 -0.000287334 -0.000152312 0.001769158 0.000287346 0.999999940 0.000081565 -0.000631815 0.000152288 -0.000081609 1.000000000 -0.004136684
1.000000000 -0.000199468 -0.000128505 0.001542146 0.000199479 1.000000000 0.000089658 -0.000777285 0.000128487 -0.000089684 1.000000000 -0.002716084
1.000000000 -0.000146706 -0.000179976 0.003525599 0.000146709 1.000000000 0.000018223 -0.001207886 0.000179974 -0.000018249 1.000000000 -0.002037099
1.000000000 -0.000203769 -0.000086882 0.001817808 0.000203721 0.999999821 -0.000555259 -0.001182375 0.000086995 0.000555241 0.999999821 0.045957550
0.999999940 -0.000148591 -0.000221272 0.003879041 0.000148349 0.999999404 -0.001093218 -0.005209744 0.000221434 0.001093185 0.999999404 0.136815310
0.999999940 -0.000220240 -0.000109244 0.005330547 0.000220084 0.999998927 -0.001432259 -0.006854068 0.000109559 0.001432235 0.999998987 0.253261477
1.000000000 -0.000169441 -0.000093335 0.006757275 0.000169304 0.999998927 -0.001463225 -0.011532359 0.000093583 0.001463209 0.999998927 0.386899412
1.000000000 -0.000005701 -0.000099678 0.011107569 0.000005582 0.999999285 -0.001188439 -0.017345753 0.000099685 0.001188438 0.999999285 0.524226606
1.000000000 -0.000224068 0.000008975 0.015000477 0.000224077 0.999999464 -0.000984057 -0.023264939 -0.000008755 0.000984059 0.999999523 0.676007092
1.000000000 -0.000180155 -0.000089667 0.019971043 0.000180073 0.999999583 -0.000912354 -0.025370264 0.000089831 0.000912337 0.999999583 0.842754602
0.999999940 0.000210195 0.000182927 0.018932953 -0.000210049 0.999999642 -0.000797940 -0.024686299 -0.000183095 0.000797901 0.999999642 1.021034956
1.000000000 0.000057167 -0.000116376 0.027709428 -0.000057247 0.999999762 -0.000683922 -0.033096805 0.000116336 0.000683929 0.999999762 1.191113710
1.000000000 0.000145390 0.000066898 0.029270813 -0.000145359 0.999999881 -0.000462619 -0.040563934 -0.000066965 0.000462609 0.999999881 1.363270402
1.000000000 0.000325639 0.000006543 0.033167295 -0.000325636 0.999999881 -0.000456104 -0.044234000 -0.000006691 0.000456102 0.999999881 1.556887388
0.999999940 -0.000010570 0.000274843 0.033882022 0.000010647 0.999999940 -0.000280179 -0.052663349 -0.000274840 0.000280182 0.999999881 1.757597685
0.999999940 -0.000327919 0.000104405 0.041515250 0.000327926 0.999999940 -0.000068092 -0.058844961 -0.000104383 0.000068126 1.000000000 1.957294106
0.999999881 0.000263136 0.000468696 0.038477696 -0.000263107 1.000000000 -0.000062410 -0.067213908 -0.000468712 0.000062286 0.999999940 2.169740677
0.999999940 0.000134897 0.000368478 0.042369515 -0.000134948 1.000000000 0.000138512 -0.072980434 -0.000368459 -0.000138562 0.999999940 2.395556688
0.999999940 0.000218474 0.000441279 0.048016597 -0.000218488 1.000000000 0.000031229 -0.080458485 -0.000441272 -0.000031325 0.999999940 2.620114326
0.999999940 0.000116523 0.000335627 0.055853147 -0.000116557 1.000000000 0.000100375 -0.086630344 -0.000335616 -0.000100414 0.999999940 2.846277952
0.999999940 -0.000297196 0.000223752 0.061951067 0.000297149 0.999999940 0.000207100 -0.091071062 -0.000223813 -0.000207034 1.000000000 3.079843283
1.000000000 -0.000120938 0.000048566 0.067917660 0.000120932 1.000000000 0.000126958 -0.097323216 -0.000048581 -0.000126952 1.000000119 3.311743021
0.999999702 -0.000312931 0.000588854 0.067982264 0.000312678 0.999999881 0.000429029 -0.110475637 -0.000588988 -0.000428845 0.999999762 3.558437347
0.999999881 0.000032502 0.000509798 0.074697442 -0.000032808 0.999999881 0.000599810 -0.118077323 -0.000509778 -0.000599826 0.999999762 3.808362484
0.999999821 -0.000391039 0.000505674 0.079459175 0.000390667 0.999999702 0.000733989 -0.127335906 -0.000505961 -0.000733791 0.999999642 4.063018799
0.999999821 0.000000676 0.000624963 0.082516357 -0.000001415 0.999999285 0.001182194 -0.137270987 -0.000624961 -0.001182195 0.999999046 4.323300362
0.999999940 -0.000111113 0.000452304 0.090100221 0.000110584 0.999999225 0.001169605 -0.146039650 -0.000452434 -0.001169555 0.999999166 4.582288742
0.999999881 -0.000135608 0.000564467 0.097133853 0.000134808 0.999998987 0.001416920 -0.153204232 -0.000564658 -0.001416843 0.999998868 4.835083961
0.999999762 -0.000181958 0.000650870 0.098609835 0.000180941 0.999998748 0.001562027 -0.163017407 -0.000651154 -0.001561909 0.999998569 5.096052170
0.999999702 -0.000450773 0.000453081 0.106139451 0.000450074 0.999998629 0.001543427 -0.169067085 -0.000453776 -0.001543222 0.999998748 5.365397453
0.999999762 0.000045434 0.000615078 0.109049790 -0.000046428 0.999998748 0.001616972 -0.178581491 -0.000615004 -0.001617000 0.999998510 5.630523682
0.999999762 0.000178750 0.000675737 0.108743474 -0.000179838 0.999998689 0.001611567 -0.184606716 -0.000675448 -0.001611688 0.999998450 5.916851521
0.999999702 -0.000308820 0.000739522 0.116425730 0.000307500 0.999998331 0.001784403 -0.201033607 -0.000740072 -0.001784175 0.999998152 6.166204929
0.999999762 -0.000060763 0.000755901 0.124766916 0.000059286 0.999998033 0.001954044 -0.213199422 -0.000756018 -0.001953998 0.999997854 6.438797474
0.999999702 0.000242350 0.000842174 0.131246060 -0.000243994 0.999998033 0.001952666 -0.220159590 -0.000841699 -0.001952871 0.999997795 6.722503185
0.999999464 0.000104427 0.001016292 0.131958023 -0.000106377 0.999998152 0.001919036 -0.225930527 -0.001016090 -0.001919143 0.999997675 7.039393425
0.999999642 0.000044190 0.000813069 0.138501137 -0.000045716 0.999998212 0.001877525 -0.233044371 -0.000812984 -0.001877562 0.999997854 7.339551926
0.999999404 0.000133538 0.001061674 0.143271774 -0.000135634 0.999997973 0.001974141 -0.253071874 -0.001061408 -0.001974283 0.999997497 7.643091679
0.999999523 -0.000417861 0.000917700 0.150378600 0.000416008 0.999997914 0.002018653 -0.259205490 -0.000918541 -0.002018270 0.999997556 7.964452267
0.999999464 -0.000190612 0.001063693 0.159725204 0.000188364 0.999997735 0.002113385 -0.273539603 -0.001064094 -0.002113183 0.999997199 8.271468163
0.999999225 -0.000218456 0.001214709 0.160972536 0.000215645 0.999997318 0.002313692 -0.277612984 -0.001215211 -0.002313428 0.999996603 8.596354485
0.999998748 0.000274962 0.001577609 0.158767551 -0.000278551 0.999997377 0.002275123 -0.281751037 -0.001576979 -0.002275560 0.999996185 8.939274788
0.999998510 0.000180287 0.001692614 0.168323308 -0.000184359 0.999997079 0.002405795 -0.294642389 -0.001692176 -0.002406104 0.999995649 9.264134407
0.999998391 0.000909558 0.001633952 0.175278336 -0.000913688 0.999996364 0.002528251 -0.309161872 -0.001631647 -0.002529740 0.999995470 9.611871719
0.999998152 0.000990350 0.001685751 0.183318943 -0.000994812 0.999996006 0.002647776 -0.316375911 -0.001683122 -0.002649448 0.999995112 9.962313652
0.999998629 0.000382390 0.001628055 0.192902759 -0.000386686 0.999996364 0.002639290 -0.330002278 -0.001627040 -0.002639915 0.999995172 10.318013191
0.999998212 0.000745322 0.001741428 0.200671092 -0.000750169 0.999995828 0.002784351 -0.341271102 -0.001739345 -0.002785652 0.999994576 10.688968658
0.999998093 0.000658139 0.001858029 0.206360027 -0.000663545 0.999995530 0.002910652 -0.349869549 -0.001856105 -0.002911879 0.999994040 11.060976982
0.999997437 0.000925925 0.002067076 0.216318950 -0.000931897 0.999995410 0.002890204 -0.362228632 -0.002064390 -0.002892123 0.999993682 11.429267883
0.999996841 0.001108174 0.002253070 0.225102380 -0.001114674 0.999995232 0.002885566 -0.370911866 -0.002249862 -0.002888068 0.999993324 11.808392525
0.999997437 0.000884894 0.002082781 0.239358321 -0.000891027 0.999995291 0.002945749 -0.386157095 -0.002080165 -0.002947597 0.999993503 12.193459511
0.999996543 0.001218116 0.002320269 0.246564314 -0.001225094 0.999994755 0.003008228 -0.394977123 -0.002316593 -0.003011061 0.999992728 12.578882217
0.999997258 0.000930766 0.002152588 0.253812045 -0.000938159 0.999993682 0.003436024 -0.418993562 -0.002149376 -0.003438034 0.999991775 12.956548691
0.999996960 0.001199292 0.002173535 0.269965857 -0.001206958 0.999993145 0.003528917 -0.430149794 -0.002169288 -0.003531530 0.999991417 13.358937263
0.999995828 0.001275794 0.002586075 0.275023967 -0.001285264 0.999992549 0.003663714 -0.443251491 -0.002581381 -0.003667022 0.999989927 13.757950783
0.999994576 0.001727794 0.002811552 0.277939558 -0.001739120 0.999990404 0.004030898 -0.450922430 -0.002804560 -0.004035766 0.999987960 14.187765121
0.999995112 0.001222173 0.002877762 0.297039241 -0.001233784 0.999991119 0.004036128 -0.472584605 -0.002872803 -0.004039658 0.999987721 14.587189674
0.999995172 0.001063827 0.002913901 0.307131082 -0.001076740 0.999989629 0.004433751 -0.485713989 -0.002909153 -0.004436867 0.999985933 15.009595871
0.999994755 0.000783647 0.003142609 0.317602187 -0.000797173 0.999990404 0.004305022 -0.500952601 -0.003139206 -0.004307506 0.999985814 15.457203865
0.999991596 0.001250433 0.003901279 0.322064459 -0.001267656 0.999989450 0.004415288 -0.513400793 -0.003895716 -0.004420197 0.999982655 15.884158134
0.999990523 0.001375430 0.004119901 0.332670242 -0.001394196 0.999988675 0.004555691 -0.521583140 -0.004113587 -0.004561391 0.999981165 16.347303391
0.999990821 0.000973390 0.004200299 0.339917272 -0.000994052 0.999987423 0.004919958 -0.546841443 -0.004195456 -0.004924088 0.999979079 16.778020859
0.999989688 0.001207986 0.004367689 0.352150917 -0.001230686 0.999985754 0.005198385 -0.558189869 -0.004361347 -0.005203707 0.999976933 17.243810654
0.999990284 0.000719267 0.004339871 0.369959980 -0.000742867 0.999984920 0.005438798 -0.571383536 -0.004335894 -0.005441969 0.999975801 17.700929642
0.999989152 0.000456916 0.004626196 0.389615327 -0.000482567 0.999984503 0.005545039 -0.597029984 -0.004623591 -0.005547211 0.999973953 18.143487930
0.999985337 0.001198014 0.005273650 0.397183061 -0.001227396 0.999983668 0.005571687 -0.604952395 -0.005266890 -0.005578077 0.999970615 18.619331360
0.999987602 0.000837415 0.004912442 0.416776180 -0.000864151 0.999984860 0.005442906 -0.617091775 -0.004907810 -0.005447083 0.999973178 19.088907242
0.999987483 0.000526325 0.004959917 0.425975025 -0.000555546 0.999982476 0.005891794 -0.647758961 -0.004956728 -0.005894476 0.999970317 19.582292557
0.999987602 0.000689573 0.004927169 0.443477541 -0.000720102 0.999980509 0.006196909 -0.664478421 -0.004922800 -0.006200381 0.999968648 20.057928085
0.999989271 0.000075608 0.004633273 0.461650968 -0.000104606 0.999980390 0.006258686 -0.674362183 -0.004632710 -0.006259105 0.999969661 20.543979645
0.999991834 0.000093493 0.004018437 0.477344573 -0.000119677 0.999978721 0.006516267 -0.702868402 -0.004017742 -0.006516695 0.999970675 21.018688202
0.999992847 0.000457045 0.003735895 0.485607028 -0.000481681 0.999978125 0.006596152 -0.709676802 -0.003732799 -0.006597905 0.999971271 21.533271790
0.999995351 0.000251508 0.003035827 0.495018899 -0.000270973 0.999979377 0.006412908 -0.724251211 -0.003034152 -0.006413702 0.999974787 22.033250809
0.999995887 0.000107818 0.002858801 0.500067115 -0.000127479 0.999976277 0.006878016 -0.741173148 -0.002857992 -0.006878353 0.999972284 22.505712509
0.999997199 -0.000092097 0.002350502 0.512342453 0.000076471 0.999977946 0.006647110 -0.747324228 -0.002351063 -0.006646911 0.999975204 23.027887344
0.999997973 0.000273949 0.001988896 0.519246578 -0.000288009 0.999974906 0.007072471 -0.764116883 -0.001986908 -0.007073029 0.999972999 23.521903992
0.999998093 -0.000610242 0.001832784 0.525115371 0.000597137 0.999974310 0.007141948 -0.781707108 -0.001837095 -0.007140841 0.999972820 24.039325714
0.999999642 -0.000290345 0.000773164 0.539571166 0.000284912 0.999975264 0.007016739 -0.788786411 -0.000775183 -0.007016516 0.999975085 24.549835205
0.999999940 -0.000240148 0.000031038 0.554944158 0.000239906 0.999971211 0.007575795 -0.804606318 -0.000032857 -0.007575787 0.999971330 25.076025009
0.999999642 -0.000151643 -0.000771593 0.562529981 0.000157614 0.999969959 0.007744753 -0.813149631 0.000770395 -0.007744872 0.999969780 25.618242264
0.999999523 0.000345187 -0.000830909 0.569482684 -0.000339041 0.999972582 0.007386137 -0.825951934 0.000833436 -0.007385852 0.999972463 26.167186737
0.999998629 -0.000916118 -0.001364692 0.573948383 0.000927217 0.999966323 0.008154918 -0.841542184 0.001357175 -0.008156174 0.999965787 26.670946121
0.999997497 -0.000758481 -0.002101706 0.581424534 0.000775978 0.999964952 0.008336782 -0.859537840 0.002095309 -0.008338393 0.999963045 27.200101852
0.999997735 -0.000580088 -0.002038925 0.587243199 0.000597378 0.999963760 0.008489730 -0.871738076 0.002033926 -0.008490928 0.999961913 27.730617523
0.999996305 -0.000796837 -0.002591681 0.595764399 0.000819407 0.999961555 0.008719487 -0.884862900 0.002584634 -0.008721577 0.999958634 28.266876221
0.999995649 -0.000165557 -0.002951344 0.612308145 0.000190680 0.999963760 0.008514108 -0.900996327 0.002949828 -0.008514632 0.999959409 28.801595688
0.999992788 -0.000649465 -0.003762501 0.623215318 0.000681378 0.999963820 0.008486588 -0.911239684 0.003756853 -0.008489089 0.999956906 29.342948914
0.999992847 -0.000307690 -0.003774068 0.631585479 0.000342006 0.999958575 0.009095365 -0.928882360 0.003771112 -0.009096592 0.999951482 29.873836517
0.999993324 -0.000116841 -0.003670136 0.641055226 0.000150700 0.999957383 0.009226664 -0.942348719 0.003668902 -0.009227154 0.999950707 30.430097580
0.999991357 -0.000075598 -0.004151137 0.650130570 0.000113185 0.999958992 0.009055015 -0.952479601 0.004150282 -0.009055404 0.999950409 30.951646805
0.999991238 -0.000043579 -0.004178938 0.667874992 0.000080645 0.999960661 0.008869992 -0.966532826 0.004178387 -0.008870250 0.999951899 31.489036560
0.999990404 -0.000021519 -0.004378934 0.684181631 0.000060581 0.999960184 0.008920532 -0.985894918 0.004378568 -0.008920711 0.999950707 32.014518738
0.999986589 -0.000958970 -0.005083957 0.672527969 0.001006672 0.999955416 0.009388505 -0.993284225 0.005074727 -0.009393497 0.999943018 32.522708893
0.999984443 -0.001097824 -0.005461160 0.680706620 0.001151064 0.999951780 0.009755369 -1.010263443 0.005450186 -0.009761503 0.999937534 33.059394836
0.999981940 -0.001362989 -0.005848743 0.692308962 0.001420260 0.999950945 0.009799129 -1.018075705 0.005835101 -0.009807259 0.999934912 33.607105255
0.999981821 -0.001428295 -0.005848252 0.698825359 0.001487587 0.999947429 0.010146624 -1.028835297 0.005833453 -0.010155139 0.999931395 34.151996613
0.999983966 -0.001084732 -0.005557642 0.695461571 0.001139254 0.999951184 0.009816439 -1.047200441 0.005546722 -0.009822614 0.999936402 34.687973022
0.999986589 -0.000091324 -0.005183171 0.696807861 0.000140530 0.999954939 0.009493867 -1.054211855 0.005182070 -0.009494468 0.999941528 35.237159729
0.999984801 -0.000749303 -0.005460399 0.717142105 0.000802792 0.999951661 0.009800312 -1.070572138 0.005452792 -0.009804548 0.999937117 35.778556824
0.999983847 -0.000157448 -0.005686755 0.723253489 0.000213186 0.999951899 0.009801991 -1.086845160 0.005684939 -0.009803046 0.999935806 36.334888458
0.999980688 -0.000640073 -0.006182451 0.735921383 0.000702663 0.999948442 0.010126862 -1.106798172 0.006175651 -0.010131007 0.999929607 36.822872162
0.999970436 -0.001557676 -0.007534002 0.753263831 0.001631058 0.999951184 0.009743777 -1.119137287 0.007518457 -0.009755776 0.999924123 37.361717224
0.999966979 -0.001987722 -0.007893071 0.764786839 0.002065438 0.999949336 0.009850130 -1.130127430 0.007873092 -0.009866107 0.999920368 37.915702820
0.999965072 -0.002090933 -0.008087370 0.762792170 0.002170014 0.999949813 0.009781977 -1.142971754 0.008066511 -0.009799184 0.999919474 38.444286346
0.999978065 -0.000241215 -0.006613327 0.750394106 0.000306837 0.999950826 0.009923468 -1.152547121 0.006610608 -0.009925280 0.999928951 38.964775085
0.999976635 -0.001209946 -0.006722352 0.722982645 0.001285496 0.999935925 0.011245733 -1.191841125 0.006708314 -0.011254113 0.999914110 39.536830902
0.999974072 -0.001698231 -0.006995710 0.736530304 0.001779598 0.999930620 0.011641325 -1.207619309 0.006975456 -0.011653474 0.999907732 40.063480377
0.999972105 -0.001939476 -0.007214518 0.743683934 0.002024941 0.999927580 0.011857914 -1.219455004 0.007190997 -0.011872193 0.999903679 40.631187439
0.999973476 -0.001719351 -0.007086109 0.750489295 0.001803307 0.999927998 0.011858618 -1.222890854 0.007065209 -0.011871081 0.999904573 41.180458069
0.999975801 -0.000635016 -0.006934911 0.751944542 0.000712759 0.999936759 0.011213674 -1.234434724 0.006927352 -0.011218344 0.999913037 41.746578217
0.999973059 -0.001892304 -0.007112407 0.731309652 0.001976400 0.999927938 0.011835463 -1.256099343 0.007089500 -0.011849200 0.999904633 42.268253326
0.999971032 -0.002281148 -0.007270400 0.744915009 0.002367818 0.999925971 0.011934713 -1.266193151 0.007242637 -0.011951583 0.999902308 42.811931610
0.999970436 -0.002177269 -0.007375141 0.737097263 0.002266746 0.999923587 0.012145569 -1.281089067 0.007348135 -0.012161927 0.999899030 43.365051270
0.999970615 -0.002185661 -0.007345443 0.740057170 0.002274084 0.999924779 0.012051058 -1.290193677 0.007318551 -0.012067411 0.999900341 43.908370972
0.999970615 -0.001806043 -0.007448929 0.744732618 0.001894068 0.999928176 0.011827094 -1.296707869 0.007427035 -0.011840855 0.999902308 44.453861237
0.999972284 -0.001613997 -0.007266224 0.748357534 0.001698839 0.999930203 0.011685153 -1.306355238 0.007246858 -0.011697174 0.999905348 45.008602142
0.999965966 -0.002617899 -0.007824935 0.766638994 0.002710879 0.999925554 0.011895649 -1.312974334 0.007793209 -0.011916456 0.999898612 45.549472809
0.999964952 -0.002335493 -0.008037135 0.777560234 0.002431042 0.999926150 0.011899269 -1.325194836 0.008008753 -0.011918391 0.999896884 46.061927795
0.999962211 -0.002948750 -0.008177417 0.773516536 0.003046741 0.999923408 0.011996606 -1.331253409 0.008141416 -0.012021066 0.999894619 46.668437958
0.999965310 -0.002706041 -0.007874947 0.773426414 0.002805918 0.999915361 0.012699630 -1.359749556 0.007839916 -0.012721286 0.999888301 47.170608521
0.999966562 -0.002213143 -0.007880712 0.810327172 0.002306355 0.999927223 0.011838495 -1.354487419 0.007853938 -0.011856273 0.999898851 47.696544647
0.999966741 -0.002774784 -0.007673061 0.783755898 0.002871615 0.999916017 0.012637477 -1.375921249 0.007637351 -0.012659092 0.999890685 48.219211578
0.999964595 -0.002924072 -0.007903169 0.798502803 0.003026669 0.999911010 0.013001090 -1.391090512 0.007864449 -0.013024550 0.999884248 48.759914398
0.999969244 -0.002074924 -0.007556108 0.790511131 0.002170450 0.999917567 0.012656061 -1.392185807 0.007529226 -0.012672069 0.999891341 49.307006836
0.999970138 -0.002226310 -0.007393871 0.811379433 0.002322009 0.999913335 0.012959754 -1.403504133 0.007364378 -0.012976537 0.999888659 49.860954285
0.999962866 -0.002913104 -0.008112299 0.809630752 0.003017089 0.999913096 0.012835667 -1.414530873 0.008074203 -0.012859667 0.999884725 50.383617401
0.999965847 -0.002313965 -0.007934998 0.809533477 0.002416700 0.999913037 0.012961978 -1.422850609 0.007904314 -0.012980711 0.999884486 50.935009003
0.999967575 -0.002384560 -0.007694771 0.809365153 0.002484764 0.999911845 0.013039120 -1.430423141 0.007663002 -0.013057817 0.999885321 51.492301941
0.999971807 -0.001638935 -0.007328206 0.819044471 0.001733795 0.999914527 0.012956996 -1.441923976 0.007306343 -0.012969336 0.999889195 52.022598267
0.999971151 -0.001757169 -0.007387794 0.825707912 0.001853547 0.999913037 0.013058944 -1.446085691 0.007364204 -0.013072261 0.999887407 52.557918549
0.999970257 -0.001821241 -0.007490271 0.836437464 0.001916567 0.999917090 0.012739117 -1.452366829 0.007466449 -0.012753095 0.999890745 53.113159180
0.999973416 -0.001189226 -0.007190893 0.845772743 0.001281515 0.999916673 0.012843197 -1.464949846 0.007175021 -0.012852073 0.999891579 53.646259308
0.999972522 -0.001122353 -0.007327753 0.853381276 0.001218737 0.999912679 0.013162155 -1.475211143 0.007312341 -0.013170724 0.999886453 54.211048126
0.999973893 -0.001155421 -0.007133292 0.849237144 0.001248343 0.999914229 0.013035839 -1.480707407 0.007117618 -0.013044406 0.999889612 54.733673096
0.999973476 -0.001122480 -0.007198646 0.858507752 0.001215965 0.999914825 0.012995243 -1.485589981 0.007183447 -0.013003651 0.999889612 55.274215698
0.999974012 -0.001010236 -0.007136319 0.866286993 0.001103161 0.999914527 0.013029561 -1.490278721 0.007122545 -0.013037097 0.999889672 55.823810577
0.999973953 -0.000995760 -0.007151230 0.874388218 0.001088549 0.999915183 0.012983129 -1.501562834 0.007137694 -0.012990575 0.999890089 56.374294281
0.999970794 -0.001609904 -0.007468373 0.894622445 0.001707641 0.999912739 0.013098889 -1.511438370 0.007446633 -0.013111260 0.999886334 56.896305084
0.999969184 -0.001511029 -0.007702264 0.919942200 0.001604220 0.999925435 0.012107423 -1.476217747 0.007683394 -0.012119406 0.999897003 57.534740448
0.999974847 -0.000981664 -0.007016493 0.900979340 0.001071957 0.999916434 0.012876552 -1.523101807 0.007003268 -0.012883751 0.999892473 57.962558746
0.999977648 -0.000357353 -0.006665769 0.905138493 0.000445237 0.999912918 0.013187665 -1.533437014 0.006660476 -0.013190339 0.999890804 58.512508392
0.999975741 -0.000612987 -0.006927348 0.916925848 0.000701487 0.999918103 0.012780250 -1.542299986 0.006918947 -0.012784800 0.999894261 59.025527954
0.999978244 -0.000351209 -0.006580250 0.933769345 0.000437546 0.999913752 0.013123701 -1.546376109 0.006575074 -0.013126297 0.999892175 59.596408844
0.999978423 -0.000308786 -0.006555817 0.935380876 0.000397130 0.999909043 0.013478618 -1.570759058 0.006551058 -0.013480932 0.999887586 60.096603394
0.999975383 -0.000291655 -0.007005983 0.947074831 0.000380973 0.999918580 0.012750938 -1.563708544 0.007001693 -0.012753292 0.999894142 60.580829620
0.999977589 0.001099766 -0.006605159 0.951662183 -0.001015284 0.999917805 0.012780087 -1.573389888 0.006618669 -0.012773096 0.999896467 61.199707031
0.999975383 0.000879446 -0.006962469 0.965648532 -0.000793732 0.999924004 0.012304026 -1.583354473 0.006972760 -0.012298197 0.999899983 61.739139557
0.999976814 0.001014469 -0.006745320 0.975543618 -0.000931976 0.999924898 0.012221485 -1.593258858 0.006757212 -0.012214914 0.999902546 62.284870148
0.999976277 0.001444696 -0.006741398 0.994270444 -0.001360662 0.999921501 0.012453288 -1.602284431 0.006758859 -0.012443818 0.999899745 62.800552368
0.999978244 0.001704062 -0.006374193 0.990105271 -0.001622387 0.999916732 0.012796693 -1.615762472 0.006395468 -0.012786073 0.999897778 63.350246429
0.999980807 0.002355341 -0.005729339 0.970028996 -0.002281363 0.999914348 0.012884545 -1.634880185 0.005759195 -0.012871227 0.999900579 63.967121124
0.999979556 0.000607754 -0.006351563 0.963234067 -0.000522934 0.999910772 0.013347347 -1.616545200 0.006359108 -0.013343751 0.999890745 64.400726318
0.999975443 0.002595897 -0.006508340 1.040882945 -0.002514436 0.999918699 0.012493495 -1.625309229 0.006540243 -0.012476824 0.999900758 65.139289856
0.999979854 0.000763879 -0.006301185 0.983029068 -0.000679710 0.999910653 0.013349048 -1.618508339 0.006310820 -0.013344495 0.999890983 65.573181152
0.999978483 0.000280778 -0.006548801 0.990725040 -0.000193620 0.999911427 0.013305756 -1.625481486 0.006551958 -0.013304201 0.999890029 66.125839233
0.999980330 0.000965650 -0.006192389 1.001932979 -0.000882208 0.999908924 0.013463521 -1.634030938 0.006204827 -0.013457793 0.999890149 66.673263550
0.999979019 0.000325493 -0.006473356 1.017494917 -0.000238229 0.999909103 0.013476681 -1.645621181 0.006477155 -0.013474854 0.999888241 67.209945679
0.999978721 0.000728485 -0.006469110 1.009870291 -0.000646376 0.999919295 0.012685466 -1.619412661 0.006477830 -0.012681015 0.999898553 67.703445435
0.999980748 0.001048933 -0.006113662 0.991054893 -0.000969715 0.999915719 0.012946008 -1.637612343 0.006126727 -0.012939829 0.999897480 68.277000427
0.999979317 0.000785730 -0.006389305 1.001182556 -0.000702724 0.999915481 0.012983321 -1.644758463 0.006398966 -0.012978562 0.999895334 68.826423645
0.999980330 0.001322302 -0.006122841 1.015351057 -0.001242735 0.999915004 0.012980694 -1.657143354 0.006139485 -0.012972830 0.999897003 69.358535767
0.999980092 0.001328927 -0.006164823 1.016645074 -0.001251899 0.999921262 0.012481842 -1.634324551 0.006180926 -0.012473876 0.999903083 70.081481934
0.999981403 0.001047735 -0.006006306 1.020715237 -0.000971854 0.999919772 0.012622605 -1.640084028 0.006019051 -0.012616532 0.999902248 70.449195862
0.999981284 0.001256106 -0.005992218 1.038308382 -0.001181547 0.999922097 0.012430030 -1.655181170 0.006007365 -0.012422718 0.999904811 71.157661438
0.999979854 0.001335572 -0.006203094 1.038983583 -0.001251083 0.999906600 0.013604484 -1.752581835 0.006220685 -0.013596450 0.999888241 71.364395142
0.999974549 0.000435578 -0.007122012 1.072782516 -0.000347127 0.999922872 0.012415949 -1.680257559 0.007126870 -0.012413161 0.999897540 72.243705750
0.999979973 0.002068296 -0.005984569 1.047613144 -0.001989399 0.999911368 0.013159487 -1.767104626 0.006011256 -0.013147316 0.999895513 72.471466064
0.999981344 0.001092085 -0.006006027 1.050252557 -0.001011499 0.999909580 0.013404318 -1.768103600 0.006020124 -0.013397994 0.999892056 72.981910706
0.999978483 0.000615737 -0.006530771 1.080724120 -0.000529931 0.999913573 0.013132291 -1.777501225 0.006538294 -0.013128549 0.999892473 73.546813965
0.999981821 0.001061563 -0.005939330 1.058856010 -0.000977710 0.999900043 0.014103532 -1.819902182 0.005953709 -0.014097469 0.999882817 73.950561523
0.999982953 0.001304167 -0.005697246 1.062528849 -0.001224638 0.999902070 0.013940357 -1.829148293 0.005714869 -0.013933141 0.999886572 74.503982544
0.999980748 0.000641557 -0.006157128 1.081789494 -0.000553718 0.999898195 0.014257257 -1.842480540 0.006165649 -0.014253574 0.999879360 75.024383545
0.999981403 0.000823569 -0.006043531 1.096970558 -0.000738276 0.999900281 0.014101743 -1.845250964 0.006054543 -0.014097018 0.999882221 75.567749023
0.999980748 0.000893243 -0.006147892 1.092786431 -0.000810697 0.999909699 0.013416059 -1.843395829 0.006159321 -0.013410816 0.999891102 76.137573242
0.999982536 0.001196074 -0.005782449 1.115646124 -0.001113794 0.999898314 0.014211664 -1.866966963 0.005798859 -0.014204976 0.999882221 76.643676758
0.999977887 0.000337748 -0.006645754 1.142974138 -0.000242665 0.999897599 0.014302980 -1.890162230 0.006649904 -0.014301051 0.999875605 77.227302551
0.999983549 0.000456166 -0.005718902 1.135323524 -0.000375703 0.999901116 0.014062914 -1.871762514 0.005724750 -0.014060535 0.999884725 77.775672913
0.999981284 0.000704605 -0.006080597 1.158708930 -0.000617414 0.999897063 0.014329202 -1.897878647 0.006090070 -0.014325179 0.999878824 78.328315735
0.999981046 0.000738307 -0.006108162 1.166477680 -0.000651071 0.999897897 0.014271586 -1.910441279 0.006118076 -0.014267342 0.999879479 78.855651855
0.999980927 0.000584677 -0.006140366 1.174247622 -0.000496060 0.999895811 0.014423551 -1.923178077 0.006148161 -0.014420231 0.999877036 79.402015686
0.999982774 0.000378902 -0.005857471 1.188481808 -0.000295054 0.999897599 0.014308862 -1.926765084 0.005862294 -0.014306889 0.999880433 79.967987061
0.999989688 0.000487943 -0.004541132 1.195069551 -0.000425004 0.999903977 0.013850387 -1.934955955 0.004547456 -0.013848316 0.999893785 80.511665344
0.999993443 -0.000108671 -0.003625949 1.212205768 0.000158441 0.999905765 0.013728726 -1.942486525 0.003624115 -0.013729210 0.999899209 81.063652039
0.999998271 0.000182359 -0.001907552 1.227609396 -0.000155729 0.999902606 0.013950917 -1.951248407 0.001909910 -0.013950594 0.999900877 81.599731445
0.999998510 0.000358816 0.001665898 1.241803527 -0.000382093 0.999902010 0.013993128 -1.963099122 -0.001660714 -0.013993745 0.999900699 82.141799927
0.999985397 -0.000426490 0.005395158 1.261374593 0.000350599 0.999901175 0.014059684 -1.970555186 -0.005400620 -0.014057587 0.999886572 82.683380127
0.999965489 -0.000185222 0.008308848 1.287509203 0.000069915 0.999903738 0.013875809 -1.979028106 -0.008310618 -0.013874751 0.999869227 83.262069702
0.999913514 0.000156018 0.013149084 1.309561491 -0.000341421 0.999900520 0.014098989 -1.980419278 -0.013145576 -0.014102261 0.999814093 83.778518677
0.999819696 0.000014367 0.018989915 1.347358942 -0.000280582 0.999901712 0.014016150 -1.999504328 -0.018987847 -0.014018951 0.999721408 84.356216431
0.999708116 -0.000591773 0.024152940 1.380861759 0.000258743 0.999904931 0.013789181 -2.006857395 -0.024158806 -0.013778906 0.999613106 84.898254395
0.999548078 -0.000610870 0.030058201 1.413011312 0.000194537 0.999904037 0.013851869 -2.010955572 -0.030063782 -0.013839760 0.999452174 85.458381653
0.999277234 -0.000249346 0.038011555 1.457328439 -0.000287652 0.999900222 0.014121087 -2.021802425 -0.038011279 -0.014121814 0.999177516 86.029060364
0.998955011 -0.001093910 0.045691408 1.502914667 0.000465125 0.999905109 0.013769939 -2.027645588 -0.045702141 -0.013734300 0.998860657 86.593246460
0.998619616 -0.001175380 0.052511826 1.549476862 0.000432523 0.999899685 0.014155596 -2.036228657 -0.052523207 -0.014113341 0.998519957 87.134704590
0.998121619 -0.001562783 0.061243940 1.602190495 0.000737994 0.999908745 0.013487594 -2.038427591 -0.061259419 -0.013417062 0.998031616 87.687576294
0.997430027 -0.000942791 0.071641393 1.660618305 -0.000033570 0.999907136 0.013626019 -2.046184063 -0.071647599 -0.013593405 0.997337341 88.243492126
0.996798277 -0.001826484 0.079935811 1.728741646 0.000735004 0.999906123 0.013681746 -2.055347204 -0.079953305 -0.013579189 0.996706128 88.789932251
0.996113122 -0.001760720 0.088065654 1.801345825 0.000572133 0.999908566 0.013520028 -2.060996532 -0.088081397 -0.013417093 0.996022940 89.348800659
0.995134056 -0.001889613 0.098512143 1.876950741 0.000524887 0.999903560 0.013877462 -2.070527315 -0.098528855 -0.013758226 0.995039165 89.892837524
0.994047761 -0.002057159 0.108925089 1.964529514 0.000589178 0.999908626 0.013507443 -2.075386524 -0.108942904 -0.013362869 0.993958175 90.456680298
0.993002772 -0.002711306 0.118059978 2.055844307 0.001158110 0.999911904 0.013222607 -2.083867073 -0.118085422 -0.012993360 0.992918372 91.008193970
0.991616309 -0.002580822 0.129190773 2.146018982 0.000907590 0.999915004 0.013008839 -2.090397596 -0.129213378 -0.012782525 0.991534472 91.551544189
0.989992738 -0.002374893 0.141097873 2.244890213 0.000462015 0.999907553 0.013588312 -2.099880219 -0.141117111 -0.013387142 0.989902377 92.084953308
0.988402367 -0.002870810 0.151830137 2.354116440 0.000868289 0.999911726 0.013253878 -2.105170250 -0.151854813 -0.012968332 0.988317728 92.646774292
0.986763477 -0.003904474 0.162118793 2.470949173 0.001795701 0.999911845 0.013152067 -2.112395287 -0.162155867 -0.012686862 0.986683607 93.184440613
0.984572649 -0.004107373 0.174928144 2.592943192 0.001853341 0.999913096 0.013046890 -2.119425774 -0.174966544 -0.012521410 0.984494746 93.723731995
0.982342303 -0.004662434 0.187033996 2.720355034 0.002211564 0.999908924 0.013310399 -2.130646229 -0.187079012 -0.012661731 0.982263267 94.267784119
0.980358958 -0.004933369 0.197159365 2.854524612 0.002341817 0.999907792 0.013375432 -2.138218164 -0.197207123 -0.012651016 0.980280221 94.810417175
0.977584541 -0.005069933 0.210482031 2.994903564 0.002266659 0.999905527 0.013557468 -2.147459507 -0.210530832 -0.012776482 0.977503717 95.363609314
0.974667728 -0.005435841 0.223591834 3.148412704 0.002542318 0.999909282 0.013226925 -2.155580997 -0.223643422 -0.012323416 0.974593103 95.896980286
0.971962869 -0.005997295 0.235057965 3.303920746 0.002899109 0.999904275 0.013523877 -2.166321516 -0.235116586 -0.012463246 0.971887290 96.443260193
0.968929589 -0.005704714 0.247270927 3.462980270 0.002422007 0.999904871 0.013577893 -2.174211502 -0.247324869 -0.012557130 0.968851268 96.990768433
0.965134561 -0.005220531 0.261702418 3.624603271 0.001730577 0.999906480 0.013564277 -2.181159973 -0.261748791 -0.012638455 0.965053320 97.526847839
0.961870253 -0.006473676 0.273429513 3.815557480 0.002818638 0.999901474 0.013758111 -2.188238621 -0.273491621 -0.012462821 0.961793661 98.070854187
0.958456993 -0.006354676 0.285166204 3.995418549 0.002496326 0.999900401 0.013891625 -2.193370342 -0.285226077 -0.012602656 0.958377421 98.610809326
0.954424977 -0.007191144 0.298364550 4.190258026 0.003245563 0.999900699 0.013717393 -2.198642731 -0.298433512 -0.012123860 0.954353392 99.130477905
0.949729323 -0.006656239 0.313001394 4.390233994 0.002445874 0.999901175 0.013842314 -2.208382607 -0.313062698 -0.012380889 0.949651718 99.671043396
0.946034431 -0.007483387 0.323979497 4.592882156 0.003099843 0.999896526 0.014044261 -2.215540409 -0.324051172 -0.012282069 0.945959866 100.174827576
0.941729844 -0.007984839 0.336275399 4.808691025 0.003457080 0.999895155 0.014061009 -2.224953651 -0.336352348 -0.012079137 0.941658735 100.686698914
0.936582625 -0.008165088 0.350351751 5.022701263 0.003404206 0.999893308 0.014202568 -2.230618000 -0.350430369 -0.012109206 0.936510503 101.206634521
0.931958735 -0.008774899 0.362457931 5.257339478 0.003967609 0.999894023 0.014005269 -2.235453129 -0.362542391 -0.011614243 0.931894898 101.729522705
0.927709579 -0.009067961 0.373192519 5.483293533 0.004041435 0.999890327 0.014249183 -2.245528698 -0.373280793 -0.011710873 0.927644491 102.235466003
0.922310352 -0.009303749 0.386338115 5.720384598 0.004124225 0.999890208 0.014233422 -2.251549721 -0.386428058 -0.011534288 0.922247410 102.730995178
0.916703999 -0.009774024 0.399447381 5.962352753 0.004526118 0.999890625 0.014079063 -2.254928589 -0.399541289 -0.011098388 0.916648030 103.230865479
0.911981881 -0.010667442 0.410091668 6.213916779 0.005496538 0.999889910 0.013786001 -2.261995792 -0.410193533 -0.010318499 0.911940157 103.717857361
0.905316889 -0.010378043 0.424609840 6.481925964 0.004738087 0.999885917 0.014336427 -2.270231724 -0.424710244 -0.010967174 0.905262887 104.243919373
0.898428380 -0.010416576 0.438996345 6.736690521 0.004476948 0.999883950 0.014563102 -2.283594608 -0.439097106 -0.011118540 0.898370802 104.710159302
0.892569363 -0.011650665 0.450759798 7.027580261 0.005699092 0.999877751 0.014558544 -2.287493706 -0.450874388 -0.010425589 0.892526567 105.221298218
0.886945546 -0.012112722 0.461715162 7.306320190 0.006002326 0.999873877 0.014700531 -2.290169716 -0.461835057 -0.010267207 0.886906326 105.720603943
0.879786909 -0.012565887 0.475202113 7.598499298 0.006467048 0.999874353 0.014466863 -2.295769691 -0.475324273 -0.009654602 0.879757702 106.208961487
0.872872710 -0.012954126 0.487775922 7.888591766 0.006607095 0.999869585 0.014730711 -2.303021431 -0.487903148 -0.009635253 0.872844577 106.672927856
