1.000000000 0.000000000 0.000000000 0.000000000 0.000000000 1.000000000 0.000000000 0.000000000 0.000000000 0.000000000 1.000000000 0.000000000
1.000000000 0.000055299 -0.000056175 0.000137406 -0.000055304 1.000000000 -0.000089647 0.000285716 0.000056170 0.000089650 1.000000000 -0.000868209
1.000000000 0.000072372 -0.000037082 0.000563621 -0.000072371 1.000000000 0.000019046 -0.000364165 0.000037083 -0.000019043 1.000000000 -0.001494156
1.000000000 -0.000008355 -0.000084931 0.000742700 0.000008358 1.000000000 0.000033119 -0.000297831 0.000084931 -0.000033120 1.000000000 -0.002635057
1.000000000 0.000078915 -0.000001154 -0.000057453 -0.000078915 1.000000000 -0.000075348 0.000938801 0.000001148 0.000075348 1.000000000 0.000996181
1.000000000 0.000086514 -0.000007735 0.000947950 -0.000086515 1.000000000 -0.000061980 0.000341847 0.000007730 0.000061981 1.000000000 -0.000368371
1.000000000 0.000113083 0.000034897 0.000265145 -0.000113080 1.000000000 -0.000080318 0.000265480 -0.000034906 0.000080315 1.000000000 -0.001035703
1.000000000 -0.000177631 -0.000009012 0.001077775 0.000177631 1.000000000 -0.000049148 0.000285802 0.000009021 0.000049146 1.000000000 -0.000769606
1.000000000 -0.000068858 0.000031261 0.000382041 0.000068862 1.000000000 -0.000134580 0.001871183 -0.000031252 0.000134583 1.000000000 0.001552677
1.000000000 0.000057587 -0.000054818 0.001332055 -0.000057586 1.000000000 0.000027740 -0.000123695 0.000054820 -0.000027737 1.000000000 -0.000011390
1.000000000 0.000043363 -0.000067334 0.001669777 -0.000043370 1.000000000 -0.000105144 0.001272345 0.000067329 0.000105147 1.000000000 -0.000224198
1.000000000 0.000045666 0.000008983 0.000146540 -0.000045666 1.000000000 0.000020168 0.000206326 -0.000008982 -0.000020168 1.000000000 0.000235787
1.000000000 -0.000114674 -0.000139636 0.001733563 0.000114692 1.000000000 0.000131972 -0.000721742 0.000139621 -0.000131988 1.000000000 -0.000836810
1.000000000 -0.000115180 -0.000139327 0.001582640 0.000115191 1.000000000 0.000076265 -0.000778955 0.000139318 -0.000076281 1.000000000 -0.001095289
1.000000000 -0.000149488 -0.000107092 0.000746991 0.000149499 1.000000000 0.000097343 -0.000891506 0.000107078 -0.000097359 1.000000000 -0.000921806
1.000000000 0.000154152 0.000090458 0.000604047 -0.000154155 1.000000000 0.000033183 0.000347021 -0.000090452 -0.000033197 1.000000000 0.000732721
1.000000000 -0.000029070 -0.000129889 0.000932670 0.000029064 1.000000000 -0.000042177 0.000673347 0.000129890 0.000042173 1.000000000 0.000451012
1.000000000 -0.000028916 -0.000061821 0.001181832 0.000028913 1.000000000 -0.000057727 0.000860593 0.000061823 0.000057725 1.000000000 0.000213194
1.000000000 0.000023315 0.000120725 -0.000175825 -0.000023316 1.000000000 0.000009310 0.000397238 -0.000120725 -0.000009313 1.000000000 0.000622201
1.000000000 0.000165971 0.000108811 0.000081422 -0.000165965 1.000000000 -0.000051463 0.000328517 -0.000108820 0.000051445 1.000000000 -0.000166496
1.000000000 0.000019822 -0.000045250 0.000477697 -0.000019816 1.000000000 0.000129584 -0.000211941 0.000045253 -0.000129583 1.000000000 0.000562256
1.000000000 -0.000218564 0.000045187 0.001416699 0.000218560 1.000000000 0.000104612 -0.000692042 -0.000045210 -0.000104602 1.000000000 -0.000269010
1.000000000 -0.000078438 0.000063823 0.000047524 0.000078435 1.000000000 0.000048531 0.000473953 -0.000063827 -0.000048526 1.000000000 -0.000893549
1.000000000 0.000055823 0.000027470 0.000924891 -0.000055826 1.000000000 0.000097096 0.000359276 -0.000027464 -0.000097098 1.000000000 -0.000036777
1.000000000 -0.000046899 -0.000009979 0.001415378 0.000046898 1.000000000 -0.000088362 0.000108980 0.000009983 0.000088362 1.000000000 -0.002411807
1.000000000 -0.000047774 -0.000081473 0.001111908 0.000047760 1.000000000 -0.000165762 0.001089716 0.000081481 0.000165758 1.000000000 -0.000352671
1.000000000 0.000133774 0.000079370 -0.000890722 -0.000133766 1.000000000 -0.000099636 0.001090949 -0.000079383 0.000099626 1.000000000 0.001084088
1.000000000 -0.000101297 0.000043418 -0.000577994 0.000101298 1.000000000 -0.000027154 0.001354850 -0.000043415 0.000027159 1.000000000 0.001282057
1.000000000 0.000158358 0.000082093 -0.000041574 -0.000158354 1.000000000 -0.000048068 0.001397259 -0.000082101 0.000048055 1.000000000 0.000615691
1.000000000 0.000087267 0.000127453 0.000174241 -0.000087273 1.000000000 0.000049681 -0.000183058 -0.000127449 -0.000049693 1.000000000 -0.001872384
1.000000000 0.000141256 0.000137626 -0.000240468 -0.000141267 1.000000000 0.000082805 -0.000458458 -0.000137614 -0.000082824 1.000000000 -0.000889902
1.000000000 -0.000009084 0.000085709 0.000887284 0.000009084 1.000000000 -0.000000673 0.000239356 -0.000085709 0.000000674 1.000000000 -0.000307761
1.000000000 0.000007500 0.000102351 0.000027485 -0.000007499 1.000000000 -0.000016378 0.000844214 -0.000102351 0.000016377 1.000000000 0.000921057
1.000000000 0.000200416 0.000097672 0.000351150 -0.000200421 1.000000000 0.000053929 0.000119500 -0.000097661 -0.000053949 1.000000000 -0.000803330
1.000000000 0.000083246 -0.000015895 0.000925327 -0.000083247 1.000000000 -0.000095689 0.001294249 0.000015887 0.000095690 1.000000000 -0.001230850
1.000000000 -0.000096548 0.000038298 -0.000298122 0.000096553 1.000000000 -0.000129427 0.002497877 -0.000038285 0.000129430 1.000000000 0.002842816
1.000000000 0.000098273 0.000043517 0.000373974 -0.000098277 1.000000000 0.000079786 0.000394793 -0.000043509 -0.000079791 1.000000000 -0.000748107
1.000000000 -0.000100325 -0.000049507 0.001111338 0.000100329 1.000000000 0.000078272 0.000365736 0.000049499 -0.000078277 1.000000000 -0.000068599
0.999999940 0.000046123 0.000275960 -0.000746807 -0.000046113 1.000000000 -0.000034641 0.001158597 -0.000275961 0.000034629 0.999999940 0.002530354
0.999999881 -0.000419270 0.000112730 0.001567057 0.000419350 0.999999642 -0.000708560 -0.001521104 -0.000112433 0.000708607 0.999999762 0.049778011
1.000000000 0.000094146 0.000200347 0.000481122 -0.000093910 0.999999285 -0.001176218 -0.005830226 -0.000200458 0.001176199 0.999999285 0.131408751
0.999999940 0.000340948 -0.000087465 0.005229349 -0.000341076 0.999998868 -0.001469057 -0.006338160 0.000086964 0.001469087 0.999998927 0.250898391
0.999999940 0.000273099 0.000033984 0.006666753 -0.000273062 0.999999404 -0.001082124 -0.015154818 -0.000034279 0.001082115 0.999999404 0.378817111
1.000000000 -0.000020304 0.000042482 0.008671728 0.000020349 0.999999464 -0.001061177 -0.017152078 -0.000042461 0.001061178 0.999999464 0.523203135
1.000000000 0.000184194 0.000134775 0.013517896 -0.000184024 0.999999166 -0.001264478 -0.019392742 -0.000135007 0.001264453 0.999999166 0.676059902
0.999999940 -0.000081679 0.000239624 0.017801771 0.000081961 0.999999285 -0.001179863 -0.023704270 -0.000239528 0.001179882 0.999999285 0.838619173
0.999999940 0.000206643 0.000287682 0.015898580 -0.000206367 0.999999523 -0.000960009 -0.026551533 -0.000287881 0.000959949 0.999999523 1.013784409
0.999999940 0.000170762 0.000267055 0.020957790 -0.000170590 0.999999762 -0.000644450 -0.034466460 -0.000267165 0.000644405 0.999999762 1.183046460
0.999999583 0.000680939 0.000619458 0.017934492 -0.000680393 0.999999404 -0.000882075 -0.036561426 -0.000620058 0.000881653 0.999999404 1.367282629
1.000000000 -0.000104972 -0.000052885 0.035640404 0.000104948 0.999999881 -0.000458885 -0.050654229 0.000052933 0.000458879 0.999999881 1.559973121
0.999999881 0.000328829 0.000315393 0.033265077 -0.000328647 0.999999762 -0.000578078 -0.049858436 -0.000315583 0.000577975 0.999999762 1.759058118
0.999999881 0.000537375 -0.000048947 0.041719273 -0.000537413 0.999999523 -0.000783019 -0.051591806 0.000048526 0.000783045 0.999999702 1.955637932
0.999999106 0.000833990 0.001051385 0.026946731 -0.000833358 0.999999464 -0.000600730 -0.057049852 -0.001051886 0.000599854 0.999999285 2.168258905
0.999998569 0.001353390 0.001024802 0.033481583 -0.001351855 0.999997973 -0.001496146 -0.052202944 -0.001026825 0.001494758 0.999998331 2.369624138
0.999999464 0.001013090 0.000273550 0.049880806 -0.001012703 0.999998510 -0.001412434 -0.060573328 -0.000274981 0.001412156 0.999998987 2.582540989
0.999998212 0.001660852 0.000875917 0.048753612 -0.001659750 0.999997854 -0.001257639 -0.070537642 -0.000878004 0.001256183 0.999998748 2.813306093
0.999999225 0.001269189 0.000214708 0.060665879 -0.001268914 0.999998450 -0.001277900 -0.075706162 -0.000216330 0.001277627 0.999999046 3.053038597
0.999998927 0.001360979 0.000534697 0.061733361 -0.001360143 0.999997914 -0.001561048 -0.079505682 -0.000536820 0.001560319 0.999998689 3.284498215
0.999999046 0.001266299 0.000592081 0.067346126 -0.001265600 0.999998510 -0.001180689 -0.090530798 -0.000593575 0.001179939 0.999999106 3.522372484
0.999999225 0.001143162 0.000483933 0.073148996 -0.001142456 0.999998271 -0.001457903 -0.095405996 -0.000485599 0.001457349 0.999998808 3.779586554
0.999999225 0.001033559 0.000660826 0.075929672 -0.001032553 0.999998271 -0.001521065 -0.101899870 -0.000662397 0.001520382 0.999998689 4.036022186
0.999998987 0.001340470 0.000540238 0.083358720 -0.001339809 0.999998271 -0.001221924 -0.111597300 -0.000541875 0.001221199 0.999999106 4.291245461
0.999998868 0.001240454 0.000852089 0.081466086 -0.001239573 0.999998689 -0.001033895 -0.117701598 -0.000853370 0.001032837 0.999999046 4.545919895
0.999998093 0.001633439 0.001089711 0.086010911 -0.001632305 0.999998152 -0.001041033 -0.124121003 -0.001091409 0.001039253 0.999998808 4.802575588
0.999998808 0.001264374 0.000822271 0.095976822 -0.001263737 0.999998927 -0.000774398 -0.134526014 -0.000823249 0.000773358 0.999999404 5.066077709
0.999998689 0.001371716 0.000881250 0.097549386 -0.001370923 0.999998629 -0.000899985 -0.143001273 -0.000882483 0.000898776 0.999999225 5.323337078
0.999997437 0.001995438 0.001086203 0.099024892 -0.001994311 0.999997497 -0.001037983 -0.150202185 -0.001088272 0.001035814 0.999998868 5.595494747
0.999997497 0.001996267 0.001032563 0.103934728 -0.001995556 0.999997795 -0.000689270 -0.159164280 -0.001033937 0.000687208 0.999999225 5.862317562
0.999998212 0.001655668 0.000980800 0.113800034 -0.001655077 0.999998510 -0.000603071 -0.169730306 -0.000981797 0.000601447 0.999999285 6.140682697
0.999998152 0.001862399 0.000514844 0.121251129 -0.001862052 0.999997973 -0.000673020 -0.178762838 -0.000516097 0.000672060 0.999999642 6.421824932
0.999996662 0.002237100 0.001370764 0.114564218 -0.002235373 0.999996722 -0.001259836 -0.184993759 -0.001373577 0.001256768 0.999998212 6.704414368
0.999995708 0.002446498 0.001570464 0.117468409 -0.002444297 0.999996006 -0.001402378 -0.190112010 -0.001573889 0.001398533 0.999997735 7.009014130
0.999995708 0.002513390 0.001493583 0.125968620 -0.002511227 0.999995828 -0.001448218 -0.198467255 -0.001497216 0.001444461 0.999997795 7.306099892
0.999995708 0.002370759 0.001712652 0.129861772 -0.002367598 0.999995470 -0.001845496 -0.206329063 -0.001717019 0.001841433 0.999996841 7.612806320
0.999996364 0.002238712 0.001449894 0.145605013 -0.002237132 0.999996901 -0.001090221 -0.223233581 -0.001452331 0.001086974 0.999998331 7.912122726
0.999995112 0.002647258 0.001658343 0.142146930 -0.002645832 0.999996126 -0.000861359 -0.235481784 -0.001660617 0.000856967 0.999998271 8.246757507
0.999995589 0.002442088 0.001709899 0.152095526 -0.002440178 0.999996424 -0.001118732 -0.244483247 -0.001712625 0.001114554 0.999997973 8.572891235
0.999994934 0.002405528 0.002083067 0.151626289 -0.002402933 0.999996364 -0.001247241 -0.250689447 -0.002086060 0.001242229 0.999997079 8.915793419
0.999993742 0.002766212 0.002231576 0.156106472 -0.002763294 0.999995351 -0.001309562 -0.262451828 -0.002235188 0.001303387 0.999996722 9.249881744
0.999994338 0.002683160 0.002036082 0.163581848 -0.002681873 0.999996305 -0.000634824 -0.280013859 -0.002037777 0.000629360 0.999997735 9.580113411
0.999996006 0.002072374 0.001914305 0.178870142 -0.002071478 0.999997735 -0.000469912 -0.293592244 -0.001915274 0.000465945 0.999998093 9.921330452
0.999993503 0.002951245 0.002069229 0.183321491 -0.002949927 0.999995410 -0.000640035 -0.303783774 -0.002071109 0.000633926 0.999997675 10.278910637
0.999994814 0.002545090 0.002021160 0.185847223 -0.002544523 0.999996722 -0.000282918 -0.318143874 -0.002021874 0.000277774 0.999997914 10.628004074
0.999995530 0.002157325 0.002086855 0.195072412 -0.002156351 0.999997556 -0.000468766 -0.325614065 -0.002087861 0.000464263 0.999997735 11.001083374
0.999995172 0.002123726 0.002252546 0.201944575 -0.002122380 0.999997556 -0.000599797 -0.336379409 -0.002253815 0.000595014 0.999997318 11.373672485
0.999994397 0.002579952 0.002131671 0.208808690 -0.002579495 0.999996662 -0.000216854 -0.350857049 -0.002132223 0.000211355 0.999997616 11.760082245
0.999991596 0.003169442 0.002613932 0.215771690 -0.003168008 0.999994934 -0.000552698 -0.360769153 -0.002615670 0.000544413 0.999996424 12.147417068
0.999993384 0.002710581 0.002411699 0.223110601 -0.002708956 0.999996066 -0.000676438 -0.369378626 -0.002413523 0.000669900 0.999996841 12.545982361
0.999991119 0.003207738 0.002728701 0.227153540 -0.003206242 0.999994695 -0.000552568 -0.379848391 -0.002730459 0.000543814 0.999996126 12.949001312
0.999992251 0.003018501 0.002531793 0.237764359 -0.003017083 0.999995291 -0.000563724 -0.393795252 -0.002533483 0.000556081 0.999996662 13.338595390
0.999991655 0.002803881 0.002968299 0.245078474 -0.002802173 0.999995887 -0.000579258 -0.402180463 -0.002969911 0.000570935 0.999995410 13.754665375
0.999990940 0.002861351 0.003159625 0.250520021 -0.002859393 0.999995649 -0.000624096 -0.413872808 -0.003161398 0.000615056 0.999994814 14.167965889
0.999990165 0.002828548 0.003427273 0.263135046 -0.002826968 0.999995947 -0.000465707 -0.427012742 -0.003428576 0.000456014 0.999994040 14.588758469
0.999990463 0.002852141 0.003316336 0.277093560 -0.002851354 0.999995887 -0.000242157 -0.443224847 -0.003317014 0.000232698 0.999994457 15.021560669
0.999990344 0.002791052 0.003393001 0.290212065 -0.002789692 0.999995947 -0.000405385 -0.455109179 -0.003394119 0.000395916 0.999994159 15.457940102
0.999988973 0.002890224 0.003738178 0.299895823 -0.002888402 0.999995649 -0.000492588 -0.467351645 -0.003739585 0.000481785 0.999992907 15.897634506
0.999988317 0.002793930 0.003946204 0.310894936 -0.002792711 0.999996066 -0.000314354 -0.480664492 -0.003947067 0.000303330 0.999992192 16.341264725
0.999984980 0.003067292 0.004545578 0.317362994 -0.003065560 0.999995232 -0.000388137 -0.495021313 -0.004546747 0.000374196 0.999989569 16.785108566
0.999984443 0.003106154 0.004638543 0.329448313 -0.003105489 0.999995172 -0.000150524 -0.509206772 -0.004638989 0.000136116 0.999989152 17.239704132
0.999983013 0.003077564 0.004948329 0.338965684 -0.003076651 0.999995172 -0.000192129 -0.520049155 -0.004948896 0.000176902 0.999987721 17.706178665
0.999982536 0.002984550 0.005105168 0.350577444 -0.002981632 0.999995410 -0.000578964 -0.529961050 -0.005106873 0.000563733 0.999986827 18.162666321
0.999986768 0.002002241 0.004742649 0.381276548 -0.002000817 0.999997973 -0.000305071 -0.544751644 -0.004743250 0.000295577 0.999988735 18.615343094
0.999977291 0.003515036 0.005747757 0.371528029 -0.003514266 0.999993801 -0.000144039 -0.558587730 -0.005748227 0.000123836 0.999983490 19.112880707
0.999976695 0.003318029 0.005961703 0.388135940 -0.003316115 0.999994516 -0.000330823 -0.569649577 -0.005962766 0.000311046 0.999982238 19.593992233
0.999980211 0.002408295 0.005805918 0.402728975 -0.002408183 0.999997079 -0.000026224 -0.582419038 -0.005805965 0.000012242 0.999983191 20.071592331
0.999979615 0.003302458 0.005465210 0.412806094 -0.003301693 0.999994457 -0.000149149 -0.600195527 -0.005465674 0.000131101 0.999985039 20.572422028
0.999979675 0.003373679 0.005413400 0.421742022 -0.003370971 0.999994099 -0.000509328 -0.605288208 -0.005415088 0.000491069 0.999985278 21.079010010
0.999982059 0.003223869 0.005054103 0.431403339 -0.003220386 0.999994576 -0.000696993 -0.613824606 -0.005056323 0.000680705 0.999987006 21.586620331
0.999984622 0.003173693 0.004552120 0.437874198 -0.003173113 0.999995053 -0.000134462 -0.641190469 -0.004552524 0.000120015 0.999989629 22.084831238
0.999988317 0.003031817 0.003773889 0.458899260 -0.003033887 0.999995232 0.000542869 -0.659349799 -0.003772225 -0.000554312 0.999992728 22.597469330
0.999985337 0.003783410 0.003878443 0.457832038 -0.003782229 0.999992907 -0.000311906 -0.666179955 -0.003879595 0.000297233 0.999992430 23.121328354
0.999988675 0.003470814 0.003263564 0.469199181 -0.003468302 0.999993742 -0.000775095 -0.680695593 -0.003266234 0.000763767 0.999994397 23.644859314
0.999993682 0.002530444 0.002505695 0.481746048 -0.002528155 0.999996364 -0.000916250 -0.696622968 -0.002508005 0.000909909 0.999996424 24.168010712
0.999994218 0.002983691 0.001680605 0.493165195 -0.002982923 0.999995470 -0.000459221 -0.710562110 -0.001681967 0.000454205 0.999998510 24.699996948
0.999993205 0.003582783 0.000880807 0.510286450 -0.003582642 0.999993563 -0.000161707 -0.732066393 -0.000881380 0.000158550 0.999999583 25.239004135
0.999992669 0.003785975 0.000707502 0.514155090 -0.003785720 0.999992788 -0.000360359 -0.742769301 -0.000708861 0.000357678 0.999999702 25.786382675
0.999995291 0.003061661 -0.000126604 0.532492220 -0.003061676 0.999995232 -0.000113907 -0.763052702 0.000126254 0.000114294 0.999999940 26.342771530
0.999995530 0.002972467 -0.000288402 0.534366131 -0.002972254 0.999995291 0.000736661 -0.781703472 0.000290591 -0.000735801 0.999999702 26.876071930
0.999996006 0.002684605 -0.000868785 0.551182032 -0.002683601 0.999995708 0.001155103 -0.807756126 0.000871882 -0.001152766 0.999998987 27.414361954
0.999991894 0.003939228 -0.000809552 0.555067718 -0.003938713 0.999991953 0.000636601 -0.819304466 0.000812053 -0.000633407 0.999999523 27.982294083
0.999990940 0.004101640 -0.001149065 0.559341609 -0.004100560 0.999991298 0.000940462 -0.837259829 0.001152912 -0.000935742 0.999998927 28.518901825
0.999992847 0.003330129 -0.001811869 0.571382821 -0.003328744 0.999994218 0.000766821 -0.847868204 0.001814412 -0.000760785 0.999998093 29.063934326
0.999990165 0.003903940 -0.002091818 0.582907081 -0.003901481 0.999991715 0.001178367 -0.867818832 0.002096402 -0.001170194 0.999997079 29.614358902
0.999988854 0.003999525 -0.002502278 0.588500440 -0.003996366 0.999991238 0.001266196 -0.879873633 0.002507320 -0.001256182 0.999996066 30.160503387
0.999989331 0.003641038 -0.002849360 0.603736281 -0.003637092 0.999992430 0.001389029 -0.898853779 0.002854396 -0.001378651 0.999994993 30.704444885
0.999986947 0.004144656 -0.002979009 0.607280016 -0.004141079 0.999990702 0.001206000 -0.912400007 0.002983980 -0.001193648 0.999994814 31.264240265
0.999985218 0.004297592 -0.003327072 0.617787778 -0.004293338 0.999989986 0.001284584 -0.926334739 0.003332559 -0.001270281 0.999993563 31.814023972
0.999983430 0.004083869 -0.004055406 0.634241939 -0.004078952 0.999990940 0.001219866 -0.944961429 0.004060351 -0.001203304 0.999991000 32.355609894
0.999984503 0.004340414 -0.003519162 0.633313477 -0.004335387 0.999989688 0.001434861 -0.955987275 0.003525354 -0.001419582 0.999992788 32.904415131
0.999980152 0.004115606 -0.004764294 0.653932512 -0.004107733 0.999990225 0.001660963 -0.979432940 0.004771083 -0.001641359 0.999987304 33.433322906
0.999982417 0.004470605 -0.003876390 0.648085535 -0.004465001 0.999988973 0.001452931 -0.985937715 0.003882843 -0.001435597 0.999991417 33.998329163
0.999983132 0.003635268 -0.004532191 0.662191570 -0.003628507 0.999992371 0.001499055 -1.005283713 0.004537606 -0.001482585 0.999988616 34.534080505
0.999981642 0.004560784 -0.003989312 0.659634590 -0.004554311 0.999988317 0.001630215 -1.018205047 0.003996701 -0.001612016 0.999990702 35.091381073
0.999983251 0.004200890 -0.003982392 0.667152762 -0.004195441 0.999990225 0.001375624 -1.028858185 0.003988131 -0.001358893 0.999991059 35.644611359
0.999983549 0.004899598 -0.002973752 0.672460914 -0.004893604 0.999985933 0.002019905 -1.047273040 0.002983606 -0.002005320 0.999993503 36.196262360
0.999979436 0.004616939 -0.004454711 0.685740888 -0.004609927 0.999988139 0.001583016 -1.065621495 0.004461966 -0.001562447 0.999988854 36.738758087
0.999978244 0.005146612 -0.004137301 0.694587409 -0.005140598 0.999985695 0.001462921 -1.079152465 0.004144771 -0.001441621 0.999990404 37.285053253
0.999976218 0.004637309 -0.005108718 0.704765499 -0.004628675 0.999987781 0.001700691 -1.097525001 0.005116543 -0.001677004 0.999985516 37.835132599
0.999979615 0.004014261 -0.004965633 0.713383913 -0.004006449 0.999990642 0.001582187 -1.109414697 0.004971938 -0.001562260 0.999986470 38.384449005
0.999977946 0.004595063 -0.004801200 0.715767145 -0.004587445 0.999988198 0.001596384 -1.125570416 0.004808479 -0.001574324 0.999987185 38.938468933
0.999975443 0.004985712 -0.004918598 0.718091369 -0.004975794 0.999985516 0.002026693 -1.146133661 0.004928632 -0.002002170 0.999985874 39.477050781
0.999974608 0.005449516 -0.004596102 0.726206422 -0.005441625 0.999983668 0.001727856 -1.158152461 0.004605443 -0.001702802 0.999987960 40.028701782
0.999974132 0.004906445 -0.005268626 0.745042443 -0.004893792 0.999985099 0.002411912 -1.179531932 0.005280382 -0.002386066 0.999983251 40.574253082
0.999973714 0.004607446 -0.005600050 0.751570582 -0.004595739 0.999987245 0.002101504 -1.193325758 0.005609660 -0.002075713 0.999982059 41.125854492
0.999971867 0.004802666 -0.005770660 0.761884928 -0.004788466 0.999985456 0.002472135 -1.207641721 0.005782449 -0.002444433 0.999980330 41.676799774
0.999969602 0.004729149 -0.006191625 0.784659505 -0.004714307 0.999985993 0.002409827 -1.227763653 0.006202935 -0.002380565 0.999977946 42.213668823
0.999968171 0.005057697 -0.006166824 0.781514049 -0.005046119 0.999985456 0.001891489 -1.229869366 0.006176301 -0.001860311 0.999979138 42.785518646
0.999965072 0.004976241 -0.006703979 0.794190168 -0.004959648 0.999984562 0.002489388 -1.249010205 0.006716264 -0.002456051 0.999974430 43.320880890
0.999966264 0.005936190 -0.005675705 0.797045350 -0.005924845 0.999980390 0.002013466 -1.260873556 0.005687546 -0.001979770 0.999981880 43.884220123
0.999967396 0.004979252 -0.006353709 0.800080776 -0.004965689 0.999985337 0.002148711 -1.273909569 0.006364315 -0.002117091 0.999977469 44.426185608
0.999964356 0.005676830 -0.006240115 0.809634387 -0.005666926 0.999982715 0.001603805 -1.282892942 0.006249111 -0.001568386 0.999979258 44.978446960
0.999969006 0.005858789 -0.005259103 0.812605202 -0.005852596 0.999982119 0.001192212 -1.286169767 0.005265994 -0.001161396 0.999985456 45.520275116
0.999967694 0.005033665 -0.006262309 0.822133064 -0.005016386 0.999983549 0.002771876 -1.326403856 0.006276158 -0.002740373 0.999976516 46.060100555
0.999969959 0.004688931 -0.006164738 0.832280040 -0.004675026 0.999986470 0.002267945 -1.340784788 0.006175288 -0.002239057 0.999978483 46.604614258
0.999963403 0.005353496 -0.006667081 0.853057325 -0.005333435 0.999981165 0.003023233 -1.363108397 0.006683141 -0.002987563 0.999973238 47.130020142
0.999970973 0.004819522 -0.005880519 0.834342003 -0.004810255 0.999987125 0.001588840 -1.354650736 0.005888101 -0.001560507 0.999981403 47.689464569
0.999969184 0.005171966 -0.005893246 0.824116945 -0.005161102 0.999984980 0.001857106 -1.360345960 0.005902763 -0.001826633 0.999980927 48.242759705
0.999971032 0.004070870 -0.006431657 0.843147814 -0.004059284 0.999990106 0.001813360 -1.375648141 0.006438975 -0.001787199 0.999977708 48.789295197
0.999969244 0.004959852 -0.006077402 0.854204774 -0.004946036 0.999985158 0.002286172 -1.392739534 0.006088650 -0.002256043 0.999978900 49.328826904
0.999969363 0.005016384 -0.006010754 0.851948857 -0.005004391 0.999985397 0.002008654 -1.409246564 0.006020743 -0.001978512 0.999979913 49.893169403
0.999967873 0.005633673 -0.005712437 0.855057478 -0.005618467 0.999980688 0.002674365 -1.424820781 0.005727393 -0.002642184 0.999980092 50.433063507
0.999968112 0.005774721 -0.005513804 0.855191410 -0.005763416 0.999981165 0.002063943 -1.431627274 0.005525619 -0.002032099 0.999982655 50.966297150
0.999963760 0.005556627 -0.006441778 0.879141033 -0.005544079 0.999982655 0.001964233 -1.448807359 0.006452580 -0.001928448 0.999977350 51.536540985
0.999963820 0.005368706 -0.006590419 0.884832501 -0.005356363 0.999983788 0.001889170 -1.462061167 0.006600454 -0.001853801 0.999976516 52.092128754
0.999962986 0.005028575 -0.006979220 0.895884275 -0.005017008 0.999985993 0.001673837 -1.478427291 0.006987539 -0.001638761 0.999974251 52.620372772
0.999964535 0.005158778 -0.006652007 0.893432617 -0.005148257 0.999985456 0.001597676 -1.488146782 0.006660153 -0.001563373 0.999976575 53.175552368
0.999965847 0.004671406 -0.006814285 0.906409502 -0.004657907 0.999987185 0.001995688 -1.510378361 0.006823520 -0.001963879 0.999974787 53.716964722
0.999965191 0.004870492 -0.006770265 0.915823936 -0.004858120 0.999986529 0.001842656 -1.524179101 0.006779149 -0.001809701 0.999975383 54.271648407
0.999969780 0.004333981 -0.006445434 0.919839680 -0.004322218 0.999988973 0.001837843 -1.535830975 0.006453329 -0.001809929 0.999977469 54.817985535
0.999964416 0.004574809 -0.007087366 0.937856913 -0.004561830 0.999987900 0.001846348 -1.556699157 0.007095728 -0.001813951 0.999973118 55.344699860
0.999964833 0.005015239 -0.006715844 0.939601064 -0.005003704 0.999985933 0.001733245 -1.569672585 0.006724443 -0.001699580 0.999975920 55.897701263
0.999961019 0.004735344 -0.007455844 0.952098608 -0.004723523 0.999987543 0.001602286 -1.581288099 0.007463339 -0.001567006 0.999970913 56.446544647
0.999964297 0.005102964 -0.006742494 0.964566290 -0.005089711 0.999985099 0.001981403 -1.603012323 0.006752505 -0.001947015 0.999975264 56.985954285
0.999963224 0.004995798 -0.006959739 0.963299811 -0.004984377 0.999986231 0.001657295 -1.607043982 0.006967923 -0.001622544 0.999974370 57.550632477
0.999966681 0.004916798 -0.006513315 0.962084055 -0.004907400 0.999986887 0.001458156 -1.621603847 0.006520400 -0.001426145 0.999977767 58.104099274
0.999963641 0.004416123 -0.007288217 0.985697865 -0.004406170 0.999989390 0.001380948 -1.639037371 0.007294237 -0.001348785 0.999972522 58.632938385
0.999964535 0.004732043 -0.006956463 0.978602290 -0.004725563 0.999988377 0.000947497 -1.641674876 0.006960866 -0.000914591 0.999975383 59.191287994
0.999965250 0.004318332 -0.007132671 0.988770604 -0.004313666 0.999990404 0.000669640 -1.656222463 0.007135495 -0.000638849 0.999974430 59.736106873
0.999965727 0.005306267 -0.006357740 0.988786697 -0.005299248 0.999985337 0.001120463 -1.668122649 0.006363592 -0.001086734 0.999979198 60.294609070
0.999964714 0.004888955 -0.006820245 0.980921745 -0.004883977 0.999987781 0.000746499 -1.681028843 0.006823811 -0.000713163 0.999976456 60.828365326
0.999963343 0.005653094 -0.006413491 0.988235950 -0.005647852 0.999983668 0.000835261 -1.700934172 0.006418108 -0.000799008 0.999979079 61.379871368
0.999964535 0.005112851 -0.006685742 1.001672268 -0.005107401 0.999986589 0.000832002 -1.713626385 0.006689905 -0.000797825 0.999977291 61.921016693
0.999963224 0.005261887 -0.006765618 1.005335093 -0.005257718 0.999985933 0.000633908 -1.724656105 0.006768859 -0.000598313 0.999976933 62.467811584
0.999963224 0.005237192 -0.006787708 1.012798548 -0.005230643 0.999985754 0.000982466 -1.746292114 0.006792757 -0.000946926 0.999976456 62.998867035
0.999963403 0.005627949 -0.006439340 1.011470437 -0.005622123 0.999983728 0.000922620 -1.755526662 0.006444428 -0.000886383 0.999978840 63.549415588
0.999960363 0.005880684 -0.006692709 1.016926646 -0.005872997 0.999982059 0.001167598 -1.775522113 0.006699456 -0.001128246 0.999976873 64.094863892
0.999964058 0.005807560 -0.006178609 1.020109057 -0.005801921 0.999982774 0.000930248 -1.788575411 0.006183906 -0.000894367 0.999980390 64.641242981
0.999961197 0.005850109 -0.006590506 1.024989009 -0.005844731 0.999982595 0.000835005 -1.801887512 0.006595274 -0.000796453 0.999977946 65.191543579
0.999961853 0.005747620 -0.006579223 1.035217166 -0.005741468 0.999983013 0.000953630 -1.818495393 0.006584593 -0.000915819 0.999977946 65.744697571
0.999963164 0.005665299 -0.006454502 1.046562076 -0.005658573 0.999983490 0.001059871 -1.832576752 0.006460399 -0.001023309 0.999978662 66.289817810
0.999961495 0.005534688 -0.006822851 1.051154494 -0.005532416 0.999984682 0.000351864 -1.842150211 0.006824693 -0.000314104 0.999976695 66.824394226
0.999959648 0.005762481 -0.006912618 1.059129477 -0.005752148 0.999982238 0.001513874 -1.871751547 0.006921220 -0.001474050 0.999974966 67.356338501
0.999958515 0.005845567 -0.006990694 1.063962102 -0.005834757 0.999981761 0.001565711 -1.886807680 0.006999719 -0.001524857 0.999974370 67.899879456
0.999959409 0.006133686 -0.006602370 1.065202475 -0.006123688 0.999980092 0.001533467 -1.902665854 0.006611644 -0.001492974 0.999976993 68.445281982
0.999958932 0.006291302 -0.006517853 1.067931175 -0.006284372 0.999979734 0.001083213 -1.913833499 0.006524536 -0.001042208 0.999978185 68.993423462
0.999956965 0.006482445 -0.006652511 1.086009264 -0.006473517 0.999978065 0.001362865 -1.931388021 0.006661201 -0.001319741 0.999976933 69.537315369
0.999962151 0.006127978 -0.006169140 1.076181412 -0.006123349 0.999980986 0.000769003 -1.934456110 0.006173735 -0.000731198 0.999980688 70.078094482
0.999959230 0.006503896 -0.006267888 1.083704233 -0.006497560 0.999978483 0.001030731 -1.950293541 0.006274456 -0.000989963 0.999979854 70.628974915
0.999960065 0.006590110 -0.006032666 1.090619802 -0.006583668 0.999977767 0.001087130 -1.961101294 0.006039696 -0.001047369 0.999981225 71.170265198
0.999959767 0.006467680 -0.006214614 1.098006010 -0.006463219 0.999978840 0.000737660 -1.977347851 0.006219254 -0.000697464 0.999980390 71.712776184
0.999964893 0.006085888 -0.005771050 1.105999589 -0.006084217 0.999981403 0.000307008 -1.988639116 0.005772811 -0.000271885 0.999983311 72.254852295
0.999957800 0.006899170 -0.006052956 1.105584860 -0.006895697 0.999976039 0.000594553 -2.005538225 0.006056912 -0.000552789 0.999981523 72.813316345
0.999962807 0.006098254 -0.006092396 1.118746877 -0.006093830 0.999981225 0.000744617 -2.023440838 0.006096821 -0.000707463 0.999981165 73.362205505
0.999965787 0.005916347 -0.005773680 1.118585825 -0.005913700 0.999982417 0.000475339 -2.036448717 0.005776390 -0.000441179 0.999983251 73.907249451
0.999959111 0.006602553 -0.006194379 1.127621651 -0.006596212 0.999977708 0.001043615 -2.052676201 0.006201131 -0.001002713 0.999980271 74.438377380
0.999958873 0.006509777 -0.006314078 1.137859344 -0.006501865 0.999978006 0.001272756 -2.067576408 0.006322226 -0.001231650 0.999979198 74.975028992
0.999957919 0.006798126 -0.006165499 1.141915560 -0.006788656 0.999975741 0.001555784 -2.085633039 0.006175926 -0.001513863 0.999979734 75.515861511
0.999959350 0.006472023 -0.006300004 1.151545405 -0.006467403 0.999978900 0.000753469 -2.096112490 0.006304749 -0.000712694 0.999979794 76.071136475
0.999954641 0.007100137 -0.006356591 1.156972408 -0.007093868 0.999974370 0.001008442 -2.112474442 0.006363589 -0.000963303 0.999979258 76.621101379
0.999961436 0.006263907 -0.006154741 1.166779876 -0.006260213 0.999980211 0.000619318 -2.122823238 0.006158499 -0.000580764 0.999980807 77.171333313
0.999962032 0.005902338 -0.006403575 1.174711108 -0.005898104 0.999982357 0.000679785 -2.136500597 0.006407474 -0.000641990 0.999979317 77.720008850
0.999957800 0.006481741 -0.006501359 1.181528091 -0.006478106 0.999978840 0.000580093 -2.149589300 0.006504984 -0.000537952 0.999978721 78.268508911
0.999956369 0.006769558 -0.006427306 1.192119598 -0.006768135 0.999976933 0.000243321 -2.164090872 0.006428805 -0.000199810 0.999979317 78.813369751
0.999958158 0.006841776 -0.006075015 1.195195794 -0.006835850 0.999976099 0.000995759 -2.185453176 0.006081684 -0.000954190 0.999980986 79.359962463
0.999960542 0.007002963 -0.005469526 1.192689300 -0.007000284 0.999975383 0.000508937 -2.194599628 0.005472957 -0.000470629 0.999984860 79.920341492
0.999957979 0.006914881 -0.006017768 1.208752394 -0.006911421 0.999975920 0.000595615 -2.213488579 0.006021742 -0.000553999 0.999981642 80.453735352
0.999965429 0.007048300 -0.004408658 1.213265657 -0.007044639 0.999974787 0.000845499 -2.227683306 0.004414507 -0.000814412 0.999989867 81.013320923
0.999967158 0.007322879 -0.003486705 1.221900225 -0.007319172 0.999972701 0.001075015 -2.243917465 0.003494482 -0.001049460 0.999993324 81.557434082
0.999968886 0.007478889 -0.002514238 1.233843803 -0.007475995 0.999971390 0.001158232 -2.262258291 0.002522829 -0.001139399 0.999996185 82.082359314
0.999973118 0.007262521 -0.000997924 1.243918657 -0.007261533 0.999973059 0.000990882 -2.276434660 0.001005094 -0.000983609 0.999998987 82.621566772
0.999967515 0.007774686 0.002139410 1.260251045 -0.007776702 0.999969363 0.000935048 -2.292797804 -0.002132074 -0.000951655 0.999997258 83.170646667
0.999954998 0.007342503 0.005998220 1.267365217 -0.007346896 0.999972641 0.000710583 -2.291227818 -0.005992840 -0.000754620 0.999981761 83.677146912
0.999922872 0.007976946 0.009522232 1.292233229 -0.007988477 0.999967396 0.001173469 -2.327573538 -0.009512560 -0.001249446 0.999953985 84.257476807
0.999875844 0.007276353 0.013980132 1.320998669 -0.007294715 0.999972701 0.001262831 -2.345922947 -0.013970562 -0.001364655 0.999901474 84.809272766
0.999765873 0.007923762 0.020133272 1.349179626 -0.007945525 0.999967933 0.001001130 -2.358676910 -0.020124696 -0.001160864 0.999796808 85.356475830
0.999647915 0.006994667 0.025594797 1.371438980 -0.007028886 0.999974549 0.001247226 -2.384997845 -0.025585420 -0.001426690 0.999671757 85.921615601
0.999504328 0.006411598 0.030822579 1.412596464 -0.006448251 0.999978662 0.001089914 -2.397735834 -0.030814935 -0.001288125 0.999524295 86.464752197
0.999201298 0.006648342 0.039402008 1.439641833 -0.006701881 0.999976933 0.001226881 -2.415106773 -0.039392930 -0.001489969 0.999222696 87.021003723
0.998833299 0.006778052 0.047813531 1.484985113 -0.006846309 0.999975801 0.001263920 -2.430481434 -0.047803804 -0.001589791 0.998855412 87.575408936
0.998472571 0.007010174 0.054802634 1.524039030 -0.007069168 0.999974728 0.000882712 -2.440410376 -0.054795057 -0.001268773 0.998496830 88.124443054
0.997950971 0.006753780 0.063625813 1.582941532 -0.006812074 0.999976575 0.000699307 -2.453992605 -0.063619614 -0.001131298 0.997973621 88.667678833
0.997253895 0.006811532 0.073744372 1.643669128 -0.006892619 0.999975801 0.000845116 -2.474735498 -0.073736839 -0.001351087 0.997276843 89.210494995
0.996577978 0.006270562 0.082419872 1.699454784 -0.006321889 0.999979913 0.000361800 -2.481005907 -0.082415953 -0.000881611 0.996597707 89.770492554
0.995887756 0.005831358 0.090407453 1.768943787 -0.005883437 0.999982595 0.000309549 -2.501726389 -0.090404078 -0.000840183 0.995904803 90.339950562
0.994870365 0.005863273 0.100987673 1.844704628 -0.005956882 0.999981999 0.000625415 -2.519223213 -0.100982197 -0.001223779 0.994887412 90.850173950
0.993665814 0.006456681 0.112189330 1.917275429 -0.006584522 0.999978006 0.000769030 -2.532641172 -0.112181902 -0.001502872 0.993686497 91.394271851
0.992716312 0.005859498 0.120333254 2.007211685 -0.005968153 0.999982059 0.000542575 -2.550881147 -0.120327912 -0.001256790 0.992733300 91.927383423
0.991158545 0.006250847 0.132535368 2.080867767 -0.006429728 0.999978840 0.000921746 -2.565879583 -0.132526889 -0.001765763 0.991177797 92.507720947
0.989514351 0.005669436 0.144323185 2.188619614 -0.005831108 0.999982774 0.000697228 -2.583348751 -0.144316718 -0.001531481 0.989530385 93.059509277
0.987878263 0.005468014 0.155134544 2.291412354 -0.005660781 0.999983728 0.000800840 -2.597895861 -0.155127615 -0.001669315 0.987893105 93.609306335
0.986175656 0.005443485 0.165613666 2.400742531 -0.005637809 0.999983847 0.000703273 -2.611652374 -0.165607184 -0.001627249 0.986190379 94.139801025
0.983890891 0.005146516 0.178695768 2.520046234 -0.005351395 0.999985456 0.000664526 -2.625413418 -0.178689748 -0.001610092 0.983904064 94.664520264
0.981626928 0.004713628 0.190751985 2.651606560 -0.004940622 0.999987543 0.000714423 -2.640248775 -0.190746278 -0.001643731 0.981638014 95.205650330
0.979444325 0.004270311 0.201670036 2.764707565 -0.004473638 0.999989808 0.000552439 -2.651942492 -0.201665625 -0.001443282 0.979453385 95.754356384
0.976744950 0.004484113 0.214357540 2.908294678 -0.004775747 0.999988258 0.000842641 -2.671924591 -0.214351237 -0.001846763 0.976754904 96.282348633
0.973680258 0.003667833 0.227888733 3.056512833 -0.003827716 0.999992728 0.000259624 -2.676518679 -0.227886111 -0.001125084 0.973687172 96.821441650
0.970903277 0.004236926 0.239434406 3.193084717 -0.004447741 0.999990046 0.000340141 -2.694271326 -0.239430621 -0.001395186 0.970912457 97.371688843
0.967913747 0.003872094 0.251252472 3.357139587 -0.004100383 0.999991477 0.000385095 -2.717854261 -0.251248866 -0.001402970 0.967921436 97.889526367
0.964172125 0.003939679 0.265248209 3.524562836 -0.004307143 0.999990404 0.000803722 -2.730633497 -0.265242457 -0.001917389 0.964179814 98.421394348
0.960631967 0.003233501 0.277805179 3.685409546 -0.003308043 0.999994457 -0.000200397 -2.733452797 -0.277804285 -0.000726484 0.960637391 98.928581238
0.957455993 0.002799394 0.288566053 3.879714966 -0.003004890 0.999995470 0.000269148 -2.759609938 -0.288563997 -0.001124807 0.957459986 99.480812073
0.953100264 0.002319760 0.302645892 4.057310104 -0.002484096 0.999996841 0.000158074 -2.769509554 -0.302644581 -0.000902462 0.953103125 100.000045776
0.948786795 0.002763634 0.315904796 4.262340546 -0.002965625 0.999995589 0.000158669 -2.783840656 -0.315902948 -0.001087398 0.948790967 100.509552002
0.944889724 0.001578061 0.327385008 4.462268829 -0.001723469 0.999998510 0.000154035 -2.795106888 -0.327384323 -0.000709784 0.944890916 101.040718079
0.940278649 0.001360628 0.340403199 4.671360016 -0.001547647 0.999998808 0.000277886 -2.816978216 -0.340402424 -0.000788115 0.940279484 101.558021545
0.935301840 0.001478096 0.353847921 4.895824432 -0.001656255 0.999998629 0.000200664 -2.834706068 -0.353847206 -0.000773743 0.935302854 102.052009583
0.930177748 0.001172108 0.367107660 5.102159500 -0.001369652 0.999998987 0.000277608 -2.847360134 -0.367106974 -0.000761035 0.930178404 102.579902649
0.925576568 0.000293943 0.378560364 5.338146210 -0.000281089 1.000000000 -0.000089215 -2.860458136 -0.378560334 -0.000023834 0.925576627 103.086769104
0.919513404 -0.000027159 0.393058568 5.563144684 -0.000193392 0.999999821 0.000521516 -2.878198385 -0.393058538 -0.000555555 0.919513226 103.570007324
0.913779736 -0.000043017 0.406210065 5.805274963 -0.000086108 0.999999940 0.000299602 -2.890123844 -0.406209975 -0.000308748 0.913779676 104.066528320
0.908895731 -0.000233190 0.417023242 6.056503296 0.000020243 0.999999821 0.000515058 -2.912360430 -0.417023242 -0.000459693 0.908895612 104.543083191
0.902655959 -0.001427810 0.430360556 6.324958801 0.001311498 0.999998987 0.000566913 -2.927730799 -0.430360913 0.000052689 0.902656853 105.041900635
0.896023333 -0.001321515 0.444004953 6.580371857 0.001239660 0.999999106 0.000474657 -2.936772585 -0.444005191 0.000125112 0.896024227 105.526069641
0.890351713 -0.002477886 0.455266595 6.859554291 0.002385183 0.999996841 0.000778064 -2.956572771 -0.455267131 0.000393143 0.890354872 105.997001648
0.884733379 -0.002009988 0.466093183 7.120784760 0.001888184 0.999997914 0.000728278 -2.969093561 -0.466093659 0.000235738 0.884735405 106.477493286
0.877035797 -0.002754801 0.480417132 7.395019531 0.002757601 0.999995947 0.000699963 -2.980240107 -0.480417162 0.000710906 0.877039790 106.963333130
0.870159447 -0.003357898 0.492758840 7.690212250 0.003572214 0.999993503 0.000506293 -2.991583824 -0.492757380 0.001319684 0.870165765 107.434127808
0.864359319 -0.003152596 0.502864838 7.983570099 0.003509668 0.999993861 0.000236568 -3.003591061 -0.502862513 0.001560409 0.864365101 107.904159546
