1.000000000 0.000000000 0.000000000 0.000000000 0.000000000 1.000000000 0.000000000 0.000000000 0.000000000 0.000000000 1.000000000 0.000000000
1.000000000 -0.000001034 -0.000084371 0.000705212 0.000001026 1.000000000 -0.000094718 0.000159446 0.000084371 0.000094718 1.000000000 -0.001617711
1.000000000 -0.000022411 -0.000043024 0.001139459 0.000022412 1.000000000 0.000028363 -0.000360897 0.000043023 -0.000028364 1.000000000 -0.001083629
1.000000000 -0.000016669 -0.000020451 0.000671205 0.000016671 1.000000000 0.000102901 -0.000783723 0.000020450 -0.000102901 1.000000000 -0.002277174
1.000000000 -0.000058267 -0.000061387 0.000965561 0.000058262 1.000000000 -0.000087558 0.000705602 0.000061392 0.000087554 1.000000000 0.000288083
1.000000000 -0.000118616 -0.000016079 0.001499578 0.000118615 1.000000000 -0.000051525 0.000308179 0.000016085 0.000051523 1.000000000 -0.000385995
1.000000000 0.000016904 -0.000021930 0.001002447 -0.000016905 1.000000000 -0.000085500 0.000216549 0.000021929 0.000085500 1.000000000 -0.001445126
1.000000000 -0.000194562 -0.000030277 0.001309598 0.000194562 1.000000000 -0.000012114 0.000024799 0.000030280 0.000012108 1.000000000 -0.000959183
1.000000000 -0.000152873 -0.000002632 0.001015021 0.000152872 1.000000000 -0.000121702 0.001459723 0.000002651 0.000121702 1.000000000 0.001345604
1.000000000 -0.000030978 -0.000107724 0.001749084 0.000030978 1.000000000 0.000004025 -0.000067239 0.000107724 -0.000004028 1.000000000 -0.000471118
1.000000000 0.000029118 -0.000021584 0.001107144 -0.000029120 1.000000000 -0.000117845 0.001101382 0.000021581 0.000117846 1.000000000 -0.000255495
1.000000000 -0.000011182 0.000085008 -0.000756217 0.000011181 1.000000000 0.000008124 0.000197646 -0.000085008 -0.000008123 1.000000000 0.000596246
1.000000000 -0.000073073 0.000031797 0.000159725 0.000073070 1.000000000 0.000090080 0.000097325 -0.000031804 -0.000090078 1.000000000 0.001024728
1.000000000 -0.000177299 -0.000130307 0.001902514 0.000177321 1.000000000 0.000162410 -0.001172452 0.000130278 -0.000162433 1.000000000 -0.001396190
0.999999940 -0.000209421 -0.000200507 0.001454139 0.000209440 1.000000000 0.000091797 -0.000860545 0.000200487 -0.000091839 1.000000000 -0.000909886
1.000000000 0.000085664 0.000099297 0.000454126 -0.000085669 1.000000000 0.000054541 0.000142861 -0.000099293 -0.000054550 1.000000000 0.000547512
1.000000000 -0.000065622 -0.000109863 0.000709171 0.000065624 1.000000000 0.000019368 0.000203710 0.000109861 -0.000019375 1.000000000 0.000226168
0.999999940 -0.000214256 -0.000135015 0.001672699 0.000214263 1.000000000 0.000053827 -0.000697197 0.000135003 -0.000053856 1.000000000 -0.001748563
1.000000000 -0.000165616 0.000082693 -0.000006937 0.000165622 1.000000000 -0.000082942 0.000856178 -0.000082679 0.000082956 1.000000000 0.000672525
1.000000000 -0.000015808 -0.000036623 0.001241153 0.000015804 1.000000000 -0.000110098 0.000735330 0.000036625 0.000110097 1.000000000 -0.000345373
1.000000000 -0.000155600 -0.000144352 0.001350697 0.000155605 1.000000000 0.000039669 0.000209484 0.000144346 -0.000039691 1.000000000 0.000142972
0.999999940 -0.000325489 -0.000056305 0.002216891 0.000325492 0.999999940 0.000048449 -0.000737941 0.000056289 -0.000048467 1.000000000 -0.000857657
1.000000000 -0.000169222 0.000008729 0.000455395 0.000169223 1.000000000 -0.000035773 0.001081964 -0.000008723 0.000035775 1.000000000 -0.000701304
1.000000000 0.000033276 -0.000128259 0.002062985 -0.000033267 1.000000000 0.000072193 -0.000882500 0.000128261 -0.000072189 1.000000000 -0.002614471
1.000000000 -0.000022570 -0.000054053 0.001313332 0.000022571 1.000000000 0.000011290 -0.000188348 0.000054053 -0.000011291 1.000000000 -0.001435040
1.000000000 -0.000063519 -0.000118836 0.001423711 0.000063507 1.000000000 -0.000107042 0.000625155 0.000118843 0.000107034 1.000000000 -0.000146324
1.000000000 0.000167198 -0.000007728 -0.000058328 -0.000167198 1.000000000 -0.000112918 0.000853904 0.000007709 0.000112919 1.000000000 0.000820605
1.000000000 -0.000157605 -0.000038884 0.000126478 0.000157607 1.000000000 0.000058051 0.000693921 0.000038875 -0.000058057 1.000000000 0.000698638
1.000000000 -0.000133080 -0.000023118 0.000865815 0.000133078 1.000000000 -0.000083298 0.001247632 0.000023129 0.000083295 1.000000000 -0.000123379
1.000000000 0.000127567 0.000030640 0.000558101 -0.000127569 1.000000000 0.000064570 -0.000414888 -0.000030632 -0.000064574 1.000000000 -0.001920091
1.000000000 0.000127697 0.000004112 0.000268808 -0.000127697 1.000000000 0.000025015 0.000260509 -0.000004109 -0.000025016 1.000000000 0.000667366
1.000000000 0.000078634 0.000078956 0.000756628 -0.000078640 1.000000000 0.000079624 -0.000221285 -0.000078949 -0.000079630 1.000000000 -0.000169045
1.000000000 0.000065096 0.000020460 0.000416887 -0.000065098 1.000000000 0.000081319 0.000134255 -0.000020455 -0.000081320 1.000000000 0.000263880
1.000000000 0.000010271 0.000110052 0.000644376 -0.000010278 1.000000000 0.000059690 0.000223887 -0.000110052 -0.000059691 1.000000000 -0.000239169
1.000000000 0.000019915 0.000081954 0.000448636 -0.000019911 1.000000000 -0.000056789 0.001399474 -0.000081956 0.000056787 1.000000000 -0.000608506
1.000000000 0.000046470 0.000096017 -0.001100015 -0.000046467 1.000000000 -0.000032865 0.001808351 -0.000096019 0.000032860 1.000000000 0.003108125
1.000000000 -0.000074163 -0.000045543 0.000293382 0.000074166 1.000000000 0.000081598 0.000335374 0.000045537 -0.000081601 1.000000000 0.000196248
1.000000000 -0.000113955 -0.000053955 0.000901305 0.000113959 1.000000000 0.000071781 0.000704348 0.000053946 -0.000071787 1.000000000 0.000665497
1.000000000 -0.000130685 0.000154431 -0.000029671 0.000130680 1.000000000 0.000032858 0.000384080 -0.000154435 -0.000032838 1.000000000 0.001885444
0.999999821 -0.000541464 0.000084700 0.002954053 0.000541521 0.999999642 -0.000665574 -0.002525181 -0.000084340 0.000665620 0.999999762 0.050859638
0.999999940 0.000138749 0.000213576 0.001887665 -0.000138502 0.999999344 -0.001156777 -0.006308684 -0.000213736 0.001156748 0.999999285 0.134375140
0.999999940 0.000263568 -0.000152871 0.006154747 -0.000263778 0.999999046 -0.001377178 -0.008049179 0.000152508 0.001377219 0.999999046 0.252502859
0.999999821 0.000549287 0.000098670 0.005493910 -0.000549173 0.999999166 -0.001159793 -0.012506897 -0.000099307 0.001159739 0.999999344 0.382285714
1.000000000 0.000078382 -0.000105615 0.010613855 -0.000078530 0.999999046 -0.001397167 -0.014151639 0.000105506 0.001397175 0.999999046 0.524230957
0.999999940 0.000335160 0.000060017 0.014686353 -0.000335091 0.999999285 -0.001146405 -0.022759832 -0.000060402 0.001146385 0.999999344 0.674392521
0.999999702 0.000633881 0.000464967 0.015463197 -0.000633375 0.999999225 -0.001086576 -0.021578142 -0.000465655 0.001086281 0.999999285 0.839169323
0.999999940 -0.000060701 0.000288002 0.016412221 0.000060955 0.999999583 -0.000879684 -0.026598018 -0.000287949 0.000879701 0.999999583 1.011921883
0.999999940 0.000158660 0.000214307 0.020989403 -0.000158575 0.999999881 -0.000394154 -0.037043802 -0.000214369 0.000394120 0.999999881 1.181658387
0.999999821 0.000486218 0.000372087 0.022446437 -0.000486047 0.999999762 -0.000460545 -0.041282237 -0.000372311 0.000460364 0.999999821 1.363098979
1.000000000 0.000108745 -0.000028136 0.036715899 -0.000108751 0.999999940 -0.000237171 -0.056288611 0.000028110 0.000237174 1.000000000 1.552020907
0.999999762 0.000508065 0.000456159 0.032141484 -0.000507906 0.999999821 -0.000349541 -0.051071953 -0.000456336 0.000349309 0.999999821 1.755516410
0.999999762 0.000697378 0.000117808 0.042463735 -0.000697340 0.999999702 -0.000318070 -0.058867529 -0.000118030 0.000317987 0.999999940 1.944563746
0.999999821 0.000343672 0.000438322 0.036263108 -0.000343520 0.999999881 -0.000345411 -0.063781731 -0.000438440 0.000345260 0.999999821 2.148569345
0.999999106 0.001314903 -0.000244787 0.053047251 -0.001314713 0.999998868 0.000771895 -0.090473890 0.000245802 -0.000771572 0.999999642 2.374608755
0.999999225 0.001180405 -0.000493350 0.064622112 -0.001180040 0.999998987 0.000739385 -0.097850107 0.000494223 -0.000738802 0.999999583 2.589781523
0.999998450 0.001716653 -0.000193446 0.064370722 -0.001716476 0.999998033 0.000911030 -0.104599670 0.000195010 -0.000910697 0.999999583 2.825736523
0.999998987 0.001330877 -0.000587351 0.071356013 -0.001330215 0.999998510 0.001126266 -0.109703101 0.000588849 -0.001125484 0.999999225 3.065114260
0.999998868 0.001394554 -0.000616488 0.075356834 -0.001393986 0.999998569 0.000920903 -0.114234410 0.000617771 -0.000920043 0.999999404 3.301177740
0.999998868 0.001398845 -0.000478658 0.084300674 -0.001398381 0.999998569 0.000966781 -0.124086909 0.000480010 -0.000966111 0.999999344 3.536967754
0.999999285 0.001066654 -0.000474484 0.087191597 -0.001066193 0.999998987 0.000971649 -0.126432180 0.000475520 -0.000971143 0.999999344 3.800305843
0.999999046 0.001280894 -0.000438343 0.093613610 -0.001280515 0.999998868 0.000864561 -0.135060966 0.000439450 -0.000863999 0.999999464 4.058686733
0.999998629 0.001560072 -0.000481112 0.095795244 -0.001559564 0.999998271 0.001053491 -0.141774222 0.000482755 -0.001052739 0.999999344 4.317243576
0.999998629 0.001515272 -0.000682142 0.104249157 -0.001514520 0.999998212 0.001101287 -0.150429934 0.000683810 -0.001100252 0.999999106 4.563248158
0.999998331 0.001709361 -0.000581657 0.110347457 -0.001708619 0.999997795 0.001275029 -0.157295525 0.000583835 -0.001274033 0.999998987 4.821564198
0.999998569 0.001534252 -0.000672486 0.113639511 -0.001533400 0.999998093 0.001265428 -0.161396831 0.000674426 -0.001264395 0.999998927 5.090786457
0.999998629 0.001599615 -0.000437386 0.117118195 -0.001599202 0.999998271 0.000942077 -0.168242738 0.000438893 -0.000941376 0.999999404 5.342136860
0.999998569 0.001633035 -0.000463609 0.122624531 -0.001632406 0.999997675 0.001354020 -0.180551320 0.000465819 -0.001353261 0.999998927 5.612918377
0.999998987 0.001269093 -0.000680286 0.128237441 -0.001268057 0.999998033 0.001520841 -0.189402133 0.000682214 -0.001519977 0.999998629 5.881947041
0.999998868 0.001213878 -0.000799406 0.138305306 -0.001212617 0.999998033 0.001575986 -0.195771754 0.000801318 -0.001575015 0.999998450 6.164559364
0.999998212 0.001614201 -0.000977130 0.142534763 -0.001612592 0.999997318 0.001644575 -0.205332860 0.000979783 -0.001642996 0.999998152 6.439804077
0.999998689 0.001393792 -0.000803512 0.147311971 -0.001392428 0.999997616 0.001695640 -0.221806630 0.000805874 -0.001694519 0.999998152 6.721840382
0.999998450 0.001653666 -0.000593657 0.151969001 -0.001652861 0.999997735 0.001354434 -0.225044638 0.000595896 -0.001353451 0.999998927 7.022166252
0.999997556 0.002038614 -0.000889352 0.162915468 -0.002037112 0.999996483 0.001687130 -0.237451002 0.000892789 -0.001685314 0.999998152 7.312667370
0.999998450 0.001705504 -0.000505088 0.160873398 -0.001704881 0.999997795 0.001231797 -0.240430117 0.000507188 -0.001230934 0.999999046 7.635664463
0.999999046 0.001256666 -0.000598788 0.172380239 -0.001255663 0.999997795 0.001672400 -0.257639050 0.000600888 -0.001671647 0.999998391 7.942569733
0.999998808 0.001494772 -0.000277615 0.173562452 -0.001494330 0.999997616 0.001586143 -0.263080418 0.000279985 -0.001585727 0.999998689 8.268793106
0.999998927 0.001454277 -0.000274270 0.181298479 -0.001453830 0.999997616 0.001621060 -0.275092423 0.000276627 -0.001620659 0.999998689 8.595706940
0.999998271 0.001885561 -0.000009289 0.179892406 -0.001885549 0.999997616 0.001126915 -0.278317183 0.000011414 -0.001126896 0.999999404 8.935894966
0.999998987 0.001346488 -0.000333048 0.191029534 -0.001345878 0.999997437 0.001824429 -0.293992013 0.000335504 -0.001823979 0.999998212 9.265371323
0.999999285 0.001083389 -0.000454429 0.205107793 -0.001082160 0.999995768 0.002695415 -0.308404833 0.000457347 -0.002694922 0.999996245 9.595844269
0.999999225 0.000781359 -0.000974559 0.216998249 -0.000778967 0.999996722 0.002452069 -0.317989469 0.000976472 -0.002451308 0.999996483 9.942833900
0.999998689 0.001610848 -0.000074856 0.209184498 -0.001610712 0.999997139 0.001772335 -0.322943419 0.000077711 -0.001772212 0.999998391 10.313869476
0.999998331 0.001821109 -0.000109013 0.214637429 -0.001820862 0.999995887 0.002218794 -0.337628603 0.000113053 -0.002218592 0.999997556 10.667278290
0.999998927 0.001388314 0.000247100 0.219969466 -0.001388802 0.999997079 0.001983772 -0.342887789 -0.000244346 -0.001984113 0.999998033 11.032784462
0.999998629 0.001607423 0.000277346 0.227828264 -0.001608001 0.999996424 0.002096030 -0.355669945 -0.000273976 -0.002096473 0.999997795 11.410552979
0.999999166 0.001325805 0.000084632 0.239377826 -0.001325962 0.999997318 0.001884694 -0.361980438 -0.000082133 -0.001884804 0.999998271 11.787630081
0.999999285 0.001198624 0.000119153 0.248036101 -0.001198866 0.999997199 0.002049690 -0.376519024 -0.000116696 -0.002049831 0.999997914 12.176351547
0.999999404 0.001189351 0.000072727 0.257056385 -0.001189485 0.999997556 0.001879885 -0.385794550 -0.000070491 -0.001879970 0.999998271 12.570972443
0.999999225 0.001256068 0.000254400 0.262545288 -0.001256618 0.999996901 0.002172722 -0.395944297 -0.000251670 -0.002173041 0.999997616 12.968294144
0.999998748 0.001430583 0.000699267 0.264699817 -0.001432123 0.999996483 0.002205950 -0.409253985 -0.000696108 -0.002206948 0.999997258 13.352508545
0.999999285 0.000880162 0.000750799 0.275040090 -0.000881690 0.999997497 0.002037308 -0.417038262 -0.000749004 -0.002037969 0.999997675 13.763751984
0.999998450 0.001362807 0.001137935 0.279818833 -0.001365594 0.999996066 0.002451415 -0.428580880 -0.001134590 -0.002452965 0.999996364 14.185476303
0.999997854 0.001743301 0.001113439 0.292457104 -0.001746136 0.999995232 0.002549877 -0.441006750 -0.001108988 -0.002551815 0.999996126 14.606263161
0.999997616 0.001303641 0.001751775 0.299034506 -0.001308236 0.999995649 0.002624249 -0.452486128 -0.001748347 -0.002626534 0.999994993 15.026706696
0.999998033 0.001451793 0.001308184 0.315430254 -0.001455139 0.999995649 0.002559981 -0.467134386 -0.001304462 -0.002561880 0.999995887 15.466999054
0.999997795 0.001169809 0.001704337 0.324819893 -0.001174541 0.999995470 0.002778124 -0.480657995 -0.001701079 -0.002780120 0.999994636 15.905376434
0.999997556 0.001339067 0.001752096 0.336292982 -0.001344129 0.999994874 0.002891275 -0.492829025 -0.001748216 -0.002893623 0.999994278 16.343938828
0.999995828 0.001706537 0.002324667 0.343387246 -0.001711848 0.999995887 0.002284389 -0.501905143 -0.002320760 -0.002288359 0.999994695 16.789045334
0.999995530 0.001549179 0.002554277 0.353134722 -0.001556704 0.999994457 0.002947066 -0.518315196 -0.002549698 -0.002951029 0.999992371 17.244808197
0.999992907 0.001699226 0.003369364 0.360090554 -0.001710018 0.999993324 0.003202638 -0.531496823 -0.003363900 -0.003208377 0.999989212 17.704677582
0.999993861 0.000910727 0.003424051 0.372329831 -0.000921979 0.999994159 0.003285809 -0.544561028 -0.003421040 -0.003288945 0.999988735 18.171501160
0.999992311 0.001440454 0.003661625 0.379490674 -0.001452454 0.999993563 0.003276588 -0.552151561 -0.003656881 -0.003281881 0.999987960 18.641202927
0.999993324 0.001448676 0.003346193 0.400426745 -0.001459633 0.999993563 0.003274169 -0.569848716 -0.003341428 -0.003279031 0.999988973 19.110923767
0.999991596 0.001945895 0.003605741 0.409695268 -0.001956392 0.999993801 0.002909818 -0.576483786 -0.003600057 -0.002916848 0.999989212 19.602111816
0.999989986 0.001643502 0.004149525 0.419494063 -0.001658290 0.999992251 0.003562707 -0.595589280 -0.004143639 -0.003569552 0.999984980 20.065605164
0.999990642 0.001678230 0.003968205 0.435157746 -0.001692135 0.999992311 0.003503358 -0.612257361 -0.003962296 -0.003510039 0.999985993 20.574115753
0.999994397 0.001646293 0.002920026 0.455978811 -0.001656142 0.999992907 0.003373670 -0.616779149 -0.002914451 -0.003378487 0.999990046 21.064386368
0.999995172 0.001946620 0.002433590 0.467412472 -0.001955023 0.999992132 0.003455284 -0.626366258 -0.002426845 -0.003460024 0.999991059 21.569232941
0.999994636 0.001801200 0.002748058 0.461900175 -0.001811875 0.999990761 0.003887223 -0.641390741 -0.002741031 -0.003892181 0.999988675 22.075618744
0.999997377 0.001618299 0.001630549 0.484902740 -0.001624086 0.999992371 0.003553718 -0.653162837 -0.001624785 -0.003556357 0.999992371 22.573352814
0.999997795 0.001756338 0.001194427 0.495560020 -0.001760308 0.999992907 0.003330372 -0.666320086 -0.001188569 -0.003332467 0.999993742 23.094455719
0.999997437 0.001961973 0.001150795 0.501667321 -0.001965752 0.999992728 0.003292164 -0.682450712 -0.001144328 -0.003294418 0.999993920 23.623922348
0.999999523 0.000968503 -0.000201600 0.515955210 -0.000967952 0.999995828 0.002712213 -0.692458987 0.000204226 -0.002712016 0.999996305 24.148323059
0.999997854 0.002049039 -0.000306089 0.522156060 -0.002048174 0.999993920 0.002799117 -0.704315603 0.000311823 -0.002798484 0.999996066 24.681041718
0.999994636 0.003251238 -0.000564304 0.529110610 -0.003249725 0.999991119 0.002661193 -0.712496042 0.000572951 -0.002659344 0.999996305 25.229410172
0.999995470 0.002055780 -0.002200869 0.541522741 -0.002047140 0.999990225 0.003920881 -0.742192268 0.002208909 -0.003916358 0.999989808 25.757852554
0.999995470 0.002373327 -0.001848944 0.543053210 -0.002367100 0.999991536 0.003362857 -0.751674235 0.001856909 -0.003358465 0.999992609 26.321113586
0.999994934 0.002380294 -0.002108080 0.551113248 -0.002371900 0.999989331 0.003974769 -0.763072312 0.002117519 -0.003969749 0.999989867 26.866662979
0.999992907 0.001229176 -0.003553983 0.574875772 -0.001213671 0.999989748 0.004361588 -0.782877743 0.003559308 -0.004357243 0.999984145 27.413026810
0.999990940 0.002356785 -0.003537123 0.578851759 -0.002340969 0.999987304 0.004468932 -0.798073947 0.003547610 -0.004460611 0.999983728 27.965167999
0.999991953 0.002645470 -0.003015351 0.576690435 -0.002631006 0.999985039 0.004790979 -0.808070183 0.003027981 -0.004783007 0.999983966 28.506896973
0.999990821 0.002430679 -0.003521592 0.589459181 -0.002415973 0.999988437 0.004174170 -0.819221735 0.003531697 -0.004165623 0.999985099 29.049465179
0.999985099 0.002060043 -0.005053493 0.617222309 -0.002036668 0.999987185 0.004626312 -0.837835371 0.005062959 -0.004615950 0.999976456 29.591384888
0.999982417 0.002216779 -0.005496657 0.622233987 -0.002190528 0.999986172 0.004777080 -0.850931406 0.005507172 -0.004764956 0.999973476 30.133630753
0.999982834 0.002229505 -0.005415597 0.631234050 -0.002204485 0.999986887 0.004621666 -0.863554060 0.005425830 -0.004609648 0.999974668 30.682722092
0.999977767 0.002446084 -0.006221328 0.644200027 -0.002416993 0.999986112 0.004679311 -0.881109953 0.006232689 -0.004664170 0.999969721 31.233982086
0.999977171 0.003098336 -0.006001463 0.648028255 -0.003067245 0.999981821 0.005182871 -0.895035267 0.006017413 -0.005164345 0.999968529 31.786182404
0.999975026 0.002335846 -0.006665546 0.672841132 -0.002299199 0.999982297 0.005500366 -0.919787228 0.006678275 -0.005484903 0.999962687 32.336154938
0.999976277 0.003159259 -0.006136867 0.656780481 -0.003132864 0.999985754 0.004305808 -0.909302950 0.006150384 -0.004286479 0.999971926 32.871986389
0.999955297 0.001769310 -0.009290254 0.689636290 -0.001726551 0.999987841 0.004608577 -0.932376087 0.009298296 -0.004592330 0.999946237 33.403129578
0.999964356 0.001740535 -0.008264458 0.675267816 -0.001709565 0.999991477 0.003752992 -0.927114010 0.008270920 -0.003738730 0.999958813 33.984550476
0.999976158 0.002415605 -0.006466310 0.672480583 -0.002384745 0.999985754 0.004775993 -0.954036832 0.006477755 -0.004760459 0.999967635 34.484935760
0.999977529 0.003214699 -0.005883552 0.670502961 -0.003187601 0.999984264 0.004609448 -0.963383436 0.005898278 -0.004590589 0.999972045 35.047512054
0.999977112 0.002618881 -0.006238173 0.690128028 -0.002588227 0.999984622 0.004916992 -0.982383311 0.006250953 -0.004900733 0.999968410 35.570316315
0.999971032 0.002140263 -0.007308277 0.695727468 -0.002105058 0.999986112 0.004821483 -0.993915975 0.007318495 -0.004805958 0.999961615 36.118728638
0.999975741 0.002262283 -0.006593657 0.697672606 -0.002234597 0.999988675 0.004203362 -1.001281023 0.006603091 -0.004188525 0.999969423 36.670635223
0.999975562 0.002530047 -0.006528835 0.707906127 -0.002499121 0.999985576 0.004740704 -1.017128468 0.006540736 -0.004724272 0.999967396 37.206035614
0.999967694 0.002335512 -0.007686153 0.723448157 -0.002297541 0.999985158 0.004945242 -1.035145164 0.007697587 -0.004927423 0.999958217 37.750652313
0.999970138 0.001997049 -0.007460338 0.728837729 -0.001962645 0.999987423 0.004616152 -1.044414878 0.007469462 -0.004601372 0.999961495 38.303707123
0.999966323 0.002523937 -0.007815978 0.740294456 -0.002485060 0.999984562 0.004979777 -1.061499119 0.007828426 -0.004960185 0.999957025 38.847743988
0.999965906 0.002657993 -0.007833899 0.738080263 -0.002617614 0.999983251 0.005160104 -1.078437924 0.007847484 -0.005139422 0.999956012 39.396461487
0.999966264 0.002901963 -0.007690081 0.746329129 -0.002862135 0.999982417 0.005185100 -1.090805411 0.007704993 -0.005162915 0.999957025 39.940948486
0.999967277 0.002979462 -0.007522085 0.760113358 -0.002936513 0.999979377 0.005714351 -1.111150622 0.007538956 -0.005692075 0.999955416 40.481533051
0.999959409 0.002529390 -0.008643112 0.771030307 -0.002484203 0.999983132 0.005234860 -1.119219780 0.008656207 -0.005213176 0.999948919 41.049087524
0.999957800 0.002940046 -0.008705362 0.782011211 -0.002895567 0.999982715 0.005117493 -1.124214053 0.008720257 -0.005092070 0.999948978 41.594596863
0.999956071 0.002354568 -0.009079137 0.791662276 -0.002304860 0.999982297 0.005481448 -1.148470759 0.009091884 -0.005460280 0.999943733 42.129478455
0.999959052 0.003508025 -0.008351063 0.792629182 -0.003469640 0.999983370 0.004606409 -1.135651350 0.008367086 -0.004577246 0.999954462 42.687644958
0.999953866 0.003713374 -0.008853962 0.787346244 -0.003663196 0.999977171 0.005676752 -1.165989518 0.008874839 -0.005644057 0.999944687 43.241813660
0.999954343 0.003474929 -0.008903610 0.795957804 -0.003427947 0.999980092 0.005286737 -1.179022551 0.008921805 -0.005255975 0.999946415 43.791923523
0.999957740 0.002254094 -0.008912819 0.810977638 -0.002211363 0.999985993 0.004801321 -1.187926769 0.008923518 -0.004781409 0.999948800 44.337062836
0.999956965 0.003740871 -0.008488853 0.795940876 -0.003692883 0.999977171 0.005661546 -1.208212972 0.008509837 -0.005629954 0.999947965 44.885265350
0.999960721 0.003703979 -0.008051005 0.806537807 -0.003660942 0.999978960 0.005353633 -1.216758847 0.008070664 -0.005323948 0.999953330 45.434352875
0.999955833 0.003515949 -0.008715020 0.822186172 -0.003464453 0.999976516 0.005916906 -1.236728191 0.008735619 -0.005886452 0.999944448 45.986923218
0.999955297 0.002870316 -0.009008911 0.832409680 -0.002818845 0.999979615 0.005720809 -1.249845386 0.009025149 -0.005695157 0.999943018 46.526084900
0.999953985 0.003455821 -0.008945693 0.830400527 -0.003407203 0.999979377 0.005444250 -1.251186132 0.008964324 -0.005413520 0.999945104 47.080455780
0.999958217 0.003631871 -0.008382909 0.828942299 -0.003586422 0.999978840 0.005430301 -1.260417938 0.008402454 -0.005400010 0.999950111 47.624477386
0.999954820 0.003061916 -0.009001922 0.835180044 -0.003013369 0.999980867 0.005401607 -1.272579312 0.009018290 -0.005374237 0.999944806 48.187812805
0.999956310 0.002233732 -0.009081071 0.849904776 -0.002183929 0.999982536 0.005490608 -1.283846855 0.009093178 -0.005470535 0.999943674 48.731460571
0.999952734 0.002987354 -0.009253701 0.847807586 -0.002939164 0.999981999 0.005216944 -1.290067792 0.009269120 -0.005189498 0.999943554 49.282302856
0.999952137 0.003439675 -0.009165240 0.860342383 -0.003395372 0.999982536 0.004844932 -1.303673029 0.009181744 -0.004813581 0.999946237 49.834041595
0.999955058 0.003097630 -0.008957161 0.855506659 -0.003051131 0.999981821 0.005200338 -1.316305757 0.008973108 -0.005172776 0.999946296 50.384033203
0.999956727 0.003680481 -0.008546850 0.857693791 -0.003639799 0.999982059 0.004770550 -1.328022003 0.008564255 -0.004739235 0.999952078 50.931926727
0.999954224 0.002934473 -0.009104826 0.868462443 -0.002889185 0.999983430 0.004983230 -1.342441797 0.009119298 -0.004956697 0.999946058 51.483505249
0.999951959 0.003013974 -0.009329595 0.874911070 -0.002969857 0.999984384 0.004738979 -1.352157593 0.009343731 -0.004711044 0.999945164 52.029911041
0.999953210 0.002809774 -0.009255347 0.880220175 -0.002764879 0.999984324 0.004860042 -1.366453528 0.009268858 -0.004834224 0.999945343 52.582622528
0.999956787 0.002800535 -0.008856071 0.879107714 -0.002758193 0.999984741 0.004789627 -1.376383901 0.008869348 -0.004764994 0.999949336 53.123592377
0.999953151 0.002642209 -0.009303954 0.889292955 -0.002596406 0.999984384 0.004931497 -1.392395854 0.009316840 -0.004907109 0.999944508 53.681453705
0.999956667 0.002541933 -0.008952687 0.900671184 -0.002497849 0.999984622 0.004931846 -1.406242013 0.008965088 -0.004909270 0.999947727 54.225990295
0.999953449 0.003020413 -0.009164308 0.902874470 -0.002978085 0.999984801 0.004628846 -1.412242293 0.009178150 -0.004601338 0.999947309 54.767055511
0.999952793 0.003266622 -0.009148199 0.906197011 -0.003220542 0.999982119 0.005047278 -1.431815386 0.009164522 -0.005017578 0.999945462 55.309852600
0.999960840 0.003112338 -0.008288087 0.905273080 -0.003072679 0.999983788 0.004793488 -1.435234904 0.008302871 -0.004767834 0.999954224 55.874610901
0.999949574 0.002473150 -0.009731975 0.922998667 -0.002427019 0.999985874 0.004749049 -1.453990459 0.009743582 -0.004725191 0.999941349 56.407230377
0.999953687 0.002557509 -0.009279289 0.933068573 -0.002514036 0.999985814 0.004693527 -1.468893170 0.009291163 -0.004669981 0.999945879 56.946163177
0.999947965 0.003094039 -0.009721420 0.938117266 -0.003048806 0.999984622 0.004664434 -1.477245450 0.009735701 -0.004634553 0.999941885 57.502029419
0.999949634 0.002500080 -0.009722813 0.943317652 -0.002456620 0.999986947 0.004479382 -1.491242647 0.009733884 -0.004455271 0.999942720 58.043575287
0.999948740 0.002617246 -0.009783541 0.951641262 -0.002576219 0.999987841 0.004203491 -1.499230385 0.009794424 -0.004178072 0.999943256 58.583126068
0.999952614 0.003013942 -0.009262386 0.950204253 -0.002977689 0.999987900 0.003925259 -1.504003048 0.009274104 -0.003897493 0.999949396 59.138420105
0.999950767 0.002856063 -0.009507563 0.958662987 -0.002814045 0.999986231 0.004429888 -1.527161717 0.009520084 -0.004402915 0.999944985 59.664840698
0.999946535 0.002766957 -0.009962441 0.966134608 -0.002727487 0.999988496 0.003973208 -1.529523730 0.009973319 -0.003945824 0.999942482 60.211235046
0.999947608 0.002729655 -0.009880537 0.971344352 -0.002689878 0.999988258 0.004036961 -1.540778160 0.009891440 -0.004010172 0.999943018 60.763210297
0.999946594 0.003070968 -0.009868842 0.982187092 -0.003030510 0.999987006 0.004111845 -1.556508780 0.009881339 -0.004081718 0.999942839 61.307594299
0.999944270 0.003373035 -0.009996400 0.980615675 -0.003335044 0.999987304 0.003814595 -1.561468124 0.010009138 -0.003781045 0.999942780 61.854179382
0.999941766 0.002959726 -0.010371299 0.987063885 -0.002921986 0.999989033 0.003652181 -1.574228168 0.010381996 -0.003621664 0.999939620 62.404109955
0.999948502 0.003231803 -0.009619398 0.984667420 -0.003201174 0.999989808 0.003197825 -1.583907127 0.009629635 -0.003166866 0.999948680 62.958309174
0.999943733 0.003163041 -0.010120150 0.997681558 -0.003124016 0.999987602 0.003869598 -1.602681637 0.010132263 -0.003837766 0.999941289 63.492122650
0.999942720 0.003457351 -0.010124243 1.001236558 -0.003419859 0.999987245 0.003718147 -1.618609071 0.010136968 -0.003683311 0.999941826 64.048416138
0.999948144 0.003383643 -0.009610703 0.997294247 -0.003346696 0.999987006 0.003857905 -1.631931305 0.009623632 -0.003825540 0.999946296 64.598175049
0.999942124 0.003561250 -0.010152210 1.010234237 -0.003524184 0.999987066 0.003666529 -1.637051225 0.010165135 -0.003630539 0.999941766 65.119369507
0.999944150 0.003351362 -0.010021606 1.016569376 -0.003314547 0.999987721 0.003687903 -1.651641846 0.010033841 -0.003654480 0.999943018 65.671134949
0.999942958 0.003542208 -0.010074407 1.026965857 -0.003506361 0.999987483 0.003573623 -1.663021207 0.010086938 -0.003538094 0.999942899 66.205825806
0.999939501 0.003270682 -0.010504159 1.040944576 -0.003236210 0.999989331 0.003297053 -1.677929044 0.010514831 -0.003262860 0.999939382 66.753616333
0.999941945 0.003356010 -0.010232947 1.028511167 -0.003323083 0.999989271 0.003233056 -1.687241316 0.010243686 -0.003198863 0.999942422 67.308387756
0.999944806 0.003737703 -0.009824273 1.029173255 -0.003705970 0.999987900 0.003246173 -1.699204564 0.009836287 -0.003209585 0.999946475 67.855644226
0.999950528 0.003951114 -0.009123768 1.024528980 -0.003916314 0.999984980 0.003828856 -1.720368981 0.009138757 -0.003792935 0.999951005 68.391593933
0.999945819 0.004366064 -0.009450283 1.040449858 -0.004339979 0.999986708 0.002778898 -1.728117704 0.009462290 -0.002737734 0.999951482 68.952247620
0.999944568 0.003921806 -0.009771918 1.038460374 -0.003888728 0.999986649 0.003401676 -1.742994070 0.009785129 -0.003363488 0.999946475 69.473869324
0.999947786 0.003908615 -0.009446568 1.044305563 -0.003880011 0.999987841 0.003044551 -1.753366232 0.009458354 -0.003007740 0.999950767 70.020942688
0.999949396 0.002996417 -0.009609273 1.052632809 -0.002963985 0.999989808 0.003387610 -1.772704124 0.009619325 -0.003358956 0.999948084 70.568572998
0.999946058 0.003637846 -0.009719597 1.054826498 -0.003609587 0.999989212 0.002923287 -1.777078748 0.009730127 -0.002888046 0.999948442 71.119033813
0.999942064 0.003462814 -0.010189774 1.069838762 -0.003426136 0.999987543 0.003614753 -1.796749115 0.010202164 -0.003579631 0.999941528 71.667404175
0.999944270 0.003718155 -0.009875352 1.069351673 -0.003683682 0.999987066 0.003506702 -1.812229753 0.009888263 -0.003470129 0.999945164 72.217521667
0.999946892 0.004256388 -0.009384942 1.063022256 -0.004225435 0.999985576 0.003315408 -1.827714801 0.009398919 -0.003275577 0.999950469 72.754806519
0.999950349 0.003137734 -0.009461615 1.073804617 -0.003106617 0.999989748 0.003301820 -1.843796968 0.009471879 -0.003272263 0.999949813 73.298286438
0.999948442 0.004024689 -0.009325338 1.072599411 -0.003993209 0.999986291 0.003391877 -1.856153131 0.009338862 -0.003354465 0.999950707 73.853256226
0.999947011 0.003964511 -0.009496399 1.081069112 -0.003932704 0.999986589 0.003365737 -1.868825912 0.009509616 -0.003328212 0.999949217 74.381233215
0.999944627 0.003051217 -0.010071005 1.094927311 -0.003017676 0.999989808 0.003344105 -1.880151033 0.010081106 -0.003313528 0.999943733 74.928466797
0.999944806 0.003844877 -0.009779490 1.091772079 -0.003805453 0.999984562 0.004046611 -1.893575430 0.009794897 -0.004009172 0.999943972 75.475006104
0.999946713 0.003871790 -0.009568166 1.103327870 -0.003835215 0.999985278 0.003837802 -1.911484718 0.009582885 -0.003800902 0.999946833 76.010627747
0.999944448 0.004942690 -0.009311825 1.103864193 -0.004904684 0.999979556 0.004099930 -1.926839471 0.009331900 -0.004054030 0.999948204 76.558395386
0.999951422 0.005093283 -0.008434528 1.104108810 -0.005064703 0.999981344 0.003406254 -1.936258793 0.008451720 -0.003363370 0.999958634 77.112930298
0.999948084 0.004061792 -0.009360610 1.118392706 -0.004030461 0.999986231 0.003363604 -1.945620179 0.009374144 -0.003325702 0.999950528 77.680984497
0.999945998 0.003073667 -0.009935297 1.131993771 -0.003038268 0.999989033 0.003576122 -1.967408180 0.009946180 -0.003545743 0.999944270 78.215339661
0.999947071 0.004160065 -0.009413270 1.135291576 -0.004126896 0.999985158 0.003540421 -1.979127884 0.009427859 -0.003501386 0.999949455 78.763992310
0.999947488 0.003938730 -0.009461929 1.134961843 -0.003903705 0.999985397 0.003717363 -1.993240237 0.009476434 -0.003680231 0.999948323 79.298179626
0.999943197 0.005348791 -0.009221535 1.135853529 -0.005313947 0.999978662 0.003798979 -2.006509066 0.009241659 -0.003749761 0.999950230 79.848526001
0.999945879 0.003945968 -0.009623582 1.147076845 -0.003914508 0.999987066 0.003285800 -2.015620708 0.009636423 -0.003247952 0.999948323 80.387619019
0.999957323 0.003963926 -0.008334463 1.153016210 -0.003933926 0.999985754 0.003612906 -2.028765917 0.008348665 -0.003579965 0.999958754 80.939208984
0.999964893 0.004313278 -0.007173585 1.159885764 -0.004286691 0.999983907 0.003717547 -2.043832541 0.007189504 -0.003686666 0.999967396 81.483169556
0.999972224 0.004606832 -0.005859228 1.162543178 -0.004583753 0.999981701 0.003946261 -2.065670013 0.005877301 -0.003919295 0.999975026 82.020370483
0.999979138 0.004910811 -0.004210119 1.169599771 -0.004894058 0.999980092 0.003980632 -2.077152729 0.004229584 -0.003959944 0.999983191 82.566551208
0.999987602 0.004732965 -0.001510018 1.192145824 -0.004727751 0.999982834 0.003436821 -2.082332373 0.001526258 -0.003429640 0.999992967 83.117019653
0.999987245 0.004580257 0.002123610 1.207968831 -0.004588448 0.999981940 0.003868619 -2.095882654 -0.002105854 -0.003878314 0.999990284 83.661811829
0.999972701 0.005273200 0.005188091 1.229947925 -0.005295104 0.999977052 0.004217483 -2.124525785 -0.005165733 -0.004244839 0.999977648 84.219581604
0.999939978 0.004605643 0.009940858 1.251281023 -0.004639807 0.999983370 0.003416424 -2.124512672 -0.009924958 -0.003462343 0.999944746 84.766082764
0.999858081 0.004668403 0.016182724 1.270824671 -0.004720146 0.999983847 0.003160712 -2.134420395 -0.016167706 -0.003236649 0.999864042 85.325950623
0.999766052 0.004916656 0.021065868 1.296599030 -0.004986080 0.999982357 0.003244258 -2.150515556 -0.021049540 -0.003348535 0.999772847 85.854759216
0.999629259 0.003962688 0.026936661 1.329204440 -0.004056229 0.999985874 0.003418874 -2.163993359 -0.026922731 -0.003526867 0.999631286 86.390731812
0.999377787 0.003910033 0.035051435 1.367156863 -0.004028650 0.999986410 0.003314136 -2.177711487 -0.035038002 -0.003453284 0.999379992 86.938575745
0.999047875 0.003961422 0.043446183 1.405212641 -0.004112518 0.999985814 0.003388949 -2.194786787 -0.043432128 -0.003564395 0.999050021 87.485069275
0.998722672 0.003876015 0.050379429 1.444657087 -0.004048330 0.999986291 0.003318742 -2.205302954 -0.050365876 -0.003518456 0.998724580 88.030143738
0.998262346 0.003233915 0.058838189 1.498949766 -0.003449601 0.999987721 0.003564523 -2.219594479 -0.058825929 -0.003761296 0.998261154 88.569076538
0.997575402 0.003524821 0.069504961 1.556944847 -0.003769168 0.999987185 0.003384698 -2.235203743 -0.069492146 -0.003638466 0.997575819 89.111434937
0.996962845 0.003264736 0.077810623 1.615951538 -0.003528629 0.999988556 0.003254238 -2.244730711 -0.077799097 -0.003518919 0.996962845 89.662361145
0.996283829 0.002925083 0.086080849 1.680344582 -0.003177754 0.999991000 0.002798393 -2.254583120 -0.086071886 -0.003061537 0.996284246 90.200599670
0.995292783 0.003045515 0.096865617 1.753948689 -0.003370916 0.999989212 0.003195839 -2.276865482 -0.096854843 -0.003507321 0.995292306 90.757110596
0.994137585 0.003965972 0.108050510 1.820848465 -0.004339782 0.999985337 0.003224659 -2.287756920 -0.108036138 -0.003674669 0.994140267 91.304428101
0.993153811 0.002807349 0.116780356 1.909173965 -0.003200256 0.999989748 0.003177135 -2.302490711 -0.116770230 -0.003529110 0.993152797 91.854598999
0.991753519 0.003109528 0.128122449 1.989562035 -0.003546464 0.999988616 0.003182304 -2.309442997 -0.128111079 -0.003610443 0.991753221 92.403076172
0.990146518 0.002505830 0.140013367 2.092343330 -0.002974524 0.999990642 0.003138331 -2.323753834 -0.140004188 -0.003523880 0.990144730 92.923530579
0.988666594 0.001721946 0.150117368 2.208647728 -0.002263549 0.999991536 0.003437073 -2.347530365 -0.150110185 -0.003737917 0.988662124 93.472122192
0.987012327 0.002617417 0.160622776 2.308364868 -0.003258880 0.999987721 0.003730295 -2.358721972 -0.160611019 -0.004205298 0.987008750 94.032142639
0.984798551 0.001424575 0.173694104 2.423144341 -0.002028599 0.999992430 0.003300038 -2.362556696 -0.173688114 -0.003602229 0.984794080 94.562599182
0.982491553 0.001135121 0.186303288 2.554450035 -0.001785940 0.999992847 0.003325540 -2.384853363 -0.186298177 -0.003600043 0.982486665 95.115417480
0.980556607 0.000497455 0.196235329 2.685112000 -0.001217426 0.999992907 0.003548306 -2.399577141 -0.196232200 -0.003718218 0.980550468 95.641693115
0.977944851 0.000816561 0.208861545 2.832397461 -0.001699557 0.999990344 0.004048233 -2.422823191 -0.208856210 -0.004313921 0.977936864 96.133247375
0.974792361 0.000727170 0.223112836 2.956233978 -0.001649288 0.999990880 0.003946655 -2.430583954 -0.223107979 -0.004215147 0.974784553 96.693962097
0.972181261 0.000701049 0.234228909 3.103036880 -0.001765115 0.999989092 0.004333243 -2.447644234 -0.234223321 -0.004626139 0.972171843 97.229324341
0.969156146 -0.000356585 0.246447504 3.258993149 -0.000615059 0.999992371 0.003865613 -2.458537102 -0.246447027 -0.003897963 0.969148457 97.763557434
0.965502203 0.000367050 0.260394603 3.427490234 -0.001463309 0.999990880 0.004016144 -2.473600864 -0.260390699 -0.004258634 0.965493917 98.317047119
0.962033510 -0.000050235 0.272931337 3.597961426 -0.000973375 0.999992967 0.003615026 -2.482915163 -0.272929609 -0.003743441 0.962026656 98.848846436
0.958936572 -0.000232579 0.283620656 3.780797958 -0.000959260 0.999991298 0.004063337 -2.499404192 -0.283619106 -0.004168547 0.958927929 99.359718323
0.954523325 -0.001015557 0.298134476 3.945659637 -0.000260982 0.999990940 0.004241914 -2.514664888 -0.298136204 -0.004126814 0.954514384 99.892402649
0.950266957 -0.001491362 0.311432749 4.143327713 0.000187976 0.999991059 0.004215102 -2.526226044 -0.311436266 -0.003946930 0.950258791 100.393157959
0.946382999 -0.001750582 0.323042303 4.336412430 0.000416686 0.999991059 0.004198279 -2.534978867 -0.323046833 -0.003838572 0.946375310 100.910873413
0.941569567 -0.002932915 0.336805880 4.542184830 0.001645829 0.999990225 0.004106886 -2.545613527 -0.336814642 -0.003312593 0.941565156 101.426361084
0.936597407 -0.001825849 0.350402653 4.763702393 0.000477616 0.999992073 0.003934047 -2.567610741 -0.350407004 -0.003517260 0.936590910 101.950027466
0.932066917 -0.001914684 0.362280995 4.986394882 0.000224236 0.999988854 0.004708113 -2.583724022 -0.362285912 -0.004307040 0.932057023 102.458251953
0.927513182 -0.002487164 0.373782277 5.208927155 0.001038252 0.999991119 0.004077639 -2.592616796 -0.373789132 -0.003393984 0.927507460 102.954360962
0.921634197 -0.003031712 0.388047963 5.450824738 0.001508130 0.999989927 0.004230761 -2.608095646 -0.388056815 -0.003313987 0.921629488 103.464233398
0.915591598 -0.003080128 0.402097583 5.680252075 0.001629969 0.999990880 0.003948579 -2.615263462 -0.402106047 -0.002959878 0.915588260 103.968063354
0.910567343 -0.003871592 0.413342685 5.923709869 0.002280721 0.999988019 0.004342150 -2.635236263 -0.413354486 -0.003011100 0.910565138 104.445976257
0.904741943 -0.004616522 0.425935090 6.195446014 0.003069256 0.999985933 0.004318903 -2.648645401 -0.425949037 -0.002600189 0.904743373 104.941711426
0.898338020 -0.004595247 0.439280808 6.459758759 0.002969142 0.999985874 0.004388738 -2.661174297 -0.439294875 -0.002638283 0.898339093 105.431152344
0.892179012 -0.005032302 0.451654017 6.722225189 0.003259556 0.999983549 0.004702963 -2.677162886 -0.451670319 -0.002723695 0.892180741 105.907974243
0.886884272 -0.005033128 0.461964309 6.996585846 0.003258632 0.999983907 0.004638924 -2.689592361 -0.461980224 -0.002608818 0.886886418 106.385078430
0.879582047 -0.006178560 0.475706935 7.275871277 0.004676708 0.999979615 0.004340669 -2.696761370 -0.475724071 -0.001593232 0.879593194 106.857490540
0.872573972 -0.005693458 0.488448828 7.562637329 0.003938462 0.999981582 0.004620245 -2.709266663 -0.488466054 -0.002107768 0.872580349 107.336639404
0.866594076 -0.005942465 0.498978466 7.852169037 0.003827434 0.999978840 0.005261768 -2.720875263 -0.498999119 -0.002650009 0.866598487 107.823249817
