1.000000000 0.000000000 0.000000000 0.000000000 0.000000000 1.000000000 0.000000000 0.000000000 0.000000000 0.000000000 1.000000000 0.000000000
1.000000000 0.000043606 0.000174037 -0.003673882 -0.000043569 1.000000000 -0.000212191 0.004378660 -0.000174047 0.000212183 0.999999940 0.004019734
1.000000000 0.000045891 0.000073490 -0.002318001 -0.000045881 1.000000000 -0.000134218 0.002372388 -0.000073496 0.000134214 1.000000000 0.000712766
0.999999940 0.000309217 0.000112056 0.000102999 -0.000309200 0.999999940 -0.000157693 0.003726016 -0.000112104 0.000157659 1.000000000 -0.001846253
1.000000000 0.000238652 0.000049279 0.002688274 -0.000238648 0.999999940 -0.000082404 0.002006334 -0.000049298 0.000082392 1.000000000 -0.001331469
1.000000000 0.000162399 0.000067024 0.000186218 -0.000162395 1.000000000 -0.000055619 0.002126848 -0.000067033 0.000055608 1.000000000 -0.001213427
1.000000000 0.000129193 0.000131690 -0.001846968 -0.000129180 1.000000000 -0.000097678 0.002067596 -0.000131703 0.000097661 1.000000000 -0.000688809
1.000000000 0.000023489 -0.000004277 0.000855767 -0.000023490 1.000000000 -0.000023733 0.001761986 0.000004276 0.000023733 1.000000000 -0.002404691
1.000000000 0.000062050 0.000149815 -0.005266968 -0.000062023 1.000000000 -0.000180293 0.003819440 -0.000149827 0.000180284 1.000000000 0.004301329
0.999999940 0.000211362 0.000229842 -0.004783700 -0.000211336 1.000000000 -0.000116050 0.002071482 -0.000229867 0.000116002 0.999999940 -0.001394568
0.999999940 0.000182331 0.000196497 -0.003767032 -0.000182298 0.999999940 -0.000168075 0.002050491 -0.000196527 0.000168040 0.999999940 -0.000843728
1.000000000 0.000178738 0.000146016 -0.002351528 -0.000178722 1.000000000 -0.000108577 0.002822926 -0.000146035 0.000108551 1.000000000 -0.002724702
1.000000000 0.000110883 0.000198650 -0.005298600 -0.000110874 1.000000000 -0.000042780 0.000531561 -0.000198655 0.000042758 1.000000000 -0.003549110
1.000000000 -0.000001945 0.000106087 -0.002967500 0.000001956 1.000000000 -0.000105480 0.000620804 -0.000106087 0.000105480 1.000000000 -0.002313503
1.000000000 0.000087111 0.000085989 -0.000381905 -0.000087101 1.000000000 -0.000112869 0.002405658 -0.000085999 0.000112862 1.000000000 -0.005048837
1.000000000 -0.000197031 -0.000129677 0.002545436 0.000197027 1.000000000 -0.000028706 0.000801937 0.000129683 0.000028680 1.000000000 -0.006766258
0.999999940 -0.000274650 -0.000107048 0.002244512 0.000274643 0.999999940 -0.000063987 -0.000528337 0.000107066 0.000063957 1.000000000 -0.009161836
1.000000000 0.000002182 0.000153863 -0.003307566 -0.000002172 1.000000000 -0.000070212 0.000630483 -0.000153863 0.000070212 1.000000000 -0.002775283
1.000000000 0.000102426 -0.000001491 0.000038101 -0.000102426 1.000000000 -0.000000729 0.002273745 0.000001491 0.000000729 1.000000000 -0.007345121
1.000000000 -0.000102206 -0.000013811 -0.001482641 0.000102205 1.000000000 -0.000041901 -0.000387136 0.000013815 0.000041900 1.000000000 -0.007689771
1.000000000 -0.000020947 0.000063808 -0.001291270 0.000020953 1.000000000 -0.000094227 0.001139201 -0.000063806 0.000094228 1.000000000 -0.007148433
1.000000000 -0.000133995 0.000021655 0.000080202 0.000133996 1.000000000 -0.000028189 -0.000322049 -0.000021651 0.000028192 1.000000000 -0.003681347
1.000000000 0.000131605 0.000173183 -0.006509686 -0.000131568 0.999999940 -0.000215792 0.003702764 -0.000173211 0.000215769 0.999999940 0.004166842
1.000000000 -0.000079591 -0.000072803 0.000578809 0.000079583 1.000000000 -0.000114430 0.000730911 0.000072812 0.000114424 1.000000000 0.000793335
1.000000000 -0.000078118 0.000018732 -0.001128010 0.000078118 1.000000000 -0.000020760 0.002456751 -0.000018731 0.000020761 1.000000000 0.000645612
1.000000000 -0.000001552 -0.000047901 0.002526566 0.000001545 1.000000000 -0.000137847 0.003148460 0.000047901 0.000137847 1.000000000 -0.007041917
1.000000000 -0.000080367 0.000093121 -0.001756339 0.000080378 1.000000000 -0.000112972 0.002697414 -0.000093112 0.000112979 1.000000000 -0.004420197
0.999999940 0.000258397 0.000213253 -0.005325380 -0.000258355 0.999999940 -0.000198854 0.003283586 -0.000213304 0.000198799 0.999999940 0.000037363
1.000000000 0.000028671 0.000115368 -0.003195723 -0.000028668 1.000000000 -0.000026784 0.001966532 -0.000115368 0.000026781 1.000000000 -0.001050376
1.000000000 -0.000196805 0.000017391 -0.004743497 0.000196808 0.999999940 -0.000159771 0.005992945 -0.000017359 0.000159775 1.000000000 0.003057152
1.000000000 -0.000065887 0.000047684 -0.003781883 0.000065892 1.000000000 -0.000097906 0.002696792 -0.000047678 0.000097909 1.000000000 0.001345078
1.000000000 -0.000123317 0.000121724 -0.004008704 0.000123317 1.000000000 -0.000000439 0.001538790 -0.000121723 0.000000454 1.000000000 0.001378530
1.000000000 -0.000175035 0.000086881 -0.005189752 0.000175037 1.000000000 -0.000021048 0.002060740 -0.000086877 0.000021063 1.000000000 -0.000899960
1.000000000 -0.000115511 0.000011682 -0.002757166 0.000115510 1.000000000 0.000003658 0.001617892 -0.000011683 -0.000003656 1.000000000 -0.002583170
1.000000000 0.000099021 0.000083660 -0.004346585 -0.000099006 1.000000000 -0.000174495 0.002008856 -0.000083677 0.000174487 1.000000000 0.000572642
1.000000000 0.000041669 0.000099173 -0.004551051 -0.000041657 1.000000000 -0.000119047 0.003074243 -0.000099178 0.000119043 1.000000000 0.000396474
1.000000000 -0.000138469 -0.000174695 0.003284383 0.000138493 1.000000000 0.000139708 -0.000504256 0.000174676 -0.000139732 1.000000000 -0.012973003
1.000000000 -0.000030458 0.000063794 -0.003648621 0.000030476 0.999999940 -0.000282179 0.004780042 -0.000063785 0.000282180 0.999999940 0.001477148
1.000000000 -0.000174438 0.000059825 -0.002855437 0.000174439 1.000000000 -0.000029819 0.001826701 -0.000059820 0.000029830 1.000000000 -0.000726380
1.000000000 -0.000030067 -0.000046246 0.001003051 0.000030075 1.000000000 0.000165453 -0.001042205 0.000046241 -0.000165454 1.000000000 -0.008505417
0.999999940 -0.000278361 -0.000134959 0.000137141 0.000278359 0.999999940 -0.000009560 -0.000643450 0.000134962 0.000009523 1.000000000 -0.000239014
1.000000000 0.000057052 0.000088675 0.002030346 -0.000056998 0.999999821 -0.000609111 -0.004030414 -0.000088710 0.000609106 0.999999821 0.048990890
1.000000000 0.000035643 -0.000013456 -0.000411886 -0.000035664 0.999998748 -0.001563417 0.001109376 0.000013400 0.001563418 0.999998748 0.148112610
1.000000000 -0.000037338 -0.000060815 0.004868167 0.000037242 0.999998748 -0.001575310 -0.007446890 0.000060874 0.001575308 0.999998748 0.264396578
1.000000000 -0.000200276 0.000027615 0.002508494 0.000200314 0.999999046 -0.001383853 -0.012375040 -0.000027338 0.001383859 0.999999046 0.395829111
1.000000000 0.000038988 -0.000091082 0.005008926 -0.000039096 0.999999285 -0.001186934 -0.017576275 0.000091035 0.001186937 0.999999285 0.537537813
1.000000000 -0.000021895 0.000158265 0.006221057 0.000022048 0.999999523 -0.000967728 -0.031523403 -0.000158244 0.000967731 0.999999523 0.680203021
0.999999940 -0.000370074 0.000027021 0.019594124 0.000370091 0.999999762 -0.000621553 -0.032076303 -0.000026791 0.000621563 0.999999821 0.847105742
0.999999940 -0.000236449 -0.000154943 0.023371639 0.000236362 0.999999821 -0.000561490 -0.037157703 0.000155076 0.000561454 0.999999821 1.030482769
0.999999940 -0.000073457 0.000256415 0.013607584 0.000073645 0.999999702 -0.000733172 -0.038618281 -0.000256361 0.000733191 0.999999702 1.212980032
1.000000000 -0.000102455 -0.000023294 0.029786695 0.000102441 0.999999821 -0.000600258 -0.047332928 0.000023356 0.000600256 0.999999821 1.416629910
0.999999464 -0.000694890 -0.000762459 0.043412667 0.000694680 0.999999702 -0.000275573 -0.056916602 0.000762650 0.000275044 0.999999642 1.612108946
0.999999821 -0.000560684 0.000174370 0.032390993 0.000560696 0.999999821 -0.000067372 -0.062691502 -0.000174332 0.000067469 1.000000000 1.702713966
0.999999523 -0.000915461 0.000254926 0.037966341 0.000915429 0.999999523 0.000127514 -0.068524808 -0.000255043 -0.000127281 0.999999940 1.910134673
0.999999940 -0.000103481 0.000243490 0.043761615 0.000103431 0.999999940 0.000208683 -0.078967713 -0.000243512 -0.000208658 0.999999881 2.097137690
0.999999940 0.000137948 0.000152748 0.050399221 -0.000138016 0.999999940 0.000444102 -0.085490532 -0.000152687 -0.000444123 0.999999940 2.316641092
0.999999821 0.000406432 0.000435824 0.041903425 -0.000406661 0.999999881 0.000524407 -0.092485271 -0.000435611 -0.000524584 0.999999762 2.545278788
0.999999166 0.000824268 0.000941538 0.044428285 -0.000824996 0.999999404 0.000773211 -0.101028614 -0.000940900 -0.000773987 0.999999225 2.781793118
0.999999642 0.000499928 0.000703250 0.055384509 -0.000500434 0.999999642 0.000720560 -0.113462247 -0.000702890 -0.000720912 0.999999464 3.026710987
0.999999881 -0.000080594 0.000246162 0.064049952 0.000080435 0.999999762 0.000645397 -0.115583256 -0.000246214 -0.000645377 0.999999762 3.234238625
0.999999881 0.000022384 0.000361999 0.067116760 -0.000022666 0.999999642 0.000780179 -0.123538338 -0.000361982 -0.000780187 0.999999583 3.487360001
0.999999762 0.000441839 0.000505724 0.069256052 -0.000442186 0.999999702 0.000684956 -0.128904447 -0.000505421 -0.000685179 0.999999583 3.744056702
0.999999642 0.000374514 0.000729118 0.078151643 -0.000375280 0.999999404 0.001051195 -0.139849603 -0.000728724 -0.001051468 0.999999225 4.026689053
0.999999285 0.000852250 0.000772883 0.069167219 -0.000853230 0.999998748 0.001269261 -0.139154166 -0.000771801 -0.001269919 0.999998927 4.236618042
1.000000000 0.000088585 0.000179225 0.081347637 -0.000088865 0.999998689 0.001562342 -0.167699233 -0.000179086 -0.001562358 0.999998748 4.512068272
0.999999881 0.000212593 0.000393897 0.086461581 -0.000213240 0.999998569 0.001645106 -0.176813766 -0.000393547 -0.001645190 0.999998510 4.767352104
0.999999881 0.000300637 0.000510836 0.086450711 -0.000301349 0.999998927 0.001393498 -0.177387387 -0.000510416 -0.001393651 0.999998868 5.028825283
0.999999821 -0.000529094 0.000077458 0.092551455 0.000528972 0.999998569 0.001565894 -0.186874837 -0.000078286 -0.001565853 0.999998748 5.301160812
0.999999642 0.000220886 0.000701590 0.086490527 -0.000222240 0.999998093 0.001930658 -0.218745649 -0.000701162 -0.001930814 0.999997854 5.546340466
0.999999344 0.000493787 0.000931048 0.088300951 -0.000495648 0.999997854 0.001998874 -0.225760832 -0.000930059 -0.001999335 0.999997556 5.817023754
0.999999046 0.000911028 0.000973438 0.095359504 -0.000912944 0.999997556 0.001968942 -0.235101879 -0.000971642 -0.001969829 0.999997675 6.095606804
0.999998927 0.000356651 0.001357772 0.095283002 -0.000359598 0.999997556 0.002170984 -0.243701935 -0.001356994 -0.002171471 0.999996722 6.380634785
0.999999404 0.000077201 0.001008502 0.105911046 -0.000079579 0.999997199 0.002358227 -0.264530838 -0.001008317 -0.002358306 0.999996781 6.669615269
0.999999702 -0.000003185 0.000744624 0.119393885 0.000001661 0.999997854 0.002047406 -0.263835847 -0.000744629 -0.002047404 0.999997556 6.971109390
0.999999702 0.000181439 0.000689518 0.132841662 -0.000183072 0.999997139 0.002368923 -0.281970382 -0.000689086 -0.002369048 0.999996960 7.267493725
0.999999762 -0.000531132 0.000428537 0.147303745 0.000529996 0.999996364 0.002645830 -0.299128681 -0.000429941 -0.002645602 0.999996424 7.575659752
0.999999702 -0.000028273 0.000715610 0.145798206 0.000026332 0.999996305 0.002712741 -0.295818299 -0.000715684 -0.002712722 0.999996126 7.893066406
0.999999762 -0.000053998 0.000666892 0.148217186 0.000052244 0.999996543 0.002630692 -0.294064552 -0.000667031 -0.002630657 0.999996305 8.205742836
0.999999523 -0.000475153 0.000755134 0.142923445 0.000473193 0.999996543 0.002593819 -0.320582628 -0.000756363 -0.002593461 0.999996305 8.519756317
0.999999166 -0.000815209 0.000976388 0.145207971 0.000812529 0.999996006 0.002741401 -0.328564644 -0.000978618 -0.002740606 0.999995768 8.854351044
0.999999344 -0.000141189 0.001182848 0.158186808 0.000137645 0.999995530 0.002995573 -0.344670206 -0.001183266 -0.002995408 0.999994814 9.177396774
0.999998987 -0.001267096 0.000739625 0.175048679 0.001264862 0.999994755 0.003014399 -0.351079673 -0.000743440 -0.003013460 0.999995232 9.528256416
0.999999464 -0.000692759 0.000672549 0.187459871 0.000690694 0.999994993 0.003065747 -0.356413335 -0.000674669 -0.003065281 0.999995112 9.856523514
0.999999821 -0.000433698 0.000443402 0.215504140 0.000432313 0.999995053 0.003119041 -0.354920745 -0.000444752 -0.003118850 0.999994993 10.155173302
0.999999583 -0.000648534 0.000673805 0.179828987 0.000646033 0.999992907 0.003704973 -0.396317661 -0.000676203 -0.003704537 0.999992907 10.586492538
0.999999046 -0.001112140 0.000887552 0.181646347 0.001109113 0.999993563 0.003404155 -0.401529849 -0.000891333 -0.003403167 0.999993801 10.970314026
0.999999166 -0.000984917 0.000823896 0.187510073 0.000981721 0.999992013 0.003871553 -0.415899813 -0.000827703 -0.003870741 0.999992192 11.348467827
0.999998212 -0.001658349 0.000902068 0.205587268 0.001655133 0.999992311 0.003553970 -0.421294481 -0.000907955 -0.003552471 0.999993324 11.712203026
0.999999106 -0.001120285 0.000798997 0.210997030 0.001116979 0.999990880 0.004126272 -0.433243692 -0.000803612 -0.004125376 0.999991179 12.099619865
0.999999404 -0.000388892 0.001009280 0.216462865 0.000384642 0.999991059 0.004207554 -0.441248327 -0.001010907 -0.004207163 0.999990702 12.473027229
0.999998331 -0.001720426 0.000471650 0.232707426 0.001718324 0.999988675 0.004420722 -0.452749938 -0.000479250 -0.004419905 0.999990165 12.875147820
0.999999046 -0.001071827 0.000795385 0.239542022 0.001067755 0.999986410 0.005102719 -0.496445179 -0.000800843 -0.005101866 0.999986589 13.244475365
0.999999046 0.000108627 0.001332156 0.242081776 -0.000115388 0.999987066 0.005075731 -0.507117867 -0.001331587 -0.005075880 0.999986172 13.659844398
0.999999046 -0.000427263 0.001325426 0.252678484 0.000419990 0.999984860 0.005482891 -0.515045047 -0.001327748 -0.005482330 0.999984026 14.085629463
0.999998927 -0.000913548 0.001163779 0.266695112 0.000906800 0.999982834 0.005785769 -0.541619539 -0.001169045 -0.005784706 0.999982595 14.505773544
0.999998271 -0.001235640 0.001362689 0.276863068 0.001226829 0.999978483 0.006447650 -0.557908773 -0.001370627 -0.006445967 0.999978304 14.863467216
0.999996662 -0.002390837 0.000906799 0.303252608 0.002384982 0.999976695 0.006402961 -0.564816415 -0.000922086 -0.006400777 0.999979079 15.391939163
0.999996245 -0.002080314 0.001782345 0.314738870 0.002067273 0.999971271 0.007287737 -0.644159913 -0.001797455 -0.007284026 0.999971867 15.776744843
0.999994576 -0.002793204 0.001746715 0.331484079 0.002780505 0.999969959 0.007230795 -0.651836097 -0.001766860 -0.007225899 0.999972343 16.221376419
0.999992371 -0.003608190 0.001514425 0.342958927 0.003596683 0.999965191 0.007533353 -0.664633334 -0.001541554 -0.007527848 0.999970496 16.673624039
0.999992847 -0.003331953 0.001785488 0.344340473 0.003319040 0.999968767 0.007186959 -0.673791111 -0.001809379 -0.007180982 0.999972582 17.143754959
0.999995291 -0.001583414 0.002633673 0.343097657 0.001562609 0.999967635 0.007883308 -0.688709378 -0.002646070 -0.007879154 0.999965489 17.603965759
0.999993861 -0.001550742 0.003167628 0.360165596 0.001525359 0.999966800 0.008000175 -0.689423025 -0.003179929 -0.007995293 0.999962986 18.044425964
0.999992788 -0.002016385 0.003217117 0.369859725 0.001989401 0.999962926 0.008368923 -0.722734153 -0.003233874 -0.008362463 0.999959767 18.470447540
0.999992490 -0.002554858 0.002940617 0.391505390 0.002530103 0.999961555 0.008391826 -0.731374264 -0.002961944 -0.008384321 0.999960482 18.944755554
0.999990821 -0.003139627 0.002925016 0.410226822 0.003114411 0.999958336 0.008586102 -0.737193823 -0.002951851 -0.008576914 0.999958932 19.424205780
0.999993503 -0.001688502 0.003180624 0.402675062 0.001660421 0.999959826 0.008810895 -0.753508449 -0.003195374 -0.008805557 0.999956191 19.921976089
0.999994218 -0.001623663 0.003000994 0.417751402 0.001596769 0.999958694 0.008942537 -0.766155005 -0.003015390 -0.008937693 0.999955535 20.399658203
0.999994278 -0.001669594 0.002949874 0.437011242 0.001642073 0.999955297 0.009307663 -0.789059162 -0.002965283 -0.009302766 0.999952435 20.921295166
0.999994457 -0.002033379 0.002609597 0.422767282 0.002008046 0.999951184 0.009673420 -0.811076343 -0.002629139 -0.009668127 0.999949813 21.357088089
0.999995291 -0.001807230 0.002470983 0.429992169 0.001783139 0.999951243 0.009717114 -0.820019603 -0.002488424 -0.009712662 0.999949753 21.876941681
0.999994159 -0.002654896 0.002128487 0.433726758 0.002633159 0.999944925 0.010151104 -0.840014994 -0.002155320 -0.010145439 0.999946237 22.399156570
0.999994159 -0.002759988 0.002006667 0.424756825 0.002739336 0.999944031 0.010222725 -0.845123351 -0.002034770 -0.010217169 0.999945700 22.921556473
0.999992073 -0.003931710 0.000649129 0.445554376 0.003924497 0.999934375 0.010763002 -0.870184183 -0.000691404 -0.010760369 0.999941885 23.491758347
0.999989331 -0.004614669 -0.000547929 0.471636921 0.004620042 0.999936819 0.010245427 -0.872194648 0.000500616 -0.010247850 0.999947309 23.955787659
0.999989927 -0.004272096 -0.001421662 0.480811685 0.004286072 0.999941051 0.009976527 -0.873801529 0.001378957 -0.009982522 0.999949157 24.495059967
0.999992192 -0.003752141 -0.001271847 0.498577118 0.003765974 0.999931812 0.011054129 -0.890329599 0.001230284 -0.011058833 0.999938071 25.022031784
0.999996006 -0.002502814 -0.001329133 0.471338391 0.002517368 0.999935567 0.011063319 -0.916900098 0.001301358 -0.011066621 0.999937892 25.530094147
0.999989927 -0.004034077 -0.001968124 0.440110773 0.004056976 0.999922454 0.011772766 -0.974788904 0.001920480 -0.011780632 0.999928772 26.107725143
0.999991477 -0.003578998 -0.002085243 0.441581488 0.003605117 0.999913394 0.012659576 -0.983606219 0.002039754 -0.012666984 0.999917686 26.639772415
0.999986291 -0.004189028 -0.003140309 0.458010554 0.004228157 0.999912143 0.012558682 -1.005553246 0.003087424 -0.012571789 0.999916136 27.216201782
0.999987721 -0.003705858 -0.003292326 0.467687011 0.003746903 0.999914229 0.012549372 -1.024072528 0.003245538 -0.012561553 0.999915779 27.776256561
0.999977946 -0.005025760 -0.004342026 0.523965716 0.005080689 0.999906003 0.012733473 -1.015998602 0.004277623 -0.012755251 0.999909520 28.239612579
0.999979854 -0.004420810 -0.004547091 0.527857542 0.004479638 0.999905288 0.013009684 -1.032581329 0.004489147 -0.013029793 0.999905050 28.778589249
0.999970436 -0.005972401 -0.004843824 0.481773615 0.006036788 0.999892116 0.013388759 -1.079845428 0.004763338 -0.013417603 0.999898612 29.380033493
0.999970078 -0.006049320 -0.004822559 0.485587239 0.006116174 0.999883652 0.013970815 -1.092703462 0.004737484 -0.013999892 0.999890745 29.920114517
0.999969304 -0.005889476 -0.005164788 0.494599998 0.005960749 0.999885619 0.013894648 -1.110879064 0.005082366 -0.013925007 0.999890089 30.467382431
0.999969244 -0.005501481 -0.005584402 0.529225588 0.005581693 0.999879956 0.014451175 -1.134312749 0.005504229 -0.014481902 0.999879956 30.999773026
0.999954343 -0.006460655 -0.007028456 0.598582029 0.006563639 0.999869943 0.014729501 -1.176397800 0.006932380 -0.014774963 0.999866784 31.676832199
0.999967992 -0.005410181 -0.005885699 0.529778302 0.005494636 0.999880791 0.014428984 -1.155353308 0.005806933 -0.014460861 0.999878585 32.034183502
0.999966800 -0.005703830 -0.005818366 0.534945726 0.005786290 0.999881625 0.014255374 -1.155693531 0.005736367 -0.014288567 0.999881506 32.590652466
0.999969184 -0.005212309 -0.005865102 0.546928585 0.005296462 0.999881923 0.014425240 -1.160556674 0.005789220 -0.014455860 0.999878764 33.164867401
0.999961495 -0.006002515 -0.006401861 0.519928515 0.006095572 0.999874592 0.014616935 -1.171586514 0.006313319 -0.014655394 0.999872684 33.633514404
0.999962091 -0.005478313 -0.006774473 0.545184612 0.005576025 0.999879479 0.014489850 -1.174186945 0.006694277 -0.014527073 0.999872029 34.208534241
0.999953091 -0.006258593 -0.007394163 0.601049304 0.006367891 0.999869406 0.014851751 -1.178444028 0.007300247 -0.014898138 0.999862373 34.812320709
0.999939501 -0.007473225 -0.008071776 0.564828634 0.007588747 0.999867857 0.014377341 -1.186006308 0.007963263 -0.014437728 0.999864042 35.376228333
0.999943316 -0.006933504 -0.008077056 0.561906099 0.007050717 0.999868989 0.014574850 -1.203113794 0.007974943 -0.014630974 0.999861121 35.943607330
0.999947190 -0.006638162 -0.007857550 0.571137667 0.006749471 0.999876022 0.014225054 -1.195734501 0.007762148 -0.014277335 0.999867976 36.507465363
0.999941647 -0.007239846 -0.008011969 0.555128813 0.007363488 0.999852538 0.015511794 -1.232845306 0.007898483 -0.015569884 0.999847531 36.958469391
0.999945045 -0.007473737 -0.007358978 0.518470168 0.007587519 0.999850214 0.015557012 -1.243800998 0.007241607 -0.015611993 0.999851882 37.547393799
0.999955893 -0.006399288 -0.006876370 0.514528930 0.006505173 0.999858975 0.015488027 -1.289558172 0.006776288 -0.015532075 0.999856412 38.279026031
0.999930859 -0.009400289 -0.007068453 0.514223576 0.009523363 0.999800086 0.017584728 -1.325576663 0.006901738 -0.017650828 0.999820352 38.718929291
0.999936879 -0.007651485 -0.008234270 0.561615407 0.007782868 0.999841034 0.016043684 -1.287643433 0.008110204 -0.016106758 0.999837339 39.171977997
0.999928415 -0.008061200 -0.008832958 0.566304803 0.008205834 0.999830782 0.016462348 -1.305736780 0.008698756 -0.016533650 0.999825478 39.662929535
0.999934554 -0.007739998 -0.008415640 0.561814666 0.007887337 0.999813676 0.017617971 -1.336353183 0.008277710 -0.017683193 0.999809384 40.180656433
0.999931574 -0.007892575 -0.008636564 0.571017683 0.008038097 0.999824107 0.016946590 -1.332170248 0.008501294 -0.017014848 0.999819040 40.754905701
0.999919713 -0.008272060 -0.009598538 0.601872027 0.008441307 0.999807239 0.017728280 -1.367320776 0.009450039 -0.017807880 0.999796748 41.327995300
0.999925315 -0.008204718 -0.009061842 0.585602999 0.008367728 0.999801219 0.018099943 -1.366245985 0.008911536 -0.018174417 0.999795079 41.849124908
0.999918342 -0.008726307 -0.009342622 0.602157950 0.008888486 0.999808073 0.017460659 -1.366631031 0.009188461 -0.017542277 0.999803960 42.383003235
0.999899328 -0.010328867 -0.009731519 0.617594481 0.010512180 0.999764621 0.018978110 -1.394105315 0.009533208 -0.019078497 0.999772549 42.906726837
0.999916792 -0.008380016 -0.009808512 0.649307489 0.008564759 0.999783814 0.018947065 -1.419834852 0.009647617 -0.019029496 0.999772370 43.427452087
0.999921143 -0.008337207 -0.009396911 0.625940561 0.008507061 0.999798477 0.018182803 -1.399127960 0.009243425 -0.018261306 0.999790490 43.962360382
0.999894440 -0.010360408 -0.010186106 0.655431151 0.010554926 0.999759316 0.019231733 -1.423942208 0.009984408 -0.019337216 0.999763191 44.374423981
0.999901533 -0.009637547 -0.010194673 0.664294124 0.009834865 0.999761760 0.019485313 -1.431177855 0.010004452 -0.019583661 0.999758184 44.929580688
0.999896705 -0.009979474 -0.010345904 0.666720390 0.010183434 0.999751031 0.019852277 -1.435288429 0.010145213 -0.019955581 0.999749422 45.444698334
0.999894440 -0.010319671 -0.010228660 0.667309105 0.010527737 0.999734402 0.020500589 -1.448642373 0.010014384 -0.020606112 0.999737501 45.964469910
0.999921918 -0.009067263 -0.008601473 0.626170635 0.009236717 0.999759972 0.019869585 -1.444996715 0.008419245 -0.019947482 0.999765635 46.539150238
0.999904513 -0.010443719 -0.009050910 0.658244848 0.010626698 0.999735236 0.020409875 -1.472614050 0.008835358 -0.020504106 0.999750793 47.055778503
0.999905705 -0.009376517 -0.010027211 0.688569963 0.009574322 0.999756873 0.019864114 -1.455110788 0.009838514 -0.019958246 0.999752462 47.630161285
0.999912679 -0.009898719 -0.008745751 0.643791497 0.010071473 0.999750674 0.019934950 -1.465100765 0.008546238 -0.020021295 0.999763072 48.197952271
0.999904752 -0.010352397 -0.009125171 0.697578311 0.010551119 0.999702156 0.022005145 -1.497518539 0.008894648 -0.022099329 0.999716222 48.642574310
0.999845207 -0.013963155 -0.010700382 0.680482328 0.014214326 0.999616385 0.023767767 -1.527644634 0.010364406 -0.023916190 0.999660254 49.119316101
0.999842167 -0.014417114 -0.010370483 0.680636704 0.014652921 0.999627292 0.023033731 -1.523809195 0.010034536 -0.023182059 0.999680877 49.667839050
0.999855578 -0.013600059 -0.010193730 0.672698438 0.013843736 0.999610484 0.024227941 -1.535658240 0.009860259 -0.024365559 0.999654472 50.216716766
0.999855816 -0.013848216 -0.009822139 0.681688428 0.014089612 0.999589324 0.024948835 -1.542069435 0.009472608 -0.025083631 0.999640465 50.763034821
0.999855518 -0.013908844 -0.009771748 0.682874382 0.014148384 0.999590099 0.024887824 -1.536425948 0.009421581 -0.025022484 0.999642491 51.294853210
0.999807060 -0.015786393 -0.011683391 0.717470467 0.016067188 0.999574482 0.024343606 -1.539049387 0.011294122 -0.024526631 0.999635339 51.805656433
0.999818385 -0.015817124 -0.010631315 0.734304786 0.016074726 0.999568164 0.024598522 -1.530833364 0.010237648 -0.024764951 0.999640882 52.350704193
0.999822855 -0.015441447 -0.010764780 0.713031352 0.015706461 0.999564350 0.024984596 -1.539780378 0.010374294 -0.025149250 0.999629855 52.892353058
0.999799907 -0.016734637 -0.010958627 0.563084066 0.017021630 0.999500155 0.026641179 -1.654102087 0.010507319 -0.026822379 0.999584973 53.164199829
0.999801219 -0.016481755 -0.011219418 0.566299677 0.016765395 0.999529839 0.025674928 -1.642004251 0.010790975 -0.025857927 0.999607325 53.720634460
0.999807596 -0.015942143 -0.011424497 0.575730383 0.016245309 0.999504685 0.026954228 -1.658150077 0.010989130 -0.027134642 0.999571323 54.273460388
0.999785900 -0.017091507 -0.011661978 0.601586580 0.017393691 0.999502182 0.026322290 -1.641308188 0.011206286 -0.026519500 0.999585390 54.835823059
0.999792218 -0.016719054 -0.011659048 0.615110099 0.017036049 0.999472797 0.027641106 -1.649907827 0.011190769 -0.027833991 0.999549866 55.310222626
0.999776959 -0.017291175 -0.012119324 0.658688188 0.017619619 0.999465466 0.027539346 -1.677781820 0.011636659 -0.027746746 0.999547243 55.934856415
0.999806404 -0.016351704 -0.010944291 0.611510396 0.016653661 0.999466598 0.028092809 -1.675922155 0.010479090 -0.028269634 0.999545395 56.409557343
0.999819517 -0.015848653 -0.010474012 0.539096177 0.016137477 0.999475062 0.028091410 -1.674332261 0.010023301 -0.028255368 0.999550402 56.702674866
0.999816477 -0.015920343 -0.010654156 0.544375420 0.016220542 0.999456167 0.028709931 -1.682804465 0.010191289 -0.028877482 0.999530971 57.244991302
0.999823689 -0.015630675 -0.010406493 0.547559261 0.015925447 0.999456227 0.028872374 -1.676342726 0.009949537 -0.029033011 0.999528944 57.788379669
0.999821544 -0.016171154 -0.009771354 0.549904525 0.016441436 0.999465764 0.028243946 -1.674786568 0.009309398 -0.028399561 0.999553323 58.299621582
0.999820590 -0.015824275 -0.010406407 0.562651575 0.016116459 0.999460340 0.028619673 -1.670848370 0.009947905 -0.028782254 0.999536216 58.860355377
0.999847054 -0.014734883 -0.009427497 0.542161286 0.015003709 0.999463558 0.029109836 -1.684478283 0.008993511 -0.029246828 0.999531746 59.346858978
0.999827743 -0.015689109 -0.009915046 0.491783023 0.015971372 0.999450028 0.029061127 -1.687883973 0.009453651 -0.029214477 0.999528408 59.778900146
0.999820590 -0.015761826 -0.010502030 0.508272886 0.016067022 0.999431491 0.029639730 -1.689250588 0.010028883 -0.029803153 0.999505460 60.324714661
0.999828458 -0.015847795 -0.009581180 0.470484793 0.016130600 0.999413729 0.030197615 -1.699353695 0.009096997 -0.030346990 0.999498010 60.837635040
0.999819100 -0.015797688 -0.010587528 0.528378010 0.016106486 0.999427795 0.029745236 -1.685800314 0.010111564 -0.029910384 0.999501407 61.368106842
0.999803782 -0.016586598 -0.010823152 0.508598983 0.016901255 0.999417186 0.029659502 -1.679947495 0.010324893 -0.029836614 0.999501467 61.791793823
0.999813557 -0.016292671 -0.010353561 0.511290908 0.016597969 0.999408424 0.030119434 -1.697561264 0.009856713 -0.030285669 0.999492645 62.382015228
0.999815166 -0.016497374 -0.009871629 0.479896128 0.016787941 0.999405563 0.030114362 -1.739664078 0.009368951 -0.030274525 0.999497712 62.917629242
0.999814451 -0.016584283 -0.009799654 0.481332660 0.016872453 0.999404669 0.030094041 -1.739962459 0.009294732 -0.030253801 0.999499023 63.456974030
0.999825180 -0.015931927 -0.009779799 0.502917767 0.016217412 0.999423087 0.029841468 -1.729396701 0.009298724 -0.029994857 0.999506772 64.029006958
0.999807358 -0.016846372 -0.010071145 0.528127491 0.017136173 0.999420345 0.029417491 -1.712732673 0.009569729 -0.029584410 0.999516428 64.599151611
0.999803364 -0.017035585 -0.010143104 0.531870484 0.017336970 0.999387264 0.030406469 -1.733863592 0.009618897 -0.030576345 0.999486089 65.117477417
0.999796629 -0.017353406 -0.010274033 0.485501528 0.017665641 0.999359429 0.031122899 -1.771306992 0.009727363 -0.031298067 0.999462783 65.561584473
0.999804914 -0.017183077 -0.009740608 0.482136250 0.017479144 0.999361157 0.031171823 -1.769644022 0.009198757 -0.031335998 0.999466598 66.123970032
0.999802411 -0.017102787 -0.010134990 0.494619608 0.017412191 0.999359250 0.031269591 -1.768762112 0.009593701 -0.031439878 0.999459565 66.666206360
0.999796689 -0.017273167 -0.010406859 0.538286865 0.017588256 0.999365032 0.030987268 -1.748463392 0.009865004 -0.031164009 0.999465585 67.249000549
0.999805927 -0.017301502 -0.009421680 0.507390618 0.017588722 0.999355018 0.031306367 -1.767817974 0.008873956 -0.031466004 0.999465406 67.799636841
0.999847233 -0.014782848 -0.009327048 0.475124836 0.015068416 0.999395549 0.031328496 -1.791907072 0.008858286 -0.031464256 0.999465585 68.218070984
0.999841690 -0.014925931 -0.009681258 0.487980068 0.015222106 0.999394834 0.031276844 -1.794003963 0.009208563 -0.031419266 0.999463916 68.766319275
0.999853611 -0.014271812 -0.009431204 0.495622575 0.014555450 0.999421954 0.030723322 -1.791696548 0.008987272 -0.030856099 0.999483466 69.316062927
0.999846697 -0.014973424 -0.009071752 0.509965360 0.015252602 0.999386370 0.031529307 -1.792589426 0.008594083 -0.031662837 0.999461651 69.796722412
0.999856412 -0.014597647 -0.008599966 0.496258914 0.014855123 0.999418914 0.030677620 -1.794553757 0.008147146 -0.030800968 0.999492347 70.410171509
0.999838352 -0.015377922 -0.009310010 0.532490551 0.015672695 0.999350011 0.032463741 -1.836047411 0.008804735 -0.032604408 0.999429524 70.807540894
0.999859035 -0.014132262 -0.009063033 0.543052316 0.014421809 0.999360442 0.032721005 -1.838778496 0.008594815 -0.032847099 0.999423325 71.342071533
0.999865770 -0.014004210 -0.008499191 0.524153054 0.014273097 0.999371409 0.032447040 -1.827714682 0.008039454 -0.032563996 0.999437332 71.926216125
0.999873459 -0.013504149 -0.008397592 0.546585083 0.013765264 0.999397576 0.031855222 -1.823137522 0.007962356 -0.031966787 0.999457181 72.435981750
0.999815285 -0.016510867 -0.009839982 0.577216506 0.016816206 0.999352753 0.031800795 -1.809110641 0.009308556 -0.031960398 0.999445736 73.018424988
0.999849021 -0.015041849 -0.008703718 0.574659765 0.015317795 0.999352455 0.032557707 -1.824355841 0.008208355 -0.032686114 0.999431968 73.476905823
0.999847889 -0.015112567 -0.008719813 0.508508623 0.015389794 0.999348223 0.032653667 -1.807942629 0.008220650 -0.032782894 0.999428689 74.024757385
0.999853432 -0.014827518 -0.008560029 0.517354012 0.015099567 0.999352932 0.032643512 -1.809000969 0.008070469 -0.032767981 0.999430418 74.562927246
0.999843895 -0.015146174 -0.009101363 0.541585445 0.015431366 0.999364555 0.032127764 -1.814517021 0.008608969 -0.032263197 0.999442279 75.138778687
0.999814034 -0.016847346 -0.009384288 0.537076950 0.017134041 0.999361336 0.031357758 -1.785260201 0.008850000 -0.031512719 0.999464214 75.696220398
0.999825895 -0.016138380 -0.009369516 0.533394158 0.016427370 0.999364495 0.031632785 -1.783531904 0.008853062 -0.031781197 0.999455631 76.300979614
0.999830961 -0.016041676 -0.008974689 0.519631863 0.016320666 0.999356866 0.031928271 -1.777399302 0.008456736 -0.032069344 0.999449849 76.731391907
0.999824762 -0.016457083 -0.008921998 0.524361312 0.016736325 0.999341846 0.032182850 -1.770466328 0.008386491 -0.032326523 0.999442160 77.282119751
0.999812067 -0.016884468 -0.009524727 0.532313168 0.017181089 0.999341130 0.031971101 -1.767540932 0.008978639 -0.032128740 0.999443352 77.804138184
0.999828398 -0.016034702 -0.009271464 0.539998949 0.016320180 0.999368012 0.031582497 -1.766258240 0.008759187 -0.031728391 0.999458134 78.324935913
0.999865294 -0.014694274 -0.007298844 0.563364923 0.014927986 0.999341607 0.033071332 -1.801340103 0.006808078 -0.033175841 0.999426365 78.825790405
0.999878764 -0.014558939 -0.005523790 0.562858701 0.014733030 0.999349833 0.032907210 -1.807972431 0.005041103 -0.032984603 0.999443233 79.382911682
0.999871135 -0.015151702 -0.005319856 0.590296388 0.015314671 0.999368489 0.032061417 -1.797278404 0.004830711 -0.032138750 0.999471843 79.950942993
0.999906600 -0.013243579 -0.003372370 0.558873177 0.013346149 0.999383807 0.032465111 -1.815726280 0.002940338 -0.032507092 0.999467194 80.500999451
0.999893248 -0.014508004 -0.001731471 0.645290256 0.014557017 0.999355614 0.032808356 -1.796281099 0.001254371 -0.032830056 0.999460220 80.945075989
0.999901712 -0.013578441 0.003475633 0.551842928 0.013454232 0.999345958 0.033562876 -1.790363550 -0.003929091 -0.033512820 0.999430478 81.562675476
0.999881566 -0.013999144 0.006399135 0.590352833 0.013777169 0.999343455 0.033506803 -1.793294907 -0.006864000 -0.033414681 0.999417901 82.127906799
0.999853373 -0.013552798 0.010465909 0.612315059 0.013200830 0.999368191 0.032996874 -1.772819042 -0.010906497 -0.032853879 0.999400616 82.657524109
0.999779940 -0.013002051 0.016461177 0.617688715 0.012449747 0.999370396 0.033221189 -1.782032251 -0.016882757 -0.033008937 0.999312401 83.234718323
0.999658823 -0.013715425 0.022230476 0.679258585 0.012971403 0.999362111 0.033274069 -1.769187927 -0.022672663 -0.032974355 0.999198973 83.700447083
0.999519944 -0.013535826 0.027868297 0.711910605 0.012606737 0.999367535 0.033248514 -1.770977736 -0.028300716 -0.032881226 0.999058485 84.221801758
0.999258041 -0.014451139 0.035701223 0.746525526 0.013259356 0.999354243 0.033396289 -1.744426966 -0.036160782 -0.032898143 0.998804331 84.757499695
0.998946726 -0.014096169 0.043667734 0.813149929 0.012605823 0.999334931 0.034218557 -1.763035059 -0.044121034 -0.033632044 0.998459935 85.246025085
0.998577476 -0.013760243 0.051515896 0.842746973 0.012000374 0.999339044 0.034316465 -1.751088381 -0.051954046 -0.033649433 0.998082459 85.809822083
0.998087645 -0.015086154 0.059947468 0.891538143 0.013096636 0.999354780 0.033443149 -1.735132217 -0.060413316 -0.032594077 0.997641146 86.421478271
0.997463942 -0.015943669 0.069365203 0.953740597 0.013684689 0.999364316 0.032920662 -1.718057871 -0.069845967 -0.031887937 0.997047901 86.992958069
0.996766090 -0.015638540 0.078821555 0.974499702 0.012979623 0.999333024 0.034133561 -1.728019476 -0.079302780 -0.033000104 0.996304214 87.530067444
0.996106446 -0.015389121 0.086804897 1.066139221 0.012463722 0.999339163 0.034142770 -1.739258766 -0.087272972 -0.032927919 0.995640099 88.111106873
0.995148122 -0.015435053 0.097169712 1.144981861 0.012200621 0.999354303 0.033793069 -1.726837158 -0.097628579 -0.032443576 0.994693935 88.662292480
0.994044483 -0.015114778 0.107922554 1.213973045 0.011489755 0.999351203 0.034132317 -1.720143318 -0.108368464 -0.032689031 0.993573189 89.222961426
0.992940009 -0.014212799 0.117763035 1.296416283 0.010173383 0.999341309 0.034831665 -1.717275858 -0.118180536 -0.033387702 0.992430627 89.807182312
0.991659641 -0.015271875 0.127976462 1.398531914 0.010913615 0.999338567 0.034687508 -1.716196537 -0.128421575 -0.033001516 0.991170347 90.319511414
0.990015507 -0.014440129 0.140216768 1.511645317 0.009531334 0.999320030 0.035617292 -1.738519669 -0.140635759 -0.033925220 0.989479959 90.871711731
0.988370776 -0.015601950 0.151260719 1.562788963 0.010428464 0.999335170 0.034935627 -1.703273296 -0.151705205 -0.032951936 0.987876356 91.493080139
0.986927211 -0.016134458 0.160356745 1.678380966 0.010640081 0.999328434 0.035063304 -1.697233200 -0.160814762 -0.032898724 0.986436129 92.039329529
0.984810293 -0.016323557 0.172864839 1.783728600 0.010375973 0.999324560 0.035253927 -1.695116520 -0.173323527 -0.032924794 0.984314442 92.571846008
0.982466459 -0.016067009 0.185746044 1.904795647 0.009596707 0.999317229 0.035680950 -1.700444937 -0.186192498 -0.033272788 0.981949806 93.103706360
0.980450749 -0.017127430 0.196018383 2.041072845 0.010407770 0.999324024 0.035259690 -1.694062948 -0.196489751 -0.032530271 0.979966044 93.672294617
0.977902114 -0.018362490 0.208255112 2.276714325 0.011095805 0.999289930 0.036007952 -1.741699219 -0.208768412 -0.032901496 0.977411509 94.186767578
0.974542260 -0.016347045 0.223606795 2.316080093 0.008479333 0.999312162 0.036100570 -1.666541815 -0.224043131 -0.033285502 0.974010587 94.791786194
0.971780658 -0.016848559 0.235283732 2.462610245 0.008513329 0.999301136 0.036397316 -1.664883852 -0.235732511 -0.033367161 0.971244931 95.337631226
0.969007313 -0.018536702 0.246335596 2.647554398 0.009994575 0.999305964 0.035882030 -1.660923243 -0.246829778 -0.032307927 0.968520105 95.837921143
0.965309620 -0.017586907 0.260514885 2.823213577 0.008445309 0.999309897 0.036168508 -1.660094023 -0.260971248 -0.032713681 0.964792073 96.390167236
0.961547732 -0.017593844 0.274073601 2.999017715 0.007934690 0.999308944 0.036311787 -1.638605118 -0.274523079 -0.032740820 0.961023092 97.035400391
0.958420455 -0.019554721 0.284689158 3.191343307 0.009588107 0.999292612 0.036360543 -1.634586811 -0.285198778 -0.032119058 0.957930028 97.553146362
0.953886509 -0.018225238 0.299613744 3.369478226 0.007534566 0.999294281 0.036798228 -1.628160954 -0.300072938 -0.032843877 0.953350723 98.108123779
0.949477613 -0.017940326 0.313321471 3.576768875 0.006510734 0.999275923 0.037487172 -1.624877214 -0.313767165 -0.033553280 0.948906839 98.632904053
0.945352972 -0.018525245 0.325522214 3.760023117 0.006824453 0.999290049 0.037049938 -1.617121220 -0.325977504 -0.032803759 0.944808245 99.173408508
0.941237688 -0.018433306 0.337241471 3.997941971 0.006253259 0.999289453 0.037167460 -1.618248224 -0.337687016 -0.032874547 0.940684319 99.724388123
0.935910940 -0.018000137 0.351776332 4.214973450 0.005147623 0.999285758 0.037437312 -1.607204437 -0.352198988 -0.033227175 0.935335159 100.247497559
0.931545734 -0.020299455 0.363056988 4.449663162 0.007051705 0.999261260 0.037777744 -1.611703396 -0.363555700 -0.032631520 0.931000710 100.747535706
0.926964164 -0.019808365 0.374626577 4.683343887 0.006117958 0.999270380 0.037698299 -1.609450817 -0.375100046 -0.032653023 0.926409006 101.250633240
0.921420634 -0.020267984 0.388037443 4.934753418 0.005903427 0.999253690 0.038174968 -1.621592522 -0.388521612 -0.032884449 0.920852661 101.703796387
0.915775657 -0.021478904 0.401115477 5.161087036 0.006307427 0.999215245 0.039105590 -1.641539335 -0.401640683 -0.033281941 0.915192306 102.161651611
0.910353303 -0.018739225 0.413407475 5.434371948 0.003243120 0.999266624 0.038153876 -1.586755276 -0.413819313 -0.033392768 0.909746349 102.853507996
0.905053616 -0.020841543 0.424786597 5.704624176 0.004850500 0.999239385 0.038691733 -1.582876205 -0.425269961 -0.032957658 0.904466271 103.430458069
0.897997737 -0.019443423 0.439570516 5.949729919 0.002735737 0.999250531 0.038610786 -1.579887867 -0.439991891 -0.033469848 0.897377849 103.958862305
0.892067850 -0.020543531 0.451434314 6.220733643 0.003360977 0.999240100 0.038831122 -1.572483540 -0.451888978 -0.033122730 0.891459048 104.444396973
0.886684895 -0.021507725 0.461873740 6.496227264 0.004075318 0.999242187 0.038707342 -1.570395231 -0.462356269 -0.032438930 0.886100769 104.910278320
0.879214704 -0.020315504 0.475992501 6.772071838 0.002293927 0.999259293 0.038411539 -1.550088167 -0.476420343 -0.032680094 0.878610134 105.401855469
