1.000000000 0.000000000 0.000000000 0.000000000 0.000000000 1.000000000 0.000000000 0.000000000 0.000000000 0.000000000 1.000000000 0.000000000
1.000000000 0.000026023 0.000049428 -0.000701696 -0.000026028 1.000000000 0.000115753 -0.000494291 -0.000049425 -0.000115754 1.000000000 0.000056791
1.000000000 0.000028491 0.000106074 -0.001160589 -0.000028492 1.000000000 0.000013193 0.000095553 -0.000106073 -0.000013196 1.000000000 0.000124730
1.000000000 0.000116902 0.000036460 -0.000554179 -0.000116902 1.000000000 -0.000010505 -0.000236261 -0.000036461 0.000010500 1.000000000 -0.000297680
1.000000000 0.000110537 0.000142758 -0.001613242 -0.000110543 1.000000000 0.000046495 0.000013458 -0.000142752 -0.000046511 1.000000000 0.000414718
1.000000000 -0.000010052 0.000009520 -0.000348838 0.000010052 1.000000000 0.000011479 -0.000560520 -0.000009521 -0.000011479 1.000000000 -0.000273795
1.000000000 0.000077793 0.000075042 -0.000331441 -0.000077793 1.000000000 0.000003089 0.000025201 -0.000075042 -0.000003095 1.000000000 0.000793861
1.000000000 0.000060815 -0.000023279 0.000060943 -0.000060817 1.000000000 -0.000079336 0.000184701 0.000023274 0.000079338 1.000000000 0.000677750
1.000000000 0.000083995 0.000091098 -0.000082671 -0.000083994 1.000000000 -0.000016697 -0.000389926 -0.000091100 0.000016689 1.000000000 0.000469985
1.000000000 0.000134262 0.000060285 -0.000443092 -0.000134268 1.000000000 0.000104498 -0.000511412 -0.000060271 -0.000104506 1.000000000 0.000501329
1.000000000 0.000072257 0.000060784 -0.000207090 -0.000072258 1.000000000 0.000022975 -0.000295758 -0.000060783 -0.000022979 1.000000000 0.000672746
1.000000000 0.000112123 0.000069743 -0.000996259 -0.000112126 1.000000000 0.000037293 -0.001011044 -0.000069739 -0.000037300 1.000000000 -0.000300804
1.000000000 0.000088842 0.000048641 -0.000503410 -0.000088842 1.000000000 -0.000007715 -0.000085397 -0.000048642 0.000007711 1.000000000 0.000323156
1.000000000 0.000149217 0.000124037 -0.001979699 -0.000149211 1.000000000 -0.000048067 0.000521435 -0.000124044 0.000048049 1.000000000 0.000213047
1.000000000 0.000136745 0.000082368 -0.000220959 -0.000136745 1.000000000 -0.000003852 0.000779440 -0.000082369 0.000003841 1.000000000 0.002125175
0.999999940 0.000213463 0.000123628 -0.001159424 -0.000213461 1.000000000 -0.000021981 0.000745056 -0.000123633 0.000021955 1.000000000 0.001698007
0.999999940 0.000246030 0.000128636 -0.001469707 -0.000246026 0.999999940 -0.000032433 0.000770726 -0.000128644 0.000032401 1.000000000 0.002237572
1.000000000 0.000161556 0.000145860 -0.001860941 -0.000161554 1.000000000 -0.000009760 0.001126276 -0.000145862 0.000009737 1.000000000 0.001940464
0.999999940 0.000207742 0.000183839 -0.001902547 -0.000207721 1.000000000 -0.000112890 0.001553202 -0.000183862 0.000112851 1.000000000 0.001658978
0.999999940 0.000223744 0.000184823 -0.002201234 -0.000223737 1.000000000 -0.000038429 0.000757019 -0.000184831 0.000038388 1.000000000 0.001693396
0.999999940 0.000321857 0.000130738 -0.001981781 -0.000321850 0.999999940 -0.000055279 0.001186683 -0.000130756 0.000055237 1.000000000 0.001363006
0.999999940 0.000286846 0.000165493 -0.002212229 -0.000286831 0.999999940 -0.000092608 0.001367915 -0.000165520 0.000092560 1.000000000 0.002028687
0.999999940 0.000212798 0.000124592 -0.001685550 -0.000212790 1.000000000 -0.000064923 0.001627705 -0.000124606 0.000064896 1.000000000 0.002145450
0.999999940 0.000341036 0.000134497 -0.002220647 -0.000341027 0.999999940 -0.000064869 0.001507267 -0.000134519 0.000064824 1.000000000 0.001765600
0.999999940 0.000289922 0.000191875 -0.001569754 -0.000289919 0.999999940 -0.000014677 0.000835708 -0.000191879 0.000014621 1.000000000 0.001748823
0.999999940 0.000242748 0.000202421 -0.002224658 -0.000242734 0.999999940 -0.000071520 0.002284315 -0.000202439 0.000071471 1.000000000 0.002309888
0.999999940 0.000251095 0.000158940 -0.001668851 -0.000251095 0.999999940 0.000001414 0.001110827 -0.000158940 -0.000001454 1.000000000 0.001481060
0.999999940 0.000307509 0.000126550 -0.002255999 -0.000307491 0.999999940 -0.000144984 0.002208028 -0.000126595 0.000144945 1.000000000 0.001459174
0.999999940 0.000328199 0.000112692 -0.001826017 -0.000328186 0.999999940 -0.000119801 0.002106515 -0.000112732 0.000119764 1.000000000 0.001247757
0.999999940 0.000308283 0.000187100 -0.001544009 -0.000308277 0.999999940 -0.000033445 0.000644782 -0.000187111 0.000033388 1.000000000 0.001907503
0.999999940 0.000274600 0.000285189 -0.002410873 -0.000274570 0.999999940 -0.000106193 0.001741808 -0.000285218 0.000106114 0.999999940 0.002780930
0.999999940 0.000295733 0.000178550 -0.001636695 -0.000295718 0.999999940 -0.000082316 0.001439274 -0.000178575 0.000082263 1.000000000 0.002342585
0.999999940 0.000282283 0.000165978 -0.001591373 -0.000282275 0.999999940 -0.000045399 0.000757044 -0.000165991 0.000045352 1.000000000 0.001365000
0.999999881 0.000350335 0.000262968 -0.002608091 -0.000350314 0.999999940 -0.000079826 0.001389389 -0.000262996 0.000079734 0.999999940 0.001740815
0.999999940 0.000301763 0.000186136 -0.001217782 -0.000301741 0.999999940 -0.000119863 0.001367312 -0.000186172 0.000119807 1.000000000 0.001202699
0.999999940 0.000268505 0.000208782 -0.002488338 -0.000268486 0.999999940 -0.000090463 0.001615970 -0.000208806 0.000090407 1.000000000 0.001838300
0.999999940 0.000344896 0.000131110 -0.001802115 -0.000344876 0.999999940 -0.000152673 0.002779196 -0.000131163 0.000152628 1.000000000 0.002192687
0.999999881 0.000390780 0.000215057 -0.002466082 -0.000390759 0.999999940 -0.000094683 0.001783650 -0.000215094 0.000094599 1.000000000 0.001830372
0.999999940 0.000344786 0.000190462 -0.001050749 -0.000344771 0.999999940 -0.000078432 0.002033206 -0.000190489 0.000078367 1.000000000 0.001868980
1.000000000 0.000188043 0.000129786 -0.000495678 -0.000188021 0.999999940 -0.000167165 0.001490169 -0.000129817 0.000167140 1.000000000 0.002052046
0.999999762 0.000593472 0.000297095 -0.002771063 -0.000593258 0.999999583 -0.000719459 -0.001987993 -0.000297522 0.000719283 0.999999702 0.048636906
0.999999702 0.000740879 0.000057666 0.000478881 -0.000740804 0.999998868 -0.001301798 -0.003510208 -0.000058630 0.001301755 0.999999166 0.138611034
0.999999762 0.000676322 -0.000013679 0.002545123 -0.000676340 0.999998868 -0.001363132 -0.009320623 0.000012757 0.001363141 0.999999106 0.251134843
0.999999583 0.000900939 0.000132262 0.004095832 -0.000900785 0.999998927 -0.001163560 -0.012631305 -0.000133310 0.001163441 0.999999344 0.380749047
0.999999821 0.000556728 0.000161300 0.006194907 -0.000556537 0.999999166 -0.001181232 -0.018607037 -0.000161957 0.001181142 0.999999285 0.523174286
0.999999881 0.000435275 0.000186883 0.010389664 -0.000435119 0.999999583 -0.000832161 -0.024510618 -0.000187246 0.000832079 0.999999583 0.677841306
0.999999881 0.000267735 0.000172567 0.015738951 -0.000267621 0.999999702 -0.000665609 -0.027916629 -0.000172745 0.000665563 0.999999762 0.843393385
0.999999881 0.000368718 0.000362180 0.016058547 -0.000368556 0.999999821 -0.000449355 -0.034586139 -0.000362346 0.000449221 0.999999821 1.008245230
0.999999821 0.000315288 0.000383994 0.020775804 -0.000315115 0.999999821 -0.000451372 -0.038926791 -0.000384136 0.000451251 0.999999821 1.185329556
0.999999702 0.000365310 0.000693105 0.022549773 -0.000365228 0.999999881 -0.000118128 -0.043396592 -0.000693148 0.000117875 0.999999762 1.364706039
0.999999702 0.000445961 0.000494015 0.026317114 -0.000445796 0.999999821 -0.000333749 -0.048528831 -0.000494164 0.000333528 0.999999821 1.551629186
0.999999762 0.000293419 0.000490163 0.032037273 -0.000293371 0.999999881 -0.000098972 -0.056278743 -0.000490192 0.000098828 0.999999881 1.749594450
0.999999583 0.000467894 0.000733055 0.030546313 -0.000467920 0.999999821 0.000036545 -0.061710946 -0.000733038 -0.000036888 0.999999702 1.947805643
0.999999821 0.000259531 0.000581555 0.039376471 -0.000259696 0.999999940 0.000284372 -0.068668447 -0.000581481 -0.000284523 0.999999762 2.159242868
0.999999523 0.000664970 0.000701991 0.041813578 -0.000665108 0.999999762 0.000196887 -0.074435577 -0.000701860 -0.000197354 0.999999702 2.371877193
0.999999225 0.000936843 0.000820000 0.044362910 -0.000936919 0.999999583 0.000092240 -0.081788369 -0.000819913 -0.000093008 0.999999642 2.592383623
0.999999642 0.000497379 0.000718283 0.051051278 -0.000497486 1.000000000 0.000148100 -0.087962329 -0.000718209 -0.000148457 0.999999702 2.826800346
0.999999464 0.000514521 0.000932664 0.054289937 -0.000514569 0.999999881 0.000050756 -0.092264578 -0.000932638 -0.000051236 0.999999583 3.061980724
0.999999583 0.000459094 0.000692339 0.063476138 -0.000459295 0.999999821 0.000288804 -0.101336636 -0.000692206 -0.000289122 0.999999702 3.300017118
0.999998987 0.000915266 0.001080468 0.063795462 -0.000915612 0.999999523 0.000319356 -0.110248156 -0.001080175 -0.000320345 0.999999344 3.545625687
0.999999344 0.000681463 0.000860263 0.068996608 -0.000681848 0.999999583 0.000447113 -0.115693845 -0.000859958 -0.000447699 0.999999523 3.805504560
0.999998569 0.001044856 0.001276907 0.071507737 -0.001045578 0.999999225 0.000564579 -0.126155689 -0.001276316 -0.000565913 0.999999046 4.051242352
0.999998689 0.000888593 0.001370430 0.076931261 -0.000889185 0.999999523 0.000431569 -0.128414467 -0.001370045 -0.000432787 0.999998987 4.305944443
0.999998808 0.000688164 0.001363887 0.082708344 -0.000688867 0.999999583 0.000515388 -0.135806799 -0.001363532 -0.000516327 0.999998987 4.565425396
0.999998510 0.001140582 0.001294771 0.095317505 -0.001141358 0.999999166 0.000598250 -0.142798796 -0.001294088 -0.000599727 0.999998927 4.825367451
0.999998152 0.001312423 0.001364983 0.098336808 -0.001313354 0.999998927 0.000681426 -0.153183520 -0.001364087 -0.000683218 0.999998808 5.079970360
0.999996722 0.001925745 0.001700877 0.101073779 -0.001926457 0.999997973 0.000416879 -0.158878908 -0.001700071 -0.000420154 0.999998391 5.339787483
0.999997437 0.001399239 0.001782355 0.109974660 -0.001400040 0.999998927 0.000448590 -0.166343644 -0.001781725 -0.000451084 0.999998331 5.611902714
0.999997616 0.001398288 0.001673306 0.114043444 -0.001399926 0.999998689 0.000977919 -0.177509144 -0.001671936 -0.000980260 0.999998093 5.879826546
0.999996841 0.001431227 0.002044756 0.119581833 -0.001432476 0.999998808 0.000609801 -0.186898112 -0.002043880 -0.000612728 0.999997735 6.149234772
0.999994993 0.002027610 0.002434932 0.122542657 -0.002029607 0.999997616 0.000818091 -0.197774649 -0.002433267 -0.000823028 0.999996662 6.432047844
0.999996424 0.001651603 0.002093697 0.128777444 -0.001653573 0.999998212 0.000939408 -0.206203416 -0.002092142 -0.000942867 0.999997377 6.722332954
0.999994934 0.002071175 0.002458413 0.135013789 -0.002073257 0.999997437 0.000844429 -0.215197578 -0.002456659 -0.000849521 0.999996603 7.024724960
0.999995291 0.002032963 0.002353706 0.142031685 -0.002035829 0.999997199 0.001215424 -0.228227839 -0.002351229 -0.001220210 0.999996483 7.315536976
0.999996364 0.001645796 0.002133714 0.153634012 -0.001647833 0.999998152 0.000953086 -0.236445293 -0.002132141 -0.000956598 0.999997258 7.617008209
0.999995410 0.001994653 0.002281367 0.156814009 -0.001997303 0.999997318 0.001159816 -0.245339245 -0.002279047 -0.001164368 0.999996722 7.925979137
0.999993443 0.002459058 0.002661412 0.161218062 -0.002461681 0.999996483 0.000982503 -0.256669253 -0.002658987 -0.000989048 0.999995947 8.239637375
0.999994040 0.002451133 0.002443598 0.167837322 -0.002453391 0.999996543 0.000921567 -0.266209453 -0.002441331 -0.000927557 0.999996603 8.565901756
0.999992311 0.002752317 0.002780349 0.175133660 -0.002754985 0.999995768 0.000956413 -0.275790453 -0.002777705 -0.000964066 0.999995649 8.899417877
0.999993503 0.002419667 0.002655554 0.182583556 -0.002422138 0.999996603 0.000927735 -0.287282914 -0.002653301 -0.000934161 0.999995947 9.244305611
0.999991536 0.002874924 0.002950341 0.190699488 -0.002878193 0.999995232 0.001104497 -0.299794525 -0.002947151 -0.001112979 0.999995053 9.585101128
0.999990582 0.003139126 0.003002583 0.200361475 -0.003142250 0.999994576 0.001036475 -0.300008625 -0.002999313 -0.001045900 0.999994874 9.959723473
0.999992311 0.002772347 0.002744220 0.208743870 -0.002775227 0.999995530 0.001046395 -0.315909386 -0.002741307 -0.001054003 0.999995708 10.296642303
0.999991059 0.003102561 0.002882365 0.217445210 -0.003106159 0.999994338 0.001244527 -0.326748580 -0.002878488 -0.001253469 0.999995053 10.660385132
0.999993384 0.002627403 0.002527459 0.226644605 -0.002631772 0.999995053 0.001726926 -0.339505047 -0.002522909 -0.001733566 0.999995291 11.025031090
0.999993682 0.002478930 0.002576320 0.236585408 -0.002483075 0.999995649 0.001606791 -0.350621670 -0.002572326 -0.001613178 0.999995351 11.403116226
0.999992549 0.002861929 0.002579228 0.240625843 -0.002865691 0.999994814 0.001456126 -0.360108793 -0.002575047 -0.001463506 0.999995589 11.789684296
0.999990821 0.003278238 0.002760067 0.248510703 -0.003282780 0.999993265 0.001642626 -0.372265697 -0.002754663 -0.001651671 0.999994814 12.171528816
0.999989867 0.003541704 0.002776002 0.260788858 -0.003547375 0.999991596 0.002040441 -0.388346463 -0.002768752 -0.002050268 0.999993980 12.556764603
0.999993265 0.002745681 0.002446544 0.266239583 -0.002751283 0.999993622 0.002289689 -0.400665700 -0.002440242 -0.002296405 0.999994397 12.956737518
0.999992967 0.002603555 0.002669557 0.272875935 -0.002609484 0.999994159 0.002220076 -0.411817431 -0.002663762 -0.002227027 0.999993980 13.355958939
0.999993384 0.002456286 0.002693247 0.284361422 -0.002461919 0.999994695 0.002090550 -0.422216624 -0.002688098 -0.002097167 0.999994099 13.763909340
0.999994099 0.002219254 0.002629814 0.297278732 -0.002224728 0.999995351 0.002080476 -0.431587100 -0.002625185 -0.002086314 0.999994397 14.184372902
0.999993801 0.002209124 0.002742971 0.308493316 -0.002214591 0.999995589 0.001991702 -0.444919795 -0.002738559 -0.001997764 0.999994218 14.602977753
0.999993443 0.002068825 0.003020601 0.316685081 -0.002075595 0.999995351 0.002239833 -0.457315356 -0.003015954 -0.002246088 0.999992907 15.031991005
0.999992430 0.002301785 0.003136497 0.331405103 -0.002308955 0.999994755 0.002284260 -0.471796393 -0.003131222 -0.002291485 0.999992490 15.462229729
0.999991357 0.002263863 0.003492000 0.333146572 -0.002271315 0.999995172 0.002131410 -0.481340885 -0.003487158 -0.002139323 0.999991655 15.911737442
0.999990106 0.002491527 0.003664200 0.347784698 -0.002501032 0.999993503 0.002591661 -0.496934652 -0.003657719 -0.002600800 0.999989867 16.350608826
0.999988496 0.002528810 0.004060358 0.354952216 -0.002538402 0.999993980 0.002358890 -0.509266376 -0.004054369 -0.002369170 0.999988973 16.794765472
0.999989212 0.002205767 0.004114918 0.368272901 -0.002215976 0.999994397 0.002478042 -0.524459243 -0.004109430 -0.002487133 0.999988377 17.245798111
0.999987602 0.002309542 0.004413811 0.377958864 -0.002322270 0.999993145 0.002880705 -0.538594484 -0.004407126 -0.002890920 0.999986112 17.704469681
0.999987960 0.002105662 0.004445711 0.393388987 -0.002117427 0.999994218 0.002643178 -0.549623251 -0.004440121 -0.002652560 0.999986589 18.169931412
0.999983966 0.001986758 0.005298131 0.402428091 -0.002001200 0.999994278 0.002722079 -0.563747287 -0.005292692 -0.002732638 0.999982238 18.637411118
0.999982774 0.002305164 0.005388134 0.418312907 -0.002318134 0.999994457 0.002402146 -0.571623087 -0.005382566 -0.002414595 0.999982595 19.125465393
0.999981880 0.002600914 0.005425775 0.429821312 -0.002614036 0.999993622 0.002412869 -0.587364793 -0.005419464 -0.002427008 0.999982357 19.597808838
0.999982476 0.002663995 0.005288257 0.438894451 -0.002680949 0.999991238 0.003201408 -0.606095791 -0.005279681 -0.003215529 0.999980927 20.079742432
0.999983966 0.002256101 0.005184152 0.452865690 -0.002268802 0.999994397 0.002445410 -0.614914656 -0.005178605 -0.002457133 0.999983549 20.582509995
0.999985516 0.003026834 0.004445574 0.468269318 -0.003040215 0.999990821 0.003006231 -0.629784644 -0.004436434 -0.003019703 0.999985576 21.069828033
0.999989390 0.002212557 0.004021070 0.478361785 -0.002221599 0.999994934 0.002245314 -0.636872947 -0.004016081 -0.002254223 0.999989390 21.585378647
0.999988377 0.002900496 0.003831735 0.491684705 -0.002909334 0.999993086 0.002303039 -0.647357881 -0.003825029 -0.002314160 0.999990046 22.106523514
0.999990642 0.002376195 0.003603713 0.498856217 -0.002384385 0.999994576 0.002269989 -0.663898170 -0.003598300 -0.002278560 0.999990940 22.616188049
0.999992013 0.002473243 0.003131542 0.510516942 -0.002482191 0.999992847 0.002856935 -0.681927085 -0.003124454 -0.002864685 0.999991000 23.122022629
0.999991417 0.002683379 0.003148324 0.513373971 -0.002692310 0.999992311 0.002835946 -0.697472095 -0.003140689 -0.002844397 0.999991000 23.644538879
0.999996364 0.001556595 0.002201978 0.524678707 -0.001561028 0.999996722 0.002012840 -0.710426629 -0.002198838 -0.002016269 0.999995530 24.172857285
0.999997139 0.001910001 0.001428699 0.541978121 -0.001913677 0.999994874 0.002576721 -0.726359367 -0.001423770 -0.002579447 0.999995589 24.706502914
0.999996126 0.002420382 0.001356223 0.554513931 -0.002424105 0.999993265 0.002750309 -0.741967320 -0.001349557 -0.002753586 0.999995291 25.243824005
0.999995887 0.002770044 0.000762575 0.568149269 -0.002772165 0.999992192 0.002793806 -0.755851269 -0.000754830 -0.002795909 0.999995768 25.782047272
0.999996603 0.002548646 0.000563937 0.574826121 -0.002550021 0.999993742 0.002450735 -0.770161211 -0.000557687 -0.002452166 0.999996841 26.328315735
0.999997497 0.002210776 0.000223560 0.584792435 -0.002211356 0.999994099 0.002632626 -0.777919769 -0.000217738 -0.002633113 0.999996483 26.883140564
0.999997199 0.002325373 -0.000683012 0.597748518 -0.002323635 0.999994099 0.002535675 -0.795706272 0.000688904 -0.002534081 0.999996543 27.432043076
0.999995649 0.002854280 -0.000673713 0.600233376 -0.002852672 0.999993086 0.002376643 -0.809562922 0.000680492 -0.002374711 0.999996901 27.981172562
0.999994636 0.003139094 -0.000960418 0.609184682 -0.003136602 0.999991715 0.002584921 -0.822155297 0.000968524 -0.002581895 0.999996185 28.529598236
0.999993801 0.003387999 -0.000952462 0.621179402 -0.003385486 0.999990821 0.002627830 -0.836933732 0.000961356 -0.002624589 0.999996066 29.079925537
0.999993861 0.003299488 -0.001204110 0.627100408 -0.003296725 0.999991953 0.002289082 -0.846444786 0.001211653 -0.002285098 0.999996662 29.632381439
0.999993026 0.003316096 -0.001725927 0.636414289 -0.003311987 0.999991715 0.002377990 -0.860316455 0.001733799 -0.002372258 0.999995708 30.180734634
0.999992192 0.003449524 -0.001925531 0.646562755 -0.003445036 0.999991298 0.002329044 -0.874381423 0.001933549 -0.002322392 0.999995410 30.732584000
0.999992371 0.003319819 -0.002071384 0.658199012 -0.003314956 0.999991775 0.002346758 -0.887907505 0.002079157 -0.002339873 0.999995112 31.284296036
0.999989033 0.004231324 -0.002018247 0.662410498 -0.004226876 0.999988675 0.002203056 -0.897371769 0.002027546 -0.002194501 0.999995530 31.840618134
0.999989808 0.003796063 -0.002447093 0.676393330 -0.003790417 0.999990106 0.002307440 -0.916772485 0.002455828 -0.002298141 0.999994278 32.377464294
0.999987960 0.003904193 -0.002964020 0.683348835 -0.003896827 0.999989331 0.002486598 -0.924557209 0.002973697 -0.002475018 0.999992490 32.956665039
0.999990225 0.003392098 -0.002828783 0.690339446 -0.003385161 0.999991238 0.002453692 -0.948850751 0.002837082 -0.002444092 0.999992967 33.483703613
0.999987841 0.003843559 -0.003126186 0.699253559 -0.003835712 0.999989510 0.002512570 -0.962280273 0.003135811 -0.002500549 0.999991953 34.036994934
0.999987006 0.003543621 -0.003641979 0.707619309 -0.003534835 0.999990821 0.002415873 -0.978130698 0.003650506 -0.002402968 0.999990463 34.581375122
0.999984622 0.003841569 -0.003986931 0.719191432 -0.003832747 0.999990165 0.002217941 -0.995612442 0.003995412 -0.002202625 0.999989569 35.113967896
0.999984026 0.003759909 -0.004201535 0.732157946 -0.003749574 0.999989867 0.002465078 -1.010683060 0.004210760 -0.002449284 0.999988198 35.661769867
0.999986112 0.002952902 -0.004386625 0.753166258 -0.002940751 0.999991834 0.002774288 -1.019978404 0.004394781 -0.002761349 0.999986529 36.234241486
0.999983132 0.002963723 -0.004982561 0.773561656 -0.002954423 0.999993920 0.001872689 -1.011426926 0.004988080 -0.001857937 0.999985874 36.821804047
0.999984324 0.002861183 -0.004807847 0.767607212 -0.002848966 0.999992728 0.002546125 -1.041877508 0.004815097 -0.002532387 0.999985218 37.337631226
0.999983549 0.003172912 -0.004782075 0.777947783 -0.003162184 0.999992490 0.002249089 -1.057427883 0.004789173 -0.002233931 0.999986053 37.879592896
0.999985456 0.002914490 -0.004527141 0.789533019 -0.002899860 0.999990582 0.003235165 -1.074603081 0.004536527 -0.003221990 0.999984562 38.423179626
0.999983430 0.003665015 -0.004438559 0.787429810 -0.003656321 0.999991357 0.001965486 -1.076794505 0.004445724 -0.001949225 0.999988198 38.987346649
0.999983132 0.003325284 -0.004792067 0.798098326 -0.003315112 0.999992251 0.002129135 -1.092789769 0.004799110 -0.002113213 0.999986231 39.536556244
0.999983907 0.003338586 -0.004573441 0.802525997 -0.003328863 0.999992132 0.002132097 -1.107905746 0.004580524 -0.002116838 0.999987245 40.086555481
0.999984026 0.003277650 -0.004605211 0.814588368 -0.003266681 0.999991834 0.002387518 -1.125162244 0.004613000 -0.002372436 0.999986529 40.632381439
0.999985337 0.003330366 -0.004257322 0.819832027 -0.003319336 0.999991119 0.002595265 -1.135386229 0.004265927 -0.002581096 0.999987602 41.191402435
0.999984145 0.003687260 -0.004246064 0.828390062 -0.003679121 0.999991298 0.001923133 -1.149686694 0.004253119 -0.001907480 0.999989092 41.746253967
0.999984980 0.003186353 -0.004460402 0.838554978 -0.003175859 0.999992192 0.002357830 -1.161058068 0.004467880 -0.002343629 0.999987245 42.296501160
0.999983490 0.003988953 -0.004141356 0.852466106 -0.003981328 0.999990344 0.001847460 -1.179907084 0.004148686 -0.001830942 0.999989629 42.832633972
0.999983788 0.003499149 -0.004514930 0.861918211 -0.003490673 0.999992073 0.001883854 -1.196216345 0.004521487 -0.001868063 0.999988019 43.379791260
0.999982417 0.003900907 -0.004468547 0.880093396 -0.003893771 0.999991119 0.001604675 -1.208171844 0.004474768 -0.001587247 0.999988735 43.919837952
0.999982774 0.003656560 -0.004605692 0.891327977 -0.003647574 0.999991477 0.001957777 -1.219896913 0.004612812 -0.001940944 0.999987423 44.471672058
0.999982357 0.003576673 -0.004740184 0.907304764 -0.003568060 0.999991953 0.001824020 -1.234790206 0.004746670 -0.001807074 0.999987125 44.986316681
0.999983311 0.003874284 -0.004285767 0.915248752 -0.003868709 0.999991655 0.001308388 -1.245535016 0.004290800 -0.001291786 0.999989986 45.540370941
0.999982774 0.004341653 -0.003953835 0.923527300 -0.004337654 0.999990106 0.001019606 -1.258211255 0.003958222 -0.001002438 0.999991655 46.085449219
0.999986172 0.003762914 -0.003669681 0.933240473 -0.003757469 0.999991834 0.001489324 -1.275371909 0.003675256 -0.001475514 0.999992132 46.636314392
0.999982953 0.004235093 -0.004027474 0.944229603 -0.004229038 0.999989986 0.001510639 -1.281279802 0.004033832 -0.001493581 0.999990761 47.200336456
0.999983728 0.003777122 -0.004263470 0.957510710 -0.003770033 0.999991417 0.001669633 -1.302590847 0.004269741 -0.001653533 0.999989450 47.738399506
0.999984801 0.003930123 -0.003869238 0.963822305 -0.003925372 0.999991477 0.001234710 -1.315125704 0.003874058 -0.001219503 0.999991775 48.286598206
0.999983191 0.003746648 -0.004408785 0.975458980 -0.003740703 0.999992073 0.001356086 -1.329235196 0.004413830 -0.001339571 0.999989390 48.838958740
0.999981046 0.004299723 -0.004403315 0.981532097 -0.004294985 0.999990106 0.001084961 -1.340652943 0.004407937 -0.001066028 0.999989808 49.387779236
0.999980271 0.004518552 -0.004365367 0.996886671 -0.004513712 0.999989152 0.001118059 -1.354268312 0.004370372 -0.001098334 0.999989867 49.929088593
0.999980330 0.004216183 -0.004632109 1.001265049 -0.004208304 0.999989629 0.001709496 -1.370561838 0.004639268 -0.001689969 0.999987781 50.471038818
0.999981880 0.004225094 -0.004282197 1.007240415 -0.004223033 0.999990880 0.000490492 -1.379694819 0.004284229 -0.000472399 0.999990702 51.003585815
0.999981701 0.004594204 -0.003972606 1.012432694 -0.004589710 0.999988794 0.001140218 -1.398732066 0.003977800 -0.001121964 0.999991417 51.547435760
0.999980628 0.004373362 -0.004431332 1.023472667 -0.004368326 0.999989808 0.001145517 -1.411957979 0.004436296 -0.001126137 0.999989510 52.086212158
0.999979675 0.004692517 -0.004306817 1.029155016 -0.004688128 0.999988616 0.001028448 -1.429715276 0.004311594 -0.001008237 0.999990225 52.617294312
0.999981284 0.004860411 -0.003717817 1.031458139 -0.004856552 0.999987662 0.001046451 -1.442926764 0.003722856 -0.001028375 0.999992549 53.159923553
0.999981344 0.004623713 -0.003988323 1.042985320 -0.004619726 0.999988794 0.001007875 -1.459496617 0.003992938 -0.000989431 0.999991477 53.704593658
0.999980569 0.005175480 -0.003479307 1.048272848 -0.005172546 0.999986231 0.000851171 -1.472595334 0.003483664 -0.000833157 0.999993563 54.261501312
0.999982417 0.005062129 -0.003094233 1.052110434 -0.005061249 0.999987066 0.000292241 -1.485341549 0.003095672 -0.000276575 0.999995172 54.813995361
0.999981225 0.005282623 -0.003121668 1.062283039 -0.005281665 0.999985933 0.000315731 -1.500219941 0.003123292 -0.000299237 0.999995053 55.361865997
0.999981523 0.005067524 -0.003353910 1.074730754 -0.005065991 0.999987066 0.000465297 -1.510854483 0.003356225 -0.000448298 0.999994218 55.904304504
0.999980390 0.005028507 -0.003721046 1.083254814 -0.005025241 0.999986947 0.000886634 -1.529710531 0.003725457 -0.000867918 0.999992669 56.448669434
0.999982059 0.004845472 -0.003496796 1.097075582 -0.004844611 0.999988377 0.000254472 -1.541693449 0.003497987 -0.000237527 0.999993861 56.989585876
0.999979496 0.005418484 -0.003392746 1.099889636 -0.005416167 0.999985039 0.000691417 -1.557727456 0.003396444 -0.000673027 0.999993980 57.526664734
0.999979496 0.005741846 -0.002843383 1.096868634 -0.005740854 0.999983430 0.000356811 -1.570940137 0.002845386 -0.000340480 0.999995887 58.049674988
0.999979973 0.005757681 -0.002601089 1.104856491 -0.005757276 0.999983430 0.000162863 -1.584947944 0.002601984 -0.000147885 0.999996603 58.581150055
0.999978006 0.006143804 -0.002499396 1.108158350 -0.006142818 0.999981046 0.000402559 -1.602794528 0.002501823 -0.000387197 0.999996781 59.100589752
0.999981165 0.005682185 -0.002310271 1.112424612 -0.005681397 0.999983788 0.000347702 -1.621160150 0.002312207 -0.000334570 0.999997199 59.622928619
0.999977767 0.006296990 -0.002160955 1.111220241 -0.006297105 0.999980152 -0.000046773 -1.631279230 0.002160618 0.000060380 0.999997675 60.164394379
0.999978960 0.006247218 -0.001743560 1.114944935 -0.006247548 0.999980450 -0.000183546 -1.643142223 0.001742381 0.000194435 0.999998450 60.714790344
0.999978244 0.006411956 -0.001535181 1.122097731 -0.006412419 0.999979377 -0.000297352 -1.660121441 0.001533243 0.000307190 0.999998748 61.251686096
0.999977231 0.006645632 -0.001181393 1.132237792 -0.006645780 0.999977887 -0.000122927 -1.672896743 0.001180551 0.000130776 0.999999285 61.787254333
0.999976695 0.006706595 -0.001219323 1.138032675 -0.006706955 0.999977469 -0.000291966 -1.690532207 0.001217337 0.000300137 0.999999225 62.315032959
0.999974132 0.007130440 -0.000907664 1.147552252 -0.007130761 0.999974430 -0.000351591 -1.707520604 0.000905134 0.000358054 0.999999523 62.846405029
0.999968886 0.007864537 -0.000659162 1.155629635 -0.007864698 0.999969065 -0.000238334 -1.722112656 0.000657268 0.000243511 0.999999762 63.380062103
0.999970078 0.007701550 -0.000689237 1.166959286 -0.007701476 0.999970436 0.000114719 -1.746328115 0.000690101 -0.000109408 0.999999762 63.900878906
0.999969780 0.007768332 -0.000350997 1.177586198 -0.007768431 0.999969780 -0.000271785 -1.759014010 0.000348875 0.000274503 0.999999821 64.431106567
0.999969244 0.007821615 -0.000394560 1.188059807 -0.007821600 0.999969423 0.000040543 -1.776491046 0.000394864 -0.000037455 0.999999940 64.965789795
0.999966443 0.008193756 -0.000085286 1.200146198 -0.008193748 0.999966443 0.000102517 -1.794569135 0.000086122 -0.000101814 1.000000000 65.495162964
0.999965668 0.008281776 0.000172645 1.207126737 -0.008281781 0.999965668 0.000022771 -1.808885932 -0.000172450 -0.000024200 0.999999940 66.023788452
0.999967515 0.008045735 0.000445801 1.208491802 -0.008045848 0.999967515 0.000252686 -1.829584360 -0.000443754 -0.000256265 0.999999881 66.570610046
0.999963224 0.008557553 0.000394033 1.220822573 -0.008557460 0.999963343 -0.000237952 -1.844528556 -0.000396054 0.000234572 0.999999881 67.108764648
0.999961972 0.008708685 0.000425345 1.237071157 -0.008708747 0.999962091 0.000146079 -1.866211891 -0.000424057 -0.000149777 0.999999881 67.647560120
0.999961197 0.008787255 0.000533837 1.243535876 -0.008787235 0.999961317 -0.000040024 -1.880946398 -0.000534168 0.000035331 0.999999881 68.177665710
0.999963760 0.008509875 0.000245061 1.258575320 -0.008509790 0.999963701 -0.000351210 -1.895140171 -0.000248041 0.000349112 0.999999881 68.705436707
0.999962270 0.008662048 0.000542372 1.262691498 -0.008661953 0.999962389 -0.000179153 -1.911999822 -0.000543904 0.000174448 0.999999762 69.244689941
0.999961615 0.008727565 0.000778461 1.273593664 -0.008727380 0.999961853 -0.000240341 -1.929879904 -0.000780529 0.000233538 0.999999642 69.783821106
0.999963701 0.008479955 0.000849550 1.283089876 -0.008479325 0.999963760 -0.000738844 -1.941665173 -0.000855784 0.000731614 0.999999344 70.343452454
0.999963820 0.008420899 0.001128682 1.292415142 -0.008419792 0.999964058 -0.000980217 -1.957073331 -0.001136896 0.000970679 0.999998868 70.895500183
0.999964535 0.008383170 0.000769798 1.306315660 -0.008382960 0.999964833 -0.000274233 -1.985502720 -0.000772070 0.000267770 0.999999642 71.428466797
0.999962986 0.008529147 0.001114650 1.315528989 -0.008529068 0.999963641 -0.000077566 -2.002127409 -0.001115271 0.000068056 0.999999404 71.976806641
0.999959588 0.008897951 0.001279662 1.325383544 -0.008897234 0.999960244 -0.000565110 -2.016143322 -0.001284641 0.000553702 0.999998987 72.544113159
0.999961376 0.008709058 0.001195482 1.340050697 -0.008708447 0.999961913 -0.000515181 -2.031289816 -0.001199923 0.000504750 0.999999106 73.088363647
0.999958098 0.009085272 0.001110855 1.348428607 -0.009084578 0.999958456 -0.000629220 -2.046946049 -0.001116526 0.000619102 0.999999166 73.639236450
0.999958575 0.009008837 0.001249850 1.362634301 -0.009008031 0.999959230 -0.000649272 -2.065331697 -0.001255648 0.000637987 0.999998987 74.190078735
0.999953747 0.009537691 0.001230682 1.375709534 -0.009537116 0.999954343 -0.000471951 -2.079630375 -0.001235127 0.000460192 0.999999106 74.737640381
0.999952853 0.009621175 0.001305423 1.387697101 -0.009620242 0.999953389 -0.000719833 -2.098038197 -0.001312288 0.000707241 0.999998868 75.285392761
0.999951661 0.009742416 0.001311432 1.401979446 -0.009740775 0.999951780 -0.001251674 -2.111261129 -0.001323563 0.001238839 0.999998331 75.836219788
0.999950111 0.009887516 0.001399737 1.414326072 -0.009885476 0.999950051 -0.001457752 -2.124718428 -0.001414081 0.001443842 0.999997914 76.394874573
0.999950826 0.009803302 0.001497048 1.425495505 -0.009800917 0.999950707 -0.001591679 -2.143831015 -0.001512579 0.001576929 0.999997616 76.957565308
0.999950230 0.009851678 0.001543614 1.440144062 -0.009849104 0.999950111 -0.001666105 -2.161007404 -0.001559951 0.001650819 0.999997437 77.503646851
0.999946713 0.010246245 0.001210385 1.447673082 -0.010244648 0.999946594 -0.001320271 -2.178852797 -0.001223848 0.001307801 0.999998391 78.044464111
0.999949515 0.009875806 0.001819295 1.457609296 -0.009872479 0.999949574 -0.001829006 -2.197086811 -0.001837266 0.001810953 0.999996603 78.581855774
0.999950409 0.009611400 0.002601996 1.466637850 -0.009606573 0.999952137 -0.001860449 -2.211103201 -0.002619753 0.001835361 0.999994874 79.137153625
0.999945104 0.010208243 0.002345210 1.482546568 -0.010203913 0.999946237 -0.001850635 -2.229192734 -0.002363976 0.001826603 0.999995530 79.690368652
0.999944448 0.010249390 0.002431662 1.496731281 -0.010244678 0.999945641 -0.001942015 -2.253662586 -0.002451434 0.001916996 0.999995112 80.224220276
0.999943733 0.009987668 0.003552191 1.512627602 -0.009980417 0.999948204 -0.002052575 -2.269923449 -0.003572507 0.002017008 0.999991596 80.776702881
0.999940038 0.009829894 0.004819522 1.532470226 -0.009817032 0.999948204 -0.002685031 -2.285094023 -0.004845666 0.002637557 0.999984741 81.345642090
0.999932289 0.009856112 0.006182853 1.544203281 -0.009839538 0.999947906 -0.002705459 -2.300219297 -0.006209196 0.002644440 0.999977231 81.906433105
0.999929130 0.009645281 0.006980673 1.559559226 -0.009627643 0.999950349 -0.002555930 -2.315232515 -0.007004980 0.002488541 0.999972343 82.459724426
0.999899805 0.009549755 0.010450859 1.581451893 -0.009523937 0.999951482 -0.002517491 -2.334283352 -0.010474393 0.002417704 0.999942243 83.014808655
0.999838889 0.010139105 0.014804047 1.598562717 -0.010104048 0.999945939 -0.002440939 -2.350108147 -0.014827996 0.002290966 0.999887407 83.575332642
0.999778807 0.010578927 0.018177947 1.622814655 -0.010530223 0.999940634 -0.002772838 -2.369297981 -0.018206203 0.002580807 0.999830902 84.127296448
0.999685705 0.010757450 0.022644002 1.653842211 -0.010690353 0.999938071 -0.003082221 -2.389645100 -0.022675758 0.002839179 0.999738932 84.691345215
0.999528527 0.010532670 0.028840682 1.689284563 -0.010441397 0.999939978 -0.003313555 -2.408305645 -0.028873848 0.003010855 0.999578536 85.249153137
0.999328732 0.010441252 0.035115272 1.728459716 -0.010315759 0.999939680 -0.003753066 -2.422881603 -0.035152338 0.003388305 0.999376178 85.808570862
0.999068558 0.010336340 0.041894652 1.767935872 -0.010184164 0.999940753 -0.003844158 -2.440197468 -0.041931905 0.003413915 0.999114633 86.377006531
0.998690367 0.010356396 0.050101716 1.818543434 -0.010141619 0.999938250 -0.004539093 -2.453747511 -0.050145634 0.004025036 0.998733759 86.953010559
0.998214304 0.010711093 0.058766682 1.863369465 -0.010463310 0.999934971 -0.004522507 -2.482892752 -0.058811303 0.003899537 0.998261452 87.454238892
0.997740030 0.010721151 0.066331506 1.906575918 -0.010451391 0.999935627 -0.004412519 -2.495814800 -0.066374525 0.003709290 0.997787893 88.002510071
0.997130275 0.010674933 0.074947678 1.973176003 -0.010360584 0.999935806 -0.004581815 -2.511951447 -0.074991770 0.003792166 0.997176945 88.552886963
0.996325552 0.010062139 0.085053362 2.044425011 -0.009669982 0.999940634 -0.005021424 -2.528590202 -0.085098818 0.004180509 0.996363759 89.092094421
0.995530009 0.010263969 0.093886226 2.110783577 -0.009835673 0.999938905 -0.005023500 -2.541009903 -0.093932062 0.004077611 0.995570362 89.635208130
0.994740784 0.011262402 0.101803437 2.186309814 -0.010840091 0.999930203 -0.004700576 -2.561635733 -0.101849265 0.003572296 0.994793415 90.201499939
0.993691266 0.010507705 0.111656941 2.274521828 -0.009976417 0.999936044 -0.005315888 -2.576383591 -0.111705683 0.004168415 0.993732572 90.708755493
0.992474020 0.010316064 0.122020043 2.368623734 -0.009717081 0.999937654 -0.005502964 -2.592956066 -0.122069202 0.004275870 0.992512524 91.266799927
0.991276383 0.009640038 0.131446511 2.456481934 -0.008932870 0.999942243 -0.005968490 -2.611884594 -0.131496459 0.004742228 0.991305292 91.790527344
0.989684582 0.010149591 0.142903388 2.559056282 -0.009436110 0.999939322 -0.005669578 -2.632584572 -0.142952278 0.004262641 0.989720345 92.310974121
0.987864316 0.009473829 0.155029744 2.659875870 -0.008667809 0.999945164 -0.005874285 -2.650811195 -0.155076906 0.004459229 0.987892270 92.834243774
0.986133099 0.008510248 0.165738016 2.768067360 -0.007643071 0.999953568 -0.005869301 -2.668562412 -0.165780246 0.004521165 0.986152291 93.357322693
0.984393418 0.007902477 0.175804064 2.884887695 -0.006892561 0.999956071 -0.006354442 -2.674761772 -0.175846562 0.005043532 0.984404683 93.891220093
0.982030332 0.008220194 0.188544214 3.005578995 -0.007133334 0.999953866 -0.006442329 -2.692092419 -0.188588455 0.004981614 0.982043624 94.428955078
0.979591012 0.008159124 0.200835541 3.154335022 -0.007147583 0.999957860 -0.005761283 -2.736784458 -0.200874090 0.004208212 0.979608059 94.938232422
0.977407217 0.008210043 0.211205855 3.286508560 -0.007242328 0.999959409 -0.005355001 -2.759295940 -0.211241275 0.003704393 0.977426946 95.472038269
0.974465072 0.008721820 0.224369600 3.425794601 -0.007726165 0.999956012 -0.005315148 -2.784046888 -0.224406093 0.003445909 0.974489629 95.964347839
0.971463859 0.008659050 0.237029567 3.579589844 -0.007603467 0.999956667 -0.005367187 -2.801396370 -0.237065762 0.003411782 0.971487582 96.492012024
0.968566597 0.007404486 0.248643845 3.732244492 -0.006057560 0.999962509 -0.006181759 -2.810605526 -0.248680323 0.004481271 0.968575299 97.018455505
0.966067851 0.004925100 0.258241236 3.916593552 -0.003430464 0.999974668 -0.006238024 -2.836640835 -0.258265376 0.005140468 0.966060340 97.538803101
0.962292135 0.006085334 0.271949977 4.083471298 -0.004654189 0.999971688 -0.005907231 -2.857844353 -0.271978229 0.004418776 0.962293267 98.053131104
0.958684146 0.006469157 0.284399331 4.253229141 -0.005021564 0.999970436 -0.005818836 -2.888447762 -0.284428567 0.004150296 0.958688319 98.542259216
0.955357313 0.004494028 0.295418531 4.449865341 -0.002973913 0.999979913 -0.005594730 -2.925837755 -0.295437753 0.004466417 0.955351532 99.031692505
0.950833440 0.005420367 0.309655607 4.646898270 -0.003884384 0.999976933 -0.005576651 -2.944129944 -0.309678644 0.004099643 0.950832427 99.575782776
0.946300745 0.003951561 0.323263228 4.839925766 -0.002255522 0.999981642 -0.005621073 -2.959033966 -0.323279500 0.004590099 0.946292341 100.053955078
0.942494512 0.003533478 0.334202886 5.051925659 -0.001743570 0.999982476 -0.005655579 -2.977876663 -0.334217012 0.004747646 0.942484140 100.560485840
0.937568545 0.003145510 0.347786218 5.262617111 -0.001355571 0.999984503 -0.005389863 -3.005286694 -0.347797751 0.004581918 0.937558293 101.041564941
0.932218134 0.003741460 0.361877590 5.478656769 -0.002090575 0.999985576 -0.004953427 -3.031260967 -0.361890823 0.003861143 0.932212472 101.556251526
0.927305877 0.005191873 0.374268353 5.702905655 -0.003085051 0.999975860 -0.006228047 -3.054385424 -0.374291658 0.004620667 0.927299559 102.016639709
0.922622502 0.002701962 0.385694832 5.935117722 -0.000950613 0.999988437 -0.004731392 -3.069947481 -0.385703146 0.003998641 0.922614336 102.570823669
0.916638315 0.002081558 0.399712205 6.178359985 -0.000022871 0.999986649 -0.005155124 -3.076225042 -0.399717569 0.004716243 0.916626215 103.027328491
0.910705686 0.002453444 0.413048416 6.424591064 -0.000562630 0.999988794 -0.004699268 -3.094202995 -0.413055301 0.004047257 0.910696924 103.537803650
0.905925214 0.001666246 0.423434675 6.679538727 0.000592449 0.999986291 -0.005202545 -3.117328882 -0.423437625 0.004963980 0.905911684 104.003738403
0.900211930 0.000683381 0.435451627 6.940505981 0.001780422 0.999984622 -0.005250017 -3.135693550 -0.435448557 0.005501415 0.900196850 104.482292175
0.893502295 0.000362341 0.449058414 7.207252502 0.001944105 0.999987185 -0.004675113 -3.156970263 -0.449054390 0.005050241 0.893490076 104.976333618
0.887395322 0.000341790 0.461009294 7.481502533 0.002289970 0.999984086 -0.005149337 -3.169826031 -0.461003780 0.005625194 0.887380242 105.458145142
0.881657600 -0.000373380 0.471889585 7.746082306 0.002913190 0.999984920 -0.004651641 -3.202196598 -0.471880794 0.005475857 0.881645322 105.884025574
0.874310553 -0.001533597 0.485364407 8.048675537 0.004130272 0.999982297 -0.004280437 -3.216021538 -0.485349298 0.005747119 0.874301434 106.383209229
0.867137134 -0.001382761 0.498067439 8.343364716 0.004199582 0.999980927 -0.004535289 -3.231062412 -0.498051554 0.006024393 0.867126465 106.849639893
