1.000000000 0.000000000 0.000000000 0.000000000 0.000000000 1.000000000 0.000000000 0.000000000 0.000000000 0.000000000 1.000000000 0.000000000
1.000000000 0.000094275 0.000019154 -0.000384732 -0.000094277 1.000000000 0.000125172 -0.000247163 -0.000019142 -0.000125174 1.000000000 -0.000065486
1.000000000 0.000094616 -0.000009137 -0.000583936 -0.000094616 1.000000000 0.000001610 0.000378442 0.000009138 -0.000001609 1.000000000 -0.000263752
1.000000000 0.000144572 0.000120652 -0.000997105 -0.000144577 1.000000000 0.000041071 -0.000407225 -0.000120646 -0.000041089 1.000000000 -0.000093654
0.999999940 0.000126636 0.000280803 -0.001948059 -0.000126647 1.000000000 0.000039204 0.000309752 -0.000280798 -0.000039239 0.999999940 0.000844654
1.000000000 -0.000104568 0.000056210 -0.000507039 0.000104566 1.000000000 0.000039028 0.000036493 -0.000056214 -0.000039022 1.000000000 0.000308609
0.999999940 0.000155859 0.000202296 -0.002142710 -0.000155878 1.000000000 0.000091304 -0.000226085 -0.000202282 -0.000091336 1.000000000 -0.000602579
1.000000000 0.000180243 0.000128470 -0.001543030 -0.000180239 1.000000000 -0.000029358 -0.000176543 -0.000128476 0.000029335 1.000000000 -0.001002672
1.000000000 0.000116333 0.000168277 -0.001838869 -0.000116339 1.000000000 0.000034214 -0.001014757 -0.000168273 -0.000034234 1.000000000 -0.001716542
1.000000000 0.000139661 0.000111915 -0.001894215 -0.000139675 1.000000000 0.000125744 -0.000948122 -0.000111898 -0.000125759 1.000000000 0.000116384
1.000000000 0.000059435 0.000143155 -0.001193164 -0.000059454 1.000000000 0.000130394 -0.001214688 -0.000143147 -0.000130403 1.000000000 -0.000841835
1.000000000 0.000170055 0.000170421 -0.001413845 -0.000170053 1.000000000 -0.000012183 -0.000639776 -0.000170423 0.000012154 1.000000000 -0.000033799
1.000000000 0.000027465 0.000124245 -0.001113675 -0.000027473 1.000000000 0.000066161 0.000502581 -0.000124243 -0.000066165 1.000000000 0.000128825
0.999999940 0.000208736 0.000233978 -0.002877282 -0.000208716 1.000000000 -0.000084150 0.000901255 -0.000233995 0.000084101 0.999999940 -0.000137219
0.999999940 0.000248388 0.000123228 -0.001762422 -0.000248389 0.999999940 0.000005455 0.001075012 -0.000123226 -0.000005486 1.000000000 0.001460953
0.999999881 0.000383861 0.000235707 -0.002623146 -0.000383860 0.999999940 -0.000004671 0.000998265 -0.000235709 0.000004581 1.000000000 0.001854686
0.999999881 0.000417204 0.000288400 -0.002959320 -0.000417188 0.999999940 -0.000057682 0.001086627 -0.000288424 0.000057561 0.999999940 0.000597864
0.999999940 0.000240865 0.000242640 -0.002256190 -0.000240866 1.000000000 0.000002838 0.001527525 -0.000242639 -0.000002897 1.000000000 0.002193194
0.999999881 0.000279882 0.000325055 -0.002827870 -0.000279870 0.999999940 -0.000037771 0.001459387 -0.000325065 0.000037680 0.999999940 0.001647328
0.999999940 0.000313754 0.000238489 -0.002636968 -0.000313771 0.999999940 0.000071622 0.000958336 -0.000238467 -0.000071697 0.999999940 0.002431140
0.999999881 0.000412171 0.000215934 -0.003031506 -0.000412163 0.999999940 -0.000038707 0.001833231 -0.000215950 0.000038618 1.000000000 0.002584005
0.999999940 0.000273316 0.000178016 -0.002039192 -0.000273308 0.999999940 -0.000044508 0.001446394 -0.000178028 0.000044460 1.000000000 0.002230365
0.999999940 0.000271795 0.000162101 -0.002446088 -0.000271809 0.999999940 0.000084375 0.000991286 -0.000162078 -0.000084419 1.000000000 0.001637758
0.999999821 0.000553042 0.000200829 -0.003009008 -0.000553035 0.999999821 -0.000037383 0.001652646 -0.000200849 0.000037272 1.000000000 0.002646786
0.999999881 0.000351176 0.000235757 -0.002137844 -0.000351170 0.999999940 -0.000027981 0.001884753 -0.000235766 0.000027898 1.000000000 0.001632633
0.999999940 0.000354871 0.000227906 -0.002934916 -0.000354857 0.999999940 -0.000061508 0.002818498 -0.000227928 0.000061427 1.000000000 0.004087870
0.999999881 0.000379954 0.000259742 -0.002961743 -0.000379973 0.999999940 0.000073521 0.000987269 -0.000259714 -0.000073620 0.999999940 0.002292998
0.999999881 0.000392013 0.000177949 -0.002536829 -0.000391997 0.999999940 -0.000086549 0.001951789 -0.000177983 0.000086480 1.000000000 0.001620843
0.999999940 0.000346605 0.000183670 -0.002525465 -0.000346585 0.999999940 -0.000106522 0.002977890 -0.000183707 0.000106459 1.000000000 0.002769430
0.999999881 0.000392806 0.000307195 -0.002413990 -0.000392793 0.999999940 -0.000040725 0.001697861 -0.000307211 0.000040605 0.999999940 0.002810273
0.999999881 0.000405287 0.000291232 -0.002950293 -0.000405269 0.999999940 -0.000061089 0.002081969 -0.000291257 0.000060971 0.999999940 0.002487034
0.999999940 0.000297824 0.000173340 -0.001807953 -0.000297808 0.999999940 -0.000096131 0.001893540 -0.000173369 0.000096080 1.000000000 0.002604126
0.999999821 0.000524037 0.000324952 -0.002219949 -0.000524051 0.999999881 0.000043919 0.000493435 -0.000324929 -0.000044089 0.999999940 0.000910744
0.999999821 0.000488277 0.000288604 -0.003198203 -0.000488228 0.999999881 -0.000169266 0.001886606 -0.000288687 0.000169125 0.999999940 0.002191940
0.999999821 0.000543759 0.000273161 -0.002252257 -0.000543716 0.999999821 -0.000156086 0.001895946 -0.000273246 0.000155937 0.999999940 0.002320100
0.999999881 0.000379413 0.000277864 -0.003400904 -0.000379393 0.999999940 -0.000072563 0.002093007 -0.000277892 0.000072457 0.999999940 0.002365413
0.999999821 0.000507489 0.000278102 -0.003424457 -0.000507453 0.999999881 -0.000131485 0.003344945 -0.000278169 0.000131344 0.999999940 0.003046419
0.999999821 0.000534865 0.000314793 -0.003249350 -0.000534849 0.999999881 -0.000049785 0.001282565 -0.000314820 0.000049616 0.999999940 0.002549814
0.999999881 0.000410854 0.000221296 -0.001301013 -0.000410846 0.999999940 -0.000032689 0.001882201 -0.000221309 0.000032598 1.000000000 0.000847974
0.999999940 0.000277195 0.000198775 -0.002150997 -0.000277166 0.999999940 -0.000147128 0.001313854 -0.000198816 0.000147073 0.999999940 0.001566386
0.999999881 0.000386915 0.000329169 -0.002292071 -0.000386713 0.999999762 -0.000613527 0.000076295 -0.000329406 0.000613399 0.999999762 0.050152697
0.999999821 0.000440587 0.000425975 -0.003539203 -0.000440068 0.999999166 -0.001216278 -0.003830105 -0.000426510 0.001216091 0.999999166 0.137711748
0.999999821 0.000425939 0.000364979 0.001570464 -0.000425412 0.999998868 -0.001440441 -0.007053684 -0.000365592 0.001440286 0.999998868 0.251397341
0.999999523 0.000869649 0.000445030 0.001676423 -0.000869213 0.999999166 -0.000978954 -0.012921446 -0.000445881 0.000978566 0.999999404 0.382546902
0.999999344 0.000956025 0.000633412 0.001336148 -0.000955446 0.999999106 -0.000913503 -0.014398851 -0.000634285 0.000912897 0.999999404 0.530688286
0.999999940 0.000139515 0.000335181 0.010626183 -0.000139245 0.999999642 -0.000803301 -0.019055529 -0.000335293 0.000803254 0.999999642 0.694529951
0.999999285 0.000904304 0.000792516 0.005155253 -0.000903886 0.999999464 -0.000527065 -0.020872867 -0.000792992 0.000526349 0.999999523 0.847859800
0.999997914 0.001801688 0.000883931 0.004893024 -0.001801554 0.999998510 -0.000152797 -0.039865803 -0.000884205 0.000151205 0.999999583 1.015495658
0.999997377 0.002083938 0.000929038 0.008133339 -0.002084002 0.999997854 0.000067667 -0.046617161 -0.000928894 -0.000069603 0.999999523 1.188928127
0.999997377 0.001923286 0.001230496 0.010586752 -0.001923717 0.999998093 0.000349661 -0.052960947 -0.001229821 -0.000352028 0.999999225 1.369185448
0.999996781 0.002244397 0.001171076 0.015031182 -0.002244882 0.999997377 0.000413598 -0.056852046 -0.001170145 -0.000416226 0.999999225 1.567959189
0.999996960 0.002177717 0.001158451 0.021713603 -0.002178391 0.999997497 0.000581045 -0.061932586 -0.001157183 -0.000583566 0.999999166 1.769705772
0.999996901 0.002038300 0.001430030 0.024405172 -0.002039295 0.999997675 0.000694704 -0.068604060 -0.001428610 -0.000697618 0.999998808 1.970165253
0.999996781 0.002128908 0.001361827 0.024261486 -0.002130027 0.999997377 0.000820797 -0.075994626 -0.001360076 -0.000823695 0.999998689 2.180153131
0.999996483 0.002158843 0.001534544 0.031710155 -0.002160097 0.999997318 0.000816461 -0.079769313 -0.001532777 -0.000819773 0.999998450 2.398002148
0.999996245 0.002294886 0.001495134 0.036844004 -0.002295473 0.999997318 0.000391515 -0.082629025 -0.001494232 -0.000394945 0.999998868 2.630151033
0.999995530 0.002657155 0.001345002 0.042148784 -0.002657805 0.999996424 0.000481503 -0.091684952 -0.001343717 -0.000485075 0.999998987 2.861225128
0.999996960 0.001951623 0.001522613 0.044699803 -0.001953170 0.999997556 0.001015513 -0.101920813 -0.001520628 -0.001018484 0.999998331 3.095492601
0.999995649 0.002605803 0.001404166 0.048645910 -0.002607485 0.999995887 0.001197006 -0.109563813 -0.001401041 -0.001200662 0.999998331 3.336815119
0.999996305 0.002232053 0.001595043 0.051593497 -0.002234059 0.999996722 0.001257099 -0.117548876 -0.001592232 -0.001260658 0.999997914 3.583156824
0.999995828 0.002393088 0.001691218 0.057470739 -0.002395265 0.999996305 0.001286166 -0.123371780 -0.001688134 -0.001290212 0.999997735 3.844487667
0.999994338 0.002949814 0.001688719 0.061356459 -0.002951605 0.999995112 0.001058676 -0.125423744 -0.001685588 -0.001063654 0.999997973 4.100625992
0.999992311 0.003346654 0.002038609 0.067004323 -0.003348693 0.999993861 0.000997347 -0.127659857 -0.002035258 -0.001004166 0.999997377 4.361105442
0.999993503 0.002980800 0.002019689 0.071793720 -0.002982280 0.999995232 0.000730304 -0.134670272 -0.002017503 -0.000736322 0.999997675 4.622449398
0.999992609 0.003252297 0.002054279 0.080248535 -0.003253695 0.999994516 0.000677305 -0.140553072 -0.002052064 -0.000683984 0.999997675 4.888712883
0.999993086 0.003142296 0.001985302 0.087643340 -0.003144855 0.999994218 0.001287176 -0.151306540 -0.001981246 -0.001293410 0.999997139 5.131953239
0.999993086 0.003066885 0.002097093 0.092684478 -0.003068805 0.999994814 0.000912870 -0.156293303 -0.002094283 -0.000919299 0.999997377 5.396317959
0.999991834 0.003457456 0.002113029 0.098036975 -0.003459862 0.999993324 0.001135985 -0.166170239 -0.002109088 -0.001143286 0.999997139 5.668996334
0.999994278 0.002698631 0.002088148 0.101838604 -0.002701421 0.999995470 0.001334278 -0.177244693 -0.002084539 -0.001339912 0.999996841 5.928442955
0.999993563 0.002824239 0.002195288 0.108812429 -0.002827078 0.999995172 0.001291141 -0.184407711 -0.002191631 -0.001297339 0.999996722 6.207355022
0.999992430 0.003164301 0.002261449 0.118198693 -0.003166956 0.999994338 0.001171439 -0.186533734 -0.002257729 -0.001178592 0.999996781 6.507349491
0.999993205 0.002756092 0.002428588 0.115884729 -0.002759594 0.999995172 0.001439821 -0.195734084 -0.002424608 -0.001446513 0.999996066 6.794870377
0.999990046 0.003797072 0.002351508 0.123673908 -0.003800667 0.999991536 0.001526330 -0.207429036 -0.002345692 -0.001535252 0.999996066 7.079404354
0.999992847 0.003039441 0.002271146 0.131752700 -0.003043546 0.999993682 0.001806274 -0.219294280 -0.002265642 -0.001813174 0.999995768 7.376952171
0.999993503 0.002769647 0.002264041 0.142839149 -0.002773546 0.999994576 0.001720778 -0.231599271 -0.002259263 -0.001727046 0.999995947 7.666324615
0.999992371 0.003142408 0.002355679 0.140145659 -0.003146930 0.999993205 0.001918611 -0.241976544 -0.002349634 -0.001926009 0.999995410 7.993495941
0.999993026 0.003046699 0.002186346 0.156147793 -0.003051214 0.999993205 0.002064664 -0.248322219 -0.002180041 -0.002071321 0.999995470 8.293036461
0.999995291 0.002520902 0.001735658 0.170339927 -0.002523936 0.999995232 0.001748062 -0.256202906 -0.001731243 -0.001752434 0.999996960 8.605103493
0.999990165 0.003628794 0.002552471 0.163252264 -0.003633349 0.999991834 0.001782286 -0.264371604 -0.002545982 -0.001791543 0.999995172 8.969452858
0.999988854 0.004148866 0.002252179 0.170731485 -0.004153572 0.999989212 0.002089199 -0.279333413 -0.002243487 -0.002098530 0.999995351 9.305801392
0.999988079 0.004169894 0.002534320 0.181028068 -0.004174200 0.999989867 0.001695930 -0.286542058 -0.002527223 -0.001706489 0.999995351 9.638708115
0.999989212 0.004062232 0.002273385 0.185656518 -0.004065582 0.999990702 0.001470968 -0.297631323 -0.002267388 -0.001480195 0.999996305 9.984486580
0.999985754 0.004572263 0.002742836 0.186998427 -0.004576884 0.999988139 0.001681129 -0.308647394 -0.002735117 -0.001693659 0.999994814 10.318808556
0.999987900 0.004049032 0.002786144 0.198130384 -0.004054944 0.999989510 0.002119452 -0.326008022 -0.002777533 -0.002130724 0.999993861 10.701929092
0.999989569 0.003540964 0.002869801 0.206672728 -0.003547088 0.999991536 0.002131712 -0.331972003 -0.002862228 -0.002141869 0.999993622 11.068203926
0.999991775 0.002970011 0.002750543 0.218079329 -0.002977007 0.999992311 0.002543208 -0.346592754 -0.002742968 -0.002551376 0.999992967 11.438878059
0.999992311 0.003048604 0.002497648 0.234751329 -0.003054435 0.999992609 0.002334277 -0.353316605 -0.002490513 -0.002341888 0.999994159 11.797164917
0.999987960 0.003601055 0.003333879 0.232344791 -0.003610082 0.999989748 0.002705146 -0.371814102 -0.003324104 -0.002717149 0.999990761 12.207665443
0.999986410 0.003571615 0.003799595 0.241276935 -0.003582368 0.999989569 0.002826893 -0.383117318 -0.003789459 -0.002840466 0.999988735 12.596536636
0.999989271 0.003221440 0.003338864 0.257265121 -0.003229637 0.999991715 0.002452561 -0.386876881 -0.003330936 -0.002463318 0.999991357 12.999335289
0.999988198 0.003240603 0.003622126 0.256324708 -0.003248756 0.999992192 0.002247371 -0.398550957 -0.003614815 -0.002259111 0.999990940 13.399836540
0.999988079 0.003560832 0.003363134 0.268590331 -0.003569343 0.999990284 0.002528143 -0.407353520 -0.003354100 -0.002540117 0.999991179 13.813204765
0.999981642 0.004408150 0.004155620 0.269904733 -0.004417924 0.999987423 0.002345702 -0.413818210 -0.004145229 -0.002364019 0.999988675 14.243825912
0.999983788 0.003917281 0.004132499 0.288902402 -0.003929207 0.999988139 0.002881728 -0.435959250 -0.004121162 -0.002897918 0.999987304 14.620885849
0.999983013 0.003964709 0.004281159 0.298176587 -0.003978200 0.999987125 0.003147256 -0.446064442 -0.004268626 -0.003164234 0.999985874 15.056766510
0.999983609 0.003485651 0.004538511 0.312690139 -0.003499978 0.999988854 0.003152661 -0.464363366 -0.004527471 -0.003168494 0.999984741 15.501985550
0.999983132 0.003556624 0.004600933 0.325852036 -0.003573261 0.999987125 0.003612913 -0.477317601 -0.004588025 -0.003629292 0.999982893 15.943426132
0.999972522 0.004569884 0.005835185 0.319485337 -0.004592149 0.999982119 0.003808055 -0.493475705 -0.005817679 -0.003834746 0.999975741 16.374101639
0.999973297 0.004192602 0.005981559 0.331108034 -0.004212215 0.999985695 0.003270033 -0.503506303 -0.005967763 -0.003295141 0.999976814 16.821643829
0.999977112 0.003691652 0.005661395 0.347090304 -0.003711144 0.999987245 0.003436470 -0.511653483 -0.005648637 -0.003457402 0.999978065 17.274917603
0.999970436 0.004436039 0.006272633 0.354102403 -0.004462814 0.999980927 0.004260962 -0.532995701 -0.006253613 -0.004288830 0.999971211 17.740343094
0.999968350 0.003891299 0.006941976 0.362108827 -0.003913919 0.999987006 0.003247845 -0.539291024 -0.006929249 -0.003274912 0.999970555 18.199495316
0.999969900 0.003708023 0.006821468 0.375998795 -0.003728597 0.999988556 0.003005760 -0.545252085 -0.006810245 -0.003031104 0.999972224 18.674255371
0.999970853 0.003655343 0.006704772 0.392260015 -0.003674090 0.999989450 0.002786013 -0.557376146 -0.006694518 -0.002810566 0.999973655 19.158092499
0.999960780 0.004553440 0.007600218 0.402414501 -0.004578975 0.999983847 0.003345583 -0.575477600 -0.007584861 -0.003380253 0.999965489 19.610244751
0.999961674 0.004077064 0.007749599 0.413231075 -0.004104940 0.999985218 0.003584696 -0.589614809 -0.007734869 -0.003616371 0.999963582 20.095991135
0.999965727 0.004275470 0.007089938 0.437417567 -0.004296476 0.999986410 0.002950282 -0.596855640 -0.007077227 -0.002980642 0.999970496 20.591728210
0.999967277 0.004286963 0.006858633 0.446714640 -0.004310192 0.999985039 0.003375708 -0.613958657 -0.006844060 -0.003405160 0.999970794 21.068964005
0.999973476 0.003721553 0.006257087 0.460550010 -0.003741158 0.999988079 0.003124367 -0.620120585 -0.006245386 -0.003147694 0.999975562 21.583389282
0.999971986 0.004302120 0.006114333 0.471245795 -0.004323422 0.999984682 0.003475062 -0.634103835 -0.006099289 -0.003501399 0.999975264 22.086738586
0.999972045 0.003862601 0.006399372 0.473096013 -0.003886288 0.999985576 0.003692970 -0.655726850 -0.006385015 -0.003717736 0.999972701 22.581855774
0.999975801 0.003783478 0.005823120 0.486075133 -0.003802635 0.999987364 0.003282382 -0.665476084 -0.005810626 -0.003304446 0.999977648 23.106212616
0.999975622 0.004468357 0.005351951 0.476694137 -0.004488421 0.999982893 0.003742764 -0.686984539 -0.005335135 -0.003766696 0.999978662 23.629587173
0.999991596 0.002423060 0.003290526 0.510098398 -0.002436318 0.999988973 0.004031064 -0.697685063 -0.003280720 -0.004039048 0.999986529 24.187978745
0.999974847 0.004918084 0.005095368 0.502739847 -0.004937928 0.999980271 0.003889048 -0.714478135 -0.005076140 -0.003914111 0.999979436 24.696250916
0.999972999 0.005873889 0.004406346 0.517674208 -0.005892578 0.999973714 0.004240478 -0.724944293 -0.004381321 -0.004266329 0.999981284 25.245750427
0.999976516 0.005782600 0.003687731 0.523474753 -0.005798328 0.999974132 0.004268524 -0.743405163 -0.003662952 -0.004289806 0.999984026 25.768142700
0.999976933 0.005940294 0.003289145 0.534994364 -0.005954951 0.999972284 0.004464379 -0.756844819 -0.003262534 -0.004483863 0.999984562 26.321689606
0.999981344 0.005070380 0.003412497 0.554589748 -0.005085081 0.999977767 0.004312928 -0.766530156 -0.003390553 -0.004330201 0.999984860 26.898281097
0.999986768 0.004299681 0.002838991 0.573741853 -0.004313176 0.999979377 0.004764420 -0.784339547 -0.002818447 -0.004776602 0.999984562 27.449098587
0.999985456 0.004798879 0.002476974 0.583899617 -0.004810390 0.999977529 0.004662252 -0.799509645 -0.002454545 -0.004674099 0.999986053 27.982040405
0.999980330 0.005769816 0.002468383 0.586433113 -0.005779795 0.999975026 0.004055158 -0.803851247 -0.002444924 -0.004069345 0.999988735 28.538230896
0.999981999 0.005557336 0.002274267 0.600883186 -0.005566205 0.999976873 0.003912028 -0.816855550 -0.002252474 -0.003924617 0.999989748 29.096761703
0.999978364 0.006114149 0.002407989 0.605137169 -0.006123386 0.999973893 0.003847859 -0.827237368 -0.002384400 -0.003862521 0.999989748 29.632978439
0.999978840 0.006213343 0.001904463 0.615499973 -0.006220576 0.999973416 0.003816199 -0.840690076 -0.001880701 -0.003827966 0.999990940 30.168832779
0.999976754 0.006549132 0.001885429 0.614440322 -0.006556908 0.999969840 0.004147873 -0.858555436 -0.001858207 -0.004160138 0.999989629 30.705663681
0.999980748 0.005996261 0.001566040 0.627068162 -0.006003685 0.999970496 0.004779518 -0.873250246 -0.001537334 -0.004788827 0.999987364 31.258583069
0.999968052 0.007765615 0.001875830 0.633267343 -0.007773082 0.999961734 0.004006566 -0.876920462 -0.001844645 -0.004021020 0.999990165 31.810947418
0.999977887 0.006511930 0.001444370 0.657463014 -0.006516849 0.999972880 0.003425586 -0.886223912 -0.001422024 -0.003434923 0.999993086 32.351089478
0.999978483 0.006521429 0.000804347 0.663432300 -0.006524461 0.999971390 0.003824973 -0.903975725 -0.000779380 -0.003830139 0.999992430 32.898532867
0.999976039 0.006783618 0.001345387 0.661997199 -0.006788727 0.999969602 0.003830151 -0.920283139 -0.001319364 -0.003839192 0.999991775 33.424068451
0.999978006 0.006560634 0.000981958 0.693049192 -0.006564689 0.999969661 0.004186427 -0.932300925 -0.000954463 -0.004192782 0.999990761 33.981700897
0.999980390 0.006253314 0.000332014 0.706150472 -0.006254550 0.999972999 0.003865311 -0.942613423 -0.000307834 -0.003867312 0.999992490 34.525646210
0.999978483 0.006540574 0.000434235 0.710022748 -0.006542250 0.999970675 0.003978164 -0.962289095 -0.000408203 -0.003980920 0.999992013 35.048717499
0.999979556 0.006404326 0.000037288 0.738343239 -0.006404424 0.999971271 0.004044366 -0.974706590 -0.000011385 -0.004044521 0.999991834 35.597705841
0.999979854 0.006342371 -0.000138005 0.758333206 -0.006341788 0.999972343 0.003884937 -0.979591727 0.000162641 -0.003883983 0.999992430 36.130207062
0.999979615 0.006376220 0.000333589 0.743195951 -0.006377397 0.999972999 0.003653230 -0.994467854 -0.000310286 -0.003655282 0.999993265 36.711063385
0.999980152 0.006299599 -0.000058444 0.752644479 -0.006299376 0.999974847 0.003263072 -1.005992532 0.000078999 -0.003262640 0.999994636 37.262676239
0.999980927 0.006158789 -0.000454023 0.767040014 -0.006157521 0.999977291 0.002746052 -1.013400197 0.000470925 -0.002743204 0.999996126 37.818759918
0.999980509 0.006142181 -0.001146341 0.784854829 -0.006139193 0.999977887 0.002592697 -1.024009109 0.001162240 -0.002585609 0.999995947 38.346405029
0.999984026 0.005645554 -0.000202091 0.795961380 -0.005644857 0.999978542 0.003302599 -1.041177750 0.000220732 -0.003301405 0.999994516 38.907047272
0.999983549 0.005710113 -0.000413143 0.810189009 -0.005708593 0.999977291 0.003590709 -1.058771133 0.000433636 -0.003588292 0.999993443 39.448085785
0.999985814 0.005317268 -0.000124326 0.808524489 -0.005316864 0.999981225 0.003056724 -1.065747619 0.000140576 -0.003056020 0.999995291 39.968341827
0.999983907 0.005669127 0.000277905 0.777660370 -0.005670037 0.999978185 0.003389956 -1.077769279 -0.000258681 -0.003391478 0.999994218 40.466766357
0.999982834 0.005831732 0.000404035 0.817816257 -0.005832941 0.999978304 0.003056560 -1.092078209 -0.000386202 -0.003058864 0.999995232 41.073684692
0.999979377 0.006412230 0.000263195 0.828983068 -0.006413046 0.999974132 0.003229660 -1.100203037 -0.000242479 -0.003231281 0.999994755 41.625446320
0.999982119 0.005920970 0.000753803 0.826491892 -0.005923237 0.999977827 0.003040600 -1.118564963 -0.000735783 -0.003045010 0.999995053 42.182193756
0.999982715 0.005856941 0.000453360 0.846400976 -0.005858350 0.999977827 0.003169844 -1.126524568 -0.000434785 -0.003172445 0.999994874 42.658954620
0.999982595 0.005895905 -0.000316652 0.860711634 -0.005894878 0.999977648 0.003146822 -1.138324022 0.000335198 -0.003144901 0.999994993 43.208759308
0.999976039 0.006936114 -0.000169081 0.874897659 -0.006935583 0.999971509 0.002962868 -1.150601983 0.000189628 -0.002961623 0.999995649 43.756141663
0.999982834 0.005837554 -0.000609018 0.887286842 -0.005835762 0.999978721 0.002906476 -1.164437532 0.000625972 -0.002902872 0.999995589 44.295539856
0.999987543 0.004942403 0.000594066 0.870098770 -0.004944249 0.999982834 0.003146302 -1.166714191 -0.000578504 -0.003149200 0.999994874 44.793045044
0.999990821 0.004233768 0.000603347 0.884016573 -0.004235669 0.999985993 0.003185491 -1.178664207 -0.000589852 -0.003188017 0.999994755 45.343742371
0.999986708 0.005151196 0.000114060 0.898760974 -0.005151416 0.999984682 0.002028264 -1.187771797 -0.000103610 -0.002028825 0.999997973 45.896961212
0.999988437 0.004651956 0.001196375 0.882459760 -0.004655009 0.999985814 0.002561122 -1.200184226 -0.001184443 -0.002566662 0.999996006 46.410362244
0.999986827 0.005009011 0.001066342 0.898932338 -0.005012209 0.999982834 0.003017342 -1.212548494 -0.001051210 -0.003022647 0.999994934 46.958065033
0.999983490 0.005672210 0.000855994 0.899532914 -0.005674556 0.999980032 0.002763716 -1.226739287 -0.000840301 -0.002768528 0.999995768 47.519615173
0.999992549 0.003703904 0.001110494 0.909261346 -0.003706569 0.999990225 0.002407189 -1.232439399 -0.001101567 -0.002411287 0.999996483 48.033752441
0.999989331 0.004475620 0.001166759 0.916958809 -0.004478575 0.999986768 0.002542255 -1.246730566 -0.001155365 -0.002547453 0.999996066 48.570159912
0.999992251 0.003810402 0.000961365 0.927744925 -0.003812094 0.999991179 0.001765046 -1.253417611 -0.000954632 -0.001768697 0.999997973 49.129863739
0.999989986 0.004337421 0.001180479 0.940302074 -0.004339446 0.999989152 0.001719213 -1.268765688 -0.001173009 -0.001724318 0.999997854 49.656547546
0.999991536 0.003716043 0.001780952 0.933408558 -0.003721573 0.999988258 0.003112115 -1.285302520 -0.001769367 -0.003118717 0.999993563 50.179218292
0.999991715 0.003165023 0.002544253 0.941102803 -0.003173376 0.999989569 0.003284959 -1.299889326 -0.002533829 -0.003293006 0.999991417 50.723194122
0.999992967 0.003257861 0.001926642 0.955605984 -0.003264074 0.999989510 0.003230446 -1.310229778 -0.001916098 -0.003236712 0.999992907 51.270763397
0.999988139 0.004192452 0.002454166 0.953556657 -0.004199510 0.999987066 0.002878325 -1.322658896 -0.002442067 -0.002888597 0.999992847 51.769989014
0.999985576 0.004598859 0.002778339 0.964152873 -0.004605427 0.999986589 0.002362137 -1.332748055 -0.002767439 -0.002374898 0.999993384 52.319625854
0.999987245 0.004014156 0.003054221 0.963709474 -0.004022227 0.999988437 0.002641105 -1.341925502 -0.003043584 -0.002653356 0.999991834 52.856250763
0.999983549 0.004901406 0.002974436 0.973756313 -0.004909248 0.999984443 0.002634258 -1.358895421 -0.002961479 -0.002648817 0.999992073 53.404190063
0.999986291 0.004062960 0.003296475 0.975015879 -0.004070293 0.999989271 0.002220459 -1.369375110 -0.003287418 -0.002233846 0.999992073 53.939407349
0.999985337 0.004250227 0.003343411 0.987145603 -0.004258438 0.999987900 0.002452889 -1.385493994 -0.003332946 -0.002467091 0.999991357 54.472377777
0.999987900 0.003884059 0.003032796 1.003099203 -0.003891712 0.999989212 0.002521663 -1.398908615 -0.003022970 -0.002533436 0.999992132 55.033252716
0.999988377 0.003657420 0.003138452 1.014964581 -0.003664549 0.999990702 0.002269107 -1.407496452 -0.003130123 -0.002280582 0.999992490 55.550624847
0.999983132 0.004707352 0.003415199 1.017839551 -0.004716064 0.999985635 0.002547445 -1.421048880 -0.003403159 -0.002563509 0.999990940 56.102901459
0.999982178 0.004655895 0.003721282 1.037268996 -0.004664844 0.999986231 0.002399467 -1.439171553 -0.003710059 -0.002416784 0.999990106 56.650749207
0.999983370 0.004404631 0.003714886 1.038394928 -0.004412743 0.999987841 0.002178161 -1.447914004 -0.003705248 -0.002194517 0.999990702 57.154548645
0.999985456 0.003929289 0.003704037 1.051254749 -0.003936582 0.999990284 0.001964019 -1.462134480 -0.003696284 -0.001978572 0.999991238 57.701290131
0.999982536 0.004666420 0.003620656 1.066865087 -0.004672422 0.999987721 0.001651188 -1.467410207 -0.003612906 -0.001668076 0.999992013 58.262252808
0.999985814 0.003932404 0.003599335 1.077652574 -0.003938016 0.999991059 0.001553234 -1.474756360 -0.003593194 -0.001567386 0.999992311 58.741603851
0.999983132 0.004138883 0.004084413 1.089064837 -0.004144595 0.999990404 0.001390862 -1.496773720 -0.004078617 -0.001407767 0.999990702 59.280117035
0.999987602 0.003475811 0.003573386 1.104708314 -0.003481102 0.999992907 0.001475434 -1.511964202 -0.003568233 -0.001487855 0.999992549 59.823318481
0.999984860 0.004085788 0.003664832 1.110478520 -0.004089735 0.999991000 0.001069963 -1.509556651 -0.003660426 -0.001084936 0.999992669 60.355712891
0.999982297 0.004796481 0.003509114 1.126776457 -0.004801633 0.999987364 0.001461155 -1.526859641 -0.003502060 -0.001477979 0.999992847 60.906608582
0.999986410 0.003678111 0.003690828 1.145611167 -0.003680136 0.999993086 0.000542024 -1.534298420 -0.003688809 -0.000555600 0.999993086 61.441638947
0.999985099 0.003774333 0.003940346 1.138087511 -0.003778238 0.999992371 0.000983980 -1.556575298 -0.003936602 -0.000998853 0.999991775 61.937347412
0.999987483 0.003782256 0.003280791 1.157592297 -0.003784857 0.999992490 0.000786986 -1.568633318 -0.003277790 -0.000799393 0.999994338 62.485240936
0.999986172 0.003854293 0.003581188 1.173635244 -0.003857452 0.999992192 0.000875795 -1.577454686 -0.003577783 -0.000889598 0.999993265 63.036502838
0.999983788 0.004074557 0.003967697 1.180295229 -0.004076915 0.999991536 0.000586569 -1.602495313 -0.003965272 -0.000602735 0.999992013 63.581218719
0.999984026 0.003603286 0.004358420 1.177170992 -0.003607186 0.999993026 0.000887128 -1.610315442 -0.004355194 -0.000902835 0.999990046 64.063438416
0.999982417 0.003932588 0.004444728 1.191949129 -0.003933417 0.999992192 0.000177653 -1.618319511 -0.004443995 -0.000195133 0.999990106 64.617546082
0.999980092 0.003660222 0.005155880 1.201318622 -0.003662415 0.999993265 0.000416004 -1.636932015 -0.005154323 -0.000434879 0.999986589 65.160713196
0.999975383 0.004513513 0.005366153 1.210968018 -0.004514934 0.999989748 0.000252817 -1.649297595 -0.005364957 -0.000277039 0.999985516 65.699974060
0.999977052 0.004115188 0.005367029 1.219369769 -0.004115589 0.999991477 0.000063787 -1.667415261 -0.005366721 -0.000085874 0.999985576 66.193840027
0.999977529 0.004308647 0.005119954 1.236709595 -0.004310606 0.999990702 0.000371857 -1.686884046 -0.005118303 -0.000393918 0.999986827 66.742752075
0.999981463 0.003987738 0.004600632 1.254437804 -0.003987724 0.999992073 -0.000012161 -1.692750931 -0.004600645 -0.000006185 0.999989390 67.280982971
0.999975324 0.004603769 0.005297765 1.272761822 -0.004604392 0.999989390 0.000105342 -1.714606285 -0.005297224 -0.000129732 0.999985933 67.808982849
0.999973714 0.004248437 0.005873430 1.272320867 -0.004250274 0.999990940 0.000300134 -1.734439015 -0.005872102 -0.000325090 0.999982655 68.320228577
0.999975383 0.004637862 0.005257500 1.282984614 -0.004638126 0.999989271 0.000037789 -1.747031212 -0.005257268 -0.000062173 0.999986172 68.864639282
0.999969780 0.005159439 0.005800056 1.295475960 -0.005160274 0.999986649 0.000129172 -1.767951488 -0.005799313 -0.000159098 0.999983191 69.402824402
0.999976337 0.003993257 0.005600611 1.312560081 -0.003997591 0.999991775 0.000762857 -1.782635689 -0.005597517 -0.000785228 0.999984086 69.917633057
0.999965966 0.004750053 0.006738211 1.305110216 -0.004743421 0.999988317 -0.000999975 -1.772392869 -0.006742881 0.000967979 0.999976814 70.446411133
0.999974489 0.003686428 0.006107496 1.340458870 -0.003688455 0.999993145 0.000320656 -1.808856964 -0.006106270 -0.000343176 0.999981284 70.928436279
0.999966621 0.004032909 0.007109482 1.346074462 -0.004034030 0.999991894 0.000143075 -1.821614504 -0.007108848 -0.000171750 0.999974668 71.484664917
0.999967039 0.004681153 0.006626762 1.358280420 -0.004679204 0.999989033 -0.000309633 -1.835155725 -0.006628139 0.000278615 0.999977946 72.044357300
0.999966383 0.004634487 0.006769416 1.364820004 -0.004631874 0.999989212 -0.000401772 -1.853295684 -0.006771205 0.000370403 0.999976993 72.595390320
0.999977648 0.003585554 0.005632123 1.399947405 -0.003586536 0.999993563 0.000164410 -1.859500289 -0.005631497 -0.000184606 0.999984145 73.030914307
0.999977410 0.003451792 0.005759124 1.417407036 -0.003453044 0.999993980 0.000207447 -1.877834082 -0.005758373 -0.000227328 0.999983370 73.586204529
0.999974549 0.003915621 0.005953461 1.432953835 -0.003922367 0.999991655 0.001121701 -1.893493056 -0.005949020 -0.001145024 0.999981642 74.135841370
0.999979019 0.003356737 0.005545142 1.449152946 -0.003354016 0.999994278 -0.000499683 -1.891113281 -0.005546788 0.000481074 0.999984503 74.631591797
0.999982417 0.003140096 0.005041471 1.468688011 -0.003137193 0.999994934 -0.000583680 -1.905733466 -0.005043279 0.000567854 0.999987066 75.180137634
0.999973893 0.003923949 0.006063781 1.472409010 -0.003919840 0.999992073 -0.000689333 -1.918760419 -0.006066438 0.000665547 0.999981403 75.702453613
0.999975741 0.003425357 0.006055474 1.488760948 -0.003417916 0.999993384 -0.001238693 -1.929222822 -0.006059677 0.001217967 0.999980927 76.256027222
0.999977946 0.003425916 0.005681763 1.505237699 -0.003424638 0.999994099 -0.000234593 -1.954260707 -0.005682534 0.000215130 0.999983847 76.781288147
0.999975443 0.003937282 0.005798981 1.517873406 -0.003931026 0.999991655 -0.001089925 -1.952969909 -0.005803224 0.001067102 0.999982595 77.262855530
0.999976695 0.003975547 0.005547462 1.538203716 -0.003970099 0.999991596 -0.000992691 -1.968680263 -0.005551361 0.000970644 0.999984086 77.814079285
0.999976456 0.003645327 0.005812863 1.554528236 -0.003639808 0.999992847 -0.000959839 -1.984631181 -0.005816321 0.000938659 0.999982655 78.354270935
0.999976456 0.003426256 0.005949406 1.570681930 -0.003421009 0.999993742 -0.000892090 -2.000509024 -0.005952425 0.000871717 0.999981880 78.870101929
0.999977052 0.003023093 0.006072288 1.587334991 -0.003018719 0.999995112 -0.000729349 -2.019822121 -0.006074463 0.000711002 0.999981284 79.410133362
0.999966562 0.003154065 0.007547748 1.592135668 -0.003145612 0.999994338 -0.001131469 -2.027441978 -0.007551274 0.001107689 0.999970853 79.936363220
0.999961257 0.003255957 0.008170161 1.621206522 -0.003245442 0.999993980 -0.001300008 -2.038201332 -0.008174343 0.001273442 0.999965787 80.446701050
0.999949813 0.003241768 0.009482730 1.636554480 -0.003222433 0.999992669 -0.002053613 -2.051581860 -0.009489319 0.002022953 0.999952912 80.999488831
0.999934435 0.004515199 0.010519172 1.650086999 -0.004505133 0.999989271 -0.000980495 -2.081552744 -0.010523488 0.000933041 0.999944150 81.525062561
0.999901831 0.003561485 0.013553327 1.685642719 -0.003541975 0.999992669 -0.001463228 -2.083466768 -0.013558438 0.001415079 0.999907076 82.073600769
0.999849439 0.002931466 0.017102284 1.707691312 -0.002915675 0.999995291 -0.000948259 -2.102861166 -0.017104983 0.000898252 0.999853373 82.608375549
0.999794662 0.003119302 0.020022694 1.736782312 -0.003102694 0.999994814 -0.000860457 -2.126584530 -0.020025274 0.000798155 0.999799192 83.140953064
0.999689281 0.002927234 0.024751980 1.754719615 -0.002886598 0.999994576 -0.001677342 -2.121106625 -0.024756752 0.001605372 0.999692142 83.677520752
0.999526620 0.002972123 0.030623266 1.785141826 -0.002913248 0.999993861 -0.001966995 -2.133228779 -0.030628927 0.001876851 0.999529004 84.230194092
0.999316454 0.003257845 0.036826685 1.822536707 -0.003194998 0.999993265 -0.001765224 -2.151287556 -0.036832195 0.001646355 0.999320090 84.775253296
0.999069095 0.003359648 0.043005548 1.859108567 -0.003308808 0.999993682 -0.001253310 -2.171594620 -0.043009490 0.001109846 0.999074042 85.319877625
0.998685658 0.003078525 0.051160719 1.899892330 -0.003006295 0.999994397 -0.001488718 -2.176189899 -0.051165011 0.001332957 0.998689294 85.877731323
0.998199284 0.003291158 0.059896234 1.953874350 -0.003195913 0.999993503 -0.001685892 -2.189213037 -0.059901386 0.001491433 0.998203158 86.439956665
0.997799098 0.002384414 0.066266626 2.005896091 -0.002250917 0.999995410 -0.002089123 -2.204448223 -0.066271298 0.001935364 0.997799754 86.980262756
0.997137487 0.002899048 0.075554259 2.062038898 -0.002707752 0.999992907 -0.002634221 -2.216044903 -0.075561360 0.002422098 0.997138202 87.527275085
0.996317327 0.002260494 0.085713029 2.133138657 -0.002034815 0.999994338 -0.002720235 -2.230639696 -0.085718706 0.002535808 0.996316075 88.089141846
0.995503247 0.002150797 0.094704121 2.199993610 -0.001934279 0.999995351 -0.002377996 -2.241456747 -0.094708815 0.002184119 0.995502591 88.643043518
0.994800925 0.002125067 0.101816155 2.264267445 -0.001846787 0.999994278 -0.002827347 -2.263735533 -0.101821579 0.002624614 0.994799197 89.211616516
0.993669569 0.002699353 0.112309925 2.345620632 -0.002418235 0.999993563 -0.002639202 -2.282279015 -0.112316340 0.002350903 0.993669689 89.750244141
0.992497683 0.001856091 0.122248620 2.446265221 -0.001531039 0.999995053 -0.002752823 -2.296013355 -0.122253135 0.002545003 0.992495716 90.312927246
0.991249144 0.001443079 0.131995842 2.536212921 -0.001097603 0.999995708 -0.002690043 -2.314453125 -0.131999180 0.002521624 0.991246641 90.861358643
0.989698529 0.001238466 0.143161193 2.642953873 -0.000893193 0.999996543 -0.002476017 -2.334378958 -0.143163785 0.002322640 0.989696324 91.397697449
0.987776220 0.001794178 0.155868381 2.745053291 -0.001412783 0.999995708 -0.002557655 -2.351238966 -0.155872315 0.002306182 0.987774551 91.960258484
0.986062109 0.000538294 0.166376635 2.856534958 -0.000056499 0.999995708 -0.002900520 -2.360865593 -0.166377515 0.002850692 0.986057997 92.462059021
0.984251559 0.000431757 0.176772892 2.971604347 0.000182139 0.999993980 -0.003456549 -2.372759581 -0.176773340 0.003434311 0.984245539 93.004028320
0.981779873 -0.000218701 0.190021425 3.086838722 0.000837951 0.999994576 -0.003178502 -2.391889572 -0.190019697 0.003279818 0.981774867 93.523582458
0.979429007 -0.001007804 0.201786086 3.227663994 0.001690202 0.999993443 -0.003209514 -2.407834291 -0.201781541 0.003484550 0.979424357 94.062896729
0.977273881 -0.001239123 0.211976767 3.360269547 0.001846204 0.999994695 -0.002666001 -2.428580284 -0.211972356 0.002996766 0.977271140 94.595710754
0.974415183 -0.001746016 0.224748805 3.503746033 0.002500432 0.999992132 -0.003072124 -2.447830200 -0.224741697 0.003555493 0.974411964 95.108093262
0.971235037 -0.003043748 0.238103449 3.658292770 0.003930656 0.999987006 -0.003250195 -2.457546711 -0.238090441 0.004092605 0.971234381 95.649688721
0.968537807 -0.002785670 0.248850942 3.827289581 0.003673193 0.999988556 -0.003102213 -2.467887402 -0.248839453 0.003918688 0.968536794 96.206291199
0.965623677 -0.002495540 0.259932369 3.994052887 0.003342943 0.999990463 -0.002818071 -2.485845804 -0.259922862 0.003590135 0.965622723 96.748062134
0.962038815 -0.004084919 0.272881955 4.166212082 0.005091762 0.999982595 -0.002981600 -2.498011112 -0.272864997 0.004257865 0.962042868 97.236541748
0.958546340 -0.004662891 0.284898460 4.359497070 0.005734845 0.999979317 -0.002928485 -2.515696287 -0.284878880 0.004440937 0.958553195 97.736114502
0.954801798 -0.004307065 0.297212422 4.536302567 0.005446036 0.999980569 -0.003004255 -2.528703690 -0.297193766 0.004487097 0.954806626 98.296981812
0.950188816 -0.004108828 0.311647743 4.731014252 0.005171699 0.999983251 -0.002584107 -2.543543816 -0.311631888 0.004067137 0.950194180 98.833572388
0.945910215 -0.006626133 0.324360877 4.951932907 0.007947405 0.999964535 -0.002748892 -2.555678844 -0.324331194 0.005178032 0.945929348 99.343376160
0.942041278 -0.006002458 0.335443437 5.182794571 0.007508671 0.999966681 -0.003193444 -2.564539433 -0.335413098 0.005527091 0.942054927 99.888336182
0.936849833 -0.005124202 0.349694312 5.360403061 0.006382888 0.999976575 -0.002447066 -2.603271008 -0.349673539 0.004524592 0.936860681 100.368606567
0.931427777 -0.005078563 0.363890678 5.580486298 0.006159875 0.999979377 -0.001811040 -2.622142553 -0.363874018 0.003928374 0.931439936 100.877281189
0.926483035 -0.006280320 0.376283884 5.815752029 0.007655161 0.999968350 -0.002158625 -2.632203817 -0.376258433 0.004880444 0.926501870 101.399528503
0.921788812 -0.006618215 0.387635559 6.068021774 0.008393372 0.999960601 -0.002886637 -2.634947777 -0.387601227 0.005914440 0.921808124 101.930160522
0.915688455 -0.007227459 0.401823908 6.295429230 0.008875649 0.999958098 -0.002240220 -2.646644592 -0.401790857 0.005617791 0.915714264 102.439605713
0.909760594 -0.007048530 0.415073454 6.549560547 0.008651233 0.999960542 -0.001981093 -2.672688246 -0.415043145 0.005393217 0.909785748 102.906738281
0.904872715 -0.007237570 0.425620705 6.801563263 0.008863078 0.999958932 -0.001838920 -2.689963341 -0.425589949 0.005436298 0.904899836 103.385749817
0.899188697 -0.007910036 0.437489510 7.068481445 0.009879392 0.999948740 -0.002225899 -2.702659845 -0.437449425 0.006323633 0.899220765 103.875373840
0.892670453 -0.008405173 0.450631499 7.346591949 0.010278947 0.999945700 -0.001710920 -2.725724459 -0.450592637 0.006159306 0.892708421 104.359176636
0.886833012 -0.008412717 0.462013304 7.643028259 0.010757855 0.999939084 -0.002441959 -2.732746363 -0.461964637 0.007135882 0.886869609 104.870841980
0.881158292 -0.009528628 0.472725451 7.922325134 0.011610076 0.999931455 -0.001485721 -2.769671440 -0.472678900 0.006797533 0.881208539 105.276199341
0.873828888 -0.012106068 0.486082792 8.233486176 0.014146912 0.999899805 -0.000528975 -2.797407389 -0.486027688 0.007338804 0.873912573 105.773796082
0.866695881 -0.012667334 0.498676062 8.527565002 0.014986186 0.999887526 -0.000646827 -2.808176994 -0.498611718 0.008033855 0.866788149 106.233352661
