1.000000000 0.000000000 0.000000000 0.000000000 0.000000000 1.000000000 0.000000000 0.000000000 0.000000000 0.000000000 1.000000000 0.000000000
1.000000000 0.000091137 0.000096715 -0.000866423 -0.000091148 1.000000000 0.000112685 -0.000113649 -0.000096705 -0.000112694 1.000000000 0.000363787
1.000000000 0.000050624 0.000134960 -0.001576828 -0.000050625 1.000000000 0.000005837 0.000290622 -0.000134960 -0.000005844 1.000000000 0.000247223
1.000000000 0.000019194 0.000041842 -0.000633744 -0.000019197 1.000000000 0.000064786 -0.000826388 -0.000041841 -0.000064787 1.000000000 -0.000721917
1.000000000 0.000082812 0.000173745 -0.001960062 -0.000082828 1.000000000 0.000090871 -0.000612764 -0.000173738 -0.000090886 1.000000000 -0.000770197
1.000000000 -0.000146564 -0.000018546 0.000196996 0.000146564 1.000000000 -0.000017556 0.000309469 0.000018548 0.000017553 1.000000000 -0.000260680
1.000000000 0.000053965 0.000129425 -0.001858649 -0.000053974 1.000000000 0.000069763 -0.000392659 -0.000129421 -0.000069770 1.000000000 -0.000348927
1.000000000 0.000059240 0.000091707 -0.001561835 -0.000059236 1.000000000 -0.000036064 -0.000068688 -0.000091709 0.000036058 1.000000000 -0.000619799
1.000000000 0.000081553 0.000153876 -0.001401725 -0.000081555 1.000000000 0.000013484 -0.000856324 -0.000153874 -0.000013496 1.000000000 -0.000710871
1.000000000 0.000128855 0.000145099 -0.001890217 -0.000128872 1.000000000 0.000121183 -0.000707190 -0.000145084 -0.000121202 1.000000000 0.000583707
1.000000000 0.000089888 0.000159751 -0.001688695 -0.000089899 1.000000000 0.000072835 -0.000585979 -0.000159744 -0.000072849 1.000000000 -0.000007898
1.000000000 0.000114193 0.000167463 -0.001606155 -0.000114206 1.000000000 0.000077627 -0.001257667 -0.000167454 -0.000077647 1.000000000 -0.000903020
1.000000000 0.000071510 0.000142394 -0.001080834 -0.000071517 1.000000000 0.000048591 0.000194882 -0.000142390 -0.000048601 1.000000000 0.000205877
1.000000000 0.000153769 0.000133035 -0.001722985 -0.000153757 1.000000000 -0.000096979 0.000878255 -0.000133050 0.000096959 1.000000000 0.000656302
1.000000000 0.000097025 0.000114016 -0.001559328 -0.000097031 1.000000000 0.000046151 -0.000196755 -0.000114011 -0.000046162 1.000000000 -0.000099530
0.999999940 0.000255386 0.000182339 -0.002143758 -0.000255374 0.999999940 -0.000065550 0.001506952 -0.000182355 0.000065503 1.000000000 0.001352116
0.999999940 0.000354897 0.000207630 -0.002733067 -0.000354892 0.999999940 -0.000023371 0.000921991 -0.000207638 0.000023297 1.000000000 0.001831361
0.999999940 0.000241197 0.000256322 -0.002435774 -0.000241196 1.000000000 -0.000005412 0.001338723 -0.000256324 0.000005350 0.999999940 0.002130273
0.999999940 0.000216717 0.000280124 -0.002492759 -0.000216699 1.000000000 -0.000064590 0.000552990 -0.000280138 0.000064529 0.999999940 0.000875939
0.999999940 0.000210613 0.000214053 -0.002516147 -0.000210627 1.000000000 0.000068548 -0.000142997 -0.000214039 -0.000068593 1.000000000 0.001523176
0.999999940 0.000308072 0.000181212 -0.002141887 -0.000308066 0.999999940 -0.000035760 0.001320020 -0.000181223 0.000035704 1.000000000 0.001511907
0.999999940 0.000273516 0.000184072 -0.002475147 -0.000273510 0.999999940 -0.000032986 0.000462478 -0.000184081 0.000032936 1.000000000 0.001718371
1.000000000 0.000164928 0.000178099 -0.002298118 -0.000164938 1.000000000 0.000052850 0.000161125 -0.000178090 -0.000052879 1.000000000 0.000920197
0.999999881 0.000408509 0.000190984 -0.002555568 -0.000408509 0.999999940 -0.000001155 0.001406913 -0.000190985 0.000001077 1.000000000 0.003029410
0.999999940 0.000297341 0.000245700 -0.002151493 -0.000297347 0.999999940 0.000027338 0.001341174 -0.000245692 -0.000027411 0.999999940 0.002002751
0.999999940 0.000216184 0.000205929 -0.001370971 -0.000216177 1.000000000 -0.000035439 0.002076502 -0.000205937 0.000035395 1.000000000 0.003239190
0.999999940 0.000323948 0.000241131 -0.002372422 -0.000323959 0.999999940 0.000046487 0.001213430 -0.000241116 -0.000046565 0.999999940 0.002344016
0.999999940 0.000341363 0.000122410 -0.002256585 -0.000341350 0.999999940 -0.000102460 0.001789185 -0.000122445 0.000102419 1.000000000 0.001026170
0.999999940 0.000390638 0.000152927 -0.002447562 -0.000390623 0.999999940 -0.000097131 0.001941311 -0.000152965 0.000097071 1.000000000 0.000731602
0.999999881 0.000344859 0.000263287 -0.002535866 -0.000344854 0.999999940 -0.000017444 0.000217934 -0.000263293 0.000017353 0.999999940 0.001013111
0.999999940 0.000193963 0.000292349 -0.002977727 -0.000193976 1.000000000 0.000045777 0.000061054 -0.000292340 -0.000045834 0.999999940 0.001796720
0.999999940 0.000314479 0.000188072 -0.002004996 -0.000314467 0.999999940 -0.000062663 0.001522583 -0.000188092 0.000062603 1.000000000 0.002428020
0.999999881 0.000390536 0.000242728 -0.002118874 -0.000390542 0.999999940 0.000026340 -0.000069406 -0.000242718 -0.000026435 0.999999940 -0.000046846
0.999999881 0.000445244 0.000312260 -0.003514549 -0.000445242 0.999999881 -0.000005046 0.000698822 -0.000312263 0.000004907 0.999999940 0.002731481
0.999999940 0.000332112 0.000211789 -0.001747017 -0.000332096 0.999999940 -0.000078145 0.000821480 -0.000211815 0.000078075 1.000000000 0.001674709
0.999999881 0.000355369 0.000231131 -0.003628564 -0.000355371 0.999999940 0.000010898 0.000674246 -0.000231127 -0.000010980 1.000000000 0.001252477
0.999999881 0.000439056 0.000219800 -0.002835852 -0.000439036 0.999999881 -0.000087771 0.002299250 -0.000219839 0.000087674 1.000000000 0.001372393
0.999999881 0.000409439 0.000307944 -0.003427130 -0.000409443 0.999999940 0.000014473 0.000865815 -0.000307938 -0.000014599 0.999999940 0.001927500
0.999999881 0.000391525 0.000178760 -0.001108246 -0.000391528 0.999999940 0.000018118 0.000745932 -0.000178753 -0.000018188 1.000000000 -0.000179194
0.999999940 0.000262984 0.000183217 -0.001926527 -0.000262967 0.999999940 -0.000089374 0.000626594 -0.000183240 0.000089326 1.000000000 0.000522548
0.999999881 0.000477291 0.000250554 -0.000915917 -0.000477150 0.999999702 -0.000562229 -0.002355778 -0.000250822 0.000562110 0.999999821 0.049429376
0.999999523 0.000443154 -0.000830451 0.004875240 -0.000444083 0.999999225 -0.001119551 -0.005205189 0.000829954 0.001119919 0.999999046 0.145087704
0.999999523 0.000435841 -0.000841265 0.005866597 -0.000436858 0.999999106 -0.001208229 -0.009899979 0.000840738 0.001208596 0.999998927 0.258413494
0.999999285 0.000954484 -0.000767067 0.008120947 -0.000955282 0.999998987 -0.001040971 -0.013640730 0.000766073 0.001041703 0.999999166 0.392018497
0.999999404 0.000728229 -0.000811713 0.013181346 -0.000728641 0.999999523 -0.000507616 -0.027372988 0.000811343 0.000508207 0.999999523 0.520806134
0.999999523 0.000378880 -0.000820891 0.016470267 -0.000379237 0.999999821 -0.000434293 -0.031654142 0.000820727 0.000434604 0.999999523 0.672077358
0.999999583 0.000419200 -0.000846351 0.021112638 -0.000419273 1.000000000 -0.000085452 -0.033998117 0.000846315 0.000085806 0.999999642 0.835931957
0.999999762 0.000556972 -0.000448955 0.018817915 -0.000557128 0.999999762 -0.000347436 -0.038786139 0.000448762 0.000347686 0.999999762 1.005448937
0.999999702 0.000487838 -0.000667717 0.023738164 -0.000488132 0.999999702 -0.000440003 -0.041797541 0.000667502 0.000440328 0.999999642 1.183022022
0.999999702 0.000724176 -0.000239731 0.022796949 -0.000724122 0.999999702 0.000226721 -0.052490510 0.000239895 -0.000226548 0.999999881 1.364644170
0.999999344 0.001038304 -0.000546999 0.027376348 -0.001038318 0.999999523 -0.000024185 -0.053391337 0.000546974 0.000024752 0.999999881 1.556791902
0.999999583 0.000869669 0.000338933 0.023653626 -0.000869828 0.999999523 0.000468444 -0.062602542 -0.000338526 -0.000468738 0.999999821 1.751102328
0.999999583 0.000803475 0.000345034 0.025565982 -0.000803808 0.999999166 0.000966474 -0.071904145 -0.000344257 -0.000966751 0.999999464 1.946833372
1.000000000 0.000314418 0.000017478 0.033735856 -0.000314434 0.999999523 0.000925288 -0.077127934 -0.000017187 -0.000925294 0.999999583 2.159296513
0.999999881 0.000342462 -0.000054804 0.039965302 -0.000342416 0.999999583 0.000822116 -0.080191925 0.000055086 -0.000822097 0.999999583 2.380313635
0.999999940 0.000227006 -0.000042096 0.046468940 -0.000226976 0.999999702 0.000721576 -0.087386064 0.000042259 -0.000721567 0.999999702 2.601305246
0.999999821 0.000525276 0.000267828 0.048415773 -0.000525567 0.999999225 0.001087575 -0.094580367 -0.000267257 -0.001087716 0.999999344 2.831753969
0.999999881 0.000398602 0.000168691 0.054134250 -0.000398784 0.999999344 0.001081289 -0.097819701 -0.000168260 -0.001081356 0.999999404 3.071332216
0.999999285 0.001020468 0.000521584 0.053462975 -0.001021045 0.999998808 0.001107271 -0.104306653 -0.000520453 -0.001107802 0.999999225 3.309787512
0.999999285 0.001001970 0.000643560 0.057402723 -0.001002657 0.999998927 0.001067879 -0.111014999 -0.000642490 -0.001068524 0.999999225 3.561721087
0.999999464 0.000593031 0.000780645 0.059967220 -0.000593767 0.999999523 0.000943408 -0.116687618 -0.000780085 -0.000943871 0.999999225 3.817807436
0.999999583 0.000392969 0.000870711 0.066891715 -0.000393809 0.999999464 0.000963926 -0.122653462 -0.000870332 -0.000964268 0.999999046 4.065615654
0.999998689 0.001284700 0.000981602 0.071804389 -0.001285781 0.999998569 0.001100587 -0.128054157 -0.000980187 -0.001101848 0.999998927 4.325391769
0.999998152 0.001488457 0.001207423 0.072507612 -0.001489756 0.999998271 0.001076067 -0.134433687 -0.001205819 -0.001077863 0.999998748 4.584804058
0.999999106 0.000849854 0.000961482 0.085409619 -0.000851099 0.999998748 0.001295293 -0.143152714 -0.000960380 -0.001296111 0.999998689 4.832861423
0.999999225 0.000926877 0.000828978 0.092788361 -0.000927936 0.999998748 0.001278251 -0.148262531 -0.000827792 -0.001279020 0.999998868 5.094710350
0.999998212 0.001277751 0.001387390 0.090377517 -0.001279548 0.999998331 0.001295617 -0.157224238 -0.001385732 -0.001297390 0.999998212 5.355035782
0.999998629 0.001028808 0.001241517 0.096072637 -0.001030697 0.999998271 0.001522306 -0.163431838 -0.001239949 -0.001523584 0.999998093 5.622402668
0.999998271 0.001087741 0.001465910 0.091993153 -0.001090031 0.999998212 0.001562282 -0.170626879 -0.001464208 -0.001563877 0.999997675 5.886914253
0.999998569 0.001233211 0.001165830 0.101029657 -0.001234776 0.999998331 0.001342537 -0.178862423 -0.001164173 -0.001343974 0.999998331 6.165397167
0.999998689 0.001096200 0.001198284 0.108611271 -0.001097866 0.999998450 0.001390564 -0.184894174 -0.001196757 -0.001391878 0.999998271 6.455637455
0.999998927 0.001071270 0.000981470 0.118434146 -0.001072627 0.999998450 0.001383062 -0.191631138 -0.000979987 -0.001384113 0.999998569 6.739105225
0.999999046 0.000867422 0.001161902 0.129363805 -0.000869059 0.999998569 0.001409069 -0.203203872 -0.001160678 -0.001410078 0.999998271 7.028055191
0.999999344 0.000573494 0.000984930 0.135951579 -0.000575193 0.999998331 0.001725130 -0.209834933 -0.000983939 -0.001725695 0.999998033 7.339506626
0.999999464 0.000470944 0.000943310 0.141931459 -0.000472632 0.999998271 0.001790100 -0.219626740 -0.000942466 -0.001790545 0.999997973 7.644149303
0.999999285 0.000705855 0.001012022 0.150965840 -0.000707600 0.999998271 0.001724176 -0.225534737 -0.001010803 -0.001724890 0.999998033 7.973666191
0.999996960 0.001703637 0.001745461 0.140963674 -0.001706547 0.999997139 0.001667471 -0.239666805 -0.001742616 -0.001670445 0.999997079 8.278692245
0.999997497 0.001390078 0.001738524 0.150458276 -0.001392313 0.999998271 0.001285012 -0.244303107 -0.001736735 -0.001287429 0.999997616 8.602311134
0.999997556 0.001400142 0.001709509 0.160769224 -0.001402956 0.999997675 0.001645831 -0.254189968 -0.001707200 -0.001648225 0.999997139 8.932551384
0.999997139 0.001895098 0.001516097 0.169893026 -0.001897631 0.999996841 0.001670981 -0.265820414 -0.001512926 -0.001673853 0.999997437 9.270792961
0.999996424 0.001937455 0.001832650 0.172468275 -0.001940517 0.999996722 0.001670163 -0.278693050 -0.001829408 -0.001673713 0.999996901 9.611602783
0.999997079 0.001528625 0.001820968 0.179816529 -0.001532252 0.999996841 0.001992204 -0.289409906 -0.001817917 -0.001994988 0.999996305 9.963420868
0.999996483 0.002211907 0.001424885 0.185609728 -0.002214571 0.999995768 0.001870698 -0.297898114 -0.001420741 -0.001873847 0.999997258 10.317683220
0.999996781 0.001974276 0.001558502 0.194041729 -0.001977142 0.999996305 0.001839459 -0.306723833 -0.001554865 -0.001842535 0.999997139 10.681327820
0.999997616 0.001763441 0.001297985 0.205026746 -0.001765646 0.999997020 0.001699993 -0.314529836 -0.001294984 -0.001702281 0.999997735 11.021657944
0.999996781 0.001908164 0.001677297 0.210499734 -0.001911633 0.999996006 0.002068918 -0.326803595 -0.001673343 -0.002072118 0.999996424 11.395412445
0.999996245 0.002199246 0.001685887 0.219775513 -0.002202527 0.999995649 0.001946678 -0.335180402 -0.001681598 -0.001950384 0.999996662 11.770597458
0.999996364 0.001843730 0.001966248 0.224674940 -0.001848027 0.999995887 0.002186174 -0.346560478 -0.001962210 -0.002189800 0.999995589 12.154924393
0.999997199 0.001509255 0.001816068 0.236189961 -0.001513967 0.999995470 0.002596545 -0.360018015 -0.001812141 -0.002599288 0.999994934 12.547567368
0.999996543 0.001779002 0.001939303 0.247275233 -0.001783854 0.999995232 0.002503091 -0.366200507 -0.001934841 -0.002506542 0.999994934 12.943833351
0.999997258 0.001210084 0.001993236 0.260222912 -0.001213664 0.999997675 0.001795868 -0.376358271 -0.001991058 -0.001798282 0.999996424 13.339169502
0.999994636 0.002081249 0.002522502 0.256546229 -0.002088520 0.999993682 0.002883218 -0.396318346 -0.002516486 -0.002888470 0.999992669 13.748832703
0.999995172 0.002145689 0.002256513 0.265078485 -0.002152273 0.999993563 0.002919659 -0.407780409 -0.002250234 -0.002924502 0.999993145 14.159839630
0.999994636 0.002170037 0.002457204 0.273795068 -0.002176484 0.999994218 0.002623847 -0.420033872 -0.002451496 -0.002629181 0.999993563 14.578985214
0.999994099 0.002022673 0.002779975 0.284250528 -0.002031000 0.999993563 0.002995699 -0.433319658 -0.002773897 -0.003001328 0.999991655 14.997357368
0.999993503 0.002254798 0.002813326 0.299785078 -0.002263771 0.999992490 0.003190376 -0.449377388 -0.002806111 -0.003196725 0.999990940 15.429515839
0.999992549 0.002210439 0.003145541 0.309767962 -0.002219436 0.999993563 0.002859691 -0.456850260 -0.003139199 -0.002866651 0.999990940 15.877687454
0.999986172 0.003305927 0.004089878 0.308230281 -0.003320728 0.999987960 0.003617652 -0.479031205 -0.004077869 -0.003631183 0.999985099 16.290279388
0.999984324 0.003484168 0.004372634 0.313845456 -0.003498503 0.999988616 0.003275156 -0.490737617 -0.004361172 -0.003290403 0.999985039 16.736028671
0.999986053 0.002957403 0.004375555 0.338182986 -0.002974070 0.999988317 0.003807535 -0.501002669 -0.004364244 -0.003820495 0.999983132 17.207279205
0.999981344 0.003536886 0.004976547 0.339993000 -0.003558207 0.999984443 0.004282077 -0.525584102 -0.004961325 -0.004299704 0.999978423 17.650932312
0.999981582 0.002976066 0.005292469 0.354794383 -0.002997227 0.999987543 0.003994944 -0.537011445 -0.005280513 -0.004010733 0.999977946 18.117738724
0.999981523 0.002864704 0.005374478 0.370300978 -0.002884890 0.999988794 0.003751857 -0.543255687 -0.005363670 -0.003767292 0.999978483 18.595327377
0.999981880 0.002684646 0.005386820 0.382097363 -0.002705024 0.999989212 0.003779251 -0.555696249 -0.005376616 -0.003793754 0.999978364 19.091199875
0.999982297 0.002740053 0.005285355 0.404161215 -0.002763634 0.999986172 0.004459250 -0.584884226 -0.005273064 -0.004473777 0.999976099 19.562143326
0.999982178 0.003216979 0.005039930 0.410375804 -0.003239301 0.999984860 0.004427285 -0.595727503 -0.005025612 -0.004443531 0.999977529 20.052778244
0.999982893 0.002537146 0.005274119 0.420145452 -0.002557765 0.999989092 0.003906435 -0.589107454 -0.005264151 -0.003919858 0.999978483 20.510318756
0.999986351 0.002304247 0.004686537 0.432125926 -0.002325682 0.999986827 0.004573516 -0.606417060 -0.004675936 -0.004584353 0.999978602 21.013307571
0.999988258 0.002735952 0.004035230 0.447024822 -0.002751773 0.999988556 0.003920199 -0.614543915 -0.004024459 -0.003931257 0.999984145 21.538255692
0.999989927 0.002548748 0.003673648 0.447226226 -0.002561801 0.999990404 0.003552830 -0.628377140 -0.003664557 -0.003562205 0.999986887 22.037843704
0.999991715 0.002416677 0.003267163 0.463594139 -0.002428869 0.999990046 0.003732740 -0.642865241 -0.003258110 -0.003740645 0.999987662 22.551183701
0.999992788 0.002601610 0.002760923 0.472806096 -0.002611549 0.999990106 0.003602123 -0.644347966 -0.002751524 -0.003609307 0.999989688 23.085912704
0.999992073 0.002902081 0.002723065 0.473385215 -0.002913400 0.999987066 0.004161989 -0.671278596 -0.002710952 -0.004169890 0.999987543 23.569242477
0.999997675 0.001112455 0.001822296 0.484453589 -0.001119613 0.999991655 0.003931478 -0.688890338 -0.001817907 -0.003933510 0.999990523 24.095443726
0.999998331 0.001547142 0.000939062 0.526487648 -0.001550902 0.999990761 0.004016228 -0.717020154 -0.000932840 -0.004017678 0.999991477 24.682277679
0.999993920 0.003468849 0.000429495 0.528376102 -0.003470553 0.999985814 0.004033203 -0.722328126 -0.000415498 -0.004034669 0.999991775 25.232580185
0.999996066 0.002803335 0.000063045 0.537337303 -0.002803586 0.999986291 0.004418803 -0.752898812 -0.000050656 -0.004418963 0.999990225 25.777580261
0.999998152 0.001589528 -0.001056023 0.555926383 -0.001584901 0.999989212 0.004367056 -0.771741629 0.001062953 -0.004365375 0.999989927 26.338865280
0.999998093 0.001640112 -0.001018088 0.559411466 -0.001635646 0.999989033 0.004372671 -0.777673662 0.001025249 -0.004370998 0.999989927 26.913314819
0.999997318 0.001266368 -0.001912251 0.577679396 -0.001257604 0.999988675 0.004577162 -0.799663842 0.001918026 -0.004574745 0.999987721 27.448270798
0.999996066 0.001762970 -0.002166351 0.587420642 -0.001753922 0.999989808 0.004171553 -0.809980810 0.002173683 -0.004167737 0.999988973 28.011217117
0.999994338 0.002123279 -0.002584181 0.603569269 -0.002110726 0.999985993 0.004851045 -0.826479435 0.002594446 -0.004845563 0.999984860 28.560699463
0.999993861 0.002360731 -0.002595352 0.609585762 -0.002347484 0.999984264 0.005095879 -0.844331503 0.002607341 -0.005089755 0.999983668 29.108699799
0.999993086 0.002097829 -0.003052408 0.617837250 -0.002081623 0.999983788 0.005303148 -0.857760310 0.003063484 -0.005296757 0.999981284 29.648258209
0.999992549 0.002433680 -0.002986886 0.617866397 -0.002418463 0.999984145 0.005087465 -0.862581670 0.002999221 -0.005080203 0.999982595 30.196657181
0.999991953 0.002395864 -0.003201154 0.627878666 -0.002378124 0.999981880 0.005534170 -0.880080104 0.003214354 -0.005526513 0.999979496 30.737550735
0.999990880 0.001997973 -0.003808460 0.640381038 -0.001977383 0.999983430 0.005402633 -0.894229352 0.003819192 -0.005395053 0.999978065 31.288108826
0.999985337 0.003085715 -0.004437775 0.646830678 -0.003063097 0.999982297 0.005094536 -0.901669860 0.004453417 -0.005080868 0.999977112 31.839227676
0.999985337 0.002222520 -0.004937633 0.668596447 -0.002198289 0.999985456 0.004907562 -0.916091383 0.004948470 -0.004896636 0.999975681 32.408817291
0.999985397 0.002185578 -0.004948252 0.673778892 -0.002159036 0.999983311 0.005363066 -0.931621909 0.004959892 -0.005352304 0.999973297 32.955844879
0.999983966 0.001952312 -0.005320481 0.686807275 -0.001923976 0.999983966 0.005325647 -0.946679115 0.005330792 -0.005315324 0.999971688 33.491641998
0.999983609 0.002122766 -0.005306403 0.698207378 -0.002097601 0.999986529 0.004743497 -0.951520383 0.005316400 -0.004732289 0.999974668 34.045066833
0.999979496 0.002660173 -0.005826478 0.708250523 -0.002628568 0.999981761 0.005425384 -0.970968187 0.005840805 -0.005409958 0.999968290 34.579055786
0.999976635 0.002508273 -0.006368384 0.722416461 -0.002473867 0.999982357 0.005404641 -0.990097582 0.006381828 -0.005388760 0.999965072 35.096008301
0.999977946 0.002076942 -0.006309623 0.725516438 -0.002045751 0.999985695 0.004945949 -0.993562222 0.006319805 -0.004932933 0.999967813 35.663082123
0.999977827 0.002520134 -0.006163938 0.738681197 -0.002487665 0.999983013 0.005269527 -1.013173103 0.006177114 -0.005254076 0.999967098 36.183528900
0.999980688 0.001733275 -0.005964290 0.735296488 -0.001701454 0.999984264 0.005336335 -1.027647972 0.005973446 -0.005326084 0.999967933 36.770160675
0.999979556 0.001561805 -0.006192115 0.744013011 -0.001529036 0.999984860 0.005293241 -1.039196730 0.006200287 -0.005283664 0.999966860 37.317436218
0.999975502 0.002363469 -0.006602632 0.754554152 -0.002333503 0.999986947 0.004542485 -1.048157454 0.006613284 -0.004526967 0.999967813 37.860939026
0.999972045 0.001995204 -0.007215598 0.765727937 -0.001962426 0.999987662 0.004546946 -1.060795546 0.007224583 -0.004532658 0.999963582 38.407688141
0.999972343 0.001944814 -0.007181878 0.773238420 -0.001911792 0.999987543 0.004602002 -1.067111969 0.007190740 -0.004588143 0.999963522 38.971942902
0.999973238 0.001909550 -0.007059828 0.781675816 -0.001875454 0.999986589 0.004833150 -1.083380938 0.007068960 -0.004819781 0.999963403 39.506019592
0.999971867 0.002093230 -0.007200883 0.788563013 -0.002061582 0.999988198 0.004399607 -1.093110919 0.007210006 -0.004384638 0.999964356 40.058399200
0.999971688 0.002098614 -0.007229199 0.803217530 -0.002065556 0.999987483 0.004577152 -1.115153432 0.007238714 -0.004562090 0.999963403 40.584106445
0.999973357 0.001950291 -0.007039195 0.810019135 -0.001919377 0.999988496 0.004395884 -1.124350309 0.007047687 -0.004382256 0.999965549 41.135181427
0.999969542 0.002313226 -0.007442988 0.816297889 -0.002277709 0.999985993 0.004776829 -1.140453339 0.007453933 -0.004759731 0.999960840 41.669593811
0.999970973 0.003110703 -0.006949174 0.820226848 -0.003079353 0.999985039 0.004517441 -1.148264050 0.006963124 -0.004495912 0.999965608 42.227359772
0.999971330 0.002398777 -0.007182060 0.832212210 -0.002366020 0.999986827 0.004565850 -1.161813736 0.007192918 -0.004548727 0.999963701 42.750297546
0.999970198 0.002660071 -0.007238081 0.826217532 -0.002625765 0.999985397 0.004745156 -1.183754921 0.007250595 -0.004726010 0.999962509 43.304897308
0.999966800 0.002801410 -0.007648612 0.840657473 -0.002768254 0.999986768 0.004342242 -1.196328163 0.007660675 -0.004320924 0.999961317 43.851299286
0.999966621 0.002883257 -0.007642249 0.849687934 -0.002850255 0.999986589 0.004325757 -1.209087729 0.007654617 -0.004303831 0.999961436 44.394645691
0.999967694 0.002608884 -0.007602429 0.856949449 -0.002580135 0.999989450 0.003788831 -1.214122057 0.007612236 -0.003769094 0.999963939 44.905029297
0.999968171 0.003113037 -0.007346963 0.871710241 -0.003085903 0.999988377 0.003701605 -1.231878281 0.007358403 -0.003678815 0.999966145 45.456436157
0.999969661 0.003634192 -0.006893181 0.877882719 -0.003606513 0.999985397 0.004023585 -1.246858597 0.006907703 -0.003998602 0.999968112 46.002323151
0.999970853 0.002895934 -0.007065110 0.874570727 -0.002870567 0.999989390 0.003597890 -1.255671620 0.007075455 -0.003577505 0.999968529 46.519611359
0.999969542 0.003943101 -0.006731258 0.873504519 -0.003919613 0.999986172 0.003498997 -1.266216636 0.006744964 -0.003472506 0.999971211 47.059665680
0.999971151 0.004322208 -0.006243642 0.861908793 -0.004298734 0.999983668 0.003768220 -1.269959688 0.006259825 -0.003741272 0.999973416 47.590145111
0.999969244 0.004727055 -0.006259214 0.869260311 -0.004709889 0.999985099 0.002754596 -1.277021170 0.006272140 -0.002725031 0.999976575 48.137203217
0.999973834 0.004424080 -0.005748261 0.868872643 -0.004405801 0.999985218 0.003188844 -1.286634445 0.005762284 -0.003163435 0.999978423 48.680149078
0.999973774 0.004413549 -0.005743567 0.875555873 -0.004395823 0.999985695 0.003095274 -1.302021980 0.005757144 -0.003069945 0.999978721 49.224296570
0.999969840 0.005296523 -0.005681478 0.888152957 -0.005279036 0.999981284 0.003088655 -1.312233210 0.005697731 -0.003058570 0.999979079 49.783832550
0.999970734 0.004955178 -0.005815402 0.896122754 -0.004937729 0.999983370 0.003010940 -1.320322871 0.005830226 -0.002982137 0.999978542 50.316009521
0.999972284 0.005400973 -0.005110454 0.895273685 -0.005386915 0.999981701 0.002760774 -1.335984707 0.005125273 -0.002733169 0.999983072 50.842479706
0.999970794 0.005341722 -0.005465220 0.896098137 -0.005324645 0.999980927 0.003134685 -1.354322791 0.005481860 -0.003105493 0.999980152 51.392692566
0.999970734 0.005318528 -0.005488055 0.905394197 -0.005299981 0.999980211 0.003388374 -1.373755217 0.005505967 -0.003359189 0.999979198 51.947971344
0.999969244 0.005982277 -0.005055121 0.904432297 -0.005967991 0.999978185 0.002836389 -1.375099897 0.005071978 -0.002806133 0.999983191 52.496242523
0.999969602 0.005493993 -0.005528170 0.917281866 -0.005476540 0.999979973 0.003167136 -1.390378237 0.005545460 -0.003136764 0.999979675 53.042629242
0.999968648 0.005826821 -0.005361153 0.923748612 -0.005812526 0.999979496 0.002678052 -1.400590420 0.005376647 -0.002646806 0.999981999 53.595325470
0.999969482 0.005917228 -0.005105885 0.918312788 -0.005906188 0.999980152 0.002174711 -1.408748984 0.005118652 -0.002144489 0.999984622 54.129543304
0.999969065 0.006058895 -0.005013718 0.928636730 -0.006046497 0.999978602 0.002484553 -1.426594377 0.005028663 -0.002454161 0.999984324 54.672760010
0.999966085 0.005987206 -0.005661877 0.940056801 -0.005974039 0.999979377 0.002339531 -1.439531446 0.005675770 -0.002305627 0.999981225 55.223476410
0.999970794 0.005441675 -0.005367823 0.953410029 -0.005428746 0.999982297 0.002420199 -1.452341795 0.005380899 -0.002390988 0.999982595 55.777217865
0.999967515 0.005842499 -0.005552610 0.963417888 -0.005827702 0.999979436 0.002677202 -1.469114065 0.005568140 -0.002644756 0.999980986 56.314373016
0.999968469 0.005894660 -0.005322961 0.966411233 -0.005881174 0.999979436 0.002545882 -1.479422092 0.005337859 -0.002514496 0.999982595 56.861438751
0.999971986 0.005583585 -0.004985612 0.961842418 -0.005572857 0.999982119 0.002163315 -1.481050491 0.004997602 -0.002135471 0.999985218 57.398452759
0.999970138 0.005991019 -0.004882812 0.970649779 -0.005979701 0.999979556 0.002328885 -1.500139475 0.004896662 -0.002299618 0.999985397 57.946109772
0.999971926 0.005875980 -0.004648741 0.969460249 -0.005867583 0.999981105 0.001817504 -1.509278417 0.004659331 -0.001790176 0.999987543 58.476806641
0.999969363 0.005934953 -0.005101808 0.985281229 -0.005922625 0.999979496 0.002428178 -1.531953454 0.005116113 -0.002397888 0.999984026 59.009967804
0.999971628 0.005760318 -0.004875575 0.987540126 -0.005750213 0.999981284 0.002083796 -1.544326186 0.004887488 -0.002055701 0.999985933 59.548538208
0.999971688 0.005600652 -0.005023995 1.006851673 -0.005591400 0.999982655 0.001853457 -1.556635976 0.005034291 -0.001825314 0.999985635 60.097438812
0.999969006 0.006113770 -0.004959664 1.009552717 -0.006104755 0.999979615 0.001830955 -1.563574076 0.004970758 -0.001800621 0.999986053 60.651088715
0.999968469 0.006261790 -0.004881835 1.010619760 -0.006253222 0.999978900 0.001768268 -1.579532743 0.004892803 -0.001737684 0.999986529 61.187866211
0.999971211 0.005878417 -0.004794887 1.023211360 -0.005871452 0.999981701 0.001465207 -1.589606524 0.004803413 -0.001437012 0.999987364 61.738689423
0.999970496 0.005696916 -0.005148039 1.032793045 -0.005689151 0.999982655 0.001521602 -1.605310917 0.005156619 -0.001492269 0.999985576 62.280746460
0.999971509 0.006060585 -0.004490921 1.031302333 -0.006055701 0.999981046 0.001100572 -1.617463112 0.004497506 -0.001073345 0.999989331 62.829521179
0.999973357 0.005657520 -0.004616486 1.041357398 -0.005651180 0.999983072 0.001385193 -1.634250402 0.004624246 -0.001359068 0.999988377 63.370555878
0.999972045 0.005520750 -0.005040316 1.055706263 -0.005515412 0.999984205 0.001072100 -1.650125027 0.005046158 -0.001044271 0.999986708 63.896217346
0.999970913 0.005910829 -0.004807539 1.053731441 -0.005906688 0.999982178 0.000874972 -1.658714890 0.004812624 -0.000846550 0.999988019 64.437347412
0.999971390 0.005889835 -0.004730249 1.060067415 -0.005885485 0.999982238 0.000932828 -1.671168804 0.004735657 -0.000904962 0.999988317 64.981857300
0.999974906 0.005199879 -0.004798308 1.062276125 -0.005197198 0.999986291 0.000570972 -1.679399014 0.004801211 -0.000546020 0.999988317 65.522445679
0.999972761 0.005010140 -0.005411261 1.075476170 -0.005008598 0.999987423 0.000298451 -1.690599680 0.005412688 -0.000271340 0.999985278 66.064529419
0.999974787 0.005310064 -0.004716116 1.084625483 -0.005309167 0.999985874 0.000202762 -1.710740089 0.004717126 -0.000177718 0.999988854 66.608512878
0.999975622 0.005067381 -0.004805155 1.094631791 -0.005065905 0.999987125 0.000319160 -1.731850147 0.004806710 -0.000294809 0.999988377 67.143455505
0.999975562 0.005104416 -0.004766342 1.097890496 -0.005103001 0.999986947 0.000308777 -1.742187858 0.004767857 -0.000284446 0.999988616 67.688552856
0.999976695 0.005171009 -0.004448884 1.105118275 -0.005170340 0.999986589 0.000161885 -1.760167718 0.004449659 -0.000138879 0.999990046 68.229484558
0.999975860 0.005216891 -0.004594949 1.112710118 -0.005216026 0.999986351 0.000200250 -1.772747278 0.004595930 -0.000176278 0.999989390 68.775634766
0.999971986 0.005804663 -0.004723141 1.116251230 -0.005802730 0.999983191 0.000423089 -1.793082833 0.004725515 -0.000395670 0.999988735 69.298316956
0.999974072 0.005590067 -0.004539500 1.127020478 -0.005590255 0.999984384 -0.000028986 -1.806395531 0.004539267 0.000054362 0.999989688 69.833518982
0.999975920 0.005406215 -0.004357567 1.130660534 -0.005405174 0.999985337 0.000250820 -1.822553754 0.004358858 -0.000227261 0.999990463 70.388015747
0.999975562 0.005543920 -0.004252482 1.136085510 -0.005543188 0.999984622 0.000184287 -1.840200663 0.004253440 -0.000160710 0.999990940 70.918334961
0.999977112 0.005114854 -0.004434344 1.150749803 -0.005113252 0.999986887 0.000372478 -1.859908223 0.004436191 -0.000349795 0.999990046 71.450157166
0.999978125 0.004948214 -0.004391938 1.151200771 -0.004946613 0.999987721 0.000375204 -1.875550389 0.004393740 -0.000353471 0.999990284 71.976219177
0.999974906 0.005776563 -0.004095169 1.154519796 -0.005777451 0.999983311 -0.000205126 -1.890207887 0.004093918 0.000228780 0.999991596 72.512832642
0.999976397 0.005357080 -0.004300396 1.171505690 -0.005357181 0.999985635 -0.000012067 -1.903439641 0.004300270 0.000035105 0.999990761 73.060546875
0.999971151 0.006229452 -0.004338108 1.169708848 -0.006228594 0.999980569 0.000211419 -1.919179082 0.004339341 -0.000184393 0.999990582 73.606376648
0.999976993 0.005451932 -0.004039161 1.184642315 -0.005452796 0.999985039 -0.000202766 -1.935134292 0.004037998 0.000224786 0.999991834 74.148147583
0.999974191 0.005984443 -0.003971424 1.192074656 -0.005983900 0.999981999 0.000148337 -1.950150847 0.003972241 -0.000124569 0.999992132 74.699264526
0.999975204 0.005888935 -0.003847577 1.202180386 -0.005888433 0.999982655 0.000141761 -1.967831612 0.003848345 -0.000119102 0.999992549 75.249031067
0.999977410 0.005541517 -0.003808526 1.212241888 -0.005542421 0.999984622 -0.000226996 -1.982403874 0.003807209 0.000248099 0.999992728 75.794670105
0.999974608 0.006250572 -0.003422346 1.212032795 -0.006252226 0.999980271 -0.000472673 -1.994326234 0.003419327 0.000494058 0.999993980 76.340614319
0.999973953 0.006227071 -0.003676512 1.225616813 -0.006228285 0.999980509 -0.000318906 -2.012288332 0.003674455 0.000341796 0.999993145 76.888366699
0.999974310 0.006280156 -0.003453348 1.232708693 -0.006281732 0.999980152 -0.000445481 -2.027199984 0.003450480 0.000467163 0.999993920 77.433471680
0.999975204 0.005963963 -0.003750277 1.234907150 -0.005964708 0.999982178 -0.000187621 -2.043772936 0.003749091 0.000209985 0.999992967 77.960418701
0.999976873 0.005649959 -0.003774546 1.250598550 -0.005650439 0.999984026 -0.000116458 -2.063575745 0.003773830 0.000137783 0.999992847 78.499565125
0.999972284 0.006754553 -0.003131498 1.251607537 -0.006756313 0.999977052 -0.000551734 -2.073311329 0.003127698 0.000572876 0.999994934 79.037506104
0.999974549 0.006357588 -0.003233536 1.264202595 -0.006358624 0.999979675 -0.000309771 -2.091271400 0.003231503 0.000330324 0.999994695 79.581512451
0.999974966 0.006165226 -0.003471772 1.276972771 -0.006166827 0.999980867 -0.000450579 -2.108462811 0.003468930 0.000471977 0.999993861 80.107238770
0.999977887 0.006253029 -0.002264028 1.278685331 -0.006254097 0.999980271 -0.000465057 -2.118207693 0.002261076 0.000479206 0.999997318 80.657234192
0.999980628 0.006135605 -0.001057279 1.294141054 -0.006136037 0.999981225 -0.000406306 -2.137045383 0.001054766 0.000412786 0.999999344 81.180442810
0.999983847 0.005671608 -0.000427078 1.314950705 -0.005671837 0.999983788 -0.000534683 -2.152951241 0.000424037 0.000537097 0.999999702 81.744789124
0.999982238 0.005878734 0.000975761 1.321910620 -0.005878315 0.999982595 -0.000431851 -2.173226118 -0.000978283 0.000426107 0.999999404 82.273025513
0.999967515 0.006824580 0.004276641 1.342306972 -0.006822845 0.999976635 -0.000420327 -2.187877893 -0.004279409 0.000391135 0.999990761 82.830833435
0.999946237 0.006457670 0.008102483 1.358045697 -0.006455224 0.999979138 -0.000327827 -2.200887680 -0.008104430 0.000275506 0.999967098 83.366600037
0.999914527 0.006681402 0.011236790 1.378330350 -0.006672236 0.999977350 -0.000853021 -2.209096670 -0.011242236 0.000777974 0.999936461 83.924781799
0.999866843 0.006008394 0.015173683 1.400275946 -0.005997160 0.999981701 -0.000785767 -2.230061531 -0.015178128 0.000694663 0.999884486 84.454360962
0.999751151 0.006498066 0.021340011 1.421399832 -0.006487741 0.999978781 -0.000553026 -2.241824389 -0.021343153 0.000414440 0.999772072 85.009529114
0.999605596 0.006453295 0.027328763 1.453438520 -0.006429644 0.999978840 -0.000953203 -2.252333879 -0.027334336 0.000777113 0.999626040 85.540603638
0.999424994 0.006636147 0.033250410 1.481879234 -0.006618334 0.999977887 -0.000645805 -2.273934603 -0.033253964 0.000425372 0.999446809 86.081794739
0.999110460 0.006763407 0.041622326 1.519835711 -0.006738593 0.999977052 -0.000736428 -2.288460732 -0.041626342 0.000455297 0.999133110 86.642898560
0.998759270 0.006065743 0.049427535 1.570911169 -0.006011082 0.999981284 -0.001254415 -2.299629450 -0.049434211 0.000955745 0.998777032 87.182762146
0.998390913 0.006177843 0.056368735 1.613854647 -0.006136953 0.999980748 -0.000898472 -2.319523573 -0.056373198 0.000551093 0.998409569 87.715393066
0.997805417 0.006532582 0.065892875 1.661890984 -0.006486837 0.999978483 -0.000908173 -2.338328838 -0.065897413 0.000478743 0.997826219 88.262985229
0.997129440 0.005932064 0.075483195 1.738199234 -0.005863236 0.999982178 -0.001133406 -2.362046719 -0.075488567 0.000687577 0.997146428 88.765388489
0.996404767 0.006101420 0.084499665 1.791904449 -0.006038643 0.999981284 -0.000998487 -2.376099348 -0.084504187 0.000484635 0.996423006 89.303024292
0.995774209 0.005196086 0.091689266 1.864457607 -0.005114452 0.999986231 -0.001125289 -2.398070574 -0.091693833 0.000651594 0.995787024 89.839813232
0.994782150 0.005350051 0.101882733 1.927259922 -0.005262817 0.999985516 -0.001125002 -2.411351442 -0.101887256 0.000582942 0.994795799 90.350494385
0.993628919 0.005690434 0.112557657 2.009503365 -0.005610502 0.999983668 -0.001026891 -2.427261591 -0.112561680 0.000388844 0.993644595 90.889907837
0.992619693 0.004674048 0.121178724 2.104608536 -0.004553277 0.999988914 -0.001273525 -2.446855068 -0.121183336 0.000712366 0.992629886 91.432662964
0.991097331 0.004699633 0.133055896 2.190796852 -0.004634173 0.999988914 -0.000801651 -2.466350079 -0.133058205 0.000177910 0.991108239 91.964805603
0.989351392 0.004252123 0.145484611 2.299608231 -0.004110642 0.999990761 -0.001273091 -2.482944965 -0.145488694 0.000661499 0.989359796 92.509971619
0.987721741 0.004330986 0.156163350 2.411580086 -0.004220215 0.999990582 -0.001040879 -2.501507998 -0.156166345 0.000369056 0.987730682 93.057144165
0.986033022 0.003992929 0.166502208 2.521814346 -0.003801383 0.999991715 -0.001469092 -2.513391018 -0.166506708 0.000815634 0.986039937 93.596817017
0.983685493 0.004136769 0.179849565 2.632028580 -0.003971482 0.999991298 -0.001279093 -2.530479431 -0.179853305 0.000543956 0.983693361 94.131027222
0.981385052 0.003827175 0.192012250 2.756011009 -0.003620437 0.999992430 -0.001427523 -2.552747011 -0.192016259 0.000705782 0.981391490 94.661178589
0.979406357 0.003031202 0.201876208 2.884391785 -0.002818791 0.999995053 -0.001339655 -2.567342281 -0.201879293 0.000743020 0.979410112 95.199127197
0.976530731 0.003243878 0.215354145 3.023591995 -0.003080099 0.999994576 -0.001096102 -2.589017391 -0.215356559 0.000407065 0.976535380 95.734977722
0.973579705 0.001664116 0.228341341 3.173635483 -0.001171769 0.999996603 -0.002291746 -2.595108747 -0.228344411 0.001963634 0.973578453 96.260520935
0.971006393 0.002229325 0.239043191 3.325698853 -0.001987805 0.999997258 -0.001251438 -2.626840830 -0.239045307 0.000739983 0.971008062 96.740821838
0.968227029 0.001555300 0.250067890 3.481603622 -0.001350567 0.999998569 -0.000990300 -2.646913767 -0.250069112 0.000621101 0.968227744 97.269760132
0.964641988 0.001717121 0.263558090 3.651117325 -0.001485358 0.999998331 -0.001078620 -2.661942959 -0.263559550 0.000649004 0.964642942 97.788421631
0.961055338 0.001624685 0.276351124 3.819103241 -0.001272696 0.999998152 -0.001453044 -2.679780722 -0.276352972 0.001044745 0.961055636 98.312110901
0.957668662 0.000776532 0.287871659 4.001668930 -0.000541680 0.999999464 -0.000895472 -2.699238062 -0.287872195 0.000701631 0.957668602 98.848648071
0.953356326 0.000815847 0.301846057 4.191665649 -0.000490695 0.999999225 -0.001153036 -2.711145401 -0.301846683 0.000951140 0.953355968 99.379409790
0.948895931 0.000310366 0.315589041 4.396949768 -0.000002434 0.999999642 -0.000976131 -2.731102943 -0.315589130 0.000925478 0.948895454 99.896987915
0.945003569 0.000023290 0.327059865 4.602300644 0.000415919 0.999999166 -0.001272960 -2.744213820 -0.327059627 0.001338982 0.945002735 100.410919189
0.940339327 0.000849967 0.340237111 4.807933807 -0.000868789 0.999999642 -0.000097020 -2.778611422 -0.340237111 -0.000204363 0.940339625 100.897567749
0.935177684 -0.000059041 0.354178846 5.022294998 0.000281797 0.999999821 -0.000577364 -2.792958736 -0.354178727 0.000639744 0.935177684 101.412940979
0.931248069 -0.002734925 0.364375442 5.260772705 0.003046378 0.999995351 -0.000279990 -2.808186054 -0.364373028 0.001370765 0.931252122 101.920051575
0.925620914 -0.000559202 0.378451526 5.492443085 0.000942357 0.999999344 -0.000827222 -2.822470188 -0.378450811 0.001122330 0.925620735 102.476715088
0.919813752 -0.000961972 0.392354131 5.729148865 0.001471791 0.999998450 -0.000998597 -2.834980488 -0.392352492 0.001495986 0.919813752 102.972412109
0.914178252 -0.002598941 0.405304015 5.993904114 0.002910923 0.999995768 -0.000153397 -2.862917185 -0.405301988 0.001320041 0.914181769 103.492713928
0.909372747 -0.003347334 0.415968686 6.239658356 0.003831418 0.999992549 -0.000329058 -2.875185251 -0.415964514 0.001892986 0.909378827 103.978439331
0.903974414 -0.004418312 0.427563637 6.513248444 0.005047907 0.999987125 -0.000338952 -2.895691395 -0.427556694 0.002464705 0.903985143 104.482818604
0.897350073 -0.004705891 0.441294551 6.771114349 0.005216595 0.999986410 0.000056008 -2.912449121 -0.441288829 0.002251796 0.897362292 104.971443176
0.891536355 -0.005179762 0.452919573 7.043674469 0.005813750 0.999983072 -0.000007717 -2.930953503 -0.452911824 0.002640041 0.891551316 105.437461853
0.885870636 -0.005545182 0.463899136 7.313495636 0.006063368 0.999981463 0.000374478 -2.947978735 -0.463892639 0.002481052 0.885887921 105.908706665
0.878387094 -0.005613039 0.477916956 7.621212006 0.005958171 0.999981940 0.000793773 -2.967835188 -0.477912813 0.002150271 0.878404617 106.400329590
0.871365190 -0.005751710 0.490601361 7.901748657 0.006317112 0.999979913 0.000503632 -2.981363535 -0.490594387 0.002660336 0.871383965 106.859268188
