1.000000000 0.000000000 0.000000000 0.000000000 0.000000000 1.000000000 0.000000000 0.000000000 0.000000000 0.000000000 1.000000000 0.000000000
1.000000000 0.000077624 0.000001164 0.000132089 -0.000077624 1.000000000 -0.000024232 0.000076777 -0.000001166 0.000024232 1.000000000 -0.000011748
1.000000000 0.000105846 0.000075908 -0.000449246 -0.000105849 1.000000000 0.000048193 -0.000200810 -0.000075903 -0.000048201 1.000000000 0.000292808
1.000000000 -0.000035801 0.000053483 0.000201257 0.000035802 1.000000000 -0.000020021 0.000558606 -0.000053482 0.000020023 1.000000000 0.000743681
1.000000000 -0.000047690 0.000065193 -0.000430691 0.000047687 1.000000000 0.000046974 -0.000274412 -0.000065196 -0.000046971 1.000000000 -0.000417934
1.000000000 0.000014400 0.000128333 -0.000958947 -0.000014402 1.000000000 0.000014828 0.000433458 -0.000128333 -0.000014830 1.000000000 0.000396761
1.000000000 -0.000080034 0.000082117 -0.000043430 0.000080035 1.000000000 -0.000001728 0.000022271 -0.000082117 0.000001735 1.000000000 0.000157500
1.000000000 -0.000007037 0.000062555 0.000092884 0.000007032 1.000000000 0.000093730 -0.000840845 -0.000062556 -0.000093730 1.000000000 -0.000435094
1.000000000 0.000004325 0.000020539 -0.000264629 -0.000004324 1.000000000 -0.000059121 0.000091115 -0.000020539 0.000059121 1.000000000 -0.000026693
1.000000000 0.000006090 0.000069450 0.000163152 -0.000006094 1.000000000 0.000064621 -0.001132747 -0.000069450 -0.000064622 1.000000000 -0.000242640
1.000000000 0.000073609 0.000083984 -0.000704561 -0.000073616 1.000000000 0.000089315 -0.001028161 -0.000083977 -0.000089321 1.000000000 -0.000290303
1.000000000 0.000027482 0.000105391 -0.000205426 -0.000027485 1.000000000 0.000025848 0.000009766 -0.000105390 -0.000025851 1.000000000 0.000502929
1.000000000 0.000062612 0.000025448 -0.000442254 -0.000062611 1.000000000 -0.000041825 -0.000824126 -0.000025451 0.000041824 1.000000000 -0.001243649
1.000000000 0.000064542 0.000057592 -0.000439985 -0.000064543 1.000000000 0.000020715 0.000054933 -0.000057591 -0.000020719 1.000000000 0.000126119
1.000000000 -0.000014739 0.000045660 -0.000352017 0.000014742 1.000000000 -0.000066082 0.000544922 -0.000045659 0.000066082 1.000000000 0.000209187
1.000000000 -0.000002947 -0.000003282 0.000536296 0.000002947 1.000000000 -0.000031017 0.000873078 0.000003282 0.000031017 1.000000000 0.001206341
1.000000000 0.000028572 0.000083591 -0.000482776 -0.000028566 1.000000000 -0.000070671 0.001180238 -0.000083593 0.000070669 1.000000000 0.001613633
1.000000000 0.000100670 0.000091179 -0.001187628 -0.000100666 1.000000000 -0.000036059 0.000219802 -0.000091183 0.000036049 1.000000000 -0.000131076
1.000000000 0.000192631 0.000132573 -0.001484034 -0.000192628 1.000000000 -0.000019598 0.000461046 -0.000132577 0.000019572 1.000000000 0.000878259
1.000000000 0.000175164 0.000060635 -0.001033628 -0.000175161 1.000000000 -0.000047504 0.000926925 -0.000060643 0.000047493 1.000000000 0.001086672
1.000000000 0.000111826 0.000076681 -0.001275291 -0.000111822 1.000000000 -0.000054653 0.000252508 -0.000076687 0.000054645 1.000000000 0.000677773
1.000000000 0.000150924 0.000014889 -0.001327047 -0.000150923 1.000000000 -0.000018769 0.000728571 -0.000014892 0.000018767 1.000000000 0.000977577
1.000000000 0.000189519 -0.000003538 -0.000288324 -0.000189519 1.000000000 -0.000011878 0.000720839 0.000003536 0.000011879 1.000000000 0.001131470
1.000000000 0.000165012 -0.000026999 -0.000385062 -0.000165014 1.000000000 -0.000048016 0.000855376 0.000026991 0.000048020 1.000000000 0.000666751
1.000000000 0.000296987 -0.000050485 -0.001086160 -0.000296988 1.000000000 -0.000016266 0.001132161 0.000050480 0.000016281 1.000000000 0.001117678
0.999999940 0.000346627 0.000041674 -0.001571268 -0.000346627 0.999999940 -0.000004250 0.000495613 -0.000041676 0.000004236 1.000000000 0.000612300
1.000000000 0.000183516 0.000068106 -0.001203268 -0.000183515 1.000000000 -0.000018079 0.001498845 -0.000068110 0.000018067 1.000000000 0.001388501
1.000000000 0.000215888 0.000078782 -0.001344330 -0.000215889 1.000000000 0.000003860 0.000972111 -0.000078782 -0.000003877 1.000000000 0.001203922
1.000000000 0.000198925 0.000017553 -0.000862809 -0.000198925 1.000000000 -0.000019611 0.001395541 -0.000017557 0.000019607 1.000000000 0.001145909
1.000000000 0.000170479 -0.000028306 -0.000958843 -0.000170479 1.000000000 -0.000008051 0.001020167 0.000028304 0.000008056 1.000000000 0.000840016
1.000000000 0.000176236 0.000094178 -0.001049656 -0.000176237 1.000000000 0.000006243 0.000758511 -0.000094177 -0.000006260 1.000000000 0.001478927
1.000000000 0.000070481 0.000038577 -0.000541308 -0.000070480 1.000000000 -0.000039144 0.001000433 -0.000038580 0.000039141 1.000000000 0.001414018
1.000000000 0.000201845 -0.000013266 -0.000775727 -0.000201847 1.000000000 -0.000135583 0.001365228 0.000013238 0.000135585 1.000000000 0.000816329
1.000000000 0.000174878 0.000042991 -0.001056500 -0.000174876 1.000000000 -0.000025837 0.000232972 -0.000042995 0.000025830 1.000000000 0.000190540
1.000000000 0.000157463 0.000062451 -0.001382190 -0.000157456 1.000000000 -0.000117678 0.000456919 -0.000062470 0.000117669 1.000000000 0.000428539
1.000000000 0.000178951 0.000068531 -0.000857311 -0.000178945 1.000000000 -0.000083354 0.000603013 -0.000068546 0.000083342 1.000000000 0.000807070
1.000000000 0.000156148 0.000038570 -0.000560272 -0.000156148 1.000000000 -0.000015414 0.000424049 -0.000038572 0.000015408 1.000000000 0.000432096
1.000000000 0.000203594 -0.000021034 -0.000820627 -0.000203594 1.000000000 0.000002118 0.000712358 0.000021034 -0.000002114 1.000000000 0.000662605
0.999999940 0.000260755 0.000064565 -0.001008589 -0.000260753 1.000000000 -0.000032727 0.000760578 -0.000064574 0.000032710 1.000000000 0.000386799
1.000000000 0.000196670 0.000009162 -0.000579478 -0.000196670 1.000000000 -0.000063436 0.001916098 -0.000009174 0.000063434 1.000000000 0.001281522
1.000000000 0.000103760 -0.000035987 0.000177512 -0.000103763 1.000000000 -0.000083109 0.000658821 0.000035978 0.000083113 1.000000000 0.001566119
0.999999940 0.000442761 0.000180326 -0.000333724 -0.000442646 0.999999702 -0.000642166 -0.001905250 -0.000180610 0.000642086 0.999999762 0.048870917
0.999999881 0.000090592 0.000313962 -0.001661589 -0.000090316 0.999999583 -0.000878713 -0.005739175 -0.000314041 0.000878684 0.999999583 0.139010429
0.999999881 0.000108555 0.000341759 -0.000201571 -0.000108155 0.999999344 -0.001170206 -0.009086202 -0.000341886 0.001170169 0.999999344 0.253834367
0.999999762 0.000425985 0.000320997 0.003381875 -0.000425623 0.999999225 -0.001127330 -0.011099047 -0.000321477 0.001127193 0.999999344 0.386313260
0.999999881 0.000152269 0.000222442 0.005002041 -0.000152067 0.999999523 -0.000908981 -0.018223751 -0.000222580 0.000908947 0.999999583 0.523939967
1.000000000 -0.000075013 0.000212703 0.010939018 0.000075124 0.999999821 -0.000524933 -0.024704976 -0.000212664 0.000524949 0.999999762 0.669524312
0.999999940 0.000017428 0.000386977 0.015713153 -0.000017365 0.999999940 -0.000161110 -0.029298589 -0.000386980 0.000161103 0.999999881 0.831542432
1.000000000 0.000013995 0.000205357 0.018279376 -0.000013966 0.999999940 -0.000142374 -0.035040326 -0.000205359 0.000142371 0.999999881 0.999390841
1.000000000 -0.000026463 0.000137629 0.022479329 0.000026482 0.999999940 -0.000138218 -0.037808988 -0.000137626 0.000138222 0.999999940 1.178341031
0.999999940 0.000205459 -0.000042843 0.028102499 -0.000205453 0.999999881 0.000144057 -0.044853281 0.000042873 -0.000144048 1.000000000 1.368127227
0.999999940 0.000590641 -0.000087836 0.031161884 -0.000590638 0.999999821 0.000033761 -0.046730068 0.000087856 -0.000033709 1.000000000 1.559885383
1.000000000 0.000030408 0.000143520 0.033214625 -0.000030484 0.999999881 0.000526574 -0.057645906 -0.000143504 -0.000526578 0.999999881 1.752861261
0.999999881 0.000429188 0.000316720 0.035025973 -0.000429437 0.999999702 0.000786956 -0.062906593 -0.000316382 -0.000787092 0.999999642 1.956726670
0.999999940 -0.000175962 0.000292284 0.039697181 0.000175674 0.999999523 0.000985563 -0.073275425 -0.000292457 -0.000985512 0.999999464 2.160620689
0.999999821 0.000113699 0.000553096 0.045367073 -0.000114132 0.999999702 0.000783122 -0.077395320 -0.000553007 -0.000783185 0.999999523 2.376976490
0.999999881 0.000210342 0.000360526 0.050999060 -0.000210582 0.999999762 0.000665797 -0.084716581 -0.000360386 -0.000665873 0.999999642 2.597285032
0.999999940 0.000013041 0.000358440 0.058518112 -0.000013362 0.999999523 0.000896578 -0.093527555 -0.000358429 -0.000896583 0.999999464 2.826973915
0.999999762 0.000023113 0.000686443 0.059015520 -0.000023772 0.999999464 0.000959929 -0.102498688 -0.000686421 -0.000959945 0.999999285 3.054141998
0.999999762 0.000117590 0.000572888 0.064173050 -0.000118164 0.999999464 0.001001472 -0.104886763 -0.000572770 -0.001001539 0.999999344 3.302596807
0.999999762 0.000012802 0.000727746 0.068197034 -0.000013490 0.999999642 0.000945990 -0.111075163 -0.000727734 -0.000945999 0.999999285 3.548890352
0.999999762 0.000222030 0.000696872 0.073207438 -0.000222683 0.999999523 0.000936231 -0.117452495 -0.000696664 -0.000936386 0.999999344 3.805729628
0.999999762 0.000315042 0.000630752 0.080559514 -0.000315667 0.999999464 0.000990551 -0.124193847 -0.000630439 -0.000990750 0.999999285 4.065134525
0.999999642 0.000597526 0.000752604 0.086742938 -0.000598034 0.999999642 0.000675270 -0.126132384 -0.000752200 -0.000675720 0.999999464 4.326554298
0.999999464 0.000222718 0.000898192 0.090694137 -0.000223369 0.999999642 0.000724626 -0.135850847 -0.000898030 -0.000724827 0.999999344 4.584253788
0.999999344 0.000747832 0.000799388 0.098124824 -0.000748778 0.999999046 0.001184345 -0.143138111 -0.000798501 -0.001184943 0.999998987 4.836465836
0.999999225 0.000848793 0.000848455 0.102220140 -0.000849975 0.999998748 0.001393158 -0.151344210 -0.000847271 -0.001393878 0.999998689 5.097521305
0.999998391 0.000993761 0.001450049 0.099428169 -0.000995092 0.999999106 0.000917743 -0.156635389 -0.001449135 -0.000919185 0.999998510 5.352395535
0.999998510 0.001002595 0.001422236 0.103642255 -0.001004525 0.999998569 0.001356965 -0.165736750 -0.001420874 -0.001358391 0.999998033 5.617683887
0.999998569 0.000907358 0.001428974 0.106077202 -0.000909155 0.999998927 0.001257269 -0.172529787 -0.001427831 -0.001258567 0.999998212 5.889132977
0.999998212 0.000981313 0.001647458 0.111339599 -0.000983448 0.999998689 0.001295306 -0.182229146 -0.001646185 -0.001296924 0.999997795 6.170041084
0.999998510 0.000812902 0.001520437 0.123414084 -0.000814769 0.999998927 0.001227456 -0.185172200 -0.001519438 -0.001228693 0.999998093 6.457833290
0.999998212 0.001083853 0.001536672 0.126239643 -0.001085611 0.999998748 0.001143795 -0.194493920 -0.001535431 -0.001145461 0.999998152 6.747429371
0.999998689 0.000675278 0.001451643 0.133787975 -0.000677010 0.999999046 0.001192667 -0.202764064 -0.001450837 -0.001193648 0.999998212 7.040519714
0.999998927 0.000695956 0.001261610 0.141344026 -0.000697651 0.999998868 0.001343175 -0.214880332 -0.001260673 -0.001344054 0.999998331 7.344127178
0.999998748 0.000775692 0.001390428 0.145040110 -0.000777625 0.999998748 0.001389751 -0.224965557 -0.001389348 -0.001390831 0.999998093 7.647394657
0.999998569 0.000837436 0.001448235 0.157518446 -0.000839575 0.999998569 0.001477330 -0.233227670 -0.001446996 -0.001478544 0.999997854 7.971050262
0.999998689 0.000694417 0.001470207 0.160979182 -0.000696711 0.999998569 0.001560459 -0.241896883 -0.001469122 -0.001561481 0.999997616 8.277966499
0.999998271 0.000871601 0.001638974 0.165701598 -0.000874415 0.999998152 0.001716976 -0.252406210 -0.001637475 -0.001718406 0.999997139 8.605370522
0.999997258 0.001106285 0.002042952 0.168928429 -0.001109391 0.999998212 0.001519565 -0.260321975 -0.002041267 -0.001521827 0.999996781 8.948124886
0.999996364 0.001690347 0.002102875 0.177136570 -0.001692725 0.999997854 0.001129800 -0.270232081 -0.002100960 -0.001133355 0.999997139 9.286994934
0.999995351 0.002030117 0.002285731 0.178357184 -0.002034371 0.999996185 0.001860361 -0.289531320 -0.002281945 -0.001865003 0.999995649 9.625819206
0.999996603 0.001403997 0.002233328 0.187281579 -0.001408415 0.999997020 0.001977658 -0.298934132 -0.002230545 -0.001980796 0.999995530 9.971409798
0.999996364 0.001842288 0.001944284 0.196824819 -0.001845286 0.999997079 0.001541260 -0.302870661 -0.001941440 -0.001544842 0.999996901 10.340573311
0.999996245 0.001687913 0.002121455 0.205768600 -0.001691504 0.999997139 0.001692385 -0.315445989 -0.002118592 -0.001695968 0.999996245 10.699189186
0.999996901 0.001515547 0.001964028 0.213386685 -0.001518716 0.999997556 0.001613129 -0.316736132 -0.001961578 -0.001616106 0.999996781 11.063329697
0.999996901 0.001624206 0.001873922 0.224744260 -0.001627241 0.999997318 0.001619683 -0.326405376 -0.001871286 -0.001622727 0.999996960 11.441784859
0.999996722 0.001732977 0.001894823 0.234249592 -0.001736344 0.999996901 0.001776587 -0.342951864 -0.001891738 -0.001779872 0.999996603 11.807578087
0.999994576 0.002432727 0.002188007 0.241421878 -0.002436807 0.999995232 0.001863919 -0.353092581 -0.002183462 -0.001869240 0.999995887 12.188310623
0.999994934 0.002144659 0.002333300 0.254239887 -0.002149580 0.999995470 0.002108712 -0.367822319 -0.002328767 -0.002113717 0.999995053 12.569704056
0.999995232 0.001888719 0.002417718 0.258667618 -0.001893903 0.999995887 0.002143871 -0.373614728 -0.002413659 -0.002148439 0.999994755 12.982362747
0.999996483 0.001409675 0.002218986 0.273470193 -0.001414124 0.999996960 0.002004555 -0.387194365 -0.002216154 -0.002007686 0.999995530 13.377539635
0.999996066 0.001517589 0.002365442 0.285522223 -0.001522937 0.999996305 0.002261046 -0.399785191 -0.002362002 -0.002264640 0.999994636 13.800553322
0.999995410 0.001717749 0.002499107 0.293179899 -0.001723618 0.999995828 0.002347890 -0.411819756 -0.002495063 -0.002352187 0.999994099 14.215432167
0.999989212 0.003274643 0.003282123 0.289567918 -0.003280372 0.999993026 0.001741823 -0.418442875 -0.003276396 -0.001752570 0.999993026 14.623197556
0.999992311 0.002395191 0.003076598 0.305678576 -0.002401067 0.999995410 0.001907957 -0.426032156 -0.003072014 -0.001915330 0.999993443 15.057934761
0.999992788 0.002312670 0.002980393 0.322766006 -0.002318795 0.999995172 0.002053201 -0.439776242 -0.002975630 -0.002060097 0.999993443 15.496207237
0.999989748 0.002275467 0.003917525 0.326543599 -0.002284322 0.999994814 0.002257165 -0.456046581 -0.003912368 -0.002266091 0.999989808 15.927967072
0.999986172 0.003092735 0.004256553 0.334830463 -0.003101050 0.999993205 0.001948294 -0.465280592 -0.004250498 -0.001961467 0.999989033 16.361383438
0.999983966 0.003434369 0.004506839 0.344440520 -0.003442370 0.999992490 0.001768573 -0.475793630 -0.004500730 -0.001784059 0.999988258 16.811134338
0.999984562 0.002988442 0.004685200 0.361480027 -0.003001241 0.999991775 0.002727131 -0.493173212 -0.004677011 -0.002741150 0.999985278 17.282155991
0.999983191 0.003262079 0.004783804 0.372029006 -0.003275329 0.999990821 0.002764611 -0.506604075 -0.004774741 -0.002780234 0.999984741 17.740421295
0.999985576 0.002556208 0.004713763 0.391949415 -0.002565802 0.999994636 0.002030267 -0.513197124 -0.004708549 -0.002042333 0.999986827 18.206254959
0.999983132 0.002775683 0.005097683 0.403470516 -0.002788124 0.999993086 0.002435003 -0.523515999 -0.005090889 -0.002449175 0.999984086 18.672719955
0.999983788 0.002586792 0.005063967 0.404773265 -0.002600983 0.999992728 0.002797911 -0.545351565 -0.005056693 -0.002811037 0.999983191 19.146614075
0.999982834 0.002344242 0.005365375 0.419314384 -0.002359205 0.999993443 0.002784039 -0.558446765 -0.005358813 -0.002796649 0.999981701 19.631502151
0.999980092 0.002664708 0.005728512 0.421585858 -0.002680978 0.999992371 0.002834280 -0.567230046 -0.005720915 -0.002849581 0.999979556 20.132717133
0.999983191 0.002461548 0.005250122 0.466452658 -0.002482527 0.999988973 0.003993271 -0.612329900 -0.005240233 -0.004006237 0.999978244 20.586252213
0.999986231 0.002394469 0.004664706 0.480613172 -0.002409524 0.999991953 0.003224635 -0.619096398 -0.004656946 -0.003235830 0.999983907 21.084892273
0.999985814 0.002323364 0.004798905 0.453499258 -0.002338502 0.999992311 0.003151423 -0.593490601 -0.004791548 -0.003162600 0.999983549 21.575605392
0.999982357 0.003695617 0.004652378 0.472657502 -0.003711001 0.999987662 0.003302437 -0.619669795 -0.004640116 -0.003319644 0.999983728 22.085760117
0.999984264 0.003702641 0.004211818 0.489281535 -0.003716916 0.999987364 0.003386352 -0.634347916 -0.004199227 -0.003401953 0.999985456 22.594919205
0.999985218 0.003597562 0.004082374 0.508512974 -0.003609185 0.999989450 0.002843133 -0.639620602 -0.004072103 -0.002857825 0.999987602 23.133909225
0.999988914 0.003739674 0.002873699 0.516399086 -0.003750407 0.999985933 0.003738472 -0.653214812 -0.002859679 -0.003749207 0.999988914 23.643894196
0.999991119 0.002696555 0.003233971 0.522425652 -0.002705418 0.999992609 0.002739047 -0.675503075 -0.003226561 -0.002747772 0.999991000 24.179740906
0.999991179 0.003167539 0.002741334 0.536710918 -0.003176466 0.999989629 0.003257821 -0.691356719 -0.002730987 -0.003266500 0.999990880 24.713562012
0.999986589 0.004640132 0.002286983 0.542698801 -0.004648348 0.999982715 0.003600922 -0.716014922 -0.002270234 -0.003611505 0.999990880 25.191347122
0.999983549 0.005489292 0.001699112 0.553238750 -0.005495248 0.999978721 0.003521309 -0.731101334 -0.001679746 -0.003530588 0.999992371 25.738981247
0.999994457 0.003117445 0.001188589 0.561550140 -0.003121897 0.999988079 0.003762276 -0.760588408 -0.001176846 -0.003765967 0.999992192 26.278865814
0.999997258 0.002351288 0.000105115 0.577668130 -0.002351703 0.999988735 0.004134397 -0.773101926 -0.000095392 -0.004134633 0.999991477 26.841728210
0.999993324 0.003637769 -0.000085427 0.621057451 -0.003637385 0.999984860 0.004122687 -0.772113740 0.000100423 -0.004122349 0.999991477 27.378799438
0.999995768 0.002890842 -0.000335793 0.609121084 -0.002889464 0.999987721 0.004032576 -0.798419118 0.000347447 -0.004031588 0.999991775 27.963151932
0.999986291 0.005221519 -0.000082676 0.628352940 -0.005221157 0.999978781 0.003891922 -0.797904074 0.000102996 -0.003891438 0.999992430 28.472183228
0.999990165 0.004431424 0.000228704 0.599788308 -0.004432341 0.999981403 0.004172063 -0.805560946 -0.000210212 -0.004173036 0.999991298 29.026958466
0.999989271 0.004608628 -0.000524897 0.656462133 -0.004606391 0.999980628 0.004184855 -0.841319203 0.000544174 -0.004182392 0.999991059 29.580595016
0.999996424 0.002190627 -0.001547221 0.639573872 -0.002184582 0.999990046 0.003897994 -0.820188999 0.001555744 -0.003894600 0.999991179 30.094728470
0.999994874 0.002640275 -0.001856602 0.651834726 -0.002632102 0.999986947 0.004391399 -0.838523507 0.001868171 -0.004386490 0.999988616 30.634389877
0.999990702 0.004061895 -0.001447822 0.665443599 -0.004055820 0.999983072 0.004173935 -0.897057593 0.001464752 -0.004168024 0.999990225 31.217046738
0.999995351 0.001904973 -0.002388628 0.670527577 -0.001894792 0.999989092 0.004257254 -0.854344070 0.002396712 -0.004252707 0.999988079 31.754713058
0.999992371 0.002617919 -0.002902663 0.721992493 -0.002605213 0.999987066 0.004372377 -0.901156545 0.002914072 -0.004364781 0.999986231 32.329456329
0.999988914 0.004151226 -0.002192479 0.690247476 -0.004140474 0.999979556 0.004885982 -0.942862868 0.002212717 -0.004876851 0.999985576 32.851284027
0.999992192 0.002514036 -0.003056603 0.694111586 -0.002503180 0.999990582 0.003550024 -0.895041466 0.003065499 -0.003542344 0.999989033 33.484203339
0.999990523 0.003582131 -0.002478544 0.713536620 -0.003571142 0.999983847 0.004423987 -0.945998013 0.002494351 -0.004415093 0.999987125 33.958950043
0.999987125 0.004234366 -0.002806335 0.720564008 -0.004221928 0.999981344 0.004422851 -0.959938288 0.002825010 -0.004410945 0.999986231 34.499515533
0.999983966 0.004758826 -0.003089135 0.727085710 -0.004746502 0.999980807 0.003984426 -0.972144902 0.003108037 -0.003969699 0.999987304 35.023738861
0.999985456 0.004476416 -0.003015558 0.749006331 -0.004463765 0.999981284 0.004189155 -0.978772759 0.003034253 -0.004175633 0.999986649 35.538795471
0.999986172 0.003264234 -0.004112686 0.760289311 -0.003252286 0.999990463 0.002908561 -0.956182301 0.004122141 -0.002895145 0.999987364 36.186805725
0.999991596 0.003255440 -0.002498627 0.773615003 -0.003246143 0.999987841 0.003716121 -0.984879911 0.002510694 -0.003707980 0.999989986 36.693050385
0.999988437 0.004043536 -0.002591640 0.779677570 -0.004034763 0.999986172 0.003381621 -0.994194984 0.002605277 -0.003371126 0.999990940 37.241374969
0.999990702 0.002726664 -0.003328374 0.805502653 -0.002714454 0.999989510 0.003667128 -1.040854692 0.003338339 -0.003658059 0.999987662 37.759922028
0.999989212 0.002581628 -0.003859828 0.817911327 -0.002564875 0.999987245 0.004339001 -1.056554914 0.003870982 -0.004329054 0.999983132 38.308273315
0.999988377 0.003234546 -0.003605410 0.824893236 -0.003222769 0.999989450 0.003267555 -1.057612896 0.003615942 -0.003255897 0.999988139 38.864898682
0.999992490 0.001908266 -0.003377906 0.846787572 -0.001896815 0.999992430 0.003389806 -1.075608850 0.003384350 -0.003383373 0.999988496 39.398349762
0.999992371 0.002154185 -0.003257710 0.855632842 -0.002143917 0.999992669 0.003152354 -1.088566303 0.003264478 -0.003145345 0.999989688 39.951404572
0.999992669 0.000982846 -0.003686687 0.874331832 -0.000970102 0.999993503 0.003457002 -1.102018833 0.003690061 -0.003453400 0.999987185 40.484531403
0.999992788 0.001048161 -0.003651088 0.886043727 -0.001036226 0.999994159 0.003269451 -1.112558842 0.003654494 -0.003265643 0.999988019 41.038124084
0.999992907 0.001483946 -0.003443516 0.879236400 -0.001473240 0.999994040 0.003109610 -1.125234604 0.003448110 -0.003104515 0.999989212 41.553050995
0.999992967 0.001865828 -0.003228513 0.887795091 -0.001857137 0.999994636 0.002692665 -1.133311510 0.003233521 -0.002686651 0.999991119 42.109008789
0.999990582 0.001219122 -0.004176490 0.910959959 -0.001207284 0.999995291 0.002835812 -1.152316928 0.004179928 -0.002830743 0.999987245 42.654472351
0.999993205 0.002080768 -0.003087338 0.898731112 -0.002071336 0.999993145 0.003055052 -1.164201856 0.003093674 -0.003048636 0.999990523 43.119995117
0.999993324 0.001774385 -0.003208566 0.910461426 -0.001764267 0.999993443 0.003153341 -1.182143569 0.003214140 -0.003147659 0.999989927 43.668640137
0.999993682 0.002118379 -0.002845802 0.923931837 -0.002110195 0.999993622 0.002875362 -1.186331153 0.002851875 -0.002869339 0.999991834 44.178234100
0.999992728 0.001900250 -0.003295999 0.934008121 -0.001890259 0.999993682 0.003031605 -1.203569293 0.003301740 -0.003025353 0.999990046 44.717544556
0.999994576 0.001695176 -0.002828279 0.922757089 -0.001685942 0.999993265 0.003263962 -1.217897773 0.002833792 -0.003259176 0.999990642 45.260906219
0.999994218 0.001508606 -0.003061419 0.933141112 -0.001498144 0.999993086 0.003416511 -1.231814623 0.003066551 -0.003411904 0.999989510 45.798885345
0.999993742 0.002327322 -0.002638798 0.943031311 -0.002320435 0.999993861 0.002610018 -1.243022919 0.002644858 -0.002603879 0.999993086 46.333049774
0.999993503 0.002574446 -0.002475305 0.957528293 -0.002567193 0.999992311 0.002928741 -1.256071448 0.002482827 -0.002922367 0.999992549 46.879253387
0.999991775 0.002374079 -0.003284254 0.965691924 -0.002364365 0.999992788 0.002958703 -1.273458242 0.003291255 -0.002950914 0.999990225 47.406829834
0.999990880 0.002467959 -0.003462937 0.975138664 -0.002459302 0.999993861 0.002502168 -1.285589933 0.003469092 -0.002493629 0.999990821 47.947219849
0.999991238 0.002152026 -0.003597114 1.004628658 -0.002139432 0.999991536 0.003500998 -1.314028740 0.003604617 -0.003493272 0.999987364 48.459346771
0.999992669 0.001633375 -0.003479027 1.017434835 -0.001619371 0.999990582 0.004024172 -1.329152584 0.003485567 -0.004018509 0.999985814 49.013694763
0.999994934 0.001318154 -0.002905829 1.013267159 -0.001308428 0.999993503 0.003346353 -1.332819104 0.002910221 -0.003342534 0.999990165 49.562438965
0.999994695 0.001271168 -0.002989350 1.017699838 -0.001262781 0.999995232 0.002806047 -1.337656379 0.002992901 -0.002802257 0.999991536 50.101215363
0.999994636 0.001919076 -0.002627135 1.021626949 -0.001911473 0.999993980 0.002893523 -1.354864836 0.002632672 -0.002888487 0.999992311 50.635509491
0.999994814 0.001210839 -0.002989594 1.048084736 -0.001203419 0.999996185 0.002482590 -1.371817112 0.002992590 -0.002478980 0.999992430 51.167472839
0.999991536 0.000537917 -0.004073323 1.073222280 -0.000525715 0.999995351 0.002996025 -1.382224798 0.004074915 -0.002993859 0.999987245 51.737827301
0.999995530 0.001130940 -0.002807634 1.066119075 -0.001122990 0.999995351 0.002831704 -1.400149941 0.002810824 -0.002828537 0.999992073 52.272541046
0.999993503 0.001184043 -0.003406843 1.087530613 -0.001175218 0.999995947 0.002591202 -1.403770208 0.003409897 -0.002587182 0.999990761 52.819297791
0.999991655 0.000741755 -0.004019575 1.098078609 -0.000730004 0.999995470 0.002924250 -1.434674740 0.004021727 -0.002921291 0.999987602 53.388359070
0.999992907 0.000782131 -0.003673813 1.103060842 -0.000771638 0.999995768 0.002856533 -1.448072910 0.003676033 -0.002853678 0.999989092 53.914394379
0.999993622 0.001077886 -0.003409994 1.097210526 -0.001068714 0.999995768 0.002690204 -1.457134485 0.003412880 -0.002686542 0.999990582 54.466999054
0.999994099 0.001254597 -0.003194512 1.104372144 -0.001246971 0.999996364 0.002387876 -1.468114614 0.003197497 -0.002383879 0.999992073 55.019123077
0.999994695 0.000835256 -0.003141457 1.126303077 -0.000826848 0.999996066 0.002676676 -1.492258310 0.003143678 -0.002674065 0.999991417 55.545055389
0.999993861 0.000946698 -0.003369513 1.131558895 -0.000937886 0.999996126 0.002616272 -1.502298355 0.003371977 -0.002613096 0.999990880 56.100654602
0.999995053 0.001355427 -0.002828868 1.138092041 -0.001347909 0.999995589 0.002657625 -1.518198013 0.002832458 -0.002653799 0.999992490 56.633972168
0.999994695 0.002072416 -0.002515689 1.143137932 -0.002066376 0.999994934 0.002401378 -1.534720659 0.002520652 -0.002396167 0.999993980 57.167942047
0.999994338 0.000865252 -0.003243235 1.184638500 -0.000853498 0.999993026 0.003623700 -1.583481550 0.003246346 -0.003620912 0.999988139 57.700981140
0.999995232 0.000803372 -0.002971794 1.179492593 -0.000791400 0.999991536 0.004027629 -1.604882598 0.002975004 -0.004025258 0.999987483 58.207084656
0.999995410 0.000708541 -0.002938997 1.175153613 -0.000696923 0.999991953 0.003952622 -1.610808015 0.002941772 -0.003950556 0.999987900 58.748813629
0.999994934 0.000736157 -0.003105626 1.188933730 -0.000729418 0.999997318 0.002170347 -1.596528053 0.003107216 -0.002168071 0.999992788 59.359725952
0.999995470 0.000773584 -0.002904237 1.189848065 -0.000766834 0.999997020 0.002324762 -1.615869641 0.002906028 -0.002322525 0.999993086 59.917858124
0.999996006 0.000458505 -0.002791852 1.199087262 -0.000452592 0.999997675 0.002118492 -1.624660611 0.002792816 -0.002117220 0.999993920 60.474533081
0.999993920 0.000552793 -0.003447715 1.216181040 -0.000545126 0.999997318 0.002224629 -1.633121967 0.003448935 -0.002222737 0.999991596 61.037246704
0.999994218 0.000880883 -0.003273884 1.221182704 -0.000873617 0.999997139 0.002220634 -1.646453500 0.003275830 -0.002217760 0.999992192 61.588653564
0.999997079 0.001002037 -0.002263641 1.214036465 -0.000997285 0.999997318 0.002098910 -1.660320401 0.002265739 -0.002096646 0.999995172 62.111232758
0.999994218 0.000032437 -0.003389089 1.245544195 -0.000027492 0.999998927 0.001459281 -1.661906004 0.003389135 -0.001459179 0.999993205 62.637306213
0.999996305 0.000928021 -0.002551452 1.243077636 -0.000921068 0.999995887 0.002724800 -1.703103065 0.002553970 -0.002722439 0.999993026 63.173091888
0.999995589 0.001098998 -0.002803271 1.254574895 -0.001093651 0.999997497 0.001908356 -1.704297662 0.002805362 -0.001905281 0.999994218 63.703327179
0.999995768 0.000933644 -0.002755630 1.256115079 -0.000928214 0.999997616 0.001970845 -1.711491942 0.002757464 -0.001968279 0.999994218 64.242233276
0.999996483 0.000661398 -0.002568485 1.262874126 -0.000659224 0.999999404 0.000847634 -1.715315700 0.002569043 -0.000845938 0.999996364 64.774154663
0.999996483 -0.000289584 -0.002635689 1.280589819 0.000293304 0.999998927 0.001411444 -1.737823963 0.002635277 -0.001412212 0.999995470 65.312400818
0.999995768 0.001385961 -0.002523449 1.282773018 -0.001381418 0.999997437 0.001801137 -1.750839472 0.002525938 -0.001797644 0.999995112 65.852180481
0.999994993 0.000866898 -0.003021235 1.291958332 -0.000861992 0.999998331 0.001624769 -1.770515203 0.003022638 -0.001622157 0.999994099 66.375030518
0.999996006 0.001068296 -0.002580954 1.297742009 -0.001065195 0.999998629 0.001202715 -1.786356807 0.002582237 -0.001199961 0.999995947 66.923454285
0.999995410 -0.000143498 -0.003024812 1.307266474 0.000146189 0.999999583 0.000889776 -1.790543675 0.003024683 -0.000890213 0.999995053 67.504524231
0.999994338 0.000281588 -0.003346087 1.311582088 -0.000279517 0.999999821 0.000619478 -1.806041479 0.003346261 -0.000618539 0.999994218 68.039093018
0.999996006 -0.000444459 -0.002792630 1.321070790 0.000445711 0.999999821 0.000448042 -1.817921400 0.002792432 -0.000449285 0.999995947 68.584403992
0.999995112 -0.000389956 -0.003074789 1.330737829 0.000392997 0.999999464 0.000988750 -1.833892941 0.003074400 -0.000989954 0.999994755 69.113159180
0.999997258 0.000493698 -0.002292026 1.331705332 -0.000492124 0.999999642 0.000687460 -1.856699586 0.002292365 -0.000686330 0.999997139 69.654655457
0.999998450 0.000264508 -0.001777168 1.335340381 -0.000263871 0.999999940 0.000358748 -1.867946744 0.001777262 -0.000358278 0.999998331 70.209121704
0.999997258 0.000493952 -0.002250986 1.352603316 -0.000490745 0.999998808 0.001425223 -1.895026207 0.002251687 -0.001424115 0.999996424 70.765396118
0.999997079 -0.000183105 -0.002420152 1.362150908 0.000186277 0.999999106 0.001310299 -1.907600284 0.002419909 -0.001310746 0.999996185 71.313781738
0.999995172 -0.001038962 -0.002904091 1.372344017 0.001041145 0.999999166 0.000750562 -1.923028946 0.002903307 -0.000753582 0.999995530 71.847366333
0.999996006 0.000255136 -0.002804741 1.360659838 -0.000254634 0.999999940 0.000179427 -1.946805120 0.002804785 -0.000178712 0.999996066 72.393730164
0.999996185 -0.000782030 -0.002641004 1.381899238 0.000783684 0.999999523 0.000625693 -1.946881652 0.002640513 -0.000627760 0.999996305 72.930465698
0.999995232 -0.001105816 -0.002888021 1.401261091 0.001109421 0.999998629 0.001247223 -1.966136456 0.002886637 -0.001250421 0.999995053 73.478805542
0.999995410 -0.000970412 -0.002864461 1.413709402 0.000971094 0.999999464 0.000236427 -1.972978711 0.002864232 -0.000239208 0.999995887 74.028808594
0.999995410 -0.000943536 -0.002874971 1.424683452 0.000944717 0.999999464 0.000409237 -1.982745409 0.002874583 -0.000411951 0.999995828 74.590553284
0.999995053 -0.001234758 -0.002894181 1.438497543 0.001236552 0.999999046 0.000618032 -2.002630711 0.002893415 -0.000621608 0.999995649 75.111587524
0.999995112 -0.000334506 -0.003110459 1.435219049 0.000337621 0.999999464 0.001000971 -2.016014099 0.003110120 -0.001002017 0.999994576 75.487976074
0.999994934 0.000501259 -0.003135205 1.436787605 -0.000497375 0.999999106 0.001239616 -2.046929121 0.003135823 -0.001238050 0.999994338 76.073760986
0.999996305 0.001090003 -0.002476626 1.422369719 -0.001086891 0.999998569 0.001257396 -2.045937061 0.002477993 -0.001254700 0.999996066 76.639999390
0.999996126 0.001643148 -0.002265149 1.428536177 -0.001640241 0.999997795 0.001284851 -2.061669350 0.002267256 -0.001281131 0.999996543 77.185676575
0.999992967 0.002651209 -0.002654196 1.432177424 -0.002645262 0.999993920 0.002241720 -2.084003687 0.002660123 -0.002234683 0.999993980 77.650291443
0.999992788 0.002492688 -0.002868902 1.453551054 -0.002487880 0.999995470 0.001678169 -2.100301027 0.002873072 -0.001671020 0.999994457 78.094650269
0.999992847 0.002466127 -0.002863331 1.463765740 -0.002461479 0.999995530 0.001625840 -2.113235474 0.002867328 -0.001618780 0.999994576 78.641029358
0.999995291 0.002715498 -0.001376193 1.401928902 -0.002712880 0.999994457 0.001899710 -2.125285387 0.001381342 -0.001895968 0.999997258 79.171691895
0.999996543 0.002430416 -0.000985194 1.421687365 -0.002428285 0.999994636 0.002158699 -2.148170948 0.000990435 -0.002156299 0.999997139 79.723037720
0.999997318 0.001980542 -0.001165731 1.435155749 -0.001978768 0.999996901 0.001521414 -2.156060696 0.001168743 -0.001519103 0.999998152 80.290489197
0.999998331 0.001750409 0.000552851 1.442910790 -0.001751059 0.999997854 0.001177200 -2.169746161 -0.000550789 -0.001178166 0.999999166 80.837272644
0.999997497 0.001831044 0.001281153 1.488310218 -0.001834454 0.999994695 0.002665367 -2.197135448 -0.001276266 -0.002667710 0.999995649 81.252471924
0.999993026 0.002375564 0.002866572 1.492598176 -0.002383946 0.999992847 0.002924359 -2.214526176 -0.002859604 -0.002931173 0.999991596 81.802062988
0.999960303 0.005761466 0.006796879 1.476258516 -0.005781684 0.999978840 0.002958644 -2.279839993 -0.006779690 -0.002997824 0.999972463 82.302093506
0.999962926 0.000436315 0.008596025 1.565111637 -0.000451319 0.999998391 0.001743512 -2.225373507 -0.008595250 -0.001747327 0.999961555 82.849807739
0.999934077 -0.000367336 0.011476160 1.589747548 0.000338920 0.999996901 0.002478013 -2.245680809 -0.011477035 -0.002473960 0.999931097 83.416839600
0.999895096 -0.000336149 0.014480082 1.651995420 0.000311312 0.999998450 0.001717475 -2.259436607 -0.014480636 -0.001712787 0.999893606 83.930519104
0.999769330 0.000479745 0.021472966 1.649434805 -0.000525725 0.999997556 0.002135709 -2.280393124 -0.021471886 -0.002146505 0.999767125 84.491760254
0.999631822 0.000574388 0.027127145 1.687442303 -0.000619466 0.999998391 0.001653369 -2.293214798 -0.027126152 -0.001669565 0.999630630 85.063995361
0.999425173 0.000758121 0.033891700 1.704684615 -0.000842293 0.999996603 0.002469321 -2.317644835 -0.033889711 -0.002496449 0.999422431 85.572280884
0.999125242 0.000390385 0.041819390 1.746341586 -0.000462216 0.999998391 0.001707985 -2.323667765 -0.041818667 -0.001725820 0.999123752 86.142814636
0.998726785 -0.000294579 0.050444741 1.792705536 0.000197443 0.999998093 0.001930560 -2.336681366 -0.050445218 -0.001918142 0.998724997 86.694084167
0.998352706 -0.000872262 0.057368025 1.847197294 0.000759186 0.999997675 0.001992826 -2.351649046 -0.057369638 -0.001945990 0.998351157 87.235404968
0.997825205 -0.000590058 0.065913245 1.912681818 0.000479509 0.999998391 0.001693001 -2.360358953 -0.065914139 -0.001657713 0.997823894 87.774848938
0.997096002 -0.001680149 0.076136485 1.971810818 0.001605378 0.999998152 0.001043260 -2.387743711 -0.076138102 -0.000918002 0.997096837 88.396095276
0.996383488 -0.001706840 0.084954180 2.032076836 0.001614190 0.999997973 0.001159269 -2.396893501 -0.084955998 -0.001017944 0.996384203 88.945404053
0.995754004 -0.001839675 0.092035182 2.110829353 0.001689535 0.999997139 0.001709216 -2.419090509 -0.092038035 -0.001546462 0.995754421 89.467704773
0.994852602 -0.002352266 0.101305328 2.206093311 0.002126602 0.999995053 0.002335498 -2.446428776 -0.101310298 -0.002108040 0.994852722 89.966781616
0.993666649 -0.001995499 0.112350553 2.296500683 0.001752124 0.999995887 0.002264906 -2.461537123 -0.112354629 -0.002053709 0.993666053 90.608283997
0.992613435 -0.003300451 0.121275224 2.418325424 0.003227441 0.999994457 0.000798447 -2.462395191 -0.121277206 -0.000401141 0.992618620 91.202850342
0.991046309 -0.002974069 0.133485436 2.510384560 0.002872790 0.999995410 0.000951320 -2.477234125 -0.133487687 -0.000559326 0.991050363 91.739936829
0.989359736 -0.004016044 0.145434171 2.607794762 0.003901148 0.999991775 0.001075210 -2.496954203 -0.145437285 -0.000496409 0.989367366 92.303604126
0.987795532 -0.004867933 0.155680567 2.720568657 0.004711957 0.999987960 0.001370920 -2.513242483 -0.155685365 -0.000620628 0.987806618 92.834899902
0.985935986 -0.004300368 0.167068005 2.830647469 0.004122317 0.999990463 0.001412523 -2.522975683 -0.167072505 -0.000703950 0.985944331 93.438339233
0.983593166 -0.004904769 0.180334076 2.949695587 0.004756426 0.999987841 0.001255014 -2.536733389 -0.180338070 -0.000376677 0.983604670 93.968750000
0.981292248 -0.004940838 0.192460611 3.078774452 0.004742246 0.999987602 0.001492502 -2.546631098 -0.192465603 -0.000551885 0.981303573 94.530906677
0.979202688 -0.004813545 0.202827170 3.206596375 0.004532059 0.999987960 0.001852231 -2.560488939 -0.202833652 -0.000894485 0.979212761 95.066276550
0.976459861 -0.005027217 0.215640590 3.355445862 0.004681182 0.999986768 0.002115395 -2.578168631 -0.215648383 -0.001056145 0.976470470 95.596313477
0.973475933 -0.004691481 0.228741348 3.486066818 0.004431206 0.999988735 0.001651460 -2.579415321 -0.228746533 -0.000594057 0.973485827 96.094100952
0.970818400 -0.004932630 0.239765108 3.640695572 0.004629077 0.999987662 0.001829185 -2.590049028 -0.239771158 -0.000665915 0.970829308 96.616157532
0.968083143 -0.006487373 0.250545353 3.803367615 0.006224100 0.999978960 0.001843144 -2.612453222 -0.250552028 -0.000224897 0.968103111 97.121429443
0.964581370 -0.006296348 0.263710350 3.976232529 0.005953202 0.999980092 0.002100314 -2.631425619 -0.263718307 -0.000456003 0.964599609 97.640068054
0.961012542 -0.007190094 0.276411146 4.155195236 0.006932348 0.999974132 0.001909598 -2.640284777 -0.276417792 0.000081031 0.961037576 98.179382324
0.957540095 -0.007536110 0.288201362 4.335103989 0.007287140 0.999971569 0.001936727 -2.652059078 -0.288207829 0.000245670 0.957567930 98.703529358
0.953327954 -0.007591903 0.301841199 4.524953842 0.007188123 0.999971092 0.002448461 -2.671745300 -0.301851153 -0.000164515 0.953355074 99.207511902
0.948853552 -0.008024734 0.315614283 4.727355957 0.007614223 0.999967813 0.002533762 -2.685479164 -0.315624416 -0.000001012 0.948884189 99.733055115
0.944809973 -0.008150185 0.327517331 4.927587509 0.007771525 0.999966800 0.002464907 -2.696485758 -0.327526540 0.000216440 0.944841921 100.249237061
0.940237880 -0.008602885 0.340409696 5.141614914 0.008209242 0.999962986 0.002596653 -2.714184284 -0.340419382 0.000353034 0.940273583 100.728004456
0.935270965 -0.009496954 0.353804976 5.351562500 0.009125773 0.999954700 0.002717464 -2.720862627 -0.353814751 0.000687179 0.935315251 101.235229492
0.930364907 -0.009755773 0.366505086 5.558074951 0.009325192 0.999952137 0.002945324 -2.741486073 -0.366516352 0.000677505 0.930411339 101.716621399
0.925826967 -0.010122182 0.377812088 5.822095871 0.009459241 0.999948740 0.003610371 -2.763784647 -0.377829343 0.000231237 0.925875187 102.244956970
0.919924498 -0.010904004 0.391943932 6.059646606 0.010323939 0.999940217 0.003587524 -2.771049738 -0.391959608 0.000746154 0.919982135 102.744400024
0.914148808 -0.010663664 0.405238420 6.308429718 0.009723797 0.999943137 0.004377817 -2.796272755 -0.405262023 -0.000061520 0.914200544 103.240211487
0.909354985 -0.010992819 0.415875852 6.556022644 0.010315470 0.999939263 0.003875503 -2.805522442 -0.415893167 0.000765747 0.909413099 103.719055176
0.903485715 -0.011548178 0.428462476 6.816585541 0.010726552 0.999933064 0.004332043 -2.814484358 -0.428483933 0.000681987 0.903549075 104.219573975
0.896912873 -0.011847629 0.442048371 7.080848694 0.011018893 0.999929428 0.004442511 -2.827435732 -0.442069888 0.000886339 0.896980107 104.704589844
0.891094327 -0.012215444 0.453653485 7.353355408 0.011486390 0.999924421 0.004362503 -2.838103771 -0.453672558 0.001323439 0.891167462 105.183097839
0.885529757 -0.012673455 0.464409620 7.614616394 0.011559139 0.999919355 0.005246387 -2.864111423 -0.464438766 0.000722344 0.885604978 105.574462891
0.877847135 -0.012661937 0.478773355 7.901012421 0.011347775 0.999919713 0.005637961 -2.885919333 -0.478806347 0.000483745 0.877920389 106.114837646
