1.000000000 0.000000000 0.000000000 0.000000000 0.000000000 1.000000000 0.000000000 0.000000000 0.000000000 0.000000000 1.000000000 0.000000000
1.000000000 0.000181351 0.000103762 -0.001023932 -0.000181351 1.000000000 -0.000002126 -0.000337206 -0.000103762 0.000002107 1.000000000 -0.003398103
1.000000000 0.000105935 0.000147032 -0.002929239 -0.000105942 1.000000000 0.000047010 -0.000836112 -0.000147027 -0.000047026 1.000000000 -0.002455008
1.000000000 0.000129766 0.000137085 -0.003727452 -0.000129753 1.000000000 -0.000093296 0.002728674 -0.000137098 0.000093278 1.000000000 0.002773610
1.000000000 -0.000028831 0.000053633 -0.000820769 0.000028831 1.000000000 -0.000002898 -0.000708364 -0.000053632 0.000002900 1.000000000 -0.000175151
1.000000000 0.000174084 0.000058383 -0.000394222 -0.000174082 1.000000000 -0.000023181 0.000869557 -0.000058387 0.000023171 1.000000000 -0.001660012
1.000000000 0.000028296 0.000096172 -0.001685530 -0.000028299 1.000000000 0.000027525 0.001066892 -0.000096171 -0.000027527 1.000000000 -0.004097765
1.000000000 0.000010576 0.000038405 0.000152734 -0.000010578 1.000000000 0.000055565 0.000981661 -0.000038405 -0.000055566 1.000000000 -0.002403472
1.000000000 0.000058446 0.000040624 0.000138989 -0.000058446 1.000000000 0.000002622 0.001125754 -0.000040624 -0.000002625 1.000000000 -0.002301804
0.999999940 0.000228963 0.000186773 -0.005745848 -0.000228975 1.000000000 0.000065052 0.001107614 -0.000186758 -0.000065095 1.000000000 -0.001883985
1.000000000 0.000078624 0.000105782 -0.001338005 -0.000078631 1.000000000 0.000066352 -0.000994717 -0.000105777 -0.000066361 1.000000000 -0.005088099
1.000000000 -0.000085098 0.000037958 -0.003129092 0.000085096 1.000000000 0.000047182 -0.001204285 -0.000037962 -0.000047179 1.000000000 -0.006933089
1.000000000 0.000153677 0.000043237 -0.001553250 -0.000153675 1.000000000 -0.000057876 0.000208317 -0.000043246 0.000057870 1.000000000 0.000362163
1.000000000 0.000105066 0.000152919 -0.003839339 -0.000105069 1.000000000 0.000020153 -0.000728698 -0.000152917 -0.000020169 1.000000000 -0.000589778
1.000000000 0.000146510 0.000165619 -0.004164309 -0.000146514 1.000000000 0.000025311 0.000490326 -0.000165615 -0.000025336 1.000000000 -0.000667989
1.000000000 0.000175925 0.000138038 -0.004070814 -0.000175931 1.000000000 0.000043014 0.000263939 -0.000138031 -0.000043038 1.000000000 -0.002410896
1.000000000 0.000017566 0.000066041 -0.002333332 -0.000017575 1.000000000 0.000144116 -0.001307204 -0.000066039 -0.000144117 1.000000000 -0.002216451
1.000000000 0.000039800 0.000118440 -0.002986894 -0.000039798 1.000000000 -0.000019100 -0.000088404 -0.000118441 0.000019096 1.000000000 -0.000739909
1.000000000 0.000166438 0.000113755 -0.003333204 -0.000166439 1.000000000 0.000001661 0.000994061 -0.000113755 -0.000001680 1.000000000 -0.005450851
1.000000000 0.000157484 0.000078937 -0.001924714 -0.000157480 1.000000000 -0.000043277 0.000465757 -0.000078943 0.000043265 1.000000000 -0.002341548
1.000000000 0.000118722 0.000043457 -0.001056761 -0.000118725 1.000000000 0.000074021 -0.000191091 -0.000043448 -0.000074026 1.000000000 -0.005190279
1.000000000 0.000013326 0.000070727 -0.003130495 -0.000013332 1.000000000 0.000073915 0.000911802 -0.000070726 -0.000073916 1.000000000 0.000891347
1.000000000 0.000051420 -0.000021169 0.001214009 -0.000051419 1.000000000 0.000045020 0.000973530 0.000021171 -0.000045019 1.000000000 -0.002244204
1.000000000 0.000083211 0.000016198 0.000574407 -0.000083213 1.000000000 0.000162427 -0.002397102 -0.000016184 -0.000162429 1.000000000 0.001109430
1.000000000 -0.000004304 0.000127266 -0.002120521 0.000004299 1.000000000 0.000041609 0.000158422 -0.000127266 -0.000041608 1.000000000 -0.001120116
1.000000000 0.000150195 0.000026534 -0.001207931 -0.000150196 1.000000000 0.000052425 0.001105926 -0.000026526 -0.000052428 1.000000000 -0.005955658
1.000000000 -0.000016361 0.000010073 0.001780837 0.000016361 1.000000000 0.000006951 0.000152014 -0.000010074 -0.000006950 1.000000000 -0.004443239
1.000000000 0.000158090 0.000082608 -0.001363429 -0.000158097 1.000000000 0.000085311 0.000448561 -0.000082594 -0.000085324 1.000000000 -0.004371743
1.000000000 0.000022741 0.000075306 -0.001352787 -0.000022746 1.000000000 0.000071648 0.000429934 -0.000075305 -0.000071650 1.000000000 -0.001785554
1.000000000 0.000107685 0.000065212 -0.001745472 -0.000107693 1.000000000 0.000125206 0.001925271 -0.000065199 -0.000125213 1.000000000 -0.002206436
1.000000000 0.000115107 0.000006284 -0.001343259 -0.000115107 1.000000000 0.000016568 0.001266352 -0.000006282 -0.000016568 1.000000000 0.001824066
1.000000000 0.000141440 0.000115043 -0.001655945 -0.000141445 1.000000000 0.000047616 0.000522624 -0.000115036 -0.000047632 1.000000000 -0.001720786
1.000000000 -0.000067598 -0.000018324 -0.002064135 0.000067601 1.000000000 0.000146489 -0.001397131 0.000018314 -0.000146491 1.000000000 -0.004633100
1.000000000 0.000112311 0.000009677 -0.001354876 -0.000112311 1.000000000 0.000039062 0.000474758 -0.000009673 -0.000039063 1.000000000 -0.003738217
1.000000000 0.000186378 0.000138835 -0.000918988 -0.000186390 1.000000000 0.000083938 -0.001159788 -0.000138819 -0.000083964 1.000000000 -0.004602977
1.000000000 -0.000007979 0.000064160 -0.000511820 0.000007981 1.000000000 -0.000035237 0.002003797 -0.000064160 0.000035238 1.000000000 -0.000701344
1.000000000 0.000025354 0.000088837 -0.002508647 -0.000025360 1.000000000 0.000065135 -0.000304211 -0.000088835 -0.000065137 1.000000000 -0.005024134
1.000000000 -0.000040608 -0.000014071 -0.002169982 0.000040609 1.000000000 0.000110574 0.001104447 0.000014066 -0.000110574 1.000000000 -0.001063769
1.000000000 0.000154405 0.000056702 -0.003211822 -0.000154404 1.000000000 -0.000014062 0.002025488 -0.000056705 0.000014053 1.000000000 0.000172722
1.000000000 -0.000034787 -0.000088705 0.000935381 0.000034789 1.000000000 0.000017478 0.000439440 0.000088704 -0.000017481 1.000000000 -0.005073830
1.000000000 -0.000141587 -0.000057416 -0.001871339 0.000141586 1.000000000 -0.000018837 0.000776822 0.000057419 0.000018829 1.000000000 0.000531217
0.999999940 -0.000306060 -0.000086484 0.002260139 0.000306019 0.999999821 -0.000475800 -0.004025534 0.000086630 0.000475773 0.999999881 0.050376747
1.000000000 -0.000077579 -0.000008243 0.001690351 0.000077569 0.999999285 -0.001194181 -0.004694559 0.000008336 0.001194180 0.999999285 0.146956369
1.000000000 0.000049425 -0.000086305 0.005383932 -0.000049557 0.999998808 -0.001524530 -0.011639196 0.000086229 0.001524535 0.999998808 0.257242203
1.000000000 0.000151345 0.000132762 0.002367212 -0.000151143 0.999998808 -0.001523284 -0.014708431 -0.000132992 0.001523264 0.999998808 0.390397429
1.000000000 0.000072302 0.000165566 -0.001281275 -0.000072067 0.999998987 -0.001414772 -0.019262446 -0.000165669 0.001414760 0.999998987 0.542519808
1.000000000 0.000162736 0.000166208 0.008707017 -0.000162552 0.999999404 -0.001106540 -0.030441085 -0.000166388 0.001106512 0.999999344 0.692904651
0.999999940 0.000324932 0.000018021 0.032885771 -0.000324913 0.999999404 -0.001031910 -0.030251913 -0.000018356 0.001031904 0.999999464 0.852917612
0.999999881 0.000452421 0.000304689 0.017924219 -0.000452201 0.999999642 -0.000721371 -0.036195152 -0.000305016 0.000721233 0.999999702 1.023480296
0.999999702 0.000704624 0.000316948 0.032946885 -0.000704425 0.999999583 -0.000625208 -0.038116727 -0.000317389 0.000624985 0.999999762 1.204779387
0.999999940 0.000354667 0.000200578 0.027420053 -0.000354609 0.999999881 -0.000285647 -0.049030330 -0.000200679 0.000285576 0.999999940 1.404435039
0.999999940 0.000297889 0.000061896 0.043091524 -0.000297862 0.999999881 -0.000438574 -0.055198673 -0.000062027 0.000438555 0.999999881 1.601776719
0.999999940 -0.000302555 0.000166786 0.049133986 0.000302602 0.999999940 -0.000283820 -0.066747330 -0.000166700 0.000283871 0.999999940 1.815311193
0.999999940 -0.000404036 0.000110522 0.041402616 0.000404032 0.999999940 0.000039971 -0.070953138 -0.000110538 -0.000039926 1.000000000 1.966295004
0.999999702 0.000725861 0.000352647 0.062809572 -0.000725896 0.999999762 0.000096796 -0.085135542 -0.000352577 -0.000097052 0.999999940 2.218546867
0.999999940 0.000098877 0.000234511 0.042487565 -0.000098903 1.000000000 0.000113196 -0.089095987 -0.000234500 -0.000113219 0.999999940 2.451828957
0.999997735 -0.001809833 -0.001137120 0.063944571 0.001811160 0.999997675 0.001167023 -0.112833284 0.001135005 -0.001169080 0.999998689 2.456019640
0.999997556 -0.001839417 -0.001233018 0.072170064 0.001840933 0.999997556 0.001229569 -0.119859084 0.001230753 -0.001231835 0.999998510 2.688461542
0.999997258 -0.002059011 -0.001099394 0.069965862 0.002060544 0.999997020 0.001395019 -0.123445585 0.001096518 -0.001397280 0.999998391 2.914422035
0.999997914 -0.001796755 -0.000983059 0.072245598 0.001798093 0.999997497 0.001361202 -0.132539049 0.000980610 -0.001362967 0.999998629 3.163726807
0.999996960 -0.002164263 -0.001156674 0.081108227 0.002166085 0.999996364 0.001576157 -0.143351898 0.001153259 -0.001578658 0.999998152 3.394699574
0.999996126 -0.002331642 -0.001535294 0.085527256 0.002333970 0.999996126 0.001516097 -0.149934411 0.001531754 -0.001519674 0.999997675 3.626207352
0.999997377 -0.001987875 -0.001158942 0.092186861 0.001989663 0.999996841 0.001543448 -0.159182131 0.001155870 -0.001545750 0.999998152 3.893102646
0.999998093 -0.001631703 -0.001062285 0.086940639 0.001633564 0.999997079 0.001752970 -0.161609739 0.001059422 -0.001754702 0.999997914 4.138055325
0.999997079 -0.001962121 -0.001413660 0.091118336 0.001965122 0.999995828 0.002124445 -0.170622140 0.001409485 -0.002127216 0.999996781 4.374340057
0.999996841 -0.002126825 -0.001341242 0.097381949 0.002129821 0.999995232 0.002236265 -0.185412839 0.001336479 -0.002239114 0.999996603 4.612942696
0.999995828 -0.002608636 -0.001308001 0.109389767 0.002611480 0.999994278 0.002177354 -0.190212205 0.001302314 -0.002180761 0.999996781 4.877843380
0.999996126 -0.002374674 -0.001430248 0.111129530 0.002377667 0.999994934 0.002094600 -0.193199664 0.001425267 -0.002097993 0.999996722 5.137249947
0.999996483 -0.002389834 -0.001207534 0.121576495 0.002392617 0.999994457 0.002307639 -0.203716606 0.001202012 -0.002310519 0.999996603 5.380962372
0.999996483 -0.002190370 -0.001503192 0.132604808 0.002193817 0.999994993 0.002294692 -0.214639395 0.001498158 -0.002297982 0.999996185 5.662390709
0.999997199 -0.001992062 -0.001288223 0.127282724 0.001995187 0.999995112 0.002429104 -0.225823462 0.001283378 -0.002431667 0.999996245 5.919487000
0.999999046 -0.001282215 -0.000540099 0.112998240 0.001283638 0.999995708 0.002642612 -0.241083339 0.000536708 -0.002643303 0.999996364 6.138119698
0.999999702 -0.000708617 -0.000324171 0.115075283 0.000709511 0.999995947 0.002763709 -0.257751614 0.000322211 -0.002763938 0.999996185 6.412676811
0.999999583 -0.000795243 -0.000447397 0.125395283 0.000796486 0.999995828 0.002784684 -0.266283244 0.000445180 -0.002785039 0.999996066 6.709537506
0.999999762 -0.000579021 -0.000382982 0.134786665 0.000580148 0.999995470 0.002949350 -0.272221804 0.000381273 -0.002949572 0.999995589 6.990068913
0.999999046 -0.001248942 -0.000536823 0.150139973 0.001250472 0.999995172 0.002860264 -0.290070564 0.000533248 -0.002860933 0.999995768 7.285338879
0.999998689 -0.001540166 -0.000462583 0.159280702 0.001541495 0.999994636 0.002887022 -0.294101804 0.000458134 -0.002887731 0.999995768 7.596395969
0.999998868 -0.001505875 -0.000232155 0.141738042 0.001506565 0.999994338 0.003001795 -0.292926490 0.000227633 -0.003002141 0.999995470 7.905873299
0.999999464 -0.001032182 -0.000076024 0.155013159 0.001032413 0.999994636 0.003105313 -0.306098223 0.000072818 -0.003105390 0.999995172 8.247371674
0.999995947 -0.002733732 -0.000766914 0.121073708 0.002736423 0.999990046 0.003529866 -0.352598637 0.000757257 -0.003531950 0.999993503 8.466664314
0.999997795 -0.002028875 -0.000430515 0.119746074 0.002030347 0.999992013 0.003446766 -0.360085160 0.000423518 -0.003447632 0.999993980 8.817258835
0.999997377 -0.002206292 -0.000578509 0.126147762 0.002208324 0.999991298 0.003534303 -0.373658985 0.000570706 -0.003535571 0.999993622 9.191235542
0.999998987 -0.001374459 -0.000266057 0.127181843 0.001375347 0.999993384 0.003365937 -0.373479515 0.000261429 -0.003366300 0.999994338 9.477792740
0.999998987 -0.001415338 -0.000104916 0.107356563 0.001415714 0.999992251 0.003678239 -0.390035897 0.000099709 -0.003678383 0.999993265 9.825375557
0.999999344 -0.001192846 0.000071133 0.127967343 0.001192551 0.999991298 0.004011732 -0.407390505 -0.000075918 -0.004011644 0.999991953 10.187139511
0.999998271 -0.001859103 -0.000094598 0.140122861 0.001859502 0.999988556 0.004408013 -0.410494298 0.000086402 -0.004408180 0.999990344 10.515678406
0.999995232 -0.003041244 -0.000514271 0.144781098 0.003043523 0.999985397 0.004491752 -0.440978944 0.000500602 -0.004493296 0.999989808 10.794147491
0.999995172 -0.003050142 -0.000559742 0.148595989 0.003052727 0.999984384 0.004677616 -0.450643003 0.000545466 -0.004679302 0.999988973 11.170340538
0.999994457 -0.003251441 -0.000614513 0.154106677 0.003254395 0.999982834 0.004868788 -0.459180713 0.000598672 -0.004870762 0.999987960 11.539671898
0.999995470 -0.002973614 -0.000402109 0.167611018 0.002975591 0.999983013 0.005007794 -0.475159973 0.000387211 -0.005008969 0.999987364 11.921237946
0.999993205 -0.003624670 -0.000532274 0.176387325 0.003627257 0.999981165 0.004941924 -0.483121008 0.000514351 -0.004943821 0.999987662 12.320775986
0.999995232 -0.003059272 -0.000187254 0.180144310 0.003060193 0.999982119 0.005135217 -0.488631189 0.000171541 -0.005135766 0.999986827 12.709313393
0.999995589 -0.002944705 0.000044226 0.185058191 0.002944432 0.999981880 0.005246392 -0.507763028 -0.000059674 -0.005246240 0.999986291 13.117950439
0.999995947 -0.002834596 -0.000014922 0.166457087 0.002834635 0.999983191 0.005049555 -0.532593429 0.000000609 -0.005049576 0.999987245 13.390404701
0.999992549 -0.003859735 -0.000278126 0.178914666 0.003861092 0.999979854 0.005054262 -0.544635534 0.000258613 -0.005055299 0.999987185 13.817059517
0.999991596 -0.004100990 -0.000219912 0.187515736 0.004102113 0.999977171 0.005377035 -0.555760205 0.000197856 -0.005377891 0.999985516 14.229290009
0.999992192 -0.003954349 0.000197069 0.192771703 0.003953168 0.999976158 0.005671327 -0.574405193 -0.000219491 -0.005670504 0.999983847 14.623159409
0.999989212 -0.004635989 0.000362786 0.198389292 0.004633854 0.999973178 0.005680071 -0.599072456 -0.000389109 -0.005678328 0.999983847 15.062212944
0.999990761 -0.004224384 0.000816460 0.194631353 0.004219371 0.999972820 0.006046923 -0.608122647 -0.000841982 -0.006043422 0.999981403 15.465961456
0.999990284 -0.004341278 0.000776321 0.214411780 0.004336517 0.999972403 0.006032166 -0.614682019 -0.000802486 -0.006028741 0.999981523 15.886790276
0.999981821 -0.005979760 0.000772516 0.232010558 0.005974949 0.999963641 0.006086530 -0.639897823 -0.000808883 -0.006081803 0.999981165 16.358879089
0.999986410 -0.004922168 0.001713428 0.216331944 0.004909799 0.999962389 0.007150343 -0.710293114 -0.001748559 -0.007141834 0.999972939 16.692403793
0.999988675 -0.004242497 0.002161013 0.226097584 0.004227333 0.999966741 0.006974170 -0.722508848 -0.002190530 -0.006964956 0.999973357 17.154357910
0.999983788 -0.005226631 0.002226864 0.240400031 0.005209872 0.999958575 0.007466102 -0.732392848 -0.002265794 -0.007454381 0.999969602 17.621971130
0.999982417 -0.005557580 0.002080300 0.254076958 0.005541742 0.999956250 0.007543051 -0.750451267 -0.002122130 -0.007531390 0.999969304 18.077497482
0.999985039 -0.004966153 0.002277304 0.262364209 0.004948353 0.999957681 0.007756288 -0.762048006 -0.002315727 -0.007744903 0.999967337 18.565404892
0.999985099 -0.005053608 0.002059714 0.273683012 0.005037202 0.999956131 0.007893768 -0.785680652 -0.002099516 -0.007883276 0.999966741 18.951118469
0.999984860 -0.004957105 0.002376119 0.275766104 0.004939817 0.999961734 0.007227000 -0.792722285 -0.002411853 -0.007215152 0.999971092 19.452163696
0.999983191 -0.005561002 0.001631654 0.297445923 0.005547629 0.999951839 0.008089159 -0.813968599 -0.001676559 -0.008079969 0.999965966 19.927669525
0.999982178 -0.005837381 0.001224393 0.306450516 0.005826981 0.999948263 0.008332137 -0.824185967 -0.001272968 -0.008324854 0.999964595 20.452497482
0.999983072 -0.005687779 0.001173591 0.252302647 0.005676954 0.999943137 0.009030175 -0.897488654 -0.001224887 -0.009023362 0.999958456 20.809555054
0.999983490 -0.005667216 0.000843914 0.272951543 0.005659402 0.999943614 0.008989992 -0.902278781 -0.000894814 -0.008985068 0.999959230 21.346092224
0.999980867 -0.006185466 0.000471527 0.262890249 0.006180861 0.999938607 0.009210246 -0.929469109 -0.000528468 -0.009207154 0.999957502 21.871046066
0.999980748 -0.006211936 0.000067941 0.255957186 0.006210983 0.999933541 0.009718051 -0.955250144 -0.000128304 -0.009717443 0.999952793 22.372018814
0.999956071 -0.009324054 -0.000968374 0.253882945 0.009333040 0.999909163 0.009728482 -0.993356943 0.000877577 -0.009737093 0.999952197 22.891756058
0.999974787 -0.007024055 -0.001039472 0.230151758 0.007034133 0.999924958 0.010031664 -1.011186004 0.000968931 -0.010038722 0.999949157 23.251041412
0.999977112 -0.006509722 -0.001822429 0.238552988 0.006528679 0.999922574 0.010597029 -1.020537615 0.001753304 -0.010608684 0.999942243 23.807661057
0.999972939 -0.006859861 -0.002649169 0.247104734 0.006886721 0.999923587 0.010266696 -1.022770166 0.002578538 -0.010284661 0.999943733 24.351793289
0.999980390 -0.005627113 -0.002754707 0.247508943 0.005655316 0.999930561 0.010339433 -1.036186337 0.002696335 -0.010354809 0.999942720 24.891906738
0.999969661 -0.007104244 -0.003183639 0.260206580 0.007140065 0.999909699 0.011385295 -1.066524029 0.003102468 -0.011407681 0.999930143 25.323299408
0.999970615 -0.006923352 -0.003295499 0.264477462 0.006959884 0.999913037 0.011206494 -1.071479797 0.003217626 -0.011229100 0.999931812 25.889410019
0.999971390 -0.006704488 -0.003493758 0.264411867 0.006743691 0.999913096 0.011332707 -1.094029427 0.003417474 -0.011355946 0.999929667 26.465469360
0.999964476 -0.007038453 -0.004632455 0.271845251 0.007091572 0.999908090 0.011551933 -1.111089110 0.004550721 -0.011584374 0.999922574 27.041906357
0.999962091 -0.007239403 -0.004856559 0.264211655 0.007298461 0.999898195 0.012254630 -1.145908594 0.004767350 -0.012289610 0.999913037 27.374752045
0.999964476 -0.006495361 -0.005355002 0.267285347 0.006559852 0.999905050 0.012114909 -1.144174218 0.005275804 -0.012149610 0.999912202 27.927997589
0.999961436 -0.006930090 -0.005391918 0.262849927 0.006995906 0.999899983 0.012284605 -1.157533765 0.005306246 -0.012321851 0.999909937 28.456283569
0.999958217 -0.007153563 -0.005689522 0.281804532 0.007221876 0.999900997 0.012078360 -1.167838931 0.005602555 -0.012118943 0.999910772 29.006324768
0.999954343 -0.007617305 -0.005773145 0.266492486 0.007689959 0.999890089 0.012668735 -1.200059175 0.005676010 -0.012712551 0.999903083 29.372526169
0.999951482 -0.007577073 -0.006299028 0.280110121 0.007656636 0.999889970 0.012704283 -1.212944984 0.006202075 -0.012751899 0.999899507 29.910961151
0.999949515 -0.007682969 -0.006486442 0.275402725 0.007764576 0.999889791 0.012651061 -1.232529044 0.006388529 -0.012700784 0.999898970 30.491052628
0.999949694 -0.007635463 -0.006519390 0.299398333 0.007718282 0.999888539 0.012774328 -1.229494095 0.006421125 -0.012824002 0.999897122 31.006690979
0.999945223 -0.008108244 -0.006615282 0.260416448 0.008196266 0.999876916 0.013389218 -1.278965592 0.006505904 -0.013442705 0.999888480 31.387458801
0.999942780 -0.008236760 -0.006822016 0.277585030 0.008329501 0.999871790 0.013679533 -1.290039182 0.006708466 -0.013735575 0.999883175 31.939140320
0.999932647 -0.008846053 -0.007502494 0.289742768 0.008952525 0.999858022 0.014278705 -1.314845681 0.007375118 -0.014344913 0.999869943 32.498718262
0.999945402 -0.007853402 -0.006893265 0.256538510 0.007950001 0.999868989 0.014099833 -1.326330781 0.006781630 -0.014153866 0.999876738 32.971210480
0.999946356 -0.007460459 -0.007178320 0.281083137 0.007556888 0.999880373 0.013501542 -1.319997072 0.007076733 -0.013555065 0.999883056 33.540580750
0.999949574 -0.007364908 -0.006829019 0.227547452 0.007459991 0.999874055 0.014004015 -1.365577340 0.006725021 -0.014054252 0.999878645 33.927238464
0.999952137 -0.007070309 -0.006757939 0.234366104 0.007166486 0.999871910 0.014315062 -1.374280095 0.006655861 -0.014362808 0.999874771 34.471939087
0.999943018 -0.007860227 -0.007233839 0.223301798 0.007962185 0.999867857 0.014175158 -1.381449461 0.007121463 -0.014231945 0.999873340 34.998908997
0.999945521 -0.007209261 -0.007551357 0.245410293 0.007309599 0.999884248 0.013345203 -1.368629336 0.007454273 -0.013399673 0.999882460 35.604339600
0.999936342 -0.008258958 -0.007687674 0.245515436 0.008369828 0.999859810 0.014503025 -1.416347146 0.007566817 -0.014566447 0.999865234 35.966949463
0.999934435 -0.008433836 -0.007752819 0.242868900 0.008545266 0.999859035 0.014453876 -1.420775890 0.007629824 -0.014519178 0.999865532 36.518444061
0.999940693 -0.007678691 -0.007713745 0.258488834 0.007782255 0.999878764 0.013486773 -1.415352464 0.007609249 -0.013546003 0.999879301 37.063327789
0.999946713 -0.007137358 -0.007455091 0.248933107 0.007237428 0.999882936 0.013483493 -1.428715467 0.007357982 -0.013536730 0.999881268 37.612773895
0.999940574 -0.007964903 -0.007441947 0.245923728 0.008073385 0.999859929 0.014662669 -1.449011922 0.007324118 -0.014721880 0.999864817 37.939758301
0.999935746 -0.008222554 -0.007796417 0.260787815 0.008334073 0.999861896 0.014381083 -1.454228878 0.007677090 -0.014445134 0.999866247 38.521034241
0.999946713 -0.006869746 -0.007707625 0.270752490 0.006973451 0.999884486 0.013509772 -1.450066805 0.007613925 -0.013562800 0.999879003 39.121501923
0.999938369 -0.007384162 -0.008282650 0.293107241 0.007485738 0.999896348 0.012300510 -1.430052280 0.008190962 -0.012361754 0.999890029 39.680286407
0.999938428 -0.007552165 -0.008132669 0.267688245 0.007657608 0.999885976 0.013013212 -1.451029301 0.008033464 -0.013074687 0.999882221 40.167869568
0.999935865 -0.008048819 -0.007968872 0.255446196 0.008160525 0.999867499 0.014085988 -1.477158070 0.007854440 -0.014150114 0.999869049 40.456291199
0.999934852 -0.008185351 -0.007958166 0.255209059 0.008296123 0.999867737 0.013987406 -1.489416242 0.007842622 -0.014052517 0.999870539 40.975666046
0.999926746 -0.008871695 -0.008244217 0.270658582 0.008985145 0.999863982 0.013827582 -1.503091574 0.008120423 -0.013900643 0.999870420 41.531162262
0.999942124 -0.006935500 -0.008227727 0.284247994 0.007036196 0.999899864 0.012273580 -1.476304054 0.008141779 -0.012330761 0.999890864 42.077388763
0.999944508 -0.006763245 -0.008075542 0.269560218 0.006863357 0.999899089 0.012434222 -1.492853761 0.007990631 -0.012488957 0.999890089 42.555633545
0.999938428 -0.007626693 -0.008059326 0.278555393 0.007741831 0.999866962 0.014352993 -1.523619413 0.007948787 -0.014414501 0.999864519 42.923439026
0.999941647 -0.007313484 -0.007953590 0.289267063 0.007424628 0.999873936 0.014035396 -1.526012897 0.007849939 -0.014093629 0.999869883 43.469406128
0.999925911 -0.008445227 -0.008776302 0.301859707 0.008568012 0.999864578 0.014048350 -1.541491985 0.008656471 -0.014122506 0.999862790 43.999004364
0.999944210 -0.006723338 -0.008148107 0.285425335 0.006829843 0.999890685 0.013114582 -1.534507513 0.008059042 -0.013169501 0.999880791 44.550415039
0.999944508 -0.006992809 -0.007876571 0.294146270 0.007104781 0.999872744 0.014278597 -1.543688536 0.007775723 -0.014333770 0.999867022 44.860061646
0.999938905 -0.007655405 -0.007983232 0.302850127 0.007766806 0.999871492 0.014018033 -1.554017067 0.007874894 -0.014079180 0.999869823 45.413265228
0.999930501 -0.008010447 -0.008650134 0.315932959 0.008130116 0.999870479 0.013888955 -1.563054800 0.008537758 -0.013958317 0.999866128 45.963478088
0.999940276 -0.006622328 -0.008693346 0.325085610 0.006732877 0.999896109 0.012749419 -1.554094195 0.008608012 -0.012807189 0.999880910 46.506275177
0.999942541 -0.006631244 -0.008413848 0.299294859 0.006739680 0.999893725 0.012925701 -1.562660456 0.008327240 -0.012981666 0.999881029 47.060337067
0.999939144 -0.007348699 -0.008240578 0.316851467 0.007462115 0.999876618 0.013817662 -1.576200485 0.008138021 -0.013878312 0.999870539 47.327610016
0.999931574 -0.007828887 -0.008691963 0.335090250 0.007947496 0.999874592 0.013696227 -1.582686424 0.008583645 -0.013764369 0.999868453 47.871345520
0.999939263 -0.007050660 -0.008471215 0.327346325 0.007164911 0.999882698 0.013533123 -1.585796952 0.008374804 -0.013592994 0.999872565 48.399875641
0.999941230 -0.006863296 -0.008393873 0.327912033 0.006973025 0.999889672 0.013113832 -1.589632034 0.008302944 -0.013171593 0.999878824 48.914653778
0.999935746 -0.007285675 -0.008694504 0.332313597 0.007399435 0.999886572 0.013124416 -1.612522125 0.008597899 -0.013187905 0.999876082 49.467639923
0.999943435 -0.006901928 -0.008094192 0.310303241 0.007013372 0.999879897 0.013821865 -1.620359421 0.007997823 -0.013877852 0.999871671 49.760677338
0.999938905 -0.007628314 -0.008001754 0.325068921 0.007733673 0.999882758 0.013219816 -1.621555090 0.007899972 -0.013280892 0.999880612 50.308246613
0.999943376 -0.007203934 -0.007837562 0.317572922 0.007305373 0.999888897 0.012992017 -1.616152048 0.007743098 -0.013048539 0.999884903 50.872013092
0.999944091 -0.006708961 -0.008178624 0.340418220 0.006803981 0.999909043 0.011646230 -1.613389969 0.008099748 -0.011701226 0.999898732 51.427501678
0.999945819 -0.006298236 -0.008279570 0.339329183 0.006393319 0.999913335 0.011508282 -1.610504627 0.008206370 -0.011560595 0.999899507 51.951759338
0.999946833 -0.006860626 -0.007695904 0.321342707 0.006964066 0.999884665 0.013495553 -1.638328314 0.007602429 -0.013548430 0.999879241 52.168594360
0.999948800 -0.006733827 -0.007558786 0.325839102 0.006834933 0.999886453 0.013430712 -1.651616096 0.007467489 -0.013481690 0.999881208 52.711669922
0.999952674 -0.006449599 -0.007275221 0.328627676 0.006539539 0.999901652 0.012407289 -1.651915550 0.007194484 -0.012454280 0.999896586 53.274940491
0.999957681 -0.006035819 -0.006938897 0.323481470 0.006121689 0.999904096 0.012421489 -1.656241775 0.006863258 -0.012463439 0.999898791 53.842960358
0.999946713 -0.007095308 -0.007489235 0.333362937 0.007192501 0.999889195 0.013031691 -1.664643288 0.007395941 -0.013084863 0.999886990 54.150207520
0.999952197 -0.006487999 -0.007306130 0.331477553 0.006581489 0.999895751 0.012845619 -1.667297363 0.007222026 -0.012893091 0.999890804 54.674797058
0.999946177 -0.006981163 -0.007658024 0.362309605 0.007075727 0.999898195 0.012391560 -1.674440861 0.007570737 -0.012445079 0.999893904 55.217506409
0.999947071 -0.007168955 -0.007380706 0.344414711 0.007264569 0.999888897 0.013010394 -1.685883284 0.007286616 -0.013063322 0.999888122 55.592380524
0.999946415 -0.007230949 -0.007412524 0.353235722 0.007325565 0.999890983 0.012817669 -1.683444023 0.007319033 -0.012871280 0.999890387 56.155162811
0.999944150 -0.007858767 -0.007066232 0.351061493 0.007946458 0.999890625 0.012468688 -1.690652370 0.006967471 -0.012524142 0.999897301 56.713470459
0.999949276 -0.007056523 -0.007175627 0.354359150 0.007148748 0.999891043 0.012909118 -1.705539823 0.007083752 -0.012959761 0.999890924 57.011070251
0.999951959 -0.006698675 -0.007139133 0.361365288 0.006790200 0.999894142 0.012874202 -1.718840837 0.007052136 -0.012922062 0.999891639 57.536018372
0.999945819 -0.007580302 -0.007133596 0.379784226 0.007665428 0.999898791 0.011982382 -1.715977192 0.007042045 -0.012036416 0.999902785 58.081203461
0.999950647 -0.006876747 -0.007162467 0.372548729 0.006965129 0.999898970 0.012388744 -1.708760977 0.007076551 -0.012438022 0.999897540 58.427719116
0.999950945 -0.006993308 -0.007011898 0.373479128 0.007080818 0.999896348 0.012533912 -1.730824351 0.006923520 -0.012582947 0.999896824 58.963920593
0.999932587 -0.008214819 -0.008202836 0.407207429 0.008317427 0.999886572 0.012553940 -1.738554239 0.008098779 -0.012621319 0.999887586 59.586505890
0.999947429 -0.006985345 -0.007495598 0.382823080 0.007078491 0.999897301 0.012473155 -1.747346640 0.007407698 -0.012525560 0.999894083 59.900749207
0.999950051 -0.006874635 -0.007251293 0.385323405 0.006964085 0.999899089 0.012383492 -1.755979776 0.007165430 -0.012433372 0.999897003 60.430530548
0.999953806 -0.006701813 -0.006882741 0.373495072 0.006787119 0.999899566 0.012446778 -1.773204327 0.006798635 -0.012492918 0.999898851 60.978179932
0.999950528 -0.006784206 -0.007274212 0.418180794 0.006873645 0.999900222 0.012341705 -1.762451530 0.007189760 -0.012391096 0.999897301 61.295970917
0.999952018 -0.006645320 -0.007191887 0.424252838 0.006733076 0.999902308 0.012247523 -1.771349907 0.007109796 -0.012295359 0.999899089 61.846435547
0.999949217 -0.006705128 -0.007524174 0.439711183 0.006798351 0.999899626 0.012433375 -1.786510944 0.007440051 -0.012483896 0.999894381 62.356536865
0.999949217 -0.006885879 -0.007358450 0.441376418 0.006975712 0.999900579 0.012253031 -1.782780409 0.007273347 -0.012303739 0.999897838 62.707599640
0.999947906 -0.006911303 -0.007518186 0.458659410 0.007005591 0.999896228 0.012588157 -1.796510220 0.007430405 -0.012640171 0.999892473 63.247520447
0.999941111 -0.007495599 -0.007842938 0.457531393 0.007587159 0.999902666 0.011710357 -1.789194584 0.007754399 -0.011769173 0.999900639 63.826347351
0.999951124 -0.006715126 -0.007258710 0.444709510 0.006803025 0.999903023 0.012153212 -1.811934233 0.007176398 -0.012201999 0.999899745 64.164268494
0.999947011 -0.007194628 -0.007364770 0.453004837 0.007282761 0.999901354 0.012010640 -1.821977973 0.007277634 -0.012063639 0.999900699 64.720329285
0.999949813 -0.006786921 -0.007368970 0.497140855 0.006874657 0.999905050 0.011946879 -1.820492029 0.007287188 -0.011996939 0.999901474 65.235359192
0.999942660 -0.007574958 -0.007567822 0.473639458 0.007664545 0.999899983 0.011879741 -1.824905634 0.007477078 -0.011937063 0.999900818 65.615631104
0.999948382 -0.006927839 -0.007437278 0.479797184 0.007016850 0.999903202 0.012009562 -1.838628173 0.007353358 -0.012061128 0.999900281 66.138099670
0.999951184 -0.006934298 -0.007032252 0.462918192 0.007019353 0.999901533 0.012143246 -1.859892845 0.006947356 -0.012192016 0.999901533 66.701522827
0.999942124 -0.007607731 -0.007598942 0.477597773 0.007696265 0.999902070 0.011690458 -1.866933584 0.007509259 -0.011748265 0.999902844 67.222465515
0.999945760 -0.007131518 -0.007593155 0.502666771 0.007220953 0.999904096 0.011816788 -1.854997635 0.007508155 -0.011870977 0.999901354 67.507377625
0.999936581 -0.008177581 -0.007753207 0.511239648 0.008270093 0.999894023 0.011976125 -1.869452596 0.007654449 -0.012039484 0.999898195 68.052642822
0.999944866 -0.007427752 -0.007420307 0.499881387 0.007514521 0.999902844 0.011734853 -1.880647898 0.007332423 -0.011789965 0.999903619 68.578689575
0.999947488 -0.006859506 -0.007617048 0.534410477 0.006938426 0.999921978 0.010383469 -1.878345013 0.007545226 -0.010435774 0.999917030 69.104003906
0.999943793 -0.007422742 -0.007572676 0.534065902 0.007508412 0.999907374 0.011348034 -1.879298568 0.007487741 -0.011404254 0.999906957 69.362625122
0.999939680 -0.007826583 -0.007709639 0.546380937 0.007914180 0.999903738 0.011397731 -1.887403727 0.007619691 -0.011458059 0.999905348 69.910003662
0.999942303 -0.007481908 -0.007715140 0.552176058 0.007567924 0.999908864 0.011180598 -1.906784534 0.007630784 -0.011238340 0.999907792 70.458091736
0.999955297 -0.005811973 -0.007464368 0.577386022 0.005893975 0.999921978 0.011011192 -1.934849024 0.007399790 -0.011054694 0.999911547 70.964973450
0.999954402 -0.006258706 -0.007212702 0.550404608 0.006343551 0.999910235 0.011801155 -1.926253557 0.007138193 -0.011846372 0.999904335 71.244934082
0.999946237 -0.007324887 -0.007341015 0.564771593 0.007407943 0.999908149 0.011351534 -1.931457043 0.007257192 -0.011405307 0.999908686 71.800079346
0.999944270 -0.007482478 -0.007437320 0.585772693 0.007563544 0.999911606 0.010932392 -1.932939291 0.007354860 -0.010988037 0.999912560 72.352386475
0.999947727 -0.007237331 -0.007223808 0.563115597 0.007315864 0.999913692 0.010904739 -1.932655811 0.007144264 -0.010957017 0.999914408 72.703353882
0.999955773 -0.006460146 -0.006829450 0.571452141 0.006533535 0.999920547 0.010778928 -1.950547218 0.006759273 -0.010823072 0.999918580 73.267005920
0.999966264 -0.006102097 -0.005485798 0.606971741 0.006165812 0.999912798 0.011673723 -1.969143867 0.005414085 -0.011707155 0.999916792 73.723594666
0.999963462 -0.007091196 -0.004774139 0.610640049 0.007143626 0.999913275 0.011056132 -1.965410709 0.004695325 -0.011089831 0.999927461 74.097190857
0.999968350 -0.007160783 -0.003484717 0.620429158 0.007198648 0.999913812 0.010977690 -1.974503160 0.003405808 -0.011002426 0.999933720 74.649757385
0.999976277 -0.006675177 -0.001737753 0.612597048 0.006692323 0.999926925 0.010055342 -1.962939024 0.001670505 -0.010066731 0.999947906 75.218009949
0.999972284 -0.007326961 0.001332984 0.610190928 0.007312581 0.999918222 0.010490921 -1.959981918 -0.001409742 -0.010480883 0.999944091 75.603538513
0.999960423 -0.007402997 0.004942468 0.632342815 0.007350061 0.999916375 0.010644130 -1.979341984 -0.005020854 -0.010607382 0.999931097 76.113525391
0.999942958 -0.006771287 0.008266270 0.640826941 0.006686515 0.999925196 0.010240206 -1.973211050 -0.008334992 -0.010184349 0.999913394 76.675376892
0.999896944 -0.007817920 0.012040878 0.665836453 0.007694038 0.999917328 0.010300620 -1.980995178 -0.012120413 -0.010206917 0.999874413 77.025802612
0.999805510 -0.007660013 0.018171024 0.676731646 0.007453098 0.999906898 0.011427576 -2.007499218 -0.018256871 -0.011289924 0.999769568 77.547500610
0.999697208 -0.008161866 0.023214381 0.707248330 0.007910379 0.999909282 0.010904477 -1.999757171 -0.023301274 -0.010717543 0.999671042 78.045173645
0.999545276 -0.007385707 0.029232355 0.734620929 0.007074188 0.999917269 0.010745710 -2.000284433 -0.029309295 -0.010534029 0.999514878 78.459770203
0.999258041 -0.007407846 0.037794396 0.759708405 0.007020182 0.999921501 0.010379586 -2.002187014 -0.037868313 -0.010106562 0.999231577 79.012390137
0.998940349 -0.008050939 0.045312155 0.824047804 0.007588645 0.999917507 0.010365211 -2.025333881 -0.045391861 -0.010010369 0.998919189 79.513740540
0.998608172 -0.008216991 0.052097902 0.873382330 0.007671988 0.999913871 0.010652515 -2.028280973 -0.052180938 -0.010237994 0.998585105 79.997703552
0.998119712 -0.008584265 0.060690843 0.951371670 0.007923162 0.999906719 0.011125251 -2.076821804 -0.060780682 -0.010623467 0.998094618 80.514389038
0.997438729 -0.008089972 0.071067095 0.954887390 0.007314101 0.999910772 0.011170900 -2.058723450 -0.071151145 -0.010622499 0.997408926 80.895477295
0.996797383 -0.008670927 0.079498269 1.014153004 0.007833527 0.999910533 0.010839380 -2.057664156 -0.079585157 -0.010181913 0.996776104 81.442680359
0.996122122 -0.009258412 0.087492734 1.092799187 0.008347116 0.999907017 0.010775805 -2.076438189 -0.087584376 -0.010003704 0.996106863 81.992057800
0.995083034 -0.008760286 0.098655313 1.139877796 0.007700877 0.999908566 0.011114176 -2.083834410 -0.098743662 -0.010299796 0.995059609 82.481910706
0.994061232 -0.009741765 0.108384810 1.190218925 0.008527588 0.999895632 0.011660322 -2.101760626 -0.108487085 -0.010666814 0.994040608 82.845710754
0.993008018 -0.009454721 0.117667399 1.272873878 0.008142829 0.999899268 0.011624916 -2.114882469 -0.117765456 -0.010585490 0.992985010 83.404113770
0.991588771 -0.009534885 0.129076764 1.352903366 0.008150398 0.999903500 0.011250064 -2.105288744 -0.129171565 -0.010103410 0.991570830 83.967842102
0.989914656 -0.009881648 0.141319215 1.459898949 0.008427849 0.999905169 0.010882170 -2.116973162 -0.141413376 -0.009581404 0.989904284 84.487960815
0.988270640 -0.009206659 0.152434349 1.569432259 0.007597015 0.999909043 0.011138661 -2.127811909 -0.152523041 -0.009849967 0.988250852 85.026329041
0.986682057 -0.010094550 0.162347287 1.562400818 0.008355721 0.999900222 0.011389798 -2.090102673 -0.162446067 -0.009881580 0.986667931 85.260025024
0.984454274 -0.009910237 0.175361291 1.682673454 0.008043700 0.999903262 0.011351557 -2.101624489 -0.175456822 -0.009764534 0.984438658 85.787788391
0.982201874 -0.010543017 0.187532082 1.815653801 0.008516692 0.999896407 0.011607683 -2.117675781 -0.187635005 -0.009803935 0.982189894 86.310020447
0.980234623 -0.011210839 0.197520882 1.936650276 0.009091353 0.999890983 0.011634001 -2.130536556 -0.197629780 -0.009608318 0.980229676 86.847434998
0.977719486 -0.011218248 0.209616184 2.054471016 0.008944675 0.999890447 0.011791253 -2.131860256 -0.209725514 -0.009653589 0.977712631 87.312477112
0.974830210 -0.011150197 0.222669706 2.197649002 0.008763346 0.999893129 0.011704479 -2.141472816 -0.222776383 -0.009458548 0.974823654 87.830245972
0.972152233 -0.012279035 0.234028473 2.352296829 0.009895068 0.999886513 0.011358146 -2.146241188 -0.234141380 -0.008726119 0.972163379 88.342819214
0.969087183 -0.012662212 0.246393234 2.475717545 0.010127845 0.999881983 0.011550448 -2.129249096 -0.246510446 -0.008697960 0.969101071 88.832901001
0.965136826 -0.011206224 0.261505902 2.599584579 0.008438312 0.999895871 0.011705016 -2.122111320 -0.261609852 -0.009090275 0.965130925 89.315666199
0.961747408 -0.012232319 0.273664504 2.779253006 0.009500860 0.999890864 0.011304202 -2.131333590 -0.273772895 -0.008271742 0.961758792 89.827957153
0.958382964 -0.012087644 0.285229772 2.959247589 0.009308074 0.999895096 0.011098690 -2.121079922 -0.285333991 -0.007981857 0.958395004 90.402343750
0.954268694 -0.012852253 0.298673540 3.165830612 0.009717009 0.999881029 0.011979921 -2.136146069 -0.298791975 -0.008529852 0.954280198 90.909828186
0.949975967 -0.013701215 0.312022179 3.401868820 0.010472570 0.999872863 0.012020889 -2.176445723 -0.312147230 -0.008151882 0.949998796 91.333145142
0.945697784 -0.012220819 0.324817836 3.541164398 0.008876727 0.999891281 0.011775185 -2.139781237 -0.324926466 -0.008252447 0.945703268 91.931015015
0.941178083 -0.012095519 0.337694496 3.744884491 0.008592215 0.999892652 0.011866988 -2.160669565 -0.337801814 -0.008267405 0.941180944 92.427505493
0.936068714 -0.012619741 0.351590872 3.966449738 0.008874895 0.999885499 0.012260797 -2.158928871 -0.351705283 -0.008356616 0.936073422 92.917671204
0.931204021 -0.012736677 0.364276171 4.176334381 0.008910902 0.999886155 0.012181311 -2.175691605 -0.364389777 -0.008097258 0.931211293 93.463409424
0.927047014 -0.012352276 0.374741703 4.438478470 0.008647418 0.999895751 0.011566438 -2.172401190 -0.374845475 -0.007482083 0.927057147 94.026527405
0.921533227 -0.012913087 0.388084829 4.651300430 0.008673782 0.999882042 0.012673480 -2.215227127 -0.388202667 -0.008312871 0.921536505 94.422554016
0.915689349 -0.012775907 0.401683748 4.793195724 0.008436842 0.999885380 0.012569381 -2.141098261 -0.401798218 -0.008120704 0.915692210 94.800346375
0.910840333 -0.013569924 0.412535697 5.040811539 0.009204929 0.999878645 0.012566326 -2.156114817 -0.412656128 -0.007648555 0.910854816 95.271369934
0.904225051 -0.012990026 0.426858902 5.287002563 0.008017410 0.999877453 0.013444472 -2.189847708 -0.426981211 -0.008734524 0.904218256 95.693954468
0.897549391 -0.013394818 0.440710336 5.582447052 0.008477997 0.999877870 0.013123721 -2.196176529 -0.440832347 -0.008042847 0.897553444 96.252532959
0.891864419 -0.014443470 0.452072203 5.856552124 0.009683331 0.999870598 0.012841715 -2.190210581 -0.452199161 -0.007075505 0.891888857 96.736724854
0.885614455 -0.014125134 0.464206278 6.016368866 0.009350751 0.999877095 0.012585435 -2.134652138 -0.464327008 -0.006805167 0.885637701 97.152999878
0.878332317 -0.014195273 0.477839708 6.303417206 0.009678181 0.999882162 0.011913918 -2.130051136 -0.477952510 -0.005839761 0.878366292 97.634208679
