1.000000000 0.000000000 0.000000000 0.000000000 0.000000000 1.000000000 0.000000000 0.000000000 0.000000000 0.000000000 1.000000000 0.000000000
1.000000000 0.000018112 0.000031548 0.000333876 -0.000018115 1.000000000 0.000115217 -0.000592451 -0.000031545 -0.000115217 1.000000000 -0.000344865
1.000000000 0.000046326 -0.000137524 0.001182684 -0.000046317 1.000000000 0.000061991 -0.000636923 0.000137527 -0.000061985 1.000000000 -0.000681211
1.000000000 0.000021845 -0.000049102 0.000086100 -0.000021843 1.000000000 0.000046271 -0.000460801 0.000049103 -0.000046270 1.000000000 0.000648451
1.000000000 0.000004471 -0.000041129 -0.000281924 -0.000004471 1.000000000 0.000009409 -0.000010302 0.000041129 -0.000009408 1.000000000 -0.000396705
1.000000000 0.000038323 -0.000063636 -0.000143405 -0.000038324 1.000000000 -0.000019655 -0.000187952 0.000063635 0.000019657 1.000000000 -0.000507577
1.000000000 0.000092563 -0.000075056 0.000571464 -0.000092564 1.000000000 -0.000014157 -0.000618799 0.000075055 0.000014164 1.000000000 -0.001251935
1.000000000 -0.000013503 -0.000092078 0.001132212 0.000013498 1.000000000 -0.000060497 0.000324854 0.000092079 0.000060496 1.000000000 -0.000283556
1.000000000 -0.000153511 -0.000022854 0.000912846 0.000153511 1.000000000 -0.000015177 -0.000410674 0.000022856 0.000015174 1.000000000 -0.001321034
1.000000000 -0.000222490 -0.000044486 0.001049877 0.000222487 1.000000000 -0.000070913 0.001438972 0.000044501 0.000070903 1.000000000 0.002252443
1.000000000 -0.000100914 -0.000052875 0.000369129 0.000100914 1.000000000 0.000001429 0.000007280 0.000052875 -0.000001435 1.000000000 0.002067503
1.000000000 -0.000035702 0.000054674 -0.000515273 0.000035712 1.000000000 -0.000184272 0.002021129 -0.000054668 0.000184273 1.000000000 0.002723282
1.000000000 -0.000131139 -0.000008309 -0.000405570 0.000131140 1.000000000 0.000061218 0.000188974 0.000008301 -0.000061219 1.000000000 0.001381356
1.000000000 -0.000071488 -0.000030665 -0.000091519 0.000071491 1.000000000 0.000073073 0.000056037 0.000030660 -0.000073075 1.000000000 0.001317490
1.000000000 -0.000123472 -0.000099178 0.000816944 0.000123479 1.000000000 0.000077708 -0.000690046 0.000099169 -0.000077720 1.000000000 0.000386921
1.000000000 0.000025392 0.000016101 -0.000775908 -0.000025393 1.000000000 0.000022929 -0.000371461 -0.000016100 -0.000022929 1.000000000 -0.000040220
0.999999940 0.000230179 0.000193030 -0.002120755 -0.000230197 0.999999940 0.000095101 -0.000470759 -0.000193008 -0.000095145 1.000000000 0.000320479
1.000000000 -0.000000940 -0.000144035 0.000281612 0.000000927 1.000000000 -0.000094425 0.000594016 0.000144035 0.000094425 1.000000000 0.000593165
1.000000000 -0.000138180 -0.000006488 0.000134661 0.000138181 1.000000000 0.000015916 -0.000326747 0.000006485 -0.000015917 1.000000000 0.000723428
1.000000000 0.000038967 0.000106974 -0.000341190 -0.000038968 1.000000000 0.000008638 -0.000095336 -0.000106974 -0.000008642 1.000000000 0.001142005
1.000000000 0.000103533 0.000013902 -0.000980205 -0.000103533 1.000000000 -0.000039394 0.000459695 -0.000013906 0.000039392 1.000000000 0.001763932
1.000000000 -0.000110450 -0.000076460 0.000211522 0.000110449 1.000000000 -0.000015941 0.000597706 0.000076461 0.000015933 1.000000000 0.000333026
1.000000000 -0.000046861 -0.000080373 0.001253712 0.000046866 1.000000000 0.000058123 -0.000022374 0.000080370 -0.000058127 1.000000000 0.001471991
1.000000000 0.000016907 0.000154844 -0.000580209 -0.000016909 1.000000000 0.000012429 0.000746802 -0.000154844 -0.000012431 1.000000000 -0.000063463
1.000000000 0.000003224 -0.000093411 0.000973725 -0.000003222 1.000000000 0.000022886 0.000523444 0.000093411 -0.000022885 1.000000000 0.001290519
1.000000000 0.000047324 -0.000019792 -0.000092132 -0.000047326 1.000000000 -0.000111210 0.001054835 0.000019786 0.000111211 1.000000000 0.000362219
1.000000000 0.000005015 0.000077220 -0.000436883 -0.000005003 1.000000000 -0.000148942 0.000612513 -0.000077220 0.000148942 1.000000000 -0.000703304
1.000000000 -0.000038816 -0.000058815 0.000171992 0.000038809 1.000000000 -0.000122973 0.000679278 0.000058820 0.000122971 1.000000000 0.000119590
1.000000000 -0.000023109 -0.000043084 -0.001017750 0.000023110 1.000000000 0.000011993 0.001127960 0.000043084 -0.000011994 1.000000000 0.002371200
1.000000000 0.000024925 0.000137164 -0.001103224 -0.000024920 1.000000000 -0.000034019 0.001070870 -0.000137165 0.000034016 1.000000000 0.001663882
1.000000000 -0.000066374 -0.000084905 0.000290895 0.000066375 1.000000000 0.000019311 0.000678035 0.000084904 -0.000019316 1.000000000 0.000519156
1.000000000 0.000058725 0.000079111 -0.001708195 -0.000058730 1.000000000 0.000062445 0.000361717 -0.000079108 -0.000062450 1.000000000 0.002029641
1.000000000 0.000044524 0.000141520 -0.001560396 -0.000044523 1.000000000 -0.000006522 -0.000172967 -0.000141520 0.000006516 1.000000000 0.000909290
1.000000000 -0.000070210 0.000008471 -0.000606754 0.000070210 1.000000000 0.000025797 0.000857108 -0.000008472 -0.000025797 1.000000000 0.001936906
1.000000000 0.000012872 0.000102563 -0.001392364 -0.000012865 1.000000000 -0.000067619 0.002158967 -0.000102564 0.000067618 1.000000000 0.003761050
1.000000000 0.000122969 0.000151296 -0.002345068 -0.000122958 1.000000000 -0.000072573 0.002495563 -0.000151305 0.000072555 1.000000000 0.003455195
1.000000000 -0.000184018 0.000028453 -0.000684219 0.000184017 1.000000000 0.000040327 0.000674677 -0.000028461 -0.000040322 1.000000000 0.001762515
1.000000000 -0.000039304 0.000047157 -0.000991383 0.000039300 1.000000000 0.000074154 0.000704815 -0.000047160 -0.000074152 1.000000000 0.001355454
1.000000000 -0.000103719 0.000000965 -0.000473803 0.000103719 1.000000000 -0.000017666 0.001174817 -0.000000964 0.000017666 1.000000000 0.001924966
1.000000000 -0.000024817 0.000228260 -0.001672740 0.000024817 1.000000000 -0.000000193 -0.000292639 -0.000228260 0.000000199 1.000000000 0.002045579
0.999999940 -0.000095685 0.000312958 -0.001329768 0.000095898 0.999999762 -0.000677688 -0.001702544 -0.000312893 0.000677718 0.999999702 0.052434884
0.999999940 0.000172354 0.000207852 -0.000189684 -0.000172086 0.999999166 -0.001285000 -0.004331212 -0.000208074 0.001284964 0.999999166 0.134500816
0.999999881 0.000491250 0.000002923 0.003165177 -0.000491245 0.999998808 -0.001449122 -0.004098176 -0.000003635 0.001449120 0.999998927 0.254488468
0.999999940 0.000287684 0.000039180 0.004277487 -0.000287634 0.999999166 -0.001266773 -0.011988889 -0.000039545 0.001266761 0.999999225 0.382908702
0.999999881 0.000446679 0.000119813 0.006838675 -0.000446548 0.999999285 -0.001086472 -0.015759435 -0.000120298 0.001086419 0.999999404 0.527192414
1.000000000 0.000175807 -0.000000587 0.013766040 -0.000175808 0.999999225 -0.001215809 -0.018625736 0.000000374 0.001215809 0.999999285 0.681861758
1.000000000 0.000123318 0.000186165 0.016220583 -0.000123126 0.999999464 -0.001030730 -0.021467021 -0.000186292 0.001030707 0.999999464 0.851954162
0.999999881 0.000467037 0.000150085 0.016234910 -0.000466927 0.999999642 -0.000732826 -0.027650660 -0.000150427 0.000732755 0.999999702 1.017919183
1.000000000 0.000149280 0.000097354 0.021523921 -0.000149272 1.000000000 -0.000079843 -0.037370380 -0.000097366 0.000079828 1.000000000 1.187757373
0.999999940 0.000400621 0.000123190 0.018531675 -0.000400536 0.999999702 -0.000688728 -0.033301398 -0.000123466 0.000688678 0.999999762 1.379427910
0.999999881 0.000434360 -0.000120508 0.029542672 -0.000434424 0.999999762 -0.000538650 -0.041589305 0.000120274 0.000538702 0.999999821 1.581997275
0.999998927 0.001230677 0.000780777 0.023269372 -0.001230381 0.999999166 -0.000379406 -0.049043745 -0.000781243 0.000378445 0.999999642 1.768875837
0.999999940 0.000262546 -0.000284321 0.043860074 -0.000262643 0.999999881 -0.000341207 -0.050488677 0.000284232 0.000341282 0.999999881 1.961603165
0.999999642 0.000634182 0.000598782 0.032819781 -0.000633931 0.999999702 -0.000420381 -0.056064110 -0.000599048 0.000420001 0.999999762 2.181880474
0.999999046 0.001013623 0.000964183 0.029855443 -0.001013034 0.999999285 -0.000611288 -0.066363603 -0.000964802 0.000610311 0.999999344 2.385700941
0.999998391 0.001679614 -0.000578872 0.077715360 -0.001679685 0.999998569 -0.000122626 -0.088742211 0.000578665 0.000123598 0.999999821 2.629583359
0.999999464 0.001000038 -0.000295829 0.084563918 -0.000999926 0.999999404 0.000377596 -0.101610906 0.000296206 -0.000377300 0.999999940 2.847229481
0.999998331 0.001635548 -0.000709190 0.086672515 -0.001635600 0.999998689 -0.000073757 -0.099471539 0.000709069 0.000074917 0.999999762 3.091582298
0.999998569 0.001298278 -0.001062882 0.096960448 -0.001298696 0.999999106 -0.000392664 -0.102225125 0.001062371 0.000394044 0.999999344 3.327018976
0.999999166 0.001114332 -0.000617424 0.097404063 -0.001114308 0.999999404 0.000038225 -0.115486078 0.000617466 -0.000037537 0.999999762 3.561005116
0.999998987 0.001296869 -0.000609419 0.100425281 -0.001296967 0.999999106 -0.000160465 -0.119522408 0.000609210 0.000161255 0.999999821 3.833650112
0.999998927 0.001438193 -0.000459687 0.103076711 -0.001438416 0.999998868 -0.000485215 -0.123166740 0.000458988 0.000485876 0.999999821 4.094521523
0.999998748 0.001533245 -0.000425017 0.105961993 -0.001533225 0.999998868 0.000048479 -0.133132517 0.000425091 -0.000047827 0.999999940 4.351866245
0.999999166 0.001238859 -0.000433916 0.113221586 -0.001238837 0.999999285 0.000049027 -0.137075603 0.000433977 -0.000048489 0.999999940 4.595615864
0.999998450 0.001491705 -0.000932039 0.126007378 -0.001491656 0.999998808 0.000053898 -0.143854156 0.000932119 -0.000052507 0.999999583 4.873376369
0.999998748 0.001223173 -0.001054224 0.130582690 -0.001223300 0.999999225 -0.000119164 -0.147312909 0.001054078 0.000120454 0.999999464 5.135417461
0.999998271 0.001786615 -0.000696106 0.132074431 -0.001786787 0.999998450 -0.000245995 -0.158321947 0.000695665 0.000247238 0.999999702 5.395443916
0.999999285 0.000971682 -0.000675158 0.138012946 -0.000971753 0.999999523 -0.000104371 -0.162456408 0.000675056 0.000105027 0.999999762 5.666198730
0.999999106 0.001280685 -0.000447832 0.139398649 -0.001280798 0.999999166 -0.000251785 -0.170421019 0.000447509 0.000252358 0.999999821 5.933540821
0.999999404 0.000859409 -0.000669490 0.150226533 -0.000859522 0.999999583 -0.000167930 -0.178374842 0.000669345 0.000168505 0.999999762 6.213997841
0.999998808 0.001505096 -0.000331808 0.152113050 -0.001505056 0.999998808 0.000120934 -0.187645569 0.000331990 -0.000120434 0.999999940 6.488563061
0.999998748 0.001505757 -0.000505740 0.157980189 -0.001505648 0.999998868 0.000216247 -0.201519683 0.000506065 -0.000215485 0.999999762 6.769379139
0.999998212 0.001803690 -0.000469717 0.161870897 -0.001803702 0.999998331 -0.000025224 -0.206895351 0.000469671 0.000026071 0.999999821 7.069905281
0.999998748 0.001551026 -0.000359201 0.171886623 -0.001550974 0.999998808 0.000143382 -0.217127219 0.000359423 -0.000142825 0.999999940 7.361244202
0.999998868 0.001473894 -0.000022112 0.173603728 -0.001473904 0.999998748 -0.000466934 -0.219623074 0.000021424 0.000466966 0.999999881 7.680168152
0.999998391 0.001793251 -0.000158459 0.186846688 -0.001793215 0.999998391 0.000225247 -0.235025167 0.000158863 -0.000224962 0.999999940 7.970929623
0.999999225 0.001201322 -0.000249860 0.186403155 -0.001201160 0.999999046 0.000648582 -0.251410574 0.000250639 -0.000648281 0.999999762 8.313534737
0.999999225 0.001204443 0.000099757 0.193197101 -0.001204503 0.999999106 0.000598930 -0.261654884 -0.000099036 -0.000599050 0.999999821 8.642504692
0.999999166 0.001251476 0.000302064 0.195370957 -0.001251655 0.999999046 0.000589315 -0.267320246 -0.000301326 -0.000589692 0.999999821 8.983369827
0.999999225 0.001120649 0.000285435 0.201779634 -0.001120807 0.999999225 0.000553922 -0.280765444 -0.000284814 -0.000554242 0.999999821 9.312482834
0.999998569 0.001555479 0.000657069 0.197739065 -0.001555998 0.999998450 0.000790101 -0.287171781 -0.000655839 -0.000791122 0.999999464 9.674489975
0.999999583 0.000918975 -0.000210030 0.215130478 -0.000918762 0.999998987 0.001014840 -0.301217198 0.000210962 -0.001014647 0.999999464 10.009819031
0.999999046 0.001398555 -0.000091767 0.222276375 -0.001398486 0.999998808 0.000747732 -0.309953898 0.000092812 -0.000747603 0.999999702 10.369800568
0.999998868 0.001407447 0.000442414 0.228908181 -0.001408006 0.999998152 0.001266206 -0.324999988 -0.000440632 -0.001266828 0.999999106 10.712836266
0.999999762 0.000819748 0.000075251 0.237019807 -0.000819804 0.999999404 0.000745591 -0.328265429 -0.000074640 -0.000745653 0.999999702 11.095660210
0.999998927 0.001435870 0.000246769 0.241125017 -0.001436040 0.999998748 0.000691704 -0.340869069 -0.000245775 -0.000692058 0.999999702 11.482231140
0.999998987 0.001435898 0.000122230 0.252251983 -0.001435976 0.999998808 0.000637723 -0.347661078 -0.000121314 -0.000637898 0.999999762 11.861057281
0.999999285 0.001167505 0.000164927 0.257309228 -0.001167634 0.999998927 0.000780689 -0.362446338 -0.000164015 -0.000780881 0.999999702 12.244221687
0.999998927 0.001415745 0.000183449 0.266180664 -0.001415821 0.999998868 0.000412877 -0.371133745 -0.000182864 -0.000413136 0.999999940 12.640832901
0.999998510 0.001573023 0.000692796 0.266558379 -0.001573711 0.999998271 0.000993097 -0.383008033 -0.000691233 -0.000994186 0.999999285 13.028682709
0.999998331 0.001694802 0.000600011 0.275699347 -0.001695425 0.999998033 0.001040350 -0.395726353 -0.000598247 -0.001041366 0.999999285 13.430727005
0.999998093 0.001614991 0.001061835 0.283126086 -0.001616050 0.999998212 0.000997823 -0.404745489 -0.001060222 -0.000999537 0.999998987 13.839291573
0.999997914 0.001655221 0.001193593 0.288175255 -0.001656481 0.999998093 0.001054919 -0.416790158 -0.001191845 -0.001056894 0.999998748 14.262080193
0.999997616 0.001728196 0.001338145 0.300547749 -0.001730055 0.999997556 0.001389522 -0.430091709 -0.001335739 -0.001391834 0.999998152 14.679904938
0.999998689 0.000708089 0.001457470 0.311076790 -0.000710478 0.999998391 0.001639910 -0.444219321 -0.001456306 -0.001640943 0.999997556 15.105230331
0.999998212 0.001379601 0.001299375 0.323227704 -0.001381197 0.999998271 0.001228522 -0.454143047 -0.001297677 -0.001230314 0.999998391 15.544019699
0.999997914 0.001294384 0.001583050 0.332931161 -0.001296260 0.999998450 0.001184445 -0.466625780 -0.001581514 -0.001186495 0.999997973 15.982452393
0.999997199 0.001231920 0.001991563 0.340076119 -0.001233922 0.999998748 0.001004332 -0.475781262 -0.001990324 -0.001006786 0.999997437 16.424716949
0.999996662 0.001239207 0.002262791 0.351686716 -0.001242034 0.999998391 0.001248295 -0.490498126 -0.002261241 -0.001251101 0.999996603 16.869962692
0.999995768 0.001376245 0.002563010 0.359739423 -0.001380223 0.999997854 0.001550927 -0.504436314 -0.002560869 -0.001554458 0.999995470 17.326726913
0.999993861 0.001565608 0.003131349 0.364288002 -0.001570627 0.999997437 0.001601097 -0.515913785 -0.003128834 -0.001606005 0.999993801 17.787973404
0.999992430 0.001621221 0.003529374 0.376864135 -0.001625491 0.999997973 0.001207170 -0.526656330 -0.003527410 -0.001212898 0.999993026 18.245571136
0.999992788 0.001638390 0.003429821 0.390617967 -0.001643068 0.999997795 0.001361510 -0.538123131 -0.003427582 -0.001367135 0.999993205 18.721776962
0.999991953 0.001512913 0.003699977 0.404349238 -0.001516567 0.999998391 0.000985205 -0.546754658 -0.003698481 -0.000990808 0.999992669 19.182991028
0.999992907 0.001337728 0.003511080 0.422286212 -0.001340973 0.999998689 0.000922076 -0.560201108 -0.003509841 -0.000926777 0.999993443 19.662057877
0.999992371 0.001352785 0.003668078 0.425442010 -0.001356055 0.999998689 0.000889073 -0.568621516 -0.003666870 -0.000894040 0.999992847 20.151041031
0.999991477 0.001703480 0.003760191 0.435747951 -0.001707236 0.999998033 0.000995851 -0.582343698 -0.003758488 -0.001002262 0.999992430 20.648370743
0.999993205 0.001623527 0.003295046 0.453842998 -0.001626162 0.999998271 0.000797339 -0.590746999 -0.003293746 -0.000802692 0.999994278 21.139247894
0.999995768 0.001131070 0.002664018 0.464541942 -0.001132560 0.999999106 0.000557678 -0.599342048 -0.002663386 -0.000560692 0.999996364 21.652811050
0.999995172 0.001749058 0.002579188 0.472460717 -0.001752493 0.999997497 0.001329830 -0.625271499 -0.002576856 -0.001334344 0.999995768 22.151094437
0.999995530 0.001822745 0.002390597 0.483587503 -0.001824544 0.999998033 0.000750520 -0.630113959 -0.002389224 -0.000754878 0.999996781 22.666374207
0.999994993 0.002390844 0.002063208 0.493202806 -0.002392966 0.999996662 0.001026403 -0.652860343 -0.002060747 -0.001031335 0.999997318 23.178318024
0.999998629 0.001507304 0.000807451 0.505540729 -0.001508080 0.999998391 0.000960949 -0.662725210 -0.000806003 -0.000962166 0.999999166 23.705999374
0.999999046 0.001332154 0.000189096 0.516768575 -0.001332289 0.999998868 0.000713889 -0.676742315 -0.000188145 -0.000714141 0.999999702 24.231847763
0.999998152 0.001870482 -0.000394479 0.522644401 -0.001870021 0.999997616 0.001162473 -0.694030643 0.000396653 -0.001161733 0.999999225 24.753646851
0.999997139 0.001965485 -0.001342950 0.538196027 -0.001964313 0.999997675 0.000873094 -0.707314193 0.001344663 -0.000870454 0.999998689 25.306991577
0.999997497 0.001723604 -0.001444221 0.544099510 -0.001721878 0.999997795 0.001195568 -0.721656561 0.001446279 -0.001193078 0.999998212 25.854494095
0.999996424 0.001806095 -0.001917650 0.556262434 -0.001803660 0.999997497 0.001270497 -0.739757180 0.001919940 -0.001267033 0.999997258 26.406539917
0.999996603 0.001342561 -0.002217689 0.551201820 -0.001338989 0.999997795 0.001611631 -0.749948263 0.002219848 -0.001608656 0.999996185 26.955329895
0.999996424 0.001553064 -0.002180854 0.559605479 -0.001549906 0.999997675 0.001448890 -0.769115865 0.002183099 -0.001445505 0.999996543 27.497318268
0.999993682 0.002703968 -0.002308574 0.569753230 -0.002700639 0.999995291 0.001444050 -0.788212061 0.002312468 -0.001437806 0.999996245 28.049043655
0.999992013 0.002585695 -0.003040627 0.571106076 -0.002580144 0.999994993 0.001827812 -0.801306605 0.003045338 -0.001819953 0.999993622 28.589822769
0.999992132 0.002534436 -0.003043742 0.579318106 -0.002528053 0.999994516 0.002099272 -0.817146063 0.003049047 -0.002091561 0.999993086 29.131944656
0.999991238 0.002347781 -0.003472748 0.585628271 -0.002340577 0.999995053 0.002077101 -0.833500326 0.003477608 -0.002068955 0.999991775 29.680393219
0.999989748 0.002691545 -0.003642127 0.587449968 -0.002683965 0.999994218 0.002084540 -0.845124245 0.003647717 -0.002074744 0.999991119 30.224367142
0.999988973 0.003026027 -0.003586569 0.598544240 -0.003017991 0.999992907 0.002244016 -0.864388406 0.003593334 -0.002233167 0.999991000 30.767898560
0.999986708 0.002799444 -0.004326467 0.606990695 -0.002789510 0.999993384 0.002300498 -0.878008425 0.004332879 -0.002288398 0.999987960 31.319910049
0.999985754 0.002855988 -0.004515138 0.614734769 -0.002845931 0.999993443 0.002232127 -0.889868021 0.004521483 -0.002219245 0.999987304 31.872180939
0.999984682 0.002760962 -0.004811117 0.627216816 -0.002749417 0.999993384 0.002404614 -0.908322692 0.004817724 -0.002391349 0.999985516 32.419723511
0.999983966 0.003169730 -0.004691076 0.628537655 -0.003158668 0.999992192 0.002363547 -0.919463634 0.004698531 -0.002348692 0.999986231 32.968837738
0.999976933 0.003065631 -0.006067754 0.645686686 -0.003051611 0.999992669 0.002318636 -0.941599250 0.006074817 -0.002300066 0.999978900 33.500053406
0.999982655 0.003462989 -0.004764908 0.637638748 -0.003453614 0.999992073 0.001974423 -0.941706121 0.004771708 -0.001957932 0.999986708 34.064949036
0.999983132 0.002941537 -0.005005876 0.642540455 -0.002930777 0.999993384 0.002155391 -0.959744394 0.005012183 -0.002140684 0.999985158 34.610740662
0.999982476 0.003038892 -0.005084741 0.653084695 -0.003027767 0.999993026 0.002194235 -0.973564804 0.005091374 -0.002178801 0.999984682 35.147106171
0.999981940 0.003142974 -0.005136438 0.660297096 -0.003131164 0.999992430 0.002305727 -0.990889430 0.005143646 -0.002289602 0.999984145 35.691669464
0.999977529 0.003618518 -0.005655993 0.673149884 -0.003601625 0.999989092 0.002993889 -1.016691208 0.005666764 -0.002973451 0.999979496 36.225872040
0.999980092 0.003019592 -0.005543984 0.677550316 -0.003008465 0.999993384 0.002014367 -1.015217900 0.005550030 -0.001997647 0.999982595 36.790451050
0.999978423 0.003874496 -0.005305463 0.682377100 -0.003863022 0.999990165 0.002171170 -1.029756069 0.005313824 -0.002150628 0.999983549 37.335872650
0.999979615 0.003182143 -0.005537874 0.684904754 -0.003172459 0.999993563 0.001756648 -1.043487906 0.005543427 -0.001739044 0.999983132 37.895477295
0.999981284 0.002735266 -0.005471428 0.691115022 -0.002725312 0.999994636 0.001825910 -1.058584690 0.005476393 -0.001810965 0.999983370 38.446525574
0.999978185 0.003050923 -0.005872831 0.707687020 -0.003040215 0.999993742 0.001831187 -1.071112990 0.005878381 -0.001813292 0.999981105 38.987079620
0.999977171 0.003048333 -0.006029524 0.709490180 -0.003036890 0.999993563 0.001906019 -1.087220430 0.006035296 -0.001887665 0.999979973 39.530906677
0.999976099 0.003710940 -0.005828104 0.720968306 -0.003700072 0.999991357 0.001874623 -1.103402615 0.005835011 -0.001853014 0.999981284 40.075401306
0.999974370 0.002723750 -0.006621972 0.734440386 -0.002708453 0.999993563 0.002317642 -1.122076035 0.006628243 -0.002299647 0.999975383 40.634384155
0.999972343 0.002957625 -0.006833219 0.744501233 -0.002944937 0.999993861 0.001866165 -1.132053137 0.006838697 -0.001845989 0.999974906 41.182304382
0.999973178 0.002741623 -0.006790411 0.746851623 -0.002729154 0.999994695 0.001844658 -1.141361713 0.006795431 -0.001826077 0.999975264 41.721397400
0.999969482 0.002950771 -0.007238184 0.760784030 -0.002937180 0.999993920 0.001887584 -1.159514666 0.007243710 -0.001866266 0.999972045 42.260772705
0.999967933 0.002774574 -0.007516151 0.773994446 -0.002759282 0.999994159 0.002044105 -1.172079682 0.007521778 -0.002023300 0.999969661 42.808734894
0.999965131 0.003061249 -0.007776055 0.783087492 -0.003045270 0.999993145 0.002065849 -1.185906291 0.007782326 -0.002042096 0.999967694 43.346755981
0.999970198 0.002736703 -0.007208567 0.770328641 -0.002719878 0.999993563 0.002342741 -1.203946948 0.007214932 -0.002323065 0.999971271 43.905941010
0.999970734 0.001898707 -0.007404294 0.779140949 -0.001879707 0.999994934 0.002572105 -1.218330979 0.007409141 -0.002558112 0.999969244 44.447513580
0.999974430 0.003331046 -0.006327454 0.770351827 -0.003314393 0.999991000 0.002640547 -1.233746648 0.006336193 -0.002619508 0.999976456 44.993354797
0.999970019 0.003033578 -0.007121879 0.794482589 -0.003016515 0.999992549 0.002405222 -1.242809415 0.007129123 -0.002383666 0.999971688 45.521068573
0.999973238 0.003108523 -0.006616125 0.789500594 -0.003091771 0.999992013 0.002540695 -1.259703755 0.006623970 -0.002520172 0.999974906 46.087871552
0.999973893 0.002332324 -0.006835759 0.800539374 -0.002315922 0.999994397 0.002406287 -1.275852799 0.006841334 -0.002390393 0.999973714 46.631591797
0.999977350 0.003681101 -0.005618915 0.783098578 -0.003668114 0.999990582 0.002319956 -1.276859760 0.005627402 -0.002299292 0.999981523 47.176666260
0.999978542 0.003488745 -0.005530513 0.789836049 -0.003475844 0.999991238 0.002340370 -1.292873025 0.005538629 -0.002321097 0.999981999 47.717102051
0.999981105 0.003657142 -0.004930808 0.786604762 -0.003649411 0.999992073 0.001576046 -1.294451714 0.004936533 -0.001558021 0.999986649 48.273536682
0.999980330 0.002979278 -0.005524249 0.797250748 -0.002965520 0.999992430 0.002496880 -1.320538044 0.005531646 -0.002480448 0.999981642 48.814571381
0.999980092 0.002976364 -0.005570671 0.810319364 -0.002958948 0.999990702 0.003131842 -1.342378855 0.005579941 -0.003115296 0.999979556 49.351516724
0.999981999 0.003395975 -0.004959791 0.817649782 -0.003379378 0.999988675 0.003351024 -1.359569430 0.004971114 -0.003334203 0.999982119 49.899318695
0.999979556 0.003234155 -0.005517245 0.818341851 -0.003222149 0.999992371 0.002183504 -1.360378027 0.005524265 -0.002165682 0.999982417 50.453006744
0.999980688 0.003205684 -0.005313424 0.824326694 -0.003195943 0.999993145 0.001840742 -1.374214292 0.005319288 -0.001823726 0.999984205 51.003421783
0.999981523 0.004100360 -0.004494081 0.824838817 -0.004092075 0.999989927 0.001851256 -1.388009071 0.004501625 -0.001832831 0.999988198 51.543331146
0.999976635 0.003177486 -0.006053235 0.843415022 -0.003163543 0.999992311 0.002311717 -1.406530857 0.006060534 -0.002292513 0.999978960 52.100925446
0.999978125 0.003102790 -0.005851967 0.852593899 -0.003092606 0.999993742 0.001748410 -1.417619705 0.005857355 -0.001730274 0.999981284 52.653049469
0.999979377 0.002764691 -0.005797297 0.854260206 -0.002748511 0.999992311 0.002797100 -1.441025615 0.005804986 -0.002781108 0.999979258 53.177120209
0.999977887 0.003095759 -0.005877384 0.864127517 -0.003079702 0.999991477 0.002739137 -1.458908558 0.005885813 -0.002720976 0.999978960 53.724552155
0.999982595 0.003121445 -0.005016606 0.866924047 -0.003108328 0.999991715 0.002620378 -1.472006321 0.005024744 -0.002604738 0.999983966 54.266342163
0.999980032 0.003077016 -0.005519825 0.870436549 -0.003063951 0.999992490 0.002373843 -1.482189417 0.005527088 -0.002356883 0.999981940 54.823886871
0.999980688 0.002762180 -0.005578067 0.882544816 -0.002747688 0.999992847 0.002604147 -1.504924774 0.005585220 -0.002588770 0.999981046 55.352825165
0.999979556 0.003928532 -0.005048929 0.878921747 -0.003916146 0.999989331 0.002460825 -1.509236097 0.005058542 -0.002441002 0.999984205 55.905998230
0.999978423 0.003482141 -0.005571577 0.884710968 -0.003469677 0.999991477 0.002245007 -1.520726085 0.005579347 -0.002225627 0.999981940 56.446140289
0.999979556 0.003010849 -0.005657892 0.905502081 -0.002996749 0.999992371 0.002498985 -1.543446183 0.005665373 -0.002481978 0.999980867 56.971267700
0.999978364 0.003283033 -0.005698689 0.918699324 -0.003269492 0.999991775 0.002383979 -1.548543334 0.005706470 -0.002365296 0.999980867 57.522754669
0.999975085 0.003188376 -0.006291098 0.929022253 -0.003173246 0.999992013 0.002413511 -1.565855861 0.006298743 -0.002393487 0.999977291 58.062942505
0.999979615 0.003521458 -0.005326896 0.937548876 -0.003508516 0.999990940 0.002436830 -1.582392573 0.005335429 -0.002418091 0.999982834 58.600742340
0.999978960 0.003590374 -0.005400501 0.927991807 -0.003578900 0.999991298 0.002132659 -1.587224126 0.005408111 -0.002113287 0.999983132 59.153560638
0.999979019 0.003649427 -0.005336327 0.937460899 -0.003638613 0.999991238 0.002034732 -1.603853703 0.005343706 -0.002015273 0.999983609 59.693218231
0.999979854 0.003355624 -0.005391004 0.944893956 -0.003345008 0.999992430 0.001977068 -1.612490654 0.005397598 -0.001958995 0.999983490 60.252666473
0.999978542 0.004040909 -0.005151679 0.945181787 -0.004030322 0.999989688 0.002063739 -1.624886036 0.005159966 -0.002042931 0.999984622 60.769016266
0.999977946 0.004493510 -0.004880761 0.957063854 -0.004482207 0.999987185 0.002324276 -1.645367384 0.004891144 -0.002302348 0.999985397 61.316726685
0.999978185 0.004284263 -0.004997095 0.965698838 -0.004274310 0.999988854 0.002000683 -1.653947592 0.005005611 -0.001979281 0.999985576 61.862911224
0.999975085 0.003814890 -0.005935344 0.981119156 -0.003805812 0.999991596 0.001540025 -1.660383821 0.005941169 -0.001517397 0.999981225 62.391368866
0.999977529 0.003703447 -0.005586159 0.989297092 -0.003693769 0.999991715 0.001741948 -1.679067135 0.005592565 -0.001721275 0.999982893 62.935203552
0.999978065 0.004547842 -0.004802381 0.982106268 -0.004538326 0.999987721 0.001990598 -1.692417860 0.004811374 -0.001968759 0.999986529 63.496204376
0.999977112 0.003815825 -0.005577257 0.997938514 -0.003805535 0.999991059 0.001854360 -1.704697490 0.005584282 -0.001833093 0.999982715 64.036087036
0.999979079 0.003716843 -0.005285937 0.999066591 -0.003708362 0.999991775 0.001613493 -1.717629910 0.005291891 -0.001593858 0.999984741 64.583488464
0.999975562 0.004477798 -0.005382842 1.009884357 -0.004465755 0.999987543 0.002247280 -1.732751369 0.005392838 -0.002223186 0.999982953 65.114288330
0.999977529 0.004548108 -0.004921109 1.006534696 -0.004538985 0.999987960 0.001863458 -1.739321113 0.004929525 -0.001841079 0.999986112 65.651985168
0.999976397 0.003883232 -0.005657181 1.040337205 -0.003874312 0.999991179 0.001586800 -1.752475619 0.005663292 -0.001564845 0.999982715 66.193969727
0.999976277 0.003880783 -0.005686262 1.043508291 -0.003875359 0.999992013 0.000964543 -1.759431958 0.005689960 -0.000942484 0.999983370 66.746742249
0.999976099 0.003803623 -0.005777449 1.057402372 -0.003796239 0.999991894 0.001288376 -1.783790946 0.005782303 -0.001266412 0.999982476 67.290481567
0.999971569 0.004068794 -0.006339816 1.082950592 -0.004056924 0.999989927 0.001884075 -1.806180120 0.006347418 -0.001858302 0.999978065 67.830726624
0.999973416 0.004883013 -0.005416944 1.056283474 -0.004869355 0.999984920 0.002531814 -1.827577710 0.005429226 -0.002505369 0.999982059 68.348609924
0.999973893 0.004709119 -0.005486767 1.059792757 -0.004696670 0.999986351 0.002279703 -1.840025067 0.005497428 -0.002253874 0.999982297 68.896835327
0.999972403 0.004813833 -0.005660124 1.080429673 -0.004799469 0.999985218 0.002548616 -1.860123158 0.005672309 -0.002521381 0.999980688 69.434646606
0.999974668 0.004669330 -0.005374767 1.083375812 -0.004660435 0.999987781 0.001666050 -1.855396628 0.005382481 -0.001640959 0.999984145 69.978309631
0.999975622 0.004756888 -0.005123592 1.086096406 -0.004747943 0.999987125 0.001756608 -1.867629051 0.005131883 -0.001732239 0.999985337 70.536643982
0.999974549 0.004474199 -0.005548073 1.097918749 -0.004465094 0.999988675 0.001652208 -1.879979610 0.005555403 -0.001627393 0.999983251 71.071823120
0.999971628 0.005754962 -0.004858043 1.091323376 -0.005747228 0.999982178 0.001604629 -1.892834306 0.004867192 -0.001576663 0.999986827 71.601493835
0.999971867 0.005889324 -0.004645196 1.098683238 -0.005881390 0.999981225 0.001719915 -1.910204530 0.004655238 -0.001692546 0.999987721 72.144645691
0.999968350 0.005790558 -0.005461919 1.109042406 -0.005782401 0.999982178 0.001508101 -1.925678015 0.005470554 -0.001476470 0.999983847 72.668998718
0.999974012 0.005046463 -0.005149789 1.117766261 -0.005036890 0.999985695 0.001870355 -1.942464709 0.005159153 -0.001844368 0.999984980 73.199592590
0.999974608 0.004759804 -0.005299223 1.127386451 -0.004750098 0.999987006 0.001842796 -1.955577612 0.005307925 -0.001817577 0.999984264 73.737068176
0.999971032 0.005715552 -0.005030336 1.126713395 -0.005706673 0.999982059 0.001777089 -1.970913887 0.005040404 -0.001748331 0.999985754 74.285728455
0.999970436 0.005748963 -0.005105682 1.139939785 -0.005738169 0.999981225 0.002126020 -1.986095309 0.005117809 -0.002096660 0.999984682 74.816467285
0.999973714 0.005233128 -0.005015898 1.146903992 -0.005221894 0.999983847 0.002250084 -2.000973225 0.005027592 -0.002223832 0.999984860 75.356300354
0.999973476 0.005149269 -0.005154867 1.155489922 -0.005139730 0.999985039 0.001862102 -2.013020277 0.005164378 -0.001835558 0.999984920 75.911521912
0.999970019 0.005344062 -0.005603607 1.166086674 -0.005332675 0.999983609 0.002045178 -2.029349089 0.005614446 -0.002015235 0.999982178 76.454559326
0.999973834 0.004934503 -0.005301950 1.179545045 -0.004924567 0.999986053 0.001885230 -2.047665358 0.005311178 -0.001859071 0.999984205 76.985954285
0.999975085 0.004749947 -0.005218513 1.177825570 -0.004739595 0.999986768 0.001994310 -2.059215546 0.005227917 -0.001969527 0.999984384 77.530380249
0.999972641 0.004799662 -0.005632237 1.189990997 -0.004787459 0.999986172 0.002178009 -2.076622009 0.005642613 -0.002150985 0.999981821 78.067497253
0.999972105 0.004671535 -0.005825168 1.197475910 -0.004663221 0.999988079 0.001440095 -2.086250544 0.005831826 -0.001412890 0.999981999 78.619621277
0.999971926 0.004992436 -0.005582375 1.204764485 -0.004981043 0.999985516 0.002053040 -2.104708910 0.005592543 -0.002025177 0.999982297 79.146270752
0.999970436 0.005209543 -0.005643235 1.211056709 -0.005199100 0.999984801 0.001863668 -2.117481709 0.005652857 -0.001834273 0.999982357 79.692359924
0.999970973 0.005131182 -0.005630599 1.221126318 -0.005122891 0.999985754 0.001486015 -2.127818346 0.005638143 -0.001457127 0.999983072 80.223236084
0.999976635 0.005231799 -0.004380692 1.227050304 -0.005224466 0.999984860 0.001683892 -2.141703129 0.004389435 -0.001660966 0.999988914 80.773712158
0.999979317 0.005451093 -0.003408897 1.236662745 -0.005445944 0.999984026 0.001518015 -2.155384064 0.003417117 -0.001499419 0.999993026 81.311447144
0.999981403 0.005934699 -0.001373765 1.240268350 -0.005931651 0.999979973 0.002212563 -2.175749063 0.001386868 -0.002204373 0.999996603 81.852539062
0.999986291 0.005174790 -0.000814391 1.257019997 -0.005173260 0.999984801 0.001870424 -2.185400724 0.000824058 -0.001866185 0.999997854 82.391647339
0.999981403 0.005463644 0.002699865 1.270731688 -0.005467181 0.999984205 0.001304534 -2.198684454 -0.002692695 -0.001319270 0.999995470 82.937446594
0.999966085 0.005446998 0.006181059 1.286909819 -0.005456627 0.999983847 0.001542156 -2.211210251 -0.006172559 -0.001575831 0.999979734 83.472213745
0.999939382 0.005946555 0.009273972 1.301255703 -0.005960010 0.999981165 0.001423920 -2.223968983 -0.009265332 -0.001479107 0.999956012 84.027351379
0.999887228 0.005788648 0.013853290 1.333221436 -0.005813412 0.999981582 0.001748022 -2.245187283 -0.013842915 -0.001828360 0.999902487 84.562179565
0.999796867 0.005483076 0.019390833 1.360626221 -0.005508192 0.999984026 0.001242055 -2.258137941 -0.019383715 -0.001348611 0.999811232 85.120071411
0.999663889 0.005518821 0.025331110 1.384428144 -0.005572689 0.999982417 0.002056399 -2.276424408 -0.025319315 -0.002196871 0.999676943 85.661567688
0.999512434 0.005570922 0.030722495 1.425953627 -0.005617652 0.999983191 0.001434934 -2.285997868 -0.030713988 -0.001606823 0.999526918 86.210060120
0.999229372 0.005993856 0.038790703 1.461852551 -0.006059329 0.999980509 0.001570468 -2.302694321 -0.038780533 -0.001804303 0.999246120 86.761695862
0.998867571 0.006391496 0.047147058 1.504019737 -0.006494623 0.999976873 0.002034456 -2.321609497 -0.047132961 -0.002338354 0.998885930 87.303268433
0.998509288 0.005638057 0.054289732 1.543495655 -0.005733253 0.999982238 0.001597873 -2.335331202 -0.054279771 -0.001906747 0.998523951 87.836151123
0.998007774 0.005302963 0.062866412 1.602421761 -0.005395181 0.999984622 0.001297240 -2.347542048 -0.062858574 -0.001633831 0.998021126 88.386909485
0.997311890 0.006245753 0.073005781 1.666292191 -0.006375393 0.999978483 0.001542864 -2.367570400 -0.072994567 -0.002004157 0.997330248 88.924644470
0.996640861 0.005341436 0.081721976 1.716684818 -0.005462861 0.999984205 0.001262295 -2.375607967 -0.081713930 -0.001704491 0.996654391 89.485572815
0.995985031 0.004289777 0.089419097 1.790307999 -0.004417609 0.999989450 0.001231723 -2.391750574 -0.089412875 -0.001621796 0.995993435 90.026962280
0.994922817 0.004786820 0.100526966 1.859789371 -0.004966002 0.999986470 0.001532259 -2.411757231 -0.100518271 -0.002023696 0.994933188 90.563064575
0.993757725 0.005186195 0.111439139 1.929547310 -0.005389629 0.999984324 0.001524344 -2.427861214 -0.111429483 -0.002115444 0.993770063 91.148139954
0.992735147 0.004109639 0.120250285 2.017786026 -0.004269118 0.999990404 0.001068647 -2.436954021 -0.120244734 -0.001574246 0.992743015 91.699348450
0.991325736 0.004786949 0.131340265 2.106307983 -0.005002811 0.999986649 0.001313620 -2.450038433 -0.131332204 -0.001959295 0.991336465 92.242309570
0.989586174 0.004159846 0.143881574 2.204151154 -0.004374001 0.999989748 0.001172118 -2.466854811 -0.143875182 -0.001789250 0.989594162 92.798751831
0.987921417 0.004107542 0.154900983 2.307173729 -0.004394517 0.999989212 0.001510252 -2.486901760 -0.154893085 -0.002172725 0.987928867 93.342689514
0.986248791 0.003651744 0.165226996 2.412846565 -0.003940696 0.999991238 0.001421038 -2.494808912 -0.165220350 -0.002052606 0.986254513 93.895538330
0.984078169 0.003345215 0.177704483 2.534346581 -0.003668655 0.999992132 0.001491551 -2.514262438 -0.177698120 -0.002119739 0.984082758 94.417190552
0.981698990 0.003128230 0.190413356 2.657485962 -0.003435013 0.999993265 0.001281108 -2.523418903 -0.190408051 -0.001911735 0.981703162 94.968292236
0.979640841 0.003184848 0.200733334 2.784439087 -0.003532128 0.999992788 0.001371927 -2.538783789 -0.200727493 -0.002053011 0.979645014 95.494461060
0.976837277 0.002974173 0.213963300 2.924627304 -0.003303141 0.999993801 0.001179998 -2.551234007 -0.213958502 -0.001859417 0.976840973 96.049026489
0.973823130 0.002568211 0.227292523 3.075834274 -0.002961303 0.999994636 0.001388468 -2.566548347 -0.227287769 -0.002025204 0.973825574 96.577423096
0.971165538 0.002299674 0.238394782 3.221206665 -0.002697264 0.999995470 0.001341583 -2.582958698 -0.238390610 -0.001945913 0.971167386 97.116516113
0.968301177 0.001221453 0.249782488 3.387010574 -0.001652250 0.999997497 0.001515025 -2.604106188 -0.249779999 -0.001879704 0.968300760 97.632049561
0.964392483 0.002062105 0.264466971 3.543632507 -0.002524910 0.999995828 0.001410039 -2.613613605 -0.264462948 -0.002027586 0.964393735 98.190231323
0.960819483 0.001947228 0.277167916 3.709722519 -0.002289730 0.999996960 0.000912065 -2.619889259 -0.277165294 -0.001510969 0.960821033 98.723510742
0.957695961 0.001201646 0.287779540 3.896703720 -0.001548742 0.999998271 0.000978455 -2.636771441 -0.287777930 -0.001382758 0.957696199 99.228469849
0.953354836 0.000827230 0.301850706 4.081539154 -0.001432194 0.999997318 0.001782871 -2.666243076 -0.301848531 -0.002132017 0.953353465 99.774368286
0.949162185 0.000841727 0.314786255 4.282730103 -0.001472358 0.999997318 0.001765585 -2.683555841 -0.314783961 -0.002139304 0.949160933 100.273887634
0.945176840 0.000314166 0.326558679 4.476198196 -0.000803590 0.999998689 0.001363826 -2.682649136 -0.326557785 -0.001551476 0.945175886 100.786705017
0.940454781 -0.000055212 0.339918852 4.693164825 -0.000511609 0.999998569 0.001577899 -2.708263874 -0.339918464 -0.001657848 0.940453470 101.338134766
0.935392857 0.000433499 0.353610009 4.913728714 -0.001006098 0.999998450 0.001435478 -2.722576618 -0.353608817 -0.001698502 0.935391963 101.846351624
0.930623710 -0.000124851 0.365977466 5.131546021 -0.000467195 0.999998689 0.001529148 -2.733367920 -0.365977228 -0.001594045 0.930622458 102.354087830
0.925864220 -0.001131135 0.377854675 5.362955093 0.000478839 0.999998212 0.001820257 -2.757926464 -0.377856046 -0.001504379 0.925863147 102.868560791
0.919957101 -0.001640935 0.392015606 5.601787567 0.000924172 0.999997437 0.002017092 -2.770770550 -0.392017901 -0.001493348 0.919956326 103.364463806
0.914218664 -0.001625046 0.405217946 5.850013733 0.000878788 0.999997556 0.002027645 -2.786600590 -0.405220330 -0.001497610 0.914217830 103.882987976
0.909302115 -0.002327320 0.416130155 6.099803925 0.001413039 0.999995828 0.002505061 -2.809421062 -0.416134268 -0.001689849 0.909301519 104.353118896
0.903274834 -0.003009961 0.429051816 6.362102509 0.002064669 0.999994278 0.002668628 -2.830310345 -0.429057419 -0.001524654 0.903275907 104.822143555
0.896391928 -0.002430907 0.443255723 6.619041443 0.001696330 0.999996364 0.002053717 -2.832644224 -0.443259180 -0.001089027 0.896392822 105.340225220
0.890644312 -0.003357922 0.454688549 6.890853882 0.002793266 0.999994218 0.001913609 -2.844902515 -0.454692364 -0.000434279 0.890648425 105.820915222
0.884702921 -0.003403345 0.466142893 7.162460327 0.002748942 0.999994040 0.002083756 -2.854973078 -0.466147155 -0.000562105 0.884706974 106.320045471
0.877659559 -0.004032123 0.479267627 7.451698303 0.003380797 0.999991834 0.002221937 -2.872062922 -0.479272664 -0.000329798 0.877665997 106.803222656
0.870850027 -0.004386757 0.491529107 7.743778229 0.003787104 0.999990344 0.002214954 -2.885238409 -0.491534114 -0.000067421 0.870858312 107.269744873
