1.000000000 0.000000000 0.000000000 0.000000000 0.000000000 1.000000000 0.000000000 0.000000000 0.000000000 0.000000000 1.000000000 0.000000000
0.999999940 -0.000361690 0.000025726 0.000610476 0.000361690 0.999999940 0.000004989 0.000522464 -0.000025727 -0.000004980 1.000000000 0.000662759
0.999999940 -0.000260684 0.000119124 -0.000462990 0.000260659 0.999999940 0.000205271 -0.000586344 -0.000119177 -0.000205239 1.000000000 0.000996126
1.000000000 0.000095977 0.000006567 0.000031689 -0.000095978 1.000000000 0.000079527 0.000040247 -0.000006560 -0.000079528 1.000000000 0.000041547
1.000000000 0.000121405 0.000103406 -0.000637954 -0.000121408 1.000000000 0.000030224 0.000704885 -0.000103402 -0.000030236 1.000000000 0.000561063
0.999999940 -0.000228300 0.000096929 -0.000446894 0.000228301 1.000000000 -0.000008434 0.000789705 -0.000096927 0.000008456 1.000000000 -0.000460828
0.999999940 -0.000336136 0.000176432 -0.001186451 0.000336133 0.999999940 0.000016336 0.000757022 -0.000176438 -0.000016277 1.000000000 0.000937288
0.999999940 -0.000304934 0.000112270 0.000262989 0.000304924 0.999999940 0.000089855 0.000732327 -0.000112297 -0.000089821 1.000000000 0.002645853
1.000000000 -0.000120676 0.000103148 -0.000217095 0.000120672 1.000000000 0.000030906 0.001554471 -0.000103151 -0.000030893 1.000000000 0.004078280
1.000000000 -0.000023590 0.000176819 -0.000973299 0.000023614 1.000000000 -0.000134391 0.001259287 -0.000176815 0.000134395 1.000000000 0.000174935
1.000000000 -0.000108896 0.000117914 0.000979547 0.000108904 1.000000000 -0.000066786 0.001777313 -0.000117907 0.000066799 1.000000000 0.002304204
1.000000000 0.000062417 0.000059383 0.000226077 -0.000062416 1.000000000 -0.000020321 0.000255556 -0.000059384 0.000020317 1.000000000 0.000004784
1.000000000 0.000028592 0.000129364 -0.000005465 -0.000028572 1.000000000 -0.000152429 0.002185341 -0.000129369 0.000152426 1.000000000 0.001909698
0.999999940 -0.000274862 0.000062287 -0.000355885 0.000274860 0.999999940 0.000041200 0.000882438 -0.000062299 -0.000041183 1.000000000 0.000863781
1.000000000 -0.000047557 0.000163534 -0.000227937 0.000047566 1.000000000 -0.000056900 0.000918563 -0.000163531 0.000056908 1.000000000 0.001098969
1.000000000 -0.000185061 -0.000025635 0.001467684 0.000185066 0.999999940 0.000218660 -0.000672579 0.000025595 -0.000218665 1.000000000 0.000101440
0.999999940 -0.000375531 0.000023947 0.000342588 0.000375526 0.999999881 0.000235548 -0.001019199 -0.000024035 -0.000235539 1.000000000 -0.000818865
1.000000000 -0.000168929 0.000125411 -0.000406051 0.000168921 1.000000000 0.000061098 0.000477108 -0.000125422 -0.000061077 1.000000000 0.000526835
1.000000000 -0.000041000 0.000161801 -0.000950312 0.000041005 1.000000000 -0.000033741 0.000911208 -0.000161800 0.000033748 1.000000000 0.000572621
0.999999940 0.000369958 -0.000005225 -0.000403264 -0.000369957 0.999999881 0.000212267 -0.000354438 0.000005304 -0.000212265 1.000000000 0.000259770
1.000000000 -0.000197953 -0.000063717 0.000959917 0.000197961 1.000000000 0.000130201 -0.000185417 0.000063691 -0.000130214 1.000000000 -0.000868132
0.999999940 0.000250799 0.000148642 -0.001807701 -0.000250830 0.999999940 0.000204229 0.000150286 -0.000148591 -0.000204266 0.999999940 0.001489672
1.000000000 -0.000170628 0.000122388 -0.000642532 0.000170616 1.000000000 0.000103373 0.000474721 -0.000122406 -0.000103352 1.000000000 0.000350137
1.000000000 -0.000165092 0.000108310 0.000567743 0.000165090 1.000000000 0.000018153 0.000351131 -0.000108313 -0.000018135 1.000000000 0.000935685
1.000000000 0.000127317 0.000171854 -0.000667054 -0.000127331 1.000000000 0.000078564 0.000335714 -0.000171844 -0.000078586 1.000000000 0.000326520
1.000000000 -0.000227175 0.000089242 0.000994003 0.000227163 0.999999940 0.000138317 0.000724250 -0.000089273 -0.000138297 1.000000000 0.000515407
1.000000000 -0.000169591 0.000122148 -0.000686608 0.000169572 1.000000000 0.000151243 -0.000375785 -0.000122174 -0.000151222 1.000000000 -0.000497902
1.000000000 -0.000191759 0.000037346 -0.000504305 0.000191753 0.999999940 0.000160754 -0.000782800 -0.000037377 -0.000160747 1.000000000 -0.001360780
0.999999940 0.000234206 0.000197931 -0.001486062 -0.000234254 0.999999940 0.000240781 -0.000235620 -0.000197875 -0.000240827 0.999999940 0.000945761
1.000000000 0.000019971 0.000045927 0.000201286 -0.000019983 0.999999940 0.000253913 -0.000818819 -0.000045922 -0.000253914 0.999999940 -0.000321889
1.000000000 -0.000177089 0.000151506 -0.000470668 0.000177080 1.000000000 0.000059827 0.000000856 -0.000151517 -0.000059800 1.000000000 -0.000712507
1.000000000 -0.000149291 0.000103538 -0.000372781 0.000149267 0.999999940 0.000234477 -0.001622347 -0.000103573 -0.000234462 0.999999940 -0.002098252
1.000000000 0.000112927 0.000077942 -0.000671007 -0.000112949 0.999999940 0.000273215 -0.001746544 -0.000077911 -0.000273224 0.999999940 -0.001945415
1.000000000 0.000056501 0.000202951 -0.001281947 -0.000056510 1.000000000 0.000040800 0.000194224 -0.000202949 -0.000040811 1.000000000 0.000035220
1.000000000 -0.000165409 0.000065611 0.000303319 0.000165410 1.000000000 -0.000005118 0.000870943 -0.000065610 0.000005129 1.000000000 -0.000090463
0.999999940 0.000199585 0.000164778 -0.000993132 -0.000199610 0.999999940 0.000151815 0.000339485 -0.000164747 -0.000151848 1.000000000 0.000348454
1.000000000 -0.000158497 0.000149758 0.000040358 0.000158484 1.000000000 0.000081360 0.000670501 -0.000149771 -0.000081336 1.000000000 0.000130299
1.000000000 -0.000159548 0.000154120 -0.000211115 0.000159513 0.999999940 0.000226456 -0.000455330 -0.000154156 -0.000226432 0.999999940 0.000445753
1.000000000 -0.000008867 0.000125224 -0.000321797 0.000008853 1.000000000 0.000113720 -0.000565565 -0.000125225 -0.000113719 1.000000000 -0.001658823
1.000000000 0.000026537 0.000190382 -0.001094779 -0.000026575 1.000000000 0.000197941 -0.000626478 -0.000190377 -0.000197946 0.999999940 -0.000884748
0.999999940 0.000020603 0.000325467 -0.001461574 -0.000020555 1.000000000 -0.000146782 0.001206444 -0.000325470 0.000146776 0.999999940 0.001460874
1.000000000 -0.000078783 0.000189847 0.000642084 0.000078878 0.999999881 -0.000503029 -0.003290013 -0.000189808 0.000503044 0.999999881 0.049290556
0.999998093 0.001737594 -0.000903863 -0.001358879 -0.001739190 0.999996901 -0.001768133 0.000101977 0.000900788 0.001769702 0.999998033 0.136306643
0.999997318 0.002043648 -0.001126616 0.003125096 -0.002046056 0.999995649 -0.002140789 -0.002396933 0.001122236 0.002143088 0.999997139 0.252240539
0.999998450 0.001065043 -0.001338742 0.006232911 -0.001066975 0.999998331 -0.001443077 -0.012654851 0.001337202 0.001444503 0.999998033 0.375056356
0.999998748 0.001057571 -0.001167052 0.007490756 -0.001059362 0.999998271 -0.001535271 -0.015523660 0.001165426 0.001536506 0.999998152 0.515070319
0.999998510 0.001068595 -0.001346029 0.011530007 -0.001070958 0.999997854 -0.001755673 -0.018399691 0.001344150 0.001757112 0.999997497 0.670925498
0.999998748 0.001455986 -0.000498482 0.002595700 -0.001456899 0.999997258 -0.001835857 -0.020031752 0.000495808 0.001836580 0.999998212 0.824708760
0.999998450 0.001649711 -0.000626680 0.006271760 -0.001650877 0.999996841 -0.001865136 -0.025200456 0.000623601 0.001866167 0.999998093 0.992772877
0.999999106 0.001261399 -0.000490388 0.013022391 -0.001262119 0.999998093 -0.001469999 -0.032605186 0.000488533 0.001470616 0.999998808 1.170992136
0.999999404 0.000933520 -0.000632573 0.014708387 -0.000934301 0.999998748 -0.001235849 -0.037353691 0.000631418 0.001236439 0.999999046 1.352986813
0.999998450 0.001543902 -0.000896589 0.032335009 -0.001545159 0.999997735 -0.001403382 -0.045712903 0.000894420 0.001404765 0.999998629 1.539153218
0.999997973 0.001988993 -0.000291984 0.014500052 -0.001989318 0.999997377 -0.001116644 -0.049024627 0.000289762 0.001117222 0.999999344 1.753070354
0.999997079 0.002374259 -0.000316325 0.017488265 -0.002374638 0.999996364 -0.001205489 -0.054273985 0.000313462 0.001206237 0.999999225 1.953232408
0.999998450 0.001740207 -0.000041033 0.021537861 -0.001740242 0.999998093 -0.000870626 -0.061141714 0.000039518 0.000870696 0.999999642 2.168011189
0.999998093 0.001901822 -0.000475501 0.031504981 -0.001902205 0.999997854 -0.000807243 -0.069613747 0.000473965 0.000808146 0.999999583 2.380311966
0.999998808 0.001566788 -0.000099813 0.038089570 -0.001566882 0.999998331 -0.000946592 -0.073286735 0.000098330 0.000946748 0.999999642 2.601081133
0.999998569 0.001706060 -0.000255853 0.042042486 -0.001706145 0.999998391 -0.000332745 -0.084423773 0.000255284 0.000333181 0.999999940 2.835901260
0.999997616 0.002215561 -0.000265932 0.047252372 -0.002215869 0.999996841 -0.001163764 -0.081789553 0.000263353 0.001164351 0.999999285 3.083008766
0.999997020 0.002425015 -0.000066428 0.050140362 -0.002425076 0.999996662 -0.000923113 -0.095090881 0.000064189 0.000923272 0.999999583 3.318120003
0.999996603 0.002568979 0.000228966 0.054759320 -0.002568893 0.999996603 -0.000375262 -0.104977176 -0.000229929 0.000374672 0.999999881 3.570152998
0.999996603 0.002590992 0.000150753 0.059712049 -0.002590905 0.999996483 -0.000574716 -0.110085957 -0.000152242 0.000574323 0.999999821 3.823470116
0.999997616 0.002143668 0.000202842 0.065504342 -0.002143592 0.999997556 -0.000375093 -0.115858585 -0.000203645 0.000374657 0.999999940 4.083192348
0.999997795 0.001990922 -0.000542530 0.079723790 -0.001990663 0.999997854 0.000478824 -0.138084799 0.000543482 -0.000477743 0.999999762 4.315135479
0.999998868 0.001246341 -0.000763389 0.089426473 -0.001246052 0.999999106 0.000378918 -0.141698569 0.000763861 -0.000377966 0.999999702 4.576312065
0.999999046 0.001212111 -0.000410757 0.093544632 -0.001211781 0.999998927 0.000800938 -0.153556660 0.000411727 -0.000800440 0.999999642 4.832597733
0.999998748 0.001506370 -0.000478636 0.102384843 -0.001506096 0.999998689 0.000572518 -0.157824561 0.000479498 -0.000571797 0.999999702 5.083756924
0.999999583 0.000831972 -0.000135987 0.083930701 -0.000831970 0.999999642 0.000012054 -0.167362452 0.000135997 -0.000011940 1.000000000 5.350052834
0.999999583 0.000797992 0.000071024 0.087257534 -0.000798004 0.999999642 0.000174230 -0.174702212 -0.000070885 -0.000174287 0.999999940 5.618906498
0.999999762 0.000620457 -0.000147970 0.095112287 -0.000620399 0.999999702 0.000388046 -0.185604721 0.000148211 -0.000387954 0.999999940 5.879631996
0.999999821 0.000595127 -0.000118366 0.104722925 -0.000595100 0.999999821 0.000229424 -0.192207515 0.000118503 -0.000229354 1.000000000 6.154491425
0.999998868 0.001461335 0.000334344 0.101993039 -0.001461277 0.999998927 -0.000173650 -0.198311299 -0.000334598 0.000173161 0.999999940 6.438422680
0.999998152 0.001831746 0.000577048 0.102003589 -0.001831728 0.999998331 -0.000031105 -0.215523541 -0.000577104 0.000030048 0.999999821 6.741029263
0.999996543 0.002477676 0.000842493 0.103088245 -0.002477782 0.999996960 0.000123727 -0.226876855 -0.000842184 -0.000125814 0.999999702 7.034227371
0.999998927 0.001433285 0.000297799 0.114425033 -0.001433337 0.999998987 0.000176079 -0.235225365 -0.000297546 -0.000176506 0.999999881 7.365782261
0.999998152 0.001608874 0.001063288 0.112382844 -0.001609673 0.999998450 0.000750626 -0.250305951 -0.001062079 -0.000752336 0.999999166 7.674798489
0.999997795 0.001643166 0.001327020 0.114754319 -0.001644442 0.999998212 0.000961502 -0.259497970 -0.001325438 -0.000963682 0.999998689 7.988543510
0.999998629 0.001260761 0.001064226 0.123526916 -0.001261877 0.999998629 0.001049229 -0.270886213 -0.001062901 -0.001050571 0.999998868 8.311098099
0.999998331 0.001477056 0.001064265 0.130749032 -0.001478228 0.999998271 0.001101895 -0.282957524 -0.001062636 -0.001103466 0.999998808 8.641727448
0.999997973 0.001145252 0.001653420 0.129770204 -0.001147101 0.999998689 0.001117552 -0.288842857 -0.001652138 -0.001119446 0.999997973 8.987315178
0.999998569 0.000992325 0.001373539 0.142998502 -0.000994397 0.999998331 0.001508277 -0.305178225 -0.001372040 -0.001509640 0.999997854 9.316431046
0.999997914 0.001646402 0.001188952 0.150736436 -0.001647796 0.999997973 0.001172736 -0.312592983 -0.001187019 -0.001174693 0.999998629 9.654093742
0.999997675 0.001712831 0.001300824 0.155040950 -0.001714666 0.999997497 0.001411320 -0.322964191 -0.001298403 -0.001413547 0.999998152 10.017617226
0.999998689 0.000889302 0.001370454 0.163042024 -0.000891131 0.999998689 0.001334350 -0.333523780 -0.001369265 -0.001335570 0.999998093 10.372414589
0.999998152 0.001000611 0.001607030 0.166595459 -0.001003122 0.999998271 0.001562455 -0.344434530 -0.001605463 -0.001564064 0.999997497 10.723842621
0.999996603 0.001617745 0.002016142 0.171678960 -0.001621056 0.999997318 0.001641655 -0.353896767 -0.002013481 -0.001644918 0.999996603 11.087379456
0.999997318 0.001210927 0.001984002 0.178523093 -0.001214251 0.999997854 0.001675056 -0.368007123 -0.001981969 -0.001677461 0.999996603 11.459980011
0.999997735 0.001008984 0.001946678 0.187699437 -0.001012599 0.999997735 0.001856958 -0.382165223 -0.001944800 -0.001858924 0.999996364 11.834899902
0.999998212 0.000867224 0.001708788 0.197159469 -0.000870013 0.999998212 0.001631642 -0.393188894 -0.001707369 -0.001633125 0.999997199 12.216562271
0.999997914 0.000763312 0.001899455 0.203965843 -0.000767928 0.999996781 0.002430225 -0.415723979 -0.001897594 -0.002431678 0.999995232 12.612496376
0.999997497 0.000977400 0.002003877 0.211650237 -0.000982982 0.999995649 0.002786632 -0.427628368 -0.002001144 -0.002788594 0.999994099 13.010329247
0.999997079 0.001005869 0.002200860 0.219013989 -0.001011183 0.999996603 0.002414697 -0.435635179 -0.002198423 -0.002416915 0.999994636 13.406843185
0.999997556 0.000114647 0.002168490 0.231681913 -0.000120580 0.999996185 0.002736166 -0.445483029 -0.002168167 -0.002736421 0.999993920 13.831839561
0.999996066 0.000761214 0.002671432 0.235363171 -0.000768044 0.999996424 0.002556492 -0.455508441 -0.002669476 -0.002558534 0.999993145 14.236357689
0.999995470 0.001086354 0.002814025 0.243301064 -0.001093008 0.999996603 0.002364201 -0.469038546 -0.002811447 -0.002367266 0.999993205 14.659020424
0.999994576 0.000413827 0.003269869 0.257672548 -0.000422722 0.999996185 0.002720108 -0.484061658 -0.003268731 -0.002721476 0.999990940 15.084416389
0.999995053 0.000589871 0.003082276 0.269135088 -0.000597685 0.999996603 0.002534780 -0.487747937 -0.003080771 -0.002536610 0.999992013 15.518115044
0.999992609 0.000681317 0.003783819 0.273326874 -0.000692424 0.999995410 0.002935007 -0.506791413 -0.003781802 -0.002937605 0.999988556 15.951109886
0.999992967 0.000212768 0.003748098 0.287999332 -0.000224167 0.999995351 0.003041311 -0.517052352 -0.003747433 -0.003042130 0.999988377 16.396127701
0.999991298 0.001016712 0.004055527 0.294405282 -0.001029477 0.999994576 0.003146596 -0.529633641 -0.004052305 -0.003150744 0.999986887 16.848260880
0.999986947 0.001294542 0.004950527 0.297511846 -0.001308242 0.999995351 0.002765310 -0.534544468 -0.004946924 -0.002771750 0.999983966 17.318706512
0.999988496 0.001548724 0.004541545 0.315796405 -0.001563123 0.999993742 0.003168499 -0.556252062 -0.004536610 -0.003175562 0.999984622 17.761589050
0.999982715 0.001974383 0.005537703 0.318579793 -0.001993299 0.999992192 0.003412419 -0.571370840 -0.005530922 -0.003423398 0.999978840 18.225011826
0.999983609 0.001226081 0.005591612 0.339029312 -0.001242288 0.999994993 0.002895798 -0.575583220 -0.005588035 -0.002902697 0.999980152 18.705884933
0.999987006 0.000883581 0.005020013 0.355882019 -0.000906606 0.999989092 0.004586252 -0.623980880 -0.005015906 -0.004590745 0.999976814 19.138753891
0.999987245 0.000093670 0.005056367 0.374560088 -0.000115740 0.999990523 0.004364640 -0.630580187 -0.005055909 -0.004365169 0.999977708 19.626287460
0.999989688 0.000999277 0.004414816 0.385817707 -0.001017587 0.999990880 0.004146989 -0.635644913 -0.004410632 -0.004151439 0.999981701 20.126379013
0.999988079 0.000491676 0.004888529 0.397894025 -0.000512848 0.999990463 0.004330618 -0.660152137 -0.004886353 -0.004333073 0.999978602 20.604801178
0.999989629 0.001346107 0.004363996 0.411024421 -0.001365164 0.999989510 0.004367033 -0.670326650 -0.004358071 -0.004372946 0.999980867 21.113239288
0.999992132 -0.000101303 0.003969607 0.423121333 0.000083140 0.999989510 0.004575266 -0.686868906 -0.003970028 -0.004574900 0.999981642 21.587516785
0.999995708 -0.000591296 0.002888110 0.441780537 0.000576435 0.999986589 0.005143601 -0.706355393 -0.002891112 -0.005141914 0.999982595 22.096492767
0.999992609 0.000386561 0.003813077 0.437278092 -0.000402824 0.999990821 0.004265286 -0.706441462 -0.003811393 -0.004266792 0.999983549 22.611253738
0.999994516 0.000119250 0.003330241 0.450499773 -0.000133256 0.999991119 0.004205760 -0.727651358 -0.003329709 -0.004206180 0.999985576 23.120424271
0.999996781 -0.000817123 0.002404942 0.468989283 0.000807544 0.999991715 0.003981503 -0.742172062 -0.002408175 -0.003979548 0.999989092 23.638797760
0.999997497 -0.002034919 0.000938320 0.478857040 0.002030731 0.999988079 0.004443098 -0.757439971 -0.000947350 -0.004441181 0.999989688 24.173473358
0.999999106 -0.001274065 0.000516350 0.486995012 0.001271337 0.999985456 0.005248132 -0.773919582 -0.000523028 -0.005247471 0.999986112 24.702375412
0.999999642 0.000658445 0.000553603 0.488216847 -0.000661014 0.999988914 0.004653254 -0.777238488 -0.000550533 -0.004653617 0.999989033 25.263465881
0.999999821 0.000341698 0.000465814 0.495269775 -0.000344245 0.999984980 0.005478009 -0.792836785 -0.000463935 -0.005478167 0.999984920 25.805868149
0.999999464 0.000994078 0.000299204 0.498771995 -0.000995719 0.999984145 0.005536244 -0.805328786 -0.000293696 -0.005536539 0.999984622 26.349475861
0.999999821 -0.000186603 -0.000561396 0.509672344 0.000189740 0.999984324 0.005592644 -0.830997944 0.000560343 -0.005592749 0.999984205 26.892385483
0.999999642 -0.000392530 -0.000725150 0.521688700 0.000395979 0.999988496 0.004761873 -0.829880178 0.000723273 -0.004762158 0.999988377 27.452463150
0.999997735 -0.001594068 -0.001429203 0.528352618 0.001600684 0.999987960 0.004640175 -0.848126411 0.001421789 -0.004642453 0.999988198 28.002529144
0.999998331 0.000189019 -0.001817001 0.538818181 -0.000177896 0.999981284 0.006119868 -0.880599260 0.001818123 -0.006119534 0.999979615 28.506576538
0.999998271 0.000264827 -0.001852757 0.546578348 -0.000254083 0.999983251 0.005797002 -0.889585733 0.001854261 -0.005796522 0.999981463 29.054382324
0.999996841 0.000076063 -0.002490770 0.565641880 -0.000063786 0.999987841 0.004928658 -0.889099121 0.002491114 -0.004928485 0.999984741 29.606784821
0.999995112 0.000324726 -0.003100801 0.571078241 -0.000305507 0.999980748 0.006196401 -0.919598699 0.003102753 -0.006195424 0.999975920 30.113559723
0.999994695 0.000067980 -0.003245590 0.588970840 -0.000047947 0.999980986 0.006172110 -0.938390434 0.003245947 -0.006171922 0.999975681 30.640855789
0.999994099 0.000154064 -0.003430328 0.586720049 -0.000132101 0.999979496 0.006401844 -0.951497972 0.003431244 -0.006401353 0.999973595 31.192661285
0.999993324 0.000536922 -0.003595515 0.591453612 -0.000513459 0.999978602 0.006523383 -0.961230993 0.003598940 -0.006521493 0.999972165 31.743432999
0.999991953 -0.000391876 -0.003970445 0.606245518 0.000417154 0.999979556 0.006367696 -0.979978085 0.003967867 -0.006369302 0.999971867 32.286331177
0.999990523 -0.000723826 -0.004284934 0.611945689 0.000753175 0.999976158 0.006851916 -0.997127950 0.004279872 -0.006855078 0.999967337 32.812561035
0.999989629 -0.001117587 -0.004413662 0.618048489 0.001149988 0.999972284 0.007345332 -1.015514612 0.004405330 -0.007350330 0.999963284 33.359516144
0.999990165 -0.000233908 -0.004425660 0.628573179 0.000264323 0.999976337 0.006873037 -1.025904775 0.004423948 -0.006874138 0.999966562 33.896286011
0.999990940 -0.000145287 -0.004234859 0.628275633 0.000175404 0.999974668 0.007112271 -1.039692998 0.004233717 -0.007112949 0.999965668 34.434429169
0.999987781 -0.000378802 -0.004929323 0.644308031 0.000412312 0.999976814 0.006798943 -1.047626972 0.004926633 -0.006800892 0.999964714 34.993091583
0.999989331 -0.000263917 -0.004616725 0.645072579 0.000295223 0.999976993 0.006781670 -1.058598042 0.004614828 -0.006782961 0.999966323 35.539642334
0.999985635 -0.000916954 -0.005301076 0.662614942 0.000954628 0.999974251 0.007108731 -1.077441096 0.005294421 -0.007113689 0.999960661 36.054931641
0.999986231 -0.000367587 -0.005247867 0.670006037 0.000409293 0.999968290 0.007948518 -1.091033340 0.005244779 -0.007950555 0.999954641 36.607753754
0.999985039 -0.001134174 -0.005355636 0.677223921 0.001172630 0.999973655 0.007182952 -1.099165320 0.005347347 -0.007189126 0.999959886 37.141334534
0.999987185 -0.000244901 -0.005069477 0.673932076 0.000277256 0.999979615 0.006382673 -1.104040623 0.005067811 -0.006383996 0.999966800 37.700126648
0.999984086 -0.000839082 -0.005564235 0.688415468 0.000879761 0.999972820 0.007312395 -1.126489162 0.005557948 -0.007317175 0.999957800 38.214992523
0.999983609 -0.000772480 -0.005678028 0.691806853 0.000814977 0.999971569 0.007485996 -1.137745500 0.005672084 -0.007490500 0.999955833 38.755836487
0.999980927 -0.000596108 -0.006148513 0.699354470 0.000643131 0.999970555 0.007648857 -1.152514338 0.006143772 -0.007652666 0.999951839 39.297378540
0.999983728 -0.000417424 -0.005679876 0.708779812 0.000458047 0.999974310 0.007152630 -1.152499199 0.005676745 -0.007155115 0.999958277 39.836883545
0.999979615 -0.000696371 -0.006340877 0.721377492 0.000744497 0.999970853 0.007590597 -1.168677092 0.006335406 -0.007595164 0.999951005 40.374198914
0.999981642 -0.000844794 -0.005987851 0.723539114 0.000887654 0.999973953 0.007158809 -1.178591967 0.005981649 -0.007163993 0.999956429 40.930358887
0.999982417 -0.000234257 -0.005931905 0.727648020 0.000277882 0.999972880 0.007354558 -1.188353777 0.005930022 -0.007356077 0.999955297 41.482261658
0.999983788 -0.000693120 -0.005650107 0.732252240 0.000732780 0.999975085 0.007020279 -1.202350259 0.005645102 -0.007024306 0.999959409 42.028301239
0.999978244 -0.001006575 -0.006514562 0.747239113 0.001052416 0.999974668 0.007037139 -1.211301923 0.006507316 -0.007043842 0.999954045 42.561550140
0.999975145 -0.000975702 -0.006981275 0.754842520 0.001023134 0.999976456 0.006793776 -1.215272665 0.006974482 -0.006800750 0.999952555 43.123031616
0.999977827 -0.000768272 -0.006613163 0.760291100 0.000818613 0.999970675 0.007613000 -1.239482403 0.006607120 -0.007618245 0.999949157 43.651782990
0.999976397 -0.001319889 -0.006738125 0.767289639 0.001373481 0.999967337 0.007955125 -1.250922799 0.006727405 -0.007964191 0.999945641 44.183673859
0.999976695 -0.001250547 -0.006716803 0.776031077 0.001302475 0.999969244 0.007732218 -1.263615727 0.006706928 -0.007740784 0.999947548 44.733951569
0.999978483 -0.001575961 -0.006382604 0.779683828 0.001622643 0.999971926 0.007315361 -1.267749429 0.006370897 -0.007325560 0.999952853 45.276306152
0.999981821 -0.001119939 -0.005914214 0.787851214 0.001161684 0.999974310 0.007059583 -1.274432421 0.005906156 -0.007066326 0.999957561 45.829650879
0.999977112 -0.001527666 -0.006579915 0.796658516 0.001577439 0.999970138 0.007565965 -1.294948459 0.006568161 -0.007576172 0.999949753 46.355667114
0.999981463 -0.001033199 -0.006000108 0.796919942 0.001080883 0.999967754 0.007949329 -1.306493878 0.005991702 -0.007955667 0.999950409 46.903007507
0.999978125 -0.001242194 -0.006488601 0.801447868 0.001290533 0.999971509 0.007450878 -1.310881376 0.006479160 -0.007459089 0.999951124 47.439830780
0.999979973 -0.001488739 -0.006161290 0.803924918 0.001536325 0.999969006 0.007726002 -1.323885202 0.006149597 -0.007735312 0.999951124 47.967990875
0.999972045 -0.002168140 -0.007153411 0.832356215 0.002227308 0.999963284 0.008273722 -1.336998463 0.007135210 -0.008289423 0.999940157 48.534095764
0.999971986 -0.002338707 -0.007111472 0.836893976 0.002392789 0.999968290 0.007605858 -1.344936132 0.007093458 -0.007622661 0.999945760 49.074699402
0.999977291 -0.001612124 -0.006540779 0.837200403 0.001659989 0.999971807 0.007319208 -1.349423170 0.006528795 -0.007329899 0.999951780 49.626338959
0.999974847 -0.001870874 -0.006831848 0.846286178 0.001924594 0.999967158 0.007865117 -1.366123080 0.006816908 -0.007878067 0.999945760 50.157238007
0.999976933 -0.001728477 -0.006565112 0.848490953 0.001774725 0.999973595 0.007045191 -1.371899724 0.006552763 -0.007056679 0.999953628 50.712608337
0.999974906 -0.002092468 -0.006770963 0.859699607 0.002142186 0.999970734 0.007343844 -1.384277225 0.006755398 -0.007358165 0.999950111 51.256919861
0.999977708 -0.001547044 -0.006496144 0.858207107 0.001596857 0.999969304 0.007670015 -1.399106503 0.006484080 -0.007680217 0.999949455 51.791675568
0.999979496 -0.001788838 -0.006151658 0.864955664 0.001833060 0.999972463 0.007190492 -1.410550952 0.006138626 -0.007201620 0.999955177 52.340259552
0.999980450 -0.001847124 -0.005974266 0.869324327 0.001890055 0.999972403 0.007188344 -1.416780472 0.005960824 -0.007199496 0.999956250 52.885791779
0.999975681 -0.002412452 -0.006542325 0.883558154 0.002462050 0.999968231 0.007583571 -1.433259845 0.006523824 -0.007599494 0.999949813 53.437873840
0.999975502 -0.002628871 -0.006483047 0.892927647 0.002676030 0.999969959 0.007276389 -1.441082239 0.006463723 -0.007293558 0.999952495 53.971065521
0.999974191 -0.002363643 -0.006787151 0.900229514 0.002413906 0.999969661 0.007406999 -1.451278090 0.006769441 -0.007423191 0.999949515 54.507629395
0.999972343 -0.003122034 -0.006742588 0.906524777 0.003170275 0.999969363 0.007155942 -1.465860248 0.006720042 -0.007177120 0.999951661 55.052227020
0.999977529 -0.002519202 -0.006209980 0.911055565 0.002562651 0.999972165 0.006998555 -1.472996712 0.006192176 -0.007014312 0.999956250 55.598461151
0.999973655 -0.002686749 -0.006742242 0.919042468 0.002734815 0.999970853 0.007129893 -1.483234406 0.006722891 -0.007148144 0.999951839 56.140083313
0.999973178 -0.002555890 -0.006866846 0.931533635 0.002600018 0.999975920 0.006425038 -1.497987986 0.006850260 -0.006442719 0.999955773 56.672985077
0.999974549 -0.002512361 -0.006668185 0.933483124 0.002559054 0.999972224 0.007003141 -1.504723549 0.006650405 -0.007020027 0.999953270 57.250553131
0.999973536 -0.002425801 -0.006849175 0.941729426 0.002474306 0.999971867 0.007082365 -1.521808028 0.006831802 -0.007099127 0.999951422 57.774421692
0.999975562 -0.002367355 -0.006580387 0.945895374 0.002411080 0.999975026 0.006644811 -1.526014209 0.006564490 -0.006660515 0.999956250 58.312747955
0.999979079 -0.001983384 -0.006158002 0.949337006 0.002024947 0.999975145 0.006750646 -1.535958529 0.006144459 -0.006762973 0.999958217 58.854164124
0.999976337 -0.002230754 -0.006504351 0.957767725 0.002270941 0.999978364 0.006177648 -1.547209978 0.006490428 -0.006192273 0.999959767 59.393386841
0.999979377 -0.002107228 -0.006061660 0.962421894 0.002145210 0.999978065 0.006266288 -1.555511594 0.006048322 -0.006279162 0.999961913 59.927951813
0.999979198 -0.001779948 -0.006189562 0.964114904 0.001818730 0.999978662 0.006265583 -1.566135168 0.006178278 -0.006276711 0.999961138 60.470634460
0.999984384 -0.001335183 -0.005421177 0.972872734 0.001368020 0.999980748 0.006058121 -1.576438665 0.005412982 -0.006065443 0.999966919 61.015850067
0.999980509 -0.001305339 -0.006105038 0.976190507 0.001343931 0.999979079 0.006321372 -1.587614417 0.006096659 -0.006329454 0.999961376 61.538757324
0.999982297 -0.001311499 -0.005805316 0.978600562 0.001346536 0.999980867 0.006035553 -1.596263409 0.005797291 -0.006043264 0.999964952 62.091239929
0.999986768 -0.000712864 -0.005097655 0.982344985 0.000742490 0.999982893 0.005812204 -1.608075619 0.005093425 -0.005815913 0.999970138 62.639186859
0.999982953 -0.001182014 -0.005715546 0.993743718 0.001216084 0.999981523 0.005961104 -1.618912458 0.005708394 -0.005967952 0.999965906 63.179409027
0.999983966 -0.000865140 -0.005586317 0.997308969 0.000899293 0.999980927 0.006114191 -1.635799408 0.005580922 -0.006119117 0.999965727 63.713153839
0.999983430 -0.001405980 -0.005583991 1.007735968 0.001438192 0.999982238 0.005768732 -1.643094182 0.005575783 -0.005776668 0.999967754 64.254707336
0.999980927 -0.001512135 -0.005997474 1.016919255 0.001545290 0.999983430 0.005527218 -1.650827169 0.005989018 -0.005536381 0.999966741 64.793991089
0.999983728 -0.000612864 -0.005672145 1.022740722 0.000649097 0.999979377 0.006388189 -1.671149373 0.005668111 -0.006391768 0.999963462 65.323547363
0.999989748 0.000042349 -0.004531184 1.013150573 -0.000014345 0.999980807 0.006180172 -1.680335522 0.004531358 -0.006180043 0.999970675 65.872009277
0.999981403 -0.001052998 -0.006000090 1.040428400 0.001087739 0.999982595 0.005789729 -1.689719200 0.005993891 -0.005796148 0.999965250 66.412460327
0.999984801 -0.000770070 -0.005460826 1.041753292 0.000803388 0.999981046 0.006101766 -1.705956340 0.005456024 -0.006106060 0.999966502 66.942001343
0.999986351 0.000127033 -0.005234374 1.043556452 -0.000093794 0.999979913 0.006349900 -1.718505383 0.005235075 -0.006349323 0.999966145 67.490188599
0.999987483 -0.000409591 -0.004989746 1.056344032 0.000440114 0.999981165 0.006117684 -1.731207967 0.004987147 -0.006119804 0.999968827 68.027397156
0.999985993 -0.000374221 -0.005268543 1.065422893 0.000406920 0.999980628 0.006206688 -1.742060542 0.005266117 -0.006208745 0.999966860 68.563995361
0.999984682 -0.000581762 -0.005489458 1.075842619 0.000615673 0.999980688 0.006177815 -1.753330946 0.005485760 -0.006181100 0.999965787 69.096618652
0.999987066 -0.000163171 -0.005076359 1.080530405 0.000192596 0.999983191 0.005796509 -1.759915709 0.005075329 -0.005797412 0.999970317 69.632514954
0.999985456 -0.000859312 -0.005324550 1.092075586 0.000889320 0.999983668 0.005635917 -1.770436049 0.005319620 -0.005640571 0.999969959 70.176361084
0.999986470 -0.000744663 -0.005162098 1.097787142 0.000774279 0.999983251 0.005737519 -1.781538844 0.005157741 -0.005741438 0.999970257 70.714927673
0.999986410 -0.000868187 -0.005143184 1.107401133 0.000897318 0.999983549 0.005664552 -1.798660278 0.005138182 -0.005669091 0.999970675 71.242492676
0.999986887 -0.000493531 -0.005093522 1.111097455 0.000521548 0.999984741 0.005500633 -1.805897236 0.005090731 -0.005503217 0.999971926 71.782699585
0.999984920 -0.000975409 -0.005394177 1.123799562 0.001003066 0.999986410 0.005126763 -1.820618749 0.005389102 -0.005132097 0.999972403 72.312614441
0.999987602 -0.000372545 -0.004962144 1.128098369 0.000399286 0.999985397 0.005389168 -1.830280304 0.004960064 -0.005391083 0.999973178 72.849571228
0.999980927 -0.000639930 -0.006136889 1.139683485 0.000677525 0.999980986 0.006125902 -1.846831918 0.006132852 -0.006129945 0.999962389 73.391815186
0.999986470 -0.001041375 -0.005096939 1.146325350 0.001071449 0.999981940 0.005901162 -1.861509323 0.005090702 -0.005906544 0.999969602 73.903892517
0.999983370 -0.001475294 -0.005578935 1.160294294 0.001509488 0.999980092 0.006129765 -1.874160528 0.005569782 -0.006138085 0.999965608 74.429832458
0.999982417 -0.001977681 -0.005588206 1.167651534 0.002011494 0.999979675 0.006051636 -1.887063742 0.005576123 -0.006062770 0.999966025 74.964134216
0.999981701 -0.002312609 -0.005591144 1.181402683 0.002343964 0.999981523 0.005607967 -1.893858433 0.005578072 -0.005620970 0.999968648 75.509841919
0.999978483 -0.002339419 -0.006146992 1.193706870 0.002371009 0.999983966 0.005136707 -1.900920510 0.006134879 -0.005151171 0.999967933 76.038940430
0.999980390 -0.002241521 -0.005836916 1.201642156 0.002274897 0.999981046 0.005717753 -1.920198560 0.005823990 -0.005730920 0.999966621 76.573036194
0.999978423 -0.002041606 -0.006230067 1.211060524 0.002070172 0.999987304 0.004582285 -1.923639059 0.006220632 -0.004595084 0.999970078 77.118354797
0.999981403 -0.001721884 -0.005853382 1.208825469 0.001755919 0.999981582 0.005814469 -1.945392251 0.005843263 -0.005824639 0.999965966 77.641189575
0.999979496 -0.002234791 -0.005999089 1.222447157 0.002267967 0.999982059 0.005529007 -1.956853032 0.005986626 -0.005542499 0.999966741 78.179321289
0.999976814 -0.002834752 -0.006193819 1.233440161 0.002868757 0.999980807 0.005488100 -1.964396477 0.006178144 -0.005505742 0.999965787 78.715614319
0.999979198 -0.002211655 -0.006054497 1.239057183 0.002245788 0.999981582 0.005636515 -1.979798079 0.006041920 -0.005649993 0.999965727 79.256668091
0.999979556 -0.002430793 -0.005917266 1.246448636 0.002463887 0.999981463 0.005592073 -1.993110418 0.005903563 -0.005606539 0.999966800 79.796508789
0.999983728 -0.002855107 -0.004920894 1.258436918 0.002881933 0.999980986 0.005453017 -2.007046223 0.004905232 -0.005467111 0.999972999 80.323844910
0.999987781 -0.002722705 -0.004115180 1.271902204 0.002746738 0.999979138 0.005845831 -2.023273468 0.004099179 -0.005857063 0.999974489 80.860420227
0.999992013 -0.002758946 -0.002896811 1.287681580 0.002775170 0.999980330 0.005611478 -2.029392958 0.002881272 -0.005619473 0.999980032 81.422592163
0.999996662 -0.002132825 -0.001427149 1.300932050 0.002141589 0.999978602 0.006167332 -2.056337357 0.001413964 -0.006170367 0.999979973 81.950386047
0.999996006 -0.002029164 0.001971568 1.317811966 0.002019416 0.999985754 0.004933735 -2.064905882 -0.001981551 -0.004929734 0.999985874 82.494018555
0.999980509 -0.002337972 0.005777187 1.323824286 0.002305018 0.999981046 0.005704081 -2.065172672 -0.005790414 -0.005690653 0.999966979 82.983551025
0.999957681 -0.002203657 0.008930535 1.342103958 0.002153418 0.999981821 0.005631340 -2.079868555 -0.008942783 -0.005611870 0.999944210 83.528495789
0.999905109 -0.001485386 0.013696554 1.363320827 0.001405168 0.999981761 0.005864558 -2.095983982 -0.013705018 -0.005844755 0.999888957 84.076515198
0.999807477 -0.002606744 0.019448670 1.396227837 0.002498419 0.999981225 0.005592035 -2.099134684 -0.019462880 -0.005542367 0.999795139 84.630027771
0.999675333 -0.002411250 0.025366358 1.424435616 0.002256482 0.999978662 0.006128178 -2.118900299 -0.025380597 -0.006068951 0.999659359 85.160568237
0.999525428 -0.002431101 0.030708004 1.457706928 0.002251263 0.999980152 0.005889576 -2.129354000 -0.030721715 -0.005817648 0.999511063 85.699745178
0.999249101 -0.002163487 0.038687933 1.496192098 0.001937981 0.999980927 0.005865387 -2.137183189 -0.038699891 -0.005786005 0.999234140 86.256744385
0.998903096 -0.002698527 0.046747234 1.541054487 0.002424995 0.999979615 0.005907029 -2.150618076 -0.046762221 -0.005787187 0.998889267 86.811561584
0.998535454 -0.002294422 0.054052960 1.579784632 0.001968600 0.999979556 0.006080292 -2.165036678 -0.054065809 -0.005964979 0.998519540 87.338874817
0.998024583 -0.002224156 0.062785536 1.632485390 0.001876544 0.999982536 0.005594925 -2.171291351 -0.062796898 -0.005466052 0.998011410 87.886489868
0.997288823 -0.002228135 0.073553093 1.684630394 0.001815051 0.999982178 0.005682494 -2.182980537 -0.073564440 -0.005533585 0.997275114 88.417060852
0.996756196 -0.002830124 0.080429919 1.747653484 0.002407880 0.999982834 0.005346335 -2.193114281 -0.080443650 -0.005135328 0.996745944 88.955413818
0.995927393 -0.002764711 0.090117909 1.808675766 0.002251549 0.999980688 0.005795501 -2.208304644 -0.090132192 -0.005568992 0.995914161 89.528671265
0.994882643 -0.002847789 0.100995786 1.880188942 0.002243606 0.999978900 0.006095342 -2.218369246 -0.101011008 -0.005837556 0.994868100 90.059120178
0.993746102 -0.002994681 0.111622788 1.956007004 0.002333952 0.999978960 0.006049491 -2.228238106 -0.111638568 -0.005751136 0.993732154 90.601799011
0.992696941 -0.003688077 0.120578416 2.052373886 0.003045677 0.999980152 0.005511515 -2.235155821 -0.120596357 -0.005104021 0.992688477 91.161819458
0.991248906 -0.003110108 0.131970406 2.139420509 0.002358133 0.999980092 0.005853964 -2.245334864 -0.131985992 -0.005491531 0.991236389 91.702667236
0.989567161 -0.003718489 0.144024208 2.235659599 0.002919323 0.999979138 0.005759763 -2.257352829 -0.144042626 -0.005279219 0.989557385 92.253036499
0.987932563 -0.003715446 0.154840231 2.338562965 0.002797996 0.999977231 0.006142650 -2.274715900 -0.154859528 -0.005635282 0.987920403 92.790885925
0.986242235 -0.004354059 0.165248796 2.447762489 0.003402787 0.999975979 0.006039270 -2.281593323 -0.165271103 -0.005393877 0.986233413 93.330886841
0.983976245 -0.003568440 0.178263903 2.562543869 0.002512929 0.999977946 0.006146505 -2.295979261 -0.178281873 -0.005600051 0.983963549 93.869682312
0.981668413 -0.004068585 0.190553010 2.689986229 0.002996881 0.999978006 0.005912017 -2.307240725 -0.190572888 -0.005232575 0.981659114 94.397079468
0.979626954 -0.004507740 0.200775489 2.810752869 0.003310941 0.999974728 0.006296284 -2.319017887 -0.200798824 -0.005503254 0.979617059 94.911468506
0.976722062 -0.004397439 0.214463487 2.940193176 0.003074122 0.999974132 0.006503492 -2.326399326 -0.214486480 -0.005692819 0.976710379 95.462615967
0.973813891 -0.004433953 0.227303520 3.097534180 0.003056464 0.999974787 0.006411752 -2.334944725 -0.227326214 -0.005549108 0.973802865 95.995933533
0.971120536 -0.004383008 0.238548905 3.231517792 0.002855812 0.999973238 0.006747263 -2.349860907 -0.238572061 -0.005871156 0.971107066 96.496627808
0.968228221 -0.005721061 0.250002861 3.401168823 0.004260062 0.999970555 0.006384649 -2.360474110 -0.250032037 -0.005116770 0.968224049 97.017211914
0.964351594 -0.005161446 0.264573842 3.557140350 0.003567027 0.999972403 0.006506444 -2.371421099 -0.264600158 -0.005330758 0.964343429 97.565193176
0.960848927 -0.005358302 0.277020961 3.742078781 0.003721090 0.999972343 0.006435426 -2.376306534 -0.277047783 -0.005152653 0.960842311 98.112945557
0.957559586 -0.005880406 0.288175523 3.900602341 0.004292802 0.999971986 0.006140794 -2.386222601 -0.288203567 -0.004643095 0.957557857 98.597076416
0.953528643 -0.006788860 0.301225811 4.114433289 0.005165291 0.999967515 0.006186012 -2.392864227 -0.301258028 -0.004342621 0.953532755 99.138862610
0.949226677 -0.006794989 0.314519554 4.314975739 0.005082716 0.999967456 0.006263898 -2.408378839 -0.314551890 -0.004347246 0.949230313 99.650054932
0.945073366 -0.007280492 0.326776922 4.474117279 0.005302186 0.999961734 0.006944369 -2.419941187 -0.326814979 -0.004830305 0.945075989 100.122192383
0.940667987 -0.008441003 0.339223266 4.711431503 0.006736676 0.999958098 0.006201439 -2.433595896 -0.339261353 -0.003548258 0.940685451 100.676101685
0.935466945 -0.008773459 0.353305101 4.932714462 0.006887259 0.999954581 0.006595590 -2.450510263 -0.353346854 -0.003736653 0.935484886 101.189399719
0.930860341 -0.008366759 0.365279287 5.153165817 0.006304333 0.999956787 0.006838443 -2.463903666 -0.365320712 -0.004062793 0.930872798 101.682403564
0.926072121 -0.008780733 0.377244413 5.356672287 0.006834521 0.999955595 0.006497334 -2.470611334 -0.377284706 -0.003438714 0.926090956 102.183334351
0.920083642 -0.009568363 0.391604990 5.611530304 0.007529548 0.999948919 0.006741641 -2.482620716 -0.391649544 -0.003254264 0.920108736 102.727157593
0.914493978 -0.010881487 0.404453069 5.859802246 0.009066452 0.999938428 0.006402721 -2.487481117 -0.404497862 -0.002188296 0.914536297 103.226287842
0.909464240 -0.011402253 0.415625751 6.105236053 0.009332226 0.999931931 0.007011476 -2.506441116 -0.415677369 -0.002497974 0.909508646 103.705543518
0.903390050 -0.012548383 0.428635985 6.362506866 0.010442975 0.999919116 0.007263241 -2.517699718 -0.428692430 -0.002085305 0.903448105 104.168983459
0.896685362 -0.012544702 0.442490608 6.632675171 0.010492999 0.999919832 0.007084395 -2.523707151 -0.442544013 -0.001709421 0.896745145 104.677963257
0.890787542 -0.013838942 0.454209238 6.891017914 0.011714613 0.999903381 0.007490759 -2.541680336 -0.454268992 -0.001351788 0.890863538 105.133750916
0.885022640 -0.013410328 0.465354860 7.151855469 0.011168265 0.999908924 0.007574735 -2.546109200 -0.465414047 -0.001506606 0.885091782 105.604301453
0.877695858 -0.013214710 0.479036033 7.434848785 0.011050660 0.999912024 0.007336467 -2.553980827 -0.479090780 -0.001145523 0.877764642 106.078933716
