1.000000000 0.000000000 0.000000000 0.000000000 0.000000000 1.000000000 0.000000000 0.000000000 0.000000000 0.000000000 1.000000000 0.000000000
1.000000000 0.000086080 0.000062128 -0.000585707 -0.000086088 1.000000000 0.000134583 -0.000331954 -0.000062116 -0.000134589 1.000000000 0.000105620
1.000000000 0.000037678 0.000096763 -0.001078637 -0.000037677 1.000000000 -0.000007821 0.000555447 -0.000096763 0.000007817 1.000000000 -0.000101205
1.000000000 0.000058335 0.000019358 -0.000315988 -0.000058336 1.000000000 0.000041858 -0.000490051 -0.000019356 -0.000041859 1.000000000 -0.000062240
1.000000000 0.000055689 0.000180746 -0.001238046 -0.000055705 1.000000000 0.000085294 -0.000129883 -0.000180741 -0.000085305 1.000000000 0.000572740
1.000000000 -0.000135832 -0.000015995 0.000028366 0.000135833 1.000000000 0.000026247 -0.000081429 0.000015992 -0.000026250 1.000000000 0.000217372
1.000000000 0.000044768 0.000114040 -0.001468652 -0.000044781 1.000000000 0.000110240 -0.000620188 -0.000114035 -0.000110245 1.000000000 -0.000700523
1.000000000 0.000026534 0.000082875 -0.000951488 -0.000026534 1.000000000 0.000006911 -0.000134454 -0.000082874 -0.000006913 1.000000000 -0.000229679
1.000000000 0.000045617 0.000154277 -0.001343529 -0.000045624 1.000000000 0.000045449 -0.001077662 -0.000154275 -0.000045456 1.000000000 -0.000470599
1.000000000 0.000090065 0.000161647 -0.002035301 -0.000090092 1.000000000 0.000163296 -0.000873571 -0.000161632 -0.000163311 1.000000000 0.000572613
1.000000000 0.000065807 0.000137222 -0.001232827 -0.000065819 1.000000000 0.000084050 -0.000520151 -0.000137216 -0.000084059 1.000000000 -0.000400906
1.000000000 0.000111081 0.000162180 -0.001349323 -0.000111095 1.000000000 0.000089591 -0.001237098 -0.000162170 -0.000089609 1.000000000 -0.000302460
1.000000000 0.000078705 0.000118379 -0.001072861 -0.000078712 1.000000000 0.000055583 0.000407947 -0.000118375 -0.000055593 1.000000000 0.000272501
1.000000000 0.000089194 0.000122979 -0.001588516 -0.000089186 1.000000000 -0.000064065 0.000533420 -0.000122984 0.000064054 1.000000000 -0.000199934
1.000000000 0.000134690 0.000099789 -0.001130942 -0.000134690 1.000000000 0.000002473 0.001008655 -0.000099789 -0.000002487 1.000000000 0.000741493
0.999999940 0.000202319 0.000162582 -0.001612521 -0.000202319 1.000000000 -0.000004239 0.000862582 -0.000162583 0.000004206 1.000000000 0.001552208
0.999999940 0.000348372 0.000213093 -0.002603451 -0.000348378 0.999999940 0.000029243 0.000422035 -0.000213083 -0.000029317 1.000000000 0.001542912
0.999999940 0.000210191 0.000241715 -0.002134962 -0.000210194 1.000000000 0.000015665 0.001313184 -0.000241712 -0.000015716 1.000000000 0.002437812
0.999999940 0.000207807 0.000243211 -0.002213383 -0.000207782 1.000000000 -0.000103304 0.001701174 -0.000243233 0.000103254 0.999999940 0.001373259
0.999999940 0.000291986 0.000258285 -0.002792421 -0.000291991 0.999999940 0.000017671 0.000687946 -0.000258280 -0.000017747 0.999999940 0.002371131
0.999999940 0.000268677 0.000180845 -0.002272394 -0.000268666 0.999999940 -0.000060101 0.001690795 -0.000180861 0.000060053 1.000000000 0.002442551
0.999999940 0.000319697 0.000181341 -0.001993397 -0.000319690 0.999999940 -0.000039632 0.001449362 -0.000181354 0.000039574 1.000000000 0.002938630
0.999999940 0.000264470 0.000264390 -0.002877316 -0.000264478 0.999999940 0.000030129 0.001434509 -0.000264382 -0.000030199 0.999999940 0.002482597
0.999999881 0.000427338 0.000200226 -0.002559341 -0.000427340 0.999999881 0.000009559 0.001844345 -0.000200222 -0.000009644 1.000000000 0.003425465
0.999999881 0.000355807 0.000264398 -0.002174264 -0.000355814 0.999999940 0.000027960 0.000968757 -0.000264388 -0.000028054 0.999999940 0.002417943
0.999999940 0.000286364 0.000239540 -0.002464734 -0.000286351 0.999999940 -0.000053549 0.002733672 -0.000239555 0.000053480 0.999999940 0.003817411
0.999999881 0.000396079 0.000268654 -0.002802927 -0.000396102 0.999999940 0.000082474 0.000984089 -0.000268622 -0.000082580 0.999999940 0.002861282
0.999999940 0.000320617 0.000161629 -0.002430550 -0.000320610 0.999999940 -0.000045036 0.001858489 -0.000161643 0.000044984 1.000000000 0.001855479
0.999999881 0.000379238 0.000200001 -0.002544307 -0.000379210 0.999999940 -0.000135874 0.003126382 -0.000200053 0.000135798 1.000000000 0.002673410
0.999999881 0.000363901 0.000238046 -0.001792406 -0.000363884 0.999999940 -0.000074526 0.001711547 -0.000238073 0.000074440 0.999999940 0.002886053
0.999999881 0.000353840 0.000352230 -0.003051925 -0.000353821 0.999999940 -0.000054385 0.002435177 -0.000352249 0.000054261 0.999999940 0.002968742
0.999999881 0.000386780 0.000225519 -0.002221826 -0.000386762 0.999999940 -0.000082517 0.002250036 -0.000225551 0.000082430 1.000000000 0.002918554
0.999999881 0.000437222 0.000243391 -0.001901517 -0.000437228 0.999999881 0.000021602 0.000680489 -0.000243382 -0.000021708 0.999999940 0.001514091
0.999999821 0.000456793 0.000333699 -0.003236220 -0.000456786 0.999999881 -0.000021461 0.001180430 -0.000333709 0.000021309 0.999999940 0.002155837
0.999999881 0.000413350 0.000229355 -0.001862476 -0.000413318 0.999999881 -0.000139298 0.002340082 -0.000229413 0.000139204 0.999999940 0.002342442
0.999999881 0.000337289 0.000258375 -0.003021720 -0.000337276 0.999999940 -0.000051182 0.002043178 -0.000258392 0.000051095 0.999999940 0.002271770
0.999999881 0.000439951 0.000250226 -0.002986460 -0.000439931 0.999999881 -0.000083219 0.002824184 -0.000250263 0.000083109 0.999999940 0.003380466
0.999999881 0.000443798 0.000317217 -0.002886548 -0.000443792 0.999999881 -0.000017974 0.001474076 -0.000317225 0.000017834 0.999999940 0.002801970
0.999999881 0.000404988 0.000240828 -0.001491155 -0.000404983 0.999999940 -0.000020235 0.001804004 -0.000240837 0.000020137 1.000000000 0.001221572
0.999999940 0.000290420 0.000254656 -0.001762499 -0.000290388 0.999999940 -0.000125388 0.001633653 -0.000254693 0.000125314 0.999999940 0.001840395
0.999999881 0.000415271 0.000319675 -0.000970489 -0.000415124 0.999999821 -0.000460696 -0.003092828 -0.000319867 0.000460563 0.999999821 0.048460469
0.999999821 0.000486094 0.000281428 0.000436241 -0.000485769 0.999999225 -0.001151134 -0.003837609 -0.000281987 0.001150997 0.999999285 0.138429850
0.999998808 0.000621840 0.001400435 -0.008889175 -0.000620971 0.999999642 -0.000620756 -0.013987862 -0.001400821 0.000619886 0.999998808 0.254371762
0.999998450 0.000873299 0.001486201 -0.006415523 -0.000872923 0.999999583 -0.000253763 -0.019320291 -0.001486422 0.000252465 0.999998868 0.385869682
0.999998212 0.001091807 0.001543672 -0.005171229 -0.001091757 0.999999344 -0.000032893 -0.022350781 -0.001543707 0.000031208 0.999998808 0.532479525
0.999998629 0.000489035 0.001570495 -0.001455465 -0.000489139 0.999999821 0.000065824 -0.030295493 -0.001570463 -0.000066592 0.999998748 0.684903622
0.999998629 0.000357550 0.001577184 0.003384479 -0.000358072 0.999999881 0.000331093 -0.033395790 -0.001577066 -0.000331657 0.999998748 0.846769214
0.999998629 0.000370812 0.001568573 0.004478511 -0.000371361 0.999999881 0.000350049 -0.038040794 -0.001568443 -0.000350631 0.999998689 1.022347212
0.999998331 0.000351543 0.001743813 0.004810419 -0.000352347 0.999999821 0.000460915 -0.045339942 -0.001743651 -0.000461529 0.999998391 1.195688725
0.999998033 0.000557317 0.001890023 0.006587345 -0.000558916 0.999999464 0.000845906 -0.051663514 -0.001889551 -0.000846960 0.999997914 1.377550125
0.999997973 0.000627300 0.001870085 0.010946049 -0.000628699 0.999999523 0.000747631 -0.053565044 -0.001869615 -0.000748805 0.999997973 1.578425050
0.999997973 0.000432444 0.001936674 0.020034295 -0.000434002 0.999999583 0.000803916 -0.055886399 -0.001936325 -0.000804755 0.999997795 1.786710262
0.999998212 0.000094363 0.001876089 0.012498183 -0.000098047 0.999998093 0.001963702 -0.079441406 -0.001875900 -0.001963882 0.999996305 1.988658667
0.999998629 -0.000479362 0.001578351 0.021045003 0.000476216 0.999997914 0.001992839 -0.086107150 -0.001579303 -0.001992085 0.999996722 2.197627783
0.999998212 -0.000042922 0.001875677 0.024571218 0.000039637 0.999998450 0.001751731 -0.088109381 -0.001875749 -0.001751654 0.999996722 2.430129290
0.999998033 0.000216949 0.001946378 0.031297397 -0.000220297 0.999998450 0.001719990 -0.096127033 -0.001946002 -0.001720415 0.999996662 2.646408081
0.999997377 -0.000136351 0.002252898 0.031133331 0.000132249 0.999998271 0.001820660 -0.101123102 -0.002253143 -0.001820357 0.999995768 2.885865688
0.999997079 -0.000170999 0.002370766 0.035697959 0.000167191 0.999998689 0.001606346 -0.103250004 -0.002371037 -0.001605945 0.999995947 3.128433704
0.999997735 0.000135373 0.002121994 0.037236989 -0.000139286 0.999998271 0.001844041 -0.114887275 -0.002121740 -0.001844332 0.999996066 3.377526522
0.999997497 -0.000092544 0.002238286 0.040675409 0.000088196 0.999998093 0.001942822 -0.122180499 -0.002238462 -0.001942620 0.999995649 3.625867367
0.999997437 -0.000232544 0.002224125 0.049466223 0.000227901 0.999997735 0.002087737 -0.129200533 -0.002224606 -0.002087225 0.999995351 3.888831139
0.999997020 -0.000146778 0.002429037 0.049529172 0.000141036 0.999997199 0.002363785 -0.138409376 -0.002429377 -0.002363436 0.999994218 4.159004688
0.999996424 0.000031203 0.002672145 0.056142733 -0.000037994 0.999996722 0.002541453 -0.143112987 -0.002672058 -0.002541545 0.999993205 4.416650772
0.999996006 -0.000068828 0.002827633 0.059100211 0.000061570 0.999996722 0.002566665 -0.149576887 -0.002827801 -0.002566481 0.999992788 4.680186272
0.999997079 -0.000177264 0.002417961 0.069987558 0.000171262 0.999996841 0.002482156 -0.158267006 -0.002418393 -0.002481735 0.999993980 4.940464497
0.999996722 0.000209042 0.002570394 0.075256370 -0.000215635 0.999996722 0.002564823 -0.164991647 -0.002569849 -0.002565369 0.999993384 5.200664520
0.999996006 0.000108727 0.002835131 0.077100404 -0.000114911 0.999997616 0.002181276 -0.170593128 -0.002834887 -0.002181592 0.999993622 5.466800213
0.999996305 -0.000120310 0.002709781 0.079103068 0.000112746 0.999996066 0.002791289 -0.185724795 -0.002710106 -0.002790974 0.999992371 5.744061470
0.999995947 -0.000166214 0.002838060 0.083342291 0.000158605 0.999996424 0.002681059 -0.191674322 -0.002838496 -0.002680598 0.999992371 6.014121532
0.999994636 0.000323870 0.003262016 0.086018167 -0.000332285 0.999996722 0.002579608 -0.196834013 -0.003261169 -0.002580678 0.999991357 6.302428722
0.999995232 -0.000218529 0.003089903 0.097827554 0.000209549 0.999995887 0.002906228 -0.202952445 -0.003090525 -0.002905567 0.999990940 6.600370407
0.999996543 -0.000395339 0.002605788 0.105234578 0.000387452 0.999995351 0.003026372 -0.209461123 -0.002606973 -0.003025352 0.999991953 6.896889210
0.999995291 0.000377822 0.003049651 0.105304912 -0.000385740 0.999996543 0.002596057 -0.213554665 -0.003048660 -0.002597221 0.999991953 7.194539070
0.999995589 0.000111378 0.002990182 0.113013908 -0.000120078 0.999995768 0.002909370 -0.224832982 -0.002989846 -0.002909717 0.999991238 7.491526127
0.999995112 -0.000321867 0.003116101 0.121536463 0.000311971 0.999994934 0.003175726 -0.237593934 -0.003117108 -0.003174738 0.999990046 7.798772335
0.999995291 -0.000247583 0.003061403 0.131879270 0.000237282 0.999994278 0.003364658 -0.246698231 -0.003062219 -0.003363916 0.999989629 8.131899834
0.999992847 0.000521215 0.003726978 0.123517402 -0.000533694 0.999994278 0.003348002 -0.263044059 -0.003725211 -0.003349967 0.999987423 8.436122894
0.999993026 0.000284960 0.003714501 0.132544965 -0.000297178 0.999994576 0.003289312 -0.268760175 -0.003713543 -0.003290393 0.999987662 8.766497612
0.999992669 0.000271514 0.003799593 0.138534680 -0.000284895 0.999993801 0.003521714 -0.275369465 -0.003798613 -0.003522771 0.999986589 9.110046387
0.999994338 0.000497570 0.003336689 0.149141610 -0.000509224 0.999993801 0.003492582 -0.289566725 -0.003334930 -0.003494261 0.999988317 9.444824219
0.999992907 0.001293932 0.003529667 0.152329400 -0.001307006 0.999992430 0.003704231 -0.308987349 -0.003524847 -0.003708819 0.999986827 9.787015915
0.999994218 0.000917854 0.003264234 0.164460957 -0.000930125 0.999992549 0.003759760 -0.318589330 -0.003260759 -0.003762775 0.999987543 10.139465332
0.999994576 0.000836709 0.003188635 0.166021377 -0.000847422 0.999993920 0.003359875 -0.321644783 -0.003185806 -0.003362559 0.999989271 10.514532089
0.999994814 0.000891744 0.003098886 0.176529467 -0.000901409 0.999994695 0.003118959 -0.329256684 -0.003096088 -0.003121736 0.999990284 10.877594948
0.999996126 0.000359478 0.002775799 0.187970668 -0.000368904 0.999994218 0.003395923 -0.336656243 -0.002774563 -0.003396934 0.999990404 11.243969917
0.999994993 0.000715567 0.003081564 0.194913596 -0.000727471 0.999992192 0.003863815 -0.353931665 -0.003078776 -0.003866038 0.999987781 11.625974655
0.999994159 0.000972184 0.003275159 0.203482524 -0.000983990 0.999992967 0.003605140 -0.357665449 -0.003271631 -0.003608342 0.999988139 12.010307312
0.999993980 0.000662750 0.003401958 0.209518448 -0.000677226 0.999990702 0.004255651 -0.380248904 -0.003399107 -0.004257930 0.999985158 12.390041351
0.999995947 0.000211567 0.002842386 0.224777043 -0.000224939 0.999988854 0.004705290 -0.392056257 -0.002841359 -0.004705911 0.999984860 12.789525032
0.999993324 0.000621958 0.003577183 0.223947018 -0.000638791 0.999988675 0.004706658 -0.402355343 -0.003574216 -0.004708912 0.999982536 13.182224274
0.999992609 0.000216521 0.003821197 0.240302190 -0.000233346 0.999990225 0.004403249 -0.411680877 -0.003820206 -0.004404109 0.999983013 13.587121010
0.999991357 0.000822275 0.004071659 0.240819424 -0.000841516 0.999988496 0.004726136 -0.424545705 -0.004067726 -0.004729521 0.999980569 14.000385284
0.999990523 0.001273824 0.004149497 0.242806733 -0.001294891 0.999986291 0.005078278 -0.435175866 -0.004142971 -0.005083603 0.999978483 14.424913406
0.999988556 0.001209607 0.004625118 0.251060873 -0.001233652 0.999985754 0.005199500 -0.448748410 -0.004618762 -0.005205146 0.999975801 14.846840858
0.999988437 0.000926827 0.004714518 0.261555076 -0.000951689 0.999985635 0.005273900 -0.463974416 -0.004709563 -0.005278325 0.999974966 15.278817177
0.999987066 0.000703668 0.005034242 0.269516319 -0.000729885 0.999986231 0.005207691 -0.471036047 -0.005030508 -0.005211298 0.999973774 15.719167709
0.999984026 0.001073919 0.005534785 0.279198647 -0.001102890 0.999985635 0.005233836 -0.483666688 -0.005529086 -0.005239856 0.999970913 16.176448822
0.999981284 0.001364461 0.005962010 0.291958839 -0.001398132 0.999983072 0.005647078 -0.492598087 -0.005954205 -0.005655308 0.999966264 16.616802216
0.999979258 0.001519746 0.006259294 0.300019443 -0.001551867 0.999985576 0.005129917 -0.501985133 -0.006251408 -0.005139524 0.999967217 17.075365067
0.999978542 0.001171425 0.006448135 0.304191113 -0.001209307 0.999981940 0.005874177 -0.531310499 -0.006441137 -0.005881848 0.999961913 17.527679443
0.999977291 0.001321421 0.006602483 0.318380564 -0.001362271 0.999979854 0.006186396 -0.542235792 -0.006594175 -0.006195251 0.999959052 17.996370316
0.999975801 0.000757445 0.006917018 0.329997957 -0.000798775 0.999981761 0.005974173 -0.546145618 -0.006912367 -0.005979553 0.999958217 18.469364166
0.999972463 0.001421898 0.007272876 0.341272205 -0.001464240 0.999981999 0.005819982 -0.564835191 -0.007264469 -0.005830471 0.999956608 18.928365707
0.999974310 0.001627842 0.006973362 0.358105779 -0.001666294 0.999983430 0.005511838 -0.570460320 -0.006964274 -0.005523317 0.999960482 19.406398773
0.999973476 0.001400263 0.007151663 0.370647997 -0.001446105 0.999978423 0.006408898 -0.594639957 -0.007142534 -0.006419070 0.999953866 19.901147842
0.999974251 0.001626163 0.007000927 0.382024169 -0.001674718 0.999974489 0.006935285 -0.608408570 -0.006989470 -0.006946831 0.999951363 20.384500504
0.999974012 0.001465330 0.007058337 0.398335546 -0.001512638 0.999976397 0.006701752 -0.619400382 -0.007048350 -0.006712254 0.999952674 20.878152847
0.999979973 0.001008732 0.006246769 0.403988898 -0.001053037 0.999974310 0.007093267 -0.643273771 -0.006239453 -0.007099704 0.999955356 21.377605438
0.999983668 0.000902966 0.005642019 0.418229073 -0.000941343 0.999976456 0.006803034 -0.649753869 -0.005635743 -0.006808234 0.999960959 21.884002686
0.999984145 0.001244816 0.005492353 0.427812546 -0.001282171 0.999976099 0.006802909 -0.658246160 -0.005483753 -0.006809845 0.999961853 22.401931763
0.999987960 0.000162320 0.004902086 0.446572185 -0.000198893 0.999972284 0.007461085 -0.680103064 -0.004900739 -0.007461972 0.999960124 22.922618866
0.999991953 0.000013107 0.004008354 0.461037517 -0.000041019 0.999975860 0.006963424 -0.690390289 -0.004008166 -0.006963533 0.999967694 23.442768097
0.999991715 0.000662668 0.004016084 0.452587366 -0.000692850 0.999971449 0.007518855 -0.724997222 -0.004010987 -0.007521576 0.999963641 23.956140518
0.999995232 -0.000926564 0.002944763 0.469812751 0.000904587 0.999971807 0.007455734 -0.737308562 -0.002951588 -0.007453035 0.999967873 24.491796494
0.999997437 -0.001178624 0.001913102 0.485496938 0.001163209 0.999967039 0.008038381 -0.750266731 -0.001922512 -0.008036136 0.999965787 25.021976471
0.999998331 -0.000194332 0.001820283 0.490398467 0.000178903 0.999964118 0.008471991 -0.772658587 -0.001821864 -0.008471650 0.999962449 25.573259354
0.999998569 0.000691697 0.001548884 0.499319136 -0.000704888 0.999963343 0.008532352 -0.782022774 -0.001542926 -0.008533430 0.999962389 26.117048264
0.999996960 0.001567777 0.001901498 0.498183310 -0.001582590 0.999968290 0.007813909 -0.786716282 -0.001889187 -0.007816895 0.999967635 26.673307419
0.999999583 0.000105874 0.000922406 0.510317326 -0.000114279 0.999958456 0.009117054 -0.820487022 -0.000921402 -0.009117156 0.999957979 27.238431931
0.999999762 0.000492875 0.000623914 0.522514999 -0.000498463 0.999959588 0.008988150 -0.831063271 -0.000619459 -0.008988460 0.999959350 27.793769836
0.999999583 0.000524422 -0.000690661 0.539702177 -0.000518255 0.999960244 0.008898642 -0.841885149 0.000695300 -0.008898279 0.999960184 28.346050262
0.999999523 0.000930610 0.000194964 0.535809696 -0.000932423 0.999954283 0.009514232 -0.867044449 -0.000186101 -0.009514411 0.999954641 28.875190735
0.999999523 0.000885460 -0.000184941 0.548053026 -0.000883610 0.999951899 0.009778148 -0.879757643 0.000193590 -0.009777981 0.999952197 29.431085587
0.999999285 0.001113266 -0.000215445 0.558134556 -0.001111098 0.999951243 0.009815892 -0.893359661 0.000226363 -0.009815645 0.999951839 29.970682144
0.999998450 0.001648844 -0.000600155 0.569043338 -0.001642873 0.999950469 0.009819582 -0.900726080 0.000616316 -0.009818580 0.999951601 30.527873993
0.999997973 0.001868800 -0.000728519 0.564965606 -0.001861131 0.999944329 0.010388716 -0.915385604 0.000747893 -0.010387340 0.999945760 31.038339615
0.999998391 0.001600102 -0.000775710 0.570649505 -0.001591996 0.999945223 0.010341607 -0.925959170 0.000792215 -0.010340356 0.999946177 31.578220367
0.999996006 0.002678855 -0.000815853 0.574890494 -0.002670371 0.999944150 0.010227872 -0.932766795 0.000843207 -0.010225653 0.999947369 32.131008148
0.999998212 0.001531845 -0.001125289 0.586709917 -0.001520025 0.999944389 0.010429584 -0.950375974 0.001141203 -0.010427854 0.999944985 32.650741577
0.999997616 0.001285007 -0.001747711 0.590722978 -0.001266577 0.999943972 0.010505438 -0.963016570 0.001761113 -0.010503200 0.999943316 33.203552246
0.999996722 0.000751588 -0.002452953 0.609948397 -0.000725200 0.999942005 0.010740758 -0.980269790 0.002460883 -0.010738945 0.999939263 33.753395081
0.999997795 0.000937185 -0.001871945 0.592893898 -0.000916085 0.999936402 0.011240885 -1.006984234 0.001882361 -0.011239146 0.999935091 34.249660492
0.999996960 0.000209514 -0.002441668 0.605247319 -0.000182561 0.999939144 0.011033609 -1.019577384 0.002443832 -0.011033129 0.999936223 34.784008026
0.999996006 0.000721899 -0.002699780 0.609850526 -0.000691820 0.999937832 0.011125657 -1.034042001 0.002707644 -0.011123746 0.999934494 35.311317444
0.999992967 -0.000100513 -0.003744822 0.633862495 0.000140185 0.999943852 0.010594795 -1.026553035 0.003743547 -0.010595247 0.999936879 35.903087616
0.999997556 0.000628811 -0.002177925 0.615325868 -0.000605030 0.999940395 0.010902814 -1.041304231 0.002184650 -0.010901468 0.999938190 36.389408112
0.999998093 0.000603693 -0.001885295 0.621955276 -0.000583428 0.999942243 0.010731253 -1.048640013 0.001891665 -0.010730132 0.999940693 36.946212769
0.999995470 0.000536528 -0.002972288 0.635888815 -0.000506561 0.999949157 0.010073609 -1.051366091 0.002977541 -0.010072057 0.999944866 37.483631134
0.999996722 0.001102321 -0.002308222 0.627606273 -0.001077702 0.999942839 0.010640292 -1.068792224 0.002319818 -0.010637770 0.999940693 37.992954254
0.999994874 0.001042074 -0.003023853 0.640755534 -0.001009276 0.999940872 0.010827589 -1.077522635 0.003034958 -0.010824480 0.999936819 38.542728424
0.999995172 0.000508262 -0.003055998 0.650374472 -0.000476855 0.999947131 0.010269075 -1.080006599 0.003061056 -0.010267567 0.999942601 39.105422974
0.999996185 0.000859280 -0.002630555 0.645954728 -0.000830562 0.999940276 0.010898430 -1.100011110 0.002639763 -0.010896204 0.999937177 39.571189880
0.999995172 0.000583014 -0.003065539 0.657561958 -0.000550450 0.999943495 0.010612708 -1.109029293 0.003071553 -0.010610970 0.999939024 40.121906281
0.999991238 0.000206521 -0.004161828 0.678934157 -0.000162822 0.999944866 0.010497497 -1.120036960 0.004163767 -0.010496730 0.999936283 40.663890839
0.999995649 -0.000286653 -0.002920287 0.666691184 0.000318675 0.999939680 0.010970886 -1.133440614 0.002916967 -0.010971769 0.999935508 41.193130493
0.999995530 0.000354565 -0.002955784 0.673271656 -0.000322485 0.999941051 0.010846162 -1.139689684 0.002959456 -0.010845160 0.999936819 41.740982056
0.999994814 0.000790160 -0.003117777 0.683489919 -0.000756378 0.999941111 0.010821535 -1.151028037 0.003126144 -0.010819120 0.999936581 42.300411224
0.999996305 -0.000033275 -0.002726219 0.678622663 0.000064465 0.999934554 0.011441257 -1.163568258 0.002725660 -0.011441390 0.999930859 42.741333008
0.999994934 -0.000082495 -0.003212705 0.696095586 0.000120353 0.999930561 0.011785416 -1.175742626 0.003211510 -0.011785742 0.999925435 43.275920868
0.999995589 0.000196986 -0.002970506 0.701201916 -0.000162681 0.999933302 0.011544410 -1.183387399 0.002972582 -0.011543874 0.999928951 43.838489532
0.999995708 0.000785802 -0.002816339 0.691092968 -0.000755217 0.999940872 0.010844203 -1.183472872 0.002824693 -0.010842030 0.999937177 44.334465027
0.999995708 0.000345413 -0.002916431 0.699343085 -0.000313099 0.999938667 0.011073161 -1.194363594 0.002920077 -0.011072202 0.999934435 44.879768372
0.999995410 0.000599345 -0.002964791 0.712586164 -0.000566937 0.999940157 0.010919943 -1.202795267 0.002971159 -0.010918212 0.999935985 45.429775238
0.999996424 0.001040428 -0.002461400 0.700508237 -0.001013984 0.999941945 0.010720268 -1.208953857 0.002472412 -0.010717736 0.999939442 45.899196625
0.999995887 0.000620627 -0.002771115 0.708935380 -0.000591600 0.999945045 0.010463280 -1.218951821 0.002777457 -0.010461599 0.999941349 46.442661285
0.999995053 0.000659796 -0.003074849 0.720691621 -0.000626043 0.999939620 0.010964932 -1.228305221 0.003081899 -0.010962954 0.999935150 46.996307373
0.999996006 -0.000280891 -0.002796645 0.705584347 0.000310289 0.999944627 0.010516983 -1.219763279 0.002793535 -0.010517810 0.999940753 47.476097107
0.999995291 -0.000466756 -0.003038010 0.715134084 0.000497003 0.999950230 0.009963170 -1.227137446 0.003033208 -0.009964635 0.999945700 48.018665314
0.999997258 -0.000532042 -0.002261343 0.714908779 0.000555137 0.999947548 0.010224934 -1.235639334 0.002255784 -0.010226161 0.999945164 48.532546997
0.999994755 -0.001270321 -0.002964631 0.727801204 0.001301564 0.999943316 0.010560382 -1.244943261 0.002951048 -0.010564186 0.999939859 49.079528809
0.999994993 -0.000921624 -0.003032081 0.741777480 0.000952264 0.999948263 0.010119352 -1.250498772 0.003022598 -0.010122187 0.999944210 49.634151459
0.999997497 -0.000362882 -0.002215785 0.732099891 0.000385369 0.999948323 0.010156875 -1.257102847 0.002211986 -0.010157703 0.999945939 50.104003906
0.999997914 -0.000607945 -0.001970625 0.742019176 0.000628288 0.999946356 0.010339344 -1.268833876 0.001964234 -0.010340559 0.999944627 50.641483307
0.999996722 -0.000642419 -0.002487944 0.761884987 0.000668943 0.999942839 0.010674943 -1.276778817 0.002480943 -0.010676572 0.999939919 51.199020386
0.999998450 0.000275404 -0.001751021 0.750652432 -0.000257385 0.999947131 0.010282218 -1.286379337 0.001753762 -0.010281752 0.999945521 51.671245575
0.999998808 0.000461289 -0.001483570 0.756549835 -0.000446528 0.999950528 0.009934499 -1.293569207 0.001488080 -0.009933825 0.999949574 52.202838898
0.999998808 0.000465219 -0.001473153 0.762242317 -0.000450574 0.999950647 0.009926069 -1.299115181 0.001477698 -0.009925392 0.999949634 52.729259491
0.999998629 0.000833843 -0.001413594 0.768091083 -0.000819814 0.999950707 0.009896058 -1.313275218 0.001421777 -0.009894885 0.999949992 53.276504517
0.999998748 0.000444129 -0.001523419 0.779481769 -0.000429251 0.999952376 0.009752605 -1.320050001 0.001527678 -0.009751939 0.999951303 53.787513733
0.999998808 0.000876386 -0.001205229 0.782068551 -0.000864772 0.999953508 0.009603303 -1.325790405 0.001213589 -0.009602250 0.999953151 54.322940826
0.999998569 0.001139183 -0.001252632 0.791684270 -0.001127189 0.999953926 0.009534645 -1.336368561 0.001263436 -0.009533217 0.999953747 54.871421814
0.999998689 0.000109978 -0.001612320 0.807094574 -0.000095394 0.999959111 0.009042145 -1.336034298 0.001613249 -0.009041979 0.999957800 55.370269775
0.999998868 0.000109142 -0.001589860 0.809626400 -0.000094506 0.999957561 0.009202807 -1.343900681 0.001590798 -0.009202644 0.999956369 55.898273468
0.999998808 0.000478949 -0.001483194 0.823252141 -0.000465346 0.999957919 0.009157933 -1.357608318 0.001487517 -0.009157230 0.999956965 56.444293976
0.999998689 0.000730019 -0.001408617 0.825650752 -0.000717098 0.999957800 0.009151268 -1.364208102 0.001415238 -0.009150247 0.999957144 56.955009460
0.999998331 0.000465519 -0.001764896 0.835526168 -0.000449968 0.999961138 0.008801118 -1.373921394 0.001768923 -0.008800308 0.999959707 57.502281189
0.999999046 0.000468972 -0.001232563 0.843475699 -0.000458075 0.999960959 0.008827141 -1.381224275 0.001236656 -0.008826568 0.999960303 58.013217926
0.999998450 0.000449149 -0.001679683 0.849973202 -0.000434509 0.999962032 0.008706418 -1.389149189 0.001683530 -0.008705676 0.999960661 58.556045532
0.999999106 0.000537005 -0.001239788 0.853249609 -0.000526029 0.999960840 0.008836974 -1.402088761 0.001244486 -0.008836314 0.999960184 59.062004089
0.999998987 0.000910495 -0.001083764 0.864167392 -0.000901255 0.999963522 0.008496154 -1.409926772 0.001091460 -0.008495168 0.999963343 59.607971191
0.999998748 0.000966758 -0.001251451 0.864811361 -0.000955960 0.999962568 0.008600974 -1.414840698 0.001259720 -0.008599767 0.999962211 60.126823425
0.999998569 0.000347962 -0.001677753 0.882653356 -0.000333819 0.999964535 0.008422511 -1.424134374 0.001680624 -0.008421938 0.999963105 60.678352356
0.999999166 0.000793197 -0.001030265 0.881828547 -0.000784212 0.999961853 0.008691519 -1.434876442 0.001037120 -0.008690704 0.999961674 61.181701660
0.999997556 0.001615141 -0.001506901 0.890984356 -0.001602778 0.999965310 0.008170193 -1.445041537 0.001520045 -0.008167759 0.999965489 61.719715118
0.999999404 0.000677211 -0.000825575 0.896305501 -0.000670176 0.999963701 0.008493230 -1.456897736 0.000831297 -0.008492672 0.999963582 62.237884521
0.999999285 0.000426551 -0.001137509 0.909104288 -0.000416963 0.999964535 0.008416432 -1.464324951 0.001141058 -0.008415952 0.999963939 62.784229279
0.999999106 0.001140126 -0.000884252 0.909832299 -0.001132420 0.999961793 0.008667211 -1.478108168 0.000894100 -0.008666201 0.999961972 63.295742035
0.999999404 0.000766483 -0.000746021 0.918481231 -0.000759935 0.999961555 0.008737712 -1.488287687 0.000752689 -0.008737139 0.999961555 63.809871674
0.999999642 0.000732509 -0.000356494 0.925848901 -0.000729476 0.999964118 0.008436143 -1.495253325 0.000362661 -0.008435879 0.999964356 64.357444763
0.999999523 0.000825461 -0.000512791 0.931414604 -0.000821191 0.999965429 0.008270097 -1.499907255 0.000519599 -0.008269670 0.999965668 64.857215881
0.999999166 0.000780132 -0.001042513 0.940814912 -0.000771617 0.999966562 0.008143908 -1.508221149 0.001048832 -0.008143095 0.999966323 65.395027161
0.999999404 0.001057055 -0.000279350 0.942528009 -0.001054779 0.999967277 0.008022248 -1.519313812 0.000287821 -0.008021948 0.999967754 65.921661377
0.999999344 0.001160389 -0.000131503 0.955520332 -0.001159314 0.999968052 0.007904110 -1.528792739 0.000140671 -0.007903950 0.999968767 66.480949402
0.999999821 0.000578677 -0.000262998 0.961146414 -0.000576608 0.999969363 0.007799597 -1.537440896 0.000267504 -0.007799444 0.999969482 66.983940125
0.999999821 0.000312122 -0.000478203 0.971790314 -0.000308538 0.999971986 0.007477563 -1.544646502 0.000480524 -0.007477414 0.999971926 67.523551941
0.999999583 0.000921936 -0.000031022 0.974669755 -0.000921681 0.999972105 0.007408937 -1.559621811 0.000037852 -0.007408904 0.999972582 68.055976868
0.999999821 0.000295970 -0.000577145 0.986832678 -0.000291597 0.999971390 0.007562944 -1.568567991 0.000579367 -0.007562774 0.999971330 68.605827332
0.999999762 0.000625441 -0.000380418 0.991624534 -0.000622695 0.999974072 0.007174227 -1.578278780 0.000384895 -0.007173989 0.999974191 69.165802002
0.999999881 0.000083961 -0.000509681 1.004506826 -0.000080175 0.999972403 0.007422096 -1.588573575 0.000510290 -0.007422054 0.999972343 69.719558716
0.999999940 0.000318169 -0.000142395 1.000737071 -0.000317161 0.999975324 0.007021356 -1.590237498 0.000144625 -0.007021310 0.999975324 70.101051331
0.999999821 0.000530545 0.000296806 1.006432533 -0.000532466 0.999978721 0.006510921 -1.598626971 -0.000293346 -0.006511077 0.999978781 70.652603149
0.999999940 -0.000063084 0.000000072 1.022502184 0.000063082 0.999978006 0.006647435 -1.609238625 -0.000000492 -0.006647435 0.999977827 71.204193115
0.999999702 0.000648747 0.000371448 1.025950909 -0.000651419 0.999973595 0.007239653 -1.628442049 -0.000366742 -0.007239893 0.999973655 71.676818848
0.999999881 -0.000121437 -0.000028530 1.041220784 0.000121616 0.999979973 0.006335865 -1.632893562 0.000027760 -0.006335868 0.999979913 72.223907471
0.999999464 0.000982669 0.000622687 1.040572882 -0.000987292 0.999971628 0.007467999 -1.647829294 -0.000615331 -0.007468608 0.999971926 72.742088318
0.999999702 0.000577297 0.000596951 1.057385683 -0.000581328 0.999976933 0.006774653 -1.656669736 -0.000593027 -0.006774998 0.999976814 73.282882690
0.999999881 0.000402238 0.000558791 1.072614312 -0.000406281 0.999973655 0.007253213 -1.669486284 -0.000555859 -0.007253438 0.999973536 73.829368591
0.999999404 0.000961367 0.000529431 1.072668433 -0.000964990 0.999975860 0.006885132 -1.671303511 -0.000522799 -0.006885639 0.999976158 74.301361084
0.999999285 0.001106016 0.000486473 1.085426092 -0.001109036 0.999979854 0.006251860 -1.678478718 -0.000479549 -0.006252395 0.999980390 74.845237732
0.999999285 0.001076567 0.000483180 1.091318250 -0.001079817 0.999976397 0.006777365 -1.689826488 -0.000475874 -0.006777881 0.999976933 75.335762024
0.999999404 0.000973599 0.000526678 1.108648300 -0.000977001 0.999978364 0.006498955 -1.699743986 -0.000520340 -0.006499466 0.999978721 75.875152588
0.999998987 0.001249909 0.000720095 1.112868786 -0.001254624 0.999977469 0.006585505 -1.708823323 -0.000711848 -0.006586402 0.999978006 76.398490906
0.999999702 0.000691499 0.000192911 1.120741129 -0.000692738 0.999978602 0.006494649 -1.718771935 -0.000188415 -0.006494780 0.999978900 76.932533264
0.999999344 0.001002509 0.000478417 1.133133411 -0.001005557 0.999978900 0.006413151 -1.732396841 -0.000471978 -0.006413628 0.999979317 77.469497681
0.999997377 0.002018898 0.001104444 1.137194872 -0.002026226 0.999975681 0.006674425 -1.741074324 -0.001090941 -0.006676646 0.999977112 78.013206482
0.999998689 0.001372115 0.000855063 1.145340800 -0.001377617 0.999978125 0.006466617 -1.754576921 -0.000846173 -0.006467786 0.999978721 78.497543335
0.999999344 0.000900993 0.000715207 1.161834717 -0.000905535 0.999979198 0.006374218 -1.769753218 -0.000709449 -0.006374860 0.999979436 79.032760620
0.999996781 0.001494222 0.002063498 1.162713170 -0.001507078 0.999979377 0.006242916 -1.771836281 -0.002054127 -0.006246006 0.999978364 79.557052612
0.999990404 0.002236259 0.003766710 1.173017740 -0.002258514 0.999979973 0.005914528 -1.783026099 -0.003753409 -0.005922979 0.999975383 80.100120544
0.999990284 0.001046467 0.004288666 1.189479947 -0.001071729 0.999982059 0.005892222 -1.787780643 -0.004282423 -0.005896761 0.999973416 80.627014160
0.999977708 0.002422859 0.006223827 1.192682743 -0.002458543 0.999980509 0.005732323 -1.798067689 -0.006209817 -0.005747496 0.999964237 81.173591614
0.999954820 0.002220768 0.009245710 1.206204057 -0.002273021 0.999981463 0.005644856 -1.817136526 -0.009233003 -0.005665617 0.999941349 81.709632874
0.999917328 0.001992334 0.012710698 1.226958156 -0.002074914 0.999976814 0.006487007 -1.831606150 -0.012697479 -0.006512844 0.999898195 82.256111145
0.999873042 0.001590641 0.015859790 1.246423841 -0.001698530 0.999975443 0.006791491 -1.863049269 -0.015848599 -0.006817566 0.999851167 82.738609314
0.999797285 0.001731456 0.020058408 1.267087936 -0.001846812 0.999981821 0.005733901 -1.847351313 -0.020048115 -0.005769781 0.999782383 83.308715820
0.999658823 0.001891344 0.026046798 1.293984413 -0.002050459 0.999979377 0.006083448 -1.855350494 -0.026034752 -0.006134781 0.999642253 83.865211487
0.999480486 0.001845924 0.032176863 1.323432207 -0.002026496 0.999982357 0.005580181 -1.870157599 -0.032165993 -0.005642488 0.999466598 84.401962280
0.999238491 0.001975707 0.038969070 1.354156017 -0.002198505 0.999981463 0.005675305 -1.880298615 -0.038957130 -0.005756657 0.999224305 84.947509766
0.998906374 0.002203459 0.046701424 1.397753477 -0.002485978 0.999978900 0.005992245 -1.897981167 -0.046687242 -0.006101790 0.998890936 85.476913452
0.998473883 0.001970450 0.055193167 1.446201086 -0.002277550 0.999982297 0.005501730 -1.905229330 -0.055181354 -0.005619039 0.998460472 86.031120300
0.998059213 0.001399494 0.062257227 1.497408152 -0.001747427 0.999983191 0.005534532 -1.915691376 -0.062248431 -0.005632580 0.998044789 86.570816040
0.997436643 0.001935196 0.071528926 1.541287422 -0.002334743 0.999982119 0.005502616 -1.926568270 -0.071516991 -0.005655513 0.997423291 87.108062744
0.996652186 0.002143353 0.081730537 1.606638908 -0.002614724 0.999980509 0.005660785 -1.941981196 -0.081716813 -0.005855537 0.996638417 87.620613098
0.995914638 0.002227926 0.090271801 1.689418316 -0.002776663 0.999978423 0.005953594 -1.962752581 -0.090256572 -0.006179926 0.995899379 88.151092529
0.995203853 0.001767803 0.097808219 1.734404087 -0.002277973 0.999984384 0.005104599 -1.960213423 -0.097797692 -0.005302921 0.995192111 88.724273682
0.994182527 0.001729449 0.107695252 1.816449642 -0.002299505 0.999984026 0.005169268 -1.971402764 -0.107684597 -0.005386841 0.994170487 89.265174866
0.992948055 0.001944209 0.118533932 1.899019241 -0.002570772 0.999983549 0.005133264 -1.981972098 -0.118522011 -0.005401789 0.992936671 89.796821594
0.991824389 0.000836413 0.127606928 1.982925415 -0.001470437 0.999987066 0.004874450 -1.984529734 -0.127601177 -0.005022236 0.991812825 90.299285889
0.990257204 0.000786157 0.139248163 2.076202393 -0.001469200 0.999987364 0.004802502 -1.994772911 -0.139242649 -0.004960295 0.990245879 90.838088989
0.988406062 0.000807889 0.151831672 2.170669556 -0.001595303 0.999985874 0.005064356 -2.005381346 -0.151825458 -0.005247857 0.988393307 91.373107910
0.986694217 0.000870675 0.162584871 2.279298782 -0.001723651 0.999985456 0.005105359 -2.013761044 -0.162578061 -0.005317667 0.986681342 91.906097412
0.984919190 0.000127685 0.173014924 2.390090942 -0.000995501 0.999987304 0.004929081 -2.026206255 -0.173012078 -0.005026983 0.984906852 92.435089111
0.982507050 0.000357010 0.186224774 2.509860039 -0.001416637 0.999983609 0.005557004 -2.044068575 -0.186219707 -0.005723609 0.982491434 92.966995239
0.980272591 -0.000766839 0.197649032 2.654320717 -0.000310613 0.999985278 0.005420278 -2.062654257 -0.197650269 -0.005374742 0.980257869 93.473114014
0.978045464 -0.000230738 0.208391532 2.772136688 -0.000946064 0.999984145 0.005547386 -2.072700024 -0.208389506 -0.005622747 0.978029728 93.996566772
0.975081742 -0.000242595 0.221845672 2.892200470 -0.000833313 0.999988317 0.004756191 -2.059041023 -0.221844241 -0.004822541 0.975070179 94.529541016
0.971976399 -0.001255977 0.235075295 3.045639038 0.000314383 0.999991775 0.004042936 -2.064711332 -0.235078469 -0.003855734 0.971968770 95.062484741
0.969060302 -0.000784712 0.246822804 3.193735123 -0.000330795 0.999989986 0.004477967 -2.080805779 -0.246823832 -0.004421067 0.969050348 95.587829590
0.966273010 -0.001089755 0.257517517 3.363342285 -0.000029947 0.999990523 0.004344101 -2.096215963 -0.257519841 -0.004205299 0.966263771 96.101310730
0.962531447 -0.000885885 0.271168768 3.513687134 -0.000362080 0.999989688 0.004552108 -2.080262899 -0.271169901 -0.004479732 0.962521076 96.654357910
0.958966792 -0.001189403 0.283516109 3.693933487 -0.000033914 0.999990642 0.004309858 -2.092767954 -0.283518612 -0.004142626 0.958957732 97.180862427
0.955585659 -0.001434751 0.294710070 3.881689072 0.000104270 0.999989808 0.004530205 -2.101306915 -0.294713527 -0.004298270 0.955575943 97.713256836
0.950693309 0.000020723 0.310133040 4.038894653 -0.001665869 0.999985874 0.005039801 -2.119826317 -0.310128510 -0.005307945 0.950679839 98.241195679
0.946008623 -0.001432534 0.324138761 4.248104095 -0.000063828 0.999989450 0.004605746 -2.127525330 -0.324141890 -0.004377764 0.945998430 98.766601562
0.942194045 -0.001477042 0.335064501 4.455781937 -0.000152137 0.999988317 0.004835986 -2.137894630 -0.335067719 -0.004607412 0.942182839 99.269752502
0.937338471 -0.001412823 0.348417282 4.646963120 -0.000104151 0.999990582 0.004335129 -2.136932850 -0.348420203 -0.004099771 0.937329471 99.799255371
0.931874216 -0.001789371 0.362777263 4.867593765 0.000143278 0.999989569 0.004564331 -2.150813580 -0.362781703 -0.004201405 0.931864738 100.305625916
0.927215874 -0.002197507 0.374520868 5.099023819 0.000668967 0.999990880 0.004211275 -2.159295321 -0.374526739 -0.003654219 0.927208841 100.820457458
0.922459424 -0.002555854 0.386085629 5.340406418 0.000953722 0.999990106 0.004341156 -2.176468611 -0.386092961 -0.003636321 0.922452688 101.328292847
0.916197002 -0.002922523 0.400717765 5.509761810 0.001181575 0.999988675 0.004591596 -2.174039841 -0.400726736 -0.003733327 0.916190028 101.702247620
0.910192072 -0.002654538 0.414178014 5.758853912 0.000801910 0.999988794 0.004646833 -2.182688236 -0.414185792 -0.003897376 0.910184085 102.202301025
0.905137062 -0.003427170 0.425106108 6.005100250 0.001658357 0.999988317 0.004530846 -2.199347973 -0.425116688 -0.003396058 0.905132174 102.668960571
0.899371743 -0.003439067 0.437170923 6.262851715 0.001561382 0.999987900 0.004654384 -2.214615345 -0.437181681 -0.003503431 0.899366260 103.153343201
0.893191695 -0.004929045 0.449649006 6.539623260 0.003179711 0.999984145 0.004645568 -2.234877110 -0.449664831 -0.002719629 0.893193126 103.602859497
0.886041641 -0.003522158 0.463592321 6.705158234 0.002015098 0.999990880 0.003746104 -2.189432621 -0.463601261 -0.002385019 0.886040747 104.109680176
0.880167246 -0.003606247 0.474649996 6.989345551 0.001973057 0.999990225 0.003938885 -2.202650785 -0.474659562 -0.002530366 0.880165875 104.595901489
0.872345269 -0.003524268 0.488877594 7.265640259 0.001607516 0.999989331 0.004340394 -2.220988512 -0.488887638 -0.003000444 0.872341573 105.059646606
0.865183413 -0.003841369 0.501441002 7.550613403 0.001976684 0.999989033 0.004250016 -2.228821754 -0.501451850 -0.002685853 0.865181386 105.497413635
