1.000000000 0.000000000 0.000000000 0.000000000 0.000000000 1.000000000 0.000000000 0.000000000 0.000000000 0.000000000 1.000000000 0.000000000
1.000000000 0.000142213 0.000032663 -0.001413709 -0.000142211 1.000000000 -0.000045754 0.001466881 -0.000032670 0.000045749 1.000000000 0.003399596
1.000000000 0.000128411 0.000025339 -0.000167968 -0.000128411 1.000000000 -0.000001656 0.000644963 -0.000025339 0.000001652 1.000000000 0.003766922
0.999999940 0.000269481 0.000129818 -0.002599519 -0.000269483 0.999999940 0.000014568 0.000644901 -0.000129814 -0.000014603 1.000000000 -0.002627843
1.000000000 0.000130351 0.000032773 -0.000282127 -0.000130350 1.000000000 -0.000030155 0.000615151 -0.000032777 0.000030151 1.000000000 -0.001779791
1.000000000 0.000034863 0.000011342 -0.000493939 -0.000034863 1.000000000 0.000007134 0.001382620 -0.000011342 -0.000007135 1.000000000 0.000722974
1.000000000 0.000008340 0.000035850 -0.001930486 -0.000008338 1.000000000 -0.000044811 0.000956291 -0.000035851 0.000044811 1.000000000 0.000836849
1.000000000 0.000039254 0.000045868 -0.000209629 -0.000039257 1.000000000 0.000053609 0.000744593 -0.000045866 -0.000053611 1.000000000 -0.000037860
1.000000000 -0.000009392 0.000072782 -0.001671489 0.000009391 1.000000000 0.000006267 0.000819812 -0.000072782 -0.000006266 1.000000000 0.002460614
1.000000000 0.000139307 0.000096250 -0.000876689 -0.000139303 1.000000000 -0.000033232 0.000488579 -0.000096255 0.000033218 1.000000000 -0.001692633
1.000000000 0.000159593 0.000091500 -0.000416660 -0.000159596 1.000000000 0.000033086 0.000306549 -0.000091495 -0.000033101 1.000000000 -0.001018517
1.000000000 0.000050036 0.000048924 -0.001688211 -0.000050034 1.000000000 -0.000044531 0.000991959 -0.000048927 0.000044528 1.000000000 -0.002429706
1.000000000 0.000075653 0.000100569 -0.001955117 -0.000075655 1.000000000 0.000018498 0.000740409 -0.000100568 -0.000018505 1.000000000 -0.003998116
1.000000000 -0.000105679 0.000070854 -0.001020884 0.000105677 1.000000000 0.000023694 -0.000264633 -0.000070857 -0.000023686 1.000000000 -0.000057738
1.000000000 0.000062882 0.000068871 -0.000179316 -0.000062880 1.000000000 -0.000026675 0.000837884 -0.000068872 0.000026671 1.000000000 -0.001977945
1.000000000 -0.000010178 0.000047333 -0.000025475 0.000010177 1.000000000 0.000020890 0.000729134 -0.000047333 -0.000020890 1.000000000 -0.003305956
1.000000000 -0.000069096 0.000049573 -0.001738730 0.000069094 1.000000000 0.000031549 0.000250265 -0.000049575 -0.000031546 1.000000000 -0.002420508
1.000000000 0.000067278 0.000126520 -0.001691307 -0.000067285 1.000000000 0.000054649 -0.000853654 -0.000126517 -0.000054657 1.000000000 -0.003869802
1.000000000 0.000101470 0.000061419 -0.000182255 -0.000101473 1.000000000 0.000041147 0.001493489 -0.000061415 -0.000041154 1.000000000 -0.004304670
1.000000000 -0.000093885 -0.000002241 -0.000856551 0.000093885 1.000000000 0.000008019 0.000810226 0.000002240 -0.000008019 1.000000000 -0.005251749
1.000000000 0.000022621 0.000045116 -0.000436544 -0.000022622 1.000000000 0.000022335 0.000274556 -0.000045115 -0.000022336 1.000000000 -0.006623836
1.000000000 -0.000048311 0.000011741 -0.000224476 0.000048311 1.000000000 0.000027660 -0.001164859 -0.000011742 -0.000027659 1.000000000 -0.004233275
1.000000000 0.000082065 0.000139077 -0.004745215 -0.000082052 1.000000000 -0.000096658 0.002113342 -0.000139085 0.000096647 1.000000000 0.003008973
1.000000000 0.000016734 0.000027539 0.000006721 -0.000016735 1.000000000 0.000037123 -0.000487409 -0.000027538 -0.000037124 1.000000000 -0.000529215
1.000000000 -0.000008945 0.000108936 -0.002677941 0.000008944 1.000000000 0.000004767 0.001373496 -0.000108936 -0.000004766 1.000000000 0.001681364
1.000000000 -0.000026459 -0.000026901 0.001047701 0.000026459 1.000000000 -0.000015350 0.001022930 0.000026901 0.000015349 1.000000000 -0.004959079
1.000000000 -0.000109535 0.000095290 -0.002673197 0.000109540 1.000000000 -0.000059609 0.002169392 -0.000095283 0.000059620 1.000000000 0.000993636
1.000000000 0.000136394 0.000137240 -0.003926806 -0.000136385 1.000000000 -0.000059389 0.001854706 -0.000137248 0.000059370 1.000000000 -0.000740474
1.000000000 -0.000077582 0.000039938 -0.001039209 0.000077579 1.000000000 0.000075994 -0.000056635 -0.000039944 -0.000075991 1.000000000 -0.001117503
1.000000000 -0.000077965 -0.000036086 -0.000391551 0.000077963 1.000000000 -0.000046189 0.003243596 0.000036090 0.000046186 1.000000000 -0.002615224
1.000000000 -0.000058024 0.000019418 -0.001665495 0.000058025 1.000000000 -0.000046661 0.000782626 -0.000019416 0.000046662 1.000000000 -0.000136486
1.000000000 -0.000075709 0.000058215 -0.002818571 0.000075708 1.000000000 0.000024783 0.000771800 -0.000058216 -0.000024779 1.000000000 0.002731675
1.000000000 -0.000146921 0.000026442 -0.002611560 0.000146922 1.000000000 -0.000029899 0.000968679 -0.000026438 0.000029903 1.000000000 -0.001540949
1.000000000 0.000010974 0.000029420 -0.000358810 -0.000010975 1.000000000 0.000042221 -0.000740136 -0.000029419 -0.000042221 1.000000000 -0.004032189
0.999999940 0.000207634 0.000166750 -0.003610912 -0.000207630 1.000000000 -0.000025895 0.000853007 -0.000166756 0.000025860 1.000000000 -0.000431733
1.000000000 0.000002199 0.000028165 -0.000934648 -0.000002199 1.000000000 0.000011625 0.000569942 -0.000028165 -0.000011625 1.000000000 -0.001351323
1.000000000 0.000049868 0.000116684 -0.005516430 -0.000049863 1.000000000 -0.000040620 0.002438242 -0.000116686 0.000040614 1.000000000 0.000960706
1.000000000 -0.000072801 0.000030858 -0.000301397 0.000072803 1.000000000 -0.000055005 0.001124758 -0.000030854 0.000055007 1.000000000 -0.004952627
1.000000000 -0.000016880 0.000108394 -0.003411530 0.000016884 1.000000000 -0.000029278 0.000909972 -0.000108394 0.000029280 1.000000000 0.000687109
1.000000000 -0.000047237 -0.000014849 -0.000214889 0.000047237 1.000000000 0.000019151 0.000259902 0.000014848 -0.000019152 1.000000000 -0.001943179
1.000000000 -0.000172169 -0.000018390 0.000994091 0.000172170 1.000000000 0.000040034 -0.000748411 0.000018383 -0.000040037 1.000000000 -0.000674068
1.000000000 0.000009503 0.000101416 0.002443735 -0.000009458 0.999999881 -0.000441540 -0.005802896 -0.000101420 0.000441540 0.999999881 0.048326302
1.000000000 -0.000045477 0.000078529 0.002897287 0.000045573 0.999999225 -0.001222617 -0.002828166 -0.000078473 0.001222620 0.999999225 0.146584272
1.000000000 -0.000038196 0.000018159 0.005393001 0.000038222 0.999998987 -0.001424905 -0.010533139 -0.000018105 0.001424906 0.999998987 0.260487646
1.000000000 0.000014944 0.000105704 0.005132536 -0.000014810 0.999999166 -0.001273007 -0.015555969 -0.000105723 0.001273006 0.999999166 0.390145451
1.000000000 0.000158674 0.000054438 0.006829961 -0.000158620 0.999999523 -0.000979237 -0.023722261 -0.000054593 0.000979228 0.999999523 0.532262802
1.000000000 0.000165519 0.000066635 0.007089719 -0.000165466 0.999999702 -0.000785850 -0.031447981 -0.000066765 0.000785839 0.999999702 0.684831083
1.000000000 0.000040752 0.000074803 0.010618432 -0.000040709 0.999999821 -0.000578042 -0.037526902 -0.000074827 0.000578039 0.999999821 0.859654069
1.000000000 0.000009404 -0.000160644 0.022596831 -0.000009494 0.999999821 -0.000558392 -0.035806879 0.000160639 0.000558393 0.999999821 1.027888775
0.999999940 0.000210991 0.000309493 0.015031085 -0.000210772 0.999999821 -0.000707977 -0.037296206 -0.000309642 0.000707911 0.999999702 1.203240991
1.000000000 -0.000224839 -0.000087005 0.033289790 0.000224798 0.999999881 -0.000470449 -0.047085866 0.000087110 0.000470429 0.999999881 1.394317627
0.999999940 0.000222068 0.000315784 0.022397185 -0.000222017 0.999999940 -0.000163777 -0.058067810 -0.000315820 0.000163707 0.999999940 1.575870037
0.999999583 0.000414708 0.000711608 0.017662069 -0.000414585 0.999999821 -0.000173092 -0.059616338 -0.000711680 0.000172796 0.999999762 1.777927518
0.999999762 0.000250624 0.000657328 0.022180798 -0.000250865 0.999999881 0.000367220 -0.070571586 -0.000657236 -0.000367385 0.999999702 1.971767545
0.999999881 0.000098011 0.000605762 0.028784411 -0.000098095 0.999999940 0.000138982 -0.074303888 -0.000605749 -0.000139041 0.999999821 2.194682598
0.999999762 0.000385627 0.000590341 0.035921723 -0.000385785 0.999999881 0.000266257 -0.077307820 -0.000590238 -0.000266485 0.999999702 2.400476933
0.999999762 0.000353566 0.000503995 0.038616735 -0.000353751 0.999999881 0.000368691 -0.086351827 -0.000503865 -0.000368870 0.999999762 2.632798672
0.999999642 0.000479768 0.000659144 0.044147864 -0.000479984 0.999999821 0.000328313 -0.092402294 -0.000658986 -0.000328629 0.999999702 2.866436481
0.999999702 0.000465742 0.000580487 0.056160636 -0.000465977 0.999999821 0.000403580 -0.097999334 -0.000580299 -0.000403851 0.999999702 3.105124235
0.999999821 0.000236851 0.000545827 0.054907214 -0.000237134 0.999999821 0.000519848 -0.110002942 -0.000545704 -0.000519978 0.999999702 3.325817585
0.999999940 0.000254144 0.000201361 0.064443417 -0.000254259 0.999999821 0.000571616 -0.119552918 -0.000201216 -0.000571667 0.999999821 3.574542522
0.999999881 -0.000016146 0.000292658 0.071514301 0.000015940 0.999999702 0.000703892 -0.123563252 -0.000292670 -0.000703887 0.999999702 3.835131407
0.999999702 0.000335839 0.000702368 0.071825355 -0.000336240 0.999999702 0.000570203 -0.129991889 -0.000702176 -0.000570439 0.999999583 4.093029022
0.999999583 0.000567474 0.000686867 0.072632290 -0.000567944 0.999999583 0.000684254 -0.138463795 -0.000686478 -0.000684644 0.999999523 4.342330933
0.999999702 0.000514155 0.000585152 0.083932243 -0.000514612 0.999999583 0.000780622 -0.146988094 -0.000584751 -0.000780923 0.999999523 4.603413105
0.999999583 0.000518669 0.000752989 0.090078302 -0.000519258 0.999999583 0.000781729 -0.154657423 -0.000752583 -0.000782120 0.999999404 4.860502720
0.999999285 0.000738828 0.000895832 0.091958128 -0.000739529 0.999999344 0.000782706 -0.162849367 -0.000895253 -0.000783368 0.999999285 5.113678932
0.999999285 0.000832659 0.000835054 0.096189432 -0.000833289 0.999999344 0.000754109 -0.172377348 -0.000834426 -0.000754804 0.999999344 5.379870415
0.999999702 0.000573383 0.000577977 0.107136488 -0.000573861 0.999999523 0.000828328 -0.180776864 -0.000577501 -0.000828659 0.999999464 5.638886929
0.999999523 0.000611397 0.000736149 0.108028010 -0.000611980 0.999999523 0.000791612 -0.189395696 -0.000735665 -0.000792062 0.999999404 5.919841290
0.999999762 0.000349554 0.000613616 0.116351299 -0.000350176 0.999999404 0.001015295 -0.206305876 -0.000613261 -0.001015509 0.999999285 6.161808968
0.999998033 0.001442930 0.001314788 0.113662325 -0.001444234 0.999998391 0.000991072 -0.210571423 -0.001313356 -0.000992969 0.999998629 6.466102123
0.999999225 0.000709411 0.001042827 0.122098386 -0.000710517 0.999999166 0.001060900 -0.215667605 -0.001042073 -0.001061640 0.999998808 6.757901669
0.999999583 0.000309079 0.000865568 0.132069364 -0.000309966 0.999999404 0.001024294 -0.224613428 -0.000865250 -0.001024562 0.999999106 7.051489830
0.999999523 0.000470355 0.000863686 0.139372930 -0.000471212 0.999999344 0.000992566 -0.230677888 -0.000863219 -0.000992973 0.999999046 7.347712994
0.999999404 0.000747998 0.000784757 0.150004312 -0.000748793 0.999999225 0.001013354 -0.245930150 -0.000783999 -0.001013941 0.999999106 7.646967411
0.999999702 0.000052663 0.000793291 0.158870399 -0.000053637 0.999999225 0.001228224 -0.255871445 -0.000793226 -0.001228267 0.999998927 7.968820095
0.999999642 0.000326413 0.000793835 0.168676466 -0.000327201 0.999999464 0.000993257 -0.265096456 -0.000793511 -0.000993517 0.999999166 8.274737358
0.999999344 0.000708375 0.000884465 0.172378346 -0.000709372 0.999999106 0.001127105 -0.274018824 -0.000883666 -0.001127732 0.999998987 8.624238968
0.999999404 0.000482891 0.001039207 0.173467755 -0.000484025 0.999999285 0.001091085 -0.278904825 -0.001038679 -0.001091587 0.999998868 8.961501122
0.999999106 0.000347414 0.001308213 0.175845727 -0.000348484 0.999999583 0.000817956 -0.283299476 -0.001307928 -0.000818411 0.999998868 9.312263489
0.999999404 0.000302862 0.001044568 0.190474629 -0.000304260 0.999999046 0.001338329 -0.304274172 -0.001044161 -0.001338646 0.999998569 9.640349388
0.999998927 0.000611320 0.001258728 0.197272539 -0.000612821 0.999999046 0.001192734 -0.312559307 -0.001257998 -0.001193503 0.999998569 9.989784241
0.999999702 0.000212241 0.000888689 0.209592074 -0.000213454 0.999999046 0.001364862 -0.327298403 -0.000888398 -0.001365051 0.999998689 10.328130722
0.999999642 0.000256835 0.000837686 0.221455440 -0.000258108 0.999998808 0.001519403 -0.339497745 -0.000837294 -0.001519619 0.999998510 10.697734833
0.999999464 0.000456138 0.000900107 0.224583939 -0.000457234 0.999999166 0.001217758 -0.345215529 -0.000899551 -0.001218169 0.999998868 11.069585800
0.999999583 0.000112970 0.000924658 0.233796582 -0.000114414 0.999998868 0.001562446 -0.362430841 -0.000924481 -0.001562551 0.999998271 11.441973686
0.999999702 0.000073364 0.000775403 0.240948007 -0.000074598 0.999998689 0.001591003 -0.371359110 -0.000775286 -0.001591060 0.999998450 11.826599121
0.999999583 0.000248134 0.000863279 0.250573039 -0.000249639 0.999998450 0.001743898 -0.383952558 -0.000862845 -0.001744112 0.999998093 12.180561066
0.999999583 -0.000196554 0.000954589 0.258393317 0.000194892 0.999998510 0.001740574 -0.400129437 -0.000954930 -0.001740387 0.999998033 12.572110176
0.999999762 -0.000085664 0.000752537 0.271394610 0.000084260 0.999998212 0.001864668 -0.410377741 -0.000752696 -0.001864604 0.999997973 12.956017494
0.999999762 -0.000055022 0.000633542 0.283771545 0.000053888 0.999998391 0.001789358 -0.417929053 -0.000633639 -0.001789323 0.999998212 13.351914406
0.999998152 0.000879391 0.001693854 0.279136062 -0.000884018 0.999995887 0.002732836 -0.450263143 -0.001691444 -0.002734328 0.999994755 13.765260696
0.999998331 0.000444059 0.001760960 0.285045117 -0.000448476 0.999996722 0.002508776 -0.453958184 -0.001759840 -0.002509562 0.999995232 14.204965591
0.999997914 0.000933738 0.001819891 0.294884324 -0.000938771 0.999995708 0.002766808 -0.478302151 -0.001817300 -0.002768510 0.999994516 14.599947929
0.999998033 0.000874433 0.001742589 0.307810277 -0.000879713 0.999994993 0.003031792 -0.495272458 -0.001739929 -0.003033320 0.999993920 15.004490852
0.999997258 0.000671296 0.002252815 0.319051564 -0.000678243 0.999994934 0.003084147 -0.507754266 -0.002250733 -0.003085667 0.999992669 15.458504677
0.999996662 0.000801557 0.002512152 0.335394233 -0.000810324 0.999993563 0.003490712 -0.535621166 -0.002509338 -0.003492735 0.999990761 15.863411903
0.999996841 0.000013138 0.002537132 0.351176977 -0.000023289 0.999992013 0.004000730 -0.552397132 -0.002537059 -0.004000776 0.999988794 16.298654556
0.999996066 0.000256985 0.002804510 0.356786251 -0.000268420 0.999991655 0.004077651 -0.569874287 -0.002803439 -0.004078387 0.999987781 16.729665756
0.999996126 -0.000191380 0.002782512 0.377844393 0.000180585 0.999992430 0.003879281 -0.579433560 -0.002783233 -0.003878764 0.999988556 17.193920135
0.999996245 -0.000143501 0.002721998 0.392761469 0.000132297 0.999991477 0.004115801 -0.592913091 -0.002722566 -0.004115426 0.999987781 17.658290863
0.999994576 0.000124806 0.003278130 0.402942270 -0.000138536 0.999991238 0.004188547 -0.608319819 -0.003277578 -0.004188979 0.999985874 18.113016129
0.999993205 0.000133935 0.003698853 0.416003227 -0.000149205 0.999991477 0.004128182 -0.616318583 -0.003698269 -0.004128706 0.999984682 18.582565308
0.999991834 0.000120799 0.004049796 0.424248576 -0.000137426 0.999991596 0.004105693 -0.632572711 -0.004049266 -0.004106217 0.999983370 19.052114487
0.999994278 -0.000973664 0.003248282 0.454904735 0.000959696 0.999990344 0.004298752 -0.652828217 -0.003252436 -0.004295610 0.999985516 19.505651474
0.999991715 0.000381542 0.004055955 0.449080318 -0.000400690 0.999988794 0.004721117 -0.656906664 -0.004054109 -0.004722702 0.999980688 19.975170135
0.999992609 -0.000758533 0.003755739 0.453576446 0.000738817 0.999985933 0.005248008 -0.688351870 -0.003759667 -0.005245195 0.999979138 20.437662125
0.999993265 -0.000421481 0.003667625 0.465703785 0.000403608 0.999987960 0.004872482 -0.699323356 -0.003669634 -0.004870969 0.999981463 20.932319641
0.999995768 -0.000200526 0.002921837 0.475980312 0.000185114 0.999986053 0.005274130 -0.709894896 -0.002922854 -0.005273567 0.999981761 21.443729401
0.999994338 0.000411343 0.003345291 0.484798372 -0.000429199 0.999985635 0.005338544 -0.736270607 -0.003343047 -0.005339949 0.999980152 21.945819855
0.999997020 -0.000943375 0.002235552 0.505033672 0.000929943 0.999981582 0.006001860 -0.760081649 -0.002241172 -0.005999764 0.999979436 22.404914856
0.999997377 -0.001173980 0.001962463 0.507964134 0.001161629 0.999979615 0.006283266 -0.777183235 -0.001969799 -0.006280970 0.999978304 22.910989761
0.999998152 -0.001798949 0.000688894 0.525486529 0.001795121 0.999983191 0.005518160 -0.782608986 -0.000698809 -0.005516913 0.999984562 23.430744171
0.999996245 -0.002749113 -0.000011857 0.541880310 0.002749138 0.999984026 0.004942417 -0.790532768 -0.000001731 -0.004942431 0.999987781 23.952634811
0.999997258 -0.002236169 -0.000692573 0.551892340 0.002239832 0.999983370 0.005335576 -0.805897295 0.000680631 -0.005337114 0.999985516 24.462654114
0.999997377 -0.001896603 -0.001270010 0.561581731 0.001903560 0.999983072 0.005499419 -0.815411329 0.001259558 -0.005501822 0.999984086 24.991344452
0.999997258 -0.001471352 -0.001832238 0.566332281 0.001481274 0.999984145 0.005425597 -0.822528601 0.001824226 -0.005428296 0.999983609 25.515943527
0.999996543 -0.001431768 -0.002198647 0.574994683 0.001443835 0.999983847 0.005496525 -0.840672731 0.002190742 -0.005499681 0.999982476 26.050001144
0.999996185 -0.001618465 -0.002231384 0.583592415 0.001630961 0.999982953 0.005609522 -0.844109654 0.002222267 -0.005613140 0.999981761 26.600975037
0.999995410 -0.001312352 -0.002736914 0.590275168 0.001328178 0.999982357 0.005788453 -0.861791372 0.002729269 -0.005792061 0.999979496 27.116638184
0.999995053 -0.000962950 -0.002995395 0.603705049 0.000980598 0.999982119 0.005895914 -0.882119358 0.002989664 -0.005898823 0.999978125 27.641368866
0.999992251 -0.001399319 -0.003672181 0.613355219 0.001421897 0.999980152 0.006153122 -0.892373204 0.003663497 -0.006158297 0.999974310 28.184310913
0.999988258 -0.001934821 -0.004437522 0.628163218 0.001961873 0.999979496 0.006099904 -0.905202568 0.004425630 -0.006108538 0.999971569 28.721088409
0.999985397 -0.002353898 -0.004839045 0.637457907 0.002383429 0.999978542 0.006106073 -0.917862773 0.004824569 -0.006117518 0.999969661 29.261930466
0.999984920 -0.001884955 -0.005159158 0.640478790 0.001918272 0.999977291 0.006460508 -0.932699203 0.005146864 -0.006470306 0.999965847 29.773849487
0.999986768 -0.001441324 -0.004937347 0.642947018 0.001471216 0.999980509 0.006056019 -0.943642199 0.004928523 -0.006063202 0.999969482 30.317371368
0.999986827 -0.001093884 -0.005008971 0.652090549 0.001124959 0.999980211 0.006205261 -0.954761624 0.005002084 -0.006210814 0.999968231 30.852579117
0.999983847 -0.001304514 -0.005518143 0.660262465 0.001340450 0.999977887 0.006513679 -0.975173175 0.005509524 -0.006520971 0.999963582 31.373081207
0.999983788 -0.001435488 -0.005512235 0.666908324 0.001470655 0.999978542 0.006380928 -0.987670660 0.005502956 -0.006388932 0.999964476 31.900608063
0.999984205 -0.001166443 -0.005498077 0.667538464 0.001200423 0.999980152 0.006181024 -0.989947319 0.005490758 -0.006187526 0.999965847 32.441043854
0.999982834 -0.001034488 -0.005760426 0.663879633 0.001070544 0.999979854 0.006259691 -1.021533370 0.005753835 -0.006265751 0.999963820 32.950946808
0.999981523 -0.000916671 -0.006001236 0.669823647 0.000953100 0.999981105 0.006070281 -1.028533697 0.005995559 -0.006075889 0.999963522 33.513446808
0.999981344 -0.000720742 -0.006064204 0.668927610 0.000758796 0.999979973 0.006275316 -1.046116114 0.006059560 -0.006279800 0.999961972 34.070381165
0.999977946 -0.001941556 -0.006345748 0.670749426 0.001984128 0.999975502 0.006709285 -1.059761405 0.006332566 -0.006721728 0.999957383 34.559814453
0.999978781 -0.001282905 -0.006387405 0.679658949 0.001324127 0.999978304 0.006453503 -1.073927402 0.006378987 -0.006461823 0.999958754 35.060352325
0.999976039 -0.001509360 -0.006751677 0.683756113 0.001554939 0.999975979 0.006750611 -1.094580054 0.006741326 -0.006760948 0.999954402 35.597126007
0.999976635 -0.000930244 -0.006772714 0.690892458 0.000974514 0.999978125 0.006536161 -1.108206153 0.006766486 -0.006542607 0.999955714 36.157165527
0.999973834 -0.001049413 -0.007148026 0.709368885 0.001096785 0.999977410 0.006626586 -1.111002922 0.007140911 -0.006634254 0.999952435 36.675128937
0.999974370 -0.001251778 -0.007042825 0.719128847 0.001301198 0.999974549 0.007016967 -1.138396740 0.007033862 -0.007025952 0.999950528 37.218040466
0.999974668 -0.001555444 -0.006950581 0.693669677 0.001610472 0.999967337 0.007918455 -1.163634777 0.006938039 -0.007929448 0.999944448 37.686294556
0.999963880 -0.002326029 -0.008169301 0.714466333 0.002388531 0.999967933 0.007649415 -1.158617735 0.008151246 -0.007668652 0.999937356 38.185489655
0.999971926 -0.001514875 -0.007332680 0.708147287 0.001564484 0.999975860 0.006764484 -1.176439524 0.007322256 -0.006775765 0.999950230 38.709396362
0.999981821 -0.000410166 -0.006019149 0.703917325 0.000458445 0.999967635 0.008021624 -1.224221110 0.006015665 -0.008024237 0.999949694 39.084629059
0.999965310 -0.002618755 -0.007905194 0.773203671 0.002687659 0.999958396 0.008718251 -1.259192467 0.007882032 -0.008739198 0.999930739 39.777866364
0.999968171 -0.002042151 -0.007711621 0.776857138 0.002107905 0.999961436 0.008528108 -1.269759536 0.007693908 -0.008544092 0.999933839 40.298957825
0.999967277 -0.002047311 -0.007823875 0.780888796 0.002112004 0.999963522 0.008269275 -1.275664806 0.007806660 -0.008285527 0.999935210 40.841659546
0.999965608 -0.001927379 -0.008069340 0.794720531 0.001995008 0.999962866 0.008381329 -1.286996126 0.008052886 -0.008397139 0.999932349 41.379379272
0.999967873 -0.002158499 -0.007713678 0.792321861 0.002226984 0.999958098 0.008880957 -1.307762027 0.007694184 -0.008897850 0.999930799 41.889549255
0.999967694 -0.001720862 -0.007869925 0.807849646 0.001790321 0.999959350 0.008827353 -1.315364242 0.007854416 -0.008841157 0.999930084 42.428096771
0.999966264 -0.002255431 -0.007891222 0.814357877 0.002326850 0.999956310 0.009053033 -1.333551764 0.007870458 -0.009071089 0.999927878 42.954944611
0.999968767 -0.001914793 -0.007669773 0.814724684 0.001979421 0.999962628 0.008427675 -1.337338686 0.007653349 -0.008442594 0.999935091 43.485393524
0.999967158 -0.002014440 -0.007849507 0.823844433 0.002081492 0.999961317 0.008543400 -1.347545624 0.007831994 -0.008559460 0.999932647 44.022914886
0.999968410 -0.001392514 -0.007827115 0.832935810 0.001457531 0.999964416 0.008307064 -1.358436823 0.007815270 -0.008318211 0.999934793 44.560398102
0.999968350 -0.001291452 -0.007839391 0.838489294 0.001356383 0.999964774 0.008282972 -1.371701121 0.007828418 -0.008293343 0.999934912 45.086025238
0.999966860 -0.001371043 -0.008025542 0.849478483 0.001435023 0.999967217 0.007971765 -1.384218693 0.008014348 -0.007983017 0.999936044 45.621288300
0.999966860 -0.001126741 -0.008062101 0.859847248 0.001194087 0.999964416 0.008353512 -1.400664449 0.008052400 -0.008362861 0.999932706 46.143737793
0.999967754 -0.001282876 -0.007917571 0.851831913 0.001348860 0.999964356 0.008334195 -1.402088642 0.007906596 -0.008344606 0.999933898 46.678073883
0.999971569 -0.000490215 -0.007519717 0.870561481 0.000550492 0.999967754 0.008015896 -1.410720587 0.007515544 -0.008019808 0.999939620 47.227272034
0.999970376 -0.000955946 -0.007641121 0.854845762 0.001021846 0.999962211 0.008625184 -1.434936881 0.007632589 -0.008632736 0.999933600 47.735084534
0.999964952 -0.001234776 -0.008279145 0.874654770 0.001305726 0.999962449 0.008569739 -1.447760463 0.008268254 -0.008580250 0.999929011 48.261432648
0.999967873 -0.001070756 -0.007960662 0.881331384 0.001138732 0.999962866 0.008539371 -1.461988926 0.007951225 -0.008548162 0.999931812 48.797775269
0.999967277 -0.000775938 -0.008044438 0.885444760 0.000845201 0.999962509 0.008610194 -1.472732902 0.008037454 -0.008616710 0.999930561 49.312030792
0.999968827 -0.000896607 -0.007842666 0.892977178 0.000963109 0.999963582 0.008479874 -1.484202743 0.007834777 -0.008487162 0.999933302 49.844268799
0.999966562 -0.000894115 -0.008143267 0.906616867 0.000963456 0.999963284 0.008515254 -1.491651058 0.008135353 -0.008522813 0.999930561 50.368198395
0.999970496 -0.000360186 -0.007670860 0.902926385 0.000426593 0.999962449 0.008657133 -1.502538562 0.007667453 -0.008660151 0.999933124 50.895591736
0.999975324 0.000498901 -0.007008852 0.896888435 -0.000439475 0.999963999 0.008477718 -1.513093472 0.007012830 -0.008474429 0.999939501 51.432849884
0.999971688 0.000020624 -0.007525387 0.911828279 0.000046450 0.999960303 0.008912813 -1.532091618 0.007525271 -0.008912910 0.999931991 51.949089050
0.999977410 0.000209998 -0.006708706 0.896480203 -0.000150301 0.999960363 0.008897686 -1.538785577 0.006710308 -0.008896477 0.999937892 52.480018616
0.999973357 -0.000155520 -0.007297069 0.918061912 0.000223492 0.999956608 0.009315119 -1.567434669 0.007295303 -0.009316502 0.999930084 53.000598907
0.999978662 0.000502750 -0.006510051 0.888377666 -0.000432674 0.999942005 0.010761266 -1.607133150 0.006515082 -0.010758219 0.999920964 53.473545074
0.999974132 0.000414103 -0.007171336 0.939739168 -0.000349659 0.999959588 0.008985284 -1.582541943 0.007174766 -0.008982545 0.999933898 54.018562317
0.999973416 0.000375363 -0.007277171 0.943583608 -0.000306552 0.999955177 0.009454492 -1.582378864 0.007280394 -0.009452009 0.999928892 54.652000427
0.999976456 0.001168048 -0.006759593 0.937992930 -0.001104813 0.999955773 0.009350996 -1.613777637 0.006770215 -0.009343308 0.999933422 55.105491638
0.999973476 0.000699214 -0.007246278 0.960583627 -0.000631208 0.999955773 0.009383021 -1.623806238 0.007252518 -0.009378199 0.999929726 55.566032410
0.999974489 0.000312881 -0.007137990 0.962549567 -0.000243160 0.999952257 0.009766396 -1.638931394 0.007140703 -0.009764410 0.999926805 56.052352905
0.999971032 -0.000025819 -0.007611438 0.972864032 0.000105400 0.999945343 0.010455142 -1.643195629 0.007610752 -0.010455642 0.999916315 56.664257050
0.999974608 0.000581404 -0.007101072 0.976632059 -0.000511129 0.999950945 0.009894325 -1.667731404 0.007106475 -0.009890445 0.999925852 57.110019684
0.999972701 0.000322084 -0.007381605 0.992329299 -0.000250612 0.999953091 0.009681274 -1.676855683 0.007384378 -0.009679162 0.999925911 57.635684967
0.999973416 0.000220634 -0.007307239 0.998823822 -0.000152073 0.999955952 0.009381790 -1.684303522 0.007308988 -0.009380428 0.999929309 58.155864716
0.999974251 0.000209088 -0.007178339 1.003625751 -0.000140492 0.999954283 0.009555128 -1.696825624 0.007180009 -0.009553874 0.999928653 58.696197510
0.999972582 0.000363856 -0.007387322 1.016611338 -0.000289993 0.999949932 0.009997208 -1.709479094 0.007390590 -0.009994791 0.999922752 59.204956055
0.999975085 0.000420119 -0.007045356 1.039628983 -0.000351318 0.999952197 0.009763774 -1.727334976 0.007049122 -0.009761056 0.999927521 59.766403198
0.999973178 0.001048921 -0.007240870 1.038569808 -0.000976046 0.999948859 0.010060689 -1.729939222 0.007251053 -0.010053353 0.999923170 60.298606873
0.999972522 0.001027852 -0.007345558 1.066759944 -0.000955153 0.999950528 0.009893702 -1.742596388 0.007355365 -0.009886414 0.999924123 60.800083160
0.999972105 0.000578136 -0.007441002 1.082792640 -0.000502292 0.999947965 0.010190680 -1.769017339 0.007446507 -0.010186657 0.999920428 61.380435944
0.999971449 0.001761629 -0.007348916 1.106145024 -0.001680696 0.999938011 0.011004603 -1.825072289 0.007367847 -0.010991937 0.999912500 61.816467285
0.999969542 0.001698634 -0.007615699 1.077507496 -0.001620580 0.999946237 0.010243492 -1.797024369 0.007632689 -0.010230838 0.999918580 62.269321442
0.999964893 0.001412800 -0.008254474 1.141041517 -0.001326021 0.999943852 0.010508950 -1.799716711 0.008268858 -0.010497636 0.999910712 62.841735840
0.999964178 0.000203686 -0.008457109 1.156794548 -0.000107193 0.999934912 0.011408562 -1.843471289 0.008458884 -0.011407247 0.999899209 63.336498260
0.999962747 0.004170633 -0.007548451 1.316931248 -0.004086389 0.999929607 0.011141638 -1.839103699 0.007594388 -0.011110379 0.999909461 63.616317749
0.999966800 0.004659052 -0.006691700 1.275833130 -0.004577376 0.999915421 0.012169238 -1.818500757 0.006747831 -0.012138203 0.999903560 64.126289368
0.999967575 0.002578415 -0.007625692 1.353510857 -0.002497017 0.999939978 0.010664400 -1.889927983 0.007652731 -0.010645014 0.999914050 64.547592163
0.999967396 0.002155083 -0.007778436 1.364129663 -0.002077769 0.999948561 0.009933878 -1.893226504 0.007799442 -0.009917391 0.999920368 65.097473145
0.999967098 0.002429723 -0.007733305 1.366932750 -0.002351897 0.999946654 0.010056942 -1.903340459 0.007757327 -0.010038424 0.999919534 65.650543213
0.999963105 0.002126561 -0.008316334 1.410566807 -0.002034134 0.999936163 0.011106569 -1.945263743 0.008339422 -0.011089245 0.999903738 66.082450867
0.999966204 0.002918531 -0.007670880 1.413798571 -0.002835568 0.999937654 0.010804100 -1.923571110 0.007701933 -0.010781984 0.999912202 66.718986511
0.999963999 0.002435947 -0.008125805 1.416027308 -0.002340274 0.999928117 0.011762686 -1.975988984 0.008153873 -0.011743248 0.999897778 67.168716431
0.999963820 0.001857747 -0.008292073 1.416885614 -0.001765249 0.999936283 0.011148399 -1.978639603 0.008312257 -0.011133358 0.999903500 67.671401978
0.999963641 0.001745253 -0.008348242 1.428456545 -0.001652769 0.999937356 0.011072334 -1.990804553 0.008367044 -0.011058135 0.999903858 68.195167542
0.999961615 0.001211236 -0.008677253 1.434116602 -0.001117385 0.999940872 0.010812456 -1.994831085 0.008689838 -0.010802344 0.999903858 68.732231140
0.999960780 0.001469692 -0.008726489 1.461754560 -0.001373183 0.999937952 0.011054965 -2.029723644 0.008742194 -0.011042547 0.999900818 69.273185730
0.999958038 0.001083052 -0.009096023 1.471450210 -0.000980736 0.999936223 0.011245370 -2.044569731 0.009107625 -0.011235978 0.999895334 69.786735535
0.999956608 0.001396003 -0.009207836 1.475370884 -0.001292049 0.999935448 0.011285977 -2.058298826 0.009222997 -0.011273589 0.999893904 70.327377319
0.999961138 0.001797903 -0.008620769 1.476507187 -0.001702612 0.999937475 0.011048312 -2.071200848 0.008640093 -0.011033205 0.999901831 70.771804810
0.999960482 0.001515974 -0.008758205 1.483570576 -0.001416783 0.999934912 0.011320575 -2.080442429 0.008774796 -0.011307722 0.999897480 71.297691345
0.999961317 0.001299521 -0.008699912 1.493580580 -0.001200653 0.999934733 0.011359835 -2.093266487 0.008714109 -0.011348949 0.999897599 71.822555542
0.999964535 0.001835491 -0.008217893 1.497429848 -0.001741453 0.999933064 0.011435663 -2.106817722 0.008238335 -0.011420948 0.999900818 72.367073059
0.999962449 0.001333966 -0.008565047 1.492696762 -0.001236203 0.999934137 0.011409232 -2.111344814 0.008579704 -0.011398216 0.999898255 72.881042480
0.999964058 0.001055982 -0.008415646 1.506496668 -0.000961148 0.999936104 0.011264802 -2.123667717 0.008427004 -0.011256307 0.999901056 73.395721436
0.999965310 0.001461453 -0.008206435 1.520182133 -0.001368299 0.999934673 0.011345532 -2.136953831 0.008222479 -0.011333908 0.999901891 73.919410706
0.999966443 0.001957890 -0.007945232 1.503996372 -0.001865067 0.999930143 0.011673563 -2.153249741 0.007967533 -0.011658353 0.999900222 74.371986389
0.999968112 0.001177988 -0.007907922 1.509727597 -0.001087489 0.999934018 0.011438609 -2.159872055 0.007920876 -0.011429644 0.999903262 74.914367676
0.999963701 0.002274744 -0.008213112 1.540822268 -0.002176369 0.999926031 0.011966997 -2.183105230 0.008239727 -0.011948688 0.999894619 75.361145020
0.999962986 0.002669965 -0.008180883 1.567419767 -0.002572314 0.999925554 0.011923932 -2.206126213 0.008212108 -0.011902449 0.999895453 75.858024597
0.999962747 0.002150745 -0.008348807 1.581148386 -0.002050007 0.999925137 0.012056014 -2.215289831 0.008374111 -0.012038449 0.999892473 76.368728638
0.999959946 0.002233913 -0.008663607 1.591587543 -0.002129886 0.999925733 0.011998126 -2.226894140 0.008689766 -0.011979192 0.999890506 76.891227722
0.999960959 0.002326062 -0.008515473 1.598612547 -0.002226942 0.999929845 0.011630984 -2.232996464 0.008541931 -0.011611570 0.999896109 77.437484741
0.999972880 0.002208953 -0.007028885 1.608155489 -0.002126567 0.999929190 0.011707000 -2.246567726 0.007054247 -0.011691734 0.999906778 77.961509705
0.999981284 0.002205614 -0.005703100 1.620412827 -0.002137967 0.999927640 0.011840284 -2.263542175 0.005728801 -0.011827870 0.999913573 78.494590759
0.999986529 0.002913719 -0.004290342 1.633488417 -0.002862771 0.999925852 0.011833599 -2.280101538 0.004324504 -0.011821158 0.999920785 79.015029907
0.999991655 0.002323250 -0.003356361 1.641767979 -0.002282450 0.999924004 0.012109198 -2.288279295 0.003384238 -0.012101437 0.999921024 79.557731628
0.999995649 0.002921598 0.000324061 1.655760407 -0.002925264 0.999924242 0.011957817 -2.300939322 -0.000289100 -0.011958714 0.999928415 80.111793518
0.999989986 0.003043233 0.003286627 1.681032419 -0.003084334 0.999916196 0.012573452 -2.318039417 -0.003248088 -0.012583462 0.999915481 80.613235474
0.999984384 0.001701221 0.005318222 1.703764915 -0.001764814 0.999926746 0.011975699 -2.313285828 -0.005297458 -0.011984900 0.999914050 81.207847595
0.999943197 0.003113509 0.010199762 1.737327337 -0.003236535 0.999921858 0.012067451 -2.327029228 -0.010161393 -0.012099778 0.999875069 81.692993164
0.999876618 0.002512812 0.015503933 1.765803576 -0.002705090 0.999919474 0.012393401 -2.344256878 -0.015471540 -0.012433812 0.999802947 82.201271057
0.999794841 0.000723744 0.020244140 1.815971732 -0.000961828 0.999930501 0.011753373 -2.340774298 -0.020234223 -0.011770433 0.999725878 82.734161377
0.999591947 0.002546662 0.028449934 1.776818275 -0.002893662 0.999921858 0.012162374 -2.377583981 -0.028416738 -0.012239736 0.999521136 83.386642456
0.999380469 0.002042259 0.035137311 1.866379619 -0.002473973 0.999921858 0.012247373 -2.397627115 -0.035109553 -0.012326712 0.999307454 83.727912903
0.999034464 0.001850914 0.043896928 1.881172061 -0.002381678 0.999924600 0.012041942 -2.407405615 -0.043871328 -0.012134863 0.998963475 84.422080994
0.998700559 0.001687841 0.050933983 1.932117224 -0.002312871 0.999922812 0.012214956 -2.417827129 -0.050909422 -0.012316888 0.998627245 84.958190918
0.998243511 0.000925140 0.059235986 2.000183821 -0.001623450 0.999929726 0.011741574 -2.428600311 -0.059220962 -0.011817118 0.998174906 85.480445862
0.997586370 0.001165209 0.069426507 2.056459188 -0.002010762 0.999924779 0.012110470 -2.446941376 -0.069407173 -0.012220842 0.997513473 86.001441956
0.996951222 0.000643194 0.078025036 2.111536503 -0.001576937 0.999927819 0.011906201 -2.455210686 -0.078011736 -0.011992944 0.996880293 86.543441772
0.996289492 0.000668265 0.086062223 2.184332371 -0.001693936 0.999928355 0.011845306 -2.469410658 -0.086048156 -0.011947140 0.996219337 87.064071655
0.995339811 0.000023857 0.096429057 2.267543793 -0.001168311 0.999929547 0.011811907 -2.482017040 -0.096421987 -0.011869521 0.995269775 87.591453552
0.994268835 0.000022649 0.106908895 2.350106239 -0.001308409 0.999927640 0.011956570 -2.492773533 -0.106900871 -0.012027925 0.994196892 88.136787415
0.993219972 -0.000499546 0.116248488 2.435668945 -0.000905553 0.999927163 0.012033901 -2.511342049 -0.116246007 -0.012057583 0.993147254 88.665176392
0.991894960 -0.000265958 0.127059624 2.530016899 -0.001255488 0.999928415 0.011894032 -2.518059254 -0.127053693 -0.011957153 0.991823792 89.208229065
0.990261197 -0.000340352 0.139221430 2.629499435 -0.001283741 0.999932170 0.011575577 -2.527405024 -0.139215887 -0.011641569 0.990193605 89.755104065
0.988652825 -0.000682202 0.150216609 2.736190796 -0.001078719 0.999931574 0.011640749 -2.542403698 -0.150214300 -0.011670703 0.988584578 90.303810120
0.987127125 -0.000810487 0.159935459 2.840448380 -0.001026295 0.999934494 0.011401582 -2.546568632 -0.159934253 -0.011418952 0.987061620 90.849502563
0.985123038 -0.001228738 0.171845734 2.961325645 -0.000685818 0.999938488 0.011081312 -2.558144331 -0.171848729 -0.011034313 0.985061526 91.384483337
0.982852817 -0.001336357 0.184386939 3.084119797 -0.000719507 0.999938309 0.011082368 -2.566706657 -0.184390381 -0.011025005 0.982791245 91.920211792
0.980815351 -0.001788593 0.194930464 3.214363098 -0.000324279 0.999941528 0.010806654 -2.572557449 -0.194938421 -0.010662543 0.980757535 92.458465576
0.978030205 -0.001656799 0.208456635 3.350704193 -0.000625638 0.999940574 0.010882801 -2.585921526 -0.208462283 -0.010774129 0.977971077 92.996414185
0.975108147 -0.002317229 0.221717536 3.501274109 -0.000033083 0.999943852 0.010596174 -2.592338562 -0.221729636 -0.010339752 0.975053310 93.531349182
0.972389400 -0.002372422 0.233352631 3.654348373 -0.000097486 0.999944091 0.010572345 -2.608430147 -0.233364671 -0.010303183 0.972334623 94.058715820
0.969491065 -0.002976870 0.245108545 3.827760696 0.000256189 0.999937952 0.011131035 -2.624147654 -0.245126486 -0.010728646 0.969431758 94.605911255
0.965820074 -0.003469872 0.259190232 4.001792908 0.000510768 0.999933958 0.011483199 -2.639167309 -0.259212941 -0.010958318 0.965758026 95.128677368
0.962373018 -0.003724139 0.271706343 4.178771973 0.000676622 0.999935746 0.011309037 -2.650427818 -0.271731049 -0.010699669 0.962313712 95.651382446
0.959281385 -0.004290562 0.282419592 4.367715836 0.001128735 0.999934852 0.011357243 -2.663404226 -0.282449991 -0.010576013 0.959223747 96.166427612
0.955037117 -0.003952682 0.296460211 4.560411453 0.000643844 0.999936402 0.011257954 -2.669573307 -0.296485931 -0.010560889 0.954978824 96.700973511
0.950580359 -0.004778675 0.310441941 4.764991760 0.001258033 0.999932647 0.011539971 -2.683740616 -0.310476154 -0.010579126 0.950522304 97.220756531
0.946910024 -0.005085457 0.321458429 4.972681046 0.001544856 0.999935329 0.011268294 -2.689599037 -0.321494997 -0.010173453 0.946856558 97.753440857
0.942364275 -0.005180079 0.334548444 5.179859161 0.001377956 0.999931753 0.011601278 -2.707797527 -0.334585696 -0.010471636 0.942307115 98.265571594
0.937249303 -0.005471656 0.348616898 5.400163651 0.001447634 0.999929309 0.011802280 -2.717973709 -0.348656803 -0.010557009 0.937191010 98.781929016
0.932525992 -0.005937586 0.361054063 5.621597290 0.001707476 0.999926090 0.012033883 -2.731224060 -0.361098796 -0.010605417 0.932467222 99.295051575
0.927835763 -0.005955779 0.372941464 5.843473434 0.001637615 0.999927878 0.011894393 -2.740770817 -0.372985423 -0.010425307 0.927778602 99.807235718
0.922256291 -0.006155793 0.386529982 6.093387604 0.001793099 0.999930561 0.011646361 -2.743881702 -0.386574775 -0.010047844 0.922203302 100.321746826
0.916897476 -0.007132343 0.399059117 6.344516754 0.002695723 0.999928176 0.011677795 -2.750605583 -0.399113804 -0.009631586 0.916850805 100.828262329
0.912142396 -0.007614702 0.409802705 6.597843170 0.003219539 0.999929607 0.011414002 -2.759888887 -0.409860879 -0.009091819 0.912102759 101.337776184
0.906662107 -0.008430470 0.421773344 6.862457275 0.003912488 0.999925315 0.011576206 -2.773847103 -0.421839446 -0.008845524 0.906627417 101.826675415
0.900261223 -0.008135584 0.435274065 7.120765686 0.003393008 0.999926090 0.011671704 -2.787170410 -0.435336828 -0.009030693 0.900222301 102.302246094
0.894364715 -0.008629516 0.447255552 7.395732880 0.003737699 0.999923170 0.011818715 -2.795289040 -0.447323263 -0.008898535 0.894328058 102.800003052
0.888629019 -0.009126579 0.458536059 7.666412354 0.004124049 0.999920547 0.011909871 -2.802699089 -0.458608449 -0.008692429 0.888595939 103.285339355
0.881511390 -0.009124844 0.472074538 7.950218201 0.004171451 0.999924660 0.011538384 -2.810410500 -0.472144306 -0.008201982 0.881483138 103.757095337
