1.000000000 0.000000000 0.000000000 0.000000000 0.000000000 1.000000000 0.000000000 0.000000000 0.000000000 0.000000000 1.000000000 0.000000000
1.000000000 0.000160853 0.000138566 -0.001104066 -0.000160850 1.000000000 -0.000028647 0.000297470 -0.000138571 0.000028624 1.000000000 0.000200050
1.000000000 0.000188160 0.000088809 0.004051036 -0.000188164 1.000000000 0.000044496 0.000212247 -0.000088800 -0.000044512 1.000000000 -0.001416215
1.000000000 -0.000017947 -0.000019196 0.002305457 0.000017948 1.000000000 0.000067291 -0.000225004 0.000019195 -0.000067292 1.000000000 -0.003398019
1.000000000 0.000082708 0.000114157 -0.002288619 -0.000082703 1.000000000 -0.000045054 0.002369883 -0.000114161 0.000045044 1.000000000 0.002207999
1.000000000 0.000056141 0.000030420 -0.001582777 -0.000056141 1.000000000 0.000006802 0.004589868 -0.000030420 -0.000006804 1.000000000 -0.005645540
1.000000000 -0.000006521 0.000099526 -0.003934026 0.000006517 1.000000000 0.000033886 0.002527260 -0.000099527 -0.000033885 1.000000000 0.000189811
1.000000000 0.000110493 0.000059652 -0.000478620 -0.000110488 1.000000000 -0.000086664 0.000654566 -0.000059661 0.000086657 1.000000000 -0.000707729
1.000000000 0.000022582 0.000083076 -0.000649971 -0.000022581 1.000000000 -0.000002698 -0.000275746 -0.000083076 0.000002696 1.000000000 -0.002921503
1.000000000 0.000083542 0.000056452 -0.001320732 -0.000083544 1.000000000 0.000042121 0.001480842 -0.000056448 -0.000042126 1.000000000 -0.005387479
1.000000000 -0.000113108 0.000026369 -0.000261933 0.000113109 1.000000000 -0.000011795 -0.000465929 -0.000026368 0.000011798 1.000000000 -0.001171261
1.000000000 0.000002434 0.000012354 -0.000854648 -0.000002434 1.000000000 -0.000024856 -0.000519931 -0.000012354 0.000024856 1.000000000 -0.002868430
1.000000000 0.000050322 0.000105085 0.000479128 -0.000050323 1.000000000 0.000004406 0.001364350 -0.000105085 -0.000004412 1.000000000 -0.002656257
1.000000000 -0.000203140 0.000016607 -0.000991958 0.000203137 0.999999940 0.000166829 0.001296938 -0.000016640 -0.000166825 1.000000000 -0.004485948
0.999999940 -0.000287780 -0.000047013 0.000069993 0.000287781 0.999999940 0.000013390 0.000555760 0.000047009 -0.000013403 1.000000000 -0.000954786
1.000000000 -0.000181788 0.000109633 -0.001744822 0.000181782 1.000000000 0.000057029 -0.000728633 -0.000109644 -0.000057009 1.000000000 -0.002429023
1.000000000 0.000057317 0.000062090 -0.002742588 -0.000057319 1.000000000 0.000035893 0.000211922 -0.000062087 -0.000035897 1.000000000 -0.006270078
0.999999940 -0.000245990 0.000001689 0.000045074 0.000245990 0.999999940 0.000022502 -0.000439688 -0.000001695 -0.000022502 1.000000000 -0.006288434
1.000000000 -0.000038695 0.000032565 -0.000604735 0.000038697 1.000000000 -0.000060917 0.000239359 -0.000032563 0.000060918 1.000000000 -0.011470663
0.999999940 -0.000244023 -0.000087688 0.002772043 0.000244027 0.999999940 0.000049356 -0.001571833 0.000087676 -0.000049378 1.000000000 -0.008180766
1.000000000 -0.000029177 0.000091018 -0.001219254 0.000029171 1.000000000 0.000071282 -0.002870624 -0.000091020 -0.000071280 1.000000000 -0.005422597
1.000000000 -0.000202794 -0.000011214 0.002222589 0.000202795 1.000000000 0.000033739 -0.001266180 0.000011207 -0.000033742 1.000000000 -0.006695844
1.000000000 -0.000186669 0.000055657 -0.000295955 0.000186662 1.000000000 0.000128474 -0.000469590 -0.000055681 -0.000128463 1.000000000 -0.011243389
1.000000000 -0.000047931 -0.000051368 0.005081278 0.000047933 1.000000000 0.000046862 -0.001841126 0.000051365 -0.000046864 1.000000000 -0.011803775
1.000000000 -0.000024505 0.000083322 -0.000110084 0.000024503 1.000000000 0.000021378 -0.000462600 -0.000083322 -0.000021376 1.000000000 -0.006489211
1.000000000 0.000064096 0.000116643 -0.005883134 -0.000064080 1.000000000 -0.000140282 0.000169734 -0.000116652 0.000140275 1.000000000 -0.005058395
1.000000000 -0.000116983 0.000076946 -0.004180920 0.000116979 1.000000000 0.000060510 0.000126255 -0.000076953 -0.000060501 1.000000000 -0.005747085
0.999999940 -0.000299116 -0.000033847 -0.003269287 0.000299119 0.999999940 0.000093991 0.001386534 0.000033819 -0.000094001 1.000000000 -0.005961169
1.000000000 -0.000219445 -0.000059624 0.000137579 0.000219448 1.000000000 0.000048332 -0.001630071 0.000059613 -0.000048345 1.000000000 -0.001133764
1.000000000 -0.000153331 0.000095161 -0.004596503 0.000153325 1.000000000 0.000065678 0.001705712 -0.000095171 -0.000065664 1.000000000 0.002037771
1.000000000 -0.000232630 0.000017118 -0.000875393 0.000232628 0.999999940 0.000088865 -0.000346106 -0.000017138 -0.000088861 1.000000000 -0.005230902
0.999999940 -0.000300062 -0.000023835 0.000607061 0.000300064 0.999999940 0.000091596 -0.001908244 0.000023808 -0.000091603 1.000000000 -0.007874259
1.000000000 0.000030083 0.000039993 -0.004902973 -0.000030080 1.000000000 -0.000077014 0.001449033 -0.000039996 0.000077013 1.000000000 -0.006013784
1.000000000 -0.000034524 0.000036674 -0.003141786 0.000034527 1.000000000 -0.000093267 0.004757332 -0.000036671 0.000093268 1.000000000 -0.005817144
1.000000000 -0.000157971 -0.000034900 -0.002202132 0.000157970 1.000000000 -0.000020407 0.000474602 0.000034903 0.000020401 1.000000000 -0.006094839
1.000000000 -0.000195052 -0.000065779 -0.000428120 0.000195051 1.000000000 -0.000017901 0.000396362 0.000065783 0.000017889 1.000000000 -0.007886785
1.000000000 -0.000173843 0.000038611 -0.003119118 0.000173836 0.999999940 0.000192480 -0.001308545 -0.000038644 -0.000192473 1.000000000 -0.005024735
1.000000000 -0.000013057 0.000029478 -0.002217886 0.000013053 1.000000000 0.000122353 -0.000853988 -0.000029479 -0.000122353 1.000000000 -0.004984864
0.999999940 -0.000297504 -0.000101291 0.001172820 0.000297512 0.999999940 0.000076946 -0.002006486 0.000101268 -0.000076976 1.000000000 -0.002039495
1.000000000 -0.000032593 0.000060626 0.000103744 0.000032631 0.999999821 -0.000624048 -0.005163524 -0.000060606 0.000624050 0.999999821 0.046889864
1.000000000 -0.000098014 -0.000058046 0.003557736 0.000097940 0.999999166 -0.001271434 -0.001577290 0.000058170 0.001271429 0.999999166 0.140094548
1.000000000 -0.000013656 -0.000104386 0.005849067 0.000013516 0.999999106 -0.001339930 -0.010358812 0.000104405 0.001339928 0.999999106 0.259307265
1.000000000 0.000126899 0.000103273 0.002317987 -0.000126766 0.999999166 -0.001293355 -0.015335840 -0.000103437 0.001293342 0.999999166 0.382609189
1.000000000 -0.000100052 -0.000143940 0.007144901 0.000099869 0.999999166 -0.001270476 -0.017100981 0.000144067 0.001270461 0.999999166 0.531185389
0.999999940 0.000300291 0.000212029 0.004230085 -0.000300058 0.999999344 -0.001096612 -0.029643480 -0.000212358 0.001096549 0.999999404 0.684547067
1.000000000 -0.000117314 0.000132587 0.024519151 0.000117435 0.999999583 -0.000909558 -0.025224321 -0.000132481 0.000909574 0.999999583 0.863018572
1.000000000 -0.000063865 0.000152354 0.016637130 0.000063981 0.999999702 -0.000763178 -0.027591333 -0.000152305 0.000763187 0.999999702 1.037332773
0.999999881 0.000037038 0.000422596 0.012230026 -0.000036721 0.999999702 -0.000748371 -0.040278953 -0.000422624 0.000748355 0.999999642 1.201749444
1.000000000 -0.000098463 -0.000137992 0.045594815 0.000098386 0.999999821 -0.000560587 -0.045623310 0.000138047 0.000560574 0.999999821 1.429270506
0.999999940 0.000207997 -0.000209994 0.042012807 -0.000208112 0.999999821 -0.000550576 -0.050683640 0.000209879 0.000550620 0.999999821 1.644867897
0.999999642 -0.000806809 -0.000133228 0.030757684 0.000806764 0.999999642 -0.000338310 -0.063798741 0.000133501 0.000338202 0.999999940 1.815181971
0.999995053 -0.001690979 0.002648429 -0.022143662 0.001681355 0.999992013 0.003631686 -0.137336165 -0.002654549 -0.003627215 0.999989927 1.867563128
0.999994755 -0.001448484 0.002897899 -0.018499689 0.001438045 0.999992549 0.003601363 -0.142357707 -0.002903094 -0.003597177 0.999989390 2.098525524
0.999993861 -0.000848122 0.003386054 -0.019748446 0.000835053 0.999992192 0.003859448 -0.146410584 -0.003389301 -0.003856597 0.999986827 2.307672739
0.999995053 -0.001701972 0.002648003 -0.006679176 0.001691372 0.999990582 0.004000272 -0.162049711 -0.002654787 -0.003995773 0.999988496 2.502979040
0.999994338 -0.001673055 0.002923845 -0.003260686 0.001660977 0.999990106 0.004128556 -0.168779135 -0.002930723 -0.004123676 0.999987185 2.732647419
0.999994636 -0.001752783 0.002771868 0.002988577 0.001741463 0.999990165 0.004080913 -0.169871211 -0.002778993 -0.004076064 0.999987781 2.974030972
0.999994338 -0.001517344 0.002991146 0.007383057 0.001505484 0.999991000 0.003963319 -0.179327384 -0.002997133 -0.003958793 0.999987602 3.190260887
0.999994576 -0.001524129 0.002940400 0.014808904 0.001511790 0.999990046 0.004193955 -0.187507287 -0.002946763 -0.004189486 0.999986827 3.440793276
0.999994993 -0.001233660 0.002931588 0.022147691 0.001221383 0.999990463 0.004185937 -0.189224496 -0.002936724 -0.004182335 0.999986947 3.699595213
0.999994755 -0.001386203 0.002923050 0.032003369 0.001373646 0.999989748 0.004293686 -0.197423458 -0.002928973 -0.004289648 0.999986470 3.974983692
0.999993384 -0.001715567 0.003206596 0.022516385 0.001699072 0.999985337 0.005139894 -0.220367283 -0.003215367 -0.005134412 0.999981642 4.171648979
0.999994397 -0.001880963 0.002779819 0.036433592 0.001866883 0.999985456 0.005059089 -0.225483313 -0.002789295 -0.005053871 0.999983311 4.432943344
0.999993384 -0.002155779 0.002922624 0.049395520 0.002140363 0.999983788 0.005267845 -0.233107433 -0.002933933 -0.005261555 0.999981821 4.696777344
0.999993265 -0.001966563 0.003085736 0.058794819 0.001950585 0.999984682 0.005172333 -0.245666891 -0.003095861 -0.005166280 0.999981821 4.963518620
0.999992609 -0.002210127 0.003142981 0.049115248 0.002192749 0.999982357 0.005522017 -0.249647006 -0.003155130 -0.005515085 0.999979794 5.225698471
0.999992311 -0.001841297 0.003464838 0.035928432 0.001823016 0.999984443 0.005272022 -0.269652456 -0.003474492 -0.005265665 0.999980092 5.438389301
0.999993861 -0.001726984 0.003055217 0.050631139 0.001710128 0.999983370 0.005511145 -0.273542285 -0.003064684 -0.005505886 0.999980152 5.711323261
0.999992490 -0.001421446 0.003599376 0.051523186 0.001401572 0.999983788 0.005518119 -0.285587490 -0.003607161 -0.005513033 0.999978304 5.989991665
0.999992251 -0.001318367 0.003698493 0.056320664 0.001296946 0.999982357 0.005788371 -0.293123931 -0.003706059 -0.005783529 0.999976456 6.264851093
0.999992847 -0.002039019 0.003191895 0.063105896 0.002021185 0.999982536 0.005580232 -0.312136859 -0.003203217 -0.005573742 0.999979258 6.538798332
0.999991655 -0.002402353 0.003304947 0.073060244 0.002383215 0.999980569 0.005782309 -0.315181136 -0.003318773 -0.005774384 0.999977767 6.847059727
0.999992192 -0.001827481 0.003509184 0.079378225 0.001806237 0.999980092 0.006047498 -0.329621762 -0.003520166 -0.006041112 0.999975562 7.129679203
0.999992251 -0.002040534 0.003369455 0.093674488 0.002019717 0.999978960 0.006170203 -0.341252059 -0.003381975 -0.006163350 0.999975264 7.424290180
0.999992251 -0.002196158 0.003289897 0.107154526 0.002175009 0.999977112 0.006418287 -0.348228037 -0.003303917 -0.006411081 0.999974012 7.754848480
0.999991775 -0.002172996 0.003448154 0.103148118 0.002150412 0.999976397 0.006539817 -0.353738636 -0.003462284 -0.006532348 0.999972641 8.047438622
0.999989629 -0.002778565 0.003601155 0.087465957 0.002754875 0.999974668 0.006566646 -0.380492985 -0.003619309 -0.006556658 0.999971926 8.347946167
0.999988735 -0.003245860 0.003454188 0.094852373 0.003222839 0.999972701 0.006649282 -0.389196008 -0.003475676 -0.006638074 0.999971926 8.677946091
0.999989212 -0.002815431 0.003679308 0.107644022 0.002788740 0.999969900 0.007239445 -0.402373821 -0.003699580 -0.007229107 0.999966979 9.005513191
0.999987006 -0.003829790 0.003342960 0.118728042 0.003804700 0.999964774 0.007479854 -0.410763144 -0.003371489 -0.007467038 0.999966443 9.354249954
0.999988616 -0.003027443 0.003683648 0.126877606 0.002999389 0.999966681 0.007597484 -0.412375301 -0.003706526 -0.007586349 0.999964297 9.693282127
0.999990404 -0.002901349 0.003289375 0.131019309 0.002879380 0.999973595 0.006663793 -0.422300130 -0.003308621 -0.006654257 0.999972403 10.024602890
0.999990880 -0.002728473 0.003286003 0.141827881 0.002706040 0.999973059 0.006812244 -0.430957258 -0.003304502 -0.006803290 0.999971449 10.383365631
0.999991894 -0.002296453 0.003307258 0.142312735 0.002274268 0.999974966 0.006696237 -0.437493265 -0.003322553 -0.006688662 0.999972105 10.765948296
0.999990165 -0.002875790 0.003360214 0.155359536 0.002851069 0.999969065 0.007338742 -0.448451281 -0.003381214 -0.007329090 0.999967456 11.139091492
0.999988854 -0.003584076 0.003077347 0.185403109 0.003562139 0.999968410 0.007104545 -0.447904587 -0.003102713 -0.007093504 0.999970078 11.530192375
0.999990702 -0.002713024 0.003352303 0.168968230 0.002687818 0.999968290 0.007500540 -0.470760763 -0.003372545 -0.007491461 0.999966264 11.964047432
0.999987304 -0.003784417 0.003314119 0.179341510 0.003759783 0.999965489 0.007407890 -0.498536170 -0.003342039 -0.007395336 0.999967098 12.200065613
0.999987304 -0.003788197 0.003335840 0.190794364 0.003763373 0.999965429 0.007416687 -0.504835308 -0.003363820 -0.007404038 0.999966979 12.601513863
0.999987543 -0.004142330 0.002797947 0.214548945 0.004120745 0.999962032 0.007676768 -0.512982428 -0.002829640 -0.007665143 0.999966621 12.995193481
0.999987781 -0.003098409 0.003853694 0.208954722 0.003069228 0.999966741 0.007555162 -0.521632969 -0.003876975 -0.007543243 0.999964058 13.426674843
0.999986291 -0.003947395 0.003445684 0.219868839 0.003918529 0.999957561 0.008344352 -0.548840880 -0.003478476 -0.008330737 0.999959230 13.820194244
0.999981999 -0.005016068 0.003298096 0.235954076 0.004987667 0.999950886 0.008563616 -0.602459133 -0.003340890 -0.008547012 0.999957919 14.195199966
0.999982655 -0.004740128 0.003497251 0.250225484 0.004708817 0.999949276 0.008907437 -0.613579571 -0.003539296 -0.008890814 0.999954283 14.604502678
0.999978185 -0.005350492 0.003872062 0.260423303 0.005314313 0.999942601 0.009294187 -0.625651181 -0.003921569 -0.009273406 0.999949276 15.021071434
0.999979854 -0.004374091 0.004591702 0.278149307 0.004331506 0.999947906 0.009243656 -0.638538480 -0.004631895 -0.009223580 0.999946773 15.477647781
0.999978602 -0.004115699 0.005089910 0.258463085 0.004066971 0.999946177 0.009547147 -0.667598128 -0.005128928 -0.009526242 0.999941468 15.888489723
0.999971807 -0.006519634 0.003722569 0.321254790 0.006485683 0.999938011 0.009060436 -0.682224035 -0.003781409 -0.009036038 0.999952018 16.351192474
0.999973834 -0.005666710 0.004497438 0.332401991 0.005625480 0.999942482 0.009127702 -0.692621231 -0.004548903 -0.009102163 0.999948204 16.816165924
0.999977052 -0.005356673 0.004147017 0.344576627 0.005318949 0.999944925 0.009054975 -0.696211934 -0.004195293 -0.009032710 0.999950349 17.281658173
0.999973118 -0.005458734 0.004892244 0.353414595 0.005411205 0.999938548 0.009676270 -0.718339026 -0.004944764 -0.009649539 0.999941170 17.729980469
0.999971986 -0.005432101 0.005160746 0.378086001 0.005379772 0.999934494 0.010099978 -0.733344793 -0.005215273 -0.010071931 0.999935687 18.210615158
0.999966025 -0.006809714 0.004657187 0.398981690 0.006763985 0.999929488 0.009765156 -0.729680538 -0.004723356 -0.009733323 0.999941468 18.690044403
0.999971211 -0.005641802 0.005084459 0.414030164 0.005593962 0.999940395 0.009374732 -0.734498978 -0.005137046 -0.009346019 0.999943137 19.164649963
0.999970376 -0.005523557 0.005358715 0.401379943 0.005467242 0.999930203 0.010467391 -0.764639378 -0.005416159 -0.010437782 0.999930859 19.565034866
0.999972522 -0.005225141 0.005271716 0.410130590 0.005168860 0.999930084 0.010633784 -0.780240238 -0.005326911 -0.010606243 0.999929547 20.054088593
0.999971509 -0.005583041 0.005065609 0.416726768 0.005527694 0.999925554 0.010874932 -0.791997194 -0.005125948 -0.010846621 0.999927998 20.570713043
0.999970257 -0.006667282 0.003863620 0.445858508 0.006624890 0.999918759 0.010882729 -0.811277270 -0.003935865 -0.010856809 0.999933302 21.100606918
0.999969900 -0.006665643 0.003960373 0.417171836 0.006621133 0.999915957 0.011147602 -0.828411758 -0.004034346 -0.011121047 0.999929965 21.510656357
0.999970317 -0.006621224 0.003929845 0.423464715 0.006576716 0.999915302 0.011232475 -0.838017344 -0.004003884 -0.011206296 0.999929190 22.047004700
0.999972761 -0.006422757 0.003624725 0.420330554 0.006381339 0.999915481 0.011324652 -0.849546731 -0.003697155 -0.011301213 0.999929249 22.579380035
0.999965072 -0.008114845 0.001980296 0.440931261 0.008091571 0.999901235 0.011490661 -0.867815018 -0.002073345 -0.011474236 0.999931991 23.020168304
0.999959052 -0.008899522 0.001652229 0.444874346 0.008880341 0.999896944 0.011274332 -0.877574265 -0.001752395 -0.011259198 0.999935031 23.562314987
0.999968946 -0.007821098 0.000989600 0.446360052 0.007809800 0.999909520 0.010947064 -0.879278481 -0.001075128 -0.010938995 0.999939620 24.114532471
0.999968350 -0.007956338 -0.000019343 0.474804074 0.007956004 0.999897361 0.011913265 -0.899814606 -0.000075445 -0.011913042 0.999929011 24.576423645
0.999959290 -0.008979251 -0.000941594 0.487735152 0.008990021 0.999885857 0.012136471 -0.905928850 0.000832510 -0.012144439 0.999925852 25.116359711
0.999955535 -0.009350084 -0.001259043 0.494469404 0.009365015 0.999878943 0.012427868 -0.926081181 0.001142688 -0.012439106 0.999921918 25.642538071
0.999960005 -0.008803624 -0.001561561 0.497897446 0.008823031 0.999877930 0.012890588 -0.920374632 0.001447887 -0.012903851 0.999915659 26.191238403
0.999958754 -0.008885371 -0.001884746 0.505899608 0.008908509 0.999880373 0.012646155 -0.930747509 0.001772155 -0.012662425 0.999918282 26.726161957
0.999975264 -0.006902012 -0.001381390 0.504775226 0.006918719 0.999898255 0.012479017 -0.942249894 0.001295119 -0.012488266 0.999921203 27.301843643
0.999960721 -0.008414185 -0.002768665 0.526839375 0.008448816 0.999883115 0.012744123 -0.952685833 0.002661110 -0.012767015 0.999915004 27.848134995
0.999962866 -0.008208917 -0.002598548 0.515702724 0.008242613 0.999878585 0.013233896 -0.976429701 0.002489595 -0.013254825 0.999908984 28.283800125
0.999959826 -0.008498000 -0.002865434 0.530320704 0.008536299 0.999870777 0.013629299 -0.990917444 0.002749242 -0.013653213 0.999902964 28.830713272
0.999960482 -0.008154458 -0.003534516 0.542088628 0.008199706 0.999882162 0.012981429 -0.987655520 0.003428243 -0.013009898 0.999909461 29.378839493
0.999959707 -0.008188430 -0.003689900 0.568778992 0.008237021 0.999876976 0.013351723 -1.006221771 0.003580116 -0.013381576 0.999904037 29.938398361
0.999956250 -0.008542310 -0.003787949 0.535162032 0.008595140 0.999862850 0.014157294 -1.051162481 0.003666493 -0.014189235 0.999892592 30.408231735
0.999955833 -0.008506888 -0.003982515 0.546143889 0.008563016 0.999861181 0.014295819 -1.065807104 0.003860349 -0.014329291 0.999889851 30.943531036
0.999961555 -0.007946879 -0.003684551 0.556972325 0.007999610 0.999862552 0.014525030 -1.081659555 0.003568614 -0.014553948 0.999887645 31.510484695
0.999944806 -0.009280563 -0.004908453 0.556686819 0.009350305 0.999852777 0.014381825 -1.072688222 0.004774259 -0.014426927 0.999884486 32.005599976
0.999934673 -0.010011163 -0.005501645 0.570411623 0.010088911 0.999846935 0.014290792 -1.088415980 0.005357736 -0.014345363 0.999882698 32.551612854
0.999947071 -0.009012154 -0.004961610 0.562072635 0.009083027 0.999854267 0.014452148 -1.098498583 0.004830643 -0.014496449 0.999883235 33.089183807
0.999946773 -0.008720011 -0.005520889 0.582096934 0.008801179 0.999850929 0.014852554 -1.103676796 0.005390553 -0.014900351 0.999874473 33.643455505
0.999933898 -0.009926493 -0.005799088 0.592409372 0.010014097 0.999833107 0.015277786 -1.140202165 0.005646465 -0.015334849 0.999866426 34.094280243
0.999937892 -0.009381183 -0.006006546 0.604534864 0.009468806 0.999846637 0.014729463 -1.133285999 0.005867444 -0.014785423 0.999873400 34.639904022
0.999935687 -0.009487187 -0.006205219 0.595224023 0.009580046 0.999839962 0.015110048 -1.153162003 0.006060874 -0.015168523 0.999866545 35.175743103
0.999943316 -0.008607035 -0.006260815 0.622169614 0.008699587 0.999851108 0.014908969 -1.160359502 0.006131561 -0.014962592 0.999869287 35.760406494
0.999950647 -0.008147098 -0.005679918 0.616605461 0.008232607 0.999850690 0.015197211 -1.161015987 0.005555256 -0.015243222 0.999868393 36.243877411
0.999939382 -0.009046775 -0.006278405 0.628733575 0.009139373 0.999847531 0.014879922 -1.163836837 0.006142831 -0.014936400 0.999869585 36.868648529
0.999946535 -0.008360022 -0.006068668 0.646565676 0.008455384 0.999838531 0.015862167 -1.196012497 0.005935079 -0.015912633 0.999855757 37.369869232
0.999905705 -0.011975002 -0.006720347 0.591771483 0.012093965 0.999765694 0.017949872 -1.249374032 0.006503824 -0.018029455 0.999816239 37.796215057
0.999910295 -0.011467039 -0.006920271 0.613704443 0.011589674 0.999771714 0.017949274 -1.266924620 0.006712867 -0.018027868 0.999814987 38.337230682
0.999904275 -0.011723097 -0.007355639 0.611653447 0.011858692 0.999755442 0.018669516 -1.272259951 0.007134976 -0.018754957 0.999798656 38.892440796
0.999902964 -0.011546030 -0.007797845 0.661905646 0.011685912 0.999767244 0.018137613 -1.287106991 0.007586612 -0.018226979 0.999805033 39.499172211
0.999904513 -0.011457029 -0.007724478 0.650481224 0.011589465 0.999782801 0.017323999 -1.276884794 0.007524319 -0.017411867 0.999820054 40.005916595
0.999891996 -0.012069041 -0.008377193 0.690362692 0.012211272 0.999778569 0.017140253 -1.276337385 0.008168472 -0.017240699 0.999817967 40.656669617
0.999884069 -0.012679392 -0.008421460 0.679742813 0.012828637 0.999757290 0.017911050 -1.298853159 0.008192316 -0.018017011 0.999804080 41.186981201
0.999893725 -0.012088623 -0.008148201 0.660869122 0.012234400 0.999761641 0.018084815 -1.288000107 0.007927638 -0.018182581 0.999803185 41.730861664
0.999885976 -0.012844457 -0.007940780 0.661277771 0.012989898 0.999743581 0.018543661 -1.312328577 0.007700562 -0.018644694 0.999796510 42.034523010
0.999882460 -0.013061922 -0.008034497 0.661471486 0.013209621 0.999739408 0.018613262 -1.315493345 0.007789280 -0.018717203 0.999794483 42.574268341
0.999882996 -0.012999362 -0.008066520 0.683448732 0.013141925 0.999753714 0.017879443 -1.309448361 0.007832114 -0.017983362 0.999807537 43.147026062
0.999880731 -0.013092177 -0.008198155 0.689134955 0.013237613 0.999751329 0.017944574 -1.312502623 0.007961184 -0.018050957 0.999805331 43.678413391
0.999859750 -0.014555164 -0.008292457 0.707016170 0.014708721 0.999715626 0.018767936 -1.312317848 0.008016929 -0.018887272 0.999789417 44.183662415
0.999885917 -0.012917545 -0.007826555 0.681782126 0.013063365 0.999736488 0.018875951 -1.357922554 0.007580662 -0.018976040 0.999791205 44.650333405
0.999882221 -0.013081313 -0.008019986 0.697948098 0.013229557 0.999737263 0.018718645 -1.362698793 0.007773014 -0.018822543 0.999792576 45.200721741
0.999894679 -0.012251515 -0.007773288 0.685920417 0.012399877 0.999736130 0.019333970 -1.376903176 0.007534366 -0.019428322 0.999782860 45.756393433
0.999873936 -0.013344225 -0.008598348 0.707849145 0.013511657 0.999714255 0.019717967 -1.384021044 0.008332770 -0.019831661 0.999768555 46.312076569
0.999876201 -0.012987142 -0.008882454 0.749814510 0.013159310 0.999721110 0.019607121 -1.386479378 0.008625337 -0.019721584 0.999768257 46.864826202
0.999865711 -0.013981160 -0.008540665 0.738521457 0.014145846 0.999709010 0.019536538 -1.397723436 0.008265039 -0.019654728 0.999772668 47.242904663
0.999861538 -0.014024219 -0.008952945 0.754629791 0.014201025 0.999699056 0.020000082 -1.408905506 0.008669766 -0.020124452 0.999759912 47.780181885
0.999858379 -0.014161871 -0.009087605 0.771160007 0.014338669 0.999703228 0.019693945 -1.408044338 0.008806004 -0.019821458 0.999764740 48.340915680
0.999868333 -0.013745084 -0.008618898 0.782737017 0.013909127 0.999717593 0.019270919 -1.398934722 0.008351581 -0.019388262 0.999777079 48.923954010
0.999876261 -0.013043447 -0.008795941 0.786976337 0.013206353 0.999737382 0.018723896 -1.396347523 0.008549407 -0.018837741 0.999785960 49.476871490
0.999872684 -0.013543026 -0.008436306 0.753455639 0.013711661 0.999700606 0.020262752 -1.429339290 0.008159361 -0.020375848 0.999759018 49.842475891
0.999886096 -0.012575208 -0.008346071 0.744724989 0.012741905 0.999714196 0.020229781 -1.431599498 0.008089291 -0.020333823 0.999760449 50.388359070
0.999872983 -0.013121837 -0.009042786 0.775305927 0.013302478 0.999707103 0.020214336 -1.438983560 0.008774886 -0.020332063 0.999754727 50.923809052
0.999874949 -0.013342349 -0.008490379 0.771875858 0.013508058 0.999713302 0.019768765 -1.429975271 0.008224182 -0.019880984 0.999768436 51.477844238
0.999879301 -0.013083173 -0.008375344 0.761106610 0.013254611 0.999696791 0.020752201 -1.456637383 0.008101299 -0.020860707 0.999749541 51.926792145
0.999891579 -0.012361970 -0.007998391 0.776429296 0.012526469 0.999704003 0.020854248 -1.455722451 0.007738225 -0.020952178 0.999750495 52.471149445
0.999882877 -0.012944176 -0.008174243 0.757155418 0.013110524 0.999701142 0.020635530 -1.468670607 0.007904692 -0.020740278 0.999753535 53.013366699
0.999877214 -0.013088856 -0.008613119 0.794304609 0.013264266 0.999699116 0.020633906 -1.471231937 0.008340455 -0.020745620 0.999749899 53.546264648
0.999887228 -0.012691873 -0.008027136 0.739950299 0.012860161 0.999690950 0.021272650 -1.488122702 0.007754666 -0.021373479 0.999741495 53.991641998
0.999886930 -0.012742015 -0.007980388 0.746375620 0.012909648 0.999689400 0.021318763 -1.488983989 0.007706265 -0.021419380 0.999740839 54.549468994
0.999895930 -0.012481871 -0.007233515 0.735495090 0.012630322 0.999702811 0.020853832 -1.493928432 0.006971072 -0.020943023 0.999756336 55.068382263
0.999888301 -0.012927946 -0.007506703 0.759047627 0.013081466 0.999698579 0.020775286 -1.489861965 0.007235859 -0.020871161 0.999755979 55.632328033
0.999885082 -0.012953389 -0.007869573 0.751902223 0.013118608 0.999686658 0.021319196 -1.511162281 0.007590950 -0.021419985 0.999741673 56.044162750
0.999880135 -0.013272191 -0.007971560 0.760896504 0.013437124 0.999689043 0.021005832 -1.513294697 0.007690290 -0.021110427 0.999747574 56.588676453
0.999887824 -0.012795189 -0.007790583 0.767455399 0.012956501 0.999695063 0.021020088 -1.507071733 0.007519253 -0.021118667 0.999748588 57.118568420
0.999885499 -0.012807147 -0.008067925 0.781404376 0.012966729 0.999714971 0.020048274 -1.507298589 0.007808865 -0.020150593 0.999766409 57.660278320
0.999884903 -0.012984476 -0.007839852 0.760412097 0.013152392 0.999676645 0.021760717 -1.537177444 0.007554768 -0.021861326 0.999732435 58.038925171
0.999879420 -0.013184431 -0.008193512 0.775316238 0.013359754 0.999674618 0.021724591 -1.537698746 0.007904421 -0.021831434 0.999730408 58.592140198
0.999870062 -0.013757898 -0.008401727 0.781620860 0.013936524 0.999669850 0.021585783 -1.545951605 0.008101979 -0.021700069 0.999731660 59.128547668
0.999856055 -0.014182396 -0.009309747 0.838783145 0.014388553 0.999644041 0.022464143 -1.575312972 0.008987838 -0.022594862 0.999704361 59.613208771
0.999867082 -0.013728286 -0.008800945 0.830770731 0.013921387 0.999655068 0.022268590 -1.570140719 0.008492202 -0.022388147 0.999713302 60.154365540
0.999877036 -0.013233070 -0.008416504 0.825621784 0.013413055 0.999674559 0.021700177 -1.540627718 0.008126607 -0.021810401 0.999729037 60.584785461
0.999878764 -0.013210881 -0.008238539 0.830366015 0.013392427 0.999659717 0.022384867 -1.555719137 0.007940011 -0.022492489 0.999715447 61.091304779
0.999860108 -0.014238468 -0.008773128 0.831696391 0.014424572 0.999664247 0.021527886 -1.550522208 0.008463658 -0.021651426 0.999729753 61.661151886
0.999876320 -0.013115785 -0.008680880 0.839292109 0.013299508 0.999681354 0.021456076 -1.552023888 0.008396701 -0.021568874 0.999732137 62.272434235
0.999856114 -0.014244127 -0.009217825 0.846051872 0.014440463 0.999662519 0.021595396 -1.572586536 0.008907106 -0.021725401 0.999724269 62.807678223
0.999864936 -0.013822464 -0.008892112 0.831860423 0.014016527 0.999656379 0.022144999 -1.580072761 0.008582959 -0.022266647 0.999715149 63.155754089
0.999858975 -0.014374277 -0.008683695 0.847499013 0.014564025 0.999647439 0.022198245 -1.581325769 0.008361552 -0.022321586 0.999715805 63.703804016
0.999860525 -0.014139392 -0.008876150 0.862078905 0.014329148 0.999661982 0.021692034 -1.576761127 0.008566438 -0.021816196 0.999725342 64.254684448
0.999855220 -0.014613835 -0.008714273 0.843740940 0.014798689 0.999658465 0.021540005 -1.578833461 0.008396516 -0.021665845 0.999729991 64.789810181
0.999800205 -0.017065035 -0.010402852 0.871601522 0.017290894 0.999607980 0.022022713 -1.575707197 0.010022955 -0.022198191 0.999703407 65.353614807
0.999851704 -0.014621467 -0.009101159 0.856777549 0.014819796 0.999645412 0.022119811 -1.595377207 0.008774506 -0.022251410 0.999713898 65.674018860
0.999855340 -0.014554693 -0.008793494 0.857511640 0.014746795 0.999644935 0.022191383 -1.599087358 0.008467383 -0.022317851 0.999715090 66.208061218
0.999840021 -0.015175058 -0.009466038 0.878209770 0.015384863 0.999628425 0.022499774 -1.609197736 0.009121085 -0.022641808 0.999702036 66.770744324
0.999832273 -0.015598621 -0.009602454 0.875504136 0.015801502 0.999645591 0.021427734 -1.586496949 0.009264806 -0.021575868 0.999724269 67.314498901
0.999852538 -0.014588871 -0.009050671 0.882284462 0.014788028 0.999641001 0.022342674 -1.612227440 0.008721464 -0.022473224 0.999709427 67.696929932
0.999848604 -0.014614366 -0.009437884 0.884808302 0.014820602 0.999644518 0.022164883 -1.614462733 0.009110602 -0.022301404 0.999709845 68.247512817
0.999875367 -0.013245277 -0.008585772 0.909546852 0.013437347 0.999651730 0.022713104 -1.634826660 0.008281942 -0.022825642 0.999705195 68.744529724
0.999857187 -0.014148545 -0.009240791 0.919645071 0.014344208 0.999666810 0.021462670 -1.620986700 0.008934046 -0.021592161 0.999726951 69.317710876
0.999838352 -0.015303834 -0.009430369 0.918732047 0.015510762 0.999631524 0.022275012 -1.623459458 0.009086001 -0.022417685 0.999707401 69.727684021
0.999875665 -0.013161147 -0.008679364 0.921013057 0.013351780 0.999662519 0.022284886 -1.637499213 0.008383139 -0.022398001 0.999713957 70.257575989
0.999873459 -0.013270572 -0.008766371 0.914477050 0.013458156 0.999674022 0.021697778 -1.627030730 0.008475568 -0.021813009 0.999726117 70.848999023
0.999854982 -0.014410109 -0.009075185 0.928931296 0.014601557 0.999664545 0.021395352 -1.614641190 0.008763832 -0.021524761 0.999729872 71.390205383
0.999829471 -0.015690174 -0.009739844 0.965946078 0.015901240 0.999631822 0.021984883 -1.627857566 0.009391312 -0.022136008 0.999710858 71.904380798
0.999832869 -0.015696863 -0.009367025 0.946257412 0.015900942 0.999628723 0.022125637 -1.635673046 0.009016244 -0.022270888 0.999711335 72.371681213
0.999826968 -0.015835108 -0.009760795 0.959693789 0.016046915 0.999628782 0.022017673 -1.641222477 0.009408519 -0.022170495 0.999709964 72.911643982
0.999835432 -0.015156560 -0.009963888 1.005844831 0.015377283 0.999629438 0.022462035 -1.666184783 0.009619751 -0.022611557 0.999698102 73.355163574
0.999843955 -0.015147916 -0.009081159 0.958714366 0.015347206 0.999633670 0.022292724 -1.657771349 0.008740143 -0.022428617 0.999710262 73.943847656
0.999835789 -0.015507984 -0.009368992 0.973583102 0.015709873 0.999637306 0.021873603 -1.657350779 0.009026378 -0.022017196 0.999716878 74.489631653
0.999841690 -0.015408929 -0.008899910 0.957606614 0.015598472 0.999644220 0.021635618 -1.653688073 0.008563363 -0.021771019 0.999726295 75.032417297
0.999833882 -0.015726026 -0.009211347 0.963934898 0.015921000 0.999642313 0.021490451 -1.639467835 0.008870093 -0.021633536 0.999726593 75.579277039
0.999854147 -0.014737892 -0.008629027 0.950640798 0.014928299 0.999636829 0.022433706 -1.653801322 0.008295267 -0.022559246 0.999711037 76.073783875
0.999850333 -0.015006525 -0.008600842 0.959686160 0.015193807 0.999639452 0.022139743 -1.655155540 0.008265497 -0.022267109 0.999717891 76.619682312
0.999837816 -0.015619563 -0.008960190 0.996086359 0.015805779 0.999652386 0.021102699 -1.650944233 0.008627459 -0.021240903 0.999737203 77.182617188
0.999874592 -0.014246140 -0.006903767 0.967256427 0.014393234 0.999659956 0.021747207 -1.665071607 0.006591602 -0.021843851 0.999739707 77.750686646
0.999873340 -0.014633737 -0.006258022 1.007071018 0.014768940 0.999645948 0.022133967 -1.663168073 0.005931901 -0.022223586 0.999735415 78.212753296
0.999873281 -0.015121758 -0.004972504 0.998538435 0.015226590 0.999647200 0.021767562 -1.664246559 0.004641585 -0.021840518 0.999750733 78.764656067
0.999894917 -0.014079905 -0.003459494 1.003141880 0.014153344 0.999653161 0.022208899 -1.660178423 0.003145593 -0.022255529 0.999747336 79.347053528
0.999917865 -0.012811338 -0.000346322 1.001929879 0.012815882 0.999665797 0.022451585 -1.697620630 0.000058571 -0.022454176 0.999747872 79.884094238
0.999931872 -0.010924503 0.004099066 1.015270710 0.010827571 0.999677598 0.022967538 -1.734498501 -0.004348654 -0.022921592 0.999727845 80.425994873
0.999892592 -0.013098116 0.006578760 1.022717834 0.012945043 0.999656320 0.022795059 -1.689566851 -0.006875072 -0.022707444 0.999718487 80.965080261
0.999855578 -0.013394606 0.010465066 1.066573262 0.013153694 0.999654412 0.022759942 -1.699969053 -0.010766311 -0.022619002 0.999686122 81.513084412
0.999779761 -0.012654278 0.016745411 1.082011938 0.012278379 0.999674439 0.022363538 -1.689002633 -0.017022956 -0.022152998 0.999609649 82.041175842
0.999665499 -0.012904579 0.022409948 1.119166374 0.012403474 0.999673069 0.022357682 -1.688162446 -0.022691134 -0.022072243 0.999498844 82.572082520
0.999517322 -0.012162515 0.028587703 1.134289503 0.011514472 0.999675512 0.022724923 -1.708761334 -0.028854817 -0.022384781 0.999332905 83.106163025
0.999237835 -0.012789640 0.036881909 1.174252629 0.011953783 0.999668717 0.022795204 -1.684310675 -0.037161224 -0.022336947 0.999059618 83.702079773
0.998898983 -0.013509459 0.044926275 1.210546494 0.012536521 0.999682248 0.021868015 -1.665323377 -0.045207422 -0.021280715 0.998750925 84.340637207
0.998567939 -0.014296165 0.051554363 1.277266502 0.013190210 0.999676824 0.021729054 -1.639901876 -0.051848345 -0.021017920 0.998433828 84.982589722
0.998030663 -0.013186020 0.061325952 1.201694489 0.011807768 0.999670804 0.022782540 -1.738335252 -0.061606180 -0.022013556 0.997857690 85.575935364
0.997366488 -0.014151962 0.071132675 1.265715599 0.012612145 0.999677360 0.022049854 -1.727029562 -0.071421765 -0.021094650 0.997223198 86.124984741
0.996684432 -0.014713316 0.080023579 1.320281506 0.012939489 0.999659896 0.022639917 -1.738277793 -0.080329470 -0.021529386 0.996535838 86.642814636
0.995986402 -0.014838308 0.088265978 1.362830162 0.012925415 0.999669909 0.022204164 -1.733140111 -0.088566311 -0.020974172 0.995849431 87.238059998
0.995103359 -0.015728746 0.097580068 1.479411125 0.013602998 0.999656260 0.022411834 -1.744135022 -0.097899035 -0.020974711 0.994975328 87.709396362
0.993971944 -0.014618945 0.108655930 1.525328636 0.012151138 0.999653757 0.023339668 -1.743893147 -0.108959526 -0.021878684 0.993805408 88.226409912
0.992874801 -0.014069126 0.118328169 1.602437973 0.011389617 0.999663830 0.023290589 -1.750735998 -0.118616059 -0.021776931 0.992701411 88.776412964
0.991468251 -0.014039765 0.129589930 1.699161530 0.011093889 0.999664009 0.023426274 -1.744688988 -0.129875287 -0.021788748 0.991290927 89.311035156
0.989913285 -0.014952651 0.140883684 1.805297852 0.011710406 0.999647796 0.023814676 -1.757465601 -0.141190156 -0.021924656 0.989739776 89.845283508
0.988308251 -0.014638568 0.151764587 1.913599968 0.011130257 0.999651432 0.023940634 -1.768127680 -0.152062148 -0.021971548 0.988126755 90.404396057
0.986814082 -0.016318401 0.161032826 2.002511978 0.012670236 0.999639869 0.023655761 -1.740950108 -0.161360845 -0.021303516 0.986665547 91.014137268
0.984924257 -0.018596148 0.171984464 2.145566940 0.014750971 0.999612451 0.023608845 -1.766998291 -0.172356874 -0.020715982 0.984816790 91.378005981
0.982113898 -0.015847037 0.187619746 2.041604042 0.011820745 0.999675632 0.022559347 -1.597597599 -0.187916353 -0.019938041 0.981982648 92.314193726
0.980000675 -0.016398534 0.198317647 2.174672127 0.012186250 0.999673903 0.022442043 -1.598235369 -0.198621005 -0.019576468 0.979880869 92.866226196
0.977168262 -0.015879609 0.211872876 2.316947937 0.011257252 0.999671936 0.023005169 -1.602118969 -0.212168679 -0.020094816 0.977026463 93.403137207
0.974155068 -0.016705776 0.225261822 2.451110840 0.011839305 0.999666810 0.022937274 -1.602484941 -0.225569934 -0.019677518 0.974028230 93.897872925
0.971480787 -0.017349938 0.236482620 2.610946655 0.012147200 0.999651492 0.023439858 -1.615287304 -0.236806855 -0.019898770 0.971352994 94.455810547
0.967972696 -0.014788061 0.250619560 2.745578766 0.009235897 0.999685466 0.023315476 -1.564200401 -0.250885516 -0.020254048 0.967804849 95.160057068
0.964289844 -0.015053296 0.264421165 2.909776688 0.009290721 0.999691606 0.023030328 -1.562525511 -0.264686257 -0.019751249 0.964132309 95.684173584
0.960578799 -0.013954341 0.277657568 3.088270187 0.007746025 0.999695182 0.023444066 -1.561774969 -0.277900100 -0.020369131 0.960394025 96.230598450
0.957485616 -0.015294543 0.288075626 3.282155991 0.008811626 0.999678195 0.023787569 -1.577396393 -0.288346708 -0.020237839 0.957312226 96.750770569
0.953123748 -0.014778595 0.302219570 3.492624283 0.007683571 0.999666572 0.024651866 -1.590946436 -0.302483082 -0.021174155 0.952919483 97.282745361
0.948443890 -0.015163232 0.316582412 3.668319702 0.007999938 0.999682009 0.023914531 -1.569563150 -0.316844344 -0.020148952 0.948263526 97.777778625
0.944685221 -0.016476467 0.327564240 3.855152130 0.009040466 0.999665976 0.024210731 -1.563300610 -0.327853739 -0.019910187 0.944518685 98.337516785
0.940132439 -0.015116713 0.340473920 4.063983917 0.007394593 0.999685407 0.023966769 -1.566460609 -0.340729147 -0.020014271 0.939948499 98.857788086
0.934962153 -0.014915805 0.354433686 4.276678085 0.006687168 0.999679267 0.024429874 -1.571828604 -0.354684323 -0.020470850 0.934762001 99.360099792
0.930246830 -0.017174078 0.366532266 4.499420166 0.008745845 0.999658108 0.024642883 -1.574070454 -0.366830170 -0.019718328 0.930078983 99.874053955
0.925805509 -0.017257424 0.377606064 4.752586365 0.008560584 0.999658227 0.024697937 -1.569227695 -0.377903253 -0.019632956 0.925636888 100.404434204
0.919663370 -0.016417097 0.392364264 5.024188995 0.007417728 0.999673724 0.024441386 -1.538010597 -0.392637581 -0.019567395 0.919485092 101.065635681
0.913836122 -0.015659688 0.405781001 5.264602661 0.006354970 0.999685228 0.024267666 -1.543948412 -0.406033397 -0.019597944 0.913648129 101.559143066
0.909034610 -0.016807852 0.416381449 5.513339996 0.007119635 0.999666750 0.024809599 -1.550820112 -0.416659743 -0.019588299 0.908851445 102.032608032
0.903402805 -0.016043788 0.428492546 5.771263123 0.005836180 0.999667168 0.025125360 -1.558598995 -0.428753048 -0.020197561 0.903195858 102.532516479
0.897037268 -0.017677365 0.441601217 6.031867981 0.007249779 0.999653816 0.025289608 -1.558341980 -0.441895425 -0.019484207 0.896854937 103.002044678
0.891300201 -0.019328984 0.453001380 6.267471313 0.008780671 0.999639273 0.025376959 -1.561724663 -0.453328550 -0.018640829 0.891148567 103.442825317
0.884668231 -0.017889053 0.465877831 6.596744537 0.007135155 0.999666035 0.024836633 -1.515829325 -0.466166496 -0.018648066 0.884500444 104.228637695
0.877138674 -0.017564364 0.479915887 6.885734558 0.006431933 0.999670923 0.024831206 -1.524695873 -0.480194092 -0.018693618 0.876963019 104.714508057
0.870450974 -0.019632125 0.491863579 7.181293488 0.008606513 0.999658525 0.024669189 -1.525929213 -0.492179990 -0.017240087 0.870322764 105.166389465
0.864207745 -0.017941963 0.502815187 7.485500336 0.005929511 0.999657750 0.025479529 -1.539287567 -0.503100276 -0.019038158 0.864018321 105.635131836
