1.000000000 0.000000000 0.000000000 0.000000000 0.000000000 1.000000000 0.000000000 0.000000000 0.000000000 0.000000000 1.000000000 0.000000000
1.000000000 0.000010452 0.000109699 -0.000762489 -0.000010454 1.000000000 0.000022421 0.000081536 -0.000109699 -0.000022422 1.000000000 0.000231339
1.000000000 0.000079578 0.000158834 -0.001398740 -0.000079595 1.000000000 0.000110776 0.000681248 -0.000158825 -0.000110788 1.000000000 0.002120685
1.000000000 0.000168996 -0.000006315 0.000266214 -0.000168995 1.000000000 0.000134499 -0.000928547 0.000006338 -0.000134498 1.000000000 -0.000237685
0.999999940 0.000240776 0.000136721 -0.001206948 -0.000240787 0.999999940 0.000084188 0.000077732 -0.000136701 -0.000084221 1.000000000 0.000629484
1.000000000 -0.000019761 0.000031123 -0.000564698 0.000019759 1.000000000 0.000072073 -0.000122679 -0.000031124 -0.000072073 1.000000000 -0.000588286
1.000000000 -0.000066614 0.000130695 -0.001839590 0.000066624 1.000000000 -0.000072563 0.001727781 -0.000130691 0.000072572 1.000000000 0.003439408
1.000000000 -0.000104978 0.000168960 -0.000862127 0.000104972 1.000000000 0.000034079 0.000556343 -0.000168964 -0.000034062 1.000000000 0.001712262
1.000000000 -0.000004713 0.000147944 -0.001249904 0.000004713 1.000000000 0.000003591 0.000890954 -0.000147944 -0.000003591 1.000000000 0.002514594
1.000000000 -0.000043100 0.000199171 -0.000941849 0.000043097 1.000000000 0.000014285 0.000246678 -0.000199171 -0.000014277 1.000000000 0.000119382
0.999999940 -0.000106215 0.000227164 -0.000961844 0.000106214 1.000000000 0.000005417 0.001453080 -0.000227165 -0.000005393 1.000000000 0.002596501
1.000000000 -0.000034290 0.000093114 -0.000320705 0.000034282 1.000000000 0.000089945 -0.000116623 -0.000093117 -0.000089942 1.000000000 0.000768805
1.000000000 0.000035293 0.000158804 -0.001379656 -0.000035288 1.000000000 -0.000025872 0.001988274 -0.000158805 0.000025867 1.000000000 0.004462596
0.999999940 -0.000084368 0.000264796 -0.002229756 0.000084325 1.000000000 0.000160053 0.001055714 -0.000264809 -0.000160031 0.999999940 0.003945119
1.000000000 -0.000018160 0.000156776 -0.001784187 0.000018148 1.000000000 0.000080509 0.001060389 -0.000156778 -0.000080506 1.000000000 0.003504969
1.000000000 0.000085596 0.000113891 -0.001389476 -0.000085609 1.000000000 0.000108878 -0.000043405 -0.000113882 -0.000108888 1.000000000 0.002032052
1.000000000 0.000000727 0.000166127 -0.001232872 -0.000000752 1.000000000 0.000148697 -0.000801001 -0.000166127 -0.000148697 1.000000000 0.000204736
0.999999940 0.000078650 0.000307953 -0.001358193 -0.000078683 1.000000000 0.000108715 0.000083113 -0.000307944 -0.000108740 0.999999940 0.001204084
0.999999940 0.000113494 0.000280868 -0.003088893 -0.000113527 1.000000000 0.000118666 0.000455507 -0.000280855 -0.000118698 0.999999940 0.003189188
1.000000000 0.000147027 0.000170198 -0.001815122 -0.000147048 1.000000000 0.000122215 0.000722392 -0.000170181 -0.000122240 1.000000000 0.003448313
0.999999881 0.000374398 0.000322304 -0.002383154 -0.000374487 0.999999881 0.000274451 -0.000821226 -0.000322201 -0.000274572 0.999999881 0.001223834
0.999999881 0.000413300 0.000306847 -0.002623392 -0.000413329 0.999999881 0.000094269 0.000213778 -0.000306808 -0.000094396 0.999999940 0.001540322
1.000000000 0.000066633 0.000212874 -0.002189859 -0.000066645 1.000000000 0.000053118 0.001041041 -0.000212871 -0.000053132 1.000000000 0.002862632
0.999999940 0.000160546 0.000317725 -0.001692943 -0.000160590 1.000000000 0.000139801 -0.000255761 -0.000317702 -0.000139852 0.999999940 0.001846352
0.999999940 0.000088760 0.000307147 -0.002396928 -0.000088772 1.000000000 0.000038440 0.000732216 -0.000307143 -0.000038467 0.999999940 0.000953956
1.000000000 0.000028838 0.000216913 -0.001090821 -0.000028844 1.000000000 0.000028510 0.001339346 -0.000216912 -0.000028516 1.000000000 0.002325678
0.999999940 0.000001254 0.000268916 -0.002064538 -0.000001271 1.000000000 0.000061805 0.000770720 -0.000268916 -0.000061805 0.999999940 0.001904012
1.000000000 0.000058558 0.000220910 -0.000504042 -0.000058571 1.000000000 0.000059395 0.000380969 -0.000220907 -0.000059408 1.000000000 0.000440699
0.999999881 0.000298900 0.000375825 -0.003820426 -0.000298870 0.999999940 -0.000081199 0.002482657 -0.000375850 0.000081087 0.999999940 0.004043628
0.999999940 0.000103021 0.000299196 -0.003518588 -0.000103023 1.000000000 0.000008358 0.002235451 -0.000299195 -0.000008389 0.999999940 0.004539617
0.999999940 0.000114008 0.000324580 -0.002736862 -0.000114037 1.000000000 0.000090346 0.001026567 -0.000324569 -0.000090383 0.999999940 0.003025460
1.000000000 -0.000053657 0.000225036 -0.001129987 0.000053627 1.000000000 0.000132585 0.000280510 -0.000225043 -0.000132572 0.999999940 0.001084196
0.999999940 0.000113934 0.000342395 -0.003417047 -0.000113929 1.000000000 -0.000013347 0.001835346 -0.000342397 0.000013308 0.999999940 0.003543773
0.999999881 0.000131551 0.000412600 -0.002860187 -0.000131541 1.000000000 -0.000025396 0.001330085 -0.000412603 0.000025341 0.999999940 0.002462856
0.999999940 0.000163225 0.000253610 -0.000954387 -0.000163251 1.000000000 0.000100526 -0.000132253 -0.000253593 -0.000100567 0.999999940 0.000395700
0.999999940 0.000139061 0.000250235 -0.002447850 -0.000139037 1.000000000 -0.000095498 0.003666321 -0.000250248 0.000095463 0.999999940 0.006317086
0.999999940 0.000142384 0.000304100 -0.003258259 -0.000142354 1.000000000 -0.000100685 0.004617009 -0.000304114 0.000100641 0.999999940 0.007244900
0.999999940 -0.000096832 0.000240580 -0.001175468 0.000096815 1.000000000 0.000067527 0.001292271 -0.000240586 -0.000067504 0.999999940 0.003030630
0.999999940 0.000172016 0.000294897 -0.002891784 -0.000172039 1.000000000 0.000076580 0.002135491 -0.000294884 -0.000076630 0.999999940 0.005221077
0.999999940 -0.000081922 0.000237391 -0.001166869 0.000081908 1.000000000 0.000059000 0.001446884 -0.000237396 -0.000058981 0.999999940 0.002937638
0.999999881 -0.000002837 0.000449865 -0.002850657 0.000002831 1.000000000 0.000014111 0.001517393 -0.000449865 -0.000014109 0.999999881 0.004873710
0.999999940 -0.000221748 0.000212603 0.000432210 0.000221908 0.999999702 -0.000749339 0.000555225 -0.000212436 0.000749386 0.999999702 0.055092663
0.999999940 0.000203457 0.000359303 -0.001537450 -0.000203064 0.999999404 -0.001095083 -0.005950452 -0.000359526 0.001095010 0.999999344 0.133242711
1.000000000 0.000064971 0.000102789 0.003020991 -0.000064791 0.999998450 -0.001755220 -0.002141566 -0.000102903 0.001755213 0.999998450 0.256943077
1.000000000 0.000019517 0.000104415 0.004853324 -0.000019390 0.999999285 -0.001217640 -0.011303654 -0.000104439 0.001217638 0.999999225 0.387413502
0.999999940 0.000163831 0.000182408 0.008471784 -0.000163665 0.999999583 -0.000913278 -0.017550932 -0.000182558 0.000913248 0.999999583 0.525252759
0.999999940 0.000252255 0.000139440 0.012863629 -0.000252131 0.999999583 -0.000886254 -0.024935573 -0.000139664 0.000886219 0.999999583 0.669761062
0.999999821 0.000472462 0.000432565 0.015858347 -0.000472079 0.999999523 -0.000886192 -0.024669085 -0.000432983 0.000885987 0.999999523 0.842398345
0.999999940 0.000399826 0.000136379 0.018194387 -0.000399758 0.999999821 -0.000503899 -0.028928930 -0.000136580 0.000503844 0.999999881 1.015194178
1.000000000 0.000163333 0.000120509 0.021487350 -0.000163319 1.000000000 -0.000117724 -0.035861477 -0.000120528 0.000117705 1.000000000 1.190318584
0.999999881 0.000345115 0.000390302 0.017920757 -0.000344864 0.999999762 -0.000642458 -0.035557173 -0.000390524 0.000642324 0.999999702 1.371357083
1.000000000 -0.000205240 -0.000095633 0.037436165 0.000205254 0.999999940 0.000152027 -0.053234130 0.000095601 -0.000152047 1.000000000 1.567837834
0.999999940 0.000166127 0.000331865 0.037500761 -0.000166112 1.000000000 -0.000042864 -0.052540198 -0.000331872 0.000042809 0.999999940 1.760511518
0.999999940 0.000291428 0.000143402 0.037519731 -0.000291357 0.999999821 -0.000496497 -0.048808072 -0.000143547 0.000496455 0.999999881 1.951353908
0.999999702 0.000514420 0.000557820 0.037338361 -0.000514289 0.999999821 -0.000236186 -0.061026569 -0.000557941 0.000235899 0.999999821 2.163824558
0.999995053 0.003134788 0.000246207 0.056910396 -0.003134916 0.999994934 0.000520767 -0.096981227 -0.000244573 -0.000521536 0.999999821 2.377844095
0.999993801 0.003539272 0.000074166 0.068686597 -0.003539338 0.999993324 0.000910636 -0.107907668 -0.000070943 -0.000910892 0.999999583 2.590297461
0.999993384 0.003624976 0.000179905 0.070712693 -0.003625131 0.999993026 0.000871081 -0.114656076 -0.000176746 -0.000871727 0.999999523 2.816070557
0.999993384 0.003640763 -0.000025287 0.079204418 -0.003640740 0.999993026 0.000836364 -0.119716674 0.000028332 -0.000836266 0.999999642 3.059378862
0.999995053 0.003126343 -0.000150087 0.082940027 -0.003126220 0.999994695 0.000809903 -0.123349726 0.000152618 -0.000809430 0.999999642 3.289619446
0.999995172 0.003100674 -0.000224040 0.092584521 -0.003100470 0.999994814 0.000902857 -0.131001219 0.000226838 -0.000902158 0.999999583 3.527648211
0.999995768 0.002863523 -0.000430537 0.098569445 -0.002863207 0.999995649 0.000732186 -0.134843051 0.000432632 -0.000730950 0.999999642 3.787667513
0.999996126 0.002769913 -0.000326594 0.104492337 -0.002769666 0.999995828 0.000754862 -0.141515940 0.000328684 -0.000753955 0.999999642 4.047237396
0.999996483 0.002652350 -0.000331404 0.107922047 -0.002651972 0.999995887 0.001134200 -0.149875730 0.000334411 -0.001133317 0.999999285 4.304164886
0.999994099 0.003397924 -0.000291385 0.117117465 -0.003397556 0.999993443 0.001253084 -0.164114535 0.000295641 -0.001252087 0.999999106 4.554481506
0.999992907 0.003757159 -0.000088649 0.122070320 -0.003757026 0.999991953 0.001459652 -0.172154084 0.000094133 -0.001459309 0.999998927 4.813153267
0.999994993 0.003133606 -0.000253554 0.128286734 -0.003133245 0.999994099 0.001414440 -0.177509457 0.000257984 -0.001413639 0.999998987 5.078954220
0.999993801 0.003509437 -0.000098191 0.130272508 -0.003509300 0.999992967 0.001355442 -0.182638437 0.000102947 -0.001355089 0.999999106 5.337653160
0.999991477 0.004121226 -0.000048521 0.140849292 -0.004121163 0.999990702 0.001234693 -0.198291883 0.000053609 -0.001234483 0.999999225 5.623618603
0.999992073 0.003972962 -0.000222047 0.145943478 -0.003972598 0.999990821 0.001620239 -0.207086712 0.000228483 -0.001619344 0.999998689 5.892674923
0.999992013 0.004010003 -0.000024190 0.153633505 -0.004009960 0.999990702 0.001602485 -0.216111168 0.000030615 -0.001602375 0.999998689 6.170078278
0.999992549 0.003812104 -0.000651879 0.165947095 -0.003810956 0.999991179 0.001752347 -0.226689294 0.000658553 -0.001749849 0.999998271 6.438835144
0.999993384 0.003611445 -0.000426527 0.166114554 -0.003610805 0.999992430 0.001490689 -0.231872782 0.000431907 -0.001489139 0.999998808 6.732416630
0.999992132 0.003972677 -0.000227252 0.168468967 -0.003972332 0.999990940 0.001498786 -0.238921344 0.000233204 -0.001497871 0.999998868 7.033576965
0.999993026 0.003723511 -0.000454689 0.182390451 -0.003722655 0.999991357 0.001868537 -0.254729569 0.000461643 -0.001866831 0.999998212 7.320896149
0.999993086 0.003698166 -0.000346732 0.188546851 -0.003697513 0.999991357 0.001865741 -0.266872436 0.000353629 -0.001864446 0.999998152 7.635094643
0.999992907 0.003693495 -0.000701301 0.198415667 -0.003691748 0.999990106 0.002476298 -0.281842411 0.000710440 -0.002473691 0.999996662 7.946733952
0.999992371 0.003913012 -0.000142753 0.199485198 -0.003912706 0.999990225 0.002081995 -0.282991469 0.000150898 -0.002081420 0.999997854 8.265737534
0.999992311 0.003905530 0.000023070 0.200767934 -0.003905564 0.999990821 0.001740048 -0.292108148 -0.000016273 -0.001740124 0.999998510 8.597534180
0.999992907 0.003747727 -0.000190353 0.213486776 -0.003747300 0.999990582 0.002196425 -0.302697241 0.000198583 -0.002195696 0.999997556 8.926090240
0.999994397 0.003337355 -0.000187757 0.225149691 -0.003336930 0.999992013 0.002221234 -0.317368478 0.000195168 -0.002220595 0.999997497 9.256654739
0.999992609 0.003828278 -0.000252792 0.228081018 -0.003827563 0.999988854 0.002767307 -0.329780519 0.000263383 -0.002766319 0.999996185 9.604874611
0.999992371 0.003911818 -0.000244692 0.233550459 -0.003911258 0.999989867 0.002251044 -0.331368476 0.000253495 -0.002250070 0.999997437 9.956911087
0.999993026 0.003696798 -0.000446680 0.240104467 -0.003695671 0.999990046 0.002497734 -0.345558971 0.000455909 -0.002496066 0.999996722 10.295922279
0.999994159 0.003407893 -0.000020803 0.248495817 -0.003407831 0.999991179 0.002451603 -0.355106711 0.000029157 -0.002451518 0.999997020 10.646806717
0.999992669 0.003814133 0.000302602 0.255424380 -0.003814887 0.999989569 0.002534152 -0.362998009 -0.000292934 -0.002535288 0.999996781 11.014613152
0.999992549 0.003812845 0.000554356 0.258515656 -0.003814134 0.999989927 0.002342808 -0.371620625 -0.000545417 -0.002344905 0.999997139 11.396764755
0.999993861 0.003485330 -0.000334182 0.275180489 -0.003484402 0.999990106 0.002738704 -0.387405545 0.000343724 -0.002737523 0.999996185 11.777698517
0.999993026 0.003745503 -0.000189141 0.284349084 -0.003744959 0.999989033 0.002800736 -0.400848746 0.000199629 -0.002800008 0.999996006 12.160663605
0.999992490 0.003824838 -0.000666555 0.298698545 -0.003823073 0.999989212 0.002629694 -0.410974562 0.000676606 -0.002627126 0.999996305 12.555651665
0.999992371 0.003862326 -0.000637804 0.304206192 -0.003860801 0.999989688 0.002375822 -0.417946368 0.000646973 -0.002373341 0.999996960 12.959030151
0.999992430 0.003823020 -0.000700634 0.311779678 -0.003821177 0.999989271 0.002612414 -0.431466937 0.000710614 -0.002609717 0.999996364 13.358249664
0.999994516 0.003233662 -0.000701549 0.322745562 -0.003231714 0.999991000 0.002759851 -0.439117551 0.000710467 -0.002757568 0.999996006 13.769330978
0.999993086 0.003660491 -0.000653959 0.328692377 -0.003658628 0.999989331 0.002826977 -0.450439394 0.000664300 -0.002824565 0.999995768 14.190795898
0.999990940 0.004254279 -0.000419517 0.336666405 -0.004253098 0.999987125 0.002777649 -0.462163836 0.000431328 -0.002775839 0.999996066 14.613126755
0.999990821 0.004271559 -0.000192470 0.343693763 -0.004270888 0.999985337 0.003359500 -0.475579888 0.000206817 -0.003358648 0.999994338 15.037722588
0.999992609 0.003792974 -0.000552048 0.358987540 -0.003791225 0.999987900 0.003135328 -0.488364577 0.000563934 -0.003133212 0.999994934 15.460455894
0.999993682 0.003528442 -0.000231874 0.367358714 -0.003527685 0.999988616 0.003188012 -0.501033604 0.000243120 -0.003187174 0.999994874 15.893933296
0.999994159 0.003404759 -0.000370564 0.377737015 -0.003403555 0.999989092 0.003200926 -0.510045588 0.000381459 -0.003199646 0.999994814 16.343688965
0.999993920 0.003460907 -0.000148877 0.386438012 -0.003460389 0.999988496 0.003352971 -0.524587333 0.000160479 -0.003352436 0.999994338 16.785116196
0.999994636 0.003269487 0.000107728 0.396209359 -0.003269886 0.999986887 0.003937550 -0.540925503 -0.000094853 -0.003937881 0.999992251 17.237316132
0.999993145 0.003693533 0.000143817 0.402267426 -0.003694037 0.999986410 0.003685166 -0.548250496 -0.000130204 -0.003685672 0.999993145 17.701160431
0.999994755 0.003243741 0.000335636 0.414672136 -0.003244947 0.999988139 0.003658650 -0.559628129 -0.000323765 -0.003659720 0.999993265 18.167179108
0.999995232 0.003076632 0.000350821 0.428816110 -0.003077933 0.999988139 0.003771545 -0.567830861 -0.000339213 -0.003772606 0.999992847 18.637393951
0.999994278 0.003388667 -0.000093849 0.435096413 -0.003388273 0.999986529 0.003926211 -0.585493028 0.000107155 -0.003925871 0.999992251 19.099308014
0.999992788 0.003801760 0.000029568 0.446575612 -0.003801843 0.999985993 0.003717736 -0.592506289 -0.000015434 -0.003717822 0.999993086 19.584615707
0.999994099 0.003422460 0.000176284 0.450264543 -0.003423123 0.999986470 0.003911907 -0.601356387 -0.000162894 -0.003912488 0.999992311 20.072734833
0.999996722 0.002545397 -0.000510739 0.446964353 -0.002543239 0.999988019 0.004181999 -0.614434779 0.000521378 -0.004180686 0.999991119 20.550485611
0.999995112 0.003096331 -0.000418785 0.452325761 -0.003094740 0.999988139 0.003749852 -0.619639635 0.000430391 -0.003748538 0.999992907 21.050521851
0.999995887 0.002742300 -0.000875169 0.461097926 -0.002738939 0.999989033 0.003819156 -0.628134906 0.000885633 -0.003816742 0.999992251 21.557630539
0.999998033 0.001725231 -0.000937782 0.432598829 -0.001720132 0.999983907 0.005411392 -0.660789371 0.000947103 -0.005409768 0.999984920 22.043252945
0.999997377 0.001493815 -0.001752590 0.450338274 -0.001484130 0.999983728 0.005514229 -0.668960690 0.001760799 -0.005511613 0.999983251 22.552913666
0.999996185 0.002192374 -0.001645434 0.428422600 -0.002184561 0.999986529 0.004734728 -0.673819900 0.001655792 -0.004731117 0.999987423 23.080156326
0.999995649 0.001787127 -0.002362560 0.437341541 -0.001776782 0.999988914 0.004373345 -0.686370671 0.002370349 -0.004369128 0.999987662 23.604496002
0.999994993 0.000480511 -0.003127648 0.437707841 -0.000467291 0.999990880 0.004226271 -0.697561383 0.003129651 -0.004224788 0.999986112 24.124137878
0.999989629 0.001359723 -0.004343868 0.448602974 -0.001339331 0.999988019 0.004693846 -0.710151672 0.004350199 -0.004687979 0.999979496 24.663618088
0.999986529 0.001822050 -0.004854268 0.449444741 -0.001796514 0.999984562 0.005259724 -0.726452708 0.004863777 -0.005250933 0.999974370 25.191761017
0.999985695 0.001680690 -0.005072145 0.453694105 -0.001654108 0.999984860 0.005240589 -0.736399770 0.005080876 -0.005232124 0.999973416 25.742687225
0.999980330 0.001203453 -0.006147602 0.453801215 -0.001170569 0.999984920 0.005349939 -0.745569825 0.006153948 -0.005342638 0.999966741 26.289508820
0.999976039 -0.000004749 -0.006910312 0.463495910 0.000043481 0.999984205 0.005604783 -0.755678177 0.006910177 -0.005604949 0.999960363 26.836914062
0.999979794 0.000894960 -0.006299365 0.462435544 -0.000861702 0.999985695 0.005280311 -0.766289353 0.006304001 -0.005274775 0.999966264 27.388065338
0.999976575 0.000973590 -0.006771737 0.437708169 -0.000932763 0.999981344 0.006029395 -0.784478962 0.006777481 -0.006022938 0.999958873 27.918712616
0.999975562 0.001318495 -0.006862738 0.439597160 -0.001273453 0.999977708 0.006563433 -0.798481762 0.006871239 -0.006554534 0.999954939 28.463569641
0.999974310 0.001491043 -0.007012542 0.445875853 -0.001445950 0.999978244 0.006430974 -0.808920205 0.007021978 -0.006420669 0.999954760 28.999183655
0.999970496 0.000752367 -0.007646155 0.426310599 -0.000701109 0.999977231 0.006704188 -0.823102713 0.007651026 -0.006698629 0.999948263 29.555578232
0.999967754 0.000717759 -0.008001401 0.423635483 -0.000664363 0.999977529 0.006673879 -0.829217553 0.008006013 -0.006668347 0.999945641 30.101137161
0.999964952 0.000906295 -0.008320539 0.425296664 -0.000852645 0.999978781 0.006449149 -0.838480532 0.008326209 -0.006441829 0.999944508 30.651977539
0.999961197 0.000397798 -0.008800398 0.428815186 -0.000340515 0.999978781 0.006509611 -0.847485900 0.008802800 -0.006506361 0.999940097 31.199857712
0.999956489 0.000695775 -0.009304067 0.425904691 -0.000637782 0.999980390 0.006234624 -0.852001727 0.009308223 -0.006228419 0.999937296 31.749721527
0.999957263 0.000252708 -0.009245119 0.430691987 -0.000197303 0.999982059 0.005993299 -0.861343682 0.009246468 -0.005991218 0.999939322 32.300464630
0.999965429 0.000773296 -0.008276227 0.380463421 -0.000728746 0.999985218 0.005384427 -0.841005325 0.008280269 -0.005378210 0.999951184 32.857398987
0.999965310 0.001273542 -0.008223523 0.383895606 -0.001231680 0.999986231 0.005093540 -0.855301023 0.008229897 -0.005083235 0.999953210 33.398899078
0.999969542 0.001832600 -0.007586602 0.338940263 -0.001799662 0.999988914 0.004346217 -0.828976035 0.007594483 -0.004332432 0.999961793 33.975212097
0.999969304 0.001880583 -0.007612477 0.341456652 -0.001842666 0.999985874 0.004984804 -0.847203672 0.007621744 -0.004970624 0.999958575 34.520435333
0.999971569 0.002674190 -0.007047416 0.300271511 -0.002651386 0.999991357 0.003243201 -0.827487230 0.007056028 -0.003224424 0.999969840 35.073722839
0.999972224 0.002526066 -0.007017165 0.307731390 -0.002503317 0.999991655 0.003248842 -0.841905951 0.007025313 -0.003231185 0.999970078 35.615825653
0.999972165 0.003546083 -0.006555700 0.311627746 -0.003524269 0.999988258 0.003336106 -0.860603869 0.006567452 -0.003312910 0.999972880 36.157661438
0.999985218 0.002322339 -0.004913575 0.201505482 -0.002312597 0.999995291 0.001987228 -0.822369337 0.004918167 -0.001975836 0.999985933 36.751621246
0.999986470 0.002255043 -0.004691514 0.207655445 -0.002247517 0.999996245 0.001608639 -0.834141850 0.004695124 -0.001598073 0.999987662 37.299522400
0.999986708 0.002876798 -0.004258378 0.206898764 -0.002869360 0.999994338 0.001751994 -0.848402202 0.004263395 -0.001739752 0.999989390 37.850971222
0.999968290 0.002195173 -0.007653338 0.328759879 -0.002164741 0.999989748 0.003982438 -0.922749102 0.007662001 -0.003965744 0.999962807 38.391716003
0.999967813 0.002684233 -0.007557780 0.331327021 -0.002653582 0.999988258 0.004062629 -0.935467720 0.007568596 -0.004042443 0.999963224 38.938575745
0.999967754 0.002344616 -0.007673585 0.342572391 -0.002315943 0.999990344 0.003743239 -0.948060930 0.007682286 -0.003725347 0.999963582 39.483768463
0.999965250 0.002619139 -0.007910257 0.360311091 -0.002586431 0.999988139 0.004142307 -0.969922245 0.007921011 -0.004121704 0.999960124 40.013038635
0.999967933 0.002994800 -0.007428903 0.338893801 -0.002970561 0.999990225 0.003271643 -0.956960678 0.007438629 -0.003249470 0.999967039 40.564167023
0.999966800 0.002958634 -0.007587193 0.345825285 -0.002936048 0.999991298 0.002986246 -0.965522945 0.007595962 -0.002963871 0.999966681 41.117332458
0.999966621 0.002795314 -0.007674316 0.352732390 -0.002769025 0.999990344 0.003434061 -0.978723705 0.007683841 -0.003412696 0.999964654 41.653308868
0.999987364 -0.002259647 0.004485444 -0.172549784 0.002277852 0.999989092 -0.004057415 -0.766052544 -0.004476228 0.004067581 0.999981642 42.415012360
0.999986470 -0.002338169 0.004647026 -0.159108832 0.002356827 0.999989152 -0.004013752 -0.783563793 -0.004637591 0.004024650 0.999981165 42.961414337
0.999986827 -0.001915227 0.004746913 -0.141983181 0.001931710 0.999992013 -0.003470141 -0.801451981 -0.004740229 0.003479264 0.999982655 43.499168396
0.999980628 -0.002359843 0.005753564 -0.219358057 0.002388377 0.999984860 -0.004957607 -0.777611136 -0.005741777 0.004971252 0.999971151 44.110485077
0.999975681 -0.002908359 0.006335375 -0.209687531 0.002936460 0.999985874 -0.004430828 -0.797446966 -0.006322399 0.004449323 0.999970138 44.652832031
0.999977112 -0.002727395 0.006189892 -0.238821477 0.002760623 0.999981821 -0.005365953 -0.795264244 -0.006175144 0.005382918 0.999966443 45.239547729
0.999976754 -0.002660526 0.006282466 -0.221189946 0.002697224 0.999979317 -0.005840259 -0.809801221 -0.006266799 0.005857068 0.999963224 45.780864716
0.999968708 -0.003450323 0.007112881 -0.252203554 0.003497595 0.999971807 -0.006644261 -0.804011941 -0.007089755 0.006668931 0.999952614 46.387916565
0.999972641 -0.003420227 0.006555434 -0.229861945 0.003461918 0.999973834 -0.006359016 -0.830282509 -0.006533514 0.006381537 0.999958217 46.926864624
0.999951541 -0.004486506 0.008761452 -0.312088668 0.004568040 0.999946237 -0.009308184 -0.771482944 -0.008719220 0.009347756 0.999918282 47.500156403
0.999949217 -0.004813532 0.008842970 -0.297400057 0.004894820 0.999945760 -0.009193802 -0.794569254 -0.008798237 0.009236621 0.999918640 48.043106079
0.999942601 -0.004489993 0.009728845 -0.292605460 0.004582654 0.999944150 -0.009523042 -0.808340251 -0.009685544 0.009567079 0.999907255 48.598026276
0.999894738 -0.004854862 0.013668566 -0.437743902 0.004996173 0.999934256 -0.010323416 -0.793529034 -0.013617547 0.010390621 0.999853313 49.199253082
0.999892831 -0.005011371 0.013749573 -0.418008685 0.005153961 0.999933124 -0.010354803 -0.815780401 -0.013696762 0.010424559 0.999851882 49.742481232
0.999878228 -0.004509727 0.014940383 -0.460315287 0.004682694 0.999922216 -0.011562432 -0.798958123 -0.014887078 0.011630986 0.999821484 50.322959900
0.999875486 -0.003772726 0.015321201 -0.446484566 0.003944698 0.999929368 -0.011209787 -0.820549905 -0.015277828 0.011268829 0.999819756 50.856624603
0.999856770 -0.003847899 0.016479507 -0.447975934 0.004038502 0.999925196 -0.011548403 -0.834884048 -0.016433837 0.011613303 0.999797463 51.399486542
0.999867558 -0.004336173 0.015681095 -0.461169183 0.004498754 0.999936342 -0.010347630 -0.885545194 -0.015635228 0.010416807 0.999823451 51.985469818
0.999868214 -0.003503283 0.015850520 -0.444459558 0.003670294 0.999937952 -0.010519804 -0.905152202 -0.015812682 0.010576595 0.999819040 52.530452728
0.999862194 -0.004191345 0.016064232 -0.427347362 0.004363127 0.999933541 -0.010673372 -0.930520356 -0.016018428 0.010741990 0.999814034 53.069293976
0.999883235 -0.004336269 0.014653605 -0.400548518 0.004476687 0.999944270 -0.009563367 -0.961197972 -0.014611320 0.009627850 0.999846876 53.637962341
0.999881327 -0.003882714 0.014908763 -0.390923202 0.004023979 0.999947190 -0.009457024 -0.982768178 -0.014871257 0.009515896 0.999844074 54.190387726
0.999869704 -0.004022130 0.015639178 -0.371076703 0.004176212 0.999942958 -0.009832110 -1.004166842 -0.015598740 0.009896141 0.999829352 54.739940643
0.999876201 -0.003666675 0.015303103 -0.376558602 0.003819488 0.999943018 -0.009968504 -1.007799149 -0.015265681 0.010025721 0.999833167 55.270336151
0.999872506 -0.003419825 0.015600880 -0.365543365 0.003582860 0.999939084 -0.010434448 -1.027439475 -0.015564246 0.010489012 0.999823868 55.821689606
0.999870598 -0.003453165 0.015712021 -0.353821576 0.003608138 0.999945045 -0.009845790 -1.046922445 -0.015677158 0.009901207 0.999828100 56.357238770
0.999866724 -0.003460137 0.015955713 -0.354773700 0.003627927 0.999938309 -0.010499076 -1.057986259 -0.015918400 0.010555563 0.999817550 56.900268555
0.999865770 -0.003149837 0.016078219 -0.324676037 0.003312118 0.999943674 -0.010076595 -1.085020542 -0.016045574 0.010128494 0.999819994 57.434257507
0.999862194 -0.002990490 0.016326802 -0.317513764 0.003156326 0.999943554 -0.010140954 -1.105004311 -0.016295552 0.010191089 0.999815285 57.999526978
0.999875009 -0.002805387 0.015560431 -0.295990586 0.002958064 0.999947608 -0.009797583 -1.132281899 -0.015532129 0.009842387 0.999830902 58.542186737
0.999862075 -0.003080700 0.016320394 -0.285479248 0.003250390 0.999940813 -0.010381103 -1.141710639 -0.016287448 0.010432719 0.999812901 59.069744110
0.999860227 -0.003377074 0.016379328 -0.267366648 0.003544459 0.999941647 -0.010201054 -1.160614014 -0.016343923 0.010257683 0.999813795 59.613498688
0.999869585 -0.003211166 0.015833378 -0.240492225 0.003374920 0.999941111 -0.010326462 -1.184703469 -0.015799288 0.010378553 0.999821246 60.122852325
0.999871016 -0.003340451 0.015708746 -0.218817055 0.003509135 0.999936342 -0.010722958 -1.200671434 -0.015671927 0.010776699 0.999819100 60.666790009
0.999871314 -0.003076910 0.015737478 -0.196068347 0.003237358 0.999942899 -0.010179953 -1.224228382 -0.015705254 0.010229591 0.999824345 61.217838287
0.999879301 -0.002647505 0.015308848 -0.169041038 0.002789256 0.999953389 -0.009245413 -1.258782029 -0.015283657 0.009286999 0.999840021 61.735401154
0.999877512 -0.002604791 0.015431656 -0.143059254 0.002743179 0.999956191 -0.008953449 -1.283067703 -0.015407657 0.008994685 0.999840856 62.273891449
0.999890804 -0.002196444 0.014610571 -0.115944982 0.002328967 0.999956191 -0.009059499 -1.303749561 -0.014590032 0.009092537 0.999852240 62.819610596
0.999884367 -0.001908337 0.015093713 -0.105365217 0.002048026 0.999955118 -0.009244692 -1.322845101 -0.015075396 0.009274533 0.999843359 63.368412018
0.999884725 -0.001976257 0.015053865 -0.091133833 0.002121686 0.999951124 -0.009650650 -1.334532499 -0.015034057 0.009681477 0.999840140 63.921363831
0.999884427 -0.001956378 0.015072778 -0.072035134 0.002096974 0.999954402 -0.009317642 -1.365834832 -0.015053861 0.009348174 0.999843001 64.463958740
0.999880493 -0.002111116 0.015315898 -0.061368465 0.002262115 0.999948919 -0.009848299 -1.372221947 -0.015294325 0.009881768 0.999834180 65.009407043
0.999887228 -0.001705115 0.014924335 -0.036590219 0.001845026 0.999954462 -0.009365963 -1.394863844 -0.014907685 0.009392442 0.999844730 65.549774170
0.999883652 -0.001760549 0.015151584 -0.013916254 0.001916575 0.999945164 -0.010289322 -1.406612396 -0.015132638 0.010317164 0.999832213 66.108337402
0.999898493 -0.002196635 0.014077898 0.023507178 0.002330793 0.999952078 -0.009520410 -1.439298868 -0.014056309 0.009552257 0.999855578 66.632209778
0.999898016 -0.002022915 0.014137015 0.038205922 0.002159198 0.999951303 -0.009631572 -1.455631018 -0.014116841 0.009661114 0.999853671 67.181785583
0.999899447 -0.002024388 0.014034925 0.064227283 0.002161398 0.999950171 -0.009753800 -1.479102135 -0.014014479 0.009783155 0.999853969 67.733451843
0.999899328 -0.001559437 0.014101337 0.086235225 0.001690858 0.999955118 -0.009312626 -1.497879624 -0.014086182 0.009335531 0.999857187 68.259727478
0.999901533 -0.001081395 0.013991282 0.108783185 0.001205188 0.999960184 -0.008842510 -1.524821520 -0.013981162 0.008858502 0.999863029 68.788208008
0.999900997 -0.001013053 0.014028154 0.126703203 0.001140164 0.999958396 -0.009056102 -1.543988943 -0.014018394 0.009071201 0.999860585 69.342300415
0.999906301 -0.001189517 0.013636650 0.152334452 0.001304796 0.999963462 -0.008447862 -1.578960061 -0.013626102 0.008464864 0.999871314 69.873054504
0.999908209 -0.001269145 0.013490188 0.178153396 0.001382875 0.999963522 -0.008424577 -1.597289681 -0.013479005 0.008442459 0.999873519 70.419342041
0.999900103 -0.001195829 0.014080651 0.190302730 0.001316176 0.999962687 -0.008540826 -1.620930910 -0.014069911 0.008558506 0.999864399 70.960388184
0.999922097 -0.000906156 0.012448086 0.239944518 0.001010760 0.999964356 -0.008399473 -1.640313625 -0.012440030 0.008411401 0.999887228 71.494224548
0.999926448 -0.000895113 0.012091888 0.266347170 0.000998865 0.999962747 -0.008576944 -1.660871267 -0.012083759 0.008588392 0.999890089 72.043365479
0.999911547 -0.000435099 0.013291754 0.273898840 0.000552190 0.999961138 -0.008806891 -1.676304340 -0.013287405 0.008813451 0.999872863 72.588745117
0.999930620 -0.000743124 0.011754911 0.309607923 0.000841264 0.999964774 -0.008346128 -1.702783823 -0.011748296 0.008355437 0.999896049 73.127639771
0.999930620 -0.001400008 0.011694233 0.332701981 0.001494003 0.999966621 -0.008032878 -1.727598190 -0.011682596 0.008049791 0.999899387 73.670379639
0.999932051 -0.001664528 0.011540191 0.347181618 0.001753922 0.999968529 -0.007740500 -1.751165867 -0.011526944 0.007760214 0.999903440 74.219619751
0.999933958 -0.001068880 0.011440382 0.369965881 0.001159626 0.999967873 -0.007928511 -1.767917156 -0.011431540 0.007941254 0.999903142 74.748542786
0.999937236 -0.000793122 0.011184250 0.393571943 0.000878702 0.999970376 -0.007648949 -1.789220810 -0.011177853 0.007658295 0.999908209 75.281341553
0.999936700 -0.000604735 0.011239665 0.408320338 0.000685764 0.999973774 -0.007206727 -1.812730193 -0.011235013 0.007213978 0.999910891 75.819831848
0.999934256 -0.000885956 0.011435775 0.426238090 0.000967379 0.999974191 -0.007116429 -1.834227324 -0.011429176 0.007127023 0.999909282 76.363082886
0.999945104 -0.000979009 0.010432750 0.460669130 0.001057824 0.999970853 -0.007551771 -1.854779005 -0.010425054 0.007562392 0.999917090 76.908592224
0.999941826 -0.000745765 0.010762944 0.473128736 0.000832775 0.999966979 -0.008082036 -1.870684028 -0.010756562 0.008090529 0.999909461 77.464675903
0.999940991 -0.001810919 0.010706848 0.492421716 0.001904333 0.999960124 -0.008720948 -1.883140564 -0.010690629 0.008740824 0.999904633 78.009963989
0.999944925 -0.001013060 0.010437977 0.506917715 0.001092638 0.999970376 -0.007621064 -1.914742827 -0.010429947 0.007632050 0.999916434 78.537895203
0.999944568 -0.001326275 0.010444510 0.526670098 0.001411777 0.999965489 -0.008183223 -1.931298852 -0.010433297 0.008197514 0.999911964 79.085968018
0.999940813 -0.000902140 0.010839610 0.538223028 0.000987915 0.999968231 -0.007910387 -1.948166728 -0.010832130 0.007920627 0.999909997 79.638298035
0.999947608 -0.001025165 0.010177393 0.569122195 0.001104259 0.999969184 -0.007769104 -1.973876715 -0.010169114 0.007779936 0.999918044 80.169624329
0.999947667 -0.000793756 0.010201600 0.588819623 0.000872598 0.999969780 -0.007726207 -1.992988825 -0.010195159 0.007734705 0.999918103 80.720329285
0.999934077 -0.000955118 0.011444088 0.605785012 0.001041917 0.999970734 -0.007581019 -2.011285305 -0.011436513 0.007592443 0.999905705 81.267265320
0.999922216 -0.000567400 0.012461274 0.624857187 0.000662768 0.999970496 -0.007650321 -2.030788660 -0.012456566 0.007657985 0.999893069 81.803726196
0.999906838 -0.000958645 0.013611847 0.646020055 0.001059988 0.999971688 -0.007439872 -2.051937580 -0.013604329 0.007453608 0.999879658 82.339431763
0.999889612 -0.000493655 0.014849707 0.665937603 0.000604555 0.999971926 -0.007464631 -2.072314501 -0.014845606 0.007472784 0.999861896 82.881088257
0.999840975 -0.000576770 0.017822707 0.693653524 0.000714634 0.999969900 -0.007729936 -2.089285612 -0.017817711 0.007741444 0.999811351 83.432716370
0.999761522 -0.000649546 0.021828583 0.720340610 0.000801239 0.999975622 -0.006941272 -2.119703293 -0.021823542 0.006957106 0.999737680 83.964843750
0.999697685 -0.000315111 0.024584731 0.750984430 0.000494011 0.999973416 -0.007271187 -2.136245012 -0.024581790 0.007281135 0.999671221 84.516258240
0.999550283 0.000002471 0.029986471 0.780913949 0.000191852 0.999979019 -0.006477477 -2.164470196 -0.029985860 0.006480318 0.999529243 85.062316895
0.999387085 -0.000218184 0.035009392 0.834094048 0.000456525 0.999976754 -0.006800042 -2.185638905 -0.035007097 0.006811856 0.999363840 85.604339600
0.999161780 -0.000660741 0.040932409 0.870640993 0.000944452 0.999975741 -0.006912269 -2.205612183 -0.040926848 0.006945134 0.999137998 86.152992249
0.998914361 -0.001294563 0.046567798 0.914263248 0.001625702 0.999973655 -0.007073739 -2.221991062 -0.046557419 0.007141764 0.998890042 86.678649902
0.998539209 -0.000571179 0.054029118 0.967336416 0.000940565 0.999976277 -0.006811607 -2.246021271 -0.054023948 0.006852475 0.998516083 87.247825623
0.998073399 -0.000625798 0.062042337 1.025304794 0.001028672 0.999978483 -0.006461805 -2.269030094 -0.062036969 0.006513176 0.998052657 87.791664124
0.997595489 -0.000612421 0.069302626 1.068367481 0.001065031 0.999978304 -0.006494161 -2.287549019 -0.069297135 0.006552354 0.997574687 88.338012695
0.996912420 -0.000270782 0.078520559 1.128104687 0.000807811 0.999976516 -0.006807655 -2.300960302 -0.078516871 0.006850065 0.996889293 88.893363953
0.996114194 -0.000512669 0.088069640 1.206140518 0.001083254 0.999978662 -0.006431117 -2.328205109 -0.088064499 0.006501528 0.996093512 89.409202576
0.995350420 -0.001168871 0.096312255 1.277841091 0.001789926 0.999978125 -0.006362209 -2.344617128 -0.096302710 0.006505020 0.995330811 89.953742981
0.994497538 -0.000862137 0.104756616 1.353235245 0.001552863 0.999977589 -0.006512237 -2.364446163 -0.104748644 0.006639076 0.994476557 90.504951477
0.993358612 -0.000872930 0.115055785 1.440895081 0.001658040 0.999975979 -0.006728211 -2.378095627 -0.115047142 0.006874294 0.993336260 91.050201416
0.991994262 -0.000914569 0.126279891 1.519773483 0.001734177 0.999978125 -0.006380624 -2.397595167 -0.126271293 0.006548533 0.991974175 91.601486206
0.990829408 -0.000812380 0.135116398 1.623514175 0.001663372 0.999979496 -0.006185440 -2.422075510 -0.135108605 0.006353465 0.990810454 92.145484924
0.989281297 -0.001347956 0.146016315 1.720757484 0.002314447 0.999976516 -0.006449378 -2.434918642 -0.146004170 0.006718196 0.989261210 92.663528442
0.987433970 -0.001473478 0.158025354 1.834240913 0.002491949 0.999977350 -0.006247034 -2.454335690 -0.158012599 0.006562324 0.987415254 93.257484436
0.985602796 -0.001457300 0.169071108 1.944339752 0.002517194 0.999978542 -0.006054755 -2.474703312 -0.169058666 0.006393169 0.985585272 93.807197571
0.983840525 -0.001956479 0.179036319 2.069104195 0.003051677 0.999978244 -0.005841981 -2.497871161 -0.179021001 0.006293938 0.983825147 94.332954407
0.981516361 -0.001908975 0.191368878 2.206296921 0.003008188 0.999980569 -0.005453588 -2.522240639 -0.191354737 0.005928459 0.981503010 94.837013245
0.979009807 -0.002927198 0.203792334 2.334064484 0.004175950 0.999975085 -0.005697815 -2.538418293 -0.203770578 0.006429242 0.978997588 95.371353149
0.976686239 -0.002306067 0.214660019 2.464853287 0.003528018 0.999979794 -0.005309542 -2.555756569 -0.214643463 0.005943081 0.976674378 95.926856995
0.973729134 -0.001778189 0.227702931 2.612371445 0.002964411 0.999983788 -0.004867625 -2.578107357 -0.227690578 0.005414754 0.973718464 96.455238342
0.970483243 -0.002697235 0.241153240 2.765026093 0.004112431 0.999977112 -0.005365357 -2.587362766 -0.241133183 0.006198715 0.970472336 97.007789612
0.967703462 -0.003119105 0.252071798 2.920541763 0.004501528 0.999977827 -0.004907763 -2.611693621 -0.252050906 0.005883967 0.967696071 97.529281616
0.964533865 -0.003311352 0.263938278 3.083753586 0.004862504 0.999974549 -0.005223882 -2.621881008 -0.263914257 0.006322012 0.964525402 98.058403015
0.960793972 -0.002999129 0.277247041 3.261600494 0.004430862 0.999979854 -0.004537749 -2.649970293 -0.277227819 0.005588285 0.960787952 98.578704834
0.956895053 -0.003281479 0.290415406 3.432847977 0.004993424 0.999974251 -0.005153959 -2.656103134 -0.290390998 0.006381965 0.956886768 99.107620239
0.953404486 -0.003900871 0.301670164 3.609601974 0.005643424 0.999972045 -0.004905034 -2.679708242 -0.301642686 0.006378934 0.953399718 99.609764099
0.948991597 -0.003834050 0.315278232 3.799703598 0.005702745 0.999971211 -0.005004839 -2.692585945 -0.315249979 0.006547501 0.948986053 100.123970032
0.944405079 -0.004192440 0.328757435 4.011806488 0.006101231 0.999970019 -0.004774706 -2.714494705 -0.328727514 0.006515081 0.944402277 100.646789551
0.940394223 -0.004490870 0.340056658 4.220651627 0.006460819 0.999968231 -0.004660956 -2.725661516 -0.340024948 0.006580180 0.940393388 101.169097900
0.935446560 -0.004571936 0.353438735 4.433673859 0.006669351 0.999966621 -0.004716627 -2.744738340 -0.353405327 0.006769360 0.935445845 101.688339233
0.930262208 -0.005084832 0.366860211 4.665304184 0.007434538 0.999959886 -0.004992201 -2.762610912 -0.366820157 0.007371492 0.930262625 102.170089722
0.925244451 -0.005091363 0.379337281 4.892324448 0.007133666 0.999966621 -0.003978496 -2.786956787 -0.379304379 0.006387148 0.925249934 102.708435059
0.920506060 -0.005426200 0.390690476 5.135948181 0.007750683 0.999960423 -0.004373194 -2.799476862 -0.390651256 0.007053670 0.920511782 103.216827393
0.914303601 -0.006241796 0.404981434 5.367950439 0.008357061 0.999959052 -0.003455343 -2.820559263 -0.404943347 0.006543686 0.914318383 103.688232422
0.908474147 -0.007016262 0.417882234 5.618022919 0.009393544 0.999949276 -0.003632328 -2.831676245 -0.417835534 0.007225271 0.908493936 104.179817200
0.903278649 -0.006980210 0.428997636 5.869018555 0.009487542 0.999948144 -0.003706423 -2.848917723 -0.428949505 0.007418066 0.903298020 104.647422791
0.896751583 -0.007201507 0.442475498 6.144401550 0.009484049 0.999950707 -0.002946347 -2.878965378 -0.442432493 0.006838601 0.896775723 105.159667969
0.890322745 -0.007591485 0.455266684 6.423709869 0.009724936 0.999949992 -0.002344179 -2.906021118 -0.455226123 0.006514515 0.890352070 105.612907410
0.884085536 -0.008400724 0.467249483 6.707454681 0.010719871 0.999939919 -0.002305118 -2.918093681 -0.467202038 0.007046777 0.884122431 106.116706848
0.878109455 -0.008269306 0.478388280 6.973560333 0.010637844 0.999940932 -0.002241642 -2.931871891 -0.478341371 0.007057427 0.878145576 106.578948975
0.870851338 -0.008576327 0.491471767 7.269546509 0.011300654 0.999932826 -0.002574794 -2.941867828 -0.491416603 0.007796215 0.870889723 107.059112549
