1.000000000 0.000000000 0.000000000 0.000000000 0.000000000 1.000000000 0.000000000 0.000000000 0.000000000 0.000000000 1.000000000 0.000000000
1.000000000 0.000008709 -0.000025191 0.000614125 -0.000008707 1.000000000 0.000048763 -0.000716976 0.000025192 -0.000048763 1.000000000 -0.001423346
1.000000000 -0.000027735 -0.000011856 0.000801484 0.000027735 1.000000000 -0.000004763 0.000085834 0.000011857 0.000004762 1.000000000 -0.002417628
1.000000000 -0.000111190 -0.000087440 0.001552648 0.000111191 1.000000000 0.000014216 -0.001020069 0.000087439 -0.000014226 1.000000000 -0.003800315
1.000000000 -0.000170585 -0.000109036 -0.000016784 0.000170587 1.000000000 0.000020499 0.000465422 0.000109032 -0.000020518 1.000000000 -0.002616343
1.000000000 -0.000077770 0.000001406 0.000576982 0.000077770 1.000000000 0.000008698 -0.000160711 -0.000001407 -0.000008698 1.000000000 -0.001014736
1.000000000 -0.000158162 0.000014306 -0.000286668 0.000158161 1.000000000 0.000052395 -0.000321551 -0.000014315 -0.000052393 1.000000000 -0.003121886
1.000000000 -0.000019431 -0.000074659 0.000931731 0.000019433 1.000000000 0.000023813 -0.000119075 0.000074658 -0.000023815 1.000000000 -0.003233366
1.000000000 -0.000036183 -0.000003233 -0.000191349 0.000036183 1.000000000 -0.000006494 0.000878586 0.000003233 0.000006494 1.000000000 -0.000678088
1.000000000 0.000022610 -0.000016446 -0.001179230 -0.000022611 1.000000000 -0.000006811 0.001545761 0.000016446 0.000006811 1.000000000 -0.000312735
1.000000000 -0.000105359 -0.000123334 0.000865011 0.000105366 1.000000000 0.000054811 -0.000645184 0.000123328 -0.000054824 1.000000000 -0.000902646
1.000000000 -0.000122930 -0.000057943 0.000775447 0.000122927 1.000000000 -0.000050253 0.001075402 0.000057949 0.000050246 1.000000000 0.000139529
1.000000000 -0.000129052 -0.000024724 -0.001241811 0.000129052 1.000000000 -0.000009789 0.001584695 0.000024725 0.000009785 1.000000000 0.000325153
1.000000000 -0.000116264 -0.000013247 -0.000251362 0.000116264 1.000000000 0.000006509 0.000786091 0.000013247 -0.000006510 1.000000000 -0.003260512
1.000000000 -0.000030751 -0.000051987 0.001799452 0.000030755 1.000000000 0.000068876 -0.000810389 0.000051985 -0.000068878 1.000000000 -0.002198930
1.000000000 -0.000024718 -0.000017048 0.001229514 0.000024720 1.000000000 0.000122212 -0.000876274 0.000017045 -0.000122212 1.000000000 -0.006069623
1.000000000 -0.000110571 -0.000065874 0.001812650 0.000110573 1.000000000 0.000038914 0.000703391 0.000065869 -0.000038922 1.000000000 -0.001433335
1.000000000 0.000006960 -0.000051913 0.001226883 -0.000006957 1.000000000 0.000061943 -0.000108974 0.000051913 -0.000061942 1.000000000 -0.002536121
1.000000000 -0.000143718 -0.000091569 0.001932008 0.000143719 1.000000000 0.000012235 -0.000275971 0.000091567 -0.000012248 1.000000000 -0.001696882
1.000000000 -0.000170323 -0.000083690 0.001324353 0.000170324 1.000000000 0.000008960 0.000585622 0.000083688 -0.000008974 1.000000000 0.000295845
1.000000000 -0.000189838 -0.000046284 -0.000024224 0.000189840 1.000000000 0.000048056 -0.000132309 0.000046275 -0.000048065 1.000000000 -0.005150739
1.000000000 -0.000082996 -0.000069604 0.003610142 0.000082999 1.000000000 0.000038512 0.000060395 0.000069601 -0.000038517 1.000000000 -0.000558289
1.000000000 -0.000138580 -0.000099635 0.002532867 0.000138585 1.000000000 0.000050572 0.000044333 0.000099628 -0.000050585 1.000000000 -0.001463724
1.000000000 -0.000170227 -0.000116147 0.001385330 0.000170231 1.000000000 0.000033970 0.000377282 0.000116141 -0.000033989 1.000000000 -0.002489812
1.000000000 -0.000143254 -0.000124116 0.003053973 0.000143259 1.000000000 0.000038164 0.000321762 0.000124111 -0.000038182 1.000000000 -0.001057551
1.000000000 -0.000225182 -0.000093857 0.001926580 0.000225184 1.000000000 0.000018901 0.001405269 0.000093852 -0.000018922 1.000000000 -0.000224149
0.999999940 -0.000233786 -0.000162988 0.001761427 0.000233801 0.999999940 0.000092406 0.000261791 0.000162966 -0.000092444 1.000000000 -0.004494769
0.999999940 -0.000311086 -0.000062760 0.000497258 0.000311090 0.999999940 0.000053259 0.000105039 0.000062743 -0.000053278 1.000000000 -0.003341050
1.000000000 -0.000121879 -0.000097366 0.002466164 0.000121887 1.000000000 0.000080445 -0.000507174 0.000097356 -0.000080457 1.000000000 -0.003018701
1.000000000 -0.000145213 -0.000107018 0.002452206 0.000145224 1.000000000 0.000096727 -0.000657516 0.000107004 -0.000096742 1.000000000 -0.005456452
0.999999940 -0.000217019 -0.000143689 0.001808983 0.000217024 1.000000000 0.000040595 0.000845827 0.000143680 -0.000040626 1.000000000 -0.001476007
0.999999940 -0.000279287 -0.000129452 0.001699975 0.000279300 0.999999940 0.000099689 -0.000366697 0.000129425 -0.000099725 1.000000000 -0.002443652
0.999999940 -0.000239629 -0.000127439 0.001897489 0.000239634 1.000000000 0.000039134 0.000075527 0.000127430 -0.000039164 1.000000000 -0.002115163
0.999999940 -0.000225808 -0.000117821 0.001389603 0.000225809 1.000000000 0.000012360 0.000599112 0.000117818 -0.000012386 1.000000000 -0.001136678
0.999999940 -0.000296383 -0.000112663 0.001261945 0.000296396 0.999999940 0.000111447 -0.000285393 0.000112630 -0.000111481 1.000000000 -0.006572540
0.999999940 -0.000236271 -0.000138181 0.002741183 0.000236269 1.000000000 -0.000012091 0.000687167 0.000138184 0.000012058 1.000000000 -0.000933648
1.000000000 -0.000152664 -0.000099922 0.002633543 0.000152674 1.000000000 0.000100366 0.000511569 0.000099907 -0.000100381 1.000000000 -0.006405991
0.999999940 -0.000318356 -0.000159968 0.002175048 0.000318366 0.999999940 0.000063948 0.000325709 0.000159947 -0.000063998 1.000000000 -0.003326135
0.999999940 -0.000213321 -0.000144851 0.002244667 0.000213334 1.000000000 0.000093992 -0.000468277 0.000144831 -0.000094023 1.000000000 -0.002692437
0.999999940 -0.000274504 -0.000160512 0.002751246 0.000274511 0.999999940 0.000044226 -0.000752090 0.000160500 -0.000044270 1.000000000 -0.000011821
0.999999940 -0.000280485 -0.000119408 0.001644725 0.000280424 0.999999821 -0.000514856 -0.001186866 0.000119552 0.000514822 0.999999881 0.046904109
1.000000000 -0.000029841 -0.000133475 0.002143574 0.000029685 0.999999285 -0.001170548 -0.002883583 0.000133510 0.001170544 0.999999285 0.139871508
1.000000000 -0.000160400 -0.000088394 0.005312900 0.000160272 0.999998927 -0.001447467 -0.006827044 0.000088626 0.001447452 0.999998927 0.253619671
1.000000000 -0.000159256 -0.000024713 0.005355622 0.000159219 0.999998868 -0.001499918 -0.010887409 0.000024952 0.001499914 0.999998868 0.388737738
1.000000000 -0.000033874 -0.000049793 0.008463875 0.000033816 0.999999285 -0.001174791 -0.017905110 0.000049832 0.001174789 0.999999285 0.521528721
0.999999940 -0.000244561 0.000011969 0.013487556 0.000244574 0.999999464 -0.001030764 -0.023952328 -0.000011717 0.001030767 0.999999464 0.676306129
1.000000000 -0.000196920 -0.000054527 0.016765788 0.000196869 0.999999583 -0.000923093 -0.026302775 0.000054708 0.000923082 0.999999583 0.843554676
0.999999940 0.000336435 0.000207010 0.015575537 -0.000336271 0.999999642 -0.000791180 -0.025529951 -0.000207276 0.000791110 0.999999642 1.017220378
1.000000000 0.000081868 -0.000059296 0.027203664 -0.000081904 0.999999821 -0.000619375 -0.036210265 0.000059245 0.000619380 0.999999821 1.185693383
1.000000000 0.000018748 -0.000038702 0.032855138 -0.000018759 0.999999940 -0.000306621 -0.040789042 0.000038697 0.000306622 0.999999940 1.361934185
1.000000000 0.000141594 -0.000008302 0.037957352 -0.000141596 0.999999940 -0.000297933 -0.050293524 0.000008260 0.000297934 0.999999940 1.553479910
0.999999940 -0.000161125 0.000193510 0.040385313 0.000161143 1.000000000 -0.000092813 -0.058681268 -0.000193495 0.000092844 1.000000000 1.755218625
0.999999881 -0.000502092 0.000030964 0.046026077 0.000502090 0.999999881 0.000043985 -0.056701768 -0.000030986 -0.000043969 1.000000000 1.970084548
0.999999940 0.000001137 0.000244341 0.042604033 -0.000001113 1.000000000 -0.000099154 -0.064502932 -0.000244341 0.000099154 0.999999940 2.183824301
1.000000000 0.000026834 0.000036926 0.050492626 -0.000026840 1.000000000 0.000170233 -0.070263438 -0.000036921 -0.000170234 1.000000000 2.413931131
0.999999881 -0.000455240 -0.000010266 0.064337924 0.000455244 0.999999821 0.000369125 -0.084924027 0.000010098 -0.000369130 0.999999940 2.595452547
0.999998033 -0.001345379 0.001461700 0.046746083 0.001342412 0.999997020 0.002028594 -0.157854900 -0.001464425 -0.002026628 0.999996841 2.813836336
0.999998331 -0.000954514 0.001596485 0.052031867 0.000951010 0.999997079 0.002193842 -0.162823454 -0.001598575 -0.002192320 0.999996305 3.044228077
0.999997914 -0.001482977 0.001437122 0.061204910 0.001479700 0.999996245 0.002278315 -0.169942439 -0.001440495 -0.002276184 0.999996424 3.287176371
0.999997795 -0.001600772 0.001332921 0.068282567 0.001597711 0.999996066 0.002294379 -0.181661040 -0.001336588 -0.002292244 0.999996483 3.525163889
0.999998271 -0.001330807 0.001325080 0.072822921 0.001327592 0.999996185 0.002424296 -0.188162178 -0.001328301 -0.002422533 0.999996185 3.774046659
0.999998033 -0.001453834 0.001382611 0.082699507 0.001450315 0.999995708 0.002542483 -0.197739258 -0.001386302 -0.002540472 0.999995828 4.031478405
0.999998033 -0.001055167 0.001708785 0.080892771 0.001050309 0.999995410 0.002840894 -0.202981278 -0.001711775 -0.002839093 0.999994576 4.292555332
0.999998152 -0.001212627 0.001508166 0.088548608 0.001208219 0.999994993 0.002919728 -0.210578918 -0.001511699 -0.002917900 0.999994636 4.544871807
0.999997497 -0.001399999 0.001748496 0.092896014 0.001393895 0.999992967 0.003487338 -0.231843680 -0.001753366 -0.003484891 0.999992371 4.795714855
0.999997377 -0.001587987 0.001641744 0.099741854 0.001582311 0.999992847 0.003452634 -0.236651108 -0.001647215 -0.003450027 0.999992669 5.052115917
0.999997258 -0.001695050 0.001607804 0.105559602 0.001689482 0.999992609 0.003458017 -0.242347330 -0.001613654 -0.003455291 0.999992728 5.324781895
0.999996662 -0.002073189 0.001537440 0.118516877 0.002067630 0.999991357 0.003608004 -0.253893077 -0.001544907 -0.003604813 0.999992311 5.583961964
0.999997437 -0.001688972 0.001488003 0.121698886 0.001683702 0.999992311 0.003535756 -0.259613782 -0.001493963 -0.003533242 0.999992609 5.853780746
0.999997258 -0.001557925 0.001728336 0.112689346 0.001551680 0.999992430 0.003608503 -0.276199549 -0.001733945 -0.003605812 0.999992013 6.123623848
0.999997437 -0.001352777 0.001824861 0.120509431 0.001345779 0.999991834 0.003830558 -0.285355479 -0.001830027 -0.003828093 0.999991059 6.391935349
0.999997020 -0.001525275 0.001940958 0.122393459 0.001517952 0.999991775 0.003768946 -0.290782690 -0.001946690 -0.003765988 0.999991059 6.697440624
0.999997258 -0.001362496 0.001938382 0.133863002 0.001355179 0.999992013 0.003770684 -0.302258343 -0.001943504 -0.003768046 0.999991059 6.995859623
0.999997258 -0.001419250 0.001916526 0.136440054 0.001412003 0.999991953 0.003777507 -0.304852754 -0.001921872 -0.003774790 0.999991059 7.304372311
0.999997377 -0.001231624 0.001952856 0.150157899 0.001224007 0.999991715 0.003896693 -0.323855877 -0.001957639 -0.003894293 0.999990523 7.588229656
0.999996126 -0.002105847 0.001864179 0.159748003 0.002098806 0.999990761 0.003771187 -0.326345354 -0.001872103 -0.003767259 0.999991179 7.912179947
0.999996960 -0.001208519 0.002152952 0.166600302 0.001199603 0.999990702 0.004138047 -0.348414451 -0.002157933 -0.004135452 0.999989092 8.222188950
0.999996901 -0.001242992 0.002141586 0.176217705 0.001234338 0.999991059 0.004037474 -0.355461746 -0.002146585 -0.004034819 0.999989510 8.552815437
0.999997199 -0.000740254 0.002227182 0.175378591 0.000731237 0.999991477 0.004046553 -0.358220607 -0.002230159 -0.004044914 0.999989271 8.898979187
0.999996424 -0.000732321 0.002586032 0.188399345 0.000721625 0.999991179 0.004134350 -0.372859597 -0.002589036 -0.004132470 0.999988079 9.245450974
0.999996722 -0.000158956 0.002553611 0.195478305 0.000148086 0.999990940 0.004256514 -0.383256346 -0.002554265 -0.004256121 0.999987602 9.583623886
0.999996483 0.000146948 0.002628556 0.197931245 -0.000158202 0.999990702 0.004281823 -0.389098883 -0.002627902 -0.004282224 0.999987364 9.934245110
0.999996245 -0.000885239 0.002586351 0.194886237 0.000872715 0.999987900 0.004839278 -0.418218046 -0.002590603 -0.004837003 0.999984920 10.240562439
0.999995828 -0.001147929 0.002625516 0.201704636 0.001134686 0.999986708 0.005039871 -0.427432001 -0.002631266 -0.005036871 0.999983847 10.601210594
0.999996185 -0.001013387 0.002532544 0.211500749 0.001000524 0.999986589 0.005075310 -0.428765982 -0.002537653 -0.005072758 0.999983847 10.975899696
0.999995410 -0.000614739 0.002946160 0.215080798 0.000598985 0.999985516 0.005345189 -0.447019666 -0.002949403 -0.005343400 0.999981344 11.351400375
0.999996126 -0.000783736 0.002649778 0.227071464 0.000769301 0.999984860 0.005444274 -0.452837527 -0.002654005 -0.005442215 0.999981642 11.716449738
0.999996185 -0.001486357 0.002325068 0.239600137 0.001473370 0.999983370 0.005577520 -0.484160423 -0.002333319 -0.005574073 0.999981761 12.060816765
0.999995887 -0.001665158 0.002316574 0.254226714 0.001652449 0.999983668 0.005477272 -0.492835402 -0.002325656 -0.005473422 0.999982357 12.451311111
0.999995768 -0.002043913 0.002079954 0.269831419 0.002032449 0.999982834 0.005499068 -0.502908230 -0.002091158 -0.005494817 0.999982715 12.823364258
0.999996960 -0.001208092 0.002143369 0.277278036 0.001195403 0.999981880 0.005911139 -0.519447327 -0.002150471 -0.005908558 0.999980211 13.233330727
0.999996126 -0.001242156 0.002508404 0.277320832 0.001227373 0.999981940 0.005886504 -0.524362564 -0.002515670 -0.005883403 0.999979556 13.649717331
0.999994636 -0.000831030 0.003160558 0.290547013 0.000811205 0.999980032 0.006268844 -0.551480353 -0.003165705 -0.006266246 0.999975383 14.024521828
0.999994636 -0.000936180 0.003131240 0.303434044 0.000916310 0.999979496 0.006341219 -0.564129591 -0.003137112 -0.006338316 0.999975026 14.452160835
0.999991894 -0.000407277 0.004015918 0.306455612 0.000380436 0.999977648 0.006682341 -0.575595379 -0.004018550 -0.006680759 0.999969661 14.887957573
0.999992073 -0.001152398 0.003828255 0.323252320 0.001126257 0.999976158 0.006823697 -0.586534739 -0.003836027 -0.006819331 0.999969423 15.321344376
0.999991834 -0.001093912 0.003878814 0.338041514 0.001067994 0.999977112 0.006677573 -0.601481318 -0.003886030 -0.006673377 0.999970198 15.731824875
0.999990225 -0.000697576 0.004357398 0.350263894 0.000667506 0.999975920 0.006898327 -0.613361239 -0.004362105 -0.006895351 0.999966800 16.179235458
0.999990284 -0.001034474 0.004289123 0.363416523 0.001005390 0.999976516 0.006777379 -0.624207675 -0.004296034 -0.006773002 0.999967813 16.617696762
0.999989450 -0.001233646 0.004426468 0.368177056 0.001202582 0.999974668 0.007013608 -0.639427483 -0.004435008 -0.007008211 0.999965668 17.063566208
0.999988437 -0.001291822 0.004622872 0.381421298 0.001257317 0.999971390 0.007459113 -0.655086339 -0.004632376 -0.007453215 0.999961436 17.494682312
0.999986887 -0.001430870 0.004903490 0.396866381 0.001395937 0.999973655 0.007120022 -0.666201115 -0.004913549 -0.007113085 0.999962628 17.954267502
0.999984801 -0.001326658 0.005350044 0.407570720 0.001288590 0.999973893 0.007112646 -0.675070524 -0.005359341 -0.007105645 0.999960423 18.432867050
0.999984801 -0.001607576 0.005269667 0.425232798 0.001567482 0.999969840 0.007603840 -0.690190852 -0.005281732 -0.007595464 0.999957204 18.903898239
0.999984920 -0.001460363 0.005293011 0.438484907 0.001418226 0.999967396 0.007955980 -0.711323082 -0.005304458 -0.007948356 0.999954343 19.357809067
0.999985814 -0.001617856 0.005076704 0.462197840 0.001575308 0.999963820 0.008373733 -0.739657223 -0.005090068 -0.008365617 0.999952078 19.791746140
0.999985933 -0.001702569 0.005029333 0.473358333 0.001659627 0.999962270 0.008530218 -0.751239419 -0.005043666 -0.008521751 0.999951005 20.287218094
0.999986827 -0.002363089 0.004545216 0.487052649 0.002324763 0.999961853 0.008419029 -0.758147418 -0.004564938 -0.008408354 0.999954224 20.782850266
0.999989390 -0.001560983 0.004331464 0.480940878 0.001524639 0.999963760 0.008381352 -0.768964946 -0.004344391 -0.008374658 0.999955475 21.307203293
0.999991059 -0.001857397 0.003803715 0.487939656 0.001824902 0.999962032 0.008528826 -0.783725917 -0.003819412 -0.008521808 0.999956429 21.797224045
0.999991655 -0.002167549 0.003466064 0.495183408 0.002135800 0.999955893 0.009137466 -0.845298409 -0.003485716 -0.009129986 0.999952257 22.267145157
0.999993384 -0.002280787 0.002840463 0.506457984 0.002255817 0.999959052 0.008763025 -0.852201104 -0.002860333 -0.008756559 0.999957621 22.789279938
0.999994874 -0.002440457 0.002095801 0.519964337 0.002421765 0.999957681 0.008875171 -0.865265310 -0.002117372 -0.008870049 0.999958396 23.318613052
0.999991655 -0.003616404 0.001901189 0.530886889 0.003598582 0.999950290 0.009295335 -0.879326940 -0.001934710 -0.009288416 0.999955058 23.800209045
0.999995291 -0.002736177 0.001343399 0.527680576 0.002723457 0.999952316 0.009380711 -0.892756581 -0.001369002 -0.009377008 0.999955118 24.327819824
0.999995947 -0.002729157 0.000752428 0.540182889 0.002721581 0.999947369 0.009891934 -0.903960049 -0.000779385 -0.009889845 0.999950826 24.854835510
0.999997020 -0.002434236 -0.000002929 0.550257146 0.002434141 0.999946177 0.010092091 -0.914012074 -0.000021638 -0.010092068 0.999949038 25.375431061
0.999997616 -0.002157288 -0.000439088 0.558911800 0.002161353 0.999952734 0.009477499 -0.919031858 0.000418621 -0.009478424 0.999954998 25.939176559
0.999996305 -0.002655901 -0.000566069 0.555183172 0.002661651 0.999942243 0.010412070 -0.945893824 0.000538383 -0.010413539 0.999945641 26.436700821
0.999991059 -0.003858381 -0.001705309 0.579815507 0.003876453 0.999934971 0.010724360 -0.963859916 0.001663819 -0.010730874 0.999941111 26.986156464
0.999995053 -0.002376010 -0.002039231 0.592056394 0.002396726 0.999945045 0.010216780 -0.975324571 0.002014844 -0.010221617 0.999945700 27.529584885
0.999997556 -0.001529304 -0.001599620 0.592781842 0.001546475 0.999940515 0.010788903 -0.982742906 0.001583026 -0.010791350 0.999940515 28.038658142
0.999994278 -0.002452886 -0.002342317 0.599386692 0.002478321 0.999937415 0.010918484 -1.007165551 0.002315389 -0.010924227 0.999937654 28.536933899
0.999993205 -0.002491901 -0.002717808 0.608339429 0.002522330 0.999933481 0.011250558 -1.019619107 0.002689592 -0.011257335 0.999933004 29.083988190
0.999992728 -0.002350755 -0.003030345 0.617942214 0.002385019 0.999932647 0.011353274 -1.029014111 0.003003452 -0.011360417 0.999930978 29.639804840
0.999991834 -0.002537741 -0.003165801 0.630492866 0.002573794 0.999931276 0.011436502 -1.041170955 0.003136561 -0.011444556 0.999929667 30.192832947
0.999990582 -0.002810037 -0.003313153 0.629833817 0.002847776 0.999930501 0.011441636 -1.053291798 0.003280771 -0.011450964 0.999929011 30.679988861
0.999984562 -0.003736513 -0.004104597 0.651547372 0.003783090 0.999927878 0.011398858 -1.069961905 0.004061710 -0.011414208 0.999926567 31.207319260
0.999983311 -0.003782452 -0.004379621 0.666597426 0.003831792 0.999928653 0.011312699 -1.084492445 0.004336519 -0.011329290 0.999926388 31.747232437
0.999985576 -0.003091039 -0.004387068 0.667275846 0.003141219 0.999929190 0.011477823 -1.092607617 0.004351279 -0.011491438 0.999924541 32.266578674
0.999986053 -0.002884029 -0.004414057 0.664531052 0.002936079 0.999925613 0.011831124 -1.116412878 0.004379607 -0.011843919 0.999920249 32.856632233
0.999987960 -0.002405358 -0.004262783 0.666233897 0.002453780 0.999932110 0.011390630 -1.120552182 0.004235095 -0.011400954 0.999926090 33.409519196
0.999985456 -0.002851055 -0.004581349 0.680636883 0.002906557 0.999921918 0.012154161 -1.140780091 0.004546340 -0.012167301 0.999915600 33.927673340
0.999984086 -0.002903287 -0.004847301 0.692210555 0.002961355 0.999923408 0.012015607 -1.148108125 0.004812045 -0.012029770 0.999916017 34.463397980
0.999983013 -0.003093439 -0.004937182 0.702255130 0.003156067 0.999913990 0.012727955 -1.165436506 0.004897384 -0.012743323 0.999906778 34.984382629
0.999980569 -0.003163193 -0.005370957 0.695845127 0.003230181 0.999916553 0.012509642 -1.186017871 0.005330938 -0.012526751 0.999907315 35.516624451
0.999981761 -0.002617784 -0.005453228 0.706228852 0.002684986 0.999920189 0.012352863 -1.193243742 0.005420456 -0.012367280 0.999908805 36.064880371
0.999981225 -0.002337040 -0.005654119 0.717209041 0.002404806 0.999925077 0.012008306 -1.198596001 0.005625631 -0.012021677 0.999911904 36.607086182
0.999977052 -0.002886139 -0.006121573 0.734922051 0.002961025 0.999920487 0.012259511 -1.207479239 0.006085703 -0.012277356 0.999906063 37.136756897
0.999977589 -0.002800140 -0.006069531 0.727437139 0.002875896 0.999917686 0.012508702 -1.217900991 0.006034005 -0.012525877 0.999903321 37.687805176
0.999982893 -0.001777636 -0.005585739 0.714303613 0.001847136 0.999920607 0.012461928 -1.226899147 0.005563143 -0.012472029 0.999906778 38.177192688
0.999972165 -0.003923884 -0.006344449 0.719914317 0.004008063 0.999903321 0.013310182 -1.278437853 0.006291609 -0.013335241 0.999891222 38.731998444
0.999969840 -0.003941209 -0.006696096 0.731719196 0.004031559 0.999900281 0.013533442 -1.291569710 0.006642090 -0.013560031 0.999885976 39.275074005
0.999969780 -0.003794748 -0.006779369 0.747124434 0.003888066 0.999897063 0.013805167 -1.305735111 0.006726284 -0.013831108 0.999881685 39.820846558
0.999966979 -0.004084952 -0.007042354 0.756265581 0.004176336 0.999906659 0.013010949 -1.307350039 0.006988547 -0.013039931 0.999890566 40.388813019
0.999969125 -0.003710159 -0.006928333 0.757088065 0.003802712 0.999903083 0.013393750 -1.310676098 0.006877969 -0.013419684 0.999886334 40.894779205
0.999967873 -0.003917752 -0.006993570 0.755035877 0.004014398 0.999895871 0.013859102 -1.344641089 0.006938545 -0.013886729 0.999879479 41.449844360
0.999965131 -0.004416046 -0.007093406 0.768023372 0.004514634 0.999892533 0.013943274 -1.351617813 0.007031071 -0.013974811 0.999877632 41.989730835
0.999963284 -0.004577734 -0.007253760 0.777613640 0.004679059 0.999890804 0.014013787 -1.361421585 0.007188817 -0.014047209 0.999875426 42.535625458
0.999961138 -0.004662501 -0.007485893 0.792564511 0.004765060 0.999894202 0.013741352 -1.369640112 0.007421033 -0.013776489 0.999877572 43.087940216
0.999965012 -0.004170837 -0.007259808 0.777939677 0.004267340 0.999902010 0.013328556 -1.373023868 0.007203505 -0.013359068 0.999884784 43.611824036
0.999966919 -0.003972074 -0.007089295 0.767204404 0.004070094 0.999895573 0.013866155 -1.395163774 0.007033479 -0.013894552 0.999878705 44.150951385
0.999964714 -0.004298396 -0.007215645 0.776463628 0.004398023 0.999894500 0.013848423 -1.404596090 0.007155358 -0.013879672 0.999877989 44.703968048
0.999959946 -0.004792892 -0.007551257 0.794735491 0.004897254 0.999891937 0.013863185 -1.412348747 0.007483997 -0.013899614 0.999875367 45.224098206
0.999956310 -0.004766709 -0.008028980 0.805554032 0.004875836 0.999895275 0.013627430 -1.413688898 0.007963180 -0.013665985 0.999874949 45.778388977
0.999964535 -0.003945109 -0.007443803 0.803885579 0.004054468 0.999883235 0.014733850 -1.463220239 0.007384807 -0.014763507 0.999863684 46.257591248
0.999967039 -0.003870789 -0.007130752 0.805738270 0.003976077 0.999882400 0.014810832 -1.469879866 0.007072584 -0.014838697 0.999864876 46.813591003
0.999968112 -0.003779555 -0.007036333 0.804191589 0.003880585 0.999888778 0.014400440 -1.472185969 0.006981123 -0.014427287 0.999871492 47.355171204
0.999966085 -0.004033102 -0.007174601 0.817261934 0.004135794 0.999888420 0.014356571 -1.486212730 0.007115899 -0.014385757 0.999871254 47.878879547
0.999967754 -0.003927507 -0.007000555 0.810500622 0.004026769 0.999890745 0.014221838 -1.480751395 0.006943934 -0.014249570 0.999874353 48.437210083
0.999965668 -0.003813182 -0.007359372 0.811203718 0.003920447 0.999885499 0.014616189 -1.503766298 0.007302795 -0.014644539 0.999866068 48.908775330
0.999968708 -0.003551555 -0.007064813 0.812652051 0.003655558 0.999884307 0.014763212 -1.508325100 0.007011564 -0.014788577 0.999866009 49.450553894
0.999958038 -0.005141118 -0.007579078 0.824971914 0.005252626 0.999877214 0.014766887 -1.518344045 0.007502228 -0.014806079 0.999862194 49.981048584
0.999959052 -0.004804901 -0.007679077 0.845613241 0.004916781 0.999881089 0.014617563 -1.522331476 0.007607927 -0.014654721 0.999863625 50.497207642
0.999966621 -0.003672206 -0.007297190 0.829056621 0.003780792 0.999881506 0.014922855 -1.537669420 0.007241526 -0.014949949 0.999861956 50.973484039
0.999965966 -0.003597146 -0.007428056 0.836701274 0.003705910 0.999885321 0.014680866 -1.543406010 0.007374395 -0.014707895 0.999864638 51.529876709
0.999966145 -0.003484491 -0.007459634 0.848084450 0.003594499 0.999884188 0.014784788 -1.549694538 0.007407253 -0.014811100 0.999862850 52.064708710
0.999964714 -0.003804496 -0.007488077 0.850369215 0.003915389 0.999882162 0.014850765 -1.562387109 0.007430693 -0.014879562 0.999861598 52.559627533
0.999965787 -0.003648479 -0.007413544 0.856317341 0.003758752 0.999881685 0.014915527 -1.570829988 0.007358247 -0.014942885 0.999861181 53.107616425
0.999965250 -0.003548805 -0.007546471 0.869766235 0.003660076 0.999884069 0.014782365 -1.580611587 0.007493135 -0.014809473 0.999862194 53.636806488
0.999963462 -0.003962641 -0.007566519 0.872343719 0.004075478 0.999879777 0.014955848 -1.586919308 0.007506348 -0.014986140 0.999859512 54.086994171
0.999963284 -0.003883387 -0.007634480 0.877753854 0.003995500 0.999883592 0.014724869 -1.588594675 0.007576408 -0.014754832 0.999862432 54.635231018
0.999958694 -0.004456552 -0.007912498 0.889259756 0.004574076 0.999878466 0.014897324 -1.592923403 0.007845148 -0.014932902 0.999857724 55.180538177
0.999965847 -0.003688869 -0.007393187 0.899858236 0.003800803 0.999877512 0.015183710 -1.613218546 0.007336271 -0.015211293 0.999857306 55.627380371
0.999967217 -0.003477882 -0.007307447 0.905077100 0.003586499 0.999882579 0.014903631 -1.612912178 0.007254755 -0.014929352 0.999862194 56.174587250
0.999966800 -0.003619537 -0.007297996 0.907417417 0.003729625 0.999878585 0.015128013 -1.626682997 0.007242353 -0.015154730 0.999858856 56.727268219
0.999968767 -0.003572191 -0.007047317 0.913514376 0.003674946 0.999886334 0.014621971 -1.623360515 0.006994284 -0.014647413 0.999868214 57.291156769
0.999966919 -0.003649420 -0.007257079 0.918377161 0.003757495 0.999881387 0.014934932 -1.636017084 0.007201714 -0.014961707 0.999862134 57.677448273
0.999968410 -0.003277460 -0.007232458 0.929327846 0.003382564 0.999888122 0.014568205 -1.643245935 0.007183902 -0.014592209 0.999867737 58.217292786
0.999968767 -0.003293187 -0.007176903 0.938599765 0.003397826 0.999887407 0.014616806 -1.651555181 0.007127960 -0.014640737 0.999867380 58.761280060
0.999966085 -0.003408570 -0.007492024 0.962136745 0.003516871 0.999888778 0.014490271 -1.653722405 0.007441800 -0.014516128 0.999866962 59.291431427
0.999965489 -0.003777723 -0.007398809 0.962042332 0.003886649 0.999883413 0.014763440 -1.670261145 0.007342175 -0.014791687 0.999863625 59.721218109
0.999968708 -0.003443107 -0.007117726 0.975160062 0.003550189 0.999879897 0.015086972 -1.677898288 0.007064925 -0.015111770 0.999860823 60.264595032
0.999969900 -0.003113728 -0.007112087 0.981805325 0.003218469 0.999885798 0.014763480 -1.686136484 0.007065306 -0.014785924 0.999865770 60.812347412
0.999967456 -0.003432985 -0.007301359 0.988560259 0.003540805 0.999884129 0.014805891 -1.691004038 0.007249685 -0.014831264 0.999863684 61.239986420
0.999965370 -0.003389017 -0.007600265 0.992706120 0.003501696 0.999883473 0.014861651 -1.693037748 0.007549013 -0.014887750 0.999860704 61.796455383
0.999970734 -0.002515243 -0.007226118 1.000532389 0.002622152 0.999886751 0.014823585 -1.704995632 0.007188015 -0.014842099 0.999863982 62.341789246
0.999971688 -0.002507412 -0.007096406 1.004534364 0.002607521 0.999896646 0.014133100 -1.701742887 0.007060236 -0.014151204 0.999874949 62.859233856
0.999969006 -0.002951442 -0.007295679 1.003735781 0.003057131 0.999889910 0.014517961 -1.712942958 0.007252025 -0.014539817 0.999867976 63.274181366
0.999968886 -0.003166566 -0.007218159 1.013861299 0.003270376 0.999890745 0.014415585 -1.721269965 0.007171723 -0.014438742 0.999870002 63.823024750
0.999966323 -0.003649481 -0.007362946 1.027790070 0.003753242 0.999893069 0.014127966 -1.729488611 0.007310599 -0.014155123 0.999873042 64.368827820
0.999967158 -0.003452466 -0.007325542 1.031426549 0.003553418 0.999898314 0.013812846 -1.729909897 0.007277107 -0.013838423 0.999877751 64.893470764
0.999973238 -0.002850300 -0.006723011 1.041112542 0.002945215 0.999895513 0.014150498 -1.742438555 0.006681975 -0.014169919 0.999877334 65.416076660
0.999972224 -0.002848880 -0.006890857 1.031799316 0.002949752 0.999887943 0.014672821 -1.764579415 0.006848282 -0.014692738 0.999868572 65.823837280
0.999969661 -0.002993387 -0.007202304 1.049909592 0.003099312 0.999886572 0.014741104 -1.777063370 0.007157362 -0.014762977 0.999865413 66.354133606
0.999972403 -0.002727365 -0.006914839 1.049259186 0.002827512 0.999890625 0.014514641 -1.781220436 0.006874496 -0.014533792 0.999870718 66.880813599
0.999967217 -0.003157882 -0.007458278 1.056239009 0.003265978 0.999889135 0.014525988 -1.784773231 0.007411580 -0.014549871 0.999866664 67.439811707
0.999976993 -0.001941740 -0.006491544 1.050652981 0.002035737 0.999892652 0.014504728 -1.804470539 0.006462684 -0.014517607 0.999873757 67.855262756
0.999978065 -0.001821357 -0.006367486 1.052927136 0.001913256 0.999893606 0.014456289 -1.812070131 0.006340479 -0.014468154 0.999875247 68.393554688
0.999978423 -0.001702556 -0.006345914 1.067270637 0.001793087 0.999896228 0.014287670 -1.819551945 0.006320930 -0.014298739 0.999877810 68.921775818
0.999982059 -0.001415265 -0.005818686 1.059299707 0.001496149 0.999902010 0.013920005 -1.814528942 0.005798416 -0.013928460 0.999886155 69.475273132
0.999975979 -0.002524843 -0.006453772 1.080917239 0.002619684 0.999888062 0.014729560 -1.837748885 0.006415860 -0.014746114 0.999870658 69.906257629
0.999974191 -0.002734191 -0.006637244 1.084836960 0.002833172 0.999884248 0.014949537 -1.844876528 0.006595600 -0.014967955 0.999866188 70.453849792
0.999974847 -0.002917195 -0.006449661 1.082876205 0.003011190 0.999888718 0.014612226 -1.849338055 0.006406317 -0.014631283 0.999872386 71.029342651
0.999977767 -0.001681026 -0.006458149 1.102012515 0.001776407 0.999889016 0.014791765 -1.862871408 0.006432567 -0.014802909 0.999869704 71.531883240
0.999983788 -0.000884074 -0.005626746 1.113494754 0.000963830 0.999898911 0.014187514 -1.872452259 0.005613634 -0.014192706 0.999883533 72.053817749
0.999981761 -0.001883027 -0.005723133 1.087533832 0.001966183 0.999891996 0.014559262 -1.872191548 0.005695100 -0.014570250 0.999877632 72.468025208
0.999981701 -0.001637795 -0.005814876 1.093435287 0.001723534 0.999889374 0.014770386 -1.882044315 0.005790042 -0.014780140 0.999873996 73.015731812
0.999981701 -0.001723564 -0.005798615 1.110351801 0.001806197 0.999896407 0.014275643 -1.893778920 0.005773409 -0.014285858 0.999881268 73.526870728
0.999982119 -0.001908724 -0.005659854 1.111170173 0.001989184 0.999896526 0.014244647 -1.893400192 0.005632079 -0.014255650 0.999882519 74.069076538
0.999982119 -0.001471295 -0.005788403 1.108602285 0.001554569 0.999894917 0.014408217 -1.904484153 0.005766596 -0.014416959 0.999879420 74.525741577
0.999978065 -0.002235047 -0.006233470 1.122546911 0.002327044 0.999887884 0.014790545 -1.917145729 0.006199715 -0.014804726 0.999871135 75.061607361
0.999981344 -0.001616168 -0.005893890 1.118196845 0.001701000 0.999894619 0.014416627 -1.927143931 0.005869970 -0.014426383 0.999878645 75.609611511
0.999983847 -0.001168453 -0.005575289 1.122623563 0.001246457 0.999901116 0.014008046 -1.923084378 0.005558370 -0.014014769 0.999886274 76.162254333
0.999982595 -0.001936503 -0.005590758 1.120059490 0.002016666 0.999894738 0.014368523 -1.935669661 0.005562346 -0.014379544 0.999881148 76.560440063
0.999983311 -0.001786676 -0.005491955 1.129799604 0.001866147 0.999893069 0.014499523 -1.946079135 0.005465462 -0.014509528 0.999879837 77.103828430
0.999983728 -0.001626376 -0.005456570 1.134968758 0.001704011 0.999896944 0.014253591 -1.953732729 0.005432825 -0.014262659 0.999883473 77.600616455
0.999985695 -0.002025177 -0.004935955 1.142737746 0.002094801 0.999897838 0.014141361 -1.956341505 0.004906812 -0.014151500 0.999887824 78.158531189
0.999993145 -0.001172442 -0.003518191 1.143898368 0.001221244 0.999902606 0.013901401 -1.958118320 0.003501550 -0.013905603 0.999897182 78.669181824
0.999997497 -0.000756794 -0.002089417 1.153154612 0.000785666 0.999903798 0.013852336 -1.964767456 0.002078733 -0.013853943 0.999901891 79.225120544
0.999999225 -0.001078745 -0.000630474 1.163996220 0.001087422 0.999902368 0.013929648 -1.971936584 0.000615386 -0.013930322 0.999902725 79.718193054
0.999996185 -0.000590265 0.002696158 1.186288238 0.000552533 0.999902248 0.013973866 -1.982749104 -0.002704143 -0.013972323 0.999898672 80.254325867
0.999979377 -0.001209490 0.006316015 1.211826801 0.001120361 0.999900043 0.014096119 -1.990759850 -0.006332432 -0.014088751 0.999880672 80.788459778
0.999953330 -0.000697060 0.009644880 1.211906910 0.000566429 0.999908209 0.013540205 -1.988039136 -0.009653432 -0.013534108 0.999861836 81.384231567
0.999894619 -0.000694294 0.014501777 1.229481816 0.000498928 0.999909103 0.013471118 -1.984465122 -0.014509811 -0.013462462 0.999804020 81.907302856
0.999774098 -0.000187912 0.021252733 1.261416197 -0.000098387 0.999909282 0.013469255 -2.017022133 -0.021253332 -0.013468303 0.999683321 82.458717346
0.999643862 -0.000632629 0.026677640 1.287684321 0.000270217 0.999907613 0.013586287 -2.013818264 -0.026683768 -0.013574238 0.999551892 82.822471619
0.999487877 -0.001121560 0.031980820 1.322974443 0.000698662 0.999912262 0.013231587 -2.014683008 -0.031992853 -0.013202464 0.999400973 83.375617981
0.999179304 -0.000257096 0.040504575 1.353216648 -0.000288907 0.999909163 0.013473617 -2.020961285 -0.040504359 -0.013474260 0.999088585 83.937248230
0.998823404 -0.000813964 0.048487283 1.404771090 0.000157375 0.999908209 0.013543744 -2.029822588 -0.048493862 -0.013520179 0.998731971 84.471916199
0.998497427 -0.001307589 0.054782815 1.447604179 0.000585089 0.999912679 0.013202420 -2.031941891 -0.054795291 -0.013150528 0.998410940 84.946182251
0.997965574 -0.000977714 0.063747078 1.500066042 0.000139474 0.999913454 0.013152601 -2.041253328 -0.063754410 -0.013116951 0.997879386 85.485923767
0.997281432 -0.001436367 0.073673695 1.570440292 0.000483133 0.999916017 0.012954776 -2.047704697 -0.073686123 -0.012883962 0.997198224 86.015342712
0.996628523 -0.001850453 0.082025036 1.632362366 0.000786950 0.999915242 0.012996025 -2.053584099 -0.082042135 -0.012887660 0.996545553 86.540412903
0.995939612 -0.001500179 0.090011239 1.700836658 0.000342682 0.999917090 0.012873542 -2.063127756 -0.090023085 -0.012790424 0.995857596 87.080947876
0.994935513 -0.001336222 0.100506410 1.777046204 0.000067835 0.999920309 0.012622327 -2.067325354 -0.100515261 -0.012551581 0.994856358 87.609275818
0.993880153 -0.003024946 0.110421970 1.879148960 0.001657162 0.999920845 0.012476550 -2.086282253 -0.110450968 -0.012217210 0.993806541 88.122673035
0.992825150 -0.003826248 0.119513489 1.954248428 0.002336708 0.999917865 0.012601012 -2.096088886 -0.119551890 -0.012231333 0.992752552 88.614776611
0.991461873 -0.004079109 0.130332708 2.051668167 0.002445227 0.999916375 0.012693806 -2.100518703 -0.130373582 -0.012266732 0.991389036 89.156234741
0.989761412 -0.003788635 0.142681673 2.141129494 0.002026550 0.999919951 0.012493055 -2.106620789 -0.142717585 -0.012075991 0.989689767 89.688400269
0.988198340 -0.004605568 0.153110281 2.249290466 0.002719958 0.999917865 0.012522559 -2.117477894 -0.153155372 -0.011958317 0.988129735 90.224479675
0.986536205 -0.004981899 0.163467005 2.340768814 0.003013291 0.999919951 0.012288589 -2.121599913 -0.163515151 -0.011630565 0.986472189 90.691726685
0.984301805 -0.005277137 0.176414654 2.461483955 0.003166712 0.999920070 0.012242259 -2.129071236 -0.176465139 -0.011491424 0.984239757 91.222419739
0.982019663 -0.005670838 0.188692972 2.590136528 0.003422539 0.999919236 0.012238820 -2.140714407 -0.188747123 -0.011372952 0.981959879 91.752304077
0.979975581 -0.005750319 0.199034497 2.701091766 0.003370965 0.999918699 0.012291274 -2.140599728 -0.199089050 -0.011374211 0.979915380 92.256820679
0.977188587 -0.006004837 0.212288365 2.838321686 0.003483156 0.999918759 0.012250553 -2.145733356 -0.212344706 -0.011231669 0.977130234 92.787460327
0.974223137 -0.006273986 0.225499347 2.985342026 0.003574401 0.999917030 0.012377866 -2.151573181 -0.225558281 -0.011252779 0.974164605 93.308494568
0.971618593 -0.006761468 0.236456349 3.135196686 0.003921459 0.999914467 0.012478950 -2.166280031 -0.236520514 -0.011197528 0.971561909 93.821441650
0.968685150 -0.007499413 0.248179615 3.308265686 0.004494299 0.999909639 0.012672978 -2.183413506 -0.248252258 -0.011160729 0.968631148 94.314285278
0.965005219 -0.006982558 0.262138009 3.469179153 0.003764053 0.999911308 0.012778033 -2.185885429 -0.262203991 -0.011344166 0.964945674 94.850311279
0.961340189 -0.006491772 0.275286913 3.599346161 0.003155949 0.999916136 0.012558852 -2.173244476 -0.275345385 -0.011204536 0.961280048 95.362449646
0.958112419 -0.007663458 0.286289811 3.782924652 0.004218678 0.999911070 0.012647353 -2.182682514 -0.286361337 -0.010909822 0.958059549 95.874931335
0.953779399 -0.007464467 0.300415248 3.965305328 0.003839619 0.999912500 0.012654703 -2.184892178 -0.300483406 -0.010916313 0.953724682 96.424758911
0.949336231 -0.007362223 0.314175636 4.163005829 0.003677955 0.999917388 0.012317942 -2.181113720 -0.314240366 -0.010538346 0.949284911 96.949615479
0.945657551 -0.007914750 0.325067699 4.353721619 0.004044190 0.999912679 0.012580883 -2.204370022 -0.325138927 -0.010582570 0.945607066 97.421890259
0.941174209 -0.007605263 0.337836325 4.562316895 0.003333594 0.999907017 0.013222569 -2.215901852 -0.337905496 -0.011318531 0.941111982 97.935485840
0.936139405 -0.009032149 0.351513177 4.778867722 0.004610958 0.999899387 0.013412696 -2.227945089 -0.351598978 -0.010935341 0.936086893 98.425430298
0.931158125 -0.008204656 0.364523232 5.017049789 0.003658543 0.999906719 0.013160226 -2.236166954 -0.364597201 -0.010920627 0.931101322 98.981803894
0.926970840 -0.008924208 0.375026971 5.238475800 0.004344444 0.999905348 0.013055566 -2.245030880 -0.375108004 -0.010472845 0.926922023 99.481758118
0.921207607 -0.008120405 0.388986617 5.478002548 0.003328527 0.999910116 0.012991220 -2.245899916 -0.389057100 -0.010672859 0.921151817 99.996131897
0.915623486 -0.008933647 0.401937544 5.706256866 0.003784202 0.999900281 0.013603736 -2.266925812 -0.402018994 -0.010934887 0.915566087 100.449340820
0.910560071 -0.009070701 0.413277298 5.973403931 0.003978259 0.999905229 0.013180975 -2.273038864 -0.413357645 -0.010357944 0.910509884 100.989356995
0.904027700 -0.008531426 0.427388698 6.233078003 0.003014147 0.999903142 0.013584186 -2.263860941 -0.427463293 -0.010992267 0.903965890 101.523666382
0.897036672 -0.008119542 0.441881537 6.501380920 0.002408413 0.999906242 0.013484035 -2.268333912 -0.441949517 -0.011031440 0.896972120 102.018051147
0.891233981 -0.009049445 0.453453481 6.780399323 0.003265110 0.999903083 0.013537426 -2.281602859 -0.453532040 -0.010584437 0.891177118 102.487991333
0.885271549 -0.009260340 0.464982301 7.068645477 0.003395097 0.999903798 0.013449686 -2.276195765 -0.465062171 -0.010327964 0.885217786 103.024154663
0.878463507 -0.009140301 0.477722049 7.372043610 0.003121039 0.999905467 0.013392130 -2.305369854 -0.477799326 -0.010273509 0.878408968 103.501899719
0.870997846 -0.009892796 0.491187304 7.628623962 0.003584279 0.999898553 0.013782716 -2.290249348 -0.491273850 -0.010244163 0.870944917 103.947952271
