1.000000000 0.000000000 0.000000000 0.000000000 0.000000000 1.000000000 0.000000000 0.000000000 0.000000000 0.000000000 1.000000000 0.000000000
1.000000000 -0.000074136 -0.000019667 0.000027019 0.000074135 1.000000000 -0.000049941 0.000246841 0.000019671 0.000049939 1.000000000 0.000013477
1.000000000 -0.000089884 -0.000009343 -0.000082530 0.000089884 1.000000000 -0.000015158 0.000213915 0.000009345 0.000015158 1.000000000 0.000220171
1.000000000 -0.000021230 0.000089642 -0.000887427 0.000021238 1.000000000 -0.000093025 0.001333799 -0.000089640 0.000093027 1.000000000 0.000792778
1.000000000 -0.000151199 -0.000046018 0.000852589 0.000151198 1.000000000 -0.000030659 0.000693175 0.000046023 0.000030652 1.000000000 0.000601016
1.000000000 -0.000003906 0.000048288 -0.001006616 0.000003904 1.000000000 0.000029482 -0.000308372 -0.000048288 -0.000029482 1.000000000 -0.000938371
1.000000000 0.000017610 0.000038871 -0.000958349 -0.000017604 1.000000000 -0.000154966 0.000653894 -0.000038873 0.000154965 1.000000000 -0.000509639
1.000000000 0.000007066 0.000103118 -0.001006620 -0.000007062 1.000000000 -0.000039066 -0.000352780 -0.000103119 0.000039065 1.000000000 -0.000314859
1.000000000 0.000176030 0.000103391 -0.002078389 -0.000176034 1.000000000 0.000034459 -0.000274943 -0.000103385 -0.000034477 1.000000000 -0.000467936
1.000000000 0.000042391 0.000122214 -0.001366900 -0.000042375 1.000000000 -0.000128671 0.000781271 -0.000122220 0.000128665 1.000000000 -0.000269545
0.999999940 0.000230908 0.000079994 -0.001511654 -0.000230897 0.999999940 -0.000137331 0.000062940 -0.000080026 0.000137313 1.000000000 -0.000706585
1.000000000 0.000047204 0.000081582 -0.001171437 -0.000047201 1.000000000 -0.000037678 0.000503689 -0.000081584 0.000037674 1.000000000 -0.000096482
1.000000000 0.000166618 0.000093469 -0.001710764 -0.000166603 1.000000000 -0.000158105 0.001184283 -0.000093496 0.000158090 1.000000000 0.000551159
1.000000000 0.000187650 0.000070143 -0.000561107 -0.000187644 1.000000000 -0.000087742 0.001209871 -0.000070160 0.000087729 1.000000000 0.000730551
0.999999940 0.000170149 0.000197733 -0.001921959 -0.000170120 1.000000000 -0.000149674 0.001437595 -0.000197759 0.000149640 0.999999940 0.001556979
0.999999940 0.000349710 0.000132010 -0.001765920 -0.000349691 0.999999940 -0.000146200 0.001298014 -0.000132062 0.000146154 1.000000000 0.001440074
0.999999940 0.000336887 0.000199714 -0.001853595 -0.000336859 0.999999940 -0.000135783 0.002243245 -0.000199760 0.000135716 1.000000000 0.002735318
0.999999940 0.000258101 0.000209315 -0.002036132 -0.000258066 0.999999940 -0.000166888 0.001800228 -0.000209358 0.000166834 0.999999940 0.001958456
0.999999940 0.000240364 0.000252717 -0.002500917 -0.000240346 0.999999940 -0.000070915 0.001725431 -0.000252734 0.000070854 0.999999940 0.002304335
0.999999940 0.000226869 0.000158663 -0.002127226 -0.000226856 1.000000000 -0.000084990 0.002070368 -0.000158682 0.000084954 1.000000000 0.002212140
0.999999940 0.000312672 0.000146035 -0.001902060 -0.000312661 0.999999940 -0.000068901 0.001652180 -0.000146056 0.000068855 1.000000000 0.002216187
0.999999940 0.000250096 0.000076151 -0.001409665 -0.000250091 0.999999940 -0.000061879 0.001793062 -0.000076167 0.000061860 1.000000000 0.002526097
0.999999881 0.000424362 0.000202455 -0.002806647 -0.000424338 0.999999881 -0.000120011 0.002483016 -0.000202506 0.000119925 1.000000000 0.002895475
0.999999940 0.000307909 0.000214131 -0.001811261 -0.000307888 0.999999940 -0.000100065 0.001607297 -0.000214162 0.000100000 1.000000000 0.001821442
0.999999940 0.000259992 0.000193790 -0.001362199 -0.000259965 0.999999940 -0.000138584 0.002869528 -0.000193826 0.000138534 1.000000000 0.004031751
0.999999940 0.000301273 0.000215607 -0.002419344 -0.000301263 0.999999940 -0.000045089 0.001291061 -0.000215621 0.000045024 1.000000000 0.002187198
0.999999940 0.000250263 0.000132174 -0.001608560 -0.000250251 0.999999940 -0.000088189 0.002042378 -0.000132196 0.000088156 1.000000000 0.002008118
0.999999940 0.000224868 0.000145823 -0.001276408 -0.000224848 0.999999940 -0.000135651 0.002603517 -0.000145854 0.000135619 1.000000000 0.003455635
0.999999940 0.000283367 0.000206218 -0.001218961 -0.000283344 0.999999940 -0.000114312 0.001869847 -0.000206251 0.000114253 1.000000000 0.003002166
0.999999940 0.000247872 0.000182904 -0.002051363 -0.000247847 0.999999940 -0.000133065 0.002009861 -0.000182937 0.000133019 1.000000000 0.002143032
0.999999940 0.000357135 0.000172353 -0.001477849 -0.000357107 0.999999940 -0.000163404 0.002777840 -0.000172411 0.000163342 1.000000000 0.003535783
0.999999940 0.000282256 0.000265221 -0.001861351 -0.000282226 0.999999940 -0.000110457 0.001200037 -0.000265252 0.000110382 0.999999940 0.001294079
0.999999881 0.000397456 0.000232970 -0.002920143 -0.000397423 0.999999940 -0.000143384 0.001283838 -0.000233027 0.000143292 0.999999940 0.001799661
0.999999940 0.000355045 0.000202218 -0.001763393 -0.000355003 0.999999940 -0.000206228 0.001787793 -0.000202291 0.000206157 0.999999940 0.002200625
0.999999940 0.000241461 0.000186551 -0.001697844 -0.000241432 0.999999940 -0.000151345 0.001949128 -0.000186587 0.000151300 1.000000000 0.002724982
0.999999940 0.000254097 0.000132091 -0.001341841 -0.000254085 0.999999940 -0.000090240 0.002630220 -0.000132114 0.000090206 1.000000000 0.003546128
0.999999881 0.000388986 0.000192137 -0.001929387 -0.000388974 0.999999940 -0.000066219 0.001484634 -0.000192163 0.000066144 1.000000000 0.002370061
0.999999940 0.000380660 0.000139117 -0.001118682 -0.000380651 0.999999940 -0.000067327 0.001883992 -0.000139143 0.000067274 1.000000000 0.001374229
0.999999940 0.000290489 0.000150933 -0.001128912 -0.000290467 0.999999940 -0.000148549 0.001245449 -0.000150976 0.000148505 1.000000000 0.002597677
0.999999881 0.000402014 0.000333140 -0.001853948 -0.000401782 0.999999702 -0.000694277 -0.000368366 -0.000333419 0.000694143 0.999999702 0.050165057
0.999999821 0.000496353 0.000322125 -0.002020071 -0.000496027 0.999999344 -0.001011168 -0.005638691 -0.000322626 0.001011008 0.999999464 0.135804906
0.999998748 -0.000211779 0.001579895 -0.010504088 0.000213050 0.999999642 -0.000804784 -0.015376308 -0.001579724 0.000805120 0.999998450 0.248708844
0.999998927 -0.000269084 0.001465746 -0.006339727 0.000269978 0.999999821 -0.000609901 -0.019489609 -0.001465581 0.000610296 0.999998808 0.379844904
0.999998689 -0.000110526 0.001608218 -0.006098095 0.000111016 0.999999940 -0.000304763 -0.022516944 -0.001608185 0.000304941 0.999998629 0.526200294
0.999998212 -0.000705497 0.001736227 -0.001432170 0.000705956 0.999999702 -0.000263937 -0.031664766 -0.001736040 0.000265162 0.999998450 0.666500986
0.999997973 -0.001023595 0.001733603 0.003628670 0.001023578 0.999999404 0.000010594 -0.034941290 -0.001733613 -0.000008820 0.999998510 0.828363478
0.999998093 -0.000701444 0.001848438 0.003636610 0.000701123 0.999999702 0.000174344 -0.039740290 -0.001848560 -0.000173047 0.999998331 1.004320264
0.999998391 -0.000658092 0.001674874 0.006025211 0.000657764 0.999999762 0.000196230 -0.043872774 -0.001675002 -0.000195128 0.999998569 1.182089329
0.999997914 -0.000485712 0.001943860 0.007865011 0.000484446 0.999999642 0.000651473 -0.050719488 -0.001944175 -0.000650530 0.999997914 1.364460588
0.999998212 -0.000221592 0.001890778 0.011905926 0.000220897 0.999999940 0.000367369 -0.052059270 -0.001890859 -0.000366951 0.999998093 1.564789295
0.999998093 -0.000938204 0.001747259 0.020925790 0.000937368 0.999999464 0.000479063 -0.055624630 -0.001747708 -0.000477424 0.999998331 1.770214915
0.999997497 -0.001096423 0.001949463 0.015386319 0.001094567 0.999998868 0.000953042 -0.069244526 -0.001950506 -0.000950906 0.999997616 1.951752901
0.999996960 -0.001795324 0.001666611 0.024683561 0.001793565 0.999997795 0.001055757 -0.076543167 -0.001668502 -0.001052764 0.999998093 2.162793398
0.999997079 -0.001664345 0.001771613 0.029217873 0.001662536 0.999998152 0.001021996 -0.080774859 -0.001773311 -0.001019047 0.999997973 2.383473635
0.999997854 -0.001179676 0.001699965 0.033480238 0.001178159 0.999998868 0.000893513 -0.086451098 -0.001701017 -0.000891509 0.999998152 2.610852242
0.999997079 -0.000844843 0.002268062 0.031316880 0.000842270 0.999998987 0.001135015 -0.097631402 -0.002269019 -0.001133102 0.999996841 2.841709137
0.999995828 -0.001374864 0.002546979 0.029046101 0.001371566 0.999998152 0.001296183 -0.105339557 -0.002548757 -0.001292685 0.999995828 3.069067001
0.999996603 -0.000987260 0.002403276 0.034800336 0.000983964 0.999998569 0.001372041 -0.112939596 -0.002404627 -0.001369672 0.999996066 3.314066887
0.999994755 -0.001142515 0.003018566 0.033411521 0.001137714 0.999998093 0.001591791 -0.121964313 -0.003020379 -0.001588348 0.999994099 3.561834812
0.999995768 -0.000734301 0.002827120 0.045819446 0.000729807 0.999998569 0.001590209 -0.123846725 -0.002828284 -0.001588139 0.999994695 3.822427511
0.999996006 -0.000562558 0.002776994 0.041463893 0.000559626 0.999999285 0.001056584 -0.124899708 -0.002777587 -0.001055026 0.999995589 4.079364777
0.999995351 -0.000379006 0.003032554 0.047636177 0.000375633 0.999999285 0.001112779 -0.127293527 -0.003032974 -0.001111635 0.999994755 4.342911243
0.999994636 -0.000465013 0.003245872 0.051088821 0.000461827 0.999999404 0.000982133 -0.137083575 -0.003246326 -0.000980629 0.999994218 4.595607281
0.999994636 -0.000181586 0.003295344 0.056038469 0.000178015 0.999999464 0.001083845 -0.141048759 -0.003295539 -0.001083252 0.999993920 4.862034321
0.999995291 -0.000657355 0.002992582 0.067927033 0.000652947 0.999998629 0.001473823 -0.149879426 -0.002993547 -0.001471862 0.999994457 5.102684975
0.999994636 -0.000840109 0.003158223 0.072815970 0.000836654 0.999998987 0.001095192 -0.154433876 -0.003159140 -0.001092543 0.999994397 5.368350506
0.999994397 -0.000565974 0.003267005 0.077430047 0.000561959 0.999999046 0.001229896 -0.161965802 -0.003267698 -0.001228053 0.999993920 5.644003868
0.999994695 -0.001473752 0.002896844 0.086900420 0.001470689 0.999998271 0.001058988 -0.169053122 -0.002898400 -0.001054722 0.999995291 5.913607121
0.999994636 -0.000824751 0.003158905 0.088712394 0.000820855 0.999998808 0.001234346 -0.177772537 -0.003159919 -0.001231746 0.999994278 6.194975376
0.999993742 -0.001008622 0.003397902 0.091639251 0.001003655 0.999998450 0.001462993 -0.190315127 -0.003399372 -0.001459574 0.999993145 6.454146862
0.999994814 -0.000456049 0.003212614 0.096110053 0.000451828 0.999999106 0.001314506 -0.196333781 -0.003213210 -0.001313048 0.999993920 6.747423649
0.999994397 0.000135521 0.003341428 0.100150406 -0.000139660 0.999999285 0.001238269 -0.202308863 -0.003341258 -0.001238729 0.999993622 7.052243710
0.999993861 -0.000724341 0.003427594 0.106845580 0.000719974 0.999998987 0.001274995 -0.203753248 -0.003428514 -0.001272519 0.999993324 7.353297710
0.999993622 -0.001093144 0.003379629 0.110619612 0.001087377 0.999997973 0.001707909 -0.229735538 -0.003381489 -0.001704223 0.999992788 7.633601665
0.999994516 -0.001214829 0.003060635 0.122651130 0.001209464 0.999997735 0.001754192 -0.231935784 -0.003062759 -0.001750481 0.999993801 7.959510326
0.999994099 -0.000714230 0.003343154 0.125968769 0.000708279 0.999998212 0.001780913 -0.245930910 -0.003344419 -0.001778535 0.999992847 8.266059875
0.999993622 -0.000979124 0.003414560 0.133539751 0.000974135 0.999998391 0.001462328 -0.251399189 -0.003415986 -0.001458992 0.999993086 8.584920883
0.999993265 -0.000427148 0.003643320 0.135554284 0.000420688 0.999998450 0.001773757 -0.261651933 -0.003644071 -0.001772212 0.999991775 8.913118362
0.999995112 -0.000511619 0.003065655 0.145662606 0.000505789 0.999998033 0.001902129 -0.276278377 -0.003066623 -0.001900569 0.999993503 9.255716324
0.999992788 0.000628296 0.003762129 0.153841168 -0.000634143 0.999998629 0.001553086 -0.282118857 -0.003761148 -0.001555460 0.999991715 9.592973709
0.999994159 0.000060148 0.003400083 0.157344624 -0.000066846 0.999998033 0.001969819 -0.294698775 -0.003399958 -0.001970035 0.999992251 9.935854912
0.999993920 -0.000356919 0.003446662 0.160691589 0.000351074 0.999998510 0.001696186 -0.304421872 -0.003447262 -0.001694965 0.999992609 10.282773018
0.999994159 0.000054895 0.003403726 0.168346569 -0.000060524 0.999998629 0.001653490 -0.315200031 -0.003403630 -0.001653686 0.999992847 10.640285492
0.999994099 -0.000201333 0.003421119 0.178874046 0.000195473 0.999998569 0.001713091 -0.321330398 -0.003421459 -0.001712412 0.999992669 11.010969162
0.999994040 -0.000481145 0.003390256 0.183827370 0.000475067 0.999998212 0.001793169 -0.331863314 -0.003391113 -0.001791548 0.999992609 11.395211220
0.999993443 -0.000058507 0.003620306 0.187467054 0.000050708 0.999997675 0.002154426 -0.345645845 -0.003620424 -0.002154228 0.999991119 11.727605820
0.999992967 -0.000164968 0.003748085 0.195403174 0.000156807 0.999997556 0.002177559 -0.357420564 -0.003748436 -0.002176956 0.999990582 12.115900040
0.999992728 -0.000950749 0.003691065 0.212509036 0.000941843 0.999996662 0.002413633 -0.367613882 -0.003693348 -0.002410139 0.999990225 12.499980927
0.999993086 -0.000509078 0.003685459 0.222887695 0.000500437 0.999997139 0.002345223 -0.376796126 -0.003686642 -0.002343362 0.999990404 12.908275604
0.999991894 -0.000787483 0.003926349 0.222506866 0.000779853 0.999997795 0.001944365 -0.389281929 -0.003927871 -0.001941287 0.999990404 13.272108078
0.999991536 -0.000051892 0.004107783 0.230996668 0.000043894 0.999998093 0.001947277 -0.398830742 -0.004107875 -0.001947080 0.999989688 13.689626694
0.999990344 0.000235136 0.004381150 0.234424636 -0.000243500 0.999998152 0.001908561 -0.406583399 -0.004380693 -0.001909609 0.999988616 14.123025894
0.999988616 0.000014217 0.004772064 0.245121270 -0.000026008 0.999996960 0.002470840 -0.422894001 -0.004772014 -0.002470936 0.999985516 14.512658119
0.999990046 -0.000443208 0.004434511 0.259779632 0.000431572 0.999996483 0.002624580 -0.433436543 -0.004435658 -0.002622640 0.999986768 14.942330360
0.999988675 -0.000221784 0.004762442 0.271335542 0.000209570 0.999996722 0.002564801 -0.449866354 -0.004762996 -0.002563774 0.999985337 15.376460075
0.999983490 0.000135853 0.005734811 0.271081924 -0.000152486 0.999995768 0.002900132 -0.459372103 -0.005734393 -0.002900959 0.999979317 15.793460846
0.999984264 0.000126388 0.005608513 0.283809483 -0.000142882 0.999995649 0.002940608 -0.471485198 -0.005608118 -0.002941363 0.999979973 16.234798431
0.999982357 0.000096863 0.005925833 0.294407070 -0.000113199 0.999996126 0.002756408 -0.482718766 -0.005925543 -0.002757030 0.999978602 16.681762695
0.999982238 0.000023362 0.005942184 0.309264839 -0.000041280 0.999995351 0.003015153 -0.496492535 -0.005942086 -0.003015345 0.999977767 17.151479721
0.999979794 0.000286875 0.006354416 0.317879647 -0.000307967 0.999994516 0.003318528 -0.508485079 -0.006353428 -0.003320417 0.999974310 17.607757568
0.999977052 0.000457512 0.006756994 0.321483433 -0.000478253 0.999995172 0.003068182 -0.522783697 -0.006755558 -0.003071344 0.999972463 18.054389954
0.999974132 0.000881003 0.007130851 0.331559062 -0.000902154 0.999995172 0.002963414 -0.529665589 -0.007128206 -0.002969771 0.999970198 18.515247345
0.999974430 0.001254116 0.007037023 0.347217500 -0.001275558 0.999994576 0.003043330 -0.547090530 -0.007033168 -0.003052229 0.999970615 19.004541397
0.999973714 0.000925565 0.007210122 0.361257792 -0.000947701 0.999994874 0.003067304 -0.561078966 -0.007207246 -0.003074056 0.999969244 19.444374084
0.999972939 0.000912963 0.007298759 0.371027529 -0.000939844 0.999992788 0.003680457 -0.575951219 -0.007295346 -0.003687218 0.999966562 19.934860229
0.999973238 0.001061967 0.007235523 0.387813866 -0.001084566 0.999994576 0.003120169 -0.584118962 -0.007232170 -0.003127933 0.999968886 20.421470642
0.999977410 0.000322795 0.006711852 0.395120203 -0.000345579 0.999994099 0.003393843 -0.596635461 -0.006710718 -0.003396086 0.999971628 20.900785446
0.999981284 0.000319299 0.006111109 0.406720996 -0.000336461 0.999995947 0.002807484 -0.603510439 -0.006110189 -0.002809487 0.999977350 21.410497665
0.999981642 0.000407755 0.006042861 0.416077495 -0.000428096 0.999994278 0.003365305 -0.619266927 -0.006041455 -0.003367830 0.999976099 21.924499512
0.999981403 0.001083339 0.006002329 0.414231479 -0.001105440 0.999992609 0.003680234 -0.637620747 -0.005998299 -0.003686802 0.999975204 22.412494659
0.999984324 0.001043807 0.005513294 0.425626487 -0.001064953 0.999992132 0.003833978 -0.653072536 -0.005509248 -0.003839788 0.999977469 22.933517456
0.999984145 0.002028781 0.005272382 0.427966177 -0.002051084 0.999988914 0.004228374 -0.666972697 -0.005263746 -0.004239121 0.999977231 23.451414108
0.999990344 -0.000168886 0.004397695 0.437331080 0.000152641 0.999993145 0.003693970 -0.685550809 -0.004398290 -0.003693263 0.999983430 23.971179962
0.999991477 0.000526223 0.004091715 0.447895199 -0.000542109 0.999992311 0.003882424 -0.695174694 -0.004089640 -0.003884609 0.999984086 24.519216537
0.999993801 0.001131966 0.003358913 0.454216719 -0.001144599 0.999992251 0.003761334 -0.705032825 -0.003354630 -0.003765155 0.999987245 25.043098450
0.999991775 0.002107141 0.003460706 0.437335432 -0.002120259 0.999990523 0.003791336 -0.729525208 -0.003452684 -0.003798642 0.999986827 25.558694839
0.999992371 0.001988122 0.003339699 0.449522674 -0.002001300 0.999990165 0.003946827 -0.741732895 -0.003331819 -0.003953482 0.999986589 26.122589111
0.999995112 0.001463036 0.002752835 0.457630247 -0.001474025 0.999990940 0.003994356 -0.752395570 -0.002746967 -0.003998395 0.999988198 26.671243668
0.999995828 0.001617426 0.002363995 0.470470041 -0.001626105 0.999991894 0.003674368 -0.758595824 -0.002358034 -0.003678197 0.999990404 27.231510162
0.999996305 0.002002602 0.001836411 0.482699245 -0.002010081 0.999989629 0.004079659 -0.786295056 -0.001828222 -0.004083336 0.999989986 27.739297867
0.999994397 0.002940325 0.001618750 0.493228674 -0.002945738 0.999990046 0.003351863 -0.789264739 -0.001608878 -0.003356613 0.999993086 28.294036865
0.999994457 0.002486613 0.002227290 0.501136482 -0.002495741 0.999988496 0.004104848 -0.812873542 -0.002217057 -0.004110384 0.999989092 28.834096909
0.999995708 0.002271522 0.001852681 0.512310088 -0.002278578 0.999990106 0.003814733 -0.823915899 -0.001843998 -0.003818939 0.999991000 29.398138046
0.999996185 0.002553623 0.001064225 0.489982396 -0.002557948 0.999988377 0.004082785 -0.840797782 -0.001053786 -0.004085490 0.999991119 29.892246246
0.999996483 0.002532387 0.000820287 0.501827180 -0.002535403 0.999989986 0.003696145 -0.852671385 -0.000810918 -0.003698210 0.999992847 30.448545456
0.999994695 0.003042678 0.001160328 0.503034353 -0.003047785 0.999985576 0.004424072 -0.872252643 -0.001146850 -0.004427585 0.999989569 30.975347519
0.999990404 0.004208430 0.001215359 0.509857774 -0.004213898 0.999980867 0.004532578 -0.885462403 -0.001196261 -0.004537656 0.999989033 31.524951935
0.999989927 0.004344785 0.001197716 0.521776795 -0.004349559 0.999982536 0.004012240 -0.899012625 -0.001180262 -0.004017409 0.999991298 32.073478699
0.999994457 0.003309991 0.000377063 0.529237032 -0.003311647 0.999984503 0.004475957 -0.912070751 -0.000362242 -0.004477181 0.999989927 32.623706818
0.999996781 0.002538825 -0.000149258 0.545240223 -0.002538056 0.999984562 0.004944725 -0.938549638 0.000161810 -0.004944330 0.999987781 33.146846771
0.999989927 0.004390192 0.000948405 0.538070858 -0.004394199 0.999981284 0.004265731 -0.936989427 -0.000929660 -0.004269856 0.999990463 33.719398499
0.999995053 0.003128100 -0.000093090 0.548970103 -0.003127634 0.999984384 0.004636482 -0.954731464 0.000107592 -0.004636169 0.999989212 34.242435455
0.999996245 0.002724127 -0.000141266 0.565643370 -0.002723458 0.999985993 0.004537334 -0.974166811 0.000153625 -0.004536932 0.999989748 34.774616241
0.999995649 0.002928204 -0.000090159 0.574257910 -0.002927812 0.999987423 0.004070118 -0.974248946 0.000102076 -0.004069837 0.999991715 35.332096100
0.999995232 0.003069289 -0.000175286 0.559819996 -0.003068430 0.999984205 0.004698168 -0.999248207 0.000189703 -0.004697608 0.999988973 35.838787079
0.999994338 0.003322073 -0.000570332 0.573388577 -0.003319399 0.999983788 0.004627429 -1.010136247 0.000585695 -0.004625509 0.999989152 36.394313812
0.999996126 0.002774421 -0.000336115 0.584523857 -0.002772932 0.999986649 0.004355104 -1.017892599 0.000348193 -0.004354156 0.999990463 36.932022095
0.999995649 0.002885835 -0.000630695 0.589008808 -0.002882825 0.999984622 0.004722084 -1.040879965 0.000644312 -0.004720245 0.999988675 37.430191040
0.999995053 0.003018040 -0.000958168 0.599838138 -0.003013324 0.999983490 0.004885483 -1.054154754 0.000972897 -0.004882570 0.999987721 37.978961945
0.999995291 0.002925958 -0.000914313 0.609689415 -0.002922042 0.999986649 0.004255587 -1.059262514 0.000926752 -0.004252894 0.999990582 38.543151855
0.999995708 0.002643381 -0.001206538 0.619773984 -0.002637543 0.999984860 0.004815232 -1.074756503 0.001219248 -0.004812030 0.999987662 39.042793274
0.999996364 0.002328637 -0.001326887 0.629730403 -0.002322346 0.999986053 0.004723169 -1.088754177 0.001337867 -0.004720071 0.999987960 39.591194153
0.999995828 0.002690485 -0.001072998 0.643386364 -0.002685496 0.999985635 0.004624497 -1.103939295 0.001085425 -0.004621594 0.999988735 40.134628296
0.999996305 0.002513760 -0.000946558 0.636462808 -0.002509179 0.999985218 0.004808704 -1.118990898 0.000958632 -0.004806311 0.999988019 40.660133362
0.999993861 0.003354257 -0.000999975 0.645297468 -0.003349232 0.999981940 0.004983742 -1.129541874 0.001016674 -0.004980362 0.999987125 41.204395294
0.999995351 0.002766411 -0.001244625 0.663942218 -0.002760396 0.999984503 0.004808586 -1.145615339 0.001257908 -0.004805128 0.999987662 41.735427856
0.999996424 0.002516623 -0.000921638 0.652792215 -0.002512019 0.999984503 0.004961121 -1.157566905 0.000934109 -0.004958787 0.999987185 42.218601227
0.999997199 0.002130347 -0.000980189 0.665606976 -0.002124992 0.999983013 0.005431747 -1.172326446 0.000991743 -0.005429647 0.999984741 42.762405396
0.999994040 0.003426240 -0.000442353 0.673385501 -0.003424267 0.999984562 0.004384867 -1.181114554 0.000457370 -0.004383327 0.999990284 43.304019928
0.999995530 0.002880662 -0.000768840 0.675218284 -0.002876965 0.999984443 0.004767214 -1.191641927 0.000782561 -0.004764981 0.999988317 43.818294525
0.999994099 0.003294563 -0.000949142 0.682726800 -0.003290248 0.999984384 0.004512213 -1.203549743 0.000963993 -0.004509064 0.999989331 44.367721558
0.999992549 0.003804548 -0.000649033 0.694612563 -0.003801836 0.999984205 0.004130986 -1.211934090 0.000664739 -0.004128488 0.999991179 44.923954010
0.999993682 0.003510777 -0.000450683 0.695269644 -0.003508416 0.999980628 0.005137780 -1.235062599 0.000468713 -0.005136167 0.999986708 45.415328979
0.999994278 0.003322163 -0.000502667 0.703410208 -0.003319607 0.999981999 0.005002176 -1.249831676 0.000519276 -0.005000480 0.999987364 45.956527710
0.999993920 0.003461062 -0.000507924 0.715976417 -0.003458443 0.999981105 0.005067504 -1.260645866 0.000525453 -0.005065717 0.999987066 46.499237061
0.999994934 0.003116353 -0.000665076 0.714734077 -0.003112833 0.999981463 0.005230501 -1.268816590 0.000681364 -0.005228404 0.999986053 47.016014099
0.999995947 0.002637198 -0.001099315 0.725887597 -0.002631824 0.999984741 0.004861192 -1.279934645 0.001112118 -0.004858279 0.999987602 47.554672241
0.999995172 0.003085651 -0.000403189 0.734765828 -0.003083774 0.999984860 0.004572982 -1.288502574 0.000417293 -0.004571717 0.999989450 48.106231689
0.999996960 0.002269530 -0.000908214 0.735471070 -0.002264397 0.999981701 0.005613305 -1.308278203 0.000920937 -0.005611232 0.999983847 48.599739075
0.999994338 0.003325851 -0.000557531 0.745250821 -0.003322420 0.999976218 0.006045912 -1.322873950 0.000577626 -0.006044026 0.999981642 49.147354126
0.999995053 0.003082588 -0.000572358 0.749952435 -0.003079337 0.999979615 0.005595629 -1.329684734 0.000589595 -0.005593840 0.999984205 49.688602448
0.999997616 0.002116330 -0.000485202 0.753426671 -0.002113587 0.999982178 0.005581501 -1.344343185 0.000497006 -0.005580463 0.999984264 50.188865662
0.999998152 0.001774720 -0.000790659 0.767046034 -0.001770517 0.999984443 0.005285334 -1.352747798 0.000800027 -0.005283924 0.999985695 50.740852356
0.999996901 0.002408809 -0.000589381 0.768524706 -0.002405700 0.999983490 0.005220278 -1.363111377 0.000601946 -0.005218844 0.999986172 51.267700195
0.999994993 0.003163551 -0.000068651 0.765775442 -0.003163105 0.999978602 0.005724034 -1.378702998 0.000086758 -0.005723788 0.999983549 51.772590637
0.999995053 0.003153089 -0.000274309 0.776403069 -0.003151608 0.999981344 0.005238445 -1.383622169 0.000290821 -0.005237554 0.999986172 52.320022583
0.999992847 0.003787355 0.000250777 0.786548674 -0.003788619 0.999979079 0.005245820 -1.399526477 -0.000230904 -0.005246732 0.999986172 52.875186920
0.999995589 0.002960128 0.000145062 0.798212230 -0.002960895 0.999979794 0.005611235 -1.418424249 -0.000128449 -0.005611640 0.999984264 53.364616394
0.999993384 0.003622387 0.000283731 0.804286420 -0.003623851 0.999979138 0.005338995 -1.426595807 -0.000264386 -0.005339988 0.999985695 53.908596039
0.999994636 0.003273688 -0.000111251 0.818148017 -0.003273089 0.999982059 0.005011328 -1.437599301 0.000127655 -0.005010936 0.999987423 54.469707489
0.999995887 0.002850656 0.000273411 0.825817883 -0.002851958 0.999984026 0.004883420 -1.443907022 -0.000259486 -0.004884179 0.999988019 54.993404388
0.999993861 0.003446054 0.000608337 0.827324390 -0.003448885 0.999982953 0.004713406 -1.452756882 -0.000592084 -0.004715475 0.999988616 55.544010162
0.999995828 0.002857869 0.000272080 0.840514064 -0.002859191 0.999983490 0.004984475 -1.465084314 -0.000257830 -0.004985232 0.999987543 56.067691803
0.999993980 0.003448511 0.000169567 0.853542745 -0.003449349 0.999980509 0.005214712 -1.480057716 -0.000151580 -0.005215266 0.999986410 56.603893280
0.999993801 0.003509419 0.000271708 0.862495959 -0.003510638 0.999983191 0.004622412 -1.490814209 -0.000255482 -0.004623339 0.999989271 57.159584045
0.999995053 0.003103747 0.000457606 0.866509616 -0.003106132 0.999981105 0.005303702 -1.503131866 -0.000441136 -0.005305098 0.999985754 57.640544891
0.999994338 0.003333343 0.000415157 0.875038028 -0.003335376 0.999981999 0.004998455 -1.511479735 -0.000398489 -0.004999813 0.999987364 58.184787750
0.999997497 0.002177492 0.000492824 0.890604675 -0.002179609 0.999988198 0.004337603 -1.525194407 -0.000483373 -0.004338667 0.999990404 58.727420807
0.999996066 0.002763036 0.000350045 0.894865930 -0.002764682 0.999984741 0.004788335 -1.537880301 -0.000336808 -0.004789285 0.999988496 59.212787628
0.999995232 0.003038543 0.000594004 0.903077424 -0.003041496 0.999982715 0.005034222 -1.547586679 -0.000578697 -0.005036005 0.999987185 59.773891449
0.999994338 0.003272881 0.000706226 0.910533905 -0.003276047 0.999984324 0.004530600 -1.557504892 -0.000691386 -0.004532889 0.999989510 60.279300690
0.999995232 0.002973334 0.000708902 0.927027464 -0.002976620 0.999984562 0.004679124 -1.569363832 -0.000694979 -0.004681212 0.999988854 60.828598022
0.999995291 0.002995911 0.000650619 0.929690719 -0.002998918 0.999984622 0.004670525 -1.583061695 -0.000636617 -0.004672453 0.999988854 61.351436615
0.999990702 0.004085181 0.001363564 0.938776553 -0.004090764 0.999983132 0.004116149 -1.595299959 -0.001346726 -0.004121688 0.999990582 61.896408081
0.999991477 0.003941121 0.001165507 0.942842543 -0.003946317 0.999982119 0.004491251 -1.601706028 -0.001147786 -0.004495812 0.999989212 62.430515289
0.999993384 0.003575799 0.000604687 0.954431415 -0.003578178 0.999985635 0.003978562 -1.617370367 -0.000590452 -0.003980699 0.999991894 62.975917816
0.999991834 0.003877809 0.001113664 0.963026822 -0.003882849 0.999982059 0.004559039 -1.630702615 -0.001095965 -0.004563326 0.999988973 63.480579376
0.999990821 0.004068934 0.001317049 0.973018110 -0.004074543 0.999982536 0.004284938 -1.641201496 -0.001299592 -0.004290265 0.999989927 64.029060364
0.999993980 0.003175924 0.001385435 0.978295863 -0.003181994 0.999985278 0.004401971 -1.651908159 -0.001371435 -0.004406353 0.999989271 64.530868530
0.999991357 0.003757044 0.001772419 0.987128496 -0.003763841 0.999985516 0.003848189 -1.658591509 -0.001757935 -0.003854826 0.999991000 65.076766968
0.999991536 0.003735381 0.001748270 0.999003828 -0.003742296 0.999985158 0.003969016 -1.673594475 -0.001733418 -0.003975524 0.999990642 65.641006470
0.999992728 0.003468007 0.001572191 1.006151199 -0.003474921 0.999984145 0.004416188 -1.693050146 -0.001556851 -0.004421619 0.999989033 66.114242554
0.999993980 0.003127229 0.001509829 1.019546509 -0.003133626 0.999985993 0.004253024 -1.702362418 -0.001496508 -0.004257729 0.999989867 66.665298462
0.999990165 0.003932204 0.002017426 1.029722214 -0.003940797 0.999983072 0.004273264 -1.719719648 -0.002000588 -0.004281173 0.999988854 67.211418152
0.999992549 0.003378319 0.001876627 1.036153197 -0.003386223 0.999985278 0.004225057 -1.726226807 -0.001862326 -0.004231379 0.999989331 67.726600647
0.999993682 0.003134592 0.001690686 1.049430132 -0.003142253 0.999984682 0.004548227 -1.738861322 -0.001676403 -0.004553512 0.999988258 68.278732300
0.999991357 0.003580515 0.002098012 1.062244892 -0.003590447 0.999982238 0.004749776 -1.760538101 -0.002080968 -0.004757268 0.999986529 68.808692932
0.999989450 0.003844178 0.002511177 1.048219204 -0.003854490 0.999984086 0.004114700 -1.758523107 -0.002495319 -0.004124336 0.999988377 69.274932861
0.999989033 0.004014223 0.002405837 1.058573246 -0.004022031 0.999986649 0.003249609 -1.768573761 -0.002392761 -0.003259249 0.999991834 69.826911926
0.999986053 0.004359866 0.002976844 1.067738295 -0.004368562 0.999986172 0.002920373 -1.784250259 -0.002964070 -0.002933336 0.999991298 70.348457336
0.999989867 0.003812520 0.002362119 1.081178784 -0.003822287 0.999984026 0.004144756 -1.803126574 -0.002346279 -0.004153743 0.999988616 70.880157471
0.999988258 0.004317923 0.002179449 1.093119025 -0.004326900 0.999982059 0.004131633 -1.818146706 -0.002161570 -0.004141015 0.999989092 71.432678223
0.999993026 0.003177056 0.001953290 1.107013941 -0.003184948 0.999986768 0.004051663 -1.826427579 -0.001940392 -0.004057856 0.999989927 71.998794556
0.999988794 0.004143856 0.002294952 1.111084819 -0.004152984 0.999983370 0.003987890 -1.841709375 -0.002278389 -0.003997376 0.999989390 72.469062805
0.999992669 0.003023450 0.002371084 1.126501918 -0.003031591 0.999989510 0.003437597 -1.851459265 -0.002360665 -0.003444759 0.999991298 73.021560669
0.999984622 0.004793122 0.002785930 1.130609989 -0.004801585 0.999983847 0.003038515 -1.856527090 -0.002771321 -0.003051845 0.999991477 73.597869873
0.999985695 0.004608179 0.002716506 1.141713500 -0.004617852 0.999983013 0.003564772 -1.873841405 -0.002700032 -0.003577265 0.999989867 74.076606750
0.999988019 0.004377436 0.002209682 1.157970548 -0.004384733 0.999984980 0.003307220 -1.884300709 -0.002195172 -0.003316869 0.999992073 74.623176575
0.999986172 0.004574702 0.002578374 1.163572073 -0.004584492 0.999982238 0.003803517 -1.900049925 -0.002560928 -0.003815285 0.999989450 75.120880127
0.999983907 0.004902152 0.002830741 1.176866412 -0.004911416 0.999982595 0.003274998 -1.910619974 -0.002814637 -0.003288849 0.999990702 75.672073364
0.999981821 0.005239207 0.002976761 1.178198814 -0.005248600 0.999981225 0.003156420 -1.920921326 -0.002960168 -0.003171987 0.999990582 76.174240112
0.999983311 0.005131364 0.002614238 1.191243649 -0.005140025 0.999981284 0.003316978 -1.933996677 -0.002597169 -0.003330360 0.999991119 76.734329224
0.999989510 0.004060790 0.002108379 1.209648252 -0.004067571 0.999986529 0.003221177 -1.950726748 -0.002095270 -0.003229720 0.999992609 77.253082275
0.999981940 0.005045485 0.003245166 1.206255436 -0.005057450 0.999980390 0.003689712 -1.957433701 -0.003226486 -0.003706058 0.999987900 77.730316162
0.999982715 0.005022866 0.003055880 1.218894839 -0.005032876 0.999981940 0.003276230 -1.971024275 -0.003039369 -0.003291553 0.999989927 78.283790588
0.999986470 0.004271369 0.002941380 1.231641769 -0.004280272 0.999986231 0.003027407 -1.983882785 -0.002928408 -0.003039957 0.999991119 78.839202881
0.999981761 0.004705998 0.003776907 1.248613954 -0.004718798 0.999983132 0.003387134 -1.991487265 -0.003760903 -0.003404895 0.999987125 79.317192078
0.999974310 0.005011218 0.005122261 1.262051344 -0.005026853 0.999982774 0.003043854 -2.005728006 -0.005106919 -0.003069525 0.999982238 79.859130859
0.999973297 0.004375239 0.005847771 1.291682005 -0.004393772 0.999985337 0.003160093 -2.024885178 -0.005833859 -0.003185702 0.999977887 80.355361938
0.999962211 0.004794027 0.007248899 1.284869671 -0.004818647 0.999982595 0.003382837 -2.050811291 -0.007232556 -0.003417639 0.999967933 80.892311096
0.999928117 0.005306583 0.010745326 1.295590043 -0.005339543 0.999981105 0.003040815 -2.036734819 -0.010728986 -0.003097971 0.999937654 81.427139282
0.999879360 0.005652320 0.014462924 1.318574667 -0.005696315 0.999979258 0.003002536 -2.051044464 -0.014445652 -0.003084559 0.999890983 81.974143982
0.999837816 0.005779496 0.017055850 1.349379778 -0.005845111 0.999975622 0.003799662 -2.075107813 -0.017033476 -0.003898740 0.999847353 82.499397278
0.999757349 0.004845722 0.021487432 1.360994339 -0.004908150 0.999983847 0.002853484 -2.065114498 -0.021473253 -0.002958255 0.999765038 83.010437012
0.999611318 0.004709026 0.027476829 1.390184879 -0.004777783 0.999985635 0.002437245 -2.074812651 -0.027464954 -0.002567576 0.999619484 83.558975220
0.999425650 0.004685891 0.033560976 1.427517056 -0.004767900 0.999985874 0.002363995 -2.086948156 -0.033549424 -0.002522653 0.999433815 84.101455688
0.999178350 0.005666926 0.040133499 1.447930932 -0.005789980 0.999978900 0.002950509 -2.106768131 -0.040115930 -0.003180456 0.999190032 84.637046814
0.998851359 0.004802832 0.047675226 1.501732111 -0.004960297 0.999982595 0.003185121 -2.126046181 -0.047659099 -0.003417946 0.998857796 85.184143066
0.998442292 0.003412233 0.055690970 1.558006525 -0.003546941 0.999990940 0.002320173 -2.131634951 -0.055682551 -0.002514091 0.998445332 85.741798401
0.998040676 0.002724949 0.062508404 1.613760471 -0.002875822 0.999993145 0.002323813 -2.143065453 -0.062501639 -0.002499023 0.998041689 86.306838989
0.997424424 0.003816838 0.071623571 1.656116962 -0.004028165 0.999987960 0.002806338 -2.164698601 -0.071611986 -0.003087622 0.997427702 86.812568665
0.996647060 0.003844498 0.081730038 1.726583481 -0.004060843 0.999988735 0.002481011 -2.180989742 -0.081719555 -0.002804585 0.996651351 87.340782166
0.995953858 0.002400854 0.089833468 1.799060345 -0.002621359 0.999993920 0.002336705 -2.184684038 -0.089827299 -0.002562737 0.995953977 87.907966614
0.995216668 0.002852550 0.097652122 1.852357388 -0.003077639 0.999992907 0.002154459 -2.197830439 -0.097645313 -0.002444692 0.995218217 88.443893433
0.994177818 0.003026893 0.107710525 1.932498932 -0.003273593 0.999992371 0.002113675 -2.209831238 -0.107703313 -0.002453969 0.994180024 88.983871460
0.992962897 0.003980791 0.118359700 2.017050743 -0.004354712 0.999986291 0.002900742 -2.228181839 -0.118346535 -0.003395751 0.992966473 89.523345947
0.991945684 0.001297952 0.126657873 2.105825424 -0.001557744 0.999996841 0.001952117 -2.241091490 -0.126654953 -0.002133695 0.991944492 90.044479370
0.990391552 0.000904021 0.138288707 2.218151093 -0.001139861 0.999998033 0.001626241 -2.240037441 -0.138286948 -0.001768245 0.990390539 90.588928223
0.988605976 0.001025285 0.150523126 2.320200920 -0.001368475 0.999996781 0.002176418 -2.263484955 -0.150520384 -0.002357607 0.988604069 91.116615295
0.986876905 0.000378229 0.161474556 2.440953255 -0.000739917 0.999997377 0.002179782 -2.277167082 -0.161473289 -0.002270654 0.986874402 91.667243958
0.985064745 0.001104559 0.172180533 2.527738571 -0.001384868 0.999997914 0.001507880 -2.273961782 -0.172178507 -0.001723807 0.985064209 92.216766357
0.982649505 0.001071546 0.185469046 2.643278122 -0.001408655 0.999997616 0.001685833 -2.290251017 -0.185466811 -0.001917844 0.982648671 92.754722595
0.980444789 -0.000233682 0.196794555 2.788548470 -0.000085917 0.999998629 0.001615488 -2.305905819 -0.196794659 -0.001600805 0.980443418 93.282119751
0.978290915 -0.000348113 0.207235932 2.903722763 0.000081120 0.999999166 0.001296849 -2.306723833 -0.207236171 -0.001251884 0.978290141 93.787689209
0.975528836 -0.001070214 0.219868943 3.053852081 0.000896441 0.999999225 0.000890118 -2.322112322 -0.219869718 -0.000671236 0.975529015 94.317321777
0.972430408 -0.001142702 0.233190581 3.202573776 0.000906313 0.999998987 0.001120860 -2.337958813 -0.233191624 -0.000878615 0.972430468 94.848884583
0.969746351 -0.001428575 0.244110405 3.354801178 0.001232482 0.999998808 0.000956035 -2.345442295 -0.244111508 -0.000626250 0.969746947 95.373191833
0.966974139 -0.001770089 0.254868090 3.514478683 0.001367465 0.999997497 0.001756914 -2.393698454 -0.254870534 -0.001350367 0.966974258 95.838439941
0.963027656 -0.001740767 0.269396871 3.639394760 0.001282843 0.999997437 0.001875854 -2.363743544 -0.269399464 -0.001460905 0.963027418 96.380172729
0.959432423 -0.002865915 0.281923801 3.818885803 0.002612418 0.999995828 0.001275038 -2.377031326 -0.281926215 -0.000486810 0.959435999 96.905715942
0.956128240 -0.003074985 0.292932302 4.005550385 0.002620941 0.999994695 0.001942471 -2.388596773 -0.292936713 -0.001089492 0.956131279 97.436996460
0.951825082 -0.003986950 0.306615412 4.206014633 0.003744277 0.999992013 0.001379648 -2.399024487 -0.306618482 -0.000165131 0.951832473 97.955657959
0.946871161 -0.002664311 0.321602106 4.369983673 0.002183127 0.999995887 0.001856830 -2.416476250 -0.321605802 -0.001056080 0.946873069 98.481758118
0.942664385 -0.002023114 0.333736122 4.568138123 0.001378828 0.999996662 0.002167386 -2.433602810 -0.333739460 -0.001582952 0.942664087 98.993942261
0.938274503 -0.003370175 0.345875382 4.789386749 0.002756234 0.999993563 0.002266858 -2.443611383 -0.345880866 -0.001173621 0.938277721 99.529510498
0.933093190 -0.003812827 0.359614372 5.031459808 0.003112618 0.999991894 0.002526132 -2.465242624 -0.359621137 -0.001237775 0.933097661 100.022026062
0.927799463 -0.003620649 0.373061746 5.244144440 0.003087672 0.999993145 0.002026165 -2.470412016 -0.373066604 -0.000727982 0.927804291 100.566650391
0.922882557 -0.003893134 0.385061830 5.470491409 0.003123648 0.999991655 0.002623843 -2.485931635 -0.385068893 -0.001218702 0.922887027 101.074707031
0.917087376 -0.005092079 0.398653746 5.714427948 0.004668638 0.999987066 0.002033004 -2.490007401 -0.398658961 -0.000003273 0.917099297 101.547744751
0.911236048 -0.004572862 0.411859125 5.964153290 0.004115591 0.999989569 0.001997136 -2.497868776 -0.411863893 -0.000124819 0.911245406 102.049713135
0.906087339 -0.004107369 0.423070818 6.202198029 0.003329234 0.999991119 0.002578186 -2.521987677 -0.423077643 -0.000927560 0.906092942 102.567359924
0.900151491 -0.004073629 0.435558140 6.456981659 0.003238319 0.999991179 0.002660072 -2.536913395 -0.435565203 -0.000983991 0.900156677 103.051834106
0.893563926 -0.003483896 0.448922455 6.726692200 0.002227161 0.999991894 0.003327428 -2.553636789 -0.448930413 -0.001973447 0.893564522 103.542053223
0.887438297 -0.004997817 0.460899353 6.986568451 0.004552017 0.999987483 0.002078804 -2.535815954 -0.460904002 0.000253212 0.887449920 104.039810181
0.881536901 -0.005691057 0.472080797 7.266033173 0.005277006 0.999983668 0.002201081 -2.551952362 -0.472085565 0.000550839 0.881552517 104.516899109
0.873988390 -0.005173152 0.485919267 7.551891327 0.004650031 0.999986649 0.002282291 -2.565148830 -0.485924542 0.000264844 0.874000728 104.995689392
0.866678953 -0.006196908 0.498827875 7.851032257 0.005856018 0.999980330 0.002248270 -2.573390007 -0.498831987 0.000972617 0.866698205 105.464202881
0.860300124 -0.006000508 0.509752572 8.119888306 0.005834931 0.999981105 0.001923684 -2.572966337 -0.509754539 0.001319425 0.860318840 105.931411743
