1.000000000 0.000000000 0.000000000 0.000000000 0.000000000 1.000000000 0.000000000 0.000000000 0.000000000 0.000000000 1.000000000 0.000000000
1.000000000 0.000027783 -0.000020295 0.000256690 -0.000027782 1.000000000 0.000027942 -0.000928634 0.000020296 -0.000027941 1.000000000 -0.001609811
1.000000000 -0.000022217 -0.000003371 0.000939105 0.000022217 1.000000000 -0.000008383 -0.000476580 0.000003371 0.000008383 1.000000000 -0.002587334
1.000000000 -0.000157772 -0.000109999 0.001743209 0.000157779 1.000000000 0.000066725 -0.001783672 0.000109988 -0.000066742 1.000000000 -0.004151165
1.000000000 -0.000154716 -0.000081719 -0.000173773 0.000154715 1.000000000 -0.000011410 0.000322885 0.000081721 0.000011397 1.000000000 -0.003220884
1.000000000 -0.000165960 -0.000042586 0.000777393 0.000165962 1.000000000 0.000056130 -0.000593284 0.000042577 -0.000056137 1.000000000 -0.001233053
1.000000000 -0.000194394 -0.000011729 0.000029226 0.000194394 1.000000000 0.000041313 -0.000612886 0.000011721 -0.000041315 1.000000000 -0.003666525
1.000000000 -0.000086055 -0.000050762 0.000215870 0.000086057 1.000000000 0.000032837 0.000567134 0.000050759 -0.000032842 1.000000000 -0.003759887
1.000000000 -0.000061762 -0.000019923 0.000275564 0.000061762 1.000000000 -0.000009641 0.000524809 0.000019924 0.000009640 1.000000000 -0.000413512
1.000000000 -0.000073435 -0.000062655 -0.000334246 0.000073435 1.000000000 0.000000764 0.001181919 0.000062655 -0.000000769 1.000000000 -0.001665939
1.000000000 -0.000146413 -0.000125327 0.000852222 0.000146418 1.000000000 0.000039498 -0.000354381 0.000125321 -0.000039517 1.000000000 -0.002741679
1.000000000 -0.000196388 -0.000107671 0.000185550 0.000196388 1.000000000 -0.000001584 0.000510229 0.000107671 0.000001563 1.000000000 -0.000383588
1.000000000 -0.000215498 -0.000064389 -0.000773357 0.000215500 1.000000000 0.000038337 0.001012821 0.000064381 -0.000038351 1.000000000 -0.000685016
1.000000000 -0.000180617 -0.000065859 0.000504070 0.000180619 1.000000000 0.000031461 -0.000198455 0.000065854 -0.000031473 1.000000000 -0.003659643
1.000000000 -0.000145583 -0.000083899 0.001287894 0.000145592 1.000000000 0.000108641 -0.000453743 0.000083883 -0.000108654 1.000000000 -0.003991812
1.000000000 -0.000115082 -0.000058553 0.002177347 0.000115089 1.000000000 0.000121978 -0.001389106 0.000058539 -0.000121984 1.000000000 -0.007221182
1.000000000 -0.000110754 -0.000082206 0.000967883 0.000110755 1.000000000 0.000022959 0.000806827 0.000082203 -0.000022969 1.000000000 -0.002403681
1.000000000 -0.000083746 -0.000098308 0.001076107 0.000083753 1.000000000 0.000066746 -0.000141262 0.000098302 -0.000066754 1.000000000 -0.004399399
0.999999940 -0.000269322 -0.000137703 0.000868130 0.000269331 0.999999940 0.000066620 -0.000597526 0.000137685 -0.000066657 1.000000000 -0.003826779
0.999999940 -0.000279615 -0.000130388 0.000997649 0.000279620 0.999999940 0.000039022 0.000598582 0.000130377 -0.000039058 1.000000000 -0.000540805
0.999999940 -0.000254864 -0.000102462 0.000099774 0.000254870 0.999999940 0.000057489 -0.000959259 0.000102447 -0.000057515 1.000000000 -0.003418972
1.000000000 -0.000124021 -0.000101266 0.002506500 0.000124027 1.000000000 0.000060754 0.000222117 0.000101258 -0.000060767 1.000000000 -0.001218216
1.000000000 -0.000143303 -0.000122770 0.002578626 0.000143312 1.000000000 0.000071169 -0.000953030 0.000122760 -0.000071187 1.000000000 -0.002546894
0.999999940 -0.000245325 -0.000146011 0.001425882 0.000245338 0.999999940 0.000085996 -0.000529488 0.000145989 -0.000086032 1.000000000 -0.004186442
0.999999940 -0.000248722 -0.000182265 0.002648489 0.000248738 0.999999940 0.000088030 -0.000576684 0.000182243 -0.000088075 1.000000000 -0.004033053
0.999999940 -0.000268473 -0.000128969 0.001426651 0.000268479 0.999999940 0.000048577 0.000451992 0.000128956 -0.000048612 1.000000000 -0.003004431
0.999999940 -0.000285912 -0.000176985 0.002838078 0.000285924 0.999999940 0.000070022 -0.000319966 0.000176965 -0.000070073 1.000000000 -0.004401287
0.999999940 -0.000392354 -0.000146565 0.001112493 0.000392364 0.999999940 0.000068553 -0.000634300 0.000146539 -0.000068611 1.000000000 -0.004683003
0.999999940 -0.000235480 -0.000159655 0.001800699 0.000235496 0.999999940 0.000101278 -0.000034699 0.000159631 -0.000101316 1.000000000 -0.001892224
1.000000000 -0.000202758 -0.000126078 0.002519270 0.000202772 1.000000000 0.000104940 -0.000991204 0.000126056 -0.000104965 1.000000000 -0.003692216
0.999999940 -0.000275529 -0.000168772 0.001414962 0.000275546 0.999999940 0.000095286 0.000298616 0.000168746 -0.000095332 1.000000000 -0.002521287
0.999999940 -0.000310210 -0.000175917 0.001351298 0.000310231 0.999999940 0.000120955 -0.000302959 0.000175880 -0.000121009 1.000000000 -0.005206701
0.999999940 -0.000222241 -0.000158351 0.001942287 0.000222247 1.000000000 0.000041381 0.000031927 0.000158342 -0.000041416 1.000000000 -0.002963900
0.999999940 -0.000306871 -0.000158277 0.001802872 0.000306877 0.999999940 0.000038305 0.000252154 0.000158266 -0.000038354 1.000000000 -0.001207300
0.999999940 -0.000314488 -0.000094016 0.001050266 0.000314497 0.999999940 0.000096308 -0.000909887 0.000093986 -0.000096337 1.000000000 -0.006110305
0.999999940 -0.000323696 -0.000209605 0.003258884 0.000323703 0.999999940 0.000036587 0.000113732 0.000209593 -0.000036655 1.000000000 -0.003796286
0.999999940 -0.000205913 -0.000134937 0.002803010 0.000205927 1.000000000 0.000106503 -0.000471702 0.000134916 -0.000106531 1.000000000 -0.006713334
0.999999940 -0.000317773 -0.000148561 0.000623007 0.000317782 0.999999940 0.000062059 0.000025134 0.000148541 -0.000062106 1.000000000 -0.004480975
0.999999940 -0.000257542 -0.000159165 0.001132763 0.000257562 0.999999940 0.000124161 -0.000056057 0.000159133 -0.000124202 1.000000000 -0.003591133
0.999999940 -0.000298367 -0.000180830 0.002682119 0.000298373 0.999999940 0.000035821 -0.001072488 0.000180820 -0.000035875 1.000000000 -0.000054700
0.999999940 -0.000270153 -0.000102996 0.001552900 0.000270098 0.999999821 -0.000534544 -0.000735041 0.000103140 0.000534516 0.999999881 0.048640005
1.000000000 -0.000099235 -0.000141190 0.001875420 0.000099078 0.999999404 -0.001111176 -0.003209582 0.000141300 0.001111162 0.999999344 0.140376419
1.000000000 -0.000178190 -0.000140816 0.005257553 0.000177990 0.999998987 -0.001419737 -0.007431614 0.000141069 0.001419712 0.999998987 0.254080772
1.000000000 -0.000209146 -0.000081070 0.005835040 0.000209032 0.999998987 -0.001411918 -0.011940733 0.000081366 0.001411901 0.999998987 0.389126122
0.999999940 -0.000132132 -0.000213081 0.011273489 0.000131892 0.999999344 -0.001123683 -0.019226814 0.000213229 0.001123655 0.999999344 0.524253190
1.000000000 -0.000194187 -0.000126580 0.012839586 0.000194056 0.999999464 -0.001041357 -0.022357171 0.000126782 0.001041332 0.999999464 0.684901714
1.000000000 -0.000132973 -0.000139617 0.019858861 0.000132840 0.999999523 -0.000949208 -0.025680847 0.000139744 0.000949190 0.999999523 0.844278574
0.999999940 0.000342489 0.000071440 0.016602343 -0.000342430 0.999999583 -0.000823598 -0.024629505 -0.000071722 0.000823573 0.999999642 1.020965576
1.000000000 -0.000105776 -0.000195370 0.027990419 0.000105662 0.999999821 -0.000582790 -0.036607277 0.000195432 0.000582769 0.999999821 1.178038955
1.000000000 -0.000003852 -0.000033020 0.030455757 0.000003841 0.999999940 -0.000332242 -0.041687444 0.000033022 0.000332242 0.999999940 1.369426131
1.000000000 0.000027692 -0.000093419 0.034662142 -0.000027714 1.000000000 -0.000234382 -0.047357272 0.000093412 0.000234385 0.999999940 1.566015124
1.000000000 -0.000015231 0.000227037 0.032879226 0.000015298 0.999999940 -0.000294791 -0.054320514 -0.000227033 0.000294795 0.999999940 1.783185601
0.999999344 -0.001024428 -0.000359884 0.049497798 0.001024105 0.999998987 -0.000898703 -0.092782281 0.000360804 0.000898334 0.999999523 1.983342290
0.999999821 -0.000581089 -0.000026380 0.046478182 0.000581061 0.999999285 -0.001037299 -0.099262036 0.000026983 0.001037284 0.999999464 2.193626404
0.999999166 -0.001156792 -0.000589321 0.059901506 0.001156370 0.999999046 -0.000715456 -0.106564946 0.000590148 0.000714774 0.999999523 2.410194397
0.999999344 -0.000984060 -0.000463877 0.068818308 0.000983692 0.999999166 -0.000791633 -0.113223754 0.000464656 0.000791176 0.999999583 2.623374701
0.999999106 -0.001191939 -0.000529702 0.070854507 0.001191529 0.999998927 -0.000774070 -0.120990597 0.000530624 0.000773438 0.999999583 2.863015652
0.999999762 -0.000689390 -0.000157659 0.065616272 0.000689290 0.999999583 -0.000634689 -0.124910764 0.000158096 0.000634580 0.999999762 3.105415106
0.999999642 -0.000813961 -0.000170689 0.070556939 0.000813857 0.999999464 -0.000612168 -0.131909013 0.000171188 0.000612029 0.999999762 3.344618082
0.999999762 -0.000698478 -0.000036178 0.075050250 0.000698460 0.999999702 -0.000471548 -0.142058760 0.000036507 0.000471523 0.999999821 3.585320234
0.999999285 -0.001172299 -0.000320963 0.089246906 0.001172240 0.999999344 -0.000185613 -0.154215217 0.000321181 0.000185237 0.999999881 3.841969728
0.999999285 -0.001245548 -0.000279441 0.084992029 0.001245472 0.999999225 -0.000270688 -0.160827279 0.000279778 0.000270339 0.999999940 4.099324703
0.999999762 -0.000679239 0.000221174 0.087097324 0.000679176 0.999999642 0.000287306 -0.178995863 -0.000221369 -0.000287156 0.999999940 4.361721992
0.999999821 -0.000592474 0.000093273 0.091728605 0.000592427 0.999999642 0.000503926 -0.187808648 -0.000093572 -0.000503871 0.999999821 4.610100269
0.999999583 -0.000853860 0.000123738 0.099394448 0.000853798 0.999999464 0.000501878 -0.191852331 -0.000124166 -0.000501772 0.999999881 4.876137733
0.999999404 -0.001132999 0.000075929 0.103246212 0.001132937 0.999999046 0.000811885 -0.205544725 -0.000076849 -0.000811799 0.999999702 5.144027710
0.999998927 -0.001432480 -0.000087759 0.113344319 0.001432548 0.999998629 0.000778584 -0.213362545 0.000086643 -0.000778709 0.999999702 5.401634693
0.999999046 -0.001377122 0.000089435 0.112351015 0.001377063 0.999998808 0.000661621 -0.225049138 -0.000090346 -0.000661497 0.999999762 5.660650253
0.999999166 -0.001284598 -0.000035385 0.116093218 0.001284624 0.999998868 0.000763739 -0.232476860 0.000034404 -0.000763784 0.999999702 5.938295364
0.999998391 -0.001774064 -0.000052226 0.123714648 0.001774106 0.999998033 0.000806131 -0.244964615 0.000050796 -0.000806223 0.999999642 6.204909325
0.999999344 -0.001137903 0.000297052 0.127012983 0.001137677 0.999999046 0.000762032 -0.249263212 -0.000297919 -0.000761693 0.999999642 6.505146027
0.999999344 -0.001054832 0.000454531 0.133746818 0.001054426 0.999998987 0.000892800 -0.261635214 -0.000455472 -0.000892320 0.999999464 6.787993431
0.999999583 -0.000782273 0.000594143 0.131751031 0.000781748 0.999999404 0.000882856 -0.267540425 -0.000594833 -0.000882391 0.999999404 7.075496674
0.999999225 -0.001148420 0.000306358 0.144311965 0.001148158 0.999998927 0.000851509 -0.298364341 -0.000307336 -0.000851157 0.999999583 7.352255344
0.999999404 -0.001061394 0.000243626 0.153268158 0.001061164 0.999998987 0.000941232 -0.307786047 -0.000244625 -0.000940973 0.999999523 7.661763668
0.999998868 -0.001453292 0.000243188 0.162678406 0.001453034 0.999998450 0.001054723 -0.321700335 -0.000244721 -0.001054368 0.999999404 7.991418362
0.999998868 -0.001448297 0.000292798 0.164767697 0.001447975 0.999998450 0.001095868 -0.327649236 -0.000294385 -0.001095443 0.999999404 8.300128937
0.999999225 -0.001197836 0.000262708 0.172359422 0.001197588 0.999998868 0.000944981 -0.335522592 -0.000263839 -0.000944665 0.999999523 8.623527527
0.999999464 -0.000524090 0.000847566 0.174379185 0.000523002 0.999999046 0.001283326 -0.344183058 -0.000848237 -0.001282882 0.999998748 8.974607468
0.999999225 -0.001173422 0.000421276 0.182456315 0.001172886 0.999998569 0.001270942 -0.356796771 -0.000422767 -0.001270447 0.999999046 9.278619766
0.999999642 -0.000285104 0.000800871 0.179960266 0.000283885 0.999998808 0.001522321 -0.381696165 -0.000801304 -0.001522093 0.999998510 9.642271996
0.999999702 -0.000116422 0.000832939 0.191349372 0.000114899 0.999998331 0.001828585 -0.392701477 -0.000833151 -0.001828489 0.999997973 9.982094765
0.999999464 -0.000080012 0.001060841 0.194806084 0.000078244 0.999998629 0.001666293 -0.401966959 -0.001060973 -0.001666208 0.999998033 10.354594231
0.999999225 -0.000268966 0.001140324 0.205588087 0.000266889 0.999998271 0.001821700 -0.412489653 -0.001140812 -0.001821394 0.999997675 10.717428207
0.999999464 -0.000227307 0.001007595 0.215397343 0.000225515 0.999998391 0.001778749 -0.424861163 -0.001007998 -0.001778521 0.999997914 11.065153122
0.999999464 -0.000204882 0.000978228 0.226191372 0.000203025 0.999998093 0.001897200 -0.438714355 -0.000978614 -0.001897000 0.999997735 11.436162949
0.999999166 0.000172284 0.001285142 0.228007659 -0.000174680 0.999998271 0.001864169 -0.444705933 -0.001284819 -0.001864391 0.999997497 11.827191353
0.999999523 -0.000039000 0.001019770 0.244287685 0.000036963 0.999998033 0.001997120 -0.461076856 -0.001019846 -0.001997081 0.999997497 12.195843697
0.999999523 -0.000239457 0.000972979 0.259884566 0.000237206 0.999997318 0.002313089 -0.472600430 -0.000973530 -0.002312857 0.999996841 12.571342468
0.999999344 0.000086320 0.001154283 0.265984714 -0.000088899 0.999997497 0.002234566 -0.482635558 -0.001154087 -0.002234667 0.999996841 12.976682663
0.999999642 0.000079089 0.000762843 0.283367246 -0.000080897 0.999997199 0.002369660 -0.498418987 -0.000762653 -0.002369720 0.999996901 13.360075951
0.999999464 -0.000013044 0.001048439 0.290512025 0.000010524 0.999997139 0.002403600 -0.507314026 -0.001048467 -0.002403588 0.999996483 13.770162582
0.999999344 -0.000404605 0.001081420 0.304118484 0.000401890 0.999996781 0.002510066 -0.520824909 -0.001082432 -0.002509629 0.999996305 14.182662010
0.999998927 -0.000461071 0.001399275 0.298597127 0.000455791 0.999992907 0.003771615 -0.561876178 -0.001401003 -0.003770974 0.999991894 14.544013023
0.999998808 -0.000515218 0.001468552 0.310563594 0.000509082 0.999991179 0.004175774 -0.576360583 -0.001470690 -0.004175021 0.999990225 14.959353447
0.999998629 -0.000413892 0.001618734 0.321407586 0.000407122 0.999991179 0.004180450 -0.591037512 -0.001620450 -0.004179785 0.999989927 15.389237404
0.999997139 -0.001186578 0.002073698 0.330194533 0.001178413 0.999991596 0.003934131 -0.599318027 -0.002078349 -0.003931676 0.999990106 15.822980881
0.999996543 -0.001151089 0.002394974 0.340792924 0.001141562 0.999991477 0.003975606 -0.610622466 -0.002399530 -0.003972858 0.999989212 16.270563126
0.999996305 -0.001389620 0.002348866 0.353769720 0.001380329 0.999991298 0.003952559 -0.624382436 -0.002354338 -0.003949302 0.999989450 16.712217331
0.999995947 -0.001305570 0.002526287 0.362635404 0.001295878 0.999991775 0.003834184 -0.637313247 -0.002531272 -0.003830894 0.999989450 17.152244568
0.999994576 -0.001602727 0.002853579 0.371855378 0.001591500 0.999991059 0.003932353 -0.647505581 -0.002859856 -0.003927791 0.999988258 17.620443344
0.999993563 -0.001884138 0.003037631 0.390688181 0.001871839 0.999990046 0.004046581 -0.662548900 -0.003045225 -0.004040870 0.999987185 18.081607819
0.999992967 -0.001898938 0.003232915 0.403956741 0.001885487 0.999989629 0.004158725 -0.676385701 -0.003240778 -0.004152601 0.999986053 18.542642593
0.999993443 -0.001413081 0.003334062 0.406690121 0.001397207 0.999987662 0.004758752 -0.698230028 -0.003340745 -0.004754062 0.999983132 18.986240387
0.999993920 -0.001627731 0.003089723 0.422532827 0.001612340 0.999986351 0.004977186 -0.708063602 -0.003097783 -0.004972174 0.999982834 19.472261429
0.999994695 -0.000825185 0.003151645 0.434572726 0.000809069 0.999986649 0.005111196 -0.722543478 -0.003155820 -0.005108619 0.999981999 19.943172455
0.999994814 -0.001005219 0.003067837 0.448388994 0.000989383 0.999986231 0.005159006 -0.732717752 -0.003072981 -0.005155943 0.999981999 20.435173035
0.999995828 -0.001300320 0.002589687 0.464690089 0.001287057 0.999986053 0.005116614 -0.747959435 -0.002596304 -0.005113260 0.999983609 20.930736542
0.999996126 -0.002029559 0.001912514 0.468775779 0.002018957 0.999982595 0.005529298 -0.773005664 -0.001923703 -0.005525415 0.999982834 21.377382278
0.999997437 -0.001531416 0.001661901 0.477622330 0.001521909 0.999982536 0.005706823 -0.790268183 -0.001670612 -0.005704279 0.999982357 21.896028519
0.999997914 -0.001225611 0.001640042 0.486163259 0.001215481 0.999980211 0.006164100 -0.804567158 -0.001647564 -0.006162094 0.999979615 22.394672394
0.999997914 -0.001830707 0.000918559 0.500746548 0.001825154 0.999980271 0.006009713 -0.815730274 -0.000929543 -0.006008024 0.999981523 22.906099319
0.999993086 -0.003697485 -0.000176628 0.510444462 0.003698502 0.999974191 0.006157174 -0.838685572 0.000153858 -0.006157785 0.999980986 23.375698090
0.999989927 -0.004457247 -0.000452923 0.514743030 0.004459833 0.999972761 0.005879613 -0.849651277 0.000426704 -0.005881574 0.999982595 23.902019501
0.999989748 -0.004339046 -0.001288600 0.529365838 0.004346916 0.999971509 0.006169064 -0.856308043 0.001261796 -0.006174602 0.999980092 24.420339584
0.999992251 -0.003444057 -0.001869722 0.534940600 0.003456086 0.999973118 0.006469286 -0.878587127 0.001847391 -0.006475700 0.999977350 24.912197113
0.999992251 -0.002975957 -0.002571621 0.537705719 0.002992830 0.999973893 0.006582623 -0.888512552 0.002551964 -0.006590269 0.999975085 25.452394485
0.999989629 -0.003387059 -0.003014909 0.553449810 0.003405578 0.999975204 0.006158736 -0.901225805 0.002993974 -0.006168941 0.999976516 25.992559433
0.999985158 -0.004201267 -0.003447167 0.557227433 0.004225917 0.999965310 0.007175159 -0.915439785 0.003416904 -0.007189621 0.999968290 26.485939026
0.999980628 -0.004603647 -0.004174818 0.575518787 0.004636019 0.999958932 0.007777953 -0.938716888 0.004138841 -0.007797156 0.999961019 27.024888992
0.999984145 -0.003546192 -0.004364836 0.580553234 0.003580243 0.999962986 0.007818262 -0.951804757 0.004336950 -0.007833766 0.999959946 27.552318573
0.999986410 -0.002583879 -0.004525492 0.587307990 0.002617302 0.999969184 0.007395342 -0.959062815 0.004506243 -0.007407086 0.999962330 28.065172195
0.999977827 -0.004140874 -0.005233606 0.584414184 0.004183400 0.999958038 0.008140679 -0.989006341 0.005199678 -0.008162390 0.999953151 28.567378998
0.999975562 -0.004177829 -0.005602405 0.592326522 0.004223669 0.999957383 0.008195660 -1.001347542 0.005567927 -0.008219122 0.999950707 29.111822128
0.999974072 -0.003982054 -0.006000035 0.599600136 0.004030575 0.999959052 0.008096464 -1.012614727 0.005967548 -0.008120437 0.999949217 29.662868500
0.999971330 -0.004264812 -0.006256184 0.605370283 0.004314441 0.999959111 0.007940707 -1.024498224 0.006222062 -0.007967472 0.999948919 30.154512405
0.999968886 -0.004447521 -0.006517275 0.610949934 0.004501875 0.999954998 0.008349358 -1.037259221 0.006479848 -0.008378438 0.999943912 30.700780869
0.999962389 -0.004974101 -0.007110017 0.629592061 0.005034108 0.999951661 0.008446935 -1.051021457 0.007067658 -0.008482410 0.999939084 31.241050720
0.999963164 -0.004702542 -0.007183633 0.642491281 0.004765721 0.999949872 0.008803120 -1.087466478 0.007141875 -0.008837030 0.999935448 31.709175110
0.999961019 -0.005009139 -0.007279852 0.653557718 0.005073786 0.999947608 0.008889189 -1.097491026 0.007234944 -0.008925780 0.999934018 32.245948792
0.999958694 -0.004964933 -0.007613530 0.659137487 0.005034206 0.999945879 0.009106653 -1.109992266 0.007567904 -0.009144604 0.999929547 32.803787231
0.999957740 -0.004789285 -0.007845844 0.683087349 0.004859167 0.999948442 0.008912128 -1.133653879 0.007802757 -0.008949876 0.999929488 33.302371979
0.999954998 -0.005103055 -0.007999286 0.646468997 0.005182573 0.999937057 0.009951527 -1.172534823 0.007948000 -0.009992536 0.999918461 33.841129303
0.999950230 -0.005411973 -0.008385729 0.658741236 0.005494453 0.999936461 0.009844164 -1.181841731 0.008331921 -0.009889748 0.999916375 34.383716583
0.999948978 -0.005463589 -0.008501170 0.673438370 0.005549201 0.999933779 0.010079759 -1.196514606 0.008445537 -0.010126419 0.999913037 34.921142578
0.999954045 -0.005366472 -0.007943662 0.675934672 0.005446780 0.999933898 0.010122924 -1.199360609 0.007888812 -0.010165725 0.999917209 35.466690063
0.999960005 -0.004228628 -0.007884478 0.652522147 0.004308312 0.999939561 0.010117042 -1.227063537 0.007841222 -0.010150607 0.999917686 35.921726227
0.999954939 -0.004584810 -0.008308883 0.669585824 0.004671554 0.999934494 0.010450833 -1.247252584 0.008260423 -0.010489179 0.999910891 36.407924652
0.999951661 -0.004469023 -0.008751965 0.676841378 0.004558288 0.999937534 0.010206261 -1.257176399 0.008705806 -0.010245662 0.999909639 36.953872681
0.999954343 -0.004228059 -0.008575391 0.678617477 0.004312611 0.999942005 0.009865531 -1.263649225 0.008533183 -0.009902060 0.999914527 37.503059387
0.999951124 -0.004242272 -0.008926558 0.687482417 0.004333741 0.999938011 0.010252574 -1.284282207 0.008882510 -0.010290759 0.999907672 38.041389465
0.999950349 -0.004724884 -0.008773057 0.698188663 0.004816022 0.999934316 0.010396563 -1.294578433 0.008723359 -0.010438298 0.999907494 38.512500763
0.999945581 -0.005051313 -0.009127915 0.683297634 0.005154766 0.999922335 0.011345937 -1.340313435 0.009069895 -0.011392375 0.999893963 39.044528961
0.999943733 -0.004841735 -0.009441433 0.698747933 0.004949611 0.999922335 0.011436059 -1.355179071 0.009385331 -0.011482147 0.999890029 39.569808960
0.999947727 -0.005090446 -0.008865184 0.691022575 0.005189887 0.999923468 0.011230374 -1.361498952 0.008807338 -0.011275798 0.999897599 40.150005341
0.999946475 -0.004914378 -0.009104587 0.703789711 0.005020250 0.999919593 0.011642290 -1.375465155 0.009046641 -0.011687376 0.999890745 40.689689636
0.999937773 -0.005496938 -0.009709335 0.714298964 0.005608315 0.999918342 0.011481317 -1.385880947 0.009645431 -0.011535057 0.999886930 41.247257233
0.999944091 -0.005009994 -0.009310463 0.700963080 0.005120915 0.999915719 0.011928216 -1.418689489 0.009249919 -0.011975228 0.999885440 41.658966064
0.999941826 -0.005343059 -0.009377660 0.712647080 0.005457054 0.999910951 0.012172944 -1.427775383 0.009311785 -0.012223411 0.999881923 42.201370239
0.999939024 -0.005528424 -0.009563615 0.720360041 0.005640158 0.999915659 0.011696050 -1.437050462 0.009498148 -0.011749277 0.999885857 42.743022919
0.999942183 -0.005005707 -0.009520927 0.725652456 0.005117354 0.999917984 0.011738466 -1.447493792 0.009461385 -0.011786507 0.999885738 43.286731720
0.999945402 -0.005063636 -0.009133253 0.708611846 0.005179191 0.999906301 0.012673216 -1.475085855 0.009068226 -0.012719830 0.999877989 43.741546631
0.999947429 -0.004916219 -0.008993004 0.715231299 0.005030386 0.999906480 0.012716950 -1.488370419 0.008929644 -0.012761519 0.999878705 44.291572571
0.999938130 -0.005414009 -0.009717822 0.737520337 0.005538177 0.999902725 0.012796387 -1.492617607 0.009647598 -0.012849414 0.999870837 44.831462860
0.999945164 -0.004853001 -0.009276841 0.725285053 0.004972201 0.999904811 0.012869644 -1.508615494 0.009213502 -0.012915067 0.999874175 45.321147919
0.999944866 -0.004689008 -0.009384405 0.736225605 0.004809165 0.999906242 0.012822628 -1.516961694 0.009323400 -0.012867056 0.999873698 45.872661591
0.999943912 -0.004450241 -0.009611736 0.741416991 0.004574226 0.999906123 0.012916132 -1.528099537 0.009553354 -0.012959376 0.999870420 46.423095703
0.999946475 -0.004586847 -0.009268151 0.735202789 0.004704059 0.999908686 0.012664815 -1.529084921 0.009209212 -0.012707734 0.999876916 46.894069672
0.999945402 -0.004815183 -0.009276255 0.741319656 0.004938772 0.999898732 0.013346605 -1.553059697 0.009211049 -0.013391689 0.999867916 47.376945496
0.999941111 -0.005254872 -0.009501428 0.752288163 0.005381026 0.999897063 0.013300881 -1.562616229 0.009430556 -0.013351224 0.999866426 47.927692413
0.999939680 -0.005201716 -0.009673514 0.765286207 0.005328387 0.999899805 0.013115172 -1.568536282 0.009604324 -0.013165927 0.999867201 48.463939667
0.999941587 -0.004933160 -0.009616193 0.755714297 0.005062792 0.999895990 0.013503159 -1.583689928 0.009548581 -0.013551055 0.999862611 48.921642303
0.999936461 -0.005541675 -0.009821204 0.765454888 0.005669070 0.999899566 0.012991343 -1.590610147 0.009748224 -0.013046195 0.999867380 49.467540741
0.999943316 -0.004798611 -0.009510404 0.762630224 0.004921835 0.999903679 0.012975969 -1.595521212 0.009447221 -0.013022042 0.999870598 50.015041351
0.999945879 -0.004536433 -0.009360326 0.763839960 0.004662557 0.999898136 0.013496846 -1.607933521 0.009298146 -0.013539760 0.999865115 50.493682861
0.999945521 -0.004742259 -0.009286858 0.772138238 0.004866376 0.999898553 0.013388211 -1.614817858 0.009222425 -0.013432676 0.999867260 51.046756744
0.999943674 -0.004699844 -0.009514375 0.782361090 0.004829051 0.999895751 0.013602921 -1.623479366 0.009449452 -0.013648099 0.999862194 51.538417816
0.999943137 -0.004679818 -0.009580262 0.790094018 0.004807338 0.999899626 0.013331156 -1.631892920 0.009516913 -0.013376456 0.999865234 52.079765320
0.999942839 -0.004791119 -0.009558030 0.803470671 0.004919642 0.999897242 0.013468727 -1.647615552 0.009492518 -0.013514982 0.999863565 52.600357056
0.999944389 -0.004279582 -0.009638549 0.797767341 0.004410855 0.999897242 0.013639743 -1.652265191 0.009579186 -0.013681497 0.999860466 53.063224792
0.999947190 -0.004236171 -0.009365557 0.801453412 0.004361208 0.999901056 0.013370802 -1.662440181 0.009307990 -0.013410940 0.999866784 53.614463806
0.999940038 -0.004717181 -0.009885828 0.811950743 0.004849894 0.999897897 0.013443802 -1.666684628 0.009821401 -0.013490940 0.999860704 54.162666321
0.999948919 -0.004051861 -0.009262444 0.807637393 0.004179149 0.999896467 0.013764467 -1.675376534 0.009205714 -0.013802473 0.999862373 54.609645844
0.999953270 -0.003575247 -0.008987724 0.811714292 0.003696759 0.999901414 0.013539706 -1.684252024 0.008938430 -0.013572296 0.999867976 55.152641296
0.999954998 -0.003605349 -0.008773255 0.813732743 0.003723852 0.999901474 0.013528516 -1.692575932 0.008723617 -0.013560576 0.999870062 55.704437256
0.999951780 -0.003811633 -0.009051510 0.816034496 0.003934888 0.999899149 0.013638447 -1.703731537 0.008998613 -0.013673407 0.999866009 56.241996765
0.999949634 -0.004243276 -0.009094240 0.828596592 0.004366298 0.999898612 0.013550565 -1.714185834 0.009035820 -0.013589592 0.999866843 56.654777527
0.999949098 -0.004079506 -0.009226155 0.836953640 0.004203778 0.999900162 0.013490547 -1.720316887 0.009170200 -0.013528645 0.999866486 57.201637268
0.999950469 -0.003866615 -0.009172537 0.847259939 0.003990511 0.999900520 0.013527651 -1.732029438 0.009119318 -0.013563583 0.999866426 57.733821869
0.999950469 -0.003841077 -0.009186063 0.853508711 0.003966414 0.999898732 0.013665310 -1.738688707 0.009132643 -0.013701069 0.999864459 58.270618439
0.999953330 -0.003830734 -0.008869418 0.849622846 0.003955444 0.999892950 0.014086096 -1.748012304 0.008814508 -0.014120521 0.999861419 58.669563293
0.999955416 -0.004010414 -0.008553579 0.859177232 0.004127549 0.999897361 0.013720905 -1.755408525 0.008497674 -0.013755598 0.999869227 59.220069885
0.999952137 -0.003926335 -0.008962888 0.882611156 0.004052382 0.999892533 0.014088596 -1.767299533 0.008906608 -0.014124244 0.999860525 59.757785797
0.999946356 -0.004552595 -0.009306351 0.889306664 0.004682503 0.999891162 0.013985316 -1.773049831 0.009241669 -0.014028142 0.999858856 60.300270081
0.999951720 -0.003834784 -0.009048929 0.895660162 0.003963431 0.999890685 0.014241870 -1.794891357 0.008993326 -0.014277047 0.999857605 60.704959869
0.999949396 -0.003824701 -0.009313649 0.897723079 0.003958753 0.999888301 0.014417430 -1.795759439 0.009257467 -0.014453569 0.999852598 61.264625549
0.999952316 -0.003315417 -0.009185381 0.905604780 0.003447096 0.999890983 0.014357110 -1.806601524 0.009136779 -0.014388086 0.999854743 61.827068329
0.999952078 -0.003356020 -0.009195164 0.908383489 0.003488459 0.999889851 0.014425072 -1.818537235 0.009145740 -0.014456456 0.999853671 62.303482056
0.999964118 -0.001520964 -0.008336408 0.868424058 0.001651600 0.999875546 0.015686082 -1.903683186 0.008311513 -0.015699286 0.999842227 62.423191071
0.999961555 -0.001983993 -0.008540290 0.878342509 0.002118279 0.999873817 0.015743572 -1.914037704 0.008507976 -0.015761061 0.999839604 62.970584869
0.999962807 -0.002085346 -0.008375029 0.883274376 0.002215526 0.999876380 0.015564665 -1.916411519 0.008341536 -0.015582641 0.999843836 63.525733948
0.999962151 -0.001993890 -0.008473532 0.899564564 0.002124018 0.999879539 0.015375871 -1.920709729 0.008441854 -0.015393287 0.999845862 64.039291382
0.999956250 -0.003186540 -0.008785473 0.923287690 0.003314506 0.999888062 0.014589727 -1.873307109 0.008737998 -0.014618208 0.999854982 64.809638977
0.999951124 -0.003831481 -0.009109666 0.934372127 0.003962383 0.999888539 0.014395290 -1.878131628 0.009053494 -0.014430683 0.999854922 65.340347290
0.999954045 -0.003520707 -0.008914217 0.930271149 0.003648442 0.999890327 0.014353810 -1.887254715 0.008862705 -0.014385674 0.999857247 65.869430542
0.999954343 -0.003448147 -0.008911331 0.963986516 0.003575440 0.999891341 0.014308224 -1.894742608 0.008861026 -0.014339433 0.999857903 66.382347107
0.999954343 -0.003149304 -0.009025153 0.945771813 0.003282371 0.999885559 0.014767314 -1.908947110 0.008977614 -0.014796265 0.999850214 66.863830566
0.999954343 -0.002665305 -0.009186223 0.958803415 0.002800136 0.999888182 0.014696047 -1.923094749 0.009146027 -0.014721096 0.999849737 67.383659363
0.999951482 -0.003023481 -0.009378122 0.963332176 0.003162240 0.999885201 0.014816649 -1.921334624 0.009332251 -0.014845586 0.999846160 67.941169739
0.999953687 -0.002636684 -0.009257612 0.989097416 0.002771045 0.999890506 0.014530835 -1.930991173 0.009218287 -0.014555815 0.999851525 68.502433777
0.999950826 -0.003479289 -0.009287995 0.985671461 0.003610605 0.999893129 0.014159104 -1.927179098 0.009237740 -0.014191940 0.999856591 69.041412354
0.999955297 -0.003163605 -0.008909931 0.973302186 0.003293639 0.999887824 0.014617650 -1.941613078 0.008862687 -0.014646344 0.999853432 69.429550171
0.999949634 -0.003840752 -0.009271949 0.981012285 0.003976081 0.999885201 0.014621475 -1.950725794 0.009214727 -0.014657604 0.999850094 69.971534729
0.999959052 -0.003102382 -0.008502352 0.971599817 0.003224195 0.999891877 0.014351019 -1.952832937 0.008456910 -0.014377843 0.999860883 70.550270081
0.999956667 -0.002834151 -0.008864316 0.983774006 0.002965583 0.999885321 0.014849204 -1.964582205 0.008821215 -0.014874847 0.999850452 71.078140259
0.999954879 -0.003216394 -0.008941398 0.993592322 0.003348321 0.999885142 0.014779055 -1.978383899 0.008892835 -0.014808326 0.999850750 71.468643188
0.999955773 -0.003130106 -0.008875743 0.997743070 0.003259443 0.999888182 0.014595135 -1.984812021 0.008829066 -0.014623417 0.999854028 72.014343262
0.999958754 -0.002671731 -0.008686992 1.000552654 0.002796474 0.999892712 0.014379551 -1.990293980 0.008647642 -0.014403250 0.999858797 72.519004822
0.999956608 -0.003201150 -0.008753915 0.986274183 0.003329445 0.999886751 0.014680675 -1.997201085 0.008705928 -0.014709185 0.999853909 73.039070129
0.999949396 -0.003428375 -0.009457907 0.999010444 0.003566864 0.999886096 0.014664936 -2.010953426 0.009406553 -0.014697930 0.999847710 73.553276062
0.999955416 -0.003199029 -0.008877649 1.031712294 0.003328112 0.999888420 0.014563764 -2.017700195 0.008830069 -0.014592663 0.999854505 74.025840759
0.999955595 -0.003405015 -0.008786641 1.037015200 0.003535224 0.999883592 0.014846221 -2.030156374 0.008735066 -0.014876626 0.999851167 74.553855896
0.999946892 -0.003890296 -0.009540990 1.044007421 0.004033430 0.999878883 0.015028868 -2.042685032 0.009481368 -0.015066553 0.999841571 75.098358154
0.999958694 -0.003059195 -0.008552170 1.037413836 0.003181431 0.999892533 0.014316202 -2.038398266 0.008507455 -0.014342823 0.999860883 75.643821716
0.999961436 -0.003103741 -0.008214991 1.015984297 0.003223106 0.999888837 0.014557049 -2.044036865 0.008168897 -0.014582966 0.999860227 76.117805481
0.999953568 -0.003362118 -0.009022237 1.034300923 0.003495209 0.999884725 0.014776435 -2.057983398 0.008971515 -0.014807286 0.999850094 76.657005310
0.999967039 -0.002327445 -0.007781347 1.024094820 0.002438488 0.999894917 0.014291549 -2.058700085 0.007747268 -0.014310052 0.999867558 77.177444458
0.999967933 -0.002811148 -0.007497711 1.027915001 0.002917160 0.999895394 0.014166017 -2.060967922 0.007457104 -0.014187436 0.999871492 77.727890015
0.999975145 -0.002840786 -0.006451484 1.037109137 0.002928727 0.999902308 0.013662915 -2.064306974 0.006412041 -0.013681469 0.999885798 78.273628235
0.999985218 -0.002187596 -0.004973597 1.037360907 0.002256816 0.999900103 0.013954770 -2.076857567 0.004942573 -0.013965788 0.999890268 78.780609131
0.999990225 -0.002699493 -0.003497223 1.052756310 0.002748728 0.999896049 0.014150649 -2.082420111 0.003458660 -0.014160125 0.999893785 79.319709778
0.999996006 -0.002798450 -0.000278825 1.071709156 0.002802080 0.999898016 0.014004141 -2.090992928 0.000239606 -0.014004867 0.999901950 79.863670349
0.999990225 -0.003193869 0.003068839 1.096873045 0.003149024 0.999889791 0.014508655 -2.101401806 -0.003114840 -0.014498848 0.999890089 80.409286499
0.999974132 -0.003566682 0.006241856 1.112993956 0.003477245 0.999891996 0.014281212 -2.107670307 -0.006292118 -0.014259139 0.999878585 80.959472656
0.999931455 -0.002728569 0.011387261 1.126408815 0.002573951 0.999904692 0.013570802 -2.085892677 -0.011423203 -0.013540563 0.999843061 81.599258423
0.999853253 -0.002831794 0.016892230 1.168139577 0.002601300 0.999903381 0.013651407 -2.096355438 -0.016929256 -0.013605461 0.999764085 82.165710449
0.999740064 -0.002944195 0.022609999 1.196186543 0.002634372 0.999902368 0.013720535 -2.107854366 -0.022648193 -0.013657405 0.999650180 82.715721130
0.999594271 -0.002620533 0.028362669 1.249317408 0.002235104 0.999904871 0.013612483 -2.114225388 -0.028395638 -0.013543564 0.999505103 83.448249817
0.999330819 -0.003158601 0.036440022 1.292837381 0.002669123 0.999905646 0.013473277 -2.118312836 -0.036479138 -0.013366999 0.999244988 84.051963806
0.999019802 -0.003531809 0.044122279 1.340388060 0.002937265 0.999904096 0.013532490 -2.127755642 -0.044165839 -0.013389629 0.998934507 84.605339050
0.998715222 -0.004787626 0.050447717 1.394701719 0.004110882 0.999900281 0.013509997 -2.134641409 -0.050507367 -0.013285256 0.998635292 85.134002686
0.998192489 -0.003990445 0.059964351 1.414054632 0.003238681 0.999915004 0.012628815 -2.111447334 -0.060009643 -0.012411783 0.998120606 85.925872803
0.997556806 -0.004499158 0.069715381 1.473122120 0.003626574 0.999913573 0.012637895 -2.123274565 -0.069766223 -0.012354187 0.997486830 86.492271423
0.996904194 -0.004742710 0.078482606 1.536413193 0.003767350 0.999913871 0.012571133 -2.130107880 -0.078535467 -0.012236544 0.996836245 87.050720215
0.996279061 -0.005986769 0.085978396 1.607276440 0.004945773 0.999911904 0.012315561 -2.137384176 -0.086044557 -0.011844506 0.996220887 87.589401245
0.995248139 -0.004756053 0.097254269 1.673523903 0.003511049 0.999909759 0.012968675 -2.150074005 -0.097307160 -0.012565587 0.995175064 88.155990601
0.994208634 -0.006006714 0.107299007 1.757688046 0.004717941 0.999913692 0.012260855 -2.156831741 -0.107363403 -0.011683617 0.994151235 88.712173462
0.993137121 -0.006356065 0.116783150 1.850323677 0.004919420 0.999908686 0.012585948 -2.173392296 -0.116852485 -0.011925067 0.993077815 89.274658203
0.991830409 -0.006941373 0.127374977 1.944709778 0.005377758 0.999905944 0.012615475 -2.181974411 -0.127450570 -0.011827420 0.991774380 89.817832947
0.990195930 -0.006938346 0.139513955 2.062261581 0.005204852 0.999904692 0.012786263 -2.186625004 -0.139589399 -0.011934754 0.990137577 90.388168335
0.988675535 -0.008474384 0.149829522 2.150273323 0.006656277 0.999898076 0.012631835 -2.198203564 -0.149921283 -0.011491480 0.988631189 90.874282837
0.986928403 -0.006356407 0.161033913 2.249237061 0.004345758 0.999908149 0.012835008 -2.203326702 -0.161100715 -0.011967419 0.986865401 91.455039978
0.984805286 -0.006625312 0.173536122 2.375566483 0.004442155 0.999906063 0.012965785 -2.213006258 -0.173605740 -0.011997900 0.984742105 91.977142334
0.982409775 -0.006710815 0.186617330 2.500946045 0.004364456 0.999906242 0.012981111 -2.214867115 -0.186686963 -0.011938290 0.982346833 92.542037964
0.980555594 -0.008159437 0.196071729 2.633283615 0.005724790 0.999899387 0.012980661 -2.207423687 -0.196157917 -0.011605791 0.980503619 93.100166321
0.977961302 -0.008639441 0.208607569 2.775226593 0.006067549 0.999897540 0.012965627 -2.214636564 -0.208698243 -0.011414143 0.977913499 93.623123169
0.975033879 -0.009855317 0.221837237 2.950466156 0.007211275 0.999893010 0.012725656 -2.222930431 -0.221938968 -0.010808217 0.975000620 94.157455444
0.972392976 -0.009086129 0.233172253 3.070476532 0.006200985 0.999894977 0.013103531 -2.231811523 -0.233266816 -0.011295882 0.972347140 94.686897278
0.969388664 -0.009178306 0.245359674 3.262355804 0.006228129 0.999898732 0.012797123 -2.231647968 -0.245452330 -0.010877254 0.969347596 95.221092224
0.965981364 -0.010414248 0.258401811 3.438566208 0.007409020 0.999893188 0.012601149 -2.241458416 -0.258505434 -0.010257972 0.965955377 95.727272034
0.962443531 -0.009439244 0.271317840 3.601881027 0.006065165 0.999893546 0.013271743 -2.248500824 -0.271414220 -0.011127715 0.962398291 96.283370972
0.959153235 -0.010264223 0.282700807 3.804889679 0.006792999 0.999889076 0.013256266 -2.241793871 -0.282805532 -0.010794404 0.959116518 96.839462280
0.955147743 -0.011111978 0.295921355 3.978466034 0.007690829 0.999889374 0.012722553 -2.246978760 -0.296029985 -0.009876036 0.955127537 97.323974609
0.950643003 -0.010901362 0.310095280 4.209623337 0.006985484 0.999881268 0.013735666 -2.256526947 -0.310208231 -0.010891548 0.950606227 97.915222168
0.946804523 -0.011238733 0.321613133 4.405492783 0.007229193 0.999880612 0.013658516 -2.262202263 -0.321728200 -0.010606942 0.946772635 98.425048828
0.942326725 -0.011891194 0.334483027 4.611768723 0.007758881 0.999876201 0.013687752 -2.267561197 -0.334604383 -0.010303121 0.942302346 98.970603943
0.937215567 -0.011817981 0.348550349 4.825071335 0.007337027 0.999872625 0.014173278 -2.279749870 -0.348673463 -0.010726091 0.937182903 99.490600586
0.932641387 -0.012310078 0.360594600 5.045402527 0.007662325 0.999868155 0.014315950 -2.289544106 -0.360723257 -0.010588653 0.932612777 99.991493225
0.928418934 -0.013001781 0.371307760 5.275659561 0.008553638 0.999870598 0.013624118 -2.292561054 -0.371436894 -0.009472857 0.928409874 100.506706238
0.923049629 -0.012651453 0.384472728 5.511096954 0.007988417 0.999873877 0.013723088 -2.295841694 -0.384597927 -0.009595762 0.923034310 101.001190186
0.917535961 -0.013408291 0.397426486 5.747104645 0.008584010 0.999866366 0.013915429 -2.303592682 -0.397559941 -0.009356393 0.917528510 101.486961365
0.912313879 -0.014387828 0.409238786 5.990055084 0.009316960 0.999853134 0.014382128 -2.309803963 -0.409385562 -0.009308152 0.912313998 101.985824585
0.905954838 -0.014167262 0.423137099 6.244396210 0.009046813 0.999859571 0.014107171 -2.308409452 -0.423277557 -0.008952418 0.905955851 102.488769531
0.899408698 -0.015161716 0.436845750 6.515075684 0.010015325 0.999850690 0.014081820 -2.315919399 -0.436994016 -0.008290159 0.899426162 102.967277527
0.893536448 -0.015317677 0.448729157 6.778984070 0.009863165 0.999846339 0.014490311 -2.330139160 -0.448882163 -0.008521730 0.893550336 103.421951294
0.888009429 -0.016077707 0.459544003 7.055217743 0.010443237 0.999835849 0.014800274 -2.340246439 -0.459706545 -0.008343655 0.888031662 103.895370483
0.880890787 -0.015971219 0.473050147 7.335899353 0.010089389 0.999836981 0.014968753 -2.349007845 -0.473212123 -0.008413048 0.880908310 104.367317200
0.874204695 -0.016900059 0.485263437 7.624736786 0.010913143 0.999825537 0.015160407 -2.360433102 -0.485434920 -0.007957549 0.874236584 104.820640564
