1.000000000 0.000000000 0.000000000 0.000000000 0.000000000 1.000000000 0.000000000 0.000000000 0.000000000 0.000000000 1.000000000 0.000000000
1.000000000 -0.000002287 0.000010170 -0.000416939 0.000002287 1.000000000 0.000040498 0.000026004 -0.000010171 -0.000040498 1.000000000 -0.001966071
1.000000000 0.000067056 0.000081921 -0.002359808 -0.000067056 1.000000000 0.000004717 -0.000522009 -0.000081920 -0.000004723 1.000000000 -0.001713144
1.000000000 -0.000014203 -0.000010343 0.001266406 0.000014203 1.000000000 0.000029188 -0.000068974 0.000010343 -0.000029188 1.000000000 -0.003839381
1.000000000 -0.000045650 0.000008317 0.000833855 0.000045650 1.000000000 0.000010666 -0.000329122 -0.000008318 -0.000010665 1.000000000 -0.002085749
1.000000000 -0.000030767 0.000031478 -0.000801397 0.000030767 1.000000000 0.000017309 -0.000430757 -0.000031479 -0.000017308 1.000000000 -0.001041041
1.000000000 0.000015924 0.000043638 0.000580554 -0.000015930 1.000000000 0.000126913 -0.000623361 -0.000043636 -0.000126914 1.000000000 -0.002607899
1.000000000 -0.000041074 0.000022644 -0.000106348 0.000041072 1.000000000 0.000082738 -0.000336199 -0.000022648 -0.000082737 1.000000000 0.001679445
1.000000000 -0.000004275 -0.000007821 0.000264425 0.000004275 1.000000000 0.000030877 -0.000442801 0.000007821 -0.000030877 1.000000000 -0.004593570
1.000000000 -0.000055274 0.000041449 0.000308832 0.000055271 1.000000000 0.000062789 -0.000123605 -0.000041453 -0.000062787 1.000000000 -0.004543688
1.000000000 -0.000013310 0.000021780 -0.000096925 0.000013309 1.000000000 0.000026447 -0.000227078 -0.000021780 -0.000026447 1.000000000 -0.001631384
1.000000000 -0.000045120 0.000019335 -0.000355576 0.000045120 1.000000000 0.000015816 -0.000538485 -0.000019336 -0.000015815 1.000000000 -0.005441091
1.000000000 -0.000108455 0.000082198 -0.000234769 0.000108450 1.000000000 0.000058624 -0.000599828 -0.000082204 -0.000058616 1.000000000 -0.001987905
1.000000000 -0.000051243 0.000075590 0.000279887 0.000051239 1.000000000 0.000054310 -0.000651319 -0.000075593 -0.000054306 1.000000000 -0.003524898
1.000000000 -0.000081672 0.000072741 -0.000187420 0.000081668 1.000000000 0.000054009 -0.000243555 -0.000072746 -0.000054003 1.000000000 -0.003200147
1.000000000 -0.000097167 0.000038995 -0.000453965 0.000097163 1.000000000 0.000087717 -0.000218508 -0.000039004 -0.000087713 1.000000000 -0.004292199
1.000000000 -0.000175568 0.000006284 -0.000403038 0.000175568 1.000000000 0.000026528 -0.000286133 -0.000006289 -0.000026527 1.000000000 -0.003450787
1.000000000 0.000043918 0.000057142 0.000335927 -0.000043922 1.000000000 0.000083929 -0.000506263 -0.000057138 -0.000083932 1.000000000 -0.007990495
1.000000000 -0.000100585 0.000035411 0.000820255 0.000100582 1.000000000 0.000075060 -0.001068952 -0.000035418 -0.000075056 1.000000000 -0.007728776
1.000000000 -0.000118074 0.000016074 0.000274533 0.000118074 1.000000000 0.000026758 -0.000788348 -0.000016077 -0.000026756 1.000000000 -0.004981036
1.000000000 -0.000176490 -0.000068373 0.003595427 0.000176500 1.000000000 0.000149501 -0.004137579 0.000068346 -0.000149513 1.000000000 -0.006881279
1.000000000 -0.000041624 0.000126877 -0.002500146 0.000041620 1.000000000 0.000032441 -0.000028075 -0.000126879 -0.000032436 1.000000000 0.000730655
1.000000000 -0.000105406 0.000010302 -0.000020167 0.000105404 1.000000000 0.000202035 -0.002896204 -0.000010323 -0.000202034 1.000000000 -0.008671599
0.999999940 -0.000245326 -0.000020967 0.000469174 0.000245329 0.999999940 0.000181197 -0.002572530 0.000020923 -0.000181202 1.000000000 -0.003949189
1.000000000 -0.000156234 -0.000009023 0.000654445 0.000156235 1.000000000 0.000129305 -0.000351256 0.000009003 -0.000129307 1.000000000 -0.006897392
0.999999940 -0.000259512 -0.000019383 0.003535679 0.000259516 0.999999940 0.000217727 -0.001846367 0.000019327 -0.000217732 1.000000000 -0.007858060
1.000000000 -0.000149682 0.000030925 0.000274539 0.000149680 1.000000000 0.000064762 -0.000982098 -0.000030935 -0.000064757 1.000000000 -0.003901515
1.000000000 -0.000144716 -0.000002927 0.000568392 0.000144717 1.000000000 0.000159607 -0.000752887 0.000002904 -0.000159608 1.000000000 -0.002278663
1.000000000 -0.000169994 0.000009680 -0.001695406 0.000169994 1.000000000 0.000079618 0.000358990 -0.000009694 -0.000079616 1.000000000 -0.001226452
1.000000000 -0.000138016 0.000057076 -0.001100767 0.000138012 1.000000000 0.000073346 -0.000464441 -0.000057086 -0.000073338 1.000000000 0.002089227
1.000000000 -0.000105965 0.000005918 -0.001156544 0.000105964 1.000000000 0.000145656 -0.001127764 -0.000005933 -0.000145655 1.000000000 -0.001061416
1.000000000 -0.000174350 -0.000030959 -0.000945997 0.000174354 1.000000000 0.000099373 -0.001511021 0.000030942 -0.000099378 1.000000000 -0.004870482
1.000000000 -0.000190975 -0.000009395 0.000352457 0.000190976 0.999999940 0.000168865 -0.002605557 0.000009363 -0.000168867 1.000000000 -0.005998054
1.000000000 0.000071217 0.000077214 -0.000981562 -0.000071223 1.000000000 0.000077119 -0.000323280 -0.000077209 -0.000077124 1.000000000 -0.001533343
1.000000000 -0.000171487 0.000000316 -0.000066333 0.000171487 1.000000000 0.000068173 -0.001054141 -0.000000327 -0.000068173 1.000000000 -0.001987164
1.000000000 -0.000144692 0.000016676 -0.002353210 0.000144692 1.000000000 0.000013856 -0.000577225 -0.000016678 -0.000013854 1.000000000 -0.001733321
1.000000000 -0.000169157 0.000042546 0.000071830 0.000169154 1.000000000 0.000080489 -0.000663827 -0.000042559 -0.000080482 1.000000000 -0.007997449
0.999999940 -0.000242344 -0.000056989 0.001571364 0.000242349 0.999999940 0.000099327 -0.001109081 0.000056965 -0.000099341 1.000000000 -0.003337258
1.000000000 -0.000179906 0.000016599 0.000427061 0.000179904 1.000000000 0.000139312 -0.000664445 -0.000016624 -0.000139309 1.000000000 -0.002871796
0.999999940 -0.000255514 -0.000114626 0.003435887 0.000255532 0.999999940 0.000158681 -0.003489987 0.000114586 -0.000158711 1.000000000 -0.006504489
1.000000000 -0.000211334 -0.000076865 0.005360448 0.000211299 0.999999881 -0.000456203 -0.007101848 0.000076962 0.000456186 0.999999881 0.046002075
0.999999940 -0.000270141 -0.000125379 0.007378636 0.000270010 0.999999404 -0.001044797 -0.006934357 0.000125661 0.001044764 0.999999464 0.141021267
0.999999940 -0.000271950 -0.000058625 0.004902021 0.000271873 0.999999106 -0.001297549 -0.013372093 0.000058978 0.001297533 0.999999166 0.257761776
0.999999940 -0.000304955 0.000098654 0.004970267 0.000305065 0.999999344 -0.001121018 -0.019725438 -0.000098312 0.001121048 0.999999344 0.390229851
1.000000000 0.000096217 -0.000075851 0.013411442 -0.000096293 0.999999464 -0.001007041 -0.024003364 0.000075754 0.001007048 0.999999464 0.535701156
0.999999940 0.000189087 0.000252930 0.012719469 -0.000188986 0.999999881 -0.000402029 -0.038667541 -0.000253006 0.000401981 0.999999881 0.683359444
1.000000000 0.000085953 0.000127482 0.020469204 -0.000085936 0.999999940 -0.000137644 -0.044196825 -0.000127494 0.000137633 0.999999940 0.848930061
0.999999702 0.000629759 0.000174416 0.020536371 -0.000629688 0.999999702 -0.000408653 -0.039779462 -0.000174673 0.000408543 0.999999881 1.025847912
0.999999702 0.000734520 0.000252365 0.022617945 -0.000734404 0.999999642 -0.000459640 -0.045277651 -0.000252702 0.000459454 0.999999821 1.203592181
0.999999762 0.000531125 0.000502264 0.022232635 -0.000531118 0.999999881 -0.000014667 -0.057261996 -0.000502272 0.000014401 0.999999881 1.386341333
0.999999642 0.000765464 0.000354107 0.027377410 -0.000765552 0.999999702 0.000248634 -0.072394803 -0.000353917 -0.000248905 0.999999881 1.581869125
0.999999583 0.000667962 0.000557595 0.029329870 -0.000668222 0.999999702 0.000466703 -0.079714678 -0.000557283 -0.000467075 0.999999702 1.773365974
0.999999225 0.001049531 0.000686118 0.028694708 -0.001049964 0.999999225 0.000630816 -0.086531416 -0.000685456 -0.000631536 0.999999523 1.973044634
0.999999106 0.001087519 0.000738603 0.034408614 -0.001087941 0.999999225 0.000570797 -0.092041433 -0.000737982 -0.000571600 0.999999523 2.196633577
0.999998808 0.001243972 0.000820051 0.032472473 -0.001244587 0.999998927 0.000751174 -0.096154414 -0.000819115 -0.000752194 0.999999344 2.402767181
0.999998689 0.001334951 0.000925521 0.038928423 -0.001335611 0.999998868 0.000712459 -0.102615625 -0.000924569 -0.000713694 0.999999344 2.631821871
0.999999106 0.001007121 0.000837592 0.050185300 -0.001007714 0.999999225 0.000707737 -0.111284569 -0.000836879 -0.000708581 0.999999404 2.861835718
0.999998808 0.001114628 0.001079891 0.051808849 -0.001115701 0.999998868 0.000993644 -0.118983306 -0.001078782 -0.000994848 0.999998927 3.110523462
0.999999046 0.001075206 0.000850554 0.057311196 -0.001076036 0.999998927 0.000976270 -0.124393195 -0.000849503 -0.000977184 0.999999106 3.339634418
0.999998927 0.001082615 0.000901019 0.061508790 -0.001083605 0.999998808 0.001099195 -0.131005451 -0.000899828 -0.001100170 0.999998927 3.587145329
0.999998868 0.001021069 0.001045669 0.066742532 -0.001022408 0.999998629 0.001280603 -0.139850244 -0.001044360 -0.001281670 0.999998629 3.834193468
0.999999225 0.000878179 0.000852872 0.072236940 -0.000879273 0.999998927 0.001283348 -0.150736973 -0.000851744 -0.001284097 0.999998808 4.106227398
0.999998569 0.001249645 0.001132391 0.074444011 -0.001251639 0.999997616 0.001761996 -0.158170521 -0.001130186 -0.001763410 0.999997735 4.357696056
0.999998927 0.001085082 0.001010950 0.085545704 -0.001086774 0.999997973 0.001675119 -0.167429268 -0.001009130 -0.001676216 0.999998093 4.614407539
0.999998987 0.000918857 0.001079039 0.090893656 -0.000920698 0.999998033 0.001706890 -0.174129605 -0.001077469 -0.001707882 0.999997914 4.874047756
0.999997914 0.001535747 0.001334631 0.089677669 -0.001538068 0.999997258 0.001739279 -0.181519687 -0.001331956 -0.001741328 0.999997556 5.128840446
0.999998689 0.001313757 0.000871049 0.102733307 -0.001315293 0.999997497 0.001764608 -0.190697521 -0.000868729 -0.001765752 0.999998093 5.392648220
0.999999106 0.000974732 0.000941334 0.106049582 -0.000976452 0.999997854 0.001828802 -0.202408105 -0.000939550 -0.001829719 0.999997914 5.648989677
0.999998629 0.001317253 0.000951475 0.110706918 -0.001318924 0.999997735 0.001757072 -0.211590156 -0.000949158 -0.001758325 0.999998033 5.925224781
0.999998689 0.001266877 0.001033425 0.115013421 -0.001268755 0.999997675 0.001818540 -0.218399525 -0.001031119 -0.001819849 0.999997854 6.187084675
0.999999046 0.000957343 0.000940821 0.125128284 -0.000959120 0.999997854 0.001890329 -0.226143643 -0.000939009 -0.001891230 0.999997795 6.476222992
0.999997854 0.001664528 0.001227656 0.125625476 -0.001666909 0.999996841 0.001941276 -0.240921512 -0.001224421 -0.001943318 0.999997377 6.768988609
0.999998927 0.001031194 0.001060397 0.135815814 -0.001033394 0.999997377 0.002076342 -0.249925435 -0.001058253 -0.002077435 0.999997318 7.064680576
0.999998808 0.001128541 0.000987013 0.146880761 -0.001130692 0.999996901 0.002181442 -0.263508469 -0.000984548 -0.002182555 0.999997139 7.369877815
0.999998391 0.001352953 0.001144578 0.153848588 -0.001355148 0.999997258 0.001918971 -0.273977101 -0.001141978 -0.001920519 0.999997497 7.660082340
0.999997497 0.001894969 0.001214186 0.170259774 -0.001897803 0.999995470 0.002337395 -0.279801339 -0.001209751 -0.002339693 0.999996543 7.982710361
0.999997139 0.002165264 0.001013997 0.181049913 -0.002167745 0.999994636 0.002452030 -0.292865306 -0.001008682 -0.002454221 0.999996483 8.288407326
0.999997497 0.001811667 0.001311078 0.180386543 -0.001814991 0.999995053 0.002539196 -0.305672824 -0.001306471 -0.002541569 0.999995887 8.626259804
0.999997795 0.001722133 0.001204911 0.188113257 -0.001725422 0.999994755 0.002733896 -0.314459532 -0.001200197 -0.002735969 0.999995530 8.957148552
0.999998271 0.001257995 0.001391223 0.194407597 -0.001261999 0.999995053 0.002880329 -0.322736055 -0.001387593 -0.002882080 0.999994874 9.298286438
0.999998569 0.001040609 0.001296631 0.206025958 -0.001044096 0.999995828 0.002691338 -0.337340236 -0.001293825 -0.002692688 0.999995530 9.629977226
0.999998093 0.001391942 0.001399036 0.213293105 -0.001395973 0.999994874 0.002884566 -0.349799216 -0.001395014 -0.002886513 0.999994874 9.973488808
0.999998271 0.001278475 0.001306651 0.220708027 -0.001281848 0.999995947 0.002583521 -0.359229237 -0.001303342 -0.002585191 0.999995828 10.338012695
0.999998569 0.001070232 0.001231283 0.229440421 -0.001073975 0.999994755 0.003043434 -0.364839166 -0.001228019 -0.003044752 0.999994636 10.692999840
0.999998987 0.001051875 0.001059614 0.235694751 -0.001055096 0.999994934 0.003042975 -0.388384789 -0.001056408 -0.003044090 0.999994814 11.076428413
0.999998212 0.001226004 0.001430865 0.244429931 -0.001230933 0.999993265 0.003449072 -0.404516339 -0.001426626 -0.003450827 0.999993026 11.450176239
0.999998093 0.001296299 0.001403498 0.251465172 -0.001300955 0.999993563 0.003321338 -0.412923515 -0.001399184 -0.003323158 0.999993503 11.837065697
0.999997735 0.001383057 0.001564599 0.258612126 -0.001387936 0.999994099 0.003121823 -0.420038074 -0.001560272 -0.003123988 0.999993920 12.207519531
0.999998450 0.000920107 0.001454110 0.269154668 -0.000924749 0.999994397 0.003194812 -0.433432758 -0.001451162 -0.003196151 0.999993861 12.607720375
0.999998748 0.001063024 0.001143060 0.282596529 -0.001066915 0.999993622 0.003408475 -0.441323161 -0.001139429 -0.003409691 0.999993503 13.009049416
0.999997914 0.001298995 0.001584570 0.291454762 -0.001305269 0.999991298 0.003964907 -0.477071226 -0.001579406 -0.003966967 0.999990880 13.372186661
0.999996305 0.001784005 0.002043972 0.297624081 -0.001792275 0.999990165 0.004051046 -0.490687579 -0.002036725 -0.004054695 0.999989688 13.780857086
0.999995112 0.002255784 0.002166312 0.303823560 -0.002265713 0.999986887 0.004591722 -0.502967000 -0.002155926 -0.004596608 0.999987185 14.196679115
0.999996543 0.001320145 0.002279101 0.306607336 -0.001329709 0.999990404 0.004200020 -0.509643555 -0.002273535 -0.004203036 0.999988556 14.661210060
0.999995232 0.001802155 0.002509514 0.318230480 -0.001813756 0.999987662 0.004628222 -0.528989673 -0.002501142 -0.004632751 0.999986112 15.063831329
0.999995053 0.001398472 0.002820115 0.329474956 -0.001411531 0.999988258 0.004633884 -0.536711335 -0.002813601 -0.004637843 0.999985278 15.502526283
0.999993384 0.001705503 0.003207044 0.350179017 -0.001721007 0.999986827 0.004837828 -0.564349353 -0.003198751 -0.004843315 0.999983072 15.920044899
0.999992371 0.001456294 0.003635094 0.363444239 -0.001473596 0.999987543 0.004761777 -0.575440884 -0.003628114 -0.004767097 0.999981999 16.363014221
0.999991596 0.001505914 0.003820918 0.371535659 -0.001525117 0.999986172 0.005027922 -0.588719368 -0.003813293 -0.005033707 0.999980032 16.820211411
0.999989629 0.001994048 0.004099390 0.385232449 -0.002013057 0.999987245 0.004638188 -0.597708583 -0.004090087 -0.004646392 0.999980867 17.278392792
0.999988019 0.001967487 0.004494570 0.395053864 -0.001989898 0.999985576 0.004987136 -0.610488832 -0.004484692 -0.004996020 0.999977529 17.737874985
0.999988019 0.001622681 0.004618653 0.404077619 -0.001646041 0.999985874 0.005058527 -0.626254499 -0.004610378 -0.005066067 0.999976516 18.211759567
0.999989688 0.001766186 0.004199828 0.429571837 -0.001786523 0.999986708 0.004843669 -0.627976000 -0.004191217 -0.004851122 0.999979496 18.672845840
0.999985814 0.001683183 0.005050674 0.431945801 -0.001708962 0.999985456 0.005104018 -0.651884079 -0.005042010 -0.005112577 0.999974251 19.149206161
0.999990404 0.001133436 0.004236737 0.468201518 -0.001155642 0.999985516 0.005242594 -0.669222713 -0.004230734 -0.005247439 0.999977231 19.626234055
0.999985754 0.001768825 0.005041794 0.475920856 -0.001798909 0.999980509 0.005968591 -0.687485099 -0.005031139 -0.005977575 0.999969482 20.107019424
0.999986231 0.002552281 0.004594972 0.489667356 -0.002579712 0.999978840 0.005973714 -0.692673624 -0.004579628 -0.005985485 0.999971569 20.593942642
0.999985874 0.001718159 0.005034660 0.497110069 -0.001748840 0.999979913 0.006095933 -0.721958578 -0.005024086 -0.006104652 0.999968767 21.113950729
0.999989510 0.002140524 0.004055616 0.506730676 -0.002165507 0.999978662 0.006165815 -0.729444087 -0.004042331 -0.006174532 0.999972820 21.608907700
0.999991655 0.001770073 0.003692450 0.521815062 -0.001792365 0.999980152 0.006042542 -0.745096207 -0.003681681 -0.006049109 0.999974966 22.126737595
0.999990582 0.001855448 0.003916087 0.538024306 -0.001880134 0.999978304 0.006309561 -0.756964207 -0.003904295 -0.006316864 0.999972403 22.632354736
0.999992609 0.002250892 0.003142038 0.553352475 -0.002272432 0.999973774 0.006868904 -0.783734262 -0.003126495 -0.006875993 0.999971509 23.128681183
0.999994934 0.001429141 0.002815975 0.555502534 -0.001447266 0.999978304 0.006444891 -0.787278652 -0.002806703 -0.006448935 0.999975264 23.679059982
0.999998093 0.000460008 0.001872295 0.566909432 -0.000471481 0.999981105 0.006131848 -0.795625687 -0.001869439 -0.006132720 0.999979377 24.199296951
0.999998271 0.001435470 0.001257490 0.576173425 -0.001443213 0.999979854 0.006178298 -0.806048751 -0.001248596 -0.006180103 0.999980152 24.725242615
0.999998152 0.001750674 0.000812082 0.587436318 -0.001755601 0.999979794 0.006105585 -0.817075074 -0.000801377 -0.006107000 0.999980986 25.258821487
0.999998927 0.001378206 0.000313552 0.596383512 -0.001380242 0.999977350 0.006584556 -0.828935564 -0.000304470 -0.006584983 0.999978185 25.789726257
0.999998868 0.001470053 0.000078782 0.606598794 -0.001470529 0.999978125 0.006441491 -0.843536675 -0.000069311 -0.006441601 0.999979258 26.330566406
0.999999464 0.000983551 -0.000263832 0.618271887 -0.000981643 0.999974012 0.007136924 -0.857606709 0.000270844 -0.007136661 0.999974430 26.865884781
0.999999166 0.000915464 -0.000936477 0.634986460 -0.000908873 0.999974966 0.007014593 -0.874758780 0.000942875 -0.007013736 0.999974966 27.395341873
0.999998510 0.001410956 -0.000946020 0.641432047 -0.001404094 0.999972939 0.007214529 -0.892216742 0.000956174 -0.007213191 0.999973476 27.940208435
0.999998152 0.001344409 -0.001316726 0.653332770 -0.001334449 0.999970734 0.007536400 -0.909381866 0.001326819 -0.007534630 0.999970734 28.476537704
0.999997497 0.001235711 -0.001849741 0.672872841 -0.001221540 0.999970019 0.007642570 -0.919572592 0.001859129 -0.007640291 0.999969065 29.012517929
0.999996781 0.001453168 -0.002076616 0.682237387 -0.001437586 0.999970973 0.007485485 -0.934097648 0.002087433 -0.007482474 0.999969840 29.546607971
0.999995530 0.001696690 -0.002515744 0.686412632 -0.001677208 0.999968767 0.007725830 -0.942216039 0.002528774 -0.007721575 0.999966979 30.075853348
0.999995053 0.001299548 -0.002844333 0.698611796 -0.001277636 0.999969602 0.007691889 -0.959221840 0.002854243 -0.007688217 0.999966383 30.600885391
0.999995112 0.001555080 -0.002721421 0.707620442 -0.001534202 0.999969482 0.007656823 -0.968386173 0.002733245 -0.007652610 0.999966979 31.138505936
0.999993384 0.001967557 -0.003061826 0.723562956 -0.001944198 0.999969065 0.007613402 -0.989634454 0.003076711 -0.007607399 0.999966323 31.650014877
0.999993384 0.001877847 -0.003114977 0.739557028 -0.001854506 0.999970257 0.007479258 -0.998312294 0.003128929 -0.007473432 0.999967158 32.198921204
0.999993324 0.000899856 -0.003549648 0.727690041 -0.000871342 0.999967396 0.008026406 -1.012639761 0.003556755 -0.008023260 0.999961436 32.701538086
0.999992728 0.001763993 -0.003387259 0.727819443 -0.001737799 0.999968827 0.007720510 -1.026844144 0.003400771 -0.007714569 0.999964416 33.215938568
0.999991596 0.001251800 -0.003904677 0.732362986 -0.001219447 0.999965012 0.008276987 -1.047039628 0.003914902 -0.008272156 0.999958038 33.745635986
0.999991119 0.001266347 -0.004033917 0.732118666 -0.001231722 0.999962509 0.008574364 -1.064367890 0.004044624 -0.008569318 0.999954998 34.288906097
0.999991715 0.000892034 -0.003981948 0.733931780 -0.000859157 0.999965608 0.008250553 -1.068048954 0.003989172 -0.008247063 0.999957979 34.786697388
0.999990106 0.001013085 -0.004318062 0.762052298 -0.000977038 0.999964714 0.008342347 -1.087741971 0.004326361 -0.008338047 0.999955833 35.344905853
0.999990284 0.000982775 -0.004298602 0.757771850 -0.000945806 0.999962628 0.008593796 -1.105808973 0.004306888 -0.008589647 0.999953806 35.891075134
0.999989986 0.002010674 -0.003976060 0.767725408 -0.001979059 0.999966502 0.007939549 -1.113940239 0.003991891 -0.007931598 0.999960601 36.453826904
0.999988556 0.001591216 -0.004520019 0.785661221 -0.001555534 0.999967694 0.007886756 -1.116618395 0.004532422 -0.007879633 0.999958694 36.969249725
0.999987841 0.001513351 -0.004680589 0.796334743 -0.001474040 0.999963760 0.008390830 -1.131935239 0.004693118 -0.008383829 0.999953866 37.534793854
0.999987245 0.000691474 -0.005000601 0.810872555 -0.000646711 0.999959707 0.008947614 -1.163993478 0.005006587 -0.008944265 0.999947488 38.026386261
0.999986589 0.001259529 -0.005000528 0.835181475 -0.001218082 0.999965012 0.008282843 -1.134894371 0.005010785 -0.008276641 0.999953151 38.680072784
0.999987900 0.000744690 -0.004851021 0.796317756 -0.000698169 0.999953747 0.009584650 -1.201447606 0.004857934 -0.009581148 0.999942362 39.050174713
0.999984741 0.000057684 -0.005521271 0.833524048 -0.000002657 0.999950349 0.009965783 -1.226997375 0.005521572 -0.009965616 0.999935091 39.608467102
0.999990642 0.001402027 -0.004086597 0.790318072 -0.001365489 0.999959171 0.008930098 -1.204315543 0.004098950 -0.008924434 0.999951780 40.088352203
0.999986470 0.001261363 -0.005029141 0.829892039 -0.001210933 0.999949098 0.010018038 -1.250294209 0.005041522 -0.010011813 0.999937177 40.657131195
0.999986827 0.000397919 -0.005114409 0.830784619 -0.000347107 0.999950588 0.009932097 -1.255223513 0.005118109 -0.009930192 0.999937534 41.155750275
0.999984801 0.000612971 -0.005482754 0.845891953 -0.000559113 0.999951661 0.009819374 -1.265135884 0.005488507 -0.009816160 0.999936759 41.678176880
0.999984205 0.000127605 -0.005609221 0.862463117 -0.000072895 0.999952435 0.009752704 -1.277934551 0.005610199 -0.009752143 0.999936640 42.259483337
0.999982536 -0.000023991 -0.005914275 0.869355738 0.000083265 0.999949753 0.010022175 -1.290444970 0.005913737 -0.010022492 0.999932289 42.795459747
0.999982655 0.000363767 -0.005881758 0.872081459 -0.000304238 0.999948740 0.010118731 -1.300716162 0.005885138 -0.010116767 0.999931455 43.323928833
0.999984145 0.000990842 -0.005545537 0.873282433 -0.000935359 0.999949574 0.009998786 -1.312097907 0.005555164 -0.009993440 0.999934554 43.840362549
0.999984026 0.000571830 -0.005616432 0.883704066 -0.000516768 0.999951839 0.009800357 -1.322355151 0.005621766 -0.009797298 0.999936223 44.369121552
0.999981999 0.000560638 -0.005971440 0.899986327 -0.000503525 0.999954104 0.009561460 -1.322259068 0.005976527 -0.009558281 0.999936461 44.905654907
0.999981105 0.001297317 -0.005997973 0.904693365 -0.001243085 0.999958396 0.009036577 -1.334668517 0.006009446 -0.009028952 0.999941170 45.455585480
0.999982774 0.000515673 -0.005851739 0.905620933 -0.000459805 0.999954343 0.009544543 -1.354073524 0.005856393 -0.009541688 0.999937296 45.958778381
0.999982476 0.000680448 -0.005890418 0.919003606 -0.000620823 0.999948621 0.010118355 -1.379012108 0.005897000 -0.010114520 0.999931395 46.491863251
0.999980569 0.001129000 -0.006121322 0.914377749 -0.001070620 0.999953985 0.009532108 -1.391992688 0.006131801 -0.009525371 0.999935746 47.075534821
0.999985397 0.001147304 -0.005294390 0.928625822 -0.001095005 0.999950767 0.009870567 -1.390099525 0.005305453 -0.009864626 0.999937296 47.581172943
0.999980748 0.002324980 -0.005749073 0.933659852 -0.002269897 0.999951661 0.009569233 -1.426918030 0.005771043 -0.009556001 0.999937654 48.128787994
0.999978781 0.001576394 -0.006317323 0.950026870 -0.001515719 0.999952793 0.009597877 -1.442743540 0.006332154 -0.009588098 0.999933958 48.656612396
0.999980569 0.002384276 -0.005756156 0.947004139 -0.002328738 0.999950886 0.009635928 -1.447964668 0.005778848 -0.009622336 0.999936998 49.198429108
0.999980330 0.002346171 -0.005818926 0.956955850 -0.002286657 0.999945223 0.010213250 -1.475502253 0.005842569 -0.010199743 0.999930918 49.709518433
0.999980569 0.002672854 -0.005633384 0.956852555 -0.002615502 0.999944925 0.010163374 -1.483619094 0.005660238 -0.010148441 0.999932468 50.253566742
0.999982119 0.002025069 -0.005628865 0.954991460 -0.001968265 0.999947250 0.010078706 -1.499158382 0.005648979 -0.010067446 0.999933362 50.765247345
0.999983549 0.002845196 -0.004980197 0.954516292 -0.002793307 0.999942064 0.010395279 -1.505917072 0.005009487 -0.010381195 0.999933541 51.293647766
0.999982178 0.002395185 -0.005465594 0.958381891 -0.002339442 0.999945402 0.010182449 -1.520792961 0.005489686 -0.010169481 0.999933243 51.831626892
0.999983788 0.002712694 -0.004992889 0.972271562 -0.002662076 0.999945283 0.010116811 -1.532116413 0.005020059 -0.010103357 0.999936283 52.327281952
0.999984205 0.002539707 -0.005013819 0.981413186 -0.002489887 0.999947786 0.009917992 -1.546075106 0.005038745 -0.009905353 0.999938190 52.867366791
0.999987006 0.002543939 -0.004405622 0.959252298 -0.002499291 0.999945819 0.010110283 -1.564536333 0.004431104 -0.010099143 0.999939084 53.376163483
0.999988198 0.003859865 -0.002950147 0.944117844 -0.003829055 0.999938846 0.010378911 -1.579855442 0.002990028 -0.010367493 0.999941766 53.848743439
0.999983191 0.003921341 -0.004254729 0.961921036 -0.003875538 0.999935031 0.010720851 -1.605422258 0.004296492 -0.010704182 0.999933481 54.382125854
0.999983251 0.003579065 -0.004557432 1.008411646 -0.003534334 0.999945879 0.009785617 -1.566668272 0.004592208 -0.009769346 0.999941707 55.094554901
0.999982476 0.004022932 -0.004335725 0.973653972 -0.003975223 0.999932110 0.010956803 -1.636095762 0.004379508 -0.010939375 0.999930620 55.475360870
0.999981821 0.004094432 -0.004416352 0.997503042 -0.004045879 0.999931931 0.010947427 -1.642117262 0.004460874 -0.010929361 0.999930382 55.941162109
0.999983191 0.003436099 -0.004664554 1.025724649 -0.003382819 0.999929428 0.011382587 -1.678010225 0.004703337 -0.011366616 0.999924362 56.344985962
0.999979496 0.005262030 -0.003645480 1.001991272 -0.005222307 0.999927759 0.010821636 -1.657500744 0.003702160 -0.010802376 0.999934733 57.027198792
0.999983430 0.003328363 -0.004727913 1.044389725 -0.003274519 0.999930143 0.011351014 -1.707494617 0.004765363 -0.011335342 0.999924421 57.396461487
0.999983728 0.003631649 -0.004429100 1.056883693 -0.003581643 0.999930263 0.011246733 -1.712487698 0.004469635 -0.011230683 0.999926925 57.894058228
0.999983013 0.003596806 -0.004588052 1.066084504 -0.003545496 0.999931633 0.011143042 -1.720841646 0.004627818 -0.011126587 0.999927402 58.416759491
0.999984145 0.003098370 -0.004700586 1.081555247 -0.003044195 0.999929368 0.011489244 -1.735836267 0.004735851 -0.011474751 0.999922931 58.909503937
0.999982953 0.003218124 -0.004870746 1.100771308 -0.003161238 0.999927223 0.011642171 -1.754444122 0.004907859 -0.011626577 0.999920368 59.422138214
0.999982893 0.002947800 -0.005043588 1.121245503 -0.002889916 0.999930322 0.011445897 -1.764072776 0.005076976 -0.011431127 0.999921799 59.937889099
0.999981403 0.003044061 -0.005275526 1.143884540 -0.002979134 0.999920368 0.012271764 -1.788959742 0.005312462 -0.012255819 0.999910831 60.465747833
0.999980807 0.003408682 -0.005155658 1.159163952 -0.003345540 0.999919951 0.012206391 -1.801968694 0.005196853 -0.012188911 0.999912202 60.995552063
0.999980569 0.002939192 -0.005494607 1.150922179 -0.002876100 0.999930263 0.011455397 -1.791127443 0.005527893 -0.011439372 0.999919295 61.510456085
0.999978006 0.002570412 -0.006109415 1.191228151 -0.002494467 0.999919891 0.012405893 -1.827584743 0.006140815 -0.012390379 0.999904454 61.957210541
0.999972224 0.004213991 -0.006151615 1.321796417 -0.004128951 0.999896646 0.013771592 -1.908580780 0.006209012 -0.013745810 0.999886215 62.485130310
0.999971807 0.002131917 -0.007190157 1.319777012 -0.002031876 0.999901414 0.013892279 -1.870671749 0.007219066 -0.013877279 0.999877751 63.005287170
0.999972045 0.004293189 -0.006120470 1.327507019 -0.004207226 0.999893367 0.013989354 -1.922701836 0.006179876 -0.013963212 0.999883413 63.620769501
0.999971807 0.004410186 -0.006074066 1.344829082 -0.004325598 0.999894440 0.013869463 -1.927229881 0.006134591 -0.013842797 0.999885380 64.114326477
0.999978840 0.004675220 -0.004516997 1.279266477 -0.004614873 0.999901116 0.013279263 -1.858364701 0.004578634 -0.013258138 0.999901593 64.605842590
0.999985576 0.002652331 -0.004672312 1.249988198 -0.002596630 0.999925971 0.011887235 -1.846355200 0.004703496 -0.011874931 0.999918401 64.844161987
0.999984026 0.002866515 -0.004862199 1.260107636 -0.002808303 0.999924839 0.011937080 -1.854044676 0.004896050 -0.011923236 0.999916911 65.393562317
0.999982119 0.003770345 -0.004649213 1.266215563 -0.003713754 0.999919593 0.012121423 -1.866376281 0.004694541 -0.012103940 0.999915719 65.942443848
0.999983430 0.003633989 -0.004464460 1.315933466 -0.003579314 0.999919236 0.012194006 -1.905715585 0.004508412 -0.012177826 0.999915659 66.285095215
0.999981463 0.003893627 -0.004696484 1.292213321 -0.003833471 0.999911308 0.012750546 -1.912323833 0.004745714 -0.012732304 0.999907672 67.094741821
0.999983728 0.002836566 -0.004958468 1.352605939 -0.002772789 0.999913931 0.012821808 -1.928431749 0.004994411 -0.012807852 0.999905467 67.373268127
0.999982178 0.003013621 -0.005154260 1.366818190 -0.002948316 0.999915838 0.012631225 -1.947414160 0.005191891 -0.012615804 0.999906898 67.778549194
0.999981105 0.003142044 -0.005285555 1.372131348 -0.003075483 0.999916434 0.012554310 -1.952754498 0.005324558 -0.012537816 0.999907196 68.306365967
0.999981761 0.003488689 -0.004947802 1.372139335 -0.003425724 0.999913692 0.012677639 -1.958685040 0.004991604 -0.012660456 0.999907374 68.856132507
0.999979377 0.003034844 -0.005650824 1.416098714 -0.002961584 0.999912143 0.012927899 -1.999151707 0.005689561 -0.012910899 0.999900401 69.329765320
0.999981761 0.003336152 -0.005036919 1.422142744 -0.003269459 0.999907613 0.013191563 -2.011344910 0.005080464 -0.013174854 0.999900222 69.835075378
0.999981284 0.003180487 -0.005228441 1.432240129 -0.003110576 0.999906361 0.013325465 -2.023237467 0.005270333 -0.013308952 0.999897540 70.364311218
0.999979138 0.003886515 -0.005149246 1.437586546 -0.003817160 0.999902785 0.013410894 -2.032191753 0.005200868 -0.013390960 0.999896824 70.932624817
0.999979675 0.003145187 -0.005550310 1.464249372 -0.003070412 0.999905050 0.013429716 -2.047282696 0.005592021 -0.013412401 0.999894381 71.416244507
0.999979198 0.002745120 -0.005835731 1.484118819 -0.002666579 0.999906301 0.013424276 -2.056920767 0.005872035 -0.013408436 0.999892890 71.941711426
0.999980628 0.002429140 -0.005726011 1.495497823 -0.002351258 0.999905169 0.013569146 -2.067877531 0.005758429 -0.013555421 0.999891520 72.497123718
0.999980688 0.002834507 -0.005515194 1.496329188 -0.002761025 0.999907911 0.013286039 -2.074196815 0.005552345 -0.013270556 0.999896526 73.059226990
0.999983191 0.002788934 -0.005080859 1.512801409 -0.002720174 0.999905288 0.013490080 -2.092415333 0.005118002 -0.013476032 0.999896109 73.576698303
0.999981880 0.002873327 -0.005297310 1.532185793 -0.002803912 0.999910712 0.013065210 -2.094000578 0.005334378 -0.013050118 0.999900699 74.109939575
0.999980986 0.002579182 -0.005601358 1.558701515 -0.002505103 0.999909818 0.013192416 -2.109307051 0.005634878 -0.013178133 0.999897301 74.620124817
0.999980211 0.002075295 -0.005937466 1.560744166 -0.001997351 0.999912083 0.013103422 -2.126105785 0.005964139 -0.013091302 0.999896526 75.152809143
0.999977529 0.002989326 -0.005994120 1.583624363 -0.002906564 0.999900997 0.013768558 -2.141248226 0.006034685 -0.013750828 0.999887228 75.708435059
0.999978364 0.003116733 -0.005794996 1.597351432 -0.003038880 0.999905646 0.013395014 -2.154964924 0.005836199 -0.013377112 0.999893427 76.265838623
0.999978364 0.002369332 -0.006140229 1.616013527 -0.002285638 0.999904871 0.013601939 -2.160921574 0.006171872 -0.013587611 0.999888599 76.814689636
0.999978244 0.003066471 -0.005830477 1.617799520 -0.002987289 0.999903858 0.013541424 -2.170106888 0.005871440 -0.013523714 0.999891281 77.368370056
0.999979436 0.002995847 -0.005674734 1.632392168 -0.002921178 0.999909639 0.013120966 -2.179920673 0.005713530 -0.013104120 0.999897838 77.928367615
0.999985039 0.003007189 -0.004562398 1.652749896 -0.002945782 0.999905765 0.013407068 -2.195198059 0.004602285 -0.013393428 0.999899685 78.480346680
0.999989867 0.003219702 -0.003141224 1.668300390 -0.003177215 0.999904633 0.013438147 -2.211196899 0.003184191 -0.013428031 0.999904692 79.033676147
0.999991894 0.003673732 -0.001613674 1.681799531 -0.003651668 0.999902606 0.013469341 -2.227641582 0.001663000 -0.013463341 0.999907911 79.588264465
0.999994814 0.003156362 -0.000619378 1.696445942 -0.003147706 0.999903738 0.013511005 -2.238544703 0.000661965 -0.013508985 0.999908507 80.130950928
0.999989510 0.003632621 0.002788795 1.719245791 -0.003670810 0.999897838 0.013812985 -2.261217594 -0.002738333 -0.013823078 0.999900699 80.683547974
0.999972761 0.003676372 0.006392791 1.742466211 -0.003763617 0.999899209 0.013689444 -2.261801243 -0.006341820 -0.013713134 0.999885857 81.215812683
0.999950409 0.003695241 0.009241602 1.767030716 -0.003823585 0.999895930 0.013908750 -2.285667896 -0.009189244 -0.013943400 0.999860525 81.752517700
0.999911308 0.003246238 0.012913110 1.800903201 -0.003420148 0.999903381 0.013468403 -2.295182228 -0.012868143 -0.013511373 0.999825895 82.313125610
0.999809682 0.004133455 0.019067826 1.827934861 -0.004391614 0.999898970 0.013517012 -2.296114683 -0.019010030 -0.013598177 0.999726832 82.852836609
0.999669850 0.004864953 0.025226526 1.837133765 -0.005215345 0.999890566 0.013842680 -2.308211327 -0.025156422 -0.013969675 0.999585927 83.362983704
0.999508798 0.003585361 0.031132160 1.880976558 -0.004025799 0.999892473 0.014096245 -2.349578619 -0.031078273 -0.014214653 0.999415874 84.061065674
0.999268949 0.003142705 0.038099151 1.987442017 -0.003684837 0.999892831 0.014167681 -2.368123531 -0.038050540 -0.014297714 0.999173522 84.457229614
0.998950422 0.002271210 0.045748737 2.082363129 -0.002888883 0.999905527 0.013439858 -2.377609253 -0.045713879 -0.013557915 0.998862565 85.004997253
0.998551667 0.003491454 0.053686619 2.132081747 -0.004252291 0.999891996 0.014064100 -2.407924175 -0.053631723 -0.014272021 0.998458803 85.501892090
0.998034954 0.003250424 0.062575601 2.194276810 -0.004114022 0.999898016 0.013676980 -2.421479225 -0.062524758 -0.013907542 0.997946501 86.021972656
0.997345984 0.003449315 0.072725154 2.262587547 -0.004463979 0.999894917 0.013794134 -2.439894676 -0.072669923 -0.014082167 0.997256637 86.548332214
0.996681809 0.003158694 0.081334837 2.319390774 -0.004280552 0.999898076 0.013622397 -2.448118210 -0.081283525 -0.013925354 0.996593654 87.091621399
0.996013939 0.002463306 0.089162759 2.389123440 -0.003670514 0.999903798 0.013377939 -2.453334808 -0.089121200 -0.013651886 0.995927215 87.637199402
0.995003939 0.002150782 0.099812411 2.464579582 -0.003500317 0.999904811 0.013347560 -2.462574959 -0.099774182 -0.013630252 0.994916737 88.184822083
0.993923783 0.001826292 0.110054545 2.552495003 -0.003296472 0.999907732 0.013178179 -2.469215393 -0.110020325 -0.013460898 0.993838131 88.730072021
0.992870450 0.001298694 0.119191192 2.637276173 -0.002825781 0.999916077 0.012643962 -2.476888418 -0.119164772 -0.012890625 0.992790818 89.266494751
0.991443753 0.001730149 0.130523205 2.725867271 -0.003418194 0.999913394 0.012709994 -2.483331203 -0.130489856 -0.013047395 0.991363883 89.815597534
0.989759803 0.001739381 0.142731532 2.824715614 -0.003557910 0.999915719 0.012486681 -2.492841959 -0.142697781 -0.012866642 0.989682794 90.353790283
0.988166809 0.000618738 0.153381750 2.935557365 -0.002506790 0.999923408 0.012116411 -2.501284599 -0.153362498 -0.012357532 0.988092661 90.898803711
0.986624002 0.000735733 0.163010657 3.042876244 -0.002776625 0.999920607 0.012292506 -2.507927895 -0.162988722 -0.012580701 0.986547649 91.446678162
0.984578252 0.000363143 0.174944401 3.165451050 -0.002518239 0.999923646 0.012096918 -2.518760681 -0.174926639 -0.012350914 0.984504104 91.989631653
0.982287228 0.000132300 0.187381431 3.294771194 -0.002404772 0.999926269 0.011900253 -2.527104378 -0.187366053 -0.012140076 0.982215166 92.526611328
0.980173647 -0.000368651 0.198140115 3.425600052 -0.002040792 0.999926388 0.011955953 -2.535120249 -0.198129922 -0.012123275 0.980100811 93.066635132
0.977400303 -0.000499181 0.211396322 3.565570831 -0.001975464 0.999931931 0.011494840 -2.544559956 -0.211387664 -0.011652666 0.977332771 93.602188110
0.974418879 -0.000565900 0.224738881 3.713260651 -0.002122900 0.999929011 0.011722294 -2.554986238 -0.224729508 -0.011899521 0.974348664 94.125762939
0.971700966 -0.000185516 0.236214384 3.865741730 -0.002622386 0.999929547 0.011572870 -2.571630955 -0.236199901 -0.011864814 0.971632123 94.660781860
0.968767881 -0.001586753 0.247964188 4.050848007 -0.001352558 0.999930859 0.011682976 -2.589823723 -0.247965544 -0.011653478 0.968698740 95.199142456
0.964967251 -0.001693270 0.262364864 4.218318939 -0.001406277 0.999931455 0.011625658 -2.602260113 -0.262366652 -0.011587338 0.964898646 95.717750549
0.961528540 -0.001828951 0.274698943 4.399629593 -0.001370723 0.999933422 0.011455519 -2.617766857 -0.274701595 -0.011391343 0.961462021 96.225296021
0.958197355 -0.002467177 0.286097378 4.586324692 -0.000883531 0.999932468 0.011582098 -2.634342194 -0.286106646 -0.011350711 0.958130538 96.742828369
0.953879416 -0.002111046 0.300182492 4.773126602 -0.001437724 0.999931693 0.011600667 -2.643312931 -0.300186425 -0.011497217 0.953811228 97.253974915
0.949497104 -0.002531480 0.313765407 4.979372025 -0.001310107 0.999926746 0.012032041 -2.662376165 -0.313772768 -0.011835454 0.949424326 97.756805420
0.945702136 -0.003483940 0.325015873 5.188695908 -0.000418826 0.999928653 0.011937193 -2.670880556 -0.325034231 -0.011425153 0.945633233 98.281723022
0.941359282 -0.003423092 0.337388217 5.407178879 -0.000712215 0.999926150 0.012132284 -2.691108942 -0.337404847 -0.011661132 0.941287398 98.770904541
0.936103702 -0.003789657 0.351703644 5.626003265 -0.000547634 0.999924958 0.012231932 -2.698294163 -0.351723641 -0.011642961 0.936031461 99.294326782
0.931529284 -0.004561506 0.363637775 5.856306076 0.000195523 0.999927461 0.012042314 -2.710068464 -0.363666326 -0.011146667 0.931462586 99.795219421
0.926819086 -0.004632684 0.375479311 6.081178665 0.000044382 0.999925256 0.012227581 -2.726109505 -0.375507832 -0.011316093 0.926750124 100.308380127
0.921016395 -0.004862903 0.389493436 6.326465607 0.000169930 0.999926984 0.012082459 -2.728585720 -0.389523774 -0.011061956 0.920949996 100.828437805
0.915716708 -0.006041090 0.401778936 6.579788208 0.001325110 0.999926925 0.012014627 -2.736684322 -0.401822150 -0.010469591 0.915657878 101.328514099
0.911159098 -0.007283047 0.411990643 6.829719543 0.002684521 0.999927461 0.011739329 -2.749911785 -0.412046313 -0.009590398 0.911112428 101.815261841
0.905739963 -0.007805818 0.423761994 7.093086243 0.003039034 0.999924302 0.011923327 -2.756402493 -0.423822999 -0.009511607 0.905695081 102.314117432
0.899322450 -0.008139130 0.437210292 7.354816437 0.003342322 0.999925494 0.011739655 -2.769796371 -0.437273234 -0.009096438 0.899282634 102.792350769
0.893429756 -0.008654074 0.449119598 7.627124786 0.003892688 0.999925971 0.011523859 -2.772242069 -0.449186087 -0.008547476 0.893397331 103.297058105
0.887675524 -0.009164245 0.460378230 7.897510529 0.004437257 0.999925673 0.011348757 -2.774384022 -0.460448086 -0.008031195 0.887650251 103.789581299
0.880490303 -0.009150838 0.473975837 8.187595367 0.004311472 0.999926925 0.011295852 -2.785012245 -0.474044502 -0.007902353 0.880465388 104.279502869
0.873344541 -0.009334773 0.487013280 8.479133606 0.004409174 0.999926805 0.011259163 -2.791919470 -0.487082779 -0.007685803 0.873321950 104.764968872
