1.000000000 0.000000000 0.000000000 0.000000000 0.000000000 1.000000000 0.000000000 0.000000000 0.000000000 0.000000000 1.000000000 0.000000000
1.000000000 0.000090677 0.000095849 -0.000857801 -0.000090688 1.000000000 0.000112136 -0.000114704 -0.000095839 -0.000112144 1.000000000 0.000353867
1.000000000 0.000050410 0.000134163 -0.001570951 -0.000050411 1.000000000 0.000005749 0.000290834 -0.000134163 -0.000005756 1.000000000 0.000246431
1.000000000 0.000018822 0.000041437 -0.000630565 -0.000018824 1.000000000 0.000064330 -0.000825003 -0.000041436 -0.000064331 1.000000000 -0.000723518
1.000000000 0.000087166 0.000169523 -0.001973296 -0.000087181 1.000000000 0.000086219 -0.000589120 -0.000169515 -0.000086234 1.000000000 -0.000700135
1.000000000 -0.000132308 -0.000013168 0.000140397 0.000132308 1.000000000 -0.000027024 0.000351118 0.000013172 0.000027022 1.000000000 -0.000274277
1.000000000 0.000063290 0.000125113 -0.001838608 -0.000063298 1.000000000 0.000064952 -0.000366468 -0.000125109 -0.000064959 1.000000000 -0.000356126
1.000000000 0.000056693 0.000087382 -0.001554693 -0.000056690 1.000000000 -0.000033195 -0.000081353 -0.000087384 0.000033190 1.000000000 -0.000638240
1.000000000 0.000081273 0.000153053 -0.001395467 -0.000081275 1.000000000 0.000013315 -0.000855361 -0.000153052 -0.000013328 1.000000000 -0.000711234
1.000000000 0.000128855 0.000145100 -0.001890224 -0.000128873 1.000000000 0.000121183 -0.000707192 -0.000145084 -0.000121202 1.000000000 0.000583713
1.000000000 0.000088648 0.000158080 -0.001656307 -0.000088659 1.000000000 0.000072832 -0.000589062 -0.000158074 -0.000072847 1.000000000 -0.000031852
1.000000000 0.000134294 0.000162142 -0.001690033 -0.000134299 1.000000000 0.000030473 -0.001070680 -0.000162138 -0.000030494 1.000000000 -0.001155673
1.000000000 0.000071493 0.000144963 -0.001091164 -0.000071499 1.000000000 0.000041488 0.000276263 -0.000144960 -0.000041498 1.000000000 0.000222882
1.000000000 0.000147394 0.000115401 -0.001592741 -0.000147383 1.000000000 -0.000097636 0.000870892 -0.000115415 0.000097619 1.000000000 0.000630546
1.000000000 0.000099264 0.000115743 -0.001558750 -0.000099269 1.000000000 0.000045692 -0.000187773 -0.000115739 -0.000045703 1.000000000 -0.000084880
0.999999940 0.000258501 0.000179653 -0.002129708 -0.000258490 0.999999940 -0.000061279 0.001481717 -0.000179669 0.000061232 1.000000000 0.001350931
0.999999940 0.000360899 0.000209575 -0.002752420 -0.000360890 0.999999940 -0.000043283 0.001050178 -0.000209591 0.000043208 1.000000000 0.001833983
0.999999940 0.000251472 0.000257823 -0.002371426 -0.000251471 0.999999940 -0.000003340 0.001436778 -0.000257824 0.000003275 0.999999940 0.002241096
0.999999940 0.000205481 0.000275345 -0.002529395 -0.000205463 1.000000000 -0.000066086 0.000447989 -0.000275359 0.000066029 0.999999940 0.000763245
0.999999940 0.000214487 0.000219771 -0.002554327 -0.000214503 1.000000000 0.000071158 -0.000118926 -0.000219756 -0.000071205 1.000000000 0.001672928
0.999999940 0.000302612 0.000170742 -0.001941113 -0.000302607 0.999999940 -0.000031905 0.001304307 -0.000170751 0.000031853 1.000000000 0.001595196
0.999999940 0.000248674 0.000182027 -0.002408573 -0.000248671 0.999999940 -0.000017833 0.000425346 -0.000182031 0.000017787 1.000000000 0.001748743
1.000000000 0.000149558 0.000163426 -0.002205163 -0.000149568 1.000000000 0.000062703 0.000096610 -0.000163417 -0.000062727 1.000000000 0.000891248
0.999999881 0.000394351 0.000196855 -0.002549846 -0.000394352 0.999999940 0.000004358 0.001395160 -0.000196853 -0.000004436 1.000000000 0.003047759
0.999999940 0.000296722 0.000243646 -0.002122988 -0.000296729 0.999999940 0.000027528 0.001326020 -0.000243638 -0.000027600 0.999999940 0.001974948
0.999999940 0.000217597 0.000209114 -0.001451507 -0.000217589 1.000000000 -0.000042051 0.002068121 -0.000209123 0.000042006 1.000000000 0.003092545
0.999999940 0.000340385 0.000238234 -0.002393513 -0.000340394 0.999999940 0.000039560 0.001222659 -0.000238221 -0.000039641 1.000000000 0.002277546
0.999999940 0.000341412 0.000123881 -0.002242028 -0.000341399 0.999999940 -0.000103612 0.001863227 -0.000123916 0.000103570 1.000000000 0.001008549
0.999999940 0.000300689 0.000126479 -0.001919605 -0.000300680 0.999999940 -0.000077344 0.001453582 -0.000126502 0.000077305 1.000000000 0.000859460
0.999999881 0.000345525 0.000263355 -0.002537397 -0.000345520 0.999999940 -0.000017030 0.000212461 -0.000263360 0.000016939 0.999999940 0.001009868
0.999999940 0.000195899 0.000286475 -0.002937753 -0.000195913 1.000000000 0.000047584 0.000048758 -0.000286465 -0.000047640 0.999999940 0.001794135
0.999999940 0.000314086 0.000186941 -0.001997210 -0.000314075 0.999999940 -0.000062176 0.001518744 -0.000186960 0.000062117 1.000000000 0.002426055
0.999999881 0.000387289 0.000241950 -0.002110462 -0.000387294 0.999999940 0.000022209 -0.000048667 -0.000241941 -0.000022302 1.000000000 -0.000054570
0.999999881 0.000443378 0.000308865 -0.003485449 -0.000443376 0.999999881 -0.000006639 0.000703981 -0.000308868 0.000006502 0.999999940 0.002710768
0.999999881 0.000394147 0.000246667 -0.002082300 -0.000394123 0.999999940 -0.000097047 0.000673134 -0.000246706 0.000096950 0.999999940 0.001357040
0.999999940 0.000344567 0.000223252 -0.003559536 -0.000344570 0.999999940 0.000017000 0.000627079 -0.000223246 -0.000017077 1.000000000 0.001240702
0.999999881 0.000410545 0.000208975 -0.002721112 -0.000410528 0.999999940 -0.000083259 0.002248704 -0.000209010 0.000083173 1.000000000 0.001361727
0.999999881 0.000431871 0.000309718 -0.003486002 -0.000431870 0.999999881 -0.000001756 0.000951868 -0.000309719 0.000001622 0.999999940 0.001921461
0.999999881 0.000386211 0.000184233 -0.001109074 -0.000386216 0.999999940 0.000024213 0.000700874 -0.000184224 -0.000024284 1.000000000 -0.000143698
0.999999940 0.000261210 0.000188650 -0.001666800 -0.000261197 0.999999940 -0.000066068 0.000547059 -0.000188667 0.000066019 1.000000000 0.000123583
0.999999583 0.000968130 0.000338627 -0.010796924 -0.000967975 0.999999404 -0.000457480 -0.001400431 -0.000339070 0.000457152 0.999999821 0.045109075
0.999999583 0.000826670 0.000342352 -0.009390008 -0.000826316 0.999999106 -0.001032855 -0.003134598 -0.000343205 0.001032571 0.999999404 0.135864615
0.999998033 0.001862876 0.000649768 -0.010360224 -0.001861937 0.999997139 -0.001443508 -0.009867768 -0.000652456 0.001442296 0.999998748 0.248664632
0.999997854 0.001919605 0.000701803 -0.007400796 -0.001918609 0.999997079 -0.001417825 -0.012847254 -0.000704523 0.001416475 0.999998748 0.380621046
0.999998033 0.001909903 0.000584142 -0.005253013 -0.001909212 0.999997437 -0.001181047 -0.016371842 -0.000586396 0.001179929 0.999999166 0.525065124
0.999998271 0.001697319 0.000720372 -0.008101036 -0.001696828 0.999998331 -0.000681258 -0.026423093 -0.000721527 0.000680034 0.999999523 0.669918954
0.999998689 0.001458674 0.000677024 -0.001922948 -0.001458380 0.999998868 -0.000433208 -0.030634271 -0.000677655 0.000432220 0.999999642 0.830888271
0.999998331 0.001744487 0.000691849 0.002758926 -0.001744184 0.999998391 -0.000438505 -0.040115602 -0.000692613 0.000437298 0.999999583 0.995385826
0.999997854 0.001939693 0.000675245 0.007305444 -0.001939532 0.999998093 -0.000238130 -0.045405217 -0.000675706 0.000236820 0.999999762 1.169358373
0.999998510 0.001494688 0.000828809 0.010874891 -0.001494833 0.999998868 0.000174986 -0.061383490 -0.000828546 -0.000176225 0.999999642 1.349655271
0.999998450 0.001625513 0.000654864 0.014977101 -0.001625580 0.999998629 0.000101430 -0.063854285 -0.000654699 -0.000102495 0.999999762 1.543195128
0.999998689 0.001228070 0.001010898 0.018957810 -0.001228576 0.999999046 0.000499947 -0.066016205 -0.001010283 -0.000501188 0.999999344 1.763688087
0.999998868 0.001367171 0.000625200 0.033941545 -0.001367479 0.999998927 0.000493152 -0.066588916 -0.000624525 -0.000494007 0.999999702 1.948377848
0.999998868 0.001223559 0.000891602 0.031484738 -0.001224327 0.999998808 0.000860690 -0.084282003 -0.000890548 -0.000861781 0.999999225 2.164716721
0.999998450 0.001395894 0.001028212 0.031946812 -0.001396634 0.999998748 0.000718584 -0.086648330 -0.001027208 -0.000720019 0.999999166 2.383835316
0.999997199 0.001940584 0.001296606 0.034153845 -0.001941470 0.999997795 0.000682053 -0.092270963 -0.001295280 -0.000684569 0.999998927 2.606961012
0.999998331 0.001332536 0.001222798 0.040075921 -0.001333529 0.999998808 0.000811334 -0.098793693 -0.001221716 -0.000812964 0.999998868 2.837090254
0.999998391 0.001298500 0.001268115 0.045668904 -0.001299514 0.999998868 0.000799432 -0.101853751 -0.001267075 -0.000801079 0.999998868 3.083802462
0.999996781 0.002014130 0.001552337 0.043964405 -0.002015892 0.999997318 0.001134542 -0.113709450 -0.001550047 -0.001137668 0.999998152 3.309705734
0.999998391 0.001259684 0.001243591 0.056359742 -0.001260832 0.999998808 0.000922790 -0.119698308 -0.001242427 -0.000924356 0.999998808 3.567630529
0.999998629 0.001322573 0.001049211 0.063598230 -0.001323387 0.999998868 0.000776075 -0.125104025 -0.001048183 -0.000777462 0.999999166 3.819187164
0.999997199 0.001482955 0.001842391 0.060119510 -0.001485293 0.999998093 0.001268394 -0.133400932 -0.001840507 -0.001271127 0.999997497 4.090988159
0.999997556 0.001536710 0.001603969 0.068568125 -0.001539005 0.999997854 0.001429962 -0.137655571 -0.001601768 -0.001432427 0.999997735 4.352164268
0.999997020 0.001502038 0.001924501 0.071469881 -0.001504540 0.999998033 0.001298883 -0.147618905 -0.001922546 -0.001301775 0.999997318 4.602265835
0.999996185 0.001801534 0.002091768 0.073464572 -0.001804456 0.999997377 0.001395749 -0.154456630 -0.002089249 -0.001399518 0.999996781 4.863961220
0.999996185 0.001920051 0.001982776 0.081243485 -0.001923119 0.999997020 0.001546332 -0.161067218 -0.001979800 -0.001550139 0.999996841 5.124147415
0.999996483 0.001691323 0.002030894 0.087482713 -0.001694278 0.999997437 0.001454031 -0.171104670 -0.002028430 -0.001457467 0.999996901 5.386377335
0.999995530 0.002052754 0.002144849 0.090753071 -0.002055719 0.999996960 0.001381338 -0.177715197 -0.002142007 -0.001385742 0.999996722 5.651582718
0.999995112 0.002136649 0.002276592 0.088379808 -0.002139861 0.999996662 0.001409460 -0.185388029 -0.002273574 -0.001414325 0.999996364 5.920225620
0.999993682 0.002466078 0.002544189 0.090669498 -0.002469752 0.999995828 0.001441883 -0.194999665 -0.002540623 -0.001448158 0.999995708 6.199844360
0.999996245 0.001595934 0.002197633 0.112052940 -0.001598850 0.999997854 0.001325783 -0.196299702 -0.002195513 -0.001329292 0.999996722 6.489700794
0.999995887 0.001913128 0.002150755 0.115440413 -0.001915837 0.999997377 0.001258015 -0.203234658 -0.002148343 -0.001262130 0.999996901 6.779560089
0.999994516 0.002248331 0.002424030 0.125166446 -0.002251325 0.999996662 0.001232883 -0.210584223 -0.002421250 -0.001238333 0.999996305 7.066881657
0.999994814 0.002078431 0.002462410 0.130390093 -0.002081837 0.999996901 0.001381410 -0.225467861 -0.002459531 -0.001386530 0.999996006 7.370319366
0.999994576 0.001997218 0.002625137 0.134233579 -0.002001016 0.999996960 0.001444947 -0.236275911 -0.002622243 -0.001450193 0.999995530 7.677274704
0.999995410 0.001958675 0.002317224 0.147896171 -0.001962555 0.999996662 0.001672995 -0.245256707 -0.002313939 -0.001677535 0.999995887 8.002511024
0.999994457 0.002158864 0.002528005 0.150824293 -0.002163052 0.999996305 0.001655036 -0.254750252 -0.002524423 -0.001660495 0.999995410 8.319543839
0.999994755 0.001994374 0.002531126 0.157153293 -0.001998546 0.999996662 0.001647144 -0.263988554 -0.002527832 -0.001652194 0.999995410 8.641806602
0.999992549 0.002393312 0.003029416 0.164355099 -0.002398666 0.999995589 0.001764923 -0.274646074 -0.003025179 -0.001772176 0.999993861 8.975408554
0.999993324 0.002179065 0.002924985 0.172214404 -0.002185090 0.999995470 0.002058390 -0.292206943 -0.002920487 -0.002064768 0.999993622 9.304361343
0.999991477 0.002601161 0.003204423 0.176849768 -0.002606602 0.999995172 0.001694954 -0.296946883 -0.003199998 -0.001703293 0.999993443 9.654983521
0.999991357 0.002433147 0.003352372 0.183504567 -0.002441273 0.999994099 0.002422060 -0.310129762 -0.003346459 -0.002430223 0.999991477 10.008414268
0.999993205 0.002493569 0.002715593 0.194871232 -0.002498467 0.999995232 0.001801746 -0.314304531 -0.002711087 -0.001808519 0.999994636 10.356765747
0.999993324 0.002294033 0.002840900 0.203366771 -0.002298920 0.999995887 0.001718269 -0.326299429 -0.002836947 -0.001724789 0.999994516 10.713567734
0.999993742 0.002301623 0.002659180 0.212000743 -0.002306664 0.999995530 0.001894421 -0.335559607 -0.002654807 -0.001900543 0.999994695 11.089455605
0.999994755 0.001942473 0.002636222 0.224090770 -0.001947200 0.999996483 0.001791853 -0.343455166 -0.002632732 -0.001796977 0.999994934 11.470791817
0.999994099 0.002217421 0.002605035 0.233009696 -0.002221405 0.999996364 0.001527398 -0.350347012 -0.002601638 -0.001533176 0.999995470 11.850442886
0.999991119 0.002548588 0.003343859 0.233629704 -0.002555392 0.999994695 0.002032034 -0.369890332 -0.003338662 -0.002040561 0.999992371 12.243185043
0.999991715 0.002285335 0.003365766 0.244227514 -0.002294630 0.999993622 0.002760167 -0.387294143 -0.003359436 -0.002767867 0.999990582 12.632236481
0.999990404 0.002402632 0.003655379 0.249260858 -0.002411393 0.999994218 0.002394604 -0.391839057 -0.003649605 -0.002403396 0.999990404 13.033440590
0.999989867 0.002275298 0.003876371 0.261059701 -0.002284599 0.999994457 0.002396511 -0.406853408 -0.003870897 -0.002405343 0.999989629 13.421807289
0.999990940 0.002271468 0.003605435 0.270363539 -0.002281035 0.999993861 0.002651776 -0.418586105 -0.003599390 -0.002659976 0.999989986 13.845444679
0.999987423 0.002887986 0.004106040 0.273894250 -0.002899106 0.999992132 0.002704937 -0.427111030 -0.004098197 -0.002716806 0.999987841 14.265986443
0.999984026 0.003117360 0.004734511 0.281191409 -0.003126762 0.999993145 0.001979714 -0.437056661 -0.004728306 -0.001994486 0.999986827 14.684401512
0.999984443 0.003052800 0.004664240 0.304171056 -0.003065444 0.999991655 0.002705842 -0.454644054 -0.004655941 -0.002720098 0.999985456 15.114296913
0.999984086 0.002687291 0.004959377 0.312489957 -0.002701729 0.999992073 0.002907070 -0.469514996 -0.004951525 -0.002920423 0.999983490 15.549838066
0.999984264 0.002580943 0.004969942 0.324798614 -0.002593244 0.999993563 0.002470282 -0.476785868 -0.004963535 -0.002483132 0.999984562 15.999690056
0.999977648 0.003147669 0.005901984 0.332127631 -0.003165550 0.999990404 0.003022821 -0.491479456 -0.005892412 -0.003041437 0.999978006 16.429603577
0.999976337 0.003428372 0.005962053 0.339537323 -0.003445239 0.999990046 0.002821039 -0.504901767 -0.005952322 -0.002841513 0.999978244 16.875331879
0.999971330 0.003509499 0.006710599 0.353123963 -0.003529738 0.999989390 0.003006640 -0.516163111 -0.006699974 -0.003030241 0.999972939 17.334127426
0.999968529 0.003579308 0.007099946 0.363475114 -0.003602458 0.999988258 0.003250472 -0.530435085 -0.007088228 -0.003275946 0.999969423 17.788972855
0.999968529 0.003216475 0.007267842 0.379537523 -0.003239266 0.999989927 0.003126339 -0.543117285 -0.007257713 -0.003149783 0.999968648 18.253282547
0.999966562 0.002986433 0.007622350 0.394286335 -0.003008151 0.999991417 0.002839489 -0.552131236 -0.007613805 -0.002862324 0.999966860 18.724170685
0.999967813 0.003317043 0.007309403 0.419143468 -0.003341930 0.999988675 0.003395386 -0.574562311 -0.007298057 -0.003419705 0.999967515 19.186653137
0.999972522 0.002878366 0.006830469 0.436560690 -0.002902803 0.999989450 0.003570661 -0.587350726 -0.006820118 -0.003590391 0.999970317 19.666858673
0.999967277 0.003190828 0.007430368 0.449216783 -0.003217298 0.999988496 0.003553101 -0.601388276 -0.007418946 -0.003576890 0.999966085 20.147134781
0.999968290 0.002942862 0.007405848 0.459555417 -0.002964973 0.999991179 0.002976417 -0.613006651 -0.007397025 -0.002998281 0.999968112 20.629394531
0.999974370 0.002579549 0.006682789 0.484391272 -0.002602212 0.999990880 0.003384768 -0.627390742 -0.006673998 -0.003402072 0.999971926 21.131187439
0.999975801 0.003109393 0.006211642 0.492619455 -0.003130702 0.999989212 0.003423751 -0.634560466 -0.006200930 -0.003443115 0.999974847 21.636085510
0.999979138 0.002892762 0.005792934 0.503058076 -0.002911144 0.999990761 0.003167484 -0.648574710 -0.005783719 -0.003184282 0.999978185 22.142976761
0.999981046 0.002709438 0.005526815 0.516012490 -0.002728502 0.999990344 0.003444872 -0.664441824 -0.005517427 -0.003459886 0.999978781 22.644060135
0.999980569 0.003249488 0.005323004 0.522200108 -0.003266192 0.999989748 0.003132372 -0.672907829 -0.005312771 -0.003149697 0.999980927 23.160310745
0.999986947 0.002325334 0.004533205 0.533651352 -0.002341877 0.999990582 0.003647457 -0.697579980 -0.004524681 -0.003658026 0.999983072 23.691112518
0.999992251 0.000688482 0.003880484 0.551660836 -0.000702219 0.999993503 0.003539731 -0.714092612 -0.003878023 -0.003542428 0.999986172 24.220855713
0.999993563 0.001533120 0.003219483 0.556970954 -0.001545359 0.999991596 0.003802898 -0.728327155 -0.003213625 -0.003807850 0.999987602 24.755229950
0.999994338 0.001949390 0.002740963 0.569048822 -0.001960388 0.999990046 0.004015509 -0.743049085 -0.002733108 -0.004020860 0.999988139 25.288608551
0.999996066 0.002039773 0.001917734 0.578529894 -0.002047313 0.999990165 0.003938140 -0.754725933 -0.001909683 -0.003942051 0.999990404 25.831834793
0.999996245 0.002131153 0.001733504 0.590828359 -0.002138222 0.999989390 0.004086262 -0.770804346 -0.001724777 -0.004089953 0.999990165 26.386299133
0.999997079 0.001887471 0.001490703 0.602181196 -0.001893648 0.999989569 0.004153184 -0.776637912 -0.001482848 -0.004155995 0.999990284 26.946937561
0.999997437 0.002086061 0.000871799 0.618294120 -0.002089924 0.999987900 0.004454490 -0.798081636 -0.000862496 -0.004456301 0.999989688 27.503149033
0.999996245 0.002589858 0.000798708 0.627592623 -0.002593253 0.999987483 0.004277826 -0.815008998 -0.000787619 -0.004279882 0.999990523 28.059700012
0.999994993 0.003052416 0.000867929 0.635148108 -0.003056232 0.999985516 0.004429140 -0.824467301 -0.000854396 -0.004431770 0.999989808 28.621496201
0.999995172 0.003030633 0.000722877 0.647196054 -0.003033957 0.999984562 0.004641262 -0.840307653 -0.000708799 -0.004643432 0.999988973 29.180047989
0.999996901 0.002480157 0.000135593 0.658307374 -0.002480713 0.999987721 0.004269660 -0.848050416 -0.000125002 -0.004269984 0.999990821 29.738285065
0.999995828 0.002878646 -0.000143739 0.663071930 -0.002877999 0.999986529 0.004310136 -0.861684561 0.000156144 -0.004309704 0.999990702 30.285543442
0.999994874 0.003140792 -0.000596639 0.679411054 -0.003138528 0.999988019 0.003758871 -0.863820374 0.000608437 -0.003756980 0.999992669 30.839775085
0.999995530 0.002905329 -0.000734216 0.689908206 -0.002902346 0.999987602 0.004032672 -0.885896742 0.000745923 -0.004030522 0.999991596 31.389959335
0.999989092 0.004565510 -0.000949331 0.694897711 -0.004562124 0.999983311 0.003539590 -0.891917288 0.000965475 -0.003535221 0.999993265 31.939262390
0.999993086 0.003363965 -0.001552770 0.717208207 -0.003358196 0.999987423 0.003703091 -0.908778608 0.001565207 -0.003697851 0.999991953 32.490886688
0.999992490 0.002410379 -0.003022092 0.736422658 -0.002397323 0.999987781 0.004316302 -0.915138662 0.003032460 -0.004309025 0.999986112 33.041854858
0.999994338 0.002198008 -0.002550637 0.751390755 -0.002187070 0.999988437 0.004283381 -0.944536805 0.002560023 -0.004277779 0.999987543 33.575180054
0.999993384 0.002938862 -0.002141082 0.753867447 -0.002930758 0.999988496 0.003778186 -0.951410055 0.002152160 -0.003771886 0.999990523 34.133323669
0.999991953 0.002808533 -0.002870991 0.768608570 -0.002797185 0.999988258 0.003948656 -0.961601555 0.002882048 -0.003940593 0.999988019 34.664028168
0.999991119 0.002811556 -0.003135948 0.781131983 -0.002799700 0.999988914 0.003778445 -0.982161820 0.003146536 -0.003769631 0.999987960 35.181285858
0.999992013 0.002153946 -0.003371051 0.791284323 -0.002141475 0.999990821 0.003698790 -0.992134571 0.003378986 -0.003691541 0.999987483 35.718971252
0.999990642 0.001892391 -0.003901571 0.804076076 -0.001876289 0.999989688 0.004126641 -1.004416108 0.003909341 -0.004119281 0.999983907 36.272396088
0.999992609 0.001841158 -0.003373429 0.810120821 -0.001829744 0.999992609 0.003383599 -1.016638994 0.003379635 -0.003377402 0.999988556 36.833908081
0.999991238 0.002559390 -0.003321195 0.816345334 -0.002547354 0.999990165 0.003623170 -1.030181170 0.003330436 -0.003614677 0.999987900 37.383823395
0.999992549 0.001961317 -0.003327184 0.828802347 -0.001950900 0.999993324 0.003130679 -1.041305184 0.003333302 -0.003124164 0.999989569 37.937850952
0.999991298 0.002035920 -0.003644084 0.836932302 -0.002023714 0.999992430 0.003350140 -1.055311799 0.003650877 -0.003342736 0.999987781 38.493122101
0.999990523 0.001880971 -0.003942744 0.846617579 -0.001869675 0.999994159 0.002866667 -1.064154267 0.003948113 -0.002859269 0.999988139 39.039054871
0.999990702 0.001907279 -0.003846226 0.858659744 -0.001894719 0.999992847 0.003266426 -1.083804131 0.003852427 -0.003259108 0.999987185 39.572059631
0.999992490 0.002326729 -0.003103266 0.864080906 -0.002318321 0.999993563 0.002710219 -1.094689608 0.003109553 -0.002703005 0.999991477 40.121162415
0.999992371 0.002121512 -0.003275676 0.876365304 -0.002111346 0.999993086 0.003103951 -1.112734795 0.003282238 -0.003097012 0.999989808 40.662372589
0.999992788 0.002545185 -0.002818142 0.882355809 -0.002538729 0.999994159 0.002291851 -1.117735386 0.002823958 -0.002284679 0.999993324 41.225708008
0.999992013 0.002576090 -0.003060180 0.891563892 -0.002566763 0.999992013 0.003047883 -1.137500882 0.003068008 -0.003040004 0.999990702 41.753559113
0.999990940 0.002219926 -0.003621418 0.910616934 -0.002206676 0.999990940 0.003658536 -1.148761630 0.003629507 -0.003650511 0.999986708 42.327163696
0.999991775 0.003167401 -0.002532347 0.906110883 -0.003161735 0.999992490 0.002238324 -1.162818193 0.002539418 -0.002230300 0.999994278 42.846210480
0.999991834 0.002126408 -0.003439867 0.926120520 -0.002118270 0.999994934 0.002367643 -1.172192693 0.003444885 -0.002360338 0.999991238 43.364982605
0.999992192 0.002545679 -0.003033139 0.933844864 -0.002539806 0.999994814 0.001938365 -1.184126377 0.003038058 -0.001930647 0.999993563 43.915233612
0.999993205 0.002671976 -0.002561444 0.943537712 -0.002667598 0.999994934 0.001710878 -1.195252776 0.002566003 -0.001704033 0.999995232 44.461463928
0.999993503 0.002680927 -0.002408719 0.956351519 -0.002677968 0.999995649 0.001230903 -1.204705119 0.002412009 -0.001224445 0.999996364 44.969451904
0.999993622 0.002611776 -0.002424500 0.967439651 -0.002610280 0.999996424 0.000619780 -1.214925170 0.002426111 -0.000613448 0.999996841 45.524562836
0.999993384 0.002727821 -0.002377264 0.978041291 -0.002725944 0.999996006 0.000792745 -1.229169846 0.002379418 -0.000786260 0.999996781 46.066123962
0.999994040 0.003016617 -0.001663502 0.986310065 -0.003016031 0.999995410 0.000353922 -1.242172122 0.001664562 -0.000348902 0.999998569 46.625465393
0.999991536 0.003748477 -0.001701470 0.999647617 -0.003747794 0.999993026 0.000404269 -1.254219890 0.001702973 -0.000397889 0.999998450 47.177543640
0.999991477 0.003807174 -0.001612849 1.009822607 -0.003806115 0.999992549 0.000659389 -1.268788457 0.001615346 -0.000653245 0.999998510 47.742755890
0.999992788 0.003584608 -0.001237717 1.019052386 -0.003583749 0.999993324 0.000696996 -1.285735488 0.001240207 -0.000692556 0.999998987 48.291362762
0.999992669 0.003685354 -0.001055315 1.029406309 -0.003684512 0.999992847 0.000799305 -1.299806356 0.001058252 -0.000795411 0.999999106 48.833389282
0.999992549 0.003645891 -0.001213314 1.036713600 -0.003645200 0.999993205 0.000571945 -1.314186692 0.001215390 -0.000567518 0.999999106 49.377716064
0.999990225 0.004327049 -0.000814958 1.051317930 -0.004326843 0.999990523 0.000254133 -1.327217221 0.000816050 -0.000250604 0.999999642 49.919368744
0.999989569 0.004357318 -0.001363749 1.060349226 -0.004356707 0.999990404 0.000450299 -1.342621565 0.001365699 -0.000444353 0.999998987 50.455631256
0.999989808 0.004470652 -0.000662942 1.061458826 -0.004470042 0.999989569 0.000919880 -1.364517689 0.000667048 -0.000916908 0.999999344 50.980667114
0.999991238 0.003947606 -0.001335517 1.089745641 -0.003946993 0.999992132 0.000461198 -1.370946646 0.001337328 -0.000455923 0.999998927 51.539554596
0.999989688 0.004274132 -0.001550130 1.101500273 -0.004273416 0.999990702 0.000464931 -1.386473894 0.001552103 -0.000458302 0.999998689 52.072723389
0.999987781 0.004825771 -0.001045513 1.106989861 -0.004825617 0.999988317 0.000150835 -1.404110789 0.001046228 -0.000145788 0.999999464 52.605720520
0.999988556 0.004722307 -0.000751367 1.115488410 -0.004721987 0.999988854 0.000426578 -1.418049335 0.000753372 -0.000423025 0.999999642 53.153560638
0.999984503 0.005562302 -0.000226872 1.123574376 -0.005562313 0.999984443 -0.000044566 -1.431406617 0.000226621 0.000045827 1.000000000 53.695075989
0.999985158 0.005439274 -0.000235386 1.135993004 -0.005439273 0.999985158 0.000000800 -1.449725389 0.000235386 0.000000480 1.000000000 54.235950470
0.999980330 0.006254051 -0.000370346 1.134229302 -0.006253935 0.999980390 0.000313939 -1.469075918 0.000372301 -0.000311616 0.999999821 54.750545502
0.999979615 0.006345191 -0.000582775 1.145701408 -0.006345074 0.999979854 0.000199590 -1.483992577 0.000584030 -0.000195889 0.999999762 55.299648285
0.999982357 0.005934444 -0.000304106 1.154815912 -0.005934362 0.999982357 0.000277667 -1.495616436 0.000305749 -0.000275857 0.999999940 55.839817047
0.999982238 0.005951034 -0.000348223 1.161101699 -0.005950995 0.999982297 0.000110660 -1.510522008 0.000348875 -0.000108585 0.999999940 56.374103546
0.999983072 0.005808883 -0.000216092 1.172521472 -0.005808893 0.999983132 -0.000045065 -1.526819825 0.000215827 0.000046319 1.000000000 56.912307739
0.999981284 0.006119833 -0.000151695 1.177436590 -0.006119831 0.999981284 0.000022943 -1.541778564 0.000151832 -0.000022014 0.999999940 57.440307617
0.999983311 0.005778823 0.000061922 1.187558413 -0.005778845 0.999983191 0.000379572 -1.560595751 -0.000059728 -0.000379923 0.999999881 57.966171265
0.999981344 0.006123679 0.000127528 1.196940303 -0.006123701 0.999981225 0.000169756 -1.574494362 -0.000126487 -0.000170534 1.000000000 58.495029449
0.999980688 0.006199758 -0.000154938 1.207717299 -0.006199698 0.999980688 0.000380962 -1.588175297 0.000157296 -0.000379994 0.999999881 59.025043488
0.999979317 0.006409109 0.000468921 1.214925289 -0.006409078 0.999979436 -0.000070150 -1.603723049 -0.000469361 0.000067143 0.999999881 59.561737061
0.999982655 0.005894202 0.000053422 1.229703069 -0.005894199 0.999982595 -0.000036249 -1.619422197 -0.000053635 0.000035933 1.000000000 60.091930389
0.999979377 0.006424396 0.000470615 1.232324839 -0.006424432 0.999979377 0.000073404 -1.629783869 -0.000470134 -0.000076426 0.999999881 60.629058838
0.999974370 0.007080980 0.001056390 1.239312530 -0.007081172 0.999974847 0.000176594 -1.650250673 -0.001055113 -0.000184070 0.999999404 61.161026001
0.999975860 0.006840662 0.001213827 1.251832724 -0.006840939 0.999976516 0.000224406 -1.662653804 -0.001212263 -0.000232704 0.999999225 61.689868927
0.999971628 0.007380904 0.001512231 1.256390929 -0.007381067 0.999972761 0.000102141 -1.680301428 -0.001511436 -0.000113300 0.999998868 62.214607239
0.999970913 0.007430784 0.001704935 1.266331434 -0.007430819 0.999972343 0.000013614 -1.696331024 -0.001704787 -0.000026283 0.999998569 62.736858368
0.999965668 0.008120584 0.001645670 1.278698921 -0.008120426 0.999967039 -0.000102558 -1.706369996 -0.001646448 0.000089191 0.999998629 63.262599945
0.999967992 0.007886071 0.001324400 1.290704250 -0.007885536 0.999968827 -0.000408726 -1.720624924 -0.001327582 0.000398269 0.999999046 63.804969788
0.999969482 0.007677453 0.001431041 1.302749991 -0.007677463 0.999970496 0.000001538 -1.739771843 -0.001430987 -0.000012525 0.999998987 64.309371948
0.999971509 0.007420457 0.001403873 1.310802221 -0.007420055 0.999972403 -0.000290520 -1.751106620 -0.001405990 0.000280095 0.999998987 64.850395203
0.999975443 0.006883288 0.001323826 1.327343941 -0.006882984 0.999976277 -0.000234844 -1.768454432 -0.001325411 0.000225726 0.999999106 65.373466492
0.999974549 0.006963392 0.001599153 1.336465478 -0.006962792 0.999975681 -0.000380321 -1.782892466 -0.001601763 0.000369176 0.999998629 65.910995483
0.999970317 0.007525791 0.001643135 1.344425797 -0.007524033 0.999971092 -0.001073506 -1.788149834 -0.001651166 0.001061111 0.999998093 66.441146851
0.999979973 0.006256335 0.000968437 1.365480661 -0.006255073 0.999979615 -0.001301809 -1.798827410 -0.000976562 0.001295725 0.999998689 67.059875488
0.999971688 0.007353174 0.001598799 1.369802833 -0.007351543 0.999972403 -0.001023422 -1.823775530 -0.001606280 0.001011639 0.999998212 67.497329712
0.999970913 0.007410253 0.001814856 1.379964113 -0.007407613 0.999971449 -0.001456947 -1.839472055 -0.001825601 0.001443461 0.999997318 68.036575317
0.999967754 0.007762918 0.002065045 1.383019686 -0.007759866 0.999968767 -0.001481738 -1.854539633 -0.002076483 0.001465665 0.999996781 68.558013916
0.999970675 0.007457871 0.001757326 1.396411061 -0.007454885 0.999970794 -0.001700862 -1.867844343 -0.001769960 0.001687711 0.999997020 69.075828552
0.999968350 0.007738890 0.001838597 1.408532023 -0.007735376 0.999968231 -0.001910581 -1.884684563 -0.001853324 0.001896299 0.999996483 69.599342346
0.999969065 0.007577029 0.002093791 1.417702913 -0.007573854 0.999970078 -0.001520035 -1.903267026 -0.002105246 0.001504130 0.999996722 70.152244568
0.999968529 0.007699585 0.001914345 1.429595590 -0.007695563 0.999968171 -0.002099647 -1.916231751 -0.001930450 0.002084849 0.999995947 70.676605225
0.999973118 0.007108840 0.001775294 1.443140745 -0.007105388 0.999972880 -0.001943242 -1.935638905 -0.001789060 0.001930575 0.999996543 71.208229065
0.999976635 0.006565791 0.001893694 1.453887463 -0.006561499 0.999975801 -0.002263858 -1.947831273 -0.001908513 0.002251381 0.999995589 71.735595703
0.999969542 0.007532846 0.002016377 1.459583163 -0.007527949 0.999968648 -0.002423921 -1.965388894 -0.002034573 0.002408668 0.999995053 72.261398315
0.999972045 0.007165180 0.002145809 1.474419713 -0.007160747 0.999972224 -0.002066149 -1.985072494 -0.002160554 0.002050726 0.999995589 72.790420532
0.999969602 0.007479874 0.002246310 1.481303334 -0.007475213 0.999969900 -0.002076581 -2.000196218 -0.002261776 0.002059725 0.999995232 73.323112488
0.999969244 0.007423713 0.002523486 1.493514538 -0.007418334 0.999970198 -0.002134957 -2.019916296 -0.002539260 0.002116172 0.999994516 73.845588684
0.999966741 0.007703084 0.002676311 1.503350973 -0.007697321 0.999968052 -0.002156612 -2.033847094 -0.002692838 0.002135940 0.999994099 74.379081726
0.999964952 0.007808537 0.003029015 1.511645198 -0.007802117 0.999967217 -0.002125499 -2.051405191 -0.003045514 0.002101792 0.999993145 74.912719727
0.999964058 0.007874005 0.003151277 1.521710634 -0.007866603 0.999966204 -0.002353793 -2.065694809 -0.003169704 0.002328918 0.999992251 75.438575745
0.999957263 0.008578407 0.003427459 1.527342916 -0.008570165 0.999960363 -0.002411879 -2.083744049 -0.003448013 0.002382402 0.999991238 75.967964172
0.999956131 0.008701406 0.003471280 1.538501024 -0.008693551 0.999959648 -0.002271679 -2.105332136 -0.003490908 0.002241401 0.999991357 76.510498047
0.999953628 0.008896021 0.003693355 1.549107075 -0.008885479 0.999956369 -0.002860851 -2.117336750 -0.003718644 0.002827901 0.999989033 77.050621033
0.999954045 0.008915870 0.003515995 1.558001280 -0.008905860 0.999956250 -0.002852670 -2.132338524 -0.003541275 0.002821226 0.999989688 77.589920044
0.999955952 0.008635042 0.003671597 1.571808338 -0.008624211 0.999958396 -0.002955509 -2.151937962 -0.003696965 0.002923715 0.999988914 78.114166260
0.999949396 0.009250243 0.003953062 1.584206343 -0.009237927 0.999952435 -0.003122510 -2.165752649 -0.003981758 0.003085834 0.999987304 78.665000916
0.999947727 0.009383586 0.004067063 1.596667647 -0.009371093 0.999951363 -0.003079838 -2.184130669 -0.004095765 0.003041564 0.999987006 79.207237244
0.999951482 0.009088286 0.003795647 1.615115404 -0.009076420 0.999953926 -0.003131815 -2.202970982 -0.003823935 0.003097212 0.999987900 79.755981445
0.999947250 0.009146137 0.004678632 1.624408603 -0.009131837 0.999953568 -0.003068850 -2.215509176 -0.004706482 0.003025963 0.999984324 80.315544128
0.999940872 0.009164009 0.005858841 1.645148396 -0.009145383 0.999953032 -0.003197966 -2.233488321 -0.005887873 0.003144196 0.999977708 80.866088867
0.999941468 0.008402049 0.006818385 1.662762403 -0.008379926 0.999959528 -0.003266379 -2.247181654 -0.006845553 0.003209050 0.999971449 81.415527344
0.999929428 0.008670734 0.008114115 1.671557426 -0.008644772 0.999957442 -0.003229044 -2.266745090 -0.008141767 0.003158671 0.999961853 81.959846497
0.999894261 0.008835613 0.011550090 1.695789576 -0.008798064 0.999955833 -0.003297605 -2.283936739 -0.011578717 0.003195638 0.999927878 82.512115479
0.999837220 0.009134780 0.015555245 1.713363767 -0.009077978 0.999952018 -0.003718199 -2.296628952 -0.015588461 0.003576385 0.999872029 83.072204590
0.999789059 0.008559640 0.018677698 1.735612631 -0.008482844 0.999955177 -0.004187083 -2.312882423 -0.018712705 0.004027759 0.999816775 83.629867554
0.999688268 0.009166172 0.023222681 1.750745296 -0.009073008 0.999950349 -0.004113923 -2.330025911 -0.023259239 0.003901941 0.999721766 84.194168091
0.999531627 0.009547805 0.029075820 1.782831430 -0.009437817 0.999947727 -0.003917726 -2.350884199 -0.029111704 0.003641479 0.999569535 84.760749817
0.999336243 0.009376458 0.035200827 1.820465803 -0.009241415 0.999949336 -0.003997148 -2.372563601 -0.035236526 0.003669190 0.999372184 85.310180664
0.999081254 0.009636621 0.041758746 1.854081988 -0.009467416 0.999946117 -0.004247855 -2.388450384 -0.041797437 0.003848606 0.999118805 85.874923706
0.998727024 0.009072931 0.049618501 1.899352074 -0.008881098 0.999952197 -0.004085291 -2.406686783 -0.049653195 0.003639424 0.998759866 86.447303772
0.998256385 0.009292163 0.058290426 1.947394848 -0.009004225 0.999945939 -0.005200405 -2.417524815 -0.058335599 0.004666478 0.998286068 87.006080627
0.997804165 0.009008508 0.065619536 1.997072697 -0.008704972 0.999950051 -0.004910167 -2.440738916 -0.065660499 0.004328169 0.997832656 87.569435120
0.997173071 0.008889578 0.074610360 2.055537224 -0.008553987 0.999951720 -0.004816240 -2.459698677 -0.074649557 0.004164408 0.997201145 88.118499756
0.996363103 0.009249278 0.084704876 2.130007267 -0.008883941 0.999949455 -0.004688985 -2.495704651 -0.084743977 0.003919418 0.996394992 88.680633545
0.995566368 0.008749700 0.093653634 2.201217651 -0.008290894 0.999951661 -0.005286946 -2.504106283 -0.093695365 0.004487032 0.995590806 89.235336304
0.994873166 0.008504774 0.100771800 2.272036552 -0.008001115 0.999953330 -0.005401139 -2.527103186 -0.100813016 0.004567162 0.994894922 89.797210693
0.993797004 0.008336001 0.110896423 2.360604286 -0.007751983 0.999953687 -0.005696478 -2.544577360 -0.110938780 0.004801475 0.993815601 90.355033875
0.992566407 0.009279755 0.121349312 2.457428932 -0.008687807 0.999947667 -0.005406210 -2.573237419 -0.121393107 0.004311764 0.992595136 90.907203674
0.991415620 0.007403273 0.130538553 2.560579300 -0.006711249 0.999961019 -0.005740438 -2.596011639 -0.130575970 0.004815083 0.991426528 91.464233398
0.989806652 0.007040366 0.142243430 2.661409378 -0.006341828 0.999965608 -0.005363608 -2.616606474 -0.142276287 0.004406852 0.989817202 92.015724182
0.987923205 0.007086516 0.154782251 2.773674011 -0.006316156 0.999965072 -0.005468288 -2.640900135 -0.154815629 0.004424619 0.987933457 92.573951721
0.986275554 0.006455945 0.164981574 2.887452126 -0.005562820 0.999967217 -0.005874968 -2.656499624 -0.165014088 0.004876574 0.986279130 93.116432190
0.984314740 0.006755985 0.176292017 3.025487900 -0.005823853 0.999966145 -0.005804307 -2.683997631 -0.176325306 0.004686565 0.984320819 93.733444214
0.982091188 0.005606176 0.188322261 3.111649513 -0.004635553 0.999973595 -0.005594091 -2.682530642 -0.188348651 0.004620929 0.982091367 94.218101501
0.979867876 0.004401362 0.199598223 3.369549751 -0.003358086 0.999978900 -0.005565113 -2.752729893 -0.199618489 0.004782808 0.979862034 94.910934448
0.977668047 0.001810657 0.210147038 3.514835358 -0.000315860 0.999974430 -0.007146448 -2.760322094 -0.210154623 0.006920477 0.977643669 95.525100708
0.974835813 0.001850107 0.222916290 3.663358688 -0.000291951 0.999975324 -0.007022623 -2.785400391 -0.222923771 0.006780825 0.974812329 96.045585632
0.971676469 0.000965976 0.236313060 3.810939789 0.000903630 0.999969184 -0.007803138 -2.793980360 -0.236313328 0.007795665 0.971645653 96.592277527
0.968625486 0.003239101 0.248503849 3.947690964 -0.001703174 0.999978125 -0.006395444 -2.827780008 -0.248519123 0.005771547 0.968609810 97.118148804
0.965859413 0.002253321 0.259056985 4.122470856 -0.000678547 0.999980748 -0.006168128 -2.849129200 -0.259065896 0.005781760 0.965842366 97.617385864
0.962149560 0.003464559 0.272500098 4.289632797 -0.002108730 0.999983907 -0.005268215 -2.877213478 -0.272514045 0.004494181 0.962141335 98.128417969
0.958703995 0.000655009 0.284405023 4.506513596 0.001122522 0.999980867 -0.006086963 -2.902860165 -0.284403563 0.006154847 0.958684921 98.724182129
0.955296636 0.000541838 0.295648605 4.687959671 0.001144335 0.999984026 -0.005530242 -2.928431034 -0.295646876 0.005621342 0.955280781 99.236221313
0.950768650 0.000654338 0.309901208 4.888860703 0.001068221 0.999984920 -0.005388679 -2.950056076 -0.309900105 0.005454428 0.950753450 99.744888306
0.946229041 0.000323872 0.323497266 5.090509415 0.001300372 0.999987543 -0.004804732 -2.971895695 -0.323494762 0.004967043 0.946216941 100.255897522
0.942370176 0.000262079 0.334571868 5.301324844 0.001524291 0.999985933 -0.005076704 -2.985946655 -0.334568501 0.005294120 0.942356586 100.773719788
0.937596023 -0.000115857 0.347726345 5.513072968 0.001827603 0.999987781 -0.004594699 -3.017738581 -0.347721577 0.004943478 0.937584758 101.238037109
0.932290494 0.000491399 0.361710042 5.727190018 0.001066559 0.999990940 -0.004107538 -3.037183046 -0.361708850 0.004215204 0.932281673 101.756973267
0.927688479 -0.001269129 0.373352885 5.961521149 0.003047796 0.999986708 -0.004173783 -3.071561098 -0.373342574 0.005009875 0.927679956 102.172645569
0.922569275 -0.001599685 0.385828167 6.195688248 0.003377796 0.999986589 -0.003930735 -3.094682217 -0.385816693 0.004929625 0.922562301 102.745048523
0.916670263 -0.001204935 0.399642408 6.413318634 0.002593259 0.999992311 -0.002933216 -3.125322819 -0.399635822 0.003725168 0.916666448 103.169311523
0.910714269 -0.002823649 0.413027287 6.683086395 0.004594773 0.999984026 -0.003294993 -3.131614685 -0.413011312 0.004898564 0.910712719 103.728065491
0.905720353 -0.003266358 0.423863173 6.935112000 0.005236444 0.999980211 -0.003483341 -3.150410652 -0.423843414 0.005374469 0.905719578 104.208633423
0.899870276 -0.003257386 0.436145425 7.191917419 0.005354576 0.999979258 -0.003579323 -3.168151379 -0.436124772 0.005556300 0.899869084 104.692070007
0.892971218 -0.002832094 0.450104892 7.463222504 0.004932871 0.999981761 -0.003494449 -3.186127424 -0.450086743 0.005340751 0.892968893 105.184982300
0.887210071 -0.003860353 0.461349517 7.727928162 0.005911973 0.999978006 -0.003001834 -3.213759184 -0.461327791 0.005390743 0.887213409 105.645118713
0.881476879 -0.004776057 0.472203106 8.009941101 0.006823604 0.999973297 -0.002623701 -3.231909752 -0.472177893 0.005534858 0.881485879 106.119964600
0.873811245 -0.005395567 0.486235231 8.307514191 0.007565005 0.999968290 -0.002498773 -3.250142813 -0.486206383 0.005861829 0.873824358 106.602188110
0.866650701 -0.005572203 0.498884320 8.598003387 0.007933255 0.999965072 -0.002612532 -3.267243385 -0.498852372 0.006221930 0.866664648 107.060211182
