1.000000000 0.000000000 0.000000000 0.000000000 0.000000000 1.000000000 0.000000000 0.000000000 0.000000000 0.000000000 1.000000000 0.000000000
1.000000000 -0.000023776 0.000094971 -0.000550581 0.000023771 1.000000000 0.000048742 0.000327541 -0.000094972 -0.000048740 1.000000000 0.001181466
1.000000000 0.000121190 0.000175929 -0.001030965 -0.000121225 1.000000000 0.000202136 -0.000593507 -0.000175905 -0.000202157 0.999999940 0.000075241
1.000000000 0.000120089 -0.000017695 0.000222228 -0.000120085 1.000000000 0.000206060 -0.001047377 0.000017720 -0.000206058 1.000000000 -0.000343299
0.999999940 0.000213465 0.000167504 -0.001249326 -0.000213491 0.999999940 0.000155512 -0.001711449 -0.000167471 -0.000155548 1.000000000 -0.001032577
1.000000000 0.000026078 0.000091044 -0.000998379 -0.000026092 1.000000000 0.000155026 -0.001467931 -0.000091040 -0.000155029 1.000000000 -0.001883023
1.000000000 -0.000034448 0.000182007 -0.001469392 0.000034459 1.000000000 -0.000058251 0.000343958 -0.000182005 0.000058257 1.000000000 0.001212238
1.000000000 -0.000103866 0.000177902 -0.001107548 0.000103845 1.000000000 0.000118243 -0.000415096 -0.000177914 -0.000118225 1.000000000 0.001157659
1.000000000 0.000057244 0.000180492 -0.001340755 -0.000057259 1.000000000 0.000084193 0.000451847 -0.000180487 -0.000084203 1.000000000 0.000992841
1.000000000 -0.000037469 0.000186577 -0.000756321 0.000037458 1.000000000 0.000063227 -0.000703320 -0.000186579 -0.000063220 1.000000000 -0.001187218
1.000000000 -0.000041150 0.000135140 -0.000195114 0.000041140 1.000000000 0.000071389 0.000357099 -0.000135143 -0.000071384 1.000000000 0.001403831
1.000000000 0.000085030 0.000125274 -0.000140822 -0.000085040 1.000000000 0.000076848 -0.000609245 -0.000125268 -0.000076859 1.000000000 0.000097627
1.000000000 0.000139175 0.000171861 -0.001237233 -0.000139193 1.000000000 0.000100575 0.000361825 -0.000171847 -0.000100599 1.000000000 0.001770396
1.000000000 0.000052673 0.000170091 -0.001235368 -0.000052697 1.000000000 0.000136766 -0.000123653 -0.000170084 -0.000136775 1.000000000 -0.000103591
0.999999940 0.000178570 0.000278741 -0.002409300 -0.000178591 1.000000000 0.000074442 -0.000043611 -0.000278728 -0.000074492 0.999999940 -0.000368468
1.000000000 0.000034789 0.000110420 -0.001351521 -0.000034800 1.000000000 0.000098892 0.000386943 -0.000110417 -0.000098896 1.000000000 0.002039038
1.000000000 -0.000066025 0.000144733 -0.001904533 0.000066014 1.000000000 0.000075580 0.000598732 -0.000144738 -0.000075570 1.000000000 0.001393266
0.999999940 -0.000032773 0.000269774 -0.002066776 0.000032721 1.000000000 0.000193778 -0.000752869 -0.000269780 -0.000193769 0.999999940 0.001597844
1.000000000 0.000001605 0.000222263 -0.001717766 -0.000001657 1.000000000 0.000235029 -0.001538464 -0.000222262 -0.000235029 0.999999940 0.000047677
0.999999940 0.000319797 0.000133542 -0.001597688 -0.000319820 0.999999940 0.000165079 0.000607074 -0.000133489 -0.000165122 1.000000000 0.000854756
1.000000000 -0.000035190 0.000135305 -0.000825139 0.000035159 1.000000000 0.000224765 -0.000428657 -0.000135313 -0.000224760 0.999999940 0.001305731
1.000000000 0.000161076 0.000180602 -0.001649304 -0.000161085 1.000000000 0.000048143 0.000373241 -0.000180595 -0.000048172 1.000000000 0.001675129
1.000000000 -0.000078744 0.000177471 -0.001058004 0.000078723 1.000000000 0.000116879 0.000135836 -0.000177480 -0.000116865 1.000000000 -0.000005859
1.000000000 -0.000072955 0.000207142 -0.000862912 0.000072956 1.000000000 -0.000007253 0.000873449 -0.000207141 0.000007268 1.000000000 0.002032880
0.999999940 0.000107437 0.000311132 -0.002513825 -0.000107388 1.000000000 -0.000156538 0.002016264 -0.000311148 0.000156505 0.999999940 0.001556529
1.000000000 0.000015969 0.000094300 -0.000267727 -0.000015978 1.000000000 0.000101053 0.000706630 -0.000094298 -0.000101055 1.000000000 0.002309867
1.000000000 0.000069608 0.000106372 -0.000811176 -0.000069616 1.000000000 0.000075410 -0.000896050 -0.000106367 -0.000075417 1.000000000 -0.001996595
1.000000000 0.000024936 0.000129059 -0.000815757 -0.000024951 1.000000000 0.000113944 -0.000570609 -0.000129056 -0.000113947 1.000000000 -0.000842342
0.999999881 0.000464783 0.000194971 -0.002296608 -0.000464821 0.999999881 0.000194949 -0.001192330 -0.000194880 -0.000195040 0.999999940 0.000458648
1.000000000 -0.000117781 0.000165502 -0.001051133 0.000117747 1.000000000 0.000203835 -0.000608114 -0.000165526 -0.000203816 0.999999940 0.000358426
0.999999940 0.000179076 0.000168174 -0.001455831 -0.000179111 0.999999940 0.000208241 -0.001255024 -0.000168137 -0.000208272 0.999999940 -0.001048886
1.000000000 0.000031295 0.000059305 -0.000311843 -0.000031307 1.000000000 0.000211722 -0.000779002 -0.000059298 -0.000211724 1.000000000 0.000428456
1.000000000 0.000209305 0.000085399 -0.001219418 -0.000209326 0.999999940 0.000247315 -0.000821677 -0.000085347 -0.000247333 0.999999940 -0.001521346
0.999999940 0.000114078 0.000229019 -0.002079661 -0.000114095 1.000000000 0.000074924 -0.000148503 -0.000229010 -0.000074950 1.000000000 0.000580888
1.000000000 -0.000029496 0.000144093 -0.001043617 0.000029488 1.000000000 0.000059089 -0.000407651 -0.000144095 -0.000059084 1.000000000 -0.001139461
0.999999940 0.000368294 0.000079619 -0.000939714 -0.000368304 0.999999940 0.000125724 0.000215633 -0.000079573 -0.000125754 1.000000000 -0.000716459
1.000000000 -0.000049186 0.000149757 -0.001636369 0.000049174 1.000000000 0.000079020 0.000356633 -0.000149761 -0.000079012 1.000000000 -0.000887429
1.000000000 0.000084668 0.000144143 -0.001645260 -0.000084686 1.000000000 0.000120905 -0.000458496 -0.000144133 -0.000120917 1.000000000 0.000254023
1.000000000 0.000009144 0.000171584 -0.001416480 -0.000009177 1.000000000 0.000194756 -0.000225813 -0.000171582 -0.000194758 0.999999940 0.001327498
1.000000000 -0.000053519 0.000151894 -0.000995758 0.000053510 1.000000000 0.000061606 -0.000014035 -0.000151897 -0.000061598 1.000000000 0.000499788
0.999999940 -0.000011768 0.000285469 -0.002061113 0.000011775 1.000000000 -0.000024026 0.000607452 -0.000285469 0.000024029 0.999999940 0.002187249
0.999999940 -0.000237760 0.000243175 0.000948898 0.000237903 0.999999821 -0.000587265 -0.001289510 -0.000243035 0.000587322 0.999999821 0.050912369
0.999999344 0.001135551 -0.000005786 -0.002404922 -0.001135557 0.999998868 -0.001016699 -0.007275157 0.000004631 0.001016705 0.999999464 0.135149911
0.999998868 0.001507411 -0.000125175 -0.001304508 -0.001507563 0.999998212 -0.001220007 -0.009805589 0.000123336 0.001220194 0.999999285 0.249997750
0.999999642 0.000808390 -0.000348461 0.004419914 -0.000808732 0.999999285 -0.000983988 -0.016122524 0.000347665 0.000984270 0.999999464 0.377740622
0.999999464 0.001021353 0.000019230 0.005879495 -0.001021328 0.999998868 -0.001224760 -0.018314118 -0.000020481 0.001224740 0.999999225 0.522376359
0.999999225 0.001272339 -0.000085078 0.008791957 -0.001272432 0.999998629 -0.001104384 -0.022952324 0.000083673 0.001104492 0.999999404 0.672523081
0.999998987 0.001429776 0.000195002 0.011388813 -0.001429584 0.999998569 -0.000980826 -0.027075788 -0.000196404 0.000980546 0.999999464 0.838069856
0.999999404 0.001084735 -0.000056523 0.014622499 -0.001084771 0.999999225 -0.000656777 -0.036037482 0.000055811 0.000656838 0.999999762 0.992919862
0.999999106 0.001329294 0.000067592 0.018391525 -0.001329248 0.999998987 -0.000671156 -0.039688800 -0.000068484 0.000671066 0.999999762 1.171255469
0.999999642 0.000787298 0.000057908 0.024157416 -0.000787283 0.999999642 -0.000250752 -0.046126880 -0.000058106 0.000250706 1.000000000 1.353849053
0.999999285 0.001178064 -0.000190006 0.028761795 -0.001178136 0.999999285 -0.000377114 -0.052488919 0.000189561 0.000377338 0.999999881 1.537311077
0.999999404 0.001051462 -0.000029923 0.031823449 -0.001051465 0.999999464 -0.000113490 -0.058383122 0.000029804 0.000113522 1.000000000 1.736943603
0.999999642 0.000838507 -0.000154969 0.039106984 -0.000838532 0.999999702 -0.000161191 -0.063556537 0.000154834 0.000161321 1.000000000 1.933695316
0.999999881 0.000464281 0.000000506 0.044552855 -0.000464281 0.999999940 0.000203164 -0.073858432 -0.000000412 -0.000203164 1.000000000 2.139500380
0.999999464 0.000972990 0.000362133 0.042495407 -0.000972873 0.999999523 -0.000323797 -0.072128028 -0.000362448 0.000323445 0.999999881 2.368558168
0.999999344 0.001104178 0.000016685 0.046414830 -0.001104181 0.999999404 0.000155132 -0.085747316 -0.000016514 -0.000155150 1.000000000 2.582029581
0.999998987 0.001441704 0.000356860 0.050234258 -0.001441797 0.999999046 0.000262222 -0.094219178 -0.000356481 -0.000262736 0.999999940 2.813529491
0.999998808 0.001519024 0.000331309 0.051195532 -0.001519078 0.999998868 0.000162413 -0.100102939 -0.000331062 -0.000162916 0.999999940 3.045844555
0.999999523 0.000927444 0.000175673 0.063053600 -0.000927505 0.999999583 0.000346696 -0.107908815 -0.000175351 -0.000346859 0.999999881 3.284109831
0.999999225 0.001106375 0.000423310 0.063532956 -0.001106585 0.999999225 0.000497316 -0.119964294 -0.000422760 -0.000497784 0.999999762 3.522464514
0.999999166 0.001158889 0.000543051 0.069024727 -0.001158925 0.999999404 0.000066618 -0.121319599 -0.000542973 -0.000067248 0.999999821 3.783049822
0.999999523 0.000933470 0.000231876 0.074053183 -0.000933550 0.999999523 0.000345358 -0.129245847 -0.000231553 -0.000345574 0.999999940 4.039951324
0.999999464 0.000966567 0.000356417 0.079956330 -0.000967031 0.999998689 0.001303777 -0.144693255 -0.000355156 -0.001304121 0.999999046 4.282813549
0.999999523 0.000894677 0.000386234 0.084650911 -0.000895065 0.999999106 0.001003361 -0.146058857 -0.000385336 -0.001003706 0.999999404 4.533672810
0.999999702 0.000589305 0.000471103 0.092277139 -0.000589737 0.999999344 0.000917352 -0.152767658 -0.000470562 -0.000917629 0.999999464 4.789409637
0.999999821 0.000484229 0.000384162 0.099792749 -0.000484604 0.999999344 0.000976271 -0.161112234 -0.000383689 -0.000976457 0.999999404 5.053793430
1.000000000 0.000251713 -0.000066965 0.110473275 -0.000251641 0.999999464 0.001080300 -0.166579500 0.000067236 -0.001080283 0.999999404 5.305861473
0.999999464 0.000864946 0.000561874 0.103956088 -0.000865588 0.999998987 0.001143126 -0.181807294 -0.000560885 -0.001143611 0.999999166 5.563219070
0.999999166 0.001094705 0.000664606 0.110315129 -0.001095615 0.999998510 0.001370344 -0.190201625 -0.000663105 -0.001371071 0.999998808 5.833868980
0.999999702 0.000494165 0.000541650 0.119765811 -0.000494874 0.999999046 0.001309775 -0.195495784 -0.000541002 -0.001310043 0.999998987 6.115507603
0.999998868 0.001182936 0.000888080 0.124622539 -0.001184088 0.999998450 0.001298075 -0.204641506 -0.000886543 -0.001299125 0.999998748 6.392868042
0.999999464 0.000769927 0.000683393 0.124860771 -0.000770900 0.999998689 0.001424593 -0.218488246 -0.000682295 -0.001425119 0.999998748 6.679177761
0.999999642 0.000373152 0.000758672 0.130758077 -0.000374296 0.999998748 0.001508328 -0.229511037 -0.000758108 -0.001508611 0.999998569 6.972922802
0.999999642 0.000553483 0.000710035 0.134227708 -0.000554430 0.999998868 0.001333348 -0.230837107 -0.000709296 -0.001333741 0.999998868 7.287496567
0.999998987 0.000783665 0.001199856 0.133799136 -0.000785069 0.999998987 0.001170139 -0.236236095 -0.001198938 -0.001171080 0.999998569 7.580532074
0.999998927 0.000960606 0.001155062 0.149017036 -0.000962348 0.999998391 0.001508905 -0.247007951 -0.001153610 -0.001510015 0.999998212 7.876887321
0.999997556 0.001401888 0.001741217 0.148736894 -0.001403984 0.999998212 0.001202691 -0.253560632 -0.001739528 -0.001205133 0.999997735 8.208143234
0.999999404 0.000783718 0.000641249 0.160658255 -0.000784854 0.999998033 0.001773079 -0.278027624 -0.000639858 -0.001773581 0.999998212 8.549804688
0.999998748 0.001085491 0.001082825 0.162176713 -0.001087190 0.999998152 0.001569472 -0.282322317 -0.001081119 -0.001570647 0.999998152 8.891580582
0.999999166 0.000764748 0.001035040 0.179631859 -0.000766727 0.999997795 0.001913343 -0.301299095 -0.001033575 -0.001914135 0.999997675 9.211472511
0.999998331 0.001184856 0.001338746 0.176507488 -0.001186551 0.999998450 0.001265844 -0.303138733 -0.001337244 -0.001267430 0.999998331 9.583765984
0.999998152 0.001242755 0.001457979 0.176210567 -0.001245401 0.999997556 0.001815005 -0.316480964 -0.001455720 -0.001816817 0.999997258 9.919032097
0.999999046 0.000860759 0.001066584 0.191884935 -0.000862713 0.999997973 0.001833152 -0.327543527 -0.001065004 -0.001834070 0.999997735 10.259345055
0.999999344 0.000652335 0.000922732 0.198464617 -0.000654630 0.999996722 0.002488460 -0.342285872 -0.000921105 -0.002489063 0.999996424 10.615891457
0.999998808 0.000957262 0.001234180 0.205810606 -0.000959863 0.999997377 0.002108910 -0.349899173 -0.001232158 -0.002110092 0.999997079 10.971978188
0.999997497 0.001009704 0.002016728 0.202906370 -0.001014043 0.999997199 0.002151520 -0.358032107 -0.002014549 -0.002153559 0.999995649 11.362485886
0.999999106 0.000228251 0.001323243 0.217009723 -0.000230992 0.999997795 0.002071611 -0.367331207 -0.001322768 -0.002071914 0.999996960 11.746414185
0.999998510 -0.000222611 0.001726150 0.224504694 0.000219082 0.999997914 0.002044541 -0.377343476 -0.001726602 -0.002044160 0.999996364 12.131041527
0.999998331 0.000313646 0.001822640 0.234971344 -0.000316946 0.999998331 0.001810802 -0.387536347 -0.001822069 -0.001811377 0.999996662 12.536683083
0.999999464 0.000044909 0.001098997 0.250713289 -0.000047405 0.999997437 0.002271226 -0.402073801 -0.001098892 -0.002271277 0.999996781 12.902200699
0.999996841 0.001697554 0.001925715 0.243571758 -0.001701197 0.999996781 0.001891409 -0.412521333 -0.001922499 -0.001894679 0.999996305 13.275501251
0.999997318 0.001012501 0.002092625 0.254146755 -0.001016892 0.999997318 0.002098161 -0.422748595 -0.002090496 -0.002100283 0.999995589 13.692062378
0.999996722 0.001283914 0.002218252 0.261892021 -0.001288946 0.999996543 0.002268391 -0.433550596 -0.002215332 -0.002271243 0.999994993 14.110015869
0.999995708 0.001663968 0.002408239 0.271924257 -0.001668005 0.999997199 0.001675233 -0.443542093 -0.002405444 -0.001679243 0.999995768 14.536477089
0.999996245 0.000940041 0.002581215 0.283774704 -0.000945759 0.999997079 0.002214685 -0.456568778 -0.002579126 -0.002217118 0.999994218 14.954249382
0.999996066 0.001136924 0.002553918 0.299438506 -0.001142049 0.999997318 0.002006160 -0.464261174 -0.002551631 -0.002009069 0.999994755 15.385615349
0.999993920 0.001374730 0.003184886 0.307379305 -0.001380911 0.999997079 0.001939320 -0.476137668 -0.003182211 -0.001943706 0.999993086 15.825800896
0.999995828 0.000335620 0.002877977 0.324632585 -0.000342478 0.999997199 0.002382462 -0.490552396 -0.002877169 -0.002383438 0.999992967 16.255989075
0.999992788 0.001598425 0.003458553 0.328269273 -0.001605124 0.999996901 0.001935175 -0.500150681 -0.003455448 -0.001940712 0.999992132 16.699867249
0.999991179 0.000764192 0.004136492 0.336903930 -0.000773643 0.999997079 0.002283644 -0.515251458 -0.004134735 -0.002286824 0.999988794 17.148012161
0.999989569 0.000873770 0.004495909 0.346433103 -0.000883645 0.999997199 0.002195029 -0.526248872 -0.004493977 -0.002198979 0.999987423 17.618942261
0.999986172 0.001218264 0.005130621 0.351239681 -0.001229362 0.999996901 0.002160490 -0.537139535 -0.005127972 -0.002166767 0.999984562 18.091743469
0.999987364 0.000986635 0.004923877 0.366316527 -0.000998997 0.999996305 0.002508812 -0.551768720 -0.004921384 -0.002513699 0.999984682 18.541322708
0.999987245 0.001291847 0.004879778 0.378778875 -0.001305901 0.999994993 0.002878054 -0.566114664 -0.004876036 -0.002884389 0.999983907 19.013349533
0.999986351 0.000913168 0.005138069 0.397440910 -0.000925312 0.999996781 0.002361783 -0.573262274 -0.005135896 -0.002366505 0.999983966 19.496854782
0.999988139 0.000901667 0.004786174 0.408820570 -0.000914371 0.999996006 0.002652734 -0.589861751 -0.004783763 -0.002657079 0.999984980 19.967081070
0.999987066 0.000916788 0.005010802 0.419512004 -0.000927710 0.999997139 0.002177731 -0.597363532 -0.005008792 -0.002182351 0.999985039 20.461059570
0.999986649 0.001894781 0.004805352 0.431747109 -0.001907413 0.999994695 0.002625572 -0.611068547 -0.004800352 -0.002634703 0.999985039 20.972677231
0.999989808 0.001850538 0.004116948 0.443937331 -0.001863044 0.999993682 0.003035777 -0.635632336 -0.004111305 -0.003043417 0.999986947 21.463277817
0.999993145 0.001226383 0.003476109 0.459462345 -0.001237497 0.999994159 0.003197114 -0.648332000 -0.003472168 -0.003201394 0.999988854 21.975908279
0.999993622 0.001562465 0.003219820 0.466042608 -0.001571534 0.999994755 0.002815915 -0.655986547 -0.003215403 -0.002820957 0.999990880 22.488006592
0.999995649 0.001564978 0.002518893 0.480448157 -0.001572645 0.999994099 0.003044375 -0.675182104 -0.002514114 -0.003048323 0.999992192 23.002147675
0.999995112 0.002441656 0.001954399 0.487059772 -0.002446531 0.999993980 0.002496113 -0.686419368 -0.001948292 -0.002500883 0.999994934 23.542987823
0.999998689 0.000362710 0.001588231 0.495829463 -0.000366218 0.999997497 0.002208759 -0.699675202 -0.001587425 -0.002209338 0.999996305 24.052125931
0.999999285 0.001098558 0.000484224 0.510920823 -0.001099915 0.999995470 0.002810419 -0.710824370 -0.000481135 -0.002810949 0.999995947 24.594099045
0.999999166 0.001324737 0.000116040 0.521535397 -0.001325091 0.999994338 0.003109904 -0.727706730 -0.000111920 -0.003110056 0.999995172 25.123058319
0.999998927 0.001437668 -0.000184643 0.516120255 -0.001437092 0.999994218 0.003083152 -0.740085781 0.000189074 -0.003082884 0.999995232 25.658071518
0.999997616 0.002186340 0.000201910 0.516997755 -0.002186902 0.999993622 0.002825115 -0.752542019 -0.000195732 -0.002825550 0.999996066 26.225166321
0.999997675 0.002075667 -0.000617231 0.532520890 -0.002073507 0.999991834 0.003479799 -0.766316235 0.000624449 -0.003478511 0.999993742 26.767906189
0.999999225 0.000558735 -0.001035458 0.541938424 -0.000554969 0.999993205 0.003634623 -0.784003139 0.001037481 -0.003634046 0.999992847 27.308053970
0.999998450 0.001418760 -0.000915818 0.546255827 -0.001415491 0.999992669 0.003560706 -0.797222555 0.000920863 -0.003559403 0.999993265 27.865343094
0.999998033 0.000987266 -0.001742844 0.564251423 -0.000980884 0.999992907 0.003659284 -0.818464518 0.001746444 -0.003657567 0.999991775 28.407192230
0.999997675 0.000950498 -0.001921380 0.568343997 -0.000942782 0.999991417 0.004012499 -0.830694854 0.001925178 -0.004010678 0.999990106 28.942222595
0.999996901 0.000756169 -0.002363375 0.580797076 -0.000746077 0.999990582 0.004268158 -0.844242811 0.002366580 -0.004266382 0.999988139 29.497117996
0.999994695 0.001489087 -0.002887347 0.584303498 -0.001477635 0.999991000 0.003964344 -0.853349268 0.002893225 -0.003960056 0.999988019 30.056653976
0.999995649 0.001391337 -0.002595410 0.592562079 -0.001381821 0.999992311 0.003664496 -0.866130650 0.002600489 -0.003660894 0.999989927 30.578321457
0.999993563 0.002081050 -0.002912107 0.602015972 -0.002070634 0.999991477 0.003575284 -0.879616201 0.002919523 -0.003569231 0.999989390 31.113662720
0.999993980 0.002419344 -0.002505050 0.599527359 -0.002410319 0.999990642 0.003599365 -0.893381596 0.002513735 -0.003593306 0.999990404 31.656990051
0.999994338 0.001671028 -0.002930870 0.618526578 -0.001660620 0.999992251 0.003550028 -0.907334745 0.002936779 -0.003545140 0.999989390 32.233921051
0.999993026 0.002127169 -0.003088973 0.625868082 -0.002114776 0.999989688 0.004009639 -0.921357036 0.003097471 -0.004003079 0.999987185 32.786945343
0.999992311 0.002312980 -0.003178545 0.630674779 -0.002300286 0.999989390 0.003991832 -0.935341477 0.003187744 -0.003984489 0.999987006 33.333969116
0.999992192 0.001698585 -0.003558958 0.640614271 -0.001685695 0.999992013 0.003621899 -0.947686076 0.003565081 -0.003615872 0.999987125 33.861137390
0.999992073 0.001416254 -0.003719342 0.643413603 -0.001399190 0.999988496 0.004586592 -0.972683012 0.003725795 -0.004581352 0.999982595 34.385574341
0.999991894 0.001473591 -0.003747461 0.657613635 -0.001460412 0.999992728 0.003517173 -0.973431468 0.003752616 -0.003511672 0.999986827 34.954921722
0.999991775 0.001541734 -0.003744440 0.665203691 -0.001527867 0.999991953 0.003703336 -0.989395261 0.003750119 -0.003697585 0.999986112 35.483455658
0.999991000 0.001631683 -0.003925901 0.670707107 -0.001619837 0.999994159 0.003018473 -0.998157501 0.003930803 -0.003012086 0.999987662 36.036369324
0.999993026 0.001698863 -0.003326997 0.676202357 -0.001689218 0.999994338 0.002899756 -1.007434964 0.003331905 -0.002894116 0.999990225 36.590923309
0.999991179 0.001969572 -0.003705442 0.683113396 -0.001953579 0.999988794 0.004314868 -1.037498355 0.003713900 -0.004307592 0.999983788 37.103607178
0.999990463 0.002442259 -0.003614584 0.685530543 -0.002427855 0.999989152 0.003983812 -1.049685717 0.003624275 -0.003974999 0.999985576 37.660243988
0.999989867 0.002220914 -0.003913542 0.696560383 -0.002206158 0.999990463 0.003770945 -1.059835792 0.003921879 -0.003762273 0.999985218 38.208179474
0.999989390 0.001804866 -0.004241807 0.706171870 -0.001787204 0.999989748 0.004163883 -1.075820923 0.004249279 -0.004156258 0.999982357 38.755714417
0.999989450 0.002330764 -0.003964533 0.706790149 -0.002315401 0.999989808 0.003875191 -1.083977938 0.003973525 -0.003865971 0.999984622 39.289646149
0.999990344 0.001942740 -0.003946893 0.724480152 -0.001926579 0.999989808 0.004094420 -1.102605462 0.003954807 -0.004086777 0.999983847 39.824237823
0.999988616 0.002630183 -0.004000168 0.736427724 -0.002613095 0.999987423 0.004270985 -1.117076635 0.004011351 -0.004260484 0.999982893 40.362133026
0.999988019 0.002154352 -0.004381500 0.739627004 -0.002137722 0.999990523 0.003796306 -1.126988173 0.004389638 -0.003786895 0.999983191 40.940128326
0.999987721 0.002797737 -0.004083908 0.745795012 -0.002783980 0.999990463 0.003370241 -1.134281516 0.004093299 -0.003358831 0.999985933 41.488655090
0.999988854 0.002631462 -0.003918990 0.749361038 -0.002617153 0.999989927 0.003651737 -1.154436231 0.003928561 -0.003641441 0.999985635 42.029254913
0.999984086 0.002665895 -0.004971402 0.760876417 -0.002646470 0.999988854 0.003909762 -1.163690448 0.004981770 -0.003896543 0.999979973 42.571308136
0.999986649 0.002444170 -0.004556529 0.767015636 -0.002428307 0.999991000 0.003483807 -1.172248006 0.004565003 -0.003472696 0.999983549 43.126995087
0.999986589 0.002322487 -0.004618441 0.777465165 -0.002304326 0.999989569 0.003933905 -1.191297889 0.004627530 -0.003923209 0.999981582 43.662307739
0.999985874 0.002085937 -0.004888013 0.783500075 -0.002066142 0.999989808 0.004051324 -1.209183455 0.004896414 -0.004041167 0.999979854 44.222732544
0.999984026 0.002444242 -0.005079631 0.797039330 -0.002424687 0.999989748 0.003852297 -1.218935490 0.005088994 -0.003839919 0.999979734 44.781311035
0.999989271 0.002288311 -0.004022423 0.797671318 -0.002273277 0.999990463 0.003738210 -1.231217980 0.004030938 -0.003729026 0.999984980 45.329906464
0.999987125 0.001852643 -0.004725329 0.808786154 -0.001835351 0.999991596 0.003661247 -1.244682312 0.004732073 -0.003652527 0.999982119 45.858543396
0.999985158 0.001533572 -0.005221916 0.823110521 -0.001514929 0.999992490 0.003572144 -1.252969027 0.005227356 -0.003564181 0.999979973 46.404670715
0.999987125 0.002028959 -0.004666488 0.823824108 -0.002010288 0.999989927 0.004002182 -1.273203015 0.004674562 -0.003992749 0.999981105 46.933200836
0.999987543 0.000772641 -0.004932269 0.823484182 -0.000753349 0.999992013 0.003912063 -1.283656597 0.004935252 -0.003908298 0.999980211 47.477127075
0.999988377 0.001207590 -0.004659456 0.834088802 -0.001188221 0.999990702 0.004157489 -1.298051119 0.004664434 -0.004151904 0.999980509 48.019744873
0.999989510 0.001681772 -0.004265451 0.833881438 -0.001662637 0.999988556 0.004485728 -1.308780193 0.004272947 -0.004478589 0.999980867 48.577659607
0.999989569 0.002170956 -0.004020676 0.825576246 -0.002154139 0.999989033 0.004182064 -1.325560570 0.004029711 -0.004173359 0.999983191 49.133876801
0.999991179 0.001900316 -0.003755177 0.837225318 -0.001883533 0.999988258 0.004467862 -1.342060685 0.003763623 -0.004460749 0.999983013 49.672451019
0.999988794 0.001415363 -0.004499728 0.856181264 -0.001394331 0.999988079 0.004673885 -1.357093215 0.004506290 -0.004667559 0.999978960 50.217746735
0.999986529 0.002104538 -0.004736135 0.865855038 -0.002081275 0.999985754 0.004911311 -1.374277353 0.004746404 -0.004901388 0.999976754 50.747550964
0.999991298 0.001413437 -0.003921274 0.857782602 -0.001396296 0.999989450 0.004370562 -1.381076217 0.003927411 -0.004365049 0.999982774 51.313907623
0.999992132 0.001752491 -0.003559609 0.860168457 -0.001736854 0.999988794 0.004391332 -1.390500784 0.003567266 -0.004385115 0.999984026 51.864677429
0.999988258 0.001085355 -0.004721347 0.885786474 -0.001066762 0.999991596 0.003938675 -1.401582241 0.004725582 -0.003933592 0.999981105 52.387413025
0.999989450 0.001404935 -0.004371932 0.891522169 -0.001386361 0.999989986 0.004248593 -1.414940238 0.004377857 -0.004242487 0.999981403 52.928508759
0.999990463 0.001456518 -0.004144466 0.888194501 -0.001439527 0.999990582 0.004099730 -1.433137178 0.004150399 -0.004093725 0.999983013 53.467765808
0.999988675 0.001551667 -0.004491969 0.898250103 -0.001532328 0.999989510 0.004305310 -1.449968934 0.004498601 -0.004298377 0.999980628 54.001541138
0.999990523 0.001065867 -0.004232459 0.914486647 -0.001046171 0.999988616 0.004652945 -1.471834183 0.004237370 -0.004648473 0.999980211 54.535491943
0.999992251 0.001763502 -0.003515559 0.906933069 -0.001749643 0.999990702 0.003941590 -1.477249265 0.003522478 -0.003935409 0.999986053 55.085521698
0.999989927 0.001768258 -0.004128137 0.919431329 -0.001751974 0.999990702 0.003944922 -1.480303288 0.004135075 -0.003937650 0.999983668 55.637783051
0.999988914 0.000739408 -0.004649801 0.933696032 -0.000720923 0.999991834 0.003975644 -1.492393613 0.004652702 -0.003972248 0.999981284 56.173458099
0.999989629 0.000528137 -0.004519586 0.941643536 -0.000510316 0.999992132 0.003943244 -1.503209352 0.004521632 -0.003940896 0.999981999 56.717586517
0.999988079 0.001183591 -0.004748062 0.957455993 -0.001162603 0.999989569 0.004420592 -1.518985033 0.004753244 -0.004415018 0.999978900 57.251529694
0.999989510 0.000198489 -0.004610210 0.965934336 -0.000176861 0.999988973 0.004691151 -1.534116030 0.004611090 -0.004690285 0.999978364 57.798362732
0.999987960 0.000360164 -0.004903419 0.971904457 -0.000340031 0.999991477 0.004106041 -1.539658070 0.004904856 -0.004104325 0.999979556 58.358604431
0.999990821 0.001357662 -0.004064992 0.966239154 -0.001343569 0.999993026 0.003467631 -1.555681109 0.004069671 -0.003462138 0.999985695 58.881267548
0.999989152 0.001221987 -0.004491498 0.979114115 -0.001208541 0.999994755 0.002995269 -1.568430185 0.004495134 -0.002989808 0.999985397 59.427402496
0.999990404 0.000355701 -0.004367555 0.989160776 -0.000343344 0.999995887 0.002829630 -1.575280428 0.004368542 -0.002828103 0.999986410 59.981388092
0.999990880 0.001667366 -0.003933613 0.980339348 -0.001652503 0.999991596 0.003778755 -1.598416686 0.003939880 -0.003772221 0.999985099 60.498451233
0.999991179 0.002064850 -0.003660642 0.992280006 -0.002049708 0.999989390 0.004135228 -1.618335247 0.003669141 -0.004127689 0.999984682 61.047328949
0.999990046 0.000640298 -0.004427851 1.016320109 -0.000623138 0.999992251 0.003875677 -1.631340146 0.004430298 -0.003872878 0.999982655 61.593681335
0.999991357 0.001765452 -0.003759486 1.005990624 -0.001754855 0.999994457 0.002820028 -1.628027201 0.003764443 -0.002813406 0.999988854 62.130260468
0.999992132 0.002086094 -0.003369221 1.000007629 -0.002074263 0.999991655 0.003511073 -1.651692629 0.003376516 -0.003504057 0.999988139 62.653465271
0.999993384 0.002495048 -0.002659232 1.005089879 -0.002486192 0.999991417 0.003328258 -1.660475969 0.002667513 -0.003321625 0.999990940 63.202930450
0.999992073 0.001337135 -0.003752429 1.021149755 -0.001323741 0.999992728 0.003569521 -1.677144527 0.003757175 -0.003564525 0.999986589 63.734905243
0.999992430 0.001635048 -0.003550104 1.029584289 -0.001622982 0.999992847 0.003399143 -1.686390638 0.003555637 -0.003393355 0.999987900 64.285987854
0.999991298 0.002381281 -0.003426449 1.034236193 -0.002367835 0.999989510 0.003922884 -1.703266382 0.003435755 -0.003914738 0.999986351 64.801383972
0.999992192 0.002039521 -0.003377505 1.041950345 -0.002027455 0.999991596 0.003571746 -1.719729662 0.003384761 -0.003564871 0.999987900 65.339324951
0.999991715 0.002221994 -0.003392458 1.048206329 -0.002211388 0.999992728 0.003126837 -1.728826523 0.003399382 -0.003119309 0.999989331 65.898834229
0.999989033 0.001994309 -0.004231114 1.061273098 -0.001981761 0.999993622 0.002967796 -1.738776326 0.004237007 -0.002959379 0.999986649 66.449859619
0.999992549 0.002269502 -0.003130533 1.059362888 -0.002258024 0.999990761 0.003665212 -1.755397081 0.003138823 -0.003658116 0.999988377 66.979507446
0.999993443 0.002485544 -0.002627269 1.062829971 -0.002474495 0.999988139 0.004200280 -1.773921490 0.002637678 -0.004193751 0.999987721 67.525451660
0.999992788 0.001990121 -0.003232457 1.079810977 -0.001977424 0.999990344 0.003926137 -1.790027857 0.003240239 -0.003919717 0.999987006 68.058586121
0.999991298 0.002899327 -0.003004284 1.083293200 -0.002888380 0.999989212 0.003641828 -1.801702261 0.003014811 -0.003633118 0.999988854 68.597938538
0.999991894 0.002482625 -0.003174782 1.092326880 -0.002471952 0.999991238 0.003361678 -1.810885191 0.003183100 -0.003353802 0.999989331 69.143569946
0.999992549 0.002411988 -0.002996463 1.100422025 -0.002400830 0.999990165 0.003722039 -1.831209898 0.003005412 -0.003714818 0.999988556 69.686477661
0.999993920 0.002619263 -0.002284880 1.102135658 -0.002612108 0.999991715 0.003128818 -1.840214491 0.002293057 -0.003122831 0.999992490 70.241676331
0.999992907 0.002509560 -0.002817757 1.105937123 -0.002498604 0.999989331 0.003884871 -1.859363675 0.002827478 -0.003877803 0.999988496 70.753936768
0.999991894 0.003218161 -0.002429070 1.112177968 -0.003207835 0.999985874 0.004243253 -1.875420809 0.002442691 -0.004235426 0.999988079 71.308380127
0.999992371 0.002614699 -0.002903084 1.129763484 -0.002602724 0.999988079 0.004120898 -1.888931751 0.002913824 -0.004113310 0.999987304 71.840583801
0.999992728 0.002522068 -0.002862598 1.136991858 -0.002511738 0.999990404 0.003606650 -1.898725629 0.002871666 -0.003599433 0.999989390 72.393394470
0.999993265 0.002471559 -0.002722156 1.150650382 -0.002460418 0.999988616 0.004088805 -1.920859575 0.002732231 -0.004082080 0.999987960 72.914810181
0.999993026 0.002528557 -0.002765511 1.158326030 -0.002518995 0.999990880 0.003455691 -1.926792622 0.002774223 -0.003448700 0.999990225 73.461112976
0.999993265 0.002343834 -0.002817691 1.167343616 -0.002332793 0.999989629 0.003915639 -1.942490935 0.002826838 -0.003909041 0.999988377 73.994552612
0.999992907 0.002515434 -0.002777136 1.179730058 -0.002503464 0.999987543 0.004305285 -1.956765771 0.002787932 -0.004298302 0.999986887 74.527519226
0.999993086 0.002189741 -0.002978847 1.184766054 -0.002177621 0.999989331 0.004065708 -1.969272017 0.002987718 -0.004059193 0.999987304 75.069793701
0.999993086 0.002185230 -0.002990835 1.194126606 -0.002172020 0.999987900 0.004413001 -1.984408379 0.003000443 -0.004406475 0.999985814 75.602607727
0.999993682 0.002358797 -0.002647094 1.205639124 -0.002347792 0.999988556 0.004152967 -1.995925188 0.002656859 -0.004146726 0.999987841 76.150474548
0.999993145 0.002140649 -0.003034923 1.217655659 -0.002128068 0.999989152 0.004142632 -2.012651205 0.003043758 -0.004136144 0.999986768 76.692733765
0.999993563 0.002492051 -0.002608625 1.220257282 -0.002482108 0.999989688 0.003807907 -2.021468878 0.002618088 -0.003801407 0.999989390 77.240180969
0.999994099 0.001290136 -0.003189807 1.239377022 -0.001276978 0.999990702 0.004123790 -2.037902832 0.003195098 -0.004119693 0.999986410 77.789451599
0.999994218 0.001257635 -0.003179705 1.249676943 -0.001247278 0.999993980 0.003257283 -2.048677206 0.003183782 -0.003253298 0.999989629 78.343696594
0.999993801 0.001575246 -0.003153794 1.260389447 -0.001561936 0.999989867 0.004218397 -2.067803383 0.003160408 -0.004213445 0.999986053 78.861602783
0.999994993 0.001570793 -0.002755604 1.264834762 -0.001558520 0.999988914 0.004450377 -2.081367493 0.002762565 -0.004446059 0.999986291 79.411468506
0.999993742 0.002337074 -0.002652472 1.273587227 -0.002325776 0.999988198 0.004254285 -2.095632315 0.002662384 -0.004248088 0.999987423 79.956085205
0.999995470 0.002437909 -0.001776860 1.286712289 -0.002431029 0.999989569 0.003863700 -2.099494219 0.001786261 -0.003859363 0.999990880 80.514533997
0.999997556 0.002092583 -0.000697804 1.297409773 -0.002089557 0.999988556 0.004308669 -2.118777752 0.000706812 -0.004307200 0.999990404 81.059364319
0.999994636 0.002919444 0.001458874 1.303087115 -0.002926545 0.999983788 0.004889680 -2.139284134 -0.001444575 -0.004893922 0.999986947 81.598236084
0.999995172 0.002459208 0.001912603 1.325720072 -0.002467010 0.999988616 0.004087384 -2.144389868 -0.001902529 -0.004092083 0.999989808 82.159294128
0.999980628 0.002734119 0.005594006 1.344949484 -0.002754364 0.999989688 0.003614504 -2.154912710 -0.005584066 -0.003629841 0.999977827 82.711570740
0.999953270 0.002834012 0.009242589 1.366990805 -0.002870237 0.999988258 0.003908380 -2.168157816 -0.009231404 -0.003934726 0.999949694 83.248573303
0.999923825 0.002180621 0.012149353 1.384242773 -0.002224705 0.999991059 0.003616179 -2.180731773 -0.012141359 -0.003642932 0.999919713 83.821235657
0.999861956 0.002662122 0.016399806 1.418686509 -0.002731643 0.999987364 0.004218198 -2.206390858 -0.016388370 -0.004262415 0.999856591 84.325790405
0.999753773 0.003053822 0.021978520 1.448089004 -0.003137786 0.999987900 0.003786817 -2.217726946 -0.021966686 -0.003854849 0.999751210 84.882270813
0.999618292 0.002448297 0.027519433 1.479836464 -0.002560805 0.999988556 0.004053787 -2.231142521 -0.027509192 -0.004122711 0.999612987 85.445205688
0.999441445 0.001806728 0.033369247 1.514956474 -0.001961152 0.999987483 0.004595583 -2.260303497 -0.033360530 -0.004658458 0.999432445 85.981460571
0.999112308 0.002809149 0.042032007 1.542727232 -0.002998986 0.999985576 0.004454134 -2.271255016 -0.042018883 -0.004576233 0.999106288 86.550735474
0.998744309 0.002738453 0.050020985 1.593792915 -0.002982019 0.999984086 0.004795312 -2.290471792 -0.050007045 -0.004938454 0.998736680 87.106346130
0.998377323 0.002366525 0.056895740 1.644397736 -0.002651074 0.999984324 0.004926275 -2.303242683 -0.056883194 -0.005069115 0.998367965 87.654296875
0.997840405 0.001478066 0.065668784 1.698701859 -0.001769745 0.999988854 0.004383731 -2.305969238 -0.065661572 -0.004490481 0.997831821 88.221939087
0.997091770 0.002080666 0.076182336 1.754648685 -0.002465379 0.999984682 0.004956202 -2.322970629 -0.076170877 -0.005129606 0.997081578 88.753242493
0.996433318 0.002413878 0.084349193 1.819546700 -0.002789974 0.999986708 0.004341211 -2.331724882 -0.084337592 -0.004561059 0.996426761 89.326896667
0.995734513 0.001466293 0.092253193 1.884073257 -0.001881447 0.999988437 0.004413344 -2.350831509 -0.092245661 -0.004568088 0.995725811 89.878822327
0.994654119 0.001727641 0.103247806 1.959182739 -0.002213377 0.999987006 0.004590176 -2.363628864 -0.103238538 -0.004794164 0.994645000 90.424270630
0.993529558 0.001529660 0.113564089 2.039432526 -0.002035163 0.999988496 0.004335452 -2.372416496 -0.113556162 -0.004538521 0.993521154 90.972915649
0.992401600 0.001131086 0.123036429 2.132790565 -0.001712450 0.999987841 0.004619493 -2.392879963 -0.123029724 -0.004795085 0.992391348 91.550247192
0.990958810 0.001060313 0.134161785 2.226592064 -0.001698781 0.999987781 0.004644558 -2.401545525 -0.134155229 -0.004830477 0.990948558 92.097671509
0.989312649 0.000162974 0.145809636 2.337165833 -0.000800708 0.999990284 0.004315061 -2.411929131 -0.145807534 -0.004385695 0.989303231 92.653564453
0.987693548 -0.000116837 0.156401694 2.442278862 -0.000584852 0.999989867 0.004440428 -2.432268620 -0.156400606 -0.004477253 0.987683535 93.202758789
0.985945463 -0.000106745 0.167067438 2.553078651 -0.000627155 0.999990344 0.004340071 -2.445389271 -0.167066291 -0.004383850 0.985935986 93.715698242
0.983566403 -0.000312194 0.180546597 2.659418106 -0.000584074 0.999987781 0.004911014 -2.458589554 -0.180545881 -0.004935761 0.983554184 94.300003052
0.981282294 -0.000472738 0.192574561 2.786964417 -0.000471967 0.999988079 0.004859756 -2.470257282 -0.192574576 -0.004859681 0.981270313 94.835525513
0.979131222 -0.000540646 0.203228191 2.910486221 -0.000631614 0.999983549 0.005703296 -2.481410742 -0.203227878 -0.005712637 0.979114830 95.390609741
0.976260185 -0.001033980 0.216598764 3.064285278 -0.000113436 0.999985993 0.005284925 -2.492306471 -0.216601223 -0.005184032 0.976246357 95.952873230
0.973223805 -0.000719849 0.229858384 3.214193344 -0.000593147 0.999983907 0.005643050 -2.504709959 -0.229858756 -0.005628291 0.973207712 96.484405518
0.970577955 -0.001289904 0.240783468 3.367425919 -0.000023500 0.999985158 0.005451757 -2.520644665 -0.240786895 -0.005297015 0.970563471 97.015647888
0.967633426 -0.001677184 0.252354234 3.532770157 0.000275889 0.999984384 0.005588171 -2.540165424 -0.252359658 -0.005337679 0.967618763 97.537544250
0.963867426 -0.000909053 0.266380638 3.702077866 -0.000671133 0.999982834 0.005840968 -2.548552990 -0.266381323 -0.005808698 0.963850200 98.099639893
0.960325301 -0.001026565 0.278880358 3.874092102 -0.000609915 0.999983132 0.005781205 -2.559271336 -0.278881639 -0.005721931 0.960308433 98.626251221
0.956777751 -0.002125254 0.290812254 4.056062698 0.000482022 0.999983490 0.005722011 -2.580093861 -0.290819615 -0.005334514 0.956763029 99.191505432
0.952456832 -0.001991920 0.304666847 4.235969543 0.000239502 0.999983191 0.005789177 -2.591724396 -0.304673284 -0.005440974 0.952441275 99.709915161
0.948193371 -0.002406688 0.317684799 4.445310593 0.000601725 0.999983132 0.005779614 -2.606765509 -0.317693383 -0.005289033 0.948178768 100.220619202
0.944194734 -0.002686979 0.329376668 4.652761459 0.000894380 0.999983966 0.005593799 -2.606852770 -0.329386353 -0.004987048 0.944182158 100.767112732
0.939557314 -0.002777694 0.342380404 4.865430832 0.001190125 0.999987662 0.004846856 -2.615291595 -0.342389613 -0.004146424 0.939548969 101.296890259
0.934258938 -0.003080692 0.356582016 5.087299347 0.001405925 0.999986827 0.004955809 -2.627769709 -0.356592596 -0.004128682 0.934250832 101.806182861
0.929394007 -0.003766876 0.369069576 5.289190292 0.001789332 0.999982119 0.005700318 -2.654115200 -0.369084477 -0.004637454 0.929384291 102.342185974
0.924627185 -0.004448220 0.380847216 5.518404007 0.002740934 0.999983609 0.005025127 -2.660601139 -0.380863279 -0.003602493 0.924624324 102.850708008
0.918673277 -0.005000967 0.394986629 5.768009186 0.003194934 0.999981165 0.005229981 -2.675076485 -0.395005286 -0.003542688 0.918672025 103.374176025
0.913065016 -0.006027649 0.407769561 6.013698578 0.004383097 0.999978006 0.004967178 -2.684174776 -0.407790512 -0.002748063 0.913071454 103.852386475
0.907990456 -0.005949376 0.418948591 6.269271851 0.004020525 0.999976873 0.005486690 -2.700343132 -0.418971539 -0.003297468 0.907993436 104.354232788
0.901915073 -0.006729729 0.431860983 6.543972015 0.004551654 0.999971092 0.006076792 -2.722473621 -0.431889474 -0.003515069 0.901919663 104.853904724
0.895120800 -0.006804732 0.445771784 6.813617706 0.004564465 0.999970913 0.006099056 -2.730700970 -0.445800453 -0.003424681 0.895125866 105.359626770
0.889136970 -0.008003840 0.457571357 7.070510864 0.005720137 0.999963224 0.006376191 -2.750466824 -0.457605660 -0.003051936 0.889150023 105.820663452
0.883569956 -0.008270517 0.468226194 7.381816864 0.006232244 0.999963105 0.005902253 -2.753872871 -0.468257695 -0.002296953 0.883588910 106.360816956
0.876486659 -0.009127662 0.481339723 7.662387848 0.007347565 0.999957442 0.005582816 -2.760730028 -0.481370181 -0.001356589 0.876516223 106.829177856
