1.000000000 0.000000000 0.000000000 0.000000000 0.000000000 1.000000000 0.000000000 0.000000000 0.000000000 0.000000000 1.000000000 0.000000000
1.000000000 -0.000004280 0.000158367 -0.001651293 0.000004260 1.000000000 0.000128581 0.000235275 -0.000158367 -0.000128580 1.000000000 0.002259369
1.000000000 0.000144701 0.000124491 -0.000743915 -0.000144728 0.999999940 0.000219854 -0.000374198 -0.000124460 -0.000219872 0.999999940 0.000551907
1.000000000 0.000138028 -0.000110774 0.000828390 -0.000138010 1.000000000 0.000161181 -0.000783878 0.000110796 -0.000161165 1.000000000 -0.000862332
0.999999881 0.000392646 0.000188944 -0.001973385 -0.000392676 0.999999881 0.000157493 -0.000216658 -0.000188882 -0.000157567 0.999999940 0.000862160
0.999999940 0.000310842 0.000025413 -0.001109115 -0.000310847 0.999999940 0.000175268 -0.000349032 -0.000025359 -0.000175276 1.000000000 -0.000703908
1.000000000 -0.000141466 0.000015684 0.000368468 0.000141464 1.000000000 0.000157895 -0.001193647 -0.000015707 -0.000157893 1.000000000 -0.001613676
0.999999940 -0.000277588 0.000166648 -0.000532335 0.000277553 0.999999940 0.000211233 -0.000302917 -0.000166707 -0.000211187 0.999999940 0.001381655
1.000000000 -0.000016661 0.000186276 -0.001172145 0.000016651 1.000000000 0.000052975 0.000906290 -0.000186277 -0.000052971 1.000000000 0.002602902
1.000000000 -0.000060204 0.000145869 -0.001050218 0.000060192 1.000000000 0.000082027 0.000530099 -0.000145874 -0.000082019 1.000000000 0.001508302
0.999999940 -0.000071923 0.000233978 -0.001487874 0.000071936 1.000000000 -0.000056126 0.002250714 -0.000233974 0.000056143 1.000000000 0.002984643
1.000000000 -0.000042609 0.000052706 -0.000144271 0.000042599 1.000000000 0.000188235 -0.000171102 -0.000052714 -0.000188232 1.000000000 0.001452133
1.000000000 0.000091908 0.000205288 -0.002570629 -0.000091901 1.000000000 -0.000037937 0.002599321 -0.000205292 0.000037918 1.000000000 0.005488438
0.999999940 -0.000136648 0.000202832 -0.002131372 0.000136587 0.999999940 0.000299406 -0.000221375 -0.000202873 -0.000299379 0.999999940 0.002614332
1.000000000 0.000031046 0.000175969 -0.001580286 -0.000031091 0.999999940 0.000254741 -0.000965389 -0.000175961 -0.000254747 0.999999940 0.000156447
1.000000000 0.000091130 0.000124242 -0.000024526 -0.000091159 0.999999940 0.000230338 -0.001369244 -0.000124221 -0.000230349 0.999999940 -0.001710036
1.000000000 -0.000109381 0.000006220 -0.000025672 0.000109380 1.000000000 0.000162073 -0.000741274 -0.000006238 -0.000162073 1.000000000 -0.000990187
0.999999940 0.000047825 0.000253827 -0.001139704 -0.000047861 1.000000000 0.000144310 -0.000101160 -0.000253820 -0.000144322 0.999999940 0.000205342
0.999999940 0.000032229 0.000300836 -0.003136923 -0.000032259 1.000000000 0.000099215 0.001036492 -0.000300832 -0.000099224 0.999999940 0.003766904
1.000000000 0.000178765 0.000118809 -0.001583725 -0.000178778 1.000000000 0.000108833 0.000834790 -0.000118789 -0.000108854 1.000000000 0.002796253
0.999999940 0.000298524 0.000212811 -0.001697454 -0.000298588 0.999999881 0.000302827 -0.000712034 -0.000212720 -0.000302890 0.999999940 0.001055174
0.999999881 0.000328310 0.000271237 -0.002917234 -0.000328361 0.999999940 0.000189772 -0.000276115 -0.000271175 -0.000189861 0.999999940 0.000872639
1.000000000 0.000138237 0.000166628 -0.001086768 -0.000138298 0.999999940 0.000365296 -0.001435929 -0.000166578 -0.000365319 0.999999940 0.000028815
1.000000000 0.000036084 0.000205503 -0.001706995 -0.000036136 0.999999940 0.000252049 -0.000327068 -0.000205494 -0.000252056 0.999999940 0.003061444
1.000000000 0.000076576 0.000129805 -0.000746028 -0.000076604 1.000000000 0.000213507 -0.000259861 -0.000129789 -0.000213517 0.999999940 0.000045652
1.000000000 0.000070388 0.000176625 -0.002009794 -0.000070399 1.000000000 0.000057962 0.001984847 -0.000176621 -0.000057975 1.000000000 0.004611680
1.000000000 -0.000024916 0.000217491 -0.001103401 0.000024900 1.000000000 0.000073568 0.000229050 -0.000217493 -0.000073562 1.000000000 -0.000428286
1.000000000 0.000136270 0.000179098 -0.001308027 -0.000136290 1.000000000 0.000112017 0.000470057 -0.000179083 -0.000112041 1.000000000 0.001960491
0.999999881 0.000271961 0.000359184 -0.003513118 -0.000271982 0.999999940 0.000058065 0.001607112 -0.000359168 -0.000058162 0.999999940 0.003366260
1.000000000 -0.000102369 0.000146307 -0.002000473 0.000102355 1.000000000 0.000099151 0.002326789 -0.000146317 -0.000099136 1.000000000 0.004576934
1.000000000 0.000064119 0.000209476 -0.001711430 -0.000064130 1.000000000 0.000052914 0.001092983 -0.000209473 -0.000052928 1.000000000 0.002389811
0.999999940 -0.000311456 0.000080419 -0.000976053 0.000311447 0.999999940 0.000111768 0.001399874 -0.000080454 -0.000111743 1.000000000 0.003318991
1.000000000 -0.000138681 0.000159860 -0.001725911 0.000138683 1.000000000 -0.000016435 0.001957442 -0.000159858 0.000016457 1.000000000 0.003647649
0.999999940 -0.000038978 0.000300669 -0.002058070 0.000038980 1.000000000 -0.000008453 0.001941155 -0.000300669 0.000008465 0.999999940 0.003547915
1.000000000 -0.000147822 0.000146789 -0.001749163 0.000147813 1.000000000 0.000061618 0.001306601 -0.000146798 -0.000061596 1.000000000 0.003020161
0.999999940 0.000168562 0.000192565 -0.001153019 -0.000168594 1.000000000 0.000166892 0.000397133 -0.000192537 -0.000166924 0.999999940 0.000831125
1.000000000 0.000078862 0.000101166 0.000419937 -0.000078882 1.000000000 0.000196033 0.000906276 -0.000101150 -0.000196041 1.000000000 0.000559556
1.000000000 -0.000217323 0.000088217 -0.000949406 0.000217312 0.999999940 0.000126080 0.001693156 -0.000088245 -0.000126061 1.000000000 0.004335677
1.000000000 -0.000031943 0.000214403 -0.002590203 0.000031900 1.000000000 0.000200542 0.001339041 -0.000214409 -0.000200535 0.999999940 0.004531918
1.000000000 -0.000199341 0.000125193 -0.000204575 0.000199318 0.999999940 0.000179932 0.000370323 -0.000125229 -0.000179907 1.000000000 0.001526807
0.999999940 -0.000277914 0.000244837 -0.000780507 0.000277893 0.999999940 0.000088230 0.000856687 -0.000244862 -0.000088162 0.999999940 0.002715181
0.999999940 -0.000361057 0.000209985 0.001417391 0.000361193 0.999999702 -0.000646741 0.000174275 -0.000209751 0.000646816 0.999999762 0.051258270
0.999999940 0.000141029 0.000240753 -0.001485566 -0.000140760 0.999999344 -0.001118006 -0.003536748 -0.000240911 0.001117972 0.999999344 0.137401119
1.000000000 0.000205083 0.000089180 0.001472126 -0.000204950 0.999998868 -0.001491974 -0.004550487 -0.000089486 0.001491956 0.999998868 0.253746748
0.999999940 0.000185912 -0.000166577 0.006857950 -0.000186099 0.999999344 -0.001125400 -0.012067473 0.000166368 0.001125431 0.999999344 0.383802980
0.999999940 0.000341086 -0.000063385 0.009037147 -0.000341138 0.999999583 -0.000823053 -0.016918615 0.000063104 0.000823075 0.999999642 0.523280680
0.999999940 0.000302011 -0.000003168 0.012584086 -0.000302013 0.999999821 -0.000477386 -0.028831998 0.000003024 0.000477387 0.999999881 0.664463520
0.999999940 0.000243937 0.000115712 0.017310197 -0.000243834 0.999999583 -0.000891564 -0.024463123 -0.000115929 0.000891535 0.999999583 0.836013317
1.000000000 0.000021507 -0.000142727 0.020451196 -0.000021614 0.999999702 -0.000749228 -0.026644213 0.000142711 0.000749231 0.999999702 1.012586117
0.999999464 -0.000576373 -0.000851931 0.030655226 0.000574253 0.999996662 -0.002486973 -0.018677605 0.000853362 0.002486482 0.999996483 1.179074049
0.999999762 -0.000536695 -0.000690400 0.034688108 0.000535163 0.999997377 -0.002218574 -0.023646655 0.000691589 0.002218203 0.999997258 1.362124443
0.999999642 -0.000505336 -0.000652970 0.040102385 0.000503732 0.999996841 -0.002454917 -0.028630195 0.000654208 0.002454587 0.999996841 1.546546340
0.999999583 -0.000512132 -0.000764459 0.043418046 0.000510239 0.999996781 -0.002474686 -0.029985147 0.000765724 0.002474295 0.999996662 1.748274565
0.999998808 -0.000893743 -0.001274930 0.053806677 0.000890809 0.999996901 -0.002300295 -0.037725568 0.001276982 0.002299156 0.999996543 1.944968700
0.999999881 -0.000058689 -0.000484941 0.047935691 0.000057661 0.999997735 -0.002120456 -0.044894986 0.000485064 0.002120428 0.999997616 2.167142153
0.999999881 -0.000306098 -0.000501134 0.055829719 0.000305062 0.999997854 -0.002066792 -0.051891692 0.000501765 0.002066639 0.999997735 2.378063440
0.999999523 -0.000474223 -0.000854541 0.065103211 0.000472766 0.999998450 -0.001705179 -0.062397629 0.000855348 0.001704774 0.999998212 2.593266964
0.999999940 -0.000337139 -0.000166437 0.057238527 0.000336801 0.999997854 -0.002029626 -0.066672049 0.000167121 0.002029570 0.999997914 2.838493824
0.999999642 -0.000739870 -0.000618556 0.068313077 0.000738980 0.999998689 -0.001437316 -0.076464348 0.000619619 0.001436858 0.999998748 3.071454287
0.999999583 -0.000643988 -0.000696240 0.072554864 0.000642609 0.999997795 -0.001978850 -0.077632122 0.000697513 0.001978401 0.999997795 3.315855742
0.999999821 -0.000333791 -0.000537292 0.075976737 0.000332755 0.999998093 -0.001926524 -0.088297635 0.000537934 0.001926345 0.999997973 3.541265726
0.999999702 -0.000627954 -0.000567161 0.083413891 0.000626848 0.999997914 -0.001948090 -0.093775578 0.000568383 0.001947734 0.999997914 3.803614616
0.999999821 -0.000567546 -0.000342362 0.084529944 0.000566841 0.999997735 -0.002056686 -0.101125054 0.000343528 0.002056492 0.999997854 4.055457592
0.999999881 0.000079052 -0.000253268 0.082868047 -0.000079470 0.999998629 -0.001653923 -0.107268207 0.000253137 0.001653943 0.999998569 4.315436840
0.999999762 -0.000199732 -0.000519547 0.091884531 0.000198811 0.999998391 -0.001772437 -0.114401825 0.000519900 0.001772333 0.999998331 4.578862190
0.999999821 -0.000145292 -0.000452464 0.099774115 0.000144488 0.999998391 -0.001776689 -0.122216463 0.000452722 0.001776623 0.999998331 4.830294132
0.999999940 0.000042560 -0.000304572 0.101072244 -0.000043116 0.999998331 -0.001826702 -0.124785133 0.000304494 0.001826715 0.999998271 5.097932816
0.999999940 -0.000216001 -0.000394837 0.107130215 0.000215339 0.999998569 -0.001677328 -0.135315850 0.000395198 0.001677243 0.999998510 5.366488457
1.000000000 0.000250431 -0.000195063 0.109263569 -0.000250759 0.999998510 -0.001681015 -0.142390952 0.000194641 0.001681064 0.999998510 5.640964508
0.999999642 -0.000449670 -0.000672737 0.117306210 0.000448746 0.999998987 -0.001372257 -0.154026851 0.000673353 0.001371955 0.999998808 5.904572964
0.999999821 -0.000357910 -0.000532893 0.127194330 0.000357183 0.999998987 -0.001363466 -0.167696282 0.000533381 0.001363275 0.999998868 6.169006348
0.999999881 0.000119445 -0.000552943 0.132050380 -0.000120415 0.999998450 -0.001754874 -0.172448710 0.000552733 0.001754940 0.999998271 6.455393791
0.999999940 0.000078228 -0.000416972 0.134745821 -0.000078944 0.999998510 -0.001716801 -0.185043931 0.000416837 0.001716834 0.999998450 6.733688354
0.999999940 -0.000216759 -0.000150992 0.138703421 0.000216569 0.999999106 -0.001260881 -0.197106570 0.000151265 0.001260848 0.999999166 7.052746296
0.999999702 -0.000699371 0.000018993 0.143389463 0.000699395 0.999998808 -0.001330754 -0.202986568 -0.000018062 0.001330766 0.999999106 7.349246025
0.999999583 -0.000888452 0.000038833 0.148938984 0.000888495 0.999998987 -0.001137280 -0.219232246 -0.000037823 0.001137314 0.999999285 7.660908222
0.999999702 -0.000488816 0.000540956 0.146966383 0.000489490 0.999999106 -0.001246781 -0.227406487 -0.000540346 0.001247045 0.999999046 7.981045246
0.999999940 -0.000235278 0.000268092 0.154631078 0.000235560 0.999999404 -0.001051800 -0.236088365 -0.000267844 0.001051863 0.999999404 8.304559708
0.999999881 -0.000223844 0.000393512 0.160212129 0.000224289 0.999999344 -0.001130992 -0.249062091 -0.000393258 0.001131080 0.999999285 8.626935959
0.999999583 0.000171633 0.000904391 0.162498444 -0.000170694 0.999999464 -0.001038253 -0.256416947 -0.000904569 0.001038098 0.999998987 8.972060204
0.999999583 -0.000500462 0.000649487 0.170021981 0.000500864 0.999999702 -0.000618458 -0.270275027 -0.000649177 0.000618783 0.999999583 9.289900780
0.999999702 -0.000277920 0.000652919 0.176316097 0.000278292 0.999999881 -0.000569464 -0.278844208 -0.000652760 0.000569646 0.999999583 9.634849548
0.999999702 -0.000258363 0.000734563 0.187227666 0.000258590 0.999999940 -0.000309134 -0.291813701 -0.000734483 0.000309324 0.999999642 9.971836090
0.999999702 -0.000351587 0.000689471 0.188326329 0.000351954 0.999999821 -0.000531635 -0.306103259 -0.000689284 0.000531877 0.999999642 10.352937698
0.999999762 -0.000062491 0.000717384 0.197822973 0.000062576 1.000000119 -0.000118418 -0.320497453 -0.000717376 0.000118463 0.999999762 10.710810661
0.999999762 -0.000147956 0.000583978 0.201078147 0.000148318 0.999999821 -0.000618930 -0.323659956 -0.000583886 0.000619017 0.999999583 11.078787804
0.999999106 0.000231667 0.001329245 0.204024300 -0.000230399 0.999999583 -0.000954291 -0.331247777 -0.001329466 0.000953984 0.999998629 11.467535973
0.999999285 -0.000432280 0.001104667 0.211904258 0.000432675 0.999999821 -0.000356868 -0.352296174 -0.001104513 0.000357346 0.999999285 11.843383789
0.999999106 -0.000452608 0.001268101 0.220069349 0.000453099 0.999999821 -0.000386834 -0.366811335 -0.001267925 0.000387408 0.999999166 12.220923424
0.999998808 0.000580652 0.001414036 0.230180919 -0.000580035 0.999999762 -0.000436988 -0.378792852 -0.001414289 0.000436167 0.999998927 12.628038406
0.999998033 0.000197641 0.001976187 0.234209523 -0.000197166 0.999999940 -0.000240494 -0.390201837 -0.001976235 0.000240104 0.999998033 13.026468277
0.999998450 0.000612699 0.001606927 0.242661998 -0.000612600 0.999999821 -0.000062140 -0.404521972 -0.001606966 0.000061155 0.999998689 13.419122696
0.999998748 0.000369030 0.001532681 0.251247555 -0.000367784 0.999999642 -0.000813012 -0.407487869 -0.001532980 0.000812448 0.999998450 13.839963913
0.999998212 0.000242463 0.001861143 0.261395186 -0.000241413 0.999999940 -0.000564378 -0.416741639 -0.001861280 0.000563928 0.999998093 14.252730370
0.999998212 0.000039059 0.001900529 0.275094718 -0.000039156 1.000000000 0.000051220 -0.435924023 -0.001900527 -0.000051295 0.999998212 14.671294212
0.999997497 0.000327023 0.002173787 0.278342873 -0.000326637 0.999999940 -0.000177645 -0.447730094 -0.002173846 0.000176934 0.999997616 15.107194901
0.999995649 0.000848201 0.002813984 0.286306143 -0.000847022 0.999999464 -0.000420284 -0.458112538 -0.002814339 0.000417898 0.999995947 15.543202400
0.999993980 0.000580011 0.003401289 0.295993119 -0.000579198 0.999999821 -0.000240019 -0.473246992 -0.003401426 0.000238048 0.999994159 15.981627464
0.999993801 0.000605461 0.003467941 0.307320595 -0.000604157 0.999999702 -0.000377075 -0.478508621 -0.003468168 0.000374978 0.999993861 16.436704636
0.999993086 0.000531082 0.003680323 0.312019765 -0.000528366 0.999999523 -0.000738968 -0.493910968 -0.003680715 0.000737019 0.999992967 16.870637894
0.999993145 0.000483089 0.003665278 0.326238632 -0.000484203 0.999999762 0.000302993 -0.512503445 -0.003665131 -0.000304766 0.999993265 17.327314377
0.999989927 0.000182356 0.004479579 0.335867375 -0.000182860 1.000000000 0.000111942 -0.522452652 -0.004479558 -0.000112760 0.999989986 17.779338837
0.999987364 0.000952412 0.004935491 0.339735538 -0.000951242 0.999999464 -0.000239430 -0.539722264 -0.004935717 0.000234732 0.999987781 18.268733978
0.999986887 0.001066297 0.005007111 0.355098724 -0.001066134 0.999999464 -0.000035103 -0.552670002 -0.005007145 0.000029764 0.999987483 18.743297577
0.999986887 0.001112244 0.004997045 0.374243051 -0.001112881 0.999999344 0.000124885 -0.566873789 -0.004996902 -0.000130444 0.999987483 19.211631775
0.999985039 0.000852967 0.005404893 0.377489805 -0.000849911 0.999999464 -0.000567692 -0.579200327 -0.005405374 0.000563090 0.999985158 19.702968597
0.999983251 0.001516167 0.005577708 0.385758460 -0.001513705 0.999998808 -0.000445517 -0.592169881 -0.005578378 0.000437067 0.999984264 20.191234589
0.999983251 0.001447696 0.005603737 0.404112875 -0.001448187 0.999998868 0.000083538 -0.616094470 -0.005603611 -0.000091652 0.999984264 20.655527115
0.999984264 0.001268086 0.005461338 0.402866840 -0.001268508 0.999999166 0.000073801 -0.629845202 -0.005461238 -0.000080728 0.999985039 21.181762695
0.999986231 0.001579424 0.004996757 0.411499083 -0.001577072 0.999998629 -0.000474699 -0.634633362 -0.004997500 0.000466813 0.999987423 21.690143585
0.999983132 0.001798647 0.005529988 0.410917699 -0.001798135 0.999998391 -0.000097526 -0.656297147 -0.005530154 0.000087581 0.999984741 22.186035156
0.999988914 0.001471894 0.004471290 0.423458368 -0.001475883 0.999998450 0.000889125 -0.685433626 -0.004469974 -0.000895715 0.999989629 22.710500717
0.999988794 0.001951637 0.004313830 0.432281941 -0.001955912 0.999997616 0.000987017 -0.703886211 -0.004311894 -0.000995443 0.999990225 23.228546143
0.999992430 0.002099413 0.003272227 0.440853685 -0.002101381 0.999997616 0.000598427 -0.716532528 -0.003270963 -0.000605298 0.999994397 23.757373810
0.999995232 0.001048503 0.002908920 0.449850529 -0.001048095 0.999999464 -0.000141606 -0.727276504 -0.002909067 0.000138557 0.999995768 24.301195145
0.999993801 0.002680899 0.002278208 0.462568700 -0.002682762 0.999996006 0.000814898 -0.750088811 -0.002276015 -0.000821005 0.999997079 24.832101822
0.999995649 0.002324857 0.001808435 0.470179468 -0.002325652 0.999997139 0.000437620 -0.756229162 -0.001807412 -0.000441824 0.999998271 25.392656326
0.999995887 0.002419735 0.001510417 0.481158316 -0.002420898 0.999996722 0.000768826 -0.775082111 -0.001508551 -0.000772479 0.999998629 25.924978256
0.999995291 0.002693238 0.001487907 0.487552226 -0.002693173 0.999996424 -0.000045558 -0.782376409 -0.001488024 0.000041551 0.999998868 26.487651825
0.999999285 0.001111876 0.000399015 0.501256108 -0.001112412 0.999998450 0.001343193 -0.802259088 -0.000397520 -0.001343636 0.999998987 27.028570175
0.999999464 0.000943396 0.000401032 0.507067025 -0.000944112 0.999997854 0.001788989 -0.822657108 -0.000399343 -0.001789367 0.999998331 27.580602646
0.999998629 0.001567682 -0.000538109 0.518658638 -0.001567018 0.999998033 0.001235005 -0.834531248 0.000540043 -0.001234160 0.999999106 28.141592026
0.999999046 0.001347358 -0.000435195 0.519223988 -0.001346811 0.999998391 0.001254994 -0.846213341 0.000436885 -0.001254407 0.999999166 28.690811157
0.999997616 0.001938628 -0.000982132 0.535115182 -0.001937232 0.999997139 0.001420274 -0.867211223 0.000984882 -0.001418369 0.999998510 29.241910934
0.999997854 0.001670402 -0.001212602 0.545296133 -0.001668782 0.999997735 0.001335810 -0.878023267 0.001214831 -0.001333784 0.999998391 29.797155380
0.999996901 0.002269736 -0.001019181 0.544703782 -0.002268450 0.999996603 0.001261300 -0.891494513 0.001022040 -0.001258984 0.999998689 30.342891693
0.999997139 0.001889244 -0.001456934 0.560763419 -0.001887520 0.999997497 0.001183684 -0.908051968 0.001459167 -0.001180931 0.999998212 30.901491165
0.999996543 0.001965644 -0.001740563 0.571843743 -0.001963459 0.999997258 0.001256305 -0.922157705 0.001743028 -0.001252884 0.999997616 31.446266174
0.999995947 0.002188696 -0.001837018 0.580395103 -0.002186113 0.999996603 0.001406546 -0.936123490 0.001840090 -0.001402525 0.999997258 32.003337860
0.999996781 0.001570274 -0.001985586 0.591811419 -0.001567943 0.999998033 0.001174464 -0.949871957 0.001987426 -0.001171347 0.999997318 32.555164337
0.999995232 0.002147104 -0.002214210 0.597578287 -0.002143922 0.999996662 0.001437946 -0.963826716 0.002217290 -0.001433192 0.999996543 33.106094360
0.999994159 0.003025286 -0.001594120 0.586306155 -0.003023555 0.999994755 0.001087365 -0.973341763 0.001597401 -0.001082539 0.999998152 33.656734467
0.999994218 0.002309153 -0.002484627 0.612480164 -0.002305974 0.999996543 0.001281485 -0.990728974 0.002487578 -0.001275748 0.999996066 34.197658539
0.999994397 0.002191066 -0.002527714 0.619309008 -0.002186972 0.999996305 0.001621645 -1.008942604 0.002531259 -0.001616108 0.999995410 34.746070862
0.999994218 0.002310430 -0.002476618 0.627142131 -0.002306413 0.999996006 0.001623246 -1.024571300 0.002480359 -0.001617525 0.999995530 35.302761078
0.999994516 0.001944003 -0.002682066 0.642797828 -0.001941230 0.999997556 0.001036012 -1.037221432 0.002684073 -0.001030800 0.999995828 35.843711853
0.999993861 0.001744340 -0.003034311 0.648225009 -0.001740001 0.999997377 0.001431878 -1.053327680 0.003036801 -0.001426589 0.999994397 36.388801575
0.999992967 0.002675413 -0.002619354 0.652582049 -0.002672204 0.999995649 0.001228074 -1.061438441 0.002622629 -0.001221065 0.999995828 36.941974640
0.999993801 0.001954298 -0.002902464 0.662556112 -0.001949736 0.999996781 0.001573855 -1.083286881 0.002905531 -0.001568186 0.999994516 37.492664337
0.999993026 0.002348906 -0.002873019 0.676061213 -0.002344476 0.999996066 0.001544005 -1.100868344 0.002876634 -0.001537259 0.999994695 38.038024902
0.999992132 0.002178936 -0.003319521 0.681862712 -0.002176088 0.999997199 0.000861445 -1.106324553 0.003321390 -0.000854214 0.999994040 38.603904724
0.999992490 0.002078007 -0.003288476 0.690449834 -0.002075054 0.999997437 0.000901288 -1.122435093 0.003290341 -0.000894458 0.999994159 39.141616821
0.999992073 0.002428757 -0.003176147 0.701278925 -0.002426695 0.999996901 0.000652794 -1.137392282 0.003177722 -0.000645081 0.999994695 39.696346283
0.999988377 0.002607474 -0.004035335 0.723595142 -0.002599561 0.999994695 0.001965259 -1.166009545 0.004040438 -0.001954746 0.999989867 40.247623444
0.999988616 0.002255385 -0.004200875 0.735805690 -0.002248615 0.999996245 0.001615562 -1.177858472 0.004204503 -0.001606097 0.999989808 40.787345886
0.999989569 0.002686988 -0.003689378 0.745090008 -0.002681988 0.999995470 0.001359594 -1.187657237 0.003693014 -0.001349685 0.999992251 41.347301483
0.999987602 0.002991643 -0.003974110 0.741881490 -0.002986679 0.999994695 0.001254314 -1.197863221 0.003977842 -0.001242430 0.999991298 41.893070221
0.999987125 0.002367598 -0.004464289 0.758427799 -0.002360328 0.999995828 0.001633003 -1.219588757 0.004468137 -0.001622445 0.999988675 42.430225372
0.999987304 0.002826896 -0.004154780 0.766303360 -0.002821663 0.999995172 0.001264727 -1.227782011 0.004158335 -0.001252987 0.999990582 42.977676392
0.999986708 0.003168476 -0.004049519 0.748857856 -0.003161604 0.999993563 0.001702268 -1.233149529 0.004054886 -0.001689442 0.999990284 43.515907288
0.999988139 0.003383446 -0.003493510 0.753872156 -0.003377331 0.999992728 0.001754922 -1.249136209 0.003499422 -0.001743102 0.999992311 44.068141937
0.999988794 0.002805495 -0.003806483 0.756354392 -0.002799946 0.999994993 0.001462374 -1.261883378 0.003810566 -0.001451700 0.999991715 44.624935150
0.999987662 0.003157523 -0.003830469 0.766009092 -0.003149617 0.999992967 0.002068046 -1.280433297 0.003836972 -0.002055955 0.999990642 45.166683197
0.999989748 0.002551158 -0.003740628 0.780955076 -0.002544456 0.999995291 0.001795206 -1.295947075 0.003745190 -0.001785669 0.999991357 45.726547241
0.999989569 0.002575639 -0.003766844 0.789258778 -0.002570013 0.999995589 0.001497743 -1.309173942 0.003770685 -0.001488046 0.999991775 46.275447845
0.999991536 0.002210605 -0.003487614 0.794185340 -0.002204586 0.999996126 0.001728500 -1.328692079 0.003491422 -0.001720797 0.999992430 46.802410126
0.999988377 0.002458303 -0.004133484 0.814791262 -0.002452231 0.999995887 0.001473174 -1.332330346 0.004137089 -0.001463020 0.999990344 47.366542816
0.999988914 0.001905768 -0.004315889 0.822652876 -0.001897565 0.999996364 0.001904051 -1.349094868 0.004319502 -0.001895841 0.999988854 47.893737793
0.999990582 0.002208350 -0.003741884 0.818371058 -0.002201432 0.999995828 0.001851549 -1.360655546 0.003745957 -0.001843294 0.999991298 48.446834564
0.999989212 0.002555878 -0.003877218 0.829393148 -0.002550349 0.999995828 0.001430173 -1.373340368 0.003880857 -0.001420270 0.999991477 49.011566162
0.999989808 0.002555264 -0.003719433 0.838059783 -0.002549408 0.999995470 0.001578144 -1.388839006 0.003723449 -0.001568646 0.999991834 49.559566498
0.999990880 0.002191374 -0.003684493 0.855583847 -0.002186779 0.999996841 0.001250685 -1.403280020 0.003687222 -0.001242616 0.999992490 50.092906952
0.999988735 0.002305053 -0.004134847 0.856702328 -0.002298375 0.999996066 0.001619053 -1.415957451 0.004138562 -0.001609532 0.999990165 50.652915955
0.999986768 0.002357940 -0.004565511 0.868116200 -0.002352450 0.999996483 0.001207379 -1.431280375 0.004568342 -0.001196623 0.999988794 51.198490143
0.999987841 0.002475102 -0.004260480 0.873233616 -0.002469732 0.999996126 0.001264954 -1.447249055 0.004263595 -0.001254416 0.999990106 51.745971680
0.999985456 0.002896589 -0.004531512 0.884857297 -0.002890023 0.999994755 0.001455139 -1.464676380 0.004535703 -0.001442022 0.999988675 52.307956696
0.999987960 0.002202057 -0.004386667 0.889226079 -0.002198155 0.999997139 0.000893921 -1.474087954 0.004388623 -0.000884268 0.999989986 52.847808838
0.999990046 0.002134925 -0.003906193 0.889652252 -0.002130713 0.999997139 0.001081717 -1.487081528 0.003908490 -0.001073383 0.999991775 53.400260925
0.999988675 0.001879733 -0.004372713 0.901382744 -0.001875132 0.999997675 0.001055912 -1.504774690 0.004374687 -0.001047700 0.999989867 53.934535980
0.999989510 0.001670749 -0.004264446 0.913644552 -0.001666313 0.999998033 0.001043557 -1.520965219 0.004266181 -0.001036440 0.999990344 54.470401764
0.999990821 0.002018198 -0.003812930 0.904608905 -0.002013368 0.999997258 0.001270076 -1.537255168 0.003815483 -0.001262387 0.999991894 55.033946991
0.999989748 0.002185961 -0.003972339 0.913368404 -0.002181787 0.999997020 0.001054905 -1.552684069 0.003974635 -0.001046227 0.999991536 55.586208344
0.999990165 0.002176905 -0.003869324 0.922817349 -0.002173868 0.999997318 0.000788611 -1.557150364 0.003871030 -0.000780192 0.999992192 56.144504547
0.999988437 0.002285179 -0.004237405 0.931135774 -0.002282364 0.999997139 0.000669341 -1.569825172 0.004238922 -0.000659662 0.999990821 56.690956116
0.999989271 0.002244664 -0.004056173 0.953312993 -0.002240296 0.999996960 0.001081260 -1.599746704 0.004058587 -0.001072162 0.999991238 57.210189819
0.999988377 0.002560832 -0.004079418 0.955037296 -0.002557535 0.999996364 0.000813292 -1.600306988 0.004081486 -0.000802850 0.999991357 57.776348114
0.999988377 0.002838832 -0.003887802 0.955525458 -0.002836572 0.999995768 0.000586841 -1.614457250 0.003889451 -0.000575806 0.999992311 58.340110779
0.999988139 0.002521428 -0.004150781 0.974348366 -0.002521451 0.999996841 -0.000000080 -1.626856565 0.004150767 0.000010546 0.999991357 58.874286652
0.999990821 0.002558161 -0.003396711 0.976261795 -0.002557682 0.999996722 0.000145343 -1.636252999 0.003397071 -0.000136654 0.999994218 59.431026459
0.999990940 0.002970520 -0.003030895 0.973714173 -0.002970724 0.999995589 -0.000062648 -1.649917841 0.003030695 0.000071651 0.999995351 59.967880249
0.999989748 0.002544422 -0.003750794 0.986611068 -0.002544238 0.999996722 0.000053725 -1.667244554 0.003750919 -0.000044182 0.999992967 60.534214020
0.999989390 0.002295989 -0.003985982 0.996062279 -0.002296416 0.999997377 -0.000102735 -1.679318666 0.003985736 0.000111887 0.999992013 61.084548950
0.999990225 0.002398161 -0.003710783 1.005720973 -0.002399759 0.999997020 -0.000426099 -1.693866372 0.003709750 0.000435000 0.999992967 61.626163483
0.999989450 0.002318028 -0.003960961 1.025130749 -0.002320740 0.999997079 -0.000680048 -1.706800699 0.003959374 0.000689234 0.999991953 62.168827057
0.999988496 0.002719363 -0.003955131 1.023686290 -0.002719206 0.999996305 0.000045254 -1.727486730 0.003955239 -0.000034498 0.999992192 62.726139069
0.999989569 0.002875817 -0.003540345 1.030753016 -0.002875519 0.999995887 0.000089136 -1.748534203 0.003540587 -0.000078955 0.999993742 63.265666962
0.999990940 0.002788557 -0.003196827 1.034538031 -0.002787522 0.999996066 0.000328059 -1.759631991 0.003197729 -0.000319144 0.999994874 63.815036774
0.999989688 0.003006016 -0.003385745 1.039053440 -0.003005170 0.999995470 0.000254904 -1.782525301 0.003386496 -0.000244726 0.999994218 64.368423462
0.999989867 0.003078583 -0.003263499 1.044253230 -0.003078703 0.999995291 -0.000031716 -1.796201229 0.003263386 0.000041763 0.999994636 64.914833069
0.999988616 0.003129221 -0.003603284 1.056522489 -0.003127829 0.999995053 0.000392207 -1.809059024 0.003604493 -0.000380932 0.999993443 65.453529358
0.999987006 0.002788767 -0.004283922 1.075337648 -0.002786763 0.999996006 0.000474052 -1.828535557 0.004285227 -0.000462107 0.999990702 66.000984192
0.999989629 0.002864283 -0.003546979 1.079386711 -0.002862735 0.999995887 0.000441283 -1.840555310 0.003548228 -0.000431124 0.999993563 66.551818848
0.999989986 0.003201503 -0.003122571 1.077503204 -0.003200889 0.999994814 0.000201200 -1.851786613 0.003123200 -0.000191204 0.999995112 67.105461121
0.999989390 0.002537115 -0.003851491 1.101613402 -0.002535467 0.999996662 0.000432587 -1.867550969 0.003852576 -0.000422817 0.999992549 67.634414673
0.999990165 0.003318041 -0.002934808 1.095126152 -0.003316935 0.999994397 0.000382069 -1.883128643 0.002936059 -0.000372331 0.999995649 68.188278198
0.999990880 0.003049619 -0.002963529 1.111171007 -0.003046558 0.999994814 0.001037174 -1.907579422 0.002966676 -0.001028136 0.999995053 68.714523315
0.999988556 0.003935924 -0.002734037 1.115236163 -0.003935175 0.999992192 0.000278498 -1.918036103 0.002735112 -0.000267736 0.999996305 69.275733948
0.999991477 0.003535774 -0.002123275 1.098460197 -0.003534305 0.999993503 0.000695405 -1.941501737 0.002125719 -0.000687895 0.999997497 69.832885742
0.999991894 0.003521842 -0.001969065 1.109680891 -0.003520907 0.999993682 0.000478335 -1.955784082 0.001970737 -0.000471398 0.999997973 70.376220703
0.999990106 0.004193182 -0.001452450 1.112758994 -0.004191379 0.999990463 0.001241965 -1.979164124 0.001457644 -0.001235865 0.999998212 70.912750244
0.999993742 0.003257757 -0.001397896 1.119525552 -0.003257713 0.999994695 0.000033390 -1.975513101 0.001397997 -0.000028836 0.999999046 71.486320496
0.999994755 0.003073576 -0.001026960 1.129399896 -0.003073588 0.999995232 -0.000010970 -1.991314054 0.001026921 0.000014125 0.999999464 72.041999817
0.999991477 0.003920954 -0.001312498 1.140589833 -0.003920059 0.999992073 0.000682667 -2.010675430 0.001315165 -0.000677516 0.999998927 72.588439941
0.999991894 0.003780325 -0.001396173 1.150324941 -0.003780701 0.999992788 -0.000266905 -2.020223618 0.001395154 0.000272182 0.999998987 73.138031006
0.999990523 0.004091577 -0.001496398 1.157331347 -0.004091217 0.999991596 0.000243181 -2.038883924 0.001497381 -0.000237056 0.999998868 73.678276062
0.999987960 0.004713697 -0.001369658 1.164032340 -0.004713402 0.999988854 0.000218041 -2.052330494 0.001370670 -0.000211582 0.999999046 74.217941284
0.999990106 0.003995831 -0.001955249 1.180082202 -0.003995111 0.999991953 0.000371601 -2.068398476 0.001956718 -0.000363786 0.999997973 74.753303528
0.999991000 0.003591901 -0.002224045 1.197943449 -0.003589354 0.999992907 0.001148959 -2.089313984 0.002228156 -0.001140966 0.999996841 75.288124084
0.999991953 0.003647657 -0.001668699 1.202356339 -0.003645384 0.999992430 0.001364432 -2.103219271 0.001673662 -0.001358338 0.999997675 75.842704773
0.999990821 0.003545776 -0.002386093 1.219867229 -0.003543487 0.999993265 0.000962712 -2.123032093 0.002389490 -0.000954249 0.999996662 76.370246887
0.999990344 0.003516106 -0.002623475 1.229689002 -0.003513867 0.999993443 0.000857632 -2.133828640 0.002626473 -0.000848405 0.999996185 76.918884277
0.999990880 0.003738615 -0.002047627 1.235132456 -0.003737888 0.999992967 0.000359203 -2.142339468 0.002048955 -0.000351546 0.999997795 77.475471497
0.999992132 0.003226725 -0.002362028 1.247346044 -0.003225543 0.999994695 0.000503993 -2.160701990 0.002363641 -0.000496370 0.999997079 78.013137817
0.999992490 0.002887361 -0.002594608 1.264697790 -0.002886159 0.999995708 0.000467084 -2.174142599 0.002595945 -0.000459592 0.999996543 78.553474426
0.999991596 0.003474595 -0.002174915 1.261868000 -0.003472774 0.999993622 0.000841721 -2.195918798 0.002177826 -0.000834161 0.999997199 79.103126526
0.999991953 0.003306329 -0.002271460 1.277646542 -0.003304764 0.999994278 0.000692629 -2.208819389 0.002273736 -0.000685117 0.999997199 79.647308350
0.999990046 0.003944105 -0.002053840 1.282732129 -0.003942831 0.999992073 0.000623897 -2.221459389 0.002056284 -0.000615793 0.999997735 80.192039490
0.999991059 0.003436152 -0.002466903 1.296144962 -0.003435847 0.999994040 0.000127446 -2.230790615 0.002467326 -0.000118970 0.999996901 80.741416931
0.999992728 0.003427218 -0.001626243 1.310585856 -0.003426644 0.999994040 0.000355414 -2.247801304 0.001627451 -0.000349838 0.999998569 81.285858154
0.999992013 0.003967943 -0.000482628 1.319027424 -0.003967512 0.999991775 0.000887753 -2.269476175 0.000486148 -0.000885831 0.999999464 81.823410034
0.999990106 0.004378851 0.000820549 1.329101324 -0.004379436 0.999990165 0.000714601 -2.282217741 -0.000817413 -0.000718188 0.999999404 82.365783691
0.999990582 0.003663073 0.002339997 1.344309688 -0.003665254 0.999992847 0.000928299 -2.304339409 -0.002336580 -0.000936867 0.999996841 82.911331177
0.999977350 0.004011741 0.005398151 1.366540790 -0.004014579 0.999991834 0.000515207 -2.316142559 -0.005396040 -0.000536868 0.999985278 83.463775635
0.999948442 0.003684314 0.009462612 1.377124548 -0.003690403 0.999992907 0.000626064 -2.325783491 -0.009460240 -0.000660953 0.999955058 83.999336243
0.999913990 0.002968328 0.012776374 1.395629644 -0.002977978 0.999995232 0.000736345 -2.346411705 -0.012774129 -0.000774330 0.999918044 84.543334961
0.999843597 0.003374941 0.017352603 1.425187111 -0.003381460 0.999994218 0.000346429 -2.355540037 -0.017351337 -0.000405052 0.999849379 85.091224670
0.999723136 0.003591103 0.023254922 1.446120262 -0.003604547 0.999993384 0.000536227 -2.371332169 -0.023252845 -0.000619902 0.999729335 85.645401001
0.999585986 0.003085453 0.028607044 1.484771729 -0.003105415 0.999994934 0.000653384 -2.388982058 -0.028604876 -0.000741950 0.999590516 86.168632507
0.999404192 0.003016295 0.034382582 1.517592788 -0.003027522 0.999995351 0.000274440 -2.400642395 -0.034381598 -0.000378370 0.999408722 86.708587646
0.999095261 0.002345413 0.042462043 1.551229715 -0.002362203 0.999997139 0.000345252 -2.411910772 -0.042461108 -0.000445244 0.999098003 87.259666443
0.998713255 0.001709147 0.050684705 1.601373672 -0.001718592 0.999998510 0.000142786 -2.428004503 -0.050684385 -0.000229708 0.998714685 87.801612854
0.998313844 0.002661236 0.057988554 1.639029741 -0.002690602 0.999996245 0.000428341 -2.442430019 -0.057987206 -0.000583644 0.998317182 88.324470520
0.997693777 0.002882747 0.067815028 1.691515446 -0.002912227 0.999995708 0.000335863 -2.455759048 -0.067813762 -0.000532582 0.997697890 88.874870300
0.997027874 0.002899323 0.076987281 1.755345821 -0.002967687 0.999995232 0.000773616 -2.483930349 -0.076984689 -0.000999790 0.997031689 89.407943726
0.996344388 0.002483777 0.085391894 1.815052032 -0.002488199 0.999996841 -0.000054636 -2.487602472 -0.085391775 -0.000158036 0.996347368 89.963073730
0.995670795 0.001977599 0.092928767 1.895871639 -0.001976687 0.999997973 -0.000101857 -2.505097389 -0.092928797 -0.000082275 0.995672703 90.519531250
0.994484365 0.002001751 0.104865752 1.945475578 -0.002080540 0.999997556 0.000641946 -2.525402069 -0.104864232 -0.000856582 0.994486153 91.035415649
0.993334472 0.001201237 0.115261540 2.029144287 -0.001281927 0.999998987 0.000625938 -2.537478447 -0.115260653 -0.000769523 0.993335009 91.587310791
0.992231905 0.000800748 0.124399871 2.117320061 -0.000852128 0.999999583 0.000359815 -2.549370289 -0.124399513 -0.000463024 0.992232084 92.125679016
0.990753651 0.001453815 0.135666057 2.205247879 -0.001537664 0.999998689 0.000513265 -2.565176249 -0.135665119 -0.000717128 0.990754485 92.675743103
0.989061654 0.000820757 0.147500262 2.309453011 -0.000842570 0.999999642 0.000085409 -2.576273918 -0.147500172 -0.000208754 0.989062011 93.222557068
0.987356067 0.000585893 0.158516705 2.415346146 -0.000700700 0.999999464 0.000668373 -2.600419283 -0.158516273 -0.000770995 0.987356067 93.766189575
0.985655189 0.000241856 0.168771595 2.526494980 -0.000264565 0.999999940 0.000112068 -2.602775335 -0.168771535 -0.000155110 0.985655189 94.280914307
0.983354986 0.000078224 0.181694999 2.646256447 -0.000135528 1.000000000 0.000302968 -2.617353201 -0.181694955 -0.000322550 0.983354867 94.816970825
0.980956554 -0.000056104 0.194227055 2.770639420 -0.000033850 0.999999881 0.000459822 -2.638365269 -0.194227070 -0.000457641 0.980956495 95.348838806
0.978904068 -0.000182603 0.204320326 2.901361465 0.000168290 0.999999940 0.000087429 -2.647718191 -0.204320326 -0.000051199 0.978904068 95.883468628
0.976123512 -0.000030601 0.217215836 3.046663284 -0.000118090 0.999999762 0.000671544 -2.666345835 -0.217215806 -0.000681162 0.976123333 96.401336670
0.973016858 -0.000234478 0.230733946 3.197637558 0.000006722 0.999999464 0.000987876 -2.679937363 -0.230734065 -0.000959669 0.973016500 96.933135986
0.970445871 -0.000992074 0.241316825 3.342721939 0.000770289 0.999999225 0.001013397 -2.694965839 -0.241317630 -0.000797563 0.970445871 97.436569214
0.967219532 -0.001306633 0.253938168 3.497238159 0.001190132 0.999999046 0.000612408 -2.704405546 -0.253938794 -0.000290113 0.967220187 97.995338440
0.963508427 -0.001248291 0.267674953 3.670261383 0.001073135 0.999999106 0.000800654 -2.723404408 -0.267675698 -0.000484185 0.963508844 98.521270752
0.959796607 -0.000927663 0.280694872 3.831731796 0.000740391 0.999999404 0.000773217 -2.735732794 -0.280695498 -0.000534308 0.959796727 99.039978027
0.956570268 -0.001403062 0.291498750 4.016126633 0.001208571 0.999998808 0.000847267 -2.748930931 -0.291499615 -0.000458173 0.956570864 99.553810120
0.952296495 -0.001993887 0.305167884 4.200233459 0.001559663 0.999997318 0.001666694 -2.775168419 -0.305170447 -0.001111227 0.952297032 100.076011658
0.948790669 -0.003227686 0.315888941 4.412477493 0.003105500 0.999994755 0.000890185 -2.791039467 -0.315890133 0.000136394 0.948795676 100.519470215
0.943749666 -0.002234816 0.330653220 4.592004776 0.001960528 0.999997377 0.001163038 -2.794586658 -0.330654949 -0.000449362 0.943751633 101.105049133
0.939095855 -0.002190992 0.343648314 4.800128937 0.001880477 0.999997437 0.001236840 -2.811751366 -0.343650132 -0.000515289 0.939097643 101.615692139
0.934113801 -0.003589191 0.356957316 5.028036118 0.003363483 0.999993563 0.001253069 -2.826865911 -0.356959522 0.000030111 0.934119880 102.114662170
0.929443121 -0.003495562 0.368948817 5.251604080 0.003104216 0.999993742 0.001654288 -2.845638275 -0.368952274 -0.000392270 0.929448307 102.613731384
0.924597085 -0.004074026 0.380924702 5.479465485 0.004110110 0.999991298 0.000718762 -2.848849297 -0.380924344 0.000901077 0.924605846 103.125991821
0.918842256 -0.004163119 0.394603103 5.719696045 0.003810681 0.999991357 0.001676793 -2.878118753 -0.394606709 -0.000037001 0.918850124 103.616722107
0.913041234 -0.005304787 0.407832623 5.964977264 0.005103348 0.999985754 0.001581881 -2.888049364 -0.407835156 0.000636989 0.913055360 104.115432739
0.908042789 -0.004863518 0.418849170 6.210216522 0.004594278 0.999988079 0.001651332 -2.909041166 -0.418852180 0.000424829 0.908054352 104.580352783
0.901692450 -0.005912518 0.432337642 6.485218048 0.005931496 0.999981523 0.001304591 -2.912903547 -0.432337344 0.001388068 0.901710868 105.086730957
0.895119369 -0.005858500 0.445787996 6.744121552 0.005299515 0.999982953 0.002500515 -2.944692373 -0.445794970 0.000124200 0.895135105 105.558631897
0.888922393 -0.007378308 0.457998425 7.014110565 0.007081195 0.999972045 0.002365662 -2.952723980 -0.458003134 0.001140286 0.888949871 106.059997559
0.883328378 -0.007537822 0.468694121 7.289756775 0.006901366 0.999971449 0.003075425 -2.969433546 -0.468704015 0.000518020 0.883355200 106.537750244
0.876361132 -0.007839932 0.481590867 7.576179504 0.007531015 0.999968350 0.002574374 -2.983588219 -0.481595844 0.001370787 0.876392365 106.993919373
