1.000000000 0.000000000 0.000000000 0.000000000 0.000000000 1.000000000 0.000000000 0.000000000 0.000000000 0.000000000 1.000000000 0.000000000
1.000000000 0.000040808 -0.000033135 0.000269053 -0.000040803 1.000000000 0.000139821 -0.000458869 0.000033141 -0.000139819 1.000000000 0.000313161
1.000000000 0.000212017 -0.000100528 0.001027752 -0.000212000 0.999999940 0.000172803 -0.000980198 0.000100565 -0.000172782 1.000000000 -0.000958046
1.000000000 0.000238323 0.000030137 -0.000458075 -0.000238325 0.999999940 0.000064071 0.000084882 -0.000030122 -0.000064078 1.000000000 0.000557675
1.000000000 0.000097374 0.000067412 -0.001109721 -0.000097369 1.000000000 -0.000075610 0.001259045 -0.000067420 0.000075603 1.000000000 -0.000001906
1.000000000 0.000130988 0.000098156 -0.000998540 -0.000130993 1.000000000 0.000047605 -0.000536901 -0.000098150 -0.000047618 1.000000000 -0.000453075
1.000000000 0.000034263 0.000028777 0.000732694 -0.000034264 1.000000000 0.000062026 -0.000392557 -0.000028775 -0.000062027 1.000000000 -0.000579539
1.000000000 0.000096228 0.000072593 0.000152526 -0.000096237 1.000000000 0.000114612 -0.000222353 -0.000072582 -0.000114619 1.000000000 0.000539499
1.000000000 -0.000040248 0.000122810 0.000254787 0.000040244 1.000000000 0.000034126 -0.000322748 -0.000122811 -0.000034121 1.000000000 -0.001262104
1.000000000 -0.000056531 0.000002631 0.000934549 0.000056531 1.000000000 0.000113568 0.000001601 -0.000002637 -0.000113568 1.000000000 -0.000103159
1.000000000 0.000101658 -0.000021036 0.000480331 -0.000101657 1.000000000 0.000062557 -0.000311668 0.000021043 -0.000062555 1.000000000 -0.000895348
1.000000000 0.000179662 0.000029764 0.000218199 -0.000179661 1.000000000 -0.000046434 0.001463893 -0.000029772 0.000046428 1.000000000 0.001466146
1.000000000 -0.000147907 -0.000033450 0.000576937 0.000147908 1.000000000 0.000033560 0.000416655 0.000033445 -0.000033565 1.000000000 0.000568304
1.000000000 -0.000006355 0.000060726 0.000357448 0.000006344 1.000000000 0.000178303 -0.001289195 -0.000060727 -0.000178302 1.000000000 -0.000838479
1.000000000 -0.000067897 0.000013449 0.000594974 0.000067896 1.000000000 0.000048770 -0.000091258 -0.000013453 -0.000048769 1.000000000 0.000289518
1.000000000 -0.000191171 -0.000134989 0.001132298 0.000191187 1.000000000 0.000120905 -0.000328587 0.000134966 -0.000120931 1.000000000 -0.000406478
1.000000000 0.000137041 0.000147293 -0.000911882 -0.000137061 1.000000000 0.000131158 -0.000468500 -0.000147275 -0.000131179 1.000000000 -0.000252227
1.000000000 0.000016570 -0.000024299 0.000186230 -0.000016569 1.000000000 0.000041401 0.000016671 0.000024300 -0.000041400 1.000000000 -0.000701389
1.000000000 0.000008966 0.000100679 0.000241591 -0.000008974 1.000000000 0.000081105 -0.000617653 -0.000100678 -0.000081106 1.000000000 0.000121422
1.000000000 0.000023957 -0.000027700 0.000720328 -0.000023954 1.000000000 0.000092493 -0.000523324 0.000027702 -0.000092492 1.000000000 -0.000811298
0.999999940 0.000292734 0.000093363 -0.000704955 -0.000292730 0.999999940 -0.000042599 0.000088698 -0.000093375 0.000042571 1.000000000 -0.000886244
1.000000000 0.000191482 0.000024765 0.000077862 -0.000191485 1.000000000 0.000111893 -0.000243853 -0.000024744 -0.000111898 1.000000000 -0.000459836
1.000000000 -0.000131692 0.000073694 0.000906996 0.000131685 1.000000000 0.000091494 -0.000393824 -0.000073706 -0.000091484 1.000000000 0.000435235
0.999999940 0.000282977 0.000056473 -0.000129242 -0.000282987 0.999999940 0.000169163 -0.000200216 -0.000056426 -0.000169179 1.000000000 0.000483799
1.000000000 0.000168391 0.000005446 0.000690605 -0.000168390 1.000000000 -0.000086820 0.000855887 -0.000005460 0.000086819 1.000000000 -0.000705610
1.000000000 0.000210058 0.000016186 0.000428649 -0.000210054 0.999999940 -0.000199318 0.002141242 -0.000016228 0.000199314 1.000000000 -0.001144323
1.000000000 0.000161221 -0.000039251 0.000206807 -0.000161220 1.000000000 0.000035508 -0.000224984 0.000039256 -0.000035502 1.000000000 -0.000906970
1.000000000 0.000173596 0.000060491 -0.000084779 -0.000173612 0.999999940 0.000275476 -0.000264149 -0.000060443 -0.000275486 0.999999940 0.001598497
1.000000000 -0.000068529 -0.000029979 0.000165820 0.000068533 1.000000000 0.000165308 0.000096669 0.000029968 -0.000165310 1.000000000 0.000913984
1.000000000 -0.000074697 -0.000060429 0.001031995 0.000074704 1.000000000 0.000125307 0.000135924 0.000060419 -0.000125311 1.000000000 0.001706192
1.000000000 0.000090502 0.000000429 0.000044598 -0.000090502 1.000000000 0.000223355 -0.001175729 -0.000000409 -0.000223355 1.000000000 -0.000175632
1.000000000 -0.000106930 -0.000114230 0.001010001 0.000106928 1.000000000 -0.000016669 0.000518513 0.000114232 0.000016657 1.000000000 -0.000473066
1.000000000 -0.000074117 -0.000009816 0.000350096 0.000074117 1.000000000 -0.000013412 0.000622069 0.000009817 0.000013411 1.000000000 -0.000441625
1.000000000 -0.000142184 -0.000064918 0.001584728 0.000142188 1.000000000 0.000058133 -0.000127695 0.000064910 -0.000058142 1.000000000 -0.000132917
1.000000000 0.000196018 0.000070157 -0.001116030 -0.000196019 1.000000000 0.000012865 0.000534180 -0.000070155 -0.000012879 1.000000000 -0.000380997
1.000000000 0.000191540 0.000010575 -0.000801794 -0.000191540 1.000000000 0.000046623 0.000608882 -0.000010566 -0.000046625 1.000000000 0.001932805
1.000000000 -0.000132430 -0.000049697 0.000966172 0.000132428 1.000000000 -0.000021803 0.001410539 0.000049700 0.000021796 1.000000000 0.002783682
1.000000000 0.000094429 0.000033454 -0.000032273 -0.000094436 1.000000000 0.000191670 -0.000628330 -0.000033436 -0.000191674 1.000000000 -0.000502921
1.000000000 -0.000054301 0.000039022 0.000758267 0.000054298 1.000000000 0.000075136 0.000201384 -0.000039027 -0.000075134 1.000000000 -0.001035319
1.000000000 -0.000015151 0.000127933 0.000164319 0.000015153 1.000000000 -0.000015204 0.000259042 -0.000127933 0.000015206 1.000000000 0.001594505
0.999977231 0.005239417 0.004246618 -0.076223701 -0.005234359 0.999985576 -0.001201438 -0.021197084 -0.004252851 0.001179183 0.999990284 0.008096442
0.999978423 0.005193742 0.004013756 -0.073762521 -0.005186330 0.999984801 -0.001855198 -0.023456456 -0.004023331 0.001834342 0.999990165 0.095519453
0.999975860 0.005639436 0.004062083 -0.073045023 -0.005630533 0.999981701 -0.002199948 -0.026446689 -0.004074415 0.002177023 0.999989331 0.209881037
0.999985814 0.004213382 0.003250740 -0.042891454 -0.004210029 0.999990582 -0.001037497 -0.047841456 -0.003255081 0.001023797 0.999994159 0.309337378
0.999984980 0.004329769 0.003364425 -0.039914221 -0.004325975 0.999989927 -0.001134435 -0.052673724 -0.003369304 0.001119864 0.999993622 0.446484834
0.999983311 0.004620959 0.003473159 -0.038053017 -0.004617173 0.999988675 -0.001097194 -0.056701839 -0.003478190 0.001081139 0.999993324 0.601231337
0.999967694 0.007204853 0.003560771 -0.040606078 -0.007199945 0.999973118 -0.001389183 -0.049102418 -0.003570684 0.001363501 0.999992669 0.778970301
0.999968588 0.007140166 0.003441960 -0.036229275 -0.007135509 0.999973595 -0.001363666 -0.053709995 -0.003451606 0.001339063 0.999993145 0.947724164
0.999986231 0.004136792 0.003203770 -0.025240678 -0.004136044 0.999991417 -0.000239956 -0.086611502 -0.003204735 0.000226702 0.999994814 1.097583532
0.999983609 0.004866589 0.003023434 -0.013010899 -0.004867106 0.999988079 0.000163293 -0.087070338 -0.003022604 -0.000178005 0.999995410 1.280183196
0.999980807 0.005345330 0.003132737 -0.009828318 -0.005345595 0.999985695 0.000076422 -0.090993471 -0.003132283 -0.000093166 0.999995112 1.464964151
0.999974728 0.006493764 0.002892216 0.000237355 -0.006492309 0.999978781 -0.000511916 -0.096745126 -0.002895479 0.000493126 0.999995708 1.642282486
0.999974489 0.006578515 0.002797410 0.004678780 -0.006576374 0.999978125 -0.000773581 -0.101504594 -0.002802437 0.000755164 0.999995828 1.843397379
0.999980807 0.005432030 0.002981898 -0.009251520 -0.005431056 0.999985218 -0.000334509 -0.093230702 -0.002983671 0.000318308 0.999995470 2.066551924
0.999979794 0.005607876 0.002998853 -0.003990302 -0.005606120 0.999984205 -0.000593454 -0.096739739 -0.003002133 0.000576630 0.999995291 2.283410788
0.999980092 0.005113672 0.003693768 -0.000842983 -0.005112900 0.999986887 -0.000218675 -0.112192884 -0.003694838 0.000199785 0.999993145 2.506298780
0.999978483 0.005536877 0.003526047 0.006424964 -0.005536932 0.999984741 0.000005924 -0.120464548 -0.003525960 -0.000025448 0.999993742 2.738069057
0.999980867 0.005383004 0.003038685 0.024607444 -0.005384113 0.999985576 0.000357066 -0.125313029 -0.003036719 -0.000373420 0.999995232 2.980329990
0.999981880 0.004961378 0.003407549 0.014719105 -0.004963214 0.999987543 0.000530557 -0.132635266 -0.003404875 -0.000547460 0.999993980 3.227339268
0.999979079 0.005345752 0.003625557 0.022242012 -0.005345847 0.999985695 0.000016757 -0.134844631 -0.003625415 -0.000036139 0.999993443 3.473025799
0.999982715 0.004888530 0.003267483 0.027357979 -0.004888447 0.999988019 -0.000033221 -0.141647905 -0.003267606 0.000017247 0.999994636 3.723307133
0.999981523 0.005103673 0.003303327 0.038689196 -0.005101359 0.999986708 -0.000708748 -0.139546111 -0.003306901 0.000691883 0.999994278 3.987984419
0.999976814 0.005650502 0.003801364 0.029398240 -0.005647294 0.999983609 -0.000854224 -0.140402094 -0.003806129 0.000832736 0.999992430 4.247797012
0.999978781 0.005239105 0.003876809 0.037596099 -0.005234943 0.999985695 -0.001082964 -0.146853969 -0.003882427 0.001062646 0.999991953 4.504721165
0.999981403 0.004937132 0.003575217 0.047046822 -0.004938771 0.999987721 0.000449649 -0.177391171 -0.003572952 -0.000467298 0.999993503 4.751365185
0.999981701 0.004977812 0.003437123 0.058318593 -0.004979646 0.999987423 0.000525241 -0.184751570 -0.003434466 -0.000542347 0.999993920 5.008215427
0.999976933 0.005349157 0.004190758 0.054647028 -0.005349532 0.999985695 0.000078290 -0.189322144 -0.004190280 -0.000100707 0.999991238 5.285874844
0.999975860 0.005936819 0.003602315 0.068064675 -0.005937358 0.999982357 0.000139175 -0.200768530 -0.003601426 -0.000160560 0.999993503 5.551339149
0.999974787 0.006146255 0.003538733 0.072527274 -0.006148685 0.999980867 0.000676338 -0.211623579 -0.003534508 -0.000698079 0.999993563 5.823176861
0.999976695 0.005853396 0.003521389 0.084424160 -0.005854910 0.999982715 0.000419497 -0.211339295 -0.003518873 -0.000440104 0.999993682 6.097651958
0.999980390 0.005336142 0.003285010 0.092219278 -0.005337082 0.999985695 0.000277282 -0.218033373 -0.003283484 -0.000294809 0.999994576 6.381115913
0.999978244 0.005355587 0.003843073 0.093648657 -0.005356244 0.999985635 0.000160601 -0.224868745 -0.003842158 -0.000181182 0.999992609 6.676754951
0.999978602 0.005117849 0.004055134 0.100496069 -0.005119497 0.999986768 0.000396333 -0.235873803 -0.004053053 -0.000417085 0.999991715 6.972317219
0.999982059 0.004655643 0.003772593 0.100785479 -0.004658431 0.999988854 0.000730447 -0.249796599 -0.003769151 -0.000748009 0.999992549 7.260077477
0.999975026 0.005849335 0.003947946 0.108506508 -0.005853762 0.999982238 0.001110958 -0.265721947 -0.003941377 -0.001134041 0.999991596 7.575160980
0.999978960 0.004781085 0.004387844 0.113955289 -0.004784087 0.999988258 0.000673818 -0.269326568 -0.004384571 -0.000694796 0.999990165 7.882153511
0.999975622 0.005504431 0.004290405 0.114947230 -0.005513219 0.999982715 0.002039121 -0.295446217 -0.004279107 -0.002062726 0.999988735 8.186165810
0.999974430 0.005564986 0.004482975 0.121545337 -0.005569574 0.999983966 0.001011737 -0.293655157 -0.004477273 -0.001036679 0.999989450 8.518763542
0.999974787 0.005444450 0.004559559 0.131160706 -0.005450629 0.999984264 0.001343826 -0.306241542 -0.004552171 -0.001368645 0.999988675 8.845797539
0.999974728 0.005630008 0.004366509 0.135591850 -0.005635540 0.999983311 0.001255721 -0.316664279 -0.004359366 -0.001280296 0.999989688 9.176448822
0.999973714 0.005387411 0.004849534 0.141118482 -0.005393774 0.999984562 0.001299809 -0.316239417 -0.004842457 -0.001325932 0.999987364 9.530813217
0.999974668 0.005031459 0.005033474 0.149400443 -0.005037297 0.999986589 0.001147846 -0.327645302 -0.005027632 -0.001173172 0.999986649 9.869864464
0.999969363 0.006089821 0.004914390 0.161217064 -0.006096247 0.999980569 0.001293754 -0.346529484 -0.004906416 -0.001323673 0.999987066 10.218665123
0.999972522 0.005533601 0.004923920 0.167801812 -0.005540410 0.999983728 0.001370364 -0.352314502 -0.004916256 -0.001397607 0.999986947 10.575333595
0.999965549 0.006371613 0.005324999 0.174276382 -0.006380074 0.999978423 0.001573528 -0.362694800 -0.005314859 -0.001607448 0.999984562 10.929699898
0.999965131 0.006321677 0.005459126 0.187503695 -0.006331741 0.999978304 0.001828219 -0.382514596 -0.005447451 -0.001862721 0.999983370 11.302191734
0.999969006 0.005759285 0.005370236 0.197788045 -0.005771291 0.999980867 0.002222640 -0.390977710 -0.005357333 -0.002253564 0.999983132 11.680841446
0.999969780 0.005866352 0.005098733 0.208340749 -0.005875162 0.999981284 0.001714630 -0.399064183 -0.005088579 -0.001744534 0.999985516 12.058838844
0.999963760 0.006343819 0.005678616 0.212487221 -0.006354418 0.999978244 0.001850464 -0.413085550 -0.005666752 -0.001886482 0.999982178 12.448541641
0.999976337 0.005082416 0.004631535 0.230348766 -0.005092941 0.999984443 0.002263545 -0.421167374 -0.004619958 -0.002287079 0.999986708 12.860688210
0.999968410 0.005619531 0.005620170 0.237893373 -0.005634830 0.999980390 0.002710119 -0.440185457 -0.005604832 -0.002741702 0.999980450 13.240305901
0.999973595 0.005497049 0.004752793 0.253765434 -0.005504900 0.999983490 0.001640483 -0.440808266 -0.004743697 -0.001666603 0.999987364 13.658061981
0.999964356 0.006139135 0.005818614 0.256211877 -0.006150347 0.999979258 0.001910797 -0.451672733 -0.005806763 -0.001946515 0.999981225 14.062063217
0.999972403 0.005101595 0.005385844 0.277828097 -0.005105954 0.999986649 0.000796103 -0.449044526 -0.005381710 -0.000823581 0.999985158 14.530753136
0.999963701 0.006467888 0.005542630 0.288076043 -0.006477295 0.999977589 0.001680920 -0.476593345 -0.005531634 -0.001716760 0.999983251 14.941699982
0.999968350 0.005758484 0.005495122 0.299537748 -0.005768758 0.999981642 0.001855525 -0.485735983 -0.005484337 -0.001887167 0.999983191 15.368459702
0.999961793 0.006589760 0.005744968 0.311720490 -0.006601244 0.999976337 0.001982556 -0.500908732 -0.005731767 -0.002020405 0.999981523 15.798277855
0.999969363 0.005387153 0.005674540 0.331270188 -0.005399860 0.999982953 0.002226352 -0.513170481 -0.005662450 -0.002256925 0.999981403 16.248033524
0.999968886 0.005307369 0.005835453 0.339787900 -0.005321291 0.999983013 0.002372757 -0.522675753 -0.005822760 -0.002403735 0.999980152 16.683063507
0.999960899 0.005751003 0.006717283 0.348495990 -0.005765481 0.999981105 0.002137906 -0.530539930 -0.006704862 -0.002176551 0.999975145 17.130659103
0.999964356 0.005385048 0.006498095 0.362753004 -0.005401633 0.999982178 0.002537588 -0.552898705 -0.006484314 -0.002572598 0.999975681 17.579101562
0.999964476 0.005374451 0.006498103 0.377299637 -0.005392394 0.999981642 0.002746989 -0.569167018 -0.006483220 -0.002781932 0.999975085 18.048969269
0.999948561 0.007041488 0.007297977 0.389172614 -0.007059062 0.999972224 0.002385113 -0.577255189 -0.007280979 -0.002436507 0.999970496 18.497932434
0.999946713 0.007148669 0.007451879 0.403561294 -0.007170880 0.999969900 0.002958042 -0.594634414 -0.007430510 -0.003011320 0.999967813 18.968320847
0.999961555 0.005319554 0.006968243 0.422659338 -0.005339635 0.999981642 0.002866264 -0.603646457 -0.006952867 -0.002903362 0.999971628 19.454147339
0.999952435 0.006044053 0.007659633 0.427091241 -0.006074057 0.999973953 0.003899934 -0.623729944 -0.007635862 -0.003946274 0.999963045 19.944936752
0.999963462 0.005163330 0.006811847 0.444446295 -0.005185762 0.999981165 0.003279587 -0.633816779 -0.006794786 -0.003314791 0.999971449 20.455062866
0.999967039 0.004955316 0.006435121 0.458029270 -0.004977321 0.999981821 0.003407911 -0.644816339 -0.006418117 -0.003439829 0.999973476 20.952922821
0.999974370 0.004533466 0.005542754 0.473686725 -0.004549964 0.999985218 0.002967552 -0.644777060 -0.005529219 -0.002992695 0.999980152 21.462089539
0.999975026 0.004495981 0.005455778 0.485284001 -0.004514562 0.999984026 0.003398328 -0.672998548 -0.005440412 -0.003422874 0.999979317 21.966518402
0.999974728 0.005612187 0.004370383 0.503019512 -0.005628021 0.999977589 0.003619394 -0.685864031 -0.004349973 -0.003643899 0.999983907 22.486337662
0.999983490 0.004607269 0.003416064 0.517968595 -0.004620050 0.999982238 0.003743001 -0.700579226 -0.003398759 -0.003758722 0.999987185 22.996782303
0.999983370 0.004767237 0.003253507 0.517791212 -0.004778619 0.999982476 0.003499682 -0.706782579 -0.003236766 -0.003515171 0.999988556 23.518985748
0.999993563 0.002764913 0.002289705 0.535285771 -0.002772976 0.999989927 0.003525752 -0.729400456 -0.002279933 -0.003532078 0.999991179 24.037778854
0.999990404 0.004060288 0.001651636 0.548697114 -0.004067105 0.999983132 0.004144237 -0.747048795 -0.001634781 -0.004150915 0.999989986 24.572889328
0.999991536 0.003994902 0.000922812 0.563453078 -0.003998075 0.999985993 0.003463325 -0.750841677 -0.000908963 -0.003466985 0.999993563 25.100885391
0.999993742 0.003493931 0.000543657 0.574541986 -0.003495539 0.999989450 0.002984674 -0.758778453 -0.000533223 -0.002986555 0.999995410 25.655801773
0.999987662 0.004967544 0.000161825 0.580628455 -0.004968038 0.999982476 0.003213788 -0.770467818 -0.000145858 -0.003214553 0.999994814 26.210437775
0.999992371 0.003789943 -0.000994718 0.592342377 -0.003785567 0.999983311 0.004365329 -0.791649342 0.001011246 -0.004361530 0.999989986 26.756336212
0.999990702 0.004271374 -0.000615419 0.602408290 -0.004268702 0.999981642 0.004280119 -0.806532025 0.000633690 -0.004277451 0.999990642 27.292102814
0.999987662 0.004957180 -0.000391804 0.603887439 -0.004955571 0.999979734 0.004005872 -0.828184247 0.000411654 -0.004003881 0.999991894 27.818944931
0.999987781 0.004576475 -0.001824619 0.626323581 -0.004567527 0.999977648 0.004878303 -0.844055533 0.001846903 -0.004869910 0.999986410 28.373060226
0.999985576 0.005121449 -0.001617169 0.629840612 -0.005113553 0.999975145 0.004849195 -0.859413266 0.001641963 -0.004840855 0.999986947 28.899644852
0.999990046 0.003926084 -0.002173719 0.646520972 -0.003915195 0.999979854 0.004991636 -0.871982872 0.002193273 -0.004983075 0.999985158 29.441850662
0.999989092 0.003853959 -0.002630000 0.653039694 -0.003840131 0.999978900 0.005242602 -0.884672999 0.002650149 -0.005232446 0.999982715 29.981494904
0.999984741 0.004593820 -0.003074896 0.664479256 -0.004580321 0.999979854 0.004382963 -0.895088553 0.003094969 -0.004368812 0.999985695 30.549396515
0.999984801 0.004143984 -0.003632384 0.677532077 -0.004126819 0.999980271 0.004720422 -0.905176580 0.003651874 -0.004705360 0.999982238 31.082658768
0.999986112 0.003981714 -0.003454154 0.689858139 -0.003966129 0.999981999 0.004506895 -0.921050668 0.003472037 -0.004493133 0.999983907 31.639768600
0.999983430 0.004420268 -0.003683050 0.694378734 -0.004404004 0.999980509 0.004412678 -0.933554053 0.003702484 -0.004396385 0.999983490 32.163059235
0.999983311 0.003321367 -0.004722401 0.709981501 -0.003298463 0.999982715 0.004849706 -0.950821042 0.004738428 -0.004834048 0.999977112 32.709022522
0.999980509 0.004566946 -0.004261894 0.708997786 -0.004547714 0.999979496 0.004511264 -0.965070963 0.004282409 -0.004491794 0.999980748 33.264640808
0.999982119 0.004036577 -0.004409044 0.716594577 -0.004016493 0.999981523 0.004554677 -0.972588837 0.004427348 -0.004536886 0.999979913 33.831996918
0.999981225 0.003683757 -0.004899577 0.729090393 -0.003661835 0.999983251 0.004475865 -0.987526298 0.004915985 -0.004457839 0.999977946 34.355640411
0.999979615 0.003838479 -0.005106653 0.738661408 -0.003815680 0.999982715 0.004466865 -0.999822021 0.005123710 -0.004447289 0.999976993 34.912712097
0.999978244 0.003894884 -0.005327660 0.753833473 -0.003869039 0.999980748 0.004852696 -1.016182303 0.005346458 -0.004831978 0.999973953 35.441307068
0.999978364 0.003525934 -0.005572204 0.755922854 -0.003501864 0.999984503 0.004323710 -1.027740359 0.005587365 -0.004304103 0.999975145 35.999488831
0.999977946 0.003006917 -0.005924609 0.764481008 -0.002984366 0.999988258 0.003811498 -1.031277537 0.005936001 -0.003793733 0.999975204 36.551593781
0.999978185 0.003643963 -0.005495863 0.764657974 -0.003614602 0.999979198 0.005342709 -1.057999969 0.005515218 -0.005322727 0.999970615 37.094703674
0.999972224 0.003012090 -0.006813343 0.795992374 -0.002985873 0.999988139 0.003854806 -1.056453109 0.006824873 -0.003834356 0.999969363 37.646598816
0.999969065 0.003688137 -0.006946631 0.797385573 -0.003658158 0.999983966 0.004323364 -1.069769263 0.006962465 -0.004297819 0.999966502 38.192707062
0.999971986 0.003968077 -0.006347026 0.808546901 -0.003938179 0.999981225 0.004715958 -1.090011239 0.006365619 -0.004690831 0.999968708 38.730644226
0.999971867 0.003743399 -0.006495666 0.801297545 -0.003717857 0.999985337 0.003939753 -1.096603274 0.006510319 -0.003915492 0.999971151 39.269287109
0.999971688 0.003320348 -0.006753192 0.814918578 -0.003287817 0.999982953 0.004822560 -1.117695451 0.006769090 -0.004800220 0.999965549 39.803474426
0.999972165 0.004186763 -0.006177729 0.806640685 -0.004168279 0.999986827 0.003001978 -1.106809497 0.006190216 -0.002976144 0.999976397 40.385536194
0.999966681 0.004104745 -0.007059232 0.825445175 -0.004075374 0.999983132 0.004169922 -1.129366279 0.007076228 -0.004141015 0.999966383 40.912204742
0.999967813 0.003276471 -0.007324656 0.835835218 -0.003253372 0.999989688 0.003163367 -1.135915399 0.007334945 -0.003139435 0.999968171 41.458305359
0.999972343 0.003011833 -0.006816101 0.841621757 -0.002987390 0.999989033 0.003593601 -1.161028862 0.006826852 -0.003573139 0.999970317 42.006301880
0.999969661 0.005004025 -0.005962641 0.834729910 -0.004984763 0.999982297 0.003240929 -1.158107996 0.005978753 -0.003211108 0.999976993 42.551631927
0.999965608 0.005195997 -0.006456256 0.840123773 -0.005175749 0.999981642 0.003148749 -1.166963577 0.006472500 -0.003115224 0.999974191 43.091896057
0.999972522 0.004757318 -0.005680393 0.844186723 -0.004740017 0.999984086 0.003055290 -1.172950029 0.005694838 -0.003028280 0.999979198 43.662067413
0.999972761 0.004907341 -0.005504716 0.841738224 -0.004890074 0.999983191 0.003145741 -1.187087297 0.005520061 -0.003118737 0.999979854 44.188461304
0.999973059 0.004971955 -0.005398354 0.841293812 -0.004952724 0.999981344 0.003569853 -1.209055662 0.005416003 -0.003543021 0.999979019 44.736881256
0.999974549 0.005275926 -0.004803005 0.851189315 -0.005256443 0.999977946 0.004059844 -1.230986118 0.004824318 -0.004034494 0.999980211 45.266613007
0.999974132 0.005331266 -0.004826652 0.854138613 -0.005313939 0.999979436 0.003595512 -1.239081144 0.004845722 -0.003569770 0.999981880 45.818347931
0.999974132 0.005047764 -0.005113803 0.849723816 -0.005030236 0.999981463 0.003434522 -1.259527445 0.005131044 -0.003408709 0.999981046 46.377056122
0.999974251 0.006196827 -0.003613774 0.832045376 -0.006177624 0.999966979 0.005300962 -1.295572519 0.003646503 -0.005278502 0.999979436 46.892917633
0.999973774 0.005813559 -0.004317680 0.856302381 -0.005798291 0.999976933 0.003540042 -1.278526902 0.004338162 -0.003514915 0.999984324 47.460006714
0.999967992 0.006042948 -0.005229577 0.881692290 -0.006023498 0.999974847 0.003726922 -1.299690247 0.005251967 -0.003695302 0.999979317 48.004974365
0.999971151 0.006142706 -0.004451681 0.886598945 -0.006124353 0.999972761 0.004124583 -1.312562704 0.004476896 -0.004097201 0.999981582 48.511154175
0.999970019 0.006317003 -0.004472062 0.891157269 -0.006302072 0.999974549 0.003345258 -1.317978382 0.004493081 -0.003316974 0.999984384 49.068294525
0.999973416 0.005890519 -0.004297017 0.894265831 -0.005872761 0.999974191 0.004133624 -1.340313196 0.004321255 -0.004108278 0.999982238 49.620674133
0.999971986 0.006528443 -0.003656774 0.890634716 -0.006514981 0.999971926 0.003681346 -1.337982655 0.003680704 -0.003657420 0.999986529 50.155803680
0.999971628 0.006111178 -0.004395988 0.907825947 -0.006091400 0.999971330 0.004498421 -1.372839212 0.004423352 -0.004471516 0.999980211 50.691493988
0.999971509 0.006218925 -0.004285238 0.929318249 -0.006198654 0.999969542 0.004727532 -1.389590383 0.004314508 -0.004700834 0.999979615 51.233474731
0.999971032 0.006763175 -0.003486130 0.926219761 -0.006745768 0.999964833 0.004981092 -1.397879839 0.003519695 -0.004957431 0.999981523 51.783515930
0.999973357 0.005904210 -0.004317357 0.931991935 -0.005885848 0.999973655 0.004253555 -1.407970309 0.004342357 -0.004228030 0.999981642 52.328815460
0.999970496 0.006730488 -0.003706251 0.933969676 -0.006717594 0.999971330 0.003480555 -1.414576173 0.003729571 -0.003455556 0.999987006 52.891326904
0.999971747 0.006345261 -0.004031812 0.940202773 -0.006328641 0.999971390 0.004122088 -1.436826706 0.004057853 -0.004096455 0.999983311 53.453182220
0.999969184 0.006797821 -0.003931059 0.940982163 -0.006780826 0.999967694 0.004320848 -1.446438193 0.003960304 -0.004294059 0.999982953 54.006702423
0.999977648 0.005758242 -0.003379599 0.961555004 -0.005741538 0.999971330 0.004931545 -1.474865675 0.003407899 -0.004912031 0.999982119 54.473217010
0.999977589 0.005401038 -0.003950459 0.965041995 -0.005384387 0.999976635 0.004213043 -1.480140924 0.003973121 -0.004191678 0.999983311 55.026744843
0.999975860 0.005486920 -0.004259054 0.975213945 -0.005467991 0.999975204 0.004443246 -1.490441084 0.004283328 -0.004419851 0.999981046 55.579372406
0.999978542 0.005259819 -0.003884786 0.968154013 -0.005243544 0.999977469 0.004187565 -1.501764417 0.003906724 -0.004167106 0.999983668 56.138046265
0.999971151 0.006242213 -0.004330908 1.000015497 -0.006224478 0.999972343 0.004096434 -1.522537231 0.004356359 -0.004069358 0.999982238 56.658470154
0.999971807 0.006317658 -0.004063866 0.994810879 -0.006302086 0.999972820 0.003833381 -1.529003501 0.004087974 -0.003807662 0.999984324 57.254661560
0.999974966 0.006088006 -0.003608659 0.992199779 -0.006077501 0.999977231 0.002914806 -1.526504517 0.003626322 -0.002892801 0.999989212 57.797958374
0.999978006 0.005827506 -0.003198176 1.012553334 -0.005819207 0.999979615 0.002598612 -1.526799321 0.003213255 -0.002579944 0.999991536 58.359382629
0.999977410 0.005593055 -0.003724870 1.026729107 -0.005582117 0.999980032 0.002940802 -1.563091516 0.003741243 -0.002919943 0.999988735 58.921051025
0.999979675 0.005200679 -0.003689436 1.028785825 -0.005194669 0.999985158 0.001636778 -1.535506487 0.003697893 -0.001617579 0.999991775 59.467369080
0.999967396 0.006458622 -0.004846389 1.070605516 -0.006444245 0.999974728 0.002976238 -1.578066349 0.004865490 -0.002944909 0.999983847 60.002986908
0.999968112 0.006433622 -0.004724680 1.074992657 -0.006424562 0.999977589 0.001930327 -1.574054837 0.004736992 -0.001899911 0.999986947 60.572757721
0.999974668 0.005610035 -0.004403442 1.074940443 -0.005598941 0.999981105 0.002527677 -1.609498739 0.004417540 -0.002502958 0.999987125 61.106163025
0.999970973 0.005910595 -0.004813008 1.112913370 -0.005898845 0.999979556 0.002451882 -1.603872538 0.004827403 -0.002423420 0.999985337 61.642505646
0.999966204 0.005897896 -0.005713526 1.126532197 -0.005887140 0.999980867 0.001897224 -1.613391161 0.005724606 -0.001863523 0.999981880 62.194965363
0.999974370 0.005480745 -0.004604881 1.134109497 -0.005471524 0.999983132 0.002012885 -1.629616022 0.004615835 -0.001987638 0.999987304 62.751670837
0.999974787 0.005550724 -0.004433667 1.131905794 -0.005543567 0.999983430 0.001624642 -1.634002924 0.004442611 -0.001600023 0.999988854 63.319042206
0.999969661 0.006379583 -0.004472927 1.129377842 -0.006373595 0.999978721 0.001352132 -1.644149899 0.004481459 -0.001323582 0.999989033 63.885242462
0.999969900 0.006180327 -0.004687330 1.153708696 -0.006172889 0.999979675 0.001599757 -1.665267348 0.004697122 -0.001570774 0.999987721 64.418716431
0.999971688 0.005778364 -0.004816000 1.159843206 -0.005769221 0.999981523 0.001910229 -1.675099134 0.004826949 -0.001882390 0.999986589 64.972656250
0.999974668 0.004986482 -0.005081074 1.175139666 -0.004974804 0.999984980 0.002308127 -1.693831563 0.005092508 -0.002282791 0.999984443 65.516609192
0.999974787 0.005889397 -0.003946186 1.168896198 -0.005881779 0.999980807 0.001939164 -1.705302954 0.003957530 -0.001915905 0.999990344 66.082618713
0.999972165 0.006149263 -0.004212429 1.172170162 -0.006143508 0.999980152 0.001377594 -1.712259173 0.004220816 -0.001351677 0.999990106 66.659133911
0.999973595 0.005454397 -0.004803859 1.187793612 -0.005448183 0.999984264 0.001305863 -1.725810170 0.004810906 -0.001279657 0.999987602 67.189453125
0.999978781 0.005216881 -0.003933065 1.187220573 -0.005212674 0.999985814 0.001078885 -1.732378960 0.003938638 -0.001058360 0.999991655 67.753479004
0.999968231 0.006989745 -0.003826014 1.195586443 -0.006985775 0.999975026 0.001049856 -1.754961967 0.003833256 -0.001023094 0.999992132 68.293525696
0.999971390 0.006328055 -0.004150875 1.211925745 -0.006327378 0.999979973 0.000175430 -1.763218641 0.004151902 -0.000149161 0.999991357 68.835693359
0.999974489 0.005645713 -0.004369233 1.220069051 -0.005645650 0.999984026 0.000027007 -1.767308831 0.004369316 -0.000002339 0.999990463 69.376823425
0.999968767 0.006419286 -0.004605218 1.229970574 -0.006416147 0.999979198 0.000696029 -1.794668436 0.004609591 -0.000666460 0.999989092 69.924674988
0.999972284 0.005803479 -0.004660740 1.240920663 -0.005798913 0.999982715 0.000992520 -1.812999010 0.004666420 -0.000965465 0.999988675 70.469871521
0.999969959 0.006136627 -0.004739421 1.246124625 -0.006132832 0.999980867 0.000814677 -1.823847294 0.004744330 -0.000785586 0.999988437 71.009910583
0.999972045 0.005999871 -0.004460122 1.256549478 -0.005996928 0.999981821 0.000672998 -1.836972952 0.004464078 -0.000646232 0.999989808 71.563842773
0.999968827 0.006385625 -0.004630629 1.260788918 -0.006382270 0.999979377 0.000738790 -1.851006389 0.004635251 -0.000709213 0.999989033 72.105606079
0.999969542 0.005756452 -0.005275204 1.281487465 -0.005753518 0.999983251 0.000571191 -1.863534927 0.005278404 -0.000540822 0.999985933 72.661575317
0.999969602 0.006283485 -0.004614544 1.277278900 -0.006278004 0.999979496 0.001201091 -1.886738300 0.004621997 -0.001172084 0.999988616 73.180870056
0.999970496 0.005830793 -0.004999307 1.286973715 -0.005826406 0.999982655 0.000891630 -1.896524906 0.005004419 -0.000862476 0.999987125 73.752586365
0.999969900 0.006128769 -0.004748122 1.298606396 -0.006126346 0.999981046 0.000524490 -1.911069274 0.004751246 -0.000495385 0.999988616 74.301322937
0.999974489 0.005808434 -0.004149284 1.306027174 -0.005803499 0.999982357 0.001200572 -1.930444717 0.004156184 -0.001176461 0.999990642 74.834220886
0.999972284 0.005797530 -0.004695124 1.311731577 -0.005793649 0.999982893 0.000839813 -1.942135930 0.004699914 -0.000812588 0.999988556 75.380905151
0.999978185 0.005059965 -0.004239887 1.318862200 -0.005059459 0.999987185 0.000129912 -1.945217133 0.004240490 -0.000108458 0.999991000 75.919136047
0.999975920 0.005580314 -0.004125691 1.324233413 -0.005578151 0.999984264 0.000535811 -1.964368820 0.004128617 -0.000512784 0.999991298 76.475349426
0.999974072 0.006158598 -0.003717829 1.329129219 -0.006157611 0.999980927 0.000276708 -1.983277917 0.003719462 -0.000253808 0.999993026 77.027313232
0.999972999 0.006399725 -0.003610448 1.343373537 -0.006399751 0.999979496 0.000004414 -1.992013693 0.003610402 0.000018692 0.999993503 77.562500000
0.999973714 0.006044808 -0.004010972 1.345571995 -0.006042835 0.999981582 0.000503426 -2.014840841 0.004013941 -0.000479175 0.999991834 78.093742371
0.999964654 0.007446909 -0.003909519 1.357182503 -0.007445200 0.999972105 0.000451799 -2.026923895 0.003912775 -0.000422675 0.999992251 78.640388489
0.999969184 0.006536132 -0.004331952 1.377665043 -0.006536447 0.999978662 -0.000058440 -2.038036346 0.004331477 0.000086754 0.999990582 79.175071716
0.999970376 0.006595854 -0.003964728 1.381110549 -0.006595045 0.999978244 0.000217269 -2.052254438 0.003966074 -0.000191115 0.999992132 79.720588684
0.999969363 0.006480264 -0.004378631 1.395187020 -0.006483333 0.999978721 -0.000687350 -2.062689543 0.004374083 0.000715717 0.999990165 80.256652832
0.999974072 0.006363789 -0.003376364 1.407657862 -0.006366496 0.999979436 -0.000792000 -2.075881958 0.003371255 0.000813475 0.999993980 80.821952820
0.999977231 0.006281862 -0.002453400 1.416493416 -0.006282600 0.999980330 -0.000293748 -2.095672131 0.002451506 0.000309155 0.999996960 81.358879089
0.999975801 0.006893727 -0.000921230 1.425891042 -0.006894611 0.999975741 -0.000961033 -2.103513956 0.000914583 0.000967361 0.999999046 81.924072266
0.999977052 0.006760363 -0.000348315 1.446497798 -0.006760570 0.999976993 -0.000595687 -2.118542910 0.000344280 0.000598028 0.999999702 82.475685120
0.999966323 0.007461245 0.003459625 1.454187632 -0.007458307 0.999971807 -0.000860885 -2.135977030 -0.003465952 0.000835052 0.999993622 83.011932373
0.999954462 0.006388342 0.007083912 1.478448153 -0.006384086 0.999979436 -0.000622983 -2.154800653 -0.007087747 0.000577730 0.999974728 83.544090271
0.999924719 0.006858411 0.010171902 1.492241859 -0.006846663 0.999975801 -0.001189321 -2.164837360 -0.010179815 0.001119588 0.999947488 84.101089478
0.999854684 0.007180903 0.015462030 1.503800511 -0.007160388 0.999973416 -0.001381773 -2.169229269 -0.015471541 0.001270858 0.999879479 84.645172119
0.999750555 0.006622724 0.021327512 1.535426140 -0.006600423 0.999977589 -0.001115954 -2.188724756 -0.021334423 0.000974905 0.999771893 85.195297241
0.999602795 0.006863580 0.027333684 1.560848951 -0.006815550 0.999975026 -0.001849877 -2.201549292 -0.027345708 0.001662848 0.999624670 85.745193481
0.999433577 0.006929507 0.032931224 1.599094868 -0.006869304 0.999974549 -0.001940890 -2.218363047 -0.032943841 0.001713576 0.999455750 86.305770874
0.999136865 0.006824485 0.040974788 1.640776873 -0.006763774 0.999975801 -0.001620133 -2.232465744 -0.040984862 0.001341590 0.999158859 86.857582092
0.998727918 0.007048722 0.049928512 1.678006172 -0.006988908 0.999974608 -0.001372476 -2.255706072 -0.049936928 0.001021784 0.998751879 87.400657654
0.998356938 0.006519984 0.056929391 1.717385292 -0.006436548 0.999977946 -0.001648836 -2.265120983 -0.056938898 0.001279698 0.998376787 87.937934875
0.997764289 0.007277098 0.066433810 1.759622097 -0.007162264 0.999972343 -0.001966547 -2.275706053 -0.066446289 0.001486333 0.997789025 88.488197327
0.997081637 0.005914827 0.076113470 1.830263138 -0.005792517 0.999981523 -0.001827599 -2.294975758 -0.076122865 0.001381377 0.997097433 89.014060974
0.996385217 0.005844571 0.084748738 1.894348145 -0.005663604 0.999981165 -0.002375609 -2.304010630 -0.084761024 0.001887039 0.996399522 89.577857971
0.995683491 0.005299191 0.092662156 1.966629982 -0.005048655 0.999982953 -0.002937964 -2.315749168 -0.092676155 0.002457463 0.995693266 90.127929688
0.994582951 0.005064530 0.103821844 2.036152840 -0.004821251 0.999985039 -0.002594049 -2.333117247 -0.103833430 0.002079446 0.994592488 90.661544800
0.993409038 0.004675634 0.114527620 2.121606827 -0.004397189 0.999986708 -0.002683764 -2.346213341 -0.114538655 0.002162476 0.993416429 91.203681946
0.992333531 0.005539494 0.123464130 2.205245972 -0.005246053 0.999982595 -0.002701697 -2.359993935 -0.123476967 0.002033285 0.992345333 91.767662048
0.990858376 0.005687045 0.134785727 2.294966698 -0.005395016 0.999982238 -0.002531772 -2.378221035 -0.134797692 0.001781457 0.990871549 92.289016724
0.989263952 0.004560287 0.146068692 2.409233093 -0.004160986 0.999986708 -0.003039074 -2.394224882 -0.146080583 0.002398656 0.989269793 92.852714539
0.987528265 0.004929885 0.157364756 2.508778572 -0.004569277 0.999986053 -0.002653235 -2.412367821 -0.157375604 0.001901101 0.987536967 93.392143250
0.985868275 0.004094879 0.167472348 2.623784065 -0.003620711 0.999988556 -0.003136561 -2.423222303 -0.167483270 0.002485867 0.985871792 93.913993835
0.983522296 0.003801374 0.180746809 2.739484787 -0.003322868 0.999990106 -0.002950105 -2.440262794 -0.180756271 0.002300896 0.983525217 94.446716309
0.981120229 0.002755687 0.193379074 2.865222931 -0.002181759 0.999992549 -0.003180795 -2.452419043 -0.193386391 0.002698835 0.981118977 94.972137451
0.978959143 0.002575751 0.204040110 2.992204666 -0.001950781 0.999992788 -0.003264050 -2.469578743 -0.204047024 0.002797334 0.978957176 95.500839233
0.976287961 0.002462685 0.216462016 3.141351700 -0.001874034 0.999993980 -0.002924645 -2.490882635 -0.216467887 0.002449639 0.976286650 96.037696838
0.973233104 0.002300742 0.229808524 3.285223007 -0.001695296 0.999994695 -0.002831975 -2.505891800 -0.229813769 0.002366578 0.973231733 96.563652039
0.970584512 0.001868833 0.240753174 3.434482574 -0.001293202 0.999995947 -0.002548932 -2.533235073 -0.240756944 0.002162612 0.970583022 97.079933167
0.967556357 0.002979448 0.252637744 3.601015091 -0.002360338 0.999993443 -0.002753621 -2.553364038 -0.252644271 0.002067972 0.967557013 97.607513428
0.963967741 0.002704135 0.266005307 3.773195267 -0.002012722 0.999993801 -0.002871823 -2.558641434 -0.266011506 0.002232950 0.963967264 98.129837036
0.959886312 0.003136559 0.280371994 3.908435822 -0.002396466 0.999992669 -0.002982467 -2.580478430 -0.280379355 0.002190927 0.959886789 98.636116028
0.956764400 0.003059861 0.290847898 4.107696533 -0.002180445 0.999991953 -0.003347672 -2.588488817 -0.290855825 0.002568755 0.956763446 99.174369812
0.952549815 0.001922453 0.304377139 4.296964645 -0.001016425 0.999994576 -0.003135084 -2.600656271 -0.304381490 0.002676947 0.952546477 99.677360535
0.948049843 0.002710526 0.318110108 4.485157013 -0.001711389 0.999992669 -0.003420274 -2.617606163 -0.318117023 0.002698181 0.948047638 100.170745850
0.944499910 0.001911505 0.328505993 4.691467285 -0.000987063 0.999994993 -0.002980811 -2.639696121 -0.328510046 0.002491119 0.944497168 100.667556763
0.939845204 0.002012400 0.341594785 4.895717621 -0.000798130 0.999992788 -0.003695218 -2.651772022 -0.341599792 0.003200296 0.939840078 101.182250977
0.934293926 0.001894741 0.356498629 5.099626541 -0.000648227 0.999993265 -0.003615986 -2.668315172 -0.356503069 0.003147301 0.934288859 101.679695129
0.929826736 -0.000222443 0.367997348 5.317193985 0.001713990 0.999991596 -0.003726314 -2.673190117 -0.367993385 0.004095570 0.929819345 102.185852051
0.925355792 -0.000926746 0.379098654 5.550416946 0.002485718 0.999990344 -0.003622903 -2.693724155 -0.379091561 0.004294805 0.925349176 102.683685303
0.919004142 0.000799415 0.394247115 5.770202637 0.000692061 0.999993265 -0.003640906 -2.707907200 -0.394247323 0.003618852 0.918997228 103.180328369
0.913182974 -0.001460470 0.407547027 6.007652283 0.003138175 0.999989152 -0.003448127 -2.720364809 -0.407537580 0.004427725 0.913177669 103.655426025
0.908391058 -0.002229500 0.418115765 6.275161743 0.004000723 0.999986351 -0.003359718 -2.751452446 -0.418102503 0.004724703 0.908387542 104.135345459
0.902419090 -0.001913038 0.430855036 6.526504517 0.003686974 0.999987841 -0.003282267 -2.761488199 -0.430843621 0.004550532 0.902415156 104.610549927
0.895475090 -0.001638616 0.445108652 6.795349121 0.003582655 0.999987364 -0.003526294 -2.777368307 -0.445097238 0.004752379 0.895469606 105.115165710
0.889500737 -0.002349907 0.456927687 7.048877716 0.004222934 0.999986351 -0.003078011 -2.800981998 -0.456914216 0.004667467 0.889498532 105.585556030
0.883934915 -0.003448930 0.467597216 7.322467804 0.005675828 0.999978244 -0.003353754 -2.803823709 -0.467575520 0.005618502 0.883935213 106.055938721
0.877020955 -0.002624267 0.480444938 7.605960846 0.004931871 0.999981523 -0.003540749 -2.826752663 -0.480426788 0.005474803 0.877017736 106.496772766
0.870007813 -0.002956465 0.493029088 7.897274017 0.005400829 0.999979198 -0.003533992 -2.846332788 -0.493008345 0.005737366 0.870005727 106.961708069
