1.000000000 0.000000000 0.000000000 0.000000000 0.000000000 1.000000000 0.000000000 0.000000000 0.000000000 0.000000000 1.000000000 0.000000000
1.000000000 -0.000059898 -0.000026121 0.000291010 0.000059897 1.000000000 -0.000015644 -0.000031093 0.000026122 0.000015642 1.000000000 0.000278051
1.000000000 -0.000018051 -0.000006079 0.000163986 0.000018051 1.000000000 -0.000033144 0.000558204 0.000006080 0.000033143 1.000000000 0.000051509
1.000000000 0.000024532 0.000062493 -0.000845111 -0.000024531 1.000000000 -0.000022207 0.000455796 -0.000062493 0.000022205 1.000000000 0.000122117
1.000000000 0.000015114 -0.000032288 0.000407571 -0.000015114 1.000000000 -0.000009322 0.000325844 0.000032287 0.000009323 1.000000000 0.000067359
1.000000000 0.000122845 0.000005755 0.000055806 -0.000122845 1.000000000 0.000007997 0.000662910 -0.000005754 -0.000007998 1.000000000 0.000447309
1.000000000 0.000031424 -0.000032163 0.000026399 -0.000031428 1.000000000 -0.000119631 0.000600091 0.000032159 0.000119632 1.000000000 -0.000535879
1.000000000 0.000076285 0.000030477 0.000081920 -0.000076284 1.000000000 -0.000033263 0.000415251 -0.000030479 0.000033261 1.000000000 0.000388240
1.000000000 0.000203251 0.000018131 -0.000722395 -0.000203251 1.000000000 -0.000001169 0.000963380 -0.000018131 0.000001165 1.000000000 0.000682680
1.000000000 0.000189583 0.000029642 -0.000131189 -0.000189580 1.000000000 -0.000093928 0.001659798 -0.000029660 0.000093922 1.000000000 0.001467621
1.000000000 0.000193556 0.000009148 -0.000606805 -0.000193556 1.000000000 -0.000073777 0.000407127 -0.000009162 0.000073775 1.000000000 -0.000631914
1.000000000 0.000142643 0.000001237 -0.000459365 -0.000142643 1.000000000 -0.000077035 0.000813392 -0.000001248 0.000077035 1.000000000 -0.000040382
1.000000000 0.000170463 0.000050099 -0.001086989 -0.000170460 1.000000000 -0.000074476 0.000750831 -0.000050112 0.000074467 1.000000000 0.000137675
1.000000000 0.000087589 0.000015663 0.000057248 -0.000087588 1.000000000 -0.000044173 0.001077505 -0.000015667 0.000044172 1.000000000 0.001040669
1.000000000 0.000192822 0.000084661 -0.000702173 -0.000192815 1.000000000 -0.000090013 0.001482202 -0.000084678 0.000089997 1.000000000 0.000626253
1.000000000 0.000247457 0.000056902 -0.001051263 -0.000247450 1.000000000 -0.000116618 0.001489093 -0.000056931 0.000116604 1.000000000 0.001034140
1.000000000 0.000270060 0.000091177 -0.001258156 -0.000270051 1.000000000 -0.000105640 0.001702752 -0.000091206 0.000105615 1.000000000 0.000774588
1.000000000 0.000195884 0.000129284 -0.001099407 -0.000195872 1.000000000 -0.000095804 0.001225483 -0.000129303 0.000095778 1.000000000 0.001092299
1.000000000 0.000246993 0.000116690 -0.001392621 -0.000246991 1.000000000 -0.000016884 0.001112306 -0.000116695 0.000016855 1.000000000 0.000680103
1.000000000 0.000182712 0.000025273 -0.000739079 -0.000182711 1.000000000 -0.000017546 0.001179584 -0.000025276 0.000017541 1.000000000 0.001043774
1.000000000 0.000222016 0.000073271 -0.001052057 -0.000222008 1.000000000 -0.000119364 0.001351518 -0.000073298 0.000119348 1.000000000 0.001327630
1.000000000 0.000232892 0.000073807 -0.000989971 -0.000232885 1.000000000 -0.000098513 0.001526296 -0.000073830 0.000098496 1.000000000 0.001382718
0.999999940 0.000379287 0.000116983 -0.001929093 -0.000379274 0.999999940 -0.000113669 0.002208834 -0.000117026 0.000113624 1.000000000 0.002043082
1.000000000 0.000308694 0.000112257 -0.001270580 -0.000308684 1.000000000 -0.000088482 0.001220306 -0.000112284 0.000088447 1.000000000 0.000731381
1.000000000 0.000187236 0.000102557 -0.000752621 -0.000187230 1.000000000 -0.000057997 0.001902899 -0.000102568 0.000057977 1.000000000 0.001704826
1.000000000 0.000236494 0.000134061 -0.001134516 -0.000236489 1.000000000 -0.000034898 0.000874268 -0.000134069 0.000034866 1.000000000 0.000790714
1.000000000 0.000223105 0.000093450 -0.001107917 -0.000223099 1.000000000 -0.000068459 0.001565397 -0.000093465 0.000068438 1.000000000 0.001049071
1.000000000 0.000250985 0.000084943 -0.001061732 -0.000250983 1.000000000 -0.000024658 0.001322911 -0.000084949 0.000024637 1.000000000 0.001018408
1.000000000 0.000259404 0.000160648 -0.001494778 -0.000259401 1.000000000 -0.000018606 0.000743274 -0.000160653 0.000018565 1.000000000 0.000767802
1.000000000 0.000139250 0.000157941 -0.001105219 -0.000139237 1.000000000 -0.000083070 0.001688682 -0.000157953 0.000083048 1.000000000 0.002226102
1.000000000 0.000223155 0.000118219 -0.000820928 -0.000223146 1.000000000 -0.000084105 0.001417493 -0.000118238 0.000084078 1.000000000 0.000821966
1.000000000 0.000172040 0.000139488 -0.001102902 -0.000172036 1.000000000 -0.000032028 0.001075098 -0.000139494 0.000032004 1.000000000 0.000501187
1.000000000 0.000285142 0.000127014 -0.001401960 -0.000285134 1.000000000 -0.000064113 0.001521245 -0.000127032 0.000064077 1.000000000 0.001198895
1.000000000 0.000277372 0.000156329 -0.000836653 -0.000277364 1.000000000 -0.000049563 0.000789903 -0.000156342 0.000049519 1.000000000 0.000390446
1.000000000 0.000214362 0.000102913 -0.000795421 -0.000214360 1.000000000 -0.000019556 0.001261475 -0.000102917 0.000019534 1.000000000 0.001424478
1.000000000 0.000210790 0.000078487 -0.000780451 -0.000210787 1.000000000 -0.000045628 0.001393277 -0.000078497 0.000045612 1.000000000 0.001222131
1.000000000 0.000339260 0.000163697 -0.001679446 -0.000339255 1.000000000 -0.000030799 0.001269478 -0.000163707 0.000030743 1.000000000 0.000696665
1.000000000 0.000261312 0.000058780 -0.000006953 -0.000261308 1.000000000 -0.000062211 0.002027978 -0.000058796 0.000062196 1.000000000 0.001821490
1.000000000 0.000189118 0.000117377 -0.000075562 -0.000189103 1.000000000 -0.000124304 0.001623446 -0.000117401 0.000124282 1.000000000 0.001979310
0.999999940 0.000156563 0.000224639 -0.000540705 -0.000156443 0.999999762 -0.000533458 -0.002731288 -0.000224722 0.000533423 0.999999821 0.049103729
0.999999940 0.000146334 0.000241360 0.000508087 -0.000146063 0.999999344 -0.001122776 -0.003995097 -0.000241524 0.001122741 0.999999344 0.141260192
1.000000000 0.000074921 0.000041341 0.004369251 -0.000074864 0.999999046 -0.001362273 -0.007856134 -0.000041443 0.001362270 0.999998987 0.254028469
1.000000000 -0.000009915 -0.000012150 0.008293348 0.000009899 0.999999046 -0.001342445 -0.010794546 0.000012164 0.001342445 0.999999046 0.383430183
0.999999881 0.000265817 0.000121862 0.007479813 -0.000265680 0.999999285 -0.001126889 -0.015768083 -0.000122161 0.001126857 0.999999344 0.529712319
0.999999881 0.000192842 0.000179490 0.011261739 -0.000192652 0.999999344 -0.001056429 -0.019920580 -0.000179693 0.001056394 0.999999404 0.682885110
0.999999940 0.000315482 0.000129797 0.014433500 -0.000315365 0.999999583 -0.000904501 -0.024429251 -0.000130083 0.000904460 0.999999523 0.844932377
0.999999940 0.000200045 0.000248530 0.017324556 -0.000199861 0.999999702 -0.000742236 -0.029747946 -0.000248678 0.000742187 0.999999702 1.016409755
0.999999940 0.000174295 0.000283511 0.021088433 -0.000174078 0.999999702 -0.000764018 -0.032943211 -0.000283644 0.000763969 0.999999702 1.195194244
0.999999881 0.000356386 0.000278958 0.022550028 -0.000356240 0.999999821 -0.000521854 -0.039087821 -0.000279144 0.000521754 0.999999762 1.383132458
0.999999762 0.000458481 0.000394586 0.025267074 -0.000458332 0.999999762 -0.000379283 -0.044519920 -0.000394760 0.000379102 0.999999821 1.575036049
0.999999821 0.000509748 0.000528270 0.029081643 -0.000509572 0.999999821 -0.000332084 -0.050658893 -0.000528439 0.000331815 0.999999762 1.773340821
0.999999702 0.000420979 0.000610827 0.032812230 -0.000420836 1.000000000 -0.000233849 -0.055913258 -0.000610925 0.000233592 0.999999762 1.975413680
0.999999702 0.000331366 0.000641189 0.037005089 -0.000331252 0.999999940 -0.000177376 -0.063975200 -0.000641247 0.000177164 0.999999762 2.183979511
0.999999523 0.000430854 0.000777991 0.040521279 -0.000430568 0.999999821 -0.000367922 -0.067284293 -0.000778149 0.000367586 0.999999583 2.402624130
0.999999583 0.000528614 0.000709988 0.044058260 -0.000528307 0.999999881 -0.000432791 -0.074829496 -0.000710217 0.000432416 0.999999642 2.627812624
0.999999404 0.000562700 0.000935627 0.047128584 -0.000562366 0.999999702 -0.000356573 -0.081446990 -0.000935827 0.000356046 0.999999523 2.856832504
0.999999225 0.000644086 0.001054905 0.052345742 -0.000644004 0.999999762 -0.000078015 -0.088844903 -0.001054955 0.000077336 0.999999404 3.090784073
0.999998987 0.000997856 0.001026417 0.055817135 -0.000997811 0.999999523 -0.000044610 -0.097894251 -0.001026461 0.000043586 0.999999464 3.330827713
0.999999106 0.000824845 0.001057887 0.060997944 -0.000824737 0.999999642 -0.000101873 -0.104200400 -0.001057970 0.000101000 0.999999464 3.581902742
0.999999344 0.000702888 0.000921406 0.067353673 -0.000702811 0.999999702 -0.000084018 -0.112094186 -0.000921465 0.000083370 0.999999583 3.833161116
0.999998748 0.000871266 0.001295611 0.071510263 -0.000871331 0.999999583 0.000049060 -0.120619863 -0.001295567 -0.000050188 0.999999166 4.089251518
0.999998331 0.001073305 0.001462953 0.076617330 -0.001073408 0.999999404 0.000070077 -0.124620371 -0.001462877 -0.000071648 0.999998927 4.350533962
0.999998808 0.000850108 0.001286555 0.081372656 -0.000849949 0.999999642 -0.000123766 -0.132275835 -0.001286660 0.000122673 0.999999166 4.605865002
0.999998152 0.000773358 0.001733428 0.090450637 -0.000773352 0.999999702 -0.000003779 -0.135315746 -0.001733430 0.000002439 0.999998510 4.871761799
0.999998450 0.000801308 0.001565483 0.096480295 -0.000801668 0.999999642 0.000228979 -0.144005179 -0.001565299 -0.000230233 0.999998748 5.132050037
0.999998152 0.000963357 0.001675236 0.102159843 -0.000963512 0.999999464 0.000091321 -0.151731789 -0.001675147 -0.000092935 0.999998569 5.393153667
0.999998212 0.000739235 0.001741667 0.109505191 -0.000739490 0.999999702 0.000145643 -0.161103442 -0.001741558 -0.000146930 0.999998450 5.661173820
0.999997973 0.000924580 0.001845359 0.112621114 -0.000925363 0.999999464 0.000423146 -0.170016274 -0.001844967 -0.000424853 0.999998212 5.934412956
0.999997735 0.000966779 0.001949804 0.118936613 -0.000967167 0.999999523 0.000198302 -0.177957907 -0.001949612 -0.000200187 0.999998093 6.211760521
0.999997556 0.001200885 0.001844455 0.125371590 -0.001201446 0.999999225 0.000302847 -0.185710028 -0.001844089 -0.000305062 0.999998271 6.496248245
0.999996483 0.001763695 0.001969728 0.128719941 -0.001764434 0.999998331 0.000373635 -0.195110559 -0.001969066 -0.000377109 0.999997973 6.790758610
0.999997675 0.001327299 0.001695507 0.139817685 -0.001327485 0.999999046 0.000108218 -0.202420533 -0.001695362 -0.000110469 0.999998569 7.094355583
0.999998331 0.001012338 0.001488178 0.146027341 -0.001012866 0.999999404 0.000353688 -0.213614509 -0.001487819 -0.000355194 0.999998748 7.392086983
0.999997258 0.001316385 0.001941630 0.148645535 -0.001317317 0.999999046 0.000478731 -0.226238072 -0.001940998 -0.000481288 0.999997914 7.693483353
0.999997139 0.001322526 0.001993433 0.154077679 -0.001323925 0.999998808 0.000700187 -0.237360686 -0.001992504 -0.000702824 0.999997795 8.000866890
0.999997556 0.001203031 0.001862193 0.161701977 -0.001204457 0.999998987 0.000765228 -0.247244090 -0.001861270 -0.000767469 0.999997973 8.315706253
0.999996781 0.001339092 0.002171309 0.166671708 -0.001340256 0.999998987 0.000535058 -0.255264342 -0.002170591 -0.000537967 0.999997437 8.644427299
0.999997199 0.001216985 0.002042410 0.176627263 -0.001217894 0.999999106 0.000443594 -0.262392789 -0.002041868 -0.000446080 0.999997735 8.981937408
0.999997437 0.001162943 0.001948485 0.183629334 -0.001163968 0.999999166 0.000525093 -0.276542783 -0.001947873 -0.000527360 0.999997914 9.315657616
0.999997437 0.001281384 0.001865933 0.198190525 -0.001283426 0.999998569 0.001093441 -0.293551832 -0.001864529 -0.001095833 0.999997616 9.656283379
0.999996483 0.001598580 0.002128231 0.203048527 -0.001601038 0.999998033 0.001153341 -0.301625639 -0.002126383 -0.001156745 0.999997139 10.011005402
0.999995351 0.001954839 0.002307688 0.208312809 -0.001957234 0.999997556 0.001036354 -0.309814870 -0.002305656 -0.001040866 0.999996781 10.374615669
0.999996245 0.001734520 0.002114106 0.218646020 -0.001737481 0.999997497 0.001399727 -0.323657274 -0.002111673 -0.001403394 0.999996781 10.735157967
0.999997675 0.001395113 0.001591180 0.228488281 -0.001397276 0.999998093 0.001359156 -0.330494940 -0.001589281 -0.001361377 0.999997795 11.106763840
0.999998689 0.001077696 0.001184113 0.240982637 -0.001079380 0.999998391 0.001422027 -0.345603108 -0.001182578 -0.001423303 0.999998271 11.475565910
0.999998450 0.001464646 0.000982665 0.250538021 -0.001465766 0.999998212 0.001140211 -0.353483349 -0.000980993 -0.001141649 0.999998868 11.854889870
0.999998033 0.001576794 0.001194720 0.256341457 -0.001578328 0.999997914 0.001283735 -0.363758117 -0.001192694 -0.001285618 0.999998450 12.239701271
0.999997497 0.001823258 0.001297332 0.267311096 -0.001825228 0.999997199 0.001518775 -0.378815770 -0.001294560 -0.001521139 0.999998033 12.625241280
0.999998868 0.001020680 0.001102460 0.279797494 -0.001022592 0.999997973 0.001734461 -0.391917050 -0.001100687 -0.001735587 0.999997914 13.020649910
0.999999166 0.000501664 0.001154107 0.293767989 -0.000503504 0.999998569 0.001594284 -0.404707313 -0.001153305 -0.001594864 0.999998093 13.412117958
0.999997139 0.001693083 0.001686118 0.287103951 -0.001696271 0.999996781 0.001891129 -0.427201211 -0.001682911 -0.001893983 0.999996781 13.812024117
0.999998450 0.001222432 0.001287692 0.309200734 -0.001224985 0.999997258 0.001983773 -0.432927012 -0.001285263 -0.001985347 0.999997139 14.225504875
0.999996960 0.001582311 0.001905222 0.313205957 -0.001585776 0.999997079 0.001818959 -0.442058235 -0.001902339 -0.001821975 0.999996543 14.660140991
0.999997497 0.001364886 0.001775278 0.328004271 -0.001368313 0.999997199 0.001930988 -0.449838698 -0.001772638 -0.001933412 0.999996483 15.098628044
0.999997735 0.001183321 0.001784148 0.339852810 -0.001187170 0.999997079 0.002157675 -0.464805126 -0.001781590 -0.002159788 0.999996066 15.518828392
0.999994934 0.001477362 0.002828835 0.341609955 -0.001484764 0.999995470 0.002616390 -0.483476698 -0.002824956 -0.002620577 0.999992549 15.944599152
0.999995530 0.001143120 0.002739911 0.362006009 -0.001150134 0.999996066 0.002559533 -0.488738030 -0.002736975 -0.002562673 0.999992967 16.402229309
0.999990106 0.001925812 0.004010888 0.360692263 -0.001935562 0.999995172 0.002428452 -0.505624533 -0.004006192 -0.002436191 0.999989033 16.816228867
0.999989212 0.002035370 0.004166537 0.370490283 -0.002047383 0.999993742 0.002881112 -0.525327444 -0.004160646 -0.002889612 0.999987185 17.269128799
0.999986708 0.002167379 0.004679156 0.377169907 -0.002181076 0.999993324 0.002924130 -0.535790384 -0.004672788 -0.002934297 0.999984741 17.724710464
0.999983251 0.002528743 0.005202962 0.389173567 -0.002541468 0.999993861 0.002440787 -0.544774592 -0.005196757 -0.002453969 0.999983490 18.189147949
0.999981940 0.002490808 0.005461262 0.401239097 -0.002505158 0.999993443 0.002622199 -0.559493423 -0.005454695 -0.002635833 0.999981642 18.661010742
0.999985218 0.001598421 0.005194375 0.418348968 -0.001610939 0.999995828 0.002406646 -0.570736766 -0.005190506 -0.002414978 0.999983668 19.146160126
0.999984860 0.002258935 0.005022552 0.440821439 -0.002269421 0.999995172 0.002082838 -0.588754177 -0.005017824 -0.002094204 0.999985218 19.598695755
0.999979675 0.003250250 0.005475590 0.449718356 -0.003262490 0.999992192 0.002227833 -0.596897364 -0.005468307 -0.002245652 0.999982536 20.088184357
0.999985695 0.002469522 0.004750676 0.463188052 -0.002479599 0.999994695 0.002116427 -0.614068568 -0.004745423 -0.002128177 0.999986470 20.570596695
0.999977767 0.003115501 0.005894746 0.469126165 -0.003128489 0.999992669 0.002195346 -0.613808572 -0.005887864 -0.002213738 0.999980152 21.062273026
0.999988556 0.002593423 0.004016871 0.488121152 -0.002602465 0.999994040 0.002247222 -0.627380490 -0.004011018 -0.002257650 0.999989450 21.552568436
0.999988437 0.002237556 0.004263088 0.491320044 -0.002247423 0.999994755 0.002311266 -0.638839781 -0.004257895 -0.002320820 0.999988258 22.083042145
0.999987900 0.002500221 0.004219991 0.501258016 -0.002510013 0.999994159 0.002316661 -0.651532650 -0.004214174 -0.002327226 0.999988437 22.584548950
0.999987602 0.002883103 0.004062618 0.509111226 -0.002892553 0.999993086 0.002322179 -0.665507853 -0.004055895 -0.002333901 0.999989092 23.099578857
0.999989688 0.002372725 0.003860987 0.521539927 -0.002382932 0.999993622 0.002641159 -0.682019532 -0.003854696 -0.002650332 0.999989033 23.601888657
0.999995828 0.001421069 0.002492627 0.524798810 -0.001427380 0.999995768 0.002532105 -0.700018108 -0.002489018 -0.002535653 0.999993742 24.110244751
0.999993742 0.002279691 0.002708341 0.547914386 -0.002287195 0.999993682 0.002771194 -0.708111644 -0.002702006 -0.002777372 0.999992490 24.657043457
0.999991059 0.003270424 0.002657432 0.556019008 -0.003277133 0.999991417 0.002524692 -0.720672190 -0.002649152 -0.002533379 0.999993265 25.196508408
0.999994695 0.002800402 0.001653346 0.574812949 -0.002805357 0.999991536 0.003002333 -0.737684131 -0.001644925 -0.003006955 0.999994099 25.730804443
0.999993324 0.003304570 0.001508632 0.585605741 -0.003309197 0.999989748 0.003075445 -0.750326872 -0.001498453 -0.003080417 0.999994099 26.284540176
0.999997139 0.002352318 0.000689277 0.601122379 -0.002354601 0.999991715 0.003329384 -0.764053464 -0.000681440 -0.003330998 0.999994218 26.835836411
0.999996901 0.002469984 0.000177270 0.614016593 -0.002470579 0.999991000 0.003440456 -0.782811940 -0.000168771 -0.003440883 0.999994099 27.379467010
0.999996245 0.002703941 0.000284482 0.619032979 -0.002704767 0.999992013 0.002945171 -0.795526445 -0.000276516 -0.002945930 0.999995649 27.919162750
0.999994278 0.003351765 0.000469347 0.625965893 -0.003353222 0.999989450 0.003138587 -0.808945894 -0.000458822 -0.003140143 0.999994993 28.460096359
0.999991119 0.004183491 0.000451197 0.637488723 -0.004184867 0.999986470 0.003094157 -0.822278500 -0.000438247 -0.003096018 0.999995112 29.014104843
0.999991417 0.004132542 0.000236593 0.647139192 -0.004133253 0.999986708 0.003089625 -0.835706711 -0.000223822 -0.003090577 0.999995112 29.563394547
0.999989808 0.004491392 0.000290918 0.650994658 -0.004492256 0.999985397 0.003040933 -0.847994626 -0.000277255 -0.003042210 0.999995351 30.121837616
0.999989748 0.004533218 0.000030327 0.670003116 -0.004533286 0.999985754 0.002867731 -0.860568881 -0.000017327 -0.002867839 0.999995887 30.662708282
0.999989033 0.004682452 -0.000031278 0.680393696 -0.004682342 0.999984860 0.002887839 -0.874050260 0.000044800 -0.002887661 0.999995828 31.198944092
0.999988019 0.004846225 -0.000684926 0.691635370 -0.004844280 0.999984324 0.002815127 -0.885003388 0.000698558 -0.002811775 0.999995828 31.746845245
0.999989629 0.004435739 -0.001042891 0.705335081 -0.004433008 0.999986768 0.002605828 -0.897613347 0.001054437 -0.002601178 0.999996066 32.287803650
0.999987662 0.004764067 -0.001480004 0.710428834 -0.004759995 0.999984920 0.002742252 -0.912482142 0.001493046 -0.002735172 0.999995172 32.835281372
0.999986827 0.004893950 -0.001536916 0.721676052 -0.004890416 0.999985397 0.002294029 -0.928133249 0.001548121 -0.002286483 0.999996126 33.369651794
0.999986589 0.004760258 -0.002036860 0.735922277 -0.004754312 0.999984443 0.002913901 -0.945306838 0.002050700 -0.002904178 0.999993682 33.919528961
0.999985993 0.004667708 -0.002479416 0.746868491 -0.004660242 0.999984562 0.003008408 -0.958932996 0.002493421 -0.002996812 0.999992430 34.467250824
0.999987364 0.004489716 -0.002307995 0.749649167 -0.004482732 0.999985397 0.003022611 -0.980111420 0.002321533 -0.003012227 0.999992788 34.990425110
0.999986887 0.004499003 -0.002437516 0.759105504 -0.004489887 0.999982893 0.003733041 -0.997471571 0.002454269 -0.003722048 0.999990106 35.537628174
0.999986053 0.004347360 -0.003010829 0.770993829 -0.004334988 0.999982238 0.004103692 -1.019344449 0.003028617 -0.004090583 0.999987066 36.074756622
0.999992788 0.003168951 -0.002080825 0.783418536 -0.003162670 0.999990463 0.003014556 -1.019832611 0.002090358 -0.003007954 0.999993265 36.586494446
0.999982774 0.004743016 -0.003461192 0.794208348 -0.004733758 0.999985278 0.002678449 -1.035179138 0.003473845 -0.002662018 0.999990463 37.115936279
0.999990225 0.003440310 -0.002823384 0.794975698 -0.003432635 0.999990404 0.002718445 -1.044339180 0.002832709 -0.002708726 0.999992311 37.684089661
0.999987483 0.003543638 -0.003542572 0.806165695 -0.003534142 0.999990165 0.002683042 -1.059045792 0.003552044 -0.002670489 0.999990165 38.226837158
0.999991715 0.002951672 -0.002798259 0.817094147 -0.002943617 0.999991536 0.002878216 -1.068805575 0.002806730 -0.002869955 0.999991953 38.779804230
0.999991477 0.002804955 -0.003025103 0.830935776 -0.002798155 0.999993563 0.002249833 -1.075099349 0.003031395 -0.002241349 0.999992847 39.322792053
0.999991715 0.002512592 -0.003207731 0.842349768 -0.002505512 0.999994397 0.002209252 -1.089021802 0.003213264 -0.002201197 0.999992430 39.869598389
0.999990761 0.002623266 -0.003407067 0.855557740 -0.002615900 0.999994159 0.002164680 -1.103790283 0.003412726 -0.002155748 0.999991775 40.417606354
0.999989688 0.002734118 -0.003621490 0.866386771 -0.002726950 0.999994338 0.001983023 -1.115845799 0.003626891 -0.001973127 0.999991417 40.969215393
0.999988496 0.003331318 -0.003452393 0.871170938 -0.003323937 0.999992132 0.002141418 -1.133564353 0.003459502 -0.002129917 0.999991775 41.506168365
0.999988556 0.003352179 -0.003414716 0.878414094 -0.003345816 0.999992669 0.001867566 -1.146014571 0.003420950 -0.001856120 0.999992430 42.059371948
0.999987483 0.003658668 -0.003414980 0.890519857 -0.003652898 0.999991894 0.001694352 -1.158110142 0.003421150 -0.001681856 0.999992728 42.608249664
0.999986112 0.004070383 -0.003339246 0.892119050 -0.004063294 0.999989510 0.002126751 -1.172815323 0.003347868 -0.002113153 0.999992192 43.139049530
0.999985337 0.004131318 -0.003512485 0.912372887 -0.004124435 0.999989510 0.001964749 -1.195329070 0.003520565 -0.001950233 0.999991953 43.691925049
0.999986410 0.004081961 -0.003237740 0.910802722 -0.004075185 0.999989510 0.002096248 -1.203479171 0.003246264 -0.002083026 0.999992549 44.223747253
0.999988437 0.003420953 -0.003370967 0.920647264 -0.003413806 0.999991894 0.002123926 -1.215876937 0.003378206 -0.002112393 0.999992073 44.786876678
0.999986947 0.003869334 -0.003319659 0.927245915 -0.003862189 0.999990165 0.002156039 -1.230201244 0.003327968 -0.002143190 0.999992192 45.319694519
0.999987185 0.003625379 -0.003510967 0.943901300 -0.003617724 0.999991119 0.002184123 -1.243179679 0.003518854 -0.002171393 0.999991417 45.889770508
0.999986112 0.004266314 -0.003103382 0.938143790 -0.004259499 0.999988496 0.002199276 -1.259478927 0.003112729 -0.002186026 0.999992788 46.400089264
0.999987066 0.003935958 -0.003237297 0.949070692 -0.003929202 0.999990106 0.002090466 -1.270642519 0.003245492 -0.002077719 0.999992609 46.953914642
0.999984682 0.004370776 -0.003394562 0.957517326 -0.004363239 0.999987960 0.002224930 -1.284950256 0.003404246 -0.002210084 0.999991775 47.456745148
0.999983966 0.004325225 -0.003683421 0.963588119 -0.004317520 0.999988496 0.002097491 -1.299337268 0.003692450 -0.002081553 0.999991059 48.046607971
0.999985099 0.004383074 -0.003248214 0.974502444 -0.004375292 0.999987483 0.002399222 -1.317922950 0.003258688 -0.002384974 0.999991834 48.527126312
0.999983191 0.004794188 -0.003250319 0.982567668 -0.004785174 0.999984682 0.002775460 -1.330682516 0.003263575 -0.002759859 0.999990880 49.082527161
0.999984384 0.004434477 -0.003399951 0.996936977 -0.004426007 0.999987006 0.002494795 -1.345740318 0.003410972 -0.002479709 0.999991119 49.616374969
0.999982655 0.004435800 -0.003855245 1.009018421 -0.004426065 0.999986947 0.002530244 -1.356041789 0.003866418 -0.002513136 0.999989390 50.151710510
0.999981999 0.004748598 -0.003657826 1.012794495 -0.004740626 0.999986410 0.002185104 -1.368165970 0.003668153 -0.002167725 0.999990940 50.692493439
0.999983370 0.004390537 -0.003717784 1.032334805 -0.004381132 0.999987185 0.002534002 -1.387747526 0.003728864 -0.002517672 0.999989867 51.227100372
0.999982417 0.004542279 -0.003791653 1.040445089 -0.004532251 0.999986172 0.002649308 -1.399328232 0.003803635 -0.002632077 0.999989331 51.759887695
0.999981344 0.005031126 -0.003460352 1.045887470 -0.005022844 0.999984503 0.002397834 -1.414411306 0.003472364 -0.002380409 0.999991119 52.295059204
0.999982774 0.004576375 -0.003658233 1.059143424 -0.004566879 0.999986172 0.002599905 -1.427329779 0.003670080 -0.002583154 0.999989927 52.831432343
0.999982476 0.004751717 -0.003530263 1.068062425 -0.004743050 0.999985874 0.002459220 -1.441033840 0.003541897 -0.002442433 0.999990761 53.375377655
0.999983728 0.004772972 -0.003115627 1.072819352 -0.004766102 0.999986231 0.002208474 -1.454148293 0.003126125 -0.002193589 0.999992728 53.913246155
0.999982655 0.005058797 -0.003014888 1.076430559 -0.005051382 0.999984205 0.002461603 -1.470005155 0.003027295 -0.002446331 0.999992430 54.439121246
0.999982774 0.004990618 -0.003087641 1.084261775 -0.004983669 0.999985039 0.002254366 -1.483227372 0.003098845 -0.002238940 0.999992669 54.983905792
0.999982893 0.005117653 -0.002883708 1.092418671 -0.005110963 0.999984264 0.002322468 -1.495625019 0.002895548 -0.002307690 0.999993145 55.526763916
0.999983072 0.005014958 -0.002925066 1.100312114 -0.005007707 0.999984384 0.002481331 -1.511070490 0.002937464 -0.002466641 0.999992669 56.058418274
0.999982297 0.005326999 -0.002701031 1.107414603 -0.005320390 0.999982834 0.002448395 -1.526195168 0.002714026 -0.002433980 0.999993384 56.600753784
0.999982774 0.005375417 -0.002337661 1.114961624 -0.005369593 0.999982476 0.002490768 -1.538947701 0.002351007 -0.002478173 0.999994099 57.135314941
0.999981582 0.005658997 -0.002196637 1.122846007 -0.005654060 0.999981403 0.002247065 -1.552745819 0.002209312 -0.002234604 0.999995053 57.674484253
0.999983311 0.005472576 -0.001855724 1.133808970 -0.005468900 0.999983072 0.001980988 -1.565897703 0.001866532 -0.001970806 0.999996305 58.203117371
0.999983609 0.005471439 -0.001694619 1.142439246 -0.005467955 0.999982953 0.002053841 -1.579113841 0.001705827 -0.002044541 0.999996483 58.733531952
0.999984622 0.005365313 -0.001412695 1.149454594 -0.005362538 0.999983728 0.001960599 -1.595604062 0.001423192 -0.001952994 0.999997079 59.269458771
0.999983728 0.005476246 -0.001594298 1.159786105 -0.005473163 0.999983072 0.001931762 -1.609098196 0.001604850 -0.001923005 0.999996781 59.808887482
0.999983430 0.005479957 -0.001713423 1.170989633 -0.005476645 0.999983132 0.001932028 -1.621171474 0.001723984 -0.001922612 0.999996603 60.352863312
0.999982774 0.005657304 -0.001556820 1.178913474 -0.005654710 0.999982655 0.001664470 -1.635127544 0.001566209 -0.001655638 0.999997377 60.890327454
0.999982178 0.005866641 -0.001074647 1.190604329 -0.005864449 0.999980748 0.002030331 -1.647538781 0.001086537 -0.002023993 0.999997377 61.433048248
0.999982297 0.005808027 -0.001290144 1.198499441 -0.005805602 0.999981403 0.001874309 -1.664506793 0.001301006 -0.001866786 0.999997377 61.968318939
0.999981642 0.006009877 -0.000748991 1.209797144 -0.006008711 0.999980748 0.001551103 -1.679402351 0.000758297 -0.001546574 0.999998510 62.504135132
0.999979675 0.006347633 -0.000511138 1.218775272 -0.006346883 0.999978781 0.001457671 -1.689229250 0.000520380 -0.001454398 0.999998808 63.043094635
0.999979377 0.006407663 -0.000384983 1.227241635 -0.006407123 0.999978483 0.001388842 -1.707107306 0.000393874 -0.001386347 0.999998987 63.574836731
0.999978542 0.006547160 -0.000272767 1.237076998 -0.006546843 0.999977827 0.001154175 -1.717916965 0.000280317 -0.001152364 0.999999285 64.107810974
0.999978483 0.006544065 -0.000207631 1.244468212 -0.006543837 0.999977946 0.001086096 -1.729677796 0.000214733 -0.001084714 0.999999404 64.640754700
0.999980509 0.006243308 0.000100016 1.259087801 -0.006243401 0.999979973 0.000960588 -1.743880153 -0.000094017 -0.000961194 0.999999523 65.178627014
0.999977648 0.006672871 0.000438279 1.263877869 -0.006673249 0.999977350 0.000869282 -1.757171154 -0.000432469 -0.000872187 0.999999464 65.706237793
0.999977052 0.006737298 0.000700576 1.276283383 -0.006737637 0.999977171 0.000483891 -1.764593720 -0.000697300 -0.000488600 0.999999642 66.249565125
0.999980748 0.006198284 0.000153916 1.296845198 -0.006198399 0.999980509 0.000758326 -1.788177013 -0.000149212 -0.000759265 0.999999702 66.785476685
0.999980927 0.006167152 0.000016241 1.313603640 -0.006167165 0.999980569 0.000916522 -1.803301334 -0.000010589 -0.000916604 0.999999523 67.320510864
0.999978960 0.006456113 0.000557393 1.319211245 -0.006456788 0.999978423 0.001216114 -1.824612617 -0.000549530 -0.001219687 0.999999046 67.853691101
0.999979615 0.006357165 0.000452375 1.327876210 -0.006357621 0.999979258 0.001014153 -1.842142105 -0.000445918 -0.001017008 0.999999344 68.387374878
0.999977887 0.006640100 0.000385728 1.334982038 -0.006640556 0.999977171 0.001197255 -1.860073924 -0.000377769 -0.001199790 0.999999166 68.916191101
0.999975085 0.006976296 0.001081404 1.344696879 -0.006977390 0.999975085 0.001010779 -1.877800345 -0.001074326 -0.001018299 0.999998868 69.452537537
0.999977827 0.006586307 0.000979121 1.355498433 -0.006587079 0.999978006 0.000787823 -1.891034961 -0.000973910 -0.000794255 0.999999225 70.010551453
0.999978781 0.006406570 0.001201620 1.371915579 -0.006407760 0.999978960 0.000988213 -1.907964826 -0.001195262 -0.000995892 0.999998808 70.515998840
0.999977410 0.006516232 0.001631549 1.380368471 -0.006517721 0.999978304 0.000909495 -1.925495744 -0.001625587 -0.000920109 0.999998271 71.049629211
0.999978065 0.006479230 0.001317318 1.393677473 -0.006480790 0.999978244 0.001182124 -1.941811204 -0.001309630 -0.001190636 0.999998450 71.575576782
0.999976695 0.006644686 0.001558938 1.401319265 -0.006645917 0.999977529 0.000784214 -1.957527995 -0.001553692 -0.000794556 0.999998450 72.115867615
0.999976099 0.006740908 0.001525144 1.415110350 -0.006741848 0.999977112 0.000612639 -1.969469905 -0.001520980 -0.000622907 0.999998569 72.655517578
0.999976993 0.006567676 0.001705699 1.425227880 -0.006568855 0.999978185 0.000687474 -1.985396147 -0.001701147 -0.000698663 0.999998271 73.191589355
0.999977231 0.006532401 0.001692911 1.439196825 -0.006533405 0.999978423 0.000588560 -2.001831055 -0.001689028 -0.000599606 0.999998391 73.728462219
0.999975264 0.006791780 0.001816561 1.452452660 -0.006793531 0.999976456 0.000960026 -2.017819405 -0.001809998 -0.000972343 0.999997854 74.261665344
0.999975324 0.006773472 0.001863522 1.462977648 -0.006775185 0.999976635 0.000915107 -2.036619902 -0.001857282 -0.000927710 0.999997854 74.798919678
0.999973834 0.006959204 0.001986656 1.475708127 -0.006960072 0.999975681 0.000430694 -2.049280643 -0.001983610 -0.000444510 0.999997914 75.335929871
0.999970138 0.007347562 0.002403234 1.481848836 -0.007348811 0.999972880 0.000511079 -2.067366362 -0.002399414 -0.000528725 0.999996960 75.865852356
0.999974012 0.006756444 0.002508074 1.496480584 -0.006756763 0.999977112 0.000118722 -2.082636118 -0.002507214 -0.000135666 0.999996841 76.401779175
0.999971330 0.007085299 0.002666492 1.506443024 -0.007085895 0.999974847 0.000215114 -2.099528551 -0.002664899 -0.000234002 0.999996424 76.931823730
0.999966443 0.007694188 0.002793638 1.515955567 -0.007694654 0.999970376 0.000156243 -2.112734318 -0.002792353 -0.000177733 0.999996006 77.478874207
0.999968827 0.007356423 0.002870016 1.529548883 -0.007356881 0.999972939 0.000149961 -2.130866528 -0.002868836 -0.000171071 0.999995887 78.001365662
0.999965489 0.007528934 0.003495765 1.537103176 -0.007527781 0.999971628 -0.000342758 -2.138983011 -0.003498246 0.000316431 0.999993801 78.552932739
0.999962687 0.007902484 0.003469930 1.548086762 -0.007901507 0.999968767 -0.000294926 -2.160190105 -0.003472151 0.000267498 0.999993920 79.093902588
0.999964178 0.007633034 0.003657494 1.564686656 -0.007632432 0.999970853 -0.000178609 -2.179598331 -0.003658751 0.000150687 0.999993265 79.612663269
0.999957681 0.007845819 0.004809916 1.576864719 -0.007845965 0.999969125 0.000011586 -2.197388649 -0.004809677 -0.000049324 0.999988437 80.152488708
0.999954641 0.007432911 0.005951254 1.593217254 -0.007431491 0.999972463 -0.000260639 -2.213619709 -0.005953027 0.000216400 0.999982238 80.679794312
0.999941945 0.007847128 0.007387486 1.608207583 -0.007843961 0.999969125 -0.000457233 -2.230034113 -0.007390847 0.000399259 0.999972522 81.216888428
0.999936700 0.007507175 0.008378309 1.627473712 -0.007505587 0.999971807 -0.000221076 -2.246417761 -0.008379733 0.000158178 0.999964893 81.762680054
0.999897838 0.007810603 0.011971229 1.646801233 -0.007805851 0.999969363 -0.000443541 -2.267126560 -0.011974327 0.000350050 0.999928236 82.306137085
0.999849200 0.007878211 0.015475736 1.676463485 -0.007874110 0.999969065 -0.000326040 -2.287598133 -0.015477824 0.000204133 0.999880195 82.862342834
0.999793231 0.007637846 0.018842433 1.702272296 -0.007630695 0.999970734 -0.000451384 -2.305264473 -0.018845329 0.000307510 0.999822378 83.404396057
0.999700904 0.007442987 0.023294084 1.733183742 -0.007430502 0.999972224 -0.000622390 -2.320434332 -0.023298068 0.000449117 0.999728441 83.963027954
0.999529541 0.007979725 0.029614620 1.765748978 -0.007971068 0.999968112 -0.000410410 -2.338842869 -0.029616954 0.000174157 0.999561250 84.522415161
0.999334574 0.007642874 0.035665166 1.804058552 -0.007618241 0.999970555 -0.000826555 -2.356995583 -0.035670444 0.000554299 0.999363482 85.077262878
0.999099135 0.007565530 0.041759994 1.839730978 -0.007545717 0.999971330 -0.000632135 -2.374946594 -0.041763589 0.000316456 0.999127448 85.641067505
0.998722196 0.007862049 0.049924243 1.885894775 -0.007837606 0.999969065 -0.000685379 -2.391639709 -0.049928099 0.000293217 0.998752713 86.218521118
0.998259008 0.007272645 0.058532611 1.936962366 -0.007226405 0.999973536 -0.001001601 -2.407937527 -0.058538333 0.000576877 0.998284996 86.778732300
0.997814119 0.006934020 0.065718159 1.993311882 -0.006882244 0.999975741 -0.001014197 -2.424335718 -0.065723598 0.000559691 0.997837722 87.356628418
0.997170389 0.006603781 0.074883707 2.054478645 -0.006511542 0.999977648 -0.001475843 -2.439431190 -0.074891783 0.000984059 0.997191191 87.924758911
0.996338904 0.006675943 0.085229792 2.125786304 -0.006544552 0.999976873 -0.001820913 -2.460763454 -0.085239977 0.001256456 0.996359646 88.493408203
0.995554686 0.006142713 0.093984857 2.198027611 -0.005981747 0.999980211 -0.001994327 -2.473388672 -0.093995243 0.001423269 0.995571554 89.088027954
0.994796574 0.005660226 0.101723693 2.269792080 -0.005480858 0.999982893 -0.002042694 -2.493315935 -0.101733528 0.001474532 0.994810581 89.655250549
0.993675232 0.005790993 0.112142935 2.358512402 -0.005583362 0.999982059 -0.002165451 -2.519220352 -0.112153471 0.001525621 0.993689656 90.223999023
0.992415965 0.005498691 0.122802101 2.455836296 -0.005263025 0.999983609 -0.002243376 -2.537527323 -0.122812450 0.001580052 0.992428601 90.814834595
0.991224945 0.004882632 0.132095143 2.560835838 -0.004562996 0.999985874 -0.002722333 -2.554966211 -0.132106557 0.002095696 0.991233289 91.406898499
0.989595175 0.005106985 0.143788651 2.659037590 -0.004783581 0.999985158 -0.002594787 -2.571781635 -0.143799782 0.001879964 0.989605010 91.946182251
0.987574697 0.004575455 0.157084510 2.784117699 -0.004162948 0.999986887 -0.002954936 -2.609494925 -0.157095984 0.002264286 0.987580657 92.662879944
0.985923350 0.004634091 0.167133301 2.865253448 -0.004315315 0.999988139 -0.002270432 -2.611916542 -0.167141825 0.001517239 0.985931635 92.985527039
0.983971953 0.005072535 0.178251073 3.013888359 -0.004735833 0.999986112 -0.002314355 -2.647274733 -0.178260311 0.001433093 0.983982325 93.703269958
0.981557608 0.004216748 0.191120148 3.140297890 -0.003737550 0.999989033 -0.002867718 -2.664105654 -0.191130117 0.002100510 0.981562436 94.235542297
0.979073286 0.004222992 0.203463733 3.278632164 -0.003719100 0.999988973 -0.002858853 -2.681137085 -0.203473553 0.002042325 0.979078293 94.793357849
0.976900578 0.002873250 0.213674828 3.419610977 -0.002229966 0.999992251 -0.003251552 -2.701018572 -0.213682488 0.002699956 0.976899445 95.351524353
0.973892450 0.002978774 0.226990461 3.564975739 -0.002330324 0.999992490 -0.003124660 -2.725863934 -0.226998031 0.002514122 0.973891973 95.867668152
0.970714450 0.002408722 0.240223870 3.718013763 -0.001741829 0.999994040 -0.002988420 -2.741639137 -0.240229607 0.002482474 0.970712900 96.388877869
0.967966437 0.001777328 0.251073211 3.872102737 -0.000986531 0.999994218 -0.003275493 -2.759332180 -0.251077563 0.002922875 0.967962563 96.899162292
0.965195119 0.001674884 0.261525333 4.044384003 -0.000900845 0.999994874 -0.003079564 -2.775005102 -0.261529118 0.002736786 0.965191722 97.364364624
0.961692631 0.001012879 0.274127841 4.221422195 -0.000205929 0.999995589 -0.002972462 -2.792861938 -0.274129629 0.002802144 0.961688638 97.876640320
0.957945585 0.000587365 0.286949128 4.398265839 0.000290947 0.999995351 -0.003018214 -2.813547850 -0.286949486 0.002974772 0.957941055 98.384735107
0.954626560 0.001449045 0.297802061 4.588073730 -0.000858010 0.999997437 -0.002115373 -2.841224432 -0.297804356 0.001763874 0.954625309 98.903633118
0.950031936 -0.000297623 0.312152237 4.776723862 0.001080660 0.999996662 -0.002335523 -2.856192589 -0.312150478 0.002556153 0.950029254 99.391677856
0.945545256 -0.000950895 0.325489223 4.987125397 0.001821708 0.999995470 -0.002370639 -2.870141506 -0.325485438 0.002834493 0.945542872 99.909240723
0.941491783 -0.000702018 0.337035120 5.189752579 0.001749504 0.999994516 -0.002804246 -2.885284424 -0.337031364 0.003229819 0.941487908 100.403823853
0.936516225 -0.001234673 0.350622088 5.384805679 0.002530141 0.999991596 -0.003236691 -2.891797543 -0.350615144 0.003918337 0.936511457 100.893676758
0.931456983 -0.001808247 0.363847017 5.639238358 0.003045826 0.999991357 -0.002827630 -2.929821491 -0.363838762 0.003742031 0.931454420 101.423645020
0.926555037 -0.002722385 0.376149386 5.867095947 0.004183595 0.999986529 -0.003067882 -2.945133924 -0.376135975 0.004416219 0.926553965 101.928413391
0.921786070 -0.002933371 0.387687832 6.089815140 0.004403264 0.999986112 -0.002903206 -2.959992886 -0.387673944 0.004383227 0.921786189 102.394279480
0.915805161 -0.003091042 0.401610821 6.306991577 0.004218322 0.999989271 -0.001922639 -2.980411291 -0.401600540 0.003454888 0.915808439 102.802413940
0.910474896 -0.004193343 0.413543135 6.576881409 0.005447804 0.999983370 -0.001854257 -3.004261494 -0.413528502 0.003941156 0.910482645 103.245468140
0.905725062 -0.006212147 0.423820227 6.827526093 0.007971546 0.999965429 -0.002378595 -3.016596794 -0.423790783 0.005532855 0.905743241 103.720207214
0.899110854 -0.004578882 0.437697142 7.062496185 0.006158466 0.999978662 -0.002189549 -3.019728184 -0.437677711 0.004664191 0.899119794 104.268051147
0.892398000 -0.004835689 0.451223463 7.331169128 0.006334774 0.999978304 -0.001811863 -3.040004492 -0.451204866 0.004475300 0.892409265 104.750183105
0.886287749 -0.004810210 0.463110238 7.606430054 0.006757196 0.999973953 -0.002545255 -3.050843716 -0.463085949 0.005385155 0.886296988 105.225372314
0.880504727 -0.004570322 0.474015445 7.862964630 0.005916548 0.999981582 -0.001348714 -3.091721773 -0.474000573 0.003992084 0.880515516 105.618804932
0.873365462 -0.006514859 0.487021893 8.196323395 0.008350405 0.999963880 -0.001598145 -3.091805935 -0.486993939 0.005462595 0.873388290 106.245300293
0.865095794 -0.005308757 0.501578510 8.460750580 0.007780289 0.999965787 -0.002835293 -3.046874046 -0.501546204 0.006355226 0.865107477 106.769248962
0.859632492 -0.007730952 0.510854363 8.776790619 0.009571694 0.999953747 -0.000973947 -3.127052784 -0.510823190 0.005726978 0.859666765 107.160583496
