1.000000000 0.000000000 0.000000000 0.000000000 0.000000000 1.000000000 0.000000000 0.000000000 0.000000000 0.000000000 1.000000000 0.000000000
1.000000000 0.000120731 0.000107377 -0.003296254 -0.000120718 1.000000000 -0.000114792 0.002765661 -0.000107391 0.000114779 1.000000000 0.004506210
1.000000000 0.000155341 0.000032503 -0.000530668 -0.000155340 1.000000000 -0.000043787 0.001260467 -0.000032510 0.000043782 1.000000000 0.003619513
1.000000000 0.000227210 0.000047882 0.000723261 -0.000227208 1.000000000 -0.000039066 0.001663617 -0.000047891 0.000039056 1.000000000 -0.001711936
1.000000000 0.000161046 -0.000029751 0.003440069 -0.000161046 1.000000000 -0.000016475 0.000897146 0.000029749 0.000016480 1.000000000 -0.002228714
1.000000000 -0.000056693 -0.000089301 0.002877013 0.000056696 1.000000000 0.000037105 0.000156132 0.000089299 -0.000037110 1.000000000 0.000844338
1.000000000 0.000040068 0.000071539 -0.001905443 -0.000040063 1.000000000 -0.000074276 0.000915849 -0.000071542 0.000074273 1.000000000 -0.001827953
1.000000000 0.000077360 0.000046051 -0.000005414 -0.000077360 1.000000000 0.000002317 0.001313590 -0.000046050 -0.000002320 1.000000000 -0.000857839
1.000000000 0.000108870 0.000205662 -0.005952841 -0.000108853 1.000000000 -0.000082701 0.001622264 -0.000205671 0.000082679 1.000000000 0.006174325
0.999999940 0.000179341 0.000188891 -0.004028282 -0.000179319 1.000000000 -0.000115795 0.001043827 -0.000188912 0.000115761 1.000000000 -0.000319478
1.000000000 0.000176585 0.000071819 0.000696785 -0.000176589 1.000000000 0.000047715 0.000779740 -0.000071811 -0.000047728 1.000000000 -0.002807886
1.000000000 0.000131357 0.000130600 -0.002831673 -0.000131352 1.000000000 -0.000038083 0.001296930 -0.000130605 0.000038066 1.000000000 -0.003287264
1.000000000 0.000172880 0.000092155 -0.003369158 -0.000172879 1.000000000 -0.000010485 0.000524438 -0.000092157 0.000010470 1.000000000 -0.004990241
1.000000000 -0.000022202 0.000095258 -0.002180204 0.000022200 1.000000000 0.000015008 -0.000083212 -0.000095258 -0.000015005 1.000000000 -0.000381734
1.000000000 0.000063166 0.000059769 -0.000314275 -0.000063163 1.000000000 -0.000049322 0.000357478 -0.000059772 0.000049318 1.000000000 -0.003544131
1.000000000 -0.000075812 0.000003061 0.000755295 0.000075812 1.000000000 -0.000006057 0.000734884 -0.000003061 0.000006057 1.000000000 -0.004330902
1.000000000 -0.000013729 0.000069951 -0.002799148 0.000013730 1.000000000 -0.000013838 0.000116285 -0.000069951 0.000013839 1.000000000 -0.003269660
1.000000000 0.000049958 0.000144853 -0.003765020 -0.000049969 1.000000000 0.000071568 -0.002192425 -0.000144850 -0.000071575 1.000000000 -0.003966277
1.000000000 0.000065195 -0.000004417 0.000639605 -0.000065195 1.000000000 0.000058809 0.000536102 0.000004421 -0.000058809 1.000000000 -0.006848719
1.000000000 -0.000020714 0.000042148 -0.001313038 0.000020713 1.000000000 0.000022916 -0.000994776 -0.000042149 -0.000022915 1.000000000 -0.007381294
1.000000000 0.000008429 0.000104237 -0.000863385 -0.000008432 1.000000000 0.000035329 -0.000408948 -0.000104237 -0.000035330 1.000000000 -0.007092560
1.000000000 -0.000068538 0.000062310 -0.000415979 0.000068535 1.000000000 0.000055693 -0.001575050 -0.000062314 -0.000055688 1.000000000 -0.004537350
1.000000000 0.000027513 0.000091889 -0.002299360 -0.000027515 1.000000000 0.000024318 -0.001791148 -0.000091888 -0.000024321 1.000000000 -0.002319582
1.000000000 0.000026777 0.000020618 -0.000060541 -0.000026778 1.000000000 0.000049337 -0.001768999 -0.000020616 -0.000049338 1.000000000 -0.000862104
1.000000000 -0.000005016 0.000108255 -0.003091741 0.000005008 1.000000000 0.000070164 0.000290391 -0.000108256 -0.000070163 1.000000000 -0.000748046
1.000000000 -0.000012773 -0.000072231 0.003418782 0.000012768 1.000000000 -0.000073712 0.001920284 0.000072232 0.000073711 1.000000000 -0.006582800
1.000000000 -0.000049187 0.000097163 -0.002803710 0.000049187 1.000000000 0.000002300 0.001498609 -0.000097163 -0.000002295 1.000000000 -0.000446672
0.999999940 0.000245537 0.000173808 -0.004328015 -0.000245523 0.999999940 -0.000078060 0.001668815 -0.000173827 0.000078017 1.000000000 -0.001605258
1.000000000 -0.000031106 0.000066913 -0.002796623 0.000031107 1.000000000 -0.000007652 0.000739045 -0.000066913 0.000007654 1.000000000 -0.000650538
1.000000000 -0.000118433 0.000025501 -0.003434589 0.000118435 1.000000000 -0.000048084 0.004281896 -0.000025495 0.000048087 1.000000000 -0.000996541
1.000000000 0.000042171 0.000090065 -0.003787107 -0.000042171 1.000000000 -0.000000150 0.000483814 -0.000090065 0.000000146 1.000000000 -0.001068800
1.000000000 -0.000130827 0.000015538 -0.003002439 0.000130824 1.000000000 0.000145731 -0.000099829 -0.000015557 -0.000145729 1.000000000 0.001601327
1.000000000 -0.000134243 0.000008422 -0.003120587 0.000134242 1.000000000 0.000065316 0.000015257 -0.000008430 -0.000065315 1.000000000 -0.003716234
1.000000000 -0.000112620 0.000002704 -0.001333274 0.000112620 1.000000000 0.000012929 0.001068587 -0.000002706 -0.000012929 1.000000000 -0.004878848
1.000000000 0.000164152 0.000122181 -0.003488651 -0.000164150 1.000000000 -0.000017206 0.000186375 -0.000122184 0.000017186 1.000000000 -0.002099086
1.000000000 -0.000000287 0.000102166 -0.003693084 0.000000287 1.000000000 0.000000338 0.000838771 -0.000102166 -0.000000338 1.000000000 -0.001338841
1.000000000 -0.000044498 0.000039739 -0.004799903 0.000044500 1.000000000 -0.000060111 0.001845038 -0.000039736 0.000060113 1.000000000 -0.002041808
1.000000000 -0.000001034 0.000071209 -0.002982224 0.000001038 1.000000000 -0.000067840 0.001103443 -0.000071209 0.000067840 1.000000000 -0.003586323
1.000000000 -0.000069816 0.000050625 -0.003164003 0.000069813 1.000000000 0.000045987 0.000700588 -0.000050628 -0.000045983 1.000000000 -0.000263101
1.000000000 -0.000049214 -0.000013914 -0.000084881 0.000049215 1.000000000 0.000079899 0.000296139 0.000013910 -0.000079900 1.000000000 -0.005628071
1.000000000 -0.000168001 0.000044663 -0.002418764 0.000167998 1.000000000 0.000048859 -0.000915205 -0.000044671 -0.000048851 1.000000000 -0.000921793
1.000000000 0.000110875 0.000103918 0.001729417 -0.000110825 0.999999881 -0.000480981 -0.005151085 -0.000103972 0.000480969 0.999999881 0.050074976
1.000000000 0.000009170 0.000048688 0.003425572 -0.000009109 0.999999225 -0.001248378 -0.003077206 -0.000048699 0.001248378 0.999999225 0.145809203
1.000000000 0.000038022 0.000024468 0.004099262 -0.000037987 0.999998987 -0.001439896 -0.011486320 -0.000024523 0.001439895 0.999998987 0.260661453
0.999999940 0.000184372 0.000164572 0.002002084 -0.000184171 0.999999225 -0.001217320 -0.018171893 -0.000164796 0.001217289 0.999999225 0.391439348
1.000000000 0.000091632 0.000044820 0.004212515 -0.000091588 0.999999523 -0.000978388 -0.022808444 -0.000044909 0.000978384 0.999999523 0.533041120
0.999999940 0.000295329 -0.000024071 0.014295194 -0.000295352 0.999999523 -0.000955850 -0.026996804 0.000023788 0.000955857 0.999999523 0.692040980
1.000000000 0.000005180 0.000131690 0.009955913 -0.000005120 0.999999881 -0.000454372 -0.037615485 -0.000131692 0.000454372 0.999999881 0.861539602
0.999999940 0.000018672 -0.000282997 0.027311282 -0.000018778 0.999999940 -0.000376813 -0.041850179 0.000282990 0.000376819 0.999999881 1.029150724
0.999999881 0.000093278 0.000420044 -0.005443862 -0.000093252 0.999999940 -0.000060572 -0.058676090 -0.000420050 0.000060533 0.999999881 1.200995445
1.000000000 -0.000253029 -0.000236541 0.018156383 0.000253043 0.999999940 0.000057868 -0.065097257 0.000236527 -0.000057928 1.000000000 1.378530383
0.999999762 0.000373653 0.000426945 0.005108773 -0.000374018 0.999999523 0.000854872 -0.084564723 -0.000426625 -0.000855032 0.999999523 1.561155915
0.999999642 0.000349155 0.000708448 0.008007671 -0.000349806 0.999999523 0.000918386 -0.091125548 -0.000708127 -0.000918634 0.999999285 1.762699604
0.999999642 0.000241823 0.000810756 0.007516275 -0.000242934 0.999999106 0.001369861 -0.101428874 -0.000810424 -0.001370057 0.999998689 1.963963270
0.999999225 0.000335426 0.001159960 -0.000556408 -0.000336903 0.999999166 0.001273635 -0.103512555 -0.001159532 -0.001274025 0.999998510 2.182396650
0.999999762 0.000219868 0.000584583 0.015608308 -0.000220380 0.999999583 0.000875945 -0.099990547 -0.000584390 -0.000876074 0.999999404 2.402666807
0.999999762 0.000456934 0.000553978 0.019593472 -0.000457450 0.999999464 0.000932636 -0.108797535 -0.000553551 -0.000932889 0.999999404 2.629731894
0.999999583 0.000479439 0.000807984 0.022573495 -0.000480217 0.999999464 0.000963071 -0.111742146 -0.000807521 -0.000963459 0.999999285 2.866925478
0.999999583 0.000326626 0.000863214 0.030491032 -0.000327380 0.999999583 0.000873292 -0.119971007 -0.000862928 -0.000873575 0.999999225 3.100949049
0.999999821 -0.000036597 0.000632176 0.032578703 0.000035641 0.999998868 0.001512198 -0.138486341 -0.000632231 -0.001512175 0.999998629 3.311911821
0.999999881 -0.000060583 0.000410767 0.040564805 0.000059954 0.999998868 0.001530492 -0.146693349 -0.000410859 -0.001530467 0.999998748 3.560165167
0.999999821 0.000110797 0.000619427 0.042772178 -0.000111560 0.999999166 0.001231884 -0.150384769 -0.000619290 -0.001231953 0.999999046 3.810242176
0.999999344 0.000113568 0.001073926 0.042212848 -0.000115322 0.999998689 0.001633129 -0.160332114 -0.001073739 -0.001633252 0.999998093 4.072971344
0.999999106 0.000443026 0.001216114 0.046694234 -0.000445345 0.999998033 0.001907319 -0.167035237 -0.001215267 -0.001907859 0.999997437 4.329565048
0.999999642 -0.000107727 0.000840732 0.054492954 0.000106226 0.999998391 0.001784443 -0.176497400 -0.000840923 -0.001784353 0.999998033 4.589367390
0.999999166 0.000272691 0.001241354 0.058359809 -0.000275120 0.999998093 0.001957238 -0.182027698 -0.001240818 -0.001957578 0.999997318 4.851699352
0.999998868 0.000408898 0.001470273 0.056400008 -0.000411503 0.999998331 0.001771688 -0.191129670 -0.001469546 -0.001772291 0.999997377 5.098755360
0.999999344 0.000073186 0.001255519 0.063106298 -0.000075461 0.999998331 0.001812033 -0.198607802 -0.001255384 -0.001812127 0.999997497 5.359855175
0.999999285 0.000455784 0.001081351 0.073934063 -0.000457459 0.999998689 0.001549352 -0.197620064 -0.001080643 -0.001549846 0.999998212 5.622110844
0.999999225 0.000737639 0.001035963 0.078073837 -0.000739086 0.999998808 0.001396941 -0.205848053 -0.001034932 -0.001397706 0.999998510 5.890312195
0.999999285 0.000296187 0.001057971 0.089707740 -0.000297716 0.999998927 0.001444711 -0.216261923 -0.001057542 -0.001445025 0.999998391 6.147726059
0.999998808 0.000463610 0.001437486 0.092782371 -0.000466696 0.999997497 0.002147375 -0.234811291 -0.001436487 -0.002148043 0.999996662 6.434223175
0.999999285 0.000295677 0.001140070 0.094872795 -0.000297895 0.999997914 0.001945969 -0.239750102 -0.001139492 -0.001946307 0.999997437 6.729900360
0.999999046 0.000067383 0.001349282 0.101422697 -0.000069778 0.999998391 0.001775108 -0.245034695 -0.001349160 -0.001775200 0.999997556 7.034510136
0.999999821 0.000036308 0.000530497 0.122246951 -0.000037285 0.999998331 0.001840983 -0.251765043 -0.000530429 -0.001841002 0.999998152 7.322648525
0.999999702 -0.000058794 0.000727391 0.128172398 0.000057518 0.999998450 0.001753682 -0.261647493 -0.000727493 -0.001753639 0.999998212 7.628391266
0.999999762 0.000068263 0.000652259 0.149127871 -0.000069784 0.999997258 0.002332564 -0.284028441 -0.000652098 -0.002332609 0.999997139 7.941354752
0.999999285 -0.000338003 0.001145671 0.133815989 0.000335448 0.999997437 0.002229525 -0.288736075 -0.001146422 -0.002229139 0.999996841 8.253991127
0.999998987 0.000786237 0.001173939 0.142336890 -0.000788039 0.999998510 0.001535547 -0.290695667 -0.001172730 -0.001536470 0.999998093 8.587497711
0.999999046 0.000019467 0.001411675 0.146101236 -0.000022052 0.999998271 0.001831023 -0.298082620 -0.001411637 -0.001831051 0.999997318 8.926871300
0.999998152 0.000007666 0.001918612 0.135531887 -0.000012532 0.999996781 0.002536135 -0.322723150 -0.001918586 -0.002536154 0.999994934 9.255140305
0.999997914 0.000178079 0.002040288 0.142833114 -0.000183364 0.999996662 0.002590429 -0.330273837 -0.002039820 -0.002590797 0.999994516 9.601297379
0.999997020 0.000390934 0.002431096 0.138818115 -0.000397964 0.999995708 0.002891985 -0.340650082 -0.002429955 -0.002892943 0.999992847 9.944620132
0.999997437 0.000393086 0.002234381 0.155116260 -0.000399008 0.999996364 0.002650451 -0.350380242 -0.002233331 -0.002651336 0.999993980 10.301822662
0.999996126 0.000646824 0.002700988 0.161331311 -0.000655318 0.999994814 0.003145169 -0.368972659 -0.002698939 -0.003146926 0.999991417 10.677219391
0.999998391 0.000004429 0.001760287 0.180656910 -0.000009463 0.999995887 0.002860162 -0.384174407 -0.001760268 -0.002860175 0.999994338 11.018677711
0.999998033 0.000188907 0.001950249 0.184638917 -0.000194634 0.999995649 0.002936685 -0.395837903 -0.001949686 -0.002937059 0.999993801 11.399979591
0.999997139 0.000450467 0.002352498 0.193535119 -0.000458522 0.999994040 0.003424616 -0.416756243 -0.002350941 -0.003425685 0.999991357 11.783329964
0.999998271 0.000086398 0.001870287 0.207497776 -0.000092178 0.999995232 0.003090488 -0.427757919 -0.001870010 -0.003090655 0.999993443 12.159706116
0.999996245 0.000358425 0.002702359 0.209436432 -0.000367228 0.999994636 0.003257755 -0.440463424 -0.002701177 -0.003258735 0.999991059 12.557395935
0.999998271 0.000123612 0.001836776 0.243396997 -0.000130300 0.999993384 0.003641073 -0.447746903 -0.001836314 -0.003641307 0.999991655 12.933085442
0.999998868 -0.000370879 0.001461222 0.257725209 0.000364758 0.999991238 0.004186824 -0.467467368 -0.001462762 -0.004186287 0.999990106 13.323262215
0.999998331 -0.000092118 0.001819075 0.267917752 0.000085356 0.999993086 0.003717176 -0.466810465 -0.001819405 -0.003717015 0.999991417 13.732516289
0.999996006 0.001336216 0.002485006 0.262056649 -0.001346681 0.999990225 0.004214565 -0.485284567 -0.002479350 -0.004217895 0.999988019 14.137013435
0.999997079 -0.000897637 0.002252315 0.264012128 0.000887845 0.999990106 0.004344854 -0.525473952 -0.002256193 -0.004342841 0.999987960 14.577539444
0.999996662 -0.000963843 0.002423918 0.274407387 0.000952798 0.999989212 0.004553784 -0.537453711 -0.002428280 -0.004551459 0.999986649 14.999194145
0.999995470 -0.000929667 0.002859369 0.290224493 0.000917186 0.999990106 0.004362842 -0.547274172 -0.002863397 -0.004360199 0.999986410 15.438178062
0.999993443 -0.000412656 0.003594004 0.286633521 0.000393098 0.999985099 0.005440808 -0.591495216 -0.003596195 -0.005439359 0.999978721 15.802882195
0.999992430 -0.000905890 0.003782382 0.301882923 0.000883881 0.999982715 0.005816497 -0.607599556 -0.003787586 -0.005813109 0.999975860 16.246923447
0.999992669 -0.000279299 0.003822320 0.312416941 0.000259036 0.999985814 0.005300789 -0.611731887 -0.003823747 -0.005299760 0.999978602 16.710153580
0.999990523 -0.000056918 0.004332939 0.309742063 0.000036404 0.999988794 0.004734465 -0.613396108 -0.004333159 -0.004734263 0.999979377 17.147432327
0.999990702 0.000461071 0.004261435 0.317683905 -0.000482032 0.999987781 0.004919120 -0.622933328 -0.004259116 -0.004921129 0.999978781 17.610195160
0.999988079 0.000080530 0.004888561 0.326780677 -0.000103180 0.999989271 0.004633295 -0.631816626 -0.004888135 -0.004633744 0.999977350 18.096130371
0.999985874 -0.000047028 0.005304514 0.338047862 0.000018020 0.999985039 0.005468393 -0.658869028 -0.005304690 -0.005468221 0.999970973 18.508174896
0.999985397 0.000296259 0.005396927 0.352051347 -0.000325211 0.999985576 0.005364460 -0.669182420 -0.005395259 -0.005366137 0.999971032 18.981678009
0.999988735 -0.000900051 0.004659297 0.378751397 0.000875885 0.999986231 0.005186106 -0.677569449 -0.004663900 -0.005181966 0.999975741 19.462514877
0.999984264 -0.000260802 0.005602386 0.364631027 0.000230757 0.999985576 0.005362909 -0.699576259 -0.005603704 -0.005361532 0.999969900 19.898349762
0.999983311 -0.000046905 0.005768964 0.377407044 0.000016388 0.999985993 0.005289800 -0.714254618 -0.005769131 -0.005289617 0.999969363 20.381902695
0.999983490 -0.000469044 0.005723265 0.387465805 0.000435548 0.999982774 0.005852554 -0.735187590 -0.005725909 -0.005849965 0.999966502 20.872261047
0.999988019 -0.000802661 0.004811058 0.400406390 0.000773208 0.999980986 0.006120685 -0.750716090 -0.004815879 -0.006116892 0.999969721 21.376468658
0.999985993 0.000428661 0.005284117 0.397159755 -0.000458000 0.999984443 0.005552196 -0.756160855 -0.005281655 -0.005554537 0.999970615 21.892421722
0.999989152 -0.000430693 0.004621740 0.419726968 0.000402741 0.999981701 0.006047206 -0.779720485 -0.004624260 -0.006045280 0.999971032 22.395406723
0.999993980 -0.001191366 0.003294789 0.434961438 0.001170978 0.999980211 0.006183094 -0.788391054 -0.003302091 -0.006179199 0.999975383 22.837753296
0.999995828 -0.000853190 0.002797228 0.442015260 0.000836436 0.999981761 0.005985376 -0.803156912 -0.002802284 -0.005983011 0.999978125 23.374740601
0.999994814 -0.002816747 0.001539535 0.464932531 0.002807739 0.999979079 0.005822022 -0.817182422 -0.001555902 -0.005817669 0.999981880 23.880289078
0.999997318 -0.001743047 0.001526117 0.462993681 0.001733513 0.999979138 0.006226440 -0.829906046 -0.001536938 -0.006223778 0.999979436 24.392614365
0.999998689 -0.001143494 0.001099997 0.473918051 0.001136626 0.999979913 0.006224482 -0.840118408 -0.001107092 -0.006223223 0.999980032 24.908514023
0.999998748 -0.001510238 0.000298570 0.484021962 0.001508420 0.999980867 0.005995820 -0.847573936 -0.000307619 -0.005995363 0.999981999 25.434249878
0.999999106 -0.001291771 -0.000160852 0.496063799 0.001292703 0.999981463 0.005937819 -0.859047711 0.000153179 -0.005938021 0.999982357 25.969871521
0.999998450 -0.001672628 -0.000568503 0.501261234 0.001676330 0.999976993 0.006576243 -0.872421265 0.000557491 -0.006577186 0.999978244 26.500597000
0.999997616 -0.001783029 -0.001266902 0.525382519 0.001791273 0.999977052 0.006535497 -0.885162592 0.001255219 -0.006537750 0.999977827 27.033273697
0.999998629 -0.001215155 -0.001136192 0.529348016 0.001222572 0.999977767 0.006549948 -0.900582194 0.001128207 -0.006551327 0.999977887 27.558597565
0.999999166 -0.000831691 -0.001047613 0.530043423 0.000838349 0.999979377 0.006370739 -0.908731520 0.001042293 -0.006371611 0.999979138 28.098575592
0.999995708 -0.001852767 -0.002276525 0.554261446 0.001868213 0.999975085 0.006801590 -0.926493406 0.002263867 -0.006805814 0.999974251 28.617837906
0.999996066 -0.001478668 -0.002417617 0.560179651 0.001493294 0.999980569 0.006059099 -0.942911386 0.002408611 -0.006062685 0.999978662 29.147081375
0.999993622 -0.001683162 -0.003152126 0.575133145 0.001703640 0.999977410 0.006505101 -0.942858219 0.003141106 -0.006510430 0.999973893 29.687433243
0.999993980 -0.001559683 -0.003078834 0.582681417 0.001578844 0.999979317 0.006230776 -0.957129478 0.003069053 -0.006235600 0.999975860 30.223400116
0.999991953 -0.001337504 -0.003774840 0.603283763 0.001361111 0.999979496 0.006258173 -0.963647306 0.003766392 -0.006263261 0.999973297 30.780115128
0.999994159 -0.001133098 -0.003224243 0.577745497 0.001154231 0.999977827 0.006560184 -0.982805431 0.003216739 -0.006563867 0.999973297 31.294574738
0.999993622 -0.001566859 -0.003207435 0.586864710 0.001587640 0.999977708 0.006486889 -0.991145730 0.003197199 -0.006491939 0.999973834 31.862258911
0.999993145 -0.000346952 -0.003680584 0.600380540 0.000368854 0.999982238 0.005951708 -0.999507725 0.003678454 -0.005953025 0.999975502 32.335769653
0.999992430 -0.000701171 -0.003825818 0.590104461 0.000724965 0.999980390 0.006221472 -1.020621777 0.003821380 -0.006224198 0.999973297 32.845237732
0.999992311 -0.000580279 -0.003883787 0.610660136 0.000606025 0.999977827 0.006631209 -1.039568424 0.003879854 -0.006633512 0.999970436 33.366779327
0.999993145 0.001284270 -0.003453775 0.626040339 -0.001263798 0.999981701 0.005923275 -1.038810134 0.003461317 -0.005918870 0.999976456 33.976062775
0.999992192 0.000904849 -0.003842629 0.637608588 -0.000884662 0.999985814 0.005251960 -1.033565521 0.003847327 -0.005248519 0.999978840 34.501293182
0.999987721 -0.000998349 -0.004853816 0.653259933 0.001030914 0.999976933 0.006711185 -1.066570163 0.004847003 -0.006716107 0.999965727 34.941822052
0.999989569 -0.000940097 -0.004476666 0.645992160 0.000969854 0.999977350 0.006649537 -1.079395175 0.004470313 -0.006653809 0.999967933 35.504436493
0.999990404 0.000084142 -0.004373608 0.674994528 -0.000057109 0.999980927 0.006180756 -1.088320255 0.004374044 -0.006180448 0.999971390 36.074851990
0.999990404 0.000580416 -0.004354764 0.667272210 -0.000556807 0.999985039 0.005420702 -1.091611624 0.004357846 -0.005418224 0.999975860 36.598911285
0.999985218 -0.000961205 -0.005349024 0.675896168 0.000996230 0.999978065 0.006549192 -1.123783350 0.005342612 -0.006554425 0.999964237 37.104000092
0.999984562 -0.000296329 -0.005549457 0.687409937 0.000333739 0.999977291 0.006741554 -1.135058403 0.005547334 -0.006743302 0.999961913 37.649532318
0.999982715 -0.001741581 -0.005609695 0.683326781 0.001781425 0.999973178 0.007105519 -1.156437039 0.005597169 -0.007115388 0.999958992 38.178737640
0.999981225 -0.000050394 -0.006131137 0.720798969 0.000086539 0.999982655 0.005895256 -1.133882761 0.006130734 -0.005895676 0.999963820 38.709751129
0.999976814 -0.000944546 -0.006728800 0.752230644 0.000995330 0.999970973 0.007547931 -1.187102914 0.006721476 -0.007554454 0.999948800 39.240333557
0.999981582 -0.001579173 -0.005846230 0.712686181 0.001620193 0.999974072 0.007018411 -1.180410981 0.005834994 -0.007027754 0.999958277 39.710975647
0.999979913 -0.002249371 -0.005923787 0.712442279 0.002295629 0.999966860 0.007813704 -1.219497204 0.005906014 -0.007827145 0.999951959 40.252975464
0.999979854 -0.001314523 -0.006208438 0.735503435 0.001357822 0.999974668 0.006975038 -1.208354592 0.006199113 -0.006983329 0.999956429 40.785354614
0.999983251 0.000297535 -0.005789815 0.743322134 -0.000260877 0.999979913 0.006331114 -1.215275526 0.005791583 -0.006329498 0.999963224 41.323589325
0.999978960 -0.001598314 -0.006281590 0.749203801 0.001644429 0.999971688 0.007343015 -1.235324025 0.006269676 -0.007353190 0.999953330 41.831672668
0.999977767 -0.001682919 -0.006438590 0.752875745 0.001730361 0.999971449 0.007370023 -1.251246929 0.006426002 -0.007381001 0.999952137 42.364898682
0.999979019 -0.001590027 -0.006281360 0.755909204 0.001635617 0.999972284 0.007259356 -1.261685133 0.006269643 -0.007269478 0.999953926 42.890865326
0.999979317 -0.001634761 -0.006225127 0.762085676 0.001679143 0.999973178 0.007130813 -1.268293381 0.006213304 -0.007141117 0.999955177 43.409816742
0.999976814 -0.001870320 -0.006544709 0.774325848 0.001915560 0.999974251 0.006913109 -1.277907372 0.006531611 -0.006925486 0.999954700 43.948150635
0.999977887 -0.001571274 -0.006461837 0.781216860 0.001616338 0.999974370 0.006974678 -1.293552756 0.006450713 -0.006984969 0.999954820 44.477382660
0.999978065 -0.002074587 -0.006295841 0.783822536 0.002118979 0.999972880 0.007052573 -1.303779840 0.006281039 -0.007065759 0.999955356 45.004013062
0.999977529 -0.001553657 -0.006516287 0.797392070 0.001597775 0.999975741 0.006770768 -1.316601515 0.006505609 -0.006781028 0.999955833 45.537696838
0.999975622 -0.001759827 -0.006759506 0.810143352 0.001806984 0.999974012 0.006976629 -1.336269617 0.006747053 -0.006988673 0.999952853 46.094524384
0.999975324 -0.001917050 -0.006759069 0.813764155 0.001965217 0.999972701 0.007126800 -1.340531588 0.006745222 -0.007139909 0.999951780 46.588085175
0.999976397 -0.001428633 -0.006711225 0.820968151 0.001474381 0.999975681 0.006816737 -1.350394845 0.006701322 -0.006826472 0.999954283 47.139041901
0.999972641 -0.002095003 -0.007092372 0.838319421 0.002145531 0.999972284 0.007124084 -1.365621328 0.007077251 -0.007139107 0.999949455 47.653373718
0.999969482 -0.002296566 -0.007465394 0.858109295 0.002354036 0.999967575 0.007698488 -1.387275934 0.007447471 -0.007715827 0.999942541 48.184444427
0.999973238 -0.001691249 -0.007119356 0.857131124 0.001741908 0.999973178 0.007115477 -1.387670040 0.007107131 -0.007127687 0.999949336 48.707611084
0.999974012 -0.001454430 -0.007058828 0.860548854 0.001504743 0.999973476 0.007127535 -1.397730231 0.007048273 -0.007137972 0.999949634 49.254280090
0.999970198 -0.002297690 -0.007368710 0.867460072 0.002353014 0.999969006 0.007508129 -1.419321060 0.007351231 -0.007525244 0.999944687 49.758293152
0.999970555 -0.002153751 -0.007355378 0.871807337 0.002207934 0.999970436 0.007366264 -1.427808166 0.007339295 -0.007382289 0.999945819 50.279956818
0.999971151 -0.001949720 -0.007332343 0.876913667 0.002004964 0.999969602 0.007534489 -1.436961055 0.007317429 -0.007548973 0.999944746 50.827396393
0.999970555 -0.001707785 -0.007475775 0.881756783 0.001761680 0.999972463 0.007208625 -1.449468374 0.007463260 -0.007221582 0.999946058 51.341892242
0.999971986 -0.001968495 -0.007217469 0.894531369 0.002023923 0.999968469 0.007680364 -1.455232620 0.007202123 -0.007694758 0.999944448 51.871166229
0.999970436 -0.001784668 -0.007479979 0.904113531 0.001838983 0.999971986 0.007260783 -1.471396208 0.007466812 -0.007274324 0.999945641 52.456584930
0.999972880 -0.001853482 -0.007123358 0.893870473 0.001905135 0.999971926 0.007251346 -1.496053219 0.007109717 -0.007264721 0.999948323 53.003787994
0.999971926 -0.001450037 -0.007345201 0.877257943 0.001505753 0.999970138 0.007585561 -1.502611756 0.007333982 -0.007596408 0.999944270 53.495235443
0.999978125 -0.001129683 -0.006517982 0.872088790 0.001178293 0.999971509 0.007458773 -1.531819820 0.006509371 -0.007466289 0.999950945 54.009567261
0.999968946 -0.002190526 -0.007569251 0.934136748 0.002245705 0.999970913 0.007289061 -1.523052454 0.007553066 -0.007305831 0.999944746 54.484893799
0.999970317 -0.001969219 -0.007454874 0.927233338 0.002023544 0.999971390 0.007286714 -1.535454273 0.007440312 -0.007301582 0.999945641 55.010993958
0.999971628 -0.002199254 -0.007211887 0.933616519 0.002252127 0.999970615 0.007331381 -1.548597693 0.007195552 -0.007347414 0.999947071 55.552894592
0.999963880 -0.003228807 -0.007865901 0.947481632 0.003286792 0.999967456 0.007370029 -1.560151696 0.007841849 -0.007395616 0.999941885 56.110294342
0.999963224 -0.002656728 -0.008155816 0.948060751 0.002718969 0.999967158 0.007629952 -1.583222866 0.008135278 -0.007651847 0.999937654 56.616298676
0.999967754 -0.002735765 -0.007546023 0.971021652 0.002794204 0.999966085 0.007744641 -1.597719193 0.007524578 -0.007765476 0.999941528 57.061103821
0.999966681 -0.002629590 -0.007731761 0.977217793 0.002687260 0.999968588 0.007457912 -1.601501703 0.007711907 -0.007478441 0.999942243 57.601135254
0.999967933 -0.002562165 -0.007576183 0.981631815 0.002618994 0.999968469 0.007500608 -1.612365127 0.007556726 -0.007520212 0.999943197 58.114868164
0.999967754 -0.002608807 -0.007589347 0.995190144 0.002664934 0.999969065 0.007394709 -1.628314734 0.007569822 -0.007414697 0.999943912 58.650253296
0.999965191 -0.003001133 -0.007774700 0.998939931 0.003062325 0.999964356 0.007870723 -1.637138724 0.007750801 -0.007894261 0.999938786 59.185340881
0.999961734 -0.003309508 -0.008091778 1.017484426 0.003373230 0.999963343 0.007874020 -1.653249621 0.008065423 -0.007901018 0.999936223 59.726852417
0.999955356 -0.003269001 -0.008857108 1.070939660 0.003348230 0.999954462 0.008945228 -1.692355156 0.008827460 -0.008974485 0.999920726 60.185070038
0.999962807 -0.002819901 -0.008140234 1.038578033 0.002888342 0.999960542 0.008408219 -1.676149845 0.008116201 -0.008431419 0.999931455 60.718021393
0.999963522 -0.003133052 -0.007937681 1.048457146 0.003191814 0.999967515 0.007401051 -1.682998419 0.007914234 -0.007426118 0.999941111 61.257148743
0.999959469 -0.003183401 -0.008418661 1.054463863 0.003250983 0.999962509 0.008026182 -1.699001312 0.008392795 -0.008053226 0.999932349 61.788864136
0.999963701 -0.002860226 -0.008019003 1.053944349 0.002917982 0.999969840 0.007200021 -1.701993465 0.007998168 -0.007223160 0.999941945 62.348026276
0.999958873 -0.003650947 -0.008304129 1.062793493 0.003717528 0.999960959 0.008016671 -1.729332566 0.008274537 -0.008047212 0.999933362 62.833625793
0.999963343 -0.003150736 -0.007960414 1.053930044 0.003217391 0.999959767 0.008374412 -1.748376250 0.007933708 -0.008399716 0.999933243 63.360393524
0.999961674 -0.003554394 -0.008003277 1.076732635 0.003618595 0.999961257 0.008021714 -1.755992651 0.007974454 -0.008050368 0.999935746 63.908462524
0.999960363 -0.003440673 -0.008212782 1.086715817 0.003505682 0.999962628 0.007914400 -1.744033456 0.008185245 -0.007942879 0.999934971 64.396934509
0.999963284 -0.003522058 -0.007816084 1.098349810 0.003586225 0.999959826 0.008210805 -1.763732195 0.007786850 -0.008238535 0.999935746 64.930595398
0.999962687 -0.003129887 -0.008051448 1.096177816 0.003192305 0.999964893 0.007751340 -1.764465570 0.008026903 -0.007776754 0.999937594 65.487930298
0.999961019 -0.003284232 -0.008196861 1.114179492 0.003350046 0.999962151 0.008028475 -1.789696693 0.008170183 -0.008055622 0.999934196 65.979049683
0.999956787 -0.003925337 -0.008431751 1.120534182 0.003997429 0.999955475 0.008550179 -1.808386803 0.008397813 -0.008583516 0.999927878 66.516395569
0.999956012 -0.004311887 -0.008327994 1.114689350 0.004380952 0.999956012 0.008292771 -1.803479195 0.008291870 -0.008328892 0.999930918 67.016899109
0.999957085 -0.003628998 -0.008517069 1.150044203 0.003696464 0.999961734 0.007918988 -1.820250988 0.008488003 -0.007950132 0.999932289 67.547744751
0.999962747 -0.003374754 -0.007939188 1.150979161 0.003439261 0.999961078 0.008125554 -1.840052843 0.007911456 -0.008152557 0.999935448 68.063720703
0.999960423 -0.003146835 -0.008322733 1.160236597 0.003212425 0.999963939 0.007879314 -1.847056150 0.008297637 -0.007905738 0.999934256 68.624618530
0.999952674 -0.003618995 -0.009034269 1.165283442 0.003691897 0.999960661 0.008065941 -1.855503082 0.009004723 -0.008098913 0.999926627 69.167198181
0.999956429 -0.003637233 -0.008593185 1.185601592 0.003704359 0.999962747 0.007808623 -1.871366739 0.008564461 -0.007840115 0.999932587 69.731521606
0.999955654 -0.003726722 -0.008651023 1.189201713 0.003793850 0.999962747 0.007756101 -1.884104729 0.008621797 -0.007788576 0.999932468 70.199630737
0.999956369 -0.003784107 -0.008538801 1.194937587 0.003850270 0.999962568 0.007745521 -1.899673939 0.008509172 -0.007778061 0.999933541 70.751060486
0.999964058 -0.002803345 -0.008002653 1.200837851 0.002863322 0.999967813 0.007493028 -1.908048749 0.007981392 -0.007515674 0.999939859 71.310226440
0.999954998 -0.003928736 -0.008636550 1.213028193 0.003994204 0.999963343 0.007576118 -1.919486284 0.008606467 -0.007610273 0.999934018 71.794769287
0.999948561 -0.004124224 -0.009268337 1.228234053 0.004194720 0.999962389 0.007599502 -1.934263468 0.009236645 -0.007637990 0.999928176 72.344512939
0.999951065 -0.004488528 -0.008812362 1.236436605 0.004557386 0.999959052 0.007809338 -1.951548338 0.008776949 -0.007849117 0.999930680 72.855690002
0.999951005 -0.004531323 -0.008802262 1.246609926 0.004595539 0.999962866 0.007288882 -1.957736254 0.008768909 -0.007328977 0.999934673 73.396148682
0.999950528 -0.004445819 -0.008891574 1.256084561 0.004514698 0.999959826 0.007741609 -1.983268023 0.008856800 -0.007781367 0.999930501 73.893257141
0.999947369 -0.004583249 -0.009182584 1.272470474 0.004656172 0.999957621 0.007935910 -1.995182276 0.009145823 -0.007978247 0.999926329 74.428955078
0.999949813 -0.004533431 -0.008937503 1.280792713 0.004604023 0.999958217 0.007893660 -2.012920618 0.008901346 -0.007934411 0.999928832 74.947410583
0.999940574 -0.005193703 -0.009590220 1.297933459 0.005271686 0.999953032 0.008124137 -2.029710770 0.009547578 -0.008174209 0.999920964 75.491241455
0.999949098 -0.004665459 -0.008956431 1.285816789 0.004740600 0.999953568 0.008386934 -2.039113522 0.008916887 -0.008428965 0.999924719 76.053657532
0.999953210 -0.003986363 -0.008815737 1.309153676 0.004054197 0.999962211 0.007690255 -2.047433853 0.008784748 -0.007725635 0.999931514 76.525642395
0.999955833 -0.004162186 -0.008424543 1.314582467 0.004229126 0.999959588 0.007943733 -2.059658527 0.008391139 -0.007979010 0.999932945 77.060539246
0.999957860 -0.003626986 -0.008436212 1.311146498 0.003693994 0.999961793 0.007941003 -2.064001083 0.008407085 -0.007971831 0.999932885 77.561340332
0.999957919 -0.003952830 -0.008282720 1.320658684 0.004017920 0.999961138 0.007856690 -2.073035240 0.008251341 -0.007889638 0.999934852 78.117660522
0.999964178 -0.004394910 -0.007236249 1.334156513 0.004451828 0.999959111 0.007868353 -2.089459896 0.007201374 -0.007900286 0.999942839 78.633789062
0.999979258 -0.003289128 -0.005522745 1.336965799 0.003330075 0.999966919 0.007421452 -2.102744341 0.005498152 -0.007439688 0.999957204 79.177490234
0.999987483 -0.003112925 -0.003915702 1.334294915 0.003142242 0.999966919 0.007503542 -2.115795135 0.003892215 -0.007515752 0.999964237 79.735504150
0.999988556 -0.003575940 -0.003160914 1.348330021 0.003600130 0.999963999 0.007680837 -2.120627403 0.003133334 -0.007692129 0.999965489 80.244361877
0.999995589 -0.002913960 0.000571799 1.364029765 0.002909316 0.999964058 0.007960322 -2.138785601 -0.000594974 -0.007958624 0.999968112 80.805244446
0.999989688 -0.001456957 0.004293869 1.372929335 0.001421011 0.999964058 0.008362575 -2.162639618 -0.004305898 -0.008356387 0.999955773 81.335929871
0.999973476 -0.002084120 0.006983259 1.398549199 0.002025317 0.999962509 0.008416938 -2.168241739 -0.007000538 -0.008402571 0.999940097 81.943199158
0.999940872 -0.003189484 0.010390719 1.427577496 0.003107182 0.999963760 0.007927220 -2.184140205 -0.010415625 -0.007894467 0.999914527 82.424163818
0.999856174 -0.001871729 0.016852662 1.448987722 0.001732485 0.999964237 0.008273284 -2.195569277 -0.016867545 -0.008242897 0.999823749 82.962135315
0.999745727 -0.002569092 0.022399858 1.471740007 0.002391520 0.999965489 0.007950535 -2.207693338 -0.022419509 -0.007894945 0.999717414 83.505012512
0.999595106 -0.003478852 0.028240005 1.495456338 0.003256182 0.999963284 0.007927069 -2.232106209 -0.028266544 -0.007831903 0.999569714 84.088264465
0.999332964 -0.003271538 0.036371097 1.548321009 0.003005349 0.999968290 0.007370988 -2.237195015 -0.036394052 -0.007256764 0.999311090 84.646080017
0.998955607 -0.001822283 0.045655176 1.574870348 0.001441825 0.999963999 0.008364843 -2.257079124 -0.045668773 -0.008290282 0.998922229 85.218650818
0.998623610 -0.002754504 0.052375495 1.644587994 0.002315295 0.999961674 0.008444590 -2.279974937 -0.052396748 -0.008311704 0.998591721 85.732467651
0.998084605 -0.002153201 0.061825149 1.695354223 0.001647635 0.999964833 0.008227172 -2.290785789 -0.061840687 -0.008109547 0.998053074 86.272895813
0.997433186 -0.002298922 0.071566723 1.762358665 0.001692134 0.999962032 0.008538104 -2.319914341 -0.071583644 -0.008395088 0.997399271 86.844329834
0.996747553 -0.001847530 0.080567196 1.816461086 0.001130072 0.999959290 0.008949776 -2.335320473 -0.080580465 -0.008829621 0.996708989 87.392738342
0.996145129 -0.003819169 0.087636575 1.888684273 0.003105644 0.999960899 0.008276762 -2.334469795 -0.087664738 -0.007972687 0.996118128 87.990158081
0.995187640 -0.004336915 0.097891614 1.968123913 0.003565663 0.999961197 0.008052205 -2.347664833 -0.097922735 -0.007664408 0.995164514 88.540435791
0.994080603 -0.004200516 0.108563982 2.046782970 0.003358370 0.999962807 0.007938814 -2.354504585 -0.108593293 -0.007527222 0.994057834 89.093513489
0.993084133 -0.005379729 0.117281139 2.155231476 0.004453370 0.999956787 0.008159237 -2.381516933 -0.117319979 -0.007580514 0.993065238 89.642532349
0.991764247 -0.005673206 0.127951279 2.248661041 0.004687329 0.999956965 0.008004895 -2.383338213 -0.127991185 -0.007339219 0.991748154 90.207130432
0.990092874 -0.006243000 0.140275434 2.348438263 0.005198266 0.999955952 0.007812909 -2.393580675 -0.140318006 -0.007006316 0.990081728 90.744567871
0.988573670 -0.006789683 0.150585353 2.463212013 0.005684360 0.999953687 0.007769412 -2.408685446 -0.150631130 -0.006824653 0.988566458 91.307838440
0.987067044 -0.007349157 0.160139263 2.574365616 0.006172892 0.999950230 0.007841513 -2.417428970 -0.160188913 -0.006751578 0.987063229 91.856048584
0.985105276 -0.007435305 0.171791002 2.694003105 0.006141342 0.999948680 0.008062436 -2.435693741 -0.171842113 -0.006887322 0.985100448 92.384895325
0.982751250 -0.007567330 0.184777588 2.810156822 0.006236813 0.999950290 0.007780799 -2.441369057 -0.184827283 -0.006494166 0.982749581 92.953384399
0.980680108 -0.008611413 0.195428729 2.944209099 0.007207547 0.999942958 0.007893528 -2.460957527 -0.195485532 -0.006332463 0.980686188 93.462646484
0.978015423 -0.008850934 0.208344549 3.077274323 0.007322411 0.999940276 0.008106646 -2.469033480 -0.208403870 -0.006402842 0.978021920 94.019287109
0.975026011 -0.009105869 0.221903965 3.222908020 0.007433138 0.999937296 0.008372067 -2.480114937 -0.221966296 -0.006513543 0.975032508 94.539535522
0.972347260 -0.009584368 0.233343154 3.378608704 0.007852692 0.999934375 0.008349052 -2.490050554 -0.233407810 -0.006285804 0.972358584 95.081451416
0.969551682 -0.010727862 0.244651645 3.553289413 0.008862122 0.999922693 0.008725658 -2.518175840 -0.244726300 -0.006291844 0.969571769 95.547317505
0.965751588 -0.010275980 0.259264559 3.717338562 0.008143852 0.999923646 0.009296506 -2.539017439 -0.259340286 -0.006866703 0.965761542 96.148475647
0.962243438 -0.010303854 0.271995127 3.895330429 0.008166439 0.999926269 0.008989100 -2.549257994 -0.272067755 -0.006428473 0.962256610 96.686958313
0.959089816 -0.010774218 0.282896638 4.085666656 0.008394224 0.999918401 0.009623743 -2.570650578 -0.282977223 -0.006855338 0.959102094 97.204391479
0.954966486 -0.011709721 0.296482503 4.278354645 0.009328804 0.999911904 0.009444045 -2.577117920 -0.296566963 -0.006252919 0.954991579 97.736770630
0.950569808 -0.012278101 0.310268074 4.475828171 0.009604424 0.999902427 0.010143576 -2.588799000 -0.310362339 -0.006662233 0.950595021 98.255302429
0.946825027 -0.013098345 0.321482241 4.678829193 0.010538594 0.999897420 0.009701306 -2.592448235 -0.321576297 -0.005797469 0.946865976 98.789894104
0.942289650 -0.012656001 0.334559411 4.884664536 0.009783220 0.999899328 0.010270523 -2.605569363 -0.334655762 -0.006404742 0.942318678 99.314544678
0.937178910 -0.012373486 0.348629326 5.096084595 0.009469307 0.999904811 0.010033214 -2.612291336 -0.348720312 -0.006101639 0.937206984 99.840888977
0.932570338 -0.013539708 0.360734433 5.322784424 0.010413948 0.999889433 0.010607452 -2.626763582 -0.360838085 -0.006135523 0.932608426 100.336479187
0.928009450 -0.013708423 0.372304350 5.548437119 0.010355867 0.999885857 0.011003136 -2.643686533 -0.372412682 -0.006355479 0.928045452 100.843666077
0.922222674 -0.013942920 0.386407733 5.790412903 0.010536384 0.999884725 0.010932547 -2.646914959 -0.386515617 -0.006010903 0.922263265 101.354217529
0.916854978 -0.015243594 0.398929298 6.040065765 0.011896905 0.999870300 0.010863776 -2.652413607 -0.399043202 -0.005214484 0.916917264 101.847030640
0.912132621 -0.015595526 0.409598351 6.289688110 0.011970837 0.999863148 0.011412159 -2.672588348 -0.409720302 -0.005506168 0.912194550 102.344970703
0.906699121 -0.015494817 0.421493322 6.542797089 0.011351571 0.999859393 0.012337513 -2.696482658 -0.421625257 -0.006401801 0.906747639 102.816566467
0.900140345 -0.016037390 0.435304672 6.811370850 0.012056776 0.999856472 0.011904987 -2.699837685 -0.435433090 -0.005467788 0.900204480 103.336532593
0.894379795 -0.016461045 0.447005391 7.087432861 0.012497764 0.999852121 0.011813868 -2.705120564 -0.447133750 -0.004979517 0.894453228 103.838508606
0.888726592 -0.017307302 0.458110809 7.364784241 0.013218164 0.999839067 0.012130649 -2.719936371 -0.458247006 -0.004725444 0.888812304 104.310974121
0.881541610 -0.017328652 0.471788228 7.649345398 0.013059731 0.999838710 0.012321556 -2.735254288 -0.471925616 -0.004700536 0.881625831 104.778961182
