1.000000000 0.000000000 0.000000000 0.000000000 0.000000000 1.000000000 0.000000000 0.000000000 0.000000000 0.000000000 1.000000000 0.000000000
1.000000000 0.000032692 -0.000058146 0.000209081 -0.000032697 1.000000000 -0.000074230 0.000153901 0.000058144 0.000074232 1.000000000 -0.000785704
1.000000000 0.000107105 0.000001019 0.000374185 -0.000107105 1.000000000 0.000021855 -0.000279272 -0.000001017 -0.000021855 1.000000000 -0.001432942
1.000000000 -0.000001286 -0.000050580 0.000607208 0.000001290 1.000000000 0.000071351 -0.000483892 0.000050580 -0.000071352 1.000000000 -0.002450747
1.000000000 -0.000045447 -0.000024165 0.000246022 0.000045446 1.000000000 -0.000071158 0.000793513 0.000024168 0.000071157 1.000000000 0.000967855
1.000000000 0.000025602 -0.000045308 0.001347168 -0.000025603 1.000000000 -0.000024229 0.000046907 0.000045307 0.000024230 1.000000000 -0.000289380
1.000000000 0.000053270 0.000026318 0.000567893 -0.000053267 1.000000000 -0.000091517 0.000139159 -0.000026323 0.000091515 1.000000000 -0.001064073
1.000000000 -0.000099691 0.000031457 0.000794123 0.000099691 1.000000000 -0.000016694 0.000091475 -0.000031455 0.000016697 1.000000000 -0.000839644
1.000000000 -0.000141119 0.000008139 0.000771822 0.000141120 1.000000000 -0.000133624 0.001790551 -0.000008120 0.000133625 1.000000000 0.001515217
1.000000000 0.000080453 -0.000050539 0.001400828 -0.000080449 1.000000000 0.000078622 -0.000305541 0.000050546 -0.000078618 1.000000000 -0.000121652
1.000000000 -0.000011464 -0.000045365 0.001518177 0.000011461 1.000000000 -0.000064505 0.000717984 0.000045366 0.000064504 1.000000000 -0.000427627
1.000000000 0.000017747 0.000023904 -0.000169808 -0.000017748 1.000000000 0.000058047 -0.000441212 -0.000023903 -0.000058047 1.000000000 -0.000371019
1.000000000 -0.000186855 -0.000139628 0.002078804 0.000186877 1.000000000 0.000153978 -0.000749587 0.000139600 -0.000154004 1.000000000 -0.000613262
1.000000000 -0.000126167 -0.000073479 0.001272361 0.000126171 1.000000000 0.000062486 -0.000346047 0.000073471 -0.000062495 1.000000000 -0.000246202
0.999999940 -0.000229530 -0.000112235 0.001018123 0.000229541 0.999999940 0.000098417 -0.000798317 0.000112212 -0.000098443 1.000000000 -0.000941466
1.000000000 0.000171193 0.000162590 0.000038166 -0.000171201 1.000000000 0.000050903 0.000650880 -0.000162581 -0.000050931 1.000000000 0.001269857
1.000000000 0.000022478 -0.000028221 0.000466485 -0.000022478 1.000000000 0.000001321 0.000682361 0.000028221 -0.000001320 1.000000000 0.001183316
1.000000000 0.000025699 -0.000025308 0.000726635 -0.000025701 1.000000000 -0.000067112 0.000669270 0.000025307 0.000067113 1.000000000 -0.000064953
1.000000000 0.000024349 0.000156221 -0.001312396 -0.000024349 1.000000000 -0.000000204 0.000274050 -0.000156221 0.000000201 1.000000000 0.000992434
1.000000000 0.000066634 0.000156556 -0.001104733 -0.000066609 1.000000000 -0.000158139 0.001377931 -0.000156567 0.000158129 1.000000000 0.000927345
1.000000000 -0.000124070 -0.000104615 0.000920718 0.000124070 1.000000000 -0.000004616 0.000314984 0.000104615 0.000004603 1.000000000 0.000782663
0.999999940 -0.000338275 0.000044325 0.001665882 0.000338271 0.999999940 0.000096523 -0.000889273 -0.000044358 -0.000096508 1.000000000 0.000114286
1.000000000 0.000061806 0.000192337 -0.000678414 -0.000061820 1.000000000 0.000073753 0.000496149 -0.000192332 -0.000073765 1.000000000 -0.000057993
1.000000000 -0.000036110 0.000054680 0.000569232 0.000036109 1.000000000 0.000021997 0.000353166 -0.000054680 -0.000021995 1.000000000 -0.000519269
1.000000000 0.000096451 0.000045254 0.000774593 -0.000096453 1.000000000 0.000050963 -0.000406780 -0.000045249 -0.000050967 1.000000000 -0.001888175
1.000000000 0.000011000 -0.000011438 0.000693614 -0.000011001 1.000000000 -0.000112500 0.000923205 0.000011436 0.000112500 1.000000000 -0.000089842
1.000000000 0.000116643 0.000133692 -0.000968234 -0.000116633 1.000000000 -0.000080523 0.000958181 -0.000133701 0.000080507 1.000000000 0.000897426
1.000000000 0.000004765 0.000162210 -0.001213731 -0.000004781 1.000000000 0.000095754 0.000747459 -0.000162210 -0.000095754 1.000000000 0.001193063
1.000000000 0.000031992 0.000044907 0.000201262 -0.000031990 1.000000000 -0.000038179 0.001107408 -0.000044908 0.000038178 1.000000000 0.000810527
1.000000000 -0.000021316 0.000093820 0.000391910 0.000021312 1.000000000 0.000042448 -0.000582957 -0.000093821 -0.000042446 1.000000000 -0.002180202
1.000000000 -0.000000860 0.000060050 0.000389898 0.000000857 1.000000000 0.000052015 -0.000047812 -0.000060050 -0.000052015 1.000000000 -0.000139538
1.000000000 -0.000053935 0.000086226 0.000839187 0.000053939 1.000000000 -0.000042355 0.000741403 -0.000086224 0.000042359 1.000000000 -0.000234863
1.000000000 -0.000050392 0.000062555 0.000256223 0.000050391 1.000000000 0.000014923 0.000553231 -0.000062555 -0.000014920 1.000000000 0.000832471
1.000000000 0.000088478 0.000129896 0.000392408 -0.000088489 1.000000000 0.000079039 0.000056970 -0.000129889 -0.000079050 1.000000000 -0.000388043
0.999999940 0.000265396 0.000104731 0.000006145 -0.000265394 0.999999940 -0.000020010 0.001111996 -0.000104736 0.000019982 1.000000000 -0.000654023
1.000000000 -0.000083470 0.000068270 -0.001077341 0.000083479 1.000000000 -0.000126526 0.002286641 -0.000068259 0.000126532 1.000000000 0.002345336
1.000000000 0.000053399 0.000096155 -0.000166403 -0.000053405 1.000000000 0.000063079 0.000497908 -0.000096151 -0.000063084 1.000000000 0.000238504
1.000000000 -0.000126382 0.000007172 0.000736945 0.000126382 1.000000000 0.000055064 0.000389125 -0.000007179 -0.000055064 1.000000000 -0.000241621
0.999999940 0.000049144 0.000272747 -0.000883350 -0.000049145 1.000000000 0.000000411 0.000728351 -0.000272747 -0.000000424 0.999999940 0.002255870
0.999999881 -0.000442603 0.000179414 0.000989686 0.000442719 0.999999702 -0.000645292 -0.001885534 -0.000179128 0.000645372 0.999999762 0.051392533
1.000000000 0.000025899 0.000187417 0.000645379 -0.000025681 0.999999344 -0.001162870 -0.006079748 -0.000187447 0.001162865 0.999999285 0.132616892
0.999999940 0.000288559 -0.000108534 0.005176984 -0.000288710 0.999998987 -0.001390238 -0.007152569 0.000108132 0.001390269 0.999999046 0.250759512
0.999999940 0.000303983 0.000018133 0.006337336 -0.000303964 0.999999404 -0.001034504 -0.015017825 -0.000018447 0.001034499 0.999999464 0.380033582
1.000000000 0.000166100 0.000141929 0.007821382 -0.000165959 0.999999464 -0.000996310 -0.016935747 -0.000142095 0.000996286 0.999999523 0.525047958
0.999999940 0.000303392 0.000064008 0.013912773 -0.000303317 0.999999285 -0.001179297 -0.020464646 -0.000064366 0.001179277 0.999999285 0.673914015
0.999999940 0.000063329 0.000262590 0.017915649 -0.000063053 0.999999464 -0.001051400 -0.025179274 -0.000262656 0.001051383 0.999999404 0.836789548
0.999999940 0.000245565 0.000282791 0.015884502 -0.000245324 0.999999583 -0.000851312 -0.026699783 -0.000283000 0.000851243 0.999999583 1.014333844
0.999999940 0.000290424 0.000216906 0.022636630 -0.000290324 0.999999881 -0.000460382 -0.037187897 -0.000217040 0.000460319 0.999999881 1.181379676
0.999999523 0.000704091 0.000657168 0.017192306 -0.000703571 0.999999464 -0.000791373 -0.038633019 -0.000657725 0.000790910 0.999999464 1.365738988
1.000000000 -0.000042755 0.000096143 0.034580112 0.000042773 1.000000000 -0.000184512 -0.054641444 -0.000096135 0.000184517 1.000000000 1.557383418
0.999999583 0.000767982 0.000532414 0.030750895 -0.000767708 0.999999583 -0.000514033 -0.051455647 -0.000532809 0.000513624 0.999999702 1.755100250
0.999999940 0.000299987 -0.000234976 0.043193959 -0.000299995 0.999999940 -0.000033720 -0.062042311 0.000234966 0.000033790 1.000000000 1.947083473
0.999999464 0.000579340 0.000843987 0.028580617 -0.000579064 0.999999762 -0.000327645 -0.061021414 -0.000844177 0.000327156 0.999999583 2.161451578
0.999997377 0.002280680 -0.000007551 0.049154244 -0.002280667 0.999996364 0.001456789 -0.101436019 0.000010873 -0.001456768 0.999998927 2.343002081
0.999998271 0.001742629 -0.000656106 0.064519376 -0.001741664 0.999997497 0.001467712 -0.107825644 0.000658661 -0.001466567 0.999998748 2.555799007
0.999996424 0.002653931 0.000039349 0.059778370 -0.002653987 0.999995351 0.001486057 -0.115698852 -0.000035405 -0.001486156 0.999998808 2.786712646
0.999996662 0.002559302 -0.000316982 0.069632001 -0.002558740 0.999995172 0.001760799 -0.123514131 0.000321487 -0.001759982 0.999998391 3.019634247
0.999997258 0.002325114 -0.000339936 0.071443386 -0.002324619 0.999996305 0.001448913 -0.125602543 0.000343303 -0.001448119 0.999998927 3.259912252
0.999996603 0.002612512 -0.000169075 0.074546270 -0.002612226 0.999995172 0.001670801 -0.132197917 0.000173439 -0.001670354 0.999998510 3.498410225
0.999997497 0.002230126 -0.000364062 0.080540322 -0.002229624 0.999996543 0.001373417 -0.135246038 0.000367123 -0.001372602 0.999998987 3.761044979
0.999997139 0.002385634 -0.000240309 0.084853373 -0.002385271 0.999996006 0.001499271 -0.142549217 0.000243885 -0.001498694 0.999998868 4.009976387
0.999997377 0.002263406 -0.000406746 0.092279658 -0.002262628 0.999995649 0.001903186 -0.151721016 0.000411052 -0.001902260 0.999998093 4.268804550
0.999996841 0.002513379 0.000012699 0.092296645 -0.002513397 0.999995410 0.001687382 -0.156409398 -0.000008458 -0.001687409 0.999998510 4.511860371
0.999995947 0.002839980 0.000091666 0.098089844 -0.002840120 0.999994755 0.001560912 -0.161022887 -0.000087233 -0.001561166 0.999998748 4.771994591
0.999996960 0.002434810 -0.000121496 0.111076131 -0.002434571 0.999995053 0.001936193 -0.172659919 0.000126209 -0.001935892 0.999998093 5.028329849
0.999996066 0.002813348 -0.000061903 0.107099488 -0.002813224 0.999994159 0.001928937 -0.178586319 0.000067329 -0.001928755 0.999998093 5.292595863
0.999995053 0.003120455 0.000159613 0.111344740 -0.003120751 0.999993265 0.001889037 -0.191952497 -0.000153717 -0.001889526 0.999998212 5.566301823
0.999995649 0.002942266 -0.000058427 0.116966911 -0.002942134 0.999993324 0.002144720 -0.199863955 0.000064737 -0.002144539 0.999997675 5.832146168
0.999996364 0.002677643 0.000025515 0.125635341 -0.002677692 0.999993980 0.002185326 -0.209194243 -0.000019663 -0.002185387 0.999997675 6.109208584
0.999994755 0.003210465 -0.000386617 0.131006971 -0.003209654 0.999992609 0.002080391 -0.214836687 0.000393293 -0.002079139 0.999997795 6.388228416
0.999995232 0.003121635 0.000049314 0.135085970 -0.003121737 0.999992728 0.002231194 -0.230464011 -0.000042349 -0.002231337 0.999997497 6.667975903
0.999994338 0.003365523 0.000089178 0.138855666 -0.003365693 0.999992371 0.001971896 -0.234602883 -0.000082541 -0.001972185 0.999998093 6.971108913
0.999993861 0.003495005 0.000163141 0.143606693 -0.003495325 0.999991834 0.002004106 -0.240638226 -0.000156135 -0.002004664 0.999997914 7.274755001
0.999995708 0.002885097 0.000538124 0.146999687 -0.002885977 0.999994457 0.001642334 -0.246712118 -0.000533383 -0.001643880 0.999998510 7.576393127
0.999994993 0.003152165 -0.000044718 0.167573005 -0.003152056 0.999992430 0.002252601 -0.261666983 0.000051818 -0.002252449 0.999997437 7.877424240
0.999995708 0.002876757 0.000376095 0.159836099 -0.002877821 0.999991775 0.002859282 -0.282336384 -0.000367866 -0.002860352 0.999995828 8.199105263
0.999995351 0.002958187 0.000643982 0.169316545 -0.002959912 0.999992013 0.002693846 -0.291157424 -0.000636008 -0.002695740 0.999996185 8.522607803
0.999995172 0.002898472 0.001066892 0.164650828 -0.002900648 0.999993622 0.002044367 -0.291355312 -0.001060960 -0.002047452 0.999997318 8.872989655
0.999994934 0.003014150 0.000997125 0.176262647 -0.003016584 0.999992430 0.002448399 -0.306828529 -0.000989737 -0.002451394 0.999996543 9.194645882
0.999994040 0.003216559 0.001228096 0.174793795 -0.003219893 0.999991059 0.002722423 -0.312115371 -0.001219328 -0.002726361 0.999995530 9.535431862
0.999995947 0.002783132 0.000606086 0.185770363 -0.002785175 0.999990344 0.003396793 -0.334453821 -0.000596626 -0.003398468 0.999993980 9.883956909
0.999994397 0.003286085 0.000692845 0.193766102 -0.003288492 0.999988437 0.003501738 -0.344277829 -0.000681330 -0.003503997 0.999993563 10.240023613
0.999994099 0.003288217 0.000962199 0.202137694 -0.003291622 0.999988198 0.003557846 -0.356872290 -0.000950488 -0.003560992 0.999993205 10.584353447
0.999996781 0.002446101 0.000665243 0.215707511 -0.002448589 0.999989927 0.003765785 -0.366167158 -0.000656024 -0.003767402 0.999992609 10.951048851
0.999993980 0.003193470 0.001347386 0.207160115 -0.003197900 0.999989450 0.003298724 -0.375676304 -0.001336838 -0.003303013 0.999993622 11.332037926
0.999994218 0.003176775 0.001236772 0.221776128 -0.003181394 0.999987900 0.003750169 -0.387049466 -0.001224844 -0.003754081 0.999992251 11.701211929
0.999994278 0.003090776 0.001366595 0.226755917 -0.003095553 0.999988973 0.003507267 -0.398864686 -0.001355740 -0.003511477 0.999992907 12.088092804
0.999994993 0.002850555 0.001363292 0.236843243 -0.002855329 0.999989748 0.003512816 -0.410250753 -0.001353265 -0.003516691 0.999992907 12.474989891
0.999993443 0.003026908 0.001988855 0.234593585 -0.003034570 0.999987960 0.003860782 -0.421160758 -0.001977145 -0.003866792 0.999990582 12.880366325
0.999993384 0.003274984 0.001657285 0.247410342 -0.003281040 0.999987900 0.003664108 -0.428058386 -0.001645265 -0.003669522 0.999991834 13.269612312
0.999992311 0.003174887 0.002296735 0.254467130 -0.003183295 0.999988258 0.003666796 -0.437094569 -0.002285067 -0.003674079 0.999990642 13.677495003
0.999992609 0.003178272 0.002219620 0.262614220 -0.003187088 0.999987006 0.003979586 -0.449802220 -0.002206943 -0.003986631 0.999989569 14.087108612
0.999993086 0.002869193 0.002344368 0.274910986 -0.002879256 0.999986589 0.004300723 -0.462793231 -0.002331998 -0.004307445 0.999987960 14.504745483
0.999993503 0.002904676 0.002121357 0.288052499 -0.002913497 0.999987066 0.004167380 -0.475229472 -0.002109225 -0.004173534 0.999989092 14.939903259
0.999992549 0.002913463 0.002527428 0.298117042 -0.002924042 0.999986947 0.004192133 -0.486496866 -0.002515183 -0.004199492 0.999988019 15.374804497
0.999991059 0.003119839 0.002858900 0.307632804 -0.003131611 0.999986589 0.004122511 -0.497067690 -0.002846000 -0.004131428 0.999987423 15.814575195
0.999990165 0.003233232 0.003027909 0.319889724 -0.003246189 0.999985516 0.004284235 -0.509834290 -0.003014013 -0.004294022 0.999986231 16.252225876
0.999988973 0.003258288 0.003382531 0.327854276 -0.003271808 0.999986589 0.003998925 -0.519560218 -0.003369456 -0.004009948 0.999986291 16.700107574
0.999988735 0.002920062 0.003733383 0.339115709 -0.002936230 0.999986351 0.004332690 -0.533913255 -0.003720680 -0.004343603 0.999983668 17.154563904
0.999984205 0.003732045 0.004198584 0.342305720 -0.003749867 0.999983966 0.004244893 -0.542211771 -0.004182675 -0.004260570 0.999982178 17.618276596
0.999985874 0.003312175 0.004146877 0.357025266 -0.003329080 0.999986112 0.004076315 -0.552426100 -0.004133318 -0.004090063 0.999983132 18.083513260
0.999984384 0.003644664 0.004240741 0.373766452 -0.003662656 0.999984205 0.004242619 -0.565107703 -0.004225212 -0.004258084 0.999981999 18.546232224
0.999984145 0.003659629 0.004279416 0.386306792 -0.003678203 0.999983788 0.004340587 -0.575156808 -0.004263462 -0.004356259 0.999981403 19.019462585
0.999985218 0.002970261 0.004550098 0.408546090 -0.002989081 0.999986947 0.004135055 -0.581489384 -0.004537756 -0.004148596 0.999981105 19.495004654
0.999982119 0.003582819 0.004782029 0.404563159 -0.003602452 0.999985039 0.004103235 -0.598590553 -0.004767257 -0.004120389 0.999980152 19.980136871
0.999980807 0.004040511 0.004677120 0.418327808 -0.004060359 0.999982655 0.004241786 -0.611771584 -0.004659900 -0.004260696 0.999980092 20.473909378
0.999982059 0.004056906 0.004408076 0.429084569 -0.004073118 0.999984920 0.003675060 -0.613338053 -0.004393101 -0.003692950 0.999983490 20.978429794
0.999986649 0.003736820 0.003569830 0.449211895 -0.003753583 0.999981880 0.004700712 -0.642295241 -0.003552199 -0.004714049 0.999982536 21.484405518
0.999984443 0.004296209 0.003577105 0.459693640 -0.004315416 0.999976218 0.005379095 -0.663716853 -0.003553909 -0.005394447 0.999979138 21.991287231
0.999986291 0.004062311 0.003308671 0.469203591 -0.004078473 0.999979675 0.004892993 -0.668414176 -0.003288727 -0.004906420 0.999982536 22.502532959
0.999989688 0.003910679 0.002319454 0.482878983 -0.003922412 0.999979436 0.005075632 -0.686791480 -0.002299558 -0.005084678 0.999984384 23.027610779
0.999991119 0.003722630 0.001981182 0.489981830 -0.003732274 0.999981046 0.004886467 -0.696688414 -0.001962954 -0.004893817 0.999986053 23.556253433
0.999989808 0.003996151 0.002134142 0.483862340 -0.004003656 0.999985814 0.003523868 -0.701278329 -0.002120029 -0.003532376 0.999991536 24.104795456
0.999993563 0.003568096 0.000415386 0.516264677 -0.003570026 0.999982417 0.004741109 -0.722997427 -0.000398462 -0.004742562 0.999988675 24.598920822
0.999989986 0.004462054 -0.000204473 0.524341524 -0.004461137 0.999980867 0.004289486 -0.730219245 0.000223609 -0.004288532 0.999990761 25.142015457
0.999991477 0.004114726 -0.000523989 0.534475207 -0.004112082 0.999979317 0.004951978 -0.744841576 0.000544354 -0.004949780 0.999987662 25.670127869
0.999989390 0.004535317 -0.000796194 0.537168384 -0.004531529 0.999978721 0.004697484 -0.760521054 0.000817482 -0.004693826 0.999988675 26.218589783
0.999992549 0.003574042 -0.001426334 0.551285505 -0.003565254 0.999974966 0.006116554 -0.776660800 0.001448159 -0.006111423 0.999980330 26.769088745
0.999993742 0.003257880 -0.001326643 0.553198993 -0.003250525 0.999979496 0.005509157 -0.785130143 0.001344564 -0.005504810 0.999983966 27.319549561
0.999987543 0.004634106 -0.001923508 0.567978024 -0.004623223 0.999973476 0.005624666 -0.811111689 0.001949523 -0.005615702 0.999982357 27.853731155
0.999984384 0.005350527 -0.001634926 0.571362197 -0.005340940 0.999968767 0.005813229 -0.822337449 0.001665979 -0.005804405 0.999981821 28.394638062
0.999984324 0.005268082 -0.001905771 0.582911968 -0.005257967 0.999972343 0.005274506 -0.828865111 0.001933505 -0.005264403 0.999984264 28.931379318
0.999983907 0.004952481 -0.002749986 0.598713398 -0.004935856 0.999969661 0.006019902 -0.854253769 0.002779716 -0.006006232 0.999978125 29.493360519
0.999982297 0.005118265 -0.003033602 0.604032576 -0.005099862 0.999968708 0.006043558 -0.862779260 0.003064440 -0.006027980 0.999977112 30.040430069
0.999983549 0.004776612 -0.003153075 0.616783202 -0.004756544 0.999968529 0.006341703 -0.881309390 0.003183267 -0.006326601 0.999974966 30.580791473
0.999981046 0.005046503 -0.003502922 0.623605371 -0.005025636 0.999969661 0.005940615 -0.890832484 0.003532795 -0.005922898 0.999976218 31.149856567
0.999980271 0.004991235 -0.003808782 0.634798408 -0.004968218 0.999969482 0.006029307 -0.901601911 0.003838760 -0.006010266 0.999974489 31.699787140
0.999977469 0.005483779 -0.003891802 0.646916449 -0.005459177 0.999965250 0.006304373 -0.920273006 0.003926239 -0.006282984 0.999972463 32.245117188
0.999978483 0.005294382 -0.003873727 0.649805546 -0.005269477 0.999965549 0.006411548 -0.926748157 0.003907539 -0.006390997 0.999971926 32.787029266
0.999972761 0.005720579 -0.004672744 0.662357152 -0.005689796 0.999962211 0.006574609 -0.947989345 0.004710178 -0.006547843 0.999967456 33.319751740
0.999975860 0.005287374 -0.004508688 0.668820262 -0.005258424 0.999965608 0.006408795 -0.950688720 0.004542419 -0.006384932 0.999969304 33.889526367
0.999976993 0.005059166 -0.004514543 0.674260139 -0.005028901 0.999964952 0.006690476 -0.966708183 0.004548234 -0.006667619 0.999967396 34.432693481
0.999975979 0.005190766 -0.004590878 0.681545138 -0.005161768 0.999966800 0.006306009 -0.976885319 0.004623458 -0.006282161 0.999969602 34.983741760
0.999976337 0.005492432 -0.004141778 0.683478832 -0.005464771 0.999962866 0.006660583 -0.989534736 0.004178207 -0.006637792 0.999969244 35.535976410
0.999977231 0.005626362 -0.003718410 0.691944957 -0.005600621 0.999960542 0.006897409 -1.006506920 0.003757070 -0.006876427 0.999969363 36.069122314
0.999971390 0.005460857 -0.005230824 0.710056782 -0.005428638 0.999966264 0.006153818 -1.012648225 0.005264253 -0.006125245 0.999967396 36.641059875
0.999970496 0.005988380 -0.004809589 0.715134859 -0.005960797 0.999965906 0.005728958 -1.020417809 0.004843732 -0.005700120 0.999972045 37.192691803
0.999968767 0.005996112 -0.005157082 0.721004784 -0.005966293 0.999965549 0.005778241 -1.034921169 0.005191552 -0.005747293 0.999970019 37.729789734
0.999971569 0.005329871 -0.005335229 0.726936221 -0.005294912 0.999964535 0.006545233 -1.056812167 0.005369925 -0.006516797 0.999964356 38.289054871
0.999973655 0.004962053 -0.005307011 0.731809676 -0.004927055 0.999966145 0.006587744 -1.069271445 0.005339520 -0.006561423 0.999964237 38.835536957
0.999971867 0.005616965 -0.004969346 0.736772776 -0.005585243 0.999964058 0.006374510 -1.080882311 0.005004973 -0.006346576 0.999967337 39.383571625
0.999969125 0.005868375 -0.005214326 0.763298392 -0.005828409 0.999953806 0.007647126 -1.112094045 0.005258961 -0.007616499 0.999957204 39.899829865
0.999968827 0.005240912 -0.005908137 0.754055083 -0.005198089 0.999960303 0.007240217 -1.115484595 0.005945848 -0.007209281 0.999956250 40.498073578
0.999964654 0.006103730 -0.005801471 0.758818686 -0.006063461 0.999957621 0.006933646 -1.120982885 0.005843547 -0.006898224 0.999959111 41.052726746
0.999967456 0.005358526 -0.006030726 0.772941589 -0.005317454 0.999962807 0.006806039 -1.128301978 0.006066971 -0.006773749 0.999958634 41.584018707
0.999965072 0.005418570 -0.006366470 0.773864031 -0.005374997 0.999962151 0.006841303 -1.143732190 0.006403300 -0.006806844 0.999956250 42.158180237
0.999966204 0.005335607 -0.006245411 0.779368401 -0.005293828 0.999963582 0.006687051 -1.153398991 0.006280863 -0.006653762 0.999958098 42.707305908
0.999963760 0.005963081 -0.006082874 0.792502999 -0.005917803 0.999954879 0.007434573 -1.170757532 0.006126932 -0.007398306 0.999953866 43.248157501
0.999964893 0.005582002 -0.006241805 0.785035729 -0.005539829 0.999961853 0.006753739 -1.172191978 0.006279266 -0.006718923 0.999957740 43.814922333
0.999969602 0.004804495 -0.006131222 0.790431261 -0.004760424 0.999962926 0.007182372 -1.184925079 0.006165502 -0.007152967 0.999955416 44.348712921
0.999966264 0.005201184 -0.006355494 0.793874264 -0.005156140 0.999961555 0.007083411 -1.194554806 0.006392092 -0.007050402 0.999954700 44.910118103
0.999964595 0.005412837 -0.006431565 0.802221000 -0.005369699 0.999963045 0.006705733 -1.199475050 0.006467625 -0.006670960 0.999956846 45.461673737
0.999967396 0.005105635 -0.006259655 0.815420449 -0.005063007 0.999963999 0.006807014 -1.216173172 0.006294185 -0.006775100 0.999957204 46.028549194
0.999966681 0.004298183 -0.006934614 0.832663417 -0.004250442 0.999967277 0.006884443 -1.234170198 0.006963979 -0.006854740 0.999952197 46.567974091
0.999966383 0.005149505 -0.006368645 0.825605452 -0.005106946 0.999964654 0.006680826 -1.233822107 0.006402822 -0.006648078 0.999957323 47.119400024
0.999968231 0.005131338 -0.006096700 0.829518437 -0.005089343 0.999963343 0.006883969 -1.248236895 0.006131800 -0.006852722 0.999957621 47.659553528
0.999966681 0.004785995 -0.006616503 0.836431503 -0.004742377 0.999967039 0.006592426 -1.254003048 0.006647836 -0.006560829 0.999956369 48.230659485
0.999966979 0.004794010 -0.006563157 0.846807241 -0.004750624 0.999966860 0.006610224 -1.267219424 0.006594629 -0.006578827 0.999956608 48.771011353
0.999967039 0.004965149 -0.006438667 0.857808948 -0.004922157 0.999965608 0.006675962 -1.276488066 0.006471593 -0.006644050 0.999957025 49.299171448
0.999968946 0.004691835 -0.006327292 0.858142376 -0.004652272 0.999969602 0.006253010 -1.284867406 0.006356438 -0.006223380 0.999960423 49.886402130
0.999969602 0.004719610 -0.006200253 0.861322880 -0.004677221 0.999965668 0.006833554 -1.298943639 0.006232293 -0.006804347 0.999957442 50.423027039
0.999968350 0.004601137 -0.006484316 0.866435826 -0.004561502 0.999970853 0.006114027 -1.305221796 0.006512259 -0.006084257 0.999960244 50.984527588
0.999972343 0.004675753 -0.005786892 0.873274565 -0.004639939 0.999970078 0.006186865 -1.320058227 0.005815648 -0.006159843 0.999964058 51.535919189
0.999964058 0.004627016 -0.007108266 0.891761243 -0.004581423 0.999968827 0.006417168 -1.335957289 0.007137737 -0.006384371 0.999954164 52.086254120
0.999969602 0.004240589 -0.006547428 0.900280833 -0.004200540 0.999972403 0.006118429 -1.346179843 0.006573193 -0.006090739 0.999959826 52.635471344
0.999967217 0.004015006 -0.007033600 0.907473564 -0.003971167 0.999972641 0.006235697 -1.359340668 0.007058444 -0.006207561 0.999955833 53.190689087
0.999964595 0.004209791 -0.007282885 0.914339185 -0.004164637 0.999972045 0.006204110 -1.371170998 0.007308800 -0.006173560 0.999954224 53.734199524
0.999968708 0.004227405 -0.006686388 0.922187328 -0.004188269 0.999974072 0.005856312 -1.381205678 0.006710971 -0.005828124 0.999960482 54.279060364
0.999965966 0.004321635 -0.007029863 0.925630033 -0.004279263 0.999972641 0.006031378 -1.389841080 0.007055736 -0.006001090 0.999957085 54.838821411
0.999965489 0.005200129 -0.006473257 0.922574401 -0.005159042 0.999966562 0.006347897 -1.403699636 0.006506050 -0.006314284 0.999958873 55.400428772
0.999962807 0.005117504 -0.006936866 0.934167981 -0.005075779 0.999968946 0.006019359 -1.413277149 0.006967455 -0.005983926 0.999957800 55.944862366
0.999964356 0.004332149 -0.007250443 0.939022899 -0.004288873 0.999972880 0.005973768 -1.423705459 0.007276126 -0.005942458 0.999955893 56.494960785
0.999965429 0.003989925 -0.007295334 0.957070827 -0.003943788 0.999972165 0.006327623 -1.443568230 0.007320378 -0.006298633 0.999953389 57.024585724
0.999963284 0.004519722 -0.007278873 0.966167331 -0.004477010 0.999972641 0.005873744 -1.444992781 0.007305223 -0.005840942 0.999956191 57.587959290
0.999959052 0.005200855 -0.007404173 0.968282521 -0.005156925 0.999969065 0.005939874 -1.460660696 0.007434836 -0.005901449 0.999954879 58.137149811
0.999960184 0.004633287 -0.007627714 0.983796835 -0.004590960 0.999973953 0.005557197 -1.469695330 0.007653264 -0.005521956 0.999955475 58.668560028
0.999963582 0.004403803 -0.007305908 0.984513283 -0.004365303 0.999976516 0.005277361 -1.474179268 0.007328977 -0.005245277 0.999959409 59.229572296
0.999965072 0.004090480 -0.007294705 0.994029641 -0.004056537 0.999980867 0.004661851 -1.485435843 0.007313635 -0.004632097 0.999962568 59.771800995
0.999965847 0.004640721 -0.006849392 0.996815503 -0.004603138 0.999974430 0.005492649 -1.501351595 0.006874706 -0.005460932 0.999961495 60.320716858
0.999963760 0.004642848 -0.007139327 1.001223683 -0.004604151 0.999974668 0.005427092 -1.511498213 0.007164343 -0.005394024 0.999959767 60.871032715
0.999964356 0.005129674 -0.006713048 1.008985758 -0.005094475 0.999973178 0.005250139 -1.526917577 0.006739800 -0.005215751 0.999963641 61.418479919
0.999967039 0.004453090 -0.006784567 1.013649583 -0.004420196 0.999978364 0.004855691 -1.527326345 0.006806043 -0.004825542 0.999965250 61.981052399
0.999965847 0.004617464 -0.006861068 1.023607731 -0.004585567 0.999978662 0.004657335 -1.542006969 0.006882426 -0.004625713 0.999965608 62.520896912
0.999961078 0.004959598 -0.007294429 1.027435780 -0.004921832 0.999974430 0.005186320 -1.560529947 0.007319964 -0.005150217 0.999959946 63.052677155
0.999962926 0.005297126 -0.006789664 1.025719047 -0.005265994 0.999975562 0.004595104 -1.562330246 0.006813839 -0.004559179 0.999966383 63.605899811
0.999959469 0.005523683 -0.007104160 1.032260180 -0.005484720 0.999969900 0.005492210 -1.587075710 0.007134284 -0.005453024 0.999959648 64.149887085
0.999963105 0.004818493 -0.007116079 1.040289640 -0.004782447 0.999975681 0.005073787 -1.594290018 0.007140355 -0.005039567 0.999961793 64.699386597
0.999958336 0.005524923 -0.007257027 1.049401402 -0.005485420 0.999970078 0.005451948 -1.610652685 0.007286931 -0.005411914 0.999958813 65.231231689
0.999955952 0.005893161 -0.007303996 1.057845831 -0.005855012 0.999969184 0.005233493 -1.622894645 0.007334612 -0.005190497 0.999959648 65.788497925
0.999953985 0.006149069 -0.007355085 1.069610000 -0.006105240 0.999963582 0.005966668 -1.638800502 0.007391507 -0.005921490 0.999955177 66.329299927
0.999959111 0.005743894 -0.006983744 1.074488878 -0.005707661 0.999970138 0.005197100 -1.644499063 0.007013388 -0.005157026 0.999962151 66.867164612
0.999955118 0.005668625 -0.007592068 1.081840158 -0.005625771 0.999968171 0.005654134 -1.667149544 0.007623878 -0.005611169 0.999955177 67.418823242
0.999957919 0.005482911 -0.007366886 1.085487843 -0.005441194 0.999969125 0.005671035 -1.679053664 0.007397752 -0.005630712 0.999956787 67.964965820
0.999956071 0.005716109 -0.007427038 1.093910694 -0.005671987 0.999966145 0.005948076 -1.696324587 0.007460787 -0.005905690 0.999954700 68.507797241
0.999955475 0.006020728 -0.007264510 1.094806433 -0.005981532 0.999967456 0.005405326 -1.705047011 0.007296818 -0.005361633 0.999958932 69.056884766
0.999952555 0.006045052 -0.007634136 1.110128164 -0.005999892 0.999964476 0.005924541 -1.719667554 0.007669679 -0.005878457 0.999953270 69.600723267
0.999958277 0.005882568 -0.006989076 1.105484247 -0.005844210 0.999967813 0.005496280 -1.730617404 0.007021183 -0.005455205 0.999960482 70.144195557
0.999958456 0.005805677 -0.007030826 1.112651944 -0.005764686 0.999966383 0.005836540 -1.742878556 0.007064475 -0.005795767 0.999958277 70.700424194
0.999954760 0.006120464 -0.007277389 1.121832252 -0.006082954 0.999968112 0.005165396 -1.748830676 0.007308772 -0.005120895 0.999960184 71.249046326
0.999954581 0.006422262 -0.007035063 1.130163431 -0.006388003 0.999967635 0.004881479 -1.757449031 0.007066185 -0.004836318 0.999963343 71.793121338
0.999953449 0.005898986 -0.007628977 1.144238710 -0.005860013 0.999969721 0.005120872 -1.775756836 0.007658954 -0.005075928 0.999957740 72.337844849
0.999952495 0.006420587 -0.007334468 1.145180941 -0.006382619 0.999966145 0.005188480 -1.789633036 0.007367534 -0.005141420 0.999959588 72.900756836
0.999957800 0.005452786 -0.007394952 1.157718182 -0.005411471 0.999969661 0.005595421 -1.809903741 0.007425239 -0.005555167 0.999956965 73.439025879
0.999953866 0.005667584 -0.007758261 1.161423206 -0.005626382 0.999970019 0.005322301 -1.819024563 0.007788193 -0.005278405 0.999955714 73.999343872
0.999957442 0.005633532 -0.007305222 1.162560701 -0.005594916 0.999970317 0.005295806 -1.826634884 0.007334839 -0.005254709 0.999959290 74.532981873
0.999956369 0.005474702 -0.007568871 1.173734546 -0.005431879 0.999969125 0.005666803 -1.839745402 0.007599661 -0.005625443 0.999955297 75.070053101
0.999955654 0.005882381 -0.007363671 1.174464464 -0.005840188 0.999966443 0.005738133 -1.852727532 0.007397179 -0.005694874 0.999956429 75.612953186
0.999958336 0.005477635 -0.007321476 1.181054592 -0.005438837 0.999971092 0.005308775 -1.861905575 0.007350345 -0.005268733 0.999959052 76.169448853
0.999951482 0.006155152 -0.007689632 1.188394070 -0.006111511 0.999965131 0.005686174 -1.878042221 0.007724363 -0.005638903 0.999954224 76.711853027
0.999955416 0.005602954 -0.007605949 1.201874375 -0.005562264 0.999970198 0.005360529 -1.892402649 0.007635756 -0.005317984 0.999956667 77.249397278
0.999957442 0.005112434 -0.007680146 1.212766171 -0.005073064 0.999973953 0.005137140 -1.898499131 0.007706210 -0.005097961 0.999957323 77.818450928
0.999953806 0.005839734 -0.007636821 1.220007896 -0.005797942 0.999968231 0.005483210 -1.915446401 0.007668600 -0.005438679 0.999955833 78.364448547
0.999959528 0.005158085 -0.007376912 1.222564220 -0.005121701 0.999974728 0.004942603 -1.924220204 0.007402218 -0.004904621 0.999960601 78.927337646
0.999958694 0.005229452 -0.007437711 1.225751519 -0.005188170 0.999971092 0.005558951 -1.943416357 0.007466566 -0.005520133 0.999956906 79.445938110
0.999957621 0.005608221 -0.007310258 1.232278347 -0.005567778 0.999969125 0.005540946 -1.955852866 0.007341108 -0.005500009 0.999957979 79.993209839
0.999957681 0.005437552 -0.007416785 1.239373207 -0.005399349 0.999972105 0.005161305 -1.963335276 0.007444643 -0.005121041 0.999959171 80.538688660
0.999965608 0.005435112 -0.006285131 1.248175383 -0.005402531 0.999972045 0.005189453 -1.974142671 0.006313162 -0.005155319 0.999966741 81.091629028
0.999966562 0.006296604 -0.005234111 1.254768372 -0.006268805 0.999966264 0.005310614 -1.987621546 0.005267373 -0.005277624 0.999972165 81.636390686
0.999972820 0.006176637 -0.004022582 1.262087226 -0.006154718 0.999966264 0.005438573 -2.006826878 0.004056039 -0.005413668 0.999977112 82.173019409
0.999980748 0.005682492 -0.002493257 1.270655394 -0.005669343 0.999970138 0.005249382 -2.013567686 0.002523012 -0.005235147 0.999983072 82.716438293
0.999981940 0.005976129 0.000651066 1.287327170 -0.005979323 0.999969542 0.005020155 -2.024794102 -0.000621045 -0.005023957 0.999987245 83.267837524
0.999972224 0.005994440 0.004423896 1.300987959 -0.006017212 0.999968648 0.005152411 -2.035490513 -0.004392872 -0.005178887 0.999976933 83.793159485
0.999945581 0.006892233 0.007830641 1.315195322 -0.006932516 0.999962807 0.005128799 -2.046853304 -0.007795001 -0.005182805 0.999956131 84.350158691
0.999907017 0.006421979 0.012031225 1.349347472 -0.006486255 0.999964774 0.005311074 -2.065999269 -0.011996694 -0.005388616 0.999913514 84.885848999
0.999824524 0.006195462 0.017677482 1.376201868 -0.006289540 0.999966264 0.005271347 -2.077701092 -0.017644227 -0.005381605 0.999829829 85.443161011
0.999708772 0.005960883 0.023389142 1.407368541 -0.006094653 0.999965429 0.005652209 -2.095273256 -0.023354642 -0.005793110 0.999710500 85.964950562
0.999566436 0.005475508 0.028933905 1.438844085 -0.005627595 0.999970734 0.005177531 -2.104653597 -0.028904716 -0.005338113 0.999567866 86.541282654
0.999305844 0.005534761 0.036839284 1.474477172 -0.005754448 0.999966264 0.005860019 -2.119799137 -0.036805607 -0.006067940 0.999303997 87.095222473
0.998959661 0.006002448 0.045206629 1.523099422 -0.006270449 0.999963582 0.005788890 -2.136192083 -0.045170233 -0.006066334 0.998960853 87.623352051
0.998605967 0.005670015 0.052478522 1.549696445 -0.005964988 0.999967217 0.005465914 -2.145927906 -0.052445807 -0.005771328 0.998607218 88.167533875
0.998086929 0.005462779 0.061585210 1.603557587 -0.005801357 0.999969065 0.005320259 -2.158305168 -0.061554238 -0.005667358 0.998087645 88.714767456
0.997443318 0.005802725 0.071225777 1.672574520 -0.006199139 0.999966502 0.005345801 -2.175455093 -0.071192369 -0.005773673 0.997445881 89.245300293
0.996787131 0.005328868 0.079918452 1.727218151 -0.005756064 0.999970496 0.005115984 -2.182837963 -0.079888828 -0.005559565 0.996788204 89.807952881
0.996149778 0.004674553 0.087543339 1.796675682 -0.005144222 0.999973655 0.005140150 -2.196487665 -0.087517008 -0.005570702 0.996147454 90.353981018
0.995114744 0.004755274 0.098610260 1.868180275 -0.005305536 0.999971807 0.005318697 -2.214565754 -0.098582186 -0.005815895 0.995111883 90.879486084
0.993966103 0.005279923 0.109559946 1.945068359 -0.005863648 0.999970257 0.005006408 -2.219786167 -0.109530263 -0.005618622 0.993967593 91.466896057
0.992906988 0.004568303 0.118805461 2.029273987 -0.005162665 0.999975622 0.004695532 -2.227217674 -0.118781120 -0.005275579 0.992906451 92.020454407
0.991567135 0.005009481 0.129496768 2.121004105 -0.005652656 0.999973476 0.004599653 -2.237712383 -0.129470289 -0.005292865 0.991569161 92.555671692
0.989900351 0.004355673 0.141697913 2.219012260 -0.005087970 0.999975622 0.004806114 -2.256274462 -0.141673476 -0.005478528 0.989898264 93.112777710
0.988270223 0.004194949 0.152657732 2.320286751 -0.004999739 0.999975562 0.004888360 -2.271745205 -0.152633488 -0.005594269 0.988267004 93.661521912
0.986591935 0.004139787 0.163153768 2.425649643 -0.005030786 0.999974608 0.005048316 -2.279962540 -0.163128704 -0.005801418 0.986587763 94.205055237
0.984454989 0.003534909 0.175601900 2.550016403 -0.004491680 0.999977112 0.005051360 -2.297415018 -0.175580055 -0.005761583 0.984448314 94.720024109
0.982136607 0.003122252 0.188143834 2.669002533 -0.004107983 0.999979794 0.004849544 -2.306021214 -0.188124895 -0.005535805 0.982129574 95.271057129
0.979997277 0.003292564 0.198983610 2.786739349 -0.004365065 0.999978185 0.004951461 -2.313833237 -0.198962957 -0.005720995 0.979990244 95.809402466
0.977275133 0.003472686 0.211946279 2.925577164 -0.004631198 0.999976873 0.004969887 -2.328725338 -0.211924106 -0.005838512 0.977268636 96.346771240
0.974360585 0.002498003 0.224978089 3.078426361 -0.003752750 0.999979615 0.005149744 -2.338703156 -0.224960670 -0.005861996 0.974350214 96.860328674
0.971635938 0.002772785 0.236465514 3.217210770 -0.004083186 0.999978900 0.005052081 -2.355470896 -0.236446515 -0.005874316 0.971626759 97.415473938
0.968572080 0.002330126 0.248722062 3.377262115 -0.003770286 0.999978781 0.005314033 -2.376596928 -0.248704389 -0.006084777 0.968560338 97.939659119
0.965068042 0.002397294 0.261988431 3.549320221 -0.003883688 0.999979198 0.005155870 -2.390144825 -0.261970639 -0.005993245 0.965057194 98.462852478
0.961587489 0.001565782 0.274494469 3.691326141 -0.002973720 0.999984503 0.004713151 -2.396697044 -0.274482816 -0.005348376 0.961577117 98.954521179
0.958194554 0.001607027 0.286112666 3.887525558 -0.003085851 0.999984205 0.004717877 -2.406059027 -0.286100477 -0.005403545 0.958184481 99.523674011
0.953950703 0.001612859 0.299959153 4.062761307 -0.003091628 0.999985278 0.004455359 -2.412086487 -0.299947560 -0.005177555 0.953941643 100.046440125
0.949661434 0.001969313 0.313271582 4.272296906 -0.003611012 0.999982595 0.004660367 -2.430469990 -0.313256919 -0.005556999 0.949652135 100.563415527
0.945690513 0.000434556 0.325068116 4.460668564 -0.002062937 0.999987006 0.004664712 -2.435070753 -0.325061858 -0.005081969 0.945679128 101.086761475
0.940978169 0.000261184 0.338467121 4.664512634 -0.001851071 0.999988735 0.004374535 -2.449744463 -0.338462144 -0.004742867 0.940968156 101.607315063
0.936068654 0.000206669 0.351817399 4.883317947 -0.001795706 0.999989629 0.004190349 -2.463390827 -0.351812929 -0.004554215 0.936059237 102.097976685
0.931246161 -0.000252339 0.364390463 5.105333328 -0.001518115 0.999988377 0.004572223 -2.477424145 -0.364387363 -0.004811052 0.931235015 102.630432129
0.926681459 -0.001047336 0.375846177 5.340379715 -0.000394839 0.999992847 0.003760098 -2.482076406 -0.375847399 -0.003632812 0.926674426 103.144660950
0.920789957 -0.001411415 0.390056223 5.570564270 -0.000495640 0.999988437 0.004788484 -2.504181147 -0.390058458 -0.004602515 0.920778573 103.627410889
0.915049672 -0.001681995 0.403337717 5.806983948 0.000038323 0.999991775 0.004083213 -2.509458303 -0.403341264 -0.003720885 0.915042043 104.144836426
0.910208344 -0.001663655 0.414147377 6.052974701 -0.000020391 0.999991775 0.004061844 -2.523773670 -0.414150745 -0.003705569 0.910200775 104.623313904
0.903693557 -0.002523689 0.428172350 6.310401917 0.000499547 0.999988139 0.004839690 -2.544820547 -0.428179562 -0.004159705 0.903684139 105.112655640
0.897278190 -0.002427844 0.441458791 6.581470490 0.000157530 0.999986589 0.005179335 -2.563792706 -0.441465408 -0.004577762 0.897266567 105.586898804
0.891402245 -0.003286258 0.453201115 6.856033325 0.001082885 0.999986351 0.005121185 -2.572544575 -0.453211725 -0.004074272 0.891393542 106.089523315
0.885669708 -0.003550757 0.464302242 7.087249756 0.001211420 0.999984920 0.005336579 -2.584226608 -0.464314193 -0.004163982 0.885660768 106.542129517
0.878252268 -0.003804055 0.478182524 7.383037567 0.001524108 0.999985576 0.005155873 -2.597698450 -0.478195220 -0.003799356 0.878245354 107.039733887
0.871515930 -0.004597097 0.490345716 7.677688599 0.002524655 0.999984860 0.004887878 -2.607286453 -0.490360737 -0.003021909 0.871514261 107.508178711
0.865566969 -0.004164912 0.500775993 7.967430115 0.002001282 0.999986231 0.004857681 -2.620389223 -0.500789285 -0.003202454 0.865563333 107.978965759
