1.000000000 0.000000000 0.000000000 0.000000000 0.000000000 1.000000000 0.000000000 0.000000000 0.000000000 0.000000000 1.000000000 0.000000000
1.000000000 0.000019931 0.000031903 0.000326489 -0.000019935 1.000000000 0.000114704 -0.000589997 -0.000031901 -0.000114705 1.000000000 -0.000340897
1.000000000 0.000067245 -0.000117232 0.001027855 -0.000067239 1.000000000 0.000054805 -0.000653518 0.000117236 -0.000054797 1.000000000 -0.000794245
1.000000000 0.000010318 -0.000030064 0.000053546 -0.000010317 1.000000000 0.000050585 -0.000552339 0.000030064 -0.000050584 1.000000000 0.000326419
1.000000000 0.000076936 -0.000023692 -0.000480634 -0.000076936 1.000000000 0.000009508 -0.000052949 0.000023692 -0.000009506 1.000000000 -0.000486453
1.000000000 0.000055539 -0.000072097 -0.000155016 -0.000055541 1.000000000 -0.000028854 -0.000119981 0.000072095 0.000028858 1.000000000 -0.000408854
1.000000000 0.000053496 -0.000098607 0.000784270 -0.000053499 1.000000000 -0.000027058 -0.000554692 0.000098606 0.000027063 1.000000000 -0.001357476
1.000000000 -0.000015501 -0.000081537 0.001063060 0.000015496 1.000000000 -0.000062816 0.000249043 0.000081538 0.000062814 1.000000000 -0.000315466
1.000000000 -0.000088297 0.000068584 0.000478831 0.000088297 1.000000000 0.000003871 -0.000701181 -0.000068585 -0.000003865 1.000000000 -0.002101946
1.000000000 -0.000211115 -0.000048019 0.000961914 0.000211111 1.000000000 -0.000095798 0.001312124 0.000048039 0.000095787 1.000000000 0.002523762
1.000000000 -0.000116313 -0.000053786 0.000468406 0.000116313 1.000000000 0.000005040 -0.000090930 0.000053785 -0.000005046 1.000000000 0.001779634
1.000000000 -0.000105817 0.000044191 -0.000386674 0.000105825 1.000000000 -0.000188634 0.001999249 -0.000044171 0.000188639 1.000000000 0.002717455
1.000000000 -0.000129259 0.000010177 -0.000565496 0.000129258 1.000000000 0.000036878 0.000368728 -0.000010182 -0.000036876 1.000000000 0.001637735
1.000000000 -0.000077012 0.000008973 -0.000289028 0.000077011 1.000000000 0.000089348 0.000034224 -0.000008980 -0.000089347 1.000000000 0.001371697
1.000000000 -0.000124644 -0.000102738 0.000877643 0.000124653 1.000000000 0.000081631 -0.000515945 0.000102728 -0.000081643 1.000000000 0.000497669
1.000000000 0.000010728 0.000011994 -0.000734109 -0.000010728 1.000000000 -0.000001754 -0.000153325 -0.000011994 0.000001754 1.000000000 0.000019914
0.999999940 0.000230089 0.000188850 -0.001971881 -0.000230104 1.000000000 0.000078140 -0.000308649 -0.000188832 -0.000078183 1.000000000 0.000513244
1.000000000 -0.000026771 -0.000162803 0.000575833 0.000026752 1.000000000 -0.000117321 0.000846865 0.000162806 0.000117317 1.000000000 0.000708275
1.000000000 -0.000199678 -0.000008143 0.000229653 0.000199678 1.000000000 -0.000000194 -0.000197884 0.000008143 0.000000192 1.000000000 0.000781346
1.000000000 -0.000035403 0.000089413 -0.000078931 0.000035402 1.000000000 0.000017387 -0.000180379 -0.000089414 -0.000017384 1.000000000 0.000919867
1.000000000 0.000106396 0.000088570 -0.001475939 -0.000106392 1.000000000 -0.000047155 0.000557386 -0.000088575 0.000047145 1.000000000 0.002072860
1.000000000 -0.000072624 -0.000017361 -0.000255063 0.000072624 1.000000000 -0.000018467 0.000722298 0.000017363 0.000018466 1.000000000 0.000600485
1.000000000 -0.000048636 -0.000047777 0.000997087 0.000048638 1.000000000 0.000035528 0.000211812 0.000047775 -0.000035530 1.000000000 0.001689862
1.000000000 -0.000070202 0.000083043 -0.000084398 0.000070206 1.000000000 -0.000049143 0.001079764 -0.000083039 0.000049148 1.000000000 -0.000116535
1.000000000 -0.000106703 -0.000038903 0.000379230 0.000106702 1.000000000 -0.000017666 0.000365820 0.000038904 0.000017662 1.000000000 0.000806008
1.000000000 0.000051818 -0.000012985 -0.000163105 -0.000051820 1.000000000 -0.000118700 0.001037246 0.000012979 0.000118701 1.000000000 0.000424170
1.000000000 0.000006180 0.000029770 -0.000269422 -0.000006176 1.000000000 -0.000134091 0.000278922 -0.000029770 0.000134091 1.000000000 -0.000536514
1.000000000 0.000030062 -0.000047018 0.000039856 -0.000030066 1.000000000 -0.000089558 0.000533645 0.000047015 0.000089559 1.000000000 0.000250651
1.000000000 -0.000020504 -0.000006503 -0.001109368 0.000020504 1.000000000 0.000003939 0.001557411 0.000006503 -0.000003939 1.000000000 0.002728760
1.000000000 0.000046374 0.000194918 -0.001893282 -0.000046363 1.000000000 -0.000056678 0.001446001 -0.000194920 0.000056669 1.000000000 0.001669336
1.000000000 -0.000083240 -0.000040121 0.000244474 0.000083240 1.000000000 -0.000004146 0.000593319 0.000040121 0.000004143 1.000000000 -0.000204290
1.000000000 0.000050440 0.000126484 -0.001812738 -0.000050444 1.000000000 0.000028330 0.000404964 -0.000126482 -0.000028336 1.000000000 0.001498021
1.000000000 -0.000103741 0.000079020 -0.001104407 0.000103745 1.000000000 -0.000043941 0.000283747 -0.000079015 0.000043950 1.000000000 0.001596485
1.000000000 -0.000113927 0.000002855 -0.000512211 0.000113927 1.000000000 -0.000036519 0.001136213 -0.000002851 0.000036520 1.000000000 0.001786531
1.000000000 -0.000042695 0.000134553 -0.001524763 0.000042709 1.000000000 -0.000099694 0.002285453 -0.000134549 0.000099700 1.000000000 0.003699419
1.000000000 0.000098901 0.000162025 -0.002376068 -0.000098887 1.000000000 -0.000082342 0.002540223 -0.000162033 0.000082326 1.000000000 0.003482741
1.000000000 -0.000218146 0.000038810 -0.000755428 0.000218144 1.000000000 0.000035098 0.000794654 -0.000038818 -0.000035090 1.000000000 0.001986805
1.000000000 -0.000058875 0.000078254 -0.001170616 0.000058869 1.000000000 0.000067744 0.000804061 -0.000078258 -0.000067740 1.000000000 0.001558148
1.000000000 -0.000141877 0.000007912 -0.000503356 0.000141877 1.000000000 -0.000029133 0.001328358 -0.000007908 0.000029134 1.000000000 0.002120216
0.999999940 0.000010466 0.000263355 -0.001955844 -0.000010470 1.000000000 0.000011719 -0.000347950 -0.000263355 -0.000011721 0.999999940 0.002129572
0.999999940 -0.000097281 0.000334879 -0.001601398 0.000097516 0.999999762 -0.000700021 -0.001548819 -0.000334811 0.000700054 0.999999702 0.052620582
0.999999940 0.000194356 0.000216693 -0.000352387 -0.000194075 0.999999166 -0.001298752 -0.004421083 -0.000216945 0.001298710 0.999999106 0.134276837
0.999999881 0.000471451 0.000023389 0.003133619 -0.000471415 0.999998748 -0.001505985 -0.003633799 -0.000024099 0.001505974 0.999998868 0.254784286
1.000000000 0.000226195 0.000045957 0.004380328 -0.000226140 0.999999285 -0.001190341 -0.013366651 -0.000046227 0.001190331 0.999999285 0.382836729
0.999999940 0.000388434 0.000146528 0.006873358 -0.000388275 0.999999344 -0.001082773 -0.016633106 -0.000146948 0.001082716 0.999999404 0.527004480
1.000000000 0.000205526 -0.000051988 0.015817935 -0.000205595 0.999999106 -0.001321105 -0.015808700 0.000051716 0.001321116 0.999999106 0.683339298
1.000000000 0.000105191 0.000208395 0.016697207 -0.000104957 0.999999344 -0.001122328 -0.019413682 -0.000208512 0.001122306 0.999999344 0.854961157
0.999999940 0.000338231 0.000143234 0.017427579 -0.000338131 0.999999702 -0.000695140 -0.028477699 -0.000143469 0.000695092 0.999999762 1.017696619
0.999999940 0.000141847 0.000240717 0.017178174 -0.000141786 0.999999940 -0.000253427 -0.035599183 -0.000240753 0.000253393 0.999999940 1.190826774
0.999999940 0.000349308 0.000144250 0.018339843 -0.000349191 0.999999583 -0.000814059 -0.031993993 -0.000144534 0.000814009 0.999999642 1.380458832
0.999999881 0.000442823 -0.000070728 0.028972222 -0.000442859 0.999999762 -0.000517062 -0.041176405 0.000070499 0.000517093 0.999999881 1.581999898
0.999999225 0.000938754 0.000818447 0.022408990 -0.000938408 0.999999464 -0.000423460 -0.047278024 -0.000818844 0.000422692 0.999999583 1.773591638
1.000000000 0.000205286 -0.000086667 0.043073364 -0.000205331 0.999999821 -0.000516078 -0.047685392 0.000086561 0.000516095 0.999999881 1.964435816
0.999999464 0.000571825 0.000839460 0.031271081 -0.000571204 0.999999583 -0.000739607 -0.053173251 -0.000839883 0.000739127 0.999999344 2.183928251
0.999999344 0.000684865 0.000928193 0.031130979 -0.000684265 0.999999583 -0.000646728 -0.062911682 -0.000928636 0.000646092 0.999999344 2.389297009
0.999999046 0.000656040 -0.001197658 0.075479776 -0.000655637 0.999999702 0.000336522 -0.092607647 0.001197879 -0.000335737 0.999999166 2.600761175
0.999999404 -0.000023106 -0.001047249 0.082245328 0.000023940 0.999999583 0.000796317 -0.104856066 0.001047231 -0.000796342 0.999999046 2.821125746
0.999999046 0.000722277 -0.001120984 0.082023263 -0.000721773 0.999999642 0.000449845 -0.106125206 0.001121309 -0.000449035 0.999999285 3.063037634
0.999999046 0.000445123 -0.001269742 0.090622395 -0.000444927 0.999999881 0.000154476 -0.109776437 0.001269810 -0.000153911 0.999999166 3.300218582
0.999999344 0.000055100 -0.001103818 0.095043123 -0.000054373 0.999999821 0.000658077 -0.122878440 0.001103854 -0.000658016 0.999999225 3.536326408
0.999999285 0.000343785 -0.001143922 0.100117788 -0.000343439 0.999999821 0.000302919 -0.127361357 0.001144026 -0.000302526 0.999999225 3.805701256
0.999999225 0.000607844 -0.001066519 0.101523764 -0.000607842 0.999999762 0.000002247 -0.131212518 0.001066520 -0.000001599 0.999999404 4.065903664
0.999999166 0.000782830 -0.000961418 0.105370231 -0.000782367 0.999999583 0.000481188 -0.142157584 0.000961794 -0.000480435 0.999999404 4.317850113
0.999999404 0.000487521 -0.000871946 0.110298276 -0.000487137 0.999999762 0.000439984 -0.142896652 0.000872160 -0.000439559 0.999999523 4.572831154
0.999999166 0.000765051 -0.001055047 0.115606204 -0.000764613 0.999999642 0.000415591 -0.153125450 0.001055365 -0.000414784 0.999999344 4.842263699
0.999999106 0.000814265 -0.001039813 0.118979879 -0.000813918 0.999999642 0.000333642 -0.158696100 0.001040084 -0.000332795 0.999999404 5.104498386
0.999999285 0.001015543 -0.000712183 0.122309640 -0.001015386 0.999999523 0.000220415 -0.169244647 0.000712407 -0.000219691 0.999999702 5.365149021
0.999999404 0.000816369 -0.000778048 0.132213578 -0.000816039 0.999999702 0.000424461 -0.172524586 0.000778395 -0.000423826 0.999999583 5.622229099
0.999999523 0.000599837 -0.000795885 0.130561441 -0.000599384 0.999999642 0.000569275 -0.187111154 0.000796226 -0.000568798 0.999999523 5.891262054
0.999999464 0.000091324 -0.001044580 0.139032364 -0.000090707 0.999999821 0.000590467 -0.194702730 0.001044634 -0.000590372 0.999999285 6.168332577
0.999999583 0.000711648 -0.000668316 0.141730294 -0.000711061 0.999999344 0.000878125 -0.203786984 0.000668940 -0.000877649 0.999999404 6.452662945
0.999999881 0.000293427 -0.000410297 0.147535756 -0.000293193 0.999999762 0.000570639 -0.211549699 0.000410464 -0.000570518 0.999999762 6.729991913
0.999999166 0.000855107 -0.000896308 0.154853508 -0.000854524 0.999999344 0.000650404 -0.222865507 0.000896863 -0.000649638 0.999999404 7.036668301
0.999999523 0.000163742 -0.000941716 0.160122931 -0.000163503 0.999999881 0.000254370 -0.225057974 0.000941758 -0.000254216 0.999999523 7.336140633
0.999999404 0.000499893 -0.000891647 0.172451153 -0.000499557 0.999999702 0.000377183 -0.239185691 0.000891835 -0.000376738 0.999999523 7.641190529
0.999999344 0.000816382 -0.000745853 0.180636376 -0.000815567 0.999998987 0.001093199 -0.256550670 0.000746744 -0.001092590 0.999999106 7.939861774
0.999999285 0.000491427 -0.001016150 0.180629060 -0.000490435 0.999999344 0.000975961 -0.262225389 0.001016629 -0.000975462 0.999998987 8.285598755
0.999999225 0.000794744 -0.000941254 0.189140767 -0.000793694 0.999999046 0.001115105 -0.276513487 0.000942139 -0.001114357 0.999998927 8.601865768
0.999999702 -0.000072037 -0.000790854 0.203733891 0.000073247 0.999998927 0.001530880 -0.288801908 0.000790742 -0.001530938 0.999998510 8.932877541
0.999999523 0.000744108 -0.000588621 0.198998496 -0.000743408 0.999998927 0.001189603 -0.296088398 0.000589505 -0.001189165 0.999999106 9.280084610
0.999999225 0.000823160 -0.000911188 0.204529718 -0.000822066 0.999998927 0.001199157 -0.306698143 0.000912175 -0.001198407 0.999998868 9.632832527
0.999999106 0.000011864 -0.001328573 0.217316121 -0.000010348 0.999999285 0.001141071 -0.313632488 0.001328586 -0.001141056 0.999998450 9.981287956
0.999999285 0.000680569 -0.000944011 0.224157184 -0.000679217 0.999998748 0.001431776 -0.327068657 0.000944985 -0.001431134 0.999998569 10.336877823
0.999999583 0.000620296 -0.000682365 0.221277133 -0.000619769 0.999999523 0.000771697 -0.329425812 0.000682844 -0.000771273 0.999999464 10.698154449
0.999999702 0.000693064 -0.000352596 0.226177350 -0.000692851 0.999999523 0.000603972 -0.335801125 0.000353015 -0.000603727 0.999999762 11.072398186
0.999999642 0.000307966 -0.000813260 0.233167514 -0.000307302 0.999999642 0.000817270 -0.348229825 0.000813511 -0.000817020 0.999999344 11.438016891
0.999999642 0.000079217 -0.000827710 0.241507381 -0.000078322 0.999999404 0.001080994 -0.357971251 0.000827795 -0.001080929 0.999999046 11.818287849
0.999999464 0.000618881 -0.000792435 0.245457694 -0.000618429 0.999999642 0.000569240 -0.364934832 0.000792787 -0.000568750 0.999999523 12.202856064
0.999999821 0.000320419 -0.000584022 0.254633695 -0.000320309 0.999999940 0.000188283 -0.373976678 0.000584083 -0.000188096 0.999999821 12.596134186
0.999999464 0.000057108 -0.000955116 0.265385062 -0.000056162 0.999999464 0.000990467 -0.391719848 0.000955172 -0.000990413 0.999999046 12.981925964
0.999999344 0.000008812 -0.001130432 0.273523748 -0.000007402 0.999999225 0.001247747 -0.409154385 0.001130442 -0.001247738 0.999998569 13.377798080
0.999999523 -0.000284975 -0.000894565 0.281734884 0.000286091 0.999999166 0.001247370 -0.418149740 0.000894208 -0.001247625 0.999998808 13.791254044
0.999999821 -0.000229259 -0.000506618 0.285128593 0.000230038 0.999998808 0.001538175 -0.428969860 0.000506265 -0.001538291 0.999998689 14.195518494
0.999999821 -0.000359607 -0.000431206 0.296946466 0.000360199 0.999998987 0.001372278 -0.439868242 0.000430712 -0.001372433 0.999998987 14.613008499
0.999999881 -0.000362139 -0.000390760 0.305634141 0.000362926 0.999997854 0.002016461 -0.458604932 0.000390030 -0.002016603 0.999997854 15.031692505
1.000000000 -0.000174445 -0.000134548 0.313159734 0.000174671 0.999998569 0.001687975 -0.466198713 0.000134253 -0.001687998 0.999998569 15.460174561
0.999999821 -0.000239793 0.000484206 0.319671869 0.000239004 0.999998629 0.001627367 -0.476587713 -0.000484596 -0.001627251 0.999998569 15.886376381
0.999999464 -0.000416224 0.000940551 0.327360749 0.000414796 0.999998748 0.001518037 -0.486706913 -0.000941182 -0.001517646 0.999998391 16.322227478
0.999999344 -0.000434072 0.001077195 0.337005079 0.000432527 0.999998868 0.001434046 -0.497408420 -0.001077817 -0.001433579 0.999998391 16.762367249
0.999998748 -0.000368223 0.001549796 0.345517337 0.000366233 0.999999106 0.001283868 -0.509738088 -0.001550267 -0.001283299 0.999997973 17.212259293
0.999998212 0.000058397 0.001892231 0.350066721 -0.000061198 0.999998868 0.001480351 -0.519794822 -0.001892143 -0.001480464 0.999997139 17.676994324
0.999996960 0.000165770 0.002494426 0.358295768 -0.000169165 0.999999046 0.001360888 -0.529761195 -0.002494197 -0.001361305 0.999996006 18.139329910
0.999996722 -0.000640948 0.002486506 0.378689528 0.000637829 0.999999046 0.001255078 -0.535886288 -0.002487308 -0.001253488 0.999996185 18.611843109
0.999995649 0.000238287 0.002939582 0.378509283 -0.000242127 0.999999106 0.001306022 -0.554256558 -0.002939269 -0.001306728 0.999994814 19.062362671
0.999996126 -0.000025188 0.002785342 0.397350937 0.000020789 0.999998748 0.001579471 -0.570011973 -0.002785378 -0.001579407 0.999994874 19.536451340
0.999996006 -0.000693742 0.002734892 0.405692637 0.000689736 0.999998748 0.001465531 -0.578621089 -0.002735905 -0.001463639 0.999995172 20.022851944
0.999994934 0.000650705 0.003106097 0.411683440 -0.000656865 0.999997795 0.001982516 -0.606737733 -0.003104800 -0.001984546 0.999993205 20.514087677
0.999994040 0.000798478 0.003349867 0.418760598 -0.000803693 0.999998391 0.001555619 -0.613593757 -0.003348620 -0.001558302 0.999993145 21.009698868
0.999995828 0.000499073 0.002866171 0.429527909 -0.000504685 0.999997973 0.001957597 -0.623916149 -0.002865188 -0.001959035 0.999993980 21.522127151
0.999997139 0.000536159 0.002341729 0.440485537 -0.000539769 0.999998689 0.001541250 -0.634458303 -0.002340900 -0.001542509 0.999996066 22.015163422
0.999997795 0.000895008 0.001918279 0.454281688 -0.000897829 0.999998569 0.001470155 -0.643835366 -0.001916960 -0.001471874 0.999997079 22.529182434
0.999997914 0.001181026 0.001628046 0.459490597 -0.001182937 0.999998629 0.001173787 -0.658323944 -0.001626658 -0.001175711 0.999997914 23.040466309
0.999999106 0.000960663 0.000822495 0.470691323 -0.000961437 0.999999106 0.000941740 -0.672535002 -0.000821590 -0.000942530 0.999999225 23.576950073
0.999999225 0.000193586 0.001172232 0.474711657 -0.000194050 0.999999881 0.000395122 -0.681794405 -0.001172156 -0.000395349 0.999999225 24.085485458
0.999999344 0.000983187 0.000499283 0.483816862 -0.000983736 0.999998868 0.001099419 -0.697600901 -0.000498201 -0.001099910 0.999999285 24.621866226
0.999997795 0.002048227 0.000399760 0.495332509 -0.002048637 0.999997318 0.001027802 -0.712969542 -0.000397654 -0.001028619 0.999999344 25.150186539
0.999997854 0.002043094 -0.000087161 0.504103065 -0.002043033 0.999997675 0.000696061 -0.722436249 0.000088583 -0.000695881 0.999999702 25.702234268
0.999998987 0.001155161 -0.000798843 0.521114945 -0.001154303 0.999998748 0.001072894 -0.743682206 0.000800081 -0.001071970 0.999999046 26.248729706
0.999998450 0.001553508 -0.000776677 0.525008917 -0.001551874 0.999996603 0.002099585 -0.763916671 0.000779936 -0.002098377 0.999997497 26.759286880
0.999998868 0.000667315 -0.001344607 0.540864825 -0.000663471 0.999995708 0.002857706 -0.788948596 0.001346509 -0.002856811 0.999995053 27.298370361
0.999996603 0.002349463 -0.001101920 0.541378558 -0.002347839 0.999996126 0.001472327 -0.793232083 0.001105375 -0.001469735 0.999998331 27.865177155
0.999995828 0.002684944 -0.001072750 0.550101757 -0.002682444 0.999993682 0.002324913 -0.809936106 0.001078985 -0.002322025 0.999996722 28.371528625
0.999996662 0.002253851 -0.001266752 0.559489906 -0.002251489 0.999995649 0.001863238 -0.819235265 0.001270946 -0.001860379 0.999997497 28.916320801
0.999994516 0.002863954 -0.001649452 0.575599194 -0.002859818 0.999992788 0.002504366 -0.840166092 0.001656612 -0.002499636 0.999995530 29.456544876
0.999993861 0.003033585 -0.001738645 0.579751015 -0.003029262 0.999992311 0.002483488 -0.851080477 0.001746165 -0.002478206 0.999995410 29.996559143
0.999993622 0.002962436 -0.001989360 0.595511615 -0.002957558 0.999992549 0.002450627 -0.869957089 0.001996605 -0.002444728 0.999994993 30.534763336
0.999992132 0.003423449 -0.001971059 0.600037158 -0.003418592 0.999991119 0.002462293 -0.881671667 0.001979470 -0.002455535 0.999995053 31.080131531
0.999991238 0.003581502 -0.002180357 0.609243214 -0.003575933 0.999990344 0.002552760 -0.893134832 0.002189479 -0.002544940 0.999994338 31.625274658
0.999991357 0.003123851 -0.002746594 0.627000451 -0.003116341 0.999991357 0.002734314 -0.913022935 0.002755112 -0.002725731 0.999992490 32.167724609
0.999989092 0.004007358 -0.002410407 0.632461190 -0.004001371 0.999988914 0.002483410 -0.919515014 0.002420332 -0.002473738 0.999994040 32.693790436
0.999986112 0.004099783 -0.003324911 0.647931457 -0.004092500 0.999989212 0.002194240 -0.938399315 0.003333870 -0.002180602 0.999992132 33.228023529
0.999988437 0.004281108 -0.002197138 0.649208426 -0.004276208 0.999988496 0.002230004 -0.945408344 0.002206660 -0.002220583 0.999995053 33.775260925
0.999989271 0.004004182 -0.002363972 0.655796170 -0.003998357 0.999989033 0.002463684 -0.962060928 0.002373811 -0.002454206 0.999994159 34.321109772
0.999988675 0.004209403 -0.002223456 0.672602296 -0.004203701 0.999987900 0.002563180 -0.980742335 0.002234219 -0.002553804 0.999994159 34.832790375
0.999989748 0.003976973 -0.002135266 0.679288745 -0.003971545 0.999988914 0.002540462 -0.992147267 0.002145345 -0.002531955 0.999994457 35.379268646
0.999987423 0.004689128 -0.001793317 0.688366652 -0.004684437 0.999985635 0.002611481 -1.009008050 0.001805536 -0.002603048 0.999994934 35.906684875
0.999983788 0.005084448 -0.002574276 0.713704348 -0.005078485 0.999984443 0.002317691 -1.019289613 0.002586020 -0.002304580 0.999993980 36.451126099
0.999981642 0.005566848 -0.002422249 0.722012639 -0.005561470 0.999982119 0.002221380 -1.032795429 0.002434572 -0.002207868 0.999994576 36.999206543
0.999983311 0.005009538 -0.002881541 0.741509795 -0.005003312 0.999985158 0.002163868 -1.046187639 0.002892339 -0.002149414 0.999993503 37.531745911
0.999984741 0.004421197 -0.003309209 0.752104104 -0.004414429 0.999988139 0.002049811 -1.059514284 0.003318233 -0.002035172 0.999992430 38.080543518
0.999982178 0.005349596 -0.002630317 0.755319536 -0.005343860 0.999983311 0.002183273 -1.076541424 0.002641953 -0.002169179 0.999994099 38.632244110
0.999981284 0.005301428 -0.003063043 0.779969931 -0.005294337 0.999983251 0.002318987 -1.088501096 0.003075287 -0.002302727 0.999992549 39.148731232
0.999979019 0.005627654 -0.003210548 0.797719300 -0.005618399 0.999979973 0.002884528 -1.110699415 0.003226718 -0.002866429 0.999990582 39.684257507
0.999982774 0.004885602 -0.003247278 0.812936425 -0.004876510 0.999984205 0.002802114 -1.125863791 0.003260917 -0.002786231 0.999990761 40.233039856
0.999973714 0.005962080 -0.004106440 0.852462411 -0.005951468 0.999978960 0.002591338 -1.141319633 0.004121802 -0.002566830 0.999988198 40.786251068
0.999972582 0.006223954 -0.003997651 0.863615692 -0.006211886 0.999976099 0.003023834 -1.154697418 0.004016376 -0.002998918 0.999987423 41.335266113
0.999972343 0.006124714 -0.004208366 0.882205904 -0.006112751 0.999977231 0.002849715 -1.174055099 0.004225724 -0.002823911 0.999987066 41.879173279
0.999965668 0.007209005 -0.004088175 0.891702354 -0.007198904 0.999971032 0.002480177 -1.175119877 0.004105937 -0.002450661 0.999988556 42.418201447
0.999969065 0.006548811 -0.004340696 0.906421542 -0.006535415 0.999973953 0.003093221 -1.193761468 0.004360839 -0.003064757 0.999985814 42.950050354
0.999961853 0.007628066 -0.004258328 0.917550445 -0.007616163 0.999967098 0.002804726 -1.205224514 0.004279582 -0.002772187 0.999987006 43.508190155
0.999968767 0.006722137 -0.004152081 0.934458494 -0.006709047 0.999972522 0.003158549 -1.228585362 0.004173201 -0.003130594 0.999986351 44.026786804
0.999964476 0.007558314 -0.003709649 0.939946175 -0.007549885 0.999968827 0.002280884 -1.234347105 0.003726775 -0.002252796 0.999990463 44.581321716
0.999961972 0.007915494 -0.003643182 0.953831673 -0.007904752 0.999964416 0.002953630 -1.251005888 0.003666432 -0.002924719 0.999988973 45.104747772
0.999961138 0.007808516 -0.004077716 0.980534136 -0.007794996 0.999964118 0.003320934 -1.270637035 0.004103501 -0.003289019 0.999986172 45.639736176
0.999963820 0.007388854 -0.004204964 0.993000984 -0.007375338 0.999967635 0.003220834 -1.286703587 0.004228627 -0.003189705 0.999985933 46.182849884
0.999959648 0.007522159 -0.004898982 1.026123285 -0.007504446 0.999965191 0.003623885 -1.307947636 0.004926071 -0.003586975 0.999981463 46.715450287
0.999961317 0.007341597 -0.004832933 1.031011462 -0.007324439 0.999966800 0.003558271 -1.322448850 0.004858896 -0.003522735 0.999981999 47.257785797
0.999962211 0.007252729 -0.004790303 1.031394005 -0.007237147 0.999968529 0.003262107 -1.331900835 0.004813812 -0.003227316 0.999983251 47.812084198
0.999956429 0.007452386 -0.005617649 1.079094648 -0.007429450 0.999963999 0.004092640 -1.351365328 0.005647946 -0.004050726 0.999975860 48.341823578
0.999957860 0.007170009 -0.005730778 1.089924812 -0.007146235 0.999965847 0.004158283 -1.364407897 0.005760398 -0.004117154 0.999974966 48.887039185
0.999954581 0.008044260 -0.005109380 1.092396259 -0.008023113 0.999959230 0.004145969 -1.382287741 0.005142522 -0.004104787 0.999978423 49.443325043
0.999949872 0.007969917 -0.006048437 1.134909987 -0.007946151 0.999960661 0.003942952 -1.392060995 0.006079624 -0.003894694 0.999973893 49.973968506
0.999954700 0.007517624 -0.005825804 1.140388012 -0.007497907 0.999966204 0.003398895 -1.403585911 0.005851157 -0.003355061 0.999977291 50.522045135
0.999952078 0.008087286 -0.005497294 1.144927859 -0.008066252 0.999960124 0.003837589 -1.419201016 0.005528110 -0.003793063 0.999977529 51.067508698
0.999939919 0.008410383 -0.007029271 1.192417026 -0.008388571 0.999959886 0.003126846 -1.420118690 0.007055288 -0.003067693 0.999970376 51.596199036
0.999941111 0.008487357 -0.006772967 1.200419545 -0.008469726 0.999960721 0.002627673 -1.430838585 0.006795003 -0.002570153 0.999973536 52.149871826
0.999942958 0.007451073 -0.007651123 1.237670422 -0.007427933 0.999967754 0.003048373 -1.447623610 0.007673590 -0.002991367 0.999966085 52.684085846
0.999943912 0.007081431 -0.007873982 1.254225612 -0.007059092 0.999970973 0.002861281 -1.459298611 0.007894017 -0.002805537 0.999964833 53.234447479
0.999949038 0.006836304 -0.007430778 1.259901762 -0.006818132 0.999973714 0.002468089 -1.471902490 0.007447456 -0.002417299 0.999969304 53.781154633
0.999938607 0.007220492 -0.008406251 1.299100637 -0.007199134 0.999970794 0.002568293 -1.479578733 0.008424550 -0.002507618 0.999961376 54.336029053
0.999939978 0.007235063 -0.008232255 1.298970580 -0.007218493 0.999971926 0.002040901 -1.489228129 0.008246791 -0.001981354 0.999964058 54.892387390
0.999934912 0.007197448 -0.008851200 1.330656171 -0.007176772 0.999971449 0.002365531 -1.501585960 0.008867973 -0.002301854 0.999958038 55.431610107
0.999933064 0.006689518 -0.009434412 1.345053434 -0.006669048 0.999975324 0.002199538 -1.514401078 0.009448893 -0.002136472 0.999953091 55.974925995
0.999932647 0.006871041 -0.009352570 1.356520653 -0.006850699 0.999974132 0.002205303 -1.534562349 0.009367481 -0.002141082 0.999953866 56.515449524
0.999923289 0.006762328 -0.010389383 1.409164310 -0.006737174 0.999974310 0.002454208 -1.549478650 0.010405715 -0.002384024 0.999942958 57.075080872
0.999920905 0.006942869 -0.010490972 1.410997272 -0.006919841 0.999973536 0.002229618 -1.564877152 0.010506175 -0.002156846 0.999942482 57.619529724
0.999925077 0.007248584 -0.009862328 1.414445162 -0.007229633 0.999971926 0.001955775 -1.571358442 0.009876228 -0.001884327 0.999949455 58.181587219
0.999930203 0.007368025 -0.009232281 1.413427591 -0.007352747 0.999971569 0.001687672 -1.583272815 0.009244452 -0.001619672 0.999956012 58.725578308
0.999929011 0.007479629 -0.009267765 1.415285826 -0.007464487 0.999970734 0.001667314 -1.597491860 0.009279965 -0.001598016 0.999955654 59.264358521
0.999919355 0.007381131 -0.010333500 1.449566245 -0.007363524 0.999971390 0.001740796 -1.613854170 0.010346053 -0.001664565 0.999945104 59.881355286
0.999916136 0.007308428 -0.010690324 1.456295729 -0.007287311 0.999971449 0.002012966 -1.629235268 0.010704731 -0.001934894 0.999940813 60.429077148
0.999917746 0.007847635 -0.010142008 1.470079899 -0.007830181 0.999967813 0.001759591 -1.645559549 0.010155491 -0.001680032 0.999946952 60.999988556
0.999921918 0.007783866 -0.009764851 1.476522923 -0.007766444 0.999968171 0.001820860 -1.662067294 0.009778713 -0.001744880 0.999950588 61.533401489
0.999913931 0.007872434 -0.010489465 1.489589930 -0.007854689 0.999967694 0.001731934 -1.673917651 0.010502759 -0.001649393 0.999943495 62.089653015
0.999905407 0.008079166 -0.011128864 1.536477804 -0.008054262 0.999964952 0.002280797 -1.703664780 0.011146901 -0.002190946 0.999935448 62.680648804
0.999907851 0.007512264 -0.011305371 1.539881468 -0.007489332 0.999969780 0.002069331 -1.711584210 0.011320575 -0.001984470 0.999933958 63.232093811
0.999907672 0.008208800 -0.010823622 1.539187193 -0.008184242 0.999963880 0.002311235 -1.734317780 0.010842203 -0.002222439 0.999938726 63.777576447
0.999893308 0.008872135 -0.011605172 1.590488911 -0.008837862 0.999956429 0.003001175 -1.767006159 0.011631293 -0.002898290 0.999928176 64.370384216
0.999888003 0.009030209 -0.011940128 1.602513194 -0.008998366 0.999955773 0.002717997 -1.778937817 0.011964145 -0.002610250 0.999925077 64.910774231
0.999883473 0.009445551 -0.011992509 1.610605478 -0.009422110 0.999953568 0.002009482 -1.787487507 0.012010933 -0.001896253 0.999926150 65.470970154
0.999880552 0.008798514 -0.012701019 1.655971050 -0.008773691 0.999959469 0.002008752 -1.787655234 0.012718178 -0.001897077 0.999917328 66.060371399
0.999880195 0.008771603 -0.012751534 1.658592939 -0.008749732 0.999960124 0.001769921 -1.799307704 0.012766549 -0.001658136 0.999917150 66.607147217
0.999876618 0.008823390 -0.012993270 1.668363810 -0.008801404 0.999959707 0.001748305 -1.815742135 0.013008174 -0.001633730 0.999913990 67.166427612
0.999869645 0.008979779 -0.013417321 1.708134413 -0.008948472 0.999957025 0.002391544 -1.837058187 0.013438221 -0.002271167 0.999907136 67.752708435
0.999864340 0.009477354 -0.013470142 1.717233300 -0.009440594 0.999951482 0.002789944 -1.856714487 0.013495930 -0.002662400 0.999905407 68.280258179
0.999864876 0.009716087 -0.013264729 1.720775485 -0.009681040 0.999949455 0.002703778 -1.872444272 0.013290329 -0.002574996 0.999908388 68.827987671
0.999868512 0.009786436 -0.012931564 1.725987434 -0.009762689 0.999950528 0.001898108 -1.875464439 0.012949500 -0.001771611 0.999914587 69.443183899
0.999871671 0.010012479 -0.012507328 1.729934692 -0.009990756 0.999948442 0.001798112 -1.885294437 0.012524687 -0.001672924 0.999920130 69.991867065
0.999876320 0.009872910 -0.012243985 1.732687712 -0.009853572 0.999950051 0.001638908 -1.903623104 0.012259553 -0.001518058 0.999923706 70.533531189
0.999855757 0.009609515 -0.014002870 1.787457228 -0.009596391 0.999953568 0.001003954 -1.902669549 0.014011865 -0.000869432 0.999901474 71.138359070
0.999848902 0.009217702 -0.014737792 1.804498672 -0.009202343 0.999957025 0.001109700 -1.921463251 0.014747389 -0.000973910 0.999890864 71.681236267
0.999857128 0.009372724 -0.014067871 1.801834941 -0.009353888 0.999955237 0.001403988 -1.935172558 0.014080402 -0.001272198 0.999900043 72.270606995
0.999854267 0.009496804 -0.014190904 1.808376193 -0.009477380 0.999954045 0.001435336 -1.954725862 0.014203884 -0.001300635 0.999898255 72.810157776
0.999858439 0.008901707 -0.014278810 1.821596026 -0.008880313 0.999959290 0.001561050 -1.970840096 0.014292126 -0.001434029 0.999896824 73.398712158
0.999861598 0.009291721 -0.013805063 1.818712115 -0.009272275 0.999955893 0.001471865 -1.983797073 0.013818129 -0.001343657 0.999903619 73.941505432
0.999855280 0.008848080 -0.014529169 1.837059855 -0.008830563 0.999960184 0.001269347 -1.998491764 0.014539821 -0.001140862 0.999893665 74.504112244
0.999854028 0.008652283 -0.014734978 1.850283027 -0.008627046 0.999961138 0.001775495 -2.018011570 0.014749768 -0.001648116 0.999889851 75.057632446
0.999852657 0.008705844 -0.014795618 1.850813508 -0.008681415 0.999960840 0.001714509 -2.033945799 0.014809964 -0.001585810 0.999889076 75.596275330
0.999848425 0.007248460 -0.015828790 1.878929138 -0.007232557 0.999973297 0.001061676 -2.047002554 0.015836064 -0.000947033 0.999874175 76.179267883
0.999828756 0.007691198 -0.016827337 1.878998041 -0.007663215 0.999969184 0.001726764 -2.069118738 0.016840102 -0.001597517 0.999856949 76.738151550
0.999852479 0.007265985 -0.015559251 1.886427522 -0.007245939 0.999972880 0.001344228 -2.078889132 0.015568597 -0.001231288 0.999878109 77.255867004
0.999861360 0.008275059 -0.014445206 1.861279845 -0.008259842 0.999965370 0.001112666 -2.090027332 0.014453910 -0.000993197 0.999895036 77.840248108
0.999862254 0.008131593 -0.014464990 1.866497159 -0.008116080 0.999966562 0.001130766 -2.104573250 0.014473698 -0.001013211 0.999894738 78.388427734
0.999864399 0.008717284 -0.013971064 1.866129994 -0.008701675 0.999961495 0.001177671 -2.119077921 0.013980791 -0.001055940 0.999901772 78.945785522
0.999867678 0.008260749 -0.014015347 1.858981848 -0.008231329 0.999963820 0.002155603 -2.150919437 0.014032647 -0.002039953 0.999899387 79.485191345
0.999870777 0.008588793 -0.013591504 1.858233452 -0.008566614 0.999961913 0.001689177 -2.161197424 0.013605492 -0.001572525 0.999906242 80.036132812
0.999866664 0.008234652 -0.014099912 1.864862084 -0.008214731 0.999965191 0.001470136 -2.175085545 0.014111526 -0.001354113 0.999899507 80.584762573
0.999885857 0.007923113 -0.012863572 1.867463112 -0.007901662 0.999967217 0.001717581 -2.190927029 0.012876761 -0.001615741 0.999915719 81.139907837
0.999897659 0.008851725 -0.011237506 1.866108179 -0.008827661 0.999958575 0.002189034 -2.209353685 0.011256419 -0.002089609 0.999934375 81.686897278
0.999907494 0.008826308 -0.010346229 1.871586680 -0.008807071 0.999959409 0.001903474 -2.224041939 0.010362610 -0.001812178 0.999944687 82.237495422
0.999926150 0.008437124 -0.008748338 1.876798272 -0.008422357 0.999963045 0.001723454 -2.236496687 0.008762556 -0.001649645 0.999960244 82.782836914
0.999945402 0.008872729 -0.005529753 1.888909817 -0.008864866 0.999959588 0.001445024 -2.250679731 0.005542352 -0.001395924 0.999983668 83.331840515
0.999956667 0.009028090 -0.002258556 1.902506590 -0.009023431 0.999957204 0.002065169 -2.270901680 0.002277105 -0.002044700 0.999995351 83.872596741
0.999962091 0.008547680 0.001610800 1.904666901 -0.008550396 0.999962032 0.001685929 -2.284903049 -0.001596326 -0.001699638 0.999997199 84.437942505
0.999941826 0.008116362 0.007101989 1.923151016 -0.008129862 0.999965191 0.001874392 -2.304255247 -0.007086528 -0.001932021 0.999972939 84.984954834
0.999870598 0.008676105 0.013539554 1.944889545 -0.008698957 0.999960899 0.001629790 -2.317803383 -0.013524882 -0.001747359 0.999906898 85.535728455
0.999801159 0.008436809 0.018067328 1.969733238 -0.008467646 0.999962807 0.001630966 -2.336413622 -0.018052895 -0.001783629 0.999835372 86.089218140
0.999691188 0.007772171 0.023605008 2.004817963 -0.007819872 0.999967575 0.001929151 -2.353513956 -0.023589246 -0.002113143 0.999719441 86.630691528
0.999446690 0.008017049 0.032280222 2.022541523 -0.008076598 0.999966025 0.001714806 -2.365511179 -0.032265376 -0.001974572 0.999477327 87.186225891
0.999171674 0.007523802 0.039992277 2.065792084 -0.007587406 0.999970198 0.001438878 -2.377844810 -0.039980259 -0.001741124 0.999198914 87.743545532
0.998848557 0.008051049 0.047294758 2.105256557 -0.008146696 0.999965072 0.001829935 -2.394307852 -0.047278367 -0.002213124 0.998879313 88.280471802
0.998388529 0.007421650 0.056262162 2.159145832 -0.007521639 0.999970436 0.001565665 -2.406882048 -0.056248885 -0.001986325 0.998414755 88.821426392
0.997752190 0.007877789 0.066549025 2.210137367 -0.007994029 0.999966979 0.001480541 -2.418725252 -0.066535167 -0.002009207 0.997782052 89.363166809
0.997136176 0.007807136 0.075223431 2.263381958 -0.007920032 0.999967873 0.001202600 -2.429477692 -0.075211629 -0.001794928 0.997166038 89.917037964
0.996492505 0.007626278 0.083333500 2.330470562 -0.007740413 0.999969482 0.001046616 -2.444033384 -0.083322980 -0.001687981 0.996521175 90.448875427
0.995623410 0.007674886 0.093140915 2.407736301 -0.007784931 0.999969304 0.000818196 -2.452774286 -0.093131796 -0.001539710 0.995652616 90.997322083
0.994494617 0.008194941 0.104466848 2.469748974 -0.008360753 0.999964356 0.001149392 -2.472551107 -0.104453713 -0.002016486 0.994527757 91.547134399
0.993428469 0.006771904 0.114254229 2.549153805 -0.006981649 0.999974608 0.001435699 -2.495841026 -0.114241600 -0.002223947 0.993450522 92.076820374
0.992063940 0.006509500 0.125565723 2.630483627 -0.006734395 0.999976397 0.001366656 -2.506411791 -0.125553846 -0.002201419 0.992084384 92.596992493
0.990471601 0.006533598 0.137562096 2.724591255 -0.006752328 0.999976575 0.001123458 -2.519900322 -0.137551546 -0.002041618 0.990492463 93.179931641
0.988886595 0.006322559 0.148536995 2.825098991 -0.006598042 0.999977291 0.001361948 -2.537899256 -0.148525015 -0.002326865 0.988905966 93.725959778
0.987285256 0.006267319 0.158834770 2.926671028 -0.006594653 0.999977052 0.001533854 -2.554410934 -0.158821493 -0.002561812 0.987303972 94.258018494
0.985204458 0.006233254 0.171270162 3.053515434 -0.006645589 0.999976218 0.001834280 -2.577126741 -0.171254620 -0.002945332 0.985222340 94.769935608
0.982975245 0.005718607 0.183649659 3.179459572 -0.006148970 0.999979436 0.001773996 -2.587450266 -0.183635771 -0.002873050 0.982990205 95.319038391
0.980826914 0.005565663 0.194802135 3.275169373 -0.005965749 0.999981105 0.001467166 -2.596363306 -0.194790334 -0.002601177 0.980841458 95.838401794
0.978057384 0.005966095 0.208250359 3.411659241 -0.006401805 0.999978483 0.001418319 -2.613558769 -0.208237410 -0.002720376 0.978074551 96.370170593
0.975171149 0.004994877 0.221396163 3.559659958 -0.005443068 0.999984145 0.001414320 -2.622328758 -0.221385613 -0.002584279 0.975182891 96.901359558
0.972537398 0.004821487 0.232696399 3.688541412 -0.005402755 0.999983668 0.001860681 -2.646684170 -0.232683644 -0.003066784 0.972547650 97.427703857
0.969517767 0.004610478 0.244977474 3.845954895 -0.005272675 0.999983966 0.002047323 -2.669037104 -0.244964108 -0.003276604 0.969526589 97.950546265
0.966051757 0.004045843 0.258316785 4.015127182 -0.004676479 0.999987364 0.001826942 -2.679945469 -0.258306116 -0.002972933 0.966058612 98.462539673
0.962444603 0.004582150 0.271439254 4.161706924 -0.005241607 0.999984801 0.001704532 -2.692447901 -0.271427363 -0.003063296 0.962454081 99.015167236
0.959271252 0.003974985 0.282458484 4.335012436 -0.004721040 0.999986947 0.001960729 -2.710827589 -0.282447010 -0.003214369 0.959277570 99.516853333
0.955165565 0.003576651 0.296050519 4.520107269 -0.004141818 0.999990582 0.001281890 -2.714739561 -0.296043217 -0.002450604 0.955171466 100.052055359
0.950522363 0.003149239 0.310640246 4.679395676 -0.003980349 0.999989986 0.002041602 -2.743432045 -0.310630709 -0.003177045 0.950525343 100.569442749
0.946809888 0.002542755 0.321783453 4.879779816 -0.003294326 0.999992907 0.001791152 -2.751637697 -0.321776628 -0.002755940 0.946811557 101.086608887
0.942077637 0.002379966 0.335386604 5.071550369 -0.003302664 0.999992132 0.002180822 -2.777222157 -0.335378826 -0.003162173 0.942078054 101.594345093
0.936978161 0.002150949 0.349381357 5.281908035 -0.002828386 0.999994993 0.001428805 -2.782705307 -0.349376589 -0.002326944 0.936979532 102.100097656
0.932226598 0.001879497 0.361870170 5.500520706 -0.002701178 0.999994814 0.001764784 -2.798750877 -0.361864984 -0.002622654 0.932226896 102.608825684
0.927602589 0.001305621 0.373566121 5.717700958 -0.001753802 0.999998152 0.000859857 -2.801928520 -0.373564243 -0.001452767 0.927603245 103.108535767
0.921733916 0.000848476 0.387821823 5.943458557 -0.001492138 0.999998093 0.001358562 -2.821505547 -0.387819916 -0.001830917 0.921733320 103.600082397
0.915988386 0.000441700 0.401204467 6.180233002 -0.001150467 0.999998152 0.001525693 -2.834968567 -0.401203066 -0.001859090 0.915987313 104.091865540
0.911033630 0.000144288 0.412332177 6.423862457 -0.000838774 0.999998510 0.001503312 -2.852057457 -0.412331313 -0.001715421 0.911032379 104.571563721
0.904840052 0.000264337 0.425751656 6.661170959 -0.000861466 0.999998868 0.001209983 -2.854560852 -0.425750822 -0.001461611 0.904839277 105.077438354
0.898400068 0.000086468 0.439178258 6.923706055 -0.000964893 0.999997973 0.001776936 -2.880620718 -0.439177185 -0.002020159 0.898398280 105.540771484
0.892497361 -0.000581449 0.451052159 7.199272156 0.000079662 0.999999404 0.001131467 -2.885897398 -0.451052547 -0.000973899 0.892496884 106.053375244
0.886439264 -0.000949713 0.462843806 7.424839020 0.000609524 0.999999404 0.000884545 -2.892350674 -0.462844372 -0.000501981 0.886439323 106.506057739
0.879340589 -0.001222585 0.476191878 7.712566376 0.001191358 0.999999166 0.000367447 -2.900283575 -0.476191998 0.000244204 0.879341304 106.991569519
0.872350931 -0.001244269 0.488878578 7.991546631 0.000944613 0.999999166 0.000859587 -2.923321247 -0.488879234 -0.000288061 0.872351468 107.443778992
