1.000000000 0.000000000 0.000000000 0.000000000 0.000000000 1.000000000 0.000000000 0.000000000 0.000000000 0.000000000 1.000000000 0.000000000
1.000000000 -0.000037560 -0.000025723 0.000339484 0.000037560 1.000000000 -0.000018503 0.000165668 0.000025723 0.000018502 1.000000000 0.000408451
1.000000000 -0.000004292 0.000008920 0.000171540 0.000004292 1.000000000 -0.000019649 0.000602123 -0.000008920 0.000019649 1.000000000 0.000324376
1.000000000 0.000043201 0.000066869 -0.000839597 -0.000043200 1.000000000 -0.000021066 0.000522801 -0.000066870 0.000021063 1.000000000 0.000242829
1.000000000 -0.000018938 -0.000022743 0.000466916 0.000018938 1.000000000 -0.000012361 0.000228227 0.000022743 0.000012361 1.000000000 0.000214367
1.000000000 0.000136868 0.000021927 0.000016417 -0.000136868 1.000000000 0.000002951 0.000689345 -0.000021927 -0.000002954 1.000000000 0.000538280
1.000000000 0.000058581 -0.000001853 -0.000120491 -0.000058581 1.000000000 -0.000123950 0.000670534 0.000001846 0.000123950 1.000000000 -0.000474715
1.000000000 0.000089094 0.000034777 -0.000010094 -0.000089093 1.000000000 -0.000047882 0.000385635 -0.000034781 0.000047879 1.000000000 0.000322708
1.000000000 0.000214580 0.000017078 -0.000655806 -0.000214580 1.000000000 -0.000007159 0.000986981 -0.000017079 0.000007156 1.000000000 0.000472475
1.000000000 0.000203535 0.000039667 -0.000242274 -0.000203531 1.000000000 -0.000113313 0.001702653 -0.000039691 0.000113305 1.000000000 0.001468276
1.000000000 0.000201087 0.000019972 -0.000650026 -0.000201085 1.000000000 -0.000108227 0.000581574 -0.000019994 0.000108223 1.000000000 -0.000673748
1.000000000 0.000109317 -0.000002156 -0.000464016 -0.000109317 1.000000000 -0.000091290 0.001237839 0.000002146 0.000091290 1.000000000 0.000695422
1.000000000 0.000198075 0.000064501 -0.001213074 -0.000198069 1.000000000 -0.000087797 0.001130553 -0.000064518 0.000087784 1.000000000 0.000579531
1.000000000 0.000070104 0.000029172 0.000181070 -0.000070103 1.000000000 -0.000047998 0.001077430 -0.000029175 0.000047996 1.000000000 0.001250121
1.000000000 0.000174664 0.000119283 -0.001313906 -0.000174654 1.000000000 -0.000083231 0.001472352 -0.000119297 0.000083210 1.000000000 0.001631859
0.999999940 0.000237864 0.000061678 -0.001137227 -0.000237856 0.999999940 -0.000134893 0.002018922 -0.000061710 0.000134879 1.000000000 0.002176551
0.999999940 0.000261375 0.000105693 -0.001406646 -0.000261363 0.999999940 -0.000111896 0.002471474 -0.000105723 0.000111868 1.000000000 0.002538279
1.000000000 0.000176182 0.000123156 -0.000915483 -0.000176170 1.000000000 -0.000099146 0.001645930 -0.000123174 0.000099124 1.000000000 0.002207573
0.999999940 0.000250086 0.000145203 -0.001548627 -0.000250076 0.999999940 -0.000071150 0.001900107 -0.000145221 0.000071113 1.000000000 0.001722611
1.000000000 0.000181020 0.000056728 -0.000897297 -0.000181018 1.000000000 -0.000028734 0.001714784 -0.000056733 0.000028724 1.000000000 0.001901723
0.999999940 0.000271377 0.000105718 -0.001450280 -0.000271363 0.999999940 -0.000132274 0.002050740 -0.000105754 0.000132245 1.000000000 0.002512208
0.999999940 0.000248456 0.000104103 -0.001444772 -0.000248447 0.999999940 -0.000083269 0.001693149 -0.000104124 0.000083243 1.000000000 0.002381646
0.999999940 0.000389078 0.000144620 -0.002073756 -0.000389061 0.999999940 -0.000114041 0.002553339 -0.000144665 0.000113984 1.000000000 0.003139404
0.999999940 0.000234149 0.000118806 -0.001245220 -0.000234140 0.999999940 -0.000080143 0.001790011 -0.000118825 0.000080115 1.000000000 0.002393751
1.000000000 0.000142685 0.000107392 -0.000516361 -0.000142681 1.000000000 -0.000035317 0.002171540 -0.000107397 0.000035302 1.000000000 0.003284280
0.999999940 0.000254126 0.000162475 -0.001452748 -0.000254118 0.999999940 -0.000048153 0.001548853 -0.000162488 0.000048112 1.000000000 0.002648980
0.999999940 0.000208771 0.000133785 -0.001352260 -0.000208755 1.000000000 -0.000114265 0.002337991 -0.000133809 0.000114237 1.000000000 0.002720942
0.999999940 0.000220572 0.000108694 -0.001081361 -0.000220562 1.000000000 -0.000085704 0.002292801 -0.000108713 0.000085680 1.000000000 0.002063066
0.999999940 0.000274440 0.000209091 -0.001290852 -0.000274425 0.999999940 -0.000069832 0.001343514 -0.000209110 0.000069775 1.000000000 0.002039165
1.000000000 0.000124220 0.000164359 -0.000842161 -0.000124209 1.000000000 -0.000064542 0.001597290 -0.000164367 0.000064522 1.000000000 0.002537514
0.999999940 0.000236415 0.000131460 -0.001045183 -0.000236402 0.999999940 -0.000095132 0.001888645 -0.000131483 0.000095101 1.000000000 0.002841706
0.999999940 0.000199412 0.000161419 -0.001280045 -0.000199406 1.000000000 -0.000037288 0.001166604 -0.000161427 0.000037256 1.000000000 0.001451488
0.999999940 0.000246102 0.000144754 -0.001468295 -0.000246092 0.999999940 -0.000070493 0.001600581 -0.000144771 0.000070457 1.000000000 0.001725065
0.999999940 0.000293314 0.000216583 -0.001269855 -0.000293298 0.999999940 -0.000071330 0.000966785 -0.000216604 0.000071267 1.000000000 0.001486299
1.000000000 0.000172413 0.000169035 -0.001402924 -0.000172403 1.000000000 -0.000063148 0.001801504 -0.000169046 0.000063118 1.000000000 0.002722507
1.000000000 0.000186350 0.000097141 -0.000732840 -0.000186345 1.000000000 -0.000046780 0.002024659 -0.000097149 0.000046762 1.000000000 0.002562905
0.999999940 0.000329387 0.000177227 -0.001394555 -0.000329380 0.999999940 -0.000037829 0.001749637 -0.000177239 0.000037770 1.000000000 0.001924898
0.999999940 0.000287654 0.000073307 0.000012224 -0.000287650 0.999999940 -0.000054803 0.002206560 -0.000073322 0.000054782 1.000000000 0.002343136
1.000000000 0.000172048 0.000116322 -0.000084373 -0.000172036 1.000000000 -0.000105201 0.001466828 -0.000116340 0.000105181 1.000000000 0.002660419
0.999999940 0.000360407 0.000198938 -0.000309236 -0.000360265 0.999999702 -0.000715668 -0.001539831 -0.000199196 0.000715596 0.999999642 0.050137084
0.999999940 0.000361645 0.000193687 0.001531508 -0.000361391 0.999999106 -0.001309145 -0.002839587 -0.000194160 0.001309074 0.999999046 0.141382545
1.000000000 0.000102122 0.000012626 0.004859830 -0.000102104 0.999998987 -0.001371762 -0.007946946 -0.000012766 0.001371761 0.999999046 0.254205108
0.999999940 -0.000106280 -0.000087038 0.008973830 0.000106162 0.999999046 -0.001354879 -0.011351029 0.000087182 0.001354870 0.999999046 0.383290619
0.999999940 0.000389281 0.000093169 0.008156684 -0.000389160 0.999999106 -0.001286957 -0.013219611 -0.000093670 0.001286921 0.999999166 0.532016039
1.000000000 0.000182478 0.000190787 0.011481461 -0.000182259 0.999999285 -0.001147653 -0.018454237 -0.000190997 0.001147618 0.999999344 0.684193790
0.999999821 0.000491452 0.000272746 0.014507815 -0.000491195 0.999999404 -0.000941907 -0.022661636 -0.000273209 0.000941773 0.999999523 0.846533000
1.000000000 0.000381917 0.000269927 0.018428283 -0.000381697 0.999999583 -0.000814361 -0.028601998 -0.000270238 0.000814258 0.999999642 1.012997746
0.999999881 0.000469687 0.000250110 0.021619363 -0.000469473 0.999999464 -0.000857029 -0.032905202 -0.000250513 0.000856912 0.999999583 1.190188885
0.999999702 0.000672555 0.000445492 0.022955379 -0.000672235 0.999999464 -0.000717210 -0.037488297 -0.000445974 0.000716911 0.999999642 1.375190258
0.999999762 0.000577865 0.000321589 0.026524926 -0.000577631 0.999999583 -0.000727641 -0.041566521 -0.000322009 0.000727455 0.999999702 1.569056153
0.999999821 0.000491235 0.000350514 0.031223545 -0.000491081 0.999999762 -0.000438134 -0.048865594 -0.000350729 0.000437962 0.999999821 1.766610503
0.999999642 0.000674587 0.000531314 0.034048472 -0.000674423 0.999999702 -0.000309089 -0.055315658 -0.000531522 0.000308731 0.999999762 1.967559814
0.999999881 0.000502007 0.000525636 0.039360616 -0.000501823 0.999999940 -0.000350754 -0.059896898 -0.000525811 0.000350490 0.999999821 2.183337688
0.999999762 0.000435262 0.000571072 0.042485308 -0.000435034 0.999999821 -0.000398163 -0.064609855 -0.000571245 0.000397915 0.999999702 2.400244951
0.999999642 0.000582552 0.000582593 0.047304492 -0.000582267 0.999999702 -0.000489749 -0.070569858 -0.000582878 0.000489409 0.999999702 2.629230976
0.999999523 0.000666504 0.000575639 0.050347280 -0.000666288 0.999999702 -0.000375256 -0.077504538 -0.000575889 0.000374873 0.999999702 2.853270292
0.999999583 0.000745434 0.000749597 0.055175975 -0.000745382 0.999999702 -0.000070098 -0.084752589 -0.000749649 0.000069540 0.999999702 3.090180635
0.999999523 0.000675090 0.000715304 0.059397489 -0.000674969 0.999999702 -0.000169922 -0.092760742 -0.000715419 0.000169440 0.999999702 3.328568697
0.999998748 0.001139000 0.001097819 0.060118608 -0.001139051 0.999999344 0.000045246 -0.100406073 -0.001097767 -0.000046496 0.999999404 3.577740192
0.999998748 0.001072460 0.001155081 0.064537443 -0.001072557 0.999999404 0.000083429 -0.108127788 -0.001154991 -0.000084668 0.999999344 3.831632614
0.999998569 0.001129273 0.001241421 0.070737794 -0.001129384 0.999999344 0.000088882 -0.113849394 -0.001241320 -0.000090284 0.999999225 4.089428902
0.999998987 0.000799611 0.001182070 0.078570947 -0.000799636 0.999999702 0.000020987 -0.116837762 -0.001182054 -0.000021932 0.999999285 4.353548050
0.999998808 0.000925010 0.001232800 0.081716955 -0.000925134 0.999999523 0.000099946 -0.126372129 -0.001232707 -0.000101086 0.999999225 4.609217167
0.999998212 0.000967131 0.001634855 0.086646244 -0.000967205 0.999999523 0.000044512 -0.132799774 -0.001634812 -0.000046093 0.999998689 4.868041992
0.999998510 0.000827268 0.001519159 0.094787002 -0.000827328 0.999999642 0.000038954 -0.139633507 -0.001519127 -0.000040211 0.999998868 5.133882999
0.999997675 0.001158143 0.001796439 0.099833839 -0.001157699 0.999999285 -0.000248058 -0.145494759 -0.001796725 0.000245978 0.999998331 5.395709515
0.999997735 0.001081521 0.001808333 0.106748432 -0.001081877 0.999999404 0.000195641 -0.157875523 -0.001808121 -0.000197597 0.999998331 5.667891026
0.999998152 0.000906171 0.001649056 0.111134082 -0.000906553 0.999999583 0.000231480 -0.166267589 -0.001648846 -0.000232975 0.999998569 5.940373898
0.999997854 0.001334314 0.001549802 0.116960421 -0.001334498 0.999999106 0.000117133 -0.174546838 -0.001549644 -0.000119201 0.999998748 6.217607021
0.999998033 0.001320608 0.001481356 0.124829277 -0.001321040 0.999999106 0.000290601 -0.181890190 -0.001480971 -0.000292557 0.999998808 6.506000042
0.999996603 0.001961775 0.001704336 0.126311302 -0.001961997 0.999998093 0.000128442 -0.189661026 -0.001704081 -0.000131785 0.999998510 6.799690723
0.999997556 0.001531697 0.001541180 0.136514992 -0.001532024 0.999998808 0.000211115 -0.199204534 -0.001540855 -0.000213475 0.999998808 7.103572845
0.999997854 0.001514951 0.001502620 0.141495258 -0.001515472 0.999998927 0.000345748 -0.211563647 -0.001502094 -0.000348024 0.999998808 7.400073528
0.999997199 0.001591112 0.001758317 0.145796567 -0.001591796 0.999998629 0.000387683 -0.223512098 -0.001757698 -0.000390481 0.999998391 7.701576710
0.999997020 0.001566855 0.001871528 0.150700197 -0.001567685 0.999998689 0.000442139 -0.233393833 -0.001870833 -0.000445072 0.999998152 8.008228302
0.999996364 0.001944490 0.001872013 0.155157015 -0.001945821 0.999997854 0.000709664 -0.244258299 -0.001870629 -0.000713304 0.999997973 8.321973801
0.999995470 0.001965519 0.002278478 0.161080495 -0.001966670 0.999997914 0.000503164 -0.253521413 -0.002277484 -0.000507643 0.999997258 8.650071144
0.999995470 0.002006152 0.002251174 0.170051351 -0.002007140 0.999997914 0.000436738 -0.261658818 -0.002250293 -0.000441255 0.999997377 8.986508369
0.999994874 0.002289183 0.002214667 0.176188827 -0.002290070 0.999997258 0.000398263 -0.273662955 -0.002213749 -0.000403332 0.999997497 9.324110031
0.999996662 0.001813685 0.001850778 0.190668300 -0.001815169 0.999998152 0.000800364 -0.290630937 -0.001849323 -0.000803721 0.999997973 9.654952049
0.999995530 0.002125198 0.002138925 0.194390744 -0.002127434 0.999997199 0.001043507 -0.301167935 -0.002136701 -0.001048053 0.999997199 10.006236076
0.999995351 0.002179338 0.002139250 0.205897808 -0.002180863 0.999997318 0.000710800 -0.312915802 -0.002137696 -0.000715462 0.999997437 10.350274086
0.999997139 0.001752822 0.001631777 0.217364028 -0.001754686 0.999997795 0.001141826 -0.324242115 -0.001629772 -0.001144686 0.999998033 10.715791702
0.999994457 0.002518777 0.002169020 0.220132917 -0.002521313 0.999996245 0.001167598 -0.333343327 -0.002166070 -0.001173061 0.999996901 11.084444046
0.999996245 0.001923835 0.001960401 0.229859650 -0.001926141 0.999997437 0.001174847 -0.346591979 -0.001958136 -0.001178619 0.999997377 11.453969002
0.999994993 0.002393110 0.002079719 0.237555832 -0.002395171 0.999996662 0.000989227 -0.356305897 -0.002077344 -0.000994203 0.999997377 11.834322929
0.999994278 0.002489639 0.002275521 0.245747134 -0.002493151 0.999995708 0.001542108 -0.371171087 -0.002271672 -0.001547772 0.999996185 12.216529846
0.999994218 0.002236878 0.002579036 0.256786793 -0.002241589 0.999995828 0.001824920 -0.385348141 -0.002574943 -0.001830690 0.999995112 12.605561256
0.999994040 0.002365443 0.002508938 0.258496135 -0.002369539 0.999995887 0.001630736 -0.393114567 -0.002505070 -0.001636671 0.999995530 13.011258125
0.999994755 0.002092441 0.002475210 0.271575749 -0.002096260 0.999996543 0.001541574 -0.405659437 -0.002471976 -0.001546755 0.999995708 13.401929855
0.999992430 0.002717868 0.002793639 0.278048694 -0.002723333 0.999994397 0.001954313 -0.418474317 -0.002788312 -0.001961907 0.999994159 13.812681198
0.999992669 0.002406696 0.002988031 0.287561923 -0.002412916 0.999994934 0.002079800 -0.429915220 -0.002983011 -0.002086994 0.999993384 14.236084938
0.999992013 0.002482640 0.003109163 0.297503978 -0.002489077 0.999994755 0.002067993 -0.446865857 -0.003104012 -0.002075715 0.999993026 14.645904541
0.999991655 0.002568752 0.003171085 0.309386671 -0.002575009 0.999994695 0.001970476 -0.454319537 -0.003166007 -0.001978625 0.999993026 15.088704109
0.999992013 0.002653939 0.002970253 0.318731546 -0.002659779 0.999994516 0.001964079 -0.466516703 -0.002965024 -0.001971964 0.999993622 15.521023750
0.999990940 0.002347353 0.003537210 0.327051401 -0.002354924 0.999994934 0.002137496 -0.478037804 -0.003532174 -0.002145806 0.999991417 15.967145920
0.999991059 0.002357225 0.003505548 0.340648919 -0.002364943 0.999994814 0.002199244 -0.488538444 -0.003500345 -0.002207516 0.999991417 16.409864426
0.999988556 0.002274298 0.004207197 0.348773062 -0.002282443 0.999995530 0.001932125 -0.501042485 -0.004202784 -0.001941706 0.999989271 16.850854874
0.999984741 0.002710826 0.004810689 0.356177896 -0.002720694 0.999994218 0.002045726 -0.514484107 -0.004805116 -0.002058783 0.999986291 17.313028336
0.999985933 0.002480803 0.004691789 0.367046297 -0.002492065 0.999994040 0.002396118 -0.529489636 -0.004685815 -0.002407777 0.999986112 17.773668289
0.999982774 0.002870291 0.005118509 0.378138542 -0.002881410 0.999993503 0.002166274 -0.540203094 -0.005112258 -0.002180985 0.999984562 18.238893509
0.999982059 0.002502611 0.005444999 0.393026829 -0.002514648 0.999994338 0.002204944 -0.553157389 -0.005439450 -0.002218597 0.999982715 18.710567474
0.999980986 0.002320104 0.005716549 0.406010330 -0.002333095 0.999994695 0.002266743 -0.567614615 -0.005711259 -0.002280037 0.999981105 19.187259674
0.999981582 0.003463681 0.004987819 0.436480880 -0.003476787 0.999990523 0.002621470 -0.586355925 -0.004978692 -0.002638763 0.999984145 19.663751602
0.999980927 0.003563482 0.005044658 0.443558097 -0.003576894 0.999990046 0.002652073 -0.598075211 -0.005035157 -0.002670067 0.999983728 20.151227951
0.999980509 0.002920386 0.005510465 0.459548384 -0.002933249 0.999992967 0.002327611 -0.610966325 -0.005503629 -0.002343729 0.999982059 20.637426376
0.999983430 0.003337390 0.004670047 0.471718311 -0.003347907 0.999991894 0.002246149 -0.619184554 -0.004662513 -0.002261747 0.999986589 21.143205643
0.999982774 0.002956545 0.005097787 0.487302214 -0.002967294 0.999993384 0.002102437 -0.634160817 -0.005091538 -0.002117527 0.999984741 21.634265900
0.999987364 0.002828781 0.004137680 0.504120111 -0.002835549 0.999994636 0.001630801 -0.641847134 -0.004133045 -0.001642513 0.999990046 22.148916245
0.999985874 0.003881532 0.003637370 0.513234556 -0.003887246 0.999991238 0.001565528 -0.656040728 -0.003631261 -0.001579645 0.999992132 22.656568527
0.999987900 0.003604644 0.003341648 0.517505288 -0.003609885 0.999992251 0.001563992 -0.671981156 -0.003335984 -0.001576036 0.999993205 23.168275833
0.999990165 0.003598431 0.002583707 0.528563142 -0.003602895 0.999992013 0.001725231 -0.688454032 -0.002577478 -0.001734523 0.999995172 23.681236267
0.999995768 0.002138974 0.001959800 0.537317932 -0.002142090 0.999996364 0.001589280 -0.703623831 -0.001956394 -0.001593472 0.999996781 24.208820343
0.999994636 0.002392058 0.002238690 0.554078400 -0.002394884 0.999996305 0.001260824 -0.712578118 -0.002235666 -0.001266178 0.999996662 24.746459961
0.999992728 0.003143205 0.002171848 0.562107384 -0.003147072 0.999993443 0.001779484 -0.726322591 -0.002166241 -0.001786306 0.999996066 25.291242599
0.999993205 0.003426120 0.001304999 0.575636804 -0.003428342 0.999992669 0.001704992 -0.737754762 -0.001299148 -0.001709455 0.999997675 25.836139679
0.999992669 0.003676935 0.000996480 0.585825324 -0.003678666 0.999991834 0.001741268 -0.752074838 -0.000990069 -0.001744921 0.999997973 26.387989044
0.999994040 0.003357521 0.000787895 0.596133649 -0.003359099 0.999992251 0.002009465 -0.762573957 -0.000781142 -0.002012099 0.999997675 26.946443558
0.999996543 0.002608406 -0.000280434 0.612909079 -0.002607737 0.999993801 0.002359965 -0.784936845 0.000286588 -0.002359226 0.999997199 27.495582581
0.999994695 0.003176233 -0.000614113 0.623929143 -0.003174976 0.999992907 0.002038212 -0.798226237 0.000620582 -0.002036252 0.999997675 28.050266266
0.999993026 0.003646056 -0.000825150 0.632363677 -0.003644004 0.999990225 0.002474660 -0.811203241 0.000834165 -0.002471636 0.999996603 28.607101440
0.999992788 0.003735856 -0.000661391 0.644126177 -0.003734132 0.999989629 0.002591811 -0.830407321 0.000671066 -0.002589323 0.999996424 29.152458191
0.999993563 0.003460476 -0.000928248 0.649458647 -0.003457896 0.999990165 0.002766215 -0.843856692 0.000937811 -0.002762987 0.999995768 29.702278137
0.999991000 0.004068917 -0.001137951 0.655282915 -0.004066110 0.999988735 0.002458910 -0.854066670 0.001147943 -0.002454262 0.999996245 30.253982544
0.999991894 0.003544801 -0.001906314 0.670237184 -0.003539645 0.999990106 0.002701001 -0.872323394 0.001915869 -0.002694231 0.999994516 30.801704407
0.999991596 0.003745930 -0.001681098 0.681466162 -0.003741547 0.999989629 0.002602703 -0.885378897 0.001690830 -0.002596392 0.999995172 31.341089249
0.999987662 0.004615570 -0.001841918 0.689489424 -0.004611048 0.999986351 0.002452307 -0.897423387 0.001853212 -0.002443784 0.999995291 31.885725021
0.999989271 0.004355769 -0.001586969 0.699046016 -0.004352297 0.999988139 0.002184134 -0.912438571 0.001596463 -0.002177204 0.999996364 32.430706024
0.999987245 0.004679834 -0.001888082 0.704861939 -0.004675159 0.999985993 0.002473994 -0.924278021 0.001899634 -0.002465136 0.999995172 32.981929779
0.999985516 0.004904607 -0.002191548 0.713924527 -0.004899690 0.999985456 0.002243925 -0.940050423 0.002202521 -0.002233155 0.999994993 33.518882751
0.999987304 0.004431724 -0.002394089 0.727411628 -0.004425412 0.999986649 0.002634576 -0.957100391 0.002405734 -0.002623947 0.999993682 34.068721771
0.999986231 0.004367123 -0.002918468 0.737484813 -0.004358985 0.999986589 0.002789298 -0.971634448 0.002930610 -0.002776538 0.999991834 34.620899200
0.999985814 0.004584003 -0.002715335 0.747087121 -0.004576412 0.999985754 0.002795295 -0.989411831 0.002728110 -0.002782829 0.999992371 35.162593842
0.999984503 0.004768270 -0.002873440 0.756515384 -0.004759162 0.999983668 0.003168067 -1.002247691 0.002888500 -0.003154343 0.999990821 35.696434021
0.999988854 0.004155810 -0.002253987 0.767011642 -0.004149691 0.999987721 0.002712479 -1.012062192 0.002265231 -0.002703095 0.999993801 36.246513367
0.999983609 0.004867788 -0.003006238 0.775633335 -0.004860666 0.999985337 0.002371929 -1.023373961 0.003017740 -0.002357278 0.999992728 36.799789429
0.999983251 0.004475915 -0.003694683 0.793036997 -0.004468055 0.999987841 0.002132971 -1.034089684 0.003704184 -0.002116427 0.999990880 37.358505249
0.999985158 0.005128480 -0.001822368 0.794004798 -0.005125033 0.999985099 0.001891616 -1.048453808 0.001832042 -0.001882249 0.999996543 37.903095245
0.999986053 0.003880574 -0.003590577 0.813108206 -0.003872671 0.999990046 0.002205058 -1.060617447 0.003599098 -0.002191122 0.999991119 38.467414856
0.999979556 0.004408052 -0.004626519 0.823174596 -0.004396961 0.999987423 0.002404734 -1.072329879 0.004637061 -0.002384342 0.999986410 39.017944336
0.999985993 0.003914650 -0.003569274 0.829841137 -0.003907046 0.999990046 0.002134573 -1.090858459 0.003577594 -0.002120598 0.999991298 39.556396484
0.999985337 0.003280123 -0.004309235 0.841658473 -0.003269328 0.999991477 0.002509754 -1.106608272 0.004317431 -0.002495629 0.999987483 40.108749390
0.999984622 0.003393620 -0.004368776 0.851917982 -0.003384295 0.999992013 0.002140087 -1.122337103 0.004376003 -0.002125270 0.999988139 40.653823853
0.999985814 0.003124976 -0.004310062 0.860393763 -0.003116691 0.999993265 0.001927837 -1.133536100 0.004316059 -0.001914377 0.999988854 41.208442688
0.999985814 0.003133409 -0.004306854 0.866815329 -0.003125560 0.999993443 0.001827840 -1.145270586 0.004312553 -0.001814352 0.999989033 41.758953094
0.999985754 0.003420622 -0.004100237 0.874580503 -0.003413639 0.999992728 0.001708996 -1.158758521 0.004106051 -0.001694975 0.999990046 42.311710358
0.999984384 0.004082944 -0.003818664 0.882462442 -0.004076723 0.999990344 0.001635297 -1.171231866 0.003825304 -0.001619703 0.999991357 42.859542847
0.999984264 0.003485209 -0.004394649 0.894286811 -0.003476816 0.999992073 0.001916192 -1.194553733 0.004401294 -0.001900882 0.999988496 43.397197723
0.999986410 0.003854755 -0.003501091 0.898340881 -0.003848080 0.999990761 0.001911688 -1.204664111 0.003508427 -0.001898190 0.999992073 43.948226929
0.999984741 0.003995136 -0.003802929 0.904807150 -0.003987747 0.999990106 0.001948618 -1.218914032 0.003810677 -0.001933423 0.999990880 44.487430573
0.999985754 0.004304449 -0.003148314 0.910195351 -0.004299330 0.999989450 0.001631260 -1.225372076 0.003155303 -0.001617702 0.999993682 45.029880524
0.999987662 0.004023831 -0.002885950 0.921257973 -0.004020516 0.999991238 0.001153478 -1.236867428 0.002890567 -0.001141861 0.999995172 45.580085754
0.999987662 0.004223724 -0.002603843 0.929737031 -0.004221013 0.999990463 0.001045669 -1.251808882 0.002608235 -0.001034665 0.999996066 46.127014160
0.999990225 0.003787888 -0.002272573 0.940064073 -0.003785139 0.999992073 0.001212936 -1.266950488 0.002277149 -0.001204322 0.999996662 46.673675537
0.999987125 0.004582643 -0.002154959 0.945587456 -0.004579605 0.999988496 0.001412579 -1.279148579 0.002161407 -0.001402692 0.999996603 47.226345062
0.999989212 0.003657860 -0.002855878 0.960212171 -0.003652383 0.999991417 0.001920305 -1.298550367 0.002862878 -0.001909852 0.999994099 47.773067474
0.999988735 0.004101989 -0.002396700 0.967544258 -0.004098414 0.999990463 0.001495440 -1.309797287 0.002402811 -0.001485600 0.999996006 48.324920654
0.999986827 0.004281070 -0.002829073 0.979016602 -0.004276981 0.999989808 0.001449664 -1.322879314 0.002835251 -0.001437545 0.999994934 48.878360748
0.999985337 0.004518188 -0.002975031 0.987913609 -0.004514114 0.999988914 0.001374421 -1.335453033 0.002981208 -0.001360971 0.999994636 49.425861359
0.999988854 0.003828113 -0.002770953 0.998995543 -0.003824425 0.999991715 0.001334376 -1.349031210 0.002776038 -0.001323764 0.999995291 49.970493317
0.999987900 0.003919158 -0.002944372 1.003117085 -0.003914066 0.999990821 0.001733283 -1.373633862 0.002951139 -0.001721738 0.999994159 50.516471863
0.999987781 0.004040394 -0.002833098 1.010131836 -0.004037187 0.999991179 0.001135932 -1.374425769 0.002837662 -0.001124480 0.999995351 51.055664062
0.999987602 0.003895623 -0.003107182 1.021584511 -0.003891636 0.999991536 0.001288104 -1.397009134 0.003112174 -0.001275996 0.999994338 51.599601746
0.999986291 0.003533877 -0.003865328 1.032613516 -0.003528925 0.999992967 0.001287313 -1.402896881 0.003869852 -0.001273655 0.999991715 52.146232605
0.999987602 0.003713260 -0.003321022 1.039615393 -0.003709536 0.999992490 0.001126483 -1.420835018 0.003325182 -0.001114150 0.999993801 52.672817230
0.999987483 0.004138258 -0.002810097 1.042327523 -0.004134634 0.999990761 0.001295392 -1.437416196 0.002815432 -0.001283757 0.999995172 53.224945068
0.999987483 0.004120311 -0.002844686 1.053071856 -0.004117899 0.999991179 0.000852833 -1.450689077 0.002848174 -0.000841108 0.999995589 53.765975952
0.999987125 0.004363825 -0.002644973 1.059879541 -0.004362638 0.999990404 0.000454832 -1.465955973 0.002646934 -0.000443287 0.999996424 54.315315247
0.999987125 0.004333186 -0.002648609 1.068244576 -0.004331626 0.999990463 0.000595172 -1.483458281 0.002651161 -0.000583692 0.999996305 54.860469818
0.999987721 0.004267248 -0.002509051 1.074101210 -0.004265963 0.999990702 0.000516889 -1.500892043 0.002511233 -0.000506179 0.999996722 55.413753510
0.999988317 0.004045418 -0.002650492 1.082683444 -0.004044226 0.999991655 0.000455418 -1.513138294 0.002652313 -0.000444693 0.999996305 55.962177277
0.999988496 0.003686288 -0.003067463 1.091593266 -0.003683579 0.999992847 0.000888666 -1.518656731 0.003070719 -0.000877357 0.999994874 56.522613525
0.999987483 0.004424546 -0.002323687 1.093787193 -0.004423588 0.999990106 0.000417311 -1.549202085 0.002325511 -0.000407027 0.999997139 57.036884308
0.999987721 0.004378852 -0.002299123 1.104569435 -0.004376645 0.999989986 0.000964152 -1.579262495 0.002303322 -0.000954078 0.999996901 57.545898438
0.999985754 0.004883551 -0.002180954 1.109123707 -0.004881728 0.999987781 0.000839929 -1.593411803 0.002185029 -0.000829270 0.999997318 58.098037720
0.999988079 0.004658221 -0.001478548 1.099837542 -0.004656594 0.999988556 0.001101732 -1.629994273 0.001483665 -0.001094833 0.999998271 58.667312622
0.999988317 0.004577193 -0.001542592 1.104169846 -0.004575816 0.999989152 0.000894244 -1.639379621 0.001546666 -0.000887175 0.999998331 59.194820404
0.999989510 0.004343521 -0.001426347 1.107401371 -0.004342503 0.999990284 0.000716717 -1.655184746 0.001429448 -0.000710515 0.999998748 59.727779388
0.999988437 0.004651873 -0.001240658 1.109839201 -0.004650638 0.999988616 0.000995954 -1.674117565 0.001245277 -0.000990173 0.999998689 60.263519287
0.999987662 0.004861977 -0.000985035 1.113111854 -0.004861597 0.999988019 0.000386729 -1.676599860 0.000986903 -0.000381936 0.999999404 60.819190979
0.999987423 0.004962427 -0.000765367 1.117569804 -0.004962198 0.999987662 0.000297673 -1.689612269 0.000766832 -0.000293872 0.999999642 61.360126495
0.999987721 0.004918741 -0.000432389 1.123372674 -0.004918583 0.999987781 0.000369691 -1.702249527 0.000434203 -0.000367560 0.999999821 61.896305084
0.999987185 0.005059781 -0.000045526 1.120016813 -0.005059770 0.999987185 0.000256129 -1.720509648 0.000046820 -0.000255896 0.999999881 62.433967590
0.999983430 0.005723554 0.000611859 1.117394090 -0.005723414 0.999983549 -0.000231751 -1.732877374 -0.000613175 0.000228245 0.999999762 62.966243744
0.999978423 0.006476694 0.001122366 1.116782784 -0.006476383 0.999978960 -0.000279270 -1.745603681 -0.001124153 0.000271995 0.999999285 63.507091522
0.999981403 0.006007395 0.001062637 1.125964999 -0.006007462 0.999981940 0.000059660 -1.773056030 -0.001062260 -0.000066043 0.999999404 64.023597717
0.999981761 0.005924522 0.001144089 1.132362247 -0.005924583 0.999982417 0.000050761 -1.784680843 -0.001143767 -0.000057539 0.999999344 64.585220337
0.999976158 0.006652615 0.001840443 1.120094538 -0.006652152 0.999977827 -0.000257095 -1.799099326 -0.001842113 0.000244846 0.999998271 65.121467590
0.999961913 0.007898445 0.003696165 1.088930607 -0.007899051 0.999968767 0.000149392 -1.821688294 -0.003694869 -0.000178583 0.999993145 65.661308289
0.999953032 0.008715045 0.004233972 1.085516334 -0.008714939 0.999962032 -0.000043551 -1.833580256 -0.004234191 0.000006650 0.999991059 66.225265503
0.999965131 0.007479005 0.003708640 1.108739138 -0.007476972 0.999971807 -0.000562016 -1.840828896 -0.003712738 0.000534267 0.999992967 66.783172607
0.999965668 0.007461882 0.003605778 1.125392318 -0.007459142 0.999971867 -0.000772463 -1.859195709 -0.003611440 0.000745540 0.999993205 67.317726135
0.999966323 0.007548254 0.003211691 1.144807339 -0.007546105 0.999971271 -0.000680595 -1.872786045 -0.003216735 0.000656336 0.999994636 67.855888367
0.999959767 0.008174133 0.003694707 1.151318789 -0.008173227 0.999966562 -0.000260041 -1.895473242 -0.003696708 0.000229833 0.999993145 68.388664246
0.999964952 0.007407977 0.003894713 1.160152197 -0.007405938 0.999972343 -0.000537367 -1.907323122 -0.003898586 0.000508504 0.999992251 68.947776794
0.999966025 0.007261743 0.003901897 1.173948407 -0.007260651 0.999973595 -0.000293404 -1.924357057 -0.003903927 0.000265063 0.999992311 69.493690491
0.999961495 0.007753925 0.004113839 1.192119241 -0.007750419 0.999969602 -0.000867193 -1.939776182 -0.004120439 0.000835275 0.999991179 70.046707153
0.999954462 0.008183806 0.004912184 1.200908542 -0.008176729 0.999965489 -0.001459265 -1.953934789 -0.004923957 0.001419033 0.999986887 70.599235535
0.999965608 0.007192174 0.004111514 1.239637852 -0.007190518 0.999974072 -0.000417247 -1.977476120 -0.004114409 0.000387669 0.999991417 71.160011292
0.999966919 0.007130031 0.003944832 1.258201838 -0.007127178 0.999974251 -0.000736778 -1.990468979 -0.003949985 0.000708638 0.999991894 71.715690613
0.999968648 0.006943323 0.003809002 1.278090239 -0.006940520 0.999975622 -0.000749003 -2.007476330 -0.003814110 0.000722543 0.999992430 72.257270813
0.999967396 0.006913055 0.004166882 1.289160132 -0.006907961 0.999975383 -0.001235728 -2.022179127 -0.004175324 0.001206903 0.999990523 72.811965942
0.999966741 0.007004160 0.004164403 1.307640195 -0.006999319 0.999974728 -0.001175451 -2.039152145 -0.004172531 0.001146264 0.999990642 73.362686157
0.999965310 0.007233649 0.004129146 1.320924044 -0.007228435 0.999973059 -0.001276571 -2.054368496 -0.004138269 0.001246679 0.999990582 73.918540955
0.999966264 0.007081793 0.004149136 1.341959000 -0.007075340 0.999973655 -0.001567611 -2.070007086 -0.004160129 0.001538202 0.999990106 74.478248596
0.999962270 0.007678667 0.004039727 1.360069394 -0.007674514 0.999970138 -0.001042630 -2.087732077 -0.004047611 0.001011588 0.999991298 75.026412964
0.999965310 0.007303306 0.003989807 1.380185723 -0.007297836 0.999972403 -0.001384127 -2.104275942 -0.003999805 0.001354962 0.999991059 75.578506470
0.999966383 0.007104193 0.004091502 1.401842237 -0.007097606 0.999973476 -0.001621933 -2.120300055 -0.004102916 0.001592838 0.999990284 76.130699158
0.999964774 0.007260440 0.004209382 1.414435744 -0.007251584 0.999971449 -0.002115396 -2.129684448 -0.004224621 0.002084797 0.999988914 76.682884216
0.999964476 0.007226704 0.004339286 1.431719899 -0.007216708 0.999971211 -0.002314803 -2.146867275 -0.004355891 0.002283405 0.999987841 77.233337402
0.999962509 0.007401028 0.004498848 1.450068235 -0.007390400 0.999969840 -0.002374430 -2.159940720 -0.004516286 0.002341092 0.999987066 77.786331177
0.999959886 0.007569842 0.004778689 1.466650009 -0.007558787 0.999968708 -0.002327214 -2.172889471 -0.004796156 0.002290999 0.999985874 78.341896057
0.999961555 0.007269986 0.004893308 1.491860628 -0.007256488 0.999969840 -0.002770842 -2.185976744 -0.004913305 0.002735227 0.999984205 78.882453918
0.999959707 0.007336694 0.005159890 1.512929320 -0.007320113 0.999967992 -0.003225425 -2.194679737 -0.005183389 0.003187524 0.999981463 79.442871094
0.999960124 0.007476462 0.004884155 1.536861181 -0.007459588 0.999966204 -0.003464197 -2.208468199 -0.004909889 0.003427625 0.999982059 79.999732971
0.999957740 0.007539107 0.005249156 1.554270029 -0.007521125 0.999965906 -0.003437499 -2.225687981 -0.005274891 0.003397875 0.999980330 80.545814514
0.999963403 0.006131451 0.005962075 1.584567070 -0.006107711 0.999973297 -0.003991713 -2.235133410 -0.005986392 0.003955152 0.999974251 81.115043640
0.999952912 0.006277189 0.007393422 1.597794294 -0.006245533 0.999971211 -0.004296945 -2.252192497 -0.007420182 0.004250566 0.999963462 81.661064148
0.999936044 0.006568236 0.009201318 1.608094335 -0.006526157 0.999968171 -0.004595846 -2.266413450 -0.009231212 0.004535504 0.999947071 82.213256836
0.999923468 0.006480006 0.010537703 1.620585918 -0.006431850 0.999968767 -0.004597483 -2.280768394 -0.010567165 0.004529354 0.999933898 82.762283325
0.999880195 0.006409114 0.014090074 1.641530275 -0.006339622 0.999967575 -0.004971216 -2.299840450 -0.014121477 0.004881295 0.999888361 83.308181763
0.999817729 0.006586812 0.017917370 1.663772345 -0.006499823 0.999966800 -0.004908948 -2.315967321 -0.017949110 0.004791594 0.999827445 83.855865479
0.999752223 0.006691564 0.021230580 1.695184827 -0.006585404 0.999965429 -0.005066293 -2.345291615 -0.021263752 0.004925226 0.999761701 84.376602173
0.999657333 0.006671725 0.025312118 1.731288910 -0.006535112 0.999963641 -0.005476056 -2.362434626 -0.025347732 0.005308762 0.999664605 84.914253235
0.999481916 0.006655226 0.031490639 1.760407686 -0.006485526 0.999963820 -0.005488017 -2.379049301 -0.031526029 0.005280940 0.999488950 85.453079224
0.999277830 0.006255075 0.037479896 1.795949101 -0.006033264 0.999963641 -0.006028338 -2.407665730 -0.037516240 0.005797858 0.999279201 85.946708679
0.998993397 0.006903709 0.044323180 1.831013680 -0.006695670 0.999965966 -0.004840454 -2.410542011 -0.044355080 0.004538808 0.999005497 86.605758667
0.998616278 0.006651492 0.052164696 1.880874872 -0.006379083 0.999965072 -0.005386875 -2.438638449 -0.052198701 0.005046658 0.998623967 87.102928162
0.998140037 0.006561503 0.060608268 1.930471897 -0.006215706 0.999963284 -0.005892220 -2.429910183 -0.060644697 0.005504538 0.998144209 87.764320374
0.997698605 0.005610395 0.067572623 1.990265131 -0.005214450 0.999968171 -0.006034507 -2.460454941 -0.067604341 0.005668265 0.997696042 88.242332458
0.997030616 0.005575661 0.076803006 2.050625324 -0.005115821 0.999967813 -0.006182685 -2.482449770 -0.076834999 0.005771417 0.997027099 88.765167236
0.996216536 0.005448747 0.086735107 2.123475552 -0.004911255 0.999967515 -0.006409117 -2.498886824 -0.086767189 0.005958890 0.996210933 89.305267334
0.995408654 0.005169001 0.095576540 2.192898273 -0.004567401 0.999968350 -0.006512127 -2.514005423 -0.095607191 0.006045691 0.995400786 89.844749451
0.994691730 0.004524135 0.102800041 2.272874832 -0.003872329 0.999971151 -0.006539198 -2.535742998 -0.102826655 0.006106410 0.994680524 90.372848511
0.993617952 0.004222587 0.112718984 2.356305122 -0.003444205 0.999968886 -0.007099343 -2.551181793 -0.112745471 0.006665807 0.993601561 90.910026550
0.992379129 0.004322264 0.123146310 2.452666283 -0.003477991 0.999968886 -0.007069994 -2.555101156 -0.123173036 0.006587812 0.992363334 91.496520996
0.991191328 0.003760526 0.132384360 2.536978722 -0.002815420 0.999969184 -0.007325569 -2.586492538 -0.132407814 0.006888323 0.991171479 92.005813599
0.989424586 0.005335430 0.144949898 2.640996933 -0.004521062 0.999972045 -0.005947097 -2.601166725 -0.144977584 0.005228877 0.989421129 92.625282288
0.987618268 0.003716001 0.156831965 2.735820770 -0.002675203 0.999972939 -0.006846949 -2.636324406 -0.156853169 0.006342615 0.987601519 93.042732239
0.985733032 0.003501200 0.168279558 2.841789246 -0.002439427 0.999975801 -0.006515889 -2.651205778 -0.168298289 0.006012422 0.985717773 93.598976135
0.983967781 0.003105318 0.178319409 2.965780258 -0.001885718 0.999973655 -0.007008499 -2.666319132 -0.178336486 0.006559877 0.983947635 94.142105103
0.981468976 0.003625367 0.191586807 3.083273888 -0.002308821 0.999972105 -0.007094580 -2.685541868 -0.191607207 0.006520770 0.981450021 94.669586182
0.978972554 0.002858474 0.203971893 3.214138031 -0.001473493 0.999974847 -0.006941604 -2.721489906 -0.203986600 0.006495088 0.978952110 95.135223389
0.976762891 0.002374125 0.214309350 3.377334595 -0.000716544 0.999969244 -0.007811883 -2.698060274 -0.214321285 0.007476797 0.976734579 95.823677063
0.973762870 0.002445278 0.227551997 3.523172379 -0.000722357 0.999970496 -0.007654525 -2.721630096 -0.227563977 0.007289318 0.973735809 96.348686218
0.970594347 0.002032888 0.240712538 3.652109146 -0.000372608 0.999975741 -0.006942670 -2.766475677 -0.240720823 0.006648824 0.970571637 96.762451172
0.967904866 0.000736304 0.251315683 3.809469223 0.000979961 0.999977112 -0.006703903 -2.798931360 -0.251314849 0.006735020 0.967881918 97.247856140
0.964998484 0.001055542 0.262253314 3.993286133 0.000804093 0.999975264 -0.006983569 -2.805270672 -0.262254238 0.006950010 0.964973748 97.803535461
0.961352408 0.001715728 0.275315344 4.154930115 0.000048946 0.999979496 -0.006402644 -2.833966017 -0.275320739 0.006168673 0.961332619 98.294197083
0.957768559 0.000806387 0.287539184 4.334318161 0.001061777 0.999979317 -0.006341072 -2.860233307 -0.287538379 0.006378582 0.957747877 98.798057556
0.954333127 0.000645242 0.298744053 4.518859863 0.001235984 0.999980569 -0.006108138 -2.881523848 -0.298742235 0.006198440 0.954313755 99.310050964
0.949848175 0.000263381 0.312711298 4.715181351 0.001816082 0.999978125 -0.006358514 -2.894175053 -0.312706143 0.006607533 0.949826956 99.816200256
0.945251822 -0.000437442 0.326341540 4.927349091 0.002579859 0.999977887 -0.006132175 -2.908154011 -0.326331645 0.006638364 0.945232034 100.350196838
0.941176355 -0.001237217 0.337913483 5.132291794 0.003770262 0.999969482 -0.006839925 -2.925157070 -0.337894738 0.007711598 0.941152334 100.850181580
0.936559081 -0.001598997 0.350506008 5.363361359 0.003996043 0.999973297 -0.006115666 -2.942767859 -0.350486845 0.007128321 0.936540484 101.365837097
0.931010425 -0.001332796 0.364989936 5.579471588 0.003561306 0.999978840 -0.005432604 -2.964296818 -0.364974976 0.006357654 0.930995524 101.870414734
0.926068962 -0.001372710 0.377351910 5.803384781 0.003924722 0.999974251 -0.005994109 -2.978003502 -0.377333969 0.007031960 0.926050544 102.372665405
0.921038151 -0.001408548 0.389469862 6.018606186 0.003518796 0.999982655 -0.004704913 -3.016368628 -0.389456451 0.005703870 0.921027184 102.830711365
0.915365219 -0.002077538 0.402619034 6.275001526 0.004675217 0.999974132 -0.005469308 -3.021050930 -0.402597219 0.006888746 0.915351212 103.346206665
0.909128785 -0.002620467 0.416506946 6.508609772 0.005041668 0.999976158 -0.004713298 -3.044790745 -0.416484714 0.006384885 0.909120321 103.803894043
0.903568149 -0.002032635 0.428439558 6.757148743 0.004746592 0.999974906 -0.005266286 -3.069534540 -0.428418100 0.006792075 0.903555036 104.272888184
0.898344457 -0.003852144 0.439274848 7.040214539 0.006856011 0.999962687 -0.005251969 -3.076475620 -0.439238250 0.007729751 0.898337364 104.762687683
0.891571164 -0.002799212 0.452871978 7.307052612 0.005215947 0.999977946 -0.004087771 -3.102058887 -0.452850580 0.006006694 0.891566217 105.251403809
0.885465801 -0.003960169 0.464687616 7.583908081 0.007236178 0.999960005 -0.005266717 -3.113079548 -0.464648128 0.008026062 0.885459065 105.721855164
0.879709363 -0.005253202 0.475482732 7.860630035 0.008360379 0.999955297 -0.004420218 -3.147806883 -0.475438237 0.007863723 0.879713953 106.151695251
0.872008622 -0.004341764 0.489471227 8.150756836 0.007168078 0.999966681 -0.003900142 -3.168251991 -0.489438027 0.006909525 0.872010648 106.624420166
0.864773393 -0.004987916 0.502137542 8.444675446 0.008396476 0.999954522 -0.004527365 -3.182264805 -0.502092063 0.008131330 0.864776015 107.079895020
0.858436823 -0.004736811 0.512897432 8.732269287 0.007830481 0.999961853 -0.003870837 -3.205551863 -0.512859583 0.007339103 0.858441174 107.531723022
