1.000000000 0.000000000 0.000000000 0.000000000 0.000000000 1.000000000 0.000000000 0.000000000 0.000000000 0.000000000 1.000000000 0.000000000
1.000000000 0.000063974 0.000018157 -0.000047898 -0.000063974 1.000000000 -0.000009766 0.000468823 -0.000018157 0.000009765 1.000000000 0.000409419
1.000000000 0.000124385 0.000117206 -0.000742094 -0.000124387 1.000000000 0.000012593 0.000029070 -0.000117204 -0.000012608 1.000000000 -0.000119004
1.000000000 0.000094758 0.000057220 -0.000326768 -0.000094753 1.000000000 -0.000074527 0.000842478 -0.000057227 0.000074522 1.000000000 0.000369608
1.000000000 0.000042906 0.000081262 -0.000263184 -0.000042900 1.000000000 -0.000076342 0.000813538 -0.000081266 0.000076339 1.000000000 0.000158797
1.000000000 0.000177250 0.000128183 -0.001518887 -0.000177243 1.000000000 -0.000056585 0.000847657 -0.000128193 0.000056563 1.000000000 -0.000032065
1.000000000 0.000042890 0.000037404 -0.000298509 -0.000042890 1.000000000 -0.000011688 0.000128486 -0.000037405 0.000011686 1.000000000 -0.000083534
1.000000000 0.000097953 0.000038628 -0.000014612 -0.000097953 1.000000000 0.000001649 0.000333070 -0.000038628 -0.000001653 1.000000000 0.000527554
1.000000000 0.000111871 0.000026261 -0.000508923 -0.000111868 1.000000000 -0.000100669 0.000127199 -0.000026272 0.000100666 1.000000000 -0.000154476
1.000000000 0.000190415 0.000075738 -0.000143378 -0.000190412 1.000000000 -0.000050175 0.000381411 -0.000075747 0.000050161 1.000000000 0.000771638
0.999999940 0.000245736 0.000106128 -0.000710797 -0.000245734 0.999999940 -0.000015109 0.000628343 -0.000106132 0.000015083 1.000000000 0.000255147
1.000000000 0.000105509 0.000077116 -0.000077557 -0.000105504 1.000000000 -0.000071359 0.001313305 -0.000077124 0.000071350 1.000000000 0.001629388
1.000000000 0.000161914 0.000056116 -0.000781193 -0.000161911 1.000000000 -0.000051143 0.000342596 -0.000056125 0.000051134 1.000000000 0.000123739
1.000000000 0.000076159 0.000032365 -0.000305890 -0.000076156 1.000000000 -0.000079542 0.001050241 -0.000032371 0.000079539 1.000000000 0.000519029
1.000000000 0.000023218 0.000092463 -0.001302782 -0.000023208 1.000000000 -0.000106350 0.001129113 -0.000092466 0.000106348 1.000000000 0.000341471
1.000000000 0.000032108 0.000068112 -0.000216909 -0.000032105 1.000000000 -0.000053172 0.001541268 -0.000068114 0.000053169 1.000000000 0.002086955
1.000000000 0.000141517 0.000084267 -0.000769699 -0.000141511 1.000000000 -0.000074550 0.001352922 -0.000084277 0.000074538 1.000000000 0.001425190
1.000000000 0.000207299 0.000096999 -0.001381239 -0.000207291 1.000000000 -0.000086840 0.001220035 -0.000097017 0.000086820 1.000000000 0.001305643
0.999999940 0.000247107 0.000146719 -0.001451250 -0.000247105 0.999999940 -0.000010397 0.001192721 -0.000146721 0.000010361 1.000000000 0.001014957
0.999999940 0.000195662 0.000155680 -0.001502639 -0.000195641 1.000000000 -0.000137822 0.001814848 -0.000155707 0.000137791 1.000000000 0.001726485
1.000000000 0.000151770 0.000144028 -0.001528450 -0.000151757 1.000000000 -0.000088454 0.001233857 -0.000144042 0.000088432 1.000000000 0.001230909
1.000000000 0.000108162 0.000112076 -0.001589227 -0.000108150 1.000000000 -0.000110047 0.001736319 -0.000112088 0.000110035 1.000000000 0.001456543
1.000000000 0.000157830 0.000091023 -0.000735980 -0.000157820 1.000000000 -0.000108194 0.001728463 -0.000091040 0.000108180 1.000000000 0.001760470
0.999999940 0.000277124 0.000093421 -0.001364808 -0.000277117 0.999999940 -0.000071030 0.002072342 -0.000093441 0.000071004 1.000000000 0.002469262
0.999999940 0.000313307 0.000117738 -0.001819615 -0.000313295 0.999999940 -0.000098461 0.001986625 -0.000117769 0.000098424 1.000000000 0.001851111
0.999999940 0.000280415 0.000104483 -0.001231521 -0.000280412 0.999999940 -0.000023812 0.001112500 -0.000104489 0.000023783 1.000000000 0.001519309
0.999999940 0.000194982 0.000170777 -0.001854060 -0.000194977 1.000000000 -0.000027618 0.002353978 -0.000170782 0.000027584 1.000000000 0.002402074
0.999999940 0.000230810 0.000157823 -0.001635196 -0.000230808 1.000000000 -0.000012059 0.001783847 -0.000157826 0.000012023 1.000000000 0.002557332
0.999999940 0.000214911 0.000125700 -0.001843080 -0.000214906 1.000000000 -0.000034012 0.002080847 -0.000125707 0.000033985 1.000000000 0.002177369
0.999999940 0.000234864 0.000128772 -0.001641969 -0.000234858 1.000000000 -0.000048837 0.002011830 -0.000128783 0.000048807 1.000000000 0.001819064
0.999999940 0.000208452 0.000147314 -0.001254597 -0.000208449 1.000000000 -0.000020922 0.001136944 -0.000147319 0.000020891 1.000000000 0.002022322
1.000000000 0.000153795 0.000123901 -0.000595468 -0.000153791 1.000000000 -0.000031620 0.002044867 -0.000123905 0.000031601 1.000000000 0.002941075
0.999999940 0.000260108 0.000090814 -0.000776532 -0.000260102 0.999999940 -0.000066803 0.002167246 -0.000090831 0.000066780 1.000000000 0.002575693
0.999999940 0.000257128 0.000159735 -0.001437813 -0.000257116 0.999999940 -0.000075702 0.001759401 -0.000159755 0.000075660 1.000000000 0.001993451
0.999999940 0.000323166 0.000242641 -0.002619603 -0.000323149 0.999999940 -0.000071182 0.001776236 -0.000242664 0.000071103 0.999999940 0.001623369
0.999999881 0.000384254 0.000238160 -0.001818776 -0.000384244 0.999999940 -0.000039675 0.001328637 -0.000238175 0.000039583 1.000000000 0.001581796
0.999999940 0.000253710 0.000148735 -0.001475282 -0.000253718 0.999999940 0.000047833 0.001386709 -0.000148723 -0.000047870 1.000000000 0.001836956
0.999999940 0.000285088 0.000104001 -0.001229044 -0.000285083 0.999999940 -0.000042594 0.001955169 -0.000104013 0.000042565 1.000000000 0.002143980
0.999999940 0.000339686 0.000148599 -0.001369735 -0.000339675 0.999999940 -0.000075671 0.002064239 -0.000148625 0.000075620 1.000000000 0.001095706
0.999999940 0.000362831 0.000085811 -0.000358362 -0.000362822 0.999999940 -0.000094035 0.002435218 -0.000085845 0.000094004 1.000000000 0.002114114
1.000000000 0.000208248 0.000087869 -0.000373591 -0.000208236 0.999999940 -0.000133748 0.001978086 -0.000087897 0.000133730 1.000000000 0.002824814
0.999999940 0.000295532 0.000195586 -0.000144880 -0.000295384 0.999999642 -0.000755023 -0.001721930 -0.000195809 0.000754965 0.999999702 0.049847629
0.999999940 0.000347585 0.000133844 0.002182162 -0.000347415 0.999999166 -0.001264429 -0.002784645 -0.000134284 0.001264383 0.999999166 0.141550645
1.000000000 0.000083184 0.000041962 0.003908222 -0.000083122 0.999998927 -0.001479544 -0.008698092 -0.000042085 0.001479540 0.999998927 0.251850128
1.000000000 0.000091135 0.000076673 0.006688640 -0.000091027 0.999998987 -0.001406656 -0.010957674 -0.000076801 0.001406649 0.999998987 0.385266691
0.999999881 0.000292949 0.000397833 0.004591963 -0.000292416 0.999999046 -0.001340236 -0.013026679 -0.000398225 0.001340119 0.999999046 0.530340135
1.000000000 -0.000111545 0.000175056 0.011910224 0.000111734 0.999999404 -0.001082761 -0.018945560 -0.000174935 0.001082781 0.999999404 0.685063481
0.999999881 0.000372172 0.000361201 0.014166450 -0.000371854 0.999999523 -0.000878922 -0.023933578 -0.000361528 0.000878787 0.999999523 0.847110748
0.999999821 0.000118097 0.000558628 0.016245607 -0.000117725 0.999999762 -0.000665247 -0.031511106 -0.000558706 0.000665182 0.999999642 1.019619226
1.000000000 0.000058406 0.000223577 0.023421984 -0.000058239 0.999999702 -0.000748111 -0.030223384 -0.000223621 0.000748098 0.999999702 1.199852943
0.999999821 0.000159812 0.000603211 0.022130517 -0.000159618 0.999999940 -0.000321665 -0.040728275 -0.000603263 0.000321569 0.999999762 1.376386285
0.999999940 0.000179599 0.000380801 0.028876891 -0.000179540 1.000000000 -0.000156968 -0.045011267 -0.000380829 0.000156899 0.999999940 1.576177001
0.999999881 0.000296680 0.000437489 0.029147368 -0.000296704 0.999999940 0.000055914 -0.055495385 -0.000437472 -0.000056043 0.999999881 1.765706301
0.999999225 0.000872877 0.000904366 0.014930896 -0.000873300 0.999999523 0.000467639 -0.063053571 -0.000903957 -0.000468428 0.999999404 1.977150917
0.999999464 0.000476679 0.000881112 0.021236364 -0.000476990 0.999999881 0.000352670 -0.068435788 -0.000880944 -0.000353090 0.999999464 2.190309525
0.999999702 -0.000078609 0.000838526 0.027566254 0.000078022 0.999999762 0.000700153 -0.075658679 -0.000838581 -0.000700087 0.999999404 2.403758287
0.999999225 0.000582663 0.001030480 0.030156685 -0.000583445 0.999999523 0.000758888 -0.082639962 -0.001030038 -0.000759489 0.999999166 2.627955198
0.999999285 0.000309110 0.001128954 0.035356157 -0.000310344 0.999999404 0.001092873 -0.088631861 -0.001128616 -0.001093222 0.999998748 2.860443592
0.999998927 0.000383772 0.001382430 0.038680676 -0.000384964 0.999999523 0.000861899 -0.093922481 -0.001382099 -0.000862430 0.999998629 3.093134403
0.999998808 0.000836919 0.001277206 0.044147588 -0.000838152 0.999999106 0.000965603 -0.100597687 -0.001276397 -0.000966672 0.999998629 3.334271908
0.999998569 0.000801127 0.001522587 0.048284024 -0.000802713 0.999999166 0.001041484 -0.107480422 -0.001521751 -0.001042704 0.999998331 3.587083340
0.999998271 0.000873088 0.001538111 0.050601784 -0.000874602 0.999999106 0.000983702 -0.114827044 -0.001537251 -0.000985045 0.999998271 3.844464064
0.999997795 0.001064236 0.001786158 0.056032710 -0.001066649 0.999998569 0.001350744 -0.123445734 -0.001784718 -0.001352646 0.999997497 4.099392891
0.999998271 0.000954302 0.001594990 0.061128829 -0.000956445 0.999998629 0.001343754 -0.130575091 -0.001593706 -0.001345278 0.999997854 4.353833675
0.999998152 0.001008243 0.001649557 0.065984108 -0.001010224 0.999998748 0.001200496 -0.137613371 -0.001648345 -0.001202160 0.999997914 4.613917351
0.999997973 0.000893835 0.001775441 0.072175562 -0.000895945 0.999998927 0.001187933 -0.145295575 -0.001774377 -0.001189521 0.999997735 4.876249790
0.999997914 0.000850795 0.001861780 0.076895311 -0.000853270 0.999998748 0.001328799 -0.148087680 -0.001860647 -0.001330385 0.999997377 5.131921291
0.999997437 0.001053777 0.002003395 0.084335446 -0.001056629 0.999998450 0.001423045 -0.161775351 -0.002001893 -0.001425158 0.999996960 5.394517899
0.999997199 0.001030444 0.002121831 0.089459635 -0.001033612 0.999998331 0.001492584 -0.170385912 -0.002120289 -0.001494772 0.999996603 5.664483070
0.999996483 0.001264572 0.002310008 0.092938758 -0.001268009 0.999998033 0.001486708 -0.173462033 -0.002308123 -0.001489632 0.999996185 5.944235802
0.999995649 0.001490076 0.002529371 0.093034260 -0.001493650 0.999997914 0.001411790 -0.180259451 -0.002527261 -0.001415562 0.999995828 6.224246025
0.999997020 0.001243406 0.002089353 0.110786140 -0.001247162 0.999997616 0.001797583 -0.197863162 -0.002087113 -0.001800184 0.999996185 6.507811546
0.999997139 0.001307139 0.001990444 0.117466733 -0.001310379 0.999997795 0.001627465 -0.204125151 -0.001988312 -0.001630069 0.999996722 6.803468704
0.999997020 0.001281121 0.002060203 0.122787647 -0.001284573 0.999997735 0.001675277 -0.211792320 -0.002058052 -0.001677918 0.999996424 7.106122017
0.999995828 0.001679930 0.002342936 0.126859248 -0.001684051 0.999997020 0.001757837 -0.222214222 -0.002339976 -0.001761775 0.999995708 7.401254177
0.999995828 0.001383306 0.002534116 0.129267067 -0.001388277 0.999997258 0.001960843 -0.233580291 -0.002531397 -0.001964353 0.999994874 7.699873924
0.999996006 0.001484634 0.002391901 0.140734702 -0.001488863 0.999997377 0.001767123 -0.237636954 -0.002389271 -0.001770678 0.999995589 8.020227432
0.999993622 0.002104778 0.002882346 0.142109483 -0.002109779 0.999996185 0.001732990 -0.245768100 -0.002878687 -0.001739060 0.999994397 8.343571663
0.999995470 0.001398320 0.002667192 0.151099086 -0.001402694 0.999997735 0.001638957 -0.252375454 -0.002664894 -0.001642691 0.999995172 8.685642242
0.999995470 0.001728879 0.002463738 0.162135243 -0.001733018 0.999997079 0.001678816 -0.265670359 -0.002460829 -0.001683078 0.999995530 9.045373917
0.999994874 0.001930117 0.002557893 0.170539558 -0.001934443 0.999996722 0.001689950 -0.277039558 -0.002554622 -0.001694889 0.999995291 9.387672424
0.999994993 0.001995800 0.002452191 0.180327490 -0.001999921 0.999996603 0.001679376 -0.289132535 -0.002448831 -0.001684272 0.999995530 9.720963478
0.999995410 0.001768383 0.002464863 0.187135339 -0.001772600 0.999996901 0.001710150 -0.297317356 -0.002461831 -0.001714512 0.999995530 10.080415726
0.999995708 0.001843406 0.002287393 0.195845664 -0.001847649 0.999996543 0.001853867 -0.306241214 -0.002283967 -0.001858085 0.999995649 10.437263489
0.999994993 0.001875986 0.002553285 0.201549828 -0.001881033 0.999996185 0.001975893 -0.320320457 -0.002549569 -0.001980686 0.999994814 10.797811508
0.999995887 0.001653418 0.002335618 0.218566552 -0.001657982 0.999996722 0.001953327 -0.325386912 -0.002332381 -0.001957191 0.999995351 11.183710098
0.999996960 0.001179966 0.002154394 0.228499115 -0.001183940 0.999997616 0.001844255 -0.332661748 -0.002152213 -0.001846800 0.999995947 11.567460060
0.999995649 0.001792390 0.002345353 0.233656645 -0.001797736 0.999995708 0.002279483 -0.347218603 -0.002341258 -0.002283690 0.999994636 11.945780754
0.999993742 0.001992442 0.002888680 0.242422625 -0.001999731 0.999994814 0.002522618 -0.363382727 -0.002883639 -0.002528379 0.999992669 12.312850952
0.999994874 0.001787319 0.002641519 0.255809009 -0.001793916 0.999995291 0.002497118 -0.376059741 -0.002637043 -0.002501843 0.999993384 12.714964867
0.999993920 0.002050800 0.002827964 0.260161817 -0.002058005 0.999994695 0.002547409 -0.386027426 -0.002822725 -0.002553213 0.999992788 13.116440773
0.999994218 0.001930834 0.002798167 0.276579946 -0.001937961 0.999994874 0.002546585 -0.396300495 -0.002793236 -0.002551993 0.999992788 13.526515961
0.999992847 0.002302328 0.003004607 0.274664938 -0.002311510 0.999992669 0.003055914 -0.412643701 -0.002997549 -0.003062838 0.999990761 13.957335472
0.999993503 0.001862168 0.003064156 0.288397014 -0.001870576 0.999994457 0.002743288 -0.414469719 -0.003059031 -0.002749001 0.999991536 14.382287979
0.999993205 0.001807885 0.003194310 0.297143012 -0.001815920 0.999995232 0.002514354 -0.426146239 -0.003189749 -0.002520138 0.999991775 14.806324959
0.999992847 0.001719069 0.003374333 0.309172273 -0.001727294 0.999995589 0.002435983 -0.434456438 -0.003370130 -0.002441794 0.999991357 15.245804787
0.999991775 0.001711738 0.003683840 0.319977075 -0.001722296 0.999994397 0.002864866 -0.452761859 -0.003678916 -0.002871187 0.999989092 15.674847603
0.999990642 0.001599031 0.004029978 0.329625100 -0.001611956 0.999993563 0.003206081 -0.462616801 -0.004024825 -0.003212547 0.999986768 16.126104355
0.999985635 0.002060241 0.004950554 0.335923523 -0.002074686 0.999993622 0.002914344 -0.471271992 -0.004944520 -0.002924574 0.999983430 16.575149536
0.999986172 0.001897595 0.004909185 0.345941663 -0.001911422 0.999994278 0.002813450 -0.485967904 -0.004903819 -0.002822794 0.999983907 17.020675659
0.999985337 0.001733429 0.005130519 0.358173311 -0.001748555 0.999994099 0.002945087 -0.500902712 -0.005125385 -0.002954015 0.999982476 17.458290100
0.999981940 0.001971238 0.005670450 0.367855072 -0.001988003 0.999993682 0.002952314 -0.506564021 -0.005664594 -0.002963534 0.999979556 17.956727982
0.999982536 0.001750314 0.005641016 0.382272542 -0.001766974 0.999994099 0.002949713 -0.519144833 -0.005635820 -0.002959629 0.999979734 18.426362991
0.999979794 0.001716476 0.006116163 0.396264017 -0.001734632 0.999994040 0.002964536 -0.526979566 -0.006111038 -0.002975085 0.999976873 18.902002335
0.999976397 0.002431205 0.006425113 0.404521644 -0.002450004 0.999992728 0.002919589 -0.544013619 -0.006417969 -0.002935262 0.999975026 19.392267227
0.999975443 0.003045717 0.006313989 0.422038674 -0.003062148 0.999991953 0.002594337 -0.549667716 -0.006306037 -0.002613608 0.999976635 19.879123688
0.999977529 0.002525817 0.006202691 0.431409150 -0.002544672 0.999992132 0.003033761 -0.557434142 -0.006194979 -0.003049477 0.999976158 20.367105484
0.999976695 0.001944547 0.006541685 0.447871625 -0.001966458 0.999992490 0.003344765 -0.583092451 -0.006535131 -0.003357552 0.999972999 20.852800369
0.999979019 0.002492922 0.005979051 0.459370404 -0.002508272 0.999993622 0.002561270 -0.585539222 -0.005972628 -0.002576214 0.999978840 21.357789993
0.999982297 0.002234193 0.005516525 0.474272311 -0.002251055 0.999992967 0.003052447 -0.602342784 -0.005509665 -0.003064812 0.999980152 21.858879089
0.999976635 0.002804624 0.006228911 0.467838079 -0.002824980 0.999990702 0.003261612 -0.626356184 -0.006219706 -0.003279132 0.999975204 22.374570847
0.999981284 0.002602632 0.005547099 0.484702349 -0.002619416 0.999992073 0.003020808 -0.635429978 -0.005539193 -0.003035282 0.999980032 22.896228790
0.999983788 0.002850692 0.004940340 0.499443561 -0.002864507 0.999992013 0.002791669 -0.643457651 -0.004932344 -0.002805775 0.999983847 23.410961151
0.999985337 0.002652855 0.004719076 0.505189002 -0.002669703 0.999990046 0.003567562 -0.666955352 -0.004709565 -0.003580108 0.999982476 23.933639526
0.999991596 0.000767954 0.004029117 0.520038784 -0.000780776 0.999994636 0.003181729 -0.679039896 -0.004026652 -0.003184848 0.999986827 24.466964722
0.999991119 0.001717901 0.003863169 0.531205416 -0.001731302 0.999992490 0.003468167 -0.691740274 -0.003857181 -0.003474824 0.999986529 25.001180649
0.999989450 0.002466229 0.003861409 0.546105206 -0.002480397 0.999990165 0.003668720 -0.713832438 -0.003852323 -0.003678259 0.999985814 25.508407593
0.999986470 0.003110846 0.004166204 0.533191264 -0.003127055 0.999987662 0.003889823 -0.718441665 -0.004154052 -0.003902798 0.999983668 26.111755371
0.999980867 0.004250262 0.004503713 0.541887105 -0.004266723 0.999984145 0.003651789 -0.730690181 -0.004488120 -0.003670935 0.999983132 26.664319992
0.999981225 0.004209862 0.004465937 0.545396626 -0.004227884 0.999982953 0.004033614 -0.739815414 -0.004448880 -0.004052419 0.999981880 27.233390808
0.999986291 0.003753992 0.003658311 0.558563948 -0.003768355 0.999985158 0.003927151 -0.748277783 -0.003643515 -0.003940883 0.999985516 27.786397934
0.999985933 0.004295444 0.003114428 0.587605059 -0.004308689 0.999981761 0.004258867 -0.786058843 -0.003096077 -0.004272226 0.999986053 28.323703766
0.999980271 0.005398915 0.003221439 0.595350564 -0.005414128 0.999974132 0.004732741 -0.799271524 -0.003195804 -0.004750088 0.999983609 28.872718811
0.999974012 0.006309708 0.003505299 0.606104732 -0.006326966 0.999967813 0.004934352 -0.821380913 -0.003474052 -0.004956401 0.999981642 29.407718658
0.999980509 0.005423321 0.003101032 0.605950654 -0.005439730 0.999971151 0.005307547 -0.836644709 -0.003072158 -0.005324312 0.999981105 29.935462952
0.999982536 0.005068411 0.003044263 0.602707624 -0.005083587 0.999974549 0.004998477 -0.857423186 -0.003018851 -0.005013865 0.999982834 30.499298096
0.999986291 0.003829287 0.003574748 0.613234639 -0.003846487 0.999980986 0.004817080 -0.864481390 -0.003556234 -0.004830765 0.999981999 31.095064163
0.999984324 0.004301200 0.003593657 0.624007642 -0.004316383 0.999981761 0.004227988 -0.872252584 -0.003575406 -0.004243433 0.999984562 31.645172119
0.999982953 0.004680375 0.003480676 0.634639323 -0.004696001 0.999978900 0.004495037 -0.880079627 -0.003459564 -0.004511306 0.999983847 32.207950592
0.999987960 0.003968685 0.002889655 0.655033112 -0.003982285 0.999980927 0.004715779 -0.898573279 -0.002870884 -0.004727230 0.999984682 32.743408203
0.999989450 0.003584314 0.002875716 0.688824952 -0.003598641 0.999980986 0.004992390 -0.919172883 -0.002857767 -0.005002685 0.999983430 33.312026978
0.999988437 0.004034215 0.002636638 0.702107191 -0.004047271 0.999979436 0.004965582 -0.938190579 -0.002616552 -0.004976196 0.999984264 33.849811554
0.999986529 0.004344424 0.002830346 0.717545211 -0.004358526 0.999978006 0.004995716 -0.952724516 -0.002808580 -0.005007985 0.999983549 34.386550903
0.999991357 0.003869673 0.001561949 0.743988514 -0.003878417 0.999976635 0.005634222 -0.970502973 -0.001540110 -0.005640232 0.999982953 34.904407501
0.999988258 0.004436104 0.001998748 0.753602803 -0.004447993 0.999972105 0.005983372 -0.993726969 -0.001972150 -0.005992192 0.999980092 35.439323425
0.999991834 0.003070595 0.002616100 0.756845474 -0.003085377 0.999979138 0.005665328 -0.995728254 -0.002598650 -0.005673354 0.999980509 36.047416687
0.999987900 0.003994209 0.002867944 0.765167475 -0.004009481 0.999977708 0.005339437 -1.005941510 -0.002846553 -0.005350871 0.999981642 36.596290588
0.999989867 0.003605210 0.002689934 0.778956831 -0.003619259 0.999979675 0.005236371 -1.017087460 -0.002671001 -0.005246053 0.999982655 37.166515350
0.999993026 0.003054497 0.002129792 0.808124185 -0.003065277 0.999982357 0.005076982 -1.019526720 -0.002114246 -0.005083475 0.999984801 37.723838806
0.999988914 0.003422682 0.003216877 0.808540523 -0.003439413 0.999980509 0.005210020 -1.044817448 -0.003198982 -0.005221027 0.999981225 38.232856750
0.999992073 0.002917779 0.002692767 0.824655533 -0.002931998 0.999981701 0.005291655 -1.056883931 -0.002677278 -0.005299509 0.999982357 38.783153534
0.999989569 0.003683455 0.002695442 0.835793495 -0.003696868 0.999980807 0.004988663 -1.062863231 -0.002677015 -0.004998577 0.999983907 39.344932556
0.999990702 0.003527125 0.002474886 0.863928199 -0.003538134 0.999983788 0.004458089 -1.072955012 -0.002459122 -0.004466806 0.999987006 39.878963470
0.999987960 0.002962620 0.003911583 0.866996050 -0.002981763 0.999983549 0.004897189 -1.090141177 -0.003897011 -0.004908793 0.999980330 40.430130005
0.999987781 0.003029711 0.003910815 0.882373929 -0.003050049 0.999981880 0.005205133 -1.107950926 -0.003894974 -0.005216997 0.999978840 40.975749969
0.999986470 0.003133924 0.004161692 0.897665918 -0.003154116 0.999983191 0.004853984 -1.109067440 -0.004146410 -0.004867044 0.999979556 41.540107727
0.999986649 0.003441838 0.003855878 0.917975783 -0.003460655 0.999982059 0.004884061 -1.122427940 -0.003838998 -0.004897340 0.999980628 42.068370819
0.999979079 0.004944909 0.004181454 0.936485350 -0.004962313 0.999979019 0.004162191 -1.125248075 -0.004160785 -0.004182854 0.999982536 42.628074646
0.999976754 0.003418133 0.005888883 0.932984710 -0.003444780 0.999983847 0.004520720 -1.148878336 -0.005873335 -0.004540901 0.999972463 43.142295837
0.999974549 0.003948949 0.005946862 0.945213437 -0.003974034 0.999983251 0.004212105 -1.160159469 -0.005930128 -0.004235630 0.999973536 43.692314148
0.999971449 0.004148050 0.006300795 0.960499525 -0.004173723 0.999983013 0.004066805 -1.173170209 -0.006283818 -0.004092987 0.999971986 44.229690552
0.999964774 0.004845943 0.006852673 0.965211689 -0.004877064 0.999977827 0.004531725 -1.186599731 -0.006830559 -0.004564986 0.999966323 44.789794922
0.999964893 0.005204604 0.006563025 0.974188924 -0.005229693 0.999979079 0.003811379 -1.189273834 -0.006543050 -0.003845568 0.999971211 45.344715118
0.999957204 0.005257946 0.007613271 1.014660716 -0.005289085 0.999977827 0.004075655 -1.214088917 -0.007591671 -0.004115749 0.999962687 45.800132751
0.999947011 0.005773262 0.008521677 1.025357008 -0.005806994 0.999975324 0.003938877 -1.226271749 -0.008498726 -0.003988155 0.999955893 46.345634460
0.999956191 0.005034920 0.007890775 1.047174215 -0.005069883 0.999977469 0.004416944 -1.237153292 -0.007868358 -0.004456755 0.999959052 46.894607544
0.999958515 0.005410436 0.007333613 1.065698981 -0.005444083 0.999974728 0.004575645 -1.252922416 -0.007308672 -0.004615380 0.999962628 47.416767120
0.999943912 0.004540816 0.009568664 1.099179029 -0.004582021 0.999980330 0.004288842 -1.269289851 -0.009549002 -0.004332446 0.999944985 47.903507233
0.999934554 0.004963340 0.010308932 1.110801101 -0.005002206 0.999980509 0.003747697 -1.277714372 -0.010290128 -0.003799018 0.999939859 48.450263977
0.999939203 0.004517875 0.010060579 1.130137324 -0.004561239 0.999980569 0.004291554 -1.296398282 -0.010040993 -0.004337181 0.999940217 48.981353760
0.999941826 0.003974596 0.010035118 1.161924958 -0.004026104 0.999978840 0.005117695 -1.315031409 -0.010014566 -0.005157799 0.999936521 49.517051697
0.999928117 0.005539181 0.010642801 1.157269478 -0.005588528 0.999973774 0.004612638 -1.325732946 -0.010616972 -0.004671783 0.999932766 50.065757751
0.999844015 0.008740087 0.015348214 0.996088147 -0.008860316 0.999930561 0.007783133 -1.403138399 -0.015279121 -0.007917910 0.999851942 50.019104004
0.999858499 0.007599173 0.015005483 1.017383218 -0.007708761 0.999943912 0.007258874 -1.411609173 -0.014949480 -0.007373521 0.999861062 50.562961578
0.999831200 0.009323103 0.015832340 1.037342310 -0.009440152 0.999928474 0.007334432 -1.425412893 -0.015762828 -0.007482653 0.999847770 51.110713959
0.999827743 0.009964129 0.015655903 1.055130005 -0.010080395 0.999922097 0.007365089 -1.434362292 -0.015581297 -0.007521639 0.999850273 51.653846741
0.999812365 0.009702455 0.016766306 1.065940499 -0.009834932 0.999920905 0.007837092 -1.455251813 -0.016688941 -0.008000516 0.999828756 52.209224701
0.999873340 0.004007007 0.015400730 1.265491962 -0.004081277 0.999980152 0.004794132 -1.413608789 -0.015381213 -0.004856379 0.999869883 53.384731293
0.999864340 0.005418176 0.015553484 1.280799150 -0.005479408 0.999977410 0.003896990 -1.419611692 -0.015532017 -0.003981686 0.999871433 53.939456940
0.999863267 0.004854463 0.015804932 1.313778520 -0.004926543 0.999977589 0.004524888 -1.441378951 -0.015782611 -0.004602133 0.999864817 54.472099304
0.999831736 0.006842928 0.017021747 1.292186618 -0.006912719 0.999967933 0.004044700 -1.455174088 -0.016993525 -0.004161686 0.999846876 55.046016693
0.999847472 0.005462219 0.016593762 1.318711281 -0.005536702 0.999974668 0.004445978 -1.468868971 -0.016569059 -0.004537174 0.999852419 55.546966553
0.999708474 0.010012024 0.021971479 1.272983670 -0.010051608 0.999948025 0.001692096 -1.398277760 -0.021953396 -0.001912450 0.999757171 56.414741516
0.999695599 0.010547007 0.022304328 1.288941145 -0.010573515 0.999943495 0.001070913 -1.408004880 -0.022291776 -0.001306422 0.999750674 56.955894470
0.999684155 0.010707716 0.022735750 1.313525915 -0.010734792 0.999941766 0.001069281 -1.417784810 -0.022722978 -0.001313006 0.999740958 57.524642944
0.999678731 0.011163540 0.022756351 1.337141991 -0.011192737 0.999936700 0.001156173 -1.438685417 -0.022742005 -0.001410507 0.999740362 58.006450653
0.999728501 0.005666225 0.022599222 1.416496634 -0.005739819 0.999978423 0.003192870 -1.506784439 -0.022580640 -0.003321718 0.999739528 58.301033020
0.999715805 0.005622304 0.023166856 1.440662742 -0.005696459 0.999978840 0.003136129 -1.515531898 -0.023148734 -0.003267206 0.999726713 58.856952667
0.999722123 0.005028262 0.023031879 1.463066339 -0.005098852 0.999982476 0.003007139 -1.522151470 -0.023016354 -0.003123739 0.999730229 59.388271332
0.999724507 0.005099118 0.022912482 1.496379852 -0.005172761 0.999981642 0.003155942 -1.540700674 -0.022895968 -0.003273593 0.999732554 59.909843445
0.999732852 0.004539283 0.022661550 1.537923694 -0.004612354 0.999984264 0.003173195 -1.559726238 -0.022646789 -0.003276869 0.999738157 60.359107971
0.999718189 0.005430805 0.023110086 1.558681488 -0.005507455 0.999979556 0.003254320 -1.573548198 -0.023091936 -0.003380680 0.999727666 60.915035248
0.999714136 0.005778857 0.023199243 1.586784244 -0.005850609 0.999978304 0.003026165 -1.582206249 -0.023181248 -0.003161029 0.999726295 61.463012695
0.999710083 0.006225019 0.023261527 1.612552643 -0.006296901 0.999975622 0.003018123 -1.600894928 -0.023242172 -0.003163723 0.999724865 62.016014099
0.999728680 0.005212273 0.022707064 1.651986599 -0.005284368 0.999981165 0.003116132 -1.611282587 -0.022690397 -0.003235278 0.999737322 62.526931763
0.999635756 0.004050983 0.026682841 1.706465840 -0.004145320 0.999985337 0.003481066 -1.635120392 -0.026668347 -0.003590407 0.999637902 62.908847809
0.999616683 0.005215422 0.027191943 1.729605556 -0.005308891 0.999980211 0.003366309 -1.642377138 -0.027173849 -0.003509378 0.999624610 63.460186005
0.999633312 0.004322990 0.026730910 1.764616966 -0.004408000 0.999985456 0.003122061 -1.655703545 -0.026717022 -0.003238745 0.999637783 64.001640320
0.999638915 0.004854784 0.026429055 1.816940069 -0.004937467 0.999983072 0.003064085 -1.653214455 -0.026413729 -0.003193471 0.999646068 64.532287598
0.999638796 0.004403747 0.026512427 1.829071999 -0.004468794 0.999987066 0.002394653 -1.666730404 -0.026501540 -0.002512267 0.999645650 65.105239868
0.999552608 0.005389396 0.029419547 1.872003913 -0.005463078 0.999982119 0.002424651 -1.683831692 -0.029405953 -0.002584287 0.999564230 65.598602295
0.999552071 0.005538304 0.029411562 1.899379134 -0.005609814 0.999981523 0.002349401 -1.694613099 -0.029398007 -0.002513342 0.999564588 66.144371033
0.999556065 0.005472034 0.029284796 1.944146037 -0.005543414 0.999981880 0.002356763 -1.718042016 -0.029271368 -0.002518055 0.999568284 66.646621704
0.999572694 0.005044840 0.028790915 1.992295861 -0.005131662 0.999982476 0.002942454 -1.753879666 -0.028775565 -0.003088942 0.999581158 67.164154053
0.999572515 0.003904977 0.028974257 2.018675804 -0.003946946 0.999991238 0.001391421 -1.685259819 -0.028968569 -0.001505186 0.999579191 67.649787903
0.999543071 0.006305699 0.029560607 2.035551786 -0.006406852 0.999973893 0.003328394 -1.776143551 -0.029538849 -0.003516264 0.999557436 68.203468323
0.999569476 0.005142459 0.028889416 2.069298267 -0.005223584 0.999982655 0.002733346 -1.786992550 -0.028874857 -0.002883075 0.999578893 68.779304504
0.999348044 0.006525624 0.035508346 2.097682714 -0.006660650 0.999971032 0.003685678 -1.804026842 -0.035483271 -0.003919784 0.999362528 69.134353638
0.999308109 0.008214691 0.036273040 2.123349190 -0.008353268 0.999958456 0.003670441 -1.817212224 -0.036241386 -0.003970901 0.999335110 69.684989929
0.999328852 0.007763730 0.035797887 2.156021833 -0.007910003 0.999961019 0.003946251 -1.834103227 -0.035765849 -0.004226764 0.999351263 70.245285034
0.999340951 0.006660009 0.035682328 2.196235180 -0.006814760 0.999967933 0.004217055 -1.851733685 -0.035653103 -0.004457443 0.999354243 70.766647339
0.999350429 0.005854517 0.035557743 2.220283747 -0.005986257 0.999975562 0.003599662 -1.847584128 -0.035535809 -0.003810182 0.999361098 71.223495483
0.999358714 0.005870458 0.035322327 2.287665367 -0.005986500 0.999977052 0.003180368 -1.837673187 -0.035302848 -0.003389786 0.999370933 71.760444641
0.999199450 0.005628346 0.039606329 2.326161146 -0.005766013 0.999977648 0.003362441 -1.882970095 -0.039586522 -0.003588120 0.999209642 72.261283875
0.999212861 0.005755447 0.039249122 2.359509945 -0.005891524 0.999977052 0.003352212 -1.897779822 -0.039228927 -0.003580811 0.999223828 72.805763245
0.999202251 0.007026914 0.039310824 2.390513420 -0.007173603 0.999967813 0.003591682 -1.916707397 -0.039284319 -0.003870817 0.999220550 73.360023499
0.999183059 0.007736919 0.039665092 2.428666830 -0.007893155 0.999961674 0.003783799 -1.940554380 -0.039634295 -0.004093792 0.999205828 73.847282410
0.999085665 0.004164243 0.042547863 2.486171722 -0.004332795 0.999983072 0.003869998 -1.939451933 -0.042531025 -0.004050810 0.999086916 74.373504639
0.999068499 0.004652732 0.042900700 2.519304276 -0.004807215 0.999982297 0.003498442 -1.952200413 -0.042883664 -0.003701416 0.999073207 74.923080444
0.999082804 0.003411950 0.042682379 2.573629618 -0.003552776 0.999988496 0.003223949 -1.961868048 -0.042670883 -0.003372633 0.999083519 75.446220398
0.999116719 0.003271362 0.041892670 2.620917082 -0.003436758 0.999986589 0.003876690 -1.975834370 -0.041879423 -0.004017241 0.999114633 75.900985718
0.998942554 0.005262968 0.045672093 2.637000322 -0.005415464 0.999980152 0.003215825 -1.980409265 -0.045654256 -0.003459760 0.998951316 76.463447571
0.998941362 0.005300461 0.045694657 2.668931961 -0.005429494 0.999981642 0.002700160 -1.987674475 -0.045679498 -0.002945400 0.998951852 77.006767273
0.998958349 0.004304239 0.045426842 2.714239120 -0.004442538 0.999985754 0.002943930 -2.012522697 -0.045413520 -0.003142674 0.998963356 77.480941772
0.999010324 0.002814032 0.044390935 2.783264160 -0.002910303 0.999993503 0.002104223 -1.976234674 -0.044384733 -0.002231331 0.999012053 78.000885010
0.998878241 0.004472579 0.047143228 2.806268454 -0.004634479 0.999983728 0.003325451 -2.026709557 -0.047127597 -0.003540204 0.998882592 78.481079102
0.998860657 0.005200202 0.047439534 2.840622425 -0.005354542 0.999980807 0.003126924 -2.042324543 -0.047422368 -0.003377378 0.998869181 79.028846741
0.998886168 0.004565413 0.046963420 2.886978865 -0.004721380 0.999983668 0.003210688 -2.062597275 -0.046947997 -0.003428844 0.998891473 79.586288452
0.998824596 0.004803049 0.048232030 2.905213118 -0.004966951 0.999982178 0.003278960 -2.074430227 -0.048215430 -0.003514671 0.998830736 80.133354187
0.998717129 0.004799917 0.050408714 2.997173786 -0.004984404 0.999981344 0.003534751 -2.101889610 -0.050390806 -0.003781473 0.998722434 80.476097107
0.998644650 0.005612142 0.051742695 3.036627769 -0.005828793 0.999974966 0.004037121 -2.122007132 -0.051718742 -0.004333247 0.998652279 80.998428345
0.998608768 0.005333700 0.052460309 3.075551033 -0.005556423 0.999976158 0.004100587 -2.138176203 -0.052437186 -0.004386374 0.998614609 81.544113159
0.998303950 0.004811754 0.058017742 3.124265671 -0.005042862 0.999979913 0.003837668 -2.148643017 -0.057998113 -0.004123735 0.998308182 82.065422058
0.998081565 0.004958677 0.061713945 3.172429562 -0.005230312 0.999977291 0.004240737 -2.162217617 -0.061691519 -0.004555385 0.998084903 82.613204956
0.997901559 0.004644379 0.064582042 3.239765644 -0.004911517 0.999980032 0.003978266 -2.186883450 -0.064562276 -0.004287115 0.997904480 83.108177185
0.997648716 0.004250943 0.068402953 3.302801609 -0.004551488 0.999980569 0.004238517 -2.191760063 -0.068383612 -0.004539886 0.997648835 83.667663574
0.997036934 0.004572640 0.076788247 3.342792273 -0.004867314 0.999981463 0.003650793 -2.182826519 -0.076770127 -0.004013728 0.997040749 84.178558350
0.996534765 0.004387750 0.083061844 3.400792837 -0.004678524 0.999983549 0.003306357 -2.196100235 -0.083045967 -0.003683506 0.996538937 84.727478027
0.996030986 0.004122582 0.088912383 3.464732647 -0.004457677 0.999983728 0.003570594 -2.209201097 -0.088896215 -0.003952765 0.996033072 85.267463684
0.995343029 0.003728752 0.096323840 3.547914982 -0.004118786 0.999984086 0.003850685 -2.225628614 -0.096307941 -0.004229490 0.995342553 85.778343201
0.994323194 0.002371338 0.106375650 3.625288963 -0.002748872 0.999990404 0.003402564 -2.242172956 -0.106366567 -0.003675661 0.994320214 86.281944275
0.993510664 0.002730097 0.113706224 3.701391220 -0.003149302 0.999988973 0.003507272 -2.253411055 -0.113695383 -0.003842607 0.993508279 86.831604004
0.992463410 0.002266019 0.122521333 3.787446976 -0.002626741 0.999992669 0.002782711 -2.263906002 -0.122514129 -0.003083571 0.992462039 87.367103577
0.991306901 0.001268015 0.131563947 3.892677784 -0.001653456 0.999994695 0.002820481 -2.260890245 -0.131559670 -0.003013498 0.991303802 87.822235107
0.989764512 0.003252675 0.142673150 3.979141235 -0.003829651 0.999985576 0.003769622 -2.289219856 -0.142658830 -0.004277427 0.989762664 88.394058228
0.988689661 0.002702720 0.149951860 4.081248283 -0.003263638 0.999988556 0.003494691 -2.300154209 -0.149940714 -0.003944553 0.988687038 88.935783386
0.987148702 0.002530813 0.159784153 4.191021919 -0.003116143 0.999989390 0.003412793 -2.316605568 -0.159773827 -0.003866845 0.987146080 89.449035645
0.985459387 0.002936001 0.169885725 4.317666054 -0.003681317 0.999984980 0.004072335 -2.345911741 -0.169871211 -0.004638524 0.985455334 89.949188232
0.983699977 0.001327590 0.179812372 4.434042931 -0.002007250 0.999991536 0.003597938 -2.346597672 -0.179806039 -0.003900220 0.983694494 90.443748474
0.981568277 0.001019631 0.191109091 4.558652878 -0.001736513 0.999992192 0.003583727 -2.358490467 -0.191103920 -0.003849536 0.981562316 90.977767944
0.979105949 0.001401785 0.203345537 4.672538757 -0.002251758 0.999989748 0.003948641 -2.379669189 -0.203337878 -0.004324023 0.979099154 91.483963013
0.976808965 0.000571713 0.214111835 4.812835693 -0.001383530 0.999992490 0.003641716 -2.386970520 -0.214108154 -0.003853492 0.976802409 92.009521484
0.974304080 0.000001865 0.225236148 4.982877731 -0.000838857 0.999993086 0.003620361 -2.395161152 -0.225234598 -0.003716274 0.974297404 92.546386719
0.971280217 -0.000250206 0.237938300 5.131185532 -0.000635573 0.999993145 0.003646005 -2.407854080 -0.237937570 -0.003692519 0.971273422 93.074249268
0.968293309 -0.001315103 0.249812588 5.292514801 0.000467763 0.999993980 0.003451238 -2.420969009 -0.249815628 -0.003224958 0.968288064 93.586929321
0.965781212 -0.001465739 0.259354115 5.450782776 0.000521624 0.999992907 0.003709042 -2.439783335 -0.259357691 -0.003446838 0.965775192 94.063133240
0.962252378 -0.001671343 0.272153467 5.660457611 0.000673861 0.999992728 0.003758566 -2.448980331 -0.272157818 -0.003433296 0.962246478 94.525642395
0.958486676 -0.001471770 0.285133630 5.838119507 0.000454929 0.999993265 0.003632392 -2.458179951 -0.285137117 -0.003351883 0.958480895 95.050437927
0.955112159 -0.001936021 0.296238333 6.015117645 0.000916167 0.999993205 0.003581461 -2.473836422 -0.296243250 -0.003149293 0.955107331 95.551452637
0.951687634 -0.002040346 0.307060957 6.207111359 0.001025052 0.999993503 0.003467728 -2.490029097 -0.307066083 -0.002985441 0.951683521 96.059066772
0.947538614 -0.003084284 0.319626242 6.414173126 0.001959885 0.999990702 0.003839446 -2.495535851 -0.319635093 -0.003011593 0.947535932 96.498046875
0.943324268 -0.003513521 0.331853956 6.619228363 0.002317327 0.999989390 0.004000232 -2.510357141 -0.331864536 -0.003004502 0.943322301 97.015724182
0.939348996 -0.004305207 0.342935860 6.833505630 0.003123446 0.999987185 0.003998259 -2.527063131 -0.342948645 -0.002684618 0.939350367 97.500305176
0.933862567 -0.002731662 0.357621551 7.040843964 0.001381328 0.999990940 0.004031262 -2.534799576 -0.357629389 -0.003270652 0.933857858 98.026573181
0.928654850 -0.003510621 0.370928347 7.272500992 0.002224544 0.999989927 0.003894964 -2.545170546 -0.370938301 -0.002791931 0.928653240 98.533370972
0.924160063 -0.003728361 0.381987303 7.503360748 0.002388055 0.999989212 0.003982792 -2.554242373 -0.381998092 -0.002768531 0.924158931 99.022392273
0.918519676 -0.003078500 0.395363271 7.711063385 0.001333836 0.999988198 0.004687610 -2.584690094 -0.395373046 -0.003778312 0.918512821 99.479026794
0.912114561 -0.004586160 0.409909636 7.961677551 0.002770943 0.999983549 0.005022243 -2.599740028 -0.409925938 -0.003445025 0.912112296 99.987457275
0.906695604 -0.005371018 0.421751291 8.217697144 0.003623459 0.999981225 0.004944957 -2.609311819 -0.421769947 -0.002955373 0.906697989 100.481674194
0.901221275 -0.005251152 0.433327407 8.469264984 0.003238842 0.999980330 0.005381923 -2.625766754 -0.433347136 -0.003446825 0.901220441 100.966140747
0.894147217 -0.006109452 0.447731465 8.726497650 0.004143813 0.999976933 0.005369586 -2.625967979 -0.447753996 -0.002945885 0.894151926 101.453781128
0.887609124 -0.006128843 0.460556775 8.996635437 0.004075644 0.999976814 0.005452362 -2.638077974 -0.460579574 -0.002962501 0.887613475 101.925369263
0.882133126 -0.006658861 0.470953047 9.270397186 0.004785776 0.999975145 0.005174622 -2.649643660 -0.470975876 -0.002310830 0.882143021 102.381675720
0.875782967 -0.007605352 0.482645243 9.551467896 0.005487547 0.999968052 0.005799727 -2.670848846 -0.482673973 -0.002430763 0.875796676 102.837844849
0.868119597 -0.007390404 0.496299922 9.836215973 0.005300743 0.999970138 0.005618588 -2.680022717 -0.496326625 -0.002246848 0.868132949 103.280876160
0.861441314 -0.007245563 0.507805288 10.133319855 0.005293333 0.999971986 0.005288375 -2.687990904 -0.507829368 -0.001867643 0.861455679 103.743133545
0.855196774 -0.007357085 0.518251181 10.419132233 0.005082426 0.999970138 0.005808749 -2.711419106 -0.518278480 -0.002333650 0.855208755 104.144752502
0.847117245 -0.008468096 0.531338632 10.737178802 0.006264451 0.999962628 0.005949229 -2.722919464 -0.531369150 -0.001711150 0.847138703 104.597328186
