1.000000000 0.000000000 0.000000000 0.000000000 0.000000000 1.000000000 0.000000000 0.000000000 0.000000000 0.000000000 1.000000000 0.000000000
1.000000000 0.000172522 0.000003741 -0.000270297 -0.000172521 1.000000000 -0.000101306 0.000333931 -0.000003759 0.000101305 1.000000000 -0.000435556
1.000000000 0.000046076 0.000032477 0.000145554 -0.000046077 1.000000000 0.000038383 -0.000364532 -0.000032475 -0.000038384 1.000000000 -0.000691722
1.000000000 -0.000042965 -0.000117633 0.000718239 0.000042968 1.000000000 0.000021773 -0.000362815 0.000117632 -0.000021778 1.000000000 -0.001375411
1.000000000 -0.000067797 -0.000058074 0.000688691 0.000067791 1.000000000 -0.000097388 -0.000280882 0.000058081 0.000097384 1.000000000 -0.002419118
1.000000000 -0.000054873 0.000100312 0.000400565 0.000054878 1.000000000 -0.000051006 0.000269378 -0.000100309 0.000051011 1.000000000 0.000188558
1.000000000 0.000081311 0.000162941 -0.000757717 -0.000081313 1.000000000 0.000011024 0.000379078 -0.000162940 -0.000011037 1.000000000 0.001162614
1.000000000 0.000104508 0.000161961 -0.000571970 -0.000104511 1.000000000 0.000019222 -0.000378974 -0.000161959 -0.000019239 1.000000000 -0.000926648
1.000000000 -0.000004301 -0.000012608 0.001463112 0.000004301 1.000000000 0.000022838 0.000353373 0.000012608 -0.000022838 1.000000000 0.001002166
1.000000000 0.000040977 -0.000083887 0.001875031 -0.000040984 1.000000000 -0.000080008 0.000143187 0.000083884 0.000080012 1.000000000 -0.001399251
1.000000000 -0.000031133 -0.000093260 0.002034123 0.000031127 1.000000000 -0.000063185 0.000396332 0.000093262 0.000063182 1.000000000 0.000727071
1.000000000 -0.000110562 -0.000001385 0.000469324 0.000110562 1.000000000 -0.000032909 -0.000089275 0.000001389 0.000032909 1.000000000 -0.000504081
1.000000000 -0.000012399 0.000067857 0.000033738 0.000012399 1.000000000 0.000000389 0.000264609 -0.000067857 -0.000000388 1.000000000 0.000496621
0.999999940 -0.000241039 -0.000113522 0.002440749 0.000241051 0.999999940 0.000102877 -0.000541208 0.000113497 -0.000102904 1.000000000 -0.000631823
0.999999940 -0.000190325 -0.000153466 0.001404733 0.000190352 0.999999940 0.000171125 -0.001689324 0.000153433 -0.000171154 1.000000000 -0.002170173
1.000000000 -0.000085138 0.000056585 0.000161023 0.000085130 1.000000000 0.000133438 -0.000380627 -0.000056597 -0.000133433 1.000000000 0.000804855
1.000000000 0.000054317 -0.000092873 0.000820307 -0.000054311 1.000000000 0.000068899 -0.000069703 0.000092877 -0.000068894 1.000000000 0.000909619
1.000000000 0.000211771 -0.000080385 0.000635345 -0.000211759 0.999999940 0.000148143 -0.000645869 0.000080416 -0.000148126 1.000000000 -0.001281487
1.000000000 -0.000171159 -0.000071305 0.001509132 0.000171172 1.000000000 0.000173010 0.000145478 0.000071276 -0.000173023 1.000000000 0.001530799
1.000000000 -0.000012069 -0.000197967 0.001716000 0.000012085 1.000000000 0.000079769 -0.000044615 0.000197966 -0.000079771 1.000000000 0.001226592
0.999999940 -0.000248283 -0.000072583 0.001210699 0.000248281 0.999999940 -0.000016924 0.000642004 0.000072587 0.000016906 1.000000000 0.001509380
1.000000000 -0.000125662 -0.000156154 0.001899553 0.000125647 1.000000000 -0.000093720 0.000771109 0.000156166 0.000093700 1.000000000 0.000346436
1.000000000 0.000153832 -0.000034097 0.000419735 -0.000153828 1.000000000 0.000106812 0.000394125 0.000034114 -0.000106806 1.000000000 0.000479458
1.000000000 -0.000042515 -0.000075881 0.002073714 0.000042514 1.000000000 -0.000010158 0.001225157 0.000075882 0.000010154 1.000000000 0.001037608
0.999999940 -0.000153483 -0.000235208 0.001380735 0.000153464 1.000000000 -0.000080958 0.000851746 0.000235220 0.000080922 0.999999940 -0.002174438
1.000000000 0.000019325 -0.000159005 0.000548162 -0.000019322 1.000000000 0.000019913 -0.000143965 0.000159005 -0.000019910 1.000000000 -0.001265707
0.999999940 0.000296549 0.000131692 -0.001147591 -0.000296553 0.999999940 0.000030623 0.000110161 -0.000131683 -0.000030662 1.000000000 0.000837304
1.000000000 -0.000012834 -0.000054961 -0.000357423 0.000012839 1.000000000 0.000092958 -0.000222608 0.000054960 -0.000092959 1.000000000 -0.000657405
1.000000000 -0.000071126 -0.000074673 0.000434912 0.000071137 1.000000000 0.000153326 -0.000966801 0.000074662 -0.000153331 1.000000000 -0.001145030
1.000000000 -0.000106088 -0.000070435 0.001060195 0.000106099 1.000000000 0.000155218 -0.000240534 0.000070419 -0.000155225 1.000000000 -0.000163876
1.000000000 -0.000125709 0.000097008 0.000199719 0.000125701 1.000000000 0.000083681 0.000052739 -0.000097018 -0.000083669 1.000000000 -0.000096478
1.000000000 0.000099388 -0.000036364 0.000961266 -0.000099387 1.000000000 0.000025884 -0.000354003 0.000036366 -0.000025881 1.000000000 -0.000637197
1.000000000 -0.000000983 -0.000056512 0.000557953 0.000000994 1.000000000 0.000182785 -0.000631193 0.000056512 -0.000182785 1.000000000 0.001019367
1.000000000 0.000172183 0.000087853 -0.000392003 -0.000172175 1.000000000 -0.000097644 0.001632970 -0.000087870 0.000097629 1.000000000 0.002956587
0.999999940 -0.000325082 -0.000144461 0.002231200 0.000325075 0.999999940 -0.000046033 0.000289083 0.000144476 0.000045986 1.000000000 -0.000552121
1.000000000 0.000034327 0.000005452 -0.000014355 -0.000034327 1.000000000 -0.000007281 0.000857342 -0.000005452 0.000007281 1.000000000 0.000489145
1.000000000 -0.000108888 -0.000069996 0.001316780 0.000108892 1.000000000 0.000057520 -0.000195401 0.000069990 -0.000057528 1.000000000 -0.000373064
0.999999940 -0.000292674 -0.000207694 0.002802235 0.000292685 0.999999940 0.000049696 0.000483588 0.000207679 -0.000049757 1.000000000 0.001314832
1.000000000 -0.000132043 0.000089642 0.000798012 0.000132050 1.000000000 -0.000076414 0.001095584 -0.000089632 0.000076426 1.000000000 0.002703803
0.999999940 -0.000356738 -0.000053372 0.003071685 0.000356700 0.999999702 -0.000714663 -0.002304773 0.000053627 0.000714644 0.999999762 0.048685651
1.000000000 -0.000123357 -0.000057880 0.003470927 0.000123287 0.999999285 -0.001212456 -0.004750621 0.000058030 0.001212449 0.999999285 0.138075665
0.999999940 0.000283137 -0.000280802 0.006227794 -0.000283507 0.999999106 -0.001317922 -0.009322372 0.000280428 0.001318002 0.999999106 0.251533091
0.999999940 -0.000236484 -0.000178148 0.009964476 0.000236301 0.999999464 -0.001027995 -0.015359249 0.000178391 0.001027953 0.999999464 0.380233169
0.999999940 -0.000216938 -0.000168403 0.010040032 0.000216764 0.999999464 -0.001031701 -0.019118795 0.000168626 0.001031664 0.999999464 0.525668204
0.999999940 -0.000007822 -0.000279928 0.012829119 0.000007559 0.999999583 -0.000941867 -0.023724291 0.000279936 0.000941865 0.999999523 0.678145289
0.999999940 0.000181975 0.000253895 0.016221108 -0.000181716 0.999999464 -0.001020928 -0.024596915 -0.000254081 0.001020882 0.999999464 0.842305958
1.000000000 -0.000142160 0.000087648 0.018097889 0.000142237 0.999999583 -0.000879815 -0.028727062 -0.000087523 0.000879827 0.999999583 1.011555552
0.999999940 0.000194319 0.000190872 0.020975972 -0.000194206 0.999999821 -0.000594214 -0.037441287 -0.000190988 0.000594177 0.999999821 1.183676600
0.999999642 0.000977826 0.000140013 0.018970257 -0.000977896 0.999999344 0.000496038 -0.055408817 -0.000139528 -0.000496175 0.999999881 1.343648553
0.999999642 0.000967248 0.000316746 0.023500312 -0.000967368 0.999999464 0.000378746 -0.058449503 -0.000316380 -0.000379052 0.999999940 1.531613469
0.999999702 0.000741751 -0.000373853 0.030442802 -0.000741530 0.999999523 0.000593508 -0.062643714 0.000374294 -0.000593230 0.999999762 1.735136867
0.999999344 0.001075581 0.000398806 0.028163668 -0.001075875 0.999999166 0.000739602 -0.071333416 -0.000398010 -0.000740030 0.999999583 1.916738749
0.999998927 0.001013594 0.001001735 0.027375326 -0.001014236 0.999999225 0.000640256 -0.076020606 -0.001001085 -0.000641271 0.999999225 2.125040293
0.999998927 0.001175041 0.000876550 0.032803785 -0.001175695 0.999999046 0.000745133 -0.082618393 -0.000875673 -0.000746163 0.999999344 2.349343538
0.999998569 0.001016588 0.001323262 0.037598316 -0.001017579 0.999999225 0.000748306 -0.087422937 -0.001322500 -0.000749651 0.999998808 2.568897009
0.999998808 0.001089726 0.001069215 0.039078109 -0.001091100 0.999998569 0.001285390 -0.102014393 -0.001067813 -0.001286556 0.999998629 2.779977560
0.999998212 0.001364105 0.001243850 0.044862591 -0.001365635 0.999998271 0.001230309 -0.106611751 -0.001242169 -0.001232006 0.999998510 3.010117531
0.999999344 0.000836878 0.000803776 0.051979028 -0.000837798 0.999998987 0.001145235 -0.112011552 -0.000802817 -0.001145908 0.999999046 3.252306223
0.999998152 0.001171837 0.001483115 0.056241132 -0.001173756 0.999998391 0.001294305 -0.119780108 -0.001481596 -0.001296044 0.999998093 3.513284445
0.999999642 0.000500000 0.000703034 0.063645832 -0.000500662 0.999999404 0.000942241 -0.124933489 -0.000702563 -0.000942593 0.999999285 3.756474018
0.999999702 0.000626954 0.000558654 0.070762888 -0.000627532 0.999999285 0.001035569 -0.129250795 -0.000558004 -0.001035919 0.999999285 4.024915695
0.999999046 0.000813601 0.001074590 0.069579951 -0.000815338 0.999998271 0.001617385 -0.141299188 -0.001073273 -0.001618260 0.999998152 4.272170544
0.999999106 0.000923177 0.000923682 0.080374241 -0.000925011 0.999997497 0.001987135 -0.150368974 -0.000921845 -0.001987988 0.999997616 4.520586491
0.999999225 0.000644930 0.001078601 0.088218115 -0.000646632 0.999998510 0.001578346 -0.156619668 -0.001077581 -0.001579042 0.999998212 4.787229538
0.999998987 0.001202370 0.000680444 0.092936926 -0.001203758 0.999997199 0.002043926 -0.171101317 -0.000677985 -0.002044743 0.999997675 5.032539845
0.999999285 0.001005842 0.000547026 0.099348016 -0.001006823 0.999997914 0.001795284 -0.175609842 -0.000545219 -0.001795833 0.999998212 5.301177502
0.999998868 0.001240373 0.000874669 0.100958697 -0.001241790 0.999997854 0.001621276 -0.179990262 -0.000872656 -0.001622361 0.999998271 5.572979450
0.999999464 0.000766226 0.000646199 0.112550937 -0.000767516 0.999997795 0.001998387 -0.187689200 -0.000644666 -0.001998882 0.999997735 5.837038517
0.999999881 0.000327523 0.000416851 0.122044213 -0.000328538 0.999996901 0.002437098 -0.203766227 -0.000416052 -0.002437234 0.999996901 6.101624966
0.999999642 0.000773321 0.000481541 0.124473564 -0.000774393 0.999997139 0.002230114 -0.206323177 -0.000479815 -0.002230486 0.999997377 6.387807846
0.999999642 0.000471380 0.000730041 0.130843267 -0.000472982 0.999997497 0.002195732 -0.217726275 -0.000729005 -0.002196077 0.999997377 6.673476219
0.999999702 0.000322805 0.000752055 0.143307790 -0.000324727 0.999996662 0.002556491 -0.227085695 -0.000751227 -0.002556734 0.999996483 6.960443974
0.999999940 -0.000175597 0.000319271 0.143066734 0.000174748 0.999996483 0.002656687 -0.240363657 -0.000319737 -0.002656631 0.999996424 7.264624596
0.999999940 -0.000117515 0.000307626 0.149254262 0.000116578 0.999995410 0.003044008 -0.255282044 -0.000307982 -0.003043972 0.999995351 7.569458008
0.999999583 -0.000168080 0.000807437 0.159189746 0.000165600 0.999995351 0.003070330 -0.261427671 -0.000807949 -0.003070196 0.999994934 7.887799263
0.999998868 0.000446917 0.001426858 0.153640792 -0.000451854 0.999993920 0.003461888 -0.274471462 -0.001425302 -0.003462529 0.999992907 8.205573082
0.999999702 -0.000054616 0.000661398 0.163940117 0.000052676 0.999995708 0.002932278 -0.277738988 -0.000661555 -0.002932243 0.999995410 8.533424377
0.999999464 0.000157686 0.000986137 0.168017283 -0.000159959 0.999997377 0.002304545 -0.279489934 -0.000985770 -0.002304702 0.999996781 8.880930901
0.999998927 -0.000208875 0.001451729 0.174111173 0.000204779 0.999995947 0.002821346 -0.293648928 -0.001452313 -0.002821045 0.999994934 9.204156876
0.999999166 -0.000256668 0.001251319 0.181436524 0.000252388 0.999994159 0.003419635 -0.303669542 -0.001252189 -0.003419316 0.999993324 9.566249847
0.999998868 -0.000421709 0.001440031 0.187428176 0.000417535 0.999995828 0.002897448 -0.309651971 -0.001441247 -0.002896843 0.999994755 9.911076546
0.999999285 -0.000256373 0.001148108 0.194068268 0.000252685 0.999994755 0.003211414 -0.331089795 -0.001148926 -0.003211121 0.999994159 10.244852066
0.999999285 -0.000223433 0.001146929 0.200776309 0.000219579 0.999994338 0.003359434 -0.346146822 -0.001147674 -0.003359180 0.999993682 10.593409538
0.999998808 0.000640870 0.001401579 0.206565619 -0.000646257 0.999992430 0.003845989 -0.352687955 -0.001399103 -0.003846890 0.999991596 10.957866669
0.999997556 0.000857554 0.002037222 0.204638898 -0.000863901 0.999994814 0.003116771 -0.355488837 -0.002034539 -0.003118523 0.999993086 11.356952667
0.999998629 0.000588256 0.001565839 0.214329317 -0.000594448 0.999991953 0.003957035 -0.380126715 -0.001563499 -0.003957960 0.999990880 11.725252151
0.999998212 0.000183091 0.001861483 0.222522244 -0.000190373 0.999992371 0.003912929 -0.390289277 -0.001860753 -0.003913277 0.999990582 12.107370377
0.999998629 0.000676195 0.001479580 0.236199945 -0.000681714 0.999992788 0.003733111 -0.401284426 -0.001477045 -0.003734115 0.999991894 12.512413025
0.999999166 -0.000468919 0.001169873 0.254531562 0.000463924 0.999990821 0.004266095 -0.409466505 -0.001171863 -0.004265549 0.999990165 12.900100708
0.999997139 0.000944653 0.002184314 0.243010700 -0.000954111 0.999990106 0.004332773 -0.427996248 -0.002180200 -0.004334845 0.999988139 13.281435013
0.999997020 0.000540117 0.002381675 0.252189875 -0.000551160 0.999989092 0.004638415 -0.438292563 -0.002379144 -0.004639714 0.999986351 13.700346947
0.999996781 0.000829490 0.002443189 0.260232568 -0.000840209 0.999989986 0.004389171 -0.446700394 -0.002439525 -0.004391210 0.999987364 14.110291481
0.999996245 0.000402338 0.002710521 0.272048980 -0.000414065 0.999990523 0.004327278 -0.458352715 -0.002708754 -0.004328384 0.999986947 14.532001495
0.999994338 0.000345428 0.003346232 0.282359838 -0.000362118 0.999987543 0.004988210 -0.471383095 -0.003344467 -0.004989394 0.999981940 14.945688248
0.999994636 0.000890307 0.003124670 0.290626973 -0.000905172 0.999988258 0.004759085 -0.484479666 -0.003120397 -0.004761889 0.999983788 15.377330780
0.999993861 0.000944974 0.003359965 0.300011694 -0.000960114 0.999989331 0.004507124 -0.494258851 -0.003355670 -0.004510323 0.999984205 15.820498466
0.999991417 0.000428466 0.004118694 0.310662031 -0.000447834 0.999988794 0.004702740 -0.503385186 -0.004116633 -0.004704543 0.999980390 16.262704849
0.999992192 0.001044398 0.003808156 0.319108635 -0.001061548 0.999989271 0.004504413 -0.514499366 -0.003803411 -0.004508420 0.999982595 16.707553864
0.999992132 0.000756933 0.003879912 0.327733994 -0.000774721 0.999989212 0.004585003 -0.525244594 -0.003876399 -0.004587973 0.999981940 17.161014557
0.999989450 0.000169894 0.004577839 0.343010753 -0.000197307 0.999981999 0.005988332 -0.542178452 -0.004576739 -0.005989173 0.999971569 17.611259460
0.999987066 0.000534123 0.005051869 0.360283732 -0.000563393 0.999983013 0.005794281 -0.561471462 -0.005048688 -0.005797052 0.999970376 18.064065933
0.999986947 0.001023551 0.004991466 0.366963863 -0.001052921 0.999982119 0.005885028 -0.579517365 -0.004985353 -0.005890207 0.999970198 18.519744873
0.999987006 0.001012029 0.004986249 0.380006194 -0.001042229 0.999981046 0.006057813 -0.593132019 -0.004980024 -0.006062931 0.999969184 18.982311249
0.999987364 0.000319178 0.005005082 0.400430679 -0.000346605 0.999984920 0.005479910 -0.595801771 -0.005003256 -0.005481576 0.999972403 19.466117859
0.999987900 0.000611422 0.004880532 0.404154450 -0.000641954 0.999980152 0.006256691 -0.620764613 -0.004876609 -0.006259748 0.999968529 19.949644089
0.999987304 0.000628899 0.004998069 0.417523801 -0.000660032 0.999980390 0.006229808 -0.632626414 -0.004994053 -0.006233028 0.999968112 20.446285248
0.999987006 0.000660360 0.005050623 0.427699357 -0.000692449 0.999979556 0.006354451 -0.643750310 -0.005046323 -0.006357867 0.999967098 20.946582794
0.999989867 0.001092911 0.004360264 0.433647513 -0.001123250 0.999975145 0.006961639 -0.667779505 -0.004352548 -0.006966466 0.999966264 21.445949554
0.999992430 0.001224148 0.003701119 0.448616415 -0.001249930 0.999974966 0.006971874 -0.678843498 -0.003692491 -0.006976448 0.999968886 21.954013824
0.999987602 0.002340493 0.004383971 0.453658462 -0.002372468 0.999970496 0.007302498 -0.688359201 -0.004366750 -0.007312809 0.999963701 22.471218109
0.999993503 0.001854004 0.003080407 0.459147394 -0.001874651 0.999975622 0.006713776 -0.696712255 -0.003067884 -0.006719507 0.999972701 22.999963760
0.999994993 0.001627955 0.002708448 0.475100100 -0.001646611 0.999974787 0.006900292 -0.710833132 -0.002697146 -0.006904717 0.999972522 23.504156113
0.999998271 0.000503511 0.001779815 0.480791897 -0.000515069 0.999978721 0.006499456 -0.729059875 -0.001776505 -0.006500361 0.999977291 24.054054260
0.999998033 0.001419795 0.001340868 0.492457986 -0.001429023 0.999975145 0.006905911 -0.741031110 -0.001331030 -0.006907813 0.999975264 24.582118988
0.999996185 0.002611678 0.000837758 0.500776529 -0.002617416 0.999972701 0.006922436 -0.751037955 -0.000819656 -0.006924603 0.999975681 25.136268616
0.999996185 0.002721905 0.000522463 0.498531371 -0.002725518 0.999971449 0.007042677 -0.768312395 -0.000503279 -0.007044074 0.999975085 25.666101456
0.999996781 0.002446833 0.000767791 0.506986022 -0.002451683 0.999976635 0.006381326 -0.777364910 -0.000752159 -0.006383187 0.999979377 26.224601746
0.999994874 0.003143508 0.000620962 0.511175513 -0.003147840 0.999969840 0.007101921 -0.791488528 -0.000598618 -0.007103839 0.999974608 26.776773453
0.999997258 0.002244547 0.000600753 0.525942445 -0.002248834 0.999971271 0.007233698 -0.805484891 -0.000584499 -0.007235029 0.999973714 27.317386627
0.999997079 0.002050805 -0.001246147 0.537134051 -0.002041555 0.999970615 0.007379987 -0.826416016 0.001261245 -0.007377422 0.999971926 27.853723526
0.999996245 0.002035814 -0.001835567 0.548742652 -0.002020831 0.999964952 0.008128043 -0.844035149 0.001852049 -0.008124303 0.999965250 28.401971817
0.999997377 0.001625214 -0.001617094 0.556956708 -0.001612638 0.999968708 0.007747530 -0.853185833 0.001629635 -0.007744901 0.999968708 28.944805145
0.999996305 0.002176973 -0.001679839 0.559122086 -0.002163781 0.999967098 0.007815151 -0.860908926 0.001696797 -0.007811487 0.999968052 29.496654510
0.999993742 0.002475225 -0.002531096 0.568332016 -0.002453244 0.999959588 0.008650973 -0.886072636 0.002552407 -0.008644711 0.999959290 30.015350342
0.999993920 0.002793269 -0.002078012 0.579650044 -0.002773307 0.999950647 0.009547789 -0.905874312 0.002104579 -0.009541969 0.999952197 30.560848236
0.999991000 0.003142854 -0.002856507 0.584010363 -0.003117313 0.999955535 0.008902404 -0.916153908 0.002884359 -0.008893419 0.999956310 31.098613739
0.999989748 0.002992608 -0.003406060 0.595601797 -0.002961996 0.999955535 0.008957389 -0.921736777 0.003432714 -0.008947208 0.999954045 31.655893326
0.999989986 0.003233073 -0.003100875 0.603629768 -0.003204064 0.999951482 0.009314655 -0.943653226 0.003130840 -0.009304627 0.999951780 32.186985016
0.999991059 0.002487054 -0.003429969 0.614008725 -0.002456955 0.999958634 0.008751766 -0.948171973 0.003451594 -0.008743260 0.999955833 32.724105835
0.999988973 0.002808840 -0.003768383 0.614855051 -0.002770618 0.999945104 0.010109792 -0.976622164 0.003796573 -0.010099240 0.999941885 33.269332886
0.999988139 0.002746752 -0.004052570 0.619517088 -0.002709570 0.999954462 0.009152154 -0.980614245 0.004077524 -0.009141063 0.999949932 33.814990997
0.999989569 0.002988826 -0.003462330 0.615093470 -0.002952953 0.999942362 0.010320145 -1.005573392 0.003492975 -0.010309813 0.999940813 34.347480774
0.999983311 0.003571277 -0.004553487 0.633877933 -0.003531307 0.999955416 0.008755977 -0.995685458 0.004584554 -0.008739751 0.999951303 34.909698486
0.999985516 0.003051068 -0.004425240 0.642127991 -0.003007936 0.999948144 0.009721084 -1.018216610 0.004454670 -0.009707632 0.999942958 35.440261841
0.999984384 0.002870130 -0.004796661 0.652774334 -0.002821797 0.999945462 0.010053084 -1.031959891 0.004825253 -0.010039392 0.999938011 35.997364044
0.999985516 0.002861662 -0.004562298 0.662359953 -0.002822008 0.999958336 0.008674675 -1.028837085 0.004586932 -0.008661675 0.999951959 36.568359375
0.999985278 0.002654049 -0.004728304 0.660467625 -0.002605445 0.999944150 0.010255864 -1.057624817 0.004755259 -0.010243395 0.999936223 37.031261444
0.999984860 0.002932545 -0.004625058 0.670018315 -0.002888119 0.999950051 0.009582959 -1.060426831 0.004652929 -0.009569460 0.999943376 37.587722778
0.999985635 0.003101655 -0.004358232 0.671514332 -0.003057188 0.999943614 0.010172660 -1.079560757 0.004389538 -0.010159192 0.999938786 38.136978149
0.999981403 0.002599405 -0.005504546 0.682069540 -0.002541012 0.999940693 0.010588828 -1.096651793 0.005531744 -0.010574644 0.999928772 38.669059753
0.999980390 0.002633929 -0.005683241 0.688129127 -0.002574836 0.999942720 0.010380100 -1.108046174 0.005710256 -0.010365263 0.999930024 39.203769684
0.999981880 0.002612299 -0.005411217 0.691772342 -0.002554321 0.999939501 0.010693828 -1.115858197 0.005438825 -0.010679812 0.999928176 39.741634369
0.999978960 0.002479574 -0.005983366 0.712244868 -0.002413773 0.999936759 0.010979437 -1.133103371 0.006010212 -0.010964763 0.999921799 40.283077240
0.999980271 0.002007914 -0.005956298 0.725430727 -0.001942931 0.999938667 0.010895723 -1.141079664 0.005977810 -0.010883935 0.999922872 40.833637238
0.999977827 0.002585529 -0.006133365 0.723336220 -0.002520921 0.999941587 0.010518451 -1.137166023 0.006160202 -0.010502756 0.999925852 41.361030579
0.999977469 0.002663895 -0.006162900 0.726508856 -0.002594630 0.999933660 0.011220044 -1.166074514 0.006192380 -0.011203800 0.999918044 41.890239716
0.999976277 0.003008997 -0.006197026 0.731820524 -0.002943286 0.999939620 0.010585405 -1.170392752 0.006228503 -0.010566914 0.999924719 42.439559937
0.999977529 0.002593510 -0.006183401 0.742695153 -0.002525292 0.999936163 0.011014882 -1.177989841 0.006211572 -0.010999019 0.999920249 42.986682892
0.999973953 0.003196516 -0.006460403 0.745740294 -0.003120639 0.999926388 0.011721021 -1.203208685 0.006497393 -0.011700556 0.999910355 43.523395538
0.999976635 0.002550604 -0.006340539 0.750519454 -0.002477294 0.999930322 0.011543172 -1.211892605 0.006369539 -0.011527195 0.999913275 44.063133240
0.999976635 0.003213787 -0.006019277 0.746554196 -0.003144037 0.999928236 0.011561393 -1.216451645 0.006056000 -0.011542198 0.999915063 44.599491119
0.999979198 0.002717558 -0.005843330 0.757084489 -0.002652080 0.999933958 0.011184352 -1.218325496 0.005873338 -0.011168622 0.999920428 45.141029358
0.999978185 0.002189466 -0.006235190 0.771435916 -0.002118269 0.999932885 0.011402505 -1.232293129 0.006259736 -0.011389048 0.999915540 45.694999695
0.999978304 0.001167472 -0.006498683 0.786933422 -0.001092008 0.999932110 0.011603662 -1.245472431 0.006511789 -0.011596311 0.999911547 46.237571716
0.999976039 0.002080294 -0.006603560 0.789608836 -0.002002233 0.999928296 0.011805648 -1.249924660 0.006627646 -0.011792143 0.999908507 46.763610840
0.999973714 0.002410057 -0.006848461 0.796121299 -0.002326380 0.999922872 0.012200276 -1.260560036 0.006877337 -0.012184023 0.999902129 47.292026520
0.999975026 0.002319561 -0.006665337 0.794769168 -0.002242830 0.999931395 0.011496660 -1.267900586 0.006691546 -0.011481426 0.999911666 47.847751617
0.999973893 0.001678338 -0.007031595 0.814315975 -0.001596236 0.999930680 0.011665534 -1.274374485 0.007050686 -0.011654005 0.999907255 48.391704559
0.999970615 0.001198999 -0.007571263 0.821059883 -0.001112036 0.999933481 0.011479671 -1.286968231 0.007584523 -0.011470916 0.999905467 48.936393738
0.999970198 0.001949957 -0.007469231 0.836630821 -0.001862225 0.999929428 0.011734800 -1.296100259 0.007491586 -0.011720541 0.999903262 49.465724945
0.999974310 0.001668310 -0.006972948 0.830308318 -0.001583699 0.999925256 0.012122079 -1.309601903 0.006992650 -0.012110724 0.999902189 50.031272888
0.999974489 0.001400003 -0.007004669 0.839648068 -0.001315961 0.999927282 0.011988289 -1.318708420 0.007020944 -0.011978767 0.999903560 50.573917389
0.999975145 0.001617510 -0.006860407 0.840032578 -0.001536880 0.999929905 0.011741917 -1.325734854 0.006878918 -0.011731081 0.999907553 51.126575470
0.999975026 0.001291113 -0.006959532 0.847042739 -0.001211585 0.999934137 0.011419376 -1.333542109 0.006973817 -0.011410658 0.999910533 51.672912598
0.999975324 0.001461243 -0.006859049 0.849669576 -0.001388731 0.999943197 0.010564511 -1.336859226 0.006874097 -0.010554725 0.999920666 52.223751068
0.999974489 0.001138096 -0.007049650 0.865758479 -0.001057899 0.999934793 0.011369393 -1.352351189 0.007062131 -0.011361646 0.999910533 52.758388519
0.999975443 0.000637668 -0.006978671 0.875245452 -0.000555745 0.999930978 0.011734825 -1.364374876 0.006985672 -0.011730658 0.999906838 53.306442261
0.999978662 0.001358353 -0.006395495 0.869817257 -0.001289720 0.999941647 0.010723561 -1.368377209 0.006409688 -0.010715082 0.999922097 53.848228455
0.999976635 0.001189948 -0.006728686 0.875625849 -0.001111871 0.999932110 0.011595456 -1.388171315 0.006742028 -0.011587704 0.999910057 54.363864899
0.999977291 0.001367521 -0.006596172 0.882301450 -0.001290848 0.999931693 0.011614206 -1.401387691 0.006611605 -0.011605428 0.999910712 54.909301758
0.999974370 0.000972251 -0.007082530 0.892101407 -0.000891142 0.999934018 0.011446208 -1.402189016 0.007093191 -0.011439603 0.999909401 55.443916321
0.999973714 0.000883059 -0.007185318 0.895057321 -0.000802305 0.999936521 0.011233892 -1.407171249 0.007194783 -0.011227833 0.999911010 55.984397888
0.999970317 0.000856277 -0.007653724 0.912142873 -0.000770969 0.999937594 0.011142015 -1.418934345 0.007662788 -0.011135784 0.999908626 56.527519226
0.999975502 0.001582422 -0.006813019 0.919086933 -0.001503314 0.999931574 0.011601019 -1.433133364 0.006830909 -0.011590493 0.999909461 57.062114716
0.999973357 0.000862252 -0.007252438 0.928829074 -0.000780579 0.999936342 0.011256758 -1.444060564 0.007261683 -0.011250796 0.999910355 57.609462738
0.999973178 0.001312891 -0.007204764 0.935420990 -0.001236422 0.999943018 0.010607922 -1.440778017 0.007218279 -0.010598730 0.999917805 58.161811829
0.999974549 0.001444391 -0.006984878 0.937274456 -0.001364624 0.999933958 0.011411274 -1.458597183 0.007000898 -0.011401451 0.999910474 58.670864105
0.999973476 0.001134634 -0.007196806 0.947330952 -0.001057519 0.999942064 0.010709942 -1.463053703 0.007208542 -0.010702047 0.999916673 59.213432312
0.999975979 0.001499854 -0.006771968 0.951542735 -0.001425407 0.999938667 0.010984868 -1.473694086 0.006788029 -0.010974951 0.999916732 59.779373169
0.999974072 0.001510110 -0.007040801 0.939908981 -0.001434117 0.999940753 0.010785852 -1.478495359 0.007056671 -0.010775475 0.999916971 60.297630310
0.999969959 0.002484883 -0.007343228 0.954759002 -0.002402353 0.999934018 0.011226457 -1.492141724 0.007370640 -0.011208476 0.999910057 60.846073151
0.999969125 0.001896413 -0.007625900 0.968764901 -0.001806717 0.999929368 0.011751813 -1.507772446 0.007647647 -0.011737674 0.999901831 61.395442963
0.999971271 0.001930310 -0.007320035 0.971337438 -0.001853402 0.999943197 0.010498845 -1.504205465 0.007339885 -0.010484978 0.999918044 61.900714874
0.999978065 0.002596746 -0.006082982 0.965581238 -0.002532014 0.999940336 0.010625192 -1.512440324 0.006110209 -0.010609556 0.999925077 62.452018738
0.999971628 0.002358105 -0.007145388 0.981280148 -0.002279777 0.999937475 0.010950396 -1.525927544 0.007170763 -0.010933795 0.999914527 63.002601624
0.999974549 0.002334011 -0.006736171 0.977185726 -0.002258023 0.999933958 0.011266162 -1.549662590 0.006762023 -0.011250665 0.999913812 63.544536591
0.999976635 0.002413117 -0.006402667 0.985628664 -0.002343857 0.999938905 0.010802786 -1.551494837 0.006428343 -0.010787525 0.999921143 64.104057312
0.999974310 0.002353820 -0.006771780 0.990524828 -0.002277704 0.999934375 0.011225995 -1.561954260 0.006797759 -0.011210283 0.999913990 64.607833862
0.999971211 0.002068561 -0.007306629 1.004522562 -0.001984645 0.999932289 0.011473550 -1.578014970 0.007329868 -0.011458719 0.999907434 65.156036377
0.999974549 0.002141113 -0.006820662 1.006967306 -0.002066543 0.999938250 0.010921390 -1.575880051 0.006843626 -0.010907015 0.999917090 65.711463928
0.999977291 0.001727048 -0.006511402 1.006594419 -0.001655862 0.999938965 0.010922257 -1.578997493 0.006529868 -0.010911227 0.999919116 66.272941589
0.999972999 0.002669622 -0.006837306 1.019229054 -0.002592644 0.999933422 0.011242924 -1.598396063 0.006866866 -0.011224896 0.999913394 66.772445679
0.999972999 0.002321129 -0.006974574 1.023389816 -0.002238234 0.999927044 0.011869743 -1.611833692 0.007001616 -0.011853811 0.999905169 67.321517944
0.999972284 0.002704036 -0.006932712 1.032482266 -0.002625804 0.999933064 0.011268991 -1.622663260 0.006962720 -0.011250474 0.999912441 67.854476929
0.999971390 0.003135248 -0.006888076 1.031727076 -0.003053451 0.999925077 0.011853759 -1.633778572 0.006924724 -0.011832386 0.999906003 68.407585144
0.999969542 0.003221767 -0.007097842 1.045090437 -0.003144593 0.999936104 0.010857430 -1.633703351 0.007132369 -0.010834781 0.999915779 68.926101685
0.999969423 0.004383879 -0.006455354 1.042867541 -0.004312199 0.999929368 0.011076313 -1.641850233 0.006503456 -0.011048138 0.999917805 69.472900391
0.999975502 0.002818161 -0.006408142 1.045086265 -0.002746324 0.999933600 0.011191654 -1.658525229 0.006439256 -0.011173782 0.999916792 70.009956360
0.999969304 0.002902282 -0.007279195 1.062202573 -0.002823275 0.999937236 0.010840815 -1.662095189 0.007310202 -0.010819932 0.999914706 70.550888062
0.999970794 0.003190174 -0.006946791 1.062730789 -0.003111080 0.999930561 0.011366813 -1.676383853 0.006982572 -0.011344868 0.999911308 71.102973938
0.999968410 0.003610002 -0.007070315 1.075147390 -0.003530601 0.999930918 0.011210699 -1.685024500 0.007110297 -0.011185383 0.999912083 71.626243591
0.999965489 0.003481314 -0.007537723 1.086265683 -0.003401071 0.999937594 0.010632330 -1.693422079 0.007574268 -0.010606324 0.999915004 72.167137146
0.999965250 0.003867157 -0.007376043 1.091219902 -0.003786957 0.999933839 0.010856258 -1.709059477 0.007417538 -0.010827947 0.999913871 72.697006226
0.999967635 0.002722925 -0.007560317 1.096144557 -0.002646921 0.999946117 0.010045004 -1.707721949 0.007587261 -0.010024670 0.999920964 73.241683960
0.999970138 0.002406782 -0.007340625 1.105446815 -0.002328699 0.999940813 0.010627189 -1.718144655 0.007365767 -0.010609779 0.999916553 73.764122009
0.999967515 0.002373410 -0.007701840 1.118313789 -0.002287665 0.999935448 0.011122879 -1.728155017 0.007727743 -0.011104897 0.999908507 74.296340942
0.999967635 0.002515045 -0.007638865 1.123677611 -0.002428398 0.999932826 0.011331256 -1.739988089 0.007666850 -0.011312339 0.999906659 74.846870422
0.999968112 0.002299421 -0.007648143 1.130997896 -0.002212496 0.999933064 0.011354291 -1.755620003 0.007673739 -0.011337007 0.999906301 75.375106812
0.999968231 0.002474745 -0.007579668 1.135099888 -0.002389648 0.999934196 0.011215445 -1.764473915 0.007606925 -0.011196976 0.999908388 75.923866272
0.999966323 0.001988534 -0.007970553 1.147050142 -0.001901471 0.999938548 0.010915871 -1.769913197 0.007991770 -0.010900346 0.999908686 76.465187073
0.999968767 0.001904925 -0.007674338 1.158115983 -0.001822906 0.999941289 0.010680135 -1.772176743 0.007694233 -0.010665812 0.999913514 77.004081726
0.999968171 0.002715199 -0.007500099 1.154893875 -0.002628659 0.999930143 0.011524469 -1.789534330 0.007530866 -0.011504387 0.999905407 77.528953552
0.999967098 0.001778871 -0.007928042 1.168648481 -0.001692904 0.999939799 0.010836929 -1.795755148 0.007946843 -0.010823148 0.999909878 78.076370239
0.999967694 0.001288149 -0.007931820 1.181765318 -0.001201400 0.999939561 0.010931942 -1.807036757 0.007945422 -0.010922059 0.999908805 78.630249023
0.999965727 0.001616044 -0.008123099 1.183522224 -0.001532107 0.999945521 0.010328723 -1.806852937 0.008139348 -0.010315924 0.999913633 79.180023193
0.999969959 0.001996699 -0.007492083 1.189306140 -0.001916413 0.999940813 0.010707892 -1.822703958 0.007513020 -0.010693213 0.999914587 79.682853699
0.999975204 0.001681824 -0.006840695 1.202029943 -0.001607866 0.999940336 0.010802500 -1.830023170 0.006858455 -0.010791233 0.999918222 80.227973938
0.999978185 0.002606279 -0.006074604 1.209758759 -0.002540086 0.999937594 0.010879148 -1.841514945 0.006102579 -0.010863480 0.999922335 80.776626587
0.999987781 0.002144283 -0.004454141 1.217331290 -0.002096894 0.999941468 0.010616898 -1.849053383 0.004476644 -0.010607428 0.999933720 81.305870056
0.999994218 0.001569663 -0.003048748 1.229751825 -0.001537469 0.999943316 0.010533676 -1.857061744 0.003065110 -0.010528926 0.999939919 81.854194641
0.999996960 0.002379974 0.000566870 1.239497662 -0.002385771 0.999942482 0.010457401 -1.868853569 -0.000541949 -0.010458722 0.999945164 82.387725830
0.999989986 0.001977822 0.004010218 1.257786512 -0.002020657 0.999940693 0.010705720 -1.872522354 -0.003988806 -0.010713715 0.999934673 82.935516357
0.999975681 0.001615005 0.006783003 1.277385950 -0.001687837 0.999940813 0.010745415 -1.888051510 -0.006765248 -0.010756604 0.999919176 83.461441040
0.999925375 0.001823836 0.012077577 1.298930764 -0.001953183 0.999940693 0.010706470 -1.900307894 -0.012057336 -0.010729261 0.999869704 84.009971619
0.999836981 0.002495538 0.017882342 1.319902539 -0.002688878 0.999938071 0.010795969 -1.906195641 -0.017854292 -0.010842291 0.999781787 84.538703918
0.999729395 0.001920889 0.023181176 1.352771282 -0.002190196 0.999930322 0.011597679 -1.926877379 -0.023157282 -0.011645312 0.999664009 85.082221985
0.999585330 0.001969265 0.028728331 1.384121895 -0.002281871 0.999938428 0.010852774 -1.928511977 -0.028705187 -0.010913826 0.999528348 85.623924255
0.999309540 0.002264940 0.037084926 1.415649772 -0.002667709 0.999937892 0.010814860 -1.935568571 -0.037058137 -0.010906327 0.999253511 86.168083191
0.998961508 0.002496142 0.045495205 1.460661888 -0.002994017 0.999936342 0.010878601 -1.947747946 -0.045465164 -0.011003518 0.998905241 86.727973938
0.998646855 0.002116933 0.051961668 1.508281469 -0.002693276 0.999935627 0.011024187 -1.958880901 -0.051934987 -0.011149217 0.998588204 87.262420654
0.998146057 0.002354533 0.060819428 1.556192875 -0.003007441 0.999938846 0.010645890 -1.962383747 -0.060790651 -0.010809063 0.998092055 87.811981201
0.997463644 0.001914556 0.071151718 1.615437508 -0.002694264 0.999937296 0.010864018 -1.973246455 -0.071126446 -0.011028166 0.997406363 88.337905884
0.996804535 0.001408244 0.079867646 1.670388222 -0.002237412 0.999944508 0.010293234 -1.972890735 -0.079848714 -0.010439038 0.996752381 88.896163940
0.996151209 0.001376126 0.087639816 1.729773045 -0.002313486 0.999941111 0.010594925 -1.991048813 -0.087620087 -0.010756901 0.996095896 89.443054199
0.995129168 0.001419169 0.098569140 1.803698063 -0.002504908 0.999937475 0.010892114 -1.999168992 -0.098547503 -0.011085967 0.995070636 89.990539551
0.994028628 0.001458480 0.109109774 1.880977631 -0.002675698 0.999935806 0.011010327 -2.013144970 -0.109086715 -0.011236523 0.993968725 90.527587891
0.993033171 0.000440429 0.117834039 1.966244698 -0.001681357 0.999944210 0.010431952 -2.016938925 -0.117822863 -0.010557394 0.992978513 91.069145203
0.991676092 0.000408393 0.128757536 2.059430122 -0.001871648 0.999934971 0.011243628 -2.025062323 -0.128744587 -0.011391026 0.991612315 91.607872009
0.989959002 0.000863701 0.141352147 2.152477264 -0.002397433 0.999940217 0.010680498 -2.030524969 -0.141334489 -0.010912136 0.989901781 92.162902832
0.988234878 0.001428805 0.152937606 2.247712135 -0.003192309 0.999931216 0.011285940 -2.048828840 -0.152910963 -0.011641382 0.988171518 92.719665527
0.986738503 0.000038804 0.162317783 2.368616104 -0.001732267 0.999945641 0.010291493 -2.048379421 -0.162308544 -0.010436190 0.986684859 93.243362427
0.984450758 0.000397721 0.175660238 2.461785316 -0.002332475 0.999938786 0.010807851 -2.056751251 -0.175645202 -0.011049519 0.984391510 93.766738892
0.982135117 0.000287911 0.188176706 2.586228371 -0.002401505 0.999936521 0.011004075 -2.065816879 -0.188161582 -0.011259394 0.982073605 94.308273315
0.980132937 -0.000188747 0.198341459 2.713207245 -0.002140440 0.999931157 0.011528852 -2.074228764 -0.198329970 -0.011724344 0.980065227 94.853546143
0.977375686 -0.000479077 0.211510196 2.839179993 -0.001825336 0.999941111 0.010699663 -2.075958014 -0.211502880 -0.010843668 0.977317154 95.365509033
0.974300385 -0.000479611 0.225252688 2.981311798 -0.002054652 0.999937236 0.011016198 -2.085728407 -0.225243852 -0.011195900 0.974238098 95.900070190
0.971816719 -0.000283008 0.235737368 3.129058838 -0.002427729 0.999934196 0.011208647 -2.098196983 -0.235725015 -0.011465056 0.971752226 96.399368286
0.969052911 -0.001532458 0.246848449 3.294485092 -0.001115584 0.999943376 0.010587192 -2.102344751 -0.246850669 -0.010534929 0.968996286 96.895950317
0.965074241 -0.000116907 0.261976480 3.430475235 -0.003000551 0.999929368 0.011499706 -2.130647182 -0.261959314 -0.011884144 0.965005755 97.448287964
0.961738467 -0.000450810 0.273968607 3.611759186 -0.002641558 0.999936879 0.010918295 -2.132420063 -0.273956239 -0.011224248 0.961676776 97.989982605
0.958448529 -0.001276330 0.285262734 3.785903931 -0.001943084 0.999937594 0.011002474 -2.142299891 -0.285258949 -0.011099595 0.958386242 98.509521484
0.954141974 -0.001535858 0.299350530 3.957731247 -0.001910972 0.999935150 0.011221284 -2.146322250 -0.299348444 -0.011278748 0.954077184 99.032646179
0.949753642 -0.001758817 0.312993705 4.148574829 -0.001912077 0.999932885 0.011421002 -2.160486460 -0.312992752 -0.011445605 0.949686527 99.524246216
0.945953250 -0.002664933 0.324292243 4.342397690 -0.000985718 0.999938011 0.011092494 -2.155968189 -0.324301749 -0.010812641 0.945891798 100.042343140
0.941419601 -0.003232994 0.337221861 4.557027817 -0.000389108 0.999942899 0.010672863 -2.168493986 -0.337237209 -0.010178857 0.941364646 100.552719116
0.936284781 -0.003234083 0.351226956 4.780838013 -0.000255872 0.999951065 0.009889599 -2.162976265 -0.351241708 -0.009349350 0.936238110 101.104461670
0.931624293 -0.002406681 0.363415003 4.997652054 -0.001530234 0.999943197 0.010544825 -2.176169395 -0.363419771 -0.010379924 0.931567609 101.613525391
0.926954925 -0.003081867 0.375160128 5.207223892 -0.001075583 0.999940395 0.010871889 -2.189805508 -0.375171304 -0.010481266 0.926896214 102.108070374
0.921304166 -0.004562838 0.388816059 5.461334229 0.000644585 0.999947727 0.010207245 -2.193125010 -0.388842285 -0.009153351 0.921258926 102.620071411
0.915289283 -0.004240945 0.402774781 5.688758850 0.000147685 0.999948025 0.010193164 -2.195751667 -0.402797073 -0.009270211 0.915242374 103.112396240
0.910332561 -0.005624742 0.413839340 5.940296173 0.001646559 0.999948978 0.009968937 -2.206710577 -0.413874328 -0.008393639 0.910295308 103.593414307
0.904025197 -0.005429972 0.427444577 6.210880280 0.001469206 0.999952912 0.009595436 -2.208274364 -0.427476466 -0.008046512 0.903990686 104.113662720
0.897605717 -0.005417026 0.440765768 6.460674286 0.000685992 0.999940455 0.010892301 -2.236181259 -0.440798491 -0.009474630 0.897556067 104.588424683
0.891809583 -0.006771232 0.452360243 6.734321594 0.002176003 0.999940574 0.010677882 -2.246803284 -0.452405691 -0.008538299 0.891771436 105.068191528
0.886293828 -0.006965466 0.463070869 7.008846283 0.002185159 0.999938667 0.010858695 -2.248630047 -0.463118136 -0.008612111 0.886254609 105.538841248
0.878869414 -0.006398723 0.477019399 7.270179749 0.001168214 0.999935865 0.011260769 -2.265119076 -0.477060825 -0.009339483 0.878820598 106.004455566
0.871837795 -0.006801151 0.489747405 7.551776886 0.001655195 0.999938786 0.010939666 -2.267380238 -0.489791781 -0.008726987 0.871795654 106.482650757
0.865939736 -0.006967977 0.500099897 7.835498810 0.001615918 0.999936700 0.011134271 -2.279054403 -0.500145853 -0.008833487 0.865896046 106.936721802
