1.000000000 0.000000000 0.000000000 0.000000000 0.000000000 1.000000000 0.000000000 0.000000000 0.000000000 0.000000000 1.000000000 0.000000000
1.000000000 0.000071499 -0.000030676 0.000298568 -0.000071498 1.000000000 0.000020721 0.000494070 0.000030678 -0.000020719 1.000000000 0.002213747
1.000000000 0.000022729 -0.000047764 0.000804775 -0.000022726 1.000000000 0.000059991 -0.001178454 0.000047765 -0.000059990 1.000000000 0.000866604
1.000000000 -0.000032889 -0.000037746 0.000543780 0.000032888 1.000000000 -0.000038048 0.000459985 0.000037747 0.000038047 1.000000000 -0.001530727
1.000000000 -0.000156567 -0.000118747 0.001381895 0.000156574 1.000000000 0.000062278 -0.000649997 0.000118737 -0.000062296 1.000000000 0.000326634
1.000000000 -0.000149082 -0.000122740 -0.000441356 0.000149088 1.000000000 0.000046103 0.000139037 0.000122734 -0.000046122 1.000000000 -0.000505013
1.000000000 -0.000121092 -0.000053232 0.000679952 0.000121096 1.000000000 0.000061337 -0.000781300 0.000053224 -0.000061344 1.000000000 0.001288721
1.000000000 -0.000148997 -0.000056112 -0.000023042 0.000149002 1.000000000 0.000080780 -0.000793747 0.000056100 -0.000080789 1.000000000 -0.000379690
1.000000000 -0.000035088 -0.000090822 0.000581703 0.000035094 1.000000000 0.000066829 -0.000025925 0.000090820 -0.000066832 1.000000000 -0.001833134
1.000000000 -0.000033366 -0.000011849 -0.000398076 0.000033367 1.000000000 0.000042296 0.000661913 0.000011848 -0.000042297 1.000000000 0.002711057
1.000000000 -0.000052379 -0.000070792 0.000879897 0.000052380 1.000000000 0.000011152 0.000627266 0.000070792 -0.000011156 1.000000000 -0.000224770
1.000000000 -0.000105310 -0.000122530 0.001015451 0.000105315 1.000000000 0.000046846 0.000169806 0.000122525 -0.000046858 1.000000000 -0.000327015
1.000000000 -0.000103230 -0.000055640 -0.000019883 0.000103228 1.000000000 -0.000029593 0.001735837 0.000055643 0.000029587 1.000000000 0.002540087
0.999999940 -0.000224351 -0.000132577 0.001048723 0.000224364 0.999999940 0.000099077 0.000139650 0.000132555 -0.000099107 1.000000000 -0.001546903
1.000000000 -0.000122693 -0.000146075 0.001161507 0.000122701 1.000000000 0.000053498 -0.000577125 0.000146069 -0.000053516 1.000000000 -0.002277773
1.000000000 -0.000161129 -0.000174225 0.003227190 0.000161153 1.000000000 0.000138153 -0.000847995 0.000174203 -0.000138181 1.000000000 -0.004852182
1.000000000 -0.000110221 -0.000059415 0.001336770 0.000110225 1.000000000 0.000075129 -0.000287721 0.000059406 -0.000075136 1.000000000 -0.002962361
1.000000000 -0.000058642 -0.000079391 0.001697898 0.000058645 1.000000000 0.000037816 -0.000076784 0.000079389 -0.000037821 1.000000000 -0.000564282
1.000000000 -0.000015283 -0.000116409 0.001554952 0.000015299 1.000000000 0.000133114 -0.000785294 0.000116407 -0.000133116 1.000000000 -0.003137894
0.999999940 -0.000226178 -0.000140700 0.001554030 0.000226188 1.000000000 0.000076342 -0.000262790 0.000140683 -0.000076374 1.000000000 -0.003310521
1.000000000 -0.000193088 -0.000115378 0.001198412 0.000193099 1.000000000 0.000090310 0.000349685 0.000115360 -0.000090332 1.000000000 0.000970274
1.000000000 -0.000191621 -0.000102540 0.000033975 0.000191631 1.000000000 0.000104299 -0.001572101 0.000102520 -0.000104319 1.000000000 -0.003075440
1.000000000 -0.000067897 -0.000164081 0.003594698 0.000067917 1.000000000 0.000121328 -0.000905530 0.000164072 -0.000121339 1.000000000 -0.002625351
1.000000000 -0.000073913 -0.000138178 0.002951689 0.000073926 1.000000000 0.000087952 -0.001030362 0.000138172 -0.000087962 1.000000000 -0.001173958
0.999999940 -0.000199702 -0.000183447 0.002975259 0.000199726 1.000000000 0.000129158 -0.001163992 0.000183421 -0.000129195 1.000000000 -0.005023464
0.999999940 -0.000207069 -0.000198732 0.002760322 0.000207087 1.000000000 0.000088266 0.000293652 0.000198714 -0.000088307 1.000000000 -0.001468345
1.000000000 -0.000169637 -0.000147582 0.003182639 0.000169649 1.000000000 0.000082643 0.000429240 0.000147568 -0.000082669 1.000000000 -0.002633410
0.999999940 -0.000233056 -0.000167122 0.003422648 0.000233073 0.999999940 0.000102272 -0.000684775 0.000167099 -0.000102310 1.000000000 -0.003897943
1.000000000 -0.000210598 -0.000107841 0.000246009 0.000210605 1.000000000 0.000070125 -0.000869493 0.000107826 -0.000070148 1.000000000 -0.002836567
1.000000000 -0.000095951 -0.000210235 0.003017964 0.000095984 1.000000000 0.000155193 -0.000758793 0.000210220 -0.000155213 0.999999940 -0.003129540
0.999999940 -0.000228418 -0.000203593 0.004267497 0.000228441 0.999999940 0.000114159 -0.000955223 0.000203567 -0.000114205 1.000000000 -0.003210776
0.999999940 -0.000171332 -0.000217321 0.003567527 0.000171359 1.000000000 0.000121770 -0.000737712 0.000217300 -0.000121807 0.999999940 -0.002876418
1.000000000 -0.000178790 -0.000158107 0.002631503 0.000178806 1.000000000 0.000104829 -0.000450435 0.000158088 -0.000104857 1.000000000 -0.004979112
1.000000000 -0.000097868 -0.000146056 0.002834751 0.000097878 1.000000000 0.000064288 -0.001096263 0.000146050 -0.000064302 1.000000000 -0.003059760
1.000000000 -0.000118120 -0.000143558 0.002570310 0.000118132 1.000000000 0.000087662 -0.000603138 0.000143548 -0.000087679 1.000000000 -0.001479491
0.999999940 -0.000203052 -0.000162325 0.002213405 0.000203077 0.999999940 0.000150706 -0.001694806 0.000162295 -0.000150739 1.000000000 -0.005165858
0.999999940 -0.000198254 -0.000224483 0.003268976 0.000198274 1.000000000 0.000089631 0.000181605 0.000224465 -0.000089675 1.000000000 -0.002609920
0.999999940 -0.000197294 -0.000195789 0.003962020 0.000197323 0.999999940 0.000144209 0.000316592 0.000195761 -0.000144248 1.000000000 -0.004229307
1.000000000 -0.000165340 -0.000126614 0.001081676 0.000165352 1.000000000 0.000094168 -0.000268859 0.000126599 -0.000094189 1.000000000 -0.003262914
1.000000000 -0.000130257 -0.000185142 0.002348326 0.000130287 1.000000000 0.000161795 -0.001061582 0.000185120 -0.000161819 0.999999940 -0.004148907
0.999999940 -0.000163839 -0.000208851 0.005164825 0.000163855 1.000000000 0.000076066 -0.001791396 0.000208838 -0.000076100 1.000000000 -0.001508875
1.000000000 -0.000220342 -0.000006797 0.001066364 0.000220338 0.999999821 -0.000538082 -0.002455797 0.000006915 0.000538080 0.999999881 0.050520312
1.000000000 -0.000017034 -0.000147262 0.003263946 0.000016870 0.999999404 -0.001111408 -0.004138996 0.000147281 0.001111406 0.999999344 0.141597152
1.000000000 -0.000117986 -0.000075903 0.004033449 0.000117875 0.999998927 -0.001469692 -0.007811964 0.000076076 0.001469683 0.999998927 0.258837730
1.000000000 -0.000071385 -0.000026212 0.006338223 0.000071348 0.999999046 -0.001377524 -0.011347195 0.000026310 0.001377522 0.999999046 0.393415630
1.000000000 -0.000045124 -0.000153688 0.010048022 0.000044948 0.999999344 -0.001146751 -0.018906804 0.000153740 0.001146744 0.999999344 0.528622806
1.000000000 0.000047815 -0.000078700 0.012179038 -0.000047903 0.999999344 -0.001120047 -0.021072980 0.000078646 0.001120051 0.999999344 0.686364174
1.000000000 0.000004367 0.000082723 0.015849527 -0.000004291 0.999999583 -0.000917822 -0.024295341 -0.000082726 0.000917822 0.999999583 0.846800148
0.999999940 0.000345644 0.000239192 0.010990194 -0.000345458 0.999999642 -0.000779218 -0.025699047 -0.000239461 0.000779135 0.999999642 1.028152108
1.000000000 0.000097161 -0.000191805 0.025932219 -0.000097272 0.999999821 -0.000578014 -0.037309419 0.000191749 0.000578032 0.999999821 1.188052893
1.000000000 0.000024605 -0.000040156 0.028548855 -0.000024615 0.999999940 -0.000268533 -0.041727077 0.000040150 0.000268534 0.999999940 1.365718246
1.000000000 0.000189743 -0.000110863 0.030490410 -0.000189777 0.999999940 -0.000307062 -0.049209651 0.000110805 0.000307083 0.999999940 1.573696256
0.999999881 -0.000382516 -0.000276609 0.037854213 0.000382391 0.999999821 -0.000450893 -0.070254259 0.000276781 0.000450787 0.999999881 1.754746914
0.999999702 -0.000585854 -0.000550397 0.045821693 0.000585768 0.999999821 -0.000156342 -0.075058252 0.000550489 0.000156019 0.999999881 1.961775184
0.999999940 -0.000129557 -0.000284155 0.040503271 0.000129464 0.999999881 -0.000327755 -0.077741057 0.000284198 0.000327718 0.999999881 2.177190781
0.999999464 -0.000629252 -0.000814772 0.053635061 0.000629251 0.999999762 -0.000001691 -0.089096569 0.000814773 0.000001179 0.999999702 2.381140471
0.999999881 -0.000380226 -0.000359872 0.063434176 0.000380355 0.999999881 0.000359210 -0.106273659 0.000359735 -0.000359347 0.999999881 2.593579531
1.000000000 -0.000240294 -0.000169315 0.063305989 0.000240353 0.999999940 0.000350838 -0.112212114 0.000169230 -0.000350879 0.999999940 2.828490019
1.000000000 -0.000314955 -0.000107595 0.066642985 0.000315001 0.999999881 0.000431597 -0.116523735 0.000107459 -0.000431631 0.999999940 3.065142155
1.000000000 -0.000243978 -0.000109798 0.069659315 0.000244019 0.999999940 0.000370391 -0.123959124 0.000109708 -0.000370418 0.999999940 3.309329271
0.999999881 -0.000439631 -0.000114831 0.073329143 0.000439707 0.999999702 0.000657994 -0.133824855 0.000114542 -0.000658044 0.999999821 3.541640043
0.999999881 -0.000388887 -0.000202729 0.083918475 0.000389039 0.999999642 0.000749379 -0.145954549 0.000202437 -0.000749458 0.999999702 3.781057835
0.999999881 -0.000390651 -0.000058505 0.089822121 0.000390696 0.999999642 0.000767261 -0.150543407 0.000058205 -0.000767283 0.999999702 4.044531822
1.000000000 -0.000097076 0.000136231 0.091007814 0.000096915 0.999999285 0.001178039 -0.159717247 -0.000136345 -0.001178025 0.999999285 4.295592308
1.000000000 -0.000259329 0.000057487 0.097241290 0.000259250 0.999998987 0.001368571 -0.168299064 -0.000057842 -0.001368556 0.999999046 4.551772594
0.999999940 -0.000283174 0.000296148 0.100942135 0.000282757 0.999998927 0.001406660 -0.174692929 -0.000296546 -0.001406576 0.999998927 4.818168163
0.999999821 -0.000655716 0.000060235 0.111978956 0.000655609 0.999998212 0.001754138 -0.185928553 -0.000061385 -0.001754098 0.999998450 5.078833103
0.999999762 -0.000563888 0.000170941 0.109305702 0.000563638 0.999998689 0.001458921 -0.193667620 -0.000171763 -0.001458825 0.999998927 5.328508377
0.999999702 -0.000737580 0.000046133 0.116288021 0.000737507 0.999998450 0.001570430 -0.202202052 -0.000047292 -0.001570395 0.999998808 5.597784519
0.999999881 -0.000354626 0.000209947 0.119589202 0.000354301 0.999998748 0.001545997 -0.207909673 -0.000210495 -0.001545922 0.999998808 5.875436306
0.999999523 -0.000982565 -0.000008708 0.125115007 0.000982579 0.999998152 0.001665972 -0.221069008 0.000007071 -0.001665980 0.999998569 6.153589249
0.999999881 -0.000401323 0.000206616 0.134116143 0.000400895 0.999997795 0.002064349 -0.237605497 -0.000207444 -0.002064266 0.999997854 6.406638622
0.999999821 0.000025221 0.000462450 0.137938619 -0.000026125 0.999998093 0.001954986 -0.247765779 -0.000462400 -0.001954998 0.999997973 6.698138237
1.000000000 -0.000102973 0.000183445 0.152918577 0.000102593 0.999997854 0.002074582 -0.259026527 -0.000183658 -0.002074563 0.999997854 6.989210129
0.999999881 -0.000236916 0.000300856 0.151016414 0.000236275 0.999997735 0.002128081 -0.266088903 -0.000301360 -0.002128010 0.999997675 7.298947811
0.999999881 -0.000442155 0.000290821 0.167030141 0.000441504 0.999997437 0.002232108 -0.282162398 -0.000291807 -0.002231980 0.999997497 7.588600159
0.999999583 -0.000914164 0.000193942 0.163638204 0.000913675 0.999996424 0.002506392 -0.298943877 -0.000196233 -0.002506214 0.999996841 7.897763729
0.999999583 -0.000910392 0.000098956 0.174297810 0.000910134 0.999996245 0.002576987 -0.305623472 -0.000101302 -0.002576896 0.999996662 8.213241577
0.999999642 -0.000840558 0.000072746 0.179820508 0.000840375 0.999996543 0.002475502 -0.311360627 -0.000074826 -0.002475440 0.999996960 8.547010422
0.999999583 -0.000869043 0.000072259 0.179486901 0.000868865 0.999996722 0.002422950 -0.322160602 -0.000074364 -0.002422886 0.999997079 8.891724586
0.999999523 -0.000899457 0.000185581 0.187449500 0.000898947 0.999995887 0.002728706 -0.335316330 -0.000188034 -0.002728538 0.999996305 9.234570503
0.999999583 -0.000512915 0.000664482 0.189467743 0.000511066 0.999995947 0.002779884 -0.356529295 -0.000665905 -0.002779544 0.999995887 9.547206879
0.999999702 -0.000261252 0.000653820 0.198989183 0.000259520 0.999996424 0.002648094 -0.362946928 -0.000654510 -0.002647923 0.999996245 9.893959999
0.999999583 -0.000594136 0.000623249 0.202758178 0.000592516 0.999996483 0.002596561 -0.369667560 -0.000624790 -0.002596191 0.999996364 10.265884399
0.999999523 -0.000750834 0.000635211 0.215554476 0.000749094 0.999996006 0.002734283 -0.381087124 -0.000637261 -0.002733806 0.999995947 10.623655319
0.999999583 -0.000653967 0.000549897 0.218688652 0.000652225 0.999994755 0.003163150 -0.398025185 -0.000551963 -0.003162791 0.999994874 10.959372520
0.999999702 -0.000475544 0.000576621 0.227616563 0.000473715 0.999994874 0.003167833 -0.408872843 -0.000578125 -0.003167559 0.999994874 11.334902763
0.999999583 0.000091177 0.000831292 0.231493995 -0.000093742 0.999995232 0.003085467 -0.415133566 -0.000831007 -0.003085545 0.999994993 11.729228020
0.999999762 -0.000538919 0.000358467 0.246305704 0.000537656 0.999993622 0.003516206 -0.431263864 -0.000360359 -0.003516013 0.999993801 12.092667580
0.999999642 -0.000264961 0.000810170 0.255374551 0.000262086 0.999993682 0.003546839 -0.448058426 -0.000811105 -0.003546626 0.999993384 12.463090897
0.999999404 -0.000200528 0.001040730 0.260520786 0.000196689 0.999993145 0.003687183 -0.456997156 -0.001041462 -0.003686977 0.999992669 12.870815277
0.999999702 -0.000599963 0.000618689 0.276100576 0.000597668 0.999993026 0.003702189 -0.473003149 -0.000620906 -0.003701818 0.999992907 13.267873764
0.999999404 -0.000401784 0.001024162 0.282452583 0.000397975 0.999993026 0.003716303 -0.479846239 -0.001025648 -0.003715894 0.999992549 13.676475525
0.999999225 -0.000539696 0.001161764 0.296338320 0.000535104 0.999992132 0.003948616 -0.495577991 -0.001163886 -0.003947991 0.999991477 14.081221581
0.999998987 -0.001045314 0.000951163 0.305871606 0.001041302 0.999990523 0.004209386 -0.520237505 -0.000955554 -0.004208391 0.999990702 14.453141212
0.999998868 -0.001200637 0.000866084 0.318332285 0.001196841 0.999989748 0.004370320 -0.533100307 -0.000871322 -0.004369279 0.999990106 14.868816376
0.999998808 -0.001114959 0.001057280 0.327060193 0.001110122 0.999988973 0.004564731 -0.544952512 -0.001062358 -0.004563552 0.999988973 15.309168816
0.999998152 -0.001073927 0.001587722 0.333248705 0.001066705 0.999989092 0.004542937 -0.556782246 -0.001592583 -0.004541235 0.999988437 15.730993271
0.999997795 -0.001132285 0.001789816 0.344427764 0.001124119 0.999988973 0.004557193 -0.567951977 -0.001794957 -0.004555170 0.999988079 16.177024841
0.999997795 -0.001195542 0.001707506 0.356082171 0.001187963 0.999989450 0.004432709 -0.579824567 -0.001712787 -0.004430671 0.999988735 16.623844147
0.999996841 -0.001068972 0.002253548 0.358598650 0.001058134 0.999987900 0.004804730 -0.599939883 -0.002258657 -0.004802331 0.999985874 17.043361664
0.999995768 -0.001363361 0.002572384 0.369266093 0.001350817 0.999987304 0.004871750 -0.609332621 -0.002578993 -0.004868255 0.999984860 17.510332108
0.999995112 -0.001320443 0.002820284 0.384567171 0.001306815 0.999987543 0.004828388 -0.620278776 -0.002826625 -0.004824679 0.999984384 17.972415924
0.999994218 -0.001256893 0.003166594 0.392082721 0.001239772 0.999984622 0.005402863 -0.637484550 -0.003173335 -0.005398906 0.999980390 18.407093048
0.999994218 -0.001484411 0.003053600 0.405177981 0.001468041 0.999984562 0.005356379 -0.649317801 -0.003061504 -0.005351865 0.999980986 18.873714447
0.999994516 -0.001095302 0.003102559 0.421991944 0.001077889 0.999983668 0.005608710 -0.659507811 -0.003108651 -0.005605335 0.999979496 19.371488571
0.999995112 -0.001233460 0.002846203 0.434652269 0.001217145 0.999982834 0.005726678 -0.687633693 -0.002853218 -0.005723186 0.999979556 19.800754547
0.999994755 -0.001533946 0.002843318 0.447855681 0.001517851 0.999982893 0.005654086 -0.697450101 -0.002851942 -0.005649741 0.999979973 20.297294617
0.999995828 -0.001742437 0.002276005 0.457694829 0.001729845 0.999983191 0.005522971 -0.706968427 -0.002285590 -0.005519010 0.999982238 20.796154022
0.999996781 -0.001748874 0.001801373 0.466790438 0.001738548 0.999982119 0.005717632 -0.723740160 -0.001811341 -0.005714483 0.999982059 21.289304733
0.999997020 -0.002048696 0.001342328 0.467773259 0.002040118 0.999977648 0.006361166 -0.751741588 -0.001355330 -0.006358408 0.999978840 21.729907990
0.999998152 -0.001572445 0.001112666 0.476454735 0.001565183 0.999977648 0.006497501 -0.756357372 -0.001122859 -0.006495747 0.999978304 22.235012054
0.999998152 -0.001688549 0.000932436 0.482161880 0.001682550 0.999978065 0.006397408 -0.766520023 -0.000943218 -0.006395827 0.999979019 22.753582001
0.999997258 -0.002313098 -0.000160414 0.505402982 0.002314107 0.999975502 0.006609778 -0.788939834 0.000145121 -0.006610132 0.999978125 23.219961166
0.999995947 -0.002837955 -0.000268943 0.508323252 0.002839588 0.999976337 0.006280015 -0.799689829 0.000251114 -0.006280754 0.999980211 23.739654541
0.999995589 -0.002740661 -0.001092659 0.521493852 0.002747675 0.999975204 0.006470391 -0.812884450 0.001074899 -0.006473366 0.999978483 24.245130539
0.999993443 -0.002958004 -0.002062138 0.534339011 0.002972002 0.999972224 0.006818342 -0.823614478 0.002041913 -0.006824426 0.999974608 24.787271500
0.999995053 -0.002039241 -0.002400080 0.531911671 0.002055335 0.999975264 0.006722308 -0.832859993 0.002386312 -0.006727208 0.999974549 25.315160751
0.999992490 -0.002487621 -0.002966454 0.545638740 0.002508540 0.999971867 0.007069070 -0.848762572 0.002948786 -0.007076459 0.999970615 25.807994843
0.999989510 -0.002949481 -0.003515658 0.552486181 0.002975280 0.999968588 0.007355909 -0.860632658 0.003493852 -0.007366293 0.999966741 26.358263016
0.999985218 -0.003279269 -0.004332684 0.574009299 0.003311777 0.999966264 0.007517286 -0.875459909 0.004307887 -0.007531525 0.999962330 26.918243408
0.999988914 -0.002050473 -0.004232274 0.568250716 0.002080498 0.999972582 0.007102000 -0.886033773 0.004217595 -0.007110726 0.999965847 27.380098343
0.999987781 -0.001893850 -0.004568140 0.570373416 0.001926525 0.999972463 0.007159038 -0.893384218 0.004554457 -0.007167751 0.999963880 27.929569244
0.999983251 -0.002615384 -0.005157684 0.589153230 0.002654847 0.999967098 0.007659211 -0.914411068 0.005137482 -0.007672775 0.999957383 28.482805252
0.999983490 -0.002564335 -0.005144785 0.589780331 0.002604019 0.999966800 0.007721740 -0.931411266 0.005124813 -0.007735010 0.999956965 28.938455582
0.999981821 -0.002672411 -0.005396335 0.596804082 0.002714837 0.999965370 0.007870068 -0.947040319 0.005375116 -0.007884575 0.999954522 29.471086502
0.999980569 -0.002355470 -0.005770218 0.606172562 0.002398960 0.999968708 0.007541724 -0.950803995 0.005752273 -0.007555421 0.999954879 29.995378494
0.999982119 -0.002154186 -0.005573665 0.609458089 0.002197985 0.999966741 0.007864146 -0.962911308 0.005556539 -0.007876255 0.999953568 30.538215637
0.999978423 -0.002287471 -0.006154144 0.624198854 0.002333610 0.999969125 0.007500370 -0.974990070 0.006136798 -0.007514569 0.999952912 31.079370499
0.999974787 -0.002722268 -0.006555595 0.636739969 0.002774282 0.999964714 0.007938454 -0.995238066 0.006533752 -0.007956441 0.999947011 31.625185013
0.999974072 -0.002758383 -0.006672508 0.642388403 0.002812090 0.999963641 0.008052986 -1.008320093 0.006650053 -0.008071540 0.999945283 32.071426392
0.999971688 -0.002479438 -0.007114380 0.649665952 0.002538809 0.999961972 0.008348420 -1.020887852 0.007093410 -0.008366245 0.999939859 32.614727020
0.999970496 -0.002499819 -0.007265961 0.658989191 0.002557712 0.999965012 0.007969417 -1.028215528 0.007245785 -0.007987766 0.999941826 33.140903473
0.999972641 -0.001944937 -0.007135855 0.654205561 0.002003086 0.999964833 0.008150770 -1.035433531 0.007119752 -0.008164841 0.999941289 33.696811676
0.999966145 -0.002838231 -0.007712457 0.679435432 0.002902218 0.999961376 0.008298167 -1.071699858 0.007688607 -0.008320271 0.999935746 34.165050507
0.999968112 -0.002546782 -0.007566851 0.683478653 0.002608462 0.999963343 0.008152639 -1.080693960 0.007545810 -0.008172116 0.999938071 34.708694458
0.999964833 -0.002711493 -0.007927503 0.694537997 0.002773293 0.999965727 0.007795070 -1.083536386 0.007906096 -0.007816781 0.999938130 35.264041901
0.999964893 -0.002079064 -0.008114021 0.698050916 0.002142387 0.999967217 0.007803221 -1.103966236 0.008097532 -0.007820331 0.999936581 35.830162048
0.999969721 -0.001119104 -0.007704270 0.694070339 0.001178138 0.999969959 0.007662137 -1.095342994 0.007695463 -0.007670983 0.999940991 36.267536163
0.999960363 -0.002910205 -0.008412090 0.707040191 0.002982732 0.999958336 0.008622103 -1.137079954 0.008386648 -0.008646850 0.999927402 36.782642365
0.999959648 -0.003056576 -0.008443899 0.716685891 0.003126882 0.999960482 0.008325492 -1.144934535 0.008418119 -0.008351559 0.999929667 37.332122803
0.999957442 -0.002806008 -0.008788362 0.724556088 0.002880957 0.999959469 0.008527223 -1.155212164 0.008764079 -0.008552178 0.999925017 37.869327545
0.999958396 -0.002586520 -0.008751603 0.733749866 0.002655260 0.999965668 0.007852116 -1.162812710 0.008730993 -0.007875026 0.999930859 38.405487061
0.999950707 -0.003222622 -0.009393882 0.744492292 0.003309500 0.999951720 0.009247521 -1.193402648 0.009363627 -0.009278155 0.999913096 38.912296295
0.999945939 -0.003221025 -0.009892534 0.761976123 0.003314746 0.999949634 0.009472178 -1.210468531 0.009861526 -0.009504457 0.999906182 39.432331085
0.999949098 -0.003310414 -0.009536444 0.759755731 0.003398163 0.999951899 0.009200005 -1.217137694 0.009505530 -0.009231943 0.999912202 40.001594543
0.999956727 -0.001761223 -0.009138566 0.761301994 0.001836454 0.999964535 0.008230482 -1.208761930 0.009123744 -0.008246910 0.999924362 40.537410736
0.999946177 -0.003117976 -0.009909108 0.765991807 0.003210702 0.999951065 0.009355521 -1.247811794 0.009879452 -0.009386833 0.999907136 41.031826019
0.999944985 -0.003295245 -0.009962848 0.774647355 0.003386935 0.999951899 0.009200309 -1.253153682 0.009932052 -0.009233546 0.999908030 41.578830719
0.999943793 -0.003244242 -0.010094115 0.786216855 0.003337286 0.999951959 0.009214451 -1.268136621 0.010063736 -0.009247620 0.999906540 42.114143372
0.999943435 -0.002684885 -0.010292016 0.789787054 0.002771968 0.999960423 0.008456303 -1.269962549 0.010268905 -0.008484354 0.999911189 42.670692444
0.999943614 -0.003502083 -0.010026441 0.780815125 0.003595921 0.999949694 0.009356352 -1.292994261 0.009993170 -0.009391875 0.999905944 43.139949799
0.999941468 -0.003444388 -0.010252130 0.789384544 0.003541273 0.999949098 0.009447142 -1.305956483 0.010219068 -0.009482896 0.999902844 43.667968750
0.999943376 -0.003107403 -0.010175999 0.792132378 0.003202115 0.999951601 0.009304364 -1.315234423 0.010146596 -0.009336422 0.999904990 44.213878632
0.999942780 -0.003235173 -0.010195431 0.805814862 0.003330522 0.999950767 0.009349103 -1.329991221 0.010164683 -0.009382525 0.999904335 44.730422974
0.999937654 -0.003470700 -0.010613005 0.805742741 0.003570409 0.999949515 0.009390541 -1.343150854 0.010579878 -0.009427849 0.999899626 45.262691498
0.999940872 -0.003198649 -0.010395798 0.822991431 0.003300139 0.999946952 0.009760196 -1.359225988 0.010364027 -0.009793925 0.999898314 45.761665344
0.999939978 -0.003289330 -0.010466365 0.828313351 0.003392393 0.999945819 0.009844617 -1.368128419 0.010433417 -0.009879530 0.999896705 46.316883087
0.999938190 -0.003267157 -0.010629046 0.830886483 0.003368346 0.999949098 0.009516064 -1.377792001 0.010597415 -0.009551278 0.999898195 46.850696564
0.999940753 -0.003363333 -0.010349760 0.826117039 0.003465222 0.999945581 0.009842453 -1.390786409 0.010316093 -0.009877732 0.999898016 47.341518402
0.999938667 -0.003508425 -0.010506900 0.839543581 0.003611295 0.999945641 0.009787875 -1.405963421 0.010471989 -0.009825217 0.999896944 47.879913330
0.999937236 -0.003577129 -0.010617030 0.837737739 0.003680713 0.999945641 0.009752972 -1.413109064 0.010581567 -0.009791438 0.999896049 48.398532867
0.999939024 -0.003148918 -0.010587393 0.839120567 0.003254086 0.999945402 0.009930904 -1.421472311 0.010555542 -0.009964752 0.999894619 48.941246033
0.999937534 -0.003475050 -0.010622254 0.839118481 0.003581248 0.999943554 0.009995045 -1.437303185 0.010586924 -0.010032461 0.999893606 49.441535950
0.999941468 -0.003210897 -0.010334922 0.838524878 0.003306796 0.999951482 0.009275463 -1.437439561 0.010304636 -0.009309093 0.999903560 50.027687073
0.999934614 -0.003771222 -0.010792321 0.853807688 0.003881722 0.999940097 0.010236220 -1.458064556 0.010753070 -0.010277444 0.999889374 50.467494965
0.999937654 -0.003405015 -0.010636958 0.855184972 0.003511754 0.999943495 0.010032204 -1.466273785 0.010602196 -0.010068933 0.999893129 50.999893188
0.999937713 -0.003246076 -0.010680121 0.862354517 0.003355148 0.999942243 0.010210519 -1.477538109 0.010646360 -0.010245716 0.999890864 51.528881073
0.999935567 -0.003592988 -0.010769743 0.870275736 0.003701809 0.999942183 0.010101434 -1.490169287 0.010732824 -0.010140649 0.999891043 52.072376251
0.999932826 -0.003547324 -0.011030706 0.878982067 0.003662397 0.999938905 0.010429378 -1.506247520 0.010993036 -0.010469076 0.999884844 52.632240295
0.999940991 -0.002968962 -0.010447242 0.871994734 0.003077460 0.999941289 0.010384629 -1.511922359 0.010415798 -0.010416167 0.999891520 53.093631744
0.999932408 -0.003321916 -0.011134563 0.898660779 0.003427357 0.999949336 0.009464111 -1.501972437 0.011102559 -0.009501635 0.999893248 53.759391785
0.999940395 -0.003083084 -0.010474083 0.886558294 0.003192560 0.999940276 0.010451451 -1.533263445 0.010441234 -0.010484265 0.999890506 54.138156891
0.999940276 -0.002898178 -0.010535018 0.894416034 0.003008383 0.999940693 0.010460055 -1.537890434 0.010504077 -0.010491122 0.999889791 54.690624237
0.999941528 -0.003138523 -0.010342313 0.892948210 0.003248695 0.999937952 0.010653057 -1.556666255 0.010308235 -0.010686032 0.999889731 55.233428955
0.999943972 -0.002810806 -0.010200717 0.914199948 0.002921164 0.999937236 0.010819982 -1.557190418 0.010169663 -0.010849173 0.999889374 55.758174896
0.999952614 -0.002229953 -0.009470757 0.891037226 0.002331778 0.999939501 0.010754148 -1.574817181 0.009446202 -0.010775723 0.999897301 56.336708069
0.999940455 -0.003310156 -0.010401022 0.915016472 0.003415582 0.999942780 0.010134760 -1.579373837 0.010366878 -0.010169683 0.999894500 56.732013702
0.999930620 -0.003552844 -0.011232172 0.948670924 0.003667231 0.999941468 0.010179743 -1.567054868 0.011195346 -0.010220227 0.999885082 57.501213074
0.999938905 -0.003401582 -0.010524217 0.929790676 0.003514858 0.999935806 0.010763619 -1.609381795 0.010486930 -0.010799953 0.999886692 57.804084778
0.999940753 -0.003273985 -0.010383942 0.939092994 0.003383798 0.999938369 0.010575407 -1.616134644 0.010348679 -0.010609919 0.999890149 58.281360626
0.999936223 -0.003359776 -0.010795030 0.957639098 0.003463871 0.999947488 0.009638612 -1.584704161 0.010762081 -0.009675389 0.999895275 59.031391144
0.999943554 -0.002842123 -0.010242841 0.952674985 0.002950804 0.999939322 0.010610992 -1.636289835 0.010212066 -0.010640617 0.999891162 59.382076263
0.999939620 -0.003117011 -0.010538563 0.961078942 0.003233460 0.999933779 0.011050863 -1.645734072 0.010503421 -0.011084273 0.999883354 59.934757233
0.999932408 -0.003732635 -0.011010125 0.957715929 0.003855999 0.999929786 0.011204721 -1.664223671 0.010967531 -0.011246422 0.999876559 60.467296600
0.999929368 -0.004164834 -0.011133737 0.953239083 0.004289697 0.999927878 0.011214625 -1.682156324 0.011086227 -0.011261594 0.999875128 60.976253510
0.999931335 -0.003907004 -0.011052611 0.974805176 0.004028889 0.999931037 0.011026955 -1.682133198 0.011008766 -0.011070726 0.999878109 61.522453308
0.999939203 -0.002996669 -0.010617184 0.972323358 0.003117312 0.999930561 0.011364719 -1.715441585 0.010582392 -0.011397124 0.999879003 61.986209869
0.999940157 -0.002874980 -0.010557456 0.985327542 0.002988851 0.999937356 0.010785921 -1.716907620 0.010525785 -0.010816833 0.999886096 62.477367401
0.999932110 -0.003186174 -0.011211939 1.000590086 0.003309601 0.999934018 0.011007298 -1.724985719 0.011176128 -0.011043659 0.999876499 63.024799347
0.999934077 -0.003250299 -0.011013683 1.001588345 0.003372212 0.999933064 0.011068811 -1.735897183 0.010976966 -0.011105223 0.999878109 63.576362610
0.999941409 -0.002641032 -0.010497024 0.997951329 0.002753691 0.999938548 0.010732532 -1.744389772 0.010468035 -0.010760807 0.999887288 64.051834106
0.999926984 -0.003937943 -0.011424098 1.023966193 0.004068201 0.999926686 0.011401281 -1.762168288 0.011378365 -0.011446924 0.999869704 64.667503357
0.999940872 -0.002668799 -0.010541037 1.009099364 0.002780145 0.999940336 0.010562597 -1.761575937 0.010512219 -0.010591277 0.999888659 65.142379761
0.999926746 -0.003776849 -0.011495657 1.034008741 0.003905836 0.999929428 0.011218782 -1.789091706 0.011452475 -0.011262863 0.999870956 65.719787598
0.999924541 -0.003969820 -0.011627567 1.038766503 0.004098914 0.999929965 0.011099715 -1.799865484 0.011582689 -0.011146538 0.999870777 66.241958618
0.999929368 -0.003908252 -0.011224844 1.028404951 0.004038297 0.999924660 0.011586245 -1.804194450 0.011178719 -0.011630757 0.999869883 66.674751282
0.999925137 -0.004433630 -0.011400189 1.008435726 0.004563186 0.999925017 0.011363539 -1.810629368 0.011348953 -0.011414709 0.999870420 67.268707275
0.999945939 -0.002262130 -0.010149256 1.018646002 0.002375108 0.999935210 0.011133448 -1.836369038 0.010123415 -0.011156951 0.999886453 67.633186340
0.999945343 -0.002079200 -0.010246521 1.026894808 0.002194955 0.999933720 0.011298676 -1.852404594 0.010222352 -0.011320550 0.999883652 68.173828125
0.999948621 -0.002052851 -0.009927677 1.030457616 0.002163551 0.999935389 0.011152784 -1.857048512 0.009904142 -0.011173690 0.999888480 68.708961487
0.999945521 -0.002489670 -0.010138762 1.043303728 0.002604534 0.999932408 0.011331853 -1.873452425 0.010109864 -0.011357643 0.999884427 69.249755859
0.999950945 -0.001600393 -0.009781127 1.059922695 0.001717026 0.999927461 0.011927435 -1.889403582 0.009761330 -0.011943644 0.999880970 69.769958496
0.999941766 -0.002658969 -0.010459648 1.049918890 0.002774904 0.999934733 0.011085181 -1.880337715 0.010429490 -0.011113557 0.999883831 70.290824890
0.999944329 -0.002401332 -0.010274719 1.047812700 0.002513684 0.999937117 0.010935949 -1.885782480 0.010247813 -0.010961167 0.999887347 70.849868774
0.999943078 -0.002480488 -0.010378716 1.065761447 0.002591800 0.999939144 0.010725444 -1.897117615 0.010351479 -0.010751735 0.999888599 71.375900269
0.999940574 -0.002375495 -0.010646584 1.065177917 0.002495358 0.999933600 0.011259343 -1.907951117 0.010619132 -0.011285240 0.999879897 71.944625854
0.999942362 -0.002356787 -0.010474376 1.081126690 0.002468462 0.999940038 0.010661619 -1.920584202 0.010448621 -0.010686861 0.999888301 72.468124390
0.999939501 -0.002745304 -0.010647065 1.104560971 0.002862138 0.999935687 0.010973660 -1.937772751 0.010616255 -0.011003470 0.999883115 72.929168701
0.999937236 -0.003299669 -0.010713634 1.100778818 0.003415218 0.999935985 0.010784879 -1.950429916 0.010677363 -0.010820792 0.999884427 73.474838257
0.999943197 -0.002347172 -0.010396406 1.128674626 0.002462843 0.999935091 0.011127262 -1.965814114 0.010369614 -0.011152235 0.999884069 73.972969055
0.999939442 -0.002781427 -0.010643177 1.130035162 0.002898309 0.999935448 0.010982255 -1.967724323 0.010611943 -0.011012439 0.999883056 74.532577515
0.999952495 -0.001744778 -0.009585076 1.101351738 0.001854575 0.999932647 0.011458072 -1.990143538 0.009564437 -0.011475305 0.999888480 74.973220825
0.999944389 -0.002710011 -0.010190213 1.097179055 0.002824374 0.999933004 0.011225176 -1.991030455 0.010159111 -0.011253332 0.999885082 75.525627136
0.999945760 -0.002922700 -0.010003468 1.084320784 0.003028551 0.999939382 0.010582640 -1.995326996 0.009971932 -0.010612362 0.999893963 76.023155212
0.999943197 -0.003236221 -0.010154111 1.105987787 0.003348044 0.999933720 0.011015071 -2.005768299 0.010117790 -0.011048440 0.999887764 76.578041077
0.999944806 -0.003045802 -0.010055440 1.112840652 0.003157650 0.999933064 0.011126128 -2.017524242 0.010020879 -0.011157267 0.999887526 77.108016968
0.999944508 -0.002863247 -0.010133262 1.119497061 0.002973154 0.999936700 0.010847786 -2.027365208 0.010101561 -0.010877314 0.999889731 77.644462585
0.999949992 -0.002741632 -0.009617295 1.122690916 0.002847121 0.999935687 0.010972090 -2.034321070 0.009586596 -0.010998921 0.999893546 78.182121277
0.999961615 -0.002688540 -0.008337831 1.122638226 0.002779164 0.999936998 0.010876538 -2.039983749 0.008308063 -0.010899291 0.999906063 78.710388184
0.999969482 -0.002611379 -0.007359265 1.140641570 0.002692299 0.999935806 0.011007373 -2.056716442 0.007330047 -0.011026852 0.999912262 79.212036133
0.999981463 -0.002478342 -0.005564588 1.143822193 0.002540218 0.999934673 0.011140285 -2.063231945 0.005536617 -0.011154215 0.999922395 79.752349854
0.999995649 -0.002313099 -0.001836756 1.159779191 0.002333600 0.999934077 0.011239354 -2.072070599 0.001810638 -0.011243590 0.999935150 80.300369263
0.999994755 -0.002912771 0.001478469 1.182724595 0.002895755 0.999930918 0.011383589 -2.079821587 -0.001511524 -0.011379247 0.999934077 80.845443726
0.999983966 -0.003140005 0.004714545 1.192863226 0.003087475 0.999933541 0.011108349 -2.093470335 -0.004749111 -0.011093615 0.999927163 81.360229492
0.999955893 -0.003079790 0.008873444 1.226370096 0.002981592 0.999934435 0.011058544 -2.082087278 -0.008906920 -0.011031598 0.999899507 81.986610413
0.999876261 -0.002528716 0.015525522 1.244236946 0.002353640 0.999933541 0.011284567 -2.115924835 -0.015553026 -0.011246629 0.999815762 82.469032288
0.999776185 -0.002911916 0.020953843 1.277974129 0.002674750 0.999932170 0.011337654 -2.128360748 -0.020985436 -0.011279067 0.999716163 83.005065918
0.999647677 -0.003085679 0.026360393 1.321097612 0.002801373 0.999937594 0.010815443 -2.135028362 -0.026392123 -0.010737787 0.999593973 83.617462158
0.999426723 -0.003578520 0.033665158 1.355072975 0.003207417 0.999933600 0.011070894 -2.137106419 -0.033702530 -0.010956570 0.999371827 84.115348816
0.999105990 -0.003859484 0.042097263 1.396625280 0.003409189 0.999936223 0.010763079 -2.153181553 -0.042136114 -0.010609940 0.999055505 84.623916626
0.998796642 -0.004269288 0.048857581 1.437571764 0.003750762 0.999935687 0.010699780 -2.158209801 -0.048900127 -0.010503650 0.998748422 85.164978027
0.998334706 -0.003906268 0.057554990 1.489932537 0.003280951 0.999934614 0.010955196 -2.173971891 -0.057594027 -0.010748119 0.998282254 85.706733704
0.997730494 -0.004557871 0.067179501 1.556477070 0.003820069 0.999931037 0.011106914 -2.191594124 -0.067225493 -0.010825076 0.997679055 86.246826172
0.997106373 -0.005306368 0.075833559 1.616203308 0.004475791 0.999928117 0.011118405 -2.195264816 -0.075887106 -0.010746817 0.997058570 86.792465210
0.996457160 -0.004949236 0.083956413 1.685942173 0.004049626 0.999932587 0.010882130 -2.211714268 -0.084004626 -0.010503586 0.996409953 87.365737915
0.995523393 -0.004490020 0.094408676 1.763587952 0.003483794 0.999935389 0.010820318 -2.219827175 -0.094451174 -0.010442981 0.995474637 87.908248901
0.994490683 -0.004891684 0.104710914 1.880000591 0.003704112 0.999926627 0.011532894 -2.260240078 -0.104759641 -0.011081493 0.994435787 88.450599670
0.993489623 -0.005118344 0.113807671 1.968164444 0.003866215 0.999929607 0.011220152 -2.265480280 -0.113857083 -0.010707102 0.993439436 89.008338928
0.992161870 -0.005197084 0.124851286 2.056775093 0.003806008 0.999928057 0.011377798 -2.272839069 -0.124901429 -0.010813433 0.992110252 89.548065186
0.990563691 -0.005400385 0.136946410 2.150836945 0.003856156 0.999925971 0.011538944 -2.292856216 -0.136998579 -0.010901971 0.990511239 90.075737000
0.989005208 -0.005984370 0.147759438 2.251055717 0.004293444 0.999921620 0.011760084 -2.296175957 -0.147818238 -0.010996386 0.988953412 90.614349365
0.987355471 -0.005695643 0.158419266 2.368718147 0.003950952 0.999928057 0.011325891 -2.303668499 -0.158472374 -0.010556776 0.987306952 91.191146851
0.985183418 -0.006227941 0.171390727 2.489534378 0.004341039 0.999925792 0.011381936 -2.313012838 -0.171448871 -0.010469284 0.985137343 91.717086792
0.982864738 -0.005399653 0.184249207 2.605468750 0.003258969 0.999923587 0.011919269 -2.327249765 -0.184299499 -0.011114564 0.982807279 92.316711426
0.980978310 -0.006287798 0.194015175 2.730360985 0.004089185 0.999922812 0.011730573 -2.333066463 -0.194073945 -0.010714076 0.980928361 92.830390930
0.978321373 -0.006528191 0.206989467 2.868450165 0.004128836 0.999919236 0.012021551 -2.342425108 -0.207051203 -0.010906315 0.978269279 93.352210999
0.975332439 -0.006735506 0.220638320 3.019992828 0.004169092 0.999918163 0.012095382 -2.354501486 -0.220701739 -0.010877158 0.975280702 93.909461975
0.972646177 -0.006427182 0.232202947 3.160568237 0.003674439 0.999917805 0.012285473 -2.364159584 -0.232262850 -0.011096203 0.972589672 94.418251038
0.969675839 -0.006749905 0.244301841 3.332868576 0.003900004 0.999918640 0.012147330 -2.378219128 -0.244363979 -0.010826195 0.969623148 94.979011536
0.966115117 -0.006939315 0.258018345 3.498834610 0.003868822 0.999915540 0.012406097 -2.393867493 -0.258082688 -0.010987490 0.966060281 95.488197327
0.962783515 -0.006812201 0.270187795 3.672719955 0.003586061 0.999916255 0.012432207 -2.396115780 -0.270249873 -0.011000615 0.962727368 96.037521362
0.959501624 -0.007748351 0.281596571 3.863666534 0.004459027 0.999914110 0.012319905 -2.402262688 -0.281667918 -0.010565320 0.959453762 96.565536499
0.955233991 -0.006964498 0.295769334 4.048124313 0.003464595 0.999917746 0.012355660 -2.393699646 -0.295830995 -0.010777826 0.955179393 97.104858398
0.951034725 -0.008869387 0.308956832 4.259651184 0.005170929 0.999904990 0.012787586 -2.419504404 -0.309040815 -0.010563844 0.950990200 97.616867065
0.947325289 -0.009382662 0.320135504 4.456296921 0.005570605 0.999902308 0.012821349 -2.424586773 -0.320224494 -0.010362643 0.947284937 98.127914429
0.942925751 -0.009459053 0.332868665 4.661725998 0.005521263 0.999903083 0.012773796 -2.431979179 -0.332957327 -0.010206885 0.942886651 98.635246277
0.937808037 -0.009601608 0.347021401 4.873443604 0.005461030 0.999901772 0.012907753 -2.440142155 -0.347111315 -0.010209898 0.937768400 99.145133972
0.933203697 -0.009969263 0.359209538 5.094926834 0.005662419 0.999898970 0.013039926 -2.447751760 -0.359303236 -0.010134911 0.933165848 99.649497986
0.928999662 -0.010183390 0.369940251 5.314624786 0.005872129 0.999901116 0.012778215 -2.452802658 -0.370033771 -0.009698621 0.928967655 100.156250000
0.923540890 -0.010380598 0.383359462 5.541139603 0.005903560 0.999899983 0.012853159 -2.455532551 -0.383454561 -0.009607232 0.923509717 100.645057678
0.917958498 -0.010787326 0.396529794 5.776893616 0.006112440 0.999896169 0.013051329 -2.462005138 -0.396629333 -0.009556812 0.917929113 101.141571045
0.912993789 -0.011688598 0.407806039 6.023052216 0.006980353 0.999890745 0.013031445 -2.470388889 -0.407913804 -0.009050998 0.912975609 101.634826660
0.906726182 -0.011621983 0.421559483 6.281623840 0.006632606 0.999889493 0.013300003 -2.476586342 -0.421667486 -0.009263422 0.906703234 102.125732422
0.900076389 -0.012045744 0.435565650 6.545082092 0.006968675 0.999887824 0.013251857 -2.483876705 -0.435676455 -0.008892367 0.900059402 102.608940125
0.894097328 -0.012236997 0.447705388 6.810997009 0.006862082 0.999883592 0.013625482 -2.494793653 -0.447820038 -0.009110315 0.894077301 103.085792542
0.888509929 -0.012716617 0.458681107 7.080734253 0.007339248 0.999881864 0.013504199 -2.498179913 -0.458798587 -0.008632241 0.888498366 103.565406799
0.881276548 -0.012806243 0.472427577 7.363990784 0.007373026 0.999883652 0.013350366 -2.504493952 -0.472543567 -0.008282143 0.881268382 104.040222168
