1.000000000 0.000000000 0.000000000 0.000000000 0.000000000 1.000000000 0.000000000 0.000000000 0.000000000 0.000000000 1.000000000 0.000000000
0.999999940 -0.000324031 0.000046549 0.000277807 0.000324030 0.999999940 0.000013228 0.000292708 -0.000046553 -0.000013213 1.000000000 -0.000109286
1.000000000 -0.000104490 0.000133139 -0.000637691 0.000104465 1.000000000 0.000187004 -0.000478237 -0.000133158 -0.000186990 1.000000000 0.000301237
1.000000000 -0.000087573 0.000011213 0.000292300 0.000087572 1.000000000 0.000090150 0.000151706 -0.000011220 -0.000090149 1.000000000 0.000024106
1.000000000 -0.000005370 0.000054439 0.000201093 0.000005365 1.000000000 0.000077360 -0.000740506 -0.000054439 -0.000077360 1.000000000 -0.000531670
0.999999940 -0.000297825 0.000067322 0.000167774 0.000297824 0.999999940 0.000000433 0.000158664 -0.000067323 -0.000000413 1.000000000 -0.000740863
0.999999940 -0.000401556 0.000094962 -0.000166216 0.000401553 0.999999940 0.000035472 -0.000057542 -0.000094976 -0.000035433 1.000000000 0.000060624
0.999999940 -0.000316136 0.000092121 0.000525332 0.000316120 0.999999940 0.000177071 -0.000681129 -0.000092177 -0.000177042 1.000000000 0.001287603
1.000000000 -0.000112610 0.000113167 -0.000005060 0.000112611 1.000000000 -0.000012880 0.000839459 -0.000113166 0.000012892 1.000000000 0.000925699
1.000000000 -0.000015988 0.000140693 -0.000704870 0.000015990 1.000000000 -0.000009686 -0.000014932 -0.000140693 0.000009688 1.000000000 -0.000551016
1.000000000 -0.000188493 0.000058896 0.001138089 0.000188490 1.000000000 0.000040939 0.000426239 -0.000058904 -0.000040928 1.000000000 -0.000718221
1.000000000 -0.000037707 0.000010408 0.000994247 0.000037707 1.000000000 -0.000034111 -0.000039019 -0.000010407 0.000034111 1.000000000 -0.001813422
1.000000000 0.000030610 0.000072845 0.000500002 -0.000030600 1.000000000 -0.000144760 0.002064573 -0.000072849 0.000144758 1.000000000 0.000759413
1.000000000 -0.000065916 0.000075858 -0.000566456 0.000065914 1.000000000 0.000026555 0.000622415 -0.000075859 -0.000026550 1.000000000 -0.000073460
1.000000000 0.000122940 0.000122607 -0.000658235 -0.000122922 1.000000000 -0.000144909 0.001379160 -0.000122625 0.000144894 1.000000000 -0.000028149
0.999992371 0.003561376 -0.001602222 0.005989807 -0.003563007 0.999993145 -0.001016053 0.007402043 0.001598593 0.001021754 0.999998212 -0.001353048
0.999993324 0.003271642 -0.001626300 0.006414599 -0.003273209 0.999994159 -0.000961983 0.006542855 0.001623144 0.000967300 0.999998212 -0.002337610
0.999993145 0.003344837 -0.001615422 0.006401741 -0.003346600 0.999993861 -0.001089650 0.006747589 0.001611767 0.001095048 0.999998093 -0.002926383
0.999992192 0.003640360 -0.001518004 0.005771510 -0.003641986 0.999992788 -0.001069522 0.007052048 0.001514100 0.001075042 0.999998271 -0.003310160
0.999991417 0.003822375 -0.001612141 0.005738303 -0.003824008 0.999992192 -0.001011204 0.007453093 0.001608263 0.001017360 0.999998212 -0.002713435
0.999992430 0.003508435 -0.001674477 0.006658105 -0.003510029 0.999993324 -0.000950222 0.006966317 0.001671132 0.000956092 0.999998152 -0.002477211
0.999992490 0.003536489 -0.001566481 0.005614632 -0.003538126 0.999993205 -0.001043352 0.007232100 0.001562781 0.001048887 0.999998212 -0.001918156
0.999992490 0.003530848 -0.001614811 0.005992090 -0.003532421 0.999993324 -0.000972183 0.006667365 0.001611367 0.000977880 0.999998212 -0.003016082
0.999992788 0.003491838 -0.001506228 0.006164585 -0.003493654 0.999993205 -0.001205137 0.008377963 0.001502010 0.001210391 0.999998152 -0.000948942
0.999991775 0.003774778 -0.001473892 0.005569068 -0.003776329 0.999992311 -0.001051380 0.007909732 0.001469912 0.001056938 0.999998391 -0.001131334
0.999992490 0.003551678 -0.001561298 0.007018099 -0.003553265 0.999993205 -0.001014916 0.007007504 0.001557683 0.001020456 0.999998271 -0.002839815
0.999992907 0.003434918 -0.001575288 0.006528456 -0.003436607 0.999993563 -0.001071144 0.006941356 0.001571599 0.001076550 0.999998212 -0.003672757
0.999992967 0.003365311 -0.001667592 0.006937887 -0.003367135 0.999993801 -0.001092077 0.006949991 0.001663906 0.001097684 0.999998033 -0.003332844
0.999992013 0.003708845 -0.001502250 0.005232028 -0.003710298 0.999992669 -0.000965251 0.007067866 0.001498659 0.000970817 0.999998450 -0.001040696
0.999992192 0.003588882 -0.001628216 0.006099396 -0.003590492 0.999993026 -0.000987315 0.007217254 0.001624662 0.000993153 0.999998212 -0.002012924
0.999993086 0.003438223 -0.001415536 0.004651661 -0.003439824 0.999993443 -0.001129853 0.008012911 0.001411642 0.001134714 0.999998391 -0.001217547
0.999992669 0.003560238 -0.001428828 0.005068283 -0.003561667 0.999993145 -0.000999398 0.006982379 0.001425260 0.001004480 0.999998510 -0.002092587
0.999992549 0.003591092 -0.001426134 0.005017190 -0.003592474 0.999993086 -0.000967801 0.006168391 0.001422649 0.000972917 0.999998510 -0.002717766
0.999992669 0.003528722 -0.001506726 0.005714202 -0.003530542 0.999993086 -0.001207522 0.008163095 0.001502454 0.001212833 0.999998152 -0.002043678
0.999992788 0.003517562 -0.001432364 0.005292588 -0.003519205 0.999993205 -0.001146475 0.007686490 0.001428322 0.001151507 0.999998331 -0.002390119
0.999991953 0.003722771 -0.001502182 0.005507441 -0.003724318 0.999992549 -0.001028639 0.007656640 0.001498342 0.001034225 0.999998331 -0.002066643
0.999992788 0.003470303 -0.001492557 0.005928528 -0.003472028 0.999993324 -0.001155501 0.008314624 0.001488537 0.001160675 0.999998271 -0.001471191
0.999992609 0.003511198 -0.001583109 0.006194940 -0.003512853 0.999993324 -0.001043877 0.007786967 0.001579433 0.001049431 0.999998212 -0.001466151
0.999992430 0.003571113 -0.001515723 0.005437098 -0.003572764 0.999993026 -0.001088019 0.007578012 0.001511827 0.001093426 0.999998271 -0.001919378
0.999992192 0.003668722 -0.001493356 0.005401080 -0.003670425 0.999992669 -0.001139144 0.007877793 0.001489165 0.001144616 0.999998271 -0.001219086
0.999992311 0.003679698 -0.001339468 0.005063580 -0.003681330 0.999992549 -0.001217806 0.008005150 0.001334977 0.001222727 0.999998391 0.000381171
0.999992609 0.003527232 -0.001548987 0.007428276 -0.003529997 0.999992192 -0.001786228 0.005497424 0.001542674 0.001791682 0.999997199 0.049170773
0.999993384 0.003264151 -0.001596709 0.010263250 -0.003267706 0.999992192 -0.002229036 0.001696090 0.001589421 0.002234239 0.999996245 0.133086279
0.999992311 0.003523643 -0.001719588 0.012426568 -0.003528164 0.999990344 -0.002633461 -0.000901681 0.001710292 0.002639507 0.999995112 0.248602495
0.999994636 0.002701941 -0.001842577 0.016869774 -0.002706665 0.999993086 -0.002566098 -0.005129931 0.001835631 0.002571071 0.999995053 0.377423674
0.999992013 0.003543045 -0.001833837 0.018193644 -0.003547397 0.999990880 -0.002375346 -0.008169098 0.001825404 0.002381833 0.999995470 0.515155733
0.999991715 0.003560030 -0.001936057 0.021596462 -0.003564331 0.999991179 -0.002222827 -0.013940315 0.001928127 0.002229709 0.999995649 0.663289666
0.999991119 0.003794508 -0.001813473 0.025712069 -0.003797953 0.999990940 -0.001900185 -0.018912833 0.001806246 0.001907055 0.999996543 0.824753344
0.999993920 0.002583660 -0.002316543 0.034350101 -0.002590283 0.999992549 -0.002860496 -0.018400416 0.002309135 0.002866479 0.999993205 0.986684144
0.999987841 0.004779774 -0.001146665 0.027998775 -0.004783279 0.999983847 -0.003073852 -0.021194192 0.001131954 0.003079300 0.999994636 1.163368106
0.999989927 0.004230091 -0.001460594 0.036219437 -0.004234372 0.999986768 -0.002940142 -0.025690643 0.001448137 0.002946298 0.999994636 1.349839926
0.999987602 0.004839231 -0.001126282 0.035838190 -0.004842504 0.999984026 -0.002921795 -0.031823304 0.001112125 0.002927213 0.999995112 1.537661314
0.999987185 0.004946979 -0.001119078 0.039574545 -0.004950339 0.999983251 -0.003019809 -0.033537768 0.001104120 0.003025311 0.999994814 1.738539219
0.999990880 0.003496987 -0.002429894 0.046870992 -0.003501011 0.999992490 -0.001653870 -0.049280312 0.002424093 0.001662362 0.999995649 1.940061927
0.999992073 0.003529476 -0.001846662 0.044989906 -0.003532136 0.999992728 -0.001438571 -0.057630107 0.001841571 0.001445083 0.999997318 2.142240047
0.999990880 0.003640651 -0.002245360 0.056456540 -0.003644694 0.999991715 -0.001799163 -0.059879757 0.002238792 0.001807331 0.999995828 2.369717836
0.999991655 0.003495221 -0.002119167 0.060638696 -0.003498985 0.999992251 -0.001774789 -0.066627301 0.002112948 0.001782189 0.999996185 2.592437744
0.999991059 0.003772340 -0.001912793 0.060759183 -0.003775063 0.999991775 -0.001421786 -0.076029599 0.001907414 0.001428994 0.999997199 2.820023537
0.999990523 0.004069771 -0.001560939 0.064779073 -0.004072247 0.999990463 -0.001586429 -0.085123479 0.001554469 0.001592770 0.999997497 3.048478127
0.999992609 0.003376151 -0.001829030 0.067007579 -0.003379718 0.999992311 -0.001950524 -0.093302853 0.001822431 0.001956691 0.999996424 3.292659283
0.999988914 0.004385241 -0.001673361 0.070355304 -0.004388246 0.999988735 -0.001796895 -0.093281165 0.001665462 0.001804218 0.999996960 3.519381046
0.999990165 0.004154368 -0.001492304 0.072410852 -0.004156840 0.999989986 -0.001657227 -0.100790091 0.001485405 0.001663414 0.999997497 3.773566246
0.999992907 0.003470955 -0.001468521 0.079931743 -0.003473009 0.999992907 -0.001398035 -0.120258354 0.001463658 0.001403125 0.999997914 4.035041809
0.999992549 0.003622801 -0.001360899 0.085449144 -0.003623911 0.999993145 -0.000813507 -0.131971344 0.001357943 0.000818433 0.999998808 4.283968925
0.999992788 0.003672886 -0.000978333 0.085597381 -0.003673994 0.999992549 -0.001133358 -0.137952685 0.000974163 0.001136945 0.999998927 4.538577557
0.999991179 0.004000467 -0.001264247 0.092729814 -0.004001693 0.999991536 -0.000969284 -0.135408252 0.001260359 0.000974335 0.999998748 4.782538414
0.999992013 0.003763899 -0.001348645 0.101366661 -0.003764676 0.999992788 -0.000574182 -0.143089324 0.001346475 0.000579255 0.999998987 5.038323879
0.999991477 0.003995808 -0.000999159 0.096626908 -0.003996489 0.999991715 -0.000679680 -0.156884223 0.000996435 0.000683667 0.999999285 5.296384335
0.999986649 0.005164704 -0.000125336 0.092341579 -0.005164837 0.999986053 -0.001087697 -0.169994518 0.000119717 0.001088329 0.999999404 5.568358898
0.999991417 0.004133524 -0.000226524 0.096631356 -0.004133584 0.999991417 -0.000269751 -0.184458092 0.000225408 0.000270685 1.000000000 5.828803539
0.999991357 0.004163185 -0.000154384 0.107363403 -0.004163272 0.999991238 -0.000565689 -0.189693481 0.000152027 0.000566327 0.999999821 6.117049217
0.999989927 0.004476370 -0.000350753 0.103423141 -0.004476636 0.999989688 -0.000761206 -0.191333696 0.000347342 0.000762768 0.999999642 6.413650513
0.999986291 0.005239798 0.000047374 0.097793877 -0.005239702 0.999984562 -0.001843831 -0.189652964 -0.000057035 0.001843557 0.999998271 6.719321251
0.999986231 0.005191015 0.000744382 0.097980604 -0.005190005 0.999985516 -0.001352909 -0.204512566 -0.000751394 0.001349027 0.999998808 7.011692524
0.999991715 0.003995689 -0.000713586 0.113448903 -0.003996260 0.999991715 -0.000801351 -0.218331113 0.000710378 0.000804196 0.999999404 7.324570656
0.999989510 0.004579358 0.000094302 0.111275762 -0.004579243 0.999988794 -0.001183959 -0.223465294 -0.000099722 0.001183515 0.999999285 7.633893490
0.999987841 0.004908699 0.000220718 0.116428159 -0.004908422 0.999987185 -0.001236006 -0.235030875 -0.000226782 0.001234908 0.999999225 7.949024200
0.999989033 0.004675762 -0.000213784 0.124514446 -0.004675998 0.999988437 -0.001114086 -0.245301634 0.000208572 0.001115074 0.999999344 8.281244278
0.999989450 0.004588052 -0.000203417 0.131122023 -0.004588269 0.999988854 -0.001078741 -0.256630391 0.000198465 0.001079663 0.999999404 8.603468895
0.999985278 0.005379357 0.000738810 0.131102964 -0.005378872 0.999985337 -0.000657850 -0.271460652 -0.000742339 0.000653867 0.999999523 8.943367958
0.999988317 0.004820493 0.000314558 0.138853431 -0.004820186 0.999987900 -0.000968053 -0.279374957 -0.000319221 0.000966525 0.999999404 9.286338806
0.999988377 0.004812228 0.000238827 0.147206903 -0.004811978 0.999987841 -0.001043231 -0.288481534 -0.000243844 0.001042069 0.999999404 9.634239197
0.999988079 0.004869089 0.000324850 0.156791732 -0.004868806 0.999987781 -0.000862848 -0.298692405 -0.000329047 0.000861256 0.999999583 9.979957581
0.999988556 0.004769008 0.000359578 0.161248907 -0.004768811 0.999988496 -0.000547219 -0.315209180 -0.000362184 0.000545498 0.999999762 10.334704399
0.999990165 0.004418473 -0.000068470 0.170841187 -0.004418489 0.999990225 -0.000243989 -0.326367706 0.000067391 0.000244289 0.999999940 10.695087433
0.999987125 0.005072917 0.000020860 0.178357050 -0.005072912 0.999987125 -0.000252223 -0.334049612 -0.000022140 0.000252114 0.999999940 11.072294235
0.999986470 0.005190151 0.000350247 0.183780059 -0.005190053 0.999986470 -0.000280607 -0.347200960 -0.000351699 0.000278785 0.999999881 11.436409950
0.999987304 0.005028594 -0.000116811 0.197045416 -0.005028612 0.999987364 -0.000157204 -0.359532207 0.000116019 0.000157790 1.000000000 11.819094658
0.999989450 0.004614331 0.000260897 0.199120343 -0.004614281 0.999989271 -0.000196531 -0.371282816 -0.000261801 0.000195325 0.999999940 12.202728271
0.999992013 0.003984350 0.000387527 0.208711222 -0.003984220 0.999991953 -0.000335237 -0.382863700 -0.000388860 0.000333691 0.999999821 12.605573654
0.999992251 0.003911105 -0.000424958 0.216026828 -0.003911234 0.999992311 -0.000302234 -0.390121609 0.000423773 0.000303894 0.999999881 13.014640808
0.999989927 0.004489882 0.000091649 0.219595402 -0.004489888 0.999989927 0.000044261 -0.411382467 -0.000091449 -0.000044673 0.999999940 13.398514748
0.999991417 0.004148596 0.000112251 0.229397357 -0.004148585 0.999991417 -0.000101909 -0.422207624 -0.000112672 0.000101442 1.000000000 13.827544212
0.999991894 0.004013670 -0.000149432 0.245855302 -0.004013673 0.999991953 -0.000027389 -0.431951731 0.000149320 0.000027988 1.000000000 14.272062302
0.999993145 0.003698294 0.000094778 0.248651803 -0.003698335 0.999993026 0.000444588 -0.456072301 -0.000093132 -0.000444935 0.999999821 14.683973312
0.999994338 0.003332630 -0.000318486 0.267425478 -0.003332536 0.999994338 0.000295522 -0.460690439 0.000319468 -0.000294459 0.999999881 15.146778107
0.999989748 0.004511293 0.000297661 0.274161696 -0.004511357 0.999989927 0.000214020 -0.474247128 -0.000296693 -0.000215360 0.999999881 15.584959030
0.999992132 0.003928593 0.000402713 0.285876274 -0.003928546 0.999992371 -0.000118040 -0.486407816 -0.000403175 0.000116457 0.999999940 16.019226074
0.999993742 0.003513160 0.000116726 0.298014492 -0.003513182 0.999993801 0.000181886 -0.501926899 -0.000116085 -0.000182295 1.000000000 16.489471436
0.999993324 0.003623359 0.000405975 0.307168126 -0.003623272 0.999993384 -0.000216418 -0.512120605 -0.000406756 0.000214946 0.999999881 16.942741394
0.999993145 0.003692929 0.000345361 0.320324510 -0.003693164 0.999992907 0.000679554 -0.533195376 -0.000342848 -0.000680825 0.999999702 17.418991089
0.999991417 0.004174221 0.000149312 0.332696497 -0.004174302 0.999991119 0.000545461 -0.546787500 -0.000147032 -0.000546079 0.999999821 17.892627716
0.999993265 0.003691818 0.000124670 0.344621718 -0.003691902 0.999993026 0.000685183 -0.564027727 -0.000122139 -0.000685638 0.999999762 18.359813690
0.999996781 0.002469240 -0.000552887 0.369446993 -0.002468419 0.999995828 0.001483185 -0.579551518 0.000556547 -0.001481815 0.999998748 18.842607498
0.999995351 0.003040756 -0.000264966 0.376154780 -0.003040127 0.999992609 0.002343255 -0.601890743 0.000272089 -0.002342439 0.999997258 19.307226181
0.999995470 0.003002306 -0.000107959 0.384867251 -0.003002151 0.999994636 0.001403790 -0.611437559 0.000112173 -0.001403460 0.999998987 19.803400040
0.999996543 0.002550553 0.000563346 0.384315759 -0.002551159 0.999996185 0.001078484 -0.618966222 -0.000560593 -0.001079917 0.999999285 20.288108826
0.999996424 0.002633642 0.000390628 0.396619946 -0.002633844 0.999996424 0.000518324 -0.628415525 -0.000389261 -0.000519352 0.999999821 20.787912369
0.999993205 0.003714110 -0.000178259 0.419389933 -0.003713940 0.999992609 0.000947691 -0.639687657 0.000181778 -0.000947022 0.999999464 21.288564682
0.999994159 0.003416618 -0.000153940 0.421272308 -0.003416466 0.999993682 0.000976683 -0.654869437 0.000157276 -0.000976151 0.999999523 21.772909164
0.999987781 0.002050247 -0.004495915 0.472908944 -0.002032964 0.999990523 0.003845233 -0.701530755 0.004503756 -0.003836046 0.999982476 22.298385620
0.999984384 0.001644915 -0.005368832 0.485650390 -0.001627855 0.999993622 0.003180440 -0.709797561 0.005374031 -0.003171650 0.999980509 22.806682587
0.999979556 0.001472709 -0.006234008 0.495680571 -0.001452755 0.999993861 0.003204077 -0.726674438 0.006238688 -0.003194955 0.999975443 23.325241089
0.999987781 0.004744591 -0.001366582 0.460537404 -0.004742871 0.999987900 0.001259270 -0.713097453 0.001372540 -0.001252773 0.999998271 23.769090652
0.999994278 0.002604808 -0.002165543 0.450737596 -0.002602286 0.999995947 0.001166649 -0.727776349 0.002168573 -0.001161007 0.999996960 24.264205933
0.999991953 0.002926356 -0.002779527 0.459505171 -0.002921453 0.999994159 0.001766186 -0.740569830 0.002784679 -0.001758051 0.999994576 24.800533295
0.999990284 0.003367571 -0.002845025 0.464326203 -0.003363712 0.999993443 0.001359997 -0.745606303 0.002849586 -0.001350414 0.999995053 25.295053482
0.999983013 0.004918258 -0.003133732 0.465812147 -0.004914073 0.999987006 0.001341988 -0.765423775 0.003140291 -0.001326566 0.999994218 25.787700653
0.999980032 0.005457017 -0.003187102 0.472523987 -0.005455430 0.999984980 0.000506598 -0.771695793 0.003189818 -0.000489200 0.999994814 26.351629257
0.999980152 0.004992636 -0.003862059 0.487356931 -0.004985879 0.999986053 0.001757413 -0.787725210 0.003870779 -0.001738122 0.999991000 26.914945602
0.999985516 0.003053067 -0.004421284 0.515000343 -0.003045223 0.999993801 0.001779823 -0.819188058 0.004426691 -0.001766333 0.999988556 27.292697906
0.999982417 0.001990121 -0.005579032 0.533297658 -0.001982641 0.999997139 0.001345818 -0.838345349 0.005581694 -0.001334733 0.999983490 27.805427551
0.999979079 0.004855539 -0.004269897 0.513712943 -0.004843813 0.999984503 0.002752219 -0.842125356 0.004283195 -0.002731479 0.999987066 28.318103790
0.999976575 0.005692604 -0.003799580 0.514141738 -0.005680888 0.999979079 0.003086983 -0.863583386 0.003817074 -0.003065325 0.999988019 28.869010925
0.999969721 0.005522348 -0.005479435 0.562027395 -0.005510235 0.999982357 0.002223230 -0.863452315 0.005491616 -0.002192971 0.999982536 29.371156693
0.999968886 0.005407564 -0.005743287 0.555149317 -0.005395268 0.999983132 0.002154376 -0.878949642 0.005754839 -0.002123322 0.999981165 29.882017136
0.999965310 0.005404538 -0.006329461 0.570719719 -0.005393627 0.999983966 0.001739608 -0.885858655 0.006338762 -0.001705409 0.999978483 30.427244186
0.999970019 0.005244812 -0.005685764 0.582026839 -0.005239171 0.999985754 0.001006295 -0.889349997 0.005690960 -0.000976477 0.999983311 30.963535309
0.999963224 0.005307070 -0.006737053 0.603700340 -0.005293171 0.999983788 0.002079161 -0.917984128 0.006747977 -0.002043423 0.999975145 31.478126526
0.999966323 0.004557945 -0.006821798 0.611198783 -0.004549859 0.999989033 0.001200284 -0.929879010 0.006827194 -0.001169206 0.999976039 32.010898590
0.999963939 0.005131387 -0.006767842 0.613771439 -0.005120369 0.999985516 0.001644284 -0.942794144 0.006776182 -0.001609571 0.999975741 32.530078888
0.999959886 0.004644084 -0.007660403 0.626322031 -0.004634622 0.999988437 0.001252447 -0.956056237 0.007666131 -0.001216894 0.999969900 33.077545166
0.999956787 0.004565583 -0.008100464 0.640524745 -0.004549726 0.999987721 0.001974901 -0.984112859 0.008109382 -0.001937961 0.999965250 33.607917786
0.999955952 0.005458705 -0.007634714 0.637754321 -0.005448728 0.999984264 0.001327050 -0.990089059 0.007641839 -0.001285392 0.999969959 34.165557861
0.999953032 0.005160070 -0.008202462 0.653352141 -0.005142050 0.999984324 0.002216519 -1.015892148 0.008213770 -0.002174238 0.999963880 34.705078125
0.999953032 0.004877456 -0.008373259 0.664558113 -0.004860068 0.999985933 0.002095826 -1.028699875 0.008383364 -0.002055033 0.999962687 35.259078979
0.999952674 0.004150615 -0.008796455 0.675463200 -0.004139631 0.999990642 0.001266429 -1.035801053 0.008801629 -0.001229955 0.999960482 35.830753326
0.999950349 0.004396011 -0.008941521 0.683587432 -0.004380526 0.999988973 0.001750539 -1.052360654 0.008949117 -0.001711284 0.999958515 36.366886139
0.999946535 0.004907621 -0.009102218 0.683449566 -0.004896458 0.999987185 0.001248347 -1.053711534 0.009108230 -0.001203712 0.999957740 36.922641754
0.999943554 0.005355351 -0.009192090 0.695815325 -0.005355704 0.999985576 -0.000013632 -1.057054877 0.009191886 0.000062862 0.999957740 37.479335785
0.999941945 0.004868452 -0.009613301 0.702474475 -0.004869482 0.999988139 -0.000083691 -1.074659348 0.009612779 0.000130498 0.999953806 38.033740997
0.999937534 0.005242465 -0.009871431 0.709274352 -0.005238816 0.999986172 0.000395416 -1.094968081 0.009873369 -0.000343677 0.999951124 38.575691223
0.999940753 0.004931843 -0.009702003 0.721209884 -0.004925992 0.999987662 0.000626870 -1.110451341 0.009704975 -0.000579041 0.999952734 39.118885040
0.999942064 0.004658469 -0.009704426 0.726225495 -0.004647783 0.999988556 0.001123459 -1.129468203 0.009709548 -0.001078290 0.999952257 39.661457062
0.999936461 0.005622858 -0.009771063 0.737877011 -0.005617327 0.999984026 0.000593530 -1.143466949 0.009774245 -0.000538605 0.999952018 40.206504822
0.999938667 0.005812361 -0.009418276 0.728825569 -0.005803704 0.999982655 0.000946242 -1.156531930 0.009423613 -0.000891523 0.999955177 40.762638092
0.999939442 0.004847968 -0.009880320 0.739528179 -0.004840696 0.999987960 0.000759887 -1.168179870 0.009883886 -0.000712014 0.999950886 41.305400848
0.999935567 0.004572666 -0.010387474 0.750295699 -0.004556250 0.999988317 0.001603453 -1.190402031 0.010394685 -0.001556022 0.999944746 41.857940674
0.999930739 0.005349112 -0.010484966 0.755855203 -0.005340408 0.999985397 0.000857953 -1.193796277 0.010489401 -0.000801900 0.999944687 42.419784546
0.999932706 0.005506936 -0.010203650 0.753660798 -0.005496105 0.999984324 0.001089154 -1.208609223 0.010209490 -0.001033001 0.999947369 42.970726013
0.999927223 0.005049168 -0.010951241 0.767818451 -0.005038654 0.999986827 0.000987410 -1.222938895 0.010956082 -0.000932158 0.999939561 43.499481201
0.999932706 0.004919389 -0.010511872 0.764758825 -0.004914202 0.999987781 0.000519308 -1.225957632 0.010514300 -0.000467615 0.999944627 44.044086456
0.999936283 0.005241255 -0.009994280 0.760147274 -0.005233381 0.999985933 0.000813762 -1.245999932 0.009998403 -0.000761406 0.999949753 44.588291168
0.999930203 0.005708822 -0.010346292 0.771259606 -0.005705859 0.999983668 0.000315832 -1.253338695 0.010347926 -0.000256776 0.999946415 45.129596710
0.999937654 0.005302376 -0.009821927 0.775880098 -0.005299721 0.999985933 0.000296237 -1.271390080 0.009823360 -0.000244165 0.999951661 45.692592621
0.999939144 0.005356546 -0.009636589 0.776305914 -0.005356532 0.999985635 0.000027152 -1.283845901 0.009636596 0.000024469 0.999953568 46.239452362
0.999933720 0.006230443 -0.009677101 0.775769353 -0.006234783 0.999980450 -0.000418426 -1.290381074 0.009674303 0.000478732 0.999953091 46.793918610
0.999936521 0.005502364 -0.009833789 0.779222727 -0.005501471 0.999984920 0.000117841 -1.307072878 0.009834288 -0.000063734 0.999951661 47.348514557
0.999939919 0.006281591 -0.008978480 0.778344035 -0.006277392 0.999980092 0.000495913 -1.328707218 0.008981415 -0.000439522 0.999959588 47.884288788
0.999936044 0.006116897 -0.009515352 0.793161273 -0.006115573 0.999981284 0.000168210 -1.336753249 0.009516202 -0.000110007 0.999954700 48.430160522
0.999937475 0.006254952 -0.009268328 0.791040003 -0.006252320 0.999980390 0.000312881 -1.353859901 0.009270104 -0.000254913 0.999957025 48.993724823
0.999941289 0.005771459 -0.009172423 0.799169302 -0.005772522 0.999983311 -0.000089474 -1.363964200 0.009171753 0.000142417 0.999957919 49.541572571
0.999942780 0.004907825 -0.009507236 0.807298779 -0.004909139 0.999987900 -0.000114779 -1.383147120 0.009506558 0.000161445 0.999954820 50.068569183
0.999948502 0.006195662 -0.008034407 0.790568352 -0.006202293 0.999980450 -0.000800718 -1.393856525 0.008029290 0.000850509 0.999967396 50.627624512
0.999949574 0.006251868 -0.007855681 0.795072973 -0.006252751 0.999980450 -0.000087878 -1.413517356 0.007854978 0.000136993 0.999969125 51.156276703
0.999948621 0.006173370 -0.008039292 0.803728580 -0.006178350 0.999980748 -0.000594648 -1.421190619 0.008035466 0.000644287 0.999967515 51.698093414
0.999952197 0.005908595 -0.007791513 0.813277543 -0.005915336 0.999982119 -0.000842377 -1.434316754 0.007786397 0.000888426 0.999969304 52.251800537
0.999954402 0.006382645 -0.007105995 0.800324857 -0.006384934 0.999979556 -0.000299617 -1.461853504 0.007103938 0.000344975 0.999974728 52.781486511
0.999952793 0.006844186 -0.006901144 0.802246451 -0.006840668 0.999976456 0.000533287 -1.487415910 0.006904632 -0.000486053 0.999976039 53.313602448
0.999944210 0.007801052 -0.007122066 0.816455483 -0.007802763 0.999969542 -0.000212623 -1.491442561 0.007120190 0.000268182 0.999974608 53.834602356
0.999947965 0.007232194 -0.007194568 0.826015234 -0.007232761 0.999973834 -0.000052586 -1.509544253 0.007193999 0.000104620 0.999974072 54.370071411
0.999945641 0.007610721 -0.007123163 0.832924724 -0.007616417 0.999970675 -0.000772833 -1.519867778 0.007117073 0.000827044 0.999974310 54.924423218
0.999946535 0.007368427 -0.007256999 0.836436450 -0.007375617 0.999972343 -0.000964328 -1.533529282 0.007249692 0.001017801 0.999973178 55.478542328
0.999952376 0.006986168 -0.006804762 0.835464954 -0.006996051 0.999974489 -0.001429834 -1.535940409 0.006794601 0.001477373 0.999975801 56.035011292
0.999944925 0.007919347 -0.006874416 0.839124560 -0.007931942 0.999967039 -0.001807113 -1.552142739 0.006859875 0.001861541 0.999974728 56.589954376
0.999948204 0.007893895 -0.006427134 0.843744636 -0.007908637 0.999966085 -0.002271360 -1.554882526 0.006408987 0.002322072 0.999976695 57.140464783
0.999952435 0.007602779 -0.006103266 0.848178864 -0.007615731 0.999968767 -0.002101715 -1.576141238 0.006087096 0.002148096 0.999979138 57.665813446
0.999948382 0.008732940 -0.005192216 0.848486900 -0.008742154 0.999960244 -0.001754468 -1.596134067 0.005176688 0.001799769 0.999984980 58.197338104
0.999958396 0.007261916 -0.005515784 0.859333158 -0.007270805 0.999972224 -0.001593251 -1.610180616 0.005504061 0.001633289 0.999983430 58.751441956
0.999962747 0.006542524 -0.005624739 0.868327737 -0.006554025 0.999976337 -0.002028533 -1.627540231 0.005611334 0.002065322 0.999982059 59.293952942
0.999953806 0.007773682 -0.005656292 0.878551364 -0.007785998 0.999967277 -0.002158839 -1.643858075 0.005639325 0.002202779 0.999981701 59.846191406
0.999954104 0.007180338 -0.006343007 0.879372954 -0.007197125 0.999970675 -0.002627520 -1.640099883 0.006323955 0.002673051 0.999976456 60.403934479
0.999955714 0.007432064 -0.005773985 0.883045316 -0.007450958 0.999966919 -0.003257855 -1.654114962 0.005749582 0.003300733 0.999978006 60.978458405
0.999953032 0.007547807 -0.006079044 0.894493937 -0.007571840 0.999963701 -0.003940085 -1.651542425 0.006049084 0.003985930 0.999973774 61.516304016
0.999953210 0.006994459 -0.006676656 0.914333999 -0.007014852 0.999970794 -0.003035830 -1.680284619 0.006655226 0.003082523 0.999973059 62.049663544
0.999953687 0.006962774 -0.006643753 0.929096937 -0.006985580 0.999969900 -0.003416052 -1.703311443 0.006619766 0.003462304 0.999972105 62.604476929
0.999952972 0.007620849 -0.005992407 0.917598367 -0.007636548 0.999967456 -0.002601308 -1.718898058 0.005972386 0.002646947 0.999978602 63.158950806
0.999951899 0.007778703 -0.005969903 0.924098611 -0.007799779 0.999963403 -0.003515262 -1.730165243 0.005942340 0.003561657 0.999975979 63.718467712
0.999952972 0.007759364 -0.005820251 0.926969171 -0.007782310 0.999961972 -0.003930058 -1.736345887 0.005789535 0.003975168 0.999975324 64.264945984
0.999954820 0.007298662 -0.006089112 0.945593476 -0.007316634 0.999968946 -0.002934532 -1.770083904 0.006067505 0.002978951 0.999977171 64.807144165
0.999953389 0.007706820 -0.005803118 0.952168465 -0.007725851 0.999964833 -0.003264259 -1.782417178 0.005777756 0.003308941 0.999977767 65.351547241
0.999959230 0.007512266 -0.005015620 0.936202645 -0.007531411 0.999964356 -0.003808914 -1.784493566 0.004986827 0.003846533 0.999980152 65.923591614
0.999949574 0.008104477 -0.005916730 0.958489120 -0.008130576 0.999957204 -0.004400328 -1.803782821 0.005880815 0.004448213 0.999972761 66.468284607
0.999954641 0.007987846 -0.005174375 0.961330175 -0.008010266 0.999958575 -0.004327001 -1.810992956 0.005139597 0.004368253 0.999977231 67.020301819
0.999954224 0.007518394 -0.005940252 0.966433644 -0.007548147 0.999958992 -0.005002095 -1.824353099 0.005902403 0.005046704 0.999969780 67.566291809
0.999955595 0.007935059 -0.005082676 0.963147640 -0.007954072 0.999961376 -0.003731515 -1.862956524 0.005052870 0.003771777 0.999980032 68.098052979
0.999951839 0.008024631 -0.005647337 0.981071472 -0.008049117 0.999958217 -0.004326655 -1.875297666 0.005612380 0.004371904 0.999974608 68.637504578
0.999952972 0.007066864 -0.006629950 0.989114761 -0.007092483 0.999967456 -0.003848681 -1.899544477 0.006602537 0.003895523 0.999970615 69.181449890
0.999951541 0.008107297 -0.005579482 0.992306650 -0.008128892 0.999959528 -0.003858634 -1.915317416 0.005547972 0.003903803 0.999976933 69.735488892
0.999960780 0.006843019 -0.005613330 1.004595757 -0.006862264 0.999970615 -0.003416427 -1.934327841 0.005589785 0.003454814 0.999978423 70.277130127
0.999955118 0.007779880 -0.005398916 1.008366823 -0.007799004 0.999963343 -0.003530323 -1.951762319 0.005371252 0.003572271 0.999979198 70.816284180
0.999949217 0.007485809 -0.006741230 1.026660204 -0.007507421 0.999966681 -0.003186246 -1.975481033 0.006717154 0.003236693 0.999972224 71.365760803
0.999947786 0.008241565 -0.006040228 1.029361844 -0.008260053 0.999961257 -0.003042273 -1.987071157 0.006014921 0.003092007 0.999977112 71.912620544
0.999952435 0.007516013 -0.006213121 1.038578272 -0.007540195 0.999963999 -0.003877925 -2.004352808 0.006183752 0.003924589 0.999973118 72.450531006
0.999955356 0.007850155 -0.005248824 1.036812186 -0.007865638 0.999964714 -0.002935714 -2.029903173 0.005225592 0.002976868 0.999981940 72.983139038
0.999949157 0.008746901 -0.005007911 1.034924746 -0.008760820 0.999957800 -0.002764567 -2.044695616 0.004983518 0.002808299 0.999983668 73.544189453
0.999956489 0.007691440 -0.005279402 1.050294399 -0.007711747 0.999962926 -0.003837080 -2.056781292 0.005249693 0.003877626 0.999978721 74.075843811
0.999953747 0.007994748 -0.005350936 1.061541915 -0.008015774 0.999960184 -0.003919744 -2.070346117 0.005319387 0.003962454 0.999978006 74.615112305
0.999959588 0.007279649 -0.005277499 1.066294670 -0.007303260 0.999963343 -0.004468414 -2.078117132 0.005244776 0.004506776 0.999976099 75.178855896
0.999962211 0.006717980 -0.005515835 1.075168371 -0.006744529 0.999965608 -0.004808779 -2.091529608 0.005483342 0.004845799 0.999973238 75.711357117
0.999948442 0.008682318 -0.005268324 1.084721804 -0.008703954 0.999953687 -0.004097477 -2.119698763 0.005232505 0.004143121 0.999977648 76.235877991
0.999954462 0.008099094 -0.005043718 1.078962803 -0.008119998 0.999958396 -0.004138390 -2.132417679 0.005009991 0.004179155 0.999978721 76.820838928
0.999951720 0.008246510 -0.005348505 1.100023150 -0.008268616 0.999957323 -0.004124207 -2.151581049 0.005314267 0.004168233 0.999977112 77.343780518
0.999953568 0.008161490 -0.005109082 1.094171166 -0.008182772 0.999957800 -0.004158701 -2.171397448 0.005074927 0.004200314 0.999978304 77.878555298
0.999956727 0.008249569 -0.004302615 1.091018319 -0.008268640 0.999956012 -0.004433277 -2.180474281 0.004265853 0.004468662 0.999980927 78.454475403
0.999952555 0.008666298 -0.004453561 1.102416992 -0.008682997 0.999955297 -0.003744371 -2.207635880 0.004420912 0.003782863 0.999983013 78.987182617
0.999953449 0.008410783 -0.004729947 1.113808751 -0.008430133 0.999956131 -0.004085976 -2.217969894 0.004695373 0.004125659 0.999980450 79.527381897
0.999945045 0.008885535 -0.005567836 1.129698396 -0.008909774 0.999950886 -0.004343844 -2.235818386 0.005528965 0.004393214 0.999975026 80.057685852
0.999950409 0.008933950 -0.004397396 1.142377734 -0.008952944 0.999950588 -0.004318579 -2.254694700 0.004358596 0.004357735 0.999980986 80.600334167
0.999949515 0.009740809 -0.002467243 1.140913129 -0.009752631 0.999940753 -0.004826128 -2.269486427 0.002420086 0.004849947 0.999985337 81.133697510
0.999956071 0.009316240 -0.001043023 1.152654886 -0.009320489 0.999947906 -0.004145492 -2.293822289 0.001004348 0.004155031 0.999990880 81.657882690
0.999954581 0.009513113 -0.000554539 1.173101187 -0.009515375 0.999945760 -0.004230370 -2.308541775 0.000514265 0.004235454 0.999990880 82.199020386
0.999951005 0.009538786 0.002642123 1.183486938 -0.009524815 0.999940872 -0.005250971 -2.314941645 -0.002692055 0.005225548 0.999982715 82.750938416
0.999936104 0.009287863 0.006430826 1.204648972 -0.009255567 0.999944627 -0.005033516 -2.335069895 -0.006477220 0.004973674 0.999966621 83.270233154
0.999914646 0.009044147 0.009430869 1.216699243 -0.008992433 0.999944389 -0.005511617 -2.338367701 -0.009480193 0.005426339 0.999940336 83.848556519
0.999855399 0.009405288 0.014166909 1.245427251 -0.009336923 0.999944448 -0.004884045 -2.370469809 -0.014212059 0.004751062 0.999887645 84.377441406
0.999747455 0.010370382 0.019934723 1.273947954 -0.010285362 0.999937594 -0.004362813 -2.392327785 -0.019978724 0.004156675 0.999791741 84.935432434
0.999624610 0.010159891 0.025444200 1.304463029 -0.010042153 0.999938309 -0.004750817 -2.413865089 -0.025490899 0.004493518 0.999664962 85.471435547
0.999454319 0.009906371 0.031508178 1.335216761 -0.009749516 0.999939263 -0.005128008 -2.424418688 -0.031557053 0.004818020 0.999490321 86.034996033
0.999164760 0.009683987 0.039697744 1.371725321 -0.009469523 0.999939561 -0.005586843 -2.438142776 -0.039749451 0.005206259 0.999196112 86.583129883
0.998796284 0.009761161 0.048071984 1.413758516 -0.009510112 0.999939919 -0.005448287 -2.456157684 -0.048122279 0.004984558 0.998829007 87.127853394
0.998462379 0.009349034 0.054641340 1.461480618 -0.009066212 0.999944210 -0.005421556 -2.476277113 -0.054688986 0.004917829 0.998491347 87.670677185
0.997896969 0.009438780 0.064128958 1.506983757 -0.009110475 0.999943852 -0.005409947 -2.493585825 -0.064176410 0.004814324 0.997926891 88.231628418
0.997217894 0.008863199 0.074012779 1.571993828 -0.008483124 0.999949157 -0.005448045 -2.508618832 -0.074057303 0.004805028 0.997242391 88.767868042
0.996544898 0.008383354 0.082631238 1.633710384 -0.007903080 0.999949932 -0.006137611 -2.520635605 -0.082678556 0.005463364 0.996561289 89.327453613
0.995836794 0.008673030 0.090740509 1.700798035 -0.008101513 0.999944985 -0.006664811 -2.538430214 -0.090793341 0.005901929 0.995852292 89.875381470
0.994802594 0.007781001 0.101524591 1.775946140 -0.007175787 0.999954224 -0.006325105 -2.553881645 -0.101569161 0.005563712 0.994812906 90.426727295
0.993721962 0.007281474 0.111640438 1.854912758 -0.006577228 0.999956012 -0.006675163 -2.563667774 -0.111684144 0.005898971 0.993726254 90.963867188
0.992600441 0.006639792 0.121244833 1.934627533 -0.005855964 0.999959588 -0.006820018 -2.584961414 -0.121285215 0.006059548 0.992599189 91.496261597
0.991288126 0.006666459 0.131542236 2.043314934 -0.005807495 0.999959230 -0.006912507 -2.604167223 -0.131582946 0.006088356 0.991286457 92.026573181
0.989621520 0.006571231 0.143548101 2.148934364 -0.005607884 0.999958992 -0.007114546 -2.615190983 -0.143588975 0.006235707 0.989617765 92.587211609
0.987903535 0.005815561 0.154960409 2.235563278 -0.004793748 0.999964237 -0.006966896 -2.636168957 -0.154995382 0.006139780 0.987896144 93.126853943
0.986278117 0.005324971 0.165005937 2.344658852 -0.004175592 0.999964476 -0.007311775 -2.647106171 -0.165039033 0.006522447 0.986265481 93.678993225
0.984020352 0.005754188 0.177963123 2.463130951 -0.004505561 0.999962330 -0.007419553 -2.665324688 -0.177999124 0.006499167 0.984009147 94.214500427
0.981790364 0.005393759 0.189891025 2.599495888 -0.004013383 0.999962628 -0.007653109 -2.681182861 -0.189925238 0.006751643 0.981775343 94.756835938
0.979715705 0.005213196 0.200324908 2.723423004 -0.003696931 0.999961674 -0.007942375 -2.701308727 -0.200358659 0.007040681 0.979697347 95.281814575
0.976884961 0.004910416 0.213709161 2.867301941 -0.003330382 0.999964416 -0.007752787 -2.707736015 -0.213739619 0.006861848 0.976866484 95.821868896
0.973873436 0.005420693 0.227027342 3.011186600 -0.003903084 0.999966919 -0.007133084 -2.739906311 -0.227058515 0.006060613 0.973862231 96.349205017
0.971238673 0.005315688 0.238048702 3.167423248 -0.003884178 0.999971390 -0.006482176 -2.773632765 -0.238076344 0.005371116 0.971231639 96.878852844
0.968320012 0.004358412 0.249674618 3.316833496 -0.002684085 0.999971569 -0.007046108 -2.778456688 -0.249698177 0.006152739 0.968304276 97.388168335
0.964516461 0.004360505 0.263986766 3.464431763 -0.002668300 0.999973536 -0.006768406 -2.806998014 -0.264009297 0.005823843 0.964502573 97.927223206
0.960945189 0.004612574 0.276700377 3.637470245 -0.002648876 0.999968588 -0.007470190 -2.820780277 -0.276726156 0.006445497 0.960927248 98.457458496
0.957644105 0.004740564 0.287915438 3.829389572 -0.002781395 0.999970138 -0.007213354 -2.834510326 -0.287941039 0.006107019 0.957628667 98.971771240
0.953621686 0.004131676 0.300979376 4.024776459 -0.001898809 0.999968469 -0.007710828 -2.849362373 -0.301001728 0.006781712 0.953599453 99.515167236
0.949149430 0.004430132 0.314794660 4.216552734 -0.002162135 0.999969065 -0.007553514 -2.872799397 -0.314818412 0.006488786 0.949129760 100.023445129
0.945264280 0.003217530 0.326289654 4.410808563 -0.000641338 0.999967754 -0.008002684 -2.879716158 -0.326304853 0.007355390 0.945235968 100.550651550
0.940500319 0.003623282 0.339773178 4.624090195 -0.000836127 0.999964833 -0.008349031 -2.895030975 -0.339791417 0.007568174 0.940470338 101.085861206
0.935454011 0.003386141 0.353432208 4.843557358 -0.000483815 0.999965429 -0.008299858 -2.913591862 -0.353448093 0.007593140 0.935423315 101.594375610
0.930785120 0.002091060 0.365560561 5.043453217 0.000798961 0.999969602 -0.007754274 -2.938772678 -0.365565628 0.007509633 0.930755258 102.069396973
0.926084518 0.002112216 0.377310187 5.263687134 0.000980941 0.999967456 -0.008005569 -2.958155632 -0.377314776 0.007783952 0.926052332 102.579429626
0.920151412 0.002169298 0.391556919 5.521465302 0.000781362 0.999972463 -0.007376221 -2.984913588 -0.391562223 0.007093186 0.920124233 103.092506409
0.914377868 0.001628247 0.404858679 5.768444061 0.001297626 0.999974966 -0.006952370 -3.006343126 -0.404859811 0.006882447 0.914352953 103.583671570
0.909352660 -0.000085670 0.416026145 6.016021729 0.003715483 0.999961913 -0.007915408 -3.014922142 -0.416009575 0.008743636 0.909318209 104.092620850
0.903069913 0.000585376 0.429493159 6.273456573 0.003093509 0.999964237 -0.007867434 -3.035363197 -0.429482430 0.008433484 0.903035820 104.587585449
0.896408916 0.001760769 0.443224460 6.531925201 0.001973754 0.999966323 -0.007964361 -3.049186468 -0.443223625 0.008014140 0.896375299 105.076950073
0.890373051 0.000483410 0.455231369 6.797077179 0.003403014 0.999964416 -0.007717712 -3.074159861 -0.455218941 0.008420801 0.890339732 105.551872253
0.884887636 0.000095347 0.465804517 7.070957184 0.003880780 0.999963701 -0.007576995 -3.094602108 -0.465788364 0.008512474 0.884855211 106.026336670
0.877810419 -0.000068033 0.479008049 7.341739655 0.003916176 0.999967515 -0.007034597 -3.118278980 -0.478992045 0.008050923 0.877782226 106.474380493
