1.000000000 0.000000000 0.000000000 0.000000000 0.000000000 1.000000000 0.000000000 0.000000000 0.000000000 0.000000000 1.000000000 0.000000000
1.000000000 0.000071499 -0.000030676 0.000298568 -0.000071498 1.000000000 0.000020721 0.000494070 0.000030678 -0.000020719 1.000000000 0.002213747
1.000000000 0.000026045 -0.000044266 0.000766580 -0.000026043 1.000000000 0.000060143 -0.001159563 0.000044268 -0.000060142 1.000000000 0.000939076
1.000000000 -0.000031515 -0.000035425 0.000518779 0.000031513 1.000000000 -0.000038345 0.000475705 0.000035427 0.000038344 1.000000000 -0.001490450
1.000000000 -0.000161059 -0.000118386 0.001264580 0.000161067 1.000000000 0.000070235 -0.001017188 0.000118375 -0.000070255 1.000000000 0.000023416
1.000000000 -0.000152447 -0.000112115 -0.000775495 0.000152453 1.000000000 0.000049274 -0.000166975 0.000112107 -0.000049291 1.000000000 -0.000638766
1.000000000 -0.000137589 -0.000057797 0.000759289 0.000137593 1.000000000 0.000066571 -0.000710388 0.000057788 -0.000066579 1.000000000 0.001384074
1.000000000 -0.000154993 -0.000060563 0.000071107 0.000154998 1.000000000 0.000086708 -0.000885226 0.000060550 -0.000086717 1.000000000 -0.000511557
1.000000000 -0.000043448 -0.000089442 0.000601725 0.000043453 1.000000000 0.000061985 -0.000035307 0.000089440 -0.000061988 1.000000000 -0.001793337
1.000000000 -0.000028996 -0.000008471 -0.000451114 0.000028997 1.000000000 0.000053218 0.000705281 0.000008469 -0.000053218 1.000000000 0.002862722
1.000000000 -0.000068933 -0.000074547 0.000951702 0.000068933 1.000000000 -0.000002224 0.000614092 0.000074547 0.000002219 1.000000000 0.000137671
1.000000000 -0.000118909 -0.000132929 0.001149218 0.000118916 1.000000000 0.000052348 0.000109593 0.000132923 -0.000052364 1.000000000 -0.000469706
1.000000000 -0.000107041 -0.000046344 -0.000271744 0.000107040 1.000000000 -0.000020842 0.001677313 0.000046346 0.000020838 1.000000000 0.002511697
0.999999940 -0.000209303 -0.000135901 0.000961676 0.000209317 1.000000000 0.000105870 0.000142474 0.000135879 -0.000105898 1.000000000 -0.001433251
1.000000000 -0.000128958 -0.000145875 0.001157615 0.000128964 1.000000000 0.000043726 -0.000483042 0.000145870 -0.000043745 1.000000000 -0.002280314
1.000000000 -0.000159250 -0.000177256 0.003282306 0.000159275 1.000000000 0.000143106 -0.000829248 0.000177233 -0.000143134 1.000000000 -0.004996376
1.000000000 -0.000127931 -0.000072869 0.001619881 0.000127936 1.000000000 0.000068512 -0.000391419 0.000072861 -0.000068521 1.000000000 -0.003606930
1.000000000 -0.000046571 -0.000076837 0.001664856 0.000046573 1.000000000 0.000028599 -0.000034714 0.000076835 -0.000028603 1.000000000 -0.000580125
1.000000000 -0.000026213 -0.000121495 0.001763313 0.000026230 1.000000000 0.000134481 -0.000928560 0.000121491 -0.000134484 1.000000000 -0.003559727
0.999999940 -0.000230579 -0.000144717 0.001511957 0.000230590 1.000000000 0.000072838 -0.000183736 0.000144700 -0.000072872 1.000000000 -0.003159247
1.000000000 -0.000187628 -0.000110253 0.001062573 0.000187638 1.000000000 0.000090184 0.000431608 0.000110236 -0.000090204 1.000000000 0.001217378
1.000000000 -0.000202720 -0.000121471 0.000551665 0.000202734 1.000000000 0.000114804 -0.001828545 0.000121447 -0.000114829 1.000000000 -0.004018985
1.000000000 -0.000070113 -0.000162916 0.003634867 0.000070132 1.000000000 0.000119942 -0.000926544 0.000162908 -0.000119953 1.000000000 -0.002708788
1.000000000 -0.000101962 -0.000170811 0.003443734 0.000101976 1.000000000 0.000085984 -0.001510434 0.000170802 -0.000086001 1.000000000 -0.002676208
0.999999940 -0.000189010 -0.000191632 0.002847900 0.000189034 1.000000000 0.000128008 -0.001386027 0.000191608 -0.000128044 1.000000000 -0.005365561
0.999999940 -0.000159426 -0.000192337 0.002661641 0.000159443 1.000000000 0.000089050 0.000221278 0.000192323 -0.000089081 1.000000000 -0.001502902
1.000000000 -0.000148559 -0.000150463 0.003166399 0.000148566 1.000000000 0.000047666 0.000287510 0.000150456 -0.000047688 1.000000000 -0.003222794
0.999999940 -0.000231951 -0.000164474 0.003488913 0.000231967 0.999999940 0.000101875 -0.000750989 0.000164451 -0.000101913 1.000000000 -0.004103254
0.999999940 -0.000228725 -0.000119841 0.000419216 0.000228735 1.000000000 0.000081076 -0.000945675 0.000119823 -0.000081103 1.000000000 -0.002948445
1.000000000 -0.000066384 -0.000197172 0.002690872 0.000066415 1.000000000 0.000160555 -0.001195722 0.000197161 -0.000160569 0.999999940 -0.003359552
0.999999940 -0.000237799 -0.000199034 0.003734058 0.000237822 0.999999940 0.000115865 -0.000805809 0.000199006 -0.000115912 1.000000000 -0.003598370
0.999999940 -0.000186964 -0.000215651 0.003010011 0.000186990 1.000000000 0.000121955 -0.000551419 0.000215628 -0.000121995 0.999999940 -0.003229869
1.000000000 -0.000172210 -0.000157056 0.002615072 0.000172226 1.000000000 0.000102834 -0.000657091 0.000157038 -0.000102861 1.000000000 -0.005168625
1.000000000 -0.000118387 -0.000158941 0.003012049 0.000118399 1.000000000 0.000079374 -0.001242713 0.000158932 -0.000079393 1.000000000 -0.003220862
1.000000000 -0.000128186 -0.000156249 0.002759703 0.000128202 1.000000000 0.000100308 -0.000763984 0.000156236 -0.000100328 1.000000000 -0.001626872
0.999999940 -0.000200695 -0.000162083 0.002222231 0.000200719 0.999999940 0.000147433 -0.001689756 0.000162053 -0.000147466 1.000000000 -0.005153386
0.999999940 -0.000207450 -0.000222540 0.003253313 0.000207469 1.000000000 0.000087792 0.000176044 0.000222522 -0.000087838 1.000000000 -0.002558421
0.999999940 -0.000195221 -0.000207627 0.004091769 0.000195247 1.000000000 0.000123081 0.000381050 0.000207603 -0.000123122 1.000000000 -0.004371799
1.000000000 -0.000168758 -0.000127165 0.001224426 0.000168770 1.000000000 0.000088851 -0.000325388 0.000127150 -0.000088872 1.000000000 -0.003531345
1.000000000 -0.000146681 -0.000186763 0.002660483 0.000146711 1.000000000 0.000159994 -0.001350742 0.000186740 -0.000160021 0.999999940 -0.004933906
0.999999940 -0.000166496 -0.000205995 0.004997217 0.000166512 1.000000000 0.000075827 -0.001909509 0.000205982 -0.000075861 1.000000000 -0.001791022
1.000000000 -0.000226535 -0.000005628 0.000789499 0.000226532 0.999999821 -0.000534156 -0.002550462 0.000005749 0.000534154 0.999999881 0.050430015
1.000000000 -0.000016884 -0.000146750 0.003312963 0.000016719 0.999999344 -0.001121232 -0.003905250 0.000146769 0.001121230 0.999999344 0.141627401
1.000000000 -0.000137889 -0.000085361 0.004203374 0.000137764 0.999998927 -0.001465626 -0.007862003 0.000085563 0.001465614 0.999998927 0.258651733
1.000000000 -0.000092071 -0.000029425 0.006420181 0.000092030 0.999999046 -0.001381764 -0.011341326 0.000029552 0.001381761 0.999999046 0.393347651
1.000000000 -0.000028937 -0.000144170 0.009981481 0.000028770 0.999999344 -0.001152528 -0.018916467 0.000144203 0.001152524 0.999999344 0.528316855
1.000000000 0.000082003 -0.000064596 0.012037680 -0.000082074 0.999999404 -0.001111969 -0.020888755 0.000064504 0.001111974 0.999999404 0.686697900
1.000000000 0.000007309 0.000085088 0.015799915 -0.000007232 0.999999583 -0.000915397 -0.024306238 -0.000085094 0.000915396 0.999999583 0.846740186
0.999999940 0.000315371 0.000212488 0.010668978 -0.000315208 0.999999642 -0.000766642 -0.026317213 -0.000212730 0.000766575 0.999999702 1.025886536
1.000000000 0.000106733 -0.000144914 0.023502521 -0.000106817 0.999999821 -0.000581646 -0.037180316 0.000144852 0.000581661 0.999999821 1.185948730
1.000000000 0.000013903 -0.000001835 0.028078096 -0.000013904 0.999999940 -0.000281104 -0.041402441 0.000001831 0.000281104 0.999999940 1.366145253
1.000000000 0.000139669 -0.000105480 0.030257525 -0.000139701 0.999999940 -0.000300960 -0.050049692 0.000105438 0.000300975 0.999999940 1.573655128
0.999999940 0.000240414 -0.000169324 0.041729014 -0.000240277 0.999999583 0.000810984 -0.104529656 0.000169519 -0.000810943 0.999999642 1.823508501
0.999999940 -0.000014742 -0.000494730 0.051161341 0.000015323 0.999999344 0.001173171 -0.111037016 0.000494713 -0.001173178 0.999999166 2.028478622
0.999999940 0.000357893 -0.000295522 0.049795095 -0.000357582 0.999999404 0.001048668 -0.114970647 0.000295898 -0.001048562 0.999999344 2.233813047
0.999999881 0.000398370 -0.000196059 0.057991143 -0.000398116 0.999999106 0.001294526 -0.126749024 0.000196575 -0.001294447 0.999999166 2.464722633
0.999999881 0.000415087 -0.000266318 0.065736584 -0.000414779 0.999999225 0.001153999 -0.131581426 0.000266797 -0.001153888 0.999999344 2.694231749
0.999999940 0.000008556 -0.000199391 0.068676673 -0.000008302 0.999999166 0.001273348 -0.139205515 0.000199402 -0.001273346 0.999999106 2.921746731
0.999999940 -0.000008472 -0.000203682 0.074030086 0.000008759 0.999998987 0.001412544 -0.144086689 0.000203669 -0.001412546 0.999998987 3.146112442
0.999999881 0.000370046 -0.000321043 0.080525294 -0.000369578 0.999998987 0.001457271 -0.157005772 0.000321582 -0.001457152 0.999998868 3.399443626
0.999999881 0.000439139 -0.000317314 0.090991318 -0.000438636 0.999998689 0.001583930 -0.165541083 0.000318010 -0.001583790 0.999998689 3.642814636
0.999999881 0.000582862 -0.000220020 0.096713535 -0.000582462 0.999998152 0.001816710 -0.173762113 0.000221079 -0.001816582 0.999998331 3.896688223
0.999999881 0.000553111 -0.000214570 0.095161691 -0.000552734 0.999998331 0.001750822 -0.178157732 0.000215538 -0.001750703 0.999998450 4.149857998
1.000000000 0.000159991 0.000016608 0.098374389 -0.000160020 0.999998510 0.001702265 -0.179391772 -0.000016336 -0.001702267 0.999998569 4.436911583
1.000000000 -0.000103662 -0.000101104 0.105086319 0.000103849 0.999998331 0.001847019 -0.188167498 0.000100912 -0.001847030 0.999998331 4.690942764
0.999999940 -0.000218524 -0.000052218 0.109954022 0.000218627 0.999997973 0.001993782 -0.193662882 0.000051782 -0.001993793 0.999998093 4.952174187
0.999999940 -0.000358687 -0.000170236 0.117071949 0.000359095 0.999997079 0.002402841 -0.205424234 0.000169374 -0.002402902 0.999997079 5.215830326
0.999999940 -0.000019582 -0.000281172 0.126321316 0.000020189 0.999997675 0.002158076 -0.210055888 0.000281129 -0.002158082 0.999997616 5.483816624
0.999999821 -0.000150251 -0.000440984 0.134782612 0.000151282 0.999997318 0.002336957 -0.220630839 0.000440631 -0.002337023 0.999997199 5.754562378
0.999999821 0.000285505 -0.000361350 0.138745785 -0.000284686 0.999997377 0.002264386 -0.224950030 0.000361995 -0.002264282 0.999997377 6.023489952
0.999999940 -0.000034767 -0.000238110 0.140000656 0.000035311 0.999997437 0.002281574 -0.235834613 0.000238030 -0.002281582 0.999997377 6.307770729
0.999999881 -0.000123200 -0.000373039 0.151872247 0.000124250 0.999996006 0.002815674 -0.268491328 0.000372691 -0.002815720 0.999995887 6.568835735
0.999999940 0.000249145 -0.000257009 0.155899346 -0.000248486 0.999996662 0.002559345 -0.278722703 0.000257646 -0.002559281 0.999996662 6.854502201
1.000000000 0.000171919 -0.000230258 0.166311353 -0.000171301 0.999996424 0.002683767 -0.284963846 0.000230718 -0.002683728 0.999996364 7.162607670
0.999999881 0.000010154 -0.000366236 0.169680700 -0.000009166 0.999996364 0.002698408 -0.295587152 0.000366262 -0.002698404 0.999996245 7.453989983
1.000000000 -0.000050803 -0.000274211 0.183756560 0.000051590 0.999995828 0.002869267 -0.308405071 0.000274064 -0.002869281 0.999995828 7.750787258
0.999999821 -0.000548530 -0.000124350 0.176611587 0.000548956 0.999993861 0.003453665 -0.329858780 0.000122455 -0.003453732 0.999994040 8.087909698
0.999999762 -0.000594371 -0.000310101 0.186473489 0.000595415 0.999994099 0.003376289 -0.336047590 0.000308093 -0.003376473 0.999994278 8.403404236
0.999999940 -0.000207367 -0.000281031 0.190719411 0.000208321 0.999994099 0.003400455 -0.342668086 0.000280324 -0.003400513 0.999994218 8.735437393
0.999999881 -0.000333915 -0.000252194 0.190463006 0.000334789 0.999993861 0.003473257 -0.351530463 0.000251033 -0.003473341 0.999993980 9.075654030
0.999999940 -0.000149224 -0.000036496 0.193103567 0.000149352 0.999993682 0.003538505 -0.363758355 0.000035968 -0.003538511 0.999993742 9.416259766
1.000000000 0.000034724 0.000287983 0.200736761 -0.000035659 0.999994755 0.003246676 -0.378871441 -0.000287869 -0.003246687 0.999994695 9.771774292
0.999999642 0.000676840 0.000519215 0.207513884 -0.000678488 0.999994755 0.003181593 -0.386770129 -0.000517059 -0.003181944 0.999994755 10.115216255
0.999999881 -0.000203330 0.000220730 0.213707462 0.000202619 0.999994814 0.003217141 -0.392126441 -0.000221383 -0.003217096 0.999994814 10.490721703
0.999999881 -0.000307083 0.000256430 0.227931112 0.000306254 0.999994755 0.003226798 -0.403950065 -0.000257419 -0.003226719 0.999994755 10.846262932
0.999999881 -0.000414817 0.000252071 0.230314940 0.000413745 0.999990940 0.004239906 -0.425269753 -0.000253828 -0.004239801 0.999991000 11.196413040
0.999999821 -0.000234210 0.000478066 0.237740055 0.000232177 0.999990940 0.004248722 -0.436071128 -0.000479056 -0.004248611 0.999990821 11.573569298
0.999999821 0.000082813 0.000462058 0.243621141 -0.000084752 0.999991119 0.004198201 -0.441069216 -0.000461707 -0.004198239 0.999991119 11.970506668
0.999999762 -0.000720701 0.000041915 0.258247256 0.000720505 0.999989569 0.004500491 -0.456802309 -0.000045158 -0.004500459 0.999989867 12.332904816
0.999999821 -0.000495718 0.000312079 0.268271804 0.000494361 0.999990463 0.004334181 -0.483853877 -0.000314225 -0.004334026 0.999990582 12.726438522
0.999999821 -0.000433241 0.000465448 0.274115413 0.000431172 0.999990046 0.004436618 -0.493995190 -0.000467366 -0.004436415 0.999990106 13.129340172
0.999999881 -0.000538788 -0.000092800 0.292723894 0.000539203 0.999989510 0.004533880 -0.508605242 0.000090357 -0.004533929 0.999989748 13.514389992
0.999999881 -0.000184115 0.000461764 0.294670999 0.000181928 0.999988794 0.004731263 -0.515320718 -0.000462630 -0.004731178 0.999988675 13.940335274
0.999999642 -0.000972286 0.000260615 0.317913830 0.000971018 0.999987900 0.004825598 -0.547450662 -0.000265303 -0.004825342 0.999988317 14.331954956
0.999999344 -0.001197464 0.000086866 0.330370396 0.001197038 0.999988019 0.004753692 -0.559211671 -0.000092557 -0.004753585 0.999988735 14.759674072
0.999998868 -0.001436427 0.000479193 0.339804411 0.001434024 0.999986589 0.004977539 -0.570968986 -0.000486337 -0.004976847 0.999987543 15.181768417
0.999998808 -0.001528943 0.000392982 0.353365958 0.001526815 0.999984562 0.005360121 -0.589070380 -0.000401171 -0.005359515 0.999985516 15.601656914
0.999998689 -0.001278532 0.001005457 0.364139050 0.001273487 0.999986649 0.005002122 -0.600201964 -0.001011839 -0.005000835 0.999987006 16.030084610
0.999998748 -0.001000176 0.001227468 0.375563204 0.000993846 0.999986291 0.005146941 -0.610712349 -0.001232599 -0.005145714 0.999986053 16.478706360
0.999998152 -0.001224926 0.001497388 0.387625843 0.001217300 0.999986291 0.005083352 -0.626372159 -0.001503594 -0.005081520 0.999985993 16.914516449
0.999997020 -0.002060042 0.001309932 0.395031303 0.002052888 0.999983251 0.005438854 -0.643571794 -0.001321114 -0.005436148 0.999984324 17.370599747
0.999995887 -0.002055196 0.001998840 0.399963886 0.002043481 0.999980927 0.005845166 -0.654955089 -0.002010814 -0.005841058 0.999980927 17.842863083
0.999994993 -0.002623487 0.001755298 0.419477820 0.002613589 0.999980807 0.005617281 -0.665879488 -0.001770001 -0.005612666 0.999982655 18.303514481
0.999995530 -0.002121457 0.002098543 0.428624809 0.002109115 0.999980688 0.005866059 -0.681356311 -0.002110947 -0.005861608 0.999980569 18.741001129
0.999995470 -0.001922427 0.002307786 0.437215090 0.001908652 0.999980450 0.005956154 -0.694086730 -0.002319191 -0.005951722 0.999979615 19.212575912
0.999995291 -0.002209410 0.002115313 0.460303694 0.002196538 0.999979198 0.006068401 -0.703786492 -0.002128677 -0.006063727 0.999979317 19.700737000
0.999995947 -0.001529705 0.002412187 0.457645476 0.001514916 0.999980092 0.006121066 -0.724928200 -0.002421503 -0.006117386 0.999978364 20.135284424
0.999995768 -0.001411836 0.002569775 0.469357818 0.001396352 0.999980927 0.006017199 -0.734362423 -0.002578221 -0.006013585 0.999978602 20.634189606
0.999996543 -0.001861433 0.001833576 0.480568528 0.001850290 0.999979913 0.006060302 -0.744542718 -0.001844820 -0.006056888 0.999979973 21.131900787
0.999996781 -0.002378885 0.000876018 0.492127717 0.002372925 0.999974430 0.006742527 -0.775205493 -0.000892035 -0.006740427 0.999976873 21.612995148
0.999996543 -0.002613994 0.000313404 0.497548491 0.002611915 0.999975741 0.006461274 -0.787289202 -0.000330286 -0.006460434 0.999979079 22.111143112
0.999997437 -0.002269745 0.000063843 0.509142578 0.002269255 0.999974012 0.006840626 -0.800680757 -0.000079367 -0.006840463 0.999976635 22.619426727
0.999995232 -0.003042195 -0.000513890 0.523053706 0.003045362 0.999975622 0.006277724 -0.811425745 0.000494780 -0.006279259 0.999980152 23.133649826
0.999996245 -0.002656034 -0.000671853 0.529318035 0.002660551 0.999973238 0.006813999 -0.828828752 0.000653737 -0.006815761 0.999976575 23.610799789
0.999988914 -0.004388506 -0.001767161 0.540847480 0.004400208 0.999968052 0.006673086 -0.840505362 0.001737820 -0.006680788 0.999976218 24.130304337
0.999995947 -0.002474490 -0.001421036 0.538820863 0.002483887 0.999974728 0.006649178 -0.849748433 0.001404547 -0.006652680 0.999976814 24.623975754
0.999994278 -0.002525277 -0.002268592 0.546919584 0.002541152 0.999972045 0.007022270 -0.863534629 0.002250796 -0.007027994 0.999972761 25.154537201
0.999992728 -0.002266966 -0.003074140 0.554005444 0.002289050 0.999971390 0.007199176 -0.875001669 0.003057732 -0.007206161 0.999969363 25.682802200
0.999994576 -0.001328665 -0.003004357 0.559660912 0.001349998 0.999973834 0.007110028 -0.881194055 0.002994831 -0.007114046 0.999970198 26.177869797
0.999991059 -0.002656708 -0.003282262 0.568748593 0.002682186 0.999966145 0.007782225 -0.895508051 0.003261476 -0.007790959 0.999964297 26.724678040
0.999987125 -0.002174028 -0.004577544 0.586273193 0.002207632 0.999970555 0.007348770 -0.903984666 0.004561433 -0.007358782 0.999962509 27.286512375
0.999986768 -0.002061740 -0.004695427 0.575889528 0.002098551 0.999966919 0.007848364 -0.940808892 0.004679091 -0.007858113 0.999958158 27.748601913
0.999985874 -0.002506059 -0.004681118 0.579158187 0.002543415 0.999964774 0.007991252 -0.949993610 0.004660927 -0.008003045 0.999957085 28.295003891
0.999983251 -0.002310696 -0.005297030 0.599840343 0.002356680 0.999959409 0.008691470 -0.974412799 0.005276733 -0.008703808 0.999948204 28.830316544
0.999982893 -0.002348386 -0.005355753 0.595712066 0.002393140 0.999962091 0.008364987 -0.981924474 0.005335907 -0.008377661 0.999950588 29.337644577
0.999982655 -0.002076766 -0.005511190 0.601920187 0.002123776 0.999961257 0.008537734 -0.997984767 0.005493247 -0.008549292 0.999948323 29.868684769
0.999977887 -0.002258691 -0.006253358 0.617198229 0.002312225 0.999960601 0.008566938 -1.006156564 0.006233762 -0.008581208 0.999943733 30.395771027
0.999975681 -0.002573237 -0.006480725 0.623872340 0.002628809 0.999959767 0.008581151 -1.018187881 0.006458382 -0.008597979 0.999942183 30.936616898
0.999974072 -0.002591546 -0.006717050 0.636620760 0.002648371 0.999960721 0.008464650 -1.034841776 0.006694850 -0.008482221 0.999941587 31.474916458
0.999970078 -0.002761508 -0.007224057 0.663164616 0.002829475 0.999951720 0.009415145 -1.067244768 0.007197708 -0.009435304 0.999929547 31.998588562
0.999971449 -0.002638621 -0.007077466 0.647935927 0.002702653 0.999955356 0.009053046 -1.080605268 0.007053263 -0.009071914 0.999933958 32.472244263
0.999969900 -0.002141294 -0.007453801 0.653673708 0.002208981 0.999956310 0.009084487 -1.090602636 0.007434022 -0.009100679 0.999930978 33.021800995
0.999969244 -0.002149421 -0.007540852 0.662293553 0.002218580 0.999955416 0.009174887 -1.102961540 0.007520796 -0.009191336 0.999929428 33.546413422
0.999969125 -0.002020155 -0.007588936 0.659072876 0.002090716 0.999954581 0.009301503 -1.112732530 0.007569801 -0.009317082 0.999927938 34.102375031
0.999970078 -0.001655727 -0.007555814 0.681219101 0.001721928 0.999960184 0.008763596 -1.133658409 0.007541003 -0.008776343 0.999933004 34.581989288
0.999968588 -0.001565038 -0.007759298 0.679650426 0.001638907 0.999953270 0.009522950 -1.160482168 0.007744032 -0.009535369 0.999924541 35.170475006
0.999964297 -0.002109996 -0.008179091 0.688504815 0.002184106 0.999956489 0.009062598 -1.166213870 0.008159612 -0.009080138 0.999925494 35.724842072
0.999963582 -0.001374603 -0.008415302 0.687741578 0.001451673 0.999957025 0.009159128 -1.183339238 0.008402350 -0.009171010 0.999922633 36.272686005
0.999965072 -0.001382236 -0.008235162 0.694478512 0.001462290 0.999951661 0.009722914 -1.196326017 0.008221325 -0.009734617 0.999918818 36.792205811
0.999962270 -0.001575353 -0.008540234 0.700601339 0.001654376 0.999955893 0.009253901 -1.198458433 0.008525278 -0.009267680 0.999920666 37.342071533
0.999965131 -0.001122518 -0.008273946 0.696658969 0.001199476 0.999956012 0.009302124 -1.213487387 0.008263141 -0.009311724 0.999922454 37.843200684
0.999962091 -0.001812089 -0.008520022 0.681705773 0.001902763 0.999941528 0.010646448 -1.267390251 0.008500231 -0.010662256 0.999907017 38.347522736
0.999957860 -0.002182385 -0.008929197 0.694759667 0.002277859 0.999940217 0.010696089 -1.278362989 0.008905320 -0.010715976 0.999902964 38.895099640
0.999956191 -0.002230016 -0.009095124 0.702877700 0.002330726 0.999935985 0.011077420 -1.293685079 0.009069839 -0.011098133 0.999897301 39.446304321
0.999961674 -0.001282327 -0.008664940 0.711737633 0.001374618 0.999942362 0.010653430 -1.296333551 0.008650780 -0.010664932 0.999905705 39.979297638
0.999958158 -0.001534697 -0.009020001 0.711277604 0.001627627 0.999945581 0.010304331 -1.301245689 0.009003694 -0.010318582 0.999906182 40.519260406
0.999961197 -0.000752083 -0.008779776 0.715837836 0.000844966 0.999943733 0.010580329 -1.320086002 0.008771325 -0.010587337 0.999905467 41.040912628
0.999951124 -0.002743576 -0.009490835 0.722031713 0.002850408 0.999932528 0.011261183 -1.355187058 0.009459298 -0.011287685 0.999891460 41.550357819
0.999949276 -0.002947167 -0.009632821 0.729266763 0.003053860 0.999933958 0.011080118 -1.358320713 0.009599529 -0.011108974 0.999892175 42.098503113
0.999944687 -0.003657583 -0.009865317 0.741536617 0.003772731 0.999924660 0.011678703 -1.372223854 0.009821859 -0.011715273 0.999883056 42.641273499
0.999946177 -0.003150794 -0.009880461 0.748713970 0.003261677 0.999931693 0.011226478 -1.381969094 0.009844412 -0.011258098 0.999888122 43.193302155
0.999947429 -0.003084650 -0.009777629 0.718926430 0.003194896 0.999931216 0.011279802 -1.418212295 0.009742162 -0.011310446 0.999888599 43.683643341
0.999951780 -0.002168644 -0.009569795 0.728548169 0.002277029 0.999933183 0.011329516 -1.425610065 0.009544587 -0.011350762 0.999890029 44.217311859
0.999951661 -0.001942325 -0.009638102 0.732751846 0.002049884 0.999935627 0.011162427 -1.435477376 0.009615801 -0.011181647 0.999891222 44.772956848
0.999949992 -0.002065056 -0.009780296 0.739516258 0.002173177 0.999936521 0.011057229 -1.443683863 0.009756842 -0.011077932 0.999891043 45.300376892
0.999950111 -0.002056774 -0.009778488 0.752340317 0.002170739 0.999929667 0.011658313 -1.463647366 0.009753823 -0.011678956 0.999884188 45.806957245
0.999949336 -0.002155927 -0.009824377 0.767568171 0.002273352 0.999925911 0.011957032 -1.477029562 0.009797869 -0.011978761 0.999880254 46.336269379
0.999951720 -0.002055948 -0.009609957 0.748528242 0.002171586 0.999925196 0.012038201 -1.502817512 0.009584490 -0.012058486 0.999881387 46.811462402
0.999949753 -0.002148696 -0.009790502 0.754793286 0.002265845 0.999925852 0.011970147 -1.508573055 0.009764056 -0.011991729 0.999880493 47.359409332
0.999950647 -0.002491961 -0.009619405 0.770085335 0.002609529 0.999921799 0.012228843 -1.520182014 0.009588176 -0.012253342 0.999878943 47.849349976
0.999942660 -0.003580790 -0.010088310 0.789279938 0.003706019 0.999915898 0.012421976 -1.532189131 0.010042980 -0.012458651 0.999871969 48.393447876
0.999949098 -0.002265828 -0.009825038 0.784430265 0.002384765 0.999923825 0.012110691 -1.541180849 0.009796849 -0.012133504 0.999878347 48.948657990
0.999952495 -0.001701530 -0.009596691 0.781971455 0.001820091 0.999921978 0.012359244 -1.547303438 0.009574912 -0.012376122 0.999877572 49.493637085
0.999948859 -0.002139399 -0.009882953 0.799776375 0.002260587 0.999922335 0.012267429 -1.563625216 0.009855942 -0.012289145 0.999875903 49.962524414
0.999952078 -0.001766772 -0.009627234 0.799962282 0.001883744 0.999924421 0.012154626 -1.568531513 0.009605031 -0.012172180 0.999879777 50.515686035
0.999953091 -0.001763592 -0.009518732 0.773954570 0.001881024 0.999922037 0.012342108 -1.581573606 0.009496223 -0.012359434 0.999878526 51.084575653
0.999951243 -0.002258751 -0.009614648 0.784584224 0.002377075 0.999921322 0.012313083 -1.590687394 0.009586079 -0.012335336 0.999877989 51.634635925
0.999949276 -0.002317959 -0.009799399 0.810480297 0.002441518 0.999917567 0.012615812 -1.605519295 0.009769348 -0.012639101 0.999872327 52.117553711
0.999949694 -0.002330191 -0.009758248 0.814803660 0.002450524 0.999920905 0.012337748 -1.614202499 0.009728727 -0.012361041 0.999876261 52.657745361
0.999948680 -0.001998152 -0.009932706 0.824196398 0.002119908 0.999922514 0.012262709 -1.618332386 0.009907433 -0.012283137 0.999875486 53.192138672
0.999947608 -0.002121347 -0.010015403 0.829635143 0.002243405 0.999923229 0.012191650 -1.626191378 0.009988772 -0.012213482 0.999875486 53.729454041
0.999948323 -0.002023292 -0.009965156 0.850275993 0.002145644 0.999922216 0.012282535 -1.629220247 0.009939531 -0.012303280 0.999874890 54.236564636
0.999952137 -0.001678344 -0.009641957 0.850562334 0.001795767 0.999924183 0.012182617 -1.636497259 0.009620781 -0.012199348 0.999879301 54.785217285
0.999946952 -0.002240735 -0.010054827 0.853271604 0.002366595 0.999918759 0.012522981 -1.650143147 0.010025949 -0.012546112 0.999871016 55.308567047
0.999948978 -0.002026397 -0.009894207 0.861413121 0.002149381 0.999920368 0.012435168 -1.658856511 0.009868219 -0.012455800 0.999873757 55.862339020
0.999949574 -0.001971049 -0.009847974 0.858092129 0.002091709 0.999922693 0.012257060 -1.660174370 0.009823054 -0.012277041 0.999876380 56.416812897
0.999951184 -0.002169123 -0.009640410 0.862926662 0.002288159 0.999921083 0.012353774 -1.678885221 0.009612852 -0.012375230 0.999877155 56.948841095
0.999951005 -0.001721151 -0.009745305 0.874047875 0.001841085 0.999922454 0.012311196 -1.682528019 0.009723363 -0.012328533 0.999876678 57.444507599
0.999949336 -0.002200129 -0.009817941 0.879018426 0.002323705 0.999917984 0.012593172 -1.698078513 0.009789430 -0.012615347 0.999872506 57.982772827
0.999950767 -0.002161553 -0.009677017 0.881912589 0.002281129 0.999920905 0.012362768 -1.716233492 0.009649530 -0.012384232 0.999876797 58.493576050
0.999951243 -0.001803108 -0.009708412 0.902784348 0.001926661 0.999917090 0.012732144 -1.741519213 0.009684650 -0.012750227 0.999871790 59.022266388
0.999951363 -0.001929609 -0.009668405 0.907750785 0.002051501 0.999918342 0.012613143 -1.751005650 0.009643277 -0.012632365 0.999873698 59.575820923
0.999954820 -0.001593760 -0.009369727 0.921477795 0.001717382 0.999911427 0.013200559 -1.776090860 0.009347859 -0.013216054 0.999868989 60.102386475
0.999951720 -0.001281261 -0.009738126 0.934819221 0.001411570 0.999909461 0.013386270 -1.777065516 0.009720091 -0.013399369 0.999862909 60.657337189
0.999951661 -0.001792276 -0.009665401 0.926022053 0.001915072 0.999917328 0.012710474 -1.773648262 0.009641821 -0.012728370 0.999872506 61.219486237
0.999949813 -0.001348516 -0.009919632 0.961312175 0.001475534 0.999916852 0.012808549 -1.790277123 0.009901535 -0.012822542 0.999868751 61.669147491
0.999948442 -0.001212671 -0.010079470 0.963250935 0.001343424 0.999914825 0.012975585 -1.793101907 0.010062877 -0.012988457 0.999864936 62.226192474
0.999944091 -0.001412469 -0.010471444 0.973183870 0.001552252 0.999909580 0.013352804 -1.808345318 0.010451637 -0.013368312 0.999855995 62.780323029
0.999945641 -0.001163736 -0.010349973 0.973054647 0.001294082 0.999919832 0.012596076 -1.813414812 0.010334483 -0.012608786 0.999867082 63.271667480
0.999951184 -0.000732692 -0.009851099 0.972016215 0.000863192 0.999911785 0.013249549 -1.842308998 0.009840523 -0.013257403 0.999863684 63.801792145
0.999951065 -0.000713684 -0.009861338 0.975864768 0.000842871 0.999913752 0.013102391 -1.851049304 0.009851136 -0.013110062 0.999865532 64.362808228
0.999951601 -0.000969071 -0.009782229 0.990685403 0.001096461 0.999914527 0.013025656 -1.858742237 0.009768771 -0.013035750 0.999867260 64.897300720
0.999950588 -0.001043182 -0.009884524 0.994517386 0.001178054 0.999906063 0.013648747 -1.872027397 0.009869359 -0.013659716 0.999858022 65.426445007
0.999956906 -0.000414034 -0.009287915 0.986521721 0.000534958 0.999915063 0.013020830 -1.876895666 0.009281734 -0.013025236 0.999872088 65.923103333
0.999953330 -0.000996579 -0.009614842 0.988807201 0.001120154 0.999916732 0.012855772 -1.871714234 0.009601228 -0.012865943 0.999871135 66.475929260
0.999956965 -0.000359618 -0.009267006 0.993690193 0.000480894 0.999914169 0.013087990 -1.892047524 0.009261503 -0.013091883 0.999871433 66.981544495
0.999961257 0.000461975 -0.008790499 1.014547825 -0.000345164 0.999911666 0.013285296 -1.909484386 0.008795858 -0.013281748 0.999873102 67.494293213
0.999959350 -0.000054209 -0.009027967 0.998731911 0.000175434 0.999909818 0.013427393 -1.919707060 0.009026426 -0.013428430 0.999869049 68.079345703
0.999958992 0.000176474 -0.009047455 1.006347060 -0.000053488 0.999907613 0.013591811 -1.934439659 0.009049016 -0.013590772 0.999866664 68.610740662
0.999959230 0.000055695 -0.009025499 1.014721155 0.000068557 0.999905288 0.013765824 -1.934943557 0.009025411 -0.013765883 0.999864459 69.157356262
0.999955237 -0.000297188 -0.009454863 1.040078402 0.000427606 0.999904692 0.013794622 -1.944939613 0.009449863 -0.013798048 0.999860108 69.737052917
0.999957144 -0.000505705 -0.009241634 1.026779056 0.000630836 0.999908090 0.013542002 -1.958684921 0.009233936 -0.013547253 0.999865532 70.203849792
0.999954462 -0.000372642 -0.009533222 1.033062220 0.000503531 0.999905586 0.013731111 -1.963321447 0.009527206 -0.013735288 0.999860227 70.756805420
0.999958098 0.000120830 -0.009153248 1.037406445 0.000002522 0.999909163 0.013475074 -1.971536279 0.009154044 -0.013474534 0.999867260 71.316162109
0.999959707 0.000235411 -0.008968271 1.051789403 -0.000111379 0.999904335 0.013828021 -1.993141890 0.008970669 -0.013826467 0.999864101 71.818733215
0.999959409 0.000061393 -0.009005327 1.038296223 0.000061391 0.999907017 0.013633781 -1.993335366 0.009005326 -0.013633782 0.999866486 72.393669128
0.999957383 -0.000446105 -0.009221556 1.050498009 0.000573855 0.999903798 0.013855380 -2.005562305 0.009214487 -0.013860081 0.999861479 72.947151184
0.999959886 -0.000033229 -0.008957626 1.044879675 0.000154056 0.999909043 0.013488336 -2.009745359 0.008956362 -0.013489174 0.999868870 73.488784790
0.999959886 0.000037130 -0.008958447 1.048606992 0.000083410 0.999909520 0.013454801 -2.021654844 0.008958136 -0.013455007 0.999869287 74.037712097
0.999962211 0.000235280 -0.008688973 1.062771082 -0.000118270 0.999909401 0.013464449 -2.028246880 0.008691354 -0.013462911 0.999871612 74.571571350
0.999962807 0.000204418 -0.008626367 1.063773751 -0.000092353 0.999915719 0.012989379 -2.026654959 0.008628296 -0.012988099 0.999878466 75.136840820
0.999963462 0.000607786 -0.008526258 1.058691382 -0.000495928 0.999913931 0.013115178 -2.039767981 0.008533496 -0.013110470 0.999877632 75.664207458
0.999961853 -0.000051602 -0.008728344 1.069143534 0.000167381 0.999912024 0.013264508 -2.061429024 0.008726890 -0.013265464 0.999873936 76.236442566
0.999957502 -0.000706750 -0.009187532 1.077691078 0.000833665 0.999904215 0.013817441 -2.073411465 0.009176886 -0.013824514 0.999862313 76.790580750
0.999957323 -0.000771746 -0.009196452 1.087556362 0.000893746 0.999911547 0.013269187 -2.074482918 0.009185397 -0.013276841 0.999869645 77.314018250
0.999960721 -0.000646457 -0.008839327 1.081455231 0.000763211 0.999912441 0.013211387 -2.081197500 0.008830013 -0.013217616 0.999873638 77.872497559
0.999963045 -0.000097109 -0.008599107 1.086130857 0.000210683 0.999912739 0.013207733 -2.088450432 0.008597075 -0.013209055 0.999875784 78.396614075
0.999962330 -0.000107069 -0.008672831 1.093114614 0.000221786 0.999912500 0.013227312 -2.100113392 0.008670654 -0.013228736 0.999874890 78.935615540
0.999965608 -0.000185995 -0.008288102 1.101012588 0.000295019 0.999913454 0.013154962 -2.102200270 0.008284939 -0.013156958 0.999879062 79.478004456
0.999976754 -0.000096719 -0.006815210 1.105803728 0.000184894 0.999916255 0.012938470 -2.109493971 0.006813389 -0.012939430 0.999893010 80.017471313
0.999986351 0.000366825 -0.005202831 1.111333728 -0.000298224 0.999913037 0.013179827 -2.121582031 0.005207214 -0.013178096 0.999899626 80.563873291
0.999992132 0.000083450 -0.003966912 1.125589013 -0.000032096 0.999916255 0.012943730 -2.125684500 0.003967660 -0.012943504 0.999908328 81.098388672
0.999999940 0.000158766 -0.000263636 1.141495109 -0.000155301 0.999914289 0.013091197 -2.134767056 0.000265692 -0.013091154 0.999914229 81.645584106
0.999994397 -0.000307352 0.003348110 1.163119435 0.000263598 0.999914706 0.013061159 -2.142019510 -0.003351839 -0.013060205 0.999909043 82.189643860
0.999979913 0.000178155 0.006334742 1.175688028 -0.000258389 0.999919713 0.012667058 -2.142158985 -0.006331977 -0.012668443 0.999899685 82.752052307
0.999941885 -0.000390127 0.010783881 1.224759102 0.000256495 0.999923170 0.012390463 -2.126865387 -0.010787886 -0.012386975 0.999865055 83.339233398
0.999846101 0.001033103 0.017512530 1.218487978 -0.001261993 0.999913812 0.013064012 -2.162330866 -0.017497526 -0.013084101 0.999761283 83.851089478
0.999731839 0.000726566 0.023146087 1.250987172 -0.001028341 0.999914646 0.013028590 -2.172782898 -0.023134649 -0.013048897 0.999647260 84.397209167
0.999589324 0.000547459 0.028649356 1.296748877 -0.000919141 0.999915540 0.012961929 -2.178719759 -0.028639834 -0.012982938 0.999505460 84.948318481
0.999322832 0.001103635 0.036779076 1.324931979 -0.001598068 0.999908686 0.013416620 -2.184712410 -0.036760911 -0.013466309 0.999233365 85.502449036
0.998992682 0.000639374 0.044867665 1.377796173 -0.001221440 0.999915421 0.012946736 -2.196004391 -0.044855591 -0.012988497 0.998909056 86.061706543
0.998693109 -0.000476743 0.051105734 1.429442883 -0.000173295 0.999919116 0.012714301 -2.198305845 -0.051107664 -0.012706540 0.998612344 86.605911255
0.998185694 0.000353492 0.060209922 1.474033833 -0.001116171 0.999919534 0.012633829 -2.207541466 -0.060200613 -0.012678111 0.998105764 87.140991211
0.997542500 -0.000075009 0.070065469 1.542080402 -0.000819349 0.999918580 0.012735779 -2.223576307 -0.070060708 -0.012761886 0.997461200 87.688079834
0.996901274 -0.000157711 0.078661963 1.602761269 -0.000824018 0.999922156 0.012447737 -2.225651026 -0.078657821 -0.012473986 0.996823549 88.251541138
0.996256590 -0.000723225 0.086442493 1.667798996 -0.000331620 0.999925613 0.012187864 -2.232588053 -0.086444899 -0.012170905 0.996182263 88.794960022
0.995268047 -0.000494510 0.097166464 1.748949051 -0.000726494 0.999921143 0.012530324 -2.241854906 -0.097164996 -0.012541622 0.995189190 89.340377808
0.994219065 -0.001306275 0.107362740 1.831713200 -0.000026924 0.999923050 0.012415324 -2.250610590 -0.107370682 -0.012346443 0.994142413 89.876205444
0.993211865 -0.001955004 0.116304129 1.923440933 0.000523208 0.999923706 0.012340044 -2.259197235 -0.116319381 -0.012195425 0.993137002 90.422698975
0.991835237 -0.001379466 0.127518341 2.020511627 -0.000226747 0.999920845 0.012580558 -2.273515701 -0.127525613 -0.012506756 0.991756380 90.951683044
0.990226090 -0.002054804 0.139457151 2.122532845 0.000274524 0.999918222 0.012783825 -2.295347691 -0.139472038 -0.012620592 0.990145564 91.478523254
0.988704383 -0.002524312 0.149857238 2.230149269 0.000697389 0.999924839 0.012242390 -2.294911385 -0.149876863 -0.011999594 0.988631845 92.044837952
0.987109423 -0.003179929 0.160015106 2.346003532 0.001255330 0.999925613 0.012127256 -2.298860788 -0.160041764 -0.011770059 0.987039983 92.572311401
0.984924257 -0.003423975 0.172952324 2.469599724 0.001400255 0.999929130 0.011821676 -2.308930159 -0.172980562 -0.011401278 0.984859288 93.102325439
0.982636631 -0.003545380 0.185506627 2.577195168 0.001260742 0.999921918 0.012432179 -2.320569992 -0.185536221 -0.011982439 0.982564390 93.649520874
0.980612576 -0.003802225 0.195919678 2.708245277 0.001434092 0.999924183 0.012227707 -2.324280262 -0.195951343 -0.011709678 0.980543733 94.212036133
0.977945328 -0.003884508 0.208825439 2.841598511 0.001400777 0.999926448 0.012040384 -2.326560020 -0.208856896 -0.011482319 0.977878749 94.750106812
0.974948823 -0.003707183 0.222398505 2.997966766 0.001019105 0.999925077 0.012200305 -2.341560364 -0.222427070 -0.011668026 0.974879444 95.291511536
0.972347617 -0.004246951 0.233499780 3.144693375 0.001472118 0.999926329 0.012056659 -2.348419428 -0.233533770 -0.011379526 0.972282112 95.823303223
0.969391942 -0.004543121 0.245476350 3.317523956 0.001608021 0.999924839 0.012155864 -2.355233669 -0.245513096 -0.011389064 0.969326377 96.363670349
0.965702116 -0.004318294 0.259616792 3.476432800 0.001167795 0.999923825 0.012288197 -2.369486332 -0.259650081 -0.011563558 0.965633631 96.866592407
0.962505281 -0.005987140 0.271196783 3.663253784 0.002689235 0.999917865 0.012530552 -2.379861355 -0.271249503 -0.011331410 0.962442279 97.387596130
0.959260404 -0.006161278 0.282456011 3.840482712 0.002780278 0.999919653 0.012369260 -2.380725384 -0.282509476 -0.011080036 0.959200501 97.912918091
0.955012918 -0.006214081 0.296499163 4.023595810 0.002657349 0.999919653 0.012397264 -2.385685921 -0.296552360 -0.011051646 0.954952657 98.447242737
0.950726271 -0.006985656 0.309952885 4.234127045 0.003129978 0.999911368 0.012935144 -2.400564671 -0.310015827 -0.011327634 0.950663865 98.957809448
0.946878195 -0.007300375 0.321509600 4.425786972 0.003357976 0.999912202 0.012814977 -2.404211044 -0.321574926 -0.011054598 0.946819603 99.479713440
0.942630112 -0.008021127 0.333742559 4.639347076 0.003858235 0.999906242 0.013134337 -2.417886019 -0.333816648 -0.011093163 0.942572713 99.984451294
0.937525690 -0.007921317 0.347825915 4.852588654 0.003562977 0.999906957 0.013168074 -2.425151348 -0.347897857 -0.011106111 0.937466681 100.497444153
0.932999372 -0.009072250 0.359763563 5.077352524 0.004638268 0.999902248 0.013186057 -2.431666136 -0.359848052 -0.010633903 0.932950318 101.009262085
0.928731561 -0.008828581 0.370647818 5.299249649 0.004322652 0.999906361 0.012985833 -2.438848257 -0.370727748 -0.010458171 0.928682685 101.516380310
0.923213661 -0.008801310 0.384186178 5.528062820 0.004131996 0.999907255 0.012977504 -2.441881418 -0.384264797 -0.010393553 0.923164368 102.017021179
0.917577326 -0.009077223 0.397453636 5.767425537 0.004232232 0.999905705 0.013065591 -2.448451996 -0.397534788 -0.010306573 0.917529166 102.518814087
0.912576199 -0.009329838 0.408800215 6.014801025 0.004556812 0.999909580 0.012648127 -2.459107637 -0.408881277 -0.009679551 0.912536204 103.004135132
0.906145513 -0.009936794 0.422849596 6.273979187 0.004733837 0.999899626 0.013352861 -2.465413332 -0.422939926 -0.010097931 0.906101406 103.513435364
0.899322331 -0.009215441 0.437189221 6.543197632 0.004026576 0.999910057 0.012794053 -2.467114449 -0.437267810 -0.009745600 0.899278581 104.007980347
0.893474460 -0.010717190 0.448986083 6.812786102 0.005189991 0.999894798 0.013539261 -2.480451584 -0.449083954 -0.009766750 0.893436134 104.488891602
0.887874126 -0.011078267 0.459953070 7.088539124 0.005398709 0.999892056 0.013661610 -2.487674713 -0.460054725 -0.009646636 0.887838125 104.968650818
0.880789995 -0.011656050 0.473363608 7.375225067 0.005881835 0.999889135 0.013676797 -2.495606184 -0.473470569 -0.009262139 0.880760908 105.444160461
