1.000000000 0.000000000 0.000000000 0.000000000 0.000000000 1.000000000 0.000000000 0.000000000 0.000000000 0.000000000 1.000000000 0.000000000
1.000000000 0.000031844 0.000046490 -0.000692509 -0.000031849 1.000000000 0.000109783 -0.000461123 -0.000046487 -0.000109785 1.000000000 0.000052881
1.000000000 0.000038318 0.000081836 -0.001063899 -0.000038318 1.000000000 0.000009135 0.000109926 -0.000081836 -0.000009138 1.000000000 0.000046061
1.000000000 0.000128687 0.000042300 -0.000588054 -0.000128685 1.000000000 -0.000027457 -0.000109018 -0.000042303 0.000027452 1.000000000 -0.000255864
1.000000000 0.000104663 0.000136402 -0.001554794 -0.000104669 1.000000000 0.000048121 -0.000000775 -0.000136397 -0.000048136 1.000000000 0.000433284
1.000000000 -0.000017783 0.000023620 -0.000431112 0.000017783 1.000000000 -0.000004285 -0.000486712 -0.000023620 0.000004285 1.000000000 -0.000292735
1.000000000 0.000073312 0.000065990 -0.000283243 -0.000073312 1.000000000 -0.000007773 0.000070691 -0.000065991 0.000007768 1.000000000 0.000749280
1.000000000 0.000061043 -0.000023767 0.000059365 -0.000061045 1.000000000 -0.000083833 0.000202777 0.000023762 0.000083834 1.000000000 0.000658214
1.000000000 0.000063854 0.000068883 0.000069872 -0.000063851 1.000000000 -0.000040396 -0.000301852 -0.000068885 0.000040391 1.000000000 0.000408334
1.000000000 0.000133313 0.000062079 -0.000428769 -0.000133318 1.000000000 0.000090552 -0.000424284 -0.000062067 -0.000090560 1.000000000 0.000535932
1.000000000 0.000051616 0.000050755 0.000275252 -0.000051615 1.000000000 -0.000020663 0.000200679 -0.000050756 0.000020660 1.000000000 0.001847428
1.000000000 0.000107331 0.000075126 -0.001015739 -0.000107331 1.000000000 0.000006976 -0.000848118 -0.000075125 -0.000006984 1.000000000 -0.000282287
1.000000000 0.000096149 0.000052069 -0.000547825 -0.000096148 1.000000000 -0.000022839 0.000018020 -0.000052072 0.000022834 1.000000000 0.000285642
1.000000000 0.000152783 0.000124762 -0.001973809 -0.000152775 1.000000000 -0.000063614 0.000617388 -0.000124772 0.000063595 1.000000000 0.000244305
1.000000000 0.000136516 0.000082546 -0.000213218 -0.000136516 1.000000000 -0.000005421 0.000826060 -0.000082547 0.000005410 1.000000000 0.002151349
1.000000000 0.000206788 0.000121059 -0.001145420 -0.000206783 1.000000000 -0.000034090 0.000801075 -0.000121066 0.000034065 1.000000000 0.001673685
0.999999940 0.000252059 0.000128225 -0.001460274 -0.000252050 0.999999940 -0.000064800 0.000947566 -0.000128242 0.000064767 1.000000000 0.002249917
1.000000000 0.000190167 0.000141785 -0.001825994 -0.000190164 1.000000000 -0.000020495 0.001225702 -0.000141789 0.000020468 1.000000000 0.001950115
0.999999940 0.000222328 0.000185754 -0.001910147 -0.000222306 0.999999940 -0.000118761 0.001622560 -0.000185780 0.000118720 1.000000000 0.001742024
0.999999940 0.000230508 0.000175654 -0.002167829 -0.000230501 1.000000000 -0.000038762 0.000757977 -0.000175663 0.000038722 1.000000000 0.001666332
0.999999940 0.000317168 0.000147548 -0.002064435 -0.000317158 0.999999940 -0.000065243 0.001266846 -0.000147569 0.000065196 1.000000000 0.001435018
0.999999940 0.000273824 0.000163513 -0.002174134 -0.000273805 0.999999940 -0.000117088 0.001469554 -0.000163545 0.000117043 1.000000000 0.002006030
0.999999940 0.000233276 0.000168399 -0.001893125 -0.000233263 0.999999940 -0.000074718 0.001568037 -0.000168417 0.000074678 1.000000000 0.001842353
0.999999940 0.000340843 0.000143697 -0.002243368 -0.000340830 0.999999940 -0.000091574 0.001692280 -0.000143728 0.000091525 1.000000000 0.001833069
0.999999940 0.000279479 0.000192607 -0.001542362 -0.000279472 0.999999940 -0.000033935 0.000957224 -0.000192617 0.000033882 1.000000000 0.001795035
0.999999940 0.000256704 0.000206644 -0.002271271 -0.000256693 0.999999940 -0.000054286 0.002208933 -0.000206658 0.000054233 1.000000000 0.002273601
0.999999940 0.000250793 0.000181023 -0.001828199 -0.000250793 0.999999940 -0.000001001 0.001124911 -0.000181023 0.000000956 1.000000000 0.001460281
0.999999940 0.000331058 0.000131412 -0.002328842 -0.000331039 0.999999940 -0.000146596 0.002247616 -0.000131460 0.000146552 1.000000000 0.001445214
0.999999940 0.000352582 0.000125885 -0.001929057 -0.000352568 0.999999940 -0.000113614 0.002127280 -0.000125925 0.000113570 1.000000000 0.001298684
0.999999940 0.000301448 0.000186915 -0.001519376 -0.000301440 0.999999940 -0.000039290 0.000677725 -0.000186927 0.000039234 1.000000000 0.001911546
0.999999940 0.000275435 0.000275485 -0.002323752 -0.000275400 0.999999940 -0.000129782 0.001910779 -0.000275520 0.000129706 0.999999940 0.002842824
0.999999940 0.000288359 0.000178947 -0.001602874 -0.000288343 0.999999940 -0.000087827 0.001470286 -0.000178973 0.000087775 1.000000000 0.002362961
0.999999940 0.000272127 0.000161739 -0.001547410 -0.000272120 0.999999940 -0.000044163 0.000747653 -0.000161751 0.000044119 1.000000000 0.001354568
0.999999881 0.000362016 0.000251465 -0.002561408 -0.000362004 0.999999940 -0.000049793 0.001243786 -0.000251483 0.000049702 0.999999940 0.001739106
0.999999940 0.000311874 0.000175914 -0.001175537 -0.000311856 0.999999940 -0.000104032 0.001288173 -0.000175946 0.000103977 1.000000000 0.001205426
0.999999940 0.000273645 0.000211104 -0.002509786 -0.000273624 0.999999940 -0.000099838 0.001674222 -0.000211131 0.000099780 1.000000000 0.001821697
0.999999940 0.000353508 0.000134946 -0.001835264 -0.000353490 0.999999940 -0.000133668 0.002719705 -0.000134993 0.000133621 1.000000000 0.002288828
0.999999881 0.000394497 0.000235905 -0.002556004 -0.000394476 0.999999940 -0.000090641 0.001750033 -0.000235941 0.000090548 0.999999940 0.001797038
0.999999940 0.000340100 0.000197846 -0.001080641 -0.000340085 0.999999940 -0.000076267 0.002027273 -0.000197872 0.000076200 1.000000000 0.001908230
0.999999940 0.000212520 0.000129438 -0.000527777 -0.000212498 0.999999940 -0.000174597 0.001593389 -0.000129475 0.000174569 1.000000000 0.002068488
0.999999821 0.000504007 0.000262286 -0.002306937 -0.000503829 0.999999642 -0.000679172 -0.002268084 -0.000262628 0.000679039 0.999999762 0.048373003
0.999999821 0.000519587 0.000203833 0.000698785 -0.000519316 0.999998987 -0.001329017 -0.003385207 -0.000204524 0.001328911 0.999999106 0.138739690
0.999999940 0.000223577 0.000216172 0.002079665 -0.000223263 0.999998927 -0.001453163 -0.007669138 -0.000216497 0.001453115 0.999998927 0.252450705
0.999999821 0.000523958 0.000323658 0.004589021 -0.000523570 0.999999166 -0.001196657 -0.011753347 -0.000324285 0.001196487 0.999999225 0.384276986
0.999999881 0.000357900 0.000268653 0.006742045 -0.000357610 0.999999344 -0.001079432 -0.018412827 -0.000269039 0.001079336 0.999999404 0.523505509
1.000000000 0.000082589 0.000314661 0.009780167 -0.000082361 0.999999762 -0.000724473 -0.023896853 -0.000314721 0.000724447 0.999999642 0.676349461
0.999999940 0.000234298 0.000349100 0.014382371 -0.000234057 0.999999762 -0.000689406 -0.026672266 -0.000349261 0.000689324 0.999999702 0.841804862
0.999999881 0.000245722 0.000418282 0.016513744 -0.000245493 0.999999762 -0.000546759 -0.032454252 -0.000418416 0.000546656 0.999999702 1.006772995
0.999999881 0.000179558 0.000408964 0.019856483 -0.000179310 0.999999762 -0.000606457 -0.035537347 -0.000409073 0.000606383 0.999999762 1.184296370
0.999999702 0.000668376 -0.000116942 0.023711601 -0.000668394 0.999999762 -0.000160882 -0.041803014 0.000116835 0.000160961 1.000000000 1.366352320
0.999999821 0.000398530 0.000494024 0.025397636 -0.000398403 0.999999881 -0.000256838 -0.046127941 -0.000494126 0.000256641 0.999999762 1.555631995
0.999999762 0.000436199 0.000569901 0.030355847 -0.000436160 0.999999881 -0.000068982 -0.051109523 -0.000569931 0.000068733 0.999999762 1.752223015
0.999999523 0.000526923 0.000770344 0.030944956 -0.000526997 0.999999881 0.000096127 -0.057678610 -0.000770293 -0.000096533 0.999999642 1.948900700
0.999999702 0.000389440 0.000687883 0.036090910 -0.000389575 0.999999881 0.000195953 -0.065572351 -0.000687807 -0.000196221 0.999999762 2.156668425
0.999999523 0.000484284 0.000819382 0.039894674 -0.000484351 0.999999821 0.000081765 -0.070313618 -0.000819343 -0.000082162 0.999999642 2.372607231
0.999999106 0.000815848 0.001050379 0.042424347 -0.000815874 0.999999642 0.000024710 -0.077010877 -0.001050359 -0.000025567 0.999999404 2.598027468
0.999999344 0.000592720 0.000988606 0.049092479 -0.000592936 0.999999821 0.000218654 -0.083908528 -0.000988476 -0.000219240 0.999999464 2.821139336
0.999998987 0.000799556 0.001180657 0.053156175 -0.000799687 0.999999642 0.000110638 -0.087370597 -0.001180568 -0.000111582 0.999999285 3.055488825
0.999998927 0.000957976 0.001128797 0.057515290 -0.000958166 0.999999523 0.000167803 -0.097688235 -0.001128636 -0.000168885 0.999999344 3.290952921
0.999998689 0.000908531 0.001332235 0.060188122 -0.000909111 0.999999464 0.000434819 -0.107252233 -0.001331839 -0.000436030 0.999999046 3.540882111
0.999998868 0.000811567 0.001254785 0.065954305 -0.000811992 0.999999642 0.000338298 -0.113265313 -0.001254510 -0.000339316 0.999999166 3.792135954
0.999998987 0.000638245 0.001271648 0.074556313 -0.000638672 0.999999702 0.000335302 -0.116838999 -0.001271433 -0.000336114 0.999999046 4.056902409
0.999999166 0.000597355 0.001131389 0.081862368 -0.000597618 0.999999762 0.000232624 -0.122830331 -0.001131250 -0.000233300 0.999999344 4.308740139
0.999998808 0.000644855 0.001342759 0.084959023 -0.000645240 0.999999762 0.000286149 -0.130932808 -0.001342574 -0.000287015 0.999999046 4.567590237
0.999998450 0.000659571 0.001628700 0.091646962 -0.000659899 0.999999762 0.000200620 -0.136675790 -0.001628567 -0.000201694 0.999998629 4.826697826
0.999998391 0.000882821 0.001542980 0.101322502 -0.000882943 0.999999583 0.000078072 -0.143835038 -0.001542911 -0.000079434 0.999998808 5.086407661
0.999998212 0.000852181 0.001703502 0.105492473 -0.000852101 0.999999642 -0.000047442 -0.149396122 -0.001703542 0.000045990 0.999998569 5.353001595
0.999997735 0.001028680 0.001857673 0.109956823 -0.001029009 0.999999464 0.000176053 -0.160492361 -0.001857491 -0.000177964 0.999998212 5.623931408
0.999998569 0.000713251 0.001542977 0.114198990 -0.000713583 0.999999702 0.000214565 -0.167872593 -0.001542824 -0.000215665 0.999998808 5.898544312
0.999998868 0.000610150 0.001478394 0.120940164 -0.000610352 0.999999762 0.000136013 -0.177270412 -0.001478311 -0.000136915 0.999998927 6.176522255
0.999997318 0.001105647 0.002049621 0.126119375 -0.001106054 0.999999344 0.000197605 -0.182714090 -0.002049402 -0.000199871 0.999997795 6.467213154
0.999997139 0.001205708 0.002038514 0.126878828 -0.001206004 0.999999225 0.000143751 -0.191580847 -0.002038339 -0.000146209 0.999997914 6.757119179
0.999997258 0.001185431 0.002029617 0.136707798 -0.001185034 0.999999285 -0.000196736 -0.196555018 -0.002029849 0.000194330 0.999997914 7.062691212
0.999997973 0.000999727 0.001806061 0.141813681 -0.000999987 0.999999464 0.000142899 -0.210062727 -0.001805917 -0.000144705 0.999998271 7.358884811
0.999997914 0.000791793 0.001863175 0.147487983 -0.000792318 0.999999642 0.000280709 -0.221499652 -0.001862952 -0.000282184 0.999998212 7.662209511
0.999996662 0.001377828 0.002169420 0.150849611 -0.001378380 0.999999046 0.000252952 -0.229529157 -0.002169069 -0.000255942 0.999997556 7.973126888
0.999996483 0.001542336 0.002163567 0.155136228 -0.001543241 0.999998868 0.000416351 -0.239933044 -0.002162922 -0.000419688 0.999997556 8.288604736
0.999995828 0.001544005 0.002404679 0.160850406 -0.001544772 0.999998748 0.000317119 -0.250771493 -0.002404187 -0.000320832 0.999997079 8.606100082
0.999995291 0.001714981 0.002581366 0.169044375 -0.001715619 0.999998629 0.000244820 -0.257561028 -0.002580943 -0.000249247 0.999996662 8.939818382
0.999995887 0.001715433 0.002293519 0.176729456 -0.001716377 0.999998391 0.000409566 -0.271073133 -0.002292813 -0.000413501 0.999997199 9.281723976
0.999995291 0.001979047 0.002310697 0.186758593 -0.001980589 0.999997735 0.000665130 -0.283995062 -0.002309375 -0.000669704 0.999997079 9.618065834
0.999994755 0.001990518 0.002548203 0.192958668 -0.001993439 0.999997377 0.001144395 -0.297277570 -0.002545918 -0.001149469 0.999996066 9.971560478
0.999993920 0.002172705 0.002772360 0.199524462 -0.002174661 0.999997377 0.000702353 -0.306643754 -0.002770827 -0.000708378 0.999995887 10.330544472
0.999994576 0.002074769 0.002527768 0.210310996 -0.002077059 0.999997437 0.000903715 -0.318721801 -0.002525887 -0.000908961 0.999996424 10.692194939
0.999994099 0.002193604 0.002654949 0.215104029 -0.002196150 0.999997139 0.000956657 -0.327952832 -0.002652843 -0.000962482 0.999996006 11.060797691
0.999995887 0.001731470 0.002271267 0.229591057 -0.001733413 0.999998093 0.000853911 -0.340633094 -0.002269784 -0.000857844 0.999997079 11.432347298
0.999995887 0.002053910 0.001988069 0.238895282 -0.002055455 0.999997616 0.000775851 -0.349661678 -0.001986471 -0.000779934 0.999997735 11.814041138
0.999995351 0.002146242 0.002144939 0.246876046 -0.002148316 0.999997199 0.000965386 -0.361514091 -0.002142861 -0.000969989 0.999997199 12.200203896
0.999993384 0.002536422 0.002607409 0.254987657 -0.002540688 0.999995351 0.001633827 -0.379239917 -0.002603252 -0.001640441 0.999995291 12.584166527
0.999993563 0.002571124 0.002497324 0.259635091 -0.002575183 0.999995351 0.001623498 -0.387932330 -0.002493138 -0.001629919 0.999995530 12.994023323
0.999993980 0.001891862 0.002884996 0.270005822 -0.001895814 0.999997199 0.001367521 -0.401079744 -0.002882401 -0.001372982 0.999994874 13.382349014
0.999992430 0.002192830 0.003190308 0.279654473 -0.002196908 0.999996781 0.001275365 -0.409211934 -0.003187501 -0.001282364 0.999994040 13.797904968
0.999992490 0.002481386 0.002983806 0.289445519 -0.002485126 0.999996126 0.001250033 -0.420263141 -0.002980693 -0.001257439 0.999994755 14.216768265
0.999989808 0.002910472 0.003453646 0.297350019 -0.002915422 0.999994755 0.001429255 -0.435672045 -0.003449469 -0.001439310 0.999992967 14.630469322
0.999990165 0.003060140 0.003211572 0.307739317 -0.003065030 0.999994099 0.001518688 -0.445953667 -0.003206906 -0.001528517 0.999993622 15.070270538
0.999990165 0.003017503 0.003290724 0.319632500 -0.003023040 0.999993980 0.001678654 -0.462189078 -0.003285640 -0.001688585 0.999993205 15.484838486
0.999989092 0.002750931 0.003782184 0.327877522 -0.002756853 0.999994993 0.001561543 -0.472122937 -0.003777870 -0.001571953 0.999991596 15.927993774
0.999987125 0.003200348 0.003943267 0.341158599 -0.003206615 0.999993622 0.001584196 -0.483695716 -0.003938172 -0.001596821 0.999991000 16.373268127
0.999985337 0.003126166 0.004408950 0.349460691 -0.003132292 0.999994159 0.001383032 -0.494535625 -0.004404601 -0.001396822 0.999989271 16.818521500
0.999985456 0.002910064 0.004522770 0.363144875 -0.002918395 0.999994040 0.001836471 -0.512218475 -0.004517400 -0.001849643 0.999988079 17.277627945
0.999984562 0.002860978 0.004760463 0.368441015 -0.002872162 0.999993145 0.002344301 -0.530257821 -0.004753724 -0.002357938 0.999985933 17.732704163
0.999982595 0.002893160 0.005135273 0.381682903 -0.002902105 0.999994278 0.001735261 -0.539202452 -0.005130223 -0.001750133 0.999985337 18.199775696
0.999982357 0.002762123 0.005257967 0.398026288 -0.002772162 0.999994278 0.001903070 -0.551774919 -0.005252681 -0.001917613 0.999984384 18.669303894
0.999985874 0.002332011 0.004772359 0.413388312 -0.002340183 0.999995828 0.001707342 -0.564761281 -0.004768357 -0.001718486 0.999987125 19.149179459
0.999979317 0.003722816 0.005228322 0.425696582 -0.003730306 0.999992013 0.001423788 -0.573208153 -0.005222979 -0.001443262 0.999985337 19.644170761
0.999981523 0.003071511 0.005241752 0.434320927 -0.003079429 0.999994099 0.001503088 -0.587303877 -0.005237105 -0.001519202 0.999985158 20.129430771
0.999983132 0.002470561 0.005250255 0.451355428 -0.002481007 0.999994934 0.001984017 -0.605436087 -0.005245327 -0.001997010 0.999984264 20.620307922
0.999984562 0.002978817 0.004687054 0.463258088 -0.002986456 0.999994218 0.001623632 -0.610722184 -0.004682191 -0.001637605 0.999987721 21.129842758
0.999985874 0.002979610 0.004403249 0.472286284 -0.002987256 0.999994040 0.001730684 -0.622376680 -0.004398067 -0.001743814 0.999988735 21.636871338
0.999984145 0.003444688 0.004451856 0.479840100 -0.003451303 0.999992967 0.001478939 -0.635579228 -0.004446731 -0.001494280 0.999988973 22.141082764
0.999984503 0.003676377 0.004184714 0.495303661 -0.003682262 0.999992251 0.001399417 -0.650173306 -0.004179536 -0.001414804 0.999990284 22.654983521
0.999987364 0.003515374 0.003594010 0.505093455 -0.003520534 0.999992788 0.001430596 -0.663758039 -0.003588955 -0.001443231 0.999992430 23.160997391
0.999989748 0.003436001 0.002936687 0.515025795 -0.003440997 0.999992609 0.001697974 -0.685155272 -0.002930832 -0.001708062 0.999994218 23.671554565
0.999993443 0.002601755 0.002521919 0.522835851 -0.002605126 0.999995708 0.001334079 -0.698417366 -0.002518437 -0.001340640 0.999995947 24.197055817
0.999995232 0.002560036 0.001705068 0.540571809 -0.002562565 0.999995589 0.001482879 -0.711128116 -0.001701265 -0.001487241 0.999997437 24.737442017
0.999995053 0.002912560 0.001184464 0.551514387 -0.002914601 0.999994278 0.001725613 -0.726220727 -0.001179431 -0.001729057 0.999997795 25.265783310
0.999994516 0.003291701 0.000436713 0.563757718 -0.003292407 0.999993265 0.001623444 -0.738393247 -0.000431366 -0.001624873 0.999998569 25.807668686
0.999991775 0.003940094 0.000970413 0.566292822 -0.003941470 0.999991238 0.001420309 -0.751703441 -0.000964808 -0.001424122 0.999998450 26.365585327
0.999991775 0.003929799 0.000984351 0.575245082 -0.003931482 0.999990821 0.001714391 -0.761454701 -0.000977605 -0.001718247 0.999998033 26.932510376
0.999993145 0.003670488 0.000433187 0.590421081 -0.003671366 0.999991179 0.002043949 -0.785333931 -0.000425681 -0.002045525 0.999997795 27.476129532
0.999989569 0.004521309 0.000667260 0.594900548 -0.004522554 0.999988019 0.001875664 -0.799423218 -0.000658772 -0.001878663 0.999998033 28.029085159
0.999988854 0.004710535 0.000303871 0.608079910 -0.004711082 0.999987245 0.001824606 -0.808631361 -0.000295272 -0.001826017 0.999998271 28.588895798
0.999987483 0.004988339 0.000329870 0.619213283 -0.004988968 0.999985695 0.001933732 -0.825223923 -0.000320220 -0.001935354 0.999998093 29.139444351
0.999985337 0.005397748 0.000448291 0.621134400 -0.005398453 0.999984086 0.001588730 -0.836201310 -0.000439708 -0.001591127 0.999998629 29.690700531
0.999985039 0.005474512 -0.000075621 0.633371234 -0.005474354 0.999983132 0.001943888 -0.850236595 0.000086262 -0.001943445 0.999998093 30.249029160
0.999981940 0.005983364 0.000574060 0.642681181 -0.005984749 0.999979079 0.002442863 -0.870436370 -0.000559432 -0.002446254 0.999996781 30.788398743
0.999983132 0.005772346 0.000539231 0.657029748 -0.005773469 0.999981046 0.002104839 -0.880971432 -0.000527071 -0.002107916 0.999997616 31.333963394
0.999976873 0.006769257 0.000668951 0.665364563 -0.006770388 0.999975562 0.001704309 -0.891984284 -0.000657398 -0.001708798 0.999998331 31.877628326
0.999979794 0.006351497 0.000257381 0.677784264 -0.006351862 0.999978781 0.001441465 -0.908805013 -0.000248221 -0.001443070 0.999998868 32.419170380
0.999978781 0.006501096 -0.000052035 0.686135471 -0.006501006 0.999977648 0.001562257 -0.921896040 0.000062190 -0.001561886 0.999998808 32.961891174
0.999977291 0.006739423 -0.000158605 0.689287245 -0.006739169 0.999976039 0.001551684 -0.940448821 0.000169058 -0.001550580 0.999998808 33.498588562
0.999978960 0.006456888 -0.000577606 0.705223620 -0.006455947 0.999977767 0.001617526 -0.951935172 0.000588038 -0.001613763 0.999998510 34.054767609
0.999978423 0.006463787 -0.001190377 0.713630617 -0.006461700 0.999977589 0.001747408 -0.968163490 0.001201645 -0.001739678 0.999997735 34.599296570
0.999976099 0.006677160 -0.001777588 0.726125956 -0.006674408 0.999976516 0.001549279 -0.988544226 0.001787891 -0.001537377 0.999997199 35.122318268
0.999977708 0.006339871 -0.002084194 0.741439760 -0.006336243 0.999978423 0.001742270 -1.001374483 0.002095194 -0.001729026 0.999996305 35.671897888
0.999975741 0.006623903 -0.002143833 0.750607312 -0.006619681 0.999976158 0.001970500 -1.017769217 0.002156834 -0.001956261 0.999995768 36.220382690
0.999979794 0.005441104 -0.003315785 0.772212088 -0.005433262 0.999982417 0.002369567 -1.040828705 0.003328621 -0.002351504 0.999991655 36.774696350
0.999974370 0.006113703 -0.003708247 0.778842568 -0.006106314 0.999979377 0.002000235 -1.050109982 0.003720400 -0.001977541 0.999991119 37.331287384
0.999977410 0.005770864 -0.003435988 0.786331296 -0.005766026 0.999982297 0.001416584 -1.061259389 0.003444102 -0.001396740 0.999993086 37.884025574
0.999974668 0.006129005 -0.003623767 0.795753717 -0.006124094 0.999980330 0.001364611 -1.073257446 0.003632059 -0.001342384 0.999992430 38.435676575
0.999974906 0.006118526 -0.003578614 0.801191688 -0.006114412 0.999980688 0.001159400 -1.086688399 0.003585638 -0.001137489 0.999992847 38.987537384
0.999976277 0.005781246 -0.003749170 0.827201545 -0.005774707 0.999981761 0.001752550 -1.106997848 0.003759233 -0.001730858 0.999991417 39.492195129
0.999974549 0.005851944 -0.004077060 0.836408377 -0.005844286 0.999981165 0.001887238 -1.121123075 0.004088026 -0.001863363 0.999989927 40.050289154
0.999974847 0.005644178 -0.004301747 0.848321795 -0.005636201 0.999982297 0.001863962 -1.139587879 0.004312192 -0.001839669 0.999989033 40.592128754
0.999973476 0.005807747 -0.004375661 0.858701110 -0.005800149 0.999981642 0.001746934 -1.152584076 0.004385727 -0.001721509 0.999988914 41.138824463
0.999971449 0.005789191 -0.004841947 0.866290689 -0.005780226 0.999981582 0.001863337 -1.164567709 0.004852645 -0.001835296 0.999986529 41.687179565
0.999970615 0.006046066 -0.004706069 0.874545932 -0.006039513 0.999980748 0.001405610 -1.175609946 0.004714477 -0.001377147 0.999987900 42.240829468
0.999968946 0.006055323 -0.005038873 0.889842808 -0.006049703 0.999981046 0.001129602 -1.187909484 0.005045617 -0.001099083 0.999986649 42.787483215
0.999968648 0.005339474 -0.005838368 0.910676479 -0.005327662 0.999983728 0.002036919 -1.216068506 0.005849149 -0.002005750 0.999980867 43.310977936
0.999965966 0.005580427 -0.006077900 0.921190619 -0.005568383 0.999982417 0.001996757 -1.229864717 0.006088936 -0.001962844 0.999979556 43.863143921
0.999967992 0.005481340 -0.005812991 0.927546263 -0.005469459 0.999983072 0.002057579 -1.243706465 0.005824170 -0.002025720 0.999980986 44.414142609
0.999968290 0.005469719 -0.005786069 0.937163115 -0.005456761 0.999982715 0.002252897 -1.258608699 0.005798291 -0.002221253 0.999980748 44.963691711
0.999968588 0.005562197 -0.005637248 0.946214378 -0.005549553 0.999982059 0.002256172 -1.275228024 0.005649695 -0.002224817 0.999981582 45.504215240
0.999965310 0.006102433 -0.005670381 0.950690091 -0.006091550 0.999979556 0.001934869 -1.283403277 0.005682074 -0.001900260 0.999982059 46.060661316
0.999967754 0.005791117 -0.005565064 0.958162069 -0.005780697 0.999981523 0.001886537 -1.296877503 0.005575886 -0.001854306 0.999982715 46.607528687
0.999967337 0.006056205 -0.005349621 0.967608929 -0.006045897 0.999979854 0.001940986 -1.308156967 0.005361268 -0.001908579 0.999983788 47.158115387
0.999969661 0.005607192 -0.005411642 0.973824918 -0.005594342 0.999981463 0.002386685 -1.326490045 0.005424926 -0.002356338 0.999982536 47.712390900
0.999964595 0.006558587 -0.005266138 0.979640722 -0.006549888 0.999977171 0.001667548 -1.336052179 0.005276956 -0.001632997 0.999984741 48.260829926
0.999965429 0.006267433 -0.005466013 0.988281071 -0.006258831 0.999979079 0.001589280 -1.348765135 0.005475861 -0.001555014 0.999983728 48.806919098
0.999963462 0.006560601 -0.005500169 0.996771097 -0.006553985 0.999977708 0.001220199 -1.362173080 0.005508052 -0.001184106 0.999984145 49.352321625
0.999965072 0.006741742 -0.004936675 1.000027299 -0.006734027 0.999976039 0.001577935 -1.381421447 0.004947195 -0.001544636 0.999986589 49.890613556
0.999965668 0.006546315 -0.005103209 1.007523060 -0.006537762 0.999977171 0.001691038 -1.396142125 0.005114162 -0.001657617 0.999985576 50.420543671
0.999965489 0.006639888 -0.004994588 1.015988350 -0.006633190 0.999977052 0.001356268 -1.408188462 0.005003479 -0.001323091 0.999986589 50.955917358
0.999965608 0.006514598 -0.005122242 1.029680133 -0.006506625 0.999977589 0.001571703 -1.426254869 0.005132367 -0.001538321 0.999985635 51.499942780
0.999964714 0.006488232 -0.005355547 1.040298700 -0.006476883 0.999976754 0.002133928 -1.441382170 0.005369268 -0.002099165 0.999983311 52.040405273
0.999962807 0.007000360 -0.005032765 1.042395353 -0.006993906 0.999974668 0.001299136 -1.452125072 0.005041732 -0.001263889 0.999986410 52.587734222
0.999963999 0.006735272 -0.005144417 1.053165197 -0.006727890 0.999976456 0.001451005 -1.467146397 0.005154068 -0.001416342 0.999985695 53.126628876
0.999963403 0.006574501 -0.005499478 1.062879205 -0.006568879 0.999978006 0.001039706 -1.479374051 0.005506193 -0.001003542 0.999984264 53.672668457
0.999962866 0.007129787 -0.004860975 1.063693523 -0.007125369 0.999974132 0.000925847 -1.494688988 0.004867450 -0.000891177 0.999987781 54.227264404
0.999965668 0.006682995 -0.004899000 1.071749210 -0.006680449 0.999977529 0.000535992 -1.506301284 0.004902472 -0.000503246 0.999987841 54.779388428
0.999963582 0.007050081 -0.004812117 1.080181122 -0.007047198 0.999975085 0.000615584 -1.522140265 0.004816337 -0.000581650 0.999988258 55.326976776
0.999964774 0.006517372 -0.005284541 1.096274614 -0.006512788 0.999978542 0.000884091 -1.534469485 0.005290188 -0.000849643 0.999985635 55.874248505
0.999963224 0.007181707 -0.004669067 1.087292194 -0.007177779 0.999973893 0.000857482 -1.548743367 0.004675103 -0.000823937 0.999988735 56.403419495
0.999963820 0.007269547 -0.004420598 1.092067003 -0.007266814 0.999973357 0.000633998 -1.564432263 0.004425090 -0.000601852 0.999990046 56.939289093
0.999963820 0.007402557 -0.004193117 1.091796994 -0.007401206 0.999972582 0.000337400 -1.575088263 0.004195501 -0.000306354 0.999991179 57.479904175
0.999962866 0.007578029 -0.004138002 1.094917059 -0.007575917 0.999971151 0.000525550 -1.594877839 0.004141865 -0.000494181 0.999991298 58.014671326
0.999963224 0.007696240 -0.003769788 1.102697372 -0.007695434 0.999970376 0.000228025 -1.610839844 0.003771430 -0.000199007 0.999992847 58.548980713
0.999963105 0.007795984 -0.003608389 1.104387045 -0.007795481 0.999969602 0.000153420 -1.623725533 0.003609475 -0.000125285 0.999993443 59.076282501
0.999965250 0.007621700 -0.003356850 1.112412095 -0.007621379 0.999970973 0.000107949 -1.645408869 0.003357575 -0.000082362 0.999994338 59.605812073
0.999961853 0.007946196 -0.003632818 1.124856353 -0.007944799 0.999968290 0.000399172 -1.668464303 0.003635875 -0.000370295 0.999993265 60.138130188
0.999965549 0.007446711 -0.003661987 1.137892365 -0.007444606 0.999972045 0.000587689 -1.689059377 0.003666261 -0.000560407 0.999993145 60.698009491
0.999962330 0.008093458 -0.003111318 1.141582251 -0.008092917 0.999967158 0.000186546 -1.703445911 0.003112725 -0.000161359 0.999995112 61.225002289
0.999965072 0.007811380 -0.002942944 1.150474668 -0.007810059 0.999969423 0.000460114 -1.716456294 0.002946449 -0.000437114 0.999995589 61.769409180
0.999961257 0.008423125 -0.002600702 1.150899529 -0.008421820 0.999964416 0.000512992 -1.738526464 0.002604932 -0.000491069 0.999996483 62.304069519
0.999960244 0.008606982 -0.002332281 1.155287147 -0.008607756 0.999962926 -0.000322921 -1.747889280 0.002329414 0.000342984 0.999997199 62.861320496
0.999957740 0.009026531 -0.001754583 1.158385992 -0.009026879 0.999959171 -0.000189900 -1.762567282 0.001752796 0.000205730 0.999998391 63.410743713
0.999954581 0.009343969 -0.001889572 1.163478374 -0.009344510 0.999956310 -0.000277712 -1.782646298 0.001886894 0.000295356 0.999998152 63.960990906
0.999957025 0.009141822 -0.001484459 1.170214534 -0.009142068 0.999958158 -0.000158793 -1.796459317 0.001482946 0.000172357 0.999998868 64.512550354
0.999953628 0.009550359 -0.001223215 1.171229005 -0.009550987 0.999954283 -0.000508328 -1.809178472 0.001218304 0.000519987 0.999999046 65.065544128
0.999955237 0.009414463 -0.000972751 1.176908731 -0.009415218 0.999955356 -0.000773613 -1.824344516 0.000965424 0.000782737 0.999999225 65.609527588
0.999954164 0.009533870 -0.000815939 1.182752967 -0.009534418 0.999954283 -0.000670822 -1.840044618 0.000809506 0.000678571 0.999999464 66.159317017
0.999953568 0.009609413 -0.000702310 1.183268309 -0.009610143 0.999953270 -0.001044436 -1.852382779 0.000692240 0.001051137 0.999999225 66.720100403
0.999951839 0.009802898 -0.000529457 1.193983555 -0.009803376 0.999951482 -0.000906253 -1.874522328 0.000520547 0.000911400 0.999999464 67.256515503
0.999947786 0.010214847 -0.000360748 1.202836394 -0.010215214 0.999947250 -0.001029423 -1.887652993 0.000350214 0.001033054 0.999999404 67.807273865
0.999946713 0.010310812 -0.000304142 1.210054398 -0.010311141 0.999946237 -0.001102746 -1.907217622 0.000292755 0.001105823 0.999999285 68.344795227
0.999947727 0.010225109 0.000057267 1.215235949 -0.010225032 0.999947011 -0.001185688 -1.923263431 -0.000069388 0.001185040 0.999999285 68.888504028
0.999944031 0.010577108 0.000327697 1.220047235 -0.010576738 0.999943435 -0.001109755 -1.939434767 -0.000339417 0.001106227 0.999999344 69.449150085
0.999947667 0.010240943 0.000147307 1.235098243 -0.010240786 0.999947011 -0.001022032 -1.960967898 -0.000157766 0.001020470 0.999999464 69.989707947
0.999949038 0.010084357 0.000429444 1.245251894 -0.010083888 0.999948561 -0.001080130 -1.978648543 -0.000440315 0.001075745 0.999999344 70.539360046
0.999951363 0.009862073 0.000062758 1.257567167 -0.009862007 0.999950826 -0.000968034 -1.998710394 -0.000072302 0.000967368 0.999999523 71.086585999
0.999953270 0.009665838 0.000163773 1.269456029 -0.009665599 0.999952316 -0.001413091 -2.011933327 -0.000177424 0.001411441 0.999998927 71.638237000
0.999955475 0.009428023 -0.000293970 1.286306143 -0.009428305 0.999954998 -0.000972294 -2.033959627 0.000284790 0.000975022 0.999999404 72.177810669
0.999952674 0.009724208 -0.000103251 1.294507384 -0.009724357 0.999951541 -0.001545935 -2.048340797 0.000088213 0.001546866 0.999998808 72.734809875
0.999952912 0.009703373 -0.000234575 1.308411479 -0.009703634 0.999952257 -0.001141646 -2.066835403 0.000223486 0.001143868 0.999999285 73.291046143
0.999953210 0.009666928 -0.000197729 1.315718889 -0.009667137 0.999952674 -0.001088969 -2.082127810 0.000187193 0.001090829 0.999999344 73.849166870
0.999954879 0.009484364 -0.000329093 1.331217170 -0.009484688 0.999954462 -0.001003594 -2.100952387 0.000319559 0.001006670 0.999999404 74.404914856
0.999956429 0.009332855 -0.000227912 1.342861533 -0.009333042 0.999956071 -0.000824577 -2.114132881 0.000220207 0.000826668 0.999999642 74.953536987
0.999954224 0.009568805 -0.000124257 1.353240848 -0.009568931 0.999953687 -0.001055885 -2.131912470 0.000114147 0.001057026 0.999999464 75.508529663
0.999955893 0.009384087 -0.000302010 1.367993236 -0.009384517 0.999954879 -0.001460855 -2.144706726 0.000288289 0.001463625 0.999998868 76.059898376
0.999955714 0.009408817 -0.000239316 1.377992630 -0.009409192 0.999954402 -0.001618064 -2.157333851 0.000224080 0.001620244 0.999998629 76.611152649
0.999958634 0.009073233 -0.000577309 1.392215848 -0.009074365 0.999956846 -0.001990179 -2.171965837 0.000559227 0.001995336 0.999997795 77.167007446
0.999953628 0.009616228 -0.000508868 1.404087424 -0.009617239 0.999951720 -0.002024130 -2.187863588 0.000489379 0.002028930 0.999997795 77.709663391
0.999955297 0.009442240 -0.000532265 1.414949536 -0.009443216 0.999953687 -0.001861611 -2.202186108 0.000514663 0.001866554 0.999998152 78.252357483
0.999965072 0.008349766 -0.000294049 1.428401113 -0.008350422 0.999962509 -0.002304074 -2.219064236 0.000274799 0.002306449 0.999997258 78.786392212
0.999960661 0.008865403 0.000333233 1.433399916 -0.008864546 0.999957740 -0.002489451 -2.229946136 -0.000355289 0.002486400 0.999996781 79.328140259
0.999957979 0.009168617 -0.000116719 1.452111363 -0.009168861 0.999955297 -0.002301206 -2.249206305 0.000095614 0.002302180 0.999997258 79.867919922
0.999957442 0.009223002 0.000195577 1.463070154 -0.009222470 0.999954164 -0.002564133 -2.268496275 -0.000219217 0.002562220 0.999996722 80.406974792
0.999963641 0.008479429 0.000859787 1.481910348 -0.008476772 0.999959409 -0.003049172 -2.280711889 -0.000885607 0.003041773 0.999994993 80.967964172
0.999965966 0.008032234 0.001881244 1.499977231 -0.008026037 0.999962389 -0.003278680 -2.293535233 -0.001907509 0.003263470 0.999992847 81.512443542
0.999961555 0.008209028 0.003066090 1.514051795 -0.008198634 0.999960601 -0.003386806 -2.306639671 -0.003093772 0.003361538 0.999989510 82.067253113
0.999959767 0.007961337 0.004135115 1.526614666 -0.007946895 0.999962330 -0.003497442 -2.319934845 -0.004162804 0.003464440 0.999985337 82.611907959
0.999938011 0.008197692 0.007528518 1.554173946 -0.008171655 0.999960542 -0.003482685 -2.338097572 -0.007556771 0.003420949 0.999965608 83.159233093
0.999900758 0.008432895 0.011287006 1.574702978 -0.008394530 0.999958754 -0.003442181 -2.352719307 -0.011315566 0.003347090 0.999930382 83.698234558
0.999873579 0.007637757 0.013941122 1.607525110 -0.007588968 0.999964893 -0.003549248 -2.375175476 -0.013967740 0.003443001 0.999896526 84.249511719
0.999796391 0.008153103 0.018457182 1.635233045 -0.008086431 0.999960482 -0.003684079 -2.394044638 -0.018486489 0.003534076 0.999822855 84.795707703
0.999664187 0.007879644 0.024687132 1.666439772 -0.007782145 0.999961555 -0.004043011 -2.408452034 -0.024718041 0.003849535 0.999687076 85.345489502
0.999487698 0.007972605 0.030993866 1.703536034 -0.007842600 0.999959886 -0.004313828 -2.424647570 -0.031027019 0.004068546 0.999510288 85.887336731
0.999279022 0.007623706 0.037191547 1.743412137 -0.007464055 0.999962330 -0.004429587 -2.441333055 -0.037223913 0.004148793 0.999298334 86.445922852
0.998950779 0.007495569 0.045179460 1.789160967 -0.007293283 0.999962628 -0.004640557 -2.457767487 -0.045212556 0.004306181 0.998968124 87.009712219
0.998549223 0.006978604 0.053390726 1.842035294 -0.006699892 0.999962986 -0.005397431 -2.474308491 -0.053426418 0.005031889 0.998559117 87.568321228
0.998190343 0.006024694 0.059830792 1.906078577 -0.005687605 0.999967098 -0.005802768 -2.487309456 -0.059863780 0.005451974 0.998191595 88.148246765
0.997573256 0.006959042 0.069275849 1.953926086 -0.006616463 0.999964714 -0.005173402 -2.508714199 -0.069309421 0.004702487 0.997584105 88.682815552
0.996860027 0.005999117 0.078956001 2.025801659 -0.005579460 0.999969125 -0.005534609 -2.531197071 -0.078986749 0.005076698 0.996862710 89.218162537
0.996186674 0.004962740 0.087105840 2.099843979 -0.004414282 0.999969125 -0.006487955 -2.532462597 -0.087135360 0.006078705 0.996177912 89.778709412
0.995465815 0.005090244 0.094982989 2.165357590 -0.004538312 0.999971509 -0.006025964 -2.555767536 -0.095010966 0.005567579 0.995460629 90.314834595
0.994436741 0.005632394 0.105184525 2.255033016 -0.005072108 0.999971509 -0.005593427 -2.584411860 -0.105213009 0.005028803 0.994436979 90.832855225
0.993333042 0.004959085 0.115173198 2.341933250 -0.004295076 0.999972641 -0.006012771 -2.599264622 -0.115199871 0.005478006 0.993327200 91.390235901
0.992271543 0.004120537 0.124017037 2.430538177 -0.003324775 0.999972522 -0.006622832 -2.618221521 -0.124040917 0.006159319 0.992258012 91.941535950
0.990690589 0.004196900 0.136069208 2.520893097 -0.003348505 0.999973536 -0.006463308 -2.635684013 -0.136092737 0.005947509 0.990678191 92.475265503
0.988894463 0.004098548 0.148563012 2.623192787 -0.003162771 0.999973655 -0.006534558 -2.657382727 -0.148585901 0.005992116 0.988881469 93.001266479
0.987275302 0.002926505 0.158994079 2.728635788 -0.001755791 0.999970317 -0.007503231 -2.671539783 -0.159011334 0.007128594 0.987251043 93.538681030
0.985847950 0.001567292 0.167634651 2.841160774 0.000384663 0.999932528 -0.011611002 -2.687407494 -0.167641535 0.011511166 0.985780835 94.052879333
0.983538032 0.001436002 0.180695802 2.956394196 0.000687277 0.999931514 -0.011687412 -2.706489801 -0.180700183 0.011619202 0.983469605 94.596099854
0.980568290 0.004163183 0.196134597 3.089361191 -0.003151617 0.999980092 -0.005469324 -2.735166311 -0.196153492 0.004744903 0.980561733 95.172912598
0.978696644 0.003064917 0.205288813 3.225425720 -0.001937911 0.999981940 -0.005690685 -2.754376173 -0.205302551 0.005171623 0.978684902 95.701034546
0.975781143 0.003741175 0.218717769 3.366321564 -0.002672982 0.999983013 -0.005179577 -2.776765108 -0.218733460 0.004469504 0.975774348 96.240623474
0.972865105 0.002055733 0.231363997 3.516950607 -0.000656190 0.999981046 -0.006125888 -2.790858269 -0.231372207 0.005807844 0.972847998 96.767585754
0.970211983 0.001030860 0.242255658 3.671215057 0.000458047 0.999981403 -0.006089609 -2.806944847 -0.242257446 0.006019176 0.970193326 97.287101746
0.967496037 0.000341071 0.252885729 3.835664749 0.001282809 0.999979615 -0.006256489 -2.833187103 -0.252882689 0.006377533 0.967475951 97.758842468
0.964006245 0.000492620 0.265879214 4.007518768 0.001028731 0.999983907 -0.005582667 -2.856800318 -0.265877634 0.005655244 0.963990211 98.281005859
0.960566521 -0.000180666 0.278050154 4.180103302 0.001987531 0.999978721 -0.006216483 -2.877496243 -0.278043061 0.006523979 0.960546434 98.795005798
0.956981003 -0.000727813 0.290149719 4.359470367 0.002501458 0.999980509 -0.005742032 -2.895600080 -0.290139884 0.006220814 0.956963956 99.310279846
0.952667296 -0.000943949 0.304013252 4.566349030 0.002020576 0.999992728 -0.003226813 -2.919033289 -0.304008007 0.003688362 0.952662289 99.849754333
0.948366761 -0.001612796 0.317171663 4.759263992 0.003564639 0.999978125 -0.005573715 -2.930642605 -0.317155749 0.006416528 0.948351741 100.338554382
0.944530427 -0.001822954 0.328419149 4.965372086 0.003926608 0.999975801 -0.005742326 -2.947731972 -0.328400701 0.006713374 0.944514632 100.842536926
0.939832389 -0.002219293 0.341628760 5.166280746 0.004303098 0.999976516 -0.005341910 -2.973046541 -0.341608882 0.006490563 0.939819813 101.320449829
0.934510708 -0.003167359 0.355920792 5.387786865 0.005484675 0.999969780 -0.005501855 -2.994336128 -0.355892718 0.007093652 0.934499860 101.824111938
0.929464996 -0.002493360 0.368901849 5.605739594 0.004672111 0.999976516 -0.005012882 -3.012498617 -0.368880749 0.006382849 0.929454803 102.337921143
0.924758434 -0.003548890 0.380538076 5.843006134 0.006455387 0.999958932 -0.006361859 -3.019132376 -0.380499870 0.008339704 0.924743354 102.853607178
0.919003904 -0.003353186 0.394234121 6.080211639 0.005949688 0.999967933 -0.005364094 -3.039202213 -0.394203484 0.007275193 0.918994367 103.350410461
0.913217485 -0.003918763 0.407453686 6.325931549 0.006911437 0.999958932 -0.005873166 -3.051653147 -0.407413930 0.008179569 0.913206935 103.843490601
0.908359885 -0.004546004 0.418164521 6.571067810 0.007537038 0.999956429 -0.005501508 -3.078351498 -0.418121368 0.008149072 0.908354580 104.297653198
0.902527571 -0.004314770 0.430610359 6.820415497 0.007200350 0.999961257 -0.005071667 -3.098184586 -0.430571765 0.007677866 0.902523637 104.779312134
0.896068811 -0.005333890 0.443883181 7.088569641 0.008421195 0.999952137 -0.004984048 -3.118533850 -0.443835348 0.008204076 0.896070778 105.265975952
0.890065730 -0.005052096 0.455804199 7.358207703 0.008252289 0.999953210 -0.005031150 -3.133308887 -0.455757499 0.008239482 0.890065849 105.748672485
0.884270310 -0.005629082 0.466941595 7.637699127 0.009132203 0.999944568 -0.005239555 -3.151091814 -0.466886193 0.008897386 0.884272635 106.224800110
0.877004266 -0.005962799 0.480445594 7.921268463 0.009651908 0.999939859 -0.005208340 -3.166950464 -0.480385572 0.009204953 0.877009094 106.687583923
0.869786739 -0.006328826 0.493387163 8.206104279 0.010041495 0.999937713 -0.004875537 -3.187910080 -0.493325531 0.009195025 0.869796157 107.145668030
