1.000000000 0.000000000 0.000000000 0.000000000 0.000000000 1.000000000 0.000000000 0.000000000 0.000000000 0.000000000 1.000000000 0.000000000
1.000000000 0.000051429 0.000035786 -0.000410110 -0.000051434 1.000000000 0.000132771 -0.000236315 -0.000035779 -0.000132773 1.000000000 0.000117843
1.000000000 0.000009524 0.000102715 -0.001108826 -0.000009524 1.000000000 0.000002735 0.000659755 -0.000102715 -0.000002736 1.000000000 -0.000033132
1.000000000 0.000029991 0.000018675 -0.000333468 -0.000029992 1.000000000 0.000050597 -0.000670503 -0.000018673 -0.000050598 1.000000000 -0.000279799
1.000000000 0.000098647 0.000181518 -0.001321227 -0.000098659 1.000000000 0.000068101 -0.000531429 -0.000181511 -0.000068119 1.000000000 0.000251253
1.000000000 -0.000104413 0.000006055 -0.000202279 0.000104413 1.000000000 0.000019080 -0.000120119 -0.000006057 -0.000019079 1.000000000 0.000073190
1.000000000 0.000030050 0.000095522 -0.001314754 -0.000030061 1.000000000 0.000117109 -0.000985550 -0.000095518 -0.000117112 1.000000000 -0.001038822
1.000000000 0.000042083 0.000043471 -0.000722647 -0.000042083 1.000000000 0.000000006 -0.000328530 -0.000043471 -0.000000008 1.000000000 -0.000520796
1.000000000 0.000038150 0.000165645 -0.001439383 -0.000038158 1.000000000 0.000051576 -0.001216293 -0.000165643 -0.000051582 1.000000000 -0.000410961
1.000000000 0.000086910 0.000182202 -0.001848608 -0.000086943 1.000000000 0.000176397 -0.001272355 -0.000182187 -0.000176412 0.999999940 0.000546249
1.000000000 0.000105397 0.000172367 -0.001349291 -0.000105414 1.000000000 0.000098149 -0.000761030 -0.000172357 -0.000098167 1.000000000 -0.000205339
1.000000000 0.000115927 0.000151802 -0.001274557 -0.000115939 1.000000000 0.000080567 -0.001387920 -0.000151792 -0.000080585 1.000000000 -0.000329603
1.000000000 0.000070378 0.000120446 -0.000897248 -0.000070385 1.000000000 0.000060888 -0.000068455 -0.000120441 -0.000060897 1.000000000 0.000354470
1.000000000 0.000119287 0.000141466 -0.001894291 -0.000119279 1.000000000 -0.000056669 0.000613006 -0.000141472 0.000056652 1.000000000 0.000021843
1.000000000 0.000125852 0.000081443 -0.000399787 -0.000125852 1.000000000 0.000003562 0.001246734 -0.000081443 -0.000003572 1.000000000 0.001336043
0.999999940 0.000232271 0.000177328 -0.001649088 -0.000232265 1.000000000 -0.000030580 0.000934013 -0.000177335 0.000030539 1.000000000 0.001606498
0.999999940 0.000313785 0.000187582 -0.002046237 -0.000313792 0.999999940 0.000032751 0.000315363 -0.000187572 -0.000032810 1.000000000 0.001774211
0.999999940 0.000187988 0.000240340 -0.002065018 -0.000187991 1.000000000 0.000009817 0.001548703 -0.000240339 -0.000009862 1.000000000 0.003066781
0.999999940 0.000223118 0.000255601 -0.002042387 -0.000223100 1.000000000 -0.000069709 0.001375053 -0.000255617 0.000069652 0.999999940 0.001577396
0.999999940 0.000267541 0.000271231 -0.002802511 -0.000267544 0.999999940 0.000013358 0.000813630 -0.000271227 -0.000013431 0.999999940 0.002723537
0.999999940 0.000264626 0.000202894 -0.002309147 -0.000264618 0.999999940 -0.000039116 0.001779026 -0.000202904 0.000039062 1.000000000 0.002522221
0.999999940 0.000306672 0.000194269 -0.002073394 -0.000306666 0.999999940 -0.000031085 0.001587853 -0.000194278 0.000031026 1.000000000 0.002992792
0.999999940 0.000222180 0.000201779 -0.002495699 -0.000222183 1.000000000 0.000013193 0.001181119 -0.000201776 -0.000013238 1.000000000 0.002245127
0.999999881 0.000375806 0.000193964 -0.002744711 -0.000375810 0.999999940 0.000018059 0.001614503 -0.000193957 -0.000018132 1.000000000 0.003315257
0.999999940 0.000330966 0.000243861 -0.002273092 -0.000330974 0.999999940 0.000032790 0.000941256 -0.000243850 -0.000032871 0.999999940 0.002445274
0.999999940 0.000306128 0.000263552 -0.002838205 -0.000306115 0.999999940 -0.000050471 0.002847631 -0.000263568 0.000050390 0.999999940 0.003708300
0.999999881 0.000362164 0.000250698 -0.002539229 -0.000362184 0.999999940 0.000078374 0.001026321 -0.000250670 -0.000078465 0.999999940 0.002817318
0.999999940 0.000282330 0.000142394 -0.002098619 -0.000282325 0.999999940 -0.000038798 0.001754034 -0.000142405 0.000038758 1.000000000 0.001856467
0.999999940 0.000366343 0.000193325 -0.002384404 -0.000366316 0.999999940 -0.000137775 0.003221083 -0.000193375 0.000137704 1.000000000 0.002853985
0.999999881 0.000378449 0.000265896 -0.001993762 -0.000378428 0.999999940 -0.000077745 0.001798801 -0.000265925 0.000077645 0.999999940 0.002670002
0.999999881 0.000401152 0.000340655 -0.002989225 -0.000401132 0.999999940 -0.000059330 0.002403688 -0.000340679 0.000059194 0.999999940 0.002653131
0.999999881 0.000390789 0.000225566 -0.002099170 -0.000390774 0.999999940 -0.000066432 0.002195101 -0.000225592 0.000066344 1.000000000 0.002929887
0.999999881 0.000390038 0.000217889 -0.001770538 -0.000390046 0.999999940 0.000035794 0.000100162 -0.000217875 -0.000035879 1.000000000 0.001514581
0.999999821 0.000485451 0.000334474 -0.003531482 -0.000485457 0.999999881 0.000017980 0.000736938 -0.000334465 -0.000018142 0.999999940 0.002524082
0.999999881 0.000421756 0.000259490 -0.002217987 -0.000421731 0.999999881 -0.000095733 0.001752082 -0.000259531 0.000095623 0.999999940 0.002712328
0.999999881 0.000331270 0.000271443 -0.003364159 -0.000331261 0.999999940 -0.000034431 0.001510441 -0.000271454 0.000034341 0.999999940 0.002752208
0.999999881 0.000412111 0.000226442 -0.002796857 -0.000412091 0.999999940 -0.000089387 0.002918377 -0.000226479 0.000089294 1.000000000 0.003417303
0.999999821 0.000478036 0.000320003 -0.002988643 -0.000478023 0.999999881 -0.000038593 0.002054348 -0.000320021 0.000038440 0.999999940 0.002940955
0.999999881 0.000431524 0.000239049 -0.001572053 -0.000431520 0.999999881 -0.000016423 0.001864426 -0.000239056 0.000016320 1.000000000 0.001548118
0.999999940 0.000272235 0.000225227 -0.001263335 -0.000272213 0.999999940 -0.000096227 0.001135510 -0.000225254 0.000096166 0.999999940 0.001785240
0.999999881 0.000391682 0.000301054 -0.000662059 -0.000391539 0.999999821 -0.000473243 -0.003239494 -0.000301239 0.000473125 0.999999821 0.048078489
0.999999762 0.000583635 0.000302806 0.000519611 -0.000583302 0.999999225 -0.001097678 -0.004139284 -0.000303446 0.001097501 0.999999344 0.139125690
0.999999881 0.000321085 0.000128095 0.001932455 -0.000320926 0.999999166 -0.001233167 -0.008007226 -0.000128491 0.001233126 0.999999166 0.251310408
0.999999702 0.000634065 0.000174415 0.004285156 -0.000633914 0.999999464 -0.000864956 -0.013398124 -0.000174963 0.000864845 0.999999583 0.383408815
0.999999702 0.000640061 0.000184039 0.005415883 -0.000639937 0.999999523 -0.000673985 -0.016278874 -0.000184470 0.000673867 0.999999702 0.529845417
0.999999881 -0.000108747 0.000444371 0.011702139 0.000108812 1.000000000 -0.000144581 -0.026880132 -0.000444355 0.000144629 0.999999821 0.674726427
0.999999821 -0.000181903 0.000517415 0.015554966 0.000181799 1.000000000 0.000200394 -0.030661220 -0.000517451 -0.000200300 0.999999821 0.835992217
0.999999881 -0.000128685 0.000487819 0.016927265 0.000128641 1.000000000 0.000091349 -0.034323048 -0.000487831 -0.000091287 0.999999821 1.010050416
0.999999940 -0.000107166 0.000304247 0.024979025 0.000107041 0.999999881 0.000412372 -0.044357460 -0.000304291 -0.000412339 0.999999881 1.194709539
0.999999940 0.000044939 0.000257594 0.030567495 -0.000045098 0.999999821 0.000619552 -0.049767662 -0.000257566 -0.000619563 0.999999762 1.381439805
1.000000000 0.000142923 0.000110027 0.035161510 -0.000142979 0.999999881 0.000507465 -0.052521996 -0.000109955 -0.000507480 0.999999881 1.573572397
0.999999821 -0.000453439 0.000174633 0.039941061 0.000453319 0.999999642 0.000685043 -0.057136562 -0.000174943 -0.000684964 0.999999762 1.775334835
0.999999702 -0.000515765 0.000535978 0.043899920 0.000515225 0.999999344 0.001007288 -0.063628048 -0.000536497 -0.001007011 0.999999285 1.974982977
0.999999285 -0.001112100 0.000319759 0.050257090 0.001111770 0.999998868 0.001029595 -0.072703123 -0.000320904 -0.001029239 0.999999404 2.183101416
0.999999821 -0.000411224 0.000373876 0.051666737 0.000410820 0.999999344 0.001078562 -0.076119877 -0.000374320 -0.001078409 0.999999344 2.406497717
0.999999881 -0.000150137 0.000502277 0.057244070 0.000149619 0.999999464 0.001031765 -0.083349138 -0.000502431 -0.001031690 0.999999344 2.627854109
0.999999583 -0.000636923 0.000667181 0.061308797 0.000635935 0.999998629 0.001479417 -0.095825002 -0.000668122 -0.001478991 0.999998689 2.859736919
0.999999583 -0.000776099 0.000589795 0.067054905 0.000775341 0.999998868 0.001285092 -0.097547211 -0.000590792 -0.001284634 0.999998987 3.100769997
0.999999762 -0.000083054 0.000650522 0.068397418 0.000082296 0.999999285 0.001165347 -0.100036085 -0.000650618 -0.001165293 0.999999046 3.345101118
0.999999642 -0.000155440 0.000835553 0.071493782 0.000154301 0.999999046 0.001363124 -0.108949952 -0.000835764 -0.001362994 0.999998689 3.596670389
0.999999523 -0.000033549 0.000932742 0.075908609 0.000032162 0.999998927 0.001486986 -0.114072911 -0.000932791 -0.001486955 0.999998510 3.861789465
0.999999523 -0.000487958 0.000851082 0.083080836 0.000486682 0.999998748 0.001497911 -0.122389674 -0.000851812 -0.001497496 0.999998510 4.116047859
0.999999642 -0.000156234 0.000881712 0.089594670 0.000154946 0.999998927 0.001460033 -0.126630902 -0.000881939 -0.001459896 0.999998569 4.372077465
0.999999225 -0.000630348 0.001085167 0.092941247 0.000628488 0.999998331 0.001713392 -0.134819523 -0.001086245 -0.001712709 0.999997914 4.634362698
0.999999523 -0.000327241 0.000930854 0.100311965 0.000325671 0.999998510 0.001686562 -0.140088543 -0.000931405 -0.001686258 0.999998152 4.902896881
0.999999464 0.000161952 0.001037872 0.104290947 -0.000163593 0.999998748 0.001582077 -0.146781787 -0.001037615 -0.001582245 0.999998212 5.159754753
0.999999404 0.000109808 0.001108388 0.106495872 -0.000111607 0.999998689 0.001623099 -0.155968308 -0.001108208 -0.001623221 0.999998093 5.423561573
0.999999225 -0.000166251 0.001234272 0.111936413 0.000163853 0.999998093 0.001942474 -0.167313591 -0.001234592 -0.001942270 0.999997377 5.689156055
0.999999046 -0.000113543 0.001397192 0.113044433 0.000110910 0.999998152 0.001884875 -0.175744444 -0.001397403 -0.001884718 0.999997258 5.957129478
0.999998391 0.000222745 0.001821298 0.112659298 -0.000226070 0.999998331 0.001825955 -0.183413491 -0.001820888 -0.001826364 0.999996662 6.239856243
0.999998569 0.000058881 0.001681915 0.126352429 -0.000062381 0.999997854 0.002080876 -0.187621936 -0.001681789 -0.002080978 0.999996424 6.531244755
0.999998868 0.000112822 0.001473895 0.130575776 -0.000115704 0.999998033 0.001955551 -0.193493038 -0.001473672 -0.001955719 0.999996960 6.822471142
0.999998629 0.000552914 0.001574035 0.140821770 -0.000555432 0.999998569 0.001599637 -0.199330136 -0.001573148 -0.001600509 0.999997497 7.108502388
0.999998391 0.000710294 0.001677801 0.148208275 -0.000713507 0.999997973 0.001915126 -0.206352666 -0.001676437 -0.001916321 0.999996722 7.418657303
0.999998331 0.000531388 0.001734396 0.150577858 -0.000534670 0.999998093 0.001892088 -0.232826963 -0.001733388 -0.001893012 0.999996722 7.707661629
0.999998033 0.000526077 0.001896352 0.160511628 -0.000529609 0.999998152 0.001862343 -0.237869740 -0.001895369 -0.001863344 0.999996483 8.030203819
0.999997199 0.000856079 0.002177368 0.162271649 -0.000860933 0.999997139 0.002229386 -0.251306236 -0.002175454 -0.002231254 0.999995112 8.340806007
0.999997258 0.000960012 0.002106380 0.171119690 -0.000963860 0.999997854 0.001826247 -0.252561003 -0.002104623 -0.001828273 0.999996126 8.670058250
0.999997735 0.000789848 0.001967305 0.174585462 -0.000793678 0.999997735 0.001946775 -0.261630177 -0.001965764 -0.001948332 0.999996185 9.026043892
0.999996960 0.001555023 0.001915485 0.179245323 -0.001559215 0.999996424 0.002188613 -0.275496393 -0.001912075 -0.002191593 0.999995828 9.369685173
0.999997675 0.000982045 0.001911312 0.190021038 -0.000985385 0.999997973 0.001747383 -0.281357199 -0.001909592 -0.001749263 0.999996662 9.695342064
0.999998212 0.000495073 0.001837749 0.199718297 -0.000498525 0.999998033 0.001878095 -0.291304499 -0.001836816 -0.001879008 0.999996603 10.052733421
0.999998212 0.000848718 0.001674859 0.211629137 -0.000851825 0.999997914 0.001855138 -0.304590404 -0.001673280 -0.001856561 0.999996841 10.426662445
0.999998033 0.000931544 0.001742323 0.220012009 -0.000934497 0.999998152 0.001694814 -0.312722534 -0.001740741 -0.001696439 0.999997020 10.791296959
0.999998450 0.000771784 0.001560141 0.228364646 -0.000774557 0.999998093 0.001777547 -0.320290804 -0.001558766 -0.001778752 0.999997258 11.159991264
0.999998569 0.000493145 0.001604682 0.236004695 -0.000496837 0.999997258 0.002301129 -0.336075008 -0.001603542 -0.002301923 0.999996066 11.527394295
0.999997497 0.001317124 0.001780718 0.240701497 -0.001321157 0.999996543 0.002265525 -0.341606766 -0.001777728 -0.002267872 0.999995828 11.912101746
0.999996960 0.001147262 0.002187658 0.240996167 -0.001152754 0.999996185 0.002510834 -0.364433497 -0.002184769 -0.002513349 0.999994457 12.297686577
0.999997377 0.000852455 0.002151914 0.253799319 -0.000858508 0.999995649 0.002813511 -0.376689702 -0.002149506 -0.002815350 0.999993742 12.685094833
0.999996603 0.000863227 0.002451225 0.256091267 -0.000870287 0.999995410 0.002880569 -0.386951506 -0.002448728 -0.002882692 0.999992847 13.098225594
0.999996901 0.000750556 0.002385385 0.267656177 -0.000757364 0.999995649 0.002854477 -0.399758011 -0.002383232 -0.002856275 0.999993026 13.500062943
0.999996364 0.001058204 0.002531393 0.279380828 -0.001065890 0.999994814 0.003037158 -0.410118490 -0.002528166 -0.003039844 0.999992192 13.912752151
0.999996364 0.001113520 0.002464822 0.289082021 -0.001121271 0.999994397 0.003145683 -0.420952410 -0.002461305 -0.003148435 0.999992013 14.324533463
0.999995410 0.000866902 0.002891995 0.302433044 -0.000875782 0.999994874 0.003070782 -0.431082040 -0.002889318 -0.003073301 0.999991119 14.743485451
0.999995112 0.000950002 0.002973804 0.309198201 -0.000959012 0.999994874 0.003029825 -0.440324306 -0.002970911 -0.003032662 0.999990940 15.173657417
0.999994218 0.000953109 0.003266811 0.317877293 -0.000963528 0.999994457 0.003189242 -0.454730690 -0.003263753 -0.003192371 0.999989569 15.610948563
0.999993086 0.000696805 0.003667574 0.325239718 -0.000707312 0.999995649 0.002864395 -0.464080513 -0.003665562 -0.002866969 0.999989212 16.050577164
0.999989569 0.001548039 0.004291650 0.334931016 -0.001560718 0.999994397 0.002952642 -0.474468708 -0.004287055 -0.002959309 0.999986410 16.490087509
0.999990344 0.001457284 0.004131879 0.347506791 -0.001467650 0.999995708 0.002506685 -0.487633944 -0.004128210 -0.002512725 0.999988317 16.939893723
0.999986947 0.001684829 0.004826264 0.356403947 -0.001699304 0.999994040 0.002996776 -0.501585662 -0.004821186 -0.003004938 0.999983788 17.392194748
0.999985695 0.001683191 0.005083718 0.368818611 -0.001700930 0.999992430 0.003487027 -0.512396336 -0.005077810 -0.003495624 0.999980986 17.860307693
0.999986768 0.001266431 0.004989479 0.380227715 -0.001280760 0.999994993 0.002869607 -0.520020187 -0.004985821 -0.002875960 0.999983370 18.327264786
0.999984026 0.001136128 0.005529969 0.393489838 -0.001154629 0.999993682 0.003343520 -0.537649632 -0.005526135 -0.003349851 0.999979138 18.783588409
0.999985099 0.001232842 0.005311636 0.409300983 -0.001249621 0.999994159 0.003156796 -0.543352902 -0.005307713 -0.003163386 0.999980986 19.266685486
0.999980569 0.001829674 0.005949240 0.414055765 -0.001848000 0.999993563 0.003076368 -0.562328160 -0.005943573 -0.003087303 0.999977529 19.734954834
0.999979317 0.002100413 0.006091071 0.422324777 -0.002121756 0.999991655 0.003499506 -0.576574385 -0.006083670 -0.003512357 0.999975324 20.220201492
0.999977767 0.002000933 0.006363829 0.436738014 -0.002022125 0.999992430 0.003325352 -0.587217212 -0.006357126 -0.003338146 0.999974251 20.713718414
0.999982297 0.001108605 0.005850339 0.445212811 -0.001130218 0.999992549 0.003692272 -0.606658161 -0.005846201 -0.003698818 0.999976099 21.215909958
0.999986768 0.001124724 0.005024907 0.460082531 -0.001141332 0.999993861 0.003303502 -0.616845131 -0.005021161 -0.003309193 0.999981940 21.713117599
0.999986410 0.001354435 0.005033653 0.468694657 -0.001371017 0.999993622 0.003292290 -0.629902601 -0.005029162 -0.003299146 0.999981940 22.230558395
0.999989748 0.000755402 0.004474659 0.484972924 -0.000770493 0.999994040 0.003371749 -0.643269062 -0.004472085 -0.003375162 0.999984324 22.735626221
0.999990642 0.001279692 0.004117697 0.496326208 -0.001295078 0.999992192 0.003736344 -0.662034512 -0.004112884 -0.003741642 0.999984503 23.256639481
0.999993026 0.000951687 0.003576105 0.509558678 -0.000965305 0.999992311 0.003808499 -0.678339541 -0.003572453 -0.003811924 0.999986351 23.774272919
0.999995947 -0.000562257 0.002778814 0.519259095 0.000552031 0.999993145 0.003679233 -0.693289280 -0.002780864 -0.003677684 0.999989331 24.291578293
0.999997854 -0.000240691 0.002056104 0.532327473 0.000233615 0.999994040 0.003440712 -0.705894947 -0.002056920 -0.003440224 0.999991953 24.844182968
0.999999106 0.000055475 0.001357341 0.543187261 -0.000060631 0.999992788 0.003799045 -0.720448196 -0.001357121 -0.003799124 0.999991834 25.390813828
0.999999762 0.000099483 0.000616057 0.553057790 -0.000101824 0.999992788 0.003800717 -0.733334601 -0.000615674 -0.003800780 0.999992549 25.929622650
0.999999285 0.000859519 0.000937915 0.556505203 -0.000863180 0.999992013 0.003909591 -0.746691108 -0.000934548 -0.003910397 0.999991894 26.481941223
0.999999881 -0.000221075 -0.000104850 0.578902304 0.000221496 0.999991834 0.004038232 -0.759116352 0.000103957 -0.004038255 0.999991834 27.042119980
0.999998987 -0.000840336 -0.001171059 0.597430885 0.000845125 0.999991238 0.004095188 -0.780535340 0.001167608 -0.004096174 0.999990880 27.590831757
0.999999464 -0.000018638 -0.001074424 0.603034317 0.000023043 0.999991655 0.004099397 -0.793389142 0.001074338 -0.004099419 0.999991059 28.152761459
0.999999225 0.000380382 -0.001282033 0.614803791 -0.000375215 0.999991775 0.004028143 -0.810769320 0.001283555 -0.004027658 0.999991059 28.696388245
0.999998331 0.000289252 -0.001789390 0.627755761 -0.000282266 0.999992371 0.003903489 -0.823780417 0.001790505 -0.003902978 0.999990761 29.253005981
0.999997556 0.000426170 -0.002138409 0.631581187 -0.000417304 0.999991298 0.004144955 -0.838035822 0.002140157 -0.004144053 0.999989152 29.802135468
0.999997318 0.000380561 -0.002293186 0.642467380 -0.000371060 0.999991357 0.004141941 -0.848379493 0.002294742 -0.004141079 0.999988794 30.354690552
0.999996960 0.000849759 -0.002331016 0.649329901 -0.000839073 0.999989092 0.004581261 -0.872098744 0.002334884 -0.004579291 0.999986768 30.896341324
0.999996245 0.000343895 -0.002760501 0.660073757 -0.000332358 0.999991238 0.004178675 -0.877045751 0.002761914 -0.004177742 0.999987483 31.441644669
0.999996424 0.001005150 -0.002474805 0.665091634 -0.000995631 0.999992073 0.003844318 -0.889188707 0.002478650 -0.003841840 0.999989629 31.983215332
0.999994993 0.000734684 -0.003086753 0.679002523 -0.000721528 0.999990582 0.004260691 -0.907662392 0.003089854 -0.004258442 0.999986172 32.535873413
0.999993980 0.000671243 -0.003431742 0.683093667 -0.000653991 0.999987125 0.005025975 -0.926327705 0.003435071 -0.005023701 0.999981463 33.083564758
0.999993920 0.000420577 -0.003442290 0.693915665 -0.000406073 0.999991059 0.004213208 -0.936502159 0.003444032 -0.004211785 0.999985158 33.641361237
0.999992847 0.000708185 -0.003707147 0.705636501 -0.000693031 0.999991477 0.004087484 -0.950323641 0.003710010 -0.004084887 0.999984801 34.191993713
0.999990702 0.000432887 -0.004294271 0.716585815 -0.000415076 0.999991238 0.004147528 -0.960403025 0.004296029 -0.004145706 0.999982178 34.720859528
0.999990880 -0.000124283 -0.004283236 0.729040802 0.000142243 0.999991179 0.004193006 -0.979114890 0.004282677 -0.004193577 0.999982059 35.257312775
0.999987781 -0.000576483 -0.004915982 0.741282225 0.000596699 0.999991357 0.004111770 -0.987292767 0.004913568 -0.004114653 0.999979496 35.807407379
0.999989629 0.000367016 -0.004533153 0.732805014 -0.000349005 0.999992073 0.003973314 -0.998597503 0.004534575 -0.003971691 0.999981821 36.356651306
0.999988437 0.000595474 -0.004786658 0.744377375 -0.000578438 0.999993563 0.003559493 -1.009592175 0.004788746 -0.003556683 0.999982178 36.910194397
0.999990523 0.000225785 -0.004353174 0.751304448 -0.000209386 0.999992847 0.003767214 -1.022847056 0.004353995 -0.003766267 0.999983370 37.457824707
0.999989510 0.000323493 -0.004579203 0.759730756 -0.000307047 0.999993503 0.003591645 -1.037812233 0.004580336 -0.003590201 0.999983072 38.003273010
0.999987483 0.000168282 -0.004992047 0.765480995 -0.000147422 0.999991238 0.004178792 -1.056964874 0.004992708 -0.004178003 0.999978781 38.542854309
0.999989450 0.000075118 -0.004588391 0.764523625 -0.000058441 0.999993384 0.003634616 -1.068311930 0.004588634 -0.003634308 0.999982893 39.065998077
0.999990642 0.000234931 -0.004304652 0.771794558 -0.000218455 0.999992669 0.003827544 -1.082458377 0.004305519 -0.003826567 0.999983430 39.614067078
0.999990165 0.000118518 -0.004429909 0.780815244 -0.000103039 0.999993861 0.003494424 -1.095302343 0.004430298 -0.003493933 0.999984145 40.167465210
0.999991000 0.000120731 -0.004247069 0.790312111 -0.000104334 0.999992549 0.003860819 -1.114017963 0.004247503 -0.003860342 0.999983490 40.682033539
0.999988377 -0.000075434 -0.004809736 0.805071294 0.000091933 0.999994099 0.003430108 -1.124777079 0.004809448 -0.003430510 0.999982595 41.230648041
0.999987423 -0.000186139 -0.005039286 0.817318559 0.000205402 0.999992669 0.003822471 -1.140732765 0.005038538 -0.003823458 0.999979973 41.780113220
0.999992490 0.000508019 -0.003838136 0.808414459 -0.000495564 0.999994636 0.003245420 -1.148076653 0.003839765 -0.003243493 0.999987364 42.321544647
0.999989390 0.000148220 -0.004602520 0.823266149 -0.000134044 0.999995232 0.003080252 -1.160113215 0.004602955 -0.003079602 0.999984622 42.874748230
0.999991775 0.000379541 -0.004017788 0.826630652 -0.000362810 0.999991357 0.004164317 -1.186884522 0.004019334 -0.004162826 0.999983251 43.394546509
0.999990106 0.000054390 -0.004448389 0.838305831 -0.000038149 0.999993324 0.003650926 -1.196332932 0.004448559 -0.003650722 0.999983430 43.929584503
0.999990821 0.000185121 -0.004273158 0.844807744 -0.000169790 0.999993503 0.003587839 -1.208519936 0.004273794 -0.003587082 0.999984443 44.469100952
0.999990702 0.001285443 -0.004114035 0.848595679 -0.001272967 0.999994576 0.003033759 -1.209509611 0.004117913 -0.003028494 0.999986947 45.012912750
0.999990761 0.001560610 -0.004004549 0.858887732 -0.001549098 0.999994695 0.002876343 -1.221907496 0.004009016 -0.002870114 0.999987900 45.568580627
0.999991357 0.001136691 -0.004006100 0.872078717 -0.001125618 0.999995530 0.002765198 -1.237376928 0.004009224 -0.002760663 0.999988139 46.102947235
0.999993801 0.000261713 -0.003489567 0.872587264 -0.000251733 0.999995887 0.002859928 -1.254425168 0.003490302 -0.002859031 0.999989808 46.646591187
0.999993682 0.000807853 -0.003452842 0.883655548 -0.000797580 0.999995232 0.002975332 -1.265103579 0.003455229 -0.002972559 0.999989629 47.193286896
0.999990642 0.001534544 -0.004047127 0.892214060 -0.001522330 0.999994278 0.003019183 -1.282394409 0.004051737 -0.003012994 0.999987245 47.720027924
0.999992490 0.001765960 -0.003463654 0.899454474 -0.001755839 0.999994218 0.002922657 -1.299315214 0.003468795 -0.002916553 0.999989748 48.265724182
0.999992073 0.001652574 -0.003629403 0.913258135 -0.001641355 0.999993861 0.003092066 -1.313487768 0.003634491 -0.003086083 0.999988556 48.776336670
0.999991715 0.001588366 -0.003746924 0.919891715 -0.001578669 0.999995410 0.002589479 -1.312494993 0.003751019 -0.002583541 0.999989569 49.378120422
0.999992609 0.002108407 -0.003205481 0.927065790 -0.002098462 0.999992907 0.003102822 -1.342312813 0.003212001 -0.003096071 0.999990046 49.847805023
0.999992490 0.002387403 -0.003040927 0.929327190 -0.002378861 0.999993205 0.002809482 -1.350553513 0.003047614 -0.002802227 0.999991417 50.390060425
0.999993622 0.002074210 -0.002905788 0.936852038 -0.002067511 0.999995232 0.002306299 -1.363248587 0.002910557 -0.002300276 0.999993145 50.923645020
0.999991119 0.001979842 -0.003722146 0.960590482 -0.001969183 0.999993980 0.002865229 -1.385358453 0.003727795 -0.002857874 0.999988973 51.462718964
0.999987602 0.002046579 -0.004553157 0.971128285 -0.002034310 0.999994278 0.002697700 -1.401017308 0.004558652 -0.002688404 0.999985993 52.000366211
0.999991059 0.002593500 -0.003339418 0.972522259 -0.002584222 0.999992728 0.002780088 -1.409047723 0.003346604 -0.002771433 0.999990582 52.534881592
0.999992490 0.002452138 -0.002986431 0.980816960 -0.002443597 0.999992907 0.002860303 -1.424492240 0.002993425 -0.002852984 0.999991477 53.063262939
0.999990106 0.003044462 -0.003248829 0.988478601 -0.003034390 0.999990642 0.003100564 -1.441233635 0.003258237 -0.003090675 0.999989927 53.611553192
0.999992669 0.002625427 -0.002779468 0.999093056 -0.002617704 0.999992669 0.002778879 -1.458642364 0.002786745 -0.002771582 0.999992251 54.143081665
0.999991834 0.002927220 -0.002786188 1.007067919 -0.002919610 0.999992013 0.002731158 -1.474786639 0.002794161 -0.002723001 0.999992371 54.678253174
0.999991298 0.003166280 -0.002717758 1.015643477 -0.003159143 0.999991536 0.002626925 -1.488511086 0.002726052 -0.002618316 0.999992847 55.227333069
0.999992490 0.002615947 -0.002857316 1.026041389 -0.002608294 0.999993026 0.002679058 -1.505405545 0.002864305 -0.002671585 0.999992311 55.754440308
0.999991417 0.002658743 -0.003154123 1.032290697 -0.002650023 0.999992669 0.002765499 -1.519935846 0.003161453 -0.002757117 0.999991119 56.291500092
0.999992907 0.002514038 -0.002812975 1.047019362 -0.002506374 0.999993145 0.002724885 -1.535439491 0.002819806 -0.002717815 0.999992311 56.830116272
0.999992311 0.003029472 -0.002491534 1.055535078 -0.003022524 0.999991536 0.002787295 -1.548478246 0.002499958 -0.002779743 0.999992967 57.357280731
0.999992609 0.002949907 -0.002457546 1.063815236 -0.002943726 0.999992490 0.002514600 -1.561755657 0.002464946 -0.002507347 0.999993861 57.896724701
0.999992847 0.002760824 -0.002588010 1.075790405 -0.002754297 0.999993026 0.002522559 -1.577629209 0.002594956 -0.002515413 0.999993384 58.414257050
0.999993026 0.002573367 -0.002700496 1.082869887 -0.002566998 0.999993920 0.002359265 -1.590554237 0.002706550 -0.002352317 0.999993563 58.949501038
0.999993742 0.002301430 -0.002657024 1.094607949 -0.002294749 0.999994218 0.002514884 -1.604606152 0.002662795 -0.002508772 0.999993324 59.483066559
0.999993384 0.002477642 -0.002639094 1.105012894 -0.002471372 0.999994099 0.002376531 -1.616229177 0.002644966 -0.002369994 0.999993682 60.009109497
0.999993980 0.001933564 -0.002885489 1.117070317 -0.001927204 0.999995768 0.002205583 -1.625126123 0.002889742 -0.002200009 0.999993384 60.566844940
0.999993443 0.002664725 -0.002464057 1.116018772 -0.002659616 0.999994278 0.002074777 -1.642086983 0.002469572 -0.002068209 0.999994814 61.086364746
0.999993265 0.002935733 -0.002190322 1.121946454 -0.002930574 0.999992907 0.002355317 -1.651948333 0.002197221 -0.002348882 0.999994814 61.628822327
0.999991536 0.003494352 -0.002128393 1.128211021 -0.003490921 0.999992549 0.001613997 -1.662229776 0.002134016 -0.001606553 0.999996424 62.177265167
0.999992907 0.003432264 -0.001509991 1.132524729 -0.003428918 0.999991655 0.002212291 -1.683448792 0.001517572 -0.002207098 0.999996424 62.689464569
0.999990404 0.004111046 -0.001525223 1.140984416 -0.004107486 0.999988854 0.002329152 -1.698872209 0.001534781 -0.002322864 0.999996126 63.223579407
0.999989748 0.004189786 -0.001718644 1.149645090 -0.004185817 0.999988556 0.002306413 -1.716127992 0.001728288 -0.002299195 0.999995887 63.757781982
0.999992847 0.003473913 -0.001564678 1.159075022 -0.003470426 0.999991596 0.002225168 -1.730630159 0.001572395 -0.002219721 0.999996245 64.278251648
0.999990880 0.004035969 -0.001360910 1.162373900 -0.004033287 0.999989927 0.001968472 -1.739988089 0.001368842 -0.001962965 0.999997139 64.815620422
0.999992192 0.003792450 -0.001074831 1.169799089 -0.003790293 0.999990821 0.002001764 -1.755034566 0.001082412 -0.001997675 0.999997377 65.340522766
0.999991655 0.004051914 -0.000503697 1.177877903 -0.004050858 0.999989629 0.002079914 -1.769661307 0.000512119 -0.002077856 0.999997735 65.882621765
0.999990523 0.004253567 -0.000905863 1.187998295 -0.004251876 0.999989212 0.001859283 -1.780471206 0.000913762 -0.001855414 0.999997854 66.414100647
0.999990165 0.004329507 -0.000983708 1.198160648 -0.004327738 0.999989033 0.001794979 -1.798109055 0.000991470 -0.001790704 0.999997914 66.937637329
0.999989569 0.004471820 -0.000927287 1.208308816 -0.004470039 0.999988139 0.001912947 -1.811174393 0.000935830 -0.001908782 0.999997735 67.473518372
0.999989867 0.004462416 -0.000532833 1.216346264 -0.004461604 0.999988973 0.001514085 -1.824404478 0.000539585 -0.001511692 0.999998748 68.018257141
0.999988914 0.004610767 -0.000867388 1.225710750 -0.004609397 0.999988079 0.001574710 -1.841799140 0.000874639 -0.001570695 0.999998391 68.540130615
0.999989688 0.004027708 -0.002070665 1.242154241 -0.004025735 0.999991417 0.000956694 -1.852978826 0.002074501 -0.000948349 0.999997377 69.085029602
0.999987423 0.004921150 -0.000938178 1.248252273 -0.004919958 0.999987066 0.001268798 -1.870181680 0.000944409 -0.001264166 0.999998689 69.560234070
0.999985933 0.005273439 -0.000504025 1.253864288 -0.005272618 0.999984801 0.001615472 -1.888165712 0.000512536 -0.001612791 0.999998569 70.177726746
0.999991357 0.003997392 -0.001075518 1.268575311 -0.003995944 0.999991059 0.001344435 -1.898076415 0.001080883 -0.001340126 0.999998510 70.616058350
0.999989092 0.004655935 -0.000408014 1.275056720 -0.004655675 0.999988973 0.000634911 -1.908207417 0.000410966 -0.000633005 0.999999702 71.165992737
0.999990463 0.004353483 -0.000376875 1.283758879 -0.004353009 0.999989688 0.001248241 -1.925526738 0.000382304 -0.001246589 0.999999106 71.627647400
0.999990702 0.004311784 -0.000209214 1.293300271 -0.004311501 0.999989808 0.001336259 -1.940390110 0.000214973 -0.001335345 0.999999106 72.185997009
0.999989927 0.004471178 -0.000423122 1.300454259 -0.004470567 0.999988973 0.001433176 -1.955877304 0.000429525 -0.001431270 0.999998868 72.671249390
0.999984622 0.005540365 -0.000000568 1.307097316 -0.005540355 0.999983191 0.001747182 -1.970256209 0.000010248 -0.001747153 0.999998450 73.299499512
0.999990284 0.004439770 -0.000045141 1.317470312 -0.004439700 0.999989092 0.001453792 -1.987548590 0.000051595 -0.001453578 0.999998927 73.735366821
0.999979615 0.006375864 0.000302413 1.322868466 -0.006376144 0.999979198 0.000933571 -1.992433548 -0.000296454 -0.000935480 0.999999523 74.342590332
0.999990582 0.004338444 -0.000070904 1.340058327 -0.004338334 0.999989450 0.001478090 -2.017078161 0.000077315 -0.001477768 0.999998927 74.811676025
0.999989927 0.004481451 0.000146959 1.350892901 -0.004481602 0.999989390 0.001041994 -2.028587580 -0.000142287 -0.001042643 0.999999464 75.341514587
0.999989450 0.004594018 0.000052497 1.357969522 -0.004594070 0.999988973 0.000973279 -2.042615175 -0.000048025 -0.000973510 0.999999523 75.875747681
0.999988735 0.004755781 -0.000010132 1.371080518 -0.004755778 0.999988616 0.000390508 -2.056910992 0.000011989 -0.000390455 0.999999940 76.420722961
0.999985993 0.005245675 0.000611049 1.378881335 -0.005246276 0.999985754 0.000984980 -2.075875759 -0.000605874 -0.000988172 0.999999285 76.943534851
0.999988616 0.004766525 -0.000058263 1.394209981 -0.004766433 0.999987602 0.001459667 -2.091048956 0.000065220 -0.001459372 0.999998927 77.471557617
0.999990225 0.004414015 0.000158037 1.409018874 -0.004414174 0.999989748 0.001021614 -2.108087778 -0.000153527 -0.001022301 0.999999464 77.987319946
0.999987066 0.005036896 0.000667752 1.417631507 -0.005037458 0.999986947 0.000842651 -2.119596004 -0.000663499 -0.000846004 0.999999404 78.536514282
0.999988079 0.004894228 0.000293151 1.431606889 -0.004894525 0.999987483 0.001017967 -2.134632587 -0.000288164 -0.001019390 0.999999464 79.057380676
0.999988556 0.004760946 0.000407876 1.445303917 -0.004761307 0.999988198 0.000887331 -2.149091482 -0.000403647 -0.000889263 0.999999523 79.596443176
0.999987721 0.004785899 0.001301944 1.455896616 -0.004787018 0.999988198 0.000855986 -2.162482262 -0.001297832 -0.000862208 0.999998808 80.127449036
0.999984980 0.004717468 0.002812767 1.469548821 -0.004719752 0.999988616 0.000805964 -2.179627419 -0.002808932 -0.000819228 0.999995708 80.671913147
0.999984264 0.004497197 0.003386514 1.483160496 -0.004499911 0.999989569 0.000794070 -2.189649343 -0.003382908 -0.000809297 0.999993980 81.208450317
0.999977291 0.004971793 0.004552845 1.491988778 -0.004978247 0.999986589 0.001407156 -2.207546234 -0.004545788 -0.001429790 0.999988735 81.754249573
0.999958277 0.004623840 0.007881757 1.512472034 -0.004630556 0.999988914 0.000834163 -2.224364519 -0.007877814 -0.000870625 0.999968529 82.295600891
0.999922216 0.004565325 0.011602425 1.531203032 -0.004576175 0.999989092 0.000908754 -2.236832857 -0.011598150 -0.000961779 0.999932289 82.837951660
0.999879241 0.004159766 0.014975223 1.555908799 -0.004167425 0.999991238 0.000480225 -2.253190279 -0.014973096 -0.000542575 0.999887764 83.369163513
0.999817371 0.003975357 0.018688966 1.577959299 -0.003990624 0.999991655 0.000779596 -2.265732765 -0.018685710 -0.000854035 0.999825060 83.943862915
0.999681115 0.004381697 0.024866043 1.606364250 -0.004402561 0.999990106 0.000784378 -2.281321049 -0.024862353 -0.000893602 0.999690473 84.487403870
0.999516129 0.004241951 0.030813958 1.636884093 -0.004262985 0.999990702 0.000616946 -2.296474218 -0.030811056 -0.000748007 0.999524951 85.031288147
0.999299765 0.004504324 0.037144277 1.667124271 -0.004531718 0.999989510 0.000653315 -2.312021017 -0.037140943 -0.000821185 0.999309719 85.574958801
0.998958349 0.004241259 0.045433290 1.708813667 -0.004277504 0.999990582 0.000700539 -2.328449726 -0.045429893 -0.000894150 0.998967111 86.126335144
0.998542786 0.004172798 0.053803239 1.758799553 -0.004188189 0.999991238 0.000173298 -2.341078520 -0.053802043 -0.000398384 0.998551488 86.672744751
0.998162568 0.004003605 0.060459189 1.813043356 -0.004025497 0.999991953 0.000240287 -2.356922150 -0.060457736 -0.000483223 0.998170614 87.209701538
0.997556925 0.003842801 0.069752231 1.859988213 -0.003840206 0.999992728 -0.000171285 -2.371404409 -0.069752373 -0.000096996 0.997564316 87.773017883
0.996805608 0.003701607 0.079779737 1.929943085 -0.003711349 0.999993145 -0.000026163 -2.389136076 -0.079779290 -0.000270011 0.996812522 88.285652161
0.996088982 0.003656939 0.088280372 1.993594170 -0.003629309 0.999993265 -0.000473492 -2.398158312 -0.088281497 0.000151243 0.996095538 88.904167175
0.995413244 0.002977359 0.095622040 2.061624527 -0.002951849 0.999995708 -0.000408249 -2.417592049 -0.095622830 0.000124115 0.995417655 89.448249817
0.994435966 0.002812878 0.105305076 2.143745422 -0.002759613 0.999996066 -0.000651513 -2.435118198 -0.105306491 0.000357287 0.994439781 89.974166870
0.993223846 0.003233812 0.116171263 2.227095604 -0.003215543 0.999994695 -0.000344665 -2.454385519 -0.116171777 -0.000031224 0.993229151 90.554672241
0.992103398 0.002105380 0.125405192 2.324954987 -0.002051551 0.999997735 -0.000558397 -2.467017412 -0.125406086 0.000296712 0.992105424 91.123237610
0.990571201 0.001774941 0.136987537 2.416990280 -0.001700365 0.999998331 -0.000661409 -2.482375622 -0.136988476 0.000422244 0.990572512 91.655746460
0.988742888 0.001520265 0.149616584 2.521226883 -0.001457254 0.999998808 -0.000530780 -2.500207186 -0.149617210 0.000306776 0.988743901 92.243614197
0.987098634 0.001001833 0.160110220 2.634572029 -0.000941738 0.999999404 -0.000451216 -2.511758089 -0.160110578 0.000294613 0.987099051 92.789070129
0.985283494 0.001453904 0.170922071 2.747751236 -0.001426608 0.999998927 -0.000282517 -2.529816866 -0.170922309 0.000034520 0.985284507 93.370613098
0.982898593 0.000960927 0.184145436 2.866071701 -0.000820597 0.999999285 -0.000838267 -2.544065237 -0.184146121 0.000672822 0.982898593 93.904296875
0.980570972 0.000869371 0.196162611 3.008337975 -0.000795503 0.999999523 -0.000455354 -2.564608097 -0.196162924 0.000290459 0.980571270 94.477302551
0.978473783 0.000324685 0.206371099 3.136594772 -0.000204657 0.999999762 -0.000602962 -2.580422640 -0.206371278 0.000547747 0.978473663 95.005767822
0.975666404 -0.000084704 0.219260320 3.293035507 0.000198943 1.000000000 -0.000498944 -2.597702503 -0.219260246 0.000530423 0.975666285 95.577293396
0.972640634 -0.000604524 0.232314095 3.444707870 0.000760448 0.999999523 -0.000581620 -2.610845089 -0.232313663 0.000742370 0.972640693 96.112190247
0.969971240 -0.001672510 0.243213624 3.605291367 0.002002932 0.999997377 -0.001111289 -2.622171640 -0.243211105 0.001565059 0.969972134 96.625877380
0.967014372 -0.001343522 0.254718095 3.773017883 0.001487054 0.999998808 -0.000370931 -2.661797047 -0.254717261 0.000737475 0.967015266 97.241638184
0.963486969 -0.001599264 0.267750412 3.944988251 0.001609763 0.999998629 0.000180303 -2.679653645 -0.267750353 0.000257295 0.963488281 97.751914978
0.959862649 -0.002281631 0.280461103 4.135572433 0.002385324 0.999997139 -0.000028380 -2.701883078 -0.280460179 0.000696232 0.959865332 98.334533691
0.956536710 -0.002770538 0.291599035 4.321849823 0.002914514 0.999995708 -0.000059374 -2.714936972 -0.291597635 0.000906663 0.956540644 98.857406616
0.951924503 -0.002340733 0.306323498 4.514375687 0.002513841 0.999996960 -0.000170611 -2.734618425 -0.306322038 0.000932458 0.951927483 99.427627563
0.947422028 -0.003250405 0.319970250 4.733022690 0.003403284 0.999994218 0.000081382 -2.751807928 -0.319968641 0.001011847 0.947427511 99.975692749
0.943352699 -0.003718376 0.331770986 4.934926987 0.004107628 0.999991477 -0.000472007 -2.761822224 -0.331766427 0.001808061 0.943359792 100.482154846
0.938751280 -0.003206688 0.344580501 5.149791718 0.003198524 0.999994636 0.000592176 -2.788349628 -0.344580650 0.000546244 0.938756526 100.992897034
0.933657885 -0.004350570 0.358139634 5.362258911 0.004508617 0.999989748 0.000393757 -2.813013554 -0.358137637 0.001247081 0.933667958 101.431480408
0.928857744 -0.005195296 0.370400190 5.613687515 0.005687108 0.999983788 -0.000235697 -2.813925028 -0.370393008 0.002325435 0.928872168 102.020996094
0.923778713 -0.008078483 0.382841289 5.904958725 0.008709355 0.999962091 0.000085303 -2.845861197 -0.382827491 0.003255500 0.923814118 102.773338318
0.917618752 -0.007778656 0.397385567 6.143306732 0.008258232 0.999965787 0.000504501 -2.859399557 -0.397375852 0.002818762 0.917651653 103.273277283
0.912030339 -0.008827889 0.410027623 6.403953552 0.009564700 0.999954224 0.000254102 -2.871356249 -0.410011142 0.003690043 0.912073076 103.775329590
0.907178819 -0.008995164 0.420649081 6.658302307 0.009776480 0.999952137 0.000298867 -2.890015125 -0.420631558 0.003841341 0.907223344 104.246643066
0.901342988 -0.010262651 0.432984322 6.912502289 0.011244868 0.999936700 0.000292202 -2.902302265 -0.432959944 0.004605478 0.901401460 104.750862122
0.894673526 -0.009845943 0.446611881 7.188720703 0.010573908 0.999943733 0.000862476 -2.924190760 -0.446595162 0.003950799 0.894727409 105.238388062
0.888891101 -0.010532677 0.457997590 7.463191986 0.011636288 0.999932289 0.000411731 -2.927724838 -0.457970887 0.004963408 0.888953328 105.721481323
0.882851005 -0.010457455 0.469536752 7.729743958 0.011271210 0.999935865 0.001077625 -2.944144964 -0.469517857 0.004340865 0.882912278 106.192596436
0.875041485 -0.010026454 0.483944058 8.021278381 0.010751624 0.999941349 0.001276490 -2.975281954 -0.483928531 0.004086203 0.875097990 106.636001587
0.867900789 -0.010606641 0.496624410 8.310012817 0.011433130 0.999933660 0.001375519 -2.991103888 -0.496606082 0.004484157 0.867964447 107.091880798
