1.000000000 0.000000000 0.000000000 0.000000000 0.000000000 1.000000000 0.000000000 0.000000000 0.000000000 0.000000000 1.000000000 0.000000000
1.000000000 -0.000008377 -0.000039340 0.000053249 0.000008380 1.000000000 0.000061701 -0.001247578 0.000039339 -0.000061701 1.000000000 -0.002727679
1.000000000 -0.000115294 -0.000073093 0.002299970 0.000115299 1.000000000 0.000062137 -0.001203065 0.000073086 -0.000062146 1.000000000 -0.002179984
1.000000000 -0.000074065 -0.000100720 0.000424097 0.000074073 1.000000000 0.000082896 -0.001370076 0.000100714 -0.000082903 1.000000000 -0.000771482
1.000000000 -0.000157422 -0.000092873 -0.000900048 0.000157424 1.000000000 0.000026001 -0.000017242 0.000092869 -0.000026015 1.000000000 -0.000930022
1.000000000 -0.000092014 -0.000034643 -0.000735927 0.000092016 1.000000000 0.000064618 -0.000572222 0.000034637 -0.000064621 1.000000000 -0.001560157
1.000000000 -0.000114747 -0.000020766 -0.000401275 0.000114748 1.000000000 0.000049589 -0.000373374 0.000020760 -0.000049591 1.000000000 -0.002287699
1.000000000 -0.000027255 -0.000061502 0.000194456 0.000027259 1.000000000 0.000066819 0.000096717 0.000061500 -0.000066820 1.000000000 -0.002817364
1.000000000 -0.000035336 -0.000034594 0.000363300 0.000035337 1.000000000 0.000029582 -0.000329950 0.000034593 -0.000029584 1.000000000 -0.000325795
1.000000000 -0.000020843 -0.000031514 -0.001358139 0.000020845 1.000000000 0.000035505 0.000598454 0.000031514 -0.000035506 1.000000000 -0.002035313
1.000000000 -0.000046477 -0.000087605 -0.000964853 0.000046482 1.000000000 0.000053381 0.000402261 0.000087603 -0.000053385 1.000000000 -0.000166428
1.000000000 -0.000125597 -0.000063811 -0.000806394 0.000125595 1.000000000 -0.000025369 0.002408543 0.000063814 0.000025361 1.000000000 -0.000606062
1.000000000 -0.000207172 -0.000062596 -0.000948589 0.000207177 1.000000000 0.000081769 -0.000094492 0.000062579 -0.000081782 1.000000000 -0.000339692
1.000000000 -0.000059156 -0.000056625 -0.000776440 0.000059154 1.000000000 -0.000028294 0.002376304 0.000056627 0.000028291 1.000000000 -0.002349169
1.000000000 0.000026694 -0.000040103 0.001109402 -0.000026692 1.000000000 0.000040919 0.001343764 0.000040104 -0.000040918 1.000000000 -0.002005353
1.000000000 -0.000173352 -0.000061014 0.000403554 0.000173357 1.000000000 0.000069155 0.000098068 0.000061002 -0.000069166 1.000000000 -0.001082468
1.000000000 -0.000121899 -0.000018661 -0.001448286 0.000121899 1.000000000 -0.000002114 0.001472024 0.000018661 0.000002111 1.000000000 -0.000466735
1.000000000 -0.000073552 -0.000048805 -0.001250851 0.000073554 1.000000000 0.000040134 0.000668044 0.000048802 -0.000040137 1.000000000 -0.000845912
1.000000000 -0.000154846 -0.000070858 -0.000344978 0.000154849 1.000000000 0.000031253 0.000205601 0.000070853 -0.000031264 1.000000000 -0.002295010
1.000000000 -0.000209346 -0.000122769 0.001646298 0.000209347 1.000000000 0.000010933 0.000922279 0.000122767 -0.000010958 1.000000000 -0.001100021
1.000000000 -0.000113158 -0.000105118 -0.000047412 0.000113161 1.000000000 0.000023585 0.000366344 0.000105116 -0.000023597 1.000000000 -0.003636805
1.000000000 -0.000088889 -0.000084499 0.000875694 0.000088895 1.000000000 0.000065866 -0.000067366 0.000084493 -0.000065874 1.000000000 -0.003283286
1.000000000 -0.000141890 -0.000114770 -0.000404510 0.000141896 1.000000000 0.000052414 0.000294489 0.000114763 -0.000052430 1.000000000 -0.002574663
0.999999940 -0.000231032 -0.000094943 0.000271236 0.000231037 1.000000000 0.000054229 0.000251242 0.000094930 -0.000054250 1.000000000 -0.002713595
1.000000000 -0.000133869 -0.000072021 0.000013150 0.000133871 1.000000000 0.000037924 0.000705673 0.000072016 -0.000037934 1.000000000 -0.001913848
1.000000000 -0.000147359 -0.000063937 -0.000266763 0.000147363 1.000000000 0.000056558 0.001114257 0.000063928 -0.000056567 1.000000000 -0.001487021
0.999999940 -0.000222529 -0.000178390 0.001801376 0.000222539 1.000000000 0.000057572 0.002330603 0.000178377 -0.000057612 1.000000000 -0.004534684
0.999999940 -0.000276603 -0.000113001 0.000555656 0.000276607 0.999999940 0.000032447 0.001108723 0.000112992 -0.000032479 1.000000000 -0.002485079
1.000000000 -0.000088558 -0.000104379 0.001102093 0.000088564 1.000000000 0.000063137 -0.000089421 0.000104374 -0.000063146 1.000000000 -0.003419394
0.999999940 -0.000283618 -0.000139144 0.001390154 0.000283632 0.999999940 0.000104524 -0.000731534 0.000139114 -0.000104563 1.000000000 -0.004600211
0.999999940 -0.000250008 -0.000167227 0.001516666 0.000250031 0.999999940 0.000133981 -0.000702484 0.000167194 -0.000134023 1.000000000 -0.005802394
0.999999940 -0.000350311 -0.000099304 -0.000119006 0.000350316 0.999999940 0.000045508 0.000544058 0.000099288 -0.000045542 1.000000000 -0.002084048
1.000000000 -0.000180321 -0.000077131 0.000092111 0.000180323 1.000000000 0.000026007 0.000732030 0.000077127 -0.000026020 1.000000000 -0.001892208
1.000000000 -0.000134595 -0.000075444 -0.000994027 0.000134593 1.000000000 -0.000029177 0.002037526 0.000075448 0.000029167 1.000000000 -0.003877985
0.999999940 -0.000311580 -0.000163061 0.001124100 0.000311591 0.999999940 0.000071473 0.000728156 0.000163039 -0.000071523 1.000000000 -0.004058387
1.000000000 -0.000180597 -0.000153119 0.002368404 0.000180596 1.000000000 -0.000011447 0.001020802 0.000153121 0.000011419 1.000000000 -0.005171592
0.999999940 -0.000209750 -0.000151532 0.001845913 0.000209762 1.000000000 0.000077202 0.000047218 0.000151516 -0.000077234 1.000000000 -0.005454958
0.999999940 -0.000316314 -0.000167015 0.001426638 0.000316323 0.999999940 0.000056505 -0.001081971 0.000166997 -0.000056558 1.000000000 -0.005878573
0.999999940 -0.000246724 -0.000163395 0.001072741 0.000246741 0.999999940 0.000101379 -0.000672757 0.000163370 -0.000101419 1.000000000 -0.004090731
1.000000000 -0.000157117 -0.000142750 -0.000346616 0.000157117 1.000000000 -0.000003331 -0.000109020 0.000142750 0.000003308 1.000000000 -0.002764507
0.999999940 -0.000258267 -0.000046146 -0.000857364 0.000258249 0.999999881 -0.000398971 -0.004163261 0.000046249 0.000398959 0.999999940 0.043608069
1.000000000 -0.000122973 -0.000090040 0.000372609 0.000122872 0.999999344 -0.001121025 -0.003786023 0.000090177 0.001121014 0.999999344 0.139812544
0.999999940 -0.000197555 -0.000181472 0.006552674 0.000197300 0.999998987 -0.001405415 -0.007660061 0.000181749 0.001405379 0.999998987 0.252300888
1.000000000 -0.000152544 -0.000090796 0.006467955 0.000152424 0.999999106 -0.001325150 -0.015062035 0.000090998 0.001325137 0.999999106 0.381455362
0.999999940 -0.000203730 -0.000148910 0.010787982 0.000203563 0.999999344 -0.001118165 -0.019950248 0.000149138 0.001118134 0.999999344 0.527341902
1.000000000 0.000136327 0.000099464 0.011156731 -0.000136224 0.999999464 -0.001035026 -0.021794202 -0.000099605 0.001035013 0.999999464 0.682935476
1.000000000 -0.000109894 -0.000004301 0.020049905 0.000109890 0.999999583 -0.000913757 -0.024888743 0.000004401 0.000913756 0.999999583 0.844925225
0.999999940 0.000278695 0.000199575 0.015724378 -0.000278562 0.999999762 -0.000667643 -0.029036552 -0.000199762 0.000667587 0.999999762 1.014447689
1.000000000 0.000106887 0.000000979 0.023716921 -0.000106886 0.999999821 -0.000588320 -0.039355472 -0.000001042 0.000588319 0.999999821 1.201231718
1.000000000 0.000051615 0.000176571 0.023890743 -0.000051548 0.999999940 -0.000380283 -0.042931329 -0.000176590 0.000380274 0.999999940 1.356185436
0.999999821 0.000582981 0.000145270 0.032791637 -0.000582943 0.999999821 -0.000262501 -0.045578223 -0.000145423 0.000262416 0.999999940 1.570790768
0.999999940 -0.000045733 0.000327882 0.027993498 0.000045801 1.000000000 -0.000207731 -0.055450909 -0.000327873 0.000207746 0.999999940 1.768513441
0.999999940 0.000210078 0.000166324 0.040282838 -0.000210087 1.000000000 0.000053772 -0.060302410 -0.000166313 -0.000053807 1.000000000 1.959896803
0.999999821 0.000489013 0.000413470 0.040777195 -0.000488984 0.999999881 -0.000069995 -0.067697719 -0.000413504 0.000069793 0.999999940 2.189457178
0.999999762 0.000622360 0.000355068 0.047568053 -0.000622470 0.999999762 0.000310235 -0.071813874 -0.000354875 -0.000310456 0.999999881 2.392021418
1.000000000 -0.000110631 -0.000024845 0.065025844 0.000110641 0.999999940 0.000383648 -0.086200453 0.000024803 -0.000383650 0.999999940 2.586957216
0.999997497 0.000160610 0.002204807 0.022390906 -0.000162915 0.999999464 0.001044925 -0.106988698 -0.002204637 -0.001045282 0.999997020 2.739151716
0.999997616 0.000168362 0.002174249 0.027298953 -0.000171026 0.999999225 0.001225064 -0.110106602 -0.002174041 -0.001225433 0.999996901 2.972955227
0.999997318 -0.000136742 0.002304968 0.035593417 0.000133712 0.999999166 0.001314661 -0.118402347 -0.002305146 -0.001314349 0.999996483 3.218892574
0.999997258 -0.000142486 0.002387333 0.036199823 0.000139056 0.999998987 0.001436670 -0.130658850 -0.002387536 -0.001436334 0.999996066 3.431789875
0.999997199 0.000139758 0.002351752 0.042564318 -0.000143703 0.999998629 0.001677599 -0.137259245 -0.002351514 -0.001677932 0.999995828 3.681794167
0.999997258 -0.000100162 0.002343250 0.050326008 0.000096223 0.999998629 0.001681319 -0.146901041 -0.002343415 -0.001681088 0.999995828 3.939236164
0.999996543 0.000554608 0.002594704 0.050494704 -0.000559786 0.999997973 0.001995603 -0.151433304 -0.002593592 -0.001997049 0.999994576 4.197371006
0.999995887 0.000589615 0.002802181 0.047121704 -0.000595863 0.999997258 0.002229571 -0.163619474 -0.002800859 -0.002231231 0.999993563 4.403141022
0.999995410 0.000748371 0.002936571 0.060564730 -0.000755540 0.999996662 0.002440936 -0.173924968 -0.002934734 -0.002443143 0.999992728 4.661443233
0.999995530 0.000712015 0.002915163 0.063287497 -0.000719448 0.999996483 0.002549362 -0.181997448 -0.002913337 -0.002551447 0.999992490 4.918774605
0.999995589 0.000505138 0.002927260 0.065143459 -0.000512667 0.999996483 0.002571939 -0.189882323 -0.002925951 -0.002573429 0.999992371 5.162812710
0.999994695 0.000811017 0.003150427 0.063001044 -0.000818870 0.999996543 0.002492297 -0.197142929 -0.003148395 -0.002494863 0.999991953 5.397533894
0.999994993 0.000734096 0.003080605 0.066499934 -0.000741701 0.999996662 0.002468331 -0.202793211 -0.003078782 -0.002470604 0.999992251 5.665073395
0.999995053 0.000418288 0.003135330 0.070398316 -0.000426378 0.999996543 0.002580232 -0.214712739 -0.003134240 -0.002581556 0.999991715 5.943771839
0.999994099 0.000985699 0.003294479 0.074964955 -0.000994560 0.999995887 0.002688946 -0.218845814 -0.003291815 -0.002692207 0.999990940 6.236926556
0.999993443 0.001347771 0.003364976 0.085126460 -0.001357329 0.999995053 0.002839800 -0.235349745 -0.003361132 -0.002844348 0.999990284 6.480617523
0.999994099 0.001167003 0.003229992 0.096821621 -0.001176113 0.999995351 0.002820072 -0.242667899 -0.003226686 -0.002823854 0.999990761 6.777038574
0.999993384 0.001587067 0.003270973 0.108554840 -0.001597088 0.999994099 0.003063316 -0.253670305 -0.003266091 -0.003068520 0.999989927 7.069646835
0.999992251 0.001837592 0.003494014 0.112798043 -0.001847541 0.999994338 0.002846145 -0.263231069 -0.003488764 -0.002852578 0.999989808 7.378755569
0.999993503 0.001119316 0.003427029 0.122692272 -0.001129838 0.999994695 0.003070057 -0.274140388 -0.003423574 -0.003073909 0.999989390 7.672857761
0.999992669 0.001091121 0.003666780 0.116114020 -0.001103031 0.999994099 0.003247658 -0.285113543 -0.003663215 -0.003251679 0.999988019 7.920837402
0.999993682 0.000686746 0.003473047 0.133108780 -0.000697931 0.999994516 0.003220348 -0.294587076 -0.003470817 -0.003222752 0.999988794 8.233775139
0.999990821 0.001844689 0.003864022 0.130200073 -0.001857150 0.999993026 0.003223572 -0.298890173 -0.003858049 -0.003230719 0.999987304 8.578105927
0.999989986 0.001939091 0.004028579 0.132517099 -0.001951471 0.999993443 0.003071487 -0.307428092 -0.004022596 -0.003079318 0.999987125 8.918475151
0.999991655 0.001577311 0.003757204 0.148975134 -0.001589622 0.999993324 0.003275860 -0.320964485 -0.003752012 -0.003281805 0.999987602 9.239133835
0.999991000 0.001979316 0.003758369 0.153460577 -0.001991413 0.999992907 0.003217722 -0.330550790 -0.003751974 -0.003225178 0.999987781 9.607360840
0.999990821 0.001407484 0.004050905 0.145811915 -0.001422446 0.999992192 0.003692843 -0.349772155 -0.004045676 -0.003698571 0.999984980 9.817650795
0.999990702 0.001320997 0.004109891 0.153642103 -0.001336937 0.999991655 0.003878119 -0.361471355 -0.004104733 -0.003883578 0.999984086 10.166484833
0.999991536 0.000994396 0.003978753 0.164143711 -0.001009797 0.999992013 0.003870691 -0.365822703 -0.003974872 -0.003874677 0.999984562 10.554441452
0.999989867 0.001517495 0.004225134 0.169702113 -0.001534537 0.999990642 0.004033393 -0.382923573 -0.004218974 -0.004039836 0.999982953 10.913888931
0.999992728 0.000592936 0.003760144 0.193912387 -0.000608792 0.999990940 0.004217307 -0.388192207 -0.003757609 -0.004219565 0.999983966 11.268431664
0.999991298 0.000984303 0.004055586 0.188280612 -0.001001804 0.999990165 0.004315570 -0.403765649 -0.004051298 -0.004319595 0.999982476 11.525720596
0.999992073 0.000561057 0.003935130 0.201602370 -0.000578781 0.999989569 0.004504241 -0.415328145 -0.003932562 -0.004506482 0.999982119 11.907973289
0.999991655 0.000636913 0.004037111 0.211047217 -0.000654775 0.999989986 0.004424658 -0.424255967 -0.004034252 -0.004427264 0.999982059 12.305727959
0.999991179 0.000998494 0.004066821 0.223918438 -0.001018938 0.999986768 0.005028013 -0.442755640 -0.004061746 -0.005032112 0.999979138 12.658041000
0.999990523 0.001035051 0.004221963 0.240665764 -0.001055958 0.999987125 0.004952781 -0.451594263 -0.004216782 -0.004957194 0.999978840 13.069132805
0.999989688 0.000874607 0.004442239 0.231231928 -0.000896340 0.999987602 0.004892691 -0.460018635 -0.004437905 -0.004896622 0.999978185 13.370977402
0.999989867 0.000606190 0.004451700 0.243147805 -0.000628314 0.999987423 0.004970206 -0.474283189 -0.004448631 -0.004972952 0.999977767 13.800604820
0.999986410 0.001330922 0.005051634 0.247672006 -0.001357302 0.999985397 0.005222226 -0.483666301 -0.005044611 -0.005229012 0.999973655 14.225749969
0.999985516 0.001492023 0.005169839 0.257983446 -0.001520279 0.999983847 0.005466019 -0.500010729 -0.005161600 -0.005473800 0.999971688 14.614274979
0.999987006 0.000545232 0.005079445 0.274731696 -0.000574332 0.999983370 0.005729387 -0.511955321 -0.005076237 -0.005732229 0.999970734 15.047330856
0.999981344 0.001047802 0.006018779 0.260552019 -0.001083812 0.999981642 0.005982691 -0.537739694 -0.006012399 -0.005989103 0.999963999 15.362672806
0.999979317 0.001302588 0.006297139 0.269039601 -0.001338134 0.999983191 0.005643872 -0.548002064 -0.006289681 -0.005652182 0.999964297 15.809237480
0.999978304 0.001439535 0.006427461 0.289902985 -0.001476745 0.999982119 0.005788243 -0.556637108 -0.006419015 -0.005797609 0.999962628 16.280056000
0.999979258 0.000307076 0.006441715 0.303543121 -0.000347067 0.999980628 0.006207996 -0.568887591 -0.006439684 -0.006210102 0.999960065 16.731319427
0.999977887 0.000501124 0.006633594 0.300293535 -0.000544707 0.999978185 0.006569872 -0.602281272 -0.006630157 -0.006573339 0.999956429 17.074619293
0.999975562 0.000009075 0.006999365 0.314077854 -0.000054729 0.999978662 0.006522403 -0.609227419 -0.006999156 -0.006522626 0.999954283 17.552581787
0.999976099 0.000351143 0.006906940 0.328532219 -0.000396465 0.999978364 0.006561587 -0.621150434 -0.006904487 -0.006564168 0.999954581 18.009710312
0.999975085 0.000458829 0.007045029 0.342956483 -0.000506656 0.999976754 0.006788534 -0.636461020 -0.007041751 -0.006791933 0.999952137 18.480590820
0.999975622 0.000600340 0.006954963 0.363015115 -0.000648587 0.999975741 0.006936875 -0.652970552 -0.006950630 -0.006941218 0.999951720 18.939855576
0.999976158 0.000143076 0.006907402 0.375784576 -0.000190420 0.999976456 0.006854012 -0.662237883 -0.006906259 -0.006855164 0.999952614 19.404508591
0.999981165 0.000108601 0.006134820 0.383657217 -0.000150774 0.999976337 0.006874345 -0.683576763 -0.006133929 -0.006875141 0.999957561 19.789028168
0.999982595 0.000687545 0.005864832 0.391352773 -0.000728678 0.999975204 0.007014299 -0.690565944 -0.005859864 -0.007018451 0.999958277 20.299570084
0.999984741 0.000538675 0.005489115 0.390415192 -0.000575438 0.999977350 0.006698045 -0.704882026 -0.005485382 -0.006701101 0.999962509 20.809757233
0.999986827 0.000739766 0.005078008 0.397362262 -0.000774804 0.999975920 0.006901440 -0.714473367 -0.005072781 -0.006905284 0.999963284 21.320068359
0.999983132 0.001810942 0.005503039 0.395751148 -0.001848924 0.999974489 0.006904787 -0.722565770 -0.005490394 -0.006914846 0.999961078 21.821151733
0.999991655 -0.000686326 0.004031999 0.420509785 0.000654770 0.999969184 0.007822386 -0.765310466 -0.004037244 -0.007819681 0.999961197 22.172426224
0.999992192 -0.002580995 0.003000355 0.435663640 0.002557762 0.999966919 0.007721302 -0.781425953 -0.003020185 -0.007713567 0.999965668 22.699617386
0.999994576 -0.000451301 0.003243889 0.440685421 0.000427618 0.999973297 0.007297884 -0.783072889 -0.003247095 -0.007296458 0.999968112 23.245471954
0.999997616 -0.000750459 0.002087412 0.468349367 0.000733673 0.999967456 0.008030660 -0.797634482 -0.002093372 -0.008029110 0.999965549 23.752277374
0.999998093 0.000298863 0.001918936 0.448560625 -0.000315222 0.999963701 0.008530578 -0.814933777 -0.001916317 -0.008531167 0.999961793 24.176288605
0.999997318 0.001254537 0.001906716 0.454374313 -0.001269763 0.999967217 0.008005451 -0.816949844 -0.001896610 -0.008007850 0.999966204 24.721183777
0.999998689 -0.000091133 0.001610197 0.465391636 0.000077471 0.999963999 0.008482689 -0.829823136 -0.001610912 -0.008482554 0.999962747 25.252338409
0.999999523 -0.000277794 0.000913995 0.482250720 0.000269861 0.999962389 0.008668484 -0.843965173 -0.000916369 -0.008668233 0.999962032 25.805843353
0.999999464 0.000849261 0.000519601 0.484416395 -0.000853622 0.999963880 0.008451927 -0.857272744 -0.000512405 -0.008452366 0.999964118 26.352130890
0.999999940 -0.000346907 0.000053713 0.476361424 0.000346384 0.999955416 0.009438127 -0.892406702 -0.000056985 -0.009438108 0.999955475 26.735563278
1.000000000 0.000119804 -0.000030683 0.478232443 -0.000119514 0.999957025 0.009272374 -0.900879502 0.000031792 -0.009272370 0.999957025 27.288776398
0.999999702 0.000686016 -0.000396461 0.484791309 -0.000682200 0.999954224 0.009546068 -0.912842095 0.000402991 -0.009545796 0.999954343 27.822399139
0.999999344 0.001121798 -0.000346944 0.491902858 -0.001118753 0.999961913 0.008654170 -0.919362903 0.000356639 -0.008653777 0.999962509 28.418109894
0.999999464 0.000413980 -0.000939310 0.527500212 -0.000405999 0.999963939 0.008480797 -0.923875034 0.000942788 -0.008480411 0.999963582 28.957223892
0.999999464 -0.000223568 -0.001023740 0.472347647 0.000233575 0.999952018 0.009785701 -0.982859135 0.001021504 -0.009785933 0.999951601 29.366483688
0.999997914 -0.001024513 -0.001767734 0.491356134 0.001041915 0.999950707 0.009871292 -0.998618245 0.001757534 -0.009873115 0.999949753 29.892772675
0.999998629 -0.000283556 -0.001649032 0.498224020 0.000298064 0.999961197 0.008804179 -1.007925391 0.001646472 -0.008804657 0.999959826 30.433128357
0.999998927 0.000391259 -0.001401555 0.495834947 -0.000378966 0.999961555 0.008761024 -1.011978149 0.001404928 -0.008760483 0.999960661 30.973526001
0.999998152 -0.000185249 -0.001926460 0.510244846 0.000202448 0.999960124 0.008931668 -1.028494000 0.001924728 -0.008932041 0.999958277 31.520370483
0.999996960 -0.001001104 -0.002263668 0.492453575 0.001024395 0.999946237 0.010311253 -1.059796810 0.002253224 -0.010313541 0.999944210 32.001388550
0.999995708 -0.001111779 -0.002703876 0.506047428 0.001139948 0.999944806 0.010438739 -1.068519115 0.002692122 -0.010441777 0.999941766 32.541816711
0.999993622 -0.001820270 -0.003087954 0.522210121 0.001850581 0.999949872 0.009841665 -1.073919415 0.003069885 -0.009847314 0.999946773 33.092189789
0.999994814 -0.001306404 -0.002956803 0.527284384 0.001335843 0.999949396 0.009976441 -1.085566759 0.002943620 -0.009980340 0.999945879 33.603015900
0.999995708 -0.000833486 -0.002809618 0.519145966 0.000860989 0.999951601 0.009801821 -1.096617103 0.002801312 -0.009804199 0.999947965 34.143390656
0.999994993 -0.001235680 -0.002922677 0.548263431 0.001264207 0.999951422 0.009779059 -1.101008892 0.002910450 -0.009782707 0.999947906 34.639652252
0.999994636 -0.000648207 -0.003188736 0.521818638 0.000681587 0.999944806 0.010478210 -1.136428118 0.003181768 -0.010480327 0.999940038 35.112705231
0.999993920 -0.000747067 -0.003393585 0.532583594 0.000782464 0.999945164 0.010441082 -1.147177339 0.003385599 -0.010443673 0.999939799 35.659149170
0.999992728 -0.000544738 -0.003784277 0.543726444 0.000581491 0.999952614 0.009717808 -1.145995021 0.003778804 -0.009719938 0.999945641 36.237754822
0.999994218 0.000265963 -0.003392814 0.538039088 -0.000232982 0.999952734 0.009717632 -1.164897442 0.003395238 -0.009716786 0.999947071 36.748394012
0.999993920 0.000224900 -0.003512507 0.537794948 -0.000191290 0.999954164 0.009565990 -1.176606774 0.003514498 -0.009565259 0.999948084 37.287479401
0.999993563 -0.000307117 -0.003569332 0.532289863 0.000345864 0.999941111 0.010860194 -1.205517054 0.003565787 -0.010861359 0.999934673 37.755073547
0.999992907 -0.000251107 -0.003739618 0.544153214 0.000292396 0.999938965 0.011044370 -1.217113256 0.003736616 -0.011045386 0.999931991 38.282070160
0.999994099 -0.000118116 -0.003423212 0.544654250 0.000154947 0.999942124 0.010760755 -1.222397685 0.003421743 -0.010761223 0.999936283 38.864402771
0.999992788 0.000178713 -0.003789946 0.552958965 -0.000141688 0.999952316 0.009767309 -1.215168118 0.003791510 -0.009766701 0.999945164 39.370037079
0.999992192 0.000323423 -0.003945265 0.569223762 -0.000285493 0.999953866 0.009610923 -1.230488658 0.003948191 -0.009609721 0.999946058 39.936679840
0.999990761 -0.000334307 -0.004289524 0.583089650 0.000378217 0.999947548 0.010239855 -1.254750848 0.004285875 -0.010241384 0.999938369 40.475742340
0.999989152 -0.001445898 -0.004428357 0.566571891 0.001496554 0.999933243 0.011457328 -1.275178432 0.004411494 -0.011463830 0.999924541 40.899002075
0.999987543 -0.001708662 -0.004696757 0.575195551 0.001762582 0.999932349 0.011500116 -1.287518501 0.004676789 -0.011508249 0.999922812 41.454948425
0.999988496 -0.001022425 -0.004680566 0.584074199 0.001072819 0.999941349 0.010776804 -1.295415998 0.004669272 -0.010781702 0.999930918 41.988872528
0.999987662 -0.000972655 -0.004870302 0.592000961 0.001024363 0.999943078 0.010625602 -1.297909379 0.004859689 -0.010630460 0.999931633 42.510154724
0.999988377 -0.001280121 -0.004642550 0.588209271 0.001331283 0.999938250 0.011033872 -1.318212509 0.004628138 -0.011039925 0.999928355 42.993698120
0.999988854 -0.001023626 -0.004601459 0.598595619 0.001073531 0.999940515 0.010856212 -1.319854736 0.004590072 -0.010861031 0.999930441 43.542755127
0.999988914 -0.000692677 -0.004670318 0.608819008 0.000741360 0.999945343 0.010430224 -1.331495047 0.004662838 -0.010433570 0.999934733 44.069938660
0.999989629 0.000342286 -0.004555249 0.613308489 -0.000295096 0.999946237 0.010356130 -1.349565983 0.004558550 -0.010354677 0.999935925 44.581634521
0.999989927 -0.000552404 -0.004435522 0.594168603 0.000602293 0.999936402 0.011254008 -1.362732172 0.004429025 -0.011256568 0.999926805 45.014823914
0.999990284 -0.000426119 -0.004363290 0.601347566 0.000474315 0.999938726 0.011050625 -1.366509318 0.004358314 -0.011052587 0.999929428 45.563777924
0.999988794 -0.000609757 -0.004679290 0.607199788 0.000659889 0.999942243 0.010719407 -1.374339581 0.004672484 -0.010722376 0.999931574 46.118289948
0.999990344 -0.000136246 -0.004385085 0.613826096 0.000182340 0.999944627 0.010512703 -1.387435913 0.004383411 -0.010513402 0.999935091 46.616188049
0.999991298 0.000544956 -0.004126202 0.612010241 -0.000501531 0.999944508 0.010517880 -1.397838712 0.004131706 -0.010515722 0.999936163 47.165874481
0.999990404 -0.000530044 -0.004349988 0.615215480 0.000580426 0.999932587 0.011589129 -1.415979862 0.004343552 -0.011591544 0.999923408 47.534381866
0.999990284 -0.000661318 -0.004360885 0.619147301 0.000711766 0.999932647 0.011576769 -1.427831292 0.004352936 -0.011579760 0.999923527 48.082401276
0.999989390 -0.000737088 -0.004554451 0.625271201 0.000790591 0.999930501 0.011756839 -1.441979647 0.004545469 -0.011760316 0.999920487 48.635639191
0.999992907 0.001227417 -0.003569120 0.633065522 -0.001188153 0.999939024 0.010982555 -1.440132141 0.003582382 -0.010978236 0.999933422 49.130470276
0.999991119 -0.000055068 -0.004220473 0.632980287 0.000103931 0.999932945 0.011578355 -1.452095985 0.004219551 -0.011578689 0.999924064 49.602855682
0.999991477 0.000027513 -0.004130604 0.641419649 0.000019653 0.999934793 0.011418167 -1.457863092 0.004130649 -0.011418150 0.999926269 50.128623962
0.999991894 0.000278668 -0.004019442 0.646006465 -0.000231281 0.999930561 0.011785127 -1.471282840 0.004022448 -0.011784101 0.999922454 50.668064117
0.999992013 0.001115414 -0.003834031 0.651447415 -0.001072964 0.999938250 0.011056018 -1.480224371 0.003846126 -0.011051819 0.999931574 51.191509247
0.999991000 0.000262291 -0.004234173 0.660594106 -0.000213103 0.999932468 0.011612982 -1.484195948 0.004236934 -0.011611975 0.999923587 51.640560150
0.999990702 0.000237871 -0.004308030 0.668173492 -0.000187937 0.999932826 0.011587675 -1.495509863 0.004310497 -0.011586756 0.999923587 52.197254181
0.999990940 0.000117960 -0.004262127 0.678718388 -0.000071271 0.999940038 0.010952929 -1.491443634 0.004263164 -0.010952525 0.999930978 52.743392944
0.999991298 0.000133097 -0.004172596 0.698205769 -0.000086903 0.999938667 0.011069022 -1.496788502 0.004173813 -0.011068561 0.999930024 53.268627167
0.999992609 0.000260227 -0.003831139 0.684381604 -0.000215398 0.999931514 0.011697015 -1.523524761 0.003833921 -0.011696104 0.999924242 53.683872223
0.999992013 0.000685443 -0.003934039 0.694808543 -0.000639925 0.999932945 0.011560042 -1.531885624 0.003941699 -0.011557432 0.999925435 54.231098175
0.999993086 0.000718253 -0.003662162 0.701525986 -0.000675052 0.999930382 0.011784463 -1.541883469 0.003670371 -0.011781910 0.999923825 54.770660400
0.999993205 0.000878706 -0.003577136 0.707391024 -0.000839003 0.999938190 0.011085414 -1.544641018 0.003586656 -0.011082337 0.999932170 55.329250336
0.999993742 0.001365846 -0.003246366 0.722391307 -0.001331672 0.999943912 0.010505741 -1.548705816 0.003260534 -0.010501351 0.999939501 55.862007141
0.999993086 0.000326184 -0.003684224 0.696097374 -0.000283470 0.999932826 0.011588371 -1.558727741 0.003687758 -0.011587246 0.999926090 56.251480103
0.999994457 0.000519228 -0.003278776 0.704900146 -0.000480947 0.999931872 0.011665440 -1.567972898 0.003284610 -0.011663800 0.999926567 56.795272827
0.999994576 0.000410704 -0.003263832 0.712365925 -0.000372822 0.999932706 0.011598543 -1.574420214 0.003268376 -0.011597264 0.999927402 57.347244263
0.999993920 0.000699652 -0.003421817 0.745518565 -0.000662438 0.999940813 0.010864474 -1.583168149 0.003429216 -0.010862142 0.999935150 57.865261078
0.999992967 0.000663867 -0.003684899 0.733402252 -0.000620329 0.999930143 0.011803914 -1.586081386 0.003692478 -0.011801546 0.999923468 58.269603729
0.999992311 0.001249043 -0.003694166 0.743593752 -0.001207102 0.999934971 0.011333941 -1.594196796 0.003708081 -0.011329397 0.999928892 58.810043335
0.999992013 0.001447890 -0.003716147 0.759369969 -0.001404186 0.999930084 0.011736294 -1.610832691 0.003732880 -0.011730982 0.999924183 59.360813141
0.999990940 0.001091195 -0.004101627 0.775342464 -0.001045196 0.999936819 0.011200414 -1.606762171 0.004113590 -0.011196027 0.999928832 59.915996552
0.999992788 0.000688445 -0.003728691 0.753642559 -0.000644309 0.999929786 0.011825206 -1.625496149 0.003736570 -0.011822719 0.999923110 60.313728333
0.999992251 0.001682948 -0.003554913 0.757337213 -0.001640935 0.999929130 0.011788568 -1.632304668 0.003574501 -0.011782644 0.999924183 60.850463867
0.999990702 0.001304763 -0.004097029 0.767852306 -0.001258896 0.999936700 0.011177975 -1.632712007 0.004111355 -0.011172716 0.999929130 61.397010803
0.999991834 0.002332977 -0.003273881 0.752169490 -0.002295097 0.999930859 0.011526820 -1.647744656 0.003300546 -0.011519213 0.999928236 61.943412781
0.999994099 0.001141176 -0.003225183 0.766610622 -0.001104593 0.999935269 0.011322042 -1.653555632 0.003237895 -0.011318414 0.999930620 62.331195831
0.999994397 0.000553559 -0.003283597 0.771012247 -0.000517242 0.999938786 0.011050622 -1.653475165 0.003289515 -0.011048861 0.999933481 62.899745941
0.999994397 0.000596480 -0.003307748 0.785553515 -0.000558493 0.999934018 0.011473340 -1.670991778 0.003314374 -0.011471427 0.999928713 63.410064697
0.999993742 0.001760189 -0.003070332 0.781057239 -0.001724457 0.999931216 0.011601949 -1.684084654 0.003090543 -0.011596581 0.999927938 63.933475494
0.999993861 0.001441492 -0.003193527 0.796265423 -0.001405881 0.999937117 0.011125032 -1.692291379 0.003209362 -0.011120473 0.999932945 64.304885864
0.999992669 0.001385867 -0.003574881 0.810390711 -0.001346181 0.999937654 0.011080044 -1.700641632 0.003590014 -0.011075148 0.999932170 64.862236023
0.999992132 0.001044901 -0.003854237 0.809298038 -0.001004156 0.999943733 0.010558347 -1.697280884 0.003865052 -0.010554393 0.999936759 65.436538696
0.999991894 0.001455420 -0.003776841 0.825158000 -0.001414298 0.999939978 0.010867893 -1.718668938 0.003792432 -0.010862464 0.999933779 65.910255432
0.999993980 0.001386412 -0.003175554 0.817224503 -0.001350096 0.999934137 0.011409973 -1.727004290 0.003191163 -0.011405617 0.999929786 66.315536499
0.999993026 0.001460085 -0.003413533 0.821871817 -0.001422577 0.999938905 0.010964868 -1.729862332 0.003429335 -0.010959937 0.999934018 66.871635437
0.999992728 0.001304545 -0.003577142 0.835031092 -0.001268172 0.999947786 0.010151601 -1.730258584 0.003590198 -0.010146992 0.999942064 67.426834106
0.999993682 0.001840709 -0.003052604 0.840433359 -0.001808173 0.999942005 0.010627565 -1.745039582 0.003071989 -0.010621979 0.999938786 67.948455811
0.999994040 0.001423840 -0.003152477 0.849085331 -0.001388780 0.999937475 0.011095583 -1.758176923 0.003168077 -0.011091138 0.999933481 68.382133484
0.999993920 0.002110193 -0.002785591 0.853902757 -0.002079594 0.999937952 0.010942035 -1.766910553 0.002808508 -0.010936176 0.999936283 68.932678223
0.999993742 0.002188123 -0.002797276 0.854918122 -0.002156160 0.999932885 0.011378748 -1.776575089 0.002821987 -0.011372645 0.999931395 69.497413635
0.999992549 0.001037746 -0.003718985 0.885631859 -0.000994469 0.999931991 0.011619549 -1.785791278 0.003730790 -0.011615765 0.999925554 70.008628845
0.999994457 0.001568491 -0.002957083 0.885725975 -0.001536564 0.999940872 0.010768310 -1.789040804 0.002973797 -0.010763707 0.999937594 70.488693237
0.999994814 0.002021014 -0.002513060 0.864672899 -0.001992929 0.999936223 0.011128021 -1.805096149 0.002535390 -0.011122956 0.999934912 70.892112732
0.999994040 0.001060428 -0.003283991 0.880383492 -0.001024033 0.999938309 0.011064367 -1.814947486 0.003295521 -0.011060940 0.999933362 71.424728394
0.999994159 0.001185633 -0.003200987 0.898282945 -0.001149757 0.999936819 0.011186226 -1.829273224 0.003214048 -0.011182481 0.999932289 71.937751770
0.999994218 0.001736477 -0.002926324 0.903382659 -0.001705145 0.999941528 0.010675472 -1.833919048 0.002944691 -0.010670421 0.999938667 72.517768860
0.999995708 0.001499730 -0.002492432 0.889207602 -0.001472057 0.999937654 0.011068269 -1.832654953 0.002508875 -0.011064554 0.999935567 72.935859680
0.999995470 0.001220944 -0.002747907 0.905168235 -0.001190890 0.999939740 0.010912315 -1.840184450 0.002761065 -0.010908993 0.999936640 73.484046936
0.999996305 0.001274902 -0.002394069 0.908953846 -0.001249427 0.999942958 0.010612568 -1.845914364 0.002407462 -0.010609539 0.999940753 74.003974915
0.999997079 0.001542342 -0.001854069 0.907178879 -0.001522053 0.999939501 0.010895081 -1.854477406 0.001870761 -0.010892226 0.999938905 74.564270020
0.999996364 0.001827632 -0.001973480 0.906509459 -0.001805948 0.999938607 0.010934642 -1.866014481 0.001993343 -0.010931038 0.999938250 75.001220703
0.999996543 0.001982376 -0.001707441 0.917808533 -0.001963996 0.999940813 0.010699726 -1.871252418 0.001728550 -0.010696336 0.999941289 75.556213379
0.999997854 0.001669752 -0.001227248 0.924665809 -0.001656231 0.999938846 0.010937442 -1.885231972 0.001245435 -0.010935386 0.999939382 76.110221863
0.999998868 0.001411573 -0.000451315 0.944145679 -0.001406810 0.999945164 0.010385565 -1.896542549 0.000465950 -0.010384918 0.999945939 76.670158386
0.999997973 0.001781217 0.000925189 0.933628798 -0.001790700 0.999944806 0.010351949 -1.888536930 -0.000906699 -0.010353586 0.999945998 77.101875305
0.999995947 0.001623892 0.002352383 0.950659752 -0.001648101 0.999945283 0.010326032 -1.893099308 -0.002335487 -0.010329866 0.999943912 77.659965515
0.999977589 0.002317926 0.006288541 0.958284557 -0.002382959 0.999943554 0.010353795 -1.909564495 -0.006264187 -0.010368550 0.999926627 78.191505432
0.999947190 0.002201366 0.010031616 0.970267892 -0.002303445 0.999945581 0.010175604 -1.908321619 -0.010008669 -0.010198175 0.999897897 78.673530579
0.999910593 0.002507737 0.013133898 0.995408297 -0.002638929 0.999946713 0.009980934 -1.913491726 -0.013108169 -0.010014701 0.999863923 79.226356506
0.999831378 0.002796393 0.018146340 1.013168693 -0.002976676 0.999946415 0.009915547 -1.920686483 -0.018117640 -0.009967891 0.999786139 79.806251526
0.999707580 0.002431095 0.024058204 1.039019585 -0.002676100 0.999944866 0.010156877 -1.934329033 -0.024032181 -0.010218290 0.999658942 80.261314392
0.999556243 0.002570537 0.029673586 1.070074558 -0.002870627 0.999945164 0.010074874 -1.946139574 -0.029646058 -0.010155587 0.999508798 80.805892944
0.999342322 0.003265507 0.036111034 1.096800566 -0.003643618 0.999939263 0.010409956 -1.957519770 -0.036074843 -0.010534686 0.999293506 81.352279663
0.999060512 0.002415328 0.043269835 1.138327360 -0.002847027 0.999946713 0.009918037 -1.955259800 -0.043243580 -0.010031910 0.999014139 81.892501831
0.998689711 0.001564068 0.051149335 1.187412500 -0.002055438 0.999952257 0.009555398 -1.961082458 -0.051131941 -0.009648014 0.998645365 82.446327209
0.998280346 0.001761345 0.058594264 1.232283354 -0.002326193 0.999951541 0.009573179 -1.971316576 -0.058574565 -0.009693018 0.998236001 83.001441956
0.997762740 0.001542506 0.066836469 1.286255836 -0.002187364 0.999951780 0.009576199 -1.977421284 -0.066818461 -0.009700971 0.997717917 83.425811768
0.997088850 0.000386355 0.076247782 1.360086918 -0.001084458 0.999957979 0.009114527 -1.978334665 -0.076241039 -0.009170680 0.997047305 83.965789795
0.996377110 0.000913297 0.085039556 1.418144703 -0.001734403 0.999952555 0.009582194 -1.995828032 -0.085026778 -0.009694974 0.996331453 84.493980408
0.995656013 0.001205831 0.093100414 1.486131191 -0.002061976 0.999956489 0.009100286 -1.998117924 -0.093085386 -0.009252726 0.995615065 85.034072876
0.994554639 0.001209428 0.104209319 1.546240807 -0.002201456 0.999953330 0.009405077 -2.019803286 -0.104193069 -0.009583275 0.994510889 85.597930908
0.993509412 0.000221355 0.113749817 1.675768852 -0.001381913 0.999947727 0.010123979 -2.060693979 -0.113741629 -0.010215461 0.993457794 86.031669617
0.992304325 0.000771473 0.123820342 1.689364433 -0.001950161 0.999953926 0.009398423 -2.028345108 -0.123807386 -0.009567567 0.992260277 86.542465210
0.990820467 0.001506938 0.135175809 1.789866447 -0.002843226 0.999948978 0.009693043 -2.032451391 -0.135154322 -0.009988401 0.990774274 87.099792480
0.989004135 0.001685707 0.147877872 1.880301476 -0.003154132 0.999947965 0.009696038 -2.046937943 -0.147853851 -0.010055848 0.988958061 87.637008667
0.987492681 0.000461152 0.157663628 2.009627342 -0.001889185 0.999958575 0.008907720 -2.055676460 -0.157652974 -0.009094166 0.987452745 88.188453674
0.985735357 0.000209826 0.168302387 2.095387459 -0.001820088 0.999954045 0.009413467 -2.062247276 -0.168292671 -0.009585513 0.985690475 88.704261780
0.983472228 -0.000058945 0.181059033 2.219530106 -0.001612808 0.999957502 0.009085956 -2.069925785 -0.181051880 -0.009227799 0.983430266 89.229377747
0.981190443 -0.000653905 0.193041131 2.349692345 -0.001140668 0.999957263 0.009185034 -2.085356236 -0.193038866 -0.009232464 0.981147647 89.762741089
0.979122102 -0.001871695 0.203264743 2.489583015 0.000046103 0.999959707 0.008985715 -2.099503279 -0.203273341 -0.008788741 0.979082644 90.299301147
0.976133764 -0.000262036 0.217170060 2.596574783 -0.001841962 0.999953449 0.009485768 -2.094391346 -0.217162400 -0.009659400 0.976087689 90.854904175
0.973041475 -0.000609157 0.230629221 2.748228073 -0.001606573 0.999954402 0.009419412 -2.099096298 -0.230624408 -0.009536003 0.972996056 91.393936157
0.970366359 -0.001334842 0.241634816 2.898603439 -0.000906697 0.999957681 0.009165127 -2.106325626 -0.241636798 -0.009112619 0.970323980 91.917968750
0.967243671 -0.001700379 0.253843844 3.064172745 -0.000683762 0.999956548 0.009303634 -2.135536432 -0.253848583 -0.009172451 0.967200458 92.418037415
0.963423491 -0.001467050 0.267979413 3.188308716 -0.001110018 0.999954581 0.009464907 -2.117587566 -0.267981172 -0.009416175 0.963378131 92.891189575
0.959875107 -0.001262545 0.280424803 3.366294861 -0.001491236 0.999952734 0.009606445 -2.133984804 -0.280423641 -0.009639166 0.959827960 93.418769836
0.956697464 -0.001970025 0.291077346 3.556058884 -0.000852267 0.999953866 0.009568917 -2.139105320 -0.291082770 -0.009402635 0.956651688 93.959205627
0.952399373 -0.002925588 0.304839104 3.756101608 0.000189943 0.999959528 0.009003331 -2.144049406 -0.304853082 -0.008516865 0.952361286 94.488464355
0.947610021 -0.002037926 0.319423109 3.934659958 -0.000893215 0.999958813 0.009029592 -2.146216154 -0.319428384 -0.008841846 0.947569132 95.034248352
0.943631232 -0.002279079 0.330991000 4.142646790 -0.000797723 0.999957681 0.009159584 -2.157002449 -0.330997825 -0.008907308 0.943589449 95.552940369
0.939246953 -0.002407561 0.343233764 4.350860596 -0.000927745 0.999953926 0.009552766 -2.178594112 -0.343240947 -0.009290839 0.939201415 96.039001465
0.933832049 -0.002431733 0.357703447 4.561946869 -0.001096235 0.999952674 0.009659726 -2.190185547 -0.357710034 -0.009412689 0.933785260 96.561363220
0.929055274 -0.002968414 0.369929016 4.793880463 -0.000566780 0.999955177 0.009447355 -2.190617085 -0.369940460 -0.008986783 0.929011941 97.091697693
0.924696684 -0.002617453 0.380695492 5.018629074 -0.000846368 0.999959767 0.008930973 -2.185843468 -0.380703598 -0.008580649 0.924657226 97.629051208
0.918992460 -0.002728457 0.394265741 5.253284454 -0.000818440 0.999960661 0.008827779 -2.189846039 -0.394274324 -0.008435343 0.918954015 98.130813599
0.913049221 -0.002904228 0.407839090 5.492759705 -0.000735178 0.999961317 0.008766620 -2.198171377 -0.407848716 -0.008304191 0.913011730 98.617889404
0.908271492 -0.003475111 0.418366671 5.763645172 -0.000506044 0.999955654 0.009404628 -2.224869013 -0.418380737 -0.008753669 0.908229530 99.092781067
0.901502669 -0.002923265 0.432763696 5.965122223 -0.000862125 0.999963045 0.008550543 -2.197512627 -0.432772636 -0.008081433 0.901466846 99.587661743
0.894857168 -0.003597700 0.446338117 6.240722656 -0.000158500 0.999964893 0.008377972 -2.208392382 -0.446352482 -0.007567833 0.894825161 100.062797546
0.888661981 -0.004069906 0.458544880 6.520019531 0.000203629 0.999963999 0.008480745 -2.222004414 -0.458562911 -0.007443143 0.888630807 100.559173584
0.882554471 -0.004043964 0.470192760 6.788150787 -0.000218394 0.999959409 0.009010227 -2.235416412 -0.470210135 -0.008054703 0.882517755 101.052703857
0.875442564 -0.004727799 0.483299017 7.081142426 0.000664288 0.999962926 0.008578705 -2.236847878 -0.483321667 -0.007189112 0.875413239 101.500984192
0.868304253 -0.004467651 0.496011913 7.316276550 0.000232211 0.999963105 0.008600308 -2.239368677 -0.496031970 -0.007352505 0.868273139 101.934043884
