1.000000000 0.000000000 0.000000000 0.000000000 0.000000000 1.000000000 0.000000000 0.000000000 0.000000000 0.000000000 1.000000000 0.000000000
0.999999940 -0.000321327 0.000046311 0.000273175 0.000321326 0.999999940 0.000013445 0.000290259 -0.000046315 -0.000013431 1.000000000 -0.000120035
1.000000000 -0.000117208 0.000141800 -0.000679079 0.000117183 1.000000000 0.000174196 -0.000403106 -0.000141821 -0.000174179 1.000000000 0.000301700
1.000000000 -0.000099831 0.000015017 0.000287280 0.000099829 1.000000000 0.000094398 0.000141437 -0.000015027 -0.000094396 1.000000000 0.000054539
1.000000000 -0.000028667 0.000067808 -0.000088949 0.000028664 1.000000000 0.000046203 -0.000684657 -0.000067809 -0.000046201 1.000000000 -0.000256904
0.999999940 -0.000292584 0.000073374 0.000083008 0.000292584 0.999999940 -0.000000719 0.000152524 -0.000073373 0.000000740 1.000000000 -0.000820469
0.999999940 -0.000393697 0.000113284 -0.000295480 0.000393694 0.999999940 0.000025656 0.000024733 -0.000113294 -0.000025612 1.000000000 0.000115960
0.999999940 -0.000301892 0.000094425 0.000476388 0.000301880 0.999999940 0.000131384 -0.000417338 -0.000094465 -0.000131355 1.000000000 0.001254632
1.000000000 -0.000122913 0.000135509 -0.000128356 0.000122914 1.000000000 -0.000008846 0.000826179 -0.000135508 0.000008862 1.000000000 0.000953949
1.000000000 -0.000007167 0.000146021 -0.000763473 0.000007166 1.000000000 0.000004124 -0.000086143 -0.000146022 -0.000004123 1.000000000 -0.000524217
1.000000000 -0.000184274 0.000061738 0.001114464 0.000184272 1.000000000 0.000041529 0.000417546 -0.000061746 -0.000041517 1.000000000 -0.000723785
1.000000000 -0.000058066 -0.000016218 0.001052112 0.000058066 1.000000000 -0.000019421 -0.000255532 0.000016219 0.000019420 1.000000000 -0.002177585
1.000000000 0.000020188 0.000063376 0.000560121 -0.000020180 1.000000000 -0.000132737 0.001997464 -0.000063379 0.000132736 1.000000000 0.000807224
1.000000000 -0.000063954 0.000070582 -0.000530989 0.000063952 1.000000000 0.000030682 0.000603962 -0.000070584 -0.000030678 1.000000000 -0.000058837
1.000000000 0.000129702 0.000119078 -0.000654650 -0.000129686 1.000000000 -0.000140669 0.001355892 -0.000119097 0.000140654 1.000000000 -0.000035110
0.999994934 0.002913817 0.001265378 -0.026652938 -0.002913655 0.999995768 -0.000129821 0.012543731 -0.001265751 0.000126134 0.999999166 0.022510760
0.999995887 0.002570249 0.001254175 -0.026185192 -0.002570156 0.999996722 -0.000075459 0.011705132 -0.001254365 0.000072235 0.999999166 0.021332055
0.999995410 0.002737590 0.001305498 -0.026601696 -0.002737288 0.999996305 -0.000233071 0.012225146 -0.001306131 0.000229497 0.999999106 0.021098148
0.999994278 0.003079684 0.001415891 -0.027338384 -0.003079435 0.999995291 -0.000177994 0.012068769 -0.001416432 0.000173633 0.999998987 0.020496903
0.999993980 0.003241730 0.001279301 -0.027135689 -0.003241535 0.999994814 -0.000154902 0.012660603 -0.001279797 0.000150754 0.999999166 0.021104088
0.999994993 0.002888057 0.001263613 -0.026441973 -0.002887983 0.999995828 -0.000060186 0.012030498 -0.001263782 0.000056536 0.999999166 0.021167511
0.999995053 0.002858411 0.001317998 -0.027256459 -0.002858245 0.999995947 -0.000127971 0.012220656 -0.001318359 0.000124203 0.999999106 0.021773836
0.999995053 0.002852677 0.001312797 -0.027003467 -0.002852592 0.999995887 -0.000066781 0.011676788 -0.001312983 0.000063036 0.999999106 0.020808375
0.999995053 0.002821711 0.001368360 -0.026238272 -0.002821361 0.999996066 -0.000257411 0.013179083 -0.001369081 0.000253549 0.999999046 0.022947324
0.999994159 0.003112767 0.001410943 -0.027094826 -0.003112569 0.999995172 -0.000142266 0.013003527 -0.001411379 0.000137873 0.999998987 0.022821676
0.999994934 0.002889417 0.001315226 -0.025715221 -0.002889236 0.999995828 -0.000139446 0.012184969 -0.001315624 0.000135645 0.999999106 0.020903565
0.999995291 0.002779394 0.001306470 -0.026143141 -0.002779122 0.999996185 -0.000209604 0.012264703 -0.001307047 0.000205972 0.999999106 0.020305220
0.999995410 0.002767113 0.001204962 -0.025897715 -0.002766832 0.999996185 -0.000234840 0.012243900 -0.001205607 0.000231505 0.999999225 0.020251414
0.999994278 0.003105671 0.001379033 -0.027634716 -0.003105588 0.999995232 -0.000062585 0.012131221 -0.001379221 0.000058302 0.999999046 0.022613943
0.999995232 0.002828182 0.001216157 -0.026307885 -0.002828065 0.999995947 -0.000097844 0.012379310 -0.001216428 0.000094404 0.999999225 0.021766013
0.999994934 0.002804208 0.001476462 -0.028235070 -0.002803854 0.999996066 -0.000241276 0.013136743 -0.001477133 0.000237135 0.999998868 0.022430018
0.999994636 0.002931180 0.001431362 -0.027615525 -0.002931049 0.999995708 -0.000093740 0.011941672 -0.001431630 0.000089544 0.999998987 0.021648727
0.999994814 0.002857846 0.001432328 -0.027524890 -0.002857776 0.999995887 -0.000050713 0.011274920 -0.001432467 0.000046620 0.999998927 0.021161759
0.999994993 0.002843852 0.001365242 -0.026984939 -0.002843382 0.999995947 -0.000345933 0.013439256 -0.001366220 0.000342049 0.999998987 0.021692581
0.999994636 0.002925792 0.001447715 -0.027564814 -0.002925390 0.999995708 -0.000279540 0.012919379 -0.001448526 0.000275304 0.999998927 0.021462169
0.999994338 0.003057504 0.001400572 -0.027371118 -0.003057251 0.999995351 -0.000183120 0.013022335 -0.001401125 0.000178838 0.999998987 0.021682242
0.999995053 0.002793140 0.001384297 -0.026745129 -0.002792704 0.999996066 -0.000316815 0.013794161 -0.001385177 0.000312947 0.999998987 0.022364553
0.999995232 0.002789511 0.001251508 -0.026259245 -0.002789274 0.999996066 -0.000190832 0.013025719 -0.001252035 0.000187340 0.999999166 0.022135923
0.999994814 0.002899824 0.001387940 -0.027457226 -0.002899569 0.999995828 -0.000185336 0.012673325 -0.001388472 0.000181311 0.999998987 0.021863336
0.999994516 0.003003368 0.001412525 -0.027561402 -0.003003084 0.999995530 -0.000202924 0.012753230 -0.001413128 0.000198681 0.999998987 0.022535868
0.999994099 0.003058157 0.001548061 -0.027810639 -0.003057644 0.999995351 -0.000333214 0.013142738 -0.001549073 0.000328478 0.999998748 0.024243031
0.999994993 0.002874851 0.001310196 -0.025024265 -0.002873697 0.999995470 -0.000881564 0.010552161 -0.001312724 0.000877794 0.999998748 0.072989695
0.999990225 0.004184933 0.001427543 -0.029889405 -0.004183596 0.999990821 -0.000938604 0.003437156 -0.001431457 0.000932623 0.999998569 0.150945902
0.999988675 0.004590691 0.001298501 -0.028561756 -0.004588854 0.999988496 -0.001414969 0.001305310 -0.001304982 0.001408994 0.999998212 0.265251487
0.999991179 0.003824408 0.001730398 -0.028291879 -0.003820945 0.999990642 -0.002000072 0.005592342 -0.001738031 0.001993442 0.999996483 0.398620576
0.999989092 0.004289889 0.001818780 -0.026962811 -0.004285937 0.999988437 -0.002171600 0.003448406 -0.001828074 0.002163781 0.999996006 0.539145112
0.999989271 0.004287261 0.001761278 -0.023114510 -0.004283333 0.999988377 -0.002227785 -0.001623200 -0.001770809 0.002220217 0.999995947 0.689498246
0.999989271 0.004417053 0.001408093 -0.016837312 -0.004415901 0.999989927 -0.000819857 -0.016497063 -0.001411700 0.000813629 0.999998689 0.840899289
0.999990761 0.004108115 0.001280236 -0.012293540 -0.004106985 0.999991238 -0.000883320 -0.017777735 -0.001283854 0.000878054 0.999998808 1.012021780
0.999983191 0.004957449 0.002982422 -0.046936266 -0.004952528 0.999986351 -0.001654971 -0.012824018 -0.002990586 0.001640173 0.999994099 1.169779420
0.999984860 0.004629467 0.002956436 -0.041648183 -0.004625452 0.999988317 -0.001363535 -0.018768605 -0.002962715 0.001349840 0.999994636 1.355267882
0.999991059 0.003776632 0.001906822 -0.010654164 -0.003775129 0.999992549 -0.000790869 -0.027111931 -0.001909795 0.000783663 0.999997854 1.559451938
0.999990284 0.003875890 0.002079078 -0.006312374 -0.003873875 0.999992073 -0.000972332 -0.027793139 -0.002082830 0.000964268 0.999997377 1.764548302
0.999990702 0.003811085 0.001998923 -0.005902883 -0.003809491 0.999992430 -0.000800469 -0.035304345 -0.002001959 0.000792846 0.999997675 1.953076005
0.999979377 0.004784456 0.004269782 -0.055919815 -0.004775616 0.999986410 -0.002077934 -0.002793758 -0.004279666 0.002057500 0.999988735 2.111648321
0.999985158 0.005100656 0.001922674 0.010914240 -0.005097881 0.999985874 -0.001445536 -0.025210325 -0.001930020 0.001435713 0.999997079 2.346893787
0.999987364 0.004621667 0.001992249 0.020481078 -0.004618435 0.999987960 -0.001623955 -0.030616364 -0.001999731 0.001614734 0.999996662 2.565373421
0.999979436 0.005369350 0.003482752 -0.022374801 -0.005366972 0.999985337 -0.000691704 -0.051082946 -0.003486416 0.000672998 0.999993622 2.785389662
0.999980032 0.005198363 0.003579291 -0.016300639 -0.005195766 0.999986231 -0.000734607 -0.057365950 -0.003583061 0.000715995 0.999993324 3.014487028
0.999985278 0.004716520 0.002690788 -0.007843670 -0.004715111 0.999988735 -0.000529711 -0.068338476 -0.002693256 0.000517016 0.999996245 3.250868559
0.999981999 0.004964737 0.003405373 -0.003256920 -0.004962952 0.999987543 -0.000532347 -0.073705792 -0.003407974 0.000515436 0.999994040 3.496814966
0.999984264 0.004685296 0.003085545 0.003503093 -0.004683796 0.999988914 -0.000493305 -0.080986276 -0.003087822 0.000478845 0.999995172 3.749217272
0.999981642 0.005160494 0.003177012 -0.000166691 -0.005159282 0.999986589 -0.000389747 -0.093029410 -0.003178981 0.000373348 0.999994874 4.010193348
0.999974012 0.006297597 0.003512036 -0.001955723 -0.006293800 0.999979615 -0.001091145 -0.092118375 -0.003518836 0.001069012 0.999993265 4.232446194
0.999976099 0.005918994 0.003572268 0.004714451 -0.005914081 0.999981642 -0.001384113 -0.096613742 -0.003580395 0.001362953 0.999992669 4.495290756
0.999978781 0.005604739 0.003319804 0.013104577 -0.005604271 0.999984205 -0.000150255 -0.113496102 -0.003320594 0.000131647 0.999994457 4.758124352
0.999977410 0.005791894 0.003404445 0.021985324 -0.005790921 0.999983132 -0.000295404 -0.121705882 -0.003406099 0.000275683 0.999994159 5.021211624
0.999979913 0.005600415 0.002958815 0.028623758 -0.005599769 0.999984324 -0.000226330 -0.122764468 -0.002960036 0.000209757 0.999995589 5.290255547
0.999980390 0.005315288 0.003313576 0.032528885 -0.005314883 0.999985814 -0.000131323 -0.132678777 -0.003314228 0.000113709 0.999994516 5.538187504
0.999981225 0.005258003 0.003145440 0.036191676 -0.005258967 0.999986172 0.000298512 -0.140117481 -0.003143827 -0.000315048 0.999995053 5.808817387
0.999978721 0.005576848 0.003379709 0.042767502 -0.005577171 0.999984443 0.000086279 -0.151073560 -0.003379175 -0.000105127 0.999994338 6.079778671
0.999976456 0.005285402 0.004373062 0.024864718 -0.005282741 0.999985874 -0.000619879 -0.141874194 -0.004376277 0.000596763 0.999990165 6.390734673
0.999974728 0.005205899 0.004830385 0.014645049 -0.005199410 0.999985576 -0.001354682 -0.140917808 -0.004837367 0.001329533 0.999987364 6.652133465
0.999969602 0.005707669 0.005314492 0.018098030 -0.005701803 0.999983072 -0.001118315 -0.154280260 -0.005320785 0.001087979 0.999985218 6.941223621
0.999969184 0.005754484 0.005342485 0.029378172 -0.005747812 0.999982595 -0.001263365 -0.156244725 -0.005349663 0.001232618 0.999984860 7.263031006
0.999966979 0.006299576 0.005134311 0.032353513 -0.006290074 0.999978423 -0.001864926 -0.155594319 -0.005145949 0.001832569 0.999985039 7.562849998
0.999957263 0.006272882 0.006792046 0.013205219 -0.006257067 0.999977648 -0.002347123 -0.147999942 -0.006806617 0.002304525 0.999974191 7.899892807
0.999958873 0.005937513 0.006869873 0.024651609 -0.005930024 0.999981821 -0.001110213 -0.180484086 -0.006876340 0.001069428 0.999975801 8.178912163
0.999965191 0.005762069 0.006024048 0.033706255 -0.005747779 0.999980748 -0.002386688 -0.172259897 -0.006037683 0.002351981 0.999979019 8.522621155
0.999946773 0.007165435 0.007412655 0.027176414 -0.007154058 0.999973118 -0.001560198 -0.189869165 -0.007423635 0.001507084 0.999971330 8.840631485
0.999961078 0.006042275 0.006431798 0.045292974 -0.006028134 0.999979377 -0.002215636 -0.192903385 -0.006445053 0.002176778 0.999976814 9.233805656
0.999955118 0.006898848 0.006497390 0.052567318 -0.006886709 0.999974489 -0.001888936 -0.208141536 -0.006510255 0.001844105 0.999977112 9.585900307
0.999962807 0.005943507 0.006241115 0.067170307 -0.005933348 0.999981046 -0.001644988 -0.226530015 -0.006250774 0.001607896 0.999979138 9.913420677
0.999960244 0.006598428 0.006001599 0.079826266 -0.006592862 0.999977827 -0.000946691 -0.242730051 -0.006007713 0.000907086 0.999981523 10.258670807
0.999952197 0.006956402 0.006870204 0.074211709 -0.006944044 0.999974251 -0.001821007 -0.246147543 -0.006882694 0.001773213 0.999974728 10.629743576
0.999955416 0.007087818 0.006242178 0.094341852 -0.007078762 0.999973834 -0.001471629 -0.260332912 -0.006252445 0.001427377 0.999979436 11.000638962
0.999955058 0.006987525 0.006405122 0.106767736 -0.006977780 0.999974489 -0.001542468 -0.274255574 -0.006415736 0.001497705 0.999978244 11.376230240
0.999956965 0.006681145 0.006437516 0.124079779 -0.006676897 0.999977589 -0.000680959 -0.299352586 -0.006441921 0.000637947 0.999979019 11.733235359
0.999958754 0.006507194 0.006336199 0.136414886 -0.006503760 0.999978721 -0.000562381 -0.312868387 -0.006339724 0.000521148 0.999979794 12.114500999
0.999957740 0.006393289 0.006626802 0.140631258 -0.006384573 0.999978721 -0.001335773 -0.316664964 -0.006635202 0.001293407 0.999977171 12.526282310
0.999960124 0.006111990 0.006513554 0.151549369 -0.006105869 0.999980927 -0.000959244 -0.329600215 -0.006519292 0.000919435 0.999978304 12.904076576
0.999954343 0.006685513 0.006816735 0.156177253 -0.006679712 0.999977231 -0.000873394 -0.342426002 -0.006822419 0.000827820 0.999976397 13.320490837
0.999963045 0.005994876 0.006157225 0.177060634 -0.005987644 0.999981284 -0.001192487 -0.350515455 -0.006164259 0.001155576 0.999980330 13.734447479
0.999958515 0.006172884 0.006691281 0.183618546 -0.006167459 0.999980569 -0.000831151 -0.364377260 -0.006696281 0.000789848 0.999977291 14.162905693
0.999962032 0.005378303 0.006853465 0.194737032 -0.005369151 0.999984682 -0.001353120 -0.376124561 -0.006860638 0.001316271 0.999975622 14.574156761
0.999959171 0.005421413 0.007230982 0.209159300 -0.005413804 0.999984801 -0.001071422 -0.388012767 -0.007236680 0.001032231 0.999973297 14.996257782
0.999957085 0.006255391 0.006828304 0.226192653 -0.006245718 0.999979436 -0.001436929 -0.395421028 -0.006837153 0.001394220 0.999975622 15.430970192
0.999958277 0.005648363 0.007182604 0.240724027 -0.005638787 0.999983132 -0.001352935 -0.411471665 -0.007190125 0.001312377 0.999973297 15.875505447
0.999960780 0.005167304 0.007192719 0.258383662 -0.005163038 0.999986410 -0.000611607 -0.426462084 -0.007195782 0.000574447 0.999973893 16.323591232
0.999960840 0.004887435 0.007374485 0.270904839 -0.004884060 0.999987960 -0.000475648 -0.446845055 -0.007376721 0.000439612 0.999972641 16.766914368
0.999955773 0.005490538 0.007637909 0.285985410 -0.005490479 0.999984920 -0.000028685 -0.466088295 -0.007637952 -0.000013252 0.999970853 17.207540512
0.999953210 0.005687609 0.007821784 0.299104691 -0.005682811 0.999983609 -0.000635586 -0.473833412 -0.007825271 0.000591107 0.999969184 17.667474747
0.999953091 0.005576541 0.007908843 0.313097000 -0.005573956 0.999984384 -0.000348804 -0.491651177 -0.007910665 0.000304704 0.999968648 18.135486603
0.999957144 0.005034232 0.007784306 0.336201578 -0.005028635 0.999987185 -0.000738411 -0.496378034 -0.007787924 0.000699235 0.999969423 18.615835190
0.999950826 0.005675636 0.008134536 0.349652648 -0.005675833 0.999983847 0.000001175 -0.521798790 -0.008134398 -0.000047345 0.999966860 19.068246841
0.999964952 0.004385515 0.007125895 0.378795743 -0.004384087 0.999990344 -0.000215945 -0.528513610 -0.007126774 0.000184697 0.999974549 19.568338394
0.999950230 0.005628926 0.008249769 0.380554795 -0.005623141 0.999983907 -0.000724247 -0.542202234 -0.008253714 0.000677821 0.999965727 20.052814484
0.999955952 0.005287326 0.007755686 0.400823802 -0.005286617 0.999985933 -0.000112051 -0.566470683 -0.007756169 0.000071044 0.999969900 20.545719147
0.999955595 0.005531477 0.007626479 0.417689502 -0.005532989 0.999984622 0.000177060 -0.586352050 -0.007625383 -0.000219250 0.999970913 21.039447784
0.999962866 0.005580580 0.006571279 0.432282984 -0.005577150 0.999984324 -0.000540227 -0.586675704 -0.006574191 0.000503558 0.999978244 21.552225113
0.999963820 0.005575965 0.006423600 0.448080748 -0.005576006 0.999984443 -0.000011546 -0.612078846 -0.006423565 -0.000024272 0.999979317 22.043809891
0.999969184 0.005631079 0.005470105 0.463677824 -0.005628127 0.999984145 -0.000554869 -0.612945735 -0.005473142 0.000524065 0.999984801 22.569360733
0.999972701 0.005607139 0.004811306 0.479165524 -0.005605116 0.999984205 -0.000433796 -0.633949459 -0.004813662 0.000406816 0.999988317 23.088312149
0.999977767 0.005423109 0.003916466 0.498322159 -0.005420198 0.999985158 -0.000753401 -0.644162834 -0.003920493 0.000732156 0.999992073 23.610750198
0.999987006 0.003857650 0.003311483 0.513184547 -0.003855562 0.999992371 -0.000636666 -0.664577961 -0.003313913 0.000623890 0.999994338 24.128543854
0.999982178 0.005095394 0.003126252 0.521615624 -0.005095999 0.999987006 0.000185562 -0.679761827 -0.003125266 -0.000201490 0.999995112 24.666997910
0.999981761 0.005584206 0.002266415 0.529034555 -0.005582042 0.999983966 -0.000959739 -0.690385342 -0.002271738 0.000947070 0.999996960 25.204334259
0.999982834 0.005502278 0.001986861 0.539060354 -0.005501646 0.999984741 -0.000323368 -0.715328991 -0.001988609 0.000312431 0.999997973 25.736875534
0.999981344 0.005895902 0.001627981 0.548577249 -0.005895939 0.999982655 0.000017632 -0.730419040 -0.001627848 -0.000027230 0.999998689 26.294034958
0.999982119 0.005861358 0.001187136 0.562752903 -0.005861985 0.999982655 0.000525139 -0.746874213 -0.001184038 -0.000532089 0.999999166 26.843914032
0.999988616 0.004767876 0.000114178 0.569245517 -0.004768041 0.999987543 0.001488400 -0.780594170 -0.000107080 -0.001488928 0.999998868 27.408590317
0.999988258 0.004629871 -0.001415242 0.591480494 -0.004628452 0.999988735 0.001004239 -0.801147282 0.001419876 -0.000997677 0.999998450 27.917196274
0.999985754 0.005334095 0.000302314 0.579790175 -0.005334522 0.999984741 0.001427647 -0.808939099 -0.000294694 -0.001429239 0.999998927 28.520154953
0.999984562 0.005554900 0.000125242 0.587640285 -0.005555147 0.999982417 0.002071515 -0.837223411 -0.000113733 -0.002072179 0.999997854 29.056703568
0.999983072 0.005773432 -0.000718126 0.616882324 -0.005772812 0.999982893 0.000862630 -0.837068081 0.000723095 -0.000858470 0.999999344 29.628974915
0.999985278 0.005362153 -0.000850845 0.614712000 -0.005361605 0.999985337 0.000644425 -0.849870861 0.000854288 -0.000639853 0.999999404 30.150875092
0.999973238 0.007318917 0.000096714 0.619249880 -0.007319089 0.999971390 0.001912628 -0.884428263 -0.000082713 -0.001913285 0.999998152 30.689956665
0.999976754 0.006799148 -0.000464487 0.631936133 -0.006798504 0.999975920 0.001374522 -0.886685133 0.000473821 -0.001371332 0.999998868 31.245002747
0.999979973 0.006317329 -0.000311952 0.636055648 -0.006316817 0.999978721 0.001618412 -0.900982976 0.000322170 -0.001616409 0.999998629 31.791152954
0.999984980 0.005395072 -0.000901902 0.639709175 -0.005392876 0.999982536 0.002417903 -0.936858356 0.000914931 -0.002413003 0.999996662 32.317325592
0.999985099 0.005136377 -0.001840489 0.666524112 -0.005133671 0.999985754 0.001472051 -0.942074299 0.001848025 -0.001462581 0.999997199 32.882694244
0.999984145 0.005402682 -0.001602283 0.659097791 -0.005399003 0.999982774 0.002291559 -0.972203016 0.001614637 -0.002282873 0.999996066 33.416316986
0.999979377 0.006186875 -0.001700332 0.673007965 -0.006184238 0.999979675 0.001550983 -0.992301822 0.001709893 -0.001540436 0.999997377 33.934612274
0.999982059 0.005769175 -0.001672121 0.676050723 -0.005764919 0.999980152 0.002539254 -1.021228671 0.001686736 -0.002529570 0.999995351 34.490592957
0.999985814 0.004278869 -0.003149696 0.709047616 -0.004273129 0.999989212 0.001826782 -1.021474957 0.003157480 -0.001813296 0.999993384 35.064472198
0.999987960 0.003922851 -0.002933468 0.713340104 -0.003913152 0.999986827 0.003304717 -1.052846789 0.002946394 -0.003293198 0.999990225 35.623733521
0.999986947 0.004653947 -0.002100383 0.718383074 -0.004647146 0.999983966 0.003231646 -1.069260001 0.002115390 -0.003221843 0.999992490 36.180812836
0.999986589 0.004760101 -0.002026688 0.718462586 -0.004752296 0.999981344 0.003838132 -1.091421247 0.002044921 -0.003828449 0.999990582 36.708431244
0.999987900 0.003449863 -0.003483535 0.737459183 -0.003436949 0.999987245 0.003706282 -1.087975264 0.003496276 -0.003694265 0.999987066 37.267681122
0.999985278 0.003994185 -0.003679409 0.746089280 -0.003985993 0.999989688 0.002231133 -1.092517853 0.003688283 -0.002216435 0.999990761 37.859161377
0.999987841 0.004324942 -0.002406790 0.744337261 -0.004315221 0.999982536 0.004030086 -1.138757110 0.002424178 -0.004019650 0.999988973 38.377426147
0.999983490 0.003085733 -0.004840282 0.776830614 -0.003071655 0.999991059 0.002913373 -1.136747479 0.004849229 -0.002898457 0.999984026 38.943046570
0.999987304 0.002789172 -0.004196692 0.756203592 -0.002779552 0.999993682 0.002296191 -1.141187429 0.004203069 -0.002284497 0.999988556 39.488773346
0.999973178 0.003993695 -0.006127757 0.842387140 -0.003974061 0.999986887 0.003212952 -1.178117275 0.006140508 -0.003188514 0.999975979 40.029117584
0.999977708 0.005250058 -0.004105248 0.805922806 -0.005241659 0.999984145 0.002054044 -1.157589436 0.004115968 -0.002032479 0.999989450 40.595962524
0.999978006 0.004241958 -0.005101237 0.815143943 -0.004232585 0.999989450 0.001846687 -1.176418900 0.005109016 -0.001825055 0.999985278 41.142478943
0.999979794 0.003714452 -0.005154254 0.824428856 -0.003696510 0.999987066 0.003486274 -1.203624010 0.005167137 -0.003467150 0.999980628 41.674118042
0.999982297 0.002273097 -0.005502513 0.831716537 -0.002254861 0.999991953 0.003318176 -1.225686908 0.005510011 -0.003305709 0.999979377 42.219387054
0.999973834 0.005194120 -0.005034050 0.833951950 -0.005174348 0.999978840 0.003932830 -1.248934269 0.005054371 -0.003906679 0.999979615 42.739921570
0.999976158 0.004446770 -0.005272574 0.844271302 -0.004426643 0.999982893 0.003822797 -1.264021277 0.005289483 -0.003799366 0.999978781 43.284229279
0.999978244 0.004518021 -0.004806044 0.849411488 -0.004500202 0.999983013 0.003711906 -1.271653891 0.004822732 -0.003690196 0.999981523 43.834877014
0.999975681 0.004433083 -0.005380199 0.855436206 -0.004409600 0.999980867 0.004368719 -1.300239444 0.005399461 -0.004344889 0.999975920 44.376342773
0.999984503 0.003433736 -0.004364950 0.840009689 -0.003417596 0.999987304 0.003699594 -1.299617887 0.004377599 -0.003684620 0.999983609 44.916751862
0.999978185 0.005543185 -0.003593561 0.853235304 -0.005533987 0.999981403 0.002564518 -1.314628959 0.003607709 -0.002544576 0.999990284 45.454338074
0.999986708 0.003538142 -0.003740237 0.852788687 -0.003526749 0.999989152 0.003048117 -1.313580513 0.003750983 -0.003034885 0.999988377 46.022304535
0.999986053 0.003340075 -0.004114445 0.875235319 -0.003326554 0.999989033 0.003288661 -1.333935022 0.004125384 -0.003274929 0.999986053 46.573654175
0.999982119 0.004346049 -0.004111905 0.890202105 -0.004333596 0.999985993 0.003032568 -1.337932944 0.004125027 -0.003014695 0.999986947 47.132160187
0.999977827 0.005954776 -0.002981384 0.878495395 -0.005945291 0.999977410 0.003179857 -1.350836158 0.003000251 -0.003162062 0.999990523 47.666099548
0.999984145 0.004525081 -0.003357654 0.890308797 -0.004514911 0.999985158 0.003030464 -1.368160129 0.003371318 -0.003015256 0.999989688 48.204116821
0.999981284 0.004547856 -0.004098758 0.905513942 -0.004535225 0.999984980 0.003085722 -1.381816864 0.004112730 -0.003067075 0.999986768 48.764415741
0.999983549 0.004399047 -0.003686097 0.912744284 -0.004392575 0.999988735 0.001762081 -1.378760934 0.003693807 -0.001745861 0.999991596 49.313369751
0.999983072 0.004617797 -0.003543421 0.927018523 -0.004609227 0.999986470 0.002422896 -1.390093565 0.003554561 -0.002406523 0.999990702 49.875892639
0.999981403 0.005576465 -0.002435154 0.918045640 -0.005568918 0.999979675 0.003094929 -1.412758589 0.002452363 -0.003081311 0.999992192 50.385135651
0.999982357 0.005243496 -0.002793660 0.935130417 -0.005234458 0.999981105 0.003232288 -1.432889819 0.002810555 -0.003217608 0.999990880 50.921283722
0.999983370 0.005456067 -0.001823549 0.933686316 -0.005451654 0.999982238 0.002416102 -1.434804082 0.001836699 -0.002406121 0.999995410 51.456047058
0.999976873 0.006431277 -0.002255355 0.947499335 -0.006424362 0.999974608 0.003060111 -1.460306525 0.002274979 -0.003045551 0.999992788 51.998229980
0.999988496 0.004007625 -0.002642875 0.957940459 -0.004002238 0.999989927 0.002040717 -1.464419365 0.002651027 -0.002030116 0.999994397 52.537113190
0.999981940 0.005767535 -0.001682870 0.957750440 -0.005762338 0.999978662 0.003076442 -1.482977033 0.001700578 -0.003066689 0.999993861 53.078990936
0.999985754 0.004930130 -0.002026878 0.970236242 -0.004923484 0.999982476 0.003270943 -1.505273223 0.002042969 -0.003260917 0.999992609 53.606571198
0.999980748 0.006046186 -0.001389722 0.975860119 -0.006043114 0.999979258 0.002204198 -1.513391972 0.001403021 -0.002195757 0.999996543 54.144599915
0.999981940 0.005890227 -0.001201810 0.987718582 -0.005886729 0.999978483 0.002892361 -1.527911305 0.001218821 -0.002885234 0.999995112 54.694187164
0.999985516 0.005179564 -0.001465283 1.007640839 -0.005175756 0.999983191 0.002590775 -1.541186094 0.001478677 -0.002583153 0.999995589 55.252841949
0.999985456 0.005262913 -0.001182333 1.004922986 -0.005260556 0.999984205 0.001986885 -1.542566895 0.001192771 -0.001980637 0.999997258 55.816452026
0.999983668 0.005596812 -0.001082659 1.014895797 -0.005594674 0.999982417 0.001967734 -1.554047465 0.001093653 -0.001961645 0.999997497 56.363178253
0.999979138 0.006402125 -0.000785093 1.023024082 -0.006400575 0.999977589 0.001961616 -1.574981451 0.000797634 -0.001956550 0.999997735 56.914539337
0.999976397 0.006882037 -0.000253232 1.032172322 -0.006881544 0.999974489 0.001898515 -1.580709219 0.000266291 -0.001896727 0.999998152 57.463088989
0.999981284 0.006057564 -0.000881624 1.055191398 -0.006056129 0.999980330 0.001622052 -1.592248917 0.000891432 -0.001616683 0.999998212 58.008499146
0.999975264 0.007009970 -0.000441130 1.063919544 -0.007009338 0.999974430 0.001420578 -1.603407502 0.000451077 -0.001417451 0.999998868 58.556098938
0.999974847 0.007087506 0.000181970 1.064394355 -0.007087717 0.999974191 0.001190485 -1.610416651 -0.000173528 -0.001191745 0.999999285 59.097431183
0.999973118 0.007317315 0.000326522 1.074756622 -0.007317774 0.999972224 0.001430544 -1.629744291 -0.000316045 -0.001432896 0.999998868 59.636322021
0.999974430 0.007138831 0.000027266 1.093160391 -0.007138862 0.999973595 0.001378819 -1.648262382 -0.000017422 -0.001378979 0.999999046 60.179939270
0.999974251 0.007166307 0.000042787 1.110524535 -0.007166366 0.999973059 0.001585600 -1.658504963 -0.000031423 -0.001585866 0.999998748 60.748466492
0.999972820 0.007327857 0.000784594 1.112222314 -0.007328911 0.999972224 0.001348631 -1.676225185 -0.000774690 -0.001354344 0.999998808 61.287471771
0.999973476 0.007252402 0.000592447 1.130964637 -0.007253226 0.999972820 0.001403079 -1.690044165 -0.000582254 -0.001407339 0.999998868 61.826938629
0.999975443 0.006963389 0.000812808 1.138822794 -0.006964329 0.999975085 0.001160101 -1.700602651 -0.000804710 -0.001165733 0.999998927 62.382034302
0.999973476 0.007251841 0.000598551 1.156411886 -0.007252328 0.999973357 0.000815172 -1.716489553 -0.000592624 -0.000819491 0.999999464 62.912605286
0.999973118 0.007246510 0.001102531 1.161483645 -0.007247729 0.999973059 0.001105637 -1.734068632 -0.001094489 -0.001113598 0.999998808 63.457221985
0.999968767 0.007862662 0.000802005 1.170768619 -0.007863442 0.999968588 0.000977269 -1.741187453 -0.000794296 -0.000983545 0.999999225 64.007118225
0.999975264 0.006962377 0.000965217 1.184448600 -0.006963800 0.999974608 0.001478122 -1.763792276 -0.000954901 -0.001484807 0.999998450 64.540916443
0.999973953 0.007135073 0.001088628 1.189972878 -0.007136794 0.999973416 0.001586556 -1.775029898 -0.001077279 -0.001594284 0.999998152 65.094085693
0.999974489 0.007065927 0.001049287 1.203794122 -0.007067676 0.999973536 0.001673019 -1.792614698 -0.001037438 -0.001680392 0.999997973 65.641212463
0.999971271 0.007461139 0.001319556 1.214126110 -0.007463195 0.999970853 0.001559891 -1.803340316 -0.001307879 -0.001569694 0.999997854 66.185112000
0.999971032 0.007524817 0.001128742 1.228133202 -0.007526053 0.999971092 0.001094604 -1.815733790 -0.001120472 -0.001103067 0.999998689 66.729240417
0.999971926 0.007315533 0.001600084 1.244192481 -0.007318205 0.999971747 0.001669646 -1.833255529 -0.001587825 -0.001681309 0.999997318 67.277427673
0.999970496 0.007380290 0.002141697 1.244331002 -0.007383947 0.999971211 0.001705213 -1.845323443 -0.002129050 -0.001720977 0.999996245 67.825942993
0.999970436 0.007371151 0.002150464 1.257907271 -0.007374137 0.999971867 0.001383764 -1.863317847 -0.002140203 -0.001399581 0.999996662 68.367530823
0.999964893 0.008075516 0.002238093 1.264476895 -0.008079027 0.999966145 0.001563546 -1.878619075 -0.002225391 -0.001581574 0.999996245 68.922515869
0.999965250 0.008041312 0.002186626 1.275372982 -0.008044116 0.999966860 0.001276950 -1.889867663 -0.002176285 -0.001294495 0.999996781 69.463623047
0.999961376 0.008334441 0.002787894 1.280662656 -0.008338929 0.999963939 0.001602324 -1.913032293 -0.002774439 -0.001625510 0.999994814 70.014663696
0.999964416 0.008027660 0.002601590 1.295519829 -0.008031259 0.999966800 0.001376944 -1.923260450 -0.002590451 -0.001397789 0.999995649 70.552856445
0.999960244 0.008388858 0.003018052 1.301290274 -0.008393469 0.999963582 0.001517992 -1.941036224 -0.003005208 -0.001543264 0.999994278 71.098304749
0.999964297 0.008066936 0.002512927 1.321270943 -0.008071806 0.999965549 0.001933943 -1.961493731 -0.002497240 -0.001954158 0.999994934 71.642272949
0.999958754 0.008711359 0.002571621 1.332026839 -0.008715361 0.999960840 0.001549590 -1.970861197 -0.002558020 -0.001571939 0.999995410 72.194976807
0.999961555 0.008319827 0.002739260 1.347118378 -0.008325864 0.999962926 0.002200449 -1.992565036 -0.002720850 -0.002223172 0.999993801 72.735893250
0.999965847 0.007711189 0.002961338 1.359806299 -0.007717723 0.999967813 0.002201953 -2.005688906 -0.002944263 -0.002224733 0.999993205 73.281089783
0.999962866 0.008049211 0.003083197 1.367637873 -0.008056077 0.999965072 0.002221176 -2.015618801 -0.003065212 -0.002245932 0.999992788 73.831138611
0.999963343 0.008101863 0.002743636 1.383704543 -0.008106398 0.999965727 0.001646028 -2.026771545 -0.002730206 -0.001668209 0.999994874 74.370933533
0.999968827 0.007677902 0.001851180 1.405793548 -0.007681484 0.999968588 0.001936279 -2.043871880 -0.001836255 -0.001950439 0.999996424 74.884803772
0.999974310 0.006992253 0.001561936 1.420530915 -0.006994364 0.999974608 0.001350692 -2.054179907 -0.001552452 -0.001361582 0.999997854 75.433044434
0.999976099 0.006769570 0.001399826 1.433742404 -0.006771458 0.999976158 0.001347805 -2.069327354 -0.001390668 -0.001357252 0.999998093 75.967239380
0.999971688 0.007362859 0.001626990 1.443118811 -0.007364932 0.999972045 0.001271344 -2.081772804 -0.001617583 -0.001283291 0.999997795 76.513038635
0.999972522 0.007179968 0.001810906 1.456677079 -0.007182048 0.999973536 0.001144965 -2.098208904 -0.001802637 -0.001157939 0.999997616 77.068794250
0.999971628 0.007276046 0.001958942 1.467690587 -0.007278322 0.999972820 0.001156897 -2.113113642 -0.001950471 -0.001171123 0.999997377 77.603149414
0.999972761 0.007217615 0.001493100 1.477068543 -0.007219562 0.999973118 0.001303580 -2.128731966 -0.001483652 -0.001314324 0.999998033 78.134101868
0.999975324 0.006896077 0.001321562 1.491297364 -0.006897345 0.999975681 0.000957015 -2.140496969 -0.001314929 -0.000966107 0.999998689 78.682785034
0.999975920 0.006849989 0.001084733 1.508823872 -0.006851033 0.999976039 0.000963003 -2.153950930 -0.001078111 -0.000970412 0.999998927 79.232803345
0.999975502 0.006872070 0.001324823 1.518477440 -0.006873596 0.999975741 0.001148852 -2.167678833 -0.001316896 -0.001157931 0.999998391 79.792068481
0.999975860 0.006883139 0.000969889 1.534289002 -0.006883919 0.999975979 0.000800869 -2.182408333 -0.000964354 -0.000807526 0.999999225 80.342842102
0.999970436 0.007323500 0.002349484 1.545124888 -0.007324848 0.999972999 0.000565753 -2.194859505 -0.002345277 -0.000582946 0.999997020 80.890693665
0.999962926 0.007805471 0.003637551 1.556626320 -0.007808877 0.999969065 0.000922892 -2.211764574 -0.003630235 -0.000951263 0.999992907 81.438850403
0.999957979 0.007702703 0.004959515 1.570962429 -0.007704653 0.999970198 0.000373959 -2.225686550 -0.004956485 -0.000412155 0.999987602 81.985633850
0.999948919 0.007824392 0.006396818 1.584642410 -0.007826254 0.999969363 0.000265865 -2.238609314 -0.006394542 -0.000315914 0.999979436 82.535568237
0.999921381 0.007962882 0.009679436 1.605387568 -0.007963856 0.999968290 0.000062175 -2.253711939 -0.009678635 -0.000139256 0.999953151 83.079627991
0.999889076 0.007655137 0.012770097 1.637846112 -0.007657362 0.999970615 0.000125388 -2.268616676 -0.012768761 -0.000223159 0.999918461 83.617256165
0.999836266 0.007752104 0.016350053 1.653936863 -0.007747419 0.999969900 -0.000349752 -2.282544851 -0.016352274 0.000223024 0.999866247 84.155166626
0.999739110 0.008298669 0.021279842 1.673576713 -0.008307560 0.999965370 0.000329400 -2.298945665 -0.021276375 -0.000506098 0.999773502 84.697235107
0.999581873 0.008686767 0.027576791 1.698088884 -0.008686221 0.999962270 -0.000139607 -2.308557510 -0.027576962 -0.000099989 0.999619603 85.246459961
0.999381900 0.009215044 0.033924598 1.723751903 -0.009210747 0.999957502 -0.000282987 -2.320694923 -0.033925764 -0.000029659 0.999424279 85.783454895
0.999129593 0.008952023 0.040745202 1.752796769 -0.008925908 0.999959826 -0.000822845 -2.331923485 -0.040750936 0.000458441 0.999169230 86.324676514
0.998769403 0.009235784 0.048728015 1.793250561 -0.009180650 0.999956965 -0.001355171 -2.346234322 -0.048738420 0.000906149 0.998811305 86.860450745
0.998292506 0.009235358 0.057680026 1.836992741 -0.009190305 0.999957204 -0.001046336 -2.367106915 -0.057687223 0.000514452 0.998334587 87.403648376
0.997821927 0.009785657 0.065234892 1.876507282 -0.009703054 0.999951661 -0.001582950 -2.380674601 -0.065247215 0.000946525 0.997868657 87.945755005
0.997151434 0.009738069 0.074794143 1.928983688 -0.009660186 0.999952376 -0.001403035 -2.393953800 -0.074804246 0.000676513 0.997197986 88.495147705
0.996336758 0.009722709 0.084961742 1.993494987 -0.009648505 0.999952614 -0.001283950 -2.415615797 -0.084970199 0.000459493 0.996383369 89.016014099
0.995557129 0.009687569 0.093659289 2.056881905 -0.009559107 0.999952674 -0.001820128 -2.424661875 -0.093672484 0.000916742 0.995602667 89.558479309
0.994762242 0.010030201 0.101721823 2.128307819 -0.009862075 0.999949038 -0.002155576 -2.438962460 -0.101738259 0.001141097 0.994810522 90.109443665
0.993568182 0.009434103 0.112841912 2.205267429 -0.009266070 0.999955058 -0.002013494 -2.455678463 -0.112855844 0.000954943 0.993610859 90.633346558
0.992347896 0.008519371 0.123179041 2.287014008 -0.008305342 0.999962986 -0.002250929 -2.468003988 -0.123193659 0.001210660 0.992381930 91.167068481
0.991160810 0.008022169 0.132423356 2.372132301 -0.007758044 0.999966681 -0.002510399 -2.481526852 -0.132439092 0.001460863 0.991190076 91.693382263
0.989587247 0.009692956 0.143608451 2.464590073 -0.009474036 0.999952674 -0.002208183 -2.497803688 -0.143623069 0.000824638 0.989632130 92.218032837
0.987662852 0.009055309 0.156333387 2.560221672 -0.008763880 0.999958336 -0.002553359 -2.521379232 -0.156350002 0.001151771 0.987701058 92.741355896
0.985907853 0.008636998 0.167066097 2.669504166 -0.008376228 0.999962270 -0.002265469 -2.535109520 -0.167079359 0.000834160 0.985943198 93.284011841
0.984112978 0.008627619 0.177333504 2.787672997 -0.008277603 0.999962032 -0.002713500 -2.547798157 -0.177350193 0.001202494 0.984147072 93.803276062
0.981625199 0.008585013 0.190625787 2.900774002 -0.008263170 0.999962747 -0.002483175 -2.567592144 -0.190639958 0.000862375 0.981659651 94.320732117
0.979176521 0.007713846 0.202864185 3.038625717 -0.007281669 0.999969304 -0.002876647 -2.578371525 -0.202880159 0.001339555 0.979202688 94.869682312
0.977111220 0.007623475 0.212592423 3.174415588 -0.007086120 0.999969482 -0.003289458 -2.593490124 -0.212611049 0.001707711 0.977135420 95.376213074
0.974026263 0.008140303 0.226288840 3.317552567 -0.007512241 0.999965131 -0.003636501 -2.605593443 -0.226310596 0.001842111 0.974053502 95.923522949
0.970905244 0.009047465 0.239293084 3.486911774 -0.008245305 0.999956489 -0.004353088 -2.603163958 -0.239322037 0.002253392 0.970937610 96.464927673
0.967947841 0.007742680 0.251031876 3.627223969 -0.007033467 0.999968290 -0.003722261 -2.632588148 -0.251052737 0.001837331 0.967971683 96.988685608
0.964597762 0.008121957 0.263600379 3.784496307 -0.007350114 0.999965370 -0.003914147 -2.648116589 -0.263623029 0.001838084 0.964624047 97.500823975
0.960993946 0.008429982 0.276440918 3.973644257 -0.007822676 0.999963939 -0.003299562 -2.681903839 -0.276458710 0.001008352 0.961025238 98.009071350
0.957193732 0.009413578 0.289294481 4.146902084 -0.008913486 0.999955654 -0.003046117 -2.698793173 -0.289310277 0.000337103 0.957235277 98.535057068
0.953875005 0.007280219 0.300115794 4.340175629 -0.006451691 0.999972105 -0.003751590 -2.712303400 -0.300134748 0.001642295 0.953895390 99.080574036
0.949299812 0.007398895 0.314285100 4.525068283 -0.006487356 0.999971151 -0.003946210 -2.728817225 -0.314305305 0.001707258 0.949320436 99.598052979
0.944809496 0.007005786 0.327545434 4.728809357 -0.006129491 0.999974310 -0.003707589 -2.748329878 -0.327562928 0.001495279 0.944828153 100.110603333
0.940974712 0.005688710 0.338429123 4.941307068 -0.004531619 0.999980867 -0.004209042 -2.755673409 -0.338446587 0.002426970 0.940982461 100.617149353
0.936110497 0.005988500 0.351655126 5.148248672 -0.004791305 0.999979377 -0.004274602 -2.777547121 -0.351673484 0.002316611 0.936119795 101.134948730
0.930686235 0.005179607 0.365781724 5.385526657 -0.003528407 0.999980330 -0.005182505 -2.792160511 -0.365801394 0.003532659 0.930686235 101.658950806
0.926135719 0.005160415 0.377155036 5.623565674 -0.003702693 0.999982595 -0.004589966 -2.812220097 -0.377172053 0.002854442 0.926138759 102.150825500
0.921268344 0.003578484 0.388911039 5.852306366 -0.002114268 0.999988973 -0.004192826 -2.838090420 -0.388921767 0.003040456 0.921265781 102.657440186
0.915232301 0.004357331 0.402902991 6.093826294 -0.002682647 0.999985278 -0.004720792 -2.843393803 -0.402917683 0.003239775 0.915230513 103.169692993
0.909574747 0.004271659 0.415518343 6.336997986 -0.002514523 0.999985456 -0.004775842 -2.860243320 -0.415532768 0.003299154 0.909572244 103.640411377
0.904479921 0.002787159 0.426507115 6.596435547 -0.000963670 0.999989390 -0.004491154 -2.882164717 -0.426515043 0.003651147 0.904473007 104.116302490
0.898363888 0.002975843 0.439241946 6.851875305 -0.000980145 0.999988139 -0.004770222 -2.889319658 -0.439250976 0.003854873 0.898356140 104.587097168
0.891992509 0.001951803 0.452045977 7.138526917 0.000321334 0.999987662 -0.004951721 -2.912705660 -0.452050149 0.004562155 0.891980886 105.072494507
0.885900199 0.002150753 0.463870883 7.414833069 -0.000004801 0.999989212 -0.004627315 -2.937816381 -0.463875860 0.004097112 0.885890722 105.540687561
0.879995883 0.002115540 0.474976510 7.687324524 0.000281736 0.999987483 -0.004975910 -2.950359344 -0.474981189 0.004512597 0.879984438 106.017753601
0.872843683 0.001205828 0.487998456 7.949230194 0.001191336 0.999988675 -0.004601787 -2.970914602 -0.487998486 0.004598011 0.872832358 106.444313049
