1.000000000 0.000000000 0.000000000 0.000000000 0.000000000 1.000000000 0.000000000 0.000000000 0.000000000 0.000000000 1.000000000 0.000000000
1.000000000 0.000079019 0.000085129 -0.000949997 -0.000079028 1.000000000 0.000112058 -0.000180465 -0.000085120 -0.000112065 1.000000000 -0.000040265
1.000000000 -0.000000336 0.000091280 -0.000972300 0.000000339 1.000000000 -0.000037520 0.000761137 -0.000091280 0.000037520 1.000000000 -0.000063281
1.000000000 0.000032111 0.000040867 -0.000240428 -0.000032113 1.000000000 0.000049587 -0.000436889 -0.000040865 -0.000049588 1.000000000 0.000238526
1.000000000 0.000090068 0.000180663 -0.001142580 -0.000090075 1.000000000 0.000039473 -0.000064897 -0.000180659 -0.000039490 1.000000000 0.000507302
1.000000000 -0.000098877 0.000015940 0.000005174 0.000098877 1.000000000 -0.000000729 0.000160836 -0.000015940 0.000000731 1.000000000 -0.000011994
1.000000000 0.000060160 0.000128345 -0.001403680 -0.000060168 1.000000000 0.000061207 -0.000611586 -0.000128341 -0.000061215 1.000000000 -0.000835368
1.000000000 0.000092211 0.000060545 -0.000706447 -0.000092208 1.000000000 -0.000045207 -0.000011668 -0.000060549 0.000045201 1.000000000 -0.000362492
1.000000000 0.000099801 0.000177761 -0.001460598 -0.000099803 1.000000000 0.000010094 -0.000862205 -0.000177760 -0.000010112 1.000000000 -0.000315767
1.000000000 0.000171526 0.000165518 -0.001824762 -0.000171547 1.000000000 0.000124915 -0.000960349 -0.000165497 -0.000124944 1.000000000 0.000419956
1.000000000 0.000142642 0.000193711 -0.001585276 -0.000142655 1.000000000 0.000066401 -0.000618798 -0.000193701 -0.000066428 1.000000000 -0.000241953
1.000000000 0.000128478 0.000165818 -0.001268857 -0.000128480 1.000000000 0.000013000 -0.000961853 -0.000165816 -0.000013021 1.000000000 -0.000379327
1.000000000 0.000069170 0.000123394 -0.000784981 -0.000069173 1.000000000 0.000027233 0.000091732 -0.000123392 -0.000027242 1.000000000 0.000273400
0.999999940 0.000172912 0.000176826 -0.002083062 -0.000172899 1.000000000 -0.000076294 0.000750329 -0.000176840 0.000076264 1.000000000 0.000083192
1.000000000 0.000181611 0.000125069 -0.000756792 -0.000181611 1.000000000 -0.000001762 0.001174334 -0.000125069 0.000001739 1.000000000 0.001297757
0.999999940 0.000232823 0.000199808 -0.001581062 -0.000232812 1.000000000 -0.000053618 0.001194972 -0.000199821 0.000053571 1.000000000 0.001263047
0.999999940 0.000319810 0.000217545 -0.001890409 -0.000319804 0.999999940 -0.000027486 0.000640341 -0.000217553 0.000027416 1.000000000 0.001676723
0.999999940 0.000202926 0.000244886 -0.002031264 -0.000202919 1.000000000 -0.000027154 0.001690493 -0.000244891 0.000027104 0.999999940 0.002994576
0.999999940 0.000250450 0.000262727 -0.002034348 -0.000250427 0.999999940 -0.000087036 0.001405394 -0.000262749 0.000086970 0.999999940 0.001457711
0.999999940 0.000233492 0.000248354 -0.002363958 -0.000233490 1.000000000 -0.000005957 0.000963141 -0.000248356 0.000005899 0.999999940 0.002713156
0.999999940 0.000359416 0.000178035 -0.002038415 -0.000359402 0.999999940 -0.000078272 0.001638683 -0.000178063 0.000078208 1.000000000 0.002084052
0.999999940 0.000317122 0.000223455 -0.002115709 -0.000317106 0.999999940 -0.000072639 0.001672257 -0.000223478 0.000072568 1.000000000 0.002887087
0.999999940 0.000250114 0.000228960 -0.002446509 -0.000250110 0.999999940 -0.000017424 0.001324205 -0.000228964 0.000017367 1.000000000 0.001716385
0.999999881 0.000382824 0.000209759 -0.002699201 -0.000382823 0.999999940 -0.000006217 0.001525931 -0.000209762 0.000006137 1.000000000 0.002916533
0.999999881 0.000338409 0.000274923 -0.002292465 -0.000338422 0.999999940 0.000045689 0.000792774 -0.000274908 -0.000045782 0.999999940 0.002283652
0.999999940 0.000291798 0.000265132 -0.002682354 -0.000291782 0.999999940 -0.000060304 0.002662948 -0.000265149 0.000060227 0.999999940 0.003329747
0.999999881 0.000373939 0.000249252 -0.002247077 -0.000373952 0.999999940 0.000050158 0.001221244 -0.000249233 -0.000050252 0.999999940 0.002274441
0.999999940 0.000357199 0.000176601 -0.002380196 -0.000357182 0.999999940 -0.000098574 0.001999394 -0.000176636 0.000098511 1.000000000 0.001714626
0.999999940 0.000374394 0.000188365 -0.002222404 -0.000374354 0.999999881 -0.000211933 0.003303154 -0.000188444 0.000211863 0.999999940 0.002333069
0.999999881 0.000427927 0.000296340 -0.002258635 -0.000427896 0.999999881 -0.000104554 0.001876910 -0.000296385 0.000104427 0.999999940 0.002606686
0.999999821 0.000432032 0.000363431 -0.003123889 -0.000431997 0.999999881 -0.000098049 0.002396829 -0.000363473 0.000097892 0.999999940 0.002652875
0.999999881 0.000442165 0.000240502 -0.002185882 -0.000442142 0.999999881 -0.000094465 0.002144045 -0.000240544 0.000094358 0.999999940 0.002921049
0.999999881 0.000380287 0.000232453 -0.001851084 -0.000380291 0.999999940 0.000013900 0.000294771 -0.000232448 -0.000013989 1.000000000 0.001536087
0.999999821 0.000443949 0.000346047 -0.003440554 -0.000443942 0.999999881 -0.000020993 0.001181649 -0.000346057 0.000020839 0.999999940 0.002102567
0.999999881 0.000424640 0.000245893 -0.001816253 -0.000424610 0.999999881 -0.000121734 0.001976385 -0.000245945 0.000121630 0.999999940 0.001886864
0.999999881 0.000320911 0.000295170 -0.003281144 -0.000320894 0.999999940 -0.000056862 0.001709208 -0.000295188 0.000056767 0.999999940 0.002165252
0.999999881 0.000383056 0.000218958 -0.002464296 -0.000383032 0.999999940 -0.000113471 0.003139844 -0.000219001 0.000113387 0.999999940 0.002972289
0.999999821 0.000493612 0.000305332 -0.002796905 -0.000493592 0.999999881 -0.000065143 0.002171190 -0.000305364 0.000064992 0.999999940 0.002878117
0.999999881 0.000429759 0.000229780 -0.001608563 -0.000429752 0.999999881 -0.000028709 0.002054261 -0.000229792 0.000028611 1.000000000 0.001698273
0.999999940 0.000265380 0.000217570 -0.001224111 -0.000265356 0.999999940 -0.000110738 0.001221805 -0.000217599 0.000110681 1.000000000 0.001751107
0.999999821 0.000429863 0.000364015 -0.001546838 -0.000429637 0.999999702 -0.000620191 -0.002387479 -0.000364282 0.000620035 0.999999762 0.047801346
0.999999762 0.000605682 0.000331304 -0.000014115 -0.000605277 0.999998987 -0.001219784 -0.003003209 -0.000332043 0.001219583 0.999999225 0.139909610
0.999999821 0.000464807 0.000244267 0.002442094 -0.000464470 0.999998868 -0.001377456 -0.006894535 -0.000244907 0.001377342 0.999999046 0.252736002
0.999999523 0.000903047 0.000314051 0.004477530 -0.000902693 0.999998868 -0.001123940 -0.012066266 -0.000315066 0.001123656 0.999999344 0.384469062
0.999999583 0.000803985 0.000437960 0.005096434 -0.000803599 0.999999285 -0.000881063 -0.018996606 -0.000438668 0.000880710 0.999999523 0.526117802
0.999999762 0.000530297 0.000452179 0.008929693 -0.000529981 0.999999583 -0.000699279 -0.023773219 -0.000452550 0.000699040 0.999999702 0.677647948
0.999999583 0.000883333 0.000134021 0.016246768 -0.000883236 0.999999344 -0.000726075 -0.024078062 -0.000134662 0.000725956 0.999999702 0.842462122
0.999999583 0.000909234 0.000198527 0.017015276 -0.000909085 0.999999344 -0.000748985 -0.027724506 -0.000199208 0.000748804 0.999999702 1.015465498
0.999999523 0.000799071 0.000476060 0.015989149 -0.000798783 0.999999523 -0.000606296 -0.033727128 -0.000476544 0.000605915 0.999999702 1.187340140
0.999999702 0.000527926 0.000603471 0.019422136 -0.000527863 0.999999881 -0.000103947 -0.039669879 -0.000603526 0.000103629 0.999999821 1.371474862
0.999999881 0.000536912 0.000340513 0.025583975 -0.000536781 0.999999821 -0.000386183 -0.042526510 -0.000340721 0.000386001 0.999999821 1.566067815
0.999999821 0.000337283 0.000612763 0.026738269 -0.000337325 1.000000000 0.000067682 -0.049138244 -0.000612740 -0.000067888 0.999999821 1.765199184
0.999999583 0.000659344 0.000628438 0.027572189 -0.000659399 0.999999762 0.000087071 -0.054018885 -0.000628381 -0.000087485 0.999999821 1.957202554
0.999999702 0.000469724 0.000596552 0.033332262 -0.000469764 0.999999881 0.000067108 -0.062154684 -0.000596520 -0.000067388 0.999999821 2.166897058
0.999999881 0.000331927 0.000390459 0.039266385 -0.000332089 0.999999881 0.000413842 -0.069174379 -0.000390322 -0.000413971 0.999999821 2.386546135
0.999999642 0.000680425 0.000487556 0.046225678 -0.000680430 0.999999762 0.000009634 -0.070878543 -0.000487549 -0.000009966 0.999999881 2.614901781
0.999999583 0.000771450 0.000548074 0.048715785 -0.000771509 0.999999702 0.000108117 -0.079050049 -0.000547991 -0.000108540 0.999999821 2.839893103
0.999999821 0.000288579 0.000533682 0.055882290 -0.000288809 0.999999881 0.000431643 -0.087039880 -0.000533557 -0.000431797 0.999999762 3.074340820
0.999999583 0.000715546 0.000587256 0.063660771 -0.000715912 0.999999523 0.000622385 -0.094917789 -0.000586810 -0.000622805 0.999999583 3.309253454
0.999999523 0.000597384 0.000756770 0.063479319 -0.000597911 0.999999583 0.000696022 -0.102401681 -0.000756354 -0.000696474 0.999999464 3.558539152
0.999999523 0.000669642 0.000599402 0.068791032 -0.000670037 0.999999523 0.000659385 -0.108139768 -0.000598960 -0.000659786 0.999999583 3.805465460
0.999999642 0.000589986 0.000614720 0.076254025 -0.000590312 0.999999702 0.000530617 -0.113381781 -0.000614407 -0.000530979 0.999999583 4.070277691
0.999999464 0.000555917 0.000945325 0.081580676 -0.000556555 0.999999642 0.000675156 -0.118573390 -0.000944950 -0.000675682 0.999999285 4.333331585
0.999999583 0.000582498 0.000675149 0.085756630 -0.000582773 0.999999762 0.000406962 -0.125581086 -0.000674912 -0.000407356 0.999999642 4.586544991
0.999998987 0.000849020 0.001110937 0.088519007 -0.000849772 0.999999404 0.000676679 -0.136406064 -0.001110362 -0.000677622 0.999999106 4.843363762
0.999998689 0.001263629 0.001008725 0.095081151 -0.001264635 0.999998689 0.000997153 -0.145084158 -0.001007464 -0.000998427 0.999998987 5.101194382
0.999998510 0.001195272 0.001235486 0.097886644 -0.001196234 0.999998987 0.000777652 -0.152787656 -0.001234556 -0.000779129 0.999998927 5.357150078
0.999998510 0.001137944 0.001299885 0.102709152 -0.001138583 0.999999225 0.000491311 -0.157796398 -0.001299325 -0.000492790 0.999999046 5.624300957
0.999998510 0.001143876 0.001314275 0.105350293 -0.001145030 0.999998987 0.000876903 -0.168690205 -0.001313271 -0.000878407 0.999998689 5.891528606
0.999998331 0.001305227 0.001334662 0.109982863 -0.001306189 0.999998868 0.000720508 -0.176799104 -0.001333720 -0.000722250 0.999998808 6.173141003
0.999997616 0.001468361 0.001627529 0.119413584 -0.001469811 0.999998510 0.000890424 -0.177585185 -0.001626220 -0.000892814 0.999998271 6.462707520
0.999997973 0.001445789 0.001402047 0.124321096 -0.001446650 0.999998748 0.000612977 -0.186451346 -0.001401159 -0.000615004 0.999998808 6.736154079
0.999997377 0.001731486 0.001443445 0.132085159 -0.001732748 0.999998033 0.000873111 -0.195048720 -0.001441930 -0.000875610 0.999998569 7.043231964
0.999997675 0.001683520 0.001335307 0.139238060 -0.001685212 0.999997675 0.001266458 -0.208418235 -0.001333172 -0.001268705 0.999998331 7.341389179
0.999996960 0.001665593 0.001774044 0.142376691 -0.001668203 0.999997675 0.001470649 -0.226268649 -0.001771590 -0.001473605 0.999997318 7.641680717
0.999997675 0.001349214 0.001634272 0.152632430 -0.001351461 0.999998212 0.001375049 -0.231582716 -0.001632414 -0.001377254 0.999997735 7.962336540
0.999997497 0.001709087 0.001441803 0.159456044 -0.001711499 0.999997139 0.001673439 -0.244827926 -0.001438939 -0.001675902 0.999997556 8.272569656
0.999997139 0.001858369 0.001501080 0.166989520 -0.001859840 0.999997735 0.000978895 -0.247366682 -0.001499258 -0.000981684 0.999998331 8.603184700
0.999996066 0.002214173 0.001731965 0.173525721 -0.002215575 0.999997199 0.000808202 -0.254993618 -0.001730170 -0.000812036 0.999998152 8.942280769
0.999996841 0.001972080 0.001529348 0.178789496 -0.001973784 0.999997437 0.001112959 -0.271931589 -0.001527149 -0.001115974 0.999998212 9.279352188
0.999995053 0.002432943 0.002010615 0.181155354 -0.002435571 0.999996185 0.001305738 -0.281757653 -0.002007431 -0.001310629 0.999997139 9.622117996
0.999995530 0.002289486 0.001890583 0.191567287 -0.002292572 0.999996006 0.001631742 -0.291707098 -0.001886839 -0.001636069 0.999996901 9.971138000
0.999996006 0.002202691 0.001773237 0.197604984 -0.002204460 0.999997079 0.000996064 -0.297565967 -0.001771037 -0.000999969 0.999997914 10.316892624
0.999996543 0.001974955 0.001707871 0.210473716 -0.001976726 0.999997497 0.001035487 -0.307458848 -0.001705821 -0.001038859 0.999998033 10.673417091
0.999997079 0.001914754 0.001448495 0.217442438 -0.001915897 0.999997795 0.000787857 -0.313809812 -0.001446983 -0.000790630 0.999998689 11.043923378
0.999997497 0.001728222 0.001376966 0.229483247 -0.001729751 0.999997914 0.001110001 -0.328364551 -0.001375045 -0.001112381 0.999998450 11.421220779
0.999996185 0.002181977 0.001691757 0.231223390 -0.002184123 0.999996841 0.001267572 -0.337763280 -0.001688985 -0.001271263 0.999997795 11.802560806
0.999996066 0.002109138 0.001811263 0.238857865 -0.002111563 0.999996901 0.001338411 -0.352576941 -0.001808435 -0.001342231 0.999997377 12.189444542
0.999994159 0.002588537 0.002226198 0.248348519 -0.002592427 0.999995172 0.001746394 -0.368701816 -0.002221667 -0.001752155 0.999995947 12.576306343
0.999994218 0.002536733 0.002266505 0.253162146 -0.002540114 0.999995649 0.001490235 -0.374883085 -0.002262715 -0.001495984 0.999996305 12.970535278
0.999995768 0.002240527 0.001909601 0.267849386 -0.002242528 0.999997079 0.001046207 -0.383836210 -0.001907251 -0.001050485 0.999997616 13.363759041
0.999994218 0.002431893 0.002379339 0.270756721 -0.002435424 0.999995887 0.001482721 -0.398495108 -0.002375723 -0.001488507 0.999996066 13.761779785
0.999993265 0.002483641 0.002730373 0.279213160 -0.002488350 0.999995410 0.001722381 -0.410004258 -0.002726082 -0.001729164 0.999994814 14.177027702
0.999991834 0.002777445 0.002914814 0.289585173 -0.002781458 0.999995172 0.001373839 -0.419299662 -0.002910984 -0.001381935 0.999994755 14.586609840
0.999993742 0.002128885 0.002810734 0.298807979 -0.002132947 0.999996662 0.001442987 -0.430803895 -0.002807653 -0.001448974 0.999994934 15.019512177
0.999991000 0.003093279 0.002910464 0.312089860 -0.003097661 0.999994099 0.001502228 -0.445045978 -0.002905800 -0.001511230 0.999994576 15.459451675
0.999991477 0.002405033 0.003365930 0.318466842 -0.002409536 0.999996245 0.001334619 -0.457331091 -0.003362708 -0.001342718 0.999993384 15.896147728
0.999986112 0.003261702 0.004132908 0.330511242 -0.003269876 0.999992669 0.001972760 -0.474596500 -0.004126444 -0.001986246 0.999989510 16.361230850
0.999982774 0.003656386 0.004584792 0.338524580 -0.003665150 0.999991477 0.001904506 -0.488371879 -0.004577789 -0.001921278 0.999987721 16.801542282
0.999986172 0.002970051 0.004345063 0.354038835 -0.002979090 0.999993384 0.002075437 -0.506295800 -0.004338870 -0.002088353 0.999988377 17.268051147
0.999986649 0.003011423 0.004214715 0.368096381 -0.003020319 0.999993205 0.002105958 -0.514573455 -0.004208345 -0.002118659 0.999988854 17.735153198
0.999981940 0.002891175 0.005257290 0.379404634 -0.002901723 0.999993742 0.001999828 -0.529154181 -0.005251476 -0.002015047 0.999984145 18.208398819
0.999982059 0.002461217 0.005464680 0.392786324 -0.002472721 0.999994755 0.002099374 -0.538483858 -0.005459485 -0.002112849 0.999982834 18.672174454
0.999975383 0.003669119 0.005965747 0.403270453 -0.003680429 0.999991417 0.001885726 -0.548310637 -0.005958777 -0.001907637 0.999980390 19.170574188
0.999981165 0.003097815 0.005298427 0.424625844 -0.003109692 0.999992669 0.002234572 -0.571501255 -0.005291467 -0.002251007 0.999983490 19.627386093
0.999981642 0.002789984 0.005385559 0.433002323 -0.002803478 0.999992967 0.002499535 -0.586305618 -0.005378547 -0.002514588 0.999982357 20.112855911
0.999977231 0.003676943 0.005662906 0.441863000 -0.003691952 0.999989808 0.002642435 -0.604709625 -0.005653132 -0.002663282 0.999980450 20.619043350
0.999984443 0.003212610 0.004563188 0.458713651 -0.003224182 0.999991655 0.002530909 -0.618601203 -0.004555019 -0.002545582 0.999986291 21.112503052
0.999988794 0.002955643 0.003690035 0.475873679 -0.002963345 0.999993443 0.002083441 -0.625529289 -0.003683852 -0.002094352 0.999991000 21.643739700
0.999989450 0.003137539 0.003349226 0.489456356 -0.003144324 0.999993026 0.002022688 -0.637934983 -0.003342857 -0.002033198 0.999992371 22.159645081
0.999988079 0.003069535 0.003776460 0.494457722 -0.003078962 0.999992073 0.002492943 -0.659946740 -0.003768778 -0.002504541 0.999989748 22.643186569
0.999991775 0.003017305 0.002703579 0.508305252 -0.003024465 0.999991894 0.002647994 -0.678559601 -0.002695568 -0.002656149 0.999992788 23.160676956
0.999989212 0.003515264 0.003035737 0.506242692 -0.003524162 0.999989510 0.002930516 -0.695898235 -0.003025403 -0.002941183 0.999991119 23.678958893
0.999993443 0.002788862 0.002355401 0.519619763 -0.002793811 0.999993920 0.002100099 -0.707021594 -0.002349530 -0.002106666 0.999994993 24.212747574
0.999994755 0.002778945 0.001624555 0.529564977 -0.002783585 0.999991953 0.002860997 -0.727250457 -0.001616592 -0.002865504 0.999994576 24.737466812
0.999994576 0.003114477 0.001055413 0.542039096 -0.003117712 0.999990404 0.003078105 -0.738243699 -0.001045816 -0.003081379 0.999994636 25.281927109
0.999993980 0.003375460 0.000730321 0.553233743 -0.003378043 0.999987960 0.003566180 -0.757254779 -0.000718275 -0.003568626 0.999993384 25.804307938
0.999993563 0.003564015 0.000133680 0.567168236 -0.003564408 0.999988914 0.003061808 -0.770978153 -0.000122766 -0.003062265 0.999995291 26.357891083
0.999995470 0.002988094 0.000167801 0.573762417 -0.002988664 0.999989390 0.003508899 -0.783445537 -0.000157314 -0.003509385 0.999993801 26.926467896
0.999995410 0.002966656 -0.000470950 0.586748362 -0.002964707 0.999987185 0.004087006 -0.809182048 0.000483069 -0.004085591 0.999991536 27.465881348
0.999993801 0.003449945 -0.000654198 0.591556668 -0.003447469 0.999987006 0.003748746 -0.825344682 0.000667122 -0.003746467 0.999992788 28.006826401
0.999991536 0.004092169 -0.000413023 0.596794307 -0.004090568 0.999984384 0.003804222 -0.832200408 0.000428584 -0.003802500 0.999992728 28.562898636
0.999991775 0.003963300 -0.000863116 0.608469188 -0.003959834 0.999984264 0.003979625 -0.855615854 0.000878874 -0.003976175 0.999991715 29.124391556
0.999991655 0.003448394 -0.002185131 0.623695493 -0.003440625 0.999987841 0.003549009 -0.864250481 0.002197343 -0.003541461 0.999991357 29.680387497
0.999992251 0.003798630 -0.000985407 0.614742398 -0.003794462 0.999983966 0.004197670 -0.881977797 0.001001336 -0.004193899 0.999990702 30.224498749
0.999990761 0.004032641 -0.001566463 0.629234850 -0.004026224 0.999983549 0.004078349 -0.897475600 0.001582884 -0.004072004 0.999990463 30.769323349
0.999990046 0.004207574 -0.001501281 0.634072602 -0.004201221 0.999982238 0.004209904 -0.914235532 0.001518967 -0.004203554 0.999989986 31.322664261
0.999985814 0.005020914 -0.001797693 0.640354156 -0.005013706 0.999979377 0.003992051 -0.922556996 0.001817700 -0.003982981 0.999990463 31.878850937
0.999987066 0.004431148 -0.002475206 0.660337210 -0.004420542 0.999981105 0.004273816 -0.940546334 0.002494097 -0.004262819 0.999987781 32.421646118
0.999985278 0.004685474 -0.002746703 0.662986159 -0.004674019 0.999980390 0.004161971 -0.945175171 0.002766150 -0.004149072 0.999987543 32.993598938
0.999988973 0.003514010 -0.003116970 0.680617392 -0.003500639 0.999984622 0.004284942 -0.971385121 0.003131980 -0.004273983 0.999985874 33.518905640
0.999988139 0.003396919 -0.003490395 0.692228973 -0.003382855 0.999986172 0.004027354 -0.982523382 0.003504028 -0.004015497 0.999985754 34.076393127
0.999986231 0.003390020 -0.004005549 0.698988676 -0.003370931 0.999982893 0.004762767 -1.005607009 0.004021626 -0.004749198 0.999980628 34.582023621
0.999984562 0.003179444 -0.004577617 0.711749315 -0.003156777 0.999982715 0.004950494 -1.024886847 0.004593278 -0.004935966 0.999977291 35.114311218
0.999985099 0.002749729 -0.004727508 0.724141955 -0.002725716 0.999983370 0.005078331 -1.035920024 0.004741393 -0.005065369 0.999975920 35.671485901
0.999983191 0.003476788 -0.004641919 0.718887448 -0.003455397 0.999983430 0.004608493 -1.046140909 0.004657866 -0.004592376 0.999978602 36.197715759
0.999983191 0.003364131 -0.004718821 0.726656437 -0.003342196 0.999983549 0.004648767 -1.061083198 0.004734382 -0.004632918 0.999978065 36.750255585
0.999982476 0.003289565 -0.004920635 0.737106144 -0.003265781 0.999983013 0.004833547 -1.077561498 0.004936451 -0.004817393 0.999976218 37.295333862
0.999981225 0.003394148 -0.005107962 0.750112057 -0.003370984 0.999984026 0.004536480 -1.088654041 0.005123276 -0.004519176 0.999976695 37.840595245
0.999980032 0.003098547 -0.005506015 0.755492806 -0.003072497 0.999984086 0.004733399 -1.105016947 0.005520595 -0.004716388 0.999973655 38.386848450
0.999981105 0.003293785 -0.005196969 0.761168361 -0.003269556 0.999983788 0.004663687 -1.120393395 0.005212246 -0.004646607 0.999975622 38.934722900
0.999980450 0.002565921 -0.005698871 0.772944748 -0.002534778 0.999981880 0.005465024 -1.137201428 0.005712790 -0.005450473 0.999968827 39.466484070
0.999981880 0.002337990 -0.005553004 0.775986373 -0.002308552 0.999983370 0.005301755 -1.152161002 0.005565307 -0.005288841 0.999970555 40.016067505
0.999978840 0.002722882 -0.005911917 0.798444927 -0.002693287 0.999983788 0.005008147 -1.164005280 0.005925459 -0.004992119 0.999969900 40.560073853
0.999980509 0.003020414 -0.005473372 0.805522680 -0.002993784 0.999983728 0.004866911 -1.180100799 0.005487982 -0.004850429 0.999973118 41.100307465
0.999979794 0.002682096 -0.005773064 0.814039469 -0.002650562 0.999981582 0.005463096 -1.191275120 0.005787610 -0.005447685 0.999968410 41.659011841
0.999979436 0.003286815 -0.005510229 0.816194773 -0.003261233 0.999983907 0.004645382 -1.201322794 0.005525408 -0.004627316 0.999974012 42.199279785
0.999979973 0.003185911 -0.005474267 0.824328303 -0.003160934 0.999984562 0.004565150 -1.213189602 0.005488727 -0.004547755 0.999974608 42.752529144
0.999979019 0.003189409 -0.005649631 0.825793624 -0.003160663 0.999981940 0.005089710 -1.237850904 0.005665762 -0.005071747 0.999971032 43.272838593
0.999980450 0.002846336 -0.005572196 0.841264486 -0.002817767 0.999982834 0.005128284 -1.252108455 0.005586698 -0.005112482 0.999971330 43.829032898
0.999981225 0.003183391 -0.005235944 0.842962086 -0.003157897 0.999983072 0.004870226 -1.260976791 0.005251361 -0.004853600 0.999974430 44.361511230
0.999979734 0.003279582 -0.005447135 0.859446585 -0.003252262 0.999982059 0.005016631 -1.276175737 0.005463490 -0.004998813 0.999972522 44.901245117
0.999979854 0.003773349 -0.005094888 0.863047063 -0.003749237 0.999981821 0.004733921 -1.285156369 0.005112658 -0.004714724 0.999975801 45.456066132
0.999981582 0.003548556 -0.004908533 0.872358501 -0.003524788 0.999982059 0.004842296 -1.302482963 0.004925628 -0.004824906 0.999976218 45.989398956
0.999981284 0.003706831 -0.004863950 0.876326561 -0.003683396 0.999981582 0.004818151 -1.316566706 0.004881720 -0.004800144 0.999976516 46.535823822
0.999978423 0.004441696 -0.004821624 0.887265980 -0.004418988 0.999979198 0.004710062 -1.325017929 0.004842444 -0.004688654 0.999977231 47.083850861
0.999980867 0.003637403 -0.005000231 0.893535733 -0.003613052 0.999981642 0.004869987 -1.342209458 0.005017854 -0.004851827 0.999975622 47.649093628
0.999982059 0.003057812 -0.005146954 0.901154280 -0.003032554 0.999983370 0.004908029 -1.359740257 0.005161877 -0.004892333 0.999974668 48.190040588
0.999982417 0.003805033 -0.004548255 0.908484578 -0.003780489 0.999978304 0.005393115 -1.372696161 0.004568679 -0.005375825 0.999975085 48.752174377
0.999977529 0.003840435 -0.005488676 0.921539307 -0.003819061 0.999985039 0.003899320 -1.366786003 0.005503570 -0.003878271 0.999977291 49.312103271
0.999982357 0.004225170 -0.004156633 0.917589962 -0.004204880 0.999979258 0.004878208 -1.394060731 0.004177158 -0.004860644 0.999979436 49.848281860
0.999978840 0.004537976 -0.004665982 0.930807829 -0.004514976 0.999977648 0.004928537 -1.406617761 0.004688243 -0.004907365 0.999976993 50.393272400
0.999980330 0.004485744 -0.004388572 0.933902860 -0.004465048 0.999978960 0.004714315 -1.419760942 0.004409627 -0.004694628 0.999979258 50.926837921
0.999980986 0.004204532 -0.004532565 0.950750828 -0.004182691 0.999979675 0.004817368 -1.434497237 0.004552728 -0.004798317 0.999978125 51.480495453
0.999978364 0.004619689 -0.004680080 0.956048489 -0.004597618 0.999978244 0.004715880 -1.442402124 0.004701764 -0.004694261 0.999977887 52.022537231
0.999974728 0.005818906 -0.004069973 0.952502251 -0.005801283 0.999973774 0.004328517 -1.455028176 0.004095054 -0.004304797 0.999982357 52.578819275
0.999980271 0.004584072 -0.004274776 0.969450057 -0.004564323 0.999978900 0.004618481 -1.467823267 0.004295856 -0.004598878 0.999980211 53.107215881
0.999977350 0.004967087 -0.004528737 0.980797231 -0.004947980 0.999978840 0.004220554 -1.478212714 0.004549605 -0.004198051 0.999980867 53.649833679
0.999973238 0.006166607 -0.003942785 0.976762831 -0.006150856 0.999973118 0.003994431 -1.486698985 0.003967312 -0.003970073 0.999984264 54.183765411
0.999971151 0.006594609 -0.003774407 0.982248962 -0.006580302 0.999971092 0.003790216 -1.496737242 0.003799292 -0.003765270 0.999985695 54.710536957
0.999968231 0.006971845 -0.003871134 0.989606202 -0.006958666 0.999969959 0.003407902 -1.506693840 0.003894776 -0.003380856 0.999986708 55.262836456
0.999973595 0.006460938 -0.003319612 1.005852580 -0.006447194 0.999970615 0.004134062 -1.522525907 0.003346225 -0.004112551 0.999985874 55.794445038
0.999972641 0.006424360 -0.003660476 1.012837291 -0.006408807 0.999970436 0.004244510 -1.533814430 0.003687635 -0.004220935 0.999984205 56.328308105
0.999967933 0.007122457 -0.003656466 1.024414301 -0.007108833 0.999967754 0.003725257 -1.548414469 0.003682881 -0.003699144 0.999986351 56.857307434
0.999968886 0.007136337 -0.003342650 1.029258013 -0.007123404 0.999967098 0.003865018 -1.561634779 0.003370123 -0.003841086 0.999986887 57.398899078
0.999969244 0.006948635 -0.003635738 1.043204546 -0.006936138 0.999970019 0.003438099 -1.575890779 0.003659519 -0.003412775 0.999987423 57.946964264
0.999968708 0.007299126 -0.003039660 1.048979521 -0.007287633 0.999966323 0.003775469 -1.586674333 0.003067115 -0.003753199 0.999988258 58.469871521
0.999966323 0.007903484 -0.002232548 1.042557478 -0.007894135 0.999960184 0.004165621 -1.608147264 0.002265381 -0.004147857 0.999988794 58.989086151
0.999967754 0.007695647 -0.002264878 1.058203816 -0.007686867 0.999962986 0.003858857 -1.616544247 0.002294491 -0.003841322 0.999989986 59.550327301
0.999962807 0.008443936 -0.001738359 1.062819839 -0.008437614 0.999957860 0.003613994 -1.630789042 0.001768802 -0.003599192 0.999991894 60.099395752
0.999962986 0.008428121 -0.001714337 1.072170496 -0.008421415 0.999957025 0.003882735 -1.641573906 0.001746988 -0.003868155 0.999990940 60.656978607
0.999961138 0.008634547 -0.001741087 1.080963373 -0.008629246 0.999958158 0.003029291 -1.648262620 0.001767171 -0.003014149 0.999993861 61.233062744
0.999962866 0.008507273 -0.001348802 1.092821121 -0.008503367 0.999959707 0.002874683 -1.656876802 0.001373203 -0.002863107 0.999994934 61.792343140
0.999961972 0.008627426 -0.001264988 1.099104285 -0.008624327 0.999959886 0.002433616 -1.667509913 0.001285934 -0.002422614 0.999996185 62.343711853
0.999962091 0.008658377 -0.000893372 1.103137136 -0.008656014 0.999959111 0.002617505 -1.688623190 0.000915999 -0.002609673 0.999996185 62.890178680
0.999955952 0.009322654 -0.001017075 1.113926411 -0.009319684 0.999952376 0.002885318 -1.700157285 0.001043926 -0.002875712 0.999995291 63.444519043
0.999953210 0.009625481 -0.000949606 1.120330811 -0.009622763 0.999949694 0.002826459 -1.716473341 0.000976764 -0.002817189 0.999995530 63.998611450
0.999956131 0.009343417 -0.000636249 1.130525827 -0.009341846 0.999953389 0.002428665 -1.724504352 0.000658912 -0.002422615 0.999996781 64.532646179
0.999956369 0.009329569 -0.000433365 1.135970592 -0.009328512 0.999953628 0.002378638 -1.737380385 0.000455537 -0.002374491 0.999997079 65.088386536
0.999957323 0.009220521 -0.000603157 1.147823334 -0.009219274 0.999955356 0.002039235 -1.751053691 0.000621933 -0.002033587 0.999997735 65.641319275
0.999953747 0.009582683 -0.000792893 1.160259604 -0.009580926 0.999951720 0.002191333 -1.765402317 0.000813853 -0.002183635 0.999997318 66.184349060
0.999956071 0.009374131 -0.000045759 1.158910513 -0.009374050 0.999954879 0.001544782 -1.771797776 0.000060238 -0.001544286 0.999998808 66.750167847
0.999956906 0.009278719 0.000103154 1.171633005 -0.009278870 0.999955714 0.001567753 -1.786806941 -0.000088603 -0.001568642 0.999998808 67.307540894
0.999959350 0.009004162 -0.000409994 1.180515170 -0.009003707 0.999958873 0.001097578 -1.796956420 0.000419860 -0.001093842 0.999999285 67.858116150
0.999959409 0.008995633 -0.000576297 1.193467140 -0.008994776 0.999958515 0.001473631 -1.813928127 0.000589530 -0.001468388 0.999998748 68.380157471
0.999955535 0.009424325 0.000148782 1.193112493 -0.009424415 0.999955416 0.000614800 -1.825003982 -0.000142982 -0.000616174 0.999999821 68.957443237
0.999952078 0.009804144 -0.000048488 1.200805545 -0.009804107 0.999951661 0.000695093 -1.840954661 0.000055301 -0.000694584 0.999999762 69.495460510
0.999951780 0.009819428 0.000211163 1.212727308 -0.009819518 0.999951661 0.000428950 -1.856303573 -0.000206941 -0.000431003 0.999999881 70.044067383
0.999950945 0.009886472 0.000562966 1.218676090 -0.009886765 0.999951005 0.000520300 -1.869294286 -0.000557795 -0.000525841 0.999999702 70.563079834
0.999951184 0.009860426 0.000650196 1.223348260 -0.009860550 0.999951363 0.000191541 -1.884011269 -0.000648275 -0.000197943 0.999999762 71.096397400
0.999947727 0.010188305 0.000819302 1.231108069 -0.010188458 0.999948084 0.000183457 -1.900589585 -0.000817391 -0.000191795 0.999999583 71.626708984
0.999951422 0.009837290 0.000542276 1.243820786 -0.009837248 0.999951601 -0.000076747 -1.914007783 -0.000543005 0.000071409 0.999999821 72.154869080
0.999946117 0.010336783 0.000921824 1.250443339 -0.010336824 0.999946535 0.000039358 -1.930144668 -0.000921368 -0.000048885 0.999999583 72.678337097
0.999950171 0.009940322 0.000887304 1.264587283 -0.009940305 0.999950528 -0.000022194 -1.943638682 -0.000887481 0.000013372 0.999999523 73.206840515
0.999944329 0.010482715 0.001176223 1.269812822 -0.010482983 0.999945045 0.000221729 -1.958990335 -0.001173834 -0.000234047 0.999999285 73.760665894
0.999941349 0.010755544 0.001280422 1.283137798 -0.010755070 0.999942064 -0.000376256 -1.972726107 -0.001284395 0.000362463 0.999999106 74.254707336
0.999936521 0.011198461 0.001262125 1.298201799 -0.011198383 0.999937296 -0.000067812 -1.987945080 -0.001262805 0.000053674 0.999999225 74.780914307
0.999928892 0.011808641 0.001618349 1.307568908 -0.011808201 0.999930203 -0.000281481 -2.003827572 -0.001621560 0.000262351 0.999998569 75.317970276
0.999924362 0.012125726 0.002067344 1.318947077 -0.012125167 0.999926448 -0.000282673 -2.021290064 -0.002070619 0.000257585 0.999997795 75.848739624
0.999925196 0.012036442 0.002174689 1.322175264 -0.012036003 0.999927461 -0.000214454 -2.035147190 -0.002177113 0.000188264 0.999997616 76.364875793
0.999925375 0.012074746 0.001834761 1.341353655 -0.012073907 0.999926925 -0.000467745 -2.054871798 -0.001840275 0.000445557 0.999998212 76.881958008
0.999921620 0.012334364 0.002132346 1.352834225 -0.012332898 0.999923706 -0.000698171 -2.068356514 -0.002140795 0.000671819 0.999997497 77.404518127
0.999924719 0.012144784 0.001751497 1.367618322 -0.012144032 0.999926090 -0.000439922 -2.081611872 -0.001756710 0.000418618 0.999998391 77.938827515
0.999931395 0.011511831 0.002123992 1.377190351 -0.011510653 0.999933600 -0.000564975 -2.101175070 -0.002130355 0.000540488 0.999997556 78.453788757
0.999922097 0.012269916 0.002297538 1.386938334 -0.012267955 0.999924302 -0.000866435 -2.109778643 -0.002307996 0.000838181 0.999996960 78.978080750
0.999923289 0.012208362 0.002103177 1.403425336 -0.012206541 0.999925137 -0.000876993 -2.127629280 -0.002113726 0.000851253 0.999997377 79.516754150
0.999917507 0.012602891 0.002470572 1.413546562 -0.012599967 0.999919891 -0.001195154 -2.143021584 -0.002485437 0.001163926 0.999996185 80.035217285
0.999914587 0.012556417 0.003610424 1.422768831 -0.012553234 0.999920726 -0.000903069 -2.164222717 -0.003621478 0.000857669 0.999993086 80.559417725
0.999908149 0.012567490 0.005078391 1.434661388 -0.012560328 0.999920070 -0.001439639 -2.180094242 -0.005096078 0.001375721 0.999986053 81.085968018
0.999898553 0.012868152 0.006109168 1.447551608 -0.012859832 0.999916255 -0.001399145 -2.191425562 -0.006126663 0.001320440 0.999980271 81.617027283
0.999883175 0.013314071 0.007504321 1.459015727 -0.013305781 0.999910772 -0.001153475 -2.205137730 -0.007519009 0.001053490 0.999971151 82.165969849
0.999873817 0.011965329 0.010446921 1.483263612 -0.011948766 0.999927282 -0.001646337 -2.225459576 -0.010465860 0.001521302 0.999944091 82.700126648
0.999814451 0.012795907 0.014400457 1.499651670 -0.012767673 0.999916375 -0.002050933 -2.235925198 -0.014425497 0.001866693 0.999894202 83.247200012
0.999767601 0.012476263 0.017580369 1.525903463 -0.012436500 0.999919832 -0.002369295 -2.251053095 -0.017608522 0.002150106 0.999842644 83.804893494
0.999679625 0.012782222 0.021843508 1.550172567 -0.012734420 0.999916136 -0.002325970 -2.270889282 -0.021871410 0.002047060 0.999758720 84.342124939
0.999533296 0.012581714 0.027836522 1.584326982 -0.012523823 0.999919057 -0.002253186 -2.286835909 -0.027862618 0.001903514 0.999609947 84.883026123
0.999325037 0.013458584 0.034181174 1.614521265 -0.013374618 0.999906957 -0.002684047 -2.302822828 -0.034214117 0.002225075 0.999412060 85.429893494
0.999091387 0.013716922 0.040349558 1.651225090 -0.013618323 0.999903500 -0.002717433 -2.324272394 -0.040382944 0.002165470 0.999181926 85.977783203
0.998734415 0.013903358 0.048334282 1.698822498 -0.013780564 0.999900937 -0.002872855 -2.344271898 -0.048369445 0.002203147 0.998827100 86.545509338
0.998277605 0.014123600 0.056941941 1.746862411 -0.013929361 0.999895751 -0.003806675 -2.360074282 -0.056989763 0.003006952 0.998370230 87.101669312
0.997866571 0.013185380 0.063940920 1.800396919 -0.012963262 0.999908388 -0.003887371 -2.375848770 -0.063986301 0.003050193 0.997946143 87.679573059
0.997217894 0.013434339 0.073320702 1.855615139 -0.013167049 0.999904811 -0.004127624 -2.392788649 -0.073369168 0.003150724 0.997299850 88.239349365
0.996437728 0.012905627 0.083340019 1.927366257 -0.012585226 0.999911249 -0.004368740 -2.413026810 -0.083388999 0.003304324 0.996511579 88.772872925
0.995703578 0.011454964 0.091888048 2.003047943 -0.011036086 0.999926209 -0.005065403 -2.426330566 -0.091939308 0.004029555 0.995756388 89.337791443
0.994987428 0.011880492 0.099290997 2.073711395 -0.011404249 0.999920607 -0.005362646 -2.445600271 -0.099346802 0.004203426 0.995044112 89.909667969
0.993946671 0.012116620 0.109193534 2.153126240 -0.011592018 0.999918103 -0.005437867 -2.463361025 -0.109250471 0.004139176 0.994005680 90.445922852
0.992733359 0.011803626 0.119753927 2.256682396 -0.011221614 0.999921739 -0.005533269 -2.495019436 -0.119809844 0.004149228 0.992788315 91.051628113
0.991582274 0.010547825 0.129047319 2.348579407 -0.009872230 0.999934018 -0.005873810 -2.521839142 -0.129100770 0.004550382 0.991620958 91.611236572
0.989975870 0.010329230 0.140858173 2.451418877 -0.009631913 0.999937773 -0.005631366 -2.541471958 -0.140907556 0.004218184 0.990013778 92.168792725
0.988157332 0.009546461 0.153146967 2.561558723 -0.008647737 0.999941289 -0.006533423 -2.548603773 -0.153200358 0.005131674 0.988181770 92.750244141
0.986394167 0.008727294 0.164165959 2.670926094 -0.007677081 0.999945879 -0.007030657 -2.564713001 -0.164218441 0.005674683 0.986407578 93.291648865
0.984688222 0.007540688 0.174161389 2.815107346 -0.006176989 0.999945879 -0.008370810 -2.583376646 -0.174215123 0.007166844 0.984681547 93.915878296
0.982232928 0.008718740 0.187463567 2.905405998 -0.007537384 0.999946952 -0.007013702 -2.595173836 -0.187514752 0.005476103 0.982246578 94.410293579
0.979724944 0.009779951 0.200108036 3.054131508 -0.008606598 0.999940157 -0.006732702 -2.635353565 -0.200161904 0.004873948 0.979750633 94.961326599
0.977557778 0.009555662 0.210450336 3.182106018 -0.008355459 0.999943256 -0.006591470 -2.656739712 -0.210501403 0.004685133 0.977582216 95.493644714
0.974844515 0.006668004 0.222785845 3.327054977 -0.004875295 0.999951184 -0.008595812 -2.661092520 -0.222832277 0.007293435 0.974829495 95.994384766
0.971606731 0.008798545 0.236438245 3.486921310 -0.007410927 0.999949634 -0.006756944 -2.694020033 -0.236485809 0.004812865 0.971623003 96.553787231
0.968982518 0.005217462 0.247074097 3.635658264 -0.002944092 0.999949872 -0.009569710 -2.693268538 -0.247111648 0.008545472 0.968949378 97.042785645
0.965153873 0.010263844 0.261481464 3.764829636 -0.008133238 0.999924362 -0.009229097 -2.670813560 -0.261556387 0.006780807 0.965164304 98.001747131
0.962655365 0.005218341 0.270678997 3.989511490 -0.002986224 0.999958038 -0.008657554 -2.760110855 -0.270712852 0.007525933 0.962630749 98.066299438
0.958869457 0.005633387 0.283791453 4.132411957 -0.003413239 0.999959588 -0.008317058 -2.772767067 -0.283826858 0.007006325 0.958849967 98.528045654
0.954318047 0.010999201 0.298590064 4.304140091 -0.008703038 0.999921501 -0.009018617 -2.734742880 -0.298665822 0.006007988 0.954338789 99.572853088
0.950746000 0.006812165 0.309896082 4.486314774 -0.004802024 0.999962211 -0.007248887 -2.817738771 -0.309933752 0.005403722 0.950742781 99.602722168
0.946417451 0.006060670 0.322889119 4.698709488 -0.004178916 0.999970078 -0.006520778 -2.838666677 -0.322918981 0.004822052 0.946414292 100.123619080
0.942531645 0.004338815 0.334088743 4.905254364 -0.001677206 0.999964476 -0.008254818 -2.849831581 -0.334112644 0.007220091 0.942505479 100.551361084
0.937767446 0.003893184 0.347241998 5.115571976 -0.001144702 0.999966383 -0.008119954 -2.872272015 -0.347261935 0.007217140 0.937740386 101.055496216
0.932431996 0.003553845 0.361328065 5.337593079 -0.000769288 0.999968946 -0.007850000 -2.894665956 -0.361344635 0.007041626 0.932405710 101.550559998
0.927772403 0.002828286 0.373135954 5.563049316 0.000421403 0.999962687 -0.008627278 -2.910727262 -0.373146415 0.008161390 0.927736580 102.041305542
0.922705948 0.003607923 0.385487556 5.781238556 -0.000500639 0.999966681 -0.008160728 -2.925280094 -0.385504216 0.007336963 0.922676802 102.595497131
0.916815162 0.002525701 0.399303943 6.025344849 0.000226972 0.999976575 -0.006846247 -2.950942993 -0.399311900 0.006367373 0.916793048 103.089454651
0.910392880 0.003698495 0.413728237 6.296150208 -0.000494901 0.999969006 -0.007850150 -2.968457460 -0.413744360 0.006941967 0.910366595 103.699356079
0.905234933 0.003993260 0.424892753 6.546474457 -0.000670610 0.999967992 -0.007969241 -2.985893011 -0.424910963 0.006929098 0.905208647 104.186141968
0.899305761 0.004033527 0.437301785 6.822513580 -0.000738179 0.999970019 -0.007705334 -3.005129099 -0.437319756 0.006606645 0.899281800 104.732208252
0.892625570 0.003964521 0.450781286 7.089801788 -0.000634380 0.999971390 -0.007538342 -3.021832466 -0.450798213 0.006442952 0.892602623 105.217094421
0.886514544 0.003698465 0.462686002 7.384128571 -0.000127806 0.999969900 -0.007748351 -3.054940462 -0.462700695 0.006809891 0.886488378 105.715881348
0.880814791 0.002673748 0.473453462 7.667751312 0.000932715 0.999972224 -0.007382401 -3.072106838 -0.473460048 0.006944126 0.880787909 106.182449341
0.873002291 0.002857500 0.487707615 7.960662842 0.000939950 0.999971092 -0.007541398 -3.093509197 -0.487715065 0.007042078 0.872974455 106.692169189
0.865821600 0.002316953 0.500347555 8.249755859 0.001649143 0.999970615 -0.007484297 -3.113763809 -0.500350177 0.007305210 0.865792274 107.136428833
