1.000000000 0.000000000 0.000000000 0.000000000 0.000000000 1.000000000 0.000000000 0.000000000 0.000000000 0.000000000 1.000000000 0.000000000
1.000000000 0.000030240 0.000136604 -0.003409314 -0.000030212 1.000000000 -0.000206512 0.004508641 -0.000136610 0.000206508 0.999999940 0.004256548
1.000000000 0.000037752 0.000068129 -0.002282527 -0.000037743 1.000000000 -0.000134270 0.002356872 -0.000068134 0.000134267 1.000000000 0.000697063
0.999999940 0.000304805 0.000110854 -0.000084170 -0.000304787 0.999999940 -0.000160198 0.003640655 -0.000110903 0.000160164 1.000000000 -0.001946866
0.999999940 0.000238747 0.000052979 0.002783177 -0.000238742 0.999999940 -0.000090289 0.002111625 -0.000053000 0.000090276 1.000000000 -0.001359302
1.000000000 0.000146149 0.000063469 0.000192815 -0.000146145 1.000000000 -0.000063578 0.002169675 -0.000063478 0.000063569 1.000000000 -0.001266143
1.000000000 0.000125861 0.000132276 -0.002316062 -0.000125848 1.000000000 -0.000097354 0.002326107 -0.000132289 0.000097337 1.000000000 -0.000814580
1.000000000 0.000028008 -0.000002697 0.000804573 -0.000028008 1.000000000 -0.000027225 0.001698161 0.000002697 0.000027225 1.000000000 -0.002435685
1.000000000 0.000078615 0.000173919 -0.005665429 -0.000078589 1.000000000 -0.000145105 0.003745644 -0.000173930 0.000145091 1.000000000 0.004137008
0.999999940 0.000195566 0.000224315 -0.004715521 -0.000195538 1.000000000 -0.000123061 0.002095692 -0.000224339 0.000123017 0.999999940 -0.001425385
0.999999940 0.000181466 0.000195570 -0.003867558 -0.000181434 1.000000000 -0.000161910 0.002078569 -0.000195599 0.000161875 0.999999940 -0.000715222
1.000000000 0.000162284 0.000083588 0.000162273 -0.000162278 1.000000000 -0.000079376 0.002340553 -0.000083601 0.000079362 1.000000000 -0.004796094
1.000000000 0.000105030 0.000192748 -0.005501751 -0.000105022 1.000000000 -0.000042988 0.000518525 -0.000192753 0.000042968 1.000000000 -0.003046204
1.000000000 -0.000022222 0.000101291 -0.003128905 0.000022231 1.000000000 -0.000094299 0.000588434 -0.000101289 0.000094301 1.000000000 -0.001766864
1.000000000 0.000071832 0.000096660 -0.000984066 -0.000071820 1.000000000 -0.000119991 0.002553473 -0.000096669 0.000119984 1.000000000 -0.003423300
1.000000000 -0.000186740 -0.000128792 0.002373262 0.000186736 1.000000000 -0.000036357 0.001016132 0.000128799 0.000036333 1.000000000 -0.006553673
1.000000000 -0.000234345 0.000005829 -0.002355724 0.000234346 0.999999940 -0.000119083 0.000815513 -0.000005801 0.000119084 1.000000000 -0.004974017
1.000000000 -0.000058310 0.000052162 0.000171006 0.000058312 1.000000000 -0.000039132 0.000403575 -0.000052160 0.000039135 1.000000000 -0.006593319
1.000000000 0.000092446 -0.000003614 0.000109666 -0.000092446 1.000000000 0.000000821 0.002203891 0.000003614 -0.000000821 1.000000000 -0.007692976
1.000000000 -0.000079386 -0.000001031 -0.001778671 0.000079386 1.000000000 -0.000032406 -0.000314826 0.000001033 0.000032406 1.000000000 -0.007369373
1.000000000 0.000002731 0.000070022 -0.001041971 -0.000002725 1.000000000 -0.000080277 0.001087374 -0.000070022 0.000080277 1.000000000 -0.007608611
1.000000000 -0.000130714 0.000020510 0.000203291 0.000130715 1.000000000 -0.000021376 -0.000503380 -0.000020507 0.000021379 1.000000000 -0.004079593
1.000000000 0.000137947 0.000171492 -0.006106101 -0.000137912 0.999999940 -0.000202287 0.003574156 -0.000171520 0.000202263 0.999999940 0.003553549
1.000000000 -0.000089674 -0.000081579 0.000764467 0.000089665 1.000000000 -0.000107157 0.000681955 0.000081589 0.000107150 1.000000000 0.000343564
1.000000000 -0.000076455 0.000017660 -0.000889582 0.000076455 1.000000000 -0.000009190 0.002339507 -0.000017660 0.000009191 1.000000000 0.000154044
1.000000000 0.000010357 -0.000047710 0.002331757 -0.000010364 1.000000000 -0.000142317 0.003471653 0.000047708 0.000142318 1.000000000 -0.006810175
1.000000000 -0.000066329 0.000114075 -0.003169817 0.000066347 1.000000000 -0.000155896 0.003545677 -0.000114065 0.000155903 1.000000000 -0.001178993
0.999999940 0.000269199 0.000218077 -0.005408840 -0.000269156 0.999999940 -0.000197406 0.003145036 -0.000218131 0.000197348 0.999999940 0.000093109
1.000000000 0.000030687 0.000119771 -0.003656581 -0.000030683 1.000000000 -0.000031969 0.002293268 -0.000119772 0.000031965 1.000000000 -0.000799987
1.000000000 -0.000189678 0.000029440 -0.004798705 0.000189682 0.999999940 -0.000160990 0.006089251 -0.000029409 0.000160996 1.000000000 0.002616683
1.000000000 -0.000072851 0.000040011 -0.003641783 0.000072855 1.000000000 -0.000091277 0.002511437 -0.000040004 0.000091280 1.000000000 0.000873097
1.000000000 -0.000122940 0.000123741 -0.003895331 0.000122938 1.000000000 0.000018792 0.001357747 -0.000123743 -0.000018777 1.000000000 0.000979078
1.000000000 -0.000182082 0.000083583 -0.005027804 0.000182084 1.000000000 -0.000020350 0.001979803 -0.000083580 0.000020365 1.000000000 -0.001309518
1.000000000 -0.000115780 0.000004220 -0.002696468 0.000115780 1.000000000 0.000000548 0.001813430 -0.000004220 -0.000000547 1.000000000 -0.002888432
1.000000000 0.000059468 0.000063511 -0.003823784 -0.000059456 1.000000000 -0.000177932 0.001767842 -0.000063521 0.000177928 1.000000000 -0.000220963
1.000000000 0.000050798 0.000098574 -0.004523073 -0.000050786 1.000000000 -0.000112945 0.002810616 -0.000098580 0.000112940 1.000000000 0.000114444
1.000000000 -0.000159251 -0.000178018 0.003236535 0.000159273 1.000000000 0.000124454 -0.000431633 0.000177998 -0.000124482 1.000000000 -0.012928155
1.000000000 0.000006838 0.000071020 -0.003819422 -0.000006819 0.999999940 -0.000260729 0.004542354 -0.000071022 0.000260729 0.999999940 0.000854479
1.000000000 -0.000170706 0.000066604 -0.003052830 0.000170707 1.000000000 -0.000025744 0.001732360 -0.000066600 0.000025755 1.000000000 -0.000524857
1.000000000 -0.000045225 -0.000041268 0.000939731 0.000045232 1.000000000 0.000161689 -0.001044383 0.000041261 -0.000161691 1.000000000 -0.008557881
0.999999940 -0.000253673 -0.000131982 0.000142108 0.000253674 0.999999940 0.000007992 -0.000991774 0.000131980 -0.000008026 1.000000000 -0.000631909
1.000000000 0.000056692 0.000086975 0.001973120 -0.000056639 0.999999821 -0.000611667 -0.003939133 -0.000087010 0.000611662 0.999999821 0.049031593
1.000000000 0.000051184 -0.000015692 0.000283886 -0.000051209 0.999998808 -0.001547949 0.001068818 0.000015613 0.001547950 0.999998808 0.148315564
1.000000000 -0.000051151 -0.000069656 0.004817633 0.000051042 0.999998808 -0.001557816 -0.007764974 0.000069735 0.001557812 0.999998808 0.263952583
1.000000000 -0.000198588 0.000036769 0.002285825 0.000198639 0.999998987 -0.001396676 -0.012287336 -0.000036492 0.001396683 0.999999046 0.395752519
1.000000000 0.000032654 -0.000103953 0.004799456 -0.000032779 0.999999285 -0.001193971 -0.017539700 0.000103914 0.001193974 0.999999285 0.538091540
1.000000000 -0.000023733 0.000151119 0.006150425 0.000023877 0.999999523 -0.000957886 -0.031399835 -0.000151096 0.000957890 0.999999523 0.680406809
0.999999881 -0.000435621 -0.000040570 0.019299036 0.000435597 0.999999702 -0.000592022 -0.031203641 0.000040828 0.000592004 0.999999821 0.850305498
0.999999940 -0.000219703 -0.000196147 0.023781875 0.000219585 0.999999821 -0.000602490 -0.036797751 0.000196279 0.000602447 0.999999821 1.030911684
0.999999940 -0.000133957 0.000250031 0.013628537 0.000134160 0.999999642 -0.000810935 -0.037098438 -0.000249922 0.000810969 0.999999642 1.214002967
1.000000000 -0.000105938 -0.000014479 0.030000834 0.000105929 0.999999821 -0.000600812 -0.047121685 0.000014542 0.000600810 0.999999821 1.415909529
0.999999583 -0.000553942 -0.000733801 0.043016635 0.000553734 0.999999821 -0.000284061 -0.057302300 0.000733958 0.000283654 0.999999702 1.610792398
0.999998748 -0.000163085 0.001570488 -0.010738918 0.000158331 0.999995410 0.003026538 -0.112605914 -0.001570974 -0.003026285 0.999994099 1.719208479
0.999998450 -0.000461952 0.001694125 -0.005074772 0.000456410 0.999994516 0.003270063 -0.118059054 -0.001695626 -0.003269284 0.999993145 1.926708221
0.999998868 0.000043695 0.001489145 -0.000700805 -0.000048416 0.999994934 0.003170639 -0.126259342 -0.001488999 -0.003170708 0.999993861 2.122028589
0.999999046 0.000239879 0.001361654 0.005722260 -0.000244505 0.999994278 0.003398495 -0.131703019 -0.001360831 -0.003398825 0.999993324 2.342015266
0.999998450 0.000571952 0.001668116 -0.001682902 -0.000577680 0.999994040 0.003435583 -0.136602312 -0.001666141 -0.003436542 0.999992669 2.575080156
0.999997020 0.001077376 0.002185543 0.000313724 -0.001085449 0.999992609 0.003695613 -0.145978361 -0.002181545 -0.003697974 0.999990821 2.805585384
0.999997973 0.000529493 0.001944890 0.011267744 -0.000536629 0.999993145 0.003670818 -0.157675043 -0.001942933 -0.003671855 0.999991417 3.050584078
0.999998987 -0.000334901 0.001378734 0.014974950 0.000329262 0.999991596 0.004088166 -0.165476039 -0.001380092 -0.004087708 0.999990702 3.270707846
0.999998868 -0.000244165 0.001456477 0.023858890 0.000238271 0.999991775 0.004045356 -0.170060843 -0.001457453 -0.004045004 0.999990761 3.541035891
0.999998808 0.000145400 0.001490030 0.027531600 -0.000151491 0.999991596 0.004088356 -0.176459268 -0.001489423 -0.004088577 0.999990523 3.786067009
0.999999166 0.000112121 0.001306327 0.045472734 -0.000117701 0.999990821 0.004271705 -0.181776181 -0.001305836 -0.004271855 0.999990046 4.057699680
0.999997854 0.000671592 0.001940846 0.019419812 -0.000680622 0.999988914 0.004655954 -0.189510822 -0.001937698 -0.004657266 0.999987304 4.269275188
0.999998987 -0.000510609 0.001282967 0.029230323 0.000504494 0.999988496 0.004762400 -0.214826435 -0.001285384 -0.004761748 0.999987841 4.527241707
0.999998689 -0.000594351 0.001448356 0.036455147 0.000586984 0.999986887 0.005081536 -0.226173043 -0.001451357 -0.005080679 0.999986053 4.783067703
0.999998748 -0.000387303 0.001534206 0.040998969 0.000379850 0.999988198 0.004855403 -0.224519849 -0.001536068 -0.004854815 0.999986947 5.040763855
0.999998152 -0.001623545 0.000991756 0.043459460 0.001618691 0.999986827 0.004875564 -0.231791168 -0.000999659 -0.004873949 0.999987602 5.315733433
0.999997795 -0.000568963 0.002034148 0.019147769 0.000557300 0.999983430 0.005729806 -0.275936633 -0.002037375 -0.005728660 0.999981523 5.517023563
0.999997675 -0.000784906 0.002023593 0.023912795 0.000773320 0.999983370 0.005719848 -0.282528907 -0.002028049 -0.005718270 0.999981582 5.787572384
0.999997318 0.000182714 0.002283289 0.030783273 -0.000195941 0.999983251 0.005793935 -0.290825367 -0.002282192 -0.005794367 0.999980628 6.062018394
0.999996781 -0.000607364 0.002460476 0.033053674 0.000592759 0.999982297 0.005931858 -0.299343973 -0.002464036 -0.005930381 0.999979377 6.345259190
0.999997616 -0.000922833 0.002000170 0.042419925 0.000910669 0.999981225 0.006074167 -0.317106903 -0.002005738 -0.006072331 0.999979556 6.632595062
0.999996841 -0.000427705 0.002460476 0.052760996 0.000413048 0.999982119 0.005954389 -0.308623075 -0.002462979 -0.005953353 0.999979258 6.924621582
0.999997139 -0.000266342 0.002387273 0.063383885 0.000251709 0.999981225 0.006127812 -0.322254688 -0.002388861 -0.006127194 0.999978364 7.209544659
0.999997079 -0.001631013 0.001777292 0.058686148 0.001619824 0.999978960 0.006278849 -0.340369254 -0.001787496 -0.006275952 0.999978662 7.508384228
0.999997139 -0.001378874 0.001994321 0.069955267 0.001365369 0.999976277 0.006757355 -0.350432962 -0.002003591 -0.006754612 0.999975204 7.830903530
0.999996662 -0.001718098 0.001948947 0.069114082 0.001704938 0.999975860 0.006734506 -0.354635566 -0.001960471 -0.006731160 0.999975502 8.151654243
0.999996841 -0.001583481 0.001950186 0.084458016 0.001570569 0.999976873 0.006605180 -0.360560447 -0.001960600 -0.006602096 0.999976277 8.481369019
0.999994993 -0.002488728 0.001958912 0.096010230 0.002475634 0.999974728 0.006658845 -0.361826330 -0.001975435 -0.006653962 0.999975979 8.798893929
0.999996841 -0.001564271 0.001982422 0.097075738 0.001551220 0.999977171 0.006567690 -0.378607720 -0.001992650 -0.006564592 0.999976516 9.139612198
0.999994934 -0.003042456 0.000899715 0.109434851 0.003037406 0.999979854 0.005562236 -0.378013730 -0.000916620 -0.005559475 0.999984145 9.448287010
0.999995112 -0.003080660 0.000666013 0.119620159 0.003076772 0.999978662 0.005761912 -0.387733728 -0.000683749 -0.005759835 0.999983191 9.796033859
0.999995887 -0.002564881 0.001203359 0.113076359 0.002558002 0.999980628 0.005683670 -0.400482655 -0.001217913 -0.005680569 0.999983072 10.166850090
0.999995053 -0.003009496 0.000932563 0.124182120 0.003003827 0.999977410 0.006022419 -0.407634258 -0.000950666 -0.006019589 0.999981463 10.530176163
0.999993861 -0.003422672 0.000750354 0.152042553 0.003418286 0.999977529 0.005770196 -0.403749347 -0.000770086 -0.005767596 0.999983072 10.912259102
0.999994516 -0.003040862 0.001321693 0.135793686 0.003032625 0.999976277 0.006190359 -0.429290175 -0.001340486 -0.006186317 0.999979973 11.296213150
0.999990880 -0.004079477 0.001195548 0.126169398 0.004071182 0.999968171 0.006860869 -0.476474673 -0.001223499 -0.006855940 0.999975681 11.543459892
0.999992311 -0.003820422 0.000900165 0.139719084 0.003814040 0.999968350 0.006987463 -0.487314403 -0.000926832 -0.006983976 0.999975145 11.925496101
0.999992490 -0.003606988 0.001328201 0.147894889 0.003597269 0.999967217 0.007248614 -0.498852223 -0.001354304 -0.007243782 0.999972880 12.316413879
0.999990046 -0.004398913 0.000750426 0.169302255 0.004393385 0.999964297 0.007215109 -0.503959656 -0.000782138 -0.007211740 0.999973655 12.715688705
0.999987006 -0.005033276 0.000801200 0.174700916 0.005027118 0.999959171 0.007510702 -0.518305659 -0.000838971 -0.007506576 0.999971449 13.076878548
0.999993265 -0.003339009 0.001534156 0.180701360 0.003327377 0.999966264 0.007523409 -0.521072030 -0.001559225 -0.007518254 0.999970555 13.502833366
0.999993324 -0.003356831 0.001435666 0.189690307 0.003344660 0.999959111 0.008397546 -0.539075911 -0.001463796 -0.008392689 0.999963701 13.938451767
0.999985576 -0.005330625 0.000691271 0.213922277 0.005325210 0.999956846 0.007611671 -0.579077244 -0.000731815 -0.007607880 0.999970794 14.305824280
0.999983013 -0.005790739 0.000723377 0.226931378 0.005784702 0.999950528 0.008086638 -0.591872036 -0.000770168 -0.008082315 0.999967039 14.708395004
0.999983728 -0.005656406 0.000813389 0.239865437 0.005649218 0.999947190 0.008583602 -0.606100559 -0.000861898 -0.008578866 0.999962807 15.132694244
0.999984741 -0.005332017 0.001435836 0.248663500 0.005320023 0.999951899 0.008232306 -0.616835475 -0.001479661 -0.008224541 0.999965072 15.548035622
0.999989390 -0.004019375 0.002282162 0.219899386 0.003998385 0.999950290 0.009128959 -0.644838929 -0.002318741 -0.009119737 0.999955714 16.019334793
0.999981046 -0.005867409 0.001888530 0.248013377 0.005851247 0.999947131 0.008452435 -0.642381191 -0.001938024 -0.008441225 0.999962509 16.553859711
0.999986351 -0.004548679 0.002572533 0.277795374 0.004527051 0.999954879 0.008351451 -0.658552706 -0.002610405 -0.008339691 0.999961793 17.045169830
0.999990225 -0.003871214 0.002155676 0.274873376 0.003852054 0.999953628 0.008822802 -0.671353340 -0.002189731 -0.008814412 0.999958754 17.481317520
0.999980390 -0.005599220 0.002777611 0.254199624 0.005575396 0.999948323 0.008511653 -0.691419959 -0.002825126 -0.008496002 0.999959886 17.790464401
0.999975204 -0.006537155 0.002594495 0.274443328 0.006515483 0.999944568 0.008274986 -0.695148230 -0.002648446 -0.008257878 0.999962389 18.264217377
0.999975443 -0.006604710 0.002314049 0.287228554 0.006582576 0.999933660 0.009445447 -0.715400219 -0.002376280 -0.009429982 0.999952734 18.719921112
0.999976516 -0.006305429 0.002655444 0.306320608 0.006280120 0.999935746 0.009433550 -0.725427926 -0.002714756 -0.009416653 0.999952018 19.208658218
0.999980688 -0.005327140 0.003168177 0.305257112 0.005295462 0.999936700 0.009924734 -0.746646762 -0.003220847 -0.009907766 0.999945760 19.684637070
0.999976814 -0.006229430 0.002726413 0.310340106 0.006202358 0.999932408 0.009827896 -0.743135452 -0.002787451 -0.009810758 0.999948025 20.190494537
0.999979973 -0.005597402 0.002943528 0.305133253 0.005568247 0.999936283 0.009821382 -0.777972043 -0.002998315 -0.009804795 0.999947429 20.686199188
0.999982834 -0.005237667 0.002628176 0.312936425 0.005211826 0.999938965 0.009744802 -0.781406283 -0.002679055 -0.009730936 0.999949098 21.174266815
0.999981940 -0.005597731 0.002152287 0.324036479 0.005576897 0.999938726 0.009566793 -0.795447826 -0.002205707 -0.009554619 0.999951899 21.713750839
0.999980569 -0.005960545 0.001788105 0.328502864 0.005941657 0.999928355 0.010388283 -0.815004289 -0.001849896 -0.010377456 0.999944448 22.222330093
0.999977291 -0.006664111 0.000936908 0.311920732 0.006654829 0.999931991 0.009583965 -0.815469384 -0.001000713 -0.009577513 0.999953628 22.715042114
0.999973953 -0.007200399 0.000453837 0.324990720 0.007195115 0.999916494 0.010732837 -0.850222886 -0.000531080 -0.010729292 0.999942303 23.090932846
0.999970138 -0.007728952 0.000073559 0.328484356 0.007727701 0.999911427 0.010837714 -0.864293694 -0.000157317 -0.010836823 0.999941289 23.628543854
0.999977529 -0.006669528 -0.000644687 0.329029143 0.006675906 0.999922991 0.010457322 -0.870279074 0.000574892 -0.010461392 0.999945104 24.168094635
0.999974966 -0.006967690 -0.001247239 0.350378215 0.006981251 0.999912679 0.011220426 -0.875710845 0.001168950 -0.011228853 0.999936342 24.705894470
0.999963403 -0.008237398 -0.002322104 0.335950375 0.008262106 0.999907136 0.010839373 -0.898992538 0.002232600 -0.010858162 0.999938548 25.283823013
0.999972224 -0.007164984 -0.002028472 0.318279088 0.007187781 0.999908388 0.011463422 -0.939302862 0.001946151 -0.011477684 0.999932230 25.726081848
0.999975383 -0.006688815 -0.002107066 0.322578073 0.006712670 0.999910951 0.011525192 -0.940549076 0.002029788 -0.011539052 0.999931335 26.266757965
0.999963224 -0.007917318 -0.003326588 0.346388221 0.007955319 0.999901474 0.011569961 -0.959485710 0.003234657 -0.011595998 0.999927521 26.827995300
0.999971569 -0.006705591 -0.003470002 0.346054256 0.006747697 0.999901891 0.012267838 -0.980339944 0.003387399 -0.012290902 0.999918759 27.428003311
0.999967754 -0.007119746 -0.003710540 0.332254231 0.007164209 0.999900997 0.012110343 -0.989522219 0.003623950 -0.012136537 0.999919772 28.001228333
0.999978185 -0.005513257 -0.003649658 0.329048455 0.005558402 0.999906719 0.012477329 -1.002548933 0.003580526 -0.012497342 0.999915540 28.532258987
0.999957800 -0.007882667 -0.004713194 0.348036051 0.007945241 0.999878466 0.013408228 -1.046918631 0.004606928 -0.013445109 0.999898970 28.982639313
0.999950826 -0.008410019 -0.005258118 0.359315813 0.008481665 0.999869347 0.013755072 -1.054229617 0.005141751 -0.013798995 0.999891579 29.527824402
0.999944806 -0.008497488 -0.006176710 0.373319685 0.008577573 0.999877989 0.013056906 -1.062735319 0.006065005 -0.013109168 0.999895573 30.129159927
0.999949813 -0.007981725 -0.006045450 0.413374126 0.008065243 0.999870658 0.013919028 -1.089384198 0.005933569 -0.013967089 0.999884844 30.623256683
0.999930561 -0.009041777 -0.007563389 0.484697968 0.009151062 0.999852359 0.014541470 -1.116207600 0.007430792 -0.014609672 0.999865651 31.258163452
0.999958992 -0.007104823 -0.005603258 0.269687414 0.007179822 0.999883354 0.013480700 -1.159843922 0.005506827 -0.013520379 0.999893367 31.862464905
0.999958813 -0.007069956 -0.005699215 0.271644294 0.007142962 0.999891400 0.012893016 -1.155372858 0.005607443 -0.012933191 0.999900579 32.430072784
0.999960721 -0.006919562 -0.005544396 0.283613533 0.006995554 0.999880254 0.013805744 -1.171452880 0.005448202 -0.013843985 0.999889314 32.998428345
0.999949872 -0.007777097 -0.006311742 0.268018842 0.007863311 0.999874532 0.013751364 -1.180694938 0.006204003 -0.013800303 0.999885499 33.468940735
0.999950230 -0.007635674 -0.006418162 0.274991810 0.007730493 0.999859333 0.014881032 -1.199799061 0.006303633 -0.014929906 0.999868691 34.020599365
0.999934018 -0.008686602 -0.007514989 0.301685274 0.008791246 0.999863207 0.014005715 -1.178867340 0.007392298 -0.014070855 0.999873638 34.710693359
0.999946654 -0.007818941 -0.006745650 0.275807828 0.007908323 0.999879897 0.013326988 -1.204828501 0.006640638 -0.013379624 0.999888420 35.048255920
0.999948323 -0.007676925 -0.006661285 0.269642025 0.007766922 0.999877512 0.013591675 -1.217834473 0.006556127 -0.013642710 0.999885440 35.613830566
0.999957860 -0.006113667 -0.006844604 0.286865234 0.006197627 0.999904931 0.012313450 -1.203418255 0.006768673 -0.012355354 0.999900699 36.192695618
0.999954402 -0.006585589 -0.006909890 0.286121607 0.006677609 0.999888182 0.013379646 -1.231563330 0.006821004 -0.013425178 0.999886632 36.675476074
0.999951363 -0.006949891 -0.006995442 0.294388771 0.007037664 0.999895811 0.012601666 -1.235656500 0.006907134 -0.012650285 0.999896109 37.349700928
0.999957263 -0.005931883 -0.007095882 0.297262698 0.006018517 0.999906778 0.012250644 -1.218708634 0.007022552 -0.012292827 0.999899745 37.915012360
0.999945521 -0.007907237 -0.006802882 0.249726921 0.007998057 0.999877810 0.013428470 -1.256314635 0.006695869 -0.013482151 0.999886692 38.384639740
0.999959588 -0.005373128 -0.007206303 0.338516235 0.005468353 0.999897063 0.013260115 -1.285510302 0.007134313 -0.013298988 0.999886036 38.952930450
0.999945998 -0.007515176 -0.007177644 0.285973877 0.007622126 0.999858558 0.014991131 -1.317940354 0.007063968 -0.015045029 0.999861777 39.186740875
0.999954164 -0.006627892 -0.006899966 0.286103904 0.006729042 0.999868691 0.014741007 -1.334350586 0.006801358 -0.014786762 0.999867499 39.709438324
0.999950826 -0.006848623 -0.007169351 0.307523787 0.006950443 0.999873877 0.014274782 -1.327907562 0.007070684 -0.014323908 0.999872386 40.284610748
0.999945223 -0.007007454 -0.007773853 0.324664444 0.007122540 0.999863923 0.014876615 -1.357316256 0.007668549 -0.014931170 0.999859095 40.879760742
0.999951065 -0.006956669 -0.007031164 0.302116662 0.007058192 0.999869704 0.014518977 -1.347803116 0.006929245 -0.014567894 0.999869764 41.416450500
0.999942303 -0.007348948 -0.007835937 0.339815795 0.007458330 0.999873817 0.014022392 -1.354050159 0.007731900 -0.014080027 0.999870896 41.980701447
0.999944746 -0.007548553 -0.007318751 0.320691437 0.007649682 0.999874234 0.013889521 -1.321227789 0.007212985 -0.013944739 0.999876738 42.528842926
0.999948263 -0.006793773 -0.007569086 0.347129345 0.006910592 0.999855697 0.015515832 -1.385533571 0.007462583 -0.015567336 0.999850929 43.101173401
0.999945998 -0.007003380 -0.007674637 0.371402532 0.007116496 0.999864936 0.014811978 -1.389414072 0.007569867 -0.014865794 0.999860823 43.578758240
0.999936938 -0.007915555 -0.007962682 0.356969088 0.008037022 0.999850035 0.015340097 -1.394001245 0.007840063 -0.015403127 0.999850571 43.815437317
0.999945223 -0.006991023 -0.007782784 0.362126291 0.007110638 0.999855399 0.015449052 -1.400636792 0.007673654 -0.015503546 0.999850333 44.374385834
0.999936640 -0.007816099 -0.008091801 0.371309161 0.007947600 0.999834716 0.016348731 -1.412433505 0.007962679 -0.016412005 0.999833584 44.889759064
0.999943435 -0.007332687 -0.007694815 0.373151988 0.007459035 0.999835610 0.016521785 -1.426972866 0.007572401 -0.016578246 0.999833941 45.401256561
0.999952376 -0.006961182 -0.006827547 0.342604131 0.007068879 0.999848902 0.015878782 -1.418567419 0.006715978 -0.015926288 0.999850631 45.980724335
0.999940872 -0.007351244 -0.008007139 0.402481288 0.007478064 0.999845147 0.015925311 -1.447421908 0.007888827 -0.015984250 0.999841094 46.542896271
0.999955356 -0.006067719 -0.007241634 0.376256019 0.006184962 0.999848306 0.016279051 -1.464331388 0.007141758 -0.016323114 0.999841273 47.116508484
0.999958098 -0.006332933 -0.006596215 0.345361412 0.006439156 0.999847889 0.016208874 -1.463337660 0.006492561 -0.016250672 0.999846876 47.666767120
0.999937713 -0.008370685 -0.007372944 0.339473218 0.008493289 0.999823511 0.016757771 -1.499059677 0.007231366 -0.016819352 0.999832332 47.913379669
0.999937356 -0.008329482 -0.007478796 0.351800025 0.008452912 0.999826074 0.016626861 -1.503339767 0.007339000 -0.016689040 0.999833763 48.462635040
0.999928951 -0.008903463 -0.007919759 0.362976551 0.009036050 0.999816895 0.016866136 -1.511805654 0.007768143 -0.016936503 0.999826372 49.021389008
0.999931037 -0.008642904 -0.007942169 0.372877449 0.008772457 0.999826610 0.016424593 -1.504915833 0.007798835 -0.016493134 0.999833524 49.605098724
0.999936521 -0.008257966 -0.007662053 0.394149005 0.008388355 0.999817848 0.017144434 -1.511583209 0.007519078 -0.017207619 0.999823689 50.110019684
0.999920309 -0.009635508 -0.008150016 0.422045976 0.009774306 0.999804795 0.017165491 -1.512416720 0.007983028 -0.017243784 0.999819398 50.628673553
0.999941289 -0.007580928 -0.007740705 0.370276183 0.007712703 0.999823332 0.017138069 -1.553623199 0.007609414 -0.017196765 0.999823093 50.975227356
0.999928594 -0.008916755 -0.007957644 0.386058718 0.009053459 0.999809146 0.017311601 -1.555306792 0.007801761 -0.017382408 0.999818444 51.518379211
0.999942362 -0.008057239 -0.007086228 0.372751236 0.008179758 0.999814510 0.017433960 -1.566158533 0.006944444 -0.017490918 0.999822855 52.077739716
0.999943078 -0.008066137 -0.006986151 0.354734480 0.008189191 0.999808669 0.017768329 -1.596117735 0.006841493 -0.017824529 0.999817669 52.592323303
0.999961913 -0.006533657 -0.005775623 0.310698867 0.006632727 0.999828279 0.017303737 -1.580705166 0.005661576 -0.017341387 0.999833584 53.137428284
0.999955177 -0.006735909 -0.006653884 0.330111414 0.006847787 0.999833167 0.016936852 -1.575385332 0.006538688 -0.016981658 0.999834418 53.722290039
0.999955714 -0.006872907 -0.006423616 0.329262823 0.006972679 0.999853373 0.015641056 -1.560714483 0.006315175 -0.015685152 0.999857008 54.416431427
0.999943554 -0.008144360 -0.006834607 0.339587957 0.008266443 0.999803305 0.018028600 -1.603194833 0.006686431 -0.018084081 0.999814093 54.908378601
0.999947727 -0.007940857 -0.006433259 0.211457819 0.008056299 0.999803245 0.018121986 -1.618660569 0.006288090 -0.018172866 0.999815106 55.144996643
0.999948204 -0.007710013 -0.006645099 0.223526925 0.007835291 0.999788046 0.019037645 -1.629284859 0.006496911 -0.019088726 0.999796689 55.679691315
0.999949634 -0.007510843 -0.006674340 0.228100002 0.007635145 0.999794185 0.018797781 -1.640909433 0.006531778 -0.018847791 0.999801040 56.251060486
0.999954104 -0.007588784 -0.005855893 0.230540514 0.007695531 0.999800563 0.018426962 -1.637701988 0.005714888 -0.018471181 0.999813139 56.822563171
0.999949098 -0.007701760 -0.006529607 0.261908531 0.007820024 0.999802172 0.018284174 -1.625856400 0.006387496 -0.018334301 0.999811530 57.350181580
0.999950826 -0.007679807 -0.006278555 0.207188934 0.007796614 0.999792933 0.018796356 -1.651463747 0.006132904 -0.018844381 0.999803662 57.815021515
0.999939382 -0.008817498 -0.006596166 0.274455786 0.008947137 0.999762118 0.019889448 -1.692773223 0.006419222 -0.019947257 0.999780416 58.337493896
0.999940157 -0.008328065 -0.007084536 0.253895879 0.008459250 0.999789476 0.018693348 -1.662643075 0.006927365 -0.018752161 0.999800086 58.833488464
0.999943793 -0.007991462 -0.006957536 0.266312033 0.008115351 0.999805748 0.017964147 -1.667563677 0.006812625 -0.018019600 0.999814391 59.393028259
0.999934733 -0.008152208 -0.007999049 0.296748728 0.008297691 0.999797642 0.018326193 -1.681981564 0.007848032 -0.018391371 0.999799967 59.937339783
0.999928653 -0.008741984 -0.008144680 0.298457146 0.008894745 0.999781549 0.018912403 -1.698077321 0.007977569 -0.018983496 0.999787927 60.480709076
0.999931991 -0.008759737 -0.007697838 0.308759063 0.008902759 0.999784708 0.018745936 -1.692386508 0.007531972 -0.018813191 0.999794602 60.989864349
0.999936163 -0.008515023 -0.007428159 0.303079158 0.008652447 0.999788165 0.018668642 -1.677660465 0.007267623 -0.018731721 0.999798119 61.472358704
0.999939859 -0.008276844 -0.007195752 0.305222631 0.008403548 0.999806941 0.017760096 -1.678316832 0.007047365 -0.017819498 0.999816358 62.020523071
0.999942422 -0.008180853 -0.006948659 0.296499848 0.008303199 0.999807656 0.017764587 -1.682463169 0.006801995 -0.017821260 0.999818027 62.573890686
0.999940813 -0.008238652 -0.007108110 0.319850594 0.008362025 0.999811769 0.017505230 -1.694758654 0.006962554 -0.017563634 0.999821424 63.155651093
0.999941170 -0.007980841 -0.007351212 0.307871461 0.008109409 0.999811709 0.017628742 -1.696412444 0.007209136 -0.017687321 0.999817491 63.665958405
0.999932885 -0.008720058 -0.007625648 0.333422869 0.008859768 0.999789834 0.018483426 -1.702702641 0.007462869 -0.018549748 0.999800026 64.121017456
0.999930084 -0.009185551 -0.007447445 0.322762787 0.009327671 0.999770582 0.019278180 -1.728308558 0.007268659 -0.019346297 0.999786377 64.658164978
0.999933004 -0.009004937 -0.007271316 0.326625168 0.009141169 0.999779046 0.018924849 -1.733451724 0.007099291 -0.018990047 0.999794424 65.209144592
0.999932230 -0.008870903 -0.007544733 0.333517730 0.009014900 0.999773622 0.019270753 -1.741987824 0.007372076 -0.019337460 0.999785841 65.750297546
0.999925077 -0.009436011 -0.007794814 0.348800659 0.009585058 0.999767601 0.019310325 -1.757248521 0.007610790 -0.019383591 0.999783099 66.296684265
0.999914646 -0.010274870 -0.008070523 0.380087137 0.010427455 0.999763191 0.019097658 -1.749483347 0.007872386 -0.019180182 0.999785066 66.826957703
0.999931931 -0.009024067 -0.007387802 0.342382997 0.009167704 0.999764979 0.019644959 -1.765407562 0.007208788 -0.019711355 0.999779642 67.327377319
0.999936879 -0.008527924 -0.007320491 0.354650974 0.008665825 0.999781549 0.019017396 -1.766563892 0.007156713 -0.019079633 0.999792218 67.869010925
0.999934316 -0.008715273 -0.007435172 0.363865376 0.008855402 0.999779820 0.019027019 -1.774059772 0.007267709 -0.019091615 0.999791265 68.410873413
0.999932051 -0.008611390 -0.007860557 0.387043297 0.008763562 0.999770761 0.019534199 -1.788668871 0.007690539 -0.019601760 0.999778330 68.920448303
0.999923944 -0.009478972 -0.007890570 0.397617698 0.009632903 0.999759436 0.019704333 -1.788273096 0.007701893 -0.019778844 0.999774694 69.449188232
0.999931157 -0.009065267 -0.007438406 0.367523968 0.009212403 0.999757707 0.019990714 -1.806697249 0.007255383 -0.020057866 0.999772429 69.934967041
0.999932766 -0.009050012 -0.007252089 0.376344323 0.009191137 0.999764323 0.019668523 -1.814031243 0.007072379 -0.019733854 0.999780178 70.484863281
0.999927759 -0.009112832 -0.007840726 0.389874935 0.009266677 0.999760687 0.019813851 -1.820741534 0.007658289 -0.019885071 0.999772906 71.048301697
0.999924898 -0.009441539 -0.007802696 0.383698463 0.009592250 0.999763668 0.019509153 -1.822247744 0.007616655 -0.019582536 0.999779165 71.601058960
0.999940813 -0.008340818 -0.006983594 0.390126050 0.008474887 0.999776006 0.019393288 -1.823015690 0.006820273 -0.019451324 0.999787509 72.256240845
0.999931693 -0.009340932 -0.007015133 0.390958369 0.009480177 0.999753296 0.020085694 -1.824997902 0.006825785 -0.020150829 0.999773622 72.644859314
0.999937117 -0.008570939 -0.007224860 0.399777710 0.008712439 0.999766290 0.019786818 -1.829865575 0.007053580 -0.019848522 0.999778092 73.186332703
0.999931753 -0.008998140 -0.007459344 0.389741838 0.009145829 0.999757946 0.020007333 -1.834228277 0.007277510 -0.020074189 0.999771953 73.719070435
0.999925554 -0.009488933 -0.007666052 0.434840024 0.009638540 0.999759018 0.019720180 -1.844132304 0.007477080 -0.019792603 0.999776125 74.241035461
0.999937236 -0.008794477 -0.006935736 0.440460563 0.008932560 0.999757349 0.020135917 -1.869830370 0.006756969 -0.020196613 0.999773145 74.672546387
0.999922931 -0.010027066 -0.007317650 0.397459924 0.010170425 0.999751687 0.019823790 -1.832115293 0.007117057 -0.019896684 0.999776721 75.336318970
0.999917865 -0.010143107 -0.007834366 0.408405662 0.010301726 0.999737084 0.020478524 -1.838931680 0.007624589 -0.020557549 0.999759614 75.889900208
0.999920547 -0.009983703 -0.007678251 0.394118190 0.010131861 0.999758422 0.019505270 -1.833251238 0.007481662 -0.019581517 0.999780357 76.474761963
0.999916553 -0.010528612 -0.007483052 0.433637202 0.010675341 0.999746025 0.019846613 -1.825411320 0.007272193 -0.019924840 0.999775052 76.949966431
0.999920309 -0.010471572 -0.007043995 0.374704719 0.010605300 0.999759018 0.019223128 -1.809837222 0.006841002 -0.019296300 0.999790430 77.605361938
0.999938726 -0.008891244 -0.006590158 0.373160660 0.009018741 0.999767721 0.019575706 -1.843530297 0.006414575 -0.019633939 0.999786794 78.126525879
0.999955297 -0.008043204 -0.004960223 0.379217297 0.008139792 0.999771476 0.019769715 -1.843771338 0.004800078 -0.019809207 0.999792278 78.666442871
0.999954879 -0.008751121 -0.003685646 0.383556604 0.008820124 0.999777913 0.019141806 -1.848749399 0.003517316 -0.019173451 0.999810100 79.250549316
0.999956906 -0.008857712 -0.002742829 0.411783278 0.008910048 0.999766350 0.019695697 -1.867003083 0.002567728 -0.019719290 0.999802291 79.798904419
0.999964178 -0.008314116 -0.001596038 0.396304280 0.008345054 0.999755621 0.020468885 -1.877932072 0.001425468 -0.020481469 0.999789238 80.314971924
0.999972105 -0.007344575 0.001377587 0.412996441 0.007315267 0.999769330 0.020192612 -1.886117816 -0.001525574 -0.020181976 0.999795198 80.868080139
0.999959052 -0.007360821 0.005271337 0.431615591 0.007247751 0.999749839 0.021157239 -1.902237058 -0.005425753 -0.021118168 0.999762297 81.441520691
0.999934494 -0.007818574 0.008357822 0.420431346 0.007646594 0.999762297 0.020414602 -1.875992537 -0.008515449 -0.020349354 0.999756694 82.007278442
0.999898493 -0.007673025 0.012007577 0.460606039 0.007429047 0.999767601 0.020233091 -1.882741928 -0.012160038 -0.020141829 0.999723196 82.547843933
0.999801040 -0.007191484 0.018603629 0.467172265 0.006806144 0.999762714 0.020694150 -1.893474698 -0.018748038 -0.020563411 0.999612868 83.094337463
0.999676764 -0.006968173 0.024450315 0.519456983 0.006459138 0.999761939 0.020836702 -1.903956175 -0.024589691 -0.020672038 0.999483943 83.582618713
0.999512315 -0.006927525 0.030446047 0.517654419 0.006291755 0.999761105 0.020928266 -1.905089140 -0.030583758 -0.020726502 0.999317288 84.155708313
0.999215424 -0.006710095 0.039031509 0.523923874 0.005899209 0.999765158 0.020853369 -1.912590146 -0.039162267 -0.020606756 0.999020278 84.796897888
0.998859227 -0.006450951 0.047312316 0.593297243 0.005440513 0.999755085 0.021454530 -1.932086706 -0.047439128 -0.021172658 0.998649657 85.297294617
0.998478711 -0.006464246 0.054758295 0.607393742 0.005304299 0.999759018 0.021301940 -1.915902138 -0.054882802 -0.020979084 0.998272359 85.904846191
0.997951567 -0.007274983 0.063559406 0.662975311 0.005973721 0.999769092 0.020639272 -1.917016387 -0.063694879 -0.020217307 0.997764587 86.496681213
0.997238696 -0.006874093 0.073943868 0.725776196 0.005309889 0.999758482 0.021329749 -1.936267495 -0.074072629 -0.020878218 0.997034311 87.031974792
0.996508837 -0.006975585 0.083195470 0.755703449 0.005244920 0.999765635 0.021002835 -1.918806791 -0.083322495 -0.020493153 0.996311963 87.581130981
0.995858312 -0.006578519 0.090680629 0.880825996 0.004631284 0.999754488 0.021667270 -1.960234642 -0.090800911 -0.021157561 0.995644212 88.167167664
0.994844735 -0.006391365 0.101208568 0.959381580 0.004237902 0.999760330 0.021478204 -1.954522610 -0.101321578 -0.020938566 0.994633317 88.724533081
0.993671298 -0.005274058 0.112202480 1.028279305 0.002801901 0.999750137 0.022179279 -1.961009622 -0.112291418 -0.021724537 0.993437767 89.281044006
0.992501497 -0.004720254 0.122141197 1.110317230 0.001999242 0.999747336 0.022390567 -1.959244132 -0.122216016 -0.021978481 0.992260098 89.872879028
0.991120458 -0.004845855 0.132879317 1.209409714 0.001903934 0.999750495 0.022257930 -1.960039854 -0.132954001 -0.021807294 0.990882218 90.399757385
0.989376605 -0.004512527 0.145305157 1.313051224 0.001207426 0.999738693 0.022826089 -1.984997511 -0.145370200 -0.022408152 0.989123523 90.953155518
0.987598717 -0.004351613 0.156939000 1.333985329 0.000910779 0.999757767 0.021989902 -1.946982265 -0.156996652 -0.021574268 0.987363398 91.687767029
0.986103833 -0.004981585 0.166055843 1.451951981 0.001377728 0.999761164 0.021810817 -1.946206570 -0.166124806 -0.021278948 0.985875130 92.234008789
0.983844876 -0.004852010 0.178957388 1.556889534 0.000837254 0.999746442 0.022502845 -1.956055880 -0.179021209 -0.021989482 0.983599424 92.766380310
0.981570482 -0.004723106 0.191042513 1.691329956 0.000386257 0.999741554 0.022731837 -1.968364000 -0.191100478 -0.022239106 0.981318474 93.306961060
0.979394078 -0.004378491 0.201911241 1.816038132 -0.000179091 0.999745846 0.022548417 -1.971775293 -0.201958612 -0.022119947 0.979144275 93.856987000
0.976649702 -0.005214200 0.214774996 2.026454926 0.000251013 0.999732435 0.023129568 -2.022053242 -0.214838147 -0.022535576 0.976389587 94.374694824
0.973492742 -0.005403177 0.228653982 2.170824051 0.000279547 0.999748290 0.022434248 -1.960193157 -0.228717640 -0.021775659 0.973249257 95.072074890
0.970693886 -0.005493405 0.240256503 2.322874069 0.000133442 0.999750853 0.022319918 -1.963239431 -0.240319267 -0.021633750 0.970452785 95.624015808
0.967602909 -0.005648681 0.252413511 2.498878479 -0.000042708 0.999746084 0.022536712 -1.978843927 -0.252476692 -0.021817371 0.967356980 96.113059998
0.963852823 -0.004411162 0.266398996 2.672042847 -0.001681216 0.999742329 0.022636984 -1.993920088 -0.266430229 -0.022266597 0.963596940 96.681922913
0.960129082 -0.005392291 0.279505044 2.856876373 -0.000879592 0.999750853 0.022308966 -1.974424601 -0.279555678 -0.021665338 0.959885001 97.371940613
0.956955969 -0.006660643 0.290156692 3.048696518 0.000216033 0.999752700 0.022237165 -1.977721691 -0.290233046 -0.021217303 0.956720829 97.890548706
0.952458024 -0.005723572 0.304616123 3.230745316 -0.001067395 0.999754667 0.022122322 -1.977349997 -0.304668069 -0.021395724 0.952218235 98.434562683
0.948050797 -0.005596130 0.318069726 3.453817368 -0.001643491 0.999745786 0.022488205 -1.983521700 -0.318114728 -0.021842707 0.947800517 98.964553833
0.943841517 -0.006140751 0.330341399 3.638935089 -0.001254004 0.999753475 0.022167426 -1.986565828 -0.330396056 -0.021336785 0.943601131 99.497398376
0.939365864 -0.006025167 0.342863590 3.882390976 -0.001908968 0.999738216 0.022798600 -2.002281904 -0.342911214 -0.022070741 0.939108491 100.091087341
0.933991909 -0.005572482 0.357250631 4.105575562 -0.002767284 0.999735534 0.022828866 -2.001006842 -0.357283384 -0.022310590 0.933729529 100.611328125
0.929484367 -0.007118667 0.368792772 4.338399887 -0.001434750 0.999736488 0.022913598 -2.011093855 -0.368858635 -0.021826956 0.929229140 101.126396179
0.924628854 -0.005593334 0.380828410 4.565402985 -0.003309387 0.999736428 0.022718407 -2.017153978 -0.380855083 -0.022266403 0.924366534 101.646881104
0.919043124 -0.006638485 0.394101113 4.820915222 -0.002867040 0.999719143 0.023525828 -2.043129921 -0.394146562 -0.022751156 0.918765962 102.069137573
0.913114786 -0.006722210 0.407647401 5.105743408 -0.003210777 0.999714494 0.023677571 -2.040936232 -0.407690227 -0.022929203 0.912832499 102.731559753
0.908201814 -0.007108994 0.418472171 5.358985901 -0.003077170 0.999715328 0.023661464 -2.043564081 -0.418521225 -0.022777095 0.907921314 103.223831177
0.902537942 -0.008180935 0.430532485 5.622127533 -0.002293254 0.999714077 0.023803877 -2.040682793 -0.430604130 -0.022471225 0.902261138 103.744445801
0.896105170 -0.008424722 0.443761736 5.887638092 -0.002644120 0.999700785 0.024318479 -2.071285248 -0.443833828 -0.022965275 0.895814776 104.188385010
0.889611542 -0.007406367 0.456657857 6.150596619 -0.004174310 0.999694884 0.024345629 -2.077810526 -0.456698835 -0.023564382 0.889309108 104.691886902
0.884010136 -0.008031787 0.467398703 6.413188934 -0.003594807 0.999706089 0.023977976 -2.076498508 -0.467453808 -0.022876984 0.883721411 105.136680603
0.876144350 -0.006527957 0.482004583 6.722370148 -0.004895088 0.999736249 0.022437626 -2.000974417 -0.482023925 -0.022018051 0.875881374 105.812957764
