1.000000000 0.000000000 0.000000000 0.000000000 0.000000000 1.000000000 0.000000000 0.000000000 0.000000000 0.000000000 1.000000000 0.000000000
1.000000000 -0.000028055 0.000108829 -0.000345192 0.000028048 1.000000000 0.000064771 -0.000238774 -0.000108830 -0.000064768 1.000000000 0.000061698
0.999999940 0.000152229 0.000192740 -0.001720520 -0.000152246 1.000000000 0.000089322 0.000734818 -0.000192727 -0.000089352 1.000000000 0.001883428
1.000000000 0.000102240 -0.000014058 0.000564542 -0.000102237 1.000000000 0.000170855 -0.001068260 0.000014075 -0.000170854 1.000000000 -0.000379860
0.999999940 0.000265270 0.000130844 -0.000956753 -0.000265282 0.999999940 0.000091205 0.000024978 -0.000130820 -0.000091240 1.000000000 0.000884694
1.000000000 0.000038478 0.000038131 -0.000344561 -0.000038481 1.000000000 0.000084667 -0.000414254 -0.000038128 -0.000084668 1.000000000 -0.000673788
1.000000000 -0.000070012 0.000152973 -0.001485435 0.000070016 1.000000000 -0.000030287 0.001002816 -0.000152971 0.000030298 1.000000000 0.002064176
1.000000000 -0.000082629 0.000176094 -0.000867331 0.000082605 1.000000000 0.000134251 0.000093038 -0.000176105 -0.000134236 1.000000000 0.001992229
1.000000000 0.000028934 0.000157689 -0.001273692 -0.000028931 1.000000000 -0.000019730 0.000961973 -0.000157690 0.000019726 1.000000000 0.002234461
1.000000000 -0.000020653 0.000199866 -0.000948606 0.000020649 1.000000000 0.000023419 -0.000001987 -0.000199867 -0.000023415 1.000000000 -0.000106569
0.999999940 -0.000077307 0.000234546 -0.001083169 0.000077297 1.000000000 0.000040419 0.001273577 -0.000234549 -0.000040401 1.000000000 0.002547627
1.000000000 -0.000025713 0.000102498 -0.000408659 0.000025704 1.000000000 0.000087061 -0.000106717 -0.000102500 -0.000087058 1.000000000 0.000711222
1.000000000 -0.000018851 0.000185137 -0.001424869 0.000018852 1.000000000 -0.000005118 0.001833515 -0.000185137 0.000005121 1.000000000 0.004222778
0.999999940 -0.000025487 0.000267019 -0.002458632 0.000025449 1.000000000 0.000143394 0.001250943 -0.000267023 -0.000143387 0.999999940 0.004221896
1.000000000 0.000006210 0.000148183 -0.001762056 -0.000006218 1.000000000 0.000052539 0.001137533 -0.000148183 -0.000052540 1.000000000 0.003384802
1.000000000 0.000095416 0.000113060 -0.001487543 -0.000095428 1.000000000 0.000109953 -0.000047342 -0.000113050 -0.000109964 1.000000000 0.002101596
1.000000000 -0.000023199 0.000125895 -0.000423549 0.000023183 1.000000000 0.000123422 -0.001097935 -0.000125898 -0.000123419 1.000000000 -0.001113733
0.999999940 0.000041520 0.000311035 -0.001357607 -0.000041549 1.000000000 0.000094000 0.000038448 -0.000311031 -0.000094013 0.999999940 0.000916022
0.999999940 0.000112175 0.000285924 -0.003039237 -0.000112198 1.000000000 0.000079931 0.000531934 -0.000285915 -0.000079963 0.999999940 0.002930704
1.000000000 0.000115663 0.000183250 -0.002043862 -0.000115681 1.000000000 0.000100484 0.000803310 -0.000183239 -0.000100505 1.000000000 0.003524107
0.999999881 0.000341934 0.000334650 -0.003290925 -0.000341991 0.999999940 0.000171079 0.000676321 -0.000334591 -0.000171193 0.999999940 0.003950736
0.999999881 0.000410491 0.000347493 -0.002966490 -0.000410511 0.999999940 0.000058675 0.000275841 -0.000347469 -0.000058818 0.999999940 0.001480021
1.000000000 0.000033459 0.000223495 -0.002297570 -0.000033471 1.000000000 0.000052427 0.001081813 -0.000223494 -0.000052434 1.000000000 0.002921657
0.999999940 0.000128795 0.000327263 -0.001789654 -0.000128844 1.000000000 0.000147688 -0.000362934 -0.000327244 -0.000147730 0.999999940 0.001804774
0.999999940 0.000039550 0.000298325 -0.002390541 -0.000039557 1.000000000 0.000025851 0.000739944 -0.000298324 -0.000025863 0.999999940 0.000892476
1.000000000 0.000029229 0.000241719 -0.001202003 -0.000029228 1.000000000 -0.000003730 0.001413379 -0.000241720 0.000003723 1.000000000 0.002240974
0.999999940 0.000003408 0.000305271 -0.002009948 -0.000003423 1.000000000 0.000051201 0.000383717 -0.000305271 -0.000051202 0.999999940 0.000841611
1.000000000 0.000030251 0.000212853 -0.000699511 -0.000030259 1.000000000 0.000040040 0.000651668 -0.000212852 -0.000040046 1.000000000 0.001018073
0.999999881 0.000304516 0.000356260 -0.003138146 -0.000304507 0.999999940 -0.000026545 0.001245441 -0.000356268 0.000026436 0.999999940 0.001508498
0.999999940 0.000133178 0.000323434 -0.003689208 -0.000133179 1.000000000 0.000002818 0.002070453 -0.000323434 -0.000002861 0.999999940 0.004105669
0.999999940 0.000171904 0.000327286 -0.002953325 -0.000171932 1.000000000 0.000084106 0.001079606 -0.000327272 -0.000084163 0.999999940 0.003462984
1.000000000 -0.000060035 0.000226549 -0.001259951 0.000060018 1.000000000 0.000075903 0.000425373 -0.000226553 -0.000075890 1.000000000 0.001229966
0.999999940 0.000116124 0.000358680 -0.003605052 -0.000116111 1.000000000 -0.000037749 0.002113360 -0.000358685 0.000037707 0.999999940 0.003846377
0.999999881 0.000179298 0.000438868 -0.002883528 -0.000179270 1.000000000 -0.000063640 0.001921257 -0.000438880 0.000063562 0.999999881 0.003350518
0.999999940 0.000153980 0.000258212 -0.000934507 -0.000154008 1.000000000 0.000108460 -0.000198805 -0.000258195 -0.000108499 0.999999940 0.000282803
0.999999940 0.000139150 0.000374241 -0.002850516 -0.000139117 1.000000000 -0.000088523 0.003241976 -0.000374253 0.000088471 0.999999940 0.005064894
0.999999940 0.000128830 0.000304736 -0.003239257 -0.000128798 1.000000000 -0.000105885 0.004579085 -0.000304750 0.000105846 0.999999940 0.006957857
0.999999940 -0.000089279 0.000271481 -0.001305362 0.000089272 1.000000000 0.000024722 0.001421553 -0.000271483 -0.000024698 0.999999940 0.002620791
0.999999940 0.000123545 0.000289166 -0.002790752 -0.000123566 1.000000000 0.000071189 0.002184383 -0.000289157 -0.000071224 0.999999940 0.005197913
0.999999940 -0.000093273 0.000235141 -0.001161208 0.000093266 1.000000000 0.000029791 0.001556888 -0.000235144 -0.000029769 1.000000000 0.002837626
0.999999881 -0.000021310 0.000458762 -0.002814310 0.000021325 1.000000000 -0.000032557 0.001690589 -0.000458762 0.000032567 0.999999881 0.004685876
0.999999940 -0.000295502 0.000260994 -0.000187365 0.000295704 0.999999642 -0.000770852 0.000989457 -0.000260766 0.000770929 0.999999642 0.055033721
0.999999881 0.000210276 0.000378452 -0.001957197 -0.000209845 0.999999344 -0.001139981 -0.005448868 -0.000378691 0.001139902 0.999999285 0.133335710
1.000000000 0.000142980 0.000100391 0.002835721 -0.000142806 0.999998510 -0.001730977 -0.002155562 -0.000100639 0.001730963 0.999998510 0.256008208
1.000000000 0.000173188 0.000090494 0.004891661 -0.000173072 0.999999166 -0.001283187 -0.010577590 -0.000090716 0.001283171 0.999999166 0.386380732
0.999999940 0.000264876 0.000217987 0.007984195 -0.000264673 0.999999523 -0.000934779 -0.016544480 -0.000218235 0.000934721 0.999999523 0.524877965
0.999999940 0.000339275 0.000095700 0.013460708 -0.000339190 0.999999523 -0.000886317 -0.025120873 -0.000096001 0.000886285 0.999999583 0.668515623
0.999999762 0.000500836 0.000442807 0.015835555 -0.000500412 0.999999404 -0.000956855 -0.023843251 -0.000443286 0.000956633 0.999999464 0.841999471
0.999999881 0.000479403 0.000177012 0.017605517 -0.000479288 0.999999702 -0.000649396 -0.028166851 -0.000177323 0.000649311 0.999999762 1.015576363
1.000000000 -0.000045734 0.000004174 0.022440225 0.000045735 0.999999940 -0.000340610 -0.034569800 -0.000004159 0.000340610 0.999999940 1.190083265
0.999999821 0.000470077 0.000382268 0.017499039 -0.000469841 0.999999702 -0.000617416 -0.035122026 -0.000382558 0.000617236 0.999999762 1.371652246
1.000000000 0.000164961 0.000007878 0.035482369 -0.000164961 1.000000000 0.000051824 -0.051279739 -0.000007870 -0.000051825 1.000000000 1.568477035
0.999999702 0.000584651 0.000462719 0.036237992 -0.000584565 0.999999821 -0.000186588 -0.052489217 -0.000462828 0.000186318 0.999999881 1.759124517
0.999999881 0.000405267 0.000178734 0.037497770 -0.000405163 0.999999762 -0.000578400 -0.048403263 -0.000178968 0.000578327 0.999999821 1.950280070
0.999999642 0.000614111 0.000624982 0.036567684 -0.000613915 0.999999762 -0.000313077 -0.063809454 -0.000625174 0.000312693 0.999999762 2.164606094
0.999999642 0.000855739 0.000053663 0.047743436 -0.000855606 0.999996662 -0.002423408 -0.043590825 -0.000055737 0.002423361 0.999997020 2.385883570
0.999999285 0.001110461 -0.000115913 0.059289541 -0.001110717 0.999996841 -0.002236918 -0.053520866 0.000113429 0.002237045 0.999997497 2.598601341
0.999999166 0.001255096 -0.000032029 0.060034055 -0.001255155 0.999997377 -0.001920033 -0.064358234 0.000029620 0.001920071 0.999998152 2.827011585
0.999999523 0.001028211 -0.000276542 0.067274608 -0.001028665 0.999998152 -0.001645331 -0.071096390 0.000274849 0.001645615 0.999998629 3.065832853
0.999999523 0.000920086 -0.000202620 0.067419484 -0.000920523 0.999997199 -0.002167520 -0.071091346 0.000200625 0.002167706 0.999997616 3.307418823
0.999999344 0.001143586 -0.000002045 0.072680533 -0.001143587 0.999996841 -0.002235677 -0.080019243 -0.000000512 0.002235678 0.999997497 3.542143106
0.999999642 0.000793405 -0.000122279 0.076800846 -0.000793717 0.999996364 -0.002571459 -0.081771031 0.000120239 0.002571556 0.999996662 3.805053711
0.999999523 0.000916812 0.000006860 0.082021974 -0.000916791 0.999996185 -0.002603888 -0.091656476 -0.000009247 0.002603880 0.999996543 4.062655926
0.999999523 0.000928773 -0.000049866 0.084716626 -0.000928868 0.999997675 -0.001935581 -0.100856967 0.000048068 0.001935626 0.999998093 4.320786953
0.999999464 0.000880480 0.000410453 0.083651550 -0.000879633 0.999997497 -0.002061534 -0.106128819 -0.000412267 0.002061172 0.999997795 4.567562103
0.999999166 0.001158865 0.000509866 0.091346458 -0.001157925 0.999997675 -0.001840779 -0.114824042 -0.000511998 0.001840187 0.999998212 4.821641445
0.999999702 0.000593023 0.000408434 0.094638452 -0.000592338 0.999998391 -0.001673786 -0.120527208 -0.000409426 0.001673544 0.999998510 5.097692013
0.999999464 0.000866822 0.000484781 0.097054146 -0.000865900 0.999997854 -0.001898717 -0.126657158 -0.000486426 0.001898297 0.999998093 5.350807667
0.999999702 0.000689562 0.000296352 0.109641910 -0.000688939 0.999997556 -0.002098163 -0.138124362 -0.000297798 0.002097959 0.999997735 5.619547367
0.999999821 0.000641258 0.000127164 0.113794021 -0.000641027 0.999998152 -0.001804639 -0.147775739 -0.000128321 0.001804557 0.999998331 5.885439873
0.999999762 0.000595350 0.000211770 0.121912219 -0.000594974 0.999998271 -0.001774992 -0.156979233 -0.000212826 0.001774866 0.999998391 6.166220665
0.999999344 0.001186313 0.000142254 0.126475096 -0.001186055 0.999997735 -0.001795454 -0.166305050 -0.000144384 0.001795285 0.999998331 6.442696571
0.999999404 0.001024298 0.000294271 0.129211321 -0.001023715 0.999997556 -0.001973500 -0.175270900 -0.000296292 0.001973197 0.999998033 6.713793278
0.999998748 0.001495590 0.000540839 0.131779626 -0.001494507 0.999996960 -0.001996675 -0.182958066 -0.000543824 0.001995864 0.999997914 7.014250278
0.999999166 0.001248947 0.000300413 0.143015116 -0.001248380 0.999997437 -0.001880335 -0.191253662 -0.000302760 0.001879959 0.999998152 7.310160637
0.999998748 0.001402076 0.000745443 0.141174704 -0.001400213 0.999995947 -0.002494174 -0.196091622 -0.000748937 0.002493127 0.999996662 7.621177197
0.999998510 0.001622813 0.000610719 0.152110949 -0.001621491 0.999996424 -0.002159744 -0.205688521 -0.000614222 0.002158750 0.999997497 7.920171738
0.999999225 0.001009104 0.000649526 0.156732395 -0.001007948 0.999997914 -0.001777460 -0.223758772 -0.000651318 0.001776804 0.999998212 8.243677139
0.999999046 0.001129603 0.000773237 0.165513411 -0.001128189 0.999997735 -0.001826207 -0.235577196 -0.000775298 0.001825333 0.999998033 8.567828178
0.999998450 0.001053298 0.001352221 0.164413318 -0.001050471 0.999997318 -0.002089944 -0.239282638 -0.001354418 0.002088521 0.999996901 8.913299561
0.999998927 0.000966239 0.001062596 0.174378499 -0.000964043 0.999997437 -0.002064846 -0.252565920 -0.001064588 0.002063820 0.999997318 9.243885994
0.999998868 0.001106337 0.001044202 0.175829023 -0.001104346 0.999997556 -0.001904865 -0.256012887 -0.001046307 0.001903709 0.999997616 9.590646744
0.999999464 0.000637911 0.000817895 0.183563635 -0.000636749 0.999998808 -0.001418894 -0.280685276 -0.000818800 0.001418372 0.999998629 9.923591614
0.999999106 0.001012197 0.000870743 0.192227840 -0.001011082 0.999998689 -0.001279797 -0.293245435 -0.000872037 0.001278915 0.999998808 10.278339386
0.999999404 0.000344111 0.001004674 0.202461287 -0.000343686 0.999999881 -0.000423435 -0.309631169 -0.001004820 0.000423089 0.999999344 10.623185158
0.999999702 0.000188971 0.000775681 0.214442104 -0.000188260 0.999999583 -0.000916821 -0.316551834 -0.000775854 0.000916675 0.999999285 10.995794296
0.999998569 0.000895050 0.001415135 0.206120819 -0.000892707 0.999998152 -0.001655906 -0.323535293 -0.001416615 0.001654640 0.999997616 11.380200386
0.999998569 0.000869002 0.001414265 0.218593210 -0.000867377 0.999998868 -0.001149244 -0.335579991 -0.001415263 0.001148015 0.999998331 11.754707336
0.999998987 0.000641025 0.001268020 0.227595016 -0.000639160 0.999998689 -0.001470782 -0.348053247 -0.001268961 0.001469970 0.999998093 12.141966820
0.999998987 0.000274028 0.001342096 0.237692848 -0.000271947 0.999998748 -0.001550958 -0.360676378 -0.001342520 0.001550592 0.999997914 12.533159256
0.999998689 0.000235300 0.001547651 0.241767079 -0.000233008 0.999998808 -0.001481316 -0.370354742 -0.001547998 0.001480954 0.999997735 12.932590485
0.999998748 0.000732853 0.001388708 0.247433737 -0.000730469 0.999998271 -0.001716276 -0.379048944 -0.001389964 0.001715259 0.999997556 13.348455429
0.999997914 0.000611644 0.001937355 0.256268054 -0.000609336 0.999999046 -0.001191497 -0.393105119 -0.001938082 0.001190314 0.999997437 13.756472588
0.999996662 0.001164378 0.002308319 0.260684937 -0.001160859 0.999998152 -0.001525662 -0.402968764 -0.002310092 0.001522977 0.999996126 14.169376373
0.999995887 0.000859699 0.002737843 0.274151236 -0.000855946 0.999998689 -0.001371862 -0.418464959 -0.002739019 0.001369513 0.999995291 14.584889412
0.999996245 0.000671279 0.002681560 0.283799648 -0.000667575 0.999998808 -0.001381745 -0.429214746 -0.002682485 0.001379950 0.999995410 15.020504951
0.999996603 0.000509340 0.002554109 0.295238197 -0.000505497 0.999998748 -0.001505242 -0.443987191 -0.002554872 0.001503946 0.999995589 15.445152283
0.999995172 0.000575928 0.003042955 0.303730041 -0.000571243 0.999998629 -0.001540235 -0.456117690 -0.003043838 0.001538489 0.999994099 15.886928558
0.999995410 0.000446538 0.003034245 0.315209031 -0.000441984 0.999998748 -0.001501482 -0.467880458 -0.003034911 0.001500134 0.999994278 16.335742950
0.999993443 0.000912582 0.003508522 0.324001998 -0.000907283 0.999998450 -0.001511669 -0.483025968 -0.003509897 0.001508476 0.999992728 16.783317566
0.999992609 0.000716395 0.003783339 0.334301353 -0.000711144 0.999998808 -0.001389091 -0.497109652 -0.003784328 0.001386390 0.999991894 17.237396240
0.999992430 0.000615435 0.003831805 0.345870256 -0.000610804 0.999999046 -0.001209648 -0.509586394 -0.003832546 0.001207298 0.999991953 17.702230453
0.999989927 0.001155404 0.004351129 0.352448285 -0.001148975 0.999998331 -0.001479757 -0.518998384 -0.004352831 0.001474742 0.999989510 18.174219131
0.999990880 0.000626506 0.004227233 0.372967780 -0.000621430 0.999999046 -0.001201977 -0.534639716 -0.004227983 0.001199339 0.999990344 18.634887695
0.999989569 0.000760977 0.004513407 0.382815808 -0.000755137 0.999998868 -0.001295580 -0.545516014 -0.004514387 0.001292158 0.999988973 19.110958099
0.999986529 0.000681711 0.005138217 0.391653806 -0.000672672 0.999998271 -0.001760825 -0.552817345 -0.005139407 0.001757346 0.999985218 19.601621628
0.999988496 0.000832784 0.004728459 0.400540113 -0.000823571 0.999997735 -0.001950089 -0.566689432 -0.004730072 0.001946172 0.999986947 20.088279724
0.999986649 0.001541151 0.004943555 0.410617232 -0.001530797 0.999996603 -0.002097464 -0.579013586 -0.004946771 0.002089869 0.999985635 20.584215164
0.999988317 0.001726885 0.004501773 0.426264048 -0.001719447 0.999997139 -0.001655662 -0.594149053 -0.004504619 0.001647902 0.999988496 21.085662842
0.999991775 0.001154718 0.003912338 0.437706381 -0.001149061 0.999998271 -0.001447852 -0.619144261 -0.003914004 0.001443345 0.999991238 21.592493057
0.999990523 0.001610075 0.004033323 0.445229948 -0.001604516 0.999997735 -0.001381155 -0.636955798 -0.004035537 0.001374670 0.999990940 22.100303650
0.999994397 0.001097957 0.003163203 0.461267561 -0.001094397 0.999998748 -0.001127182 -0.652846932 -0.003164438 0.001123714 0.999994278 22.607603073
0.999995947 0.000800646 0.002704394 0.474716306 -0.000797471 0.999998987 -0.001174698 -0.670513153 -0.002705331 0.001172536 0.999995589 23.124786377
0.999996066 0.000752282 0.002695357 0.482021183 -0.000748809 0.999998868 -0.001289471 -0.688127398 -0.002696325 0.001287448 0.999995470 23.647953033
0.999998450 0.000386576 0.001678864 0.491105109 -0.000384368 0.999999046 -0.001315541 -0.709062040 -0.001679371 0.001314893 0.999997735 24.180892944
0.999998868 0.000851587 0.001212390 0.501915753 -0.000850131 0.999998987 -0.001201600 -0.722749770 -0.001213411 0.001200568 0.999998569 24.716615677
0.999998510 0.001733438 0.000101622 0.516806245 -0.001733334 0.999997973 -0.001018221 -0.741282701 -0.000103386 0.001018043 0.999999464 25.261671066
0.999998093 0.001931804 -0.000417658 0.529853880 -0.001932276 0.999997497 -0.001134265 -0.756161511 0.000415466 0.001135070 0.999999285 25.795841217
0.999999166 0.000810686 -0.001080756 0.548099995 -0.000811272 0.999999523 -0.000541116 -0.776314139 0.001080317 0.000541992 0.999999285 26.350286484
0.999998808 0.001206297 -0.000987691 0.537690461 -0.001206418 0.999999404 -0.000122373 -0.789413929 0.000987543 0.000123565 0.999999523 26.904455185
0.999999166 0.000974079 -0.000909831 0.546406984 -0.000974181 0.999999523 -0.000111841 -0.808553934 0.000909722 0.000112727 0.999999583 27.451066971
0.999997079 0.002112480 -0.001223381 0.553384900 -0.002113195 0.999997556 -0.000583746 -0.822230160 0.001222145 0.000586329 0.999999106 28.009817123
0.999996126 0.002337730 -0.001508402 0.553954303 -0.002337997 0.999997258 -0.000175392 -0.837670088 0.001507988 0.000178918 0.999998868 28.543735504
0.999996185 0.002387079 -0.001341337 0.560115457 -0.002387571 0.999997079 -0.000365851 -0.850279689 0.001340460 0.000369052 0.999999106 29.093580246
0.999995291 0.002230234 -0.002116525 0.571401834 -0.002229841 0.999997497 0.000187880 -0.873465657 0.002116939 -0.000183160 0.999997675 29.646270752
0.999994338 0.002291235 -0.002430380 0.576079011 -0.002291071 0.999997377 0.000070070 -0.883115470 0.002430534 -0.000064502 0.999997020 30.193191528
0.999994099 0.002415619 -0.002405055 0.588666618 -0.002414851 0.999997079 0.000322000 -0.905712843 0.002405826 -0.000316191 0.999997020 30.733968735
0.999992192 0.002539881 -0.003033102 0.597046733 -0.002539768 0.999996781 0.000041088 -0.917646885 0.003033197 -0.000033385 0.999995351 31.283597946
0.999990463 0.002519689 -0.003572156 0.607867837 -0.002519337 0.999996841 0.000102897 -0.930485070 0.003572404 -0.000093896 0.999993622 31.836996078
0.999988794 0.002214970 -0.004183981 0.624605417 -0.002212767 0.999997377 0.000531124 -0.952014327 0.004185146 -0.000521859 0.999991119 32.379756927
0.999988973 0.002489896 -0.003974799 0.624253094 -0.002489800 0.999996901 0.000028985 -0.957104981 0.003974860 -0.000019088 0.999992013 32.923774719
0.999985218 0.003056620 -0.004488401 0.635373771 -0.003057806 0.999995232 -0.000257301 -0.979074657 0.004487593 0.000271022 0.999989867 33.459018707
0.999987185 0.002644805 -0.004323409 0.640931666 -0.002645359 0.999996483 -0.000122630 -0.985552251 0.004323069 0.000134065 0.999990642 34.023632050
0.999987543 0.002256802 -0.004447618 0.645755112 -0.002257464 0.999997437 -0.000143859 -1.002821445 0.004447281 0.000153898 0.999990106 34.569164276
0.999987304 0.002342792 -0.004458519 0.652936220 -0.002343166 0.999997258 -0.000078475 -1.017192364 0.004458323 0.000088921 0.999990046 35.117820740
0.999988735 0.002619416 -0.003945739 0.655950665 -0.002621030 0.999996543 -0.000403948 -1.031955957 0.003944668 0.000414285 0.999992132 35.661972046
0.999985993 0.003051003 -0.004311563 0.672949672 -0.003048161 0.999995112 0.000665776 -1.064655066 0.004313574 -0.000652624 0.999990463 36.184040070
0.999983668 0.002742128 -0.005014168 0.678468108 -0.002743482 0.999996126 -0.000263262 -1.063052535 0.005013427 0.000277014 0.999987423 36.763786316
0.999984264 0.003291383 -0.004550211 0.683575690 -0.003292436 0.999994516 -0.000224025 -1.077668309 0.004549449 0.000239003 0.999989629 37.308403015
0.999983668 0.003046664 -0.004838872 0.687298119 -0.003050236 0.999995112 -0.000730892 -1.090608954 0.004836621 0.000745640 0.999988079 37.861194611
0.999984264 0.002312173 -0.005109051 0.693586230 -0.002312415 0.999997318 -0.000041515 -1.117563009 0.005108941 0.000053329 0.999986947 38.408123016
0.999983013 0.002370501 -0.005327801 0.700101376 -0.002370611 0.999997199 -0.000014381 -1.132432699 0.005327751 0.000027011 0.999985814 38.955337524
0.999983668 0.002543879 -0.005125305 0.709418058 -0.002545043 0.999996781 -0.000220618 -1.147026539 0.005124727 0.000233659 0.999986768 39.500247955
0.999982655 0.002130430 -0.005497268 0.726789176 -0.002129231 0.999997735 0.000223819 -1.167920351 0.005497732 -0.000212110 0.999984860 40.035652161
0.999979377 0.002232615 -0.006021902 0.740909398 -0.002231675 0.999997616 0.000162864 -1.180324197 0.006022251 -0.000149421 0.999981880 40.621959686
0.999980271 0.002387827 -0.005819372 0.748768032 -0.002388953 0.999997139 -0.000186601 -1.192479253 0.005818909 0.000200499 0.999983072 41.169570923
0.999976397 0.002237774 -0.006495772 0.761844397 -0.002235746 0.999997497 0.000319356 -1.209646821 0.006496469 -0.000304826 0.999978960 41.713413239
0.999976397 0.002113350 -0.006528688 0.762848258 -0.002112625 0.999997735 0.000117981 -1.218980670 0.006528923 -0.000104186 0.999978662 42.237945557
0.999974549 0.002494111 -0.006685433 0.778065860 -0.002493705 0.999996901 0.000069028 -1.240327358 0.006685584 -0.000052354 0.999977648 42.831607819
0.999973655 0.002766769 -0.006706980 0.787070096 -0.002762346 0.999996006 0.000668578 -1.259554863 0.006708803 -0.000650034 0.999977291 43.376373291
0.999974906 0.003412818 -0.006208179 0.793208599 -0.003410457 0.999994159 0.000390615 -1.273259044 0.006209475 -0.000369432 0.999980688 43.932533264
0.999975622 0.002251175 -0.006597675 0.789255440 -0.002248768 0.999997318 0.000372315 -1.283983588 0.006598496 -0.000357469 0.999978185 44.475597382
0.999974489 0.002840489 -0.006557062 0.798739314 -0.002839039 0.999995947 0.000230539 -1.296588182 0.006557690 -0.000211917 0.999978483 45.023750305
0.999978125 0.003532402 -0.005590544 0.797700644 -0.003530915 0.999993742 0.000275734 -1.304355502 0.005591482 -0.000255988 0.999984384 45.576374054
0.999977052 0.002419914 -0.006324340 0.808574975 -0.002417083 0.999996960 0.000455218 -1.328739285 0.006325423 -0.000439921 0.999979913 46.126483917
0.999975383 0.001735943 -0.006800353 0.823332548 -0.001734500 0.999998510 0.000218056 -1.344056726 0.006800720 -0.000206256 0.999976873 46.664329529
0.999973714 0.002789807 -0.006694313 0.832878947 -0.002786953 0.999996006 0.000435479 -1.358813405 0.006695502 -0.000416811 0.999977529 47.192829132
0.999974668 0.001634358 -0.006922894 0.828513384 -0.001634549 0.999998689 -0.000021854 -1.365935683 0.006922848 0.000033169 0.999976039 47.778854370
0.999974430 0.002120838 -0.006837460 0.834875941 -0.002119711 0.999997795 0.000172060 -1.385871530 0.006837809 -0.000157563 0.999976635 48.331535339
0.999973774 0.001576835 -0.007077661 0.847290277 -0.001577685 0.999998748 -0.000114485 -1.393767715 0.007077472 0.000125648 0.999974966 48.871116638
0.999977171 0.001689884 -0.006544331 0.837668896 -0.001688645 0.999998569 0.000194630 -1.412329316 0.006544650 -0.000183574 0.999978542 49.420207977
0.999977171 0.001951647 -0.006470136 0.846227169 -0.001950937 0.999998093 0.000116139 -1.429052114 0.006470350 -0.000103514 0.999979019 49.972713470
0.999976158 0.001822958 -0.006651201 0.860075653 -0.001821789 0.999998331 0.000181830 -1.441248894 0.006651521 -0.000169709 0.999977827 50.529800415
0.999975920 0.001488675 -0.006777701 0.861174822 -0.001489509 0.999998808 -0.000118155 -1.457952023 0.006777518 0.000128247 0.999977052 51.079273224
0.999977589 0.001553026 -0.006502544 0.868032694 -0.001550491 0.999998689 0.000394896 -1.477011800 0.006503148 -0.000384805 0.999978840 51.641693115
0.999975026 0.001589621 -0.006878479 0.880226851 -0.001587535 0.999998689 0.000308738 -1.491153002 0.006878960 -0.000297811 0.999976337 52.184696198
0.999972939 0.001334721 -0.007251927 0.888350487 -0.001335487 0.999999106 -0.000100761 -1.508324981 0.007251788 0.000110443 0.999973655 52.725814819
0.999979734 0.000708223 -0.006321799 0.887288690 -0.000709909 0.999999702 -0.000264512 -1.521930695 0.006321609 0.000268994 0.999980032 53.266712189
0.999973238 0.001317226 -0.007197509 0.901587486 -0.001316558 0.999999106 0.000097506 -1.539597154 0.007197632 -0.000088028 0.999974012 53.815319061
0.999976397 0.001668506 -0.006671329 0.908338666 -0.001667723 0.999998629 0.000122863 -1.555440426 0.006671524 -0.000111734 0.999977648 54.364360809
0.999975145 0.001551431 -0.006894511 0.909131050 -0.001552327 0.999998808 -0.000124528 -1.567415476 0.006894310 0.000135227 0.999976218 54.914031982
0.999974310 0.001850634 -0.006926731 0.910660923 -0.001850779 0.999998331 -0.000014524 -1.584654570 0.006926693 0.000027343 0.999975979 55.464466095
0.999973536 0.001704922 -0.007076729 0.926573634 -0.001704710 0.999998569 0.000036008 -1.599171519 0.007076780 -0.000023943 0.999974906 55.993869781
0.999971688 0.001430126 -0.007378920 0.930595040 -0.001431631 0.999998868 -0.000198668 -1.610131264 0.007378628 0.000209226 0.999972761 56.546501160
0.999970853 0.002419322 -0.007233964 0.959144592 -0.002413088 0.999996662 0.000870458 -1.647883773 0.007236045 -0.000852977 0.999973476 57.058990479
0.999973536 0.001875233 -0.007029558 0.945433795 -0.001875614 0.999998152 -0.000047368 -1.640596271 0.007029457 0.000060551 0.999975264 57.647109985
0.999972761 0.001412274 -0.007240491 0.951955557 -0.001412654 0.999998987 -0.000047231 -1.657962561 0.007240416 0.000057458 0.999973774 58.197364807
0.999973357 0.001451548 -0.007146059 0.963636100 -0.001452273 0.999998927 -0.000096325 -1.673133492 0.007145911 0.000106700 0.999974430 58.733486176
0.999974191 0.001799080 -0.006947519 0.963129401 -0.001803092 0.999998212 -0.000571168 -1.680578709 0.006946479 0.000583680 0.999975681 59.279571533
0.999972939 0.001428127 -0.007217365 0.975206614 -0.001436155 0.999998391 -0.001107200 -1.695963144 0.007215772 0.001117535 0.999973297 59.822395325
0.999975443 0.001956689 -0.006736541 0.976821065 -0.001959849 0.999997914 -0.000462505 -1.711343646 0.006735622 0.000475697 0.999977231 60.384799957
0.999971926 0.002302088 -0.007121601 0.984805167 -0.002307669 0.999997020 -0.000775586 -1.725271106 0.007119794 0.000791999 0.999974370 60.913749695
0.999975860 0.002714577 -0.006398609 0.990439773 -0.002718904 0.999996006 -0.000667580 -1.743818521 0.006396772 0.000684961 0.999979317 61.465133667
0.999972701 0.002106621 -0.007077490 1.002080917 -0.002113861 0.999997258 -0.001015678 -1.753261685 0.007075330 0.001030611 0.999974430 62.015766144
0.999971330 0.002142127 -0.007264599 1.004302144 -0.002150542 0.999997020 -0.001150805 -1.769223571 0.007262112 0.001166395 0.999972939 62.545669556
0.999972641 0.002200096 -0.007067409 1.010864377 -0.002206903 0.999997139 -0.000955588 -1.789576054 0.007065286 0.000971159 0.999974549 63.095634460
0.999975324 0.002508334 -0.006564649 1.009607553 -0.002508496 0.999996841 -0.000016527 -1.809699655 0.006564586 0.000032994 0.999978423 63.642501831
0.999971092 0.002405112 -0.007214744 1.020366669 -0.002411066 0.999996781 -0.000816644 -1.815403223 0.007212757 0.000834016 0.999973655 64.178451538
0.999973476 0.002530058 -0.006834400 1.019130349 -0.002536351 0.999996364 -0.000912390 -1.830831409 0.006832068 0.000929700 0.999976218 64.727508545
0.999972641 0.002795542 -0.006843517 1.028875113 -0.002799448 0.999995947 -0.000561354 -1.843293428 0.006841919 0.000580497 0.999976397 65.274337769
0.999971926 0.003329644 -0.006711015 1.026759028 -0.003334305 0.999994278 -0.000683390 -1.859437585 0.006708701 0.000705747 0.999977291 65.802024841
0.999970317 0.002567184 -0.007266255 1.045916915 -0.002572937 0.999996364 -0.000782438 -1.876578093 0.007264220 0.000801111 0.999973297 66.349128723
0.999970257 0.002764163 -0.007210088 1.051097631 -0.002769938 0.999995768 -0.000790946 -1.889766455 0.007207872 0.000810894 0.999973714 66.900810242
0.999969721 0.002947191 -0.007209079 1.061133146 -0.002950388 0.999995530 -0.000432825 -1.912688851 0.007207771 0.000454082 0.999973953 67.454666138
0.999967635 0.002714639 -0.007575865 1.069427967 -0.002719245 0.999996066 -0.000597826 -1.928670645 0.007574213 0.000618407 0.999971151 67.986907959
0.999968588 0.003147181 -0.007276963 1.078934073 -0.003147182 0.999995053 0.000011396 -1.950845122 0.007276963 0.000011506 0.999973536 68.520874023
0.999967933 0.003230028 -0.007330819 1.087334871 -0.003234037 0.999994695 -0.000535087 -1.965914011 0.007329051 0.000558778 0.999973059 69.065475464
0.999970496 0.002986447 -0.007079840 1.076011062 -0.002988968 0.999995470 -0.000345543 -1.983887672 0.007078776 0.000366694 0.999974906 69.630416870
0.999972165 0.003083197 -0.006806590 1.084171653 -0.003090243 0.999994695 -0.001024993 -1.991771698 0.006803393 0.001045998 0.999976397 70.181587219
0.999972999 0.003185586 -0.006635721 1.090973377 -0.003189963 0.999994636 -0.000649141 -2.014836073 0.006633619 0.000670291 0.999977767 70.722908020
0.999972224 0.002873419 -0.006873930 1.093074560 -0.002882342 0.999994993 -0.001288664 -2.016308069 0.006870192 0.001308441 0.999975562 71.287193298
0.999968946 0.003115956 -0.007231646 1.109396815 -0.003123319 0.999994576 -0.001007136 -2.036518097 0.007228468 0.001029692 0.999973357 71.833984375
0.999968529 0.003476363 -0.007119291 1.114476085 -0.003480480 0.999993742 -0.000565964 -2.056367397 0.007117278 0.000590724 0.999974489 72.384231567
0.999971509 0.003582595 -0.006663279 1.111037254 -0.003588216 0.999993205 -0.000831623 -2.073796272 0.006660255 0.000855508 0.999977469 72.929443359
0.999972463 0.003361394 -0.006628706 1.121478915 -0.003363499 0.999994338 -0.000306335 -2.096646070 0.006627639 0.000328622 0.999978006 73.474357605
0.999973118 0.003201727 -0.006594147 1.124265671 -0.003203603 0.999994814 -0.000273862 -2.109390259 0.006593236 0.000294979 0.999978244 74.033180237
0.999972999 0.003485867 -0.006472593 1.127400637 -0.003490558 0.999993682 -0.000713350 -2.120237350 0.006470065 0.000735924 0.999978781 74.561393738
0.999973238 0.003268223 -0.006546251 1.138523221 -0.003270752 0.999994576 -0.000375431 -2.137556791 0.006544990 0.000396832 0.999978483 75.101829529
0.999968767 0.004177723 -0.006703607 1.145479679 -0.004176076 0.999991238 0.000259740 -2.162473440 0.006704634 -0.000231737 0.999977469 75.643577576
0.999973834 0.002881136 -0.006633896 1.153318882 -0.002885004 0.999995649 -0.000573566 -2.170034409 0.006632215 0.000592690 0.999977827 76.196800232
0.999969900 0.003609551 -0.006869513 1.160002708 -0.003612106 0.999993324 -0.000359464 -2.185543060 0.006868171 0.000384267 0.999976337 76.746536255
0.999972761 0.002697162 -0.006862713 1.168190241 -0.002701108 0.999996185 -0.000565758 -2.202502012 0.006861160 0.000584279 0.999976218 77.291900635
0.999971032 0.002474239 -0.007188872 1.177971601 -0.002479778 0.999996603 -0.000761667 -2.215481758 0.007186963 0.000779472 0.999973893 77.838653564
0.999972045 0.002551832 -0.007018577 1.182042837 -0.002555629 0.999996543 -0.000532124 -2.230021715 0.007017195 0.000550045 0.999975204 78.377944946
0.999971867 0.002869482 -0.006929778 1.191626906 -0.002877235 0.999995232 -0.001109136 -2.242868423 0.006926562 0.001129043 0.999975324 78.924407959
0.999973953 0.002871177 -0.006642018 1.194956779 -0.002874448 0.999995768 -0.000482876 -2.262294531 0.006640603 0.000501956 0.999977827 79.479438782
0.999972224 0.003649248 -0.006520726 1.197933078 -0.003652764 0.999993205 -0.000527411 -2.275200129 0.006518757 0.000551215 0.999978602 80.029205322
0.999972880 0.003056041 -0.006696492 1.209627390 -0.003060884 0.999995053 -0.000713032 -2.293432474 0.006694281 0.000733510 0.999977350 80.574768066
0.999979496 0.003118142 -0.005593456 1.216572404 -0.003121042 0.999994934 -0.000509903 -2.310081244 0.005591837 0.000527350 0.999984205 81.127548218
0.999984741 0.003198532 -0.004520532 1.225959301 -0.003199236 0.999994814 -0.000148202 -2.327031136 0.004520036 0.000162662 0.999989748 81.673126221
0.999988735 0.003399637 -0.003343322 1.237541914 -0.003400680 0.999994159 -0.000306014 -2.347133875 0.003342263 0.000317380 0.999994338 82.200462341
0.999992967 0.003282641 -0.001824680 1.247622252 -0.003283202 0.999994576 -0.000304501 -2.361334085 0.001823671 0.000310490 0.999998271 82.749282837
0.999991715 0.003913986 0.001132309 1.265811324 -0.003913445 0.999992192 -0.000478426 -2.375112534 -0.001134173 0.000473991 0.999999225 83.301673889
0.999982715 0.003772794 0.004509738 1.288009286 -0.003771360 0.999992847 -0.000326333 -2.382904530 -0.004510936 0.000309319 0.999989748 83.812599182
0.999957323 0.003420579 0.008579959 1.285763264 -0.003416528 0.999994040 -0.000486705 -2.408241987 -0.008581572 0.000457370 0.999963045 84.387115479
0.999902785 0.002914373 0.013633549 1.311105728 -0.002912096 0.999995828 -0.000186837 -2.430396318 -0.013634035 0.000147116 0.999907017 84.933647156
0.999828398 0.002838685 0.018302370 1.346239686 -0.002829220 0.999995828 -0.000542998 -2.443758488 -0.018303838 0.000491123 0.999832273 85.479095459
0.999699056 0.002593590 0.024394801 1.370581150 -0.002583671 0.999996543 -0.000438116 -2.465852976 -0.024395859 0.000374956 0.999702334 86.030479431
0.999554694 0.002317670 0.029749405 1.409099936 -0.002318276 0.999997318 -0.000014109 -2.484127522 -0.029749356 -0.000054864 0.999557436 86.574157715
0.999255478 0.002613079 0.038492922 1.427756310 -0.002606896 0.999996603 -0.000210825 -2.498056889 -0.038493346 0.000110321 0.999258816 87.130050659
0.998900056 0.002687653 0.046814032 1.471917629 -0.002671162 0.999996305 -0.000414846 -2.511165380 -0.046814978 0.000289341 0.998903513 87.686447144
0.998538911 0.002745465 0.053967271 1.510389328 -0.002741995 0.999996245 -0.000138337 -2.531192064 -0.053967439 -0.000009843 0.998542786 88.225051880
0.998016357 0.002096067 0.062921092 1.568073750 -0.002074738 0.999997795 -0.000404307 -2.541973829 -0.062921792 0.000272960 0.998018444 88.770271301
0.997339547 0.002399682 0.072856195 1.627695560 -0.002367510 0.999997079 -0.000527932 -2.553153992 -0.072857246 0.000354040 0.997342288 89.302894592
0.996664643 0.001947267 0.081583358 1.683008194 -0.001914685 0.999998033 -0.000477597 -2.573332548 -0.081584133 0.000319797 0.996666372 89.877883911
0.995974779 0.001539207 0.089621380 1.751540661 -0.001496657 0.999998689 -0.000541971 -2.587519884 -0.089622110 0.000405657 0.995975733 90.427368164
0.994926393 0.001904542 0.100587361 1.819921017 -0.001862927 0.999998152 -0.000507656 -2.604799032 -0.100588143 0.000317694 0.994928122 90.978340149
0.993751824 0.002428542 0.111586094 1.891262054 -0.002399675 0.999997020 -0.000393003 -2.622162104 -0.111586720 0.000122777 0.993754685 91.514900208
0.992752969 0.001480999 0.120164528 1.983578682 -0.001427280 0.999998808 -0.000533107 -2.636164904 -0.120165184 0.000357735 0.992753863 92.046928406
0.991274714 0.001972047 0.131796718 2.070095062 -0.001927369 0.999997973 -0.000466560 -2.645170689 -0.131797418 0.000208469 0.991276562 92.638229370
0.989664793 0.001287977 0.143394202 2.173947334 -0.001225546 0.999999106 -0.000523707 -2.663592815 -0.143394798 0.000342558 0.989665449 93.166374207
0.988040507 0.001121190 0.154190257 2.281012535 -0.001095818 0.999999285 -0.000249541 -2.683250904 -0.154190451 0.000077592 0.988041162 93.712806702
0.986320257 0.001128494 0.164836660 2.390326500 -0.001077118 0.999999344 -0.000401062 -2.695449591 -0.164837047 0.000218027 0.986320734 94.266990662
0.984122992 0.000804841 0.177485868 2.512456894 -0.000745338 0.999999642 -0.000401926 -2.709605932 -0.177486122 0.000263257 0.984123230 94.789978027
0.981772423 0.000101860 0.190060437 2.641088486 -0.000044512 1.000000000 -0.000306004 -2.726225138 -0.190060437 0.000291967 0.981772244 95.318817139
0.979594231 0.000654003 0.200984269 2.751224518 -0.000686997 0.999999762 0.000094417 -2.742725849 -0.200984165 -0.000230566 0.979594469 95.885215759
0.976934731 0.000234934 0.213537961 2.897100449 -0.000235378 0.999999940 -0.000023342 -2.760425806 -0.213537961 -0.000027458 0.976934731 96.409645081
0.973954737 0.000047468 0.226742730 3.047277451 -0.000087945 1.000000000 0.000168412 -2.773383141 -0.226742700 -0.000183966 0.973954678 96.942138672
0.971290171 -0.000422888 0.237897649 3.197429657 0.000321858 0.999999821 0.000463518 -2.796312094 -0.237897784 -0.000373641 0.971290231 97.480606079
0.968318582 -0.000894519 0.249716759 3.359622955 0.000715330 0.999999344 0.000808320 -2.817847490 -0.249717355 -0.000604082 0.968318582 98.003097534
0.964792669 -0.000935415 0.263010085 3.535711288 0.000761644 0.999999404 0.000762654 -2.834092140 -0.263010651 -0.000535483 0.964792848 98.513481140
0.960960090 -0.000440697 0.276686639 3.688825607 0.000389158 0.999999821 0.000241180 -2.838332891 -0.276686668 -0.000124089 0.960960150 99.074905396
0.957802773 -0.001303956 0.287423313 3.868959427 0.001215471 0.999999166 0.000486299 -2.854115486 -0.287423730 -0.000116424 0.957803488 99.587768555
0.953596592 -0.001363872 0.301084191 4.065759659 0.001247933 0.999998987 0.000577399 -2.864024401 -0.301084757 -0.000174873 0.953597426 100.110702515
0.949204028 -0.001592059 0.314657331 4.251892090 0.001399159 0.999998629 0.000838913 -2.886780500 -0.314658225 -0.000356044 0.949204981 100.644866943
0.945379555 -0.002077945 0.325965196 4.452211380 0.001994702 0.999997854 0.000589600 -2.894125223 -0.325965703 0.000092808 0.945381582 101.162551880
0.940635920 -0.002811353 0.339405596 4.649696350 0.002785885 0.999995947 0.000562272 -2.915801287 -0.339405775 0.000416652 0.940639973 101.668380737
0.935438097 -0.003207595 0.353475988 4.868709564 0.003097165 0.999994814 0.000878058 -2.932930946 -0.353476971 0.000273404 0.935443163 102.186920166
0.930666149 -0.002943580 0.365857661 5.087848663 0.002626556 0.999995649 0.001364245 -2.952090025 -0.365860105 -0.000308711 0.930669785 102.692787170
0.926203132 -0.004223475 0.377001286 5.316284180 0.004184539 0.999990821 0.000922284 -2.960100889 -0.377001762 0.000723355 0.926212192 103.183723450
0.920004010 -0.004371299 0.391884506 5.550491333 0.004270211 0.999990165 0.001129530 -2.975386143 -0.391885638 0.000634257 0.920013726 103.713043213
0.914257705 -0.005329086 0.405097961 5.791728973 0.005331252 0.999985158 0.001122860 -2.983264446 -0.405097961 0.001133096 0.914272547 104.209899902
0.909131765 -0.005759866 0.416468859 6.034740448 0.005604283 0.999982953 0.001596127 -3.008310318 -0.416471004 0.000882920 0.909148574 104.678176880
0.902755320 -0.005597925 0.430118024 6.298461914 0.005576715 0.999983609 0.001309928 -3.014052868 -0.430118293 0.001216101 0.902771711 105.227096558
0.896247923 -0.005278117 0.443522274 6.562721252 0.004847771 0.999986053 0.002104156 -3.038601875 -0.443527192 0.000264249 0.896260917 105.693397522
0.890259027 -0.006223859 0.455412179 6.840286255 0.006211668 0.999979556 0.001523319 -3.046501160 -0.455412328 0.001472721 0.890279412 106.197677612
0.884306192 -0.006747381 0.466858655 7.100357056 0.006816878 0.999975562 0.001540102 -3.055041552 -0.466857612 0.001820597 0.884330571 106.691009521
0.877101123 -0.006864925 0.480256766 7.389682770 0.007095297 0.999973893 0.001335649 -3.065842867 -0.480253428 0.002236065 0.877126932 107.174888611
