1.000000000 0.000000000 0.000000000 0.000000000 0.000000000 1.000000000 0.000000000 0.000000000 0.000000000 0.000000000 1.000000000 0.000000000
1.000000000 0.000119626 0.000034722 -0.000174144 -0.000119626 1.000000000 0.000004178 0.000370632 -0.000034722 -0.000004182 1.000000000 0.000206167
1.000000000 0.000096040 0.000073719 -0.000657166 -0.000096048 1.000000000 0.000106995 -0.000604381 -0.000073709 -0.000107002 1.000000000 0.000008277
1.000000000 -0.000038174 0.000060361 -0.000123731 0.000038174 1.000000000 0.000001481 0.000410540 -0.000060361 -0.000001479 1.000000000 0.000395930
1.000000000 -0.000040063 0.000118640 -0.000720112 0.000040068 1.000000000 -0.000034411 0.000268072 -0.000118639 0.000034415 1.000000000 0.000209964
1.000000000 0.000077664 0.000132623 -0.001173416 -0.000077666 1.000000000 0.000015505 0.000387784 -0.000132621 -0.000015515 1.000000000 -0.000040168
1.000000000 -0.000041273 0.000092606 -0.000775813 0.000041268 1.000000000 0.000043376 -0.000509284 -0.000092607 -0.000043372 1.000000000 0.000027595
1.000000000 0.000045087 0.000048541 -0.000268315 -0.000045091 1.000000000 0.000076435 -0.000241527 -0.000048537 -0.000076437 1.000000000 0.000318821
1.000000000 0.000034892 -0.000006733 0.000031716 -0.000034893 1.000000000 -0.000077558 0.000011390 0.000006730 0.000077559 1.000000000 -0.000052405
1.000000000 0.000027457 0.000059732 -0.000144474 -0.000027457 1.000000000 0.000000410 -0.000346904 -0.000059732 -0.000000412 1.000000000 0.000222325
1.000000000 0.000120516 0.000069127 -0.000862408 -0.000120521 1.000000000 0.000072017 -0.000360857 -0.000069119 -0.000072026 1.000000000 0.000103945
1.000000000 0.000072589 0.000068154 -0.000196026 -0.000072586 1.000000000 -0.000050750 0.000833004 -0.000068157 0.000050745 1.000000000 0.001110888
1.000000000 0.000105902 0.000041526 -0.000555145 -0.000105898 1.000000000 -0.000094475 0.000312725 -0.000041536 0.000094471 1.000000000 0.000445747
1.000000000 0.000103992 0.000055142 -0.001002162 -0.000103992 1.000000000 -0.000010623 0.000504149 -0.000055143 0.000010617 1.000000000 0.000343379
1.000000000 0.000048829 0.000111089 -0.001820952 -0.000048824 1.000000000 -0.000049014 0.001094772 -0.000111091 0.000049008 1.000000000 0.000635906
1.000000000 0.000088605 0.000030465 0.000056928 -0.000088603 1.000000000 -0.000047174 0.001422198 -0.000030469 0.000047171 1.000000000 0.001827422
1.000000000 0.000146188 0.000113023 -0.000970638 -0.000146180 1.000000000 -0.000069228 0.001609234 -0.000113033 0.000069212 1.000000000 0.001982360
1.000000000 0.000145376 0.000130110 -0.001619836 -0.000145366 1.000000000 -0.000076080 0.001276575 -0.000130121 0.000076061 1.000000000 0.001423157
0.999999940 0.000219311 0.000160595 -0.002137954 -0.000219300 1.000000000 -0.000068776 0.002076987 -0.000160610 0.000068741 1.000000000 0.001909259
0.999999762 0.000471876 -0.000452348 -0.001698969 -0.000471967 0.999999881 -0.000199764 0.002121807 0.000452253 0.000199977 0.999999881 0.002216297
0.999999762 0.000446324 -0.000436128 -0.002079389 -0.000446396 0.999999881 -0.000163016 0.001765589 0.000436056 0.000163210 0.999999881 0.002201240
0.999999762 0.000454395 -0.000491499 -0.001842160 -0.000454450 0.999999881 -0.000110901 0.001736695 0.000491449 0.000111125 0.999999881 0.002051516
0.999999762 0.000468332 -0.000489091 -0.001461500 -0.000468407 0.999999881 -0.000154184 0.002112586 0.000489019 0.000154413 0.999999881 0.002601703
0.999999702 0.000444584 -0.000523086 -0.001412318 -0.000444668 0.999999881 -0.000160560 0.002493662 0.000523015 0.000160793 0.999999881 0.002524910
0.999999702 0.000616066 -0.000513898 -0.001911065 -0.000616132 0.999999821 -0.000128012 0.002107788 0.000513820 0.000128328 0.999999881 0.002213469
0.999999702 0.000624540 -0.000473004 -0.001870625 -0.000624596 0.999999821 -0.000118918 0.001862065 0.000472930 0.000119214 0.999999881 0.002091013
0.999999762 0.000423906 -0.000433627 -0.001788824 -0.000423960 0.999999881 -0.000125465 0.002358709 0.000433574 0.000125648 0.999999881 0.002584668
0.999999762 0.000512582 -0.000456513 -0.001749627 -0.000512605 0.999999881 -0.000050610 0.001505029 0.000456487 0.000050844 0.999999881 0.002059467
0.999999762 0.000466949 -0.000493087 -0.001655608 -0.000466996 0.999999881 -0.000094363 0.002241389 0.000493042 0.000094593 0.999999881 0.002678533
0.999999762 0.000501797 -0.000472977 -0.001731631 -0.000501885 0.999999881 -0.000186324 0.002827284 0.000472884 0.000186561 0.999999881 0.002199772
0.999999821 0.000492233 -0.000363899 -0.001807736 -0.000492266 0.999999881 -0.000092119 0.001744117 0.000363854 0.000092298 0.999999940 0.002727764
0.999999762 0.000417297 -0.000410752 -0.001772116 -0.000417363 0.999999881 -0.000162124 0.002703273 0.000410685 0.000162295 0.999999881 0.003567018
0.999999762 0.000468040 -0.000507907 -0.001317513 -0.000468161 0.999999881 -0.000238842 0.002629204 0.000507795 0.000239080 0.999999821 0.002778323
0.999999762 0.000461447 -0.000456942 -0.001584192 -0.000461521 0.999999881 -0.000161969 0.002066027 0.000456867 0.000162180 0.999999881 0.001919852
0.999999702 0.000548914 -0.000397426 -0.002404955 -0.000548981 0.999999821 -0.000167722 0.002001789 0.000397333 0.000167940 0.999999940 0.002234267
0.999999762 0.000500607 -0.000406260 -0.001593410 -0.000500669 0.999999881 -0.000152812 0.001630971 0.000406184 0.000153015 0.999999940 0.002054104
0.999999702 0.000555073 -0.000434296 -0.001902624 -0.000555135 0.999999821 -0.000142099 0.002330047 0.000434217 0.000142340 0.999999881 0.002488708
0.999999762 0.000511055 -0.000509860 -0.001651306 -0.000511127 0.999999881 -0.000141192 0.002526154 0.000509788 0.000141452 0.999999881 0.002307523
0.999999702 0.000576404 -0.000396995 -0.002189327 -0.000576470 0.999999821 -0.000166805 0.002417608 0.000396899 0.000167033 0.999999940 0.002487845
0.999999762 0.000503386 -0.000477466 -0.001205539 -0.000503466 0.999999881 -0.000167285 0.002678388 0.000477382 0.000167526 0.999999881 0.002932105
0.999999762 0.000378546 -0.000536730 -0.000488514 -0.000378663 0.999999940 -0.000219217 0.002132772 0.000536647 0.000219421 0.999999821 0.002633136
0.999999642 0.000674594 -0.000388933 -0.000670114 -0.000674880 0.999999464 -0.000734341 -0.001269756 0.000388437 0.000734604 0.999999702 0.049869452
0.999999940 -0.000196643 0.000100168 0.001136574 0.000196728 0.999999642 -0.000849779 -0.003370346 -0.000100001 0.000849799 0.999999583 0.139806256
1.000000000 -0.000291268 0.000017595 0.003001226 0.000291286 0.999999523 -0.001003978 -0.008608519 -0.000017303 0.001003983 0.999999523 0.251948088
1.000000000 -0.000008210 0.000110265 0.005619964 0.000008327 0.999999464 -0.001065652 -0.009419249 -0.000110257 0.001065652 0.999999464 0.385496020
1.000000000 -0.000075978 0.000020250 0.012460477 0.000075995 0.999999762 -0.000825164 -0.018107219 -0.000020188 0.000825166 0.999999583 0.516079187
0.999999821 -0.000523457 0.000017339 0.016443277 0.000523469 0.999999583 -0.000686344 -0.023707811 -0.000016980 0.000686353 0.999999702 0.667851090
0.999999940 0.000116120 0.000101546 0.022680139 -0.000116076 0.999999821 -0.000426097 -0.030033518 -0.000101596 0.000426085 0.999999881 0.824217796
1.000000000 -0.000088738 0.000028193 0.025786730 0.000088748 0.999999821 -0.000358738 -0.034797575 -0.000028161 0.000358741 0.999999940 0.993663847
0.999999940 0.000157556 0.000221363 0.025790222 -0.000157457 0.999999881 -0.000448523 -0.036694106 -0.000221433 0.000448488 0.999999881 1.167515397
1.000000000 -0.000077803 0.000113667 0.029356666 0.000077801 1.000000000 0.000017084 -0.042200796 -0.000113669 -0.000017076 1.000000000 1.356662989
0.999999940 -0.000065081 0.000101361 0.033401988 0.000065088 0.999999940 -0.000070127 -0.045061935 -0.000101357 0.000070133 1.000000000 1.550128460
0.999999940 -0.000213314 0.000073246 0.036171105 0.000213296 0.999999940 0.000255185 -0.052561067 -0.000073300 -0.000255169 1.000000000 1.746523499
1.000000000 -0.000109769 0.000164867 0.042507853 0.000109708 0.999999881 0.000370616 -0.060157776 -0.000164908 -0.000370597 0.999999940 1.930159330
0.999999881 -0.000329997 0.000299638 0.044633918 0.000329860 0.999999821 0.000454587 -0.068985589 -0.000299788 -0.000454488 0.999999881 2.138586521
0.999999881 -0.000203749 0.000364130 0.049293306 0.000203574 0.999999881 0.000480766 -0.073916219 -0.000364228 -0.000480691 0.999999762 2.356195688
0.999999881 0.000139547 0.000504607 0.052470304 -0.000139764 0.999999881 0.000429982 -0.080319241 -0.000504547 -0.000430052 0.999999762 2.579347849
0.999999642 -0.000365563 0.000645036 0.057591394 0.000365093 0.999999642 0.000728091 -0.089651868 -0.000645302 -0.000727855 0.999999523 2.799083948
0.999999642 -0.000310523 0.000653972 0.064106822 0.000310125 0.999999642 0.000607659 -0.092556328 -0.000654160 -0.000607456 0.999999583 3.040007591
0.999999702 -0.000099141 0.000779873 0.066686541 0.000098207 0.999999285 0.001197361 -0.107905798 -0.000779991 -0.001197284 0.999998987 3.268217564
0.999999583 0.000091252 0.000883296 0.069342218 -0.000092211 0.999999404 0.001085282 -0.112505391 -0.000883197 -0.001085363 0.999999046 3.515114307
0.999999762 -0.000073467 0.000669194 0.074713036 0.000072566 0.999999046 0.001345620 -0.119919576 -0.000669293 -0.001345571 0.999998868 3.770946741
0.999999583 -0.000021635 0.000860002 0.081376463 0.000020548 0.999999225 0.001263499 -0.125542283 -0.000860029 -0.001263481 0.999998808 4.019603729
0.999999523 -0.000219445 0.001025311 0.087635279 0.000218033 0.999999106 0.001376841 -0.132213637 -0.001025612 -0.001376617 0.999998510 4.273534298
0.999999523 0.000088807 0.000961954 0.091048956 -0.000090159 0.999998987 0.001405444 -0.141063765 -0.000961828 -0.001405530 0.999998569 4.523932457
0.999999344 0.000196251 0.001051761 0.095329337 -0.000197692 0.999999046 0.001370067 -0.147883713 -0.001051492 -0.001370274 0.999998450 4.775299072
0.999999166 0.000524947 0.001188658 0.101324864 -0.000526667 0.999998808 0.001447826 -0.152348399 -0.001187896 -0.001448451 0.999998271 5.033935547
0.999998450 0.000655031 0.001593491 0.103490360 -0.000657160 0.999998868 0.001336079 -0.160560787 -0.001592614 -0.001337124 0.999997854 5.286859989
0.999998510 0.000597531 0.001608705 0.109254092 -0.000599964 0.999998689 0.001512499 -0.170584172 -0.001607799 -0.001513462 0.999997556 5.546664715
0.999998689 0.000366998 0.001584213 0.112515673 -0.000369338 0.999998808 0.001477343 -0.176168934 -0.001583669 -0.001477926 0.999997675 5.812052250
0.999998450 0.000687851 0.001610981 0.116260238 -0.000689960 0.999998868 0.001308935 -0.186668411 -0.001610079 -0.001310045 0.999997854 6.089268208
0.999998152 0.000622524 0.001777347 0.128350213 -0.000625181 0.999998629 0.001495033 -0.190469250 -0.001776415 -0.001496141 0.999997318 6.373101711
0.999997795 0.000931913 0.001838677 0.129041240 -0.000934663 0.999998450 0.001495416 -0.201149613 -0.001837281 -0.001497131 0.999997199 6.657991886
0.999997914 0.000907189 0.001828794 0.135738462 -0.000910013 0.999998391 0.001544280 -0.209840968 -0.001827390 -0.001545941 0.999997139 6.949406624
0.999998510 0.000690693 0.001559298 0.142252281 -0.000693468 0.999998152 0.001779695 -0.220696270 -0.001558066 -0.001780773 0.999997199 7.246120453
0.999997735 0.000804328 0.001937213 0.147530079 -0.000808092 0.999997795 0.001942946 -0.231149569 -0.001935646 -0.001944507 0.999996245 7.562276840
0.999998331 0.000677378 0.001711173 0.160558596 -0.000680607 0.999998033 0.001887464 -0.236026525 -0.001709891 -0.001888625 0.999996781 7.866702557
0.999997437 0.001009859 0.002026340 0.158790752 -0.001013649 0.999997675 0.001870465 -0.250664711 -0.002024447 -0.001872515 0.999996126 8.192838669
0.999997318 0.001282575 0.001925900 0.167180985 -0.001286629 0.999996960 0.002105610 -0.259156317 -0.001923194 -0.002108082 0.999995947 8.512158394
0.999997020 0.001302099 0.002111266 0.166435778 -0.001306089 0.999997377 0.001889256 -0.263564527 -0.002108801 -0.001892008 0.999996006 8.870012283
0.999997258 0.001355772 0.001916538 0.176907033 -0.001359053 0.999997675 0.001711694 -0.273606986 -0.001914213 -0.001714294 0.999996722 9.208974838
0.999996841 0.001272544 0.002132720 0.183628827 -0.001276328 0.999997616 0.001773809 -0.285431474 -0.002130457 -0.001776526 0.999996066 9.552775383
0.999998033 0.000927491 0.001733538 0.197299913 -0.000930937 0.999997616 0.001987664 -0.294158280 -0.001731691 -0.001989274 0.999996483 9.901058197
0.999997616 0.001207403 0.001804789 0.199148744 -0.001210582 0.999997675 0.001761068 -0.302783221 -0.001802659 -0.001763249 0.999996841 10.267878532
0.999998212 0.000987721 0.001557951 0.208929285 -0.000991105 0.999997139 0.002172804 -0.316762567 -0.001555800 -0.002174345 0.999996424 10.626772881
0.999998093 0.000681718 0.001785070 0.217070565 -0.000684841 0.999998212 0.001749718 -0.319013238 -0.001783874 -0.001750938 0.999996901 11.023674965
0.999998450 0.000758529 0.001655202 0.226811588 -0.000761608 0.999997973 0.001860328 -0.330040634 -0.001653788 -0.001861586 0.999996841 11.412666321
0.999998450 0.000723829 0.001565614 0.233795673 -0.000727278 0.999997318 0.002203790 -0.342225075 -0.001564015 -0.002204925 0.999996305 11.794955254
0.999997437 0.001284873 0.001865069 0.238828391 -0.001289046 0.999996662 0.002237921 -0.353443295 -0.001862188 -0.002240320 0.999995768 12.184552193
0.999997437 0.001293809 0.001880198 0.253298879 -0.001298268 0.999996364 0.002372262 -0.367313713 -0.001877122 -0.002374697 0.999995410 12.575238228
0.999997258 0.001223495 0.001978144 0.253280282 -0.001228664 0.999995828 0.002614059 -0.380710632 -0.001974937 -0.002616482 0.999994636 12.969993591
0.999997258 0.001020692 0.002113337 0.264697254 -0.001025778 0.999996722 0.002407090 -0.391219318 -0.002110873 -0.002409251 0.999994814 13.376017570
0.999996781 0.000980936 0.002333213 0.272614807 -0.000987610 0.999995410 0.002860867 -0.405948341 -0.002330396 -0.002863162 0.999993205 13.782876968
0.999995708 0.001416910 0.002575678 0.279291779 -0.001423909 0.999995291 0.002717709 -0.414798945 -0.002571815 -0.002721365 0.999992967 14.196349144
0.999994993 0.001595145 0.002769540 0.287609756 -0.001603428 0.999994338 0.002991245 -0.431239069 -0.002764753 -0.002995671 0.999991715 14.610117912
0.999996185 0.000718099 0.002673426 0.306996495 -0.000726124 0.999995232 0.003002154 -0.441291600 -0.002671258 -0.003004084 0.999991834 15.051918983
0.999995410 0.000905004 0.002899335 0.312136501 -0.000914133 0.999994576 0.003148883 -0.456233382 -0.002896470 -0.003151518 0.999990821 15.496114731
0.999994576 0.000684320 0.003226053 0.322003365 -0.000694304 0.999994934 0.003094801 -0.467500806 -0.003223919 -0.003097024 0.999989927 15.935811996
0.999994218 0.001070430 0.003219725 0.333175600 -0.001080039 0.999994993 0.002984332 -0.477105200 -0.003216515 -0.002987792 0.999990344 16.372127533
0.999993563 0.001036305 0.003450619 0.343125701 -0.001047113 0.999994636 0.003131791 -0.491573602 -0.003447354 -0.003135385 0.999989092 16.816841125
0.999991596 0.001091192 0.003956268 0.351201594 -0.001103575 0.999994516 0.003129259 -0.507232249 -0.003952831 -0.003133599 0.999987245 17.264524460
0.999991655 0.001091451 0.003935741 0.359379143 -0.001105413 0.999993086 0.003547112 -0.522238493 -0.003931843 -0.003551433 0.999985993 17.731046677
0.999990523 0.000988902 0.004231726 0.371534914 -0.001002579 0.999994278 0.003231127 -0.532176733 -0.004228507 -0.003235338 0.999985874 18.197856903
0.999988675 0.000632460 0.004711161 0.385893136 -0.000647167 0.999994934 0.003120829 -0.541696966 -0.004709163 -0.003123843 0.999984086 18.663339615
0.999989927 0.001108362 0.004383308 0.401439428 -0.001121699 0.999994755 0.003041426 -0.552454174 -0.004379915 -0.003046311 0.999985754 19.139028549
0.999985754 0.001853940 0.005008965 0.408354461 -0.001871645 0.999992013 0.003532307 -0.568143964 -0.005002376 -0.003541631 0.999981225 19.615076065
0.999985635 0.002032684 0.004961894 0.412653446 -0.002051916 0.999990404 0.003873997 -0.580556631 -0.004953972 -0.003884122 0.999980271 20.106807709
0.999988079 0.000781664 0.004817103 0.429428458 -0.000799637 0.999992669 0.003730092 -0.593227208 -0.004814152 -0.003733899 0.999981463 20.604799271
0.999989092 0.000783626 0.004608805 0.447683454 -0.000802716 0.999991119 0.004141857 -0.609471023 -0.004605519 -0.004145511 0.999980807 21.089000702
0.999991417 0.001482624 0.003872563 0.456433386 -0.001495708 0.999993205 0.003377926 -0.611440480 -0.003867529 -0.003383689 0.999986708 21.602443695
0.999991119 0.002396316 0.003449433 0.463907659 -0.002407894 0.999991536 0.003356237 -0.621849418 -0.003441361 -0.003364514 0.999988377 22.110965729
0.999991834 0.001655998 0.003674604 0.478401899 -0.001667123 0.999994040 0.003026629 -0.632829428 -0.003669570 -0.003032730 0.999988616 22.614313126
0.999991179 0.002055110 0.003659309 0.480219305 -0.002066556 0.999993086 0.003127152 -0.649012923 -0.003652856 -0.003134687 0.999988437 23.122558594
0.999991834 0.002205102 0.003372771 0.489134312 -0.002216024 0.999992311 0.003238006 -0.672062218 -0.003365604 -0.003245454 0.999989092 23.627388000
0.999996006 0.000842560 0.002677081 0.500270724 -0.000849624 0.999996245 0.002638717 -0.685189545 -0.002674848 -0.002640981 0.999992967 24.152215958
0.999998212 0.000924603 0.001657389 0.515700221 -0.000929939 0.999994397 0.003221432 -0.697761178 -0.001654401 -0.003222968 0.999993384 24.709318161
0.999998093 0.001240658 0.001489977 0.521814346 -0.001246413 0.999991655 0.003867995 -0.712847233 -0.001485166 -0.003869845 0.999991417 25.257436752
0.999996841 0.002270317 0.001041876 0.535222650 -0.002274208 0.999990344 0.003749094 -0.725990593 -0.001033354 -0.003751452 0.999992430 25.791517258
0.999996722 0.002392935 0.000882887 0.538669765 -0.002396180 0.999990404 0.003692674 -0.741896689 -0.000874042 -0.003694778 0.999992788 26.337507248
0.999999046 0.001390639 0.000176072 0.553887248 -0.001391223 0.999993384 0.003363090 -0.738176882 -0.000171394 -0.003363332 0.999994338 26.885128021
0.999998629 0.001618608 -0.000205268 0.564503014 -0.001617716 0.999989510 0.004270765 -0.773691952 0.000212178 -0.004270427 0.999990880 27.424943924
0.999998093 0.001876559 -0.000548968 0.572277129 -0.001874514 0.999991357 0.003702275 -0.790739536 0.000555911 -0.003701238 0.999992967 27.920282364
0.999997437 0.002225720 -0.000469558 0.579820931 -0.002223609 0.999987602 0.004449978 -0.807086170 0.000479456 -0.004448923 0.999989927 28.508081436
0.999997258 0.002177279 -0.000872425 0.592017651 -0.002173477 0.999988198 0.004336116 -0.819170237 0.000881855 -0.004334207 0.999990225 29.058959961
0.999996662 0.002260414 -0.001259324 0.600261331 -0.002254852 0.999987900 0.004400808 -0.833735883 0.001269257 -0.004397954 0.999989510 29.606956482
0.999995053 0.002810830 -0.001390742 0.607621729 -0.002804276 0.999985039 0.004692459 -0.847789764 0.001403911 -0.004688535 0.999988019 30.160312653
0.999995828 0.002607494 -0.001242295 0.608486593 -0.002602515 0.999988616 0.003992623 -0.851217806 0.001252691 -0.003989374 0.999991179 30.700099945
0.999994397 0.003088099 -0.001265351 0.621732533 -0.003082484 0.999985516 0.004415632 -0.868471265 0.001278969 -0.004411707 0.999989450 31.242031097
0.999992490 0.003526781 -0.001591104 0.630142212 -0.003520033 0.999984860 0.004223631 -0.877403796 0.001605976 -0.004217999 0.999989808 31.794685364
0.999994338 0.003011941 -0.001448376 0.635243297 -0.003005803 0.999986589 0.004221241 -0.896721482 0.001461071 -0.004216864 0.999990046 32.324829102
0.999994099 0.002480150 -0.002332669 0.645473003 -0.002469098 0.999985814 0.004728970 -0.911568105 0.002344365 -0.004723183 0.999986112 32.873397827
0.999993920 0.002581547 -0.002323154 0.661001742 -0.002571009 0.999986470 0.004527711 -0.927292287 0.002334811 -0.004521711 0.999987006 33.418472290
0.999992073 0.003349180 -0.002140739 0.659462214 -0.003337324 0.999979198 0.005517594 -0.946256161 0.002159175 -0.005510406 0.999982417 33.985927582
0.999992847 0.002803123 -0.002544906 0.669039905 -0.002792330 0.999987066 0.004234833 -0.950970471 0.002556745 -0.004227696 0.999987781 34.520797729
0.999991238 0.003140974 -0.002778909 0.678862512 -0.003129510 0.999986589 0.004120113 -0.966115296 0.002791813 -0.004111381 0.999987602 35.065059662
0.999991715 0.002794299 -0.002933848 0.694108069 -0.002783549 0.999989390 0.003661374 -0.972293854 0.002944048 -0.003653177 0.999988973 35.615104675
0.999991119 0.002304397 -0.003558065 0.699877083 -0.002288061 0.999986827 0.004588501 -1.004462957 0.003568592 -0.004580319 0.999983072 36.203292847
0.999990344 0.002084896 -0.003874836 0.732648313 -0.002070623 0.999991119 0.003683746 -0.989351392 0.003882483 -0.003675687 0.999985695 36.804012299
0.999991417 0.001900529 -0.003664016 0.722003520 -0.001884000 0.999988079 0.004509783 -1.027890921 0.003672543 -0.004502842 0.999983132 37.308071136
0.999991298 0.001735333 -0.003784127 0.733970106 -0.001718266 0.999988377 0.004508860 -1.041134596 0.003791907 -0.004502319 0.999982715 37.857044220
0.999990225 0.001471287 -0.004150885 0.745590508 -0.001452786 0.999989092 0.004456619 -1.052197933 0.004157396 -0.004450545 0.999981463 38.411823273
0.999986708 0.004223544 -0.002951897 0.754214346 -0.004210913 0.999981999 0.004272420 -1.066409111 0.002969890 -0.004259934 0.999986529 38.945922852
0.999985814 0.004173501 -0.003312068 0.766628623 -0.004158349 0.999980867 0.004568744 -1.080740452 0.003331072 -0.004554906 0.999984086 39.497787476
0.999986112 0.004159314 -0.003247901 0.774166107 -0.004144694 0.999981344 0.004495120 -1.093473554 0.003266537 -0.004481596 0.999984622 40.048549652
0.999991119 0.001943426 -0.003728614 0.794809341 -0.001926648 0.999988019 0.004497957 -1.113350391 0.003737310 -0.004490734 0.999982893 40.581893921
0.999986053 0.003924321 -0.003535136 0.802997112 -0.003907350 0.999980807 0.004794986 -1.125607371 0.003553886 -0.004781106 0.999982238 41.141456604
0.999985278 0.004241355 -0.003377616 0.810117066 -0.004226238 0.999980986 0.004470311 -1.132149696 0.003396512 -0.004455970 0.999984324 41.695697784
0.999984682 0.004446699 -0.003284303 0.823289275 -0.004432087 0.999980330 0.004442851 -1.149533510 0.003303995 -0.004428227 0.999984741 42.250450134
0.999983132 0.004689615 -0.003443289 0.832686067 -0.004674581 0.999979615 0.004361029 -1.156853199 0.003463670 -0.004344860 0.999984562 42.802047729
0.999983549 0.004266557 -0.003843928 0.853747427 -0.004247211 0.999978364 0.005027192 -1.177395582 0.003865293 -0.005010783 0.999979973 43.329460144
0.999980509 0.005221305 -0.003399172 0.863876939 -0.005206596 0.999977112 0.004321808 -1.185774326 0.003421660 -0.004304027 0.999984860 43.893367767
0.999982774 0.004833621 -0.003343131 0.872427404 -0.004818174 0.999977708 0.004613255 -1.194972038 0.003365356 -0.004597067 0.999983788 44.422538757
0.999983191 0.004876008 -0.003141734 0.874182820 -0.004861184 0.999977112 0.004708847 -1.216295719 0.003164622 -0.004693496 0.999983907 44.991062164
0.999979258 0.005532272 -0.003287057 0.882091641 -0.005517943 0.999975324 0.004352672 -1.224029422 0.003311056 -0.004334444 0.999985039 45.542758942
0.999978662 0.005629694 -0.003322464 0.896160960 -0.005615349 0.999974966 0.004311085 -1.238136411 0.003346651 -0.004292335 0.999985158 46.098628998
0.999984741 0.004978020 -0.002382943 0.891970754 -0.004968683 0.999980032 0.003908140 -1.249702692 0.002402351 -0.003896241 0.999989510 46.666702271
0.999978423 0.005662352 -0.003353538 0.919939876 -0.005648472 0.999975502 0.004134228 -1.231067181 0.003376866 -0.004115196 0.999985814 47.237232208
0.999982893 0.005248066 -0.002568356 0.906642437 -0.005237891 0.999978423 0.003951867 -1.270569324 0.002589041 -0.003938347 0.999988914 47.762977600
0.999982834 0.005411464 -0.002249200 0.916328669 -0.005402699 0.999977887 0.003885307 -1.290071130 0.002270176 -0.003873088 0.999989927 48.303691864
0.999984026 0.005129321 -0.002339349 0.927200675 -0.005120117 0.999979138 0.003923461 -1.301719546 0.002359424 -0.003911419 0.999989569 48.838806152
0.999980569 0.005713847 -0.002490050 0.934931278 -0.005704701 0.999976993 0.003664699 -1.310630918 0.002510933 -0.003650423 0.999990165 49.392360687
0.999983668 0.005117146 -0.002545835 0.949283063 -0.005107265 0.999979436 0.003872132 -1.330562472 0.002565596 -0.003859067 0.999989271 49.920433044
0.999983907 0.005118948 -0.002442109 0.954155624 -0.005108105 0.999977112 0.004425929 -1.345745683 0.002464708 -0.004413383 0.999987245 50.457035065
0.999984622 0.005095679 -0.002177413 0.957837284 -0.005087028 0.999979258 0.003959750 -1.354865313 0.002197545 -0.003948613 0.999989808 50.999984741
0.999983490 0.005338291 -0.002130578 0.965184271 -0.005329170 0.999976695 0.004264364 -1.375947714 0.002153293 -0.004252939 0.999988616 51.538635254
0.999987483 0.004499391 -0.002199026 0.974770963 -0.004491345 0.999983191 0.003650456 -1.375669599 0.002215414 -0.003640533 0.999990880 52.077430725
0.999982595 0.005518883 -0.002075800 0.984154701 -0.005509668 0.999975026 0.004419207 -1.405748606 0.002100136 -0.004407692 0.999988079 52.601154327
0.999986410 0.004791966 -0.002057560 0.995346010 -0.004782712 0.999978483 0.004479351 -1.418013334 0.002078981 -0.004469449 0.999987841 53.125965118
0.999983370 0.005424499 -0.001917941 1.001348376 -0.005416958 0.999977589 0.003915329 -1.432681322 0.001939137 -0.003904875 0.999990523 53.660083771
0.999985456 0.005094088 -0.001730268 1.008905530 -0.005087829 0.999980509 0.003602695 -1.441878438 0.001748586 -0.003593839 0.999992013 54.186584473
0.999985993 0.004926581 -0.001943977 1.014043093 -0.004918764 0.999979854 0.004006215 -1.455809236 0.001963675 -0.003996598 0.999990106 54.719371796
0.999985933 0.004792029 -0.002243271 1.024689436 -0.004783427 0.999981165 0.003824298 -1.467065930 0.002261554 -0.003813514 0.999990225 55.271560669
0.999985397 0.005243510 -0.001300234 1.022204638 -0.005238125 0.999977827 0.004111355 -1.487306595 0.001321764 -0.004104484 0.999990702 55.755809784
0.999985635 0.005093805 -0.001666084 1.029553652 -0.005086791 0.999978304 0.004188458 -1.497406006 0.001687382 -0.004179922 0.999989867 56.282272339
0.999984920 0.005203049 -0.001760402 1.044538260 -0.005196393 0.999979436 0.003764634 -1.513162971 0.001779953 -0.003755430 0.999991417 56.818389893
0.999982953 0.005776795 -0.000843440 1.036212206 -0.005773076 0.999973893 0.004346605 -1.536369085 0.000868527 -0.004341662 0.999990225 57.318553925
0.999983549 0.005316506 -0.002158966 1.076825380 -0.005308235 0.999978721 0.003818242 -1.534292102 0.002179219 -0.003806719 0.999990404 57.951522827
0.999987185 0.004908770 -0.001189141 1.053614378 -0.004903902 0.999979734 0.004063119 -1.566713572 0.001209062 -0.004057236 0.999991059 58.384101868
0.999989390 0.004351471 -0.001524595 1.063982248 -0.004345389 0.999982655 0.003970633 -1.576140404 0.001541846 -0.003963965 0.999991059 58.931114197
0.999985695 0.005250698 -0.001044118 1.058980823 -0.005246358 0.999977767 0.004116317 -1.595226884 0.001065709 -0.004110780 0.999991000 59.424747467
0.999988079 0.004722455 -0.001345884 1.070957541 -0.004716632 0.999979615 0.004297347 -1.611048460 0.001366151 -0.004290947 0.999989867 59.956775665
0.999987304 0.004807787 -0.001514523 1.081482649 -0.004801931 0.999981105 0.003847278 -1.618167639 0.001532991 -0.003839957 0.999991477 60.510414124
0.999983728 0.005553478 -0.001314129 1.079357624 -0.005547698 0.999975085 0.004361207 -1.636620879 0.001338315 -0.004353845 0.999989629 61.033924103
0.999985337 0.005263302 -0.001265828 1.079942346 -0.005257322 0.999975145 0.004682114 -1.651510239 0.001290439 -0.004675391 0.999988258 61.566234589
0.999983966 0.005438610 -0.001565964 1.086666703 -0.005431661 0.999975562 0.004407922 -1.669462919 0.001589899 -0.004399346 0.999989033 62.081539154
0.999982297 0.005733460 -0.001583050 1.090963960 -0.005726890 0.999975026 0.004123861 -1.679700732 0.001606655 -0.004114722 0.999990165 62.613559723
0.999976575 0.006813972 -0.000673331 1.086512566 -0.006811134 0.999968290 0.004133317 -1.691616535 0.000701474 -0.004128634 0.999991238 63.145042419
0.999981105 0.006149536 -0.000432220 1.086355329 -0.006147650 0.999972105 0.004239063 -1.712875366 0.000458276 -0.004236325 0.999990940 63.663124084
0.999981642 0.005993320 -0.000797229 1.098459482 -0.005989985 0.999973536 0.004122766 -1.725878239 0.000821917 -0.004117915 0.999991179 64.184913635
0.999978304 0.006558392 -0.000601181 1.093347073 -0.006556045 0.999971211 0.003827956 -1.732853174 0.000626270 -0.003823931 0.999992490 64.711486816
0.999975562 0.006986619 -0.000039139 1.091510177 -0.006986404 0.999967396 0.004046386 -1.755310893 0.000067408 -0.004046014 0.999991834 65.217681885
0.999977767 0.006661150 -0.000391045 1.099207044 -0.006659591 0.999970376 0.003859564 -1.765744328 0.000416742 -0.003856874 0.999992490 65.736000061
0.999975085 0.007056674 0.000103113 1.089814305 -0.007057002 0.999968529 0.003617448 -1.782083392 -0.000077582 -0.003618086 0.999993384 66.264587402
0.999970734 0.007651864 0.000158912 1.099483132 -0.007652298 0.999966443 0.002930569 -1.792238474 -0.000136483 -0.002931700 0.999995649 66.825241089
0.999971986 0.007460613 0.000451198 1.081888795 -0.007462351 0.999964237 0.003984699 -1.823151112 -0.000421453 -0.003987955 0.999991894 67.321914673
0.999970853 0.007636568 0.000309154 1.125202060 -0.007637625 0.999964416 0.003572175 -1.822104692 -0.000281865 -0.003574432 0.999993563 67.894424438
0.999942780 0.010316104 0.002819407 1.031592965 -0.010328417 0.999937057 0.004387377 -1.872927666 -0.002773968 -0.004416246 0.999986410 68.338027954
0.999950051 0.009726110 0.002296788 1.037447929 -0.009735322 0.999944448 0.004034953 -1.875871301 -0.002257415 -0.004057112 0.999989212 69.005622864
0.999916315 0.012177740 0.004371817 0.986972809 -0.012190401 0.999921560 0.002881188 -1.894136786 -0.004336389 -0.002934241 0.999986231 69.657524109
0.999919057 0.011837999 0.004671895 0.997144103 -0.011851758 0.999925435 0.002927770 -1.907034516 -0.004636889 -0.002982903 0.999984801 70.214187622
0.999913871 0.012096832 0.005083305 1.012441874 -0.012115036 0.999920249 0.003566070 -1.927701712 -0.005039762 -0.003627348 0.999980688 70.756889343
0.999944627 0.010077957 0.003032875 1.083263159 -0.010087387 0.999944270 0.003109393 -1.930167556 -0.003001370 -0.003139815 0.999990523 71.219451904
0.999963403 0.008071529 0.002845733 1.109724879 -0.008081516 0.999961138 0.003515629 -1.947484374 -0.002817247 -0.003538498 0.999989748 71.757713318
0.999958575 0.008536075 0.003168234 1.114279151 -0.008546321 0.999958217 0.003234194 -1.961812854 -0.003140494 -0.003261136 0.999989748 72.299949646
0.999960363 0.008537203 0.002506973 1.140859246 -0.008545255 0.999958277 0.003218883 -1.980829835 -0.002479387 -0.003240179 0.999991655 72.822380066
0.999961674 0.008396056 0.002466367 1.148900867 -0.008403982 0.999959469 0.003222100 -1.993642807 -0.002439214 -0.003242703 0.999991775 73.355018616
0.999961436 0.008272294 0.002951622 1.162765980 -0.008281758 0.999960542 0.003208666 -2.009024620 -0.002924962 -0.003232986 0.999990523 73.889190674
0.999963939 0.008114986 0.002504436 1.188587427 -0.008124177 0.999960244 0.003682179 -2.029267550 -0.002474456 -0.003702392 0.999990106 74.414848328
0.999964833 0.007987901 0.002558738 1.203678846 -0.007996513 0.999962270 0.003372250 -2.038460255 -0.002531705 -0.003392592 0.999991059 74.927299500
0.999955237 0.008913086 0.003170596 1.209561110 -0.008923017 0.999955297 0.003132717 -2.053981304 -0.003142532 -0.003160868 0.999990046 75.445671082
0.999958396 0.008695615 0.002755221 1.223645091 -0.008703490 0.999958038 0.002858363 -2.060497761 -0.002730250 -0.002882224 0.999992132 75.964530945
0.999958873 0.008621071 0.002792757 1.236666441 -0.008629265 0.999958396 0.002935378 -2.079644203 -0.002767334 -0.002959357 0.999991775 76.441009521
0.999952257 0.009292073 0.003020297 1.245219946 -0.009300048 0.999953210 0.002637359 -2.088247299 -0.002995649 -0.002665322 0.999991894 76.967880249
0.999953032 0.009229875 0.002952597 1.267890930 -0.009238366 0.999953151 0.002875410 -2.096040010 -0.002925919 -0.002902552 0.999991536 77.522094727
0.999959886 0.008436280 0.002990874 1.278242826 -0.008444471 0.999960601 0.002736195 -2.115294933 -0.002967672 -0.002761342 0.999991715 78.031143188
0.999954343 0.008723672 0.003886067 1.286209822 -0.008733134 0.999958932 0.002424269 -2.124312401 -0.003864758 -0.002458096 0.999989450 78.583045959
0.999951363 0.009361993 0.003080411 1.307743669 -0.009371368 0.999951482 0.003043910 -2.150404215 -0.003051764 -0.003072630 0.999990582 79.084403992
0.999952078 0.009203420 0.003327431 1.324552655 -0.009212436 0.999953926 0.002704647 -2.160467386 -0.003302385 -0.002735171 0.999990821 79.622665405
0.999959886 0.007972644 0.004074784 1.353483200 -0.007984157 0.999964178 0.002816590 -2.178392172 -0.004052183 -0.002849011 0.999987721 80.118820190
0.999952555 0.008232067 0.005226449 1.369884014 -0.008245111 0.999962926 0.002479093 -2.191980839 -0.005205847 -0.002522068 0.999983251 80.670005798
0.999950051 0.007921407 0.006091422 1.388559341 -0.007937740 0.999964893 0.002662002 -2.208272457 -0.006070123 -0.002710222 0.999977827 81.230255127
0.999941230 0.007922189 0.007404896 1.399981022 -0.007940347 0.999965489 0.002425930 -2.224632025 -0.007385422 -0.002484585 0.999969602 81.766761780
0.999908984 0.008341883 0.010599423 1.429265261 -0.008367037 0.999962270 0.002330984 -2.229975939 -0.010579579 -0.002419458 0.999941111 82.301651001
0.999865294 0.008426818 0.014086237 1.448129177 -0.008460736 0.999961436 0.002350138 -2.239621401 -0.014065888 -0.002469002 0.999898016 82.838905334
0.999819100 0.008162774 0.017181028 1.475447059 -0.008202516 0.999963820 0.002243981 -2.257204533 -0.017162088 -0.002384503 0.999849916 83.370475769
0.999737084 0.008233658 0.021401200 1.502845168 -0.008283867 0.999963164 0.002258450 -2.268641710 -0.021381821 -0.002435141 0.999768376 83.929412842
0.999580204 0.008380401 0.027734924 1.528044820 -0.008449917 0.999961376 0.002390107 -2.284467459 -0.027713824 -0.002623461 0.999612391 84.452095032
0.999416828 0.008242955 0.033135187 1.569878340 -0.008315207 0.999963343 0.002043345 -2.296008348 -0.033117127 -0.002317680 0.999448776 85.003433228
0.999207199 0.007891039 0.039022114 1.609128952 -0.007977592 0.999966025 0.002062808 -2.309076309 -0.039004512 -0.002372474 0.999236226 85.553924561
0.998851955 0.007735339 0.047273614 1.649694443 -0.007835502 0.999967456 0.001933826 -2.319468498 -0.047257110 -0.002302019 0.998880088 86.120491028
0.998435557 0.007301020 0.055437639 1.701431036 -0.007391407 0.999971688 0.001425551 -2.330542803 -0.055425670 -0.001833083 0.998461127 86.660720825
0.998029113 0.006524196 0.062412262 1.756008863 -0.006614596 0.999977291 0.001241903 -2.341874123 -0.062402740 -0.001652287 0.998049736 87.215080261
0.997397721 0.007030490 0.071752377 1.813847065 -0.007159974 0.999973118 0.001547544 -2.363115311 -0.071739577 -0.002057262 0.997421265 87.763778687
0.996651173 0.007004657 0.081469275 1.877506733 -0.007117222 0.999974132 0.001091362 -2.375461817 -0.081459515 -0.001667542 0.996675193 88.304367065
0.995942116 0.006176251 0.089784183 1.968307972 -0.006275444 0.999979913 0.000822543 -2.383985996 -0.089777283 -0.001382640 0.995960891 88.849342346
0.995250106 0.005823466 0.097176239 2.039965153 -0.005904767 0.999982417 0.000549040 -2.399369717 -0.097171329 -0.001120235 0.995266974 89.398529053
0.994240761 0.005741285 0.107015125 2.123941422 -0.005775211 0.999983370 0.000007108 -2.411190987 -0.107013285 -0.000625102 0.994257331 89.924255371
0.993036449 0.005718838 0.117668569 2.205931664 -0.005841313 0.999982655 0.000695982 -2.436057091 -0.117662556 -0.001378474 0.993052661 90.476943970
0.991886199 0.005063867 0.127028093 2.295529366 -0.005123412 0.999986887 0.000142014 -2.446312904 -0.127025694 -0.000791678 0.991899073 91.027145386
0.990341008 0.005299828 0.138551995 2.392278671 -0.005421680 0.999985158 0.000502073 -2.462737322 -0.138547271 -0.001248408 0.990355134 91.555694580
0.988565981 0.004648365 0.150717199 2.495717049 -0.004759430 0.999988616 0.000376196 -2.478841305 -0.150713772 -0.001089223 0.988576829 92.093666077
0.986802638 0.004355795 0.161868960 2.602347374 -0.004458014 0.999990046 0.000268304 -2.491526604 -0.161866188 -0.000986377 0.986812174 92.638992310
0.985080123 0.004342115 0.172041684 2.724947929 -0.004421205 0.999990225 0.000076539 -2.502800226 -0.172039673 -0.000836028 0.985089660 93.194862366
0.982735038 0.004603004 0.184961781 2.843432426 -0.004703430 0.999988914 0.000104185 -2.518373489 -0.184959263 -0.000972341 0.982745767 93.726371765
0.980417371 0.003339638 0.196902275 2.985438347 -0.003382590 0.999994278 -0.000118180 -2.533322334 -0.196901500 -0.000550174 0.980423033 94.275604248
0.978340089 0.002818286 0.206984356 3.117414474 -0.002856026 0.999995947 -0.000116482 -2.551694870 -0.206983805 -0.000477193 0.978344202 94.804428101
0.975512803 0.002622214 0.219927132 3.265853882 -0.002573017 0.999996483 -0.000510141 -2.560597420 -0.219927713 -0.000068227 0.975516200 95.341743469
0.972445250 0.002321359 0.233120024 3.412322998 -0.002198267 0.999997258 -0.000787825 -2.572094202 -0.233121216 0.000253656 0.972447693 95.872673035
0.969687939 0.001782728 0.244340524 3.566047668 -0.001659082 0.999998391 -0.000711850 -2.588813782 -0.244341373 0.000284891 0.969689250 96.382263184
0.966868579 0.001507654 0.255270183 3.745052338 -0.001501695 0.999998808 -0.000218239 -2.619235039 -0.255270213 -0.000172329 0.966869712 96.943420410
0.963384628 0.001991894 0.268115550 3.918041229 -0.002105138 0.999997795 0.000134900 -2.635321140 -0.268114686 -0.000694380 0.963386655 97.456367493
0.959651828 0.001553441 0.281186730 4.096229553 -0.001544866 0.999998868 -0.000252163 -2.650888205 -0.281186819 -0.000192407 0.959653020 98.016311646
0.956116736 0.001422291 0.292982399 4.279170990 -0.001462028 0.999998927 -0.000083348 -2.667106390 -0.292982250 -0.000348658 0.956117809 98.534057617
0.951831102 0.001271740 0.306620210 4.480752945 -0.001535145 0.999998569 0.000617898 -2.695591688 -0.306619018 -0.001058841 0.951831758 99.059890747
0.947275400 0.000482407 0.320420265 4.691160202 -0.000637881 0.999999702 0.000380259 -2.709088564 -0.320419997 -0.000564600 0.947275400 99.589553833
0.943228841 0.000179691 0.332143813 4.894716263 -0.000259134 0.999999940 0.000194890 -2.723338604 -0.332143784 -0.000269896 0.943228781 100.096687317
0.938558400 -0.000123714 0.345120728 5.108314514 0.000156891 0.999999940 -0.000068199 -2.728832483 -0.345120728 0.000118155 0.938558340 100.635414124
0.933177888 -0.000126129 0.359415174 5.341161728 0.000142151 1.000000000 -0.000018151 -2.755445004 -0.359415174 0.000068029 0.933177710 101.173469543
0.928454697 -0.000919285 0.371444553 5.573202133 0.001179187 0.999999285 -0.000472581 -2.762088299 -0.371443808 0.000876772 0.928455055 101.684829712
0.923666477 -0.000624433 0.383196950 5.797208786 0.000446400 0.999999762 0.000553522 -2.783854961 -0.383197188 -0.000340211 0.923666537 102.163421631
0.917623460 -0.001351988 0.397448510 6.063953400 0.001398710 0.999998987 0.000172344 -2.809391260 -0.397448242 0.000397769 0.917624474 102.740104675
0.911714315 -0.001001180 0.410823703 6.317100525 0.000867683 0.999999464 0.000511413 -2.817865372 -0.410823941 -0.000109798 0.911714673 103.245040894
0.906651080 -0.002160753 0.421875656 6.554492950 0.002370136 0.999997139 0.000028114 -2.832969189 -0.421874464 0.000974413 0.906653702 103.710868835
0.901056409 -0.002686112 0.433693588 6.865039825 0.002976113 0.999995530 0.000010271 -2.857018948 -0.433691740 0.001281466 0.901060343 104.290695190
0.894492626 -0.002889707 0.447073400 7.132835388 0.003106782 0.999995112 0.000247611 -2.871012688 -0.447071970 0.001167474 0.894497156 104.772453308
0.888390064 -0.002614386 0.459082037 7.408405304 0.002784256 0.999996066 0.000306853 -2.886394739 -0.459081084 0.001005597 0.888393819 105.265777588
0.882732451 -0.003647863 0.469861746 7.696720123 0.003854920 0.999992371 0.000521372 -2.900907278 -0.469860107 0.001351048 0.882739842 105.748649597
0.875364244 -0.004589718 0.483442128 8.016033173 0.004835853 0.999988019 0.000737482 -2.946011543 -0.483439714 0.001692290 0.875375986 106.270286560
