1.000000000 0.000000000 0.000000000 0.000000000 0.000000000 1.000000000 0.000000000 0.000000000 0.000000000 0.000000000 1.000000000 0.000000000
1.000000000 -0.000001123 0.000085965 -0.000857049 0.000001123 1.000000000 0.000004963 0.000407925 -0.000085965 -0.000004963 1.000000000 0.000999833
0.999999940 0.000202721 0.000139720 -0.001812535 -0.000202720 1.000000000 -0.000012949 0.001377564 -0.000139723 0.000012920 1.000000000 0.002424662
1.000000000 0.000077556 -0.000014172 0.000011257 -0.000077555 1.000000000 0.000075944 -0.000233935 0.000014178 -0.000075943 1.000000000 0.000206152
1.000000000 0.000092101 0.000070839 -0.000731823 -0.000092107 1.000000000 0.000078616 -0.000561107 -0.000070832 -0.000078623 1.000000000 0.000808263
1.000000000 0.000010043 -0.000026926 -0.000752351 -0.000010042 1.000000000 0.000036785 -0.000272730 0.000026926 -0.000036785 1.000000000 0.000022315
1.000000000 0.000019745 0.000122702 -0.002270603 -0.000019736 1.000000000 -0.000078367 0.000779527 -0.000122704 0.000078364 1.000000000 0.002918296
1.000000000 -0.000066400 0.000079691 -0.000985284 0.000066407 1.000000000 -0.000078218 0.001342966 -0.000079686 0.000078223 1.000000000 0.003423187
1.000000000 0.000049237 0.000142236 -0.000979110 -0.000049232 1.000000000 -0.000030979 0.001361587 -0.000142238 0.000030972 1.000000000 0.001979095
1.000000000 -0.000162555 0.000166698 -0.000781003 0.000162552 1.000000000 0.000020600 -0.000123977 -0.000166701 -0.000020573 1.000000000 0.000464958
1.000000000 -0.000161685 0.000155285 -0.000604159 0.000161680 1.000000000 0.000032211 0.001005783 -0.000155290 -0.000032185 1.000000000 0.003167434
0.999999940 0.000204266 0.000214104 -0.001198970 -0.000204280 1.000000000 0.000065462 -0.000294239 -0.000214091 -0.000065506 1.000000000 0.001151051
1.000000000 -0.000006648 0.000155635 -0.001187338 0.000006647 1.000000000 0.000009732 0.001255899 -0.000155635 -0.000009731 1.000000000 0.003913430
1.000000000 -0.000078148 0.000119466 -0.000985609 0.000078131 1.000000000 0.000141682 0.000623944 -0.000119477 -0.000141673 1.000000000 0.001310120
1.000000000 -0.000033600 0.000139557 -0.000905225 0.000033582 1.000000000 0.000132026 -0.000056169 -0.000139562 -0.000132021 1.000000000 0.001826306
1.000000000 -0.000060407 -0.000009586 0.000029009 0.000060408 1.000000000 0.000090227 0.000408407 0.000009580 -0.000090227 1.000000000 0.001894467
1.000000000 -0.000130481 0.000098524 -0.001506281 0.000130479 1.000000000 0.000020047 0.000699769 -0.000098527 -0.000020034 1.000000000 0.001712977
1.000000000 -0.000066150 0.000156473 -0.001533617 0.000066128 1.000000000 0.000141283 -0.000017867 -0.000156483 -0.000141273 1.000000000 0.002679919
1.000000000 0.000073387 0.000117831 -0.000776635 -0.000073400 1.000000000 0.000107120 -0.000600484 -0.000117824 -0.000107128 1.000000000 0.000811720
0.999999940 0.000150572 0.000237808 -0.001976390 -0.000150599 1.000000000 0.000113532 0.000257087 -0.000237791 -0.000113568 0.999999940 0.001445376
1.000000000 0.000017347 0.000146901 -0.000584660 -0.000017364 1.000000000 0.000114506 -0.000332520 -0.000146899 -0.000114509 1.000000000 0.001250151
1.000000000 0.000115715 0.000210641 -0.001825610 -0.000115711 1.000000000 -0.000022873 0.000315710 -0.000210643 0.000022849 1.000000000 0.000688127
1.000000000 0.000021967 0.000213163 -0.001532719 -0.000022000 1.000000000 0.000153320 0.000089952 -0.000213160 -0.000153325 0.999999940 0.000823480
1.000000000 -0.000104560 0.000123447 -0.000098494 0.000104549 1.000000000 0.000091441 -0.000067108 -0.000123456 -0.000091428 1.000000000 0.000779905
1.000000000 -0.000025023 0.000220897 -0.000811203 0.000025006 1.000000000 0.000078267 -0.000135267 -0.000220899 -0.000078261 1.000000000 0.000045400
1.000000000 -0.000050127 0.000062323 0.000917727 0.000050123 1.000000000 0.000062335 0.000172526 -0.000062326 -0.000062332 1.000000000 0.001232985
1.000000000 -0.000091471 0.000057390 -0.000422884 0.000091467 1.000000000 0.000075731 -0.000192099 -0.000057397 -0.000075726 1.000000000 0.000211550
1.000000000 -0.000003215 0.000180261 -0.001184332 0.000003222 1.000000000 -0.000037406 0.000928946 -0.000180261 0.000037406 1.000000000 0.002697710
1.000000000 0.000191723 0.000106888 -0.001741343 -0.000191717 1.000000000 -0.000059826 0.001399614 -0.000106899 0.000059805 1.000000000 0.002765745
1.000000000 -0.000017125 0.000184241 -0.002127866 0.000017117 1.000000000 0.000044289 0.000566297 -0.000184242 -0.000044286 1.000000000 0.002126168
1.000000000 0.000033356 0.000214649 -0.001910043 -0.000033381 1.000000000 0.000120001 0.000111457 -0.000214645 -0.000120008 0.999999940 0.001801413
1.000000000 -0.000123714 0.000084349 -0.000842277 0.000123709 1.000000000 0.000064167 0.000591812 -0.000084357 -0.000064157 1.000000000 0.002607828
1.000000000 -0.000003273 0.000178729 -0.001840652 0.000003276 1.000000000 -0.000017641 0.001419880 -0.000178729 0.000017641 1.000000000 0.002582666
0.999999940 -0.000080153 0.000275370 -0.001675287 0.000080169 1.000000000 -0.000058893 0.000906970 -0.000275365 0.000058915 0.999999940 0.001861801
1.000000000 -0.000099048 0.000168363 -0.000372663 0.000099048 1.000000000 0.000005047 0.000445842 -0.000168363 -0.000005031 1.000000000 0.000814228
1.000000000 0.000038268 0.000119897 -0.000998025 -0.000038248 1.000000000 -0.000162590 0.002999544 -0.000119904 0.000162585 1.000000000 0.003979086
1.000000000 -0.000121854 0.000105698 -0.001268410 0.000121872 1.000000000 -0.000168799 0.003668990 -0.000105677 0.000168811 1.000000000 0.003891082
1.000000000 -0.000135764 0.000127914 -0.001448150 0.000135768 1.000000000 -0.000033284 0.001426277 -0.000127909 0.000033301 1.000000000 0.002514783
1.000000000 -0.000022775 0.000220810 -0.001660747 0.000022759 1.000000000 0.000072981 0.001012799 -0.000220811 -0.000072976 1.000000000 0.003084981
1.000000000 -0.000170827 0.000120371 -0.000529373 0.000170823 1.000000000 0.000036963 0.001339549 -0.000120378 -0.000036942 1.000000000 0.002788721
0.999999940 -0.000265849 0.000301109 -0.001562985 0.000265900 0.999999940 -0.000168849 0.002621741 -0.000301064 0.000168929 0.999999940 0.004576408
0.999999940 -0.000333778 0.000217708 -0.000392308 0.000333939 0.999999702 -0.000737620 0.001434529 -0.000217462 0.000737692 0.999999702 0.053978600
1.000000000 0.000006948 0.000229372 0.000645984 -0.000006661 0.999999225 -0.001252575 -0.004375472 -0.000229381 0.001252573 0.999999166 0.135948017
1.000000000 0.000212042 0.000033023 0.002100982 -0.000211988 0.999998689 -0.001612587 -0.004152750 -0.000033365 0.001612580 0.999998689 0.256750107
0.999999940 -0.000243257 -0.000114461 0.007084140 0.000243106 0.999999106 -0.001312485 -0.010784542 0.000114780 0.001312457 0.999999106 0.386633456
0.999999940 -0.000282144 -0.000083848 0.007984255 0.000282048 0.999999344 -0.001133920 -0.016217289 0.000084168 0.001133897 0.999999344 0.526324570
0.999999940 0.000246689 0.000114531 0.009223023 -0.000246558 0.999999344 -0.001138923 -0.021839999 -0.000114812 0.001138895 0.999999344 0.676133573
0.999999940 0.000156071 0.000245056 0.016546791 -0.000155810 0.999999404 -0.001064734 -0.022565573 -0.000245222 0.001064696 0.999999404 0.837517440
1.000000000 -0.000173274 0.000089030 0.021057824 0.000173341 0.999999702 -0.000755250 -0.029446311 -0.000088899 0.000755265 0.999999702 1.007776260
0.999999821 0.000547254 0.000209725 0.021228446 -0.000547170 0.999999762 -0.000398321 -0.034218449 -0.000209943 0.000398206 0.999999881 1.190273762
1.000000000 -0.000028007 0.000176094 0.022988284 0.000028168 0.999999583 -0.000915695 -0.034083679 -0.000176068 0.000915700 0.999999583 1.379612684
1.000000000 -0.000119618 0.000080045 0.033274338 0.000119694 0.999999523 -0.000954307 -0.039968863 -0.000079931 0.000954317 0.999999523 1.569949627
0.999999762 0.000607368 0.000299028 0.036348507 -0.000607270 0.999999762 -0.000328055 -0.052877512 -0.000299227 0.000327874 0.999999881 1.749481916
0.999999225 0.001190091 0.000385178 0.032909483 -0.001190491 0.999998748 0.001040044 -0.080449156 -0.000383940 -0.001040502 0.999999344 1.921258688
0.999998510 0.001597886 0.000623799 0.032244422 -0.001598248 0.999998510 0.000580075 -0.080175057 -0.000622872 -0.000581071 0.999999583 2.138133049
0.999999166 0.001115816 0.000635541 0.041377001 -0.001116323 0.999999166 0.000796851 -0.089054152 -0.000634651 -0.000797560 0.999999404 2.357386827
0.999999046 0.001241237 0.000647936 0.045010183 -0.001241563 0.999999046 0.000503552 -0.091254286 -0.000647311 -0.000504356 0.999999642 2.583641768
0.999999046 0.001201786 0.000659817 0.054273255 -0.001202403 0.999998748 0.000934776 -0.104690976 -0.000658693 -0.000935568 0.999999285 2.802007437
0.999999464 0.000925437 0.000554299 0.056217086 -0.000925901 0.999999225 0.000837337 -0.108586229 -0.000553523 -0.000837849 0.999999404 3.042415857
0.999999523 0.000748133 0.000658782 0.062628321 -0.000748698 0.999999344 0.000858269 -0.115615651 -0.000658139 -0.000858762 0.999999404 3.286739826
0.999999404 0.000980553 0.000583677 0.072641134 -0.000981293 0.999998748 0.001270422 -0.129832357 -0.000582431 -0.001270994 0.999998987 3.525136709
0.999999464 0.000866936 0.000622679 0.073888853 -0.000867479 0.999999285 0.000871633 -0.129461586 -0.000621923 -0.000872173 0.999999344 3.787162781
0.999998450 0.001344382 0.001207536 0.067117624 -0.001345261 0.999998927 0.000727620 -0.130944520 -0.001206556 -0.000729244 0.999998987 4.056895256
0.999998868 0.001271348 0.000817768 0.078951620 -0.001272546 0.999998033 0.001466355 -0.146687776 -0.000815902 -0.001467394 0.999998510 4.293158054
0.999999762 0.000621739 0.000561171 0.089299999 -0.000622545 0.999998748 0.001436385 -0.153703421 -0.000560277 -0.001436734 0.999998748 4.550601959
0.999999344 0.000694900 0.000927550 0.095019586 -0.000696056 0.999998987 0.001246087 -0.158225045 -0.000926683 -0.001246732 0.999998748 4.809561253
0.999998927 0.001216601 0.000817330 0.094963543 -0.001217600 0.999998510 0.001223143 -0.160733208 -0.000815841 -0.001224137 0.999998868 5.073510647
0.999998629 0.001366840 0.000911186 0.096042909 -0.001368287 0.999997735 0.001589280 -0.176595107 -0.000909011 -0.001590524 0.999998271 5.323360443
0.999997556 0.001781179 0.001331164 0.098945111 -0.001783010 0.999997377 0.001375506 -0.179955617 -0.001328710 -0.001377876 0.999998152 5.596319199
0.999998212 0.001660125 0.000914381 0.109737165 -0.001661778 0.999996960 0.001809489 -0.192473859 -0.000911374 -0.001811005 0.999997914 5.863994598
0.999998808 0.001370255 0.000719413 0.119354330 -0.001371462 0.999997616 0.001679965 -0.198661640 -0.000717109 -0.001680949 0.999998331 6.145585537
0.999998689 0.001226546 0.001035992 0.122858435 -0.001228536 0.999997377 0.001922228 -0.213430077 -0.001033631 -0.001923498 0.999997616 6.427932739
0.999999046 0.001032888 0.000867673 0.130774319 -0.001034713 0.999997199 0.002105420 -0.222542450 -0.000865496 -0.002106316 0.999997437 6.712305069
0.999998629 0.001256958 0.001022944 0.139287919 -0.001259585 0.999995828 0.002571102 -0.240106925 -0.001019708 -0.002572387 0.999996185 6.999649525
0.999998868 0.001215384 0.000842669 0.145487785 -0.001217222 0.999996901 0.002183701 -0.241669461 -0.000840012 -0.002184724 0.999997258 7.314462662
0.999998808 0.001002272 0.001159615 0.145808011 -0.001004574 0.999997497 0.001986599 -0.248778865 -0.001157621 -0.001987762 0.999997318 7.619887352
0.999998033 0.001315624 0.001506246 0.149065763 -0.001318873 0.999996781 0.002158192 -0.259861410 -0.001503402 -0.002160175 0.999996603 7.940464973
0.999997497 0.001594986 0.001579757 0.156929493 -0.001598467 0.999996305 0.002204926 -0.265870273 -0.001576235 -0.002207445 0.999996364 8.256619453
0.999997616 0.001229438 0.001791244 0.161588505 -0.001233024 0.999997199 0.002001754 -0.273095787 -0.001788778 -0.002003958 0.999996424 8.586010933
0.999997675 0.001425562 0.001605171 0.171153054 -0.001429542 0.999995887 0.002481179 -0.290976644 -0.001601627 -0.002483468 0.999995649 8.895056725
0.999998808 0.000668919 0.001394480 0.184443727 -0.000672695 0.999996126 0.002708945 -0.303705394 -0.001392663 -0.002709880 0.999995351 9.230863571
0.999998510 0.001019511 0.001399803 0.189850092 -0.001023346 0.999995708 0.002741778 -0.311943859 -0.001397002 -0.002743206 0.999995291 9.585445404
0.999998152 0.000835943 0.001730788 0.196217760 -0.000839611 0.999997377 0.002119967 -0.313423365 -0.001729011 -0.002121416 0.999996245 9.933802605
0.999997616 0.001210221 0.001780581 0.197275341 -0.001215382 0.999994993 0.002900048 -0.333991468 -0.001777063 -0.002902205 0.999994218 10.270276070
0.999997318 0.001247005 0.001941447 0.203272909 -0.001252664 0.999994934 0.002916087 -0.343715400 -0.001937801 -0.002918511 0.999993861 10.629138947
0.999997020 0.000988776 0.002210211 0.212437496 -0.000995328 0.999995112 0.002965329 -0.349543124 -0.002207268 -0.002967520 0.999993145 10.987236977
0.999995589 0.001678075 0.002456977 0.213708907 -0.001685053 0.999994516 0.002841089 -0.362747312 -0.002452196 -0.002845217 0.999992967 11.367617607
0.999996185 0.001565427 0.002293565 0.223376125 -0.001572262 0.999994278 0.002981157 -0.369089931 -0.002288885 -0.002984752 0.999992907 11.750655174
0.999996066 0.001333917 0.002458785 0.234150738 -0.001341329 0.999994516 0.003015157 -0.380859673 -0.002454749 -0.003018444 0.999992430 12.143784523
0.999994874 0.001928260 0.002558315 0.239284620 -0.001935079 0.999994576 0.002665598 -0.388473302 -0.002553162 -0.002670535 0.999993145 12.526219368
0.999994576 0.001897896 0.002703616 0.245169774 -0.001906987 0.999992549 0.003363736 -0.399935573 -0.002697211 -0.003368874 0.999990702 12.929578781
0.999991775 0.002389741 0.003286748 0.251006067 -0.002399067 0.999993086 0.002836441 -0.408616871 -0.003279946 -0.002844303 0.999990523 13.333678246
0.999995112 0.001668582 0.002647439 0.267141044 -0.001676521 0.999994099 0.002999150 -0.422167212 -0.002642419 -0.003003574 0.999992013 13.732817650
0.999994934 0.001678412 0.002696037 0.275862217 -0.001685729 0.999994874 0.002714143 -0.429613918 -0.002691468 -0.002718674 0.999992728 14.143556595
0.999993324 0.001800769 0.003176086 0.288154244 -0.001810323 0.999993861 0.003007861 -0.444000900 -0.003170650 -0.003013591 0.999990463 14.568978310
0.999992490 0.001983642 0.003335147 0.296171844 -0.001993800 0.999993384 0.003045141 -0.454695046 -0.003329084 -0.003051767 0.999989808 15.005684853
0.999991357 0.001929299 0.003696065 0.308569521 -0.001940989 0.999993145 0.003161763 -0.466995329 -0.003689939 -0.003168910 0.999988198 15.434759140
0.999987960 0.002132658 0.004417759 0.315415174 -0.002146199 0.999993026 0.003062735 -0.478668183 -0.004411196 -0.003072180 0.999985576 15.887813568
0.999990582 0.001748997 0.003972552 0.329113573 -0.001761153 0.999993801 0.003058699 -0.488993794 -0.003967178 -0.003065667 0.999987423 16.321872711
0.999987245 0.002261817 0.004524383 0.336039275 -0.002273987 0.999993861 0.002686315 -0.502154052 -0.004518279 -0.002696569 0.999986172 16.761993408
0.999986768 0.001990801 0.004737396 0.345513552 -0.002005529 0.999993145 0.003106157 -0.515606105 -0.004731180 -0.003115617 0.999983966 17.225494385
0.999986053 0.002082026 0.004855822 0.354494452 -0.002099519 0.999991298 0.003600165 -0.528436065 -0.004848284 -0.003610310 0.999981761 17.691755295
0.999980807 0.002425444 0.005699427 0.364167184 -0.002444019 0.999991655 0.003254423 -0.538271546 -0.005691486 -0.003268290 0.999978542 18.158634186
0.999982119 0.001962653 0.005634968 0.381645232 -0.001982554 0.999991775 0.003528181 -0.552539289 -0.005627998 -0.003539290 0.999977827 18.609062195
0.999983013 0.002040719 0.005447154 0.394901693 -0.002059263 0.999992132 0.003400869 -0.561890006 -0.005440171 -0.003412029 0.999979317 19.086980820
0.999979317 0.002326445 0.005985287 0.407519758 -0.002343008 0.999993443 0.002761728 -0.567087233 -0.005978823 -0.002775695 0.999978185 19.574848175
0.999981999 0.002081156 0.005648636 0.420323968 -0.002101772 0.999991119 0.003646346 -0.594790876 -0.005640997 -0.003658152 0.999977410 20.059085846
0.999979734 0.002534515 0.005833724 0.431370109 -0.002555403 0.999990284 0.003575853 -0.606712520 -0.005824605 -0.003590688 0.999976635 20.554386139
0.999978781 0.002662099 0.005938658 0.443291843 -0.002682366 0.999990642 0.003407344 -0.612144947 -0.005929531 -0.003423201 0.999976575 21.063987732
0.999986291 0.002458048 0.004617450 0.456134558 -0.002475203 0.999990046 0.003713083 -0.634105086 -0.004608277 -0.003724461 0.999982417 21.575551987
0.999984622 0.002819131 0.004766599 0.462135911 -0.002836520 0.999989271 0.003645237 -0.646804154 -0.004756273 -0.003658702 0.999981940 22.080106735
0.999990702 0.002307475 0.003677678 0.481931299 -0.002322295 0.999989152 0.004030457 -0.660395205 -0.003668338 -0.004038960 0.999985099 22.590723038
0.999993563 0.002010678 0.002963933 0.496623695 -0.002022581 0.999989867 0.004018302 -0.676713169 -0.002955824 -0.004024270 0.999987543 23.103809357
0.999994814 0.002075919 0.002456618 0.503737867 -0.002085401 0.999990284 0.003863743 -0.688346326 -0.002448574 -0.003868845 0.999989510 23.631914139
0.999996960 0.001425700 0.002035696 0.514832914 -0.001432688 0.999993026 0.003435584 -0.696926892 -0.002030783 -0.003438489 0.999992013 24.169401169
0.999995172 0.002617075 0.001753340 0.519100606 -0.002623342 0.999990106 0.003580977 -0.709990025 -0.001743951 -0.003585559 0.999992013 24.697895050
0.999996066 0.002512983 0.001233156 0.528844774 -0.002518028 0.999988377 0.004106892 -0.725701451 -0.001222821 -0.004109981 0.999990821 25.243320465
0.999995351 0.002778581 0.001305455 0.532627821 -0.002783306 0.999989510 0.003631169 -0.728063703 -0.001295352 -0.003634785 0.999992549 25.786394119
0.999996901 0.002533240 0.000149627 0.547699630 -0.002533815 0.999988854 0.003974673 -0.754524410 -0.000139557 -0.003975039 0.999992013 26.338762283
0.999998987 0.001287134 -0.000681606 0.565640211 -0.001283863 0.999987721 0.004778166 -0.769905508 0.000687748 -0.004777285 0.999988377 26.891017914
0.999997318 0.002022180 -0.001131230 0.582616627 -0.002016648 0.999986112 0.004870278 -0.790357351 0.001141063 -0.004867983 0.999987423 27.438522339
0.999994338 0.003033047 -0.001427440 0.582474232 -0.003026229 0.999984145 0.004754423 -0.806195915 0.001441837 -0.004750077 0.999987602 27.988471985
0.999992430 0.003728575 -0.001124087 0.585347056 -0.003722626 0.999979377 0.005247977 -0.820787549 0.001143632 -0.005243752 0.999985576 28.539716721
0.999993801 0.003023424 -0.001794547 0.605708718 -0.003013854 0.999981403 0.005311509 -0.836662352 0.001810572 -0.005306067 0.999984264 29.067138672
0.999991894 0.003494014 -0.002005977 0.608073831 -0.003482411 0.999977291 0.005758682 -0.858038425 0.002026053 -0.005751650 0.999981344 29.627433777
0.999990582 0.003661445 -0.002318692 0.615818441 -0.003648450 0.999977708 0.005583775 -0.866922259 0.002339085 -0.005575262 0.999981642 30.177125931
0.999991775 0.003446360 -0.002138569 0.623887956 -0.003435008 0.999980092 0.005289678 -0.880233049 0.002156756 -0.005282288 0.999983728 30.727350235
0.999989927 0.003603033 -0.002674407 0.633197844 -0.003588686 0.999979198 0.005349644 -0.895813704 0.002693627 -0.005339993 0.999982119 31.259155273
0.999987900 0.003926947 -0.002967276 0.640714228 -0.003910278 0.999976635 0.005602656 -0.905355334 0.002989208 -0.005590986 0.999979913 31.814344406
0.999988198 0.004206709 -0.002435125 0.652561426 -0.004192644 0.999974668 0.005752434 -0.921537757 0.002459262 -0.005742156 0.999980509 32.354843140
0.999989152 0.003259985 -0.003333155 0.653875291 -0.003241318 0.999979138 0.005590320 -0.935342610 0.003351309 -0.005579455 0.999978840 32.907825470
0.999988794 0.002913428 -0.003748926 0.667406857 -0.002890403 0.999976993 0.006132476 -0.951989412 0.003766706 -0.006121571 0.999974251 33.444736481
0.999987364 0.003056716 -0.004003324 0.679964662 -0.003034675 0.999980271 0.005500101 -0.960368514 0.004020057 -0.005487883 0.999976873 33.992229462
0.999986708 0.002907477 -0.004242670 0.681951761 -0.002883751 0.999980211 0.005587571 -0.975962877 0.004258831 -0.005575262 0.999975383 34.538574219
0.999985456 0.003325283 -0.004259843 0.690944552 -0.003300530 0.999977767 0.005804852 -0.991777778 0.004279051 -0.005790707 0.999974072 35.079517365
0.999984145 0.003724038 -0.004208394 0.706005335 -0.003698382 0.999974668 0.006087820 -1.008404493 0.004230958 -0.006072159 0.999972641 35.627933502
0.999985814 0.002987541 -0.004411251 0.699703455 -0.002963604 0.999980927 0.005422912 -1.006496906 0.004427368 -0.005409762 0.999975562 36.173492432
0.999985099 0.003123358 -0.004458783 0.707947969 -0.003099350 0.999980748 0.005381123 -1.017103672 0.004475504 -0.005367225 0.999975562 36.731296539
0.999985814 0.002958320 -0.004438548 0.716146290 -0.002931091 0.999976993 0.006128733 -1.039247990 0.004456577 -0.006115636 0.999971330 37.249870300
0.999984384 0.003212767 -0.004576869 0.720307469 -0.003186460 0.999978423 0.005743760 -1.052574754 0.004595223 -0.005729086 0.999973059 37.808528900
0.999984086 0.003528342 -0.004411924 0.724366486 -0.003501161 0.999974847 0.006153382 -1.066881776 0.004433524 -0.006137836 0.999971390 38.357055664
0.999982774 0.002889413 -0.005090587 0.743933201 -0.002858854 0.999977827 0.006000296 -1.077580452 0.005107812 -0.005985640 0.999969065 38.898830414
0.999980748 0.003569835 -0.005078382 0.746079206 -0.003539275 0.999975681 0.006014123 -1.095616341 0.005099729 -0.005996033 0.999969006 39.433319092
0.999977708 0.003129079 -0.005902299 0.766013861 -0.003089351 0.999972582 0.006728245 -1.116070390 0.005923190 -0.006709861 0.999960005 39.968280792
0.999977767 0.003429637 -0.005708100 0.770346463 -0.003392475 0.999973059 0.006507335 -1.132741213 0.005730264 -0.006487826 0.999962568 40.513282776
0.999979854 0.002842437 -0.005671734 0.778654158 -0.002808026 0.999977648 0.006065799 -1.135016203 0.005688848 -0.006049751 0.999965489 41.084125519
0.999978304 0.003462229 -0.005598081 0.783468366 -0.003428759 0.999976277 0.005977419 -1.140714645 0.005618643 -0.005958096 0.999966443 41.633434296
0.999976993 0.003513372 -0.005800713 0.799343824 -0.003480661 0.999978006 0.005639876 -1.157851338 0.005820401 -0.005619556 0.999967277 42.166217804
0.999978185 0.003328041 -0.005706522 0.790817022 -0.003294149 0.999976933 0.005938142 -1.164317608 0.005726153 -0.005919214 0.999966025 42.719448090
0.999979496 0.002864653 -0.005732683 0.799759090 -0.002830760 0.999978542 0.005911561 -1.174071312 0.005749495 -0.005895211 0.999966085 43.265384674
0.999979138 0.003756538 -0.005260072 0.801965475 -0.003726159 0.999976397 0.005773009 -1.191575170 0.005281634 -0.005753288 0.999969542 43.805728912
0.999980986 0.003248218 -0.005233182 0.802297413 -0.003215342 0.999975085 0.006278327 -1.206283569 0.005253444 -0.006261382 0.999966621 44.356124878
0.999978900 0.003424110 -0.005510782 0.817288160 -0.003390788 0.999975979 0.006044811 -1.212644577 0.005531348 -0.006025998 0.999966562 44.916973114
0.999981701 0.003886890 -0.004618022 0.816438794 -0.003858280 0.999973416 0.006187938 -1.219681025 0.004641951 -0.006170006 0.999970257 45.464523315
0.999981523 0.003328979 -0.005086828 0.822142661 -0.003297720 0.999975622 0.006141138 -1.238692880 0.005107148 -0.006124248 0.999968231 45.995464325
0.999984384 0.002808639 -0.004846344 0.833709896 -0.002781977 0.999980986 0.005499398 -1.248235106 0.004861698 -0.005485829 0.999973178 46.535144806
0.999980390 0.003551882 -0.005143863 0.847077847 -0.003518748 0.999973059 0.006436289 -1.270494938 0.005166586 -0.006418063 0.999966085 47.059307098
0.999981105 0.003352262 -0.005149138 0.837350368 -0.003320225 0.999975264 0.006217817 -1.274167418 0.005169853 -0.006200603 0.999967396 47.614994049
0.999980032 0.003432093 -0.005285285 0.846567452 -0.003400262 0.999976099 0.006019841 -1.285878062 0.005305819 -0.006001750 0.999967933 48.157962799
0.999983549 0.003982830 -0.004118745 0.847617328 -0.003958927 0.999975383 0.005795609 -1.293832421 0.004141727 -0.005779208 0.999974728 48.705112457
0.999979854 0.003556536 -0.005252437 0.862851501 -0.003524827 0.999975562 0.006033990 -1.306656361 0.005273770 -0.006015355 0.999967933 49.253623962
0.999982536 0.003178701 -0.004973552 0.872062624 -0.003150128 0.999978483 0.005742358 -1.315299511 0.004991699 -0.005726591 0.999971092 49.805072784
0.999982715 0.002927719 -0.005095754 0.882810652 -0.002898532 0.999979377 0.005725730 -1.326915264 0.005112413 -0.005710861 0.999970615 50.355461121
0.999981940 0.003304173 -0.005014344 0.880693078 -0.003275000 0.999977708 0.005815032 -1.343281388 0.005033446 -0.005798506 0.999970436 50.888736725
0.999984801 0.003473261 -0.004282250 0.885909081 -0.003449735 0.999979019 0.005489217 -1.353121281 0.004301225 -0.005474361 0.999975681 51.440315247
0.999979675 0.003183929 -0.005528818 0.906747222 -0.003150969 0.999977231 0.005959728 -1.370378733 0.005547668 -0.005942186 0.999966979 51.976852417
0.999982357 0.003214169 -0.005006002 0.913003266 -0.003187476 0.999980628 0.005330977 -1.380871058 0.005023041 -0.005314927 0.999973238 52.531112671
0.999984264 0.002804916 -0.004858258 0.921355844 -0.002779560 0.999982595 0.005218066 -1.388176441 0.004872810 -0.005204481 0.999974549 53.070281982
0.999983370 0.003082422 -0.004872066 0.921619654 -0.003052962 0.999977112 0.006042459 -1.407998562 0.004890579 -0.006027484 0.999969900 53.593200684
0.999984324 0.002974357 -0.004741163 0.931019068 -0.002947487 0.999979615 0.005664344 -1.417984605 0.004757914 -0.005650281 0.999972701 54.146865845
0.999982595 0.003326077 -0.004856888 0.934489131 -0.003296914 0.999976516 0.005999940 -1.434500813 0.004876730 -0.005983822 0.999970198 54.697673798
0.999984205 0.003498796 -0.004377841 0.935435414 -0.003474628 0.999978781 0.005515968 -1.443285823 0.004397047 -0.005500670 0.999975204 55.247585297
0.999982834 0.004343130 -0.003923795 0.937097847 -0.004320841 0.999974608 0.005671378 -1.453063369 0.003948327 -0.005654326 0.999976158 55.797554016
0.999982655 0.003098902 -0.005013313 0.957472801 -0.003070230 0.999978900 0.005716654 -1.465188503 0.005030922 -0.005701163 0.999971092 56.336639404
0.999981880 0.002937069 -0.005249259 0.978157043 -0.002910089 0.999982536 0.005139905 -1.479750395 0.005264263 -0.005124537 0.999972999 56.864383698
0.999980748 0.004065583 -0.004701084 0.968648374 -0.004040090 0.999977112 0.005419478 -1.485076070 0.004723010 -0.005400380 0.999974310 57.343425751
0.999982357 0.003443543 -0.004843593 0.982899547 -0.003414743 0.999976456 0.005941831 -1.509616137 0.004863940 -0.005925187 0.999970615 57.933090210
0.999982119 0.003461177 -0.004883203 0.996303022 -0.003432208 0.999976516 0.005928267 -1.524870396 0.004903607 -0.005911400 0.999970496 58.471611023
0.999985695 0.003003562 -0.004427312 0.998046458 -0.002980925 0.999982536 0.005110790 -1.522359490 0.004442585 -0.005097520 0.999977171 59.015499115
0.999983072 0.003092221 -0.004917050 1.008925796 -0.003064787 0.999979734 0.005577285 -1.540918827 0.004934196 -0.005562122 0.999972343 59.567611694
0.999983251 0.003033188 -0.004934209 1.019199014 -0.003005896 0.999980152 0.005529364 -1.552332520 0.004950884 -0.005514440 0.999972522 60.111137390
0.999982297 0.003453381 -0.004845168 1.024278760 -0.003426533 0.999978781 0.005538730 -1.562037945 0.004864193 -0.005522030 0.999972939 60.661846161
0.999982893 0.004011176 -0.004257683 1.017046452 -0.003986232 0.999974966 0.005850975 -1.582290173 0.004281046 -0.005833904 0.999973834 61.180034637
0.999984980 0.003497887 -0.004233193 1.030504704 -0.003472970 0.999976695 0.005879054 -1.595444441 0.004253658 -0.005864264 0.999973774 61.723026276
0.999978900 0.004367078 -0.004799993 1.042037368 -0.004339410 0.999974012 0.005759552 -1.603976011 0.004825021 -0.005738601 0.999971867 62.279224396
0.999980867 0.004299964 -0.004444216 1.045737505 -0.004274184 0.999974012 0.005794250 -1.616832733 0.004469016 -0.005775143 0.999973357 62.805355072
0.999982774 0.003839469 -0.004431546 1.054354429 -0.003815654 0.999978244 0.005370085 -1.624021292 0.004452067 -0.005353082 0.999975741 63.355270386
0.999981344 0.004586269 -0.004028589 1.045404911 -0.004561645 0.999970973 0.006100622 -1.645087242 0.004056450 -0.006082131 0.999973297 63.892246246
0.999982357 0.003860450 -0.004499209 1.069174528 -0.003834979 0.999976635 0.005656246 -1.650543451 0.004520939 -0.005638892 0.999973893 64.421630859
0.999982238 0.003735409 -0.004630911 1.080609322 -0.003712524 0.999980927 0.004940752 -1.657379270 0.004649278 -0.004923473 0.999977052 64.959075928
0.999982178 0.004131025 -0.004302373 1.085756660 -0.004106670 0.999975562 0.005654547 -1.675963163 0.004325627 -0.005636777 0.999974787 65.508621216
0.999981701 0.004224076 -0.004322120 1.090287209 -0.004200212 0.999975979 0.005515441 -1.687379837 0.004345315 -0.005497186 0.999975383 66.038291931
0.999983668 0.004352984 -0.003704167 1.089917541 -0.004331450 0.999973834 0.005801496 -1.698028922 0.003729324 -0.005785357 0.999976277 66.587265015
0.999981165 0.004219820 -0.004472543 1.115565777 -0.004192140 0.999972165 0.006180009 -1.717860579 0.004498497 -0.006161142 0.999970913 67.125709534
0.999981761 0.004365625 -0.004168112 1.109501600 -0.004339432 0.999970913 0.006272749 -1.731589079 0.004195375 -0.006254547 0.999971628 67.653259277
0.999981999 0.004316190 -0.004165291 1.122833610 -0.004289842 0.999970913 0.006313832 -1.751357913 0.004192421 -0.006295851 0.999971390 68.180152893
0.999982536 0.004237290 -0.004118421 1.129174829 -0.004211910 0.999972165 0.006151617 -1.760705352 0.004144373 -0.006134162 0.999972582 68.733108521
0.999981642 0.004741644 -0.003749342 1.122314930 -0.004718480 0.999969840 0.006162886 -1.768325329 0.003778451 -0.006145082 0.999974012 69.275581360
0.999981701 0.005071889 -0.003304399 1.117200375 -0.005052033 0.999969304 0.005989753 -1.781677723 0.003334677 -0.005972948 0.999976575 69.803428650
0.999985456 0.004276944 -0.003328366 1.129369259 -0.004257523 0.999973953 0.005820374 -1.793155193 0.003353172 -0.005806118 0.999977529 70.343803406
0.999984026 0.003745272 -0.004242553 1.148329020 -0.003719967 0.999975264 0.005956763 -1.804481506 0.004264758 -0.005940885 0.999973238 70.876152039
0.999981523 0.004998570 -0.003464096 1.148118734 -0.004977346 0.999968946 0.006108540 -1.823124647 0.003494523 -0.006091185 0.999975264 71.407524109
0.999980271 0.005149153 -0.003600414 1.161134720 -0.005126275 0.999966741 0.006334777 -1.840517044 0.003632913 -0.006316196 0.999973416 71.949363708
0.999978006 0.005752523 -0.003300090 1.164544821 -0.005731632 0.999963760 0.006305217 -1.853772640 0.003336241 -0.006286164 0.999974668 72.487731934
0.999982059 0.005091058 -0.003153342 1.164467216 -0.005071512 0.999968052 0.006175974 -1.858801126 0.003184683 -0.006159872 0.999975979 73.012443542
0.999980748 0.005200478 -0.003391347 1.173210144 -0.005182389 0.999972463 0.005321184 -1.860963583 0.003418927 -0.005303507 0.999980092 73.555671692
0.999978781 0.005041318 -0.004121255 1.185906649 -0.005015141 0.999967337 0.006337490 -1.885271072 0.004153069 -0.006316687 0.999971449 74.072692871
0.999982834 0.004827111 -0.003313254 1.194473743 -0.004805393 0.999967098 0.006531703 -1.893494606 0.003344674 -0.006515670 0.999973178 74.606834412
0.999982297 0.004379808 -0.004011650 1.207011104 -0.004354571 0.999970794 0.006278010 -1.904108644 0.004039029 -0.006260430 0.999972284 75.158081055
0.999983549 0.004275537 -0.003830625 1.216788530 -0.004250714 0.999970019 0.006465005 -1.920162797 0.003858151 -0.006448615 0.999971747 75.683464050
0.999982417 0.004784785 -0.003510565 1.220958710 -0.004762549 0.999968708 0.006315370 -1.930305243 0.003540673 -0.006298539 0.999973893 76.233451843
0.999980807 0.005226552 -0.003328690 1.233655453 -0.005205605 0.999966800 0.006270964 -1.943776608 0.003361355 -0.006253515 0.999974728 76.755874634
0.999984503 0.004636106 -0.003081876 1.233737230 -0.004616550 0.999969363 0.006322440 -1.953094244 0.003111093 -0.006308113 0.999975264 77.306686401
0.999983668 0.004392630 -0.003655563 1.242583394 -0.004368815 0.999969423 0.006497120 -1.964574575 0.003683990 -0.006481044 0.999972224 77.841972351
0.999983609 0.004593614 -0.003417250 1.249265194 -0.004572663 0.999970794 0.006113289 -1.977612138 0.003445233 -0.006097564 0.999975443 78.371810913
0.999983370 0.004422172 -0.003715045 1.265755773 -0.004397968 0.999969184 0.006498310 -1.993675828 0.003743668 -0.006481862 0.999971986 78.911102295
0.999984384 0.004519068 -0.003277554 1.274433494 -0.004499106 0.999971449 0.006072245 -1.999017954 0.003304902 -0.006057404 0.999976158 79.456283569
0.999983966 0.004618326 -0.003300343 1.285401106 -0.004597038 0.999968827 0.006428684 -2.015480757 0.003329930 -0.006413408 0.999973893 80.000831604
0.999988079 0.004312895 -0.002291091 1.296741486 -0.004299367 0.999973476 0.005877302 -2.021759272 0.002316379 -0.005867382 0.999980152 80.549964905
0.999987006 0.004902628 -0.001404106 1.311188698 -0.004894061 0.999969780 0.006041924 -2.032468557 0.001433685 -0.006034973 0.999980748 81.075515747
0.999988079 0.004894342 -0.000172591 1.322077990 -0.004893254 0.999971092 0.005824433 -2.043510914 0.000201093 -0.005823518 0.999983072 81.618705750
0.999987602 0.004808973 0.001320475 1.332218051 -0.004816889 0.999970078 0.006058429 -2.054186344 -0.001291301 -0.006064714 0.999980807 82.165672302
0.999977469 0.005130055 0.004319688 1.355435371 -0.005154121 0.999971151 0.005578521 -2.064567089 -0.004290946 -0.005600660 0.999975085 82.718040466
0.999963462 0.004217362 0.007437488 1.378333807 -0.004255394 0.999977887 0.005105059 -2.071561337 -0.007415793 -0.005136522 0.999959290 83.266181946
0.999924600 0.004527190 0.011416970 1.386016130 -0.004591930 0.999973595 0.005650759 -2.089721680 -0.011391085 -0.005702760 0.999918878 83.796989441
0.999857545 0.005217486 0.016054211 1.417485356 -0.005315292 0.999967515 0.006055618 -2.106924295 -0.016022097 -0.006140088 0.999852777 84.349922180
0.999751806 0.004863128 0.021747019 1.440944433 -0.004989007 0.999971092 0.005737853 -2.113676071 -0.021718489 -0.005844923 0.999747038 84.878364563
0.999620497 0.004614396 0.027162710 1.474861622 -0.004777333 0.999970973 0.005936722 -2.131997347 -0.027134534 -0.006064233 0.999613404 85.418449402
0.999454021 0.004001745 0.032798082 1.507173300 -0.004187328 0.999975622 0.005591601 -2.137408972 -0.032774907 -0.005725884 0.999446332 85.961585999
0.999150574 0.004107255 0.041003570 1.543700457 -0.004333362 0.999975860 0.005426975 -2.146681786 -0.040980294 -0.005600048 0.999144256 86.516960144
0.998770535 0.004079232 0.049405158 1.590768814 -0.004363017 0.999974549 0.005637568 -2.165383577 -0.049380906 -0.005846192 0.998762906 87.063484192
0.998392880 0.003485049 0.056564488 1.631535769 -0.003801678 0.999977648 0.005491010 -2.171603203 -0.056544103 -0.005697225 0.998383820 87.621612549
0.997864842 0.004011656 0.065190755 1.696164131 -0.004410363 0.999972403 0.005973241 -2.189371347 -0.065165006 -0.006248001 0.997854948 88.131744385
0.997115850 0.004484557 0.075761989 1.740173340 -0.004925071 0.999971986 0.005628613 -2.200678825 -0.075734645 -0.005985512 0.997110069 88.683219910
0.996419132 0.003890511 0.084461682 1.799266815 -0.004303899 0.999979675 0.004712853 -2.199663877 -0.084441617 -0.005059491 0.996415675 89.237693787
0.995679319 0.004583488 0.092745639 1.860439777 -0.005143094 0.999969900 0.005795664 -2.230586529 -0.092716292 -0.006247622 0.995673001 89.789154053
0.994670630 0.003712851 0.103036746 1.943490505 -0.004272067 0.999977291 0.005207199 -2.232736111 -0.103015058 -0.005619628 0.994663894 90.339698792
0.993509889 0.003889351 0.113680035 2.016111374 -0.004511718 0.999976218 0.005217958 -2.241236448 -0.113657035 -0.005696985 0.993503630 90.886367798
0.992414236 0.003858428 0.122878976 2.109733582 -0.004525707 0.999976456 0.005151714 -2.254952908 -0.122856215 -0.005668749 0.992408156 91.422615051
0.991000652 0.003119315 0.133820683 2.206066132 -0.003824533 0.999980032 0.005013138 -2.266612530 -0.133802429 -0.005479824 0.990992844 91.986206055
0.989274621 0.002782325 0.146041408 2.308320999 -0.003550934 0.999981165 0.005002522 -2.281691790 -0.146024734 -0.005467451 0.989265859 92.521965027
0.987717390 0.002032541 0.156237796 2.422697067 -0.002806154 0.999984741 0.004731098 -2.290211678 -0.156225830 -0.005111414 0.987708151 93.056106567
0.985970438 0.002965301 0.166893318 2.531008720 -0.003875026 0.999979317 0.005125563 -2.304675102 -0.166874662 -0.005700369 0.985961676 93.592666626
0.983662665 0.002386566 0.180005863 2.637398720 -0.003384996 0.999980569 0.005239680 -2.315874815 -0.179989874 -0.005763397 0.983651519 94.137016296
0.981337011 0.001653329 0.192288980 2.763695717 -0.002634112 0.999984801 0.004845039 -2.323159695 -0.192278057 -0.005261126 0.981326401 94.679290771
0.979265273 0.001000419 0.202580169 2.897605896 -0.002016916 0.999986410 0.004811378 -2.331749439 -0.202572614 -0.005120203 0.979253829 95.207717896
0.976413548 0.001760972 0.215902120 3.020948410 -0.002902044 0.999983370 0.004968230 -2.340091705 -0.215889826 -0.005477604 0.976402402 95.740806580
0.973431528 0.001638251 0.228972465 3.170677185 -0.003010773 0.999979436 0.005645063 -2.355700493 -0.228958532 -0.006184467 0.973416567 96.269515991
0.970723987 0.001529880 0.240192533 3.324089050 -0.003043754 0.999977708 0.005931905 -2.369147301 -0.240178108 -0.006489329 0.970707119 96.789154053
0.967641711 0.000917238 0.252326608 3.473316193 -0.002218395 0.999985695 0.004872202 -2.374569178 -0.252318531 -0.005274306 0.967629850 97.328338623
0.963907361 0.001513358 0.266233414 3.639368057 -0.003060327 0.999980807 0.005395802 -2.389304876 -0.266220123 -0.006015815 0.963893414 97.868507385
0.960336208 0.000482472 0.278844178 3.816862106 -0.001859402 0.999987364 0.004673526 -2.388293743 -0.278838426 -0.005006640 0.960324943 98.383163452
0.957005560 0.000724136 0.290068746 3.980733871 -0.002290194 0.999984562 0.005059501 -2.410060883 -0.290060610 -0.005506284 0.956992447 98.880737305
0.952686369 0.001125127 0.303953052 4.159967422 -0.002855619 0.999982119 0.005248844 -2.421641588 -0.303941756 -0.005868476 0.952672541 99.395599365
0.948480666 0.000141534 0.316835225 4.361083984 -0.001825248 0.999985695 0.005017371 -2.435941219 -0.316830039 -0.005337182 0.948467314 99.895744324
0.944413662 -0.000170518 0.328759789 4.557975769 -0.001584469 0.999985874 0.005070298 -2.438140869 -0.328755975 -0.005309367 0.944399953 100.427360535
0.939742804 -0.000641277 0.341881484 4.767526627 -0.001056968 0.999988019 0.004781035 -2.451487541 -0.341880381 -0.004854302 0.939730942 100.942283630
0.934512258 -0.000472798 0.355930537 4.984224319 -0.001662983 0.999982357 0.005694562 -2.472490788 -0.355926961 -0.005913544 0.934495032 101.427444458
0.929848015 -0.000965285 0.367942601 5.207525253 -0.000982563 0.999986470 0.005106519 -2.481898069 -0.367942572 -0.005109813 0.929834485 101.965393066
0.925170839 -0.001507597 0.379547924 5.437599182 -0.000268295 0.999989271 0.004626027 -2.489376307 -0.379550815 -0.004381696 0.925160468 102.465515137
0.919417560 -0.001800927 0.393278778 5.667194366 -0.000182963 0.999987364 0.005006942 -2.508170605 -0.393282890 -0.004675425 0.919405758 102.933746338
0.913375854 -0.002730655 0.407108128 5.914459229 0.000950493 0.999989092 0.004574873 -2.509619951 -0.407116234 -0.003791625 0.913368523 103.474128723
0.908377886 -0.002877742 0.418140352 6.162502289 0.001093570 0.999989271 0.004506466 -2.522916079 -0.418148845 -0.003636309 0.908371270 103.957855225
0.902037859 -0.003730553 0.431640863 6.421897888 0.001773924 0.999986231 0.004935483 -2.537927866 -0.431653321 -0.003686294 0.902032018 104.457504272
0.895400167 -0.003502447 0.445248455 6.692398071 0.001442814 0.999986589 0.004964654 -2.552035093 -0.445259839 -0.003802942 0.895393252 104.944770813
0.889511406 -0.004404795 0.456891686 6.956535339 0.002312403 0.999984086 0.005138672 -2.565057516 -0.456907123 -0.003514391 0.889507473 105.414535522
0.883474469 -0.004439841 0.468458235 7.224891663 0.002608936 0.999986231 0.004557187 -2.566631079 -0.468471974 -0.002803981 0.883473933 105.909225464
0.876597941 -0.004694836 0.481200695 7.514011383 0.002754469 0.999984920 0.004738571 -2.584968328 -0.481215686 -0.002828369 0.876597643 106.364326477
