1.000000000 0.000000000 0.000000000 0.000000000 0.000000000 1.000000000 0.000000000 0.000000000 0.000000000 0.000000000 1.000000000 0.000000000
1.000000000 0.000094933 0.000038659 -0.000110963 -0.000094933 1.000000000 -0.000000025 0.000380211 -0.000038659 0.000000021 1.000000000 0.000331597
1.000000000 0.000079271 0.000093156 -0.000568984 -0.000079278 1.000000000 0.000078508 -0.000374944 -0.000093150 -0.000078516 1.000000000 0.000388342
1.000000000 -0.000011794 0.000057568 -0.000197147 0.000011795 1.000000000 -0.000030689 0.000544716 -0.000057568 0.000030689 1.000000000 0.000360735
1.000000000 0.000011199 0.000074584 -0.000286125 -0.000011196 1.000000000 -0.000039410 0.000455981 -0.000074585 0.000039409 1.000000000 0.000163757
1.000000000 0.000081121 0.000109318 -0.001135556 -0.000081122 1.000000000 0.000016259 0.000288060 -0.000109317 -0.000016268 1.000000000 -0.000242742
1.000000000 -0.000072130 0.000054349 -0.000412537 0.000072130 1.000000000 0.000000936 -0.000059834 -0.000054349 -0.000000932 1.000000000 0.000101590
1.000000000 0.000031190 0.000050564 -0.000285639 -0.000031193 1.000000000 0.000059309 -0.000181437 -0.000050562 -0.000059311 1.000000000 0.000241787
1.000000000 0.000061892 -0.000020576 -0.000049155 -0.000061894 1.000000000 -0.000096481 0.000174840 0.000020570 0.000096482 1.000000000 -0.000105552
1.000000000 0.000050808 0.000083555 -0.000366371 -0.000050808 1.000000000 0.000002651 -0.000149510 -0.000083555 -0.000002655 1.000000000 0.000618130
1.000000000 0.000110032 0.000087726 -0.000806813 -0.000110035 1.000000000 0.000034327 -0.000028288 -0.000087722 -0.000034336 1.000000000 0.000381970
1.000000000 0.000120890 0.000078922 -0.000227190 -0.000120886 1.000000000 -0.000044532 0.000848100 -0.000078928 0.000044522 1.000000000 0.001259650
1.000000000 0.000052599 0.000039065 -0.000329287 -0.000052595 1.000000000 -0.000082323 0.000098922 -0.000039069 0.000082321 1.000000000 0.000167999
1.000000000 0.000070813 0.000063683 -0.000886719 -0.000070808 1.000000000 -0.000070809 0.000664566 -0.000063688 0.000070804 1.000000000 0.000245113
1.000000000 0.000082309 0.000093695 -0.001695311 -0.000082306 1.000000000 -0.000031115 0.000713297 -0.000093697 0.000031107 1.000000000 0.000021799
1.000000000 0.000084693 0.000030271 0.000015776 -0.000084691 1.000000000 -0.000050389 0.001297497 -0.000030276 0.000050387 1.000000000 0.001725110
1.000000000 0.000111006 0.000121092 -0.000877480 -0.000110998 1.000000000 -0.000068131 0.001470743 -0.000121100 0.000068118 1.000000000 0.001730911
1.000000000 0.000134189 0.000104505 -0.001395172 -0.000134178 1.000000000 -0.000102892 0.001193351 -0.000104519 0.000102878 1.000000000 0.001124058
0.999999940 0.000204120 0.000155799 -0.002097114 -0.000204107 1.000000000 -0.000080009 0.001981049 -0.000155815 0.000079978 1.000000000 0.001762484
1.000000000 0.000132295 0.000151816 -0.001468113 -0.000132275 1.000000000 -0.000129586 0.001965159 -0.000151833 0.000129566 1.000000000 0.001909669
1.000000000 0.000073078 0.000161379 -0.001862172 -0.000073063 1.000000000 -0.000092178 0.001395302 -0.000161386 0.000092166 1.000000000 0.001852555
1.000000000 0.000152591 0.000110109 -0.001672566 -0.000152584 1.000000000 -0.000067660 0.001686709 -0.000110120 0.000067644 1.000000000 0.001313238
1.000000000 0.000168176 0.000102216 -0.001076967 -0.000168163 1.000000000 -0.000129781 0.002270346 -0.000102238 0.000129764 1.000000000 0.002637628
1.000000000 0.000148030 0.000115286 -0.001554599 -0.000148019 1.000000000 -0.000093612 0.002520883 -0.000115300 0.000093595 1.000000000 0.002873588
0.999999940 0.000330191 0.000117854 -0.001667209 -0.000330181 0.999999940 -0.000084582 0.002263098 -0.000117882 0.000084543 1.000000000 0.002541141
0.999999940 0.000346992 0.000132960 -0.001759657 -0.000346988 0.999999940 -0.000028117 0.001219929 -0.000132970 0.000028071 1.000000000 0.001297718
0.999999940 0.000164612 0.000184557 -0.001833819 -0.000164605 1.000000000 -0.000037098 0.002403924 -0.000184564 0.000037067 1.000000000 0.002273594
0.999999940 0.000189140 0.000161739 -0.001654154 -0.000189141 1.000000000 0.000001632 0.001384797 -0.000161739 -0.000001663 1.000000000 0.001922318
1.000000000 0.000192961 0.000133891 -0.001928643 -0.000192957 1.000000000 -0.000032487 0.002169045 -0.000133897 0.000032461 1.000000000 0.002485766
1.000000000 0.000193832 0.000133906 -0.001663079 -0.000193818 1.000000000 -0.000101213 0.002199618 -0.000133926 0.000101187 1.000000000 0.002157482
0.999999940 0.000212897 0.000171762 -0.001211156 -0.000212891 1.000000000 -0.000031283 0.001506747 -0.000171768 0.000031246 1.000000000 0.002400144
1.000000000 0.000065561 0.000167638 -0.000887117 -0.000065543 1.000000000 -0.000103112 0.002819822 -0.000167645 0.000103101 1.000000000 0.003507043
1.000000000 0.000196682 0.000071286 -0.000262730 -0.000196670 0.999999940 -0.000162429 0.002936793 -0.000071318 0.000162415 1.000000000 0.003215539
1.000000000 0.000131180 0.000165917 -0.001086394 -0.000131165 1.000000000 -0.000089764 0.001708305 -0.000165929 0.000089742 1.000000000 0.001925727
0.999999940 0.000245830 0.000233166 -0.002440921 -0.000245807 0.999999940 -0.000097843 0.001771901 -0.000233190 0.000097786 0.999999940 0.001353170
0.999999940 0.000281239 0.000208821 -0.001370628 -0.000281225 0.999999940 -0.000064411 0.001462150 -0.000208840 0.000064352 1.000000000 0.001600526
0.999999940 0.000218379 0.000163284 -0.001641767 -0.000218368 1.000000000 -0.000068326 0.002071419 -0.000163299 0.000068290 1.000000000 0.002149657
0.999999940 0.000232129 0.000111768 -0.001604122 -0.000232118 0.999999940 -0.000101081 0.002639965 -0.000111791 0.000101055 1.000000000 0.002867917
0.999999940 0.000333218 0.000191000 -0.001593666 -0.000333203 0.999999940 -0.000078983 0.002371714 -0.000191027 0.000078920 1.000000000 0.001538990
0.999999940 0.000225086 0.000108704 -0.000532199 -0.000225075 0.999999940 -0.000098539 0.003026745 -0.000108726 0.000098515 1.000000000 0.002640862
1.000000000 0.000068565 0.000091735 0.000115832 -0.000068552 1.000000000 -0.000134750 0.001824752 -0.000091744 0.000134743 1.000000000 0.003299818
0.999999881 0.000379186 0.000191988 0.000152976 -0.000379043 0.999999642 -0.000742851 -0.000764492 -0.000192269 0.000742778 0.999999702 0.052948996
0.999999940 0.000331828 0.000087576 0.002397679 -0.000331716 0.999999106 -0.001285690 -0.002813487 -0.000088003 0.001285661 0.999999166 0.140769765
1.000000000 0.000020184 -0.000005771 0.005269910 -0.000020192 0.999999046 -0.001392394 -0.008846797 0.000005743 0.001392394 0.999999046 0.254221171
0.999999940 0.000313019 0.000187173 0.006125302 -0.000312785 0.999999166 -0.001246899 -0.011463132 -0.000187563 0.001246840 0.999999225 0.387840360
1.000000000 0.000005292 0.000241631 0.007807664 -0.000004986 0.999999225 -0.001268082 -0.013331173 -0.000241638 0.001268081 0.999999166 0.534315169
0.999999940 -0.000268997 0.000173225 0.011539673 0.000269207 0.999999225 -0.001217673 -0.018750759 -0.000172897 0.001217720 0.999999225 0.685799837
0.999999940 0.000170994 0.000348778 0.015523206 -0.000170679 0.999999583 -0.000902889 -0.022470374 -0.000348932 0.000902829 0.999999523 0.849336147
0.999999881 -0.000071082 0.000425776 0.015850494 0.000071371 0.999999762 -0.000677087 -0.031043924 -0.000425728 0.000677118 0.999999702 1.023500085
1.000000000 0.000036550 0.000126055 0.024273485 -0.000036452 0.999999702 -0.000774316 -0.028942514 -0.000126083 0.000774312 0.999999702 1.207321167
0.999999881 -0.000114091 0.000472194 0.029176317 0.000114314 0.999999881 -0.000471605 -0.039894637 -0.000472140 0.000471659 0.999999762 1.387863874
0.999999940 -0.000042564 0.000291048 0.025514342 0.000042581 1.000000000 -0.000059675 -0.049046095 -0.000291045 0.000059688 0.999999940 1.578377604
0.999999940 -0.000219785 0.000308149 0.024980534 0.000219780 1.000000000 0.000017447 -0.058157668 -0.000308153 -0.000017379 0.999999940 1.760073781
0.999998808 -0.000007070 0.001536100 0.005578422 0.000005217 0.999999404 0.001206025 -0.074532479 -0.001536107 -0.001206016 0.999998093 1.951070666
0.999998391 -0.000350596 0.001766978 0.010244860 0.000348470 0.999999285 0.001203653 -0.081427865 -0.001767399 -0.001203035 0.999997675 2.161750317
0.999998152 -0.000882912 0.001673127 0.018274806 0.000880494 0.999998629 0.001445354 -0.086583294 -0.001674401 -0.001443878 0.999997616 2.379101038
0.999997497 0.000345317 0.002174291 0.014449771 -0.000348221 0.999999046 0.001335219 -0.093516104 -0.002173828 -0.001335973 0.999996722 2.595147371
0.999996960 0.000184232 0.002461183 0.017518554 -0.000187875 0.999998927 0.001479988 -0.100964524 -0.002460907 -0.001480446 0.999995887 2.828337908
0.999996901 -0.000068059 0.002483567 0.022803869 0.000064316 0.999998868 0.001507323 -0.105184995 -0.002483667 -0.001507159 0.999995768 3.067520142
0.999997497 0.000103143 0.002229882 0.027263913 -0.000106882 0.999998510 0.001676635 -0.117281802 -0.002229707 -0.001676869 0.999996066 3.301084995
0.999996722 0.000380962 0.002522759 0.032437444 -0.000385577 0.999998271 0.001829385 -0.123641327 -0.002522058 -0.001830352 0.999995172 3.550184011
0.999996841 0.000350345 0.002501745 0.035480417 -0.000354448 0.999998569 0.001639772 -0.130372182 -0.002501167 -0.001640653 0.999995530 3.811594248
0.999995708 0.000598814 0.002869468 0.041019004 -0.000604743 0.999997675 0.002065981 -0.137170702 -0.002868225 -0.002067707 0.999993682 4.069880962
0.999996066 0.000131795 0.002797896 0.037453320 -0.000138155 0.999997437 0.002272787 -0.151619717 -0.002797589 -0.002273165 0.999993503 4.312584400
0.999995589 0.000346468 0.002953676 0.042155690 -0.000352773 0.999997735 0.002134498 -0.158031985 -0.002952929 -0.002135530 0.999993384 4.574090004
0.999995172 0.000218816 0.003106827 0.050125759 -0.000225202 0.999997914 0.002055116 -0.163029253 -0.003106371 -0.002055806 0.999993026 4.836107731
0.999995232 0.000392648 0.003022841 0.059017770 -0.000398618 0.999997914 0.001974586 -0.163808346 -0.003022060 -0.001975782 0.999993503 5.091416359
0.999994397 0.000254015 0.003319007 0.045683555 -0.000261263 0.999997556 0.002183456 -0.183752120 -0.003318444 -0.002184311 0.999992073 5.358063698
0.999994576 0.000562174 0.003273690 0.051932424 -0.000570378 0.999996662 0.002505838 -0.193261653 -0.003272270 -0.002507691 0.999991536 5.626694202
0.999993026 0.000417193 0.003704261 0.053797025 -0.000426090 0.999997020 0.002401417 -0.199247271 -0.003703248 -0.002402979 0.999990344 5.903384686
0.999991953 0.000810684 0.003943290 0.055321768 -0.000820062 0.999996901 0.002377262 -0.204701394 -0.003941351 -0.002380476 0.999989450 6.188415527
0.999991536 0.001279083 0.003906645 0.067082390 -0.001289397 0.999995708 0.002638646 -0.218413264 -0.003903253 -0.002643661 0.999988973 6.461285114
0.999993920 0.000498576 0.003426154 0.071047150 -0.000506534 0.999997199 0.002322200 -0.217316031 -0.003424987 -0.002323922 0.999991417 6.741635323
0.999993503 0.000740736 0.003534944 0.077198222 -0.000749608 0.999996603 0.002509208 -0.224927425 -0.003533073 -0.002511842 0.999990523 7.045375347
0.999992609 0.000946174 0.003719862 0.081200868 -0.000955429 0.999996543 0.002487257 -0.235403240 -0.003717495 -0.002490793 0.999989986 7.338648319
0.999991596 0.000854346 0.004014242 0.085492626 -0.000865519 0.999995768 0.002782423 -0.246394724 -0.004011848 -0.002785874 0.999988019 7.650937080
0.999992788 0.000469502 0.003770435 0.091402993 -0.000479697 0.999996245 0.002703523 -0.259676427 -0.003769152 -0.002705312 0.999989152 7.974285603
0.999990523 0.001524867 0.004086541 0.091298521 -0.001535013 0.999995708 0.002480956 -0.265338540 -0.004082741 -0.002487205 0.999988496 8.290781021
0.999989092 0.001631801 0.004390439 0.098067075 -0.001642359 0.999995768 0.002402281 -0.272841334 -0.004386500 -0.002409465 0.999987423 8.620405197
0.999989510 0.001269266 0.004409430 0.105847754 -0.001281574 0.999995351 0.002789699 -0.282611758 -0.004405868 -0.002795321 0.999986351 8.963750839
0.999991536 0.000882503 0.004021869 0.107333265 -0.000892630 0.999996424 0.002516697 -0.294602692 -0.004019634 -0.002520266 0.999988735 9.292868614
0.999990702 0.001301055 0.004109098 0.114631809 -0.001310259 0.999996662 0.002237983 -0.302287638 -0.004106173 -0.002243346 0.999989092 9.635478020
0.999988079 0.001728297 0.004551663 0.119177595 -0.001740054 0.999995112 0.002580274 -0.312301993 -0.004547181 -0.002588163 0.999986351 9.986527443
0.999990523 0.000977647 0.004246654 0.126610190 -0.000988105 0.999996603 0.002461138 -0.323440582 -0.004244233 -0.002465311 0.999987960 10.347244263
0.999990284 0.001058662 0.004294049 0.135655954 -0.001069483 0.999996305 0.002518483 -0.333472818 -0.004291367 -0.002523051 0.999987543 10.711297989
0.999987781 0.001127461 0.004825064 0.142810911 -0.001140027 0.999996006 0.002602402 -0.339357257 -0.004822110 -0.002607871 0.999984980 11.078079224
0.999990284 0.000710569 0.004339016 0.150722712 -0.000722499 0.999995947 0.002748454 -0.352594048 -0.004337045 -0.002751562 0.999986827 11.449600220
0.999990046 0.000796259 0.004398730 0.161983490 -0.000808347 0.999995887 0.002746891 -0.360734463 -0.004396525 -0.002750420 0.999986589 11.831546783
0.999989331 0.000917653 0.004536379 0.174467772 -0.000931375 0.999994934 0.003023901 -0.376234859 -0.004533581 -0.003028094 0.999985158 12.208369255
0.999989688 0.000840428 0.004444249 0.188334107 -0.000854510 0.999994636 0.003167664 -0.384330809 -0.004441563 -0.003171429 0.999985158 12.586995125
0.999987721 0.001014972 0.004847352 0.179577023 -0.001032833 0.999992609 0.003683598 -0.402443200 -0.004843578 -0.003688559 0.999981463 12.976812363
0.999987721 0.001075027 0.004832370 0.194692686 -0.001091668 0.999993503 0.003442348 -0.414280564 -0.004828639 -0.003447581 0.999982417 13.368261337
0.999985635 0.001370871 0.005179594 0.199490070 -0.001389129 0.999992847 0.003522950 -0.424366176 -0.005174728 -0.003530095 0.999980390 13.785077095
0.999984264 0.001703063 0.005330382 0.205704674 -0.001723124 0.999991417 0.003761366 -0.431511939 -0.005323931 -0.003770492 0.999978721 14.227255821
0.999984384 0.001253411 0.005442831 0.211623192 -0.001272675 0.999992907 0.003537202 -0.444707543 -0.005438359 -0.003544074 0.999978960 14.637317657
0.999983609 0.001464766 0.005543827 0.219012886 -0.001484169 0.999992728 0.003497286 -0.454155594 -0.005538664 -0.003505457 0.999978542 15.069274902
0.999985337 0.000795846 0.005361897 0.242506847 -0.000815637 0.999992847 0.003689849 -0.472312570 -0.005358922 -0.003694168 0.999978840 15.477179527
0.999978900 0.001110516 0.006404400 0.242006451 -0.001135736 0.999991596 0.003935611 -0.481007695 -0.006399975 -0.003942802 0.999971747 15.931786537
0.999976873 0.001355466 0.006664127 0.254167765 -0.001382660 0.999990702 0.004077828 -0.490703762 -0.006658537 -0.004086948 0.999969542 16.375602722
0.999977052 0.001258728 0.006668127 0.267557710 -0.001285626 0.999991059 0.004031049 -0.501365185 -0.006662994 -0.004039528 0.999969661 16.830398560
0.999972105 0.001383470 0.007341410 0.265139073 -0.001414670 0.999989927 0.004246446 -0.523088813 -0.007335461 -0.004256713 0.999964058 17.282897949
0.999970615 0.001285813 0.007544389 0.278444886 -0.001320805 0.999988317 0.004634885 -0.534264982 -0.007538341 -0.004644714 0.999960780 17.747209549
0.999969780 0.001258355 0.007673327 0.289945364 -0.001287940 0.999991655 0.003851846 -0.540482342 -0.007668416 -0.003861612 0.999963164 18.219129562
0.999965429 0.001627394 0.008150186 0.299797773 -0.001661666 0.999989748 0.004200032 -0.554765403 -0.008143269 -0.004213430 0.999957919 18.676691055
0.999964774 0.002111084 0.008130022 0.314676702 -0.002146510 0.999988198 0.004351232 -0.565805435 -0.008120743 -0.004368530 0.999957502 19.160552979
0.999966919 0.001943329 0.007894344 0.330704004 -0.001975021 0.999989986 0.004008695 -0.576101303 -0.007886476 -0.004024155 0.999960780 19.637435913
0.999962687 0.001665630 0.008478549 0.329823464 -0.001704069 0.999988258 0.004528528 -0.589194119 -0.008470908 -0.004542807 0.999953806 20.112512589
0.999965370 0.001150512 0.008247041 0.347804904 -0.001188715 0.999988616 0.004628998 -0.604347289 -0.008241622 -0.004638642 0.999955237 20.599258423
0.999968410 0.001559359 0.007792901 0.360389233 -0.001591888 0.999990046 0.004169635 -0.606587112 -0.007786324 -0.004181908 0.999960959 21.118692398
0.999968410 0.001573054 0.007791533 0.356464982 -0.001606602 0.999989450 0.004301315 -0.619730592 -0.007784685 -0.004313697 0.999960423 21.611129761
0.999973059 0.001715146 0.007137169 0.373129249 -0.001745228 0.999989629 0.004210691 -0.630104184 -0.007129874 -0.004223033 0.999965668 22.130203247
0.999971926 0.002321210 0.007114720 0.380130231 -0.002349668 0.999989212 0.003994146 -0.638250470 -0.007105372 -0.004010751 0.999966800 22.644525528
0.999974012 0.001772043 0.006975630 0.380482137 -0.001801664 0.999989390 0.004242288 -0.652278662 -0.006968038 -0.004254746 0.999966681 23.162599564
0.999977291 0.001936455 0.006436230 0.395314455 -0.001961825 0.999990344 0.003937831 -0.662239194 -0.006428542 -0.003950369 0.999971569 23.693077087
0.999983907 0.000385986 0.005638256 0.405745208 -0.000405880 0.999993742 0.003527641 -0.674934208 -0.005636859 -0.003529873 0.999977827 24.218633652
0.999982119 0.002178127 0.005561328 0.403323114 -0.002201137 0.999989033 0.004134690 -0.692138135 -0.005552262 -0.004146858 0.999975979 24.739244461
0.999985754 0.002488296 0.004739298 0.418144643 -0.002506726 0.999989271 0.003886739 -0.698223591 -0.004729575 -0.003898564 0.999981225 25.285154343
0.999986053 0.003064488 0.004304143 0.425318420 -0.003084149 0.999984801 0.004568881 -0.719432473 -0.004290076 -0.004582092 0.999980271 25.827501297
0.999987006 0.002973048 0.004138682 0.432440400 -0.002990929 0.999986112 0.004321215 -0.734116495 -0.004125778 -0.004333538 0.999982059 26.363513947
0.999990344 0.001720358 0.004034048 0.446029007 -0.001740327 0.999986172 0.004951888 -0.743453860 -0.004025473 -0.004958861 0.999979615 26.925756454
0.999988973 0.002473187 0.003984740 0.455039054 -0.002491340 0.999986529 0.004556937 -0.750299394 -0.003973417 -0.004566814 0.999981701 27.481679916
0.999987125 0.003396230 0.003755413 0.454689562 -0.003413806 0.999983191 0.004683970 -0.771399677 -0.003739441 -0.004696731 0.999981999 27.987403870
0.999987304 0.003631509 0.003501436 0.467146993 -0.003646836 0.999983728 0.004380927 -0.775858164 -0.003485470 -0.004393641 0.999984324 28.543193817
0.999985278 0.003802002 0.003862616 0.476890504 -0.003820621 0.999981105 0.004824293 -0.798799336 -0.003844200 -0.004838980 0.999980927 29.083780289
0.999987900 0.003714787 0.003226097 0.474249363 -0.003730625 0.999980927 0.004917553 -0.814283669 -0.003207768 -0.004929528 0.999982655 29.612598419
0.999990165 0.003534941 0.002688523 0.485596865 -0.003548125 0.999981523 0.004915134 -0.826364160 -0.002671099 -0.004924623 0.999984264 30.166952133
0.999984801 0.004515780 0.003149521 0.491357714 -0.004531689 0.999976873 0.005062413 -0.843752027 -0.003126587 -0.005076609 0.999982238 30.701290131
0.999988675 0.003741018 0.002951222 0.490599811 -0.003756073 0.999979854 0.005112605 -0.849240184 -0.002932037 -0.005123631 0.999982595 31.229780197
0.999987423 0.004255812 0.002675983 0.502205610 -0.004268109 0.999980271 0.004606823 -0.856069922 -0.002656325 -0.004618186 0.999985874 31.779153824
0.999984801 0.004733338 0.002834255 0.510913849 -0.004745291 0.999979794 0.004225617 -0.856812835 -0.002814196 -0.004239001 0.999987125 32.326133728
0.999991298 0.003386628 0.002432477 0.523931444 -0.003398474 0.999982238 0.004882950 -0.879044414 -0.002415897 -0.004891174 0.999985158 32.875701904
0.999990463 0.003862605 0.002045571 0.526004195 -0.003872612 0.999980390 0.004911212 -0.892096460 -0.002026561 -0.004919086 0.999985874 33.389682770
0.999991238 0.003802526 0.001765216 0.540333450 -0.003811551 0.999979496 0.005137936 -0.904759288 -0.001745643 -0.005144620 0.999985278 33.943141937
0.999993086 0.003645713 0.000678022 0.560261965 -0.003648994 0.999981284 0.004904499 -0.919775009 -0.000660128 -0.004906939 0.999987721 34.469161987
0.999988735 0.004280373 0.002063387 0.547556102 -0.004290306 0.999979138 0.004833772 -0.926405013 -0.002042654 -0.004842571 0.999986172 35.011394501
0.999992132 0.003672643 0.001509514 0.563364685 -0.003680704 0.999978840 0.005372500 -0.942849457 -0.001489751 -0.005378013 0.999984384 35.557750702
0.999992013 0.003783510 0.001385958 0.571598113 -0.003790791 0.999978900 0.005289461 -0.958598018 -0.001365916 -0.005294673 0.999984980 36.095531464
0.999990821 0.003941575 0.001657952 0.575527430 -0.003949124 0.999981761 0.004575107 -0.964883327 -0.001639889 -0.004581613 0.999988139 36.638622284
0.999991953 0.003891127 0.000979943 0.587359250 -0.003895827 0.999980688 0.004839915 -0.976457298 -0.000961091 -0.004843693 0.999987841 37.189674377
0.999990821 0.004187166 0.000933666 0.599823356 -0.004191254 0.999981463 0.004419893 -0.986333668 -0.000915142 -0.004423766 0.999989808 37.742424011
0.999992013 0.003920357 0.000790074 0.615814924 -0.003923765 0.999982774 0.004356756 -1.001984954 -0.000772981 -0.004359822 0.999990225 38.257942200
0.999988735 0.004453788 0.001699416 0.592758775 -0.004461573 0.999979377 0.004604773 -1.018874049 -0.001678873 -0.004612303 0.999987900 38.770248413
0.999986172 0.004921868 0.001868626 0.604594827 -0.004930892 0.999976039 0.004856004 -1.033713460 -0.001844681 -0.004865151 0.999986470 39.317333221
0.999987364 0.004617325 0.001996606 0.608393967 -0.004627727 0.999975562 0.005236655 -1.047198653 -0.001972378 -0.005245828 0.999984324 39.833892822
0.999990046 0.004135826 0.001695667 0.621387005 -0.004143741 0.999980450 0.004691503 -1.043418407 -0.001676231 -0.004698483 0.999987543 40.393947601
0.999990225 0.004170186 0.001455544 0.614598751 -0.004176399 0.999982059 0.004293038 -1.054670334 -0.001437615 -0.004299075 0.999989748 40.924480438
0.999988317 0.004645104 0.001311845 0.626347482 -0.004650299 0.999981225 0.003985810 -1.060183525 -0.001293306 -0.003991864 0.999991238 41.474281311
0.999985337 0.005200998 0.001488062 0.646116614 -0.005206930 0.999978364 0.004012415 -1.085273027 -0.001467161 -0.004020105 0.999990821 41.998229980
0.999992132 0.003944111 0.000442959 0.669124544 -0.003945597 0.999986410 0.003405410 -1.083613992 -0.000429522 -0.003407131 0.999994159 42.545143127
0.999984562 0.005251522 0.001769813 0.647641599 -0.005258494 0.999978364 0.003958149 -1.094539523 -0.001748989 -0.003967395 0.999990582 43.066066742
0.999983311 0.005451124 0.001881384 0.658484995 -0.005458951 0.999976337 0.004180376 -1.112919211 -0.001858551 -0.004190577 0.999989450 43.614395142
0.999985993 0.004984343 0.001770983 0.679182291 -0.004991915 0.999978304 0.004297238 -1.123425126 -0.001749526 -0.004306018 0.999989152 44.158275604
0.999984980 0.005164693 0.001792860 0.701044440 -0.005172673 0.999976695 0.004475659 -1.147297144 -0.001769703 -0.004484866 0.999988317 44.679252625
0.999982774 0.005439734 0.002215929 0.674746096 -0.005448838 0.999976754 0.004123032 -1.149982810 -0.002193449 -0.004135035 0.999989033 45.190078735
0.999979854 0.005853948 0.002494506 0.687940419 -0.005863334 0.999975681 0.003771554 -1.157517433 -0.002472366 -0.003786104 0.999989748 45.733638763
0.999984682 0.004988316 0.002407932 0.704204142 -0.004996353 0.999981880 0.003343571 -1.169249892 -0.002391210 -0.003355551 0.999991477 46.278556824
0.999982774 0.005244457 0.002641403 0.682599008 -0.005254930 0.999978304 0.003974442 -1.176357985 -0.002620502 -0.003988255 0.999988556 46.794712067
0.999980807 0.005653465 0.002534403 0.692969739 -0.005663063 0.999976814 0.003796284 -1.189798713 -0.002512882 -0.003810564 0.999989569 47.347030640
0.999984980 0.004941588 0.002395760 0.707423687 -0.004950883 0.999980271 0.003889380 -1.202707171 -0.002376493 -0.003901183 0.999989569 47.899833679
0.999984622 0.004891772 0.002651238 0.712703764 -0.004903337 0.999978423 0.004373488 -1.214002490 -0.002629787 -0.004386419 0.999986947 48.397506714
0.999985337 0.004813222 0.002469876 0.727421999 -0.004824057 0.999978662 0.004399052 -1.225262165 -0.002448649 -0.004410902 0.999987304 48.950290680
0.999985278 0.004842378 0.002461667 0.748176873 -0.004853968 0.999977052 0.004724164 -1.240726471 -0.002438734 -0.004736042 0.999985874 49.484214783
0.999984562 0.005095002 0.002215555 0.750761390 -0.005105486 0.999975681 0.004752845 -1.249149919 -0.002191285 -0.004764081 0.999986291 50.047603607
0.999976218 0.006173208 0.003069589 0.766749859 -0.006187455 0.999970078 0.004653324 -1.288430095 -0.003040771 -0.004672207 0.999984562 50.537471771
0.999986529 0.004258959 0.002973098 0.733690679 -0.004272952 0.999979734 0.004715454 -1.277838469 -0.002952955 -0.004728095 0.999984384 51.022876740
0.999980867 0.005171543 0.003399452 0.738441765 -0.005186310 0.999977112 0.004348915 -1.287532091 -0.003376883 -0.004366462 0.999984741 51.563610077
0.999975741 0.006052709 0.003444222 0.755302489 -0.006067610 0.999972224 0.004332685 -1.305285811 -0.003417902 -0.004353479 0.999984682 52.101024628
0.999981046 0.005363029 0.003030931 0.771241546 -0.005376247 0.999975979 0.004369932 -1.318215489 -0.003007422 -0.004386144 0.999985754 52.641269684
0.999978721 0.005333159 0.003763716 0.747179329 -0.005348945 0.999976814 0.004196389 -1.311434627 -0.003741249 -0.004216432 0.999984086 53.182922363
0.999985397 0.004384731 0.003179936 0.768094420 -0.004398228 0.999981225 0.004249752 -1.325146794 -0.003161243 -0.004263675 0.999985874 53.731494904
0.999981165 0.004914405 0.003666904 0.767711341 -0.004929464 0.999979377 0.004108741 -1.337396264 -0.003646636 -0.004126740 0.999984801 54.302989960
0.999980032 0.005071591 0.003775079 0.777125239 -0.005084312 0.999981344 0.003367532 -1.342988372 -0.003757930 -0.003386657 0.999987245 54.839385986
0.999979854 0.005497227 0.003153369 0.835079908 -0.005509328 0.999977469 0.003841504 -1.368514538 -0.003132180 -0.003858801 0.999987662 55.279411316
0.999976516 0.005157760 0.004518988 0.758415461 -0.005175358 0.999978960 0.003891239 -1.363286257 -0.004498823 -0.003914535 0.999982238 55.785667419
0.999973297 0.005635372 0.004657520 0.771088719 -0.005653347 0.999976516 0.003854962 -1.375903487 -0.004635686 -0.003881189 0.999981761 56.335731506
0.999971449 0.005818845 0.004828174 0.782238841 -0.005837134 0.999975741 0.003782351 -1.385238767 -0.004806048 -0.003810425 0.999981225 56.882080078
0.999984503 0.004519020 0.003252706 0.823618293 -0.004530464 0.999983609 0.003519187 -1.399009943 -0.003236749 -0.003533869 0.999988496 57.444255829
0.999979317 0.004264041 0.004816324 0.790658891 -0.004283000 0.999983072 0.003932903 -1.420047998 -0.004799473 -0.003953450 0.999980688 57.917419434
0.999975920 0.004661394 0.005148170 0.800030470 -0.004681432 0.999981403 0.003887221 -1.428340197 -0.005129955 -0.003911227 0.999979198 58.464618683
0.999973953 0.004699906 0.005486696 0.810737848 -0.004720184 0.999982059 0.003688727 -1.446111560 -0.005469261 -0.003714528 0.999978125 59.010818481
0.999977767 0.004730845 0.004708652 0.836925983 -0.004747931 0.999982119 0.003624289 -1.456792235 -0.004691422 -0.003646564 0.999982357 59.550716400
0.999976039 0.004930639 0.004857086 0.824321151 -0.004947528 0.999981761 0.003470669 -1.466509104 -0.004839885 -0.003494616 0.999982178 60.050228119
0.999974370 0.004950509 0.005175286 0.838487506 -0.004968300 0.999981761 0.003430520 -1.478074074 -0.005158209 -0.003456145 0.999980688 60.600082397
0.999972641 0.004992060 0.005463575 0.855839431 -0.005012051 0.999980748 0.003651120 -1.491988301 -0.005445243 -0.003678403 0.999978423 61.148597717
0.999972641 0.005330541 0.005127494 0.866493106 -0.005346932 0.999980688 0.003188407 -1.506363630 -0.005110400 -0.003215736 0.999981701 61.678104401
0.999975324 0.004436677 0.005437674 0.858714581 -0.004454606 0.999984682 0.003289350 -1.511652470 -0.005422996 -0.003313493 0.999979794 62.135833740
0.999970853 0.005018731 0.005750938 0.869425297 -0.005037874 0.999981761 0.003319002 -1.520947337 -0.005734176 -0.003347877 0.999978006 62.686492920
0.999962091 0.005878049 0.006424842 0.874083102 -0.005898270 0.999977648 0.003132795 -1.534018755 -0.006406284 -0.003170572 0.999974489 63.245903015
0.999965847 0.005411508 0.006242495 0.889493167 -0.005432660 0.999979615 0.003376438 -1.557936668 -0.006224094 -0.003410236 0.999974847 63.744152069
0.999967039 0.005158122 0.006264640 0.866397679 -0.005178824 0.999981165 0.003292764 -1.572390676 -0.006247538 -0.003325099 0.999974966 64.266807556
0.999968350 0.004726749 0.006408908 0.884145617 -0.004745513 0.999984503 0.002915914 -1.585070729 -0.006395027 -0.002946235 0.999975204 64.811065674
0.999971867 0.004177740 0.006236918 0.905871570 -0.004193957 0.999987900 0.002589330 -1.594512939 -0.006226025 -0.002615414 0.999977231 65.358383179
0.999965847 0.004998586 0.006600185 0.895016432 -0.005016716 0.999983668 0.002733315 -1.601946712 -0.006586416 -0.002766331 0.999974489 65.853065491
0.999951303 0.006336026 0.007572065 0.903407097 -0.006353080 0.999977350 0.002230209 -1.614158034 -0.007557763 -0.002278206 0.999968827 66.412574768
0.999959171 0.005665915 0.007041455 0.927294731 -0.005681865 0.999981344 0.002247297 -1.631751657 -0.007028592 -0.002287213 0.999972641 66.929168701
0.999957204 0.006016307 0.007016562 0.935591936 -0.006033207 0.999978900 0.002389533 -1.640343189 -0.007002038 -0.002431764 0.999972522 67.402351379
0.999958575 0.005750434 0.007054312 0.957177997 -0.005768533 0.999980152 0.002548024 -1.654917240 -0.007039519 -0.002588611 0.999971867 67.932739258
0.999949098 0.006739293 0.007502632 0.967960835 -0.006759270 0.999973714 0.002640198 -1.666535497 -0.007484641 -0.002690776 0.999968410 68.464309692
0.999940813 0.007794737 0.007588731 0.986473680 -0.007814208 0.999966323 0.002539508 -1.692780018 -0.007568680 -0.002598658 0.999967992 69.012718201
0.999944329 0.006751310 0.008102007 0.951642156 -0.006770127 0.999974370 0.002297171 -1.694311142 -0.008086290 -0.002351895 0.999964535 69.483802795
0.999944925 0.006968339 0.007847658 0.965240240 -0.006985430 0.999973238 0.002152474 -1.710574865 -0.007832449 -0.002207175 0.999966919 70.030387878
0.999953032 0.005981665 0.007612976 0.986099660 -0.005999476 0.999979198 0.002318883 -1.725715518 -0.007598947 -0.002364449 0.999968350 70.557777405
0.999950945 0.005901432 0.007951316 0.992786884 -0.005920304 0.999979734 0.002352174 -1.734010458 -0.007937274 -0.002399133 0.999965608 71.071548462
0.999944925 0.006628155 0.008130438 1.006824732 -0.006646505 0.999975502 0.002231917 -1.745903730 -0.008115443 -0.002285833 0.999964476 71.623092651
0.999946058 0.006383391 0.008188156 1.021991730 -0.006402171 0.999976873 0.002269521 -1.763779998 -0.008173481 -0.002321821 0.999963939 72.160232544
0.999948382 0.006075706 0.008141048 1.025542021 -0.006093941 0.999978960 0.002217046 -1.772163153 -0.008127407 -0.002266543 0.999964416 72.650085449
0.999943852 0.006601346 0.008290241 1.041651011 -0.006619370 0.999975801 0.002148610 -1.789882779 -0.008275857 -0.002203366 0.999963343 73.198966980
0.999949574 0.006333949 0.007784413 1.064410210 -0.006349355 0.999977946 0.001955941 -1.801424384 -0.007771852 -0.002005269 0.999967813 73.750389099
0.999941528 0.006930486 0.008291498 1.062613130 -0.006949060 0.999973357 0.002213506 -1.811506391 -0.008275935 -0.002270994 0.999963164 74.222854614
0.999942780 0.006589600 0.008420219 1.081110001 -0.006604186 0.999976695 0.001705527 -1.820948958 -0.008408783 -0.001761038 0.999963105 74.771499634
0.999944627 0.006594716 0.008197409 1.098795295 -0.006608097 0.999976873 0.001606701 -1.829215050 -0.008186623 -0.001660782 0.999965131 75.312324524
0.999945104 0.006308896 0.008366658 1.099266291 -0.006324075 0.999978423 0.001789130 -1.852202177 -0.008355190 -0.001841943 0.999963403 75.783866882
0.999936223 0.007583593 0.008368182 1.110858202 -0.007598793 0.999969542 0.001786147 -1.862891912 -0.008354382 -0.001849621 0.999963403 76.336044312
0.999935091 0.007403566 0.008657137 1.113160491 -0.007420160 0.999970734 0.001886315 -1.881232619 -0.008642918 -0.001950430 0.999960721 76.858711243
0.999939442 0.006483437 0.008894728 1.130013347 -0.006498045 0.999977529 0.001614278 -1.888735294 -0.008884063 -0.001671979 0.999959111 77.320999146
0.999934971 0.006974132 0.009024486 1.145236373 -0.006987120 0.999974608 0.001408351 -1.898754478 -0.009014434 -0.001471314 0.999958277 77.870903015
0.999920368 0.008185423 0.009602972 1.152738810 -0.008198686 0.999965429 0.001342442 -1.910703063 -0.009591652 -0.001421067 0.999953032 78.435287476
0.999930739 0.007208035 0.009304208 1.166760683 -0.007222048 0.999972761 0.001473270 -1.932815194 -0.009293336 -0.001540363 0.999955654 78.921974182
0.999914765 0.007645564 0.010586703 1.180287600 -0.007664159 0.999969125 0.001716699 -1.950364590 -0.010573253 -0.001797691 0.999942482 79.468147278
0.999902904 0.006954984 0.012071777 1.196068525 -0.006976509 0.999974072 0.001741904 -1.964368820 -0.012059351 -0.001825954 0.999925613 80.022949219
0.999892116 0.007029790 0.012894549 1.207970381 -0.007048785 0.999974072 0.001428128 -1.969143987 -0.012884176 -0.001518866 0.999915779 80.512855530
0.999866426 0.007618448 0.014458532 1.220681906 -0.007648513 0.999968588 0.002025265 -1.986681342 -0.014442650 -0.002135581 0.999893367 81.059226990
0.999816120 0.007765937 0.017533347 1.244366765 -0.007802614 0.999967456 0.002024302 -2.007287502 -0.017517054 -0.002160736 0.999844253 81.615036011
0.999749899 0.006901004 0.021277554 1.251252413 -0.006932009 0.999975026 0.001383614 -2.004664421 -0.021267476 -0.001530763 0.999772668 82.077598572
0.999682367 0.006751465 0.024283262 1.283458948 -0.006791519 0.999975681 0.001567345 -2.022722244 -0.024272092 -0.001731768 0.999703884 82.623100281
0.999574602 0.006494673 0.028431177 1.308143258 -0.006535373 0.999977708 0.001338822 -2.032199144 -0.028421849 -0.001524060 0.999594867 83.169395447
0.999379814 0.007198039 0.034469888 1.329474568 -0.007243600 0.999973059 0.001197029 -2.037684441 -0.034460340 -0.001445973 0.999405026 83.673385620
0.999157071 0.006576732 0.040519692 1.367194414 -0.006603097 0.999978065 0.000516887 -2.049909830 -0.040515412 -0.000784006 0.999178648 84.224899292
0.998893976 0.006777618 0.046528809 1.406356096 -0.006815722 0.999976575 0.000660327 -2.065099478 -0.046523243 -0.000976724 0.998916686 84.777175903
0.998470306 0.007137400 0.054828040 1.436021090 -0.007209344 0.999973416 0.001114519 -2.075766087 -0.054818619 -0.001508088 0.998495162 85.283134460
0.997953057 0.006749835 0.063592181 1.488815546 -0.006784719 0.999976993 0.000332654 -2.085586071 -0.063588463 -0.000763429 0.997975826 85.837959290
0.997483671 0.006437760 0.070603758 1.545547962 -0.006498998 0.999978721 0.000637672 -2.099826813 -0.070598140 -0.001094921 0.997504175 86.407249451
0.996805668 0.006978931 0.079560414 1.601555347 -0.007057251 0.999974906 0.000703264 -2.113918781 -0.079553522 -0.001262496 0.996829808 86.909172058
0.995979548 0.006774305 0.089324683 1.667785645 -0.006846426 0.999976456 0.000501038 -2.130806446 -0.089319184 -0.001110579 0.996002436 87.420280457
0.995164633 0.006028114 0.098036312 1.738785744 -0.006072017 0.999981642 0.000149466 -2.138102055 -0.098033600 -0.000744022 0.995182872 87.971931458
0.994399905 0.006098592 0.105506964 1.816837311 -0.006165348 0.999980927 0.000306578 -2.158056974 -0.105503082 -0.000955349 0.994418502 88.524536133
0.993263304 0.006200260 0.115712710 1.877559662 -0.006242540 0.999980628 0.000002999 -2.165369749 -0.115710445 -0.000725320 0.993282735 89.026710510
0.992033601 0.006275550 0.125817105 1.971595764 -0.006340220 0.999979913 0.000113536 -2.179056644 -0.125813842 -0.000910339 0.992053509 89.572860718
0.990791380 0.005566240 0.135283038 2.067032814 -0.005572944 0.999984443 -0.000329147 -2.197135687 -0.135282755 -0.000427809 0.990806937 90.089584351
0.989154100 0.005591119 0.146774963 2.169113159 -0.005638764 0.999984086 -0.000091461 -2.210139751 -0.146773130 -0.000737160 0.989169896 90.636413574
0.987169802 0.005521999 0.159577906 2.253579140 -0.005561970 0.999984443 -0.000196163 -2.222740173 -0.159576535 -0.000693921 0.987185299 91.172157288
0.985370755 0.005150834 0.170346424 2.369162560 -0.005157912 0.999986589 -0.000400997 -2.234192371 -0.170346260 -0.000483501 0.985384107 91.713394165
0.983517170 0.004606107 0.180755913 2.480761528 -0.004544668 0.999989331 -0.000754063 -2.241981030 -0.180757478 -0.000079841 0.983527720 92.262054443
0.981015682 0.004797154 0.193868950 2.592322350 -0.004830942 0.999988258 -0.000298497 -2.264733553 -0.193868116 -0.000643740 0.981027365 92.762374878
0.978633225 0.003457203 0.205584735 2.732894897 -0.003386565 0.999993980 -0.000695463 -2.273213387 -0.205585912 -0.000015623 0.978638947 93.288482666
0.976467311 0.002672899 0.215648651 2.866903305 -0.002510736 0.999996245 -0.001025927 -2.287012100 -0.215650588 0.000460347 0.976470470 93.827713013
0.973264813 0.004081395 0.229649559 2.984560013 -0.004024997 0.999991596 -0.000714009 -2.291579962 -0.229650557 -0.000229419 0.973273098 94.360572815
0.970091760 0.003499277 0.242713287 3.140197754 -0.003340295 0.999993801 -0.001066546 -2.303622723 -0.242715523 0.000223914 0.970097542 94.887260437
0.967263103 0.003246200 0.253755033 3.296409607 -0.003083374 0.999994695 -0.001039384 -2.321017265 -0.253757089 0.000222936 0.967267871 95.396286011
0.964281201 0.002952656 0.264864057 3.441396713 -0.002766324 0.999995589 -0.001076502 -2.326458931 -0.264866024 0.000305351 0.964285135 95.900398254
0.960551023 0.002961026 0.278087944 3.618246078 -0.002863293 0.999995530 -0.000757574 -2.348017454 -0.278088927 -0.000068559 0.960555375 96.416404724
0.956820726 0.002973359 0.290663540 3.795988083 -0.002962692 0.999995470 -0.000476773 -2.373015404 -0.290663660 -0.000404959 0.956825256 96.914184570
0.953184605 0.002946412 0.302374423 3.971443176 -0.002790112 0.999995649 -0.000948858 -2.371915340 -0.302375853 0.000060779 0.953188717 97.465652466
0.948746979 0.002494426 0.316026628 4.171356201 -0.002278746 0.999996841 -0.001052019 -2.385991573 -0.316028237 0.000277955 0.948749661 97.978775024
0.944008172 0.001647266 0.329917580 4.377395630 -0.001199084 0.999998033 -0.001561961 -2.392910719 -0.329919517 0.001078906 0.944008410 98.507095337
0.939924300 0.001919862 0.341377556 4.568172455 -0.001749415 0.999998093 -0.000807142 -2.418572187 -0.341378450 0.000161442 0.939926028 98.969741821
0.935003281 0.001591177 0.354635566 4.784313202 -0.001263015 0.999998569 -0.001156824 -2.430322170 -0.354636878 0.000633724 0.935003877 99.489059448
0.929396391 0.001788266 0.369078785 5.004304886 -0.001491923 0.999998331 -0.001088318 -2.446685076 -0.369080156 0.000460842 0.929397464 99.988838196
0.924586952 0.000688741 0.380970299 5.200273514 -0.000461010 0.999999642 -0.000689021 -2.461989164 -0.380970627 0.000461428 0.924587011 100.441413879
0.919748485 0.000306617 0.392508030 5.433057785 0.000002792 0.999999762 -0.000787715 -2.475107908 -0.392508149 0.000725596 0.919748187 100.939697266
0.913552582 -0.000299844 0.406720400 5.666271210 0.000738962 0.999999285 -0.000922591 -2.487014294 -0.406719834 0.001143386 0.913552225 101.400825500
0.907284498 0.000547496 0.420516938 5.904705048 -0.000294221 0.999999762 -0.000667166 -2.494699955 -0.420517266 0.000481585 0.907284439 101.941329956
0.902366400 -0.000401320 0.430969477 6.163681030 0.001070596 0.999998629 -0.001310420 -2.505360126 -0.430968374 0.001643874 0.902365565 102.425323486
0.896348059 0.000067128 0.443351060 6.420413971 0.000347701 0.999999583 -0.000854380 -2.530186653 -0.443350911 0.000919976 0.896347702 102.903686523
0.889830232 -0.001735563 0.456288517 6.705940247 0.002260868 0.999997199 -0.000605386 -2.556250811 -0.456286222 0.001570299 0.889831662 103.346023560
0.883428574 -0.000408400 0.468565553 6.950119019 0.001024856 0.999998868 -0.001060656 -2.544255733 -0.468564540 0.001417227 0.883428037 103.864532471
0.877422810 -0.000578334 0.479717493 7.232536316 0.001177028 0.999998927 -0.000947261 -2.556578636 -0.479716390 0.001395789 0.877422512 104.353881836
0.870015442 -0.001444081 0.493022323 7.498142242 0.002084323 0.999997556 -0.000749085 -2.582737923 -0.493020058 0.001679333 0.870016277 104.762680054
