1.000000000 0.000000000 0.000000000 0.000000000 0.000000000 1.000000000 0.000000000 0.000000000 0.000000000 0.000000000 1.000000000 0.000000000
1.000000000 0.000108214 0.000022873 -0.000107685 -0.000108214 1.000000000 -0.000008346 0.000398330 -0.000022873 0.000008344 1.000000000 0.000133295
1.000000000 0.000087040 0.000063625 -0.000637902 -0.000087045 1.000000000 0.000081157 -0.000535649 -0.000063618 -0.000081162 1.000000000 -0.000180433
1.000000000 -0.000035766 0.000064710 -0.000150495 0.000035765 1.000000000 0.000015619 0.000345613 -0.000064710 -0.000015617 1.000000000 0.000387422
1.000000000 -0.000038747 0.000127840 -0.000723024 0.000038751 1.000000000 -0.000031647 0.000578743 -0.000127838 0.000031652 1.000000000 0.000292017
1.000000000 0.000062986 0.000137680 -0.001200808 -0.000062991 1.000000000 0.000036240 0.000276043 -0.000137678 -0.000036249 1.000000000 0.000038407
1.000000000 -0.000093743 0.000077649 -0.000059724 0.000093738 1.000000000 0.000056393 -0.000534489 -0.000077654 -0.000056385 1.000000000 -0.000029871
1.000000000 -0.000018038 0.000067363 -0.000019264 0.000018033 1.000000000 0.000062708 -0.000036333 -0.000067364 -0.000062707 1.000000000 0.000826121
1.000000000 0.000043935 -0.000033533 0.000083109 -0.000043938 1.000000000 -0.000078722 0.000088869 0.000033530 0.000078723 1.000000000 -0.000081829
1.000000000 0.000002195 0.000076642 -0.000175877 -0.000002199 1.000000000 0.000056216 -0.000713761 -0.000076642 -0.000056216 1.000000000 0.000201200
1.000000000 0.000093080 0.000072861 -0.000780056 -0.000093087 1.000000000 0.000084109 -0.000520804 -0.000072853 -0.000084116 1.000000000 0.000121804
1.000000000 0.000036916 0.000062958 -0.000061983 -0.000036914 1.000000000 -0.000027222 0.000590283 -0.000062959 0.000027220 1.000000000 0.001071661
1.000000000 0.000083521 0.000020315 -0.000310269 -0.000083520 1.000000000 -0.000082174 0.000020251 -0.000020322 0.000082172 1.000000000 0.000175242
1.000000000 0.000065062 0.000036687 -0.000757065 -0.000065062 1.000000000 -0.000000012 0.000356779 -0.000036687 0.000000010 1.000000000 0.000221670
1.000000000 0.000043513 0.000097109 -0.001570708 -0.000043508 1.000000000 -0.000050532 0.001001072 -0.000097112 0.000050527 1.000000000 0.000497010
1.000000000 0.000066854 0.000021169 0.000224686 -0.000066853 1.000000000 -0.000039898 0.001187853 -0.000021172 0.000039897 1.000000000 0.001593546
1.000000000 0.000082542 0.000111349 -0.000844300 -0.000082535 1.000000000 -0.000059814 0.001504223 -0.000111354 0.000059804 1.000000000 0.002025255
1.000000000 0.000107120 0.000114702 -0.001481113 -0.000107113 1.000000000 -0.000060816 0.001181348 -0.000114708 0.000060804 1.000000000 0.001421261
1.000000000 0.000170827 0.000138348 -0.001961935 -0.000170817 1.000000000 -0.000072109 0.002068286 -0.000138360 0.000072086 1.000000000 0.001872580
1.000000000 0.000096499 0.000170702 -0.001627293 -0.000096473 1.000000000 -0.000150535 0.002205098 -0.000170717 0.000150519 1.000000000 0.002261742
1.000000000 0.000115284 0.000170386 -0.002108123 -0.000115271 1.000000000 -0.000073567 0.001434897 -0.000170395 0.000073547 1.000000000 0.002063684
1.000000000 0.000145007 0.000112639 -0.001899403 -0.000145003 1.000000000 -0.000036422 0.001647228 -0.000112644 0.000036406 1.000000000 0.001776125
1.000000000 0.000119951 0.000115905 -0.001172765 -0.000119940 1.000000000 -0.000095030 0.002338575 -0.000115916 0.000095016 1.000000000 0.003080327
1.000000000 0.000145385 0.000093959 -0.001543854 -0.000145376 1.000000000 -0.000097250 0.003128802 -0.000093973 0.000097236 1.000000000 0.003383136
0.999999940 0.000325475 0.000100097 -0.001750052 -0.000325467 0.999999940 -0.000078688 0.002907769 -0.000100123 0.000078656 1.000000000 0.003396526
0.999999940 0.000312444 0.000131528 -0.001719656 -0.000312441 0.999999940 -0.000027195 0.001718056 -0.000131537 0.000027154 1.000000000 0.001666105
1.000000000 0.000120684 0.000163815 -0.001747489 -0.000120676 1.000000000 -0.000049033 0.002617948 -0.000163821 0.000049013 1.000000000 0.002509400
0.999999940 0.000188171 0.000167072 -0.001732277 -0.000188175 1.000000000 0.000024261 0.001270127 -0.000167067 -0.000024292 1.000000000 0.002007161
1.000000000 0.000143114 0.000109021 -0.001724161 -0.000143110 1.000000000 -0.000038136 0.002535566 -0.000109026 0.000038121 1.000000000 0.002701394
1.000000000 0.000164626 0.000142304 -0.001956142 -0.000164609 1.000000000 -0.000122057 0.002488628 -0.000142324 0.000122034 1.000000000 0.002593560
1.000000000 0.000127394 0.000190636 -0.001264480 -0.000127385 1.000000000 -0.000048156 0.001591885 -0.000190643 0.000048132 1.000000000 0.002419485
1.000000000 0.000052907 0.000173460 -0.001152868 -0.000052888 1.000000000 -0.000112738 0.003190702 -0.000173466 0.000112729 1.000000000 0.003923547
1.000000000 0.000144362 0.000069789 -0.000180511 -0.000144348 1.000000000 -0.000194315 0.003486811 -0.000069817 0.000194305 1.000000000 0.003779921
1.000000000 0.000104452 0.000141057 -0.001053866 -0.000104443 1.000000000 -0.000065782 0.001668075 -0.000141064 0.000065768 1.000000000 0.001826938
0.999999940 0.000259617 0.000218597 -0.002540836 -0.000259591 0.999999940 -0.000120219 0.002064072 -0.000218628 0.000120162 0.999999940 0.001441194
0.999999940 0.000234541 0.000210876 -0.001392660 -0.000234523 0.999999940 -0.000085430 0.001586309 -0.000210896 0.000085381 1.000000000 0.001492989
1.000000000 0.000148911 0.000175023 -0.001671806 -0.000148899 1.000000000 -0.000067566 0.002233963 -0.000175033 0.000067540 1.000000000 0.002183403
1.000000000 0.000203208 0.000106972 -0.001704255 -0.000203199 1.000000000 -0.000085117 0.002833085 -0.000106989 0.000085096 1.000000000 0.003149528
0.999999940 0.000249506 0.000186429 -0.001639165 -0.000249489 0.999999940 -0.000095776 0.002603361 -0.000186453 0.000095730 1.000000000 0.001757057
1.000000000 0.000185371 0.000096550 -0.000589025 -0.000185358 1.000000000 -0.000126879 0.003425840 -0.000096574 0.000126861 1.000000000 0.003059639
1.000000000 0.000035976 0.000089943 -0.000070543 -0.000035964 1.000000000 -0.000139311 0.001844140 -0.000089948 0.000139308 1.000000000 0.003597070
0.999999881 0.000379988 0.000199312 0.000389192 -0.000379852 0.999999702 -0.000682166 -0.000985775 -0.000199571 0.000682090 0.999999762 0.052585017
0.999999940 0.000285405 0.000083819 0.002327438 -0.000285302 0.999999225 -0.001223393 -0.003342286 -0.000084168 0.001223369 0.999999225 0.140335605
1.000000000 -0.000137162 -0.000038154 0.005710510 0.000137110 0.999999046 -0.001355875 -0.009512332 0.000038340 0.001355870 0.999999106 0.253157318
0.999999940 0.000234354 0.000151888 0.006360771 -0.000234159 0.999999166 -0.001286676 -0.009851279 -0.000152190 0.001286641 0.999999166 0.388174474
1.000000000 0.000006620 0.000166884 0.007771493 -0.000006415 0.999999225 -0.001231670 -0.012874148 -0.000166892 0.001231669 0.999999225 0.535067797
0.999999881 -0.000434472 0.000061168 0.012541042 0.000434542 0.999999225 -0.001145482 -0.018912155 -0.000060670 0.001145509 0.999999344 0.685578406
0.999999940 0.000212800 0.000265747 0.016232939 -0.000212568 0.999999583 -0.000874475 -0.022470390 -0.000265933 0.000874419 0.999999583 0.849554121
0.999999940 -0.000003674 0.000318557 0.015889823 0.000003892 0.999999762 -0.000682863 -0.030718509 -0.000318554 0.000682864 0.999999702 1.024458170
1.000000000 -0.000062868 -0.000021706 0.025185429 0.000062851 0.999999702 -0.000783363 -0.029138261 0.000021755 0.000783361 0.999999702 1.207516789
0.999999821 -0.000064435 0.000547971 0.022250043 0.000064619 0.999999940 -0.000335837 -0.042082205 -0.000547949 0.000335873 0.999999821 1.376868010
0.999999940 0.000126657 0.000237180 0.025436949 -0.000126647 1.000000000 -0.000041586 -0.051095877 -0.000237185 0.000041556 1.000000000 1.576499581
0.999995649 -0.002545397 0.001475435 0.009744386 0.002546326 0.999996543 -0.000627816 -0.049113456 -0.001473831 0.000631571 0.999998689 1.717349410
0.999995649 -0.002274104 0.001863791 0.011665492 0.002274659 0.999997377 -0.000295872 -0.055552687 -0.001863113 0.000300110 0.999998212 1.924108267
0.999994934 -0.002812785 0.001438984 0.016137434 0.002813344 0.999995887 -0.000386484 -0.063937888 -0.001437891 0.000390531 0.999998868 2.121973753
0.999994695 -0.002790032 0.001697666 0.020235110 0.002790484 0.999996066 -0.000264111 -0.068063535 -0.001696923 0.000268847 0.999998569 2.343518019
0.999996543 -0.001944447 0.001768339 0.023131602 0.001945163 0.999998033 -0.000403406 -0.071725145 -0.001767551 0.000406844 0.999998331 2.571103811
0.999994874 -0.002646431 0.001787066 0.030105593 0.002646688 0.999996483 -0.000141318 -0.082328439 -0.001786686 0.000146047 0.999998391 2.784104824
0.999994934 -0.002754730 0.001585464 0.036407698 0.002754797 0.999996185 -0.000039428 -0.086014047 -0.001585350 0.000043796 0.999998689 3.021178246
0.999994755 -0.002612027 0.001889756 0.044646129 0.002611990 0.999996543 0.000022133 -0.096611232 -0.001889807 -0.000017197 0.999998212 3.270996094
0.999994397 -0.002673800 0.001969701 0.043502785 0.002673827 0.999996424 -0.000010939 -0.103213757 -0.001969664 0.000016205 0.999998033 3.496117592
0.999995053 -0.002335458 0.002097201 0.045265533 0.002335252 0.999997258 0.000100414 -0.110326074 -0.002097430 -0.000095517 0.999997795 3.753360033
0.999994278 -0.002529953 0.002229940 0.051042769 0.002529145 0.999996662 0.000364902 -0.116488330 -0.002230856 -0.000359261 0.999997437 4.010465145
0.999993861 -0.002818175 0.002076895 0.056714393 0.002817573 0.999996006 0.000293088 -0.122561254 -0.002077713 -0.000287235 0.999997795 4.246038437
0.999994218 -0.002595283 0.002208195 0.062372699 0.002595148 0.999996722 0.000063969 -0.129978865 -0.002208354 -0.000058238 0.999997556 4.504228115
0.999993920 -0.002589240 0.002333817 0.071309872 0.002588485 0.999996662 0.000326501 -0.137094945 -0.002334655 -0.000320458 0.999997199 4.765052319
0.999994695 -0.002508577 0.002075574 0.073370859 0.002507901 0.999996781 0.000328138 -0.141040936 -0.002076390 -0.000322931 0.999997795 5.003982067
0.999995172 -0.002079562 0.002303310 0.075547278 0.002079789 0.999997795 -0.000095830 -0.146119505 -0.002303105 0.000100620 0.999997318 5.269471169
0.999994576 -0.002293492 0.002394208 0.080954380 0.002292484 0.999997199 0.000424109 -0.158414796 -0.002395174 -0.000418618 0.999997020 5.533063412
0.999994397 -0.002413629 0.002324362 0.088017121 0.002412671 0.999997020 0.000415088 -0.167690173 -0.002325357 -0.000409478 0.999997199 5.805611610
0.999993443 -0.002846900 0.002231067 0.090846181 0.002846111 0.999995887 0.000356931 -0.174586505 -0.002232074 -0.000350579 0.999997437 6.056535244
0.999994278 -0.002396999 0.002353233 0.096402280 0.002395936 0.999996960 0.000454445 -0.182594359 -0.002354315 -0.000448804 0.999997139 6.337499619
0.999994516 -0.002442523 0.002219014 0.101705983 0.002441662 0.999996960 0.000390431 -0.190647259 -0.002219961 -0.000385011 0.999997437 6.631466866
0.999994457 -0.002323808 0.002376795 0.105066553 0.002323188 0.999997258 0.000263605 -0.195045710 -0.002377401 -0.000258082 0.999997079 6.908443928
0.999993265 -0.002664208 0.002516418 0.109388553 0.002662801 0.999996305 0.000562399 -0.205531448 -0.002517907 -0.000555695 0.999996662 7.208816528
0.999993622 -0.002524543 0.002532983 0.115726173 0.002523285 0.999996662 0.000499735 -0.215871960 -0.002534236 -0.000493340 0.999996722 7.513492107
0.999993503 -0.002572672 0.002503914 0.129234806 0.002571025 0.999996424 0.000660522 -0.223893166 -0.002505604 -0.000654081 0.999996662 7.828155041
0.999993980 -0.002163203 0.002703004 0.128017724 0.002162195 0.999997616 0.000375909 -0.234690636 -0.002703811 -0.000370062 0.999996245 8.111952782
0.999992788 -0.002942826 0.002439076 0.138793632 0.002942350 0.999995708 0.000198916 -0.240786985 -0.002439651 -0.000191737 0.999997020 8.441047668
0.999993026 -0.002551083 0.002731098 0.145406738 0.002550191 0.999996722 0.000329845 -0.247514442 -0.002731931 -0.000322877 0.999996245 8.779604912
0.999993742 -0.002213336 0.002755684 0.151650310 0.002212665 0.999997556 0.000246552 -0.259504974 -0.002756223 -0.000240453 0.999996126 9.120533943
0.999994338 -0.001701439 0.002910668 0.151827291 0.001700137 0.999998450 0.000449610 -0.274632722 -0.002911429 -0.000444659 0.999995649 9.409167290
0.999994516 -0.001848885 0.002771537 0.161573529 0.001847344 0.999998152 0.000558392 -0.283628285 -0.002772564 -0.000553269 0.999996006 9.763687134
0.999994755 -0.001967914 0.002553672 0.168389529 0.001966950 0.999998033 0.000379932 -0.290356994 -0.002554415 -0.000374907 0.999996662 10.122967720
0.999994159 -0.001965913 0.002765108 0.181368768 0.001964564 0.999997973 0.000490323 -0.303780466 -0.002766066 -0.000484888 0.999996006 10.480684280
0.999994516 -0.002456838 0.002272864 0.190804958 0.002456018 0.999996901 0.000363501 -0.308116853 -0.002273750 -0.000357916 0.999997377 10.800244331
0.999995112 -0.002401585 0.001972624 0.202302247 0.002400697 0.999996960 0.000452329 -0.318370432 -0.001973705 -0.000447591 0.999997973 11.175988197
0.999995947 -0.001655312 0.002339580 0.209839806 0.001654187 0.999998450 0.000482995 -0.327952385 -0.002340376 -0.000479123 0.999997199 11.576442719
0.999994874 -0.001839832 0.002614694 0.211767137 0.001837957 0.999998033 0.000719484 -0.343897104 -0.002616013 -0.000714675 0.999996305 11.940234184
0.999994338 -0.002134369 0.002594407 0.222464442 0.002131787 0.999997258 0.000997661 -0.358506590 -0.002596529 -0.000992124 0.999996126 12.291661263
0.999993742 -0.002034217 0.002903260 0.225585014 0.002030883 0.999997318 0.001150884 -0.369121462 -0.002905593 -0.001144981 0.999995112 12.697842598
0.999993324 -0.002046908 0.003037292 0.237064660 0.002044113 0.999997497 0.000922840 -0.380609155 -0.003039174 -0.000916625 0.999994934 13.092288971
0.999994159 -0.001466212 0.003106374 0.246600792 0.001463688 0.999998629 0.000814761 -0.390875876 -0.003107564 -0.000810210 0.999994874 13.501664162
0.999993026 -0.002223524 0.002983554 0.246911705 0.002220435 0.999997020 0.001038112 -0.397914737 -0.002985853 -0.001031480 0.999994934 13.887739182
0.999990761 -0.002690447 0.003377989 0.257737726 0.002688775 0.999996245 0.000499641 -0.410516441 -0.003379321 -0.000490554 0.999994159 14.308699608
0.999990702 -0.002507332 0.003526231 0.264674067 0.002504635 0.999996603 0.000769238 -0.420355499 -0.003528147 -0.000760399 0.999993503 14.751891136
0.999988496 -0.002976260 0.003745040 0.277265400 0.002971712 0.999994814 0.001219170 -0.436960161 -0.003748649 -0.001208027 0.999992251 15.121331215
0.999987662 -0.002844983 0.004071577 0.284672141 0.002839917 0.999995291 0.001249520 -0.445847332 -0.004075113 -0.001237942 0.999990940 15.573214531
0.999985993 -0.002267580 0.004778408 0.294817865 0.002260296 0.999996245 0.001529131 -0.456083000 -0.004781858 -0.001518309 0.999987423 16.021175385
0.999983728 -0.002393102 0.005175884 0.296526104 0.002386773 0.999996424 0.001228534 -0.475165963 -0.005178805 -0.001216160 0.999985874 16.427219391
0.999983728 -0.002032093 0.005321817 0.310864985 0.002025869 0.999997258 0.001174720 -0.489468366 -0.005324190 -0.001163919 0.999985158 16.890420914
0.999980867 -0.002062175 0.005834093 0.310135543 0.002052878 0.999996603 0.001599288 -0.505793154 -0.005837371 -0.001587281 0.999981701 17.319009781
0.999979913 -0.002311438 0.005909733 0.325208008 0.002303460 0.999996424 0.001356379 -0.516729951 -0.005912848 -0.001342739 0.999981582 17.788936615
0.999977231 -0.002594520 0.006230506 0.339041293 0.002583671 0.999995172 0.001748744 -0.528373480 -0.006235012 -0.001732606 0.999979079 18.267389297
0.999978304 -0.002213034 0.006209163 0.343785018 0.002201933 0.999995947 0.001794012 -0.546983421 -0.006213109 -0.001780300 0.999979138 18.684629440
0.999976754 -0.001938998 0.006533802 0.359750390 0.001925581 0.999996066 0.002059214 -0.559217811 -0.006537769 -0.002046585 0.999976516 19.167884827
0.999978006 -0.001867487 0.006370776 0.365037024 0.001852186 0.999995410 0.002406795 -0.571709037 -0.006375242 -0.002394942 0.999976873 19.665527344
0.999976516 -0.002364378 0.006431817 0.376707494 0.002350122 0.999994755 0.002223182 -0.586486042 -0.006437041 -0.002208014 0.999976873 20.091327667
0.999981642 -0.002633193 0.005452251 0.395587564 0.002622634 0.999994636 0.001943007 -0.595837474 -0.005457338 -0.001928672 0.999983311 20.588180542
0.999981403 -0.002367350 0.005622034 0.395701885 0.002355417 0.999994934 0.002128095 -0.609699607 -0.005627044 -0.002114814 0.999981940 21.064434052
0.999984086 -0.002549147 0.005040118 0.412393928 0.002538967 0.999994755 0.002025278 -0.622653842 -0.005045254 -0.002012449 0.999985278 21.577819824
0.999985754 -0.002012346 0.004932253 0.417577744 0.002001493 0.999995589 0.002204229 -0.636442661 -0.004936667 -0.002194327 0.999985337 22.051101685
0.999986351 -0.002335171 0.004680594 0.427479178 0.002325492 0.999995112 0.002072244 -0.651304662 -0.004685410 -0.002061331 0.999986887 22.574886322
0.999988079 -0.002405958 0.004229078 0.425244570 0.002395157 0.999993861 0.002557326 -0.670805752 -0.004235205 -0.002547167 0.999987781 23.070953369
0.999988139 -0.003477445 0.003419847 0.437495351 0.003471449 0.999992430 0.001757754 -0.681979656 -0.003425934 -0.001745862 0.999992669 23.599952698
0.999990463 -0.003325269 0.002824613 0.451696128 0.003318834 0.999991834 0.002279889 -0.697742701 -0.002832172 -0.002270493 0.999993443 24.139036179
0.999994159 -0.002280722 0.002516558 0.453086913 0.002273852 0.999993622 0.002729166 -0.715346277 -0.002522766 -0.002723429 0.999993086 24.634662628
0.999996424 -0.001746298 0.001999855 0.465574592 0.001741127 0.999995112 0.002584804 -0.725553334 -0.002004358 -0.002581313 0.999994636 25.177501678
0.999996901 -0.001640786 0.001863237 0.464308321 0.001636377 0.999995828 0.002365753 -0.741111875 -0.001867111 -0.002362697 0.999995470 25.714954376
0.999996722 -0.002189628 0.001273003 0.478015065 0.002186232 0.999994040 0.002662738 -0.750262439 -0.001278826 -0.002659946 0.999995708 26.269350052
0.999998569 -0.001453824 0.000842390 0.495054811 0.001451400 0.999994814 0.002870172 -0.766586185 -0.000846558 -0.002868944 0.999995530 26.833782196
0.999998450 -0.001650747 0.000608709 0.496598393 0.001648964 0.999994338 0.002917521 -0.783274949 -0.000613522 -0.002916513 0.999995530 27.311805725
0.999998987 -0.001264126 0.000571147 0.506057382 0.001262179 0.999993443 0.003396365 -0.793725371 -0.000575436 -0.003395641 0.999994099 27.872592926
0.999998748 -0.001079829 0.001094783 0.513007045 0.001075316 0.999990940 0.004114985 -0.818029284 -0.001099216 -0.004113803 0.999990880 28.401165009
0.999999225 -0.001256555 0.000172447 0.504300296 0.001255957 0.999993265 0.003423285 -0.833834350 -0.000176748 -0.003423066 0.999994099 28.900754929
0.999999166 -0.001193760 -0.000324642 0.515021682 0.001194794 0.999994099 0.003203574 -0.844805181 0.000320816 -0.003203960 0.999994814 29.454410553
0.999999702 -0.000719936 -0.000363678 0.520761549 0.000721200 0.999993563 0.003487377 -0.866684020 0.000361165 -0.003487638 0.999993861 29.984502792
0.999999523 -0.000953004 -0.000137443 0.518847108 0.000953457 0.999993920 0.003329171 -0.871734321 0.000134269 -0.003329301 0.999994457 30.491058350
0.999999940 -0.000048350 -0.000305561 0.527462184 0.000049250 0.999995530 0.002944859 -0.880608559 0.000305418 -0.002944873 0.999995649 31.036111832
1.000000000 0.000091842 -0.000192929 0.535818875 -0.000091336 0.999996543 0.002618369 -0.887036562 0.000193168 -0.002618351 0.999996543 31.590677261
0.999999285 -0.000949489 -0.000747578 0.534506202 0.000951850 0.999994516 0.003162917 -0.904696941 0.000744570 -0.003163626 0.999994636 32.097988129
0.999999166 -0.000258226 -0.001302474 0.541179657 0.000263292 0.999992311 0.003890673 -0.924990773 0.001301459 -0.003891013 0.999991536 32.644802094
0.999999166 0.000250934 -0.001279079 0.551425219 -0.000245797 0.999991894 0.004014723 -0.937290609 0.001280077 -0.004014405 0.999991119 33.191310883
0.999998689 -0.000803352 -0.001405255 0.555697560 0.000808106 0.999993920 0.003385087 -0.947765470 0.001402527 -0.003386220 0.999993265 33.698410034
0.999998569 -0.000745642 -0.001551140 0.567711473 0.000750496 0.999994755 0.003130688 -0.963063955 0.001548797 -0.003131848 0.999993920 34.241027832
0.999997258 -0.001534086 -0.001725574 0.577661991 0.001539250 0.999994278 0.002995034 -0.969960809 0.001720969 -0.002997683 0.999994040 34.785770416
0.999997735 -0.001244779 -0.001743189 0.569456875 0.001251012 0.999992788 0.003578997 -0.993018210 0.001738721 -0.003581169 0.999992073 35.270668030
0.999997437 -0.001208253 -0.001952199 0.581485569 0.001215688 0.999992013 0.003812008 -1.007182837 0.001947577 -0.003814372 0.999990821 35.821628571
0.999998331 -0.000685037 -0.001752120 0.587972999 0.000691822 0.999992192 0.003874776 -1.017673969 0.001749452 -0.003875981 0.999991000 36.361717224
0.999997258 -0.001275755 -0.001957751 0.590093017 0.001282436 0.999993324 0.003415290 -1.028813839 0.001953381 -0.003417791 0.999992251 36.833084106
0.999997556 -0.000860540 -0.002028258 0.598050058 0.000867168 0.999994218 0.003269190 -1.042094350 0.002025433 -0.003270941 0.999992549 37.385555267
0.999998212 -0.000329286 -0.001875373 0.606295586 0.000334885 0.999995470 0.002986405 -1.048904538 0.001874382 -0.002987027 0.999993742 37.945568085
0.999996424 -0.001675610 -0.002088784 0.612783074 0.001682865 0.999992549 0.003476133 -1.062532663 0.002082944 -0.003479636 0.999991775 38.423725128
0.999997079 -0.001097882 -0.002182717 0.620869756 0.001105457 0.999993324 0.003471973 -1.079181910 0.002178891 -0.003474375 0.999991596 38.971302032
0.999996603 -0.001137697 -0.002342016 0.639766216 0.001145531 0.999993801 0.003345915 -1.097619534 0.002338194 -0.003348587 0.999991715 39.510288239
0.999996960 -0.001479397 -0.001982679 0.626587331 0.001486193 0.999993145 0.003430829 -1.101538658 0.001977590 -0.003433766 0.999992073 40.016395569
0.999998212 -0.000561918 -0.001850730 0.633691788 0.000567837 0.999994695 0.003199286 -1.105895162 0.001848923 -0.003200331 0.999993145 40.560806274
0.999997735 -0.000512279 -0.002104996 0.648194134 0.000518442 0.999995649 0.002928322 -1.126496553 0.002103487 -0.002929407 0.999993503 41.119205475
0.999997854 -0.000843703 -0.001891026 0.641262591 0.000849798 0.999994457 0.003225184 -1.132873297 0.001888295 -0.003226784 0.999993026 41.577991486
0.999998152 -0.000649826 -0.001822237 0.651303947 0.000655028 0.999995768 0.002855660 -1.142060518 0.001820375 -0.002856849 0.999994218 42.122234344
0.999998450 -0.000470647 -0.001699129 0.669799328 0.000476535 0.999993920 0.003466691 -1.163335085 0.001697488 -0.003467495 0.999992549 42.667144775
0.999997914 -0.001026344 -0.001755160 0.658179939 0.001032253 0.999993742 0.003369436 -1.172792912 0.001751690 -0.003371241 0.999992788 43.149394989
0.999998569 -0.000677203 -0.001511743 0.663614035 0.000681737 0.999995232 0.003000858 -1.183514357 0.001509704 -0.003001884 0.999994338 43.705753326
0.999999404 0.000083033 -0.001012780 0.678940594 -0.000080286 0.999996245 0.002711377 -1.198397875 0.001013002 -0.002711294 0.999995828 44.239803314
0.999999225 -0.000207849 -0.001196753 0.694675922 0.000211326 0.999995708 0.002906337 -1.207286835 0.001196144 -0.002906587 0.999995112 44.756629944
0.999999523 0.000373732 -0.000864909 0.693421721 -0.000371784 0.999997377 0.002251320 -1.214894772 0.000865748 -0.002250997 0.999997079 45.320587158
0.999999642 -0.000322681 -0.000804672 0.651792645 0.000325073 0.999995470 0.002973969 -1.229310989 0.000803708 -0.002974230 0.999995172 45.798389435
0.999999166 -0.000432075 -0.001178773 0.666169524 0.000435766 0.999994993 0.003132553 -1.244960546 0.001177414 -0.003133064 0.999994338 46.352283478
0.999999642 0.000900148 -0.000228430 0.664599061 -0.000899527 0.999995947 0.002701540 -1.256337523 0.000230860 -0.002701333 0.999996245 46.901687622
0.999999523 -0.000570081 -0.000740263 0.667251587 0.000572141 0.999995947 0.002785977 -1.259123087 0.000738672 -0.002786399 0.999995828 47.372650146
0.999997497 -0.001932997 -0.001153558 0.683843017 0.001936361 0.999993861 0.002922083 -1.270980716 0.001147902 -0.002924310 0.999995112 47.929103851
0.999999523 -0.000601165 -0.000740334 0.694455385 0.000603191 0.999996066 0.002739043 -1.282481432 0.000738684 -0.002739490 0.999995947 48.471126556
0.999999940 -0.000227582 0.000162485 0.685646713 0.000227010 0.999993742 0.003512861 -1.299988151 -0.000163284 -0.003512824 0.999993742 49.029518127
0.999999464 -0.000805168 -0.000611206 0.682691276 0.000806788 0.999996126 0.002654561 -1.302578211 0.000609066 -0.002655053 0.999996305 49.450759888
0.999999702 -0.000503256 -0.000469435 0.693621874 0.000504531 0.999996126 0.002720846 -1.317425847 0.000468064 -0.002721081 0.999996245 49.998546600
0.999999821 0.000030690 -0.000498071 0.698647678 -0.000029227 0.999995589 0.002936073 -1.329978943 0.000498159 -0.002936059 0.999995649 50.546718597
0.999999940 0.000235774 0.000325075 0.713753283 -0.000236875 0.999994159 0.003395740 -1.344944119 -0.000324272 -0.003395816 0.999994218 51.072971344
0.999999881 -0.000496389 0.000016279 0.699587762 0.000496345 0.999996483 0.002606441 -1.349928737 -0.000017572 -0.002606433 0.999996603 51.540454865
0.999999225 -0.001213227 0.000007559 0.712794960 0.001213195 0.999993443 0.003396909 -1.369045973 -0.000011680 -0.003396897 0.999994218 52.080982208
0.999998152 -0.001890780 -0.000281713 0.740359902 0.001891632 0.999993503 0.003056457 -1.383696795 0.000275932 -0.003056984 0.999995291 52.629371643
0.999999881 -0.000069532 0.000435815 0.710097134 0.000068479 0.999997079 0.002412238 -1.390157819 -0.000435981 -0.002412209 0.999997020 53.115230560
0.999999762 0.000121237 0.000592061 0.720777929 -0.000122536 0.999997556 0.002196386 -1.403280854 -0.000591793 -0.002196458 0.999997437 53.665058136
0.999999762 0.000447054 0.000581851 0.737199545 -0.000448014 0.999998569 0.001651271 -1.407680750 -0.000581112 -0.001651531 0.999998510 54.219291687
0.999999881 0.000162783 0.000413173 0.732610166 -0.000163661 0.999997735 0.002130923 -1.421462774 -0.000412825 -0.002130990 0.999997616 54.675090790
0.999999642 0.000127680 0.000781732 0.741955876 -0.000129498 0.999997258 0.002325419 -1.438529849 -0.000781433 -0.002325519 0.999996901 55.225097656
0.999999523 0.000557469 0.000691857 0.754616737 -0.000558994 0.999997377 0.002207485 -1.449832916 -0.000690625 -0.002207871 0.999997318 55.774650574
0.999999583 0.000520943 0.000691259 0.753124356 -0.000522460 0.999997497 0.002196684 -1.467990875 -0.000690113 -0.002197044 0.999997318 56.327209473
0.999999404 -0.000266817 0.001079223 0.754727304 0.000264668 0.999997973 0.001990673 -1.482207537 -0.001079753 -0.001990386 0.999997377 56.772823334
0.999998987 0.000146642 0.001384249 0.761115015 -0.000148972 0.999998569 0.001682258 -1.492510557 -0.001384000 -0.001682462 0.999997616 57.318458557
0.999998987 -0.000358709 0.001409852 0.775221348 0.000356160 0.999998331 0.001806761 -1.512613654 -0.001410498 -0.001806257 0.999997377 57.864151001
0.999999285 -0.001041367 0.000616785 0.798099399 0.001040420 0.999998271 0.001534428 -1.522067428 -0.000618382 -0.001533785 0.999998629 58.403041840
0.999998927 -0.000011319 0.001484578 0.773519695 0.000008468 0.999998152 0.001921795 -1.532135725 -0.001484597 -0.001921781 0.999997079 58.867729187
0.999998689 -0.000428161 0.001574394 0.788395226 0.000425473 0.999998450 0.001707409 -1.543040633 -0.001575122 -0.001706737 0.999997377 59.420871735
0.999998569 0.000374019 0.001659180 0.808955908 -0.000376329 0.999998927 0.001391610 -1.552999496 -0.001658657 -0.001392233 0.999997735 59.974967957
0.999998569 0.000459969 0.001656646 0.811433315 -0.000462428 0.999998748 0.001484344 -1.573209643 -0.001655962 -0.001485107 0.999997556 60.495307922
0.999997795 -0.000465247 0.002041173 0.802802920 0.000461649 0.999998331 0.001762829 -1.586588264 -0.002041989 -0.001761883 0.999996364 60.951324463
0.999998212 -0.000671357 0.001741341 0.816739917 0.000667916 0.999997795 0.001976607 -1.597950339 -0.001742664 -0.001975440 0.999996483 61.502025604
0.999997437 -0.000783562 0.002148399 0.823230743 0.000780388 0.999998629 0.001478474 -1.611546993 -0.002149555 -0.001476793 0.999996603 62.058280945
0.999996364 0.000673318 0.002617686 0.811173916 -0.000677999 0.999998093 0.001788278 -1.628450155 -0.002616478 -0.001790046 0.999994934 62.526229858
0.999996006 0.001029354 0.002644939 0.822180450 -0.001032802 0.999998629 0.001303343 -1.640125155 -0.002643594 -0.001306070 0.999995589 63.076305389
0.999994516 0.000853937 0.003213341 0.832073510 -0.000858835 0.999998450 0.001523305 -1.657748938 -0.003212035 -0.001526056 0.999993682 63.616165161
0.999994457 0.000397095 0.003293242 0.842013538 -0.000403948 0.999997735 0.002080706 -1.675236940 -0.003292409 -0.002082025 0.999992490 64.141288757
0.999995887 0.000373027 0.002842104 0.839182019 -0.000378434 0.999998093 0.001901961 -1.679573059 -0.002841389 -0.001903028 0.999994099 64.611152649
0.999995232 0.000892037 0.002976889 0.851098359 -0.000897304 0.999998033 0.001768447 -1.693512201 -0.002975306 -0.001771109 0.999993980 65.170539856
0.999996066 0.000198963 0.002807538 0.869355440 -0.000203321 0.999998748 0.001552298 -1.707715869 -0.002807226 -0.001552863 0.999994874 65.698043823
0.999996185 0.000050150 0.002782960 0.888183296 -0.000054174 0.999998927 0.001445707 -1.720663905 -0.002782885 -0.001445853 0.999994993 66.237480164
0.999994278 0.001082745 0.003195180 0.878208399 -0.001088166 0.999997914 0.001694679 -1.737340450 -0.003193339 -0.001698145 0.999993443 66.688392639
0.999992788 0.002221466 0.003060400 0.889004350 -0.002227142 0.999995768 0.001852124 -1.750709414 -0.003056272 -0.001858927 0.999993622 67.242195129
0.999988616 0.003159967 0.003565043 0.896020293 -0.003167009 0.999993026 0.001970951 -1.773520827 -0.003558791 -0.001982219 0.999991655 67.789932251
0.999992371 0.001168518 0.003710150 0.894989669 -0.001176491 0.999997020 0.002147661 -1.789156795 -0.003707629 -0.002152010 0.999990821 68.267486572
0.999991298 0.000583258 0.004118327 0.905413270 -0.000592038 0.999997675 0.002131177 -1.805586934 -0.004117073 -0.002133597 0.999989271 68.819679260
0.999988317 0.001619202 0.004546459 0.915956557 -0.001628349 0.999996662 0.002009029 -1.820394993 -0.004543190 -0.002016409 0.999987662 69.340408325
0.999990642 0.001738302 0.003963531 0.925004721 -0.001747375 0.999995828 0.002286480 -1.831975460 -0.003959540 -0.002293384 0.999989510 69.860923767
0.999990880 0.001399772 0.004045676 0.939617038 -0.001405982 0.999997854 0.001532529 -1.841453671 -0.004043523 -0.001538203 0.999990582 70.411376953
0.999991775 0.000885730 0.003945480 0.951413274 -0.000892707 0.999998033 0.001767327 -1.860442281 -0.003943907 -0.001770835 0.999990582 70.971107483
0.999991357 0.001245413 0.003945267 0.955995858 -0.001251885 0.999997914 0.001638637 -1.871801019 -0.003943217 -0.001643561 0.999990880 71.509216309
0.999987960 0.002214717 0.004375101 0.952793360 -0.002223053 0.999995708 0.001901698 -1.887099266 -0.004370871 -0.001911400 0.999988556 71.957015991
0.999989569 0.001988338 0.004114414 0.966752768 -0.001996054 0.999996245 0.001872048 -1.897797108 -0.004110677 -0.001880240 0.999989748 72.507408142
0.999990284 0.001845027 0.004003912 0.983024836 -0.001853136 0.999996245 0.002022270 -1.914681196 -0.004000166 -0.002029670 0.999989867 73.053100586
0.999988735 0.001810912 0.004388908 0.989319444 -0.001819618 0.999996364 0.001980325 -1.931025028 -0.004385306 -0.001988289 0.999988377 73.538208008
0.999984741 0.003144414 0.004540219 0.996325850 -0.003153886 0.999992847 0.002080627 -1.945355892 -0.004533645 -0.002094914 0.999987543 74.073944092
0.999986112 0.002414655 0.004694901 1.013723135 -0.002425757 0.999994278 0.002360620 -1.958430529 -0.004689173 -0.002371975 0.999986231 74.639343262
0.999988616 0.002231504 0.004211015 1.026471376 -0.002238860 0.999995887 0.001743041 -1.968536973 -0.004207109 -0.001752450 0.999989629 75.147209167
0.999988079 0.002326099 0.004287493 1.034892082 -0.002335198 0.999994934 0.002118683 -1.981612563 -0.004282544 -0.002128670 0.999988616 75.709289551
0.999986351 0.002403743 0.004640935 1.049773216 -0.002414364 0.999994457 0.002284226 -2.005523920 -0.004635419 -0.002295399 0.999986649 76.225234985
0.999983847 0.002798916 0.004929074 1.049484491 -0.002808444 0.999994218 0.001926787 -2.012583733 -0.004923653 -0.001940599 0.999985933 76.726989746
0.999985099 0.002741988 0.004710442 1.063024521 -0.002749276 0.999995053 0.001541286 -2.026751280 -0.004706193 -0.001554214 0.999987721 77.281700134
0.999985516 0.001953416 0.005018568 1.086534381 -0.001961480 0.999996781 0.001602191 -2.039721966 -0.005015423 -0.001612011 0.999986112 77.854682922
0.999977708 0.002844470 0.006028000 1.091799259 -0.002854466 0.999994516 0.001650753 -2.050089598 -0.006023271 -0.001667923 0.999980450 78.303787231
0.999970019 0.002596716 0.007294190 1.108228683 -0.002605518 0.999995828 0.001197275 -2.063464403 -0.007291051 -0.001216245 0.999972701 78.849533081
0.999959588 0.002766131 0.008548431 1.130711555 -0.002779029 0.999995053 0.001497144 -2.087863922 -0.008544248 -0.001520840 0.999962270 79.370429993
0.999943972 0.003285893 0.010061990 1.121523142 -0.003302149 0.999993205 0.001599250 -2.094751120 -0.010056667 -0.001632387 0.999948084 79.896865845
0.999906242 0.003319333 0.013281671 1.143483043 -0.003342784 0.999992847 0.001743861 -2.106108427 -0.013275789 -0.001788095 0.999910235 80.464942932
0.999844611 0.003471739 0.017279282 1.169404626 -0.003496110 0.999992907 0.001380344 -2.115851879 -0.017274369 -0.001440540 0.999849737 81.002609253
0.999794543 0.002930080 0.020062167 1.186180592 -0.002963900 0.999994159 0.001656245 -2.135528803 -0.020057200 -0.001715367 0.999797344 81.514366150
0.999702871 0.002577743 0.024240538 1.214320183 -0.002611748 0.999995649 0.001371181 -2.148004770 -0.024236901 -0.001434084 0.999705136 82.061866760
0.999542177 0.002695355 0.030135699 1.244228840 -0.002749205 0.999994695 0.001745647 -2.168412685 -0.030130833 -0.001827697 0.999544322 82.604843140
0.999333918 0.003347573 0.036338612 1.268074274 -0.003391487 0.999993563 0.001146873 -2.171628952 -0.036334533 -0.001269351 0.999338865 83.143623352
0.999100327 0.003622491 0.042255338 1.304661512 -0.003685443 0.999992132 0.001412018 -2.186330318 -0.042249896 -0.001566478 0.999105811 83.692863464
0.998727679 0.003593408 0.050300263 1.354420900 -0.003687958 0.999991596 0.001787032 -2.212476015 -0.050293416 -0.001970263 0.998732507 84.225135803
0.998247743 0.003609175 0.059062786 1.386737108 -0.003670085 0.999992847 0.000922821 -2.210888624 -0.059059035 -0.001137969 0.998253822 84.769424438
0.997813523 0.003264691 0.066011772 1.440641880 -0.003345025 0.999993801 0.001106444 -2.222900391 -0.066007741 -0.001324836 0.997818172 85.326812744
0.997128487 0.004138353 0.075615898 1.493660450 -0.004238365 0.999990344 0.001162183 -2.241305590 -0.075610384 -0.001479334 0.997136354 85.859619141
0.996353984 0.002888974 0.085266620 1.559099674 -0.002972387 0.999995172 0.000851324 -2.248643875 -0.085263759 -0.001101665 0.996357739 86.394371033
0.995551229 0.002737236 0.094182201 1.626231670 -0.002820375 0.999995768 0.000749648 -2.255480528 -0.094179757 -0.001011942 0.995554626 86.946388245
0.994820654 0.002237633 0.101621158 1.701645374 -0.002293798 0.999997258 0.000435843 -2.272374868 -0.101619892 -0.000666684 0.994823098 87.497444153
0.993755758 0.002649260 0.111545600 1.754834175 -0.002740030 0.999996006 0.000660470 -2.290666103 -0.111543410 -0.000961985 0.993759096 87.942825317
0.992537200 0.002616662 0.121913567 1.844819069 -0.002730734 0.999995947 0.000768623 -2.304671049 -0.121911071 -0.001095800 0.992540479 88.476425171
0.991328537 0.002012229 0.131391048 1.935134888 -0.002095452 0.999997616 0.000495148 -2.318513870 -0.131389767 -0.000766178 0.991330385 89.021163940
0.989773214 0.000935213 0.142646924 2.039539337 -0.001011935 0.999999523 0.000465303 -2.329379082 -0.142646387 -0.000604894 0.989773512 89.558799744
0.987794697 0.001278230 0.155756012 2.132466316 -0.001436856 0.999998569 0.000905847 -2.349212408 -0.155754626 -0.001118590 0.987795115 90.084655762
0.985969484 0.000440399 0.166925296 2.239253998 -0.000505963 0.999999881 0.000350243 -2.356647491 -0.166925102 -0.000429788 0.985969484 90.659065247
0.984214485 0.001056630 0.176976711 2.343756676 -0.001125420 0.999999344 0.000288313 -2.364509583 -0.176976308 -0.000482935 0.984214962 91.185546875
0.981784403 0.001311065 0.189993709 2.465427399 -0.001401745 0.999999046 0.000342897 -2.380559683 -0.189993039 -0.000602974 0.981785238 91.725234985
0.979354858 0.000981870 0.202146366 2.605750084 -0.001140183 0.999999166 0.000666720 -2.396919250 -0.202145562 -0.000883439 0.979355097 92.254074097
0.977260292 0.000001239 0.212043077 2.730833054 -0.000079153 0.999999940 0.000358951 -2.403531075 -0.212043092 -0.000367572 0.977260232 92.740577698
0.974363387 -0.000469285 0.224979743 2.879467010 0.000441869 0.999999881 0.000172213 -2.424261570 -0.224979803 -0.000068386 0.974363387 93.265655518
0.971229792 -0.001579366 0.238138914 3.035577774 0.001668416 0.999998629 -0.000172383 -2.430660009 -0.238138288 0.000564738 0.971231043 93.794128418
0.968436599 -0.001343557 0.249256402 3.196329117 0.001417198 0.999999046 -0.000115980 -2.439529419 -0.249255985 0.000465565 0.968437493 94.326675415
0.965415597 -0.001008362 0.260713339 3.329721451 0.001001477 0.999999464 0.000159255 -2.454883814 -0.260713339 0.000107351 0.965416253 94.829650879
0.961684525 0.000235558 0.274157941 3.500467300 -0.000496051 0.999999404 0.000880828 -2.473998547 -0.274157614 -0.000983075 0.961684346 95.343582153
0.958069086 -0.000646845 0.286536574 3.680030823 0.000608526 0.999999821 0.000222781 -2.481905222 -0.286536634 -0.000039075 0.958069265 95.890373230
0.954479933 -0.001028130 0.298273146 3.844253540 0.000957244 0.999999464 0.000383736 -2.492113113 -0.298273265 -0.000080748 0.954480469 96.375404358
0.950012326 -0.001702521 0.312207609 4.042886734 0.001606203 0.999998569 0.000565666 -2.507852793 -0.312208116 -0.000035920 0.950013697 96.886314392
0.945505857 -0.002153000 0.325597852 4.247749329 0.002285716 0.999997318 -0.000025074 -2.512039185 -0.325596929 0.000767932 0.945508361 97.412750244
0.941362977 -0.001832140 0.337390453 4.440612793 0.001733963 0.999998271 0.000592339 -2.538311243 -0.337390989 0.000027416 0.941364527 97.905380249
0.936470270 -0.001964847 0.350741416 4.633150101 0.001859836 0.999998093 0.000636259 -2.541703939 -0.350741982 0.000056484 0.936472118 98.392890930
0.931022525 -0.001912322 0.364956796 4.849946976 0.001820261 0.999998212 0.000596271 -2.555681705 -0.364957243 0.000109175 0.931024253 98.895973206
0.926154733 -0.002011405 0.377138138 5.075702667 0.001862253 0.999997973 0.000760111 -2.569956064 -0.377138883 -0.000001653 0.926156700 99.396919250
0.921327710 -0.002748456 0.388777077 5.301441193 0.002669066 0.999996185 0.000744284 -2.584402800 -0.388777614 0.000351943 0.921331525 99.877296448
0.915227473 -0.002492954 0.402929723 5.546325684 0.002182450 0.999996841 0.001229765 -2.600010157 -0.402931511 -0.000246141 0.915230095 100.377410889
0.909378707 -0.003082315 0.415957838 5.786674500 0.002708045 0.999995172 0.001489726 -2.609976768 -0.415960401 -0.000228293 0.909382641 100.857925415
0.904304385 -0.003406586 0.426874638 6.026046753 0.003342106 0.999994040 0.000900226 -2.622040033 -0.426875144 0.000612582 0.904310346 101.322799683
0.898335993 -0.003366392 0.439296126 6.278968811 0.003167983 0.999994338 0.001184757 -2.635656118 -0.439297557 0.000327373 0.898341537 101.798805237
0.891785443 -0.003932260 0.452441454 6.550045013 0.003667945 0.999992192 0.001461429 -2.653188705 -0.452443600 0.000356249 0.891792953 102.288414001
0.885546207 -0.004205036 0.464532316 6.809974670 0.004310736 0.999990284 0.000834475 -2.652424812 -0.464531332 0.001263509 0.885555804 102.768791199
0.879771650 -0.004305650 0.475377083 7.086204529 0.004107164 0.999990463 0.001456197 -2.675243378 -0.475378752 0.000671331 0.879781008 103.232681274
0.872013986 -0.004015719 0.489464551 7.345722198 0.003780321 0.999991775 0.001469347 -2.690485716 -0.489466429 0.000569042 0.872022092 103.664863586
0.864690006 -0.005256477 0.502278328 7.652309418 0.005313620 0.999984980 0.001317524 -2.700080872 -0.502277672 0.001529667 0.864705086 104.136726379
