1.000000000 0.000000000 0.000000000 0.000000000 0.000000000 1.000000000 0.000000000 0.000000000 0.000000000 0.000000000 1.000000000 0.000000000
1.000000000 0.000074130 0.000021581 0.000379054 -0.000074133 1.000000000 0.000147505 -0.000827245 -0.000021570 -0.000147507 1.000000000 -0.000440732
1.000000000 0.000102776 -0.000154692 0.001489189 -0.000102770 1.000000000 0.000041393 -0.000164508 0.000154696 -0.000041377 1.000000000 -0.001182853
0.999999940 0.000260826 0.000015623 -0.000350161 -0.000260828 0.999999940 0.000087019 -0.000548803 -0.000015600 -0.000087023 1.000000000 0.000967200
0.999999940 0.000256449 -0.000032422 -0.000771422 -0.000256447 0.999999940 0.000090059 -0.000556109 0.000032446 -0.000090050 1.000000000 -0.000437892
1.000000000 0.000038389 -0.000086419 -0.000164358 -0.000038388 1.000000000 0.000005044 -0.000354815 0.000086419 -0.000005041 1.000000000 -0.000425295
1.000000000 -0.000002563 0.000028304 -0.000204579 0.000002559 1.000000000 0.000143747 -0.001131986 -0.000028305 -0.000143747 1.000000000 0.000037173
1.000000000 0.000021290 -0.000016974 0.001267847 -0.000021288 1.000000000 0.000101311 -0.000875127 0.000016976 -0.000101311 1.000000000 -0.000432931
1.000000000 -0.000052253 0.000137472 -0.000430622 0.000052245 1.000000000 0.000057219 0.000274076 -0.000137475 -0.000057212 1.000000000 0.001459016
1.000000000 -0.000130190 -0.000004634 0.001535242 0.000130190 1.000000000 0.000070485 0.000112466 0.000004625 -0.000070485 1.000000000 0.000901085
1.000000000 -0.000089382 -0.000019614 -0.000060508 0.000089382 1.000000000 0.000020381 0.000193165 0.000019612 -0.000020383 1.000000000 0.001702912
1.000000000 0.000090136 0.000141444 -0.001345550 -0.000090119 1.000000000 -0.000119379 0.001476609 -0.000141454 0.000119366 1.000000000 0.002604448
1.000000000 -0.000157078 0.000081088 -0.000483935 0.000157060 0.999999940 0.000228160 -0.001059842 -0.000081124 -0.000228147 1.000000000 0.000450411
1.000000000 0.000063869 0.000112028 -0.000877712 -0.000063889 1.000000000 0.000176566 -0.001215359 -0.000112017 -0.000176573 1.000000000 -0.000022318
1.000000000 0.000122470 0.000062659 -0.000652975 -0.000122481 1.000000000 0.000169708 -0.000945527 -0.000062638 -0.000169716 1.000000000 -0.000543295
1.000000000 0.000116871 -0.000009694 -0.000540113 -0.000116870 1.000000000 0.000064624 -0.000440108 0.000009701 -0.000064622 1.000000000 0.000113388
0.999999940 0.000330110 0.000253147 -0.002033507 -0.000330132 0.999999940 0.000088038 -0.000264847 -0.000253118 -0.000088122 0.999999940 0.000948426
1.000000000 0.000086543 -0.000044920 -0.000278469 -0.000086541 1.000000000 0.000041111 0.000054359 0.000044924 -0.000041107 1.000000000 0.002000476
1.000000000 0.000035788 0.000006144 -0.000036014 -0.000035789 1.000000000 0.000178732 -0.001113274 -0.000006137 -0.000178732 1.000000000 0.000659657
1.000000000 0.000177046 0.000058300 -0.000309674 -0.000177052 1.000000000 0.000106965 -0.000403578 -0.000058281 -0.000106975 1.000000000 0.001189852
1.000000000 0.000213126 0.000005915 -0.000695051 -0.000213126 1.000000000 0.000068311 -0.000830436 -0.000005900 -0.000068312 1.000000000 0.000388899
1.000000000 -0.000132933 -0.000172617 0.001692009 0.000132942 1.000000000 0.000051432 -0.000175313 0.000172610 -0.000051455 1.000000000 -0.001107782
1.000000000 0.000047196 0.000057344 0.000228693 -0.000047202 1.000000000 0.000114636 -0.001106197 -0.000057339 -0.000114639 1.000000000 0.000520597
0.999999940 0.000298625 0.000195980 -0.001338247 -0.000298659 0.999999940 0.000173386 -0.000409596 -0.000195928 -0.000173444 0.999999940 0.000382588
1.000000000 -0.000057312 -0.000095960 0.000947055 0.000057318 1.000000000 0.000068794 -0.000112056 0.000095956 -0.000068800 1.000000000 0.000259205
1.000000000 0.000126834 0.000062223 -0.000622383 -0.000126830 1.000000000 -0.000070992 0.000937977 -0.000062232 0.000070984 1.000000000 -0.000356610
1.000000000 0.000128896 0.000049433 -0.000499497 -0.000128892 1.000000000 -0.000088478 0.000306444 -0.000049445 0.000088472 1.000000000 -0.001544073
1.000000000 0.000203108 0.000036634 -0.000389907 -0.000203106 1.000000000 -0.000039861 0.000277997 -0.000036642 0.000039854 1.000000000 0.000980884
1.000000000 -0.000105443 -0.000063700 0.000217001 0.000105444 1.000000000 0.000006966 0.001589692 0.000063699 -0.000006972 1.000000000 0.002731369
1.000000000 0.000170365 0.000014353 -0.000340709 -0.000170364 1.000000000 -0.000071017 0.001137730 -0.000014366 0.000071014 1.000000000 0.000779834
1.000000000 -0.000008622 -0.000075515 0.000531335 0.000008631 1.000000000 0.000128960 -0.000202968 0.000075514 -0.000128961 1.000000000 -0.000720413
1.000000000 0.000067589 -0.000070786 0.000207135 -0.000067586 1.000000000 0.000048396 0.000110243 0.000070790 -0.000048392 1.000000000 0.000324736
1.000000000 0.000115939 0.000078036 -0.000939530 -0.000115944 1.000000000 0.000057580 -0.000430430 -0.000078029 -0.000057589 1.000000000 0.000794499
1.000000000 0.000135665 -0.000040805 -0.000171234 -0.000135661 1.000000000 0.000101735 0.000283590 0.000040819 -0.000101730 1.000000000 0.001380246
1.000000000 0.000150433 0.000006523 0.000652700 -0.000150434 1.000000000 0.000064846 0.000016098 -0.000006513 -0.000064847 1.000000000 0.000214989
1.000000000 0.000052349 0.000100770 -0.001217243 -0.000052347 1.000000000 -0.000024219 0.002554612 -0.000100772 0.000024214 1.000000000 0.002970255
1.000000000 -0.000061014 0.000047740 -0.000389053 0.000061008 1.000000000 0.000127635 0.000528376 -0.000047747 -0.000127633 1.000000000 0.002057839
1.000000000 -0.000029403 0.000137407 -0.000670853 0.000029374 1.000000000 0.000210542 -0.000618115 -0.000137413 -0.000210537 0.999999940 -0.000499569
1.000000000 -0.000097807 0.000164569 -0.000692355 0.000097806 1.000000000 0.000006045 0.000691271 -0.000164570 -0.000006029 1.000000000 0.000388261
0.999999940 -0.000253814 -0.000052410 0.001599753 0.000253818 0.999999940 0.000083700 -0.001367797 0.000052389 -0.000083713 1.000000000 -0.000355170
1.000000000 -0.000034305 0.000187625 -0.000088022 0.000034409 0.999999821 -0.000552177 -0.002761258 -0.000187606 0.000552184 0.999999821 0.051081792
0.999999940 0.000362661 0.000081548 -0.000004665 -0.000362571 0.999999344 -0.001107059 -0.005330746 -0.000081950 0.001107029 0.999999404 0.136243731
0.999999821 0.000594927 -0.000075849 0.002712726 -0.000595033 0.999998808 -0.001408453 -0.005295646 0.000075011 0.001408498 0.999998987 0.256461799
0.999999881 -0.000230854 -0.000380790 0.008943703 0.000230231 0.999998629 -0.001634827 -0.011056262 0.000381167 0.001634739 0.999998569 0.385409176
0.999999940 -0.000232852 -0.000177521 0.010181749 0.000232615 0.999999046 -0.001332511 -0.017686697 0.000177831 0.001332470 0.999999106 0.522912800
1.000000000 -0.000144709 -0.000097077 0.014621940 0.000144576 0.999999046 -0.001373132 -0.022478666 0.000097276 0.001373118 0.999999046 0.679803610
0.999999881 -0.000284181 -0.000352722 0.019230127 0.000283804 0.999999404 -0.001068147 -0.025559174 0.000353025 0.001068046 0.999999344 0.834991217
0.999999940 0.000003555 -0.000264384 0.019855682 -0.000003859 0.999999344 -0.001148122 -0.028435286 0.000264380 0.001148123 0.999999285 1.004488826
0.999999881 -0.000229473 -0.000271048 0.023514587 0.000229340 0.999999762 -0.000490113 -0.041044977 0.000271160 0.000490051 0.999999821 1.174936533
0.999999762 -0.000229361 -0.000642455 0.032881774 0.000228964 0.999999762 -0.000617078 -0.040077049 0.000642597 0.000616931 0.999999523 1.364720106
0.999999642 -0.000492697 -0.000618085 0.035845704 0.000492162 0.999999464 -0.000866490 -0.040486466 0.000618512 0.000866185 0.999999404 1.555037856
0.999999881 -0.000065856 -0.000556467 0.037655082 0.000065337 0.999999583 -0.000934324 -0.044331443 0.000556528 0.000934287 0.999999344 1.756940365
0.999999642 0.000417009 -0.000745858 0.046247445 -0.000417575 0.999999583 -0.000758484 -0.055462617 0.000745541 0.000758795 0.999999344 1.945047736
0.999999821 -0.000066691 -0.000610605 0.052912772 0.000066388 0.999999881 -0.000496376 -0.064181015 0.000610638 0.000496336 0.999999702 2.161432028
0.999999762 -0.000009949 -0.000694991 0.059675820 0.000009439 0.999999702 -0.000733531 -0.069768682 0.000694998 0.000733524 0.999999523 2.375822067
0.999999762 0.000048585 -0.000738919 0.064824700 -0.000048851 0.999999940 -0.000359188 -0.078448944 0.000738901 0.000359224 0.999999642 2.603224993
0.999999821 0.000569699 -0.000329153 0.063133813 -0.000569848 0.999999702 -0.000453506 -0.084149115 0.000328894 0.000453693 0.999999881 2.837470531
0.999999881 0.000199890 -0.000334936 0.071836613 -0.000199928 0.999999940 -0.000114679 -0.095179841 0.000334913 0.000114746 0.999999940 3.059519053
0.999999762 0.000040725 -0.000646171 0.074089795 -0.000041187 0.999999762 -0.000714779 -0.091736421 0.000646141 0.000714806 0.999999523 3.307020426
0.999999583 0.000149881 -0.000880792 0.082833529 -0.000150369 0.999999881 -0.000554562 -0.101697564 0.000880709 0.000554695 0.999999404 3.553492308
0.999999702 0.000322510 -0.000676553 0.083281480 -0.000322938 0.999999762 -0.000632401 -0.104840778 0.000676349 0.000632619 0.999999583 3.804425478
0.999999881 0.000375144 -0.000320872 0.084449023 -0.000375486 0.999999404 -0.001064734 -0.108557761 0.000320472 0.001064854 0.999999404 4.065946579
0.999999523 0.000170943 -0.000929333 0.097286917 -0.000171342 0.999999821 -0.000429864 -0.116499603 0.000929259 0.000430023 0.999999464 4.311713219
0.999999523 0.000555972 -0.000808288 0.104295418 -0.000556384 0.999999642 -0.000509950 -0.123147368 0.000808005 0.000510399 0.999999523 4.570293903
0.999999702 0.000188326 -0.000766759 0.107432768 -0.000188978 0.999999642 -0.000849597 -0.126759320 0.000766599 0.000849742 0.999999285 4.824919224
0.999999821 -0.000075511 -0.000581912 0.111773051 0.000075053 0.999999702 -0.000785687 -0.133546516 0.000581971 0.000785643 0.999999523 5.085177422
0.999999583 -0.000291054 -0.000890626 0.119861089 0.000290223 0.999999583 -0.000933430 -0.141297102 0.000890898 0.000933171 0.999999166 5.350194454
0.999999464 0.000041644 -0.001010295 0.123670295 -0.000042389 0.999999642 -0.000737914 -0.149256781 0.001010264 0.000737957 0.999999225 5.615437508
0.999999106 -0.000075896 -0.001307568 0.127238259 0.000075046 0.999999762 -0.000650113 -0.156496808 0.001307617 0.000650014 0.999998927 5.887624741
0.999999404 -0.000108980 -0.001086127 0.135880560 0.000108743 0.999999940 -0.000218181 -0.169264823 0.001086151 0.000218063 0.999999404 6.160810471
0.999999642 0.000338854 -0.000798274 0.134304821 -0.000339646 0.999999464 -0.000992547 -0.169322461 0.000797937 0.000992818 0.999999106 6.445389271
0.999999702 0.000048368 -0.000783093 0.137479395 -0.000049180 0.999999464 -0.001037249 -0.181053832 0.000783043 0.001037288 0.999999046 6.735025406
0.999999583 0.000352556 -0.000810380 0.149101332 -0.000353081 0.999999702 -0.000648086 -0.197314814 0.000810151 0.000648372 0.999999404 7.028805733
0.999999762 -0.000072375 -0.000557348 0.152083173 0.000071919 0.999999642 -0.000817486 -0.201565370 0.000557407 0.000817446 0.999999464 7.326465130
0.999999821 0.000092311 -0.000601792 0.156524390 -0.000092886 0.999999523 -0.000956852 -0.208951518 0.000601703 0.000956908 0.999999344 7.644048691
0.999999702 0.000143322 -0.000817205 0.166272953 -0.000143501 0.999999940 -0.000219005 -0.227738559 0.000817174 0.000219123 0.999999642 7.950191975
0.999999583 -0.000097752 -0.000862124 0.169016778 0.000097487 0.999999940 -0.000306836 -0.232616693 0.000862154 0.000306752 0.999999583 8.261841774
0.999999642 -0.000009231 -0.000801118 0.179152727 0.000008981 0.999999940 -0.000311212 -0.248309940 0.000801121 0.000311205 0.999999642 8.580882072
0.999999583 0.000690339 -0.000551124 0.178476512 -0.000690277 0.999999762 0.000113620 -0.259523273 0.000551202 -0.000113239 0.999999881 8.925692558
0.999999881 0.000292499 -0.000322647 0.190860122 -0.000292461 1.000000000 0.000119752 -0.272597492 0.000322682 -0.000119658 1.000000000 9.244215012
0.999999940 0.000240850 -0.000309869 0.193810105 -0.000240873 0.999999940 -0.000070575 -0.277217865 0.000309852 0.000070650 0.999999940 9.600763321
0.999999702 -0.000246679 -0.000713205 0.207870811 0.000246789 0.999999940 0.000153877 -0.289267182 0.000713166 -0.000154052 0.999999762 9.940349579
0.999999881 0.000005607 -0.000415143 0.200620890 -0.000005679 0.999999940 -0.000172882 -0.296895027 0.000415142 0.000172884 0.999999881 10.297500610
1.000000000 0.000161146 -0.000031478 0.208666086 -0.000161136 0.999999940 0.000294646 -0.311559916 0.000031526 -0.000294641 0.999999940 10.648725510
1.000000000 -0.000042417 -0.000432338 0.217714891 0.000042551 0.999999940 0.000310071 -0.319456190 0.000432325 -0.000310090 0.999999881 11.005721092
0.999999940 0.000161715 0.000156086 0.218310490 -0.000161680 0.999999940 -0.000222926 -0.326170504 -0.000156122 0.000222901 0.999999940 11.399667740
1.000000000 -0.000152394 -0.000020610 0.234034881 0.000152385 0.999999881 -0.000453069 -0.335195154 0.000020679 0.000453066 0.999999881 11.772129059
1.000000000 -0.000005454 0.000181496 0.232992038 0.000005522 0.999999940 -0.000376477 -0.348882079 -0.000181494 0.000376478 0.999999940 12.144838333
0.999999940 0.000337678 0.000164707 0.243946299 -0.000337591 0.999999821 -0.000523741 -0.360328019 -0.000164884 0.000523685 0.999999881 12.528588295
0.999999940 -0.000194517 0.000257608 0.247100666 0.000194510 0.999999940 0.000026159 -0.371312529 -0.000257613 -0.000026109 0.999999940 12.932215691
0.999999881 -0.000241747 0.000409130 0.256822616 0.000241707 0.999999881 0.000095958 -0.385372698 -0.000409154 -0.000095859 0.999999940 13.330961227
0.999999762 0.000024228 0.000668803 0.261701465 -0.000024179 0.999999940 -0.000072818 -0.395893931 -0.000668805 0.000072802 0.999999821 13.744051933
0.999999285 -0.000117919 0.001173618 0.268101990 0.000118123 1.000000000 -0.000174442 -0.404814869 -0.001173598 0.000174580 0.999999285 14.165418625
0.999998927 -0.000031138 0.001448085 0.279196054 0.000031238 1.000000000 -0.000069223 -0.417655379 -0.001448083 0.000069268 0.999998927 14.586127281
0.999999344 -0.000051199 0.001141859 0.289235979 0.000051088 0.999999940 0.000097364 -0.433138251 -0.001141864 -0.000097306 0.999999344 15.016672134
0.999998629 -0.000629615 0.001479848 0.301788151 0.000629039 0.999999702 0.000389473 -0.447916478 -0.001480095 -0.000388542 0.999998808 15.450461388
0.999998212 0.000062263 0.001882423 0.309382141 -0.000062520 1.000000000 0.000136453 -0.461200655 -0.001882415 -0.000136571 0.999998212 15.876734734
0.999997914 -0.000425740 0.002002725 0.324123681 0.000424215 0.999999642 0.000761824 -0.478814363 -0.002003048 -0.000760972 0.999997675 16.321609497
0.999997973 0.000045154 0.002017181 0.332288146 -0.000045724 0.999999881 0.000282348 -0.487339735 -0.002017167 -0.000282439 0.999997914 16.769866943
0.999997437 -0.000431609 0.002232824 0.341824412 0.000430485 0.999999762 0.000503965 -0.501136780 -0.002233041 -0.000503003 0.999997377 17.227214813
0.999996185 -0.000177788 0.002765270 0.346998632 0.000176075 0.999999821 0.000619604 -0.513613224 -0.002765380 -0.000619115 0.999995947 17.694623947
0.999995947 -0.000278985 0.002843608 0.363268882 0.000277868 0.999999821 0.000393485 -0.523762703 -0.002843717 -0.000392693 0.999995887 18.154544830
0.999996424 -0.000533549 0.002644348 0.374969125 0.000533547 0.999999881 0.000001374 -0.531572461 -0.002644349 0.000000037 0.999996543 18.628551483
0.999995053 0.000169737 0.003138997 0.383912563 -0.000170214 1.000000000 0.000151669 -0.549052715 -0.003138972 -0.000152203 0.999995053 19.086959839
0.999992967 -0.000283444 0.003748022 0.395896792 0.000284222 0.999999940 -0.000206965 -0.557358742 -0.003747963 0.000208029 0.999992967 19.564199448
0.999994278 -0.000051291 0.003376983 0.402276218 0.000050623 1.000000000 0.000197844 -0.572915614 -0.003376992 -0.000197672 0.999994278 20.045999527
0.999997199 -0.000632654 0.002300605 0.418651938 0.000631195 0.999999702 0.000635126 -0.591509819 -0.002301007 -0.000633672 0.999997139 20.546192169
0.999992907 0.000369903 0.003738309 0.422473252 -0.000371482 0.999999821 0.000421632 -0.597330749 -0.003738152 -0.000423018 0.999992907 21.037014008
0.999995112 0.000317962 0.003107069 0.415593028 -0.000319768 0.999999702 0.000580702 -0.616871059 -0.003106883 -0.000581692 0.999994934 21.549465179
0.999996424 0.000394357 0.002668813 0.424066901 -0.000398781 0.999998569 0.001657402 -0.644304693 -0.002668155 -0.001658460 0.999994993 22.054430008
0.999997020 0.000375798 0.002410050 0.444421411 -0.000377385 0.999999702 0.000658280 -0.644182205 -0.002409802 -0.000659188 0.999996901 22.561542511
0.999998868 0.000331645 0.001450722 0.449862361 -0.000332270 1.000000000 0.000430156 -0.658155978 -0.001450579 -0.000430638 0.999998868 23.093673706
0.999999821 -0.000102128 0.000494278 0.466317385 0.000101822 0.999999940 0.000619073 -0.678311646 -0.000494341 -0.000619023 0.999999702 23.618326187
0.999999344 -0.001127197 -0.000059962 0.472901136 0.001127211 0.999999344 0.000228389 -0.690985739 0.000059705 -0.000228456 1.000000000 24.144178391
0.999999940 0.000172408 0.000210702 0.473598629 -0.000172519 0.999999821 0.000529862 -0.704717100 -0.000210611 -0.000529899 0.999999881 24.679174423
0.999998987 0.000590397 -0.001296968 0.494394004 -0.000589348 0.999999523 0.000809267 -0.721988857 0.001297445 -0.000808502 0.999998808 25.209735870
0.999997377 0.000718099 -0.002167417 0.505926907 -0.000716276 0.999999404 0.000841556 -0.734511554 0.002168020 -0.000840001 0.999997258 25.743198395
0.999997735 0.000330549 -0.002102338 0.511809945 -0.000329874 1.000000000 0.000321744 -0.751657128 0.002102444 -0.000321050 0.999997675 26.301368713
0.999996066 0.000088852 -0.002805210 0.518397450 -0.000085206 0.999999285 0.001299762 -0.765618682 0.002805323 -0.001299518 0.999995232 26.849910736
0.999993026 -0.000737288 -0.003641847 0.532178283 0.000745167 0.999997377 0.002162353 -0.787311018 0.003640243 -0.002165051 0.999991059 27.395931244
0.999993622 0.000697076 -0.003510993 0.529919267 -0.000693502 0.999999166 0.001018890 -0.793876767 0.003511701 -0.001016448 0.999993265 27.954034805
0.999992728 0.000371831 -0.003811563 0.533512235 -0.000367297 0.999999225 0.001190258 -0.803804338 0.003812003 -0.001188849 0.999991953 28.495813370
0.999991238 0.001007213 -0.004060945 0.548456311 -0.001002885 0.999998927 0.001067651 -0.825636625 0.004062016 -0.001063569 0.999991179 29.032173157
0.999989927 0.000764394 -0.004415607 0.559619367 -0.000758812 0.999999046 0.001265759 -0.840569913 0.004416569 -0.001262396 0.999989450 29.588056564
0.999988794 0.000921822 -0.004639072 0.562772393 -0.000916623 0.999998927 0.001122562 -0.851448357 0.004640102 -0.001118298 0.999988616 30.126657486
0.999988914 0.001199675 -0.004555452 0.572069645 -0.001192682 0.999998093 0.001537473 -0.873858571 0.004557288 -0.001532023 0.999988437 30.665767670
0.999986470 0.001384753 -0.005016572 0.575567782 -0.001378405 0.999998271 0.001268668 -0.884051442 0.005018320 -0.001261736 0.999986589 31.224765778
0.999988079 0.001179611 -0.004757957 0.578058600 -0.001173691 0.999998569 0.001246726 -0.894888401 0.004759421 -0.001241127 0.999987900 31.765028000
0.999984682 0.000712424 -0.005493332 0.595972240 -0.000707523 0.999999285 0.000894009 -0.911790729 0.005493965 -0.000890108 0.999984503 32.324558258
0.999981582 0.001466944 -0.005878156 0.603229702 -0.001459433 0.999998033 0.001281949 -0.925535202 0.005880025 -0.001273347 0.999981880 32.864379883
0.999981046 0.001457290 -0.005982929 0.607209444 -0.001452498 0.999998629 0.000805199 -0.938088357 0.005984094 -0.000796494 0.999981761 33.413852692
0.999979138 0.001225573 -0.006329379 0.623068213 -0.001218571 0.999998748 0.001110116 -0.955488145 0.006330730 -0.001102380 0.999979377 33.959068298
0.999976635 0.000550522 -0.006812185 0.631323099 -0.000542564 0.999999166 0.001169877 -0.969399691 0.006812823 -0.001166153 0.999976099 34.502048492
0.999978960 0.001597434 -0.006280784 0.629848599 -0.001591732 0.999998271 0.000912647 -0.981319487 0.006282230 -0.000902631 0.999979854 35.049343109
0.999977767 0.001246249 -0.006546068 0.646680236 -0.001240649 0.999998808 0.000859409 -0.997290492 0.006547131 -0.000851268 0.999978244 35.588348389
0.999974966 0.000961801 -0.007013783 0.646510959 -0.000954725 0.999998987 0.001012181 -1.011372209 0.007014750 -0.001005459 0.999974906 36.135143280
0.999975979 0.001306917 -0.006810835 0.653551817 -0.001302337 0.999998927 0.000676827 -1.023928881 0.006811712 -0.000667940 0.999976635 36.688716888
0.999975681 0.001463214 -0.006818952 0.653790593 -0.001455542 0.999998331 0.001129954 -1.042963386 0.006820593 -0.001120002 0.999976099 37.214843750
0.999979377 0.001845413 -0.006150426 0.657625794 -0.001839007 0.999997914 0.001047145 -1.057189703 0.006152345 -0.001035813 0.999980569 37.762630463
0.999972522 0.001967606 -0.007139377 0.665026367 -0.001959898 0.999997497 0.001086563 -1.069114804 0.007141497 -0.001072541 0.999973893 38.302585602
0.999972105 0.001055998 -0.007396678 0.675076604 -0.001048516 0.999998927 0.001015323 -1.084127069 0.007397742 -0.001007539 0.999972105 38.838294983
0.999973297 0.001639103 -0.007125545 0.683306396 -0.001630252 0.999997854 0.001247789 -1.104305029 0.007127576 -0.001236139 0.999973893 39.383975983
0.999965370 0.001926740 -0.008098257 0.702994108 -0.001911798 0.999996483 0.001852531 -1.127854228 0.008101799 -0.001836985 0.999965429 39.951686859
0.999964774 0.001621189 -0.008230057 0.718090773 -0.001604551 0.999996662 0.002027823 -1.148661613 0.008233316 -0.002014547 0.999964058 40.478046417
0.999962151 0.002194654 -0.008421164 0.735277176 -0.002181030 0.999996305 0.001626639 -1.154425144 0.008424703 -0.001608210 0.999963224 41.035827637
0.999962568 0.002166156 -0.008374253 0.719335616 -0.002153618 0.999996543 0.001505885 -1.166393042 0.008377488 -0.001487794 0.999963760 41.599861145
0.999957919 0.002020066 -0.008951986 0.734675944 -0.002008114 0.999997079 0.001343825 -1.184303284 0.008954676 -0.001325791 0.999958992 42.140525818
0.999955177 0.001909000 -0.009273699 0.743219256 -0.001895105 0.999997079 0.001506833 -1.199367762 0.009276548 -0.001489191 0.999955893 42.684604645
0.999957919 0.002494990 -0.008829578 0.734889030 -0.002483263 0.999996006 0.001338942 -1.203509450 0.008832884 -0.001316960 0.999960065 43.224063873
0.999961078 0.002362172 -0.008501187 0.735820413 -0.002351585 0.999996424 0.001255152 -1.214756608 0.008504122 -0.001235112 0.999963105 43.781288147
0.999962509 0.001849039 -0.008462409 0.734670341 -0.001838484 0.999997437 0.001254892 -1.229222298 0.008464707 -0.001239286 0.999963403 44.316314697
0.999955654 0.002281035 -0.009143116 0.745735645 -0.002266629 0.999996126 0.001585654 -1.247179508 0.009146698 -0.001564859 0.999956906 44.865108490
0.999959230 0.002554884 -0.008661493 0.757050991 -0.002542713 0.999995768 0.001415899 -1.260506988 0.008665074 -0.001393817 0.999961495 45.422203064
0.999961376 0.002245833 -0.008498352 0.762999833 -0.002232138 0.999996185 0.001620608 -1.273288131 0.008501958 -0.001601576 0.999962628 45.975830078
0.999959111 0.001986610 -0.008835503 0.767943680 -0.001971493 0.999996543 0.001719209 -1.294094443 0.008838888 -0.001701720 0.999959469 46.505371094
0.999955773 0.002347610 -0.009108973 0.781196475 -0.002333183 0.999996006 0.001594088 -1.310049415 0.009112678 -0.001572764 0.999957263 47.055541992
0.999961972 0.001480096 -0.008596158 0.769855678 -0.001467985 0.999997914 0.001415094 -1.311785221 0.008598235 -0.001402421 0.999962032 47.597160339
0.999961317 0.001655457 -0.008647424 0.779475093 -0.001643897 0.999997795 0.001343755 -1.326674700 0.008649630 -0.001329487 0.999961674 48.145233154
0.999963403 0.001748349 -0.008377400 0.787033796 -0.001737552 0.999997616 0.001295982 -1.336227417 0.008379647 -0.001281379 0.999964058 48.698612213
0.999959946 0.002503375 -0.008594477 0.793514132 -0.002489037 0.999995470 0.001678592 -1.355016589 0.008598640 -0.001657133 0.999961674 49.237861633
0.999957263 0.002399801 -0.008930602 0.807490945 -0.002386025 0.999995887 0.001552924 -1.368491411 0.008934294 -0.001531549 0.999958932 49.775768280
0.999964654 0.002107794 -0.008135952 0.799737334 -0.002091463 0.999995768 0.002015234 -1.388442159 0.008140165 -0.001998147 0.999964893 50.335144043
0.999963343 0.002038565 -0.008318300 0.803166986 -0.002027923 0.999997079 0.001287598 -1.395962000 0.008320902 -0.001270682 0.999964535 50.886100769
0.999967217 0.001911041 -0.007865959 0.802280307 -0.001904322 0.999997795 0.000861613 -1.407086611 0.007867590 -0.000846605 0.999968648 51.439163208
0.999959350 0.002208334 -0.008753761 0.826576829 -0.002192479 0.999995947 0.001820387 -1.429270267 0.008757746 -0.001801121 0.999960005 51.976173401
0.999958456 0.002023119 -0.008885015 0.834097505 -0.002008940 0.999996662 0.001604467 -1.448044419 0.008888232 -0.001586550 0.999959230 52.518741608
0.999961257 0.001885833 -0.008599035 0.835021436 -0.001872651 0.999997020 0.001540819 -1.458613515 0.008601915 -0.001524656 0.999961853 53.078052521
0.999959886 0.002170666 -0.008681506 0.836951792 -0.002157392 0.999996483 0.001538161 -1.474544883 0.008684813 -0.001519370 0.999961138 53.612529755
0.999962807 0.002512703 -0.008256927 0.838560402 -0.002499833 0.999995649 0.001568526 -1.487858295 0.008260833 -0.001547826 0.999964714 54.152160645
0.999960124 0.002049643 -0.008690783 0.848962963 -0.002034409 0.999996305 0.001761352 -1.504753351 0.008694361 -0.001743601 0.999960661 54.688529968
0.999958873 0.002630699 -0.008667709 0.847728491 -0.002616955 0.999995291 0.001596636 -1.519338489 0.008671869 -0.001573888 0.999961138 55.249008179
0.999960780 0.002587476 -0.008467704 0.857188225 -0.002575547 0.999995589 0.001419351 -1.527456045 0.008471340 -0.001397486 0.999963164 55.786941528
0.999959230 0.002574126 -0.008653432 0.861502290 -0.002564031 0.999996006 0.001177356 -1.537287354 0.008656429 -0.001155120 0.999961793 56.333534241
0.999958992 0.002142998 -0.008800713 0.879857242 -0.002130602 0.999996722 0.001417516 -1.561390281 0.008803722 -0.001398707 0.999960244 56.857372284
0.999960542 0.002080793 -0.008633734 0.885436416 -0.002065196 0.999996185 0.001814991 -1.574003339 0.008637479 -0.001797089 0.999961078 57.403781891
0.999959767 0.001956911 -0.008749519 0.887796521 -0.001943131 0.999996841 0.001583117 -1.587177157 0.008752590 -0.001566052 0.999960423 57.957046509
0.999962986 0.001885641 -0.008395978 0.882273197 -0.001875092 0.999997437 0.001264247 -1.603055716 0.008398341 -0.001248457 0.999963939 58.475559235
0.999966681 0.002324781 -0.007822414 0.881206036 -0.002316420 0.999996722 0.001077731 -1.611148119 0.007824895 -0.001059575 0.999968827 59.029994965
0.999967277 0.001420869 -0.007967344 0.886266053 -0.001412424 0.999998450 0.001065513 -1.624591708 0.007968847 -0.001054224 0.999967694 59.576122284
0.999960780 0.002621176 -0.008458767 0.907524467 -0.002615098 0.999996245 0.000729572 -1.634361029 0.008460649 -0.000707423 0.999963939 60.132629395
0.999959826 0.002566892 -0.008580394 0.915726304 -0.002559862 0.999996305 0.000830227 -1.647970557 0.008582493 -0.000808229 0.999962866 60.686264038
0.999956727 0.002578874 -0.008941645 0.920307755 -0.002577665 0.999996603 0.000146826 -1.653125286 0.008941993 -0.000123771 0.999960005 61.208507538
0.999956846 0.002827752 -0.008857667 0.929230809 -0.002829883 0.999995947 -0.000228003 -1.664406896 0.008856987 0.000253059 0.999960721 61.759674072
0.999952495 0.003071921 -0.009253285 0.936498821 -0.003074307 0.999995232 -0.000243635 -1.678999305 0.009252493 0.000272071 0.999957085 62.304100037
0.999957442 0.003383789 -0.008595522 0.939832807 -0.003383188 0.999994218 0.000084342 -1.699072719 0.008595760 -0.000055258 0.999962986 62.847145081
0.999956191 0.002877821 -0.008922135 0.941087127 -0.002871159 0.999995589 0.000759263 -1.723127365 0.008924282 -0.000733613 0.999959886 63.380161285
0.999957383 0.002940104 -0.008754690 0.944862902 -0.002933055 0.999995470 0.000817894 -1.743977189 0.008757055 -0.000792181 0.999961317 63.930210114
0.999958754 0.002679623 -0.008680843 0.953363419 -0.002672986 0.999996126 0.000775973 -1.755064726 0.008682888 -0.000752737 0.999962032 64.461303711
0.999952078 0.002426581 -0.009487350 0.971137464 -0.002415527 0.999996364 0.001176308 -1.769802451 0.009490171 -0.001153335 0.999954283 64.994918823
0.999956012 0.002767714 -0.008966981 0.971030593 -0.002760145 0.999995828 0.000856277 -1.784115195 0.008969313 -0.000831489 0.999959409 65.549804688
0.999957561 0.002843792 -0.008752677 0.974696219 -0.002837980 0.999995768 0.000676338 -1.797126174 0.008754562 -0.000651470 0.999961495 66.084533691
0.999959528 0.003118003 -0.008434815 0.973851681 -0.003116315 0.999995112 0.000213278 -1.806012154 0.008435438 -0.000186984 0.999964476 66.642868042
0.999956131 0.003450720 -0.008703361 0.985946417 -0.003447603 0.999993980 0.000373170 -1.823332906 0.008704597 -0.000343148 0.999962091 67.188095093
0.999954224 0.003236836 -0.009002032 0.998712361 -0.003229907 0.999994457 0.000784179 -1.843917251 0.009004520 -0.000755068 0.999959171 67.718223572
0.999951363 0.003237416 -0.009318915 1.013237715 -0.003231014 0.999994516 0.000702003 -1.864665747 0.009321137 -0.000671860 0.999956310 68.242485046
0.999952316 0.003788398 -0.009004969 1.014838099 -0.003781655 0.999992490 0.000765703 -1.880137086 0.009007802 -0.000731613 0.999959171 68.797798157
0.999955535 0.003572792 -0.008722615 1.006947637 -0.003566543 0.999993384 0.000731961 -1.891879678 0.008725172 -0.000700819 0.999961674 69.361305237
0.999956429 0.003586422 -0.008618119 1.014715075 -0.003581726 0.999993443 0.000560344 -1.907150269 0.008620072 -0.000529452 0.999962687 69.893898010
0.999955833 0.003665647 -0.008658444 1.025410533 -0.003655922 0.999992669 0.001138758 -1.923110485 0.008662554 -0.001107053 0.999961793 70.435432434
0.999957144 0.003437589 -0.008588213 1.025047064 -0.003433311 0.999993980 0.000512813 -1.935214639 0.008589924 -0.000483306 0.999962926 70.994491577
0.999954104 0.003820130 -0.008786311 1.038340211 -0.003820085 0.999992669 0.000021972 -1.946880817 0.008786332 0.000011593 0.999961376 71.543563843
0.999955714 0.003545571 -0.008720001 1.035538435 -0.003542588 0.999993622 0.000357503 -1.960028529 0.008721216 -0.000326596 0.999961913 72.098327637
0.999953032 0.003280580 -0.009118063 1.046645641 -0.003279342 0.999994576 0.000150710 -1.976352453 0.009118509 -0.000120801 0.999958396 72.645698547
0.999953866 0.003810620 -0.008807877 1.048555851 -0.003802371 0.999992251 0.000953102 -2.003013372 0.008811442 -0.000919568 0.999960721 73.179168701
0.999956608 0.003616690 -0.008575698 1.051530361 -0.003607754 0.999992907 0.001057302 -2.016906500 0.008579462 -0.001026317 0.999962747 73.723091125
0.999952078 0.004048946 -0.008904262 1.055185795 -0.004044116 0.999991655 0.000560448 -2.029580832 0.008906456 -0.000524411 0.999960184 74.270584106
0.999949872 0.004039077 -0.009159965 1.069143534 -0.004030837 0.999991477 0.000917790 -2.046650648 0.009163595 -0.000880822 0.999957561 74.804039001
0.999950469 0.004073917 -0.009082004 1.068969488 -0.004064027 0.999991179 0.001107166 -2.059776783 0.009086437 -0.001070202 0.999958098 75.357162476
0.999952674 0.003443222 -0.009097832 1.084903717 -0.003433860 0.999993503 0.001044399 -2.081166029 0.009101369 -0.001013108 0.999958098 75.900917053
0.999946058 0.003711025 -0.009695183 1.092449188 -0.003701736 0.999992669 0.000975944 -2.093863964 0.009698734 -0.000940003 0.999952495 76.448608398
0.999955595 0.003252001 -0.008840185 1.095108032 -0.003247957 0.999994636 0.000471902 -2.105026245 0.008841671 -0.000443169 0.999960840 77.013229370
0.999954700 0.003347003 -0.008915234 1.105511546 -0.003342272 0.999994278 0.000545439 -2.119236708 0.008917010 -0.000515617 0.999960065 77.556304932
0.999949276 0.003656216 -0.009383613 1.105908751 -0.003646112 0.999992669 0.001093576 -2.141476393 0.009387543 -0.001059307 0.999955356 78.068214417
0.999947131 0.003913241 -0.009511583 1.112871170 -0.003905718 0.999992073 0.000809468 -2.156281233 0.009514675 -0.000772275 0.999954462 78.622032166
0.999953687 0.003175739 -0.009089791 1.120244503 -0.003172457 0.999994934 0.000375434 -2.162484169 0.009090937 -0.000346579 0.999958694 79.173927307
0.999948323 0.003402513 -0.009578153 1.130768061 -0.003399365 0.999994278 0.000344826 -2.179312706 0.009579269 -0.000312249 0.999954045 79.722267151
0.999947488 0.003408341 -0.009658912 1.140866756 -0.003405301 0.999994159 0.000331120 -2.194492579 0.009659983 -0.000298212 0.999953270 80.267074585
0.999955714 0.004024134 -0.008507021 1.145375729 -0.004017630 0.999991715 0.000781417 -2.213190317 0.008510095 -0.000747205 0.999963462 80.822349548
0.999963284 0.004413053 -0.007335983 1.151843667 -0.004408363 0.999990106 0.000655515 -2.226418018 0.007338803 -0.000623152 0.999972880 81.374153137
0.999974549 0.003928370 -0.005952023 1.157234430 -0.003925961 0.999992132 0.000416492 -2.242422104 0.005953613 -0.000393114 0.999982119 81.889892578
0.999981284 0.003172882 -0.005236484 1.175989509 -0.003169220 0.999994755 0.000707683 -2.258585215 0.005238703 -0.000691074 0.999986053 82.422729492
0.999990940 0.003911172 -0.001697575 1.188143611 -0.003910497 0.999992251 0.000400597 -2.271001577 0.001699129 -0.000393954 0.999998450 82.971374512
0.999989748 0.003864655 0.002352512 1.198934317 -0.003865801 0.999992371 0.000482792 -2.284306526 -0.002350629 -0.000491882 0.999997079 83.513519287
0.999978423 0.004141988 0.005093970 1.218862057 -0.004145500 0.999991119 0.000679084 -2.305801868 -0.005091114 -0.000700186 0.999986768 84.058601379
0.999943972 0.004551165 0.009556192 1.242972493 -0.004560155 0.999989092 0.000919202 -2.324334621 -0.009551905 -0.000962729 0.999953926 84.603271484
0.999867439 0.004970354 0.015501223 1.266865730 -0.004982656 0.999987304 0.000755161 -2.337290525 -0.015497271 -0.000832298 0.999879539 85.154983521
0.999767005 0.004093448 0.021194903 1.296573997 -0.004106502 0.999991417 0.000572364 -2.351789713 -0.021192377 -0.000659267 0.999775171 85.700927734
0.999637127 0.003929313 0.026650941 1.326847315 -0.003939366 0.999992251 0.000324717 -2.362515211 -0.026649455 -0.000429587 0.999644756 86.233543396
0.999376893 0.003926109 0.035076778 1.358876944 -0.003948565 0.999992013 0.000570974 -2.379846334 -0.035074260 -0.000709122 0.999384463 86.813072205
0.999056101 0.003874231 0.043264966 1.404613256 -0.003922125 0.999991715 0.001022161 -2.400444031 -0.043260649 -0.001190887 0.999063134 87.357643127
0.998714149 0.003662239 0.050560154 1.442168951 -0.003710303 0.999992669 0.000856825 -2.413583517 -0.050556641 -0.001043316 0.998720706 87.896087646
0.998222530 0.004119626 0.059453934 1.484282732 -0.004152098 0.999991298 0.000422638 -2.421542883 -0.059451677 -0.000668745 0.998230875 88.461479187
0.997556984 0.003790231 0.069754981 1.541513443 -0.003810884 0.999992788 0.000163012 -2.432291746 -0.069753841 -0.000428442 0.997564077 89.000282288
0.996951342 0.003422785 0.077950969 1.607085228 -0.003453098 0.999993980 0.000254094 -2.449754477 -0.077949613 -0.000522492 0.996957302 89.554901123
0.996303618 0.002884701 0.085854821 1.671570301 -0.002852286 0.999995828 -0.000500222 -2.460406303 -0.085855894 0.000253490 0.996307611 90.105995178
0.995287418 0.003322398 0.096911952 1.742407322 -0.003371108 0.999994278 0.000338886 -2.483523846 -0.096910276 -0.000663990 0.995292902 90.679664612
0.994140685 0.003477393 0.108037755 1.815008163 -0.003546438 0.999993622 0.000446952 -2.500212669 -0.108035497 -0.000827482 0.994146705 91.221778870
0.993136466 0.003152825 0.116918348 1.900403023 -0.003156581 0.999994934 -0.000153042 -2.512635231 -0.116918251 -0.000217071 0.993141532 91.762184143
0.991801083 0.003147836 0.127752602 1.995898247 -0.003256367 0.999994516 0.000640697 -2.530047417 -0.127749890 -0.001051453 0.991805851 92.317962646
0.990191221 0.002841656 0.139689863 2.094628334 -0.002917428 0.999995649 0.000337657 -2.544120789 -0.139688298 -0.000741880 0.990195274 92.859512329
0.988619447 0.002540978 0.150416523 2.197296143 -0.002681519 0.999996066 0.000731528 -2.563392878 -0.150414050 -0.001126547 0.988622427 93.395828247
0.986907303 0.002098829 0.161274880 2.302328110 -0.002246962 0.999997139 0.000736134 -2.577242851 -0.161272869 -0.001088874 0.986909270 93.938789368
0.984733701 0.002349763 0.174051628 2.417034149 -0.002475609 0.999996722 0.000505939 -2.588818312 -0.174049869 -0.000929098 0.984736502 94.472869873
0.982592225 0.002456211 0.185758710 2.542880058 -0.002575604 0.999996603 0.000401413 -2.603765011 -0.185757086 -0.000872866 0.982595325 95.002960205
0.980411351 0.001839955 0.196952283 2.657427788 -0.002012704 0.999997735 0.000676950 -2.613758802 -0.196950600 -0.001060096 0.980412781 95.552673340
0.977687418 0.001738850 0.210057810 2.800073624 -0.001934847 0.999997854 0.000727559 -2.630640984 -0.210056067 -0.001117755 0.977688611 96.086593628
0.974686265 0.001480486 0.223571867 2.939502716 -0.001645923 0.999998510 0.000553627 -2.640994072 -0.223570704 -0.000907595 0.974687278 96.623764038
0.972117901 0.001583113 0.234487042 3.083221436 -0.001786709 0.999998212 0.000655822 -2.661650419 -0.234485596 -0.001056497 0.972119093 97.145454407
0.969098270 0.001306799 0.246671423 3.239990234 -0.001350107 0.999999166 0.000006442 -2.663669348 -0.246671185 -0.000339276 0.969099224 97.679252625
0.965371728 0.000828749 0.260876924 3.391885757 -0.001066219 0.999999166 0.000768751 -2.691236734 -0.260876089 -0.001020283 0.965371788 98.218833923
0.961807668 0.000851773 0.273724675 3.559904099 -0.001186665 0.999998748 0.001057891 -2.711337090 -0.273723513 -0.001342307 0.961807549 98.733306885
0.958558500 0.000122287 0.284895658 3.728876114 -0.000515388 0.999998987 0.001304840 -2.727915287 -0.284895271 -0.001397597 0.958557665 99.278083801
0.954388857 0.000005572 0.298566252 3.910797119 -0.000238902 0.999999642 0.000745004 -2.735274315 -0.298566163 -0.000782351 0.954388618 99.788085938
0.950052023 -0.000558428 0.312090844 4.106378555 0.000216817 0.999999344 0.001129286 -2.753387451 -0.312091261 -0.001005214 0.950051606 100.311714172
0.946240962 -0.001134021 0.323460519 4.307022095 0.000890775 0.999999225 0.000900053 -2.762410164 -0.323461294 -0.000563536 0.946241260 100.830390930
0.941659987 -0.000953203 0.336564422 4.514877319 0.000890769 0.999999583 0.000339909 -2.772755384 -0.336564600 -0.000020277 0.941660404 101.365661621
0.936501920 -0.001389245 0.350659668 4.728931427 0.001142506 0.999998927 0.000910524 -2.793668747 -0.350660563 -0.000452076 0.936502516 101.860633850
0.931722283 -0.002243216 0.363164693 4.942691803 0.002137675 0.999997437 0.000692499 -2.805013418 -0.363165349 0.000131112 0.931724727 102.350944519
0.927184641 -0.002952847 0.374593049 5.171514511 0.002886620 0.999995530 0.000737880 -2.817028999 -0.374593556 0.000397156 0.927189052 102.882369995
0.921197534 -0.002862240 0.389084667 5.405197144 0.002695431 0.999995828 0.000974605 -2.834673882 -0.389085859 0.000150948 0.921201468 103.380172729
0.915430963 -0.003118193 0.402462751 5.644802094 0.003070916 0.999994993 0.000762718 -2.845184326 -0.402463108 0.000537713 0.915435970 103.880210876
0.910552979 -0.004014698 0.413372874 5.892498016 0.003930136 0.999991655 0.001054902 -2.865301132 -0.413373679 0.000664068 0.910561085 104.358695984
0.904903650 -0.004480242 0.425592691 6.173606873 0.004712358 0.999988735 0.000507437 -2.881335735 -0.425590158 0.001546364 0.904914677 104.847816467
0.898258269 -0.004420614 0.439445525 6.427230835 0.004158392 0.999990106 0.001559375 -2.911169052 -0.439448059 0.000426666 0.898267865 105.308952332
0.891819000 -0.005071271 0.452363968 6.689441681 0.004797650 0.999986947 0.001752061 -2.916999578 -0.452366918 0.000607762 0.891831636 105.844284058
0.886085570 -0.005524938 0.463488758 6.961826324 0.005219693 0.999984503 0.001941272 -2.928282976 -0.463492304 0.000699137 0.886100650 106.326873779
0.879077613 -0.005346093 0.476648718 7.242904663 0.005088909 0.999985397 0.001830423 -2.945837259 -0.476651460 0.000816538 0.879091978 106.799270630
0.872200668 -0.005904277 0.489112556 7.539722443 0.005946782 0.999981225 0.001466693 -2.955052853 -0.489112049 0.001629396 0.872219443 107.272094727
