1.000000000 0.000000000 0.000000000 0.000000000 0.000000000 1.000000000 0.000000000 0.000000000 0.000000000 0.000000000 1.000000000 0.000000000
1.000000000 0.000162725 0.000124923 -0.003259495 -0.000162709 1.000000000 -0.000126538 0.002935326 -0.000124944 0.000126517 1.000000000 0.004470577
1.000000000 0.000110205 0.000041371 -0.000031222 -0.000110203 1.000000000 -0.000059599 0.001737774 -0.000041377 0.000059595 1.000000000 0.004450434
0.999999940 0.000299588 0.000117037 -0.000478443 -0.000299582 0.999999940 -0.000046489 0.001750958 -0.000117051 0.000046454 1.000000000 -0.000758394
1.000000000 0.000160407 0.000024687 0.001908501 -0.000160406 1.000000000 -0.000044958 0.001735797 -0.000024694 0.000044954 1.000000000 0.001135013
1.000000000 0.000051077 -0.000033889 0.000431148 -0.000051078 1.000000000 -0.000022227 0.000816012 0.000033887 0.000022229 1.000000000 -0.000047747
1.000000000 0.000114922 0.000179599 -0.005494806 -0.000114899 1.000000000 -0.000127675 0.002621038 -0.000179613 0.000127654 1.000000000 0.002161773
1.000000000 0.000026967 0.000006541 -0.000026189 -0.000026967 1.000000000 0.000017980 0.000946237 -0.000006540 -0.000017981 1.000000000 -0.001237407
1.000000000 -0.000021767 0.000127166 -0.003777967 0.000021771 1.000000000 -0.000030229 0.001622979 -0.000127166 0.000030232 1.000000000 0.001906237
0.999999940 0.000205916 0.000209290 -0.003985587 -0.000205887 0.999999940 -0.000141767 0.001535146 -0.000209319 0.000141724 0.999999940 -0.000061988
1.000000000 0.000169246 0.000063888 0.001576518 -0.000169247 1.000000000 0.000023110 0.001382329 -0.000063884 -0.000023121 1.000000000 -0.003256186
1.000000000 0.000074656 0.000155853 -0.002679771 -0.000074646 1.000000000 -0.000065307 0.001741528 -0.000155858 0.000065295 1.000000000 -0.002429403
1.000000000 -0.000022947 0.000015335 -0.000648891 0.000022947 1.000000000 0.000001340 0.000723989 -0.000015335 -0.000001340 1.000000000 -0.007245121
1.000000000 -0.000095820 0.000072100 -0.001417708 0.000095819 1.000000000 0.000010219 -0.000573203 -0.000072101 -0.000010213 1.000000000 -0.001295643
1.000000000 0.000028781 0.000045771 0.000185147 -0.000028779 1.000000000 -0.000040934 0.000356351 -0.000045773 0.000040933 1.000000000 -0.003338235
0.999999940 -0.000218887 -0.000133236 0.003768989 0.000218882 1.000000000 -0.000037528 0.000447629 0.000133244 0.000037499 1.000000000 -0.007100067
1.000000000 -0.000093128 -0.000065457 0.002244225 0.000093128 1.000000000 -0.000001211 -0.000897637 0.000065457 0.000001205 1.000000000 -0.007142376
1.000000000 0.000008508 0.000140816 -0.002184973 -0.000008529 1.000000000 0.000149031 -0.003511862 -0.000140815 -0.000149032 1.000000000 -0.006391976
1.000000000 0.000069073 0.000011452 0.001110378 -0.000069074 1.000000000 0.000050402 0.000958943 -0.000011449 -0.000050403 1.000000000 -0.006481182
1.000000000 -0.000161450 -0.000021758 0.000249542 0.000161451 1.000000000 0.000031744 -0.000891036 0.000021753 -0.000031748 1.000000000 -0.008383318
1.000000000 0.000012597 0.000060995 -0.000458158 -0.000012598 1.000000000 0.000006358 -0.000245626 -0.000060995 -0.000006359 1.000000000 -0.007050503
1.000000000 -0.000113304 0.000043149 -0.000092850 0.000113301 1.000000000 0.000065336 -0.001748281 -0.000043156 -0.000065331 1.000000000 -0.004560261
1.000000000 0.000121694 0.000116543 -0.003040720 -0.000121689 1.000000000 -0.000044949 0.000431493 -0.000116549 0.000044934 1.000000000 0.000362753
1.000000000 -0.000004938 -0.000036204 0.001527457 0.000004937 1.000000000 -0.000032520 -0.000077306 0.000036204 0.000032520 1.000000000 -0.001639280
1.000000000 -0.000028102 0.000071357 -0.002661771 0.000028097 1.000000000 0.000073951 0.000328135 -0.000071359 -0.000073949 1.000000000 -0.000803665
1.000000000 -0.000085655 -0.000109743 0.004185981 0.000085645 1.000000000 -0.000092852 0.001786101 0.000109751 0.000092842 1.000000000 -0.006983694
1.000000000 -0.000096864 0.000055898 -0.002548648 0.000096870 1.000000000 -0.000101776 0.002482513 -0.000055888 0.000101781 1.000000000 -0.000175993
0.999999940 0.000237262 0.000159023 -0.004375257 -0.000237244 0.999999940 -0.000117345 0.002005696 -0.000159051 0.000117307 1.000000000 -0.000937387
1.000000000 -0.000003132 0.000086668 -0.002789528 0.000003132 1.000000000 0.000005103 0.001145684 -0.000086668 -0.000005103 1.000000000 -0.000049210
1.000000000 -0.000083433 0.000031606 -0.003723944 0.000083434 1.000000000 -0.000047376 0.003065163 -0.000031602 0.000047379 1.000000000 -0.001355775
1.000000000 0.000016515 0.000094489 -0.003765988 -0.000016512 1.000000000 -0.000031944 0.001345377 -0.000094490 0.000031942 1.000000000 -0.000189398
1.000000000 -0.000069573 0.000073208 -0.003175716 0.000069564 1.000000000 0.000121550 0.000334769 -0.000073217 -0.000121545 1.000000000 0.002188548
1.000000000 -0.000160771 0.000031284 -0.003489694 0.000160770 1.000000000 0.000021952 0.000133528 -0.000031288 -0.000021947 1.000000000 -0.004899660
1.000000000 -0.000112386 -0.000010380 -0.001643267 0.000112387 1.000000000 0.000065468 0.000176618 0.000010372 -0.000065469 1.000000000 -0.006597741
0.999999940 0.000212945 0.000172143 -0.004265749 -0.000212945 1.000000000 0.000003800 0.000738061 -0.000172142 -0.000003836 1.000000000 -0.001922322
1.000000000 0.000014884 0.000153317 -0.004089251 -0.000014882 1.000000000 -0.000015532 0.001112686 -0.000153317 0.000015530 1.000000000 -0.000286651
1.000000000 0.000061543 0.000086912 -0.005306324 -0.000061541 1.000000000 -0.000018287 0.001809293 -0.000086913 0.000018282 1.000000000 -0.000511489
1.000000000 0.000045815 0.000071627 -0.003972983 -0.000045807 1.000000000 -0.000117321 0.002738376 -0.000071632 0.000117318 1.000000000 -0.001303063
1.000000000 -0.000145482 0.000040154 -0.002749500 0.000145480 1.000000000 0.000048586 0.001045104 -0.000040161 -0.000048580 1.000000000 0.000656601
1.000000000 -0.000108369 -0.000023770 0.000215744 0.000108372 1.000000000 0.000113469 -0.000580864 0.000023758 -0.000113471 1.000000000 -0.006775092
1.000000000 -0.000209512 -0.000027054 -0.002600766 0.000209512 1.000000000 0.000023985 -0.000742313 0.000027049 -0.000023990 1.000000000 -0.000882935
1.000000000 0.000076681 0.000069317 0.002453480 -0.000076645 0.999999881 -0.000516009 -0.005204044 -0.000069356 0.000516004 0.999999881 0.051240243
1.000000000 0.000065876 0.000033893 0.003071045 -0.000065834 0.999999225 -0.001259047 -0.003352236 -0.000033976 0.001259045 0.999999225 0.148330569
1.000000000 0.000079624 -0.000051711 0.004694142 -0.000079701 0.999998868 -0.001496620 -0.010187192 0.000051592 0.001496624 0.999998868 0.261476964
1.000000000 0.000011345 0.000092071 0.002150925 -0.000011217 0.999999046 -0.001382156 -0.016180761 -0.000092086 0.001382155 0.999999046 0.392100900
1.000000000 0.000038203 -0.000088699 0.004857586 -0.000038300 0.999999404 -0.001098919 -0.020568686 0.000088657 0.001098922 0.999999404 0.533812106
1.000000000 -0.000106684 -0.000212979 0.017120076 0.000106485 0.999999583 -0.000933885 -0.028835742 0.000213079 0.000933862 0.999999523 0.691078365
0.999999881 -0.000486097 -0.000178673 0.022186365 0.000486002 0.999999762 -0.000526468 -0.032991648 0.000178929 0.000526381 0.999999821 0.850217581
0.999999881 -0.000207855 -0.000413451 0.029244527 0.000207596 0.999999762 -0.000627221 -0.037471041 0.000413581 0.000627135 0.999999702 1.035415173
1.000000000 -0.000058202 0.000009107 0.017770888 0.000058207 0.999999821 -0.000576616 -0.045369647 -0.000009074 0.000576617 0.999999821 1.209432483
0.999999762 -0.000547029 -0.000392787 0.039340459 0.000546862 0.999999762 -0.000425044 -0.049984965 0.000393020 0.000424829 0.999999821 1.421213865
0.999999404 -0.000624174 -0.000884503 0.045905709 0.000624140 0.999999821 -0.000037824 -0.061216775 0.000884526 0.000037272 0.999999583 1.606500506
0.999999225 -0.001102638 -0.000550289 0.040807448 0.001102803 0.999999344 0.000299618 -0.065395996 0.000549958 -0.000300225 0.999999821 1.801234841
0.999991179 0.003487339 0.002336811 0.006829371 -0.003487781 0.999993861 0.000185259 -0.099102415 -0.002336151 -0.000193408 0.999997258 1.889154077
0.999990523 0.003529386 0.002543492 0.014265747 -0.003528741 0.999993742 -0.000257733 -0.102131978 -0.002544386 0.000248755 0.999996722 2.112701893
0.999987781 0.004131110 0.002712940 0.015703037 -0.004131116 0.999991477 -0.000003433 -0.109560713 -0.002712931 -0.000007774 0.999996245 2.307974815
0.999986947 0.004377673 0.002646712 0.021290258 -0.004377916 0.999990463 0.000086159 -0.118662357 -0.002646310 -0.000097745 0.999996483 2.539916992
0.999986172 0.004303895 0.003036703 0.023871992 -0.004304107 0.999990761 0.000063330 -0.122535877 -0.003036403 -0.000076399 0.999995351 2.771803856
0.999988258 0.003898572 0.002863012 0.031840183 -0.003899954 0.999992251 0.000477032 -0.134933457 -0.002861131 -0.000488192 0.999995768 2.981331110
0.999985218 0.004465383 0.003088851 0.034057416 -0.004465958 0.999989986 0.000179299 -0.138944313 -0.003088020 -0.000193091 0.999995232 3.235350370
0.999985993 0.004370883 0.002989410 0.045891363 -0.004372322 0.999990344 0.000474939 -0.148920417 -0.002987306 -0.000488003 0.999995410 3.481529951
0.999985635 0.004387736 0.003077735 0.051137008 -0.004390270 0.999990046 0.000817206 -0.160517275 -0.003074119 -0.000830706 0.999994934 3.709855795
0.999986351 0.004082747 0.003263390 0.045907628 -0.004086092 0.999991238 0.001019117 -0.176099181 -0.003259201 -0.001032438 0.999994159 3.941181660
0.999985874 0.004106844 0.003372502 0.048162445 -0.004111197 0.999990702 0.001284835 -0.186410502 -0.003367194 -0.001298682 0.999993443 4.191317558
0.999985218 0.004183900 0.003479871 0.059981696 -0.004188730 0.999990284 0.001381863 -0.193226963 -0.003474056 -0.001396418 0.999993026 4.461524963
0.999985397 0.004091108 0.003508456 0.062466733 -0.004095329 0.999990880 0.001196903 -0.201738551 -0.003503527 -0.001211254 0.999993145 4.686588287
0.999983072 0.004413844 0.003784958 0.062520236 -0.004418819 0.999989390 0.001307164 -0.210447341 -0.003779148 -0.001323867 0.999992013 4.942658901
0.999984384 0.004407425 0.003446734 0.068301417 -0.004412243 0.999989271 0.001391081 -0.220245168 -0.003440566 -0.001406267 0.999993086 5.209328651
0.999980390 0.004823220 0.003984700 0.068783261 -0.004828337 0.999987543 0.001275527 -0.233635008 -0.003978498 -0.001294742 0.999991238 5.457548141
0.999983907 0.004473845 0.003479741 0.085276097 -0.004478219 0.999989212 0.001250203 -0.238363281 -0.003474110 -0.001265765 0.999993205 5.728769302
0.999984741 0.004119207 0.003685020 0.092073828 -0.004124478 0.999990523 0.001424015 -0.249006167 -0.003679119 -0.001439192 0.999992192 6.003024578
0.999982297 0.004515382 0.003878974 0.088807143 -0.004521943 0.999988377 0.001684214 -0.261809766 -0.003871324 -0.001701724 0.999991000 6.285405636
0.999980509 0.004852261 0.003908095 0.092715554 -0.004857355 0.999987364 0.001295092 -0.268753678 -0.003901762 -0.001314049 0.999991536 6.538178921
0.999982715 0.004302195 0.004003168 0.108349018 -0.004308046 0.999989808 0.001454085 -0.282472193 -0.003996870 -0.001471306 0.999990940 6.825222015
0.999983907 0.004350631 0.003638022 0.116845936 -0.004356812 0.999989092 0.001692821 -0.290329278 -0.003630617 -0.001708644 0.999991953 7.120972633
0.999982953 0.004351188 0.003901359 0.123688444 -0.004357995 0.999989033 0.001738136 -0.301675320 -0.003893753 -0.001755108 0.999990880 7.431009769
0.999982774 0.004344531 0.003953228 0.128975034 -0.004351750 0.999988854 0.001819454 -0.312501281 -0.003945280 -0.001836626 0.999990523 7.721805096
0.999982655 0.004315334 0.004006656 0.136030823 -0.004321449 0.999989450 0.001518787 -0.316934198 -0.004000061 -0.001536075 0.999990821 8.043613434
0.999980927 0.004532485 0.004199838 0.145893037 -0.004538638 0.999988556 0.001456551 -0.317784399 -0.004193189 -0.001475585 0.999990165 8.364009857
0.999984324 0.003847641 0.004064746 0.146906555 -0.003854355 0.999991119 0.001645290 -0.329136044 -0.004058380 -0.001660931 0.999990404 8.702922821
0.999981403 0.004359732 0.004256880 0.153834671 -0.004366563 0.999989212 0.001596708 -0.343171477 -0.004249873 -0.001615266 0.999989688 9.003586769
0.999983609 0.003668458 0.004390633 0.164624020 -0.003675693 0.999991894 0.001640885 -0.351283371 -0.004384577 -0.001656996 0.999989033 9.346990585
0.999982774 0.003985912 0.004315118 0.170446798 -0.003993468 0.999990523 0.001743843 -0.357350677 -0.004308126 -0.001761046 0.999989212 9.687346458
0.999980211 0.004410542 0.004483943 0.174590826 -0.004419230 0.999988317 0.001929598 -0.374804944 -0.004475380 -0.001949376 0.999988139 10.048943520
0.999985099 0.003603089 0.004098583 0.189925909 -0.003613214 0.999990404 0.002465711 -0.387594879 -0.004089659 -0.002480483 0.999988616 10.419579506
0.999984503 0.003651623 0.004195988 0.206498623 -0.003660249 0.999991119 0.002049827 -0.405044913 -0.004188467 -0.002065154 0.999989033 10.724355698
0.999978006 0.004781941 0.004608715 0.208440363 -0.004789641 0.999987125 0.001660883 -0.415746927 -0.004600715 -0.001682920 0.999987960 11.110349655
0.999984682 0.003545483 0.004233485 0.222016513 -0.003553540 0.999991834 0.001897123 -0.424169749 -0.004226724 -0.001912137 0.999989271 11.497947693
0.999980867 0.004229768 0.004510331 0.229333311 -0.004241058 0.999987841 0.002496524 -0.441908598 -0.004499717 -0.002515604 0.999986768 11.838088036
0.999977946 0.004104292 0.005219834 0.229968846 -0.004116998 0.999988556 0.002425691 -0.451688170 -0.005209819 -0.002447127 0.999983490 12.228088379
0.999983013 0.003416065 0.004726040 0.243422911 -0.003429218 0.999990284 0.002777696 -0.476173937 -0.004716506 -0.002793856 0.999984980 12.567246437
0.999985158 0.003139067 0.004465234 0.258658707 -0.003153715 0.999989748 0.003277098 -0.496327728 -0.004454901 -0.003291131 0.999984682 12.953529358
0.999977410 0.004091635 0.005336956 0.263998747 -0.004108330 0.999986708 0.003120905 -0.497086674 -0.005324116 -0.003142760 0.999980927 13.363142967
0.999968648 0.004953907 0.006174563 0.258946806 -0.004974293 0.999982238 0.003290679 -0.508972526 -0.006158153 -0.003321290 0.999975502 13.771677971
0.999980271 0.003109171 0.005451375 0.286523223 -0.003127261 0.999989629 0.003313188 -0.537177801 -0.005441017 -0.003330170 0.999979675 14.150014877
0.999980807 0.002372292 0.005718076 0.300217390 -0.002393594 0.999990225 0.003721504 -0.546342254 -0.005709191 -0.003735120 0.999976754 14.582169533
0.999976277 0.003085466 0.006154881 0.310824037 -0.003107976 0.999988496 0.003651150 -0.556257427 -0.006143545 -0.003670193 0.999974430 14.995248795
0.999971271 0.003684907 0.006624755 0.329973102 -0.003710920 0.999985456 0.003918787 -0.568137109 -0.006610218 -0.003943258 0.999970436 15.455757141
0.999970078 0.003815225 0.006731670 0.331756175 -0.003839212 0.999986351 0.003553948 -0.586660028 -0.006718019 -0.003579685 0.999971092 15.917042732
0.999967456 0.003194751 0.007401000 0.341372073 -0.003222181 0.999987900 0.003697330 -0.621573687 -0.007389099 -0.003721058 0.999965787 16.265146255
0.999963820 0.003902587 0.007559472 0.359235644 -0.003929171 0.999986112 0.003504969 -0.630331337 -0.007545689 -0.003534545 0.999965310 16.732986450
0.999967635 0.003330779 0.007329424 0.378047466 -0.003355181 0.999988854 0.003319512 -0.637477577 -0.007318286 -0.003343996 0.999967635 17.186979294
0.999969959 0.002484540 0.007347283 0.398004234 -0.002516059 0.999987721 0.004283873 -0.661339164 -0.007336549 -0.004302230 0.999963820 17.640790939
0.999947548 0.004052778 0.009409021 0.393744171 -0.004093776 0.999982178 0.004342137 -0.666253626 -0.009391256 -0.004380427 0.999946356 18.134557724
0.999959528 0.002882254 0.008515123 0.430742502 -0.002920349 0.999985754 0.004464786 -0.685704231 -0.008502133 -0.004489473 0.999953747 18.590766907
0.999956965 0.003660010 0.008528010 0.430539250 -0.003697605 0.999983430 0.004396797 -0.704295278 -0.008511777 -0.004428141 0.999953985 18.975294113
0.999963820 0.003255011 0.007857572 0.447940290 -0.003289104 0.999985158 0.004329999 -0.712620974 -0.007843362 -0.004355686 0.999959767 19.456285477
0.999961495 0.003494157 0.008057826 0.465018988 -0.003530486 0.999983609 0.004498740 -0.733031452 -0.008041976 -0.004527014 0.999957502 19.938400269
0.999960840 0.003277301 0.008232131 0.476743460 -0.003320202 0.999980867 0.005203114 -0.766069651 -0.008214921 -0.005230241 0.999952614 20.448961258
0.999964178 0.003179163 0.007842230 0.479762495 -0.003217687 0.999982774 0.004904617 -0.763587475 -0.007826502 -0.004929676 0.999957144 20.915939331
0.999967575 0.003459473 0.007265270 0.493928432 -0.003492849 0.999983370 0.004586229 -0.772534847 -0.007249285 -0.004611457 0.999962986 21.435949326
0.999971271 0.003098535 0.006917836 0.518778622 -0.003129893 0.999984860 0.004526745 -0.790590882 -0.006903706 -0.004548268 0.999965787 21.924341202
0.999967217 0.003393591 0.007356570 0.495970309 -0.003424244 0.999985576 0.004158142 -0.797026515 -0.007342353 -0.004183196 0.999964237 22.467420578
0.999979317 0.002660171 0.005860033 0.536185741 -0.002690939 0.999982595 0.005248762 -0.826627314 -0.005845969 -0.005264422 0.999969065 22.911355972
0.999986053 0.001172083 0.005155338 0.546688318 -0.001197692 0.999986947 0.004967235 -0.839816272 -0.005149449 -0.004973341 0.999974370 23.435621262
0.999986827 0.001894025 0.004771038 0.556474209 -0.001919267 0.999984145 0.005291620 -0.852910638 -0.004760940 -0.005300707 0.999974608 23.962841034
0.999990880 0.002135585 0.003687504 0.575023174 -0.002154713 0.999984205 0.005191201 -0.862469077 -0.003676359 -0.005199099 0.999979794 24.498994827
0.999991894 0.001963795 0.003510367 0.578733563 -0.001981099 0.999985874 0.004932851 -0.870876074 -0.003500631 -0.004939765 0.999981701 25.038309097
0.999994040 0.001575888 0.003064284 0.593304813 -0.001588608 0.999990106 0.004153250 -0.879224420 -0.003057709 -0.004158093 0.999986708 25.587877274
0.999995470 0.001574568 0.002573848 0.609234154 -0.001588675 0.999983609 0.005487801 -0.890918136 -0.002565166 -0.005491864 0.999981582 26.118036270
0.999995053 0.001705905 0.002668269 0.618859708 -0.001718961 0.999986529 0.004898686 -0.903424144 -0.002659876 -0.004903248 0.999984443 26.647968292
0.999994695 0.002192610 0.002443117 0.631128967 -0.002205312 0.999984026 0.005208494 -0.927763224 -0.002431658 -0.005213854 0.999983430 27.201179504
0.999996305 0.002299426 0.001475680 0.652742624 -0.002306632 0.999985278 0.004900183 -0.920269251 -0.001464391 -0.004903567 0.999986947 27.763387680
0.999995947 0.002314102 0.001674979 0.651096225 -0.002323333 0.999981999 0.005530356 -0.941987634 -0.001662151 -0.005534225 0.999983311 28.251010895
0.999994338 0.002903840 0.001740156 0.660113931 -0.002912976 0.999981940 0.005270561 -0.955127180 -0.001724820 -0.005275599 0.999984622 28.800230026
0.999995232 0.002892386 0.001037982 0.671737134 -0.002897938 0.999981284 0.005387659 -0.969895840 -0.001022379 -0.005390642 0.999984920 29.339878082
0.999996662 0.002514139 0.000603135 0.687246740 -0.002517414 0.999981761 0.005492562 -0.983341455 -0.000589315 -0.005494062 0.999984741 29.889118195
0.999996126 0.002675282 0.000682810 0.690961897 -0.002679229 0.999979258 0.005847195 -1.004140258 -0.000667153 -0.005849001 0.999982655 30.401281357
0.999994397 0.003307077 0.000472679 0.707065284 -0.003309928 0.999975562 0.006163943 -1.024538636 -0.000452283 -0.006165474 0.999980867 30.940071106
0.999994457 0.003323864 0.000205684 0.734450281 -0.003324998 0.999977708 0.005778297 -1.042854309 -0.000186474 -0.005778949 0.999983251 31.490522385
0.999995887 0.002869704 0.000108904 0.733290970 -0.002870265 0.999980509 0.005546364 -1.034115672 -0.000092985 -0.005546652 0.999984622 31.983520508
0.999992013 0.003838931 0.001080450 0.721351206 -0.003844385 0.999979675 0.005091818 -1.044821620 -0.001060882 -0.005095930 0.999986470 32.531532288
0.999992013 0.003833217 0.001186834 0.734125853 -0.003839810 0.999976993 0.005603271 -1.065246582 -0.001165328 -0.005607784 0.999983609 33.077877045
0.999995053 0.003076367 -0.000651755 0.774353564 -0.003072195 0.999975383 0.006309283 -1.084750056 0.000671148 -0.006307249 0.999979913 33.608379364
0.999995828 0.002768423 -0.000820458 0.792142391 -0.002762825 0.999973476 0.006748218 -1.097728252 0.000839118 -0.006745922 0.999976993 34.144481659
0.999993086 0.003704763 -0.000319786 0.781982899 -0.003702735 0.999974370 0.006124126 -1.107557058 0.000342466 -0.006122899 0.999981225 34.693210602
0.999995530 0.002953072 -0.000287706 0.780828834 -0.002951194 0.999975681 0.006321188 -1.129856348 0.000306366 -0.006320312 0.999979973 35.206157684
0.999994218 0.003353598 -0.000547142 0.790489078 -0.003350379 0.999977648 0.005781359 -1.136057258 0.000566518 -0.005779492 0.999983191 35.760768890
0.999992490 0.003863200 -0.000315863 0.809467614 -0.003861335 0.999976277 0.005708642 -1.139600277 0.000337909 -0.005707378 0.999983609 36.298763275
0.999995470 0.002983785 -0.000402032 0.800153673 -0.002981335 0.999977708 0.005964599 -1.162045002 0.000419821 -0.005963373 0.999982119 36.820266724
0.999992967 0.003735489 -0.000462758 0.809650958 -0.003732883 0.999977827 0.005509077 -1.171171784 0.000483327 -0.005507312 0.999984682 37.364261627
0.999995351 0.003045437 -0.000213227 0.803856075 -0.003044057 0.999976158 0.006196263 -1.190871477 0.000232092 -0.006195585 0.999980807 37.886470795
0.999994397 0.003249343 -0.000871317 0.853444397 -0.003244058 0.999976814 0.005999037 -1.187314510 0.000890789 -0.005996176 0.999981582 38.450447083
0.999993682 0.003491961 -0.000662592 0.859842777 -0.003487818 0.999974966 0.006154608 -1.210235715 0.000684067 -0.006152259 0.999980867 38.995670319
0.999996960 0.002359560 -0.000649493 0.857769072 -0.002354663 0.999969542 0.007439923 -1.256120682 0.000667028 -0.007438371 0.999972045 39.465793610
0.999998033 0.001791634 -0.000842082 0.867601097 -0.001785067 0.999968410 0.007735357 -1.282989383 0.000855915 -0.007733839 0.999969721 40.036239624
0.999996185 0.002522685 -0.001159020 0.895018041 -0.002514550 0.999972582 0.006967206 -1.276927471 0.001176564 -0.006964263 0.999974966 40.600879669
0.999996722 0.002414079 -0.000895623 0.895097136 -0.002408099 0.999975264 0.006618517 -1.285805702 0.000911579 -0.006616338 0.999977708 41.147403717
0.999996781 0.002392550 -0.000870025 0.896001995 -0.002385964 0.999969065 0.007494169 -1.308251262 0.000887928 -0.007492067 0.999971569 41.626007080
0.999998271 0.001565986 -0.001012363 0.911120117 -0.001558462 0.999971509 0.007390618 -1.316220641 0.001023909 -0.007389028 0.999972224 42.185886383
0.999996960 0.002258880 -0.001012943 0.916764259 -0.002251099 0.999968469 0.007618796 -1.335116506 0.001030120 -0.007616492 0.999970436 42.714477539
0.999996603 0.002455743 -0.000801328 0.922489405 -0.002449444 0.999966919 0.007769313 -1.349638700 0.000820382 -0.007767327 0.999969482 43.248683929
0.999997139 0.002167315 -0.001039830 0.938415170 -0.002159716 0.999971390 0.007253279 -1.353191376 0.001055520 -0.007251010 0.999973118 43.797737122
0.999997675 0.001823784 -0.001158905 0.958625615 -0.001815438 0.999972701 0.007161746 -1.360363841 0.001171935 -0.007159623 0.999973714 44.368350983
0.999997020 0.002293837 -0.000831944 0.960729003 -0.002287959 0.999972880 0.006999013 -1.377540112 0.000847976 -0.006997087 0.999975085 44.875144958
0.999996364 0.002639014 -0.000545245 0.977469146 -0.002635412 0.999975383 0.006504512 -1.390757084 0.000562398 -0.006503054 0.999978602 45.427795410
0.999994338 0.003323908 -0.000382460 0.979162157 -0.003321265 0.999971867 0.006715189 -1.405182481 0.000404770 -0.006713881 0.999977350 45.999794006
0.999996364 0.002453123 -0.001107514 1.004349709 -0.002444852 0.999969542 0.007408516 -1.412457824 0.001125653 -0.007405781 0.999971926 46.489276886
0.999995768 0.002602051 -0.001323146 1.019645572 -0.002591870 0.999967396 0.007638757 -1.425525665 0.001342980 -0.007635295 0.999969959 47.039867401
0.999996305 0.002592610 -0.000745362 1.030430555 -0.002586895 0.999967992 0.007567306 -1.441437840 0.000764958 -0.007565352 0.999971092 47.583015442
0.999997258 0.002058753 -0.001100681 1.035082579 -0.002050542 0.999970376 0.007410121 -1.452147961 0.001115904 -0.007407844 0.999971867 48.103389740
0.999995470 0.002850418 -0.000877769 1.046315789 -0.002843440 0.999965191 0.007849971 -1.468459725 0.000900114 -0.007847441 0.999968767 48.646213531
0.999995768 0.002552943 -0.001398391 1.062411904 -0.002542857 0.999971092 0.007166931 -1.471421838 0.001416647 -0.007163346 0.999973297 49.197227478
0.999995112 0.003032353 -0.000728986 1.065337896 -0.003026676 0.999966025 0.007668322 -1.489132643 0.000752214 -0.007666078 0.999970317 49.715942383
0.999995112 0.002995437 -0.000928968 1.078225374 -0.002988078 0.999964952 0.007824393 -1.499850750 0.000952373 -0.007821579 0.999968946 50.264057159
0.999996483 0.002423517 -0.001042065 1.081890583 -0.002415694 0.999969363 0.007444481 -1.504943132 0.001060075 -0.007441936 0.999971747 50.810157776
0.999995351 0.002868237 -0.001022551 1.109699130 -0.002860170 0.999965429 0.007805419 -1.527826786 0.001044903 -0.007802457 0.999969006 51.321971893
0.999995291 0.002921935 -0.000894102 1.119376302 -0.002914695 0.999963760 0.007994805 -1.535976529 0.000917430 -0.007992161 0.999967635 51.864204407
0.999993801 0.003495123 -0.000345795 1.116742373 -0.003492523 0.999967575 0.007252287 -1.543196917 0.000371131 -0.007251035 0.999973655 52.430732727
0.999994040 0.003440549 -0.000123660 1.110855103 -0.003439490 0.999964237 0.007729148 -1.566437006 0.000150248 -0.007728677 0.999970078 52.941692352
0.999994040 0.003425669 -0.000386842 1.148435235 -0.003422495 0.999962628 0.007928465 -1.581322670 0.000413988 -0.007927094 0.999968469 53.448268890
0.999994218 0.003365777 -0.000422314 1.156593680 -0.003362645 0.999968350 0.007210108 -1.588456154 0.000446568 -0.007208645 0.999973893 54.004425049
0.999993205 0.003664500 0.000140804 1.159283996 -0.003665477 0.999963403 0.007726468 -1.601024985 -0.000112486 -0.007726932 0.999970138 54.558998108
0.999991119 0.004197150 0.000465036 1.158584356 -0.004200701 0.999959826 0.007918358 -1.617030382 -0.000431783 -0.007920241 0.999968469 55.084850311
0.999992311 0.003907917 0.000234195 1.233644366 -0.003909612 0.999962330 0.007736893 -1.642285109 -0.000203951 -0.007737751 0.999970019 55.529891968
0.999994159 0.003371711 -0.000498376 1.233126760 -0.003367388 0.999958694 0.008433987 -1.660513282 0.000526793 -0.008432260 0.999964297 56.046585083
0.999994338 0.003350484 -0.000319124 1.245563149 -0.003347766 0.999961019 0.008164771 -1.674580812 0.000346468 -0.008163656 0.999966681 56.611557007
0.999992847 0.003776528 0.000416902 1.250673652 -0.003779577 0.999964178 0.007572898 -1.678478837 -0.000388288 -0.007574420 0.999971151 57.174026489
0.999995530 0.002956921 -0.000223183 1.268453479 -0.002954997 0.999962211 0.008178021 -1.692306280 0.000247357 -0.008177326 0.999966502 57.643608093
0.999995530 0.002991223 -0.000080338 1.276892900 -0.002990502 0.999964833 0.007838015 -1.701512814 0.000103780 -0.007837739 0.999969244 58.178634644
0.999994099 0.003294943 0.000888687 1.287803411 -0.003301547 0.999966145 0.007534775 -1.717291951 -0.000863831 -0.007537664 0.999971211 58.727832794
0.999995410 0.003034161 -0.000088213 1.305145144 -0.003033302 0.999959350 0.008491443 -1.728222013 0.000113973 -0.008491134 0.999963880 59.240829468
0.999995112 0.003125870 -0.000162967 1.322651267 -0.003124391 0.999959826 0.008397472 -1.743657827 0.000189209 -0.008396921 0.999964654 59.788196564
0.999993622 0.003552472 -0.000532722 1.346564770 -0.003547669 0.999955356 0.008760000 -1.759602904 0.000563818 -0.008758053 0.999961436 60.314601898
0.999994576 0.003201504 -0.000795550 1.399510264 -0.003195128 0.999963760 0.007891912 -1.759302855 0.000820787 -0.007889327 0.999968529 60.808639526
0.999994636 0.003282132 0.000075319 1.374031305 -0.003282648 0.999959469 0.008385045 -1.766856551 -0.000047794 -0.008385245 0.999964833 61.337814331
0.999993443 0.003597193 0.000512112 1.373526573 -0.003601432 0.999957144 0.008531235 -1.777919769 -0.000481403 -0.008533021 0.999963462 61.876388550
0.999992013 0.003998863 0.000425787 1.383546591 -0.004002305 0.999956608 0.008417919 -1.790736675 -0.000392107 -0.008419556 0.999964476 62.399066925
0.999991655 0.004073481 0.000415689 1.407988429 -0.004076836 0.999956191 0.008416604 -1.805837035 -0.000381386 -0.008418230 0.999964476 62.948619843
0.999993861 0.003472672 0.000389896 1.413598061 -0.003475895 0.999957085 0.008598455 -1.830171108 -0.000360019 -0.008599759 0.999962986 63.469150543
0.999992311 0.003919264 0.000112801 1.442558885 -0.003920069 0.999957442 0.008351048 -1.844766378 -0.000080066 -0.008351428 0.999965191 64.021514893
0.999992430 0.003838388 0.000632045 1.448384762 -0.003843858 0.999953032 0.008895020 -1.857582331 -0.000597872 -0.008897382 0.999960303 64.568222046
0.999993503 0.003485881 0.000924231 1.469439030 -0.003493385 0.999959886 0.008246054 -1.837359309 -0.000895448 -0.008249229 0.999965549 65.041267395
0.999992013 0.003901593 0.000850409 1.480844140 -0.003908060 0.999962449 0.007739447 -1.849370003 -0.000820182 -0.007742709 0.999969661 65.582931519
0.999994099 0.003427776 0.000301825 1.504819989 -0.003430214 0.999958098 0.008490119 -1.874094129 -0.000272710 -0.008491105 0.999963880 66.121467590
0.999995410 0.003001425 0.000354678 1.532608509 -0.003004227 0.999961972 0.008183594 -1.868062735 -0.000330101 -0.008184620 0.999966443 66.556213379
0.999992430 0.003549597 0.001578620 1.512742281 -0.003562117 0.999961615 0.008000170 -1.884710789 -0.001550162 -0.008005732 0.999966741 67.141937256
0.999992132 0.003794809 0.001139836 1.530551076 -0.003804012 0.999959230 0.008183686 -1.902818799 -0.001108734 -0.008187959 0.999965847 67.669525146
0.999989927 0.004243609 0.001416740 1.550701499 -0.004255305 0.999956012 0.008357221 -1.916522980 -0.001381213 -0.008363165 0.999964058 68.169303894
0.999988377 0.004473001 0.001804741 1.540561318 -0.004488073 0.999954283 0.008436069 -1.919115067 -0.001766924 -0.008444073 0.999962747 68.731719971
0.999989569 0.004221447 0.001728850 1.546995282 -0.004234991 0.999959767 0.007907033 -1.922254801 -0.001695402 -0.007914272 0.999967217 69.295166016
0.999983966 0.005262737 0.002122613 1.576269269 -0.005279955 0.999952555 0.008190027 -1.956930518 -0.002079411 -0.008201101 0.999964178 69.786834717
0.999984503 0.005297466 0.001738159 1.628265500 -0.005313112 0.999944210 0.009124026 -1.985805988 -0.001689729 -0.009133120 0.999956846 70.277381897
0.999994040 0.003406193 0.000641273 1.666679859 -0.003411345 0.999960363 0.008212033 -1.976945877 -0.000613276 -0.008214170 0.999966085 70.817527771
0.999986291 0.004776922 0.002148368 1.634045839 -0.004794876 0.999952972 0.008430975 -2.006328583 -0.002107993 -0.008441159 0.999962151 71.245010376
0.999984205 0.005032619 0.002510743 1.642707586 -0.005053654 0.999951541 0.008442837 -2.012391090 -0.002468132 -0.008455390 0.999961197 71.806922913
0.999985099 0.004902589 0.002408247 1.658046603 -0.004921803 0.999955535 0.008038754 -2.026699066 -0.002368731 -0.008050488 0.999964774 72.383087158
0.999989808 0.004044058 0.002027201 1.679476142 -0.004061407 0.999954522 0.008628454 -2.047861338 -0.001992215 -0.008636598 0.999960661 72.936660767
0.999977589 0.005589510 0.003663403 1.662471056 -0.005620682 0.999947608 0.008554901 -2.060310602 -0.003615391 -0.008575301 0.999956667 73.338531494
0.999985456 0.004537866 0.002920256 1.682395935 -0.004562915 0.999952376 0.008629162 -2.075366020 -0.002880958 -0.008642360 0.999958456 73.871414185
0.999977052 0.005905297 0.003314447 1.755669117 -0.005934652 0.999942541 0.008917769 -2.119620800 -0.003261593 -0.008937236 0.999954700 74.292877197
0.999975026 0.005674850 0.004196503 1.689555645 -0.005711982 0.999944150 0.008889850 -2.109948158 -0.004145820 -0.008913598 0.999951601 74.884254456
0.999977708 0.005466778 0.003819429 1.722464561 -0.005500197 0.999946117 0.008794663 -2.109511852 -0.003771144 -0.008815477 0.999953985 75.413513184
0.999985695 0.004384090 0.003053941 1.741447926 -0.004410561 0.999952197 0.008715451 -2.114447832 -0.003015587 -0.008728798 0.999957383 75.972976685
0.999977052 0.005358479 0.004128610 1.739370108 -0.005393497 0.999949157 0.008517855 -2.122521400 -0.004082756 -0.008539928 0.999955177 76.455162048
0.999978244 0.005242030 0.003991724 1.753349781 -0.005275514 0.999950588 0.008424846 -2.126741886 -0.003947363 -0.008445722 0.999956548 77.002204895
0.999976218 0.005506804 0.004142280 1.765398026 -0.005542108 0.999948025 0.008560304 -2.146440983 -0.004094924 -0.008583056 0.999954700 77.479194641
0.999971271 0.005941908 0.004706271 1.779820800 -0.005981476 0.999946535 0.008438719 -2.155732393 -0.004655877 -0.008466626 0.999953270 78.038658142
0.999971509 0.005203199 0.005465966 1.807735920 -0.005251406 0.999947131 0.008842338 -2.175954580 -0.005419670 -0.008870790 0.999945879 78.555122375
0.999955952 0.005959976 0.007255204 1.812344193 -0.006023252 0.999943733 0.008731146 -2.189381123 -0.007202758 -0.008774461 0.999935508 79.105377197
0.999938488 0.006711925 0.008829961 1.803013682 -0.006786721 0.999941111 0.008468226 -2.207469702 -0.008772603 -0.008527631 0.999925077 79.699050903
0.999934077 0.006266735 0.009616287 1.838729858 -0.006349649 0.999942720 0.008616065 -2.197241306 -0.009561741 -0.008676557 0.999916613 80.147171021
0.999916673 0.005368220 0.011742441 1.866672993 -0.005464007 0.999951959 0.008140502 -2.207520008 -0.011698177 -0.008203985 0.999897897 80.696960449
0.999835014 0.007707949 0.016443713 1.878278971 -0.007847613 0.999933541 0.008445889 -2.228099346 -0.016377518 -0.008573539 0.999829113 81.254394531
0.999788404 0.006661288 0.019460710 1.898125529 -0.006834944 0.999937236 0.008870595 -2.223160267 -0.019400399 -0.009001728 0.999771297 81.781532288
0.999713242 0.006335661 0.023095530 1.942287564 -0.006530701 0.999943554 0.008379230 -2.239006281 -0.023041137 -0.008527656 0.999698162 82.316192627
0.999513984 0.007711613 0.030203834 1.950210810 -0.007979712 0.999929726 0.008765846 -2.252995491 -0.030134115 -0.009002602 0.999505341 82.856773376
0.999369621 0.006864821 0.034831107 2.018564939 -0.007162430 0.999938846 0.008426799 -2.248116493 -0.034771129 -0.008670962 0.999357700 83.386299133
0.999120831 0.006033774 0.041485988 2.000450611 -0.006394860 0.999942780 0.008576574 -2.274540186 -0.041431863 -0.008834329 0.999102294 83.888824463
0.998740137 0.006465982 0.049763236 2.057477951 -0.006859551 0.999946535 0.007742106 -2.277534008 -0.049710512 -0.008073706 0.998731077 84.422798157
0.998274982 0.006305637 0.058372073 2.105605364 -0.006778303 0.999945819 0.007903023 -2.295582771 -0.058319077 -0.008285053 0.998263597 84.959518433
0.997835696 0.006340731 0.065449186 2.156250238 -0.006880514 0.999944150 0.008025238 -2.303346634 -0.065394647 -0.008458196 0.997823656 85.533088684
0.997206688 0.005691349 0.074474454 2.188093662 -0.006298444 0.999948919 0.007919405 -2.327340603 -0.074425571 -0.008366358 0.997191489 86.072769165
0.996378899 0.006111290 0.084804878 2.254693031 -0.006811673 0.999945104 0.007971862 -2.342643023 -0.084751494 -0.008520656 0.996365726 86.611984253
0.995566726 0.006838339 0.093808785 2.294371605 -0.007672744 0.999934077 0.008536948 -2.352331638 -0.093744233 -0.009218873 0.995553672 87.151451111
0.994775832 0.006190496 0.101895496 2.359969616 -0.007058064 0.999941826 0.008155954 -2.374053478 -0.101839088 -0.008832532 0.994761586 87.628547668
0.993663073 0.006674323 0.112200961 2.446797371 -0.007635325 0.999937773 0.008137478 -2.386279106 -0.112139650 -0.008942603 0.993652165 88.176666260
0.992332339 0.007045054 0.123396933 2.531875610 -0.008107757 0.999934196 0.008112028 -2.404591084 -0.123331666 -0.009050301 0.992324233 88.693077087
0.991277575 0.005144714 0.131690308 2.629421234 -0.006259950 0.999947965 0.008056031 -2.428989887 -0.131642014 -0.008810135 0.991258144 89.170761108
0.989741564 0.005479928 0.142763510 2.728569984 -0.006671143 0.999946773 0.007866658 -2.427415133 -0.142712817 -0.008738352 0.989725590 89.726936340
0.987832427 0.005721237 0.155416816 2.815893173 -0.007080397 0.999941349 0.008193075 -2.448562384 -0.155360833 -0.009193797 0.987814963 90.263496399
0.986007452 0.005565600 0.166608527 2.926806450 -0.006949662 0.999945998 0.007725402 -2.458451271 -0.166556537 -0.008775176 0.985992849 90.818138123
0.984388709 0.004713629 0.175945088 3.046316147 -0.006153889 0.999951899 0.007641107 -2.461500645 -0.175900638 -0.008604567 0.984370291 91.364967346
0.982200623 0.004370862 0.187783927 3.177447319 -0.005856559 0.999955773 0.007357636 -2.473200560 -0.187743500 -0.008326442 0.982182801 91.898063660
0.979717791 0.004086391 0.200340465 3.310773849 -0.005583517 0.999960482 0.006908454 -2.488332748 -0.200304300 -0.007886938 0.979702055 92.421089172
0.977330804 0.004685830 0.211665735 3.440622330 -0.006436070 0.999950469 0.007580682 -2.500666618 -0.211619765 -0.008771132 0.977312744 92.975128174
0.974321246 0.005347205 0.225098714 3.582260132 -0.007205728 0.999946356 0.007435739 -2.509075403 -0.225046903 -0.008866799 0.974307656 93.529304504
0.971121788 0.004749301 0.238537163 3.745098114 -0.006618708 0.999953270 0.007036602 -2.517557859 -0.238492608 -0.008412207 0.971107900 94.031387329
0.968332231 0.004598903 0.249622941 3.903856277 -0.006498189 0.999955773 0.006785055 -2.531579733 -0.249580726 -0.008192283 0.968319356 94.563064575
0.965034842 0.004285132 0.262086660 4.079431534 -0.006100201 0.999962687 0.006112227 -2.543757677 -0.262050718 -0.007497294 0.965025008 95.096343994
0.961183310 0.004121709 0.275879741 4.249876022 -0.006236081 0.999957502 0.006787317 -2.568088531 -0.275839984 -0.008244264 0.961168230 95.610839844
0.957408369 0.004745477 0.288698375 4.434431076 -0.006879983 0.999955952 0.006379270 -2.577745914 -0.288655370 -0.008093805 0.957398891 96.134361267
0.954294145 0.001653296 0.298864365 4.615779877 -0.003788983 0.999971211 0.006566714 -2.587336063 -0.298844993 -0.007398968 0.954272985 96.633178711
0.949799418 0.002298905 0.312851012 4.803396225 -0.004790413 0.999962568 0.007195476 -2.604830742 -0.312822789 -0.008332944 0.949774981 97.160743713
0.944835782 0.002651707 0.327533543 4.992460251 -0.005053758 0.999966204 0.006482858 -2.617289782 -0.327505350 -0.007780510 0.944817305 97.694381714
0.940607131 0.002325513 0.339489102 5.193323135 -0.004893023 0.999965668 0.006707070 -2.624024391 -0.339461774 -0.007969846 0.940586030 98.191818237
0.936172605 0.001613583 0.351536870 5.420259476 -0.004151314 0.999970555 0.006465361 -2.637848854 -0.351516008 -0.007512033 0.936151743 98.697265625
0.930572748 0.001652729 0.366103351 5.621841431 -0.004506282 0.999965787 0.006939980 -2.657156229 -0.366079330 -0.008107917 0.930548370 99.209281921
0.926116168 -0.000368611 0.377238244 5.845180511 -0.002413816 0.999973178 0.006903002 -2.673965454 -0.377230704 -0.007303567 0.926090539 99.690727234
0.921023190 0.000589728 0.389507204 6.070446014 -0.003539755 0.999970138 0.006856062 -2.691207647 -0.389491588 -0.007693354 0.920997918 100.184936523
0.915092647 -0.000023001 0.403243631 6.310323715 -0.002892127 0.999973834 0.006620230 -2.696735859 -0.403233260 -0.007224358 0.915068686 100.701751709
0.909466028 -0.000203706 0.415778220 6.567459106 -0.002655844 0.999976635 0.006299277 -2.711747169 -0.415769756 -0.006833222 0.909444273 101.190460205
0.904376566 -0.000871364 0.426734477 6.812591553 -0.001990281 0.999978483 0.006259885 -2.723373890 -0.426730722 -0.006510615 0.904355288 101.663467407
0.898655474 -0.001930111 0.438650876 7.085067749 -0.001153722 0.999976456 0.006763608 -2.749666929 -0.438653618 -0.006584236 0.898632109 102.177947998
0.891971529 -0.002230782 0.452085972 7.358261108 -0.000929337 0.999976635 0.006767901 -2.763766527 -0.452090532 -0.006456915 0.891948640 102.659057617
0.885704160 -0.003245926 0.464238584 7.598426819 -0.000040937 0.999974966 0.007069864 -2.786208630 -0.464249909 -0.006280811 0.885681987 103.125518799
0.879658222 -0.003460699 0.475593835 7.873779297 0.000243986 0.999976575 0.006825141 -2.796417236 -0.475606352 -0.005887751 0.879638493 103.595520020
0.871933341 -0.004058027 0.489607662 8.148082733 0.000684449 0.999974787 0.007069192 -2.820491314 -0.489623964 -0.005828753 0.871914208 104.057586670
