1.000000000 0.000000000 0.000000000 0.000000000 0.000000000 1.000000000 0.000000000 0.000000000 0.000000000 0.000000000 1.000000000 0.000000000
1.000000000 -0.000013672 0.000109398 -0.001239876 0.000013674 1.000000000 -0.000018443 0.000896263 -0.000109397 0.000018445 1.000000000 0.001812794
1.000000000 0.000066923 0.000111640 -0.001019012 -0.000066927 1.000000000 0.000032372 0.000900239 -0.000111638 -0.000032380 1.000000000 0.001593758
1.000000000 0.000193483 -0.000031295 -0.000273051 -0.000193480 1.000000000 0.000097047 -0.000088518 0.000031313 -0.000097041 1.000000000 0.000299174
0.999999940 0.000289933 0.000142828 -0.001626915 -0.000289956 0.999999940 0.000159210 -0.001028735 -0.000142782 -0.000159252 1.000000000 0.001421905
1.000000000 -0.000062634 -0.000017414 -0.000641448 0.000062636 1.000000000 0.000122153 -0.000586777 0.000017406 -0.000122154 1.000000000 0.000068782
1.000000000 0.000004038 0.000152576 -0.002209343 -0.000004029 1.000000000 -0.000061130 0.000749241 -0.000152576 0.000061130 1.000000000 0.002731655
1.000000000 -0.000064490 0.000115452 -0.001106411 0.000064496 1.000000000 -0.000051039 0.001399219 -0.000115449 0.000051047 1.000000000 0.004074795
1.000000000 0.000142318 0.000155852 -0.001716485 -0.000142323 1.000000000 0.000032964 0.001348013 -0.000155847 -0.000032986 1.000000000 0.003273838
1.000000000 -0.000055092 0.000206916 -0.001573010 0.000055067 1.000000000 0.000118091 -0.000312538 -0.000206923 -0.000118079 1.000000000 0.001869181
1.000000000 -0.000162748 0.000151842 -0.000690117 0.000162751 1.000000000 -0.000019831 0.001473434 -0.000151838 0.000019855 1.000000000 0.003591291
0.999999940 0.000183279 0.000194472 -0.001191643 -0.000183309 1.000000000 0.000153622 -0.000722354 -0.000194444 -0.000153658 0.999999940 0.001386354
1.000000000 0.000065217 0.000190450 -0.001329629 -0.000065237 1.000000000 0.000103821 0.000434765 -0.000190443 -0.000103833 1.000000000 0.003271288
1.000000000 0.000015825 0.000126074 -0.001304368 -0.000015848 1.000000000 0.000184778 0.000525322 -0.000126071 -0.000184780 1.000000000 0.001616907
1.000000000 -0.000029579 0.000162012 -0.001141929 0.000029550 1.000000000 0.000179690 -0.000362972 -0.000162017 -0.000179685 1.000000000 0.001551692
1.000000000 0.000107858 0.000119944 -0.000287213 -0.000107889 0.999999940 0.000264139 -0.001365710 -0.000119916 -0.000264151 0.999999940 -0.000451120
1.000000000 -0.000058747 0.000102884 -0.001432488 0.000058730 1.000000000 0.000172125 -0.000740688 -0.000102894 -0.000172119 1.000000000 -0.000052932
1.000000000 -0.000007204 0.000233327 -0.001237134 0.000007160 1.000000000 0.000190622 -0.000770696 -0.000233329 -0.000190620 0.999999940 0.001498489
1.000000000 0.000040111 0.000196942 -0.002235365 -0.000040132 1.000000000 0.000105845 0.000371181 -0.000196938 -0.000105853 1.000000000 0.003616126
0.999999881 0.000394191 0.000186955 -0.001848891 -0.000394226 0.999999881 0.000187360 -0.000290448 -0.000186881 -0.000187434 0.999999940 0.001126264
1.000000000 0.000129614 0.000168839 -0.001144372 -0.000129651 0.999999940 0.000222295 -0.000616388 -0.000168810 -0.000222316 0.999999940 0.002371948
0.999999940 0.000240269 0.000213604 -0.002581048 -0.000240268 1.000000000 -0.000005057 0.001232008 -0.000213605 0.000005005 1.000000000 0.004074529
1.000000000 0.000041256 0.000181277 -0.001917808 -0.000041280 1.000000000 0.000131621 0.001086669 -0.000181272 -0.000131628 1.000000000 0.003566756
1.000000000 0.000051408 0.000148517 -0.001059842 -0.000051425 1.000000000 0.000114335 0.000509568 -0.000148511 -0.000114343 1.000000000 0.002842821
1.000000000 0.000028951 0.000230586 -0.002596191 -0.000028950 1.000000000 -0.000001405 0.001973007 -0.000230586 0.000001398 1.000000000 0.004602242
1.000000000 0.000052234 0.000101257 -0.000306016 -0.000052238 1.000000000 0.000037857 0.000846005 -0.000101255 -0.000037863 1.000000000 0.003786265
1.000000000 -0.000066035 0.000043557 -0.000764009 0.000066032 1.000000000 0.000051952 0.000475508 -0.000043560 -0.000051950 1.000000000 0.001883320
1.000000000 0.000109545 0.000217962 -0.001034177 -0.000109564 1.000000000 0.000086415 -0.000406588 -0.000217953 -0.000086439 1.000000000 0.000950231
0.999999940 0.000258810 0.000181583 -0.002566534 -0.000258805 0.999999940 -0.000030498 0.001179812 -0.000181590 0.000030451 1.000000000 0.003395302
1.000000000 0.000100474 0.000205188 -0.002693571 -0.000100496 1.000000000 0.000109787 0.000390774 -0.000205177 -0.000109808 1.000000000 0.002979463
1.000000000 -0.000011376 0.000171208 -0.001558906 0.000011375 1.000000000 0.000007989 0.000753961 -0.000171208 -0.000007987 1.000000000 0.001692903
1.000000000 -0.000070234 0.000097907 -0.001146639 0.000070217 1.000000000 0.000173812 0.000352136 -0.000097919 -0.000173805 1.000000000 0.003409845
1.000000000 0.000036329 0.000138181 -0.001777202 -0.000036344 1.000000000 0.000103439 0.000861758 -0.000138177 -0.000103444 1.000000000 0.002941534
0.999999940 -0.000024375 0.000324339 -0.002003827 0.000024335 1.000000000 0.000123209 0.000147289 -0.000324342 -0.000123201 0.999999940 0.002059506
1.000000000 0.000102315 0.000195730 -0.001118052 -0.000102339 1.000000000 0.000123454 -0.000196241 -0.000195718 -0.000123474 1.000000000 0.001287215
0.999999940 0.000270128 0.000114731 -0.001114883 -0.000270130 0.999999940 0.000022405 0.001686469 -0.000114725 -0.000022436 1.000000000 0.002841387
1.000000000 0.000086348 0.000212356 -0.002456029 -0.000086324 1.000000000 -0.000114773 0.003613098 -0.000212366 0.000114755 1.000000000 0.004954765
1.000000000 0.000011847 0.000134148 -0.001519423 -0.000011859 1.000000000 0.000095788 0.000552026 -0.000134146 -0.000095790 1.000000000 0.002403186
1.000000000 0.000095036 0.000192048 -0.001462685 -0.000095069 1.000000000 0.000167940 0.000454868 -0.000192032 -0.000167959 0.999999940 0.003034229
1.000000000 -0.000125592 0.000061293 -0.000186140 0.000125584 1.000000000 0.000121898 0.000689430 -0.000061309 -0.000121890 1.000000000 0.002512368
0.999999940 -0.000252858 0.000253437 -0.000933206 0.000252869 0.999999940 -0.000044182 0.001481454 -0.000253426 0.000044246 0.999999940 0.003686661
0.999999940 -0.000053666 0.000378613 -0.002447361 0.000053884 0.999999821 -0.000575983 0.001246956 -0.000378582 0.000576004 0.999999762 0.055386487
0.999998689 0.001598537 -0.000299193 0.003084565 -0.001598350 0.999998510 0.000625391 -0.019963661 0.000300192 -0.000624911 0.999999762 0.127251953
0.999998450 0.001748130 -0.000392561 0.005028707 -0.001748011 0.999998391 0.000304018 -0.021860179 0.000393092 -0.000303331 0.999999881 0.241681069
0.999998927 0.001320840 -0.000651677 0.010020038 -0.001320520 0.999998927 0.000490986 -0.026520520 0.000652325 -0.000490125 0.999999702 0.373038113
0.999997854 0.002067968 -0.000229690 0.004415297 -0.002067926 0.999997854 0.000184566 -0.024585873 0.000230071 -0.000184091 0.999999940 0.518665671
0.999997735 0.002121198 -0.000198425 0.007969814 -0.002121163 0.999997735 0.000177447 -0.028927647 0.000198801 -0.000177026 0.999999881 0.668890297
0.999997735 0.002118233 -0.000109632 0.011805397 -0.002118182 0.999997675 0.000460961 -0.031916015 0.000110608 -0.000460728 0.999999821 0.831180453
0.999998748 0.001306246 -0.000881007 0.024192270 -0.001305598 0.999998868 0.000736039 -0.040843386 0.000881968 -0.000734888 0.999999344 0.989298522
0.999998093 0.001870382 -0.000664604 0.025201384 -0.001869733 0.999997795 0.000975682 -0.046363670 0.000666427 -0.000974437 0.999999285 1.164930224
0.999998748 0.001223665 -0.001023982 0.033328939 -0.001222222 0.999998271 0.001408923 -0.055207573 0.001025705 -0.001407670 0.999998510 1.343268394
0.999998450 0.001487766 -0.000957735 0.038259123 -0.001486629 0.999998152 0.001187622 -0.058766529 0.000959500 -0.001186196 0.999998808 1.531780720
0.999997616 0.001411292 -0.001676520 0.053152483 -0.001407618 0.999996603 0.002190629 -0.080980450 0.001679606 -0.002188263 0.999996185 1.742217302
0.999997139 0.001194974 -0.002051176 0.061349310 -0.001189795 0.999996066 0.002524264 -0.089690566 0.002054184 -0.002521817 0.999994695 1.941847324
0.999997735 0.001361314 -0.001609599 0.062654331 -0.001357468 0.999996245 0.002387950 -0.094869994 0.001612843 -0.002385760 0.999995887 2.151381254
0.999997258 0.001822739 -0.001456399 0.061314877 -0.001819621 0.999996066 0.002139294 -0.094933465 0.001460293 -0.002136638 0.999996603 2.371766090
0.999998450 0.000920896 -0.001516293 0.067601949 -0.000917796 0.999997497 0.002043677 -0.104595467 0.001518172 -0.002042282 0.999996781 2.590085268
0.999998152 0.001174430 -0.001539732 0.071966015 -0.001170877 0.999996662 0.002306269 -0.114086695 0.001542436 -0.002304462 0.999996126 2.818633795
0.999998510 0.001087968 -0.001334154 0.073912911 -0.001084772 0.999996543 0.002393789 -0.119182438 0.001336754 -0.002392338 0.999996245 3.048236847
0.999996662 0.001646374 -0.001998535 0.092101097 -0.001641435 0.999995589 0.002470248 -0.128693715 0.002002594 -0.002466960 0.999994934 3.295786619
0.999996245 0.001912283 -0.002008942 0.097680695 -0.001906533 0.999994099 0.002859977 -0.140338704 0.002014399 -0.002856136 0.999993861 3.541950703
0.999996841 0.001494855 -0.002015157 0.104435071 -0.001489401 0.999995172 0.002705510 -0.141507328 0.002019192 -0.002702500 0.999994338 3.801681757
0.999996781 0.000888127 -0.002387788 0.108591117 -0.000881248 0.999995470 0.002880559 -0.152054846 0.002390336 -0.002878446 0.999993026 4.063006401
0.999997020 0.000938957 -0.002239508 0.110947303 -0.000931927 0.999994636 0.003137919 -0.158310831 0.002242442 -0.003135823 0.999992609 4.320831299
0.999997616 0.000917474 -0.002003921 0.112049684 -0.000911321 0.999994874 0.003068961 -0.165037081 0.002006727 -0.003067128 0.999993265 4.567803383
0.999998093 0.000542051 -0.001922912 0.121035889 -0.000536092 0.999994993 0.003098463 -0.170402303 0.001924583 -0.003097427 0.999993324 4.838310719
0.999995291 0.000730409 -0.002981481 0.143686205 -0.000720599 0.999994278 0.003290224 -0.186086193 0.002983867 -0.003288059 0.999990165 5.081239700
0.999994338 0.000705461 -0.003282390 0.149281055 -0.000696031 0.999995589 0.002873177 -0.190226004 0.003284403 -0.002870877 0.999990523 5.349950314
0.999995232 0.001354279 -0.002781279 0.148553506 -0.001346150 0.999994755 0.002922696 -0.198128968 0.002785223 -0.002918938 0.999991894 5.618834972
0.999992967 0.000387258 -0.003731781 0.163931608 -0.000373418 0.999993145 0.003708576 -0.215515077 0.003733192 -0.003707157 0.999986112 5.910649300
0.999992132 0.000165353 -0.003956383 0.173612788 -0.000150704 0.999993086 0.003702542 -0.222047269 0.003956968 -0.003701917 0.999985278 6.184865475
0.999992907 0.000090603 -0.003770729 0.177010432 -0.000076928 0.999993443 0.003626610 -0.229427367 0.003771033 -0.003626294 0.999986351 6.478520393
0.999993801 0.000416971 -0.003516146 0.175586700 -0.000404346 0.999993443 0.003590671 -0.238681972 0.003517620 -0.003589227 0.999987423 6.759313107
0.999996305 0.000995921 -0.002523618 0.165169328 -0.000987327 0.999993682 0.003404229 -0.248248741 0.002526993 -0.003401725 0.999990940 7.060528755
0.999996126 0.001655717 -0.002269153 0.161816821 -0.001649356 0.999994755 0.002802647 -0.248746037 0.002273782 -0.002798894 0.999993443 7.365359783
0.999995828 0.000959223 -0.002702405 0.179763094 -0.000949744 0.999993384 0.003506459 -0.264489859 0.002705751 -0.003503878 0.999990165 7.670736313
0.999996245 0.001615879 -0.002194293 0.180890605 -0.001608058 0.999992371 0.003561340 -0.272040278 0.002200031 -0.003557798 0.999991238 7.988533974
0.999995530 0.001581113 -0.002515675 0.190942615 -0.001571469 0.999991357 0.003831258 -0.281268984 0.002521711 -0.003827288 0.999989510 8.303027153
0.999996066 0.001081804 -0.002595955 0.195073023 -0.001071092 0.999990880 0.004124670 -0.300967097 0.002600393 -0.004121874 0.999988079 8.613672256
0.999996424 0.000938943 -0.002538415 0.201067537 -0.000928681 0.999991417 0.004040780 -0.305526525 0.002542187 -0.004038408 0.999988616 8.956694603
0.999995828 0.000615372 -0.002822326 0.206741780 -0.000602687 0.999989748 0.004493100 -0.321397722 0.002825062 -0.004491380 0.999985933 9.294214249
0.999995947 0.000980381 -0.002684812 0.210919157 -0.000968954 0.999990463 0.004254160 -0.326267153 0.002688957 -0.004251542 0.999987364 9.647833824
0.999996066 0.000788777 -0.002696704 0.221299648 -0.000776316 0.999988973 0.004618645 -0.343664020 0.002700317 -0.004616532 0.999985695 9.981201172
0.999995768 0.000862247 -0.002793542 0.227396771 -0.000848634 0.999987721 0.004870597 -0.356094331 0.002797708 -0.004868205 0.999984205 10.331618309
0.999995410 0.000607684 -0.002944324 0.239518180 -0.000592701 0.999986887 0.005086933 -0.361590177 0.002947377 -0.005085166 0.999982655 10.685467720
0.999996543 0.000673429 -0.002494609 0.239841431 -0.000662865 0.999990821 0.004233345 -0.361328274 0.002497436 -0.004231678 0.999987900 11.062018394
0.999996424 0.000941029 -0.002509066 0.242882803 -0.000929021 0.999988258 0.004782595 -0.378135443 0.002513537 -0.004780248 0.999985337 11.434052467
0.999995649 0.000645916 -0.002857731 0.256515950 -0.000631322 0.999986768 0.005104613 -0.386620969 0.002860990 -0.005102786 0.999982893 11.797271729
0.999995053 0.000675496 -0.003074885 0.260680377 -0.000660968 0.999988616 0.004723154 -0.397607327 0.003078041 -0.004721099 0.999984145 12.195622444
0.999994934 0.000539049 -0.003157045 0.268285275 -0.000524813 0.999989688 0.004508592 -0.403753400 0.003159442 -0.004506911 0.999984920 12.592162132
0.999994755 0.000402547 -0.003208213 0.273598045 -0.000384949 0.999984980 0.005483982 -0.424461931 0.003210372 -0.005482719 0.999979734 12.962733269
0.999995470 0.000415557 -0.002985579 0.270424843 -0.000400062 0.999986470 0.005188658 -0.429615229 0.002987695 -0.005187440 0.999982059 13.384640694
0.999995708 0.000501439 -0.002868045 0.276093960 -0.000487236 0.999987662 0.004950513 -0.434524894 0.002870492 -0.004949094 0.999983668 13.802120209
0.999996722 0.000418667 -0.002523836 0.277055502 -0.000405914 0.999987185 0.005051482 -0.445858121 0.002525919 -0.005050441 0.999984026 14.215398788
0.999996901 0.000113383 -0.002496385 0.288953811 -0.000099426 0.999984384 0.005590146 -0.462946653 0.002496980 -0.005589881 0.999981284 14.638633728
0.999997437 0.000088909 -0.002253505 0.293546259 -0.000076649 0.999985218 0.005440121 -0.468183815 0.002253955 -0.005439935 0.999982655 15.070233345
0.999997556 0.000201601 -0.002189386 0.303847283 -0.000189556 0.999984860 0.005500275 -0.479320705 0.002190461 -0.005499847 0.999982476 15.499017715
0.999998331 0.000452796 -0.001773724 0.308951318 -0.000442819 0.999984086 0.005621380 -0.492391050 0.001776241 -0.005620586 0.999982595 15.938265800
0.999998569 -0.000284172 -0.001673804 0.315602571 0.000294017 0.999982595 0.005884858 -0.502439618 0.001672103 -0.005885341 0.999981284 16.369628906
0.999998987 -0.000169320 -0.001411107 0.319788843 0.000176913 0.999985516 0.005382659 -0.508539617 0.001410174 -0.005382904 0.999984503 16.830850601
0.999999404 0.000026376 -0.001089502 0.332156122 -0.000019904 0.999982297 0.005939928 -0.524272919 0.001089640 -0.005939902 0.999981761 17.281610489
0.999999285 0.000531357 -0.001068898 0.339966655 -0.000524573 0.999979794 0.006336931 -0.538108170 0.001072244 -0.006336365 0.999979377 17.749366760
1.000000000 0.000403276 -0.000202788 0.336651236 -0.000402076 0.999982595 0.005885260 -0.540383041 0.000205158 -0.005885178 0.999982655 18.203321457
0.999999940 0.000126585 0.000301540 0.340572119 -0.000128429 0.999981344 0.006122898 -0.552624106 -0.000300759 -0.006122937 0.999981225 18.669858932
0.999999940 -0.000298628 0.000120308 0.351806283 0.000297883 0.999981046 0.006147353 -0.565116286 -0.000122141 -0.006147317 0.999981105 19.144189835
0.999999940 -0.000110864 0.000304899 0.362747401 0.000109067 0.999982655 0.005885794 -0.572934210 -0.000305547 -0.005885760 0.999982655 19.617090225
1.000000000 0.000148896 -0.000047544 0.372015208 -0.000148599 0.999980807 0.006192410 -0.586142838 0.000048465 -0.006192403 0.999980867 20.107786179
0.999999821 -0.000548086 -0.000262537 0.374064714 0.000549839 0.999977231 0.006724967 -0.602185905 0.000258845 -0.006725111 0.999977291 20.596235275
1.000000000 0.000019001 -0.000250225 0.377625793 -0.000017498 0.999981940 0.006005421 -0.601219535 0.000250335 -0.006005417 0.999981880 21.107568741
0.999998987 -0.000185398 -0.001376415 0.393381834 0.000194564 0.999977767 0.006662589 -0.616697907 0.001375149 -0.006662850 0.999976814 21.597881317
0.999999762 0.000250676 -0.000596457 0.363476753 -0.000246561 0.999976218 0.006888051 -0.635234833 0.000598168 -0.006887903 0.999976099 22.094430923
0.999999702 0.000228319 -0.000670386 0.360072047 -0.000224015 0.999979317 0.006414433 -0.639261127 0.000671836 -0.006414281 0.999979198 22.607316971
0.999999046 0.000711650 -0.001211192 0.369866014 -0.000703399 0.999976575 0.006798931 -0.657619298 0.001216002 -0.006798072 0.999976158 23.122613907
0.999997973 -0.000131093 -0.002061854 0.373636782 0.000144886 0.999977589 0.006690830 -0.665316224 0.002060930 -0.006691115 0.999975502 23.641647339
0.999996603 -0.001265499 -0.002277277 0.372061253 0.001278866 0.999981821 0.005877611 -0.669505060 0.002269798 -0.005880504 0.999980092 24.171102524
0.999996006 -0.000021814 -0.002831146 0.380259752 0.000039479 0.999980509 0.006239427 -0.679008663 0.002830955 -0.006239515 0.999976516 24.713119507
0.999992371 -0.000161474 -0.003883954 0.384704918 0.000189631 0.999973714 0.007250391 -0.703560293 0.003882681 -0.007251073 0.999966145 25.232854843
0.999990821 -0.000130362 -0.004270476 0.391055465 0.000161036 0.999974191 0.007183202 -0.712053061 0.004269429 -0.007183824 0.999965072 25.771997452
0.999986827 -0.000654851 -0.005073398 0.389913172 0.000691248 0.999973953 0.007175678 -0.716934979 0.005068567 -0.007179092 0.999961376 26.314275742
0.999982893 -0.001197276 -0.005725169 0.402986765 0.001238916 0.999972701 0.007275093 -0.723394454 0.005716303 -0.007282062 0.999957204 26.871776581
0.999978781 -0.000985665 -0.006420649 0.416723907 0.001036490 0.999968112 0.007917405 -0.748549223 0.006412640 -0.007923893 0.999948025 27.407520294
0.999978542 -0.000162907 -0.006536712 0.409909368 0.000210797 0.999973118 0.007326313 -0.752145946 0.006535343 -0.007327535 0.999951780 27.985300064
0.999987721 -0.000496558 -0.004922999 0.351756334 0.000529430 0.999977529 0.006678166 -0.740238845 0.004919572 -0.006680691 0.999965608 28.498508453
0.999990225 -0.000047482 -0.004426795 0.351242810 0.000076847 0.999978006 0.006633447 -0.752695322 0.004426382 -0.006633723 0.999968231 29.051885605
0.999980927 -0.000488010 -0.006161258 0.365475416 0.000528971 0.999977767 0.006648210 -0.761487424 0.006157877 -0.006651343 0.999958873 29.603940964
0.999978483 -0.000640739 -0.006528529 0.366848111 0.000681685 0.999980092 0.006271461 -0.765734315 0.006524381 -0.006275777 0.999959052 30.127309799
0.999974668 -0.000768340 -0.007065956 0.381497443 0.000812237 0.999980390 0.006211622 -0.777613401 0.007061045 -0.006217205 0.999955654 30.671707153
0.999972582 -0.000823313 -0.007353723 0.385744661 0.000871958 0.999977767 0.006614227 -0.792755306 0.007348113 -0.006620458 0.999951065 31.213996887
0.999972165 -0.000607693 -0.007435498 0.385571361 0.000653374 0.999980867 0.006142817 -0.796927333 0.007431623 -0.006147504 0.999953508 31.756971359
0.999973118 -0.000346094 -0.007323235 0.388081670 0.000394937 0.999977708 0.006669102 -0.811228037 0.007320763 -0.006671815 0.999950945 32.293937683
0.999969423 -0.000967145 -0.007761284 0.385040224 0.001015108 0.999980390 0.006178192 -0.810015857 0.007755157 -0.006185882 0.999950707 32.840641022
0.999965012 -0.001044245 -0.008298197 0.390933722 0.001096126 0.999979854 0.006250077 -0.823320270 0.008291503 -0.006258954 0.999945998 33.381282806
0.999963164 -0.000829608 -0.008559385 0.398371965 0.000877140 0.999984205 0.005550971 -0.821672559 0.008554647 -0.005558274 0.999947906 33.941715240
0.999961555 -0.000810287 -0.008730553 0.397983581 0.000864258 0.999980509 0.006179869 -0.839471459 0.008725376 -0.006187177 0.999942780 34.475254059
0.999962628 -0.000604406 -0.008621034 0.399042100 0.000653212 0.999983728 0.005659644 -0.840305269 0.008617474 -0.005665063 0.999946833 35.029834747
0.999961674 -0.000473512 -0.008734833 0.401661366 0.000526597 0.999981403 0.006076078 -0.854540169 0.008731793 -0.006080445 0.999943376 35.553962708
0.999960899 -0.000532181 -0.008830515 0.405028164 0.000587569 0.999980152 0.006270937 -0.866159678 0.008827003 -0.006275880 0.999941349 36.107059479
0.999959052 -0.000736487 -0.009021124 0.400147408 0.000790042 0.999981999 0.005934483 -0.874879837 0.009016591 -0.005941366 0.999941707 36.655151367
0.999950051 -0.001001368 -0.009945428 0.418138832 0.001063856 0.999979615 0.006279725 -0.895855427 0.009938937 -0.006289991 0.999930859 37.174942017
0.999957860 -0.000234027 -0.009179845 0.412520498 0.000293453 0.999979019 0.006472666 -0.905430079 0.009178137 -0.006475087 0.999936938 37.729114532
0.999962211 -0.000754209 -0.008661143 0.356648803 0.000796682 0.999987662 0.004901509 -0.882529795 0.008657340 -0.004908224 0.999950409 38.285053253
0.999950469 -0.002931125 -0.009524755 0.355326742 0.002966910 0.999988616 0.003745081 -0.853003263 0.009513671 -0.003773154 0.999947548 38.832828522
0.999948502 -0.002452968 -0.009847616 0.364528984 0.002491432 0.999989390 0.003895584 -0.871782601 0.009837955 -0.003919919 0.999943852 39.377807617
0.999971092 -0.001732674 -0.007402682 0.293852329 0.001747780 0.999996424 0.002034563 -0.827734947 0.007399130 -0.002047443 0.999970555 39.950378418
0.999969900 -0.001658118 -0.007582109 0.304979295 0.001676041 0.999995828 0.002357963 -0.843719959 0.007578169 -0.002370600 0.999968529 40.485172272
0.999971390 -0.001483302 -0.007417484 0.314742893 0.001491235 0.999998331 0.001064106 -0.837486804 0.007415893 -0.001075137 0.999971926 41.046813965
0.999963105 -0.001844884 -0.008395143 0.339428842 0.001855868 0.999997497 0.001300688 -0.856929719 0.008392722 -0.001316220 0.999963939 41.582878113
0.999971867 -0.001894968 -0.007260506 0.250695378 0.001917437 0.999993384 0.003088972 -0.894868612 0.007254604 -0.003102807 0.999968827 42.120887756
0.999971747 -0.001542805 -0.007348841 0.258060575 0.001562247 0.999995232 0.002640685 -0.898934126 0.007344731 -0.002652091 0.999969482 42.671077728
0.999973893 -0.001693433 -0.007034065 0.266401380 0.001715211 0.999993742 0.003091105 -0.915924728 0.007028786 -0.003103090 0.999970436 43.215637207
0.999966204 -0.001983101 -0.007975176 0.270622134 0.002015188 0.999989927 0.004017366 -0.963318229 0.007967128 -0.004033301 0.999960124 43.751560211
0.999965787 -0.001914142 -0.008042532 0.278479934 0.001949719 0.999988377 0.004418081 -0.975120068 0.008033982 -0.004433610 0.999957919 44.293643951
0.999970198 -0.001491615 -0.007572864 0.281477392 0.001523940 0.999989808 0.004264438 -0.989727676 0.007566425 -0.004275851 0.999962211 44.836887360
0.999991536 -0.003083851 -0.002715725 0.094215617 0.003082267 0.999995053 -0.000587235 -0.858530104 0.002717523 0.000578859 0.999996126 45.474227905
0.999992549 -0.003179022 -0.002167970 0.101596884 0.003174899 0.999993086 -0.001902476 -0.863040864 0.002174003 0.001895579 0.999995828 46.020359039
0.999999940 -0.000120775 -0.000241935 0.061515816 0.000121229 0.999998152 0.001875124 -0.926866114 0.000241709 -0.001875153 0.999998212 46.577339172
0.999999940 0.000095260 0.000119114 0.071672007 -0.000095597 0.999995947 0.002829280 -0.950059891 -0.000118844 -0.002829291 0.999995947 47.125389099
0.999999821 -0.000518544 0.000117593 0.070012011 0.000518296 0.999997616 0.002104220 -0.951092839 -0.000118684 -0.002104158 0.999997795 47.669273376
0.999966860 -0.006450050 0.004949897 -0.183275104 0.006498712 0.999930084 -0.009878695 -0.639477253 -0.004885832 0.009910538 0.999938905 48.398742676
0.999968290 -0.006278443 0.004894670 -0.163850144 0.006326729 0.999930859 -0.009912866 -0.654565632 -0.004832094 0.009943521 0.999938905 48.951248169
0.999969304 -0.005661082 0.005419265 -0.159610152 0.005715063 0.999933660 -0.009997705 -0.672610402 -0.005362309 0.010028369 0.999935329 49.478286743
0.999975204 -0.005175358 0.004774568 -0.126766071 0.005222704 0.999936759 -0.009957571 -0.693763912 -0.004722732 0.009982263 0.999938905 50.009010315
0.999975026 -0.004791928 0.005203954 -0.118519962 0.004842424 0.999940872 -0.009734422 -0.713218510 -0.005157000 0.009759380 0.999939024 50.549785614
0.999945939 -0.003738367 0.009694761 -0.288304001 0.003845644 0.999931276 -0.011070490 -0.681814313 -0.009652709 0.011107174 0.999891698 51.141036987
0.999897242 -0.001793579 0.014220283 -0.369000435 0.002002617 0.999889910 -0.014699352 -0.617606580 -0.014192353 0.014726318 0.999790847 51.755638123
0.999920249 -0.002916299 0.012284410 -0.325454414 0.003079630 0.999906838 -0.013297956 -0.651209176 -0.012244483 0.013334727 0.999836087 52.249202728
0.999933302 -0.003111775 0.011123506 -0.287202418 0.003247096 0.999920666 -0.012168080 -0.691909671 -0.011084761 0.012203388 0.999864042 52.775802612
0.999929488 -0.002177191 0.011672293 -0.280701816 0.002318474 0.999924064 -0.012104291 -0.709925652 -0.011645054 0.012130500 0.999858618 53.325428009
0.999925673 -0.002490633 0.011928527 -0.273866951 0.002636444 0.999921799 -0.012223585 -0.722554386 -0.011897149 0.012254126 0.999854088 53.848400116
0.999921262 -0.001601458 0.012445754 -0.265706182 0.001755591 0.999921799 -0.012383353 -0.743539095 -0.012424949 0.012404228 0.999845862 54.376178741
0.999930143 -0.002349440 0.011576469 -0.238279164 0.002499604 0.999912679 -0.012974246 -0.756262481 -0.011544975 0.013002278 0.999848843 54.911144257
0.999921679 -0.001845406 0.012380119 -0.231169164 0.001999554 0.999920428 -0.012450449 -0.789591551 -0.012356159 0.012474228 0.999845862 55.456035614
0.999918222 -0.002411196 0.012559908 -0.220429242 0.002575303 0.999911249 -0.013066130 -0.795899808 -0.012527289 0.013097405 0.999835730 56.006603241
0.999894381 -0.000671847 0.014514043 -0.246977508 0.000886577 0.999890327 -0.014793312 -0.782013059 -0.014502510 0.014804621 0.999785185 56.547946930
0.999902904 -0.001666335 0.013835737 -0.211243927 0.001874242 0.999885440 -0.015027496 -0.814472497 -0.013809109 0.015051970 0.999791324 57.069774628
0.999916673 -0.001552216 0.012816735 -0.180377245 0.001715454 0.999917448 -0.012735173 -0.863517940 -0.012795910 0.012756099 0.999836683 57.588066101
0.999917567 -0.001847438 0.012717012 -0.158639431 0.002011294 0.999914944 -0.012883998 -0.886746764 -0.012692130 0.012908511 0.999836147 58.120128632
0.999917924 -0.001782956 0.012685516 -0.139777720 0.001945152 0.999916494 -0.012785156 -0.906890035 -0.012661660 0.012808785 0.999837816 58.642230988
0.999911964 -0.001703794 0.013157917 -0.124757946 0.001876276 0.999912262 -0.013107487 -0.925931931 -0.013134431 0.013131021 0.999827504 59.164566040
0.999915123 -0.001723203 0.012912528 -0.112484396 0.001883169 0.999921501 -0.012386544 -0.956380844 -0.012890169 0.012409809 0.999839902 59.687740326
0.999907315 -0.000534512 0.013606082 -0.102382183 0.000699079 0.999926567 -0.012093183 -0.979342759 -0.013598620 0.012101572 0.999834299 60.182518005
0.999900341 -0.000885699 0.014093340 -0.087898374 0.001049693 0.999931753 -0.011633052 -1.002315283 -0.014082075 0.011646685 0.999832988 60.732151031
0.999913752 -0.001352484 0.013060599 -0.046148181 0.001513374 0.999922991 -0.012316699 -1.012775302 -0.013042934 0.012335403 0.999838829 61.288879395
0.999909043 -0.000332470 0.013482107 -0.033945143 0.000504997 0.999917984 -0.012795378 -1.030831456 -0.013476747 0.012801023 0.999827266 61.824100494
0.999901772 -0.000015932 0.014016153 -0.021695733 0.000197028 0.999916553 -0.012919278 -1.051548481 -0.014014777 0.012920771 0.999818325 62.374622345
0.999918401 0.000006547 0.012774085 0.029197454 0.000136060 0.999937713 -0.011162851 -1.110734701 -0.012773361 0.011163679 0.999856114 62.869266510
0.999914587 -0.000430633 0.013058958 0.040471613 0.000581936 0.999932647 -0.011584559 -1.119974852 -0.013053089 0.011591169 0.999847591 63.413318634
0.999918759 0.000238842 0.012746396 0.068590462 -0.000097936 0.999938905 -0.011053932 -1.154131532 -0.012748257 0.011051785 0.999857664 63.948295593
0.999917388 0.000052474 0.012847924 0.084699094 0.000088499 0.999939799 -0.010971673 -1.170688152 -0.012847725 0.010971904 0.999857247 64.486465454
0.999908030 0.000582869 0.013550078 0.094171047 -0.000432181 0.999938071 -0.011121081 -1.191184521 -0.013555720 0.011114202 0.999846339 65.009361267
0.999907851 0.000044400 0.013573033 0.117165208 0.000106156 0.999938428 -0.011091481 -1.219860792 -0.013572691 0.011091900 0.999846280 65.553581238
0.999897778 0.000432494 0.014287568 0.125781655 -0.000277839 0.999941289 -0.010824583 -1.240888834 -0.014291410 0.010819507 0.999839306 66.097877502
0.999894261 0.000193984 0.014536514 0.136047900 -0.000035420 0.999940515 -0.010907345 -1.262174487 -0.014537764 0.010905677 0.999834836 66.632766724
0.999895930 0.000661652 0.014412813 0.164689839 -0.000515354 0.999948263 -0.010151948 -1.287176490 -0.014418785 0.010143463 0.999844611 67.163856506
0.999893546 0.000930436 0.014559596 0.182559788 -0.000779455 0.999945879 -0.010372137 -1.307464480 -0.014568459 0.010359685 0.999840140 67.703201294
0.999886930 0.001482745 0.014962389 0.201613128 -0.001330207 0.999947071 -0.010199646 -1.334964037 -0.014976721 0.010178590 0.999836028 68.227767944
0.999884129 0.001667192 0.015130424 0.215335727 -0.001516241 0.999949038 -0.009982606 -1.358251810 -0.015146296 0.009958509 0.999835610 68.756561279
0.999886930 0.001842209 0.014924390 0.237439275 -0.001689086 0.999945879 -0.010266054 -1.375072837 -0.014942494 0.010239685 0.999835908 69.292770386
0.999877453 0.002216986 0.015495641 0.256858110 -0.002056098 0.999943912 -0.010390943 -1.396294475 -0.015517810 0.010357809 0.999825954 69.826133728
0.999878705 0.002137044 0.015420380 0.279616356 -0.001974489 0.999942362 -0.010549112 -1.418118000 -0.015442037 0.010517385 0.999825478 70.375900269
0.999873877 0.001834520 0.015773904 0.289875150 -0.001677490 0.999949098 -0.009962604 -1.440772533 -0.015791375 0.009934889 0.999825895 70.894348145
0.999883771 0.003729793 0.014780796 0.335465372 -0.003589359 0.999948263 -0.009516391 -1.465804577 -0.014815525 0.009462232 0.999845445 71.425415039
0.999873102 0.002559441 0.015723027 0.342440367 -0.002405047 0.999948800 -0.009830657 -1.479485035 -0.015747383 0.009791595 0.999828041 71.956039429
0.999864995 0.002702371 0.016209397 0.355404019 -0.002547074 0.999950707 -0.009593719 -1.501911879 -0.016234525 0.009551136 0.999822617 72.498252869
0.999866903 0.002943645 0.016046876 0.384370744 -0.002777111 0.999942183 -0.010390399 -1.504250526 -0.016076533 0.010344452 0.999817252 73.026596069
0.999877393 0.002981286 0.015370081 0.399262846 -0.002824956 0.999944210 -0.010182790 -1.523448706 -0.015399580 0.010138121 0.999830008 73.554489136
0.999879897 0.002756194 0.015246435 0.440220237 -0.002600161 0.999944150 -0.010244559 -1.555448055 -0.015273819 0.010203687 0.999831259 74.090934753
0.999868333 0.002890202 0.015962219 0.459783435 -0.002734419 0.999948502 -0.009772733 -1.575648665 -0.015989643 0.009727800 0.999824822 74.619392395
0.999881089 0.001857002 0.015304211 0.486989021 -0.001701934 0.999947131 -0.010139259 -1.597002506 -0.015322231 0.010112007 0.999831498 75.172180176
0.999879181 0.001860741 0.015434228 0.503925622 -0.001718284 0.999955833 -0.009238054 -1.630000114 -0.015450737 0.009210418 0.999838173 75.678024292
0.999870718 0.003507685 0.015690494 0.521383524 -0.003370339 0.999955773 -0.008771216 -1.653025866 -0.015720569 0.008717200 0.999838412 76.201805115
0.999866545 0.003675887 0.015918192 0.541738391 -0.003538868 0.999956429 -0.008627339 -1.678223848 -0.015949214 0.008569855 0.999836028 76.728797913
0.999876082 0.002458581 0.015543683 0.571368992 -0.002311252 0.999952316 -0.009489274 -1.683441281 -0.015566273 0.009452174 0.999834120 77.282424927
0.999889195 0.002238525 0.014718723 0.598059475 -0.002097006 0.999951422 -0.009623286 -1.705043197 -0.014739552 0.009591355 0.999845326 77.807037354
0.999889076 0.002697168 0.014642248 0.619016349 -0.002562081 0.999954045 -0.009236695 -1.732500076 -0.014666488 0.009198157 0.999850094 78.342147827
0.999881506 0.003026752 0.015092548 0.637089849 -0.002890118 0.999954700 -0.009066769 -1.754179120 -0.015119309 0.009022076 0.999844909 78.875236511
0.999885380 0.002786277 0.014882621 0.658391416 -0.002647997 0.999953210 -0.009303073 -1.772262812 -0.014907846 0.009262597 0.999845982 79.406875610
0.999885559 0.002361404 0.014943469 0.681182086 -0.002226063 0.999956429 -0.009066991 -1.793926239 -0.014964228 0.009032689 0.999847174 79.940139771
0.999865294 0.003487251 0.016046723 0.699877203 -0.003340868 0.999952614 -0.009140040 -1.810045242 -0.016077839 0.009085197 0.999829471 80.481536865
0.999844193 0.003630454 0.017273821 0.723164737 -0.003475860 0.999953687 -0.008971259 -1.831880689 -0.017305588 0.008909820 0.999810576 81.008537292
0.999814749 0.003704051 0.018887486 0.737768888 -0.003527571 0.999949872 -0.009368514 -1.848585486 -0.018921239 0.009300153 0.999777675 81.547714233
0.999782860 0.004107038 0.020426819 0.759901583 -0.003922780 0.999951303 -0.009052237 -1.874943256 -0.020463001 0.008970142 0.999750376 82.069129944
0.999706209 0.004146068 0.023880297 0.787490129 -0.003919271 0.999946773 -0.009536198 -1.890636325 -0.023918564 0.009439804 0.999669254 82.616508484
0.999624550 0.004005183 0.027106168 0.820742846 -0.003762033 0.999952257 -0.009015322 -1.913836002 -0.027140982 0.008909962 0.999591887 83.157531738
0.999529302 0.003968197 0.030418020 0.852068901 -0.003703949 0.999954939 -0.008738584 -1.941723108 -0.030451326 0.008621804 0.999499083 83.662002563
0.999362171 0.004514483 0.035424162 0.882718801 -0.004197355 0.999950469 -0.009021617 -1.955799699 -0.035463136 0.008867174 0.999331653 84.213470459
0.999143302 0.004302673 0.041160688 0.926992178 -0.003961139 0.999957085 -0.008375557 -1.989119530 -0.041194964 0.008205339 0.999117374 84.743980408
0.998906851 0.003893893 0.046582740 0.974428892 -0.003553269 0.999966383 -0.007392815 -2.019538641 -0.046609960 0.007219213 0.998887062 85.272514343
0.998619616 0.004780881 0.052306298 1.018089533 -0.004328731 0.999952316 -0.008754211 -2.024918079 -0.052345656 0.008515706 0.998592734 85.876197815
0.998163581 0.004788811 0.060385086 1.064098835 -0.004251389 0.999950230 -0.009025237 -2.042770386 -0.060425293 0.008751944 0.998134315 86.423316956
0.997650802 0.004439092 0.068360321 1.121933937 -0.003854128 0.999954760 -0.008686567 -2.068440199 -0.068395808 0.008402690 0.997622907 86.971107483
0.997136593 0.004368640 0.075494684 1.174042702 -0.003691717 0.999951720 -0.009103728 -2.082534552 -0.075530812 0.008798957 0.997104585 87.511253357
0.996430337 0.004695847 0.084288441 1.234189987 -0.003955304 0.999952137 -0.008950694 -2.100496531 -0.084326439 0.008585356 0.996401191 88.057182312
0.995526850 0.003960044 0.094395734 1.308717251 -0.003106496 0.999952972 -0.009187475 -2.115303040 -0.094427660 0.008853138 0.995492339 88.599494934
0.994680524 0.003529728 0.102947555 1.375799179 -0.002565931 0.999951661 -0.009492954 -2.130940199 -0.102976091 0.009178300 0.994641483 89.139472961
0.993839502 0.003592933 0.110770047 1.453536034 -0.002505805 0.999947309 -0.009951927 -2.150128603 -0.110799961 0.009613050 0.993796229 89.691818237
0.992583334 0.002918412 0.121531285 1.541412354 -0.001756683 0.999951720 -0.009665142 -2.168725729 -0.121553645 0.009379967 0.992540538 90.226074219
0.991254330 0.003184511 0.131926954 1.631405830 -0.001953159 0.999953330 -0.009461937 -2.190780401 -0.131950930 0.009121511 0.991214275 90.768707275
0.990045249 0.002910870 0.140719026 1.733767509 -0.001548483 0.999950886 -0.009790131 -2.208251953 -0.140740588 0.009474771 0.990001142 91.315132141
0.988377392 0.002781298 0.151994124 1.836271286 -0.001421576 0.999957979 -0.009053821 -2.235196829 -0.152012944 0.008732522 0.988339901 91.847389221
0.986469626 0.002383722 0.163926750 1.944754601 -0.000850030 0.999955177 -0.009425466 -2.252516508 -0.163941890 0.009158594 0.986427426 92.388824463
0.984630287 0.002164292 0.174638212 2.062651634 -0.000525609 0.999955356 -0.009429010 -2.270804167 -0.174650833 0.009192296 0.984587550 92.939659119
0.982684314 0.002729962 0.185267642 2.181278229 -0.001090709 0.999959350 -0.008949374 -2.293315172 -0.185284540 0.008592336 0.982647359 93.491363525
0.980216682 0.002071816 0.197916582 2.314317703 -0.000241357 0.999956965 -0.009272312 -2.311556816 -0.197927251 0.009041106 0.980175018 94.012588501
0.977600336 0.002067176 0.210459530 2.448158264 -0.000166367 0.999958992 -0.009049010 -2.333257437 -0.210469574 0.008811302 0.977560699 94.556427002
0.975276232 0.001648613 0.220983207 2.585470200 0.000444726 0.999955475 -0.009422747 -2.348751545 -0.220988914 0.009288059 0.975232065 95.087844849
0.972299039 0.001640222 0.233734399 2.743799210 0.000544429 0.999956727 -0.009281897 -2.362290382 -0.233739495 0.009152032 0.972256184 95.619491577
0.969112158 0.000987705 0.246618718 2.898334503 0.001058781 0.999966085 -0.008165436 -2.390002012 -0.246618405 0.008174339 0.969078183 96.087608337
0.965974867 0.001084047 0.258633554 3.057699203 0.001142893 0.999963582 -0.008459895 -2.398827314 -0.258633316 0.008467637 0.965938449 96.658050537
0.963038027 0.000371180 0.269365251 3.248073578 0.002079462 0.999959111 -0.008812438 -2.428405762 -0.269357532 0.009046849 0.962997735 97.200363159
0.959067106 0.000963256 0.283177018 3.419458389 0.001612299 0.999959350 -0.008862014 -2.442908764 -0.283174098 0.008955832 0.959026694 97.719825745
0.955447197 0.000910499 0.295160681 3.600439072 0.001801720 0.999958634 -0.008916867 -2.460890770 -0.295156538 0.009051392 0.955406070 98.237503052
0.951876104 0.000209882 0.306483001 3.797714233 0.002476713 0.999961793 -0.008376968 -2.490919828 -0.306473047 0.008732906 0.951839268 98.758422852
0.947254360 0.000731018 0.320482254 3.992700577 0.001904589 0.999966919 -0.007910338 -2.511810541 -0.320477456 0.008103488 0.947221518 99.285186768
0.942680776 0.000017051 0.333696157 4.200515747 0.002701108 0.999966860 -0.007681639 -2.535547256 -0.333685189 0.008142682 0.942649484 99.774642944
0.938408136 0.000017891 0.345528752 4.417619705 0.003046337 0.999960721 -0.008325201 -2.545169830 -0.345515370 0.008865033 0.938371241 100.309951782
0.933764219 0.000203400 0.357888669 4.642097473 0.003228952 0.999954402 -0.008992938 -2.554693222 -0.357874215 0.009552890 0.933721006 100.824729919
0.928046286 -0.000437371 0.372464389 4.869764328 0.004072482 0.999951422 -0.008972947 -2.579226732 -0.372442394 0.009844165 0.928003073 101.343101501
0.923313022 -0.000941669 0.384046853 5.098114014 0.004442285 0.999956310 -0.008228143 -2.602716208 -0.384022325 0.009303197 0.923276901 101.833816528
0.918255746 -0.001285065 0.395985574 5.336708069 0.005134788 0.999949396 -0.008662053 -2.615673542 -0.395954430 0.009987283 0.918215811 102.340888977
0.912168741 -0.001730438 0.409811139 5.585075378 0.005441600 0.999954045 -0.007889728 -2.646562815 -0.409778714 0.009426791 0.912136257 102.845832825
0.906078100 -0.002347611 0.423104048 5.833274841 0.006173698 0.999951541 -0.007672712 -2.664348602 -0.423065573 0.009564194 0.906048596 103.330184937
0.900785744 -0.002636362 0.434255749 6.101024628 0.006735907 0.999946117 -0.007901770 -2.684142113 -0.434211493 0.010042909 0.900754988 103.839340210
0.894089520 -0.003425077 0.447875172 6.364994049 0.007856568 0.999936819 -0.008037096 -2.698641300 -0.447819293 0.010704646 0.894060016 104.322341919
0.886950612 -0.002993627 0.461854577 6.642379761 0.007648804 0.999937177 -0.008207503 -2.715519905 -0.461800903 0.010812285 0.886917770 104.827789307
0.881366134 -0.003931626 0.472417474 6.913364410 0.008334690 0.999939263 -0.007227776 -2.749187231 -0.472360313 0.010307771 0.881345272 105.265068054
0.875519931 -0.004465763 0.483161151 7.196739197 0.009172873 0.999930739 -0.007379693 -2.758871555 -0.483094722 0.010893046 0.875500262 105.747070312
0.868162215 -0.004304534 0.496261895 7.500270844 0.008911397 0.999936342 -0.006916263 -2.793398142 -0.496200591 0.010426824 0.868145287 106.204551697
