1.000000000 0.000000000 0.000000000 0.000000000 0.000000000 1.000000000 0.000000000 0.000000000 0.000000000 0.000000000 1.000000000 0.000000000
1.000000000 0.000143849 0.000117456 -0.003216171 -0.000143835 1.000000000 -0.000118245 0.003218113 -0.000117473 0.000118228 1.000000000 0.004661587
1.000000000 0.000030372 0.000022951 0.000223239 -0.000030369 1.000000000 -0.000120938 0.002166678 -0.000022955 0.000120937 1.000000000 0.004564770
0.999999940 0.000256646 0.000083630 0.000218482 -0.000256642 0.999999940 -0.000046406 0.001803809 -0.000083642 0.000046385 1.000000000 -0.001641509
0.999999940 0.000213923 0.000158475 -0.001635998 -0.000213942 0.999999940 0.000118705 0.000294529 -0.000158449 -0.000118739 1.000000000 -0.000530170
1.000000000 0.000057307 0.000062036 -0.000518516 -0.000057312 1.000000000 0.000092021 0.001328882 -0.000062031 -0.000092024 1.000000000 0.000899609
1.000000000 0.000067931 0.000219577 -0.006673385 -0.000067905 1.000000000 -0.000118428 0.002940826 -0.000219585 0.000118413 0.999999940 0.003199603
1.000000000 0.000022950 0.000057297 -0.000545859 -0.000022953 1.000000000 0.000041559 0.001313267 -0.000057296 -0.000041560 1.000000000 -0.000685139
1.000000000 -0.000020698 0.000154808 -0.004700747 0.000020706 1.000000000 -0.000045492 0.001892069 -0.000154807 0.000045495 1.000000000 0.002460913
0.999999940 0.000142721 0.000281297 -0.004544544 -0.000142681 1.000000000 -0.000144463 0.001682097 -0.000281317 0.000144423 0.999999940 0.000084752
1.000000000 0.000125703 0.000086198 0.000921134 -0.000125701 1.000000000 -0.000022397 0.000983951 -0.000086201 0.000022386 1.000000000 -0.003290568
1.000000000 0.000126871 0.000185206 -0.003740216 -0.000126860 1.000000000 -0.000059505 0.001792889 -0.000185214 0.000059481 1.000000000 -0.002986012
1.000000000 0.000051294 0.000097059 -0.002625425 -0.000051302 1.000000000 0.000076299 -0.000811579 -0.000097055 -0.000076304 1.000000000 -0.007395467
1.000000000 -0.000102886 0.000089029 -0.002394156 0.000102884 1.000000000 0.000025369 -0.000420766 -0.000089032 -0.000025360 1.000000000 -0.001899526
1.000000000 -0.000028083 0.000085279 -0.001128407 0.000028086 1.000000000 -0.000044624 0.000782692 -0.000085277 0.000044626 1.000000000 -0.004271971
1.000000000 -0.000194262 -0.000113522 0.002318035 0.000194263 1.000000000 0.000008092 0.001300478 0.000113520 -0.000008114 1.000000000 -0.007606203
0.999999940 -0.000258554 -0.000067343 0.001529924 0.000258557 0.999999940 0.000038271 -0.001201168 0.000067333 -0.000038288 1.000000000 -0.008427066
1.000000000 -0.000093788 0.000081050 -0.001570904 0.000093784 1.000000000 0.000058270 -0.000928439 -0.000081056 -0.000058263 1.000000000 -0.005714325
1.000000000 -0.000006330 0.000004031 0.000029479 0.000006330 1.000000000 0.000044290 0.001442621 -0.000004031 -0.000044289 1.000000000 -0.006075207
1.000000000 -0.000211297 -0.000069294 -0.000357201 0.000211300 1.000000000 0.000032763 -0.000881205 0.000069287 -0.000032778 1.000000000 -0.008004441
1.000000000 -0.000027416 0.000034760 -0.000825579 0.000027416 1.000000000 -0.000014181 0.000113094 -0.000034759 0.000014181 1.000000000 -0.006273488
1.000000000 -0.000200537 0.000070114 -0.000415323 0.000200532 1.000000000 0.000075549 -0.001872286 -0.000070129 -0.000075535 1.000000000 -0.005335897
1.000000000 0.000052370 0.000099294 -0.003152436 -0.000052371 1.000000000 0.000006242 -0.000079328 -0.000099294 -0.000006248 1.000000000 0.000287456
1.000000000 -0.000170591 -0.000045037 0.000287036 0.000170592 1.000000000 0.000024098 -0.001018687 0.000045033 -0.000024106 1.000000000 -0.002319084
1.000000000 -0.000104876 0.000027048 -0.001517451 0.000104874 1.000000000 0.000083158 0.001080332 -0.000027056 -0.000083155 1.000000000 0.001669186
1.000000000 -0.000091999 -0.000056001 0.002943038 0.000091997 1.000000000 -0.000038564 0.000801451 0.000056004 0.000038559 1.000000000 -0.007026793
1.000000000 -0.000231463 0.000056458 -0.003325434 0.000231467 0.999999940 -0.000079639 0.001463759 -0.000056440 0.000079652 1.000000000 -0.001009968
1.000000000 0.000144924 0.000168781 -0.004625528 -0.000144899 1.000000000 -0.000148583 0.001885482 -0.000168802 0.000148559 1.000000000 -0.000807912
1.000000000 -0.000006896 0.000118339 -0.004111643 0.000006889 1.000000000 0.000060402 0.000604201 -0.000118340 -0.000060402 1.000000000 -0.001322960
0.999999940 -0.000215507 -0.000119420 0.002762149 0.000215513 1.000000000 0.000051528 0.001865174 0.000119409 -0.000051554 1.000000000 -0.006382345
1.000000000 -0.000123984 0.000090190 -0.003295037 0.000123985 1.000000000 -0.000008947 0.001402085 -0.000090189 0.000008958 1.000000000 0.000286805
1.000000000 -0.000167737 0.000076278 -0.003462300 0.000167725 1.000000000 0.000165358 0.000085735 -0.000076306 -0.000165345 1.000000000 0.002219914
1.000000000 -0.000096502 0.000069678 -0.003954380 0.000096492 1.000000000 0.000142565 -0.000448366 -0.000069692 -0.000142558 1.000000000 -0.004163578
1.000000000 -0.000171599 -0.000044015 -0.001712806 0.000171602 1.000000000 0.000058792 0.001713879 0.000044005 -0.000058799 1.000000000 -0.001748509
1.000000000 0.000036176 0.000054096 -0.003489896 -0.000036176 1.000000000 -0.000005628 0.000088022 -0.000054096 0.000005626 1.000000000 0.001092845
1.000000000 -0.000078347 0.000096105 -0.004457711 0.000078345 1.000000000 0.000019023 0.001225369 -0.000096107 -0.000019016 1.000000000 -0.000292297
1.000000000 -0.000024513 0.000073613 -0.006403414 0.000024512 1.000000000 0.000006884 0.002596572 -0.000073614 -0.000006882 1.000000000 0.000566019
1.000000000 0.000019475 0.000085792 -0.003059509 -0.000019468 1.000000000 -0.000085166 0.003006038 -0.000085794 0.000085164 1.000000000 -0.001720842
1.000000000 -0.000152230 0.000135068 -0.003659597 0.000152220 1.000000000 0.000074725 0.000816660 -0.000135079 -0.000074704 1.000000000 -0.001898792
1.000000000 0.000012282 0.000053042 -0.001363557 -0.000012301 0.999999940 0.000348062 -0.001327450 -0.000053038 -0.000348063 0.999999940 -0.006593784
0.999999940 -0.000301317 -0.000098587 -0.000462457 0.000301326 0.999999940 0.000091422 -0.000883965 0.000098560 -0.000091452 1.000000000 -0.002452394
1.000000000 0.000095168 0.000073513 0.003026883 -0.000095127 0.999999821 -0.000547640 -0.005325114 -0.000073565 0.000547633 0.999999821 0.049910661
1.000000000 -0.000002245 -0.000044325 0.001110581 0.000002184 0.999999046 -0.001368836 -0.003448481 0.000044328 0.001368836 0.999999046 0.146245435
1.000000000 -0.000099912 0.000004024 0.002427419 0.000099918 0.999998868 -0.001513815 -0.008956980 -0.000003873 0.001513815 0.999998868 0.266579807
1.000000000 -0.000132018 0.000146076 0.001255961 0.000132222 0.999998987 -0.001398279 -0.015269572 -0.000145891 0.001398298 0.999998987 0.393701822
1.000000000 0.000083995 -0.000214555 0.006943647 -0.000084257 0.999999225 -0.001220571 -0.018691527 0.000214453 0.001220589 0.999999225 0.536807775
1.000000000 -0.000017553 -0.000072628 0.016101759 0.000017476 0.999999464 -0.001061881 -0.027033010 0.000072646 0.001061879 0.999999404 0.694850147
0.999999762 -0.000666791 -0.000109686 0.020684471 0.000666730 0.999999642 -0.000556040 -0.033568688 0.000110057 0.000555966 0.999999821 0.851073146
0.999999881 -0.000198836 -0.000392142 0.028657928 0.000198627 0.999999821 -0.000533186 -0.037239857 0.000392248 0.000533108 0.999999762 1.033932328
1.000000000 -0.000026666 -0.000080098 0.021853199 0.000026626 0.999999881 -0.000503037 -0.043911990 0.000080111 0.000503035 0.999999881 1.220705509
0.999999821 -0.000402442 -0.000388042 0.033779249 0.000402231 0.999999762 -0.000543105 -0.045332119 0.000388260 0.000542949 0.999999762 1.432710767
0.999999344 -0.000591068 -0.000974248 0.049993105 0.000591044 0.999999821 -0.000025243 -0.052708432 0.000974262 0.000024668 0.999999523 1.604602575
0.999998927 -0.000785466 0.001213635 0.003866568 0.000782251 0.999996126 0.002647722 -0.104299918 -0.001215710 -0.002646769 0.999995768 1.692074895
0.999998868 -0.001272245 0.000828431 0.012722705 0.001269761 0.999994695 0.002991098 -0.112673409 -0.000832232 -0.002990043 0.999995112 1.894469380
0.999998927 -0.001235026 0.000846239 0.021385206 0.001232626 0.999995232 0.002831368 -0.120209560 -0.000849732 -0.002830321 0.999995649 2.115951777
0.999998927 -0.001055208 0.001038527 0.026820453 0.001052274 0.999995470 0.002821387 -0.116752982 -0.001041499 -0.002820290 0.999995470 2.317599535
0.999999344 -0.000782248 0.000869328 0.026190968 0.000779813 0.999995708 0.002797343 -0.125094935 -0.000871513 -0.002796663 0.999995708 2.568206787
0.999998093 -0.001737789 0.000871927 0.042258658 0.001734748 0.999992430 0.003475824 -0.134474084 -0.000877961 -0.003474305 0.999993563 2.774730444
0.999998271 -0.001614693 0.000944007 0.050696932 0.001611483 0.999992907 0.003390744 -0.139328882 -0.000949476 -0.003389216 0.999993801 3.018038750
0.999998271 -0.001730030 0.000677636 0.061338227 0.001727902 0.999993622 0.003128556 -0.142945826 -0.000683044 -0.003127380 0.999994814 3.264838696
0.999998569 -0.001528424 0.000743161 0.067234710 0.001525951 0.999993324 0.003317831 -0.153879955 -0.000748227 -0.003316692 0.999994159 3.520091534
0.999998927 -0.001411234 0.000376766 0.077852882 0.001410124 0.999994695 0.002929691 -0.146763742 -0.000380898 -0.002929157 0.999995649 3.760298014
0.999996722 -0.002527104 0.000335373 0.078741319 0.002525983 0.999991357 0.003303402 -0.160467997 -0.000343718 -0.003302544 0.999994516 4.015918255
0.999998271 -0.001734768 0.000481296 0.089020461 0.001733149 0.999992847 0.003344550 -0.161097169 -0.000487095 -0.003343711 0.999994278 4.286021233
0.999997020 -0.002434205 0.000248845 0.099506013 0.002433292 0.999990523 0.003607015 -0.170282811 -0.000257623 -0.003606399 0.999993563 4.556184292
0.999996066 -0.002733675 0.000616314 0.085867114 0.002730648 0.999984384 0.004860175 -0.209593371 -0.000629591 -0.004858472 0.999988019 4.787724018
0.999995887 -0.002801505 0.000620650 0.092412874 0.002798515 0.999984682 0.004767651 -0.212584212 -0.000633998 -0.004765894 0.999988437 5.042711735
0.999996901 -0.002428845 0.000549788 0.093633801 0.002426101 0.999984860 0.004937752 -0.221047163 -0.000561773 -0.004936403 0.999987662 5.305234909
0.999994934 -0.003058426 0.000795197 0.098081321 0.003054559 0.999983668 0.004819222 -0.226719558 -0.000809923 -0.004816770 0.999988019 5.568420410
0.999996662 -0.002382841 0.001026148 0.095614433 0.002377846 0.999985516 0.004842160 -0.232851103 -0.001037672 -0.004839704 0.999987781 5.854894638
0.999997675 -0.001487734 0.001507310 0.102521956 0.001480929 0.999988735 0.004505792 -0.247660339 -0.001513996 -0.004503550 0.999988735 6.147364140
0.999996722 -0.002025380 0.001541208 0.104273066 0.002017621 0.999985337 0.005019520 -0.256127179 -0.001551352 -0.005016394 0.999986231 6.427475929
0.999996483 -0.002315412 0.001270639 0.120588720 0.002309387 0.999986172 0.004723231 -0.268885046 -0.001281558 -0.004720280 0.999988019 6.716715813
0.999996006 -0.002326678 0.001604188 0.130532831 0.002319153 0.999986410 0.004676802 -0.268241823 -0.001615048 -0.004673064 0.999987781 7.005526066
0.999995291 -0.002764991 0.001321740 0.143649057 0.002758580 0.999984503 0.004827989 -0.284265816 -0.001335070 -0.004824320 0.999987423 7.302682400
0.999996603 -0.002127358 0.001496359 0.151884302 0.002119640 0.999984503 0.005140881 -0.307741106 -0.001507273 -0.005137692 0.999985635 7.630907059
0.999997854 -0.001701069 0.001174961 0.170072079 0.001694349 0.999982357 0.005696474 -0.326689899 -0.001184630 -0.005694471 0.999983072 7.941336632
0.999996424 -0.002367490 0.001200893 0.170246109 0.002360955 0.999982536 0.005414601 -0.328901768 -0.001213692 -0.005411746 0.999984682 8.267520905
0.999997020 -0.002148987 0.001173301 0.172168389 0.002143073 0.999985039 0.005018719 -0.327135324 -0.001184069 -0.005016188 0.999986768 8.611777306
0.999997199 -0.001318684 0.001956759 0.172829390 0.001307672 0.999983370 0.005618243 -0.335675240 -0.001964135 -0.005615668 0.999982357 8.939594269
0.999997377 -0.001233279 0.001905428 0.187693760 0.001221731 0.999980986 0.006049937 -0.354302287 -0.001912853 -0.006047593 0.999979913 9.271744728
0.999997616 -0.001656579 0.001408571 0.208531469 0.001648926 0.999983907 0.005417105 -0.357320219 -0.001417523 -0.005414770 0.999984324 9.633534431
0.999998093 -0.001858212 0.000602242 0.221458450 0.001855026 0.999984443 0.005248150 -0.365689009 -0.000611985 -0.005247022 0.999986053 9.978610039
0.999998271 -0.001143043 0.001421664 0.213328540 0.001135597 0.999985635 0.005226819 -0.375559539 -0.001427618 -0.005225196 0.999985337 10.345486641
0.999997437 -0.002026875 0.001085708 0.227189511 0.002020708 0.999982119 0.005651615 -0.385981530 -0.001097143 -0.005649407 0.999983370 10.714718819
0.999997616 -0.001957658 0.001023643 0.239282176 0.001951744 0.999981642 0.005746585 -0.387835622 -0.001034874 -0.005744573 0.999982953 11.106696129
0.999996841 -0.002034707 0.001515138 0.232083112 0.002025218 0.999978542 0.006238278 -0.413450122 -0.001527799 -0.006235189 0.999979436 11.468963623
0.999996901 -0.002002814 0.001472913 0.258588076 0.001993656 0.999978960 0.006192527 -0.417316139 -0.001485285 -0.006189572 0.999979734 11.818682671
0.999997318 -0.001619369 0.001640714 0.265349030 0.001608627 0.999977469 0.006527669 -0.424874425 -0.001651248 -0.006525013 0.999977350 12.206459999
0.999996662 -0.001939256 0.001723174 0.279855371 0.001927519 0.999975085 0.006787368 -0.439246535 -0.001736294 -0.006784024 0.999975443 12.589797020
0.999996603 -0.002272666 0.001282868 0.304664850 0.002264520 0.999977529 0.006315769 -0.438830972 -0.001297193 -0.006312842 0.999979258 12.987933159
0.999994099 -0.003317448 0.000912810 0.314676315 0.003310602 0.999967158 0.007401323 -0.458787829 -0.000937333 -0.007398257 0.999972165 13.360170364
0.999996424 -0.001634442 0.002098510 0.324391454 0.001619244 0.999972582 0.007223601 -0.458529741 -0.002110259 -0.007220177 0.999971688 13.783640862
0.999996960 -0.000838950 0.002322661 0.314291835 0.000821679 0.999972165 0.007426687 -0.504264653 -0.002328826 -0.007424756 0.999969721 14.227730751
0.999994934 -0.002588132 0.001860097 0.339947432 0.002576577 0.999977469 0.006188349 -0.484343946 -0.001876071 -0.006183525 0.999979079 14.660696030
0.999992073 -0.003444497 0.002019126 0.352891266 0.003430582 0.999970615 0.006855053 -0.498828173 -0.002042679 -0.006848072 0.999974430 15.081316948
0.999991715 -0.003652431 0.001791599 0.368275762 0.003640523 0.999971569 0.006604889 -0.505554557 -0.001815671 -0.006598312 0.999976575 15.489426613
0.999993801 -0.001853183 0.003015086 0.375228405 0.001833967 0.999978065 0.006363640 -0.511987865 -0.003026813 -0.006358071 0.999975264 15.951508522
0.999991357 -0.000900685 0.004046041 0.348122686 0.000873480 0.999977052 0.006720623 -0.537857473 -0.004052001 -0.006717031 0.999969244 16.414793015
0.999991596 -0.001657457 0.003752772 0.381158024 0.001633361 0.999978065 0.006414996 -0.533844829 -0.003763322 -0.006408813 0.999972343 16.885110855
0.999989986 -0.003166004 0.003167642 0.413247436 0.003144455 0.999972045 0.006785000 -0.560865879 -0.003189035 -0.006774971 0.999971986 17.310747147
0.999989450 -0.003120365 0.003357677 0.423671812 0.003096128 0.999969304 0.007199538 -0.572751164 -0.003380040 -0.007189067 0.999968469 17.767944336
0.999988317 -0.003052861 0.003752436 0.431316495 0.003025214 0.999968410 0.007351574 -0.585921228 -0.003774762 -0.007340136 0.999965906 18.244995117
0.999986172 -0.003294498 0.004110269 0.447156012 0.003265588 0.999969959 0.007020742 -0.589554369 -0.004133276 -0.007007222 0.999966919 18.707002640
0.999986589 -0.003600077 0.003728690 0.472468555 0.003574983 0.999971032 0.006715104 -0.607555747 -0.003752757 -0.006701684 0.999970555 19.160116196
0.999986768 -0.002715803 0.004365259 0.481478959 0.002680771 0.999964356 0.008011129 -0.623725951 -0.004386860 -0.007999321 0.999958456 19.652538300
0.999990225 -0.002734644 0.003456277 0.500330925 0.002705763 0.999961615 0.008333309 -0.642559052 -0.003478932 -0.008323876 0.999959290 20.130357742
0.999989569 -0.002587045 0.003756471 0.507723808 0.002553241 0.999956429 0.008975996 -0.662868381 -0.003779530 -0.008966311 0.999952674 20.612342834
0.999989510 -0.002074959 0.004082414 0.503728449 0.002041110 0.999963641 0.008278272 -0.668039918 -0.004099443 -0.008269855 0.999957383 21.132793427
0.999992430 -0.002006828 0.003345742 0.512295544 0.001976820 0.999957919 0.008948386 -0.690815449 -0.003363559 -0.008941704 0.999954343 21.665258408
0.999992728 -0.002482388 0.002874153 0.551383197 0.002457970 0.999961138 0.008468425 -0.688235462 -0.002895063 -0.008461300 0.999959946 22.164043427
0.999993026 -0.002316967 0.002916068 0.555427313 0.002292125 0.999961317 0.008493585 -0.695623279 -0.002935635 -0.008486840 0.999959648 22.700796127
0.999993026 -0.002537705 0.002738570 0.555246055 0.002512991 0.999956489 0.008990295 -0.717613518 -0.002761266 -0.008983351 0.999955773 23.225309372
0.999995768 -0.001805735 0.002270380 0.557152629 0.001785630 0.999959469 0.008826131 -0.729688287 -0.002286226 -0.008822041 0.999958396 23.762565613
0.999991477 -0.004118453 0.000346456 0.601636410 0.004115290 0.999953866 0.008679970 -0.728932858 -0.000382188 -0.008678471 0.999962270 24.205717087
0.999993145 -0.003694101 -0.000055782 0.605728090 0.003694458 0.999950588 0.009236884 -0.741073489 0.000021657 -0.009237028 0.999957323 24.742841721
0.999996841 -0.002485964 -0.000365726 0.625573218 0.002489143 0.999956727 0.008963877 -0.738261342 0.000343427 -0.008964759 0.999959767 25.279100418
0.999999344 -0.001039353 -0.000606105 0.613102555 0.001044710 0.999959826 0.008905615 -0.760013819 0.000596824 -0.008906242 0.999960184 25.758346558
0.999989152 -0.004159199 -0.002064152 0.665409684 0.004178179 0.999948204 0.009278107 -0.747683287 0.002025456 -0.009286633 0.999954760 26.276643753
0.999990046 -0.004003843 -0.001945417 0.675926805 0.004021937 0.999947846 0.009388323 -0.750578046 0.001907726 -0.009396057 0.999953985 26.828884125
0.999991715 -0.003378486 -0.002226373 0.673129380 0.003399608 0.999948621 0.009553161 -0.766993165 0.002193983 -0.009560652 0.999951899 27.417236328
0.999991953 -0.002694675 -0.002973670 0.710903943 0.002723401 0.999949217 0.009698963 -0.788286090 0.002947383 -0.009706982 0.999948561 27.910263062
0.999989092 -0.003115582 -0.003482752 0.736595452 0.003149702 0.999946654 0.009834890 -0.800927758 0.003451925 -0.009845751 0.999945581 28.483800888
0.999971330 -0.005120782 -0.005582592 0.818316817 0.005170167 0.999947309 0.008868106 -0.750250340 0.005536886 -0.008896716 0.999945104 28.982761383
0.999970138 -0.005081427 -0.005831082 0.827378869 0.005133112 0.999947369 0.008883188 -0.765595019 0.005785636 -0.008912855 0.999943554 29.535497665
0.999962032 -0.005428865 -0.006818038 0.844409585 0.005487257 0.999948204 0.008574879 -0.765778065 0.006771133 -0.008611966 0.999940038 30.099044800
0.999964356 -0.004716475 -0.007002180 0.883551478 0.004779530 0.999947906 0.009015821 -0.799081028 0.006959292 -0.009048968 0.999934852 30.614973068
0.999982178 -0.002929762 -0.005192585 0.814125419 0.002984094 0.999940574 0.010486749 -0.871058345 0.005161551 -0.010502057 0.999931514 31.063341141
0.999980450 -0.002866052 -0.005563788 0.826980829 0.002925075 0.999939263 0.010629586 -0.887474775 0.005532984 -0.010645651 0.999928057 31.602336884
0.999979854 -0.003127896 -0.005517174 0.841528356 0.003185090 0.999940932 0.010388530 -0.900461316 0.005484354 -0.010405892 0.999930859 32.165187836
0.999982536 -0.002473609 -0.005359417 0.814925730 0.002527522 0.999945998 0.010076191 -0.890857100 0.005334203 -0.010089560 0.999934852 32.682800293
0.999978840 -0.002430786 -0.006034723 0.823103845 0.002491887 0.999945462 0.010138054 -0.923537076 0.006009751 -0.010152876 0.999930382 33.216373444
0.999975383 -0.003219379 -0.006246013 0.826503217 0.003282341 0.999943674 0.010096407 -0.933061242 0.006213157 -0.010116661 0.999929488 33.784740448
0.999979138 -0.002595750 -0.005908126 0.839101315 0.002658240 0.999940395 0.010593724 -0.945294976 0.005880275 -0.010609209 0.999926448 34.326885223
0.999978960 -0.002340810 -0.006056662 0.833790660 0.002399659 0.999949872 0.009727347 -0.931689858 0.006033589 -0.009741675 0.999934375 34.898124695
0.999974668 -0.002164942 -0.006780866 0.874181986 0.002233124 0.999946833 0.010063639 -0.941042662 0.006758718 -0.010078526 0.999926388 35.414142609
0.999972582 -0.003266253 -0.006648461 0.822596610 0.003336391 0.999938607 0.010566010 -0.982259333 0.006613541 -0.010587903 0.999922037 35.923427582
0.999974251 -0.002733716 -0.006641770 0.823873520 0.002806742 0.999935448 0.011010763 -0.999684215 0.006611241 -0.011029121 0.999917328 36.471336365
0.999979138 -0.001629198 -0.006249505 0.833897829 0.001689815 0.999951422 0.009706491 -0.984784186 0.006233387 -0.009716849 0.999933422 37.006954193
0.999977469 -0.002418497 -0.006265671 0.845994711 0.002481695 0.999945939 0.010098320 -1.006470919 0.006240909 -0.010113643 0.999929368 37.584136963
0.999974012 -0.002710362 -0.006670196 0.838141322 0.002784154 0.999934733 0.011078672 -1.039234161 0.006639733 -0.011096957 0.999916315 38.069004059
0.999972045 -0.002627315 -0.006991745 0.842531562 0.002701246 0.999940276 0.010585779 -1.044819474 0.006963516 -0.010604371 0.999919534 38.624397278
0.999971747 -0.002921117 -0.006924806 0.841912389 0.002992001 0.999942958 0.010248168 -1.046183825 0.006894475 -0.010268601 0.999923468 39.134304047
0.999971807 -0.002894855 -0.006935615 0.857324004 0.002970843 0.999935329 0.010970982 -1.073810101 0.006903409 -0.010991276 0.999915719 39.676673889
0.999980867 -0.000633026 -0.006147870 0.872238398 0.000682117 0.999967813 0.007986216 -1.015877485 0.006142617 -0.007990256 0.999949157 40.292259216
0.999967992 -0.003449333 -0.007219366 0.881139398 0.003532966 0.999926448 0.011603971 -1.104436040 0.007178809 -0.011629106 0.999906600 40.766044617
0.999972820 -0.002414215 -0.006960839 0.885870039 0.002490825 0.999936223 0.011018267 -1.096086979 0.006933795 -0.011035306 0.999915063 41.315265656
0.999964893 -0.003284936 -0.007701825 0.906977415 0.003374864 0.999925971 0.011692484 -1.117207170 0.007662846 -0.011718065 0.999902010 41.859153748
0.999967456 -0.002197996 -0.007758856 0.921037614 0.002281601 0.999939382 0.010783215 -1.109462261 0.007734684 -0.010800569 0.999911726 42.406517029
0.999968886 -0.001818816 -0.007666972 0.938905180 0.001892620 0.999951839 0.009630035 -1.105951428 0.007649088 -0.009644247 0.999924242 42.988098145
0.999971628 -0.001153803 -0.007443608 0.934141994 0.001231661 0.999944568 0.010463686 -1.129128695 0.007431123 -0.010472557 0.999917567 43.539039612
0.999963164 -0.001337324 -0.008468529 0.967695951 0.001420030 0.999951303 0.009767952 -1.113242030 0.008455053 -0.009779619 0.999916434 44.105823517
0.999954820 -0.004155663 -0.008550216 0.919727564 0.004254859 0.999923468 0.011616287 -1.172503471 0.008501289 -0.011652142 0.999895990 44.567203522
0.999959290 -0.004282417 -0.007946140 0.935837388 0.004373605 0.999924362 0.011494081 -1.176822424 0.007896316 -0.011528364 0.999902368 45.143161774
0.999954462 -0.004637627 -0.008348064 0.938310087 0.004741207 0.999911427 0.012430923 -1.192510605 0.008289677 -0.012469937 0.999887824 45.641677856
0.999958277 -0.004238504 -0.008090052 0.959472656 0.004333314 0.999921679 0.011737937 -1.190330625 0.008039668 -0.011772503 0.999898374 46.189025879
0.999965250 -0.002539313 -0.007943000 0.965476334 0.002643698 0.999909937 0.013158975 -1.252098322 0.007908870 -0.013179520 0.999881864 46.663402557
0.999964178 -0.002594381 -0.008063199 0.976033568 0.002697494 0.999914408 0.012803627 -1.255408764 0.008029291 -0.012824919 0.999885559 47.204326630
0.999960423 -0.002372593 -0.008566880 0.981656730 0.002476397 0.999923468 0.012126676 -1.258118153 0.008537452 -0.012147413 0.999889791 47.759994507
0.999968171 -0.002319417 -0.007639709 0.972092390 0.002407378 0.999930620 0.011524623 -1.252320528 0.007612451 -0.011542646 0.999904394 48.339908600
0.999973357 -0.001445990 -0.007150997 0.967825055 0.001532461 0.999925613 0.012101476 -1.268143415 0.007132969 -0.012112114 0.999901175 48.861061096
0.999963284 -0.002513541 -0.008195783 1.002621651 0.002618503 0.999914348 0.012821315 -1.286416054 0.008162853 -0.012842302 0.999884188 49.309749603
0.999959886 -0.003142896 -0.008398383 1.007766724 0.003246424 0.999918580 0.012342079 -1.289399624 0.008358910 -0.012368848 0.999888480 49.856258392
0.999968529 -0.001745227 -0.007752404 1.001472950 0.001841425 0.999921262 0.012418992 -1.297273755 0.007730120 -0.012432875 0.999892831 50.403919220
0.999971747 -0.001227264 -0.007427252 1.004330277 0.001317591 0.999925137 0.012168827 -1.303440809 0.007411761 -0.012178268 0.999898374 50.951721191
0.999966681 -0.001615958 -0.008017126 1.018058300 0.001723276 0.999908686 0.013397313 -1.321445704 0.007994747 -0.013410679 0.999878049 51.411689758
0.999967039 -0.001224423 -0.008023476 1.029659033 0.001331239 0.999910295 0.013321226 -1.329679489 0.008006448 -0.013331470 0.999879003 51.960914612
0.999963403 -0.001957419 -0.008326483 1.048602581 0.002059746 0.999922216 0.012298596 -1.311863422 0.008301764 -0.012315297 0.999889672 52.484622955
0.999971032 -0.001081641 -0.007537839 1.025101662 0.001178580 0.999916553 0.012867771 -1.345553398 0.007523293 -0.012876282 0.999888778 53.033370972
0.999966383 -0.001862245 -0.007987850 1.038527012 0.001969927 0.999907017 0.013494017 -1.360644102 0.007961978 -0.013509299 0.999877036 53.474754333
0.999965847 -0.001962377 -0.008033833 1.040283442 0.002069922 0.999908090 0.013400174 -1.365697026 0.008006797 -0.013416346 0.999877930 54.019081116
0.999967396 -0.001450898 -0.007942194 1.050213099 0.001551599 0.999918342 0.012687882 -1.372235417 0.007923136 -0.012699794 0.999887943 54.588779449
0.999968171 -0.001686324 -0.007801560 1.053603053 0.001783567 0.999920607 0.012474381 -1.371116877 0.007779904 -0.012487899 0.999891758 55.138057709
0.999965250 -0.001855563 -0.008128381 1.056516767 0.001964761 0.999907672 0.013446916 -1.385743856 0.008102681 -0.013462420 0.999876499 55.564037323
0.999972165 -0.001431696 -0.007323547 1.051280975 0.001530513 0.999907613 0.013505245 -1.403240800 0.007303535 -0.013516077 0.999881983 56.095233917
0.999966145 -0.002696342 -0.007773750 1.064791441 0.002799812 0.999907315 0.013330165 -1.416642189 0.007737086 -0.013351480 0.999880970 56.645408630
0.999968112 -0.002480095 -0.007594306 1.075163841 0.002573094 0.999921620 0.012260688 -1.410811186 0.007563303 -0.012279838 0.999895930 57.223838806
0.999968231 -0.002832839 -0.007450806 1.076392412 0.002918774 0.999929070 0.011548301 -1.400624871 0.007417563 -0.011569682 0.999905646 57.738998413
0.999965608 -0.002109106 -0.008024305 1.080025434 0.002215635 0.999909163 0.013290227 -1.428444505 0.007995546 -0.013307547 0.999879479 58.138271332
0.999967277 -0.002504332 -0.007688083 1.087287903 0.002602081 0.999915540 0.012730876 -1.435503721 0.007655550 -0.012750464 0.999889433 58.688953400
0.999962687 -0.002881028 -0.008139309 1.106891632 0.002982898 0.999916971 0.012531562 -1.439898729 0.008102530 -0.012555370 0.999888361 59.243541718
0.999972820 -0.001558002 -0.007210274 1.085419059 0.001648180 0.999920368 0.012517836 -1.443904877 0.007190197 -0.012529377 0.999895692 59.769767761
0.999970555 -0.002366854 -0.007294754 1.113106966 0.002459087 0.999916852 0.012660905 -1.457215548 0.007264181 -0.012678470 0.999893308 60.261817932
0.999966621 -0.001682294 -0.007996110 1.114138246 0.001789417 0.999908447 0.013408680 -1.468711615 0.007972822 -0.013422538 0.999878109 60.710483551
0.999970734 -0.001085731 -0.007569457 1.115371585 0.001184176 0.999914587 0.013013246 -1.478113651 0.007554681 -0.013021830 0.999886632 61.248352051
0.999971151 -0.001475504 -0.007455243 1.131258726 0.001569252 0.999919534 0.012584572 -1.484920263 0.007436077 -0.012595907 0.999893010 61.797332764
0.999971390 -0.000857058 -0.007522967 1.147417426 0.000947832 0.999926686 0.012070942 -1.476273060 0.007512070 -0.012077727 0.999898791 62.350772858
0.999971747 -0.001226119 -0.007416244 1.132147789 0.001328378 0.999903917 0.013799434 -1.517135859 0.007398611 -0.013808895 0.999877274 62.785652161
0.999967217 -0.001258020 -0.008003156 1.147787690 0.001362115 0.999914408 0.013014601 -1.511327863 0.007986099 -0.013025075 0.999883294 63.356590271
0.999969184 -0.001089147 -0.007774697 1.150624514 0.001196658 0.999903560 0.013837023 -1.528786302 0.007758876 -0.013845899 0.999873996 63.905780792
0.999971390 -0.000786422 -0.007529546 1.156571388 0.000885743 0.999912560 0.013196610 -1.532514095 0.007518508 -0.013202900 0.999884486 64.427787781
0.999977648 -0.000486587 -0.006661455 1.153646231 0.000574377 0.999913037 0.013183413 -1.524730444 0.006654460 -0.013186947 0.999890864 64.911712646
0.999963045 -0.002754531 -0.008143042 1.193071365 0.002863066 0.999906838 0.013347058 -1.521972418 0.008105518 -0.013369879 0.999877751 65.288833618
0.999967992 -0.002485948 -0.007609254 1.190746069 0.002582420 0.999916077 0.012694727 -1.529831290 0.007577056 -0.012713970 0.999890506 65.845626831
0.999971569 -0.001084189 -0.007462201 1.202580929 0.001180457 0.999915957 0.012908343 -1.542471528 0.007447579 -0.012916788 0.999888778 66.394035339
0.999974132 -0.002081147 -0.006891628 1.189018011 0.002172161 0.999910176 0.013225256 -1.566251040 0.006863484 -0.013239883 0.999888778 66.931793213
0.999962628 -0.002795850 -0.008183754 1.216269016 0.002899949 0.999914706 0.012736090 -1.545979500 0.008147447 -0.012759347 0.999885380 67.335563660
0.999963105 -0.002085301 -0.008336401 1.226562262 0.002187340 0.999922633 0.012249925 -1.542514563 0.008310208 -0.012267708 0.999890208 67.873207092
0.999973536 -0.001076861 -0.007210276 1.224086285 0.001162864 0.999928176 0.011934328 -1.563185453 0.007196906 -0.011942396 0.999902785 68.388114929
0.999963582 -0.002476292 -0.008167790 1.251964092 0.002572503 0.999927223 0.011789936 -1.561688900 0.008138000 -0.011810519 0.999897063 68.937690735
0.999968767 -0.001939336 -0.007662574 1.241226077 0.002036914 0.999916613 0.012747072 -1.574752450 0.007637216 -0.012762280 0.999889374 69.333213806
0.999972939 -0.001801823 -0.007124504 1.260351419 0.001893721 0.999914885 0.012913289 -1.591108441 0.007100630 -0.012926431 0.999891222 69.853683472
0.999973238 -0.001578245 -0.007139006 1.262907386 0.001667419 0.999920368 0.012502600 -1.585483551 0.007118706 -0.012514168 0.999896348 70.405326843
0.999974251 -0.001614277 -0.006993178 1.262784362 0.001701342 0.999920845 0.012461998 -1.612175941 0.006972508 -0.012473572 0.999897897 70.994148254
0.999966085 -0.002641281 -0.007801022 1.259017229 0.002740401 0.999915302 0.012722785 -1.610399961 0.007766756 -0.012743732 0.999888599 71.385284424
0.999970675 -0.001955675 -0.007411721 1.265425205 0.002045733 0.999923944 0.012162713 -1.612057686 0.007387371 -0.012177520 0.999898612 71.935897827
0.999970734 -0.001379926 -0.007524088 1.271965742 0.001476733 0.999916017 0.012875988 -1.632129908 0.007505690 -0.012886723 0.999888837 72.497138977
0.999970853 -0.002205070 -0.007313208 1.284094810 0.002294094 0.999923110 0.012187073 -1.634109735 0.007285773 -0.012203493 0.999899030 73.038864136
0.999969006 -0.002267807 -0.007541399 1.290482998 0.002359764 0.999922812 0.012207163 -1.625777960 0.007513134 -0.012224584 0.999897003 73.454513550
0.999963582 -0.002999559 -0.007993102 1.308178663 0.003099832 0.999916315 0.012562143 -1.641311169 0.007954753 -0.012586461 0.999889135 74.001464844
0.999961436 -0.003405155 -0.008107577 1.345571995 0.003508118 0.999912977 0.012719400 -1.665433645 0.008063559 -0.012747351 0.999886215 74.452819824
0.999963880 -0.003004163 -0.007963715 1.329586506 0.003095514 0.999929368 0.011483512 -1.617745161 0.007928655 -0.011507750 0.999902308 74.981033325
0.999963582 -0.002892724 -0.008028251 1.330147266 0.002986567 0.999927104 0.011701841 -1.635931134 0.007993815 -0.011725391 0.999899268 75.513137817
0.999964952 -0.002855361 -0.007867196 1.325455904 0.002949136 0.999924421 0.011934081 -1.649154425 0.007832523 -0.011956865 0.999897838 76.053527832
0.999967992 -0.001886555 -0.007762901 1.331897974 0.001973682 0.999935031 0.011231269 -1.646548510 0.007741208 -0.011246233 0.999906778 76.603088379
0.999963164 -0.003277742 -0.007922857 1.360013247 0.003362203 0.999937415 0.010670858 -1.608058810 0.007887385 -0.010697105 0.999911726 77.074409485
0.999962568 -0.003258665 -0.008015268 1.330058575 0.003352158 0.999926209 0.011678678 -1.657012939 0.007976619 -0.011705110 0.999899685 77.553993225
0.999968171 -0.002603209 -0.007542707 1.338483334 0.002689617 0.999930620 0.011468430 -1.664455414 0.007512329 -0.011488351 0.999905825 78.114761353
0.999976337 -0.002633694 -0.006358847 1.331541777 0.002703563 0.999935806 0.011004116 -1.667809486 0.006329457 -0.011021048 0.999919236 78.682289124
0.999986708 -0.002214815 -0.004661943 1.334450245 0.002268550 0.999930620 0.011552642 -1.678716540 0.004636033 -0.011563064 0.999922395 79.119499207
0.999988556 -0.002749685 -0.003934886 1.348613858 0.002794034 0.999932110 0.011309822 -1.683969617 0.003903519 -0.011320684 0.999928355 79.655693054
0.999991417 -0.003007299 -0.002886401 1.360958338 0.003039218 0.999933600 0.011118557 -1.682576895 0.002852772 -0.011127235 0.999934018 80.225578308
0.999996066 -0.002810372 -0.000149632 1.376856208 0.002811883 0.999932170 0.011300074 -1.701880455 0.000117864 -0.011300451 0.999936104 80.698532104
0.999990702 -0.001946382 0.003858313 1.390665650 0.001902618 0.999934196 0.011314103 -1.710118771 -0.003880081 -0.011306658 0.999928534 81.234161377
0.999970973 -0.002595721 0.007162626 1.390088558 0.002519074 0.999939680 0.010689167 -1.686507344 -0.007189940 -0.010670816 0.999917209 81.742271423
0.999934852 -0.002234911 0.011191795 1.408071637 0.002119715 0.999944746 0.010294179 -1.721428156 -0.011214183 -0.010269785 0.999884427 82.272293091
0.999851465 -0.000670654 0.017225781 1.453915596 0.000473880 0.999934554 0.011424798 -1.754469395 -0.017232319 -0.011414938 0.999786377 82.747978210
0.999731779 -0.003059025 0.022958014 1.440363169 0.002807670 0.999935806 0.010972719 -1.727436543 -0.022990113 -0.010905317 0.999676168 83.263389587
0.999582350 -0.002810969 0.028758992 1.482386351 0.002484479 0.999932170 0.011382022 -1.744426250 -0.028789030 -0.011305817 0.999521554 83.762763977
0.999297261 -0.001772385 0.037442930 1.514786601 0.001367278 0.999940276 0.010842153 -1.744252682 -0.037459914 -0.010783337 0.999239981 84.349357605
0.998964250 -0.002510477 0.045433365 1.571963310 0.001974503 0.999927998 0.011837956 -1.771953464 -0.045459814 -0.011735989 0.998897195 84.862045288
0.998614073 -0.003037296 0.052541226 1.624639750 0.002455458 0.999934971 0.011134940 -1.771939754 -0.052571632 -0.010990498 0.998556674 85.385673523
0.998105407 -0.002519617 0.061477117 1.689906359 0.001837173 0.999936163 0.011154770 -1.804292917 -0.061501298 -0.011020689 0.998046160 85.878356934
0.997482121 -0.003912041 0.070809357 1.734032154 0.003163414 0.999937952 0.010681489 -1.768412471 -0.070846751 -0.010430595 0.997432590 86.334632874
0.996830523 -0.004223948 0.079441823 1.794812679 0.003403326 0.999939501 0.010462405 -1.774986982 -0.079481214 -0.010158880 0.996784568 86.885520935
0.996074915 -0.002579970 0.088476717 1.881307602 0.001618762 0.999938905 0.010933995 -1.805646896 -0.088499516 -0.010747855 0.996018231 87.394088745
0.995037556 -0.001655128 0.099486902 1.953207493 0.000584773 0.999941647 0.010786964 -1.823327541 -0.099498935 -0.010675255 0.994980395 88.020736694
0.994052410 -0.004276166 0.108818598 1.999479771 0.003122841 0.999937177 0.010766820 -1.801094294 -0.108857810 -0.010362961 0.994003236 88.479911804
0.992983878 -0.004621101 0.118159004 2.084371567 0.003344388 0.999933958 0.011001036 -1.817957640 -0.118202038 -0.010528682 0.992933691 89.015876770
0.991543770 -0.004228373 0.129703656 2.170729637 0.002775275 0.999931395 0.011381919 -1.820878386 -0.129742846 -0.010925707 0.991487443 89.565109253
0.989948332 -0.004057292 0.141370997 2.273571014 0.002454329 0.999930680 0.011511222 -1.845185876 -0.141407892 -0.011048543 0.989889681 90.061424255
0.988370121 -0.004431223 0.152003005 2.360898972 0.002767297 0.999933898 0.011156470 -1.848545194 -0.152042404 -0.010606083 0.988317072 90.502227783
0.986824930 -0.004061837 0.161741123 2.471689224 0.002264676 0.999933660 0.011294150 -1.856020093 -0.161776260 -0.010779058 0.986768603 91.051200867
0.984778464 -0.004944880 0.173744321 2.582344055 0.003078710 0.999934673 0.011008763 -1.867586732 -0.173787430 -0.010306284 0.984729230 91.575431824
0.982533097 -0.005498375 0.186006427 2.719790459 0.003523331 0.999933839 0.010947053 -1.884302974 -0.186054319 -0.010100480 0.982487559 92.085380554
0.980492234 -0.005855881 0.196470961 2.873689651 0.003813975 0.999934733 0.010769664 -1.905422211 -0.196521208 -0.009810235 0.980450511 92.625343323
0.977551162 -0.005311656 0.210631341 2.953525543 0.002968717 0.999930203 0.011438049 -1.884829402 -0.210677415 -0.010555973 0.977498651 93.121902466
0.974607527 -0.005910201 0.223842278 3.098798752 0.003431839 0.999928474 0.011459324 -1.891667247 -0.223894000 -0.010400153 0.974557996 93.636940002
0.971849382 -0.006835840 0.235504150 3.246559143 0.004259735 0.999925435 0.011445699 -1.902762413 -0.235564828 -0.010120311 0.971805930 94.168090820
0.968796432 -0.006887083 0.247762263 3.397569656 0.004295364 0.999930263 0.010999534 -1.900386572 -0.247820735 -0.009592080 0.968758404 94.675025940
0.965129435 -0.006328457 0.261696428 3.548944473 0.003508510 0.999930680 0.011241467 -1.895871520 -0.261749387 -0.009931307 0.965084791 95.192276001
0.961662173 -0.006837394 0.274151236 3.727010727 0.003981678 0.999931931 0.010971673 -1.904896021 -0.274207562 -0.009459463 0.961624026 95.707054138
0.958464801 -0.008130273 0.285094947 3.915920258 0.005221533 0.999926269 0.010961323 -1.914311171 -0.285163045 -0.009017409 0.958436608 96.240478516
0.953906417 -0.006041708 0.300043225 4.074714661 0.002543585 0.999924242 0.012047959 -1.938180089 -0.300093234 -0.010729440 0.953849614 96.738769531
0.949679375 -0.007150842 0.313142002 4.281105042 0.003581866 0.999921858 0.011971114 -1.934459805 -0.313203186 -0.010247087 0.949630797 97.237373352
0.945813179 -0.007399326 0.324626952 4.489273071 0.003843354 0.999925375 0.011593859 -1.941709518 -0.324688524 -0.009717969 0.945771039 97.760772705
0.941293955 -0.007353069 0.337508112 4.692544937 0.003476120 0.999920845 0.012089895 -1.953334689 -0.337570310 -0.010206925 0.941245019 98.283164978
0.936232209 -0.007088527 0.351310343 4.911203384 0.003111411 0.999924600 0.011884048 -1.964534283 -0.351368070 -0.010033157 0.936183691 98.801376343
0.931733787 -0.008561383 0.363041192 5.123571396 0.004503856 0.999917567 0.012021458 -1.961745858 -0.363114178 -0.009565713 0.931695521 99.279365540
0.927051842 -0.008963495 0.374826014 5.345834732 0.004822696 0.999916434 0.011983857 -1.972193480 -0.374902040 -0.009301984 0.927017689 99.774307251
0.921441317 -0.008208400 0.388430923 5.603057861 0.003962127 0.999923289 0.011731561 -1.980908155 -0.388497412 -0.009270933 0.921403110 100.271118164
0.915764630 -0.009709516 0.401597887 5.804130554 0.005149547 0.999909461 0.012432490 -1.996411324 -0.401682287 -0.009317188 0.915731728 100.729675293
0.911035359 -0.010440839 0.412196100 6.048252106 0.005759439 0.999904096 0.012597851 -2.007184505 -0.412288100 -0.009103069 0.911008120 101.205337524
0.905411422 -0.010628597 0.424402237 6.307151794 0.005672850 0.999900222 0.012938839 -2.020030975 -0.424497366 -0.009307402 0.905381382 101.706108093
0.898932755 -0.010398524 0.437963188 6.562107086 0.005270124 0.999902606 0.012923512 -2.039641857 -0.438054919 -0.009309249 0.898900032 102.161727905
0.892546356 -0.009695333 0.450851262 6.837478638 0.004520299 0.999910951 0.012553792 -2.040616751 -0.450932801 -0.009166861 0.892510831 102.701049805
0.886935949 -0.011080462 0.461759508 7.037258148 0.005854347 0.999901533 0.012748933 -2.019269943 -0.461855382 -0.008604186 0.886913538 103.122116089
0.879449606 -0.010847821 0.475868434 7.320415497 0.005352094 0.999902368 0.012902445 -2.027691364 -0.475961953 -0.008800157 0.879421830 103.609680176
