1.000000000 0.000000000 0.000000000 0.000000000 0.000000000 1.000000000 0.000000000 0.000000000 0.000000000 0.000000000 1.000000000 0.000000000
1.000000000 0.000071120 0.000108949 -0.003186612 -0.000071102 1.000000000 -0.000171666 0.004192544 -0.000108961 0.000171659 1.000000000 0.003845752
1.000000000 0.000064528 0.000065774 -0.002278220 -0.000064517 1.000000000 -0.000169034 0.002835592 -0.000065785 0.000169030 1.000000000 0.000953941
0.999999940 0.000299674 0.000140109 -0.000816128 -0.000299653 0.999999940 -0.000143915 0.003380605 -0.000140153 0.000143873 1.000000000 -0.001998755
1.000000000 0.000179354 0.000037576 0.002635558 -0.000179352 1.000000000 -0.000073302 0.001644864 -0.000037589 0.000073295 1.000000000 -0.001148648
1.000000000 0.000112172 0.000019011 0.000862013 -0.000112171 1.000000000 -0.000006924 0.001349278 -0.000019011 0.000006922 1.000000000 -0.002824691
1.000000000 0.000018077 0.000096769 -0.002673101 -0.000018065 1.000000000 -0.000118990 0.001725006 -0.000096771 0.000118989 1.000000000 -0.002191743
1.000000000 0.000005974 -0.000012131 0.000370057 -0.000005974 1.000000000 -0.000026810 0.001732975 0.000012131 0.000026810 1.000000000 -0.002752614
1.000000000 -0.000000213 0.000127905 -0.005368805 0.000000234 1.000000000 -0.000165977 0.003973521 -0.000127905 0.000165977 1.000000000 0.004120683
0.999999940 0.000178943 0.000237042 -0.005431030 -0.000178905 1.000000000 -0.000159974 0.003253456 -0.000237070 0.000159932 0.999999940 -0.000885929
1.000000000 0.000202073 0.000116942 0.000697975 -0.000202056 0.999999940 -0.000139624 0.002605496 -0.000116971 0.000139601 1.000000000 -0.004158053
0.999999940 0.000228503 0.000163689 -0.002271437 -0.000228489 0.999999940 -0.000086774 0.003012036 -0.000163709 0.000086737 1.000000000 -0.002881902
1.000000000 0.000079682 0.000190920 -0.005265807 -0.000079664 1.000000000 -0.000091861 0.000929159 -0.000190927 0.000091846 1.000000000 -0.002179209
1.000000000 -0.000018498 0.000123724 -0.002854228 0.000018508 1.000000000 -0.000080953 0.000356836 -0.000123722 0.000080955 1.000000000 -0.001967179
1.000000000 0.000065506 0.000055298 0.000066555 -0.000065501 1.000000000 -0.000097232 0.001879348 -0.000055305 0.000097229 1.000000000 -0.005510905
1.000000000 -0.000157137 -0.000079384 0.001890673 0.000157139 1.000000000 0.000033022 0.000544966 0.000079379 -0.000033035 1.000000000 -0.006558953
0.999999940 -0.000343504 -0.000134374 0.002213359 0.000343502 0.999999940 -0.000017963 -0.001299198 0.000134380 0.000017916 1.000000000 -0.009801961
1.000000000 -0.000048900 0.000121514 -0.003671854 0.000048905 1.000000000 -0.000037531 0.000142640 -0.000121512 0.000037537 1.000000000 -0.003027241
1.000000000 0.000093096 -0.000020204 0.000047040 -0.000093095 1.000000000 0.000048682 0.001497033 0.000020209 -0.000048681 1.000000000 -0.007688798
1.000000000 -0.000099201 -0.000026709 -0.001678907 0.000099200 1.000000000 -0.000034695 -0.000218670 0.000026713 0.000034693 1.000000000 -0.006854300
1.000000000 0.000007558 0.000047809 -0.001134617 -0.000007553 1.000000000 -0.000096793 0.001746002 -0.000047809 0.000096792 1.000000000 -0.007140195
1.000000000 -0.000138667 0.000049361 -0.001026540 0.000138666 1.000000000 0.000001657 -0.000392789 -0.000049361 -0.000001650 1.000000000 -0.005300545
1.000000000 0.000118197 0.000169332 -0.006474287 -0.000118163 1.000000000 -0.000199342 0.003332567 -0.000169355 0.000199322 0.999999940 0.002231848
1.000000000 -0.000144349 -0.000102482 0.000478651 0.000144338 1.000000000 -0.000108780 0.000663779 0.000102498 0.000108765 1.000000000 0.000047501
1.000000000 -0.000052585 0.000049569 -0.001589618 0.000052585 1.000000000 -0.000009137 0.002277689 -0.000049568 0.000009140 1.000000000 0.001003914
1.000000000 0.000059272 -0.000041921 0.002371771 -0.000059276 1.000000000 -0.000107207 0.002633031 0.000041914 0.000107210 1.000000000 -0.007099612
1.000000000 -0.000073635 0.000076670 -0.001724792 0.000073643 1.000000000 -0.000094745 0.002332173 -0.000076663 0.000094751 1.000000000 -0.004892522
0.999999940 0.000224608 0.000239997 -0.005478610 -0.000224555 0.999999940 -0.000224157 0.003194795 -0.000240047 0.000224103 0.999999940 0.000512851
1.000000000 0.000055586 0.000142435 -0.004405101 -0.000055584 1.000000000 -0.000013681 0.002095987 -0.000142436 0.000013673 1.000000000 0.000643960
1.000000000 -0.000138936 0.000058149 -0.004891010 0.000138943 1.000000000 -0.000117970 0.005741162 -0.000058133 0.000117979 1.000000000 0.003022893
1.000000000 -0.000078462 0.000039311 -0.003094673 0.000078464 1.000000000 -0.000051339 0.002008906 -0.000039307 0.000051343 1.000000000 -0.000781505
1.000000000 -0.000135669 0.000109938 -0.003802304 0.000135663 1.000000000 0.000052522 0.001144475 -0.000109945 -0.000052507 1.000000000 0.000588076
1.000000000 -0.000179154 0.000086385 -0.003834583 0.000179147 1.000000000 0.000077234 0.000571191 -0.000086399 -0.000077219 1.000000000 -0.004731821
1.000000000 -0.000189444 -0.000004396 -0.001362271 0.000189444 1.000000000 0.000071076 0.001124787 0.000004383 -0.000071077 1.000000000 -0.004748989
1.000000000 0.000043391 0.000059306 -0.003230806 -0.000043386 1.000000000 -0.000086266 0.000763987 -0.000059310 0.000086263 1.000000000 -0.001898651
1.000000000 0.000022874 0.000105998 -0.004192849 -0.000022865 1.000000000 -0.000091484 0.002512630 -0.000106000 0.000091481 1.000000000 -0.000482121
1.000000000 -0.000174195 -0.000146170 0.002369518 0.000174211 1.000000000 0.000110714 -0.000004705 0.000146150 -0.000110740 1.000000000 -0.011570305
1.000000000 -0.000028435 0.000066902 -0.003354548 0.000028451 1.000000000 -0.000235316 0.004220605 -0.000066896 0.000235317 0.999999940 0.000506526
1.000000000 -0.000169812 0.000107848 -0.003559103 0.000169810 1.000000000 0.000018330 0.001593450 -0.000107851 -0.000018312 1.000000000 0.000067640
1.000000000 -0.000001005 -0.000044069 0.001478313 0.000001014 1.000000000 0.000218508 -0.002205322 0.000044069 -0.000218508 1.000000000 -0.009488205
0.999999940 -0.000276688 -0.000145812 0.000371758 0.000276698 0.999999940 0.000074373 -0.001544715 0.000145791 -0.000074413 1.000000000 -0.001111430
1.000000000 0.000100692 0.000074820 0.002408340 -0.000100649 0.999999821 -0.000569457 -0.004850396 -0.000074878 0.000569450 0.999999821 0.048714895
1.000000000 0.000053459 -0.000022963 0.000947155 -0.000053491 0.999998987 -0.001425510 -0.000329578 0.000022886 0.001425511 0.999998987 0.149225950
1.000000000 -0.000059263 -0.000063727 0.004157223 0.000059174 0.999999046 -0.001397201 -0.010074475 0.000063809 0.001397198 0.999999046 0.263400227
0.999999940 -0.000244064 0.000056134 0.001649579 0.000244140 0.999999046 -0.001349788 -0.010438706 -0.000055804 0.001349802 0.999999106 0.392235398
1.000000000 0.000023632 -0.000154240 0.006926494 -0.000023813 0.999999285 -0.001172270 -0.018302826 0.000154213 0.001172274 0.999999285 0.533243179
0.999999940 0.000138922 0.000332304 -0.002826373 -0.000138588 0.999999464 -0.001005517 -0.032487992 -0.000332444 0.001005471 0.999999464 0.691673636
0.999999821 -0.000599914 -0.000115270 0.021252394 0.000599850 0.999999642 -0.000552211 -0.034069121 0.000115601 0.000552142 0.999999821 0.845133364
0.999999940 -0.000211794 -0.000275628 0.024161138 0.000211644 0.999999821 -0.000545393 -0.036511935 0.000275744 0.000545334 0.999999821 1.028574705
1.000000000 -0.000055494 -0.000226168 0.031630233 0.000055307 0.999999642 -0.000825525 -0.032026041 0.000226214 0.000825512 0.999999642 1.199447751
0.999999762 -0.000598601 -0.000406868 0.042106502 0.000598431 0.999999762 -0.000417856 -0.046805117 0.000407118 0.000417613 0.999999821 1.412316442
0.999999464 -0.000666410 -0.000803475 0.044608388 0.000666306 0.999999762 -0.000129722 -0.062269446 0.000803561 0.000129186 0.999999642 1.609836340
0.999993205 0.000668152 0.003618500 -0.009939546 -0.000670477 0.999999583 0.000641319 -0.060551606 -0.003618070 -0.000643741 0.999993265 1.614705920
0.999995112 -0.000067035 0.003112600 0.003722996 0.000064869 0.999999702 0.000696038 -0.066605322 -0.003112646 -0.000695833 0.999994934 1.810779810
0.999994636 0.000088333 0.003287594 0.009674734 -0.000090091 0.999999881 0.000534813 -0.073952317 -0.003287546 -0.000535107 0.999994457 2.032134771
0.999993682 0.000312007 0.003539829 0.011908075 -0.000314507 0.999999702 0.000705553 -0.076059356 -0.003539607 -0.000706661 0.999993503 2.234395981
0.999994516 0.000576164 0.003259770 0.020719176 -0.000578362 0.999999642 0.000673443 -0.083787024 -0.003259381 -0.000675324 0.999994516 2.482963562
0.999996006 -0.000413343 0.002769379 0.031831305 0.000409130 0.999998748 0.001521779 -0.104208007 -0.002770005 -0.001520640 0.999994993 2.710444689
0.999995828 -0.000302526 0.002882523 0.040173296 0.000297874 0.999998689 0.001613832 -0.112343825 -0.002883008 -0.001612967 0.999994457 2.954570293
0.999996662 -0.000456438 0.002551056 0.052070599 0.000452694 0.999998927 0.001467829 -0.115055263 -0.002551723 -0.001466670 0.999995649 3.210520267
0.999996066 -0.000661130 0.002718569 0.053702716 0.000656197 0.999998152 0.001815002 -0.126674935 -0.002719764 -0.001813211 0.999994636 3.461056948
0.999996722 0.000010806 0.002551195 0.054198608 -0.000014695 0.999998868 0.001524186 -0.127298474 -0.002551175 -0.001524219 0.999995530 3.690437794
0.999995768 -0.002312591 0.001755469 0.068793043 0.002309244 0.999995530 0.001906369 -0.152962670 -0.001759870 -0.001902307 0.999996603 3.962016821
0.999996126 -0.002030313 0.001893031 0.071073145 0.002025659 0.999994874 0.002457052 -0.161367327 -0.001898010 -0.002453208 0.999995172 4.217952728
0.999995708 -0.002095145 0.001990611 0.079405837 0.002090309 0.999994814 0.002428666 -0.171620518 -0.001995689 -0.002424495 0.999995053 4.476346493
0.999995351 -0.002227615 0.002098832 0.078487650 0.002222405 0.999994457 0.002481274 -0.180061311 -0.002104348 -0.002476598 0.999994755 4.746432781
0.999994695 -0.001910069 0.002643585 0.071848698 0.001903598 0.999995232 0.002448179 -0.185617179 -0.002648249 -0.002443134 0.999993563 4.975110531
0.999996781 -0.002430040 0.000688014 0.097062938 0.002428297 0.999993861 0.002524839 -0.194212884 -0.000694145 -0.002523160 0.999996603 5.316265583
0.999997556 -0.002147527 0.000371241 0.112592176 0.002146609 0.999994695 0.002454665 -0.192630693 -0.000376511 -0.002453862 0.999996960 5.589639664
0.999997020 -0.002343971 0.000695331 0.104580872 0.002342050 0.999993503 0.002750295 -0.214656174 -0.000701773 -0.002748659 0.999996006 5.840932369
0.999996483 -0.002516461 0.000782049 0.108636923 0.002514296 0.999992967 0.002757098 -0.214106843 -0.000788982 -0.002755122 0.999995947 6.138778210
0.999995351 -0.002885791 0.000979793 0.121690586 0.002883178 0.999992311 0.002658427 -0.218974203 -0.000987457 -0.002655590 0.999996006 6.411731243
0.999996185 -0.001364629 0.002385375 0.089515969 0.001359085 0.999996364 0.002324141 -0.240427747 -0.002388538 -0.002320891 0.999994457 6.725777626
0.999995768 -0.001896974 0.002235716 0.104361795 0.001892040 0.999995768 0.002206879 -0.243246362 -0.002239892 -0.002202640 0.999995112 7.024866581
0.999996126 -0.001722189 0.002198386 0.110770777 0.001716919 0.999995649 0.002396876 -0.256151170 -0.002202505 -0.002393092 0.999994755 7.313722134
0.999995530 -0.001882309 0.002328870 0.120482251 0.001875954 0.999994516 0.002727718 -0.271221578 -0.002333992 -0.002723337 0.999993563 7.622283936
0.999996364 -0.001523174 0.002210288 0.131306782 0.001517200 0.999995112 0.002702065 -0.275790006 -0.002214392 -0.002698701 0.999993861 7.943167210
0.999994695 -0.002354007 0.002211506 0.116699852 0.002347969 0.999993503 0.002728784 -0.298319399 -0.002217916 -0.002723577 0.999993801 8.301548958
0.999995589 -0.002145973 0.002060102 0.129996672 0.002140871 0.999994695 0.002475465 -0.306579828 -0.002065404 -0.002471044 0.999994755 8.623915672
0.999994159 -0.002635630 0.002144892 0.129743442 0.002630240 0.999993443 0.002511878 -0.312193602 -0.002151498 -0.002506222 0.999994576 8.967875481
0.999994397 -0.002417708 0.002260674 0.138015673 0.002411439 0.999993205 0.002771634 -0.327214092 -0.002267359 -0.002766168 0.999993622 9.305391312
0.999993384 -0.003124618 0.001871470 0.163650110 0.003119430 0.999991357 0.002768804 -0.333532006 -0.001880105 -0.002762948 0.999994457 9.644145012
0.999994755 -0.002332394 0.002235950 0.158826292 0.002325586 0.999992728 0.003042267 -0.340120822 -0.002243029 -0.003037051 0.999992907 9.999700546
0.999993861 -0.002601340 0.002341112 0.145723373 0.002593908 0.999991596 0.003172175 -0.368865430 -0.002349344 -0.003166084 0.999992192 10.353889465
0.999994099 -0.002673857 0.002165110 0.154526010 0.002666650 0.999990940 0.003324645 -0.378342330 -0.002173980 -0.003318852 0.999992132 10.714631081
0.999993682 -0.002719353 0.002294174 0.160999238 0.002710850 0.999989569 0.003701391 -0.388146222 -0.002304216 -0.003695149 0.999990523 11.091201782
0.999990642 -0.003726266 0.002176172 0.173662469 0.003717748 0.999985456 0.003905298 -0.395098478 -0.002190692 -0.003897171 0.999989986 11.492568016
0.999991298 -0.003769674 0.001783081 0.207973331 0.003763478 0.999986887 0.003465769 -0.397950351 -0.001796122 -0.003459029 0.999992371 11.868290901
0.999990225 -0.004075325 0.001722666 0.211265132 0.004068409 0.999983728 0.003999466 -0.407779396 -0.001738936 -0.003992418 0.999990523 12.266430855
0.999992251 -0.003125139 0.002394683 0.188726366 0.003115160 0.999986589 0.004159370 -0.450426877 -0.002407649 -0.004151879 0.999988437 12.649250984
0.999992967 -0.003055264 0.002172277 0.202455342 0.003047189 0.999988496 0.003710968 -0.450704366 -0.002183590 -0.003704323 0.999990761 13.063787460
0.999992132 -0.003626176 0.001618139 0.221122980 0.003619793 0.999985754 0.003930365 -0.465634555 -0.001632368 -0.003924477 0.999991000 13.453608513
0.999994397 -0.001795407 0.002849417 0.227242261 0.001784468 0.999991059 0.003836932 -0.471349925 -0.002856280 -0.003831825 0.999988616 13.881986618
0.999993980 -0.001922122 0.002864866 0.232810989 0.001908896 0.999987543 0.004612304 -0.494272798 -0.002873695 -0.004606808 0.999985278 14.312659264
0.999990046 -0.003383521 0.002921176 0.251068801 0.003369550 0.999982953 0.004774357 -0.521312654 -0.002937280 -0.004764466 0.999984324 14.791228294
0.999987662 -0.004209156 0.002638283 0.253426850 0.004192635 0.999971747 0.006236642 -0.583331525 -0.002664459 -0.006225503 0.999977052 15.164951324
0.999982893 -0.005159620 0.002749108 0.270384610 0.005143346 0.999969423 0.005894077 -0.589790165 -0.002779435 -0.005879836 0.999978840 15.597308159
0.999986053 -0.003809707 0.003664111 0.273315102 0.003787625 0.999974728 0.006015008 -0.602673590 -0.003686934 -0.006001045 0.999975204 16.050483704
0.999985874 -0.003838416 0.003684516 0.291029125 0.003813518 0.999969959 0.006741045 -0.615401566 -0.003710281 -0.006726897 0.999970496 16.495632172
0.999985576 -0.003703857 0.003877359 0.292317390 0.003678915 0.999972641 0.006420122 -0.621671677 -0.003901032 -0.006405764 0.999971867 16.933948517
0.999980807 -0.004894348 0.003809681 0.315593094 0.004871752 0.999970615 0.005918137 -0.639799774 -0.003838534 -0.005899463 0.999975145 17.356849670
0.999987364 -0.003599292 0.003524120 0.343403816 0.003575555 0.999971032 0.006718971 -0.641874552 -0.003548202 -0.006706285 0.999971151 17.818288803
0.999981821 -0.004308033 0.004211257 0.316191971 0.004277025 0.999963880 0.007344508 -0.683007836 -0.004242744 -0.007326364 0.999964178 18.333461761
0.999976158 -0.005444868 0.004247652 0.336043090 0.005412851 0.999957025 0.007513127 -0.689109027 -0.004288378 -0.007489956 0.999962807 18.809404373
0.999979734 -0.004535482 0.004478770 0.348105133 0.004501752 0.999961615 0.007512882 -0.699599028 -0.004512673 -0.007492567 0.999961734 19.272762299
0.999979675 -0.004324098 0.004673725 0.363879651 0.004288585 0.999962091 0.007581767 -0.708840489 -0.004706332 -0.007561570 0.999960303 19.748964310
0.999982715 -0.002738856 0.005199924 0.359821081 0.002701443 0.999970615 0.007188467 -0.717737317 -0.005219459 -0.007174296 0.999960601 20.287841797
0.999980569 -0.003000288 0.005471933 0.369573534 0.002957443 0.999965072 0.007821485 -0.734797955 -0.005495209 -0.007805150 0.999954462 20.759422302
0.999977589 -0.004862089 0.004589545 0.373551875 0.004824751 0.999955595 0.008111607 -0.762059331 -0.004628779 -0.008089284 0.999956489 21.251388550
0.999980628 -0.004385353 0.004406110 0.381476969 0.004350425 0.999959409 0.007905786 -0.762132585 -0.004440601 -0.007886466 0.999958992 21.756946564
0.999981165 -0.004135139 0.004524680 0.385147572 0.004096724 0.999955773 0.008466775 -0.785069764 -0.004559491 -0.008448079 0.999953926 22.288377762
0.999980986 -0.004592245 0.004090008 0.382218927 0.004554877 0.999948204 0.009099608 -0.809107482 -0.004131583 -0.009080806 0.999950230 22.801420212
0.999978721 -0.005478925 0.003563194 0.372352213 0.005448030 0.999947965 0.008623333 -0.811112761 -0.003610255 -0.008603736 0.999956489 23.290245056
0.999978364 -0.006188442 0.002223691 0.418774009 0.006169649 0.999945939 0.008361571 -0.812415123 -0.002275316 -0.008347671 0.999962509 23.761577606
0.999976635 -0.006518109 0.002078454 0.425943077 0.006502172 0.999950111 0.007584571 -0.819794059 -0.002127788 -0.007570879 0.999969065 24.305774689
0.999981046 -0.006065299 0.001082732 0.424771905 0.006056322 0.999948740 0.008110427 -0.836243033 -0.001131869 -0.008103714 0.999966562 24.831308365
0.999973655 -0.007257435 -0.000129640 0.475368321 0.007258286 0.999936104 0.008659457 -0.846800864 0.000066786 -0.008660169 0.999962449 25.392065048
0.999980986 -0.006133088 -0.000553661 0.447607934 0.006137896 0.999939322 0.009147845 -0.864506006 0.000497522 -0.009151073 0.999957919 25.813877106
0.999973953 -0.007124554 -0.001153475 0.456050396 0.007133850 0.999940395 0.008266268 -0.870011449 0.001094513 -0.008274282 0.999965131 26.361343384
0.999972522 -0.007299742 -0.001335708 0.470011294 0.007311799 0.999930382 0.009256544 -0.876501918 0.001268045 -0.009266054 0.999956250 26.911499023
0.999972820 -0.007153674 -0.001780202 0.477383733 0.007169588 0.999932885 0.009099816 -0.901339412 0.001714985 -0.009112332 0.999956965 27.450260162
0.999982119 -0.005735405 -0.001700845 0.468005031 0.005753630 0.999923944 0.010911765 -0.950884461 0.001638132 -0.010921356 0.999939024 28.020277023
0.999963403 -0.007854973 -0.003365757 0.449591577 0.007889302 0.999915779 0.010310767 -0.959718764 0.003284483 -0.010336945 0.999941111 28.624816895
0.999970853 -0.006721391 -0.003615701 0.496261001 0.006758241 0.999924302 0.010277874 -0.958508253 0.003546346 -0.010302012 0.999940574 29.238883972
0.999956012 -0.008599177 -0.003742667 0.437312067 0.008640928 0.999898970 0.011285977 -1.027562261 0.003645239 -0.011317820 0.999929309 29.716444016
0.999956310 -0.008500521 -0.003884186 0.444920301 0.008543388 0.999901235 0.011156016 -1.033471942 0.003788972 -0.011188713 0.999930263 30.264291763
0.999947131 -0.009070949 -0.004841773 0.447171032 0.009122406 0.999900997 0.010713699 -1.041307926 0.004744109 -0.010757301 0.999930859 30.848468781
0.999961913 -0.007521601 -0.004420928 0.449864686 0.007570013 0.999910414 0.011037707 -1.071008444 0.004337510 -0.011070755 0.999929309 31.332603455
0.999962330 -0.007187249 -0.004857307 0.463728905 0.007244430 0.999903381 0.011858899 -1.089435339 0.004771605 -0.011893643 0.999917865 31.869949341
0.999953449 -0.008293452 -0.004929135 0.482151210 0.008351983 0.999893367 0.011974776 -1.107578874 0.004829297 -0.012015387 0.999916136 32.438102722
0.999955297 -0.007987287 -0.005065580 0.494149804 0.008046043 0.999899268 0.011686712 -1.097613335 0.004971724 -0.011726946 0.999918818 32.927009583
0.999961555 -0.007396882 -0.004703293 0.437937558 0.007450819 0.999905467 0.011555748 -1.125901341 0.004617371 -0.011590349 0.999922156 33.465377808
0.999955177 -0.008127942 -0.004849442 0.436720133 0.008183416 0.999900103 0.011531158 -1.136210680 0.004755233 -0.011570327 0.999921739 34.021972656
0.999960423 -0.007599497 -0.004621461 0.445651531 0.007657405 0.999890745 0.012644412 -1.161575198 0.004524865 -0.012679299 0.999909341 34.585536957
0.999949336 -0.008739751 -0.005008666 0.444163978 0.008803525 0.999878585 0.012855092 -1.180670857 0.004895708 -0.012898533 0.999904811 35.113128662
0.999949932 -0.008197263 -0.005742847 0.469190001 0.008270624 0.999882996 0.012869300 -1.191089392 0.005636682 -0.012916152 0.999900699 35.630126953
0.999949336 -0.008258854 -0.005764924 0.466404021 0.008331826 0.999884069 0.012750694 -1.202487230 0.005658949 -0.012798080 0.999902070 36.186534882
0.999962986 -0.006781767 -0.005292207 0.462994397 0.006846330 0.999901175 0.012278588 -1.199100494 0.005208413 -0.012314366 0.999910593 36.712627411
0.999957681 -0.007178953 -0.005761405 0.465242565 0.007254330 0.999886930 0.013170348 -1.221712112 0.005666203 -0.013211587 0.999896646 37.205722809
0.999959290 -0.007157829 -0.005498396 0.469546258 0.007226699 0.999894261 0.012609417 -1.224687338 0.005407560 -0.012648638 0.999905407 37.788551331
0.999969423 -0.005883044 -0.005161158 0.499989629 0.005945202 0.999908924 0.012112091 -1.215382338 0.005089432 -0.012142405 0.999913335 38.404586792
0.999947011 -0.008236120 -0.006164670 0.485778630 0.008317855 0.999876261 0.013352792 -1.255434036 0.006053932 -0.013403363 0.999891818 38.777114868
0.999949753 -0.007643974 -0.006483701 0.516238451 0.007730442 0.999880135 0.013417439 -1.281400681 0.006380362 -0.013466886 0.999888957 39.312698364
0.999948740 -0.007380487 -0.006928401 0.539733768 0.007468291 0.999890983 0.012733822 -1.269582033 0.006833665 -0.012784910 0.999894977 39.903774261
0.999948084 -0.007592441 -0.006794789 0.542418242 0.007681829 0.999882996 0.013227584 -1.293130636 0.006693565 -0.013279094 0.999889433 40.449123383
0.999947846 -0.007859463 -0.006528986 0.531754255 0.007940837 0.999889910 0.012532494 -1.296650887 0.006429771 -0.012583687 0.999900103 40.997081757
0.999945462 -0.008019100 -0.006682517 0.553278446 0.008106198 0.999881148 0.013110212 -1.316932082 0.006576592 -0.013163668 0.999891758 41.566799164
0.999930680 -0.008780452 -0.007842636 0.574516892 0.008895959 0.999850690 0.014816708 -1.358195305 0.007711367 -0.014885449 0.999859393 42.128871918
0.999938250 -0.008566421 -0.007081136 0.548572659 0.008660204 0.999873757 0.013321171 -1.329863787 0.006966128 -0.013381672 0.999886155 42.726543427
0.999935329 -0.008736750 -0.007271943 0.557439804 0.008830182 0.999877453 0.012916831 -1.303757429 0.007158203 -0.012980210 0.999890089 43.281982422
0.999941647 -0.008068204 -0.007182851 0.546413541 0.008177397 0.999849439 0.015304604 -1.384363174 0.007058289 -0.015362445 0.999857068 43.551101685
0.999936521 -0.008370533 -0.007536507 0.550282121 0.008484041 0.999849141 0.015157258 -1.392875195 0.007408496 -0.015220236 0.999856710 44.085975647
0.999938607 -0.008058756 -0.007600389 0.562955976 0.008166117 0.999865711 0.014202109 -1.383620381 0.007484918 -0.014263302 0.999870241 44.640808105
0.999942899 -0.007558674 -0.007559854 0.579035521 0.007667449 0.999865949 0.014464564 -1.381258249 0.007449508 -0.014521699 0.999866724 45.181884766
0.999941468 -0.007877012 -0.007413244 0.578542709 0.007982920 0.999864876 0.014366914 -1.399025679 0.007299074 -0.014425252 0.999869287 45.682914734
0.999943495 -0.007929688 -0.007082582 0.557497978 0.008039416 0.999845982 0.015600991 -1.446072340 0.006957781 -0.015657051 0.999853134 46.178947449
0.999948502 -0.007663412 -0.006651790 0.554790854 0.007766278 0.999848485 0.015578952 -1.454213023 0.006531395 -0.015629809 0.999856472 46.727798462
0.999950826 -0.007122537 -0.006908214 0.556397855 0.007229975 0.999851286 0.015654244 -1.458838820 0.006795689 -0.015703419 0.999853551 47.284118652
0.999950767 -0.007285047 -0.006736336 0.558849216 0.007386242 0.999858320 0.015121722 -1.465136528 0.006625219 -0.015170735 0.999862969 47.832695007
0.999951422 -0.007202954 -0.006728478 0.576354921 0.007302755 0.999861956 0.014927764 -1.454142690 0.006620025 -0.014976177 0.999865890 48.310276031
0.999940217 -0.007967514 -0.007485384 0.615735531 0.008082628 0.999847531 0.015476281 -1.472292781 0.007360936 -0.015535856 0.999852180 48.912647247
0.999942005 -0.008373586 -0.006770537 0.557927430 0.008477904 0.999843478 0.015528569 -1.502070904 0.006639446 -0.015585070 0.999856412 49.303108215
0.999935269 -0.008897272 -0.007092442 0.565745950 0.009002806 0.999847114 0.014989471 -1.504009247 0.006957992 -0.015052354 0.999862432 49.849899292
0.999950886 -0.007774613 -0.006146910 0.555098951 0.007864479 0.999860466 0.014733259 -1.508359909 0.006031508 -0.014780877 0.999872506 50.395133972
0.999952793 -0.007514400 -0.006164024 0.562015533 0.007606945 0.999856591 0.015130351 -1.518025637 0.006049444 -0.015176527 0.999866486 50.947372437
0.999950111 -0.007643883 -0.006434341 0.561064005 0.007749633 0.999832630 0.016573779 -1.544345617 0.006306577 -0.016622815 0.999841928 51.395256042
0.999952435 -0.007283127 -0.006485374 0.578963876 0.007388616 0.999838352 0.016393036 -1.554527402 0.006364934 -0.016440175 0.999844611 51.930278778
0.999946356 -0.007962608 -0.006620073 0.604972184 0.008066110 0.999843299 0.015757587 -1.539566040 0.006493563 -0.015810138 0.999853909 52.469131470
0.999950707 -0.007737385 -0.006228738 0.570183694 0.007832592 0.999850571 0.015408365 -1.564959884 0.006108586 -0.015456390 0.999861836 53.005645752
0.999940693 -0.008933281 -0.006218453 0.547180176 0.009030095 0.999835610 0.015718739 -1.578952312 0.006077011 -0.015773961 0.999857068 53.493152618
0.999951720 -0.007583729 -0.006250796 0.571103930 0.007688417 0.999827683 0.016897585 -1.585163832 0.006121572 -0.016944828 0.999837697 53.954627991
0.999962032 -0.006776123 -0.005494033 0.552053332 0.006869282 0.999829888 0.017118581 -1.599515676 0.005377102 -0.017155670 0.999838352 54.495414734
0.999960721 -0.007074475 -0.005337083 0.555394053 0.007159160 0.999846041 0.016018484 -1.594065666 0.005222940 -0.016056066 0.999857426 55.036140442
0.999956250 -0.007517694 -0.005578309 0.526157141 0.007612140 0.999824703 0.017107623 -1.624124765 0.005448722 -0.017149337 0.999838054 55.499378204
0.999961615 -0.006892944 -0.005418561 0.595296741 0.006978031 0.999850094 0.015844012 -1.602288604 0.005308537 -0.015881212 0.999859750 56.161457062
0.999950230 -0.007829575 -0.006186237 0.615758777 0.007925938 0.999845207 0.015709115 -1.598582268 0.006062285 -0.015757363 0.999857485 56.726711273
0.999955714 -0.006917339 -0.006378056 0.657192111 0.007027676 0.999823093 0.017442541 -1.644391060 0.006256273 -0.017486591 0.999827504 57.047576904
0.999962926 -0.006605973 -0.005518873 0.657811165 0.006700035 0.999829531 0.017202629 -1.651865482 0.005404294 -0.017238971 0.999836743 57.588405609
0.999954998 -0.007410087 -0.005917541 0.672091663 0.007505020 0.999840856 0.016184859 -1.637531996 0.005796670 -0.016228544 0.999851525 58.125583649
0.999957681 -0.007183639 -0.005741489 0.685003161 0.007274578 0.999845922 0.015977994 -1.644487858 0.005625824 -0.016019085 0.999855816 58.667007446
0.999953091 -0.007660264 -0.005921786 0.688300908 0.007763545 0.999814570 0.017619066 -1.663852930 0.005785721 -0.017664216 0.999827266 59.182529449
0.999955654 -0.007136556 -0.006130314 0.670871019 0.007243367 0.999819160 0.017581619 -1.668866158 0.006003733 -0.017625246 0.999826610 59.707195282
0.999958694 -0.007248541 -0.005475685 0.631115139 0.007343507 0.999819398 0.017526759 -1.675755143 0.005347653 -0.017566249 0.999831319 60.166347504
0.999956489 -0.007247481 -0.005872847 0.649214745 0.007352472 0.999809861 0.018057372 -1.683695197 0.005740860 -0.018099766 0.999819696 60.707603455
0.999959826 -0.007290903 -0.005231750 0.626749039 0.007384036 0.999810517 0.018008608 -1.693303704 0.005099461 -0.018046517 0.999824107 61.244266510
0.999961853 -0.006481261 -0.005856127 0.657791078 0.006590313 0.999801576 0.018798379 -1.718630791 0.005733128 -0.018836256 0.999806166 61.786411285
0.999957502 -0.007231946 -0.005722452 0.674707294 0.007329868 0.999823809 0.017280081 -1.681973219 0.005596475 -0.017321290 0.999834299 62.268615723
0.999959946 -0.007265223 -0.005228356 0.677489638 0.007354456 0.999824047 0.017255237 -1.697934747 0.005102075 -0.017292997 0.999837458 62.807327271
0.999957144 -0.007555941 -0.005352390 0.663745940 0.007651432 0.999807775 0.018051028 -1.731405616 0.005214969 -0.018091209 0.999822795 63.346286774
0.999951899 -0.007510557 -0.006316177 0.723168969 0.007624308 0.999805570 0.018182378 -1.727903962 0.006178388 -0.018229660 0.999814749 63.884048462
0.999958098 -0.006782708 -0.006158391 0.736901045 0.006891170 0.999818444 0.017765015 -1.721323252 0.006036778 -0.017806713 0.999823272 64.473098755
0.999954581 -0.007376603 -0.006030661 0.729448795 0.007485814 0.999804556 0.018291730 -1.735655427 0.005894550 -0.018336043 0.999814510 64.901908875
0.999954462 -0.007309619 -0.006126356 0.758532405 0.007421762 0.999801517 0.018486638 -1.751927018 0.005990010 -0.018531265 0.999810338 65.430366516
0.999958336 -0.007402475 -0.005328728 0.743875027 0.007499485 0.999802232 0.018421270 -1.746670485 0.005191311 -0.018460466 0.999816179 65.992187500
0.999964774 -0.007050363 -0.004558904 0.758634925 0.007137237 0.999787748 0.019329013 -1.764558911 0.004421659 -0.019360870 0.999802887 66.543167114
0.999958992 -0.007087006 -0.005620646 0.804295599 0.007192003 0.999795794 0.018885678 -1.758208871 0.005485656 -0.018925332 0.999805868 67.088348389
0.999949455 -0.007733272 -0.006418788 0.797076821 0.007853382 0.999790490 0.018903045 -1.765563607 0.006271259 -0.018952502 0.999800682 67.559730530
0.999955118 -0.007145497 -0.006211504 0.788825452 0.007260172 0.999799967 0.018639589 -1.771829367 0.006077072 -0.018683853 0.999807000 68.119613647
0.999963701 -0.006058387 -0.005993733 0.815641880 0.006173500 0.999793112 0.019377289 -1.798535585 0.005875099 -0.019413587 0.999794304 68.628288269
0.999952257 -0.007203205 -0.006612024 0.836088896 0.007325727 0.999798357 0.018696772 -1.779591560 0.006476016 -0.018744314 0.999803424 69.187835693
0.999954402 -0.006763050 -0.006745596 0.836560130 0.006893563 0.999785721 0.019515844 -1.797818065 0.006612164 -0.019561453 0.999786794 69.684906006
0.999958813 -0.006739638 -0.006082297 0.838165283 0.006857425 0.999785244 0.019557253 -1.814779997 0.005949181 -0.019598156 0.999790192 70.187583923
0.999952853 -0.007263793 -0.006449213 0.854751229 0.007391417 0.999772966 0.019991003 -1.823977351 0.006302537 -0.020037731 0.999779344 70.731765747
0.999949396 -0.007553545 -0.006657004 0.869947076 0.007683265 0.999776781 0.019680811 -1.833440185 0.006506857 -0.019730959 0.999784172 71.284927368
0.999975502 -0.004148104 -0.005646689 0.903280735 0.004264858 0.999774098 0.020823877 -1.888095379 0.005559034 -0.020847449 0.999767244 71.703445435
0.999960005 -0.005274618 -0.007225935 0.941289902 0.005418635 0.999784172 0.020058220 -1.854987025 0.007118576 -0.020096568 0.999772727 72.315628052
0.999940455 -0.008622265 -0.006692790 0.844134271 0.008754215 0.999762774 0.019942908 -1.814387083 0.006519253 -0.020000311 0.999778748 72.903022766
0.999938786 -0.008926520 -0.006537872 0.851810455 0.009055676 0.999759018 0.019999493 -1.821671724 0.006357769 -0.020057475 0.999778628 73.456474304
0.999941349 -0.008893479 -0.006186767 0.859329760 0.009012687 0.999769032 0.019514885 -1.800624251 0.006011782 -0.019569501 0.999790490 73.970939636
0.999920249 -0.010229575 -0.007412856 0.882441401 0.010378252 0.999740005 0.020303784 -1.826200247 0.007203231 -0.020379094 0.999766409 74.466102600
0.999936938 -0.009149064 -0.006511798 0.858021975 0.009281415 0.999744833 0.020593420 -1.845802307 0.006321724 -0.020652562 0.999766767 75.245483398
0.999921322 -0.010464918 -0.006904223 0.851604521 0.010599119 0.999749839 0.019695910 -1.822816730 0.006696380 -0.019767541 0.999782205 75.617607117
0.999925554 -0.010009349 -0.006974841 0.855382681 0.010145470 0.999753237 0.019761797 -1.833918571 0.006775316 -0.019831091 0.999780416 76.150161743
0.999918163 -0.010778990 -0.006888916 0.844493151 0.010920227 0.999723971 0.020804489 -1.842326045 0.006662765 -0.020878019 0.999759853 76.685478210
0.999927342 -0.010026222 -0.006686960 0.845837057 0.010161583 0.999737620 0.020525694 -1.837046504 0.006479412 -0.020592153 0.999766946 77.258949280
0.999923050 -0.010181130 -0.007071523 0.871644676 0.010326749 0.999728799 0.020870665 -1.833227992 0.006857117 -0.020942084 0.999757230 77.743713379
0.999930918 -0.009774519 -0.006518011 0.835840166 0.009907615 0.999736428 0.020709895 -1.835621953 0.006313865 -0.020773046 0.999764323 78.381446838
0.999914706 -0.011339908 -0.006471015 0.836438715 0.011471802 0.999719441 0.020723281 -1.839211345 0.006234199 -0.020795751 0.999764383 78.840896606
0.999932706 -0.010094175 -0.005702475 0.908185244 0.010206939 0.999745727 0.020104490 -1.863432765 0.005498087 -0.020161346 0.999781609 79.341499329
0.999950051 -0.009248837 -0.003771682 0.902318597 0.009323895 0.999748647 0.020393493 -1.876790047 0.003582117 -0.020427642 0.999784887 79.889846802
0.999940038 -0.010381984 -0.003460702 0.929604471 0.010449267 0.999744833 0.020026041 -1.883090854 0.003251909 -0.020061005 0.999793470 80.478645325
0.999946594 -0.010145783 -0.001969686 0.914398015 0.010185205 0.999724269 0.021157825 -1.912745833 0.001754480 -0.021176757 0.999774218 81.005851746
0.999953270 -0.009663518 -0.000256157 0.990450740 0.009666770 0.999731064 0.021079719 -1.922518730 0.000052384 -0.021081209 0.999777794 81.474830627
0.999934018 -0.011145623 0.002772632 1.014462709 0.011086066 0.999725521 0.020641044 -1.903081656 -0.003001926 -0.020608945 0.999783099 82.085815430
0.999913096 -0.010929719 0.007368366 0.936147928 0.010779512 0.999739349 0.020125775 -1.833056927 -0.007586414 -0.020044599 0.999770284 82.587020874
0.999881864 -0.010822328 0.010914420 0.982826293 0.010596532 0.999732912 0.020537656 -1.852888823 -0.011133770 -0.020419575 0.999729514 83.140182495
0.999794185 -0.010443394 0.017393619 0.990941048 0.010082131 0.999734282 0.020729668 -1.861014247 -0.017605484 -0.020550039 0.999633789 83.689857483
0.999672711 -0.009553546 0.023728440 1.027567267 0.009053225 0.999736309 0.021103976 -1.882052064 -0.023923799 -0.020882254 0.999495685 84.192916870
0.999521673 -0.009634368 0.029385230 1.060417295 0.009007548 0.999730587 0.021389425 -1.885968804 -0.029583391 -0.021114504 0.999339223 84.734443665
0.999281585 -0.010256034 0.036483031 1.149395227 0.009477759 0.999725163 0.021441907 -1.868090510 -0.036692914 -0.021080725 0.999104202 85.274436951
0.998920619 -0.008791832 0.045610603 1.167805433 0.007749119 0.999705732 0.022987895 -1.914534688 -0.045799289 -0.022609640 0.998694777 85.755233765
0.998606920 -0.011225466 0.051558126 1.185961008 0.010145091 0.999724388 0.021168645 -1.860217214 -0.051781546 -0.020616092 0.998445630 86.332977295
0.998097062 -0.011048048 0.060664646 1.242820740 0.009762431 0.999722362 0.021447845 -1.866202831 -0.060884763 -0.020814801 0.997927725 86.877227783
0.997435033 -0.010825171 0.070754670 1.301141739 0.009342716 0.999730527 0.021249525 -1.865395904 -0.070965633 -0.020533979 0.997267485 87.455513000
0.996744633 -0.012001829 0.079725228 1.346764088 0.010391111 0.999734044 0.020587627 -1.862766266 -0.079951115 -0.019692175 0.996604204 88.031120300
0.996085942 -0.010294049 0.087788537 1.421766281 0.008409072 0.999726593 0.021814676 -1.898228884 -0.087989092 -0.020991072 0.995900154 88.612808228
0.995051801 -0.010556470 0.098795131 1.496857166 0.008474725 0.999733627 0.021467328 -1.894521713 -0.098995432 -0.020523841 0.994876087 89.164726257
0.993911028 -0.008868108 0.109827861 1.556952477 0.006445809 0.999728501 0.022390863 -1.897255778 -0.109996594 -0.021546599 0.993698359 89.732498169
0.992855847 -0.008542458 0.119013302 1.643128395 0.005849575 0.999719322 0.022957731 -1.903524399 -0.119175985 -0.022097541 0.992627203 90.322135925
0.991517842 -0.009559766 0.129618555 1.753462791 0.006652333 0.999716878 0.022845140 -1.909284115 -0.129800230 -0.021789094 0.991300702 90.859024048
0.989908636 -0.010662143 0.141305447 1.849609375 0.007619034 0.999727547 0.022059239 -1.911365032 -0.141502172 -0.020760020 0.989720166 91.484680176
0.988277793 -0.011049747 0.152265817 1.959945679 0.007724206 0.999718904 0.022414630 -1.917516947 -0.152470678 -0.020975748 0.988085389 92.033523560
0.986793756 -0.011220329 0.161593080 2.078393936 0.007655817 0.999713778 0.022664381 -1.920978308 -0.161801144 -0.021127939 0.986597180 92.582954407
0.984636784 -0.010935226 0.174272865 2.183514595 0.007129807 0.999722481 0.022447113 -1.918559313 -0.174469993 -0.020859720 0.984441519 93.134246826
0.982539237 -0.012160356 0.185657412 2.318539619 0.008117942 0.999713421 0.022518225 -1.917153358 -0.185878068 -0.020617886 0.982356489 93.704582214
0.980204344 -0.010074897 0.197732091 2.447840691 0.005609948 0.999716759 0.023127997 -1.923552036 -0.197909132 -0.021560900 0.979983211 94.350364685
0.977405548 -0.010172014 0.211127579 2.579971313 0.005397686 0.999716759 0.023177480 -1.926576138 -0.211303532 -0.021514198 0.977183700 94.908653259
0.974376321 -0.009769809 0.224712238 2.740381241 0.004509280 0.999704003 0.023911377 -1.932995558 -0.224879354 -0.022285383 0.974131703 95.445404053
0.971862078 -0.012359088 0.235226333 2.916723251 0.006881453 0.999686062 0.024093322 -1.956680298 -0.235450268 -0.021796687 0.971641898 95.898368835
0.968491852 -0.009871038 0.248849660 3.090572357 0.004005623 0.999702454 0.024065478 -1.932901382 -0.249013111 -0.022310423 0.968243182 96.533370972
0.964327276 -0.010002507 0.264523745 3.168170929 0.003795678 0.999705613 0.023964893 -1.938396215 -0.264685571 -0.022105958 0.964081347 97.190666199
0.960687339 -0.009578010 0.277466953 3.341302872 0.002864562 0.999693573 0.024590760 -1.949194670 -0.277617455 -0.022829216 0.960420370 97.706398010
0.957422853 -0.010717974 0.288490176 3.528636932 0.003733395 0.999686778 0.024750164 -1.956473112 -0.288665026 -0.022619326 0.957162917 98.230636597
0.953102350 -0.010291677 0.302473009 3.716356277 0.002873273 0.999684334 0.024960583 -1.964525700 -0.302634448 -0.022920908 0.952830970 98.806800842
0.948220849 -0.011307712 0.317410082 3.912023544 0.003387416 0.999669313 0.025493681 -1.960690022 -0.317593336 -0.023098446 0.947945654 99.319976807
0.944500864 -0.011691167 0.328300834 4.110353470 0.004045816 0.999704719 0.023961063 -1.938489437 -0.328483999 -0.021303002 0.944269240 99.782600403
0.940272808 -0.012284150 0.340200126 4.370769501 0.004395778 0.999703467 0.023948483 -1.938250780 -0.340393424 -0.021022666 0.940047979 100.513603210
0.935217738 -0.012139678 0.353865087 4.594331741 0.003543983 0.999682963 0.024928808 -1.946125031 -0.354055494 -0.022059772 0.934964180 101.027465820
0.930474758 -0.013578519 0.366104364 4.820838928 0.004829320 0.999680638 0.024803380 -1.949294806 -0.366324276 -0.021310881 0.930243194 101.535293579
0.925804496 -0.013501070 0.377761304 5.060577393 0.004437549 0.999681234 0.024852902 -1.960931540 -0.377976418 -0.021332592 0.925569415 102.034164429
0.919994056 -0.014820584 0.391651750 5.306995392 0.005111629 0.999653518 0.025820844 -1.972983599 -0.391898751 -0.021753045 0.919751108 102.501693726
0.914526165 -0.015956948 0.404211581 5.538555145 0.005644502 0.999627829 0.026691379 -2.019076109 -0.404486984 -0.022128394 0.914276004 102.927947998
0.909619272 -0.014012704 0.415206492 5.813434601 0.003829362 0.999671280 0.025348444 -1.967048645 -0.415425241 -0.021467458 0.909373999 103.589317322
0.904195070 -0.014682221 0.426867276 6.071475983 0.004273375 0.999669969 0.025332022 -1.970627785 -0.427098304 -0.021080924 0.903959513 104.066268921
0.897225618 -0.013453756 0.441367298 6.325046539 0.002442219 0.999671698 0.025507363 -1.973990440 -0.441565543 -0.021807946 0.896963894 104.580413818
0.891466618 -0.014495010 0.452854514 6.595829010 0.003361318 0.999672115 0.025380682 -1.971561670 -0.453073949 -0.021103842 0.891223073 105.051376343
0.885272622 -0.014285297 0.464852989 6.877464294 0.002895418 0.999678075 0.025206815 -1.969371796 -0.465063453 -0.020968962 0.885029018 105.578514099
0.878196716 -0.014335169 0.478084624 7.176120758 0.002715164 0.999684036 0.024987606 -1.965339661 -0.478291720 -0.020645957 0.877958298 106.061027527
