1.000000000 0.000000000 0.000000000 0.000000000 0.000000000 1.000000000 0.000000000 0.000000000 0.000000000 0.000000000 1.000000000 0.000000000
1.000000000 -0.000064917 0.000126579 -0.001470733 0.000064909 1.000000000 0.000067801 0.000596430 -0.000126583 -0.000067792 1.000000000 0.002265880
1.000000000 0.000180226 0.000107839 -0.001351345 -0.000180242 1.000000000 0.000145636 0.000607326 -0.000107812 -0.000145655 1.000000000 0.002270781
1.000000000 0.000140050 -0.000066884 0.000480235 -0.000140041 1.000000000 0.000136292 -0.000506419 0.000066903 -0.000136283 1.000000000 -0.000365497
0.999999940 0.000357518 0.000161604 -0.001993092 -0.000357542 0.999999940 0.000150763 -0.000147423 -0.000161550 -0.000150821 1.000000000 0.001142091
1.000000000 0.000181182 0.000094461 -0.001652298 -0.000181200 0.999999940 0.000184619 -0.000009158 -0.000094428 -0.000184636 1.000000000 0.000421189
1.000000000 0.000052945 0.000237068 -0.002407282 -0.000052966 1.000000000 0.000088589 0.000869085 -0.000237064 -0.000088602 0.999999940 0.002780518
0.999999940 -0.000198799 0.000260938 -0.002132776 0.000198775 1.000000000 0.000091090 0.001346686 -0.000260956 -0.000091038 0.999999940 0.003837423
1.000000000 -0.000028397 0.000153457 -0.001012859 0.000028391 1.000000000 0.000038370 0.000949758 -0.000153458 -0.000038365 1.000000000 0.002677999
1.000000000 0.000054907 0.000230585 -0.001822196 -0.000054935 1.000000000 0.000121752 0.000568530 -0.000230578 -0.000121764 0.999999940 0.002199598
0.999999940 -0.000078093 0.000256123 -0.001534952 0.000078109 1.000000000 -0.000062663 0.002306399 -0.000256118 0.000062683 0.999999940 0.003328879
1.000000000 -0.000077922 0.000052580 -0.000217011 0.000077913 1.000000000 0.000159742 -0.000100432 -0.000052592 -0.000159738 1.000000000 0.001034554
1.000000000 0.000105550 0.000215134 -0.002941362 -0.000105541 1.000000000 -0.000039983 0.002978523 -0.000215138 0.000039960 1.000000000 0.006120669
0.999999940 -0.000083174 0.000304638 -0.003122733 0.000083114 1.000000000 0.000198100 0.000586868 -0.000304654 -0.000198075 0.999999940 0.003562340
1.000000000 0.000038777 0.000205176 -0.001577520 -0.000038804 1.000000000 0.000134307 -0.000091087 -0.000205170 -0.000134315 0.999999940 0.000881196
0.999999940 0.000138980 0.000214708 -0.001850606 -0.000139018 1.000000000 0.000177606 -0.000339846 -0.000214684 -0.000177636 0.999999940 0.000514192
1.000000000 -0.000115489 0.000114436 -0.001894987 0.000115485 1.000000000 0.000040266 0.001272755 -0.000114440 -0.000040253 1.000000000 0.003431364
0.999999821 0.000255738 0.000503681 -0.003833374 -0.000255773 0.999999940 0.000069147 0.000939216 -0.000503663 -0.000069276 0.999999881 0.003050224
0.999999940 0.000131296 0.000330302 -0.003768350 -0.000131332 1.000000000 0.000109827 0.001237991 -0.000330288 -0.000109871 0.999999940 0.005028354
0.999999940 0.000342442 0.000202353 -0.002364331 -0.000342480 0.999999940 0.000187342 0.000501533 -0.000202289 -0.000187411 0.999999940 0.003358741
0.999999821 0.000443518 0.000353116 -0.002594729 -0.000443630 0.999999881 0.000317806 -0.000673694 -0.000352975 -0.000317963 0.999999881 0.001706445
0.999999821 0.000472227 0.000400546 -0.004520253 -0.000472305 0.999999881 0.000194368 0.000812201 -0.000400454 -0.000194557 0.999999881 0.004108889
0.999999940 0.000185984 0.000306402 -0.002373714 -0.000186057 0.999999940 0.000238084 -0.000182968 -0.000306358 -0.000238141 0.999999940 0.000889601
0.999999940 0.000197035 0.000321608 -0.002995229 -0.000197088 0.999999940 0.000162532 0.000820082 -0.000321576 -0.000162596 0.999999940 0.005370609
0.999999940 0.000162172 0.000261674 -0.003134707 -0.000162206 1.000000000 0.000126652 0.001690085 -0.000261654 -0.000126695 0.999999940 0.004800022
0.999999940 0.000132348 0.000347413 -0.003078388 -0.000132379 1.000000000 0.000088753 0.002111350 -0.000347401 -0.000088799 0.999999940 0.004818300
0.999999940 0.000000201 0.000314240 -0.001850227 -0.000000198 1.000000000 -0.000011201 0.001450138 -0.000314240 0.000011201 0.999999940 0.001515139
0.999999940 0.000195477 0.000240779 -0.002237347 -0.000195485 1.000000000 0.000035978 0.001607182 -0.000240772 -0.000036025 1.000000000 0.003591727
0.999999821 0.000411901 0.000456316 -0.004616319 -0.000411888 0.999999940 -0.000026759 0.002766925 -0.000456327 0.000026571 0.999999881 0.005345913
0.999999940 0.000104187 0.000287812 -0.002707920 -0.000104235 1.000000000 0.000167178 0.001390353 -0.000287795 -0.000167208 0.999999940 0.003163724
0.999999940 0.000144811 0.000235717 -0.001883333 -0.000144830 1.000000000 0.000079422 0.001505691 -0.000235706 -0.000079456 0.999999940 0.003753835
1.000000000 -0.000019968 0.000209202 -0.001665948 0.000019926 1.000000000 0.000199374 0.000249904 -0.000209206 -0.000199370 0.999999940 0.001402296
1.000000000 -0.000012248 0.000217247 -0.002286541 0.000012251 1.000000000 -0.000014876 0.002407637 -0.000217247 0.000014879 1.000000000 0.004695143
0.999999940 0.000124762 0.000397131 -0.002291375 -0.000124786 1.000000000 0.000059876 0.001029639 -0.000397124 -0.000059926 0.999999940 0.002417654
0.999999940 0.000139255 0.000279878 -0.001844495 -0.000139321 0.999999940 0.000236867 -0.000663144 -0.000279845 -0.000236906 0.999999940 0.001016174
0.999999881 0.000264897 0.000356187 -0.001738315 -0.000264966 0.999999940 0.000193317 -0.000351794 -0.000356136 -0.000193411 0.999999940 -0.000199299
0.999999940 0.000051305 0.000278761 -0.002440142 -0.000051305 1.000000000 -0.000002418 0.004747013 -0.000278761 0.000002403 0.999999940 0.007768217
0.999999940 -0.000133305 0.000205996 -0.002301154 0.000133298 1.000000000 0.000036546 0.002850894 -0.000206000 -0.000036518 1.000000000 0.006260517
0.999999940 0.000026349 0.000372160 -0.003850607 -0.000026409 1.000000000 0.000160182 0.002083747 -0.000372156 -0.000160191 0.999999940 0.005573506
0.999999940 -0.000238363 0.000295743 -0.001024403 0.000238329 0.999999940 0.000117718 0.000842921 -0.000295771 -0.000117648 0.999999940 0.002061321
0.999999940 -0.000072109 0.000409395 -0.002026694 0.000072049 1.000000000 0.000147323 0.000534232 -0.000409405 -0.000147294 0.999999881 0.002805692
0.999999940 -0.000276361 0.000218236 0.001140446 0.000276495 0.999999762 -0.000613570 -0.000709795 -0.000218067 0.000613631 0.999999762 0.051903173
0.999999940 0.000166351 0.000282450 -0.001692051 -0.000166035 0.999999344 -0.001117881 -0.003572539 -0.000282636 0.001117834 0.999999344 0.137386605
0.999999940 0.000242047 -0.000034428 0.002912489 -0.000242097 0.999998868 -0.001467286 -0.004448981 0.000034073 0.001467294 0.999998927 0.255209118
1.000000000 0.000107021 -0.000076317 0.005692135 -0.000107102 0.999999404 -0.001071014 -0.011576441 0.000076202 0.001071022 0.999999404 0.385678828
0.999999940 0.000356449 0.000062957 0.007704870 -0.000356409 0.999999702 -0.000640518 -0.018281588 -0.000063185 0.000640495 0.999999821 0.523710728
1.000000000 0.000150107 -0.000066492 0.013471493 -0.000150154 0.999999762 -0.000700158 -0.024263691 0.000066387 0.000700168 0.999999762 0.674970269
0.999999940 0.000281164 0.000157550 0.017668048 -0.000281035 0.999999642 -0.000820253 -0.024540786 -0.000157781 0.000820209 0.999999642 0.837181926
1.000000000 -0.000032793 -0.000144981 0.020682903 0.000032709 0.999999821 -0.000583099 -0.027227819 0.000145000 0.000583094 0.999999821 1.015693545
0.999999940 0.000378326 -0.000155275 0.022771489 -0.000378371 0.999999881 -0.000292552 -0.033376597 0.000155164 0.000292610 0.999999940 1.190411925
0.999999881 0.000476104 0.000165246 0.020446159 -0.000476087 0.999999881 -0.000103610 -0.040631257 -0.000165295 0.000103532 1.000000000 1.372188687
0.999998212 0.000863259 -0.001640956 0.053224847 -0.000862683 0.999999523 0.000351568 -0.063601121 0.001641259 -0.000350151 0.999998569 1.576730967
0.999998748 0.000884608 -0.001321654 0.055839218 -0.000884919 0.999999642 -0.000234196 -0.057522327 0.001321446 0.000235365 0.999999046 1.777877927
0.999997914 0.000749967 -0.001869879 0.066007696 -0.000748849 0.999999523 0.000598262 -0.070047177 0.001870327 -0.000596861 0.999998033 1.981680632
0.999998629 0.000713139 -0.001519192 0.067702785 -0.000712043 0.999999464 0.000721706 -0.075764991 0.001519706 -0.000720623 0.999998629 2.191802979
0.999998510 0.000458353 -0.001672936 0.073618099 -0.000457052 0.999999583 0.000777532 -0.080419548 0.001673291 -0.000776766 0.999998271 2.414905071
0.999998391 0.000699664 -0.001657443 0.074954852 -0.000698455 0.999999464 0.000730221 -0.083256848 0.001657953 -0.000729062 0.999998391 2.642719746
0.999998450 0.001105758 -0.001368618 0.073033713 -0.001104718 0.999999106 0.000760070 -0.099768013 0.001369457 -0.000758557 0.999998748 2.855100632
0.999998033 0.001135946 -0.001576987 0.079403289 -0.001134241 0.999998748 0.001081108 -0.107132979 0.001578213 -0.001079317 0.999998152 3.083493233
0.999998510 0.000609297 -0.001578160 0.083313659 -0.000607954 0.999999404 0.000850980 -0.109642431 0.001578678 -0.000850019 0.999998391 3.331878424
0.999998450 0.000897607 -0.001479141 0.088431612 -0.000895752 0.999998748 0.001254514 -0.121663988 0.001480265 -0.001253187 0.999998093 3.548648834
0.999998748 0.000743708 -0.001409076 0.094342895 -0.000742321 0.999999225 0.000985075 -0.125966772 0.001409807 -0.000984027 0.999998450 3.804144382
0.999998987 0.000776352 -0.001227822 0.098614588 -0.000775240 0.999999285 0.000906085 -0.131844759 0.001228525 -0.000905132 0.999998808 4.063014030
0.999997616 0.001694223 -0.001334306 0.104401492 -0.001692434 0.999997675 0.001340688 -0.140319869 0.001336574 -0.001338427 0.999998152 4.311085701
0.999997854 0.001431924 -0.001474337 0.113826327 -0.001429939 0.999998033 0.001346691 -0.147840679 0.001476263 -0.001344580 0.999998033 4.574176788
0.999998033 0.001125908 -0.001616971 0.123167180 -0.001123701 0.999998450 0.001365100 -0.155353457 0.001618506 -0.001363280 0.999997735 4.831366062
0.999998510 0.000794499 -0.001518350 0.120687410 -0.000792679 0.999998987 0.001198929 -0.152649894 0.001519301 -0.001197724 0.999998093 5.095036983
0.999998152 0.000418067 -0.001859477 0.126973227 -0.000415956 0.999999225 0.001135504 -0.159780681 0.001859951 -0.001134728 0.999997675 5.363512039
0.999997973 0.000796923 -0.001820176 0.129157856 -0.000794892 0.999999106 0.001116244 -0.165600598 0.001821064 -0.001114795 0.999997735 5.637689590
0.999998569 0.000720861 -0.001547762 0.140478581 -0.000717974 0.999997973 0.001865437 -0.184864268 0.001549104 -0.001864323 0.999997079 5.894248009
0.999998510 0.000418433 -0.001691203 0.151920393 -0.000415070 0.999997914 0.001988594 -0.191775918 0.001692031 -0.001987889 0.999996603 6.160153389
0.999998093 0.000975857 -0.001726442 0.156335890 -0.000972741 0.999997914 0.001804745 -0.199631378 0.001728200 -0.001803062 0.999996901 6.457685947
0.999998391 0.001425528 -0.001103597 0.149698481 -0.001424307 0.999998331 0.001106553 -0.202332482 0.001105173 -0.001104979 0.999998808 6.754647732
0.999998152 0.001392550 -0.001304256 0.156685978 -0.001390733 0.999998093 0.001392714 -0.212035343 0.001306192 -0.001390897 0.999998271 7.052591801
0.999998808 0.000931673 -0.001195432 0.167375818 -0.000929878 0.999998450 0.001501188 -0.222140700 0.001196829 -0.001500075 0.999998212 7.343389988
0.999998868 0.000969238 -0.001178598 0.167323694 -0.000968162 0.999999106 0.000913118 -0.222174063 0.001179482 -0.000911976 0.999998927 7.668764591
0.999998510 0.001345579 -0.001002874 0.187177315 -0.001343547 0.999997020 0.002024066 -0.252290279 0.001005595 -0.002022716 0.999997377 7.943252087
0.999998629 0.001112953 -0.001108902 0.194095075 -0.001110967 0.999997735 0.001789488 -0.255182683 0.001110891 -0.001788254 0.999997735 8.266563416
0.999998629 0.001397959 -0.000831884 0.191436514 -0.001396980 0.999998331 0.001176048 -0.264433444 0.000833527 -0.001174885 0.999998987 8.599634171
0.999999285 0.001126916 -0.000314587 0.192412540 -0.001126532 0.999998569 0.001216383 -0.269281924 0.000315957 -0.001216027 0.999999225 8.942792892
0.999999702 0.000712026 -0.000116564 0.197330266 -0.000711883 0.999998927 0.001222367 -0.280133009 0.000117434 -0.001222284 0.999999285 9.281008720
0.999999464 0.000943259 -0.000431217 0.204347789 -0.000942699 0.999998689 0.001297996 -0.294539988 0.000432441 -0.001297589 0.999999046 9.634969711
0.999999404 0.000813258 -0.000666850 0.216272190 -0.000812420 0.999998808 0.001256387 -0.305059493 0.000667871 -0.001255844 0.999998987 9.974464417
0.999999464 0.000876206 -0.000554612 0.222178295 -0.000875403 0.999998569 0.001446804 -0.306802034 0.000555879 -0.001446318 0.999998808 10.306154251
0.999998868 0.001429190 0.000521057 0.216794103 -0.001429971 0.999997854 0.001500563 -0.314281166 -0.000518911 -0.001501307 0.999998748 10.672928810
0.999999285 0.001189747 0.000232000 0.220874831 -0.001190305 0.999996364 0.002421970 -0.335772634 -0.000229118 -0.002422245 0.999997020 11.018696785
0.999999106 0.001248581 0.000541128 0.226940468 -0.001250043 0.999995530 0.002710362 -0.349527419 -0.000537741 -0.002711036 0.999996126 11.391532898
0.999999821 0.000499231 0.000326876 0.229541823 -0.000499870 0.999997973 0.001954783 -0.348239690 -0.000325899 -0.001954946 0.999998033 11.750681877
0.999999762 0.000498000 0.000491279 0.237218350 -0.000498847 0.999998391 0.001724913 -0.360066295 -0.000490419 -0.001725157 0.999998450 12.130094528
0.999999642 0.000677877 0.000514168 0.245073110 -0.000679039 0.999997199 0.002263675 -0.370107174 -0.000512632 -0.002264024 0.999997318 12.489943504
0.999999464 0.000399561 0.000974204 0.247421235 -0.000401700 0.999997497 0.002196505 -0.377064794 -0.000973324 -0.002196895 0.999997139 12.890102386
0.999998689 0.000869930 0.001364253 0.247505248 -0.000872546 0.999997795 0.001918084 -0.387813210 -0.001362581 -0.001919271 0.999997258 13.273036003
0.999998271 0.000707553 0.001706548 0.257738858 -0.000711061 0.999997675 0.002055854 -0.397991836 -0.001705089 -0.002057064 0.999996483 13.681186676
0.999996841 0.001081793 0.002281274 0.250545412 -0.001086578 0.999997199 0.002097193 -0.403033555 -0.002278999 -0.002099666 0.999995112 14.118866920
0.999997616 0.000623880 0.002116059 0.264680803 -0.000629015 0.999996781 0.002427187 -0.416960329 -0.002114539 -0.002428512 0.999994814 14.540276527
0.999998391 -0.000027036 0.001783513 0.280892372 0.000022132 0.999996185 0.002749715 -0.433629990 -0.001783580 -0.002749671 0.999994576 14.959280014
0.999995768 0.000089290 0.002890388 0.288009465 -0.000095121 0.999997973 0.002017226 -0.443851531 -0.002890202 -0.002017493 0.999993801 15.386986732
0.999994814 -0.000307554 0.003186770 0.300432682 0.000300420 0.999997437 0.002238744 -0.454697996 -0.003187452 -0.002237775 0.999992430 15.807394028
0.999995410 -0.000330828 0.003013257 0.312918097 0.000323746 0.999997199 0.002350539 -0.463174284 -0.003014026 -0.002349553 0.999992609 16.267812729
0.999995112 -0.000232429 0.003102654 0.320988387 0.000227086 0.999998569 0.001722384 -0.470023483 -0.003103049 -0.001721670 0.999993622 16.723424911
0.999993742 0.000027320 0.003524591 0.339535147 -0.000035584 0.999997258 0.002344580 -0.493824452 -0.003524517 -0.002344691 0.999991059 17.160795212
0.999992311 0.000735736 0.003869337 0.347425401 -0.000745386 0.999996603 0.002493307 -0.506000698 -0.003867489 -0.002496172 0.999989450 17.621280670
0.999988198 0.000389288 0.004842998 0.357290357 -0.000400222 0.999997377 0.002256857 -0.517278671 -0.004842107 -0.002258768 0.999985754 18.108751297
0.999988079 0.000590938 0.004860891 0.367883891 -0.000602733 0.999996901 0.002425274 -0.526659846 -0.004859442 -0.002428175 0.999985278 18.578599930
0.999992430 0.000601170 0.003842941 0.406089067 -0.000612171 0.999995708 0.002862052 -0.547589421 -0.003841203 -0.002864383 0.999988496 19.027547836
0.999993384 0.000355187 0.003607057 0.423800290 -0.000365378 0.999995947 0.002825040 -0.561336637 -0.003606039 -0.002826339 0.999989510 19.498764038
0.999989927 0.000717534 0.004417245 0.429262191 -0.000733419 0.999993265 0.003595676 -0.579739809 -0.004414636 -0.003598880 0.999983728 19.971029282
0.999984920 0.000534430 0.005460809 0.394827008 -0.000549079 0.999996185 0.002681499 -0.579756677 -0.005459355 -0.002684457 0.999981523 20.515026093
0.999983132 0.000842079 0.005745196 0.401293367 -0.000855552 0.999996781 0.002343009 -0.587291896 -0.005743205 -0.002347885 0.999980807 21.018049240
0.999985635 0.000510952 0.005330794 0.414294153 -0.000521631 0.999997854 0.002002096 -0.592278600 -0.005329760 -0.002004848 0.999983788 21.524309158
0.999988616 0.001267960 0.004598265 0.436213493 -0.001279327 0.999996126 0.002469789 -0.626810431 -0.004595116 -0.002475644 0.999986351 22.009017944
0.999989569 0.001577430 0.004291067 0.453784943 -0.001588409 0.999995470 0.002556297 -0.637663364 -0.004287016 -0.002563086 0.999987483 22.507371902
0.999994576 0.000052783 0.003283765 0.462576985 -0.000060614 0.999997139 0.002384587 -0.654273748 -0.003283631 -0.002384773 0.999991775 23.045843124
0.999995887 0.000373135 0.002853065 0.472829431 -0.000379709 0.999997199 0.002304093 -0.668386877 -0.002852198 -0.002305167 0.999993205 23.575172424
0.999995828 -0.000511840 0.002838073 0.471419275 0.000507360 0.999998629 0.001578828 -0.673689127 -0.002838877 -0.001577382 0.999994755 24.111442566
0.999997258 0.000524825 0.002280309 0.484120756 -0.000529535 0.999997675 0.002065280 -0.687818706 -0.002279220 -0.002066481 0.999995351 24.645690918
0.999999166 0.000621493 0.001109286 0.508780241 -0.000624243 0.999996722 0.002480960 -0.716064155 -0.001107740 -0.002481650 0.999996305 25.204990387
0.999999285 0.000980100 0.000633345 0.518058300 -0.000981400 0.999997437 0.002055876 -0.725513160 -0.000631328 -0.002056497 0.999997735 25.745630264
0.999998569 0.001221731 0.001151853 0.521512628 -0.001224402 0.999996543 0.002321788 -0.743050992 -0.001149013 -0.002323195 0.999996662 26.303409576
0.999999404 0.000881060 0.000614862 0.515167594 -0.000882494 0.999996901 0.002336364 -0.739504337 -0.000612802 -0.002336906 0.999997079 26.828540802
0.999999940 -0.000239861 0.000326147 0.526930451 0.000238758 0.999994278 0.003377154 -0.760523617 -0.000326955 -0.003377076 0.999994218 27.380260468
0.999999106 0.001282295 0.000183575 0.522480726 -0.001282624 0.999997556 0.001807397 -0.758767426 -0.000181257 -0.001807631 0.999998331 27.933494568
0.999998927 0.001471601 0.000283070 0.523217201 -0.001472074 0.999997556 0.001680582 -0.774177313 -0.000280596 -0.001680997 0.999998569 28.470193863
0.999997616 0.002171092 0.000057706 0.528088689 -0.002171229 0.999994576 0.002485633 -0.790488362 -0.000052310 -0.002485753 0.999996901 29.018690109
0.999998510 0.001663980 -0.000480640 0.540083408 -0.001662781 0.999995530 0.002485673 -0.799901307 0.000484774 -0.002484870 0.999996781 29.565996170
0.999997497 0.002206304 -0.000419389 0.542632997 -0.002205179 0.999994040 0.002665753 -0.815619946 0.000425268 -0.002664821 0.999996364 30.099077225
0.999995828 0.002859637 0.000360191 0.550016761 -0.002860724 0.999991357 0.003054607 -0.833219528 -0.000351453 -0.003055625 0.999995291 30.649366379
0.999998510 0.001687014 -0.000275939 0.550102711 -0.001686406 0.999996126 0.002191189 -0.831257939 0.000279635 -0.002190720 0.999997556 31.200277328
0.999998689 0.001502670 -0.000563799 0.562406540 -0.001501333 0.999996066 0.002364988 -0.844305575 0.000567351 -0.002364138 0.999997020 31.741695404
0.999998510 0.001676828 -0.000389587 0.562846899 -0.001676136 0.999997020 0.001769766 -0.850193918 0.000392553 -0.001769111 0.999998331 32.289398193
0.999997735 0.002055810 -0.000401398 0.568083048 -0.002055063 0.999996185 0.001854286 -0.862202644 0.000405208 -0.001853457 0.999998212 32.833885193
0.999997079 0.002285713 -0.000696453 0.577952802 -0.002284388 0.999995589 0.001897725 -0.878387451 0.000700788 -0.001896129 0.999997973 33.371047974
0.999997020 0.002325259 -0.000727401 0.585004568 -0.002323967 0.999995708 0.001771543 -0.888207078 0.000731517 -0.001769847 0.999998152 33.926376343
0.999997616 0.001913013 -0.001070484 0.594447970 -0.001910868 0.999996185 0.002000561 -0.903343379 0.001074308 -0.001998512 0.999997437 34.459625244
0.999996901 0.002411369 -0.000764102 0.596680284 -0.002410060 0.999995649 0.001709451 -0.908807516 0.000768220 -0.001707604 0.999998271 35.009082794
0.999996245 0.002695926 -0.000270426 0.604888797 -0.002695423 0.999994636 0.001841878 -0.924204648 0.000275390 -0.001841142 0.999998331 35.545726776
0.999996901 0.001998991 -0.001502491 0.624167562 -0.001996286 0.999996364 0.001799780 -0.946704447 0.001506083 -0.001796775 0.999997258 36.105224609
0.999995589 0.002907473 -0.000706253 0.628596485 -0.002906355 0.999994576 0.001578285 -0.958494604 0.000710838 -0.001576225 0.999998510 36.653564453
0.999996901 0.002210299 -0.001227754 0.641649306 -0.002208265 0.999996185 0.001654778 -0.965112746 0.001231407 -0.001652061 0.999997854 37.171977997
0.999997318 0.002170704 -0.000725286 0.651342928 -0.002169770 0.999996722 0.001287466 -0.978611946 0.000728079 -0.001285889 0.999998927 37.716896057
0.999995291 0.002487037 -0.001773865 0.667925119 -0.002483656 0.999995053 0.001905385 -0.997517824 0.001778595 -0.001900971 0.999996603 38.275249481
0.999995708 0.002202905 -0.001930932 0.676995397 -0.002199243 0.999995768 0.001896814 -1.012008786 0.001935103 -0.001892559 0.999996364 38.816253662
0.999995649 0.002571409 -0.001433962 0.689398706 -0.002568636 0.999994814 0.001933016 -1.031391859 0.001438925 -0.001929324 0.999997079 39.353218079
0.999994040 0.002309300 -0.002577923 0.712509036 -0.002302594 0.999993980 0.002601732 -1.046994448 0.002583916 -0.002595781 0.999993265 39.932735443
0.999994397 0.002693532 -0.001979810 0.718591273 -0.002688988 0.999993801 0.002294330 -1.060053945 0.001985977 -0.002288993 0.999995410 40.474166870
0.999993503 0.002710545 -0.002404977 0.740708292 -0.002705777 0.999994338 0.001983683 -1.069221616 0.002410340 -0.001977163 0.999995053 41.035018921
0.999991179 0.002748241 -0.003149959 0.746822715 -0.002742186 0.999994338 0.001925086 -1.084174871 0.003155232 -0.001916431 0.999993205 41.596099854
0.999988496 0.002543573 -0.004040657 0.768557012 -0.002535308 0.999994695 0.002048938 -1.108480215 0.004045846 -0.002038670 0.999989808 42.124816895
0.999988556 0.002739212 -0.003899022 0.778515160 -0.002731048 0.999994040 0.002097590 -1.118849874 0.003904744 -0.002086917 0.999990225 42.674522400
0.999989688 0.003211925 -0.003201118 0.762471855 -0.003205039 0.999992549 0.002153947 -1.125322938 0.003208013 -0.002143665 0.999992549 43.228836060
0.999990880 0.003142329 -0.002859564 0.769905210 -0.003136354 0.999992907 0.002091314 -1.140829682 0.002866115 -0.002082327 0.999993742 43.776027679
0.999992192 0.002626808 -0.002955987 0.775089860 -0.002620405 0.999994218 0.002167858 -1.152570009 0.002961664 -0.002160096 0.999993205 44.318557739
0.999989986 0.003169235 -0.003170325 0.786076903 -0.003162132 0.999992430 0.002242906 -1.164119482 0.003177409 -0.002232859 0.999992430 44.867115021
0.999990940 0.003040615 -0.002963139 0.796670318 -0.003034055 0.999992967 0.002216123 -1.180916071 0.002969856 -0.002207113 0.999993086 45.423553467
0.999991834 0.003032674 -0.002666891 0.810049653 -0.003027196 0.999993324 0.002056037 -1.194823623 0.002673108 -0.002047947 0.999994338 45.963520050
0.999990642 0.003128120 -0.002966111 0.812040687 -0.003120912 0.999992192 0.002431534 -1.213930488 0.002973694 -0.002422254 0.999992609 46.512405396
0.999988914 0.003692648 -0.002903278 0.824896574 -0.003685012 0.999989748 0.002631143 -1.231337190 0.002912964 -0.002620415 0.999992371 47.072631836
0.999992609 0.003146531 -0.002206049 0.823750257 -0.003142931 0.999993682 0.001633226 -1.225681305 0.002211175 -0.001626280 0.999996245 47.624145508
0.999990582 0.003188866 -0.002918562 0.835551620 -0.003182305 0.999992430 0.002249562 -1.255221725 0.002925713 -0.002240254 0.999993205 48.170970917
0.999989450 0.003371123 -0.003131878 0.855374336 -0.003363748 0.999991536 0.002357118 -1.267604709 0.003139798 -0.002346558 0.999992251 48.724189758
0.999991477 0.003337291 -0.002432606 0.853779376 -0.003332122 0.999992251 0.002125370 -1.279165983 0.002439680 -0.002117246 0.999994695 49.262378693
0.999991298 0.002837322 -0.003054227 0.872676551 -0.002829370 0.999992609 0.002604818 -1.304239631 0.003061596 -0.002596155 0.999991953 49.820667267
0.999990523 0.003460204 -0.002632110 0.874531686 -0.003452071 0.999989331 0.003087820 -1.317477107 0.002642766 -0.003078705 0.999991775 50.359848022
0.999989629 0.003434362 -0.002970870 0.875332713 -0.003427148 0.999991119 0.002429632 -1.327129602 0.002979188 -0.002419425 0.999992609 50.913154602
0.999990165 0.003763903 -0.002346895 0.881606042 -0.003757405 0.999989092 0.002766754 -1.347326517 0.002357283 -0.002757908 0.999993384 51.471069336
0.999989390 0.003225271 -0.003292788 0.900037408 -0.003216652 0.999991536 0.002619520 -1.357288599 0.003301209 -0.002608900 0.999991119 52.010288239
0.999990284 0.003180338 -0.003052078 0.908584714 -0.003173003 0.999992013 0.002404987 -1.372330785 0.003059703 -0.002395279 0.999992430 52.559474945
0.999991715 0.002911330 -0.002851275 0.916907310 -0.002903977 0.999992371 0.002579900 -1.385782719 0.002858764 -0.002571599 0.999992549 53.111213684
0.999991000 0.003008217 -0.002971273 0.923264027 -0.003000262 0.999991894 0.002678323 -1.403017163 0.002979306 -0.002669385 0.999991953 53.653507233
0.999991953 0.002975015 -0.002683600 0.932959855 -0.002968735 0.999992847 0.002341218 -1.414416790 0.002690547 -0.002333232 0.999993622 54.205310822
0.999991894 0.003129263 -0.002530674 0.941716969 -0.003123947 0.999992907 0.002101969 -1.424697876 0.002537234 -0.002094046 0.999994576 54.747890472
0.999991298 0.003228722 -0.002649522 0.948179960 -0.003222355 0.999991834 0.002403841 -1.444665074 0.002657262 -0.002395282 0.999993622 55.288887024
0.999991536 0.003265284 -0.002508003 0.955401421 -0.003259265 0.999991834 0.002400192 -1.456974983 0.002515820 -0.002391998 0.999993920 55.840698242
0.999991536 0.003114727 -0.002683166 0.962442935 -0.003108334 0.999992311 0.002383174 -1.466599226 0.002690569 -0.002374813 0.999993563 56.395492554
0.999992251 0.003129160 -0.002366160 0.983408630 -0.003121838 0.999990344 0.003091487 -1.491591930 0.002375810 -0.003084077 0.999992430 56.908210754
0.999991834 0.003147986 -0.002534041 0.985742748 -0.003141514 0.999991834 0.002553763 -1.498343825 0.002542059 -0.002545782 0.999993503 57.490402222
0.999991357 0.003355237 -0.002443645 0.994946361 -0.003348777 0.999990880 0.002643002 -1.516848207 0.002452491 -0.002634796 0.999993503 58.030563354
0.999992549 0.002975633 -0.002466143 1.001311779 -0.002970218 0.999993145 0.002196244 -1.526750684 0.002472661 -0.002188902 0.999994576 58.580326080
0.999991357 0.003353126 -0.002457695 1.009324074 -0.003347523 0.999991834 0.002280747 -1.539042115 0.002465323 -0.002272500 0.999994397 59.128868103
0.999994040 0.002713576 -0.002132769 1.012365341 -0.002710094 0.999995053 0.001633836 -1.545385599 0.002137192 -0.001628046 0.999996483 59.683052063
0.999991953 0.003420850 -0.002090575 1.021257639 -0.003417524 0.999992847 0.001592665 -1.561997175 0.002096009 -0.001585507 0.999996543 60.220508575
0.999991000 0.003717882 -0.002032718 1.030001879 -0.003713760 0.999991000 0.002027994 -1.577528238 0.002040240 -0.002020427 0.999995828 60.771480560
0.999992132 0.003361791 -0.002110358 1.037419438 -0.003358367 0.999993026 0.001623820 -1.587488651 0.002115802 -0.001616720 0.999996424 61.298023224
0.999988079 0.002868186 -0.003973715 1.050558805 -0.002861201 0.999994338 0.001762337 -1.597728133 0.003978747 -0.001750946 0.999990582 61.860187531
0.999989510 0.004177379 -0.001837638 1.053064346 -0.004174826 0.999990344 0.001391208 -1.612150908 0.001843432 -0.001383522 0.999997258 62.397968292
0.999988377 0.004507370 -0.001679051 1.063926578 -0.004504835 0.999988735 0.001510751 -1.630308270 0.001685841 -0.001503169 0.999997377 62.941986084
0.999988079 0.004551240 -0.001757661 1.071119666 -0.004547630 0.999987543 0.002052298 -1.648582935 0.001766980 -0.002044280 0.999996305 63.480182648
0.999987662 0.004740636 -0.001447278 1.075916886 -0.004738330 0.999987483 0.001592645 -1.664589286 0.001454811 -0.001585768 0.999997675 64.030258179
0.999986410 0.005207200 -0.000119935 1.070060015 -0.005206974 0.999984801 0.001811332 -1.679515123 0.000129365 -0.001810683 0.999998391 64.572586060
0.999986649 0.004437056 -0.002652645 1.119890094 -0.004430518 0.999987245 0.002465307 -1.696831703 0.002663549 -0.002453521 0.999993443 65.085220337
0.999988854 0.004286140 -0.001974689 1.126798034 -0.004281829 0.999988496 0.002182845 -1.712542534 0.001984022 -0.002174365 0.999995649 65.636756897
0.999991536 0.003895880 -0.001341782 1.135604143 -0.003892366 0.999989033 0.002611887 -1.727679133 0.001351943 -0.002606642 0.999995649 66.179290771
0.999988079 0.004558188 -0.001719780 1.135274887 -0.004554104 0.999986827 0.002370753 -1.741492152 0.001730564 -0.002362893 0.999995649 66.729637146
0.999988377 0.004541866 -0.001578843 1.149952173 -0.004538397 0.999987304 0.002193489 -1.752719522 0.001588785 -0.002186298 0.999996305 67.272872925
0.999987602 0.004586377 -0.001989951 1.162504077 -0.004580775 0.999985576 0.002810488 -1.775303721 0.002002812 -0.002801337 0.999994099 67.807777405
0.999987960 0.004443120 -0.002084212 1.182190657 -0.004436001 0.999984324 0.003407393 -1.798442602 0.002099319 -0.003398107 0.999992073 68.331848145
0.999985218 0.005226666 -0.001535729 1.183593869 -0.005222091 0.999981999 0.002968040 -1.807686329 0.001551214 -0.002959976 0.999994457 68.890800476
0.999986827 0.004897494 -0.001510076 1.178943872 -0.004893838 0.999985039 0.002415170 -1.820367694 0.001521882 -0.002407749 0.999995947 69.438407898
0.999987900 0.004679546 -0.001492202 1.188920498 -0.004676399 0.999986827 0.002105702 -1.830967665 0.001502036 -0.002098699 0.999996662 69.977966309
0.999983251 0.005643001 -0.001325438 1.199944139 -0.005639413 0.999980509 0.002694582 -1.847940207 0.001340617 -0.002687063 0.999995470 70.520149231
0.999989152 0.004432125 -0.001397859 1.200649858 -0.004428816 0.999987423 0.002361786 -1.860623956 0.001408309 -0.002355569 0.999996245 71.055702209
0.999987841 0.004825210 -0.001013173 1.208417535 -0.004822608 0.999985099 0.002554456 -1.876401186 0.001025484 -0.002549539 0.999996245 71.598884583
0.999987543 0.004903125 -0.001037983 1.216393471 -0.004900367 0.999984443 0.002642842 -1.890488148 0.001050925 -0.002637722 0.999995947 72.140998840
0.999988019 0.004841397 -0.000658402 1.223600030 -0.004839817 0.999985456 0.002379047 -1.904922366 0.000669910 -0.002375832 0.999996901 72.689651489
0.999985278 0.005351211 -0.000823014 1.233670235 -0.005348584 0.999980688 0.003159658 -1.927919626 0.000839906 -0.003155209 0.999994636 73.210472107
0.999984860 0.005372343 -0.001153976 1.243083715 -0.005368768 0.999980807 0.003079103 -1.939185739 0.001170496 -0.003072861 0.999994636 73.759735107
0.999985218 0.005358309 -0.000939461 1.253731608 -0.005355301 0.999980628 0.003176396 -1.957292557 0.000956463 -0.003171317 0.999994516 74.288536072
0.999986470 0.005012292 -0.001370067 1.271187663 -0.005007565 0.999981701 0.003431701 -1.971115828 0.001387242 -0.003424794 0.999993145 74.829574585
0.999987543 0.004860295 -0.001141697 1.279250026 -0.004855724 0.999980330 0.003971978 -1.990061879 0.001160979 -0.003966385 0.999991417 75.369812012
0.999986470 0.005111715 -0.000954347 1.289983869 -0.005108620 0.999981761 0.003217922 -1.998417020 0.000970779 -0.003213003 0.999994338 75.921020508
0.999984682 0.005413149 -0.001136690 1.299838662 -0.005409481 0.999980211 0.003206994 -2.010411978 0.001154027 -0.003200796 0.999994159 76.471893311
0.999989808 0.004424269 -0.001034274 1.315412641 -0.004421008 0.999985337 0.003135641 -2.029481888 0.001048132 -0.003131035 0.999994576 77.014854431
0.999988794 0.004679188 -0.000773620 1.327839613 -0.004676585 0.999983490 0.003334151 -2.044939995 0.000789208 -0.003330496 0.999994159 77.550674438
0.999989271 0.004277535 -0.001771708 1.349074364 -0.004270965 0.999984145 0.003695494 -2.067495346 0.001787488 -0.003687887 0.999991655 78.069885254
0.999986529 0.004945375 -0.001549250 1.352649689 -0.004940780 0.999983430 0.002955728 -2.067634344 0.001563842 -0.002948033 0.999994457 78.640968323
0.999987602 0.004886405 -0.000920843 1.362440944 -0.004884125 0.999985039 0.002462818 -2.072479963 0.000932864 -0.002458290 0.999996603 79.188674927
0.999987721 0.004764000 -0.001456556 1.374337435 -0.004760083 0.999985099 0.002681364 -2.094736099 0.001469309 -0.002674398 0.999995291 79.721923828
0.999986470 0.005080231 -0.001134990 1.384423852 -0.005076536 0.999981880 0.003235613 -2.114427805 0.001151407 -0.003229807 0.999994099 80.266265869
0.999985576 0.005361677 -0.000310226 1.398492336 -0.005360622 0.999980152 0.003306826 -2.128351688 0.000327950 -0.003305115 0.999994397 80.820953369
0.999985456 0.005348030 0.000640069 1.413755417 -0.005350001 0.999980807 0.003116841 -2.142498016 -0.000623388 -0.003120220 0.999994874 81.358131409
0.999983668 0.005281624 0.002184622 1.421466470 -0.005288385 0.999981225 0.003101490 -2.158036470 -0.002168200 -0.003112993 0.999992788 81.891067505
0.999982715 0.004765811 0.003446638 1.438872814 -0.004777564 0.999982774 0.003409941 -2.174037933 -0.003430327 -0.003426348 0.999988258 82.429954529
0.999964595 0.005144106 0.006654635 1.456582785 -0.005163101 0.999982595 0.002840086 -2.180344343 -0.006639909 -0.002874344 0.999973834 82.983779907
0.999931037 0.005443153 0.010406815 1.478080511 -0.005475899 0.999980271 0.003120748 -2.198064804 -0.010389622 -0.003177520 0.999940991 83.526107788
0.999893129 0.005268294 0.013633600 1.499152899 -0.005314147 0.999980330 0.003329114 -2.215040445 -0.013615793 -0.003401209 0.999901533 84.078048706
0.999823630 0.005537323 0.017942801 1.529064536 -0.005601234 0.999978125 0.003513660 -2.233640432 -0.017922953 -0.003613543 0.999832809 84.626861572
0.999696851 0.006114653 0.023849528 1.556822777 -0.006207460 0.999973416 0.003819351 -2.250663519 -0.023825537 -0.003966238 0.999708235 85.178764343
0.999563873 0.005321559 0.029047059 1.595294714 -0.005426582 0.999979019 0.003537970 -2.264777899 -0.029027622 -0.003694054 0.999571800 85.720054626
0.999388933 0.005226456 0.034559805 1.630641699 -0.005352672 0.999979377 0.003560592 -2.276086569 -0.034540486 -0.003743405 0.999396265 86.253242493
0.999012053 0.004974708 0.044160835 1.650188923 -0.005138737 0.999980330 0.003601610 -2.291601181 -0.044142049 -0.003824983 0.999017954 86.830253601
0.998677194 0.004833499 0.051190395 1.707978487 -0.005029929 0.999980450 0.003709097 -2.309947491 -0.051171470 -0.003961675 0.998681962 87.364616394
0.998260319 0.004867255 0.058759458 1.753339767 -0.005099052 0.999979794 0.003795548 -2.316806078 -0.058739796 -0.004088562 0.998264968 87.910018921
0.997667193 0.004849842 0.068093054 1.804725170 -0.005097687 0.999980986 0.003466504 -2.326858759 -0.068074949 -0.003805535 0.997672915 88.458404541
0.996957302 0.004133130 0.077839702 1.869799614 -0.004427529 0.999983668 0.003609925 -2.338658810 -0.077823505 -0.003943579 0.996959388 88.993507385
0.996241689 0.004308982 0.086509489 1.932938576 -0.004657699 0.999981821 0.003829518 -2.356410503 -0.086491421 -0.004218060 0.996243715 89.517959595
0.995528996 0.004419285 0.094352640 2.006010056 -0.004765041 0.999982715 0.003439514 -2.367135048 -0.094335802 -0.003873730 0.995532870 90.087875366
0.994399786 0.004621298 0.105582878 2.087313175 -0.005002879 0.999981880 0.003349477 -2.378980398 -0.105565488 -0.003858938 0.994404852 90.625144958
0.993184268 0.004556504 0.116465800 2.156978607 -0.005029575 0.999980271 0.003768336 -2.399546862 -0.116446339 -0.004328426 0.993187487 91.202651978
0.992094636 0.003562401 0.125442207 2.246154785 -0.004009957 0.999986470 0.003315499 -2.408465385 -0.125428721 -0.003792306 0.992095351 91.749488831
0.990607142 0.003724592 0.136687756 2.332950592 -0.004302002 0.999982953 0.003929145 -2.422167778 -0.136670798 -0.004480269 0.990606368 92.292114258
0.988922596 0.003720480 0.148385361 2.440770149 -0.004214264 0.999986529 0.003013444 -2.429171562 -0.148372129 -0.003605398 0.988925040 92.855407715
0.987245917 0.003518374 0.159163773 2.546380043 -0.004139593 0.999985039 0.003571637 -2.450607061 -0.159148812 -0.004184956 0.987245798 93.393943787
0.985507846 0.002569392 0.169610009 2.656343460 -0.003212457 0.999988616 0.003517119 -2.462376595 -0.169599071 -0.004011013 0.985504985 93.915534973
0.983175218 0.002570579 0.182646915 2.779119492 -0.003250979 0.999988794 0.003425910 -2.473315239 -0.182636037 -0.003962051 0.983172596 94.460670471
0.980783582 0.002660488 0.195080876 2.913425446 -0.003461911 0.999986827 0.003767321 -2.494630814 -0.195068270 -0.004370279 0.980779946 94.996856689
0.978593588 0.002009560 0.205792099 3.041334152 -0.002776006 0.999990225 0.003435706 -2.501346588 -0.205783159 -0.003933440 0.978589654 95.532310486
0.975737751 0.002347887 0.218930110 3.193040848 -0.003244524 0.999987721 0.003736105 -2.519327641 -0.218918636 -0.004355782 0.975733399 96.069877625
0.972738683 0.002008858 0.231895208 3.326782227 -0.002965272 0.999988496 0.003775842 -2.528757572 -0.231884927 -0.004360539 0.972733438 96.610229492
0.969937563 0.001951766 0.243346408 3.473768234 -0.002897936 0.999989569 0.003530239 -2.538962603 -0.243336990 -0.004129312 0.969933033 97.156944275
0.966935396 0.001717567 0.255015522 3.635576248 -0.002632475 0.999991298 0.003246397 -2.547106266 -0.255007744 -0.003810378 0.966931462 97.668785095
0.963279009 0.001109758 0.268500090 3.804119110 -0.002250191 0.999989688 0.003939720 -2.579273224 -0.268492907 -0.004399227 0.963271618 98.194442749
0.959562004 0.001479064 0.281493574 3.972213745 -0.002787791 0.999987066 0.004248813 -2.597947121 -0.281483740 -0.004861745 0.959553599 98.720657349
0.956100702 0.001363543 0.293035060 4.138219833 -0.002724322 0.999987304 0.004235671 -2.608211756 -0.293025494 -0.004848049 0.956092417 99.221321106
0.951755285 0.001046753 0.306856275 4.323354721 -0.002511014 0.999987185 0.004377070 -2.616433859 -0.306847781 -0.004936419 0.951745808 99.725906372
0.947461009 -0.000037715 0.319871306 4.536100388 -0.001300120 0.999991238 0.003968869 -2.628051281 -0.319868684 -0.004176219 0.947452664 100.243118286
0.943519771 -0.000411632 0.331316113 4.739610672 -0.000839641 0.999993086 0.003633529 -2.634865761 -0.331315249 -0.003706493 0.943512797 100.755752563
0.938684344 -0.000893581 0.344776601 4.950113297 -0.000405473 0.999993026 0.003695685 -2.653999329 -0.344777495 -0.003608879 0.938677430 101.300277710
0.933413208 -0.000917345 0.358802050 5.175178528 -0.000490573 0.999992549 0.003832882 -2.673599005 -0.358802885 -0.003753681 0.933405817 101.801780701
0.928660274 -0.000913079 0.370930225 5.399965286 -0.000708412 0.999990821 0.004235147 -2.689462662 -0.370930672 -0.004195784 0.928651154 102.310630798
0.923932254 -0.001732685 0.382552147 5.619350433 0.000396092 0.999993503 0.003572615 -2.700569630 -0.382555872 -0.003149329 0.923926950 102.809158325
0.918246627 -0.002571405 0.396000594 5.876510620 0.001005139 0.999990821 0.004162661 -2.712600946 -0.396007657 -0.003424314 0.918240845 103.311614990
0.912418067 -0.003176767 0.409247071 6.126960754 0.001795430 0.999991298 0.003759480 -2.718914986 -0.409255475 -0.002695443 0.912415802 103.821853638
0.907186151 -0.003586338 0.420714259 6.373474121 0.001967453 0.999988854 0.004281889 -2.736681700 -0.420724928 -0.003056734 0.907183111 104.307723999
0.901421785 -0.004522219 0.432918400 6.658157349 0.003106411 0.999987185 0.003977597 -2.746103287 -0.432930887 -0.002240670 0.901424348 104.799308777
0.894192278 -0.004334373 0.447662443 6.887020111 0.002951242 0.999988437 0.003787109 -2.756794691 -0.447673708 -0.002065243 0.894194603 105.264144897
0.888139606 -0.004507553 0.459551692 7.156200409 0.003155269 0.999988139 0.003710530 -2.771205902 -0.459562957 -0.001845460 0.888143301 105.741561890
0.882503688 -0.005001444 0.470279038 7.437740326 0.003630358 0.999986172 0.003822349 -2.781116009 -0.470291615 -0.001665955 0.882509470 106.232559204
0.875122905 -0.005724348 0.483866692 7.702400208 0.004235598 0.999982357 0.004169696 -2.801205158 -0.483881980 -0.001599532 0.875131786 106.685745239
