1.000000000 0.000000000 0.000000000 0.000000000 0.000000000 1.000000000 0.000000000 0.000000000 0.000000000 0.000000000 1.000000000 0.000000000
1.000000000 0.000115648 0.000040173 -0.001494466 -0.000115646 1.000000000 -0.000049507 0.001481357 -0.000040178 0.000049502 1.000000000 0.003456955
1.000000000 0.000115960 0.000008908 0.000484077 -0.000115960 1.000000000 -0.000000127 0.000729071 -0.000008908 0.000000126 1.000000000 0.003841973
0.999999940 0.000252649 0.000103585 -0.001009488 -0.000252649 0.999999940 -0.000005350 0.001083345 -0.000103587 0.000005324 1.000000000 -0.001203099
1.000000000 0.000137292 0.000036352 0.000500849 -0.000137291 1.000000000 -0.000032823 0.000865421 -0.000036356 0.000032818 1.000000000 -0.000092285
1.000000000 0.000036738 -0.000014889 -0.000103506 -0.000036737 1.000000000 0.000044902 0.000528135 0.000014891 -0.000044901 1.000000000 0.000534493
1.000000000 0.000009436 0.000037652 -0.001994669 -0.000009435 1.000000000 -0.000029734 0.000975327 -0.000037652 0.000029734 1.000000000 0.000796474
1.000000000 0.000021978 0.000047634 -0.000192536 -0.000021981 1.000000000 0.000061692 0.000678465 -0.000047632 -0.000061693 1.000000000 -0.000103891
1.000000000 -0.000006383 0.000075315 -0.001699189 0.000006382 1.000000000 0.000013022 0.000750074 -0.000075315 -0.000013021 1.000000000 0.002378234
1.000000000 0.000157932 0.000095092 -0.000818405 -0.000157930 1.000000000 -0.000025719 0.000447630 -0.000095096 0.000025704 1.000000000 -0.001558664
1.000000000 0.000168092 0.000120157 -0.001552030 -0.000168097 1.000000000 0.000037843 0.000450808 -0.000120150 -0.000037863 1.000000000 0.000282664
1.000000000 0.000064366 0.000053988 -0.001838598 -0.000064365 1.000000000 -0.000028601 0.000897731 -0.000053990 0.000028597 1.000000000 -0.002710524
1.000000000 0.000104362 0.000101029 -0.001998447 -0.000104367 1.000000000 0.000041138 0.000669260 -0.000101025 -0.000041148 1.000000000 -0.004394770
1.000000000 -0.000134740 0.000051815 -0.001067980 0.000134739 1.000000000 0.000025893 -0.000256898 -0.000051818 -0.000025886 1.000000000 -0.000340193
1.000000000 0.000064598 0.000061926 -0.000257397 -0.000064597 1.000000000 -0.000014043 0.000776734 -0.000061927 0.000014039 1.000000000 -0.001998098
1.000000000 -0.000002265 0.000041912 -0.000092879 0.000002264 1.000000000 0.000024376 0.000799259 -0.000041912 -0.000024376 1.000000000 -0.003091822
1.000000000 -0.000078930 0.000054999 -0.001865267 0.000078928 1.000000000 0.000033680 0.000239814 -0.000055001 -0.000033676 1.000000000 -0.002135761
1.000000000 0.000060911 0.000122552 -0.001657192 -0.000060919 1.000000000 0.000064249 -0.000902703 -0.000122548 -0.000064256 1.000000000 -0.004116802
1.000000000 0.000106161 0.000060336 -0.000143907 -0.000106164 1.000000000 0.000060890 0.001160984 -0.000060329 -0.000060896 1.000000000 -0.004579421
1.000000000 -0.000098301 -0.000010720 -0.000413974 0.000098301 1.000000000 0.000022357 0.000437151 0.000010717 -0.000022358 1.000000000 -0.005922477
1.000000000 0.000016057 0.000048670 -0.000491161 -0.000016058 1.000000000 0.000023493 0.000268031 -0.000048670 -0.000023493 1.000000000 -0.006605389
1.000000000 -0.000061435 0.000023587 -0.000230003 0.000061434 1.000000000 0.000043684 -0.001370940 -0.000023590 -0.000043683 1.000000000 -0.004405499
1.000000000 0.000105675 0.000156232 -0.004833931 -0.000105663 1.000000000 -0.000081438 0.002098731 -0.000156240 0.000081421 1.000000000 0.003340690
1.000000000 0.000007291 0.000044936 0.000076035 -0.000007292 1.000000000 0.000024196 -0.000445524 -0.000044936 -0.000024196 1.000000000 -0.000540744
1.000000000 -0.000051987 0.000074153 -0.002063856 0.000051985 1.000000000 0.000021953 0.000860482 -0.000074154 -0.000021949 1.000000000 0.000244243
1.000000000 -0.000042138 -0.000009356 0.000718642 0.000042138 1.000000000 -0.000000011 0.000865561 0.000009356 0.000000011 1.000000000 -0.003465714
1.000000000 -0.000128405 0.000084317 -0.002571882 0.000128409 1.000000000 -0.000048465 0.002109078 -0.000084311 0.000048476 1.000000000 0.000767461
1.000000000 0.000119716 0.000137841 -0.004234340 -0.000119704 1.000000000 -0.000083721 0.002300968 -0.000137851 0.000083705 1.000000000 0.000094270
1.000000000 -0.000076424 0.000062231 -0.001909036 0.000076420 1.000000000 0.000067754 0.000166706 -0.000062236 -0.000067749 1.000000000 0.000074585
1.000000000 -0.000048108 0.000060987 -0.003354842 0.000048111 1.000000000 -0.000060344 0.003737997 -0.000060984 0.000060347 1.000000000 0.000384298
1.000000000 -0.000004482 0.000036431 -0.001376266 0.000004483 1.000000000 -0.000026809 0.000879974 -0.000036431 0.000026810 1.000000000 0.000544439
1.000000000 -0.000081984 0.000057801 -0.002901128 0.000081982 1.000000000 0.000042055 0.000670750 -0.000057805 -0.000042050 1.000000000 0.002883729
1.000000000 -0.000155439 0.000022935 -0.002493534 0.000155439 1.000000000 -0.000020633 0.000838927 -0.000022931 0.000020636 1.000000000 -0.001559922
1.000000000 -0.000005998 0.000022851 -0.000391109 0.000005997 1.000000000 0.000047674 -0.000875043 -0.000022851 -0.000047674 1.000000000 -0.004247546
0.999999940 0.000198029 0.000178739 -0.003823274 -0.000198029 1.000000000 0.000001751 0.000811927 -0.000178739 -0.000001786 1.000000000 -0.000470207
1.000000000 -0.000007259 0.000007951 -0.000854263 0.000007258 1.000000000 0.000027328 0.000435634 -0.000007951 -0.000027328 1.000000000 -0.001548777
1.000000000 0.000037355 0.000096467 -0.005393890 -0.000037352 1.000000000 -0.000034091 0.002385158 -0.000096468 0.000034088 1.000000000 0.000831068
1.000000000 -0.000086605 0.000007585 -0.000097273 0.000086605 1.000000000 -0.000064558 0.001100365 -0.000007579 0.000064559 1.000000000 -0.004977309
1.000000000 -0.000012542 0.000112526 -0.003472589 0.000012543 1.000000000 -0.000012700 0.000887425 -0.000112526 0.000012701 1.000000000 0.000763212
1.000000000 -0.000064548 0.000004210 -0.000315994 0.000064548 1.000000000 0.000030664 0.000303999 -0.000004212 -0.000030663 1.000000000 -0.001417461
1.000000000 -0.000153743 -0.000022170 0.000851829 0.000153744 1.000000000 0.000066573 -0.000859086 0.000022160 -0.000066577 1.000000000 -0.000747882
1.000000000 0.000021465 0.000097833 0.002347203 -0.000021423 0.999999940 -0.000421613 -0.005877396 -0.000097842 0.000421611 0.999999881 0.048399780
1.000000000 -0.000055436 0.000077379 0.003024710 0.000055530 0.999999285 -0.001214858 -0.002809590 -0.000077312 0.001214862 0.999999285 0.146682173
1.000000000 -0.000049661 0.000009999 0.005639896 0.000049675 0.999998987 -0.001413716 -0.010667091 -0.000009929 0.001413717 0.999998987 0.260478020
1.000000000 -0.000002428 0.000097997 0.006195909 0.000002554 0.999999166 -0.001276358 -0.015533390 -0.000097994 0.001276358 0.999999166 0.391389698
1.000000000 0.000151845 0.000033611 0.007503291 -0.000151813 0.999999523 -0.000973496 -0.023655709 -0.000033759 0.000973491 0.999999523 0.532921791
1.000000000 0.000134090 0.000052428 0.007485603 -0.000134050 0.999999702 -0.000760834 -0.031847034 -0.000052530 0.000760827 0.999999702 0.684508741
1.000000000 -0.000057181 -0.000024407 0.017857149 0.000057168 0.999999881 -0.000532997 -0.035422102 0.000024437 0.000532996 0.999999881 0.851657629
1.000000000 0.000058474 -0.000087373 0.021227658 -0.000058516 0.999999881 -0.000479465 -0.038559742 0.000087345 0.000479470 0.999999881 1.028623104
0.999999821 0.000455954 0.000372871 0.015590291 -0.000455696 0.999999642 -0.000693367 -0.038766880 -0.000373187 0.000693197 0.999999702 1.193845749
0.999999881 0.000001264 0.000007294 0.031906191 -0.000001261 0.999999881 -0.000445834 -0.048098732 -0.000007294 0.000445834 0.999999940 1.386962771
0.999999940 0.000299898 0.000243571 0.024952479 -0.000299895 0.999999881 -0.000009534 -0.061303359 -0.000243574 0.000009461 1.000000000 1.563617229
0.999999881 0.000394065 0.000535228 0.025983064 -0.000394048 0.999999940 -0.000030956 -0.064129926 -0.000535240 0.000030745 0.999999940 1.757844687
0.999999940 0.000143545 0.000314747 0.029142966 -0.000143599 0.999999940 0.000172691 -0.063849024 -0.000314722 -0.000172736 0.999999881 1.963064075
0.999999940 0.000047627 0.000295304 0.034767512 -0.000047597 1.000000000 -0.000101177 -0.067502171 -0.000295309 0.000101162 0.999999940 2.182817698
0.999999702 0.000391969 0.000701495 0.028830199 -0.000392429 0.999999642 0.000656745 -0.083313964 -0.000701237 -0.000657020 0.999999523 2.374550581
0.999999642 0.000403264 0.000688270 0.032910537 -0.000403811 0.999999523 0.000794166 -0.090750039 -0.000687949 -0.000794444 0.999999464 2.608259678
0.999999523 0.000482311 0.000813502 0.037800349 -0.000482807 0.999999821 0.000609651 -0.101877868 -0.000813208 -0.000610044 0.999999404 2.832582712
0.999999225 0.000717049 0.000929023 0.045322277 -0.000717704 0.999999523 0.000705486 -0.108043589 -0.000928517 -0.000706153 0.999999225 3.067018032
0.999999642 0.000237594 0.000794252 0.044069491 -0.000238193 0.999999702 0.000755240 -0.114480928 -0.000794072 -0.000755429 0.999999404 3.303178549
0.999999762 0.000342938 0.000679804 0.047004774 -0.000343553 0.999999523 0.000904046 -0.120033644 -0.000679493 -0.000904280 0.999999404 3.546141863
0.999999464 0.000752657 0.000621422 0.060731441 -0.000753251 0.999999225 0.000956081 -0.129463896 -0.000620702 -0.000956548 0.999999344 3.802536726
0.999999702 0.000509679 0.000560318 0.070350371 -0.000510244 0.999999344 0.001008326 -0.135691941 -0.000559803 -0.001008612 0.999999344 4.063264847
0.999999404 0.000808282 0.000726087 0.070493981 -0.000809156 0.999998868 0.001204013 -0.140699521 -0.000725113 -0.001204600 0.999998927 4.315472126
0.999999404 0.000757825 0.000750160 0.074387237 -0.000758886 0.999998629 0.001414169 -0.153873965 -0.000749088 -0.001414737 0.999998748 4.565914154
0.999999404 0.000569872 0.000945999 0.080894239 -0.000571150 0.999998927 0.001350917 -0.161753193 -0.000945228 -0.001351457 0.999998569 4.827795506
0.999999285 0.000716582 0.001033105 0.082116254 -0.000717996 0.999998868 0.001368902 -0.169311434 -0.001032123 -0.001369643 0.999998450 5.091340542
0.999999344 0.000725588 0.000916121 0.089008756 -0.000727194 0.999998212 0.001753929 -0.184893891 -0.000914847 -0.001754594 0.999997973 5.335083008
0.999999583 0.000361923 0.000882584 0.094158962 -0.000363558 0.999998212 0.001853721 -0.190065205 -0.000881912 -0.001854041 0.999997914 5.603070259
0.999999225 0.000886142 0.000881617 0.093802221 -0.000887566 0.999998271 0.001616670 -0.200978160 -0.000880182 -0.001617451 0.999998271 5.879870415
0.999999285 0.000665861 0.000994060 0.101874471 -0.000667555 0.999998331 0.001705077 -0.215388626 -0.000992923 -0.001705740 0.999998093 6.138694286
0.999998271 0.001164261 0.001414016 0.101440758 -0.001166589 0.999997914 0.001646200 -0.214786395 -0.001412096 -0.001647847 0.999997675 6.438905716
0.999999225 0.000677946 0.000977850 0.106614970 -0.000679413 0.999998629 0.001500879 -0.223871991 -0.000976831 -0.001501542 0.999998391 6.723135471
0.999999583 -0.000369804 0.000883206 0.119726665 0.000368369 0.999998629 0.001623636 -0.233408004 -0.000883805 -0.001623309 0.999998271 7.010197639
0.999999702 0.000345314 0.000697592 0.123369142 -0.000346599 0.999998271 0.001842019 -0.246511564 -0.000696955 -0.001842260 0.999998033 7.296481609
0.999999464 0.000440452 0.000880502 0.131650820 -0.000442061 0.999998212 0.001827831 -0.258709222 -0.000879696 -0.001828220 0.999997914 7.600416660
0.999999583 0.000101102 0.000888025 0.144380063 -0.000103028 0.999997616 0.002168569 -0.268905848 -0.000887804 -0.002168660 0.999997258 7.920155048
0.999999583 0.000571137 0.000688914 0.154002085 -0.000572646 0.999997377 0.002192677 -0.281584471 -0.000687660 -0.002193070 0.999997377 8.226134300
0.999999523 0.000515132 0.000833107 0.157577246 -0.000516750 0.999997973 0.001943255 -0.287563860 -0.000832105 -0.001943684 0.999997735 8.557202339
0.999999583 0.000319571 0.000910392 0.160019159 -0.000321494 0.999997675 0.002112899 -0.295308650 -0.000909715 -0.002113191 0.999997318 8.893863678
0.999999583 0.000175310 0.000944195 0.162534297 -0.000177017 0.999998271 0.001807650 -0.299419075 -0.000943877 -0.001807816 0.999997914 9.246663094
0.999999642 -0.000131061 0.000837590 0.171374485 0.000129310 0.999997795 0.002090027 -0.313558370 -0.000837862 -0.002089918 0.999997437 9.552345276
0.999999642 -0.000147008 0.000860154 0.181831002 0.000145068 0.999997437 0.002254087 -0.327512652 -0.000860483 -0.002253961 0.999997079 9.895715714
0.999999225 0.000409602 0.001157086 0.188973024 -0.000411925 0.999997854 0.002008594 -0.337095052 -0.001156260 -0.002009069 0.999997318 10.256551743
0.999999762 0.000318161 0.000544081 0.203265339 -0.000319408 0.999997318 0.002293405 -0.351930618 -0.000543350 -0.002293579 0.999997139 10.609169006
0.999999523 0.000246470 0.000894211 0.209181443 -0.000248630 0.999996960 0.002416462 -0.363991350 -0.000893613 -0.002416683 0.999996603 10.993361473
0.999999881 -0.000052082 0.000498093 0.219409257 0.000050858 0.999996960 0.002457579 -0.376511693 -0.000498219 -0.002457554 0.999996841 11.357430458
0.999999881 -0.000064565 0.000486748 0.226623222 0.000063218 0.999996126 0.002768122 -0.383579344 -0.000486925 -0.002768091 0.999996006 11.737247467
0.999999464 0.000417587 0.000956364 0.231527969 -0.000420152 0.999996305 0.002683174 -0.397865325 -0.000955240 -0.002683574 0.999995887 12.104754448
0.999999523 -0.000290205 0.000984803 0.240089014 0.000287502 0.999996126 0.002743297 -0.411286712 -0.000985595 -0.002743012 0.999995768 12.491605759
0.999999642 -0.000041474 0.000905670 0.254078537 0.000038706 0.999995291 0.003056051 -0.423381001 -0.000905793 -0.003056014 0.999994874 12.876111984
0.999999881 -0.000352953 0.000347636 0.268590331 0.000352058 0.999996603 0.002571345 -0.430902481 -0.000348542 -0.002571223 0.999996603 13.253582001
0.999999166 0.000022659 0.001297566 0.263420552 -0.000026885 0.999994814 0.003257277 -0.462727368 -0.001297485 -0.003257309 0.999993801 13.675226212
0.999999106 -0.000008010 0.001361726 0.267989486 0.000003652 0.999994874 0.003200291 -0.467722237 -0.001361745 -0.003200283 0.999993980 14.110481262
0.999998927 -0.000108321 0.001402272 0.282900184 0.000103488 0.999994040 0.003446250 -0.493885130 -0.001402636 -0.003446101 0.999993086 14.517087936
0.999998868 -0.000116910 0.001466988 0.295990109 0.000111369 0.999992847 0.003776757 -0.509100556 -0.001467420 -0.003776589 0.999991775 14.921250343
0.999998152 -0.000628386 0.001767565 0.306166023 0.000621696 0.999992609 0.003782763 -0.517887175 -0.001769928 -0.003781657 0.999991298 15.397395134
0.999997318 -0.000077215 0.002311373 0.321439594 0.000068489 0.999992847 0.003775375 -0.537723243 -0.002311648 -0.003775207 0.999990165 15.771243095
0.999996901 -0.000590651 0.002409840 0.335556805 0.000581112 0.999991953 0.003957286 -0.549637556 -0.002412158 -0.003955875 0.999989271 16.213848114
0.999996722 -0.000931178 0.002382741 0.346586168 0.000921000 0.999990463 0.004268967 -0.568804681 -0.002386693 -0.004266759 0.999988019 16.642639160
0.999995887 -0.000353575 0.002823539 0.357413352 0.000342104 0.999991715 0.004062057 -0.576573610 -0.002824952 -0.004061074 0.999987781 17.095754623
0.999995291 0.000114536 0.003072206 0.362719059 -0.000128418 0.999989808 0.004518675 -0.592850804 -0.003071657 -0.004519049 0.999985039 17.554487228
0.999994755 -0.000011579 0.003247179 0.374473363 -0.000002485 0.999990582 0.004331034 -0.605240703 -0.003247198 -0.004331019 0.999985337 18.026792526
0.999994516 -0.000279083 0.003307305 0.390220284 0.000263762 0.999989271 0.004632073 -0.617631793 -0.003308562 -0.004631176 0.999983788 18.492895126
0.999993026 -0.000408783 0.003713247 0.393158168 0.000391939 0.999989688 0.004535890 -0.625842750 -0.003715062 -0.004534403 0.999982834 18.967733383
0.999992728 -0.000377087 0.003801748 0.398207545 0.000360250 0.999990165 0.004428362 -0.643932343 -0.003803380 -0.004426960 0.999983013 19.431724548
0.999994695 -0.000663742 0.003192516 0.433118761 0.000647862 0.999987543 0.004972412 -0.670798779 -0.003195775 -0.004970317 0.999982476 19.862478256
0.999995053 -0.000639145 0.003080458 0.444338024 0.000624837 0.999989033 0.004643518 -0.682128370 -0.003083392 -0.004641571 0.999984443 20.350919724
0.999994397 -0.001493472 0.002986921 0.450955331 0.001477661 0.999984860 0.005288871 -0.705063820 -0.002994774 -0.005284429 0.999981582 20.843896866
0.999995887 -0.001434745 0.002474947 0.457579136 0.001421104 0.999983788 0.005504500 -0.715560615 -0.002482804 -0.005500961 0.999981821 21.363819122
0.999996364 -0.001996216 0.001810807 0.477436393 0.001986960 0.999985039 0.005099331 -0.722215354 -0.001820958 -0.005095714 0.999985397 21.851533890
0.999996960 -0.001466965 0.001977988 0.485895246 0.001455538 0.999982238 0.005766109 -0.751020372 -0.001986412 -0.005763214 0.999981344 22.339864731
0.999998093 -0.001493994 0.001238343 0.488550514 0.001486415 0.999980271 0.006098771 -0.769207120 -0.001247430 -0.006096920 0.999980569 22.849016190
0.999997735 -0.002068776 0.000350776 0.504906237 0.002066622 0.999979675 0.006033825 -0.781801522 -0.000363252 -0.006033087 0.999981761 23.363615036
0.999994338 -0.003341864 -0.000402350 0.515675545 0.003344000 0.999979675 0.005429836 -0.790924191 0.000384196 -0.005431151 0.999985099 23.869947433
0.999997139 -0.002224167 -0.000903317 0.523336470 0.002228959 0.999983251 0.005339181 -0.799007058 0.000891427 -0.005341179 0.999985337 24.389886856
0.999997437 -0.001729127 -0.001443855 0.530750036 0.001737102 0.999983132 0.005540104 -0.813645124 0.001434251 -0.005542598 0.999983549 24.916574478
0.999995887 -0.001908110 -0.002154728 0.538223386 0.001920101 0.999982595 0.005576413 -0.820902705 0.002144050 -0.005580526 0.999982119 25.446811676
0.999994695 -0.001950981 -0.002618401 0.550086141 0.001966531 0.999980390 0.005949303 -0.843169808 0.002606743 -0.005954419 0.999978900 25.975669861
0.999993384 -0.002227447 -0.002870208 0.561225116 0.002245559 0.999977410 0.006322796 -0.851571918 0.002856059 -0.006329198 0.999975920 26.520538330
0.999990463 -0.002615732 -0.003500212 0.573562384 0.002638221 0.999975741 0.006435703 -0.865895867 0.003483293 -0.006444875 0.999973178 27.051973343
0.999991059 -0.001846365 -0.003806852 0.584454834 0.001870951 0.999977291 0.006464737 -0.883871615 0.003794830 -0.006471801 0.999971807 27.582283020
0.999987781 -0.002286017 -0.004367590 0.597507417 0.002315037 0.999975204 0.006651111 -0.899267375 0.004352277 -0.006661142 0.999968290 28.105401993
0.999985754 -0.002364660 -0.004784783 0.609894216 0.002395000 0.999976993 0.006345142 -0.907691479 0.004769669 -0.006356512 0.999968410 28.660560608
0.999981761 -0.002410284 -0.005530090 0.620712698 0.002445506 0.999976695 0.006371299 -0.920654535 0.005514604 -0.006384707 0.999964416 29.200080872
0.999982715 -0.002227874 -0.005442328 0.629058361 0.002264229 0.999975085 0.006683148 -0.935568810 0.005427304 -0.006695355 0.999962866 29.719238281
0.999981463 -0.002294293 -0.005657335 0.638196051 0.002332189 0.999974847 0.006701043 -0.950213730 0.005641819 -0.006714113 0.999961555 30.258930206
0.999980330 -0.002435308 -0.005782685 0.646321952 0.002475163 0.999973178 0.006894972 -0.962003708 0.005765739 -0.006909150 0.999959528 30.803724289
0.999978900 -0.002271320 -0.006075197 0.654413700 0.002312712 0.999974132 0.006814990 -0.978458226 0.006059560 -0.006828896 0.999958336 31.337545395
0.999977171 -0.002267144 -0.006354315 0.667717099 0.002307493 0.999977171 0.006349820 -0.987650990 0.006339774 -0.006364338 0.999959648 31.884618759
0.999975681 -0.002314472 -0.006577819 0.663149595 0.002360657 0.999972582 0.007022176 -0.999338031 0.006561386 -0.007037533 0.999953687 32.412868500
0.999978244 -0.001914019 -0.006303190 0.650308490 0.001955468 0.999976456 0.006576434 -1.015904546 0.006290454 -0.006588616 0.999958515 32.930316925
0.999974668 -0.002224650 -0.006760146 0.667896211 0.002271239 0.999973595 0.006891777 -1.031305671 0.006744636 -0.006906956 0.999953389 33.468261719
0.999974489 -0.001855068 -0.006899175 0.668645144 0.001904153 0.999972820 0.007114877 -1.046542168 0.006885788 -0.007127833 0.999950826 34.023525238
0.999972641 -0.002027849 -0.007103446 0.671660185 0.002074981 0.999975801 0.006633949 -1.047577381 0.007089822 -0.006648507 0.999952793 34.556034088
0.999974966 -0.001776459 -0.006840938 0.688725948 0.001823327 0.999974847 0.006851001 -1.072562575 0.006828594 -0.006863303 0.999953151 35.079513550
0.999974549 -0.001690906 -0.006931385 0.688622355 0.001741040 0.999972343 0.007233239 -1.092998266 0.006918963 -0.007245122 0.999949813 35.632034302
0.999976277 -0.001200882 -0.006782497 0.699118674 0.001246759 0.999976337 0.006763876 -1.103485823 0.006774214 -0.006772171 0.999954164 36.187805176
0.999975860 -0.001333572 -0.006806539 0.699095726 0.001380411 0.999975502 0.006881451 -1.111076832 0.006797194 -0.006890682 0.999953151 36.712493896
0.999977946 -0.000926169 -0.006576509 0.691244841 0.000973930 0.999973118 0.007262792 -1.157644272 0.006569606 -0.007269036 0.999952018 37.191921234
0.999971330 -0.001803302 -0.007354416 0.712447464 0.001859192 0.999969423 0.007599738 -1.145696878 0.007340486 -0.007613193 0.999944091 37.727573395
0.999972045 -0.001856194 -0.007238021 0.686989903 0.001912270 0.999968171 0.007748234 -1.160967588 0.007223408 -0.007761858 0.999943852 38.220287323
0.999974370 -0.001350351 -0.007032770 0.721732020 0.001404771 0.999969065 0.007739005 -1.173026323 0.007022101 -0.007748686 0.999945343 38.740188599
0.999966800 -0.001898566 -0.007923151 0.745002091 0.001959233 0.999968767 0.007656226 -1.181325078 0.007908368 -0.007671494 0.999939263 39.267635345
0.999963582 -0.002808967 -0.008053341 0.760223985 0.002868374 0.999968827 0.007374644 -1.190168858 0.008032373 -0.007397477 0.999940395 39.916809082
0.999962270 -0.002208680 -0.008398870 0.777404606 0.002267529 0.999972880 0.007003725 -1.199288368 0.008383173 -0.007022506 0.999940217 40.469886780
0.999965549 -0.001829352 -0.008094748 0.767328441 0.001887049 0.999972761 0.007125907 -1.214458704 0.008081492 -0.007140937 0.999941826 41.000629425
0.999965966 -0.001349715 -0.008139514 0.778933048 0.001407776 0.999973536 0.007131729 -1.227603674 0.008129673 -0.007142946 0.999941409 41.532810211
0.999963701 -0.002037447 -0.008272605 0.788403392 0.002094804 0.999973774 0.006930551 -1.233898878 0.008258266 -0.006947629 0.999941707 42.084705353
0.999959707 -0.002364178 -0.008657541 0.796424627 0.002431322 0.999966919 0.007753177 -1.257245541 0.008638926 -0.007773914 0.999932408 42.632129669
0.999962986 -0.001792162 -0.008413637 0.799488485 0.001851578 0.999973357 0.007059368 -1.259251356 0.008400762 -0.007074686 0.999939620 43.171230316
0.999959648 -0.002332716 -0.008676158 0.810039163 0.002396696 0.999969959 0.007371104 -1.274858952 0.008658705 -0.007391600 0.999935210 43.703346252
0.999960661 -0.001997041 -0.008639816 0.815042019 0.002060481 0.999970853 0.007340126 -1.285339236 0.008624906 -0.007357639 0.999935687 44.236831665
0.999959886 -0.002181120 -0.008688505 0.824016690 0.002244670 0.999970734 0.007311310 -1.303694725 0.008672303 -0.007330519 0.999935508 44.777664185
0.999961674 -0.002080249 -0.008505547 0.822787344 0.002142083 0.999971271 0.007267262 -1.310392380 0.008490188 -0.007285202 0.999937415 45.301052094
0.999957383 -0.002168395 -0.008975234 0.842114091 0.002231616 0.999972701 0.007039903 -1.323645353 0.008959724 -0.007059633 0.999934852 45.850513458
0.999961674 -0.001826403 -0.008569038 0.840314150 0.001890401 0.999970317 0.007466421 -1.341468334 0.008555148 -0.007482333 0.999935448 46.411178589
0.999952435 -0.002701202 -0.009373644 0.839403272 0.002773970 0.999966025 0.007758750 -1.360105395 0.009352368 -0.007784383 0.999925971 46.928398132
0.999956727 -0.001704500 -0.009146667 0.856178045 0.001768952 0.999973655 0.007043109 -1.359025478 0.009134422 -0.007058985 0.999933302 47.517860413
0.999955177 -0.002447199 -0.009143856 0.854294360 0.002520241 0.999964952 0.007985138 -1.389943838 0.009123993 -0.008007826 0.999926269 48.008964539
0.999951780 -0.002853154 -0.009394958 0.867002487 0.002925743 0.999965906 0.007721821 -1.400424123 0.009372606 -0.007748937 0.999926031 48.542766571
0.999954045 -0.002437942 -0.009262128 0.879393399 0.002513666 0.999963462 0.008172914 -1.420203924 0.009241863 -0.008195822 0.999923706 49.082057953
0.999959469 -0.001786151 -0.008821358 0.877160788 0.001854838 0.999967992 0.007784432 -1.424437165 0.008807169 -0.007800479 0.999930799 49.614631653
0.999958456 -0.001890445 -0.008917204 0.887484193 0.001961706 0.999966145 0.007989498 -1.442246437 0.008901798 -0.008006658 0.999928296 50.150627136
0.999957800 -0.001904363 -0.008984930 0.891693115 0.001978862 0.999963701 0.008289929 -1.452617645 0.008968816 -0.008307358 0.999925256 50.693134308
0.999959946 -0.001646916 -0.008794455 0.896219969 0.001719596 0.999964356 0.008263148 -1.462046146 0.008780533 -0.008277941 0.999927163 51.228469849
0.999959290 -0.001527813 -0.008895949 0.902540684 0.001596914 0.999968588 0.007765839 -1.469907761 0.008883807 -0.007779729 0.999930263 51.755847931
0.999965250 -0.001157740 -0.008254215 0.910374165 0.001217175 0.999973357 0.007199179 -1.475174308 0.008245662 -0.007208975 0.999939978 52.286117554
0.999963284 -0.001488764 -0.008442837 0.909250915 0.001549626 0.999972820 0.007206765 -1.496102810 0.008431880 -0.007219583 0.999938369 52.822502136
0.999972999 -0.000615069 -0.007322982 0.890286922 0.000662701 0.999978602 0.006503843 -1.491721869 0.007318826 -0.006508520 0.999952018 53.307987213
0.999969304 -0.000827963 -0.007797402 0.883821011 0.000892357 0.999965549 0.008258562 -1.520712614 0.007790296 -0.008265265 0.999935508 53.817321777
0.999961674 -0.001446235 -0.008627350 0.915688992 0.001512817 0.999969125 0.007716013 -1.546154022 0.008615920 -0.007728769 0.999933004 54.416759491
0.999972045 -0.000108701 -0.007476043 0.849096656 0.000168313 0.999968231 0.007973601 -1.549586177 0.007474938 -0.007974637 0.999940276 54.998424530
0.999962032 -0.001110426 -0.008640243 0.931678772 0.001179341 0.999967456 0.007975035 -1.568526387 0.008631102 -0.007984921 0.999930918 55.531158447
0.999957800 -0.001584535 -0.009047864 0.954200625 0.001655012 0.999968350 0.007787192 -1.567100406 0.009035237 -0.007801837 0.999928772 56.021522522
0.999964595 -0.000760352 -0.008376648 0.998015702 0.000825634 0.999969304 0.007792712 -1.542602301 0.008370465 -0.007799353 0.999934554 56.274593353
0.999953926 -0.002173404 -0.009354526 0.988162994 0.002236805 0.999974668 0.006772511 -1.580920815 0.009339566 -0.006793123 0.999933302 57.115493774
0.999969006 -0.000102493 -0.007868540 1.002493501 0.000159913 0.999973297 0.007297092 -1.597665429 0.007867583 -0.007298124 0.999942422 57.360103607
0.999966204 -0.000641117 -0.008190116 1.029258490 0.000699776 0.999974132 0.007161276 -1.596618056 0.008185313 -0.007166766 0.999940753 57.881175995
0.999963462 -0.000632032 -0.008522292 1.041094065 0.000697310 0.999970436 0.007658810 -1.611198902 0.008517197 -0.007664473 0.999934375 58.412158966
0.999966741 -0.000581459 -0.008136160 1.045922756 0.000646627 0.999967813 0.008009305 -1.629853725 0.008131240 -0.008014301 0.999934793 58.952915192
0.999965847 -0.000673290 -0.008240071 1.076957703 0.000739097 0.999967933 0.007985743 -1.671873093 0.008234428 -0.007991562 0.999934077 59.390930176
0.999970496 0.000321461 -0.007672131 1.070407152 -0.000259229 0.999967098 0.008111027 -1.654846191 0.007674485 -0.008108801 0.999937654 60.058986664
0.999965847 -0.000304263 -0.008258266 1.111558676 0.000369521 0.999968708 0.007901829 -1.697701454 0.008255605 -0.007904611 0.999934614 60.468021393
0.999961734 0.000445718 -0.008736439 1.185685277 -0.000375253 0.999967456 0.008065644 -1.711941838 0.008739749 -0.008062058 0.999929249 61.056476593
0.999961019 0.000413055 -0.008819984 1.217631817 -0.000348840 0.999973416 0.007280899 -1.687539816 0.008822756 -0.007277538 0.999934554 61.630603790
0.999962509 0.000535419 -0.008646403 1.180102348 -0.000464152 0.999965966 0.008242403 -1.706179142 0.008650520 -0.008238080 0.999928534 62.021656036
0.999952793 -0.000686054 -0.009704364 1.189028502 0.000766378 0.999965489 0.008275801 -1.751896620 0.009698350 -0.008282847 0.999918640 62.362648010
0.999955297 -0.000710738 -0.009424159 1.158752441 0.000794061 0.999960542 0.008840657 -1.786886215 0.009417502 -0.008847743 0.999916494 62.898384094
0.999935746 -0.003707537 -0.010716908 1.142073631 0.003807204 0.999949574 0.009294502 -1.842269659 0.010681906 -0.009334705 0.999899328 63.457839966
0.999969602 -0.000386717 -0.007792229 1.093210340 0.000443023 0.999973774 0.007225445 -1.720076084 0.007789230 -0.007228678 0.999943495 64.092414856
0.999961257 -0.001083681 -0.008738407 1.193861008 0.001153553 0.999967337 0.007994791 -1.831977606 0.008729458 -0.008004559 0.999929845 64.632118225
0.999967277 -0.000611764 -0.008067578 1.155602217 0.000681171 0.999962747 0.008603251 -1.797828197 0.008062014 -0.008608464 0.999930501 65.203239441
0.999974906 0.000173519 -0.007083962 1.191529512 -0.000109849 0.999959588 0.008987444 -1.859255075 0.007085233 -0.008986440 0.999934494 65.737495422
0.999961853 -0.001302020 -0.008635377 1.210975170 0.001374223 0.999964118 0.008360655 -1.882573605 0.008624182 -0.008372205 0.999927759 66.216888428
0.999967217 0.000031847 -0.008097555 1.211766958 0.000034633 0.999966323 0.008209669 -1.894554973 0.008097546 -0.008209680 0.999933541 66.731224060
0.999968529 0.000022456 -0.007939018 1.224647045 0.000042878 0.999966145 0.008229326 -1.912750363 0.007938934 -0.008229408 0.999934614 67.274864197
0.999969304 0.000270553 -0.007829688 1.221281409 -0.000201955 0.999961615 0.008760663 -1.927033186 0.007831759 -0.008758812 0.999930978 67.828376770
0.999963522 -0.000400678 -0.008531099 1.242050529 0.000472154 0.999964774 0.008377876 -1.925452471 0.008527445 -0.008381599 0.999928534 68.233299255
0.999960124 -0.001055078 -0.008868669 1.260460496 0.001131905 0.999961853 0.008662137 -1.936735511 0.008859189 -0.008671830 0.999923170 68.731666565
0.999954462 -0.001620651 -0.009406972 1.263839483 0.001702812 0.999960482 0.008732686 -1.945308924 0.009392447 -0.008748307 0.999917626 69.279014587
0.999960244 -0.001140703 -0.008839490 1.282433867 0.001218759 0.999960244 0.008830014 -1.969541550 0.008829067 -0.008840438 0.999921918 69.750114441
0.999962151 -0.000999193 -0.008637765 1.294978380 0.001077003 0.999958873 0.009008180 -1.986529946 0.008628409 -0.009017145 0.999922037 70.240783691
0.999963343 -0.000929278 -0.008509848 1.299931765 0.001005963 0.999958932 0.009011446 -2.000208378 0.008501125 -0.009019677 0.999923170 70.789596558
0.999963582 -0.000498026 -0.008510889 1.313583374 0.000577259 0.999956429 0.009309644 -2.015622616 0.008505881 -0.009314219 0.999920428 71.267425537
0.999958932 -0.000690033 -0.009052146 1.325348139 0.000773110 0.999957561 0.009177310 -2.024127483 0.009045431 -0.009183932 0.999916852 71.796875000
0.999959648 -0.001075637 -0.008917902 1.329459190 0.001156932 0.999957800 0.009115790 -2.043508053 0.008907720 -0.009125737 0.999918699 72.335815430
0.999961972 -0.001092460 -0.008649166 1.336391568 0.001170028 0.999959171 0.008968281 -2.056495667 0.008639015 -0.008978060 0.999922395 72.884040833
0.999961376 -0.000872498 -0.008742756 1.349155188 0.000953425 0.999956667 0.009256531 -2.078274488 0.008734302 -0.009264512 0.999918938 73.428901672
0.999957800 -0.001732620 -0.009020366 1.371991396 0.001815705 0.999955952 0.009210750 -2.092958927 0.009004012 -0.009226741 0.999916911 73.966232300
0.999957502 -0.001441724 -0.009103103 1.392921448 0.001529439 0.999952435 0.009636133 -2.111035824 0.009088777 -0.009649646 0.999912143 74.482872009
0.999960363 -0.001188798 -0.008826683 1.381411076 0.001272000 0.999954760 0.009426611 -2.130770206 0.008815078 -0.009437465 0.999916613 75.014938354
0.999953985 -0.001486781 -0.009473227 1.408164144 0.001572746 0.999957621 0.009073466 -2.135084629 0.009459334 -0.009087947 0.999913990 75.538566589
0.999963343 -0.000336976 -0.008559073 1.407192707 0.000419735 0.999953151 0.009669262 -2.163129568 0.008555415 -0.009672501 0.999916553 76.043647766
0.999965966 0.000307387 -0.008237618 1.415720224 -0.000229322 0.999955058 0.009475936 -2.175646782 0.008240161 -0.009473724 0.999921083 76.590118408
0.999960840 -0.000399817 -0.008843494 1.435218096 0.000483805 0.999954700 0.009497097 -2.185964108 0.008839296 -0.009501002 0.999915779 77.108970642
0.999961853 0.000093886 -0.008747808 1.439544201 -0.000010984 0.999955118 0.009476414 -2.199022770 0.008748307 -0.009475956 0.999916852 77.645660400
0.999962926 0.000134155 -0.008602986 1.448800087 -0.000056447 0.999959230 0.009032348 -2.203631401 0.008603844 -0.009031527 0.999922216 78.199470520
0.999972522 -0.000242557 -0.007408986 1.471666813 0.000313530 0.999954164 0.009579575 -2.227657080 0.007406324 -0.009581638 0.999926686 78.713623047
0.999983132 -0.000251733 -0.005802161 1.479874969 0.000305686 0.999956667 0.009299813 -2.237868071 0.005799568 -0.009301428 0.999939859 79.255043030
0.999990046 0.000602853 -0.004427501 1.490164757 -0.000561799 0.999956906 0.009267951 -2.262713909 0.004432897 -0.009265373 0.999947190 79.776268005
0.999993324 0.000429645 -0.003620517 1.509180307 -0.000395911 0.999956548 0.009313141 -2.268541813 0.003624362 -0.009311645 0.999949992 80.344619751
0.999999702 0.000724819 -0.000027875 1.531078935 -0.000724506 0.999950230 0.009948180 -2.290234089 0.000035084 -0.009948158 0.999950469 80.866760254
0.999994457 0.000844925 0.003222489 1.542911291 -0.000876083 0.999952793 0.009680062 -2.298103809 -0.003214157 -0.009682830 0.999947965 81.414710999
0.999983668 -0.000015764 0.005716410 1.573681355 -0.000044402 0.999944627 0.010524898 -2.327580929 -0.005716257 -0.010524980 0.999928296 81.938117981
0.999956548 0.000231634 0.009328454 1.595146894 -0.000316733 0.999958336 0.009122103 -2.301967859 -0.009325953 -0.009124660 0.999914825 82.486495972
0.999871075 0.000367715 0.016056055 1.610344172 -0.000520307 0.999954820 0.009500545 -2.322355270 -0.016051833 -0.009507674 0.999825954 83.034996033
0.999753952 0.001132447 0.022154424 1.640468240 -0.001343928 0.999953687 0.009533253 -2.322205305 -0.022142600 -0.009560683 0.999709070 83.465576172
0.999594986 0.000301586 0.028455976 1.661224604 -0.000578286 0.999952614 0.009716045 -2.412721872 -0.028451698 -0.009728566 0.999547839 84.225700378
0.999320626 0.001468275 0.036825426 1.735997081 -0.001841699 0.999947250 0.010108507 -2.394684792 -0.036808647 -0.010169461 0.999270618 84.467346191
0.998982430 0.000953923 0.045093115 1.755719900 -0.001421348 0.999945581 0.010334845 -2.455864906 -0.045080815 -0.010388420 0.998929322 85.267135620
0.998636842 0.001456203 0.052175388 1.805756569 -0.001997751 0.999944627 0.010328741 -2.463257790 -0.052157465 -0.010418894 0.998584509 85.827796936
0.998141289 0.000766223 0.060936477 1.873933077 -0.001376378 0.999949336 0.009971614 -2.477581024 -0.060925744 -0.010036952 0.998091817 86.338943481
0.997478247 0.001151965 0.070963353 1.936422348 -0.001872196 0.999947429 0.010083660 -2.492168427 -0.070947990 -0.010191088 0.997427940 86.858665466
0.996828437 0.000452988 0.079579167 1.991600990 -0.001251587 0.999949336 0.009985690 -2.502006531 -0.079570636 -0.010053622 0.996778488 87.405899048
0.996144593 0.000065271 0.087726578 2.062361240 -0.000894306 0.999955297 0.009410955 -2.506839514 -0.087722033 -0.009453127 0.996100247 87.942253113
0.995181441 -0.000729129 0.098047756 2.144860744 -0.000181261 0.999956965 0.009275939 -2.518244267 -0.098050289 -0.009249015 0.995138466 88.483764648
0.994040608 -0.000308931 0.109009884 2.223159790 -0.000760786 0.999951899 0.009771299 -2.531198502 -0.109007657 -0.009796001 0.993992567 89.027633667
0.993005514 -0.000718733 0.118065938 2.310218811 -0.000404907 0.999954820 0.009492800 -2.547131538 -0.118067421 -0.009474207 0.992960393 89.545539856
0.991661966 -0.000686695 0.128864065 2.402951241 -0.000522632 0.999956131 0.009350471 -2.552800417 -0.128864795 -0.009339856 0.991618156 90.090522766
0.989968002 -0.000419377 0.141291276 2.502899170 -0.000898025 0.999956727 0.009260124 -2.567619085 -0.141289055 -0.009294110 0.989924669 90.639038086
0.988384545 -0.001282254 0.151968315 2.614372253 -0.000070510 0.999960363 0.008895899 -2.579616547 -0.151973709 -0.008803284 0.988345325 91.186264038
0.986889958 -0.001653090 0.161385581 2.725258827 0.000212690 0.999960005 0.008942076 -2.587373734 -0.161393896 -0.008790520 0.986850917 91.733566284
0.984785914 -0.001695808 0.173763573 2.839149475 0.000156398 0.999960601 0.008872530 -2.600344658 -0.173771769 -0.008710368 0.984747410 92.267776489
0.982564509 -0.002085819 0.185910285 2.974240303 0.000439507 0.999960303 0.008896191 -2.614984512 -0.185921460 -0.008659370 0.982526422 92.795783997
0.980442226 -0.002281098 0.196793839 3.096729279 0.000616812 0.999963522 0.008517879 -2.621033669 -0.196806148 -0.008229904 0.980407894 93.328620911
0.977679789 -0.002424928 0.210086137 3.234315872 0.000640912 0.999963284 0.008559494 -2.635595560 -0.210099176 -0.008233799 0.977645397 93.858001709
0.974714398 -0.003108477 0.223432511 3.377794266 0.001255209 0.999963582 0.008436077 -2.643134356 -0.223450631 -0.007942313 0.974682868 94.383003235
0.972110927 -0.003490328 0.234495267 3.535192490 0.001672128 0.999966979 0.007952052 -2.654728651 -0.234515294 -0.007338173 0.972084701 94.908729553
0.969055533 -0.004344115 0.246804520 3.712474823 0.002245462 0.999958813 0.008784116 -2.674549580 -0.246832550 -0.007958105 0.969025493 95.460685730
0.965322077 -0.003897906 0.261032820 3.884044647 0.001624113 0.999958873 0.008925905 -2.691498995 -0.261056811 -0.008192427 0.965288699 95.960006714
0.961912215 -0.004375651 0.273323357 4.061777115 0.002070457 0.999959826 0.008721820 -2.707387447 -0.273350447 -0.007823722 0.961882710 96.472671509
0.958673716 -0.004971519 0.284464300 4.248153687 0.002445376 0.999954462 0.009234807 -2.725804806 -0.284497321 -0.008157547 0.958642066 96.967552185
0.954367578 -0.004559739 0.298599690 4.439075470 0.001845069 0.999954343 0.009372610 -2.738960981 -0.298628807 -0.008393977 0.954332411 97.482498169
0.949834883 -0.004605477 0.312717915 4.639863968 0.001787613 0.999955118 0.009296984 -2.754025459 -0.312746704 -0.008271581 0.949800551 97.994621277
0.946136951 -0.005498783 0.323719919 4.845619202 0.002661276 0.999954045 0.009207337 -2.760741711 -0.323755741 -0.007849894 0.946108162 98.519515991
0.941669762 -0.005406968 0.336495221 5.055528641 0.002386909 0.999953032 0.009388057 -2.779221058 -0.336530209 -0.008037262 0.941638410 99.035926819
0.936434031 -0.005512345 0.350800186 5.269868851 0.002342315 0.999952495 0.009460253 -2.785879850 -0.350835711 -0.008037221 0.936402559 99.552024841
0.931825101 -0.006151234 0.362855554 5.493478775 0.002814222 0.999948740 0.009724408 -2.800210714 -0.362896830 -0.008040292 0.931794643 100.061523438
0.927120507 -0.006192973 0.374711961 5.716207504 0.002993168 0.999953926 0.009120764 -2.807640553 -0.374751151 -0.007334473 0.927096426 100.581245422
0.921420217 -0.006961952 0.388505131 5.961666107 0.003660620 0.999950588 0.009237046 -2.815204859 -0.388550222 -0.007089031 0.921400249 101.088256836
0.916167080 -0.007709129 0.400722265 6.214130402 0.004399498 0.999948204 0.009178563 -2.828287601 -0.400772244 -0.006646121 0.916153610 101.578773499
0.911446869 -0.007885601 0.411342293 6.463256836 0.004501393 0.999947548 0.009195284 -2.842524767 -0.411393195 -0.006529400 0.911434591 102.080307007
0.906082869 -0.008752940 0.423009694 6.728092194 0.005129728 0.999939740 0.009702980 -2.859933138 -0.423069090 -0.006621779 0.906073272 102.564788818
0.899383068 -0.008957523 0.437069625 6.984642029 0.005307755 0.999940097 0.009571200 -2.867612362 -0.437129229 -0.006288317 0.899376750 103.064247131
0.893498361 -0.009608716 0.448963672 7.255874634 0.005924453 0.999936223 0.009610169 -2.874788761 -0.449027359 -0.005926805 0.893498242 103.559051514
0.887831330 -0.010280203 0.460054159 7.527297974 0.006611510 0.999932230 0.009584960 -2.882702827 -0.460121453 -0.005468175 0.887839139 104.033226013
0.880714715 -0.010157388 0.473538250 7.820926666 0.006376299 0.999933660 0.009589542 -2.895419121 -0.473604232 -0.005426229 0.880721033 104.520523071
