1.000000000 0.000000000 0.000000000 0.000000000 0.000000000 1.000000000 0.000000000 0.000000000 0.000000000 0.000000000 1.000000000 0.000000000
1.000000000 0.000030240 0.000136604 -0.003409314 -0.000030212 1.000000000 -0.000206512 0.004508641 -0.000136610 0.000206508 0.999999940 0.004256548
1.000000000 0.000037752 0.000068129 -0.002282527 -0.000037743 1.000000000 -0.000134270 0.002356872 -0.000068134 0.000134267 1.000000000 0.000697063
0.999999940 0.000304805 0.000110854 -0.000084170 -0.000304787 0.999999940 -0.000160198 0.003640655 -0.000110903 0.000160164 1.000000000 -0.001946866
0.999999940 0.000245901 0.000053072 0.002773182 -0.000245897 0.999999940 -0.000080598 0.002062763 -0.000053092 0.000080585 1.000000000 -0.001360745
1.000000000 0.000152332 0.000060060 0.000226033 -0.000152329 1.000000000 -0.000062574 0.002160164 -0.000060070 0.000062565 1.000000000 -0.001279418
1.000000000 0.000126485 0.000133056 -0.002323115 -0.000126472 1.000000000 -0.000096977 0.002325195 -0.000133068 0.000096960 1.000000000 -0.000806296
1.000000000 0.000027938 -0.000002559 0.000803243 -0.000027938 1.000000000 -0.000027058 0.001694864 0.000002558 0.000027059 1.000000000 -0.002445786
1.000000000 0.000049156 0.000142728 -0.005182321 -0.000049129 1.000000000 -0.000190969 0.004053779 -0.000142738 0.000190962 1.000000000 0.004336484
0.999999940 0.000198833 0.000225895 -0.004718889 -0.000198803 1.000000000 -0.000134667 0.002236044 -0.000225922 0.000134623 0.999999940 -0.001378068
0.999999940 0.000214437 0.000216867 -0.003975861 -0.000214403 0.999999940 -0.000159456 0.002095951 -0.000216901 0.000159409 0.999999940 -0.000731157
1.000000000 0.000162040 0.000083410 0.000163926 -0.000162034 1.000000000 -0.000079338 0.002339878 -0.000083423 0.000079324 1.000000000 -0.004796606
1.000000000 0.000106483 0.000198239 -0.005547914 -0.000106475 1.000000000 -0.000042029 0.000526554 -0.000198243 0.000042008 1.000000000 -0.002963188
1.000000000 -0.000016306 0.000104515 -0.003022759 0.000016315 1.000000000 -0.000090065 0.000599816 -0.000104513 0.000090067 1.000000000 -0.001820791
1.000000000 0.000071986 0.000096094 -0.000978833 -0.000071975 1.000000000 -0.000118648 0.002541771 -0.000096103 0.000118641 1.000000000 -0.003428630
1.000000000 -0.000182137 -0.000125650 0.002453122 0.000182133 1.000000000 -0.000031330 0.001064845 0.000125656 0.000031307 1.000000000 -0.006617039
1.000000000 -0.000224819 0.000017113 -0.002244513 0.000224821 0.999999940 -0.000121046 0.000741190 -0.000017086 0.000121050 1.000000000 -0.004770254
1.000000000 -0.000064673 0.000055645 0.000138669 0.000064675 1.000000000 -0.000039858 0.000404468 -0.000055642 0.000039862 1.000000000 -0.006583839
1.000000000 0.000097404 -0.000002902 0.000019558 -0.000097404 1.000000000 -0.000000579 0.002425326 0.000002902 0.000000579 1.000000000 -0.007714708
1.000000000 -0.000078432 -0.000000588 -0.001781991 0.000078431 1.000000000 -0.000032367 -0.000313950 0.000000591 0.000032367 1.000000000 -0.007368480
1.000000000 0.000002774 0.000070181 -0.001044307 -0.000002768 1.000000000 -0.000080132 0.001082453 -0.000070181 0.000080132 1.000000000 -0.007625251
1.000000000 -0.000130713 0.000020511 0.000203256 0.000130713 1.000000000 -0.000021377 -0.000503369 -0.000020508 0.000021380 1.000000000 -0.004079655
1.000000000 0.000136308 0.000171973 -0.006302548 -0.000136272 0.999999940 -0.000206580 0.003489627 -0.000172001 0.000206557 0.999999940 0.003642147
1.000000000 -0.000095565 -0.000084932 0.000663105 0.000095556 1.000000000 -0.000110873 0.000749565 0.000084943 0.000110865 1.000000000 0.000492198
1.000000000 -0.000071480 0.000017066 -0.000914612 0.000071480 1.000000000 -0.000013057 0.002331021 -0.000017065 0.000013058 1.000000000 0.000105713
1.000000000 0.000010211 -0.000048275 0.002336292 -0.000010217 1.000000000 -0.000144150 0.003488204 0.000048274 0.000144150 1.000000000 -0.006812511
1.000000000 -0.000082644 0.000094081 -0.001834255 0.000082656 1.000000000 -0.000118937 0.002880240 -0.000094071 0.000118945 1.000000000 -0.004006668
0.999999940 0.000268267 0.000215086 -0.005390053 -0.000268224 0.999999940 -0.000197240 0.003144597 -0.000215139 0.000197182 0.999999940 0.000106657
1.000000000 0.000030677 0.000119740 -0.003656346 -0.000030673 1.000000000 -0.000032000 0.002294058 -0.000119741 0.000031996 1.000000000 -0.000799090
1.000000000 -0.000185829 0.000028668 -0.004783227 0.000185834 0.999999940 -0.000169205 0.006187041 -0.000028637 0.000169211 1.000000000 0.002642560
1.000000000 -0.000072850 0.000040012 -0.003641821 0.000072854 1.000000000 -0.000091277 0.002511456 -0.000040005 0.000091280 1.000000000 0.000873102
1.000000000 -0.000122922 0.000123759 -0.003895658 0.000122920 1.000000000 0.000018798 0.001357728 -0.000123761 -0.000018783 1.000000000 0.000980501
1.000000000 -0.000183289 0.000081812 -0.005044379 0.000183291 1.000000000 -0.000020973 0.001991827 -0.000081808 0.000020988 1.000000000 -0.001284831
1.000000000 -0.000115916 0.000003025 -0.002683932 0.000115916 1.000000000 0.000000235 0.001812817 -0.000003025 -0.000000235 1.000000000 -0.002897850
1.000000000 0.000083490 0.000058769 -0.003770147 -0.000083482 1.000000000 -0.000142400 0.001465467 -0.000058781 0.000142395 1.000000000 -0.000275862
1.000000000 0.000056490 0.000099716 -0.004556546 -0.000056480 1.000000000 -0.000094094 0.002663215 -0.000099721 0.000094088 1.000000000 0.000069815
1.000000000 -0.000159773 -0.000179653 0.003288829 0.000159795 1.000000000 0.000124338 -0.000449170 0.000179633 -0.000124367 1.000000000 -0.012979563
1.000000000 -0.000015371 0.000064429 -0.003737224 0.000015389 0.999999940 -0.000273170 0.004621807 -0.000064424 0.000273171 0.999999940 0.000841645
1.000000000 -0.000177656 0.000055155 -0.002953955 0.000177658 1.000000000 -0.000030923 0.001735121 -0.000055150 0.000030933 1.000000000 -0.000652944
1.000000000 -0.000029902 -0.000049097 0.000999026 0.000029910 1.000000000 0.000169731 -0.001135914 0.000049091 -0.000169732 1.000000000 -0.008734735
0.999999940 -0.000273797 -0.000136290 0.000179196 0.000273796 0.999999940 -0.000004414 -0.000896348 0.000136292 0.000004377 1.000000000 -0.000576858
1.000000000 0.000056088 0.000085535 0.001988144 -0.000056036 0.999999821 -0.000611030 -0.003947417 -0.000085569 0.000611026 0.999999821 0.049022641
1.000000000 0.000051965 -0.000016045 0.000260011 -0.000051990 0.999998808 -0.001548945 0.001069527 0.000015964 0.001548946 0.999998808 0.148364678
1.000000000 -0.000057834 -0.000084784 0.004979808 0.000057703 0.999998808 -0.001542952 -0.007924216 0.000084873 0.001542947 0.999998808 0.263950706
1.000000000 -0.000213680 0.000007417 0.003323118 0.000213690 0.999999046 -0.001363957 -0.012622103 -0.000007125 0.001363959 0.999999046 0.393312186
1.000000000 0.000032660 -0.000103952 0.004799511 -0.000032784 0.999999285 -0.001193982 -0.017539376 0.000103912 0.001193985 0.999999285 0.538092017
1.000000000 -0.000027928 0.000149296 0.005899560 0.000028071 0.999999523 -0.000962233 -0.031573527 -0.000149269 0.000962237 0.999999523 0.680517614
0.999999881 -0.000455267 -0.000060602 0.019562798 0.000455230 0.999999702 -0.000610172 -0.031041401 0.000060880 0.000610144 0.999999821 0.850183129
0.999999940 -0.000205863 -0.000178337 0.023528639 0.000205755 0.999999821 -0.000603304 -0.036757726 0.000178461 0.000603267 0.999999821 1.030897379
0.999999940 -0.000130972 0.000226652 0.013011176 0.000131158 0.999999642 -0.000821830 -0.036599338 -0.000226544 0.000821860 0.999999642 1.211706281
1.000000000 -0.000072841 -0.000018532 0.029742375 0.000072830 0.999999821 -0.000608031 -0.047220461 0.000018577 0.000608030 0.999999821 1.416622281
0.999999583 -0.000552449 -0.000740272 0.043408766 0.000552243 0.999999821 -0.000279203 -0.057178311 0.000740426 0.000278794 0.999999702 1.611338973
0.999999404 -0.000986898 -0.000522849 0.040738642 0.000987096 0.999999464 0.000378775 -0.072583772 0.000522475 -0.000379291 0.999999762 1.800081253
0.999999166 -0.001221659 -0.000383132 0.045297883 0.001221889 0.999999106 0.000601202 -0.077009127 0.000382397 -0.000601669 0.999999762 2.007451296
0.999999702 -0.000494962 -0.000638256 0.051213305 0.000495267 0.999999762 0.000477941 -0.087847359 0.000638019 -0.000478257 0.999999702 2.208309889
0.999999642 -0.000354399 -0.000790747 0.057530992 0.000354958 0.999999702 0.000707086 -0.094037652 0.000790496 -0.000707366 0.999999523 2.427953243
0.999999881 -0.000166174 -0.000545278 0.051680930 0.000166577 0.999999762 0.000740321 -0.100766622 0.000545155 -0.000740412 0.999999642 2.663205147
1.000000000 0.000301060 -0.000050766 0.053097930 -0.000301010 0.999999464 0.000970542 -0.109841906 0.000051059 -0.000970527 0.999999523 2.893752098
1.000000000 0.000002638 -0.000161150 0.062319491 -0.000002477 0.999999464 0.001000917 -0.122272767 0.000161152 -0.001000916 0.999999523 3.133368969
0.999999881 -0.000423442 -0.000131707 0.066899814 0.000423566 0.999999464 0.000938536 -0.123232648 0.000131309 -0.000938591 0.999999523 3.345367432
0.999999881 -0.000310443 -0.000102694 0.076891616 0.000310547 0.999999404 0.001012507 -0.129975230 0.000102380 -0.001012538 0.999999464 3.609043121
0.999999940 0.000303412 0.000144541 0.074597403 -0.000303549 0.999999523 0.000946464 -0.136148900 -0.000144254 -0.000946508 0.999999464 3.856602669
0.999999940 -0.000237650 0.000156101 0.082958013 0.000237481 0.999999404 0.001083901 -0.144648701 -0.000156358 -0.001083864 0.999999344 4.140398026
0.999999642 0.000742421 0.000012105 0.083748050 -0.000742436 0.999998927 0.001258382 -0.138464823 -0.000011170 -0.001258390 0.999999166 4.369316101
0.999999881 -0.000282722 0.000003516 0.087519348 0.000282716 0.999998748 0.001570687 -0.168839201 -0.000003960 -0.001570686 0.999998748 4.608046532
0.999999940 -0.000308946 -0.000097643 0.095677078 0.000309114 0.999998450 0.001725840 -0.176688731 0.000097110 -0.001725870 0.999998510 4.864895344
0.999999940 -0.000011272 0.000263359 0.096366242 0.000010863 0.999998748 0.001554913 -0.177761808 -0.000263376 -0.001554910 0.999998689 5.114992619
0.999999464 -0.000998051 -0.000281973 0.112252034 0.000998517 0.999998212 0.001659459 -0.189082175 0.000280316 -0.001659740 0.999998569 5.381123066
0.999999881 -0.000388711 0.000206153 0.097066693 0.000388351 0.999998391 0.001744923 -0.214348152 -0.000206831 -0.001744843 0.999998450 5.667606354
0.999999881 -0.000288087 0.000210993 0.103299178 0.000287722 0.999998510 0.001724938 -0.219663605 -0.000211489 -0.001724878 0.999998510 5.935887337
0.999999821 0.000146318 0.000364828 0.110451870 -0.000147000 0.999998152 0.001867977 -0.231870353 -0.000364554 -0.001868030 0.999998152 6.205865383
0.999999583 -0.000323936 0.000703308 0.110253811 0.000322478 0.999997735 0.002071416 -0.241127655 -0.000703978 -0.002071188 0.999997616 6.492683887
0.999999821 -0.000557698 0.000304302 0.113879427 0.000557071 0.999997735 0.002056317 -0.260025561 -0.000305448 -0.002056147 0.999997854 6.787281990
0.999999821 -0.000594607 0.000196101 0.129489630 0.000594304 0.999998629 0.001545251 -0.254532188 -0.000197019 -0.001545135 0.999998808 7.102269650
0.999999940 -0.000150428 0.000104982 0.141898304 0.000150268 0.999998868 0.001514651 -0.272159696 -0.000105209 -0.001514635 0.999998868 7.392154217
0.999999523 -0.000993481 -0.000101811 0.152771607 0.000993672 0.999997675 0.001892680 -0.286900759 0.000099930 -0.001892781 0.999998212 7.716739178
0.999999940 -0.000078643 0.000284577 0.156505942 0.000078005 0.999997437 0.002243927 -0.289868355 -0.000284753 -0.002243904 0.999997497 8.030022621
0.999999762 -0.000694020 0.000257075 0.152774543 0.000693513 0.999997795 0.001968908 -0.285204440 -0.000258441 -0.001968729 0.999998033 8.340777397
0.999999702 -0.000670979 0.000329058 0.152535588 0.000670147 0.999996603 0.002523761 -0.315107703 -0.000330750 -0.002523540 0.999996781 8.664776802
0.999999285 -0.001072189 0.000463239 0.155076265 0.001070978 0.999996066 0.002605772 -0.322912484 -0.000466031 -0.002605274 0.999996483 8.999955177
0.999999702 -0.000086175 0.000798176 0.164580241 0.000084155 0.999996841 0.002530230 -0.336620003 -0.000798391 -0.002530162 0.999996424 9.326980591
0.999999106 -0.001329897 0.000314157 0.183971122 0.001329070 0.999995768 0.002616488 -0.343954742 -0.000317636 -0.002616069 0.999996483 9.676048279
0.999999642 -0.000807557 0.000135275 0.190837562 0.000807186 0.999995947 0.002722663 -0.349476248 -0.000137473 -0.002722553 0.999996305 10.013184547
0.999999583 -0.000888637 0.000010356 0.207394153 0.000888607 0.999996245 0.002621411 -0.355100185 -0.000012686 -0.002621401 0.999996603 10.329169273
0.999999583 -0.000878192 -0.000121802 0.200117290 0.000878543 0.999995410 0.002909699 -0.376204342 0.000119246 -0.002909805 0.999995768 10.748810768
0.999998808 -0.001509258 0.000060559 0.205049485 0.001509071 0.999994397 0.002982999 -0.384103030 -0.000065061 -0.002982904 0.999995589 11.124444008
0.999999046 -0.001383705 -0.000036346 0.208659619 0.001383817 0.999993801 0.003266336 -0.396261811 0.000031826 -0.003266383 0.999994695 11.510946274
0.999997914 -0.002049500 0.000221076 0.226355538 0.002048844 0.999993622 0.002930647 -0.397370815 -0.000227081 -0.002930187 0.999995708 11.894096375
0.999999404 -0.001029928 -0.000154433 0.229802519 0.001030459 0.999993443 0.003480604 -0.413186282 0.000150847 -0.003480761 0.999993920 12.249702454
0.999999464 -0.000944864 0.000011350 0.234038472 0.000944813 0.999992073 0.003873573 -0.433093429 -0.000015010 -0.003873560 0.999992490 12.606081963
0.999997795 -0.002003799 -0.000538078 0.251904815 0.002005721 0.999991536 0.003595765 -0.445313275 0.000530869 -0.003596836 0.999993384 13.025618553
0.999997377 -0.002110350 -0.000883342 0.265917420 0.002113665 0.999990702 0.003768726 -0.459787875 0.000875381 -0.003770584 0.999992490 13.410186768
0.999998808 -0.001521128 -0.000252104 0.277132630 0.001522043 0.999992132 0.003673249 -0.459854662 0.000246515 -0.003673629 0.999993205 13.840875626
0.999999583 -0.000859430 -0.000200613 0.273822606 0.000860280 0.999990523 0.004281913 -0.475717425 0.000196931 -0.004282084 0.999990821 14.248882294
0.999999225 -0.001126578 0.000415255 0.259158492 0.001124856 0.999990940 0.004124121 -0.483080566 -0.000419897 -0.004123651 0.999991417 14.689140320
0.999998212 -0.001898637 -0.000016750 0.275085449 0.001898695 0.999986589 0.004830189 -0.513188362 0.000007579 -0.004830212 0.999988317 15.067311287
0.999992728 -0.003812079 -0.000149260 0.302575111 0.003812777 0.999980390 0.004992603 -0.577531755 0.000130225 -0.004993136 0.999987543 15.597765923
0.999994159 -0.003394497 0.000572778 0.310698926 0.003391672 0.999982417 0.004863143 -0.586999118 -0.000589276 -0.004861172 0.999988019 16.030994415
0.999992192 -0.003945029 0.000190836 0.318337530 0.003943821 0.999974430 0.005963910 -0.612915933 -0.000214359 -0.005963111 0.999982178 16.455780029
0.999994814 -0.003127037 0.000792438 0.322084516 0.003122935 0.999981999 0.005126258 -0.605742812 -0.000808454 -0.005123756 0.999986589 16.922004700
0.999993563 -0.003529624 0.000683883 0.345429033 0.003526238 0.999981821 0.004891500 -0.621519327 -0.000701136 -0.004889057 0.999987900 17.386987686
0.999995828 -0.002705043 0.001079247 0.338181525 0.002699319 0.999982476 0.005271738 -0.629169941 -0.001093489 -0.005268802 0.999985516 17.904268265
0.999993503 -0.003208337 0.001601269 0.358801186 0.003199320 0.999979198 0.005602468 -0.669317603 -0.001619211 -0.005597309 0.999983013 18.328771591
0.999992073 -0.003694145 0.001500825 0.376753867 0.003685960 0.999978542 0.005419570 -0.674696267 -0.001520814 -0.005413996 0.999984205 18.803016663
0.999993443 -0.003351663 0.001394276 0.387280405 0.003342907 0.999974906 0.006235532 -0.695998192 -0.001415141 -0.006230829 0.999979556 19.260335922
0.999994218 -0.002690495 0.002077138 0.402588695 0.002677880 0.999978125 0.006052142 -0.701215029 -0.002093376 -0.006046545 0.999979496 19.742753983
0.999993026 -0.003294555 0.001730197 0.402148098 0.003283332 0.999973774 0.006449662 -0.720206916 -0.001751400 -0.006443936 0.999977708 20.241645813
0.999990940 -0.003993310 0.001480546 0.411680460 0.003983801 0.999971747 0.006370956 -0.747876465 -0.001505946 -0.006365000 0.999978602 20.763351440
0.999989927 -0.004343727 0.001113701 0.420958221 0.004336523 0.999970198 0.006391545 -0.764802873 -0.001141431 -0.006386651 0.999978960 21.256128311
0.999992788 -0.003778933 0.000402869 0.437529355 0.003776395 0.999974132 0.006124983 -0.770561457 -0.000426005 -0.006123418 0.999981165 21.757562637
0.999993742 -0.003536578 0.000408894 0.445758224 0.003533988 0.999974668 0.006171269 -0.780028224 -0.000430709 -0.006169784 0.999980867 22.284788132
0.999988377 -0.004815265 -0.000383603 0.470713437 0.004817789 0.999964714 0.006874139 -0.798246384 0.000350489 -0.006875907 0.999976337 22.751880646
0.999981761 -0.005993844 -0.000713394 0.429981589 0.005998380 0.999960661 0.006536698 -0.813802302 0.000674186 -0.006540857 0.999978364 23.304048538
0.999980807 -0.006058231 -0.001307957 0.435759515 0.006067088 0.999957919 0.006877791 -0.830285907 0.001266235 -0.006885594 0.999975443 23.830686569
0.999979794 -0.006129155 -0.001705800 0.437500119 0.006140522 0.999958396 0.006739850 -0.849055767 0.001664419 -0.006750188 0.999975801 24.380521774
0.999981999 -0.005381075 -0.002667488 0.429181814 0.005397063 0.999967277 0.006022832 -0.862676978 0.002634991 -0.006037119 0.999978304 24.921867371
0.999977469 -0.005738402 -0.003486375 0.448038250 0.005762609 0.999959052 0.006973261 -0.877775013 0.003446216 -0.006993194 0.999969602 25.403829575
0.999971986 -0.006157896 -0.004247166 0.454981506 0.006186904 0.999957383 0.006851213 -0.884196043 0.004204796 -0.006877299 0.999967515 25.944667816
0.999966323 -0.006479973 -0.005043831 0.467287064 0.006513367 0.999956787 0.006632490 -0.893993795 0.005000635 -0.006665119 0.999965310 26.478553772
0.999958098 -0.007261538 -0.005579438 0.497817814 0.007303703 0.999944687 0.007574275 -0.896563113 0.005524128 -0.007614708 0.999955714 27.038021088
0.999955297 -0.007818873 -0.005322417 0.464367539 0.007862522 0.999935329 0.008230401 -0.960103035 0.005257720 -0.008271881 0.999951959 27.529642105
0.999957323 -0.007320804 -0.005647315 0.473848164 0.007369278 0.999935806 0.008611122 -0.979863107 0.005583912 -0.008652371 0.999946952 28.082071304
0.999962389 -0.006622868 -0.005600668 0.476672947 0.006669594 0.999942780 0.008365951 -0.984379888 0.005544940 -0.008402990 0.999949336 28.635269165
0.999957621 -0.006399066 -0.006623540 0.498134375 0.006452307 0.999946713 0.008048304 -0.988664031 0.006571686 -0.008090699 0.999945641 29.175373077
0.999941111 -0.007777184 -0.007563313 0.511798680 0.007847005 0.999926448 0.009246228 -1.011950016 0.007490847 -0.009305034 0.999928653 29.712987900
0.999941647 -0.007727420 -0.007546801 0.514639914 0.007795945 0.999928296 0.009093136 -1.021005988 0.007475995 -0.009151439 0.999930203 30.166700363
0.999940515 -0.007596903 -0.007827854 0.530091286 0.007670937 0.999925792 0.009471543 -1.041521907 0.007755319 -0.009531025 0.999924600 30.699615479
0.999938428 -0.007272154 -0.008377416 0.533580363 0.007342427 0.999937952 0.008388512 -1.047058344 0.008315894 -0.008449506 0.999929726 31.271963120
0.999921679 -0.008549302 -0.009141458 0.572501302 0.008643249 0.999909699 0.010287377 -1.101386547 0.009052684 -0.010365582 0.999905229 31.728670120
0.999918163 -0.008619952 -0.009451166 0.579141617 0.008713466 0.999913037 0.009898394 -1.105732679 0.009365019 -0.009979936 0.999906361 32.256275177
0.999913216 -0.009036768 -0.009582083 0.580616355 0.009132832 0.999907970 0.010029269 -1.113553286 0.009490569 -0.010115910 0.999903798 32.780239105
0.999935150 -0.007176150 -0.008843090 0.546656430 0.007263428 0.999924779 0.009877367 -1.134010792 0.008771545 -0.009940958 0.999912083 33.273433685
0.999910414 -0.009232179 -0.009694496 0.560326517 0.009335094 0.999899983 0.010624859 -1.152753353 0.009595435 -0.010714407 0.999896586 33.892852783
0.999915540 -0.008815248 -0.009546132 0.546932578 0.008919208 0.999900758 0.010903061 -1.182313561 0.009449070 -0.010987285 0.999894977 34.403701782
0.999911427 -0.008883309 -0.009910535 0.541258276 0.008992508 0.999898732 0.011029110 -1.207735777 0.009811554 -0.011117253 0.999890089 34.889888763
0.999908090 -0.008817214 -0.010301858 0.551660538 0.008924992 0.999905467 0.010463457 -1.203990221 0.010208624 -0.010554438 0.999892235 35.434032440
0.999907136 -0.008778051 -0.010428708 0.550862134 0.008893727 0.999898791 0.011098099 -1.229665041 0.010330234 -0.011189817 0.999884009 35.973041534
0.999922276 -0.007474463 -0.009975782 0.542713881 0.007575844 0.999919593 0.010163949 -1.223726749 0.009899010 -0.010238733 0.999898553 36.511264801
0.999924302 -0.007093229 -0.010059379 0.560614944 0.007199353 0.999918401 0.010553277 -1.239069462 0.009983700 -0.010624899 0.999893725 37.055625916
0.999906719 -0.008624308 -0.010596903 0.567893028 0.008732748 0.999909461 0.010229846 -1.236114979 0.010507717 -0.010321431 0.999891579 37.644035339
0.999903917 -0.008740681 -0.010751911 0.576945007 0.008865485 0.999893248 0.011615291 -1.272676110 0.010649236 -0.011709495 0.999874771 38.178531647
0.999883056 -0.011501649 -0.010073938 0.500345290 0.011631536 0.999848723 0.012931123 -1.296644926 0.009923683 -0.013046787 0.999865711 38.670242310
0.999876857 -0.010763867 -0.011418327 0.550876617 0.010913689 0.999854028 0.013141021 -1.332194090 0.011275210 -0.013264020 0.999848425 39.195739746
0.999868393 -0.010901169 -0.012012945 0.586431742 0.011068202 0.999841750 0.013926798 -1.370123863 0.011859226 -0.014057924 0.999830782 39.616340637
0.999888897 -0.009977297 -0.011064911 0.577245116 0.010134324 0.999847412 0.014227515 -1.393871069 0.010921271 -0.014338071 0.999837518 40.134101868
0.999882400 -0.010011899 -0.011612401 0.588396668 0.010164303 0.999862015 0.013140350 -1.389825344 0.011479238 -0.013256837 0.999846220 40.702117920
0.999873102 -0.010124808 -0.012296627 0.610224009 0.010300325 0.999844670 0.014295227 -1.417890072 0.012149980 -0.014420075 0.999822259 41.277534485
0.999870121 -0.010708366 -0.012046129 0.599547207 0.010893654 0.999821663 0.015422677 -1.445391536 0.011878829 -0.015551901 0.999808490 41.782176971
0.999855876 -0.010920344 -0.012994843 0.636880994 0.011110798 0.999830604 0.014675378 -1.440609455 0.012832381 -0.014817647 0.999807835 42.345722198
0.999830127 -0.012966821 -0.013092845 0.607338607 0.013173577 0.999787867 0.015830804 -1.446726799 0.012884791 -0.016000595 0.999788940 42.873321533
0.999848902 -0.011763096 -0.012793932 0.609534144 0.011958837 0.999810874 0.015332149 -1.469603062 0.012611159 -0.015482835 0.999800563 43.494510651
0.999857545 -0.011647916 -0.012212064 0.590467930 0.011844640 0.999799132 0.016162312 -1.490957022 0.012021354 -0.016304657 0.999794781 43.997161865
0.999861181 -0.011241545 -0.012292881 0.607622981 0.011439551 0.999803960 0.016157476 -1.537133813 0.012108837 -0.016295858 0.999793887 44.249946594
0.999863386 -0.011029953 -0.012308141 0.615477145 0.011226851 0.999808252 0.016044615 -1.540991187 0.012128811 -0.016180605 0.999795496 44.808147430
0.999851346 -0.011702628 -0.012660459 0.623677731 0.011922280 0.999777317 0.017415393 -1.556203842 0.012453833 -0.017563745 0.999768138 45.325817108
0.999846280 -0.011962366 -0.012814288 0.626178861 0.012182667 0.999776900 0.017253973 -1.563848734 0.012605032 -0.017407432 0.999768972 45.840438843
0.999881923 -0.010552821 -0.011168647 0.571282148 0.010737337 0.999804676 0.016592054 -1.566161394 0.010991370 -0.016710017 0.999799967 46.417499542
0.999850214 -0.012243384 -0.012231805 0.599357307 0.012455641 0.999770522 0.017430112 -1.580535412 0.012015595 -0.017579855 0.999773264 46.940979004
0.999881327 -0.009966377 -0.011747175 0.612630248 0.010166196 0.999802530 0.017074699 -1.599906802 0.011574683 -0.017192096 0.999785125 47.529819489
0.999859512 -0.011525983 -0.012170918 0.638613224 0.011745954 0.999766052 0.018159330 -1.631310582 0.011958767 -0.018299738 0.999760985 47.752773285
0.999850988 -0.011620116 -0.012764543 0.656153679 0.011855477 0.999758184 0.018520504 -1.642255068 0.012546247 -0.018669074 0.999746978 48.288364410
0.999828219 -0.012621448 -0.013572380 0.678677499 0.012875000 0.999741197 0.018759122 -1.648422241 0.013332101 -0.018930642 0.999731958 48.847240448
0.999832153 -0.012369143 -0.013514002 0.673244178 0.012615950 0.999752283 0.018333098 -1.653334260 0.013283891 -0.018500507 0.999740660 49.406311035
0.999852836 -0.011481251 -0.012752115 0.665419042 0.011716056 0.999760330 0.018493399 -1.653778315 0.012536733 -0.018640075 0.999747694 49.964759827
0.999852121 -0.012086670 -0.012235734 0.643285871 0.012318593 0.999742389 0.019060191 -1.675625324 0.012002208 -0.019208096 0.999743462 50.508396149
0.999856293 -0.011199346 -0.012727913 0.644083083 0.011441545 0.999751747 0.019118091 -1.684307098 0.012510644 -0.019260967 0.999736190 50.800235748
0.999868751 -0.010178690 -0.012603624 0.651140928 0.010415883 0.999767065 0.018899037 -1.689181328 0.012408322 -0.019027833 0.999741971 51.346729279
0.999857783 -0.011255508 -0.012553131 0.668911338 0.011490072 0.999757707 0.018772701 -1.681837082 0.012338795 -0.018914271 0.999744952 51.890586853
0.999858022 -0.011412232 -0.012393680 0.644335270 0.011642512 0.999757886 0.018670067 -1.705218315 0.012177612 -0.018811710 0.999748886 52.407527924
0.999864757 -0.011254973 -0.011991623 0.623940468 0.011487792 0.999743283 0.019526590 -1.742419839 0.011768773 -0.019661702 0.999737382 52.798526764
0.999870658 -0.010900924 -0.011824960 0.616125524 0.011130456 0.999747396 0.019521859 -1.746835470 0.011609169 -0.019650953 0.999739468 53.349449158
0.999876916 -0.010537805 -0.011622121 0.625799000 0.010761007 0.999755561 0.019312514 -1.753927469 0.011415768 -0.019435203 0.999745965 53.896621704
0.999864221 -0.011467350 -0.011831863 0.640011847 0.011694374 0.999745369 0.019300198 -1.751349449 0.011607529 -0.019435946 0.999743700 54.450889587
0.999848068 -0.011193684 -0.013355459 0.677030623 0.011456125 0.999739528 0.019738486 -1.753163815 0.013131035 -0.019888490 0.999715984 54.974761963
0.999859035 -0.010992285 -0.012690700 0.672547460 0.011247974 0.999731660 0.020255385 -1.785766363 0.012464640 -0.020395279 0.999714255 55.293643951
0.999854684 -0.010784618 -0.013202517 0.681475222 0.011054651 0.999727666 0.020553935 -1.790144086 0.012977255 -0.020696899 0.999701619 55.813106537
0.999862075 -0.010888272 -0.012537401 0.676527202 0.011145798 0.999724448 0.020657228 -1.808196425 0.012309025 -0.020794122 0.999708056 56.376827240
0.999863029 -0.011201316 -0.012183286 0.690078437 0.011450030 0.999723434 0.020539835 -1.810653210 0.011949845 -0.020676520 0.999714851 56.955867767
0.999859929 -0.011181314 -0.012452270 0.723443687 0.011430815 0.999731660 0.020148955 -1.794457078 0.012223637 -0.020288480 0.999719501 57.404193878
0.999854624 -0.011298951 -0.012769497 0.682350099 0.011568142 0.999708295 0.021207422 -1.840147972 0.012526149 -0.021352060 0.999693573 57.764446259
0.999869764 -0.010812904 -0.011978832 0.691090941 0.011068677 0.999707699 0.021495935 -1.851391077 0.011742896 -0.021625727 0.999697208 58.312896729
0.999865651 -0.010873121 -0.012264442 0.680528581 0.011132490 0.999711573 0.021281928 -1.846178651 0.012029503 -0.021415604 0.999698341 58.832641602
0.999858201 -0.011236696 -0.012539293 0.711621642 0.011495431 0.999718487 0.020756304 -1.836677074 0.012302529 -0.020897502 0.999705970 59.414089203
0.999863327 -0.010838836 -0.012484886 0.701002002 0.011111400 0.999696791 0.021973053 -1.866349220 0.012242938 -0.022108769 0.999680579 59.719760895
0.999864697 -0.010725736 -0.012472373 0.703015625 0.011000341 0.999693930 0.022161141 -1.876124263 0.012230860 -0.022295343 0.999676585 60.255668640
0.999857128 -0.010886068 -0.012933937 0.733709693 0.011170029 0.999693513 0.022089008 -1.881409049 0.012689510 -0.022230320 0.999672353 60.783767700
0.999865711 -0.010349585 -0.012700657 0.734548807 0.010629825 0.999697089 0.022199612 -1.878115177 0.012467053 -0.022331640 0.999672830 61.297569275
0.999860525 -0.010959654 -0.012599888 0.707832217 0.011243825 0.999678910 0.022708282 -1.911307693 0.012346968 -0.022846783 0.999662757 61.707912445
0.999874711 -0.010132653 -0.012156368 0.707216918 0.010406079 0.999689460 0.022644136 -1.910657763 0.011923147 -0.022767801 0.999669731 62.256477356
0.999860525 -0.010936843 -0.012614911 0.706734776 0.011222719 0.999676645 0.022818170 -1.917230487 0.012361272 -0.022956565 0.999660075 62.799938202
0.999870896 -0.009889402 -0.012656999 0.715356767 0.010177820 0.999685228 0.022929337 -1.931800365 0.012426259 -0.023055200 0.999656975 63.318233490
0.999860048 -0.011066187 -0.012547641 0.700314283 0.011355535 0.999665678 0.023228085 -1.935890675 0.012286400 -0.023367323 0.999651432 63.648563385
0.999867380 -0.010526559 -0.012422062 0.719927251 0.010821701 0.999654889 0.023936320 -1.954338193 0.012165808 -0.024067577 0.999636292 64.165039062
0.999875307 -0.010373436 -0.011908878 0.712747097 0.010650488 0.999668479 0.023441460 -1.948635101 0.011661761 -0.023565371 0.999654233 64.719779968
0.999865711 -0.011232165 -0.011928633 0.716971755 0.011506968 0.999664009 0.023224179 -1.948868871 0.011663768 -0.023358321 0.999659121 65.226005554
0.999860227 -0.011359693 -0.012271069 0.730327785 0.011639458 0.999668360 0.022973223 -1.942377925 0.012006030 -0.023112841 0.999660790 65.753822327
0.999850452 -0.011633957 -0.012796865 0.714756668 0.011939532 0.999639034 0.024067378 -1.980663776 0.012512248 -0.024216570 0.999628425 66.095855713
0.999855340 -0.011390943 -0.012635291 0.702322066 0.011691734 0.999643743 0.023992842 -1.987271190 0.012357489 -0.024137100 0.999632239 66.661689758
0.999874771 -0.010117341 -0.012170239 0.725211978 0.010399546 0.999673128 0.023352856 -1.992331147 0.011929993 -0.023476493 0.999653220 67.151672363
0.999862373 -0.010779686 -0.012609522 0.735032201 0.011077667 0.999655247 0.023805210 -2.001377106 0.012348562 -0.023941619 0.999637067 67.701606750
0.999871910 -0.010415645 -0.012153499 0.711270034 0.010704512 0.999655843 0.023950301 -2.001029491 0.011899857 -0.024077334 0.999639213 68.046470642
0.999862492 -0.010464964 -0.012866732 0.735266447 0.010772205 0.999652803 0.024045864 -2.015076637 0.012610624 -0.024181161 0.999628007 68.588661194
0.999881148 -0.009863581 -0.011845636 0.720564008 0.010145442 0.999661088 0.023975166 -2.009850502 0.011605140 -0.024092499 0.999642372 69.135833740
0.999872506 -0.010204476 -0.012281784 0.737038136 0.010500013 0.999650955 0.024244057 -2.034411430 0.012030098 -0.024369927 0.999630570 69.509887695
0.999885857 -0.009191408 -0.011995128 0.742321074 0.009477780 0.999666154 0.024039714 -2.037764311 0.011770165 -0.024150658 0.999638975 70.049362183
0.999899626 -0.008330685 -0.011462059 0.734228730 0.008601552 0.999680042 0.023789015 -2.033090591 0.011260212 -0.023885220 0.999651253 70.612373352
0.999884486 -0.009571233 -0.011806893 0.747938395 0.009850694 0.999667168 0.023842800 -2.025968075 0.011574761 -0.023956349 0.999645948 71.146980286
0.999878049 -0.010261907 -0.011771000 0.738492966 0.010552998 0.999633253 0.024939986 -2.060501099 0.011510752 -0.025061162 0.999619603 71.506011963
0.999883115 -0.009624950 -0.011880735 0.744077146 0.009913295 0.999651790 0.024454556 -2.059046745 0.011641223 -0.024569476 0.999630392 72.048614502
0.999878645 -0.009822771 -0.012089242 0.727092505 0.010110919 0.999660552 0.024009379 -2.052114010 0.011849300 -0.024128698 0.999638736 72.577362061
0.999871135 -0.010368693 -0.012257397 0.764513910 0.010663607 0.999649227 0.024244687 -2.062840939 0.012001713 -0.024372272 0.999630928 73.081222534
0.999872267 -0.010640163 -0.011922350 0.765300393 0.010929126 0.999641478 0.024440143 -2.053613424 0.011658029 -0.024567327 0.999630213 73.479087830
0.999867916 -0.010836615 -0.012110954 0.769478440 0.011127131 0.999645591 0.024183793 -2.062662125 0.011844590 -0.024315359 0.999634147 74.012168884
0.999859512 -0.011257271 -0.012417980 0.781389594 0.011553421 0.999644220 0.024040433 -2.048301697 0.012142932 -0.024180526 0.999633908 74.495048523
0.999875009 -0.010556290 -0.011770350 0.754800081 0.010832209 0.999662042 0.023629962 -2.048252583 0.011516930 -0.023754509 0.999651492 75.093132019
0.999874294 -0.010766740 -0.011638737 0.742404521 0.011049005 0.999639452 0.024466226 -2.046840668 0.011371121 -0.024591742 0.999632895 75.505783081
0.999873519 -0.010640365 -0.011823706 0.745995820 0.010928329 0.999638438 0.024563026 -2.051667929 0.011558073 -0.024689127 0.999628365 76.065467834
0.999851525 -0.011843457 -0.012513560 0.793441594 0.012137083 0.999646485 0.023655305 -2.048780441 0.012228973 -0.023803666 0.999641836 76.631919861
0.999898255 -0.010194425 -0.009976752 0.739608824 0.010437349 0.999642670 0.024607614 -2.059492350 0.009722328 -0.024709243 0.999647319 77.081947327
0.999912322 -0.010002368 -0.008675145 0.740680337 0.010208584 0.999658287 0.024061449 -2.061547756 0.008431510 -0.024147896 0.999672771 77.628303528
0.999923885 -0.009596255 -0.007755251 0.752654731 0.009782102 0.999656975 0.024292398 -2.068397045 0.007519475 -0.024366414 0.999674737 78.184799194
0.999933779 -0.009874406 -0.005914091 0.743185878 0.010015850 0.999652445 0.024384324 -2.053497076 0.005671255 -0.024441943 0.999685109 78.620719910
0.999950588 -0.009413981 -0.003176638 0.758054018 0.009487781 0.999665082 0.024077369 -2.061486721 0.002948910 -0.024106322 0.999704957 79.170669556
0.999960244 -0.008904869 0.000541042 0.774936318 0.008888825 0.999656498 0.024653627 -2.070351839 -0.000760393 -0.024647839 0.999695837 79.748680115
0.999948144 -0.009511012 0.003639590 0.772267699 0.009419887 0.999660611 0.024285145 -2.043773651 -0.003869331 -0.024249606 0.999698400 80.197799683
0.999926507 -0.009346943 0.007725240 0.806997180 0.009160643 0.999674499 0.023809249 -2.040166140 -0.007945268 -0.023736734 0.999686599 80.752616882
0.999859869 -0.008603769 0.014357458 0.801007807 0.008261898 0.999684811 0.023703167 -2.040307522 -0.014556869 -0.023581227 0.999615967 81.309860229
0.999769032 -0.008826814 0.019593719 0.870839417 0.008365256 0.999688506 0.023514640 -2.040176630 -0.019795176 -0.023345305 0.999531507 81.816841125
0.999636412 -0.009395867 0.025277695 0.850157499 0.008773797 0.999658525 0.024608856 -2.049312353 -0.025500292 -0.024378125 0.999377549 82.283432007
0.999384761 -0.008889092 0.033926800 0.891274333 0.008051302 0.999661148 0.024751302 -2.052118063 -0.034135323 -0.024462922 0.999117732 82.827293396
0.999077082 -0.009098638 0.041977230 0.943104744 0.008034496 0.999643803 0.025449898 -2.061445951 -0.042193834 -0.025089145 0.998794377 83.373580933
0.998766780 -0.009407225 0.048748758 0.987246037 0.008220841 0.999666512 0.024480363 -2.048327446 -0.048962787 -0.024049418 0.998511016 83.946624756
0.998298347 -0.010527834 0.057353113 1.025897503 0.009163606 0.999670029 0.023997778 -2.047343731 -0.057586834 -0.023431381 0.998065472 84.559234619
0.997667730 -0.010581561 0.067431763 1.078740120 0.008951616 0.999661505 0.024428271 -2.057426214 -0.067667417 -0.023767672 0.997424781 84.953788757
0.997042060 -0.010208121 0.076177463 1.139466763 0.008377322 0.999669254 0.024314342 -2.050367832 -0.076400459 -0.023604257 0.996797800 85.515274048
0.996334791 -0.011205499 0.084803045 1.177968502 0.009277753 0.999690175 0.023092125 -2.031813622 -0.085035533 -0.022220705 0.996130109 86.151130676
0.995471478 -0.010372571 0.094492652 1.294717312 0.008136172 0.999678254 0.024022054 -2.064853668 -0.094711423 -0.023144461 0.995235741 86.668457031
0.994453430 -0.011556285 0.104540803 1.376627445 0.008984255 0.999646068 0.025040666 -2.087754488 -0.104793184 -0.023962555 0.994205296 87.038833618
0.993460894 -0.011985174 0.113542028 1.464075089 0.009205292 0.999645710 0.024976049 -2.083734274 -0.113801122 -0.023767538 0.993219197 87.571113586
0.992071509 -0.011930550 0.125107259 1.546951294 0.008912590 0.999656320 0.024655029 -2.082741499 -0.125358403 -0.023344522 0.991836846 88.127891541
0.990549803 -0.011788362 0.136646122 1.636860847 0.008546328 0.999668419 0.024288211 -2.085632324 -0.136887133 -0.022890860 0.990322113 88.700515747
0.989042819 -0.013967316 0.146966040 1.742747307 0.010559037 0.999657512 0.023945602 -2.075522900 -0.147250175 -0.022131409 0.988851666 89.265243530
0.987503111 -0.012727581 0.157084659 1.801784515 0.008906507 0.999647617 0.025004949 -2.068897009 -0.157347560 -0.023293391 0.987268507 89.694572449
0.985488355 -0.012529796 0.169279754 1.918615341 0.008403762 0.999650419 0.025068603 -2.071368217 -0.169534668 -0.023282228 0.985249162 90.232498169
0.983253062 -0.013375992 0.181754112 2.052599907 0.008936882 0.999642074 0.025220811 -2.081155062 -0.182026386 -0.023174122 0.983020484 90.785057068
0.981344223 -0.014592805 0.191704363 2.198131561 0.010059985 0.999646902 0.024596950 -2.080591440 -0.191995591 -0.022209531 0.981144428 91.319152832
0.978817403 -0.015257807 0.204165801 2.363704681 0.010356575 0.999632537 0.025053179 -2.104863167 -0.204472974 -0.022408029 0.978615701 91.812873840
0.975446999 -0.013313313 0.219831228 2.404972076 0.007986083 0.999652922 0.025104217 -2.036164045 -0.220089138 -0.022732245 0.975214839 92.380226135
0.972789109 -0.013709760 0.231286168 2.553024292 0.008034484 0.999643445 0.025462024 -2.040734768 -0.231552765 -0.022910919 0.972552538 92.930061340
0.969930053 -0.014539583 0.242948920 2.742994308 0.008576030 0.999635875 0.025586188 -2.048551559 -0.243232489 -0.022733275 0.969701529 93.432472229
0.966298163 -0.013714812 0.257060051 2.898880005 0.007292551 0.999637425 0.025920235 -2.058001757 -0.257322341 -0.023172053 0.966047764 93.972694397
0.962520361 -0.012825971 0.270905793 3.025602341 0.006150964 0.999656677 0.025474291 -2.042677641 -0.271139443 -0.022853199 0.962268710 94.552024841
0.959397018 -0.014002298 0.281711131 3.211912155 0.006921155 0.999635041 0.026115580 -2.046458244 -0.281973988 -0.023105448 0.959143817 95.073432922
0.955225229 -0.014445534 0.295526564 3.393669128 0.007346684 0.999657512 0.025117351 -2.035393000 -0.295788139 -0.021821588 0.955004275 95.623550415
0.950880766 -0.015120802 0.309187651 3.609912872 0.007603182 0.999645710 0.025504654 -2.038209200 -0.309463739 -0.021901079 0.950659037 96.148330688
0.947008669 -0.014877421 0.320863366 3.795309067 0.007193632 0.999658585 0.025119444 -2.036406994 -0.321127474 -0.021480158 0.946792364 96.685188293
0.942428946 -0.015119279 0.334064513 3.967632294 0.006730911 0.999632657 0.026253376 -2.044701576 -0.334338754 -0.022493385 0.942184448 97.108871460
0.937189877 -0.014663581 0.348511279 4.185581207 0.005791071 0.999632418 0.026486542 -2.039527178 -0.348771542 -0.022804666 0.936930358 97.635276794
0.932877123 -0.016768659 0.359804183 4.413190842 0.007863092 0.999625802 0.026200602 -2.047684908 -0.360108912 -0.021612769 0.932659924 98.145172119
0.928242981 -0.016613906 0.371603370 4.636184692 0.007655964 0.999643743 0.025568642 -2.042652369 -0.371895790 -0.020888930 0.928039432 98.647834778
0.922961473 -0.018091541 0.384466976 4.887260437 0.008546853 0.999611735 0.026520096 -2.059160471 -0.384797484 -0.021191044 0.922757804 99.097259521
0.917563498 -0.019394478 0.397116065 5.134351730 0.009462093 0.999591827 0.026955577 -2.081501245 -0.397476733 -0.020975901 0.917372584 99.573989868
0.912075579 -0.016623141 0.409685016 5.400432587 0.005880387 0.999605358 0.027467988 -2.053844213 -0.409979939 -0.022643780 0.911813438 100.193099976
0.906663179 -0.016865568 0.421518207 5.657485962 0.005680917 0.999598026 0.027776055 -2.058618784 -0.421817183 -0.022788916 0.906394422 100.676933289
0.900188565 -0.016507162 0.435187399 5.912425995 0.004764981 0.999594867 0.028059384 -2.074395657 -0.435474336 -0.023185082 0.899902463 101.149543762
0.894463539 -0.017666545 0.446791828 6.178100586 0.005871263 0.999597073 0.027770860 -2.068759680 -0.447102457 -0.022216789 0.894206822 101.635841370
0.889152408 -0.018421387 0.457240283 6.469314575 0.006372165 0.999590874 0.027880369 -2.080159187 -0.457566828 -0.021876289 0.888906121 102.099807739
0.882036448 -0.017601281 0.470852435 6.792888641 0.004975811 0.999594212 0.028045507 -2.072043419 -0.471155018 -0.022394285 0.881766140 102.624900818
