1.000000000 0.000000000 0.000000000 0.000000000 0.000000000 1.000000000 0.000000000 0.000000000 0.000000000 0.000000000 1.000000000 0.000000000
1.000000000 0.000068404 0.000006971 0.000209654 -0.000068404 1.000000000 -0.000023477 0.000069188 -0.000006973 0.000023477 1.000000000 0.000168259
1.000000000 0.000036372 0.000037234 0.000011604 -0.000036374 1.000000000 0.000039516 -0.000348080 -0.000037233 -0.000039517 1.000000000 -0.000011357
1.000000000 -0.000037462 0.000016262 0.000479054 0.000037462 1.000000000 -0.000031754 0.000695808 -0.000016261 0.000031754 1.000000000 0.000704668
1.000000000 -0.000124058 0.000008341 0.000100540 0.000124057 1.000000000 0.000049465 -0.000530561 -0.000008347 -0.000049464 1.000000000 -0.000762764
1.000000000 0.000012277 0.000139661 0.000132700 -0.000012268 1.000000000 -0.000061958 0.000835960 -0.000139662 0.000061956 1.000000000 0.000700325
1.000000000 -0.000115596 0.000053007 0.000978594 0.000115597 1.000000000 -0.000011445 0.000418532 -0.000053006 0.000011451 1.000000000 0.000486636
1.000000000 0.000057743 0.000088582 -0.000245076 -0.000057752 1.000000000 0.000103620 -0.000474143 -0.000088576 -0.000103625 1.000000000 -0.000260972
1.000000000 -0.000039211 -0.000045826 -0.000036631 0.000039208 1.000000000 -0.000062887 -0.000300950 0.000045829 0.000062885 1.000000000 -0.001105039
1.000000000 -0.000040489 0.000049750 -0.000559247 0.000040485 1.000000000 0.000087299 -0.001257083 -0.000049753 -0.000087297 1.000000000 -0.001537232
1.000000000 0.000035220 0.000046442 -0.000922251 -0.000035225 1.000000000 0.000095438 -0.000919265 -0.000046439 -0.000095440 1.000000000 -0.000356604
1.000000000 -0.000060052 0.000038981 -0.000574856 0.000060049 1.000000000 0.000088162 -0.001016521 -0.000038986 -0.000088160 1.000000000 -0.001499317
1.000000000 0.000042420 0.000005002 -0.000600696 -0.000042419 1.000000000 -0.000065898 -0.000563793 -0.000005005 0.000065898 1.000000000 -0.000876405
1.000000000 -0.000064452 0.000016817 -0.000326711 0.000064451 1.000000000 0.000029003 -0.000011112 -0.000016818 -0.000029002 1.000000000 -0.000148882
1.000000000 -0.000027318 0.000042296 -0.001658055 0.000027323 1.000000000 -0.000111512 0.000688084 -0.000042293 0.000111513 1.000000000 -0.000135098
1.000000000 0.000094025 -0.000024299 0.000172155 -0.000094028 1.000000000 -0.000102623 0.001277446 0.000024289 0.000102625 1.000000000 0.001550981
1.000000000 0.000054896 0.000102886 -0.001220787 -0.000054881 1.000000000 -0.000142573 0.002449440 -0.000102894 0.000142567 1.000000000 0.002794133
1.000000000 0.000048205 0.000046151 -0.001741222 -0.000048199 1.000000000 -0.000122545 0.000985208 -0.000046157 0.000122543 1.000000000 0.000017987
1.000000000 0.000168492 0.000149240 -0.002141644 -0.000168481 1.000000000 -0.000074094 0.001437146 -0.000149253 0.000074069 1.000000000 0.001931864
1.000000000 0.000058849 0.000134847 -0.001398489 -0.000058839 1.000000000 -0.000076974 0.000805378 -0.000134851 0.000076966 1.000000000 0.001173226
1.000000000 0.000038353 0.000081122 -0.001104383 -0.000038353 1.000000000 -0.000005812 0.000470121 -0.000081123 0.000005809 1.000000000 0.000833420
1.000000000 0.000121215 0.000037482 -0.001641618 -0.000121214 1.000000000 -0.000028378 0.001211172 -0.000037485 0.000028374 1.000000000 0.001233990
1.000000000 0.000090667 -0.000026469 0.000158878 -0.000090668 1.000000000 -0.000046419 0.000793032 0.000026465 0.000046421 1.000000000 0.001318657
1.000000000 0.000127122 0.000031728 -0.000288974 -0.000127121 1.000000000 -0.000017410 0.001519534 -0.000031731 0.000017406 1.000000000 0.001333678
0.999999940 0.000376187 -0.000000610 -0.000836933 -0.000376187 0.999999940 -0.000004682 0.001618614 0.000000608 0.000004683 1.000000000 0.002829622
0.999999940 0.000276938 0.000035543 -0.000785914 -0.000276935 0.999999940 -0.000072434 0.001871350 -0.000035564 0.000072424 1.000000000 0.001336945
1.000000000 0.000107534 0.000065367 -0.000204926 -0.000107530 1.000000000 -0.000053269 0.002198554 -0.000065372 0.000053262 1.000000000 0.002910974
0.999999940 0.000206113 0.000174347 -0.001747183 -0.000206117 1.000000000 0.000023331 0.000931474 -0.000174342 -0.000023367 1.000000000 0.001541948
1.000000000 0.000204486 0.000053912 -0.000778987 -0.000204484 1.000000000 -0.000028345 0.001527247 -0.000053918 0.000028333 1.000000000 0.001257166
0.999999940 0.000258535 0.000150246 -0.001163489 -0.000258518 0.999999940 -0.000118885 0.002525607 -0.000150277 0.000118846 1.000000000 0.002578658
0.999999940 0.000176449 0.000188131 -0.001210241 -0.000176442 1.000000000 -0.000037914 0.001558106 -0.000188138 0.000037881 1.000000000 0.002101092
1.000000000 0.000142870 0.000157877 -0.001073871 -0.000142863 1.000000000 -0.000043881 0.001998262 -0.000157883 0.000043858 1.000000000 0.002560262
1.000000000 0.000221339 0.000071683 -0.000648874 -0.000221326 0.999999940 -0.000169083 0.002390130 -0.000071720 0.000169067 1.000000000 0.002010506
0.999999940 0.000211653 0.000206652 -0.001856205 -0.000211638 1.000000000 -0.000072653 0.001631262 -0.000206667 0.000072609 1.000000000 0.001236597
0.999999940 0.000272181 0.000189564 -0.001790285 -0.000272153 0.999999940 -0.000144574 0.002104677 -0.000189603 0.000144522 1.000000000 0.000946138
0.999999940 0.000241611 0.000176239 -0.001462529 -0.000241585 0.999999940 -0.000147305 0.002032278 -0.000176274 0.000147262 1.000000000 0.002578330
1.000000000 0.000165421 0.000065649 0.000254783 -0.000165418 1.000000000 -0.000038816 0.001808461 -0.000065655 0.000038805 1.000000000 0.001140596
0.999999940 0.000290403 0.000157807 -0.001669853 -0.000290391 0.999999940 -0.000081220 0.002400452 -0.000157830 0.000081174 1.000000000 0.002251265
0.999999940 0.000286420 0.000152443 -0.001268557 -0.000286417 0.999999940 -0.000016156 0.001168391 -0.000152448 0.000016112 1.000000000 0.001942531
0.999999940 0.000242771 0.000114949 -0.001082108 -0.000242761 0.999999940 -0.000086276 0.002715017 -0.000114970 0.000086248 1.000000000 0.002480552
1.000000000 0.000127085 0.000072914 0.000060597 -0.000127077 1.000000000 -0.000109871 0.001269030 -0.000072928 0.000109862 1.000000000 0.003602677
0.999999881 0.000442746 0.000139269 0.001639845 -0.000442668 0.999999762 -0.000555032 -0.001554640 -0.000139515 0.000554970 0.999999821 0.049286257
0.999999881 0.000420439 0.000066851 0.001451595 -0.000420362 0.999999225 -0.001147249 -0.003330295 -0.000067334 0.001147220 0.999999344 0.136895463
0.999996245 0.002506065 0.001111054 -0.010693072 -0.002504794 0.999996185 -0.001143798 -0.012400186 -0.001113916 0.001141010 0.999998748 0.249611616
0.999995828 0.002660237 0.001146879 -0.007846336 -0.002658967 0.999995828 -0.001107704 -0.015133773 -0.001149821 0.001104649 0.999998748 0.380919933
0.999995887 0.002615819 0.001169095 -0.005294719 -0.002615005 0.999996364 -0.000697211 -0.020431414 -0.001170915 0.000694151 0.999999046 0.524263799
0.999997139 0.002072915 0.001193785 -0.001097403 -0.002072287 0.999997735 -0.000526305 -0.025604788 -0.001194873 0.000523829 0.999999166 0.676873446
0.999996424 0.002404952 0.001114797 0.003225779 -0.002404685 0.999997020 -0.000240822 -0.028964967 -0.001115373 0.000238141 0.999999285 0.836934388
0.999996126 0.002372735 0.001467059 0.005159906 -0.002372392 0.999997139 -0.000235144 -0.032274589 -0.001467612 0.000231663 0.999998868 1.015636921
0.999997258 0.001895999 0.001397175 0.009017941 -0.001895580 0.999998152 -0.000301371 -0.035431299 -0.001397743 0.000298721 0.999998927 1.194837213
0.999995708 0.002377196 0.001660946 0.010840693 -0.002377822 0.999997079 0.000374825 -0.046532676 -0.001660050 -0.000378773 0.999998569 1.380115747
0.999995410 0.002695307 0.001416742 0.015311957 -0.002695981 0.999996245 0.000473825 -0.048626818 -0.001415460 -0.000477642 0.999998868 1.572627425
0.999996305 0.002207463 0.001605227 0.019928195 -0.002208436 0.999997437 0.000604788 -0.056193966 -0.001603888 -0.000608330 0.999998510 1.774202704
0.999994457 0.002626336 0.002036048 0.016856570 -0.002627208 0.999996483 0.000425781 -0.063131623 -0.002034922 -0.000431128 0.999997854 1.974959135
0.999996245 0.002029164 0.001837548 0.024147715 -0.002029883 0.999997854 0.000389600 -0.068826810 -0.001836753 -0.000393328 0.999998271 2.186177015
0.999995828 0.002153241 0.001889865 0.028497566 -0.002154265 0.999997497 0.000539709 -0.076059505 -0.001888698 -0.000543778 0.999998093 2.407126904
0.999994993 0.002362135 0.002101447 0.033874527 -0.002362779 0.999997139 0.000304169 -0.079140864 -0.002100722 -0.000309132 0.999997735 2.630646706
0.999993563 0.002725138 0.002351830 0.035916883 -0.002726283 0.999996185 0.000483936 -0.088262185 -0.002350502 -0.000490345 0.999997139 2.859913349
0.999994218 0.002510738 0.002294907 0.043319579 -0.002512192 0.999996603 0.000630885 -0.092865378 -0.002293316 -0.000636646 0.999997139 3.101693392
0.999993861 0.002618482 0.002331003 0.045925092 -0.002620739 0.999996126 0.000965703 -0.104527764 -0.002328465 -0.000971806 0.999996841 3.337362766
0.999993801 0.002582440 0.002402120 0.048730839 -0.002584881 0.999996126 0.001013682 -0.112517841 -0.002399493 -0.001019885 0.999996603 3.586469889
0.999993742 0.002627243 0.002381151 0.054063711 -0.002629977 0.999995887 0.001145975 -0.120809458 -0.002378131 -0.001152230 0.999996543 3.839929581
0.999992430 0.002974822 0.002515563 0.058923900 -0.002977128 0.999995172 0.000913249 -0.125677571 -0.002512834 -0.000920732 0.999996424 4.112105370
0.999992728 0.002843097 0.002572954 0.066210613 -0.002845315 0.999995649 0.000858839 -0.128730938 -0.002570501 -0.000866153 0.999996245 4.373298645
0.999991238 0.003072564 0.002838561 0.066533960 -0.003074875 0.999994993 0.000810071 -0.136231884 -0.002836057 -0.000818792 0.999995649 4.635046005
0.999990404 0.003447775 0.002677096 0.074853808 -0.003450353 0.999993563 0.000958936 -0.146968573 -0.002673773 -0.000968164 0.999995887 4.885053635
0.999986470 0.004180197 0.003089529 0.077538453 -0.004183751 0.999990582 0.001144715 -0.154573843 -0.003084715 -0.001157625 0.999994516 5.146344185
0.999989390 0.003357010 0.003145347 0.080056414 -0.003360327 0.999993801 0.001049996 -0.161527753 -0.003141803 -0.001060554 0.999994516 5.412596226
0.999989867 0.003252083 0.003093674 0.087597333 -0.003255425 0.999994159 0.001076116 -0.170073554 -0.003090156 -0.001086176 0.999994636 5.678643227
0.999991298 0.003005606 0.002891022 0.090044267 -0.003009287 0.999994695 0.001269768 -0.178375944 -0.002887190 -0.001278457 0.999994993 5.954319477
0.999988258 0.003462382 0.003380506 0.092550315 -0.003466683 0.999993205 0.001267262 -0.186832041 -0.003376095 -0.001278966 0.999993443 6.236659050
0.999986827 0.003848426 0.003407164 0.104411699 -0.003852154 0.999992013 0.001088359 -0.187817380 -0.003402948 -0.001101469 0.999993622 6.533156872
0.999988079 0.003624740 0.003267762 0.105806462 -0.003628972 0.999992609 0.001290126 -0.201586246 -0.003263062 -0.001301969 0.999993801 6.821732521
0.999988437 0.003599276 0.003172295 0.115546308 -0.003602784 0.999992967 0.001100772 -0.206818938 -0.003168311 -0.001112188 0.999994278 7.123066425
0.999988496 0.003398367 0.003362428 0.119231984 -0.003403012 0.999993265 0.001376927 -0.218402445 -0.003357726 -0.001388354 0.999993384 7.434500694
0.999989927 0.003143726 0.003187783 0.126477078 -0.003148508 0.999993920 0.001496130 -0.230725944 -0.003183060 -0.001506152 0.999993801 7.739872456
0.999988139 0.003266657 0.003598561 0.131738022 -0.003272479 0.999993324 0.001613413 -0.235826403 -0.003593266 -0.001625170 0.999992251 8.062222481
0.999985874 0.003811221 0.003697811 0.138100713 -0.003816746 0.999991596 0.001488294 -0.248039290 -0.003692108 -0.001502387 0.999992073 8.378920555
0.999987721 0.003638408 0.003351588 0.149971962 -0.003642870 0.999992430 0.001326233 -0.255716801 -0.003346738 -0.001338426 0.999993622 8.704168320
0.999985635 0.003965938 0.003608790 0.154747292 -0.003971091 0.999991059 0.001421985 -0.265204191 -0.003603119 -0.001436295 0.999992490 9.042511940
0.999985933 0.003609169 0.003881869 0.155109778 -0.003615973 0.999991953 0.001747382 -0.276551515 -0.003875531 -0.001761394 0.999990940 9.373349190
0.999984384 0.004053109 0.003839936 0.167276576 -0.004059101 0.999990582 0.001553851 -0.289236695 -0.003833602 -0.001569414 0.999991357 9.737914085
0.999984741 0.004121224 0.003665018 0.179622129 -0.004127294 0.999990165 0.001650232 -0.300154716 -0.003658181 -0.001665333 0.999991953 10.086945534
0.999984264 0.004103647 0.003821857 0.184866071 -0.004110171 0.999990046 0.001700896 -0.310764760 -0.003814839 -0.001716577 0.999991238 10.454700470
0.999983132 0.004321499 0.003885354 0.192618161 -0.004327825 0.999989271 0.001621219 -0.324181646 -0.003878306 -0.001638007 0.999991119 10.811049461
0.999985278 0.003867559 0.003812780 0.203415081 -0.003873570 0.999991238 0.001570358 -0.328777313 -0.003806674 -0.001585103 0.999991417 11.186030388
0.999986112 0.003565834 0.003865868 0.214707330 -0.003573008 0.999991894 0.001850510 -0.341466308 -0.003859238 -0.001864298 0.999990821 11.579071999
0.999982476 0.004400172 0.003948054 0.223712608 -0.004407632 0.999988496 0.001882874 -0.347330630 -0.003939724 -0.001900243 0.999990463 11.958090782
0.999982417 0.004108262 0.004283057 0.227211565 -0.004117151 0.999989390 0.002068599 -0.365794331 -0.004274513 -0.002086196 0.999988675 12.355402946
0.999986351 0.003289101 0.004071270 0.240299895 -0.003299225 0.999991477 0.002482435 -0.379363149 -0.004063070 -0.002495833 0.999988675 12.743292809
0.999982059 0.004080952 0.004388915 0.243723482 -0.004091572 0.999988735 0.002413655 -0.387854606 -0.004379016 -0.002431570 0.999987483 13.135027885
0.999981821 0.004047219 0.004455974 0.260785043 -0.004057729 0.999988973 0.002352052 -0.399652123 -0.004446405 -0.002370090 0.999987364 13.540062904
0.999981105 0.004215190 0.004477635 0.263918936 -0.004226597 0.999987841 0.002541102 -0.410563886 -0.004466869 -0.002559978 0.999986768 13.941014290
0.999979913 0.004393653 0.004576338 0.274873585 -0.004406868 0.999986112 0.002881818 -0.419651240 -0.004563613 -0.002901927 0.999985397 14.356314659
0.999976814 0.004263419 0.005311355 0.282281458 -0.004276261 0.999987960 0.002408750 -0.431566834 -0.005301022 -0.002431408 0.999982953 14.769259453
0.999977231 0.004497980 0.005017849 0.293246150 -0.004509735 0.999987066 0.002333792 -0.441413611 -0.005007287 -0.002356368 0.999984622 15.205433846
0.999971390 0.004780939 0.005858900 0.298370868 -0.004794114 0.999986053 0.002236743 -0.451141775 -0.005848124 -0.002264767 0.999980390 15.650638580
0.999972045 0.003962274 0.006338044 0.311063290 -0.003980011 0.999988139 0.002788245 -0.473661005 -0.006326921 -0.002813391 0.999976039 16.077148438
0.999967396 0.004547162 0.006672111 0.322509229 -0.004566222 0.999985456 0.002844256 -0.485734046 -0.006659082 -0.002874629 0.999973714 16.518327713
0.999966800 0.004545514 0.006762875 0.334539682 -0.004564306 0.999985695 0.002765629 -0.500137150 -0.006750207 -0.002796404 0.999973357 16.957881927
0.999959052 0.005395319 0.007260426 0.345065504 -0.005413868 0.999981999 0.002537458 -0.505810022 -0.007246606 -0.002576661 0.999970496 17.414407730
0.999965310 0.004181219 0.007192135 0.357959449 -0.004205058 0.999985695 0.003302719 -0.525180638 -0.007178222 -0.003332848 0.999968708 17.895179749
0.999962449 0.004062572 0.007649743 0.368833482 -0.004084251 0.999987781 0.002820365 -0.534168422 -0.007638191 -0.002851503 0.999966860 18.366920471
0.999965668 0.003743299 0.007391484 0.388612151 -0.003766060 0.999988198 0.003067867 -0.543323457 -0.007379913 -0.003095598 0.999968052 18.831649780
0.999958813 0.004166414 0.008060993 0.387578189 -0.004188532 0.999987423 0.002728778 -0.560875654 -0.008049523 -0.002762430 0.999963760 19.320148468
0.999956846 0.004522956 0.008108056 0.403175354 -0.004542761 0.999986708 0.002425941 -0.568868756 -0.008096977 -0.002462669 0.999964118 19.802772522
0.999952853 0.004739734 0.008477342 0.403678477 -0.004765246 0.999984205 0.002991681 -0.580398917 -0.008463028 -0.003031936 0.999959588 20.298603058
0.999952316 0.003825842 0.008983567 0.422395706 -0.003851485 0.999988556 0.002838920 -0.599373043 -0.008972603 -0.002873384 0.999955595 20.783781052
0.999958813 0.004327685 0.007983931 0.436114401 -0.004351380 0.999986172 0.002952762 -0.611925066 -0.007971042 -0.002987382 0.999963760 21.284467697
0.999963164 0.004488894 0.007318618 0.454724669 -0.004510730 0.999985397 0.002969790 -0.629051328 -0.007305181 -0.003002693 0.999968827 21.783752441
0.999969721 0.004093217 0.006630450 0.467394114 -0.004113930 0.999986708 0.003113375 -0.644235432 -0.006617618 -0.003140558 0.999973118 22.286535263
0.999971092 0.004328874 0.006269541 0.479802549 -0.004346899 0.999986351 0.002864128 -0.654235482 -0.006257058 -0.002891298 0.999976277 22.818389893
0.999973476 0.003486500 0.006386586 0.486509979 -0.003507297 0.999988556 0.003247970 -0.675341010 -0.006375189 -0.003270284 0.999974310 23.335969925
0.999975502 0.003550322 0.006023768 0.498252898 -0.003573097 0.999986529 0.003774405 -0.693728983 -0.006010286 -0.003795836 0.999974728 23.858837128
0.999982953 0.002597225 0.005242938 0.505897880 -0.002616138 0.999990046 0.003603629 -0.709353387 -0.005233527 -0.003617283 0.999979734 24.376308441
0.999980867 0.003142114 0.005324304 0.516454399 -0.003159297 0.999989748 0.003221823 -0.723056853 -0.005314126 -0.003238583 0.999980628 24.946115494
0.999981225 0.003652608 0.004915253 0.531096697 -0.003667294 0.999988794 0.002982114 -0.727642894 -0.004904306 -0.003000084 0.999983490 25.484729767
0.999987662 0.003137093 0.003851209 0.540527284 -0.003149790 0.999989629 0.003295349 -0.748108745 -0.003840831 -0.003307438 0.999987125 26.047304153
0.999988258 0.003347231 0.003492102 0.552596331 -0.003358606 0.999989092 0.003256578 -0.759630799 -0.003481163 -0.003268268 0.999988556 26.605957031
0.999987364 0.003533459 0.003572244 0.561367154 -0.003545874 0.999987662 0.003475078 -0.776700377 -0.003559921 -0.003487700 0.999987602 27.161443710
0.999989629 0.003444355 0.002975028 0.580967367 -0.003454012 0.999988735 0.003247275 -0.790094376 -0.002963810 -0.003257516 0.999990344 27.719842911
0.999990046 0.003617182 0.002583579 0.587345123 -0.003623965 0.999989986 0.002625626 -0.801408172 -0.002574056 -0.002634963 0.999993265 28.273416519
0.999989212 0.003945548 0.002430734 0.599538803 -0.003953280 0.999987066 0.003184543 -0.816155136 -0.002418138 -0.003194118 0.999991953 28.810071945
0.999988556 0.004076011 0.002499111 0.612463951 -0.004083650 0.999987006 0.003059194 -0.828464627 -0.002486609 -0.003069365 0.999992192 29.370594025
0.999988675 0.004343227 0.001940834 0.623652875 -0.004349543 0.999985278 0.003261940 -0.841294765 -0.001926637 -0.003270344 0.999992788 29.912042618
0.999994576 0.003018463 0.001313916 0.626821399 -0.003023186 0.999988914 0.003606897 -0.867935002 -0.001303015 -0.003610849 0.999992609 30.449977875
0.999992847 0.003446905 0.001557525 0.643033862 -0.003452985 0.999986351 0.003918020 -0.886473179 -0.001543999 -0.003923370 0.999991119 30.983100891
0.999992251 0.003641002 0.001494540 0.645574450 -0.003646659 0.999986112 0.003800074 -0.896068513 -0.001480683 -0.003805494 0.999991655 31.551753998
0.999988675 0.004444481 0.001721412 0.652124524 -0.004451044 0.999982715 0.003827807 -0.912930727 -0.001704370 -0.003835426 0.999991179 32.080734253
0.999989986 0.004223242 0.001440051 0.665470600 -0.004227683 0.999986172 0.003095425 -0.915292501 -0.001426958 -0.003101482 0.999994099 32.641353607
0.999989212 0.004539109 0.000937253 0.671233535 -0.004542522 0.999982893 0.003671642 -0.936101675 -0.000920571 -0.003675860 0.999992847 33.205688477
0.999991238 0.004160967 0.000423221 0.687666357 -0.004162570 0.999983966 0.003857979 -0.959738612 -0.000407161 -0.003859707 0.999992490 33.731250763
0.999992251 0.003922638 0.000389217 0.703279257 -0.003924059 0.999985397 0.003721054 -0.964353323 -0.000374615 -0.003722552 0.999993026 34.286022186
0.999992192 0.003963427 -0.000164620 0.716962397 -0.003962809 0.999985695 0.003599009 -0.976139307 0.000178882 -0.003598329 0.999993503 34.829711914
0.999993920 0.003354647 -0.000971801 0.731852531 -0.003351155 0.999988079 0.003573026 -0.992850602 0.000983775 -0.003569748 0.999993205 35.380962372
0.999994457 0.003351813 -0.000069608 0.734098673 -0.003351569 0.999989152 0.003247301 -1.000226378 0.000080491 -0.003247049 0.999994755 35.914836884
0.999992669 0.003821406 0.000155056 0.735016286 -0.003821901 0.999987066 0.003334749 -1.009334683 -0.000142309 -0.003335318 0.999994457 36.467811584
0.999991596 0.004087677 0.000037453 0.742761016 -0.004087778 0.999986112 0.003311672 -1.021965146 -0.000023915 -0.003311798 0.999994576 37.023075104
0.999996006 0.002809611 -0.000331463 0.766165733 -0.002808526 0.999990761 0.003226861 -1.034631968 0.000340526 -0.003225917 0.999994695 37.553565979
0.999995351 0.002997061 -0.000578584 0.781869173 -0.002995117 0.999989867 0.003331218 -1.051421404 0.000588562 -0.003329470 0.999994278 38.089588165
0.999994159 0.003387441 -0.000463443 0.782414258 -0.003385924 0.999988973 0.003236715 -1.062433481 0.000474402 -0.003235128 0.999994636 38.638629913
0.999994099 0.003395189 0.000513529 0.774370134 -0.003396895 0.999988616 0.003356699 -1.087795019 -0.000502127 -0.003358423 0.999994159 39.179698944
0.999993801 0.003538097 0.000084002 0.786709607 -0.003538356 0.999988317 0.003308912 -1.097100973 -0.000072294 -0.003309188 0.999994457 39.729301453
0.999996364 0.002651771 -0.000316358 0.807411611 -0.002650625 0.999990165 0.003568122 -1.117274880 0.000325817 -0.003567270 0.999993563 40.265727997
0.999997199 0.002341437 0.000196018 0.811862826 -0.002342168 0.999989986 0.003813317 -1.135077477 -0.000187086 -0.003813766 0.999992728 40.820610046
0.999997079 0.002371686 -0.000402264 0.828537464 -0.002370227 0.999990821 0.003588060 -1.146642685 0.000410770 -0.003587096 0.999993503 41.377159119
0.999996066 0.002777614 -0.000233612 0.836813331 -0.002776729 0.999989331 0.003706592 -1.159324288 0.000243905 -0.003705929 0.999993086 41.923427582
0.999995291 0.003075180 0.000135172 0.847560346 -0.003075597 0.999990106 0.003199092 -1.171249390 -0.000125334 -0.003199492 0.999994874 42.480468750
0.999998152 0.001905562 0.000180091 0.850162685 -0.001906252 0.999990523 0.003916439 -1.197180748 -0.000172628 -0.003916774 0.999992311 43.038116455
0.999997973 0.001951789 -0.000509729 0.863878489 -0.001949594 0.999989033 0.004272048 -1.206879020 0.000518060 -0.004271046 0.999990702 43.587593079
0.999998987 0.001311994 -0.000504135 0.879754126 -0.001309546 0.999987483 0.004825195 -1.227776885 0.000510459 -0.004824530 0.999988198 44.126552582
0.999998629 0.001654046 -0.000083650 0.887313485 -0.001653677 0.999989688 0.004235510 -1.238744497 0.000090655 -0.004235366 0.999990940 44.653526306
0.999997973 0.001988707 -0.000251187 0.896738589 -0.001987665 0.999989748 0.004081742 -1.247408748 0.000259302 -0.004081234 0.999991596 45.212104797
0.999999642 0.000818546 -0.000104456 0.908219993 -0.000818088 0.999990404 0.004309253 -1.263905883 0.000107982 -0.004309167 0.999990642 45.742916107
0.999999583 0.000890615 -0.000224585 0.920093179 -0.000889685 0.999991179 0.004109001 -1.272753477 0.000228242 -0.004108800 0.999991477 46.281421661
0.999998450 0.001731320 0.000110778 0.926348507 -0.001731745 0.999990642 0.003946441 -1.290384173 -0.000103943 -0.003946627 0.999992192 46.833236694
0.999997258 0.002352323 -0.000162388 0.942238927 -0.002351741 0.999991119 0.003493342 -1.297588587 0.000170604 -0.003492951 0.999993920 47.382488251
0.999997735 0.001554903 -0.001451077 0.967277825 -0.001549969 0.999993026 0.003395173 -1.311464071 0.001456346 -0.003392917 0.999993145 47.949550629
0.999998569 0.001586978 0.000562289 0.955881000 -0.001589269 0.999990284 0.004098665 -1.332092643 -0.000555779 -0.004099552 0.999991357 48.478942871
0.999996603 0.002454336 0.000859423 0.959179103 -0.002458396 0.999985695 0.004754910 -1.348702192 -0.000847741 -0.004757008 0.999988258 49.023963928
0.999997854 0.001993899 0.000361909 0.974247634 -0.001995352 0.999989808 0.004060016 -1.356161475 -0.000353810 -0.004060730 0.999991655 49.559097290
0.999998212 0.001507267 0.001120514 0.979526222 -0.001512444 0.999988258 0.004633673 -1.372833014 -0.001113517 -0.004635359 0.999988616 50.111202240
0.999998689 0.001337145 0.000911465 0.986078680 -0.001341147 0.999989390 0.004404233 -1.381283283 -0.000905565 -0.004405451 0.999989867 50.658573151
0.999999404 0.000890056 0.000596774 1.018795371 -0.000892546 0.999990880 0.004184994 -1.392216086 -0.000593043 -0.004185524 0.999991059 51.181091309
0.999998987 0.001220165 0.000716851 1.014054537 -0.001223612 0.999987602 0.004827652 -1.412330985 -0.000710953 -0.004828524 0.999988079 51.734489441
0.999999225 0.001229999 0.000205377 1.027343750 -0.001231043 0.999985933 0.005162245 -1.426063538 -0.000199025 -0.005162493 0.999986649 52.277225494
0.999998510 0.001286453 0.001158087 1.028526902 -0.001291880 0.999988139 0.004697667 -1.437033057 -0.001152030 -0.004699156 0.999988317 52.825660706
0.999999046 0.000945572 0.000996601 1.039906263 -0.000949927 0.999989986 0.004378699 -1.445425630 -0.000992453 -0.004379642 0.999989927 53.349750519
0.999997497 0.001753718 0.001342927 1.041069031 -0.001759529 0.999989033 0.004338897 -1.458083749 -0.001335303 -0.004341250 0.999989688 53.896507263
0.999998152 0.001286901 0.001442271 1.053770781 -0.001293272 0.999989331 0.004425418 -1.477131724 -0.001436560 -0.004427274 0.999989152 54.424728394
0.999997377 0.001467731 0.001739471 1.059230208 -0.001475783 0.999988139 0.004636616 -1.491735697 -0.001732645 -0.004639172 0.999987662 54.945133209
0.999997199 0.001659429 0.001677860 1.068108797 -0.001666990 0.999988377 0.004515051 -1.502567887 -0.001670346 -0.004517835 0.999988377 55.496837616
0.999997973 0.001326829 0.001531825 1.089002132 -0.001333030 0.999990880 0.004054183 -1.513522148 -0.001526430 -0.004056217 0.999990582 56.011772156
0.999997318 0.001575787 0.001674351 1.096131682 -0.001582735 0.999990046 0.004156596 -1.523619533 -0.001667785 -0.004159235 0.999989927 56.561279297
0.999998808 0.000542663 0.001427181 1.105941057 -0.000549152 0.999989510 0.004549854 -1.545774937 -0.001424697 -0.004550633 0.999988616 57.082160950
0.999998510 0.000856577 0.001453039 1.117812276 -0.000863445 0.999988437 0.004732201 -1.558985472 -0.001448968 -0.004733448 0.999987721 57.617794037
0.999999285 0.000178803 0.001099488 1.130278587 -0.000183484 0.999990880 0.004259005 -1.574051023 -0.001098716 -0.004259204 0.999990284 58.156223297
0.999997735 0.001279064 0.001703650 1.136791587 -0.001286358 0.999989986 0.004287334 -1.576050997 -0.001698147 -0.004289515 0.999989271 58.680828094
0.999997199 0.001474541 0.001888051 1.148314953 -0.001481502 0.999992073 0.003690477 -1.580519199 -0.001882595 -0.003693263 0.999991357 59.228862762
0.999997556 0.001524124 0.001641003 1.156290531 -0.001530941 0.999990225 0.004160979 -1.601657748 -0.001634647 -0.004163481 0.999989927 59.753540039
0.999997795 0.000885400 0.001914330 1.163727641 -0.000893053 0.999991715 0.004000479 -1.612141967 -0.001910776 -0.004002179 0.999990165 60.265453339
0.999997258 0.000985359 0.002129478 1.173074603 -0.000994780 0.999989629 0.004427584 -1.622312307 -0.002125094 -0.004429690 0.999987900 60.825614929
0.999997914 0.000847224 0.001886660 1.194145083 -0.000855700 0.999989629 0.004496471 -1.641510129 -0.001882831 -0.004498076 0.999988139 61.357902527
0.999997139 0.001090945 0.002139730 1.186535358 -0.001099388 0.999991596 0.003948415 -1.643679261 -0.002135402 -0.003950756 0.999989927 61.861984253
0.999997377 0.001368325 0.001851610 1.196630716 -0.001375608 0.999991357 0.003938070 -1.658862591 -0.001846204 -0.003940607 0.999990582 62.404563904
0.999996066 0.000934836 0.002650248 1.205664635 -0.000945218 0.999991894 0.003919112 -1.672288179 -0.002646561 -0.003921602 0.999988794 62.891822815
0.999995947 0.001293396 0.002539216 1.215409040 -0.001303614 0.999991059 0.004026887 -1.684974194 -0.002533985 -0.004030182 0.999988616 63.429161072
0.999995232 0.001620032 0.002643196 1.229666710 -0.001631521 0.999989271 0.004350361 -1.705950260 -0.002636122 -0.004354653 0.999987006 63.980361938
0.999995291 0.001603990 0.002588823 1.240581155 -0.001614240 0.999990821 0.003962028 -1.715947032 -0.002582445 -0.003966189 0.999988794 64.475761414
0.999997258 0.000989270 0.002152393 1.254081964 -0.000997338 0.999992490 0.003750383 -1.725706816 -0.002148667 -0.003752520 0.999990642 65.023918152
0.999994874 0.001530888 0.002808675 1.256035686 -0.001541479 0.999991715 0.003772349 -1.738653898 -0.002802879 -0.003776660 0.999988854 65.539230347
0.999995470 0.001713211 0.002495070 1.270704150 -0.001721576 0.999992847 0.003354336 -1.749333739 -0.002489307 -0.003358617 0.999991179 66.087333679
0.999995887 0.001301343 0.002565576 1.286637545 -0.001310477 0.999992788 0.003561740 -1.764975905 -0.002560925 -0.003565087 0.999990344 66.608383179
0.999992430 0.002224518 0.003221822 1.289308906 -0.002235398 0.999991775 0.003377349 -1.782695174 -0.003214283 -0.003384526 0.999989092 67.142684937
0.999995172 0.001406459 0.002762400 1.306003690 -0.001415804 0.999993205 0.003383792 -1.790631890 -0.002757622 -0.003387687 0.999990404 67.671882629
0.999995708 0.001044422 0.002749970 1.320125461 -0.001052498 0.999995053 0.002936946 -1.800102711 -0.002746890 -0.002939828 0.999991894 68.220489502
0.999994278 0.001623695 0.002940831 1.329835534 -0.001634487 0.999991953 0.003671162 -1.824080944 -0.002934844 -0.003675948 0.999988914 68.746826172
0.999993503 0.001727978 0.003136764 1.339231491 -0.001739732 0.999991417 0.003748457 -1.837588787 -0.003130259 -0.003753890 0.999988079 69.293334961
0.999995530 0.001159935 0.002752985 1.352336645 -0.001169445 0.999993265 0.003455532 -1.846913695 -0.002748959 -0.003458736 0.999990225 69.784950256
0.999994934 0.001012223 0.003025724 1.362506390 -0.001021686 0.999994516 0.003127718 -1.858502388 -0.003022542 -0.003130794 0.999990463 70.336883545
0.999995589 0.000645892 0.002877905 1.373332024 -0.000655592 0.999994099 0.003370734 -1.871063352 -0.002875709 -0.003372606 0.999990165 70.854835510
0.999995887 0.000197856 0.002831802 1.385952592 -0.000206938 0.999994755 0.003207258 -1.877704144 -0.002831151 -0.003207830 0.999990821 71.409416199
0.999995828 0.000435030 0.002847533 1.400819302 -0.000444743 0.999994099 0.003411059 -1.900144815 -0.002846032 -0.003412311 0.999990046 71.910903931
0.999996603 0.000639686 0.002536088 1.410985231 -0.000647990 0.999994457 0.003274639 -1.910273314 -0.002533979 -0.003276271 0.999991417 72.464103699
0.999994934 0.000934780 0.003014645 1.424224019 -0.000944729 0.999994040 0.003300477 -1.929304361 -0.003011540 -0.003303308 0.999989986 72.980049133
0.999995291 0.000749606 0.002962443 1.434888959 -0.000760396 0.999993086 0.003642985 -1.941123009 -0.002959689 -0.003645221 0.999988973 73.520561218
0.999994814 0.000809735 0.003119406 1.449386954 -0.000819627 0.999994636 0.003171239 -1.954822421 -0.003116822 -0.003173780 0.999990106 74.045951843
0.999994695 0.001353873 0.002967376 1.461096764 -0.001364560 0.999992549 0.003602362 -1.963217735 -0.002962478 -0.003606392 0.999989152 74.607254028
0.999995112 0.000935871 0.002992877 1.476691127 -0.000946295 0.999993503 0.003483593 -1.980553150 -0.002989599 -0.003486408 0.999989450 75.118476868
0.999995053 0.001365063 0.002836996 1.491362929 -0.001374379 0.999993682 0.003284297 -1.989307761 -0.002832494 -0.003288180 0.999990582 75.673706055
0.999993443 0.001557676 0.003277255 1.497311592 -0.001568536 0.999993205 0.003313629 -2.008592844 -0.003272074 -0.003318748 0.999989152 76.181037903
0.999995410 0.000958603 0.002898240 1.518823147 -0.000967516 0.999994814 0.003075485 -2.019129038 -0.002895277 -0.003078274 0.999991059 76.735977173
0.999991477 0.001925164 0.003652137 1.514140010 -0.001935921 0.999993742 0.002944157 -2.032716036 -0.003646447 -0.002951203 0.999988914 77.245437622
0.999992549 0.001816456 0.003407563 1.526382327 -0.001827818 0.999992728 0.003334332 -2.046903133 -0.003401483 -0.003340535 0.999988556 77.800857544
0.999992192 0.001815965 0.003485381 1.547788858 -0.001826301 0.999993920 0.002964511 -2.061113119 -0.003479974 -0.002970854 0.999989510 78.298606873
0.999994040 0.001467241 0.003126777 1.566965461 -0.001476915 0.999994159 0.003094007 -2.074785233 -0.003122219 -0.003098607 0.999990344 78.841911316
0.999992251 0.001753297 0.003522204 1.569960594 -0.001763848 0.999993980 0.002994700 -2.090325356 -0.003516932 -0.003000889 0.999989331 79.358337402
0.999993801 0.001935084 0.002922518 1.587841153 -0.001942768 0.999994636 0.002628784 -2.104870558 -0.002917414 -0.002634446 0.999992311 79.905830383
0.999989212 0.001710147 0.004303600 1.607248902 -0.001722829 0.999994099 0.002944844 -2.107418537 -0.004298538 -0.002952227 0.999986410 80.406181335
0.999981105 0.002327643 0.005687857 1.616809249 -0.002341727 0.999994159 0.002470681 -2.121052504 -0.005682074 -0.002483955 0.999980748 80.950592041
0.999981344 0.000674482 0.006065842 1.652897239 -0.000690996 0.999996066 0.002720725 -2.128753662 -0.006063983 -0.002724866 0.999977887 81.487403870
0.999974072 0.000819905 0.007151192 1.662457466 -0.000839981 0.999995649 0.002804759 -2.143205166 -0.007148861 -0.002810694 0.999970496 82.036766052
0.999946535 0.001026304 0.010291238 1.689789057 -0.001050857 0.999996603 0.002380646 -2.147366762 -0.010288760 -0.002391333 0.999944210 82.596138000
0.999904752 0.000021086 0.013801696 1.712782621 -0.000048636 0.999997973 0.001995805 -2.158932924 -0.013801625 -0.001996286 0.999902725 83.133789062
0.999856234 0.000346604 0.016952684 1.739175916 -0.000389278 0.999996781 0.002514006 -2.167879581 -0.016951757 -0.002520244 0.999853134 83.654197693
0.999783158 0.000393884 0.020819297 1.767772436 -0.000444039 0.999997020 0.002404492 -2.183477640 -0.020818289 -0.002413216 0.999780297 84.201873779
0.999633908 0.001005109 0.027036127 1.794761658 -0.001069632 0.999996603 0.002372213 -2.195848942 -0.027033649 -0.002400263 0.999631584 84.740615845
0.999464154 0.000200183 0.032730542 1.825942516 -0.000277315 0.999997199 0.002352048 -2.209605694 -0.032729980 -0.002359865 0.999461412 85.279602051
0.999231875 0.000466107 0.039185002 1.856726408 -0.000587378 0.999995112 0.003083393 -2.228233337 -0.039183371 -0.003104041 0.999227226 85.821441650
0.998918414 0.000082800 0.046498422 1.913388014 -0.000243212 0.999994040 0.003444206 -2.247989655 -0.046497859 -0.003451790 0.998912513 86.365219116
0.998464048 0.000163074 0.055401921 1.965046167 -0.000284086 0.999997616 0.002176391 -2.240538359 -0.055401433 -0.002188788 0.998461723 86.938674927
0.998041868 -0.000212553 0.062549092 2.015293121 0.000079128 0.999997795 0.002135600 -2.249678612 -0.062549405 -0.002126468 0.998039663 87.494155884
0.997463763 -0.000662418 0.071173027 2.086763859 0.000512191 0.999997616 0.002128955 -2.267583847 -0.071174279 -0.002087102 0.997461677 88.047126770
0.996747017 -0.001391709 0.080582663 2.158390999 0.001266411 0.999997914 0.001605995 -2.278376818 -0.080584735 -0.001498720 0.996746600 88.587860107
0.996057510 -0.002076500 0.088685408 2.237424850 0.001931760 0.999996722 0.001717853 -2.290730000 -0.088688679 -0.001539761 0.996058226 89.128402710
0.995295405 -0.001731659 0.096870825 2.295614719 0.001588407 0.999997497 0.001555885 -2.305093050 -0.096873268 -0.001394695 0.995295763 89.706939697
0.994220495 -0.001511970 0.107345872 2.374613762 0.001373775 0.999998033 0.001361315 -2.319006205 -0.107347727 -0.001205979 0.994220853 90.244903564
0.993077278 -0.002675997 0.117432386 2.455167770 0.002458591 0.999994993 0.001996148 -2.335610390 -0.117437124 -0.001693611 0.993078887 90.816894531
0.991876483 -0.003079021 0.127167553 2.544901848 0.002861701 0.999994099 0.001891593 -2.349546194 -0.127172619 -0.001512310 0.991879523 91.365539551
0.990359247 -0.003656350 0.138474405 2.644644737 0.003439790 0.999992490 0.001803185 -2.365363598 -0.138479948 -0.001309478 0.990364373 91.896354675
0.988546312 -0.002825089 0.150891230 2.753539085 0.002574331 0.999994934 0.001857159 -2.381421328 -0.150895715 -0.001447444 0.988548636 92.483703613
0.986792266 -0.003141573 0.161959901 2.862003326 0.002819931 0.999993563 0.002215780 -2.394328833 -0.161965817 -0.001729800 0.986794829 93.034385681
0.985036254 -0.003573278 0.172310129 2.988640785 0.003337367 0.999993026 0.001658782 -2.404663801 -0.172314897 -0.001058898 0.985041320 93.605201721
0.982686758 -0.003707758 0.185238361 3.112565041 0.003423143 0.999992430 0.001856273 -2.418979168 -0.185243875 -0.001190037 0.982691884 94.146179199
0.980226040 -0.003396914 0.197851509 3.238520622 0.003050623 0.999993205 0.002055031 -2.435871601 -0.197857156 -0.001410825 0.980229795 94.690261841
0.978217185 -0.004193109 0.207541496 3.373392105 0.003899647 0.999990821 0.001823097 -2.448863745 -0.207547218 -0.000974046 0.978224516 95.217994690
0.975357175 -0.004569044 0.220584363 3.524459839 0.004245211 0.999989092 0.001942100 -2.461379290 -0.220590830 -0.000957814 0.975365996 95.748062134
0.972186506 -0.005175713 0.234150738 3.683525085 0.004763446 0.999985933 0.002326206 -2.483926296 -0.234159485 -0.001146141 0.972197533 96.342704773
0.969424367 -0.005513444 0.245328277 3.838487625 0.005063602 0.999984145 0.002464359 -2.499524117 -0.245337993 -0.001146765 0.969436944 96.862815857
0.966825187 -0.005969837 0.255369097 4.017742157 0.005474818 0.999981523 0.002649240 -2.521526814 -0.255380183 -0.001163252 0.966840029 97.360969543
0.963251472 -0.006448300 0.268523753 4.210218430 0.005898675 0.999978542 0.002853579 -2.529536247 -0.268536359 -0.001164780 0.963268876 97.871116638
0.959225833 -0.005437761 0.282588482 4.357486725 0.004905930 0.999984562 0.002589570 -2.537969589 -0.282598168 -0.001097623 0.959237754 98.580497742
0.955733776 -0.006399812 0.294163376 4.543264389 0.005995003 0.999979436 0.002277831 -2.547408581 -0.294171870 -0.000413489 0.955752373 99.100067139
0.951456487 -0.006888311 0.307706267 4.732564926 0.006405071 0.999976218 0.002580384 -2.566709518 -0.307716697 -0.000484243 0.951477826 99.592445374
0.946550250 -0.006804240 0.322484642 4.931978226 0.006171557 0.999976456 0.002984303 -2.578134060 -0.322497368 -0.000834560 0.946569979 100.191093445
0.942579329 -0.006893755 0.333911240 5.141620636 0.006299189 0.999976039 0.002863351 -2.586760998 -0.333922952 -0.000595564 0.942600131 100.712463379
0.937983811 -0.007751746 0.346592516 5.352357864 0.007427308 0.999969840 0.002264383 -2.591450453 -0.346599579 0.000450295 0.938013077 101.239990234
0.932909787 -0.009827868 0.359976053 5.604612350 0.008958194 0.999951541 0.004084175 -2.627586842 -0.359998673 -0.000585433 0.932952642 101.763809204
0.928051412 -0.010178814 0.372312993 5.834579468 0.009297988 0.999948084 0.004161214 -2.639630318 -0.372336060 -0.000400059 0.928097844 102.272552490
0.923342705 -0.010364735 0.383836895 6.074237823 0.009478634 0.999946237 0.004200095 -2.650964022 -0.383859813 -0.000239877 0.923391402 102.803176880
0.916827917 -0.009110474 0.399178594 6.305641174 0.008069510 0.999958217 0.004288161 -2.657768488 -0.399201065 -0.000710330 0.916863143 103.286399841
0.911151826 -0.009660760 0.411957353 6.560157776 0.008935193 0.999953210 0.003687256 -2.662436008 -0.411973715 0.000321268 0.911195695 103.780807495
0.906179845 -0.010505175 0.422761917 6.806533813 0.009484445 0.999944746 0.004517869 -2.687780619 -0.422786057 -0.000084340 0.906229496 104.237213135
0.900174201 -0.009490606 0.435426444 7.073516846 0.008593649 0.999954939 0.004029146 -2.692530632 -0.435445040 0.000114969 0.900215268 104.770950317
0.893683016 -0.009796863 0.448591769 7.342079163 0.008920010 0.999951899 0.004067687 -2.705624104 -0.448610097 0.000366220 0.893727481 105.254348755
0.887287319 -0.009349645 0.461122334 7.614219666 0.008388491 0.999956250 0.004133898 -2.718998671 -0.461140782 0.000200166 0.887326956 105.740653992
0.881894588 -0.012378314 0.471284062 7.912391663 0.011011953 0.999923348 0.005656849 -2.739660740 -0.471317977 0.000201014 0.881963313 106.211624146
0.874545574 -0.012426571 0.484784007 8.202579498 0.010689068 0.999922693 0.006348254 -2.759622335 -0.484825462 -0.000369949 0.874610841 106.683593750
