1.000000000 0.000000000 0.000000000 0.000000000 0.000000000 1.000000000 0.000000000 0.000000000 0.000000000 0.000000000 1.000000000 0.000000000
1.000000000 0.000088709 0.000034896 -0.000107836 -0.000088709 1.000000000 -0.000001183 0.000356398 -0.000034896 0.000001180 1.000000000 0.000295362
1.000000000 0.000071153 0.000091465 -0.000505606 -0.000071160 1.000000000 0.000072209 -0.000291848 -0.000091460 -0.000072216 1.000000000 0.000241094
1.000000000 -0.000001239 0.000056235 -0.000223094 0.000001240 1.000000000 -0.000020226 0.000489085 -0.000056235 0.000020227 1.000000000 0.000344284
1.000000000 0.000024870 0.000071949 -0.000259063 -0.000024867 1.000000000 -0.000036479 0.000449611 -0.000071950 0.000036478 1.000000000 0.000226783
1.000000000 0.000091909 0.000106344 -0.001175074 -0.000091910 1.000000000 0.000012132 0.000325920 -0.000106343 -0.000012142 1.000000000 -0.000206403
1.000000000 -0.000061234 0.000045872 -0.000377903 0.000061233 1.000000000 0.000002197 -0.000043757 -0.000045872 -0.000002194 1.000000000 0.000117515
1.000000000 0.000046352 0.000035819 -0.000263648 -0.000046354 1.000000000 0.000068183 -0.000244150 -0.000035815 -0.000068185 1.000000000 0.000205069
1.000000000 0.000067952 -0.000009938 -0.000081900 -0.000067953 1.000000000 -0.000097619 0.000143842 0.000009931 0.000097620 1.000000000 -0.000029957
1.000000000 0.000079917 0.000083469 -0.000257543 -0.000079917 1.000000000 0.000006673 -0.000261992 -0.000083468 -0.000006680 1.000000000 0.000466083
1.000000000 0.000094352 0.000073217 -0.000636427 -0.000094354 1.000000000 0.000022127 -0.000068759 -0.000073215 -0.000022134 1.000000000 0.000215799
1.000000000 0.000144293 0.000083471 -0.000211313 -0.000144288 1.000000000 -0.000053414 0.001206188 -0.000083478 0.000053402 1.000000000 0.001706522
1.000000000 0.000057083 0.000023959 -0.000713865 -0.000057082 1.000000000 -0.000045881 -0.000427241 -0.000023962 0.000045880 1.000000000 -0.000858317
1.000000000 0.000078264 0.000060369 -0.000912351 -0.000078260 1.000000000 -0.000065640 0.000645510 -0.000060374 0.000065635 1.000000000 0.000265254
1.000000000 0.000059269 0.000073711 -0.001747351 -0.000059267 1.000000000 -0.000024890 0.000487348 -0.000073713 0.000024886 1.000000000 -0.000457180
1.000000000 0.000099734 0.000037190 -0.000037919 -0.000099732 1.000000000 -0.000050410 0.001310962 -0.000037195 0.000050406 1.000000000 0.001678396
1.000000000 0.000141108 0.000118371 -0.000939349 -0.000141100 1.000000000 -0.000068641 0.001437957 -0.000118380 0.000068625 1.000000000 0.001713917
1.000000000 0.000131748 0.000117947 -0.001391375 -0.000131733 1.000000000 -0.000127443 0.001332017 -0.000117964 0.000127428 1.000000000 0.001163317
0.999999940 0.000197276 0.000158402 -0.002058787 -0.000197258 1.000000000 -0.000108480 0.002146458 -0.000158423 0.000108449 1.000000000 0.001791426
1.000000000 0.000156144 0.000156002 -0.001485750 -0.000156124 1.000000000 -0.000128213 0.001998717 -0.000156022 0.000128189 1.000000000 0.001978900
1.000000000 0.000107541 0.000177908 -0.001993506 -0.000107527 1.000000000 -0.000078627 0.001355810 -0.000177917 0.000078608 1.000000000 0.001881758
1.000000000 0.000148474 0.000121276 -0.001692622 -0.000148465 1.000000000 -0.000071550 0.001674659 -0.000121287 0.000071532 1.000000000 0.001360054
1.000000000 0.000179224 0.000106169 -0.001130076 -0.000179211 1.000000000 -0.000117817 0.002154912 -0.000106190 0.000117798 1.000000000 0.002537703
1.000000000 0.000140176 0.000108822 -0.001466703 -0.000140166 1.000000000 -0.000096291 0.002481805 -0.000108836 0.000096276 1.000000000 0.002843837
0.999999940 0.000295415 0.000116938 -0.001537543 -0.000295405 0.999999940 -0.000088133 0.002257382 -0.000116964 0.000088099 1.000000000 0.002497064
0.999999940 0.000343509 0.000134369 -0.001715021 -0.000343505 0.999999940 -0.000033906 0.001178979 -0.000134381 0.000033860 1.000000000 0.001260162
0.999999940 0.000183948 0.000189145 -0.001893253 -0.000183943 1.000000000 -0.000024779 0.002376745 -0.000189149 0.000024744 1.000000000 0.002230541
0.999999940 0.000233072 0.000194136 -0.001848456 -0.000233077 1.000000000 0.000024555 0.001366116 -0.000194130 -0.000024600 1.000000000 0.002090063
1.000000000 0.000203102 0.000130361 -0.001852636 -0.000203097 1.000000000 -0.000041000 0.002241497 -0.000130369 0.000040974 1.000000000 0.002468314
0.999999940 0.000236934 0.000169677 -0.001945536 -0.000236926 1.000000000 -0.000045993 0.001936981 -0.000169688 0.000045953 1.000000000 0.002195168
0.999999940 0.000254471 0.000190793 -0.001404468 -0.000254471 0.999999940 0.000000245 0.001233547 -0.000190793 -0.000000294 1.000000000 0.002339063
1.000000000 0.000077409 0.000171881 -0.000989509 -0.000077399 1.000000000 -0.000056392 0.002531232 -0.000171886 0.000056379 1.000000000 0.003386016
1.000000000 0.000181848 0.000061333 -0.000295951 -0.000181841 1.000000000 -0.000122697 0.002541940 -0.000061355 0.000122686 1.000000000 0.002905304
1.000000000 0.000181614 0.000131175 -0.001000113 -0.000181608 1.000000000 -0.000048635 0.001549415 -0.000131184 0.000048611 1.000000000 0.001833883
0.999999940 0.000291655 0.000211759 -0.002393079 -0.000291638 0.999999940 -0.000083602 0.001713691 -0.000211783 0.000083540 1.000000000 0.001259779
0.999999940 0.000293974 0.000207083 -0.001393916 -0.000293961 0.999999940 -0.000060922 0.001401908 -0.000207100 0.000060861 1.000000000 0.001508768
0.999999940 0.000242601 0.000172784 -0.001736211 -0.000242591 0.999999940 -0.000057372 0.002015370 -0.000172798 0.000057330 1.000000000 0.002080729
0.999999940 0.000249743 0.000119177 -0.001663492 -0.000249733 0.999999940 -0.000079215 0.002571200 -0.000119197 0.000079185 1.000000000 0.002790592
0.999999940 0.000304960 0.000186698 -0.001522160 -0.000304942 0.999999940 -0.000095273 0.002355311 -0.000186727 0.000095216 1.000000000 0.001429012
0.999999940 0.000247832 0.000124814 -0.000584200 -0.000247819 0.999999940 -0.000106186 0.003108625 -0.000124840 0.000106155 1.000000000 0.002785592
1.000000000 0.000077683 0.000074465 0.000167384 -0.000077674 1.000000000 -0.000124076 0.001724415 -0.000074474 0.000124070 1.000000000 0.003036735
0.999999881 0.000398830 0.000220102 -0.000321549 -0.000398678 0.999999702 -0.000690079 -0.001585311 -0.000220377 0.000689991 0.999999762 0.051229723
0.999999940 0.000336200 0.000146380 0.002045397 -0.000336014 0.999999166 -0.001267848 -0.003010491 -0.000146806 0.001267798 0.999999166 0.140183464
1.000000000 0.000044190 0.000020247 0.004410907 -0.000044163 0.999999106 -0.001342728 -0.009590568 -0.000020306 0.001342727 0.999999106 0.252474606
0.999999940 0.000262785 0.000172576 0.005543835 -0.000262585 0.999999285 -0.001161156 -0.012747051 -0.000172881 0.001161111 0.999999285 0.385286272
0.999999940 0.000149832 0.000368940 0.005175722 -0.000149378 0.999999225 -0.001229767 -0.013320676 -0.000369124 0.001229712 0.999999166 0.531034410
0.999999940 -0.000300758 0.000188806 0.011531116 0.000300986 0.999999225 -0.001212032 -0.018602176 -0.000188442 0.001212088 0.999999225 0.685086608
0.999999940 0.000100283 0.000356405 0.016151506 -0.000099990 0.999999642 -0.000820891 -0.024538754 -0.000356488 0.000820855 0.999999583 0.843826950
0.999999881 0.000072848 0.000489213 0.015237580 -0.000072534 0.999999762 -0.000642147 -0.031197224 -0.000489260 0.000642111 0.999999702 1.024133444
1.000000000 -0.000173380 -0.000015724 0.029294619 0.000173368 0.999999702 -0.000776165 -0.029423263 0.000015859 0.000776162 0.999999702 1.217567205
0.999999881 -0.000032865 0.000465151 0.027764171 0.000033070 0.999999881 -0.000440834 -0.039324768 -0.000465136 0.000440849 0.999999821 1.392037511
0.999999940 0.000073392 0.000239382 0.029311670 -0.000073314 0.999999940 -0.000326604 -0.046288334 -0.000239406 0.000326586 0.999999940 1.589414358
0.999999940 -0.000207146 0.000291996 0.027526967 0.000207183 1.000000000 -0.000124306 -0.055909753 -0.000291970 0.000124367 0.999999940 1.766963840
0.999999881 0.000403439 -0.000154197 0.041032832 -0.000403289 0.999999464 0.000972063 -0.075886510 0.000154589 -0.000972001 0.999999523 1.931885600
0.999999940 0.000087422 0.000012806 0.045805492 -0.000087433 0.999999702 0.000854212 -0.082221344 -0.000012731 -0.000854213 0.999999642 2.142699242
0.999999881 -0.000421472 -0.000060640 0.053266909 0.000421538 0.999999404 0.001098091 -0.087375380 0.000060177 -0.001098116 0.999999404 2.359895706
1.000000000 0.000159340 -0.000184745 0.050966609 -0.000159088 0.999999046 0.001362377 -0.096772127 0.000184961 -0.001362348 0.999998987 2.583965540
1.000000000 0.000000468 0.000110714 0.053667143 -0.000000634 0.999998868 0.001505641 -0.103851371 -0.000110713 -0.001505641 0.999998868 2.817445755
1.000000000 -0.000402650 0.000102165 0.060929954 0.000402488 0.999998748 0.001583422 -0.108613901 -0.000102802 -0.001583381 0.999998689 3.061380625
1.000000000 -0.000167221 -0.000082017 0.061780911 0.000167360 0.999998569 0.001694871 -0.120842792 0.000081733 -0.001694885 0.999998569 3.284510136
1.000000000 0.000017018 0.000165210 0.065018222 -0.000017315 0.999998450 0.001797407 -0.126772404 -0.000165178 -0.001797410 0.999998271 3.536951780
0.999999940 0.000187961 0.000107436 0.071167707 -0.000188151 0.999998391 0.001766208 -0.133254290 -0.000107104 -0.001766228 0.999998391 3.796916246
0.999999940 0.000088637 0.000417244 0.075170726 -0.000089535 0.999997735 0.002153723 -0.141272813 -0.000417052 -0.002153760 0.999997616 4.054726601
1.000000000 -0.000116682 0.000166339 0.075501293 0.000116268 0.999996901 0.002487234 -0.153195292 -0.000166629 -0.002487215 0.999996901 4.294548512
0.999999940 -0.000167330 0.000157692 0.080226116 0.000166972 0.999997377 0.002265695 -0.159328416 -0.000158071 -0.002265668 0.999997437 4.555033684
0.999999940 -0.000111591 0.000353105 0.087858312 0.000110853 0.999997854 0.002088034 -0.163746908 -0.000353337 -0.002087994 0.999997735 4.818130493
1.000000000 0.000244784 0.000340310 0.095004216 -0.000245490 0.999997795 0.002076456 -0.163359255 -0.000339801 -0.002076539 0.999997854 5.075540543
0.999999762 0.000142820 0.000673439 0.083217382 -0.000144457 0.999997020 0.002430397 -0.183869451 -0.000673090 -0.002430493 0.999996841 5.316102505
0.999999642 0.000474263 0.000679547 0.088206761 -0.000476102 0.999996185 0.002707677 -0.193246707 -0.000678260 -0.002708000 0.999996126 5.587378979
0.999999523 0.000455691 0.000869724 0.090597428 -0.000457981 0.999996364 0.002634516 -0.198376343 -0.000868520 -0.002634913 0.999996126 5.864497662
0.999999166 0.000475687 0.001162135 0.091109164 -0.000478753 0.999996305 0.002639199 -0.204116359 -0.001160876 -0.002639753 0.999995828 6.147074223
0.999998689 0.001141794 0.001169514 0.103560843 -0.001145055 0.999995470 0.002790848 -0.216414377 -0.001166322 -0.002792183 0.999995470 6.422127724
0.999999583 0.000340125 0.000738258 0.099769622 -0.000342165 0.999996126 0.002764437 -0.219200864 -0.000737315 -0.002764689 0.999995887 6.705788136
0.999999464 0.000593069 0.000883179 0.105760016 -0.000595440 0.999996305 0.002686329 -0.225313917 -0.000881583 -0.002686853 0.999995947 7.008618832
0.999999166 0.000856815 0.000984581 0.107739307 -0.000859586 0.999995649 0.002817387 -0.235889569 -0.000982163 -0.002818231 0.999995530 7.304251671
0.999998987 0.000801972 0.001150263 0.112316132 -0.000805663 0.999994457 0.003212451 -0.248460710 -0.001147681 -0.003213375 0.999994159 7.614731789
0.999999583 0.000427338 0.000919651 0.111404225 -0.000430260 0.999994874 0.003180048 -0.263198793 -0.000918287 -0.003180442 0.999994457 7.926084042
0.999998510 0.001191248 0.001253284 0.111063719 -0.001194932 0.999994993 0.002942933 -0.269349247 -0.001249772 -0.002944427 0.999994934 8.243132591
0.999998748 0.000792391 0.001318544 0.119179793 -0.000796090 0.999995768 0.002807695 -0.278090000 -0.001316313 -0.002808742 0.999995232 8.574244499
0.999997735 0.001234753 0.001671704 0.122636303 -0.001239919 0.999994516 0.003093187 -0.284450948 -0.001667876 -0.003095253 0.999993801 8.915974617
0.999998391 0.001323520 0.001187299 0.119328968 -0.001327073 0.999994636 0.002996453 -0.298621565 -0.001183327 -0.002998024 0.999994755 9.239295959
0.999998391 0.001397258 0.001108408 0.127812028 -0.001400260 0.999995351 0.002712284 -0.306293696 -0.001104613 -0.002713832 0.999995708 9.581560135
0.999996424 0.002131802 0.001592631 0.130061865 -0.002136595 0.999993145 0.003013936 -0.316057682 -0.001586195 -0.003017328 0.999994218 9.933571815
0.999997795 0.001645898 0.001305955 0.130655766 -0.001649896 0.999993861 0.003066347 -0.329046369 -0.001300900 -0.003068496 0.999994457 10.274527550
0.999997914 0.001566400 0.001316492 0.139602244 -0.001570427 0.999993980 0.003063435 -0.339119405 -0.001311686 -0.003065496 0.999994457 10.637145996
0.999997199 0.001659960 0.001733118 0.147015020 -0.001665371 0.999993742 0.003125510 -0.345025539 -0.001727919 -0.003128387 0.999993622 11.008256912
0.999998450 0.001178653 0.001290224 0.149290442 -0.001182991 0.999993622 0.003366988 -0.357606322 -0.001286247 -0.003368509 0.999993443 11.367407799
0.999998450 0.001286160 0.001215989 0.159431815 -0.001290190 0.999993682 0.003319582 -0.365473300 -0.001211712 -0.003321146 0.999993682 11.748860359
0.999997556 0.001500855 0.001572131 0.168698713 -0.001506476 0.999992490 0.003580381 -0.379826903 -0.001566746 -0.003582741 0.999992371 12.130684853
0.999998331 0.001173789 0.001399062 0.180950120 -0.001179135 0.999991953 0.003826415 -0.392695427 -0.001394559 -0.003828059 0.999991715 12.499231339
0.999997675 0.001348240 0.001690788 0.164495245 -0.001355293 0.999990284 0.004177016 -0.404114276 -0.001685139 -0.004179297 0.999989808 12.872861862
0.999996483 0.001820943 0.001896699 0.175852656 -0.001828477 0.999990344 0.003978151 -0.414204508 -0.001889437 -0.003981606 0.999990284 13.271787643
0.999996126 0.001920240 0.002013592 0.180966735 -0.001928365 0.999989867 0.004040977 -0.426277190 -0.002005812 -0.004044845 0.999989748 13.679423332
0.999994814 0.002420030 0.002110103 0.186356038 -0.002429198 0.999987602 0.004353128 -0.433386743 -0.002099542 -0.004358232 0.999988317 14.119482040
0.999996066 0.001703841 0.002234994 0.186697185 -0.001712816 0.999990404 0.004020157 -0.443232924 -0.002228123 -0.004023968 0.999989450 14.494603157
0.999995768 0.001843915 0.002254448 0.195063591 -0.001852713 0.999990642 0.003906792 -0.451165468 -0.002247223 -0.003910951 0.999989867 14.924215317
0.999997020 0.000817787 0.002316254 0.212352067 -0.000827001 0.999991715 0.003979534 -0.467179298 -0.002312981 -0.003981437 0.999989450 15.348453522
0.999994874 0.001017690 0.003012026 0.206798732 -0.001031170 0.999989450 0.004477203 -0.481959134 -0.003007438 -0.004480286 0.999985397 15.768117905
0.999993205 0.001853083 0.003189607 0.216421783 -0.001868061 0.999987245 0.004699389 -0.491208375 -0.003180858 -0.004705315 0.999983847 16.213459015
0.999992967 0.001419399 0.003460648 0.229424089 -0.001435728 0.999987841 0.004720537 -0.501370609 -0.003453906 -0.004725472 0.999982893 16.662729263
0.999992013 0.001173408 0.003827721 0.218241185 -0.001192300 0.999987125 0.004937283 -0.526105583 -0.003821879 -0.004941807 0.999980509 17.089330673
0.999991000 0.001061151 0.004117039 0.230007023 -0.001083089 0.999985218 0.005330057 -0.537093341 -0.004111322 -0.005334468 0.999977350 17.558500290
0.999988914 0.001289561 0.004545140 0.238625318 -0.001311207 0.999987841 0.004762817 -0.543084979 -0.004538943 -0.004768723 0.999978304 18.027767181
0.999988735 0.001404648 0.004560910 0.243485853 -0.001427005 0.999986887 0.004902394 -0.556530535 -0.004553963 -0.004908846 0.999977589 18.470911026
0.999988317 0.001811583 0.004478299 0.255560696 -0.001834220 0.999985397 0.005055977 -0.567527652 -0.004469075 -0.005064132 0.999977231 18.947864532
0.999986529 0.002388978 0.004611942 0.270330548 -0.002411199 0.999985456 0.004818670 -0.578771532 -0.004600363 -0.004829725 0.999977767 19.423357010
0.999988198 0.001098095 0.004718126 0.256392270 -0.001121047 0.999987543 0.004864859 -0.581269205 -0.004712725 -0.004870092 0.999977052 19.890867233
0.999987364 0.000763371 0.004957928 0.268527389 -0.000788815 0.999986470 0.005132053 -0.596053779 -0.004953944 -0.005135899 0.999974549 20.380851746
0.999989688 0.001221534 0.004380850 0.279552668 -0.001242848 0.999987423 0.004865865 -0.600441217 -0.004374851 -0.004871259 0.999978662 20.895526886
0.999990106 0.001070324 0.004307679 0.259944886 -0.001090667 0.999988258 0.004723010 -0.608455241 -0.004302574 -0.004727662 0.999979556 21.377025604
0.999991179 0.001359482 0.003979542 0.271021038 -0.001376455 0.999989927 0.004265478 -0.617224693 -0.003973704 -0.004270917 0.999982953 21.887849808
0.999993265 0.000999340 0.003533987 0.270491958 -0.001015387 0.999989092 0.004541860 -0.622454762 -0.003529409 -0.004545417 0.999983370 22.394445419
0.999994993 0.000988661 0.003010660 0.282794595 -0.001003264 0.999987662 0.004852646 -0.638940513 -0.003005826 -0.004855642 0.999983668 22.915304184
0.999994755 0.001597898 0.002824539 0.283270717 -0.001610639 0.999988496 0.004514490 -0.645371735 -0.002817293 -0.004519016 0.999985754 23.420692444
0.999997735 -0.000250419 0.002122597 0.294762373 0.000241198 0.999990523 0.004343777 -0.670851827 -0.002123665 -0.004343255 0.999988317 23.965932846
0.999997616 0.000864173 0.002017671 0.263243109 -0.000873715 0.999988437 0.004733322 -0.680605888 -0.002013557 -0.004735074 0.999986768 24.451967239
0.999999106 0.000950996 0.000987360 0.277339786 -0.000955805 0.999987662 0.004881435 -0.690081060 -0.000982706 -0.004882375 0.999987602 25.004882812
0.999998569 0.001393622 0.000994490 0.279970229 -0.001399031 0.999984145 0.005458268 -0.707347810 -0.000986867 -0.005459651 0.999984562 25.554561615
0.999998987 0.001318994 0.000587492 0.261481911 -0.001322165 0.999984324 0.005430311 -0.723963261 -0.000580320 -0.005431081 0.999985039 26.061752319
0.999999881 0.000616781 0.000075721 0.275140554 -0.000617196 0.999984026 0.005612188 -0.729337692 -0.000072258 -0.005612233 0.999984205 26.624675751
0.999999762 0.000654671 -0.000274974 0.284268022 -0.000653017 0.999981880 0.005974630 -0.739209771 0.000278881 -0.005974448 0.999982119 27.184988022
0.999999642 0.000719330 -0.000454404 0.250606179 -0.000716946 0.999986112 0.005223665 -0.739084840 0.000458156 -0.005223338 0.999986231 27.668394089
0.999999344 0.001083118 -0.000525095 0.261272848 -0.001080283 0.999985039 0.005370420 -0.748021424 0.000530904 -0.005369849 0.999985456 28.222608566
0.999999225 0.001137988 -0.000489645 0.270582348 -0.001135223 0.999983609 0.005611568 -0.767237544 0.000496023 -0.005611008 0.999984145 28.759946823
0.999999464 0.001009782 -0.000076757 0.196068048 -0.001009324 0.999982893 0.005749222 -0.789509952 0.000082561 -0.005749142 0.999983490 29.287849426
0.999998868 0.001372254 -0.000471901 0.204144135 -0.001369748 0.999985158 0.005269185 -0.799141407 0.000479124 -0.005268533 0.999986053 29.839962006
0.999998152 0.001872674 -0.000428975 0.212059423 -0.001870169 0.999981523 0.005766921 -0.816904128 0.000439767 -0.005766108 0.999983370 30.376405716
0.999998808 0.001503263 -0.000369137 0.167276174 -0.001501188 0.999983430 0.005554506 -0.821430445 0.000377481 -0.005553945 0.999984443 30.873125076
0.999998450 0.001462892 -0.001000261 0.179480940 -0.001457256 0.999983132 0.005611778 -0.829892039 0.001008454 -0.005610311 0.999983728 31.425634384
0.999996543 0.002544982 -0.000772211 0.190899655 -0.002540551 0.999980569 0.005685824 -0.848722637 0.000786667 -0.005683842 0.999983490 31.942054749
0.999997735 0.002114289 -0.000157516 0.120050482 -0.002113449 0.999984503 0.005155032 -0.840759277 0.000168413 -0.005154686 0.999986708 32.502609253
0.999996722 0.002351719 -0.000983924 0.130604208 -0.002346734 0.999984622 0.005037490 -0.855264902 0.000995755 -0.005035165 0.999986827 33.053966522
0.999996960 0.002360832 -0.000714927 0.142157033 -0.002357194 0.999984503 0.005047901 -0.865970373 0.000726833 -0.005046200 0.999987006 33.585376740
0.999993622 0.003399014 0.001120637 0.025491677 -0.003404886 0.999980271 0.005281084 -0.882235467 -0.001102665 -0.005284865 0.999985456 34.158882141
0.999995053 0.003038577 0.000894775 0.040372446 -0.003043301 0.999981225 0.005326073 -0.898200214 -0.000878575 -0.005328769 0.999985456 34.698211670
0.999996603 0.002431046 0.000975566 0.053083010 -0.002436368 0.999981940 0.005491460 -0.908432364 -0.000962198 -0.005493817 0.999984503 35.245094299
0.999995708 0.002822286 0.000742412 0.052873693 -0.002826406 0.999980271 0.005607734 -0.926046610 -0.000726570 -0.005609807 0.999984086 35.766323090
0.999997497 0.001985091 0.001133631 -0.012059469 -0.001991644 0.999981165 0.005809363 -0.958052456 -0.001122078 -0.005811606 0.999982417 36.299049377
0.999995470 0.002820476 0.000953344 -0.004506405 -0.002825737 0.999980569 0.005562166 -0.969620645 -0.000937638 -0.005564835 0.999984026 36.844638824
0.999995708 0.002769165 0.000960189 0.008027295 -0.002774014 0.999983251 0.005086210 -0.979074359 -0.000946089 -0.005088852 0.999986589 37.396617889
0.999996066 0.002651698 0.000908225 0.011470471 -0.002656492 0.999982357 0.005319602 -0.987497568 -0.000894103 -0.005321994 0.999985397 37.919002533
0.999996841 0.002341605 0.000898828 -0.026893828 -0.002346876 0.999979794 0.005908912 -1.012949705 -0.000884974 -0.005911001 0.999982119 38.407482147
0.999996901 0.002387982 0.000607964 -0.014216388 -0.002391458 0.999980450 0.005783254 -1.019630313 -0.000594141 -0.005784691 0.999983072 38.957393646
0.999998212 0.001844830 0.000290917 0.003685281 -0.001846582 0.999979436 0.006141712 -1.034535170 -0.000279581 -0.006142238 0.999981105 39.524406433
0.999997854 0.001795554 0.000965721 -0.005567729 -0.001801428 0.999979675 0.006115954 -1.042396784 -0.000954720 -0.006117682 0.999980807 39.980976105
0.999998569 0.001171985 0.001306020 -0.057062782 -0.001179052 0.999984622 0.005423570 -1.037678480 -0.001299644 -0.005425102 0.999984384 40.552570343
0.999997854 0.001735468 0.001131884 -0.044961561 -0.001741933 0.999982119 0.005735896 -1.046855450 -0.001121909 -0.005737856 0.999982893 41.098579407
0.999998391 0.001333834 0.001217992 -0.022097047 -0.001340731 0.999983013 0.005679456 -1.072506547 -0.001210396 -0.005681080 0.999983132 41.620368958
0.999996543 0.002314396 0.001192881 -0.017075289 -0.002319362 0.999988556 0.004179481 -1.060024142 -0.001183194 -0.004182234 0.999990582 42.131690979
0.999993861 0.002947739 0.001880382 -0.064928934 -0.002956875 0.999983728 0.004874816 -1.077250719 -0.001865982 -0.004880347 0.999986351 42.614658356
0.999993205 0.003115300 0.001961775 -0.052718312 -0.003125095 0.999982595 0.005010197 -1.095071554 -0.001946132 -0.005016294 0.999985516 43.157691956
0.999996960 0.002005737 0.001477184 -0.024730600 -0.002012936 0.999986053 0.004888450 -1.102646351 -0.001467359 -0.004891409 0.999987006 43.704605103
0.999995589 0.002644928 0.001284488 -0.015377093 -0.002651601 0.999982834 0.005221471 -1.123014212 -0.001270656 -0.005224855 0.999985516 44.195793152
0.999992490 0.003262788 0.002088034 -0.024085745 -0.003274045 0.999979973 0.005410912 -1.135603666 -0.002070338 -0.005417707 0.999983191 44.687210083
0.999991357 0.003731027 0.001840628 0.040485837 -0.003739161 0.999983251 0.004435518 -1.136299849 -0.001824048 -0.004442363 0.999988496 45.291320801
0.999992251 0.002724744 0.002831868 -0.070154101 -0.002739912 0.999981940 0.005365993 -1.171460032 -0.002817195 -0.005373711 0.999981582 45.697513580
0.999987662 0.003536868 0.003487079 -0.060573220 -0.003556038 0.999978542 0.005506584 -1.178807497 -0.003467527 -0.005518917 0.999978781 46.250720978
0.999989867 0.003234786 0.003121840 -0.034143105 -0.003252351 0.999978840 0.005638054 -1.194732070 -0.003103535 -0.005648151 0.999979258 46.828563690
0.999994755 0.001956774 0.002570548 -0.018142059 -0.001971625 0.999981225 0.005787964 -1.225183010 -0.002559174 -0.005793002 0.999979913 47.330833435
0.999994159 0.002435841 0.002376974 -0.019781433 -0.002447924 0.999984026 0.005093646 -1.205694437 -0.002364527 -0.005099435 0.999984205 47.787685394
0.999994278 0.002042896 0.002713143 -0.008996099 -0.002057639 0.999983072 0.005441984 -1.217654228 -0.002701980 -0.005447535 0.999981523 48.342628479
0.999995053 0.001818836 0.002548132 0.009643719 -0.001832451 0.999984026 0.005351086 -1.229067683 -0.002538358 -0.005355729 0.999982476 48.883972168
0.999991834 0.002974995 0.002729781 0.022461757 -0.002988900 0.999982476 0.005104093 -1.242475390 -0.002714548 -0.005112210 0.999983251 49.393444061
0.999988616 0.003494650 0.003258122 -0.017824993 -0.003510862 0.999981344 0.004983488 -1.244377851 -0.003240646 -0.004994869 0.999982297 49.841381073
0.999988973 0.003026050 0.003594323 -0.004079163 -0.003045803 0.999980211 0.005503312 -1.260974526 -0.003577599 -0.005514200 0.999978423 50.388771057
0.999981284 0.004245044 0.004409769 -0.003895283 -0.004268839 0.999976277 0.005400770 -1.271593332 -0.004386737 -0.005419495 0.999975681 50.917716980
0.999980867 0.004674822 0.004068002 0.021641701 -0.004694399 0.999977410 0.004816488 -1.285783172 -0.004045393 -0.004835493 0.999980152 51.452167511
0.999982417 0.004344820 0.004038136 0.007413447 -0.004364933 0.999978065 0.004985089 -1.288620114 -0.004016388 -0.005002628 0.999979377 51.909183502
0.999983668 0.004271859 0.003801037 0.024454460 -0.004290518 0.999978721 0.004914277 -1.302195787 -0.003779963 -0.004930505 0.999980688 52.450202942
0.999989927 0.002985507 0.003353633 0.054865263 -0.003003363 0.999981284 0.005331528 -1.320364356 -0.003337653 -0.005341547 0.999980152 52.994976044
0.999978662 0.004832722 0.004397201 0.038789600 -0.004853925 0.999976516 0.004824034 -1.329496861 -0.004373785 -0.004845275 0.999978662 53.582965851
0.999969065 0.005939755 0.005170378 0.027989507 -0.005964910 0.999970436 0.004863500 -1.360620499 -0.005141337 -0.004894190 0.999974787 54.057487488
0.999977469 0.004416238 0.005043623 0.013937443 -0.004443313 0.999975741 0.005369589 -1.373655438 -0.005019787 -0.005391879 0.999972820 54.485885620
0.999973834 0.004752890 0.005428561 0.020398110 -0.004778428 0.999977589 0.004701211 -1.380050182 -0.005406094 -0.004727029 0.999974251 55.035118103
0.999973714 0.004752532 0.005468160 0.037103444 -0.004778724 0.999977171 0.004787031 -1.394779325 -0.005445284 -0.004813036 0.999973595 55.582717896
0.999971509 0.005145976 0.005510313 0.042384267 -0.005175232 0.999972522 0.005308228 -1.421938419 -0.005482845 -0.005336594 0.999970734 56.048419952
0.999963820 0.005868791 0.006163796 0.005552262 -0.005897840 0.999971509 0.004705508 -1.430521369 -0.006136005 -0.004741691 0.999969959 56.635265350
0.999972701 0.004170777 0.006117201 0.015670091 -0.004198984 0.999980569 0.004605481 -1.421319008 -0.006097875 -0.004631040 0.999970615 57.113670349
0.999972045 0.004470516 0.006000407 0.027262717 -0.004499159 0.999978483 0.004768497 -1.430937767 -0.005978960 -0.004795360 0.999970615 57.655357361
0.999974608 0.004025023 0.005872862 0.047530442 -0.004052156 0.999981105 0.004615668 -1.449260235 -0.005854174 -0.004639348 0.999972045 58.212230682
0.999972284 0.004119408 0.006198963 0.055794358 -0.004150026 0.999979198 0.004934456 -1.465589285 -0.006178508 -0.004960045 0.999968588 58.715557098
0.999966979 0.004909899 0.006491766 0.046860576 -0.004940095 0.999976993 0.004643730 -1.470371485 -0.006468819 -0.004675647 0.999968112 59.211574554
0.999965787 0.005024979 0.006567370 0.062744468 -0.005050180 0.999979973 0.003826485 -1.476539135 -0.006548010 -0.003859520 0.999971092 59.761196136
0.999962628 0.005329984 0.006810668 0.084912837 -0.005358757 0.999976695 0.004213376 -1.490116835 -0.006788053 -0.004249714 0.999967992 60.318222046
0.999964833 0.004637229 0.006982029 0.092313051 -0.004666942 0.999980092 0.004245326 -1.506573439 -0.006962204 -0.004277761 0.999966681 60.841323853
0.999964058 0.004504189 0.007180647 0.080998093 -0.004534591 0.999980748 0.004223532 -1.514682531 -0.007161485 -0.004255941 0.999965310 61.288059235
0.999960363 0.005087784 0.007309594 0.093911380 -0.005121155 0.999976516 0.004554107 -1.525797248 -0.007286252 -0.004591360 0.999962926 61.837360382
0.999952435 0.005842721 0.007808790 0.099378765 -0.005872869 0.999975383 0.003843739 -1.535293937 -0.007786139 -0.003889416 0.999962151 62.394630432
0.999951184 0.005797256 0.008003143 0.094164610 -0.005832120 0.999973595 0.004340289 -1.558197737 -0.007977770 -0.004386753 0.999958575 62.876220703
0.999950528 0.006303737 0.007689779 0.109173089 -0.006336316 0.999971092 0.004219982 -1.569382906 -0.007662954 -0.004268499 0.999961615 63.427383423
0.999938309 0.007116682 0.008530884 0.115735173 -0.007151744 0.999966085 0.004086759 -1.586274862 -0.008501511 -0.004147519 0.999955297 63.957656860
0.999940693 0.006307855 0.008882545 0.125276357 -0.006344842 0.999971330 0.004142011 -1.598693132 -0.008856163 -0.004198124 0.999951959 64.486923218
0.999944448 0.005907592 0.008742453 0.122585356 -0.005943296 0.999974012 0.004063534 -1.600876451 -0.008718221 -0.004115266 0.999953508 64.974998474
0.999937415 0.006564533 0.009064329 0.134027928 -0.006600597 0.999970376 0.003954499 -1.617028594 -0.009038102 -0.004014082 0.999951065 65.521919250
0.999935925 0.006740799 0.009087110 0.156652421 -0.006777768 0.999968767 0.004043743 -1.632587433 -0.009059569 -0.004105076 0.999950528 66.051040649
0.999934018 0.006568648 0.009427632 0.177329421 -0.006601370 0.999972284 0.003443888 -1.644487023 -0.009404749 -0.003505896 0.999949574 66.581977844
0.999941468 0.006104924 0.008932482 0.173665971 -0.006139624 0.999973655 0.003862314 -1.652422905 -0.008908667 -0.003916931 0.999952674 67.069602966
0.999935865 0.007053772 0.008861840 0.187104404 -0.007087626 0.999967635 0.003794745 -1.664495111 -0.008834785 -0.003857310 0.999953568 67.614028931
0.999911964 0.008811143 0.009917579 0.198630452 -0.008848537 0.999953866 0.003733022 -1.687010527 -0.009884229 -0.003820450 0.999943912 68.153198242
0.999922574 0.007202543 0.010144112 0.185032368 -0.007246020 0.999964714 0.004255725 -1.694908857 -0.010113101 -0.004328900 0.999939442 68.635017395
0.999926865 0.006858109 0.009966510 0.200935572 -0.006897387 0.999968648 0.003911901 -1.707878470 -0.009939369 -0.003980358 0.999942660 69.187393188
0.999904454 0.008465176 0.010931008 0.208630979 -0.008501591 0.999958515 0.003289188 -1.719407558 -0.010902710 -0.003381804 0.999934852 69.703048706
0.999910176 0.007919502 0.010810693 0.220084608 -0.007962762 0.999960423 0.003964742 -1.732686043 -0.010778867 -0.004050469 0.999933720 70.206390381
0.999908328 0.007915698 0.010974330 0.236896753 -0.007960780 0.999960005 0.004070492 -1.743512630 -0.010941670 -0.004157484 0.999931455 70.761596680
0.999910653 0.007499696 0.011058426 0.252665997 -0.007546164 0.999962807 0.004166450 -1.760581374 -0.011026768 -0.004249527 0.999930203 71.317520142
0.999901593 0.008490233 0.011163275 0.252996981 -0.008533122 0.999956310 0.003799818 -1.768374205 -0.011130526 -0.003894702 0.999930382 71.778068542
0.999908686 0.008380497 0.010594384 0.275918156 -0.008420262 0.999957681 0.003714297 -1.786558628 -0.010562805 -0.003803165 0.999936938 72.326248169
0.999901950 0.008714789 0.010962795 0.288183570 -0.008757036 0.999954343 0.003811850 -1.794970036 -0.010929075 -0.003907478 0.999932587 72.896240234
0.999900997 0.008611346 0.011125918 0.297013938 -0.008650389 0.999956727 0.003465844 -1.801231623 -0.011095589 -0.003561744 0.999932051 73.381263733
0.999899447 0.008628240 0.011248543 0.314769208 -0.008663031 0.999957800 0.003047853 -1.809337378 -0.011221769 -0.003144993 0.999932051 73.930023193
0.999892771 0.009195858 0.011396294 0.332351506 -0.009231297 0.999952734 0.003061103 -1.821862578 -0.011367605 -0.003165978 0.999930382 74.455429077
0.999900222 0.008237483 0.011469042 0.343778610 -0.008272030 0.999961317 0.002967816 -1.833942175 -0.011444152 -0.003062392 0.999929786 74.944168091
0.999890268 0.008816717 0.011899245 0.356185198 -0.008847467 0.999957621 0.002533956 -1.841215014 -0.011876399 -0.002638957 0.999926031 75.497711182
0.999899089 0.008191486 0.011601494 0.372413099 -0.008230262 0.999960601 0.003298506 -1.867999315 -0.011574019 -0.003393657 0.999927223 75.975555420
0.999897897 0.008304505 0.011627662 0.383468032 -0.008335178 0.999961913 0.002592121 -1.867753744 -0.011605694 -0.002688776 0.999928951 76.474815369
0.999889076 0.009163081 0.011737753 0.401104152 -0.009194522 0.999954224 0.002627470 -1.880226851 -0.011713141 -0.002735101 0.999927640 77.019195557
0.999883533 0.009696271 0.011782395 0.419036537 -0.009721908 0.999950469 0.002120711 -1.883144379 -0.011761247 -0.002235012 0.999928296 77.598457336
0.999867439 0.010199515 0.012696307 0.417383194 -0.010228705 0.999945164 0.002236206 -1.910769701 -0.012672803 -0.002365776 0.999916911 78.139884949
0.999878109 0.008457737 0.013122743 0.436026514 -0.008490033 0.999961019 0.002407262 -1.913705111 -0.013101872 -0.002518381 0.999911010 78.566123962
0.999864995 0.008250044 0.014209688 0.454288721 -0.008282847 0.999963105 0.002250999 -1.927283764 -0.014190594 -0.002368391 0.999896467 79.115974426
0.999842048 0.008338436 0.015693836 0.477853179 -0.008375266 0.999962211 0.002282498 -1.946715474 -0.015674211 -0.002413578 0.999874294 79.649421692
0.999814332 0.009180718 0.016936833 0.477707446 -0.009227234 0.999953866 0.002670177 -1.957426906 -0.016911536 -0.002825961 0.999853015 80.136329651
0.999762237 0.008865256 0.019920779 0.506312132 -0.008909243 0.999958038 0.002120437 -1.963354707 -0.019901145 -0.002297411 0.999799430 80.692092896
0.999667406 0.008756015 0.024255583 0.530925751 -0.008809845 0.999958932 0.002113129 -1.975390434 -0.024236087 -0.002326114 0.999703586 81.236473083
0.999591887 0.008984023 0.027116450 0.552352071 -0.009053481 0.999956012 0.002439718 -1.992203355 -0.027093340 -0.002684221 0.999629259 81.715019226
0.999468744 0.008837360 0.031368550 0.584798098 -0.008910817 0.999957860 0.002202702 -2.005105495 -0.031347759 -0.002481051 0.999505401 82.264610291
0.999261260 0.009303336 0.037285034 0.619337559 -0.009398214 0.999952912 0.002370147 -2.026639462 -0.037261229 -0.002718809 0.999301910 82.790908813
0.999018252 0.008860592 0.043405164 0.643829584 -0.008944672 0.999958456 0.001743311 -2.027492523 -0.043387916 -0.002129845 0.999056041 83.301193237
0.998736501 0.008994604 0.049439691 0.684108019 -0.009094907 0.999956965 0.001804216 -2.041053057 -0.049421340 -0.002251586 0.998775423 83.851089478
0.998297930 0.009162177 0.057596825 0.733661175 -0.009300533 0.999954462 0.002134515 -2.063733101 -0.057574652 -0.002666563 0.998337686 84.385269165
0.997762382 0.008719171 0.066288039 0.781106472 -0.008827443 0.999960065 0.001340590 -2.079171896 -0.066273704 -0.001922744 0.997799635 84.954826355
0.997272789 0.008691080 0.073289104 0.833788872 -0.008848599 0.999959171 0.001824829 -2.079616308 -0.073270246 -0.002468358 0.997309089 85.423202515
0.996562839 0.009261495 0.082321636 0.894284725 -0.009416666 0.999954462 0.001496843 -2.092357159 -0.082304046 -0.002266893 0.996604681 85.969413757
0.995684266 0.009040101 0.092362948 0.965599537 -0.009190926 0.999957025 0.001207715 -2.103341103 -0.092348054 -0.002051404 0.995724678 86.506439209
0.994834661 0.008487293 0.101153262 1.041853428 -0.008630573 0.999962270 0.000978914 -2.105918646 -0.101141140 -0.001846868 0.994870424 87.046806335
0.994090617 0.008269340 0.108238146 1.101384163 -0.008450763 0.999963462 0.001217513 -2.133192062 -0.108224154 -0.002125012 0.994124234 87.513351440
0.992951870 0.008240920 0.118231148 1.187506676 -0.008414565 0.999964118 0.000969584 -2.143292427 -0.118218921 -0.001957614 0.992985606 88.056739807
0.991619647 0.008287339 0.128924847 1.279269218 -0.008501372 0.999963224 0.001109896 -2.161420345 -0.128910899 -0.002196633 0.991653740 88.583595276
0.990440369 0.007449632 0.137739629 1.384747505 -0.007630975 0.999970555 0.000788575 -2.162562370 -0.137729689 -0.001832125 0.990468144 89.112731934
0.988734424 0.007132057 0.149509594 1.481056213 -0.007324999 0.999972761 0.000739867 -2.177656174 -0.149500310 -0.001826689 0.988759935 89.646385193
0.986718714 0.007648814 0.162257776 1.581364632 -0.007875712 0.999968588 0.000755214 -2.199362993 -0.162246913 -0.002023079 0.986748099 90.159652710
0.985003352 0.006720074 0.172404528 1.710775375 -0.006955829 0.999975502 0.000763341 -2.222869396 -0.172395170 -0.001951110 0.985025942 90.661636353
0.983130455 0.006663757 0.182784408 1.821027756 -0.006866903 0.999976337 0.000478498 -2.220811605 -0.182776928 -0.001725589 0.983152926 91.218307495
0.980559111 0.007279072 0.196089268 1.941972733 -0.007520923 0.999971569 0.000488771 -2.235014439 -0.196080178 -0.001954041 0.980585992 91.753860474
0.978060067 0.006834611 0.208211258 2.086263657 -0.007089655 0.999974847 0.000478699 -2.250682116 -0.208202735 -0.001944342 0.978083849 92.288368225
0.976013422 0.005502407 0.217640847 2.222778320 -0.005730147 0.999983490 0.000415286 -2.264361620 -0.217634976 -0.001652439 0.976028860 92.734504700
0.972884297 0.006516519 0.231200680 2.367307663 -0.006794671 0.999976814 0.000406836 -2.281012774 -0.231192678 -0.001966737 0.972906053 93.263191223
0.969741046 0.005131587 0.244081914 2.525709152 -0.005278763 0.999986053 -0.000051135 -2.294493675 -0.244078800 -0.001238863 0.969754636 93.789459229
0.966880023 0.004953728 0.255183220 2.672945023 -0.005163747 0.999986649 0.000153071 -2.305311680 -0.255179077 -0.001465703 0.966892719 94.295806885
0.964002371 0.003426475 0.265871346 2.840240479 -0.003403384 0.999994099 -0.000547579 -2.320620537 -0.265871674 -0.000376994 0.964008391 94.798004150
0.960233927 0.003980001 0.279168367 3.020925522 -0.004058182 0.999991715 -0.000297906 -2.332291603 -0.279167295 -0.000846856 0.960242152 95.334251404
0.956397474 0.004514445 0.292033464 3.171442032 -0.004750085 0.999988735 0.000097854 -2.350221634 -0.292029709 -0.001480772 0.956408024 95.801811218
0.952879965 0.004488514 0.303314298 3.359350204 -0.004710282 0.999988914 -0.000000422 -2.363982439 -0.303310931 -0.001428295 0.952890515 96.320930481
0.948519707 0.002818874 0.316705763 3.562866211 -0.002951864 0.999995649 -0.000059867 -2.385852814 -0.316704541 -0.000878087 0.948523819 96.782691956
0.943608344 0.003846543 0.331041455 3.743041992 -0.004123363 0.999991417 0.000133906 -2.388155460 -0.331038088 -0.001491358 0.943616211 97.306900024
0.939531565 0.003713544 0.342442244 3.949430466 -0.003929900 0.999992192 -0.000062057 -2.402441502 -0.342439771 -0.001287459 0.939538896 97.807067871
0.934535503 0.003786469 0.355849713 4.167665482 -0.004124686 0.999991417 0.000191731 -2.422629595 -0.355845898 -0.001646948 0.934543192 98.308296204
0.929141402 0.002793512 0.369714022 4.360242844 -0.002940882 0.999995649 -0.000165014 -2.430900812 -0.369712949 -0.000933963 0.929145575 98.758659363
0.924344122 0.002249887 0.381553262 4.599409103 -0.002329073 0.999997258 -0.000254267 -2.446236849 -0.381552815 -0.000653635 0.924346805 99.255691528
0.919317961 0.001927015 0.393510818 4.834251404 -0.001999362 0.999997914 -0.000226077 -2.457407236 -0.393510461 -0.000578934 0.919319987 99.765457153
0.913215518 0.002284742 0.407470345 5.084102631 -0.002322384 0.999997258 -0.000402235 -2.468508959 -0.407470167 -0.000578975 0.913218319 100.240600586
0.907562137 0.001189411 0.419916183 5.315483093 -0.001384807 0.999998987 0.000160482 -2.492012024 -0.419915587 -0.000727151 0.907562852 100.668594360
0.902627051 0.000577357 0.430423200 5.573234558 -0.000560548 0.999999881 -0.000165862 -2.504145622 -0.430423230 -0.000091561 0.902627170 101.147445679
0.896525681 0.000510690 0.442991585 5.833637238 -0.000684470 0.999999702 0.000232408 -2.523919582 -0.442991406 -0.000511574 0.896525681 101.632568359
0.890146255 -0.000559108 0.455674648 6.112472534 0.000234678 0.999999583 0.000768552 -2.558383942 -0.455674917 -0.000577186 0.890146017 102.069351196
0.883770823 0.000329774 0.467919916 6.356300354 -0.000372994 0.999999940 -0.000000285 -2.550207853 -0.467919886 -0.000174279 0.883770883 102.546813965
0.877802908 -0.000258586 0.479021907 6.633697510 0.000357585 0.999999940 -0.000115451 -2.567180872 -0.479021847 0.000272634 0.877802968 103.013587952
0.870270908 -0.000662727 0.492573023 6.916992188 0.000898425 0.999999583 -0.000241885 -2.580686569 -0.492572665 0.000653045 0.870271087 103.467422485
