1.000000000 0.000000000 0.000000000 0.000000000 0.000000000 1.000000000 0.000000000 0.000000000 0.000000000 0.000000000 1.000000000 0.000000000
1.000000000 0.000021178 0.000034217 0.000299701 -0.000021183 1.000000000 0.000120658 -0.000723963 -0.000034214 -0.000120659 1.000000000 -0.000336248
1.000000000 0.000047561 -0.000121983 0.001086582 -0.000047556 1.000000000 0.000036290 -0.000530194 0.000121985 -0.000036284 1.000000000 -0.000770803
1.000000000 0.000040216 -0.000029278 0.000036644 -0.000040215 1.000000000 0.000044736 -0.000538722 0.000029280 -0.000044734 1.000000000 0.000366786
1.000000000 0.000079827 -0.000024351 -0.000489315 -0.000079827 1.000000000 0.000013935 -0.000063757 0.000024352 -0.000013933 1.000000000 -0.000449615
1.000000000 0.000060055 -0.000069068 -0.000171199 -0.000060057 1.000000000 -0.000022797 -0.000123186 0.000069067 0.000022801 1.000000000 -0.000370899
1.000000000 0.000066909 -0.000092226 0.000732143 -0.000066912 1.000000000 -0.000026214 -0.000578393 0.000092224 0.000026220 1.000000000 -0.001360407
1.000000000 -0.000013307 -0.000079927 0.001042898 0.000013302 1.000000000 -0.000058860 0.000318128 0.000079928 0.000058859 1.000000000 -0.000308166
1.000000000 -0.000103071 0.000070691 0.000524608 0.000103070 1.000000000 0.000011279 -0.000725692 -0.000070692 -0.000011272 1.000000000 -0.002055632
1.000000000 -0.000184168 -0.000037136 0.000904296 0.000184164 1.000000000 -0.000109833 0.001685165 0.000037156 0.000109826 1.000000000 0.002584349
1.000000000 -0.000148498 -0.000094623 0.000881283 0.000148498 1.000000000 -0.000003729 -0.000238003 0.000094624 0.000003715 1.000000000 0.001092413
1.000000000 -0.000031237 0.000050234 -0.000500028 0.000031246 1.000000000 -0.000181721 0.002020285 -0.000050229 0.000181722 1.000000000 0.002727969
1.000000000 -0.000148511 0.000020457 -0.000575476 0.000148510 1.000000000 0.000068956 0.000255120 -0.000020467 -0.000068953 1.000000000 0.001622026
1.000000000 -0.000056931 0.000012205 -0.000341416 0.000056930 1.000000000 0.000097416 -0.000025368 -0.000012210 -0.000097416 1.000000000 0.001299221
1.000000000 -0.000202592 -0.000118543 0.001051807 0.000202600 1.000000000 0.000070311 -0.000467861 0.000118529 -0.000070335 1.000000000 0.000270023
1.000000000 -0.000029098 -0.000034360 -0.000316772 0.000029097 1.000000000 -0.000016058 -0.000209464 0.000034360 0.000016057 1.000000000 -0.000419114
0.999999940 0.000224784 0.000179998 -0.001931794 -0.000224802 0.999999940 0.000103909 -0.000609601 -0.000179974 -0.000103949 1.000000000 -0.000003007
1.000000000 -0.000031137 -0.000156561 0.000600219 0.000031121 1.000000000 -0.000106370 0.000796196 0.000156564 0.000106365 1.000000000 0.000649581
1.000000000 -0.000205462 -0.000009054 0.000291335 0.000205462 1.000000000 0.000017761 -0.000253651 0.000009050 -0.000017763 1.000000000 0.000782650
1.000000000 -0.000072331 0.000046561 0.000052733 0.000072331 1.000000000 0.000000086 0.000114064 -0.000046561 -0.000000083 1.000000000 0.001484187
1.000000000 0.000089586 0.000089085 -0.001473350 -0.000089583 1.000000000 -0.000037601 0.000589769 -0.000089088 0.000037593 1.000000000 0.002085516
1.000000000 -0.000052106 -0.000001784 -0.000350525 0.000052106 1.000000000 -0.000005907 0.000652495 0.000001784 0.000005907 1.000000000 0.000640161
1.000000000 -0.000049085 -0.000021736 0.000816413 0.000049086 1.000000000 0.000032967 0.000277309 0.000021734 -0.000032968 1.000000000 0.001881778
1.000000000 -0.000022565 0.000140758 -0.000416495 0.000022566 1.000000000 -0.000003911 0.000788134 -0.000140758 0.000003914 1.000000000 -0.000133154
1.000000000 -0.000068396 -0.000046241 0.000723442 0.000068395 1.000000000 -0.000025370 0.000882151 0.000046243 0.000025367 1.000000000 0.001528100
1.000000000 0.000032773 -0.000008176 -0.000158311 -0.000032774 1.000000000 -0.000107621 0.000990145 0.000008173 0.000107621 1.000000000 0.000373271
1.000000000 0.000045099 0.000068749 -0.000344780 -0.000045092 1.000000000 -0.000115257 -0.000047138 -0.000068754 0.000115254 1.000000000 -0.000694525
1.000000000 0.000031159 -0.000031119 -0.000169875 -0.000031161 1.000000000 -0.000090167 0.000656390 0.000031116 0.000090168 1.000000000 0.000438770
1.000000000 -0.000076077 -0.000031590 -0.001046811 0.000076077 1.000000000 -0.000007107 0.001290229 0.000031591 0.000007105 1.000000000 0.002550431
1.000000000 0.000028337 0.000165654 -0.001629610 -0.000028324 1.000000000 -0.000077831 0.001639460 -0.000165656 0.000077826 1.000000000 0.001818336
1.000000000 -0.000066794 -0.000028841 0.000130610 0.000066794 1.000000000 0.000012636 0.000613140 0.000028840 -0.000012638 1.000000000 0.000000315
1.000000000 0.000045323 0.000097459 -0.001615893 -0.000045327 1.000000000 0.000039429 0.000328220 -0.000097458 -0.000039433 1.000000000 0.001402957
1.000000000 -0.000116147 0.000081521 -0.001112206 0.000116150 1.000000000 -0.000037890 0.000328780 -0.000081517 0.000037899 1.000000000 0.001693695
1.000000000 -0.000089802 0.000036985 -0.000815574 0.000089803 1.000000000 -0.000009683 0.001204469 -0.000036984 0.000009687 1.000000000 0.002032154
1.000000000 -0.000026726 0.000121543 -0.001460410 0.000026738 1.000000000 -0.000098205 0.002338605 -0.000121540 0.000098209 1.000000000 0.003714974
1.000000000 0.000100269 0.000164451 -0.002394065 -0.000100254 1.000000000 -0.000091285 0.002788645 -0.000164460 0.000091269 1.000000000 0.003526573
1.000000000 -0.000200431 0.000052631 -0.000820712 0.000200430 1.000000000 0.000018111 0.000871135 -0.000052634 -0.000018101 1.000000000 0.001892487
1.000000000 -0.000039368 0.000060521 -0.001085458 0.000039364 1.000000000 0.000070757 0.000783707 -0.000060523 -0.000070755 1.000000000 0.001422562
1.000000000 -0.000125455 0.000016949 -0.000554126 0.000125455 1.000000000 -0.000031181 0.001318318 -0.000016945 0.000031183 1.000000000 0.002038052
0.999999940 -0.000013554 0.000254719 -0.001856311 0.000013549 1.000000000 0.000021099 -0.000355242 -0.000254720 -0.000021096 0.999999940 0.002114900
0.999999940 -0.000095768 0.000319699 -0.001478139 0.000095989 0.999999762 -0.000691643 -0.001485969 -0.000319632 0.000691674 0.999999702 0.052702449
0.999999940 0.000168972 0.000212573 -0.000104687 -0.000168704 0.999999166 -0.001260394 -0.004610539 -0.000212786 0.001260358 0.999999166 0.134405747
0.999999881 0.000468760 0.000011349 0.003294661 -0.000468742 0.999998808 -0.001480277 -0.003806029 -0.000012043 0.001480271 0.999998927 0.254763395
0.999999940 0.000320303 0.000044170 0.004494822 -0.000320249 0.999999225 -0.001201427 -0.013634270 -0.000044555 0.001201413 0.999999285 0.382862180
0.999999940 0.000386501 0.000120649 0.007329809 -0.000386377 0.999999404 -0.001031316 -0.016996402 -0.000121047 0.001031269 0.999999464 0.526748180
1.000000000 0.000214654 -0.000034485 0.014618361 -0.000214698 0.999999106 -0.001301666 -0.015684562 0.000034205 0.001301673 0.999999166 0.682327628
1.000000000 -0.000037493 0.000211563 0.016819784 0.000037711 0.999999464 -0.001030903 -0.021108050 -0.000211524 0.001030911 0.999999464 0.854096293
0.999999940 0.000358732 0.000181457 0.015293828 -0.000358593 0.999999642 -0.000767770 -0.026653320 -0.000181733 0.000767705 0.999999702 1.018820167
0.999999940 0.000242176 0.000323300 0.017213881 -0.000242106 0.999999940 -0.000219406 -0.036153514 -0.000323353 0.000219328 0.999999940 1.187193036
0.999999881 0.000320207 0.000333322 0.018130228 -0.000320025 0.999999821 -0.000545988 -0.035768457 -0.000333497 0.000545881 0.999999821 1.375743389
0.999999940 0.000391451 0.000070042 0.030224396 -0.000391411 0.999999762 -0.000577974 -0.043572374 -0.000070268 0.000577947 0.999999821 1.571253181
0.999999285 0.000956896 0.000724689 0.024904467 -0.000956619 0.999999464 -0.000382227 -0.047946505 -0.000725055 0.000381534 0.999999642 1.766384125
0.999999940 0.000264562 -0.000133949 0.042631276 -0.000264655 0.999999702 -0.000699620 -0.047307804 0.000133763 0.000699656 0.999999762 1.961093903
0.999999523 0.000563709 0.000781040 0.030005654 -0.000562983 0.999999404 -0.000929295 -0.047918320 -0.000781563 0.000928855 0.999999285 2.184939623
0.999999106 0.000790248 0.001093854 0.027804211 -0.000789559 0.999999464 -0.000629316 -0.064756654 -0.001094351 0.000628451 0.999999225 2.389303207
0.999990821 -0.000555952 -0.004248846 0.120983697 0.000551709 0.999999285 -0.000999874 -0.071899936 0.004249400 0.000997521 0.999990463 2.632234812
0.999992251 -0.001278318 -0.003732170 0.126940802 0.001275768 0.999998927 -0.000685651 -0.084541924 0.003733043 0.000680884 0.999992788 2.847334623
0.999988854 -0.000582160 -0.004681060 0.134455681 0.000577744 0.999999404 -0.000944596 -0.084930442 0.004681607 0.000941881 0.999988616 3.090753078
0.999986947 -0.000916812 -0.005026242 0.144132316 0.000910779 0.999998868 -0.001202456 -0.088174172 0.005027338 0.001197862 0.999986649 3.326542854
0.999987543 -0.001160732 -0.004842932 0.146992430 0.001157287 0.999999046 -0.000714040 -0.103236802 0.004843756 0.000708427 0.999988079 3.561856031
0.999989152 -0.000838258 -0.004580446 0.146967843 0.000833639 0.999999166 -0.001010163 -0.105329245 0.004581288 0.001006333 0.999988973 3.838951349
0.999989688 -0.000901614 -0.004436929 0.148750812 0.000895374 0.999998629 -0.001408252 -0.109652363 0.004438193 0.001404265 0.999989152 4.101717949
0.999990284 -0.000643469 -0.004342438 0.150250122 0.000639531 0.999999464 -0.000908149 -0.118672870 0.004343019 0.000905363 0.999990165 4.355508804
0.999989390 -0.001062953 -0.004481240 0.160013780 0.001059583 0.999999166 -0.000754457 -0.126046926 0.004482038 0.000749701 0.999989688 4.598906994
0.999991894 -0.000174768 -0.004015332 0.160022706 0.000170361 0.999999404 -0.001097887 -0.127822205 0.004015521 0.001097194 0.999991357 4.877698421
0.999991596 -0.000295094 -0.004088285 0.163538173 0.000290128 0.999999285 -0.001215412 -0.132097766 0.004088640 0.001214216 0.999990940 5.140907288
0.999992669 0.000283948 -0.003812282 0.165241718 -0.000289208 0.999998987 -0.001379140 -0.143643647 0.003811888 0.001380233 0.999991775 5.402667046
0.999993265 -0.000085718 -0.003657500 0.168258071 0.000081856 0.999999404 -0.001056076 -0.151087299 0.003657589 0.001055769 0.999992728 5.671503544
0.999994278 0.000197750 -0.003356045 0.168730825 -0.000201409 0.999999344 -0.001090040 -0.160371020 0.003355827 0.001090710 0.999993742 5.939573765
0.999993682 -0.000432101 -0.003548278 0.177641541 0.000427772 0.999999285 -0.001220739 -0.165796056 0.003548802 0.001219214 0.999992967 6.218392372
0.999993682 0.000055964 -0.003557742 0.182188675 -0.000059117 0.999999523 -0.000886120 -0.180583462 0.003557691 0.000886325 0.999993265 6.497090340
0.999993145 -0.000250636 -0.003703104 0.188161373 0.000247951 0.999999642 -0.000725551 -0.190808848 0.003703285 0.000724628 0.999992907 6.789675236
0.999994814 0.000449267 -0.003212990 0.184227675 -0.000453501 0.999999106 -0.001317388 -0.192516357 0.003212395 0.001318838 0.999993980 7.089705944
0.999993980 -0.000053455 -0.003461613 0.201217979 0.000051209 0.999999762 -0.000648850 -0.213521823 0.003461647 0.000648669 0.999993742 7.367569447
0.999993801 0.000027424 -0.003521001 0.207481697 -0.000030455 0.999999642 -0.000860737 -0.223450676 0.003520976 0.000860839 0.999993443 7.702997684
0.999992430 -0.000150468 -0.003875223 0.218930706 0.000149525 1.000000000 -0.000243664 -0.238663509 0.003875260 0.000243083 0.999992490 8.011042595
0.999993563 0.000064111 -0.003593786 0.220175579 -0.000066493 0.999999821 -0.000662712 -0.241936371 0.003593743 0.000662947 0.999993324 8.335321426
0.999994218 0.000592442 -0.003346963 0.229754105 -0.000593701 0.999999762 -0.000375091 -0.259358376 0.003346740 0.000377076 0.999994338 8.647056580
0.999995530 0.000227996 -0.002974679 0.225566477 -0.000229564 0.999999821 -0.000526903 -0.262174010 0.002974558 0.000527583 0.999995410 8.983732224
0.999993443 -0.000431664 -0.003583655 0.242689148 0.000431837 0.999999940 0.000047536 -0.280667156 0.003583634 -0.000049084 0.999993563 9.311566353
0.999995947 0.000089637 -0.002863278 0.240914762 -0.000089424 0.999999940 0.000074555 -0.291924506 0.002863285 -0.000074298 0.999995828 9.655694962
0.999996305 0.000174506 -0.002685783 0.245394960 -0.000174691 0.999999940 -0.000068447 -0.296316773 0.002685772 0.000068916 0.999996305 10.000554085
0.999996066 0.000821472 -0.002666358 0.247743189 -0.000822021 0.999999583 -0.000205083 -0.307201952 0.002666188 0.000207274 0.999996424 10.360917091
0.999996781 0.000902311 -0.002400889 0.251126945 -0.000903106 0.999999583 -0.000330237 -0.316469520 0.002400590 0.000332405 0.999997079 10.725749016
0.999996543 0.000779936 -0.002524277 0.258131444 -0.000781154 0.999999583 -0.000481655 -0.322104454 0.002523901 0.000483625 0.999996662 11.085874557
0.999998152 0.000920040 -0.001697691 0.256808668 -0.000920795 0.999999464 -0.000443935 -0.334668189 0.001697281 0.000445498 0.999998450 11.464719772
0.999998808 0.000699554 -0.001390604 0.267197877 -0.000700203 0.999999642 -0.000465939 -0.344521254 0.001390278 0.000466912 0.999998927 11.836667061
0.999998808 0.000715075 -0.001366600 0.270959377 -0.000715844 0.999999583 -0.000561668 -0.356693029 0.001366198 0.000562646 0.999998927 12.228217125
0.999998689 0.000542928 -0.001496212 0.281992137 -0.000543617 0.999999762 -0.000459858 -0.369009584 0.001495962 0.000460671 0.999998748 12.620295525
0.999998987 0.000757241 -0.001174110 0.285581708 -0.000757859 0.999999523 -0.000526051 -0.378590375 0.001173712 0.000526941 0.999999166 13.009882927
0.999998927 0.001107874 -0.000937636 0.289017260 -0.001108303 0.999999285 -0.000456586 -0.390233427 0.000937130 0.000457625 0.999999404 13.422061920
0.999999583 0.000817810 -0.000267081 0.295832127 -0.000817897 0.999999583 -0.000327961 -0.401223838 0.000266812 0.000328180 0.999999940 13.829162598
0.999999166 0.001288305 -0.000103689 0.298774809 -0.001288346 0.999999106 -0.000391208 -0.411045045 0.000103186 0.000391342 0.999999940 14.248404503
0.999999166 0.001226891 0.000432642 0.308729500 -0.001226742 0.999999166 -0.000343592 -0.424064904 -0.000433063 0.000343061 0.999999881 14.667740822
0.999999166 0.001271874 0.000310501 0.318656802 -0.001271842 0.999999166 -0.000103296 -0.438109756 -0.000310632 0.000102901 0.999999881 15.101246834
0.999998629 0.001541433 0.000623052 0.327239662 -0.001541140 0.999998689 -0.000471420 -0.447593480 -0.000623778 0.000470460 0.999999702 15.537016869
0.999998510 0.001345031 0.001074683 0.336773902 -0.001344364 0.999998868 -0.000621390 -0.459244967 -0.001075518 0.000619944 0.999999225 15.974683762
0.999998152 0.001184641 0.001473438 0.345477045 -0.001184454 0.999999285 -0.000127346 -0.474049866 -0.001473588 0.000125600 0.999998927 16.413335800
0.999996960 0.001462903 0.001997084 0.351969570 -0.001461780 0.999998748 -0.000563965 -0.483880520 -0.001997906 0.000561044 0.999997854 16.860322952
0.999996185 0.001550680 0.002325537 0.360986918 -0.001550088 0.999998748 -0.000256175 -0.499767512 -0.002325931 0.000252570 0.999997258 17.310125351
0.999993920 0.001861575 0.002947357 0.366107613 -0.001860841 0.999998212 -0.000251869 -0.510188639 -0.002947820 0.000246383 0.999995649 17.775440216
0.999993265 0.001443484 0.003369285 0.378164530 -0.001443174 0.999998987 -0.000094701 -0.523272991 -0.003369419 0.000089838 0.999994397 18.234085083
0.999993503 0.001379907 0.003327290 0.400972962 -0.001380350 0.999999046 0.000130920 -0.536447823 -0.003327107 -0.000135512 0.999994516 18.699811935
0.999986768 0.002571663 0.004438887 0.395903170 -0.002571279 0.999996603 -0.000092161 -0.552719533 -0.004439109 0.000080746 0.999990165 19.162073135
0.999986470 0.002089465 0.004762063 0.409947157 -0.002087696 0.999997795 -0.000376431 -0.561227441 -0.004762839 0.000366484 0.999988556 19.646577835
0.999988437 0.001611371 0.004535273 0.421626985 -0.001609272 0.999998510 -0.000466326 -0.572446823 -0.004536018 0.000459022 0.999989688 20.128398895
0.999983311 0.002695327 0.005104798 0.423639536 -0.002694589 0.999996305 -0.000151329 -0.594212115 -0.005105188 0.000137571 0.999986947 20.628738403
0.999980450 0.003040361 0.005454974 0.430246353 -0.003039910 0.999995291 -0.000091104 -0.604775131 -0.005455226 0.000074520 0.999985099 21.130622864
0.999982476 0.002871462 0.005168093 0.437006116 -0.002869594 0.999995828 -0.000368698 -0.612292588 -0.005169131 0.000353861 0.999986589 21.641136169
0.999981165 0.003075610 0.005315934 0.438124627 -0.003077359 0.999995172 0.000320952 -0.639171898 -0.005314922 -0.000337305 0.999985754 22.124067307
0.999982059 0.003359038 0.004967193 0.456227839 -0.003361380 0.999994218 0.000463096 -0.649295926 -0.004965610 -0.000479785 0.999987543 22.635698318
0.999978900 0.003821832 0.005240547 0.451465130 -0.003822547 0.999992669 0.000126358 -0.664115787 -0.005240025 -0.000146388 0.999986231 23.152782440
0.999984622 0.003677011 0.004149779 0.466954380 -0.003676553 0.999993205 -0.000118117 -0.680992663 -0.004150185 0.000102859 0.999991298 23.676456451
0.999984443 0.002814139 0.004815446 0.469314933 -0.002811237 0.999995887 -0.000609350 -0.691704810 -0.004817141 0.000595803 0.999988198 24.193115234
0.999986768 0.003146915 0.004066877 0.483718336 -0.003146884 0.999995053 -0.000014205 -0.708542764 -0.004066902 0.000001406 0.999991715 24.726150513
0.999981821 0.004494422 0.004021517 0.491005361 -0.004495414 0.999989867 0.000238042 -0.726086974 -0.004020406 -0.000256116 0.999991894 25.255409241
0.999981105 0.004709119 0.003939999 0.498924553 -0.004709567 0.999988914 0.000104475 -0.735654712 -0.003939463 -0.000123028 0.999992251 25.806444168
0.999980986 0.004638815 0.004057826 0.513949215 -0.004641211 0.999989033 0.000581220 -0.760133982 -0.004055086 -0.000600042 0.999991596 26.355899811
0.999986112 0.003931459 0.003516071 0.521339297 -0.003936196 0.999991357 0.001340978 -0.777426243 -0.003510767 -0.001354799 0.999992847 26.886651993
0.999986768 0.003969470 0.003287541 0.533859730 -0.003973491 0.999991417 0.001217279 -0.798202038 -0.003282680 -0.001230326 0.999993801 27.430379868
0.999976993 0.005635501 0.003784552 0.537418187 -0.005637421 0.999984026 0.000496910 -0.808323920 -0.003781692 -0.000518234 0.999992669 27.992950439
0.999980807 0.005000852 0.003691306 0.549837232 -0.005006460 0.999986291 0.001511837 -0.825848043 -0.003683694 -0.001530288 0.999992073 28.518871307
0.999978662 0.005113922 0.004069802 0.559382319 -0.005119279 0.999986053 0.001306883 -0.840183437 -0.004063063 -0.001327689 0.999990940 29.058078766
0.999978304 0.005487825 0.003647795 0.577487886 -0.005494092 0.999983430 0.001710334 -0.858479917 -0.003638347 -0.001730338 0.999991834 29.606147766
0.999978960 0.005500094 0.003443806 0.585663855 -0.005506458 0.999983132 0.001841149 -0.870268464 -0.003433622 -0.001860074 0.999992371 30.151439667
0.999975622 0.005909906 0.003743391 0.600259602 -0.005916480 0.999980986 0.001747481 -0.888445616 -0.003732993 -0.001769586 0.999991477 30.690902710
0.999978244 0.005739144 0.003260776 0.615398347 -0.005744952 0.999981940 0.001774534 -0.904877424 -0.003250535 -0.001793228 0.999993086 31.252161026
0.999977052 0.005957138 0.003223879 0.627288640 -0.005963396 0.999980271 0.001935121 -0.917814553 -0.003212290 -0.001954301 0.999992907 31.806863785
0.999980628 0.005518594 0.002849107 0.646153867 -0.005524646 0.999982476 0.002121062 -0.938294172 -0.002837353 -0.002136762 0.999993682 32.346214294
0.999970376 0.006718448 0.003744886 0.646700680 -0.006725761 0.999975502 0.001943681 -0.945067167 -0.003731734 -0.001968811 0.999991059 32.890323639
0.999973655 0.006233884 0.003723121 0.658984900 -0.006240818 0.999978840 0.001853427 -0.960968792 -0.003711487 -0.001876613 0.999991298 33.432186127
0.999970794 0.006583181 0.003860704 0.674791038 -0.006590087 0.999976635 0.001778518 -0.973126948 -0.003848905 -0.001803909 0.999990940 33.985671997
0.999964833 0.007230452 0.004224748 0.677434981 -0.007237558 0.999972403 0.001669168 -0.987379909 -0.004212561 -0.001699686 0.999989688 34.533302307
0.999967873 0.006826201 0.004180672 0.697069705 -0.006834325 0.999974787 0.001932277 -1.004553318 -0.004167377 -0.001960788 0.999989390 35.073345184
0.999961019 0.007247288 0.005039553 0.700956047 -0.007255928 0.999972224 0.001698012 -1.017195702 -0.005027107 -0.001734513 0.999985814 35.627502441
0.999945760 0.008202409 0.006417265 0.694221377 -0.008213840 0.999964714 0.001757178 -1.033775806 -0.006402624 -0.001809794 0.999977887 36.178817749
0.999963939 0.007433799 0.004107814 0.742993534 -0.007441800 0.999970436 0.001935925 -1.049605370 -0.004093301 -0.001966425 0.999989688 36.732917786
0.999956906 0.008072684 0.004601810 0.752072573 -0.008079935 0.999966145 0.001559102 -1.061463594 -0.004589068 -0.001596217 0.999988198 37.282272339
0.999963939 0.007384223 0.004181966 0.771888196 -0.007391714 0.999971032 0.001778079 -1.082481384 -0.004168715 -0.001808927 0.999989629 37.855388641
0.999963701 0.007138812 0.004662449 0.781923234 -0.007146364 0.999973178 0.001605043 -1.094289899 -0.004650865 -0.001638304 0.999987841 38.407985687
0.999957561 0.007770166 0.004946328 0.794723868 -0.007778712 0.999968290 0.001710865 -1.114374161 -0.004932877 -0.001749268 0.999986291 38.948116302
0.999959946 0.007914537 0.004177223 0.824811518 -0.007922827 0.999966681 0.001972321 -1.125269532 -0.004161472 -0.002005338 0.999989271 39.519569397
0.999956489 0.008011631 0.004773983 0.840396941 -0.008021214 0.999965847 0.001991802 -1.141371131 -0.004757861 -0.002030009 0.999986649 40.062961578
0.999957919 0.008140483 0.004231452 0.861265540 -0.008149355 0.999964654 0.002083529 -1.159295917 -0.004214341 -0.002117925 0.999988914 40.607685089
0.999961078 0.008209788 0.003232253 0.902037799 -0.008216173 0.999964297 0.001967124 -1.177475810 -0.003215989 -0.001993605 0.999992847 41.192279816
0.999955058 0.008797968 0.003536761 0.915139019 -0.008806916 0.999958098 0.002521877 -1.192799807 -0.003514426 -0.002552912 0.999990582 41.743175507
0.999955714 0.008701154 0.003585467 0.936777949 -0.008708790 0.999959767 0.002119667 -1.207255840 -0.003566880 -0.002150798 0.999991298 42.286621094
0.999951363 0.009349238 0.003132265 0.957725406 -0.009356189 0.999953806 0.002212456 -1.218541145 -0.003111436 -0.002241654 0.999992669 42.880077362
0.999952853 0.009118663 0.003325346 0.970369577 -0.009126543 0.999955535 0.002362700 -1.233408689 -0.003303653 -0.002392937 0.999991715 43.418704987
0.999939978 0.010385714 0.003487790 0.988202214 -0.010394749 0.999942601 0.002582830 -1.249665737 -0.003460765 -0.002618929 0.999990702 43.971572876
0.999950171 0.009364538 0.003434706 1.003787398 -0.009374110 0.999952137 0.002781458 -1.271093249 -0.003408496 -0.002813517 0.999990225 44.548736572
0.999943078 0.009880246 0.003995762 1.015665174 -0.009888263 0.999949157 0.001992009 -1.279572368 -0.003975878 -0.002031407 0.999990046 45.096305847
0.999939024 0.010161905 0.004320855 1.027684450 -0.010171153 0.999946058 0.002123837 -1.289151549 -0.004299039 -0.002167655 0.999988437 45.640293121
0.999945521 0.009798497 0.003594076 1.064287901 -0.009809070 0.999947608 0.002936050 -1.320951939 -0.003565119 -0.002971144 0.999989212 46.216323853
0.999949157 0.009390599 0.003673371 1.081020355 -0.009400968 0.999951839 0.002815351 -1.335308313 -0.003646756 -0.002849741 0.999989271 46.755031586
0.999939144 0.010413588 0.003649190 1.100806355 -0.010424919 0.999940872 0.003099826 -1.357844830 -0.003616694 -0.003137680 0.999988496 47.289138794
0.999946594 0.009712217 0.003519210 1.118878484 -0.009722189 0.999948740 0.002827747 -1.365801930 -0.003491565 -0.002861811 0.999989808 47.892967224
0.999940932 0.010092820 0.004035688 1.126591206 -0.010104717 0.999944627 0.002938260 -1.379554749 -0.004005810 -0.002978866 0.999987543 48.445079803
0.999943376 0.010045275 0.003504844 1.157471657 -0.010055781 0.999944985 0.002993132 -1.393831015 -0.003474585 -0.003028206 0.999989390 48.978355408
0.999933958 0.010750862 0.004057555 1.164130569 -0.010762317 0.999938130 0.002811600 -1.403849840 -0.004027077 -0.002855083 0.999987781 49.563976288
0.999933422 0.010692017 0.004327299 1.182167053 -0.010702079 0.999940097 0.002309031 -1.413953304 -0.004302351 -0.002355188 0.999987960 50.111625671
0.999924004 0.011160916 0.005235947 1.191657066 -0.011175383 0.999933839 0.002741978 -1.431152105 -0.005204997 -0.002800284 0.999982536 50.663143158
0.999933600 0.010816469 0.003974742 1.230776787 -0.010825291 0.999938965 0.002205192 -1.442850113 -0.003950646 -0.002248073 0.999989629 51.240322113
0.999926805 0.011268886 0.004411033 1.243528366 -0.011280769 0.999932766 0.002678644 -1.459524632 -0.004380550 -0.002728208 0.999986649 51.793476105
0.999934733 0.010680628 0.004061403 1.266219616 -0.010689771 0.999940336 0.002236231 -1.471250772 -0.004037277 -0.002279501 0.999989212 52.326953888
0.999931991 0.011102064 0.003557371 1.299178839 -0.011109191 0.999936223 0.001990179 -1.482219100 -0.003535049 -0.002029563 0.999991715 52.907485962
0.999924839 0.011522628 0.004197864 1.304314733 -0.011530899 0.999931574 0.001951746 -1.493096948 -0.004175088 -0.002000004 0.999989331 53.450622559
0.999937892 0.010606582 0.003425330 1.334711075 -0.010612615 0.999942124 0.001748043 -1.504869938 -0.003406593 -0.001784286 0.999992609 54.007843018
0.999933481 0.010740784 0.004184873 1.344371319 -0.010748140 0.999940753 0.001738960 -1.519313693 -0.004165946 -0.001783824 0.999989808 54.558296204
0.999935389 0.010770367 0.003612559 1.372576714 -0.010776859 0.999940455 0.001783744 -1.532872796 -0.003593130 -0.001822561 0.999991834 55.108840942
0.999935627 0.010740517 0.003666984 1.379837155 -0.010746495 0.999940991 0.001614606 -1.547863007 -0.003649425 -0.001653909 0.999991953 55.659503937
0.999935448 0.010832179 0.003426936 1.409150362 -0.010838036 0.999939799 0.001695518 -1.565078139 -0.003408362 -0.001732550 0.999992609 56.206890106
0.999935687 0.010850552 0.003292740 1.423387051 -0.010855506 0.999939919 0.001490013 -1.575780749 -0.003276377 -0.001525661 0.999993443 56.759586334
0.999929488 0.011259871 0.003771270 1.437724829 -0.011265181 0.999935567 0.001389759 -1.589708567 -0.003755378 -0.001432145 0.999991894 57.310619354
0.999931157 0.011247513 0.003327276 1.477403641 -0.011253042 0.999935448 0.001647337 -1.614241838 -0.003308532 -0.001684666 0.999993026 57.848243713
0.999940634 0.010763542 0.001679996 1.495574951 -0.010766629 0.999940395 0.001839273 -1.631441355 -0.001660099 -0.001857252 0.999996901 58.396911621
0.999929488 0.011196570 0.003946537 1.502919793 -0.011202254 0.999936283 0.001421430 -1.640717506 -0.003930371 -0.001465540 0.999991238 58.936122894
0.999930620 0.011275804 0.003390010 1.532663465 -0.011279325 0.999935865 0.001021545 -1.648372531 -0.003378275 -0.001059710 0.999993742 59.495651245
0.999937952 0.010633099 0.003334347 1.548335314 -0.010635127 0.999943256 0.000590965 -1.661666274 -0.003327876 -0.000626389 0.999994278 60.040084839
0.999931395 0.011301624 0.003078423 1.571187139 -0.011305714 0.999935150 0.001314949 -1.685548067 -0.003063362 -0.001349663 0.999994397 60.571113586
0.999918818 0.012217026 0.003614920 1.578994751 -0.012221889 0.999924421 0.001326169 -1.697852373 -0.003598446 -0.001370243 0.999992609 61.122470856
0.999925792 0.011780750 0.003095262 1.610159636 -0.011785790 0.999929249 0.001615743 -1.723786592 -0.003076008 -0.001652104 0.999993920 61.658668518
0.999919534 0.012098486 0.003808477 1.617317557 -0.012105092 0.999925315 0.001716651 -1.737250805 -0.003787423 -0.001762615 0.999991238 62.205924988
0.999922454 0.011962890 0.003436087 1.644721985 -0.011968835 0.999926865 0.001714837 -1.756583095 -0.003415320 -0.001755830 0.999992669 62.748756409
0.999923825 0.012088334 0.002529520 1.698432803 -0.012094026 0.999924362 0.002246928 -1.781596899 -0.002502165 -0.002277348 0.999994218 63.282642365
0.999923527 0.012100975 0.002561417 1.706154704 -0.012106217 0.999924719 0.002041113 -1.789421082 -0.002536525 -0.002071965 0.999994576 63.831912994
0.999917150 0.012574636 0.002749973 1.714983940 -0.012581082 0.999918103 0.002338872 -1.813656449 -0.002720337 -0.002373276 0.999993443 64.379905701
0.999922991 0.012343969 0.001292230 1.793423057 -0.012347867 0.999919116 0.003053335 -1.849561930 -0.001254437 -0.003069056 0.999994516 64.910614014
0.999914706 0.012964964 0.001577777 1.806730866 -0.012970341 0.999909937 0.003447594 -1.864081860 -0.001532938 -0.003467765 0.999992847 65.451927185
0.999911845 0.013183919 0.001579919 1.822904468 -0.013188987 0.999907732 0.003241691 -1.875993490 -0.001537035 -0.003262243 0.999993503 66.006927490
0.999920666 0.012593710 0.000229271 1.885239482 -0.012594282 0.999916971 0.002699517 -1.880795836 -0.000195255 -0.002702190 0.999996305 66.535980225
0.999921441 0.012498962 0.000889055 1.890012383 -0.012500945 0.999919236 0.002262139 -1.888660312 -0.000860709 -0.002273075 0.999997020 67.085006714
0.999912858 0.013176717 0.000844680 1.907577276 -0.013179102 0.999908984 0.002883482 -1.911135197 -0.000806607 -0.002894363 0.999995410 67.637596130
0.999920011 0.012632784 -0.000469488 1.967398167 -0.012631526 0.999916971 0.002587017 -1.916010618 0.000502132 -0.002580881 0.999996483 68.156349182
0.999916077 0.012949147 -0.000201581 1.981569171 -0.012948484 0.999911666 0.003000271 -1.935889840 0.000240414 -0.002997410 0.999995470 68.684043884
0.999906540 0.013671638 -0.000190171 1.990189552 -0.013671055 0.999902666 0.002785457 -1.951838970 0.000228234 -0.002782597 0.999996066 69.232185364
0.999908745 0.013505206 -0.000101666 2.018408537 -0.013504921 0.999905884 0.002420043 -1.956251383 0.000134340 -0.002418449 0.999997079 69.781700134
0.999912620 0.013215461 0.000400542 2.028838873 -0.013216113 0.999911308 0.001667508 -1.962113261 -0.000378469 -0.001672656 0.999998569 70.334701538
0.999916911 0.012875116 0.000634449 2.036507607 -0.012876255 0.999915421 0.001823066 -1.979388952 -0.000610924 -0.001831083 0.999998152 70.870872498
0.999915898 0.012940046 -0.000892069 2.097237587 -0.012938805 0.999915361 0.001381672 -1.979293704 0.000909873 -0.001370014 0.999998629 71.419464111
0.999915242 0.012988668 -0.000871270 2.111145496 -0.012987531 0.999914765 0.001297240 -1.995134950 0.000888045 -0.001285814 0.999998748 71.959136963
0.999911308 0.013312630 -0.000508603 2.116434097 -0.013311718 0.999909878 0.001758207 -2.012578726 0.000531964 -0.001751281 0.999998331 72.512092590
0.999917328 0.012806275 -0.001098802 2.156532049 -0.012804541 0.999916792 0.001572324 -2.030954361 0.001118846 -0.001558124 0.999998152 73.040451050
0.999920130 0.012604429 -0.000849198 2.170246363 -0.012602895 0.999918997 0.001786931 -2.049479008 0.000871653 -0.001776086 0.999998033 73.585525513
0.999924541 0.012282004 -0.000413620 2.173332930 -0.012281309 0.999923229 0.001644743 -2.062414885 0.000433788 -0.001639539 0.999998569 74.140380859
0.999927700 0.011905771 -0.001637100 2.224514246 -0.011903668 0.999928296 0.001287516 -2.076663971 0.001652310 -0.001267935 0.999997854 74.651222229
0.999925315 0.012078527 -0.001875479 2.244381189 -0.012075358 0.999925613 0.001692425 -2.096752405 0.001895780 -0.001669651 0.999996781 75.182800293
0.999922514 0.012319687 -0.001814927 2.253037453 -0.012315850 0.999921858 0.002110656 -2.116840601 0.001840785 -0.002088139 0.999996126 75.720695496
0.999932647 0.011440853 -0.001965468 2.284014463 -0.011437478 0.999933124 0.001719779 -2.135092974 0.001985014 -0.001697183 0.999996543 76.250625610
0.999922395 0.012287457 -0.002073861 2.292251348 -0.012283275 0.999922514 0.002017239 -2.152937174 0.002098489 -0.001991608 0.999995768 76.796714783
0.999933541 0.011268450 -0.002428412 2.332942963 -0.011264000 0.999934852 0.001837747 -2.167946577 0.002448962 -0.001810271 0.999995351 77.325370789
0.999935210 0.011050938 -0.002706007 2.347780704 -0.011045614 0.999937057 0.001974312 -2.183245420 0.002727655 -0.001944294 0.999994338 77.867385864
0.999931753 0.011133608 -0.003541135 2.401460409 -0.011127566 0.999936581 0.001721498 -2.188507795 0.003560077 -0.001681976 0.999992251 78.409355164
0.999928892 0.011353367 -0.003642383 2.413220882 -0.011349149 0.999934912 0.001176679 -2.199969530 0.003655503 -0.001135257 0.999992728 78.954772949
0.999931872 0.011268933 -0.003035067 2.420265436 -0.011264877 0.999935567 0.001349604 -2.210884094 0.003050081 -0.001315323 0.999994516 79.500625610
0.999928117 0.010748528 -0.005336955 2.523267984 -0.010743086 0.999941766 0.001047461 -2.228753567 0.005347904 -0.000990050 0.999985158 80.016075134
0.999927223 0.010701210 -0.005569171 2.549371004 -0.010696291 0.999942362 0.000912311 -2.241276503 0.005578613 -0.000852676 0.999984026 80.545143127
0.999936521 0.010339322 -0.004463315 2.574481487 -0.010335168 0.999946117 0.000952415 -2.253563166 0.004472923 -0.000906225 0.999989510 81.083595276
0.999941051 0.010436181 -0.003013758 2.581855297 -0.010433343 0.999945045 0.000956073 -2.273468733 0.003023571 -0.000924573 0.999994934 81.618492126
0.999945700 0.009970532 -0.003036466 2.640844345 -0.009968394 0.999949992 0.000717943 -2.285008430 0.003043473 -0.000687635 0.999995112 82.136566162
0.999958694 0.008634497 -0.002846912 2.689098835 -0.008632432 0.999962389 0.000737611 -2.302810431 0.002853174 -0.000713005 0.999995649 82.655250549
0.999965250 0.008339291 -0.000278620 2.709663153 -0.008339084 0.999964952 0.000735433 -2.319003105 0.000284742 -0.000733084 0.999999702 83.204582214
0.999958396 0.008275133 0.003839159 2.728569269 -0.008280146 0.999964833 0.001291934 -2.344662905 -0.003828333 -0.001323669 0.999991775 83.735366821
0.999949634 0.009943915 0.001315679 2.984800577 -0.009944447 0.999950588 0.000398838 -2.347314835 -0.001311647 -0.000411902 0.999999046 84.379684448
0.999926507 0.010254383 0.006466915 3.003267765 -0.010259085 0.999947131 0.000694185 -2.367555141 -0.006459454 -0.000760479 0.999978781 84.927299500
0.999864876 0.010595843 0.012567072 3.028830290 -0.010603672 0.999943554 0.000556575 -2.384144545 -0.012560470 -0.000689757 0.999920964 85.472625732
0.999737978 0.011617023 0.019724289 3.017997503 -0.011638490 0.999931812 0.000973871 -2.396255732 -0.019711630 -0.001203177 0.999804974 85.920989990
0.999616086 0.010669396 0.025572203 3.050691128 -0.010697128 0.999942243 0.000947861 -2.408438683 -0.025560614 -0.001221046 0.999672532 86.467857361
0.999351263 0.010784836 0.034363065 3.076669931 -0.010835405 0.999940455 0.001285719 -2.429360390 -0.034347147 -0.001657223 0.999408543 87.017723083
0.999184787 0.008261857 0.039515175 3.199866056 -0.008260032 0.999965847 -0.000209379 -2.411458254 -0.039515551 -0.000117188 0.999218881 87.567932129
0.998865783 0.008155492 0.046911020 3.236394882 -0.008163360 0.999966621 -0.000023839 -2.426925421 -0.046909649 -0.000359139 0.998899043 88.116508484
0.998398721 0.008070906 0.055988524 3.283435345 -0.008058215 0.999967396 -0.000452423 -2.436335802 -0.055990342 0.000000531 0.998431265 88.660766602
0.997798026 0.008385665 0.065792464 3.341443539 -0.008375281 0.999964833 -0.000433643 -2.450285912 -0.065793782 -0.000118342 0.997833252 89.190597534
0.996972859 0.008838837 0.077245481 3.315991640 -0.008823091 0.999960899 -0.000545118 -2.463739634 -0.077247269 -0.000138077 0.997011960 89.810974121
0.996305764 0.008432835 0.085462116 3.383490562 -0.008394768 0.999964356 -0.000804806 -2.478827000 -0.085465863 0.000084398 0.996341169 90.348861694
0.995319068 0.008345653 0.096282110 3.454867840 -0.008345354 0.999965131 -0.000405792 -2.497935295 -0.096282125 -0.000399616 0.995353937 90.887001038
0.994127214 0.008587540 0.107876018 3.489329815 -0.008601023 0.999962866 -0.000340319 -2.521384001 -0.107874937 -0.000589523 0.994164288 91.462211609
0.993128002 0.008037197 0.116757676 3.576507568 -0.007996587 0.999967694 -0.000816249 -2.534407616 -0.116760455 -0.000123023 0.993160069 92.007072449
0.991690993 0.008953965 0.128330544 3.655349731 -0.008956328 0.999959707 -0.000558660 -2.547141075 -0.128330350 -0.000595353 0.991731346 92.557609558
0.989975870 0.008098811 0.141003773 3.724378586 -0.008056500 0.999967158 -0.000870920 -2.559646845 -0.141006187 -0.000273807 0.990008652 93.110000610
0.988325357 0.008503925 0.152120560 3.825644493 -0.008546094 0.999963403 -0.000376614 -2.581761122 -0.152118206 -0.000927820 0.988361895 93.652542114
0.986672819 0.007649400 0.162536547 3.920334816 -0.007583558 0.999970734 -0.001025529 -2.582528591 -0.162539616 -0.000220744 0.986701965 94.207092285
0.984473765 0.007393484 0.175376117 4.038993835 -0.007311294 0.999972641 -0.001114785 -2.599425554 -0.175379589 -0.000184749 0.984500885 94.734436035
0.982016563 0.007565118 0.188643113 4.138686180 -0.007450615 0.999971390 -0.001316113 -2.610958338 -0.188647702 -0.000113063 0.982044816 95.283203125
0.979961693 0.007641800 0.199039608 4.265148163 -0.007517213 0.999970794 -0.001381620 -2.626869678 -0.199044362 -0.000142288 0.979990542 95.810035706
0.977167368 0.006884920 0.212359264 4.392838478 -0.006715286 0.999976277 -0.001520060 -2.639350414 -0.212364674 0.000059300 0.977190495 96.357460022
0.974194586 0.006528122 0.225614950 4.545158386 -0.006438793 0.999978602 -0.001131768 -2.658363581 -0.225617513 -0.000350125 0.974215865 96.886749268
0.971579731 0.005916729 0.236638665 4.685689926 -0.005782930 0.999982476 -0.001259507 -2.675727129 -0.236641973 -0.000144753 0.971596956 97.385917664
0.968338549 0.005479698 0.249580547 4.800264359 -0.005215578 0.999984920 -0.001719562 -2.687318087 -0.249586180 0.000363411 0.968352497 97.942794800
0.964710772 0.005069622 0.263262987 4.966625214 -0.004729820 0.999986947 -0.001924491 -2.702273369 -0.263269305 0.000611390 0.964722097 98.463912964
0.961193740 0.005266974 0.275824130 5.138095856 -0.004921837 0.999985933 -0.001943484 -2.717405319 -0.275830477 0.000510503 0.961206138 98.986633301
0.957508087 0.004736937 0.288367361 5.263616562 -0.004377047 0.999988616 -0.001892811 -2.739197016 -0.288372993 0.000550184 0.957517982 99.543708801
0.953142762 0.005395383 0.302472860 5.440332413 -0.005132943 0.999985516 -0.001662553 -2.755270720 -0.302477419 0.000032075 0.953156590 100.058258057
0.948800385 0.004738086 0.315840811 5.647994995 -0.004333105 0.999988616 -0.001984484 -2.773339272 -0.315846652 0.000514308 0.948810101 100.568786621
0.944647431 0.004247163 0.328059763 5.809898376 -0.003870881 0.999990880 -0.001799998 -2.783349752 -0.328064322 0.000430483 0.944655418 101.088722229
0.939935148 0.003379784 0.341336310 6.019975662 -0.002927273 0.999994099 -0.001840757 -2.806056976 -0.341340512 0.000731008 0.939939439 101.604888916
0.934967816 0.003454435 0.354715675 6.238615036 -0.002986716 0.999993801 -0.001866088 -2.824407578 -0.354719907 0.000685298 0.934972286 102.085472107
0.929770410 0.003309441 0.368125111 6.421947479 -0.002833829 0.999994218 -0.001832561 -2.837147474 -0.368129015 0.000660657 0.929774463 102.619781494
0.925190091 0.002798165 0.379493892 6.657997131 -0.002063083 0.999995053 -0.002343668 -2.848840714 -0.379498571 0.001385410 0.925191343 103.133499146
0.918854117 0.002321116 0.394590676 6.855663300 -0.001577906 0.999996305 -0.002207964 -2.859184504 -0.394594282 0.001406170 0.918854356 103.609413147
0.913124263 0.001814935 0.407677233 7.097953796 -0.001027337 0.999997139 -0.002150826 -2.876104355 -0.407679975 0.001545150 0.913123608 104.096237183
0.908126712 0.001338338 0.418693632 7.343132019 -0.000413696 0.999997258 -0.002299166 -2.892771006 -0.418695629 0.001914722 0.908124566 104.575531006
0.901227832 0.002230865 0.433339864 7.540927887 -0.001323631 0.999996245 -0.002395266 -2.890357018 -0.433343530 0.001585098 0.901227415 105.085205078
0.894722104 0.002152639 0.446618110 7.811973572 -0.001461472 0.999997079 -0.001892046 -2.918872356 -0.446620882 0.001040135 0.894722641 105.540817261
0.888844848 0.001383418 0.458206356 8.088966370 -0.000427318 0.999997497 -0.002190269 -2.930209875 -0.458208293 0.001751009 0.888843119 106.045166016
0.883135676 0.000865710 0.469117016 8.349613190 0.000295004 0.999997020 -0.002400759 -2.942168236 -0.469117671 0.002258587 0.883132696 106.516212463
0.875413179 0.000595474 0.483375132 8.580921173 0.000765904 0.999996305 -0.002618991 -2.945905209 -0.483374834 0.002662918 0.875409544 106.982872009
0.868392587 0.000249390 0.495877415 8.873786926 0.001333207 0.999995112 -0.002837667 -2.960973740 -0.495875716 0.003125316 0.868387997 107.447410583
