1.000000000 0.000000000 0.000000000 0.000000000 0.000000000 1.000000000 0.000000000 0.000000000 0.000000000 0.000000000 1.000000000 0.000000000
1.000000000 -0.000060616 0.000014210 0.000113124 0.000060616 1.000000000 0.000064333 0.000109306 -0.000014214 -0.000064332 1.000000000 0.000878058
1.000000000 0.000056312 -0.000195047 0.001620707 -0.000056295 1.000000000 0.000084509 -0.000967839 0.000195052 -0.000084498 1.000000000 -0.001116288
1.000000000 0.000110883 0.000028228 -0.000442706 -0.000110886 1.000000000 0.000087610 0.000210820 -0.000028219 -0.000087613 1.000000000 0.001206819
1.000000000 0.000163423 -0.000061010 -0.000950006 -0.000163423 1.000000000 -0.000005428 0.000964794 0.000061009 0.000005438 1.000000000 0.001254661
1.000000000 0.000220564 0.000135736 -0.001015831 -0.000220558 1.000000000 -0.000040956 0.001198672 -0.000135745 0.000040926 1.000000000 0.002872246
1.000000000 -0.000036807 -0.000022968 0.000267960 0.000036805 1.000000000 -0.000069464 0.000909250 0.000022970 0.000069463 1.000000000 0.001389774
1.000000000 0.000093047 0.000055083 -0.000357036 -0.000093050 1.000000000 0.000058498 0.000480659 -0.000055077 -0.000058504 1.000000000 0.001447115
1.000000000 -0.000067931 -0.000003310 0.000141997 0.000067931 0.999999940 -0.000072860 0.001431407 0.000003315 0.000072860 1.000000000 0.001635793
0.999999940 -0.000124641 -0.000004646 0.000155247 0.000124642 0.999999940 0.000121362 0.000343541 0.000004631 -0.000121362 1.000000000 0.002021039
1.000000000 -0.000055875 -0.000063772 0.001055703 0.000055877 1.000000000 0.000039771 0.000345897 0.000063769 -0.000039775 1.000000000 0.000086686
1.000000000 0.000017228 0.000082123 -0.000516781 -0.000017232 1.000000000 0.000044378 0.000749230 -0.000082123 -0.000044380 1.000000000 0.002589277
1.000000000 0.000064661 -0.000012243 -0.000184599 -0.000064660 1.000000000 0.000041384 0.001037539 0.000012245 -0.000041383 1.000000000 0.001478591
1.000000000 0.000178397 0.000027802 -0.000384075 -0.000178399 1.000000000 0.000045566 0.000216812 -0.000027793 -0.000045571 1.000000000 0.001013272
1.000000000 0.000054587 -0.000032129 0.000267400 -0.000054583 1.000000000 0.000141735 -0.000131331 0.000032136 -0.000141733 1.000000000 0.001207674
1.000000000 0.000108800 -0.000128622 -0.000007394 -0.000108791 1.000000000 0.000075484 0.000196118 0.000128631 -0.000075470 1.000000000 0.001539833
1.000000000 0.000235924 0.000085643 -0.001196058 -0.000235931 1.000000000 0.000084261 0.000890435 -0.000085623 -0.000084281 1.000000000 0.002402032
1.000000000 0.000269672 -0.000068706 -0.000242543 -0.000269664 1.000000000 0.000109993 0.000430301 0.000068735 -0.000109975 1.000000000 0.001654986
1.000000000 0.000040015 -0.000069670 0.000066099 -0.000040007 1.000000000 0.000121076 0.000213645 0.000069675 -0.000121073 1.000000000 0.001745989
1.000000000 0.000047434 -0.000164684 0.000747299 -0.000047403 1.000000000 0.000187282 0.000222083 0.000164693 -0.000187274 0.999999940 0.001493932
1.000000000 0.000070681 0.000003079 -0.000761264 -0.000070681 1.000000000 0.000036484 0.000958288 -0.000003076 -0.000036484 1.000000000 0.002360980
1.000000000 0.000114976 0.000087294 -0.001057559 -0.000114981 1.000000000 0.000055386 0.001006755 -0.000087288 -0.000055396 1.000000000 0.002468695
1.000000000 -0.000152434 -0.000006773 0.001561666 0.000152434 1.000000000 0.000036022 0.001073918 0.000006768 -0.000036023 1.000000000 0.001300058
1.000000000 0.000356356 0.000150301 -0.000930916 -0.000356365 1.000000000 0.000060707 0.001373868 -0.000150279 -0.000060761 1.000000000 0.002786244
1.000000000 0.000062894 0.000014552 0.000703755 -0.000062895 1.000000000 0.000077696 0.000746236 -0.000014547 -0.000077697 1.000000000 0.002685473
1.000000000 0.000137618 -0.000021029 0.000177304 -0.000137618 1.000000000 0.000005115 0.000227183 0.000021029 -0.000005112 1.000000000 -0.001031117
1.000000000 0.000238899 -0.000045961 0.000047139 -0.000238900 1.000000000 -0.000020621 0.001177283 0.000045956 0.000020632 1.000000000 0.002650743
1.000000000 0.000135987 0.000007818 -0.000520049 -0.000135987 1.000000000 0.000055977 0.000912503 -0.000007810 -0.000055978 1.000000000 0.001577336
1.000000000 0.000159986 -0.000020084 -0.001285086 -0.000159983 1.000000000 0.000135776 0.000904721 0.000020105 -0.000135773 1.000000000 0.003643585
1.000000000 0.000273027 0.000024650 -0.001018330 -0.000273029 1.000000000 0.000093186 0.000650968 -0.000024625 -0.000093192 1.000000000 0.002377094
1.000000000 0.000162563 -0.000096951 0.000698618 -0.000162549 1.000000000 0.000135615 0.000452007 0.000096973 -0.000135600 1.000000000 0.000947836
1.000000000 0.000072032 -0.000055240 -0.000071695 -0.000072027 1.000000000 0.000104775 0.000453782 0.000055247 -0.000104771 1.000000000 0.000936220
1.000000000 0.000168627 0.000062970 -0.000852669 -0.000168630 1.000000000 0.000050132 0.000946683 -0.000062961 -0.000050142 1.000000000 0.001594429
1.000000000 0.000050134 0.000018086 -0.000023779 -0.000050138 1.000000000 0.000219875 -0.000638346 -0.000018075 -0.000219875 1.000000000 0.000787394
1.000000000 -0.000059716 -0.000034782 0.000327315 0.000059713 1.000000000 -0.000081864 0.002040013 0.000034787 0.000081862 1.000000000 0.001647714
1.000000000 -0.000167042 -0.000107861 0.000745223 0.000167045 1.000000000 0.000030789 0.000597883 0.000107855 -0.000030807 1.000000000 -0.000015934
1.000000000 -0.000101727 -0.000142618 0.001227370 0.000101724 1.000000000 -0.000023318 0.001538678 0.000142620 0.000023303 1.000000000 0.001735513
1.000000000 -0.000000868 -0.000036227 0.000750872 0.000000871 1.000000000 0.000069947 0.001269712 0.000036227 -0.000069947 1.000000000 0.001190561
0.999999940 -0.000269959 -0.000082545 0.001825660 0.000269961 0.999999940 0.000018232 0.001427950 0.000082540 -0.000018255 1.000000000 0.001014700
0.999999940 -0.000123968 0.000064394 -0.000230840 0.000123973 0.999999940 -0.000074824 0.001177476 -0.000064384 0.000074832 1.000000000 0.003379875
1.000000000 0.000205895 -0.000048824 0.000933169 -0.000205929 0.999999762 -0.000686144 -0.000782407 0.000048683 0.000686154 0.999999762 0.051294301
0.999999940 0.000400349 -0.000050376 0.001821075 -0.000400415 0.999999046 -0.001332366 -0.003203841 0.000049842 0.001332386 0.999999106 0.137669101
0.999999881 0.000438756 -0.000204641 0.004896426 -0.000439061 0.999998808 -0.001491588 -0.007660036 0.000203987 0.001491677 0.999998868 0.251924992
0.999999940 -0.000177310 -0.000278528 0.010288666 0.000176934 0.999999046 -0.001347976 -0.012602933 0.000278767 0.001347927 0.999999046 0.381753743
0.999999940 0.000242734 -0.000166371 0.009500140 -0.000242949 0.999999106 -0.001290955 -0.016329132 0.000166058 0.001290995 0.999999166 0.522130728
0.999999940 0.000140639 -0.000179626 0.012422499 -0.000140884 0.999998987 -0.001364116 -0.018793020 0.000179434 0.001364141 0.999999046 0.676191747
0.999999881 0.000395672 -0.000052502 0.016875980 -0.000395731 0.999999285 -0.001129259 -0.023229897 0.000052056 0.001129279 0.999999344 0.836154640
1.000000000 -0.000026831 -0.000184918 0.022575997 0.000026679 0.999999642 -0.000821584 -0.029203132 0.000184940 0.000821579 0.999999642 1.000617862
0.999999821 0.000558487 -0.000094873 0.024358103 -0.000558556 0.999999583 -0.000729454 -0.034742340 0.000094466 0.000729507 0.999999762 1.179485321
0.999999940 0.000107080 -0.000125202 0.031218637 -0.000107110 0.999999940 -0.000239661 -0.042249326 0.000125177 0.000239675 0.999999940 1.361717701
0.999999642 0.000734241 0.000240752 0.027629964 -0.000734066 0.999999404 -0.000725263 -0.041837249 -0.000241285 0.000725086 0.999999702 1.562289238
1.000000000 0.000235274 -0.000010949 0.030610606 -0.000235279 0.999999881 -0.000491258 -0.046092689 0.000010833 0.000491261 0.999999881 1.758302927
0.999999940 0.000385416 -0.000168875 0.037600618 -0.000385502 0.999999821 -0.000507953 -0.051772784 0.000168679 0.000508018 0.999999881 1.958545685
0.999999940 0.000356371 0.000357256 0.036096517 -0.000356290 0.999999940 -0.000225469 -0.059761919 -0.000357336 0.000225342 0.999999940 2.171493530
1.000000000 -0.000054979 0.000102950 0.041178122 0.000055034 0.999999881 -0.000526688 -0.064539358 -0.000102921 0.000526694 0.999999881 2.394974232
0.999999940 0.000333821 0.000074396 0.046858046 -0.000333782 0.999999881 -0.000524850 -0.072845191 -0.000074571 0.000524825 0.999999881 2.617521048
0.999999881 0.000351337 -0.000023330 0.051259406 -0.000351339 0.999999881 -0.000100014 -0.082598336 0.000023295 0.000100022 1.000000000 2.846334219
0.999999642 0.000820560 0.000152848 0.054797448 -0.000820500 0.999999583 -0.000390059 -0.086695530 -0.000153168 0.000389933 0.999999940 3.090040207
0.999999940 0.000258402 0.000107273 0.060750943 -0.000258401 0.999999940 -0.000013624 -0.101217523 -0.000107276 0.000013596 1.000000000 3.328155994
1.000000000 0.000091811 0.000303544 0.066003770 -0.000091823 1.000000000 0.000041119 -0.107177764 -0.000303541 -0.000041147 1.000000000 3.578977585
0.999999940 0.000358529 -0.000061733 0.072500095 -0.000358529 0.999999940 0.000009503 -0.114591822 0.000061737 -0.000009481 1.000000000 3.827958107
0.999999940 0.000037865 -0.000244382 0.078376651 -0.000037856 1.000000000 0.000036963 -0.120378308 0.000244383 -0.000036954 0.999999940 4.094669819
1.000000000 0.000129862 -0.000086959 0.083048366 -0.000129823 0.999999940 0.000449902 -0.129870936 0.000087017 -0.000449891 0.999999881 4.348403931
0.999999940 0.000315543 0.000013076 0.086524785 -0.000315547 0.999999940 0.000329400 -0.136174500 -0.000012972 -0.000329404 0.999999940 4.603814125
0.999999881 0.000403995 0.000199112 0.091113195 -0.000403992 0.999999940 -0.000012522 -0.138727397 -0.000199117 0.000012442 1.000000000 4.855309010
0.999999762 0.000642716 0.000220990 0.096478984 -0.000642739 0.999999821 0.000101025 -0.146477804 -0.000220925 -0.000101167 1.000000000 5.114250660
0.999999940 0.000129487 0.000097140 0.103414431 -0.000129504 1.000000000 0.000179997 -0.157109946 -0.000097117 -0.000180010 1.000000000 5.375665665
1.000000000 -0.000084108 -0.000063337 0.111138947 0.000084161 0.999999583 0.000842959 -0.169525594 0.000063267 -0.000842965 0.999999642 5.645425320
0.999999821 -0.000587874 0.000136015 0.116292916 0.000587738 0.999999285 0.000995852 -0.176557541 -0.000136600 -0.000995772 0.999999523 5.920810699
1.000000000 -0.000099105 -0.000168096 0.123414926 0.000099223 0.999999762 0.000705821 -0.182507291 0.000168026 -0.000705838 0.999999762 6.199717045
1.000000000 -0.000079774 0.000214626 0.121461958 0.000079586 0.999999642 0.000872270 -0.185688809 -0.000214695 -0.000872253 0.999999642 6.483673096
0.999999940 0.000032297 0.000196003 0.130441159 -0.000032434 0.999999762 0.000702208 -0.206323653 -0.000195981 -0.000702214 0.999999762 6.761966705
1.000000000 0.000076027 0.000057559 0.132649064 -0.000076072 0.999999702 0.000794792 -0.214753419 -0.000057499 -0.000794797 0.999999702 7.058357239
1.000000000 0.000112819 0.000272416 0.139854461 -0.000112955 0.999999821 0.000499502 -0.219387755 -0.000272360 -0.000499533 0.999999821 7.367798805
0.999999940 -0.000027920 0.000407537 0.147461176 0.000027591 0.999999702 0.000806172 -0.234033942 -0.000407559 -0.000806160 0.999999583 7.675497055
0.999999702 0.000436621 0.000538296 0.153105721 -0.000437180 0.999999404 0.001037577 -0.239917740 -0.000537843 -0.001037812 0.999999285 7.996120453
0.999999940 0.000204979 0.000292155 0.158859476 -0.000205164 0.999999762 0.000633764 -0.249041796 -0.000292025 -0.000633824 0.999999702 8.313825607
0.999999881 0.000242824 0.000408672 0.164189041 -0.000243094 0.999999702 0.000660815 -0.259465694 -0.000408511 -0.000660914 0.999999702 8.639864922
0.999999762 0.000130377 0.000681871 0.166949406 -0.000130967 0.999999583 0.000865028 -0.270096093 -0.000681758 -0.000865117 0.999999404 8.977590561
0.999999762 0.000299364 0.000530769 0.178843573 -0.000299716 0.999999702 0.000662585 -0.278055251 -0.000530571 -0.000662744 0.999999642 9.310954094
0.999999762 0.000024693 0.000601247 0.185133725 -0.000025257 0.999999523 0.000938263 -0.287974894 -0.000601224 -0.000938278 0.999999404 9.656690598
0.999999583 0.000290194 0.000798898 0.193576664 -0.000291230 0.999999106 0.001296333 -0.300398052 -0.000798521 -0.001296565 0.999998868 10.002216339
0.999999940 -0.000116156 0.000570897 0.202559069 0.000115610 0.999999523 0.000955290 -0.309837520 -0.000571007 -0.000955224 0.999999344 10.351149559
0.999999821 -0.000353471 0.000436568 0.211189285 0.000352943 0.999999225 0.001208522 -0.318879992 -0.000436995 -0.001208367 0.999999166 10.702361107
0.999999702 -0.000139127 0.000713881 0.219103009 0.000138139 0.999999046 0.001383251 -0.327768713 -0.000714073 -0.001383152 0.999998748 11.065626144
0.999999702 0.000134220 0.000751028 0.224673152 -0.000134987 0.999999464 0.001021342 -0.341223747 -0.000750891 -0.001021443 0.999999225 11.447264671
0.999999464 0.000747294 0.000722934 0.232017711 -0.000748206 0.999998987 0.001262048 -0.349563271 -0.000721990 -0.001262589 0.999998987 11.827300072
0.999999464 -0.000852542 0.000589294 0.246471643 0.000851654 0.999998450 0.001504797 -0.365630984 -0.000590576 -0.001504294 0.999998689 12.209572792
0.999999821 -0.000375310 0.000638656 0.259476542 0.000374436 0.999998987 0.001367367 -0.375075608 -0.000639169 -0.001367128 0.999998868 12.607930183
0.999999344 -0.000804265 0.000787716 0.260735273 0.000803273 0.999998808 0.001258850 -0.380312413 -0.000788727 -0.001258217 0.999998868 12.997568130
0.999999583 -0.000093953 0.001014387 0.264262348 0.000092541 0.999999046 0.001391632 -0.394566447 -0.001014517 -0.001391538 0.999998450 13.392638206
0.999999404 -0.000778022 0.000724219 0.284368873 0.000776948 0.999998569 0.001482582 -0.405552119 -0.000725371 -0.001482019 0.999998629 13.806209564
0.999999583 -0.000031655 0.000936445 0.287668556 0.000030420 0.999999106 0.001317992 -0.411808252 -0.000936486 -0.001317962 0.999998689 14.220232010
0.999999166 -0.000597745 0.001168300 0.300424188 0.000596376 0.999999106 0.001171850 -0.426066130 -0.001168999 -0.001171152 0.999998629 14.646203041
0.999999106 -0.000223892 0.001285120 0.310266733 0.000222247 0.999999166 0.001279638 -0.439114243 -0.001285406 -0.001279352 0.999998271 15.073224068
0.999998808 -0.000140730 0.001554778 0.319672287 0.000138658 0.999999106 0.001332676 -0.449419290 -0.001554964 -0.001332459 0.999997914 15.512579918
0.999997437 -0.000323270 0.002245212 0.327887326 0.000319646 0.999998629 0.001614496 -0.463726580 -0.002245731 -0.001613774 0.999996185 15.952939987
0.999997318 -0.001074992 0.002013346 0.341324389 0.001071770 0.999998152 0.001600672 -0.474924296 -0.002015063 -0.001598510 0.999996722 16.398128510
0.999997020 -0.000172591 0.002441172 0.347708076 0.000170034 0.999999523 0.001047431 -0.483703166 -0.002441351 -0.001047012 0.999996483 16.848180771
0.999995351 -0.000266754 0.003043936 0.355317384 0.000262209 0.999998808 0.001493368 -0.501049995 -0.003044330 -0.001492563 0.999994278 17.306451797
0.999996006 -0.000325888 0.002829514 0.370266199 0.000320205 0.999997914 0.002008682 -0.518579543 -0.002830162 -0.002007768 0.999993980 17.771137238
0.999994397 -0.000864382 0.003241600 0.380936831 0.000858117 0.999997735 0.001933512 -0.528677940 -0.003243264 -0.001930720 0.999992847 18.225336075
0.999996006 -0.001476033 0.002397521 0.397915423 0.001472117 0.999997556 0.001634081 -0.539453149 -0.002399927 -0.001630545 0.999995768 18.695325851
0.999996066 -0.001088535 0.002606440 0.412890941 0.001082613 0.999996781 0.002272377 -0.560581088 -0.002608905 -0.002269546 0.999993980 19.145383835
0.999993503 -0.000432363 0.003596347 0.417361110 0.000424333 0.999997377 0.002233285 -0.563768446 -0.003597304 -0.002231745 0.999991000 19.659265518
0.999993503 -0.000496426 0.003561108 0.439841211 0.000488558 0.999997377 0.002209858 -0.584554911 -0.003562196 -0.002208105 0.999991238 20.137895584
0.999994099 -0.000498758 0.003401486 0.451990664 0.000489885 0.999996424 0.002608770 -0.596444130 -0.003402774 -0.002607088 0.999990761 20.679826736
0.999995232 0.000021502 0.003133468 0.459593683 -0.000029369 0.999996841 0.002510448 -0.614094615 -0.003133405 -0.002510529 0.999991953 21.116004944
0.999996960 -0.000117658 0.002459219 0.471344233 0.000112204 0.999997497 0.002217542 -0.620307684 -0.002459474 -0.002217259 0.999994576 21.625343323
0.999997497 0.000110501 0.002242272 0.482762903 -0.000116721 0.999996126 0.002774157 -0.641560495 -0.002241957 -0.002774412 0.999993563 22.151124954
0.999998212 -0.000068138 0.001850189 0.492423177 0.000063663 0.999997079 0.002418665 -0.646283090 -0.001850348 -0.002418544 0.999995291 22.672203064
0.999999225 0.000153316 0.001218956 0.504240334 -0.000156330 0.999996960 0.002472294 -0.662808895 -0.001218574 -0.002472483 0.999996126 23.188165665
0.999999583 -0.000255911 0.000814368 0.511940122 0.000253928 0.999996960 0.002434131 -0.677173853 -0.000814988 -0.002433923 0.999996722 23.707752228
0.999998808 -0.001487968 0.000099549 0.527519226 0.001487722 0.999995947 0.002431142 -0.695915222 -0.000103167 -0.002430991 0.999997020 24.233863831
0.999999523 -0.000571538 -0.000806594 0.538183749 0.000573951 0.999995351 0.002994925 -0.708289683 0.000804879 -0.002995386 0.999995172 24.773450851
0.999999464 -0.000232875 -0.000990973 0.543249905 0.000235594 0.999996126 0.002744269 -0.722613931 0.000990330 -0.002744501 0.999995708 25.304025650
0.999999106 0.000473897 -0.001221322 0.552069247 -0.000470865 0.999996841 0.002481866 -0.730901897 0.001222494 -0.002481289 0.999996126 25.850858688
0.999998808 0.000218068 -0.001536837 0.561264694 -0.000213156 0.999994874 0.003195553 -0.758942902 0.001537526 -0.003195221 0.999993742 26.385297775
0.999996543 -0.000342399 -0.002618449 0.578189373 0.000350989 0.999994516 0.003280780 -0.769043088 0.002617311 -0.003281688 0.999991238 26.930183411
0.999994755 -0.000530399 -0.003217144 0.590800762 0.000541748 0.999993682 0.003527791 -0.784923434 0.003215252 -0.003529516 0.999988675 27.463424683
0.999997556 -0.000023423 -0.002219722 0.565261841 0.000028327 0.999997497 0.002209218 -0.777937293 0.002219665 -0.002209276 0.999995053 28.066471100
0.999993324 0.000655813 -0.003573057 0.610671878 -0.000643116 0.999993503 0.003553569 -0.816088736 0.003575364 -0.003551248 0.999987304 28.570482254
0.999990940 -0.000695591 -0.004182476 0.621651888 0.000710458 0.999993443 0.003554227 -0.828753769 0.004179976 -0.003557167 0.999984920 29.123790741
0.999989092 0.000611412 -0.004637696 0.640349805 -0.000592379 0.999991477 0.004104311 -0.844054222 0.004640166 -0.004101519 0.999980807 29.658428192
0.999989867 0.000668891 -0.004448812 0.637720406 -0.000650821 0.999991477 0.004061818 -0.861121774 0.004451491 -0.004058881 0.999981880 30.209543228
0.999988377 0.000747131 -0.004756237 0.650346935 -0.000728305 0.999991894 0.003958687 -0.877639711 0.004759156 -0.003955177 0.999980867 30.744272232
0.999987423 0.000911447 -0.004929539 0.658250809 -0.000891253 0.999991238 0.004097203 -0.889778018 0.004933231 -0.004092759 0.999979436 31.287025452
0.999986708 0.000912060 -0.005072518 0.665592074 -0.000891818 0.999991655 0.003991281 -0.901278734 0.005076116 -0.003986705 0.999979138 31.827844620
0.999985278 0.000955835 -0.005338572 0.677495420 -0.000936801 0.999993145 0.003566701 -0.915274382 0.005341945 -0.003561648 0.999979377 32.378166199
0.999983728 -0.000491162 -0.005683440 0.696775794 0.000506836 0.999996126 0.002756700 -0.913397014 0.005682063 -0.002759536 0.999980092 32.936191559
0.999984741 0.000714244 -0.005467667 0.683906198 -0.000693090 0.999992251 0.003869846 -0.946121812 0.005470388 -0.003865998 0.999977529 33.443641663
0.999986351 0.001017902 -0.005120786 0.688589454 -0.000999654 0.999993145 0.003564726 -0.955587506 0.005124382 -0.003559558 0.999980509 33.985591888
0.999984801 0.000905864 -0.005433590 0.693070173 -0.000886054 0.999992967 0.003647164 -0.970406771 0.005436855 -0.003642294 0.999978602 34.514781952
0.999983788 0.001030077 -0.005602204 0.707816422 -0.001008305 0.999991953 0.003887961 -0.985934615 0.005606164 -0.003882249 0.999976754 35.059165955
0.999982178 0.001184409 -0.005847405 0.718034685 -0.001162329 0.999992132 0.003777825 -0.999255300 0.005851834 -0.003770961 0.999975741 35.612445831
0.999982655 0.000946114 -0.005798042 0.719763696 -0.000925076 0.999992907 0.003630035 -1.006721973 0.005801435 -0.003624609 0.999976516 36.139320374
0.999982119 0.001227733 -0.005849275 0.725317597 -0.001206915 0.999992847 0.003561287 -1.016552210 0.005853607 -0.003554164 0.999976575 36.673675537
0.999983490 0.001167080 -0.005624890 0.729834020 -0.001146183 0.999992430 0.003716880 -1.032377601 0.005629185 -0.003710372 0.999977291 37.202590942
0.999979198 0.001075186 -0.006347994 0.744203985 -0.001052590 0.999993086 0.003561710 -1.046781063 0.006351780 -0.003554955 0.999973536 37.748504639
0.999979377 0.001237908 -0.006293596 0.751372159 -0.001215321 0.999992728 0.003591416 -1.058890939 0.006297996 -0.003583693 0.999973774 38.283664703
0.999976814 0.001060588 -0.006729309 0.762157917 -0.001035563 0.999992490 0.003721214 -1.072726250 0.006733204 -0.003714159 0.999970376 38.828205109
0.999978542 0.001562044 -0.006353112 0.767071128 -0.001541396 0.999993503 0.003253704 -1.084281921 0.006358155 -0.003243841 0.999974549 39.362216949
0.999979019 0.001368546 -0.006337462 0.774424791 -0.001347005 0.999993324 0.003402050 -1.099585772 0.006342075 -0.003393442 0.999974191 39.911735535
0.999973595 0.001609164 -0.007085021 0.802897155 -0.001583263 0.999992013 0.003659776 -1.122727275 0.007090854 -0.003648462 0.999968290 40.422233582
0.999979138 0.001806264 -0.006191908 0.792247891 -0.001783333 0.999991536 0.003706832 -1.130436659 0.006198552 -0.003695712 0.999973893 41.009231567
0.999975502 0.001770117 -0.006772778 0.800627589 -0.001748852 0.999993563 0.003144387 -1.131161094 0.006778300 -0.003132466 0.999972105 41.611400604
0.999978542 0.001800538 -0.006283980 0.804018140 -0.001775291 0.999990225 0.004020847 -1.158589602 0.006291159 -0.004009605 0.999972165 42.118152618
0.999975562 0.002309342 -0.006601571 0.822048068 -0.002290689 0.999993384 0.002831738 -1.164041638 0.006608067 -0.002816546 0.999974191 42.609603882
0.999976754 0.001773605 -0.006576160 0.829525113 -0.001747404 0.999990523 0.003987751 -1.186986208 0.006583170 -0.003976168 0.999970436 43.194267273
0.999974012 0.002189601 -0.006870113 0.843823552 -0.002172267 0.999994397 0.002529552 -1.190618277 0.006875614 -0.002514562 0.999973238 43.696220398
0.999976218 0.001723743 -0.006675615 0.842062354 -0.001699692 0.999992013 0.003606794 -1.213778973 0.006681779 -0.003595362 0.999971151 44.228637695
0.999974966 0.002708082 -0.006539495 0.848626256 -0.002685931 0.999990582 0.003393667 -1.223116279 0.006548624 -0.003376017 0.999972880 44.786781311
0.999979019 0.002857532 -0.005806714 0.853278875 -0.002839543 0.999991119 0.003103936 -1.235556722 0.005815533 -0.003087383 0.999978364 45.333221436
0.999982417 0.003098031 -0.005070575 0.847374618 -0.003081497 0.999989867 0.003265367 -1.252223372 0.005080640 -0.003249684 0.999981821 45.880157471
0.999976635 0.001753189 -0.006623976 0.886229873 -0.001730913 0.999992847 0.003367231 -1.264467835 0.006629833 -0.003355687 0.999972403 46.413280487
0.999967754 0.002075315 -0.007764327 0.917016387 -0.002044784 0.999990165 0.003938027 -1.283408642 0.007772422 -0.003922024 0.999962211 46.948154449
0.999972939 0.002402999 -0.006958782 0.897845626 -0.002376120 0.999989808 0.003868337 -1.290868640 0.006968006 -0.003851698 0.999968290 47.514316559
0.999973774 0.002483852 -0.006801851 0.917496264 -0.002456120 0.999988675 0.004082343 -1.304463148 0.006811913 -0.004065529 0.999968529 48.005115509
0.999972820 0.001902058 -0.007126111 0.953488469 -0.001865081 0.999984801 0.005192009 -1.323173523 0.007135877 -0.005178577 0.999961138 48.561111450
0.999976039 0.002441450 -0.006476938 0.925806344 -0.002417143 0.999990046 0.003758086 -1.330045462 0.006486048 -0.003742341 0.999971926 49.064990997
0.999973834 0.002858454 -0.006642368 0.935454786 -0.002831133 0.999987483 0.004118861 -1.339631677 0.006654059 -0.004099949 0.999969423 49.604816437
0.999970853 0.001761102 -0.007418784 0.962240219 -0.001729683 0.999989510 0.004239270 -1.357428432 0.007426172 -0.004226314 0.999963522 50.137157440
0.999970198 0.002656682 -0.007247131 0.967876136 -0.002628894 0.999989092 0.003841091 -1.368480444 0.007257258 -0.003821925 0.999966383 50.687511444
0.999973059 0.002606574 -0.006865018 0.977382064 -0.002580186 0.999989212 0.003849978 -1.379395962 0.006874979 -0.003832161 0.999969006 51.228538513
0.999973238 0.002632152 -0.006830201 0.985907853 -0.002609145 0.999990880 0.003375116 -1.390923381 0.006839023 -0.003357205 0.999970973 51.758419037
0.999974132 0.002813129 -0.006619716 0.990782022 -0.002793908 0.999991894 0.002911107 -1.406303525 0.006627851 -0.002892537 0.999973834 52.298332214
0.999972463 0.002170511 -0.007097209 1.004773855 -0.002145160 0.999991238 0.003577614 -1.415705681 0.007104912 -0.003562292 0.999968350 52.816658020
0.999971569 0.002556011 -0.007084921 1.010810614 -0.002528845 0.999989390 0.003840642 -1.433745027 0.007094662 -0.003822616 0.999967515 53.354911804
0.999973655 0.002630063 -0.006767424 1.014657378 -0.002607613 0.999991059 0.003324273 -1.443388104 0.006776107 -0.003306538 0.999971569 53.900581360
0.999976814 0.002457503 -0.006347378 1.019624472 -0.002435773 0.999991179 0.003429090 -1.454433918 0.006355750 -0.003413550 0.999973953 54.442832947
0.999976218 0.002634506 -0.006372504 1.025064945 -0.002612917 0.999990821 0.003393933 -1.471639276 0.006381387 -0.003377202 0.999973953 54.976428986
0.999977648 0.002870285 -0.006033496 1.030658245 -0.002851292 0.999990940 0.003154059 -1.481436610 0.006042494 -0.003136786 0.999976814 55.516696930
0.999977171 0.002381688 -0.006318904 1.038056374 -0.002362357 0.999992430 0.003064942 -1.490589619 0.006326156 -0.003049944 0.999975324 56.052551270
0.999972284 0.002480443 -0.007020178 1.059724569 -0.002455626 0.999990702 0.003541460 -1.516210437 0.007028896 -0.003524123 0.999969065 56.563308716
0.999973893 0.002877182 -0.006628314 1.059031606 -0.002854265 0.999989927 0.003464116 -1.524087667 0.006638215 -0.003445107 0.999971986 57.141952515
0.999980927 0.003611354 -0.005025974 1.057966471 -0.003593278 0.999987066 0.003600883 -1.539589882 0.005038914 -0.003582754 0.999980867 57.692886353
0.999977589 0.002683503 -0.006132608 1.070587993 -0.002665233 0.999992013 0.002985422 -1.545067191 0.006140571 -0.002969011 0.999976695 58.226837158
0.999980450 0.002860809 -0.005562237 1.073128104 -0.002845113 0.999991894 0.002827737 -1.556492209 0.005570281 -0.002811856 0.999980509 58.767143250
0.999980628 0.002998650 -0.005479733 1.079425812 -0.002984175 0.999992013 0.002647833 -1.570458651 0.005487630 -0.002631429 0.999981403 59.305740356
0.999980211 0.003174991 -0.005431563 1.091311693 -0.003160104 0.999991238 0.002747138 -1.584520817 0.005440237 -0.002729920 0.999981403 59.846904755
0.999979436 0.002983657 -0.005690039 1.092671156 -0.002966399 0.999991000 0.003039071 -1.601486564 0.005699055 -0.003022129 0.999979138 60.383239746
0.999977887 0.002893798 -0.005992092 1.114337444 -0.002875320 0.999991059 0.003090172 -1.623805046 0.006000980 -0.003072875 0.999977291 60.966213226
0.999976039 0.002919189 -0.006276486 1.126862407 -0.002899935 0.999991059 0.003074776 -1.636045814 0.006285406 -0.003056501 0.999975562 61.503303528
0.999976456 0.002646782 -0.006326375 1.136065245 -0.002628669 0.999992430 0.002869533 -1.647404432 0.006333921 -0.002852836 0.999975860 62.057247162
0.999975264 0.002740352 -0.006480810 1.144970894 -0.002720830 0.999991715 0.003019311 -1.664381504 0.006489031 -0.003001604 0.999974370 62.598220825
0.999975264 0.002552613 -0.006556159 1.147220850 -0.002532595 0.999992132 0.003059855 -1.675781846 0.006563919 -0.003043176 0.999973834 63.139533997
0.999974012 0.002734003 -0.006674526 1.153434753 -0.002714969 0.999992371 0.002859020 -1.691388130 0.006682291 -0.002840824 0.999973655 63.692001343
0.999972165 0.002084747 -0.007165273 1.168100595 -0.002063229 0.999993265 0.003009285 -1.703249812 0.007171500 -0.002994418 0.999969721 64.240333557
0.999973178 0.002406168 -0.006920242 1.171484470 -0.002386396 0.999993026 0.002864212 -1.712127328 0.006927086 -0.002847622 0.999971926 64.789031982
0.999971092 0.002272751 -0.007259767 1.182262540 -0.002250767 0.999992847 0.003035050 -1.730276108 0.007266613 -0.003018622 0.999969065 65.337799072
0.999969244 0.002148436 -0.007532966 1.189788103 -0.002124619 0.999992728 0.003168240 -1.745056152 0.007539720 -0.003152138 0.999966621 65.886711121
0.999965429 0.002554436 -0.007907229 1.196218133 -0.002533501 0.999993205 0.002656535 -1.752702236 0.007913960 -0.002636410 0.999965191 66.435821533
0.999967813 0.002277483 -0.007686276 1.207551479 -0.002255440 0.999993324 0.002875330 -1.768964171 0.007692772 -0.002857902 0.999966323 66.977958679
0.999971271 0.002057469 -0.007294254 1.209999800 -0.002035773 0.999993622 0.002980535 -1.782472849 0.007300337 -0.002965601 0.999968946 67.515144348
0.999973655 0.002593903 -0.006777775 1.212213993 -0.002574496 0.999992549 0.002870414 -1.800359726 0.006785171 -0.002852890 0.999972880 68.052986145
0.999976754 0.002938321 -0.006139794 1.212619901 -0.002921532 0.999991953 0.002741827 -1.815379977 0.006147802 -0.002723826 0.999977410 68.606384277
0.999978006 0.002894548 -0.005971563 1.220595002 -0.002878568 0.999992251 0.002683115 -1.824754238 0.005979283 -0.002665867 0.999978483 69.146842957
0.999980092 0.002910449 -0.005595768 1.229654193 -0.002899082 0.999993742 0.002038295 -1.833534241 0.005601667 -0.002022032 0.999982238 69.696090698
0.999980092 0.002706470 -0.005694881 1.239793062 -0.002694492 0.999994159 0.002109950 -1.846153855 0.005700557 -0.002094563 0.999981582 70.242385864
0.999982238 0.002792120 -0.005266583 1.244227290 -0.002782028 0.999994397 0.001922338 -1.857856393 0.005271920 -0.001907652 0.999984264 70.789230347
0.999981821 0.003060671 -0.005192226 1.253413320 -0.003050719 0.999993503 0.001923463 -1.872686625 0.005198080 -0.001907587 0.999984622 71.334045410
0.999983788 0.003056366 -0.004803450 1.259296179 -0.003046333 0.999993086 0.002094682 -1.887490153 0.004809820 -0.002080015 0.999986291 71.884391785
0.999983966 0.002420213 -0.005106345 1.272749305 -0.002410431 0.999995232 0.001920989 -1.902240038 0.005110969 -0.001908650 0.999985099 72.430160522
0.999985874 0.002831525 -0.004493743 1.280264616 -0.002821959 0.999993742 0.002133639 -1.921026587 0.004499757 -0.002120928 0.999987543 72.969406128
0.999989271 0.003360814 -0.003194727 1.278555751 -0.003355493 0.999992967 0.001669626 -1.927089810 0.003200316 -0.001658888 0.999993503 73.519195557
0.999983311 0.003384518 -0.004675243 1.298232079 -0.003374607 0.999992073 0.002126135 -1.947710991 0.004682401 -0.002110322 0.999986827 74.071342468
0.999984145 0.003204200 -0.004627831 1.308018088 -0.003195331 0.999993026 0.001922973 -1.958411336 0.004633962 -0.001908156 0.999987423 74.621139526
0.999984860 0.003013359 -0.004602899 1.315176845 -0.003003218 0.999993026 0.002208390 -1.977535009 0.004609521 -0.002194534 0.999986947 75.164840698
0.999984324 0.003061279 -0.004719131 1.324680090 -0.003052796 0.999993742 0.001803534 -1.988144398 0.004724622 -0.001789099 0.999987245 75.711746216
0.999983311 0.003592312 -0.004523331 1.330221415 -0.003585497 0.999992430 0.001513891 -1.995119929 0.004528736 -0.001497648 0.999988616 76.265449524
0.999986053 0.002910099 -0.004405726 1.345156908 -0.002904600 0.999995053 0.001253965 -2.012742996 0.004409353 -0.001241150 0.999989569 76.803482056
0.999983490 0.002561759 -0.005138159 1.352248669 -0.002554941 0.999995828 0.001333014 -2.026329279 0.005141553 -0.001319865 0.999985933 77.336021423
0.999982059 0.002949801 -0.005216952 1.357536077 -0.002941496 0.999994397 0.001598938 -2.040797710 0.005221639 -0.001583564 0.999985099 77.853851318
0.999983430 0.003064332 -0.004859938 1.364118099 -0.003058953 0.999994814 0.001113579 -2.055413485 0.004863325 -0.001098694 0.999987483 78.411071777
0.999984264 0.002771322 -0.004862636 1.378366709 -0.002766149 0.999995589 0.001070190 -2.069809437 0.004865581 -0.001056722 0.999987602 78.957229614
0.999984503 0.003159924 -0.004578156 1.382238865 -0.003153591 0.999994040 0.001389982 -2.084664583 0.004582522 -0.001375523 0.999988556 79.511993408
0.999985099 0.003194781 -0.004415094 1.391035914 -0.003189980 0.999994338 0.001093999 -2.099020243 0.004418563 -0.001079898 0.999989569 80.059715271
0.999988198 0.003464983 -0.003412714 1.402781248 -0.003461852 0.999993563 0.000923202 -2.108843803 0.003415891 -0.000911377 0.999993742 80.608497620
0.999991655 0.003338643 -0.002362874 1.413952708 -0.003336289 0.999993920 0.000999476 -2.128424644 0.002366196 -0.000991584 0.999996722 81.137657166
0.999994040 0.003344795 -0.000843797 1.423808336 -0.003344052 0.999994040 0.000880668 -2.140620470 0.000846738 -0.000877841 0.999999285 81.684494019
0.999993384 0.003612710 0.000353445 1.438438654 -0.003613014 0.999993086 0.000862764 -2.156265259 -0.000350325 -0.000864035 0.999999583 82.226997375
0.999984145 0.003883729 0.004070518 1.453353405 -0.003886438 0.999992192 0.000658055 -2.169601202 -0.004067932 -0.000673864 0.999991417 82.774154663
0.999968052 0.003165159 0.007336506 1.477463484 -0.003171623 0.999994576 0.000869678 -2.183286190 -0.007333714 -0.000892919 0.999972701 83.308151245
0.999936283 0.003412524 0.010761401 1.494689941 -0.003425774 0.999993324 0.001213239 -2.206803322 -0.010757190 -0.001250028 0.999941289 83.848579407
0.999869585 0.003858441 0.015681390 1.518650174 -0.003882391 0.999991357 0.001497156 -2.222798109 -0.015675483 -0.001557842 0.999875844 84.397651672
0.999761701 0.004181144 0.021421798 1.547236681 -0.004212665 0.999990046 0.001426500 -2.237213373 -0.021415615 -0.001516403 0.999769509 84.943862915
0.999596179 0.004453449 0.028064629 1.567926526 -0.004509189 0.999987960 0.001923211 -2.254889250 -0.028055724 -0.002048983 0.999604225 85.493797302
0.999436021 0.003904270 0.033352789 1.606936693 -0.003952962 0.999991238 0.001394125 -2.269527674 -0.033347052 -0.001525181 0.999442697 86.039932251
0.999114394 0.004068737 0.041879743 1.636744261 -0.004138033 0.999990225 0.001568094 -2.281828642 -0.041872956 -0.001740006 0.999121368 86.589263916
0.998725176 0.003812981 0.050332990 1.685910225 -0.003891060 0.999991357 0.001453317 -2.297844887 -0.050327018 -0.001647313 0.998731434 87.140792847
0.998349845 0.003258870 0.057331663 1.729205370 -0.003377457 0.999992490 0.001971632 -2.316209793 -0.057324808 -0.002162014 0.998353243 87.676582336
0.997770429 0.003664836 0.066638924 1.776945591 -0.003768142 0.999991894 0.001424589 -2.323539734 -0.066633172 -0.001672517 0.997776270 88.230049133
0.997061610 0.003463516 0.076525144 1.843107700 -0.003596397 0.999992251 0.001598690 -2.341094255 -0.076519020 -0.001869207 0.997066319 88.761474609
0.996349990 0.002804681 0.085315317 1.903389931 -0.002975590 0.999993920 0.001876173 -2.353269339 -0.085309505 -0.002123188 0.996352255 89.313575745
0.995635271 0.002519276 0.093295760 1.970301628 -0.002615466 0.999996126 0.000908756 -2.362622023 -0.093293115 -0.001148802 0.995638013 89.861427307
0.994555295 0.002940909 0.104168549 2.043543816 -0.003117548 0.999993920 0.001532934 -2.380397320 -0.104163408 -0.001849338 0.994558454 90.400329590
0.993388474 0.002517108 0.114773460 2.125787735 -0.002696836 0.999995291 0.001410679 -2.396387577 -0.114769354 -0.001710877 0.993390679 90.942443848
0.992291510 0.002140688 0.123906776 2.213818550 -0.002302869 0.999996662 0.001165678 -2.408641577 -0.123903871 -0.001442034 0.992293119 91.488098145
0.990822136 0.002265370 0.135153070 2.300953865 -0.002494284 0.999995708 0.001524430 -2.426068783 -0.135149032 -0.001847549 0.990823567 92.021697998
0.989085495 0.002008145 0.147329077 2.397974968 -0.002245608 0.999996364 0.001445475 -2.441711187 -0.147325635 -0.001760541 0.989086568 92.561378479
0.987366319 0.001614992 0.158446625 2.502777100 -0.001859185 0.999997258 0.001392959 -2.455612421 -0.158443943 -0.001669942 0.987366498 93.100845337
0.985644579 0.001810148 0.168823764 2.613831520 -0.002098572 0.999996603 0.001530023 -2.470437288 -0.168820456 -0.001862348 0.985645056 93.638381958
0.983366907 0.001159904 0.181626588 2.733412743 -0.001466378 0.999997735 0.001553108 -2.484358072 -0.181624398 -0.001793608 0.983366311 94.163642883
0.981138051 0.000228335 0.193308353 2.865979195 -0.000434336 0.999999404 0.001023281 -2.495080233 -0.193308011 -0.001087941 0.981137574 94.701843262
0.978858888 0.001014647 0.204533979 2.981916428 -0.001394169 0.999997497 0.001711455 -2.509970188 -0.204531789 -0.001960428 0.978857934 95.212127686
0.976027369 0.001107501 0.217644945 3.118566513 -0.001487053 0.999997795 0.001580121 -2.523341179 -0.217642695 -0.001865891 0.976026714 95.740417480
0.972966850 0.000020005 0.230944946 3.271306992 -0.000401135 0.999998689 0.001603352 -2.535394192 -0.230944604 -0.001652649 0.972965479 96.260414124
0.970278621 0.000163092 0.241990566 3.421276093 -0.000662965 0.999997914 0.001984250 -2.557750225 -0.241989702 -0.002085707 0.970276594 96.776306152
0.967408121 0.000712202 0.253221214 3.584472656 -0.001194304 0.999997735 0.001750165 -2.587438583 -0.253219426 -0.001995547 0.967406809 97.242301941
0.963511407 0.000218473 0.267667174 3.753356934 -0.000738219 0.999998033 0.001841126 -2.578475237 -0.267666191 -0.001971543 0.963509679 97.824996948
0.960084140 -0.000305840 0.279711157 3.972066879 0.000031345 0.999999523 0.000985822 -2.594467640 -0.279711306 -0.000937705 0.960083663 98.432319641
0.956432104 0.000656923 0.291954190 4.110239029 -0.001056226 0.999998689 0.001210074 -2.589090586 -0.291953027 -0.001465723 0.956431508 98.854896545
0.952420235 -0.001077603 0.304786086 4.309572220 0.000528436 0.999998093 0.001884293 -2.617172956 -0.304787517 -0.001633579 0.952418983 99.374343872
0.947944880 -0.001005481 0.318432927 4.495178223 0.000401646 0.999997973 0.001961922 -2.631764650 -0.318434238 -0.001731897 0.947943389 99.868156433
0.943884552 -0.001449985 0.330272406 4.686527252 0.000916653 0.999998033 0.001770560 -2.638591051 -0.330274254 -0.001368459 0.943884015 100.371704102
0.939030588 -0.001058883 0.343831867 4.896608353 0.000781976 0.999999285 0.000944017 -2.643142939 -0.343832582 -0.000617593 0.939030766 100.898811340
0.933942497 -0.001667810 0.357419491 5.129007339 0.001378805 0.999998450 0.001063407 -2.664455891 -0.357420772 -0.000500349 0.933943331 101.406906128
0.928904653 -0.001640798 0.370315284 5.337713242 0.001124142 0.999998093 0.001610991 -2.682735443 -0.370317221 -0.001080170 0.928904772 101.894836426
0.924364567 -0.003046728 0.381498069 5.561903000 0.002647885 0.999995351 0.001570391 -2.694839239 -0.381501019 -0.000441450 0.924368322 102.381439209
0.918579996 -0.003563034 0.395218998 5.811584473 0.002927692 0.999993265 0.002210652 -2.717893124 -0.395224214 -0.000873582 0.918584228 102.925781250
0.912879705 -0.004046740 0.408208460 6.047454834 0.003819481 0.999991775 0.001371799 -2.715350389 -0.408210695 0.000306857 0.912887692 103.351661682
0.907868385 -0.004530170 0.419230789 6.291770935 0.004337126 0.999989569 0.001413500 -2.729534149 -0.419232845 0.000534984 0.907878518 103.832679749
0.901576340 -0.004387979 0.432597786 6.549747467 0.004126853 0.999990284 0.001542456 -2.746640921 -0.432600349 0.000394625 0.901585758 104.311470032
0.895594180 -0.004962384 0.444844455 6.835697174 0.004467460 0.999987662 0.002160962 -2.776030779 -0.444849670 0.000051979 0.895605206 104.771545410
0.889843345 -0.006543794 0.456219226 7.114345551 0.006231129 0.999978185 0.002189568 -2.792834044 -0.456223607 0.000894389 0.889864683 105.239364624
0.883564889 -0.006172938 0.468268037 7.346519470 0.005848043 0.999980569 0.002147688 -2.795353413 -0.468272209 0.000840830 0.883583844 105.703582764
0.876478434 -0.006341282 0.481399268 7.639141083 0.006356983 0.999978483 0.001598231 -2.801828623 -0.481399029 0.001659432 0.876499951 106.194107056
0.869465947 -0.006568741 0.493949234 7.924030304 0.006306760 0.999977648 0.002196747 -2.830417395 -0.493952632 0.001205223 0.869487882 106.629211426
0.863628745 -0.007220635 0.504076660 8.210514069 0.006731418 0.999973595 0.002791236 -2.836057425 -0.504083455 0.000982559 0.863654375 107.072555542
