1.000000000 0.000000000 0.000000000 0.000000000 0.000000000 1.000000000 0.000000000 0.000000000 0.000000000 0.000000000 1.000000000 0.000000000
1.000000000 0.000049490 -0.000034977 0.000242497 -0.000049485 1.000000000 0.000139457 -0.000366657 0.000034984 -0.000139456 1.000000000 -0.000013723
1.000000000 0.000202737 -0.000115657 0.000961881 -0.000202723 1.000000000 0.000121119 -0.000429316 0.000115682 -0.000121096 1.000000000 -0.000970428
0.999999940 0.000266426 0.000014378 -0.000399026 -0.000266427 0.999999940 0.000108797 -0.000496896 -0.000014349 -0.000108801 1.000000000 0.000488991
1.000000000 0.000082366 -0.000021955 -0.000402766 -0.000082366 1.000000000 -0.000018504 0.000626742 0.000021954 0.000018506 1.000000000 -0.000214794
1.000000000 0.000042719 -0.000014511 -0.000477965 -0.000042718 1.000000000 0.000046345 -0.000284817 0.000014513 -0.000046345 1.000000000 -0.000729232
1.000000000 0.000055975 -0.000017402 0.000717210 -0.000055973 1.000000000 0.000111086 -0.000822457 0.000017408 -0.000111085 1.000000000 -0.001189907
1.000000000 0.000167510 0.000052187 0.000015153 -0.000167517 1.000000000 0.000148057 -0.000379126 -0.000052162 -0.000148066 1.000000000 0.000617229
1.000000000 -0.000070356 0.000136628 -0.000089931 0.000070353 1.000000000 0.000021999 -0.000219090 -0.000136629 -0.000021989 1.000000000 -0.001355981
1.000000000 -0.000071008 0.000001803 0.000796140 0.000071008 1.000000000 0.000108906 0.000136437 -0.000001810 -0.000108906 1.000000000 0.000147066
1.000000000 0.000096864 -0.000004423 0.000349282 -0.000096864 1.000000000 0.000022168 -0.000181513 0.000004425 -0.000022167 1.000000000 -0.001114346
1.000000000 0.000171182 0.000026373 0.000191838 -0.000171181 1.000000000 -0.000057306 0.001497988 -0.000026383 0.000057302 1.000000000 0.001279433
1.000000000 -0.000144673 -0.000032136 0.000533282 0.000144675 1.000000000 0.000059294 0.000225315 0.000032128 -0.000059299 1.000000000 0.000483990
1.000000000 0.000020596 -0.000007460 0.000611709 -0.000020596 1.000000000 0.000073224 -0.000395328 0.000007461 -0.000073224 1.000000000 -0.001388482
1.000000000 -0.000057049 -0.000001759 0.000494287 0.000057049 1.000000000 0.000059773 0.000396632 0.000001755 -0.000059773 1.000000000 0.000498804
1.000000000 -0.000119928 -0.000109645 0.000870003 0.000119940 1.000000000 0.000109344 -0.000612877 0.000109632 -0.000109358 1.000000000 -0.000613287
1.000000000 0.000136799 0.000174544 -0.001091234 -0.000136825 1.000000000 0.000153685 -0.000481610 -0.000174523 -0.000153708 1.000000000 -0.000231621
1.000000000 0.000087045 0.000002983 -0.000033280 -0.000087045 1.000000000 0.000036495 -0.000039216 -0.000002980 -0.000036495 1.000000000 -0.000977487
1.000000000 -0.000078609 0.000097548 -0.000099532 0.000078601 1.000000000 0.000082515 -0.000400596 -0.000097554 -0.000082507 1.000000000 -0.000176896
1.000000000 -0.000035427 -0.000005124 0.000711006 0.000035427 1.000000000 0.000043627 -0.000241566 0.000005122 -0.000043627 1.000000000 -0.000933883
1.000000000 0.000197855 0.000080035 -0.000467659 -0.000197851 1.000000000 -0.000043060 -0.000045272 -0.000080044 0.000043044 1.000000000 -0.001085524
1.000000000 0.000162076 -0.000057201 0.000492346 -0.000162071 1.000000000 0.000095193 -0.000207521 0.000057216 -0.000095184 1.000000000 -0.000562431
1.000000000 -0.000030724 0.000081964 0.000720329 0.000030718 1.000000000 0.000070476 -0.000352748 -0.000081966 -0.000070473 1.000000000 0.000407609
0.999999940 0.000298460 0.000024085 0.000474582 -0.000298464 0.999999940 0.000144470 0.000025373 -0.000024042 -0.000144477 1.000000000 0.000793284
1.000000000 0.000151450 -0.000001161 0.000668197 -0.000151450 1.000000000 -0.000065388 0.000798501 0.000001151 0.000065388 1.000000000 -0.000739776
1.000000000 0.000153085 -0.000020009 0.000699474 -0.000153090 0.999999940 -0.000216730 0.001973262 0.000019976 0.000216733 1.000000000 -0.001372971
1.000000000 0.000130858 -0.000071645 0.000571463 -0.000130858 1.000000000 0.000002564 0.000157824 0.000071645 -0.000002555 1.000000000 -0.001242413
1.000000000 0.000141132 0.000030594 0.000349857 -0.000141139 0.999999940 0.000233516 -0.000207746 -0.000030561 -0.000233521 1.000000000 0.001497590
1.000000000 0.000006038 -0.000016512 0.000156832 -0.000006034 1.000000000 0.000237916 -0.000652245 0.000016513 -0.000237916 1.000000000 0.000741219
1.000000000 -0.000058605 -0.000064291 0.001066519 0.000058615 1.000000000 0.000156631 0.000077802 0.000064282 -0.000156635 1.000000000 0.001604757
1.000000000 0.000098889 0.000047478 -0.000341985 -0.000098898 1.000000000 0.000192202 -0.000676314 -0.000047459 -0.000192207 1.000000000 0.000023596
1.000000000 -0.000081422 -0.000054243 0.000615379 0.000081421 1.000000000 -0.000021005 0.000485715 0.000054245 0.000021001 1.000000000 -0.000693739
1.000000000 -0.000098379 -0.000048067 0.000601609 0.000098380 1.000000000 0.000022267 -0.000072710 0.000048065 -0.000022272 1.000000000 -0.000106004
1.000000000 -0.000039717 0.000016921 0.000380545 0.000039715 1.000000000 0.000110697 -0.000477001 -0.000016926 -0.000110697 1.000000000 -0.000684638
1.000000000 0.000125590 0.000057764 -0.000499046 -0.000125594 1.000000000 0.000056862 -0.000334086 -0.000057757 -0.000056870 1.000000000 -0.000892679
1.000000000 0.000185630 -0.000029983 -0.000280547 -0.000185627 1.000000000 0.000102002 0.000225992 0.000030002 -0.000101997 1.000000000 0.001653404
1.000000000 -0.000157958 -0.000073171 0.001090547 0.000157965 1.000000000 0.000092159 -0.000096513 0.000073157 -0.000092171 1.000000000 0.000372865
1.000000000 0.000087196 0.000027699 -0.000225087 -0.000087202 1.000000000 0.000191601 -0.000338584 -0.000027682 -0.000191604 1.000000000 0.000288363
1.000000000 -0.000144263 -0.000018613 0.001443758 0.000144264 1.000000000 0.000061898 0.000501960 0.000018604 -0.000061901 1.000000000 -0.000370504
1.000000000 -0.000146825 0.000164834 -0.000244143 0.000146828 1.000000000 -0.000019282 0.000574202 -0.000164831 0.000019306 1.000000000 0.001856713
1.000000000 0.000033179 0.000147504 -0.000391836 -0.000033107 0.999999881 -0.000485581 -0.002751233 -0.000147520 0.000485576 0.999999881 0.050557029
1.000000000 0.000231837 -0.000045903 0.001267891 -0.000231891 0.999999285 -0.001180281 -0.004463845 0.000045630 0.001180292 0.999999344 0.137044653
1.000000000 0.000387593 -0.000163187 0.003564354 -0.000387819 0.999998987 -0.001387197 -0.007986205 0.000162649 0.001387260 0.999999046 0.254254580
0.999999940 0.000059180 0.000346445 -0.004981192 -0.000058808 0.999999344 -0.001075396 -0.019133134 -0.000346509 0.001075376 0.999999285 0.380526394
0.999999881 0.000290289 0.000380767 -0.002398746 -0.000289842 0.999999285 -0.001174612 -0.023134153 -0.000381107 0.001174501 0.999999166 0.518921196
0.999999821 -0.000293343 -0.000503054 0.020493360 0.000292569 0.999998748 -0.001537136 -0.020329028 0.000503504 0.001536988 0.999998689 0.679906368
0.999999881 -0.000142223 -0.000350987 0.024632635 0.000141797 0.999999225 -0.001212586 -0.024630295 0.000351159 0.001212536 0.999999225 0.842246890
0.999999881 -0.000344207 0.000092639 0.013682061 0.000344330 0.999999046 -0.001330753 -0.024273964 -0.000092180 0.001330785 0.999999046 1.019852161
1.000000000 -0.000153296 0.000038382 0.016215380 0.000153309 0.999999940 -0.000333505 -0.040432271 -0.000038331 0.000333511 0.999999940 1.186960101
0.999999940 0.000043268 -0.000418977 0.033155534 -0.000043667 0.999999464 -0.000951083 -0.037183005 0.000418936 0.000951101 0.999999404 1.376442313
0.999999940 0.000315745 -0.000236874 0.036250494 -0.000315988 0.999999404 -0.001025049 -0.042100869 0.000236550 0.001025124 0.999999464 1.564917088
0.999999642 0.000687077 0.000311020 0.028906140 -0.000686851 0.999999523 -0.000727299 -0.043773916 -0.000311520 0.000727085 0.999999702 1.766889334
0.999999702 0.000777492 0.000021643 0.033700064 -0.000777476 0.999999404 -0.000747525 -0.049909107 -0.000022225 0.000747508 0.999999702 1.963218808
0.999999642 0.000554358 0.000662922 0.032655872 -0.000554466 0.999999821 0.000163466 -0.065599822 -0.000662832 -0.000163833 0.999999762 2.175971985
0.999999762 0.000287167 0.000613133 0.040002450 -0.000287314 0.999999940 0.000238862 -0.070432447 -0.000613065 -0.000239039 0.999999762 2.394833326
0.999999583 0.000479069 0.000654820 0.047947504 -0.000479146 0.999999821 0.000117335 -0.075969487 -0.000654763 -0.000117649 0.999999762 2.617971659
0.999999583 0.000582562 0.000547639 0.052318089 -0.000582661 0.999999762 0.000180048 -0.081614599 -0.000547534 -0.000180367 0.999999821 2.850139380
0.999999642 0.000526683 0.000557664 0.057718340 -0.000526719 0.999999821 0.000065020 -0.090126991 -0.000557629 -0.000065314 0.999999821 3.071667433
0.999999762 0.000348759 0.000425567 0.065248750 -0.000348953 0.999999940 0.000457463 -0.096802674 -0.000425408 -0.000457612 0.999999821 3.320423603
0.999999762 0.000038356 0.000591931 0.068828478 -0.000038433 0.999999940 0.000130839 -0.103946298 -0.000591926 -0.000130861 0.999999821 3.555352688
0.999999821 -0.000543146 0.000235826 0.073863797 0.000543059 0.999999762 0.000368345 -0.111348622 -0.000236026 -0.000368216 0.999999940 3.807531595
0.999999702 0.000379684 0.000632546 0.078237273 -0.000379666 0.999999881 -0.000029269 -0.116569392 -0.000632557 0.000029029 0.999999821 4.082991123
0.999998868 0.001161317 0.001081937 0.075347051 -0.001161696 0.999999285 0.000349369 -0.125835255 -0.001081531 -0.000350625 0.999999285 4.325360298
0.999998987 0.000849689 0.001174055 0.079748333 -0.000849350 0.999999642 -0.000289383 -0.129298642 -0.001174300 0.000288386 0.999999225 4.578837395
0.999999404 0.000383190 0.000987573 0.090492338 -0.000383368 0.999999881 0.000179180 -0.137224630 -0.000987504 -0.000179559 0.999999523 4.847046375
0.999999106 0.000803884 0.001106915 0.097267255 -0.000804216 0.999999642 0.000299522 -0.143272504 -0.001106674 -0.000300412 0.999999404 5.111675262
0.999999642 0.000512055 0.000679560 0.117934942 -0.000512400 0.999999762 0.000508466 -0.159409806 -0.000679300 -0.000508815 0.999999583 5.359590530
0.999998510 0.001251442 0.001167379 0.118077591 -0.001252183 0.999998987 0.000634734 -0.170153856 -0.001166583 -0.000636195 0.999999106 5.621331215
0.999999285 0.000755819 0.000934406 0.123555370 -0.000756838 0.999999046 0.001090178 -0.179381251 -0.000933581 -0.001090884 0.999998987 5.892962933
0.999998450 0.001065325 0.001376502 0.128623217 -0.001066666 0.999998927 0.000974428 -0.182885468 -0.001375463 -0.000975895 0.999998569 6.164834499
0.999998271 0.001249200 0.001380782 0.133426681 -0.001250495 0.999998808 0.000937529 -0.189566791 -0.001379610 -0.000939254 0.999998629 6.444344997
0.999998927 0.000757007 0.001259208 0.133007124 -0.000758094 0.999999344 0.000863093 -0.206290349 -0.001258554 -0.000864047 0.999998808 6.746065617
0.999998331 0.001056936 0.001504742 0.143775851 -0.001057563 0.999999344 0.000415491 -0.205774233 -0.001504303 -0.000417081 0.999998808 7.047023296
0.999996364 0.002034287 0.001786807 0.146413073 -0.002036336 0.999997199 0.001145962 -0.220584199 -0.001784471 -0.001149596 0.999997735 7.346045017
0.999994576 0.002181850 0.002444955 0.139279380 -0.002184365 0.999997020 0.001026424 -0.237746269 -0.002442708 -0.001031759 0.999996483 7.626307964
0.999995053 0.002052795 0.002388905 0.156163901 -0.002055347 0.999997258 0.001066244 -0.242100060 -0.002386710 -0.001071149 0.999996543 7.952241898
0.999994159 0.002319928 0.002518350 0.151857421 -0.002323748 0.999996126 0.001515122 -0.253959745 -0.002514825 -0.001520965 0.999995708 8.259490967
0.999994516 0.002382156 0.002359151 0.170728043 -0.002383979 0.999996841 0.000769963 -0.255021363 -0.002357309 -0.000775583 0.999996901 8.587963104
0.999995351 0.001371808 0.002698564 0.175638571 -0.001375835 0.999997914 0.001491126 -0.271979034 -0.002696513 -0.001494832 0.999995232 8.928464890
0.999995947 0.001546583 0.002364743 0.182558477 -0.001549214 0.999998212 0.001111283 -0.278170645 -0.002363020 -0.001114942 0.999996543 9.253913879
0.999994993 0.001741574 0.002638822 0.187765703 -0.001741943 0.999998450 0.000137285 -0.275925666 -0.002638579 -0.000141881 0.999996424 9.604797363
0.999995172 0.002251784 0.002135713 0.203170881 -0.002254145 0.999996841 0.001103539 -0.301727325 -0.002133221 -0.001108347 0.999997139 9.937344551
0.999992609 0.002013164 0.003264820 0.194857180 -0.002017443 0.999997079 0.001308023 -0.311154425 -0.003262177 -0.001314600 0.999993801 10.287439346
0.999994576 0.001383872 0.002969535 0.207759202 -0.001388337 0.999997914 0.001502093 -0.326239198 -0.002967450 -0.001506208 0.999994397 10.650751114
0.999992907 0.001865992 0.003252253 0.206909910 -0.001870088 0.999997377 0.001256952 -0.332140535 -0.003249899 -0.001263025 0.999993920 11.015792847
0.999992132 0.001681423 0.003584970 0.223429009 -0.001686978 0.999997377 0.001546885 -0.348280489 -0.003582360 -0.001552921 0.999992371 11.371829033
0.999992728 0.001808703 0.003365320 0.225852281 -0.001814727 0.999996781 0.001788018 -0.357539535 -0.003362074 -0.001794112 0.999992728 11.772679329
0.999994516 0.001107971 0.003112857 0.243414268 -0.001113177 0.999997973 0.001671043 -0.371051013 -0.003110999 -0.001674499 0.999993742 12.137938499
0.999994516 0.000558863 0.003271762 0.256211996 -0.000565184 0.999998093 0.001931320 -0.384356320 -0.003270676 -0.001933158 0.999992788 12.517894745
0.999992788 0.001519459 0.003481809 0.254953921 -0.001526413 0.999996841 0.001995409 -0.394247532 -0.003478767 -0.002000710 0.999991953 12.923365593
0.999991655 0.001664972 0.003733299 0.264995039 -0.001671527 0.999997020 0.001753357 -0.407411933 -0.003730368 -0.001759583 0.999991417 13.329092026
0.999991536 0.001442778 0.003836615 0.272485077 -0.001448294 0.999997914 0.001435277 -0.410580546 -0.003834537 -0.001440821 0.999991536 13.741584778
0.999990821 0.002156187 0.003699129 0.285090268 -0.002162578 0.999996185 0.001724603 -0.420560002 -0.003695398 -0.001732587 0.999991596 14.165790558
0.999987900 0.002393207 0.004301561 0.288859874 -0.002398960 0.999996245 0.001333043 -0.428553313 -0.004298355 -0.001343347 0.999989808 14.581737518
0.999986172 0.002503691 0.004622547 0.300426930 -0.002511286 0.999995530 0.001637741 -0.442975760 -0.004618426 -0.001649327 0.999987900 15.003572464
0.999985218 0.002549978 0.004829640 0.314098775 -0.002558396 0.999995232 0.001737636 -0.458237290 -0.004825186 -0.001749966 0.999986827 15.441678047
0.999981940 0.002802212 0.005320304 0.321296424 -0.002812310 0.999994278 0.001891508 -0.472232372 -0.005314973 -0.001906437 0.999984086 15.880501747
0.999978840 0.002682727 0.005915373 0.328419119 -0.002692362 0.999995053 0.001621443 -0.483561754 -0.005910994 -0.001637335 0.999981165 16.326868057
0.999981940 0.002318842 0.005548286 0.348943174 -0.002329420 0.999995470 0.001900909 -0.497947037 -0.005543854 -0.001913799 0.999982774 16.775226593
0.999975204 0.002929234 0.006404659 0.353963435 -0.002939557 0.999994516 0.001602902 -0.506396949 -0.006399929 -0.001621689 0.999978185 17.239658356
0.999972165 0.002642462 0.006966815 0.363542408 -0.002655752 0.999994695 0.001899018 -0.522500753 -0.006961762 -0.001917467 0.999973953 17.692827225
0.999968708 0.002961283 0.007323714 0.376217961 -0.002979316 0.999992549 0.002452543 -0.539546430 -0.007316397 -0.002474286 0.999970198 18.162954330
0.999974728 0.002162551 0.006771545 0.403641015 -0.002180785 0.999994040 0.002686596 -0.562379360 -0.006765695 -0.002701295 0.999973476 18.607370377
0.999975443 0.002321244 0.006604671 0.416571736 -0.002341514 0.999992549 0.003062920 -0.583019018 -0.006597513 -0.003078310 0.999973476 19.066764832
0.999958754 0.003998743 0.008153658 0.420529425 -0.004017828 0.999989152 0.002325629 -0.582036853 -0.008144273 -0.002358293 0.999964058 19.611223221
0.999967217 0.003117774 0.007476395 0.441623867 -0.003131188 0.999993503 0.001783108 -0.585070491 -0.007470787 -0.001806459 0.999970436 20.109003067
0.999967456 0.002745389 0.007588576 0.450012088 -0.002759042 0.999994576 0.001789433 -0.597882211 -0.007583620 -0.001810312 0.999969542 20.592689514
0.999972045 0.003198671 0.006747326 0.473621130 -0.003215639 0.999991715 0.002505419 -0.618766069 -0.006739255 -0.002527046 0.999974072 21.084291458
0.999975264 0.003204566 0.006252702 0.480965436 -0.003221634 0.999991119 0.002721554 -0.636840761 -0.006243925 -0.002741631 0.999976754 21.572877884
0.999978840 0.003050403 0.005749092 0.499619663 -0.003068007 0.999990642 0.003055811 -0.656047404 -0.005739715 -0.003073384 0.999978781 22.087390900
0.999981999 0.003355154 0.004973570 0.515953302 -0.003366511 0.999991715 0.002276818 -0.654238343 -0.004965891 -0.002293521 0.999984980 22.609445572
0.999982119 0.003146894 0.005068954 0.521221161 -0.003160442 0.999991417 0.002666848 -0.676242709 -0.005060519 -0.002682820 0.999983609 23.120603561
0.999985039 0.003461467 0.004214941 0.532850206 -0.003475338 0.999988556 0.003287999 -0.699401200 -0.004203511 -0.003302599 0.999985635 23.624807358
0.999988198 0.003052135 0.003757792 0.547607243 -0.003061357 0.999992311 0.002450812 -0.709464312 -0.003750283 -0.002462287 0.999989927 24.157932281
0.999990702 0.002845260 0.003244887 0.553009808 -0.002854806 0.999991596 0.002940815 -0.723907173 -0.003236492 -0.002950051 0.999990404 24.687385559
0.999991059 0.003472679 0.002402463 0.569479465 -0.003478335 0.999991179 0.002353912 -0.730772257 -0.002394269 -0.002362248 0.999994278 25.238435745
0.999990940 0.003622042 0.002242630 0.575843871 -0.003627895 0.999989986 0.002610974 -0.745578170 -0.002233150 -0.002619086 0.999994099 25.782264709
0.999990940 0.004000276 0.001487738 0.586184859 -0.004004200 0.999988496 0.002643108 -0.758365691 -0.001477147 -0.002649041 0.999995410 26.337778091
0.999992967 0.003439180 0.001484724 0.600036919 -0.003444779 0.999986887 0.003785373 -0.775374413 -0.001471686 -0.003790461 0.999991715 26.896429062
0.999996603 0.002584691 0.000351004 0.624987781 -0.002585843 0.999991119 0.003321712 -0.792107880 -0.000342415 -0.003322608 0.999994338 27.441555023
0.999992430 0.003887579 0.000264643 0.637941301 -0.003888443 0.999986827 0.003345361 -0.811493278 -0.000251634 -0.003346365 0.999994397 27.980079651
0.999992490 0.003870281 -0.000139231 0.650639594 -0.003869772 0.999986351 0.003486795 -0.826297283 0.000152724 -0.003486231 0.999993861 28.535221100
0.999993265 0.003654893 -0.000288416 0.660306692 -0.003653979 0.999988437 0.003110865 -0.835732281 0.000299783 -0.003109789 0.999995112 29.080078125
0.999991179 0.004150151 -0.000611164 0.667377234 -0.004148350 0.999987125 0.002920160 -0.849938750 0.000623275 -0.002917599 0.999995530 29.628471375
0.999991298 0.004069507 -0.000925380 0.677421808 -0.004066246 0.999985635 0.003499751 -0.863743186 0.000939609 -0.003495958 0.999993443 30.184040070
0.999987483 0.004933173 -0.000836085 0.686737597 -0.004930331 0.999982119 0.003368746 -0.879562497 0.000852689 -0.003364582 0.999993980 30.727565765
0.999987364 0.004894143 -0.001110590 0.697503865 -0.004891058 0.999984205 0.002763147 -0.882408023 0.001124095 -0.002757680 0.999995589 31.282215118
0.999988794 0.004625714 -0.001116584 0.702890456 -0.004622224 0.999984443 0.003109303 -0.898583949 0.001130949 -0.003104107 0.999994516 31.827579498
0.999987066 0.005077539 -0.000367170 0.704521835 -0.005076658 0.999984264 0.002364575 -0.910001516 0.000379170 -0.002362679 0.999997139 32.373500824
0.999986649 0.005039034 -0.001159801 0.717501402 -0.005035673 0.999983191 0.002882820 -0.924977541 0.001174308 -0.002876942 0.999995112 32.914115906
0.999985635 0.005236660 -0.001157698 0.720940053 -0.005233239 0.999981999 0.002939048 -0.941879153 0.001173068 -0.002932947 0.999994993 33.474784851
0.999987841 0.004660702 -0.001587781 0.733354807 -0.004656553 0.999985754 0.002605961 -0.952785492 0.001599904 -0.002598536 0.999995291 34.001132965
0.999988616 0.004436839 -0.001768018 0.741895556 -0.004432192 0.999986649 0.002623759 -0.967154205 0.001779636 -0.002615892 0.999994993 34.531208038
0.999988139 0.004713843 -0.001215879 0.746059000 -0.004711066 0.999986410 0.002275052 -0.984765232 0.001226587 -0.002269297 0.999996662 35.089855194
0.999986708 0.004929898 -0.001517678 0.762269020 -0.004926865 0.999985814 0.001996318 -0.991031170 0.001527498 -0.001988814 0.999996781 35.624610901
0.999989986 0.004346997 -0.001086550 0.761434913 -0.004344712 0.999988377 0.002096477 -1.005533338 0.001095651 -0.002091736 0.999997199 36.177146912
0.999990761 0.003987534 -0.001600573 0.779792547 -0.003982156 0.999986410 0.003349199 -1.038439393 0.001613907 -0.003342794 0.999993086 36.711975098
0.999989629 0.004321859 -0.001435499 0.775873721 -0.004316855 0.999984682 0.003469846 -1.052860737 0.001450473 -0.003463614 0.999992967 37.251537323
0.999983728 0.005315251 -0.002049069 0.804025412 -0.005310419 0.999983132 0.002356086 -1.062155604 0.002061557 -0.002345167 0.999995112 37.778110504
0.999987364 0.004251886 -0.002653533 0.810050368 -0.004244400 0.999987006 0.002820711 -1.074708700 0.002665492 -0.002809413 0.999992490 38.337577820
0.999985039 0.005191866 -0.001681353 0.808433056 -0.005187433 0.999983072 0.002630798 -1.088308096 0.001694984 -0.002622038 0.999995053 38.884792328
0.999986351 0.004859453 -0.001989869 0.817149401 -0.004854915 0.999985635 0.002278995 -1.098187923 0.002000916 -0.002269303 0.999995351 39.416793823
0.999985278 0.004940588 -0.002213471 0.832174659 -0.004934477 0.999984026 0.002757713 -1.119244099 0.002227060 -0.002746750 0.999993742 39.955158234
0.999985397 0.005054860 -0.001882059 0.832527995 -0.005050743 0.999984860 0.002185483 -1.126295805 0.001893078 -0.002175946 0.999995828 40.522293091
0.999983609 0.005300870 -0.002169562 0.844668806 -0.005297569 0.999984801 0.001524222 -1.136968255 0.002177608 -0.001512704 0.999996424 41.067405701
0.999984562 0.004963235 -0.002497880 0.853147328 -0.004957891 0.999985337 0.002141056 -1.156409144 0.002508471 -0.002128639 0.999994576 41.603382111
0.999985635 0.004576653 -0.002784642 0.859866619 -0.004569613 0.999986291 0.002529377 -1.173048139 0.002796180 -0.002516616 0.999992907 42.158252716
0.999985218 0.004064640 -0.003599530 0.878446162 -0.004057618 0.999989867 0.001956104 -1.174585938 0.003607444 -0.001941469 0.999991596 42.709735870
0.999983013 0.004574514 -0.003611582 0.882493377 -0.004567309 0.999987543 0.002000907 -1.182845235 0.003620691 -0.001984378 0.999991417 43.259712219
0.999982715 0.004258632 -0.004076883 0.881114364 -0.004248859 0.999988019 0.002402754 -1.208946705 0.004087068 -0.002385389 0.999988735 43.796073914
0.999988079 0.003720876 -0.003152208 0.883090258 -0.003711200 0.999988317 0.003070138 -1.230625749 0.003163595 -0.003058403 0.999990344 44.333320618
0.999985635 0.004238514 -0.003276203 0.888740003 -0.004228693 0.999986589 0.002999028 -1.241227031 0.003288869 -0.002985131 0.999990165 44.892799377
0.999987364 0.004136841 -0.002846743 0.888260365 -0.004128783 0.999987483 0.002830470 -1.258939266 0.002858418 -0.002818681 0.999991953 45.442108154
0.999986053 0.004517773 -0.002727655 0.903193891 -0.004511517 0.999987185 0.002295001 -1.264279842 0.002737988 -0.002282663 0.999993622 45.965667725
0.999981582 0.005498787 -0.002564734 0.910372913 -0.005493195 0.999982536 0.002182335 -1.279842973 0.002576689 -0.002168206 0.999994338 46.504413605
0.999984145 0.004816016 -0.002915319 0.927589536 -0.004809996 0.999986291 0.002068327 -1.304990888 0.002925240 -0.002054272 0.999993622 47.068473816
0.999985397 0.005046898 -0.001913343 0.920230687 -0.005041637 0.999983549 0.002744040 -1.315626979 0.001927160 -0.002734354 0.999994397 47.626136780
0.999988139 0.004221288 -0.002394291 0.948578000 -0.004214341 0.999986887 0.002899387 -1.331459761 0.002406499 -0.002889263 0.999992907 48.136814117
0.999982715 0.005421931 -0.002255739 0.946940362 -0.005416447 0.999982357 0.002430205 -1.337012887 0.002268876 -0.002417945 0.999994516 48.717765808
0.999985218 0.004747323 -0.002689684 0.965654969 -0.004742371 0.999987066 0.001844509 -1.345632672 0.002698406 -0.001831726 0.999994695 49.259883881
0.999980330 0.005636001 -0.002797222 0.983063042 -0.005633861 0.999983847 0.000772072 -1.345713377 0.002801529 -0.000756297 0.999995768 49.804821014
0.999984026 0.004679970 -0.003165344 0.988366306 -0.004675012 0.999987841 0.001572105 -1.361807108 0.003172663 -0.001557282 0.999993682 50.337779999
0.999984801 0.004823328 -0.002641276 0.993790448 -0.004819781 0.999987483 0.001347522 -1.383731604 0.002647742 -0.001334771 0.999995530 50.874080658
0.999982953 0.005487507 -0.001995886 0.999349058 -0.005485360 0.999984384 0.001079544 -1.395925045 0.002001779 -0.001068578 0.999997437 51.413578033
0.999978065 0.006039660 -0.002701460 1.018614054 -0.006035867 0.999980748 0.001409626 -1.416860342 0.002709921 -0.001393289 0.999995351 51.939186096
0.999980390 0.005627926 -0.002729630 1.028156281 -0.005623866 0.999983072 0.001492663 -1.440369248 0.002737984 -0.001477283 0.999995172 52.487789154
0.999978840 0.005473671 -0.003490700 1.052779078 -0.005467563 0.999983430 0.001756885 -1.459017754 0.003500259 -0.001737762 0.999992371 53.016834259
0.999976337 0.006372844 -0.002594949 1.049074888 -0.006367678 0.999977767 0.001994110 -1.471325278 0.002607600 -0.001977539 0.999994576 53.569019318
0.999976635 0.006292257 -0.002679788 1.061522007 -0.006286538 0.999977946 0.002137115 -1.493339062 0.002693176 -0.002120219 0.999994099 54.099864960
0.999978065 0.005991038 -0.002830689 1.072961450 -0.005984310 0.999979258 0.002379703 -1.505511165 0.002844888 -0.002362711 0.999993086 54.649463654
0.999979138 0.005976647 -0.002441180 1.082947850 -0.005971116 0.999979615 0.002267075 -1.519231081 0.002454680 -0.002252451 0.999994457 55.198890686
0.999976754 0.006434834 -0.002239477 1.092886329 -0.006430062 0.999977052 0.002130973 -1.528981924 0.002253139 -0.002116524 0.999995232 55.752052307
0.999979854 0.006002562 -0.002053286 1.103630424 -0.005998089 0.999979615 0.002177938 -1.545284152 0.002066317 -0.002165579 0.999995470 56.291980743
0.999971628 0.007353517 -0.001617919 1.114525795 -0.007349316 0.999969661 0.002587625 -1.568127513 0.001636898 -0.002575661 0.999995291 56.839244843
0.999971986 0.007259317 -0.001825301 1.128875017 -0.007255435 0.999971390 0.002124988 -1.570618510 0.001840674 -0.002111685 0.999996066 57.405086517
0.999973238 0.007199121 -0.001302604 1.128448725 -0.007196579 0.999972343 0.001945095 -1.582002521 0.001316571 -0.001935669 0.999997258 57.972431183
0.999972224 0.007392194 -0.001059045 1.136058569 -0.007390829 0.999971867 0.001287609 -1.582222223 0.001068533 -0.001279746 0.999998629 58.528629303
0.999976099 0.006857819 -0.001000989 1.147348523 -0.006856046 0.999974966 0.001765703 -1.610785961 0.001013073 -0.001758798 0.999997914 59.047176361
0.999975622 0.006881934 -0.001184298 1.159167051 -0.006880803 0.999975860 0.000955777 -1.615566015 0.001190847 -0.000947604 0.999998868 59.605476379
0.999972641 0.007399379 0.000019106 1.162503958 -0.007399401 0.999971092 0.001766320 -1.640762568 -0.000006036 -0.001766413 0.999998450 60.147296906
0.999969721 0.007766215 0.000308556 1.174383521 -0.007766450 0.999969542 0.000768175 -1.641872168 -0.000302581 -0.000770548 0.999999642 60.712261200
0.999966979 0.008126057 0.000001119 1.190759540 -0.008126055 0.999966681 0.000801060 -1.658225656 0.000005391 -0.000801043 0.999999702 61.269790649
0.999963999 0.008475758 -0.000197367 1.207855105 -0.008475613 0.999963820 0.000718656 -1.673467875 0.000203451 -0.000716957 0.999999702 61.819156647
0.999967456 0.008058297 0.000382913 1.211874485 -0.008058383 0.999967515 0.000223792 -1.674213052 -0.000381097 -0.000226871 0.999999881 62.363681793
0.999966025 0.008237332 -0.000200092 1.234305739 -0.008237255 0.999965966 0.000392516 -1.700565815 0.000203318 -0.000390855 0.999999881 62.909549713
0.999972045 0.007476707 0.000012516 1.242684126 -0.007476713 0.999971986 0.000333617 -1.708869219 -0.000010021 -0.000333701 0.999999881 63.448158264
0.999964356 0.008435602 0.000199018 1.246511817 -0.008435651 0.999964356 0.000244969 -1.726431251 -0.000196944 -0.000246640 0.999999940 64.000213623
0.999967337 0.008070446 -0.000198528 1.259359479 -0.008070310 0.999967158 0.000678265 -1.747707844 0.000203996 -0.000676640 0.999999762 64.547386169
0.999967456 0.008062287 -0.000350118 1.273764610 -0.008062017 0.999967217 0.000766668 -1.763635397 0.000356288 -0.000763820 0.999999642 65.081375122
0.999967277 0.008088144 0.000284621 1.283877611 -0.008088362 0.999966919 0.000771626 -1.780864477 -0.000278371 -0.000773903 0.999999642 65.628952026
0.999968886 0.007884759 0.000007258 1.293636799 -0.007884760 0.999968886 0.000592304 -1.788989067 -0.000002587 -0.000592343 0.999999762 66.186843872
0.999966502 0.008173899 0.000114977 1.297103047 -0.008173909 0.999966562 0.000078738 -1.802559614 -0.000114329 -0.000079675 1.000000000 66.719131470
0.999960542 0.008869746 0.000499126 1.311874747 -0.008870029 0.999960482 0.000568054 -1.817732334 -0.000494068 -0.000572459 0.999999702 67.266204834
0.999961793 0.008745655 0.000336053 1.323421717 -0.008745669 0.999961674 0.000027124 -1.831782699 -0.000335803 -0.000030062 0.999999881 67.822677612
0.999954939 0.009456160 0.000821912 1.325912118 -0.009456389 0.999955177 0.000274906 -1.853230834 -0.000819276 -0.000282666 0.999999642 68.369613647
0.999956012 0.009333921 0.000866567 1.339193225 -0.009334066 0.999956369 0.000164634 -1.871206999 -0.000864993 -0.000172715 0.999999583 68.911788940
0.999958456 0.009096930 0.000619937 1.352638721 -0.009097314 0.999958456 0.000616894 -1.890622258 -0.000614300 -0.000622508 0.999999642 69.464927673
0.999956310 0.009300035 0.000865865 1.362985253 -0.009300598 0.999956548 0.000647514 -1.904427171 -0.000859805 -0.000655539 0.999999404 70.009017944
0.999962330 0.008608123 0.001093084 1.367265821 -0.008608781 0.999962747 0.000599932 -1.920557380 -0.001087879 -0.000609320 0.999999166 70.560112000
0.999956071 0.009244569 0.001564373 1.378180265 -0.009244521 0.999957263 -0.000037922 -1.928762436 -0.001564656 0.000023459 0.999998748 71.097747803
0.999953508 0.009480874 0.001773925 1.389919996 -0.009480124 0.999954998 -0.000430468 -1.944522023 -0.001777926 0.000413631 0.999998331 71.642616272
0.999949634 0.009840263 0.001975167 1.400209188 -0.009839265 0.999951422 -0.000515442 -1.956616163 -0.001980144 0.000495982 0.999997914 72.203002930
0.999945462 0.010305490 0.001677831 1.417722344 -0.010304934 0.999946833 -0.000339841 -1.979393840 -0.001681244 0.000322533 0.999998510 72.748962402
0.999956012 0.009223666 0.001654618 1.433018088 -0.009224384 0.999957383 0.000427188 -1.999946952 -0.001650607 -0.000442433 0.999998569 73.291542053
0.999954224 0.009302945 0.002225313 1.439847589 -0.009301584 0.999956548 -0.000619945 -2.006899357 -0.002230984 0.000599217 0.999997318 73.844909668
0.999948740 0.009918239 0.002007354 1.453596473 -0.009917627 0.999950767 -0.000313260 -2.030096531 -0.002010362 0.000293335 0.999997914 74.389900208
0.999955833 0.009191160 0.001959727 1.468575001 -0.009190531 0.999957740 -0.000329668 -2.042300463 -0.001962674 0.000311643 0.999998033 74.924156189
0.999957681 0.008985123 0.001942224 1.477647305 -0.008984181 0.999959648 -0.000492051 -2.058530092 -0.001946567 0.000474581 0.999997973 75.464920044
0.999959409 0.008893548 0.001444662 1.494463444 -0.008892608 0.999960244 -0.000655638 -2.072310448 -0.001450436 0.000642765 0.999998748 76.006835938
0.999962211 0.008605792 0.001216614 1.513459563 -0.008604032 0.999961913 -0.001444770 -2.081330061 -0.001229001 0.001434248 0.999998212 76.571327209
0.999956012 0.009254415 0.001516208 1.522459269 -0.009251909 0.999955833 -0.001652301 -2.097418070 -0.001531432 0.001638200 0.999997437 77.122268677
0.999948084 0.010036486 0.001762158 1.531537175 -0.010033743 0.999948442 -0.001557805 -2.108454466 -0.001777702 0.001540043 0.999997258 77.673278809
0.999960601 0.008856205 0.000562006 1.544411063 -0.008855077 0.999958813 -0.001977837 -2.124761820 -0.000579499 0.001972783 0.999997854 78.173469543
0.999958336 0.009069888 0.001032185 1.560366392 -0.009068152 0.999957502 -0.001674295 -2.146769285 -0.001047327 0.001664865 0.999998093 78.720336914
0.999956071 0.009273148 0.001351951 1.572061658 -0.009270973 0.999955714 -0.001606284 -2.160890102 -0.001366786 0.001593679 0.999997735 79.267150879
0.999956965 0.009232444 0.000938639 1.587400436 -0.009230474 0.999955237 -0.002083351 -2.175555706 -0.000957831 0.002074597 0.999997377 79.815475464
0.999959171 0.008987666 0.001081820 1.597027898 -0.008984691 0.999955833 -0.002726862 -2.187923193 -0.001106281 0.002717030 0.999995708 80.366233826
0.999954462 0.009086581 0.002910199 1.605441689 -0.009080213 0.999956369 -0.002193078 -2.207222939 -0.002930000 0.002166552 0.999993384 80.907447815
0.999952734 0.009169050 0.003241321 1.628489256 -0.009162717 0.999956071 -0.001963190 -2.231015444 -0.003259179 0.001933398 0.999992847 81.439697266
0.999934256 0.010521591 0.004553223 1.649382830 -0.010517470 0.999944210 -0.000928335 -2.255553007 -0.004562737 0.000880385 0.999989212 81.984649658
0.999938190 0.009884665 0.005087447 1.669943929 -0.009872494 0.999948382 -0.002411818 -2.256587744 -0.005111024 0.002361444 0.999984145 82.559432983
0.999907732 0.010327838 0.008811547 1.686016560 -0.010309323 0.999944568 -0.002144244 -2.275912285 -0.008833206 0.002053205 0.999958813 83.098876953
0.999889135 0.009112777 0.011774695 1.717427015 -0.009084397 0.999955714 -0.002461552 -2.289379835 -0.011796605 0.002354314 0.999927640 83.641990662
0.999842346 0.009382048 0.015076377 1.736804485 -0.009330422 0.999950469 -0.003491039 -2.295537710 -0.015108380 0.003349820 0.999880195 84.189720154
0.999751270 0.010029918 0.019919254 1.759604454 -0.009969180 0.999945343 -0.003146154 -2.315003872 -0.019949723 0.002946792 0.999796569 84.718315125
0.999606311 0.010153358 0.026156737 1.791181326 -0.010087041 0.999945581 -0.002665973 -2.336961269 -0.026182381 0.002401080 0.999654293 85.254692078
0.999451756 0.010112162 0.031526722 1.826014400 -0.010028103 0.999945700 -0.002823276 -2.356436014 -0.031553559 0.002505574 0.999498844 85.796989441
0.999259949 0.010240506 0.037076097 1.864294767 -0.010134014 0.999943972 -0.003059047 -2.373742819 -0.037105341 0.002681054 0.999307692 86.334609985
0.998921812 0.009907964 0.045354813 1.901254654 -0.009775028 0.999947250 -0.003151892 -2.384774208 -0.045383651 0.002705149 0.998965979 86.890533447
0.998479426 0.010449648 0.054126319 1.945057631 -0.010297813 0.999942243 -0.003083352 -2.403655529 -0.054155413 0.002521281 0.998529315 87.437431335
0.998112559 0.009956392 0.060597222 1.996442080 -0.009742931 0.999945343 -0.003817073 -2.409934759 -0.060631905 0.003219474 0.998154998 87.980384827
0.997481704 0.010394199 0.070158377 2.045008659 -0.010135872 0.999940455 -0.004037077 -2.428054333 -0.070196189 0.003315793 0.997527659 88.515716553
0.996721864 0.010293263 0.080246665 2.110089779 -0.010016603 0.999942422 -0.003849407 -2.443288326 -0.080281675 0.003032989 0.996767521 89.054664612
0.995981574 0.009840806 0.089015402 2.173142433 -0.009498914 0.999945819 -0.004263624 -2.458363056 -0.089052521 0.003400942 0.996021092 89.595176697
0.995228708 0.009159782 0.097138613 2.234945297 -0.008683756 0.999948084 -0.005322135 -2.462732792 -0.097182311 0.004453213 0.995256662 90.147415161
0.994086564 0.009535710 0.108171962 2.310853958 -0.009066467 0.999947190 -0.004828942 -2.484507799 -0.108212300 0.003819649 0.994120479 90.657791138
0.992867231 0.009392494 0.118854254 2.389733315 -0.008847242 0.999947727 -0.005114386 -2.500640631 -0.118896075 0.004026373 0.992898524 91.213409424
0.991724312 0.009281111 0.128049910 2.476175308 -0.008716458 0.999949634 -0.004969304 -2.521508455 -0.128089592 0.003812038 0.991755247 91.757797241
0.990289390 0.008846184 0.138739765 2.579421043 -0.008233615 0.999953628 -0.004988570 -2.538109541 -0.138777480 0.003797797 0.990316272 92.305023193
0.988508224 0.009306541 0.150880501 2.673671722 -0.008645847 0.999949932 -0.005034356 -2.558474779 -0.150919795 0.003672013 0.988539159 92.826927185
0.986774325 0.008861058 0.161857754 2.789056778 -0.008175855 0.999954581 -0.004898939 -2.577737808 -0.161893800 0.003510821 0.986801922 93.359306335
0.984995723 0.008099225 0.172388718 2.905096054 -0.007265141 0.999958634 -0.005468789 -2.586241007 -0.172425851 0.004134304 0.985013843 93.907188416
0.982665181 0.008544880 0.185192019 3.027416229 -0.007829851 0.999958813 -0.004592021 -2.616210461 -0.185223624 0.003062394 0.982691646 94.437164307
0.980184436 0.008017506 0.197924286 3.156984329 -0.007185920 0.999962091 -0.004919428 -2.630177498 -0.197956204 0.003399679 0.980204940 94.965583801
0.978008151 0.007806921 0.208420515 3.279947281 -0.006869725 0.999962747 -0.005220133 -2.636575699 -0.208453521 0.003673542 0.978025377 95.487098694
0.975143969 0.007740641 0.221437484 3.421129227 -0.006739855 0.999963403 -0.005274754 -2.663151026 -0.221470237 0.003651188 0.975160301 96.015586853
0.971992552 0.007554026 0.234890208 3.572336197 -0.006279345 0.999961197 -0.006174191 -2.666193485 -0.234927729 0.004526311 0.972002327 96.544013977
0.969144464 0.007497453 0.246379316 3.714317322 -0.006324849 0.999964535 -0.005550364 -2.696470737 -0.246412218 0.003820792 0.969157636 97.055114746
0.966342926 0.006412413 0.257177502 3.907299042 -0.005039138 0.999969304 -0.005998506 -2.708771229 -0.257208139 0.004500659 0.966345549 97.587173462
0.962339997 0.007731257 0.271738499 4.064842224 -0.006447709 0.999963462 -0.005616009 -2.718655109 -0.271771967 0.003652419 0.962354660 98.112075806
0.958698690 0.007496207 0.284324914 4.238174438 -0.005956609 0.999962568 -0.006279202 -2.736912966 -0.284361333 0.004326250 0.958707392 98.632904053
0.955273449 0.007186939 0.295636505 4.428249359 -0.005447645 0.999962687 -0.006706481 -2.740590572 -0.295673698 0.004796000 0.955276906 99.183319092
0.950824380 0.006740354 0.309657127 4.606664658 -0.004866841 0.999964833 -0.006822409 -2.758459568 -0.309692293 0.004979861 0.950823784 99.688903809
0.946488321 0.006705290 0.322668433 4.814424515 -0.004882214 0.999967158 -0.006458991 -2.775186539 -0.322701216 0.004538022 0.946489990 100.186584473
0.942415178 0.006509606 0.334381700 5.010393143 -0.004674798 0.999969244 -0.006291627 -2.799191475 -0.334412426 0.004366158 0.942416728 100.686706543
0.937647104 0.006740515 0.347523093 5.223546982 -0.004578914 0.999964774 -0.007040884 -2.814283133 -0.347558379 0.005010587 0.937644958 101.208511353
0.932413459 0.005574214 0.361350268 5.442220688 -0.003333585 0.999971092 -0.006823777 -2.833398819 -0.361377895 0.005157990 0.932405174 101.698799133
0.927547753 0.005799524 0.373659521 5.659864426 -0.003499726 0.999970675 -0.006832932 -2.856763601 -0.373688251 0.005030164 0.927540720 102.195838928
0.922792971 0.004649728 0.385268062 5.887462616 -0.002246589 0.999975085 -0.006687488 -2.872194529 -0.385289609 0.005305627 0.922780454 102.693901062
0.916631460 0.005008303 0.399701953 6.112071991 -0.002355269 0.999971807 -0.007128434 -2.882388592 -0.399726391 0.005592741 0.916617453 103.188507080
0.911039770 0.004647008 0.412292302 6.356864929 -0.002030424 0.999974906 -0.006784252 -2.905714035 -0.412313432 0.005343595 0.911026359 103.650337219
0.905879378 0.004189448 0.423515022 6.598453522 -0.001128075 0.999971390 -0.007478906 -2.917476892 -0.423534244 0.006297228 0.905858219 104.131111145
0.899717510 0.004035924 0.436454058 6.850322723 -0.001270546 0.999977231 -0.006627729 -2.946736813 -0.436470926 0.005408547 0.899702132 104.598655701
0.892866611 0.003488133 0.450307697 7.116901398 -0.000466331 0.999976635 -0.006821295 -2.966141224 -0.450320959 0.005880514 0.892847359 105.085494995
0.887017488 0.003209388 0.461724758 7.392425537 -0.000231688 0.999978781 -0.006505626 -2.989323616 -0.461735785 0.005663628 0.886999428 105.533195496
0.881241560 0.003304322 0.472654700 7.666240692 0.000137975 0.999973714 -0.007248051 -2.998168945 -0.472666174 0.006452498 0.881217897 106.022537231
0.874375284 0.001954159 0.485246211 7.951065063 0.001402779 0.999977529 -0.006554756 -3.020982027 -0.485248059 0.006412010 0.874353111 106.458389282
0.867167771 0.001233992 0.498014569 8.242969513 0.002533664 0.999973059 -0.006889497 -3.039272308 -0.498009652 0.007236151 0.867141306 106.913101196
