1.000000000 0.000000000 0.000000000 0.000000000 0.000000000 1.000000000 0.000000000 0.000000000 0.000000000 0.000000000 1.000000000 0.000000000
1.000000000 0.000045694 0.000047372 0.000333233 -0.000045698 1.000000000 0.000084410 0.000112351 -0.000047368 -0.000084412 1.000000000 0.000177524
1.000000000 0.000082547 0.000120096 0.000402922 -0.000082555 1.000000000 0.000063512 0.000422148 -0.000120091 -0.000063522 1.000000000 0.000376845
1.000000000 -0.000165430 0.000029498 0.000853880 0.000165430 1.000000000 -0.000000368 0.000475940 -0.000029498 0.000000373 1.000000000 0.000120804
1.000000000 0.000010454 0.000100983 -0.001492882 -0.000010462 1.000000000 0.000083722 -0.000347093 -0.000100982 -0.000083723 1.000000000 -0.001394294
1.000000000 0.000131407 0.000096877 -0.001319749 -0.000131406 1.000000000 -0.000012685 -0.000416666 -0.000096879 0.000012672 1.000000000 -0.000145531
1.000000000 0.000073420 0.000137510 -0.000830218 -0.000073425 1.000000000 0.000034534 -0.000292919 -0.000137508 -0.000034544 1.000000000 -0.000786792
1.000000000 0.000107574 0.000043798 -0.001204737 -0.000107580 1.000000000 0.000148632 -0.000440520 -0.000043782 -0.000148636 1.000000000 0.000120164
1.000000000 0.000198014 0.000097625 -0.001213025 -0.000198034 0.999999940 0.000204733 -0.001335875 -0.000097585 -0.000204752 1.000000000 0.000072948
0.999999940 0.000337025 0.000086613 -0.001118232 -0.000337030 0.999999940 0.000062564 -0.000131277 -0.000086591 -0.000062593 1.000000000 0.000194762
1.000000000 -0.000052996 0.000105501 -0.000593515 0.000052987 1.000000000 0.000085077 -0.000778059 -0.000105506 -0.000085072 1.000000000 -0.000023306
1.000000000 0.000179744 0.000111422 -0.001334806 -0.000179733 1.000000000 -0.000093550 0.001644696 -0.000111438 0.000093530 1.000000000 0.000939809
1.000000000 0.000129810 0.000089995 -0.001191826 -0.000129808 1.000000000 -0.000022796 0.001455617 -0.000089998 0.000022784 1.000000000 0.000409892
1.000000000 0.000090616 0.000168055 -0.001535267 -0.000090607 1.000000000 -0.000051443 0.001586435 -0.000168060 0.000051427 1.000000000 0.000904641
0.999999940 0.000258253 0.000120594 -0.001699068 -0.000258238 0.999999940 -0.000117703 0.001790805 -0.000120624 0.000117672 1.000000000 0.000464387
0.999999940 0.000249536 0.000138653 -0.001181729 -0.000249540 0.999999940 0.000029883 0.001691178 -0.000138645 -0.000029918 1.000000000 0.002142199
0.999999940 0.000333200 0.000212039 -0.001915441 -0.000333202 0.999999940 0.000008141 0.001044044 -0.000212036 -0.000008212 1.000000000 0.000095089
0.999999940 0.000222883 0.000219391 -0.002283792 -0.000222901 1.000000000 0.000080504 0.000497003 -0.000219373 -0.000080552 1.000000000 -0.000206403
0.999999940 0.000262848 0.000148115 -0.002463050 -0.000262855 0.999999940 0.000045862 0.001030051 -0.000148103 -0.000045901 1.000000000 0.000605738
0.999999940 0.000222931 0.000152681 -0.001860120 -0.000222928 1.000000000 -0.000013758 0.001699107 -0.000152685 0.000013724 1.000000000 0.001894502
0.999999940 0.000212953 0.000153980 -0.002357471 -0.000212975 0.999999940 0.000138068 0.000343506 -0.000153950 -0.000138101 1.000000000 0.000367985
0.999999881 0.000459050 0.000223471 -0.002854499 -0.000459054 0.999999881 0.000016914 0.001626390 -0.000223463 -0.000017017 1.000000000 0.002421142
0.999999940 0.000289003 0.000259546 -0.002328114 -0.000289003 0.999999940 0.000000694 0.001798021 -0.000259546 -0.000000769 0.999999940 0.002698906
0.999999940 0.000268624 0.000239954 -0.003094529 -0.000268617 0.999999940 -0.000029137 0.002504457 -0.000239962 0.000029073 1.000000000 0.003238964
1.000000000 0.000145511 0.000178427 -0.001932915 -0.000145502 1.000000000 -0.000050677 0.002480380 -0.000178434 0.000050651 1.000000000 0.002421411
0.999999940 0.000218918 0.000124065 -0.003524107 -0.000218918 1.000000000 0.000001099 0.001140647 -0.000124065 -0.000001126 1.000000000 0.000107810
1.000000000 0.000192545 0.000143211 -0.002181310 -0.000192559 1.000000000 0.000102591 0.000619604 -0.000143191 -0.000102619 1.000000000 0.000825561
0.999999940 0.000176131 0.000222971 -0.001640259 -0.000176142 1.000000000 0.000045646 0.001800842 -0.000222963 -0.000045686 1.000000000 0.003008752
0.999999940 0.000215090 0.000183450 -0.002028739 -0.000215092 1.000000000 0.000008429 0.001070911 -0.000183448 -0.000008468 1.000000000 0.001031275
0.999999940 0.000333669 0.000217694 -0.002930783 -0.000333659 0.999999940 -0.000044825 0.001861649 -0.000217709 0.000044752 1.000000000 0.002109499
0.999999821 0.000515817 0.000326609 -0.002792791 -0.000515844 0.999999881 0.000081220 0.000425351 -0.000326567 -0.000081388 0.999999940 0.000747225
0.999999881 0.000389124 0.000195697 -0.002818968 -0.000389132 0.999999940 0.000039992 -0.000336930 -0.000195681 -0.000040068 1.000000000 0.000397500
0.999999940 0.000349182 0.000224447 -0.002521101 -0.000349173 0.999999940 -0.000040063 0.000640157 -0.000224461 0.000039985 1.000000000 0.002714609
0.999999940 0.000281978 0.000182389 -0.003285333 -0.000282008 0.999999940 0.000162978 -0.000608034 -0.000182343 -0.000163029 0.999999940 0.000336958
0.999999940 0.000180780 0.000205983 -0.002347985 -0.000180788 1.000000000 0.000038756 0.001238532 -0.000205976 -0.000038793 1.000000000 0.001338511
0.999999881 0.000328915 0.000292817 -0.003555889 -0.000328935 0.999999940 0.000070037 0.000496319 -0.000292794 -0.000070134 0.999999940 0.000761692
0.999999940 0.000208860 0.000158909 -0.000965993 -0.000208874 1.000000000 0.000089412 0.000885078 -0.000158890 -0.000089445 1.000000000 0.001186425
0.999999940 0.000236287 0.000182457 -0.002622098 -0.000236263 0.999999940 -0.000134415 0.001933796 -0.000182489 0.000134372 1.000000000 0.002080812
0.999999881 0.000320167 0.000325839 -0.003728601 -0.000319991 0.999999821 -0.000539032 -0.002227944 -0.000326012 0.000538928 0.999999821 0.046078283
1.000000000 0.000104649 0.000188117 0.000367737 -0.000104458 0.999999464 -0.001013463 -0.006438277 -0.000188223 0.001013443 0.999999464 0.134590879
0.999995649 0.002626320 0.001334685 -0.015332805 -0.002624706 0.999995828 -0.001209638 -0.014018198 -0.001337857 0.001206129 0.999998391 0.254199833
0.999994874 0.002851031 0.001443162 -0.013673628 -0.002849524 0.999995351 -0.001045379 -0.017624453 -0.001446135 0.001041261 0.999998391 0.385578156
0.999995768 0.002692821 0.001112448 -0.008569219 -0.002691971 0.999996066 -0.000764649 -0.022801137 -0.001114503 0.000761651 0.999999106 0.532083035
0.999996722 0.002211058 0.001222892 -0.005157263 -0.002210729 0.999997497 -0.000270099 -0.032882687 -0.001223486 0.000267395 0.999999166 0.681611180
0.999996424 0.002323990 0.001305576 -0.000874504 -0.002324077 0.999997318 0.000065349 -0.036990903 -0.001305420 -0.000068383 0.999999166 0.841421068
0.999996483 0.002243136 0.001408373 0.000171116 -0.002243611 0.999997437 0.000336401 -0.042108141 -0.001407615 -0.000339560 0.999998987 1.014569998
0.999996245 0.002406974 0.001304340 0.004756104 -0.002407257 0.999997079 0.000216054 -0.043228012 -0.001303816 -0.000219193 0.999999166 1.196152806
0.999994516 0.002857295 0.001646428 0.004620040 -0.002857573 0.999995828 0.000166413 -0.048489850 -0.001645946 -0.000171117 0.999998629 1.376441360
0.999995291 0.002785359 0.001286996 0.012072264 -0.002785801 0.999996006 0.000341535 -0.053597365 -0.001286040 -0.000345118 0.999999106 1.571134806
0.999996543 0.002261734 0.001384603 0.017721063 -0.002261942 0.999997437 0.000148221 -0.055416904 -0.001384264 -0.000151352 0.999999046 1.773043275
0.999994040 0.002971956 0.001749211 0.017181532 -0.002972855 0.999995410 0.000511163 -0.063496999 -0.001747684 -0.000516360 0.999998331 1.961089373
0.999996483 0.002212190 0.001466949 0.024553284 -0.002212866 0.999997497 0.000459553 -0.070659786 -0.001465928 -0.000462797 0.999998808 2.170719862
0.999996066 0.002239718 0.001673975 0.031025559 -0.002240923 0.999997318 0.000718370 -0.076102234 -0.001672361 -0.000722118 0.999998271 2.393000126
0.999993980 0.002940978 0.001838500 0.031128693 -0.002941610 0.999995589 0.000341097 -0.083009318 -0.001837489 -0.000346503 0.999998271 2.608447075
0.999994636 0.002753991 0.001747645 0.037956327 -0.002754831 0.999996066 0.000478601 -0.090718754 -0.001746320 -0.000483413 0.999998331 2.841027975
0.999993086 0.003035804 0.002131238 0.039195750 -0.003037205 0.999995172 0.000654362 -0.096308932 -0.002129242 -0.000660831 0.999997497 3.077145576
0.999992013 0.003446565 0.002025052 0.043683589 -0.003448295 0.999993742 0.000851449 -0.103035845 -0.002022105 -0.000858426 0.999997616 3.330586433
0.999993980 0.002725419 0.002158416 0.047293335 -0.002726873 0.999996066 0.000671260 -0.113135219 -0.002156578 -0.000677142 0.999997437 3.580327511
0.999991715 0.003404245 0.002244500 0.049824178 -0.003405976 0.999993920 0.000767930 -0.121159591 -0.002241872 -0.000775568 0.999997199 3.835973263
0.999991000 0.003519568 0.002378158 0.057432570 -0.003521187 0.999993622 0.000677040 -0.121417120 -0.002375760 -0.000685408 0.999996960 4.104106903
0.999992430 0.002935586 0.002539389 0.067236289 -0.002937082 0.999995530 0.000585610 -0.128461108 -0.002537658 -0.000593063 0.999996603 4.362319469
0.999991238 0.003316083 0.002551931 0.068075836 -0.003318051 0.999994218 0.000767508 -0.140967980 -0.002549372 -0.000775968 0.999996424 4.610719204
0.999988735 0.003802347 0.002825842 0.072237931 -0.003804634 0.999992490 0.000804337 -0.146374568 -0.002822762 -0.000815079 0.999995649 4.873075962
0.999989629 0.003818220 0.002490657 0.080875501 -0.003820467 0.999992311 0.000898026 -0.153501153 -0.002487209 -0.000907533 0.999996424 5.136103153
0.999988317 0.003868287 0.002914429 0.083406672 -0.003870133 0.999992311 0.000627991 -0.159072727 -0.002911978 -0.000639262 0.999995530 5.401972771
0.999988556 0.003759171 0.002940043 0.087807968 -0.003761746 0.999992490 0.000870809 -0.167977229 -0.002936747 -0.000881859 0.999995291 5.677061558
0.999989510 0.003560100 0.002897438 0.091927208 -0.003562050 0.999993503 0.000668058 -0.175391287 -0.002895041 -0.000678372 0.999995530 5.946717739
0.999983549 0.004597936 0.003430086 0.091870695 -0.004600736 0.999989092 0.000808785 -0.183278590 -0.003426330 -0.000824553 0.999993801 6.232745171
0.999988377 0.003768292 0.003008886 0.105716437 -0.003771189 0.999992430 0.000957767 -0.188751563 -0.003005255 -0.000969102 0.999994993 6.532498360
0.999987483 0.004044311 0.002962351 0.111330710 -0.004045816 0.999991715 0.000502198 -0.192981943 -0.002960295 -0.000514177 0.999995530 6.825507164
0.999985933 0.004338195 0.003051347 0.112453565 -0.004339914 0.999990404 0.000556878 -0.201593190 -0.003048902 -0.000570113 0.999995172 7.115919590
0.999988317 0.003908523 0.002842613 0.121573791 -0.003911332 0.999991834 0.000983060 -0.211237729 -0.002838748 -0.000994167 0.999995470 7.418484211
0.999988377 0.003672921 0.003128692 0.127415374 -0.003676858 0.999992371 0.001253538 -0.227078319 -0.003124065 -0.001265027 0.999994278 7.705366135
0.999986589 0.004122698 0.003148312 0.136538506 -0.004125603 0.999991059 0.000916889 -0.233589947 -0.003144505 -0.000929865 0.999994576 8.049730301
0.999983609 0.004424300 0.003631938 0.135218993 -0.004428023 0.999989688 0.001017771 -0.246105984 -0.003627397 -0.001033837 0.999992907 8.356490135
0.999986231 0.004031250 0.003348239 0.145730972 -0.004034257 0.999991417 0.000891950 -0.253052950 -0.003344614 -0.000905446 0.999993980 8.684694290
0.999983132 0.004257477 0.003943211 0.147644475 -0.004261801 0.999990344 0.001088590 -0.260548621 -0.003938538 -0.001105377 0.999991655 9.028028488
0.999981105 0.004694122 0.003967217 0.155853376 -0.004698724 0.999988317 0.001151393 -0.277126223 -0.003961766 -0.001170012 0.999991417 9.359284401
0.999980390 0.004875487 0.003931039 0.158478409 -0.004879163 0.999987662 0.000925991 -0.287300706 -0.003926476 -0.000945153 0.999991834 9.691101074
0.999981225 0.004938686 0.003649221 0.171134651 -0.004942983 0.999987066 0.001169307 -0.296246141 -0.003643400 -0.001187323 0.999992669 10.051579475
0.999982655 0.004531153 0.003764838 0.176726282 -0.004536110 0.999988794 0.001309106 -0.307595164 -0.003758865 -0.001326161 0.999992073 10.409680367
0.999982595 0.004577992 0.003722252 0.189600170 -0.004582361 0.999988735 0.001165538 -0.316594362 -0.003716874 -0.001182574 0.999992371 10.770492554
0.999984562 0.004115900 0.003722204 0.198695362 -0.004120535 0.999990761 0.001238095 -0.322434694 -0.003717073 -0.001253413 0.999992251 11.148863792
0.999985456 0.003791759 0.003833032 0.208691373 -0.003797616 0.999991596 0.001521725 -0.338139266 -0.003827230 -0.001536259 0.999991417 11.518967628
0.999980390 0.004794091 0.004007418 0.213739350 -0.004798134 0.999987900 0.001000024 -0.341985792 -0.004002576 -0.001019232 0.999991477 11.900417328
0.999979675 0.004961579 0.003973240 0.224465057 -0.004967286 0.999986529 0.001427869 -0.356548220 -0.003966103 -0.001447576 0.999991059 12.288371086
0.999979436 0.004586161 0.004480236 0.237254217 -0.004594893 0.999987543 0.001940761 -0.374741971 -0.004471280 -0.001961308 0.999988079 12.674699783
0.999978125 0.005015209 0.004307588 0.248157561 -0.005022471 0.999985933 0.001676836 -0.384859949 -0.004299118 -0.001698434 0.999989271 13.063818932
0.999978781 0.004655915 0.004553050 0.250081301 -0.004662978 0.999987960 0.001541950 -0.397558808 -0.004545816 -0.001563148 0.999988437 13.480675697
0.999974489 0.005349901 0.004741141 0.259445906 -0.005356694 0.999984622 0.001421265 -0.407070875 -0.004733465 -0.001446626 0.999987781 13.894127846
0.999972582 0.005565898 0.004877703 0.268182933 -0.005575322 0.999982536 0.001920600 -0.418019503 -0.004866929 -0.001947743 0.999986231 14.322315216
0.999973714 0.005093291 0.005169248 0.279881865 -0.005101649 0.999985635 0.001604658 -0.431746393 -0.005161001 -0.001630988 0.999985278 14.741523743
0.999970973 0.005296963 0.005477224 0.294312388 -0.005303886 0.999985099 0.001250343 -0.435485482 -0.005470520 -0.001279357 0.999984205 15.186250687
0.999971271 0.004827697 0.005847571 0.298209220 -0.004838933 0.999986470 0.001908815 -0.455891252 -0.005838277 -0.001937056 0.999981105 15.617446899
0.999968588 0.005163371 0.006020883 0.308184296 -0.005176128 0.999984384 0.002105217 -0.467007816 -0.006009919 -0.002136316 0.999979675 16.064149857
0.999956489 0.006366677 0.006816529 0.319759607 -0.006383236 0.999976814 0.002410114 -0.484219790 -0.006801027 -0.002453521 0.999973953 16.490680695
0.999961376 0.005219290 0.007071630 0.327107191 -0.005231481 0.999984860 0.001706672 -0.493392646 -0.007062615 -0.001743602 0.999973476 16.970884323
0.999954224 0.006178298 0.007306724 0.339063168 -0.006192344 0.999978960 0.001901286 -0.509120345 -0.007294824 -0.001946445 0.999971509 17.435855865
0.999950886 0.006272481 0.007668416 0.352875888 -0.006291296 0.999977231 0.002431872 -0.524186194 -0.007652988 -0.002479998 0.999967635 17.892454147
0.999956250 0.005498875 0.007561556 0.369716346 -0.005515364 0.999982357 0.002161500 -0.534589171 -0.007549537 -0.002203110 0.999969125 18.359390259
0.999951720 0.005505533 0.008140382 0.376550525 -0.005522377 0.999982655 0.002048302 -0.553616703 -0.008128964 -0.002093158 0.999964774 18.843336105
0.999951899 0.006007663 0.007760176 0.393657088 -0.006021787 0.999980271 0.001797979 -0.560606778 -0.007749221 -0.001844622 0.999968350 19.320301056
0.999949217 0.005623163 0.008356102 0.409485877 -0.005638835 0.999982417 0.001853120 -0.576127291 -0.008345535 -0.001900145 0.999963284 19.792673111
0.999952435 0.005372657 0.008141007 0.420833886 -0.005395608 0.999981642 0.002799907 -0.613526404 -0.008125815 -0.002843700 0.999962866 20.313282013
0.999952137 0.005085082 0.008361434 0.438476861 -0.005109790 0.999982715 0.002936408 -0.625059366 -0.008346356 -0.002978993 0.999960661 20.810461044
0.999955058 0.005284063 0.007878067 0.452666670 -0.005303326 0.999983013 0.002426249 -0.633637071 -0.007865113 -0.002467920 0.999965966 21.320762634
0.999961853 0.004957625 0.007191200 0.460269928 -0.004978949 0.999983251 0.002950389 -0.659741759 -0.007176454 -0.002986082 0.999969780 21.827934265
0.999963224 0.005477111 0.006600152 0.473329365 -0.005493775 0.999981761 0.002509159 -0.667853415 -0.006586289 -0.002545326 0.999975085 22.348421097
0.999963164 0.005352148 0.006707809 0.484323233 -0.005371228 0.999981582 0.002829772 -0.682635903 -0.006692541 -0.002865697 0.999973476 22.874967575
0.999965191 0.005380952 0.006374707 0.493046463 -0.005399921 0.999981046 0.002962522 -0.697342813 -0.006358644 -0.002996842 0.999975264 23.393802643
0.999969125 0.005418711 0.005688909 0.500152886 -0.005437925 0.999979615 0.003367405 -0.716713011 -0.005670545 -0.003398237 0.999978065 23.924240112
0.999979258 0.004001423 0.005051081 0.519833386 -0.004014682 0.999988496 0.002617613 -0.730477214 -0.005040549 -0.002637837 0.999983728 24.484485626
0.999976814 0.004758127 0.004876809 0.531489849 -0.004770124 0.999985576 0.002451221 -0.738497972 -0.004865076 -0.002474427 0.999985039 25.031131744
0.999975145 0.005501387 0.004391016 0.537578225 -0.005513166 0.999981165 0.002674770 -0.756332576 -0.004376219 -0.002698912 0.999986768 25.590192795
0.999976456 0.005440497 0.004180365 0.547780514 -0.005453696 0.999980152 0.003152564 -0.771436930 -0.004163130 -0.003175289 0.999986291 26.142799377
0.999975085 0.005926004 0.003831405 0.557102442 -0.005935090 0.999979615 0.002364750 -0.777584970 -0.003817314 -0.002387431 0.999989867 26.691585541
0.999982715 0.005130869 0.002846963 0.577741325 -0.005139804 0.999981821 0.003139958 -0.801665187 -0.002830801 -0.003154536 0.999991000 27.235528946
0.999987006 0.004702972 0.001942927 0.597561181 -0.004710057 0.999982238 0.003658152 -0.820035040 -0.001925689 -0.003667255 0.999991417 27.788431168
0.999983311 0.005437567 0.001976619 0.607335567 -0.005443187 0.999981225 0.002849371 -0.833028197 -0.001961089 -0.002860082 0.999993980 28.319032669
0.999981046 0.005772190 0.002150863 0.602488458 -0.005778530 0.999978960 0.002953049 -0.842402518 -0.002133772 -0.002965421 0.999993265 28.905649185
0.999982476 0.005613740 0.001888814 0.616852582 -0.005619738 0.999979198 0.003185107 -0.856355429 -0.001870894 -0.003195665 0.999993086 29.463426590
0.999983788 0.005469058 0.001584935 0.627881885 -0.005473409 0.999981225 0.002753926 -0.867810369 -0.001569844 -0.002762557 0.999994934 30.006010056
0.999980390 0.006097670 0.001402498 0.636325419 -0.006101342 0.999977946 0.002628640 -0.878987312 -0.001386438 -0.002637146 0.999995589 30.563516617
0.999978781 0.006394186 0.001267015 0.652096093 -0.006398145 0.999974668 0.003145022 -0.899154007 -0.001246873 -0.003153061 0.999994278 31.101285934
0.999975622 0.006773121 0.001681640 0.641103864 -0.006779052 0.999970675 0.003546145 -0.921918631 -0.001657572 -0.003557457 0.999992311 31.639308929
0.999968886 0.007659052 0.001853056 0.646315515 -0.007664842 0.999965668 0.003137748 -0.934531748 -0.001828960 -0.003151855 0.999993384 32.185321808
0.999975801 0.006770504 0.001594404 0.658573866 -0.006775258 0.999972582 0.002995909 -0.938101292 -0.001574076 -0.003006639 0.999994218 32.755146027
0.999975562 0.006932488 0.000899576 0.667162001 -0.006935747 0.999969125 0.003670900 -0.957610965 -0.000874100 -0.003677049 0.999992847 33.300827026
0.999970973 0.007482083 0.001393416 0.670745850 -0.007486510 0.999966919 0.003200228 -0.967685878 -0.001369425 -0.003210567 0.999993920 33.850990295
0.999974668 0.006987904 0.001338313 0.684117377 -0.006992302 0.999970078 0.003310875 -0.983573735 -0.001315137 -0.003320149 0.999993622 34.387138367
0.999977171 0.006749037 0.000425909 0.699927688 -0.006750459 0.999971330 0.003429603 -0.997877240 -0.000402751 -0.003432399 0.999994040 34.931102753
0.999970913 0.007591322 0.000666627 0.702043831 -0.007593418 0.999966085 0.003198246 -1.013697863 -0.000642325 -0.003203215 0.999994695 35.454734802
0.999973059 0.007333423 0.000187719 0.727630377 -0.007333955 0.999968588 0.003008392 -1.018203497 -0.000165651 -0.003009688 0.999995470 36.021160126
0.999975860 0.006900768 0.000716395 0.723110080 -0.006903237 0.999970019 0.003502484 -1.036496162 -0.000692203 -0.003507344 0.999993622 36.567386627
0.999974787 0.007097509 0.000039826 0.735600233 -0.007097605 0.999968767 0.003468815 -1.050451040 -0.000015204 -0.003469010 0.999993980 37.119647980
0.999975741 0.006951427 0.000373832 0.743112504 -0.006952491 0.999971509 0.002922306 -1.060657263 -0.000353507 -0.002924833 0.999995649 37.675106049
0.999974430 0.007082036 0.000927757 0.748885989 -0.007085067 0.999969423 0.003307010 -1.080635071 -0.000904309 -0.003313500 0.999994099 38.206218719
0.999973416 0.007257462 0.000665059 0.761391163 -0.007259552 0.999968469 0.003195718 -1.093204021 -0.000641844 -0.003200463 0.999994695 38.756240845
0.999978542 0.006498493 0.000719206 0.773467660 -0.006500479 0.999974847 0.002796028 -1.098448992 -0.000701018 -0.002800644 0.999995887 39.316196442
0.999978483 0.006492272 0.000853490 0.779142976 -0.006494842 0.999974251 0.003043249 -1.118386388 -0.000833710 -0.003048727 0.999994934 39.861133575
0.999973476 0.007241197 0.000636221 0.786542177 -0.007243005 0.999969542 0.002886838 -1.130881071 -0.000615296 -0.002891370 0.999995589 40.412654877
0.999976397 0.006868756 0.000167733 0.808026254 -0.006869303 0.999970198 0.003517241 -1.149994850 -0.000143569 -0.003518310 0.999993801 40.955089569
0.999978185 0.006542597 0.000889135 0.806841373 -0.006544576 0.999976099 0.002242672 -1.148205161 -0.000874442 -0.002248443 0.999997079 41.510421753
0.999972880 0.007251268 0.001277592 0.815026999 -0.007254298 0.999970913 0.002383569 -1.156693697 -0.001260272 -0.002392774 0.999996364 42.060997009
0.999972284 0.007301875 0.001453334 0.820427537 -0.007305202 0.999970734 0.002297463 -1.175688148 -0.001436515 -0.002308016 0.999996364 42.609218597
0.999974132 0.007108445 0.001097025 0.837984383 -0.007110671 0.999972761 0.002038698 -1.177007556 -0.001082503 -0.002046447 0.999997318 43.125625610
0.999977887 0.006315048 0.002098501 0.803393841 -0.006321272 0.999975622 0.002972900 -1.210920811 -0.002079676 -0.002986100 0.999993324 43.657096863
0.999981642 0.005835473 0.001650875 0.818937480 -0.005840402 0.999978483 0.002996863 -1.228997231 -0.001633352 -0.003006450 0.999994159 44.207015991
0.999978721 0.006177660 0.002128206 0.827109098 -0.006183004 0.999977767 0.002513970 -1.236671090 -0.002112629 -0.002527075 0.999994636 44.764286041
0.999983966 0.005250101 0.002090179 0.826900303 -0.005256333 0.999981701 0.002987743 -1.251382828 -0.002074454 -0.002998682 0.999993324 45.253074646
0.999987125 0.004533723 0.002271739 0.841272235 -0.004540552 0.999985099 0.003010305 -1.261350870 -0.002258057 -0.003020580 0.999992907 45.812694550
0.999978960 0.005777332 0.002951980 0.842211127 -0.005786476 0.999978423 0.003098449 -1.277482510 -0.002934015 -0.003115466 0.999990821 46.366607666
0.999983132 0.004982684 0.002982473 0.833424211 -0.004991270 0.999983430 0.002878509 -1.295192122 -0.002968081 -0.002893346 0.999991357 46.891948700
0.999980509 0.005641798 0.002682756 0.851139009 -0.005649781 0.999979675 0.002977315 -1.301999450 -0.002665903 -0.002992414 0.999991953 47.443763733
0.999978840 0.005788562 0.002971344 0.854533553 -0.005795781 0.999980390 0.002426643 -1.315371156 -0.002957239 -0.002443813 0.999992609 48.012752533
0.999990225 0.003263346 0.002989878 0.848956466 -0.003271616 0.999990821 0.002765119 -1.325859308 -0.002980827 -0.002774874 0.999991655 48.505039215
0.999984086 0.004356586 0.003594714 0.853958011 -0.004366887 0.999986351 0.002862908 -1.339052081 -0.003582191 -0.002878560 0.999989450 49.050712585
0.999990046 0.003533316 0.002735435 0.869970322 -0.003542112 0.999988556 0.003217837 -1.357165575 -0.002724034 -0.003227495 0.999991059 49.582290649
0.999983311 0.004705009 0.003372577 0.879186988 -0.004715266 0.999984324 0.003039885 -1.365586400 -0.003358221 -0.003055737 0.999989688 50.136150360
0.999981344 0.003960550 0.004652444 0.858475447 -0.003973921 0.999988019 0.002867739 -1.369638443 -0.004641030 -0.002886173 0.999984980 50.641738892
0.999977946 0.004423748 0.004957641 0.868870378 -0.004438791 0.999985576 0.003027461 -1.384711266 -0.004944176 -0.003049400 0.999983013 51.185108185
0.999981761 0.004019598 0.004513281 0.891919851 -0.004035869 0.999985397 0.003601485 -1.398440123 -0.004498740 -0.003619634 0.999983251 51.739746094
0.999977052 0.004533587 0.005034317 0.884039521 -0.004547250 0.999985993 0.002705528 -1.405350327 -0.005021980 -0.002728359 0.999983668 52.230915070
0.999972939 0.004382168 0.005912456 0.894279718 -0.004397071 0.999987185 0.002510045 -1.417425871 -0.005901382 -0.002535974 0.999979377 52.783115387
0.999978840 0.003891183 0.005208816 0.901859760 -0.003904638 0.999989033 0.002575397 -1.426410317 -0.005198738 -0.002595681 0.999983132 53.304286957
0.999971926 0.005282904 0.005310775 0.909535170 -0.005295791 0.999983072 0.002415582 -1.442805886 -0.005297924 -0.002443638 0.999982953 53.850868225
0.999975204 0.004444981 0.005463206 0.921520472 -0.004454475 0.999988616 0.001727121 -1.448514819 -0.005455467 -0.001751413 0.999983549 54.379440308
0.999970376 0.004960349 0.005884022 0.928444982 -0.004971630 0.999985814 0.001903890 -1.461180687 -0.005874496 -0.001933087 0.999980807 54.909862518
0.999968350 0.005247276 0.005983707 0.939650893 -0.005257202 0.999984801 0.001644160 -1.472671747 -0.005974990 -0.001675565 0.999980688 55.462257385
0.999973774 0.004362148 0.005779258 0.954261065 -0.004372729 0.999988794 0.001819474 -1.490021110 -0.005771255 -0.001844697 0.999981642 55.964458466
0.999966919 0.005014711 0.006398463 0.960982680 -0.005026688 0.999985695 0.001857243 -1.498723626 -0.006389057 -0.001889345 0.999977827 56.520362854
0.999977112 0.003880575 0.005546186 0.979815125 -0.003890336 0.999990821 0.001750312 -1.514226675 -0.005539342 -0.001771848 0.999983072 57.040637970
0.999971271 0.004836518 0.005857897 0.989020348 -0.004846800 0.999986708 0.001742401 -1.527589202 -0.005849392 -0.001770743 0.999981344 57.572757721
0.999974489 0.004026344 0.005897573 0.998328805 -0.004037230 0.999990106 0.001835133 -1.540228486 -0.005890126 -0.001858897 0.999980927 58.092594147
0.999968648 0.004956259 0.006163904 1.016446114 -0.004965083 0.999986649 0.001417055 -1.548557162 -0.006156798 -0.001447615 0.999980032 58.636318207
0.999972820 0.004141670 0.006102623 1.026749730 -0.004154355 0.999989271 0.002067528 -1.563295603 -0.006093995 -0.002092825 0.999979258 59.175651550
0.999966919 0.004871700 0.006515139 1.028567076 -0.004881466 0.999987006 0.001483998 -1.578647137 -0.006507825 -0.001515753 0.999977648 59.663173676
0.999973655 0.004220598 0.005901308 1.048514724 -0.004227319 0.999990463 0.001126859 -1.589208007 -0.005896494 -0.001151777 0.999981940 60.210102081
0.999969542 0.004987251 0.006008746 1.063553452 -0.004993927 0.999987066 0.001096481 -1.602319479 -0.006003198 -0.001126455 0.999981284 60.754131317
0.999964178 0.005267419 0.006630008 1.063598990 -0.005273656 0.999985695 0.000923526 -1.610825658 -0.006625048 -0.000958457 0.999977589 61.255954742
0.999954820 0.006278469 0.007147699 1.078305721 -0.006286005 0.999979675 0.001032527 -1.625860453 -0.007141071 -0.001077411 0.999973953 61.805580139
0.999964297 0.005418238 0.006496913 1.094111919 -0.005421195 0.999985278 0.000437840 -1.637840152 -0.006494445 -0.000473045 0.999978721 62.346733093
0.999962926 0.005014000 0.006997860 1.102163792 -0.005019219 0.999987125 0.000728532 -1.650351763 -0.006994117 -0.000763629 0.999975264 62.836250305
0.999950945 0.005912635 0.007943092 1.107971668 -0.005919690 0.999982059 0.000864922 -1.665234685 -0.007937836 -0.000911900 0.999968052 63.381240845
0.999960363 0.005202793 0.007218691 1.132307053 -0.005210274 0.999985814 0.001017947 -1.682189941 -0.007213293 -0.001055518 0.999973476 63.936077118
0.999961555 0.005246289 0.007025305 1.142586708 -0.005250423 0.999986172 0.000570125 -1.693856001 -0.007022216 -0.000606989 0.999975145 64.407638550
0.999957621 0.005736598 0.007194367 1.156117201 -0.005733136 0.999983430 -0.000501830 -1.700658321 -0.007197125 0.000460563 0.999974012 64.957069397
0.999953270 0.005383006 0.008029700 1.169237137 -0.005389160 0.999985158 0.000744848 -1.722178221 -0.008025572 -0.000788087 0.999967456 65.500274658
0.999957681 0.005570122 0.007321232 1.182833314 -0.005572335 0.999984443 0.000282112 -1.736315250 -0.007319547 -0.000322896 0.999973178 65.988311768
0.999946892 0.006344659 0.008127481 1.187762737 -0.006343185 0.999979913 -0.000206907 -1.748526096 -0.008128631 0.000155342 0.999966979 66.535102844
0.999947369 0.005938964 0.008370039 1.211480498 -0.005942097 0.999982297 0.000349541 -1.771525502 -0.008367816 -0.000399258 0.999964952 67.081260681
0.999955893 0.005544039 0.007578053 1.221152544 -0.005546518 0.999984562 0.000306129 -1.783090115 -0.007576239 -0.000348148 0.999971211 67.579002380
0.999960721 0.005127966 0.007233038 1.240403771 -0.005126943 0.999986827 -0.000160028 -1.796521425 -0.007233763 0.000122938 0.999973774 68.123718262
0.999952972 0.005474340 0.008000625 1.247521162 -0.005472118 0.999984920 -0.000299646 -1.810361981 -0.008002145 0.000255852 0.999967933 68.668708801
0.999953270 0.005946674 0.007622818 1.260597229 -0.005951073 0.999982119 0.000554427 -1.829031467 -0.007619386 -0.000599765 0.999970794 69.158355713
0.999945045 0.006787670 0.007989593 1.272305250 -0.006788904 0.999976873 0.000127314 -1.839225173 -0.007988544 -0.000181547 0.999968112 69.702629089
0.999944270 0.006605713 0.008237420 1.286745310 -0.006605967 0.999978185 0.000003625 -1.856234074 -0.008237216 -0.000058041 0.999966145 70.268661499
0.999951482 0.005706706 0.008026644 1.298291683 -0.005708538 0.999983668 0.000205372 -1.867241263 -0.008025341 -0.000251182 0.999967754 70.722961426
0.999944389 0.005861874 0.008773237 1.308777213 -0.005859698 0.999982834 -0.000273877 -1.876686096 -0.008774692 0.000222453 0.999961495 71.277130127
0.999950230 0.005699916 0.008183338 1.327520609 -0.005699249 0.999983728 -0.000104819 -1.894185305 -0.008183802 0.000058175 0.999966502 71.779312134
0.999951780 0.005870671 0.007875070 1.347584844 -0.005874285 0.999982536 0.000435643 -1.914430141 -0.007872376 -0.000481882 0.999968827 72.339660645
0.999937415 0.006936694 0.008774724 1.352433205 -0.006935362 0.999975920 -0.000182397 -1.926863670 -0.008775778 0.000121530 0.999961495 72.864280701
0.999952435 0.005442622 0.008095467 1.369621038 -0.005444422 0.999985158 0.000200454 -1.936305642 -0.008094257 -0.000244519 0.999967217 73.375274658
0.999952853 0.005262729 0.008168461 1.386620522 -0.005260556 0.999986112 -0.000287665 -1.950061440 -0.008169862 0.000244681 0.999966621 73.942253113
0.999951184 0.005422866 0.008261553 1.404271364 -0.005424554 0.999985218 0.000181766 -1.963063836 -0.008260446 -0.000226572 0.999965847 74.449645996
0.999952853 0.005147327 0.008241480 1.422560096 -0.005146981 0.999986768 -0.000063510 -1.972127557 -0.008241698 0.000021088 0.999966085 75.011550903
0.999949276 0.005596567 0.008377067 1.437106967 -0.005595172 0.999984324 -0.000190054 -1.992202759 -0.008377999 0.000143174 0.999964893 75.510780334
0.999938428 0.006990513 0.008616729 1.446430326 -0.006985401 0.999975383 -0.000623311 -2.003317118 -0.008620874 0.000563082 0.999962687 76.058044434
0.999945462 0.005947135 0.008589286 1.467314720 -0.005946164 0.999982297 -0.000138684 -2.021168470 -0.008589959 0.000087603 0.999963105 76.618530273
0.999943793 0.006103434 0.008661946 1.477731109 -0.006099287 0.999981284 -0.000504984 -2.037233353 -0.008664866 0.000452124 0.999962330 77.123023987
0.999946415 0.006212697 0.008276260 1.493066072 -0.006209799 0.999980688 -0.000375605 -2.050715685 -0.008278435 0.000324192 0.999965668 77.680503845
0.999950051 0.005478249 0.008360730 1.513238668 -0.005474249 0.999984920 -0.000501139 -2.064539433 -0.008363349 0.000455345 0.999964952 78.170608521
0.999943376 0.006444491 0.008466790 1.530096769 -0.006437133 0.999978960 -0.000895844 -2.074749947 -0.008472385 0.000841291 0.999963820 78.719169617
0.999944866 0.005947023 0.008648365 1.540179133 -0.005943184 0.999982238 -0.000469366 -2.096056938 -0.008651002 0.000417941 0.999962449 79.255271912
0.999935806 0.006980956 0.008922405 1.555244803 -0.006978211 0.999975622 -0.000338686 -2.115429878 -0.008924551 0.000276402 0.999960124 79.798683167
0.999931216 0.006310845 0.009883149 1.571399808 -0.006302785 0.999979794 -0.000846613 -2.126502037 -0.009888292 0.000784264 0.999950826 80.331336975
0.999918580 0.006334517 0.011075240 1.592580438 -0.006318759 0.999978960 -0.001457329 -2.141048431 -0.011084238 0.001387228 0.999937654 80.883705139
0.999907911 0.006102202 0.012122321 1.610467672 -0.006090058 0.999980927 -0.001038276 -2.162159443 -0.012128425 0.000964355 0.999925971 81.389373779
0.999883294 0.007052845 0.013549812 1.624306202 -0.007046164 0.999975026 -0.000540748 -2.179275036 -0.013553288 0.000445210 0.999908030 81.935493469
0.999836087 0.006995687 0.016697554 1.643622637 -0.006977617 0.999975026 -0.001140218 -2.190976858 -0.016705113 0.001023522 0.999859929 82.476768494
0.999763131 0.006096048 0.020895507 1.665639162 -0.006071171 0.999980807 -0.001253803 -2.202988625 -0.020902749 0.001126645 0.999780893 83.018058777
0.999711156 0.005864863 0.023306213 1.699504733 -0.005855766 0.999982774 -0.000458531 -2.227313995 -0.023308501 0.000321923 0.999728203 83.535850525
0.999598086 0.006336020 0.027633339 1.725797296 -0.006318322 0.999979794 -0.000727717 -2.243135214 -0.027637390 0.000552828 0.999617815 84.084930420
0.999418616 0.006365646 0.033493970 1.762974858 -0.006330205 0.999979317 -0.001164113 -2.251566172 -0.033500686 0.000951412 0.999438167 84.639381409
0.999222100 0.005066884 0.039111514 1.802646637 -0.005019237 0.999986470 -0.001316289 -2.263220787 -0.039117660 0.001118955 0.999233961 85.150093079
0.998951018 0.005636311 0.045443960 1.837939739 -0.005600220 0.999983907 -0.000921446 -2.282138348 -0.045448426 0.000665983 0.998966455 85.688232422
0.998567224 0.004800392 0.053296681 1.889332056 -0.004743849 0.999988019 -0.001187365 -2.293748617 -0.053301748 0.000932832 0.998578012 86.246917725
0.998091042 0.004693296 0.061581634 1.946547270 -0.004589093 0.999987781 -0.001833431 -2.300143480 -0.061589491 0.001547327 0.998100281 86.777816772
0.997636616 0.003954533 0.068597525 2.004022121 -0.003825008 0.999990642 -0.002019451 -2.311785698 -0.068604879 0.001752292 0.997642279 87.322563171
0.996928334 0.004943397 0.078163631 2.057894230 -0.004802766 0.999986470 -0.001987082 -2.328403234 -0.078172401 0.001605576 0.996938467 87.874557495
0.996171117 0.003785377 0.087342873 2.134136677 -0.003594195 0.999990761 -0.002346015 -2.344346762 -0.087350950 0.002023105 0.996175528 88.405197144
0.995363176 0.003272701 0.096133202 2.202544689 -0.003087027 0.999993026 -0.002080085 -2.354651451 -0.096139342 0.001773674 0.995366335 88.954872131
0.994650662 0.002446291 0.103266917 2.274626732 -0.002186877 0.999994099 -0.002625223 -2.375478029 -0.103272721 0.002385347 0.994650245 89.484580994
0.993515849 0.003152768 0.113649368 2.354364872 -0.002870184 0.999992371 -0.002649999 -2.387826204 -0.113656841 0.002306621 0.993517339 90.072906494
0.992277741 0.003382536 0.123989061 2.445490837 -0.003066565 0.999991536 -0.002739140 -2.402672291 -0.123997279 0.002337767 0.992279828 90.622512817
0.991036177 0.002313050 0.133573040 2.544071198 -0.001882905 0.999992609 -0.003346530 -2.414311409 -0.133579791 0.003065028 0.991033256 91.182609558
0.989386737 0.002513612 0.145284444 2.632631302 -0.002102935 0.999993324 -0.002980220 -2.437037945 -0.145290971 0.002643066 0.989385426 91.712944031
0.987534940 0.002225660 0.157384291 2.747750282 -0.001846530 0.999995053 -0.002555121 -2.453928232 -0.157389209 0.002232657 0.987534046 92.260139465
0.985639751 0.001862152 0.168851525 2.856574059 -0.001440632 0.999995589 -0.002618870 -2.469282150 -0.168855637 0.002338009 0.985638022 92.807693481
0.983887196 0.001919845 0.178780079 2.981681824 -0.001469963 0.999995410 -0.002648841 -2.485484123 -0.178784341 0.002343361 0.983885467 93.371574402
0.981358171 0.002112325 0.192176193 3.101357460 -0.001617915 0.999994934 -0.002729581 -2.503956556 -0.192181006 0.002367772 0.981356621 93.902442932
0.978983998 0.001061456 0.203933924 3.242888451 -0.000533708 0.999996364 -0.002642815 -2.519004822 -0.203936011 0.002478433 0.978981078 94.454078674
0.976814866 0.000996672 0.214083076 3.377264023 -0.000491579 0.999996960 -0.002412557 -2.535860538 -0.214084819 0.002251383 0.976812541 94.988990784
0.973916233 0.000748598 0.226907060 3.521533966 -0.000105355 0.999995887 -0.002846929 -2.553051233 -0.226908281 0.002748764 0.973912239 95.506637573
0.970702529 -0.000305127 0.240284204 3.686935425 0.001044198 0.999995053 -0.002948507 -2.566206932 -0.240282118 0.003113027 0.970698118 96.075073242
0.967885196 -0.000369922 0.251392275 3.842374802 0.001157336 0.999994934 -0.002984372 -2.585020781 -0.251389861 0.003179476 0.967880666 96.596702576
0.965153515 -0.001384527 0.261680543 4.022613525 0.002096073 0.999994874 -0.002440048 -2.610145330 -0.261675835 0.002903522 0.965151429 97.086585999
0.961383700 -0.001802087 0.275205702 4.200979233 0.002521776 0.999994397 -0.002261283 -2.619904518 -0.275200009 0.002867967 0.961382687 97.620491028
0.957624197 -0.001578078 0.288016379 4.379556656 0.002313310 0.999994934 -0.002212417 -2.636970520 -0.288011372 0.002784935 0.957622945 98.154747009
0.954056561 -0.002486515 0.299616307 4.567403793 0.003350246 0.999991655 -0.002369128 -2.650141716 -0.299607933 0.003264070 0.954056799 98.693496704
0.949776828 -0.003155313 0.312912464 4.785749435 0.004169939 0.999988079 -0.002573357 -2.660084486 -0.312900662 0.003748941 0.949778378 99.236587524
0.944675982 -0.002788472 0.327993214 4.952737808 0.003678295 0.999991059 -0.002092573 -2.692844391 -0.327984452 0.003183259 0.944677770 99.819320679
0.940641344 -0.002271250 0.339394838 5.162029266 0.003044663 0.999993801 -0.001746341 -2.711132765 -0.339388758 0.002676023 0.940642476 100.324951172
0.935664833 -0.002073819 0.352884084 5.369478226 0.002727854 0.999995351 -0.001356103 -2.741374016 -0.352879643 0.002231474 0.935666084 100.805671692
0.930664718 -0.004617526 0.365844071 5.609836578 0.005782971 0.999981105 -0.002089874 -2.745836973 -0.365827501 0.004060637 0.930673838 101.314445496
0.925609112 -0.003822794 0.378461510 5.842407227 0.004770154 0.999987423 -0.001565684 -2.771378756 -0.378450751 0.003254531 0.925615728 101.873397827
0.920594573 -0.004593576 0.390492529 6.074815750 0.005691268 0.999982476 -0.001653950 -2.786809444 -0.390478134 0.003745015 0.920604646 102.380966187
0.914755642 -0.005230059 0.403973669 6.345760345 0.006728489 0.999974787 -0.002289743 -2.794029236 -0.403951555 0.004812688 0.914767742 102.906143188
0.908398271 -0.005202499 0.418073475 6.596927643 0.006448996 0.999977946 -0.001568800 -2.813090324 -0.418056011 0.004121249 0.908411860 103.493904114
0.903685927 -0.006153180 0.428151757 6.855854034 0.007625958 0.999969423 -0.001724807 -2.826167583 -0.428128064 0.004823751 0.903705180 103.953414917
0.897622585 -0.005683212 0.440728068 7.114738464 0.006894086 0.999975502 -0.001146320 -2.845510006 -0.440710813 0.004067380 0.897639871 104.468162537
0.891028941 -0.006117250 0.453905106 7.394618988 0.007583820 0.999970198 -0.001410727 -2.860896349 -0.453882933 0.004699333 0.891048908 104.964691162
0.884611487 -0.007282304 0.466271967 7.676647186 0.009078162 0.999957502 -0.001605613 -2.871849537 -0.466240466 0.005653235 0.884640098 105.478065491
0.878841877 -0.007779571 0.477049679 7.956802368 0.009608844 0.999952912 -0.001394931 -2.887315273 -0.477016330 0.005809820 0.878875315 105.948364258
0.871662140 -0.008988049 0.490024775 8.262962341 0.010942269 0.999939442 -0.001123326 -2.902832985 -0.489985019 0.006341144 0.871707797 106.417449951
0.864127874 -0.009398350 0.503184438 8.550075531 0.011651674 0.999931157 -0.001333178 -2.912300587 -0.503137350 0.007014978 0.864178002 106.872810364
0.857372403 -0.008395100 0.514628112 8.881694794 0.010471215 0.999944508 -0.001133043 -2.932188749 -0.514590085 0.006360221 0.857412755 107.401382446
0.849296451 -0.008041777 0.527855158 9.197803497 0.010142504 0.999947906 -0.001084833 -2.944547892 -0.527818978 0.006275117 0.849333823 107.865417480
