1.000000000 0.000000000 0.000000000 0.000000000 0.000000000 1.000000000 0.000000000 0.000000000 0.000000000 0.000000000 1.000000000 0.000000000
1.000000000 0.000017707 -0.000036129 0.000114395 -0.000017710 1.000000000 -0.000089897 0.000852225 0.000036128 0.000089898 1.000000000 0.000110544
1.000000000 -0.000104364 -0.000056548 -0.000040787 0.000104364 1.000000000 0.000002228 0.000401441 0.000056547 -0.000002234 1.000000000 0.001275589
1.000000000 -0.000090473 -0.000081880 -0.001317914 0.000090472 1.000000000 -0.000013341 0.000884858 0.000081882 0.000013334 1.000000000 -0.000377194
1.000000000 -0.000002677 -0.000002797 -0.000928887 0.000002677 1.000000000 -0.000001382 0.000297422 0.000002797 0.000001382 1.000000000 0.000067233
1.000000000 -0.000156466 -0.000023227 -0.000291745 0.000156465 1.000000000 -0.000037601 0.000369619 0.000023233 0.000037597 1.000000000 -0.000719689
1.000000000 0.000005323 -0.000083806 0.000484324 -0.000005326 1.000000000 -0.000040329 0.000899861 0.000083806 0.000040329 1.000000000 -0.002278877
1.000000000 -0.000002723 0.000012441 -0.000360584 0.000002724 1.000000000 -0.000040178 0.001349427 -0.000012441 0.000040178 1.000000000 0.001843999
1.000000000 0.000054132 0.000010009 -0.001123745 -0.000054131 1.000000000 -0.000045183 0.001968990 -0.000010012 0.000045182 1.000000000 0.001489041
1.000000000 -0.000066538 -0.000053630 -0.000767150 0.000066538 1.000000000 0.000003247 0.001383365 0.000053630 -0.000003250 1.000000000 0.001923195
1.000000000 -0.000035098 -0.000045928 -0.001086432 0.000035096 1.000000000 -0.000050411 0.001661616 0.000045929 0.000050410 1.000000000 0.001790561
1.000000000 -0.000039238 -0.000032566 -0.001708087 0.000039239 1.000000000 0.000014521 0.001523249 0.000032565 -0.000014522 1.000000000 0.001841997
1.000000000 -0.000087291 -0.000060383 -0.000529412 0.000087289 1.000000000 -0.000033004 0.001458894 0.000060386 0.000032999 1.000000000 0.000413179
1.000000000 -0.000105719 -0.000097156 0.000977957 0.000105723 1.000000000 0.000041832 0.000391611 0.000097152 -0.000041843 1.000000000 -0.002562010
1.000000000 -0.000086666 -0.000058747 0.000638973 0.000086667 1.000000000 0.000025954 0.000821538 0.000058745 -0.000025959 1.000000000 -0.001631089
1.000000000 0.000002164 -0.000054088 0.000067515 -0.000002165 1.000000000 -0.000030004 0.002076915 0.000054088 0.000030004 1.000000000 0.001132479
1.000000000 -0.000063119 -0.000054906 0.000005852 0.000063121 1.000000000 0.000035267 0.000955607 0.000054903 -0.000035271 1.000000000 -0.000770982
1.000000000 -0.000104681 -0.000108397 -0.000177797 0.000104678 1.000000000 -0.000027232 0.000911141 0.000108400 0.000027221 1.000000000 -0.001572481
1.000000000 -0.000122115 -0.000078815 -0.000565396 0.000122115 1.000000000 0.000010084 0.001516179 0.000078814 -0.000010093 1.000000000 0.002390799
1.000000000 -0.000122897 -0.000041929 -0.001893889 0.000122897 1.000000000 0.000011690 0.000716897 0.000041928 -0.000011695 1.000000000 0.001027756
1.000000000 -0.000172442 -0.000137474 0.001490347 0.000172452 1.000000000 0.000070509 0.000246355 0.000137462 -0.000070533 1.000000000 -0.000842446
1.000000000 -0.000067108 -0.000062478 0.000385491 0.000067110 1.000000000 0.000036482 0.000693212 0.000062476 -0.000036486 1.000000000 -0.000388734
1.000000000 -0.000201985 -0.000131800 0.000334874 0.000201990 1.000000000 0.000038508 0.000663839 0.000131792 -0.000038535 1.000000000 -0.001296756
1.000000000 -0.000198683 -0.000136061 0.001357616 0.000198688 1.000000000 0.000037812 0.000850263 0.000136053 -0.000037839 1.000000000 -0.001757159
1.000000000 -0.000211669 -0.000103692 0.000632240 0.000211668 1.000000000 -0.000005867 0.001992506 0.000103694 0.000005845 1.000000000 0.000522078
1.000000000 -0.000174629 -0.000100675 0.000996384 0.000174632 1.000000000 0.000034184 0.001061863 0.000100669 -0.000034202 1.000000000 -0.001222530
0.999999940 -0.000273862 -0.000076447 -0.000898312 0.000273863 0.999999940 0.000003727 0.001048998 0.000076446 -0.000003748 1.000000000 -0.000619295
1.000000000 -0.000150437 -0.000172876 0.001523189 0.000150450 1.000000000 0.000070913 0.000602315 0.000172865 -0.000070939 1.000000000 -0.002257734
1.000000000 -0.000143102 -0.000126734 0.001742283 0.000143108 1.000000000 0.000047628 0.000745734 0.000126727 -0.000047647 1.000000000 -0.001298016
1.000000000 -0.000188148 -0.000147117 0.000546143 0.000188150 1.000000000 0.000013915 0.001603874 0.000147114 -0.000013943 1.000000000 -0.000311567
1.000000000 -0.000196385 -0.000127417 0.000734909 0.000196391 1.000000000 0.000042146 0.000964221 0.000127409 -0.000042171 1.000000000 -0.002582647
1.000000000 -0.000152601 -0.000121116 0.001107243 0.000152598 1.000000000 -0.000025780 0.000920388 0.000121120 0.000025762 1.000000000 -0.002535776
1.000000000 -0.000085232 -0.000057532 -0.000399585 0.000085233 1.000000000 0.000017553 0.000975887 0.000057531 -0.000017557 1.000000000 0.000151513
1.000000000 -0.000175304 -0.000092967 0.000742435 0.000175307 1.000000000 0.000030523 -0.000075011 0.000092962 -0.000030540 1.000000000 -0.002516617
0.999999940 -0.000210624 -0.000156784 0.001485926 0.000210623 1.000000000 -0.000004312 0.001012760 0.000156785 0.000004279 1.000000000 -0.002697082
0.999999940 -0.000225001 -0.000140831 0.002259938 0.000225018 0.999999940 0.000122992 0.000386940 0.000140804 -0.000123024 1.000000000 -0.002433225
1.000000000 -0.000201987 -0.000129270 0.000424868 0.000201991 1.000000000 0.000034572 0.000637496 0.000129263 -0.000034598 1.000000000 -0.001766900
1.000000000 -0.000190433 -0.000129427 0.000601828 0.000190440 1.000000000 0.000053299 0.000841666 0.000129417 -0.000053324 1.000000000 -0.001946612
0.999999940 -0.000233482 -0.000191123 0.001703312 0.000233475 1.000000000 -0.000033455 0.000423122 0.000191131 0.000033410 1.000000000 0.001524676
0.999999940 -0.000230124 -0.000085244 0.001265470 0.000230078 0.999999821 -0.000540467 -0.001940190 0.000085368 0.000540447 0.999999821 0.051527325
1.000000000 -0.000095384 -0.000096644 0.001259654 0.000095271 0.999999285 -0.001172594 -0.002400742 0.000096756 0.001172585 0.999999285 0.144115567
0.999999940 -0.000237534 -0.000063472 0.002619966 0.000237437 0.999998808 -0.001516121 -0.006620475 0.000063832 0.001516106 0.999998868 0.260397375
1.000000000 -0.000170504 -0.000068432 0.004359266 0.000170408 0.999998987 -0.001412318 -0.010615086 0.000068672 0.001412306 0.999998987 0.394455403
1.000000000 -0.000118708 -0.000161942 0.009129594 0.000118516 0.999999285 -0.001184796 -0.016721420 0.000162083 0.001184777 0.999999285 0.529769897
1.000000000 -0.000021237 -0.000052588 0.011615771 0.000021179 0.999999404 -0.001100202 -0.020227194 0.000052611 0.001100201 0.999999404 0.690118849
1.000000000 0.000175356 -0.000050381 0.018626610 -0.000175406 0.999999464 -0.001006962 -0.024063205 0.000050204 0.001006971 0.999999464 0.845932305
0.999999940 0.000365651 0.000034907 0.016027667 -0.000365621 0.999999583 -0.000846681 -0.024846015 -0.000035217 0.000846669 0.999999642 1.023102164
1.000000000 -0.000063175 -0.000212579 0.027743634 0.000063040 0.999999821 -0.000635010 -0.031046683 0.000212619 0.000634996 0.999999762 1.194588184
1.000000000 0.000002798 -0.000027191 0.026847105 -0.000002807 0.999999940 -0.000306658 -0.035739675 0.000027190 0.000306658 0.999999940 1.386452436
0.999999225 -0.000865351 -0.000890898 0.043813329 0.000864875 0.999999404 -0.000534637 -0.054136205 0.000891360 0.000533866 0.999999464 1.605982661
0.999999285 -0.000965662 -0.000744074 0.043205664 0.000965243 0.999999404 -0.000562590 -0.057466514 0.000744617 0.000561871 0.999999583 1.806571603
0.999998868 -0.001218281 -0.000913470 0.053894598 0.001218072 0.999999225 -0.000229461 -0.066196695 0.000913748 0.000228348 0.999999523 2.007370472
0.999999702 -0.000680815 -0.000455543 0.047445320 0.000680673 0.999999702 -0.000310444 -0.071036987 0.000455754 0.000310134 0.999999881 2.228207588
0.999999821 -0.000438901 -0.000392851 0.047639765 0.000438737 0.999999821 -0.000419246 -0.069400877 0.000393035 0.000419074 0.999999762 2.441678047
0.999999821 -0.000453929 -0.000375029 0.051778995 0.000453811 0.999999881 -0.000315401 -0.076309025 0.000375172 0.000315231 0.999999821 2.666581869
0.999999821 -0.000512481 -0.000269463 0.058935713 0.000512388 0.999999821 -0.000346112 -0.084406748 0.000269641 0.000345974 0.999999881 2.898237944
0.999999821 -0.000476914 -0.000390944 0.064362437 0.000476778 0.999999881 -0.000347386 -0.088473052 0.000391110 0.000347199 0.999999881 3.124948263
0.999999464 -0.000916865 -0.000388455 0.066436954 0.000916728 0.999999464 -0.000354122 -0.097147740 0.000388779 0.000353766 0.999999821 3.367353201
0.999999762 -0.000474790 0.000465784 0.067837022 0.000474562 0.999999762 0.000489182 -0.115012698 -0.000466016 -0.000488961 0.999999762 3.629651546
0.999999881 -0.000456477 0.000256645 0.075220063 0.000456292 0.999999642 0.000719061 -0.122231282 -0.000256973 -0.000718943 0.999999762 3.877313852
0.999999762 -0.000269897 0.000623369 0.072387271 0.000269498 0.999999762 0.000640163 -0.128764734 -0.000623542 -0.000639995 0.999999642 4.149130344
0.999999523 -0.000636723 0.000675044 0.070477381 0.000636269 0.999999583 0.000672177 -0.131281406 -0.000675472 -0.000671748 0.999999523 4.399487019
0.999999642 -0.000664977 0.000568455 0.076442935 0.000664579 0.999999583 0.000700351 -0.139412552 -0.000568921 -0.000699973 0.999999583 4.656199932
0.999999464 -0.000723780 0.000744413 0.081394896 0.000723123 0.999999404 0.000883082 -0.145131111 -0.000745051 -0.000882544 0.999999285 4.916218758
0.999999404 -0.000948347 0.000639471 0.089478806 0.000947611 0.999998987 0.001151213 -0.157985866 -0.000640562 -0.001150606 0.999999106 5.171730995
0.999999702 -0.000262163 0.000698996 0.088256426 0.000261295 0.999999106 0.001242156 -0.166969717 -0.000699321 -0.001241973 0.999998987 5.418551922
0.999999762 -0.000384898 0.000406795 0.097237453 0.000384369 0.999999046 0.001298908 -0.176312938 -0.000407294 -0.001298752 0.999999106 5.683405399
0.999999940 -0.000023501 0.000453173 0.099824928 0.000022895 0.999999106 0.001336688 -0.181419492 -0.000453204 -0.001336677 0.999999046 5.962553978
0.999999821 -0.000350280 0.000400970 0.102440335 0.000349766 0.999999106 0.001281577 -0.193381727 -0.000401418 -0.001281437 0.999999106 6.245092392
0.999999583 0.000333704 0.000892535 0.106923617 -0.000335106 0.999998689 0.001571791 -0.203815952 -0.000892009 -0.001572089 0.999998391 6.518304825
0.999999344 -0.000177424 0.001112952 0.099708781 0.000175155 0.999997914 0.002038339 -0.228701904 -0.001113311 -0.002038143 0.999997318 6.793620586
0.999999523 -0.000151792 0.000884618 0.109622858 0.000149890 0.999997675 0.002148817 -0.238861144 -0.000884942 -0.002148684 0.999997258 7.087652683
0.999999404 -0.000457866 0.000897290 0.115749642 0.000455961 0.999997616 0.002122778 -0.248722926 -0.000898260 -0.002122368 0.999997318 7.381614685
0.999999106 0.000170318 0.001326519 0.117731825 -0.000173254 0.999997556 0.002213633 -0.258202761 -0.001326139 -0.002213861 0.999996662 7.696698189
0.999999166 -0.000240791 0.001259187 0.128859296 0.000237277 0.999996126 0.002789759 -0.277819425 -0.001259854 -0.002789458 0.999995351 8.017467499
0.999998510 0.000379657 0.001675891 0.133844599 -0.000383899 0.999996722 0.002531615 -0.278393358 -0.001674925 -0.002532254 0.999995410 8.314412117
0.999998629 0.000238629 0.001601899 0.150862172 -0.000242846 0.999996543 0.002632859 -0.291418999 -0.001601265 -0.002633245 0.999995291 8.626575470
0.999998510 0.000592837 0.001653780 0.151856750 -0.000597121 0.999996483 0.002591063 -0.294266552 -0.001652238 -0.002592047 0.999995232 8.970185280
0.999998629 0.000327530 0.001689732 0.158202305 -0.000331660 0.999996960 0.002444721 -0.303164780 -0.001688926 -0.002445278 0.999995589 9.306426048
0.999998331 0.000083949 0.001839976 0.171817437 -0.000088027 0.999997556 0.002216366 -0.310921580 -0.001839785 -0.002216524 0.999995828 9.637312889
0.999998331 0.000482730 0.001754040 0.184960574 -0.000487210 0.999996603 0.002554480 -0.323183566 -0.001752800 -0.002555330 0.999995232 9.977711678
0.999998450 -0.000039610 0.001788471 0.186287329 0.000035010 0.999996722 0.002572175 -0.334718466 -0.001788567 -0.002572108 0.999995053 10.345583916
0.999998093 0.000117210 0.001960031 0.199621886 -0.000122634 0.999996126 0.002767673 -0.343633056 -0.001959699 -0.002767908 0.999994218 10.709972382
0.999998927 -0.000693899 0.001261519 0.217845470 0.000689577 0.999993920 0.003423610 -0.382148474 -0.001263886 -0.003422736 0.999993265 11.049364090
0.999998927 -0.000688238 0.001318164 0.228963003 0.000683606 0.999993622 0.003511465 -0.394308299 -0.001320572 -0.003510560 0.999992967 11.423976898
0.999998748 -0.000202869 0.001613337 0.233116448 0.000196813 0.999993026 0.003752437 -0.402160347 -0.001614087 -0.003752115 0.999991655 11.817286491
0.999998748 -0.000289869 0.001569733 0.242617652 0.000283600 0.999992013 0.003992334 -0.416240990 -0.001570878 -0.003991883 0.999990761 12.186676025
0.999998271 -0.001099280 0.001440487 0.257141501 0.001095095 0.999995172 0.002902946 -0.421396315 -0.001443672 -0.002901363 0.999994695 12.572254181
0.999998152 -0.000938354 0.001635932 0.261848927 0.000933397 0.999994993 0.003028739 -0.431792587 -0.001638766 -0.003027207 0.999994040 12.977227211
0.999998331 -0.001253707 0.001277564 0.279530436 0.001249595 0.999994099 0.003213727 -0.448759645 -0.001281585 -0.003212126 0.999994040 13.367268562
0.999998033 -0.000804239 0.001772263 0.282000929 0.000798316 0.999994099 0.003340067 -0.455394655 -0.001774939 -0.003338646 0.999992847 13.787768364
0.999998033 -0.000716334 0.001792528 0.303949386 0.000709625 0.999992728 0.003740164 -0.473695636 -0.001795194 -0.003738886 0.999991357 14.173564911
0.999997139 0.000317057 0.002360934 0.272773206 -0.000325702 0.999993205 0.003662373 -0.470546633 -0.002359757 -0.003663132 0.999990523 14.538669586
0.999996841 0.000014015 0.002497754 0.283911824 -0.000023709 0.999992549 0.003880973 -0.484576970 -0.002497681 -0.003881020 0.999989390 14.955665588
0.999995649 0.000217312 0.002951772 0.296450973 -0.000229484 0.999991536 0.004124150 -0.502295911 -0.002950851 -0.004124810 0.999987125 15.378949165
0.999995232 0.000292373 0.003076804 0.323655039 -0.000306684 0.999989092 0.004652043 -0.536046922 -0.003075410 -0.004652965 0.999984443 15.816395760
0.999995053 0.000130742 0.003158923 0.337406218 -0.000145963 0.999988377 0.004818812 -0.549150229 -0.003158256 -0.004819249 0.999983430 16.258935928
0.999994278 0.000244569 0.003361836 0.352052778 -0.000260865 0.999988258 0.004847762 -0.563203454 -0.003360610 -0.004848611 0.999982595 16.698619843
0.999994516 -0.000866395 0.003192053 0.353834838 0.000855041 0.999993324 0.003556509 -0.561660290 -0.003195114 -0.003553760 0.999988556 17.159574509
0.999992907 -0.001101978 0.003603510 0.363803566 0.001088451 0.999992371 0.003753711 -0.573164105 -0.003607619 -0.003749762 0.999986470 17.626550674
0.999991775 -0.001238221 0.003856873 0.378751010 0.001224054 0.999992549 0.003673505 -0.584350109 -0.003861392 -0.003668754 0.999985754 18.092973709
0.999990761 -0.001303897 0.004102692 0.396313488 0.001288279 0.999991894 0.003807328 -0.600112200 -0.004107624 -0.003802007 0.999984324 18.553247452
0.999993443 -0.000819145 0.003527274 0.405655116 0.000806045 0.999992788 0.003713991 -0.616972566 -0.003530290 -0.003711124 0.999986887 19.024637222
0.999993622 -0.000923508 0.003461624 0.420596123 0.000909546 0.999991477 0.004032648 -0.631151676 -0.003465318 -0.004029474 0.999985933 19.501668930
0.999993622 -0.000513942 0.003531520 0.433474451 0.000499246 0.999991179 0.004161042 -0.645920753 -0.003533628 -0.004159253 0.999985158 19.970323563
0.999993086 0.000026772 0.003708843 0.440943867 -0.000041782 0.999991834 0.004047021 -0.654456556 -0.003708705 -0.004047149 0.999984980 20.481483459
0.999993980 -0.001535635 0.003118174 0.451236069 0.001521641 0.999988794 0.004485431 -0.670776486 -0.003125028 -0.004480659 0.999985099 20.799512863
0.999995053 -0.001832697 0.002553883 0.457865983 0.001821344 0.999988496 0.004440790 -0.676490545 -0.002561992 -0.004436116 0.999986947 21.316200256
0.999995708 -0.001185214 0.002677493 0.453464836 0.001172241 0.999987602 0.004841334 -0.699088752 -0.002683198 -0.004838175 0.999984741 21.810729980
0.999997556 -0.001245097 0.001812940 0.480149269 0.001235911 0.999986351 0.005059200 -0.720994949 -0.001819215 -0.005056948 0.999985576 22.244546890
0.999997973 -0.001465919 0.001356399 0.492772549 0.001459330 0.999987125 0.004845664 -0.731143057 -0.001363485 -0.004843676 0.999987423 22.760847092
0.999998093 -0.001872939 0.000454920 0.508117378 0.001870779 0.999987185 0.004702406 -0.745310307 -0.000463721 -0.004701547 0.999988914 23.281770706
0.999995112 -0.003099913 0.000335973 0.496949106 0.003098082 0.999981046 0.005320657 -0.762245655 -0.000352461 -0.005319589 0.999985814 23.655513763
0.999999225 -0.001336129 0.000207845 0.494644344 0.001334997 0.999984801 0.005352633 -0.774413943 -0.000214993 -0.005352350 0.999985635 24.166824341
0.999998391 -0.001509012 -0.001016673 0.511113226 0.001514483 0.999984264 0.005401778 -0.787988305 0.001008506 -0.005403309 0.999984860 24.700529099
0.999999046 -0.000654135 -0.001197144 0.507736027 0.000661006 0.999983191 0.005747756 -0.802758694 0.001193364 -0.005748542 0.999982774 25.212568283
0.999998927 -0.000233429 -0.001418110 0.512807965 0.000241336 0.999984384 0.005578126 -0.818030357 0.001416786 -0.005578463 0.999983490 25.770355225
0.999997199 -0.001423118 -0.001868632 0.508575678 0.001434904 0.999979079 0.006321569 -0.838985920 0.001859596 -0.006324234 0.999978185 26.267240524
0.999995887 -0.001248628 -0.002572569 0.527860403 0.001265246 0.999978244 0.006468448 -0.856960177 0.002564436 -0.006471676 0.999975681 26.809644699
0.999995589 -0.000741819 -0.002866529 0.530938327 0.000761152 0.999976933 0.006749193 -0.872881353 0.002861456 -0.006751345 0.999973118 27.307605743
0.999993980 -0.000870695 -0.003355418 0.537976563 0.000893102 0.999977231 0.006681953 -0.881807923 0.003349523 -0.006684909 0.999972045 27.851516724
0.999991834 -0.000765330 -0.003969761 0.550413728 0.000793294 0.999974787 0.007047245 -0.905023098 0.003964268 -0.007050337 0.999967277 28.403642654
0.999994159 -0.000586163 -0.003368786 0.541065991 0.000610346 0.999974132 0.007182316 -0.906943977 0.003364489 -0.007184332 0.999968529 28.799499512
0.999993384 -0.000777093 -0.003569877 0.548901916 0.000801970 0.999975383 0.006972201 -0.918886304 0.003564372 -0.006975018 0.999969363 29.326755524
0.999992609 -0.000470085 -0.003815450 0.545602560 0.000497597 0.999973834 0.007212865 -0.946075082 0.003811959 -0.007214710 0.999966621 29.872074127
0.999992669 -0.000308750 -0.003800700 0.553811729 0.000335964 0.999974251 0.007161821 -0.953631878 0.003798391 -0.007163045 0.999967098 30.417695999
0.999989569 -0.000914556 -0.004492382 0.577613175 0.000946920 0.999973595 0.007207231 -0.970838547 0.004485672 -0.007211410 0.999963820 30.940326691
0.999987721 -0.000907199 -0.004871123 0.578665555 0.000944324 0.999970615 0.007624500 -1.025317669 0.004864062 -0.007629007 0.999959052 31.460769653
0.999987423 -0.000890377 -0.004936936 0.595760882 0.000929789 0.999967694 0.007986682 -1.040536880 0.004929665 -0.007991171 0.999955893 31.986106873
0.999984503 -0.000963391 -0.005479075 0.599453211 0.001008039 0.999966264 0.008152047 -1.048746705 0.005471036 -0.008157444 0.999951780 32.554504395
0.999984860 -0.000767485 -0.005449099 0.606304288 0.000811138 0.999967575 0.008013396 -1.068741798 0.005442770 -0.008017695 0.999953032 33.071571350
0.999984443 -0.001291379 -0.005426047 0.584544420 0.001338281 0.999961674 0.008649183 -1.089085937 0.005414671 -0.008656311 0.999947846 33.594619751
0.999982834 -0.001377245 -0.005694473 0.598275244 0.001425524 0.999962986 0.008482858 -1.097893596 0.005682579 -0.008490830 0.999947786 34.134769440
0.999978602 -0.001971253 -0.006237197 0.616418600 0.002028169 0.999956250 0.009132180 -1.115666151 0.006218922 -0.009144636 0.999938846 34.665992737
0.999978364 -0.002246232 -0.006189373 0.626904130 0.002300347 0.999959052 0.008750056 -1.119202733 0.006169465 -0.008764105 0.999942541 35.206390381
0.999983668 -0.000540248 -0.005694254 0.616011620 0.000590345 0.999961078 0.008799926 -1.139302492 0.005689279 -0.008803144 0.999945104 35.710380554
0.999981761 -0.000576212 -0.006008944 0.610559106 0.000629561 0.999960482 0.008880074 -1.182291389 0.006003589 -0.008883696 0.999942482 36.256175995
0.999979019 -0.000829335 -0.006431136 0.620622158 0.000885091 0.999962032 0.008671691 -1.193379879 0.006423700 -0.008677202 0.999941707 36.802417755
0.999978304 -0.000886664 -0.006519692 0.634054184 0.000941835 0.999963760 0.008463901 -1.198743343 0.006511951 -0.008469860 0.999942958 37.360546112
0.999977529 -0.000236467 -0.006690186 0.629140377 0.000293790 0.999963224 0.008568468 -1.219136477 0.006687914 -0.008570241 0.999940932 37.888427734
0.999980986 -0.000207346 -0.006168216 0.625120878 0.000261643 0.999961138 0.008803328 -1.238210440 0.006166151 -0.008804774 0.999942243 38.376426697
0.999972582 -0.001580238 -0.007235190 0.650708258 0.001651617 0.999949872 0.009870250 -1.271507025 0.007219230 -0.009881929 0.999925137 39.001361847
0.999970257 -0.001503689 -0.007576482 0.666145086 0.001580068 0.999947846 0.010085091 -1.287954807 0.007560923 -0.010096762 0.999920487 39.529212952
0.999971390 -0.001620104 -0.007391193 0.664196432 0.001690830 0.999952734 0.009572668 -1.292505980 0.007375335 -0.009584893 0.999926865 40.106246948
0.999971986 -0.001133772 -0.007412190 0.675891638 0.001207091 0.999950290 0.009894802 -1.304895282 0.007400603 -0.009903471 0.999923587 40.644783020
0.999969602 -0.000706296 -0.007760662 0.691640437 0.000775080 0.999960363 0.008863711 -1.301264644 0.007754094 -0.008869457 0.999930620 41.195968628
0.999967098 -0.001482838 -0.007981991 0.694719791 0.001555709 0.999957085 0.009130972 -1.311034083 0.007968109 -0.009143089 0.999926507 41.720859528
0.999968529 -0.001648704 -0.007755102 0.695292354 0.001729886 0.999943674 0.010473230 -1.348411679 0.007737398 -0.010486314 0.999915063 42.156604767
0.999964893 -0.002006090 -0.008129996 0.705670357 0.002093101 0.999940574 0.010708250 -1.363523245 0.008108031 -0.010724891 0.999909639 42.711128235
0.999968708 -0.001836535 -0.007683361 0.705331087 0.001915385 0.999945402 0.010267722 -1.369615555 0.007664085 -0.010282119 0.999917686 43.226993561
0.999966979 -0.001883509 -0.007903960 0.712401867 0.001966491 0.999942899 0.010504191 -1.381510139 0.007883723 -0.010519387 0.999913573 43.758289337
0.999968827 -0.001598534 -0.007732771 0.716023266 0.001676959 0.999947071 0.010146107 -1.390498877 0.007716142 -0.010158759 0.999918580 44.316780090
0.999967992 -0.001254800 -0.007906907 0.732081771 0.001335011 0.999947608 0.010147269 -1.404520512 0.007893759 -0.010157499 0.999917269 44.831230164
0.999966800 -0.001547761 -0.007996077 0.739545584 0.001631200 0.999944150 0.010439083 -1.417923570 0.007979471 -0.010451780 0.999913514 45.342353821
0.999963760 -0.002042298 -0.008265606 0.745030105 0.002132717 0.999937773 0.010945074 -1.437238932 0.008242739 -0.010962306 0.999905944 45.863834381
0.999962747 -0.002208145 -0.008342628 0.752378106 0.002297085 0.999940455 0.010666389 -1.442184925 0.008318579 -0.010685156 0.999908328 46.419727325
0.999960303 -0.002527095 -0.008542736 0.755644441 0.002616868 0.999941230 0.010513882 -1.452652454 0.008515665 -0.010535818 0.999908268 46.954128265
0.999966800 -0.001689597 -0.007984077 0.764395833 0.001778313 0.999936640 0.011117695 -1.468351364 0.007964787 -0.011131522 0.999906301 47.459251404
0.999963522 -0.001733320 -0.008364847 0.772481740 0.001823565 0.999940097 0.010793047 -1.481019378 0.008345638 -0.010807905 0.999906778 48.010578156
0.999966621 -0.001398646 -0.008044296 0.773454726 0.001488684 0.999936223 0.011197696 -1.494801164 0.008028121 -0.011209297 0.999904871 48.529109955
0.999965549 -0.001448258 -0.008172031 0.778145790 0.001542981 0.999931574 0.011596661 -1.506555200 0.008154678 -0.011608871 0.999899328 49.067035675
0.999967158 -0.001318178 -0.008008004 0.774488807 0.001407509 0.999936759 0.011159801 -1.509903908 0.007992787 -0.011170704 0.999905586 49.574939728
0.999969959 -0.000865808 -0.007701794 0.779677153 0.000951702 0.999937415 0.011155889 -1.518463612 0.007691653 -0.011162884 0.999908090 50.120227814
0.999966562 -0.001321718 -0.008064475 0.789674699 0.001414865 0.999932230 0.011555526 -1.528341532 0.008048658 -0.011566552 0.999900699 50.619586945
0.999968350 -0.001033378 -0.007906022 0.796669126 0.001124273 0.999933362 0.011501155 -1.541516066 0.007893611 -0.011509679 0.999902546 51.148418427
0.999968469 -0.001138090 -0.007853948 0.800883353 0.001229843 0.999930918 0.011687514 -1.552535057 0.007840103 -0.011696805 0.999900877 51.675189972
0.999967933 -0.001266452 -0.007909113 0.811887741 0.001357329 0.999933004 0.011495306 -1.561511755 0.007894024 -0.011505673 0.999902606 52.221649170
0.999966323 -0.001244430 -0.008114178 0.822149992 0.001339581 0.999930263 0.011731664 -1.577304602 0.008099012 -0.011742136 0.999898255 52.766490936
0.999968946 -0.000921309 -0.007819042 0.823184848 0.001012860 0.999930859 0.011712860 -1.584038258 0.007807710 -0.011720415 0.999900818 53.260154724
0.999970078 -0.000540891 -0.007732065 0.834897995 0.000622827 0.999943614 0.010598313 -1.556753993 0.007725896 -0.010602811 0.999913990 53.896308899
0.999969959 -0.000808341 -0.007709235 0.835723758 0.000901087 0.999927104 0.012034597 -1.609121323 0.007698945 -0.012041182 0.999897778 54.304515839
0.999971569 -0.000615494 -0.007526310 0.841286182 0.000706414 0.999926746 0.012083638 -1.614851475 0.007518321 -0.012088612 0.999898612 54.850261688
0.999970615 -0.000860535 -0.007618606 0.848982096 0.000953921 0.999924362 0.012262470 -1.633856654 0.007607478 -0.012269378 0.999895751 55.391994476
0.999969959 -0.000994171 -0.007688081 0.885900855 0.001093442 0.999915898 0.012918798 -1.662204742 0.007674593 -0.012926817 0.999886930 55.872421265
0.999973536 -0.000388986 -0.007271846 0.876789212 0.000481167 0.999919474 0.012679020 -1.653366685 0.007266329 -0.012682184 0.999893069 56.436473846
0.999971271 -0.000677807 -0.007540357 0.870668471 0.000770743 0.999923646 0.012329084 -1.676209211 0.007531425 -0.012334540 0.999895573 56.933418274
0.999970257 -0.000895168 -0.007661696 0.880102992 0.000990654 0.999921739 0.012468086 -1.685820103 0.007649935 -0.012475305 0.999892950 57.472011566
0.999971092 -0.000150174 -0.007594286 0.885732770 0.000249258 0.999914825 0.013047991 -1.700461149 0.007591680 -0.013049507 0.999886036 58.003841400
0.999967873 -0.001141381 -0.007936176 0.895441532 0.001237643 0.999925554 0.012135185 -1.702859521 0.007921735 -0.012144619 0.999894857 58.531452179
0.999970675 0.000229889 -0.007644571 0.949353456 -0.000138266 0.999928176 0.011983775 -1.682913184 0.007646777 -0.011982367 0.999898970 59.543697357
0.999969423 -0.001691286 -0.007639732 0.911872804 0.001786884 0.999919951 0.012523853 -1.727599859 0.007617940 -0.012537121 0.999892354 59.630630493
0.999965549 -0.001515197 -0.008168934 0.915762365 0.001617751 0.999919772 0.012562227 -1.717895746 0.008149246 -0.012575011 0.999887705 60.213340759
0.999969244 -0.000997809 -0.007784969 0.919879079 0.001096604 0.999918818 0.012696542 -1.749784470 0.007771668 -0.012704688 0.999889076 60.685943604
0.999973476 -0.000165765 -0.007292377 0.918016791 0.000253778 0.999927104 0.012069875 -1.751415968 0.007289845 -0.012071405 0.999900520 61.237922668
0.999963403 -0.002294067 -0.008245992 0.917915463 0.002396416 0.999919951 0.012423646 -1.778456926 0.008216832 -0.012442951 0.999888837 61.717105865
0.999971628 0.000490443 -0.007507592 0.904174685 -0.000390838 0.999911904 0.013263077 -1.858778477 0.007513436 -0.013259768 0.999883771 62.273731232
0.999968410 0.000011871 -0.007943025 0.909179091 0.000091424 0.999915421 0.013004006 -1.862321734 0.007942508 -0.013004320 0.999883890 62.810577393
0.999968052 0.000481542 -0.007978175 0.911506772 -0.000378090 0.999915898 0.012963292 -1.873913050 0.007983746 -0.012959861 0.999884069 63.366584778
0.999969602 0.000550262 -0.007772404 0.907885313 -0.000447902 0.999913275 0.013165366 -1.878757477 0.007778973 -0.013161483 0.999882996 63.909297943
0.999970734 -0.000051312 -0.007647183 0.924200535 0.000155562 0.999907076 0.013632514 -1.896879435 0.007645773 -0.013633304 0.999877751 64.336364746
0.999969840 -0.000937974 -0.007709823 0.929841042 0.001042951 0.999906659 0.013623322 -1.905020714 0.007696325 -0.013630954 0.999877393 64.889999390
0.999969780 -0.000251830 -0.007774508 0.938837588 0.000357756 0.999907017 0.013626391 -1.914206624 0.007770355 -0.013628760 0.999876916 65.427146912
0.999967873 -0.000441844 -0.008008513 0.950677276 0.000551872 0.999905407 0.013741921 -1.928854942 0.008001683 -0.013745899 0.999873459 65.957008362
0.999966681 -0.000174984 -0.008155946 0.938249469 0.000278651 0.999919116 0.012711294 -1.912678242 0.008153061 -0.012713144 0.999885857 66.616752625
0.999974370 0.000731805 -0.007123408 0.927149415 -0.000634132 0.999905884 0.013704173 -1.972872376 0.007132766 -0.013699307 0.999880731 66.932685852
0.999971092 0.000077607 -0.007603399 0.940769792 0.000026430 0.999906421 0.013681912 -1.977265000 0.007603749 -0.013681716 0.999877512 67.481552124
0.999972165 0.000669701 -0.007431755 0.950820506 -0.000567997 0.999906242 0.013678825 -1.993469954 0.007440220 -0.013674220 0.999878883 68.016174316
0.999970376 0.000559745 -0.007679367 0.956755102 -0.000454848 0.999906659 0.013654643 -1.991037369 0.007686293 -0.013650745 0.999877334 68.544631958
0.999971747 0.000937229 -0.007464737 0.958998978 -0.000838244 0.999911845 0.013252475 -1.989800453 0.007476499 -0.013245843 0.999884307 69.062583923
0.999971569 0.000139607 -0.007536237 0.967409790 -0.000032176 0.999898434 0.014253556 -2.012361765 0.007537461 -0.014252909 0.999870002 69.520080566
0.999972284 0.000363454 -0.007431354 0.973259628 -0.000255877 0.999895275 0.014471952 -2.020813942 0.007435836 -0.014469650 0.999867678 70.064529419
0.999972939 0.000816808 -0.007310367 0.977415800 -0.000714354 0.999901652 0.014006616 -2.024934530 0.007321089 -0.014001015 0.999875188 70.627586365
0.999973834 0.000701479 -0.007204439 0.994407356 -0.000597062 0.999894977 0.014485369 -2.059622765 0.007213843 -0.014480690 0.999869108 71.093650818
0.999973774 0.000544670 -0.007214940 0.991669595 -0.000441982 0.999898672 0.014226523 -2.042391539 0.007221957 -0.014222963 0.999872684 71.619277954
0.999976099 0.000741724 -0.006879239 0.999923110 -0.000644918 0.999900937 0.014063846 -2.050925732 0.006888989 -0.014059072 0.999877393 72.176025391
0.999974489 0.000531313 -0.007112040 0.988538921 -0.000431672 0.999901772 0.014004414 -2.054633141 0.007118781 -0.014000989 0.999876559 72.646354675
0.999975085 0.000722508 -0.007007905 0.994888663 -0.000624241 0.999901593 0.014014255 -2.064051151 0.007017341 -0.014009533 0.999877155 73.190483093
0.999973774 0.000332741 -0.007227004 1.009548187 -0.000229571 0.999898016 0.014271794 -2.078880310 0.007231017 -0.014269762 0.999871910 73.704452515
0.999973416 0.000591951 -0.007262726 1.010951161 -0.000491802 0.999904871 0.013783428 -2.083335638 0.007270195 -0.013779491 0.999878526 74.245101929
0.999973655 0.000881663 -0.007208994 1.013433337 -0.000785659 0.999911070 0.013309252 -2.086937428 0.007220087 -0.013303240 0.999885440 74.812644958
0.999977827 0.000689643 -0.006618943 0.997870088 -0.000599231 0.999906659 0.013651831 -2.108909845 0.006627739 -0.013647565 0.999884903 75.294418335
0.999971628 0.000236632 -0.007532830 1.042219281 -0.000127720 0.999895453 0.014455531 -2.108942747 0.007535464 -0.014454159 0.999867082 75.781082153
0.999970317 -0.000052365 -0.007706680 1.051880598 0.000161748 0.999899328 0.014193326 -2.112701416 0.007705161 -0.014194153 0.999869525 76.334426880
0.999973893 0.000127420 -0.007225649 1.045404434 -0.000024947 0.999899447 0.014180084 -2.118252277 0.007226731 -0.014179532 0.999873281 76.877883911
0.999974191 0.000474090 -0.007169327 1.058262110 -0.000370948 0.999896526 0.014381059 -2.132458210 0.007175404 -0.014378028 0.999870837 77.397583008
0.999972522 0.000065748 -0.007409078 1.067547679 0.000036391 0.999904990 0.013784657 -2.136002064 0.007409280 -0.013784549 0.999877453 77.946983337
0.999975443 -0.000050876 -0.007005783 1.063939214 0.000147634 0.999904633 0.013811297 -2.142409563 0.007004411 -0.013811991 0.999880075 78.478057861
0.999983311 -0.000167976 -0.005764198 1.068936825 0.000246859 0.999906301 0.013686973 -2.150043964 0.005761359 -0.013688168 0.999889731 79.037773132
0.999988914 -0.000447178 -0.004686908 1.090859890 0.000512691 0.999902070 0.013985795 -2.156250000 0.004680196 -0.013988043 0.999891222 79.554077148
0.999994993 -0.000357015 -0.003141192 1.119286060 0.000400512 0.999903917 0.013857568 -2.173624039 0.003135944 -0.013858756 0.999899030 80.068481445
0.999999881 -0.000112484 0.000393663 1.136516929 0.000107080 0.999906182 0.013699677 -2.185049057 -0.000395167 -0.013699630 0.999906063 80.605194092
0.999990165 -0.000375925 0.004416865 1.158157349 0.000312372 0.999896586 0.014380544 -2.196422338 -0.004421815 -0.014379022 0.999886870 81.144042969
0.999966621 0.000336927 0.008154027 1.115037918 -0.000451794 0.999900639 0.014089366 -2.193607569 -0.008148469 -0.014092580 0.999867439 81.681396484
0.999930978 -0.000607325 0.011727114 1.209365487 0.000445057 0.999904156 0.013834628 -2.187927008 -0.011734393 -0.013828455 0.999835491 82.301902771
0.999837875 -0.000327507 0.018002296 1.206784487 0.000074000 0.999900818 0.014080850 -2.183938503 -0.018005123 -0.014077234 0.999738812 82.748550415
0.999725521 -0.000575200 0.023423463 1.238883257 0.000250570 0.999903977 0.013859731 -2.192139864 -0.023429187 -0.013850056 0.999629557 83.286865234
0.999561608 0.000059918 0.029605877 1.283831954 -0.000476717 0.999900818 0.014071400 -2.219671726 -0.029602101 -0.014079345 0.999462605 83.900390625
0.999322891 -0.000704192 0.036785536 1.313132405 0.000181362 0.999899030 0.014214335 -2.204668999 -0.036791831 -0.014198039 0.999222100 84.404586792
0.998966157 0.000031893 0.045460284 1.339457750 -0.000667700 0.999902189 0.013970878 -2.222077370 -0.045455389 -0.013986786 0.998868465 85.115608215
0.998646140 -0.000611653 0.052013539 1.386912823 -0.000104695 0.999905229 0.013768515 -2.224579334 -0.052017026 -0.013755320 0.998551428 85.663459778
0.998175442 -0.000347496 0.060379393 1.473511457 -0.000483377 0.999905407 0.013745715 -2.245603561 -0.060378466 -0.013749823 0.998080850 86.139648438
0.997510374 -0.000720038 0.070516124 1.523182869 -0.000292884 0.999896944 0.014353026 -2.267215252 -0.070519187 -0.014337942 0.997407317 86.690994263
0.996896505 -0.001126008 0.078715682 1.588822842 0.000010262 0.999899566 0.014173359 -2.273488045 -0.078723729 -0.014128562 0.996796310 87.228668213
0.996137083 -0.000388106 0.087811209 1.637384892 -0.000824361 0.999904811 0.013770979 -2.269325733 -0.087808192 -0.013790171 0.996041954 87.839775085
0.995241106 -0.001002030 0.097437784 1.724441051 -0.000369708 0.999901116 0.014059016 -2.286777735 -0.097442240 -0.014028134 0.995142281 88.321029663
0.994106114 -0.001397895 0.108403601 1.800506592 -0.000152198 0.999897838 0.014289687 -2.295792818 -0.108412519 -0.014221962 0.994004250 88.884033203
0.993138373 -0.003358680 0.116897166 1.939949036 0.001838464 0.999912381 0.013110128 -2.287744999 -0.116930962 -0.012805263 0.993057430 89.477943420
0.991778970 -0.003404065 0.127917826 2.031833649 0.001763153 0.999914706 0.012938906 -2.294992447 -0.127950966 -0.012606996 0.991700351 90.016586304
0.990167141 -0.003246056 0.139851406 2.118965149 0.001369584 0.999907792 0.013511771 -2.314772606 -0.139882326 -0.013187373 0.990080416 90.589797974
0.988644660 -0.004537977 0.150203764 2.234452248 0.002536262 0.999905467 0.013515543 -2.313002110 -0.150250897 -0.012981114 0.988562703 91.092231750
0.986873567 -0.004462282 0.161432683 2.323329926 0.002385729 0.999911964 0.013054828 -2.318228245 -0.161476716 -0.012498329 0.986797333 91.687034607
0.984685838 -0.004610658 0.174277544 2.444459915 0.002368540 0.999911785 0.013071007 -2.325930834 -0.174322441 -0.012458050 0.984609842 92.219192505
0.982450485 -0.003490094 0.186490461 2.604207993 0.000960086 0.999906301 0.013655018 -2.330421925 -0.186520621 -0.013236334 0.982361853 92.762382507
0.980578065 -0.004633235 0.196074530 2.736664772 0.002046851 0.999908149 0.013391406 -2.329337835 -0.196118563 -0.012729983 0.980497539 93.271957397
0.977957964 -0.005370200 0.208732650 2.882329941 0.002568542 0.999902904 0.013690969 -2.342167377 -0.208785921 -0.012853055 0.977876842 93.796768188
0.974949837 -0.005853764 0.222347692 3.024044037 0.002928718 0.999904752 0.013482728 -2.352454424 -0.222405449 -0.012493789 0.974874198 94.344184875
0.972240686 -0.005130929 0.233926758 3.167938232 0.001950796 0.999902546 0.013823926 -2.353575706 -0.233974874 -0.012983838 0.972155988 94.874099731
0.969275773 -0.005925240 0.245905176 3.341556549 0.002647006 0.999903202 0.013659677 -2.371726990 -0.245962337 -0.012589082 0.969197631 95.418922424
0.965696812 -0.006411314 0.259592921 3.509424210 0.002962152 0.999902010 0.013675810 -2.380877256 -0.259655237 -0.012437734 0.965621293 95.936157227
0.962257743 -0.006064094 0.272072256 3.678857803 0.002426071 0.999903083 0.013705925 -2.384054899 -0.272128999 -0.012528565 0.962179303 96.490715027
0.959076941 -0.006827076 0.283063352 3.883596420 0.002961821 0.999896467 0.014080795 -2.395522594 -0.283130169 -0.012666182 0.958997846 97.036018372
0.954803467 -0.006631757 0.297163457 4.058647156 0.002767855 0.999906063 0.013421487 -2.379715443 -0.297224551 -0.011992380 0.954732299 97.556137085
0.950502098 -0.007720286 0.310622215 4.291292191 0.003506590 0.999894142 0.014121486 -2.400810719 -0.310698420 -0.012333277 0.950428545 98.088829041
0.946806133 -0.008228973 0.321699262 4.497215271 0.003806889 0.999889433 0.014372674 -2.422140598 -0.321781904 -0.012383465 0.946732819 98.622879028
0.942341924 -0.008553254 0.334542602 4.691770554 0.004004594 0.999889970 0.014284031 -2.419692039 -0.334628016 -0.012120734 0.942272305 99.120475769
0.937076151 -0.008857086 0.349012733 4.899789810 0.003990616 0.999884546 0.014660074 -2.434700966 -0.349102288 -0.012344830 0.937003314 99.623504639
0.932492852 -0.008339858 0.361092150 5.139434814 0.003223733 0.999885678 0.014768524 -2.436665058 -0.361174047 -0.012607479 0.932413161 100.164337158
0.928544104 -0.009372185 0.371103734 5.374452591 0.004275866 0.999884903 0.014553278 -2.444994450 -0.371197492 -0.011926569 0.928477347 100.670120239
0.922852457 -0.010166668 0.385019422 5.598764420 0.004937633 0.999881685 0.014567469 -2.444646120 -0.385121971 -0.011542540 0.922793508 101.173492432
0.917334199 -0.010393468 0.397982329 5.843898773 0.005069235 0.999882996 0.014427954 -2.453494549 -0.398085743 -0.011217790 0.917279601 101.671913147
0.912288964 -0.010793719 0.409404665 6.082191467 0.005421075 0.999883235 0.014281401 -2.456814766 -0.409511030 -0.010809354 0.912241101 102.151679993
0.906069577 -0.011152959 0.422981679 6.341384888 0.005332955 0.999874115 0.014940432 -2.465067625 -0.423095018 -0.011281326 0.906015038 102.646865845
0.899694979 -0.011903080 0.436356813 6.641391754 0.006242414 0.999876797 0.014404135 -2.470937252 -0.436474532 -0.010235410 0.899658382 103.146163940
0.893705368 -0.012149588 0.448489815 6.910598755 0.006123140 0.999870420 0.014884908 -2.483565807 -0.448612541 -0.010556556 0.893663943 103.626190186
0.887781084 -0.012692913 0.460090876 7.174118042 0.006804295 0.999872386 0.014454898 -2.471694469 -0.460215777 -0.009702190 0.887754142 104.125686646
0.880720615 -0.013275200 0.473450065 7.458488464 0.007179334 0.999866426 0.014680410 -2.479780674 -0.473581672 -0.009530283 0.880698323 104.600486755
0.873944640 -0.013533056 0.485837072 7.749439240 0.007394122 0.999866724 0.014550559 -2.482257843 -0.485969186 -0.009124045 0.873928308 105.068008423
0.868147075 -0.014333260 0.496099830 8.039211273 0.007901550 0.999855280 0.015060433 -2.493157864 -0.496243924 -0.009154714 0.868134797 105.528106689
