1.000000000 0.000000000 0.000000000 0.000000000 0.000000000 1.000000000 0.000000000 0.000000000 0.000000000 0.000000000 1.000000000 0.000000000
0.999999940 0.000182910 0.000166153 -0.001280291 -0.000182903 1.000000000 -0.000038068 -0.000504314 -0.000166160 0.000038038 1.000000000 0.000991340
1.000000000 0.000092458 -0.000016429 0.007508181 -0.000092457 1.000000000 0.000036841 -0.000150213 0.000016432 -0.000036840 1.000000000 -0.004341482
1.000000000 -0.000026222 0.000029686 0.001318864 0.000026222 1.000000000 -0.000012856 0.000139128 -0.000029685 0.000012857 1.000000000 -0.000025590
1.000000000 0.000119146 0.000177964 -0.002443317 -0.000119132 1.000000000 -0.000078496 0.002251643 -0.000177974 0.000078475 1.000000000 0.001757662
1.000000000 0.000020298 0.000014926 -0.000355924 -0.000020298 1.000000000 0.000029021 0.001493523 -0.000014925 -0.000029021 1.000000000 -0.002239201
1.000000000 0.000069700 0.000110572 -0.004298590 -0.000069695 1.000000000 -0.000042362 0.002880992 -0.000110575 0.000042355 1.000000000 0.000615513
1.000000000 0.000147334 0.000054454 0.000191556 -0.000147333 1.000000000 -0.000022614 -0.000689135 -0.000054458 0.000022606 1.000000000 -0.004417807
1.000000000 0.000096537 0.000092970 0.001079309 -0.000096532 1.000000000 -0.000048093 -0.000056327 -0.000092975 0.000048084 1.000000000 -0.002111572
1.000000000 0.000188656 0.000087633 0.001073376 -0.000188658 1.000000000 0.000016112 0.001775280 -0.000087630 -0.000016128 1.000000000 -0.009294390
1.000000000 -0.000050456 0.000054864 0.000127190 0.000050460 1.000000000 -0.000079517 -0.000699631 -0.000054860 0.000079520 1.000000000 0.001415300
1.000000000 0.000028953 0.000131412 -0.005668861 -0.000028935 1.000000000 -0.000137430 0.001701734 -0.000131416 0.000137426 1.000000000 0.002220844
0.999999940 0.000116180 0.000224754 -0.003839689 -0.000116168 1.000000000 -0.000054344 0.001687295 -0.000224761 0.000054318 1.000000000 0.002355285
1.000000000 -0.000217579 -0.000007304 -0.002040680 0.000217580 0.999999940 0.000123268 0.001118022 0.000007277 -0.000123270 1.000000000 -0.005788673
0.999999940 -0.000297363 -0.000012147 -0.000897392 0.000297364 0.999999940 0.000034847 -0.001077792 0.000012136 -0.000034850 1.000000000 -0.002709094
1.000000000 -0.000119122 0.000095166 -0.000895486 0.000119126 1.000000000 -0.000041868 -0.000829125 -0.000095161 0.000041879 1.000000000 -0.001747160
1.000000000 0.000163145 0.000109806 -0.000712941 -0.000163153 1.000000000 0.000073793 -0.001511169 -0.000109794 -0.000073811 1.000000000 -0.014899379
1.000000000 -0.000164875 0.000017487 -0.000158129 0.000164877 1.000000000 -0.000068484 0.000643551 -0.000017475 0.000068487 1.000000000 -0.003703166
1.000000000 -0.000025640 0.000029296 -0.000397052 0.000025642 1.000000000 -0.000045069 -0.000395562 -0.000029294 0.000045070 1.000000000 -0.010555507
1.000000000 -0.000086445 0.000023857 -0.000256568 0.000086446 1.000000000 -0.000033411 0.000086797 -0.000023854 0.000033413 1.000000000 -0.007341447
1.000000000 0.000048227 0.000207649 -0.003653663 -0.000048225 1.000000000 -0.000010106 -0.001424313 -0.000207650 0.000010096 1.000000000 -0.003602658
1.000000000 -0.000094042 0.000088052 0.000512052 0.000094043 1.000000000 -0.000014083 -0.000572039 -0.000088050 0.000014091 1.000000000 -0.007288478
1.000000000 -0.000173939 0.000066504 -0.000974119 0.000173932 1.000000000 0.000113785 -0.001433099 -0.000066524 -0.000113773 1.000000000 -0.008857203
1.000000000 0.000037078 -0.000048526 0.006066649 -0.000037075 1.000000000 0.000064409 -0.001594006 0.000048528 -0.000064408 1.000000000 -0.013504301
1.000000000 -0.000083074 0.000060174 0.000647523 0.000083071 1.000000000 0.000042604 -0.001388788 -0.000060177 -0.000042599 1.000000000 -0.007589840
1.000000000 0.000141923 0.000176920 -0.005088270 -0.000141913 1.000000000 -0.000059990 0.000076296 -0.000176929 0.000059965 1.000000000 -0.007147313
1.000000000 0.000023401 0.000140684 -0.005874197 -0.000023416 1.000000000 0.000104467 -0.000170091 -0.000140682 -0.000104470 1.000000000 -0.006220782
1.000000000 -0.000235609 0.000014976 -0.005340823 0.000235609 1.000000000 0.000019386 0.002440348 -0.000014980 -0.000019382 1.000000000 -0.008306505
1.000000000 -0.000189925 -0.000037886 0.000077675 0.000189927 1.000000000 0.000047238 -0.001900231 0.000037877 -0.000047245 1.000000000 -0.002759947
1.000000000 -0.000051826 0.000123183 -0.003193162 0.000051828 1.000000000 -0.000015486 0.001525828 -0.000123182 0.000015492 1.000000000 -0.001456089
1.000000000 -0.000164481 0.000121015 -0.003808846 0.000164469 1.000000000 0.000096398 -0.000275854 -0.000121031 -0.000096378 1.000000000 -0.005356998
1.000000000 -0.000196771 -0.000025799 0.000774370 0.000196771 1.000000000 0.000009770 -0.000335573 0.000025797 -0.000009775 1.000000000 -0.006865973
1.000000000 -0.000019255 0.000035708 -0.003493100 0.000019258 1.000000000 -0.000082012 0.000851039 -0.000035706 0.000082012 1.000000000 -0.004180212
1.000000000 0.000028554 -0.000004169 -0.000940308 -0.000028555 1.000000000 -0.000161154 0.005700151 0.000004164 0.000161154 1.000000000 0.001018564
1.000000000 -0.000170680 -0.000025285 -0.003025727 0.000170676 1.000000000 -0.000141590 0.001981083 0.000025309 0.000141586 1.000000000 -0.006728652
0.999999940 -0.000287278 -0.000134734 -0.000542533 0.000287271 0.999999940 -0.000057489 -0.000766623 0.000134751 0.000057450 1.000000000 -0.005715648
1.000000000 -0.000204385 0.000055901 -0.001639389 0.000204381 1.000000000 0.000073008 -0.000886777 -0.000055916 -0.000072996 1.000000000 -0.003290576
1.000000000 0.000059094 0.000078864 -0.003070729 -0.000059105 1.000000000 0.000138910 -0.001929878 -0.000078856 -0.000138914 1.000000000 -0.008094424
0.999999940 -0.000297106 -0.000117010 0.000392672 0.000297112 0.999999940 0.000052484 -0.002807089 0.000116994 -0.000052519 1.000000000 -0.001623474
1.000000000 0.000068501 0.000069981 -0.000025266 -0.000068451 0.999999762 -0.000719229 -0.003693993 -0.000070030 0.000719224 0.999999762 0.049142424
1.000000000 0.000052631 -0.000077958 0.004968070 -0.000052736 0.999999106 -0.001347315 -0.002862155 0.000077887 0.001347320 0.999999106 0.143793449
1.000000000 -0.000045284 -0.000195255 0.008363686 0.000045012 0.999999046 -0.001394993 -0.011023201 0.000195318 0.001394984 0.999998987 0.260367960
1.000000000 -0.000066009 0.000021836 0.004182770 0.000066035 0.999999285 -0.001216686 -0.017534247 -0.000021756 0.001216687 0.999999285 0.383393764
1.000000000 -0.000001818 -0.000206822 0.007537611 0.000001554 0.999999166 -0.001272528 -0.017776268 0.000206824 0.001272527 0.999999166 0.530282199
0.999999881 0.000419795 0.000184155 0.007111897 -0.000419533 0.999998927 -0.001421473 -0.024097286 -0.000184752 0.001421395 0.999998987 0.681261361
1.000000000 -0.000192223 0.000041307 0.026250634 0.000192258 0.999999583 -0.000868738 -0.026934411 -0.000041140 0.000868746 0.999999642 0.865112484
0.999999940 0.000221589 0.000120383 0.017553184 -0.000221501 0.999999702 -0.000728443 -0.030604396 -0.000120544 0.000728417 0.999999702 1.036425114
1.000000000 -0.000062538 0.000229103 0.022339441 0.000062723 0.999999702 -0.000807172 -0.039383091 -0.000229053 0.000807187 0.999999642 1.227502346
0.999999881 -0.000246684 -0.000463169 0.051351268 0.000246356 0.999999702 -0.000707864 -0.044548523 0.000463344 0.000707749 0.999999642 1.442893982
0.999999881 -0.000071058 -0.000526387 0.045895346 0.000070730 0.999999821 -0.000623724 -0.048629116 0.000526432 0.000623687 0.999999642 1.649874449
0.999999702 -0.000771963 0.000117075 0.044309806 0.000771986 0.999999702 -0.000202304 -0.065935500 -0.000116918 0.000202395 1.000000000 1.840206742
0.999999344 -0.001127923 -0.000264019 0.019888647 0.001128268 0.999998450 0.001310574 -0.095785059 0.000262541 -0.001310871 0.999999106 2.009375811
0.999999046 -0.001394673 -0.000147161 0.026030716 0.001394838 0.999998391 0.001126343 -0.101632945 0.000145589 -0.001126547 0.999999404 2.234509230
0.999999940 -0.000443553 0.000306600 0.022285329 0.000443211 0.999999285 0.001113379 -0.103025511 -0.000307094 -0.001113243 0.999999404 2.448337555
0.999999106 -0.001297296 0.000262702 0.036186479 0.001296931 0.999998152 0.001386867 -0.119998321 -0.000264501 -0.001386525 0.999998927 2.704171181
0.999999464 -0.000894887 0.000515045 0.038484816 0.000894026 0.999998152 0.001668956 -0.125407070 -0.000516537 -0.001668495 0.999998450 2.937550306
0.999999464 -0.000910622 0.000259181 0.046131041 0.000910228 0.999998391 0.001516224 -0.128650993 -0.000260562 -0.001515988 0.999998808 3.173917770
0.999998868 -0.001445397 0.000416813 0.045669809 0.001444816 0.999998033 0.001390517 -0.133824766 -0.000418822 -0.001389913 0.999998927 3.416031361
0.999999464 -0.000964805 0.000322434 0.065017663 0.000964439 0.999998868 0.001133863 -0.142827228 -0.000323528 -0.001133551 0.999999285 3.793065548
0.999999821 -0.000669528 -0.000031718 0.072682321 0.000669566 0.999999106 0.001203320 -0.145797089 0.000030912 -0.001203341 0.999999285 4.035199165
0.999998450 -0.001720844 -0.000265980 0.084728435 0.001721124 0.999997914 0.001059204 -0.152178109 0.000264157 -0.001059660 0.999999404 4.318911076
0.999999344 -0.001087537 -0.000085917 0.085953623 0.001087672 0.999998033 0.001588786 -0.158482745 0.000084189 -0.001588879 0.999998748 4.586769104
0.999998987 -0.001399900 -0.000252371 0.093787558 0.001400330 0.999997497 0.001708148 -0.175055280 0.000249979 -0.001708499 0.999998510 4.839718342
0.999998987 -0.001144593 0.000875524 0.087592006 0.001142577 0.999996662 0.002299735 -0.207418561 -0.000878153 -0.002298732 0.999996960 5.274324417
0.999998569 -0.001262561 0.001122470 0.089579426 0.001260165 0.999996960 0.002132020 -0.213324964 -0.001125158 -0.002130603 0.999997139 5.530171871
0.999998450 -0.001486444 0.000969008 0.100887202 0.001484173 0.999996185 0.002340491 -0.222625434 -0.000972484 -0.002339049 0.999996781 5.809984684
0.999998510 -0.001377779 0.001152963 0.101658896 0.001375023 0.999996305 0.002387465 -0.227947861 -0.001156248 -0.002385875 0.999996543 6.056241512
0.999998212 -0.001299819 0.001415211 0.106829584 0.001296406 0.999996305 0.002409970 -0.237965703 -0.001418339 -0.002408130 0.999996126 6.327005863
0.999998987 -0.000681923 0.001318368 0.124295317 0.000678291 0.999996066 0.002753834 -0.258165300 -0.001320241 -0.002752937 0.999995351 6.559621334
0.999997616 -0.002147632 0.000355689 0.152599171 0.002146695 0.999994278 0.002614163 -0.274634957 -0.000361301 -0.002613394 0.999996543 7.415226936
0.999998391 -0.001747748 0.000259836 0.154958531 0.001747066 0.999995112 0.002600142 -0.286369711 -0.000264379 -0.002599684 0.999996603 7.699144840
0.999998093 -0.001858110 0.000505249 0.166061699 0.001856767 0.999994814 0.002644916 -0.290438980 -0.000510161 -0.002643973 0.999996364 8.001858711
0.999998450 -0.001664847 0.000596264 0.175943792 0.001663308 0.999995351 0.002571543 -0.302582890 -0.000600543 -0.002570547 0.999996543 8.303339958
0.999998033 -0.001740278 0.000924875 0.176931649 0.001737733 0.999994755 0.002744918 -0.315711588 -0.000929647 -0.002743305 0.999995828 8.611253738
0.999999046 -0.001225821 0.000527238 0.208528101 0.001224117 0.999993980 0.003219531 -0.329402715 -0.000531181 -0.003218882 0.999994695 8.895459175
0.999997318 -0.002317238 0.000003762 0.223224476 0.002317222 0.999994338 0.002442279 -0.332944065 -0.000009421 -0.002442264 0.999997020 9.784231186
0.999996901 -0.002484916 0.000087453 0.235595286 0.002484679 0.999993443 0.002612858 -0.340797544 -0.000093945 -0.002612632 0.999996603 10.116365433
0.999996901 -0.002472609 -0.000025482 0.234449372 0.002472661 0.999994218 0.002311743 -0.347188860 0.000019766 -0.002311798 0.999997318 10.458261490
0.999998450 -0.001717247 0.000441525 0.234047085 0.001716117 0.999995351 0.002546165 -0.360961914 -0.000445895 -0.002545403 0.999996662 10.801869392
0.999996960 -0.002483489 0.000101013 0.257156432 0.002483187 0.999992728 0.002894574 -0.372159660 -0.000108200 -0.002894313 0.999995768 11.138838768
0.999999106 -0.001205259 0.000527035 0.251797080 0.001203729 0.999995053 0.002894814 -0.377200335 -0.000530521 -0.002894177 0.999995649 11.490483284
0.999998033 -0.001926038 0.000426225 0.309999853 0.001924901 0.999994636 0.002652437 -0.402053833 -0.000431331 -0.002651611 0.999996364 12.481416702
0.999997795 -0.002082268 0.000305058 0.318901211 0.002081424 0.999994040 0.002742100 -0.411596537 -0.000310766 -0.002741458 0.999996185 12.840356827
0.999997914 -0.002019275 0.000238592 0.318106204 0.002018541 0.999993384 0.003038657 -0.421570361 -0.000244727 -0.003038169 0.999995291 13.216747284
0.999996364 -0.002663040 0.000245792 0.335822284 0.002662211 0.999991000 0.003314017 -0.435352206 -0.000254616 -0.003313351 0.999994457 13.582664490
0.999995410 -0.003016901 0.000040313 0.360430896 0.003016768 0.999991059 0.002969632 -0.437010288 -0.000049272 -0.002969497 0.999995589 13.979244232
0.999997139 -0.002291286 0.000518973 0.360121727 0.002289525 0.999991715 0.003368794 -0.454879552 -0.000526688 -0.003367597 0.999994159 14.380724907
0.999996424 -0.002666862 0.000206907 0.396949768 0.002666312 0.999993026 0.002614917 -0.471976966 -0.000213879 -0.002614357 0.999996483 15.352252960
0.999994218 -0.003413614 0.000002605 0.411134779 0.003413599 0.999991417 0.002333066 -0.473767668 -0.000010569 -0.002333043 0.999997199 15.753222466
0.999994576 -0.003290504 -0.000316007 0.422681749 0.003291309 0.999991179 0.002579657 -0.491776556 0.000307516 -0.002580682 0.999996543 16.155870438
0.999995410 -0.002977406 0.000458294 0.435323834 0.002976185 0.999992073 0.002642275 -0.496945530 -0.000466158 -0.002640899 0.999996364 16.583621979
0.999997616 -0.001851289 0.001179567 0.425897151 0.001847419 0.999992847 0.003273144 -0.519237339 -0.001185619 -0.003270957 0.999993920 16.990301132
0.999989688 -0.004532566 0.000350596 0.448921353 0.004531451 0.999984860 0.003119913 -0.553363264 -0.000364732 -0.003118292 0.999994993 17.459077835
0.999988675 -0.004745100 -0.000171336 0.431427568 0.004745770 0.999980092 0.004155495 -0.619094193 0.000151615 -0.004156261 0.999991357 17.963548660
0.999985158 -0.005447417 -0.000055828 0.444737107 0.005447610 0.999975383 0.004419248 -0.631156266 0.000031753 -0.004419486 0.999990284 18.391487122
0.999989331 -0.004459340 0.001201040 0.444928288 0.004454096 0.999980688 0.004334138 -0.642751396 -0.001220344 -0.004328742 0.999989867 18.847612381
0.999988317 -0.004760565 0.000883472 0.461819321 0.004755910 0.999975145 0.005199214 -0.660886168 -0.000908201 -0.005194951 0.999986112 19.286794662
0.999990225 -0.004300074 0.001002721 0.466593027 0.004295342 0.999979734 0.004675252 -0.661130428 -0.001022805 -0.004670898 0.999988556 19.735919952
0.999987483 -0.004702903 0.001723817 0.475625873 0.004693626 0.999974668 0.005346813 -0.692534983 -0.001748919 -0.005338655 0.999984205 20.153606415
0.999991059 -0.003727304 0.001983324 0.487698674 0.003716937 0.999979496 0.005205607 -0.719295740 -0.002002686 -0.005198189 0.999984503 20.870914459
0.999991477 -0.003581089 0.002036675 0.497921050 0.003571135 0.999981761 0.004870265 -0.728554487 -0.002054079 -0.004862951 0.999986112 21.341178894
0.999988377 -0.003939935 0.002788472 0.512779117 0.003925347 0.999978721 0.005217669 -0.738316417 -0.002808970 -0.005206663 0.999982476 21.814348221
0.999987185 -0.004349827 0.002583176 0.532036364 0.004334504 0.999973178 0.005908060 -0.759597003 -0.002608806 -0.005896789 0.999979258 22.314304352
0.999989986 -0.003578068 0.002668484 0.538055539 0.003561641 0.999974847 0.006135747 -0.769830465 -0.002690370 -0.006126182 0.999977648 22.784963608
0.999990284 -0.003911012 0.001989448 0.558880627 0.003899875 0.999976814 0.005571852 -0.801271379 -0.002011194 -0.005564040 0.999982417 23.407485962
0.999990940 -0.003720878 0.002020733 0.558347881 0.003711137 0.999981582 0.004803159 -0.805149496 -0.002038569 -0.004795617 0.999986410 23.918231964
0.999992192 -0.003119340 0.002422266 0.556723714 0.003105603 0.999979198 0.005654615 -0.828642964 -0.002439854 -0.005647049 0.999981105 24.420455933
0.999990225 -0.004134000 0.001520728 0.581816912 0.004125221 0.999975085 0.005731168 -0.854289651 -0.001544382 -0.005724838 0.999982417 24.940502167
0.999991000 -0.004043431 0.001248450 0.572851896 0.004036042 0.999974668 0.005865201 -0.864385307 -0.001272134 -0.005860109 0.999981940 25.440141678
0.999991417 -0.004074417 0.000613500 0.621455252 0.004070308 0.999970198 0.006555928 -0.890666485 -0.000640192 -0.006553375 0.999978364 25.904735565
0.999981940 -0.006002952 0.000312309 0.511789620 0.006000979 0.999964118 0.005978389 -0.892394722 -0.000348186 -0.005976406 0.999982059 26.441177368
0.999985933 -0.005305985 -0.000010144 0.512076020 0.005305937 0.999964297 0.006570282 -0.913807988 -0.000024718 -0.006570242 0.999978364 26.971595764
0.999981344 -0.006110304 -0.000072358 0.508914709 0.006110643 0.999960721 0.006417815 -0.931162119 0.000033141 -0.006418136 0.999979377 27.523712158
0.999989092 -0.004574527 -0.000957569 0.523115277 0.004580359 0.999970317 0.006179161 -0.937170148 0.000929274 -0.006183479 0.999980509 28.099510193
0.999988258 -0.004467198 -0.001864253 0.553351581 0.004477565 0.999974370 0.005594232 -0.942223907 0.001839214 -0.005602513 0.999982595 28.683862686
0.999976218 -0.006486556 -0.002401042 0.467390776 0.006504774 0.999949515 0.007658789 -1.045646429 0.002351241 -0.007674222 0.999967813 29.052860260
0.999974012 -0.006663778 -0.002777399 0.477461994 0.006685223 0.999947369 0.007784810 -1.056936741 0.002725377 -0.007803175 0.999965906 29.603889465
0.999956489 -0.008443316 -0.003966864 0.500955224 0.008474309 0.999933124 0.007862398 -1.049723148 0.003900214 -0.007895673 0.999961257 30.174682617
0.999972224 -0.006603073 -0.003464274 0.487884551 0.006630809 0.999945581 0.008056898 -1.092717171 0.003410885 -0.008079646 0.999961555 30.780242920
0.999974966 -0.005689973 -0.004208451 0.504488409 0.005723304 0.999952018 0.007950777 -1.096904516 0.004163009 -0.007974664 0.999959588 31.377639771
0.999976397 -0.005519637 -0.004092608 0.512365043 0.005555752 0.999945402 0.008866131 -1.104886532 0.004043446 -0.008888658 0.999952316 31.690679550
0.999969900 -0.006082333 -0.004818607 0.521536589 0.006126562 0.999938726 0.009217716 -1.124200344 0.004762246 -0.009246959 0.999945879 32.246105194
0.999965847 -0.006515345 -0.005083452 0.536974013 0.006561183 0.999937475 0.009053256 -1.135764837 0.005024150 -0.009086301 0.999946058 32.844615936
0.999952495 -0.007305409 -0.006451620 0.579196572 0.007357478 0.999940336 0.008084179 -1.121584773 0.006392177 -0.008131264 0.999946475 33.410957336
0.999936938 -0.008872340 -0.006882397 0.597035110 0.008939383 0.999912262 0.009772430 -1.158227205 0.006795090 -0.009833339 0.999928594 33.946960449
0.999961853 -0.006235563 -0.006116340 0.548207760 0.006297993 0.999927700 0.010241673 -1.207659483 0.006052037 -0.010279804 0.999928832 34.142555237
0.999965489 -0.005523905 -0.006200567 0.556219220 0.005588377 0.999930024 0.010429029 -1.223430514 0.006142524 -0.010463322 0.999926388 34.680908203
0.999963939 -0.006002057 -0.006007656 0.570209384 0.006058996 0.999936461 0.009504848 -1.230334878 0.005950226 -0.009540905 0.999936700 35.260028839
0.999970376 -0.005304561 -0.005578354 0.538132846 0.005354390 0.999945521 0.008955739 -1.192845821 0.005530544 -0.008985342 0.999944270 35.793113708
0.999969661 -0.004812577 -0.006118629 0.558552265 0.004869445 0.999944806 0.009313366 -1.225996971 0.006073471 -0.009342880 0.999937832 36.376884460
0.999966323 -0.005190791 -0.006371148 0.564825594 0.005252461 0.999939144 0.009701245 -1.234857678 0.006320404 -0.009734382 0.999932647 36.898784637
0.999947786 -0.006978200 -0.007454324 0.587426543 0.007057745 0.999917805 0.010698424 -1.278126240 0.007379054 -0.010750476 0.999914944 37.181594849
0.999943614 -0.007514561 -0.007502526 0.586406231 0.007599777 0.999906123 0.011395271 -1.295085192 0.007416192 -0.011451646 0.999906898 37.684310913
0.999946892 -0.006704849 -0.007823885 0.599590957 0.006789576 0.999918044 0.010853568 -1.299660921 0.007750474 -0.010906111 0.999910474 38.239429474
0.999958456 -0.005403229 -0.007339148 0.592267275 0.005480552 0.999929309 0.010556758 -1.320583344 0.007281589 -0.010596544 0.999917388 38.795341492
0.999958575 -0.005803676 -0.007008429 0.563259840 0.005881772 0.999920309 0.011174493 -1.339384317 0.006943018 -0.011215253 0.999912977 39.404464722
0.999961913 -0.005268605 -0.006964241 0.586222291 0.005351652 0.999914110 0.011960369 -1.361978531 0.006900629 -0.011997180 0.999904275 39.910110474
0.999942183 -0.007296996 -0.007889357 0.599408984 0.007396585 0.999892354 0.012668509 -1.378164530 0.007796067 -0.012726133 0.999888599 40.202556610
0.999948561 -0.006227294 -0.007994496 0.613843739 0.006322131 0.999909341 0.011892881 -1.377364874 0.007919710 -0.011942813 0.999897301 40.756355286
0.999940753 -0.007137605 -0.008205910 0.612783074 0.007235144 0.999902844 0.011918696 -1.389670253 0.008120039 -0.011977361 0.999895215 41.289676666
0.999936402 -0.007707240 -0.008232123 0.618715167 0.007818688 0.999877036 0.013592771 -1.416481256 0.008126347 -0.013656271 0.999873638 41.793247223
0.999930739 -0.007688715 -0.008900605 0.631020427 0.007809991 0.999875963 0.013671908 -1.425533295 0.008794381 -0.013740475 0.999866843 42.344882965
0.999938071 -0.007733248 -0.007991569 0.608781815 0.007840961 0.999877632 0.013536208 -1.423385859 0.007885912 -0.013598032 0.999876380 42.874271393
0.999943495 -0.006773586 -0.008190407 0.659457445 0.006883180 0.999886155 0.013427405 -1.449130654 0.008098524 -0.013483021 0.999876201 43.412528992
0.999950349 -0.005904769 -0.008027811 0.647004962 0.006003792 0.999905467 0.012367660 -1.423624396 0.007954024 -0.012415243 0.999891281 43.703495026
0.999941409 -0.007180312 -0.008095066 0.655072331 0.007275381 0.999904156 0.011776350 -1.427750230 0.008009733 -0.011834554 0.999897897 44.258899689
0.999939084 -0.006650698 -0.008795531 0.669090986 0.006755579 0.999905705 0.011948852 -1.437309861 0.008715233 -0.012007544 0.999889851 44.801734924
0.999935329 -0.006627404 -0.009240618 0.669333458 0.006739249 0.999903738 0.012125510 -1.450236082 0.009159368 -0.012186999 0.999883771 45.359661102
0.999943733 -0.006876097 -0.008080581 0.648891151 0.006974583 0.999900937 0.012223672 -1.465281487 0.007995730 -0.012279343 0.999892592 45.909240723
0.999954700 -0.005557911 -0.007726321 0.653000772 0.005650854 0.999911249 0.012059893 -1.478055716 0.007658608 -0.012103007 0.999897361 46.468856812
0.999943495 -0.006839802 -0.008128286 0.661392331 0.006944249 0.999892771 0.012891949 -1.487161160 0.008039235 -0.012947668 0.999883831 46.760322571
0.999943435 -0.006758582 -0.008211376 0.672656655 0.006857342 0.999903738 0.012059228 -1.487108946 0.008129083 -0.012114853 0.999893486 47.320693970
0.999941945 -0.006756354 -0.008394655 0.678893685 0.006864664 0.999892652 0.012941124 -1.501538634 0.008306318 -0.012998000 0.999881029 47.835113525
0.999951184 -0.006326265 -0.007583341 0.674495339 0.006423809 0.999896049 0.012908277 -1.515639544 0.007500890 -0.012956360 0.999887884 48.348625183
0.999955237 -0.006088143 -0.007246105 0.645432532 0.006174604 0.999909282 0.011970120 -1.512308955 0.007172572 -0.012014328 0.999902070 48.969741821
0.999945998 -0.006324817 -0.008241270 0.699900270 0.006426345 0.999903083 0.012351714 -1.546337366 0.008162349 -0.012404009 0.999889612 49.539768219
0.999954164 -0.005076292 -0.008112120 0.717725575 0.005180201 0.999904156 0.012839717 -1.541108727 0.008046165 -0.012881150 0.999884605 49.752307892
0.999950111 -0.005717047 -0.008183699 0.729430914 0.005821222 0.999901593 0.012762830 -1.557194233 0.008109929 -0.012809833 0.999885023 50.282062531
0.999955773 -0.005256257 -0.007800101 0.728801489 0.005348774 0.999915063 0.011887882 -1.557549953 0.007736955 -0.011929077 0.999898911 50.839454651
0.999948084 -0.005606753 -0.008498535 0.747120202 0.005712974 0.999905229 0.012526435 -1.564652681 0.008427499 -0.012574339 0.999885380 51.401790619
0.999949694 -0.005620888 -0.008311153 0.737113237 0.005716293 0.999917626 0.011500305 -1.571475267 0.008245828 -0.011547236 0.999899268 51.969024658
0.999962449 -0.004657959 -0.007307953 0.718857467 0.004742446 0.999921620 0.011586658 -1.579063892 0.007253409 -0.011620881 0.999906123 52.520217896
0.999948502 -0.005540901 -0.008493819 0.744399965 0.005649188 0.999902368 0.012778388 -1.592875719 0.008422184 -0.012825713 0.999882281 52.764705658
0.999947011 -0.005682947 -0.008584373 0.741371989 0.005786703 0.999909878 0.012110434 -1.594830036 0.008514775 -0.012159466 0.999889791 53.307018280
0.999960482 -0.004681583 -0.007552930 0.736936927 0.004767759 0.999923289 0.011432198 -1.596159697 0.007498829 -0.011467758 0.999906123 53.852478027
0.999949157 -0.005652629 -0.008347824 0.753946543 0.005760734 0.999899089 0.012983358 -1.617055655 0.008273594 -0.013030787 0.999880850 54.265644073
0.999948263 -0.005822590 -0.008335898 0.756444693 0.005927665 0.999902606 0.012636561 -1.625303745 0.008261509 -0.012685320 0.999885380 54.811080933
0.999939740 -0.006565434 -0.008797274 0.780545235 0.006669839 0.999907076 0.011891682 -1.623657942 0.008718383 -0.011949642 0.999890625 55.343769073
0.999954879 -0.005479166 -0.007756912 0.745209336 0.005572688 0.999911308 0.012086794 -1.638536692 0.007690000 -0.012129473 0.999896824 55.871723175
0.999953926 -0.004858743 -0.008279230 0.764038682 0.004959526 0.999913335 0.012196279 -1.649466276 0.008219256 -0.012236780 0.999891341 56.352989197
0.999954522 -0.005158550 -0.008023795 0.749809146 0.005266838 0.999894500 0.013533749 -1.667503119 0.007953136 -0.013575392 0.999876201 56.696193695
0.999961138 -0.004632811 -0.007508436 0.750209689 0.004731657 0.999901712 0.013200721 -1.669847965 0.007446542 -0.013235733 0.999884665 57.267910004
0.999954581 -0.005556075 -0.007741652 0.761358261 0.005654214 0.999903262 0.012713050 -1.678279400 0.007670267 -0.012756245 0.999889195 57.789077759
0.999944508 -0.006233330 -0.008497988 0.800576210 0.006339009 0.999902248 0.012466056 -1.673907161 0.008419451 -0.012519231 0.999886215 58.410148621
0.999956131 -0.005298759 -0.007721226 0.763177156 0.005401289 0.999896705 0.013319062 -1.712433577 0.007649855 -0.013360183 0.999881446 58.877609253
0.999947667 -0.005925860 -0.008331151 0.797604322 0.006039646 0.999887884 0.013699784 -1.709541321 0.008249034 -0.013749388 0.999871373 59.091022491
0.999945581 -0.005953866 -0.008560834 0.805621147 0.006072227 0.999885321 0.013867000 -1.715713263 0.008477291 -0.013918230 0.999867141 59.625293732
0.999940932 -0.006232156 -0.008904393 0.813971043 0.006344751 0.999899507 0.012672918 -1.715813994 0.008824519 -0.012728666 0.999880016 60.160758972
0.999947786 -0.006320642 -0.008033618 0.818134427 0.006421143 0.999900639 0.012546360 -1.728311539 0.007953522 -0.012597293 0.999889016 60.669483185
0.999938130 -0.006240723 -0.009211523 0.833420157 0.006353491 0.999904573 0.012263978 -1.718279362 0.009134110 -0.012321744 0.999882340 61.268398285
0.999943614 -0.006240329 -0.008590795 0.820006967 0.006360122 0.999881864 0.013988363 -1.756534934 0.008502488 -0.014042214 0.999865234 61.496929169
0.999942183 -0.006015323 -0.008907282 0.852647841 0.006145624 0.999873400 0.014674182 -1.777632356 0.008817884 -0.014728077 0.999852598 62.008789062
0.999939620 -0.006686034 -0.008714747 0.822496295 0.006798024 0.999893844 0.012885042 -1.747542262 0.008627672 -0.012943510 0.999878943 62.588249207
0.999935269 -0.006824852 -0.009099230 0.848655164 0.006938333 0.999897778 0.012498857 -1.744308949 0.009012997 -0.012561182 0.999880373 63.137332916
0.999935031 -0.006644521 -0.009252514 0.855716288 0.006773513 0.999879301 0.013980496 -1.778010130 0.009158502 -0.014042260 0.999859393 63.402648926
0.999938846 -0.006682173 -0.008815194 0.857710302 0.006802960 0.999882340 0.013743971 -1.786591053 0.008722319 -0.013803100 0.999866605 63.946640015
0.999941409 -0.006403766 -0.008730325 0.849864125 0.006520798 0.999888361 0.013443340 -1.793207884 0.008643263 -0.013499481 0.999871492 64.485649109
0.999939382 -0.006275705 -0.009050079 0.878299892 0.006394818 0.999892533 0.013193374 -1.806695938 0.008966310 -0.013250448 0.999872029 65.075851440
0.999933124 -0.006351841 -0.009667966 0.926427603 0.006478554 0.999892712 0.013132082 -1.794636130 0.009583520 -0.013193839 0.999867022 65.615539551
0.999930799 -0.007325382 -0.009203927 0.882358372 0.007451532 0.999877751 0.013747465 -1.809555769 0.009102096 -0.013815098 0.999863148 65.783508301
0.999945223 -0.006712375 -0.008036200 0.872727752 0.006820648 0.999885321 0.013522429 -1.819563985 0.007944510 -0.013576500 0.999876261 66.336799622
0.999934554 -0.007316485 -0.008790393 0.900456727 0.007430495 0.999887764 0.013007870 -1.816566467 0.008694235 -0.013072335 0.999876738 66.872512817
0.999929667 -0.007569804 -0.009125792 0.933956087 0.007684289 0.999891341 0.012576066 -1.802280307 0.009029602 -0.012645310 0.999879301 67.429504395
0.999918282 -0.007651337 -0.010239182 0.980720341 0.007779479 0.999891222 0.012534015 -1.800306201 0.010142166 -0.012612647 0.999868989 67.970001221
0.999915600 -0.008347154 -0.009947354 0.935340583 0.008480164 0.999874175 0.013405256 -1.831455946 0.009834206 -0.013488483 0.999860644 68.140716553
0.999921143 -0.008146355 -0.009556264 0.921154082 0.008268777 0.999883294 0.012841696 -1.833365560 0.009450536 -0.012919700 0.999871850 68.711273193
0.999926507 -0.007050783 -0.009856414 0.957049251 0.007169663 0.999901295 0.012078242 -1.845374227 0.009770282 -0.012148024 0.999878466 69.211486816
0.999918580 -0.007894733 -0.010023757 0.970095515 0.008014002 0.999896824 0.011914794 -1.843823195 0.009928660 -0.011994154 0.999878705 69.739730835
0.999916375 -0.008357823 -0.009869279 0.973553538 0.008486615 0.999878347 0.013080966 -1.854344010 0.009758751 -0.013163630 0.999865711 69.995590210
0.999911904 -0.008213894 -0.010421092 0.997901142 0.008353019 0.999875546 0.013377752 -1.874225497 0.010309914 -0.013463621 0.999856114 70.540069580
0.999921560 -0.007557359 -0.009978064 0.985220850 0.007679052 0.999895871 0.012214752 -1.866009355 0.009884715 -0.012290417 0.999875605 71.094451904
0.999880016 -0.010706427 -0.011197715 1.039529800 0.010838865 0.999871075 0.011834300 -1.861220121 0.011069570 -0.011954249 0.999867201 71.649116516
0.999914289 -0.008355996 -0.010077253 1.007336497 0.008491836 0.999872625 0.013513270 -1.901622415 0.009963053 -0.013597689 0.999857843 71.901359558
0.999920726 -0.007949007 -0.009761448 1.010281801 0.008076776 0.999881387 0.013120202 -1.903244853 0.009655995 -0.013198004 0.999866247 72.459419250
0.999917626 -0.008203133 -0.009861112 1.017157078 0.008326663 0.999886513 0.012551845 -1.913633943 0.009757029 -0.012632922 0.999872625 73.010665894
0.999889612 -0.010409586 -0.010602706 1.043851614 0.010539029 0.999869645 0.012226551 -1.911134601 0.010474050 -0.012336941 0.999869049 73.597564697
0.999919474 -0.008067484 -0.009786599 1.070717931 0.008186986 0.999891639 0.012232567 -1.911396503 0.009686853 -0.012311707 0.999877274 74.069511414
0.999906838 -0.009183059 -0.010094318 0.996972263 0.009315832 0.999869645 0.013185992 -1.910560131 0.009971913 -0.013278800 0.999862075 74.326240540
0.999900699 -0.009604506 -0.010313299 1.010410428 0.009739291 0.999866724 0.013099400 -1.922478914 0.010186112 -0.013198543 0.999861002 74.863967896
0.999898195 -0.009815919 -0.010359836 1.029020786 0.009941332 0.999877095 0.012124428 -1.929711342 0.010239550 -0.012226183 0.999872863 75.440162659
0.999892175 -0.010499463 -0.010272336 1.020952106 0.010616279 0.999878824 0.011384160 -1.914043903 0.010151566 -0.011491986 0.999882460 75.983039856
0.999913871 -0.008743746 -0.009787872 1.019361734 0.008859442 0.999890625 0.011839998 -1.934301138 0.009683277 -0.011925695 0.999882042 76.523406982
0.999909937 -0.009045597 -0.009911453 0.995892227 0.009170391 0.999878347 0.012618570 -1.937842369 0.009796105 -0.012708326 0.999871254 76.786209106
0.999908090 -0.009366839 -0.009798254 1.002128839 0.009493092 0.999871552 0.012918979 -1.943203211 0.009675984 -0.013010810 0.999868512 77.331733704
0.999901354 -0.009675491 -0.010174272 1.003513813 0.009801006 0.999875486 0.012359717 -1.948449373 0.010053419 -0.012458216 0.999871790 77.859001160
0.999907911 -0.009550252 -0.009633315 1.011229038 0.009660125 0.999888062 0.011424144 -1.951106787 0.009523134 -0.011516153 0.999888301 78.390678406
0.999925852 -0.009000944 -0.008199894 0.993396461 0.009102071 0.999881864 0.012379858 -1.948667526 0.008087496 -0.012453576 0.999889672 78.747932434
0.999938250 -0.009129012 -0.006338897 0.992497206 0.009205339 0.999884188 0.012118200 -1.962798238 0.006227537 -0.012175802 0.999906421 79.302993774
0.999943554 -0.009100935 -0.005482916 1.009071350 0.009163875 0.999891043 0.011565401 -1.969001055 0.005377062 -0.011614993 0.999918044 79.871231079
0.999947131 -0.009258798 -0.004454006 1.002798676 0.009309767 0.999889851 0.011562182 -1.960136890 0.004346461 -0.011603037 0.999923170 80.401626587
0.999960601 -0.008736927 -0.001548673 1.023296118 0.008755672 0.999883056 0.012540400 -1.990744591 0.001438927 -0.012553466 0.999920189 80.705909729
0.999964297 -0.008248177 0.001847861 1.047106147 0.008223882 0.999884427 0.012790835 -1.996830940 -0.001953149 -0.012775179 0.999916553 81.258529663
0.999951363 -0.008646343 0.004747276 1.067486525 0.008589071 0.999891698 0.011954600 -1.991590619 -0.004850125 -0.011913246 0.999917328 81.805831909
0.999919236 -0.009229840 0.008734839 1.092997670 0.009129563 0.999892831 0.011450983 -1.986527443 -0.008839594 -0.011370312 0.999896348 82.326293945
0.999864399 -0.006983437 0.014915721 1.137827873 0.006792686 0.999895036 0.012801198 -2.056867599 -0.015003548 -0.012698144 0.999806821 82.779792786
0.999742329 -0.007545187 0.021405166 1.146229982 0.007275873 0.999893785 0.012631839 -2.072849989 -0.021498198 -0.012472844 0.999691069 83.296440125
0.999605834 -0.008060541 0.026893014 1.129579663 0.007717768 0.999887943 0.012825332 -2.042698383 -0.026993377 -0.012612722 0.999556184 83.663414001
0.999336481 -0.008548819 0.035405856 1.169190288 0.008094851 0.999883354 0.012945450 -2.043232918 -0.035512399 -0.012650254 0.999289215 84.219230652
0.999009550 -0.008256258 0.043725759 1.215576172 0.007703521 0.999888480 0.012794442 -2.057136774 -0.043826520 -0.012444926 0.998961627 84.754592896
0.998695850 -0.009065423 0.050244763 1.263426065 0.008439830 0.999884367 0.012649089 -2.059797764 -0.050353624 -0.012208534 0.998656809 85.306678772
0.998187363 -0.009117988 0.059489876 1.297401667 0.008434634 0.999895573 0.011727929 -2.053764820 -0.059590608 -0.011204893 0.998159945 85.914520264
0.997577310 -0.009334063 0.068937652 1.349259853 0.008448821 0.999878228 0.013121631 -2.082342148 -0.069051743 -0.012507400 0.997534633 86.181083679
0.996933162 -0.009827429 0.077638231 1.411001682 0.008849245 0.999877214 0.012933268 -2.081149101 -0.077755779 -0.012206565 0.996897757 86.742607117
0.996211410 -0.009551127 0.086438276 1.448206425 0.008518985 0.999888122 0.012301818 -2.080303669 -0.086546093 -0.011518846 0.996181250 87.367614746
0.995287478 -0.009651463 0.096486710 1.554224968 0.008528035 0.999891102 0.012048949 -2.092781544 -0.096592493 -0.011169325 0.995261371 87.909759521
0.994309902 -0.010609133 0.105996549 1.637793064 0.009321189 0.999876738 0.012638846 -2.121263027 -0.106117561 -0.011578916 0.994286239 88.264434814
0.993310332 -0.011673096 0.114883825 1.718184471 0.010224468 0.999860823 0.013190713 -2.098997593 -0.115021802 -0.011927846 0.993291378 88.708358765
0.991787314 -0.008852035 0.127591208 1.730252266 0.007260875 0.999889970 0.012930497 -2.080541611 -0.127691656 -0.011897881 0.991742492 89.370491028
0.990161300 -0.009203437 0.139627367 1.830827713 0.007465288 0.999888062 0.012967143 -2.089165688 -0.139731079 -0.011797205 0.990119219 89.918472290
0.988611579 -0.009995676 0.150157362 1.946110725 0.008223569 0.999889135 0.012417976 -2.091189861 -0.150264844 -0.011041725 0.988584161 90.454193115
0.987098575 -0.009479979 0.159832448 2.045563698 0.007603139 0.999894798 0.012350015 -2.101263523 -0.159932718 -0.010975453 0.987066925 90.995300293
0.984973550 -0.009288631 0.172455132 2.156491280 0.007182755 0.999891937 0.012831180 -2.116903305 -0.172555685 -0.011399671 0.984933853 91.504096985
0.982810199 -0.010736227 0.184306279 2.293440819 0.008533492 0.999882460 0.012740549 -2.120793581 -0.184421405 -0.010948767 0.982786238 92.046890259
0.980796039 -0.011182057 0.194715366 2.394624710 0.008793045 0.999875128 0.013129300 -2.111909389 -0.194837838 -0.011165026 0.980771899 92.458587646
0.977959633 -0.010455580 0.208532065 2.522529602 0.007865863 0.999881327 0.013244218 -2.118861198 -0.208645791 -0.011312027 0.977925837 93.029518127
0.974823713 -0.010351050 0.222736433 2.664381027 0.007559225 0.999881804 0.013383147 -2.124453783 -0.222848624 -0.011362496 0.974786758 93.548599243
0.972434282 -0.011825937 0.232876852 2.848859787 0.008778076 0.999861777 0.014119911 -2.161966801 -0.233011663 -0.011686478 0.972403646 94.012527466
0.969380558 -0.011741413 0.245282292 2.983737946 0.008669360 0.999869883 0.013600558 -2.151291847 -0.245410055 -0.011057678 0.969356239 94.569366455
0.965413570 -0.010887856 0.260496289 3.070011139 0.007694859 0.999882221 0.013274101 -2.102053165 -0.260610163 -0.010810512 0.965383589 95.023086548
0.962011874 -0.011440706 0.272767842 3.249576569 0.008072269 0.999876678 0.013468149 -2.115297794 -0.272888273 -0.010754663 0.961985648 95.536224365
0.958911657 -0.012141682 0.283445030 3.439262390 0.008697120 0.999872327 0.013407758 -2.127043247 -0.283571571 -0.010391699 0.958894730 96.052627563
0.954559743 -0.012196581 0.297770143 3.626266479 0.008302452 0.999862671 0.014338979 -2.145232916 -0.297904134 -0.011215188 0.954529941 96.574371338
0.949862242 -0.012003041 0.312438399 3.810195923 0.008105054 0.999872267 0.013771749 -2.132779360 -0.312563807 -0.010548932 0.949838161 97.134597778
0.946311414 -0.012559727 0.323012531 4.004926682 0.008437392 0.999864042 0.014159262 -2.146371841 -0.323146492 -0.010673688 0.946288705 97.562507629
0.941930830 -0.013140170 0.335549742 4.219161987 0.008962316 0.999861896 0.013996338 -2.149668694 -0.335687339 -0.010176280 0.941918492 98.020858765
0.936562061 -0.012295706 0.350286186 4.316663742 0.007627540 0.999862790 0.014703271 -2.148006916 -0.350418866 -0.011098703 0.936527371 98.418235779
0.932403088 -0.013271814 0.361176282 4.715373993 0.008697405 0.999860108 0.014287960 -2.155735731 -0.361315429 -0.010180841 0.932388067 99.141616821
0.927829087 -0.013345409 0.372766703 4.948532104 0.008777631 0.999864221 0.013948283 -2.159752369 -0.372902215 -0.009669615 0.927820265 99.650733948
0.921950758 -0.013364286 0.387076706 5.188636780 0.008516107 0.999862373 0.014237542 -2.166709900 -0.387213647 -0.009829925 0.921937585 100.143844604
0.916126668 -0.012827568 0.400683403 5.446376801 0.007776172 0.999868572 0.014230492 -2.186428070 -0.400813252 -0.009921150 0.916105986 100.689727783
0.911507964 -0.014761406 0.411017478 5.608131409 0.009558277 0.999846101 0.014711503 -2.177465439 -0.411171377 -0.009481031 0.911508739 101.060165405
0.906375527 -0.014272181 0.422231734 5.867202759 0.008943424 0.999853432 0.014598589 -2.186872244 -0.422378182 -0.009455607 0.906370401 101.535133362
0.899614155 -0.014126264 0.436457247 6.126449585 0.008444639 0.999852598 0.014955104 -2.199687481 -0.436604142 -0.009768100 0.899600685 102.047134399
0.893909276 -0.015099416 0.447993547 6.398498535 0.009520768 0.999846637 0.014701997 -2.200078964 -0.448146820 -0.008877009 0.893915951 102.534255981
0.888117075 -0.014880510 0.459376216 6.675769806 0.009114338 0.999849439 0.014767132 -2.211718559 -0.459526777 -0.008928032 0.888119042 103.010086060
0.880691528 -0.015294170 0.473443031 6.898426056 0.009232935 0.999843001 0.015124094 -2.203764915 -0.473599970 -0.008948393 0.880694568 103.411056519
0.873476684 -0.015610091 0.486615539 7.191509247 0.009340527 0.999839246 0.015307455 -2.209142685 -0.486776292 -0.008825460 0.873482108 103.891845703
0.867585063 -0.015565315 0.497045040 7.476024628 0.009233940 0.999841928 0.015193046 -2.207667828 -0.497203022 -0.008591576 0.867591619 104.369468689
