1.000000000 0.000000000 0.000000000 0.000000000 0.000000000 1.000000000 0.000000000 0.000000000 0.000000000 0.000000000 1.000000000 0.000000000
1.000000000 -0.000027236 -0.000064275 0.000690320 0.000027247 1.000000000 0.000184583 -0.001216648 0.000064270 -0.000184585 1.000000000 -0.000544593
1.000000000 0.000083876 -0.000124138 0.001198673 -0.000083871 1.000000000 0.000036321 -0.000136157 0.000124141 -0.000036311 1.000000000 -0.001230074
1.000000000 0.000137058 0.000020288 -0.000080778 -0.000137059 1.000000000 0.000028416 -0.000250292 -0.000020284 -0.000028418 1.000000000 0.001485688
1.000000000 0.000007061 -0.000050602 0.000301008 -0.000007060 1.000000000 0.000002177 -0.000506273 0.000050602 -0.000002177 1.000000000 -0.001060216
1.000000000 -0.000011797 -0.000151418 0.000579702 0.000011810 1.000000000 0.000083160 -0.000974222 0.000151417 -0.000083162 1.000000000 -0.000706682
1.000000000 -0.000075316 -0.000006827 0.000536149 0.000075316 1.000000000 -0.000009455 -0.000140673 0.000006828 0.000009454 1.000000000 0.000587777
1.000000000 0.000023954 0.000073192 0.000382183 -0.000023955 1.000000000 0.000009614 0.000372570 -0.000073192 -0.000009616 1.000000000 0.002088294
1.000000000 -0.000026085 0.000014191 0.000253302 0.000026085 1.000000000 -0.000025077 0.000144252 -0.000014190 0.000025078 1.000000000 0.001036126
1.000000000 -0.000120412 0.000000070 0.001309500 0.000120412 1.000000000 0.000003357 0.000632801 -0.000000070 -0.000003357 1.000000000 0.001651869
1.000000000 0.000000004 -0.000135630 0.001779618 0.000000012 1.000000000 0.000118584 -0.001119746 0.000135630 -0.000118584 1.000000000 -0.000408594
1.000000000 0.000164459 0.000082620 -0.000099178 -0.000164453 1.000000000 -0.000072129 0.001026463 -0.000082631 0.000072116 1.000000000 0.001229280
0.999999940 -0.000230809 -0.000116236 0.001002566 0.000230823 0.999999940 0.000124798 -0.001001136 0.000116207 -0.000124825 1.000000000 -0.001513583
1.000000000 0.000050880 0.000108687 -0.000661943 -0.000050899 1.000000000 0.000175453 -0.000968623 -0.000108678 -0.000175458 1.000000000 0.000995188
1.000000000 -0.000039877 0.000001554 0.000609154 0.000039877 1.000000000 0.000072515 -0.000282716 -0.000001557 -0.000072515 1.000000000 -0.000472202
1.000000000 -0.000071706 -0.000104356 0.000387796 0.000071714 1.000000000 0.000080132 -0.000963525 0.000104350 -0.000080140 1.000000000 -0.001868808
1.000000000 0.000087847 0.000111867 -0.000994663 -0.000087854 1.000000000 0.000069132 -0.000218400 -0.000111861 -0.000069142 1.000000000 0.001757707
1.000000000 -0.000107983 -0.000145507 0.000566097 0.000107998 1.000000000 0.000107006 -0.000983303 0.000145495 -0.000107022 1.000000000 -0.000319437
1.000000000 -0.000091081 0.000088598 0.000032390 0.000091084 1.000000000 -0.000036964 0.000072891 -0.000088594 0.000036972 1.000000000 -0.000560001
1.000000000 -0.000116365 -0.000043963 0.000788327 0.000116371 1.000000000 0.000141658 -0.000760448 0.000043947 -0.000141664 1.000000000 0.000198784
1.000000000 0.000128069 -0.000032718 0.000344391 -0.000128070 1.000000000 -0.000018307 -0.000248624 0.000032716 0.000018311 1.000000000 -0.000409885
1.000000000 0.000049621 -0.000011982 0.000183301 -0.000049621 1.000000000 -0.000010916 0.000461857 0.000011982 0.000010917 1.000000000 0.000425163
1.000000000 0.000056134 0.000076278 0.000101831 -0.000056145 1.000000000 0.000145203 -0.000662596 -0.000076270 -0.000145208 1.000000000 0.001294137
1.000000000 0.000094321 0.000056536 0.000125598 -0.000094327 1.000000000 0.000121795 0.000311313 -0.000056525 -0.000121800 1.000000000 0.000627900
1.000000000 -0.000052651 -0.000202377 0.001901201 0.000052676 1.000000000 0.000121210 -0.000310792 0.000202371 -0.000121221 1.000000000 0.000749141
1.000000000 0.000079542 -0.000133577 0.001073628 -0.000079533 1.000000000 0.000067747 -0.000261897 0.000133583 -0.000067737 1.000000000 -0.001554258
1.000000000 0.000128278 -0.000129854 0.001042249 -0.000128287 1.000000000 -0.000071803 0.000237158 0.000129845 0.000071819 1.000000000 -0.000462187
1.000000000 0.000087978 -0.000115493 0.000461575 -0.000087973 1.000000000 0.000040799 -0.000457219 0.000115496 -0.000040789 1.000000000 -0.000620341
1.000000000 -0.000137204 -0.000091577 -0.000053678 0.000137221 1.000000000 0.000185347 -0.000809584 0.000091552 -0.000185360 1.000000000 -0.000673094
1.000000000 0.000083956 -0.000077291 0.000619931 -0.000083961 1.000000000 -0.000057549 0.000478937 0.000077286 0.000057556 1.000000000 -0.000709444
1.000000000 0.000061401 -0.000120154 0.000548894 -0.000061377 1.000000000 0.000195250 -0.000538651 0.000120166 -0.000195243 1.000000000 -0.001454948
1.000000000 -0.000021212 -0.000155843 0.000901417 0.000021221 1.000000000 0.000053731 0.000169605 0.000155842 -0.000053734 1.000000000 0.000293100
1.000000000 -0.000137867 -0.000022753 0.000292971 0.000137867 1.000000000 -0.000001956 0.000125586 0.000022753 0.000001953 1.000000000 0.000012213
1.000000000 -0.000063323 -0.000157583 0.001222433 0.000063326 1.000000000 0.000017729 0.000770794 0.000157582 -0.000017739 1.000000000 0.001288419
1.000000000 0.000009656 -0.000027136 0.000530220 -0.000009657 1.000000000 -0.000027896 0.001316624 0.000027135 0.000027896 1.000000000 0.002299299
1.000000000 -0.000110712 -0.000050776 0.000906250 0.000110710 1.000000000 -0.000039786 0.002058135 0.000050780 0.000039780 1.000000000 0.002771071
1.000000000 -0.000043602 -0.000004625 0.000349542 0.000043603 1.000000000 0.000154780 0.000320318 0.000004618 -0.000154780 1.000000000 0.001809120
1.000000000 0.000049305 0.000020021 0.000173160 -0.000049308 1.000000000 0.000136402 0.000143303 -0.000020015 -0.000136403 1.000000000 0.001109039
1.000000000 -0.000110868 0.000043394 0.000451842 0.000110869 1.000000000 -0.000017375 0.001000130 -0.000043392 0.000017379 1.000000000 0.000852148
1.000000000 -0.000162316 0.000131464 0.001013928 0.000162330 1.000000000 -0.000106283 0.000251342 -0.000131447 0.000106305 1.000000000 0.000317039
0.999999940 -0.000217885 0.000122937 0.000915304 0.000217961 0.999999762 -0.000611410 -0.001964831 -0.000122804 0.000611436 0.999999821 0.051947847
1.000000000 0.000144095 0.000001538 0.002004497 -0.000144094 0.999999344 -0.001129619 -0.005257868 -0.000001701 0.001129618 0.999999344 0.135131687
0.999999821 0.000556557 -0.000124286 0.004344075 -0.000556713 0.999999046 -0.001257626 -0.007875962 0.000123586 0.001257695 0.999999225 0.251995087
0.999998927 0.001286648 -0.000721027 0.007839692 -0.001287550 0.999998391 -0.001252229 -0.015246307 0.000719415 0.001253156 0.999998868 0.376829147
0.999999523 0.000925288 -0.000363780 0.007625142 -0.000925746 0.999998748 -0.001261108 -0.018336672 0.000362613 0.001261444 0.999999046 0.518556237
0.999998987 0.001298915 -0.000542583 0.011262231 -0.001299436 0.999998689 -0.000960972 -0.026366446 0.000541334 0.000961676 0.999999404 0.664301753
0.999999344 0.001065484 -0.000381001 0.015698213 -0.001065689 0.999999344 -0.000538589 -0.031914122 0.000380427 0.000538995 0.999999821 0.825983286
0.999999464 0.000964243 -0.000262642 0.017134806 -0.000964440 0.999999225 -0.000748038 -0.032109477 0.000261920 0.000748291 0.999999702 0.997825265
0.999998569 0.001660995 -0.000381450 0.017975224 -0.001661174 0.999998450 -0.000470531 -0.040465564 0.000380668 0.000471164 0.999999762 1.175366402
0.999999166 0.001303321 -0.000325449 0.020301552 -0.001303609 0.999998808 -0.000885259 -0.036714036 0.000324294 0.000885683 0.999999523 1.378719687
0.999998927 0.001359024 -0.000540837 0.028052310 -0.001359170 0.999999046 -0.000270858 -0.052157681 0.000540468 0.000271593 0.999999821 1.549332976
0.999999285 0.001121254 -0.000469583 0.036448777 -0.001121492 0.999999285 -0.000506192 -0.051839147 0.000469015 0.000506718 0.999999762 1.748978019
0.999998569 0.001573348 -0.000649338 0.037328370 -0.001573497 0.999998748 -0.000229444 -0.061260872 0.000648976 0.000230466 0.999999762 1.956810236
0.999999225 0.001130423 -0.000530383 0.042617165 -0.001130398 0.999999404 0.000047901 -0.070157737 0.000530437 -0.000047301 0.999999821 2.165400982
0.999998689 0.001521170 -0.000535772 0.043277282 -0.001521367 0.999998748 -0.000368270 -0.072315343 0.000535212 0.000369084 0.999999821 2.387505054
0.999998808 0.001382550 -0.000637619 0.051477849 -0.001382673 0.999999046 -0.000192148 -0.082136989 0.000637353 0.000193030 0.999999762 2.606495142
0.999999046 0.001440642 -0.000109757 0.048585497 -0.001440653 0.999998987 -0.000098623 -0.090603665 0.000109615 0.000098781 0.999999940 2.829155445
0.999998569 0.001651975 -0.000180377 0.055030994 -0.001652025 0.999998629 -0.000277981 -0.095394440 0.000179917 0.000278278 0.999999940 3.055927515
0.999999344 0.000879815 -0.000663953 0.064360246 -0.000880046 0.999999642 -0.000347273 -0.100187019 0.000663647 0.000347857 0.999999762 3.305293798
0.999999166 0.001276756 -0.000090580 0.060669888 -0.001276767 0.999999166 -0.000120584 -0.109854244 0.000090426 0.000120700 0.999999940 3.546690702
0.999998868 0.001453087 0.000028975 0.062877633 -0.001453080 0.999998927 -0.000263405 -0.113666743 -0.000029357 0.000263363 0.999999940 3.811240673
0.999999344 0.001070580 0.000071289 0.068436772 -0.001070542 0.999999225 -0.000538722 -0.119446650 -0.000071865 0.000538646 0.999999881 4.064467430
0.999999046 0.001398402 0.000014922 0.073775604 -0.001398403 0.999999046 0.000040454 -0.128990099 -0.000014865 -0.000040475 0.999999940 4.319854736
0.999999523 0.000913004 -0.000311980 0.084026635 -0.000913140 0.999999464 -0.000439372 -0.136459410 0.000311579 0.000439657 0.999999821 4.572093964
0.999999642 0.000896468 -0.000197604 0.090721607 -0.000896509 0.999999642 -0.000206991 -0.142208412 0.000197418 0.000207168 1.000000000 4.835351467
0.999998689 0.001521710 0.000460441 0.085837461 -0.001521753 0.999998808 0.000094267 -0.148004204 -0.000460297 -0.000094968 0.999999881 5.094122410
0.999999106 0.001273931 0.000293682 0.092595592 -0.001273877 0.999999106 -0.000182349 -0.153976589 -0.000293914 0.000181974 0.999999940 5.362990856
0.999998808 0.001505107 0.000389925 0.097375982 -0.001505092 0.999998808 -0.000037209 -0.162761196 -0.000389980 0.000036623 0.999999940 5.637690544
0.999999046 0.001262726 0.000505242 0.098599315 -0.001262909 0.999999166 0.000361471 -0.174254298 -0.000504785 -0.000362109 0.999999762 5.895717144
0.999999106 0.001162451 0.000579594 0.105080828 -0.001162659 0.999999285 0.000358920 -0.180949092 -0.000579177 -0.000359593 0.999999762 6.181743145
0.999999106 0.001266180 0.000425616 0.113653958 -0.001266177 0.999999285 -0.000007379 -0.188835308 -0.000425625 0.000006840 0.999999940 6.466562271
0.999998093 0.001682397 0.000964300 0.112065278 -0.001682359 0.999998569 -0.000039170 -0.193498001 -0.000964364 0.000037548 0.999999464 6.749813080
0.999998748 0.001153434 0.001068940 0.119735301 -0.001153826 0.999999225 0.000366562 -0.204672232 -0.001068516 -0.000367795 0.999999344 7.052819729
0.999998808 0.001226385 0.000876540 0.131485969 -0.001226895 0.999998987 0.000581987 -0.215675443 -0.000875826 -0.000583062 0.999999464 7.340952396
0.999999166 0.000862561 0.000948372 0.139893830 -0.000862710 0.999999583 0.000156742 -0.219475940 -0.000948236 -0.000157560 0.999999523 7.660439968
0.999998510 0.001434375 0.000976017 0.143698782 -0.001435101 0.999998689 0.000743983 -0.242032349 -0.000974948 -0.000745382 0.999999225 7.962066650
0.999997795 0.001830822 0.000962078 0.149896234 -0.001831854 0.999997735 0.001073341 -0.248390868 -0.000960111 -0.001075101 0.999998868 8.288745880
0.999998927 0.001254505 0.000745867 0.160156667 -0.001254970 0.999998987 0.000622917 -0.260897458 -0.000745085 -0.000623852 0.999999523 8.617238998
0.999998152 0.001553375 0.001131138 0.161207199 -0.001554320 0.999998510 0.000834845 -0.268592030 -0.001129840 -0.000836602 0.999998987 8.962553978
0.999998987 0.001193447 0.000774869 0.176580682 -0.001194318 0.999998629 0.001124875 -0.286246300 -0.000773526 -0.001125799 0.999998987 9.289551735
0.999998808 0.001466519 0.000653407 0.184764415 -0.001467171 0.999998391 0.000997619 -0.292453617 -0.000651943 -0.000998576 0.999999225 9.640903473
0.999998152 0.001653274 0.000955521 0.192374915 -0.001654348 0.999997973 0.001124565 -0.303565025 -0.000953660 -0.001126143 0.999998868 9.980948448
0.999997973 0.001731871 0.001015253 0.194429532 -0.001733219 0.999997616 0.001328475 -0.317888021 -0.001012950 -0.001330232 0.999998569 10.342782974
0.999998212 0.001172871 0.001452467 0.196873888 -0.001175110 0.999998033 0.001541093 -0.325938702 -0.001450657 -0.001542797 0.999997735 10.685784340
0.999998212 0.001002512 0.001581495 0.199901864 -0.001004174 0.999998927 0.001050389 -0.325863600 -0.001580440 -0.001051975 0.999998212 11.058157921
0.999997616 0.001249759 0.001803661 0.207467303 -0.001252411 0.999998152 0.001470155 -0.343534589 -0.001801820 -0.001472411 0.999997318 11.430289268
0.999996781 0.001434204 0.002090357 0.206879452 -0.001435931 0.999998689 0.000824922 -0.343470812 -0.002089171 -0.000827922 0.999997497 11.821583748
0.999998331 0.001120896 0.001425160 0.227476016 -0.001122852 0.999998391 0.001372310 -0.364944130 -0.001423620 -0.001373908 0.999998033 12.168998718
0.999998450 0.001082861 0.001385978 0.240225896 -0.001084645 0.999998569 0.001286565 -0.375548631 -0.001384583 -0.001288066 0.999998212 12.554396629
0.999997556 0.000792636 0.002059749 0.238062441 -0.000795219 0.999998868 0.001253455 -0.379094630 -0.002058754 -0.001255090 0.999997079 12.951703072
0.999998331 0.000301566 0.001800046 0.250927508 -0.000304158 0.999998927 0.001439818 -0.393129170 -0.001799610 -0.001440363 0.999997258 13.347294807
0.999998271 0.000245537 0.001824313 0.259210169 -0.000248272 0.999998868 0.001499409 -0.406874865 -0.001823943 -0.001499859 0.999997139 13.756254196
0.999997377 0.000571035 0.002229756 0.266379356 -0.000574205 0.999998808 0.001421502 -0.411579251 -0.002228942 -0.001422779 0.999996483 14.186224937
0.999997258 0.000440880 0.002298874 0.278677821 -0.000443660 0.999999166 0.001208626 -0.424383223 -0.002298339 -0.001209643 0.999996603 14.604400635
0.999995530 0.000262119 0.002975972 0.282215953 -0.000267381 0.999998391 0.001767837 -0.438864112 -0.002975504 -0.001768625 0.999993980 15.023339272
0.999995291 0.000136926 0.003038394 0.293658495 -0.000140878 0.999999166 0.001300237 -0.444142073 -0.003038214 -0.001300659 0.999994516 15.468399048
0.999992549 0.000758225 0.003790389 0.301072508 -0.000764170 0.999998450 0.001567186 -0.463041395 -0.003789194 -0.001570071 0.999991596 15.896093369
0.999989629 0.000884156 0.004474448 0.310625523 -0.000890881 0.999998450 0.001501140 -0.472061574 -0.004473114 -0.001505110 0.999988854 16.343788147
0.999984980 0.001158500 0.005358750 0.311700940 -0.001162903 0.999998987 0.000818580 -0.476557463 -0.005357796 -0.000824800 0.999985337 16.791440964
0.999988556 -0.000177459 0.004779839 0.333381087 0.000167121 0.999997616 0.002163215 -0.503020704 -0.004780211 -0.002162392 0.999986231 17.239320755
0.999987125 -0.000365275 0.005066413 0.345449805 0.000351799 0.999996424 0.002660348 -0.517150700 -0.005067366 -0.002658532 0.999983609 17.702577591
0.999986827 -0.000150434 0.005127606 0.360713691 0.000137378 0.999996722 0.002546389 -0.527574658 -0.005127973 -0.002545651 0.999983609 18.167615891
0.999987185 -0.000061624 0.005060301 0.375035107 0.000047883 0.999996305 0.002715474 -0.539183855 -0.005060449 -0.002715197 0.999983549 18.638177872
0.999986351 0.000236224 0.005224830 0.388043702 -0.000246860 0.999997914 0.002034994 -0.551564097 -0.005224338 -0.002036256 0.999984264 19.124536514
0.999984086 0.000224028 0.005652085 0.400318950 -0.000233804 0.999998450 0.001729097 -0.561571956 -0.005651690 -0.001730390 0.999982536 19.606420517
0.999983490 0.000406189 0.005734477 0.408315420 -0.000415698 0.999998569 0.001657234 -0.571675301 -0.005733795 -0.001659590 0.999982178 20.105981827
0.999989867 0.000223158 0.004499200 0.438594401 -0.000235980 0.999995828 0.002849575 -0.601008892 -0.004498546 -0.002850608 0.999985814 20.600769043
0.999990642 0.001119732 0.004196349 0.446601689 -0.001128600 0.999997079 0.002111482 -0.605736732 -0.004193972 -0.002116198 0.999988914 21.106138229
0.999989748 0.001125817 0.004381626 0.452002078 -0.001133785 0.999997616 0.001816515 -0.612160027 -0.004379571 -0.001821465 0.999988675 21.609045029
0.999988675 0.000757438 0.004698840 0.443379372 -0.000769030 0.999996662 0.002465561 -0.636858881 -0.004696955 -0.002469147 0.999985874 22.102985382
0.999992311 0.000234476 0.003928236 0.458656818 -0.000242450 0.999997914 0.002029432 -0.640312135 -0.003927751 -0.002030368 0.999990225 22.617799759
0.999989986 0.001359993 0.004268028 0.462039649 -0.001369094 0.999996781 0.002130205 -0.660409391 -0.004265117 -0.002136027 0.999988616 23.137062073
0.999994874 0.001133862 0.002984925 0.473858505 -0.001141679 0.999995887 0.002618552 -0.674840033 -0.002981945 -0.002621946 0.999992132 23.667188644
0.999996245 0.000647361 0.002658661 0.480117291 -0.000654313 0.999996364 0.002614520 -0.699103117 -0.002656959 -0.002616249 0.999993026 24.192760468
0.999997079 0.001422448 0.001938867 0.489310980 -0.001428833 0.999993503 0.003295777 -0.711245596 -0.001934167 -0.003298538 0.999992669 24.723709106
0.999996781 0.001683491 0.001957501 0.489800900 -0.001689380 0.999994040 0.003010532 -0.711128950 -0.001952422 -0.003013829 0.999993563 25.263441086
0.999998093 0.001361342 0.001412057 0.502423763 -0.001365181 0.999995351 0.002721607 -0.721667767 -0.001408346 -0.002723529 0.999995351 25.802812576
0.999997497 0.001839039 0.001323267 0.505785823 -0.001842767 0.999994338 0.002821539 -0.737380266 -0.001318070 -0.002823970 0.999995112 26.354196548
0.999998748 0.001112365 0.001143193 0.510616183 -0.001115985 0.999994338 0.003170506 -0.756745636 -0.001139660 -0.003171778 0.999994338 26.897403717
0.999999344 0.000967512 0.000660247 0.521478772 -0.000969482 0.999995112 0.002989437 -0.769481897 -0.000657351 -0.002990075 0.999995351 27.452302933
0.999997139 0.002365578 0.000519136 0.527338564 -0.002366859 0.999994159 0.002480234 -0.781468689 -0.000513265 -0.002481455 0.999996841 28.022705078
0.999996543 0.002141331 0.001521066 0.508397102 -0.002145979 0.999993026 0.003060735 -0.796093166 -0.001514501 -0.003063988 0.999994159 28.506828308
0.999996483 0.001957798 0.001803167 0.515111089 -0.001963123 0.999993742 0.002956605 -0.808948398 -0.001797367 -0.002960134 0.999994040 29.052253723
0.999997079 0.002231705 0.000842580 0.526550889 -0.002234357 0.999992490 0.003160002 -0.821550429 -0.000835521 -0.003161876 0.999994636 29.614334106
0.999997020 0.002306490 0.000776890 0.533034980 -0.002309069 0.999991775 0.003336677 -0.836819649 -0.000769187 -0.003338461 0.999994159 30.149930954
0.999995470 0.002948083 0.000622111 0.546994090 -0.002950342 0.999988914 0.003662221 -0.859698176 -0.000611308 -0.003664040 0.999993145 30.691865921
0.999995410 0.002900376 0.000907596 0.546018600 -0.002903268 0.999990642 0.003201840 -0.858957350 -0.000898301 -0.003204460 0.999994457 31.244623184
0.999995232 0.002958353 0.000918143 0.556442261 -0.002962038 0.999987364 0.004038700 -0.876453221 -0.000906184 -0.004041400 0.999991477 31.788255692
0.999996781 0.002275725 0.001099770 0.557707906 -0.002278650 0.999993801 0.002665504 -0.871672392 -0.001093698 -0.002668001 0.999995828 32.341304779
0.999996066 0.002757345 0.000562809 0.570767224 -0.002758927 0.999992311 0.002830504 -0.887608945 -0.000555000 -0.002832045 0.999995828 32.890239716
0.999995053 0.003133983 0.000472602 0.576289535 -0.003135118 0.999992192 0.002421734 -0.896068752 -0.000465009 -0.002423203 0.999996960 33.451263428
0.999996841 0.002505404 -0.000032232 0.593581915 -0.002505298 0.999992549 0.002943665 -0.910272896 0.000039607 -0.002943574 0.999995589 33.979061127
0.999997020 0.002403966 -0.000152809 0.604221344 -0.002403513 0.999992847 0.002898501 -0.924910784 0.000159777 -0.002898126 0.999995768 34.519184113
0.999996603 0.002553312 0.000388823 0.609524548 -0.002554468 0.999992192 0.003003566 -0.939200819 -0.000381151 -0.003004549 0.999995410 35.090450287
0.999997616 0.002180553 0.000099571 0.628606021 -0.002180799 0.999994338 0.002542484 -0.951471448 -0.000094026 -0.002542695 0.999996722 35.610157013
0.999996960 0.002320377 -0.000744304 0.648597360 -0.002318392 0.999993801 0.002656115 -0.962060750 0.000750463 -0.002654382 0.999996185 36.150363922
0.999997318 0.002194329 -0.000755201 0.661805987 -0.002192352 0.999994218 0.002609280 -0.973414660 0.000760923 -0.002607618 0.999996305 36.700397491
0.999997556 0.002035786 -0.000858040 0.668657482 -0.002032903 0.999992311 0.003346681 -0.997494459 0.000864847 -0.003344928 0.999994040 37.237743378
0.999998212 0.001615507 -0.000988448 0.677909493 -0.001612270 0.999993384 0.003266797 -1.024638891 0.000993718 -0.003265198 0.999994099 37.817295074
0.999998808 0.001427273 -0.000565601 0.681877792 -0.001425598 0.999994636 0.002950994 -1.033294439 0.000569810 -0.002950185 0.999995470 38.370689392
0.999997437 0.002051562 -0.000930326 0.703037560 -0.002048319 0.999991894 0.003473294 -1.055013895 0.000937444 -0.003471380 0.999993563 38.901035309
0.999996245 0.002187599 -0.001653931 0.712287426 -0.002183250 0.999994099 0.002626977 -1.045020819 0.001659668 -0.002623356 0.999995172 39.453685760
0.999996006 0.002379931 -0.001526168 0.725678921 -0.002374642 0.999991179 0.003457743 -1.068157792 0.001534384 -0.003454106 0.999992907 39.983570099
0.999996603 0.001983832 -0.001710682 0.744973421 -0.001978391 0.999992967 0.003176453 -1.085620642 0.001716972 -0.003173058 0.999993503 40.519321442
0.999996424 0.002039083 -0.001741812 0.751001179 -0.002035472 0.999995708 0.002072388 -1.081162333 0.001746030 -0.002068835 0.999996364 41.106159210
0.999991715 0.003040652 -0.002703775 0.798383892 -0.003031965 0.999990165 0.003211248 -1.110966444 0.002713513 -0.003203023 0.999991179 41.650081635
0.999991834 0.002940925 -0.002773460 0.811128378 -0.002934114 0.999992669 0.002456924 -1.117634773 0.002780666 -0.002448766 0.999993086 42.196144104
0.999991655 0.003023172 -0.002746254 0.823676407 -0.003015947 0.999991894 0.002631425 -1.133869410 0.002754187 -0.002623120 0.999992728 42.741558075
0.999990165 0.003547194 -0.002644601 0.820724130 -0.003537901 0.999987543 0.003510263 -1.144062638 0.002657019 -0.003500873 0.999990344 43.263721466
0.999991596 0.003824087 -0.001490307 0.789160371 -0.003819286 0.999987543 0.003211407 -1.152391791 0.001502569 -0.003205688 0.999993682 43.803482056
0.999991179 0.003951464 -0.001395718 0.794189215 -0.003946290 0.999985397 0.003690034 -1.168995142 0.001410279 -0.003684493 0.999992192 44.339519501
0.999991953 0.003472423 -0.001970266 0.808099151 -0.003466627 0.999989688 0.002937469 -1.175588846 0.001980446 -0.002930616 0.999993742 44.896827698
0.999992669 0.003443469 -0.001652280 0.816461384 -0.003438849 0.999990225 0.002791256 -1.189630747 0.001661876 -0.002785554 0.999994755 45.439071655
0.999994576 0.002867639 -0.001614571 0.823436737 -0.002862989 0.999991775 0.002875188 -1.205845714 0.001622802 -0.002870550 0.999994576 46.010292053
0.999995887 0.002491545 -0.001432286 0.835796654 -0.002487895 0.999993622 0.002544967 -1.222767830 0.001438618 -0.002541394 0.999995768 46.547882080
0.999992013 0.003617637 -0.001645938 0.828947783 -0.003612583 0.999988735 0.003062902 -1.223747134 0.001657002 -0.003056932 0.999993980 47.069591522
0.999992371 0.003505004 -0.001720459 0.836943448 -0.003499364 0.999988496 0.003270339 -1.236635089 0.001731902 -0.003264293 0.999993205 47.611145020
0.999994457 0.003117662 -0.001126527 0.830513239 -0.003114526 0.999991298 0.002774153 -1.244237065 0.001135166 -0.002770630 0.999995530 48.175289154
0.999992669 0.003767102 -0.000668366 0.838490605 -0.003764866 0.999987364 0.003315494 -1.267271161 0.000680848 -0.003312953 0.999994278 48.747966766
0.999994755 0.003072279 -0.001031414 0.854166448 -0.003068716 0.999989390 0.003438096 -1.281489491 0.001041966 -0.003434913 0.999993563 49.287593842
0.999992907 0.003740338 -0.000293581 0.858615220 -0.003739462 0.999988735 0.002930703 -1.288618326 0.000304539 -0.002929584 0.999995708 49.847724915
0.999996305 0.002608043 -0.000798683 0.864882767 -0.002604819 0.999988496 0.004010908 -1.315757513 0.000809134 -0.004008812 0.999991655 50.386829376
0.999995470 0.002868232 -0.000863380 0.873012424 -0.002865132 0.999989569 0.003570312 -1.326254964 0.000873611 -0.003567822 0.999993265 50.937564850
0.999995053 0.002962977 -0.001021299 0.884584963 -0.002959533 0.999989986 0.003357110 -1.335877419 0.001031235 -0.003354071 0.999993861 51.487060547
0.999993324 0.003503711 -0.001040453 0.892160833 -0.003500481 0.999989092 0.003090442 -1.348544240 0.001051270 -0.003086779 0.999994695 52.029476166
0.999994278 0.003141923 -0.001336301 0.904815912 -0.003137934 0.999990582 0.002977017 -1.363400459 0.001345642 -0.002972806 0.999994695 52.569465637
0.999993622 0.003224506 -0.001542117 0.914833128 -0.003219789 0.999990165 0.003051185 -1.370019674 0.001551940 -0.003046200 0.999994159 53.109298706
0.999994516 0.003013376 -0.001366848 0.917849779 -0.003008911 0.999990106 0.003256349 -1.388125658 0.001376648 -0.003252218 0.999993742 53.657035828
0.999994695 0.002910976 -0.001464604 0.930782318 -0.002905367 0.999988437 0.003817287 -1.409480810 0.001475699 -0.003813012 0.999991596 54.186767578
0.999994814 0.003110884 -0.000862120 0.932040393 -0.003107901 0.999989271 0.003440282 -1.417541742 0.000872814 -0.003437585 0.999993682 54.756103516
0.999994516 0.003024053 -0.001382965 0.943244100 -0.003019874 0.999990940 0.003013708 -1.429814219 0.001392066 -0.003009516 0.999994516 55.312152863
0.999994338 0.003305319 -0.000665611 0.944988608 -0.003303327 0.999990046 0.002971800 -1.441951752 0.000675427 -0.002969585 0.999995351 55.859645844
0.999995768 0.002743294 -0.000985302 0.956260920 -0.002740136 0.999991119 0.003192193 -1.458332777 0.000994051 -0.003189479 0.999994397 56.410743713
0.999994874 0.003161502 -0.000533145 0.973598897 -0.003159584 0.999988675 0.003561043 -1.480800986 0.000544397 -0.003559340 0.999993563 56.935279846
0.999992907 0.003626586 -0.001130302 0.988532007 -0.003623310 0.999989271 0.002887260 -1.486005425 0.001140759 -0.002883143 0.999995172 57.506870270
0.999990880 0.004241577 -0.000629301 0.989405394 -0.004240125 0.999988377 0.002290613 -1.496981502 0.000639008 -0.002287924 0.999997139 58.066284180
0.999994993 0.002768541 -0.001495565 1.011348605 -0.002764601 0.999992728 0.002630734 -1.513126016 0.001502837 -0.002626587 0.999995351 58.599079132
0.999994755 0.003008887 -0.001201539 1.017966628 -0.003005802 0.999992251 0.002561563 -1.523370862 0.001209237 -0.002557938 0.999995887 59.144382477
0.999993324 0.003470347 -0.001159877 1.020326495 -0.003467361 0.999990702 0.002566732 -1.538517356 0.001168774 -0.002562694 0.999996006 59.698936462
0.999992311 0.003630948 -0.001518289 1.036699057 -0.003626578 0.999989331 0.002871105 -1.553801894 0.001528697 -0.002865577 0.999994755 60.245746613
0.999993086 0.003208501 -0.001864428 1.059357285 -0.003203155 0.999990702 0.002863148 -1.570477247 0.001873597 -0.002857157 0.999994099 60.795516968
0.999991477 0.003752609 -0.001708070 1.070551157 -0.003747776 0.999988973 0.002824363 -1.586960793 0.001718650 -0.002817938 0.999994516 61.349475861
0.999991357 0.003405839 -0.002352586 1.093383312 -0.003400085 0.999991179 0.002445441 -1.597194791 0.002360894 -0.002437420 0.999994218 61.917171478
0.999990225 0.003676274 -0.002429290 1.101716042 -0.003671525 0.999991417 0.001956480 -1.608131886 0.002436461 -0.001947541 0.999995112 62.464611053
0.999990284 0.003842229 -0.002149975 1.117043972 -0.003836446 0.999989033 0.002686815 -1.632132888 0.002160274 -0.002678541 0.999994099 62.992050171
0.999988735 0.004002372 -0.002557146 1.131432533 -0.003996375 0.999989271 0.002346307 -1.637238979 0.002566509 -0.002336061 0.999993980 63.547126770
0.999988258 0.004124999 -0.002532128 1.132068157 -0.004117060 0.999986649 0.003132866 -1.664885163 0.002545017 -0.003122404 0.999991894 64.084762573
0.999992549 0.003049095 -0.002422164 1.167296767 -0.003042387 0.999991536 0.002768727 -1.680742621 0.002430585 -0.002761337 0.999993205 64.679290771
0.999991715 0.003111953 -0.002621806 1.181865454 -0.003105158 0.999991834 0.002591775 -1.692284942 0.002629849 -0.002583612 0.999993145 65.214126587
0.999990940 0.003266636 -0.002740958 1.194134951 -0.003258756 0.999990523 0.002874721 -1.707710862 0.002750323 -0.002865763 0.999992073 65.759307861
0.999995232 0.002696873 -0.001452478 1.189649463 -0.002694468 0.999994993 0.001655462 -1.704609513 0.001456936 -0.001651541 0.999997556 66.347572327
0.999995291 0.002718612 -0.001355937 1.198996544 -0.002717166 0.999995708 0.001067461 -1.709148645 0.001358833 -0.001063771 0.999998510 66.906219482
0.999993920 0.003339689 -0.001028549 1.182259560 -0.003337119 0.999991357 0.002490632 -1.752660394 0.001036858 -0.002487185 0.999996364 67.456962585
0.999989629 0.004233499 -0.001667848 1.221585512 -0.004230482 0.999989390 0.001808270 -1.750106215 0.001675485 -0.001801196 0.999996960 68.023414612
0.999989271 0.004295221 -0.001723590 1.229291439 -0.004291908 0.999988973 0.001921538 -1.770836592 0.001731824 -0.001914120 0.999996662 68.563034058
0.999987245 0.004821217 -0.001490880 1.237374187 -0.004818666 0.999986887 0.001710517 -1.786573887 0.001499108 -0.001703311 0.999997437 69.111457825
0.999991477 0.003684288 -0.001835876 1.257672906 -0.003680745 0.999991357 0.001929169 -1.803412795 0.001842970 -0.001922395 0.999996483 69.701675415
0.999989152 0.004513998 -0.001195675 1.261989594 -0.004511734 0.999988079 0.001889844 -1.816282392 0.001204193 -0.001884429 0.999997497 70.249771118
0.999991715 0.003749979 -0.001603222 1.278671265 -0.003747127 0.999991417 0.001778278 -1.830507040 0.001609877 -0.001772256 0.999997199 70.795890808
0.999994695 0.003063302 -0.001028312 1.290708065 -0.003061941 0.999994457 0.001322548 -1.838969469 0.001032358 -0.001319392 0.999998510 71.401603699
0.999993265 0.003631375 -0.000355674 1.293106198 -0.003631039 0.999993026 0.000941316 -1.850493431 0.000359090 -0.000940019 0.999999464 71.956138611
0.999991775 0.004002299 -0.000617667 1.315267920 -0.004000842 0.999989271 0.002341321 -1.889683843 0.000627029 -0.002338831 0.999997020 72.556472778
0.999992073 0.003940546 -0.000500784 1.325842977 -0.003939576 0.999990344 0.001923832 -1.905217767 0.000508359 -0.001921844 0.999998033 73.105529785
0.999991953 0.004043712 -0.000144074 1.335721731 -0.004043463 0.999990404 0.001692874 -1.914487600 0.000150918 -0.001692278 0.999998569 73.681198120
0.999994636 0.003271132 -0.000254845 1.350625515 -0.003270591 0.999992430 0.002094236 -1.934163213 0.000261696 -0.002093390 0.999997795 74.217872620
0.999994636 0.003287065 -0.000105504 1.365091205 -0.003286756 0.999990642 0.002800423 -1.958316803 0.000114707 -0.002800061 0.999996066 74.754676819
0.999996066 0.002716391 -0.000699530 1.376276731 -0.002714617 0.999993265 0.002523899 -1.975536585 0.000706379 -0.002521990 0.999996543 75.311141968
0.999996901 0.002443608 -0.000511051 1.390167832 -0.002442404 0.999994278 0.002342915 -1.989429593 0.000516773 -0.002341660 0.999997139 75.874122620
0.999996841 0.002297786 -0.000942722 1.411146045 -0.002295490 0.999994397 0.002430106 -2.005191803 0.000948301 -0.002427934 0.999996603 76.406997681
0.999996722 0.002287259 -0.001100308 1.419460177 -0.002284627 0.999994516 0.002386642 -2.016885519 0.001105762 -0.002384121 0.999996483 76.958656311
0.999996901 0.002459958 -0.000299259 1.418197751 -0.002459253 0.999994218 0.002332239 -2.035589218 0.000304994 -0.002331496 0.999997258 77.504943848
0.999994755 0.003215453 0.000439427 1.425970912 -0.003216543 0.999991715 0.002502652 -2.046979904 -0.000431377 -0.002504052 0.999996841 78.051017761
0.999995589 0.002480188 -0.001619014 1.446100593 -0.002476373 0.999994099 0.002354523 -2.061985016 0.001624845 -0.002350504 0.999995947 78.577217102
0.999994695 0.002864489 -0.001541377 1.453345776 -0.002860218 0.999992073 0.002766220 -2.081853390 0.001549289 -0.002761797 0.999994993 79.117820740
0.999993265 0.003397331 -0.001379295 1.462982178 -0.003393916 0.999991179 0.002470841 -2.088527203 0.001387678 -0.002466143 0.999996006 79.659934998
0.999995530 0.002693767 -0.001318011 1.479287386 -0.002690533 0.999993384 0.002449005 -2.108594656 0.001324600 -0.002445448 0.999996126 80.234184265
0.999995351 0.002621272 -0.001542417 1.495050192 -0.002617683 0.999993801 0.002323714 -2.121653080 0.001548501 -0.002319666 0.999996126 80.769462585
0.999997616 0.002122145 -0.000430585 1.508228421 -0.002121083 0.999994755 0.002452321 -2.136690140 0.000435785 -0.002451402 0.999996841 81.318695068
0.999995589 0.002765690 0.001091264 1.516069651 -0.002768360 0.999993205 0.002453403 -2.151886702 -0.001084472 -0.002456413 0.999996364 81.865592957
0.999994695 0.002735296 0.001757625 1.527282834 -0.002739685 0.999993265 0.002499741 -2.168735504 -0.001750776 -0.002504543 0.999995351 82.399261475
0.999990284 0.003214040 0.003009855 1.540983081 -0.003223044 0.999990344 0.002991479 -2.186554670 -0.003000211 -0.003001150 0.999990940 82.940628052
0.999975681 0.003210517 0.006193584 1.563894510 -0.003226476 0.999991417 0.002568364 -2.197658300 -0.006185285 -0.002588285 0.999977529 83.489967346
0.999947131 0.003544950 0.009657613 1.586155653 -0.003573741 0.999989152 0.002965532 -2.210302353 -0.009646997 -0.002999888 0.999949038 84.038711548
0.999911964 0.002363358 0.013056434 1.601528883 -0.002398832 0.999993443 0.002701984 -2.228483915 -0.013049962 -0.002733066 0.999911129 84.608184814
0.999842823 0.002455583 0.017554963 1.627750874 -0.002501426 0.999993503 0.002589941 -2.243447065 -0.017548487 -0.002633447 0.999842525 85.158882141
0.999722302 0.001960481 0.023483863 1.659055233 -0.002040414 0.999992192 0.003380248 -2.266203880 -0.023477055 -0.003427225 0.999718428 85.710227966
0.999570847 0.001701413 0.029244907 1.693931818 -0.001826442 0.999989271 0.004249050 -2.287975550 -0.029237362 -0.004300640 0.999563277 86.250694275
0.999390185 0.001491796 0.034889400 1.717944860 -0.001574235 0.999996006 0.002335522 -2.277338266 -0.034885783 -0.002389022 0.999388397 86.814147949
0.999098957 -0.000663117 0.042436279 1.766997576 0.000584441 0.999998033 0.001866365 -2.297163725 -0.042437445 -0.001839882 0.999097407 87.407592773
0.998717785 -0.000859666 0.050617050 1.816953897 0.000753596 0.999997437 0.002114587 -2.312270880 -0.050618738 -0.002073731 0.998715878 87.958961487
0.998260438 0.001157096 0.058949091 1.828845024 -0.001328274 0.999994993 0.002864729 -2.317803860 -0.058945477 -0.002938046 0.998256803 88.491218567
0.997660995 0.001083983 0.068346828 1.878977299 -0.001236072 0.999996960 0.002182983 -2.324247360 -0.068344243 -0.002262359 0.997659206 89.059272766
0.996929526 0.001003533 0.078296974 1.935707092 -0.001198907 0.999996305 0.002448339 -2.338990927 -0.078294225 -0.002534693 0.996927083 89.587348938
0.996257365 0.000923164 0.086431362 2.020641804 -0.001219266 0.999993563 0.003373138 -2.368344069 -0.086427696 -0.003465897 0.996252120 90.110191345
0.995479345 0.001084236 0.094971120 2.083795071 -0.001425833 0.999992728 0.003529066 -2.383621693 -0.094966620 -0.003648526 0.995473802 90.650329590
0.994399786 0.001052983 0.105679035 2.170283794 -0.001506792 0.999989986 0.004214475 -2.405646563 -0.105673544 -0.004350109 0.994391441 91.165451050
0.993305564 0.000272889 0.115515925 2.250111580 -0.000613309 0.999995589 0.002911418 -2.414015055 -0.115514629 -0.002962775 0.993301272 91.790832520
0.992143810 -0.000310297 0.125101879 2.335077286 0.000012999 0.999997199 0.002377254 -2.424131393 -0.125102267 -0.002356952 0.992141068 92.331565857
0.990770280 -0.000257609 0.135551184 2.442944527 -0.000089735 0.999996722 0.002556340 -2.428501368 -0.135551393 -0.002544909 0.990767062 92.862976074
0.989248693 -0.002368121 0.146223694 2.564316750 0.002109045 0.999995887 0.001926782 -2.440826416 -0.146227688 -0.001597674 0.989249647 93.376617432
0.987583578 -0.002666171 0.157072127 2.670610428 0.002319575 0.999994516 0.002389873 -2.461287975 -0.157077640 -0.001995859 0.987584233 93.924888611
0.985669792 -0.000886362 0.168683946 2.746308327 0.000473309 0.999996781 0.002488872 -2.462407589 -0.168685600 -0.002373367 0.985667169 94.453056335
0.983500838 -0.001214203 0.180899978 2.879159927 0.000700546 0.999995530 0.002903317 -2.485406399 -0.180902734 -0.002728686 0.983497262 94.971206665
0.981192708 -0.002624287 0.193012848 3.035036087 0.002204814 0.999994695 0.002388058 -2.499053240 -0.193018064 -0.001917588 0.981193304 95.519973755
0.979097366 -0.003099036 0.203368768 3.163373947 0.002797477 0.999994516 0.001770263 -2.506096601 -0.203373134 -0.001164340 0.979100645 96.055793762
0.976406515 -0.002812221 0.215922356 3.314668655 0.002340829 0.999994278 0.002438860 -2.524089336 -0.215927988 -0.001875882 0.976407409 96.576271057
0.973234296 -0.003126150 0.229793936 3.439348221 0.002481040 0.999992073 0.003096219 -2.541610956 -0.229801834 -0.002443218 0.973234355 97.099349976
0.970441639 -0.003218929 0.241314366 3.585323334 0.002514692 0.999991596 0.003226250 -2.554223061 -0.241322726 -0.002524057 0.970441699 97.636993408
0.967502058 -0.003402786 0.252840430 3.745765686 0.002697628 0.999991477 0.003135559 -2.566666126 -0.252848953 -0.002351590 0.967502892 98.149459839
0.963729680 -0.002955902 0.266863912 3.907785416 0.002083446 0.999991536 0.003552367 -2.585259914 -0.266872138 -0.002867525 0.963727653 98.673538208
0.960288286 -0.003871872 0.278982967 4.087373734 0.003232082 0.999991000 0.002753242 -2.594391584 -0.278991073 -0.001742211 0.960292101 99.193183899
0.956803977 -0.003368388 0.290714264 4.251455307 0.002518086 0.999991417 0.003298926 -2.608900309 -0.290722847 -0.002424382 0.956804276 99.712387085
0.952406168 -0.004451310 0.304799139 4.450319290 0.003347325 0.999985814 0.004144476 -2.630025387 -0.304813296 -0.002926964 0.952407658 100.250892639
0.947959721 -0.004856153 0.318352997 4.648189545 0.003700844 0.999984205 0.004233742 -2.645611048 -0.318368554 -0.002835243 0.947962821 100.752441406
0.943993032 -0.006567176 0.329899907 4.850559235 0.005563707 0.999976516 0.003985819 -2.652528286 -0.329918325 -0.001927119 0.944007516 101.264366150
0.939310551 -0.006792904 0.343000680 5.060775757 0.005973405 0.999976218 0.003445648 -2.661970854 -0.343015850 -0.001187652 0.939328909 101.782592773
0.934149981 -0.006462562 0.356822163 5.286880493 0.005378505 0.999977410 0.004030260 -2.679844141 -0.356840104 -0.001845698 0.934163630 102.305671692
0.929614186 -0.006829247 0.368470877 5.482740402 0.005653651 0.999974906 0.004269976 -2.698243618 -0.368490756 -0.001886225 0.929629505 102.788902283
0.924860775 -0.007267492 0.380236536 5.729717255 0.006065677 0.999972105 0.004358822 -2.708096504 -0.380257636 -0.001724912 0.924878955 103.295494080
0.918575644 -0.007754931 0.395169079 5.977149963 0.006669515 0.999969244 0.004120361 -2.709599495 -0.395188898 -0.001149277 0.918599129 103.833488464
0.912860334 -0.008269225 0.408188105 6.217887878 0.007267896 0.999965549 0.004003954 -2.718246222 -0.408207208 -0.000688383 0.912889063 104.325981140
0.907918155 -0.008517737 0.419060796 6.467689514 0.007454250 0.999963522 0.004174994 -2.733949423 -0.419081032 -0.000666768 0.907948613 104.805191040
0.901604950 -0.008862062 0.432469636 6.733699799 0.007756582 0.999960542 0.004320164 -2.745327711 -0.432490885 -0.000540595 0.901638091 105.295425415
0.895040095 -0.010275340 0.445867270 7.015876770 0.008865451 0.999947071 0.005247888 -2.774583817 -0.445897579 -0.000744256 0.895083666 105.786552429
0.889147580 -0.010550812 0.457498789 7.291908264 0.009220381 0.999944270 0.005140871 -2.789821625 -0.457527548 -0.000352680 0.889195383 106.265235901
0.883318722 -0.011384861 0.468634605 7.556381226 0.009789024 0.999935091 0.005840997 -2.800225019 -0.468670666 -0.000571988 0.883372724 106.742851257
0.875914693 -0.011289284 0.482333869 7.837432861 0.009925969 0.999936283 0.005378560 -2.810348988 -0.482363850 0.000076471 0.875970960 107.223236084
0.869053662 -0.011901079 0.494574606 8.136646271 0.010533894 0.999929130 0.005551670 -2.821900606 -0.494605660 0.000385098 0.869117379 107.682914734
