1.000000000 0.000000000 0.000000000 0.000000000 0.000000000 1.000000000 0.000000000 0.000000000 0.000000000 0.000000000 1.000000000 0.000000000
1.000000000 0.000090677 0.000095849 -0.000857801 -0.000090688 1.000000000 0.000112136 -0.000114704 -0.000095839 -0.000112144 1.000000000 0.000353867
1.000000000 0.000050478 0.000134164 -0.001570929 -0.000050479 1.000000000 0.000005726 0.000290626 -0.000134164 -0.000005733 1.000000000 0.000246295
1.000000000 0.000044515 0.000044952 -0.000702537 -0.000044517 1.000000000 0.000052311 -0.000753512 -0.000044950 -0.000052313 1.000000000 -0.000733848
1.000000000 0.000087426 0.000169917 -0.001974448 -0.000087440 1.000000000 0.000086175 -0.000586831 -0.000169909 -0.000086190 1.000000000 -0.000695523
1.000000000 -0.000132306 -0.000013166 0.000140399 0.000132306 1.000000000 -0.000027022 0.000351092 0.000013169 0.000027020 1.000000000 -0.000274337
1.000000000 0.000044865 0.000125064 -0.001798273 -0.000044874 1.000000000 0.000070505 -0.000388357 -0.000125061 -0.000070511 1.000000000 -0.000346209
1.000000000 0.000056808 0.000087481 -0.001555423 -0.000056805 1.000000000 -0.000033343 -0.000080674 -0.000087483 0.000033338 1.000000000 -0.000638608
1.000000000 0.000081274 0.000153053 -0.001395472 -0.000081276 1.000000000 0.000013315 -0.000855355 -0.000153052 -0.000013327 1.000000000 -0.000711222
1.000000000 0.000128450 0.000144408 -0.001884756 -0.000128468 1.000000000 0.000120191 -0.000701734 -0.000144392 -0.000120210 1.000000000 0.000582468
1.000000000 0.000100152 0.000161796 -0.001617774 -0.000100164 1.000000000 0.000075235 -0.000496998 -0.000161788 -0.000075252 1.000000000 0.000081427
1.000000000 0.000135781 0.000161976 -0.001609796 -0.000135786 1.000000000 0.000026422 -0.000972058 -0.000161972 -0.000026444 1.000000000 -0.000939987
1.000000000 0.000076070 0.000147210 -0.001104067 -0.000076076 1.000000000 0.000038477 0.000265037 -0.000147207 -0.000038488 1.000000000 0.000224958
1.000000000 0.000149253 0.000111699 -0.001556616 -0.000149243 1.000000000 -0.000098121 0.000867796 -0.000111714 0.000098105 1.000000000 0.000609162
1.000000000 0.000097537 0.000116553 -0.001556149 -0.000097543 1.000000000 0.000049107 -0.000171699 -0.000116548 -0.000049118 1.000000000 -0.000071284
0.999999940 0.000254221 0.000176863 -0.002182757 -0.000254211 0.999999940 -0.000057786 0.001389026 -0.000176877 0.000057741 1.000000000 0.001149287
0.999999940 0.000361393 0.000209936 -0.002756688 -0.000361384 0.999999940 -0.000043929 0.001053475 -0.000209952 0.000043853 1.000000000 0.001833746
0.999999940 0.000263343 0.000257250 -0.002478044 -0.000263339 0.999999940 -0.000014687 0.001420329 -0.000257253 0.000014619 0.999999940 0.002129045
0.999999940 0.000214383 0.000280964 -0.002580616 -0.000214362 1.000000000 -0.000075045 0.000509317 -0.000280980 0.000074984 0.999999940 0.000767637
0.999999940 0.000214487 0.000219566 -0.002552284 -0.000214503 1.000000000 0.000071283 -0.000121224 -0.000219551 -0.000071330 1.000000000 0.001671080
0.999999940 0.000300109 0.000166545 -0.001941799 -0.000300104 0.999999940 -0.000029068 0.001292794 -0.000166553 0.000029018 1.000000000 0.001574754
0.999999940 0.000269875 0.000185677 -0.002474678 -0.000269870 0.999999940 -0.000030238 0.000486613 -0.000185685 0.000030188 1.000000000 0.001733234
1.000000000 0.000157612 0.000174853 -0.002266572 -0.000157623 1.000000000 0.000060214 0.000113190 -0.000174844 -0.000060242 1.000000000 0.000923281
0.999999881 0.000407765 0.000189944 -0.002546306 -0.000407765 0.999999940 -0.000001131 0.001408801 -0.000189945 0.000001053 1.000000000 0.003032264
0.999999940 0.000296922 0.000243616 -0.002123345 -0.000296929 0.999999940 0.000027511 0.001327044 -0.000243608 -0.000027583 0.999999940 0.001976774
0.999999940 0.000217825 0.000209112 -0.001452859 -0.000217816 1.000000000 -0.000041834 0.002064600 -0.000209121 0.000041788 1.000000000 0.003088443
0.999999940 0.000342582 0.000241127 -0.002398115 -0.000342591 0.999999940 0.000035880 0.001252635 -0.000241114 -0.000035962 1.000000000 0.002301292
0.999999940 0.000341884 0.000122567 -0.002218578 -0.000341871 0.999999940 -0.000104415 0.001873806 -0.000122603 0.000104373 1.000000000 0.001019761
0.999999940 0.000328669 0.000129422 -0.001950409 -0.000328658 0.999999940 -0.000085174 0.001396442 -0.000129450 0.000085131 1.000000000 0.000741773
0.999999881 0.000345526 0.000263355 -0.002537422 -0.000345522 0.999999940 -0.000017030 0.000212465 -0.000263361 0.000016939 0.999999940 0.001009884
0.999999940 0.000231414 0.000290734 -0.003024716 -0.000231421 1.000000000 0.000024355 0.000146497 -0.000290729 -0.000024422 0.999999940 0.001732292
0.999999940 0.000314088 0.000186942 -0.001997230 -0.000314077 0.999999940 -0.000062176 0.001518753 -0.000186962 0.000062117 1.000000000 0.002426045
0.999999881 0.000415947 0.000244810 -0.002182387 -0.000415949 0.999999940 0.000007148 0.000031563 -0.000244807 -0.000007250 0.999999940 -0.000063807
0.999999881 0.000389171 0.000298810 -0.003173970 -0.000389174 0.999999940 0.000008718 0.000668767 -0.000298807 -0.000008834 0.999999940 0.002333698
0.999999881 0.000389018 0.000244263 -0.001860837 -0.000388999 0.999999940 -0.000079216 0.000266679 -0.000244294 0.000079120 0.999999940 0.000953729
0.999999940 0.000326194 0.000217557 -0.003335353 -0.000326196 0.999999940 0.000012192 0.000703558 -0.000217553 -0.000012263 1.000000000 0.000796468
0.999999881 0.000409140 0.000207730 -0.002711326 -0.000409123 0.999999940 -0.000082806 0.002245018 -0.000207764 0.000082721 1.000000000 0.001360189
0.999999881 0.000433357 0.000312935 -0.003459738 -0.000433355 0.999999881 -0.000004453 0.000956726 -0.000312937 0.000004318 0.999999940 0.001899928
0.999999881 0.000386216 0.000184236 -0.001109089 -0.000386220 0.999999940 0.000024209 0.000700986 -0.000184227 -0.000024280 1.000000000 -0.000143561
0.999999940 0.000249934 0.000185044 -0.001708421 -0.000249922 0.999999940 -0.000068405 0.000449471 -0.000185061 0.000068359 1.000000000 0.000023605
1.000000000 0.000276573 0.000327501 0.000226823 -0.000276479 0.999999940 -0.000288087 -0.004955062 -0.000327580 0.000287996 0.999999881 0.049962688
0.999999940 0.000151653 0.000338650 0.001503580 -0.000151365 0.999999642 -0.000851424 -0.006777558 -0.000338779 0.000851373 0.999999523 0.140702352
0.999999642 0.000799536 0.000292247 0.002484728 -0.000799260 0.999999166 -0.000945171 -0.014670120 -0.000293002 0.000944937 0.999999523 0.250893146
0.999999583 0.000862554 0.000344087 0.005386901 -0.000862238 0.999999106 -0.000919669 -0.017580424 -0.000344880 0.000919372 0.999999523 0.382846057
0.999999583 0.000847386 0.000223519 0.007561490 -0.000847234 0.999999344 -0.000679263 -0.021159884 -0.000224094 0.000679074 0.999999821 0.527341127
0.999999464 0.000956978 0.000455159 0.008655709 -0.000956793 0.999999464 -0.000406654 -0.029921915 -0.000455548 0.000406218 0.999999821 0.679489970
0.999999642 0.000714073 0.000404972 0.014976473 -0.000714008 0.999999762 -0.000158618 -0.034171928 -0.000405085 0.000158328 0.999999881 0.840480506
0.999999523 0.000787609 0.000513468 0.018251577 -0.000787540 0.999999702 -0.000134686 -0.037822485 -0.000513574 0.000134282 0.999999881 1.016746521
0.999999225 0.001083712 0.000528524 0.023024883 -0.001083705 0.999999344 -0.000012730 -0.042190511 -0.000528538 0.000012158 0.999999881 1.192098141
0.999999166 0.001192962 0.000693043 0.017831516 -0.001193369 0.999999106 0.000587835 -0.053558368 -0.000692342 -0.000588661 0.999999583 1.374087691
0.999999046 0.001301189 0.000523663 0.021939488 -0.001301463 0.999999046 0.000524365 -0.056041677 -0.000522980 -0.000525046 0.999999702 1.567557693
0.999999642 0.000559838 0.000667431 0.031068958 -0.000560507 0.999999285 0.001002618 -0.064182594 -0.000666869 -0.001002992 0.999999225 1.762689352
0.999999523 0.000766580 0.000626892 0.030017409 -0.000767351 0.999998927 0.001230207 -0.068872154 -0.000625948 -0.001230688 0.999999046 1.963481188
0.999999821 0.000307505 0.000479913 0.036071394 -0.000308071 0.999999285 0.001180945 -0.078203022 -0.000479550 -0.001181093 0.999999106 2.168287277
0.999998987 0.001187975 0.000698347 0.036802389 -0.001188627 0.999998868 0.000934461 -0.079157837 -0.000697236 -0.000935290 0.999999285 2.387088776
0.999998569 0.001515527 0.000750050 0.041416284 -0.001516168 0.999998510 0.000854025 -0.084692694 -0.000748755 -0.000855161 0.999999404 2.612099648
0.999998987 0.001050545 0.000885910 0.051434383 -0.001051202 0.999999106 0.000741730 -0.088220358 -0.000885129 -0.000742660 0.999999344 2.841053247
0.999998569 0.001206810 0.001164751 0.053733192 -0.001207724 0.999998868 0.000784468 -0.092489891 -0.001163803 -0.000785874 0.999998987 3.085615396
0.999999285 0.000978182 0.000711862 0.065605536 -0.000978976 0.999998868 0.001115292 -0.103258550 -0.000710770 -0.001115988 0.999999106 3.312162638
0.999999523 0.000612282 0.000727302 0.069861755 -0.000613237 0.999998927 0.001312780 -0.112195000 -0.000726497 -0.001313226 0.999998808 3.561114311
0.999999285 0.000790028 0.000790963 0.075311355 -0.000791057 0.999998808 0.001300889 -0.118783988 -0.000789934 -0.001301514 0.999998748 3.809488297
0.999999583 0.000499419 0.000776281 0.076938547 -0.000500595 0.999998748 0.001515604 -0.123536676 -0.000775523 -0.001515992 0.999998569 4.079445839
0.999999702 0.000495486 0.000656763 0.085249335 -0.000496599 0.999998450 0.001696063 -0.129100829 -0.000655921 -0.001696389 0.999998391 4.339464188
0.999999404 0.000493248 0.000972555 0.084330775 -0.000494616 0.999998868 0.001406828 -0.133885220 -0.000971860 -0.001407308 0.999998569 4.598645687
0.999998093 0.001535480 0.001141826 0.087594576 -0.001537186 0.999997675 0.001494525 -0.144915357 -0.001139528 -0.001496277 0.999998212 4.866498470
0.999998212 0.001491939 0.001080589 0.094484650 -0.001493918 0.999997258 0.001833248 -0.153836161 -0.001077851 -0.001834859 0.999997735 5.125504971
0.999998271 0.001144399 0.001433859 0.095208891 -0.001146572 0.999998212 0.001515865 -0.161287665 -0.001432121 -0.001517506 0.999997795 5.378338337
0.999997914 0.001413041 0.001473034 0.100228347 -0.001414999 0.999998093 0.001329580 -0.168095559 -0.001471152 -0.001331662 0.999997973 5.642571926
0.999998868 0.000868316 0.001235225 0.102804780 -0.000871028 0.999997139 0.002196708 -0.183803797 -0.001233314 -0.002197782 0.999996781 5.906791687
0.999998569 0.001203139 0.001221176 0.107859261 -0.001205675 0.999997079 0.002077925 -0.192783147 -0.001218672 -0.002079395 0.999997139 6.185143948
0.999997914 0.001561314 0.001423000 0.115447402 -0.001564262 0.999996603 0.002072797 -0.194337443 -0.001419759 -0.002075019 0.999996841 6.476952076
0.999998391 0.001387437 0.001213185 0.117272660 -0.001390266 0.999996364 0.002334303 -0.206037477 -0.001209941 -0.002335986 0.999996603 6.762375355
0.999997735 0.001808093 0.001131229 0.129508480 -0.001809520 0.999997556 0.001261859 -0.198653206 -0.001128945 -0.001263903 0.999998569 7.058361530
0.999997795 0.001609343 0.001291063 0.132289395 -0.001612116 0.999996364 0.002149290 -0.220553294 -0.001287599 -0.002151367 0.999996781 7.354660988
0.999997377 0.001680547 0.001528917 0.133676916 -0.001683935 0.999996126 0.002217484 -0.231060803 -0.001525184 -0.002220053 0.999996305 7.654380798
0.999997497 0.001661138 0.001508318 0.146208152 -0.001664292 0.999996424 0.002092800 -0.238559932 -0.001504836 -0.002095305 0.999996662 7.980442047
0.999998033 0.001249257 0.001526846 0.148651764 -0.001252348 0.999997139 0.002025188 -0.247800380 -0.001524311 -0.002027096 0.999996722 8.296612740
0.999998450 0.001041163 0.001401930 0.156439021 -0.001044130 0.999997199 0.002117943 -0.257831067 -0.001399721 -0.002119404 0.999996722 8.616870880
0.999996424 0.001680458 0.002088250 0.156571850 -0.001684680 0.999996543 0.002021760 -0.268591136 -0.002084845 -0.002025270 0.999995768 8.956934929
0.999996781 0.001436952 0.002085839 0.163659453 -0.001441361 0.999996781 0.002113475 -0.284930706 -0.002082795 -0.002116475 0.999995589 9.286125183
0.999993503 0.002493758 0.002601253 0.164936289 -0.002500571 0.999993443 0.002619204 -0.297488481 -0.002594705 -0.002625691 0.999993205 9.618960381
0.999994099 0.002209298 0.002636602 0.173764318 -0.002217778 0.999992371 0.003217862 -0.310448468 -0.002629473 -0.003223690 0.999991357 9.970643044
0.999994040 0.002458826 0.002397522 0.182127967 -0.002464834 0.999993801 0.002506250 -0.314423025 -0.002391344 -0.002512144 0.999993980 10.346698761
0.999993861 0.002501932 0.002442554 0.190592945 -0.002508125 0.999993622 0.002535437 -0.323388070 -0.002436195 -0.002541548 0.999993801 10.709882736
0.999995172 0.002122336 0.002279120 0.198989302 -0.002128681 0.999993861 0.002785217 -0.332938880 -0.002273194 -0.002790055 0.999993563 11.078828812
0.999995589 0.002019837 0.002179841 0.210241377 -0.002024853 0.999995291 0.002301557 -0.338146508 -0.002175182 -0.002305961 0.999994993 11.459396362
0.999994218 0.002521411 0.002293188 0.215542957 -0.002527353 0.999993443 0.002592043 -0.352384508 -0.002286637 -0.002597824 0.999994040 11.830950737
0.999994278 0.002248277 0.002505536 0.224990934 -0.002255095 0.999993742 0.002721534 -0.369098186 -0.002499402 -0.002727169 0.999993145 12.214735985
0.999994934 0.002015023 0.002467249 0.237856016 -0.002023219 0.999992430 0.003323805 -0.385724843 -0.002460532 -0.003328780 0.999991477 12.601437569
0.999993742 0.002376470 0.002611455 0.238820702 -0.002383486 0.999993563 0.002686926 -0.386527300 -0.002605052 -0.002693134 0.999992907 13.014609337
0.999994755 0.001842714 0.002670963 0.250221729 -0.001850683 0.999993801 0.002984041 -0.403653532 -0.002665448 -0.002988968 0.999991894 13.408786774
0.999991894 0.002678152 0.003013929 0.257327139 -0.002686736 0.999992251 0.002847621 -0.409721315 -0.003006280 -0.002855695 0.999991357 13.829431534
0.999991477 0.002701594 0.003103484 0.266857654 -0.002711235 0.999991417 0.003106582 -0.421998084 -0.003095065 -0.003114970 0.999990284 14.244410515
0.999989331 0.002874310 0.003606482 0.273629218 -0.002885214 0.999991179 0.003021853 -0.435546458 -0.003597765 -0.003032227 0.999988914 14.664526939
0.999990046 0.002624729 0.003612068 0.285499543 -0.002635794 0.999991834 0.003061836 -0.448014230 -0.003604002 -0.003071326 0.999988794 15.091860771
0.999988198 0.002811228 0.003952665 0.298911154 -0.002823495 0.999991179 0.003101210 -0.461198270 -0.003943912 -0.003112334 0.999987304 15.529797554
0.999984443 0.003062545 0.004645903 0.304409415 -0.003075781 0.999991179 0.002844400 -0.469314396 -0.004637151 -0.002858646 0.999985099 15.977362633
0.999983132 0.003404267 0.004691570 0.316702634 -0.003419450 0.999988854 0.003232017 -0.484503359 -0.004680516 -0.003248006 0.999983788 16.405282974
0.999984920 0.003259346 0.004413105 0.325595677 -0.003271974 0.999990463 0.002857466 -0.496716499 -0.004403750 -0.002871862 0.999986172 16.841108322
0.999983013 0.003107679 0.004936441 0.342571765 -0.003123421 0.999990165 0.003184444 -0.510397434 -0.004926496 -0.003199809 0.999982774 17.314165115
0.999979794 0.003187122 0.005503574 0.346290320 -0.003206942 0.999988317 0.003596206 -0.524568141 -0.005492049 -0.003613782 0.999978364 17.771299362
0.999981880 0.002561533 0.005474930 0.361645728 -0.002579122 0.999991477 0.003207949 -0.534450412 -0.005466667 -0.003222011 0.999979854 18.238300323
0.999979377 0.002687694 0.005836239 0.375158727 -0.002706503 0.999991119 0.003217247 -0.545760989 -0.005827541 -0.003232976 0.999977767 18.707351685
0.999979556 0.002781826 0.005762175 0.387607038 -0.002800617 0.999990761 0.003255597 -0.561173201 -0.005753065 -0.003271668 0.999978065 19.173297882
0.999979138 0.003247878 0.005587552 0.406764269 -0.003267128 0.999988735 0.003439328 -0.574039400 -0.005576319 -0.003457511 0.999978483 19.643043518
0.999978304 0.003325627 0.005699246 0.414621472 -0.003347050 0.999987423 0.003753558 -0.587706089 -0.005686692 -0.003772552 0.999976754 20.134679794
0.999980271 0.002995237 0.005512739 0.437090695 -0.003015764 0.999988496 0.003719078 -0.602469027 -0.005501534 -0.003735630 0.999977887 20.612758636
0.999984443 0.002706877 0.004881485 0.452094674 -0.002725288 0.999989212 0.003768794 -0.614927113 -0.004871232 -0.003782038 0.999980986 21.100439072
0.999986708 0.002959086 0.004227329 0.464839071 -0.002974851 0.999988616 0.003727815 -0.627218127 -0.004216250 -0.003740341 0.999984086 21.593477249
0.999988556 0.002876384 0.003829536 0.473307133 -0.002890186 0.999989271 0.003603388 -0.641677320 -0.003819132 -0.003614415 0.999986172 22.098247528
0.999989927 0.003047664 0.003310499 0.486601651 -0.003059691 0.999988675 0.003633930 -0.653520763 -0.003299388 -0.003644022 0.999987900 22.600799561
0.999991775 0.002832007 0.002911198 0.493940055 -0.002843010 0.999988794 0.003782625 -0.673130155 -0.002900453 -0.003790871 0.999988616 23.122261047
0.999994695 0.002280559 0.002330515 0.506293893 -0.002290732 0.999987841 0.004371566 -0.692963064 -0.002320516 -0.004376881 0.999987721 23.644016266
0.999997914 0.001059043 0.001758560 0.516512811 -0.001066700 0.999989986 0.004358929 -0.709424317 -0.001753926 -0.004360795 0.999988914 24.171007156
0.999996245 0.002398429 0.001333687 0.525162578 -0.002403940 0.999988496 0.004144992 -0.722071648 -0.001323731 -0.004148183 0.999990523 24.692510605
0.999996305 0.002613376 0.000720800 0.534185171 -0.002616615 0.999986291 0.004529429 -0.737410665 -0.000708953 -0.004531298 0.999989510 25.243692398
0.999995828 0.002875908 0.000120856 0.542317510 -0.002876432 0.999985278 0.004585877 -0.750706553 -0.000107665 -0.004586205 0.999989450 25.778432846
0.999996603 0.002635594 -0.000380262 0.553351045 -0.002633743 0.999985039 0.004789637 -0.764046729 0.000392880 -0.004788619 0.999988437 26.334981918
0.999996245 0.002703627 -0.000357519 0.561827600 -0.002701861 0.999984562 0.004852137 -0.776762366 0.000370632 -0.004851153 0.999988139 26.885869980
0.999995291 0.002874066 -0.001010682 0.572548747 -0.002869048 0.999983728 0.004930412 -0.794130564 0.001024836 -0.004927490 0.999987364 27.429498672
0.999993265 0.003380754 -0.001403410 0.583636582 -0.003374450 0.999984384 0.004469412 -0.801656604 0.001418498 -0.004464647 0.999989033 27.993818283
0.999990880 0.004037721 -0.001398636 0.593554914 -0.004030779 0.999979675 0.004930947 -0.826445460 0.001418518 -0.004925265 0.999986887 28.515506744
0.999991655 0.003762892 -0.001556891 0.600652933 -0.003755080 0.999980450 0.004990791 -0.839757383 0.001575640 -0.004984902 0.999986351 29.065038681
0.999991536 0.003741639 -0.001719317 0.602712512 -0.003733588 0.999982178 0.004661758 -0.853089988 0.001736729 -0.004655299 0.999987602 29.612573624
0.999990463 0.003545153 -0.002534458 0.619933605 -0.003531814 0.999980092 0.005248450 -0.870343506 0.002553014 -0.005239449 0.999983013 30.141153336
0.999989390 0.003747496 -0.002680722 0.629475653 -0.003735119 0.999982417 0.004606648 -0.876469851 0.002697938 -0.004596586 0.999985814 30.702136993
0.999987006 0.004106821 -0.003021357 0.642583489 -0.004091391 0.999978662 0.005095171 -0.897374570 0.003042217 -0.005082743 0.999982476 31.231561661
0.999981999 0.005220922 -0.002961844 0.646825492 -0.005207164 0.999975681 0.004633918 -0.903428257 0.002985966 -0.004618411 0.999984860 31.784818649
0.999982595 0.004712640 -0.003548000 0.667999268 -0.004694324 0.999975622 0.005152824 -0.931273758 0.003572197 -0.005136079 0.999980390 32.328166962
0.999978840 0.005117352 -0.004023989 0.669159830 -0.005096431 0.999973476 0.005191972 -0.946270704 0.004050452 -0.005171354 0.999978364 32.870117188
0.999983549 0.004109926 -0.003998062 0.685120702 -0.004089128 0.999978125 0.005196009 -0.956642628 0.004019329 -0.005179574 0.999978483 33.412982941
0.999982417 0.004294133 -0.004095143 0.693711162 -0.004270898 0.999974847 0.005666052 -0.975446463 0.004119371 -0.005648462 0.999975562 33.957241058
0.999980271 0.004677237 -0.004177712 0.697695553 -0.004654313 0.999974132 0.005480131 -0.983376741 0.004203236 -0.005460578 0.999976218 34.485176086
0.999978065 0.004599325 -0.004766875 0.712626457 -0.004573709 0.999975026 0.005370846 -1.001745582 0.004791460 -0.005348925 0.999974251 35.013565063
0.999980628 0.004188749 -0.004605072 0.715507805 -0.004163795 0.999976695 0.005414980 -1.009864092 0.004627647 -0.005395701 0.999974668 35.585529327
0.999977529 0.004263602 -0.005192115 0.730465412 -0.004235008 0.999975920 0.005505653 -1.024639010 0.005215464 -0.005483539 0.999971330 36.128250122
0.999978423 0.003746609 -0.005409496 0.748203814 -0.003716419 0.999977529 0.005580128 -1.041644335 0.005430281 -0.005559900 0.999969780 36.734310150
0.999975324 0.004947460 -0.004988688 0.746560156 -0.004918360 0.999970913 0.005828817 -1.064137340 0.005017382 -0.005804137 0.999970555 37.239852905
0.999973953 0.005265851 -0.004931720 0.753425956 -0.005239394 0.999971926 0.005362132 -1.072506189 0.004959818 -0.005336153 0.999973416 37.793411255
0.999972224 0.005223396 -0.005306432 0.764066696 -0.005194525 0.999971688 0.005440264 -1.092092991 0.005334698 -0.005412547 0.999971151 38.324668884
0.999972820 0.004832756 -0.005563281 0.772255838 -0.004804832 0.999975860 0.005021719 -1.101257205 0.005587414 -0.004994852 0.999971926 38.870700836
0.999973178 0.004597295 -0.005692007 0.788153946 -0.004565584 0.999974012 0.005571508 -1.126890898 0.005717472 -0.005545372 0.999968290 39.416114807
0.999977469 0.003316708 -0.005835598 0.789688289 -0.003281108 0.999976039 0.006099601 -1.144589067 0.005855690 -0.006080316 0.999964356 40.008857727
0.999974728 0.003714197 -0.006060586 0.815606833 -0.003677565 0.999974966 0.006044422 -1.160616517 0.006082884 -0.006021982 0.999963284 40.498630524
0.999972761 0.003928335 -0.006240849 0.825229287 -0.003894348 0.999977529 0.005448655 -1.167299628 0.006262111 -0.005424201 0.999965668 41.053825378
0.999972284 0.004237900 -0.006126018 0.833565474 -0.004204778 0.999976456 0.005409708 -1.177987814 0.006148800 -0.005383800 0.999966621 41.594619751
0.999970675 0.004885179 -0.005908908 0.842911363 -0.004855986 0.999975920 0.004944660 -1.185411096 0.005932922 -0.004915820 0.999970376 42.153419495
0.999970078 0.004682584 -0.006155127 0.851037145 -0.004648993 0.999974191 0.005460390 -1.207228780 0.006180537 -0.005431611 0.999966145 42.682003021
0.999969006 0.005467479 -0.005682278 0.836900115 -0.005433428 0.999967277 0.005990671 -1.222411871 0.005714847 -0.005959611 0.999965906 43.188922882
0.999970853 0.004851706 -0.005893882 0.850382686 -0.004816215 0.999970257 0.006021059 -1.235720396 0.005922919 -0.005992497 0.999964476 43.730751038
0.999972522 0.005256274 -0.005225411 0.849525988 -0.005225051 0.999968529 0.005971165 -1.244535565 0.005256633 -0.005943697 0.999968529 44.267856598
0.999971390 0.005411282 -0.005269397 0.852146745 -0.005380374 0.999968290 0.005862321 -1.263128161 0.005300953 -0.005833801 0.999968886 44.810527802
0.999968529 0.005365628 -0.005839591 0.868182898 -0.005335424 0.999972284 0.005175639 -1.264287949 0.005867201 -0.005144319 0.999969482 45.362239838
0.999965668 0.005916453 -0.005786823 0.871802926 -0.005888021 0.999970555 0.004918000 -1.273593426 0.005815750 -0.004883759 0.999971151 45.912231445
0.999971032 0.005953495 -0.004737410 0.874552429 -0.005928499 0.999968529 0.005272788 -1.299537539 0.004768653 -0.005244549 0.999974847 46.443912506
0.999963880 0.006679464 -0.005258983 0.888536096 -0.006653301 0.999965489 0.004976851 -1.303369164 0.005292044 -0.004941681 0.999973774 47.011264801
0.999962449 0.006966361 -0.005169718 0.893070102 -0.006942541 0.999965191 0.004611239 -1.315772772 0.005201660 -0.004575174 0.999976039 47.580596924
0.999961913 0.007211823 -0.004929176 0.899948835 -0.007194153 0.999967635 0.003593293 -1.324201345 0.004954929 -0.003557693 0.999981463 48.124095917
0.999966741 0.006801717 -0.004494867 0.905298114 -0.006777619 0.999962807 0.005354656 -1.354827523 0.004531118 -0.005324014 0.999975562 48.644283295
0.999964476 0.006578828 -0.005253191 0.917871118 -0.006550819 0.999964356 0.005331247 -1.360180974 0.005288077 -0.005296646 0.999971986 49.181327820
0.999962151 0.007714274 -0.004028898 0.912004173 -0.007692686 0.999956131 0.005346170 -1.371208787 0.004069963 -0.005314974 0.999977529 49.713359833
0.999960959 0.007208089 -0.005129878 0.934791207 -0.007180690 0.999959946 0.005339568 -1.386787415 0.005168161 -0.005302522 0.999972582 50.243957520
0.999962151 0.007286223 -0.004749297 0.934857666 -0.007261742 0.999960363 0.005151847 -1.402751684 0.004786646 -0.005117164 0.999975443 50.764114380
0.999958098 0.007474163 -0.005304402 0.952221990 -0.007446853 0.999958992 0.005149904 -1.412787676 0.005342677 -0.005110187 0.999972641 51.320434570
0.999958217 0.007832775 -0.004709690 0.960704446 -0.007808496 0.999956191 0.005151652 -1.422268510 0.004749835 -0.005114662 0.999975562 51.843437195
0.999949396 0.008902258 -0.004671354 0.964151621 -0.008877794 0.999946892 0.005231570 -1.438741446 0.004717679 -0.005189836 0.999975324 52.395484924
0.999955773 0.007930567 -0.005059949 0.976326406 -0.007902815 0.999953747 0.005481404 -1.452749729 0.005103187 -0.005441173 0.999972165 52.942974091
0.999947548 0.009383490 -0.004102251 0.977436423 -0.009363197 0.999943972 0.004939002 -1.464001656 0.004148365 -0.004900333 0.999979377 53.485126495
0.999954820 0.008364306 -0.004509208 0.986663342 -0.008342957 0.999953985 0.004732857 -1.476117373 0.004548587 -0.004695024 0.999978662 54.018516541
0.999951839 0.008798608 -0.004328596 0.990485668 -0.008776885 0.999948919 0.005012363 -1.491814375 0.004372477 -0.004974131 0.999978065 54.551738739
0.999948561 0.009090703 -0.004492641 0.998988152 -0.009068531 0.999946773 0.004931024 -1.503283739 0.004537228 -0.004890030 0.999977708 55.102985382
0.999957263 0.007932727 -0.004736278 1.015341878 -0.007911727 0.999958873 0.004436475 -1.511035800 0.004771276 -0.004398814 0.999978900 55.643249512
0.999956369 0.007892973 -0.004997906 1.021535635 -0.007868560 0.999957025 0.004885736 -1.526474595 0.005036255 -0.004846196 0.999975562 56.170860291
0.999957085 0.007934585 -0.004788277 1.032300115 -0.007912537 0.999958098 0.004605733 -1.541256785 0.004824622 -0.004567648 0.999977946 56.706710815
0.999955297 0.008064709 -0.004935195 1.038634777 -0.008043682 0.999958515 0.004265147 -1.545337677 0.004969388 -0.004225259 0.999978721 57.243320465
0.999956608 0.008024882 -0.004733838 1.042603493 -0.008003569 0.999957740 0.004504113 -1.564859390 0.004769783 -0.004466030 0.999978662 57.774883270
0.999960005 0.007478859 -0.004905560 1.051881552 -0.007457596 0.999962807 0.004338867 -1.578252077 0.004937828 -0.004302109 0.999978542 58.303798676
0.999957383 0.007848466 -0.004861014 1.052017093 -0.007827871 0.999960363 0.004241483 -1.587256551 0.004894110 -0.004203251 0.999979198 58.830097198
0.999958158 0.007742776 -0.004860610 1.061059117 -0.007723630 0.999962389 0.003945431 -1.602543592 0.004890976 -0.003907725 0.999980390 59.380805969
0.999957204 0.008017793 -0.004612676 1.063574314 -0.007998083 0.999958873 0.004275704 -1.620508909 0.004646769 -0.004238629 0.999980152 59.911369324
0.999955118 0.008183172 -0.004777067 1.071516752 -0.008163235 0.999957979 0.004178137 -1.626170754 0.004811058 -0.004138953 0.999979854 60.479015350
0.999954522 0.008130813 -0.004981237 1.080076456 -0.008110963 0.999959111 0.003992288 -1.642177701 0.005013494 -0.003951704 0.999979615 61.017425537
0.999958992 0.007732144 -0.004714281 1.088718057 -0.007713697 0.999962568 0.003918317 -1.650292039 0.004744401 -0.003881792 0.999981225 61.561164856
0.999958456 0.007908498 -0.004522701 1.090950847 -0.007891119 0.999961376 0.003848058 -1.669799328 0.004552960 -0.003812209 0.999982297 62.099994659
0.999955952 0.008275323 -0.004418281 1.092601657 -0.008259661 0.999959588 0.003551517 -1.682164073 0.004447493 -0.003514867 0.999983847 62.629459381
0.999954462 0.008556711 -0.004228561 1.101715565 -0.008541043 0.999956667 0.003710102 -1.694296598 0.004260124 -0.003673817 0.999984145 63.181480408
0.999950469 0.009119360 -0.003989069 1.102810621 -0.009104583 0.999951780 0.003706563 -1.711371541 0.004022678 -0.003670061 0.999985158 63.720081329
0.999948978 0.009273786 -0.004001501 1.110067129 -0.009258508 0.999949872 0.003819922 -1.727226257 0.004036726 -0.003782679 0.999984682 64.232681274
0.999950528 0.009244066 -0.003668986 1.111853361 -0.009230565 0.999950647 0.003679567 -1.737328410 0.003702819 -0.003645518 0.999986470 64.779014587
0.999952734 0.009035891 -0.003583396 1.117433429 -0.009023401 0.999953151 0.003486901 -1.750415206 0.003614735 -0.003454401 0.999987483 65.307510376
0.999952316 0.008967963 -0.003854646 1.129992247 -0.008954637 0.999953866 0.003461218 -1.762477756 0.003885508 -0.003426536 0.999986589 65.844421387
0.999951541 0.009170104 -0.003584119 1.134276867 -0.009158832 0.999953032 0.003149058 -1.775269508 0.003612828 -0.003116078 0.999988616 66.387367249
0.999952435 0.009225735 -0.003178582 1.140241623 -0.009216766 0.999953508 0.002824752 -1.792354226 0.003204495 -0.002795322 0.999991000 66.936691284
0.999949992 0.009234247 -0.003835835 1.157625794 -0.009223293 0.999953389 0.002864091 -1.800597429 0.003862104 -0.002828569 0.999988556 67.472541809
0.999950409 0.009284127 -0.003597796 1.164848208 -0.009273957 0.999952972 0.002833388 -1.816393495 0.003623933 -0.002799882 0.999989510 68.018157959
0.999947608 0.009484213 -0.003847029 1.169844270 -0.009473462 0.999951184 0.002803366 -1.828890562 0.003873429 -0.002766775 0.999988616 68.564590454
0.999942482 0.009920110 -0.004070370 1.175603628 -0.009909732 0.999947548 0.002561517 -1.841387630 0.004095567 -0.002521033 0.999988437 69.085083008
0.999943614 0.009873122 -0.003908102 1.190215349 -0.009863945 0.999948502 0.002360275 -1.855747819 0.003931204 -0.002321593 0.999989569 69.622550964
0.999948382 0.009492196 -0.003649399 1.200343251 -0.009483839 0.999952376 0.002300629 -1.869326711 0.003671064 -0.002265900 0.999990702 70.154792786
0.999946773 0.009640302 -0.003670944 1.207553864 -0.009632052 0.999951065 0.002258227 -1.884363890 0.003692535 -0.002222748 0.999990702 70.709487915
0.999952495 0.008920498 -0.003952686 1.221513033 -0.008911046 0.999957383 0.002402817 -1.899614692 0.003973952 -0.002367480 0.999989331 71.235893250
0.999951541 0.009079779 -0.003805497 1.226751924 -0.009071232 0.999956250 0.002257135 -1.914665341 0.003825825 -0.002222505 0.999990225 71.774192810
0.999950588 0.009087640 -0.004017492 1.237580061 -0.009079574 0.999956727 0.002021675 -1.927178741 0.004035690 -0.001985098 0.999989867 72.323310852
0.999950051 0.009113852 -0.004089577 1.247352242 -0.009105945 0.999956667 0.001947668 -1.939231873 0.004107149 -0.001910331 0.999989748 72.867630005
0.999944687 0.009784410 -0.003842752 1.248806357 -0.009776719 0.999950290 0.002014648 -1.952451229 0.003862273 -0.001976967 0.999990582 73.411033630
0.999950230 0.009257707 -0.003711213 1.257428646 -0.009251551 0.999955773 0.001672311 -1.963838696 0.003726530 -0.001637894 0.999991715 73.959510803
0.999947250 0.009532326 -0.003818132 1.271336555 -0.009525313 0.999952912 0.001850664 -1.980004072 0.003835594 -0.001814198 0.999990940 74.494209290
0.999949634 0.009310587 -0.003748863 1.278069735 -0.009304406 0.999955297 0.001663262 -1.994937181 0.003764181 -0.001628298 0.999991596 75.040931702
0.999947250 0.009529419 -0.003833703 1.288481712 -0.009524964 0.999953926 0.001178334 -2.010344982 0.003844756 -0.001141756 0.999991894 75.576736450
0.999945879 0.009799368 -0.003478264 1.293020248 -0.009794733 0.999951065 0.001347040 -2.021877766 0.003491294 -0.001312898 0.999993026 76.121528625
0.999946237 0.009719796 -0.003605084 1.303406239 -0.009714854 0.999951780 0.001385653 -2.040901184 0.003618379 -0.001350555 0.999992549 76.659751892
0.999945760 0.009801942 -0.003523569 1.310586452 -0.009796694 0.999950886 0.001504051 -2.055914879 0.003538138 -0.001469450 0.999992669 77.197067261
0.999945819 0.009761080 -0.003617060 1.312828898 -0.009755719 0.999951303 0.001496356 -2.068418264 0.003631490 -0.001460988 0.999992311 77.726966858
0.999946237 0.009732140 -0.003573499 1.332391262 -0.009727636 0.999951899 0.001276210 -2.086825848 0.003585748 -0.001241380 0.999992788 78.265586853
0.999943614 0.010113237 -0.003240518 1.338002563 -0.010109416 0.999948144 0.001193749 -2.102634192 0.003252423 -0.001160922 0.999994040 78.802474976
0.999941707 0.010238579 -0.003420515 1.348374128 -0.010234412 0.999946892 0.001233725 -2.117236614 0.003432965 -0.001198646 0.999993324 79.344711304
0.999942362 0.010188357 -0.003390532 1.357568145 -0.010185619 0.999947727 0.000823594 -2.133999586 0.003398746 -0.000789011 0.999993861 79.882820129
0.999944329 0.010356974 -0.001976907 1.362550735 -0.010354767 0.999945760 0.001122937 -2.148104429 0.001988430 -0.001102405 0.999997437 80.418037415
0.999948084 0.010123249 -0.001185615 1.379476905 -0.010122319 0.999948442 0.000788376 -2.161684752 0.001193535 -0.000776334 0.999998987 80.953842163
0.999947846 0.010204991 -0.000015956 1.395036340 -0.010204979 0.999947667 0.000686631 -2.175391912 0.000022962 -0.000686433 0.999999702 81.520141602
0.999950767 0.009834802 0.001315705 1.400446177 -0.009835578 0.999951482 0.000584903 -2.192530155 -0.001309889 -0.000597815 0.999998987 82.051048279
0.999931931 0.010549684 0.004971114 1.416688681 -0.010551534 0.999944270 0.000346557 -2.206622601 -0.004967181 -0.000398986 0.999987543 82.615562439
0.999909282 0.010503811 0.008427326 1.442471027 -0.010512013 0.999944329 0.000929727 -2.235431910 -0.008417090 -0.001018231 0.999963999 83.162757874
0.999876738 0.010689217 0.011493906 1.458961725 -0.010695089 0.999942660 0.000449541 -2.248200893 -0.011488443 -0.000572414 0.999933839 83.744857788
0.999831378 0.009908059 0.015456995 1.487584829 -0.009912211 0.999950826 0.000192006 -2.269390345 -0.015454332 -0.000345186 0.999880493 84.285484314
0.999736369 0.009421052 0.020938341 1.541538715 -0.009423234 0.999955595 0.000005410 -2.260812044 -0.020937361 -0.000202716 0.999780774 84.841934204
0.999601185 0.009592252 0.026560863 1.583475471 -0.009580239 0.999953926 -0.000579503 -2.291025877 -0.026565198 0.000324813 0.999647021 85.357086182
0.999433160 0.009045165 0.032428171 1.617362142 -0.009032847 0.999959052 -0.000526329 -2.286371231 -0.032431614 0.000233112 0.999473929 85.951278687
0.999103248 0.010159177 0.041102573 1.643715620 -0.010162310 0.999948382 -0.000132697 -2.319600105 -0.041101795 -0.000285119 0.999154925 86.455848694
0.998756826 0.008340749 0.049147550 1.710672379 -0.008326815 0.999965131 -0.000488299 -2.328873634 -0.049149934 0.000078449 0.998791337 87.036277771
0.998364806 0.008937808 0.056460682 1.741746902 -0.008934941 0.999960065 -0.000303208 -2.350009203 -0.056461129 -0.000201761 0.998404801 87.582618713
0.997834384 0.008397723 0.065237954 1.812292099 -0.008347970 0.999964595 -0.001035231 -2.363030434 -0.065244325 0.000488385 0.997869194 88.133018494
0.997154415 0.008183060 0.074939765 1.887558937 -0.008121688 0.999966383 -0.001123680 -2.389544249 -0.074946441 0.000511845 0.997187376 88.667800903
0.996456027 0.007997232 0.083734460 1.946211815 -0.007931171 0.999967933 -0.001121561 -2.399096966 -0.083740756 0.000453474 0.996487498 89.205825806
0.995851278 0.006837772 0.090737790 2.016948223 -0.006718752 0.999976039 -0.001617092 -2.413358212 -0.090746693 0.001000738 0.995873451 89.752578735
0.994907260 0.006883492 0.100559391 2.102798462 -0.006756592 0.999975920 -0.001602490 -2.435930014 -0.100567997 0.000914890 0.994929790 90.291442871
0.993811727 0.007322782 0.110836186 2.185644150 -0.007166111 0.999972701 -0.001811834 -2.448134899 -0.110846423 0.001006358 0.993837059 90.850776672
0.992756069 0.006409052 0.119976357 2.275073051 -0.006297891 0.999979258 -0.001305672 -2.476333141 -0.119982213 0.000540616 0.992776036 91.383178711
0.991251051 0.006830652 0.131813064 2.377983093 -0.006687247 0.999976397 -0.001530587 -2.492234230 -0.131820425 0.000635729 0.991273403 91.939308167
0.989513934 0.005580948 0.144329607 2.474275589 -0.005370535 0.999983847 -0.001847423 -2.504748344 -0.144337624 0.001052924 0.989527941 92.481948853
0.987920463 0.005194512 0.154874414 2.582364082 -0.004900068 0.999985337 -0.002282870 -2.517151833 -0.154883996 0.001496398 0.987931550 93.030288696
0.986197770 0.005659710 0.165474504 2.686947823 -0.005476796 0.999983728 -0.001561658 -2.542241573 -0.165480688 0.000633834 0.986212790 93.587387085
0.983922184 0.004905299 0.178529635 2.801154137 -0.004884015 0.999987900 -0.000558718 -2.563455820 -0.178530231 -0.000322207 0.983934343 94.122482300
0.981623769 0.004198263 0.190780044 2.960558891 -0.003983961 0.999991059 -0.001506830 -2.609083414 -0.190784663 0.000719079 0.981631637 94.763832092
0.979498029 0.003763474 0.201418459 3.080504417 -0.003256380 0.999990642 -0.002848896 -2.623804569 -0.201427296 0.002134593 0.979501128 95.301231384
0.976728439 0.003998827 0.214442566 3.222158432 -0.003445999 0.999989688 -0.002951749 -2.639637470 -0.214452177 0.002144088 0.976732135 95.837608337
0.973828375 0.002864354 0.227266476 3.390483856 -0.002462997 0.999994874 -0.002049587 -2.666806698 -0.227271214 0.001436190 0.973830462 96.410995483
0.971073031 0.002552151 0.238769025 3.538509369 -0.002031839 0.999995053 -0.002425250 -2.681565046 -0.238773987 0.001869955 0.971073389 96.929206848
0.968372166 0.002535316 0.249497354 3.687614441 -0.001898499 0.999994278 -0.002793007 -2.689357758 -0.249503002 0.002231000 0.968371391 97.469543457
0.964964092 0.001818638 0.262375742 3.863185883 -0.001235512 0.999996364 -0.002387441 -2.714657307 -0.262379110 0.001979626 0.964962840 97.944419861
0.961549997 0.000711123 0.274629086 4.047327042 0.000109836 0.999995530 -0.002973949 -2.731366396 -0.274630010 0.002889764 0.961545765 98.498855591
0.958325386 0.000634057 0.285678178 4.234537125 0.000208864 0.999995708 -0.002920119 -2.752806425 -0.285678744 0.002858091 0.958321154 98.997726440
0.954012930 0.000553561 0.299765021 4.424293518 0.000384167 0.999995232 -0.003069263 -2.767374992 -0.299765289 0.003043276 0.954008102 99.522621155
0.949737430 -0.000713506 0.313046783 4.626787186 0.001702163 0.999994397 -0.002884894 -2.785588264 -0.313043058 0.003272748 0.949733257 100.022232056
0.945783675 -0.000864986 0.324796110 4.829372406 0.002027527 0.999992728 -0.003240872 -2.796311617 -0.324790955 0.003723696 0.945778549 100.546722412
0.941235840 -0.000935128 0.337748528 5.029191971 0.002140015 0.999992609 -0.003195092 -2.819341421 -0.337743014 0.003730123 0.941230953 101.057548523
0.936073065 -0.002457984 0.351797014 5.246965408 0.003768486 0.999988258 -0.003040456 -2.839529753 -0.351785421 0.004171831 0.936071336 101.565246582
0.931400120 -0.002568513 0.363987744 5.473443985 0.003917787 0.999987900 -0.002968630 -2.855448723 -0.363975704 0.004191009 0.931398988 102.078125000
0.926597357 -0.002801768 0.376044363 5.688453674 0.004165551 0.999987364 -0.002813648 -2.872840166 -0.376031697 0.004173552 0.926597357 102.569343567
0.920725048 -0.002525756 0.390203536 5.926856995 0.003825206 0.999989510 -0.002553114 -2.888303757 -0.390192956 0.003843325 0.920725048 103.071723938
0.914970756 -0.002924625 0.403509468 6.168788910 0.004264887 0.999987960 -0.002422884 -2.908922434 -0.403497607 0.003937790 0.914972246 103.584571838
0.909987092 -0.002683296 0.414627850 6.416397095 0.003979506 0.999989510 -0.002262344 -2.930297375 -0.414617449 0.003708717 0.909988344 104.067008972
0.904112756 -0.003582792 0.427279145 6.675846100 0.005288949 0.999982059 -0.002806310 -2.938410759 -0.427261472 0.004797078 0.904115379 104.573783875
0.897509515 -0.003521030 0.440981060 6.946605682 0.005190917 0.999983132 -0.002580443 -2.953582048 -0.440964609 0.004605069 0.897512615 105.070014954
0.891654074 -0.003987577 0.452699870 7.196605682 0.005651208 0.999981344 -0.002322554 -2.982674837 -0.452682137 0.004629216 0.891659915 105.504722595
0.885959268 -0.004051848 0.463745445 7.471572876 0.005315648 0.999984860 -0.001418149 -3.005128384 -0.463732749 0.003721529 0.885967314 105.980590820
0.878633976 -0.004800227 0.477471679 7.765792847 0.006459611 0.999977410 -0.001833646 -3.017294645 -0.477452189 0.004695385 0.878645182 106.465766907
0.871589899 -0.004943530 0.490210772 8.049571991 0.006601788 0.999976814 -0.001653648 -3.035816193 -0.490191281 0.004677569 0.871602297 106.917709351
