1.000000000 0.000000000 0.000000000 0.000000000 0.000000000 1.000000000 0.000000000 0.000000000 0.000000000 0.000000000 1.000000000 0.000000000
1.000000000 0.000063875 -0.000022682 0.000254002 -0.000063875 1.000000000 0.000015647 0.000493210 0.000022683 -0.000015646 1.000000000 0.002334924
1.000000000 0.000020305 -0.000047384 0.001072660 -0.000020303 1.000000000 0.000052293 -0.001087537 0.000047385 -0.000052292 1.000000000 0.000997619
1.000000000 -0.000015758 -0.000028342 0.000512319 0.000015756 1.000000000 -0.000042347 0.000420877 0.000028343 0.000042347 1.000000000 -0.001652262
1.000000000 -0.000158857 -0.000109777 0.001151363 0.000158864 1.000000000 0.000064637 -0.000937650 0.000109767 -0.000064654 1.000000000 0.000141326
1.000000000 -0.000150202 -0.000112238 -0.000726048 0.000150207 1.000000000 0.000041565 -0.000208369 0.000112232 -0.000041582 1.000000000 -0.000796109
1.000000000 -0.000147903 -0.000064269 0.000761938 0.000147907 1.000000000 0.000061093 -0.000625558 0.000064260 -0.000061103 1.000000000 0.001472373
1.000000000 -0.000149639 -0.000060043 0.000081573 0.000149643 1.000000000 0.000075002 -0.000853119 0.000060032 -0.000075011 1.000000000 -0.000549276
1.000000000 -0.000036908 -0.000088535 0.000623195 0.000036914 1.000000000 0.000063242 -0.000141311 0.000088533 -0.000063246 1.000000000 -0.001886288
1.000000000 -0.000016258 -0.000007181 -0.000372114 0.000016258 1.000000000 0.000049983 0.000518787 0.000007181 -0.000049983 1.000000000 0.002567726
1.000000000 -0.000094039 -0.000057557 0.000976253 0.000094039 1.000000000 0.000006157 0.000555264 0.000057556 -0.000006162 1.000000000 0.000279325
1.000000000 -0.000105204 -0.000127115 0.001053408 0.000105211 1.000000000 0.000058511 0.000145401 0.000127108 -0.000058525 1.000000000 -0.000355682
1.000000000 -0.000099501 -0.000054592 -0.000171182 0.000099500 1.000000000 -0.000018216 0.001542797 0.000054594 0.000018211 1.000000000 0.002288648
0.999999940 -0.000223493 -0.000132643 0.000989615 0.000223507 0.999999940 0.000099295 0.000183612 0.000132621 -0.000099324 1.000000000 -0.001444558
1.000000000 -0.000128112 -0.000145972 0.001253053 0.000128117 1.000000000 0.000039509 -0.000323359 0.000145967 -0.000039527 1.000000000 -0.002009644
1.000000000 -0.000130707 -0.000173412 0.003517475 0.000130731 1.000000000 0.000137969 -0.000787414 0.000173394 -0.000137991 1.000000000 -0.004850363
1.000000000 -0.000125848 -0.000074097 0.001546307 0.000125854 1.000000000 0.000078958 -0.000482767 0.000074087 -0.000078967 1.000000000 -0.003267376
1.000000000 -0.000032707 -0.000077645 0.001924316 0.000032710 1.000000000 0.000030050 -0.000413237 0.000077644 -0.000030052 1.000000000 -0.000483153
1.000000000 -0.000022349 -0.000126358 0.002113510 0.000022365 1.000000000 0.000129465 -0.000658010 0.000126355 -0.000129468 1.000000000 -0.003427286
0.999999940 -0.000228969 -0.000143165 0.001348434 0.000228981 1.000000000 0.000079048 -0.000394165 0.000143147 -0.000079081 1.000000000 -0.003287620
1.000000000 -0.000189810 -0.000103180 0.000843631 0.000189820 1.000000000 0.000092209 0.000374141 0.000103162 -0.000092229 1.000000000 0.001201796
1.000000000 -0.000200914 -0.000109938 0.000474158 0.000200926 1.000000000 0.000114767 -0.001804976 0.000109915 -0.000114789 1.000000000 -0.003974029
1.000000000 -0.000079271 -0.000167306 0.003646068 0.000079291 1.000000000 0.000119106 -0.000882558 0.000167297 -0.000119119 1.000000000 -0.002689127
1.000000000 -0.000113642 -0.000164343 0.003315807 0.000113656 1.000000000 0.000087724 -0.001395454 0.000164333 -0.000087743 1.000000000 -0.002258063
0.999999940 -0.000196608 -0.000189217 0.002887834 0.000196634 1.000000000 0.000135331 -0.001442334 0.000189190 -0.000135368 1.000000000 -0.005476457
0.999999940 -0.000194904 -0.000193579 0.002529124 0.000194923 1.000000000 0.000093633 0.000112929 0.000193561 -0.000093671 1.000000000 -0.001741903
1.000000000 -0.000143452 -0.000142109 0.003285375 0.000143461 1.000000000 0.000064376 0.000511636 0.000142100 -0.000064397 1.000000000 -0.003260572
0.999999940 -0.000233883 -0.000168262 0.003436429 0.000233900 0.999999940 0.000103021 -0.000688235 0.000168238 -0.000103061 1.000000000 -0.003894136
0.999999940 -0.000239603 -0.000123625 0.000513591 0.000239613 0.999999940 0.000079648 -0.001003983 0.000123606 -0.000079678 1.000000000 -0.003142870
1.000000000 -0.000082375 -0.000195473 0.002721370 0.000082406 1.000000000 0.000158320 -0.001211243 0.000195460 -0.000158336 0.999999940 -0.003351744
0.999999940 -0.000207788 -0.000187661 0.003570912 0.000207808 1.000000000 0.000105476 -0.000757733 0.000187639 -0.000105515 1.000000000 -0.003477938
0.999999940 -0.000183500 -0.000209567 0.002988541 0.000183524 1.000000000 0.000112021 -0.000618769 0.000209547 -0.000112060 1.000000000 -0.003274928
1.000000000 -0.000173029 -0.000151276 0.002549250 0.000173045 1.000000000 0.000105501 -0.000630358 0.000151258 -0.000105527 1.000000000 -0.005061521
1.000000000 -0.000087780 -0.000143530 0.002818606 0.000087789 1.000000000 0.000060060 -0.001101915 0.000143525 -0.000060072 1.000000000 -0.003189569
1.000000000 -0.000131627 -0.000149452 0.002756126 0.000131640 1.000000000 0.000087764 -0.000734863 0.000149441 -0.000087783 1.000000000 -0.001906659
0.999999940 -0.000213567 -0.000160296 0.002258397 0.000213591 0.999999940 0.000151781 -0.001702606 0.000160264 -0.000151815 1.000000000 -0.005254542
0.999999940 -0.000189053 -0.000222861 0.003254057 0.000189072 1.000000000 0.000085020 0.000143172 0.000222845 -0.000085062 1.000000000 -0.002651908
1.000000000 -0.000165933 -0.000175883 0.004464737 0.000165959 1.000000000 0.000153042 -0.000226483 0.000175857 -0.000153071 1.000000000 -0.005699629
1.000000000 -0.000161946 -0.000112500 0.001068849 0.000161956 1.000000000 0.000090712 -0.000351253 0.000112485 -0.000090731 1.000000000 -0.003425845
0.999999940 -0.000167086 -0.000184383 0.002686727 0.000167113 1.000000000 0.000147845 -0.001327572 0.000184358 -0.000147876 1.000000000 -0.004908524
0.999999940 -0.000172785 -0.000204825 0.005005591 0.000172801 1.000000000 0.000076286 -0.001944494 0.000204812 -0.000076322 1.000000000 -0.001668747
1.000000000 -0.000233720 -0.000014875 0.000845163 0.000233712 0.999999821 -0.000533910 -0.002563482 0.000015000 0.000533906 0.999999881 0.050503444
1.000000000 -0.000041449 -0.000149301 0.003399839 0.000041281 0.999999344 -0.001123242 -0.003968965 0.000149347 0.001123236 0.999999344 0.141442627
1.000000000 -0.000160714 -0.000083684 0.004071363 0.000160592 0.999998927 -0.001459664 -0.007844482 0.000083918 0.001459651 0.999998927 0.259063333
1.000000000 -0.000101335 -0.000042872 0.006125144 0.000101276 0.999999046 -0.001377491 -0.011420528 0.000043011 0.001377487 0.999999046 0.393248945
1.000000000 -0.000063804 -0.000154943 0.010329591 0.000063625 0.999999344 -0.001154022 -0.018617010 0.000155016 0.001154012 0.999999344 0.528658330
1.000000000 0.000052951 -0.000071310 0.012048767 -0.000053030 0.999999404 -0.001108572 -0.020845996 0.000071251 0.001108576 0.999999404 0.685810983
1.000000000 -0.000001750 0.000088606 0.015880592 0.000001832 0.999999583 -0.000916167 -0.024241785 -0.000088605 0.000916167 0.999999583 0.846762955
0.999999940 0.000307215 0.000216368 0.011201502 -0.000307043 0.999999642 -0.000795993 -0.025943043 -0.000216612 0.000795927 0.999999642 1.027065754
1.000000000 0.000091105 -0.000187184 0.025329338 -0.000091212 0.999999821 -0.000571877 -0.037409380 0.000187132 0.000571894 0.999999821 1.187917709
1.000000000 0.000051711 -0.000003124 0.027651489 -0.000051712 0.999999940 -0.000269305 -0.040970635 0.000003110 0.000269305 0.999999940 1.365537643
0.999999940 0.000159285 -0.000210425 0.021521341 -0.000159382 0.999999881 -0.000464227 -0.047792725 0.000210351 0.000464260 0.999999881 1.561780572
1.000000000 0.000113897 0.000077335 0.021219082 -0.000113865 0.999999881 -0.000412057 -0.051643498 -0.000077381 0.000412048 0.999999881 1.758857608
0.999999881 -0.000250490 -0.000291446 0.033080585 0.000250486 0.999999881 -0.000015180 -0.059299540 0.000291450 0.000015107 1.000000000 1.960275292
1.000000000 0.000092530 -0.000016631 0.033028089 -0.000092529 1.000000000 0.000056421 -0.067660153 0.000016636 -0.000056420 1.000000000 2.167928696
0.999999940 0.000591358 0.000046736 0.031064963 -0.000591374 0.999999762 0.000337535 -0.080046080 -0.000046536 -0.000337562 0.999999940 2.376031160
0.999999881 0.000495503 -0.000141218 0.040339783 -0.000495469 0.999999881 0.000238539 -0.085473962 0.000141336 -0.000238469 1.000000000 2.596955299
0.999999821 0.000548907 0.000146047 0.042377628 -0.000548938 0.999999821 0.000215736 -0.092635021 -0.000145929 -0.000215816 1.000000000 2.832859516
0.999999821 0.000575341 0.000157742 0.047360387 -0.000575392 0.999999762 0.000320603 -0.097535290 -0.000157558 -0.000320694 0.999999940 3.059176683
1.000000000 0.000102565 0.000102531 0.051061481 -0.000102608 0.999999940 0.000414193 -0.106049120 -0.000102488 -0.000414204 0.999999940 3.302237511
0.999999940 0.000101732 0.000376511 0.055840358 -0.000102018 0.999999642 0.000758686 -0.126685411 -0.000376433 -0.000758724 0.999999583 3.534624577
0.999999940 0.000358188 0.000432762 0.061069835 -0.000358668 0.999999404 0.001110600 -0.135758251 -0.000432364 -0.001110755 0.999999285 3.783890724
0.999999881 0.000315802 0.000589619 0.062136814 -0.000316386 0.999999523 0.000990206 -0.142225444 -0.000589306 -0.000990393 0.999999344 4.050317764
0.999999344 0.000845969 0.000808631 0.058591612 -0.000847005 0.999998808 0.001282772 -0.145777807 -0.000807545 -0.001283456 0.999998868 4.307836056
0.999999940 0.000263766 0.000380041 0.068917699 -0.000264283 0.999999046 0.001360298 -0.155167952 -0.000379682 -0.001360398 0.999999046 4.561136723
0.999999702 0.000438113 0.000760087 0.071310647 -0.000439285 0.999998748 0.001542743 -0.160345152 -0.000759411 -0.001543076 0.999998510 4.824713707
0.999999762 0.000335653 0.000570666 0.077167742 -0.000336741 0.999998152 0.001908328 -0.173386529 -0.000570025 -0.001908520 0.999998033 5.078742027
0.999999881 -0.000079322 0.000316390 0.082951501 0.000078829 0.999998808 0.001557083 -0.183435097 -0.000316513 -0.001557058 0.999998689 5.353544712
0.999999762 0.000394299 0.000429757 0.086654074 -0.000394964 0.999998748 0.001546377 -0.191646948 -0.000429147 -0.001546546 0.999998748 5.623142719
0.999999940 0.000413808 0.000278523 0.092380434 -0.000414266 0.999998629 0.001646098 -0.197647378 -0.000277841 -0.001646213 0.999998629 5.900562763
0.999999940 0.000120895 0.000319985 0.094778769 -0.000121396 0.999998808 0.001565565 -0.208639979 -0.000319795 -0.001565604 0.999998748 6.185137272
0.999999821 0.000474542 0.000383174 0.108224921 -0.000475303 0.999997914 0.001986413 -0.223937228 -0.000382231 -0.001986595 0.999997914 6.452455997
0.999999821 0.000520025 0.000307538 0.114532761 -0.000520570 0.999998331 0.001776921 -0.232383534 -0.000306614 -0.001777080 0.999998391 6.738716125
0.999999762 0.000574737 0.000385142 0.130249575 -0.000575444 0.999998152 0.001837431 -0.243252650 -0.000384085 -0.001837652 0.999998271 7.026047230
0.999999762 0.000603298 0.000401461 0.126256153 -0.000604054 0.999998033 0.001885304 -0.249969602 -0.000400323 -0.001885546 0.999998152 7.341532707
0.999999464 0.000952826 0.000434531 0.139711067 -0.000953734 0.999997318 0.002092554 -0.267207265 -0.000432536 -0.002092967 0.999997735 7.637031078
0.999999344 0.000865523 0.000690835 0.139831021 -0.000867373 0.999995947 0.002681850 -0.289150476 -0.000688511 -0.002682448 0.999996185 7.942441463
0.999999464 0.000811748 0.000706943 0.148055136 -0.000813663 0.999996006 0.002712929 -0.296377420 -0.000704738 -0.002713503 0.999996066 8.257207870
0.999999285 0.000972153 0.000614345 0.154415697 -0.000973851 0.999995649 0.002770833 -0.303319097 -0.000611648 -0.002771430 0.999996006 8.595155716
0.999998868 0.001264411 0.000829437 0.150311694 -0.001266501 0.999996006 0.002524458 -0.312786758 -0.000826241 -0.002525506 0.999996424 8.923665047
0.999999583 0.000619315 0.000761903 0.156035155 -0.000621238 0.999996662 0.002527072 -0.321960151 -0.000760335 -0.002527544 0.999996543 9.265312195
0.999998868 0.001137607 0.001002088 0.163657337 -0.001140264 0.999995828 0.002654799 -0.341203690 -0.000999063 -0.002655939 0.999995947 9.602125168
0.999998331 0.001517336 0.001047419 0.172405288 -0.001520083 0.999995410 0.002626250 -0.345975846 -0.001043429 -0.002627838 0.999996006 9.954667091
0.999999225 0.000840349 0.000959357 0.177803576 -0.000842863 0.999996185 0.002623067 -0.354823887 -0.000957149 -0.002623874 0.999996006 10.316225052
0.999999106 0.000870279 0.001081147 0.189691082 -0.000873316 0.999995589 0.002812068 -0.367277533 -0.001078695 -0.002813009 0.999995470 10.681630135
0.999999046 0.001003197 0.000974737 0.189553812 -0.001006381 0.999994159 0.003271312 -0.385855675 -0.000971450 -0.003272290 0.999994159 11.030062675
0.999998808 0.001199481 0.001056571 0.198724076 -0.001203067 0.999993503 0.003399763 -0.396327466 -0.001052486 -0.003401030 0.999993682 11.408526421
0.999998152 0.001602160 0.001089451 0.204637110 -0.001605839 0.999993026 0.003384778 -0.402771443 -0.001084021 -0.003386522 0.999993682 11.801137924
0.999998868 0.000976468 0.001131783 0.214047998 -0.000980419 0.999993384 0.003495532 -0.415787429 -0.001128362 -0.003496637 0.999993265 12.174901962
0.999999046 0.000900571 0.001023744 0.230643392 -0.000904095 0.999993563 0.003447307 -0.429998845 -0.001020633 -0.003448229 0.999993563 12.557289124
0.999998271 0.001273866 0.001307039 0.234075412 -0.001278572 0.999992609 0.003605441 -0.439479232 -0.001302437 -0.003607106 0.999992669 12.968304634
0.999999166 0.000910896 0.000837101 0.252972752 -0.000914050 0.999992430 0.003775236 -0.456929296 -0.000833655 -0.003775998 0.999992490 13.347408295
0.999998748 0.001050304 0.001188278 0.255627334 -0.001054883 0.999992013 0.003858847 -0.462702274 -0.001184216 -0.003860096 0.999991834 13.773134232
0.999998748 0.001047270 0.001194036 0.271465689 -0.001052519 0.999989808 0.004403844 -0.481439948 -0.001189412 -0.004405096 0.999989629 14.169779778
0.999998331 0.000973649 0.001529004 0.271981329 -0.000979948 0.999991000 0.004124018 -0.505696535 -0.001524974 -0.004125510 0.999990284 14.580044746
0.999998629 0.000681712 0.001544591 0.282453567 -0.000688350 0.999990523 0.004301479 -0.518283248 -0.001541643 -0.004302536 0.999989510 14.999281883
0.999998569 0.000175872 0.001711485 0.293554217 -0.000183846 0.999989092 0.004659886 -0.532640636 -0.001710647 -0.004660194 0.999987662 15.442476273
0.999996483 0.001134503 0.002402521 0.301050693 -0.001146334 0.999987185 0.004928822 -0.543972194 -0.002396899 -0.004931558 0.999984980 15.834043503
0.999996185 0.001204450 0.002483753 0.312695891 -0.001216500 0.999987483 0.004855578 -0.554643214 -0.002477873 -0.004858582 0.999985158 16.276832581
0.999995649 0.001131136 0.002732059 0.326416105 -0.001145048 0.999986351 0.005096023 -0.567884266 -0.002726258 -0.005099130 0.999983251 16.726516724
0.999995351 0.000938743 0.002906388 0.329370558 -0.000953292 0.999987006 0.005008539 -0.585278690 -0.002901649 -0.005011286 0.999983251 17.152061462
0.999994695 0.000865699 0.003156687 0.338264048 -0.000882061 0.999986172 0.005185571 -0.594816566 -0.003152154 -0.005188327 0.999981642 17.623216629
0.999994278 0.000538191 0.003357959 0.355830044 -0.000555775 0.999986172 0.005237827 -0.609100699 -0.003355093 -0.005239662 0.999980688 18.081588745
0.999993682 0.000236813 0.003570784 0.368444741 -0.000255909 0.999985635 0.005348311 -0.619683266 -0.003569467 -0.005349190 0.999979377 18.552879333
0.999993563 0.000326197 0.003574460 0.370740503 -0.000346129 0.999984384 0.005577037 -0.640218735 -0.003572585 -0.005578238 0.999978065 18.976573944
0.999994695 -0.000044652 0.003257765 0.390292287 0.000025221 0.999982178 0.005964347 -0.651935756 -0.003257974 -0.005964234 0.999976933 19.456533432
0.999992847 0.001034198 0.003646113 0.398172855 -0.001056792 0.999980211 0.006200292 -0.665391803 -0.003639629 -0.006204100 0.999974132 19.938915253
0.999993742 0.000447465 0.003504586 0.407028139 -0.000467875 0.999982953 0.005825135 -0.667142093 -0.003501920 -0.005826739 0.999976873 20.443513870
0.999996066 -0.000089526 0.002796115 0.433698088 0.000073732 0.999983966 0.005647830 -0.691524863 -0.002796576 -0.005647601 0.999980092 20.879360199
0.999997377 -0.000160957 0.002274218 0.440808922 0.000148409 0.999984741 0.005516502 -0.698262274 -0.002275071 -0.005516151 0.999982178 21.391206741
0.999997795 0.000029142 0.002093808 0.439458072 -0.000041470 0.999982655 0.005888071 -0.717976093 -0.002093601 -0.005888145 0.999980450 21.886533737
0.999998331 -0.000101671 0.001765965 0.452587485 0.000090913 0.999981403 0.006090992 -0.723553717 -0.001766552 -0.006090823 0.999979854 22.397384644
0.999999225 -0.000333661 0.001178097 0.467986494 0.000326626 0.999982059 0.005966459 -0.753007472 -0.001180066 -0.005966071 0.999981523 22.870235443
0.999999583 -0.000677497 0.000527939 0.478467941 0.000674362 0.999982178 0.005915771 -0.770252347 -0.000531938 -0.005915413 0.999982357 23.395984650
0.999999106 -0.001285858 -0.000018856 0.496959448 0.001285954 0.999978125 0.006474624 -0.787417233 0.000010530 -0.006474641 0.999979019 23.887660980
0.999999881 -0.000387530 -0.000290831 0.503753960 0.000389383 0.999979436 0.006397663 -0.792476296 0.000288345 -0.006397777 0.999979436 24.410121918
0.999999166 -0.000575550 -0.001180743 0.516022027 0.000583431 0.999977469 0.006684777 -0.803167701 0.001176869 -0.006685460 0.999976933 24.939901352
0.999997616 -0.000615549 -0.002088940 0.530796766 0.000629778 0.999976575 0.006817502 -0.812638462 0.002084695 -0.006818801 0.999974549 25.458936691
0.999997318 -0.000053056 -0.002326560 0.532298088 0.000069291 0.999975741 0.006978509 -0.829045653 0.002326133 -0.006978652 0.999972939 25.990701675
0.999997556 -0.000095221 -0.002220734 0.533263505 0.000112460 0.999969840 0.007763802 -0.842515469 0.002219928 -0.007764033 0.999967396 26.544939041
0.999993801 -0.000260529 -0.003523527 0.560520768 0.000287424 0.999970794 0.007634877 -0.854377091 0.003521435 -0.007635842 0.999964654 27.093191147
0.999993443 0.000340185 -0.003589215 0.547720790 -0.000313668 0.999972701 0.007385803 -0.873169601 0.003591630 -0.007384630 0.999966204 27.584005356
0.999993086 0.000495351 -0.003666367 0.551248252 -0.000467926 0.999971986 0.007477373 -0.880966365 0.003669968 -0.007475607 0.999965250 28.129383087
0.999989867 -0.000295030 -0.004497383 0.570811093 0.000328790 0.999971747 0.007507545 -0.895938158 0.004495042 -0.007508947 0.999961674 28.678497314
0.999990821 0.000224574 -0.004308479 0.560352206 -0.000190338 0.999968410 0.007945021 -0.921451271 0.004310128 -0.007944126 0.999959171 29.218441010
0.999987781 -0.000233416 -0.004943598 0.571080804 0.000272770 0.999968231 0.007961264 -0.934533775 0.004941582 -0.007962516 0.999956071 29.749782562
0.999988735 0.000294512 -0.004736449 0.558468282 -0.000257620 0.999969602 0.007787701 -0.940181494 0.004738600 -0.007786393 0.999958456 30.303537369
0.999988317 0.000439583 -0.004816821 0.565210879 -0.000400894 0.999967694 0.008030089 -0.950653315 0.004820195 -0.008028064 0.999956131 30.851936340
0.999984443 -0.000183488 -0.005570434 0.585135341 0.000226786 0.999969780 0.007773086 -0.962968171 0.005568839 -0.007774229 0.999954283 31.394294739
0.999983370 0.000023525 -0.005757256 0.606316030 0.000026407 0.999962389 0.008672766 -0.993258238 0.005757243 -0.008672774 0.999945819 31.960546494
0.999983668 -0.000449669 -0.005687494 0.590715587 0.000499063 0.999962151 0.008686266 -0.997323632 0.005683373 -0.008688963 0.999946117 32.430271149
0.999981701 -0.000772335 -0.006006701 0.597234666 0.000826036 0.999959648 0.008942801 -1.010966182 0.005999552 -0.008947598 0.999941945 32.982940674
0.999982655 -0.000114232 -0.005901259 0.596520185 0.000164456 0.999963820 0.008510905 -1.013586044 0.005900072 -0.008511727 0.999946356 33.534633636
0.999980330 -0.000200007 -0.006261088 0.605744600 0.000254758 0.999961674 0.008745101 -1.026523829 0.006259099 -0.008746525 0.999942183 34.065364838
0.999978065 -0.000444690 -0.006605165 0.612903416 0.000503528 0.999960184 0.008909002 -1.058430433 0.006600940 -0.008912131 0.999938488 34.564132690
0.999977410 -0.000306740 -0.006712855 0.617771268 0.000365642 0.999961376 0.008775001 -1.067038774 0.006709904 -0.008777259 0.999938905 35.116764069
0.999973834 -0.001243231 -0.007130012 0.641779304 0.001308180 0.999957621 0.009111841 -1.078774214 0.007118382 -0.009120931 0.999933064 35.650768280
0.999978006 -0.000102037 -0.006634717 0.634635091 0.000163223 0.999957442 0.009222127 -1.104675531 0.006633494 -0.009223008 0.999935448 36.192977905
0.999976635 -0.000411457 -0.006822308 0.621515691 0.000477255 0.999953389 0.009645649 -1.113022089 0.006818020 -0.009648678 0.999930203 36.689750671
0.999973714 -0.000703771 -0.007215212 0.632080376 0.000772691 0.999954104 0.009553774 -1.122983217 0.007208157 -0.009559099 0.999928296 37.235580444
0.999972522 -0.000609113 -0.007387497 0.643275142 0.000677519 0.999956906 0.009260746 -1.128062010 0.007381537 -0.009265496 0.999929845 37.792266846
0.999972939 -0.000531168 -0.007324791 0.646369338 0.000602823 0.999951959 0.009783722 -1.152105331 0.007319242 -0.009787873 0.999925256 38.350753784
0.999968886 -0.001314349 -0.007776911 0.648345470 0.001394938 0.999945283 0.010366205 -1.165923595 0.007762860 -0.010376731 0.999916017 38.840476990
0.999964714 -0.001086162 -0.008325080 0.656885982 0.001170687 0.999947786 0.010154955 -1.174885035 0.008313616 -0.010164346 0.999913752 39.389610291
0.999966860 -0.000938092 -0.008084578 0.670232654 0.001022746 0.999944568 0.010473279 -1.195073128 0.008074305 -0.010481201 0.999912381 39.935123444
0.999967873 -0.001423503 -0.007892845 0.679456592 0.001506733 0.999943197 0.010549122 -1.206038475 0.007877380 -0.010560676 0.999913156 40.490112305
0.999960661 -0.001978253 -0.008648328 0.672949910 0.002074431 0.999935925 0.011126093 -1.237606049 0.008625764 -0.011143597 0.999900699 41.028892517
0.999958277 -0.002336000 -0.008839794 0.682065606 0.002434862 0.999934375 0.011189498 -1.248078823 0.008813077 -0.011210554 0.999898314 41.578739166
0.999960840 -0.002034210 -0.008609898 0.686498880 0.002126721 0.999939919 0.010749282 -1.249382734 0.008587515 -0.010767171 0.999905169 42.116416931
0.999956191 -0.002155682 -0.009116838 0.691179752 0.002254733 0.999938369 0.010868291 -1.256543875 0.009092847 -0.010888368 0.999899387 42.664695740
0.999955177 -0.002901932 -0.009008151 0.699022889 0.003004179 0.999931097 0.011357808 -1.285931826 0.008974568 -0.011384361 0.999894917 43.141124725
0.999952078 -0.003085793 -0.009290554 0.709544241 0.003196224 0.999924123 0.011895110 -1.300763011 0.009253143 -0.011924233 0.999886036 43.684993744
0.999952912 -0.002954001 -0.009237588 0.712002099 0.003062296 0.999926448 0.011731171 -1.307242870 0.009202256 -0.011758907 0.999888480 44.232173920
0.999954522 -0.002818202 -0.009113552 0.717711031 0.002926436 0.999925077 0.011884740 -1.322151899 0.009079376 -0.011910870 0.999887824 44.760181427
0.999947131 -0.003732140 -0.009588985 0.730398297 0.003853278 0.999912620 0.012645843 -1.340912342 0.009540951 -0.012682123 0.999874055 45.297080994
0.999953508 -0.002838186 -0.009221753 0.730102181 0.002951675 0.999919772 0.012316420 -1.348581433 0.009186056 -0.012343067 0.999881566 45.833957672
0.999953866 -0.002985487 -0.009137640 0.738602638 0.003101561 0.999914348 0.012715185 -1.367511511 0.009098897 -0.012742941 0.999877453 46.364871979
0.999954760 -0.002684499 -0.009120550 0.756669641 0.002802815 0.999911726 0.012984511 -1.385353565 0.009084889 -0.013009489 0.999874115 46.889484406
0.999950111 -0.002620724 -0.009639936 0.729119778 0.002739290 0.999920487 0.012306808 -1.388004184 0.009606917 -0.012332599 0.999877810 47.295879364
0.999934375 -0.004055188 -0.010717295 0.748242259 0.004191765 0.999909878 0.012751997 -1.402614117 0.010664617 -0.012796084 0.999861240 47.836746216
0.999936759 -0.003792514 -0.010589357 0.752433360 0.003932144 0.999905229 0.013196289 -1.417316914 0.010538306 -0.013237094 0.999856830 48.371219635
0.999942660 -0.003324445 -0.010191454 0.766515017 0.003455807 0.999910831 0.012898983 -1.430480480 0.010147665 -0.012933463 0.999864817 48.818271637
0.999940813 -0.003132171 -0.010420015 0.765767157 0.003271347 0.999905348 0.013366471 -1.441853046 0.010377164 -0.013399768 0.999856353 49.363491058
0.999946296 -0.002912180 -0.009943581 0.776015401 0.003040375 0.999912143 0.012901562 -1.447155714 0.009905136 -0.012931100 0.999867320 49.804443359
0.999948025 -0.002869047 -0.009782592 0.780798554 0.002997202 0.999909520 0.013110886 -1.455941319 0.009744094 -0.013139523 0.999866188 50.352210999
0.999946713 -0.002987182 -0.009874401 0.781363130 0.003120953 0.999903142 0.013559658 -1.468831301 0.009832939 -0.013589755 0.999859333 50.801212311
0.999949098 -0.002736247 -0.009708761 0.785518885 0.002865361 0.999907315 0.013309740 -1.478729725 0.009671444 -0.013336881 0.999864340 51.352134705
0.999951601 -0.002311618 -0.009557309 0.787010312 0.002437639 0.999909937 0.013195270 -1.486016512 0.009525945 -0.013217927 0.999867201 51.843769073
0.999940217 -0.003331917 -0.010416565 0.799148202 0.003465896 0.999911129 0.012870625 -1.496293783 0.010372755 -0.012905958 0.999862850 52.381828308
0.999950886 -0.002536292 -0.009574545 0.793962300 0.002662314 0.999909759 0.013172559 -1.508849502 0.009540270 -0.013197402 0.999867320 52.949348450
0.999946773 -0.002751332 -0.009942909 0.823633194 0.002882602 0.999908566 0.013212236 -1.517977595 0.009905647 -0.013240193 0.999863207 53.396080017
0.999950945 -0.002258864 -0.009643054 0.822234988 0.002381827 0.999915779 0.012759057 -1.503967166 0.009613420 -0.012781398 0.999872088 54.028869629
0.999949753 -0.002754706 -0.009637908 0.823124170 0.002882198 0.999908209 0.013239353 -1.532639265 0.009600555 -0.013266467 0.999865830 54.373855591
0.999947429 -0.002262419 -0.010002377 0.835350513 0.002392516 0.999912500 0.013013852 -1.540090442 0.009972059 -0.013037099 0.999865234 55.046764374
0.999944866 -0.003531601 -0.009884980 0.833762646 0.003662549 0.999905348 0.013260598 -1.548322678 0.009837213 -0.013296071 0.999863148 55.473999023
0.999949753 -0.003259913 -0.009485651 0.845462263 0.003385876 0.999905884 0.013293693 -1.565246344 0.009441425 -0.013325140 0.999866605 55.985996246
0.999954581 -0.002500159 -0.009201596 0.853856504 0.002622674 0.999907732 0.013326621 -1.583174467 0.009167430 -0.013350145 0.999868810 56.503757477
0.999946475 -0.003018563 -0.009889272 0.872204602 0.003152898 0.999902606 0.013596648 -1.595420122 0.009847266 -0.013627104 0.999858677 57.109252930
0.999945283 -0.002953253 -0.010029346 0.881331503 0.003089188 0.999903202 0.013565357 -1.605366230 0.009988313 -0.013595600 0.999857724 57.645298004
0.999945223 -0.003193821 -0.009964638 0.877938449 0.003326525 0.999905646 0.013329494 -1.609221101 0.009921126 -0.013361913 0.999861479 58.322841644
0.999950528 -0.002516876 -0.009620763 0.887982190 0.002654456 0.999894023 0.014314434 -1.617345333 0.009583717 -0.014339264 0.999851346 58.773731232
0.999936402 -0.004245243 -0.010439694 0.900540829 0.004390767 0.999893010 0.013956383 -1.634161830 0.010379327 -0.014001334 0.999848068 59.389381409
0.999940097 -0.004156073 -0.010113880 0.904215455 0.004295963 0.999894917 0.013849332 -1.640145063 0.010055258 -0.013891954 0.999852896 59.950912476
0.999946415 -0.003258693 -0.009822769 0.894352734 0.003400176 0.999890268 0.014421400 -1.655580282 0.009774695 -0.014454027 0.999847710 60.518833160
0.999946594 -0.003631562 -0.009671233 0.867475390 0.003774809 0.999882877 0.014834898 -1.695122123 0.009616225 -0.014870613 0.999843121 61.065158844
0.999943733 -0.003015176 -0.010172903 0.944737256 0.003158196 0.999896049 0.014072256 -1.685093641 0.010129414 -0.014103591 0.999849260 61.550746918
0.999937117 -0.003387689 -0.010690589 1.009415150 0.003539852 0.999892235 0.014246561 -1.703528166 0.010641173 -0.014283509 0.999841273 61.955268860
0.999938071 -0.003236015 -0.010651982 1.020699263 0.003388518 0.999891579 0.014330059 -1.715059996 0.010604456 -0.014365267 0.999840498 62.498188019
0.999934435 -0.003183896 -0.010995562 1.033699989 0.003341231 0.999891877 0.014320376 -1.721600890 0.010948778 -0.014356178 0.999836981 63.030155182
0.999937177 -0.003069209 -0.010782770 1.028236151 0.003227211 0.999887288 0.014666464 -1.733122110 0.010736538 -0.014700340 0.999834239 63.621723175
0.999932170 -0.003438301 -0.011124535 1.036495566 0.003598199 0.999890029 0.014385458 -1.731615305 0.011073851 -0.014424510 0.999834597 64.178947449
0.999935210 -0.003630015 -0.010787572 1.016862988 0.003780795 0.999894917 0.013989873 -1.739870310 0.010735655 -0.014029752 0.999843955 64.591621399
0.999929011 -0.004248092 -0.011131094 1.022052288 0.004405560 0.999890029 0.014160565 -1.745541811 0.011069715 -0.014208600 0.999837756 65.152023315
0.999937475 -0.003351587 -0.010673353 1.023920536 0.003500588 0.999896228 0.013972115 -1.754062891 0.010625417 -0.014008605 0.999845386 65.684829712
0.999917746 -0.005283946 -0.011682831 1.043892145 0.005452691 0.999880612 0.014459543 -1.767355442 0.011605032 -0.014522057 0.999827206 66.206344604
0.999927521 -0.004347257 -0.011221940 1.037178755 0.004505333 0.999890387 0.014099676 -1.778529644 0.011159415 -0.014149213 0.999837637 66.740379333
0.999931514 -0.003876856 -0.011040951 1.105482101 0.004032705 0.999891996 0.014128353 -1.853500009 0.010984986 -0.014171910 0.999839246 67.354827881
0.999928474 -0.003930268 -0.011293457 1.115690112 0.004093868 0.999886453 0.014499897 -1.862221241 0.011235187 -0.014545094 0.999831080 67.907798767
0.999923706 -0.004368440 -0.011554747 1.128403068 0.004536009 0.999884307 0.014515989 -1.878515244 0.011489998 -0.014567294 0.999827862 68.439292908
0.999915481 -0.005007861 -0.011996924 1.144435167 0.005182088 0.999880850 0.014535800 -1.873733997 0.011922702 -0.014596742 0.999822378 68.997375488
0.999920309 -0.005054750 -0.011562251 1.151174188 0.005218166 0.999886215 0.014147364 -1.886937857 0.011489424 -0.014206571 0.999833047 69.518943787
0.999947667 -0.002662096 -0.009876864 1.008975029 0.002807179 0.999887943 0.014704484 -1.876151085 0.009836611 -0.014731441 0.999843061 69.855392456
0.999941587 -0.003069833 -0.010363875 1.018296242 0.003221386 0.999887705 0.014638221 -1.882225752 0.010317775 -0.014670753 0.999839127 70.400108337
0.999943256 -0.002647208 -0.010315222 1.019899607 0.002793287 0.999895692 0.014172873 -1.886803985 0.010276626 -0.014200880 0.999846399 70.961189270
0.999938428 -0.003593059 -0.010493858 1.036529779 0.003745751 0.999886870 0.014567343 -1.905718923 0.010440329 -0.014605752 0.999838829 71.451255798
0.999952078 -0.002149251 -0.009551150 1.007085562 0.002292151 0.999885201 0.014975841 -1.930605054 0.009517866 -0.014997016 0.999842227 72.014022827
0.999951422 -0.002630222 -0.009500468 1.018907309 0.002773961 0.999881387 0.015148347 -1.941984773 0.009459497 -0.015173963 0.999840140 72.567314148
0.999956608 -0.001881522 -0.009117038 0.975839913 0.002017614 0.999886334 0.014941072 -1.971608043 0.009087889 -0.014958817 0.999846756 73.266197205
0.999951184 -0.002656790 -0.009517929 1.031746030 0.002802170 0.999879062 0.015293719 -1.962735534 0.009476148 -0.015319642 0.999837697 73.659729004
0.999956369 -0.001913352 -0.009144430 0.994125843 0.002050821 0.999884665 0.015047354 -1.989986539 0.009114585 -0.015065452 0.999844909 74.339302063
0.999959588 -0.001570307 -0.008853105 0.980083883 0.001700043 0.999890983 0.014665794 -1.991992235 0.008829109 -0.014680251 0.999853194 74.896530151
0.999958336 -0.001639896 -0.008976684 0.988528013 0.001769930 0.999893367 0.014496991 -2.002380848 0.008951952 -0.014512278 0.999854565 75.442573547
0.999962866 -0.001417838 -0.008497932 1.002795935 0.001547992 0.999881327 0.015329081 -2.030272961 0.008475190 -0.015341667 0.999846339 76.017921448
0.999958277 -0.001595560 -0.008985807 1.009867430 0.001732325 0.999882460 0.015232871 -2.037237644 0.008960446 -0.015247804 0.999843538 76.573143005
0.999958277 -0.001799058 -0.008956552 1.022497058 0.001932922 0.999886274 0.014959798 -2.039237976 0.008928618 -0.014976487 0.999847949 77.087158203
0.999960065 -0.001599706 -0.008785684 1.026375294 0.001735677 0.999878466 0.015490706 -2.050521374 0.008759834 -0.015505335 0.999841332 77.575790405
0.999958873 -0.001783685 -0.008888221 1.027213931 0.001921935 0.999876916 0.015570108 -2.061143875 0.008859352 -0.015586551 0.999839246 78.206054688
0.999961853 -0.001239803 -0.008648341 1.042284966 0.001374036 0.999878407 0.015532611 -2.075768232 0.008628030 -0.015543903 0.999841988 78.752899170
0.999962032 -0.001642173 -0.008551478 1.054883003 0.001774761 0.999877930 0.015520265 -2.079988718 0.008524946 -0.015534854 0.999842942 79.310729980
0.999974310 -0.001142221 -0.007065861 1.061782718 0.001251381 0.999879658 0.015463761 -2.086696863 0.007047348 -0.015472207 0.999855459 79.838966370
0.999982119 -0.001325390 -0.005828633 1.082142830 0.001415355 0.999879479 0.015458017 -2.102529526 0.005807443 -0.015465992 0.999863505 80.365043640
0.999990225 -0.001359046 -0.004213844 1.084807515 0.001422812 0.999883890 0.015166660 -2.104432583 0.004192743 -0.015172508 0.999876082 80.918205261
0.999999702 -0.000797230 -0.000252130 1.096817851 0.000800969 0.999884188 0.015194213 -2.111546993 0.000239987 -0.015194410 0.999884546 81.465980530
0.999993384 -0.001072137 0.003500897 1.117876649 0.001018451 0.999882400 0.015300836 -2.120418787 -0.003516890 -0.015297168 0.999876797 82.006210327
0.999978840 -0.001396664 0.006355994 1.130323410 0.001299014 0.999881387 0.015341865 -2.116923809 -0.006376667 -0.015333282 0.999862134 82.617996216
0.999946237 -0.002019875 0.010175105 1.174852490 0.001868145 0.999887168 0.014899343 -2.098714113 -0.010204053 -0.014879532 0.999837220 83.182579041
0.999855280 -0.001659589 0.016928134 1.191747069 0.001404099 0.999885082 0.015093372 -2.126278400 -0.016951233 -0.015067420 0.999742806 83.731170654
0.999745786 -0.001597751 0.022494309 1.223795414 0.001258350 0.999885261 0.015094390 -2.136257172 -0.022515843 -0.015062246 0.999632955 84.273773193
0.999612093 -0.001534414 0.027807044 1.267709732 0.001113808 0.999884844 0.015135072 -2.141557217 -0.027827065 -0.015098229 0.999498665 84.826599121
0.999352872 -0.001705063 0.035927169 1.294334173 0.001162160 0.999884903 0.015126684 -2.141467810 -0.035948824 -0.015075142 0.999239981 85.399513245
0.999043345 -0.001772962 0.043695297 1.353659630 0.001128659 0.999890268 0.014765618 -2.162730694 -0.043716691 -0.014702177 0.998935759 85.988311768
0.998742878 -0.002647443 0.050055139 1.422322750 0.001888932 0.999882698 0.015194757 -2.181476831 -0.050089501 -0.015081107 0.998630881 86.488662720
0.998280942 -0.002732544 0.058546416 1.481974602 0.001859279 0.999886215 0.014965060 -2.175025463 -0.058580659 -0.014830481 0.998172522 87.010482788
0.997615874 -0.002420584 0.068968557 1.532771111 0.001366814 0.999881685 0.015322091 -2.200657845 -0.068997495 -0.015191293 0.997501075 87.562789917
0.996972024 -0.002636418 0.077716649 1.599613667 0.001456281 0.999882817 0.015237893 -2.208590746 -0.077747717 -0.015078574 0.996859014 88.094474792
0.996306121 -0.002718685 0.085829102 1.663938522 0.001430126 0.999885380 0.015070998 -2.211559772 -0.085860215 -0.014892582 0.996195853 88.709594727
0.995360732 -0.002194250 0.096189007 1.740653038 0.000711786 0.999880493 0.015443600 -2.208411694 -0.096211404 -0.015303485 0.995243251 89.208862305
0.994227886 -0.002507875 0.107258998 1.824121952 0.000864566 0.999881506 0.015364698 -2.225076199 -0.107284829 -0.015183281 0.994112313 89.847457886
0.993242145 -0.003069389 0.116020098 1.929625511 0.001312519 0.999883294 0.015216174 -2.233156204 -0.116053291 -0.014961063 0.993130326 90.420310974
0.991921008 -0.003149929 0.126817942 2.023244858 0.001206764 0.999880791 0.015396389 -2.240264177 -0.126851320 -0.015118961 0.991806567 90.955688477
0.990330100 -0.003987962 0.138673365 2.137354851 0.001847651 0.999877214 0.015559498 -2.257185936 -0.138718382 -0.015152819 0.990215957 91.514503479
0.988703012 -0.003309774 0.149851039 2.243991852 0.001005100 0.999880016 0.015452889 -2.258585930 -0.149884224 -0.015127704 0.988587797 92.087707520
0.987082005 -0.003761095 0.160171673 2.360648155 0.001361678 0.999885201 0.015087412 -2.264458179 -0.160210028 -0.014674413 0.986973822 92.647872925
0.984973550 -0.004294412 0.172651783 2.488642693 0.001719579 0.999885142 0.015060245 -2.276277542 -0.172696605 -0.014537055 0.984867811 93.166175842
0.982721567 -0.005075409 0.185020953 2.607355118 0.002265499 0.999878883 0.015395231 -2.289735556 -0.185076714 -0.014710061 0.982613921 93.710426331
0.980778992 -0.005026332 0.195057079 2.728376389 0.002092263 0.999881625 0.015245222 -2.290060997 -0.195110619 -0.014544087 0.980673373 94.247497559
0.978161514 -0.005827742 0.207764611 2.871351242 0.002699617 0.999878764 0.015336463 -2.298991680 -0.207828835 -0.014440654 0.978058577 94.764755249
0.975116730 -0.006104495 0.221607849 3.017385483 0.002745228 0.999876618 0.015463463 -2.307362556 -0.221674934 -0.014470316 0.975013256 95.334289551
0.972606122 -0.006333285 0.232372969 3.164749146 0.002758468 0.999872863 0.015705686 -2.317682266 -0.232442886 -0.014634452 0.972500026 95.830474854
0.969553709 -0.006470881 0.244792983 3.341341019 0.002789241 0.999877751 0.015383490 -2.330806732 -0.244862616 -0.014232332 0.969453335 96.410400391
0.966017544 -0.006606741 0.258391500 3.507705688 0.002633771 0.999872923 0.015718909 -2.341114521 -0.258462489 -0.014504198 0.965912461 96.928459167
0.962531567 -0.006476209 0.271092296 3.677007675 0.002355295 0.999876738 0.015523734 -2.341862917 -0.271159410 -0.014303579 0.962428212 97.484916687
0.959480464 -0.007810662 0.281666547 3.903779984 0.003515363 0.999869764 0.015751682 -2.355848074 -0.281752944 -0.014123272 0.959383070 98.036621094
0.955202699 -0.007756808 0.295850754 4.102720261 0.003048801 0.999861300 0.016371464 -2.373642921 -0.295936733 -0.014736076 0.955093861 98.590736389
0.950891733 -0.008576693 0.309404761 4.305004120 0.003798539 0.999864042 0.016042180 -2.377649546 -0.309500396 -0.014079090 0.950795054 99.117187500
0.947019994 -0.008818525 0.321053445 4.495679855 0.003805558 0.999860823 0.016238287 -2.379624367 -0.321152002 -0.014156195 0.946921825 99.629219055
0.942589223 -0.009184672 0.333828002 4.709070206 0.003838831 0.999853671 0.016669920 -2.393315315 -0.333932310 -0.014431380 0.942486525 100.132568359
0.937509120 -0.009020846 0.347844154 4.923192978 0.003433889 0.999855042 0.016674820 -2.400883198 -0.347944140 -0.014438337 0.937404096 100.643730164
0.932866812 -0.009405315 0.360098630 5.142200470 0.003542906 0.999850214 0.016936602 -2.407156229 -0.360204011 -0.014523799 0.932760477 101.151031494
0.928618729 -0.009732837 0.370907634 5.366100311 0.003816569 0.999853492 0.016681444 -2.410266876 -0.371015698 -0.014075108 0.928519905 101.669555664
0.923236728 -0.010211535 0.384095639 5.600849152 0.004089581 0.999851227 0.016751990 -2.412887573 -0.384209514 -0.013895262 0.923141360 102.164382935
0.917736232 -0.010739590 0.397045076 5.839736938 0.004367816 0.999846816 0.016948812 -2.416867733 -0.397166222 -0.013820321 0.917642534 102.656944275
0.912745595 -0.011306114 0.408372045 6.089172363 0.004785583 0.999844253 0.016985334 -2.425735950 -0.408500552 -0.013548989 0.912657499 103.151412964
0.906467438 -0.011635860 0.422115326 6.354587555 0.004827755 0.999840379 0.017193887 -2.436831474 -0.422248065 -0.013547827 0.906378984 103.643295288
0.899699032 -0.011477192 0.436359704 6.623767853 0.004460383 0.999843836 0.017101480 -2.445681810 -0.436487794 -0.013439856 0.899609745 104.123458862
0.893816292 -0.011804232 0.448277920 6.894260406 0.004727706 0.999845982 0.016901817 -2.450692177 -0.448408395 -0.012987795 0.893734396 104.605659485
0.888204336 -0.012916544 0.459267110 7.170833588 0.005378366 0.999828577 0.017717889 -2.463153362 -0.459417164 -0.013266996 0.888121545 105.086952209
0.881100893 -0.013286905 0.472741663 7.455928802 0.005679876 0.999830425 0.017515084 -2.467503071 -0.472894222 -0.012747440 0.881026983 105.567535400
