1.000000000 0.000000000 0.000000000 0.000000000 0.000000000 1.000000000 0.000000000 0.000000000 0.000000000 0.000000000 1.000000000 0.000000000
1.000000000 -0.000038902 -0.000005502 0.000125529 0.000038902 1.000000000 -0.000024446 0.000227641 0.000005503 0.000024446 1.000000000 0.000361440
1.000000000 0.000014097 0.000035041 -0.000096236 -0.000014097 1.000000000 -0.000018027 0.000529229 -0.000035041 0.000018026 1.000000000 0.000457680
1.000000000 0.000023132 0.000110922 -0.000990519 -0.000023129 1.000000000 -0.000029817 0.000805534 -0.000110923 0.000029815 1.000000000 0.000821806
1.000000000 -0.000049278 -0.000003449 0.000376201 0.000049278 1.000000000 0.000009362 0.000412203 0.000003449 -0.000009362 1.000000000 0.000433049
1.000000000 0.000078681 0.000063186 -0.000827323 -0.000078681 1.000000000 -0.000003350 0.000582146 -0.000063186 0.000003345 1.000000000 -0.000227327
1.000000000 0.000087957 0.000025831 -0.000353824 -0.000087952 1.000000000 -0.000170135 0.001326740 -0.000025846 0.000170133 1.000000000 0.000390959
1.000000000 0.000095797 0.000112015 -0.000829331 -0.000095795 1.000000000 -0.000019672 0.000467879 -0.000112017 0.000019662 1.000000000 0.000421719
1.000000000 0.000212876 0.000098377 -0.001670064 -0.000212877 1.000000000 0.000013778 0.000243318 -0.000098374 -0.000013799 1.000000000 -0.000009346
1.000000000 0.000152573 0.000105762 -0.000657877 -0.000152558 1.000000000 -0.000143005 0.001820198 -0.000105783 0.000142988 1.000000000 0.001450059
1.000000000 0.000189579 0.000042474 -0.000728962 -0.000189574 1.000000000 -0.000123595 0.000663278 -0.000042497 0.000123587 1.000000000 0.000011251
1.000000000 0.000080394 0.000058102 -0.000988679 -0.000080392 1.000000000 -0.000030785 0.000805940 -0.000058104 0.000030781 1.000000000 0.000253265
1.000000000 0.000152269 0.000115560 -0.001717052 -0.000152257 1.000000000 -0.000097555 0.001721879 -0.000115575 0.000097537 1.000000000 0.001030454
1.000000000 0.000150766 0.000047179 -0.000341059 -0.000150764 1.000000000 -0.000033060 0.000805480 -0.000047184 0.000033053 1.000000000 0.000312082
1.000000000 0.000182719 0.000160801 -0.001495957 -0.000182696 1.000000000 -0.000147422 0.001887815 -0.000160828 0.000147393 1.000000000 0.001174393
0.999999940 0.000297713 0.000158744 -0.002196997 -0.000297684 0.999999940 -0.000180375 0.002319078 -0.000158797 0.000180328 1.000000000 0.001746633
0.999999940 0.000288481 0.000164860 -0.001850757 -0.000288455 0.999999940 -0.000158002 0.003067977 -0.000164906 0.000157955 1.000000000 0.002860260
1.000000000 0.000167333 0.000171167 -0.001524200 -0.000167301 0.999999940 -0.000185446 0.002431215 -0.000171198 0.000185417 0.999999940 0.002611770
0.999999940 0.000200014 0.000196790 -0.002131245 -0.000199999 1.000000000 -0.000074440 0.002100165 -0.000196805 0.000074401 1.000000000 0.001973027
0.999999940 0.000218636 0.000123829 -0.002028124 -0.000218632 1.000000000 -0.000038828 0.002011519 -0.000123837 0.000038801 1.000000000 0.002320178
0.999999940 0.000238142 0.000170321 -0.001833519 -0.000238118 0.999999940 -0.000137087 0.002444916 -0.000170353 0.000137047 1.000000000 0.002367928
1.000000000 0.000211973 0.000098490 -0.001678320 -0.000211965 1.000000000 -0.000090629 0.002012191 -0.000098509 0.000090608 1.000000000 0.002076999
0.999999940 0.000365556 0.000188162 -0.002778904 -0.000365520 0.999999940 -0.000193526 0.002726571 -0.000188232 0.000193457 0.999999940 0.002764714
0.999999940 0.000302649 0.000208894 -0.002052649 -0.000302604 0.999999940 -0.000216387 0.002440185 -0.000208960 0.000216323 0.999999940 0.001657510
1.000000000 0.000163541 0.000153360 -0.001183772 -0.000163522 1.000000000 -0.000119243 0.002780175 -0.000153379 0.000119218 1.000000000 0.003224713
0.999999940 0.000253104 0.000141788 -0.001323037 -0.000253092 0.999999940 -0.000083604 0.001710395 -0.000141809 0.000083568 1.000000000 0.001747269
1.000000000 0.000199826 0.000119047 -0.001340977 -0.000199813 1.000000000 -0.000107933 0.002378265 -0.000119068 0.000107909 1.000000000 0.001979903
1.000000000 0.000187131 0.000130283 -0.001840651 -0.000187110 0.999999940 -0.000157520 0.002650189 -0.000130312 0.000157496 1.000000000 0.002500871
0.999999940 0.000227422 0.000186123 -0.001471269 -0.000227399 0.999999940 -0.000127247 0.002141253 -0.000186152 0.000127205 1.000000000 0.002489495
1.000000000 0.000133107 0.000182493 -0.001567393 -0.000133076 1.000000000 -0.000166953 0.002332542 -0.000182515 0.000166929 0.999999940 0.003022861
0.999999940 0.000240079 0.000159114 -0.001441191 -0.000240049 0.999999940 -0.000192484 0.002473166 -0.000159161 0.000192445 0.999999940 0.002548920
1.000000000 0.000168256 0.000171993 -0.001527509 -0.000168237 1.000000000 -0.000112111 0.001540120 -0.000172012 0.000112082 1.000000000 0.001122371
0.999999940 0.000272166 0.000200334 -0.002267730 -0.000272127 0.999999940 -0.000194279 0.002202998 -0.000200387 0.000194224 0.999999940 0.001873881
0.999999940 0.000256491 0.000198132 -0.001135250 -0.000256454 0.999999940 -0.000186705 0.001579623 -0.000198180 0.000186654 0.999999940 0.001011532
1.000000000 0.000171247 0.000162191 -0.001529997 -0.000171227 1.000000000 -0.000126340 0.002182976 -0.000162212 0.000126312 1.000000000 0.002541474
1.000000000 0.000158466 0.000120748 -0.001233479 -0.000158446 1.000000000 -0.000159955 0.003122690 -0.000120773 0.000159935 1.000000000 0.002936743
0.999999940 0.000360117 0.000190201 -0.002189861 -0.000360091 0.999999940 -0.000134328 0.002472434 -0.000190249 0.000134260 1.000000000 0.002278746
0.999999940 0.000228221 0.000094200 -0.000371608 -0.000228211 0.999999940 -0.000108442 0.002501014 -0.000094225 0.000108420 1.000000000 0.001843961
1.000000000 0.000167414 0.000129234 -0.000549870 -0.000167393 1.000000000 -0.000163978 0.001885563 -0.000129261 0.000163956 1.000000000 0.003372662
0.999999821 0.000499005 0.000037547 -0.000936053 -0.000498979 0.999999642 -0.000671059 -0.001612458 -0.000037882 0.000671040 0.999999762 0.048845764
0.999999821 0.000581416 -0.000118327 0.001506254 -0.000581568 0.999998927 -0.001290227 -0.001433620 0.000117577 0.001290295 0.999999166 0.140644222
0.999999940 0.000078024 -0.000265794 0.004131437 -0.000078324 0.999999344 -0.001127874 -0.008759792 0.000265706 0.001127895 0.999999344 0.253710896
0.999999940 -0.000056616 -0.000334769 0.008644693 0.000056235 0.999999285 -0.001139396 -0.011090335 0.000334834 0.001139377 0.999999285 0.384367079
0.999999940 0.000391870 -0.000113516 0.009745465 -0.000391972 0.999999523 -0.000895513 -0.014625328 0.000113165 0.000895557 0.999999583 0.528059185
1.000000000 0.000142436 -0.000101723 0.013841284 -0.000142525 0.999999583 -0.000875681 -0.019962620 0.000101598 0.000875695 0.999999583 0.678474605
1.000000000 0.000095603 -0.000146044 0.018804317 -0.000095691 0.999999762 -0.000604740 -0.024743941 0.000145986 0.000604754 0.999999762 0.840723097
0.999999940 0.000059866 0.000130748 0.022147743 -0.000059819 0.999999940 -0.000358064 -0.031056659 -0.000130769 0.000358056 0.999999940 1.008918762
0.999999940 -0.000000586 0.000002643 0.025630381 0.000000587 0.999999881 -0.000325391 -0.033133436 -0.000002643 0.000325391 0.999999940 1.186960340
0.999999881 0.000402364 0.000194415 0.029251203 -0.000402359 0.999999940 -0.000022496 -0.042567760 -0.000194424 0.000022417 1.000000000 1.368829012
0.999999881 0.000467122 0.000066790 0.032670505 -0.000467113 0.999999881 -0.000146148 -0.044705156 -0.000066858 0.000146116 0.999999940 1.561406612
0.999999940 -0.000099980 -0.000024862 0.036636773 0.000099985 0.999999940 0.000209296 -0.054120399 0.000024841 -0.000209299 1.000000000 1.761315942
0.999999762 0.000616868 0.000369483 0.035848282 -0.000616955 0.999999762 0.000233375 -0.058304477 -0.000369339 -0.000233603 0.999999821 1.959799290
0.999999940 -0.000043970 0.000304471 0.043138467 0.000043879 0.999999881 0.000297740 -0.067315675 -0.000304485 -0.000297727 0.999999881 2.164804220
0.999999881 0.000116100 0.000339722 0.047246624 -0.000116241 0.999999881 0.000413709 -0.070880949 -0.000339674 -0.000413748 0.999999881 2.381128073
0.999999642 0.000639951 0.000586642 0.049968224 -0.000640077 0.999999762 0.000214100 -0.076921202 -0.000586505 -0.000214475 0.999999881 2.601596117
0.999999702 0.000090247 0.000731706 0.053555958 -0.000090631 0.999999881 0.000523924 -0.086353935 -0.000731658 -0.000523991 0.999999583 2.832301140
0.999999642 0.000271158 0.000798975 0.058623452 -0.000271516 0.999999940 0.000448204 -0.089704908 -0.000798853 -0.000448421 0.999999583 3.067436934
0.999999762 0.000484842 0.000531425 0.065417536 -0.000485315 0.999999464 0.000890187 -0.102577992 -0.000530993 -0.000890445 0.999999464 3.305173159
0.999999762 0.000124262 0.000638736 0.068859376 -0.000124778 0.999999642 0.000808713 -0.110796481 -0.000638635 -0.000808793 0.999999464 3.548581600
0.999999821 0.000340602 0.000568267 0.071536586 -0.000341105 0.999999523 0.000886751 -0.115937263 -0.000567965 -0.000886944 0.999999464 3.805773258
0.999999642 0.000511643 0.000634284 0.079167604 -0.000512273 0.999999404 0.000993906 -0.124527298 -0.000633775 -0.000994231 0.999999285 4.066652775
0.999999583 0.000313469 0.000845356 0.085966490 -0.000314065 0.999999762 0.000705368 -0.127311081 -0.000845135 -0.000705634 0.999999404 4.323488712
1.000000000 0.000136376 0.000114118 0.093460076 -0.000136503 0.999999344 0.001116255 -0.139326960 -0.000113965 -0.001116270 0.999999344 4.568237305
0.999999940 -0.000025986 0.000257293 0.098816417 0.000025761 0.999999642 0.000876156 -0.144198284 -0.000257316 -0.000876149 0.999999583 4.820056438
0.999999821 0.000329866 0.000291203 0.103690349 -0.000330138 0.999999523 0.000936501 -0.150510222 -0.000290894 -0.000936597 0.999999523 5.082831860
0.999999285 0.000825143 0.000803662 0.105373420 -0.000825993 0.999999046 0.001058785 -0.156471387 -0.000802788 -0.001059448 0.999999106 5.343513489
0.999998748 0.001133705 0.001045681 0.106876940 -0.001134917 0.999998629 0.001159047 -0.166622177 -0.001044366 -0.001160232 0.999998808 5.607537746
0.999998689 0.001150584 0.001096347 0.108563714 -0.001151817 0.999998689 0.001124367 -0.172628284 -0.001095051 -0.001125629 0.999998808 5.878307819
0.999999285 0.000558630 0.001073272 0.118238993 -0.000559623 0.999999344 0.000925372 -0.178199574 -0.001072755 -0.000925972 0.999998927 6.145892620
0.999999404 0.000556175 0.000935390 0.126173377 -0.000556727 0.999999642 0.000591009 -0.180684894 -0.000935061 -0.000591530 0.999999344 6.426938534
0.999999166 0.000880365 0.000951261 0.131437510 -0.000881684 0.999998569 0.001386611 -0.200169712 -0.000950039 -0.001387449 0.999998569 6.712470531
0.999999046 0.001132901 0.000766843 0.143483624 -0.001133733 0.999998748 0.001084886 -0.202323377 -0.000765613 -0.001085755 0.999999106 7.017263889
0.999999046 0.001172672 0.000724094 0.147544354 -0.001173522 0.999998569 0.001174549 -0.212353066 -0.000722715 -0.001175398 0.999999046 7.313925266
0.999999046 0.001027592 0.000820923 0.154218853 -0.001028730 0.999998510 0.001386165 -0.228802443 -0.000819497 -0.001387008 0.999998689 7.606770515
0.999999225 0.000917482 0.000851758 0.168099865 -0.000918487 0.999998868 0.001179694 -0.229047865 -0.000850675 -0.001180476 0.999998927 7.923487663
0.999998271 0.001330525 0.001250878 0.163781732 -0.001332327 0.999998093 0.001441535 -0.243671194 -0.001248958 -0.001443199 0.999998093 8.253098488
0.999997973 0.001615228 0.001212372 0.172027618 -0.001616837 0.999997854 0.001326956 -0.250749290 -0.001210226 -0.001328914 0.999998331 8.571846008
0.999998868 0.001227324 0.000856490 0.186235487 -0.001228625 0.999998033 0.001520697 -0.261067003 -0.000854622 -0.001521747 0.999998450 8.910814285
0.999998987 0.001170270 0.000711305 0.196067125 -0.001171552 0.999997616 0.001805308 -0.273177892 -0.000709190 -0.001806139 0.999998093 9.249073982
0.999998391 0.001270279 0.001220246 0.197495252 -0.001272278 0.999997854 0.001638844 -0.292091817 -0.001218161 -0.001640394 0.999997914 9.583098412
0.999998927 0.001056897 0.001010317 0.210009366 -0.001059006 0.999997377 0.002089004 -0.303095102 -0.001008106 -0.002090072 0.999997318 9.928490639
0.999998093 0.001632153 0.001084320 0.213725552 -0.001634111 0.999997020 0.001808028 -0.309976012 -0.001081366 -0.001809797 0.999997795 10.291724205
0.999997914 0.001539508 0.001341901 0.221682549 -0.001541873 0.999997258 0.001762903 -0.319560558 -0.001339184 -0.001764969 0.999997556 10.657008171
0.999997616 0.001599606 0.001486200 0.227986470 -0.001601929 0.999997497 0.001563418 -0.326739579 -0.001483695 -0.001565795 0.999997675 11.020628929
0.999998748 0.001179949 0.001062170 0.239559501 -0.001182059 0.999997318 0.001988396 -0.336971253 -0.001059821 -0.001989649 0.999997437 11.403594017
0.999997199 0.002041348 0.001152045 0.245015681 -0.002043696 0.999995768 0.002040677 -0.343859941 -0.001147875 -0.002043025 0.999997258 11.785236359
0.999998510 0.001483576 0.000868795 0.251458317 -0.001485209 0.999997139 0.001881747 -0.356765240 -0.000866000 -0.001883034 0.999997854 12.172083855
0.999998391 0.001540654 0.000923112 0.262097120 -0.001542322 0.999997199 0.001808272 -0.366365582 -0.000920323 -0.001809693 0.999997973 12.561779976
0.999997735 0.001617415 0.001380374 0.265713096 -0.001620545 0.999996126 0.002269600 -0.378861576 -0.001376698 -0.002271832 0.999996483 12.949103355
0.999998391 0.001257325 0.001271707 0.283044457 -0.001259986 0.999997020 0.002093931 -0.389430910 -0.001269071 -0.002095530 0.999997020 13.351652145
0.999997199 0.001797370 0.001616921 0.284803152 -0.001800724 0.999996245 0.002075057 -0.401227683 -0.001613185 -0.002077963 0.999996543 13.748900414
0.999997079 0.001695681 0.001723443 0.293669403 -0.001699113 0.999996543 0.001991943 -0.406901360 -0.001720060 -0.001994866 0.999996543 14.161208153
0.999996960 0.001560311 0.001909615 0.306537002 -0.001564167 0.999996662 0.002019625 -0.421999514 -0.001906458 -0.002022606 0.999996126 14.581923485
0.999995887 0.002148263 0.001893571 0.316223770 -0.002152108 0.999995649 0.002030949 -0.429990709 -0.001889200 -0.002035016 0.999996066 15.013286591
0.999995530 0.002062161 0.002159893 0.324945569 -0.002067186 0.999995112 0.002326787 -0.448810279 -0.002155084 -0.002331242 0.999994934 15.442481995
0.999994278 0.001690500 0.002931692 0.333698303 -0.001696127 0.999996722 0.001917967 -0.454482734 -0.002928440 -0.001922928 0.999993861 15.883643150
0.999991953 0.002475254 0.003148265 0.344380319 -0.002481617 0.999994993 0.002018912 -0.471556365 -0.003143252 -0.002026709 0.999993026 16.305992126
0.999989867 0.002810028 0.003503718 0.352360964 -0.002815805 0.999994695 0.001645089 -0.482399851 -0.003499076 -0.001654938 0.999992549 16.749364853
0.999987185 0.002777701 0.004238560 0.358328164 -0.002787102 0.999993682 0.002213746 -0.504198313 -0.004232384 -0.002225531 0.999988496 17.194252014
0.999987185 0.002843589 0.004191718 0.371344268 -0.002853093 0.999993384 0.002263064 -0.517479122 -0.004185256 -0.002274995 0.999988556 17.651491165
0.999985635 0.002572511 0.004698581 0.385898888 -0.002583346 0.999994040 0.002301211 -0.526067376 -0.004692633 -0.002313316 0.999986291 18.115570068
0.999984801 0.002619441 0.004843267 0.394040465 -0.002630643 0.999993980 0.002307825 -0.537335873 -0.004837193 -0.002320531 0.999985635 18.574506760
0.999984622 0.002922792 0.004717276 0.407359153 -0.002934205 0.999992847 0.002414444 -0.548549414 -0.004710185 -0.002428249 0.999985993 19.055778503
0.999986112 0.002386799 0.004718656 0.425910443 -0.002397930 0.999994278 0.002354756 -0.563979864 -0.004713009 -0.002366038 0.999986053 19.520809174
0.999983370 0.003242961 0.004761945 0.432819247 -0.003254123 0.999992013 0.002338141 -0.571665823 -0.004754325 -0.002353598 0.999985933 20.037115097
0.999985754 0.002663806 0.004628741 0.450264841 -0.002676150 0.999992847 0.002662743 -0.594637275 -0.004621615 -0.002675093 0.999985754 20.490861893
0.999986112 0.002339390 0.004748698 0.452156246 -0.002352360 0.999993503 0.002727511 -0.602100909 -0.004742287 -0.002738644 0.999984980 20.971277237
0.999994755 0.001013161 0.003079750 0.479766667 -0.001019774 0.999997139 0.002146385 -0.602658570 -0.003077567 -0.002149514 0.999992967 21.510437012
0.999987841 0.003000007 0.003896600 0.465069503 -0.003011035 0.999991596 0.002827409 -0.632295668 -0.003888085 -0.002839108 0.999988437 21.989326477
0.999989748 0.002791917 0.003563293 0.478808224 -0.002802315 0.999991775 0.002916114 -0.644884229 -0.003555123 -0.002926070 0.999989450 22.504306793
0.999986291 0.003724609 0.003649276 0.478654832 -0.003736489 0.999987721 0.003254078 -0.660068572 -0.003637110 -0.003267669 0.999988079 23.000806808
0.999995053 0.001886332 0.002509868 0.499686360 -0.001894606 0.999992728 0.003298133 -0.678370237 -0.002503628 -0.003302871 0.999991417 23.518943787
0.999998569 0.000768691 0.001479262 0.513017595 -0.000773047 0.999995410 0.002946304 -0.690533161 -0.001476990 -0.002947443 0.999994576 24.052839279
0.999996603 0.001952832 0.001734852 0.518433154 -0.001958920 0.999991894 0.003514478 -0.710886240 -0.001727975 -0.003517865 0.999992311 24.601478577
0.999998033 0.001828782 0.000744650 0.535551488 -0.001831294 0.999992609 0.003386379 -0.711312413 -0.000738451 -0.003387735 0.999993980 25.147062302
0.999995291 0.003034821 0.000485716 0.536979139 -0.003036602 0.999988496 0.003710250 -0.737815619 -0.000474450 -0.003711708 0.999993026 25.670366287
0.999992967 0.003740385 0.000392388 0.546043575 -0.003741761 0.999986649 0.003567046 -0.749430478 -0.000379040 -0.003568489 0.999993622 26.228311539
0.999996185 0.002743376 0.000341416 0.553477049 -0.002744610 0.999989510 0.003667901 -0.764692068 -0.000331350 -0.003668824 0.999993205 26.789228439
0.999996066 0.002664605 -0.000857289 0.572692454 -0.002660976 0.999987662 0.004205990 -0.773307323 0.000868486 -0.004203693 0.999990821 27.346742630
0.999991834 0.004032612 -0.000216519 0.571505487 -0.004031926 0.999987125 0.003079423 -0.788332701 0.000228934 -0.003078525 0.999995172 27.913145065
0.999993503 0.003457051 -0.001039266 0.593205214 -0.003453192 0.999987245 0.003692017 -0.794635773 0.001052016 -0.003688405 0.999992609 28.468170166
0.999992728 0.003796224 -0.000418135 0.591109753 -0.003794794 0.999987125 0.003367717 -0.816214859 0.000430914 -0.003366105 0.999994218 29.010841370
0.999990284 0.004391185 -0.000453319 0.595292211 -0.004389445 0.999983251 0.003771788 -0.833334625 0.000469874 -0.003769762 0.999992788 29.560214996
0.999987245 0.005047953 -0.000428063 0.602412343 -0.005046446 0.999981344 0.003452535 -0.844643652 0.000445483 -0.003450331 0.999993920 30.110000610
0.999988854 0.004659325 -0.000794775 0.610351920 -0.004656686 0.999983728 0.003291580 -0.850842357 0.000810098 -0.003287842 0.999994278 30.670724869
0.999987245 0.005013601 -0.000452677 0.621927381 -0.005011918 0.999980807 0.003644659 -0.872800648 0.000470942 -0.003642343 0.999993265 31.204494476
0.999982297 0.005922164 -0.000626857 0.627456903 -0.005919947 0.999976456 0.003482623 -0.884770513 0.000647467 -0.003478851 0.999993742 31.750968933
0.999983251 0.005549516 -0.001649901 0.655026257 -0.005544336 0.999979734 0.003127021 -0.893801868 0.001667221 -0.003117821 0.999993682 32.238204956
0.999986172 0.004821622 -0.002104366 0.658707976 -0.004814520 0.999982774 0.003367214 -0.910621583 0.002120565 -0.003357036 0.999992073 32.781383514
0.999980986 0.005918655 -0.001690543 0.649338186 -0.005913513 0.999977946 0.003031271 -0.918295562 0.001708447 -0.003021217 0.999993920 33.354076385
0.999982476 0.005639712 -0.001770128 0.661067545 -0.005635015 0.999980688 0.002647399 -0.929811120 0.001785023 -0.002637378 0.999994874 33.905609131
0.999979854 0.006017358 -0.002011887 0.670449853 -0.006010180 0.999975622 0.003554930 -0.948711336 0.002033230 -0.003542766 0.999991655 34.391128540
0.999976754 0.006069780 -0.003099923 0.692063093 -0.006060949 0.999977589 0.002850594 -0.960940003 0.003117156 -0.002831739 0.999991119 34.983165741
0.999981105 0.005639272 -0.002434846 0.691002548 -0.005630208 0.999977350 0.003713641 -0.976605237 0.002455733 -0.003699862 0.999990106 35.478908539
0.999986410 0.004486689 -0.002664695 0.698035002 -0.004477712 0.999984324 0.003365591 -0.997802913 0.002679753 -0.003353614 0.999990702 36.130046844
0.999989212 0.003832169 -0.002624013 0.707555056 -0.003824339 0.999988317 0.002982586 -1.008556128 0.002635412 -0.002972519 0.999992073 36.684387207
0.999987185 0.004316398 -0.002664701 0.713138759 -0.004308330 0.999986231 0.003026416 -1.019779205 0.002677727 -0.003014897 0.999991834 37.239154816
0.999982238 0.005375466 -0.002575323 0.704602242 -0.005365537 0.999978125 0.003846802 -1.057441711 0.002595944 -0.003832915 0.999989212 37.617156982
0.999986529 0.002977079 -0.004260308 0.768824577 -0.002960384 0.999988019 0.003920020 -1.055402517 0.004271928 -0.003907355 0.999983251 38.300468445
0.999977648 0.005954980 -0.003068711 0.721687615 -0.005945269 0.999977350 0.003163798 -1.072152138 0.003087481 -0.003145482 0.999990225 38.731914520
0.999981225 0.005241253 -0.003179994 0.742709756 -0.005228519 0.999978304 0.003999691 -1.096483588 0.003200888 -0.003982989 0.999986947 39.239189148
0.999976933 0.006042305 -0.003103815 0.749803185 -0.006030587 0.999974728 0.003771143 -1.110316157 0.003126522 -0.003752338 0.999988079 39.790714264
0.999978065 0.005666601 -0.003408639 0.769655704 -0.005653471 0.999976575 0.003849384 -1.127828598 0.003430372 -0.003830029 0.999986768 40.369018555
0.999977052 0.005777546 -0.003526031 0.779599011 -0.005764707 0.999976754 0.003640441 -1.138169408 0.003546982 -0.003620031 0.999987185 40.921253204
0.999985933 0.003998866 -0.003475659 0.798909128 -0.003986842 0.999985993 0.003459351 -1.155008674 0.003489444 -0.003445446 0.999987960 41.562644958
0.999985516 0.004273216 -0.003295925 0.807146847 -0.004263226 0.999986291 0.003032226 -1.163902640 0.003308838 -0.003018131 0.999989986 42.118003845
0.999987304 0.002947865 -0.004108555 0.826533914 -0.002933790 0.999989748 0.003427789 -1.184626579 0.004118618 -0.003415691 0.999985695 42.649349213
0.999985814 0.003575175 -0.003938736 0.808902919 -0.003562173 0.999988139 0.003303258 -1.192417145 0.003950499 -0.003289180 0.999986768 43.171081543
0.999972343 0.006867587 -0.002854497 0.808565080 -0.006857629 0.999970436 0.003483342 -1.226374507 0.002878337 -0.003463672 0.999989867 43.663238525
0.999981821 0.003355889 -0.005004701 0.859165668 -0.003339552 0.999989033 0.003269211 -1.217052341 0.005015617 -0.003252439 0.999982059 44.320648193
0.999967992 0.007590528 -0.002548678 0.821077108 -0.007581290 0.999964774 0.003614722 -1.254397988 0.002576025 -0.003595283 0.999990225 44.738056183
0.999974310 0.006466307 -0.003092814 0.836225331 -0.006455311 0.999972880 0.003552757 -1.270401716 0.003115705 -0.003532701 0.999988914 45.325016022
0.999974728 0.006330780 -0.003219401 0.848502278 -0.006319280 0.999973714 0.003569793 -1.283859968 0.003241916 -0.003549359 0.999988437 45.869068146
0.999975622 0.006493247 -0.002566999 0.834790587 -0.006483325 0.999971569 0.003854613 -1.302191377 0.002591957 -0.003837877 0.999989271 46.365158081
0.999973536 0.006188201 -0.003835797 0.880464435 -0.006172314 0.999972403 0.004140030 -1.305398941 0.003861310 -0.004116244 0.999984026 46.968685150
0.999973714 0.006427035 -0.003343194 0.862427771 -0.006413841 0.999971688 0.003942541 -1.331321359 0.003368438 -0.003920994 0.999986649 47.342414856
0.999972224 0.006933140 -0.002726767 0.866251230 -0.006923290 0.999969602 0.003605191 -1.343256950 0.002751679 -0.003586212 0.999989808 47.887908936
0.999977410 0.006029928 -0.002950893 0.875527442 -0.006018367 0.999974251 0.003911146 -1.350942731 0.002974401 -0.003893298 0.999988019 48.381069183
0.999980092 0.005574424 -0.002944113 0.880154729 -0.005563912 0.999978244 0.003566649 -1.360360146 0.002963932 -0.003550198 0.999989331 48.932716370
0.999975145 0.006465442 -0.002815163 0.892482162 -0.006455069 0.999972463 0.003678350 -1.374124169 0.002838870 -0.003660086 0.999989271 49.475185394
0.999974370 0.006601615 -0.002759741 0.907777786 -0.006590708 0.999970436 0.003942930 -1.385164857 0.002785689 -0.003924639 0.999988437 49.920906067
0.999974668 0.006359657 -0.003218172 0.922689915 -0.006347272 0.999972582 0.003844243 -1.392143846 0.003242532 -0.003823720 0.999987423 50.602108002
0.999974430 0.006410434 -0.003163126 0.934287012 -0.006397695 0.999971390 0.004020980 -1.419449687 0.003188812 -0.004000640 0.999986887 50.968296051
0.999973178 0.006548089 -0.003286842 0.936713815 -0.006534012 0.999969482 0.004275711 -1.432952166 0.003314737 -0.004254120 0.999985397 51.484523773
0.999973059 0.006649924 -0.003107008 0.940279961 -0.006638230 0.999970913 0.003758910 -1.442908883 0.003131913 -0.003738183 0.999988019 52.017330170
0.999971092 0.006904468 -0.003157048 0.948666930 -0.006890920 0.999967217 0.004282226 -1.455194235 0.003186511 -0.004260348 0.999985874 52.542621613
0.999970675 0.006984510 -0.003124822 0.953736782 -0.006970971 0.999966383 0.004322799 -1.471717834 0.003154909 -0.004300890 0.999985814 53.087448120
0.999967575 0.007688460 -0.002407049 0.946045756 -0.007679232 0.999963224 0.003820596 -1.484666824 0.002436335 -0.003801987 0.999989808 53.616420746
0.999968112 0.007695348 -0.002137335 0.952452540 -0.007688037 0.999964595 0.003408671 -1.488650680 0.002163492 -0.003392130 0.999991894 54.161705017
0.999967456 0.007773322 -0.002152409 0.962482274 -0.007766104 0.999964297 0.003341666 -1.502687693 0.002178308 -0.003324842 0.999992073 54.709728241
0.999975622 0.006474694 -0.002610196 0.969689667 -0.006465065 0.999972343 0.003680877 -1.512977839 0.002633956 -0.003663912 0.999989808 55.230449677
0.999971747 0.007104606 -0.002436986 0.973461211 -0.007095591 0.999968052 0.003687835 -1.520404458 0.002463107 -0.003670439 0.999990225 55.754108429
0.999972999 0.007015429 -0.002196540 0.989136100 -0.007007774 0.999969423 0.003474057 -1.536453962 0.002220845 -0.003458570 0.999991536 56.292011261
0.999975324 0.006767182 -0.001885160 0.984051049 -0.006760318 0.999970555 0.003624017 -1.546920776 0.001909628 -0.003611184 0.999991655 56.800838470
0.999974728 0.006751947 -0.002229767 0.992295861 -0.006743982 0.999970853 0.003560520 -1.561298609 0.002253742 -0.003545393 0.999991179 57.344524384
0.999975681 0.006679710 -0.002003254 0.996489346 -0.006672403 0.999971151 0.003632378 -1.573164940 0.002027458 -0.003618923 0.999991357 57.894115448
0.999973595 0.007115103 -0.001415461 1.021493316 -0.007110508 0.999969542 0.003224919 -1.579331875 0.001438362 -0.003214770 0.999993742 58.522079468
0.999977708 0.006281240 -0.002258469 1.012711287 -0.006273787 0.999974906 0.003292197 -1.597680449 0.002279091 -0.003277955 0.999992013 58.944850922
0.999977887 0.006183862 -0.002438095 1.021311998 -0.006176227 0.999976039 0.003126785 -1.611957550 0.002457371 -0.003111657 0.999992073 59.474685669
0.999974906 0.006676445 -0.002372995 1.027561307 -0.006669933 0.999974012 0.002741698 -1.620498538 0.002391238 -0.002725802 0.999993384 60.029903412
0.999973238 0.007038191 -0.001990052 1.020779371 -0.007031503 0.999969661 0.003348298 -1.638388157 0.002013558 -0.003334215 0.999992430 60.553825378
0.999975860 0.006716482 -0.001780723 1.027613759 -0.006710743 0.999972343 0.003210034 -1.645735621 0.001802233 -0.003198007 0.999993205 61.111320496
0.999977350 0.006480846 -0.001783743 1.031986237 -0.006475206 0.999974072 0.003149576 -1.661744118 0.001804110 -0.003137955 0.999993443 61.663105011
0.999976277 0.006743276 -0.001391870 1.035446048 -0.006738982 0.999972522 0.003066117 -1.674707890 0.001412508 -0.003056664 0.999994338 62.215183258
0.999972701 0.007233509 -0.001474529 1.045667768 -0.007229060 0.999969304 0.003000061 -1.686768532 0.001496185 -0.002989320 0.999994338 62.739456177
0.999974489 0.006954395 -0.001631107 1.058486462 -0.006949389 0.999971151 0.003055503 -1.702987790 0.001652310 -0.003044089 0.999993920 63.241832733
0.999974489 0.006965137 -0.001591718 1.063977957 -0.006960522 0.999971628 0.002886444 -1.713816404 0.001611777 -0.002875292 0.999994576 63.772598267
0.999975324 0.006909544 -0.001258064 1.067357421 -0.006906189 0.999972641 0.002651480 -1.720828772 0.001276350 -0.002642726 0.999995708 64.301689148
0.999976635 0.006706913 -0.001278009 1.075675011 -0.006703784 0.999974549 0.002437803 -1.732589722 0.001294327 -0.002429179 0.999996185 64.818618774
0.999972105 0.007395175 -0.001061470 1.078536749 -0.007392326 0.999969065 0.002662957 -1.747791171 0.001081130 -0.002655036 0.999995887 65.339759827
0.999975145 0.006955369 -0.001157876 1.087600231 -0.006952791 0.999973357 0.002215651 -1.758496761 0.001173255 -0.002207546 0.999996901 65.869491577
0.999975145 0.006883604 -0.001531626 1.102530003 -0.006880839 0.999974668 0.001803301 -1.771104693 0.001544000 -0.001792717 0.999997199 66.429695129
0.999977887 0.006508710 -0.001452552 1.108520150 -0.006504931 0.999975502 0.002590795 -1.785467267 0.001469379 -0.002581288 0.999995589 66.915931702
0.999976277 0.006778175 -0.001269453 1.123301625 -0.006774793 0.999973595 0.002650450 -1.798352242 0.001287385 -0.002641787 0.999995768 67.510025024
0.999973893 0.007186342 -0.000729217 1.117105603 -0.007184563 0.999971271 0.002415589 -1.814395905 0.000746555 -0.002410287 0.999996841 67.952888489
0.999979496 0.005825490 -0.002677794 1.157168746 -0.005818276 0.999979496 0.002693427 -1.826846838 0.002693429 -0.002677792 0.999992728 68.668029785
0.999975622 0.006897963 -0.001067531 1.132417917 -0.006895683 0.999973953 0.002123745 -1.840769649 0.001082153 -0.002116332 0.999997199 68.986953735
0.999970675 0.007649299 -0.000395484 1.135176182 -0.007648836 0.999970019 0.001155870 -1.848761201 0.000404313 -0.001152811 0.999999285 69.546470642
0.999982536 0.005829580 -0.000955834 1.147181988 -0.005828222 0.999981999 0.001416520 -1.863710165 0.000964075 -0.001410925 0.999998569 70.112861633
0.999983311 0.005592359 -0.001457565 1.157897949 -0.005588917 0.999981523 0.002354631 -1.886673927 0.001470706 -0.002346445 0.999996185 70.531646729
0.999985039 0.005314248 -0.001308069 1.165551543 -0.005311413 0.999983549 0.002160443 -1.900624752 0.001319527 -0.002153463 0.999996722 71.083038330
0.999986231 0.004974736 -0.001632368 1.173131943 -0.004971301 0.999985576 0.002100962 -1.916302085 0.001642795 -0.002092819 0.999996424 71.613449097
0.999987721 0.004515520 -0.002021242 1.186538339 -0.004510872 0.999987245 0.002298007 -1.934151292 0.002031593 -0.002288861 0.999995291 72.155403137
0.999980628 0.006090098 -0.001286760 1.180878997 -0.006087122 0.999978840 0.002304203 -1.944897294 0.001300765 -0.002296326 0.999996543 72.651786804
0.999981463 0.005907722 -0.001464479 1.193084002 -0.005904477 0.999980152 0.002211008 -1.957257509 0.001477513 -0.002202320 0.999996424 73.182334900
0.999978185 0.006476535 -0.001289194 1.203281283 -0.006474002 0.999977171 0.001958183 -1.963715672 0.001301847 -0.001949794 0.999997258 73.738525391
0.999981761 0.005904933 -0.001270745 1.206237674 -0.005901671 0.999979317 0.002555471 -1.984008551 0.001285809 -0.002547925 0.999995947 74.235466003
0.999982178 0.005772702 -0.001514549 1.220228076 -0.005769281 0.999980807 0.002254429 -1.996939421 0.001527534 -0.002245650 0.999996364 74.781372070
0.999979675 0.006295167 -0.001032808 1.223550320 -0.006293089 0.999978125 0.002003051 -2.009077311 0.001045394 -0.001996511 0.999997377 75.284515381
0.999980092 0.006227070 -0.000954849 1.232901692 -0.006225061 0.999978364 0.002092139 -2.029980421 0.000967857 -0.002086153 0.999997377 75.807365417
0.999978960 0.006404874 -0.000948777 1.241692066 -0.006403115 0.999977708 0.001846273 -2.042367935 0.000960583 -0.001840159 0.999997854 76.343994141
0.999977946 0.006565759 -0.000943415 1.244914174 -0.006563686 0.999976099 0.002185055 -2.058025360 0.000957739 -0.002178815 0.999997139 76.880210876
0.999976277 0.006863317 -0.000594401 1.248156428 -0.006862130 0.999974489 0.001976963 -2.071426630 0.000607955 -0.001972837 0.999997854 77.413162231
0.999976993 0.006751968 -0.000626071 1.263116002 -0.006750972 0.999975920 0.001579280 -2.082109213 0.000636718 -0.001575017 0.999998569 77.961158752
0.999979317 0.006350358 -0.000999362 1.273600340 -0.006348438 0.999978006 0.001912694 -2.103242397 0.001011486 -0.001906310 0.999997675 78.511291504
0.999981225 0.005992427 -0.001275849 1.288573980 -0.005989931 0.999980092 0.001951132 -2.122067213 0.001287516 -0.001943453 0.999997258 79.054954529
0.999978065 0.006596277 0.000522129 1.281988144 -0.006597469 0.999975681 0.002316594 -2.139570713 -0.000506835 -0.002319988 0.999997199 79.599502563
0.999975979 0.006728157 0.001646091 1.297624350 -0.006731366 0.999975562 0.001951402 -2.153163195 -0.001632921 -0.001962436 0.999996722 80.140632629
0.999977708 0.006231384 0.002406995 1.315759301 -0.006236267 0.999978483 0.002026845 -2.169117928 -0.002394312 -0.002041810 0.999995053 80.685737610
0.999970853 0.006544447 0.003949364 1.324213505 -0.006553176 0.999976099 0.002201586 -2.185199976 -0.003934861 -0.002227403 0.999989808 81.224273682
0.999956489 0.006464627 0.006714886 1.346126914 -0.006479294 0.999976695 0.002164884 -2.205579281 -0.006700733 -0.002208298 0.999975085 81.760940552
0.999918163 0.006995331 0.010709968 1.358923197 -0.007015859 0.999973595 0.001880186 -2.215348959 -0.010696533 -0.001955171 0.999940872 82.312530518
0.999880612 0.007048443 0.013747513 1.381561756 -0.007078411 0.999972582 0.002132406 -2.234672308 -0.013732107 -0.002229462 0.999903202 82.849639893
0.999818206 0.006489780 0.017928896 1.401246667 -0.006528171 0.999976456 0.002083590 -2.244368553 -0.017914953 -0.002200254 0.999837101 83.393371582
0.999696136 0.007009655 0.023631508 1.427083254 -0.007069021 0.999971986 0.002429524 -2.258129835 -0.023613816 -0.002595838 0.999717712 83.944892883
0.999539018 0.006258720 0.029709198 1.459394455 -0.006316331 0.999978364 0.001845659 -2.271774769 -0.029697007 -0.002032461 0.999557018 84.478820801
0.999336481 0.006267417 0.035878513 1.489216328 -0.006336770 0.999978185 0.001819624 -2.284595490 -0.035866328 -0.002045771 0.999354482 85.030189514
0.999008596 0.006194293 0.044084348 1.527573586 -0.006275034 0.999978840 0.001693374 -2.295600414 -0.044072930 -0.001968326 0.999026358 85.581764221
0.998601675 0.006105985 0.052510973 1.573183298 -0.006190542 0.999979794 0.001447761 -2.311945677 -0.052501064 -0.001770808 0.998619318 86.134780884
0.998210192 0.005766449 0.059524454 1.628460646 -0.005855008 0.999981999 0.001313465 -2.324882030 -0.059515800 -0.001659630 0.998226047 86.681632996
0.997614384 0.005965218 0.068774156 1.670847416 -0.006053950 0.999981105 0.001081842 -2.338178873 -0.068766400 -0.001495616 0.997631609 87.230644226
0.996842086 0.005881099 0.079190835 1.745470524 -0.005985246 0.999981582 0.001077832 -2.355348825 -0.079183042 -0.001548405 0.996858895 87.755561829
0.996171534 0.005722361 0.087232344 1.802298546 -0.005857251 0.999981999 0.001290445 -2.372761011 -0.087223388 -0.001796447 0.996187270 88.304336548
0.995485842 0.005220218 0.094765708 1.872402668 -0.005346223 0.999985099 0.001075804 -2.385445595 -0.094758697 -0.001577586 0.995499074 88.855712891
0.994454384 0.005589250 0.105020449 1.950984955 -0.005744295 0.999982834 0.001173914 -2.406404495 -0.105012082 -0.001770672 0.994469345 89.431434631
0.993380964 0.004497878 0.114778154 2.041198730 -0.004635959 0.999988794 0.000936117 -2.425327539 -0.114772677 -0.001462027 0.993390679 89.951889038
0.992262781 0.004119838 0.124087334 2.125445366 -0.004239142 0.999990702 0.000697439 -2.441190004 -0.124083325 -0.001218067 0.992271006 90.486968994
0.990644813 0.004628140 0.136387065 2.230553627 -0.004791405 0.999988139 0.000868812 -2.448866367 -0.136381418 -0.001514170 0.990655243 91.171478271
0.988972604 0.003432920 0.148059189 2.316985130 -0.003544467 0.999993563 0.000489545 -2.470437765 -0.148056567 -0.001008938 0.988978326 91.558341980
0.987144113 0.003843966 0.159786090 2.446413994 -0.004008551 0.999991715 0.000707725 -2.487864256 -0.159782022 -0.001339137 0.987151384 92.318862915
0.985351741 0.004436130 0.170477435 2.561612129 -0.004606051 0.999989331 0.000601231 -2.500045300 -0.170472950 -0.001377651 0.985361397 92.912124634
0.983023047 0.004323661 0.183431119 2.679833412 -0.004529946 0.999989510 0.000705585 -2.517975092 -0.183426142 -0.001524540 0.983032286 93.443855286
0.980589092 0.004199064 0.196029112 2.826994896 -0.004329060 0.999990582 0.000234678 -2.529308319 -0.196026310 -0.001078744 0.980598032 94.107383728
0.978525400 0.004088913 0.206086084 2.944425583 -0.004310307 0.999990523 0.000625317 -2.548820019 -0.206081599 -0.001500182 0.978533626 94.520462036
0.975623548 0.003395337 0.219424367 3.100477219 -0.003562858 0.999993563 0.000367747 -2.560878277 -0.219421715 -0.001140561 0.975629389 95.167510986
0.972557306 0.002485437 0.232649833 3.246904373 -0.002583085 0.999996603 0.000115064 -2.572818756 -0.232648760 -0.000712861 0.972560585 95.697593689
0.969771266 0.002956850 0.243997768 3.390787125 -0.003119221 0.999995053 0.000279084 -2.591920614 -0.243995756 -0.001031730 0.969775736 96.204742432
0.967174590 0.002550276 0.254100025 3.558349609 -0.002770743 0.999996006 0.000509748 -2.614107132 -0.254097730 -0.001197062 0.967177808 96.645957947
0.963507056 0.002894892 0.267667204 3.727148056 -0.003303864 0.999993980 0.001077538 -2.635087252 -0.267662466 -0.001922551 0.963510811 97.158462524
0.959967434 0.001722571 0.280106485 3.902965546 -0.001813846 0.999998391 0.000066633 -2.648822069 -0.280105889 -0.000572035 0.959968925 97.687210083
0.956323326 0.001988025 0.292304039 4.085023880 -0.002068214 0.999997854 -0.000034689 -2.657156706 -0.292303532 -0.000571374 0.956325352 98.204994202
0.952163935 0.001776409 0.305582553 4.284423828 -0.002073323 0.999997735 0.000647088 -2.682156801 -0.305580735 -0.001249706 0.952165365 98.755645752
0.947432697 0.001759521 0.319950283 4.506553650 -0.001923896 0.999998093 0.000197668 -2.710151672 -0.319949329 -0.000802829 0.947434247 99.347007751
0.943677187 0.001528880 0.330864012 4.682092667 -0.001933020 0.999997675 0.000892424 -2.712822199 -0.330861956 -0.001481727 0.943678021 99.791664124
0.938949525 0.000891942 0.344053835 4.901279449 -0.001317447 0.999998629 0.001002971 -2.722292185 -0.344052464 -0.001395012 0.938949406 100.297492981
0.933720469 0.000722789 0.358002096 5.110725403 -0.001163422 0.999998868 0.001015420 -2.743304014 -0.358000994 -0.001364625 0.933720171 100.819671631
0.929217577 -0.001308076 0.369530797 5.339271545 0.001209632 0.999999225 0.000498097 -2.750206232 -0.369531155 -0.000015844 0.929218292 101.284248352
0.924200356 -0.001094640 0.381906480 5.557659149 0.000877968 0.999999344 0.000741597 -2.758974791 -0.381907016 -0.000350082 0.924200654 101.825126648
0.918115973 0.000191460 0.396311760 5.819599152 -0.000679603 0.999999106 0.001091297 -2.794251204 -0.396311224 -0.001271272 0.918115377 102.332344055
0.912372828 0.000144500 0.409360379 6.069019318 -0.000769545 0.999998748 0.001362155 -2.808028460 -0.409359664 -0.001557814 0.912371874 102.827774048
0.907568455 -0.000769578 0.419903249 6.310955048 0.000216481 0.999999046 0.001364851 -2.824596643 -0.419903874 -0.001147795 0.907567859 103.301239014
0.901723325 -0.000795782 0.432312787 6.568866730 0.000290820 0.999999225 0.001234158 -2.841868639 -0.432313383 -0.000987145 0.901722848 103.783447266
0.895092249 -0.001434704 0.445878595 6.864151001 0.001182289 0.999998927 0.000844277 -2.862429142 -0.445879370 -0.000228548 0.895092964 104.340873718
0.889122725 -0.002238455 0.457663387 7.138240814 0.002263574 0.999997318 0.000493493 -2.871194363 -0.457663238 0.000597179 0.889125466 104.823631287
0.883300781 -0.002103686 0.468801737 7.430263519 0.002037135 0.999997735 0.000649054 -2.881851912 -0.468802065 0.000381703 0.883303225 105.330215454
0.875823319 -0.002745516 0.482624024 7.714843750 0.002573626 0.999996126 0.001018317 -2.909044266 -0.482624978 0.000350227 0.875827074 105.820343018
0.868650079 -0.004074008 0.495409310 8.008216858 0.003980972 0.999991298 0.001243216 -2.924124002 -0.495410025 0.000892291 0.868658721 106.282867432
0.862599432 -0.003752631 0.505873680 8.293659210 0.003684650 0.999992609 0.001135118 -2.936023474 -0.505874157 0.000884815 0.862606883 106.732261658
