1.000000000 0.000000000 0.000000000 0.000000000 0.000000000 1.000000000 0.000000000 0.000000000 0.000000000 0.000000000 1.000000000 0.000000000
1.000000000 -0.000075619 0.000084092 -0.000542953 0.000075617 1.000000000 0.000032171 0.000026150 -0.000084095 -0.000032164 1.000000000 0.000065568
1.000000000 0.000196224 0.000118088 -0.001280353 -0.000196242 0.999999940 0.000159010 -0.000914960 -0.000118057 -0.000159033 1.000000000 0.000586974
1.000000000 0.000130080 -0.000028442 0.000115677 -0.000130078 1.000000000 0.000066220 -0.000004193 0.000028450 -0.000066216 1.000000000 0.000060262
1.000000000 0.000168945 0.000035820 -0.000132073 -0.000168948 1.000000000 0.000080953 -0.000397256 -0.000035806 -0.000080959 1.000000000 0.000222009
1.000000000 0.000141625 0.000065126 -0.001115176 -0.000141634 1.000000000 0.000129883 -0.000501085 -0.000065108 -0.000129892 1.000000000 -0.000900711
1.000000000 -0.000033232 0.000167595 -0.001628149 0.000033246 1.000000000 -0.000084644 0.001086861 -0.000167592 0.000084649 1.000000000 0.000819374
1.000000000 -0.000153684 0.000042000 0.000122808 0.000153682 1.000000000 0.000056674 0.000122118 -0.000042009 -0.000056667 1.000000000 0.001237814
1.000000000 -0.000017348 0.000064761 -0.000407185 0.000017344 1.000000000 0.000067827 0.000911866 -0.000064762 -0.000067826 1.000000000 0.001579935
1.000000000 0.000051363 0.000115220 -0.000301089 -0.000051371 1.000000000 0.000069074 0.000151969 -0.000115217 -0.000069080 1.000000000 -0.000276401
1.000000000 -0.000111631 0.000091739 0.000669549 0.000111616 1.000000000 0.000162175 -0.000220355 -0.000091757 -0.000162164 1.000000000 0.000776591
1.000000000 0.000121684 0.000030779 0.000232175 -0.000121687 1.000000000 0.000100001 -0.000543787 -0.000030767 -0.000100005 1.000000000 0.000352897
1.000000000 0.000026278 0.000077309 0.000047465 -0.000026278 1.000000000 -0.000001754 0.000697336 -0.000077309 0.000001752 1.000000000 0.000672661
1.000000000 -0.000069224 0.000051835 -0.000461290 0.000069215 1.000000000 0.000177872 -0.000177095 -0.000051847 -0.000177868 1.000000000 -0.000062777
0.999999940 0.000161797 0.000183609 -0.001094123 -0.000161802 1.000000000 0.000027854 0.000909290 -0.000183605 -0.000027884 1.000000000 0.000850010
1.000000000 -0.000073950 -0.000078284 0.000903832 0.000073962 1.000000000 0.000158551 0.000167065 0.000078273 -0.000158557 1.000000000 0.000812410
1.000000000 0.000057373 0.000011447 -0.000626304 -0.000057375 1.000000000 0.000206307 -0.000117180 -0.000011435 -0.000206307 1.000000000 0.000684974
1.000000000 0.000084295 0.000099695 -0.000427082 -0.000084316 1.000000000 0.000216956 -0.000922112 -0.000099676 -0.000216964 1.000000000 -0.000369626
0.999999940 0.000281128 0.000149474 -0.001257992 -0.000281165 0.999999940 0.000248516 -0.001598312 -0.000149404 -0.000248558 0.999999940 -0.000249035
1.000000000 0.000190837 0.000099266 -0.000536184 -0.000190860 0.999999940 0.000223771 -0.000405984 -0.000099224 -0.000223790 0.999999940 0.000406454
0.999999940 0.000311455 0.000123539 -0.000742721 -0.000311491 0.999999881 0.000287417 -0.001359952 -0.000123450 -0.000287456 0.999999940 -0.000376241
1.000000000 0.000131205 0.000161494 -0.001008549 -0.000131214 1.000000000 0.000055674 -0.000453693 -0.000161487 -0.000055696 1.000000000 -0.001249136
1.000000000 0.000108599 0.000135678 -0.001059563 -0.000108627 1.000000000 0.000206122 -0.001630483 -0.000135656 -0.000206137 0.999999940 -0.001001222
1.000000000 -0.000004997 0.000103446 -0.000006283 0.000004996 1.000000000 0.000004077 -0.000156351 -0.000103446 -0.000004077 1.000000000 -0.000686100
1.000000000 0.000089701 0.000112041 -0.000550268 -0.000089700 1.000000000 -0.000004988 -0.000160318 -0.000112041 0.000004978 1.000000000 0.000323391
1.000000000 0.000199207 0.000091824 0.000093500 -0.000199212 1.000000000 0.000055524 0.000755146 -0.000091813 -0.000055542 1.000000000 0.000600469
1.000000000 0.000103305 0.000143902 -0.000411333 -0.000103317 1.000000000 0.000082028 -0.000005216 -0.000143893 -0.000082043 1.000000000 -0.000773942
1.000000000 0.000062055 0.000076521 -0.000365100 -0.000062059 1.000000000 0.000055828 0.000003636 -0.000076518 -0.000055832 1.000000000 0.000467337
0.999999881 0.000434179 0.000185999 -0.001011017 -0.000434192 0.999999881 0.000066933 0.000659218 -0.000185970 -0.000067014 1.000000000 0.001899953
1.000000000 0.000053245 0.000119794 -0.000357861 -0.000053258 1.000000000 0.000108622 -0.000233145 -0.000119788 -0.000108629 1.000000000 0.000189724
0.999999940 0.000196567 0.000160503 -0.001262273 -0.000196585 1.000000000 0.000109344 0.000280753 -0.000160481 -0.000109376 1.000000000 0.000973318
0.999999940 0.000245433 0.000070667 -0.000359333 -0.000245441 0.999999940 0.000117402 -0.000149405 -0.000070638 -0.000117420 1.000000000 0.000749517
1.000000000 0.000201555 0.000106929 -0.000565559 -0.000201559 1.000000000 0.000043363 0.000032084 -0.000106921 -0.000043385 1.000000000 -0.000880766
1.000000000 0.000184881 0.000155214 -0.000518534 -0.000184876 1.000000000 -0.000033841 0.000592339 -0.000155220 0.000033813 1.000000000 -0.000023328
1.000000000 0.000099934 0.000155375 -0.000374590 -0.000099938 1.000000000 0.000028514 0.000820680 -0.000155373 -0.000028529 1.000000000 0.000977714
0.999999940 0.000277693 0.000104423 -0.001040541 -0.000277691 0.999999940 -0.000012973 0.000405284 -0.000104427 0.000012944 1.000000000 0.000690131
1.000000000 0.000102622 0.000197188 -0.001023303 -0.000102599 1.000000000 -0.000114541 0.003133756 -0.000197199 0.000114521 1.000000000 0.002177321
1.000000000 0.000126086 0.000133211 -0.001016136 -0.000126094 1.000000000 0.000060705 0.001361635 -0.000133203 -0.000060721 1.000000000 0.002876615
0.999999940 0.000196897 0.000240821 -0.001578177 -0.000196946 0.999999940 0.000201327 -0.001250043 -0.000240781 -0.000201374 0.999999940 0.000325431
1.000000000 0.000027050 0.000198861 -0.000911837 -0.000027055 1.000000000 0.000024354 0.000415023 -0.000198861 -0.000024360 1.000000000 0.000697079
0.999999940 0.000001537 0.000349578 -0.001457064 -0.000001487 1.000000000 -0.000141308 0.001528238 -0.000349579 0.000141307 0.999999940 0.002367103
0.999999940 -0.000041830 0.000292767 0.000034607 0.000042001 0.999999821 -0.000583807 -0.001636205 -0.000292742 0.000583819 0.999999762 0.051069748
0.999999881 0.000346043 0.000309502 0.000800303 -0.000345690 0.999999285 -0.001142647 -0.005872815 -0.000309897 0.001142540 0.999999285 0.134716004
0.999999881 0.000420176 -0.000163754 0.004396474 -0.000420408 0.999998927 -0.001420906 -0.006882055 0.000163156 0.001420975 0.999998987 0.252725184
1.000000000 -0.000126252 -0.000047747 0.007161838 0.000126189 0.999999106 -0.001319569 -0.012192133 0.000047914 0.001319563 0.999999106 0.385031760
1.000000000 0.000148997 0.000019039 0.007690442 -0.000148972 0.999999106 -0.001307281 -0.015485235 -0.000019233 0.001307278 0.999999166 0.528542280
0.999999940 0.000316686 -0.000068144 0.010128462 -0.000316780 0.999998987 -0.001386479 -0.018066972 0.000067705 0.001386500 0.999999046 0.683154047
0.999999762 0.000629854 0.000217881 0.014962109 -0.000629615 0.999999225 -0.001096141 -0.021558650 -0.000218571 0.001096003 0.999999404 0.839662135
1.000000000 0.000023954 -0.000008712 0.019685293 -0.000023962 0.999999642 -0.000812824 -0.026789283 0.000008693 0.000812824 0.999999642 1.015480876
1.000000000 0.000141349 0.000133832 0.018734526 -0.000141282 0.999999881 -0.000497120 -0.033390284 -0.000133903 0.000497101 0.999999881 1.185010552
0.999999762 0.000585601 0.000331413 0.020150222 -0.000585470 0.999999762 -0.000393569 -0.037250448 -0.000331643 0.000393375 0.999999881 1.368305087
0.999999642 0.000734507 0.000345137 0.030214787 -0.000734347 0.999999642 -0.000463173 -0.043759391 -0.000345477 0.000462919 0.999999821 1.567342639
0.999999821 0.000128389 0.000598132 0.027707756 -0.000128055 0.999999821 -0.000557880 -0.044374961 -0.000598203 0.000557803 0.999999642 1.754037619
0.999999702 -0.000507468 0.000535754 0.029809833 0.000507337 0.999999821 0.000244841 -0.063495360 -0.000535878 -0.000244569 0.999999821 1.925538540
0.999999285 -0.000815665 0.000822966 0.032388072 0.000815453 0.999999583 0.000257052 -0.071076564 -0.000823175 -0.000256381 0.999999642 2.131529331
0.999999464 -0.000616815 0.000732819 0.036443684 0.000616782 0.999999762 0.000046079 -0.072825253 -0.000732847 -0.000045627 0.999999762 2.357056379
0.999999404 -0.000659635 0.000786318 0.040056378 0.000659594 0.999999762 0.000052089 -0.078683026 -0.000786352 -0.000051570 0.999999702 2.573181868
0.999999642 -0.000367586 0.000745073 0.045457944 0.000367214 0.999999821 0.000499638 -0.086716861 -0.000745257 -0.000499365 0.999999642 2.801972389
0.999999225 -0.000356928 0.001128035 0.043547705 0.000356717 0.999999881 0.000187514 -0.091030143 -0.001128102 -0.000187111 0.999999344 3.036559820
0.999998927 -0.000663812 0.001274529 0.046558779 0.000663397 0.999999642 0.000326583 -0.097917661 -0.001274745 -0.000325737 0.999999106 3.280598164
0.999999106 -0.000609233 0.001246541 0.051646154 0.000608774 0.999999762 0.000368586 -0.104213409 -0.001246765 -0.000367827 0.999999106 3.530644894
0.999998808 -0.000818814 0.001316950 0.056046624 0.000818194 0.999999523 0.000471134 -0.109943047 -0.001317336 -0.000470056 0.999998987 3.785353422
0.999999166 -0.000611551 0.001147463 0.061833199 0.000611440 0.999999821 0.000097301 -0.115800910 -0.001147522 -0.000096599 0.999999344 4.043011665
0.999999404 -0.000392557 0.001006829 0.068036616 0.000392299 0.999999940 0.000256398 -0.123190172 -0.001006930 -0.000256002 0.999999464 4.294159412
0.999999225 -0.000669231 0.001015374 0.072392419 0.000668730 0.999999642 0.000493952 -0.132740945 -0.001015704 -0.000493273 0.999999404 4.547842503
0.999998689 -0.000718160 0.001434478 0.073722646 0.000717533 0.999999642 0.000437729 -0.132769570 -0.001434792 -0.000436699 0.999998868 4.800503254
0.999998927 -0.000071702 0.001420860 0.080276482 0.000070782 0.999999762 0.000647369 -0.140308380 -0.001420906 -0.000647268 0.999998808 5.059709072
0.999998689 -0.000679794 0.001374546 0.082287550 0.000679053 0.999999583 0.000539401 -0.148610353 -0.001374912 -0.000538467 0.999998927 5.320413113
0.999999166 -0.000080193 0.001275125 0.094686009 0.000079690 0.999999881 0.000395013 -0.157852471 -0.001275157 -0.000394911 0.999999106 5.588981152
0.999998808 -0.001059452 0.001059180 0.103202350 0.001058736 0.999999166 0.000676329 -0.172220841 -0.001059895 -0.000675207 0.999999225 5.900737286
0.999999106 -0.000741702 0.001141041 0.109060064 0.000740828 0.999999464 0.000766575 -0.179796532 -0.001141609 -0.000765728 0.999999106 6.182572365
0.999998927 -0.000930420 0.001032216 0.116342552 0.000929642 0.999999285 0.000753345 -0.188598886 -0.001032916 -0.000752384 0.999999225 6.467680931
0.999998391 -0.000852307 0.001567135 0.117993988 0.000851518 0.999999523 0.000504356 -0.196295485 -0.001567564 -0.000503021 0.999998629 6.750363827
0.999998331 -0.000530692 0.001742647 0.119150333 0.000529058 0.999999404 0.000937430 -0.213101685 -0.001743144 -0.000936507 0.999997973 7.059638977
0.999998331 -0.000594797 0.001710517 0.125437841 0.000593764 0.999999583 0.000603902 -0.217976257 -0.001710876 -0.000602885 0.999998331 7.364334583
0.999997914 -0.000432423 0.001973786 0.130817920 0.000431235 0.999999702 0.000602440 -0.228296608 -0.001974046 -0.000601587 0.999997914 7.673354626
0.999997258 -0.000212175 0.002308572 0.135693446 0.000210408 0.999999702 0.000765751 -0.236330152 -0.002308734 -0.000765263 0.999997020 7.990740776
0.999998033 -0.000654654 0.001870117 0.141130313 0.000652677 0.999999225 0.001057767 -0.249136582 -0.001870808 -0.001056544 0.999997675 8.323890686
0.999998152 -0.000733379 0.001774860 0.149396136 0.000732083 0.999999523 0.000730699 -0.256451726 -0.001775395 -0.000729399 0.999998152 8.650652885
0.999997437 -0.000828049 0.002077985 0.155742466 0.000825384 0.999998808 0.001283189 -0.265743256 -0.002079045 -0.001281470 0.999996960 8.989439964
0.999997318 -0.000731895 0.002191219 0.157157272 0.000728159 0.999998271 0.001705362 -0.288351536 -0.002192464 -0.001703762 0.999996066 9.326353073
0.999996781 -0.001062861 0.002300379 0.166593134 0.001059678 0.999998510 0.001384605 -0.295132875 -0.002301847 -0.001382163 0.999996305 9.676886559
0.999996781 -0.001410726 0.002142980 0.174334139 0.001407816 0.999998093 0.001359006 -0.303195536 -0.002144893 -0.001355985 0.999996781 10.014777184
0.999997377 -0.000708075 0.002190778 0.179626629 0.000704821 0.999998629 0.001485707 -0.312889278 -0.002191827 -0.001484159 0.999996483 10.408578873
0.999997735 -0.000628122 0.002047631 0.187005371 0.000624251 0.999998033 0.001890433 -0.323793411 -0.002048815 -0.001889150 0.999996066 10.773175240
0.999997258 -0.000805222 0.002208219 0.196715474 0.000801584 0.999998331 0.001647760 -0.329180032 -0.002209543 -0.001645985 0.999996185 11.139421463
0.999996305 -0.000361350 0.002701705 0.196597442 0.000357476 0.999998927 0.001434170 -0.342723727 -0.002702220 -0.001433199 0.999995351 11.533281326
0.999996006 -0.000402718 0.002814816 0.204000741 0.000400009 0.999999523 0.000962757 -0.345284432 -0.002815203 -0.000961627 0.999995649 11.925395966
0.999996364 -0.000832892 0.002594451 0.218418360 0.000829513 0.999998808 0.001303403 -0.362662643 -0.002595533 -0.001301246 0.999995828 12.305405617
0.999995708 -0.001526093 0.002512338 0.233596176 0.001523257 0.999998152 0.001130516 -0.369300067 -0.002514058 -0.001126684 0.999996185 12.713473320
0.999995708 -0.000829763 0.002815254 0.237563148 0.000825729 0.999998629 0.001433884 -0.378503591 -0.002816440 -0.001431554 0.999994993 13.116156578
0.999996305 -0.001045286 0.002521024 0.251990765 0.001041738 0.999998450 0.001408071 -0.393663615 -0.002522493 -0.001405440 0.999995768 13.505210876
0.999995291 -0.002149145 0.002171874 0.266454458 0.002146291 0.999996781 0.001315529 -0.397431910 -0.002174694 -0.001310861 0.999996781 13.922419548
0.999997020 -0.001312052 0.002103614 0.278081566 0.001309115 0.999998152 0.001397064 -0.408772022 -0.002105443 -0.001394306 0.999996841 14.329245567
0.999995947 -0.001458989 0.002448964 0.287489384 0.001454626 0.999997318 0.001782403 -0.424435347 -0.002451558 -0.001778833 0.999995470 14.757063866
0.999994576 -0.001101812 0.003082326 0.296809465 0.001096694 0.999997973 0.001661524 -0.436483085 -0.003084151 -0.001658135 0.999993920 15.179476738
0.999995828 -0.000625352 0.002830743 0.310535252 0.000623297 0.999999523 0.000726920 -0.436170667 -0.002831196 -0.000725152 0.999995708 15.625592232
0.999993742 -0.000542500 0.003502133 0.317725420 0.000539892 0.999999583 0.000745451 -0.448045671 -0.003502536 -0.000743555 0.999993563 16.071903229
0.999992788 -0.001337181 0.003556984 0.335346699 0.001332168 0.999998152 0.001411298 -0.465293884 -0.003558864 -0.001406549 0.999992609 16.518234253
0.999993861 -0.001153320 0.003294193 0.345813692 0.001150285 0.999998927 0.000922925 -0.479020059 -0.003295254 -0.000919130 0.999994159 16.959360123
0.999990821 -0.000864116 0.004196948 0.353046656 0.000860891 0.999999404 0.000770130 -0.489159286 -0.004197611 -0.000766510 0.999990880 17.420799255
0.999990344 -0.001060473 0.004263768 0.361010373 0.001054950 0.999998689 0.001297366 -0.501397192 -0.004265138 -0.001292856 0.999990106 17.876100540
0.999986649 -0.000303239 0.005150084 0.360696375 0.000296160 0.999999046 0.001375189 -0.516662061 -0.005150496 -0.001373646 0.999985814 18.342082977
0.999990702 -0.001250638 0.004120011 0.396305978 0.001246586 0.999998748 0.000985970 -0.528887391 -0.004121239 -0.000980825 0.999991000 18.814779282
0.999989748 -0.000701924 0.004451961 0.406553447 0.000699083 0.999999523 0.000639515 -0.540165424 -0.004452408 -0.000636397 0.999989867 19.292024612
0.999988914 -0.001446251 0.004487860 0.433921516 0.001440854 0.999998212 0.001205567 -0.547638595 -0.004489596 -0.001199087 0.999989152 19.776327133
0.999991238 -0.001244745 0.003992944 0.439066052 0.001239268 0.999998271 0.001373945 -0.571200430 -0.003994646 -0.001368985 0.999991000 20.251121521
0.999990880 -0.001602408 0.003959178 0.451642931 0.001597542 0.999997973 0.001231685 -0.583374381 -0.003961144 -0.001225349 0.999991357 20.746448517
0.999992788 -0.001551693 0.003471325 0.466336310 0.001549449 0.999998569 0.000649103 -0.588431180 -0.003472328 -0.000643720 0.999993742 21.251865387
0.999990702 -0.000888428 0.004211075 0.456737012 0.000889238 0.999999523 -0.000190543 -0.591025591 -0.004210904 0.000194286 0.999991059 21.772872925
0.999994516 -0.001449722 0.002968930 0.478317201 0.001444270 0.999997258 0.001837893 -0.631078422 -0.002971587 -0.001833595 0.999993920 22.254867554
0.999996066 -0.000985962 0.002607972 0.489362538 0.000982858 0.999998748 0.001191188 -0.638235927 -0.002609144 -0.001188620 0.999995887 22.772382736
0.999996424 -0.000381434 0.002619738 0.489135474 0.000377460 0.999998748 0.001517133 -0.663768947 -0.002620314 -0.001516139 0.999995410 23.294258118
0.999998629 -0.001040153 0.001311780 0.504051805 0.001038400 0.999998510 0.001336754 -0.673958838 -0.001313169 -0.001335390 0.999998212 23.847959518
0.999998152 -0.001723079 0.000790513 0.509083092 0.001721916 0.999997377 0.001469451 -0.690622926 -0.000793043 -0.001468087 0.999998629 24.316514969
0.999999166 -0.001323987 -0.000161997 0.521618009 0.001324328 0.999996841 0.002125859 -0.703489304 0.000159182 -0.002126072 0.999997735 24.853858948
1.000000000 -0.000153240 -0.000035199 0.529447675 0.000153309 0.999997914 0.001981498 -0.713406205 0.000034895 -0.001981504 0.999998033 25.394365311
0.999998271 -0.001006916 -0.001600368 0.550947130 0.001011063 0.999996126 0.002592798 -0.737910688 0.001597752 -0.002594411 0.999995351 25.918010712
0.999997556 -0.001554514 -0.001588915 0.545357168 0.001556998 0.999997497 0.001563617 -0.739434183 0.001586481 -0.001566087 0.999997497 26.484472275
0.999994516 -0.002022618 -0.002633242 0.559877336 0.002027838 0.999995947 0.001981191 -0.750141263 0.002629225 -0.001986519 0.999994516 27.042644501
0.999994278 -0.001578508 -0.003012057 0.566983163 0.001584806 0.999996543 0.002089557 -0.772122264 0.003008748 -0.002094318 0.999993205 27.568437576
0.999995291 -0.001351978 -0.002738712 0.547129393 0.001356016 0.999997914 0.001472800 -0.764309525 0.002736715 -0.001476507 0.999995112 28.144405365
0.999997318 -0.000319992 -0.002299000 0.566591978 0.000326305 0.999996185 0.002746022 -0.821725368 0.002298112 -0.002746765 0.999993563 28.726696014
0.999993622 -0.001333835 -0.003290861 0.576774776 0.001343293 0.999994993 0.002873558 -0.838227153 0.003287011 -0.002877960 0.999990463 29.215133667
0.999993980 -0.000793647 -0.003363718 0.582835793 0.000804277 0.999994755 0.003160183 -0.854039907 0.003361192 -0.003162869 0.999989331 29.762323380
0.999991298 -0.000843194 -0.004077977 0.589657784 0.000856864 0.999994099 0.003351672 -0.869944274 0.004075126 -0.003355137 0.999986053 30.323024750
0.999991834 -0.000540677 -0.003975873 0.604940355 0.000554620 0.999993742 0.003506721 -0.885857463 0.003973952 -0.003508897 0.999985933 30.877672195
0.999989152 0.000894930 -0.004573522 0.625711679 -0.000883565 0.999996483 0.002486374 -0.885163069 0.004575732 -0.002482306 0.999986470 31.420862198
0.999988914 -0.000826891 -0.004641309 0.604760408 0.000843126 0.999993443 0.003496950 -0.925002873 0.004638389 -0.003500824 0.999983072 31.900604248
0.999984741 -0.002271297 -0.005030472 0.618467689 0.002286678 0.999992669 0.003053880 -0.931732655 0.005023499 -0.003065336 0.999982715 32.467109680
0.999981582 -0.002414664 -0.005563597 0.630746126 0.002435145 0.999990225 0.003677557 -0.946204185 0.005554663 -0.003691037 0.999977827 33.018371582
0.999985158 -0.002242815 -0.004946628 0.624066949 0.002259659 0.999991596 0.003402332 -0.974760175 0.004938957 -0.003413460 0.999981940 33.580020905
0.999980271 -0.002492666 -0.005763518 0.625208139 0.002513415 0.999990404 0.003595649 -0.989064574 0.005754498 -0.003610065 0.999976933 34.064220428
0.999977469 -0.003093001 -0.005949088 0.634186029 0.003112755 0.999989688 0.003313992 -1.000778317 0.005938776 -0.003332436 0.999976814 34.610671997
0.999977767 -0.003333697 -0.005777182 0.637844086 0.003357077 0.999986172 0.004041833 -1.023902416 0.005763628 -0.004061138 0.999975145 35.136165619
0.999980807 -0.002595496 -0.005623511 0.630034506 0.002621372 0.999986053 0.004598775 -1.052077651 0.005611495 -0.004613429 0.999973595 35.629333496
0.999977887 -0.002758390 -0.006049019 0.639445007 0.002780214 0.999989629 0.003602396 -1.048434019 0.006039021 -0.003619134 0.999975145 36.202857971
0.999976516 -0.002931735 -0.006192197 0.648185015 0.002953141 0.999989688 0.003450714 -1.063773036 0.006182016 -0.003468919 0.999974847 36.749130249
0.999976158 -0.003004079 -0.006221024 0.642083347 0.003029600 0.999986947 0.004097064 -1.086590171 0.006208637 -0.004115813 0.999972284 37.281352997
0.999981225 -0.001857925 -0.005840504 0.635774970 0.001880852 0.999990523 0.003922509 -1.107677937 0.005833161 -0.003933420 0.999975204 37.858863831
0.999975801 -0.003550862 -0.005985304 0.627516150 0.003579163 0.999982357 0.004724331 -1.146955848 0.005968425 -0.004745638 0.999970913 38.408596039
0.999974430 -0.003182147 -0.006405762 0.656045973 0.003211224 0.999984562 0.004534106 -1.154090166 0.006391235 -0.004554560 0.999969184 38.949932098
0.999976218 -0.002799785 -0.006303483 0.656933069 0.002828953 0.999985456 0.004623217 -1.154806495 0.006290446 -0.004640940 0.999969423 39.422157288
0.999975204 -0.003055682 -0.006352188 0.663575411 0.003084133 0.999985337 0.004474014 -1.163024426 0.006338423 -0.004493494 0.999969780 39.976425171
0.999972522 -0.002876326 -0.006834828 0.684433460 0.002913980 0.999980628 0.005505667 -1.187840581 0.006818859 -0.005525432 0.999961436 40.499286652
0.999968708 -0.002507431 -0.007498825 0.706608355 0.002553183 0.999978185 0.006097903 -1.213957429 0.007483372 -0.006116857 0.999953270 41.043018341
0.999970913 -0.003873201 -0.006572206 0.665618122 0.003913080 0.999973953 0.006065964 -1.243580580 0.006548540 -0.006091504 0.999960005 41.648063660
0.999983668 -0.003426999 -0.004578355 0.624202609 0.003453802 0.999976814 0.005859499 -1.264542222 0.004558168 -0.005875214 0.999972343 42.162891388
0.999974251 -0.002522942 -0.006711253 0.695041537 0.002557422 0.999983549 0.005134028 -1.244170666 0.006698191 -0.005151060 0.999964297 42.667617798
0.999970436 -0.002750929 -0.007185459 0.703977704 0.002789085 0.999981999 0.005305425 -1.252437353 0.007170735 -0.005325308 0.999960124 43.227802277
0.999970019 -0.003092454 -0.007103529 0.719314694 0.003129969 0.999981284 0.005276132 -1.265318274 0.007087080 -0.005298208 0.999960899 43.783561707
0.999971449 -0.002977567 -0.006948348 0.722193122 0.003017585 0.999978900 0.005756004 -1.282188535 0.006931062 -0.005776807 0.999959290 44.341712952
0.999972343 -0.002538059 -0.006997824 0.713740587 0.002573332 0.999983966 0.005036082 -1.279656887 0.006984930 -0.005053950 0.999962807 44.842823029
0.999966145 -0.004120657 -0.007117352 0.716380239 0.004156368 0.999978840 0.005009970 -1.293663859 0.007096556 -0.005039383 0.999962151 45.445491791
0.999974191 -0.002645309 -0.006680769 0.719765782 0.002677173 0.999985158 0.004765074 -1.313529015 0.006668065 -0.004782838 0.999966264 45.899852753
0.999976516 -0.002285419 -0.006465842 0.726380765 0.002319750 0.999983251 0.005307085 -1.330767989 0.006453604 -0.005321960 0.999965012 46.451328278
0.999976814 -0.001943199 -0.006524063 0.720354259 0.001975198 0.999985993 0.004901948 -1.333224416 0.006514446 -0.004914721 0.999966681 47.014362335
0.999975383 -0.002109257 -0.006694211 0.726372600 0.002141472 0.999986112 0.004808797 -1.343196988 0.006683975 -0.004823014 0.999966025 47.540454865
0.999980688 -0.000474376 -0.006196652 0.721606016 0.000506977 0.999985933 0.005260644 -1.362206459 0.006194070 -0.005263683 0.999966979 48.052055359
0.999969780 -0.002988910 -0.007169982 0.754498839 0.003025612 0.999982357 0.005113505 -1.377748370 0.007154571 -0.005135044 0.999961138 48.549728394
0.999968767 -0.003381943 -0.007143867 0.758401155 0.003420502 0.999979615 0.005392244 -1.391468048 0.007125485 -0.005416512 0.999959886 49.097969055
0.999965191 -0.003541249 -0.007553513 0.774257421 0.003586381 0.999975741 0.005969841 -1.414383054 0.007532189 -0.005996723 0.999953568 49.660152435
0.999969482 -0.003108098 -0.007174610 0.773717821 0.003152093 0.999976277 0.006128950 -1.426501632 0.007155389 -0.006151377 0.999955416 50.200675964
0.999966860 -0.003006847 -0.007564673 0.775292397 0.003047924 0.999980569 0.005424437 -1.437736988 0.007548216 -0.005447313 0.999956667 50.689243317
0.999969900 -0.003252043 -0.007037224 0.780413270 0.003293350 0.999977350 0.005866243 -1.452259064 0.007017987 -0.005889243 0.999958038 51.234973907
0.999975026 -0.002574353 -0.006587418 0.774539053 0.002608475 0.999983132 0.005176406 -1.459989667 0.006573982 -0.005193460 0.999964893 51.793277740
0.999971330 -0.002788718 -0.007037268 0.791270018 0.002822840 0.999984324 0.004843528 -1.469348907 0.007023650 -0.004863254 0.999963522 52.325237274
0.999966860 -0.003940282 -0.007124998 0.789618611 0.003978811 0.999977469 0.005401501 -1.493552089 0.007103553 -0.005429671 0.999960005 52.813575745
0.999963462 -0.004374039 -0.007341258 0.801533461 0.004414813 0.999974847 0.005547062 -1.506575823 0.007316810 -0.005579269 0.999957681 53.358386993
0.999961317 -0.004006390 -0.007831041 0.814715326 0.004052833 0.999974132 0.005923762 -1.520921230 0.007807106 -0.005955270 0.999951720 53.897022247
0.999966800 -0.003533574 -0.007341594 0.816083074 0.003576370 0.999976635 0.005824429 -1.534944773 0.007320843 -0.005850491 0.999956071 54.445163727
0.999967277 -0.003779335 -0.007154669 0.815931559 0.003819073 0.999977291 0.005548690 -1.551213503 0.007133537 -0.005575831 0.999958992 54.920852661
0.999966681 -0.003662089 -0.007300127 0.822777271 0.003702501 0.999977887 0.005529951 -1.562365770 0.007279715 -0.005556795 0.999958038 55.470977783
0.999965370 -0.003986099 -0.007303400 0.829741180 0.004024721 0.999977946 0.005281202 -1.570960045 0.007282187 -0.005310413 0.999959350 56.021331787
0.999966204 -0.003998298 -0.007187705 0.842409372 0.004037379 0.999977112 0.005430999 -1.596471906 0.007165826 -0.005459835 0.999959350 56.545211792
0.999972939 -0.002786187 -0.006810894 0.831571698 0.002828090 0.999977112 0.006150377 -1.609028578 0.006793602 -0.006169473 0.999957919 57.014400482
0.999973118 -0.002834261 -0.006766919 0.838282406 0.002873363 0.999979258 0.005775693 -1.620041966 0.006750408 -0.005794982 0.999960482 57.568138123
0.999972403 -0.003297678 -0.006656151 0.848590493 0.003332655 0.999980628 0.005250455 -1.626719952 0.006638709 -0.005272492 0.999964118 58.118347168
0.999978542 -0.003020620 -0.005809287 0.834491134 0.003054555 0.999978244 0.005841693 -1.644701481 0.005791514 -0.005859312 0.999966085 58.661571503
0.999972403 -0.002782739 -0.006887379 0.877315521 0.002819011 0.999982178 0.005262231 -1.649947166 0.006872613 -0.005281501 0.999962449 59.157077789
0.999969840 -0.002866223 -0.007221944 0.859444022 0.002904298 0.999981940 0.005267141 -1.661611080 0.007206715 -0.005287958 0.999960005 59.641727448
0.999973834 -0.002308313 -0.006868655 0.861366749 0.002341831 0.999985397 0.004875676 -1.663789630 0.006857300 -0.004891634 0.999964476 60.205413818
0.999972105 -0.003029558 -0.006836703 0.870345473 0.003062502 0.999983668 0.004813313 -1.685543299 0.006822010 -0.004834116 0.999965012 60.729118347
0.999968767 -0.003379260 -0.007139743 0.883240581 0.003415054 0.999981642 0.005007013 -1.699132562 0.007122691 -0.005031239 0.999961972 61.260627747
0.999969184 -0.002447429 -0.007462618 0.885208368 0.002483234 0.999985456 0.004792314 -1.698165298 0.007450780 -0.004810697 0.999960721 61.816204071
0.999972045 -0.001865386 -0.007238687 0.891012847 0.001904223 0.999983788 0.005362061 -1.724313498 0.007228567 -0.005375695 0.999959350 62.253616333
0.999971986 -0.002146037 -0.007161382 0.895087838 0.002183925 0.999983609 0.005287037 -1.732711077 0.007149919 -0.005302529 0.999960303 62.801967621
0.999970973 -0.001334458 -0.007503897 0.903712273 0.001368590 0.999988735 0.004545360 -1.745052457 0.007497746 -0.004555499 0.999961436 63.360832214
0.999970734 -0.002177749 -0.007327244 0.900855899 0.002211794 0.999986768 0.004641538 -1.747314215 0.007317039 -0.004657609 0.999962330 63.821537018
0.999971867 -0.001633356 -0.007316737 0.903956652 0.001670862 0.999985456 0.005122853 -1.757955074 0.007308265 -0.005134933 0.999960124 64.367645264
0.999972761 -0.002160742 -0.007046922 0.903718352 0.002199456 0.999982536 0.005490737 -1.770035625 0.007034934 -0.005506086 0.999960065 64.899742126
0.999970198 -0.002042184 -0.007446265 0.921059012 0.002079495 0.999985218 0.005006440 -1.790279984 0.007435934 -0.005021777 0.999959767 65.397468567
0.999970317 -0.001704286 -0.007522215 0.924227118 0.001740721 0.999986708 0.004839690 -1.799866080 0.007513867 -0.004852640 0.999960065 65.950355530
0.999972045 -0.001555128 -0.007316601 0.929032803 0.001593603 0.999984860 0.005255598 -1.813079357 0.007308316 -0.005267112 0.999959409 66.483314514
0.999969125 -0.002044448 -0.007589465 0.936882436 0.002083390 0.999984622 0.005126619 -1.819772720 0.007578866 -0.005142272 0.999958038 66.973167419
0.999966741 -0.002006792 -0.007912233 0.945372641 0.002050437 0.999982715 0.005511908 -1.843604088 0.007901035 -0.005527948 0.999953508 67.495712280
0.999969125 -0.001510610 -0.007718800 0.944711447 0.001554444 0.999982715 0.005675997 -1.858582973 0.007710090 -0.005687820 0.999954045 68.035644531
0.999971986 -0.001339951 -0.007361156 0.947104037 0.001381151 0.999983311 0.005594785 -1.871385336 0.007353535 -0.005604794 0.999957263 68.525497437
0.999971807 -0.001596451 -0.007331814 0.950487316 0.001636953 0.999983370 0.005521410 -1.890069962 0.007322878 -0.005533256 0.999957919 69.071250916
0.999978840 -0.001999612 -0.006182093 0.922065735 0.002037094 0.999979496 0.006062534 -1.919651747 0.006169842 -0.006074999 0.999962568 69.594299316
0.999969244 -0.001718954 -0.007648885 0.966153324 0.001758609 0.999984980 0.005180703 -1.902172565 0.007639865 -0.005193995 0.999957323 70.107582092
0.999969780 -0.000769593 -0.007737346 0.975253224 0.000810994 0.999985337 0.005349184 -1.918867588 0.007733117 -0.005355298 0.999955773 70.652595520
0.999968290 -0.001381445 -0.007843013 0.981126726 0.001425270 0.999983430 0.005584907 -1.934388041 0.007835167 -0.005595909 0.999953628 71.195785522
0.999966502 -0.001648534 -0.008006497 0.991302907 0.001688577 0.999986112 0.004997037 -1.933699608 0.007998146 -0.005010389 0.999955416 71.663352966
0.999959409 -0.003368980 -0.008350179 1.004905701 0.003411368 0.999981403 0.005067251 -1.949697614 0.008332952 -0.005095531 0.999952257 72.202064514
0.999962449 -0.003443834 -0.007951469 1.001374602 0.003486108 0.999979854 0.005308743 -1.962853432 0.007933025 -0.005336263 0.999954224 72.753990173
0.999966562 -0.001634807 -0.008011323 1.005410790 0.001673100 0.999987185 0.004775443 -1.967168331 0.008003413 -0.004788687 0.999956489 73.220382690
0.999963284 -0.001944593 -0.008343386 1.019075871 0.001987199 0.999984980 0.005101251 -1.979260921 0.008333340 -0.005117643 0.999952137 73.766044617
0.999960601 -0.002193949 -0.008602844 1.023052454 0.002235055 0.999986112 0.004771514 -1.991597176 0.008592256 -0.004790553 0.999951601 74.302391052
0.999959886 -0.002818679 -0.008497557 1.035137177 0.002860184 0.999984026 0.004876110 -2.009653330 0.008483676 -0.004900221 0.999951959 74.790313721
0.999958634 -0.002616465 -0.008717161 1.041914940 0.002658857 0.999984682 0.004855003 -2.017817736 0.008704323 -0.004877980 0.999950171 75.343765259
0.999957681 -0.003390086 -0.008548380 1.048038244 0.003421488 0.999987423 0.003661598 -2.017358303 0.008535858 -0.003690693 0.999956727 75.904495239
0.999960423 -0.002667691 -0.008483621 1.054930449 0.002703816 0.999987304 0.004249671 -2.039270639 0.008472178 -0.004272441 0.999954998 76.389106750
0.999961793 -0.002369542 -0.008415557 1.059103489 0.002406307 0.999987543 0.004361267 -2.053579092 0.008405118 -0.004381351 0.999955118 76.930259705
0.999960661 -0.002249564 -0.008586398 1.059718370 0.002289769 0.999986470 0.004675415 -2.069849491 0.008575764 -0.004694891 0.999952257 77.452522278
0.999960065 -0.002377966 -0.008617693 1.067707300 0.002414200 0.999988317 0.004196620 -2.070852518 0.008607614 -0.004217257 0.999954104 77.972465515
0.999960780 -0.002323677 -0.008549194 1.068427801 0.002359895 0.999988258 0.004228862 -2.088893890 0.008539265 -0.004248871 0.999954522 78.478134155
0.999958396 -0.003625648 -0.008368306 1.074309826 0.003658869 0.999985456 0.003958080 -2.103654861 0.008353834 -0.003988534 0.999957144 79.025787354
0.999962568 -0.003887268 -0.007736003 1.072338820 0.003919807 0.999983549 0.004195510 -2.125804424 0.007719567 -0.004225676 0.999961257 79.546531677
0.999979317 -0.002369296 -0.005983153 1.071809530 0.002398160 0.999985516 0.004821702 -2.137465239 0.005971643 -0.004835951 0.999970436 80.065444946
0.999985754 -0.001768990 -0.005025411 1.097367048 0.001790449 0.999989271 0.004268828 -2.144488096 0.005017805 -0.004277766 0.999978185 80.583457947
0.999992073 -0.002211487 -0.003316034 1.101132751 0.002226119 0.999987841 0.004415228 -2.160510063 0.003306231 -0.004422575 0.999984741 81.125152588
0.999999225 -0.001012700 -0.000619149 1.118698835 0.001015064 0.999992192 0.003831156 -2.158501625 0.000615264 -0.003831782 0.999992430 81.569808960
0.999993205 -0.002037040 0.003074500 1.132996559 0.002024512 0.999989569 0.004072499 -2.169648409 -0.003082764 -0.004066247 0.999986947 82.128189087
0.999977946 -0.002122695 0.006286619 1.146028161 0.002095674 0.999988496 0.004301597 -2.188333511 -0.006295678 -0.004288327 0.999970973 82.672752380
0.999939859 -0.001863179 0.010809742 1.173224807 0.001819105 0.999989986 0.004085721 -2.206632853 -0.010817247 -0.004065812 0.999933183 83.209869385
0.999856472 -0.001994545 0.016825115 1.191215515 0.001922260 0.999988973 0.004311318 -2.210270166 -0.016833527 -0.004278358 0.999849141 83.732505798
0.999745965 -0.002604384 0.022387689 1.219606400 0.002514017 0.999988616 0.004063656 -2.226311207 -0.022398017 -0.004006340 0.999741077 84.278930664
0.999612808 -0.003060892 0.027657738 1.257593513 0.002951813 0.999987721 0.003983847 -2.241465569 -0.027669592 -0.003900665 0.999609470 84.817893982
0.999355614 -0.002274656 0.035819542 1.287303925 0.002122694 0.999988616 0.004279890 -2.249441147 -0.035828862 -0.004201099 0.999349117 85.296585083
0.999026716 -0.003127403 0.043997973 1.333111048 0.002951334 0.999987364 0.004066146 -2.259595871 -0.044010133 -0.003932336 0.999023378 85.854011536
0.998701811 -0.003154943 0.050842188 1.374157906 0.002985248 0.999989688 0.003413274 -2.238372803 -0.050852433 -0.003257066 0.998700917 86.357116699
0.998258054 -0.004190380 0.058849126 1.434900761 0.003991012 0.999985874 0.003504930 -2.254565477 -0.058862973 -0.003263957 0.998260796 86.872604370
0.997563362 -0.002554205 0.069718786 1.478744030 0.002271873 0.999988914 0.004128570 -2.288214922 -0.069728553 -0.003960119 0.997558057 87.413825989
0.996945858 -0.002577470 0.078052334 1.540185928 0.002268638 0.999989212 0.004045145 -2.300163269 -0.078061931 -0.003855718 0.996940970 87.965660095
0.996289372 -0.002718063 0.086023897 1.597646713 0.002370274 0.999988675 0.004144820 -2.316908121 -0.086034179 -0.003925540 0.996284306 88.513763428
0.995321155 -0.003499158 0.096558437 1.662617683 0.003156765 0.999988258 0.003698512 -2.328743458 -0.096570224 -0.003376395 0.995320439 88.997055054
0.994166255 -0.003194362 0.107810698 1.731378078 0.002696790 0.999985039 0.004760711 -2.350291491 -0.107824281 -0.004442195 0.994160175 89.565887451
0.993117571 -0.004258808 0.117043577 1.815716743 0.003771032 0.999983311 0.004388611 -2.360871792 -0.117060289 -0.003917032 0.993117094 90.109230042
0.991825104 -0.004298707 0.127532452 1.903871536 0.003706577 0.999981225 0.004879931 -2.373370409 -0.127551034 -0.004367328 0.991822362 90.640090942
0.990234196 -0.004910541 0.139328301 2.002436638 0.004250636 0.999978304 0.005033506 -2.401855230 -0.139349982 -0.004392115 0.990233481 91.114120483
0.988620162 -0.004618915 0.150362208 2.109024048 0.003883940 0.999979019 0.005181330 -2.406816483 -0.150382981 -0.004538369 0.988617361 91.699234009
0.986974537 -0.004804889 0.160804704 2.214409828 0.004059128 0.999979317 0.004965864 -2.416162729 -0.160825267 -0.004248454 0.986973763 92.241699219
0.984866142 -0.004820678 0.173249617 2.316843033 0.004012299 0.999979377 0.005015892 -2.426007271 -0.173270226 -0.004244853 0.984865129 92.713600159
0.982424796 -0.005125901 0.186588600 2.408474922 0.004225845 0.999977469 0.005221169 -2.435896158 -0.186611116 -0.004340911 0.982424259 93.254615784
0.980419874 -0.004817162 0.196859390 2.532362938 0.003734979 0.999975860 0.005868137 -2.453815937 -0.196882859 -0.005017973 0.980414152 93.773422241
0.977824748 -0.005854412 0.209343582 2.685913086 0.004923162 0.999975562 0.004969245 -2.452363253 -0.209367558 -0.003828419 0.977829516 94.310905457
0.974671423 -0.005091998 0.223583370 2.802961349 0.003947549 0.999976635 0.005565333 -2.465507507 -0.223606512 -0.004541765 0.974668920 94.818138123
0.972092092 -0.005583796 0.234533161 2.949457169 0.004288267 0.999972582 0.006033485 -2.482448101 -0.234560430 -0.004859361 0.972089410 95.337539673
0.969163060 -0.006563994 0.246332705 3.101079941 0.005280009 0.999968767 0.005872549 -2.491930723 -0.246363536 -0.004390819 0.969167590 95.839538574
0.965553820 -0.005988642 0.260134429 3.265310287 0.004650035 0.999972522 0.005760941 -2.498461723 -0.260161787 -0.004352864 0.965555251 96.359939575
0.962154686 -0.006303740 0.272431135 3.434694290 0.004950641 0.999971747 0.005653836 -2.512092352 -0.272459120 -0.004091156 0.962158740 96.879867554
0.959104538 -0.006970383 0.282966405 3.608882904 0.005670781 0.999969244 0.005411584 -2.510889769 -0.282995433 -0.003585634 0.959114611 97.369789124
0.955219448 -0.007043941 0.295814425 3.814502716 0.005131460 0.999960601 0.007241005 -2.561887741 -0.295853764 -0.005398790 0.955218017 97.745521545
0.950385451 -0.007351427 0.310987860 3.982946396 0.005694585 0.999964356 0.006235336 -2.547420025 -0.311022669 -0.004155025 0.950393438 98.419952393
0.946376085 -0.007718710 0.322974890 4.177913666 0.006035464 0.999962509 0.006212874 -2.552054405 -0.323010772 -0.003930412 0.946387112 98.939659119
0.941805422 -0.007738025 0.336069643 4.361309052 0.005854779 0.999961019 0.006616665 -2.571665287 -0.336107761 -0.004263997 0.941813946 99.414039612
0.936945319 -0.008215235 0.349379420 4.575933456 0.006304801 0.999958396 0.006604960 -2.588258743 -0.349419117 -0.003985718 0.936958075 99.906745911
0.932042897 -0.008092706 0.362257957 4.778026581 0.006037108 0.999958575 0.006806010 -2.589194536 -0.362297952 -0.004156502 0.932053030 100.423835754
0.927628934 -0.008753045 0.373400569 5.003606796 0.006931066 0.999956608 0.006221757 -2.599117517 -0.373438776 -0.003183418 0.927649379 100.920349121
0.921857834 -0.008745885 0.387429893 5.241230011 0.006721585 0.999955773 0.006579654 -2.614122391 -0.387470305 -0.003461363 0.921875596 101.396179199
0.915952623 -0.008996915 0.401185334 5.467121124 0.006967245 0.999954462 0.006517781 -2.610818624 -0.401225656 -0.003174823 0.915973723 101.902954102
0.911117077 -0.009812313 0.412030786 5.714042664 0.007521566 0.999945879 0.007180910 -2.629700422 -0.412078977 -0.003443532 0.911141694 102.374862671
0.905036211 -0.010190940 0.425212294 5.975261688 0.008055318 0.999944270 0.006820168 -2.630257845 -0.425258070 -0.002747280 0.905067980 102.854721069
0.898274481 -0.009865992 0.439323872 6.223171234 0.007399418 0.999945700 0.007326600 -2.652397394 -0.439372361 -0.003330557 0.898298860 103.341949463
0.892359912 -0.010582082 0.451200336 6.483592987 0.008105374 0.999939561 0.007421389 -2.666119099 -0.451251656 -0.002965403 0.892391801 103.819541931
0.887031436 -0.011671800 0.461561531 6.757862091 0.009110636 0.999928236 0.007776958 -2.681923151 -0.461619198 -0.002693288 0.887074113 104.280609131
0.879567862 -0.011015750 0.475645930 7.008937836 0.008395292 0.999935627 0.007633432 -2.678305387 -0.475699335 -0.002720934 0.879603744 104.755615234
