1.000000000 0.000000000 0.000000000 0.000000000 0.000000000 1.000000000 0.000000000 0.000000000 0.000000000 0.000000000 1.000000000 0.000000000
1.000000000 0.000081356 0.000123241 -0.001007902 -0.000081360 1.000000000 0.000032281 -0.000248731 -0.000123238 -0.000032291 1.000000000 0.000204591
0.999999940 0.000178341 0.000178575 -0.000812816 -0.000178364 1.000000000 0.000126388 -0.000464162 -0.000178552 -0.000126420 1.000000000 -0.000631964
1.000000000 0.000180611 -0.000021739 0.000185010 -0.000180608 1.000000000 0.000160217 -0.001145495 0.000021768 -0.000160213 1.000000000 -0.000284713
0.999999940 0.000293712 0.000143597 -0.001704496 -0.000293725 0.999999940 0.000095158 0.000270064 -0.000143569 -0.000095200 1.000000000 0.000778407
1.000000000 0.000066138 0.000022576 -0.000969246 -0.000066140 1.000000000 0.000083138 -0.000224353 -0.000022570 -0.000083140 1.000000000 -0.000458355
1.000000000 0.000117315 0.000153137 -0.002433587 -0.000117315 1.000000000 0.000001097 0.001281841 -0.000153137 -0.000001115 1.000000000 0.003756614
1.000000000 0.000019397 0.000201528 -0.001234256 -0.000019419 1.000000000 0.000108779 0.000207686 -0.000201526 -0.000108783 1.000000000 0.001958552
1.000000000 0.000071968 0.000148665 -0.001339427 -0.000071964 1.000000000 -0.000027918 0.001160095 -0.000148667 0.000027908 1.000000000 0.002774381
1.000000000 0.000028081 0.000199221 -0.001175519 -0.000028090 1.000000000 0.000046774 0.000101660 -0.000199219 -0.000046780 1.000000000 0.000336522
1.000000000 -0.000085400 0.000196166 -0.000956260 0.000085400 1.000000000 -0.000001641 0.001497337 -0.000196166 0.000001657 1.000000000 0.002555410
1.000000000 0.000040296 0.000090446 -0.000332191 -0.000040303 1.000000000 0.000080393 -0.000328785 -0.000090443 -0.000080396 1.000000000 0.000411475
1.000000000 0.000030708 0.000156373 -0.001388387 -0.000030706 1.000000000 -0.000010680 0.001716687 -0.000156374 0.000010675 1.000000000 0.004290747
0.999999940 -0.000089220 0.000265701 -0.002353542 0.000089182 1.000000000 0.000145078 0.001140719 -0.000265714 -0.000145054 0.999999940 0.004071337
1.000000000 -0.000007930 0.000145483 -0.001795958 0.000007918 1.000000000 0.000087928 0.000980535 -0.000145484 -0.000087927 1.000000000 0.003636117
1.000000000 0.000084061 0.000047219 -0.000216850 -0.000084065 1.000000000 0.000084667 -0.000181461 -0.000047212 -0.000084671 1.000000000 0.000600793
1.000000000 -0.000117003 0.000071288 -0.001512118 0.000116999 1.000000000 0.000060299 0.000784336 -0.000071295 -0.000060291 1.000000000 0.003353704
0.999999940 0.000157452 0.000364220 -0.003270062 -0.000157467 1.000000000 0.000043178 0.001451270 -0.000364213 -0.000043235 0.999999940 0.004899343
0.999999940 0.000190280 0.000268427 -0.002998105 -0.000190302 1.000000000 0.000078735 0.000570265 -0.000268412 -0.000078786 0.999999940 0.003226810
0.999999940 0.000192266 0.000185752 -0.002064961 -0.000192283 1.000000000 0.000090046 0.000835395 -0.000185735 -0.000090082 1.000000000 0.003730314
0.999999881 0.000313223 0.000288595 -0.002813771 -0.000313279 0.999999940 0.000195670 0.000462294 -0.000288533 -0.000195760 0.999999940 0.003825187
0.999999821 0.000441703 0.000336489 -0.003452631 -0.000441727 0.999999881 0.000071815 0.000988912 -0.000336457 -0.000071963 0.999999940 0.003842542
0.999999940 0.000109984 0.000228769 -0.002374254 -0.000110019 1.000000000 0.000153407 0.000650751 -0.000228752 -0.000153432 0.999999940 0.003180391
0.999999940 0.000112903 0.000302329 -0.001468551 -0.000112941 1.000000000 0.000125992 -0.000191158 -0.000302315 -0.000126026 0.999999940 0.001840278
0.999999940 0.000142924 0.000237915 -0.001894647 -0.000142928 1.000000000 0.000016623 0.000441078 -0.000237912 -0.000016657 1.000000000 0.000319680
1.000000000 0.000055174 0.000225007 -0.000845935 -0.000055171 1.000000000 -0.000014789 0.001279325 -0.000225008 0.000014776 1.000000000 0.002222160
0.999999940 0.000096841 0.000284030 -0.001911515 -0.000096872 1.000000000 0.000109194 0.000083800 -0.000284019 -0.000109221 0.999999940 0.000903162
1.000000000 0.000062573 0.000209858 -0.000638160 -0.000062577 1.000000000 0.000016525 0.000676072 -0.000209857 -0.000016538 1.000000000 0.001280136
0.999999881 0.000248584 0.000354548 -0.003091109 -0.000248579 0.999999940 -0.000013132 0.000864367 -0.000354551 0.000013044 0.999999940 0.001246303
0.999999940 0.000109467 0.000313492 -0.003267655 -0.000109497 1.000000000 0.000098783 0.000663934 -0.000313481 -0.000098817 0.999999940 0.002361374
0.999999940 0.000153905 0.000310195 -0.003005226 -0.000153957 1.000000000 0.000165014 -0.000351298 -0.000310170 -0.000165062 0.999999940 0.002243066
0.999999940 0.000050648 0.000253345 -0.001513245 -0.000050681 1.000000000 0.000129700 0.000292517 -0.000253338 -0.000129713 0.999999940 0.001590839
0.999999881 0.000267658 0.000376649 -0.003813468 -0.000267664 0.999999940 0.000016399 0.001746615 -0.000376644 -0.000016500 0.999999940 0.003922930
0.999999881 0.000321151 0.000440534 -0.003337365 -0.000321167 0.999999940 0.000036875 0.001076714 -0.000440522 -0.000037016 0.999999881 0.002586778
0.999999940 0.000228681 0.000247146 -0.000873340 -0.000228720 0.999999940 0.000158157 -0.000359220 -0.000247110 -0.000158213 0.999999940 0.000219471
0.999999881 0.000333028 0.000268297 -0.002928550 -0.000333020 0.999999940 -0.000030333 0.003269125 -0.000268307 0.000030244 0.999999940 0.006488424
0.999999940 0.000255992 0.000304310 -0.003417903 -0.000255985 0.999999940 -0.000024364 0.004148538 -0.000304317 0.000024286 0.999999940 0.007053211
0.999999940 -0.000068072 0.000241102 -0.001066765 0.000068051 1.000000000 0.000087938 0.001042293 -0.000241108 -0.000087921 0.999999940 0.002669452
0.999999881 0.000323516 0.000330285 -0.002305974 -0.000323577 0.999999940 0.000182462 0.000785486 -0.000330225 -0.000182569 0.999999940 0.003124179
0.999999940 -0.000000658 0.000244659 -0.001823987 0.000000632 1.000000000 0.000105734 0.001374595 -0.000244659 -0.000105734 0.999999940 0.003305336
0.999999881 0.000047891 0.000476187 -0.003010398 -0.000047899 1.000000000 0.000016499 0.001654875 -0.000476186 -0.000016522 0.999999881 0.005134318
0.999999940 -0.000251838 0.000182520 0.001298769 0.000251977 0.999999702 -0.000761960 -0.000388313 -0.000182328 0.000762006 0.999999702 0.052605897
0.999999881 0.000263366 0.000372192 -0.001166782 -0.000262977 0.999999404 -0.001044411 -0.006437884 -0.000372466 0.001044313 0.999999404 0.132131591
1.000000000 0.000219820 0.000063472 0.003136213 -0.000219713 0.999998569 -0.001685278 -0.002892527 -0.000063842 0.001685264 0.999998569 0.256088048
1.000000000 0.000211177 0.000090483 0.004900017 -0.000211072 0.999999285 -0.001154392 -0.012533160 -0.000090726 0.001154372 0.999999344 0.386028409
0.999999940 0.000192441 0.000171225 0.008391322 -0.000192279 0.999999523 -0.000943875 -0.017448997 -0.000171406 0.000943842 0.999999523 0.524890363
0.999999940 0.000321888 0.000084985 0.012822906 -0.000321815 0.999999583 -0.000862872 -0.025215527 -0.000085263 0.000862844 0.999999642 0.667538047
0.999999881 0.000380216 0.000311761 0.015733911 -0.000379964 0.999999583 -0.000808690 -0.026426569 -0.000312068 0.000808571 0.999999642 0.838056326
0.999999940 0.000288608 0.000138229 0.018101344 -0.000288537 0.999999821 -0.000510357 -0.029437557 -0.000138376 0.000510317 0.999999881 1.013673663
1.000000000 0.000106118 0.000099878 0.021987051 -0.000106090 0.999999940 -0.000279709 -0.034320500 -0.000099908 0.000279698 0.999999940 1.190500140
0.999999821 0.000490838 0.000281059 0.018957527 -0.000490729 0.999999821 -0.000387608 -0.037045889 -0.000281249 0.000387470 0.999999881 1.370093703
1.000000000 0.000197406 0.000000321 0.036510710 -0.000197407 0.999999940 0.000370064 -0.054725744 -0.000000247 -0.000370065 0.999999940 1.566883564
0.999999881 0.000509147 0.000137058 0.038631830 -0.000509177 0.999999821 0.000224786 -0.055280909 -0.000136943 -0.000224856 0.999999940 1.758864880
0.999999821 0.000140528 -0.000582945 0.044934914 -0.000140644 1.000000000 -0.000199506 -0.054236971 0.000582917 0.000199588 0.999999821 1.961882114
0.999999881 0.000454285 0.000255375 0.041911088 -0.000454284 0.999999881 -0.000003964 -0.066492781 -0.000255377 0.000003848 0.999999940 2.160446644
0.999998569 0.000216082 -0.001689120 0.071138747 -0.000218529 0.999998927 -0.001448348 -0.059262495 0.001688806 0.001448715 0.999997497 2.397053719
0.999997437 0.000353295 -0.002263340 0.083986759 -0.000355320 0.999999583 -0.000894037 -0.070028670 0.002263023 0.000894839 0.999997020 2.612989187
0.999998569 0.000759571 -0.001462894 0.078430034 -0.000761320 0.999998987 -0.001195256 -0.075521857 0.001461985 0.001196368 0.999998212 2.844121456
0.999998212 0.000556562 -0.001796182 0.086680785 -0.000558167 0.999999404 -0.000893038 -0.083049491 0.001795684 0.000894039 0.999997973 3.079376698
0.999998450 0.000383895 -0.001737737 0.086794801 -0.000386591 0.999998689 -0.001551079 -0.082954690 0.001737139 0.001551748 0.999997318 3.318591833
0.999998510 0.000868893 -0.001516852 0.091752253 -0.000870385 0.999999166 -0.000983271 -0.096641600 0.001515997 0.000984590 0.999998391 3.562495708
0.999998152 0.000387625 -0.001880815 0.092755072 -0.000390997 0.999998331 -0.001792882 -0.089502469 0.001880117 0.001793615 0.999996603 3.815362215
0.999998450 0.000462315 -0.001690560 0.095168300 -0.000465484 0.999998212 -0.001874756 -0.095543161 0.001689690 0.001875540 0.999996841 4.086217403
0.999998629 0.000213547 -0.001668938 0.099884696 -0.000215818 0.999999046 -0.001360816 -0.107097179 0.001668646 0.001361175 0.999997675 4.329951763
0.999998868 0.000335170 -0.001443821 0.098757431 -0.000337550 0.999998510 -0.001648460 -0.112454131 0.001443266 0.001648945 0.999997556 4.585964203
0.999998569 0.000789814 -0.001508625 0.102864094 -0.000792390 0.999998152 -0.001707323 -0.113123536 0.001507274 0.001708516 0.999997377 4.845135212
0.999998331 0.000580708 -0.001745211 0.109030887 -0.000583534 0.999998569 -0.001619384 -0.120427459 0.001744268 0.001620400 0.999997199 5.106683254
0.999998868 0.000568185 -0.001437088 0.110399432 -0.000571169 0.999997616 -0.002076711 -0.124398082 0.001435905 0.002077529 0.999996722 5.369341850
0.999998510 0.000503554 -0.001612132 0.114774585 -0.000506496 0.999998212 -0.001825377 -0.131541297 0.001611210 0.001826191 0.999997020 5.642899513
0.999998391 0.000578839 -0.001661845 0.119916767 -0.000582188 0.999997795 -0.002014928 -0.139719665 0.001660675 0.002015893 0.999996603 5.907911301
0.999998510 0.000112625 -0.001691185 0.128697038 -0.000115411 0.999998569 -0.001647193 -0.150762662 0.001690998 0.001647386 0.999997139 6.190566540
0.999998927 0.000654692 -0.001245572 0.124215156 -0.000656930 0.999998152 -0.001797563 -0.158506602 0.001244393 0.001798379 0.999997616 6.463472843
0.999998868 0.000299355 -0.001427642 0.129122078 -0.000301848 0.999998450 -0.001745915 -0.166657716 0.001427117 0.001746344 0.999997497 6.756136894
0.999999106 0.000753330 -0.001118376 0.133323088 -0.000755286 0.999998152 -0.001749099 -0.176958129 0.001117057 0.001749942 0.999997795 7.047109604
0.999998868 0.000762339 -0.001274612 0.147969410 -0.000764125 0.999998748 -0.001402009 -0.196851552 0.001273542 0.001402982 0.999998212 7.333878517
0.999999046 0.000227942 -0.001355451 0.143190235 -0.000230879 0.999997556 -0.002166853 -0.191789404 0.001354954 0.002167163 0.999996722 7.663318157
0.999998987 0.000437947 -0.001308502 0.150263652 -0.000440005 0.999998689 -0.001572664 -0.208808094 0.001307811 0.001573238 0.999997973 7.971637726
0.999999046 0.000355038 -0.001318455 0.155866221 -0.000357812 0.999997735 -0.002104706 -0.209570855 0.001317705 0.002105175 0.999996901 8.297942162
0.999998808 0.001443255 -0.000613292 0.156034902 -0.001444411 0.999997199 -0.001888232 -0.224731967 0.000610565 0.001889116 0.999997973 8.620234489
0.999999583 0.000301048 -0.000992278 0.162497312 -0.000302863 0.999998271 -0.001829427 -0.231117934 0.000991726 0.001829727 0.999997854 8.944458008
0.999999404 -0.000158090 -0.001078796 0.175617620 0.000156354 0.999998689 -0.001609918 -0.247148514 0.001079049 0.001609748 0.999998152 9.277139664
0.999999821 0.000196890 -0.000714764 0.174366385 -0.000198250 0.999998152 -0.001903165 -0.254098505 0.000714388 0.001903306 0.999997973 9.629650116
0.999999523 0.000745238 -0.000657861 0.180085257 -0.000746413 0.999998093 -0.001787488 -0.263904482 0.000656527 0.001787978 0.999998271 9.972419739
0.999999404 0.000263146 -0.000978358 0.180473194 -0.000264622 0.999998808 -0.001508692 -0.275883377 0.000977960 0.001508950 0.999998331 10.324622154
0.999999583 0.000306984 -0.000837559 0.187584981 -0.000307974 0.999999285 -0.001182097 -0.289363205 0.000837195 0.001182355 0.999998987 10.679519653
0.999999702 0.000474810 -0.000500951 0.192465022 -0.000475591 0.999998689 -0.001560029 -0.294563383 0.000500210 0.001560267 0.999998629 11.044099808
0.999999762 0.000113423 -0.000681060 0.197221592 -0.000114555 0.999998629 -0.001661619 -0.305954695 0.000680871 0.001661697 0.999998391 11.429002762
0.999999881 -0.000094116 -0.000406902 0.206885010 0.000093484 0.999998808 -0.001553346 -0.314983219 0.000407048 0.001553308 0.999998689 11.808902740
0.999999642 -0.000047918 -0.000772611 0.214485675 0.000046612 0.999998569 -0.001689647 -0.327838361 0.000772691 0.001689610 0.999998271 12.188180923
0.999999821 -0.000142614 -0.000581310 0.222055212 0.000141704 0.999998748 -0.001565508 -0.339965135 0.000581532 0.001565426 0.999998629 12.581880569
0.999999940 -0.000478324 -0.000191780 0.226545691 0.000478031 0.999998689 -0.001527620 -0.348664373 0.000192510 0.001527528 0.999998868 12.976490974
0.999999821 0.000271947 -0.000389042 0.233947247 -0.000272530 0.999998748 -0.001501602 -0.363888741 0.000388633 0.001501708 0.999998808 13.378214836
0.999999940 -0.000114688 0.000391662 0.240133107 0.000115262 0.999998927 -0.001464464 -0.372675121 -0.000391494 0.001464510 0.999998868 13.788434029
0.999999940 -0.000340645 -0.000111768 0.246699229 0.000340501 0.999999046 -0.001278703 -0.385873944 0.000112205 0.001278664 0.999999166 14.207787514
0.999999940 0.000085533 0.000345573 0.253618449 -0.000085124 0.999999225 -0.001181488 -0.399145186 -0.000345673 0.001181458 0.999999225 14.632219315
1.000000000 -0.000228835 -0.000082824 0.265501261 0.000228731 0.999999106 -0.001256219 -0.410414428 0.000083111 0.001256200 0.999999225 15.067542076
0.999999940 -0.000212187 0.000305043 0.275517017 0.000212616 0.999998987 -0.001410472 -0.422100544 -0.000304743 0.001410536 0.999998927 15.500656128
0.999999464 -0.000421172 0.000943983 0.283363730 0.000422578 0.999998808 -0.001489565 -0.435221463 -0.000943354 0.001489963 0.999998391 15.936275482
0.999999523 -0.000606240 0.000891399 0.294174492 0.000607470 0.999998868 -0.001379151 -0.447357178 -0.000890561 0.001379692 0.999998569 16.382417679
0.999999166 -0.000208443 0.001263824 0.300534785 0.000210299 0.999998868 -0.001468028 -0.461224288 -0.001263517 0.001468293 0.999998152 16.828880310
0.999998987 -0.000295927 0.001411964 0.311162055 0.000297592 0.999999285 -0.001179258 -0.475990772 -0.001411614 0.001179677 0.999998331 17.286170959
0.999998391 -0.000255999 0.001785248 0.318528861 0.000257974 0.999999344 -0.001106503 -0.487316459 -0.001784963 0.001106962 0.999997795 17.752143860
0.999997437 -0.000479586 0.002209127 0.329407007 0.000482637 0.999998927 -0.001380611 -0.497898996 -0.002208462 0.001381674 0.999996662 18.212816238
0.999997437 -0.000547275 0.002233152 0.350320071 0.000550471 0.999998808 -0.001430712 -0.509618223 -0.002232366 0.001431937 0.999996543 18.681510925
0.999997020 -0.000008359 0.002407347 0.343994647 0.000012074 0.999998808 -0.001543414 -0.523496330 -0.002407332 0.001543438 0.999995887 19.171445847
0.999996006 -0.001012600 0.002635142 0.360990167 0.001016650 0.999998331 -0.001536021 -0.536148071 -0.002633582 0.001538694 0.999995351 19.648221970
0.999996424 -0.001068544 0.002425657 0.369990736 0.001072256 0.999998212 -0.001529361 -0.547863901 -0.002424017 0.001531957 0.999995887 20.133480072
0.999996364 0.000110917 0.002683953 0.365193576 -0.000106396 0.999998569 -0.001684631 -0.559129059 -0.002684136 0.001684339 0.999994934 20.646690369
0.999995708 0.000442192 0.002858398 0.372525305 -0.000437164 0.999998331 -0.001759627 -0.571020961 -0.002859172 0.001758370 0.999994338 21.144510269
0.999997020 -0.000027837 0.002417054 0.380018651 0.000033972 0.999996781 -0.002538163 -0.573196471 -0.002416976 0.002538238 0.999993861 21.662187576
0.999997795 0.000027636 0.002100654 0.374088496 -0.000024864 0.999999106 -0.001319574 -0.603445530 -0.002100688 0.001319519 0.999996901 22.152221680
0.999998868 -0.000414374 0.001416374 0.389828771 0.000416085 0.999999106 -0.001207984 -0.615111351 -0.001415872 0.001208572 0.999998271 22.666805267
0.999999046 0.000226690 0.001430970 0.385020792 -0.000224008 0.999998152 -0.001873715 -0.627745986 -0.001431392 0.001873392 0.999997139 23.192092896
0.999999642 0.000225188 0.000767890 0.391596794 -0.000223344 0.999997020 -0.002400193 -0.641013265 -0.000768428 0.002400021 0.999996722 23.724136353
0.999999464 -0.000988669 0.000307028 0.398330510 0.000989432 0.999996424 -0.002491310 -0.658243656 -0.000304564 0.002491613 0.999996841 24.242851257
0.999999821 -0.000607847 -0.000253946 0.405568779 0.000607434 0.999998510 -0.001623209 -0.675730824 0.000254932 0.001623055 0.999998629 24.778469086
0.999999344 0.000265782 -0.001033771 0.415350407 -0.000267341 0.999998808 -0.001507233 -0.692956984 0.001033369 0.001507509 0.999998271 25.317760468
0.999998868 0.000194843 -0.001459293 0.422269851 -0.000197248 0.999998510 -0.001647501 -0.705887854 0.001458970 0.001647787 0.999997556 25.870460510
0.999998569 0.000227233 -0.001648401 0.425300092 -0.000229485 0.999998987 -0.001365706 -0.723738194 0.001648089 0.001366082 0.999997735 26.420042038
0.999997377 -0.000560750 -0.002207631 0.438510984 0.000559638 0.999999762 -0.000504359 -0.742407560 0.002207913 0.000503122 0.999997437 26.960901260
0.999999166 0.000341850 -0.001251288 0.436938763 -0.000342747 0.999999642 -0.000716578 -0.760410070 0.001251042 0.000717006 0.999998987 27.512220383
0.999997914 0.000545585 -0.001968686 0.454537809 -0.000547163 0.999999583 -0.000801236 -0.774924457 0.001968248 0.000802312 0.999997735 28.039937973
0.999996185 0.000460306 -0.002757306 0.437875628 -0.000462122 0.999999642 -0.000658103 -0.791912913 0.002757002 0.000659375 0.999995947 28.618927002
0.999997020 0.000703228 -0.002315270 0.439461291 -0.000704756 0.999999523 -0.000659191 -0.804751456 0.002314806 0.000660821 0.999997079 29.168735504
0.999995291 0.000704160 -0.002982115 0.447568834 -0.000706570 0.999999404 -0.000807364 -0.822346389 0.002981545 0.000809468 0.999995172 29.729869843
0.999994755 0.001011883 -0.003056577 0.447193146 -0.001014484 0.999999046 -0.000849137 -0.833768606 0.003055715 0.000852233 0.999994934 30.279613495
0.999993801 0.001014115 -0.003363839 0.457921058 -0.001017562 0.999998987 -0.001023308 -0.849897742 0.003362798 0.001026725 0.999993742 30.830484390
0.999992132 0.000807298 -0.003879107 0.470020175 -0.000811018 0.999999166 -0.000957541 -0.865691483 0.003878330 0.000960679 0.999992013 31.376674652
0.999990761 0.001236557 -0.004112956 0.475841582 -0.001240579 0.999998868 -0.000975495 -0.880908728 0.004111744 0.000980588 0.999991059 31.931219101
0.999990761 0.000812107 -0.004225394 0.486211896 -0.000815040 0.999999464 -0.000692437 -0.898672223 0.004224829 0.000695874 0.999990821 32.483428955
0.999989986 0.000985413 -0.004359007 0.486068845 -0.000989535 0.999999046 -0.000943585 -0.907646537 0.004358073 0.000947889 0.999990046 33.028720856
0.999989808 0.001661248 -0.004191327 0.494131088 -0.001665758 0.999998093 -0.001072744 -0.929098427 0.004189537 0.001079715 0.999990642 33.564910889
0.999988616 0.001400168 -0.004564055 0.500264168 -0.001404888 0.999998510 -0.001030948 -0.937855721 0.004562605 0.001037348 0.999988973 34.135559082
0.999988675 0.001326925 -0.004575189 0.505822659 -0.001331233 0.999998748 -0.000938558 -0.957193673 0.004573938 0.000944638 0.999989092 34.679656982
0.999987364 0.001422930 -0.004820319 0.508600652 -0.001427064 0.999998748 -0.000854395 -0.971502841 0.004819097 0.000861264 0.999988019 35.237850189
0.999988258 0.001491871 -0.004602773 0.513419867 -0.001498134 0.999997973 -0.001357629 -0.982396245 0.004600737 0.001364508 0.999988496 35.785663605
0.999988735 0.001582329 -0.004479256 0.523964822 -0.001584666 0.999998629 -0.000518031 -1.008365750 0.004478430 0.000525123 0.999989867 36.319705963
0.999986768 0.001797428 -0.004811136 0.521337271 -0.001803308 0.999997616 -0.001218001 -1.012471795 0.004808935 0.001226661 0.999987602 36.897823334
0.999985099 0.001999782 -0.005087865 0.532292902 -0.002007424 0.999996841 -0.001497411 -1.026639104 0.005084854 0.001507602 0.999985933 37.444049835
0.999985456 0.001542952 -0.005163632 0.531443357 -0.001553311 0.999996722 -0.002002626 -1.031192899 0.005160525 0.002010617 0.999984682 38.010074615
0.999988139 0.001038567 -0.004764116 0.539284945 -0.001048299 0.999997377 -0.002040772 -1.045017719 0.004761984 0.002045743 0.999986589 38.560634613
0.999984145 0.001762808 -0.005338539 0.550332785 -0.001772330 0.999996722 -0.001779333 -1.067783475 0.005335385 0.001788767 0.999984145 39.106067657
0.999983668 0.001930845 -0.005378089 0.550641060 -0.001940839 0.999996424 -0.001853804 -1.077967525 0.005374490 0.001864212 0.999983847 39.671390533
0.999984920 0.002228729 -0.005001886 0.555778980 -0.002239434 0.999995172 -0.002135579 -1.089768171 0.004997102 0.002146749 0.999985218 40.228839874
0.999982119 0.002035356 -0.005617325 0.578558922 -0.002042535 0.999997139 -0.001272650 -1.118910909 0.005614717 0.001284101 0.999983490 40.773975372
0.999982536 0.001523045 -0.005705706 0.566543937 -0.001536544 0.999996006 -0.002362211 -1.116269350 0.005702085 0.002370937 0.999980927 41.334239960
0.999983370 0.001978271 -0.005411454 0.576949477 -0.001990074 0.999995530 -0.002176387 -1.132064462 0.005407125 0.002187119 0.999983013 41.880836487
0.999979913 0.001644371 -0.006107721 0.598607421 -0.001656044 0.999996781 -0.001906622 -1.154160142 0.006104565 0.001916699 0.999979556 42.423732758
0.999984145 0.002143203 -0.005210583 0.562792838 -0.002155331 0.999994993 -0.002323125 -1.158924699 0.005205578 0.002334319 0.999983728 43.004917145
0.999984086 0.001673536 -0.005387846 0.576237082 -0.001682608 0.999997199 -0.001679616 -1.180202842 0.005385020 0.001688655 0.999984086 43.538494110
0.999984264 0.002559953 -0.004993511 0.581361473 -0.002573082 0.999993205 -0.002624398 -1.189316034 0.004986760 0.002637205 0.999984086 44.101657867
0.999987602 0.001852084 -0.004614451 0.564608693 -0.001864203 0.999994814 -0.002623579 -1.197243571 0.004609568 0.002632148 0.999985933 44.661334991
0.999987781 0.002408153 -0.004316318 0.571695089 -0.002421160 0.999992549 -0.003010988 -1.210165143 0.004309034 0.003021402 0.999986172 45.215656281
0.999989510 0.002600630 -0.003757230 0.579519570 -0.002612382 0.999991775 -0.003126309 -1.220341444 0.003749068 0.003136092 0.999988019 45.741199493
0.999988675 0.002010658 -0.004314442 0.581917763 -0.002021845 0.999994576 -0.002590256 -1.245406866 0.004309211 0.002598949 0.999987364 46.329231262
0.999988139 0.001622482 -0.004591580 0.595240235 -0.001635721 0.999994516 -0.002880857 -1.263968110 0.004586881 0.002888334 0.999985337 46.870140076
0.999986470 0.002584617 -0.004527862 0.608937919 -0.002596248 0.999993384 -0.002564529 -1.284234524 0.004521204 0.002576250 0.999986470 47.408790588
0.999992967 0.001434533 -0.003465588 0.566246629 -0.001446366 0.999993145 -0.003414181 -1.273255348 0.003460666 0.003419170 0.999988139 47.984897614
0.999992669 0.002033895 -0.003267660 0.569596052 -0.002045327 0.999991834 -0.003499006 -1.289120793 0.003260516 0.003505663 0.999988556 48.538314819
0.999994576 0.001542788 -0.002915156 0.584318638 -0.001554108 0.999991179 -0.003884910 -1.299450755 0.002909137 0.003889419 0.999988198 49.086898804
0.999995887 0.001802363 -0.002219654 0.555070937 -0.001811356 0.999990225 -0.004055718 -1.307469130 0.002212322 0.004059722 0.999989331 49.641403198
0.999995828 0.001885787 -0.002157960 0.566737294 -0.001895558 0.999987900 -0.004534413 -1.322288036 0.002149383 0.004538485 0.999987423 50.193820953
0.999995291 0.002601933 -0.001660442 0.575212061 -0.002607897 0.999990046 -0.003599851 -1.346719980 0.001651059 0.003604164 0.999992132 50.733016968
0.999996006 0.001535976 -0.002359244 0.580350459 -0.001545039 0.999991417 -0.003844555 -1.370717645 0.002353318 0.003848185 0.999989748 51.303451538
0.999996483 0.002086541 -0.001619870 0.586119771 -0.002092142 0.999991894 -0.003463881 -1.388696551 0.001612629 0.003467258 0.999992669 51.864223480
0.999996901 0.001233487 -0.002162884 0.611396730 -0.001240846 0.999993443 -0.003404202 -1.408714771 0.002158670 0.003406876 0.999991834 52.392295837
0.999996126 0.001458891 -0.002366571 0.607293367 -0.001468539 0.999990582 -0.004080405 -1.420394659 0.002360595 0.004083864 0.999988854 52.949279785
0.999997079 0.001558329 -0.001875046 0.611510158 -0.001565919 0.999990523 -0.004053179 -1.435662746 0.001868712 0.004056102 0.999989986 53.490013123
0.999995887 0.001861714 -0.002141401 0.615347385 -0.001870177 0.999990404 -0.003955606 -1.452616453 0.002134016 0.003959595 0.999989867 54.049900055
0.999996662 0.001928210 -0.001687954 0.628485680 -0.001935043 0.999989867 -0.004056032 -1.469300985 0.001680116 0.004059285 0.999990404 54.597263336
0.999997079 0.001771616 -0.001597936 0.622738123 -0.001778738 0.999988437 -0.004466948 -1.474279881 0.001590003 0.004469777 0.999988735 55.153018951
0.999996185 0.002473827 -0.001141095 0.622370660 -0.002479086 0.999986231 -0.004629843 -1.491781950 0.001129626 0.004632655 0.999988675 55.706420898
0.999996841 0.002075729 -0.001400586 0.632651150 -0.002082233 0.999987006 -0.004658116 -1.504297137 0.001390899 0.004661018 0.999988139 56.254470825
0.999996841 0.001902828 -0.001619661 0.638709426 -0.001910177 0.999987841 -0.004547246 -1.521490574 0.001610988 0.004550326 0.999988317 56.802318573
0.999996364 0.002215416 -0.001496471 0.655594230 -0.002222113 0.999987543 -0.004488019 -1.541435003 0.001486509 0.004491329 0.999988794 57.346839905
0.999996781 0.002441448 -0.000672124 0.644139588 -0.002444968 0.999982953 -0.005289381 -1.546056509 0.000659199 0.005291007 0.999985754 57.917495728
0.999995589 0.001831564 -0.002323966 0.664082408 -0.001841411 0.999989331 -0.004242243 -1.573092103 0.002316172 0.004246504 0.999988258 58.457756042
0.999996841 0.002400713 -0.000731870 0.659885347 -0.002404906 0.999980390 -0.005783244 -1.575261354 0.000717971 0.005784986 0.999983013 59.005813599
0.999996841 0.002422229 -0.000617222 0.666613340 -0.002425848 0.999979496 -0.005928906 -1.590399384 0.000602848 0.005930385 0.999982238 59.552413940
0.999997795 0.002085453 -0.000441325 0.677757680 -0.002088147 0.999978602 -0.006194190 -1.612561345 0.000428398 0.006195097 0.999980748 60.084827423
0.999996603 0.002585603 -0.000300008 0.669519305 -0.002587530 0.999974787 -0.006613901 -1.612032175 0.000282900 0.006614655 0.999978006 60.642406464
0.999995649 0.002922231 0.000155618 0.676057875 -0.002921219 0.999976814 -0.006143904 -1.630688429 -0.000173568 0.006143423 0.999981105 61.194053650
0.999995708 0.002882665 -0.000341128 0.688300312 -0.002884763 0.999975860 -0.006318027 -1.648489475 0.000322907 0.006318984 0.999979973 61.732627869
0.999996781 0.002512942 -0.000054782 0.698038042 -0.002513242 0.999976218 -0.006410595 -1.666598082 0.000038671 0.006410712 0.999979436 62.272697449
0.999996066 0.002638045 -0.000949384 0.726276815 -0.002644028 0.999976277 -0.006355448 -1.688316822 0.000932596 0.006357932 0.999979377 62.813770294
0.999993980 0.003424718 -0.000606258 0.734368205 -0.003428382 0.999975204 -0.006149983 -1.710694790 0.000585181 0.006152024 0.999980927 63.357963562
0.999994874 0.003191737 0.000016797 0.730114460 -0.003191580 0.999977052 -0.005976488 -1.726929903 -0.000035872 0.005976404 0.999982178 63.925395966
0.999994934 0.002743283 -0.001607117 0.770766675 -0.002752747 0.999978721 -0.005917249 -1.755205154 0.001590850 0.005921643 0.999981225 64.443344116
0.999996126 0.002518259 -0.001191539 0.773548722 -0.002525570 0.999977827 -0.006174300 -1.771825314 0.001175964 0.006177286 0.999980271 64.995071411
0.999994993 0.002987722 -0.001085006 0.787917078 -0.002993887 0.999979198 -0.005724906 -1.789663553 0.001067879 0.005728126 0.999983013 65.533592224
0.999994814 0.002668375 -0.001787970 0.805303752 -0.002678948 0.999978781 -0.005937821 -1.809734941 0.001772088 0.005942580 0.999980748 66.071250916
0.999995589 0.002551942 -0.001527299 0.816716552 -0.002560940 0.999979198 -0.005918008 -1.827679753 0.001512165 0.005921894 0.999981284 66.626892090
0.999996006 0.002694530 -0.000858170 0.820469022 -0.002700059 0.999975264 -0.006506471 -1.837186456 0.000840617 0.006508762 0.999978364 67.185630798
0.999993742 0.003073166 -0.001724380 0.839259624 -0.003082564 0.999980211 -0.005474607 -1.870889306 0.001707521 0.005479888 0.999983549 67.715621948
0.999992967 0.003311895 -0.001750522 0.846836269 -0.003321999 0.999977708 -0.005801533 -1.884861231 0.001731269 0.005807307 0.999981701 68.262405396
0.999992609 0.003451387 -0.001670542 0.854186237 -0.003459809 0.999981165 -0.005064890 -1.913786650 0.001653029 0.005070632 0.999985754 68.799713135
0.999992549 0.003646393 -0.001279908 0.856617272 -0.003653409 0.999978065 -0.005522317 -1.927775621 0.001259743 0.005526952 0.999983966 69.347923279
0.999992132 0.003530181 -0.001808012 0.870909095 -0.003540122 0.999978483 -0.005525799 -1.939674497 0.001788466 0.005532157 0.999983013 69.885444641
0.999992669 0.003336597 -0.001889708 0.886350214 -0.003347859 0.999976456 -0.005988835 -1.955208778 0.001869681 0.005995118 0.999980271 70.422874451
0.999993503 0.003266533 -0.001579558 0.883667350 -0.003274572 0.999981582 -0.005114391 -1.984722614 0.001562823 0.005119530 0.999985635 70.967658997
0.999993026 0.003297420 -0.001746634 0.898972034 -0.003306934 0.999979496 -0.005472060 -1.994558096 0.001728554 0.005477798 0.999983430 71.516983032
0.999995172 0.002629128 -0.001660288 0.913472772 -0.002638145 0.999981642 -0.005452527 -2.015256166 0.001645922 0.005456881 0.999983668 72.056404114
0.999992907 0.003422250 -0.001573397 0.915339410 -0.003430296 0.999980927 -0.005139597 -2.035994768 0.001555778 0.005144958 0.999985576 72.600318909
0.999990642 0.003856900 -0.001920902 0.929495215 -0.003866013 0.999981225 -0.004762679 -2.060040236 0.001902497 0.004770061 0.999986827 73.140022278
0.999993861 0.003208651 -0.001385455 0.935999572 -0.003215673 0.999981821 -0.005096269 -2.077136755 0.001369078 0.005100693 0.999985993 73.690017700
0.999994338 0.003042535 -0.001475668 0.943505526 -0.003050058 0.999982238 -0.005122494 -2.093377113 0.001460056 0.005126966 0.999985754 74.234069824
0.999994338 0.002982963 -0.001565156 0.952492118 -0.002991241 0.999981523 -0.005314316 -2.109298229 0.001549275 0.005318969 0.999984622 74.775772095
0.999994218 0.002965917 -0.001636323 0.969169617 -0.002973878 0.999983668 -0.004885630 -2.130124569 0.001621806 0.004890468 0.999986708 75.306770325
0.999996006 0.002383560 -0.001535026 0.974878311 -0.002390720 0.999986231 -0.004679909 -2.150177479 0.001523850 0.004683560 0.999987841 75.844841003
0.999994695 0.002603065 -0.002006384 0.990899026 -0.002613489 0.999983132 -0.005209904 -2.165252924 0.001992788 0.005215120 0.999984443 76.399734497
0.999992549 0.003029538 -0.002353163 0.999665082 -0.003041708 0.999981940 -0.005185257 -2.182096481 0.002337411 0.005192376 0.999983788 76.948616028
0.999994695 0.002559887 -0.002000439 1.013636470 -0.002570393 0.999982834 -0.005267582 -2.204129219 0.001986921 0.005272696 0.999984145 77.486190796
0.999993980 0.002537741 -0.002355657 1.023910046 -0.002549476 0.999984384 -0.004992126 -2.222390413 0.002342951 0.004998102 0.999984741 78.027900696
0.999994040 0.002456784 -0.002400821 1.032861948 -0.002467989 0.999985993 -0.004675005 -2.248376369 0.002389302 0.004680903 0.999986172 78.564590454
0.999991119 0.003084844 -0.002877572 1.048470497 -0.003098838 0.999983370 -0.004871171 -2.262709618 0.002862498 0.004880044 0.999984026 79.114562988
0.999994397 0.002381565 -0.002346694 1.052868128 -0.002393173 0.999984860 -0.004956598 -2.278488636 0.002334854 0.004962187 0.999984980 79.660888672
0.999993265 0.003106468 -0.001982406 1.058622003 -0.003116262 0.999982893 -0.004957029 -2.296752930 0.001966974 0.004963174 0.999985754 80.209419250
0.999992728 0.002725214 -0.002670425 1.075005889 -0.002739158 0.999982536 -0.005232172 -2.312109470 0.002656120 0.005239449 0.999982715 80.747657776
0.999995172 0.002852942 -0.001250845 1.082072377 -0.002859136 0.999983549 -0.004978374 -2.330078125 0.001236621 0.004981926 0.999986827 81.299438477
0.999995053 0.003137968 -0.000299116 1.092687130 -0.003139425 0.999982655 -0.004998012 -2.348945856 0.000283427 0.004998925 0.999987483 81.842987061
0.999993503 0.003410090 0.001186722 1.105005503 -0.003404051 0.999981463 -0.005053606 -2.369260788 -0.001203933 0.005049534 0.999986529 82.383789062
0.999991775 0.003069076 0.002622484 1.117442608 -0.003055710 0.999982417 -0.005086028 -2.386737347 -0.002638047 0.005077973 0.999983549 82.925651550
0.999977589 0.003431872 0.005732378 1.135982871 -0.003402767 0.999981344 -0.005079331 -2.403965950 -0.005749703 0.005059712 0.999970615 83.479354858
0.999949694 0.003246649 0.009488073 1.159556389 -0.003204050 0.999984741 -0.004501579 -2.430518150 -0.009502544 0.004470953 0.999944806 84.003631592
0.999914944 0.003631934 0.012526696 1.175151944 -0.003576485 0.999983668 -0.004445925 -2.454453468 -0.012542639 0.004400745 0.999911666 84.558670044
0.999842525 0.003359538 0.017424069 1.200817227 -0.003284480 0.999985278 -0.004334490 -2.475515366 -0.017438373 0.004276579 0.999838829 85.108009338
0.999726593 0.002865663 0.023204960 1.234800816 -0.002755537 0.999984801 -0.004776309 -2.492112875 -0.023218291 0.004711061 0.999719381 85.651405334
0.999585629 0.003153409 0.028611979 1.260299921 -0.003021013 0.999984562 -0.004669313 -2.507588863 -0.028626256 0.004580941 0.999579668 86.195571899
0.999410748 0.002308483 0.034248922 1.300993681 -0.002148234 0.999986589 -0.004715003 -2.524437428 -0.034259342 0.004638649 0.999402165 86.736557007
0.999093115 0.002022875 0.042530529 1.336351871 -0.001842123 0.999989212 -0.004288682 -2.546714783 -0.042538736 0.004206447 0.999085903 87.289138794
0.998701930 0.002932833 0.050851215 1.380180836 -0.002694006 0.999985039 -0.004764481 -2.561487198 -0.050864421 0.004621303 0.998694897 87.834556580
0.998308778 0.003337921 0.058038235 1.422148943 -0.003076482 0.999984682 -0.004593384 -2.578701973 -0.058052685 0.004407062 0.998303831 88.385238647
0.997772217 0.002156855 0.066679172 1.480513573 -0.001854611 0.999987721 -0.004594376 -2.593314648 -0.066688262 0.004460476 0.997763932 88.922973633
0.997034967 0.002840264 0.076896451 1.540867805 -0.002501956 0.999986768 -0.004495509 -2.615153313 -0.076908208 0.004289789 0.997028887 89.467613220
0.996337831 0.002051813 0.085479237 1.604079723 -0.001626398 0.999985993 -0.005046168 -2.624496698 -0.085488379 0.004888665 0.996327162 90.017127991
0.995640993 0.002476115 0.093235917 1.679609299 -0.002029892 0.999986053 -0.004880491 -2.648483992 -0.093246706 0.004669958 0.995632112 90.560928345
0.994556665 0.002218564 0.104173906 1.759658337 -0.001729247 0.999987066 -0.004787199 -2.664189577 -0.104183182 0.004580998 0.994547546 91.102584839
0.993378639 0.002622459 0.114855871 1.833648682 -0.002146024 0.999988616 -0.004271569 -2.689863205 -0.114865758 0.003996803 0.993372977 91.637619019
0.992302001 0.001782572 0.123828448 1.929508209 -0.001241795 0.999989271 -0.004444187 -2.706799507 -0.123835072 0.004256206 0.992293715 92.224456787
0.990854859 0.002253850 0.134912863 2.018298149 -0.001678706 0.999988914 -0.004376680 -2.718895912 -0.134921238 0.004110176 0.990847826 92.760414124
0.989132822 0.001741626 0.147014380 2.121703148 -0.001032149 0.999987423 -0.004902052 -2.734111309 -0.147021055 0.004697040 0.989122331 93.328689575
0.987468541 0.001538492 0.157807991 2.228477478 -0.000796308 0.999988258 -0.004766208 -2.756697655 -0.157813489 0.004580816 0.987458289 93.871360779
0.985806704 0.000905822 0.167881697 2.346358299 -0.000162896 0.999990106 -0.004439011 -2.777924061 -0.167884037 0.004348660 0.985797167 94.404472351
0.983646929 0.000568093 0.180106714 2.476552010 0.000183343 0.999991298 -0.004155499 -2.799460888 -0.180107504 0.004120565 0.983638346 94.918014526
0.981252372 -0.000208603 0.192727059 2.602376938 0.001021019 0.999990940 -0.004116060 -2.815978050 -0.192724451 0.004235671 0.981243849 95.460815430
0.979037225 0.000220402 0.203681156 2.716690063 0.000673968 0.999990463 -0.004321653 -2.829555511 -0.203680158 0.004368335 0.979027689 95.992378235
0.976226211 0.000778238 0.216752812 2.859008789 0.000108441 0.999991775 -0.004078819 -2.850038052 -0.216754168 0.004005355 0.976217926 96.521514893
0.973211527 0.000124922 0.229911476 3.011318207 0.000833740 0.999991357 -0.004072552 -2.862038612 -0.229910046 0.004155140 0.973203003 97.047019958
0.970448673 -0.000115674 0.241307274 3.153396606 0.001090930 0.999991775 -0.003907962 -2.882236958 -0.241304815 0.004055726 0.970441043 97.571838379
0.967461765 -0.000879689 0.253015339 3.319149017 0.001958627 0.999990046 -0.004012472 -2.904216528 -0.253009290 0.004377477 0.967453957 98.092819214
0.963792622 -0.000145672 0.266652793 3.488958359 0.001105185 0.999993384 -0.003448297 -2.923425674 -0.266650498 0.003618145 0.963786423 98.618064880
0.959970474 -0.000043557 0.280101180 3.649328232 0.001130131 0.999992430 -0.003717712 -2.939300776 -0.280098915 0.003885444 0.959963262 99.155944824
0.956807315 -0.000997934 0.290721118 3.830915451 0.002119543 0.999991417 -0.003543151 -2.956845999 -0.290715098 0.004006309 0.956801236 99.669670105
0.952525854 -0.001290897 0.304454952 4.022632599 0.002569293 0.999989510 -0.003798378 -2.966855288 -0.304446906 0.004400288 0.952519178 100.173843384
0.948097944 -0.001040606 0.317976475 4.224596024 0.002299501 0.999990880 -0.003583771 -2.987608671 -0.317969888 0.004128953 0.948091745 100.723808289
0.944246292 -0.001753452 0.329235047 4.427434921 0.003181102 0.999987721 -0.003797631 -2.999606609 -0.329224378 0.004633229 0.944240391 101.236312866
0.939412057 -0.002158426 0.342783242 4.628858566 0.003595114 0.999987245 -0.003555876 -3.021634817 -0.342771113 0.004572778 0.939407825 101.749473572
0.934150517 -0.002445173 0.356870949 4.850471497 0.004054577 0.999984801 -0.003761722 -3.035998583 -0.356856257 0.004960976 0.934146106 102.262084961
0.929548740 -0.002383485 0.368691623 5.069458008 0.003898188 0.999986768 -0.003363521 -3.053238869 -0.368678719 0.004563786 0.929545641 102.761871338
0.924716234 -0.003070586 0.380644798 5.298685074 0.004818048 0.999981761 -0.003638029 -3.071138620 -0.380626678 0.005198109 0.924714148 103.266716003
0.918715656 -0.003401962 0.394905061 5.538925171 0.005194962 0.999980450 -0.003471205 -3.083984137 -0.394885540 0.005240567 0.918715358 103.764564514
0.913064361 -0.003785650 0.407797933 5.786556244 0.005519980 0.999979973 -0.003076334 -3.107759953 -0.407778084 0.005059926 0.913067043 104.260353088
0.908313274 -0.004498875 0.418266386 6.041183472 0.006400437 0.999974549 -0.003143547 -3.132794380 -0.418241590 0.005532413 0.908318996 104.717933655
0.901983202 -0.004911022 0.431743354 6.298366547 0.007100717 0.999968827 -0.003460060 -3.143189907 -0.431712866 0.006186603 0.901989937 105.212806702
0.895132184 -0.004780457 0.445775270 6.550933838 0.006736042 0.999973297 -0.002802571 -3.163150311 -0.445749938 0.005511431 0.895140529 105.695327759
0.889390171 -0.004997053 0.457121640 6.822242737 0.006982532 0.999972045 -0.002654174 -3.181183815 -0.457095623 0.005552463 0.889400184 106.170280457
0.883325100 -0.005057244 0.468733549 7.093032837 0.007237984 0.999969721 -0.002851091 -3.184250593 -0.468704909 0.005911127 0.883334935 106.694442749
0.876156807 -0.005699630 0.481992692 7.376476288 0.007636752 0.999968708 -0.002057166 -3.220054388 -0.481965959 0.005483258 0.876172841 107.136573792
