1.000000000 0.000000000 0.000000000 0.000000000 0.000000000 1.000000000 0.000000000 0.000000000 0.000000000 0.000000000 1.000000000 0.000000000
1.000000000 0.000071499 -0.000030676 0.000298568 -0.000071498 1.000000000 0.000020721 0.000494070 0.000030678 -0.000020719 1.000000000 0.002213747
1.000000000 0.000027437 -0.000043670 0.000763527 -0.000027434 1.000000000 0.000065770 -0.001204385 0.000043672 -0.000065769 1.000000000 0.000920053
1.000000000 -0.000022322 -0.000028387 0.000522677 0.000022321 1.000000000 -0.000044803 0.000438764 0.000028388 0.000044802 1.000000000 -0.001652014
1.000000000 -0.000161533 -0.000112721 0.001317536 0.000161539 1.000000000 0.000055357 -0.000587720 0.000112712 -0.000055375 1.000000000 0.000388848
1.000000000 -0.000146961 -0.000114925 -0.000604468 0.000146966 1.000000000 0.000037072 -0.000029508 0.000114919 -0.000037089 1.000000000 -0.000545955
1.000000000 -0.000146571 -0.000063768 0.000737326 0.000146575 1.000000000 0.000060605 -0.000625314 0.000063759 -0.000060614 1.000000000 0.001512647
1.000000000 -0.000152790 -0.000059906 0.000022535 0.000152795 1.000000000 0.000077984 -0.000781079 0.000059894 -0.000077993 1.000000000 -0.000410786
1.000000000 -0.000046330 -0.000093675 0.000646192 0.000046336 1.000000000 0.000061465 -0.000057186 0.000093672 -0.000061470 1.000000000 -0.001862360
1.000000000 -0.000035273 -0.000011202 -0.000364244 0.000035274 1.000000000 0.000043874 0.000657809 0.000011201 -0.000043874 1.000000000 0.002727897
1.000000000 -0.000051073 -0.000068991 0.000967728 0.000051073 1.000000000 -0.000000885 0.000668348 0.000068991 0.000000881 1.000000000 0.000212393
1.000000000 -0.000095069 -0.000124127 0.000968940 0.000095076 1.000000000 0.000056154 0.000191937 0.000124121 -0.000056166 1.000000000 -0.000250132
1.000000000 -0.000104424 -0.000056775 -0.000211533 0.000104423 1.000000000 -0.000029738 0.001711927 0.000056778 0.000029732 1.000000000 0.002379463
0.999999940 -0.000222629 -0.000134528 0.001070476 0.000222643 0.999999940 0.000100659 0.000113768 0.000134506 -0.000100689 1.000000000 -0.001595003
1.000000000 -0.000116785 -0.000147976 0.001159460 0.000116793 1.000000000 0.000055802 -0.000561278 0.000147969 -0.000055819 1.000000000 -0.002289195
1.000000000 -0.000157140 -0.000173042 0.003236887 0.000157163 1.000000000 0.000130890 -0.000835047 0.000173022 -0.000130917 1.000000000 -0.005081917
1.000000000 -0.000119331 -0.000062639 0.001386663 0.000119335 1.000000000 0.000070542 -0.000237368 0.000062631 -0.000070550 1.000000000 -0.003006256
1.000000000 -0.000052434 -0.000072720 0.001572628 0.000052436 1.000000000 0.000036769 -0.000029434 0.000072718 -0.000036773 1.000000000 -0.000623176
1.000000000 -0.000011109 -0.000118704 0.001760518 0.000011124 1.000000000 0.000123913 -0.000903149 0.000118703 -0.000123914 1.000000000 -0.003567589
0.999999940 -0.000231120 -0.000145494 0.001566277 0.000231130 1.000000000 0.000069411 -0.000016399 0.000145478 -0.000069445 1.000000000 -0.003100444
1.000000000 -0.000191111 -0.000103436 0.000866565 0.000191121 1.000000000 0.000093133 0.000320298 0.000103418 -0.000093153 1.000000000 0.001209402
1.000000000 -0.000205679 -0.000129760 0.000654601 0.000205694 1.000000000 0.000113813 -0.001673913 0.000129736 -0.000113840 1.000000000 -0.003967047
1.000000000 -0.000071523 -0.000164439 0.003627784 0.000071542 1.000000000 0.000115993 -0.000681028 0.000164431 -0.000116005 1.000000000 -0.002420518
1.000000000 -0.000093997 -0.000169480 0.003543644 0.000094013 1.000000000 0.000096720 -0.001064184 0.000169471 -0.000096736 1.000000000 -0.002056292
0.999999940 -0.000213297 -0.000191565 0.002909597 0.000213322 0.999999940 0.000132988 -0.001200270 0.000191537 -0.000133029 1.000000000 -0.005274802
0.999999940 -0.000175115 -0.000192094 0.002868800 0.000175133 1.000000000 0.000091601 0.000249538 0.000192078 -0.000091635 1.000000000 -0.001803657
1.000000000 -0.000162372 -0.000149226 0.002944421 0.000162383 1.000000000 0.000074417 0.000021473 0.000149214 -0.000074441 1.000000000 -0.003321892
0.999999940 -0.000239117 -0.000167660 0.003531506 0.000239134 0.999999940 0.000103493 -0.000748204 0.000167636 -0.000103533 1.000000000 -0.004125080
0.999999940 -0.000217875 -0.000117448 0.000366989 0.000217884 1.000000000 0.000077190 -0.000965930 0.000117431 -0.000077216 1.000000000 -0.002955794
1.000000000 -0.000076767 -0.000194115 0.002727873 0.000076797 1.000000000 0.000154648 -0.001223907 0.000194104 -0.000154663 0.999999940 -0.003433321
0.999999940 -0.000220225 -0.000201112 0.003728136 0.000220248 0.999999940 0.000114840 -0.000837482 0.000201087 -0.000114884 1.000000000 -0.003685374
0.999999940 -0.000196482 -0.000210217 0.002984602 0.000196507 1.000000000 0.000119401 -0.000537244 0.000210194 -0.000119443 1.000000000 -0.003112720
1.000000000 -0.000176558 -0.000156671 0.002610131 0.000176574 1.000000000 0.000105663 -0.000672290 0.000156652 -0.000105691 1.000000000 -0.005146440
1.000000000 -0.000113074 -0.000154925 0.003031650 0.000113087 1.000000000 0.000083263 -0.001247569 0.000154916 -0.000083280 1.000000000 -0.003295544
1.000000000 -0.000140340 -0.000149220 0.002700985 0.000140356 1.000000000 0.000108266 -0.000773391 0.000149205 -0.000108286 1.000000000 -0.001597277
0.999999940 -0.000208934 -0.000156915 0.002217591 0.000208958 0.999999940 0.000149878 -0.001686223 0.000156884 -0.000149911 1.000000000 -0.005201383
0.999999940 -0.000187143 -0.000222593 0.003231061 0.000187161 1.000000000 0.000084733 0.000138201 0.000222578 -0.000084775 1.000000000 -0.002628488
0.999999940 -0.000216634 -0.000206446 0.003833254 0.000216662 0.999999940 0.000138517 0.000163240 0.000206416 -0.000138562 0.999999940 -0.004341916
1.000000000 -0.000143637 -0.000114082 0.000922608 0.000143647 1.000000000 0.000086028 -0.000166308 0.000114070 -0.000086045 1.000000000 -0.002995572
0.999999940 -0.000177351 -0.000190761 0.002567137 0.000177379 1.000000000 0.000144572 -0.000805042 0.000190735 -0.000144606 1.000000000 -0.004935537
0.999999940 -0.000183226 -0.000212662 0.005302828 0.000183242 1.000000000 0.000075122 -0.001828165 0.000212648 -0.000075161 1.000000000 -0.001719265
1.000000000 -0.000234886 -0.000027803 0.001433833 0.000234871 0.999999821 -0.000528238 -0.002648447 0.000027927 0.000528231 0.999999881 0.050060946
1.000000000 -0.000044427 -0.000163328 0.003473938 0.000044247 0.999999404 -0.001098978 -0.004215779 0.000163376 0.001098971 0.999999404 0.141400740
1.000000000 -0.000136805 -0.000075752 0.003754619 0.000136693 0.999998927 -0.001471175 -0.007603467 0.000075953 0.001471165 0.999998927 0.259156317
1.000000000 -0.000111841 -0.000041481 0.006035781 0.000111784 0.999999046 -0.001376281 -0.011322836 0.000041635 0.001376277 0.999999046 0.393470317
1.000000000 -0.000021355 -0.000127317 0.010130675 0.000021207 0.999999344 -0.001155940 -0.018453894 0.000127342 0.001155937 0.999999344 0.528888822
1.000000000 0.000054258 -0.000068391 0.012056391 -0.000054334 0.999999404 -0.001116636 -0.020801295 0.000068330 0.001116639 0.999999404 0.686026692
1.000000000 -0.000040197 0.000089730 0.015315260 0.000040277 0.999999583 -0.000895798 -0.025462283 -0.000089694 0.000895802 0.999999583 0.846069098
0.999999940 0.000335813 0.000203355 0.012482341 -0.000335653 0.999999642 -0.000787063 -0.025437184 -0.000203619 0.000786994 0.999999642 1.028606415
1.000000000 0.000072149 -0.000208864 0.026112670 -0.000072266 0.999999821 -0.000561417 -0.038344782 0.000208824 0.000561432 0.999999821 1.188674092
1.000000000 0.000004792 -0.000025239 0.028256107 -0.000004798 0.999999940 -0.000274825 -0.041533634 0.000025238 0.000274825 0.999999940 1.366429925
0.999999940 0.000266337 0.000072867 0.028514871 -0.000266322 0.999999940 -0.000204222 -0.048598491 -0.000072922 0.000204203 1.000000000 1.586262465
0.999999940 0.000160435 0.000365215 0.029375784 -0.000160382 0.999999940 -0.000145727 -0.052962430 -0.000365238 0.000145668 0.999999940 1.781681299
1.000000000 -0.000024380 0.000059096 0.037460372 0.000024368 1.000000000 0.000197996 -0.059490386 -0.000059101 -0.000197994 1.000000000 1.989891768
1.000000000 0.000164480 0.000167427 0.043935101 -0.000164502 1.000000000 0.000134007 -0.069227517 -0.000167405 -0.000134034 1.000000000 2.179485321
1.000000000 0.000143651 -0.000160084 0.053085089 -0.000143607 1.000000000 0.000275641 -0.076231889 0.000160124 -0.000275618 1.000000000 2.389779329
1.000000000 0.000182035 0.000093750 0.057429127 -0.000182057 1.000000000 0.000236467 -0.079592839 -0.000093706 -0.000236484 1.000000000 2.623433590
1.000000000 0.000277866 0.000280130 0.057773180 -0.000277927 0.999999940 0.000216453 -0.084912904 -0.000280070 -0.000216531 0.999999940 2.859463215
1.000000000 0.000357584 -0.000314231 0.065975696 -0.000357421 0.999999821 0.000521046 -0.092738040 0.000314417 -0.000520933 0.999999762 3.109701157
0.999999881 0.000324439 -0.000294663 0.073949456 -0.000324267 0.999999762 0.000580866 -0.100927912 0.000294852 -0.000580770 0.999999821 3.345748425
0.999999881 0.000113314 -0.000326811 0.078885734 -0.000113081 0.999999762 0.000713706 -0.109641016 0.000326892 -0.000713669 0.999999702 3.582947731
0.999999881 -0.000019006 -0.000310340 0.080683641 0.000019300 0.999999464 0.000946111 -0.122923814 0.000310322 -0.000946117 0.999999523 3.846704245
0.999999940 -0.000144819 -0.000264384 0.085510544 0.000145037 0.999999642 0.000825661 -0.129916832 0.000264265 -0.000825699 0.999999642 4.105302811
0.999999881 0.000483579 0.000093701 0.083685011 -0.000483672 0.999999404 0.000991175 -0.132233202 -0.000093221 -0.000991220 0.999999523 4.361082554
0.999999940 0.000167980 -0.000112773 0.091334060 -0.000167849 0.999999344 0.001163024 -0.143009126 0.000112968 -0.001163004 0.999999344 4.618690014
1.000000000 0.000067447 0.000193667 0.095705189 -0.000067692 0.999999166 0.001265240 -0.146969423 -0.000193582 -0.001265253 0.999999106 4.877870083
1.000000000 -0.000056056 -0.000078902 0.102881081 0.000056179 0.999998748 0.001562694 -0.155524015 0.000078815 -0.001562699 0.999998748 5.138859749
0.999999940 -0.000060911 0.000105195 0.099223070 0.000060771 0.999999166 0.001328237 -0.161238745 -0.000105276 -0.001328231 0.999999106 5.400358200
0.999999940 0.000130722 0.000086419 0.109560035 -0.000130847 0.999998927 0.001452486 -0.171195790 -0.000086229 -0.001452497 0.999998927 5.651030064
0.999999940 0.000123878 -0.000059362 0.119055361 -0.000123788 0.999998868 0.001514013 -0.186396986 0.000059549 -0.001514006 0.999998868 5.916302204
1.000000000 -0.000147665 -0.000161789 0.125915110 0.000147914 0.999998868 0.001543351 -0.196352541 0.000161561 -0.001543375 0.999998808 6.192375183
1.000000000 0.000065957 0.000150228 0.125134990 -0.000066196 0.999998748 0.001594771 -0.201843381 -0.000150123 -0.001594781 0.999998748 6.485772133
1.000000000 0.000053880 0.000126599 0.132030234 -0.000054084 0.999998748 0.001610408 -0.208619982 -0.000126512 -0.001610415 0.999998689 6.765769958
1.000000000 0.000193184 0.000175155 0.137508318 -0.000193468 0.999998689 0.001618236 -0.219753057 -0.000174842 -0.001618270 0.999998748 7.066968441
0.999999881 -0.000333623 0.000029212 0.145340726 0.000333574 0.999998629 0.001636707 -0.237152517 -0.000029758 -0.001636697 0.999998689 7.361731529
1.000000000 -0.000005365 0.000174230 0.152494311 0.000005090 0.999998868 0.001573541 -0.247495338 -0.000174238 -0.001573540 0.999998808 7.671014309
0.999999881 -0.000378729 0.000230520 0.160994276 0.000378331 0.999998510 0.001725635 -0.258443058 -0.000231174 -0.001725548 0.999998510 7.997814655
0.999999762 -0.000228951 0.000667272 0.152435288 0.000227414 0.999997258 0.002302596 -0.273653775 -0.000667797 -0.002302443 0.999997139 8.288811684
0.999999821 -0.000421403 0.000381149 0.164721847 0.000420464 0.999996841 0.002459064 -0.282605618 -0.000382184 -0.002458904 0.999996901 8.612643242
0.999999762 -0.000183791 0.000653916 0.167555556 0.000182178 0.999996901 0.002466002 -0.289537221 -0.000654368 -0.002465883 0.999996781 8.954227448
0.999999523 0.000125292 0.001004650 0.175089478 -0.000127870 0.999996722 0.002566025 -0.303539515 -0.001004325 -0.002566153 0.999996245 9.289515495
0.999999523 0.000524193 0.000711711 0.182060868 -0.000525921 0.999996841 0.002430128 -0.317943871 -0.000710435 -0.002430501 0.999996781 9.635431290
0.999999762 0.000425021 0.000514598 0.197686613 -0.000426331 0.999996662 0.002547877 -0.327413619 -0.000513514 -0.002548096 0.999996662 9.976668358
0.999999642 0.000401885 0.000692588 0.199014217 -0.000403782 0.999996126 0.002741313 -0.336029291 -0.000691484 -0.002741591 0.999996006 10.347042084
0.999999762 -0.000074745 0.000668527 0.214805737 0.000072800 0.999995768 0.002908231 -0.349444449 -0.000668741 -0.002908182 0.999995530 10.700850487
0.999999464 0.000343420 0.001003003 0.212675408 -0.000346810 0.999994218 0.003381030 -0.369906515 -0.001001836 -0.003381375 0.999993801 11.077652931
0.999998987 0.000803544 0.001153370 0.220313966 -0.000807399 0.999994099 0.003345400 -0.382207185 -0.001150675 -0.003346328 0.999993742 11.451447487
0.999998391 0.001202037 0.001347539 0.225378394 -0.001206677 0.999993384 0.003447449 -0.391330749 -0.001343386 -0.003449070 0.999993145 11.846443176
0.999999464 0.000385886 0.000969261 0.237137869 -0.000389419 0.999993265 0.003647049 -0.400619984 -0.000967848 -0.003647424 0.999992847 12.221706390
0.999999702 0.000138211 0.000645898 0.269270271 -0.000140563 0.999993384 0.003642617 -0.426630497 -0.000645390 -0.003642707 0.999993145 12.607859612
0.999999762 -0.000213138 0.000553545 0.275631189 0.000211150 0.999993563 0.003589676 -0.435081422 -0.000554306 -0.003589558 0.999993384 13.014374733
0.999999881 -0.000165120 0.000260031 0.293587029 0.000164157 0.999993205 0.003698778 -0.450739384 -0.000260640 -0.003698735 0.999993145 13.396914482
0.999999523 0.000440023 0.000853334 0.293697655 -0.000443400 0.999992132 0.003960642 -0.458331764 -0.000851584 -0.003961019 0.999991775 13.823194504
0.999999344 0.000226033 0.001132673 0.314084589 -0.000230986 0.999990404 0.004373795 -0.491456747 -0.001131673 -0.004374054 0.999989748 14.239696503
0.999998987 -0.000136332 0.001381871 0.322814167 0.000130544 0.999991179 0.004187635 -0.502034545 -0.001382430 -0.004187451 0.999990284 14.668517113
0.999998748 -0.000258736 0.001618681 0.335612774 0.000251425 0.999989808 0.004514951 -0.514904261 -0.001619833 -0.004514537 0.999988496 15.089714050
0.999998569 -0.000250250 0.001623831 0.352063477 0.000242107 0.999987423 0.005012623 -0.535068810 -0.001625065 -0.005012223 0.999986112 15.524006844
0.999997973 -0.000204261 0.001986967 0.363666534 0.000194067 0.999986827 0.005129552 -0.544343114 -0.001987990 -0.005129156 0.999984860 15.962617874
0.999997437 -0.000278694 0.002207448 0.377900660 0.000267358 0.999986768 0.005134113 -0.561625063 -0.002208849 -0.005133510 0.999984324 16.410814285
0.999997079 -0.000731726 0.002280473 0.388737142 0.000719825 0.999986112 0.005215054 -0.575849831 -0.002284257 -0.005213397 0.999983788 16.856054306
0.999997079 0.000055122 0.002406797 0.401100934 -0.000067184 0.999987423 0.005011643 -0.581805348 -0.002406490 -0.005011791 0.999984562 17.310216904
0.999996126 -0.000224411 0.002746122 0.409758210 0.000210063 0.999986291 0.005223924 -0.590282440 -0.002747257 -0.005223328 0.999982595 17.783969879
0.999995887 -0.000532942 0.002804793 0.425477266 0.000518229 0.999986112 0.005243796 -0.605708778 -0.002807549 -0.005242322 0.999982297 18.250778198
0.999994338 -0.000004137 0.003376695 0.432507664 -0.000013214 0.999986708 0.005138666 -0.613547027 -0.003376672 -0.005138681 0.999981105 18.729261398
0.999994934 -0.001104488 0.002970542 0.463157684 0.001085690 0.999979436 0.006322394 -0.668074548 -0.002977463 -0.006319137 0.999975562 19.172313690
0.999996066 -0.001292396 0.002506179 0.484488547 0.001275924 0.999977708 0.006562912 -0.679910660 -0.002514604 -0.006559689 0.999975324 19.647489548
0.999995828 -0.000365107 0.002862098 0.495593190 0.000346103 0.999977946 0.006637404 -0.692653894 -0.002864458 -0.006636387 0.999973834 20.118463516
0.999994934 -0.000713188 0.003088902 0.503011823 0.000693184 0.999978781 0.006472093 -0.697894752 -0.003093452 -0.006469918 0.999974251 20.625381470
0.999996841 -0.000505559 0.002445165 0.535601020 0.000489251 0.999977589 0.006665520 -0.721255124 -0.002448480 -0.006664302 0.999974787 21.119886398
0.999997795 -0.000623977 0.001971004 0.543256998 0.000610847 0.999977589 0.006655234 -0.728021801 -0.001975113 -0.006654016 0.999975979 21.632034302
0.999998033 -0.000445393 0.001926315 0.538779557 0.000432506 0.999977529 0.006685227 -0.743236423 -0.001929250 -0.006684381 0.999975801 22.132539749
0.999998033 -0.000766440 0.001849048 0.548629284 0.000753156 0.999973953 0.007174369 -0.751887858 -0.001854499 -0.007172961 0.999972582 22.635980606
0.999998450 -0.001707429 0.000474191 0.592587352 0.001703878 0.999971211 0.007390843 -0.779758573 -0.000486796 -0.007390024 0.999972522 23.115833282
0.999998212 -0.001904000 -0.000273428 0.604049981 0.001905981 0.999970496 0.007435918 -0.796096444 0.000259262 -0.007436426 0.999972284 23.641237259
0.999995053 -0.003087035 -0.000639951 0.607733011 0.003091811 0.999966264 0.007601011 -0.815011263 0.000616465 -0.007602951 0.999970853 24.138330460
0.999997914 -0.001908602 -0.000705893 0.612322271 0.001913926 0.999969125 0.007621263 -0.822095990 0.000691325 -0.007622598 0.999970734 24.662357330
0.999995649 -0.002261249 -0.001875520 0.630401373 0.002275852 0.999966800 0.007821070 -0.832483947 0.001857772 -0.007825306 0.999967694 25.193092346
0.999993503 -0.002508557 -0.002598858 0.642048359 0.002529513 0.999964058 0.008091971 -0.839879870 0.002578465 -0.008098492 0.999963880 25.716545105
0.999994576 -0.001937560 -0.002661851 0.631875992 0.001959862 0.999962807 0.008401566 -0.860268474 0.002645473 -0.008406738 0.999961138 26.245056152
0.999993563 -0.002216049 -0.002826239 0.639315665 0.002242004 0.999955058 0.009213636 -0.880948186 0.002805694 -0.009219912 0.999953508 26.785099030
0.999991119 -0.002404579 -0.003459383 0.659967303 0.002436134 0.999955297 0.009146383 -0.893937230 0.003437235 -0.009154730 0.999952137 27.334081650
0.999989390 -0.002383007 -0.003941400 0.658462703 0.002419639 0.999953687 0.009315674 -0.915846944 0.003919018 -0.009325112 0.999948859 27.783170700
0.999992907 -0.001210832 -0.003564464 0.656754971 0.001244110 0.999955595 0.009348700 -0.925735116 0.003552985 -0.009353068 0.999949992 28.330379486
0.999989569 -0.002042966 -0.004108771 0.671178520 0.002082856 0.999950588 0.009727646 -0.944093466 0.004088695 -0.009736100 0.999944270 28.880517960
0.999985278 -0.002337955 -0.004888568 0.687149763 0.002384916 0.999950886 0.009622660 -0.945216775 0.004865830 -0.009634178 0.999941707 29.396595001
0.999981940 -0.002755755 -0.005359778 0.697444439 0.002809267 0.999945998 0.010002023 -0.962721586 0.005331926 -0.010016897 0.999935627 29.915210724
0.999982953 -0.002450774 -0.005306673 0.704052508 0.002503443 0.999947488 0.009941309 -0.973697424 0.005282030 -0.009954425 0.999936521 30.461048126
0.999982178 -0.002406725 -0.005459916 0.712485075 0.002460488 0.999948263 0.009861482 -0.983781874 0.005435901 -0.009874740 0.999936461 30.979934692
0.999979019 -0.002536756 -0.005955118 0.732308865 0.002595907 0.999947131 0.009946042 -1.003053665 0.005929573 -0.009961293 0.999932826 31.509346008
0.999977350 -0.002420170 -0.006280157 0.749872446 0.002484659 0.999943972 0.010281309 -1.024492264 0.006254924 -0.010296682 0.999927402 32.038280487
0.999977291 -0.002420307 -0.006274360 0.742047608 0.002484676 0.999944091 0.010271693 -1.024917722 0.006249150 -0.010287049 0.999927580 32.600906372
0.999975860 -0.002434507 -0.006501152 0.737367094 0.002502536 0.999942005 0.010476733 -1.056965590 0.006475268 -0.010492750 0.999924004 33.109836578
0.999973774 -0.002631245 -0.006747296 0.743753433 0.002703944 0.999938250 0.010788120 -1.067698002 0.006718492 -0.010806083 0.999919057 33.661823273
0.999973416 -0.002612995 -0.006806011 0.747210264 0.002686836 0.999937415 0.010862895 -1.076187015 0.006777200 -0.010880893 0.999917865 34.204143524
0.999969780 -0.002825582 -0.007243744 0.760285020 0.002904191 0.999936700 0.010864547 -1.089180231 0.007212588 -0.010885255 0.999914706 34.730213165
0.999971330 -0.002746613 -0.007054072 0.768375278 0.002827161 0.999930620 0.011434268 -1.134599805 0.007022178 -0.011453884 0.999909759 35.232227325
0.999964952 -0.003555770 -0.007589018 0.777941883 0.003641078 0.999930024 0.011256882 -1.140234590 0.007548460 -0.011284120 0.999907851 35.792587280
0.999968410 -0.002789694 -0.007445890 0.785698175 0.002873397 0.999932528 0.011254666 -1.156566620 0.007413991 -0.011275706 0.999908984 36.348396301
0.999966145 -0.002791201 -0.007750888 0.801821649 0.002879737 0.999930382 0.011435088 -1.161234140 0.007718432 -0.011457019 0.999904573 36.892875671
0.999965131 -0.003257864 -0.007692425 0.797997832 0.003349127 0.999923766 0.011881069 -1.192262411 0.007653133 -0.011906419 0.999899805 37.400245667
0.999968708 -0.002826832 -0.007399428 0.802690566 0.002911820 0.999929547 0.011500253 -1.197501659 0.007366398 -0.011521441 0.999906480 37.946739197
0.999961257 -0.003389526 -0.008127312 0.817071915 0.003487811 0.999920607 0.012109589 -1.209573746 0.008085622 -0.012137467 0.999893606 38.482543945
0.999969065 -0.002513124 -0.007471145 0.820684433 0.002600519 0.999928057 0.011710907 -1.213377237 0.007441177 -0.011729972 0.999903440 39.023193359
0.999963582 -0.003032833 -0.007984004 0.843767107 0.003133309 0.999915659 0.012602401 -1.242036939 0.007945110 -0.012626960 0.999888659 39.562664032
0.999956846 -0.003465762 -0.008609110 0.837595880 0.003579829 0.999905527 0.013269798 -1.277177334 0.008562305 -0.013300044 0.999874890 40.141319275
0.999953806 -0.004050094 -0.008717216 0.844436288 0.004165666 0.999903083 0.013280887 -1.288001060 0.008662581 -0.013316587 0.999873817 40.700042725
0.999953806 -0.003753966 -0.008845365 0.852227151 0.003868132 0.999908984 0.012925262 -1.287760735 0.008796038 -0.012958881 0.999877393 41.259208679
0.999950111 -0.004166875 -0.009071372 0.859304309 0.004286298 0.999903917 0.013185442 -1.297564030 0.009015557 -0.013223669 0.999871969 41.816818237
0.999947131 -0.004093718 -0.009437410 0.869136930 0.004221953 0.999898434 0.013608299 -1.316614389 0.009380744 -0.013647422 0.999862850 42.360363007
0.999944031 -0.004767318 -0.009443944 0.877911389 0.004900967 0.999887466 0.014179550 -1.343344212 0.009375284 -0.014225044 0.999854803 42.892742157
0.999942660 -0.004834770 -0.009556301 0.885710180 0.004967459 0.999890924 0.013910356 -1.352023840 0.009488007 -0.013957031 0.999857545 43.451011658
0.999947906 -0.004444062 -0.009186395 0.887341142 0.004573125 0.999890447 0.014076472 -1.366486073 0.009122833 -0.014117750 0.999858677 43.959125519
0.999951601 -0.003908696 -0.009029706 0.892155290 0.004035997 0.999892116 0.014123178 -1.375277281 0.008973530 -0.014158938 0.999859452 44.489566803
0.999954879 -0.003539760 -0.008814064 0.895416975 0.003663049 0.999895155 0.014011187 -1.385206699 0.008763543 -0.014042840 0.999862969 45.050369263
0.999956250 -0.003053565 -0.008844753 0.918006957 0.003179654 0.999893069 0.014277088 -1.401122808 0.008800211 -0.014304588 0.999858975 45.548286438
0.999955833 -0.003369589 -0.008773366 0.917555332 0.003495085 0.999891281 0.014328516 -1.410750151 0.008724131 -0.014358548 0.999858856 46.075962067
0.999954402 -0.003316921 -0.008963027 0.947300911 0.003451545 0.999880910 0.015046377 -1.432512164 0.008912053 -0.015076628 0.999846578 46.573162079
0.999952674 -0.003515657 -0.009063658 0.923948348 0.003647459 0.999887228 0.014566610 -1.438791990 0.009011424 -0.014598981 0.999852836 47.169868469
0.999955356 -0.003609721 -0.008731633 0.927167773 0.003734712 0.999890149 0.014341054 -1.443355322 0.008678908 -0.014373026 0.999859035 47.718196869
0.999949694 -0.004065828 -0.009166761 0.955345631 0.004203443 0.999877930 0.015043437 -1.470838785 0.009104480 -0.015081211 0.999844790 48.215950012
0.999950111 -0.004165848 -0.009086581 0.954046488 0.004298996 0.999882877 0.014683270 -1.460352421 0.009024349 -0.014721599 0.999850929 48.793144226
0.999946058 -0.004263642 -0.009472453 0.974031448 0.004405344 0.999877930 0.014989283 -1.480620027 0.009407388 -0.015030202 0.999842703 49.285266876
0.999946475 -0.003769271 -0.009637868 0.978583395 0.003916963 0.999874473 0.015351470 -1.488802671 0.009578793 -0.015388398 0.999835670 49.827190399
0.999945343 -0.003997606 -0.009663129 1.018915176 0.004146132 0.999872744 0.015399492 -1.509952307 0.009600340 -0.015438712 0.999834657 50.281661987
0.999953806 -0.003613443 -0.008919020 0.981064320 0.003745981 0.999882102 0.014888471 -1.499831200 0.008864171 -0.014921192 0.999849319 50.899238586
0.999938130 -0.004572798 -0.010135721 1.044309020 0.004729745 0.999868453 0.015515154 -1.520379782 0.010063440 -0.015562134 0.999828279 51.382556915
0.999937236 -0.004675689 -0.010180825 1.047826529 0.004830237 0.999872625 0.015209022 -1.524243355 0.010108418 -0.015257244 0.999832451 51.918930054
0.999940872 -0.004459596 -0.009918272 1.042399168 0.004611613 0.999871373 0.015357141 -1.531891823 0.009848511 -0.015401972 0.999832809 52.450855255
0.999938309 -0.004580563 -0.010122119 1.051518321 0.004733821 0.999873757 0.015169092 -1.542032003 0.010051359 -0.015216073 0.999833703 52.992866516
0.999936938 -0.004490837 -0.010287484 1.060890198 0.004647203 0.999873281 0.015226450 -1.557135820 0.010217800 -0.015273298 0.999831080 53.530967712
0.999942124 -0.004196755 -0.009906923 1.057316065 0.004346848 0.999875367 0.015177662 -1.554922104 0.009841993 -0.015219849 0.999835670 54.072277069
0.999939322 -0.004518036 -0.010039886 1.068063021 0.004671115 0.999872327 0.015276321 -1.564573169 0.009969585 -0.015322293 0.999832928 54.601745605
0.999938786 -0.004619462 -0.010045589 1.070845246 0.004773828 0.999870002 0.015397246 -1.570580244 0.009973154 -0.015444257 0.999831021 55.151336670
0.999938309 -0.004422000 -0.010191490 1.089624882 0.004581640 0.999866366 0.015694272 -1.588562727 0.010120728 -0.015740000 0.999824822 55.643054962
0.999932468 -0.005231390 -0.010379178 1.088445187 0.005391691 0.999865592 0.015477065 -1.581973076 0.010296818 -0.015531980 0.999826372 56.237274170
0.999934733 -0.004924591 -0.010316335 1.100745916 0.005088376 0.999860466 0.015910683 -1.601977825 0.010236541 -0.015962137 0.999820173 56.740062714
0.999937236 -0.004727161 -0.010163012 1.097380280 0.004891171 0.999857306 0.016174065 -1.620915651 0.010085104 -0.016222762 0.999817491 57.271350861
0.999941170 -0.004506597 -0.009861516 1.098358750 0.004659488 0.999868453 0.015536239 -1.621077776 0.009790204 -0.015581276 0.999830604 57.792961121
0.999935210 -0.004937939 -0.010262876 1.118308425 0.005099167 0.999863088 0.015743438 -1.600361586 0.010183730 -0.015794748 0.999823391 58.393711090
0.999945223 -0.003933353 -0.009690516 1.111091256 0.004086503 0.999866307 0.015835352 -1.642242432 0.009626934 -0.015874086 0.999827623 58.863170624
0.999940157 -0.004566913 -0.009933905 1.120476961 0.004724382 0.999862611 0.015886344 -1.654228330 0.009859988 -0.015932325 0.999824464 59.389987946
0.999943137 -0.004171975 -0.009812633 1.122443676 0.004328847 0.999862313 0.016020190 -1.628721595 0.009744446 -0.016061755 0.999823451 59.996238708
0.999938726 -0.004717263 -0.010011783 1.139593959 0.004878268 0.999858201 0.016118400 -1.677881479 0.009934329 -0.016166253 0.999819934 60.477905273
0.999940097 -0.004074360 -0.010159815 1.151422977 0.004243772 0.999851286 0.016709303 -1.683243990 0.010090226 -0.016751418 0.999808729 61.030590057
0.999937832 -0.004513165 -0.010191009 1.143198252 0.004686409 0.999843836 0.017040342 -1.703420997 0.010112511 -0.017087044 0.999802887 61.577449799
0.999940753 -0.004142792 -0.010060946 1.153543711 0.004310823 0.999850631 0.016737381 -1.704099059 0.009990104 -0.016779762 0.999809325 62.145469666
0.999944270 -0.003625186 -0.009905021 1.141153574 0.003791759 0.999850869 0.016850432 -1.694076896 0.009842456 -0.016887054 0.999808967 62.699092865
0.999943256 -0.004275701 -0.009757505 1.142633915 0.004443408 0.999841690 0.017231096 -1.735223770 0.009682286 -0.017273476 0.999803960 63.182929993
0.999943674 -0.003593671 -0.009987259 1.130277038 0.003765588 0.999844074 0.017248431 -1.785959005 0.009923717 -0.017285069 0.999801338 63.734699249
0.999939442 -0.003662327 -0.010376528 1.140937090 0.003837631 0.999849379 0.016925003 -1.785112500 0.010312983 -0.016963799 0.999802828 64.289581299
0.999930024 -0.004097254 -0.011100056 1.152958274 0.004281818 0.999852061 0.016654778 -1.789060354 0.011030175 -0.016701143 0.999799609 64.840408325
0.999936283 -0.003826212 -0.010619881 1.160176754 0.004005849 0.999848306 0.016945722 -1.800567985 0.010553431 -0.016987182 0.999800026 65.382949829
0.999929368 -0.005094833 -0.010733195 1.179152131 0.005282148 0.999832928 0.017496444 -1.801690221 0.010642259 -0.017551905 0.999789298 65.917366028
0.999946117 -0.003647801 -0.009720252 1.144776821 0.003813019 0.999847591 0.017033383 -1.813220263 0.009656637 -0.017069532 0.999807656 66.372245789
0.999943435 -0.003950675 -0.009871789 1.155800343 0.004118920 0.999845624 0.017081318 -1.815083861 0.009802785 -0.017121015 0.999805331 66.903167725
0.999940753 -0.004017987 -0.010109495 1.167517900 0.004189152 0.999847174 0.016967341 -1.827374458 0.010039777 -0.017008688 0.999804914 67.417404175
0.999951959 -0.002790206 -0.009399599 1.156859875 0.002948199 0.999853849 0.016836822 -1.830874681 0.009351250 -0.016863726 0.999814034 67.980773926
0.999947369 -0.003433892 -0.009671756 1.160650492 0.003598941 0.999847233 0.017099548 -1.829652667 0.009611562 -0.017133458 0.999807000 68.564987183
0.999930561 -0.004407609 -0.010926791 1.193467379 0.004594828 0.999841988 0.017168464 -1.837043166 0.010849393 -0.017217480 0.999792874 69.109130859
0.999944389 -0.003511539 -0.009936148 1.165782809 0.003687875 0.999835014 0.017784616 -1.875239372 0.009872056 -0.017820271 0.999792457 69.594268799
0.999949515 -0.002873648 -0.009623138 1.161150694 0.003041941 0.999841809 0.017519599 -1.873072028 0.009571273 -0.017547986 0.999800205 70.162788391
0.999947011 -0.003343631 -0.009729083 1.178120613 0.003516931 0.999834359 0.017850315 -1.881961226 0.009667787 -0.017883586 0.999793351 70.691581726
0.999943316 -0.003112597 -0.010178586 1.192497969 0.003294798 0.999833763 0.017932843 -1.893366337 0.010121075 -0.017965361 0.999787331 71.237785339
0.999940932 -0.004019639 -0.010095217 1.186488271 0.004199772 0.999831140 0.017886091 -1.908470988 0.010021619 -0.017927427 0.999789059 71.800369263
0.999923468 -0.005681697 -0.010984182 1.233900309 0.005872523 0.999831021 0.017419372 -1.879955530 0.010883352 -0.017482545 0.999787927 72.447677612
0.999942660 -0.003867500 -0.009984432 1.189983130 0.004045073 0.999832928 0.017826468 -1.918065667 0.009913820 -0.017865831 0.999791265 72.897125244
0.999939442 -0.004258197 -0.010146327 1.200375557 0.004435284 0.999837160 0.017495213 -1.924565434 0.010070177 -0.017539157 0.999795496 73.446304321
0.999937415 -0.004431978 -0.010267564 1.205881834 0.004614405 0.999830663 0.017812241 -1.929896474 0.010186883 -0.017858500 0.999788582 73.981025696
0.999936998 -0.004160868 -0.010420490 1.216524601 0.004342171 0.999838531 0.017436873 -1.936556220 0.010346253 -0.017481022 0.999793708 74.539955139
0.999933243 -0.004712769 -0.010544681 1.229821920 0.004898336 0.999832273 0.017642036 -1.947727203 0.010459772 -0.017692508 0.999788761 75.055755615
0.999942124 -0.004144432 -0.009931361 1.207561016 0.004321727 0.999830425 0.017897492 -1.954238415 0.009855502 -0.017939372 0.999790609 75.607513428
0.999937654 -0.004302775 -0.010308504 1.233307719 0.004480911 0.999839902 0.017320137 -1.952514768 0.010232328 -0.017365247 0.999796867 76.162948608
0.999943733 -0.004218558 -0.009739130 1.224721193 0.004395050 0.999825180 0.018172145 -1.976802111 0.009660767 -0.018213922 0.999787509 76.677673340
0.999940157 -0.004139146 -0.010123877 1.222916603 0.004320026 0.999830246 0.017910508 -1.973044038 0.010048023 -0.017953174 0.999788463 77.236305237
0.999941945 -0.004257189 -0.009901283 1.238888025 0.004433503 0.999830723 0.017853880 -1.978070021 0.009823600 -0.017896740 0.999791563 77.812850952
0.999943674 -0.004254087 -0.009721278 1.226127625 0.004426804 0.999831438 0.017815007 -1.980689168 0.009643854 -0.017857032 0.999794066 78.330718994
0.999948859 -0.003768787 -0.009377478 1.228370905 0.003933853 0.999836564 0.017646555 -1.987331867 0.009309440 -0.017682543 0.999800324 78.880561829
0.999948382 -0.003743395 -0.009444624 1.234939098 0.003909546 0.999836862 0.017635424 -1.994590521 0.009377068 -0.017671440 0.999799788 79.426040649
0.999949992 -0.004051700 -0.009137549 1.241255522 0.004212388 0.999835551 0.017635170 -1.998260856 0.009064594 -0.017672777 0.999802709 79.975860596
0.999962509 -0.003720372 -0.007812595 1.245313406 0.003854743 0.999843717 0.017255139 -1.998466849 0.007747179 -0.017284609 0.999820590 80.534164429
0.999970853 -0.004002746 -0.006499576 1.258889198 0.004118066 0.999832630 0.017827321 -2.006855726 0.006427131 -0.017853566 0.999819875 81.085929871
0.999980390 -0.003609858 -0.005105404 1.257980943 0.003698059 0.999842167 0.017373145 -2.018402815 0.005041884 -0.017391687 0.999836028 81.618484497
0.999991894 -0.003647774 -0.001694531 1.273882270 0.003676948 0.999839246 0.017544717 -2.027763367 0.001630259 -0.017550804 0.999844670 82.157142639
0.999989629 -0.003698827 0.002653624 1.286118746 0.003650485 0.999831378 0.017996937 -2.038450718 -0.002719745 -0.017987065 0.999834538 82.698593140
0.999977648 -0.004531250 0.004913236 1.294788480 0.004445678 0.999840617 0.017289918 -2.036799431 -0.004990798 -0.017267691 0.999838412 83.252349854
0.999942482 -0.003916206 0.009988220 1.311098099 0.003744257 0.999845445 0.017176220 -2.038741112 -0.010053942 -0.017137835 0.999802589 83.815742493
0.999862432 -0.004329539 0.016012799 1.326069832 0.004048222 0.999837577 0.017559115 -2.050119400 -0.016086221 -0.017491877 0.999717593 84.354560852
0.999763906 -0.004311236 0.021299271 1.377554417 0.003930287 0.999832153 0.017895151 -2.059894085 -0.021372847 -0.017807208 0.999612987 84.878982544
0.999617696 -0.004381642 0.027298715 1.379996538 0.003900468 0.999836504 0.017654600 -2.061945915 -0.027371608 -0.017541373 0.999471426 85.423446655
0.999381065 -0.004945013 0.034828354 1.416082501 0.004335173 0.999836326 0.017563649 -2.061123371 -0.034909502 -0.017401794 0.999238908 85.978858948
0.999076009 -0.005614952 0.042609718 1.459029436 0.004873350 0.999835193 0.017488500 -2.070489645 -0.042700890 -0.017264687 0.998938859 86.523666382
0.998765290 -0.005935779 0.049321972 1.502756834 0.005080848 0.999834955 0.017441021 -2.075718880 -0.049417362 -0.017168887 0.998630702 87.057960510
0.998291731 -0.006131655 0.058103446 1.546481133 0.005123313 0.999833882 0.017487368 -2.080669880 -0.058201030 -0.017159814 0.998157322 87.605033875
0.997639835 -0.005892668 0.068410374 1.590441704 0.004705287 0.999835730 0.017504919 -2.087962151 -0.068502307 -0.017141715 0.997503698 88.158630371
0.997018874 -0.006384907 0.076893575 1.646533489 0.005043172 0.999831796 0.017630795 -2.093906164 -0.076993212 -0.017190451 0.996883392 88.693885803
0.996369243 -0.006746441 0.084869042 1.702395916 0.005273637 0.999831736 0.017566066 -2.099509954 -0.084973261 -0.017054720 0.996237218 89.236801147
0.995407641 -0.006037196 0.095537275 1.764590740 0.004377604 0.999836028 0.017571220 -2.101610661 -0.095627703 -0.017072299 0.995270729 89.770698547
0.994338751 -0.006768548 0.106040314 1.832476616 0.004917298 0.999831021 0.017709721 -2.105981350 -0.106142268 -0.017088028 0.994204104 90.314567566
0.993304074 -0.006820615 0.115327470 1.899035454 0.004807409 0.999831319 0.017725568 -2.105608463 -0.115428895 -0.017052453 0.993169367 90.874282837
0.991952121 -0.006840596 0.126428694 1.990654945 0.004583949 0.999825120 0.018131498 -2.110807896 -0.126530617 -0.017406033 0.991809964 91.417427063
0.990299225 -0.006704608 0.138789281 2.063205719 0.004218837 0.999825537 0.018196844 -2.120648861 -0.138887107 -0.017434791 0.990154743 91.932823181
0.988667667 -0.007305211 0.149942786 2.188099861 0.004532020 0.999812424 0.018828373 -2.131363392 -0.150052190 -0.017935459 0.988515377 92.470207214
0.987101674 -0.007476869 0.159920037 2.254492760 0.004588212 0.999819636 0.018424768 -2.127807617 -0.160028934 -0.017453374 0.986958027 92.979690552
0.984918475 -0.007669034 0.172848940 2.375906944 0.004528015 0.999817431 0.018559031 -2.134034872 -0.172959715 -0.017496470 0.984773517 93.506904602
0.982575715 -0.007560333 0.185708821 2.455645561 0.004149383 0.999815524 0.018749008 -2.126462460 -0.185816333 -0.017651739 0.982425928 94.055267334
0.980543256 -0.007425981 0.196162656 2.559205055 0.003868510 0.999821067 0.018512251 -2.123632431 -0.196265027 -0.017393205 0.980396569 94.589820862
0.977832556 -0.008332595 0.209222704 2.698469162 0.004543698 0.999816895 0.018583529 -2.129454136 -0.209339231 -0.017220933 0.977691352 95.111007690
0.974748254 -0.007245506 0.223188922 2.787387848 0.003094322 0.999815881 0.018943528 -2.140352726 -0.223285064 -0.017774552 0.974591076 95.589950562
0.971865058 -0.006356352 0.235452250 2.921245575 0.001981104 0.999821007 0.018814217 -2.131721020 -0.235529661 -0.017818425 0.971703947 96.234382629
0.969006836 -0.007745635 0.246912166 3.106481552 0.003188762 0.999817252 0.018849971 -2.140349865 -0.247013018 -0.017478408 0.968854427 96.756507874
0.965416849 -0.008124376 0.260584503 3.276287079 0.003233444 0.999810636 0.019192301 -2.150416851 -0.260691077 -0.017685983 0.965260208 97.265983582
0.962147593 -0.008813449 0.272386402 3.481224060 0.003762060 0.999811351 0.019061625 -2.160348892 -0.272502959 -0.017315364 0.961999059 97.818565369
0.958823800 -0.009161643 0.283853561 3.664314270 0.003957539 0.999813497 0.018901825 -2.160742760 -0.283973813 -0.017000159 0.958681285 98.360267639
0.954556286 -0.009186575 0.297888815 3.850788116 0.003768002 0.999816895 0.018759096 -2.161377430 -0.298006594 -0.016784167 0.954416335 98.888237000
0.950306892 -0.009495967 0.311169803 4.072208405 0.003729163 0.999810219 0.019122399 -2.164860725 -0.311292320 -0.017011743 0.950161934 99.416610718
0.946584165 -0.010552919 0.322284102 4.277652740 0.004612160 0.999805212 0.019191343 -2.169818878 -0.322423816 -0.016679797 0.946448386 99.930335999
0.942227542 -0.010727502 0.334801674 4.496995926 0.004559529 0.999805212 0.019203305 -2.173023224 -0.334942460 -0.016567346 0.942092896 100.455398560
0.937059522 -0.010784041 0.349003106 4.716663361 0.004295825 0.999803483 0.019359361 -2.178794861 -0.349143267 -0.016641615 0.936921597 100.975624084
0.932450473 -0.011291916 0.361121237 4.948060989 0.004581250 0.999800622 0.019433571 -2.183991909 -0.361268729 -0.016466457 0.932316303 101.498596191
0.928243995 -0.011673947 0.371788621 5.181104660 0.004742524 0.999797523 0.019552419 -2.191637993 -0.371941566 -0.016386196 0.928111494 102.014297485
0.922739804 -0.011945377 0.385238051 5.423568726 0.004779988 0.999797404 0.019552249 -2.191279888 -0.385393560 -0.016200211 0.922610044 102.535270691
0.917126417 -0.012168994 0.398410529 5.672267914 0.004782747 0.999798000 0.019527962 -2.194282532 -0.398567736 -0.016004117 0.916999221 103.040847778
0.912186086 -0.012863081 0.409574330 5.924221039 0.005461814 0.999800086 0.019235384 -2.199091196 -0.409739941 -0.015309229 0.912073970 103.535987854
0.905875504 -0.013551924 0.423327208 6.223125458 0.005685531 0.999787033 0.019839631 -2.206099510 -0.423505902 -0.015565396 0.905759633 104.070739746
0.898824632 -0.012753761 0.438122839 6.451175690 0.004582274 0.999795318 0.019703357 -2.200276613 -0.438284487 -0.015702263 0.898699224 104.544479370
0.893407345 -0.014649438 0.449008912 6.822853088 0.006263915 0.999777257 0.020155387 -2.222048759 -0.449204147 -0.015194418 0.893299937 105.071090698
0.887905121 -0.015153658 0.459776998 7.105426788 0.006724901 0.999778092 0.019964509 -2.219973564 -0.459977478 -0.014634633 0.887809873 105.561309814
0.881047010 -0.015835926 0.472763389 7.400588989 0.007283573 0.999775052 0.019915238 -2.223381996 -0.472972482 -0.014102856 0.880964339 106.046707153
