1.000000000 0.000000000 0.000000000 0.000000000 0.000000000 1.000000000 0.000000000 0.000000000 0.000000000 0.000000000 1.000000000 0.000000000
1.000000000 0.000072232 -0.000022156 -0.000032938 -0.000072232 1.000000000 -0.000000984 -0.000044357 0.000022155 0.000000985 1.000000000 -0.000563800
1.000000000 -0.000021222 0.000037874 0.000203856 0.000021224 1.000000000 -0.000041054 0.000745086 -0.000037874 0.000041055 1.000000000 0.000533686
1.000000000 0.000019485 -0.000008237 -0.000151440 -0.000019484 1.000000000 0.000096905 0.000125841 0.000008239 -0.000096904 1.000000000 0.000244909
1.000000000 -0.000077176 0.000061888 0.000085590 0.000077180 1.000000000 -0.000067129 0.000277192 -0.000061883 0.000067134 1.000000000 -0.000086393
1.000000000 0.000034300 0.000063055 0.000610098 -0.000034301 1.000000000 0.000011021 -0.000168676 -0.000063055 -0.000011023 1.000000000 0.000055782
1.000000000 0.000055725 0.000129126 -0.000426735 -0.000055713 1.000000000 -0.000097700 0.000990083 -0.000129131 0.000097693 1.000000000 0.000986042
1.000000000 -0.000068371 0.000130165 0.000242247 0.000068367 1.000000000 0.000034514 -0.001014488 -0.000130168 -0.000034505 1.000000000 -0.000771673
1.000000000 -0.000213294 0.000083409 0.001344225 0.000213301 1.000000000 -0.000078705 0.000655786 -0.000083392 0.000078723 1.000000000 0.001252819
1.000000000 0.000007455 -0.000054006 0.001362252 -0.000007464 1.000000000 -0.000163941 -0.000129123 0.000054005 0.000163941 1.000000000 -0.000790453
1.000000000 -0.000071344 -0.000042196 0.001893559 0.000071339 1.000000000 -0.000106384 0.000482253 0.000042204 0.000106381 1.000000000 0.001196150
1.000000000 -0.000102617 0.000078768 0.000075779 0.000102620 1.000000000 -0.000047786 -0.000034753 -0.000078763 0.000047794 1.000000000 -0.000489882
1.000000000 -0.000207779 0.000025462 0.001099861 0.000207776 1.000000000 0.000102690 -0.000622902 -0.000025483 -0.000102685 1.000000000 0.000229208
1.000000000 -0.000075309 -0.000016843 0.001340984 0.000075311 1.000000000 0.000101365 -0.000869380 0.000016836 -0.000101366 1.000000000 -0.000564854
0.999999940 -0.000307030 -0.000120764 0.001406790 0.000307036 0.999999940 0.000050339 -0.000389961 0.000120749 -0.000050376 1.000000000 -0.001063511
1.000000000 -0.000094138 0.000081643 0.000572431 0.000094118 0.999999940 0.000245969 -0.001556662 -0.000081666 -0.000245961 0.999999940 -0.000602865
1.000000000 0.000115712 -0.000123276 0.001098423 -0.000115709 1.000000000 0.000028272 0.000200288 0.000123280 -0.000028257 1.000000000 -0.000057723
1.000000000 -0.000033032 -0.000052868 0.001204250 0.000033034 1.000000000 0.000038850 0.000401226 0.000052867 -0.000038852 1.000000000 0.000057586
1.000000000 -0.000017852 -0.000167301 0.001743423 0.000017851 1.000000000 -0.000009149 0.000881792 0.000167301 0.000009146 1.000000000 -0.000644909
1.000000000 0.000121270 -0.000062842 0.000574041 -0.000121274 1.000000000 -0.000057257 0.001173103 0.000062835 0.000057264 1.000000000 -0.000157747
1.000000000 -0.000098562 -0.000009694 0.000672547 0.000098562 1.000000000 -0.000004755 0.000227214 0.000009694 0.000004754 1.000000000 -0.000346756
1.000000000 -0.000124542 -0.000117140 0.002202266 0.000124535 1.000000000 -0.000064351 0.000145360 0.000117148 0.000064337 1.000000000 0.000075823
1.000000000 0.000077258 0.000032440 0.000444833 -0.000077262 1.000000000 0.000145576 -0.000096644 -0.000032429 -0.000145578 1.000000000 -0.000386186
1.000000000 0.000081207 -0.000128321 0.001669993 -0.000081212 1.000000000 -0.000037905 0.000598859 0.000128318 0.000037915 1.000000000 -0.001467612
1.000000000 -0.000159631 -0.000161115 0.001647604 0.000159631 1.000000000 0.000001834 -0.000367964 0.000161115 -0.000001860 1.000000000 -0.002197373
1.000000000 -0.000109607 -0.000167126 0.001130292 0.000109624 1.000000000 0.000106204 -0.000780820 0.000167114 -0.000106222 1.000000000 -0.000279886
1.000000000 0.000115442 0.000057546 -0.000040112 -0.000115449 1.000000000 0.000121818 -0.000616435 -0.000057532 -0.000121825 1.000000000 0.001199010
1.000000000 -0.000164913 -0.000036859 0.000649870 0.000164920 0.999999940 0.000181614 -0.001056223 0.000036829 -0.000181620 1.000000000 0.001175664
1.000000000 -0.000046115 -0.000020214 0.000544659 0.000046116 1.000000000 0.000029160 -0.000801707 0.000020212 -0.000029161 1.000000000 -0.000510380
1.000000000 -0.000162721 0.000045130 0.000444103 0.000162717 1.000000000 0.000086067 -0.001600551 -0.000045144 -0.000086060 1.000000000 0.000139739
1.000000000 -0.000028132 0.000137739 -0.000657592 0.000028124 1.000000000 0.000055314 -0.000581302 -0.000137740 -0.000055310 1.000000000 -0.000558204
1.000000000 -0.000071431 -0.000041453 0.001339370 0.000071434 1.000000000 0.000072224 -0.001169916 0.000041448 -0.000072227 1.000000000 -0.001023639
1.000000000 -0.000117279 -0.000111951 0.001336570 0.000117293 1.000000000 0.000120953 -0.001094768 0.000111937 -0.000120966 1.000000000 -0.000725922
1.000000000 0.000110712 0.000022244 -0.000093252 -0.000110711 1.000000000 -0.000041440 0.000358627 -0.000022248 0.000041438 1.000000000 0.000236967
1.000000000 0.000093384 -0.000035141 0.000718254 -0.000093383 1.000000000 0.000039156 -0.000179655 0.000035145 -0.000039153 1.000000000 -0.000975066
1.000000000 0.000103746 0.000084899 -0.000222511 -0.000103744 1.000000000 -0.000028495 0.000607844 -0.000084902 0.000028486 1.000000000 -0.000122870
1.000000000 -0.000097162 -0.000016762 0.000732163 0.000097163 1.000000000 0.000052517 -0.001001582 0.000016757 -0.000052518 1.000000000 -0.000333031
1.000000000 -0.000165611 -0.000040866 0.001010138 0.000165613 1.000000000 0.000039116 0.000152466 0.000040860 -0.000039123 1.000000000 -0.000606353
1.000000000 -0.000190348 0.000143184 0.000370190 0.000190358 1.000000000 -0.000066192 0.000541157 -0.000143172 0.000066220 1.000000000 0.002331024
0.999999881 -0.000290118 -0.000076961 0.003200173 0.000290068 0.999999762 -0.000656835 -0.001751406 0.000077152 0.000656813 0.999999702 0.050014846
0.999999881 -0.000203721 -0.000151133 0.003616397 0.000203519 0.999999166 -0.001332712 -0.003598426 0.000151404 0.001332682 0.999999046 0.138549834
0.999999940 0.000222006 -0.000205692 0.008068396 -0.000222246 0.999999285 -0.001171686 -0.017116901 0.000205432 0.001171732 0.999999225 0.235755116
1.000000000 0.000060413 0.000125394 0.005207146 -0.000060284 0.999999464 -0.001023381 -0.018110238 -0.000125455 0.001023373 0.999999464 0.372025579
1.000000000 0.000071093 0.000079046 0.008686051 -0.000071005 0.999999404 -0.001103554 -0.022145972 -0.000079125 0.001103548 0.999999404 0.507098794
1.000000000 0.000120589 0.000043165 0.010323617 -0.000120542 0.999999404 -0.001090713 -0.026464324 -0.000043296 0.001090708 0.999999344 0.656439543
0.999999940 0.000252521 -0.000031316 0.012317697 -0.000252557 0.999999285 -0.001175094 -0.025184790 0.000031019 0.001175102 0.999999225 0.837232649
0.999999940 0.000335417 -0.000063653 0.014738072 -0.000335488 0.999999344 -0.001119320 -0.029182851 0.000063278 0.001119342 0.999999344 1.005695462
0.999999881 -0.000333998 0.000374190 0.016935199 0.000334210 0.999999762 -0.000567895 -0.037401401 -0.000374000 0.000568020 0.999999702 1.181454420
0.999999702 -0.000381847 0.000681266 0.019941853 0.000382031 0.999999881 -0.000269126 -0.042319503 -0.000681163 0.000269386 0.999999702 1.369654655
0.999999940 -0.000047166 0.000381701 0.026667943 0.000047406 0.999999821 -0.000628710 -0.045410853 -0.000381671 0.000628728 0.999999702 1.559277296
0.999999821 0.000528935 0.000208368 0.030931499 -0.000528887 0.999999821 -0.000232108 -0.057984799 -0.000208491 0.000231998 0.999999940 1.763094306
0.999999940 0.000336676 0.000017952 0.032832298 -0.000336678 0.999999940 0.000126328 -0.065537691 -0.000017909 -0.000126334 1.000000000 1.973216176
0.999999702 0.000468779 0.000629748 0.033906404 -0.000468648 0.999999821 -0.000206898 -0.065663122 -0.000629845 0.000206603 0.999999762 2.175008297
0.999999642 0.000497980 0.000736134 0.038281858 -0.000497935 0.999999881 -0.000060935 -0.071950510 -0.000736164 0.000060568 0.999999702 2.389586210
0.999999762 0.000384905 0.000487537 0.048600070 -0.000384916 0.999999940 0.000022484 -0.080785044 -0.000487528 -0.000022672 0.999999881 2.610751152
0.999999821 0.000560994 0.000258797 0.055906467 -0.000560963 0.999999881 -0.000120729 -0.086131476 -0.000258865 0.000120584 0.999999940 2.840485096
0.999999285 0.000907426 0.000703467 0.050784368 -0.000907716 0.999999523 0.000413187 -0.098382749 -0.000703091 -0.000413826 0.999999583 3.076553822
0.999999762 0.000624565 0.000202324 0.061021682 -0.000624618 0.999999762 0.000262337 -0.103742793 -0.000202160 -0.000262464 0.999999940 3.328692436
0.999999642 0.000483473 0.000721670 0.061476100 -0.000483845 0.999999762 0.000515471 -0.112280741 -0.000721421 -0.000515820 0.999999583 3.578221798
0.999999940 -0.000165443 0.000376774 0.068187930 0.000165311 0.999999940 0.000351627 -0.117284819 -0.000376832 -0.000351565 0.999999881 3.828849792
0.999999702 0.000595781 0.000494219 0.074598514 -0.000595733 0.999999821 -0.000097333 -0.119899072 -0.000494277 0.000097039 0.999999881 4.098670959
0.999999046 0.001284363 0.000545970 0.078460351 -0.001284832 0.999998748 0.000858910 -0.135953978 -0.000544867 -0.000859610 0.999999464 4.344715595
0.999999344 0.000949914 0.000699730 0.086974099 -0.000950478 0.999999225 0.000805160 -0.143204197 -0.000698965 -0.000805824 0.999999404 4.600430012
0.999999702 0.000355764 0.000606444 0.094825707 -0.000356261 0.999999583 0.000819563 -0.149065688 -0.000606152 -0.000819779 0.999999464 4.862565994
0.999999642 0.000705491 0.000475750 0.095644273 -0.000705974 0.999999225 0.001015649 -0.154870525 -0.000475033 -0.001015984 0.999999344 5.117890358
0.999999583 0.000672824 0.000602934 0.099323466 -0.000673288 0.999999464 0.000770393 -0.161306247 -0.000602416 -0.000770799 0.999999523 5.378439903
0.999999166 0.000836066 0.001010270 0.104455300 -0.000837109 0.999999046 0.001032287 -0.175038069 -0.001009406 -0.001033131 0.999998868 5.650496006
0.999999642 0.000477632 0.000776236 0.111607030 -0.000478885 0.999998510 0.001614726 -0.188257635 -0.000775464 -0.001615097 0.999998331 5.921344757
0.999999225 0.000681262 0.001046520 0.116591558 -0.000682360 0.999999225 0.001048663 -0.192437693 -0.001045805 -0.001049376 0.999998868 6.194535255
0.999999046 0.000994884 0.000914163 0.127035201 -0.000996111 0.999998569 0.001343573 -0.203873575 -0.000912825 -0.001344482 0.999998689 6.484006882
0.999998987 0.000997724 0.001014949 0.130542934 -0.000998736 0.999998987 0.000997303 -0.204543546 -0.001013953 -0.000998315 0.999998987 6.767035484
0.999997795 0.001310368 0.001656449 0.130806774 -0.001311832 0.999998748 0.000882833 -0.212186292 -0.001655291 -0.000885004 0.999998271 7.065245152
0.999999464 0.000663849 0.000814051 0.144835085 -0.000664922 0.999998868 0.001318000 -0.225376517 -0.000813175 -0.001318540 0.999998748 7.359075546
0.999998987 0.000835964 0.001154896 0.147504866 -0.000837529 0.999998689 0.001355424 -0.235906765 -0.001153762 -0.001356390 0.999998331 7.671102047
0.999998391 0.001147433 0.001367060 0.153605953 -0.001149586 0.999998033 0.001575190 -0.246785179 -0.001365250 -0.001576758 0.999997854 7.981007099
0.999997973 0.001438897 0.001485848 0.156746864 -0.001441062 0.999997854 0.001457205 -0.252913624 -0.001483749 -0.001459343 0.999997854 8.303853035
0.999997914 0.000962269 0.001807204 0.163808584 -0.000964467 0.999998808 0.001215496 -0.264312685 -0.001806033 -0.001217236 0.999997616 8.625061035
0.999997318 0.000902534 0.002130172 0.167884812 -0.000905934 0.999998331 0.001595386 -0.273818731 -0.002128729 -0.001597311 0.999996483 8.961174965
0.999996066 0.001329341 0.002436248 0.171085313 -0.001332831 0.999998093 0.001431169 -0.280847311 -0.002434341 -0.001434410 0.999996006 9.297077179
0.999997020 0.001277984 0.002086040 0.182238877 -0.001280777 0.999998271 0.001338102 -0.287675709 -0.002084327 -0.001340769 0.999996841 9.648127556
0.999995708 0.001698380 0.002378133 0.187396869 -0.001701454 0.999997735 0.001291325 -0.297779918 -0.002375935 -0.001295366 0.999996305 9.997790337
0.999996722 0.001445949 0.002075300 0.200151742 -0.001448321 0.999998212 0.001142013 -0.307655185 -0.002073645 -0.001145015 0.999997199 10.360435486
0.999995947 0.001262396 0.002520828 0.202809602 -0.001265815 0.999998271 0.001354897 -0.317504287 -0.002519114 -0.001358083 0.999995828 10.727573395
0.999996901 0.001292659 0.002124499 0.215324134 -0.001296097 0.999997854 0.001617255 -0.328078955 -0.002122404 -0.001620003 0.999996424 11.092609406
0.999995530 0.001637822 0.002513042 0.220321476 -0.001640903 0.999997914 0.001224361 -0.337768346 -0.002511031 -0.001228480 0.999996006 11.469028473
0.999995649 0.001509981 0.002536806 0.229932144 -0.001513324 0.999997973 0.001316307 -0.344861001 -0.002534813 -0.001320140 0.999995887 11.848793983
0.999995828 0.001299238 0.002582620 0.239141464 -0.001302411 0.999998391 0.001227115 -0.360041618 -0.002581022 -0.001230474 0.999995828 12.221736908
0.999995649 0.001200204 0.002695141 0.250656545 -0.001203286 0.999998629 0.001142097 -0.370127529 -0.002693767 -0.001145335 0.999995649 12.617817879
0.999997020 0.000656795 0.002353526 0.264123678 -0.000660466 0.999998510 0.001559214 -0.382442653 -0.002352498 -0.001560764 0.999996006 13.010792732
0.999995649 0.001284929 0.002638210 0.270277977 -0.001288337 0.999998331 0.001290351 -0.390628189 -0.002636548 -0.001293744 0.999995649 13.417114258
0.999994755 0.001192205 0.003056110 0.278947473 -0.001196017 0.999998510 0.001245933 -0.401005268 -0.003054620 -0.001249582 0.999994576 13.830657959
0.999993920 0.001809421 0.002982195 0.288024843 -0.001812671 0.999997795 0.001087683 -0.408333063 -0.002980220 -0.001093082 0.999994874 14.247699738
0.999994338 0.001432464 0.003038900 0.301212400 -0.001435541 0.999998450 0.001010800 -0.421416759 -0.003037447 -0.001015157 0.999994874 14.669884682
0.999991834 0.001682368 0.003669800 0.308421046 -0.001687101 0.999997735 0.001287115 -0.435373396 -0.003667626 -0.001293296 0.999992430 15.105525017
0.999991536 0.001833276 0.003683742 0.321230829 -0.001838282 0.999997377 0.001355920 -0.446648866 -0.003681247 -0.001362681 0.999992311 15.544437408
0.999988914 0.002208352 0.004157128 0.330381155 -0.002212738 0.999997139 0.001050856 -0.458090991 -0.004154794 -0.001060043 0.999990821 15.993091583
0.999989808 0.001610407 0.004207547 0.341576010 -0.001616597 0.999997616 0.001468064 -0.471799493 -0.004205173 -0.001474851 0.999989986 16.440191269
0.999987066 0.001787689 0.004763610 0.350327611 -0.001792669 0.999997795 0.001041371 -0.479969859 -0.004761738 -0.001049897 0.999988139 16.892728806
0.999987721 0.001527363 0.004716645 0.363134503 -0.001533574 0.999997973 0.001313588 -0.494212896 -0.004714630 -0.001320806 0.999988019 17.350679398
0.999985218 0.001813365 0.005129822 0.374802321 -0.001819579 0.999997735 0.001206893 -0.506344378 -0.005127619 -0.001216209 0.999986112 17.815288544
0.999985695 0.001535656 0.005125525 0.390961379 -0.001543413 0.999997616 0.001509910 -0.523862481 -0.005123194 -0.001517800 0.999985695 18.283809662
0.999983966 0.001203977 0.005520109 0.400557071 -0.001211815 0.999998271 0.001416890 -0.531898081 -0.005518393 -0.001423557 0.999983788 18.768043518
0.999980986 0.002366897 0.005678398 0.411777437 -0.002376344 0.999995768 0.001657330 -0.554614604 -0.005674452 -0.001670792 0.999982595 19.225709915
0.999982417 0.001287067 0.005785253 0.426809967 -0.001295196 0.999998152 0.001401653 -0.557154536 -0.005783441 -0.001409122 0.999982297 19.719453812
0.999981523 0.001406236 0.005917304 0.434971631 -0.001417920 0.999997079 0.001971024 -0.574822068 -0.005914513 -0.001979378 0.999980509 20.205081940
0.999980807 0.001501307 0.006008307 0.446465373 -0.001513935 0.999996603 0.002097710 -0.588686764 -0.006005136 -0.002106766 0.999979675 20.697700500
0.999982595 0.001471335 0.005713995 0.463876724 -0.001486909 0.999995172 0.002722256 -0.604769230 -0.005709962 -0.002730705 0.999979973 21.191516876
0.999988019 0.001493445 0.004660268 0.478098392 -0.001504469 0.999996066 0.002362899 -0.611397624 -0.004656721 -0.002369882 0.999986351 21.700063705
0.999989867 0.001119562 0.004357547 0.490841687 -0.001132334 0.999995053 0.002929705 -0.631245196 -0.004354245 -0.002934610 0.999986172 22.209821701
0.999992967 0.000984526 0.003614448 0.504440188 -0.000993648 0.999996305 0.002522781 -0.640567720 -0.003611951 -0.002526355 0.999990284 22.714775085
0.999993026 0.001422903 0.003433989 0.511604965 -0.001432574 0.999994993 0.002815551 -0.657091141 -0.003429965 -0.002820451 0.999990165 23.238265991
0.999994516 0.001574034 0.002888165 0.518520892 -0.001580925 0.999995887 0.002385131 -0.664250493 -0.002884399 -0.002389684 0.999992967 23.765502930
0.999997497 0.000563464 0.002150639 0.529670477 -0.000568771 0.999996781 0.002467640 -0.683034420 -0.002149242 -0.002468857 0.999994636 24.289419174
0.999997377 0.001749882 0.001430310 0.539001584 -0.001754645 0.999992907 0.003335430 -0.700802982 -0.001424463 -0.003337932 0.999993384 24.819704056
0.999998510 0.001616055 0.000789885 0.548788428 -0.001618450 0.999994159 0.003040841 -0.711835206 -0.000784966 -0.003042115 0.999995053 25.348937988
0.999998808 0.001467582 0.000501135 0.556555629 -0.001469090 0.999994338 0.003020537 -0.724040091 -0.000496700 -0.003021269 0.999995232 25.898746490
0.999997854 0.002038153 0.000222884 0.562929571 -0.002038876 0.999992490 0.003293970 -0.738187730 -0.000216168 -0.003294417 0.999994457 26.447460175
0.999998689 0.001633784 0.000044475 0.580734432 -0.001633923 0.999993086 0.003345870 -0.740334451 -0.000039008 -0.003345939 0.999994397 27.036653519
0.999999464 0.001109994 0.000047947 0.589868188 -0.001110166 0.999992371 0.003744959 -0.764911234 -0.000043790 -0.003745010 0.999992967 27.578502655
0.999999642 0.000775999 -0.000401278 0.604310691 -0.000774759 0.999995053 0.003079435 -0.776371717 0.000403666 -0.003079123 0.999995172 28.169298172
0.999997914 0.001769189 -0.000948816 0.614670694 -0.001765499 0.999990940 0.003876274 -0.794189811 0.000955665 -0.003874590 0.999992013 28.716487885
0.999998331 0.001520401 -0.001034973 0.619767845 -0.001516219 0.999990761 0.004029232 -0.807853103 0.001041089 -0.004027655 0.999991357 29.267427444
0.999997735 0.001642929 -0.001361402 0.629908502 -0.001637853 0.999991715 0.003721636 -0.819346666 0.001367505 -0.003719398 0.999992073 29.817306519
0.999995828 0.002218074 -0.001841899 0.634595096 -0.002211218 0.999990761 0.003716063 -0.833725095 0.001850125 -0.003711975 0.999991417 30.358369827
0.999995828 0.002250657 -0.001824517 0.648822069 -0.002243563 0.999990046 0.003880922 -0.855344415 0.001833234 -0.003876812 0.999990821 30.894691467
0.999994338 0.002725353 -0.001981179 0.660836875 -0.002717368 0.999988198 0.004021617 -0.863038301 0.001992117 -0.004016210 0.999989867 31.452136993
0.999993324 0.003220562 -0.001696817 0.660359085 -0.003214243 0.999987960 0.003713807 -0.872829854 0.001708758 -0.003708329 0.999991655 32.001720428
0.999994218 0.002310729 -0.002464106 0.676160276 -0.002302467 0.999991715 0.003350307 -0.887509882 0.002471827 -0.003344615 0.999991298 32.551673889
0.999992013 0.002731289 -0.002903823 0.681617975 -0.002722307 0.999991536 0.003092292 -0.895356417 0.002912244 -0.003084363 0.999990940 33.104225159
0.999992907 0.002383003 -0.002924044 0.684692979 -0.002374010 0.999992371 0.003075264 -0.908124924 0.002931350 -0.003068299 0.999991000 33.651367188
0.999990344 0.002466247 -0.003626964 0.694376767 -0.002453964 0.999991238 0.003387158 -0.925502896 0.003635286 -0.003378225 0.999987662 34.188400269
0.999991000 0.001976935 -0.003748720 0.700354457 -0.001963266 0.999991417 0.003646515 -0.939965427 0.003755897 -0.003639122 0.999986351 34.732997894
0.999988854 0.001638985 -0.004421923 0.718238473 -0.001622134 0.999991357 0.003811805 -0.954905987 0.004428134 -0.003804590 0.999982953 35.283229828
0.999987662 0.001902787 -0.004590579 0.727505445 -0.001884415 0.999990165 0.004003101 -0.970098376 0.004598151 -0.003994401 0.999981463 35.833583832
0.999986827 0.001359529 -0.004951621 0.735417426 -0.001338349 0.999989927 0.004278386 -0.989738584 0.004957389 -0.004271703 0.999978602 36.388622284
0.999986410 0.001140218 -0.005090845 0.746477962 -0.001118919 0.999990642 0.004184627 -1.006096959 0.005095569 -0.004178874 0.999978304 36.937904358
0.999987185 0.001462506 -0.004842982 0.751611710 -0.001442355 0.999990284 0.004161713 -1.018643379 0.004849022 -0.004154674 0.999979615 37.477050781
0.999985337 0.001646397 -0.005176255 0.758302450 -0.001625521 0.999990463 0.004034556 -1.030501127 0.005182851 -0.004026083 0.999978423 38.031776428
0.999988437 0.001688031 -0.004491053 0.756859243 -0.001667830 0.999988616 0.004497826 -1.045002341 0.004498594 -0.004490284 0.999979794 38.574676514
0.999986291 0.000353619 -0.005222551 0.768538058 -0.000328653 0.999988496 0.004780457 -1.062695026 0.005224181 -0.004778676 0.999974906 39.111370087
0.999988973 0.001380994 -0.004482357 0.771597207 -0.001361712 0.999989808 0.004302023 -1.073341966 0.004488254 -0.004295872 0.999980688 39.638690948
0.999987066 0.001468614 -0.004865399 0.781709790 -0.001444834 0.999986947 0.004887571 -1.091552496 0.004872514 -0.004880478 0.999976158 40.169384003
0.999987066 0.001230225 -0.004938614 0.789030612 -0.001207968 0.999989092 0.004507194 -1.104168415 0.004944104 -0.004501170 0.999977648 40.697864532
0.999984622 0.000609400 -0.005496539 0.801919818 -0.000585326 0.999990225 0.004380388 -1.115194798 0.005499155 -0.004377104 0.999975264 41.239692688
0.999979734 0.000340360 -0.006356883 0.809588552 -0.000311905 0.999989927 0.004476745 -1.127493620 0.006358343 -0.004474671 0.999969780 41.785675049
0.999985874 0.001225051 -0.005158048 0.800058603 -0.001203745 0.999990761 0.004131680 -1.144198418 0.005163061 -0.004125413 0.999978185 42.346591949
0.999982893 0.001631957 -0.005619980 0.807681918 -0.001611242 0.999991894 0.003688482 -1.144076705 0.005625953 -0.003679365 0.999977410 42.889781952
0.999981940 0.001603139 -0.005787292 0.809034824 -0.001582875 0.999992609 0.003504376 -1.151683211 0.005792866 -0.003495152 0.999977112 43.451290131
0.999983609 0.001355937 -0.005579558 0.821629703 -0.001333601 0.999991119 0.004005094 -1.173442125 0.005584940 -0.003997587 0.999976337 44.010646820
0.999984682 0.000499641 -0.005517075 0.832400560 -0.000475677 0.999990404 0.004344149 -1.183761477 0.005519192 -0.004341459 0.999975324 44.532569885
0.999983430 0.001694517 -0.005498891 0.839882851 -0.001674140 0.999991715 0.003708133 -1.191019416 0.005505128 -0.003698866 0.999978006 45.081192017
0.999985576 0.002285788 -0.004856979 0.842464924 -0.002267983 0.999990702 0.003668241 -1.198638678 0.004865319 -0.003657172 0.999981463 45.644889832
0.999987841 0.002372456 -0.004321327 0.850102901 -0.002355796 0.999989748 0.003856305 -1.221109390 0.004330433 -0.003846077 0.999983191 46.186893463
0.999987006 0.001551135 -0.004883776 0.867537200 -0.001535042 0.999993384 0.003297214 -1.229109168 0.004888860 -0.003289673 0.999982655 46.718666077
0.999989152 0.002869934 -0.003701482 0.865208566 -0.002854897 0.999987662 0.004061325 -1.251902699 0.003713093 -0.004050713 0.999984920 47.268424988
0.999990523 0.002078575 -0.003862766 0.868818700 -0.002064193 0.999991059 0.003723412 -1.260069966 0.003870470 -0.003715403 0.999985576 47.825683594
0.999988854 0.002328683 -0.004107166 0.881417871 -0.002313291 0.999990225 0.003748404 -1.273069620 0.004115855 -0.003738861 0.999984503 48.371841431
0.999989748 0.003103969 -0.003302644 0.890641153 -0.003093823 0.999990523 0.003072658 -1.275690317 0.003312150 -0.003062409 0.999989748 48.928836823
0.999989867 0.003398987 -0.002949402 0.890368462 -0.003389177 0.999988675 0.003325006 -1.293137193 0.002960671 -0.003314976 0.999990106 49.470947266
0.999991298 0.003329363 -0.002525381 0.910115063 -0.003320229 0.999987900 0.003612317 -1.313142896 0.002537378 -0.003603901 0.999990284 50.023338318
0.999991715 0.003143390 -0.002595855 0.918121338 -0.003134126 0.999988735 0.003565200 -1.322260618 0.002607033 -0.003557035 0.999990284 50.563583374
0.999989450 0.003758135 -0.002636305 0.928598166 -0.003748284 0.999985933 0.003731393 -1.338659167 0.002650291 -0.003721472 0.999989569 51.107849121
0.999990046 0.004200310 -0.001518798 0.930441082 -0.004195290 0.999985754 0.003293104 -1.351295710 0.001532609 -0.003286700 0.999993443 51.653327942
0.999993265 0.003194480 -0.001818484 0.946607769 -0.003188746 0.999989986 0.003147736 -1.358189821 0.001828521 -0.003141916 0.999993324 52.203189850
0.999991417 0.004091924 -0.000623251 0.940616429 -0.004089938 0.999986768 0.003155395 -1.375182390 0.000636154 -0.003152818 0.999994814 52.746662140
0.999985158 0.005429545 -0.000405003 0.953813553 -0.005428323 0.999980867 0.002961161 -1.394048333 0.000421073 -0.002958918 0.999995470 53.294879913
0.999989748 0.004476093 -0.000591461 0.957549334 -0.004474180 0.999984860 0.003195596 -1.408250928 0.000605756 -0.003192917 0.999994636 53.843452454
0.999985218 0.005420984 -0.000283636 0.976294637 -0.005419996 0.999979615 0.003373210 -1.424079061 0.000301916 -0.003371623 0.999994278 54.369327545
0.999980927 0.006166874 0.000356242 0.978565335 -0.006168038 0.999975324 0.003367133 -1.445548534 -0.000335469 -0.003369266 0.999994278 54.903388977
0.999987185 0.005062901 0.000200561 1.001043081 -0.005063572 0.999981046 0.003503914 -1.452566266 -0.000182817 -0.003504885 0.999993861 55.454971313
0.999980152 0.006251039 0.000672847 1.011640191 -0.006253409 0.999974072 0.003578278 -1.463895321 -0.000650462 -0.003582415 0.999993384 56.014968872
0.999984741 0.005520744 0.000292242 1.025166512 -0.005521623 0.999979973 0.003102178 -1.471492767 -0.000275110 -0.003103745 0.999995112 56.562374115
0.999982119 0.005913518 0.000812195 1.036807656 -0.005916138 0.999977112 0.003262213 -1.495970011 -0.000792885 -0.003266960 0.999994338 57.089111328
0.999984503 0.005508042 0.000784371 1.050727844 -0.005510153 0.999981105 0.002715559 -1.499327302 -0.000769398 -0.002719839 0.999995947 57.657543182
0.999986649 0.005059214 0.001045328 1.059478283 -0.005062676 0.999981642 0.003335491 -1.520666957 -0.001028433 -0.003340739 0.999993861 58.210632324
0.999982953 0.005800981 0.000683865 1.070325494 -0.005802441 0.999980807 0.002152811 -1.517169118 -0.000671363 -0.002156742 0.999997377 58.771057129
0.999984682 0.005449872 0.000972814 1.079203367 -0.005451724 0.999983311 0.001910506 -1.529047370 -0.000962385 -0.001915780 0.999997675 59.330997467
0.999979973 0.006295918 0.000668194 1.088667512 -0.006297513 0.999977231 0.002412796 -1.549766541 -0.000652988 -0.002416956 0.999996841 59.875679016
0.999981821 0.005919525 0.001118626 1.104759216 -0.005921827 0.999980330 0.002065405 -1.556024790 -0.001106378 -0.002071991 0.999997258 60.428413391
0.999982655 0.005880554 -0.000342073 1.127983689 -0.005879806 0.999980330 0.002146641 -1.573356390 0.000354689 -0.002144592 0.999997616 60.961147308
0.999983132 0.005787455 0.000541986 1.140011907 -0.005788545 0.999981165 0.002028949 -1.590339541 -0.000530233 -0.002032052 0.999997795 61.516990662
0.999981761 0.005985535 -0.000798723 1.162314892 -0.005983920 0.999980092 0.002008813 -1.603134751 0.000810731 -0.002003997 0.999997675 62.042488098
0.999980450 0.006181186 -0.000922191 1.170455337 -0.006179370 0.999979019 0.001958234 -1.616531968 0.000934276 -0.001952498 0.999997675 62.587345123
0.999978125 0.006576459 -0.000685756 1.181124330 -0.006574782 0.999975443 0.002421729 -1.638329148 0.000701666 -0.002417167 0.999996781 63.122909546
0.999979675 0.006358524 -0.000474617 1.188166142 -0.006357688 0.999978244 0.001742660 -1.641607761 0.000485687 -0.001739608 0.999998391 63.664791107
0.999977171 0.006732294 -0.000595100 1.195497990 -0.006731339 0.999976099 0.001591877 -1.657816648 0.000605803 -0.001587835 0.999998569 64.208343506
0.999980807 0.006159143 -0.000637002 1.211347342 -0.006158043 0.999979556 0.001714981 -1.671917796 0.000647552 -0.001711025 0.999998271 64.741554260
0.999978244 0.006541427 -0.000853047 1.219811082 -0.006539742 0.999976695 0.001963056 -1.686884642 0.000865869 -0.001957434 0.999997735 65.286315918
0.999979258 0.006368839 -0.000980704 1.232788086 -0.006366882 0.999977767 0.001985083 -1.704273701 0.000993324 -0.001978798 0.999997556 65.825889587
0.999982119 0.005946788 -0.000627407 1.240854025 -0.005945794 0.999981046 0.001571495 -1.715663433 0.000636740 -0.001567736 0.999998569 66.363639832
0.999981403 0.006071006 -0.000547142 1.251866341 -0.006069849 0.999979377 0.002090207 -1.731609821 0.000559821 -0.002086847 0.999997675 66.908683777
0.999981105 0.006117350 -0.000601379 1.263318658 -0.006115918 0.999978542 0.002354519 -1.749729872 0.000615769 -0.002350797 0.999996960 67.434532166
0.999982119 0.005949278 -0.000605334 1.271688819 -0.005947956 0.999979913 0.002161898 -1.758735180 0.000618183 -0.002158259 0.999997437 67.978515625
0.999978900 0.006480668 -0.000408197 1.281585813 -0.006479784 0.999976754 0.002129564 -1.776612282 0.000421988 -0.002126874 0.999997675 68.514434814
0.999977767 0.006665456 -0.000305638 1.290276289 -0.006664834 0.999975801 0.001993976 -1.788477898 0.000318922 -0.001991896 0.999997914 69.046249390
0.999978244 0.006545464 -0.000759877 1.299242854 -0.006544205 0.999977231 0.001645930 -1.798765540 0.000770634 -0.001640921 0.999998271 69.588356018
0.999977708 0.006679341 0.000006345 1.301670671 -0.006679342 0.999975979 0.001851441 -1.814664960 0.000006021 -0.001851442 0.999998271 70.125839233
0.999981582 0.006064906 -0.000221645 1.320774674 -0.006064501 0.999980032 0.001790298 -1.830821633 0.000232498 -0.001788921 0.999998391 70.668487549
0.999980450 0.006248133 -0.000315215 1.332070112 -0.006247595 0.999979079 0.001679729 -1.845618129 0.000325704 -0.001677727 0.999998510 71.207519531
0.999978125 0.006601028 0.000007432 1.342489243 -0.006601031 0.999976993 0.001525675 -1.861689210 0.000002639 -0.001525691 0.999998808 71.752372742
0.999976873 0.006802216 0.000016108 1.351630330 -0.006802234 0.999975085 0.001855710 -1.874317527 -0.000003485 -0.001855777 0.999998271 72.294975281
0.999978721 0.006503255 -0.000387358 1.366144776 -0.006502493 0.999976933 0.001938215 -1.894637704 0.000399954 -0.001935655 0.999998033 72.834083557
0.999975443 0.007023674 -0.000050219 1.373079419 -0.007023568 0.999973476 0.001919442 -1.908311367 0.000063700 -0.001919042 0.999998152 73.373657227
0.999979317 0.006428197 -0.000134658 1.383009315 -0.006427996 0.999978304 0.001445821 -1.915726304 0.000143949 -0.001444926 0.999998868 73.920379639
0.999980152 0.006295376 -0.000144309 1.394242167 -0.006295212 0.999979556 0.001118999 -1.929325819 0.000151350 -0.001118069 0.999999344 74.460205078
0.999980211 0.006270217 -0.000387437 1.406196237 -0.006269678 0.999979317 0.001375525 -1.946154594 0.000396054 -0.001373069 0.999998987 74.992057800
0.999982655 0.005859190 -0.000627382 1.417224288 -0.005858631 0.999982417 0.000888829 -1.957969785 0.000632579 -0.000885138 0.999999404 75.533027649
0.999985039 0.005426880 -0.000702179 1.435010433 -0.005426093 0.999984682 0.001115929 -1.979887843 0.000708225 -0.001112102 0.999999106 76.062461853
0.999982476 0.005872766 -0.000785070 1.441994548 -0.005871940 0.999982238 0.001048283 -1.993009925 0.000791213 -0.001043655 0.999999106 76.609191895
0.999980688 0.006200011 -0.000482216 1.451445580 -0.006199432 0.999980032 0.001190906 -2.010581732 0.000489590 -0.001187893 0.999999106 77.157287598
0.999982536 0.005885503 -0.000347542 1.461888313 -0.005885080 0.999981880 0.001208812 -2.027991772 0.000354650 -0.001206745 0.999999225 77.695861816
0.999983668 0.005674414 -0.000699443 1.471754432 -0.005673312 0.999982595 0.001569283 -2.047169924 0.000708336 -0.001565290 0.999998510 78.227500916
0.999982655 0.005868975 -0.000540450 1.480284929 -0.005868184 0.999981701 0.001453430 -2.065095186 0.000548970 -0.001450233 0.999998808 78.768157959
0.999983132 0.005819968 -0.000267039 1.493672609 -0.005819634 0.999982297 0.001240795 -2.074848413 0.000274256 -0.001239220 0.999999106 79.324584961
0.999984384 0.005592934 0.000028478 1.500406384 -0.005592957 0.999983966 0.000858844 -2.087341547 -0.000023674 -0.000858990 0.999999583 79.887313843
0.999983907 0.005663520 -0.000303409 1.520902514 -0.005663318 0.999983668 0.000663810 -2.102679253 0.000307163 -0.000662081 0.999999702 80.418701172
0.999984086 0.005607835 0.000483484 1.537455201 -0.005608310 0.999983728 0.000987404 -2.115332127 -0.000477939 -0.000990100 0.999999404 80.978866577
0.999980986 0.005999108 0.001444347 1.551866651 -0.006000443 0.999981582 0.000921645 -2.130370855 -0.001438791 -0.000930294 0.999998510 81.514701843
0.999979854 0.005769181 0.002618301 1.573437214 -0.005769781 0.999983311 0.000221519 -2.143409967 -0.002616979 -0.000236621 0.999996543 82.058357239
0.999977052 0.005468216 0.003982996 1.593913913 -0.005472407 0.999984443 0.001042134 -2.166148663 -0.003977234 -0.001063906 0.999991536 82.612350464
0.999954224 0.006189636 0.007298008 1.614174843 -0.006192551 0.999980748 0.000376866 -2.173571825 -0.007295535 -0.000422042 0.999973297 83.171150208
0.999928772 0.005491711 0.010590495 1.649940252 -0.005501396 0.999984503 0.000885620 -2.190501690 -0.010585466 -0.000943820 0.999943495 83.734176636
0.999876201 0.005954605 0.014564808 1.662675977 -0.005959612 0.999982178 0.000300451 -2.207048655 -0.014562760 -0.000387215 0.999893904 84.280258179
0.999781609 0.006582359 0.019833822 1.669044971 -0.006600853 0.999977767 0.000867140 -2.215503216 -0.019827675 -0.000997870 0.999802887 84.832229614
0.999652386 0.006467235 0.025564319 1.706180334 -0.006483162 0.999978781 0.000540200 -2.222530127 -0.025560288 -0.000705749 0.999673009 85.403297424
0.999514639 0.006237764 0.030520754 1.751550078 -0.006243867 0.999980509 0.000104666 -2.239285946 -0.030519506 -0.000295183 0.999534130 85.997520447
0.999313414 0.006381427 0.036498833 1.778502345 -0.006388961 0.999979556 0.000089750 -2.255084753 -0.036497518 -0.000322878 0.999333680 86.577049255
0.999082863 0.004572867 0.042574029 1.857473493 -0.004582649 0.999989510 0.000132131 -2.263713360 -0.042572979 -0.000327112 0.999093294 87.219367981
0.998535335 0.005885270 0.053782050 1.860866070 -0.005890899 0.999982655 -0.000053898 -2.291546583 -0.053781435 -0.000263005 0.998552620 87.727394104
0.998110533 0.005624190 0.061186090 1.893961668 -0.005644610 0.999984086 0.000160891 -2.306471109 -0.061184213 -0.000505959 0.998126388 88.268791199
0.997514129 0.005979955 0.070212960 1.951953411 -0.005978771 0.999982059 -0.000227016 -2.317870855 -0.070213072 -0.000193336 0.997531950 88.816444397
0.996699512 0.005691028 0.080979094 2.007475853 -0.005643504 0.999983728 -0.000815765 -2.321989059 -0.080982424 0.000356067 0.996715486 89.368423462
0.995990813 0.005453225 0.089288585 2.076492786 -0.005420289 0.999985039 -0.000611336 -2.340066910 -0.089290582 0.000124915 0.996005595 89.902496338
0.995275617 0.004321527 0.096993260 2.150420666 -0.004237693 0.999990582 -0.001070314 -2.353549242 -0.096996963 0.000654230 0.995284438 90.450904846
0.994157672 0.004169184 0.107856341 2.229381084 -0.004042146 0.999990880 -0.001396435 -2.361616611 -0.107861184 0.000952306 0.994165480 90.981170654
0.992918491 0.004061454 0.118728034 2.304925919 -0.003896800 0.999991119 -0.001618937 -2.374472141 -0.118733548 0.001144814 0.992925406 91.496490479
0.991821408 0.003874933 0.127574578 2.396532059 -0.003677730 0.999991596 -0.001781302 -2.387840509 -0.127580419 0.001297549 0.991827369 92.046951294
0.990389168 0.004326068 0.138240889 2.493259430 -0.004143321 0.999990106 -0.001609683 -2.404633522 -0.138246492 0.001021436 0.990397334 92.576156616
0.988598228 0.003721374 0.150531352 2.595102310 -0.003481298 0.999992132 -0.001858344 -2.421636820 -0.150537089 0.001313111 0.988603473 93.123695374
0.986853778 0.003404293 0.161579907 2.701718330 -0.003100672 0.999992907 -0.002131205 -2.432964563 -0.161586016 0.001602181 0.986857355 93.662010193
0.985102773 0.002883221 0.171942458 2.810553551 -0.002537538 0.999994278 -0.002230218 -2.445909977 -0.171947911 0.001760683 0.985104442 94.187332153
0.982786536 0.002811561 0.184723228 2.938468933 -0.002436436 0.999994397 -0.002257698 -2.460341692 -0.184728563 0.001768768 0.982787967 94.718551636
0.980420828 0.002345332 0.196899459 3.075487137 -0.001944833 0.999995649 -0.002227361 -2.473819494 -0.196903840 0.001800815 0.980421126 95.262725830
0.978391647 0.001475407 0.206754804 3.209966660 -0.001027627 0.999996901 -0.002273131 -2.487622976 -0.206757560 0.002011545 0.978390098 95.784523010
0.975427866 0.001864708 0.220311180 3.351161957 -0.001375368 0.999996245 -0.002374500 -2.508341789 -0.220314816 0.002013145 0.975426733 96.318244934
0.972334504 0.002193488 0.233582526 3.505481720 -0.001683759 0.999995768 -0.002381603 -2.515508890 -0.233586758 0.001922418 0.972334087 96.866844177
0.969667256 0.001816791 0.244421840 3.654754639 -0.001350269 0.999996960 -0.002076219 -2.541524649 -0.244424894 0.001683207 0.969666779 97.364913940
0.966567039 0.001345423 0.256410360 3.821319580 -0.000841374 0.999997497 -0.002075483 -2.555504560 -0.256412536 0.001790357 0.966565728 97.894126892
0.963001132 0.000743751 0.269496351 3.996603012 0.000052323 0.999995649 -0.002946737 -2.559137583 -0.269497365 0.002851812 0.962996900 98.422851562
0.959178627 0.001227082 0.282798082 4.163801193 -0.000610040 0.999997258 -0.002269964 -2.586729527 -0.282800049 0.002004783 0.959176779 98.933364868
0.955857515 0.000482904 0.293830156 4.350162506 0.000203006 0.999997318 -0.002303873 -2.599147081 -0.293830484 0.002261824 0.955854893 99.460029602
0.951443732 0.000885494 0.307821423 4.538434982 -0.000331401 0.999998212 -0.001852317 -2.619868040 -0.307822496 0.001660363 0.951442301 99.974464417
0.946889579 0.000295302 0.321558595 4.739013672 0.000484375 0.999997139 -0.002344675 -2.629376888 -0.321558356 0.002375903 0.946886778 100.484802246
0.943187475 -0.000438463 0.332260519 4.941410065 0.001372553 0.999995708 -0.002576634 -2.642490149 -0.332257986 0.002886294 0.943184137 100.976638794
0.938509405 -0.000353469 0.345253408 5.145650864 0.001450263 0.999994636 -0.002918492 -2.659767151 -0.345250547 0.003239740 0.938505054 101.484634399
0.933180451 -0.000713206 0.359407425 5.367435455 0.001768743 0.999995053 -0.002608053 -2.676639080 -0.359403789 0.003069484 0.933177114 102.006996155
0.928102732 -0.000723918 0.372323364 5.574115753 0.001869230 0.999994576 -0.002715179 -2.686323881 -0.372319341 0.003215923 0.928099096 102.509429932
0.923504174 -0.001487178 0.383585513 5.808980942 0.002685710 0.999993026 -0.002588984 -2.708080292 -0.383578986 0.003421137 0.923501730 102.987686157
0.917430103 -0.000741140 0.397896171 6.042285919 0.001784720 0.999996006 -0.002252395 -2.719556332 -0.397892743 0.002776548 0.917427719 103.496322632
0.911413729 -0.001676923 0.411487788 6.276920319 0.002907517 0.999992967 -0.002364687 -2.733303308 -0.411480904 0.003351616 0.911412120 103.971939087
0.906544626 -0.002694272 0.422101438 6.528388977 0.004320130 0.999986470 -0.002895408 -2.743151188 -0.422087938 0.004448350 0.906544089 104.453788757
0.900284827 -0.003025427 0.435290575 6.789138794 0.004901216 0.999982834 -0.003186644 -2.759662867 -0.435273409 0.005002341 0.900284410 104.935897827
0.893375218 -0.001225224 0.449309707 7.043010712 0.002441795 0.999994755 -0.002128199 -2.785825014 -0.449304670 0.002998402 0.893373489 105.402252197
0.887389123 -0.002110600 0.461016327 7.313201904 0.003327642 0.999992788 -0.001827111 -2.800165653 -0.461009204 0.003155455 0.887389779 105.872619629
0.881691575 -0.003174979 0.471815437 7.582267761 0.004771403 0.999986172 -0.002187233 -2.812669754 -0.471802056 0.004179686 0.881694615 106.350349426
0.874449372 -0.002954040 0.485107660 7.867622375 0.004665064 0.999986351 -0.002319822 -2.825005770 -0.485094219 0.004291625 0.874451339 106.812667847
0.867539644 -0.003430164 0.497356236 8.166557312 0.004949940 0.999986231 -0.001737491 -2.851994038 -0.497343421 0.003969226 0.867544651 107.276718140
0.861583054 -0.004100780 0.507600069 8.451824188 0.005541902 0.999983728 -0.001328004 -2.872462034 -0.507586420 0.003957255 0.861591756 107.735992432
