1.000000000 0.000000000 0.000000000 0.000000000 0.000000000 1.000000000 0.000000000 0.000000000 0.000000000 0.000000000 1.000000000 0.000000000
1.000000000 0.000026230 -0.000023106 0.000382580 -0.000026230 1.000000000 0.000030353 -0.001011987 0.000023107 -0.000030353 1.000000000 -0.001611098
1.000000000 -0.000030351 -0.000007620 0.000904602 0.000030351 1.000000000 -0.000010833 -0.000430718 0.000007621 0.000010832 1.000000000 -0.002548182
1.000000000 -0.000150984 -0.000114661 0.001723565 0.000150992 1.000000000 0.000067677 -0.001861010 0.000114651 -0.000067694 1.000000000 -0.004206456
1.000000000 -0.000127749 -0.000076538 -0.000341230 0.000127749 1.000000000 -0.000006465 0.000266935 0.000076539 0.000006456 1.000000000 -0.003075091
1.000000000 -0.000170486 -0.000045967 0.000811998 0.000170488 1.000000000 0.000055633 -0.000612916 0.000045958 -0.000055641 1.000000000 -0.001294532
1.000000000 -0.000190442 -0.000010805 0.000080339 0.000190442 1.000000000 0.000041299 -0.000671582 0.000010797 -0.000041301 1.000000000 -0.003828536
1.000000000 -0.000084348 -0.000047100 0.000053028 0.000084350 1.000000000 0.000038235 0.000451352 0.000047097 -0.000038239 1.000000000 -0.003828533
1.000000000 -0.000061254 -0.000024368 0.000301587 0.000061254 1.000000000 -0.000010717 0.000541874 0.000024369 0.000010716 1.000000000 -0.000374977
1.000000000 -0.000083014 -0.000069543 -0.000301601 0.000083014 1.000000000 0.000002074 0.001293708 0.000069543 -0.000002080 1.000000000 -0.001651511
1.000000000 -0.000157709 -0.000126430 0.000906072 0.000157716 1.000000000 0.000055758 -0.000416141 0.000126422 -0.000055778 1.000000000 -0.002821238
1.000000000 -0.000187993 -0.000101507 0.000148949 0.000187992 1.000000000 -0.000007569 0.000532042 0.000101509 0.000007550 1.000000000 -0.000432037
1.000000000 -0.000215019 -0.000064398 -0.000774579 0.000215021 1.000000000 0.000038264 0.001011405 0.000064390 -0.000038278 1.000000000 -0.000688391
1.000000000 -0.000167902 -0.000054593 0.000350457 0.000167904 1.000000000 0.000030125 -0.000087498 0.000054588 -0.000030134 1.000000000 -0.003506560
1.000000000 -0.000131142 -0.000074248 0.001241639 0.000131150 1.000000000 0.000107218 -0.000473756 0.000074234 -0.000107227 1.000000000 -0.004110005
1.000000000 -0.000117700 -0.000052169 0.002149661 0.000117705 1.000000000 0.000108874 -0.001326425 0.000052156 -0.000108880 1.000000000 -0.007293953
1.000000000 -0.000158583 -0.000098085 0.001231177 0.000158587 1.000000000 0.000036360 0.000698841 0.000098079 -0.000036376 1.000000000 -0.002398083
1.000000000 -0.000104340 -0.000099017 0.001096582 0.000104347 1.000000000 0.000070730 -0.000274521 0.000099009 -0.000070741 1.000000000 -0.004451117
0.999999940 -0.000261780 -0.000134259 0.000876304 0.000261789 0.999999940 0.000069616 -0.000609536 0.000134241 -0.000069651 1.000000000 -0.003865577
0.999999940 -0.000267032 -0.000127636 0.000959475 0.000267038 0.999999940 0.000041375 0.000597052 0.000127625 -0.000041409 1.000000000 -0.000505111
0.999999940 -0.000243943 -0.000103893 0.000129834 0.000243949 0.999999940 0.000054742 -0.000858694 0.000103880 -0.000054768 1.000000000 -0.003266647
1.000000000 -0.000130640 -0.000104402 0.002527506 0.000130645 1.000000000 0.000055600 0.000215227 0.000104395 -0.000055614 1.000000000 -0.001234005
1.000000000 -0.000135072 -0.000119885 0.002571881 0.000135081 1.000000000 0.000070650 -0.000906072 0.000119876 -0.000070666 1.000000000 -0.002614839
0.999999940 -0.000257241 -0.000160541 0.001584123 0.000257257 0.999999940 0.000094251 -0.000578368 0.000160517 -0.000094293 1.000000000 -0.004364403
0.999999940 -0.000259973 -0.000201555 0.002827237 0.000259991 0.999999940 0.000088848 -0.000579649 0.000201532 -0.000088901 1.000000000 -0.004082683
0.999999940 -0.000270389 -0.000141122 0.001545735 0.000270398 0.999999940 0.000060362 0.000352167 0.000141105 -0.000060400 1.000000000 -0.003079384
0.999999940 -0.000301334 -0.000187490 0.002995648 0.000301348 0.999999940 0.000075416 -0.000370877 0.000187467 -0.000075472 1.000000000 -0.004534900
0.999999881 -0.000416560 -0.000155772 0.001265263 0.000416573 0.999999881 0.000084760 -0.000870299 0.000155736 -0.000084825 1.000000000 -0.004754361
0.999999940 -0.000229242 -0.000160549 0.001866149 0.000229260 0.999999940 0.000113388 -0.000176447 0.000160523 -0.000113425 1.000000000 -0.002116952
1.000000000 -0.000190969 -0.000129624 0.002691004 0.000190984 1.000000000 0.000118006 -0.001171687 0.000129602 -0.000118030 1.000000000 -0.004247930
0.999999940 -0.000255895 -0.000160610 0.000744606 0.000255907 0.999999940 0.000072642 0.000665112 0.000160591 -0.000072683 1.000000000 -0.001194974
0.999999940 -0.000301569 -0.000168054 0.000694455 0.000301587 0.999999940 0.000105538 0.000106677 0.000168022 -0.000105589 1.000000000 -0.003683294
0.999999940 -0.000201938 -0.000151157 0.001437022 0.000201943 1.000000000 0.000029085 0.000237713 0.000151151 -0.000029116 1.000000000 -0.001910417
0.999999940 -0.000309292 -0.000175736 0.002170677 0.000309300 0.999999940 0.000045890 -0.000027430 0.000175722 -0.000045944 1.000000000 -0.001937063
0.999999940 -0.000304906 -0.000103943 0.000968322 0.000304916 0.999999940 0.000088170 -0.000926744 0.000103916 -0.000088201 1.000000000 -0.005826476
0.999999940 -0.000322040 -0.000200820 0.002995150 0.000322048 0.999999940 0.000041089 0.000222293 0.000200807 -0.000041154 1.000000000 -0.003088703
0.999999940 -0.000200404 -0.000152816 0.002916279 0.000200423 1.000000000 0.000122717 -0.000450263 0.000152792 -0.000122748 1.000000000 -0.006679159
0.999999940 -0.000341612 -0.000153933 0.000672632 0.000341622 0.999999940 0.000067043 -0.000012114 0.000153910 -0.000067095 1.000000000 -0.004398446
0.999999940 -0.000257121 -0.000158059 0.001293091 0.000257142 0.999999940 0.000129728 -0.000488500 0.000158026 -0.000129768 1.000000000 -0.003651960
0.999999940 -0.000300105 -0.000166492 0.002571607 0.000300110 0.999999940 0.000027888 -0.000822647 0.000166483 -0.000027938 1.000000000 0.000934954
0.999999940 -0.000266290 -0.000109055 0.001679250 0.000266231 0.999999821 -0.000542769 -0.000804804 0.000109200 0.000542740 0.999999821 0.048448469
1.000000000 -0.000094621 -0.000141530 0.001875948 0.000094464 0.999999404 -0.001111576 -0.003233164 0.000141635 0.001111563 0.999999344 0.140589356
1.000000000 -0.000169485 -0.000142988 0.005150701 0.000169281 0.999998987 -0.001424119 -0.007447393 0.000143229 0.001424094 0.999998987 0.254045904
1.000000000 -0.000213555 -0.000093517 0.006054685 0.000213423 0.999998987 -0.001404341 -0.012368332 0.000093817 0.001404321 0.999998987 0.389729053
0.999999940 -0.000144770 -0.000203944 0.011130306 0.000144539 0.999999344 -0.001130695 -0.019109894 0.000204108 0.001130665 0.999999344 0.524514079
1.000000000 -0.000168077 -0.000084552 0.012461482 0.000167987 0.999999404 -0.001060965 -0.022295913 0.000084731 0.001060951 0.999999404 0.684688866
1.000000000 -0.000114577 -0.000120033 0.019702516 0.000114466 0.999999583 -0.000926676 -0.025752425 0.000120139 0.000926663 0.999999583 0.844525456
0.999999940 0.000339514 0.000074275 0.016242126 -0.000339456 0.999999642 -0.000783955 -0.025718063 -0.000074541 0.000783930 0.999999702 1.018762708
1.000000000 -0.000119438 -0.000193377 0.028024057 0.000119331 0.999999821 -0.000552491 -0.036923815 0.000193443 0.000552468 0.999999821 1.177965045
1.000000000 0.000164317 0.000024882 0.030462930 -0.000164308 0.999999940 -0.000330133 -0.041965537 -0.000024937 0.000330129 0.999999940 1.367675900
1.000000000 -0.000008416 0.000174375 0.032713298 0.000008370 0.999999881 0.000263780 -0.038533084 -0.000174378 -0.000263778 0.999999940 1.596163869
0.999999881 -0.000265064 0.000450274 0.033817042 0.000264921 0.999999881 0.000318946 -0.043672521 -0.000450358 -0.000318827 0.999999821 1.792120814
0.999999881 -0.000495816 0.000196744 0.043441914 0.000495667 0.999999523 0.000755565 -0.051598322 -0.000197118 -0.000755468 0.999999702 1.994678974
0.999999821 0.000106965 0.000583470 0.042256117 -0.000107395 0.999999702 0.000737157 -0.057562415 -0.000583391 -0.000737219 0.999999523 2.207324028
0.999999881 -0.000013023 0.000398165 0.046304081 0.000012745 0.999999702 0.000697523 -0.061508134 -0.000398174 -0.000697518 0.999999702 2.416549683
0.999999881 0.000184765 0.000198839 0.054963797 -0.000184879 0.999999762 0.000574018 -0.067547821 -0.000198733 -0.000574055 0.999999881 2.638312101
0.999999881 0.000029838 0.000420303 0.058347750 -0.000030090 0.999999762 0.000598235 -0.075417310 -0.000420285 -0.000598247 0.999999762 2.871735811
0.999999762 0.000224459 0.000636382 0.061281741 -0.000224823 0.999999762 0.000572446 -0.078411557 -0.000636254 -0.000572589 0.999999642 3.103897810
0.999999881 0.000059557 0.000575272 0.064436734 -0.000059942 0.999999762 0.000670278 -0.086687557 -0.000575232 -0.000670312 0.999999642 3.341656446
0.999999642 0.000392188 0.000716443 0.073651485 -0.000392752 0.999999583 0.000786641 -0.096375644 -0.000716134 -0.000786923 0.999999464 3.600529671
0.999999702 0.000152457 0.000703991 0.073787645 -0.000153183 0.999999404 0.001030151 -0.101886630 -0.000703833 -0.001030259 0.999999225 3.833472013
0.999999642 0.000423133 0.000706417 0.080477491 -0.000423845 0.999999344 0.001009390 -0.108089007 -0.000705990 -0.001009689 0.999999225 4.092425346
0.999999046 0.000919727 0.001034857 0.081322081 -0.000921058 0.999998689 0.001286369 -0.111503169 -0.001033672 -0.001287321 0.999998629 4.359268188
0.999999523 0.000568943 0.000877161 0.089034200 -0.000570186 0.999998808 0.001417453 -0.120538846 -0.000876354 -0.001417953 0.999998629 4.615206718
0.999999464 0.000333346 0.000975875 0.096328296 -0.000334892 0.999998689 0.001584826 -0.127017185 -0.000975345 -0.001585152 0.999998331 4.873859882
0.999999523 0.000261834 0.000990574 0.099803701 -0.000263636 0.999998271 0.001819574 -0.137145773 -0.000990096 -0.001819834 0.999997854 5.139121056
0.999999642 0.000109720 0.000771448 0.103875086 -0.000111136 0.999998271 0.001835011 -0.148849010 -0.000771246 -0.001835096 0.999998033 5.382791996
0.999999762 0.000005297 0.000634044 0.110318474 -0.000006499 0.999998212 0.001894615 -0.156753421 -0.000634032 -0.001894619 0.999998033 5.653158188
0.999999940 0.000118919 0.000480568 0.116140261 -0.000119786 0.999998391 0.001803510 -0.162562937 -0.000480353 -0.001803568 0.999998271 5.929779053
0.999999762 -0.000064987 0.000581371 0.121287763 0.000063880 0.999998152 0.001904521 -0.174975067 -0.000581494 -0.001904484 0.999998033 6.205830574
0.999999702 -0.000052401 0.000804422 0.124737389 0.000050553 0.999997377 0.002296477 -0.189962849 -0.000804540 -0.002296436 0.999997020 6.457489014
0.999999702 -0.000034404 0.000784371 0.131543949 0.000032737 0.999997795 0.002125793 -0.200232789 -0.000784442 -0.002125766 0.999997437 6.742772579
0.999999821 -0.000160127 0.000636298 0.150030464 0.000158627 0.999997258 0.002355587 -0.216361627 -0.000636673 -0.002355486 0.999997020 7.021285057
0.999999702 -0.000112450 0.000785146 0.150459230 0.000110673 0.999997437 0.002261896 -0.218910649 -0.000785399 -0.002261808 0.999997139 7.320226192
0.999999523 0.000215708 0.000945975 0.157165691 -0.000217945 0.999997199 0.002365873 -0.231459171 -0.000945462 -0.002366078 0.999996722 7.624761581
0.999999464 -0.000042172 0.000964445 0.158339828 0.000039903 0.999997199 0.002352464 -0.235966519 -0.000964542 -0.002352424 0.999996781 7.937092781
0.999999404 -0.000018647 0.000996132 0.165922999 0.000016267 0.999997199 0.002389830 -0.242541358 -0.000996174 -0.002389813 0.999996662 8.251797676
0.999999464 -0.000022597 0.001043505 0.173628047 0.000020088 0.999997139 0.002404405 -0.251163155 -0.001043556 -0.002404382 0.999996603 8.583082199
0.999999106 0.000516453 0.001235411 0.172421783 -0.000519402 0.999997079 0.002387577 -0.259440988 -0.001234174 -0.002388216 0.999996424 8.929376602
0.999998808 0.000537204 0.001483026 0.176227555 -0.000540996 0.999996662 0.002557630 -0.274179459 -0.001481647 -0.002558429 0.999995708 9.274255753
0.999998629 0.000549080 0.001552530 0.183759689 -0.000553292 0.999996126 0.002713918 -0.294080138 -0.001551034 -0.002714773 0.999995053 9.606760025
0.999998331 0.000869745 0.001631149 0.191536248 -0.000874371 0.999995649 0.002837790 -0.301542968 -0.001628674 -0.002839211 0.999994576 9.954482079
0.999998748 0.000491065 0.001526000 0.195013434 -0.000495338 0.999996006 0.002800928 -0.308530301 -0.001524618 -0.002801680 0.999994934 10.329162598
0.999998629 0.000408094 0.001589753 0.210632563 -0.000412835 0.999995530 0.002983041 -0.322317630 -0.001588528 -0.002983693 0.999994338 10.678507805
0.999999106 -0.000069809 0.001329826 0.218214303 0.000065719 0.999995291 0.003075605 -0.336922377 -0.001330035 -0.003075515 0.999994397 11.021601677
0.999998868 0.000130791 0.001466074 0.226143450 -0.000135411 0.999994993 0.003151699 -0.347931266 -0.001465654 -0.003151894 0.999993980 11.396600723
0.999998808 0.000227790 0.001527216 0.232431918 -0.000232686 0.999994814 0.003205815 -0.355480194 -0.001526478 -0.003206166 0.999993742 11.794386864
0.999999225 -0.000092340 0.001215567 0.243932918 0.000088036 0.999993742 0.003539776 -0.370171785 -0.001215886 -0.003539666 0.999993026 12.162494659
0.999998450 0.000305529 0.001746793 0.252916485 -0.000312158 0.999992728 0.003795615 -0.393739790 -0.001745620 -0.003796153 0.999991298 12.542326927
0.999997675 0.000399918 0.002148360 0.256268263 -0.000408010 0.999992847 0.003767238 -0.401662916 -0.002146838 -0.003768105 0.999990642 12.950984955
0.999998212 0.000413067 0.001834898 0.272539526 -0.000420286 0.999992132 0.003935241 -0.418041676 -0.001833258 -0.003936005 0.999990642 13.343526840
0.999997795 0.000600376 0.002032408 0.277589977 -0.000608536 0.999991715 0.004016743 -0.424628407 -0.002029980 -0.004017971 0.999989927 13.758061409
0.999998391 -0.000204887 0.001769864 0.297063202 0.000197781 0.999991834 0.004014535 -0.443776667 -0.001770672 -0.004014178 0.999990344 14.131449699
0.999998212 -0.000750467 0.001716454 0.312365711 0.000743734 0.999991953 0.003920141 -0.456723779 -0.001719382 -0.003918857 0.999990821 14.550032616
0.999997675 -0.000631560 0.002050985 0.321176708 0.000622986 0.999991059 0.004178128 -0.469090372 -0.002053605 -0.004176840 0.999989212 14.983250618
0.999998033 -0.000818156 0.001817023 0.335637033 0.000810431 0.999990642 0.004248541 -0.483549803 -0.001820482 -0.004247060 0.999989331 15.387742043
0.999997497 -0.000953411 0.002009344 0.347707093 0.000944878 0.999990463 0.004243292 -0.491687357 -0.002013370 -0.004241382 0.999989033 15.831865311
0.999996364 -0.000120762 0.002675541 0.353141606 0.000108918 0.999990165 0.004426449 -0.503801286 -0.002676050 -0.004426143 0.999986649 16.278158188
0.999996305 -0.000817472 0.002577635 0.366432369 0.000806182 0.999990106 0.004378269 -0.516550839 -0.002581188 -0.004376175 0.999987125 16.719432831
0.999995410 -0.000704845 0.002938033 0.376241595 0.000692082 0.999990344 0.004342985 -0.525047362 -0.002941065 -0.004340933 0.999986231 17.184398651
0.999994457 -0.000999545 0.003187201 0.386015207 0.000985058 0.999989212 0.004543905 -0.535340130 -0.003191708 -0.004540740 0.999984622 17.654304504
0.999992609 -0.001180623 0.003649007 0.395575643 0.001165179 0.999990284 0.004231745 -0.543541431 -0.003653968 -0.004227463 0.999984384 18.123151779
0.999991953 -0.000764756 0.003945487 0.396177083 0.000745460 0.999987721 0.004889688 -0.570576787 -0.003949178 -0.004886707 0.999980211 18.557361603
0.999992371 -0.001230989 0.003717350 0.411574155 0.001212624 0.999987125 0.004938542 -0.584378839 -0.003723382 -0.004933996 0.999980867 19.018680573
0.999992430 -0.000450268 0.003870782 0.424977452 0.000431838 0.999988616 0.004760717 -0.593523145 -0.003872881 -0.004759009 0.999981225 19.510625839
0.999992669 -0.000468222 0.003806418 0.443860322 0.000447244 0.999984741 0.005510308 -0.621866405 -0.003808941 -0.005508565 0.999977589 19.920186996
0.999992490 -0.000754545 0.003816637 0.456583083 0.000733952 0.999985218 0.005394144 -0.631569803 -0.003820650 -0.005391301 0.999978185 20.415872574
0.999993682 -0.001089246 0.003388380 0.466856301 0.001070409 0.999984026 0.005556110 -0.645821452 -0.003394377 -0.005552448 0.999978840 20.919349670
0.999995291 -0.001069765 0.002859172 0.476741791 0.001053936 0.999984086 0.005532074 -0.657580316 -0.002865045 -0.005529034 0.999980628 21.423603058
0.999996245 -0.001768985 0.002091486 0.467649609 0.001756727 0.999981344 0.005848625 -0.693902314 -0.002101793 -0.005844928 0.999980688 21.816602707
0.999997437 -0.001272653 0.001873895 0.477496862 0.001262191 0.999983728 0.005573641 -0.694886804 -0.001880958 -0.005571261 0.999982715 22.321166992
0.999997377 -0.001976475 0.001156058 0.487854928 0.001969679 0.999980986 0.005850292 -0.711158156 -0.001167599 -0.005847999 0.999982238 22.848819733
0.999997675 -0.002078210 0.000541551 0.507852554 0.002074894 0.999979496 0.006054227 -0.731444359 -0.000554122 -0.006053090 0.999981463 23.272209167
0.999996245 -0.002726929 0.000225679 0.511039197 0.002725663 0.999981523 0.005431920 -0.739583373 -0.000240487 -0.005431286 0.999985158 23.793584824
0.999996901 -0.002412562 -0.000615252 0.530122519 0.002416068 0.999980390 0.005763200 -0.753523648 0.000601336 -0.005764670 0.999983132 24.283758163
0.999996066 -0.002396135 -0.001492478 0.542244554 0.002405171 0.999978602 0.006082185 -0.765870690 0.001477873 -0.006085750 0.999980330 24.822219849
0.999996364 -0.001476113 -0.002255228 0.541694939 0.001489479 0.999981225 0.005936261 -0.771225393 0.002246422 -0.005939599 0.999979794 25.357625961
0.999996901 -0.001500049 -0.001974624 0.545388579 0.001512597 0.999978602 0.006368625 -0.793896735 0.001965028 -0.006371592 0.999977767 25.836652756
0.999994755 -0.002048737 -0.002485347 0.553674877 0.002065964 0.999973774 0.006948821 -0.808351636 0.002471046 -0.006953919 0.999972761 26.389139175
0.999993265 -0.002146537 -0.002977483 0.572142780 0.002168570 0.999970198 0.007416364 -0.824524462 0.002961474 -0.007422771 0.999968112 26.950656891
0.999993682 -0.001421059 -0.003251760 0.563115835 0.001444053 0.999973834 0.007079839 -0.855737031 0.003241614 -0.007084491 0.999969661 27.417945862
0.999994159 -0.001210377 -0.003183121 0.565943122 0.001233428 0.999972880 0.007249834 -0.864920259 0.003174260 -0.007253718 0.999968708 27.962474823
0.999989688 -0.002123796 -0.003999481 0.582987666 0.002156155 0.999964774 0.008103996 -0.889710605 0.003982130 -0.008112537 0.999959230 28.509721756
0.999988258 -0.001405518 -0.004627501 0.601228356 0.001438882 0.999972939 0.007214669 -0.885425746 0.004617235 -0.007221242 0.999963284 29.046236038
0.999983728 -0.002644582 -0.005059213 0.596540153 0.002684279 0.999965549 0.007855819 -0.923503101 0.005038262 -0.007869271 0.999956369 29.566671371
0.999982476 -0.002771606 -0.005235064 0.608887076 0.002811615 0.999966741 0.007650666 -0.935971379 0.005213686 -0.007665251 0.999957025 30.112190247
0.999983966 -0.002293825 -0.005194774 0.607092083 0.002334376 0.999966800 0.007813374 -0.948872030 0.005176678 -0.007825374 0.999956012 30.649963379
0.999980032 -0.002912923 -0.005619095 0.637326360 0.002957786 0.999963701 0.007992466 -0.966380119 0.005595608 -0.008008924 0.999952316 31.165050507
0.999978840 -0.002756328 -0.005894811 0.626921475 0.002802711 0.999965072 0.007874677 -0.982971549 0.005872900 -0.007891032 0.999951601 31.619018555
0.999978542 -0.002719344 -0.005966432 0.644610941 0.002766605 0.999964893 0.007927248 -0.994864821 0.005944665 -0.007943586 0.999950767 32.145202637
0.999972463 -0.003408603 -0.006600782 0.660933137 0.003460536 0.999962986 0.007872270 -1.008500576 0.006573706 -0.007894897 0.999947190 32.696453094
0.999978125 -0.002538305 -0.006114240 0.646560669 0.002586425 0.999965668 0.007875152 -1.019005656 0.006094041 -0.007890793 0.999950230 33.235305786
0.999972701 -0.002863272 -0.006805228 0.647658885 0.002920636 0.999960184 0.008434473 -1.046680450 0.006780807 -0.008454120 0.999941230 33.719219208
0.999968886 -0.003353430 -0.007144640 0.658488512 0.003411842 0.999960721 0.008179038 -1.055310965 0.007116931 -0.008203159 0.999940991 34.264392853
0.999967813 -0.003205454 -0.007357939 0.674268067 0.003265174 0.999961674 0.008118861 -1.063612103 0.007331633 -0.008142624 0.999940038 34.811069489
0.999967515 -0.003242711 -0.007370472 0.684039712 0.003301961 0.999962211 0.008040881 -1.071277976 0.007344120 -0.008064955 0.999940515 35.349021912
0.999974191 -0.002029257 -0.006891584 0.677110195 0.002084275 0.999965966 0.007985461 -1.089134693 0.006875144 -0.007999619 0.999944389 35.863105774
0.999967158 -0.003043320 -0.007511736 0.679453671 0.003110168 0.999955535 0.008903448 -1.114717126 0.007484307 -0.008926516 0.999932170 36.345039368
0.999964058 -0.003442123 -0.007750455 0.686226249 0.003510572 0.999954820 0.008835504 -1.125053644 0.007719692 -0.008862394 0.999930978 36.891082764
0.999960244 -0.003685157 -0.008124063 0.696584105 0.003756990 0.999953866 0.008844550 -1.132663012 0.008091095 -0.008874720 0.999927938 37.443481445
0.999961019 -0.003698875 -0.008017678 0.696976185 0.003773181 0.999949872 0.009272488 -1.157873631 0.007982980 -0.009302378 0.999924839 37.989696503
0.999958992 -0.003780199 -0.008229945 0.718870163 0.003856191 0.999949932 0.009237443 -1.164532065 0.008194612 -0.009268799 0.999923527 38.504646301
0.999957800 -0.003373676 -0.008538986 0.718137026 0.003453129 0.999950647 0.009307259 -1.192966819 0.008507164 -0.009336352 0.999920249 39.014480591
0.999953806 -0.003448136 -0.008970323 0.734772086 0.003535537 0.999946177 0.009745831 -1.212118864 0.008936237 -0.009777095 0.999912322 39.540607452
0.999956548 -0.003535677 -0.008626483 0.733375311 0.003617492 0.999948502 0.009487129 -1.219846249 0.008592495 -0.009517924 0.999917805 40.111709595
0.999959588 -0.002675214 -0.008583071 0.738251925 0.002757448 0.999950230 0.009583425 -1.231319427 0.008557007 -0.009606705 0.999917269 40.662120819
0.999957323 -0.002966932 -0.008750623 0.751061022 0.003047816 0.999952614 0.009244413 -1.235000134 0.008722780 -0.009270689 0.999918997 41.213863373
0.999956965 -0.002896884 -0.008810882 0.754779696 0.002981315 0.999949634 0.009584649 -1.258441687 0.008782674 -0.009610509 0.999915183 41.635498047
0.999958158 -0.002839680 -0.008695541 0.765426815 0.002923290 0.999949515 0.009617728 -1.268724203 0.008667790 -0.009642746 0.999915957 42.174854279
0.999952316 -0.003122576 -0.009254511 0.777230740 0.003210023 0.999950290 0.009449326 -1.281888962 0.009224544 -0.009478582 0.999912500 42.722473145
0.999955118 -0.003006069 -0.008978507 0.767324448 0.003094481 0.999946713 0.009849441 -1.297003508 0.008948422 -0.009876782 0.999911189 43.212799072
0.999955475 -0.002963407 -0.008960289 0.773752034 0.003049531 0.999949276 0.009613489 -1.304568172 0.008931345 -0.009640386 0.999913633 43.742984772
0.999957204 -0.002498687 -0.008907330 0.777534604 0.002581791 0.999953151 0.009330580 -1.317637205 0.008883601 -0.009353178 0.999916792 44.296253204
0.999955118 -0.002815518 -0.009047240 0.791821599 0.002901665 0.999950528 0.009522936 -1.329170227 0.009019979 -0.009548760 0.999913752 44.810546875
0.999954760 -0.002731652 -0.009118092 0.792918026 0.002818806 0.999950409 0.009559228 -1.339862347 0.009091530 -0.009584499 0.999912739 45.347496033
0.999953568 -0.002786455 -0.009225927 0.796110153 0.002876139 0.999948621 0.009721890 -1.354615092 0.009198365 -0.009747975 0.999910176 45.889034271
0.999954283 -0.002773306 -0.009146518 0.799831927 0.002866826 0.999943554 0.010227396 -1.373135448 0.009117639 -0.010253149 0.999905884 46.371734619
0.999955177 -0.002466587 -0.009146541 0.805505157 0.002555632 0.999949336 0.009736430 -1.376952529 0.009122061 -0.009759367 0.999910772 46.917774200
0.999950886 -0.003307752 -0.009342554 0.817515612 0.003400811 0.999944568 0.009962573 -1.388730049 0.009309083 -0.009993856 0.999906719 47.414863586
0.999950707 -0.003226538 -0.009385891 0.825661421 0.003316193 0.999948919 0.009552266 -1.388580918 0.009354590 -0.009582924 0.999910355 48.007625580
0.999950469 -0.003228343 -0.009416573 0.828486204 0.003323676 0.999943197 0.010126021 -1.414420962 0.009383346 -0.010156816 0.999904394 48.477771759
0.999953628 -0.002853094 -0.009197260 0.828128099 0.002947726 0.999942660 0.010292117 -1.419650316 0.009167369 -0.010318750 0.999904692 49.023067474
0.999948502 -0.003301102 -0.009596058 0.836087584 0.003397548 0.999943733 0.010051684 -1.434619069 0.009562337 -0.010083769 0.999903440 49.523315430
0.999952257 -0.003014428 -0.009291931 0.837470889 0.003108723 0.999943674 0.010150373 -1.443075180 0.009260810 -0.010178776 0.999905288 50.071041107
0.999950528 -0.003066927 -0.009454964 0.839388013 0.003166936 0.999938965 0.010580648 -1.457939386 0.009421937 -0.010610068 0.999899268 50.560195923
0.999950588 -0.002942411 -0.009496639 0.848882198 0.003038691 0.999943912 0.010139849 -1.466212511 0.009466271 -0.010168207 0.999903440 51.094249725
0.999949932 -0.003090309 -0.009512677 0.856531799 0.003190137 0.999939799 0.010497035 -1.477868557 0.009479665 -0.010526856 0.999899566 51.623020172
0.999948204 -0.003181986 -0.009665683 0.864846051 0.003280567 0.999942541 0.010200382 -1.487837076 0.009632670 -0.010231562 0.999901235 52.161891937
0.999945045 -0.003351338 -0.009930070 0.871244013 0.003456163 0.999938250 0.010558058 -1.510773659 0.009894074 -0.010591796 0.999894917 52.687545776
0.999950767 -0.002909072 -0.009483609 0.869009316 0.003007751 0.999941289 0.010407690 -1.507605910 0.009452775 -0.010435701 0.999900877 53.196243286
0.999953032 -0.002791713 -0.009286401 0.872823775 0.002887735 0.999942303 0.010342789 -1.520956993 0.009256991 -0.010369118 0.999903440 53.747627258
0.999950647 -0.002843194 -0.009517875 0.887799978 0.002943246 0.999940395 0.010514582 -1.531713247 0.009487414 -0.010542077 0.999899447 54.233367920
0.999950469 -0.002678032 -0.009580383 0.896322727 0.002777628 0.999942124 0.010397621 -1.536882877 0.009551982 -0.010423718 0.999900103 54.784114838
0.999951959 -0.002745151 -0.009409606 0.899534166 0.002843460 0.999941349 0.010450331 -1.553977966 0.009380367 -0.010476586 0.999901175 55.320983887
0.999949694 -0.003104011 -0.009544090 0.901927948 0.003202880 0.999941170 0.010361359 -1.561803341 0.009511367 -0.010391405 0.999900818 55.880970001
0.999951243 -0.002845877 -0.009453432 0.914420128 0.002944193 0.999941587 0.010402465 -1.575150013 0.009423275 -0.010429792 0.999901235 56.386280060
0.999950528 -0.003249560 -0.009396231 0.914579570 0.003349515 0.999937773 0.010641763 -1.584103346 0.009361064 -0.010672710 0.999899209 56.843250275
0.999950349 -0.003077038 -0.009473395 0.925186574 0.003177782 0.999938428 0.010637773 -1.594367862 0.009440078 -0.010667347 0.999898553 57.373012543
0.999955952 -0.002333018 -0.009092436 0.929301500 0.002428084 0.999942422 0.010458537 -1.607332468 0.009067511 -0.010480154 0.999903977 57.913570404
0.999952137 -0.003013525 -0.009301262 0.932250977 0.003112799 0.999938130 0.010677237 -1.611241341 0.009268512 -0.010705678 0.999899745 58.437362671
0.999958098 -0.001976454 -0.008942000 0.954559624 0.002066863 0.999946773 0.010112723 -1.587893724 0.008921535 -0.010130780 0.999908864 59.268291473
0.999953687 -0.002657301 -0.009250668 0.949766994 0.002754973 0.999940455 0.010561618 -1.631603360 0.009222052 -0.010586614 0.999901474 59.533592224
0.999952197 -0.002419267 -0.009468400 0.965254486 0.002526699 0.999932349 0.011350958 -1.645316124 0.009440299 -0.011374339 0.999890745 60.078529358
0.999941766 -0.003600314 -0.010170219 0.973372221 0.003717250 0.999926925 0.011502560 -1.689025164 0.010128065 -0.011539698 0.999882162 60.488849640
0.999953687 -0.002689895 -0.009242236 0.974515021 0.002787794 0.999939919 0.010596001 -1.671149611 0.009213177 -0.010621278 0.999901175 61.072486877
0.999950707 -0.003092173 -0.009435904 0.974605441 0.003189464 0.999941647 0.010313090 -1.669219494 0.009403463 -0.010342678 0.999902308 61.638324738
0.999951661 -0.002478637 -0.009524943 0.983124495 0.002578018 0.999942183 0.010435677 -1.686429501 0.009498527 -0.010459726 0.999900222 62.183712006
0.999952734 -0.002331427 -0.009442419 0.980707586 0.002434365 0.999937594 0.010904880 -1.696969867 0.009416404 -0.010927352 0.999895930 62.691474915
0.999951422 -0.002415375 -0.009558274 0.987765491 0.002520007 0.999936819 0.010949881 -1.703972936 0.009531222 -0.010973436 0.999894381 63.225830078
0.999956250 -0.002296776 -0.009064896 0.947345555 0.002389402 0.999944985 0.010220517 -1.733140469 0.009040923 -0.010241731 0.999906659 63.799152374
0.999953389 -0.002687643 -0.009272519 0.988516927 0.002791616 0.999933124 0.011218378 -1.746575356 0.009241750 -0.011243740 0.999894083 64.272941589
0.999954462 -0.002467622 -0.009218190 0.991075039 0.002568102 0.999937177 0.010904344 -1.752727747 0.009190704 -0.010927521 0.999898136 64.829238892
0.999951184 -0.002656206 -0.009510008 0.999587774 0.002761034 0.999935448 0.011026809 -1.763694525 0.009480104 -0.011052529 0.999894023 65.364105225
0.999943972 -0.003352331 -0.010035197 1.009543896 0.003463322 0.999932826 0.011063308 -1.780622363 0.009997435 -0.011097444 0.999888480 65.887992859
0.999938726 -0.004336059 -0.010187211 1.005647063 0.004447236 0.999930561 0.010916270 -1.780105829 0.010139170 -0.010960906 0.999888539 66.439018250
0.999956131 -0.002146622 -0.009129313 0.990626216 0.002251935 0.999930859 0.011541083 -1.813079596 0.009103908 -0.011561135 0.999891698 66.899551392
0.999950230 -0.002548454 -0.009642781 1.002430201 0.002657597 0.999932349 0.011322754 -1.821208715 0.009613273 -0.011347816 0.999889374 67.443450928
0.999951363 -0.002239092 -0.009612524 1.010583282 0.002347626 0.999933481 0.011294438 -1.835105896 0.009586596 -0.011316453 0.999889970 67.982803345
0.999956071 -0.001477002 -0.009254784 1.019585133 0.001579415 0.999937415 0.011068363 -1.837205172 0.009237858 -0.011082495 0.999895811 68.507637024
0.999952674 -0.002443712 -0.009414459 1.017680526 0.002545810 0.999937832 0.010848076 -1.835404992 0.009387364 -0.010871530 0.999896824 69.033065796
0.999960482 -0.001978199 -0.008663915 1.007171869 0.002078028 0.999931395 0.011528593 -1.868908167 0.008640514 -0.011546143 0.999895930 69.491889954
0.999959648 -0.001959627 -0.008768100 1.013355017 0.002058875 0.999933779 0.011324611 -1.876056671 0.008745326 -0.011342207 0.999897420 70.036972046
0.999962866 -0.001480581 -0.008489052 1.014396906 0.001572139 0.999940574 0.010788938 -1.880829573 0.008472571 -0.010801886 0.999905705 70.600738525
0.999958813 -0.002324681 -0.008771455 1.035210133 0.002423419 0.999933600 0.011262910 -1.906244278 0.008744689 -0.011283705 0.999898076 71.079902649
0.999960184 -0.001647427 -0.008767934 1.035261393 0.001750407 0.999929368 0.011750334 -1.915125370 0.008747958 -0.011765214 0.999892473 71.630683899
0.999959290 -0.001911984 -0.008814911 1.044047952 0.002016000 0.999928236 0.011806170 -1.926101208 0.008791707 -0.011823462 0.999891460 72.187210083
0.999961615 -0.001721031 -0.008586283 1.046395183 0.001822266 0.999928713 0.011796456 -1.936205387 0.008565369 -0.011811649 0.999893486 72.696250916
0.999965131 -0.000796856 -0.008314734 1.047632456 0.000896902 0.999927104 0.012035627 -1.951085329 0.008304537 -0.012042663 0.999892950 73.248199463
0.999960542 -0.001581047 -0.008742227 1.064082861 0.001684514 0.999928474 0.011840697 -1.961878777 0.008722881 -0.011854956 0.999891639 73.758628845
0.999958217 -0.001818004 -0.008952186 1.065022826 0.001923174 0.999929070 0.011753486 -1.966775179 0.008930184 -0.011770213 0.999890804 74.298103333
0.999966204 -0.001018041 -0.008151973 1.055720210 0.001111140 0.999934196 0.011424045 -1.972862244 0.008139807 -0.011432717 0.999901474 74.833129883
0.999968767 -0.001189674 -0.007814696 1.044976473 0.001278924 0.999933898 0.011425766 -1.991905451 0.007800587 -0.011435405 0.999904156 75.358924866
0.999963641 -0.001522290 -0.008389827 1.044927120 0.001623727 0.999925435 0.012096966 -2.015250444 0.008370786 -0.012110150 0.999891579 75.845016479
0.999962628 -0.002079879 -0.008399024 1.053009510 0.002180860 0.999925196 0.012031647 -2.024208546 0.008373370 -0.012049516 0.999892354 76.397758484
0.999964714 -0.001757023 -0.008212815 1.062763214 0.001854287 0.999928057 0.011850446 -2.025900364 0.008191402 -0.011865255 0.999895990 76.904838562
0.999966383 -0.001473094 -0.008059176 1.063767076 0.001570558 0.999925554 0.012100634 -2.040891886 0.008040751 -0.012112885 0.999894321 77.426132202
0.999969006 -0.001058133 -0.007803856 1.074518085 0.001152659 0.999925852 0.012118175 -2.054199696 0.007790456 -0.012126794 0.999896049 77.959053040
0.999968946 -0.001861279 -0.007648813 1.083398819 0.001952291 0.999927163 0.011908649 -2.057365417 0.007626090 -0.011923213 0.999899864 78.503822327
0.999978244 -0.001601078 -0.006400113 1.089541912 0.001676593 0.999928832 0.011811190 -2.063826323 0.006380747 -0.011821664 0.999909699 79.050788879
0.999986470 -0.001778727 -0.004890253 1.102248430 0.001836703 0.999927819 0.011876645 -2.074384451 0.004868775 -0.011885467 0.999917448 79.597969055
0.999992847 -0.001426367 -0.003541586 1.108905792 0.001467822 0.999930084 0.011730218 -2.084297180 0.003524607 -0.011735329 0.999924898 80.135658264
0.999999344 -0.001143880 -0.000141820 1.133430481 0.001145527 0.999924719 0.012212962 -2.094056606 0.000127839 -0.012213116 0.999925375 80.692848206
0.999991179 -0.000702636 0.004145797 1.145848870 0.000652408 0.999926507 0.012104393 -2.115785122 -0.004153998 -0.012101581 0.999918103 81.202026367
0.999975741 -0.001489444 0.006802824 1.167019248 0.001407284 0.999926209 0.012066286 -2.117878675 -0.006820295 -0.012056420 0.999904037 81.728729248
0.999935627 -0.001065699 0.011301888 1.212436557 0.000935790 0.999933600 0.011493461 -2.125751972 -0.011313385 -0.011482143 0.999870002 82.256889343
0.999844909 -0.001051837 0.017576668 1.211797833 0.000838553 0.999925971 0.012137436 -2.137513161 -0.017588129 -0.012120816 0.999771833 82.814674377
0.999739647 -0.001832687 0.022742581 1.245531797 0.001570414 0.999932110 0.011544760 -2.144172192 -0.022762194 -0.011506041 0.999674618 83.366287231
0.999584496 -0.001540116 0.028782738 1.280280948 0.001203442 0.999930680 0.011710748 -2.153150082 -0.028798779 -0.011671244 0.999517083 83.891792297
0.999328196 -0.000978253 0.036635019 1.315561175 0.000544772 0.999929786 0.011840521 -2.154062510 -0.036644030 -0.011812609 0.999258578 84.472038269
0.999020100 -0.002212774 0.044203591 1.371999741 0.001688286 0.999927759 0.011899098 -2.174880028 -0.044226728 -0.011812808 0.998951674 84.975357056
0.998702049 -0.002792468 0.050855916 1.420210600 0.002192542 0.999927342 0.011848552 -2.178957224 -0.050885316 -0.011721670 0.998635709 85.522880554
0.998198211 -0.002521646 0.059952088 1.468734980 0.001820179 0.999929249 0.011752198 -2.184524775 -0.059977490 -0.011621897 0.998132050 86.048210144
0.997552991 -0.002700305 0.069861867 1.530153751 0.001869852 0.999926805 0.011949732 -2.199017048 -0.069889031 -0.011789861 0.997485042 86.591926575
0.996934950 -0.003056095 0.078174293 1.599191666 0.002140296 0.999928057 0.011795939 -2.206783295 -0.078204729 -0.011592468 0.996869862 87.135375977
0.996259987 -0.002839937 0.086358845 1.661653996 0.001856403 0.999932468 0.011467087 -2.214550495 -0.086385593 -0.011263885 0.996198118 87.680938721
0.995312870 -0.003299995 0.096650809 1.742700100 0.002198723 0.999931455 0.011498624 -2.221691132 -0.096682116 -0.011232221 0.995251954 88.213661194
0.994206131 -0.003637703 0.107428953 1.821386814 0.002392583 0.999928594 0.011716783 -2.233450413 -0.107463904 -0.011391866 0.994143665 88.753005981
0.993205667 -0.004030825 0.116302624 1.911557198 0.002708180 0.999929905 0.011528223 -2.241458893 -0.116340935 -0.011134928 0.993146896 89.302886963
0.991844773 -0.004150989 0.127384827 2.003747940 0.002670860 0.999926984 0.011787970 -2.251399994 -0.127424464 -0.011351607 0.991783321 89.844757080
0.990185261 -0.004270554 0.139695659 2.097265244 0.002615422 0.999924183 0.012029566 -2.263443470 -0.139736474 -0.011546136 0.990121365 90.379653931
0.988661587 -0.004854306 0.150082186 2.205001831 0.003105351 0.999924541 0.011885474 -2.274484634 -0.150128558 -0.011284652 0.988602102 90.907730103
0.987042129 -0.004929684 0.160386413 2.317625999 0.003066582 0.999924958 0.011861779 -2.282227039 -0.160432860 -0.011216237 0.986983001 91.449829102
0.984892547 -0.005479197 0.173080415 2.441839218 0.003533120 0.999927044 0.011549860 -2.291047335 -0.173131064 -0.010763857 0.984839916 91.978103638
0.982632995 -0.005999703 0.185462579 2.559823990 0.003861170 0.999921858 0.011889847 -2.302601099 -0.185519427 -0.010967254 0.982579410 92.520370483
0.980644226 -0.006229754 0.195698664 2.683221817 0.003985249 0.999921739 0.011860855 -2.308031559 -0.195757255 -0.010851372 0.980592370 93.051338196
0.977950454 -0.006670246 0.208730340 2.822303772 0.004213539 0.999916553 0.012212199 -2.321956158 -0.208794385 -0.011063435 0.977896929 93.585205078
0.974975109 -0.006607474 0.222215921 2.964141846 0.003975302 0.999916494 0.012290305 -2.329629898 -0.222278580 -0.011099365 0.974920154 94.105468750
0.972330749 -0.006689708 0.233512759 3.106218338 0.003987680 0.999919474 0.012041423 -2.336167574 -0.233574495 -0.010777073 0.972279191 94.629554749
0.969332457 -0.006873652 0.245656475 3.258764267 0.004045502 0.999919593 0.012015406 -2.347103596 -0.245719314 -0.010653120 0.969282448 95.143714905
0.965768993 -0.007086581 0.259306759 3.428085327 0.004106051 0.999919116 0.012034054 -2.361652851 -0.259371102 -0.010557389 0.965719998 95.646987915
0.962448835 -0.007480136 0.271359980 3.599090576 0.004297122 0.999914825 0.012322156 -2.370564938 -0.271429032 -0.010693379 0.962399006 96.173324585
0.959043145 -0.007723074 0.283154815 3.791711807 0.004356465 0.999912143 0.012517384 -2.371870995 -0.283226579 -0.010771158 0.958992481 96.744468689
0.954573572 -0.006759078 0.297898650 3.983512878 0.003151958 0.999915838 0.012587279 -2.366385460 -0.297958612 -0.011076521 0.954514503 97.271514893
0.950362682 -0.007380691 0.311056703 4.180501938 0.003518998 0.999909639 0.012974164 -2.388216496 -0.311124355 -0.011235553 0.950302780 97.812591553
0.946649313 -0.008261492 0.322159588 4.380283356 0.004300263 0.999906182 0.013005591 -2.395600796 -0.322236866 -0.010926362 0.946596026 98.327644348
0.942112744 -0.008372422 0.335192114 4.584838867 0.004239904 0.999905765 0.013058685 -2.404730320 -0.335269839 -0.010881566 0.942059278 98.839721680
0.936998546 -0.008410606 0.349231929 4.799627304 0.004069820 0.999905109 0.013161431 -2.416282177 -0.349309474 -0.010910931 0.936943889 99.342941284
0.932392240 -0.008983798 0.361336350 5.020206451 0.004464210 0.999901056 0.013340797 -2.426470995 -0.361420453 -0.010825774 0.932340086 99.852661133
0.928091407 -0.009151119 0.372239798 5.240512848 0.004530863 0.999901474 0.013284884 -2.434960604 -0.372324675 -0.010643020 0.928041518 100.356750488
0.922654212 -0.009404454 0.385513574 5.470907211 0.004628696 0.999900639 0.013314281 -2.438695908 -0.385600418 -0.010500053 0.922606111 100.853424072
0.917049050 -0.009590280 0.398659050 5.707843781 0.004635158 0.999899507 0.013391519 -2.446578026 -0.398747444 -0.010432833 0.917001426 101.344604492
0.911899626 -0.010199673 0.410286456 5.956035614 0.005093627 0.999895334 0.013536227 -2.456189871 -0.410381585 -0.010253835 0.911856174 101.850303650
0.905632913 -0.010556895 0.423931062 6.215400696 0.005252614 0.999892652 0.013678690 -2.462329865 -0.424030006 -0.010161126 0.905591130 102.339729309
0.898899496 -0.010494449 0.438029468 6.486106873 0.005113935 0.999896288 0.013461306 -2.469234467 -0.438125372 -0.009860305 0.898859799 102.831329346
0.893040538 -0.010779542 0.449847221 6.758674622 0.005252877 0.999894619 0.013532094 -2.479668617 -0.449945748 -0.009721713 0.893003047 103.305679321
0.887414098 -0.011499469 0.460829645 7.028987885 0.005814409 0.999888480 0.013754322 -2.483216763 -0.460936427 -0.009526327 0.887382030 103.788520813
0.880253434 -0.012127958 0.474349082 7.312564850 0.006298415 0.999883890 0.013876596 -2.490468025 -0.474462271 -0.009227273 0.880227506 104.265747070
0.873470306 -0.012285887 0.486722350 7.603134155 0.006161924 0.999880373 0.014180901 -2.498607635 -0.486838400 -0.009387448 0.873441637 104.728683472
