1.000000000 0.000000000 0.000000000 0.000000000 0.000000000 1.000000000 0.000000000 0.000000000 0.000000000 0.000000000 1.000000000 0.000000000
1.000000000 -0.000010955 0.000121344 -0.000786824 0.000010948 1.000000000 0.000057820 -0.000050597 -0.000121345 -0.000057818 1.000000000 0.000262114
0.999999940 0.000178032 0.000169775 -0.001685774 -0.000178048 1.000000000 0.000097580 0.000761825 -0.000169757 -0.000097610 1.000000000 0.002257592
1.000000000 0.000114160 -0.000007498 0.000446646 -0.000114158 1.000000000 0.000169363 -0.000934323 0.000007518 -0.000169362 1.000000000 -0.000278244
0.999999940 0.000213430 0.000136315 -0.001137722 -0.000213440 1.000000000 0.000076333 0.000074088 -0.000136298 -0.000076362 1.000000000 0.000546581
1.000000000 -0.000014464 0.000036294 -0.000541773 0.000014462 1.000000000 0.000049274 -0.000147166 -0.000036295 -0.000049273 1.000000000 -0.000797726
1.000000000 -0.000113498 0.000135669 -0.001394217 0.000113506 1.000000000 -0.000055756 0.001220427 -0.000135663 0.000055771 1.000000000 0.002145051
1.000000000 -0.000153581 0.000164794 -0.000714023 0.000153574 1.000000000 0.000042515 0.000567904 -0.000164801 -0.000042490 1.000000000 0.001889046
1.000000000 0.000003422 0.000148640 -0.001216816 -0.000003417 1.000000000 -0.000034889 0.001030366 -0.000148640 0.000034888 1.000000000 0.002241255
1.000000000 -0.000070916 0.000186593 -0.001005817 0.000070916 1.000000000 -0.000001908 0.000370439 -0.000186593 0.000001921 1.000000000 0.000275689
0.999999940 -0.000101203 0.000233053 -0.001031359 0.000101199 1.000000000 0.000020786 0.001412943 -0.000233056 -0.000020762 1.000000000 0.002631926
1.000000000 -0.000053388 0.000095127 -0.000317846 0.000053381 1.000000000 0.000067145 -0.000023760 -0.000095130 -0.000067140 1.000000000 0.000647806
1.000000000 -0.000057991 0.000167543 -0.000812539 0.000057988 1.000000000 0.000019225 0.001201139 -0.000167544 -0.000019215 1.000000000 0.002929783
0.999999940 -0.000039515 0.000254035 -0.002216717 0.000039474 1.000000000 0.000160909 0.001038656 -0.000254041 -0.000160899 0.999999940 0.004013176
1.000000000 -0.000015031 0.000147904 -0.001726910 0.000015022 1.000000000 0.000060292 0.001132479 -0.000147905 -0.000060290 1.000000000 0.003412757
1.000000000 0.000027201 0.000110929 -0.001360763 -0.000027212 1.000000000 0.000096714 0.000059350 -0.000110926 -0.000096718 1.000000000 0.001910659
1.000000000 0.000010464 0.000151716 -0.001095413 -0.000010481 1.000000000 0.000111484 -0.000751620 -0.000151715 -0.000111486 1.000000000 -0.000074478
0.999999940 0.000059731 0.000305557 -0.001501444 -0.000059764 1.000000000 0.000107028 0.000045027 -0.000305551 -0.000107046 0.999999940 0.001279333
0.999999940 0.000101100 0.000271684 -0.002943390 -0.000101122 1.000000000 0.000080354 0.000505412 -0.000271676 -0.000080381 0.999999940 0.002841160
0.999999940 0.000168490 0.000190406 -0.002176173 -0.000168508 1.000000000 0.000098764 0.000784191 -0.000190390 -0.000098796 1.000000000 0.003580854
0.999999881 0.000312063 0.000303839 -0.003071420 -0.000312114 0.999999940 0.000168572 0.000692012 -0.000303786 -0.000168666 0.999999940 0.003925379
0.999999881 0.000393385 0.000341580 -0.002907587 -0.000393406 0.999999940 0.000059401 0.000270033 -0.000341557 -0.000059535 0.999999940 0.001457543
1.000000000 0.000043908 0.000225917 -0.002287866 -0.000043923 1.000000000 0.000066354 0.000757384 -0.000225914 -0.000066364 1.000000000 0.002662370
0.999999940 0.000124254 0.000326004 -0.001749166 -0.000124292 1.000000000 0.000115568 -0.000176825 -0.000325989 -0.000115608 0.999999940 0.001803038
0.999999940 0.000054580 0.000307287 -0.002733682 -0.000054577 1.000000000 -0.000012168 0.001209429 -0.000307288 0.000012151 0.999999940 0.001666660
1.000000000 0.000032724 0.000197423 -0.000475500 -0.000032728 1.000000000 0.000022173 0.000811325 -0.000197422 -0.000022180 1.000000000 0.000783383
0.999999940 -0.000016699 0.000293123 -0.002020541 0.000016675 1.000000000 0.000081709 0.000308253 -0.000293124 -0.000081705 0.999999940 0.000945432
1.000000000 0.000006280 0.000193308 -0.000371979 -0.000006289 1.000000000 0.000048146 0.000249231 -0.000193308 -0.000048147 1.000000000 0.000232085
0.999999940 0.000251582 0.000338902 -0.003601086 -0.000251552 0.999999940 -0.000091162 0.002338738 -0.000338925 0.000091076 0.999999940 0.003599090
0.999999940 0.000080265 0.000257665 -0.003420850 -0.000080261 1.000000000 -0.000014059 0.002294441 -0.000257666 0.000014038 0.999999940 0.004515976
0.999999940 0.000163065 0.000345317 -0.003023115 -0.000163094 1.000000000 0.000085203 0.001024694 -0.000345303 -0.000085259 0.999999940 0.003136521
0.999999940 -0.000065356 0.000247632 -0.001715214 0.000065336 1.000000000 0.000083446 0.000516922 -0.000247638 -0.000083430 0.999999940 0.001174988
0.999999940 0.000131756 0.000349950 -0.003476192 -0.000131745 1.000000000 -0.000032711 0.001901219 -0.000349954 0.000032665 0.999999940 0.003439111
0.999999881 0.000148249 0.000428496 -0.002790129 -0.000148225 1.000000000 -0.000055341 0.001860100 -0.000428504 0.000055278 0.999999881 0.003291256
0.999999940 0.000154209 0.000247962 -0.000863544 -0.000154234 1.000000000 0.000101392 -0.000197240 -0.000247946 -0.000101430 0.999999940 0.000191729
0.999999940 0.000141069 0.000340612 -0.002690896 -0.000141045 1.000000000 -0.000070771 0.003194700 -0.000340622 0.000070723 0.999999940 0.005220383
0.999999940 0.000131026 0.000298582 -0.003319774 -0.000130991 1.000000000 -0.000115343 0.004713673 -0.000298597 0.000115304 0.999999940 0.007214811
0.999999940 -0.000133426 0.000249418 -0.000987283 0.000133414 1.000000000 0.000049529 0.001285459 -0.000249424 -0.000049495 0.999999940 0.002800366
0.999999940 0.000130758 0.000273984 -0.002699193 -0.000130785 1.000000000 0.000097794 0.001964698 -0.000273972 -0.000097830 0.999999940 0.005109285
0.999999940 -0.000080775 0.000245252 -0.001208227 0.000080763 1.000000000 0.000050298 0.001489257 -0.000245257 -0.000050278 0.999999940 0.003014077
0.999999881 -0.000037727 0.000461823 -0.002878278 0.000037733 1.000000000 -0.000014012 0.001635613 -0.000461823 0.000014029 0.999999881 0.004755979
0.999999940 -0.000271639 0.000251647 -0.000160979 0.000271835 0.999999642 -0.000782640 0.001019088 -0.000251435 0.000782708 0.999999642 0.054749232
0.999999940 0.000187293 0.000346366 -0.001239947 -0.000186904 0.999999344 -0.001121858 -0.005662922 -0.000346576 0.001121793 0.999999285 0.133298561
1.000000000 0.000159365 0.000125553 0.002717070 -0.000159149 0.999998510 -0.001721521 -0.002524510 -0.000125827 0.001721501 0.999998510 0.256604493
1.000000000 0.000169963 0.000103066 0.004902991 -0.000169828 0.999999106 -0.001304865 -0.010297334 -0.000103288 0.001304847 0.999999166 0.386985332
0.999999940 0.000221701 0.000213770 0.007988821 -0.000221487 0.999999464 -0.001000370 -0.015994621 -0.000213991 0.001000323 0.999999464 0.525382638
0.999999940 0.000319040 0.000120970 0.013153726 -0.000318928 0.999999523 -0.000931748 -0.024584122 -0.000121267 0.000931709 0.999999583 0.669651866
0.999999762 0.000511260 0.000445347 0.015761843 -0.000510837 0.999999404 -0.000951019 -0.023711227 -0.000445833 0.000950792 0.999999464 0.842182279
0.999999940 0.000391030 0.000148591 0.018018210 -0.000390936 0.999999702 -0.000630874 -0.028145079 -0.000148838 0.000630816 0.999999762 1.015710354
1.000000000 -0.000053616 -0.000001791 0.022279328 0.000053615 0.999999940 -0.000381231 -0.033936266 0.000001811 0.000381231 0.999999940 1.191816092
0.999999762 0.000551542 0.000376987 0.017302344 -0.000551308 0.999999642 -0.000619023 -0.035028495 -0.000377328 0.000618815 0.999999762 1.372157216
1.000000000 0.000183640 0.000017387 0.035472043 -0.000183641 1.000000000 0.000085342 -0.051910359 -0.000017371 -0.000085345 1.000000000 1.566890717
0.999999762 0.000480636 0.000444255 0.036642969 -0.000480528 0.999999881 -0.000244423 -0.051301986 -0.000444372 0.000244210 0.999999881 1.759870648
0.999999881 0.000471135 0.000206643 0.037161686 -0.000471003 0.999999702 -0.000639734 -0.049377955 -0.000206944 0.000639636 0.999999762 1.949747682
0.999999583 0.000597363 0.000660965 0.037682496 -0.000597292 0.999999821 -0.000106530 -0.066540286 -0.000661028 0.000106135 0.999999762 2.160562515
0.999998868 0.001038745 0.001033853 0.030202944 -0.001038151 0.999999285 -0.000575166 -0.076018110 -0.001034450 0.000574093 0.999999285 2.381050348
0.999998569 0.001383317 0.000973679 0.041570209 -0.001383136 0.999999106 -0.000186386 -0.086602584 -0.000973936 0.000185039 0.999999583 2.594532967
0.999998987 0.001216404 0.000908445 0.042542085 -0.001216100 0.999999225 -0.000334495 -0.094089359 -0.000908852 0.000333389 0.999999464 2.821646690
0.999999404 0.000979092 0.000672519 0.049857602 -0.000979075 0.999999583 -0.000025464 -0.101077393 -0.000672544 0.000024806 0.999999702 3.060306311
0.999999404 0.000845888 0.000776692 0.051304094 -0.000845484 0.999999523 -0.000519503 -0.102313921 -0.000777132 0.000518846 0.999999583 3.298390388
0.999999106 0.000909240 0.000930903 0.055307020 -0.000908891 0.999999464 -0.000376020 -0.111379921 -0.000931245 0.000375173 0.999999523 3.531961203
0.999999642 0.000596665 0.000633460 0.061957829 -0.000596254 0.999999583 -0.000648865 -0.113392584 -0.000633847 0.000648487 0.999999583 3.793764353
0.999999344 0.000762468 0.000818983 0.067305788 -0.000761877 0.999999404 -0.000722413 -0.121965691 -0.000819533 0.000721789 0.999999464 4.050595760
0.999999285 0.000882185 0.000814120 0.070714504 -0.000882064 0.999999583 -0.000148478 -0.130568132 -0.000814251 0.000147760 0.999999642 4.308120728
0.999998629 0.001046216 0.001287083 0.073764853 -0.001046237 0.999999464 0.000015053 -0.139629632 -0.001287067 -0.000016400 0.999999166 4.556385994
0.999998033 0.001389334 0.001414880 0.079393893 -0.001389494 0.999998987 0.000112505 -0.145525604 -0.001414723 -0.000114471 0.999998927 4.813240051
0.999998748 0.000864126 0.001274421 0.084564984 -0.000864299 0.999999642 0.000134914 -0.152641818 -0.001274304 -0.000136015 0.999999166 5.085892200
0.999998391 0.001195671 0.001312590 0.088222779 -0.001195695 0.999999285 0.000017866 -0.158332273 -0.001312567 -0.000019435 0.999999106 5.338975430
0.999998152 0.001162652 0.001546130 0.095997922 -0.001162325 0.999999404 -0.000212172 -0.165496632 -0.001546376 0.000210374 0.999998808 5.614343166
0.999997973 0.001433159 0.001417160 0.101220846 -0.001433406 0.999998927 0.000173505 -0.175802767 -0.001416911 -0.000175536 0.999998987 5.879580975
0.999998212 0.001053690 0.001582990 0.109202914 -0.001054133 0.999999404 0.000278773 -0.185300261 -0.001582695 -0.000280441 0.999998748 6.159669876
0.999998033 0.001237877 0.001541431 0.115111172 -0.001238036 0.999999225 0.000102767 -0.193533450 -0.001541303 -0.000104675 0.999998808 6.430728436
0.999998450 0.000619604 0.001649738 0.119518191 -0.000619798 0.999999762 0.000117096 -0.202244073 -0.001649665 -0.000118119 0.999998569 6.718881607
0.999997437 0.001234345 0.001908968 0.121322893 -0.001234127 0.999999225 -0.000115461 -0.206827208 -0.001909110 0.000113105 0.999998212 7.022990227
0.999998212 0.001041572 0.001577273 0.134609312 -0.001042161 0.999999404 0.000372459 -0.223521456 -0.001576884 -0.000374102 0.999998689 7.311290264
0.999997854 0.001127995 0.001733421 0.145840392 -0.001128195 0.999999285 0.000114165 -0.231178373 -0.001733292 -0.000116120 0.999998510 7.616448879
0.999998629 0.001062346 0.001273385 0.156452671 -0.001063304 0.999999106 0.000752308 -0.247512460 -0.001272585 -0.000753661 0.999998927 7.927537918
0.999997854 0.001054907 0.001758926 0.157259285 -0.001055305 0.999999404 0.000224905 -0.246295974 -0.001758688 -0.000226760 0.999998450 8.252414703
0.999997199 0.001273003 0.001984469 0.162034571 -0.001273870 0.999998987 0.000435741 -0.261438280 -0.001983912 -0.000438268 0.999997973 8.571934700
0.999996722 0.001255883 0.002221068 0.172486365 -0.001257002 0.999999046 0.000502577 -0.265279561 -0.002220435 -0.000505368 0.999997377 8.899346352
0.999997437 0.001064232 0.001981336 0.185389429 -0.001065502 0.999999285 0.000640040 -0.280235767 -0.001980654 -0.000642150 0.999997795 9.233695984
0.999997199 0.001178570 0.002067704 0.189014062 -0.001180116 0.999999046 0.000746628 -0.290030897 -0.002066822 -0.000749066 0.999997556 9.579285622
0.999995053 0.001893614 0.002506520 0.195917234 -0.001894268 0.999998212 0.000258499 -0.295364946 -0.002506026 -0.000263246 0.999996781 9.929526329
0.999996841 0.001409505 0.002091407 0.209753394 -0.001410441 0.999998927 0.000445953 -0.305123210 -0.002090776 -0.000448901 0.999997616 10.293175697
0.999997318 0.000959419 0.002090229 0.220760986 -0.000961557 0.999998987 0.001022055 -0.316791713 -0.002089246 -0.001024062 0.999997318 10.613471985
0.999996722 0.001238995 0.002259606 0.227466837 -0.001241288 0.999998629 0.001013982 -0.323539317 -0.002258347 -0.001016783 0.999996960 10.984326363
0.999995828 0.001231604 0.002632838 0.235454470 -0.001234636 0.999998510 0.001150082 -0.337625891 -0.002631417 -0.001153328 0.999995887 11.354988098
0.999996960 0.000730300 0.002350474 0.250632048 -0.000732103 0.999999464 0.000766291 -0.338266313 -0.002349913 -0.000768010 0.999996960 11.739695549
0.999996483 0.000947357 0.002469095 0.260622084 -0.000949045 0.999999344 0.000682365 -0.351405859 -0.002468448 -0.000684706 0.999996662 12.122608185
0.999996126 0.001280180 0.002468491 0.274630368 -0.001281206 0.999999106 0.000413869 -0.359342873 -0.002467959 -0.000417030 0.999996841 12.504879951
0.999994755 0.001725166 0.002722247 0.279630870 -0.001725475 0.999998450 0.000111375 -0.367863387 -0.002722050 -0.000116072 0.999996305 12.904654503
0.999995768 0.001381108 0.002556197 0.293504864 -0.001382341 0.999998868 0.000480740 -0.379016697 -0.002555530 -0.000484271 0.999996543 13.297515869
0.999994993 0.000884008 0.003016190 0.302399248 -0.000886351 0.999999285 0.000775624 -0.387837350 -0.003015503 -0.000778294 0.999995112 13.711531639
0.999993145 0.001167150 0.003517947 0.305589259 -0.001168661 0.999999225 0.000427748 -0.398292571 -0.003517445 -0.000431857 0.999993682 14.126963615
0.999995768 0.000642560 0.002830849 0.334126502 -0.000643920 0.999999642 0.000479495 -0.406062752 -0.002830539 -0.000481316 0.999995828 14.546948433
0.999994636 0.000556773 0.003206614 0.346278369 -0.000558753 0.999999702 0.000616885 -0.415681213 -0.003206270 -0.000618674 0.999994636 14.980933189
0.999994874 0.000830364 0.003087261 0.362325639 -0.000830648 0.999999583 0.000090670 -0.420214772 -0.003087184 -0.000093234 0.999995232 15.401749611
0.999992549 0.000730316 0.003788923 0.372342646 -0.000731287 0.999999702 0.000254952 -0.432382643 -0.003788736 -0.000257721 0.999992788 15.839603424
0.999992847 0.000879272 0.003657586 0.391672373 -0.000880913 0.999999523 0.000446898 -0.446024537 -0.003657190 -0.000450117 0.999993205 16.276927948
0.999989510 0.001117075 0.004432223 0.398564726 -0.001118020 0.999999344 0.000210774 -0.455142558 -0.004431985 -0.000215727 0.999990106 16.728418350
0.999989450 0.001134280 0.004445520 0.413899958 -0.001135615 0.999999285 0.000297879 -0.468668699 -0.004445179 -0.000302924 0.999990046 17.179504395
0.999987066 0.001192228 0.004942024 0.424483776 -0.001195193 0.999999166 0.000597088 -0.482502133 -0.004941307 -0.000602987 0.999987543 17.641422272
0.999986708 0.001059786 0.005043197 0.440461934 -0.001061646 0.999999344 0.000366152 -0.491689533 -0.005042806 -0.000371502 0.999987245 18.108392715
0.999985278 0.001034864 0.005317888 0.452004582 -0.001037322 0.999999285 0.000459339 -0.502473295 -0.005317410 -0.000464849 0.999985754 18.581344604
0.999986827 0.001179749 0.004990855 0.480678439 -0.001181442 0.999999344 0.000336308 -0.513864219 -0.004990454 -0.000342200 0.999987483 19.040584564
0.999984264 0.001474480 0.005408986 0.494374990 -0.001475079 0.999998868 0.000106705 -0.524733424 -0.005408822 -0.000114682 0.999985337 19.522302628
0.999983191 0.001731133 0.005531372 0.503111005 -0.001733673 0.999998331 0.000454402 -0.540125310 -0.005530577 -0.000463984 0.999984622 19.997892380
0.999985814 0.001573738 0.005092398 0.521654844 -0.001574643 0.999998748 0.000173679 -0.553945720 -0.005092118 -0.000181696 0.999987006 20.519577026
0.999985933 0.001470106 0.005086561 0.531692564 -0.001470502 0.999998927 0.000074175 -0.563683271 -0.005086447 -0.000081653 0.999987066 21.019214630
0.999986351 0.001630405 0.004971516 0.540350437 -0.001629563 0.999998629 -0.000173489 -0.570946932 -0.004971793 0.000165385 0.999987602 21.526866913
0.999988139 0.002286012 0.004304966 0.561111987 -0.002285338 0.999997377 -0.000161475 -0.580409527 -0.004305324 0.000151635 0.999990702 22.020893097
0.999987900 0.002443850 0.004272064 0.573886216 -0.002442193 0.999996901 -0.000392980 -0.588870943 -0.004273010 0.000382542 0.999990821 22.530460358
0.999989510 0.003013643 0.003459860 0.589148104 -0.003014448 0.999995470 0.000227636 -0.610258520 -0.003459157 -0.000238064 0.999993980 23.041242599
0.999995410 0.002338158 0.001939705 0.621835172 -0.002338044 0.999997258 -0.000061045 -0.626498938 -0.001939843 0.000056510 0.999998033 23.577547073
0.999997497 0.001700783 0.001472850 0.632811189 -0.001699838 0.999998331 -0.000642861 -0.638421237 -0.001473941 0.000640355 0.999998689 24.102674484
0.999996543 0.002289480 0.001321163 0.637988329 -0.002289618 0.999997377 0.000103161 -0.656634986 -0.001320924 -0.000106185 0.999999046 24.629268646
0.999996364 0.002666658 -0.000198270 0.667368650 -0.002666749 0.999996305 -0.000463151 -0.659010530 0.000197033 0.000463678 0.999999881 25.183101654
0.999995172 0.003089446 -0.000134551 0.672613800 -0.003089576 0.999994755 -0.000978214 -0.669251621 0.000131527 0.000978625 0.999999523 25.724058151
0.999996841 0.002368750 -0.000750930 0.688483357 -0.002369074 0.999997079 -0.000430581 -0.691140413 0.000749907 0.000432359 0.999999583 26.284965515
0.999996901 0.001714097 -0.001796645 0.702622473 -0.001714188 0.999998510 -0.000049237 -0.698737383 0.001796557 0.000052317 0.999998391 26.831745148
0.999997199 0.001349310 -0.001940145 0.716247320 -0.001348627 0.999999046 0.000353285 -0.723844588 0.001940620 -0.000350667 0.999998033 27.369224548
0.999994755 0.002765934 -0.001707858 0.721130610 -0.002766830 0.999996006 -0.000522622 -0.733683407 0.001706406 0.000527344 0.999998391 27.930772781
0.999991238 0.002661791 -0.003228805 0.749572754 -0.002663543 0.999996305 -0.000538530 -0.736327708 0.003227359 0.000547125 0.999994636 28.502603531
0.999990880 0.002899676 -0.003109013 0.757632256 -0.002900042 0.999995768 -0.000113324 -0.755946755 0.003108671 0.000122339 0.999995172 29.042888641
0.999988258 0.002455205 -0.004175507 0.779517055 -0.002457190 0.999996781 -0.000470299 -0.762607336 0.004174339 0.000480553 0.999991179 29.603071213
0.999987006 0.002518370 -0.004435332 0.785362661 -0.002521828 0.999996543 -0.000774164 -0.771882653 0.004433366 0.000785339 0.999989867 30.148775101
0.999986231 0.002628219 -0.004540451 0.793929160 -0.002630982 0.999996364 -0.000602816 -0.790921152 0.004538850 0.000614754 0.999989510 30.696786880
0.999980211 0.002335485 -0.005826225 0.820120215 -0.002343184 0.999996364 -0.001314955 -0.796977580 0.005823132 0.001328581 0.999982178 31.246780396
0.999981165 0.002988728 -0.005353433 0.823056459 -0.002997485 0.999994159 -0.001628683 -0.808297992 0.005348533 0.001644699 0.999984384 31.798471451
0.999979258 0.002864603 -0.005743862 0.835535824 -0.002872268 0.999994993 -0.001326700 -0.830777168 0.005740032 0.001343170 0.999982655 32.336772919
0.999983191 0.003275743 -0.004810895 0.818876386 -0.003278109 0.999994516 -0.000483946 -0.857023120 0.004809284 0.000499708 0.999988317 32.884540558
0.999979198 0.003180655 -0.005610651 0.833183765 -0.003183187 0.999994814 -0.000442184 -0.878145874 0.005609216 0.000460035 0.999984145 33.421649933
0.999979138 0.003505973 -0.005426794 0.842975497 -0.003505910 0.999993861 0.000021090 -0.895945251 0.005426835 -0.000002064 0.999985278 33.966545105
0.999981165 0.002892820 -0.005406472 0.839658201 -0.002893925 0.999995708 -0.000196530 -0.909316361 0.005405880 0.000212172 0.999985337 34.517028809
0.999980867 0.003670791 -0.004962955 0.845308125 -0.003673417 0.999993026 -0.000520353 -0.924992800 0.004961010 0.000538574 0.999987483 35.066780090
0.999980986 0.002930529 -0.005429082 0.858130693 -0.002930700 0.999995708 -0.000023489 -0.941859424 0.005428990 0.000039399 0.999985218 35.605884552
0.999978662 0.002901830 -0.005852775 0.860966027 -0.002904220 0.999995708 -0.000399928 -0.951332092 0.005851590 0.000416917 0.999982715 36.155891418
0.999977648 0.003599364 -0.005641960 0.865534902 -0.003603881 0.999993205 -0.000790829 -0.962550938 0.005639075 0.000811145 0.999983728 36.707508087
0.999978364 0.003560849 -0.005533886 0.876432002 -0.003563766 0.999993503 -0.000517384 -0.979597330 0.005532009 0.000537094 0.999984562 37.242031097
0.999974251 0.003832282 -0.006072140 0.881923139 -0.003839661 0.999991894 -0.001204179 -0.988030553 0.006067476 0.001227462 0.999980867 37.802619934
0.999975145 0.003259204 -0.006254820 0.889089942 -0.003267241 0.999993861 -0.001275228 -1.003116488 0.006250625 0.001295632 0.999979675 38.350337982
0.999976516 0.003429211 -0.005943914 0.899803340 -0.003437758 0.999993086 -0.001428303 -1.015240669 0.005938975 0.001448703 0.999981403 38.892150879
0.999973238 0.003601705 -0.006369923 0.899721265 -0.003606628 0.999993205 -0.000761422 -1.043528318 0.006367137 0.000784376 0.999979436 39.451576233
0.999974430 0.003757984 -0.006086404 0.906828701 -0.003760275 0.999992907 -0.000364987 -1.059634209 0.006084990 0.000387864 0.999981403 40.003757477
0.999970973 0.003693427 -0.006661385 0.925122380 -0.003698437 0.999992847 -0.000739901 -1.077767491 0.006658605 0.000764517 0.999977589 40.546432495
0.999972165 0.003796625 -0.006421443 0.918798089 -0.003802816 0.999992311 -0.000952059 -1.087350011 0.006417779 0.000976452 0.999978840 41.110416412
0.999972165 0.003925808 -0.006343698 0.926890194 -0.003931958 0.999991834 -0.000957426 -1.098691463 0.006339887 0.000982343 0.999979377 41.661777496
0.999967635 0.004179821 -0.006884732 0.943128049 -0.004187668 0.999990523 -0.001125775 -1.116504192 0.006879962 0.001154569 0.999975562 42.201194763
0.999970794 0.004690715 -0.006034724 0.930076361 -0.004697436 0.999988377 -0.001100261 -1.126572013 0.006029493 0.001128577 0.999981165 42.771461487
0.999970734 0.004297117 -0.006332391 0.943196118 -0.004302283 0.999990404 -0.000802487 -1.143603683 0.006328883 0.000829707 0.999979556 43.304534912
0.999968767 0.004742667 -0.006331816 0.952169299 -0.004751442 0.999987721 -0.001371425 -1.157979250 0.006325235 0.001401467 0.999979019 43.864452362
0.999971867 0.004444565 -0.006040874 0.942409158 -0.004448751 0.999989867 -0.000679690 -1.176401496 0.006037793 0.000706546 0.999981463 44.413711548
0.999972939 0.004772548 -0.005604078 0.948380947 -0.004780188 0.999987602 -0.001350521 -1.185878277 0.005597564 0.001377273 0.999983370 44.966255188
0.999973476 0.004879476 -0.005400064 0.960235059 -0.004887355 0.999987006 -0.001446929 -1.195514083 0.005392934 0.001473282 0.999984384 45.497680664
0.999971330 0.004472499 -0.006100734 0.966518402 -0.004475433 0.999989867 -0.000467561 -1.228982925 0.006098581 0.000494851 0.999981284 46.071830750
0.999972284 0.004242952 -0.006107067 0.975551605 -0.004249854 0.999990344 -0.001117487 -1.244247437 0.006102266 0.001143410 0.999980748 46.617542267
0.999971032 0.004506184 -0.006121498 0.975766778 -0.004510428 0.999989569 -0.000679846 -1.253149509 0.006118371 0.000707437 0.999981046 47.167991638
0.999970675 0.004429207 -0.006249102 0.982884049 -0.004432381 0.999990046 -0.000494215 -1.273101091 0.006246851 0.000521899 0.999980390 47.706844330
0.999971271 0.004589711 -0.006037924 0.984096348 -0.004594397 0.999989152 -0.000762601 -1.282590508 0.006034359 0.000790319 0.999981523 48.260211945
0.999973297 0.003953896 -0.006149813 0.993986487 -0.003957857 0.999991953 -0.000631961 -1.297886133 0.006147265 0.000656284 0.999980867 48.819580078
0.999972045 0.003830055 -0.006424698 1.008140564 -0.003833071 0.999992549 -0.000457321 -1.316808105 0.006422897 0.000481934 0.999979258 49.358955383
0.999971330 0.004187977 -0.006306177 1.022097349 -0.004192057 0.999991000 -0.000633917 -1.336382508 0.006303465 0.000660335 0.999979913 49.900512695
0.999971926 0.004331033 -0.006115562 1.019167304 -0.004336383 0.999990225 -0.000861838 -1.346005797 0.006111769 0.000888333 0.999980927 50.472545624
0.999974668 0.004339282 -0.005641682 1.022167087 -0.004346139 0.999989808 -0.001203448 -1.362009287 0.005636402 0.001227937 0.999983370 51.018432617
0.999974012 0.004110058 -0.005920356 1.032286644 -0.004116951 0.999990880 -0.001152618 -1.377753258 0.005915564 0.001176962 0.999981821 51.559444427
0.999970436 0.004218120 -0.006428672 1.038752556 -0.004223748 0.999990642 -0.000862253 -1.397149444 0.006424976 0.000889380 0.999978960 52.125442505
0.999972284 0.003644463 -0.006482439 1.051145196 -0.003655041 0.999991953 -0.001620807 -1.409660816 0.006476480 0.001644456 0.999977708 52.677669525
0.999979436 0.003602750 -0.005305426 1.041738272 -0.003610864 0.999992371 -0.001520674 -1.428979874 0.005299906 0.001539800 0.999984801 53.219844818
0.999972284 0.004247793 -0.006105497 1.054094791 -0.004254775 0.999990284 -0.001130830 -1.444543719 0.006100634 0.001156776 0.999980748 53.776340485
0.999974608 0.003889832 -0.005958687 1.065695763 -0.003899301 0.999991179 -0.001578096 -1.458698034 0.005952495 0.001601291 0.999981046 54.328533173
0.999973536 0.004267091 -0.005891434 1.077745318 -0.004275281 0.999989927 -0.001377997 -1.479045391 0.005885493 0.001403148 0.999981701 54.880596161
0.999972939 0.003985279 -0.006181152 1.078621149 -0.003994282 0.999990940 -0.001444758 -1.492750049 0.006175339 0.001469409 0.999979794 55.418087006
0.999975383 0.004104463 -0.005695293 1.081099272 -0.004114562 0.999989986 -0.001762483 -1.507286310 0.005688001 0.001785873 0.999982178 55.970546722
0.999971926 0.004223951 -0.006191077 1.085623264 -0.004233445 0.999989808 -0.001521077 -1.522030115 0.006184589 0.001547244 0.999979675 56.513557434
0.999974072 0.004073021 -0.005947202 1.102375984 -0.004079985 0.999990940 -0.001159208 -1.542698741 0.005942427 0.001183442 0.999981642 57.051902771
0.999974191 0.004452490 -0.005629358 1.093985677 -0.004461466 0.999988794 -0.001582937 -1.553833246 0.005622247 0.001608012 0.999982893 57.622920990
0.999971449 0.004616448 -0.005991634 1.105225205 -0.004623014 0.999988735 -0.001082552 -1.576309443 0.005986570 0.001110220 0.999981403 58.162803650
0.999973178 0.004661197 -0.005649746 1.111086607 -0.004670995 0.999987543 -0.001722228 -1.586410880 0.005641649 0.001748572 0.999982476 58.703441620
0.999976456 0.004380011 -0.005284384 1.112983227 -0.004390346 0.999988437 -0.001945415 -1.597357273 0.005275803 0.001968569 0.999984086 59.252765656
0.999973416 0.004690656 -0.005577939 1.125817418 -0.004699485 0.999987721 -0.001570787 -1.619921923 0.005570503 0.001596959 0.999983132 59.779724121
0.999973297 0.004854650 -0.005465960 1.127142906 -0.004865938 0.999986053 -0.002053588 -1.631860495 0.005455914 0.002080130 0.999982953 60.352497101
0.999972463 0.005171609 -0.005322285 1.131976724 -0.005181492 0.999984860 -0.001844870 -1.647907495 0.005312664 0.001872397 0.999984086 60.905414581
0.999973297 0.005114514 -0.005236497 1.145510435 -0.005125402 0.999984741 -0.002067943 -1.665305614 0.005225841 0.002094727 0.999984205 61.450756073
0.999973476 0.005050111 -0.005245897 1.142404914 -0.005061456 0.999984801 -0.002151707 -1.675641775 0.005234951 0.002178202 0.999983907 61.991016388
0.999973416 0.004993612 -0.005317547 1.148209214 -0.005007596 0.999984026 -0.002619765 -1.689204454 0.005304380 0.002646323 0.999982417 62.545833588
0.999975443 0.005207532 -0.004684308 1.152573466 -0.005218281 0.999983728 -0.002285386 -1.709940553 0.004672330 0.002309774 0.999986410 63.093997955
0.999974251 0.005195084 -0.004950743 1.158233643 -0.005204276 0.999984741 -0.001845284 -1.729174137 0.004941081 0.001871002 0.999986053 63.642143250
0.999974132 0.005448642 -0.004698430 1.163751006 -0.005458344 0.999983013 -0.002054154 -1.747321963 0.004687157 0.002079747 0.999986827 64.200836182
0.999974489 0.005723924 -0.004272830 1.159566283 -0.005731342 0.999982059 -0.001725628 -1.765765309 0.004262876 0.001750073 0.999989390 64.745101929
0.999973059 0.005507922 -0.004844376 1.174157143 -0.005515446 0.999983609 -0.001541106 -1.787885547 0.004835808 0.001567784 0.999987066 65.271926880
0.999975145 0.005007894 -0.004955357 1.185142517 -0.005014858 0.999986470 -0.001393950 -1.805420280 0.004948309 0.001418766 0.999986768 65.827957153
0.999975681 0.005181157 -0.004676927 1.197968364 -0.005188739 0.999985218 -0.001610601 -1.820112586 0.004668513 0.001634829 0.999987781 66.368743896
0.999972463 0.006000098 -0.004365119 1.202111244 -0.006007348 0.999980569 -0.001649669 -1.833276749 0.004355136 0.001675846 0.999989092 66.907966614
0.999971986 0.006179227 -0.004224326 1.190477967 -0.006184023 0.999980271 -0.001123460 -1.858620882 0.004217301 0.001149553 0.999990463 67.453018188
0.999974906 0.005814073 -0.004051491 1.198244691 -0.005818223 0.999982536 -0.001013103 -1.874262691 0.004045530 0.001036650 0.999991298 68.001663208
0.999972939 0.006193019 -0.003984061 1.207658768 -0.006196736 0.999980390 -0.000921446 -1.894615293 0.003978276 0.000946110 0.999991715 68.551719666
0.999969482 0.006631461 -0.004125596 1.213485003 -0.006635724 0.999977469 -0.001020696 -1.909919739 0.004118734 0.001048042 0.999990940 69.082023621
0.999970138 0.006562494 -0.004066423 1.217825174 -0.006568345 0.999977410 -0.001427352 -1.919398069 0.004056965 0.001454019 0.999990642 69.637145996
0.999969423 0.006777246 -0.003907820 1.236300826 -0.006781520 0.999976456 -0.001081283 -1.938163638 0.003900399 0.001107751 0.999991775 70.173416138
0.999973834 0.006467020 -0.003245678 1.219138861 -0.006471066 0.999978423 -0.001238089 -1.952115178 0.003237601 0.001259060 0.999993980 70.715705872
0.999969542 0.006917759 -0.003608358 1.232562423 -0.006922422 0.999975264 -0.001281594 -1.968356967 0.003599403 0.001306534 0.999992669 71.267044067
0.999971807 0.006765728 -0.003238125 1.235749006 -0.006772407 0.999974906 -0.002055594 -1.978259206 0.003224136 0.002077466 0.999992669 71.816215515
0.999968946 0.006893027 -0.003818279 1.253282785 -0.006894418 0.999976158 -0.000350897 -2.019959927 0.003815769 0.000377211 0.999992609 72.344970703
0.999968946 0.007046337 -0.003535434 1.260368347 -0.007048380 0.999975026 -0.000565565 -2.036569834 0.003531361 0.000590467 0.999993563 72.893615723
0.999968588 0.006786291 -0.004087592 1.272649527 -0.006789576 0.999976516 -0.000790432 -2.054580688 0.004082132 0.000818160 0.999991417 73.436683655
0.999968231 0.007069305 -0.003674047 1.276313424 -0.007071296 0.999974847 -0.000528996 -2.065034866 0.003670215 0.000554959 0.999993086 73.998291016
0.999972165 0.006631672 -0.003417165 1.277839661 -0.006633941 0.999977708 -0.000652507 -2.080477953 0.003412762 0.000675158 0.999993920 74.514053345
0.999965906 0.007475577 -0.003521896 1.288603187 -0.007478122 0.999971747 -0.000709679 -2.092612505 0.003516492 0.000735992 0.999993503 75.063598633
0.999974310 0.006236567 -0.003531985 1.293884873 -0.006240737 0.999979794 -0.001170986 -2.104717731 0.003524611 0.001192998 0.999993086 75.607452393
0.999976337 0.005899258 -0.003518619 1.309313655 -0.005901881 0.999982238 -0.000735728 -2.129255772 0.003514217 0.000756477 0.999993563 76.147163391
0.999966741 0.007454716 -0.003302130 1.313079715 -0.007456719 0.999971986 -0.000594533 -2.147129774 0.003297606 0.000619136 0.999994457 76.692871094
0.999974012 0.006627483 -0.002833238 1.323167682 -0.006629528 0.999977767 -0.000712702 -2.163769007 0.002828451 0.000731467 0.999995768 77.238922119
0.999975622 0.006237853 -0.003113769 1.329962730 -0.006240880 0.999980032 -0.000963698 -2.170163870 0.003107695 0.000983107 0.999994695 77.795730591
0.999977291 0.005781631 -0.003462045 1.344846725 -0.005783598 0.999983132 -0.000558250 -2.191524267 0.003458759 0.000578261 0.999993861 78.333694458
0.999976158 0.006154019 -0.003115183 1.352821827 -0.006156956 0.999980569 -0.000934285 -2.205003977 0.003109373 0.000953443 0.999994695 78.889640808
0.999975979 0.006256473 -0.002985995 1.351902008 -0.006258893 0.999980092 -0.000801317 -2.221122026 0.002980922 0.000819987 0.999995232 79.414016724
0.999974251 0.006654777 -0.002694436 1.355737686 -0.006657256 0.999977469 -0.000912531 -2.234884262 0.002688302 0.000930445 0.999995947 79.966629028
0.999976099 0.006199624 -0.003054182 1.372944117 -0.006203494 0.999979973 -0.001259042 -2.249531507 0.003046317 0.001277959 0.999994516 80.505584717
0.999980569 0.006028014 -0.001543638 1.379378438 -0.006029625 0.999981344 -0.001041204 -2.265158892 0.001537333 0.001050491 0.999998271 81.058662415
0.999977112 0.006692677 -0.001007110 1.389045715 -0.006693629 0.999977171 -0.000945459 -2.278446198 0.001000760 0.000952178 0.999999046 81.598526001
0.999978840 0.006508792 0.000342114 1.401012301 -0.006508413 0.999978304 -0.001099212 -2.294144630 -0.000349261 0.001096962 0.999999285 82.140098572
0.999978125 0.006341408 0.001860747 1.411649108 -0.006339360 0.999979317 -0.001104592 -2.309213400 -0.001867713 0.001092772 0.999997675 82.697158813
0.999970078 0.005941059 0.004952838 1.430703044 -0.005933222 0.999981165 -0.001595319 -2.323013783 -0.004962223 0.001565886 0.999986410 83.249832153
0.999941409 0.006376382 0.008749527 1.443812609 -0.006365285 0.999978900 -0.001295541 -2.337169647 -0.008757603 0.001239771 0.999960899 83.774230957
0.999918342 0.006336159 0.011094651 1.469749570 -0.006323466 0.999979317 -0.001178826 -2.357384920 -0.011101890 0.001108573 0.999937713 84.318031311
0.999810994 0.007754440 0.017831117 1.465459943 -0.007731020 0.999969244 -0.001382050 -2.363236427 -0.017841287 0.001243936 0.999840081 84.846076965
0.999718368 0.006217279 0.022899158 1.512371302 -0.006199885 0.999980390 -0.000830469 -2.401784658 -0.022903873 0.000688263 0.999737442 85.405075073
0.999592543 0.005624891 0.027984537 1.550247192 -0.005621925 0.999984205 -0.000184637 -2.425216675 -0.027985133 0.000027235 0.999608338 85.947860718
0.999428689 0.004359719 0.033515912 1.587100983 -0.004333453 0.999990225 -0.000856316 -2.433141708 -0.033519316 0.000710587 0.999437809 86.485328674
0.999083936 0.006197560 0.042343058 1.605731249 -0.006160154 0.999980509 -0.001013832 -2.447102547 -0.042348519 0.000752064 0.999102592 87.041511536
0.998693943 0.006144661 0.050722897 1.655257225 -0.006118265 0.999981105 -0.000675644 -2.467705488 -0.050726086 0.000364425 0.998712540 87.584991455
0.998299360 0.005683446 0.058018111 1.693254948 -0.005653163 0.999983788 -0.000686079 -2.481416464 -0.058021072 0.000356926 0.998315275 88.141609192
0.997774661 0.005668655 0.066435248 1.753336906 -0.005592866 0.999983609 -0.001326701 -2.489608049 -0.066441670 0.000952186 0.997789860 88.699928284
0.997050285 0.005873818 0.076526098 1.818884850 -0.005766158 0.999982059 -0.001627719 -2.503207445 -0.076534286 0.001181656 0.997066200 89.235084534
0.996331394 0.005753118 0.085386217 1.881213188 -0.005656876 0.999983072 -0.001369046 -2.523852348 -0.085392654 0.000881004 0.996346951 89.785530090
0.995631397 0.005196499 0.093225375 1.944230080 -0.005038212 0.999985456 -0.001933180 -2.532702923 -0.093234055 0.001455046 0.995643139 90.335021973
0.994580865 0.004644059 0.103861332 2.027651787 -0.004453759 0.999987960 -0.002064091 -2.545888424 -0.103869662 0.001590332 0.994589627 90.876678467
0.993364692 0.005197004 0.114889175 2.092810631 -0.005041228 0.999985933 -0.001646393 -2.566207647 -0.114896111 0.001056286 0.993376911 91.421440125
0.992290616 0.004523315 0.123849988 2.183784485 -0.004342043 0.999989092 -0.001733518 -2.583036900 -0.123856477 0.001182391 0.992299438 91.963928223
0.990808606 0.004713609 0.135188907 2.266643524 -0.004534840 0.999988317 -0.001630284 -2.597027302 -0.135195017 0.001002240 0.990818501 92.536712646
0.989097178 0.003817599 0.147214398 2.369029999 -0.003572704 0.999991715 -0.001927909 -2.613034964 -0.147220552 0.001380936 0.989102662 93.064399719
0.987484276 0.003885761 0.157669783 2.482602119 -0.003663090 0.999991775 -0.001702840 -2.633401155 -0.157675102 0.001103970 0.987490416 93.589668274
0.985808730 0.003524198 0.167835459 2.604016304 -0.003297774 0.999993265 -0.001627793 -2.652027369 -0.167840064 0.001051209 0.985813677 94.136070251
0.983611405 0.003824980 0.180260614 2.730938911 -0.003618183 0.999992371 -0.001476005 -2.670630932 -0.180264860 0.000799600 0.983617842 94.661590576
0.981164277 0.003135585 0.193149731 2.852353096 -0.002878040 0.999994516 -0.001613977 -2.685555696 -0.193153739 0.001027684 0.981167972 95.215538025
0.979006410 0.002621314 0.203812867 2.978366852 -0.002336748 0.999995887 -0.001636853 -2.696084499 -0.203816324 0.001126230 0.979008496 95.750823975
0.976268351 0.003603976 0.216534585 3.127285004 -0.003391003 0.999993384 -0.001355090 -2.723909855 -0.216538042 0.000588662 0.976274014 96.268386841
0.973194718 0.002999940 0.229962781 3.270538330 -0.002766198 0.999995232 -0.001338808 -2.738012314 -0.229965672 0.000666799 0.973198533 96.809600830
0.970447183 0.002730470 0.241298020 3.417486191 -0.002535322 0.999996185 -0.001119208 -2.756602764 -0.241300151 0.000474363 0.970450521 97.343238831
0.967455208 0.002377335 0.253030807 3.575237274 -0.002000977 0.999996543 -0.001744730 -2.765669107 -0.253034025 0.001181639 0.967456639 97.866539001
0.963631094 0.002313292 0.267226070 3.737461090 -0.002079428 0.999997139 -0.001158139 -2.789075851 -0.267227948 0.000560342 0.963633180 98.399909973
0.960172296 0.001903611 0.279402077 3.911241531 -0.001530615 0.999997616 -0.001553148 -2.800480366 -0.279404283 0.001063633 0.960173011 98.929397583
0.956854284 0.001002966 0.290566355 4.090576172 -0.000710157 0.999999106 -0.001113164 -2.822508574 -0.290567189 0.000858788 0.956854224 99.446311951
0.952553272 0.001031242 0.304370016 4.270231247 -0.000754441 0.999999285 -0.001027026 -2.838344097 -0.304370821 0.000748668 0.952553451 99.948684692
0.948045492 0.001121564 0.318132758 4.469400406 -0.000679902 0.999998569 -0.001499325 -2.846171618 -0.318134069 0.001205129 0.948044956 100.492950439
0.944224417 0.000141860 0.329302639 4.673610687 0.000409977 0.999998569 -0.001606335 -2.855981112 -0.329302430 0.001651748 0.944223046 101.008430481
0.939470589 -0.000458232 0.342629313 4.876865387 0.001215009 0.999997258 -0.001994091 -2.875128269 -0.342627436 0.002289688 0.939468622 101.517868042
0.934309661 -0.000250251 0.356462330 5.100770950 0.000841140 0.999998510 -0.001502642 -2.895002604 -0.356461436 0.001703768 0.934308469 102.029350281
0.929529727 -0.000299302 0.368747056 5.322265625 0.000726546 0.999999225 -0.001019789 -2.912730694 -0.368746549 0.001215836 0.929529190 102.539016724
0.924980521 -0.001368336 0.380012065 5.547208786 0.002203735 0.999995947 -0.001763314 -2.920492411 -0.380008131 0.002468477 0.924979866 103.037605286
0.918682396 -0.001353184 0.394994795 5.781284332 0.002059754 0.999996960 -0.001364777 -2.939102888 -0.394991696 0.002067388 0.918682337 103.550994873
0.912732780 -0.001539081 0.408554316 6.020301819 0.002120314 0.999997258 -0.000969767 -2.955842495 -0.408551782 0.001751401 0.912733436 104.038757324
0.907866299 -0.002145753 0.419254363 6.268501282 0.002781071 0.999995708 -0.000904219 -2.975492954 -0.419250667 0.001986886 0.907868266 104.520950317
0.901518285 -0.002057630 0.432736069 6.531551361 0.002750780 0.999995768 -0.000975786 -2.988471508 -0.432732224 0.002070051 0.901520133 105.031631470
0.895045042 -0.001923037 0.445971519 6.799011230 0.002594379 0.999996305 -0.000894804 -3.011043072 -0.445968062 0.001957909 0.895046711 105.497833252
0.888955474 -0.002722446 0.457985640 7.081336975 0.003857303 0.999991417 -0.001542729 -3.016471148 -0.457977504 0.003138007 0.888958216 106.008689880
0.883127213 -0.003709547 0.469118983 7.335319519 0.004631470 0.999988973 -0.000811458 -3.032059193 -0.469110727 0.002889331 0.883134604 106.476623535
0.875928998 -0.003887122 0.482424438 7.625610352 0.005033628 0.999986708 -0.001082096 -3.045382738 -0.482413828 0.003376184 0.875936925 106.954658508
