1.000000000 0.000000000 0.000000000 0.000000000 0.000000000 1.000000000 0.000000000 0.000000000 0.000000000 0.000000000 1.000000000 0.000000000
1.000000000 0.000109448 0.000032546 -0.000104140 -0.000109449 1.000000000 0.000003903 0.000374663 -0.000032545 -0.000003906 1.000000000 0.000327254
1.000000000 0.000094166 0.000085360 -0.000549885 -0.000094173 1.000000000 0.000078937 -0.000363741 -0.000085353 -0.000078945 1.000000000 0.000379211
1.000000000 0.000005361 0.000051739 -0.000193786 -0.000005359 1.000000000 -0.000031707 0.000570774 -0.000051739 0.000031707 1.000000000 0.000356399
1.000000000 0.000027007 0.000077424 -0.000322509 -0.000027004 1.000000000 -0.000040674 0.000496205 -0.000077425 0.000040672 1.000000000 0.000187391
1.000000000 0.000094021 0.000105181 -0.001133124 -0.000094022 1.000000000 0.000012230 0.000326147 -0.000105180 -0.000012240 1.000000000 -0.000254838
1.000000000 -0.000064183 0.000056390 -0.000435885 0.000064182 1.000000000 0.000016564 -0.000116114 -0.000056392 -0.000016560 1.000000000 0.000128121
1.000000000 0.000038426 0.000055686 -0.000317437 -0.000038430 1.000000000 0.000073767 -0.000246054 -0.000055683 -0.000073769 1.000000000 0.000274675
1.000000000 0.000032130 -0.000004997 -0.000091621 -0.000032131 1.000000000 -0.000088720 0.000110538 0.000004994 0.000088721 1.000000000 -0.000069705
1.000000000 0.000039905 0.000059093 -0.000174700 -0.000039906 1.000000000 0.000012355 -0.000415132 -0.000059092 -0.000012357 1.000000000 0.000179324
1.000000000 0.000138012 0.000077877 -0.000849528 -0.000138016 1.000000000 0.000050410 -0.000278248 -0.000077870 -0.000050421 1.000000000 0.000070077
0.999998987 0.001283309 0.000662265 -0.005573595 -0.001283359 0.999999166 0.000075274 0.001007715 -0.000662168 -0.000076123 0.999999762 0.000754192
0.999999166 0.001211970 0.000612536 -0.005737472 -0.001211982 0.999999285 0.000019106 0.001022080 -0.000612512 -0.000019848 0.999999821 0.000721188
0.999999046 0.001227914 0.000624789 -0.005918981 -0.001227935 0.999999225 0.000032155 0.001324374 -0.000624749 -0.000032922 0.999999762 0.000899049
0.999998987 0.001270188 0.000652657 -0.006434517 -0.001270216 0.999999166 0.000042441 0.001321361 -0.000652602 -0.000043270 0.999999762 0.000507634
0.999999046 0.001229284 0.000620027 -0.005503340 -0.001229334 0.999999225 0.000079589 0.001220441 -0.000619929 -0.000080351 0.999999762 0.000911368
0.999998927 0.001323962 0.000686029 -0.006277361 -0.001323976 0.999999106 0.000018993 0.002015261 -0.000686003 -0.000019901 0.999999762 0.001554426
0.999998927 0.001345206 0.000679322 -0.006857422 -0.001345202 0.999999106 -0.000006731 0.001654026 -0.000679330 0.000005817 0.999999762 0.000682249
0.999998808 0.001375690 0.000709159 -0.007191173 -0.001375707 0.999999046 0.000023548 0.002170601 -0.000709126 -0.000024523 0.999999762 0.001367865
0.999998927 0.001277976 0.000715900 -0.006693793 -0.001277963 0.999999166 -0.000017639 0.002285996 -0.000715922 0.000016724 0.999999762 0.001845735
0.999998987 0.001241433 0.000725454 -0.007021074 -0.001241455 0.999999225 0.000029050 0.001765063 -0.000725417 -0.000029951 0.999999702 0.001318492
0.999998927 0.001324639 0.000688242 -0.007008675 -0.001324680 0.999999106 0.000059146 0.001917250 -0.000688163 -0.000060058 0.999999762 0.001477537
0.999998927 0.001314604 0.000674382 -0.006425302 -0.001314599 0.999999106 -0.000008031 0.002394188 -0.000674391 0.000007144 0.999999762 0.002461952
0.999998927 0.001328371 0.000677845 -0.006898948 -0.001328394 0.999999106 0.000033734 0.002478256 -0.000677800 -0.000034634 0.999999762 0.002497037
0.999998689 0.001448442 0.000658974 -0.006826785 -0.001448459 0.999998868 0.000025975 0.002550332 -0.000658936 -0.000026930 0.999999762 0.002326456
0.999998689 0.001485405 0.000711743 -0.007203933 -0.001485446 0.999998927 0.000058381 0.001942669 -0.000711656 -0.000059439 0.999999702 0.001403765
0.999998868 0.001314835 0.000764191 -0.007320239 -0.001314883 0.999999106 0.000062700 0.002657104 -0.000764108 -0.000063704 0.999999702 0.001872599
0.999998868 0.001349495 0.000752277 -0.006871024 -0.001349594 0.999999106 0.000130569 0.001664578 -0.000752100 -0.000131584 0.999999702 0.001677644
0.999998927 0.001346495 0.000702440 -0.007016525 -0.001346543 0.999999106 0.000067538 0.002513889 -0.000702349 -0.000068484 0.999999762 0.002160479
0.999998748 0.001384336 0.000730448 -0.007107781 -0.001384353 0.999999046 0.000022101 0.002536878 -0.000730417 -0.000023112 0.999999702 0.002154404
0.999998748 0.001399059 0.000789018 -0.007379424 -0.001399140 0.999999046 0.000101848 0.001766333 -0.000788875 -0.000102952 0.999999702 0.001874219
0.999998927 0.001280048 0.000762586 -0.006931490 -0.001280068 0.999999166 0.000026406 0.002693424 -0.000762551 -0.000027382 0.999999702 0.003125667
0.999998927 0.001352110 0.000665448 -0.006588851 -0.001352082 0.999999106 -0.000041498 0.003053013 -0.000665503 0.000040598 0.999999762 0.002251106
0.999998868 0.001346837 0.000765613 -0.006998923 -0.001346865 0.999999106 0.000036192 0.001712401 -0.000765564 -0.000037223 0.999999702 0.000840572
0.999998629 0.001420022 0.000823090 -0.007614227 -0.001420047 0.999998927 0.000029386 0.001926433 -0.000823047 -0.000030554 0.999999583 0.000766632
0.999998569 0.001446231 0.000798590 -0.006766213 -0.001446278 0.999998868 0.000057890 0.001615338 -0.000798505 -0.000059045 0.999999702 0.001062873
0.999998808 0.001373534 0.000718479 -0.006909797 -0.001373580 0.999999046 0.000063145 0.002216323 -0.000718392 -0.000064132 0.999999702 0.001934865
0.999998868 0.001373691 0.000682960 -0.006715533 -0.001373700 0.999999046 0.000012768 0.002550713 -0.000682942 -0.000013707 0.999999762 0.002010939
0.999998629 0.001450227 0.000785914 -0.007317754 -0.001450247 0.999998868 0.000024716 0.002009390 -0.000785877 -0.000025855 0.999999702 0.001083200
0.999998868 0.001369728 0.000693836 -0.006197307 -0.001369741 0.999999046 0.000018308 0.002489728 -0.000693811 -0.000019258 0.999999762 0.002117857
0.999998987 0.001273692 0.000673905 -0.006034789 -0.001273680 0.999999166 -0.000017742 0.001997555 -0.000673927 0.000016884 0.999999762 0.001667922
0.999999940 0.000258577 0.000172683 0.000302802 -0.000258456 0.999999702 -0.000702219 -0.001324363 -0.000172864 0.000702174 0.999999762 0.051181849
1.000000000 0.000161973 0.000074814 0.002430059 -0.000161875 0.999999166 -0.001301671 -0.002194328 -0.000075025 0.001301659 0.999999166 0.141342983
0.999998450 0.001546862 0.000847049 -0.004752475 -0.001545728 0.999997914 -0.001338220 -0.009164341 -0.000849117 0.001336909 0.999998748 0.251843095
0.999998331 0.001624559 0.000864667 -0.000224202 -0.001623528 0.999997973 -0.001191873 -0.012555044 -0.000866602 0.001190467 0.999998927 0.382699311
0.999998331 0.001577610 0.000917850 0.000318796 -0.001576541 0.999998093 -0.001164610 -0.015970236 -0.000919685 0.001163161 0.999998927 0.524659097
0.999998391 0.001578463 0.000847440 0.006129871 -0.001577650 0.999998271 -0.000958931 -0.022799518 -0.000848952 0.000957592 0.999999166 0.666141272
0.999998271 0.001563282 0.000979870 0.009788288 -0.001562760 0.999998569 -0.000533595 -0.027742954 -0.000980703 0.000532063 0.999999404 0.831097543
0.999997914 0.001803353 0.000972710 0.011172763 -0.001802960 0.999998331 -0.000404928 -0.033358656 -0.000973439 0.000403174 0.999999404 0.998893797
0.999998033 0.001762982 0.000947881 0.015096599 -0.001762534 0.999998331 -0.000473683 -0.035601314 -0.000948715 0.000472012 0.999999404 1.177068710
0.999998569 0.001324203 0.001006359 0.017887106 -0.001324183 0.999999106 -0.000020713 -0.044618193 -0.001006385 0.000019380 0.999999523 1.359512448
0.999998212 0.001681718 0.000880400 0.021639016 -0.001681619 0.999998569 -0.000113879 -0.047516380 -0.000880590 0.000112399 0.999999642 1.553201675
0.999999344 0.000942507 0.000672498 0.031272635 -0.000942560 0.999999523 0.000078212 -0.053471029 -0.000672424 -0.000078846 0.999999821 1.760640740
0.999997079 0.001929660 0.001416883 0.024070665 -0.001929453 0.999998152 -0.000147195 -0.062856123 -0.001417164 0.000144461 0.999998927 1.955943584
0.999998093 0.001376456 0.001378240 0.029704897 -0.001376232 0.999999046 -0.000163040 -0.071062177 -0.001378463 0.000161143 0.999999046 2.164510012
0.999997795 0.001569471 0.001413184 0.035171077 -0.001569887 0.999998748 0.000293182 -0.077490442 -0.001412722 -0.000295400 0.999998987 2.385946512
0.999996841 0.001953199 0.001625036 0.040053647 -0.001953454 0.999998152 0.000155304 -0.085483842 -0.001624730 -0.000158478 0.999998748 2.606030464
0.999996006 0.001919342 0.002078052 0.039033458 -0.001919614 0.999998271 0.000129036 -0.089624316 -0.002077800 -0.000133024 0.999997854 2.842566252
0.999997854 0.001301882 0.001614493 0.047906894 -0.001303013 0.999998927 0.000699759 -0.100014418 -0.001613580 -0.000701861 0.999998450 3.068950176
0.999998391 0.001128445 0.001397543 0.056028940 -0.001129607 0.999999046 0.000831612 -0.109469593 -0.001396603 -0.000833190 0.999998689 3.310137272
0.999996901 0.001499561 0.001987304 0.056813404 -0.001501073 0.999998569 0.000759829 -0.115721107 -0.001986162 -0.000762810 0.999997735 3.561340570
0.999997616 0.001371748 0.001709378 0.064311832 -0.001372933 0.999998808 0.000692362 -0.120471448 -0.001708426 -0.000694708 0.999998331 3.817424774
0.999995828 0.002189991 0.001876187 0.067885242 -0.002191198 0.999997377 0.000641728 -0.127989277 -0.001874776 -0.000645837 0.999998033 4.070674896
0.999996364 0.001949460 0.001850450 0.077236585 -0.001950286 0.999997973 0.000444706 -0.131429270 -0.001849580 -0.000448313 0.999998212 4.326949596
0.999997079 0.001637774 0.001741392 0.082090862 -0.001638748 0.999998510 0.000558156 -0.140757859 -0.001740475 -0.000561008 0.999998331 4.586323261
0.999995589 0.002195478 0.001984450 0.086441308 -0.002196439 0.999997497 0.000482439 -0.140202865 -0.001983386 -0.000486796 0.999997854 4.865855217
0.999993324 0.002911936 0.002236939 0.088660158 -0.002913322 0.999995589 0.000616425 -0.147217512 -0.002235134 -0.000622938 0.999997318 5.125070572
0.999994993 0.002216558 0.002245768 0.091365308 -0.002217422 0.999997497 0.000382581 -0.155560419 -0.002244914 -0.000387559 0.999997377 5.383732796
0.999992847 0.002770883 0.002530345 0.094770923 -0.002772070 0.999996066 0.000465788 -0.163820952 -0.002529044 -0.000472799 0.999996722 5.656623363
0.999993443 0.002625971 0.002500751 0.099078476 -0.002628117 0.999996126 0.000855122 -0.175085545 -0.002498495 -0.000861689 0.999996483 5.919795990
0.999992669 0.002695684 0.002733910 0.101885118 -0.002697789 0.999996066 0.000766904 -0.184597343 -0.002731832 -0.000774274 0.999995947 6.202726364
0.999993503 0.002511585 0.002580166 0.114216678 -0.002513617 0.999996483 0.000784286 -0.188376680 -0.002578188 -0.000790767 0.999996305 6.493629932
0.999992788 0.002646414 0.002699318 0.116015628 -0.002648510 0.999996126 0.000773140 -0.196523517 -0.002697262 -0.000780284 0.999996066 6.785334110
0.999993801 0.002516845 0.002426773 0.124761358 -0.002518406 0.999996603 0.000640640 -0.207888335 -0.002425153 -0.000646747 0.999996781 7.084292889
0.999994278 0.002315466 0.002418377 0.132237732 -0.002317816 0.999996722 0.000969858 -0.215954423 -0.002416124 -0.000975457 0.999996603 7.391425133
0.999991834 0.002840936 0.002879290 0.133478478 -0.002843135 0.999995649 0.000759863 -0.229623646 -0.002877119 -0.000768043 0.999995589 7.693548679
0.999989331 0.003406255 0.003119287 0.138585627 -0.003409115 0.999993742 0.000912030 -0.240485683 -0.003116161 -0.000922655 0.999994755 8.001849174
0.999989450 0.003675222 0.002764029 0.148959666 -0.003677950 0.999992728 0.000982314 -0.247929662 -0.002760399 -0.000992469 0.999995708 8.323864937
0.999993861 0.002845936 0.002032292 0.158066899 -0.002847607 0.999995589 0.000819738 -0.252747774 -0.002029950 -0.000825520 0.999997675 8.649107933
0.999992788 0.003097572 0.002205474 0.165071368 -0.003099011 0.999994993 0.000649340 -0.259086370 -0.002203451 -0.000656170 0.999997318 8.990296364
0.999991953 0.002888796 0.002772708 0.172679186 -0.002891241 0.999995410 0.000878387 -0.274357021 -0.002770158 -0.000886397 0.999995768 9.325932503
0.999989271 0.003597818 0.002930486 0.174934968 -0.003599968 0.999993265 0.000728953 -0.284689784 -0.002927843 -0.000739494 0.999995470 9.669152260
0.999990404 0.003202327 0.003015178 0.185932577 -0.003205371 0.999994338 0.001005427 -0.295357585 -0.003011941 -0.001015082 0.999994993 10.018928528
0.999987662 0.003693941 0.003294262 0.182048663 -0.003696647 0.999992788 0.000815552 -0.306357205 -0.003291225 -0.000827720 0.999994218 10.378556252
0.999987960 0.003634566 0.003275925 0.191494077 -0.003638117 0.999992788 0.001078714 -0.317971766 -0.003271980 -0.001090619 0.999993980 10.743410110
0.999988258 0.003456277 0.003386162 0.199976936 -0.003460728 0.999993145 0.001309411 -0.324672759 -0.003381613 -0.001321114 0.999993384 11.112945557
0.999990165 0.002969095 0.003291768 0.209255874 -0.002973120 0.999994814 0.001218807 -0.339414328 -0.003288133 -0.001228582 0.999993861 11.488409996
0.999988675 0.003614883 0.003101670 0.220757499 -0.003618669 0.999992728 0.001215781 -0.346261203 -0.003097252 -0.001226991 0.999994516 11.874463081
0.999988973 0.003294601 0.003368301 0.230561525 -0.003299721 0.999993443 0.001515546 -0.361098289 -0.003363286 -0.001526644 0.999993205 12.249911308
0.999982238 0.004379909 0.004026021 0.228998557 -0.004386200 0.999989152 0.001555182 -0.377384901 -0.004019166 -0.001572814 0.999990702 12.640937805
0.999982774 0.004353805 0.003943807 0.235261410 -0.004359943 0.999989271 0.001548943 -0.386188596 -0.003937021 -0.001566111 0.999991059 13.044355392
0.999980688 0.004462674 0.004317386 0.241145283 -0.004468175 0.999989212 0.001265294 -0.393789828 -0.004311693 -0.001284561 0.999989927 13.452424049
0.999985337 0.003517736 0.004115101 0.250676900 -0.003524751 0.999992371 0.001698823 -0.410640359 -0.004109094 -0.001713303 0.999990046 13.859898567
0.999986351 0.003181932 0.004141741 0.261140198 -0.003189855 0.999993145 0.001907807 -0.423245609 -0.004135641 -0.001920993 0.999989629 14.274436951
0.999981344 0.003943607 0.004667973 0.269945234 -0.003951973 0.999990702 0.001784204 -0.434516490 -0.004660893 -0.001802618 0.999987483 14.680186272
0.999981225 0.003781789 0.004819575 0.280373514 -0.003788089 0.999991953 0.001298866 -0.439310908 -0.004814624 -0.001317099 0.999987543 15.117249489
0.999980271 0.003925353 0.004891539 0.294911802 -0.003934062 0.999990642 0.001772153 -0.457330137 -0.004884537 -0.001791363 0.999986470 15.533723831
0.999979138 0.003723943 0.005272723 0.306379616 -0.003732674 0.999991655 0.001646949 -0.465944946 -0.005266546 -0.001666596 0.999984741 15.983149529
0.999972343 0.004299885 0.006063658 0.311501384 -0.004309700 0.999989450 0.001606651 -0.476579607 -0.006056685 -0.001632739 0.999980330 16.416969299
0.999969542 0.004672527 0.006246780 0.317928821 -0.004680328 0.999988317 0.001234746 -0.488871545 -0.006240938 -0.001263946 0.999979734 16.872598648
0.999971867 0.004200656 0.006201670 0.333478838 -0.004210804 0.999989808 0.001624273 -0.503985465 -0.006194782 -0.001650341 0.999979436 17.317378998
0.999969125 0.004494098 0.006434775 0.344156682 -0.004505557 0.999988258 0.001767220 -0.517760873 -0.006426757 -0.001796158 0.999977767 17.782003403
0.999965906 0.004499124 0.006925453 0.354051828 -0.004509933 0.999988675 0.001545925 -0.525712967 -0.006918418 -0.001577105 0.999974847 18.250604630
0.999968886 0.004021380 0.006790033 0.377823770 -0.004031367 0.999990821 0.001457744 -0.537692845 -0.006784109 -0.001485072 0.999975801 18.715065002
0.999964058 0.004246237 0.007328768 0.376285732 -0.004261542 0.999988794 0.002074056 -0.558677435 -0.007319878 -0.002105213 0.999970913 19.182298660
0.999957919 0.004823585 0.007796298 0.391163230 -0.004838375 0.999986589 0.001879355 -0.567346275 -0.007787128 -0.001916997 0.999967754 19.666591644
0.999962747 0.004269538 0.007497580 0.398828536 -0.004282949 0.999989212 0.001773685 -0.578852892 -0.007489925 -0.001805731 0.999970317 20.163440704
0.999959171 0.004643402 0.007742284 0.418201566 -0.004662556 0.999986172 0.002457775 -0.607182324 -0.007730763 -0.002493773 0.999967039 20.630527496
0.999957681 0.005065070 0.007679925 0.421182573 -0.005083153 0.999984324 0.002336757 -0.604740202 -0.007667969 -0.002375696 0.999967754 21.092365265
0.999962807 0.004672709 0.007250303 0.434460074 -0.004687697 0.999986887 0.002051611 -0.612358510 -0.007240622 -0.002085523 0.999971628 21.600666046
0.999967396 0.004521924 0.006693869 0.440796852 -0.004534882 0.999987900 0.001921937 -0.622377992 -0.006685096 -0.001952230 0.999975741 22.112510681
0.999964356 0.005443242 0.006450841 0.455470204 -0.005455275 0.999983430 0.001849093 -0.638263524 -0.006440669 -0.001884218 0.999977469 22.631250381
0.999957979 0.006666596 0.006285730 0.464242458 -0.006677783 0.999976218 0.001760479 -0.653954089 -0.006273843 -0.001802380 0.999978662 23.155614853
0.999964416 0.006458672 0.005428971 0.466802299 -0.006469304 0.999977171 0.001943186 -0.669220805 -0.005416296 -0.001978239 0.999983430 23.669834137
0.999978185 0.004113934 0.005173186 0.480016053 -0.004123686 0.999989748 0.001876038 -0.692019522 -0.005165415 -0.001897330 0.999984860 24.211389542
0.999976873 0.004917549 0.004707604 0.492493272 -0.004927512 0.999985635 0.002107163 -0.700931370 -0.004697174 -0.002130311 0.999986708 24.758199692
0.999981105 0.004812842 0.003845656 0.504750013 -0.004822562 0.999985218 0.002522199 -0.716293454 -0.003833461 -0.002540697 0.999989450 25.279342651
0.999979734 0.005202460 0.003676822 0.506624043 -0.005214105 0.999981403 0.003164870 -0.748998344 -0.003660289 -0.003183977 0.999988258 25.803749084
0.999983013 0.004858283 0.003221944 0.520368218 -0.004870067 0.999981523 0.003659587 -0.764285803 -0.003204104 -0.003675215 0.999988198 26.365091324
0.999981403 0.005118702 0.003316323 0.523306847 -0.005130850 0.999980152 0.003665377 -0.774817884 -0.003297495 -0.003682324 0.999987841 26.922374725
0.999987543 0.004408652 0.002348192 0.545208454 -0.004417508 0.999983132 0.003779309 -0.787361324 -0.002331491 -0.003789635 0.999990106 27.465925217
0.999981821 0.005533617 0.002393707 0.551340997 -0.005539745 0.999981344 0.002560423 -0.796389878 -0.002379493 -0.002573637 0.999993861 28.002271652
0.999979079 0.005929767 0.002563365 0.560416460 -0.005936573 0.999978900 0.002655834 -0.805810690 -0.002547561 -0.002670996 0.999993205 28.558649063
0.999980390 0.005934003 0.001986563 0.568480492 -0.005939447 0.999978602 0.002746442 -0.823769808 -0.001970223 -0.002758186 0.999994218 29.092922211
0.999977410 0.006375512 0.002141585 0.577482343 -0.006380847 0.999976575 0.002494246 -0.834521532 -0.002125633 -0.002507854 0.999994576 29.643373489
0.999980986 0.005971081 0.001547387 0.589782655 -0.005974464 0.999979794 0.002191531 -0.845031500 -0.001534270 -0.002200734 0.999996424 30.189043045
0.999981046 0.005949582 0.001576352 0.593610287 -0.005953852 0.999978602 0.002718232 -0.861996472 -0.001560145 -0.002727565 0.999995053 30.725948334
0.999979436 0.006224185 0.001531338 0.602681756 -0.006228327 0.999976873 0.002715695 -0.877781153 -0.001514400 -0.002725177 0.999995053 31.272012711
0.999977350 0.006598530 0.001346955 0.610565603 -0.006601203 0.999976218 0.001989711 -0.880754054 -0.001333794 -0.001998557 0.999997079 31.835714340
0.999978960 0.006426838 0.000894558 0.622510076 -0.006429063 0.999976218 0.002506068 -0.902605355 -0.000878430 -0.002511766 0.999996483 32.325778961
0.999976814 0.006768565 0.000692562 0.627087593 -0.006770436 0.999973297 0.002736604 -0.917353153 -0.000674021 -0.002741229 0.999996006 32.874488831
0.999975383 0.006987407 0.000625567 0.638704717 -0.006989303 0.999970853 0.003080802 -0.941140771 -0.000604022 -0.003085099 0.999995053 33.444129944
0.999979317 0.006407636 0.000459527 0.646706343 -0.006408891 0.999975562 0.002782894 -0.947435260 -0.000441684 -0.002785782 0.999996006 33.966373444
0.999978483 0.006549900 0.000242996 0.655209422 -0.006550543 0.999974787 0.002751372 -0.961699188 -0.000224968 -0.002752905 0.999996185 34.508129120
0.999973774 0.007238391 -0.000219132 0.661873937 -0.007237727 0.999969661 0.002893669 -0.979690671 0.000240071 -0.002892007 0.999995828 35.036247253
0.999979615 0.006326013 -0.000836770 0.686342895 -0.006323736 0.999976337 0.002696876 -0.984169543 0.000853810 -0.002691530 0.999996006 35.602237701
0.999978840 0.006459819 -0.000786408 0.690856099 -0.006457774 0.999975801 0.002575569 -0.998091757 0.000803026 -0.002570436 0.999996364 36.154247284
0.999984860 0.005501904 -0.000025426 0.688035250 -0.005501817 0.999981344 0.002646974 -1.014548182 0.000039988 -0.002646794 0.999996483 36.632171631
0.999980807 0.006182868 -0.000132401 0.694673777 -0.006182523 0.999977827 0.002465188 -1.026106954 0.000147640 -0.002464323 0.999996901 37.183101654
0.999982297 0.005950263 -0.000180074 0.708085299 -0.005949859 0.999979913 0.002175182 -1.038954377 0.000193014 -0.002174072 0.999997616 37.729724884
0.999985456 0.005317916 -0.000896585 0.720512152 -0.005315634 0.999982655 0.002528724 -1.054752707 0.000910017 -0.002523922 0.999996364 38.232532501
0.999981821 0.006031399 -0.000121044 0.688496709 -0.006031136 0.999979615 0.002073670 -1.061682105 0.000133549 -0.002072902 0.999997795 38.728862762
0.999986947 0.005100114 -0.000151001 0.721283853 -0.005099590 0.999981582 0.003288258 -1.087777138 0.000167770 -0.003287445 0.999994576 39.251972198
0.999989808 0.004499583 -0.000047823 0.731907487 -0.004499394 0.999984086 0.003395027 -1.101684570 0.000063098 -0.003394777 0.999994159 39.807525635
0.999983490 0.005741186 -0.000132701 0.749450505 -0.005740774 0.999979258 0.002919458 -1.113863468 0.000149460 -0.002918648 0.999995708 40.326412201
0.999989450 0.004611890 0.000075661 0.754522324 -0.004612088 0.999985218 0.002891045 -1.123486280 -0.000062327 -0.002891363 0.999995768 40.899082184
0.999980986 0.006143112 -0.000376995 0.772595108 -0.006142195 0.999978304 0.002387114 -1.135451436 0.000391652 -0.002384754 0.999997079 41.420154572
0.999985278 0.005427274 -0.000103173 0.773818672 -0.005426928 0.999980450 0.003100348 -1.160111547 0.000119997 -0.003099742 0.999995172 41.934070587
0.999977589 0.006681761 -0.000360710 0.793483138 -0.006681070 0.999975860 0.001883978 -1.159126163 0.000373289 -0.001881526 0.999998093 42.543270111
0.999982417 0.005925421 -0.000332375 0.801811934 -0.005924575 0.999979317 0.002488597 -1.179463625 0.000347114 -0.002486584 0.999996841 43.039821625
0.999979436 0.006412770 0.000274899 0.808119118 -0.006413398 0.999976635 0.002346003 -1.187886953 -0.000259848 -0.002347718 0.999997199 43.561813354
0.999983668 0.005702298 0.000334828 0.800969839 -0.005703343 0.999978542 0.003206785 -1.215558052 -0.000316535 -0.003208642 0.999994755 44.063316345
0.999979615 0.006360795 0.000507168 0.810161650 -0.006362356 0.999974847 0.003137172 -1.224966168 -0.000487201 -0.003140335 0.999994993 44.626552582
0.999978244 0.006570692 0.000596935 0.817905009 -0.006572743 0.999972284 0.003502459 -1.238312244 -0.000573905 -0.003506306 0.999993682 45.177120209
0.999981880 0.005923912 0.001101319 0.823609293 -0.005927955 0.999975622 0.003705253 -1.251398683 -0.001079342 -0.003711714 0.999992490 45.696235657
0.999977291 0.006571739 0.001577867 0.812945426 -0.006576138 0.999974489 0.002798233 -1.257085443 -0.001559437 -0.002808545 0.999994814 46.082057953
0.999976456 0.006849839 0.000377103 0.867721081 -0.006850758 0.999973416 0.002491522 -1.262310743 -0.000360027 -0.002494047 0.999996781 46.810382843
0.999983191 0.005727518 0.000944251 0.856907547 -0.005729636 0.999981105 0.002256863 -1.276724577 -0.000931307 -0.002262235 0.999996960 47.201736450
0.999983788 0.005659799 0.000705591 0.871432960 -0.005661936 0.999979317 0.003063097 -1.313717484 -0.000688241 -0.003067042 0.999995053 47.687500000
0.999989390 0.004503837 0.000996020 0.863322616 -0.004506805 0.999985278 0.002998305 -1.306139231 -0.000982502 -0.003002762 0.999994993 48.156177521
0.999984026 0.005649012 -0.000254531 0.931123734 -0.005648298 0.999980450 0.002723387 -1.319936752 0.000269910 -0.002721906 0.999996245 48.764125824
0.999988377 0.004795004 0.000582912 0.894882977 -0.004796324 0.999985874 0.002285202 -1.330915332 -0.000571946 -0.002287972 0.999997199 49.247795105
0.999985218 0.005081061 0.001903318 0.866341174 -0.005087053 0.999982059 0.003156747 -1.344458342 -0.001887245 -0.003166384 0.999993145 49.693298340
0.999982119 0.005530862 0.002275345 0.876132250 -0.005536982 0.999980986 0.002691988 -1.357149363 -0.002260413 -0.002704538 0.999993742 50.231868744
0.999984026 0.005309555 0.001930327 0.897943914 -0.005314508 0.999982595 0.002569870 -1.368982315 -0.001916648 -0.002580087 0.999994755 50.770511627
0.999983966 0.005269020 0.002058365 0.894018531 -0.005275663 0.999980867 0.003234796 -1.385080814 -0.002041281 -0.003245604 0.999992669 51.244857788
0.999974191 0.006768276 0.002401090 0.961159885 -0.006774782 0.999973357 0.002712238 -1.406150699 -0.002382669 -0.002728435 0.999993503 51.867355347
0.999984026 0.005133068 0.002358053 0.904977024 -0.005140786 0.999981403 0.003278475 -1.411043882 -0.002341181 -0.003290545 0.999991775 52.302158356
0.999986589 0.004718552 0.002140921 0.921338916 -0.004726119 0.999982536 0.003543619 -1.426883221 -0.002124163 -0.003553689 0.999991417 52.842559814
0.999978781 0.005945271 0.002667874 0.927154899 -0.005952732 0.999978364 0.002797322 -1.436200142 -0.002651187 -0.002813144 0.999992490 53.335075378
0.999977589 0.006025430 0.002920803 0.934983313 -0.006032620 0.999978781 0.002458860 -1.448508143 -0.002905926 -0.002476425 0.999992728 53.860351562
0.999979198 0.005858679 0.002720338 0.948784709 -0.005865103 0.999980032 0.002359484 -1.463061333 -0.002706461 -0.002375389 0.999993563 54.408149719
0.999978900 0.005790668 0.002951969 0.961013377 -0.005797828 0.999980271 0.002423177 -1.474009156 -0.002937879 -0.002440241 0.999992728 54.923133850
0.999978721 0.005682998 0.003204867 0.967631459 -0.005691956 0.999979913 0.002793196 -1.489449978 -0.003188928 -0.002811378 0.999990940 55.465579987
0.999979913 0.005531001 0.003096735 0.973706841 -0.005538700 0.999981582 0.002483261 -1.502663374 -0.003082943 -0.002500363 0.999992073 55.987300873
0.999972224 0.006556729 0.003550628 0.982975245 -0.006565025 0.999975741 0.002330115 -1.516234279 -0.003535265 -0.002353361 0.999990940 56.522529602
0.999966860 0.007311878 0.003602676 0.998371065 -0.007319480 0.999971032 0.002101859 -1.527433991 -0.003587204 -0.002128159 0.999991298 57.077697754
0.999978065 0.005699625 0.003381981 1.005257607 -0.005708218 0.999980509 0.002536221 -1.540009975 -0.003367460 -0.002555471 0.999991000 57.506931305
0.999971867 0.006379041 0.003951161 1.008888006 -0.006388602 0.999976695 0.002411764 -1.550085425 -0.003935684 -0.002436939 0.999989212 58.042541504
0.999974608 0.006065036 0.003751079 1.023350239 -0.006072934 0.999979377 0.002097518 -1.567682505 -0.003738280 -0.002120245 0.999990761 58.593811035
0.999977708 0.005730437 0.003424245 1.041872501 -0.005738582 0.999980688 0.002373491 -1.584967256 -0.003410578 -0.002393089 0.999991298 59.065135956
0.999979675 0.005325236 0.003494967 1.052098274 -0.005334222 0.999982476 0.002566945 -1.596016645 -0.003481235 -0.002585536 0.999990582 59.618465424
0.999976814 0.005626543 0.003813132 1.063906670 -0.005635384 0.999981403 0.002311967 -1.605811596 -0.003800052 -0.002333402 0.999990046 60.122955322
0.999978006 0.005727003 0.003309524 1.082294583 -0.005735102 0.999980569 0.002442298 -1.617968202 -0.003295472 -0.002461225 0.999991477 60.668537140
0.999975264 0.005906877 0.003809477 1.082888722 -0.005915913 0.999979794 0.002365628 -1.632739305 -0.003795426 -0.002388107 0.999989867 61.157093048
0.999972165 0.005972711 0.004474563 1.091171384 -0.005983645 0.999979079 0.002434215 -1.648956895 -0.004459930 -0.002460922 0.999987006 61.679897308
0.999966860 0.006743528 0.004560228 1.102967858 -0.006754735 0.999974191 0.002446891 -1.659983277 -0.004543610 -0.002477613 0.999986589 62.204788208
0.999967337 0.006731397 0.004474762 1.113208175 -0.006741618 0.999974668 0.002273161 -1.676348329 -0.004459348 -0.002303255 0.999987364 62.716770172
0.999967158 0.006535439 0.004774389 1.125317454 -0.006545693 0.999976277 0.002135081 -1.688233376 -0.004760322 -0.002166263 0.999986351 63.238216400
0.999970257 0.006090905 0.004725103 1.140707970 -0.006102006 0.999978602 0.002338641 -1.702632427 -0.004710759 -0.002367404 0.999986172 63.783462524
0.999965429 0.006751354 0.004858093 1.149972200 -0.006762669 0.999974430 0.002316926 -1.714264750 -0.004842327 -0.002349699 0.999985516 64.269981384
0.999963582 0.006667363 0.005308650 1.168714643 -0.006680876 0.999974489 0.002531705 -1.722675562 -0.005291635 -0.002567079 0.999982715 64.876113892
0.999963224 0.006929913 0.005045690 1.174802303 -0.006940960 0.999973655 0.002175794 -1.741129160 -0.005030477 -0.002210737 0.999984920 65.330551147
0.999962926 0.007097512 0.004876417 1.191530704 -0.007105789 0.999973357 0.001682029 -1.754098654 -0.004864348 -0.001716618 0.999986708 65.889122009
0.999965310 0.006756626 0.004870664 1.208328247 -0.006766327 0.999975085 0.001977848 -1.769521236 -0.004857180 -0.002010736 0.999986172 66.377311707
0.999961495 0.007155661 0.005080229 1.218318105 -0.007163499 0.999973118 0.001526340 -1.784686089 -0.005069170 -0.001562674 0.999985933 66.915374756
0.999961436 0.007053614 0.005226089 1.234302998 -0.007064585 0.999972820 0.002083606 -1.801636100 -0.005211250 -0.002120446 0.999984145 67.425590515
0.999958754 0.007547284 0.005057979 1.249144077 -0.007557357 0.999969542 0.001975255 -1.815114260 -0.005042916 -0.002013399 0.999985278 67.974975586
0.999958277 0.007613153 0.005044220 1.265049100 -0.007622646 0.999969244 0.001865480 -1.831326842 -0.005029863 -0.001903853 0.999985576 68.519927979
0.999956429 0.007385520 0.005716983 1.277238488 -0.007394438 0.999971390 0.001540276 -1.830442309 -0.005705445 -0.001582483 0.999982417 69.124725342
0.999952137 0.007799477 0.005897067 1.292945147 -0.007812200 0.999967217 0.002137605 -1.863060236 -0.005880200 -0.002183572 0.999980271 69.597038269
0.999967277 0.006012905 0.005411083 1.291118860 -0.006020768 0.999980867 0.001437819 -1.862284303 -0.005402335 -0.001470351 0.999984264 69.998123169
0.999964535 0.006247164 0.005643564 1.301859140 -0.006259217 0.999978185 0.002120549 -1.884521842 -0.005630193 -0.002155798 0.999981821 70.542503357
0.999954641 0.007427634 0.005952339 1.309961677 -0.007437613 0.999971032 0.001656100 -1.894158840 -0.005939866 -0.001700296 0.999980867 71.108215332
0.999961972 0.006402403 0.005923727 1.325888395 -0.006412931 0.999977887 0.001760024 -1.912930608 -0.005912327 -0.001797946 0.999980927 71.566123962
0.999959171 0.006799611 0.005963912 1.334009886 -0.006806117 0.999976277 0.001071413 -1.924738169 -0.005956485 -0.001111960 0.999981642 72.117172241
0.999960959 0.006538950 0.005947242 1.353895307 -0.006549037 0.999977171 0.001678351 -1.941809416 -0.005936131 -0.001717234 0.999980867 72.613639832
0.999960661 0.006441477 0.006108500 1.369666219 -0.006453331 0.999977410 0.001922854 -1.948654532 -0.006095976 -0.001962199 0.999979496 73.173301697
0.999958098 0.006812723 0.006113271 1.377404094 -0.006822124 0.999975502 0.001518403 -1.966792703 -0.006102778 -0.001560045 0.999980092 73.674591064
0.999959350 0.006514995 0.006235637 1.392634392 -0.006522128 0.999978065 0.001124243 -1.978237510 -0.006228177 -0.001164866 0.999979854 74.220611572
0.999957860 0.006768994 0.006205115 1.405109882 -0.006778954 0.999975681 0.001585551 -1.989601254 -0.006194232 -0.001627548 0.999979496 74.747489929
0.999958932 0.006588671 0.006224406 1.422602296 -0.006596291 0.999977469 0.001204603 -2.006499767 -0.006216329 -0.001245612 0.999979913 75.266052246
0.999955595 0.006983202 0.006320281 1.449017644 -0.006988732 0.999975145 0.000853241 -2.022785902 -0.006314166 -0.000897373 0.999979675 75.880119324
0.999956965 0.006887428 0.006233103 1.445151091 -0.006895579 0.999975383 0.001286814 -2.033930302 -0.006224087 -0.001329739 0.999979734 76.319610596
0.999950767 0.007737590 0.006208047 1.460758448 -0.007749501 0.999968171 0.001896465 -2.049862146 -0.006193175 -0.001944481 0.999978900 76.879020691
0.999951720 0.007292064 0.006600211 1.470534563 -0.007300697 0.999972522 0.001284766 -2.065200329 -0.006590663 -0.001332890 0.999977410 77.358390808
0.999947608 0.007932429 0.006469394 1.485482693 -0.007940252 0.999967754 0.001184369 -2.081362247 -0.006459791 -0.001235675 0.999978423 77.910285950
0.999952674 0.007150976 0.006597377 1.502704740 -0.007158294 0.999973774 0.001086389 -2.094861269 -0.006589436 -0.001133563 0.999977648 78.405044556
0.999947667 0.007057518 0.007409447 1.522547841 -0.007068248 0.999974012 0.001422877 -2.107576370 -0.007399213 -0.001475175 0.999971449 78.939575195
0.999931455 0.007088899 0.009315973 1.533800840 -0.007096449 0.999974608 0.000777801 -2.117578506 -0.009310221 -0.000843858 0.999956250 79.493850708
0.999925435 0.006720923 0.010197974 1.553137541 -0.006730202 0.999976993 0.000875802 -2.132293463 -0.010191852 -0.000944371 0.999947548 80.008163452
0.999912143 0.006611915 0.011490118 1.562907696 -0.006625990 0.999977350 0.001187566 -2.149938583 -0.011482005 -0.001263595 0.999933302 80.517417908
0.999869704 0.006735187 0.014669148 1.588951826 -0.006749945 0.999976754 0.000956824 -2.158925295 -0.014662362 -0.001055715 0.999891996 81.084556580
0.999801576 0.007272350 0.018545587 1.614179373 -0.007296066 0.999972522 0.001211552 -2.171772718 -0.018536268 -0.001346621 0.999827266 81.634918213
0.999740958 0.007301726 0.021557160 1.642062306 -0.007317091 0.999972999 0.000633884 -2.186745167 -0.021551950 -0.000791455 0.999767423 82.150329590
0.999648631 0.006980319 0.025568809 1.672645450 -0.006992623 0.999975443 0.000391807 -2.199234724 -0.025565447 -0.000570462 0.999672949 82.700881958
0.999493599 0.006729208 0.031098580 1.706339598 -0.006750861 0.999976993 0.000591333 -2.217430353 -0.031093888 -0.000800976 0.999516129 83.241882324
0.999267101 0.006884579 0.037655517 1.734801650 -0.006888370 0.999976277 -0.000029067 -2.231249809 -0.037654821 -0.000230339 0.999290824 83.788948059
0.999028981 0.007103955 0.043481853 1.778120995 -0.007164432 0.999973595 0.001235228 -2.251159906 -0.043471921 -0.001545551 0.999053478 84.276496887
0.998643517 0.007236009 0.051565692 1.825081110 -0.007326168 0.999971926 0.001559655 -2.266729116 -0.051552966 -0.001935319 0.998668432 84.830665588
0.998161554 0.007230736 0.060176779 1.867906332 -0.007295392 0.999972939 0.000854824 -2.278420925 -0.060168982 -0.001292265 0.998187363 85.404769897
0.997725010 0.006982692 0.067052826 1.923934698 -0.007051421 0.999974847 0.000788390 -2.290893078 -0.067045636 -0.001259414 0.997749150 85.958396912
0.997057438 0.006923101 0.076344162 1.975412369 -0.006998896 0.999975204 0.000725304 -2.305114746 -0.076337256 -0.001257494 0.997081280 86.485054016
0.996273637 0.007439083 0.085927010 2.046615601 -0.007570633 0.999970496 0.001205180 -2.327280760 -0.085915521 -0.001851211 0.996300638 87.024940491
0.995479405 0.006039002 0.094785377 2.124221802 -0.006068665 0.999981523 0.000024696 -2.329728365 -0.094783485 -0.000599805 0.995497704 87.570144653
0.994698226 0.006002395 0.102661856 2.194078445 -0.006050631 0.999981701 0.000158456 -2.353229523 -0.102659047 -0.000778785 0.994716227 88.112525940
0.993681371 0.005871637 0.112084299 2.286062241 -0.005925840 0.999982357 0.000150457 -2.376115322 -0.112081453 -0.000813700 0.993698716 88.628753662
0.992442250 0.005548883 0.122587174 2.375907898 -0.005646779 0.999983966 0.000451183 -2.373052120 -0.122582719 -0.001139996 0.992457628 89.207611084
0.991169155 0.006552390 0.132441759 2.531702995 -0.006706959 0.999977171 0.000720986 -2.437238216 -0.132434025 -0.001602901 0.991190612 90.032073975
0.989737630 0.003981066 0.142841756 2.562060356 -0.004186803 0.999990582 0.001139781 -2.413026810 -0.142835885 -0.001726135 0.989744842 90.266143799
0.987711847 0.005315527 0.156195283 2.645860672 -0.005632133 0.999982893 0.001584483 -2.433087111 -0.156184167 -0.002444725 0.987724960 90.794776917
0.986052334 0.003980011 0.166387916 2.773722649 -0.004221490 0.999990523 0.001097651 -2.444915771 -0.166381970 -0.001784746 0.986059785 91.362266541
0.984083414 0.004194599 0.177657157 2.887688637 -0.004181025 0.999991179 -0.000450781 -2.449614286 -0.177657485 -0.000299183 0.984092355 91.984657288
0.981656075 0.004007584 0.190618068 3.010704994 -0.003993310 0.999991953 -0.000459010 -2.464378834 -0.190618381 -0.000310607 0.981664181 92.522789001
0.979247153 0.004115274 0.202628031 3.154363632 -0.004145327 0.999991298 -0.000276070 -2.484351635 -0.202627435 -0.000569618 0.979255676 93.073043823
0.977137327 0.003712296 0.212576568 3.286743164 -0.003722552 0.999992967 -0.000351999 -2.499222755 -0.212576374 -0.000447376 0.977144301 93.602058411
0.974079132 0.003585249 0.226179108 3.438337326 -0.003673255 0.999993265 -0.000031760 -2.530510426 -0.226177678 -0.000799877 0.974085808 94.163627625
0.970902264 0.002214225 0.239465594 3.585800171 -0.002097574 0.999997497 -0.000741988 -2.536501884 -0.239466622 0.000218102 0.970904529 94.713195801
0.968235433 0.001653144 0.250034958 3.746662140 -0.001424494 0.999998391 -0.001095425 -2.534678459 -0.250036359 0.000704456 0.968236148 95.191329956
0.965163708 0.001578794 0.261642069 3.888732910 -0.001365675 0.999998510 -0.000996369 -2.548443556 -0.261643261 0.000604341 0.965164483 95.770095825
0.961447775 0.002455542 0.274976611 4.062179565 -0.002415021 0.999997020 -0.000485923 -2.566724300 -0.274976969 -0.000196884 0.961450815 96.289489746
0.957629561 0.002235782 0.287994325 4.237945557 -0.002285918 0.999997437 -0.000162202 -2.589833498 -0.287993908 -0.000503003 0.957632184 96.810264587
0.953953505 0.003671898 0.299932033 4.423074722 -0.003720298 0.999992907 -0.000409695 -2.588908672 -0.299931437 -0.000725006 0.953960538 97.402290344
0.949560761 0.001964553 0.313576847 4.618576050 -0.002052777 0.999997914 -0.000048829 -2.627476215 -0.313576341 -0.000597338 0.949562788 97.884277344
0.945072949 0.000786948 0.326858521 4.831211090 -0.000816672 0.999999642 -0.000046299 -2.641827106 -0.326858401 -0.000223180 0.945073247 98.405654907
0.941030920 0.001051610 0.338318765 5.044696808 -0.001106282 0.999999464 -0.000031226 -2.651993990 -0.338318557 -0.000344891 0.941031575 98.920112610
0.936153233 0.001026471 0.351590633 5.240674973 -0.001280518 0.999999046 0.000490035 -2.677852631 -0.351589829 -0.000908966 0.936153769 99.423210144
0.930616498 0.000293787 0.365995735 5.479377747 -0.000334768 0.999999940 0.000048507 -2.698637247 -0.365995646 -0.000167666 0.930616498 99.965202332
0.925778329 -0.000302483 0.378066719 5.713907242 0.000311716 1.000000000 0.000036772 -2.714687109 -0.378066748 0.000083807 0.925778329 100.467460632
0.920815766 0.000052635 0.389997959 5.932621002 -0.000278027 0.999999881 0.000521483 -2.732440948 -0.389997810 -0.000588619 0.920815587 100.971237183
0.914936244 -0.000911636 0.403597474 6.190078735 0.000783100 0.999999642 0.000483523 -2.745376587 -0.403597653 -0.000126336 0.914936602 101.454879761
0.909493983 -0.001667225 0.415713757 6.439464569 0.000966772 0.999997795 0.001895409 -2.801717758 -0.415715992 -0.001321962 0.909493506 101.805366516
0.903983116 -0.001678796 0.427564889 6.788127899 0.001782072 0.999998391 0.000158642 -2.793152809 -0.427564472 0.000618542 0.903984666 102.606529236
0.898105443 -0.001826964 0.439776391 7.050441742 0.001944863 0.999998093 0.000182521 -2.806946278 -0.439775884 0.000691381 0.898107350 103.091629028
0.891408265 -0.002186802 0.453196079 7.320693970 0.002324799 0.999997318 0.000252544 -2.821455240 -0.453195363 0.000828470 0.891410828 103.578231812
0.885369658 -0.002682167 0.464879990 7.607135773 0.003211322 0.999994814 -0.000346441 -2.826677561 -0.464876622 0.001799607 0.885373652 104.078880310
0.879545927 -0.004393232 0.475793660 7.927219391 0.004683746 0.999988854 0.000575066 -2.857053757 -0.475790888 0.001722699 0.879556715 104.617637634
0.871996820 -0.004624984 0.489489615 8.221569061 0.004710153 0.999988377 0.001057616 -2.876581192 -0.489488810 0.001383333 0.872008443 105.088020325
