1.000000000 0.000000000 0.000000000 0.000000000 0.000000000 1.000000000 0.000000000 0.000000000 0.000000000 0.000000000 1.000000000 0.000000000
1.000000000 0.000010798 0.000046702 0.000213118 -0.000010803 1.000000000 0.000097919 -0.000514552 -0.000046701 -0.000097919 1.000000000 -0.000363717
1.000000000 0.000020240 -0.000115488 0.001183752 -0.000020235 1.000000000 0.000042793 -0.000803063 0.000115489 -0.000042790 1.000000000 -0.001279764
1.000000000 0.000073282 -0.000023136 0.000385317 -0.000073282 1.000000000 0.000020188 -0.000087817 0.000023138 -0.000020186 1.000000000 0.001120146
1.000000000 0.000058100 -0.000031824 -0.000165373 -0.000058099 1.000000000 0.000010518 -0.000081628 0.000031824 -0.000010516 1.000000000 0.000035354
1.000000000 0.000051751 -0.000066319 -0.000176234 -0.000051750 1.000000000 0.000006108 -0.000268683 0.000066320 -0.000006104 1.000000000 -0.000352978
1.000000000 0.000115037 -0.000088502 0.000836630 -0.000115036 1.000000000 0.000011509 -0.000816333 0.000088504 -0.000011499 1.000000000 -0.001823971
1.000000000 0.000019679 -0.000020783 0.000599398 -0.000019680 1.000000000 -0.000066084 0.000300041 0.000020781 0.000066084 1.000000000 -0.000354961
1.000000000 -0.000015670 0.000100830 0.000423720 0.000015668 1.000000000 0.000024616 -0.000651771 -0.000100830 -0.000024615 1.000000000 -0.001567242
1.000000000 -0.000179256 -0.000029671 0.000975685 0.000179254 1.000000000 -0.000067018 0.001074601 0.000029683 0.000067012 1.000000000 0.001625529
1.000000000 -0.000101495 -0.000050868 0.000830117 0.000101496 1.000000000 0.000009863 0.000048133 0.000050867 -0.000009868 1.000000000 0.002064873
1.000000000 -0.000023836 0.000037742 0.000094967 0.000023843 1.000000000 -0.000201401 0.002304004 -0.000037737 0.000201402 1.000000000 0.003016659
1.000000000 -0.000151783 -0.000003233 0.000268792 0.000151783 1.000000000 0.000035127 0.000206769 0.000003228 -0.000035127 1.000000000 0.001243966
1.000000000 -0.000117279 -0.000009110 0.000619795 0.000117279 1.000000000 0.000057667 0.000402257 0.000009104 -0.000057669 1.000000000 0.000917936
1.000000000 -0.000079534 -0.000076174 0.001276492 0.000079540 1.000000000 0.000077946 -0.000411929 0.000076168 -0.000077952 1.000000000 0.000129617
1.000000000 -0.000022300 -0.000055442 -0.000002185 0.000022300 1.000000000 0.000002536 -0.000075336 0.000055442 -0.000002537 1.000000000 -0.000233900
1.000000000 0.000160114 0.000132446 -0.001224221 -0.000160119 1.000000000 0.000035081 0.000156442 -0.000132441 -0.000035102 1.000000000 0.001148452
0.999999940 0.000006358 -0.000245736 0.001260107 -0.000006387 1.000000000 -0.000118865 0.000587727 0.000245735 0.000118867 0.999999940 0.000310641
0.999999940 -0.000250971 -0.000060101 0.000961404 0.000250968 0.999999940 -0.000045162 0.000018028 0.000060112 0.000045147 1.000000000 0.000794679
1.000000000 -0.000086719 0.000036859 0.000511597 0.000086719 1.000000000 -0.000022712 0.000500564 -0.000036858 0.000022716 1.000000000 0.001674967
1.000000000 0.000120717 0.000058647 -0.000770357 -0.000120713 1.000000000 -0.000070241 0.001021853 -0.000058656 0.000070234 1.000000000 0.002390873
1.000000000 -0.000027856 -0.000047467 0.000349969 0.000027856 1.000000000 0.000006077 0.000944388 0.000047467 -0.000006078 1.000000000 0.001101459
1.000000000 -0.000171286 -0.000069712 0.001942130 0.000171285 1.000000000 -0.000023930 0.000801460 0.000069716 0.000023918 1.000000000 0.001818934
1.000000000 0.000002236 0.000180969 -0.000508377 -0.000002233 1.000000000 -0.000016173 0.001206397 -0.000180969 0.000016173 1.000000000 0.000678477
1.000000000 -0.000017018 -0.000087165 0.001662189 0.000017019 1.000000000 0.000016754 0.000278738 0.000087164 -0.000016755 1.000000000 0.000496241
1.000000000 0.000063744 0.000006780 0.000408232 -0.000063743 1.000000000 -0.000105570 0.000758968 -0.000006786 0.000105570 1.000000000 -0.000241848
1.000000000 0.000075745 0.000167756 -0.000947199 -0.000075726 1.000000000 -0.000111922 0.000092110 -0.000167765 0.000111909 1.000000000 -0.001183921
1.000000000 -0.000027804 -0.000011881 0.000069147 0.000027803 1.000000000 -0.000086676 0.000553298 0.000011883 0.000086676 1.000000000 0.000137328
1.000000000 -0.000044338 -0.000036246 -0.000902429 0.000044338 1.000000000 -0.000011590 0.001425630 0.000036247 0.000011588 1.000000000 0.002444299
1.000000000 0.000023064 0.000054096 -0.000919121 -0.000023060 1.000000000 -0.000062788 0.001547125 -0.000054097 0.000062786 1.000000000 0.001868953
1.000000000 -0.000005190 -0.000071080 0.000472051 0.000005192 1.000000000 0.000021477 0.000388071 0.000071080 -0.000021477 1.000000000 -0.000380289
1.000000000 0.000072518 0.000118791 -0.001694306 -0.000072524 1.000000000 0.000050599 0.000347496 -0.000118787 -0.000050608 1.000000000 0.001568010
1.000000000 -0.000076242 0.000074956 -0.001016645 0.000076242 1.000000000 -0.000005100 0.000162567 -0.000074956 0.000005106 1.000000000 0.001408126
1.000000000 -0.000116712 -0.000001805 -0.000237410 0.000116712 1.000000000 0.000000581 0.000976392 0.000001805 -0.000000581 1.000000000 0.001556935
1.000000000 0.000052035 0.000140417 -0.001294910 -0.000052027 1.000000000 -0.000056076 0.001858740 -0.000140420 0.000056069 1.000000000 0.003162555
1.000000000 0.000083552 0.000173348 -0.002093576 -0.000083538 1.000000000 -0.000084649 0.002718674 -0.000173355 0.000084635 1.000000000 0.003745318
0.999999940 -0.000254581 0.000022772 -0.000099597 0.000254581 0.999999940 0.000024856 0.000794586 -0.000022779 -0.000024851 1.000000000 0.001895724
1.000000000 -0.000051642 0.000069128 -0.000881393 0.000051636 1.000000000 0.000087409 0.000582138 -0.000069133 -0.000087405 1.000000000 0.001121138
1.000000000 -0.000132515 -0.000018612 -0.000107852 0.000132515 1.000000000 -0.000030166 0.001222087 0.000018616 0.000030163 1.000000000 0.001588077
0.999999940 0.000069109 0.000241964 -0.001692480 -0.000069121 1.000000000 0.000047916 -0.000599016 -0.000241960 -0.000047933 0.999999940 0.001789937
0.999999940 -0.000090774 0.000275776 -0.000769315 0.000090973 0.999999762 -0.000721260 -0.000994563 -0.000275711 0.000721285 0.999999702 0.052305192
0.999999940 0.000273174 0.000225443 -0.000884995 -0.000272885 0.999999166 -0.001277912 -0.004463647 -0.000225792 0.001277850 0.999999166 0.132940084
0.999999881 0.000529056 -0.000010216 0.003041602 -0.000529070 0.999998808 -0.001463212 -0.004080876 0.000009441 0.001463217 0.999998927 0.253807187
0.999999940 0.000303153 0.000011653 0.004597999 -0.000303139 0.999999225 -0.001212421 -0.012941753 -0.000012021 0.001212418 0.999999285 0.382103294
0.999999940 0.000378551 0.000116986 0.006916631 -0.000378414 0.999999225 -0.001170750 -0.015384375 -0.000117429 0.001170706 0.999999285 0.527822435
1.000000000 0.000189437 0.000015827 0.013591138 -0.000189418 0.999999225 -0.001221248 -0.018362934 -0.000016058 0.001221245 0.999999225 0.680914700
0.999999940 0.000113094 0.000220935 0.016006362 -0.000112840 0.999999344 -0.001149001 -0.020479344 -0.000221065 0.001148976 0.999999344 0.852435410
0.999999881 0.000431836 0.000232972 0.014613513 -0.000431639 0.999999523 -0.000843580 -0.025960442 -0.000233336 0.000843480 0.999999642 1.019353867
0.999999881 0.000230632 0.000411157 0.015599323 -0.000230520 0.999999940 -0.000272469 -0.034876056 -0.000411220 0.000272374 0.999999881 1.190497398
0.999999821 0.000471056 0.000390322 0.017491147 -0.000470795 0.999999642 -0.000667541 -0.034360401 -0.000390636 0.000667357 0.999999702 1.375293136
0.999999940 0.000364614 0.000173188 0.028983716 -0.000364542 0.999999821 -0.000411724 -0.043900006 -0.000173338 0.000411661 0.999999881 1.575060248
0.999998748 0.001383616 0.000775328 0.020750273 -0.001383209 0.999998927 -0.000524869 -0.045520131 -0.000776054 0.000523796 0.999999583 1.775915623
0.999999940 0.000376302 -0.000143063 0.041314345 -0.000376399 0.999999702 -0.000683341 -0.046952438 0.000142806 0.000683395 0.999999762 1.965714693
0.999999404 0.000654395 0.000870117 0.030713789 -0.000653848 0.999999583 -0.000628895 -0.054774784 -0.000870528 0.000628325 0.999999404 2.181915522
0.999999344 0.000767992 0.000838363 0.031499758 -0.000767442 0.999999464 -0.000656016 -0.063460678 -0.000838867 0.000655372 0.999999404 2.387505293
0.999999702 0.000734715 -0.000203916 0.055761900 -0.000734791 0.999999642 -0.000375007 -0.080160692 0.000203640 0.000375157 0.999999881 2.671201468
0.999999881 0.000366586 -0.000449124 0.064837798 -0.000366602 0.999999940 -0.000036518 -0.092153914 0.000449110 0.000036683 0.999999821 2.892573833
0.999999583 0.000801202 -0.000370110 0.065090619 -0.000801255 0.999999642 -0.000141904 -0.094567992 0.000369996 0.000142200 0.999999881 3.144972563
0.999999464 0.000613604 -0.000796849 0.075558566 -0.000613916 0.999999762 -0.000391034 -0.097877137 0.000796609 0.000391522 0.999999642 3.380638123
0.999999762 0.000152939 -0.000503591 0.077978499 -0.000152999 0.999999881 -0.000118844 -0.109838665 0.000503573 0.000118921 0.999999881 3.619450092
0.999999642 0.000449120 -0.000583824 0.082329780 -0.000449312 0.999999821 -0.000328203 -0.111426495 0.000583676 0.000328465 0.999999702 3.905086040
0.999999702 0.000477526 -0.000329681 0.083160341 -0.000477744 0.999999642 -0.000662418 -0.116168454 0.000329365 0.000662576 0.999999702 4.168907166
0.999999821 0.000642006 -0.000207072 0.086655915 -0.000642049 0.999999762 -0.000209265 -0.124882184 0.000206938 0.000209398 0.999999881 4.420796871
0.999999940 0.000305442 -0.000207050 0.093338758 -0.000305492 0.999999881 -0.000240179 -0.129561290 0.000206977 0.000240243 0.999999940 4.669477940
0.999999583 0.000684432 -0.000503230 0.102836974 -0.000684605 0.999999642 -0.000343261 -0.134889781 0.000502995 0.000343606 0.999999821 4.968441486
0.999999702 0.000535868 -0.000502832 0.106796168 -0.000536094 0.999999702 -0.000450679 -0.139332637 0.000502590 0.000450949 0.999999762 5.230788231
0.999999464 0.000990775 -0.000290763 0.109841645 -0.000990985 0.999999225 -0.000723780 -0.149996385 0.000290046 0.000724068 0.999999762 5.492447376
0.999999821 0.000496768 -0.000377639 0.118254803 -0.000496905 0.999999821 -0.000362847 -0.154418349 0.000377459 0.000363035 0.999999881 5.772754669
0.999999583 0.000962974 -0.000250666 0.121173784 -0.000963026 0.999999464 -0.000206948 -0.164034560 0.000250467 0.000207189 1.000000000 6.039838314
0.999999821 0.000475384 -0.000446457 0.131898627 -0.000475505 0.999999881 -0.000269074 -0.172003835 0.000446329 0.000269286 0.999999881 6.316548824
0.999999166 0.001396388 0.000028713 0.130264997 -0.001396385 0.999999106 -0.000102888 -0.182060093 -0.000028857 0.000102847 1.000000119 6.592135906
0.999999583 0.000817696 -0.000432183 0.142590344 -0.000817555 0.999999583 0.000326939 -0.200900167 0.000432450 -0.000326585 0.999999881 6.893529892
0.999999464 0.000970921 -0.000447890 0.147906065 -0.000970872 0.999999523 0.000109718 -0.207370028 0.000447996 -0.000109283 0.999999940 7.195842743
0.999999642 0.000822357 -0.000310962 0.154950365 -0.000822329 0.999999642 0.000089219 -0.215289772 0.000311035 -0.000088963 0.999999940 7.489039898
0.999999821 0.000625086 -0.000107387 0.160467938 -0.000625147 0.999999642 -0.000576644 -0.216226280 0.000107027 0.000576711 0.999999821 7.807004452
0.999999404 0.001131830 -0.000202005 0.173510209 -0.001131710 0.999999225 0.000590179 -0.238188639 0.000202673 -0.000589950 0.999999821 8.100106239
0.999999821 0.000373700 -0.000261415 0.176881269 -0.000373545 0.999999762 0.000594477 -0.248806909 0.000261637 -0.000594380 0.999999762 8.445194244
0.999999940 0.000328049 -0.000139323 0.183956623 -0.000327980 0.999999821 0.000497323 -0.255980760 0.000139486 -0.000497277 0.999999881 8.777474403
0.999999642 0.000545087 0.000495184 0.181755751 -0.000545225 0.999999762 0.000278319 -0.260735750 -0.000495032 -0.000278589 0.999999762 9.121618271
0.999999821 0.000361631 0.000319922 0.192414403 -0.000361872 0.999999583 0.000751352 -0.279556155 -0.000319650 -0.000751467 0.999999642 9.446239471
0.999999762 0.000460939 0.000272121 0.194655851 -0.000461107 0.999999642 0.000617363 -0.284903884 -0.000271837 -0.000617489 0.999999762 9.810550690
0.999999762 0.000602236 -0.000372036 0.210236698 -0.000602071 0.999999821 0.000443351 -0.292009622 0.000372303 -0.000443126 0.999999762 10.167376518
0.999999523 0.000925975 -0.000258241 0.218658477 -0.000925891 0.999999523 0.000327269 -0.301688492 0.000258544 -0.000327030 0.999999940 10.530226707
0.999999762 0.000723040 0.000065453 0.225629374 -0.000723081 0.999999583 0.000617418 -0.316398084 -0.000065007 -0.000617465 0.999999762 10.869393349
0.999999940 -0.000015343 -0.000428075 0.235101819 0.000015423 0.999999940 0.000186353 -0.318047583 0.000428072 -0.000186359 0.999999940 11.249033928
0.999999702 0.000782855 -0.000061550 0.233423784 -0.000782862 0.999999702 -0.000119788 -0.327182591 0.000061457 0.000119836 0.999999940 11.651309967
0.999999642 0.000873093 -0.000154121 0.248521224 -0.000873032 0.999999583 0.000399438 -0.340440691 0.000154470 -0.000399303 0.999999881 12.019734383
0.999999881 0.000524415 -0.000078145 0.251817793 -0.000524418 0.999999821 -0.000029359 -0.350823581 0.000078130 0.000029400 1.000000000 12.420180321
0.999999404 0.001111073 -0.000015980 0.258277178 -0.001111081 0.999999285 -0.000511063 -0.359162688 0.000015413 0.000511081 0.999999881 12.818024635
0.999999642 0.000831845 0.000184131 0.263881117 -0.000831914 0.999999583 0.000373468 -0.376415372 -0.000183821 -0.000373621 0.999999940 13.210266113
0.999999821 0.000634111 0.000115054 0.272936434 -0.000634159 0.999999702 0.000417770 -0.387279987 -0.000114789 -0.000417843 0.999999881 13.614254951
0.999999225 0.001059184 0.000620489 0.278206617 -0.001059597 0.999999106 0.000666222 -0.398650706 -0.000619783 -0.000666879 0.999999523 14.019197464
0.999999762 0.000382103 0.000526306 0.288503706 -0.000382287 0.999999881 0.000349772 -0.407662660 -0.000526172 -0.000349973 0.999999821 14.456702232
0.999999702 0.000376357 0.000610679 0.300776988 -0.000376659 0.999999821 0.000494189 -0.420264900 -0.000610493 -0.000494418 0.999999702 14.876237869
0.999999702 -0.000204618 0.000780025 0.308803797 0.000204032 0.999999762 0.000751485 -0.434195638 -0.000780179 -0.000751326 0.999999404 15.303144455
0.999999762 0.000202686 0.000603542 0.323936522 -0.000203213 0.999999583 0.000873820 -0.449190974 -0.000603365 -0.000873943 0.999999464 15.747391701
0.999999285 0.000173145 0.001109119 0.331208408 -0.000173589 0.999999881 0.000400246 -0.456269532 -0.001109049 -0.000400438 0.999999225 16.191913605
0.999999404 0.000020933 0.001104478 0.345004082 -0.000021514 0.999999881 0.000525572 -0.468804955 -0.001104467 -0.000525595 0.999999166 16.634254456
0.999998868 0.000116234 0.001492290 0.351924241 -0.000116806 0.999999881 0.000383217 -0.480941057 -0.001492247 -0.000383391 0.999998748 17.083724976
0.999998450 0.000059684 0.001751230 0.361431539 -0.000060839 0.999999762 0.000659469 -0.497007161 -0.001751191 -0.000659574 0.999998271 17.538570404
0.999996841 0.000267651 0.002512777 0.366102546 -0.000269951 0.999999523 0.000915280 -0.506960869 -0.002512530 -0.000915955 0.999996483 18.009092331
0.999996006 0.000370147 0.002785641 0.376053303 -0.000371308 0.999999821 0.000416199 -0.517732143 -0.002785487 -0.000417232 0.999995947 18.468858719
0.999994695 0.000184489 0.003260545 0.385068595 -0.000185429 0.999999940 0.000287949 -0.524439991 -0.003260493 -0.000288552 0.999994576 18.948726654
0.999995649 0.000685984 0.002842670 0.402928591 -0.000686784 0.999999642 0.000280281 -0.541974366 -0.002842478 -0.000282232 0.999995947 19.411504745
0.999994695 0.000151530 0.003231809 0.414926827 -0.000151427 0.999999881 -0.000031978 -0.550435126 -0.003231813 0.000031488 0.999994814 19.900428772
0.999995351 0.000493741 0.003006903 0.422479212 -0.000493500 0.999999881 -0.000080950 -0.558579683 -0.003006943 0.000079466 0.999995410 20.381420135
0.999995291 0.000591065 0.003015786 0.437220395 -0.000591989 0.999999762 0.000305405 -0.579548597 -0.003015605 -0.000307189 0.999995410 20.870908737
0.999996305 0.000502476 0.002669776 0.451841265 -0.000502051 0.999999881 -0.000159994 -0.582660317 -0.002669855 0.000158653 0.999996364 21.366800308
0.999998152 0.000480758 0.001874962 0.461379081 -0.000481237 0.999999881 0.000255486 -0.606318891 -0.001874840 -0.000256388 0.999998212 21.882061005
0.999998808 0.000576640 0.001444130 0.470826387 -0.000577915 0.999999464 0.000882675 -0.629044950 -0.001443620 -0.000883509 0.999998629 22.386363983
0.999998331 0.001291237 0.001269109 0.482666314 -0.001291671 0.999999106 0.000341496 -0.636450946 -0.001268666 -0.000343135 0.999999166 22.890640259
0.999999106 0.001175997 0.000556812 0.488768667 -0.001176237 0.999999225 0.000430665 -0.651381195 -0.000556306 -0.000431319 0.999999762 23.405879974
0.999999881 0.000446928 -0.000282112 0.507360637 -0.000446786 0.999999762 0.000502641 -0.672150910 0.000282336 -0.000502515 0.999999821 23.913816452
0.999999821 0.000150954 -0.000607709 0.505559981 -0.000151250 0.999999881 -0.000486263 -0.677020669 0.000607636 0.000486354 0.999999702 24.453981400
0.999999464 0.000568258 -0.000855621 0.512416005 -0.000568279 0.999999881 -0.000023486 -0.690497875 0.000855608 0.000023972 0.999999642 24.994897842
0.999996781 0.001668021 -0.001868534 0.526134253 -0.001667812 0.999998629 0.000113241 -0.708765447 0.001868721 -0.000110124 0.999998212 25.528152466
0.999994457 0.002115907 -0.002545551 0.533069134 -0.002116298 0.999997735 -0.000150469 -0.721477628 0.002545227 0.000155855 0.999996781 26.072925568
0.999995649 0.001063154 -0.002750138 0.538722277 -0.001063418 0.999999404 -0.000094620 -0.735379696 0.002750036 0.000097544 0.999996185 26.631799698
0.999994278 0.000615128 -0.003317490 0.550272882 -0.000613363 0.999999642 0.000532828 -0.750385582 0.003317817 -0.000530790 0.999994338 27.177917480
0.999993622 0.000562895 -0.003534500 0.555429816 -0.000560071 0.999999464 0.000799775 -0.768632531 0.003534948 -0.000797790 0.999993384 27.723335266
0.999993563 0.001308274 -0.003341326 0.563883543 -0.001307096 0.999999046 0.000354877 -0.781003773 0.003341787 -0.000350507 0.999994278 28.248220444
0.999989986 0.001965730 -0.004052022 0.570782006 -0.001960394 0.999997199 0.001320265 -0.809679210 0.004054606 -0.001312309 0.999990940 28.798316956
0.999989092 0.002081230 -0.004187491 0.575187147 -0.002076924 0.999997258 0.001032212 -0.818340123 0.004189628 -0.001023504 0.999990761 29.352132797
0.999987841 0.001684073 -0.004633090 0.585425973 -0.001678684 0.999997914 0.001166661 -0.839125752 0.004635045 -0.001158869 0.999988616 29.907049179
0.999986112 0.001765848 -0.004964756 0.588647127 -0.001759823 0.999997675 0.001217622 -0.851038516 0.004966895 -0.001208868 0.999986947 30.460746765
0.999985695 0.001874447 -0.005014315 0.600459039 -0.001868941 0.999997616 0.001102561 -0.868111372 0.005016370 -0.001093173 0.999986827 31.001617432
0.999982834 0.001957058 -0.005518271 0.606241524 -0.001950099 0.999997258 0.001266146 -0.886561871 0.005520734 -0.001255363 0.999983966 31.561676025
0.999981582 0.002043812 -0.005711413 0.615362585 -0.002036332 0.999997020 0.001315088 -0.900037289 0.005714084 -0.001303433 0.999982774 32.111503601
0.999979734 0.002154387 -0.005978865 0.628964901 -0.002144429 0.999996245 0.001671485 -0.922118306 0.005982444 -0.001658630 0.999980688 32.648838043
0.999979615 0.002194448 -0.005999472 0.630227685 -0.002186403 0.999996722 0.001347262 -0.926762223 0.006002408 -0.001334117 0.999981105 33.201210022
0.999974608 0.002527490 -0.006669692 0.640459120 -0.002521478 0.999996483 0.000909550 -0.946071088 0.006671967 -0.000892709 0.999977350 33.738327026
0.999975264 0.002208727 -0.006676964 0.648472369 -0.002201010 0.999996901 0.001162810 -0.954337478 0.006679512 -0.001148085 0.999977052 34.313659668
0.999978304 0.002096836 -0.006241432 0.645678461 -0.002088592 0.999996960 0.001326979 -0.969818056 0.006244195 -0.001313915 0.999979675 34.864673615
0.999974787 0.002325952 -0.006698115 0.659354925 -0.002318352 0.999996603 0.001142130 -0.983208597 0.006700748 -0.001126572 0.999976933 35.407039642
0.999976277 0.002121877 -0.006557298 0.664082944 -0.002116795 0.999997497 0.000781898 -0.997037530 0.006558941 -0.000767999 0.999978244 35.956443787
0.999972999 0.002619452 -0.006864281 0.677613139 -0.002610231 0.999995708 0.001351810 -1.016616702 0.006867792 -0.001333856 0.999975562 36.489734650
0.999971390 0.002764833 -0.007040062 0.675452352 -0.002758393 0.999995768 0.000924343 -1.025947332 0.007042588 -0.000904897 0.999974787 37.040966034
0.999971628 0.003583061 -0.006614179 0.678133368 -0.003579140 0.999993503 0.000604342 -1.038089752 0.006616300 -0.000580652 0.999977946 37.584945679
0.999969840 0.003037306 -0.007147406 0.684117556 -0.003032639 0.999995172 0.000663581 -1.055512071 0.007149387 -0.000641886 0.999974251 38.149227142
0.999973118 0.002554616 -0.006870784 0.688194513 -0.002550548 0.999996543 0.000600822 -1.068504095 0.006872295 -0.000583281 0.999976277 38.704998016
0.999970317 0.003083516 -0.007061157 0.697412491 -0.003078837 0.999995053 0.000673335 -1.086426139 0.007063199 -0.000651575 0.999974847 39.252647400
0.999966860 0.003524132 -0.007342094 0.704173982 -0.003518987 0.999993563 0.000713522 -1.100288868 0.007344561 -0.000687661 0.999972820 39.790355682
0.999968886 0.003455446 -0.007089066 0.710267842 -0.003453197 0.999993980 0.000329482 -1.109890103 0.007090162 -0.000304992 0.999974847 40.345993042
0.999964058 0.003321868 -0.007796552 0.724167824 -0.003315259 0.999994159 0.000860510 -1.133131266 0.007799365 -0.000834632 0.999969184 40.893341064
0.999964952 0.003311664 -0.007694926 0.733881950 -0.003305845 0.999994278 0.000768815 -1.145857573 0.007697427 -0.000743350 0.999970138 41.441184998
0.999962509 0.003447659 -0.007940040 0.736847401 -0.003437615 0.999993265 0.001278200 -1.161908507 0.007944393 -0.001250858 0.999967635 41.979442596
0.999962866 0.003472975 -0.007889403 0.733144939 -0.003468041 0.999993801 0.000638967 -1.169205785 0.007891573 -0.000611583 0.999968648 42.532485962
0.999962986 0.003865526 -0.007678072 0.742844224 -0.003863798 0.999992549 0.000239959 -1.177215695 0.007678942 -0.000210284 0.999970436 43.091850281
0.999963880 0.003841848 -0.007585551 0.751313329 -0.003838902 0.999992549 0.000402872 -1.194557548 0.007587041 -0.000373737 0.999971092 43.628765106
0.999962330 0.003854084 -0.007777767 0.744303465 -0.003847946 0.999992251 0.000803921 -1.214007020 0.007780804 -0.000773962 0.999969423 44.172935486
0.999963939 0.003421910 -0.007779571 0.749115229 -0.003412091 0.999993324 0.001275113 -1.231966972 0.007783882 -0.001248522 0.999968886 44.715980530
0.999962389 0.004086479 -0.007639657 0.749759436 -0.004076843 0.999990880 0.001276357 -1.245161057 0.007644803 -0.001245163 0.999969959 45.260707855
0.999963582 0.003441691 -0.007815128 0.760885596 -0.003436144 0.999993861 0.000723071 -1.254149437 0.007817569 -0.000696191 0.999969125 45.807605743
0.999961615 0.003907576 -0.007844692 0.771368861 -0.003899140 0.999991775 0.001090554 -1.274431944 0.007848890 -0.001059924 0.999968648 46.367767334
0.999959171 0.003655359 -0.008258731 0.782715797 -0.003647953 0.999992847 0.000911715 -1.291646600 0.008262005 -0.000881550 0.999965489 46.914012909
0.999959886 0.004050354 -0.007987798 0.780426800 -0.004041003 0.999991059 0.001186387 -1.300213695 0.007992533 -0.001154060 0.999967396 47.450668335
0.999961793 0.003842126 -0.007851177 0.784967482 -0.003833518 0.999992013 0.001111018 -1.314866304 0.007855384 -0.001080878 0.999968588 47.987846375
0.999965847 0.003955990 -0.007256324 0.778170586 -0.003952235 0.999992073 0.000531874 -1.317753077 0.007258371 -0.000503177 0.999973536 48.558815002
0.999961615 0.003579801 -0.007999834 0.797800779 -0.003571866 0.999993026 0.001005915 -1.340409636 0.008003380 -0.000977303 0.999967456 49.093067169
0.999961376 0.003535669 -0.008047240 0.805761874 -0.003526349 0.999993026 0.001172114 -1.356056452 0.008051327 -0.001143691 0.999966919 49.643245697
0.999962449 0.004021483 -0.007676788 0.810211182 -0.004014936 0.999991477 0.000868032 -1.371656299 0.007680214 -0.000837178 0.999970198 50.188537598
0.999959588 0.003493166 -0.008284268 0.817543864 -0.003486762 0.999993622 0.000787323 -1.384779692 0.008286966 -0.000758406 0.999965310 50.734512329
0.999963462 0.003506590 -0.007799839 0.818438888 -0.003505591 0.999993920 0.000141797 -1.395946383 0.007800288 -0.000114449 0.999969542 51.290977478
0.999962091 0.003152329 -0.008116388 0.823383391 -0.003148583 0.999994934 0.000474264 -1.411800504 0.008117842 -0.000448690 0.999966919 51.833690643
0.999958038 0.003685324 -0.008386046 0.835196614 -0.003678238 0.999992907 0.000860234 -1.435678244 0.008389155 -0.000829353 0.999964476 52.385326385
0.999955773 0.003852480 -0.008580670 0.842796147 -0.003849977 0.999992549 0.000308250 -1.446301341 0.008581793 -0.000275201 0.999963164 52.926216125
0.999959648 0.003355971 -0.008330746 0.838964164 -0.003354437 0.999994338 0.000198137 -1.460078597 0.008331363 -0.000170184 0.999965370 53.455978394
0.999957085 0.004050529 -0.008329271 0.847499847 -0.004048644 0.999991775 0.000243059 -1.475453138 0.008330188 -0.000209326 0.999965250 54.021965027
0.999964058 0.003593006 -0.007684469 0.857570589 -0.003591282 0.999993563 0.000238235 -1.490234256 0.007685276 -0.000210629 0.999970436 54.568225861
0.999957442 0.004323886 -0.008139847 0.856701851 -0.004322438 0.999990582 0.000195446 -1.503829956 0.008140616 -0.000160254 0.999966800 55.112625122
0.999956906 0.004571569 -0.008074076 0.858475029 -0.004567864 0.999989450 0.000477123 -1.522588968 0.008076172 -0.000440221 0.999967277 55.662765503
0.999957383 0.004333870 -0.008152218 0.867087603 -0.004333211 0.999990523 0.000098670 -1.533177376 0.008152569 -0.000063340 0.999966741 56.208831787
0.999956727 0.003996869 -0.008397277 0.872963309 -0.003996843 0.999992013 0.000019894 -1.546873331 0.008397290 0.000013670 0.999964714 56.757183075
0.999958813 0.003993658 -0.008142857 0.892291427 -0.003991120 0.999991953 0.000327978 -1.569269300 0.008144101 -0.000295465 0.999966800 57.292324066
0.999955356 0.004301822 -0.008416209 0.898536205 -0.004297937 0.999990582 0.000479646 -1.581222057 0.008418195 -0.000443452 0.999964416 57.843528748
0.999951303 0.004371475 -0.008846884 0.906127393 -0.004369217 0.999990404 0.000274454 -1.600813389 0.008847998 -0.000235787 0.999960840 58.385524750
0.999956787 0.003752704 -0.008509493 0.915404677 -0.003750931 0.999992907 0.000224280 -1.610758424 0.008510276 -0.000192352 0.999963760 58.933822632
0.999958515 0.004084659 -0.008138004 0.905828834 -0.004087200 0.999991596 -0.000295648 -1.614178777 0.008136728 0.000328897 0.999966860 59.471637726
0.999956727 0.004276216 -0.008262781 0.914337993 -0.004283843 0.999990463 -0.000905405 -1.628934264 0.008258830 0.000940762 0.999965549 60.016521454
0.999963403 0.004429426 -0.007321689 0.914312840 -0.004435742 0.999989688 -0.000846601 -1.640186191 0.007317866 0.000879047 0.999972880 60.572902679
0.999955058 0.004603982 -0.008285529 0.923771560 -0.004609263 0.999989212 -0.000618292 -1.660261512 0.008282593 0.000656455 0.999965489 61.102588654
0.999961197 0.004583481 -0.007521615 0.928836346 -0.004588114 0.999989331 -0.000598513 -1.677612662 0.007518792 0.000632999 0.999971509 61.655292511
0.999955475 0.004784262 -0.008132642 0.940954685 -0.004788724 0.999988377 -0.000529187 -1.692016006 0.008130017 0.000568109 0.999966800 62.206886292
0.999957025 0.004813734 -0.007914831 0.947808862 -0.004817938 0.999988258 -0.000512192 -1.708267927 0.007912274 0.000550303 0.999968588 62.733612061
0.999954641 0.004621726 -0.008326798 0.949234843 -0.004629844 0.999988854 -0.000955939 -1.711821675 0.008322287 0.000994447 0.999964833 63.265621185
0.999955654 0.004695970 -0.008161228 0.949495435 -0.004703038 0.999988616 -0.000847133 -1.720872521 0.008157157 0.000885478 0.999966383 63.816932678
0.999955952 0.004935566 -0.007989082 0.953981578 -0.004941404 0.999987662 -0.000711241 -1.746429920 0.007985472 0.000750687 0.999967813 64.362571716
0.999954879 0.005058918 -0.008036322 0.963251293 -0.005066866 0.999986768 -0.000968980 -1.758218408 0.008031312 0.001009655 0.999967217 64.898086548
0.999948740 0.005233039 -0.008669103 0.973781824 -0.005241178 0.999985874 -0.000916398 -1.772790909 0.008664185 0.000961787 0.999961972 65.438224792
0.999952495 0.004730784 -0.008524367 0.982364237 -0.004742044 0.999987960 -0.001301117 -1.787212610 0.008518108 0.001341478 0.999962807 65.990486145
0.999950945 0.005442592 -0.008276246 0.988867104 -0.005448773 0.999984920 -0.000724376 -1.807718396 0.008272178 0.000769436 0.999965489 66.529861450
0.999954522 0.005039369 -0.008102283 0.994467914 -0.005049141 0.999986589 -0.001186074 -1.818000555 0.008096197 0.001226930 0.999966502 67.069595337
0.999944150 0.005024191 -0.009298152 1.012264132 -0.005030949 0.999987125 -0.000703807 -1.844855189 0.009294497 0.000750546 0.999956489 67.584342957
0.999944389 0.005303741 -0.009117952 1.015063286 -0.005305684 0.999985933 -0.000188901 -1.861597061 0.009116821 0.000237267 0.999958396 68.131759644
0.999945521 0.005660921 -0.008764910 1.020124435 -0.005659619 0.999983966 0.000173213 -1.884788156 0.008765749 -0.000123598 0.999961615 68.674537659
0.999943793 0.005832830 -0.008849552 1.035805225 -0.005836345 0.999982953 -0.000371358 -1.900814891 0.008847233 0.000422986 0.999960840 69.225898743
0.999951541 0.005450907 -0.008200404 0.999216318 -0.005455365 0.999984980 -0.000521421 -1.910902977 0.008197439 0.000566132 0.999966264 69.758895874
0.999952674 0.005234658 -0.008207449 1.008173704 -0.005238663 0.999986112 -0.000466655 -1.923937798 0.008204893 0.000509629 0.999966264 70.304893494
0.999956071 0.005320875 -0.007728748 1.010019302 -0.005325296 0.999985695 -0.000551591 -1.945009470 0.007725702 0.000592724 0.999970078 70.850189209
0.999950826 0.005341983 -0.008344533 1.017877460 -0.005348819 0.999985397 -0.000797285 -1.950900435 0.008340151 0.000841879 0.999964893 71.379158020
0.999952197 0.005373296 -0.008166829 1.026287675 -0.005380644 0.999985158 -0.000878112 -1.967592001 0.008161991 0.000922013 0.999966323 71.921745300
0.999949813 0.005926532 -0.008075801 1.032655239 -0.005931029 0.999982297 -0.000532915 -1.989632368 0.008072499 0.000580787 0.999967277 72.475448608
0.999954045 0.005536355 -0.007820611 1.026953578 -0.005540522 0.999984503 -0.000511079 -2.006525040 0.007817660 0.000554386 0.999969304 73.011260986
0.999955714 0.005321190 -0.007751889 1.037356257 -0.005324540 0.999985754 -0.000411501 -2.027177572 0.007749588 0.000452758 0.999969900 73.554191589
0.999961376 0.004907627 -0.007293230 1.037680626 -0.004911910 0.999987781 -0.000569534 -2.039437532 0.007290346 0.000605336 0.999973297 74.114891052
0.999955356 0.004629585 -0.008239559 1.050074816 -0.004634840 0.999989092 -0.000618865 -2.052422762 0.008236603 0.000657026 0.999965847 74.636466980
0.999954224 0.004780922 -0.008285505 1.059893608 -0.004781906 0.999988496 -0.000098723 -2.071187258 0.008284939 0.000138339 0.999965608 75.171646118
0.999949455 0.005607838 -0.008338786 1.067043543 -0.005604736 0.999984205 0.000395383 -2.094963551 0.008340870 -0.000348626 0.999965131 75.712608337
0.999954641 0.004678014 -0.008296914 1.072637796 -0.004681994 0.999988914 -0.000460438 -2.104124784 0.008294669 0.000499263 0.999965489 76.262390137
0.999950051 0.004968802 -0.008667989 1.079952002 -0.004971308 0.999987543 -0.000267647 -2.120601416 0.008666553 0.000310725 0.999962449 76.809570312
0.999956489 0.004557171 -0.008141260 1.083950639 -0.004560716 0.999989510 -0.000417059 -2.138669968 0.008139274 0.000454171 0.999966800 77.360618591
0.999958932 0.004365395 -0.007942630 1.089032888 -0.004369266 0.999990344 -0.000470161 -2.150948524 0.007940501 0.000504845 0.999968410 77.910957336
0.999958456 0.003763668 -0.008304195 1.107239246 -0.003764621 0.999992907 -0.000099322 -2.171785116 0.008303763 0.000130580 0.999965549 78.456672668
0.999950469 0.005162217 -0.008507876 1.107978582 -0.005166130 0.999986589 -0.000437922 -2.182581663 0.008505501 0.000481853 0.999963701 79.005455017
0.999956608 0.004401963 -0.008205725 1.120840073 -0.004405630 0.999990225 -0.000428812 -2.198283672 0.008203757 0.000464945 0.999966204 79.553344727
0.999958575 0.004341134 -0.007999238 1.117575884 -0.004347885 0.999990225 -0.000826826 -2.213518381 0.007995570 0.000861572 0.999967635 80.094734192
0.999947369 0.005404023 -0.008722268 1.131662488 -0.005408844 0.999985218 -0.000529418 -2.224508762 0.008719278 0.000576567 0.999961793 80.630714417
0.999952793 0.005644041 -0.007908251 1.142625809 -0.005647702 0.999983966 -0.000440749 -2.240602493 0.007905637 0.000485392 0.999968648 81.183494568
0.999961197 0.005915143 -0.006531307 1.143691778 -0.005918003 0.999982357 -0.000418652 -2.255984783 0.006528717 0.000457288 0.999978662 81.732772827
0.999969065 0.005597793 -0.005514609 1.157524109 -0.005600238 0.999984145 -0.000427569 -2.274064064 0.005512129 0.000458439 0.999984682 82.266685486
0.999974728 0.005798574 -0.004118173 1.165031195 -0.005800398 0.999983013 -0.000431222 -2.291496038 0.004115603 0.000455098 0.999991357 82.807281494
0.999981880 0.005958177 -0.000741012 1.180031776 -0.005958684 0.999981940 -0.000685467 -2.306755304 0.000736915 0.000689870 0.999999464 83.355949402
0.999979198 0.005765077 0.002873311 1.193124294 -0.005764202 0.999983251 -0.000313113 -2.325073957 -0.002875067 0.000296544 0.999995768 83.897506714
0.999965727 0.005857189 0.005853787 1.210709095 -0.005854607 0.999982774 -0.000458220 -2.341881752 -0.005856369 0.000423933 0.999982715 84.441612244
0.999917209 0.006156626 0.011303309 1.227532625 -0.006151252 0.999980986 -0.000510040 -2.358107805 -0.011306234 0.000440468 0.999935925 84.994033813
0.999845624 0.005932843 0.016537108 1.261462808 -0.005926630 0.999982297 -0.000424684 -2.376811743 -0.016539333 0.000326609 0.999863088 85.543815613
0.999744475 0.005284224 0.021974003 1.291793346 -0.005270353 0.999985814 -0.000689106 -2.393658638 -0.021977331 0.000573119 0.999758303 86.089157104
0.999599874 0.005247795 0.027793244 1.319801807 -0.005239172 0.999986172 -0.000383070 -2.407861471 -0.027794871 0.000237304 0.999613643 86.621772766
0.999346375 0.005042002 0.035796326 1.352204561 -0.005033819 0.999987304 -0.000318691 -2.425320387 -0.035797477 0.000138291 0.999359071 87.207748413
0.999037385 0.004577675 0.043626159 1.403482437 -0.004569160 0.999989510 -0.000294898 -2.444656610 -0.043627053 0.000095280 0.999047875 87.748802185
0.998672366 0.005133435 0.051255561 1.432050228 -0.005122807 0.999986827 -0.000338731 -2.458309412 -0.051256623 0.000075709 0.998685539 88.319869995
0.998183429 0.004838467 0.060053568 1.483667374 -0.004808449 0.999988258 -0.000644364 -2.469343185 -0.060055975 0.000354428 0.998195052 88.871002197
0.997519016 0.004568790 0.070248730 1.549667835 -0.004550264 0.999989569 -0.000423736 -2.492025852 -0.070249930 0.000103034 0.997529387 89.406379700
0.996894836 0.004380484 0.078623019 1.606274605 -0.004341754 0.999990463 -0.000663548 -2.499399900 -0.078625165 0.000320126 0.996904194 89.963340759
0.996192575 0.004365781 0.087070882 1.672070503 -0.004319398 0.999990523 -0.000721106 -2.519752026 -0.087073192 0.000342266 0.996201873 90.519378662
0.995199203 0.004174776 0.097781524 1.748397827 -0.004103165 0.999991119 -0.000933438 -2.530552387 -0.097784542 0.000527743 0.995207489 91.063690186
0.994097769 0.004702194 0.108386144 1.823021889 -0.004672594 0.999988914 -0.000527050 -2.551277637 -0.108387411 0.000017495 0.994108737 91.609336853
0.993113816 0.003588226 0.117098957 1.912364006 -0.003523496 0.999993563 -0.000759786 -2.565353394 -0.117100924 0.000341956 0.993119955 92.153434753
0.991684914 0.004139372 0.128622994 1.997879028 -0.004109547 0.999991417 -0.000497283 -2.584497213 -0.128623948 -0.000035435 0.991693437 92.701522827
0.990086973 0.003471979 0.140412644 2.100193977 -0.003412266 0.999993980 -0.000666022 -2.598995686 -0.140414119 0.000180295 0.990092874 93.251571655
0.988518119 0.003185316 0.151068598 2.203026772 -0.003128447 0.999994993 -0.000614116 -2.617699146 -0.151069805 0.000134454 0.988523126 93.794357300
0.986845076 0.003127733 0.161638662 2.313345909 -0.003068284 0.999995053 -0.000617407 -2.629473448 -0.161639795 0.000113332 0.986849964 94.341270447
0.984623253 0.003033695 0.174664930 2.430409431 -0.002968917 0.999995351 -0.000632160 -2.648976088 -0.174666062 0.000103873 0.984627783 94.864913940
0.982453823 0.001981450 0.186495066 2.568737984 -0.001959760 0.999998033 -0.000300657 -2.679929733 -0.186495289 -0.000070104 0.982455909 95.361114502
0.980278492 0.002767942 0.197601646 2.674648285 -0.002672473 0.999996126 -0.000749806 -2.673923016 -0.197602987 0.000206934 0.980282128 95.972892761
0.977705419 0.002631756 0.209964529 2.818147659 -0.002540675 0.999996543 -0.000703524 -2.689721346 -0.209965676 0.000154388 0.977708757 96.510681152
0.974689186 0.001844887 0.223556772 2.962566376 -0.001687194 0.999998152 -0.000896390 -2.698706150 -0.223558038 0.000496518 0.974690557 97.042655945
0.971961260 0.001890456 0.235133410 3.100940704 -0.001874675 0.999998152 -0.000290650 -2.727422714 -0.235133544 -0.000158298 0.971963048 97.575271606
0.968998611 0.001092716 0.247063816 3.263216019 -0.001018860 0.999999344 -0.000426780 -2.749832630 -0.247064129 0.000161826 0.968999088 98.095146179
0.965500951 0.001138203 0.260397226 3.430734634 -0.001087349 0.999999285 -0.000339350 -2.761335135 -0.260397434 0.000044500 0.965501547 98.609077454
0.961877644 0.000847629 0.273478955 3.579986572 -0.000739211 0.999999583 -0.000499483 -2.767523289 -0.273479313 0.000278283 0.961877882 99.123535156
0.958534837 0.000976701 0.284973383 3.764888763 -0.000928192 0.999999464 -0.000305276 -2.789814949 -0.284973621 0.000028107 0.958535314 99.694458008
0.954270244 0.000640514 0.298944443 3.941358566 -0.000612571 0.999999821 -0.000187177 -2.801659107 -0.298944503 -0.000004508 0.954270482 100.214080811
0.949984729 0.001009163 0.312294602 4.141191483 -0.000961181 0.999999464 -0.000307578 -2.817653179 -0.312294751 -0.000007977 0.949985266 100.721603394
0.946061909 0.000118444 0.323985815 4.339437485 0.000056405 0.999999881 -0.000530290 -2.825189352 -0.323985904 0.000519961 0.946061790 101.261558533
0.941599846 -0.000166665 0.336733878 4.551284790 0.000408218 0.999999762 -0.000646545 -2.842463732 -0.336733669 0.000746248 0.941599727 101.785125732
0.936672807 -0.000841697 0.350204617 4.766326904 0.001037963 0.999999464 -0.000372739 -2.862832785 -0.350204110 0.000712634 0.936673164 102.270790100
0.931556821 -0.000623907 0.363595217 4.976133347 0.000855757 0.999999523 -0.000476572 -2.874459982 -0.363594800 0.000755103 0.931556880 102.808502197
0.926895261 -0.001227340 0.375318140 5.209024429 0.001767206 0.999997795 -0.001094211 -2.884088039 -0.375315994 0.001677483 0.926895440 103.324302673
0.920929611 -0.001562436 0.389725745 5.430500031 0.001913085 0.999997973 -0.000511600 -2.899078369 -0.389724195 0.001216726 0.920930803 103.815124512
0.915455997 -0.002250665 0.402411789 5.673847198 0.002655659 0.999996364 -0.000448501 -2.913395405 -0.402409375 0.001479252 0.915458620 104.301040649
0.910382271 -0.002314500 0.413761497 5.914604187 0.002711738 0.999996305 -0.000372743 -2.931813240 -0.413759112 0.001461351 0.910385191 104.764976501
0.904026747 -0.002959131 0.427465618 6.170207977 0.003255061 0.999994695 0.000038491 -2.952724218 -0.427463502 0.001356630 0.904031515 105.293144226
0.897552073 -0.003174771 0.440896958 6.435050964 0.003308729 0.999994397 0.000464953 -2.974703550 -0.440895975 0.001041489 0.897557557 105.761718750
0.891631126 -0.003838522 0.452746212 6.715446472 0.004372677 0.999990404 -0.000133254 -2.980985641 -0.452741385 0.002098527 0.891639292 106.275604248
0.885934412 -0.004613827 0.463787466 6.960609436 0.005047303 0.999987245 0.000306581 -2.997641325 -0.463782936 0.002069265 0.885946453 106.734870911
0.878760159 -0.004611146 0.477241248 7.247776031 0.005230241 0.999986410 0.000031337 -3.007570982 -0.477234900 0.002468549 0.878772259 107.217567444
0.871707499 -0.004481983 0.490006089 7.527271271 0.004867195 0.999988079 0.000488073 -3.028269768 -0.490002483 0.001959498 0.871718884 107.683876038
