1.000000000 0.000000000 0.000000000 0.000000000 0.000000000 1.000000000 0.000000000 0.000000000 0.000000000 0.000000000 1.000000000 0.000000000
1.000000000 0.000071120 0.000108949 -0.003186612 -0.000071102 1.000000000 -0.000171666 0.004192544 -0.000108961 0.000171659 1.000000000 0.003845752
1.000000000 0.000064831 0.000066185 -0.002290635 -0.000064819 1.000000000 -0.000168779 0.002828936 -0.000066195 0.000168774 1.000000000 0.000953676
0.999999940 0.000299671 0.000140108 -0.000816100 -0.000299651 0.999999940 -0.000143914 0.003380567 -0.000140151 0.000143872 1.000000000 -0.001998865
1.000000000 0.000187672 0.000043736 0.002162828 -0.000187669 1.000000000 -0.000069443 0.002158149 -0.000043749 0.000069435 1.000000000 -0.001438079
1.000000000 0.000068835 0.000017719 0.000897435 -0.000068835 1.000000000 0.000029693 0.001764848 -0.000017717 -0.000029694 1.000000000 -0.003175442
1.000000000 0.000013333 0.000096588 -0.002607716 -0.000013322 1.000000000 -0.000110498 0.001692383 -0.000096589 0.000110497 1.000000000 -0.002161823
1.000000000 -0.000020746 -0.000030623 0.000489101 0.000020745 1.000000000 -0.000031828 0.001789153 0.000030623 0.000031827 1.000000000 -0.002580066
1.000000000 0.000000881 0.000129604 -0.005401568 -0.000000860 1.000000000 -0.000167136 0.004001869 -0.000129604 0.000167135 1.000000000 0.004194407
0.999999940 0.000179645 0.000239951 -0.005720987 -0.000179607 1.000000000 -0.000157552 0.002858955 -0.000239980 0.000157509 0.999999940 -0.000867013
1.000000000 0.000203776 0.000119276 0.000517308 -0.000203759 0.999999940 -0.000138882 0.002355998 -0.000119305 0.000138857 1.000000000 -0.004079836
0.999999940 0.000231864 0.000167328 -0.002462770 -0.000231850 0.999999940 -0.000083637 0.002732872 -0.000167347 0.000083598 1.000000000 -0.002872378
1.000000000 0.000065551 0.000171080 -0.004784868 -0.000065540 1.000000000 -0.000062822 0.000707062 -0.000171084 0.000062811 1.000000000 -0.003311205
1.000000000 -0.000038492 0.000116216 -0.002831690 0.000038498 1.000000000 -0.000055523 0.000234429 -0.000116214 0.000055527 1.000000000 -0.001945927
1.000000000 0.000053859 0.000050140 0.000126041 -0.000053855 1.000000000 -0.000080073 0.001798349 -0.000050144 0.000080070 1.000000000 -0.005511221
1.000000000 -0.000157179 -0.000079428 0.001891041 0.000157182 1.000000000 0.000032980 0.000545190 0.000079423 -0.000032993 1.000000000 -0.006558943
0.999999940 -0.000343455 -0.000134294 0.002212426 0.000343453 0.999999940 -0.000017881 -0.001300082 0.000134300 0.000017835 1.000000000 -0.009802069
1.000000000 -0.000048909 0.000121456 -0.003671189 0.000048914 1.000000000 -0.000037492 0.000142055 -0.000121455 0.000037498 1.000000000 -0.003027956
1.000000000 0.000093683 -0.000019817 0.000037119 -0.000093682 1.000000000 0.000048301 0.001515400 0.000019822 -0.000048299 1.000000000 -0.007662727
1.000000000 -0.000116384 -0.000039486 -0.001604888 0.000116383 1.000000000 -0.000030220 -0.000352034 0.000039490 0.000030215 1.000000000 -0.007150957
1.000000000 0.000007556 0.000047808 -0.001134609 -0.000007552 1.000000000 -0.000096793 0.001745998 -0.000047808 0.000096793 1.000000000 -0.007140148
1.000000000 -0.000120523 0.000055974 -0.001163634 0.000120523 1.000000000 0.000003747 -0.000683590 -0.000055974 -0.000003740 1.000000000 -0.005150941
1.000000000 0.000132271 0.000180018 -0.006725190 -0.000132232 0.999999940 -0.000215304 0.003256569 -0.000180047 0.000215280 0.999999940 0.002664743
1.000000000 -0.000144111 -0.000098252 0.000179586 0.000144101 1.000000000 -0.000108959 0.000516494 0.000098268 0.000108945 1.000000000 0.000343475
1.000000000 -0.000053793 0.000041551 -0.001497674 0.000053793 1.000000000 -0.000006543 0.002188909 -0.000041551 0.000006546 1.000000000 0.000786794
1.000000000 0.000078260 -0.000023869 0.002187135 -0.000078262 1.000000000 -0.000088415 0.002855649 0.000023862 0.000088416 1.000000000 -0.006787311
1.000000000 -0.000068812 0.000086347 -0.001875745 0.000068819 1.000000000 -0.000081943 0.002371125 -0.000086341 0.000081949 1.000000000 -0.004638706
0.999999940 0.000226769 0.000239359 -0.005375823 -0.000226716 0.999999940 -0.000222965 0.003138759 -0.000239409 0.000222911 0.999999940 0.000261155
1.000000000 0.000058947 0.000151775 -0.005041528 -0.000058947 1.000000000 -0.000003878 0.001700180 -0.000151775 0.000003869 1.000000000 -0.000628087
1.000000000 -0.000139000 0.000058050 -0.004888895 0.000139007 1.000000000 -0.000118167 0.005746273 -0.000058034 0.000118175 1.000000000 0.003021647
1.000000000 -0.000108344 0.000019618 -0.002407409 0.000108344 1.000000000 -0.000036069 0.001782641 -0.000019614 0.000036071 1.000000000 -0.001642882
1.000000000 -0.000171570 0.000102174 -0.004281407 0.000171565 1.000000000 0.000047067 0.001648359 -0.000102182 -0.000047049 1.000000000 0.002049051
1.000000000 -0.000186731 0.000090358 -0.003936646 0.000186723 1.000000000 0.000081718 0.000514828 -0.000090373 -0.000081701 1.000000000 -0.004817466
1.000000000 -0.000190984 -0.000010299 -0.001204138 0.000190985 1.000000000 0.000071498 0.001054612 0.000010286 -0.000071500 1.000000000 -0.005010556
1.000000000 0.000043150 0.000059537 -0.003232730 -0.000043145 1.000000000 -0.000086495 0.000766085 -0.000059541 0.000086492 1.000000000 -0.001896253
1.000000000 0.000022520 0.000105932 -0.004191947 -0.000022511 1.000000000 -0.000091591 0.002513396 -0.000105934 0.000091588 1.000000000 -0.000481884
1.000000000 -0.000190321 -0.000135815 0.002242274 0.000190336 1.000000000 0.000110327 -0.000000062 0.000135794 -0.000110353 1.000000000 -0.011514625
1.000000000 -0.000028179 0.000066943 -0.003355150 0.000028195 1.000000000 -0.000235178 0.004219730 -0.000066936 0.000235180 0.999999940 0.000506358
1.000000000 -0.000172601 0.000106068 -0.003540173 0.000172599 1.000000000 0.000017356 0.001594828 -0.000106071 -0.000017337 1.000000000 0.000055849
1.000000000 -0.000007277 -0.000046926 0.001516817 0.000007288 1.000000000 0.000226411 -0.002304212 0.000046924 -0.000226412 1.000000000 -0.009536252
0.999999940 -0.000279238 -0.000147249 0.000387553 0.000279249 0.999999940 0.000073212 -0.001540964 0.000147228 -0.000073253 1.000000000 -0.001119521
1.000000000 0.000094017 0.000063812 0.002449778 -0.000093981 0.999999821 -0.000573822 -0.004838278 -0.000063866 0.000573816 0.999999821 0.048663035
1.000000000 0.000053736 -0.000038131 0.001124370 -0.000053791 0.999998987 -0.001419609 -0.000394405 0.000038055 0.001419611 0.999998987 0.149127007
1.000000000 -0.000055282 -0.000069016 0.004222685 0.000055186 0.999999046 -0.001386599 -0.010190362 0.000069093 0.001386595 0.999999046 0.263351977
0.999999940 -0.000279913 0.000030431 0.001651255 0.000279954 0.999999046 -0.001367147 -0.010607225 -0.000030048 0.001367155 0.999999046 0.391652882
1.000000000 0.000047180 -0.000175710 0.007567040 -0.000047382 0.999999344 -0.001147973 -0.018526230 0.000175656 0.001147981 0.999999344 0.534202337
1.000000000 0.000000541 0.000014109 0.007975218 -0.000000529 0.999999642 -0.000854098 -0.033448897 -0.000014110 0.000854098 0.999999642 0.679584682
0.999999821 -0.000567282 -0.000141960 0.015790809 0.000567206 0.999999702 -0.000528288 -0.032845758 0.000142259 0.000528207 0.999999821 0.854514539
0.999999940 -0.000199321 -0.000310308 0.026672376 0.000199154 0.999999821 -0.000538027 -0.036584839 0.000310415 0.000537965 0.999999821 1.028504610
1.000000000 -0.000082611 -0.000201794 0.026718641 0.000082437 0.999999642 -0.000858313 -0.033002149 0.000201865 0.000858296 0.999999583 1.206552029
0.999999762 -0.000525389 -0.000385265 0.040128641 0.000525208 0.999999762 -0.000471859 -0.046474788 0.000385513 0.000471657 0.999999821 1.414524198
0.999997854 -0.001162752 -0.001710858 0.063118488 0.001162894 0.999999344 0.000082008 -0.060513906 0.001710761 -0.000083997 0.999998510 1.578590631
0.999997318 -0.001707406 -0.001546144 0.070140101 0.001707820 0.999998569 0.000266305 -0.064346030 0.001545687 -0.000268945 0.999998748 1.780198455
0.999997079 -0.001748298 -0.001631279 0.070511937 0.001748926 0.999998391 0.000383465 -0.072515607 0.001630606 -0.000386317 0.999998569 1.974239469
0.999997258 -0.001710992 -0.001576795 0.075214453 0.001711459 0.999998450 0.000294845 -0.079991966 0.001576288 -0.000297543 0.999998689 2.202988863
0.999998391 -0.001162879 -0.001339918 0.075992472 0.001163643 0.999999166 0.000568909 -0.084226489 0.001339255 -0.000570467 0.999998927 2.409242153
0.999997735 -0.001361317 -0.001648234 0.083049074 0.001362307 0.999998868 0.000599547 -0.095099479 0.001647416 -0.000601791 0.999998450 2.644388676
0.999996424 -0.001762059 -0.001971744 0.106836990 0.001764320 0.999997795 0.001145731 -0.109303296 0.001969720 -0.001149206 0.999997318 2.879737377
0.999996126 -0.001963630 -0.001979624 0.116050214 0.001966142 0.999997258 0.001267435 -0.116145268 0.001977130 -0.001271323 0.999997199 3.131790876
0.999995291 -0.001985073 -0.002327053 0.124541059 0.001987741 0.999997318 0.001144816 -0.120966740 0.002324775 -0.001149436 0.999996603 3.374410391
0.999995768 -0.001909812 -0.002213831 0.130222693 0.001912556 0.999997377 0.001238139 -0.128399938 0.002211461 -0.001242368 0.999996781 3.632442236
0.999992549 -0.002151670 -0.003201551 0.131652415 0.002158665 0.999995291 0.002183219 -0.150587022 0.003196838 -0.002190114 0.999992490 3.826293230
0.999991179 -0.002797051 -0.003135510 0.132867187 0.002804717 0.999993086 0.002443111 -0.159602523 0.003128655 -0.002451883 0.999992132 4.089568138
0.999992430 -0.002293621 -0.003119891 0.136336714 0.002302709 0.999993086 0.002912144 -0.165950090 0.003113190 -0.002919306 0.999990940 4.341118813
0.999991715 -0.002798855 -0.002943719 0.149378002 0.002807108 0.999992073 0.002803257 -0.169757441 0.002935850 -0.002811497 0.999991715 4.616917133
0.999991536 -0.002854596 -0.002981623 0.157078773 0.002863359 0.999991596 0.002938717 -0.173354313 0.002973210 -0.002947230 0.999991238 4.846910000
0.999994516 -0.002605774 -0.002038287 0.139363125 0.002609285 0.999995053 0.001721832 -0.184163272 0.002033790 -0.001727141 0.999996364 5.092896461
0.999995291 -0.002280163 -0.002032945 0.143031940 0.002284074 0.999995530 0.001923629 -0.196404427 0.002028549 -0.001928264 0.999996066 5.358192921
0.999996960 -0.001673539 -0.001796842 0.139731809 0.001676713 0.999997079 0.001766203 -0.200791806 0.001793881 -0.001769211 0.999996841 5.616647720
0.999995291 -0.002403772 -0.001905452 0.145427838 0.002407391 0.999995351 0.001898977 -0.210670829 0.001900878 -0.001903555 0.999996364 5.874312878
0.999995649 -0.002098346 -0.002057321 0.156424358 0.002102236 0.999995947 0.001890676 -0.217514291 0.002053345 -0.001894992 0.999996066 6.155069351
0.999994755 -0.002460049 -0.002087224 0.157273725 0.002464159 0.999994993 0.001969119 -0.226352796 0.002082370 -0.001974252 0.999995828 6.430572510
0.999996662 -0.001964997 -0.001630151 0.159074754 0.001967965 0.999996424 0.001821566 -0.241395161 0.001626565 -0.001824768 0.999997020 6.725108624
0.999997258 -0.001762120 -0.001505721 0.172047272 0.001764718 0.999996960 0.001725414 -0.243275419 0.001502675 -0.001728066 0.999997377 7.017200947
0.999996662 -0.002241809 -0.001316738 0.178920865 0.002244718 0.999995053 0.002212159 -0.259811103 0.001311772 -0.002215107 0.999996722 7.306733131
0.999997437 -0.001868807 -0.001266133 0.185096875 0.001871984 0.999995172 0.002512835 -0.274771541 0.001261430 -0.002515199 0.999996066 7.620409489
0.999996483 -0.002071319 -0.001644182 0.199335650 0.002075548 0.999994516 0.002574511 -0.282467276 0.001638840 -0.002577915 0.999995351 7.940237999
0.999996006 -0.002351532 -0.001551276 0.187698111 0.002354861 0.999994874 0.002147395 -0.277589649 0.001546218 -0.002151039 0.999996543 8.246514320
0.999995649 -0.002554862 -0.001438442 0.186111301 0.002557721 0.999994755 0.001989116 -0.299084544 0.001433353 -0.001992787 0.999996960 8.570220947
0.999994457 -0.002916184 -0.001604690 0.191382721 0.002919608 0.999993384 0.002135568 -0.308322012 0.001598452 -0.002140241 0.999996424 8.905071259
0.999996185 -0.002485715 -0.001246111 0.201725096 0.002489084 0.999993265 0.002709320 -0.326378971 0.001239368 -0.002712411 0.999995589 9.224057198
0.999993324 -0.003277022 -0.001604010 0.210129231 0.003281100 0.999991357 0.002546691 -0.331613898 0.001595650 -0.002551937 0.999995470 9.570105553
0.999994814 -0.002837193 -0.001581844 0.220145181 0.002841257 0.999992728 0.002572570 -0.338658690 0.001574534 -0.002577051 0.999995410 9.900097847
0.999997318 -0.002079017 -0.000973620 0.226139441 0.002082208 0.999992490 0.003287340 -0.351554155 0.000966778 -0.003289358 0.999994159 10.234664917
0.999995649 -0.002563024 -0.001438791 0.219306007 0.002567067 0.999992728 0.002815516 -0.367652893 0.001431564 -0.002819197 0.999994934 10.647853851
0.999994695 -0.002968981 -0.001293932 0.224262267 0.002972371 0.999992132 0.002626501 -0.372963786 0.001286124 -0.002630333 0.999995649 11.028083801
0.999996841 -0.002348186 -0.000892075 0.225777000 0.002350801 0.999992907 0.002941952 -0.387162745 0.000885161 -0.002944040 0.999995291 11.410507202
0.999996185 -0.002534592 -0.001092491 0.241528571 0.002537236 0.999993801 0.002425350 -0.381409615 0.001086337 -0.002428113 0.999996483 11.799117088
0.999996364 -0.002448241 -0.001165710 0.251558930 0.002451471 0.999993145 0.002777614 -0.392058551 0.001158902 -0.002780462 0.999995470 12.175570488
0.999993742 -0.003028918 -0.001844283 0.260428518 0.003034495 0.999990761 0.003028469 -0.418234527 0.001835093 -0.003034046 0.999993742 12.514988899
0.999992311 -0.003440639 -0.001900607 0.267327070 0.003446787 0.999988854 0.003240867 -0.430173963 0.001889435 -0.003247393 0.999992907 12.905586243
0.999994159 -0.002968213 -0.001676648 0.283393532 0.002973233 0.999991119 0.002999209 -0.438793778 0.001667731 -0.003004176 0.999994159 13.311795235
0.999996662 -0.002326223 -0.001135471 0.291826189 0.002329668 0.999992669 0.003041757 -0.445629925 0.001128387 -0.003044392 0.999994695 13.743391991
0.999998510 -0.001584066 -0.000718328 0.286843836 0.001586642 0.999992311 0.003600043 -0.468380213 0.000712619 -0.003601177 0.999993324 14.137541771
0.999986112 -0.004794113 -0.002154224 0.322767943 0.004803455 0.999978960 0.004353099 -0.523946941 0.002133309 -0.004363387 0.999988139 14.564109802
0.999991715 -0.003649348 -0.001779983 0.328154236 0.003657294 0.999983251 0.004481624 -0.533643782 0.001763598 -0.004488098 0.999988317 14.980421066
0.999984443 -0.005218394 -0.001997828 0.343832403 0.005228454 0.999973476 0.005063741 -0.553236783 0.001971350 -0.005074108 0.999985218 15.392067909
0.999993503 -0.003575395 -0.000580422 0.344268739 0.003578121 0.999982238 0.004766043 -0.565099239 0.000563371 -0.004768090 0.999988496 15.832148552
0.999996781 -0.002433352 0.000593014 0.321902543 0.002430359 0.999984562 0.004994679 -0.582771957 -0.000605159 -0.004993222 0.999987304 16.340921402
0.999993622 -0.003548733 -0.000136999 0.351806015 0.003549316 0.999983430 0.004526775 -0.588681340 0.000120932 -0.004527233 0.999989748 16.825880051
0.999988437 -0.004734072 -0.000784497 0.379510432 0.004737708 0.999977708 0.004699513 -0.623275101 0.000762232 -0.004703176 0.999988675 17.195705414
0.999986649 -0.005109508 -0.000707691 0.391291201 0.005113027 0.999974012 0.005064018 -0.636438370 0.000681798 -0.005067570 0.999986947 17.655754089
0.999990940 -0.004264051 0.000191411 0.391570061 0.004262969 0.999976635 0.005334740 -0.648565710 -0.000214154 -0.005333876 0.999985814 18.136501312
0.999992609 -0.003785334 0.000706307 0.402736306 0.003781454 0.999978125 0.005416427 -0.658188283 -0.000726795 -0.005413717 0.999985099 18.599674225
0.999992967 -0.003737896 0.000546953 0.422423661 0.003734872 0.999978244 0.005429763 -0.676559567 -0.000567236 -0.005427681 0.999985099 19.075124741
0.999992907 -0.003706857 0.000674299 0.438620627 0.003702338 0.999971449 0.006585132 -0.698468089 -0.000698691 -0.006582590 0.999978125 19.581228256
0.999995649 -0.002741379 0.001111286 0.435572118 0.002734143 0.999975324 0.006461942 -0.717600882 -0.001128973 -0.006458876 0.999978483 20.073171616
0.999994099 -0.003372783 0.000652733 0.432136655 0.003368907 0.999977171 0.005850822 -0.717436075 -0.000672451 -0.005848589 0.999982655 20.485185623
0.999992430 -0.003852978 0.000439979 0.450595617 0.003850479 0.999977291 0.005545198 -0.733512342 -0.000461334 -0.005543463 0.999984503 20.983621597
0.999993563 -0.003589666 -0.000235722 0.463132799 0.003590907 0.999978483 0.005489426 -0.743587136 0.000216011 -0.005490237 0.999984860 21.511123657
0.999991596 -0.004082120 -0.000308216 0.457065880 0.004083704 0.999977529 0.005330869 -0.747067451 0.000286448 -0.005332083 0.999985754 22.046823502
0.999986947 -0.004802266 -0.001722491 0.506082952 0.004812699 0.999969721 0.006104928 -0.775477171 0.001693122 -0.006113138 0.999979854 22.480419159
0.999985397 -0.004802501 -0.002480704 0.504172921 0.004816463 0.999972403 0.005652980 -0.785186768 0.002453487 -0.005664845 0.999980927 23.002220154
0.999987185 -0.004524413 -0.002299663 0.506714404 0.004536002 0.999976933 0.005059339 -0.789038301 0.002276719 -0.005069705 0.999984562 23.543790817
0.999986470 -0.004462569 -0.002672271 0.506264806 0.004476151 0.999977052 0.005098352 -0.803136110 0.002649458 -0.005110244 0.999983490 24.100833893
0.999989927 -0.003364533 -0.002962521 0.495107561 0.003379726 0.999981046 0.005138159 -0.802987635 0.002945177 -0.005148118 0.999982357 24.663152695
0.999977529 -0.004710215 -0.004775095 0.525672257 0.004742268 0.999966145 0.006723589 -0.849071145 0.004743265 -0.006746082 0.999965906 25.158117294
0.999968708 -0.005086656 -0.006065359 0.536305308 0.005125905 0.999965906 0.006473320 -0.858375728 0.006032225 -0.006504207 0.999960601 25.680900574
0.999973297 -0.004644541 -0.005646256 0.532873392 0.004680795 0.999968410 0.006424760 -0.865291953 0.005616238 -0.006451018 0.999963403 26.235231400
0.999958813 -0.005700248 -0.007074069 0.566976666 0.005744145 0.999964178 0.006200715 -0.865037262 0.007038470 -0.006241093 0.999955773 26.786046982
0.999981403 -0.003002883 -0.005326261 0.519910812 0.003040177 0.999970853 0.007007555 -0.900290310 0.005305063 -0.007023616 0.999961257 27.441917419
0.999971688 -0.003860542 -0.006455722 0.558843732 0.003908264 0.999965012 0.007395947 -0.917400837 0.006426944 -0.007420969 0.999951839 27.904811859
0.999965072 -0.004185692 -0.007228301 0.565762401 0.004240744 0.999962032 0.007617735 -0.929040432 0.007196141 -0.007648123 0.999944925 28.458490372
0.999972045 -0.003200560 -0.006756160 0.553903937 0.003251562 0.999966204 0.007551598 -0.942031682 0.006731763 -0.007573357 0.999948680 29.021203995
0.999967098 -0.003536408 -0.007302170 0.576444268 0.003596207 0.999960005 0.008192373 -0.959574461 0.007272906 -0.008218364 0.999939799 29.585494995
0.999962449 -0.003771597 -0.007797474 0.589332998 0.003832671 0.999961913 0.007832435 -0.961807966 0.007767637 -0.007862027 0.999939024 30.117595673
0.999971330 -0.001540566 -0.007396895 0.609886289 0.001592309 0.999974251 0.006994404 -0.996590674 0.007385930 -0.007005983 0.999948204 30.692754745
0.999968290 -0.001506399 -0.007823274 0.555737019 0.001568468 0.999967277 0.007933835 -1.071740627 0.007811066 -0.007945853 0.999937952 31.213790894
0.999967515 -0.000988189 -0.008009891 0.564433694 0.001063847 0.999954820 0.009446884 -1.096565723 0.008000193 -0.009455098 0.999923289 31.751234055
0.999972880 -0.000904802 -0.007316491 0.573038280 0.000966684 0.999963701 0.008458790 -1.108823061 0.007308572 -0.008465635 0.999937534 32.328754425
0.999966800 -0.002055303 -0.007895350 0.567331672 0.002120582 0.999963462 0.008268544 -1.105472326 0.007878068 -0.008285011 0.999934673 32.839290619
0.999976754 0.000504862 -0.006803718 0.537952602 -0.000445673 0.999962032 0.008698229 -1.122104883 0.006807852 -0.008694992 0.999939024 33.374595642
0.999969482 -0.000644828 -0.007786007 0.586132169 0.000714596 0.999959528 0.008961327 -1.120096326 0.007779913 -0.008966618 0.999929607 33.944614410
0.999952614 -0.002736527 -0.009332995 0.596399903 0.002825590 0.999950409 0.009543108 -1.157525063 0.009306417 -0.009569027 0.999910891 34.466121674
0.999950409 -0.003275086 -0.009403265 0.592821121 0.003360541 0.999953091 0.009086428 -1.163416624 0.009373065 -0.009117578 0.999914467 34.975467682
0.999948144 -0.003009613 -0.009726749 0.605553508 0.003106962 0.999945045 0.010008855 -1.188915968 0.009696092 -0.010038559 0.999902606 35.510902405
0.999946475 -0.002691012 -0.009982264 0.602840185 0.002791788 0.999945104 0.010095388 -1.213538885 0.009954549 -0.010122717 0.999899209 36.068180084
0.999955177 -0.001482063 -0.009350304 0.602932453 0.001570626 0.999953926 0.009471478 -1.214197397 0.009335835 -0.009485741 0.999911427 36.769458771
0.999962926 -0.000358633 -0.008589103 0.583122373 0.000440655 0.999954283 0.009549645 -1.229835272 0.008585285 -0.009553079 0.999917448 37.212795258
0.999957383 -0.001794220 -0.009047376 0.571768522 0.001877916 0.999955475 0.009250925 -1.229300618 0.009030375 -0.009267523 0.999916315 37.777130127
0.999947190 -0.002818371 -0.009879777 0.587533593 0.002920691 0.999942124 0.010357496 -1.282873034 0.009850014 -0.010385807 0.999897480 38.296321869
0.999945998 -0.003267784 -0.009865381 0.583257318 0.003366825 0.999943972 0.010039370 -1.298635244 0.009832022 -0.010072044 0.999900877 38.839290619
0.999944627 -0.002803955 -0.010144897 0.595716238 0.002903621 0.999947548 0.009822899 -1.295739412 0.010116822 -0.009851811 0.999900281 39.352622986
0.999945462 -0.002423223 -0.010160110 0.598368049 0.002515339 0.999955833 0.009063521 -1.294025064 0.010137698 -0.009088582 0.999907255 39.935161591
0.999945462 -0.003054391 -0.009996121 0.602723360 0.003142427 0.999956369 0.008803174 -1.282197118 0.009968796 -0.008834108 0.999911249 40.481567383
0.999931872 -0.004352333 -0.010826690 0.635196328 0.004468056 0.999933004 0.010687541 -1.354635954 0.010779448 -0.010735190 0.999884248 41.043231964
0.999922037 -0.004011603 -0.011833644 0.672825217 0.004144623 0.999928296 0.011237760 -1.385538459 0.011787715 -0.011285927 0.999866843 41.614650726
0.999916315 -0.005619554 -0.011653583 0.658756375 0.005762448 0.999908268 0.012264698 -1.392686605 0.011583591 -0.012330825 0.999856830 42.137710571
0.999927938 -0.004515773 -0.011121964 0.644553363 0.004651107 0.999915183 0.012172494 -1.400474906 0.011066051 -0.012223347 0.999864042 42.585258484
0.999926865 -0.005095457 -0.010969666 0.629611194 0.005233083 0.999907494 0.012554217 -1.402481079 0.010904683 -0.012610705 0.999861062 43.103366852
0.999922574 -0.004782169 -0.011489198 0.604727447 0.004919049 0.999916911 0.011915231 -1.406679034 0.011431262 -0.011970823 0.999863029 43.775726318
0.999923050 -0.004555610 -0.011536392 0.605534554 0.004685998 0.999925196 0.011300585 -1.409867764 0.011484046 -0.011353775 0.999869585 44.315280914
0.999905467 -0.005922439 -0.012410300 0.623134553 0.006071182 0.999909818 0.011982240 -1.422926307 0.012338216 -0.012056452 0.999851167 44.864456177
0.999908507 -0.004982622 -0.012573170 0.635703802 0.005127819 0.999920189 0.011542480 -1.417672634 0.012514655 -0.011605898 0.999854386 45.412307739
0.999907553 -0.005555710 -0.012413854 0.640849650 0.005708513 0.999907970 0.012307714 -1.442077160 0.012344333 -0.012377439 0.999847174 45.885231018
0.999913752 -0.005643840 -0.011857553 0.620503843 0.005790607 0.999906540 0.012379778 -1.472589970 0.011786574 -0.012447372 0.999853075 46.485515594
0.999915302 -0.005667305 -0.011715862 0.618739128 0.005818409 0.999899805 0.012903915 -1.486840725 0.011641558 -0.012970991 0.999848068 47.032962799
0.999908447 -0.005782837 -0.012236111 0.622799039 0.005936278 0.999903738 0.012541159 -1.488798141 0.012162410 -0.012612649 0.999846458 47.591156006
0.999921381 -0.004917779 -0.011534187 0.603861570 0.005066835 0.999903560 0.012929587 -1.510802746 0.011469489 -0.012987012 0.999849856 48.124660492
0.999914169 -0.005343035 -0.011968438 0.634300530 0.005486350 0.999913275 0.011973742 -1.497375369 0.011903423 -0.012038377 0.999856710 48.606876373
0.999909282 -0.005906337 -0.012104817 0.627420485 0.006064312 0.999896407 0.013055618 -1.539073229 0.012026451 -0.013127839 0.999841452 49.137626648
0.999909222 -0.006048829 -0.012035673 0.635118723 0.006195544 0.999906600 0.012190360 -1.540121317 0.011960808 -0.012263820 0.999853253 49.688816071
0.999888480 -0.007564674 -0.012876156 0.653040051 0.007720373 0.999897122 0.012085597 -1.549029112 0.012783408 -0.012183656 0.999844015 50.235370636
0.999913335 -0.005747961 -0.011843939 0.652681887 0.005893232 0.999907374 0.012267251 -1.550029516 0.011772331 -0.012335985 0.999854624 50.811145782
0.999902606 -0.006075736 -0.012564937 0.657929718 0.006243849 0.999890924 0.013383860 -1.570943832 0.012482249 -0.013461010 0.999831498 51.174083710
0.999899387 -0.006158893 -0.012781667 0.650054038 0.006324588 0.999895930 0.012963721 -1.574269295 0.012700493 -0.013043254 0.999834299 51.720626831
0.999901772 -0.006389151 -0.012479934 0.650673091 0.006544746 0.999900818 0.012466804 -1.582178354 0.012399045 -0.012547257 0.999844432 52.270927429
0.999901533 -0.006796970 -0.012280342 0.658389151 0.006952272 0.999895811 0.012648245 -1.590846658 0.012193092 -0.012732375 0.999844611 52.785583496
0.999902487 -0.006788186 -0.012208787 0.643580914 0.006948336 0.999889731 0.013123292 -1.610957623 0.012118358 -0.013206842 0.999839365 53.330066681
0.999908388 -0.006429108 -0.011910884 0.628585398 0.006599354 0.999875844 0.014309489 -1.655960798 0.011817408 -0.014386784 0.999826670 53.759429932
0.999903202 -0.006272380 -0.012421692 0.640100896 0.006446665 0.999880672 0.014040637 -1.654352427 0.012332141 -0.014119354 0.999824286 54.301181793
0.999895930 -0.006986909 -0.012624407 0.647531986 0.007161155 0.999879003 0.013810259 -1.669096828 0.012526388 -0.013899226 0.999824941 54.865737915
0.999884129 -0.007574843 -0.013205091 0.678508162 0.007739275 0.999892533 0.012445807 -1.647149205 0.013109400 -0.012546562 0.999835372 55.442333221
0.999877810 -0.007643980 -0.013632834 0.696687222 0.007824279 0.999881983 0.013221448 -1.657672167 0.013530161 -0.013326501 0.999819636 55.922157288
0.999895632 -0.006890051 -0.012698886 0.671152115 0.007073194 0.999870777 0.014433864 -1.694792986 0.012597797 -0.014522180 0.999815166 56.304050446
0.999907851 -0.005882767 -0.012232188 0.671610653 0.006060388 0.999876022 0.014534862 -1.700807333 0.012145166 -0.014607657 0.999819577 56.836517334
0.999893725 -0.006868505 -0.012856212 0.680817485 0.007049287 0.999876201 0.014069763 -1.712234497 0.012757981 -0.014158897 0.999818325 57.396869659
0.999902546 -0.006766995 -0.012211247 0.680995584 0.006938561 0.999877036 0.014062600 -1.715741158 0.012114584 -0.014145958 0.999826550 57.973007202
0.999887109 -0.007203532 -0.013183670 0.720985115 0.007387916 0.999874771 0.013990951 -1.706932783 0.013081236 -0.014086772 0.999815226 58.429267883
0.999892354 -0.006884928 -0.012950008 0.712376356 0.007074538 0.999867618 0.014653326 -1.739461899 0.012847406 -0.014743364 0.999808729 58.806522369
0.999895036 -0.006973071 -0.012695825 0.723303437 0.007157557 0.999868631 0.014544293 -1.749083400 0.012592738 -0.014633639 0.999813616 59.354644775
0.999895632 -0.006661732 -0.012816043 0.730410397 0.006837809 0.999882102 0.013744339 -1.734816551 0.012722972 -0.013830542 0.999823451 59.910640717
0.999895692 -0.007067697 -0.012587905 0.736328900 0.007240478 0.999879479 0.013733760 -1.748682976 0.012489320 -0.013823471 0.999826491 60.450618744
0.999880373 -0.007366665 -0.013595779 0.799788356 0.007566787 0.999862969 0.014727096 -1.800021052 0.013485426 -0.014828213 0.999799132 60.905677795
0.999886513 -0.007236579 -0.013213785 0.760112047 0.007430266 0.999864757 0.014668169 -1.777545691 0.013105851 -0.014764686 0.999805033 61.317989349
0.999897182 -0.007021392 -0.012509114 0.766235471 0.007209303 0.999860823 0.015040666 -1.796038270 0.012401768 -0.015129300 0.999808609 61.836570740
0.999895513 -0.006929241 -0.012686132 0.766387224 0.007110290 0.999872684 0.014282309 -1.790040731 0.012585551 -0.014371018 0.999817431 62.341274261
0.999897420 -0.006668966 -0.012679116 0.779873192 0.006849939 0.999874532 0.014283797 -1.809587717 0.012582267 -0.014369179 0.999817550 62.891750336
0.999875844 -0.007858465 -0.013660091 0.810656011 0.008056739 0.999862075 0.014520839 -1.797665358 0.013544097 -0.014629091 0.999801219 63.348232269
0.999873936 -0.007905444 -0.013768758 0.812705636 0.008106377 0.999860644 0.014599340 -1.803981423 0.013651425 -0.014709116 0.999798656 63.889095306
0.999885321 -0.006808901 -0.013533295 0.825374901 0.007002172 0.999873519 0.014285390 -1.811773777 0.013434315 -0.014378516 0.999806345 64.437515259
0.999883294 -0.007419242 -0.013361390 0.860050201 0.007599352 0.999880254 0.013479880 -1.787086010 0.013259780 -0.013579843 0.999819815 65.057929993
0.999867976 -0.008385876 -0.013911515 0.838246167 0.008583842 0.999861896 0.014232276 -1.816168666 0.013790242 -0.014349813 0.999801934 65.384956360
0.999877214 -0.007940846 -0.013506506 0.837058663 0.008128517 0.999870420 0.013897271 -1.823571444 0.013394400 -0.014005355 0.999812186 65.942390442
0.999870479 -0.007947491 -0.013993351 0.849141479 0.008143654 0.999868631 0.014017600 -1.829770803 0.013880107 -0.014129742 0.999803782 66.479751587
0.999871314 -0.007905762 -0.013953060 0.852647603 0.008111814 0.999857962 0.014773175 -1.850394487 0.013834284 -0.014884459 0.999793470 67.012039185
0.999863088 -0.008210711 -0.014364121 0.879772723 0.008417513 0.999860942 0.014396501 -1.843885899 0.014243918 -0.014515444 0.999793112 67.381324768
0.999875963 -0.007198574 -0.014010029 0.868828833 0.007397078 0.999872267 0.014168886 -1.851958156 0.013906242 -0.014270763 0.999801397 67.944000244
0.999883235 -0.006068268 -0.014027189 0.892036378 0.006251150 0.999895573 0.013030908 -1.855804443 0.013946651 -0.013117075 0.999816656 68.436668396
0.999871969 -0.007910602 -0.013909359 0.878290832 0.008111481 0.999862671 0.014445304 -1.867326498 0.013793180 -0.014556280 0.999798834 68.908615112
0.999874711 -0.007638171 -0.013868862 0.881655276 0.007831145 0.999872506 0.013913548 -1.865561962 0.013760822 -0.014020415 0.999806881 69.454879761
0.999883950 -0.006547960 -0.013750163 0.898322761 0.006728006 0.999891698 0.013088929 -1.879639864 0.013662968 -0.013179922 0.999819696 69.980895996
0.999876201 -0.007507045 -0.013834436 0.898331463 0.007692270 0.999880791 0.013384387 -1.883072853 0.013732310 -0.013489145 0.999814689 70.550292969
0.999826372 -0.010683727 -0.015266723 0.922808528 0.010893877 0.999846101 0.013748927 -1.879431248 0.015117484 -0.013912855 0.999788940 70.929618835
0.999844193 -0.009492050 -0.014883215 0.919015527 0.009699102 0.999856293 0.013901768 -1.890022874 0.014749121 -0.014043956 0.999792635 71.484199524
0.999854505 -0.008883618 -0.014559217 0.920647860 0.009078064 0.999869764 0.013344355 -1.890696526 0.014438774 -0.013474583 0.999804974 72.036537170
0.999837339 -0.010001428 -0.015008493 0.934874892 0.010195430 0.999864817 0.012905866 -1.890094995 0.014877385 -0.013056787 0.999804080 72.574340820
0.999789536 -0.011958397 -0.016672477 0.965303063 0.012176080 0.999841154 0.013016623 -1.894760847 0.016514173 -0.013216889 0.999776244 73.145408630
0.999816120 -0.011086712 -0.015648153 0.944692612 0.011295010 0.999847949 0.013286377 -1.901811361 0.015498471 -0.013460678 0.999789298 73.507225037
0.999811292 -0.011082344 -0.015961947 0.942376852 0.011301679 0.999842107 0.013717065 -1.917085528 0.015807411 -0.013894872 0.999778569 74.029747009
0.999799013 -0.011819070 -0.016190933 0.966659069 0.012029348 0.999843717 0.012952141 -1.915830016 0.016035318 -0.013144305 0.999785006 74.564491272
0.999790967 -0.012577615 -0.016121924 0.958796382 0.012774269 0.999844551 0.012153477 -1.912003279 0.015966557 -0.012356883 0.999796152 75.150695801
0.999800861 -0.011770955 -0.016112650 0.952919602 0.011980187 0.999844313 0.012951215 -1.924190402 0.015957693 -0.013141670 0.999786258 75.596611023
0.999807060 -0.011272293 -0.016088590 0.949199677 0.011482867 0.999848783 0.013056603 -1.926923990 0.015938981 -0.013238828 0.999785304 76.161071777
0.999810457 -0.011651898 -0.015595428 0.920685887 0.011835339 0.999861181 0.011722338 -1.922252178 0.015456674 -0.011904692 0.999809682 76.745948792
0.999782145 -0.013139994 -0.016215689 0.954996705 0.013333648 0.999840379 0.011892626 -1.913088799 0.016056830 -0.012106250 0.999797821 77.225273132
0.999811113 -0.011776666 -0.015458846 0.926224470 0.011974507 0.999846756 0.012768430 -1.934782028 0.015306107 -0.012951130 0.999798954 77.666984558
0.999830365 -0.011139184 -0.014667616 0.924802303 0.011327907 0.999853253 0.012847072 -1.937472820 0.014522358 -0.013011046 0.999809861 78.236938477
0.999838352 -0.011442843 -0.013867475 0.918689132 0.011594398 0.999873400 0.010898227 -1.930181980 0.013741011 -0.011057252 0.999844432 78.822334290
0.999877214 -0.010575088 -0.011561269 0.902469277 0.010714744 0.999869704 0.012085415 -1.953511000 0.011431956 -0.012207812 0.999860108 79.249282837
0.999879777 -0.011375559 -0.010536155 0.902064085 0.011501939 0.999861658 0.012013117 -1.956227899 0.010398042 -0.012132860 0.999872327 79.793090820
0.999903202 -0.010323183 -0.009328385 0.915955126 0.010437005 0.999870658 0.012236597 -1.950459003 0.009200858 -0.012332772 0.999881566 80.333778381
0.999899626 -0.012074308 -0.007414576 0.948393881 0.012161739 0.999855697 0.011861973 -1.954312563 0.007270282 -0.011950956 0.999902070 80.831466675
0.999932647 -0.011046134 -0.003581707 0.959565520 0.011086685 0.999872327 0.011506225 -1.948141575 0.003454152 -0.011545159 0.999927342 81.372634888
0.999933064 -0.011566708 -0.000413740 0.968315423 0.011570673 0.999868095 0.011393372 -1.949639201 0.000281902 -0.011397396 0.999934971 81.906806946
0.999927163 -0.011641711 0.003206548 0.992924094 0.011606070 0.999873042 0.010918131 -1.946931362 -0.003333244 -0.010880121 0.999935210 82.418914795
0.999897897 -0.010629824 0.009551187 1.012857556 0.010518055 0.999876499 0.011677329 -1.974906683 -0.009674137 -0.011575676 0.999886155 82.926094055
0.999818146 -0.011990651 0.014825230 1.033140898 0.011817434 0.999861479 0.011716797 -1.984091401 -0.014963669 -0.011539470 0.999821424 83.408126831
0.999704361 -0.011461706 0.021443384 1.053771734 0.011208781 0.999866664 0.011878270 -1.992205024 -0.021576667 -0.011634405 0.999699533 83.946640015
0.999491274 -0.011391479 0.029787662 1.073094964 0.011059504 0.999875128 0.011285773 -1.977371216 -0.029912505 -0.010950597 0.999492526 84.523040771
0.999228835 -0.011954051 0.037402309 1.139447689 0.011540453 0.999870062 0.011254534 -1.988910675 -0.037531994 -0.010814217 0.999236882 85.038352966
0.998928666 -0.012803551 0.044471249 1.175460815 0.012311321 0.999860048 0.011324842 -1.995351076 -0.044610027 -0.010765207 0.998946428 85.520835876
0.998520255 -0.010789488 0.053299114 1.255855560 0.010137586 0.999870598 0.012486252 -2.065613747 -0.053426936 -0.011927453 0.998500526 86.043060303
0.997924924 -0.012247707 0.063211270 1.289994717 0.011491871 0.999858201 0.012307041 -2.056094170 -0.063353017 -0.011555089 0.997924268 86.570564270
0.997308373 -0.012588542 0.072232321 1.345102787 0.011739189 0.999856949 0.012171144 -2.058991909 -0.072375208 -0.011290434 0.997313499 87.127693176
0.996678710 -0.013571365 0.080294684 1.385287285 0.012724498 0.999857962 0.011049287 -2.047174454 -0.080433235 -0.009990883 0.996709883 87.758819580
0.995759904 -0.012488816 0.091138281 1.468817711 0.011532526 0.999872804 0.011011855 -2.063946009 -0.091264211 -0.009914109 0.995777369 88.314971924
0.994792342 -0.011789699 0.101237923 1.545665741 0.010558450 0.999863684 0.012689193 -2.091130733 -0.101373725 -0.011554198 0.994781375 88.747917175
0.993897676 -0.013676572 0.109455787 1.672908783 0.012277461 0.999834239 0.013446225 -2.146092892 -0.109621555 -0.012020332 0.993900716 89.122016907
0.992643356 -0.013326392 0.120339051 1.762974739 0.011756179 0.999836385 0.013748792 -2.152912140 -0.120502584 -0.012232920 0.992637694 89.665451050
0.991042495 -0.013204435 0.132892683 1.847615242 0.011470582 0.999838948 0.013804162 -2.160081863 -0.133053571 -0.012156157 0.991034329 90.203948975
0.989543021 -0.013807967 0.143575862 1.950114250 0.011947791 0.999833286 0.013810203 -2.172466755 -0.143742606 -0.011950376 0.989543021 90.739540100
0.988180995 -0.014108861 0.152640805 2.056570053 0.012147496 0.999831378 0.013774523 -2.183911324 -0.152809411 -0.011757517 0.988185763 91.266960144
0.986154258 -0.014577779 0.165188700 2.139763832 0.012458876 0.999826431 0.013856116 -2.175882816 -0.165362015 -0.011606202 0.986164629 91.796531677
0.984058380 -0.014937211 0.177217394 2.271328926 0.012623050 0.999819815 0.014178634 -2.173591614 -0.177397221 -0.011715580 0.984069586 92.308509827
0.982008338 -0.015447551 0.188204736 2.395442009 0.013065330 0.999818206 0.013891672 -2.177727461 -0.188385099 -0.011182781 0.982031584 92.847068787
0.979517519 -0.016123492 0.200712502 2.534583092 0.013521092 0.999805868 0.014330028 -2.185594082 -0.200904638 -0.011322660 0.979545355 93.383598328
0.976422012 -0.015830658 0.215289280 2.660932541 0.012905858 0.999804378 0.014984478 -2.194882631 -0.215484411 -0.011852681 0.976435363 93.879058838
0.973843634 -0.016705897 0.226604298 2.796384811 0.013707973 0.999796510 0.014797061 -2.194912434 -0.226805359 -0.011303736 0.973874629 94.405700684
0.971049845 -0.017091768 0.238265052 2.967100143 0.013887953 0.999789238 0.015118767 -2.208151102 -0.238473251 -0.011372061 0.971082568 94.908645630
0.967627347 -0.018209126 0.251725286 3.144489288 0.014903416 0.999775887 0.015032619 -2.217044592 -0.251942575 -0.010794409 0.967682004 95.402565002
0.964195073 -0.016561033 0.264676601 3.335298538 0.012857033 0.999793828 0.015720803 -2.235420227 -0.264882326 -0.011754964 0.964209080 95.915885925
0.961396635 -0.019608747 0.274466783 3.499067307 0.016005617 0.999753892 0.015361329 -2.235876322 -0.274700463 -0.010375317 0.961473942 96.505821228
0.956829786 -0.017079243 0.290146679 3.659526825 0.012937278 0.999785185 0.016187683 -2.243716240 -0.290360838 -0.011735147 0.956845284 97.029167175
0.952273786 -0.017517509 0.304742277 3.849924088 0.013092934 0.999777138 0.016556775 -2.251230717 -0.304964393 -0.011776611 0.952290952 97.548965454
0.948324502 -0.017070115 0.316842645 4.033355713 0.012421598 0.999783635 0.016685620 -2.259552002 -0.317058891 -0.011887691 0.948331356 98.057861328
0.944200516 -0.016351003 0.328965217 4.220615387 0.011306634 0.999787331 0.017241335 -2.276775837 -0.329177171 -0.012559786 0.944184661 98.562416077
0.939162135 -0.017008280 0.343052864 4.455106735 0.011792133 0.999780953 0.017285490 -2.279055595 -0.343271703 -0.012188555 0.939157069 99.101890564
0.934783638 -0.018687297 0.354725718 4.698667526 0.013444507 0.999760985 0.017239019 -2.274580002 -0.354963094 -0.011345644 0.934811473 99.654769897
0.930455685 -0.018446470 0.365939766 4.933357239 0.013133577 0.999769092 0.017002797 -2.277957201 -0.366168976 -0.011014252 0.930483222 100.166458130
0.924832463 -0.019516606 0.379873604 5.170461655 0.014086367 0.999755025 0.017069615 -2.278199673 -0.380113721 -0.010435499 0.924880981 100.683647156
0.919748068 -0.021877697 0.391899109 5.395179749 0.016283864 0.999712586 0.017592173 -2.300577164 -0.392171383 -0.009798734 0.919840038 101.109504700
0.914761841 -0.021174643 0.403438181 5.659008026 0.015203973 0.999722540 0.017997181 -2.310853958 -0.403707266 -0.010329277 0.914829910 101.645271301
0.909527481 -0.021487230 0.415088236 5.915054321 0.015358862 0.999718368 0.018097039 -2.317941189 -0.415360123 -0.010084470 0.909601212 102.131912231
0.902766287 -0.020632058 0.429636240 6.163120270 0.014377310 0.999738276 0.017799489 -2.319665432 -0.429890960 -0.009891765 0.902826607 102.652511597
0.897141397 -0.021176625 0.441235602 6.434005737 0.014502048 0.999723792 0.018494401 -2.324195385 -0.441505343 -0.010193273 0.897200704 103.150695801
0.891625941 -0.021465579 0.452263653 6.712833405 0.014690203 0.999721229 0.018487949 -2.337186098 -0.452534407 -0.009840490 0.891692698 103.634918213
0.884646714 -0.020156143 0.465825915 7.032180786 0.012972008 0.999742448 0.018623492 -2.332552671 -0.466081262 -0.010432515 0.884680331 104.130538940
