1.000000000 0.000000000 0.000000000 0.000000000 0.000000000 1.000000000 0.000000000 0.000000000 0.000000000 0.000000000 1.000000000 0.000000000
1.000000000 -0.000011647 0.000055204 -0.000643113 0.000011643 1.000000000 0.000066880 -0.000378748 -0.000055205 -0.000066880 1.000000000 -0.000275106
1.000000000 -0.000040630 0.000086940 -0.000742985 0.000040628 1.000000000 0.000026261 0.000051030 -0.000086941 -0.000026258 1.000000000 0.000004279
1.000000000 0.000042644 0.000048927 -0.000459487 -0.000042640 1.000000000 -0.000073669 0.000060656 -0.000048930 0.000073667 1.000000000 -0.000390305
1.000000000 0.000096835 0.000109487 -0.001341993 -0.000096837 1.000000000 0.000018186 0.000008279 -0.000109485 -0.000018197 1.000000000 0.000400854
1.000000000 -0.000000854 -0.000010070 -0.000137539 0.000000854 1.000000000 -0.000028753 -0.000292969 0.000010070 0.000028753 1.000000000 -0.000112091
1.000000000 0.000091177 0.000061208 -0.000019835 -0.000091175 1.000000000 -0.000029029 0.000353071 -0.000061211 0.000029023 1.000000000 0.001113220
1.000000000 0.000133525 -0.000025160 -0.000310319 -0.000133527 1.000000000 -0.000075053 0.000230829 0.000025150 0.000075056 1.000000000 0.000180659
1.000000000 0.000103410 0.000069498 -0.000707468 -0.000103404 1.000000000 -0.000087039 0.000152363 -0.000069507 0.000087032 1.000000000 0.000694419
1.000000000 0.000189700 0.000025347 -0.000452557 -0.000189700 1.000000000 0.000028122 0.000298370 -0.000025341 -0.000028126 1.000000000 0.001213877
1.000000000 0.000111304 0.000013173 0.000441363 -0.000111303 1.000000000 -0.000047890 0.000607753 -0.000013178 0.000047889 1.000000000 0.002059604
1.000000000 0.000041316 0.000062624 -0.000655777 -0.000041316 1.000000000 0.000000394 -0.000694255 -0.000062624 -0.000000396 1.000000000 0.000073512
1.000000000 0.000174507 0.000037471 -0.000548762 -0.000174503 1.000000000 -0.000107763 0.000870884 -0.000037490 0.000107756 1.000000000 0.001028914
1.000000000 0.000140236 0.000082289 -0.001609360 -0.000140231 1.000000000 -0.000061646 0.000609151 -0.000082298 0.000061635 1.000000000 0.000279564
1.000000000 0.000127935 0.000070570 -0.000251660 -0.000127932 1.000000000 -0.000041161 0.001005459 -0.000070575 0.000041152 1.000000000 0.002266557
1.000000000 0.000154885 0.000073793 -0.000825151 -0.000154882 1.000000000 -0.000037247 0.000757934 -0.000073798 0.000037235 1.000000000 0.001224394
1.000000000 0.000208332 0.000097559 -0.001281919 -0.000208323 1.000000000 -0.000088072 0.001104531 -0.000097577 0.000088052 1.000000000 0.002327996
1.000000000 0.000158921 0.000142905 -0.001746154 -0.000158916 1.000000000 -0.000035171 0.001222421 -0.000142911 0.000035149 1.000000000 0.001750601
0.999999940 0.000186281 0.000173675 -0.001731280 -0.000186258 1.000000000 -0.000132067 0.001462799 -0.000173699 0.000132035 1.000000000 0.001197244
1.000000000 0.000175865 0.000150785 -0.001908963 -0.000175860 1.000000000 -0.000035154 0.000735774 -0.000150791 0.000035128 1.000000000 0.001517307
0.999999940 0.000226201 0.000093784 -0.001737267 -0.000226194 1.000000000 -0.000080859 0.001338241 -0.000093802 0.000080838 1.000000000 0.001733774
0.999999940 0.000229613 0.000138412 -0.001894383 -0.000229596 0.999999940 -0.000120254 0.001501963 -0.000138440 0.000120222 1.000000000 0.002004277
0.999999940 0.000222922 0.000170646 -0.002168623 -0.000222908 1.000000000 -0.000081788 0.001554012 -0.000170664 0.000081750 1.000000000 0.002336018
0.999999940 0.000347786 0.000142160 -0.002251853 -0.000347777 0.999999940 -0.000064651 0.001597396 -0.000142183 0.000064601 1.000000000 0.001914769
0.999999940 0.000214134 0.000156768 -0.001351566 -0.000214131 1.000000000 -0.000017598 0.000935779 -0.000156772 0.000017564 1.000000000 0.001993626
0.999999940 0.000211002 0.000209213 -0.002262275 -0.000210986 1.000000000 -0.000078655 0.002411777 -0.000209230 0.000078610 1.000000000 0.002679456
0.999999940 0.000248488 0.000193616 -0.002047579 -0.000248485 0.999999940 -0.000020060 0.001134530 -0.000193621 0.000020012 1.000000000 0.001758650
0.999999940 0.000247561 0.000117946 -0.002052648 -0.000247544 0.999999940 -0.000144774 0.002177812 -0.000117981 0.000144745 1.000000000 0.001209871
0.999999940 0.000343553 0.000124645 -0.001707169 -0.000343536 0.999999940 -0.000136311 0.002494729 -0.000124692 0.000136268 1.000000000 0.000707750
0.999999940 0.000334405 0.000219953 -0.001725279 -0.000334388 0.999999940 -0.000077767 0.000894163 -0.000219979 0.000077694 1.000000000 0.001408163
0.999999940 0.000264966 0.000255624 -0.002047830 -0.000264940 0.999999940 -0.000100242 0.002110954 -0.000255651 0.000100174 0.999999940 0.002681878
0.999999940 0.000257634 0.000149216 -0.001210202 -0.000257622 0.999999940 -0.000079795 0.001521468 -0.000149237 0.000079756 1.000000000 0.002745772
0.999999940 0.000208634 0.000153326 -0.001353786 -0.000208628 1.000000000 -0.000035700 0.000625159 -0.000153334 0.000035668 1.000000000 0.001061709
0.999999881 0.000378426 0.000238816 -0.002534764 -0.000378409 0.999999940 -0.000071819 0.001390052 -0.000238843 0.000071729 0.999999940 0.001745557
0.999999940 0.000277374 0.000166474 -0.001198401 -0.000277363 0.999999940 -0.000063337 0.000944495 -0.000166492 0.000063290 1.000000000 0.001418498
1.000000000 0.000203126 0.000126709 -0.001322838 -0.000203113 1.000000000 -0.000105388 0.001577965 -0.000126730 0.000105362 1.000000000 0.001579582
0.999999940 0.000286900 0.000154796 -0.001822541 -0.000286884 0.999999940 -0.000106517 0.002074966 -0.000154826 0.000106473 1.000000000 0.001971436
0.999999940 0.000335469 0.000181693 -0.001847820 -0.000335452 0.999999940 -0.000092909 0.001830627 -0.000181724 0.000092848 1.000000000 0.002117453
0.999999940 0.000248714 0.000111600 -0.000422268 -0.000248704 0.999999940 -0.000087269 0.002114356 -0.000111621 0.000087242 1.000000000 0.002001740
1.000000000 0.000144263 0.000131944 -0.000405154 -0.000144237 1.000000000 -0.000195999 0.001304659 -0.000131972 0.000195980 1.000000000 0.001655204
0.999999881 0.000410136 0.000251595 -0.001626774 -0.000409948 0.999999642 -0.000744160 -0.002418522 -0.000251900 0.000744057 0.999999702 0.048399769
0.999999821 0.000501418 0.000272121 0.000019719 -0.000501056 0.999998987 -0.001328013 -0.004349169 -0.000272786 0.001327876 0.999999106 0.139010310
0.999999940 0.000267855 0.000221562 0.002008150 -0.000267531 0.999998868 -0.001460982 -0.007658326 -0.000221953 0.001460923 0.999998927 0.253043652
0.999999821 0.000469924 0.000386331 0.003431080 -0.000469455 0.999999166 -0.001211919 -0.012017721 -0.000386900 0.001211737 0.999999166 0.385344416
0.999999881 0.000359488 0.000391852 0.004255006 -0.000359043 0.999999285 -0.001134183 -0.015508081 -0.000392260 0.001134042 0.999999285 0.526747346
0.999999940 -0.000088433 0.000336514 0.010413939 0.000088763 0.999999523 -0.000981090 -0.020128151 -0.000336427 0.000981120 0.999999464 0.688432992
0.999999762 0.000430459 0.000527763 0.011221780 -0.000430073 0.999999642 -0.000732132 -0.024964752 -0.000528078 0.000731905 0.999999583 0.846331835
0.999999583 0.000572015 0.000741476 0.009343813 -0.000571374 0.999999464 -0.000863943 -0.029137211 -0.000741970 0.000863519 0.999999344 1.022317529
0.999999821 0.000317909 0.000451653 0.016221812 -0.000317468 0.999999464 -0.000976337 -0.029767666 -0.000451964 0.000976194 0.999999404 1.203942180
0.999999821 0.000297651 0.000499487 0.021293852 -0.000297415 0.999999821 -0.000471106 -0.038085643 -0.000499627 0.000470957 0.999999762 1.374047518
0.999999523 0.000657580 0.000759938 0.018524544 -0.000657606 0.999999762 0.000033715 -0.049303357 -0.000759916 -0.000034215 0.999999702 1.572215796
0.999988973 -0.000987155 0.004588791 -0.030748298 0.000983139 0.999999106 0.000877374 -0.070480913 -0.004589653 -0.000872853 0.999989092 1.648591757
0.999987960 -0.000623333 0.004858569 -0.028425707 0.000618215 0.999999166 0.001054900 -0.077101730 -0.004859223 -0.001051883 0.999987662 1.854495287
0.999987900 -0.000908714 0.004831445 -0.028027114 0.000903189 0.999998927 0.001145597 -0.083352230 -0.004832481 -0.001141220 0.999987602 2.036669493
0.999986708 -0.000548653 0.005115794 -0.024208594 0.000542438 0.999999046 0.001216069 -0.087022878 -0.005116458 -0.001213278 0.999986231 2.258482695
0.999986470 -0.000310392 0.005189925 -0.019258376 0.000304691 0.999999344 0.001099323 -0.091828465 -0.005190264 -0.001097727 0.999985933 2.484797955
0.999984920 -0.000614779 0.005452833 -0.014450138 0.000608914 0.999999225 0.001077263 -0.098354347 -0.005453492 -0.001073927 0.999984562 2.716194153
0.999984920 -0.000997889 0.005391707 -0.014193047 0.000990334 0.999998510 0.001403847 -0.106934980 -0.005393100 -0.001398486 0.999984503 2.902487755
0.999984562 -0.000783282 0.005509885 -0.008403217 0.000775398 0.999998689 0.001432965 -0.113742709 -0.005511000 -0.001428670 0.999983847 3.144870043
0.999984086 -0.000600677 0.005611066 -0.004581591 0.000593264 0.999998987 0.001322680 -0.120235011 -0.005611855 -0.001319330 0.999983370 3.395609140
0.999983013 -0.000441413 0.005819386 0.000254937 0.000432595 0.999998748 0.001516498 -0.127645537 -0.005820049 -0.001513955 0.999981999 3.646685123
0.999983251 -0.000550038 0.005786544 0.001051815 0.000540171 0.999998391 0.001706565 -0.135911137 -0.005787474 -0.001703411 0.999981821 3.860504389
0.999982715 -0.000442833 0.005868457 0.009205352 0.000433426 0.999998629 0.001604190 -0.137774527 -0.005869160 -0.001601618 0.999981523 4.122776508
0.999982357 -0.000239510 0.005940231 0.013401552 0.000229196 0.999998391 0.001736994 -0.145739451 -0.005940637 -0.001735602 0.999980867 4.381393433
0.999981344 -0.000607879 0.006064746 0.023447264 0.000597536 0.999998271 0.001707124 -0.153277487 -0.006065774 -0.001703468 0.999980152 4.644839764
0.999981523 -0.000322327 0.006072727 0.022476889 0.000311373 0.999998331 0.001804763 -0.156249717 -0.006073298 -0.001802839 0.999979913 4.851008415
0.999981105 -0.000009459 0.006148272 0.028561164 -0.000000087 0.999998868 0.001552633 -0.162488908 -0.006148280 -0.001552605 0.999979854 5.115803242
0.999979138 -0.000094496 0.006453453 0.036633793 0.000082975 0.999998391 0.001785624 -0.171616539 -0.006453611 -0.001785051 0.999977589 5.383336544
0.999981642 -0.000746868 0.006003019 0.047964845 0.000737186 0.999998450 0.001614912 -0.178567648 -0.006004215 -0.001610457 0.999980688 5.655644417
0.999978781 -0.000345918 0.006498141 0.040716901 0.000334106 0.999998271 0.001818715 -0.185018271 -0.006498758 -0.001816506 0.999977231 5.881179333
0.999978662 -0.000002471 0.006531909 0.047887608 -0.000010093 0.999998152 0.001923455 -0.193157375 -0.006531902 -0.001923480 0.999976814 6.164906502
0.999977112 0.000128341 0.006763231 0.052756615 -0.000144197 0.999997199 0.002343935 -0.205432072 -0.006762911 -0.002344856 0.999974370 6.454047680
0.999978900 0.000081896 0.006493011 0.062554806 -0.000094600 0.999998033 0.001956293 -0.211423799 -0.006492838 -0.001956867 0.999976933 6.763778687
0.999977589 -0.000088247 0.006695958 0.064665467 0.000074486 0.999997914 0.002055383 -0.217631876 -0.006696125 -0.002054838 0.999975443 7.001045704
0.999978721 -0.000122711 0.006528308 0.073596627 0.000110257 0.999998212 0.001908019 -0.227356523 -0.006528530 -0.001907258 0.999976814 7.305872917
0.999978542 -0.000186064 0.006557830 0.085993968 0.000174297 0.999998450 0.001794966 -0.230970338 -0.006558153 -0.001793785 0.999976814 7.626360416
0.999974668 -0.000177194 0.007114651 0.079497911 0.000161500 0.999997675 0.002206222 -0.245827034 -0.007115024 -0.002205017 0.999972284 7.892348766
0.999974310 -0.000386007 0.007155063 0.089792930 0.000369886 0.999997377 0.002254264 -0.252545506 -0.007155914 -0.002251560 0.999971867 8.223264694
0.999973357 -0.000052266 0.007287888 0.097781830 0.000036421 0.999997616 0.002174296 -0.259901822 -0.007287985 -0.002173973 0.999971151 8.562472343
0.999973595 -0.000019942 0.007261101 0.105974965 0.000003362 0.999997318 0.002283336 -0.274751008 -0.007261127 -0.002283251 0.999971092 8.893467903
0.999972939 0.000704238 0.007314416 0.101464964 -0.000721521 0.999996901 0.002360430 -0.287828445 -0.007312731 -0.002365644 0.999970436 9.176171303
0.999972999 0.000775153 0.007295883 0.111023255 -0.000792769 0.999996722 0.002411846 -0.296595156 -0.007293991 -0.002417565 0.999970436 9.529827118
0.999974430 0.000590969 0.007126256 0.119660661 -0.000608421 0.999996841 0.002447041 -0.306323469 -0.007124787 -0.002451315 0.999971628 9.888273239
0.999974310 0.000678532 0.007136548 0.134467274 -0.000698335 0.999995887 0.002772748 -0.319644034 -0.007134638 -0.002777660 0.999970615 10.235889435
0.999973953 0.000212621 0.007213065 0.135467082 -0.000230078 0.999997139 0.002419556 -0.321829796 -0.007212529 -0.002421152 0.999971032 10.558385849
0.999976277 -0.000152111 0.006885582 0.147991896 0.000134089 0.999996543 0.002617811 -0.331947237 -0.006885956 -0.002616826 0.999972880 10.935215950
0.999975324 0.000387786 0.007007455 0.159396797 -0.000406483 0.999996305 0.002666975 -0.341420442 -0.007006395 -0.002669758 0.999971867 11.330312729
0.999971032 0.000588170 0.007585470 0.163924962 -0.000610798 0.999995291 0.002981067 -0.358436674 -0.007583681 -0.002985613 0.999966800 11.694561958
0.999970615 0.000063161 0.007669235 0.170408756 -0.000084720 0.999996066 0.002810863 -0.366010040 -0.007669026 -0.002811430 0.999966621 12.009902000
0.999971092 0.000151500 0.007610898 0.177669540 -0.000174628 0.999995351 0.003038229 -0.376109898 -0.007610401 -0.003039470 0.999966443 12.411728859
0.999968469 -0.000420407 0.007944427 0.192929313 0.000397222 0.999995708 0.002919727 -0.387631208 -0.007945620 -0.002916479 0.999964058 12.820691109
0.999966979 -0.000019261 0.008126485 0.189837813 -0.000004237 0.999995947 0.002891475 -0.395588458 -0.008126508 -0.002891414 0.999962747 13.182848930
0.999963939 0.000661034 0.008464176 0.196654737 -0.000688320 0.999994576 0.003221189 -0.407556087 -0.008462001 -0.003226898 0.999958992 13.601998329
0.999962747 -0.000112117 0.008630399 0.213502929 0.000086257 0.999995530 0.002996698 -0.420163959 -0.008630697 -0.002995841 0.999958217 14.007428169
0.999958634 0.000195737 0.009092021 0.216224223 -0.000224587 0.999994934 0.003172171 -0.428310335 -0.009091354 -0.003174081 0.999953628 14.390864372
0.999955595 0.000090917 0.009420250 0.228839368 -0.000120459 0.999995053 0.003135474 -0.439358681 -0.009419918 -0.003136470 0.999950707 14.827053070
0.999952495 -0.000058284 0.009739953 0.246193051 0.000022863 0.999993384 0.003636811 -0.456377774 -0.009740100 -0.003636416 0.999945939 15.274150848
0.999944508 0.000771504 0.010507335 0.244589359 -0.000808418 0.999993443 0.003509298 -0.466118395 -0.010504560 -0.003517597 0.999938667 15.652329445
0.999941647 0.000614704 0.010782957 0.256165117 -0.000647021 0.999995291 0.002993835 -0.474810898 -0.010781066 -0.003000637 0.999937415 16.099308014
0.999942005 0.000838236 0.010734356 0.278137296 -0.000870463 0.999995053 0.002998007 -0.482801765 -0.010731790 -0.003007177 0.999937892 16.564161301
0.999936044 0.000322921 0.011303184 0.275714606 -0.000369575 0.999991357 0.004125709 -0.506477773 -0.011301755 -0.004129623 0.999927521 16.950725555
0.999930203 0.000393354 0.011811912 0.290731192 -0.000438887 0.999992490 0.003852493 -0.517645359 -0.011810308 -0.003857409 0.999922752 17.420560837
0.999928653 0.000279650 0.011943589 0.312361836 -0.000331628 0.999990463 0.004350208 -0.527493417 -0.011942258 -0.004353859 0.999919176 17.888208389
0.999926865 0.000282099 0.012092165 0.314462095 -0.000329487 0.999992251 0.003917143 -0.536623418 -0.012090966 -0.003920840 0.999919236 18.306442261
0.999923527 0.000270579 0.012366768 0.335168600 -0.000316025 0.999993205 0.003673089 -0.544827580 -0.012365690 -0.003676716 0.999916792 18.795202255
0.999922514 0.000625208 0.012432246 0.337578952 -0.000678894 0.999990582 0.004314505 -0.558028996 -0.012429431 -0.004322611 0.999913335 19.230222702
0.999923289 0.000080090 0.012388811 0.356455952 -0.000133695 0.999990642 0.004326170 -0.572984397 -0.012388349 -0.004327495 0.999913812 19.720199585
0.999923766 0.000684163 0.012327111 0.370087683 -0.000736100 0.999990821 0.004209240 -0.579744518 -0.012324117 -0.004217993 0.999915183 20.235673904
0.999926746 0.000574331 0.012092028 0.359449983 -0.000624227 0.999991298 0.004123054 -0.589953780 -0.012089554 -0.004130300 0.999918401 20.664773941
0.999932468 0.000521862 0.011616034 0.377429545 -0.000569210 0.999991536 0.004073109 -0.601405799 -0.011613810 -0.004079445 0.999924242 21.179414749
0.999938786 0.000654707 0.011050503 0.389870554 -0.000699623 0.999991477 0.004061323 -0.614114165 -0.011047752 -0.004068805 0.999930739 21.692037582
0.999938905 0.000437508 0.011055349 0.391809106 -0.000482189 0.999991655 0.004039178 -0.619994462 -0.011053491 -0.004044260 0.999930739 22.144014359
0.999947429 0.000557772 0.010242242 0.408882350 -0.000599648 0.999991417 0.004085872 -0.634821534 -0.010239877 -0.004091799 0.999939263 22.667039871
0.999952972 -0.001094412 0.009638410 0.421918631 0.001056566 0.999991655 0.003930880 -0.648413360 -0.009642632 -0.003920510 0.999945879 23.202520370
0.999950886 0.000319419 0.009907470 0.414035052 -0.000360761 0.999991238 0.004171328 -0.659423113 -0.009906051 -0.004174697 0.999942243 23.648813248
0.999954581 0.001110122 0.009461905 0.431660295 -0.001153026 0.999989033 0.004530168 -0.674307048 -0.009456771 -0.004540871 0.999945045 24.185832977
0.999960124 0.001689941 0.008769702 0.447431654 -0.001731904 0.999987185 0.004779616 -0.691130161 -0.008761511 -0.004794613 0.999950171 24.732372284
0.999960065 0.001245213 0.008848894 0.442540526 -0.001285323 0.999988914 0.004528689 -0.701206923 -0.008843157 -0.004539882 0.999950588 25.210296631
0.999963522 0.000057754 0.008548751 0.459019840 -0.000101521 0.999986887 0.005119299 -0.709993482 -0.008548343 -0.005119980 0.999950409 25.772544861
0.999964535 0.000740910 0.008384557 0.479355961 -0.000783105 0.999987006 0.005030320 -0.728612542 -0.008380720 -0.005036708 0.999952197 26.303319931
0.999965131 0.001384256 0.008230380 0.470634580 -0.001425573 0.999986410 0.005016319 -0.737999678 -0.008223324 -0.005027878 0.999953508 26.765972137
0.999965072 0.001652863 0.008196168 0.484104723 -0.001695148 0.999985337 0.005154788 -0.748370707 -0.008187528 -0.005168502 0.999953091 27.321657181
0.999966562 0.001304976 0.008071945 0.503709912 -0.001350733 0.999983072 0.005665798 -0.769108593 -0.008064413 -0.005676512 0.999951363 27.863763809
0.999970675 0.001421437 0.007516218 0.497872025 -0.001463377 0.999983370 0.005577366 -0.781335950 -0.007508165 -0.005588201 0.999956191 28.314889908
0.999970198 0.001852009 0.007493328 0.507879257 -0.001894061 0.999982417 0.005608659 -0.793330431 -0.007482809 -0.005622684 0.999956191 28.864929199
0.999970138 0.001835216 0.007506932 0.524037242 -0.001878451 0.999981701 0.005756265 -0.806835234 -0.007496230 -0.005770195 0.999955237 29.409969330
0.999972224 0.001434496 0.007317014 0.517509401 -0.001477955 0.999981284 0.005937551 -0.820048809 -0.007308359 -0.005948200 0.999955595 29.858703613
0.999973059 0.001769342 0.007132800 0.530675471 -0.001810138 0.999981999 0.005717127 -0.827874303 -0.007122556 -0.005729884 0.999958217 30.409481049
0.999973536 0.002436196 0.006850357 0.543786228 -0.002477472 0.999978781 0.006023339 -0.851441801 -0.006835537 -0.006040151 0.999958456 30.908664703
0.999974191 0.002153808 0.006868522 0.561612725 -0.002196148 0.999978662 0.006162897 -0.858782709 -0.006855101 -0.006177822 0.999957442 31.487695694
0.999976158 0.001743258 0.006672964 0.546508908 -0.001780586 0.999982774 0.005592143 -0.857220888 -0.006663101 -0.005603892 0.999962032 31.935489655
0.999976516 0.001715780 0.006627953 0.563775897 -0.001752373 0.999983191 0.005519208 -0.870396733 -0.006618373 -0.005530693 0.999962747 32.481807709
0.999980748 0.001808397 0.005934958 0.582896888 -0.001842350 0.999981940 0.005720440 -0.885357201 -0.005924506 -0.005731265 0.999966025 33.013813019
0.999978721 0.001670828 0.006308525 0.575352848 -0.001706449 0.999982595 0.005645092 -0.892678857 -0.006298983 -0.005655737 0.999964178 33.501464844
0.999982417 0.000757471 0.005890742 0.592924595 -0.000792814 0.999981642 0.005999596 -0.906898379 -0.005886090 -0.006004160 0.999964714 34.047351837
0.999982893 0.000670248 0.005805149 0.609889090 -0.000704739 0.999982119 0.005941535 -0.920749366 -0.005801063 -0.005945525 0.999965489 34.596351624
0.999982655 0.000977234 0.005809394 0.629646838 -0.001010534 0.999983132 0.005731981 -0.943202615 -0.005803694 -0.005737753 0.999966741 35.126888275
0.999983251 0.001118512 0.005683216 0.639230013 -0.001152060 0.999981940 0.005903026 -0.946430922 -0.005676511 -0.005909475 0.999966443 35.682456970
0.999980390 0.001176448 0.006140681 0.603139997 -0.001214726 0.999979854 0.006233594 -0.962629318 -0.006133222 -0.006240930 0.999961734 36.087085724
0.999980330 0.001224267 0.006151497 0.617707074 -0.001261749 0.999980688 0.006092837 -0.973952532 -0.006143919 -0.006100479 0.999962568 36.635337830
0.999981523 0.001760657 0.005809742 0.637284756 -0.001790894 0.999984920 0.005203494 -0.975779891 -0.005800492 -0.005213802 0.999969602 37.182052612
0.999982893 0.001253236 0.005720000 0.666381717 -0.001286344 0.999982476 0.005788030 -0.997476816 -0.005712645 -0.005795289 0.999966919 37.722499847
0.999980152 0.000706936 0.006263894 0.628135681 -0.000742627 0.999983490 0.005697361 -0.995451093 -0.006259764 -0.005701898 0.999964178 38.166145325
0.999979019 0.001053393 0.006394851 0.643489003 -0.001091681 0.999981463 0.005986656 -1.011761189 -0.006388426 -0.005993512 0.999961674 38.715774536
0.999981403 0.001159170 0.005983832 0.660297453 -0.001193193 0.999983072 0.005685405 -1.015075088 -0.005977141 -0.005692439 0.999965966 39.274826050
0.999983430 0.001338335 0.005617696 0.711256802 -0.001374679 0.999978125 0.006470534 -1.052122116 -0.005608914 -0.006478147 0.999963284 39.856204987
0.999977410 0.002268642 0.006324885 0.706152797 -0.002305219 0.999980628 0.005781750 -1.059619784 -0.006311646 -0.005796199 0.999963224 40.403877258
0.999966621 0.003547827 0.007359757 0.691945434 -0.003583169 0.999982119 0.004794293 -1.047493815 -0.007342616 -0.004820503 0.999961436 40.909843445
0.999977350 0.001452565 0.006565851 0.667500675 -0.001489185 0.999983370 0.005575813 -1.055070162 -0.006557642 -0.005585464 0.999962866 41.248397827
0.999971211 0.002525200 0.007163618 0.678711593 -0.002566211 0.999980390 0.005721388 -1.071489215 -0.007149030 -0.005739607 0.999957979 41.798812866
0.999967277 0.002536729 0.007681201 0.697527051 -0.002579319 0.999981344 0.005539834 -1.080289125 -0.007667004 -0.005559465 0.999955118 42.338706970
0.999975860 0.001231086 0.006839838 0.724993229 -0.001274076 0.999979496 0.006284582 -1.101815701 -0.006831961 -0.006293145 0.999956846 42.872016907
0.999969482 0.001866760 0.007589283 0.689547420 -0.001910918 0.999981284 0.005815425 -1.107795954 -0.007578285 -0.005829750 0.999954283 43.274692535
0.999963701 0.002293930 0.008206043 0.704013467 -0.002337683 0.999983072 0.005326127 -1.118692994 -0.008193687 -0.005345117 0.999952137 43.815372467
0.999972284 0.000459651 0.007422375 0.729465544 -0.000501703 0.999983847 0.005664834 -1.127067208 -0.007419651 -0.005668402 0.999956429 44.362976074
0.999968648 0.003161138 0.007263319 0.760995209 -0.003201946 0.999979198 0.005613446 -1.155303121 -0.007245422 -0.005636528 0.999957860 44.874729156
0.999972880 0.001284082 0.007269336 0.719567955 -0.001326769 0.999981880 0.005870278 -1.140451789 -0.007261668 -0.005879764 0.999956369 45.309272766
0.999970973 0.001473242 0.007484994 0.733108044 -0.001514838 0.999983430 0.005554697 -1.152108550 -0.007476687 -0.005565874 0.999956608 45.851547241
0.999967515 0.002582171 0.007638105 0.749701619 -0.002624674 0.999981046 0.005559827 -1.166154265 -0.007623604 -0.005579694 0.999955416 46.381767273
0.999975562 0.001133838 0.006899036 0.771887302 -0.001178434 0.999978364 0.006463638 -1.188232660 -0.006891559 -0.006471610 0.999955356 46.922431946
0.999959886 0.001843041 0.008759765 0.730721354 -0.001894269 0.999981105 0.005843352 -1.179792881 -0.008748829 -0.005859710 0.999944568 47.341365814
0.999962151 0.002089301 0.008436911 0.745134532 -0.002139347 0.999980152 0.005927172 -1.189036369 -0.008424358 -0.005944997 0.999946892 47.887565613
0.999958396 0.002160068 0.008856660 0.756705999 -0.002210419 0.999981403 0.005679211 -1.204605341 -0.008844228 -0.005698551 0.999944687 48.407073975
0.999959052 0.002739150 0.008622733 0.776675582 -0.002781309 0.999984205 0.004881010 -1.207367539 -0.008609227 -0.004904793 0.999950886 48.977016449
0.999957144 0.001331440 0.009163557 0.752412915 -0.001380705 0.999984562 0.005372107 -1.204619884 -0.009156264 -0.005384529 0.999943495 49.350868225
0.999953866 0.001607408 0.009466737 0.768207431 -0.001657071 0.999984920 0.005240717 -1.219234109 -0.009458170 -0.005256162 0.999941409 49.895313263
0.999956191 0.000556941 0.009354635 0.783490837 -0.000611758 0.999982655 0.005857957 -1.233721137 -0.009351212 -0.005863422 0.999939084 50.448535919
0.999951005 0.001827413 0.009731458 0.786821485 -0.001880436 0.999983430 0.005442252 -1.232720852 -0.009721351 -0.005460284 0.999937773 51.024410248
0.999948502 0.001513382 0.010030103 0.774690390 -0.001561787 0.999987185 0.004820000 -1.238816023 -0.010022679 -0.004835417 0.999938011 51.417476654
0.999944806 0.001804757 0.010351894 0.786955476 -0.001852570 0.999987602 0.004611183 -1.248917699 -0.010343445 -0.004630107 0.999935746 51.973026276
0.999945283 0.001845307 0.010296951 0.802398980 -0.001893646 0.999987245 0.004686679 -1.257785678 -0.010288171 -0.004705921 0.999935985 52.523818970
0.999938309 0.002377209 0.010842361 0.817245126 -0.002421693 0.999988794 0.004091611 -1.256562948 -0.010832511 -0.004117616 0.999932766 53.089069366
0.999938726 0.001863373 0.010907314 0.792437136 -0.001918276 0.999985516 0.005025150 -1.284719467 -0.010897791 -0.005045765 0.999927878 53.465709686
0.999938250 0.001767272 0.010969816 0.808846116 -0.001822239 0.999985933 0.005002650 -1.299204350 -0.010960819 -0.005022331 0.999927223 54.015853882
0.999927938 0.002806875 0.011674208 0.822093368 -0.002863581 0.999984145 0.004843525 -1.306298018 -0.011660427 -0.004876606 0.999920070 54.565395355
0.999936163 0.002129350 0.011097137 0.837168336 -0.002176885 0.999988496 0.004273072 -1.322004914 -0.011087909 -0.004296957 0.999929309 55.158138275
0.999922574 0.001940024 0.012292789 0.800047994 -0.001995789 0.999987781 0.004525773 -1.325849295 -0.012283859 -0.004549958 0.999914169 55.522193909
0.999921262 0.002140175 0.012370737 0.815164506 -0.002190577 0.999989331 0.004062179 -1.332431316 -0.012361912 -0.004088959 0.999915242 56.071796417
0.999921322 0.001909898 0.012401194 0.835734665 -0.001963941 0.999988675 0.004347152 -1.349986434 -0.012392751 -0.004371165 0.999913633 56.622161865
0.999928832 0.001752669 0.011808555 0.864800096 -0.001795199 0.999991953 0.003592058 -1.352710843 -0.011802164 -0.003613001 0.999923825 57.169296265
0.999913871 0.002504378 0.012887999 0.842085898 -0.002558058 0.999988079 0.004150430 -1.372321844 -0.012877452 -0.004183040 0.999908328 57.694374084
0.999928892 0.001752306 0.011803602 0.916141570 -0.001790900 0.999993026 0.003259897 -1.360421777 -0.011797809 -0.003280804 0.999925017 58.308013916
0.999912322 0.002080932 0.013074765 0.861234188 -0.002136915 0.999988616 0.004269280 -1.386690855 -0.013065732 -0.004296846 0.999905348 58.578033447
0.999922216 0.000761579 0.012450450 0.883545637 -0.000815983 0.999990165 0.004365096 -1.397680640 -0.012447003 -0.004374916 0.999912918 59.131740570
0.999920607 0.000635615 0.012587564 0.909674287 -0.000690228 0.999990344 0.004334825 -1.415003657 -0.012584689 -0.004343169 0.999911368 59.666820526
0.999913096 0.000304804 0.013178464 0.916212261 -0.000361772 0.999990642 0.004320650 -1.426196218 -0.013177022 -0.004325043 0.999903858 60.215587616
0.999904394 0.001759395 0.013717173 0.890182018 -0.001815362 0.999990046 0.004068714 -1.437605143 -0.013709879 -0.004093227 0.999897599 60.648357391
0.999902725 0.002370521 0.013744571 0.907448292 -0.002420034 0.999990642 0.003586769 -1.447185993 -0.013735941 -0.003619682 0.999899149 61.200088501
0.999889970 0.003591689 0.014397971 0.915886104 -0.003643738 0.999986827 0.003590527 -1.460587621 -0.014384889 -0.003642594 0.999889851 61.731712341
0.999904394 0.002683586 0.013563582 0.955342829 -0.002731091 0.999990165 0.003485067 -1.475167155 -0.013554098 -0.003521777 0.999901891 62.258045197
0.999895871 0.001788121 0.014319563 0.936535299 -0.001850349 0.999988854 0.004333559 -1.486808777 -0.014311656 -0.004359604 0.999888003 62.661216736
0.999888539 0.002454747 0.014727475 0.947179258 -0.002512079 0.999989390 0.003875580 -1.497514486 -0.014717805 -0.003912144 0.999883950 63.219135284
0.999885440 0.002552457 0.014917471 0.965615630 -0.002606957 0.999990046 0.003635263 -1.508951306 -0.014908043 -0.003673736 0.999882102 63.736515045
0.999889731 0.001867191 0.014735880 0.997072160 -0.001920074 0.999991775 0.003575384 -1.516950011 -0.014729083 -0.003603283 0.999885023 64.272834778
0.999889076 0.001581352 0.014806317 0.985647738 -0.001637145 0.999991596 0.003756853 -1.530102253 -0.014800251 -0.003780677 0.999883235 64.714843750
0.999886453 0.002320519 0.014889986 1.003454566 -0.002369799 0.999991775 0.003292752 -1.538733006 -0.014882223 -0.003327665 0.999883592 65.270149231
0.999880672 0.003232990 0.015104776 1.016142607 -0.003286038 0.999988556 0.003488607 -1.557500839 -0.015093324 -0.003537826 0.999879777 65.801658630
0.999879062 0.003857320 0.015065525 1.048258185 -0.003909770 0.999986410 0.003453576 -1.573572397 -0.015051998 -0.003512062 0.999880493 66.332313538
0.999883413 0.001899279 0.015152472 1.024199009 -0.001954860 0.999991417 0.003653937 -1.575031400 -0.015145402 -0.003683132 0.999878466 66.741806030
0.999881327 0.002046977 0.015265711 1.041482925 -0.002105826 0.999990463 0.003839883 -1.591296434 -0.015257704 -0.003871574 0.999876082 67.290786743
0.999877334 0.001664428 0.015571158 1.059560776 -0.001717340 0.999992788 0.003385265 -1.603413582 -0.015565409 -0.003411591 0.999873042 67.818466187
0.999878645 0.001653086 0.015491887 1.082293868 -0.001701885 0.999993622 0.003137349 -1.616232872 -0.015486601 -0.003163334 0.999875069 68.411178589
0.999868691 0.003208025 0.015883802 1.067709208 -0.003265325 0.999988258 0.003582853 -1.630982637 -0.015872123 -0.003634249 0.999867380 68.844459534
0.999867260 0.003271369 0.015961990 1.087850094 -0.003337880 0.999985874 0.004141876 -1.645610809 -0.015948215 -0.004194605 0.999864042 69.393081665
0.999863267 0.003957313 0.016054822 1.102903962 -0.004021784 0.999984026 0.003985377 -1.661629200 -0.016038792 -0.004049401 0.999863148 69.948410034
0.999862194 0.004294152 0.016036507 1.136674523 -0.004363318 0.999981344 0.004280521 -1.683097243 -0.016017828 -0.004349903 0.999862194 70.465759277
0.999859452 0.004194282 0.016229164 1.123244166 -0.004253957 0.999984264 0.003644356 -1.677328587 -0.016213624 -0.003712882 0.999861598 70.889801025
0.999857068 0.005026372 0.016139634 1.143639803 -0.005087373 0.999980032 0.003740888 -1.688990355 -0.016120506 -0.003822461 0.999862731 71.451583862
0.999862969 0.003783811 0.016116647 1.175342798 -0.003840252 0.999986589 0.003472549 -1.703302622 -0.016103294 -0.003533965 0.999864042 71.966438293
0.999840975 0.005995800 0.016789174 1.183144569 -0.006053905 0.999975860 0.003412224 -1.713477731 -0.016768310 -0.003513322 0.999853194 72.490997314
0.999853611 0.004902407 0.016395126 1.215591908 -0.004949403 0.999983728 0.002827103 -1.711382747 -0.016381001 -0.002907835 0.999861598 73.021957397
0.999846041 0.004608918 0.016929623 1.185497761 -0.004669544 0.999982774 0.003543390 -1.734926820 -0.016913002 -0.003621898 0.999850392 73.458366394
0.999847054 0.004330062 0.016940612 1.204990387 -0.004391889 0.999983847 0.003614228 -1.744983315 -0.016924689 -0.003688077 0.999849975 74.021209717
0.999850333 0.003759417 0.016887913 1.223992467 -0.003821190 0.999986112 0.003627156 -1.767984509 -0.016874045 -0.003691145 0.999850810 74.525016785
0.999844372 0.004432909 0.017073218 1.233747244 -0.004494568 0.999983490 0.003574715 -1.777887344 -0.017057087 -0.003650896 0.999847829 75.002159119
0.999848723 0.004601441 0.016775511 1.255089641 -0.004657945 0.999983609 0.003330655 -1.793463707 -0.016759910 -0.003408290 0.999853730 75.555488586
0.999841690 0.004708441 0.017157193 1.279393077 -0.004762192 0.999983847 0.003093384 -1.801805973 -0.017142350 -0.003174600 0.999848068 76.126220703
0.999825537 0.004959052 0.018004814 1.284993649 -0.005028006 0.999980152 0.003786383 -1.819690943 -0.017985681 -0.003876251 0.999830663 76.594566345
0.999797463 0.005091798 0.019469261 1.306795478 -0.005156546 0.999981344 0.003276941 -1.829209089 -0.019452212 -0.003376671 0.999805093 77.143280029
0.999785781 0.004453380 0.020210722 1.334873199 -0.004525797 0.999983490 0.003538746 -1.851843476 -0.020194629 -0.003629458 0.999789417 77.673629761
0.999756873 0.004980781 0.021480642 1.346432209 -0.005068819 0.999978960 0.004045997 -1.883278251 -0.021460038 -0.004153895 0.999761105 78.185508728
0.999667525 0.005167231 0.025262408 1.349464655 -0.005249897 0.999981046 0.003207069 -1.861863375 -0.025245359 -0.003338628 0.999675691 78.723724365
0.999571860 0.004769008 0.028871005 1.379780650 -0.004862256 0.999983191 0.003160504 -1.878210068 -0.028855450 -0.003299529 0.999578059 79.261795044
0.999471188 0.005010345 0.032128308 1.413446784 -0.005118235 0.999981582 0.003276714 -1.895846605 -0.032111295 -0.003439422 0.999478340 79.817703247
0.999326229 0.004756430 0.036393285 1.420327067 -0.004872766 0.999983311 0.003108656 -1.894773245 -0.036377892 -0.003283898 0.999332726 80.323249817
0.999082923 0.005341030 0.042483412 1.457122564 -0.005486714 0.999979496 0.003313324 -1.909306169 -0.042464841 -0.003543380 0.999091685 80.866432190
0.998812556 0.004832149 0.048478529 1.500754356 -0.004975026 0.999983609 0.002827010 -1.916840196 -0.048464082 -0.003064835 0.998820186 81.407653809
0.998504341 0.004962505 0.054446377 1.527773857 -0.005136411 0.999982119 0.003054604 -1.929238081 -0.054430239 -0.003329695 0.998512030 81.943794250
0.998049438 0.004607607 0.062258366 1.584643841 -0.004819982 0.999983013 0.003261437 -1.946120620 -0.062242284 -0.003555159 0.998054802 82.486305237
0.997462571 0.004850579 0.071026564 1.633893013 -0.005058540 0.999983430 0.002748341 -1.952235103 -0.071012050 -0.003100658 0.997470617 83.037757874
0.996924698 0.004501122 0.078236327 1.683897972 -0.004729679 0.999985099 0.002736335 -1.964237928 -0.078222848 -0.003097953 0.996931076 83.600296021
0.996172786 0.004819155 0.087273739 1.747856140 -0.005064088 0.999983847 0.002585309 -1.977908850 -0.087259881 -0.003017376 0.996181011 84.149887085
0.995246351 0.005041692 0.097258829 1.824057102 -0.005350642 0.999981463 0.002916008 -1.996752143 -0.097242318 -0.003422543 0.995254755 84.689620972
0.994363844 0.004389931 0.105930723 1.892929077 -0.004693120 0.999985516 0.002613032 -2.006582737 -0.105917707 -0.003095450 0.994370222 85.221084595
0.993549943 0.004107915 0.113321543 1.974915504 -0.004420641 0.999987066 0.002508483 -2.016263247 -0.113309771 -0.002993257 0.993555248 85.767288208
0.992353201 0.003893030 0.123369589 2.061531067 -0.004231581 0.999987960 0.002482285 -2.033596039 -0.123358443 -0.002985351 0.992357731 86.286781311
0.990953803 0.004393405 0.134131700 2.141528130 -0.004787564 0.999985218 0.002616218 -2.037291527 -0.134118214 -0.003234717 0.990960002 86.847915649
0.989692926 0.003951408 0.143151402 2.238558769 -0.004370353 0.999987006 0.002612279 -2.054347515 -0.143139213 -0.003210977 0.989697278 87.389266968
0.987940192 0.003874604 0.154787868 2.342482567 -0.004358327 0.999986649 0.002785840 -2.067775011 -0.154774994 -0.003426859 0.987943769 87.919258118
0.985833883 0.004187260 0.167672396 2.434544563 -0.004684910 0.999985635 0.002572533 -2.078524590 -0.167659223 -0.003321620 0.985839427 88.447937012
0.983902276 0.004198445 0.178658232 2.552596092 -0.004734054 0.999985456 0.002571743 -2.089545965 -0.178644836 -0.003376121 0.983907878 88.991249084
0.982019067 0.003328151 0.188752130 2.684429169 -0.003879736 0.999989212 0.002552866 -2.107619047 -0.188741565 -0.003239272 0.982021511 89.497009277
0.979387760 0.003729410 0.201954290 2.787162781 -0.004311273 0.999987721 0.002441363 -2.115097046 -0.201942727 -0.003261721 0.979391873 90.043823242
0.976796329 0.003225186 0.214145705 2.926475525 -0.003814779 0.999989986 0.002340036 -2.126362562 -0.214136034 -0.003102657 0.976798892 90.569877625
0.974505246 0.002362551 0.224351883 3.061948776 -0.002930237 0.999993384 0.002197418 -2.135637283 -0.224345177 -0.002798800 0.974505782 91.110260010
0.971399844 0.002513302 0.237436339 3.208005905 -0.003112937 0.999992847 0.002150572 -2.151201487 -0.237429246 -0.002828190 0.971400738 91.636520386
0.968084216 0.002697301 0.250610560 3.365180969 -0.003371958 0.999991715 0.002262719 -2.163028955 -0.250602394 -0.003035551 0.968085349 92.163055420
0.965079308 0.002455378 0.261946529 3.523948669 -0.003162160 0.999992430 0.002276709 -2.180324316 -0.261938989 -0.003025522 0.965079725 92.670120239
0.962003291 0.002223846 0.273028612 3.675893784 -0.002904393 0.999993563 0.002088439 -2.180379152 -0.273022205 -0.002802067 0.962003648 93.195564270
0.958197117 0.001847229 0.286102831 3.859228134 -0.002544386 0.999994636 0.002065011 -2.197631121 -0.286097467 -0.002706644 0.958196759 93.709648132
0.954349577 0.002019143 0.298685074 4.044130325 -0.002815026 0.999993503 0.002234425 -2.220228195 -0.298678637 -0.002973229 0.954349101 94.210807800
0.950520456 0.002320196 0.310653329 4.208290100 -0.003153615 0.999992669 0.002180558 -2.214842319 -0.310645938 -0.003052346 0.950520754 94.755592346
0.945808113 0.001920223 0.324720323 4.410591125 -0.002728777 0.999994218 0.002034632 -2.228533745 -0.324714541 -0.002810461 0.945807874 95.263832092
0.941106677 0.001283140 0.338107377 4.624256134 -0.002042584 0.999996126 0.001890390 -2.236109495 -0.338103563 -0.002469672 0.941105664 95.789527893
0.936818600 0.001654326 0.349811584 4.827598572 -0.002624062 0.999993920 0.002298247 -2.258076906 -0.349805683 -0.003070968 0.936817169 96.299682617
0.931862772 0.001286070 0.362808615 5.047790527 -0.002181930 0.999995470 0.002059471 -2.273460627 -0.362804353 -0.002710767 0.931861401 96.804847717
0.926191509 0.001091661 0.377051651 5.277101517 -0.001970639 0.999996126 0.001945446 -2.285820961 -0.377048075 -0.002544889 0.926190078 97.299339294
0.920953453 0.000876021 0.389671564 5.507116318 -0.001740986 0.999996722 0.001866570 -2.300688267 -0.389668703 -0.002397437 0.920952022 97.840248108
0.915902019 0.000527321 0.401401639 5.714408875 -0.001660675 0.999995470 0.002475569 -2.308144569 -0.401398540 -0.002933976 0.915898800 98.298904419
0.909577727 0.000740426 0.415533155 5.962188721 -0.002028779 0.999994397 0.002659017 -2.324360132 -0.415528893 -0.003261607 0.909574151 98.784286499
0.903456867 0.000530303 0.428678751 6.209251404 -0.001988972 0.999993622 0.002954778 -2.333617210 -0.428674489 -0.003522145 0.903452039 99.262359619
0.898414969 -0.000080615 0.439147532 6.472526550 -0.001091475 0.999996483 0.002416529 -2.349289417 -0.439146221 -0.002650365 0.898411691 99.733398438
0.892421842 -0.000548513 0.451201975 6.732048035 -0.000483496 0.999997497 0.002171962 -2.353414536 -0.451201975 -0.002156461 0.892419219 100.210296631
0.885189533 -0.000162594 0.465230793 6.917854309 -0.001133206 0.999996245 0.002505628 -2.364981651 -0.465229511 -0.002745157 0.885185897 100.657524109
0.878855884 -0.000760185 0.477086931 7.201126099 -0.000158299 0.999998271 0.001884994 -2.372033119 -0.477087498 -0.001732160 0.878854156 101.134033203
0.872935355 -0.000502887 0.487835824 7.501106262 -0.000458914 0.999998212 0.001852033 -2.383422136 -0.487835914 -0.001840579 0.872933507 101.640289307
0.865153790 -0.001087464 0.501505554 7.773960114 -0.000335528 0.999996126 0.002747213 -2.413741589 -0.501506627 -0.002545030 0.865150094 102.023826599
0.857243717 -0.000945583 0.514909983 8.020324707 -0.000137801 0.999997795 0.002065818 -2.398520708 -0.514910877 -0.001841865 0.857241690 102.529487610
