1.000000000 0.000000000 0.000000000 0.000000000 0.000000000 1.000000000 0.000000000 0.000000000 0.000000000 0.000000000 1.000000000 0.000000000
1.000000000 0.000090566 0.000156935 -0.001167548 -0.000090570 1.000000000 0.000022695 0.000027941 -0.000156933 -0.000022709 1.000000000 -0.000167926
0.999999940 0.000197095 0.000150509 -0.001563210 -0.000197106 1.000000000 0.000068925 0.000837251 -0.000150495 -0.000068954 1.000000000 0.001670794
1.000000000 0.000193466 -0.000003772 0.000085606 -0.000193465 0.999999940 0.000156669 -0.001168708 0.000003802 -0.000156669 1.000000000 -0.000373836
0.999999940 0.000259304 0.000136547 -0.001246664 -0.000259317 0.999999940 0.000094073 -0.000202690 -0.000136523 -0.000094108 1.000000000 0.000042273
1.000000000 0.000005329 0.000019337 -0.000694580 -0.000005330 1.000000000 0.000064173 0.000012031 -0.000019336 -0.000064173 1.000000000 -0.000724643
1.000000000 0.000074579 0.000155674 -0.002483409 -0.000074577 1.000000000 -0.000015363 0.001393275 -0.000155675 0.000015351 1.000000000 0.003848430
1.000000000 -0.000052628 0.000179980 -0.001469891 0.000052613 1.000000000 0.000081388 0.000786862 -0.000179984 -0.000081378 1.000000000 0.003142452
1.000000000 0.000018910 0.000158680 -0.001389375 -0.000018902 1.000000000 -0.000050461 0.001235726 -0.000158681 0.000050458 1.000000000 0.002346290
1.000000000 -0.000048966 0.000175237 -0.000576131 0.000048959 1.000000000 0.000038488 0.000177257 -0.000175239 -0.000038480 1.000000000 0.000739011
1.000000000 -0.000135146 0.000200095 -0.000950162 0.000135146 1.000000000 -0.000001158 0.001522130 -0.000200095 0.000001185 1.000000000 0.002608230
1.000000000 0.000005984 0.000077534 -0.000440956 -0.000005990 1.000000000 0.000074004 -0.000117485 -0.000077533 -0.000074004 1.000000000 0.000635825
1.000000000 -0.000016599 0.000159440 -0.001434544 0.000016601 1.000000000 -0.000012416 0.001758897 -0.000159440 0.000012419 1.000000000 0.004293276
0.999999940 -0.000045167 0.000263874 -0.002398351 0.000045129 1.000000000 0.000144089 0.001070074 -0.000263880 -0.000144077 0.999999940 0.003984328
1.000000000 0.000020511 0.000162918 -0.002064366 -0.000020524 1.000000000 0.000078278 0.000971605 -0.000162917 -0.000078281 1.000000000 0.003521736
1.000000000 0.000069326 0.000117214 -0.001431908 -0.000069334 1.000000000 0.000068960 0.000449182 -0.000117209 -0.000068968 1.000000000 0.001908297
1.000000000 0.000012649 0.000143591 -0.001235577 -0.000012669 1.000000000 0.000139419 -0.000794758 -0.000143589 -0.000139421 1.000000000 -0.000030850
0.999999940 0.000157563 0.000323483 -0.001803479 -0.000157610 1.000000000 0.000144818 -0.000211731 -0.000323460 -0.000144869 0.999999940 0.000901025
0.999999940 0.000190322 0.000286074 -0.003213882 -0.000190343 1.000000000 0.000072325 0.000601043 -0.000286060 -0.000072380 0.999999940 0.002740478
0.999999940 0.000174585 0.000190846 -0.002234190 -0.000174597 1.000000000 0.000062924 0.001006931 -0.000190835 -0.000062957 1.000000000 0.003751555
0.999999881 0.000385315 0.000306796 -0.003183776 -0.000385373 0.999999881 0.000188007 0.000533705 -0.000306723 -0.000188125 0.999999940 0.003628987
0.999999821 0.000483715 0.000346237 -0.003738894 -0.000483718 0.999999881 0.000010046 0.001395625 -0.000346232 -0.000010214 0.999999940 0.003685331
0.999999940 0.000121649 0.000232970 -0.002526283 -0.000121671 1.000000000 0.000095486 0.001041854 -0.000232958 -0.000095515 0.999999940 0.003091639
0.999999940 0.000081712 0.000323887 -0.001609308 -0.000081743 1.000000000 0.000092812 0.000070360 -0.000323879 -0.000092838 0.999999940 0.001646537
0.999999940 0.000078249 0.000253571 -0.001992312 -0.000078254 1.000000000 0.000018652 0.000534703 -0.000253569 -0.000018671 0.999999940 0.000211261
1.000000000 0.000030864 0.000204408 -0.000702566 -0.000030854 1.000000000 -0.000048068 0.001247328 -0.000204409 0.000048062 1.000000000 0.001632639
0.999999940 0.000112312 0.000295717 -0.002277162 -0.000112337 1.000000000 0.000085586 0.000171803 -0.000295708 -0.000085619 0.999999940 0.001358306
0.999999940 0.000068713 0.000263424 -0.001500215 -0.000068716 1.000000000 0.000013455 0.001003841 -0.000263424 -0.000013473 0.999999940 0.002206827
0.999999881 0.000285163 0.000355301 -0.003148018 -0.000285155 0.999999940 -0.000024254 0.000990249 -0.000355308 0.000024153 0.999999940 0.001308389
0.999999940 0.000139786 0.000329354 -0.003681573 -0.000139792 1.000000000 0.000017543 0.001783380 -0.000329352 -0.000017589 0.999999940 0.003661347
0.999999940 0.000182510 0.000322978 -0.002993715 -0.000182540 1.000000000 0.000092564 0.000895198 -0.000322961 -0.000092623 0.999999940 0.002970167
0.999999940 0.000119310 0.000301792 -0.002379189 -0.000119336 1.000000000 0.000086767 0.000654448 -0.000301781 -0.000086803 0.999999940 0.001602314
0.999999881 0.000272248 0.000384887 -0.003987171 -0.000272251 0.999999940 0.000007712 0.001866664 -0.000384884 -0.000007816 0.999999940 0.003797611
0.999999881 0.000233731 0.000442233 -0.003208682 -0.000233745 1.000000000 0.000032224 0.000986066 -0.000442226 -0.000032328 0.999999881 0.002401678
0.999999940 0.000172705 0.000262065 -0.000972863 -0.000172746 1.000000000 0.000155666 -0.000564653 -0.000262038 -0.000155711 0.999999940 0.000219039
0.999999940 0.000244885 0.000304140 -0.002982040 -0.000244866 0.999999940 -0.000061848 0.003415463 -0.000304156 0.000061773 0.999999940 0.006100176
0.999999940 0.000195374 0.000312066 -0.003470478 -0.000195356 1.000000000 -0.000055830 0.004377924 -0.000312077 0.000055769 0.999999940 0.007031270
0.999999940 -0.000090566 0.000260802 -0.001262160 0.000090553 1.000000000 0.000052016 0.001324713 -0.000260807 -0.000051992 0.999999940 0.002694929
0.999999940 0.000240156 0.000329939 -0.002636608 -0.000240209 0.999999940 0.000158688 0.000972666 -0.000329901 -0.000158767 0.999999940 0.003073090
0.999999940 0.000006064 0.000253308 -0.001444463 -0.000006080 1.000000000 0.000062393 0.001487122 -0.000253308 -0.000062394 0.999999940 0.002817124
0.999999881 0.000078678 0.000446947 -0.002978839 -0.000078669 1.000000000 -0.000019733 0.001656433 -0.000446948 0.000019698 0.999999881 0.004630076
0.999999940 -0.000213839 0.000242624 0.000481290 0.000214039 0.999999642 -0.000825448 0.000994886 -0.000242448 0.000825500 0.999999642 0.055317689
0.999999881 0.000248229 0.000384954 -0.002005810 -0.000247835 0.999999464 -0.001021620 -0.006960410 -0.000385207 0.001021525 0.999999404 0.131539315
0.999999940 0.000225235 0.000094730 0.002888732 -0.000225074 0.999998569 -0.001689461 -0.002998000 -0.000095111 0.001689440 0.999998569 0.255943537
0.999999940 0.000258214 0.000098312 0.004634087 -0.000258096 0.999999225 -0.001195532 -0.012262879 -0.000098621 0.001195506 0.999999285 0.386092633
1.000000000 0.000161745 0.000180321 0.008267510 -0.000161572 0.999999523 -0.000959593 -0.017336730 -0.000180477 0.000959564 0.999999523 0.524956644
0.999999940 0.000390364 0.000092662 0.012690620 -0.000390284 0.999999523 -0.000863158 -0.025393158 -0.000092999 0.000863121 0.999999642 0.667102933
0.999999881 0.000366659 0.000335746 0.015752848 -0.000366381 0.999999583 -0.000827858 -0.026461676 -0.000336049 0.000827735 0.999999583 0.837631047
0.999999940 0.000269058 0.000147232 0.017541947 -0.000268950 0.999999702 -0.000737834 -0.027866824 -0.000147431 0.000737795 0.999999702 1.015340090
1.000000000 -0.000020528 -0.000033820 0.022390671 0.000020515 0.999999940 -0.000379588 -0.033399716 0.000033828 0.000379587 0.999999940 1.192366481
0.999999821 0.000481290 0.000338147 0.018211983 -0.000481084 0.999999702 -0.000609659 -0.035831239 -0.000338440 0.000609496 0.999999762 1.369039178
1.000000000 0.000231271 0.000067553 0.035038393 -0.000231279 0.999999940 0.000116561 -0.052401710 -0.000067526 -0.000116577 1.000000000 1.568057537
0.999999702 0.000643304 0.000393656 0.036462642 -0.000643278 0.999999762 -0.000066250 -0.052265238 -0.000393698 0.000065997 0.999999940 1.760855317
0.999999940 0.000202946 -0.000147503 0.042078551 -0.000203024 0.999999821 -0.000529567 -0.053427633 0.000147395 0.000529597 0.999999821 1.955734015
0.999999642 0.000660205 0.000558802 0.039988514 -0.000660139 0.999999762 -0.000118429 -0.067050494 -0.000558880 0.000118060 0.999999821 2.155299425
0.999991000 0.003839923 -0.001813148 0.158956259 -0.003838765 0.999992430 0.000641694 -0.115280889 0.001815599 -0.000634728 0.999998152 2.357029200
0.999989867 0.003987873 -0.002101563 0.170842245 -0.003985909 0.999991655 0.000937370 -0.124796033 0.002105283 -0.000928983 0.999997377 2.570433378
0.999989450 0.004158680 -0.001918571 0.184144959 -0.004156893 0.999990940 0.000933920 -0.132981420 0.001922438 -0.000925935 0.999997735 2.795323133
0.999989808 0.003845702 -0.002351743 0.195352033 -0.003842396 0.999991715 0.001408439 -0.142485142 0.002357140 -0.001399388 0.999996245 3.030107737
0.999991119 0.003647487 -0.002144613 0.178197324 -0.003645865 0.999993086 0.000760033 -0.139154926 0.002147371 -0.000752207 0.999997377 3.280774832
0.999990344 0.003879054 -0.002089200 0.199131861 -0.003875903 0.999991477 0.001510285 -0.156705260 0.002095040 -0.001502173 0.999996603 3.512577295
0.999987423 0.003898706 -0.003128793 0.227526829 -0.003895113 0.999991775 0.001153299 -0.168765202 0.003133263 -0.001141098 0.999994457 3.773166656
0.999987543 0.003963056 -0.003027763 0.230211526 -0.003960123 0.999991655 0.000974249 -0.173816860 0.003031598 -0.000962246 0.999994934 4.037818909
0.999987721 0.004110516 -0.002760441 0.233734593 -0.004105784 0.999990106 0.001717620 -0.186488494 0.002767473 -0.001706265 0.999994695 4.286288261
0.999988616 0.003888169 -0.002765341 0.238005340 -0.003883809 0.999991238 0.001580171 -0.190290540 0.002771460 -0.001569413 0.999994934 4.537681103
0.999984562 0.004557459 -0.003174645 0.267850399 -0.004550535 0.999987185 0.002185138 -0.213405803 0.003184564 -0.002170658 0.999992490 4.817117214
0.999984741 0.004359481 -0.003370907 0.272536546 -0.004351431 0.999987662 0.002391643 -0.219528913 0.003381292 -0.002376938 0.999991417 5.079185963
0.999985516 0.004385290 -0.003123705 0.274789512 -0.004379313 0.999988556 0.001917826 -0.225047007 0.003132080 -0.001904118 0.999993265 5.337128639
0.999983370 0.004573234 -0.003513106 0.301485449 -0.004565745 0.999987245 0.002136851 -0.236295104 0.003522834 -0.002120775 0.999991536 5.601595402
0.999982655 0.004581064 -0.003701754 0.306045443 -0.004573183 0.999987245 0.002134533 -0.244675890 0.003711485 -0.002117567 0.999990880 5.867297649
0.999983788 0.004387985 -0.003617179 0.313803494 -0.004379645 0.999987721 0.002310312 -0.252921402 0.003627272 -0.002294432 0.999990821 6.147627354
0.999977708 0.004777342 -0.004658957 0.345744073 -0.004767396 0.999986291 0.002143522 -0.257979751 0.004669134 -0.002121264 0.999986768 6.436294556
0.999977469 0.004938043 -0.004537031 0.346507519 -0.004929808 0.999986112 0.001824514 -0.262751549 0.004545977 -0.001802107 0.999988019 6.733088493
0.999977052 0.005225292 -0.004304878 0.345957607 -0.005218472 0.999985158 0.001593980 -0.267077506 0.004313143 -0.001571479 0.999989450 7.031912804
0.999978781 0.004671270 -0.004539136 0.361442685 -0.004661275 0.999986768 0.002210103 -0.285878330 0.004549399 -0.002188898 0.999987185 7.321185589
0.999962509 0.004773481 -0.007222349 0.465260535 -0.004754134 0.999985099 0.002693645 -0.323113799 0.007235100 -0.002659208 0.999970257 7.658428669
0.999960482 0.005091596 -0.007285112 0.471951663 -0.005067848 0.999981821 0.003274569 -0.338589579 0.007301652 -0.003237520 0.999968112 7.966853619
0.999960899 0.005185541 -0.007156420 0.473403156 -0.005165693 0.999982774 0.002789122 -0.338254362 0.007170759 -0.002752045 0.999970555 8.295306206
0.999964356 0.005058330 -0.006759381 0.472554445 -0.005038216 0.999982893 0.002989486 -0.352248728 0.006774386 -0.002955324 0.999972761 8.618480682
0.999962151 0.004541424 -0.007416288 0.501374662 -0.004527952 0.999988079 0.001832245 -0.344255120 0.007424521 -0.001798596 0.999970794 8.961285591
0.999962568 0.004239673 -0.007534974 0.510397255 -0.004226476 0.999989510 0.001766432 -0.356091231 0.007542383 -0.001734520 0.999970019 9.296927452
0.999962807 0.004647811 -0.007273085 0.506502628 -0.004632803 0.999987125 0.002079128 -0.366390944 0.007282656 -0.002045356 0.999971330 9.645836830
0.999963403 0.004742311 -0.007135227 0.513174772 -0.004728574 0.999987006 0.001941061 -0.373041213 0.007144339 -0.001907250 0.999972701 9.989108086
0.999959588 0.003750153 -0.008174071 0.530859292 -0.003729199 0.999989688 0.002577181 -0.391316295 0.008183652 -0.002546594 0.999963284 10.352933884
0.999961257 0.003627642 -0.008019717 0.535964727 -0.003606497 0.999989986 0.002649503 -0.401130706 0.008029247 -0.002620477 0.999964356 10.710388184
0.999962509 0.004352144 -0.007484863 0.530516446 -0.004333908 0.999987602 0.002451045 -0.405152023 0.007495438 -0.002418515 0.999969006 11.082511902
0.999971688 0.003819865 -0.006500082 0.477156043 -0.003801388 0.999988675 0.002852671 -0.407082558 0.006510906 -0.002827880 0.999974787 11.442906380
0.999973416 0.003566319 -0.006363509 0.484588385 -0.003548923 0.999989927 0.002742858 -0.413074374 0.006373227 -0.002720201 0.999975979 11.822068214
0.999974191 0.003405451 -0.006322452 0.476345360 -0.003387827 0.999990344 0.002796133 -0.424066067 0.006331914 -0.002774642 0.999976099 12.189503670
0.999974489 0.003587979 -0.006172079 0.483560264 -0.003572108 0.999990344 0.002580645 -0.433651865 0.006181279 -0.002558532 0.999977589 12.585093498
0.999976933 0.003137403 -0.006014343 0.494362503 -0.003117908 0.999989808 0.003247936 -0.453924596 0.006024472 -0.003229108 0.999976635 12.961426735
0.999975264 0.003329333 -0.006195582 0.487981379 -0.003308232 0.999988675 0.003412909 -0.461870164 0.006206875 -0.003392328 0.999974966 13.366588593
0.999978065 0.003086780 -0.005863563 0.491648942 -0.003065274 0.999988556 0.003673302 -0.471053809 0.005874835 -0.003655248 0.999976039 13.779760361
0.999984324 0.003099526 -0.004664355 0.463445663 -0.003086730 0.999991477 0.002747897 -0.459824175 0.004672833 -0.002733457 0.999985337 14.177250862
0.999985576 0.002865333 -0.004546404 0.475488842 -0.002851332 0.999991238 0.003082874 -0.475306779 0.004555198 -0.003069867 0.999984920 14.591157913
0.999986351 0.003399748 -0.003949708 0.429264814 -0.003388711 0.999990344 0.002797501 -0.469005823 0.003959179 -0.002784079 0.999988258 14.992763519
0.999990344 0.003084353 -0.003136209 0.415289164 -0.003077516 0.999992847 0.002182741 -0.470946491 0.003142919 -0.002173068 0.999992728 15.413701057
0.999990106 0.003452556 -0.002794849 0.414752692 -0.003445655 0.999991000 0.002470180 -0.485945582 0.002803353 -0.002460525 0.999993026 15.833470345
0.999992073 0.003551809 -0.001793675 0.400531471 -0.003547226 0.999990463 0.002551975 -0.494018167 0.001802723 -0.002545592 0.999995112 16.270441055
0.999990463 0.004281458 -0.000801061 0.392111689 -0.004279443 0.999987721 0.002500496 -0.507294953 0.000811757 -0.002497044 0.999996483 16.719121933
0.999991775 0.003981908 -0.000777514 0.393401533 -0.003979764 0.999988317 0.002740268 -0.521356285 0.000788416 -0.002737152 0.999995947 17.162393570
0.999992907 0.003748121 -0.000228130 0.387177020 -0.003747386 0.999988079 0.003138850 -0.531536698 0.000239891 -0.003137974 0.999994993 17.614301682
0.999991536 0.004103200 0.000316613 0.380993545 -0.004104054 0.999987721 0.002748927 -0.537382066 -0.000305329 -0.002750203 0.999996185 18.070875168
0.999991238 0.004189537 0.000183499 0.392648160 -0.004190070 0.999986649 0.003005178 -0.548727930 -0.000170906 -0.003005920 0.999995470 18.548383713
0.999986887 0.004611461 0.002286638 0.346792936 -0.004615101 0.999988079 0.001588589 -0.531758666 -0.002279285 -0.001599121 0.999996126 19.006818771
0.999990284 0.003798909 0.002248793 0.363281697 -0.003802995 0.999991179 0.001815770 -0.545961082 -0.002241875 -0.001824304 0.999995828 19.485940933
0.999982774 0.004276799 0.004011337 0.294013202 -0.004280424 0.999990463 0.000895598 -0.527849555 -0.004007468 -0.000912753 0.999991536 19.941484451
0.999984682 0.004171104 0.003643521 0.310559064 -0.004174948 0.999990821 0.001047925 -0.543781877 -0.003639116 -0.001063120 0.999992788 20.430561066
0.999969780 0.004325873 0.006473467 0.233633801 -0.004329514 0.999990463 0.000548452 -0.540703177 -0.006471034 -0.000576462 0.999978900 20.912504196
0.999975801 0.003996171 0.005691448 0.244527102 -0.003996973 0.999992013 0.000129626 -0.548511982 -0.005690885 -0.000152372 0.999983847 21.423984528
0.999823987 0.006297030 0.017670179 -0.063260555 -0.006260124 0.999978125 -0.002143083 -0.499380231 -0.017683286 0.002032088 0.999841571 21.835266113
0.999826789 0.006181500 0.017552594 -0.044087112 -0.006143994 0.999978721 -0.002189884 -0.507926643 -0.017565755 0.002081661 0.999843538 22.343481064
0.999825776 0.007460797 0.017108124 -0.028318018 -0.007421152 0.999969602 -0.002379650 -0.530903339 -0.017125359 0.002252273 0.999850810 22.860855103
0.999934137 0.003875475 0.010801727 0.054643512 -0.003888785 0.999991715 0.001211459 -0.624427497 -0.010796943 -0.001253385 0.999940932 23.500331879
0.999946892 0.003012274 0.009851893 0.070626751 -0.003021088 0.999995053 0.000879893 -0.635688245 -0.009849195 -0.000909609 0.999951124 24.029420853
0.999944687 0.004019174 0.009716295 0.078681648 -0.004034589 0.999990582 0.001567437 -0.652858317 -0.009709903 -0.001606552 0.999951601 24.553903580
0.999933302 0.004195479 0.010759937 0.008797646 -0.004207675 0.999990523 0.001111109 -0.677466512 -0.010755174 -0.001156309 0.999941409 25.151628494
0.999936759 0.004170976 0.010449038 0.023447916 -0.004185398 0.999990344 0.001358765 -0.691821754 -0.010443269 -0.001402412 0.999944448 25.692832947
0.999939203 0.004152191 0.010215587 0.039465562 -0.004168753 0.999990106 0.001600478 -0.710829854 -0.010208840 -0.001642967 0.999946535 26.252458572
0.999913633 0.004640216 0.012289333 -0.043623686 -0.004642324 0.999989212 0.000143066 -0.689496279 -0.012288536 -0.000200104 0.999924481 26.858476639
0.999916255 0.004524580 0.012124478 -0.023558259 -0.004524924 0.999989748 0.000000982 -0.713345945 -0.012124348 -0.000055844 0.999926507 27.390321732
0.999907136 0.005746594 0.012357729 -0.010089636 -0.005750902 0.999983490 0.000313169 -0.730768919 -0.012355723 -0.000384208 0.999923587 27.952957153
0.999877334 0.004882257 0.014879355 -0.154938221 -0.004842519 0.999984622 -0.002705442 -0.661648870 -0.014892334 0.002633057 0.999885619 28.615186691
0.999884546 0.004567851 0.014488181 -0.133419961 -0.004532333 0.999986649 -0.002483480 -0.681951284 -0.014499331 0.002417529 0.999891937 29.149620056
0.999839842 0.005147628 0.017139655 -0.199569106 -0.005111496 0.999984622 -0.002151224 -0.703158379 -0.017150465 0.002063270 0.999850810 29.699028015
0.999838769 0.005411163 0.017118828 -0.199900687 -0.005367244 0.999982297 -0.002610381 -0.709584415 -0.017132647 0.002518079 0.999850035 30.240333557
0.999833226 0.005821932 0.017308846 -0.198842287 -0.005771704 0.999979019 -0.002950358 -0.720041931 -0.017325660 0.002849964 0.999845803 30.790323257
0.999719977 0.009661643 0.021602200 -0.252214849 -0.009527511 0.999934733 -0.006303481 -0.697054446 -0.021661693 0.006095901 0.999746799 31.372127533
0.999824584 0.006778817 0.017455418 -0.183332741 -0.006718377 0.999971211 -0.003518817 -0.744680464 -0.017478770 0.003400929 0.999841392 31.887170792
0.999834955 0.006493446 0.016963717 -0.157851100 -0.006441125 0.999974310 -0.003137122 -0.767813623 -0.016983652 0.003027340 0.999851167 32.424884796
0.999879599 0.006248328 0.014199260 -0.075448692 -0.006223776 0.999979079 -0.001772696 -0.808652818 -0.014210037 0.001684110 0.999897599 32.944679260
0.999887109 0.006498304 0.013542419 -0.055649966 -0.006474830 0.999977529 -0.001776494 -0.830223143 -0.013553657 0.001688609 0.999906719 33.481803894
0.999894083 0.006277024 0.013130299 -0.020802855 -0.006257734 0.999979198 -0.001509700 -0.846900225 -0.013139503 0.001427374 0.999912679 34.032112122
0.999900877 0.005680946 0.012885666 -0.005397946 -0.005658475 0.999982357 -0.001779678 -0.863805532 -0.012895550 0.001706588 0.999915421 34.573940277
0.999904871 0.005896053 0.012480233 0.023322940 -0.005877119 0.999981463 -0.001553380 -0.879306972 -0.012489163 0.001479884 0.999920845 35.111930847
0.999899924 0.005501329 0.013039216 0.035620779 -0.005481988 0.999983788 -0.001518595 -0.895233095 -0.013047361 0.001446962 0.999913812 35.658962250
0.999902844 0.005627299 0.012759442 0.054534018 -0.005617862 0.999983966 -0.000775372 -0.923491001 -0.012763601 0.000703615 0.999918282 36.194671631
0.999919415 0.006229285 0.011062358 0.109405041 -0.006211757 0.999979317 -0.001618173 -0.926360786 -0.011072210 0.001549325 0.999937475 36.740066528
0.999918878 0.006348112 0.011041043 0.126263201 -0.006329602 0.999978423 -0.001710585 -0.940062940 -0.011051665 0.001640560 0.999937534 37.290073395
0.999939024 0.005749743 0.009423225 0.173233479 -0.005739070 0.999982834 -0.001159266 -0.974933207 -0.009429730 0.001105114 0.999954879 37.824825287
0.999939442 0.005304182 0.009645843 0.187176943 -0.005293082 0.999985278 -0.001175962 -0.989920855 -0.009651940 0.001124835 0.999952734 38.376655579
0.999934316 0.006086052 0.009711853 0.202203155 -0.006070999 0.999980271 -0.001578610 -1.000924706 -0.009721269 0.001519545 0.999951601 38.932708740
0.999953032 0.005975044 0.007630045 0.259898335 -0.005963462 0.999981046 -0.001539975 -1.009284496 -0.007639102 0.001494401 0.999969721 39.474311829
0.999952495 0.006131897 0.007578348 0.278931320 -0.006120503 0.999980092 -0.001525548 -1.024930239 -0.007587552 0.001479093 0.999970138 40.023349762
0.999955118 0.006128874 0.007223725 0.302605242 -0.006119651 0.999980390 -0.001298197 -1.046771288 -0.007231541 0.001253933 0.999972999 40.562473297
0.999973357 0.005402357 0.004896618 0.371449471 -0.005401365 0.999985516 -0.000215773 -1.093226910 -0.004897712 0.000189319 0.999987900 41.127616882
0.999970555 0.005966567 0.004811166 0.389988273 -0.005967336 0.999982238 0.000145594 -1.108759761 -0.004810211 -0.000174299 0.999988377 41.675395966
0.999972165 0.005976898 0.004464876 0.412160367 -0.005976926 0.999982238 -0.000007456 -1.128343225 -0.004464841 -0.000019231 0.999989927 42.213939667
0.999975860 0.006129640 0.003270354 0.446172178 -0.006129109 0.999981225 -0.000172611 -1.137271881 -0.003271351 0.000152562 0.999994636 42.775459290
0.999975920 0.006100140 0.003300543 0.458627164 -0.006100467 0.999981463 0.000088859 -1.154093742 -0.003299940 -0.000108992 0.999994576 43.317481995
0.999973714 0.006488113 0.003232522 0.475976646 -0.006486139 0.999978781 -0.000620717 -1.166777134 -0.003236481 0.000599734 0.999994636 43.867492676
0.999980450 0.005466539 0.003043192 0.488846898 -0.005467739 0.999984980 0.000385888 -1.191709638 -0.003041037 -0.000402520 0.999995232 44.395545959
0.999977946 0.005845106 0.003142758 0.501192629 -0.005844623 0.999982893 -0.000162802 -1.200311661 -0.003143655 0.000144430 0.999994993 44.947494507
0.999974966 0.006091655 0.003607665 0.516144514 -0.006091608 0.999981463 -0.000024197 -1.213284612 -0.003607746 0.000002220 0.999993503 45.479370117
0.999980807 0.005594406 0.002653165 0.542383373 -0.005596194 0.999984086 0.000667190 -1.240846515 -0.002649391 -0.000682025 0.999996245 46.022518158
0.999981999 0.005496359 0.002378289 0.558008313 -0.005497356 0.999984741 0.000412897 -1.258133888 -0.002375983 -0.000425964 0.999997139 46.563652039
0.999977052 0.006128553 0.002858544 0.563719511 -0.006129725 0.999981105 0.000401559 -1.266054153 -0.002856028 -0.000419071 0.999995887 47.093280792
0.999988794 0.004587875 0.001108258 0.606988072 -0.004588380 0.999989510 0.000454057 -1.285628915 -0.001106163 -0.000459138 0.999999285 47.639034271
0.999984920 0.005375510 0.001036172 0.615540087 -0.005376077 0.999985397 0.000546277 -1.301337004 -0.001033220 -0.000551839 0.999999344 48.189182281
0.999988973 0.004586724 0.001002135 0.635964572 -0.004586987 0.999989450 0.000261001 -1.310719848 -0.001000927 -0.000265595 0.999999464 48.730823517
0.999987245 0.005010754 0.000824452 0.646925628 -0.005011382 0.999987066 0.000760607 -1.331980109 -0.000820631 -0.000764728 0.999999285 49.274269104
0.999985218 0.005391804 0.000826775 0.662123144 -0.005392188 0.999985337 0.000463694 -1.344869971 -0.000824263 -0.000468146 0.999999523 49.823184967
0.999987364 0.005022770 0.000379464 0.679698348 -0.005023143 0.999986827 0.000988193 -1.367059827 -0.000374497 -0.000990086 0.999999404 50.361206055
0.999987423 0.005001263 0.000266708 0.693309844 -0.005001485 0.999987066 0.000837897 -1.384547949 -0.000262514 -0.000839220 0.999999642 50.902290344
0.999986172 0.005224229 0.000482004 0.704016984 -0.005225024 0.999984860 0.001663884 -1.406256914 -0.000473304 -0.001666379 0.999998510 51.455081940
0.999988437 0.004800441 -0.000450937 0.733029127 -0.004799908 0.999987781 0.001175599 -1.414468527 0.000456575 -0.001173421 0.999999166 51.987827301
0.999989867 0.004422321 -0.000783846 0.752546370 -0.004421741 0.999989927 0.000739807 -1.429864407 0.000787110 -0.000736333 0.999999404 52.541122437
0.999990106 0.004437770 -0.000352065 0.758088648 -0.004437566 0.999989986 0.000579179 -1.443133712 0.000354632 -0.000577611 0.999999762 53.077606201
0.999990761 0.004171140 -0.001028344 0.779113352 -0.004170573 0.999991179 0.000553411 -1.453020811 0.001030643 -0.000549117 0.999999344 53.633281708
0.999990284 0.004362130 -0.000762639 0.791608334 -0.004361834 0.999990463 0.000387557 -1.467494488 0.000764322 -0.000384227 0.999999642 54.180789948
0.999990523 0.004166376 -0.001214672 0.809506416 -0.004165573 0.999991059 0.000663473 -1.485842228 0.001217425 -0.000658407 0.999999046 54.706279755
0.999991417 0.004060187 -0.000793816 0.811596751 -0.004060050 0.999991715 0.000173408 -1.498796701 0.000794514 -0.000170184 0.999999702 55.258083344
0.999989867 0.004316555 -0.001299040 0.833167255 -0.004315680 0.999990463 0.000675374 -1.515702963 0.001301943 -0.000669761 0.999998868 55.798034668
0.999990821 0.004002095 -0.001535023 0.841046035 -0.004001423 0.999991894 0.000439827 -1.528180838 0.001536770 -0.000433680 0.999998748 56.344966888
0.999991298 0.003921559 -0.001411379 0.861504197 -0.003920937 0.999992192 0.000442914 -1.545565009 0.001413104 -0.000437376 0.999998927 56.884975433
0.999988973 0.004296044 -0.001884559 0.876966476 -0.004294997 0.999990582 0.000559568 -1.560989976 0.001886945 -0.000551468 0.999998033 57.434062958
0.999989510 0.004071179 -0.002110517 0.885898054 -0.004070164 0.999991655 0.000484949 -1.578812361 0.002112474 -0.000476354 0.999997675 57.980537415
0.999988258 0.004422318 -0.001961536 0.899815559 -0.004421526 0.999990106 0.000408181 -1.589534163 0.001963321 -0.000399503 0.999997914 58.510997772
0.999987364 0.004717523 -0.001749239 0.904354215 -0.004716856 0.999988794 0.000384768 -1.601439595 0.001751035 -0.000376512 0.999998331 59.056041718
0.999987721 0.004698354 -0.001585069 0.906194389 -0.004698322 0.999988914 0.000023593 -1.612424493 0.001585161 -0.000016145 0.999998748 59.586494446
0.999987602 0.004756826 -0.001540925 0.917442918 -0.004757458 0.999988496 -0.000406514 -1.622472286 0.001538974 0.000413840 0.999998689 60.129333496
0.999983191 0.005534327 -0.001720988 0.933453262 -0.005533987 0.999984682 0.000202518 -1.638702035 0.001722082 -0.000192991 0.999998450 60.693119049
0.999984145 0.005239574 -0.002069136 0.946547151 -0.005239384 0.999986231 0.000097368 -1.656839132 0.002069617 -0.000086525 0.999997854 61.199806213
0.999984503 0.005124012 -0.002176850 0.962781489 -0.005122736 0.999986708 0.000591038 -1.678771615 0.002179849 -0.000579878 0.999997437 61.739547729
0.999985337 0.004979166 -0.002156365 0.974261999 -0.004979040 0.999987662 0.000063835 -1.688982725 0.002156656 -0.000053097 0.999997675 62.287940979
0.999981940 0.005348551 -0.002731306 0.994281411 -0.005347433 0.999985576 0.000416670 -1.708373427 0.002733495 -0.000402057 0.999996185 62.835632324
0.999980986 0.005691360 -0.002364645 0.995334744 -0.005690826 0.999983728 0.000232467 -1.715616703 0.002365930 -0.000219006 0.999997199 63.385044098
0.999979258 0.005873209 -0.002640905 1.005098820 -0.005872279 0.999982655 0.000359680 -1.741948128 0.002642972 -0.000344165 0.999996483 63.931415558
0.999981523 0.005213944 -0.003123043 1.023661613 -0.005213841 0.999986410 0.000041238 -1.752187014 0.003123215 -0.000024954 0.999995112 64.457992554
0.999979675 0.005588896 -0.003057795 1.036474943 -0.005586947 0.999984205 0.000645719 -1.769516468 0.003061355 -0.000628622 0.999995112 64.999374390
0.999981403 0.005279205 -0.003021984 1.049085140 -0.005279914 0.999985993 -0.000226680 -1.777747989 0.003020745 0.000242632 0.999995410 65.554779053
0.999981463 0.005647172 -0.002261183 1.045897245 -0.005647445 0.999984026 -0.000114497 -1.791585684 0.002260501 0.000127265 0.999997377 66.108291626
0.999976635 0.005443446 -0.004166295 1.083070397 -0.005443499 0.999985158 -0.000001409 -1.809944749 0.004166226 0.000024088 0.999991298 66.604125977
0.999974191 0.005862359 -0.004163849 1.094905972 -0.005862819 0.999982774 -0.000098480 -1.826515675 0.004163199 0.000122889 0.999991298 67.155532837
0.999974251 0.005999678 -0.003939680 1.100142479 -0.005997753 0.999981821 0.000500224 -1.841976166 0.003942609 -0.000476582 0.999992132 67.697937012
0.999971688 0.006368321 -0.003988555 1.118682742 -0.006365598 0.999979496 0.000695295 -1.868395686 0.003992901 -0.000669886 0.999991775 68.230766296
0.999971509 0.006482072 -0.003866381 1.121236444 -0.006480259 0.999978900 0.000481404 -1.885392427 0.003869419 -0.000456335 0.999992371 68.776298523
0.999969661 0.006653460 -0.004052798 1.141846538 -0.006651116 0.999977767 0.000591629 -1.901001573 0.004056644 -0.000564655 0.999991536 69.316001892
0.999969542 0.006501776 -0.004318956 1.150174499 -0.006500348 0.999978781 0.000345099 -1.907325387 0.004321109 -0.000317014 0.999990582 69.839294434
0.999973297 0.006028557 -0.004121921 1.155450106 -0.006028474 0.999981880 0.000032832 -1.917024016 0.004122044 -0.000007982 0.999991477 70.396911621
0.999971390 0.006225147 -0.004298574 1.164376020 -0.006224898 0.999980628 0.000071565 -1.931724906 0.004298936 -0.000044805 0.999990761 70.932144165
0.999968588 0.006436703 -0.004635393 1.182106614 -0.006437065 0.999979317 -0.000062869 -1.945430756 0.004634892 0.000092706 0.999989271 71.479743958
0.999968946 0.006275142 -0.004755460 1.187693715 -0.006274098 0.999980390 0.000234854 -1.964402914 0.004756839 -0.000205011 0.999988675 72.020248413
0.999965608 0.006435076 -0.005240414 1.199458718 -0.006436199 0.999979317 -0.000197406 -1.980387807 0.005239035 0.000231127 0.999986231 72.564994812
0.999969125 0.006271385 -0.004735010 1.202707767 -0.006270713 0.999980330 0.000156540 -1.999259710 0.004735899 -0.000126844 0.999988735 73.110290527
0.999968886 0.006273123 -0.004778003 1.207093716 -0.006270980 0.999980211 0.000463445 -2.014881849 0.004780816 -0.000433467 0.999988496 73.654312134
0.999967277 0.006249464 -0.005138413 1.220315337 -0.006247557 0.999980390 0.000386970 -2.031637430 0.005140731 -0.000354855 0.999986708 74.185501099
0.999969244 0.005979398 -0.005069780 1.231603503 -0.005976804 0.999981999 0.000526487 -2.046333790 0.005072836 -0.000496170 0.999987006 74.717735291
0.999972105 0.005716160 -0.004812441 1.238136530 -0.005712623 0.999983430 0.000748521 -2.061639786 0.004816640 -0.000721008 0.999988079 75.263656616
0.999970496 0.005889498 -0.004952834 1.247411013 -0.005887110 0.999982476 0.000496753 -2.078496218 0.004955674 -0.000467580 0.999987602 75.810577393
0.999964952 0.006042858 -0.005790457 1.258562207 -0.006039660 0.999981523 0.000569520 -2.094448805 0.005793793 -0.000534528 0.999983132 76.350212097
0.999968529 0.006167157 -0.004986731 1.262143373 -0.006163599 0.999980748 0.000728287 -2.113111973 0.004991126 -0.000697528 0.999987304 76.892066956
0.999969363 0.005961199 -0.005060503 1.270379305 -0.005958108 0.999982059 0.000625540 -2.124064445 0.005064141 -0.000595369 0.999987006 77.442901611
0.999971867 0.005838974 -0.004704865 1.280983686 -0.005833015 0.999982119 0.001279308 -2.147823811 0.004712251 -0.001251829 0.999988139 77.979354858
0.999967873 0.006021712 -0.005295791 1.292812705 -0.006018142 0.999981582 0.000689666 -2.161143780 0.005299848 -0.000657773 0.999985754 78.528472900
0.999969125 0.006097430 -0.004975969 1.304898262 -0.006092283 0.999980927 0.001049056 -2.178604364 0.004982270 -0.001018709 0.999987066 79.074577332
0.999969006 0.006101715 -0.004970634 1.305562854 -0.006100606 0.999981344 0.000238099 -2.186542511 0.004971994 -0.000207768 0.999987602 79.625038147
0.999967635 0.006147276 -0.005194339 1.315816641 -0.006144799 0.999980986 0.000492964 -2.202225447 0.005197271 -0.000461030 0.999986410 80.165756226
0.999971867 0.006468953 -0.003798360 1.320412159 -0.006466019 0.999978721 0.000784329 -2.216604710 0.003803354 -0.000759746 0.999992430 80.712112427
0.999975681 0.006441392 -0.002674741 1.331204772 -0.006439973 0.999979138 0.000539279 -2.231377602 0.002678159 -0.000522041 0.999996245 81.241752625
0.999975920 0.006805878 -0.001367359 1.340915084 -0.006804628 0.999976456 0.000918092 -2.251322746 0.001373576 -0.000908765 0.999998629 81.774673462
0.999979734 0.006349774 -0.000479576 1.359392643 -0.006349476 0.999979794 0.000619616 -2.261348724 0.000483501 -0.000616558 0.999999702 82.325004578
0.999975204 0.006509393 0.002687360 1.375501990 -0.006510583 0.999978721 0.000434027 -2.275212526 -0.002684478 -0.000451512 0.999996245 82.875625610
0.999956965 0.006294171 0.006820367 1.392122507 -0.006300529 0.999979734 0.000910769 -2.296677828 -0.006814498 -0.000953702 0.999976337 83.419235229
0.999934018 0.006648601 0.009367949 1.427488923 -0.006654712 0.999977648 0.000621190 -2.311078787 -0.009363608 -0.000683490 0.999955952 83.971275330
0.999877393 0.006747617 0.014131056 1.454889774 -0.006765160 0.999976397 0.001194002 -2.333407640 -0.014122666 -0.001289454 0.999899447 84.516174316
0.999781370 0.006318291 0.019932413 1.485402107 -0.006331751 0.999979794 0.000612284 -2.345799685 -0.019928141 -0.000738357 0.999801159 85.067352295
0.999650776 0.006802373 0.025536515 1.515399933 -0.006843896 0.999975443 0.001538963 -2.368976593 -0.025525421 -0.001713195 0.999672711 85.616210938
0.999483585 0.005611998 0.031638827 1.547016859 -0.005656596 0.999983132 0.001320215 -2.382263660 -0.031630881 -0.001498502 0.999498487 86.138679504
0.999203801 0.005962180 0.039448664 1.582317591 -0.005989831 0.999981880 0.000582722 -2.388704300 -0.039444476 -0.000818548 0.999221444 86.704177856
0.998842120 0.006392048 0.047681142 1.631132841 -0.006429788 0.999979138 0.000638150 -2.407621145 -0.047676075 -0.000943991 0.998862445 87.247657776
0.998473048 0.006185427 0.054893874 1.665202618 -0.006222622 0.999980628 0.000506719 -2.417005777 -0.054889675 -0.000847529 0.998492002 87.805557251
0.998001635 0.006158400 0.062887788 1.718356609 -0.006188688 0.999980807 0.000286817 -2.426652908 -0.062884808 -0.000675436 0.998020530 88.364219666
0.997205794 0.006112631 0.074453324 1.780429363 -0.006164950 0.999980867 0.000472907 -2.449998379 -0.074449010 -0.000930586 0.997224450 88.881874084
0.996580243 0.006013498 0.082410529 1.844466686 -0.006067025 0.999981523 0.000399121 -2.467435598 -0.082406595 -0.000897743 0.996598482 89.445167542
0.995893240 0.005429095 0.090371385 1.913675308 -0.005454716 0.999985099 0.000036528 -2.480075836 -0.090369843 -0.000529328 0.995908141 89.991905212
0.994819582 0.005839547 0.101488516 1.985910892 -0.005932609 0.999982238 0.000615154 -2.503045797 -0.101483129 -0.001214058 0.994836450 90.522094727
0.993672013 0.005927338 0.112164170 2.058058739 -0.006045414 0.999981463 0.000712602 -2.523769379 -0.112157874 -0.001386171 0.993689358 91.087776184
0.992610514 0.004982982 0.121241480 2.145447731 -0.005057067 0.999987185 0.000303347 -2.532483816 -0.121238410 -0.000914231 0.992622972 91.641670227
0.991088867 0.005976338 0.133068442 2.229304314 -0.006178020 0.999980330 0.001102791 -2.550789356 -0.133059233 -0.001915063 0.991106212 92.171981812
0.989541054 0.004377536 0.144185245 2.340876579 -0.004492124 0.999989808 0.000469181 -2.568292141 -0.144181728 -0.001111972 0.989550531 92.730590820
0.987746835 0.005015548 0.155984297 2.436854362 -0.005249077 0.999985635 0.001085250 -2.588396788 -0.155976668 -0.001890726 0.987758875 93.279251099
0.986191690 0.004254448 0.165553123 2.550458908 -0.004476514 0.999989629 0.000968256 -2.601231813 -0.165547267 -0.001695987 0.986200392 93.820709229
0.983893335 0.004345779 0.178704351 2.669553757 -0.004606265 0.999988854 0.001042738 -2.619610786 -0.178697839 -0.001849103 0.983902276 94.348152161
0.981529593 0.003846682 0.191272050 2.794001579 -0.004072955 0.999991417 0.000789847 -2.631590843 -0.191267401 -0.001554301 0.981536686 94.895095825
0.979469836 0.003938933 0.201552287 2.913112640 -0.004136499 0.999991298 0.000559044 -2.638925552 -0.201548308 -0.001381287 0.979477584 95.422309875
0.976629376 0.004526324 0.214882657 3.051548004 -0.004802806 0.999988258 0.000764558 -2.656951904 -0.214876652 -0.001778730 0.976639509 95.957801819
0.973546028 0.003413367 0.228465468 3.201189041 -0.003734262 0.999992549 0.000972289 -2.665915728 -0.228460446 -0.001799718 0.973551452 96.479461670
0.971092641 0.003577145 0.238676056 3.361274719 -0.003980972 0.999991357 0.001209917 -2.693203449 -0.238669634 -0.002125105 0.971098483 97.007591248
0.968166173 0.002957602 0.250290841 3.526601791 -0.003381069 0.999993443 0.001261949 -2.714364290 -0.250285506 -0.002068027 0.968169868 97.529342651
0.964443982 0.003367561 0.264266074 3.697080612 -0.003801354 0.999992132 0.001130142 -2.726490736 -0.264260232 -0.002094527 0.964449167 98.059516907
0.960859537 0.003261050 0.277017176 3.860803604 -0.003837888 0.999991477 0.001540152 -2.746262312 -0.277009904 -0.002543031 0.960863650 98.579254150
0.957649171 0.002595833 0.287926108 4.037897110 -0.003171849 0.999993801 0.001534080 -2.757898808 -0.287920356 -0.002382369 0.957651377 99.099456787
0.953387558 0.002278167 0.301739991 4.230043411 -0.002878333 0.999994636 0.001544415 -2.770215034 -0.301734865 -0.002340934 0.953389049 99.603004456
0.949034512 0.002128341 0.315164983 4.424705505 -0.002617561 0.999995887 0.001129007 -2.786034107 -0.315161318 -0.001896431 0.949036181 100.152519226
0.945151627 0.001561897 0.326628238 4.624511719 -0.001917703 0.999997795 0.000767314 -2.792932749 -0.326626331 -0.001351604 0.945152640 100.669715881
0.940451443 0.001275680 0.339925647 4.826116562 -0.001653973 0.999998212 0.000823133 -2.813938856 -0.339924008 -0.001336345 0.940451980 101.187797546
0.935261011 0.001029604 0.353957355 5.045173645 -0.001626284 0.999997675 0.001388298 -2.837320566 -0.353955090 -0.001874056 0.935260534 101.685440063
0.930601478 0.000854951 0.366033167 5.270071030 -0.001482655 0.999997854 0.001433783 -2.851308823 -0.366031140 -0.001876981 0.930600762 102.190483093
0.925961554 0.000033247 0.377617925 5.493377686 -0.000360953 0.999999583 0.000797054 -2.856832743 -0.377617806 -0.000874344 0.925961196 102.699485779
0.919883311 -0.000066123 0.392192125 5.722423553 -0.000496536 0.999998987 0.001333221 -2.876066208 -0.392191827 -0.001421145 0.919882357 103.199417114
0.913987339 -0.000628987 0.405742168 5.962207794 0.000012480 0.999998808 0.001522099 -2.888121843 -0.405742615 -0.001386116 0.913986325 103.691497803
0.909254849 -0.001270763 0.416237950 6.213455200 0.000811140 0.999998808 0.001281067 -2.904443979 -0.416239083 -0.000827189 0.909254849 104.159187317
0.902910948 -0.001004849 0.429826409 6.471088409 0.000353673 0.999998689 0.001594859 -2.918102503 -0.429827392 -0.001287998 0.902910113 104.678497314
0.896364033 -0.001135672 0.443317294 6.736270905 0.000406414 0.999998450 0.001740005 -2.939314842 -0.443318546 -0.001379508 0.896363020 105.146957397
0.890568674 -0.002086412 0.454843968 7.014450073 0.001546888 0.999997616 0.001558330 -2.955441952 -0.454846144 -0.000684207 0.890569687 105.627716064
0.884678602 -0.002073283 0.466196775 7.266384125 0.001763685 0.999997854 0.001100360 -2.954356670 -0.466198057 -0.000151241 0.884680390 106.118652344
0.877382755 -0.001717175 0.479788035 7.553245544 0.001615176 0.999998450 0.000625369 -2.965223312 -0.479788393 0.000226254 0.877384186 106.601333618
