1.000000000 0.000000000 0.000000000 0.000000000 0.000000000 1.000000000 0.000000000 0.000000000 0.000000000 0.000000000 1.000000000 0.000000000
1.000000000 0.000043228 -0.000020577 0.000433597 -0.000043228 1.000000000 0.000013976 -0.000359011 0.000020577 -0.000013975 1.000000000 0.001366299
1.000000000 0.000043563 0.000010195 0.000790164 -0.000043563 1.000000000 0.000036962 -0.000537686 -0.000010193 -0.000036962 1.000000000 0.001291511
1.000000000 -0.000024421 -0.000054786 0.001658799 0.000024419 1.000000000 -0.000040802 -0.000811811 0.000054787 0.000040801 1.000000000 -0.001106662
1.000000000 -0.000049042 -0.000084650 0.001254987 0.000049049 1.000000000 0.000082360 -0.000855932 0.000084646 -0.000082364 1.000000000 -0.000047712
1.000000000 0.000004036 -0.000056258 -0.000854374 -0.000004038 1.000000000 -0.000048557 0.001396465 0.000056258 0.000048557 1.000000000 0.002062433
1.000000000 -0.000089098 -0.000070819 0.000744344 0.000089105 1.000000000 0.000098615 -0.000380024 0.000070810 -0.000098621 1.000000000 0.000872637
1.000000000 -0.000044996 -0.000009919 -0.000354444 0.000044996 1.000000000 0.000076343 -0.001044644 0.000009916 -0.000076344 1.000000000 -0.000801733
1.000000000 0.000052631 -0.000046570 0.001105907 -0.000052627 1.000000000 0.000075306 -0.000716012 0.000046574 -0.000075303 1.000000000 -0.001784767
1.000000000 0.000062595 0.000010341 -0.000233586 -0.000062596 1.000000000 0.000064639 0.000087877 -0.000010337 -0.000064639 1.000000000 0.001855063
1.000000000 0.000023834 -0.000000488 0.000074625 -0.000023834 1.000000000 0.000023412 -0.000437913 0.000000488 -0.000023412 1.000000000 -0.000072862
1.000000000 -0.000040283 -0.000092921 0.001110318 0.000040291 1.000000000 0.000080484 -0.000245150 0.000092918 -0.000080487 1.000000000 -0.000893764
1.000000000 -0.000035950 -0.000036073 0.000365357 0.000035951 1.000000000 0.000010096 0.000393623 0.000036073 -0.000010097 1.000000000 0.001769507
1.000000000 -0.000110611 -0.000114868 0.000653053 0.000110627 1.000000000 0.000139641 -0.000663145 0.000114853 -0.000139654 1.000000000 -0.000034689
1.000000000 -0.000010706 -0.000081522 0.001201476 0.000010710 1.000000000 0.000046825 -0.000422243 0.000081521 -0.000046826 1.000000000 -0.003378983
1.000000000 -0.000052760 -0.000119847 0.003003497 0.000052774 1.000000000 0.000117262 -0.001083677 0.000119841 -0.000117269 1.000000000 -0.002214236
1.000000000 -0.000088132 -0.000084593 0.002573276 0.000088143 1.000000000 0.000135561 -0.001677052 0.000084581 -0.000135569 1.000000000 -0.002758830
1.000000000 -0.000051771 -0.000065387 0.002569625 0.000051776 1.000000000 0.000076307 -0.000892286 0.000065383 -0.000076311 1.000000000 -0.001080838
1.000000000 0.000063800 -0.000070174 0.001976052 -0.000063790 1.000000000 0.000137049 -0.001103372 0.000070183 -0.000137045 1.000000000 -0.002425275
1.000000000 -0.000089222 -0.000091626 0.002590591 0.000089232 1.000000000 0.000099008 -0.001958721 0.000091617 -0.000099017 1.000000000 -0.004126252
1.000000000 -0.000080917 -0.000103812 0.001365805 0.000080925 1.000000000 0.000081585 0.000233593 0.000103805 -0.000081593 1.000000000 0.001457864
1.000000000 -0.000109378 -0.000090010 0.001176592 0.000109389 1.000000000 0.000121096 -0.001669139 0.000089996 -0.000121106 1.000000000 -0.005321499
1.000000000 0.000033543 -0.000122121 0.003340753 -0.000033528 1.000000000 0.000124183 -0.001417876 0.000122125 -0.000124179 1.000000000 -0.001980243
1.000000000 -0.000062186 -0.000150495 0.002799899 0.000062200 1.000000000 0.000087966 -0.001091210 0.000150490 -0.000087976 1.000000000 -0.002271253
1.000000000 -0.000087116 -0.000117426 0.002416754 0.000087127 1.000000000 0.000089978 -0.001239138 0.000117418 -0.000089989 1.000000000 -0.002800879
1.000000000 -0.000042224 -0.000133552 0.002896408 0.000042235 1.000000000 0.000077772 -0.000372835 0.000133549 -0.000077778 1.000000000 -0.001074967
1.000000000 -0.000037658 -0.000083394 0.003183086 0.000037663 1.000000000 0.000058053 -0.000528288 0.000083391 -0.000058056 1.000000000 -0.001568945
1.000000000 -0.000148554 -0.000165958 0.002496242 0.000148576 1.000000000 0.000128401 -0.000545768 0.000165939 -0.000128426 1.000000000 -0.003397831
1.000000000 -0.000167277 -0.000109647 0.001785363 0.000167286 1.000000000 0.000083136 -0.001545985 0.000109633 -0.000083154 1.000000000 -0.001332115
1.000000000 -0.000043456 -0.000179450 0.004501223 0.000043492 1.000000000 0.000201254 -0.002546897 0.000179441 -0.000201261 0.999999940 -0.004880738
1.000000000 -0.000145545 -0.000159836 0.004173301 0.000145564 1.000000000 0.000117320 -0.001383470 0.000159818 -0.000117343 1.000000000 -0.003065110
1.000000000 -0.000063471 -0.000152835 0.003317738 0.000063488 1.000000000 0.000108398 -0.000876037 0.000152828 -0.000108408 1.000000000 -0.003138705
1.000000000 -0.000111095 -0.000120744 0.003190629 0.000111112 1.000000000 0.000138267 -0.001505983 0.000120729 -0.000138280 1.000000000 -0.004949405
1.000000000 0.000009631 -0.000064368 0.002051088 -0.000009628 1.000000000 0.000048867 -0.000215402 0.000064368 -0.000048866 1.000000000 -0.002023119
1.000000000 -0.000029626 -0.000096612 0.001951023 0.000029634 1.000000000 0.000085033 -0.000604032 0.000096609 -0.000085036 1.000000000 -0.001342852
1.000000000 -0.000138697 -0.000112426 0.002350577 0.000138715 1.000000000 0.000157631 -0.002681721 0.000112404 -0.000157647 1.000000000 -0.004188015
1.000000000 -0.000110196 -0.000162083 0.003249547 0.000110212 1.000000000 0.000099044 -0.000639415 0.000162072 -0.000099061 1.000000000 -0.002901606
1.000000000 -0.000061390 -0.000162747 0.005248487 0.000061416 1.000000000 0.000156788 -0.001471725 0.000162738 -0.000156798 1.000000000 -0.005650129
1.000000000 -0.000083845 -0.000096624 0.001770040 0.000083854 1.000000000 0.000093549 -0.000801123 0.000096616 -0.000093557 1.000000000 -0.002900943
1.000000000 -0.000154907 -0.000176256 0.003086692 0.000154935 1.000000000 0.000164034 -0.001833951 0.000176231 -0.000164061 1.000000000 -0.005017997
1.000000000 -0.000067263 -0.000190551 0.004716602 0.000067275 1.000000000 0.000064328 -0.001790027 0.000190546 -0.000064341 1.000000000 -0.002348906
1.000000000 -0.000236637 -0.000052568 0.002366286 0.000236610 0.999999821 -0.000505902 -0.003092396 0.000052687 0.000505889 0.999999881 0.049987212
1.000000000 0.000063834 -0.000094777 0.003949163 -0.000063941 0.999999344 -0.001129834 -0.005788785 0.000094705 0.001129840 0.999999344 0.138097286
1.000000000 0.000014222 0.000021517 0.004953059 -0.000014191 0.999998927 -0.001453059 -0.009039939 -0.000021538 0.001453059 0.999998927 0.254906744
1.000000000 0.000028316 0.000005298 0.008189394 -0.000028308 0.999998927 -0.001454007 -0.012054820 -0.000005339 0.001454007 0.999998927 0.387639374
1.000000000 0.000044700 -0.000020029 0.010832471 -0.000044724 0.999999285 -0.001204612 -0.017036857 0.000019975 0.001204613 0.999999285 0.527071714
1.000000000 0.000186953 0.000067554 0.014492836 -0.000186884 0.999999464 -0.001012713 -0.024015283 -0.000067744 0.001012700 0.999999464 0.679958522
1.000000000 0.000002521 0.000128825 0.014442788 -0.000002409 0.999999642 -0.000870673 -0.029357560 -0.000128827 0.000870673 0.999999642 0.843530655
0.999999881 0.000376231 0.000279802 0.013904971 -0.000376033 0.999999702 -0.000706624 -0.028659666 -0.000280068 0.000706519 0.999999702 1.020177484
0.999999940 0.000337569 0.000050139 0.023978833 -0.000337540 0.999999762 -0.000568524 -0.035999931 -0.000050331 0.000568507 0.999999821 1.188437700
1.000000000 -0.000058643 0.000021895 0.032720551 0.000058640 1.000000000 0.000137033 -0.051151562 -0.000021903 -0.000137032 1.000000000 1.355479240
1.000000000 0.000100328 -0.000116486 0.035948861 -0.000100322 1.000000000 0.000049413 -0.053869892 0.000116491 -0.000049402 1.000000000 1.550999165
0.999999881 -0.000061389 0.000269122 0.034078885 0.000061318 0.999999881 0.000265783 -0.060318921 -0.000269138 -0.000265767 0.999999940 1.750789523
0.999999940 0.000137077 0.000114343 0.039057449 -0.000137112 0.999999881 0.000309031 -0.063489832 -0.000114300 -0.000309047 1.000000000 1.962037206
0.999999940 -0.000052775 0.000344776 0.042675309 0.000052662 0.999999940 0.000326377 -0.070433892 -0.000344793 -0.000326359 0.999999881 2.166552067
0.999999762 0.000507187 0.000425269 0.044894323 -0.000507419 0.999999762 0.000545127 -0.077188633 -0.000424993 -0.000545343 0.999999762 2.382331133
0.999999940 -0.000042466 0.000383881 0.054711942 0.000042155 0.999999642 0.000808900 -0.088781826 -0.000383915 -0.000808883 0.999999583 2.609657049
0.999999940 -0.000264762 0.000277281 0.058821041 0.000264545 0.999999523 0.000783677 -0.094477460 -0.000277488 -0.000783603 0.999999642 2.841382504
0.999999940 -0.000250344 0.000384012 0.063408263 0.000249987 0.999999464 0.000929820 -0.099830993 -0.000384245 -0.000929724 0.999999464 3.070036411
0.999999940 -0.000352011 0.000432333 0.067419782 0.000351620 0.999999583 0.000902985 -0.108274095 -0.000432651 -0.000902832 0.999999464 3.312268496
0.999999821 -0.000182621 0.000517488 0.074976437 0.000181990 0.999999225 0.001220434 -0.119895950 -0.000517711 -0.001220340 0.999999106 3.535352707
0.999999881 0.000050813 0.000407298 0.082421340 -0.000051386 0.999998987 0.001407123 -0.124844983 -0.000407226 -0.001407143 0.999998927 3.784025669
0.999999762 -0.000372733 0.000566522 0.086866647 0.000371962 0.999998927 0.001361298 -0.133633316 -0.000567029 -0.001361086 0.999998868 4.046186924
0.999999702 0.000488710 0.000573576 0.084533982 -0.000489712 0.999998331 0.001748226 -0.140237048 -0.000572721 -0.001748506 0.999998331 4.300333023
0.999999762 0.000311291 0.000530764 0.089615740 -0.000312227 0.999998391 0.001764624 -0.148888916 -0.000530214 -0.001764790 0.999998331 4.557021141
0.999999523 0.000447515 0.000739792 0.096966356 -0.000449005 0.999997795 0.002014996 -0.154664531 -0.000738889 -0.002015328 0.999997735 4.806772232
0.999999523 -0.000473999 0.000835620 0.099836126 0.000471954 0.999996841 0.002445693 -0.176785097 -0.000836777 -0.002445297 0.999996662 5.067551613
0.999999821 -0.000397392 0.000557779 0.105206668 0.000396143 0.999997437 0.002237672 -0.180202365 -0.000558667 -0.002237450 0.999997318 5.336084843
0.999999583 -0.000071787 0.000934734 0.112336099 0.000069453 0.999996901 0.002496407 -0.191264749 -0.000934911 -0.002496341 0.999996483 5.598233223
0.999999523 0.000675252 0.000743062 0.117568575 -0.000676811 0.999997556 0.002099910 -0.203204140 -0.000741642 -0.002100412 0.999997497 5.886040211
0.999999642 0.000466287 0.000648678 0.125747085 -0.000467600 0.999997795 0.002025659 -0.212062463 -0.000647732 -0.002025961 0.999997735 6.163437366
0.999999702 0.000300691 0.000730441 0.128031239 -0.000302301 0.999997437 0.002205275 -0.219078243 -0.000729776 -0.002205495 0.999997258 6.449383736
0.999999523 0.000622671 0.000796995 0.136083856 -0.000624454 0.999997258 0.002238817 -0.230964646 -0.000795599 -0.002239313 0.999997139 6.723299503
0.999999583 0.000638416 0.000645256 0.145418957 -0.000640128 0.999996245 0.002655885 -0.248668328 -0.000643559 -0.002656297 0.999996245 7.039490700
0.999999821 0.000346380 0.000433290 0.153258592 -0.000347534 0.999996364 0.002665955 -0.258248925 -0.000432365 -0.002666105 0.999996364 7.347558498
0.999999404 0.000696750 0.000756831 0.160758033 -0.000698741 0.999996185 0.002634153 -0.267474562 -0.000754992 -0.002634679 0.999996245 7.655066967
0.999999881 0.000069094 0.000563434 0.171421319 -0.000070697 0.999995947 0.002844447 -0.279422015 -0.000563235 -0.002844487 0.999995768 7.970303059
0.999999762 0.000369190 0.000574037 0.172199577 -0.000370778 0.999996126 0.002767921 -0.291609764 -0.000573013 -0.002768133 0.999996006 8.274871826
0.999999881 0.000154031 0.000323340 0.190422982 -0.000154997 0.999995530 0.002988087 -0.304534912 -0.000322879 -0.002988138 0.999995470 8.583578110
0.999998987 0.001020201 0.001037434 0.183332339 -0.001023314 0.999994993 0.003004816 -0.308814853 -0.001034363 -0.003005874 0.999994993 8.932106972
0.999999285 0.000790377 0.000912219 0.194812924 -0.000793171 0.999994993 0.003067286 -0.322974503 -0.000909790 -0.003068007 0.999994874 9.290217400
0.999999225 0.000730167 0.000980567 0.197131768 -0.000733177 0.999994934 0.003072006 -0.331969768 -0.000978319 -0.003072723 0.999994814 9.651797295
0.999998808 0.000995041 0.001199886 0.201969564 -0.000998538 0.999995232 0.002917597 -0.336359471 -0.001196978 -0.002918791 0.999994993 9.997565269
0.999999166 0.000710526 0.001018035 0.210736215 -0.000713610 0.999995112 0.003032007 -0.348838031 -0.001015876 -0.003032731 0.999994874 10.364099503
0.999998808 0.000930588 0.001220878 0.226051703 -0.000934785 0.999993742 0.003441418 -0.367047846 -0.001217667 -0.003442555 0.999993324 10.696194649
0.999998808 0.000752644 0.001310690 0.233168259 -0.000757118 0.999993861 0.003416487 -0.374492407 -0.001308111 -0.003417476 0.999993265 11.062769890
0.999998569 0.001151949 0.001218803 0.245583966 -0.001156309 0.999992907 0.003583041 -0.391278863 -0.001214667 -0.003584445 0.999992847 11.429899216
0.999998033 0.001394213 0.001388820 0.253238410 -0.001399030 0.999992967 0.003473258 -0.397480726 -0.001383967 -0.003475194 0.999992967 11.815300941
0.999998689 0.001104440 0.001184626 0.269750893 -0.001108993 0.999991953 0.003849341 -0.417578816 -0.001180366 -0.003850650 0.999991953 12.191582680
0.999997735 0.001636280 0.001336252 0.278645307 -0.001641662 0.999990523 0.004036626 -0.425917655 -0.001329634 -0.004038811 0.999991000 12.577284813
0.999998927 0.000872702 0.001179303 0.286083370 -0.000876927 0.999993205 0.003587015 -0.442113936 -0.001176165 -0.003588045 0.999992788 12.989621162
0.999998271 0.001372301 0.001238176 0.300250292 -0.001376986 0.999991894 0.003791053 -0.455740750 -0.001232964 -0.003792752 0.999992013 13.394784927
0.999998569 0.001087416 0.001260917 0.308014363 -0.001092458 0.999991357 0.004005352 -0.467647314 -0.001256551 -0.004006723 0.999991179 13.789664268
0.999996960 0.001658244 0.001808120 0.308590829 -0.001666196 0.999988914 0.004405571 -0.477401137 -0.001800794 -0.004408570 0.999988616 14.210816383
0.999997616 0.001290618 0.001771175 0.328408152 -0.001298824 0.999988317 0.004639941 -0.522433460 -0.001765166 -0.004642230 0.999987602 14.597762108
0.999998033 0.000847883 0.001804495 0.338844210 -0.000856876 0.999987185 0.004988486 -0.534496188 -0.001800241 -0.004990022 0.999985874 15.026025772
0.999996424 0.001418256 0.002319607 0.344274580 -0.001428923 0.999988496 0.004603463 -0.548302770 -0.002313052 -0.004606761 0.999986708 15.472453117
0.999994934 0.001654501 0.002732062 0.351507306 -0.001668304 0.999985754 0.005057428 -0.565676093 -0.002723657 -0.005061961 0.999983490 15.904560089
0.999992967 0.002084754 0.003106413 0.360117346 -0.002101049 0.999984026 0.005251551 -0.572682559 -0.003095416 -0.005258041 0.999981344 16.367515564
0.999994695 0.000967121 0.003109219 0.377381891 -0.000984484 0.999983847 0.005587643 -0.603728235 -0.003103765 -0.005590674 0.999979556 16.812225342
0.999993503 0.001135475 0.003406782 0.390126258 -0.001154950 0.999982953 0.005720186 -0.614536166 -0.003400229 -0.005724083 0.999977827 17.276927948
0.999993861 0.000697243 0.003428384 0.402426213 -0.000719127 0.999979377 0.006386309 -0.638190210 -0.003423861 -0.006388736 0.999973714 17.705669403
0.999992549 0.000977712 0.003732614 0.416617632 -0.001002347 0.999977708 0.006603628 -0.653330743 -0.003726074 -0.006607320 0.999971211 18.161193848
0.999989688 0.001161996 0.004390003 0.426929176 -0.001191761 0.999976218 0.006783576 -0.664720356 -0.004382016 -0.006788737 0.999967396 18.641290665
0.999991059 0.000691718 0.004174791 0.439373791 -0.000716809 0.999981701 0.006011604 -0.678991556 -0.004170556 -0.006014543 0.999973238 19.129369736
0.999991059 0.000766175 0.004155136 0.456583351 -0.000791848 0.999980628 0.006180426 -0.694650054 -0.004150320 -0.006183661 0.999972284 19.600650787
0.999988377 0.001555274 0.004563744 0.461172879 -0.001583983 0.999978960 0.006293791 -0.702466249 -0.004553861 -0.006300947 0.999969840 20.085285187
0.999994755 -0.000631443 0.003173077 0.485153198 0.000611816 0.999980688 0.006182563 -0.718314648 -0.003176921 -0.006180589 0.999975801 20.540357590
0.999994993 -0.000721465 0.003068633 0.494724810 0.000703212 0.999982119 0.005945171 -0.731026053 -0.003072867 -0.005942984 0.999977589 21.026220322
0.999996781 -0.000429383 0.002485809 0.502184570 0.000414233 0.999981344 0.006091688 -0.737781346 -0.002488379 -0.006090639 0.999978364 21.537141800
0.999997854 -0.000459927 0.002034231 0.504169822 0.000446481 0.999978006 0.006605223 -0.765119553 -0.002037224 -0.006604301 0.999976039 21.974767685
0.999998689 -0.000527905 0.001537835 0.517564058 0.000517220 0.999975741 0.006939932 -0.772345066 -0.001541461 -0.006939128 0.999974728 22.489522934
0.999998629 0.000283150 0.001696627 0.525523901 -0.000294723 0.999976695 0.006825009 -0.788130045 -0.001694655 -0.006825499 0.999975204 22.960807800
0.999999642 0.000065313 0.000866368 0.540675879 -0.000071479 0.999974668 0.007119246 -0.808253288 -0.000865881 -0.007119305 0.999974251 23.481288910
0.999999344 -0.001046289 0.000351950 0.539996803 0.001043867 0.999976277 0.006812440 -0.816675544 -0.000359070 -0.006812068 0.999976754 23.966043472
0.999999881 -0.000469071 -0.000233923 0.548739314 0.000470673 0.999976039 0.006894259 -0.824149132 0.000230683 -0.006894368 0.999976218 24.480207443
0.999998927 -0.000693426 -0.001321352 0.568174422 0.000702838 0.999974191 0.007135860 -0.836206913 0.001316370 -0.007136780 0.999973714 25.007307053
0.999998808 -0.000031539 -0.001504857 0.564684391 0.000042654 0.999972701 0.007386509 -0.849399030 0.001504582 -0.007386565 0.999971569 25.499618530
0.999998331 -0.000022321 -0.001875953 0.574287474 0.000036071 0.999973118 0.007330078 -0.865423143 0.001875739 -0.007330133 0.999971390 26.053077698
0.999997437 -0.000766699 -0.002180559 0.581261516 0.000783731 0.999969065 0.007820928 -0.877268791 0.002174496 -0.007822615 0.999967039 26.600601196
0.999994874 -0.000653564 -0.003121282 0.604399443 0.000677951 0.999969184 0.007818523 -0.885588646 0.003116076 -0.007820600 0.999964595 27.128839493
0.999994099 -0.000443764 -0.003400620 0.598038495 0.000469856 0.999970376 0.007675678 -0.910719335 0.003397113 -0.007677231 0.999964774 27.670997620
0.999991000 -0.000604292 -0.004206592 0.612843812 0.000636711 0.999970078 0.007709587 -0.923532665 0.004201807 -0.007712194 0.999961495 28.209030151
0.999985039 -0.002014888 -0.005079548 0.628661215 0.002053329 0.999969184 0.007574158 -0.938219070 0.005064130 -0.007584475 0.999958396 28.728704453
0.999985874 -0.001809858 -0.004996513 0.635622859 0.001846934 0.999970734 0.007425940 -0.951000094 0.004982926 -0.007435063 0.999959946 29.264513016
0.999984622 -0.001681805 -0.005284486 0.635569870 0.001725468 0.999964297 0.008268838 -0.971705794 0.005270391 -0.008277829 0.999951839 29.797454834
0.999983251 -0.001686661 -0.005537414 0.647761762 0.001732304 0.999964476 0.008248305 -0.985348821 0.005523304 -0.008257759 0.999950647 30.349668503
0.999982774 -0.000835955 -0.005810603 0.660206914 0.000882312 0.999967754 0.007980095 -0.994021773 0.005803744 -0.007985085 0.999951303 30.909681320
0.999980927 -0.000714980 -0.006141366 0.677962780 0.000764503 0.999967217 0.008065281 -1.010092735 0.006135399 -0.008069823 0.999948621 31.455001831
0.999975502 -0.001316801 -0.006870404 0.694850802 0.001373147 0.999965429 0.008203055 -1.030372024 0.006859364 -0.008212289 0.999942839 31.976736069
0.999978662 -0.001114668 -0.006429928 0.681057036 0.001169785 0.999962568 0.008574631 -1.043441534 0.006420129 -0.008581971 0.999942541 32.481254578
0.999975979 -0.001012883 -0.006858061 0.691045344 0.001072800 0.999961257 0.008738706 -1.059557438 0.006848944 -0.008745854 0.999938250 33.023803711
0.999973655 -0.001654811 -0.007073640 0.697508335 0.001720799 0.999954998 0.009332934 -1.075755358 0.007057877 -0.009344862 0.999931335 33.562812805
0.999976873 -0.000894799 -0.006730526 0.679526448 0.000954097 0.999960721 0.008812265 -1.074990511 0.006722376 -0.008818483 0.999938548 34.061931610
0.999973536 -0.001043025 -0.007200579 0.722669601 0.001104357 0.999963105 0.008518951 -1.069070458 0.007191428 -0.008526677 0.999937773 34.669128418
0.999976039 -0.000941070 -0.006857281 0.695327878 0.001003610 0.999957860 0.009122506 -1.105584860 0.006848407 -0.009129170 0.999934912 35.153747559
0.999977708 -0.001143303 -0.006566827 0.699046612 0.001201443 0.999960005 0.008856582 -1.105762959 0.006556439 -0.008864274 0.999939263 35.715690613
0.999975026 -0.000995814 -0.006994755 0.708029509 0.001060218 0.999957025 0.009209760 -1.145570159 0.006985283 -0.009216947 0.999933124 36.222579956
0.999968946 -0.001736407 -0.007684141 0.719023466 0.001810268 0.999952137 0.009615722 -1.159329176 0.007667075 -0.009629333 0.999924242 36.761711121
0.999967873 -0.001592086 -0.007844193 0.723269343 0.001670149 0.999949038 0.009955262 -1.182253361 0.007827943 -0.009968044 0.999919653 37.288394928
0.999968469 -0.001853689 -0.007729453 0.731330335 0.001932140 0.999946594 0.010154647 -1.193228364 0.007710216 -0.010169260 0.999918520 37.841934204
0.999971092 -0.000350681 -0.007597078 0.727256536 0.000424310 0.999952912 0.009692294 -1.210616112 0.007593322 -0.009695237 0.999924183 38.421585083
0.999969542 -0.000524553 -0.007787854 0.735378981 0.000600606 0.999952137 0.009766431 -1.224205494 0.007782358 -0.009770812 0.999921978 38.961353302
0.999969006 -0.000770124 -0.007840254 0.742237508 0.000850400 0.999947190 0.010240772 -1.244742990 0.007831953 -0.010247122 0.999916792 39.483016968
0.999970973 -0.000136054 -0.007617922 0.754333854 0.000215386 0.999945700 0.010414035 -1.255794525 0.007616092 -0.010415373 0.999916792 40.034042358
0.999969304 -0.000105488 -0.007842812 0.750203013 0.000182985 0.999951124 0.009881273 -1.263183594 0.007841386 -0.009882404 0.999920428 40.581909180
0.999970853 -0.000125108 -0.007633088 0.762722135 0.000202824 0.999948144 0.010181448 -1.303496718 0.007631418 -0.010182700 0.999919057 41.155841827
0.999970973 -0.000006281 -0.007616622 0.773758709 0.000084078 0.999947786 0.010213919 -1.315296412 0.007616160 -0.010214262 0.999918878 41.706478119
0.999970078 -0.000335675 -0.007725479 0.794203520 0.000416926 0.999944568 0.010518041 -1.334977984 0.007721520 -0.010520948 0.999914885 42.233516693
0.999967813 -0.000349211 -0.008018493 0.791713893 0.000434050 0.999943852 0.010581051 -1.334616542 0.008014347 -0.010584189 0.999911904 42.797031403
0.999963403 -0.001054092 -0.008483211 0.804780245 0.001145992 0.999940574 0.010835569 -1.365257859 0.008471286 -0.010844895 0.999905229 43.351905823
0.999965787 -0.000733555 -0.008238599 0.809862673 0.000823543 0.999939919 0.010924678 -1.378262520 0.008230090 -0.010931092 0.999906361 43.879577637
0.999968052 -0.000112865 -0.007989144 0.812688589 0.000198090 0.999943078 0.010667542 -1.384801626 0.007987485 -0.010668782 0.999911189 44.413169861
0.999966979 -0.000059089 -0.008119711 0.820364594 0.000144639 0.999944508 0.010535963 -1.396899939 0.008118637 -0.010536791 0.999911547 44.955970764
0.999964476 -0.000602348 -0.008407054 0.843922496 0.000695180 0.999938786 0.011043596 -1.403186083 0.008399887 -0.011049048 0.999903679 45.457481384
0.999964535 -0.000582392 -0.008396721 0.850209236 0.000672364 0.999942362 0.010716282 -1.414138198 0.008389995 -0.010721547 0.999907315 46.012866974
0.999962211 -0.000615861 -0.008676345 0.865539789 0.000717063 0.999931753 0.011665848 -1.435836077 0.008668567 -0.011671629 0.999894321 46.543567657
0.999960542 -0.001280828 -0.008788733 0.886436582 0.001385394 0.999928236 0.011902076 -1.450890779 0.008772857 -0.011913784 0.999890566 47.078620911
0.999964952 -0.000276323 -0.008362664 0.886608720 0.000377056 0.999927402 0.012046397 -1.466164351 0.008358727 -0.012049128 0.999892473 47.574584961
0.999962986 -0.000892330 -0.008557813 0.892668247 0.000994504 0.999928176 0.011942500 -1.464776993 0.008546541 -0.011950569 0.999892056 48.135665894
0.999965250 -0.000642010 -0.008311101 0.898891211 0.000741560 0.999927938 0.011980379 -1.475966692 0.008302810 -0.011986127 0.999893665 48.689865112
0.999963164 -0.000776074 -0.008539149 0.908663273 0.000880178 0.999925256 0.012194348 -1.494097233 0.008529046 -0.012201415 0.999889195 49.177078247
0.999963284 -0.000881845 -0.008524705 0.916430354 0.000986406 0.999924183 0.012269262 -1.493837953 0.008513239 -0.012277220 0.999888420 49.775630951
0.999961376 -0.001108603 -0.008720442 0.929858446 0.001214455 0.999925494 0.012142452 -1.513866901 0.008706331 -0.012152575 0.999888241 50.226940155
0.999962866 -0.000472130 -0.008601882 0.932003617 0.000579414 0.999922037 0.012473867 -1.521870375 0.008595323 -0.012478387 0.999885142 50.756393433
0.999961853 -0.000828494 -0.008685851 0.934465885 0.000937140 0.999921262 0.012511718 -1.529041409 0.008674800 -0.012519384 0.999884009 51.289474487
0.999961019 -0.000788482 -0.008793873 0.936965823 0.000898753 0.999920905 0.012542609 -1.540518403 0.008783288 -0.012550024 0.999882698 51.817455292
0.999963045 -0.000738629 -0.008558005 0.943358660 0.000845241 0.999921978 0.012460697 -1.542111635 0.008548133 -0.012467472 0.999885738 52.364204407
0.999962270 -0.000417853 -0.008673033 0.950398743 0.000525355 0.999923050 0.012396433 -1.552988291 0.008667184 -0.012400522 0.999885559 52.914741516
0.999964356 -0.000522489 -0.008429033 0.954823256 0.000627256 0.999922514 0.012431412 -1.564337254 0.008421884 -0.012436254 0.999887228 53.446239471
0.999961793 -0.000680804 -0.008712751 0.971800268 0.000793439 0.999916136 0.012930737 -1.573254108 0.008703215 -0.012937156 0.999878466 54.010482788
0.999964714 -0.000678681 -0.008369897 0.967971802 0.000786431 0.999916792 0.012876966 -1.590484142 0.008360463 -0.012883091 0.999881983 54.497333527
0.999965906 -0.000376323 -0.008251962 0.977366686 0.000483201 0.999915957 0.012953627 -1.598326445 0.008246395 -0.012957172 0.999882042 55.030517578
0.999964952 -0.000230807 -0.008366367 0.984513342 0.000339429 0.999915600 0.012984041 -1.603327274 0.008362664 -0.012986427 0.999880731 55.582721710
0.999967575 -0.000549955 -0.008035229 0.989873171 0.000654783 0.999914646 0.013049241 -1.616710067 0.008027366 -0.013054078 0.999882519 56.126472473
0.999968290 -0.000443303 -0.007953745 0.999929309 0.000549741 0.999910295 0.013384991 -1.636403322 0.007947098 -0.013388941 0.999878764 56.620349884
0.999968767 -0.000368161 -0.007892201 0.989497662 0.000470301 0.999916077 0.012943943 -1.619970083 0.007886773 -0.012947251 0.999885082 57.282409668
0.999969006 -0.000323063 -0.007864435 1.015280724 0.000427912 0.999911010 0.013333957 -1.652144432 0.007859427 -0.013336909 0.999880195 57.719532013
0.999970734 -0.000078404 -0.007645471 1.018380523 0.000183034 0.999906301 0.013685439 -1.660935760 0.007643682 -0.013686439 0.999877095 58.258625031
0.999973416 0.000391330 -0.007293745 1.025432348 -0.000291472 0.999906301 0.013686858 -1.673130512 0.007298418 -0.013684369 0.999879718 58.792530060
0.999971807 0.000182301 -0.007505481 1.038879037 -0.000076720 0.999901056 0.014064959 -1.687681198 0.007507303 -0.014063986 0.999872863 59.334327698
0.999972880 0.000156175 -0.007353453 1.044109225 -0.000052462 0.999900639 0.014102139 -1.688111901 0.007354924 -0.014101373 0.999873459 59.902469635
0.999974787 0.000815210 -0.007049311 1.061050773 -0.000714490 0.999897778 0.014278614 -1.709152460 0.007060231 -0.014273218 0.999873161 60.432518005
0.999972522 0.000543643 -0.007394242 1.065356493 -0.000431289 0.999884605 0.015187878 -1.718571186 0.007401646 -0.015184272 0.999857306 60.979637146
0.999968827 -0.000268064 -0.007889061 1.069710612 0.000383862 0.999892235 0.014680406 -1.718443394 0.007884275 -0.014682977 0.999861062 61.538635254
0.999974132 0.000429756 -0.007176501 1.071676970 -0.000325037 0.999893546 0.014586668 -1.733969450 0.007182007 -0.014583959 0.999867797 62.039226532
0.999970436 0.000216852 -0.007686407 1.073472381 -0.000104631 0.999893427 0.014597266 -1.733193636 0.007688753 -0.014596032 0.999863923 62.609363556
0.999971747 0.001707763 -0.007312845 1.062393904 -0.001599431 0.999889255 0.014794328 -1.762657881 0.007337301 -0.014782215 0.999863803 63.183670044
0.999968350 0.000084638 -0.007960980 1.060586929 0.000029393 0.999897361 0.014322503 -1.770551085 0.007961377 -0.014322284 0.999865711 63.945453644
0.999966323 0.000135656 -0.008202756 1.106524944 -0.000018506 0.999898016 0.014280203 -1.804639459 0.008203858 -0.014279569 0.999864340 64.326141357
0.999969244 0.001564917 -0.007679451 1.156507969 -0.001456510 0.999899447 0.014101849 -1.766614676 0.007700748 -0.014090233 0.999871016 65.497688293
0.999967456 0.000004047 -0.008066930 1.121820807 0.000114768 0.999891460 0.014728223 -1.822476149 0.008066114 -0.014728669 0.999858975 65.434921265
0.999965310 0.000120807 -0.008326890 1.126254678 0.000000388 0.999894023 0.014553157 -1.827342510 0.008327765 -0.014552654 0.999859452 65.992820740
0.999966323 0.000398814 -0.008201659 1.134035349 -0.000280660 0.999896228 0.014402237 -1.835633039 0.008206551 -0.014399449 0.999862611 66.526596069
0.999961734 -0.000801499 -0.008709026 1.159474373 0.000927132 0.999895394 0.014431204 -1.851022005 0.008696547 -0.014438727 0.999857843 67.043502808
0.999962747 -0.000419668 -0.008613509 1.160443068 0.000544437 0.999894917 0.014488101 -1.855325222 0.008606524 -0.014492251 0.999857903 67.691001892
0.999942660 -0.002108248 -0.010495825 1.226753116 0.002255229 0.999899268 0.014011648 -1.843416214 0.010465227 -0.014034516 0.999846637 68.366203308
0.999962270 -0.000382528 -0.008666347 1.174803495 0.000512996 0.999886453 0.015057384 -1.882062197 0.008659604 -0.015061263 0.999849081 68.755317688
0.999965668 0.000401937 -0.008284294 1.180637598 -0.000281399 0.999894202 0.014546188 -1.882755518 0.008289265 -0.014543357 0.999859869 69.298316956
0.999966919 0.000771256 -0.008100903 1.177964211 -0.000653625 0.999894381 0.014513381 -1.897271752 0.008111244 -0.014507606 0.999861777 69.968353271
0.999954820 -0.001223171 -0.009432415 1.192674637 0.001351744 0.999906123 0.013636659 -1.866009712 0.009414850 -0.013648794 0.999862552 70.480010986
0.999973297 0.001909019 -0.007059294 1.188696623 -0.001808332 0.999896884 0.014241993 -1.911665678 0.007085756 -0.014228848 0.999873638 71.038734436
0.999966443 0.000408375 -0.008181063 1.190459490 -0.000289094 0.999893725 0.014576041 -1.907391429 0.008186147 -0.014573188 0.999860227 71.627326965
0.999961615 -0.000630238 -0.008744453 1.228881478 0.000758859 0.999891400 0.014713340 -1.933978081 0.008734232 -0.014719411 0.999853492 72.133529663
0.999961495 -0.000233989 -0.008774498 1.246622562 0.000363280 0.999891341 0.014736074 -1.960656166 0.008770097 -0.014738692 0.999852896 72.774406433
0.999960482 -0.000248600 -0.008887819 1.255052805 0.000378797 0.999892533 0.014650234 -1.962670088 0.008883222 -0.014653021 0.999853194 73.324920654
0.999962330 -0.000186458 -0.008668553 1.248177052 0.000317716 0.999885201 0.015142939 -1.983355165 0.008664736 -0.015145124 0.999847710 73.834243774
0.999962449 0.000016133 -0.008658510 1.263598919 0.000113770 0.999887407 0.015002148 -1.980758190 0.008657777 -0.015002571 0.999849916 74.434387207
0.999967873 0.000559821 -0.007994872 1.255927682 -0.000439744 0.999887228 0.015013092 -1.995104909 0.008002374 -0.015009094 0.999855340 74.930191040
0.999965549 -0.000272463 -0.008299730 1.267723441 0.000396531 0.999888182 0.014950406 -2.001520634 0.008294729 -0.014953178 0.999853790 75.470603943
0.999967515 0.000465949 -0.008049289 1.271855474 -0.000344505 0.999886274 0.015082330 -2.007531643 0.008055400 -0.015079067 0.999853849 76.021240234
0.999969840 0.001006825 -0.007701540 1.254561901 -0.000892338 0.999889255 0.014854439 -2.011057377 0.007715643 -0.014847118 0.999859989 76.602462769
0.999968350 0.000299418 -0.007948921 1.272202730 -0.000178371 0.999884129 0.015224414 -2.014291525 0.007952557 -0.015222513 0.999852479 77.163627625
0.999969363 0.001127269 -0.007744191 1.267776370 -0.001007677 0.999880373 0.015429409 -2.036923885 0.007760660 -0.015421134 0.999850988 77.692489624
0.999970078 0.000791654 -0.007690964 1.276736736 -0.000673314 0.999881446 0.015377348 -2.042859554 0.007702227 -0.015371709 0.999852180 78.237174988
0.999969065 0.000307562 -0.007857529 1.286669254 -0.000187726 0.999883711 0.015247270 -2.045636654 0.007861305 -0.015245324 0.999852836 78.800537109
0.999971271 0.000897869 -0.007527380 1.293823004 -0.000782051 0.999881446 0.015375066 -2.057246208 0.007540292 -0.015368736 0.999853492 79.358573914
0.999972641 0.000635145 -0.007369305 1.298685074 -0.000521789 0.999881685 0.015374000 -2.066576481 0.007378198 -0.015369733 0.999854684 79.913093567
0.999972939 0.000434906 -0.007342037 1.311317444 -0.000322517 0.999882877 0.015301783 -2.070081234 0.007347832 -0.015298999 0.999855936 80.488662720
0.999982655 0.000638782 -0.005853017 1.316539407 -0.000550002 0.999884963 0.015157270 -2.078612804 0.005862026 -0.015153791 0.999867976 81.046806335
0.999989569 0.000871008 -0.004486516 1.326628685 -0.000802940 0.999884903 0.015151369 -2.088515520 0.004499196 -0.015147608 0.999875069 81.610671997
0.999995351 0.001325887 -0.002749387 1.339881301 -0.001284096 0.999884486 0.015146631 -2.095461845 0.002769152 -0.015143028 0.999881506 82.161460876
0.999998689 0.001354717 0.000914268 1.355064154 -0.001368610 0.999881029 0.015370470 -2.109838486 -0.000893337 -0.015371702 0.999881446 82.726531982
0.999988437 0.001000257 0.004700027 1.372298837 -0.001072565 0.999880672 0.015407400 -2.116023064 -0.004684055 -0.015412263 0.999870241 83.277664185
0.999969840 0.001281201 0.007659456 1.398276687 -0.001401453 0.999875546 0.015715117 -2.127981186 -0.007638367 -0.015725378 0.999847114 83.888275146
0.999909282 0.001836673 0.013345470 1.410187483 -0.002042251 0.999879181 0.015407094 -2.125775576 -0.013315561 -0.015432950 0.999792278 84.392868042
0.999823868 0.001520232 0.018702345 1.455161691 -0.001817178 0.999872386 0.015870705 -2.147181988 -0.018675826 -0.015901897 0.999699116 85.003067017
0.999700189 0.001970045 0.024405830 1.483287811 -0.002344718 0.999879718 0.015332704 -2.152347565 -0.024372688 -0.015385328 0.999584615 85.542831421
0.999555886 0.001027952 0.029779494 1.519810319 -0.001486872 0.999880373 0.015392557 -2.158078432 -0.029760104 -0.015429999 0.999437988 86.113067627
0.999297023 0.001458492 0.037460223 1.562091351 -0.002036350 0.999879420 0.015392378 -2.160054684 -0.037433259 -0.015457840 0.999179542 86.658813477
0.998958349 0.000785168 0.045624945 1.602017641 -0.001484289 0.999881923 0.015291351 -2.172620296 -0.045607559 -0.015343144 0.998841524 87.240409851
0.998621702 0.000449717 0.052482683 1.643217802 -0.001253107 0.999882519 0.015275823 -2.176315308 -0.052469641 -0.015320537 0.998504937 87.791748047
0.998114884 0.000398759 0.061372284 1.697367191 -0.001342209 0.999881566 0.015332109 -2.185972452 -0.061358895 -0.015385583 0.997997105 88.322731018
0.997449994 0.000475107 0.071367443 1.759829998 -0.001571049 0.999881685 0.015300984 -2.194575787 -0.071351714 -0.015374088 0.997332752 88.859275818
0.996794820 0.000411182 0.079999112 1.823428631 -0.001644601 0.999880731 0.015352618 -2.204089165 -0.079983287 -0.015434977 0.996676624 89.396316528
0.996112227 -0.000068344 0.088093437 1.887149811 -0.001263062 0.999885857 0.015057723 -2.208700895 -0.088084415 -0.015110449 0.995998502 89.943855286
0.995123863 0.000101620 0.098633215 1.964704037 -0.001602778 0.999884069 0.015140483 -2.218101263 -0.098620243 -0.015224744 0.995008647 90.482284546
0.994051278 -0.000818584 0.108909860 2.049862385 -0.000858392 0.999881804 0.015350060 -2.227852345 -0.108909547 -0.015352235 0.993933022 91.031997681
0.992972255 -0.000952891 0.118343621 2.121000290 -0.000841740 0.999885440 0.015113671 -2.231224060 -0.118344449 -0.015107071 0.992857695 91.554298401
0.991580904 -0.000883089 0.129485533 2.214933395 -0.001081034 0.999885440 0.015097603 -2.237862587 -0.129483998 -0.015110472 0.991466343 92.106887817
0.989903688 -0.000715456 0.141739741 2.312859535 -0.001470345 0.999881566 0.015315903 -2.247844934 -0.141733885 -0.015369673 0.989785492 92.658149719
0.988325834 -0.001425731 0.152348056 2.426322937 -0.000892190 0.999884903 0.015145203 -2.254564285 -0.152352095 -0.015104320 0.988210857 93.199722290
0.986652553 -0.001534279 0.162832350 2.534848213 -0.000952536 0.999884129 0.015193066 -2.260869503 -0.162836790 -0.015145381 0.986536741 93.743797302
0.984424472 -0.001964251 0.175797865 2.657078743 -0.000709343 0.999885201 0.015144208 -2.270340681 -0.175807372 -0.015033030 0.984309912 94.275253296
0.982132196 -0.002529030 0.188175157 2.776147842 -0.000337438 0.999884427 0.015199387 -2.274849415 -0.188191831 -0.014991307 0.982017875 94.814170837
0.980080605 -0.002363825 0.198586106 2.900993347 -0.000644018 0.999886096 0.015080333 -2.278952599 -0.198599130 -0.014907835 0.979967415 95.356475830
0.977355480 -0.002650418 0.211587235 3.038761139 -0.000515398 0.999888778 0.014905673 -2.285201073 -0.211603209 -0.014677193 0.977245390 95.893684387
0.974384189 -0.003078983 0.224868849 3.189271927 -0.000284539 0.999888539 0.014923773 -2.292307854 -0.224889755 -0.014605471 0.974274755 96.430244446
0.971754313 -0.003492767 0.235968828 3.337459564 -0.000061481 0.999886632 0.015053321 -2.298533916 -0.235994652 -0.014642636 0.971644044 96.968841553
0.968777537 -0.004003625 0.247899070 3.499605179 0.000341597 0.999890208 0.014813504 -2.302572012 -0.247931153 -0.014266309 0.968672574 97.503524780
0.965038061 -0.003737074 0.262083232 3.664419174 -0.000182351 0.999888480 0.014928971 -2.310170889 -0.262109816 -0.014454816 0.964929819 98.031272888
0.961702943 -0.004310343 0.274059981 3.839302063 0.000306052 0.999892592 0.014652085 -2.317772865 -0.274093688 -0.014007077 0.961600959 98.549682617
0.958432615 -0.004868000 0.285277516 4.021551132 0.000647696 0.999888957 0.014886162 -2.325612783 -0.285318315 -0.014082610 0.958329320 99.083023071
0.954128921 -0.004660745 0.299359679 4.214683533 0.000019264 0.999879718 0.015505775 -2.338517189 -0.299395978 -0.014788741 0.954014421 99.593200684
0.949729919 -0.005493990 0.313022107 4.407415390 0.000772055 0.999884069 0.015206940 -2.341735601 -0.313069373 -0.014200816 0.949624062 100.125640869
0.945922971 -0.005989402 0.324335963 4.607624054 0.001187440 0.999886751 0.015001411 -2.345838785 -0.324389070 -0.013805049 0.945823014 100.642723083
0.941505194 -0.006312855 0.336939126 4.819572449 0.001294244 0.999884903 0.015117240 -2.354043961 -0.336995780 -0.013796881 0.941404998 101.160507202
0.936344206 -0.006466510 0.351023912 5.032197952 0.001280818 0.999886632 0.015003223 -2.361380577 -0.351081073 -0.013598585 0.936246276 101.665283203
0.931757689 -0.007230757 0.363008499 5.263448715 0.001826237 0.999882340 0.015229110 -2.370177269 -0.363075882 -0.013526903 0.931661367 102.171188354
0.927435279 -0.007503859 0.373908430 5.483158112 0.001954678 0.999882281 0.015217997 -2.373669147 -0.373978674 -0.013382836 0.927340746 102.687362671
0.921910346 -0.007932024 0.387321919 5.723638535 0.002207220 0.999881625 0.015223066 -2.376599789 -0.387396872 -0.013179400 0.921818852 103.202781677
0.916304946 -0.008205913 0.400396973 5.970252991 0.002258309 0.999880016 0.015323865 -2.380428314 -0.400474697 -0.013137114 0.916213632 103.708778381
0.911449313 -0.009315787 0.411306828 6.225215912 0.003298032 0.999876916 0.015338063 -2.388126850 -0.411399156 -0.012623364 0.911367893 104.202438354
0.905031800 -0.009152249 0.425245494 6.482471466 0.002943122 0.999879301 0.015255954 -2.393822193 -0.425333798 -0.012555575 0.904949427 104.688255310
0.898434162 -0.009926957 0.438996017 6.758914948 0.003700394 0.999880075 0.015037057 -2.387749195 -0.439092636 -0.011885348 0.898363173 105.210388184
0.892314434 -0.010253387 0.451298088 7.020336151 0.003595682 0.999871671 0.015607407 -2.413062572 -0.451400250 -0.012303990 0.892236769 105.652023315
0.886775553 -0.010770516 0.462074816 7.315380096 0.004285551 0.999877095 0.015081694 -2.391603470 -0.462180436 -0.011393832 0.886712730 106.209716797
0.879732668 -0.011528411 0.475329041 7.596992493 0.005104468 0.999877393 0.014803287 -2.398971796 -0.475441366 -0.010596631 0.879683673 106.668777466
