1.000000000 0.000000000 0.000000000 0.000000000 0.000000000 1.000000000 0.000000000 0.000000000 0.000000000 0.000000000 1.000000000 0.000000000
1.000000000 -0.000079510 -0.000057323 0.001141013 0.000079514 1.000000000 0.000067272 -0.001191669 0.000057318 -0.000067276 1.000000000 -0.002839727
1.000000000 -0.000103962 -0.000053798 0.001484167 0.000103964 1.000000000 0.000024150 -0.000839357 0.000053795 -0.000024155 1.000000000 -0.002782403
0.999999940 -0.000246079 -0.000134593 0.001687707 0.000246083 0.999999940 0.000033651 -0.001181786 0.000134585 -0.000033684 1.000000000 -0.003630922
1.000000000 -0.000152575 -0.000116115 0.000065619 0.000152577 1.000000000 0.000012007 0.000078673 0.000116113 -0.000012025 1.000000000 -0.003495722
1.000000000 -0.000207144 -0.000079073 0.001400125 0.000207151 1.000000000 0.000091882 -0.001121052 0.000079053 -0.000091898 1.000000000 -0.002483702
1.000000000 -0.000112313 -0.000015288 -0.000026690 0.000112313 1.000000000 0.000014104 -0.000618833 0.000015286 -0.000014105 1.000000000 -0.004593021
1.000000000 -0.000079870 -0.000074069 0.000232913 0.000079871 1.000000000 0.000006053 0.000552937 0.000074069 -0.000006058 1.000000000 -0.004104902
1.000000000 -0.000083060 -0.000039955 0.000718322 0.000083060 1.000000000 0.000005726 0.000298753 0.000039954 -0.000005729 1.000000000 -0.000170975
1.000000000 -0.000107717 -0.000079984 0.000054362 0.000107719 1.000000000 0.000030663 0.000921554 0.000079981 -0.000030672 1.000000000 -0.001294046
1.000000000 -0.000120761 -0.000113062 0.000404817 0.000120767 1.000000000 0.000049843 -0.000086549 0.000113056 -0.000049857 1.000000000 -0.003006522
1.000000000 -0.000206276 -0.000103184 0.000643248 0.000206280 1.000000000 0.000044617 -0.000116370 0.000103175 -0.000044638 1.000000000 -0.001056485
0.999999940 -0.000254375 -0.000109086 0.000074752 0.000254384 0.999999940 0.000077838 0.000440553 0.000109067 -0.000077866 1.000000000 -0.001727851
1.000000000 -0.000206076 -0.000090679 0.000705883 0.000206078 1.000000000 0.000029022 -0.000156595 0.000090673 -0.000029040 1.000000000 -0.002988337
1.000000000 -0.000098005 -0.000078543 0.000726561 0.000098012 1.000000000 0.000095862 -0.000203843 0.000078534 -0.000095870 1.000000000 -0.002068336
1.000000000 -0.000056364 -0.000029493 0.001220120 0.000056366 1.000000000 0.000084432 -0.001110712 0.000029488 -0.000084434 1.000000000 -0.005335837
1.000000000 -0.000131114 -0.000103754 0.000814871 0.000131118 1.000000000 0.000040728 0.000657553 0.000103749 -0.000040742 1.000000000 -0.000970671
1.000000000 -0.000087208 -0.000077655 0.000320284 0.000087214 1.000000000 0.000072620 0.000045662 0.000077648 -0.000072627 1.000000000 -0.002437602
0.999999940 -0.000266790 -0.000093202 0.000030970 0.000266795 0.999999940 0.000050966 -0.000169703 0.000093188 -0.000050991 1.000000000 -0.002340094
1.000000000 -0.000218625 -0.000080725 0.000480810 0.000218623 1.000000000 -0.000013816 0.001045618 0.000080728 0.000013798 1.000000000 -0.000790993
0.999999940 -0.000272537 -0.000116917 0.000092825 0.000272539 0.999999940 0.000016304 -0.000230606 0.000116913 -0.000016336 1.000000000 -0.002890300
1.000000000 -0.000102236 -0.000110065 0.002097644 0.000102241 1.000000000 0.000048264 0.000394286 0.000110060 -0.000048275 1.000000000 -0.000356906
1.000000000 -0.000146432 -0.000105690 0.001137148 0.000146439 1.000000000 0.000067499 -0.000061018 0.000105680 -0.000067514 1.000000000 -0.001568879
0.999999940 -0.000232042 -0.000130443 0.000238245 0.000232048 1.000000000 0.000048638 0.000503546 0.000130432 -0.000048669 1.000000000 -0.002751739
0.999999940 -0.000226705 -0.000155033 0.002019846 0.000226715 1.000000000 0.000062205 -0.000086369 0.000155019 -0.000062241 1.000000000 -0.001501872
0.999999940 -0.000250951 -0.000090998 0.000881912 0.000250957 0.999999940 0.000071470 0.000959681 0.000090980 -0.000071493 1.000000000 -0.000370065
0.999999940 -0.000275026 -0.000148745 0.001806454 0.000275033 0.999999940 0.000041113 0.000653897 0.000148734 -0.000041154 1.000000000 -0.002404098
0.999999940 -0.000298826 -0.000102277 0.000248239 0.000298828 0.999999940 0.000017400 0.000132244 0.000102272 -0.000017431 1.000000000 -0.003382084
1.000000000 -0.000156123 -0.000138826 0.000469795 0.000156131 1.000000000 0.000057392 0.000491949 0.000138817 -0.000057414 1.000000000 -0.002172268
1.000000000 -0.000196729 -0.000109185 0.001737767 0.000196744 1.000000000 0.000141193 -0.000838491 0.000109157 -0.000141215 1.000000000 -0.004869166
0.999999940 -0.000226913 -0.000145950 -0.000093044 0.000226922 1.000000000 0.000063123 0.001059901 0.000145936 -0.000063156 1.000000000 -0.002096951
0.999999940 -0.000292715 -0.000132663 0.000310542 0.000292725 0.999999940 0.000081823 0.000532918 0.000132639 -0.000081861 1.000000000 -0.001976260
0.999999940 -0.000285811 -0.000163208 0.001860415 0.000285819 0.999999940 0.000046285 0.000313993 0.000163195 -0.000046332 1.000000000 -0.000795459
0.999999940 -0.000280928 -0.000146220 0.001043020 0.000280925 0.999999940 -0.000022068 0.000846118 0.000146226 0.000022027 1.000000000 -0.000523487
0.999999940 -0.000253256 -0.000120718 0.000765061 0.000253261 0.999999940 0.000046046 -0.000651325 0.000120706 -0.000046076 1.000000000 -0.004512202
0.999999940 -0.000257961 -0.000185239 0.002977895 0.000257966 0.999999940 0.000029018 -0.000184785 0.000185231 -0.000029065 1.000000000 -0.003262000
1.000000000 -0.000174046 -0.000118074 0.002352827 0.000174065 1.000000000 0.000160007 -0.000531271 0.000118046 -0.000160028 1.000000000 -0.006880022
0.999999940 -0.000321630 -0.000146224 0.000572022 0.000321638 0.999999940 0.000051681 0.000315765 0.000146208 -0.000051728 1.000000000 -0.003258037
1.000000000 -0.000173301 -0.000144391 0.000390114 0.000173317 1.000000000 0.000107960 -0.000121489 0.000144372 -0.000107985 1.000000000 -0.001631287
0.999999940 -0.000238234 -0.000129076 0.001909494 0.000238237 1.000000000 0.000024797 -0.000564028 0.000129070 -0.000024828 1.000000000 0.001054945
0.999999940 -0.000358621 -0.000129915 0.002572924 0.000358562 0.999999821 -0.000449121 -0.002114040 0.000130076 0.000449075 0.999999881 0.047363643
0.999999940 -0.000190565 -0.000201111 0.003084752 0.000190356 0.999999464 -0.001039086 -0.005195179 0.000201309 0.001039047 0.999999464 0.139958218
0.999999940 -0.000215028 -0.000220842 0.006120728 0.000214729 0.999999046 -0.001354921 -0.009153743 0.000221133 0.001354874 0.999999046 0.254143000
0.999999940 -0.000245003 -0.000145376 0.006731751 0.000244808 0.999999046 -0.001339027 -0.013488294 0.000145704 0.001338991 0.999999106 0.388776481
0.999999940 -0.000129051 -0.000240663 0.009915443 0.000128791 0.999999404 -0.001082041 -0.019478982 0.000240803 0.001082010 0.999999404 0.529698610
1.000000000 -0.000026990 -0.000127319 0.011825494 0.000026865 0.999999523 -0.000982044 -0.022693934 0.000127345 0.000982041 0.999999523 0.688615024
0.999999881 -0.000449601 -0.000197312 0.021055860 0.000449443 0.999999583 -0.000796617 -0.025682548 0.000197670 0.000796528 0.999999642 0.841524422
1.000000000 0.000188524 0.000071746 0.017287200 -0.000188471 0.999999702 -0.000737150 -0.024123542 -0.000071885 0.000737137 0.999999702 1.021893620
1.000000000 -0.000159202 -0.000161487 0.029236937 0.000159120 0.999999881 -0.000509745 -0.036733899 0.000161568 0.000509720 0.999999881 1.178029776
1.000000000 0.000065665 0.000034338 0.027023848 -0.000065653 0.999999940 -0.000349002 -0.039150834 -0.000034361 0.000349000 0.999999940 1.370655775
1.000000000 0.000063423 -0.000106767 0.030959276 -0.000063452 0.999999940 -0.000264989 -0.043720432 0.000106750 0.000264996 0.999999940 1.565333009
0.999999940 -0.000177859 0.000219093 0.027790369 0.000177915 0.999999940 -0.000254498 -0.053579520 -0.000219048 0.000254537 0.999999940 1.780884624
0.999999940 -0.000328530 0.000082847 0.040575854 0.000328522 0.999999940 0.000090551 -0.060476262 -0.000082877 -0.000090524 1.000000000 1.980430365
0.999999940 0.000053172 0.000412342 0.032686718 -0.000053191 1.000000000 0.000046940 -0.072365120 -0.000412339 -0.000046962 0.999999940 2.198234320
1.000000000 -0.000045219 0.000063262 0.045641322 0.000045198 0.999999940 0.000335019 -0.076397322 -0.000063277 -0.000335016 0.999999940 2.409351826
0.999999940 -0.000354836 -0.000020297 0.059285067 0.000354845 0.999999821 0.000427497 -0.087606475 0.000020145 -0.000427504 0.999999881 2.610024929
0.999998927 0.001392692 -0.000411591 0.078525819 -0.001393053 0.999998748 -0.000879656 -0.085208550 0.000410365 0.000880229 0.999999464 2.855684757
0.999997973 0.001979213 -0.000271385 0.081094950 -0.001979444 0.999997675 -0.000854457 -0.090081610 0.000269693 0.000854993 0.999999523 3.089706898
0.999998808 0.001506246 -0.000317549 0.089407146 -0.001506454 0.999998629 -0.000656188 -0.099432789 0.000316561 0.000656666 0.999999702 3.333402872
0.999998808 0.001522855 0.000079455 0.090550788 -0.001522808 0.999998689 -0.000585844 -0.107449532 -0.000080347 0.000585722 0.999999762 3.584416866
0.999998808 0.001414362 -0.000512227 0.094839774 -0.001414692 0.999998808 -0.000644640 -0.119105861 0.000511315 0.000645364 0.999999642 3.802707195
0.999998450 0.001702096 -0.000389743 0.100458167 -0.001702337 0.999998391 -0.000617287 -0.123563789 0.000388691 0.000617949 0.999999702 4.066978455
0.999998152 0.001916785 -0.000095015 0.100572862 -0.001916814 0.999998152 -0.000306931 -0.133475825 0.000094427 0.000307112 0.999999940 4.319726944
0.999999046 0.001355062 -0.000202527 0.108705573 -0.001355108 0.999999046 -0.000224777 -0.143024758 0.000202222 0.000225051 0.999999940 4.565073967
0.999999344 0.001196960 -0.000092604 0.120417625 -0.001196940 0.999999285 0.000219739 -0.153729141 0.000092867 -0.000219628 0.999999940 4.808663845
0.999999404 0.001134191 -0.000280794 0.127936319 -0.001134081 0.999999344 0.000392632 -0.163919061 0.000281239 -0.000392314 0.999999881 5.086620331
0.999998450 0.001743537 -0.000139549 0.117375769 -0.001743482 0.999998331 0.000393474 -0.170627639 0.000140235 -0.000393230 0.999999881 5.339096069
0.999997854 0.002044029 -0.000094868 0.126176238 -0.002043978 0.999997675 0.000531536 -0.178045616 0.000095955 -0.000531341 0.999999821 5.609085083
0.999998152 0.001907474 -0.000260611 0.130366832 -0.001907316 0.999998033 0.000603078 -0.187253758 0.000261761 -0.000602579 0.999999762 5.877105713
0.999998808 0.001457600 -0.000440989 0.134599343 -0.001457279 0.999998689 0.000728725 -0.198515475 0.000442050 -0.000728082 0.999999642 6.160533905
0.999996722 0.002568485 0.000200493 0.132180050 -0.002568649 0.999996364 0.000820967 -0.205734491 -0.000198384 -0.000821480 0.999999642 6.449059486
0.999998391 0.001767828 0.000135639 0.141626939 -0.001767915 0.999998152 0.000640702 -0.221257538 -0.000134506 -0.000640941 0.999999762 6.667696476
0.999998271 0.001835431 0.000064300 0.149651363 -0.001835467 0.999998152 0.000565073 -0.230269223 -0.000063263 -0.000565190 0.999999821 6.955053329
0.999998510 0.001734290 -0.000005563 0.161215603 -0.001734286 0.999998271 0.000633811 -0.241526976 0.000006662 -0.000633801 0.999999762 7.249308586
0.999998093 0.001955097 0.000145627 0.169813961 -0.001955204 0.999997735 0.000740095 -0.253116637 -0.000144179 -0.000740378 0.999999642 7.551772594
0.999998152 0.001952637 0.000236015 0.175881997 -0.001952829 0.999997795 0.000812838 -0.264541060 -0.000234427 -0.000813297 0.999999642 7.887278557
0.999998331 0.001775057 0.000185919 0.178427279 -0.001775217 0.999998033 0.000863937 -0.274014920 -0.000184385 -0.000864266 0.999999523 8.176297188
0.999999106 0.001303751 -0.000036232 0.195493877 -0.001303718 0.999998629 0.000904557 -0.284509897 0.000037411 -0.000904508 0.999999523 8.491628647
0.999998033 0.001983373 0.000128039 0.196515054 -0.001983515 0.999997377 0.001125110 -0.293906510 -0.000125807 -0.001125361 0.999999344 8.833080292
0.999997854 0.001994340 0.000419070 0.200556129 -0.001994835 0.999997199 0.001185199 -0.305873126 -0.000416706 -0.001186032 0.999999225 9.179699898
0.999996364 0.002645605 0.000539306 0.203503937 -0.002646158 0.999995947 0.001028766 -0.311979115 -0.000536582 -0.001030189 0.999999344 9.508812904
0.999997616 0.002135837 0.000361277 0.213672251 -0.002136252 0.999997079 0.001152697 -0.328052670 -0.000358814 -0.001153466 0.999999285 9.837417603
0.999998212 0.001867157 0.000286475 0.221139759 -0.001867460 0.999997795 0.001062704 -0.337530643 -0.000284490 -0.001063237 0.999999404 10.200970650
0.999998629 0.001604685 0.000341335 0.232315183 -0.001605118 0.999998033 0.001272786 -0.350293338 -0.000339292 -0.001273332 0.999999166 10.558362961
0.999998510 0.001770996 0.000348527 0.236059070 -0.001771451 0.999997556 0.001306714 -0.357233316 -0.000346212 -0.001307330 0.999999106 10.894674301
0.999997854 0.001992929 0.000582733 0.244111106 -0.001993699 0.999997139 0.001324480 -0.369722277 -0.000580092 -0.001325639 0.999998987 11.271127701
0.999997079 0.002269914 0.000821136 0.248786896 -0.002271013 0.999996483 0.001339811 -0.377539635 -0.000818092 -0.001341672 0.999998808 11.663151741
0.999996901 0.002307964 0.000904101 0.253314167 -0.002309312 0.999996126 0.001493382 -0.390772223 -0.000900651 -0.001495465 0.999998569 12.027279854
0.999997675 0.002085133 0.000516855 0.277454555 -0.002085923 0.999996603 0.001533057 -0.403284460 -0.000513657 -0.001534132 0.999998689 12.378019333
0.999997556 0.002152039 0.000500752 0.283000320 -0.002152930 0.999996066 0.001785782 -0.415349036 -0.000496907 -0.001786855 0.999998271 12.788680077
0.999998331 0.001819162 0.000039142 0.300260633 -0.001819227 0.999996841 0.001730928 -0.430209279 -0.000035993 -0.001730997 0.999998510 13.170601845
0.999997258 0.002294111 0.000549304 0.303600103 -0.002295126 0.999995649 0.001853756 -0.441430897 -0.000545049 -0.001855012 0.999998093 13.586990356
0.999997258 0.002163290 0.000876361 0.312386394 -0.002165444 0.999994576 0.002464609 -0.463925600 -0.000871025 -0.002466500 0.999996603 13.942811012
0.999997437 0.002026688 0.000997504 0.322860807 -0.002029202 0.999994755 0.002526110 -0.478685647 -0.000992379 -0.002528127 0.999996305 14.366316795
0.999997556 0.001778897 0.001296949 0.329438359 -0.001782362 0.999994814 0.002674865 -0.488646924 -0.001292184 -0.002677170 0.999995589 14.807215691
0.999997497 0.001744824 0.001349533 0.347249806 -0.001748592 0.999994576 0.002795653 -0.506465614 -0.001344647 -0.002798006 0.999995172 15.213943481
0.999996960 0.001682133 0.001770125 0.350423157 -0.001687147 0.999994516 0.002834657 -0.520599484 -0.001765347 -0.002837634 0.999994457 15.642970085
0.999995768 0.001812913 0.002282722 0.351909816 -0.001819827 0.999993682 0.003030566 -0.540102601 -0.002277214 -0.003034707 0.999992788 16.055990219
0.999995708 0.001789343 0.002339489 0.361559927 -0.001796845 0.999993205 0.003208731 -0.552786708 -0.002333731 -0.003212920 0.999992132 16.502166748
0.999995768 0.001844328 0.002263812 0.379050046 -0.001851860 0.999992788 0.003329558 -0.567209303 -0.002257655 -0.003333736 0.999991894 16.964982986
0.999996901 0.001095399 0.002254531 0.390696049 -0.001103135 0.999993622 0.003433025 -0.578162432 -0.002250755 -0.003435501 0.999991536 17.438974380
0.999994695 0.001348466 0.002966283 0.395026118 -0.001359689 0.999991894 0.003784616 -0.599018335 -0.002961155 -0.003788628 0.999988437 17.814373016
0.999993742 0.001333285 0.003270662 0.405208737 -0.001345911 0.999991596 0.003861260 -0.609395623 -0.003265486 -0.003865638 0.999987185 18.287158966
0.999994576 0.001298298 0.003035084 0.422629803 -0.001308975 0.999992907 0.003518411 -0.622202098 -0.003030494 -0.003522364 0.999989152 18.753265381
0.999993026 0.001758440 0.003314399 0.433652580 -0.001771080 0.999991179 0.003814522 -0.639045715 -0.003307662 -0.003820364 0.999987304 19.225656509
0.999993742 0.001752182 0.003075412 0.451097846 -0.001764598 0.999990225 0.004039092 -0.660693169 -0.003068305 -0.004044493 0.999987125 19.659591675
0.999993980 0.001580387 0.003093912 0.465356350 -0.001592572 0.999990940 0.003939735 -0.674240649 -0.003087659 -0.003944639 0.999987483 20.153865814
0.999995351 0.001483640 0.002693139 0.479610026 -0.001494991 0.999990046 0.004217608 -0.689075589 -0.002686854 -0.004221615 0.999987543 20.632112503
0.999997377 0.001283878 0.001932783 0.494223952 -0.001291799 0.999990761 0.004102741 -0.707060456 -0.001927498 -0.004105227 0.999989748 21.150722504
0.999998331 0.000847629 0.001602521 0.481716841 -0.000855156 0.999988675 0.004702530 -0.724639595 -0.001598516 -0.004703892 0.999987662 21.574346542
0.999998808 0.000996561 0.001206211 0.494118124 -0.001002255 0.999988317 0.004729241 -0.728444219 -0.001201484 -0.004730443 0.999988139 22.085542679
0.999999702 0.000494274 0.000638501 0.500173450 -0.000497065 0.999990225 0.004378238 -0.738708913 -0.000636330 -0.004378554 0.999990225 22.608041763
0.999999702 0.000759822 -0.000046035 0.518739939 -0.000759602 0.999989033 0.004603080 -0.759457767 0.000049532 -0.004603043 0.999989390 23.132551193
0.999999344 -0.001011904 -0.000563321 0.532985508 0.001014755 0.999986589 0.005083990 -0.784211040 0.000558169 -0.005084558 0.999986947 23.567037582
0.999999762 -0.000137414 -0.000751550 0.541240633 0.000141190 0.999987423 0.005027039 -0.791462541 0.000750849 -0.005027145 0.999987125 24.108955383
0.999998510 -0.000036431 -0.001706534 0.558305800 0.000045705 0.999985278 0.005434770 -0.806359947 0.001706311 -0.005434840 0.999983788 24.638616562
0.999997675 0.000587828 -0.002070182 0.553837955 -0.000576169 0.999984026 0.005628048 -0.823540092 0.002073458 -0.005626842 0.999981940 25.103868484
0.999996603 0.000461293 -0.002558347 0.567318499 -0.000447021 0.999984384 0.005576493 -0.835797191 0.002560879 -0.005575330 0.999981165 25.652898788
0.999996364 0.000064175 -0.002677585 0.575031042 -0.000047461 0.999980509 0.006241765 -0.846574545 0.002677933 -0.006241615 0.999976933 26.183919907
0.999994874 0.001208625 -0.002948753 0.582366467 -0.001191411 0.999982297 0.005832687 -0.864378035 0.002955751 -0.005829145 0.999978602 26.737075806
0.999993205 0.000849271 -0.003583932 0.577296197 -0.000826440 0.999979496 0.006367078 -0.886127353 0.003589266 -0.006364074 0.999973297 27.189800262
0.999992192 0.000514114 -0.003914351 0.584009767 -0.000488849 0.999979079 0.006452800 -0.893616438 0.003917587 -0.006450837 0.999971509 27.733722687
0.999990344 0.001116112 -0.004240756 0.594261825 -0.001088057 0.999977589 0.006612335 -0.912178695 0.004248041 -0.006607659 0.999969125 28.267486572
0.999989390 0.001419864 -0.004378793 0.601318181 -0.001392863 0.999980032 0.006163141 -0.918342352 0.004387456 -0.006156978 0.999971390 28.815870285
0.999988556 0.000703603 -0.004729870 0.614220858 -0.000668404 0.999972045 0.007439340 -0.951489151 0.004734972 -0.007436093 0.999961138 29.285276413
0.999986768 -0.000001873 -0.005145501 0.627157152 0.000039725 0.999972880 0.007356268 -0.962980270 0.005145348 -0.007356375 0.999959707 29.837091446
0.999986708 0.000831563 -0.005079700 0.633061588 -0.000794691 0.999973357 0.007256389 -0.972560287 0.005085598 -0.007252256 0.999960721 30.378829956
0.999983549 0.000208786 -0.005733536 0.676710248 -0.000166385 0.999972641 0.007394701 -0.998001158 0.005734923 -0.007393625 0.999956191 30.903663635
0.999983251 0.000242186 -0.005783974 0.660729289 -0.000198963 0.999972045 0.007472300 -1.010100842 0.005785623 -0.007471023 0.999955356 31.375944138
0.999982595 0.000155364 -0.005893222 0.674911022 -0.000110330 0.999970794 0.007641268 -1.024277210 0.005894238 -0.007640484 0.999953449 31.904819489
0.999979913 0.000790317 -0.006285833 0.679339409 -0.000742706 0.999971032 0.007572981 -1.034112215 0.006291636 -0.007568160 0.999951661 32.470226288
0.999982238 0.001195824 -0.005841478 0.672751248 -0.001151917 0.999971092 0.007514083 -1.042989016 0.005850295 -0.007507220 0.999954700 33.025974274
0.999978304 -0.000275658 -0.006584920 0.677979589 0.000328884 0.999967277 0.008083206 -1.070542097 0.006582478 -0.008085196 0.999945641 33.457172394
0.999976516 -0.000697199 -0.006815986 0.689369857 0.000752149 0.999967217 0.008062694 -1.086213708 0.006810142 -0.008067635 0.999944210 33.987216949
0.999975562 0.000165741 -0.006996632 0.701757908 -0.000113104 0.999971628 0.007522865 -1.088727713 0.006997681 -0.007521890 0.999947250 34.537048340
0.999977589 -0.000058630 -0.006697605 0.691869676 0.000108141 0.999972701 0.007392123 -1.095322490 0.006696988 -0.007392682 0.999950230 35.022315979
0.999977410 0.000344954 -0.006710234 0.698140442 -0.000294576 0.999971807 0.007507206 -1.111326814 0.006712635 -0.007505061 0.999949276 35.596370697
0.999973059 -0.000667650 -0.007297860 0.713926733 0.000733568 0.999958932 0.009033578 -1.153383255 0.007291529 -0.009038689 0.999932587 36.072181702
0.999969602 -0.000919689 -0.007730821 0.723059773 0.000990890 0.999957085 0.009211152 -1.166136265 0.007722018 -0.009218534 0.999927700 36.616153717
0.999969661 -0.000749715 -0.007742065 0.734453499 0.000819755 0.999958754 0.009047467 -1.173376679 0.007734962 -0.009053539 0.999929130 37.154438019
0.999970436 -0.000294644 -0.007670509 0.725368202 0.000363185 0.999960005 0.008935830 -1.193619967 0.007667568 -0.008938353 0.999930680 37.710720062
0.999968827 -0.000244222 -0.007891351 0.743989706 0.000309909 0.999965310 0.008323794 -1.197443128 0.007889045 -0.008325981 0.999934256 38.241470337
0.999965847 -0.000838171 -0.008225041 0.755208433 0.000914146 0.999956846 0.009237629 -1.232063293 0.008216945 -0.009244834 0.999923527 38.746765137
0.999964893 -0.000760450 -0.008345493 0.769743264 0.000841453 0.999952435 0.009706948 -1.252234936 0.008337716 -0.009713630 0.999918103 39.272224426
0.999965072 -0.000638293 -0.008341252 0.778547764 0.000715128 0.999957323 0.009211676 -1.263641119 0.008335016 -0.009217321 0.999922812 39.831661224
0.999966681 -0.000288945 -0.008169957 0.776522160 0.000363464 0.999958336 0.009121095 -1.254119158 0.008166983 -0.009123762 0.999925077 40.377162933
0.999961674 -0.000515844 -0.008745098 0.791262448 0.000591105 0.999962807 0.008605650 -1.261775732 0.008740334 -0.008610490 0.999924719 40.949028015
0.999961019 -0.000922354 -0.008776715 0.810420573 0.001009831 0.999949932 0.009967741 -1.313276291 0.008767080 -0.009976218 0.999911785 41.391178131
0.999960184 -0.000747889 -0.008893559 0.820596099 0.000836842 0.999949634 0.010002426 -1.323206067 0.008885629 -0.010009472 0.999910414 41.935523987
0.999956608 -0.001041522 -0.009256135 0.830335736 0.001133764 0.999949694 0.009965862 -1.332657337 0.009245289 -0.009975925 0.999907494 42.480861664
0.999960542 -0.000486627 -0.008868654 0.837553024 0.000568039 0.999957681 0.009179549 -1.334658384 0.008863811 -0.009184226 0.999918461 43.011703491
0.999962270 -0.000515653 -0.008670774 0.831428409 0.000603146 0.999948859 0.010090890 -1.361139297 0.008665129 -0.010095741 0.999911487 43.498100281
0.999961913 -0.000615807 -0.008702207 0.841629744 0.000704150 0.999948263 0.010152430 -1.370947003 0.008695506 -0.010158172 0.999910593 44.053989410
0.999958217 -0.000980647 -0.009089164 0.864647329 0.001074827 0.999945760 0.010362700 -1.380495071 0.009078508 -0.010372036 0.999904990 44.583015442
0.999962687 -0.000220779 -0.008643138 0.859722137 0.000305808 0.999951601 0.009837731 -1.379757643 0.008640550 -0.009840006 0.999914229 45.125305176
0.999961436 -0.000883094 -0.008731680 0.846162379 0.000976190 0.999942660 0.010663377 -1.421658754 0.008721762 -0.010671491 0.999904990 45.620403290
0.999957621 -0.000874260 -0.009165751 0.853150725 0.000970885 0.999943912 0.010542797 -1.428876400 0.009156018 -0.010551248 0.999902427 46.173320770
0.999961317 -0.000519143 -0.008774293 0.848604798 0.000610611 0.999945462 0.010425017 -1.440688372 0.008768402 -0.010429971 0.999907136 46.696258545
0.999962986 -0.000709797 -0.008582049 0.847580075 0.000796845 0.999948204 0.010143864 -1.447366238 0.008574406 -0.010150326 0.999911726 47.239620209
0.999958158 -0.001272243 -0.009060456 0.860281289 0.001369170 0.999941826 0.010699588 -1.459088564 0.009046318 -0.010711546 0.999901652 47.737110138
0.999958932 -0.001198619 -0.008986732 0.871044517 0.001295369 0.999941230 0.010767763 -1.472935081 0.008973299 -0.010778963 0.999901593 48.284748077
0.999959886 -0.000950262 -0.008916385 0.864369810 0.001046506 0.999941170 0.010795649 -1.482109547 0.008905604 -0.010804547 0.999901950 48.827514648
0.999960780 -0.000962080 -0.008800852 0.874394119 0.001053634 0.999945283 0.010404072 -1.490277767 0.008790363 -0.010412938 0.999907136 49.299121857
0.999956489 -0.001348262 -0.009226746 0.887049079 0.001443300 0.999945879 0.010301325 -1.498499274 0.009212358 -0.010314194 0.999904335 49.848678589
0.999953985 -0.001007137 -0.009537034 0.904973626 0.001106847 0.999944687 0.010455484 -1.505712986 0.009525977 -0.010465559 0.999899864 50.364444733
0.999956012 -0.001294691 -0.009285649 0.893536091 0.001387248 0.999949336 0.009968244 -1.514376521 0.009272273 -0.009980686 0.999907136 50.920425415
0.999959528 -0.000446108 -0.008986072 0.903502166 0.000539832 0.999945462 0.010430190 -1.519159555 0.008980928 -0.010434618 0.999905229 51.407295227
0.999957740 -0.000273095 -0.009193159 0.908482194 0.000365975 0.999948919 0.010102930 -1.526191115 0.009189930 -0.010105867 0.999906719 51.952415466
0.999959767 0.000040341 -0.008971288 0.918684840 0.000047439 0.999952078 0.009784180 -1.532795906 0.008971252 -0.009784212 0.999911845 52.482170105
0.999959290 0.000363141 -0.009011730 0.917401671 -0.000273747 0.999950707 0.009918964 -1.543657064 0.009014887 -0.009916092 0.999910235 53.048263550
0.999961615 -0.000011560 -0.008756083 0.926480949 0.000098826 0.999950349 0.009966059 -1.557483435 0.008755532 -0.009966544 0.999912024 53.516036987
0.999960959 -0.000164023 -0.008839200 0.933331609 0.000253807 0.999948442 0.010157374 -1.564278603 0.008837078 -0.010159221 0.999909341 54.065887451
0.999958277 -0.000245484 -0.009140334 0.949721336 0.000338628 0.999948025 0.010190274 -1.573878050 0.009137359 -0.010192942 0.999906301 54.577396393
0.999957025 -0.000578752 -0.009249322 0.958719492 0.000669046 0.999952137 0.009762133 -1.573034286 0.009243228 -0.009767901 0.999909639 55.168949127
0.999961734 -0.000211242 -0.008744012 0.955287993 0.000301478 0.999946713 0.010319733 -1.602508187 0.008741365 -0.010321974 0.999908507 55.592494965
0.999960780 -0.000556818 -0.008837694 0.964801192 0.000645949 0.999948978 0.010085660 -1.611393213 0.008831627 -0.010090972 0.999910057 56.139904022
0.999959648 -0.000705486 -0.008960264 0.971357644 0.000789209 0.999956071 0.009343600 -1.610352635 0.008953278 -0.009350293 0.999916136 56.690761566
0.999960184 -0.000132633 -0.008923958 0.975511312 0.000216912 0.999955416 0.009443778 -1.617564440 0.008922307 -0.009445336 0.999915540 57.250797272
0.999961436 -0.000223758 -0.008775568 0.985300720 0.000311520 0.999949932 0.010000546 -1.639916420 0.008772890 -0.010002894 0.999911427 57.725582123
0.999958634 -0.000713790 -0.009058826 0.995002866 0.000806146 0.999947608 0.010195551 -1.652194738 0.009051074 -0.010202431 0.999907017 58.265171051
0.999958217 -0.000725734 -0.009117741 0.994197488 0.000820778 0.999945343 0.010424619 -1.659553766 0.009109677 -0.010431665 0.999904037 58.816989899
0.999957204 -0.000579503 -0.009238664 1.008980155 0.000673896 0.999947608 0.010217240 -1.669301987 0.009232257 -0.010223026 0.999905109 59.358959198
0.999958217 -0.000484701 -0.009128686 1.021648884 0.000572543 0.999953508 0.009622572 -1.672859430 0.009123597 -0.009627396 0.999912024 59.902107239
0.999959588 -0.000654666 -0.008967896 1.031860471 0.000750509 0.999942601 0.010688073 -1.709619880 0.008960384 -0.010694370 0.999902666 60.363296509
0.999965370 0.000110709 -0.008319400 1.035786390 -0.000025364 0.999947369 0.010258031 -1.716969967 0.008320099 -0.010257464 0.999912798 60.900844574
0.999962151 -0.000773849 -0.008661079 1.039652348 0.000864452 0.999944925 0.010462118 -1.725992799 0.008652506 -0.010469209 0.999907792 61.455139160
0.999958277 -0.000400289 -0.009134263 1.046161175 0.000494091 0.999947131 0.010269369 -1.738146186 0.009129670 -0.010273453 0.999905527 61.998889923
0.999961495 -0.000274386 -0.008769874 1.055846095 0.000369459 0.999941170 0.010841104 -1.759419441 0.008766385 -0.010843929 0.999902785 62.472709656
0.999954045 -0.000714490 -0.009555784 1.076161861 0.000816134 0.999943078 0.010637203 -1.766781569 0.009547639 -0.010644513 0.999897778 63.008029938
0.999955833 -0.000876908 -0.009351600 1.091205597 0.000977835 0.999941289 0.010793411 -1.779640317 0.009341586 -0.010802079 0.999898076 63.535778046
0.999960959 -0.000525881 -0.008817959 1.091782570 0.000619798 0.999943078 0.010651332 -1.791360617 0.008811856 -0.010656383 0.999904335 64.068122864
0.999957561 -0.000841823 -0.009169867 1.104346752 0.000937418 0.999945283 0.010425609 -1.795174122 0.009160589 -0.010433761 0.999903619 64.639793396
0.999963164 -0.000221251 -0.008583290 1.076739073 0.000316364 0.999938548 0.011081383 -1.816431522 0.008580310 -0.011083687 0.999901772 65.037376404
0.999962032 0.000238861 -0.008717903 1.086647034 -0.000140341 0.999936104 0.011299680 -1.823854208 0.008720044 -0.011298027 0.999898195 65.567665100
0.999958456 -0.000656331 -0.009090167 1.093844652 0.000758818 0.999936163 0.011275635 -1.834857464 0.009082187 -0.011282064 0.999895096 66.095184326
0.999957979 -0.000832032 -0.009141200 1.084459186 0.000935437 0.999935627 0.011313484 -1.848991394 0.009131199 -0.011321560 0.999894202 66.646781921
0.999955416 -0.001208851 -0.009363221 1.096937656 0.001309662 0.999941170 0.010768042 -1.838701487 0.009349653 -0.010779825 0.999898136 67.229721069
0.999959230 -0.000364189 -0.009024133 1.104398608 0.000464855 0.999937594 0.011155664 -1.876784325 0.009019508 -0.011159405 0.999897063 67.724388123
0.999957383 -0.000478148 -0.009212639 1.114533544 0.000581685 0.999936640 0.011239267 -1.886190057 0.009206680 -0.011244149 0.999894440 68.260932922
0.999960542 0.000082978 -0.008891366 1.123512864 0.000016657 0.999937177 0.011205157 -1.892596245 0.008891737 -0.011204865 0.999897718 68.804855347
0.999954402 -0.001409269 -0.009447766 1.130304575 0.001517235 0.999933481 0.011430288 -1.906513572 0.009431031 -0.011444103 0.999889970 69.312484741
0.999953866 -0.001428591 -0.009497060 1.134157658 0.001529836 0.999942005 0.010661978 -1.904692173 0.009481279 -0.010676017 0.999898076 69.935821533
0.999961734 -0.000201011 -0.008744252 1.135294676 0.000298133 0.999938250 0.011107082 -1.920586109 0.008741481 -0.011109265 0.999900103 70.454719543
0.999962151 -0.000150547 -0.008690663 1.138447046 0.000246585 0.999938905 0.011050660 -1.927793503 0.008688469 -0.011052388 0.999901175 71.008270264
0.999960780 0.000009533 -0.008862862 1.145203590 0.000088360 0.999938965 0.011044933 -1.935117483 0.008862426 -0.011045283 0.999899745 71.563949585
0.999960244 -0.000305596 -0.008915378 1.145881414 0.000401778 0.999941647 0.010788620 -1.945881367 0.008911562 -0.010791774 0.999902129 72.090133667
0.999967813 0.000702964 -0.007987951 1.138254166 -0.000616369 0.999941111 0.010837998 -1.960900068 0.007995100 -0.010832728 0.999909401 72.596328735
0.999968410 0.000917337 -0.007897298 1.108588696 -0.000829504 0.999937832 0.011117955 -1.967082500 0.007907007 -0.011111054 0.999907017 73.152572632
0.999970078 0.000241872 -0.007725806 1.116777420 -0.000155526 0.999937475 0.011174874 -1.962194443 0.007728024 -0.011173340 0.999907732 73.651580811
0.999968052 0.000768045 -0.007957736 1.164047241 -0.000678360 0.999936283 0.011266837 -1.998237610 0.007965883 -0.011261079 0.999904871 74.125213623
0.999964178 -0.000121910 -0.008458183 1.174041629 0.000216823 0.999937057 0.011221397 -2.007575512 0.008456282 -0.011222830 0.999901295 74.684837341
0.999960363 -0.000709751 -0.008876011 1.189444304 0.000808130 0.999938250 0.011085100 -2.024230242 0.008867595 -0.011091834 0.999899209 75.203308105
0.999961436 -0.000291739 -0.008784427 1.197150230 0.000392295 0.999934435 0.011447497 -2.033255577 0.008780512 -0.011450501 0.999895930 75.764694214
0.999965668 -0.000508759 -0.008270735 1.207469940 0.000597631 0.999942064 0.010746362 -2.030829430 0.008264791 -0.010750935 0.999908090 76.297042847
0.999970317 0.000771191 -0.007665758 1.173413992 -0.000685776 0.999937713 0.011138786 -2.043145895 0.007673869 -0.011133200 0.999908566 76.796455383
0.999969423 0.000629128 -0.007800152 1.181509018 -0.000544390 0.999940813 0.010861081 -2.052868843 0.007806524 -0.010856503 0.999910593 77.343254089
0.999969482 0.000611293 -0.007785917 1.193945169 -0.000526370 0.999940395 0.010904674 -2.063633442 0.007792118 -0.010900243 0.999910235 77.891853333
0.999974132 0.000624691 -0.007167929 1.198812008 -0.000545377 0.999938607 0.011061748 -2.068630457 0.007174399 -0.011057554 0.999913096 78.445175171
0.999981880 0.001168852 -0.005905820 1.205427289 -0.001105465 0.999941826 0.010724843 -2.074916840 0.005918012 -0.010718120 0.999925017 78.991615295
0.999987423 0.001160329 -0.004884789 1.214665174 -0.001106851 0.999939561 0.010936530 -2.087456226 0.004897183 -0.010930986 0.999928236 79.528381348
0.999994934 0.000357503 -0.003170710 1.220954895 -0.000323041 0.999940932 0.010862813 -2.091936111 0.003174407 -0.010861733 0.999935925 80.059753418
0.999999642 0.000727239 0.000479621 1.234405756 -0.000732316 0.999942720 0.010672684 -2.103069782 -0.000471832 -0.010673030 0.999942958 80.594566345
0.999991119 0.000605746 0.004156505 1.256271482 -0.000650384 0.999941945 0.010746401 -2.117651939 -0.004149755 -0.010749010 0.999933600 81.123908997
0.999973953 0.000232268 0.007224622 1.278089285 -0.000310076 0.999941885 0.010770549 -2.127570391 -0.007221702 -0.010772508 0.999915898 81.667655945
0.999927163 0.000194348 0.012066725 1.304122567 -0.000324488 0.999941945 0.010784033 -2.126308203 -0.012063927 -0.010787162 0.999869049 82.191551208
0.999830842 0.001109409 0.018355934 1.321067929 -0.001303249 0.999943495 0.010551461 -2.136462450 -0.018343193 -0.010573599 0.999775887 82.753707886
0.999715388 0.000440419 0.023853824 1.352846861 -0.000695719 0.999942482 0.010695457 -2.144598722 -0.023847742 -0.010709009 0.999658227 83.277946472
0.999560058 0.000488637 0.029656950 1.380890965 -0.000803869 0.999943197 0.010618285 -2.150834322 -0.029650077 -0.010637454 0.999503732 83.828674316
0.999300659 0.000489237 0.037387017 1.423719406 -0.000891642 0.999941766 0.010747309 -2.157267332 -0.037379585 -0.010773128 0.999243021 84.397468567
0.998987675 -0.000249391 0.044983983 1.473234653 -0.000215385 0.999946654 0.010326887 -2.163214207 -0.044984154 -0.010326123 0.998934269 84.942367554
0.998637974 0.000065526 0.052174322 1.508632660 -0.000614373 0.999944627 0.010503516 -2.173665524 -0.052170753 -0.010521267 0.998582721 85.504943848
0.998120785 0.000527649 0.061273865 1.565456629 -0.001167384 0.999945104 0.010405251 -2.183201313 -0.061265014 -0.010457227 0.998066783 86.016220093
0.997486591 -0.000630587 0.070853040 1.632542133 -0.000102890 0.999946415 0.010347970 -2.192801476 -0.070855781 -0.010329250 0.997433066 86.580917358
0.996841967 -0.000466330 0.079409227 1.694200993 -0.000351282 0.999947011 0.010281906 -2.197991610 -0.079409800 -0.010277329 0.996789098 87.107513428
0.996133089 -0.000637591 0.087854013 1.757891178 -0.000256965 0.999948263 0.010170624 -2.205542564 -0.087855928 -0.010153869 0.996081471 87.649108887
0.995184004 -0.000271826 0.098023891 1.834986210 -0.000723494 0.999948561 0.010118159 -2.218420029 -0.098021589 -0.010140353 0.995132565 88.187309265
0.994100690 -0.000883464 0.108457908 1.922350883 -0.000234485 0.999946952 0.010294490 -2.226805687 -0.108461246 -0.010259191 0.994047821 88.742446899
0.993087292 -0.001123077 0.117372066 2.002588272 -0.000046785 0.999950349 0.009963896 -2.234163761 -0.117377438 -0.009900508 0.993037999 89.273612976
0.991707861 -0.000997320 0.128507897 2.091155052 -0.000284998 0.999950349 0.009959743 -2.240865946 -0.128511444 -0.009913780 0.991658449 89.821060181
0.990058005 -0.001248766 0.140654191 2.192659378 -0.000139417 0.999951363 0.009859188 -2.252100468 -0.140659645 -0.009780778 0.990009606 90.357086182
0.988379598 -0.000941421 0.152002901 2.280732155 -0.000564907 0.999951184 0.009866375 -2.258875370 -0.152004778 -0.009837592 0.988330662 90.907974243
0.986813545 -0.001862700 0.161850244 2.413338661 0.000217640 0.999948144 0.010181219 -2.273420572 -0.161860824 -0.010011741 0.986762762 91.439682007
0.984628558 -0.002370201 0.174645171 2.538136482 0.000646126 0.999950528 0.009928070 -2.282368898 -0.174660042 -0.009662619 0.984581411 91.965126038
0.982308090 -0.002162202 0.187259436 2.649778366 0.000253699 0.999947786 0.010215123 -2.291502714 -0.187271759 -0.009986892 0.982257307 92.514366150
0.980276287 -0.001865535 0.197623074 2.781159401 -0.000176460 0.999946773 0.010314668 -2.305865049 -0.197631806 -0.010146095 0.980223894 93.033370972
0.977473199 -0.001527708 0.211054042 2.909078598 -0.000630944 0.999948323 0.010160243 -2.309654713 -0.211058617 -0.010064527 0.977421582 93.572257996
0.974515975 -0.001843276 0.224310160 3.058141708 -0.000514611 0.999945343 0.010452813 -2.322943211 -0.224317119 -0.010301865 0.974461734 94.105468750
0.971895576 -0.002510817 0.235398874 3.206523895 0.000151761 0.999949515 0.010039105 -2.325913668 -0.235412240 -0.009721238 0.971846998 94.648162842
0.968811572 -0.002427613 0.247786552 3.365400314 -0.000116382 0.999947488 0.010251717 -2.341060638 -0.247798383 -0.009960819 0.968760431 95.156410217
0.965335131 -0.003700564 0.260987341 3.536705017 0.000990941 0.999944210 0.010513026 -2.357877016 -0.261011720 -0.009889971 0.965284944 95.662841797
0.961945176 -0.003639719 0.273218393 3.710372925 0.000857885 0.999946535 0.010300502 -2.366170406 -0.273241311 -0.009674127 0.961896896 96.187942505
0.958662152 -0.003429226 0.284526080 3.887876511 0.000434249 0.999943852 0.010588610 -2.372206926 -0.284546435 -0.010027343 0.958609760 96.737007141
0.954475343 -0.003828862 0.298265219 4.063541412 0.000771190 0.999945998 0.010368536 -2.376882076 -0.298288763 -0.009666493 0.954426706 97.240638733
0.949855626 -0.002870601 0.312675834 4.278467178 -0.000516572 0.999942124 0.010749485 -2.385936737 -0.312688619 -0.010371977 0.949799061 97.780601501
0.946211398 -0.005237998 0.323506594 4.486972809 0.001879849 0.999940991 0.010692067 -2.397014618 -0.323543549 -0.009508812 0.946165502 98.302307129
0.941813111 -0.003986724 0.336113125 4.688684464 0.000189705 0.999935746 0.011328926 -2.411984921 -0.336136669 -0.010605970 0.941753507 98.821609497
0.936714172 -0.005974115 0.350044101 4.902793884 0.002252683 0.999936521 0.011037509 -2.418007851 -0.350087881 -0.009550452 0.936668158 99.308341980
0.931995273 -0.005599640 0.362427056 5.122535706 0.001675390 0.999936461 0.011141079 -2.426373959 -0.362466484 -0.009776227 0.931945443 99.816078186
0.928035021 -0.007452263 0.372418463 5.347011566 0.003528140 0.999930859 0.011217247 -2.437263012 -0.372476310 -0.009096054 0.927997112 100.304496765
0.922387004 -0.007059541 0.386202484 5.579645157 0.003091244 0.999935806 0.010895227 -2.435827494 -0.386254609 -0.008855768 0.922349632 100.793151855
0.916988134 -0.008097085 0.398832262 5.811973572 0.003855498 0.999927104 0.011436009 -2.451220512 -0.398895860 -0.008948986 0.916952550 101.280471802
0.911869287 -0.008681711 0.410388917 6.058109283 0.004587788 0.999929428 0.010959445 -2.455814838 -0.410455048 -0.008110804 0.911844611 101.773338318
0.905656338 -0.008865168 0.423920095 6.333385468 0.004363684 0.999923289 0.011588249 -2.475167274 -0.423990399 -0.008645117 0.905625463 102.268928528
0.898681104 -0.009066295 0.438508928 6.594966888 0.004455885 0.999923408 0.011541797 -2.478762150 -0.438579977 -0.008418451 0.898652673 102.761474609
0.893007755 -0.009862997 0.449933171 6.894237518 0.005079687 0.999917030 0.011837271 -2.490687609 -0.450012535 -0.008285256 0.892983794 103.279296875
0.887507379 -0.010114339 0.460682303 7.182380676 0.005381991 0.999918401 0.011584896 -2.497889996 -0.460761905 -0.007802293 0.887489498 103.758979797
0.880331039 -0.010037427 0.474253476 7.462707520 0.005279195 0.999921501 0.011363542 -2.505839348 -0.474330336 -0.007500003 0.880315006 104.229934692
0.873627126 -0.010562139 0.486481339 7.753959656 0.005691366 0.999917805 0.011488905 -2.513858318 -0.486562699 -0.007268275 0.873615444 104.689918518
