1.000000000 0.000000000 0.000000000 0.000000000 0.000000000 1.000000000 0.000000000 0.000000000 0.000000000 0.000000000 1.000000000 0.000000000
1.000000000 0.000080557 0.000043529 -0.000346796 -0.000080557 1.000000000 -0.000001048 -0.000809001 -0.000043529 0.000001044 1.000000000 -0.000750237
1.000000000 0.000142560 0.000041510 0.001867589 -0.000142561 1.000000000 0.000023643 0.000550523 -0.000041507 -0.000023649 1.000000000 -0.001781233
1.000000000 0.000018947 -0.000006672 -0.000025763 -0.000018947 1.000000000 0.000044082 0.000349219 0.000006673 -0.000044082 1.000000000 0.001941812
1.000000000 0.000019362 0.000043104 -0.000385343 -0.000019362 1.000000000 0.000013560 0.000698375 -0.000043104 -0.000013561 1.000000000 0.001466462
1.000000000 0.000015016 0.000080622 -0.000341277 -0.000015025 1.000000000 0.000120770 -0.000070702 -0.000080621 -0.000120771 1.000000000 -0.003895334
1.000000000 -0.000070538 0.000089178 -0.001402312 0.000070533 1.000000000 0.000061145 0.000448874 -0.000089182 -0.000061138 1.000000000 -0.001992901
1.000000000 0.000078226 0.000069821 0.000057557 -0.000078226 1.000000000 -0.000001513 -0.000079757 -0.000069821 0.000001508 1.000000000 -0.000459198
1.000000000 -0.000000444 0.000059702 0.000122536 0.000000443 1.000000000 0.000019304 -0.000039403 -0.000059702 -0.000019304 1.000000000 -0.000825235
1.000000000 0.000001404 -0.000012921 -0.000284577 -0.000001404 1.000000000 0.000028644 0.000247475 0.000012921 -0.000028644 1.000000000 -0.003537084
1.000000000 -0.000097197 0.000006879 0.000306323 0.000097197 1.000000000 -0.000000134 -0.000368226 -0.000006879 0.000000135 1.000000000 0.000733676
1.000000000 -0.000193891 0.000001454 0.000051358 0.000193891 1.000000000 0.000073813 -0.000624213 -0.000001468 -0.000073813 1.000000000 -0.001093533
1.000000000 -0.000019844 0.000092148 0.000443586 0.000019844 1.000000000 0.000003238 -0.000091370 -0.000092148 -0.000003237 1.000000000 -0.001159938
0.999999940 -0.000276802 -0.000011211 0.000012870 0.000276804 0.999999940 0.000132218 0.000118378 0.000011174 -0.000132221 1.000000000 -0.002551647
1.000000000 -0.000177934 0.000020711 -0.000295434 0.000177933 1.000000000 0.000028625 -0.000157469 -0.000020717 -0.000028621 1.000000000 -0.001126624
1.000000000 -0.000161209 0.000042957 -0.000952517 0.000161208 1.000000000 0.000038928 -0.000799829 -0.000042963 -0.000038921 1.000000000 -0.001859971
1.000000000 -0.000069386 -0.000010183 -0.000800233 0.000069387 1.000000000 0.000060941 -0.000143609 0.000010179 -0.000060941 1.000000000 -0.005156335
1.000000000 -0.000222352 -0.000017795 0.000633264 0.000222353 1.000000000 0.000054075 -0.000627861 0.000017783 -0.000054079 1.000000000 -0.002687756
1.000000000 -0.000106348 -0.000017387 0.000867356 0.000106349 1.000000000 0.000037738 -0.000296863 0.000017383 -0.000037740 1.000000000 -0.007160463
1.000000000 -0.000192635 -0.000054763 0.002314122 0.000192641 1.000000000 0.000112979 -0.002848465 0.000054741 -0.000112989 1.000000000 -0.006098691
1.000000000 -0.000068834 0.000079917 -0.000812900 0.000068828 1.000000000 0.000084535 -0.002217419 -0.000079923 -0.000084529 1.000000000 -0.002352379
1.000000000 0.000003302 0.000094468 -0.001078967 -0.000003320 1.000000000 0.000191756 -0.002627977 -0.000094468 -0.000191757 1.000000000 -0.005353286
1.000000000 -0.000144727 0.000060699 -0.000324986 0.000144724 1.000000000 0.000043660 0.001320574 -0.000060705 -0.000043651 1.000000000 -0.006515347
1.000000000 -0.000079631 0.000027435 0.001167388 0.000079628 1.000000000 0.000103218 -0.000525863 -0.000027443 -0.000103216 1.000000000 -0.006619550
1.000000000 -0.000122174 -0.000007247 0.000755980 0.000122175 1.000000000 0.000131544 -0.001719219 0.000007231 -0.000131545 1.000000000 -0.003854163
1.000000000 -0.000046094 0.000100336 -0.002862682 0.000046091 1.000000000 0.000026938 -0.000635787 -0.000100338 -0.000026934 1.000000000 -0.002007273
1.000000000 -0.000170862 0.000017281 -0.001856027 0.000170861 1.000000000 0.000073791 0.000152935 -0.000017293 -0.000073788 1.000000000 -0.001826248
1.000000000 -0.000168299 -0.000046649 -0.000972629 0.000168305 1.000000000 0.000123024 0.000680815 0.000046628 -0.000123032 1.000000000 -0.002365653
1.000000000 -0.000124761 0.000007698 0.000825662 0.000124760 1.000000000 0.000095212 -0.001209988 -0.000007710 -0.000095211 1.000000000 -0.000060608
1.000000000 -0.000175761 0.000023545 -0.001316138 0.000175758 1.000000000 0.000137718 -0.001609976 -0.000023570 -0.000137714 1.000000000 -0.000318910
1.000000000 -0.000231753 0.000052967 -0.002887073 0.000231745 0.999999940 0.000149608 -0.001884143 -0.000053001 -0.000149596 1.000000000 -0.002798935
1.000000000 -0.000141084 0.000032472 -0.000232812 0.000141080 1.000000000 0.000121074 -0.001977579 -0.000032489 -0.000121070 1.000000000 -0.002647817
1.000000000 0.000019387 0.000050892 -0.003494209 -0.000019390 1.000000000 0.000062155 -0.000679668 -0.000050891 -0.000062156 1.000000000 -0.004152853
1.000000000 -0.000088736 0.000000806 -0.001616619 0.000088736 1.000000000 -0.000014003 0.001506232 -0.000000804 0.000014003 1.000000000 -0.004463139
1.000000000 -0.000095091 0.000051654 -0.002959140 0.000095092 1.000000000 -0.000032318 0.001858645 -0.000051651 0.000032323 1.000000000 -0.000307401
1.000000000 -0.000090811 0.000064619 -0.001742161 0.000090810 1.000000000 0.000008736 -0.000071773 -0.000064620 -0.000008730 1.000000000 -0.003688090
0.999999940 -0.000241693 0.000051421 -0.003301677 0.000241689 0.999999940 0.000063795 -0.002322702 -0.000051437 -0.000063782 1.000000000 -0.001308864
1.000000000 -0.000163390 0.000048641 -0.000716910 0.000163389 1.000000000 0.000016472 -0.000254085 -0.000048644 -0.000016464 1.000000000 0.000060723
0.999999940 -0.000357884 -0.000034555 0.000213422 0.000357889 0.999999940 0.000140203 -0.002041658 0.000034505 -0.000140215 1.000000000 0.000454055
1.000000000 -0.000125835 0.000054814 0.002085887 0.000125866 0.999999821 -0.000576278 -0.005272380 -0.000054742 0.000576285 0.999999821 0.048127629
1.000000000 -0.000067730 0.000046304 0.002853312 0.000067783 0.999999344 -0.001149762 -0.004988516 -0.000046226 0.001149765 0.999999344 0.139331192
0.999999940 -0.000304603 -0.000112436 0.008387139 0.000304441 0.999998927 -0.001445024 -0.011424188 0.000112876 0.001444990 0.999998927 0.255541623
1.000000000 -0.000082188 0.000155084 0.003260044 0.000082374 0.999999285 -0.001203208 -0.018211989 -0.000154985 0.001203220 0.999999285 0.386273474
1.000000000 0.000075051 0.000012080 0.008475418 -0.000075038 0.999999404 -0.001080575 -0.021542979 -0.000012162 0.001080574 0.999999404 0.533506453
0.999999940 0.000199194 0.000311323 0.008045247 -0.000198983 0.999999762 -0.000677558 -0.030574273 -0.000311458 0.000677496 0.999999642 0.695168674
1.000000000 -0.000087369 0.000184444 0.018664651 0.000087476 0.999999821 -0.000580973 -0.032935437 -0.000184393 0.000580989 0.999999762 0.862716436
1.000000000 0.000105361 0.000129909 0.013313944 -0.000105288 0.999999821 -0.000557160 -0.041721962 -0.000129968 0.000557147 0.999999821 1.031430006
1.000000000 0.000160631 0.000122564 0.021947479 -0.000160566 0.999999821 -0.000530894 -0.047581743 -0.000122649 0.000530874 0.999999821 1.200986028
0.999999940 0.000107256 0.000289219 0.018124098 -0.000107258 0.999999940 0.000005203 -0.057741370 -0.000289218 -0.000005234 0.999999881 1.393841624
0.999999762 0.000552797 0.000387095 0.016792372 -0.000552793 0.999999821 -0.000010386 -0.062219746 -0.000387101 0.000010172 0.999999940 1.585537195
0.999999821 0.000296029 0.000577107 0.022380821 -0.000296182 1.000000000 0.000264987 -0.070856094 -0.000577028 -0.000265158 0.999999762 1.793811679
0.999999821 0.000031372 0.000502656 0.025822330 -0.000031746 0.999999642 0.000743388 -0.081104554 -0.000502633 -0.000743404 0.999999583 1.995749354
0.999999642 0.000492245 0.000677755 0.030649288 -0.000492660 0.999999642 0.000612170 -0.085373700 -0.000677453 -0.000612504 0.999999523 2.201143980
0.999999762 0.000273798 0.000602571 0.038069602 -0.000274277 0.999999642 0.000793884 -0.091438301 -0.000602353 -0.000794049 0.999999523 2.417371273
0.999999523 0.000511767 0.000778655 0.041634534 -0.000512551 0.999999285 0.001007127 -0.101267286 -0.000778140 -0.001007526 0.999999166 2.642783880
0.999999762 0.000249841 0.000683893 0.044997554 -0.000250526 0.999999464 0.001001352 -0.110067345 -0.000683642 -0.001001523 0.999999225 2.870019436
0.999999583 0.000493551 0.000732277 0.055515885 -0.000494451 0.999999106 0.001230192 -0.116529837 -0.000731669 -0.001230554 0.999999046 3.107450962
0.999999821 0.000222253 0.000567616 0.061485808 -0.000222831 0.999999464 0.001019295 -0.121980727 -0.000567390 -0.001019421 0.999999344 3.336721182
0.999999762 0.000302925 0.000663190 0.063845865 -0.000303593 0.999999464 0.001007413 -0.126766980 -0.000662885 -0.001007614 0.999999285 3.580470800
0.999999583 0.000515306 0.000791837 0.066289335 -0.000516335 0.999999046 0.001299724 -0.138946116 -0.000791166 -0.001300133 0.999998808 3.830122471
0.999999642 0.000303382 0.000694097 0.073302805 -0.000304290 0.999999046 0.001308721 -0.144672722 -0.000693699 -0.001308931 0.999998927 4.092071056
0.999999702 0.000386320 0.000705455 0.077355191 -0.000387483 0.999998569 0.001649105 -0.152661949 -0.000704816 -0.001649378 0.999998391 4.338165283
0.999999344 0.000809783 0.000808464 0.083092064 -0.000810879 0.999998748 0.001356308 -0.157000750 -0.000807365 -0.001356963 0.999998748 4.596035957
0.999999106 0.000749597 0.001103220 0.086390808 -0.000751143 0.999998748 0.001401838 -0.168627679 -0.001102168 -0.001402665 0.999998331 4.849879265
0.999998748 0.000968340 0.001267716 0.088519901 -0.000970009 0.999998689 0.001316602 -0.172644332 -0.001266440 -0.001317830 0.999998271 5.112581730
0.999999285 0.000905951 0.000748293 0.103989996 -0.000907308 0.999997914 0.001815642 -0.189017490 -0.000746647 -0.001816320 0.999998093 5.372989655
0.999999285 0.000697950 0.000893427 0.102552749 -0.000699411 0.999998331 0.001636531 -0.195520550 -0.000892284 -0.001637155 0.999998271 5.643535137
0.999999404 0.000766231 0.000755040 0.108978987 -0.000767553 0.999998152 0.001751371 -0.207106933 -0.000753697 -0.001751950 0.999998093 5.915638447
0.999999583 0.000199604 0.000859529 0.114352845 -0.000201282 0.999998033 0.001952060 -0.219202042 -0.000859138 -0.001952233 0.999997675 6.175260544
0.999998391 0.001203443 0.001323338 0.114057876 -0.001205825 0.999997675 0.001800350 -0.219933301 -0.001321169 -0.001801944 0.999997497 6.468187809
0.999997973 0.001461337 0.001386958 0.118063048 -0.001463851 0.999997318 0.001813440 -0.232805014 -0.001384304 -0.001815467 0.999997377 6.750279427
0.999998987 0.000679028 0.001232487 0.128774092 -0.000681328 0.999997973 0.001866560 -0.238265157 -0.001231218 -0.001867398 0.999997437 7.055303574
0.999998927 0.001131383 0.000929194 0.140836656 -0.001132867 0.999998093 0.001597848 -0.246320412 -0.000927384 -0.001598899 0.999998271 7.352235317
0.999999285 0.000985394 0.000726104 0.155297726 -0.000986365 0.999998689 0.001338631 -0.255469471 -0.000724784 -0.001339346 0.999998808 7.645180702
0.999999225 0.000747401 0.000991665 0.156153053 -0.000748848 0.999998569 0.001459380 -0.262822092 -0.000990573 -0.001460121 0.999998450 7.969215870
0.999999046 0.001056733 0.000885726 0.168299228 -0.001058335 0.999997735 0.001811093 -0.278103977 -0.000883810 -0.001812028 0.999998033 8.277855873
0.999999046 0.000746802 0.001106557 0.173518047 -0.000748765 0.999998093 0.001774370 -0.287989348 -0.001105230 -0.001775197 0.999997795 8.609107018
0.999998987 0.000798981 0.001133894 0.179600284 -0.000801073 0.999997973 0.001845742 -0.298284024 -0.001132417 -0.001846648 0.999997616 8.941808701
0.999998927 0.000436482 0.001393180 0.179780975 -0.000438738 0.999998629 0.001619401 -0.301165223 -0.001392472 -0.001620010 0.999997735 9.296925545
0.999999583 0.000135810 0.000866087 0.196566120 -0.000137738 0.999997497 0.002227087 -0.320826262 -0.000865783 -0.002227206 0.999997139 9.606045723
0.999999285 0.000560031 0.001052481 0.204126328 -0.000562439 0.999997139 0.002289711 -0.335627645 -0.001051195 -0.002290301 0.999996781 9.949750900
0.999998868 0.000871716 0.001210323 0.214010581 -0.000874471 0.999996960 0.002277707 -0.347743899 -0.001208334 -0.002278763 0.999996662 10.308459282
0.999998271 0.001406886 0.001181499 0.221958041 -0.001410190 0.999995112 0.002799724 -0.368527442 -0.001177554 -0.002801386 0.999995410 10.651731491
0.999998987 0.000966483 0.001044803 0.233782724 -0.000969539 0.999995232 0.002928753 -0.379360229 -0.001041967 -0.002929762 0.999995232 11.033436775
0.999998808 0.001059137 0.001045245 0.243599340 -0.001062007 0.999995649 0.002749091 -0.396627337 -0.001042329 -0.002750199 0.999995649 11.395390511
0.999996841 0.001708370 0.001832643 0.241066322 -0.001714170 0.999993563 0.003167751 -0.398916692 -0.001827220 -0.003170883 0.999993384 11.796749115
0.999999046 0.000948253 0.000945585 0.261015654 -0.000951790 0.999992549 0.003746987 -0.425971568 -0.000942025 -0.003747883 0.999992490 12.108007431
0.999999523 0.000567533 0.000838339 0.268599033 -0.000570793 0.999992311 0.003893539 -0.437901080 -0.000836123 -0.003894015 0.999992013 12.494191170
0.999999106 0.000916144 0.001007212 0.283338755 -0.000919640 0.999993563 0.003475574 -0.444622934 -0.001004021 -0.003476497 0.999993443 12.875686646
0.999998868 0.001142982 0.001037487 0.291458309 -0.001146310 0.999994218 0.003213383 -0.456297934 -0.001033808 -0.003214568 0.999994278 13.248810768
0.999998629 0.000895617 0.001381908 0.296328217 -0.000900960 0.999992073 0.003871153 -0.486081392 -0.001378430 -0.003872393 0.999991536 13.686868668
0.999999702 0.000305004 0.000663238 0.311051190 -0.000307492 0.999992907 0.003754642 -0.491189748 -0.000662089 -0.003754844 0.999992728 14.115778923
0.999997199 0.001185665 0.002023768 0.310291380 -0.001193752 0.999991298 0.003999987 -0.507935405 -0.002019008 -0.004002392 0.999989867 14.508597374
0.999997556 0.001098416 0.001896975 0.321954191 -0.001106955 0.999989271 0.004506075 -0.523356259 -0.001892005 -0.004508164 0.999987960 14.916179657
0.999995530 0.001499079 0.002589460 0.323491931 -0.001511074 0.999988139 0.004636455 -0.531993806 -0.002582478 -0.004640347 0.999985814 15.359045982
0.999993086 0.001973110 0.003145322 0.342695206 -0.001986794 0.999988556 0.004353216 -0.546809852 -0.003136697 -0.004359435 0.999985576 15.777933121
0.999993682 0.001440251 0.003231354 0.356023490 -0.001453275 0.999990761 0.004032000 -0.554993510 -0.003225517 -0.004036671 0.999986649 16.220792770
0.999994755 0.000848773 0.003111775 0.371685356 -0.000860501 0.999992609 0.003769764 -0.567848742 -0.003108552 -0.003772422 0.999988019 16.656311035
0.999990523 0.002039423 0.003839799 0.373431593 -0.002057672 0.999986589 0.004754865 -0.587601662 -0.003830049 -0.004762719 0.999981344 17.096750259
0.999988556 0.002514770 0.004070343 0.382184505 -0.002532952 0.999986827 0.004467815 -0.594275653 -0.004059053 -0.004478073 0.999981761 17.553205490
0.999988258 0.002282938 0.004289189 0.396136463 -0.002301068 0.999988437 0.004226571 -0.607869148 -0.004279491 -0.004236391 0.999981880 18.020704269
0.999984980 0.002608309 0.004816051 0.407357097 -0.002630252 0.999986172 0.004555575 -0.617634594 -0.004804101 -0.004568173 0.999978006 18.492929459
0.999986231 0.002405199 0.004662244 0.413982987 -0.002426582 0.999986589 0.004586085 -0.631870389 -0.004651151 -0.004597335 0.999978662 18.951562881
0.999987543 0.002088333 0.004534191 0.438557863 -0.002110371 0.999985933 0.004860989 -0.646304131 -0.004523977 -0.004870497 0.999977946 19.424110413
0.999986589 0.002219248 0.004672682 0.457754940 -0.002243175 0.999984384 0.005121746 -0.677966893 -0.004661242 -0.005132159 0.999975920 19.845006943
0.999987364 0.001793456 0.004693802 0.471283585 -0.001818989 0.999983609 0.005441083 -0.692770243 -0.004683966 -0.005449553 0.999974191 20.331367493
0.999990344 0.000979153 0.004265548 0.482144088 -0.001003484 0.999983191 0.005705825 -0.713684261 -0.004259890 -0.005710051 0.999974608 20.836225510
0.999993503 0.001136037 0.003383557 0.493823171 -0.001154096 0.999985039 0.005340195 -0.713044405 -0.003377440 -0.005344067 0.999979973 21.361000061
0.999993503 0.001223610 0.003369914 0.511372387 -0.001243881 0.999981105 0.006019700 -0.738817811 -0.003362485 -0.006023854 0.999976158 21.835702896
0.999994934 0.001272384 0.002966752 0.530650377 -0.001292147 0.999976933 0.006668861 -0.783000529 -0.002958199 -0.006672660 0.999973357 22.336618423
0.999996126 0.001447752 0.002377221 0.534418166 -0.001464346 0.999974489 0.006993234 -0.799926937 -0.002367036 -0.006996688 0.999972701 22.848665237
0.999998212 0.000585402 0.001810165 0.539484620 -0.000597555 0.999977171 0.006720699 -0.811336339 -0.001806190 -0.006721769 0.999975801 23.336889267
0.999999166 -0.000462163 0.001137259 0.555844903 0.000454856 0.999979317 0.006416479 -0.818551779 -0.001140201 -0.006415958 0.999978781 23.867517471
0.999999464 0.000866675 0.000559210 0.561686039 -0.000870133 0.999980271 0.006215353 -0.825402319 -0.000553812 -0.006215837 0.999980509 24.382898331
0.999999881 0.000528583 -0.000120729 0.577923656 -0.000527808 0.999979734 0.006333510 -0.837735415 0.000124074 -0.006333446 0.999979913 24.877552032
0.999998450 0.001707947 -0.000293953 0.579807580 -0.001706072 0.999978900 0.006267379 -0.847455025 0.000304651 -0.006266868 0.999980330 25.403024673
0.999997854 0.001755624 -0.001055207 0.605737865 -0.001748341 0.999974906 0.006863100 -0.875590503 0.001067229 -0.006861241 0.999975920 25.910358429
0.999998987 0.000645067 -0.001245887 0.617236018 -0.000635854 0.999972582 0.007381282 -0.875437319 0.001250614 -0.007380483 0.999971926 26.483070374
0.999998093 0.000673334 -0.001847770 0.630082667 -0.000659940 0.999973595 0.007239908 -0.889196932 0.001852596 -0.007238675 0.999972045 27.002412796
0.999996603 0.001448388 -0.002165589 0.642932415 -0.001431839 0.999969840 0.007623778 -0.910486877 0.002176566 -0.007620650 0.999968588 27.527824402
0.999996185 0.000976424 -0.002576920 0.650844812 -0.000956156 0.999968708 0.007854857 -0.922498226 0.002584510 -0.007852365 0.999965787 28.071548462
0.999994874 0.001313620 -0.002900686 0.662228882 -0.001291385 0.999969840 0.007653912 -0.931594551 0.002910652 -0.007650127 0.999966502 28.606216431
0.999993503 0.001594517 -0.003232480 0.673010588 -0.001569378 0.999968588 0.007764509 -0.944674373 0.003244760 -0.007759385 0.999964654 29.142831802
0.999992013 0.001801026 -0.003543857 0.681933165 -0.001774258 0.999969959 0.007542079 -0.956842482 0.003557334 -0.007535731 0.999965250 29.663660049
0.999992251 0.001933839 -0.003435121 0.688220143 -0.001906437 0.999966502 0.007962640 -0.974813461 0.003450404 -0.007956030 0.999962389 30.199998856
0.999991179 0.002013505 -0.003690643 0.699502409 -0.001984517 0.999967277 0.007840903 -0.982606769 0.003706310 -0.007833511 0.999962449 30.724426270
0.999989510 0.002590195 -0.003781007 0.700603485 -0.002560336 0.999965787 0.007880701 -0.996872604 0.003801290 -0.007870940 0.999961734 31.249504089
0.999987721 0.002047893 -0.004514585 0.719687104 -0.002013128 0.999968410 0.007691506 -1.010846257 0.004530194 -0.007682326 0.999960184 31.786827087
0.999987602 0.002218431 -0.004462011 0.723783255 -0.002182804 0.999965847 0.007973723 -1.022437811 0.004479547 -0.007963885 0.999958277 32.292514801
0.999986172 0.002771835 -0.004472672 0.717177153 -0.002737143 0.999966264 0.007743811 -1.027715206 0.004493985 -0.007731462 0.999960005 32.861495972
0.999987006 0.001454524 -0.004882456 0.724966049 -0.001413362 0.999963522 0.008423029 -1.054648638 0.004894529 -0.008416018 0.999952614 33.362007141
0.999986172 0.002216615 -0.004763582 0.726179957 -0.002176636 0.999962449 0.008381438 -1.070246339 0.004781983 -0.008370955 0.999953568 33.910842896
0.999986172 0.002114780 -0.004821023 0.722317457 -0.002076861 0.999966979 0.007856536 -1.066061974 0.004837479 -0.007846413 0.999957561 34.425205231
0.999984145 0.001765028 -0.005350458 0.748975277 -0.001718988 0.999961555 0.008597256 -1.098922491 0.005365429 -0.008587923 0.999948680 34.950225830
0.999982893 0.001494264 -0.005658220 0.747422695 -0.001444572 0.999960542 0.008776014 -1.118229032 0.005671110 -0.008767691 0.999945462 35.509521484
0.999984086 0.001974693 -0.005287482 0.756386995 -0.001929439 0.999961555 0.008550298 -1.130746126 0.005304163 -0.008539962 0.999949455 36.058563232
0.999981761 0.001163051 -0.005933930 0.761630535 -0.001111468 0.999961674 0.008688836 -1.138519049 0.005943808 -0.008682081 0.999944687 36.592021942
0.999979854 0.001390960 -0.006206874 0.762964129 -0.001335070 0.999958634 0.008999615 -1.164415479 0.006219136 -0.008991146 0.999940217 37.089603424
0.999979317 0.001332354 -0.006297419 0.784393311 -0.001275470 0.999958396 0.009028360 -1.148010492 0.006309186 -0.009020141 0.999939442 37.555088043
0.999979913 0.000962074 -0.006257411 0.759432018 -0.000903720 0.999956131 0.009321721 -1.169476748 0.006266104 -0.009315879 0.999936998 38.155261993
0.999983490 0.001174675 -0.005624760 0.733133316 -0.001121509 0.999954700 0.009445788 -1.186157584 0.005635601 -0.009439324 0.999939620 38.534416199
0.999982476 0.001958729 -0.005578238 0.806623042 -0.001904866 0.999951661 0.009645224 -1.205633044 0.005596861 -0.009634430 0.999937952 39.010471344
0.999979258 0.001125680 -0.006332357 0.825389624 -0.001059271 0.999944508 0.010480820 -1.257158041 0.006343804 -0.010473898 0.999925017 39.709506989
0.999979794 0.001588864 -0.006159829 0.830718994 -0.001524924 0.999945045 0.010371088 -1.274427295 0.006175969 -0.010361486 0.999927163 40.220561981
0.999978900 0.001733215 -0.006264499 0.844011366 -0.001671336 0.999949872 0.009869402 -1.273964286 0.006281290 -0.009858726 0.999931693 40.788757324
0.999975920 0.001876797 -0.006696234 0.862612665 -0.001811110 0.999950290 0.009802139 -1.283325911 0.006714299 -0.009789774 0.999929547 41.333148956
0.999979079 0.002126420 -0.006106199 0.853697062 -0.002062596 0.999943376 0.010439644 -1.306295753 0.006128050 -0.010426831 0.999926805 41.833698273
0.999977350 0.002429991 -0.006280173 0.870100617 -0.002365598 0.999944746 0.010240646 -1.317750931 0.006304711 -0.010225558 0.999927819 42.381103516
0.999978125 0.002365342 -0.006164003 0.875783145 -0.002304326 0.999948382 0.009886975 -1.321113229 0.006187071 -0.009872557 0.999932051 42.907421112
0.999979138 0.002221156 -0.006062542 0.874139190 -0.002158982 0.999945223 0.010242900 -1.336880088 0.006084962 -0.010229597 0.999929130 43.451660156
0.999978125 0.002520998 -0.006118199 0.886119366 -0.002461128 0.999949217 0.009773266 -1.341289639 0.006142527 -0.009757994 0.999933541 43.993061066
0.999979317 0.001408886 -0.006271442 0.903159738 -0.001341842 0.999942064 0.010681683 -1.360665441 0.006286130 -0.010673048 0.999923229 44.530574799
0.999978721 0.003086164 -0.005746185 0.888019085 -0.003030640 0.999948859 0.009646459 -1.359668970 0.005775662 -0.009628840 0.999936938 45.062381744
0.999979079 0.002634654 -0.005907847 0.903395295 -0.002578712 0.999951899 0.009456743 -1.371443987 0.005932478 -0.009441311 0.999937832 45.596279144
0.999979317 0.003267515 -0.005540042 0.904275060 -0.003214667 0.999949515 0.009521630 -1.383642673 0.005570875 -0.009503624 0.999939322 46.164916992
0.999977469 0.003069238 -0.005957359 0.909088373 -0.003013174 0.999951303 0.009397209 -1.385488629 0.005985911 -0.009379048 0.999938071 46.646686554
0.999976993 0.003517738 -0.005798762 0.936932802 -0.003462142 0.999948204 0.009569917 -1.391189933 0.005832126 -0.009549621 0.999937415 47.263633728
0.999979138 0.003053727 -0.005689799 0.922578752 -0.002999409 0.999950111 0.009530677 -1.408686638 0.005718618 -0.009513414 0.999938309 47.703102112
0.999976099 0.002896239 -0.006275672 0.937966883 -0.002835879 0.999949872 0.009605595 -1.422913671 0.006303178 -0.009587568 0.999934196 48.226852417
0.999976218 0.003449671 -0.005960918 0.945138335 -0.003392383 0.999948204 0.009594092 -1.435492158 0.005993705 -0.009573643 0.999936223 48.760658264
0.999975860 0.003408425 -0.006050370 0.949767232 -0.003349919 0.999947786 0.009653935 -1.443758607 0.006082959 -0.009633435 0.999935031 49.284984589
0.999975920 0.003326504 -0.006079579 0.955675721 -0.003267674 0.999947906 0.009661390 -1.459302545 0.006111400 -0.009641292 0.999934852 49.817420959
0.999974489 0.003389759 -0.006286616 0.961724937 -0.003327770 0.999945998 0.009844780 -1.466358900 0.006319648 -0.009823608 0.999931753 50.336990356
0.999974549 0.003522818 -0.006205225 0.968763769 -0.003461277 0.999944985 0.009900547 -1.476096392 0.006239761 -0.009878817 0.999931753 50.849819183
0.999973059 0.004087181 -0.006092157 0.968907475 -0.004029441 0.999947131 0.009460098 -1.485252142 0.006130500 -0.009435295 0.999936700 51.385787964
0.999974132 0.004045469 -0.005946941 0.985180378 -0.003986821 0.999943554 0.009841055 -1.492777348 0.005986418 -0.009817090 0.999933898 51.876079559
0.999976754 0.004662388 -0.004984806 0.965768933 -0.004612813 0.999940217 0.009911050 -1.512283564 0.005030718 -0.009887825 0.999938488 52.446285248
0.999979794 0.002875348 -0.005668131 0.990403771 -0.002815769 0.999940932 0.010491396 -1.526869655 0.005697962 -0.010475224 0.999928892 52.923744202
0.999978006 0.004535603 -0.004829689 0.965061665 -0.004486065 0.999937654 0.010218703 -1.538996458 0.004875736 -0.010196812 0.999936104 53.427070618
0.999975264 0.004736292 -0.005217537 0.996543884 -0.004684743 0.999940515 0.009848098 -1.545204878 0.005263872 -0.009823412 0.999937892 53.939823151
0.999974370 0.005032649 -0.005094222 0.998103023 -0.004986169 0.999946177 0.009096009 -1.522502184 0.005139725 -0.009070375 0.999945641 54.645832062
0.999975145 0.004695708 -0.005259451 1.001427412 -0.004638404 0.999930322 0.010855284 -1.579151630 0.005310058 -0.010830618 0.999927223 55.031002045
0.999975204 0.004459006 -0.005440102 1.022990108 -0.004402148 0.999935985 0.010419129 -1.584677219 0.005486213 -0.010394922 0.999930978 55.478523254
0.999973357 0.005017384 -0.005301202 1.035695314 -0.004963683 0.999936700 0.010095174 -1.596861601 0.005351517 -0.010068592 0.999934971 55.971252441
0.999971330 0.005968240 -0.004644751 1.043961525 -0.005921749 0.999932826 0.009959593 -1.593153477 0.004703880 -0.009931802 0.999939620 56.603534698
0.999975204 0.004896457 -0.005056928 1.053401709 -0.004843158 0.999933124 0.010498936 -1.621747851 0.005107997 -0.010474184 0.999932110 56.982208252
0.999975324 0.004924104 -0.005002632 1.065742493 -0.004871502 0.999933302 0.010473132 -1.629378676 0.005053869 -0.010448502 0.999932587 57.519783020
0.999973953 0.005477678 -0.004705143 1.072253585 -0.005428415 0.999930918 0.010419964 -1.636943817 0.004761896 -0.010394150 0.999934554 58.041683197
0.999975622 0.005625738 -0.004143728 1.076248765 -0.005580861 0.999926448 0.010763088 -1.654002905 0.004203974 -0.010739702 0.999933422 58.574649811
0.999975204 0.005166795 -0.004783169 1.094410300 -0.005114122 0.999926865 0.010959284 -1.657696962 0.004839445 -0.010934550 0.999928474 59.084495544
0.999975801 0.005749380 -0.003907550 1.112409592 -0.005706592 0.999924541 0.010874298 -1.681273937 0.003969777 -0.010851736 0.999933183 59.662334442
0.999971986 0.005705059 -0.004845030 1.141768098 -0.005651242 0.999922931 0.011049810 -1.686690807 0.004907696 -0.011022120 0.999927163 60.140724182
0.999972105 0.005920699 -0.004542395 1.133407831 -0.005873308 0.999928892 0.010376404 -1.681081533 0.004603508 -0.010349438 0.999935865 60.636718750
0.999971271 0.005304148 -0.005415370 1.174085736 -0.005245801 0.999928594 0.010732251 -1.688585758 0.005471909 -0.010703536 0.999927700 61.099971771
0.999972939 0.005083494 -0.005329708 1.197524667 -0.005026241 0.999930084 0.010701157 -1.715602398 0.005383736 -0.010674078 0.999928474 61.619976044
0.999965906 0.006299125 -0.005339787 1.208882928 -0.006244473 0.999928534 0.010190339 -1.690387726 0.005403597 -0.010156647 0.999933839 62.037330627
0.999964774 0.006149637 -0.005703089 1.249385595 -0.006084882 0.999917686 0.011303147 -1.735085487 0.005772130 -0.011268047 0.999919891 62.737335205
0.999964833 0.006073659 -0.005782908 1.259842992 -0.006006867 0.999915838 0.011497855 -1.751101255 0.005852256 -0.011462712 0.999917209 63.211147308
0.999960184 0.006958277 -0.005591462 1.272926450 -0.006894771 0.999912381 0.011297747 -1.760030031 0.005669585 -0.011258744 0.999920547 63.754089355
0.999966741 0.005957447 -0.005575605 1.277580738 -0.005892784 0.999916017 0.011542873 -1.775630951 0.005643904 -0.011509633 0.999917805 64.300979614
0.999964833 0.005704223 -0.006157168 1.332324624 -0.005634573 0.999920547 0.011270649 -1.744714499 0.006220970 -0.011235558 0.999917567 64.751441956
0.999963939 0.006675500 -0.005252941 1.378317595 -0.006616486 0.999915659 0.011172902 -1.747103691 0.005327083 -0.011137742 0.999923766 64.997688293
0.999962807 0.006776442 -0.005329127 1.317998648 -0.006716220 0.999914229 0.011238520 -1.802937031 0.005404829 -0.011202311 0.999922693 65.908973694
0.999961853 0.006980106 -0.005251122 1.415925384 -0.006921482 0.999914348 0.011100672 -1.763077259 0.005328157 -0.011063904 0.999924541 65.975746155
0.999963462 0.006784199 -0.005190944 1.431812286 -0.006726176 0.999915540 0.011114805 -1.781291485 0.005265910 -0.011079485 0.999924779 66.513259888
0.999966025 0.006158361 -0.005477247 1.442410707 -0.006097195 0.999919593 0.011114677 -1.774742842 0.005545256 -0.011080904 0.999923229 67.074913025
0.999961972 0.007339084 -0.004693573 1.432092190 -0.007283739 0.999904990 0.011702019 -1.794763803 0.004779008 -0.011667388 0.999920487 67.452033997
0.999959826 0.007080896 -0.005494967 1.447112322 -0.007017855 0.999910235 0.011408329 -1.803359270 0.005575255 -0.011369308 0.999919832 67.970146179
0.999958813 0.007101530 -0.005662670 1.452155828 -0.007036852 0.999910712 0.011361272 -1.807948589 0.005742847 -0.011320958 0.999919415 68.510086060
0.999961197 0.006590812 -0.005833975 1.502536297 -0.006522776 0.999911368 0.011605412 -1.829305649 0.005909946 -0.011566909 0.999915659 68.997848511
0.999957561 0.007288189 -0.005632926 1.506050110 -0.007220335 0.999902189 0.011973747 -1.840580344 0.005719643 -0.011932565 0.999912441 69.486503601
0.999958754 0.007062457 -0.005717928 1.512920856 -0.006993707 0.999904037 0.011955642 -1.852455139 0.005801815 -0.011915158 0.999912202 70.029998779
0.999962389 0.005702832 -0.006530767 1.561885595 -0.005628650 0.999920070 0.011321327 -1.832999825 0.006594810 -0.011284140 0.999914587 70.520278931
0.999960482 0.006555340 -0.006001874 1.553737879 -0.006482614 0.999906301 0.012057345 -1.862443924 0.006080352 -0.012017963 0.999909222 71.060638428
0.999962270 0.006218455 -0.006050781 1.562241435 -0.006144762 0.999907553 0.012122656 -1.878414154 0.006125606 -0.012085021 0.999908209 71.600013733
0.999961436 0.006499976 -0.005898504 1.567910671 -0.006427480 0.999904454 0.012227486 -1.890684128 0.005977419 -0.012189101 0.999907851 72.148323059
0.999960303 0.006833449 -0.005711498 1.571193576 -0.006765611 0.999907315 0.011813662 -1.894968271 0.005791696 -0.011774552 0.999913931 72.680290222
0.999966264 0.005475461 -0.006126020 1.587180138 -0.005403559 0.999916971 0.011692807 -1.903393030 0.006189535 -0.011659308 0.999912798 73.212600708
0.999962926 0.005970305 -0.006205746 1.605285406 -0.005895601 0.999910772 0.011987274 -1.920907140 0.006276760 -0.011950243 0.999908864 73.724349976
0.999960780 0.007081193 -0.005339126 1.577366829 -0.007015511 0.999900699 0.012222159 -1.946545839 0.005425142 -0.012184219 0.999911070 74.290939331
0.999961853 0.006225593 -0.006132093 1.601168513 -0.006150374 0.999906540 0.012209839 -1.944769144 0.006207533 -0.012171659 0.999906600 74.749389648
0.999955595 0.007963545 -0.005064170 1.593608737 -0.007901161 0.999894083 0.012221796 -1.966251612 0.005160963 -0.012181241 0.999912500 75.373298645
0.999956787 0.007956725 -0.004809717 1.601012468 -0.007896529 0.999891818 0.012407598 -1.982390881 0.004907920 -0.012369080 0.999911427 75.943733215
0.999956608 0.008006257 -0.004793511 1.610289812 -0.007946178 0.999891222 0.012424138 -1.987938881 0.004892461 -0.012385507 0.999911249 76.488494873
0.999955177 0.008001550 -0.005066336 1.616753817 -0.007939539 0.999894679 0.012144051 -1.998111963 0.005162973 -0.012103282 0.999913335 77.028617859
0.999958634 0.007363332 -0.005338724 1.644333839 -0.007298728 0.999901116 0.012021326 -2.002808571 0.005426714 -0.011981863 0.999913514 77.571617126
0.999962986 0.007503389 -0.004192905 1.651778340 -0.007451882 0.999898195 0.012167659 -2.017665625 0.004283776 -0.012135962 0.999917209 78.063682556
0.999966264 0.007777326 -0.002610800 1.656781197 -0.007744554 0.999893904 0.012336248 -2.039971352 0.002706467 -0.012315613 0.999920487 78.650459290
0.999967873 0.007872033 -0.001512660 1.674879193 -0.007853234 0.999896467 0.012055364 -2.053569317 0.001607404 -0.012043099 0.999926150 79.191459656
0.999971986 0.007478678 -0.000313379 1.680373549 -0.007474351 0.999899149 0.012068527 -2.061312199 0.000403604 -0.012065846 0.999927104 79.748367310
0.999954641 0.008821482 0.003597401 1.687036514 -0.008863361 0.999891102 0.011796461 -2.073863506 -0.003492947 -0.011827813 0.999923944 80.292076111
0.999951005 0.007867106 0.006000805 1.731426716 -0.007939151 0.999895453 0.012078165 -2.084714890 -0.005905157 -0.012125214 0.999909043 80.902816772
0.999939620 0.006909317 0.008546860 1.761435509 -0.007017558 0.999894619 0.012699814 -2.110105991 -0.008458213 -0.012759026 0.999882817 81.387855530
0.999894142 0.007439447 0.012496341 1.779036880 -0.007575592 0.999911964 0.010883083 -2.078672886 -0.012414277 -0.010976597 0.999862731 81.976188660
0.999795735 0.007735420 0.018671939 1.804359317 -0.007951764 0.999901772 0.011540316 -2.100320339 -0.018580837 -0.011686432 0.999759078 82.515953064
0.999680698 0.007559324 0.024109054 1.881766319 -0.007831152 0.999906600 0.011200523 -2.080542564 -0.024022134 -0.011385746 0.999646604 83.065620422
0.999490440 0.006652911 0.031221982 1.863489866 -0.006984701 0.999920189 0.010529821 -2.164931297 -0.031149438 -0.010742528 0.999457002 83.904739380
0.999287009 0.006342525 0.037218779 1.923765898 -0.006752957 0.999917626 0.010912208 -2.142336369 -0.037146501 -0.011155764 0.999247551 84.044189453
0.998899043 0.006207166 0.046498690 1.982636333 -0.006746257 0.999911666 0.011445714 -2.221359253 -0.046423543 -0.011746806 0.998852730 84.909423828
0.998529434 0.006543881 0.053814765 2.033804893 -0.007183025 0.999905765 0.011691906 -2.233255863 -0.053733192 -0.012061267 0.998482466 85.477767944
0.998038769 0.006008759 0.062308677 2.101392984 -0.006735217 0.999911726 0.011455544 -2.255791664 -0.062234338 -0.011852742 0.997991204 85.982666016
0.997341692 0.006419761 0.072582759 2.159878254 -0.007300646 0.999902785 0.011877487 -2.276526928 -0.072499447 -0.012375813 0.997291684 86.523429871
0.996688962 0.005685939 0.081109151 2.218504906 -0.006649453 0.999910414 0.011614054 -2.294506073 -0.081035860 -0.012114930 0.996637583 87.037544250
0.996009767 0.005583776 0.089069679 2.297370434 -0.006660027 0.999908268 0.011790619 -2.314790726 -0.088995673 -0.012336776 0.995955586 87.556411743
0.994996846 0.004576871 0.099801183 2.375942230 -0.005730788 0.999919891 0.011278544 -2.318034410 -0.099741586 -0.011794056 0.994943500 88.111083984
0.993899882 0.004763287 0.110183388 2.458249092 -0.006072097 0.999914825 0.011545967 -2.335438490 -0.110119008 -0.012144580 0.993844151 88.641960144
0.992828369 0.004601600 0.119459838 2.546664238 -0.006022681 0.999915302 0.011537578 -2.353939533 -0.119396619 -0.012174303 0.992771924 89.171203613
0.991458416 0.004643571 0.130340502 2.639900208 -0.006184752 0.999915600 0.011421971 -2.359396935 -0.130276471 -0.012130531 0.991403520 89.730583191
0.989786863 0.004811466 0.142473981 2.737726212 -0.006475013 0.999916136 0.011214821 -2.374349594 -0.142408103 -0.012022807 0.989735007 90.255973816
0.988148749 0.004067116 0.153445527 2.849097252 -0.005831427 0.999921918 0.011049649 -2.387512445 -0.153388575 -0.011813505 0.988095343 90.812026978
0.986614585 0.003943397 0.163021550 2.960649490 -0.005794578 0.999924004 0.010881500 -2.392662048 -0.162966222 -0.011680488 0.986562610 91.363349915
0.984578431 0.003165614 0.174915105 3.079387665 -0.005104343 0.999930441 0.010635057 -2.403134346 -0.174869269 -0.011363876 0.984526098 91.899559021
0.982326031 0.002961364 0.187154084 3.204405785 -0.004984606 0.999934077 0.010340892 -2.411926746 -0.187111124 -0.011091019 0.982276142 92.427009583
0.980174780 0.002792180 0.198115125 3.332225800 -0.004913331 0.999935746 0.010215892 -2.420844078 -0.198073909 -0.010986765 0.980125487 92.961349487
0.977418363 0.002807874 0.211294651 3.471740723 -0.005069842 0.999935508 0.010164308 -2.435557365 -0.211252451 -0.011006011 0.977369547 93.500526428
0.974531829 0.001974310 0.224240631 3.625013351 -0.004383724 0.999937832 0.010247436 -2.447975874 -0.224206463 -0.010969460 0.974479854 94.026107788
0.971864283 0.001588557 0.235536560 3.773746490 -0.004274258 0.999931514 0.010892360 -2.467793941 -0.235503152 -0.011592638 0.971804440 94.537940979
0.968811929 0.001261914 0.247794032 3.957962036 -0.004016493 0.999935627 0.010611205 -2.484490156 -0.247764722 -0.011275523 0.968754649 95.108818054
0.965129852 0.000906447 0.261770129 4.132064819 -0.003863293 0.999934435 0.010781183 -2.501168728 -0.261743188 -0.011416536 0.965070009 95.632423401
0.961708426 0.000088808 0.274074703 4.309980392 -0.003157190 0.999937177 0.010754348 -2.515765190 -0.274056524 -0.011207853 0.961648285 96.152450562
0.958522618 -0.000145599 0.285016298 4.496263504 -0.003112592 0.999934852 0.010978599 -2.531959772 -0.284999281 -0.011410377 0.958459795 96.670150757
0.954301655 -0.000205863 0.298845023 4.685337067 -0.003211488 0.999934971 0.010944063 -2.542562008 -0.298827738 -0.011403675 0.954239070 97.197433472
0.949858367 -0.000669948 0.312679738 4.885698318 -0.002934449 0.999934554 0.011056732 -2.554980755 -0.312666684 -0.011419871 0.949794233 97.726303101
0.945966899 -0.001550163 0.324259430 5.086475372 -0.002210555 0.999934435 0.011229196 -2.565169334 -0.324255675 -0.011339242 0.945901513 98.261054993
0.941559136 -0.001483135 0.336844444 5.296178818 -0.002521727 0.999931276 0.011451537 -2.581084728 -0.336838275 -0.011631731 0.941490650 98.770759583
0.936453998 -0.001870252 0.350785196 5.521549225 -0.002324582 0.999930739 0.011536941 -2.594913006 -0.350782454 -0.011619244 0.936384797 99.282402039
0.931743383 -0.002520227 0.363108516 5.738779068 -0.001941670 0.999926984 0.011922555 -2.611205578 -0.363112092 -0.011813799 0.931670547 99.795692444
0.927048385 -0.002647334 0.374932379 5.958137512 -0.001812704 0.999931693 0.011542396 -2.620565176 -0.374937385 -0.011379997 0.926980317 100.301239014
0.921304643 -0.003034680 0.388829648 6.201097488 -0.001563390 0.999932468 0.011508465 -2.626299620 -0.388838410 -0.011210695 0.921237767 100.807182312
0.915768802 -0.003547507 0.401690125 6.447725296 -0.001226811 0.999931633 0.011627720 -2.638064384 -0.401703924 -0.011141101 0.915701807 101.307853699
0.911214054 -0.004818511 0.411904812 6.701797485 0.000103566 0.999934256 0.011468239 -2.648634434 -0.411932945 -0.010407362 0.911154687 101.802192688
0.905620575 -0.004935784 0.424060166 6.960994720 0.000187360 0.999936759 0.011238488 -2.657360077 -0.424088806 -0.010098354 0.905564249 102.290771484
0.899314404 -0.005521034 0.437267691 7.221221924 0.000621299 0.999935448 0.011347587 -2.673887253 -0.437302053 -0.009933377 0.899259806 102.753845215
0.893587291 -0.005992249 0.448849499 7.499355316 0.001073040 0.999936521 0.011213141 -2.682055950 -0.448888212 -0.009538288 0.893537045 103.244155884
0.887948096 -0.006686397 0.459895015 7.772678375 0.001840653 0.999937892 0.010984200 -2.687684774 -0.459939986 -0.008906890 0.887905359 103.722747803
0.881147802 -0.006901519 0.472790509 8.065883636 0.001938707 0.999937773 0.010983301 -2.697862387 -0.472836971 -0.008761311 0.881106377 104.207061768
0.873844028 -0.006730013 0.486159682 8.351768494 0.001845554 0.999942899 0.010525144 -2.707248449 -0.486202806 -0.008300100 0.873806536 104.665466309
0.868176758 -0.007860272 0.496192813 8.649990082 0.003000044 0.999939442 0.010591099 -2.720918655 -0.496246010 -0.007706345 0.868147731 105.121116638
