1.000000000 0.000000000 0.000000000 0.000000000 0.000000000 1.000000000 0.000000000 0.000000000 0.000000000 0.000000000 1.000000000 0.000000000
1.000000000 -0.000162210 -0.000013280 0.000480295 0.000162210 1.000000000 -0.000032064 0.000285758 0.000013285 0.000032062 1.000000000 0.000270998
1.000000000 -0.000099473 0.000015150 -0.000440971 0.000099473 1.000000000 0.000000179 -0.000048053 -0.000015150 -0.000000178 1.000000000 -0.001002915
1.000000000 -0.000093112 0.000063071 -0.000390840 0.000093114 1.000000000 -0.000018204 0.000238253 -0.000063069 0.000018209 1.000000000 0.000089187
1.000000000 -0.000122552 0.000016669 -0.000184882 0.000122552 1.000000000 -0.000012306 0.000449849 -0.000016668 0.000012308 1.000000000 0.000261411
1.000000000 -0.000007259 0.000044772 -0.001085277 0.000007259 1.000000000 0.000007120 -0.000072531 -0.000044772 -0.000007120 1.000000000 -0.000988000
1.000000000 -0.000014137 0.000019583 -0.000842386 0.000014140 1.000000000 -0.000165673 0.000585969 -0.000019580 0.000165673 1.000000000 0.000044690
1.000000000 0.000032917 0.000078866 -0.000625144 -0.000032917 1.000000000 0.000001005 -0.000412807 -0.000078866 -0.000001007 1.000000000 -0.000365200
1.000000000 0.000166351 0.000073320 -0.001690544 -0.000166351 1.000000000 0.000003706 -0.000258005 -0.000073320 -0.000003718 1.000000000 -0.000353723
1.000000000 0.000076776 0.000123061 -0.001339020 -0.000076766 1.000000000 -0.000081862 0.000541597 -0.000123067 0.000081853 1.000000000 0.000422991
1.000000000 0.000126876 0.000065328 -0.001610617 -0.000126869 1.000000000 -0.000117266 0.001005888 -0.000065343 0.000117258 1.000000000 0.000095342
1.000000000 0.000013914 0.000090459 -0.001519213 -0.000013909 1.000000000 -0.000052362 0.001539997 -0.000090460 0.000052361 1.000000000 0.001249558
1.000000000 0.000152048 0.000117266 -0.001399138 -0.000152024 0.999999940 -0.000203537 0.002505852 -0.000117297 0.000203520 1.000000000 0.002042558
1.000000000 0.000031797 0.000058067 -0.001031935 -0.000031792 1.000000000 -0.000078709 0.000965578 -0.000058069 0.000078707 1.000000000 0.000688114
1.000000000 0.000123614 0.000208146 -0.002540947 -0.000123579 1.000000000 -0.000168314 0.001814721 -0.000208167 0.000168288 0.999999940 0.002685378
0.999999940 0.000277286 0.000146400 -0.002209883 -0.000277264 0.999999940 -0.000145019 0.001709393 -0.000146440 0.000144978 1.000000000 0.002460910
0.999999940 0.000205957 0.000169431 -0.001791662 -0.000205929 0.999999940 -0.000165435 0.002713313 -0.000169465 0.000165400 1.000000000 0.004105969
1.000000000 0.000063350 0.000168247 -0.001584319 -0.000063326 1.000000000 -0.000143450 0.001385518 -0.000168257 0.000143439 1.000000000 0.002428154
0.999999940 0.000106063 0.000255241 -0.003114828 -0.000106043 1.000000000 -0.000079561 0.001772132 -0.000255250 0.000079534 0.999999940 0.002823984
1.000000000 0.000126828 0.000138801 -0.001737348 -0.000126815 1.000000000 -0.000096844 0.002411382 -0.000138814 0.000096827 1.000000000 0.002223174
0.999999940 0.000234844 0.000146801 -0.002168030 -0.000234836 1.000000000 -0.000055352 0.001074036 -0.000146814 0.000055317 1.000000000 0.002259004
1.000000000 0.000218041 0.000077154 -0.001780215 -0.000218035 1.000000000 -0.000071228 0.001331521 -0.000077169 0.000071211 1.000000000 0.002001365
0.999999940 0.000347097 0.000178523 -0.002617424 -0.000347070 0.999999940 -0.000152980 0.002700650 -0.000178576 0.000152918 1.000000000 0.003932174
0.999999940 0.000274808 0.000192870 -0.002049853 -0.000274777 0.999999940 -0.000161039 0.002574811 -0.000192914 0.000160986 0.999999940 0.002750826
0.999999940 0.000144690 0.000211081 -0.002197832 -0.000144663 1.000000000 -0.000128175 0.003268607 -0.000211100 0.000128144 0.999999940 0.004277568
0.999999940 0.000225470 0.000211465 -0.002406474 -0.000225458 1.000000000 -0.000058766 0.001703522 -0.000211478 0.000058719 1.000000000 0.003336213
1.000000000 0.000116384 0.000072007 -0.001154412 -0.000116375 1.000000000 -0.000119058 0.002442086 -0.000072021 0.000119049 1.000000000 0.002409191
1.000000000 0.000120425 0.000177491 -0.002338894 -0.000120406 1.000000000 -0.000107600 0.002417801 -0.000177504 0.000107579 1.000000000 0.003167310
0.999999940 0.000192693 0.000200127 -0.001821259 -0.000192673 1.000000000 -0.000100644 0.001620671 -0.000200146 0.000100605 1.000000000 0.002941232
0.999999940 0.000169792 0.000200693 -0.002541771 -0.000169764 1.000000000 -0.000140416 0.001991803 -0.000200717 0.000140382 0.999999940 0.002375768
0.999999940 0.000241288 0.000190686 -0.002621496 -0.000241257 0.999999940 -0.000161853 0.002590920 -0.000190725 0.000161807 0.999999940 0.003436506
0.999999940 0.000230487 0.000195409 -0.001746548 -0.000230472 1.000000000 -0.000074420 0.001733894 -0.000195426 0.000074375 1.000000000 0.001702622
0.999999940 0.000299246 0.000201440 -0.002821562 -0.000299210 0.999999940 -0.000175298 0.002391368 -0.000201492 0.000175237 0.999999940 0.002770741
0.999999940 0.000244254 0.000221002 -0.002255844 -0.000244213 0.999999940 -0.000186499 0.002414112 -0.000221048 0.000186445 0.999999940 0.002380074
1.000000000 0.000163553 0.000129420 -0.002170564 -0.000163550 1.000000000 -0.000019130 0.001515070 -0.000129423 0.000019109 1.000000000 0.002550694
1.000000000 0.000089028 0.000130493 -0.001526268 -0.000089019 1.000000000 -0.000070065 0.002052913 -0.000130499 0.000070053 1.000000000 0.003698866
0.999999940 0.000256967 0.000198506 -0.002519834 -0.000256956 0.999999940 -0.000054405 0.001609991 -0.000198520 0.000054354 1.000000000 0.003053146
0.999999940 0.000295990 0.000140777 -0.001378536 -0.000295982 0.999999940 -0.000056329 0.001810688 -0.000140794 0.000056288 1.000000000 0.001957767
1.000000000 0.000091487 0.000109566 -0.001489403 -0.000091473 1.000000000 -0.000129718 0.001175359 -0.000109577 0.000129708 1.000000000 0.002668132
0.999999762 0.000446759 0.000343766 -0.003201138 -0.000446490 0.999999523 -0.000780559 -0.000017798 -0.000344114 0.000780406 0.999999642 0.051197886
0.999999821 0.000480343 0.000386523 -0.001949386 -0.000479844 0.999999046 -0.001289268 -0.002609146 -0.000387142 0.001289082 0.999999106 0.140162155
0.999999702 0.000542177 0.000530284 -0.002452563 -0.000541397 0.999998868 -0.001470222 -0.007913698 -0.000531081 0.001469934 0.999998748 0.253902406
0.999999821 0.000392087 0.000462113 0.001352949 -0.000391447 0.999998868 -0.001385769 -0.011279697 -0.000462656 0.001385588 0.999998987 0.385807544
0.999999881 0.000313069 0.000374345 0.003431807 -0.000312631 0.999999225 -0.001170128 -0.015508391 -0.000374711 0.001170011 0.999999225 0.529456317
0.999999642 0.000670842 0.000426892 0.008223329 -0.000670553 0.999999523 -0.000676002 -0.023984149 -0.000427345 0.000675716 0.999999642 0.684678197
0.999999821 0.000273591 0.000375972 0.014240278 -0.000273399 0.999999762 -0.000508429 -0.027902501 -0.000376111 0.000508327 0.999999821 0.846183002
0.999999881 0.000331461 0.000367772 0.017512180 -0.000331255 0.999999762 -0.000559998 -0.030703893 -0.000367958 0.000559877 0.999999762 1.025204897
0.999999821 0.000584949 0.000377529 0.022087751 -0.000584799 0.999999762 -0.000394542 -0.035798430 -0.000377759 0.000394321 0.999999821 1.202239990
0.999999583 0.000699863 0.000488356 0.023962114 -0.000699824 0.999999762 -0.000078614 -0.042944409 -0.000488411 0.000078272 0.999999881 1.384666324
0.999999642 0.000744898 0.000311380 0.028165719 -0.000744842 0.999999642 -0.000179393 -0.045785360 -0.000311514 0.000179161 0.999999881 1.578123331
0.999999702 0.000605680 0.000505630 0.030129749 -0.000605713 0.999999821 0.000065043 -0.051845133 -0.000505590 -0.000065349 0.999999881 1.783092856
0.999999225 0.000933226 0.000723735 0.032016285 -0.000933410 0.999999464 0.000253282 -0.059860524 -0.000723499 -0.000253957 0.999999702 1.980877638
0.999999762 0.000312255 0.000657594 0.038572647 -0.000312457 0.999999821 0.000306115 -0.066530332 -0.000657499 -0.000306320 0.999999702 2.191732407
0.999999583 0.000447765 0.000695389 0.041530520 -0.000448156 0.999999762 0.000562118 -0.073359810 -0.000695137 -0.000562429 0.999999523 2.407306671
0.999999344 0.000787361 0.000774849 0.045227230 -0.000787656 0.999999642 0.000380765 -0.078143381 -0.000774549 -0.000381375 0.999999583 2.633664131
0.999999762 0.000276842 0.000642680 0.053572573 -0.000277037 0.999999940 0.000302656 -0.082936153 -0.000642597 -0.000302834 0.999999762 2.862156868
0.999999583 0.000365116 0.000782824 0.058250003 -0.000365402 0.999999881 0.000364734 -0.086290248 -0.000782690 -0.000365020 0.999999642 3.109082937
0.999999583 0.000537250 0.000631195 0.062551185 -0.000537599 0.999999702 0.000553215 -0.095589176 -0.000630898 -0.000553554 0.999999642 3.348737240
0.999999821 0.000000649 0.000607750 0.067326814 -0.000000928 0.999999881 0.000459420 -0.103753515 -0.000607750 -0.000459420 0.999999702 3.597459555
0.999999762 0.000277014 0.000647240 0.073148206 -0.000277277 0.999999821 0.000406009 -0.110563032 -0.000647127 -0.000406188 0.999999702 3.855827332
0.999999523 0.000510801 0.000832446 0.076677963 -0.000511380 0.999999642 0.000694970 -0.117962927 -0.000832091 -0.000695395 0.999999404 4.108420849
0.999999464 0.000684364 0.000848258 0.082442731 -0.000684915 0.999999642 0.000649751 -0.122545280 -0.000847813 -0.000650331 0.999999404 4.365056515
0.999999404 0.000444535 0.001066361 0.085977599 -0.000445301 0.999999702 0.000717887 -0.130548850 -0.001066041 -0.000718362 0.999999166 4.625450611
0.999999344 0.000956696 0.000608956 0.094051749 -0.000957511 0.999998569 0.001338652 -0.143696472 -0.000607675 -0.001339234 0.999998927 4.893542767
0.999999404 0.000979532 0.000472422 0.101308681 -0.000980335 0.999998033 0.001701954 -0.152734876 -0.000470754 -0.001702416 0.999998391 5.152593613
0.999998987 0.001188670 0.000707212 0.102371015 -0.001189419 0.999998748 0.001059960 -0.154426575 -0.000705951 -0.001060800 0.999999106 5.405640125
0.999998927 0.000960650 0.001033794 0.102543473 -0.000961867 0.999998808 0.001176840 -0.166439876 -0.001032662 -0.001177833 0.999998748 5.667407036
0.999998629 0.001075064 0.001224350 0.099365197 -0.001076627 0.999998629 0.001276996 -0.175333783 -0.001222976 -0.001278313 0.999998391 5.929562569
0.999998093 0.001496188 0.001239149 0.103475899 -0.001497633 0.999998152 0.001166172 -0.184025824 -0.001237402 -0.001168025 0.999998510 6.210736752
0.999998271 0.001188637 0.001435488 0.118528083 -0.001190266 0.999998629 0.001134481 -0.186498195 -0.001434138 -0.001136188 0.999998331 6.494703770
0.999998748 0.000959678 0.001210272 0.122080773 -0.000961427 0.999998510 0.001445386 -0.195299909 -0.001208883 -0.001446548 0.999998271 6.786605835
0.999998152 0.001631072 0.001045889 0.135081917 -0.001632016 0.999998391 0.000901907 -0.198025957 -0.001044416 -0.000903612 0.999999046 7.077283382
0.999998629 0.001309049 0.001030140 0.141146615 -0.001310127 0.999998510 0.001046565 -0.211513683 -0.001028769 -0.001047913 0.999998868 7.374900341
0.999998868 0.001179290 0.000958701 0.144432455 -0.001180369 0.999998689 0.001125869 -0.222489715 -0.000957372 -0.001126999 0.999998868 7.677725792
0.999997556 0.001704661 0.001401206 0.145983875 -0.001706394 0.999997795 0.001236435 -0.228294656 -0.001399096 -0.001238823 0.999998271 8.005876541
0.999997973 0.001224419 0.001616252 0.148014918 -0.001226454 0.999998391 0.001258828 -0.240105897 -0.001614709 -0.001260808 0.999997914 8.327897072
0.999998510 0.001043730 0.001391335 0.157322511 -0.001045557 0.999998629 0.001313455 -0.251129895 -0.001389963 -0.001314908 0.999998212 8.646394730
0.999996722 0.001693270 0.001897382 0.159515619 -0.001695285 0.999997973 0.001060728 -0.257270992 -0.001895582 -0.001063941 0.999997556 8.982572556
0.999996483 0.001859858 0.001863790 0.166907698 -0.001862470 0.999997258 0.001401093 -0.273181200 -0.001861179 -0.001404560 0.999997258 9.315646172
0.999996006 0.001888769 0.002110971 0.173431069 -0.001892244 0.999996841 0.001645420 -0.289498568 -0.002107857 -0.001649408 0.999996424 9.652596474
0.999996722 0.001558920 0.002049145 0.183014855 -0.001563653 0.999996066 0.002310255 -0.302016616 -0.002045535 -0.002313451 0.999995291 9.999778748
0.999994934 0.002509739 0.001955168 0.185455382 -0.002512753 0.999995649 0.001540982 -0.302860677 -0.001951292 -0.001545887 0.999996901 10.363325119
0.999994755 0.002562000 0.001973692 0.193561405 -0.002564672 0.999995828 0.001352343 -0.313345134 -0.001970218 -0.001357397 0.999997139 10.720846176
0.999996781 0.001918297 0.001676125 0.205803826 -0.001920894 0.999996960 0.001549424 -0.323651403 -0.001673147 -0.001552638 0.999997377 11.103153229
0.999995649 0.002205991 0.001928246 0.212620497 -0.002208718 0.999996543 0.001413407 -0.332305521 -0.001925121 -0.001417660 0.999997139 11.483686447
0.999994338 0.002585647 0.002157531 0.219502985 -0.002588617 0.999995708 0.001374887 -0.341652334 -0.002153967 -0.001380464 0.999996662 11.862711906
0.999994516 0.002480573 0.002205299 0.224754497 -0.002484302 0.999995470 0.001689475 -0.358971000 -0.002201098 -0.001694944 0.999996126 12.244482040
0.999994576 0.002310410 0.002377886 0.233186424 -0.002314857 0.999995589 0.001869172 -0.371392220 -0.002373557 -0.001874667 0.999995470 12.638332367
0.999993861 0.002416586 0.002524769 0.233473718 -0.002422309 0.999994457 0.002266068 -0.378346831 -0.002519279 -0.002272171 0.999994218 13.033348083
0.999994457 0.002400423 0.002283193 0.245456830 -0.002405464 0.999994814 0.002207787 -0.394198924 -0.002277882 -0.002213267 0.999994934 13.433392525
0.999993384 0.002420983 0.002694312 0.249470308 -0.002427813 0.999993801 0.002534876 -0.406366497 -0.002688158 -0.002541400 0.999993145 13.832328796
0.999991775 0.003047792 0.002730521 0.252791941 -0.003055186 0.999991655 0.002707587 -0.419335961 -0.002722247 -0.002715907 0.999992609 14.244554520
0.999990761 0.003073568 0.003025871 0.259692818 -0.003080877 0.999992311 0.002413523 -0.433651328 -0.003018430 -0.002422823 0.999992549 14.658919334
0.999989986 0.002951780 0.003356354 0.280338109 -0.002959538 0.999992967 0.002309052 -0.437076986 -0.003349514 -0.002318962 0.999991715 15.100323677
0.999986947 0.003071832 0.004078951 0.286496818 -0.003082231 0.999992013 0.002545720 -0.453750074 -0.004071098 -0.002558259 0.999988437 15.521738052
0.999984682 0.003007617 0.004633569 0.295768857 -0.003019618 0.999992073 0.002585175 -0.468797237 -0.004625756 -0.002599127 0.999985933 15.945008278
0.999983430 0.003420932 0.004615056 0.310730517 -0.003432840 0.999990761 0.002574850 -0.478289187 -0.004606206 -0.002590650 0.999986053 16.387815475
0.999981821 0.003308828 0.005045583 0.320667684 -0.003319534 0.999992311 0.002114871 -0.488807321 -0.005038547 -0.002131582 0.999985099 16.834390640
0.999981344 0.003697938 0.004850596 0.342436612 -0.003711318 0.999989271 0.002752367 -0.504538774 -0.004840365 -0.002770318 0.999984443 17.300958633
0.999977231 0.003735984 0.005611505 0.346929520 -0.003753297 0.999988139 0.003077830 -0.530902028 -0.005599939 -0.003098822 0.999979436 17.744682312
0.999978006 0.003254435 0.005775215 0.361532509 -0.003272068 0.999989986 0.003046396 -0.542403400 -0.005765243 -0.003065226 0.999978602 18.213315964
0.999973476 0.003702817 0.006279513 0.375676870 -0.003720702 0.999988973 0.002838691 -0.551447272 -0.006268933 -0.002861980 0.999976218 18.686843872
0.999974787 0.004436285 0.005539740 0.387259215 -0.004452475 0.999985754 0.002913469 -0.561827183 -0.005526735 -0.002938061 0.999980390 19.178421021
0.999974191 0.003917345 0.006011163 0.395999581 -0.003935126 0.999987841 0.002948941 -0.579763830 -0.005999538 -0.002972519 0.999977589 19.643112183
0.999974787 0.003987758 0.005861869 0.404303432 -0.004006415 0.999986887 0.003174328 -0.590365648 -0.005849134 -0.003197733 0.999977827 20.132104874
0.999971032 0.004223604 0.006331462 0.417483091 -0.004240295 0.999987543 0.002625092 -0.602821589 -0.006320295 -0.002651863 0.999976516 20.640701294
0.999979615 0.003139105 0.005552826 0.440673172 -0.003154788 0.999991059 0.002817750 -0.619098186 -0.005543931 -0.002835211 0.999980628 21.123323441
0.999981284 0.003927751 0.004673874 0.454690039 -0.003941681 0.999987781 0.002975058 -0.621176660 -0.004662130 -0.002993426 0.999984682 21.658176422
0.999983072 0.003717879 0.004477086 0.459351063 -0.003730615 0.999989033 0.002839641 -0.638914347 -0.004466479 -0.002856295 0.999985933 22.182201385
0.999984980 0.003670564 0.004081432 0.472264528 -0.003683683 0.999988079 0.003211516 -0.653710425 -0.004069595 -0.003226502 0.999986529 22.683723450
0.999990165 0.002676252 0.003513639 0.487998128 -0.002686867 0.999991834 0.003019791 -0.673442483 -0.003505528 -0.003029202 0.999989271 23.173078537
0.999988079 0.003477441 0.003427322 0.488348901 -0.003489061 0.999988079 0.003390155 -0.686195374 -0.003415492 -0.003402072 0.999988377 23.711954117
0.999994576 0.002031430 0.002592308 0.500361204 -0.002039943 0.999992490 0.003285594 -0.702537417 -0.002585613 -0.003290864 0.999991238 24.241172791
0.999987125 0.004226759 0.002801903 0.508478880 -0.004234807 0.999986827 0.002872813 -0.717149436 -0.002789724 -0.002884641 0.999991953 24.759710312
0.999993026 0.003043724 0.002164549 0.490482837 -0.003052639 0.999986827 0.004127896 -0.752706945 -0.002151957 -0.004134475 0.999989152 25.252490997
0.999993801 0.003256051 0.001299362 0.537161291 -0.003261498 0.999985814 0.004211893 -0.757440567 -0.001285629 -0.004216105 0.999990284 25.848995209
0.999991596 0.003822886 0.001471254 0.536329150 -0.003828767 0.999984622 0.004015644 -0.772083879 -0.001455880 -0.004021243 0.999990880 26.393627167
0.999993265 0.003462120 0.001183460 0.537915111 -0.003468015 0.999981403 0.005016895 -0.800400794 -0.001166069 -0.005020967 0.999986649 26.922693253
0.999992371 0.003851509 0.000602255 0.566463768 -0.003854228 0.999982059 0.004579167 -0.804735780 -0.000584607 -0.004581454 0.999989331 27.503719330
0.999989450 0.004590435 0.000180005 0.576854885 -0.004591179 0.999979854 0.004373969 -0.814927280 -0.000159923 -0.004374749 0.999990463 28.062252045
0.999988914 0.004689470 -0.000267093 0.589575291 -0.004688371 0.999981105 0.003978669 -0.822698534 0.000285746 -0.003977372 0.999992073 28.567296982
0.999986947 0.005095159 -0.000229213 0.605372608 -0.005094026 0.999975979 0.004695034 -0.860957384 0.000253129 -0.004693805 0.999988914 29.076864243
0.999987066 0.005010652 -0.000858592 0.614753783 -0.005006449 0.999975741 0.004829034 -0.878773212 0.000882767 -0.004824673 0.999987960 29.623371124
0.999986529 0.005035251 -0.001252563 0.626481950 -0.005029386 0.999976575 0.004642665 -0.870022714 0.001275911 -0.004636303 0.999988437 30.225730896
0.999987245 0.004896170 -0.001236437 0.633855760 -0.004890875 0.999978960 0.004250043 -0.887678742 0.001257220 -0.004243941 0.999990225 30.759481430
0.999986947 0.005021232 -0.000967132 0.643938124 -0.005016683 0.999976575 0.004650685 -0.907122910 0.000990461 -0.004645773 0.999988735 31.308391571
0.999983788 0.005622028 -0.000917432 0.649499536 -0.005617718 0.999973476 0.004634827 -0.918351889 0.000943464 -0.004629598 0.999988854 31.854814529
0.999978423 0.006406608 -0.001442655 0.655889690 -0.006400406 0.999970376 0.004264163 -0.929640472 0.001469930 -0.004254837 0.999989867 32.418506622
0.999976039 0.006632493 -0.001979698 0.660769284 -0.006624436 0.999969900 0.004049002 -0.944219828 0.002006494 -0.004035790 0.999989808 32.961437225
0.999979734 0.006134159 -0.001712725 0.677563369 -0.006126025 0.999970138 0.004715090 -0.962339461 0.001741597 -0.004704502 0.999987364 33.500423431
0.999963105 0.008494368 -0.001264942 0.677069187 -0.008488845 0.999954700 0.004309572 -0.972077608 0.001301492 -0.004298675 0.999989927 34.068862915
0.999970794 0.007485033 -0.001546476 0.681671262 -0.007477815 0.999961317 0.004623129 -0.987562239 0.001581020 -0.004611429 0.999988139 34.594383240
0.999969780 0.007444348 -0.002246481 0.698615789 -0.007433649 0.999961197 0.004733715 -1.007195950 0.002281633 -0.004716872 0.999986291 35.121444702
0.999969423 0.007489320 -0.002257417 0.704132617 -0.007478951 0.999961555 0.004567324 -1.022496343 0.002291537 -0.004550300 0.999987006 35.665290833
0.999968648 0.007407310 -0.002815507 0.718396306 -0.007393524 0.999960721 0.004876187 -1.038659215 0.002851516 -0.004855217 0.999984145 36.213310242
0.999973178 0.006835581 -0.002613702 0.727512300 -0.006823679 0.999966443 0.004535461 -1.045726061 0.002644617 -0.004517505 0.999986291 36.764888763
0.999970436 0.007150494 -0.002835053 0.733082831 -0.007137651 0.999964297 0.004515025 -1.055814624 0.002867237 -0.004494655 0.999985814 37.318603516
0.999971449 0.006955364 -0.002965148 0.745237052 -0.006941321 0.999964774 0.004720417 -1.068647861 0.002997876 -0.004699700 0.999984503 37.873104095
0.999965787 0.007595082 -0.003261597 0.757773876 -0.007582864 0.999964237 0.003742431 -1.080374002 0.003289905 -0.003717572 0.999987662 38.407951355
0.999965608 0.007846296 -0.002702718 0.760362923 -0.007837509 0.999964058 0.003246446 -1.089800835 0.002728093 -0.003225151 0.999991059 38.958187103
0.999968648 0.007150772 -0.003384592 0.768196464 -0.007136595 0.999965787 0.004182562 -1.108773589 0.003414384 -0.004158277 0.999985516 39.497081757
0.999965668 0.007606624 -0.003292271 0.773572326 -0.007593679 0.999963462 0.003926697 -1.120997429 0.003322019 -0.003901562 0.999986827 40.052356720
0.999962628 0.007853551 -0.003612195 0.783853829 -0.007838745 0.999960899 0.004094696 -1.137387991 0.003644211 -0.004066228 0.999985099 40.584808350
0.999963403 0.007864300 -0.003364671 0.793328702 -0.007852145 0.999962628 0.003610943 -1.145552039 0.003392942 -0.003584391 0.999987841 41.139945984
0.999967456 0.007057117 -0.003912437 0.795810044 -0.007037969 0.999963284 0.004886328 -1.177316904 0.003946776 -0.004858634 0.999980390 41.663551331
0.999965966 0.007589706 -0.003251340 0.799109936 -0.007575007 0.999961078 0.004509494 -1.186838388 0.003285439 -0.004484711 0.999984503 42.219470978
0.999966323 0.007499811 -0.003345112 0.806326568 -0.007483806 0.999960601 0.004771460 -1.205210209 0.003380766 -0.004746265 0.999983013 42.748176575
0.999960661 0.008198949 -0.003364185 0.818389654 -0.008185184 0.999958158 0.004084807 -1.203655958 0.003397536 -0.004057110 0.999985933 43.319843292
0.999962628 0.007948806 -0.003380630 0.828139484 -0.007937334 0.999962747 0.003393099 -1.211109996 0.003407475 -0.003366138 0.999988496 43.892536163
0.999959290 0.008414383 -0.003250586 0.839921474 -0.008404841 0.999960423 0.002938020 -1.219110489 0.003275179 -0.002910579 0.999990404 44.440711975
0.999953687 0.009003265 -0.003399658 0.845148861 -0.008989921 0.999951839 0.003920335 -1.243927240 0.003434791 -0.003889590 0.999986529 44.965927124
0.999954224 0.008516985 -0.004350240 0.871082306 -0.008499354 0.999955654 0.004055158 -1.266514063 0.004384585 -0.004017998 0.999982297 45.508113861
0.999951243 0.008853119 -0.004381314 0.879963458 -0.008837298 0.999954462 0.003617173 -1.275928736 0.004413137 -0.003578277 0.999983907 46.052330017
0.999962449 0.007926412 -0.003493001 0.879374862 -0.007913052 0.999961376 0.003822047 -1.287678123 0.003523162 -0.003794264 0.999986589 46.605239868
0.999950230 0.009082003 -0.004132761 0.894287229 -0.009069489 0.999954283 0.003036306 -1.292889357 0.004160147 -0.002998673 0.999986827 47.176521301
0.999954641 0.008252130 -0.004758367 0.902119577 -0.008238000 0.999961615 0.002981800 -1.296826363 0.004782791 -0.002942465 0.999984205 47.698532104
0.999953032 0.008425230 -0.004790571 0.914188743 -0.008410067 0.999959588 0.003176593 -1.315747499 0.004817139 -0.003136154 0.999983490 48.255149841
0.999954522 0.008546784 -0.004230573 0.909022510 -0.008532797 0.999958098 0.003313243 -1.329772949 0.004258714 -0.003276994 0.999985576 48.775138855
0.999953091 0.008832553 -0.003972546 0.910535753 -0.008820760 0.999956667 0.002975986 -1.343503356 0.003998660 -0.002940805 0.999987662 49.312244415
0.999943316 0.009924543 -0.003857920 0.922128439 -0.009912161 0.999945700 0.003215542 -1.355845213 0.003889623 -0.003177119 0.999987304 49.859462738
0.999947846 0.009215384 -0.004403416 0.935478687 -0.009200738 0.999952137 0.003334565 -1.375702977 0.004433933 -0.003293877 0.999984741 50.388462067
0.999948144 0.009207915 -0.004338047 0.939231575 -0.009192426 0.999951303 0.003576542 -1.402453184 0.004370769 -0.003536479 0.999984205 50.925518036
0.999950886 0.008821805 -0.004500259 0.959234595 -0.008805774 0.999954879 0.003569924 -1.410694003 0.004531549 -0.003530120 0.999983490 51.469993591
0.999949574 0.008883323 -0.004688844 0.967523515 -0.008865960 0.999953806 0.003710722 -1.424114943 0.004721590 -0.003668964 0.999982119 52.014667511
0.999949157 0.009205625 -0.004111006 0.968218505 -0.009189988 0.999950528 0.003806534 -1.437885761 0.004145845 -0.003768561 0.999984324 52.549789429
0.999951303 0.008753761 -0.004561675 0.986078084 -0.008736766 0.999954879 0.003732200 -1.457006454 0.004594139 -0.003692164 0.999982655 53.090198517
0.999942422 0.009841246 -0.004278468 0.989746034 -0.009826593 0.999945760 0.003432884 -1.461377978 0.004312020 -0.003390644 0.999984980 53.624809265
0.999947429 0.009394363 -0.004106023 0.989693701 -0.009380776 0.999950469 0.003316156 -1.481206894 0.004136974 -0.003277465 0.999985993 54.167640686
0.999940515 0.010283694 -0.003626890 0.987161458 -0.010271371 0.999941468 0.003399385 -1.497242451 0.003661636 -0.003361930 0.999987662 54.689434052
0.999940991 0.010398170 -0.003153084 0.993129909 -0.010388225 0.999941051 0.003153922 -1.513197064 0.003185693 -0.003120980 0.999990046 55.234142303
0.999948502 0.009451854 -0.003692281 1.006215096 -0.009442759 0.999952376 0.002472857 -1.513795614 0.003715477 -0.002437864 0.999990106 55.769718170
0.999942124 0.010030052 -0.003893453 1.008509278 -0.010018016 0.999945045 0.003098515 -1.528755188 0.003924317 -0.003059331 0.999987602 56.311485291
0.999946415 0.009631827 -0.003800000 1.026755333 -0.009620548 0.999949217 0.002976035 -1.547119379 0.003828472 -0.002939317 0.999988377 56.854202271
0.999943316 0.009925500 -0.003847046 1.028295040 -0.009914200 0.999946535 0.002945845 -1.554291248 0.003876080 -0.002907538 0.999988258 57.383426666
0.999939859 0.010367083 -0.003577779 1.043964863 -0.010358145 0.999943137 0.002508104 -1.568330169 0.003603577 -0.002470894 0.999990463 57.934226990
0.999946713 0.009822374 -0.003182814 1.049814582 -0.009814863 0.999949038 0.002366348 -1.580510616 0.003205895 -0.002334983 0.999992132 58.474609375
0.999944627 0.010039179 -0.003156066 1.055427074 -0.010030892 0.999946237 0.002630072 -1.596062183 0.003182300 -0.002598268 0.999991536 59.000667572
0.999938488 0.010797690 -0.002505482 1.059731007 -0.010791848 0.999939024 0.002333536 -1.604653001 0.002530526 -0.002306354 0.999994159 59.550945282
0.999936938 0.010880617 -0.002784551 1.067192554 -0.010874779 0.999938667 0.002103376 -1.633074164 0.002807267 -0.002072962 0.999993920 60.099224091
0.999931872 0.011383801 -0.002599671 1.073610425 -0.011378972 0.999933481 0.001864972 -1.641826868 0.002620730 -0.001835263 0.999994874 60.653888702
0.999932170 0.011438278 -0.002163353 1.083841801 -0.011433911 0.999932587 0.002021155 -1.654456139 0.002186325 -0.001996283 0.999995589 61.188140869
0.999930203 0.011597215 -0.002305419 1.091650009 -0.011592537 0.999930739 0.002033269 -1.663155556 0.002328840 -0.002006401 0.999995232 61.744525909
0.999930620 0.011498397 -0.002530721 1.097487926 -0.011494016 0.999932408 0.001739433 -1.680862904 0.002550550 -0.001710223 0.999995291 62.294116974
0.999926329 0.011945536 -0.002128436 1.108272910 -0.011941904 0.999927163 0.001711885 -1.695464015 0.002148730 -0.001686342 0.999996245 62.831298828
0.999921620 0.012307939 -0.002297817 1.125469685 -0.012304915 0.999923408 0.001324735 -1.698950291 0.002313946 -0.001296357 0.999996483 63.373470306
0.999930859 0.011550142 -0.002211030 1.129942656 -0.011546958 0.999932289 0.001447728 -1.722326159 0.002227602 -0.001422097 0.999996424 63.915706635
0.999928892 0.011784660 -0.001821412 1.138069153 -0.011782668 0.999929965 0.001100596 -1.729098201 0.001834255 -0.001079056 0.999997735 64.448028564
0.999927819 0.011811567 -0.002179729 1.149372578 -0.011810013 0.999930024 0.000723743 -1.739044309 0.002188125 -0.000697948 0.999997377 64.990684509
0.999939322 0.010857074 -0.001835967 1.155031562 -0.010855646 0.999940872 0.000785788 -1.753832698 0.001844390 -0.000765810 0.999998033 65.524131775
0.999942005 0.010653192 -0.001542641 1.161675572 -0.010652320 0.999943137 0.000572636 -1.769976616 0.001548653 -0.000556170 0.999998689 66.058967590
0.999936521 0.011116706 -0.001826401 1.176559925 -0.011115923 0.999938130 0.000438575 -1.779068112 0.001831163 -0.000418245 0.999998152 66.642776489
0.999940336 0.010824463 -0.001436009 1.192339778 -0.010823313 0.999941111 0.000805877 -1.801336527 0.001444648 -0.000790287 0.999998569 67.187919617
0.999937057 0.011073214 -0.001786896 1.201713085 -0.011072364 0.999938607 0.000485493 -1.815385938 0.001792162 -0.000465677 0.999998212 67.729995728
0.999940574 0.010783708 -0.001565565 1.211683393 -0.010783051 0.999941766 0.000427118 -1.833514214 0.001570080 -0.000410211 0.999998689 68.273239136
0.999936879 0.011069133 -0.001921103 1.236725211 -0.011068767 0.999938667 0.000200569 -1.847505450 0.001923206 -0.000179293 0.999998093 68.827812195
0.999938011 0.010985068 -0.001828599 1.237665534 -0.010984450 0.999939561 0.000347739 -1.864018917 0.001832309 -0.000327631 0.999998271 69.357093811
0.999926686 0.011991782 -0.001694417 1.248351574 -0.011991576 0.999928117 0.000129171 -1.876399755 0.001695844 -0.000108843 0.999998569 69.908012390
0.999940157 0.010773841 -0.001923017 1.258910656 -0.010773492 0.999941945 0.000192069 -1.889573097 0.001924974 -0.000171340 0.999998152 70.467819214
0.999935269 0.011251644 -0.001660828 1.270769596 -0.011251632 0.999936700 0.000015828 -1.908911705 0.001660901 0.000002860 0.999998629 71.031669617
0.999937475 0.011073291 -0.001535155 1.278323174 -0.011073823 0.999938726 -0.000338396 -1.918983459 0.001531314 0.000355375 0.999998689 71.577850342
0.999937773 0.011058877 -0.001486849 1.289041400 -0.011058822 0.999938786 0.000045856 -1.938008428 0.001487265 -0.000029410 0.999998808 72.119949341
0.999939144 0.010947302 -0.001313938 1.295384526 -0.010947682 0.999940038 -0.000283051 -1.956077456 0.001310760 0.000297418 0.999999046 72.665962219
0.999938548 0.011011936 -0.001225218 1.307660699 -0.011012257 0.999939322 -0.000253566 -1.971687317 0.001222351 0.000267043 0.999999225 73.212417603
0.999922335 0.012450383 -0.000568540 1.309341192 -0.012450290 0.999922395 0.000165479 -1.987867117 0.000570556 -0.000158388 0.999999821 73.770515442
0.999934316 0.011388086 -0.001257433 1.325034142 -0.011388303 0.999935150 -0.000166534 -2.007293701 0.001255455 0.000180843 0.999999166 74.303451538
0.999928236 0.011958895 -0.000709637 1.330989838 -0.011958839 0.999928415 0.000081919 -2.015492201 0.000710566 -0.000073427 0.999999702 74.856155396
0.999930859 0.011729696 -0.000806225 1.340710044 -0.011729752 0.999931157 -0.000065508 -2.039423704 0.000805401 0.000074960 0.999999702 75.403938293
0.999918997 0.012713325 -0.000458781 1.345332384 -0.012713745 0.999918759 -0.000917553 -2.052952528 0.000447078 0.000923311 0.999999404 75.933090210
0.999917626 0.012825373 -0.000328933 1.355891347 -0.012825714 0.999917209 -0.001062526 -2.070405483 0.000315279 0.001066657 0.999999404 76.483772278
0.999909043 0.013484366 -0.000210707 1.368470669 -0.013484471 0.999908924 -0.000505446 -2.090861559 0.000203872 0.000508241 0.999999762 77.063796997
0.999912620 0.013199065 -0.000763347 1.381481171 -0.013199415 0.999912739 -0.000457592 -2.107678175 0.000757241 0.000467628 0.999999523 77.607025146
0.999922693 0.012410386 -0.000749521 1.406728387 -0.012410202 0.999922931 0.000247994 -2.134297609 0.000752541 -0.000238673 0.999999702 78.118888855
0.999942780 0.010653070 -0.000901528 1.434390545 -0.010653468 0.999943078 -0.000437606 -2.144551516 0.000896815 0.000447186 0.999999523 78.684341431
0.999936342 0.011246770 -0.000832787 1.443103313 -0.011247432 0.999936402 -0.000794554 -2.154861212 0.000823797 0.000803870 0.999999344 79.238975525
0.999917924 0.012805730 -0.000326189 1.438261390 -0.012805865 0.999917924 -0.000414084 -2.168189049 0.000320860 0.000418227 0.999999881 79.730361938
0.999927759 0.011931099 -0.001401409 1.459340215 -0.011932108 0.999928534 -0.000714717 -2.189635277 0.001392782 0.000731387 0.999998748 80.351959229
0.999926209 0.012144322 0.000210575 1.465230823 -0.012144131 0.999925852 -0.000886332 -2.195794582 -0.000221324 0.000883709 0.999999583 80.858940125
0.999914467 0.012854571 0.002379338 1.465654016 -0.012852713 0.999917030 -0.000793946 -2.225241184 -0.002389346 0.000763297 0.999996841 81.371932983
0.999920726 0.012291519 0.002766602 1.486841083 -0.012290344 0.999924362 -0.000441908 -2.235470057 -0.002771825 0.000407871 0.999996066 81.908401489
0.999909282 0.012646028 0.004641804 1.480450153 -0.012643200 0.999919832 -0.000637808 -2.249225855 -0.004649498 0.000579063 0.999989033 82.456466675
0.999886751 0.013022897 0.007541314 1.494763374 -0.013020159 0.999915123 -0.000412080 -2.267980814 -0.007546041 0.000313844 0.999971449 82.988014221
0.999855816 0.012773708 0.011181737 1.516036510 -0.012759940 0.999917626 -0.001301918 -2.275493383 -0.011197447 0.001159052 0.999936640 83.516311646
0.999809742 0.013217487 0.014344639 1.536626101 -0.013204814 0.999912322 -0.000977858 -2.291751385 -0.014356308 0.000788253 0.999896586 84.066635132
0.999742925 0.012651665 0.018815733 1.556943655 -0.012625823 0.999919176 -0.001491550 -2.304280996 -0.018833086 0.001253603 0.999821782 84.622169495
0.999585092 0.013831152 0.025265893 1.585994601 -0.013797847 0.999903679 -0.001491967 -2.323969126 -0.025284098 0.001142733 0.999679565 85.153518677
0.999414325 0.013876179 0.031279504 1.616240382 -0.013846594 0.999903440 -0.001162317 -2.342984200 -0.031292610 0.000728521 0.999509990 85.697692871
0.999220669 0.013458917 0.037105992 1.652931809 -0.013416878 0.999908984 -0.001381714 -2.356341124 -0.037121210 0.000882790 0.999310315 86.253295898
0.998860836 0.013716856 0.045706324 1.698573351 -0.013663762 0.999905586 -0.001473900 -2.376331806 -0.045722231 0.000847701 0.998953760 86.794807434
0.998436511 0.013705811 0.054191068 1.743470192 -0.013610336 0.999905109 -0.002130507 -2.385765553 -0.054215126 0.001389617 0.998528302 87.332504272
0.998023212 0.013485975 0.061384141 1.789204359 -0.013417760 0.999908745 -0.001523382 -2.408055067 -0.061399095 0.000696733 0.998113036 87.873031616
0.997384608 0.014526810 0.070802025 1.831429482 -0.014423668 0.999894023 -0.001967835 -2.420520306 -0.070823096 0.000941464 0.997488439 88.411697388
0.996632338 0.014712634 0.080671065 1.900903702 -0.014569630 0.999891043 -0.002361084 -2.439048290 -0.080697007 0.001177785 0.996737957 88.932723999
0.995887220 0.014279316 0.089468993 1.962973118 -0.014115470 0.999897301 -0.002463797 -2.447646618 -0.089495011 0.001190767 0.995986581 89.479057312
0.995229721 0.013154310 0.096667796 2.034158707 -0.012912572 0.999911726 -0.003125913 -2.458256245 -0.096700393 0.001862772 0.995311797 90.007095337
0.994249046 0.012869357 0.106316373 2.118907928 -0.012638773 0.999916017 -0.002842371 -2.475151539 -0.106344022 0.001482316 0.994328260 90.530937195
0.992999732 0.013936371 0.117290832 2.202015877 -0.013721286 0.999902308 -0.002641085 -2.499130964 -0.117316201 0.001013216 0.993094087 91.054344177
0.991927505 0.012459857 0.126192644 2.298749924 -0.012177951 0.999921322 -0.003005211 -2.515943527 -0.126220167 0.001444184 0.992001295 91.580650330
0.990398884 0.012449622 0.137676820 2.395170212 -0.012164984 0.999921799 -0.002908707 -2.533967495 -0.137702286 0.001205944 0.990472913 92.110511780
0.988576651 0.012323486 0.150214225 2.494854927 -0.012013325 0.999923348 -0.002972086 -2.557544470 -0.150239348 0.001133563 0.988648951 92.641448975
0.986884534 0.011326492 0.161030397 2.605953217 -0.010918134 0.999934494 -0.003420555 -2.572734356 -0.161058620 0.001617541 0.986943483 93.190414429
0.985104442 0.011655129 0.171561763 2.719158173 -0.011249458 0.999931157 -0.003336615 -2.586770535 -0.171588853 0.001356937 0.985167742 93.748466492
0.982747018 0.011775488 0.184579492 2.838099480 -0.011389451 0.999930143 -0.003151574 -2.611576319 -0.184603706 0.000994941 0.982812464 94.267539978
0.980387270 0.011261432 0.196758717 2.971949577 -0.010814437 0.999935925 -0.003346093 -2.627331018 -0.196783796 0.001152633 0.980446219 94.800689697
0.978281081 0.010937192 0.206994087 3.100269318 -0.010457803 0.999939501 -0.003410048 -2.645016909 -0.207018852 0.001171282 0.978336275 95.327232361
0.975402057 0.011642853 0.220125318 3.244529724 -0.011156024 0.999931812 -0.003454611 -2.666174412 -0.220150501 0.000913911 0.975465477 95.861488342
0.972331762 0.010354678 0.233374462 3.390029907 -0.009699702 0.999945164 -0.003954075 -2.678578854 -0.233402580 0.001581011 0.972379029 96.392265320
0.969600260 0.010356109 0.244474933 3.543575287 -0.009715718 0.999945521 -0.003825267 -2.693674326 -0.244501233 0.001333731 0.969648123 96.901710510
0.966776311 0.010144547 0.255422324 3.712938309 -0.009416952 0.999947369 -0.004071395 -2.716880083 -0.255450189 0.001530829 0.966820955 97.420341492
0.963023543 0.011216471 0.269183695 3.877294540 -0.010734061 0.999937117 -0.003263986 -2.739307404 -0.269203335 0.000253862 0.963083446 97.931419373
0.959548056 0.010502170 0.281348705 4.054208755 -0.009783244 0.999944270 -0.003959819 -2.754260063 -0.281374574 0.001047133 0.959597409 98.462318420
0.956237316 0.009483060 0.292438418 4.234697342 -0.008746109 0.999954402 -0.003827377 -2.775017738 -0.292461365 0.001102182 0.956276655 98.974975586
0.951659620 0.010045886 0.306990296 4.414169312 -0.009331349 0.999949276 -0.003795261 -2.794120073 -0.307012886 0.000747163 0.951705098 99.468482971
0.947168946 0.008818455 0.320613652 4.620908737 -0.007876758 0.999960005 -0.004234009 -2.809023619 -0.320638180 0.001484927 0.947200596 99.972846985
0.943194389 0.008942708 0.332121134 4.826669693 -0.007791537 0.999958098 -0.004797646 -2.820538521 -0.332150102 0.001937379 0.943224549 100.491493225
0.938492715 0.008671389 0.345190078 5.039678574 -0.007638268 0.999961376 -0.004352948 -2.847155333 -0.345214397 0.001448556 0.938522696 100.999313354
0.933182120 0.009172582 0.359286696 5.258146286 -0.008120256 0.999957263 -0.004437989 -2.860832453 -0.359312057 0.001223952 0.933216691 101.505271912
0.928639948 0.008121982 0.370893270 5.478590012 -0.006875119 0.999965489 -0.004683800 -2.884383202 -0.370918423 0.001799629 0.928663671 101.992599487
0.923384011 0.008104408 0.383792013 5.701427460 -0.007092732 0.999966621 -0.004051215 -2.928152084 -0.383812100 0.001018694 0.923410654 102.470901489
0.917554438 0.008250987 0.397524565 5.944072723 -0.007825650 0.999965787 -0.002692273 -2.953171015 -0.397533178 -0.000640582 0.917587519 102.967948914
0.911817968 0.006996910 0.410535097 6.205837250 -0.005930327 0.999974906 -0.003871424 -2.959037542 -0.410551876 0.001095426 0.911836565 103.499206543
0.906949222 0.006669199 0.421187371 6.456882477 -0.005567819 0.999977171 -0.003844649 -2.974590302 -0.421203405 0.001141806 0.906965435 103.982200623
0.900745690 0.007267477 0.434286088 6.702362061 -0.006061962 0.999972939 -0.004160842 -2.992368221 -0.434304595 0.001115235 0.900765359 104.483154297
0.894106030 0.007760402 0.447788209 6.970649719 -0.006454498 0.999969304 -0.004442187 -3.001776934 -0.447808892 0.001081538 0.894128621 104.972450256
0.887844682 0.007486185 0.460082412 7.232772827 -0.006057887 0.999971151 -0.004580711 -3.030143976 -0.460103422 0.001279833 0.887864411 105.456382751
0.882016957 0.006714766 0.471169978 7.511005402 -0.005321586 0.999976635 -0.004289068 -3.045094252 -0.471187741 0.001275659 0.882032156 105.928237915
0.874347270 0.007256724 0.485246450 7.807418823 -0.005679533 0.999972641 -0.004720572 -3.060972214 -0.485267520 0.001371446 0.874364614 106.410568237
0.867380857 0.006948401 0.497596323 8.096611023 -0.005273791 0.999974608 -0.004770612 -3.081177473 -0.497616947 0.001513719 0.867395520 106.860076904
0.861189544 0.005491650 0.508254528 8.408653259 -0.003585923 0.999982417 -0.004728722 -3.095759392 -0.508271575 0.002249764 0.861193895 107.332870483
