1.000000000 0.000000000 0.000000000 0.000000000 0.000000000 1.000000000 0.000000000 0.000000000 0.000000000 0.000000000 1.000000000 0.000000000
1.000000000 0.000059758 0.000039208 -0.000654476 -0.000059761 1.000000000 0.000069217 0.000011554 -0.000039204 -0.000069219 1.000000000 -0.000095963
1.000000000 -0.000033862 0.000083919 -0.001004457 0.000033863 1.000000000 -0.000013865 0.000288636 -0.000083918 0.000013868 1.000000000 -0.000149221
1.000000000 0.000065008 0.000049548 -0.000273182 -0.000065009 1.000000000 0.000031526 -0.000117930 -0.000049546 -0.000031530 1.000000000 0.000203527
1.000000000 0.000077318 0.000187689 -0.001583135 -0.000077329 1.000000000 0.000056735 -0.000582155 -0.000187684 -0.000056750 1.000000000 -0.000120645
1.000000000 -0.000134600 -0.000003824 0.000013302 0.000134600 1.000000000 -0.000028089 0.000293379 0.000003828 0.000028088 1.000000000 0.000001870
1.000000000 0.000069158 0.000156793 -0.001811728 -0.000069166 1.000000000 0.000053684 -0.000361700 -0.000156789 -0.000053695 1.000000000 0.000005608
1.000000000 0.000050802 0.000075748 -0.001145713 -0.000050800 1.000000000 -0.000026815 -0.000202563 -0.000075749 0.000026811 1.000000000 -0.000957354
1.000000000 0.000067229 0.000154524 -0.001246301 -0.000067230 1.000000000 0.000008126 -0.000999428 -0.000154523 -0.000008136 1.000000000 -0.000796947
1.000000000 0.000103106 0.000141584 -0.001534015 -0.000103125 1.000000000 0.000132700 -0.001032989 -0.000141571 -0.000132714 1.000000000 0.000715379
1.000000000 0.000045147 0.000132937 -0.001003094 -0.000045154 1.000000000 0.000052837 -0.000224514 -0.000132935 -0.000052843 1.000000000 -0.000217681
1.000000000 0.000105735 0.000137189 -0.001342799 -0.000105745 1.000000000 0.000074389 -0.001208120 -0.000137181 -0.000074403 1.000000000 -0.000813489
1.000000000 0.000051927 0.000137916 -0.000913778 -0.000051933 1.000000000 0.000044193 -0.000164157 -0.000137914 -0.000044200 1.000000000 0.000079984
1.000000000 0.000140243 0.000111787 -0.001332968 -0.000140231 1.000000000 -0.000108235 0.000946592 -0.000111802 0.000108220 1.000000000 0.000185505
1.000000000 0.000099807 0.000096417 -0.001094161 -0.000099808 1.000000000 0.000004966 0.000545483 -0.000096417 -0.000004976 1.000000000 0.000159551
0.999999940 0.000257026 0.000193879 -0.001982223 -0.000257013 0.999999940 -0.000067378 0.001373978 -0.000193896 0.000067328 1.000000000 0.001162532
0.999999881 0.000383206 0.000205445 -0.002684947 -0.000383200 0.999999940 -0.000028681 0.000860499 -0.000205456 0.000028602 1.000000000 0.002059589
0.999999940 0.000230379 0.000246691 -0.002203233 -0.000230380 1.000000000 0.000005769 0.001240321 -0.000246689 -0.000005826 0.999999940 0.002074829
0.999999940 0.000177331 0.000255087 -0.002141098 -0.000177312 1.000000000 -0.000073760 0.000834646 -0.000255100 0.000073715 0.999999940 0.000830415
0.999999940 0.000255388 0.000239097 -0.002469333 -0.000255389 0.999999940 0.000005935 0.000299783 -0.000239096 -0.000005996 1.000000000 0.001482490
0.999999940 0.000360658 0.000208264 -0.002276131 -0.000360641 0.999999940 -0.000084699 0.001488002 -0.000208295 0.000084624 1.000000000 0.001288567
0.999999940 0.000277451 0.000196360 -0.002187181 -0.000277443 0.999999940 -0.000043352 0.000724937 -0.000196372 0.000043297 1.000000000 0.001835391
0.999999940 0.000179964 0.000193539 -0.002302923 -0.000179964 1.000000000 -0.000001784 0.000457403 -0.000193539 0.000001749 1.000000000 0.000744560
0.999999940 0.000379975 0.000177246 -0.002141973 -0.000379975 0.999999940 0.000000766 0.001492364 -0.000177246 -0.000000833 1.000000000 0.002384185
0.999999881 0.000348901 0.000248296 -0.002147702 -0.000348907 0.999999940 0.000025171 0.000936231 -0.000248287 -0.000025258 0.999999940 0.001966489
0.999999881 0.000313179 0.000285126 -0.002523056 -0.000313163 0.999999940 -0.000056027 0.002448621 -0.000285144 0.000055938 0.999999940 0.002662286
0.999999881 0.000367886 0.000232067 -0.002112688 -0.000367897 0.999999940 0.000047554 0.001275661 -0.000232049 -0.000047640 1.000000000 0.002266154
0.999999881 0.000418618 0.000160490 -0.002185537 -0.000418598 0.999999881 -0.000120267 0.002128963 -0.000160541 0.000120200 1.000000000 0.001101748
0.999999940 0.000393135 0.000140225 -0.001879841 -0.000393121 0.999999940 -0.000099454 0.002103047 -0.000140264 0.000099398 1.000000000 0.000502331
0.999999881 0.000413298 0.000272665 -0.002408045 -0.000413287 0.999999940 -0.000039552 0.000542041 -0.000272681 0.000039439 0.999999940 0.001020048
0.999999881 0.000379679 0.000314609 -0.002735930 -0.000379671 0.999999940 -0.000024852 0.001799135 -0.000314618 0.000024733 0.999999940 0.002306544
0.999999881 0.000380447 0.000206831 -0.001710188 -0.000380429 0.999999940 -0.000086801 0.002270016 -0.000206864 0.000086723 1.000000000 0.002630739
0.999999881 0.000443316 0.000251406 -0.002215961 -0.000443320 0.999999881 0.000016186 0.000207548 -0.000251399 -0.000016297 0.999999940 0.000269999
0.999999881 0.000448049 0.000309821 -0.003141178 -0.000448044 0.999999881 -0.000013237 0.001214185 -0.000309827 0.000013098 0.999999940 0.002461863
0.999999881 0.000412386 0.000222258 -0.001462944 -0.000412359 0.999999881 -0.000123035 0.001630109 -0.000222308 0.000122943 0.999999940 0.001497603
0.999999940 0.000344261 0.000233861 -0.002141339 -0.000344254 0.999999940 -0.000031809 0.001421203 -0.000233872 0.000031729 1.000000000 0.001798516
0.999999881 0.000457389 0.000205024 -0.002464966 -0.000457371 0.999999881 -0.000086902 0.002780410 -0.000205064 0.000086808 1.000000000 0.001973754
0.999999821 0.000528897 0.000324193 -0.003187514 -0.000528886 0.999999881 -0.000036287 0.001993068 -0.000324212 0.000036115 0.999999940 0.002480492
0.999999881 0.000447678 0.000217445 -0.001363776 -0.000447674 0.999999881 -0.000016316 0.001929524 -0.000217452 0.000016219 1.000000000 0.001065629
0.999999940 0.000326643 0.000225305 -0.001604682 -0.000326625 0.999999940 -0.000081228 0.000718005 -0.000225332 0.000081155 1.000000000 0.000562299
0.999999881 0.000502173 0.000089472 -0.001284204 -0.000502152 0.999999762 -0.000228816 -0.004660097 -0.000089587 0.000228770 0.999999881 0.050070740
1.000000000 0.000320769 -0.000006006 0.001154715 -0.000320773 0.999999583 -0.000818255 -0.005978809 0.000005743 0.000818257 0.999999642 0.141664416
0.999999583 0.000870046 0.000284919 0.001079968 -0.000869741 0.999998987 -0.001068509 -0.009171342 -0.000285848 0.001068261 0.999999404 0.252537072
0.999999464 0.000958951 0.000344932 0.003940047 -0.000958602 0.999998987 -0.001011028 -0.011953508 -0.000345901 0.001010697 0.999999404 0.384488404
0.999999523 0.000966121 0.000227196 0.006200903 -0.000965942 0.999999166 -0.000787514 -0.016036993 -0.000227957 0.000787295 0.999999642 0.526794136
0.999999762 0.000510997 0.000255891 0.012285261 -0.000510953 0.999999881 -0.000173049 -0.025887344 -0.000255979 0.000172918 0.999999940 0.681947947
0.999999881 0.000316329 0.000172718 0.018185830 -0.000316329 1.000000000 0.000000493 -0.028320247 -0.000172718 -0.000000547 1.000000000 0.842191935
0.999999821 0.000296615 0.000447416 0.018138228 -0.000296597 0.999999940 -0.000040515 -0.032514792 -0.000447428 0.000040383 0.999999881 1.019710541
0.999999762 0.000580349 0.000434014 0.022225766 -0.000580378 0.999999821 0.000065909 -0.037451468 -0.000433975 -0.000066161 0.999999881 1.194363594
0.999999762 0.000529870 0.000441546 0.026361216 -0.000530049 0.999999762 0.000405028 -0.045276631 -0.000441331 -0.000405262 0.999999821 1.376102090
0.999999642 0.000806846 0.000224635 0.030608527 -0.000806915 0.999999642 0.000306470 -0.047244135 -0.000224388 -0.000306651 0.999999881 1.569435358
0.999999881 0.000268767 0.000436044 0.031291559 -0.000269075 0.999999702 0.000707648 -0.057742164 -0.000435854 -0.000707765 0.999999642 1.768549204
0.999999702 0.000473626 0.000645784 0.032979973 -0.000474255 0.999999404 0.000975528 -0.064973995 -0.000645322 -0.000975834 0.999999344 1.966059804
0.999999881 -0.000079463 0.000449990 0.041045558 0.000079021 0.999999523 0.000982536 -0.071494855 -0.000450067 -0.000982500 0.999999404 2.177997589
0.999999821 0.000214958 0.000507120 0.044350181 -0.000215491 0.999999404 0.001050301 -0.075147815 -0.000506894 -0.001050410 0.999999344 2.397390127
0.999999583 0.000629337 0.000668287 0.046786942 -0.000629956 0.999999344 0.000925486 -0.079795703 -0.000667705 -0.000925907 0.999999344 2.621494293
0.999999702 0.000228222 0.000752326 0.054114919 -0.000229020 0.999999404 0.001060971 -0.089561373 -0.000752083 -0.001061143 0.999999166 2.849172592
0.999999523 0.000242606 0.000975310 0.057464749 -0.000243694 0.999999344 0.001114947 -0.092466898 -0.000975039 -0.001115184 0.999998927 3.090990067
0.999999464 0.000691869 0.000750361 0.064625628 -0.000692814 0.999998927 0.001259976 -0.102518708 -0.000749489 -0.001260495 0.999998927 3.323004484
0.999999642 0.000375596 0.000785285 0.069152199 -0.000376592 0.999999106 0.001267594 -0.108543277 -0.000784808 -0.001267889 0.999998808 3.575663805
0.999999404 0.000677941 0.000872143 0.072683088 -0.000678999 0.999998987 0.001213138 -0.114788212 -0.000871320 -0.001213729 0.999998808 3.836186171
0.999999046 0.000802743 0.001083294 0.076902390 -0.000804099 0.999998868 0.001251706 -0.120727681 -0.001082288 -0.001252576 0.999998569 4.088644505
0.999998868 0.001068856 0.001027015 0.083350912 -0.001070182 0.999998569 0.001291559 -0.125656888 -0.001025633 -0.001292657 0.999998629 4.346083164
0.999999046 0.000655589 0.001266625 0.085637517 -0.000656978 0.999999166 0.001096682 -0.130612984 -0.001265905 -0.001097513 0.999998629 4.611014366
0.999998093 0.001313561 0.001454518 0.091029845 -0.001315557 0.999998152 0.001372086 -0.140792474 -0.001452713 -0.001373996 0.999997973 4.864504814
0.999998093 0.001424531 0.001376842 0.097376272 -0.001426568 0.999997973 0.001479432 -0.148881808 -0.001374732 -0.001481393 0.999997914 5.122873306
0.999997914 0.001329746 0.001535303 0.099792287 -0.001331642 0.999998450 0.001234506 -0.154602259 -0.001533658 -0.001236549 0.999997973 5.382472038
0.999998331 0.001064647 0.001446338 0.105658956 -0.001066477 0.999998629 0.001265376 -0.163125262 -0.001444988 -0.001266917 0.999998152 5.646844387
0.999998033 0.001231586 0.001549246 0.107148916 -0.001233598 0.999998331 0.001298907 -0.170935541 -0.001547644 -0.001300816 0.999997914 5.913908005
0.999997318 0.001571039 0.001750144 0.110142745 -0.001573362 0.999997854 0.001326758 -0.180784479 -0.001748056 -0.001329508 0.999997616 6.193903446
0.999998212 0.001028867 0.001600419 0.122785859 -0.001030829 0.999998689 0.001225728 -0.181986541 -0.001599156 -0.001227375 0.999997973 6.487836838
0.999996960 0.001709237 0.001772660 0.126331136 -0.001711491 0.999997675 0.001270992 -0.189469099 -0.001770484 -0.001274022 0.999997556 6.776955128
0.999996901 0.001701884 0.001830815 0.132758692 -0.001703668 0.999998093 0.000973449 -0.196999460 -0.001829155 -0.000976566 0.999997854 7.078048229
0.999996960 0.001683569 0.001816182 0.138951048 -0.001685900 0.999997795 0.001282481 -0.207538947 -0.001814019 -0.001285539 0.999997497 7.379899979
0.999996960 0.001594426 0.001895478 0.144290566 -0.001596880 0.999997854 0.001293865 -0.221822664 -0.001893411 -0.001296888 0.999997318 7.684122562
0.999996305 0.001734685 0.002112240 0.152066007 -0.001736842 0.999997973 0.001019933 -0.226235420 -0.002110466 -0.001023598 0.999997258 8.001654625
0.999995112 0.002130726 0.002300229 0.150943488 -0.002134038 0.999996603 0.001438400 -0.239351392 -0.002297157 -0.001443302 0.999996305 8.316480637
0.999996066 0.001807375 0.002168569 0.158341601 -0.001810674 0.999997199 0.001520319 -0.249270856 -0.002165815 -0.001524240 0.999996483 8.637786865
0.999995053 0.001881660 0.002531831 0.164014712 -0.001884950 0.999997318 0.001297720 -0.255698204 -0.002529383 -0.001302486 0.999995947 8.984284401
0.999995172 0.001973166 0.002396777 0.172241196 -0.001976621 0.999997020 0.001440209 -0.269006222 -0.002393928 -0.001444939 0.999996126 9.323225975
0.999993682 0.002405357 0.002586621 0.178430676 -0.002409048 0.999996066 0.001425208 -0.279313266 -0.002583183 -0.001431430 0.999995589 9.660876274
0.999994636 0.002207938 0.002410232 0.187385827 -0.002212447 0.999995768 0.001869774 -0.291196883 -0.002406093 -0.001875097 0.999995351 10.007423401
0.999994576 0.002291962 0.002356016 0.195508718 -0.002296000 0.999995887 0.001712623 -0.305740297 -0.002352081 -0.001718023 0.999995708 10.378579140
0.999994040 0.002343309 0.002529038 0.203540772 -0.002347616 0.999995768 0.001701946 -0.314228445 -0.002525039 -0.001707873 0.999995291 10.740520477
0.999995708 0.001958531 0.002156998 0.212658212 -0.001962057 0.999996662 0.001633807 -0.322145075 -0.002153791 -0.001638032 0.999996305 11.105171204
0.999995291 0.002097861 0.002232406 0.223435387 -0.002101682 0.999996305 0.001710302 -0.330892920 -0.002228810 -0.001714986 0.999996006 11.494032860
0.999994755 0.002276726 0.002310248 0.229558617 -0.002280480 0.999996066 0.001623695 -0.337791681 -0.002306542 -0.001628955 0.999996006 11.873072624
0.999994576 0.002043026 0.002622619 0.238008544 -0.002047607 0.999996364 0.001745432 -0.354839474 -0.002619044 -0.001750792 0.999995053 12.251372337
0.999993503 0.001960221 0.003033995 0.249425769 -0.001967617 0.999995112 0.002436707 -0.371414632 -0.003029204 -0.002442661 0.999992430 12.639937401
0.999993145 0.002190555 0.002984061 0.254063189 -0.002196428 0.999995649 0.001966503 -0.375143468 -0.002979740 -0.001973044 0.999993622 13.039605141
0.999995172 0.001733099 0.002577747 0.267664999 -0.001738203 0.999996483 0.001978615 -0.389928758 -0.002574309 -0.001983086 0.999994695 13.433864594
0.999993384 0.002030114 0.003024760 0.274562269 -0.002036422 0.999995768 0.002083627 -0.400210619 -0.003020517 -0.002089773 0.999993205 13.843440056
0.999991834 0.002267710 0.003339329 0.281373173 -0.002275145 0.999994934 0.002224198 -0.410221815 -0.003334268 -0.002231777 0.999991953 14.251239777
0.999990106 0.002463467 0.003720978 0.288463205 -0.002472113 0.999994278 0.002320876 -0.424566478 -0.003715239 -0.002330051 0.999990404 14.667265892
0.999991000 0.001940393 0.003770758 0.304022223 -0.001948644 0.999995708 0.002185643 -0.434143037 -0.003766500 -0.002192972 0.999990523 15.094582558
0.999989986 0.002123459 0.003917013 0.315818429 -0.002131644 0.999995530 0.002086677 -0.447505742 -0.003912564 -0.002095006 0.999990165 15.539210320
0.999987960 0.002083661 0.004414761 0.324621737 -0.002090631 0.999996603 0.001574928 -0.456877619 -0.004411464 -0.001584139 0.999989033 15.981023788
0.999982297 0.002987677 0.005146725 0.331742764 -0.002999899 0.999992609 0.002368922 -0.472737074 -0.005139611 -0.002384319 0.999983966 16.415117264
0.999981225 0.003080830 0.005293485 0.337151259 -0.003090824 0.999993324 0.001880871 -0.484095752 -0.005287655 -0.001897197 0.999984324 16.858020782
0.999978900 0.002855109 0.005819781 0.354918122 -0.002872114 0.999991596 0.002915736 -0.510273993 -0.005811407 -0.002932390 0.999978840 17.315214157
0.999977946 0.002861414 0.005989935 0.366034955 -0.002881176 0.999990404 0.003293181 -0.521774590 -0.005980453 -0.003310366 0.999976635 17.772064209
0.999976397 0.002817419 0.006259783 0.380850971 -0.002835333 0.999991894 0.002854778 -0.534319878 -0.006251688 -0.002872459 0.999976337 18.234310150
0.999975204 0.002617140 0.006537299 0.395355940 -0.002635864 0.999992490 0.002857349 -0.541728199 -0.006529771 -0.002874510 0.999974549 18.707164764
0.999974549 0.002817249 0.006558049 0.407258123 -0.002837620 0.999991179 0.003099038 -0.561029911 -0.006549260 -0.003117569 0.999973714 19.189060211
0.999968350 0.003490769 0.007140518 0.418587923 -0.003512352 0.999989212 0.003012216 -0.572539866 -0.007129926 -0.003037201 0.999969959 19.669282913
0.999970078 0.002938320 0.007156375 0.430780798 -0.002962054 0.999990284 0.003308059 -0.586421430 -0.007146585 -0.003329159 0.999968946 20.162807465
0.999970496 0.003041389 0.007052845 0.446986526 -0.003062536 0.999990880 0.002989416 -0.598336160 -0.007043689 -0.003010927 0.999970675 20.650270462
0.999974489 0.002469659 0.006706372 0.461255521 -0.002488999 0.999992788 0.002877014 -0.608828902 -0.006699219 -0.002893633 0.999973297 21.168443680
0.999978602 0.002175464 0.006160277 0.474150360 -0.002191063 0.999994397 0.002526645 -0.618450701 -0.006154746 -0.002540088 0.999977827 21.674123764
0.999980390 0.002278000 0.005827524 0.486826301 -0.002293205 0.999993920 0.002603865 -0.631223798 -0.005821557 -0.002617177 0.999979615 22.189781189
0.999982953 0.002030929 0.005460544 0.506013930 -0.002046532 0.999993861 0.002853395 -0.652563274 -0.005454715 -0.002864522 0.999980986 22.697950363
0.999985039 0.002206629 0.005006611 0.514782786 -0.002221759 0.999992967 0.003018588 -0.669076681 -0.004999915 -0.003029666 0.999982893 23.222414017
0.999988019 0.002200805 0.004372850 0.527899504 -0.002215200 0.999992132 0.003289594 -0.686836362 -0.004365575 -0.003299241 0.999984980 23.752019882
0.999993920 0.000504094 0.003463335 0.543713093 -0.000514912 0.999994934 0.003123412 -0.702117503 -0.003461743 -0.003125176 0.999989092 24.283241272
0.999992847 0.001541873 0.003452719 0.547824562 -0.001552766 0.999993801 0.003154574 -0.716458559 -0.003447834 -0.003159913 0.999989092 24.823318481
0.999993742 0.001804927 0.003037092 0.556061685 -0.001815240 0.999992609 0.003396101 -0.732661426 -0.003030939 -0.003401593 0.999989629 25.362560272
0.999995291 0.002009133 0.002320623 0.567935348 -0.002017736 0.999991059 0.003710577 -0.749138296 -0.002313147 -0.003715242 0.999990404 25.903707504
0.999995232 0.002109491 0.002239168 0.575892210 -0.002117478 0.999991298 0.003570437 -0.762630761 -0.002231617 -0.003575161 0.999991059 26.460182190
0.999996603 0.001748327 0.001947582 0.591745973 -0.001755897 0.999990880 0.003891715 -0.772550821 -0.001940761 -0.003895122 0.999990523 27.022209167
0.999998033 0.001534560 0.001342396 0.604598522 -0.001539997 0.999990582 0.004058740 -0.792721570 -0.001336155 -0.004060799 0.999990880 27.573574066
0.999997199 0.002026644 0.001194380 0.612088561 -0.002031202 0.999990582 0.003828066 -0.804466188 -0.001186610 -0.003830481 0.999991953 28.131326675
0.999994934 0.002881898 0.001359563 0.618838072 -0.002886962 0.999988854 0.003736922 -0.816265523 -0.001348778 -0.003740828 0.999992073 28.687612534
0.999994934 0.002951826 0.001208497 0.629888952 -0.002956504 0.999988019 0.003887363 -0.831188202 -0.001197007 -0.003890916 0.999991715 29.242424011
0.999996066 0.002656772 0.000899024 0.639498591 -0.002660096 0.999989510 0.003717094 -0.841087282 -0.000889139 -0.003719470 0.999992669 29.788333893
0.999995768 0.002831573 0.000621828 0.647162080 -0.002833974 0.999988377 0.003894895 -0.853931069 -0.000610792 -0.003896641 0.999992192 30.336486816
0.999995887 0.002863377 0.000221888 0.660013855 -0.002864262 0.999987483 0.004095335 -0.868738472 -0.000210159 -0.004095953 0.999991596 30.885635376
0.999996603 0.002615112 -0.000077289 0.676819086 -0.002614779 0.999988437 0.004031604 -0.881911933 0.000087831 -0.004031389 0.999991894 31.431709290
0.999992549 0.003786580 -0.000776011 0.685470939 -0.003783250 0.999983847 0.004248078 -0.894029438 0.000792084 -0.004245111 0.999990702 31.985958099
0.999996245 0.002486583 -0.001128815 0.704270959 -0.002481561 0.999987066 0.004428409 -0.915209413 0.001139812 -0.004425590 0.999989569 32.529384613
0.999994576 0.002636657 -0.001967729 0.714261949 -0.002626692 0.999983788 0.005049505 -0.934271991 0.001981011 -0.005044309 0.999985337 33.076400757
0.999996006 0.002484353 -0.001314749 0.725206971 -0.002478798 0.999988079 0.004209099 -0.935595036 0.001325189 -0.004205824 0.999990225 33.629112244
0.999996006 0.002442221 -0.001393057 0.737376392 -0.002436160 0.999987662 0.004335445 -0.947889745 0.001403627 -0.004332034 0.999989629 34.186187744
0.999995530 0.002531101 -0.001596949 0.747238994 -0.002523683 0.999986053 0.004630094 -0.965114355 0.001608645 -0.004626043 0.999987960 34.724807739
0.999994516 0.002757445 -0.001869315 0.761160433 -0.002749108 0.999986231 0.004447645 -0.985274076 0.001881553 -0.004442481 0.999988377 35.241573334
0.999994993 0.002729241 -0.001609233 0.760254502 -0.002721952 0.999986112 0.004514645 -0.989016771 0.001621532 -0.004510242 0.999988496 35.805438995
0.999994040 0.002269161 -0.002576517 0.784852087 -0.002256330 0.999985158 0.004971966 -1.005572319 0.002587760 -0.004966123 0.999984324 36.378498077
0.999994218 0.002713012 -0.002039809 0.784119427 -0.002704678 0.999988019 0.004077442 -1.015076280 0.002050847 -0.004071902 0.999989629 36.925895691
0.999993861 0.002459501 -0.002487997 0.794509292 -0.002449036 0.999988198 0.004200220 -1.027127147 0.002498298 -0.004194101 0.999988079 37.478382111
0.999993086 0.002279802 -0.002911093 0.806880176 -0.002269101 0.999990642 0.003673512 -1.036902666 0.002919441 -0.003666881 0.999988973 38.033168793
0.999991536 0.002231117 -0.003454887 0.821007729 -0.002218435 0.999990821 0.003670293 -1.050471067 0.003463045 -0.003662597 0.999987304 38.579010010
0.999991715 0.002377128 -0.003289813 0.835192978 -0.002365701 0.999991119 0.003472749 -1.047241092 0.003298039 -0.003464937 0.999988556 39.168972015
0.999991953 0.002093625 -0.003429955 0.833670020 -0.002081509 0.999991536 0.003532262 -1.069977760 0.003437321 -0.003525094 0.999987900 39.670745850
0.999991655 0.002223836 -0.003421373 0.841582716 -0.002212123 0.999991655 0.003423052 -1.088638663 0.003428957 -0.003415455 0.999988258 40.242397308
0.999989986 0.002164425 -0.003885813 0.854291558 -0.002150074 0.999990880 0.003693665 -1.104164958 0.003893772 -0.003685274 0.999985635 40.793758392
0.999992013 0.001831015 -0.003531528 0.852333426 -0.001818947 0.999992490 0.003417634 -1.118180513 0.003537759 -0.003411184 0.999987900 41.359416962
0.999992847 0.002319884 -0.002972226 0.855159879 -0.002308388 0.999989867 0.003865402 -1.136835933 0.002981163 -0.003858514 0.999988079 41.903846741
0.999992311 0.002189789 -0.003228934 0.858477414 -0.002178347 0.999991357 0.003543078 -1.151679754 0.003236665 -0.003536017 0.999988496 42.463542938
0.999992311 0.002470957 -0.003023227 0.865575314 -0.002460846 0.999991417 0.003343656 -1.162354112 0.003031464 -0.003336191 0.999989867 43.018375397
0.999993443 0.002298852 -0.002810449 0.886256337 -0.002288334 0.999990344 0.003740139 -1.172115207 0.002819021 -0.003733683 0.999988973 43.558483124
0.999992013 0.002959298 -0.002690051 0.873789668 -0.002949873 0.999989510 0.003500683 -1.178087234 0.002700383 -0.003492719 0.999990225 44.023994446
0.999992132 0.003093063 -0.002494079 0.880913794 -0.003084437 0.999989271 0.003455092 -1.187192559 0.002504739 -0.003447371 0.999990940 44.560558319
0.999991357 0.003553485 -0.002146964 0.882914186 -0.003546656 0.999988675 0.003176086 -1.196154237 0.002158225 -0.003168444 0.999992669 45.092620850
0.999991000 0.003687006 -0.002091327 0.893788695 -0.003682048 0.999990344 0.002369681 -1.197550893 0.002100043 -0.002361959 0.999994993 45.694198608
0.999990761 0.003735941 -0.002123013 0.912088037 -0.003728984 0.999987721 0.003271812 -1.230925202 0.002135209 -0.003263865 0.999992371 46.227416992
0.999992549 0.003354449 -0.001902864 0.919825375 -0.003348283 0.999989152 0.003234051 -1.249952793 0.001913692 -0.003227656 0.999992967 46.774673462
0.999992251 0.003258491 -0.002219788 0.942917824 -0.003250521 0.999988317 0.003583701 -1.275316715 0.002231438 -0.003576457 0.999991119 47.337310791
0.999992907 0.002917412 -0.002377578 0.953078270 -0.002908941 0.999989450 0.003558143 -1.287130594 0.002387933 -0.003551201 0.999990821 47.886230469
0.999994397 0.002679976 -0.002001182 0.960217655 -0.002673089 0.999990463 0.003437004 -1.302519083 0.002010374 -0.003431636 0.999992013 48.427639008
0.999993742 0.002700300 -0.002278692 0.972015858 -0.002693035 0.999991298 0.003185381 -1.312254190 0.002287272 -0.003179225 0.999992311 48.968029022
0.999991000 0.003525088 -0.002363389 0.977871656 -0.003517407 0.999988675 0.003246317 -1.321310043 0.002374805 -0.003237975 0.999991894 49.506526947
0.999992132 0.003434347 -0.001944699 0.990384161 -0.003428533 0.999989688 0.002985345 -1.339452147 0.001954931 -0.002978654 0.999993682 50.046493530
0.999990046 0.004008790 -0.001966186 0.991158843 -0.004002322 0.999986529 0.003282079 -1.343261719 0.001979316 -0.003274177 0.999992669 50.565162659
0.999989510 0.003997350 -0.002232088 1.000511885 -0.003990268 0.999987006 0.003168683 -1.355870128 0.002244726 -0.003159743 0.999992490 51.086406708
0.999989152 0.004029144 -0.002344320 1.013753057 -0.004020812 0.999985635 0.003548269 -1.367331624 0.002358583 -0.003538804 0.999990940 51.624763489
0.999987841 0.004330224 -0.002367040 1.016702890 -0.004321983 0.999984622 0.003476437 -1.376015306 0.002382057 -0.003466165 0.999991179 52.149700165
0.999986291 0.004849377 -0.001973344 1.022722483 -0.004843299 0.999983549 0.003073192 -1.385100126 0.001988216 -0.003063592 0.999993324 52.685409546
0.999988496 0.004111109 -0.002482775 1.035673261 -0.004103384 0.999986768 0.003108907 -1.394328475 0.002495523 -0.003098683 0.999992073 53.210960388
0.999985695 0.004904156 -0.002184934 1.039937019 -0.004897916 0.999983966 0.002852192 -1.405285239 0.002198886 -0.002841449 0.999993563 53.748001099
0.999985695 0.005101267 -0.001593098 1.043191910 -0.005097090 0.999983609 0.002615152 -1.415171504 0.001606412 -0.002606994 0.999995291 54.285301208
0.999984145 0.005470141 -0.001272954 1.045689821 -0.005467109 0.999982238 0.002372894 -1.420344949 0.001285912 -0.002365896 0.999996364 54.815139771
0.999985576 0.005162497 -0.001501014 1.054983139 -0.005159198 0.999984264 0.002193335 -1.430954456 0.001512312 -0.002185559 0.999996483 55.362590790
0.999984503 0.005429055 -0.001245716 1.059866667 -0.005426500 0.999983132 0.002045329 -1.437976003 0.001256800 -0.002038538 0.999997139 55.907268524
0.999985397 0.005244574 -0.001318969 1.065692425 -0.005241538 0.999983609 0.002295297 -1.448623538 0.001330986 -0.002288350 0.999996483 56.448734283
0.999983370 0.005697541 -0.000840466 1.070095897 -0.005695771 0.999981582 0.002093673 -1.459445953 0.000852379 -0.002088852 0.999997437 56.996948242
0.999981225 0.006108814 -0.000518878 1.073256254 -0.006107830 0.999979615 0.001874496 -1.469792724 0.000530318 -0.001871291 0.999998033 57.537986755
0.999982238 0.005936129 -0.000579171 1.084677339 -0.005935072 0.999980748 0.001810419 -1.481736779 0.000589906 -0.001806950 0.999998152 58.067596436
0.999981463 0.006090479 -0.000098195 1.090678215 -0.006090287 0.999979854 0.001846597 -1.493468165 0.000109440 -0.001845965 0.999998271 58.607841492
0.999981821 0.006015935 -0.000282941 1.099870682 -0.006015389 0.999980092 0.001890360 -1.505150080 0.000294308 -0.001888623 0.999998152 59.132656097
0.999981523 0.006094912 -0.000100206 1.108058333 -0.006094742 0.999980092 0.001616396 -1.521495104 0.000110055 -0.001615755 0.999998689 59.668392181
0.999982715 0.005865452 -0.000366948 1.117913485 -0.005864908 0.999981701 0.001469580 -1.534407854 0.000375561 -0.001467403 0.999998868 60.207920074
0.999983966 0.005647485 -0.000193101 1.126926422 -0.005647229 0.999983191 0.001296946 -1.545433283 0.000200423 -0.001295835 0.999999166 60.757762909
0.999977648 0.006672050 0.000371938 1.130759478 -0.006672562 0.999976695 0.001389269 -1.558842301 -0.000362661 -0.001391720 0.999998927 61.299491882
0.999980450 0.006243819 0.000397344 1.141721845 -0.006244518 0.999978900 0.001781244 -1.570888519 -0.000386214 -0.001783691 0.999998331 61.845615387
0.999977171 0.006718068 0.000842656 1.146115899 -0.006719382 0.999976218 0.001566549 -1.587665439 -0.000832112 -0.001572175 0.999998331 62.383152008
0.999977052 0.006707532 0.000925856 1.156789899 -0.006709004 0.999976158 0.001596485 -1.604181051 -0.000915126 -0.001602660 0.999998212 62.925903320
0.999973536 0.007198601 0.001017647 1.168006778 -0.007200021 0.999973059 0.001397915 -1.615073681 -0.001007555 -0.001405205 0.999998510 63.471942902
0.999974251 0.007117189 0.000931629 1.179414511 -0.007118335 0.999973834 0.001234772 -1.632713437 -0.000922817 -0.001241372 0.999998808 64.007598877
0.999973476 0.007208996 0.001065629 1.190513015 -0.007210427 0.999973059 0.001347145 -1.647967100 -0.001055890 -0.001354793 0.999998450 64.533149719
0.999971747 0.007421098 0.001211463 1.199853897 -0.007422837 0.999971330 0.001438197 -1.662071228 -0.001200755 -0.001447149 0.999998212 65.070358276
0.999978662 0.006459463 0.000994019 1.217564106 -0.006460798 0.999978244 0.001345444 -1.677515745 -0.000985307 -0.001351837 0.999998629 65.601921082
0.999978542 0.006459408 0.001098165 1.228937864 -0.006461102 0.999977887 0.001544492 -1.693199039 -0.001088165 -0.001551554 0.999998271 66.141944885
0.999974191 0.007043581 0.001407640 1.233412027 -0.007044980 0.999974608 0.000990530 -1.704036593 -0.001400628 -0.001000421 0.999998510 66.682304382
0.999975204 0.006920356 0.001409142 1.247273684 -0.006921973 0.999975383 0.001143725 -1.723626375 -0.001401192 -0.001153451 0.999998331 67.218368530
0.999974668 0.006990363 0.001329578 1.260885596 -0.006992197 0.999974549 0.001379751 -1.739649296 -0.001319901 -0.001389013 0.999998093 67.757690430
0.999977827 0.006542974 0.001230971 1.274734616 -0.006544490 0.999977767 0.001231496 -1.756881714 -0.001222886 -0.001239525 0.999998450 68.292053223
0.999974310 0.006987197 0.001590944 1.283472061 -0.006988699 0.999975145 0.000941040 -1.770461917 -0.001584330 -0.000952134 0.999998271 68.825614929
0.999974728 0.006999879 0.001202032 1.293125987 -0.007001088 0.999975085 0.001004866 -1.784517288 -0.001194968 -0.001013256 0.999998748 69.365592957
0.999972641 0.007293927 0.001244935 1.306229711 -0.007294734 0.999973178 0.000643719 -1.800287724 -0.001240206 -0.000652783 0.999999046 69.898300171
0.999975264 0.006897700 0.001379417 1.316323876 -0.006899479 0.999975324 0.001289033 -1.818681598 -0.001370492 -0.001298518 0.999998271 70.452392578
0.999974906 0.006939941 0.001370671 1.332830906 -0.006940750 0.999975741 0.000586414 -1.834203482 -0.001366568 -0.000595913 0.999998868 70.980064392
0.999973714 0.007113820 0.001418502 1.341674447 -0.007114635 0.999974549 0.000571482 -1.850897551 -0.001414401 -0.000581559 0.999998808 71.515548706
0.999973655 0.007100221 0.001500714 1.355738282 -0.007101458 0.999974430 0.000822412 -1.867074132 -0.001494836 -0.000833047 0.999998510 72.050430298
0.999969482 0.007615862 0.001735757 1.361635089 -0.007616908 0.999970794 0.000597064 -1.882511020 -0.001731159 -0.000610267 0.999998331 72.587532043
0.999972582 0.007238952 0.001550665 1.378275633 -0.007240047 0.999973536 0.000701448 -1.898494482 -0.001545547 -0.000712656 0.999998569 73.119316101
0.999968112 0.007735868 0.001964500 1.384496570 -0.007737504 0.999969721 0.000826349 -1.914537907 -0.001958048 -0.000841523 0.999997735 73.660316467
0.999965847 0.007945822 0.002281383 1.395289183 -0.007947045 0.999968410 0.000528078 -1.931187987 -0.002277116 -0.000546191 0.999997199 74.195602417
0.999962509 0.008336407 0.002354518 1.407169819 -0.008338661 0.999964714 0.000948498 -1.946538210 -0.002346529 -0.000968095 0.999996722 74.722640991
0.999961436 0.008460172 0.002338941 1.420258880 -0.008461522 0.999964058 0.000567951 -1.959620833 -0.002334052 -0.000587720 0.999997079 75.262283325
0.999960303 0.008547863 0.002490039 1.433269978 -0.008548399 0.999963462 0.000204460 -1.973816991 -0.002488199 -0.000225737 0.999996901 75.795425415
0.999959826 0.008648943 0.002353278 1.443868279 -0.008650169 0.999962389 0.000510111 -1.990019798 -0.002348776 -0.000530447 0.999997079 76.335594177
0.999961257 0.008552685 0.002090127 1.458681345 -0.008552851 0.999963403 0.000070281 -2.006340027 -0.002089449 -0.000088155 0.999997795 76.876396179
0.999956310 0.009027970 0.002427314 1.465997338 -0.009028093 0.999959230 0.000039651 -2.020506144 -0.002426857 -0.000061563 0.999997079 77.412200928
0.999955654 0.009122399 0.002331270 1.476554155 -0.009123196 0.999958336 0.000331585 -2.034701824 -0.002328149 -0.000352839 0.999997139 77.950187683
0.999955237 0.009015756 0.002871844 1.488306165 -0.009015830 0.999959469 0.000013378 -2.051361561 -0.002871607 -0.000039270 0.999995887 78.475502014
0.999950230 0.009464183 0.003156109 1.500169277 -0.009463557 0.999955058 -0.000213570 -2.063634634 -0.003157988 0.000183691 0.999994993 79.006202698
0.999947548 0.009750238 0.003143821 1.511898041 -0.009749388 0.999952555 -0.000285025 -2.079384804 -0.003146451 0.000254359 0.999994934 79.540023804
0.999953389 0.009185976 0.002950481 1.529517770 -0.009184990 0.999957740 -0.000347291 -2.100558281 -0.002953547 0.000320175 0.999995589 80.061477661
0.999942005 0.009799439 0.004464013 1.536583185 -0.009796754 0.999951780 -0.000623236 -2.112667799 -0.004469905 0.000579468 0.999989867 80.603263855
0.999943018 0.009180887 0.005447613 1.554210544 -0.009178641 0.999957740 -0.000436812 -2.131434202 -0.005451393 0.000386785 0.999985039 81.130760193
0.999936521 0.009045270 0.006707768 1.568486929 -0.009041966 0.999958932 -0.000522585 -2.143548489 -0.006712220 0.000461900 0.999977291 81.677597046
0.999930322 0.008946435 0.007695189 1.579436779 -0.008938699 0.999959528 -0.001039328 -2.156212091 -0.007704175 0.000970470 0.999969840 82.210624695
0.999898493 0.009196708 0.010876513 1.604417801 -0.009189574 0.999957502 -0.000705567 -2.175459385 -0.010882541 0.000605545 0.999940515 82.758964539
0.999855340 0.009150819 0.014337531 1.623447895 -0.009145000 0.999958098 -0.000471486 -2.183986664 -0.014341243 0.000340301 0.999897122 83.308555603
0.999802887 0.009166731 0.017611351 1.645276189 -0.009159022 0.999957860 -0.000518391 -2.206650257 -0.017615363 0.000356987 0.999844730 83.823593140
0.999722123 0.009149243 0.021729225 1.672310233 -0.009131947 0.999957919 -0.000895138 -2.221212626 -0.021736506 0.000696459 0.999763489 84.375679016
0.999570370 0.009630976 0.027682677 1.705524325 -0.009630562 0.999953628 -0.000148280 -2.245539188 -0.027682824 -0.000118383 0.999616742 84.902870178
0.999388576 0.009570999 0.033628270 1.738431931 -0.009551286 0.999954104 -0.000746871 -2.258043289 -0.033633873 0.000425220 0.999434233 85.441505432
0.999133408 0.009971285 0.040413383 1.765486717 -0.009950714 0.999950230 -0.000710114 -2.275952339 -0.040418457 0.000307357 0.999182820 85.968376160
0.998768032 0.009852543 0.048635092 1.808060408 -0.009821923 0.999951303 -0.000868521 -2.288702726 -0.048641287 0.000389761 0.998816252 86.512161255
0.998322308 0.009478197 0.057119898 1.855229616 -0.009399285 0.999954462 -0.001650019 -2.299738884 -0.057132944 0.001110364 0.998365939 87.046859741
0.997910857 0.008999184 0.063975312 1.904926062 -0.008936875 0.999959290 -0.001260068 -2.319174290 -0.063984044 0.000685696 0.997950673 87.589950562
0.997272372 0.009554550 0.073187180 1.957932949 -0.009478047 0.999954045 -0.001392555 -2.335940838 -0.073197134 0.000695086 0.997317255 88.127540588
0.996480286 0.009159864 0.083325185 2.027870178 -0.009061308 0.999957740 -0.001560901 -2.361987591 -0.083335951 0.000800371 0.996521115 88.628044128
0.995708883 0.008835181 0.092118382 2.089877129 -0.008688969 0.999960244 -0.001988176 -2.369266987 -0.092132285 0.001179231 0.995746076 89.178146362
0.995009959 0.008067472 0.099448875 2.161342144 -0.007874361 0.999966204 -0.002334193 -2.386685610 -0.099464349 0.001539449 0.995039940 89.727188110
0.994007349 0.008047733 0.109016448 2.239638329 -0.007835116 0.999966502 -0.002378543 -2.400140524 -0.109031938 0.001510133 0.994037211 90.236557007
0.992747605 0.008331074 0.119928084 2.329682350 -0.008099441 0.999964178 -0.002418756 -2.420716286 -0.119943939 0.001429864 0.992779732 90.813247681
0.991582513 0.007408876 0.129264131 2.419148445 -0.007120606 0.999971032 -0.002692117 -2.437313795 -0.129280359 0.001749018 0.991606474 91.351448059
0.989961147 0.007734987 0.141128078 2.516163826 -0.007498227 0.999969423 -0.002209328 -2.454064369 -0.141140833 0.001128939 0.989988983 91.897529602
0.988058329 0.007749828 0.153885305 2.615241051 -0.007478909 0.999969304 -0.002339357 -2.475326300 -0.153898701 0.001160528 0.988086045 92.441818237
0.986428261 0.006483295 0.164064959 2.732298851 -0.006106297 0.999977410 -0.002802094 -2.488978386 -0.164079428 0.001762235 0.986445606 92.991180420
0.984516740 0.007319683 0.175137758 2.845116615 -0.006956388 0.999972165 -0.002688144 -2.506314993 -0.175152555 0.001428195 0.984540284 93.536224365
0.982448995 0.005748665 0.186443195 2.983270645 -0.005424128 0.999982715 -0.002250757 -2.521743298 -0.186452925 0.001199962 0.982463181 94.064208984
0.979827702 0.007064721 0.199719280 3.108072281 -0.006601098 0.999973714 -0.002987176 -2.544384003 -0.199735120 0.001608551 0.979848623 94.626945496
0.977729082 0.005934222 0.209787712 3.245340347 -0.005499145 0.999981344 -0.002657152 -2.566964626 -0.209799632 0.001444321 0.977743328 95.166854858
0.974823296 0.005728153 0.222905576 3.393342972 -0.005254560 0.999982476 -0.002717673 -2.586076975 -0.222917244 0.001477980 0.974836290 95.701393127
0.971613288 0.005821462 0.236503109 3.541406631 -0.005339085 0.999982178 -0.002680021 -2.610214472 -0.236514434 0.001341235 0.971627057 96.258773804
0.968841910 0.005778314 0.247612610 3.689636230 -0.005236363 0.999982238 -0.002847205 -2.631338120 -0.247624680 0.001461901 0.968854904 96.781768799
0.965947151 0.005336745 0.258684427 3.858297348 -0.004573598 0.999983251 -0.003551821 -2.651219368 -0.258699059 0.002247752 0.965955377 97.313537598
0.962207496 0.005583534 0.272260249 4.025568008 -0.004981083 0.999983430 -0.002903860 -2.672575235 -0.272271931 0.001437965 0.962219298 97.826095581
0.958686352 0.003930220 0.284438044 4.219324112 -0.003166044 0.999990046 -0.003146340 -2.697443962 -0.284447581 0.002115809 0.958689272 98.418556213
0.955185771 0.004292148 0.295975715 4.409257889 -0.003595788 0.999989331 -0.002897050 -2.719880104 -0.295984954 0.001702955 0.955191076 98.959655762
0.950650573 0.004414498 0.310232192 4.610332489 -0.003558322 0.999988139 -0.003325653 -2.735995054 -0.310243189 0.002057628 0.950654984 99.487564087
0.946072817 0.002707225 0.323942721 4.819900513 -0.002034063 0.999994993 -0.002416599 -2.767772913 -0.323947638 0.001627359 0.946073592 100.016502380
0.942137420 0.002309213 0.335218787 5.030399323 -0.001466464 0.999995112 -0.002767120 -2.779957294 -0.335223556 0.002115422 0.942136228 100.534286499
0.937207520 0.002146545 0.348765552 5.247224808 -0.001397028 0.999996126 -0.002400552 -2.811194181 -0.348769426 0.001762580 0.937206924 101.096794128
0.932234049 0.002863939 0.361844510 5.465467453 -0.002380698 0.999995589 -0.001781312 -2.829592705 -0.361847937 0.000799158 0.932236791 101.523094177
0.927092254 0.001283200 0.374830842 5.697370529 -0.000366798 0.999996781 -0.002516173 -2.841404676 -0.374832928 0.002195238 0.927089751 102.109420776
0.922273099 -0.001205475 0.386537313 5.985555649 0.002546032 0.999992371 -0.002956169 -2.895628929 -0.386530876 0.003710531 0.922268987 102.765075684
0.916201174 0.000881730 0.400717616 6.164333344 -0.000157950 0.999998331 -0.001839237 -2.885385513 -0.400718629 0.001621817 0.916199744 103.119171143
0.910316288 -0.002364077 0.413906604 6.474887848 0.003847867 0.999988794 -0.002751164 -2.932037115 -0.413895428 0.004097088 0.910315156 103.760627747
0.905084729 -0.002282541 0.425225139 6.725872040 0.003415348 0.999992311 -0.001901713 -2.949433804 -0.425217509 0.003173504 0.905085623 104.244026184
0.899365187 -0.003088265 0.437187046 6.987323761 0.004830270 0.999984205 -0.002872825 -2.963970900 -0.437171370 0.004695449 0.899365962 104.736503601
0.892391741 -0.003076781 0.451251000 7.254009247 0.004583955 0.999987006 -0.002246963 -2.983869553 -0.451238215 0.004073685 0.892394185 105.227928162
0.886797071 -0.003932609 0.462142289 7.527950287 0.005665984 0.999981165 -0.002363001 -3.005155325 -0.462124288 0.004713993 0.886802673 105.680625916
0.881028116 -0.004694702 0.473040581 7.809402466 0.006583002 0.999975681 -0.002336423 -3.020596504 -0.473018050 0.005172481 0.881037593 106.151512146
0.873234510 -0.004045872 0.487283409 8.089492798 0.005561353 0.999983132 -0.001663429 -3.045355797 -0.487268478 0.004162519 0.873242319 106.626327515
0.866204679 -0.004577714 0.499668390 8.381595612 0.006046438 0.999980867 -0.001320530 -3.064357519 -0.499652803 0.004165064 0.866215765 107.077667236
