1.000000000 0.000000000 0.000000000 0.000000000 0.000000000 1.000000000 0.000000000 0.000000000 0.000000000 0.000000000 1.000000000 0.000000000
1.000000000 0.000040622 -0.000024673 0.000500733 -0.000040622 1.000000000 0.000019783 -0.000440968 0.000024674 -0.000019782 1.000000000 0.001325142
1.000000000 0.000070436 0.000011611 0.001089623 -0.000070436 1.000000000 0.000027145 -0.000526043 -0.000011609 -0.000027146 1.000000000 0.001391603
1.000000000 0.000007897 -0.000052839 0.001939069 -0.000007900 1.000000000 -0.000047073 -0.000626779 0.000052838 0.000047073 1.000000000 -0.000288718
1.000000000 -0.000075771 -0.000102829 0.001790073 0.000075777 1.000000000 0.000062159 -0.000645358 0.000102824 -0.000062167 1.000000000 0.000095841
1.000000000 -0.000050861 -0.000083158 -0.000321228 0.000050857 1.000000000 -0.000048925 0.001353984 0.000083161 0.000048921 1.000000000 0.002008734
1.000000000 -0.000135827 -0.000096070 0.001552576 0.000135836 1.000000000 0.000101562 -0.000612972 0.000096056 -0.000101575 1.000000000 0.000377209
1.000000000 -0.000083838 -0.000034043 0.000318460 0.000083841 1.000000000 0.000083693 -0.001162562 0.000034036 -0.000083696 1.000000000 -0.000901717
1.000000000 0.000019398 -0.000085428 0.001799406 -0.000019392 1.000000000 0.000070342 -0.000733809 0.000085429 -0.000070340 1.000000000 -0.001780566
1.000000000 0.000060206 0.000001561 0.000124264 -0.000060206 1.000000000 0.000049290 0.000294103 -0.000001558 -0.000049290 1.000000000 0.002248897
1.000000000 0.000005736 -0.000023585 0.000522342 -0.000005736 1.000000000 -0.000005509 -0.000093427 0.000023585 0.000005509 1.000000000 0.000492162
1.000000000 -0.000070517 -0.000074616 0.001036543 0.000070524 1.000000000 0.000093702 -0.000817644 0.000074609 -0.000093707 1.000000000 -0.000746817
1.000000000 -0.000034447 -0.000040216 0.000821582 0.000034447 1.000000000 0.000011263 0.000351705 0.000040216 -0.000011264 1.000000000 0.001791904
1.000000000 -0.000171464 -0.000122435 0.001150780 0.000171481 1.000000000 0.000140950 -0.000648056 0.000122410 -0.000140971 1.000000000 0.000055199
1.000000000 0.000003383 -0.000089338 0.001642037 -0.000003379 1.000000000 0.000039957 -0.000396875 0.000089338 -0.000039957 1.000000000 -0.003428689
1.000000000 -0.000010030 -0.000119715 0.003447650 0.000010042 1.000000000 0.000099111 -0.000709377 0.000119714 -0.000099112 1.000000000 -0.001820941
1.000000000 -0.000063106 -0.000101435 0.003183706 0.000063117 1.000000000 0.000110721 -0.001454488 0.000101428 -0.000110728 1.000000000 -0.001864788
1.000000000 -0.000066849 -0.000101889 0.003292497 0.000066856 1.000000000 0.000063422 -0.000725217 0.000101885 -0.000063429 1.000000000 -0.001120304
1.000000000 0.000044519 -0.000077250 0.002267135 -0.000044510 1.000000000 0.000124028 -0.001160454 0.000077255 -0.000124024 1.000000000 -0.002174256
1.000000000 -0.000067191 -0.000111214 0.002911027 0.000067200 1.000000000 0.000080636 -0.001676333 0.000111209 -0.000080644 1.000000000 -0.003478394
1.000000000 -0.000148585 -0.000123361 0.001879178 0.000148594 1.000000000 0.000075150 0.000059188 0.000123350 -0.000075168 1.000000000 0.001778833
1.000000000 -0.000156280 -0.000110965 0.001643093 0.000156293 1.000000000 0.000121519 -0.002078875 0.000110946 -0.000121536 1.000000000 -0.005310722
1.000000000 0.000014299 -0.000129922 0.004031983 -0.000014283 1.000000000 0.000123129 -0.000919722 0.000129923 -0.000123127 1.000000000 -0.001664680
1.000000000 -0.000112126 -0.000179598 0.003995203 0.000112141 1.000000000 0.000082688 -0.001349295 0.000179589 -0.000082708 1.000000000 -0.002811546
1.000000000 -0.000112453 -0.000137495 0.003226484 0.000112463 1.000000000 0.000075833 -0.001371252 0.000137487 -0.000075849 1.000000000 -0.003583875
1.000000000 -0.000001729 -0.000136534 0.003241744 0.000001735 1.000000000 0.000044151 -0.000223146 0.000136534 -0.000044152 1.000000000 -0.000714844
1.000000000 -0.000061269 -0.000094604 0.003637576 0.000061276 1.000000000 0.000074371 -0.000576704 0.000094599 -0.000074377 1.000000000 -0.001188215
0.999999940 -0.000164805 -0.000191491 0.003168049 0.000164831 1.000000000 0.000135816 -0.000587960 0.000191468 -0.000135847 1.000000000 -0.003290304
1.000000000 -0.000188760 -0.000106156 0.002195328 0.000188769 1.000000000 0.000088394 -0.001603495 0.000106139 -0.000088414 1.000000000 -0.001086284
1.000000000 -0.000083441 -0.000177987 0.004745031 0.000083475 1.000000000 0.000193121 -0.002575130 0.000177971 -0.000193136 0.999999940 -0.005004165
0.999999940 -0.000190323 -0.000188568 0.005150794 0.000190344 1.000000000 0.000114266 -0.001434477 0.000188546 -0.000114302 1.000000000 -0.002987335
1.000000000 -0.000096049 -0.000165211 0.004235251 0.000096065 1.000000000 0.000101703 -0.001144418 0.000165201 -0.000101719 1.000000000 -0.003783585
1.000000000 -0.000083469 -0.000132201 0.003465132 0.000083482 1.000000000 0.000098247 -0.001086307 0.000132193 -0.000098258 1.000000000 -0.003422408
1.000000000 -0.000035031 -0.000111349 0.003320019 0.000035039 1.000000000 0.000071422 -0.000662199 0.000111346 -0.000071426 1.000000000 -0.003110355
1.000000000 -0.000057519 -0.000127396 0.002756984 0.000057531 1.000000000 0.000094347 -0.000455862 0.000127391 -0.000094355 1.000000000 -0.001376027
0.999999940 -0.000189324 -0.000172462 0.003350942 0.000189350 1.000000000 0.000149728 -0.002765088 0.000172434 -0.000149760 1.000000000 -0.004041189
1.000000000 -0.000144516 -0.000170003 0.003533043 0.000144532 1.000000000 0.000095342 -0.000571769 0.000169989 -0.000095366 1.000000000 -0.002181921
1.000000000 -0.000071763 -0.000171530 0.005660706 0.000071791 1.000000000 0.000165025 -0.001400241 0.000171518 -0.000165037 1.000000000 -0.005365028
1.000000000 -0.000132076 -0.000122935 0.002295746 0.000132089 1.000000000 0.000102900 -0.000904912 0.000122921 -0.000102916 1.000000000 -0.002796216
0.999999940 -0.000171193 -0.000195953 0.003581572 0.000171228 0.999999940 0.000178441 -0.001868070 0.000195923 -0.000178474 0.999999940 -0.004788650
1.000000000 -0.000039009 -0.000190022 0.005026698 0.000039018 1.000000000 0.000045633 -0.001624809 0.000190020 -0.000045640 1.000000000 -0.001964088
1.000000000 -0.000221614 -0.000033725 0.002265462 0.000221597 0.999999821 -0.000504119 -0.003265282 0.000033836 0.000504112 0.999999881 0.049842887
1.000000000 0.000055534 -0.000101283 0.004085609 -0.000055648 0.999999344 -0.001120598 -0.005749052 0.000101221 0.001120603 0.999999344 0.138139993
1.000000000 -0.000030329 -0.000009325 0.005421604 0.000030315 0.999998987 -0.001437092 -0.009169231 0.000009368 0.001437092 0.999998987 0.255016595
1.000000000 0.000036229 -0.000024058 0.008629837 -0.000036263 0.999998987 -0.001427719 -0.012000053 0.000024006 0.001427720 0.999998987 0.387884647
1.000000000 0.000047460 -0.000020474 0.010919329 -0.000047484 0.999999285 -0.001174622 -0.017007546 0.000020418 0.001174623 0.999999285 0.527002573
1.000000000 0.000107128 0.000068254 0.015606182 -0.000107061 0.999999523 -0.000981496 -0.024334412 -0.000068359 0.000981489 0.999999523 0.678674638
1.000000000 0.000007613 0.000125086 0.015670087 -0.000007503 0.999999642 -0.000876144 -0.028053550 -0.000125093 0.000876143 0.999999583 0.844525039
0.999999881 0.000419199 0.000274573 0.014805944 -0.000419014 0.999999702 -0.000675397 -0.028175663 -0.000274856 0.000675282 0.999999762 1.020278335
0.999999940 0.000277643 0.000046480 0.025209192 -0.000277618 0.999999821 -0.000535080 -0.036595132 -0.000046629 0.000535067 0.999999881 1.188822865
0.999999702 0.000656526 0.000382503 0.019541806 -0.000656510 0.999999702 -0.000041041 -0.041416790 -0.000382530 0.000040789 0.999999881 1.365390182
0.999999642 0.000785812 0.000185680 0.024200546 -0.000785795 0.999999642 -0.000090182 -0.043846380 -0.000185751 0.000090036 0.999999940 1.558796167
0.999999940 0.000279399 0.000104620 0.034127641 -0.000279387 0.999999940 -0.000120747 -0.053337220 -0.000104654 0.000120718 1.000000000 1.753056884
0.999999881 0.000420284 -0.000054413 0.041235086 -0.000420285 0.999999881 -0.000016070 -0.059202895 0.000054406 0.000016093 1.000000000 1.958033323
0.999999940 0.000229614 0.000128352 0.045050882 -0.000229612 0.999999940 -0.000013453 -0.065044329 -0.000128355 0.000013423 1.000000000 2.166128635
0.999999762 0.000679452 0.000156596 0.044782348 -0.000679470 0.999999762 0.000114578 -0.069869578 -0.000156518 -0.000114685 1.000000000 2.387392282
0.999999702 0.000698790 0.000264073 0.050325625 -0.000698933 0.999999523 0.000542285 -0.082244337 -0.000263694 -0.000542470 0.999999762 2.604550600
0.999999821 0.000516101 0.000229444 0.051565669 -0.000516209 0.999999762 0.000468725 -0.087492123 -0.000229202 -0.000468843 0.999999881 2.837905407
0.999999881 0.000369133 0.000270416 0.058197711 -0.000369303 0.999999702 0.000625779 -0.093812533 -0.000270185 -0.000625879 0.999999702 3.064571619
0.999999821 0.000247960 0.000342335 0.060952708 -0.000248143 0.999999762 0.000534344 -0.101946495 -0.000342202 -0.000534429 0.999999762 3.307537794
0.999999821 0.000167460 0.000541312 0.066417426 -0.000167824 0.999999762 0.000672639 -0.108226717 -0.000541199 -0.000672729 0.999999642 3.551123142
0.999999642 0.000698243 0.000577919 0.072596930 -0.000698747 0.999999464 0.000873169 -0.114247270 -0.000577309 -0.000873573 0.999999464 3.800013304
0.999999702 0.000105497 0.000632047 0.077636093 -0.000106023 0.999999583 0.000832723 -0.123072185 -0.000631959 -0.000832789 0.999999404 4.062206268
0.999999523 0.000411589 0.000894695 0.071436085 -0.000412825 0.999998987 0.001380822 -0.130524069 -0.000894126 -0.001381191 0.999998629 4.302228928
0.999999523 0.000388668 0.000894079 0.075742118 -0.000389899 0.999998987 0.001376933 -0.138526812 -0.000893543 -0.001377281 0.999998629 4.556474209
0.999999464 0.000253974 0.001003308 0.086696006 -0.000255668 0.999998569 0.001689210 -0.146227807 -0.001002877 -0.001689466 0.999998033 4.813185215
0.999999762 -0.000030513 0.000696068 0.098064870 0.000029220 0.999998391 0.001856423 -0.162720948 -0.000696124 -0.001856402 0.999997973 5.059474945
0.999999940 0.000084220 0.000453579 0.102939196 -0.000084966 0.999998629 0.001642906 -0.165736899 -0.000453440 -0.001642944 0.999998510 5.328642368
0.999999464 0.000588356 0.000834616 0.106605232 -0.000589870 0.999998152 0.001815818 -0.174268603 -0.000833546 -0.001816310 0.999998033 5.598089695
0.999999702 0.000291483 0.000656895 0.114117660 -0.000292697 0.999998212 0.001848689 -0.183989465 -0.000656355 -0.001848881 0.999998093 5.868084908
0.999999702 0.000208570 0.000723898 0.115232535 -0.000209768 0.999998569 0.001655438 -0.188714489 -0.000723551 -0.001655589 0.999998391 6.146722794
0.999999285 0.000710044 0.000879567 0.120924629 -0.000711581 0.999998212 0.001748018 -0.198492110 -0.000878324 -0.001748643 0.999998093 6.422172546
0.999999166 0.000813939 0.001029564 0.126340389 -0.000815678 0.999998331 0.001689555 -0.206482813 -0.001028187 -0.001690393 0.999998033 6.714627266
0.999999344 0.000685897 0.000924186 0.133302689 -0.000687830 0.999997497 0.002093375 -0.229317442 -0.000922748 -0.002094010 0.999997318 6.995375633
0.999999404 0.000754771 0.000797371 0.136246696 -0.000756296 0.999997795 0.001913475 -0.234316111 -0.000795925 -0.001914077 0.999997795 7.298572540
0.999999225 0.000796170 0.000997755 0.142624900 -0.000798234 0.999997556 0.002069696 -0.245296195 -0.000996104 -0.002070491 0.999997318 7.607665539
0.999999762 -0.000053591 0.000650056 0.158065826 0.000052135 0.999997497 0.002239976 -0.258401453 -0.000650174 -0.002239941 0.999997258 7.928105831
0.999999583 0.000209299 0.000879078 0.159085333 -0.000211303 0.999997377 0.002279761 -0.270810902 -0.000878599 -0.002279947 0.999996960 8.232359886
0.999999642 0.000133120 0.000778201 0.175795332 -0.000135033 0.999996960 0.002459698 -0.284018904 -0.000777871 -0.002459802 0.999996722 8.543607712
0.999998987 0.000712903 0.001215176 0.173297003 -0.000715799 0.999996901 0.002384048 -0.289730787 -0.001213473 -0.002384916 0.999996483 8.885451317
0.999998987 0.000707093 0.001218687 0.178418756 -0.000709853 0.999997139 0.002266274 -0.299899548 -0.001217081 -0.002267136 0.999996781 9.250136375
0.999999225 0.000735239 0.000951841 0.191882923 -0.000737732 0.999996305 0.002621824 -0.315041870 -0.000949909 -0.002622524 0.999996126 9.560312271
0.999998331 0.001248241 0.001323914 0.196419954 -0.001251696 0.999995828 0.002612096 -0.323804170 -0.001320648 -0.002613749 0.999995708 9.911237717
0.999998271 0.001275631 0.001377099 0.202561021 -0.001279397 0.999995410 0.002737586 -0.338432878 -0.001373601 -0.002739342 0.999995291 10.264394760
0.999999404 0.000536703 0.001047036 0.210103691 -0.000539130 0.999997139 0.002319708 -0.339247972 -0.001045788 -0.002320271 0.999996781 10.629479408
0.999999344 0.000216029 0.001123054 0.219956487 -0.000218767 0.999997020 0.002438023 -0.349618673 -0.001122524 -0.002438267 0.999996424 10.994472504
0.999998629 0.000706244 0.001498655 0.220403612 -0.000710859 0.999994993 0.003080948 -0.369029164 -0.001496471 -0.003082009 0.999994159 11.368033409
0.999998391 0.001053815 0.001501952 0.228815049 -0.001058528 0.999994576 0.003140872 -0.376767635 -0.001498634 -0.003142457 0.999993980 11.745636940
0.999998510 0.000777417 0.001527568 0.244074017 -0.000782723 0.999993682 0.003475738 -0.396092832 -0.001524856 -0.003476929 0.999992847 12.130817413
0.999997675 0.001315841 0.001710815 0.251723379 -0.001321860 0.999992967 0.003522253 -0.403376997 -0.001706168 -0.003524506 0.999992371 12.516906738
0.999998808 0.000495891 0.001448816 0.265050054 -0.000500905 0.999993861 0.003462417 -0.420129448 -0.001447091 -0.003463138 0.999992907 12.895756721
0.999998391 0.000969100 0.001507926 0.277841508 -0.000974551 0.999993026 0.003617861 -0.431844801 -0.001504409 -0.003619325 0.999992311 13.300124168
0.999998152 0.000814895 0.001748509 0.284998715 -0.000821483 0.999992549 0.003769970 -0.444902182 -0.001745424 -0.003771399 0.999991357 13.696818352
0.999996245 0.001517627 0.002279580 0.290952772 -0.001526908 0.999990404 0.004075196 -0.452798963 -0.002273374 -0.004078661 0.999989092 14.119411469
0.999998033 0.000531977 0.001917027 0.305861950 -0.000539369 0.999992430 0.003857424 -0.483611852 -0.001914961 -0.003858451 0.999990702 14.534451485
0.999997914 0.000167191 0.002059931 0.315801203 -0.000176009 0.999990880 0.004281032 -0.497248471 -0.002059196 -0.004281386 0.999988675 14.952358246
0.999997437 0.000175476 0.002267681 0.331804752 -0.000185749 0.999989748 0.004530635 -0.516985536 -0.002266863 -0.004531046 0.999987185 15.388411522
0.999995947 0.000487254 0.002830985 0.334700763 -0.000499985 0.999989808 0.004498064 -0.527949810 -0.002828765 -0.004499461 0.999985874 15.828624725
0.999993861 0.001039290 0.003335503 0.344763637 -0.001055517 0.999987543 0.004867054 -0.540447593 -0.003330404 -0.004870545 0.999982655 16.287424088
0.999994814 0.000428783 0.003193927 0.360844612 -0.000443719 0.999988973 0.004677056 -0.553339005 -0.003191886 -0.004678448 0.999983966 16.722286224
0.999994814 0.000177295 0.003217669 0.375985086 -0.000193121 0.999987900 0.004918658 -0.566628158 -0.003216758 -0.004919253 0.999982774 17.181673050
0.999993742 0.000301950 0.003537316 0.387975335 -0.000321145 0.999985278 0.005427005 -0.578256428 -0.003535625 -0.005428107 0.999979079 17.648349762
0.999992549 0.000122145 0.003854993 0.397394061 -0.000142455 0.999986112 0.005268374 -0.592691123 -0.003854296 -0.005268883 0.999978662 18.085351944
0.999989867 0.000329300 0.004491791 0.407139927 -0.000352312 0.999986827 0.005123273 -0.600494504 -0.004490044 -0.005124804 0.999976814 18.561449051
0.999991953 -0.000220823 0.004014282 0.426749051 0.000199950 0.999986470 0.005199251 -0.614450693 -0.004015376 -0.005198406 0.999978483 19.028491974
0.999992192 -0.000611848 0.003899803 0.439079911 0.000589116 0.999982774 0.005827655 -0.640735686 -0.003903301 -0.005825311 0.999975443 19.475841522
0.999991536 -0.000071241 0.004106694 0.452298582 0.000046580 0.999981940 0.006004903 -0.654430330 -0.004107048 -0.006004661 0.999973536 19.954591751
0.999992013 -0.000567923 0.003947364 0.471239150 0.000542898 0.999979734 0.006337771 -0.668682814 -0.003950884 -0.006335577 0.999972165 20.433841705
0.999994278 -0.001087652 0.003210329 0.482960075 0.001067505 0.999979734 0.006270707 -0.692785680 -0.003217086 -0.006267244 0.999975204 20.911146164
0.999996185 -0.000669355 0.002708310 0.491882503 0.000651594 0.999978364 0.006553506 -0.702849627 -0.002712639 -0.006551715 0.999974847 21.418874741
0.999997258 -0.001187506 0.002027406 0.505400598 0.001174982 0.999980271 0.006167542 -0.711166561 -0.002034690 -0.006165143 0.999978900 21.906557083
0.999997497 -0.000805022 0.002103121 0.511919618 0.000792492 0.999981940 0.005951832 -0.716067672 -0.002107874 -0.005950150 0.999980092 22.423749924
0.999997377 -0.001052569 0.002035210 0.513582587 0.001038743 0.999976575 0.006782503 -0.737065375 -0.002042301 -0.006780372 0.999974847 22.898965836
0.999998271 -0.001061651 0.001496587 0.521268964 0.001051312 0.999975681 0.006892036 -0.748378336 -0.001503868 -0.006890451 0.999975085 23.429416656
0.999995530 -0.002987592 0.000208690 0.544023037 0.002986122 0.999972880 0.006720893 -0.769767821 -0.000228763 -0.006720240 0.999977350 23.914695740
0.999998271 -0.001860620 -0.000043853 0.551856041 0.001860870 0.999976218 0.006643757 -0.778716147 0.000031491 -0.006643828 0.999977946 24.437353134
0.999998391 -0.001563668 -0.000911890 0.563413143 0.001569841 0.999975562 0.006808835 -0.790443897 0.000901221 -0.006810255 0.999976456 24.960180283
0.999997377 -0.001656997 -0.001527881 0.565619886 0.001667615 0.999974251 0.006974061 -0.801977396 0.001516286 -0.006976592 0.999974489 25.483947754
0.999997199 -0.001562226 -0.001752222 0.577349246 0.001574193 0.999975383 0.006849429 -0.819472313 0.001741478 -0.006852169 0.999975026 26.036613464
0.999995351 -0.002209432 -0.002107800 0.576383710 0.002224893 0.999970436 0.007361030 -0.827593386 0.002091473 -0.007365685 0.999970675 26.555608749
0.999992311 -0.002538116 -0.002979139 0.596041620 0.002560796 0.999967575 0.007633938 -0.849033237 0.002959666 -0.007641508 0.999966383 27.096174240
0.999995708 -0.001120213 -0.002716410 0.594349563 0.001141511 0.999968529 0.007851386 -0.859924078 0.002707529 -0.007854453 0.999965489 27.607334137
0.999995232 -0.000619167 -0.003025406 0.604052842 0.000641671 0.999972105 0.007443000 -0.868885875 0.003020713 -0.007444905 0.999967754 28.153985977
0.999993026 -0.000651885 -0.003676776 0.614874542 0.000680175 0.999970138 0.007698209 -0.885338128 0.003671648 -0.007700655 0.999963582 28.709423065
0.999992192 -0.001187805 -0.003751761 0.612261057 0.001217843 0.999967158 0.008014387 -0.900980353 0.003742118 -0.008018895 0.999960780 29.196273804
0.999991298 -0.001094571 -0.004019203 0.620560765 0.001126830 0.999967098 0.008032852 -0.911064506 0.004010278 -0.008037311 0.999959648 29.759120941
0.999989450 -0.001181621 -0.004429238 0.634290934 0.001216741 0.999967754 0.007934707 -0.925325394 0.004419720 -0.007940013 0.999958754 30.307079315
0.999988854 -0.001191524 -0.004560649 0.648986816 0.001229080 0.999965310 0.008240904 -0.949419737 0.004550672 -0.008246419 0.999955595 30.835275650
0.999986291 -0.001087338 -0.005110144 0.668357730 0.001128196 0.999967396 0.007999369 -0.967333555 0.005101279 -0.008005028 0.999954939 31.371866226
0.999985039 -0.000880745 -0.005391264 0.674772203 0.000925486 0.999965012 0.008302025 -0.990713358 0.005383764 -0.008306891 0.999950945 31.926559448
0.999984562 -0.001184405 -0.005413516 0.667133570 0.001230729 0.999962568 0.008561777 -0.984496951 0.005403173 -0.008568308 0.999948680 32.457775116
0.999982178 -0.001029788 -0.005875924 0.676310837 0.001081874 0.999960124 0.008868113 -1.002284646 0.005866557 -0.008874313 0.999943435 33.000385284
0.999983728 -0.000755768 -0.005651733 0.675192416 0.000806571 0.999959290 0.008991987 -1.009758711 0.005644707 -0.008996399 0.999943674 33.553447723
0.999979556 -0.001428969 -0.006227312 0.695507169 0.001486815 0.999955773 0.009294327 -1.024529696 0.006213755 -0.009303396 0.999937415 34.087394714
0.999982059 -0.000899616 -0.005921461 0.702557921 0.000953542 0.999958038 0.009110343 -1.033487320 0.005913017 -0.009115824 0.999940991 34.653469086
0.999984205 -0.000473617 -0.005587568 0.686813295 0.000524940 0.999957621 0.009187181 -1.052088857 0.005582979 -0.009189971 0.999942183 35.166477203
0.999981880 -0.000947986 -0.005934517 0.702953994 0.001004386 0.999954283 0.009507990 -1.075394511 0.005925233 -0.009513780 0.999937177 35.657783508
0.999982059 -0.000635265 -0.005957980 0.713093221 0.000691896 0.999954522 0.009507903 -1.089636326 0.005951669 -0.009511854 0.999937057 36.201641083
0.999981105 -0.000422552 -0.006147669 0.714498103 0.000480066 0.999956071 0.009356986 -1.096960783 0.006143446 -0.009359758 0.999937296 36.734542847
0.999980092 -0.000180763 -0.006303978 0.723958611 0.000238286 0.999958277 0.009125214 -1.111369371 0.006302066 -0.009126535 0.999938488 37.275131226
0.999977887 -0.000565634 -0.006625816 0.740500748 0.000626097 0.999958158 0.009126739 -1.119026542 0.006620377 -0.009130686 0.999936402 37.836162567
0.999980986 0.000127462 -0.006161130 0.719813168 -0.000071735 0.999959052 0.009044311 -1.122369528 0.006162032 -0.009043697 0.999940038 38.389511108
0.999978304 0.000189138 -0.006584720 0.733130455 -0.000131757 0.999962032 0.008713574 -1.133291125 0.006586119 -0.008712517 0.999940276 38.928810120
0.999977827 -0.000214460 -0.006641525 0.741962492 0.000276532 0.999956310 0.009346502 -1.157370567 0.006639230 -0.009348133 0.999934137 39.470684052
0.999977708 0.000297751 -0.006668126 0.749172688 -0.000238354 0.999960363 0.008906630 -1.155412197 0.006670513 -0.008904844 0.999938011 40.037860870
0.999979734 0.000411206 -0.006345118 0.755174100 -0.000354175 0.999959588 0.008986775 -1.171415567 0.006348557 -0.008984345 0.999939501 40.575939178
0.999980092 -0.000138375 -0.006301537 0.715830445 0.000198951 0.999953747 0.009613494 -1.208741188 0.006299916 -0.009614560 0.999933958 41.081893921
0.999977112 -0.000551433 -0.006739356 0.733576179 0.000616682 0.999952912 0.009683589 -1.222787976 0.006733699 -0.009687523 0.999930441 41.625743866
0.999975145 -0.000689528 -0.007020666 0.751014709 0.000756891 0.999953687 0.009596969 -1.229534864 0.007013723 -0.009602045 0.999929368 42.162872314
0.999975204 -0.001085163 -0.006965223 0.750005364 0.001153649 0.999950886 0.009836163 -1.236188173 0.006954208 -0.009843953 0.999927402 42.706054688
0.999973357 -0.000778591 -0.007251619 0.757292986 0.000853735 0.999945939 0.010365082 -1.321071506 0.007243157 -0.010370998 0.999920011 43.309036255
0.999971926 -0.000806625 -0.007443128 0.761684299 0.000880834 0.999949872 0.009972312 -1.321137786 0.007434711 -0.009978590 0.999922574 43.943782806
0.999973595 -0.000211211 -0.007267184 0.772968054 0.000285293 0.999947965 0.010194623 -1.326563358 0.007264653 -0.010196429 0.999921620 44.417598724
0.999974251 0.000132869 -0.007187989 0.776495337 -0.000061791 0.999951065 0.009887761 -1.335567236 0.007188952 -0.009887062 0.999925256 44.971523285
0.999974191 -0.000370487 -0.007177014 0.801386833 0.000443603 0.999947965 0.010188517 -1.331020117 0.007172865 -0.010191439 0.999922335 45.425830841
0.999971032 -0.000882581 -0.007559828 0.807829261 0.000962959 0.999943018 0.010635280 -1.358005047 0.007550010 -0.010642251 0.999914825 46.023288727
0.999972820 -0.000551295 -0.007354428 0.826667428 0.000631247 0.999940693 0.010873441 -1.365049124 0.007347996 -0.010877787 0.999913871 46.509346008
0.999970019 -0.001294355 -0.007634329 0.814225495 0.001378937 0.999937534 0.011084302 -1.402809620 0.007619506 -0.011094498 0.999909401 47.069236755
0.999971092 -0.000760979 -0.007574018 0.844443560 0.000841792 0.999942660 0.010672156 -1.380889654 0.007565463 -0.010678223 0.999914348 47.599536896
0.999972224 -0.000776507 -0.007415136 0.827621222 0.000858318 0.999938667 0.011036086 -1.420277238 0.007406113 -0.011042142 0.999911606 48.158500671
0.999971867 -0.000791319 -0.007463505 0.837476730 0.000874516 0.999937415 0.011150323 -1.433578491 0.007454214 -0.011156536 0.999909997 48.705955505
0.999971211 -0.000753443 -0.007546328 0.834811330 0.000837526 0.999937475 0.011145250 -1.438592434 0.007537459 -0.011151249 0.999909401 49.251644135
0.999973416 -0.000810396 -0.007244383 0.854867995 0.000893812 0.999933243 0.011518784 -1.451526403 0.007234565 -0.011524954 0.999907374 49.799976349
0.999973178 -0.000469193 -0.007310501 0.832989633 0.000550553 0.999937892 0.011131171 -1.455827951 0.007304824 -0.011134897 0.999911308 50.335113525
0.999970198 -0.000683718 -0.007691461 0.853993833 0.000771791 0.999934077 0.011453387 -1.476700306 0.007683123 -0.011458986 0.999904811 50.895114899
0.999970794 -0.000734014 -0.007607885 0.852005661 0.000821272 0.999933839 0.011472785 -1.478341699 0.007598961 -0.011478697 0.999905169 51.419845581
0.999970317 -0.000455656 -0.007689331 0.861545861 0.000543192 0.999934971 0.011385801 -1.488412619 0.007683643 -0.011389639 0.999905586 51.959484100
0.999973357 -0.000122680 -0.007316174 0.858900189 0.000206276 0.999934673 0.011426512 -1.494081020 0.007314294 -0.011427715 0.999907970 52.504779816
0.999973834 0.000113503 -0.007238498 0.865527987 -0.000030600 0.999934435 0.011452232 -1.504792809 0.007239323 -0.011451710 0.999908268 53.057289124
0.999971688 -0.000403954 -0.007507951 0.878549933 0.000488446 0.999936521 0.011255196 -1.513945818 0.007502928 -0.011258546 0.999908388 53.592433929
0.999975562 0.000528097 -0.006969408 0.882941484 -0.000446953 0.999932110 0.011639307 -1.522840977 0.006975082 -0.011635907 0.999908030 54.159133911
0.999976099 0.000967396 -0.006835932 0.851006150 -0.000890804 0.999936879 0.011198439 -1.512054682 0.006846334 -0.011192082 0.999913931 54.674003601
0.999975562 0.000307194 -0.006987707 0.861487925 -0.000227979 0.999935746 0.011334342 -1.517674923 0.006990741 -0.011332471 0.999911308 55.189075470
0.999976218 0.000207810 -0.006904229 0.869467974 -0.000129055 0.999934971 0.011405230 -1.522729874 0.006906150 -0.011404065 0.999911129 55.739543915
0.999975324 -0.000123259 -0.007033517 0.881100655 0.000204706 0.999932885 0.011580398 -1.537469625 0.007031618 -0.011581553 0.999908209 56.289039612
0.999977291 0.000656530 -0.006710340 0.874488235 -0.000577163 0.999930084 0.011822809 -1.545370460 0.006717632 -0.011818670 0.999907553 56.716796875
0.999977767 0.000502093 -0.006655859 0.893109441 -0.000429724 0.999940753 0.010869944 -1.533611298 0.006660923 -0.010866842 0.999918818 57.421417236
0.999978960 0.001320318 -0.006353606 0.890002847 -0.001247672 0.999934077 0.011424325 -1.549985886 0.006368270 -0.011416157 0.999914527 57.817844391
0.999979734 0.000358875 -0.006355937 0.889832020 -0.000286207 0.999934614 0.011430302 -1.545131207 0.006359625 -0.011428251 0.999914467 58.387626648
0.999979675 0.000565778 -0.006347285 0.901243925 -0.000492979 0.999934137 0.011464872 -1.559792280 0.006353354 -0.011461510 0.999914110 58.918010712
0.999979973 0.000947251 -0.006255390 0.916814089 -0.000870928 0.999925315 0.012192550 -1.588553667 0.006266471 -0.012186860 0.999906123 59.379077911
0.999977291 0.000171961 -0.006731501 0.928096294 -0.000092714 0.999930739 0.011771284 -1.601066351 0.006733058 -0.011770393 0.999908030 60.008228302
0.999978900 0.000441539 -0.006480056 0.938331962 -0.000364411 0.999929190 0.011898720 -1.615722418 0.006484850 -0.011896106 0.999908209 60.549587250
0.999979258 0.000326820 -0.006443429 0.962970853 -0.000248973 0.999927104 0.012078787 -1.626963139 0.006446907 -0.012076933 0.999906301 61.088348389
0.999976635 0.000496572 -0.006819981 0.967270136 -0.000413597 0.999925971 0.012162600 -1.635392666 0.006825515 -0.012159493 0.999902785 61.644275665
0.999977887 0.000583545 -0.006625426 0.975688934 -0.000502173 0.999924481 0.012276746 -1.649847984 0.006632090 -0.012273148 0.999902666 62.164810181
0.999979436 0.001108940 -0.006315846 0.959503770 -0.001029650 0.999920785 0.012543423 -1.640879869 0.006329256 -0.012536663 0.999901414 62.659839630
0.999976456 0.001087321 -0.006780782 1.000253201 -0.000999995 0.999916732 0.012868547 -1.652825117 0.006794209 -0.012861463 0.999894261 63.341590881
0.999977350 0.000863424 -0.006679748 1.012096405 -0.000787858 0.999935806 0.011306979 -1.645345211 0.006689081 -0.011301459 0.999913752 64.041931152
0.999978185 0.001945341 -0.006314953 1.113119364 -0.001864859 0.999917269 0.012725919 -1.728639841 0.006339188 -0.012713865 0.999899089 64.328834534
0.999966562 0.005396746 -0.006146720 1.229615808 -0.005325722 0.999919593 0.011513131 -1.643812180 0.006208359 -0.011480007 0.999914825 65.473892212
0.999972403 0.000972132 -0.007371451 1.142420411 -0.000872931 0.999909163 0.013448734 -1.749198318 0.007383855 -0.013441927 0.999882400 65.441223145
0.999973178 0.000518751 -0.007319081 1.146669507 -0.000421949 0.999912500 0.013221342 -1.753345370 0.007325299 -0.013217898 0.999885857 65.983093262
0.999977946 0.003845036 -0.005419965 1.119926810 -0.003777359 0.999915421 0.012442010 -1.810489178 0.005467348 -0.012421259 0.999907911 66.736396790
0.999976933 0.003010080 -0.006100299 1.248293877 -0.002934302 0.999918878 0.012393320 -1.732597351 0.006137110 -0.012375132 0.999904633 67.379165649
0.999975204 0.005360468 -0.004577735 1.123346448 -0.005303989 0.999910772 0.012262034 -1.824355841 0.004643057 -0.012237452 0.999914348 67.828559875
0.999978185 0.003911975 -0.005332494 1.153887391 -0.003843723 0.999911308 0.012749873 -1.851244211 0.005381899 -0.012729097 0.999904513 68.350807190
0.999974847 0.003309438 -0.006275113 1.258917332 -0.003228621 0.999912202 0.012845585 -1.867903113 0.006317074 -0.012825001 0.999897778 68.973449707
0.999975801 0.002730137 -0.006403585 1.233441472 -0.002651970 0.999922276 0.012183590 -1.815867543 0.006436352 -0.012166313 0.999905288 69.652091980
0.999973357 0.004187054 -0.005970710 1.273596048 -0.004112493 0.999914050 0.012445813 -1.876350284 0.006022308 -0.012420927 0.999904692 70.077354431
0.999972165 0.004017052 -0.006287154 1.255062103 -0.003935866 0.999909401 0.012872571 -1.886072874 0.006338293 -0.012847465 0.999897361 70.635063171
0.999975502 0.002945096 -0.006339622 1.311421394 -0.002862659 0.999911785 0.012973282 -1.887591124 0.006377270 -0.012954817 0.999895692 71.194435120
0.999970734 0.003306327 -0.006900681 1.333660126 -0.003219506 0.999916017 0.012554928 -1.909113884 0.006941612 -0.012532343 0.999897361 71.675689697
0.999968350 0.003957990 -0.006911722 1.339556813 -0.003873120 0.999917507 0.012249731 -1.917997718 0.006959635 -0.012222573 0.999901056 72.212524414
0.999971509 0.003994796 -0.006413038 1.334772110 -0.003915481 0.999916315 0.012332967 -1.926842093 0.006461769 -0.012307504 0.999903321 72.774711609
0.999975324 0.003916086 -0.005837335 1.285848022 -0.003839181 0.999906421 0.013128208 -1.951796293 0.005888200 -0.013105473 0.999896705 73.052375793
0.999967515 0.002149269 -0.007766677 1.382950664 -0.002055650 0.999925315 0.012041829 -1.928871155 0.007791979 -0.012025472 0.999897301 73.854286194
0.999975145 0.003876224 -0.005881945 1.287728548 -0.003799418 0.999908090 0.013013310 -1.979333162 0.005931846 -0.012990640 0.999898016 74.175064087
0.999975622 0.003914422 -0.005779185 1.290600300 -0.003840685 0.999911785 0.012715335 -1.987679839 0.005828448 -0.012692831 0.999902487 74.728034973
0.999977171 0.004255638 -0.005253260 1.292527437 -0.004188538 0.999910355 0.012718629 -1.991680980 0.005306916 -0.012696335 0.999905288 75.284843445
0.999976158 0.003055701 -0.006181147 1.302519321 -0.002975027 0.999910772 0.013019079 -1.990024686 0.006220379 -0.013000380 0.999896169 75.705619812
0.999975026 0.003548743 -0.006118027 1.324994922 -0.003476437 0.999924421 0.011788886 -1.993992805 0.006159401 -0.011767322 0.999911785 76.384666443
0.999975443 0.003644225 -0.005980655 1.318797112 -0.003564863 0.999906123 0.013227290 -2.011126757 0.006028296 -0.013205645 0.999894679 76.779548645
0.999976516 0.003001515 -0.006163990 1.306078792 -0.002917828 0.999904037 0.013541289 -2.024853230 0.006204042 -0.013522985 0.999889255 77.231536865
0.999974549 0.002111766 -0.006806933 1.340224981 -0.002023160 0.999913514 0.012997752 -2.021432400 0.006833793 -0.012983652 0.999892414 77.888763428
0.999977767 0.002505678 -0.006183973 1.335792422 -0.002421918 0.999905705 0.013515103 -2.032722473 0.006217257 -0.013499825 0.999889553 78.303726196
0.999979317 0.002812967 -0.005769823 1.335945010 -0.002735348 0.999906242 0.013416572 -2.045495987 0.005807023 -0.013400514 0.999893308 78.852355957
0.999977946 0.002931470 -0.005953383 1.344321847 -0.002851771 0.999906719 0.013351825 -2.054268599 0.005991968 -0.013334550 0.999893129 79.389678955
0.999980927 0.002988448 -0.005402337 1.354718924 -0.002916087 0.999906600 0.013352980 -2.060161352 0.005441737 -0.013336971 0.999896228 79.932365417
0.999986470 0.003093545 -0.004162903 1.362774968 -0.003039393 0.999911427 0.012952280 -2.061502934 0.004202603 -0.012939453 0.999907374 80.484436035
0.999989867 0.003443615 -0.002883182 1.371136665 -0.003406153 0.999911010 0.012898729 -2.070488453 0.002927345 -0.012888779 0.999912679 81.006942749
0.999996006 0.002287958 -0.001664518 1.387911797 -0.002266589 0.999916375 0.012728618 -2.074219227 0.001693502 -0.012724791 0.999917626 81.562026978
0.999995649 0.002407712 0.001698581 1.409388542 -0.002429072 0.999916553 0.012687287 -2.082088470 -0.001667892 -0.012691359 0.999917984 82.093734741
0.999986231 0.001262345 0.005104975 1.429761648 -0.001325996 0.999921203 0.012484508 -2.092051983 -0.005088813 -0.012491103 0.999908984 82.639175415
0.999967456 0.001675554 0.007906931 1.457973480 -0.001776403 0.999916971 0.012764793 -2.096809626 -0.007884888 -0.012778422 0.999887288 83.206352234
0.999914289 0.001728663 0.012970020 1.478108287 -0.001891577 0.999919355 0.012559084 -2.106716633 -0.012947265 -0.012582541 0.999836981 83.720275879
0.999810934 0.002348765 0.019302879 1.495583057 -0.002603399 0.999909759 0.013177017 -2.115375042 -0.019270187 -0.013224777 0.999726832 84.336265564
0.999696255 0.001989536 0.024565483 1.528717041 -0.002313856 0.999910474 0.013180871 -2.124233723 -0.024537059 -0.013233706 0.999611259 84.881652832
0.999546587 0.001605057 0.030065916 1.571550846 -0.001978770 0.999921024 0.012404166 -2.122013092 -0.030043636 -0.012458034 0.999470890 85.458740234
0.999278903 0.001357336 0.037945457 1.611095309 -0.001819214 0.999924660 0.012140268 -2.117087841 -0.037926119 -0.012200545 0.999206066 86.042457581
0.998957157 0.001287173 0.045639269 1.661525965 -0.001833741 0.999927044 0.011935982 -2.139723301 -0.045620583 -0.012007226 0.998886704 86.561042786
0.998609602 0.000664364 0.052712973 1.701375246 -0.001312921 0.999923885 0.012269882 -2.139342308 -0.052700814 -0.012322028 0.998534322 87.183586121
0.998091459 0.001046571 0.061744194 1.752404451 -0.001814336 0.999921739 0.012379856 -2.154498339 -0.061726414 -0.012468251 0.998015225 87.734542847
0.997430623 0.000676949 0.071636245 1.823830605 -0.001541401 0.999926686 0.012012647 -2.163462639 -0.071622856 -0.012092202 0.997358501 88.296325684
0.996794045 0.000009279 0.080009520 1.883479595 -0.000959224 0.999929428 0.011834468 -2.161107063 -0.080003768 -0.011873274 0.996723831 88.873130798
0.996119857 -0.000234930 0.088006407 1.957561016 -0.000796276 0.999931395 0.011682102 -2.170951843 -0.088003106 -0.011706849 0.996051550 89.422103882
0.995125651 -0.000510491 0.098613575 2.034101009 -0.000618568 0.999934673 0.011418422 -2.177311182 -0.098612949 -0.011423764 0.995060384 89.966331482
0.994031012 -0.000889140 0.109093718 2.119293213 -0.000421815 0.999927938 0.011993119 -2.186199665 -0.109096535 -0.011967548 0.993959129 90.506942749
0.993023753 -0.001584237 0.117904834 2.220881462 0.000192271 0.999930143 0.011816286 -2.199102163 -0.117915332 -0.011711183 0.992954552 91.081687927
0.991653502 -0.001591674 0.128921732 2.314233780 0.000073656 0.999930620 0.011778646 -2.204349518 -0.128931522 -0.011670840 0.991584837 91.624473572
0.989988685 -0.001398147 0.141139671 2.413723946 -0.000311137 0.999926805 0.012087792 -2.216848373 -0.141146228 -0.012010693 0.989915907 92.206359863
0.988355637 -0.001566989 0.152153626 2.521241188 -0.000251208 0.999928832 0.011929786 -2.223545551 -0.152161509 -0.011829095 0.988284826 92.767684937
0.986698329 -0.001907353 0.162550762 2.632677078 -0.000032819 0.999928772 0.011932268 -2.230790138 -0.162561983 -0.011778883 0.986628056 93.323722839
0.984472632 -0.002322503 0.175522253 2.754102707 0.000283943 0.999932170 0.011638471 -2.235922575 -0.175537407 -0.011407917 0.984406650 93.874794006
0.982205153 -0.002712665 0.187791705 2.884530067 0.000509925 0.999930501 0.011777013 -2.244362354 -0.187810630 -0.011471684 0.982138276 94.436134338
0.980170429 -0.002888027 0.198135272 3.015727043 0.000558819 0.999930024 0.011810555 -2.252747774 -0.198155522 -0.011465634 0.980103552 94.983283997
0.977419555 -0.003088478 0.211285830 3.159448624 0.000662663 0.999933064 0.011551042 -2.257773399 -0.211307421 -0.011150202 0.977356076 95.544258118
0.974489272 -0.003704799 0.224403515 3.317285538 0.001065956 0.999928892 0.011879371 -2.266474247 -0.224431559 -0.011337115 0.974423885 96.091918945
0.971793115 -0.003844376 0.235803381 3.473085403 0.001114036 0.999930799 0.011711014 -2.274058342 -0.235832080 -0.011117991 0.971730232 96.647979736
0.968766212 -0.003453400 0.247951701 3.641468048 0.000665678 0.999935627 0.011325964 -2.283341885 -0.247974858 -0.010807156 0.968706191 97.184799194
0.965060711 -0.003448547 0.262003660 3.816335678 0.000468956 0.999934494 0.011434001 -2.294045925 -0.262025923 -0.010911635 0.964999139 97.741409302
0.961749613 -0.004593546 0.273891330 4.005041122 0.001566193 0.999935269 0.011270754 -2.296416759 -0.273925334 -0.010410680 0.961694598 98.278038025
0.958443522 -0.004688662 0.285243750 4.197523117 0.001401129 0.999930263 0.011728326 -2.309705734 -0.285278827 -0.010841275 0.958383262 98.841018677
0.954012692 -0.004070158 0.299738258 4.381021500 0.000713967 0.999935865 0.011305742 -2.314551830 -0.299764991 -0.010571818 0.953954518 99.367111206
0.949505389 -0.004148748 0.313723296 4.582305908 0.000597670 0.999934793 0.011414471 -2.320353270 -0.313750148 -0.010650599 0.949445844 99.928894043
0.945805073 -0.005377802 0.324690342 4.790744781 0.001687187 0.999930739 0.011647034 -2.329103947 -0.324730545 -0.010468009 0.945748627 100.447662354
0.941337109 -0.005551338 0.337422252 4.994890213 0.001630443 0.999927819 0.011902423 -2.341622353 -0.337463945 -0.010654042 0.941278160 100.944534302
0.936117351 -0.005886382 0.351638526 5.232505798 0.001873601 0.999929190 0.011750856 -2.344575882 -0.351682872 -0.010341350 0.936062098 101.509262085
0.931464493 -0.006282990 0.363777995 5.460964203 0.002110074 0.999927342 0.011867332 -2.354978085 -0.363826126 -0.010286402 0.931410074 102.038848877
0.927317202 -0.006676840 0.374216765 5.704633713 0.002434606 0.999927282 0.011807867 -2.358870506 -0.374268472 -0.010038568 0.927266061 102.570014954
0.921764195 -0.007018480 0.387687355 5.943510056 0.002840963 0.999931574 0.011347551 -2.359501839 -0.387740463 -0.009358361 0.921721101 103.083686829
0.915873468 -0.007640376 0.401394308 6.177814484 0.003289697 0.999928057 0.011527020 -2.367838383 -0.401453555 -0.009236829 0.915832758 103.568710327
0.911188602 -0.008060114 0.411910594 6.452724457 0.003768213 0.999929845 0.011230581 -2.374834061 -0.411972195 -0.008681010 0.911155045 104.101928711
0.904748023 -0.007908814 0.425873786 6.703762054 0.003482436 0.999931514 0.011171258 -2.382208586 -0.425933003 -0.008624094 0.904713631 104.584945679
0.898196995 -0.008734114 0.439506412 6.988719940 0.004142940 0.999926388 0.011404372 -2.390883446 -0.439573675 -0.008422524 0.898167074 105.093215942
0.892292857 -0.009559580 0.451355726 7.248512268 0.004721233 0.999918640 0.011844495 -2.412819386 -0.451432228 -0.008437802 0.892265499 105.537109375
0.886733830 -0.010015367 0.462171882 7.544715881 0.005356171 0.999920726 0.011392025 -2.403952122 -0.462249368 -0.007626221 0.886717200 106.062301636
0.879498541 -0.010669911 0.475781947 7.824390411 0.006052720 0.999918580 0.011235573 -2.410844326 -0.475863129 -0.007001895 0.879491508 106.530677795
