1.000000000 0.000000000 0.000000000 0.000000000 0.000000000 1.000000000 0.000000000 0.000000000 0.000000000 0.000000000 1.000000000 0.000000000
1.000000000 0.000083753 0.000037772 -0.000152143 -0.000083752 1.000000000 -0.000012010 0.000368975 -0.000037773 0.000012007 1.000000000 0.000229000
1.000000000 0.000041180 0.000094416 -0.000512409 -0.000041188 1.000000000 0.000088287 -0.000402773 -0.000094412 -0.000088291 1.000000000 0.000195677
1.000000000 0.000011334 0.000061435 -0.000271274 -0.000011332 1.000000000 -0.000033421 0.000565612 -0.000061435 0.000033421 1.000000000 0.000240675
1.000000000 0.000006471 0.000075812 -0.000299979 -0.000006469 1.000000000 -0.000028506 0.000409717 -0.000075812 0.000028505 1.000000000 0.000192157
1.000000000 0.000114645 0.000111348 -0.001173729 -0.000114647 1.000000000 0.000015970 0.000323540 -0.000111346 -0.000015982 1.000000000 -0.000010225
1.000000000 0.000009902 0.000044098 -0.000482298 -0.000009904 1.000000000 0.000052163 -0.000317338 -0.000044098 -0.000052164 1.000000000 0.000174680
1.000000000 0.000073589 0.000042751 0.000054778 -0.000073591 1.000000000 0.000045169 0.000196050 -0.000042748 -0.000045172 1.000000000 0.000952809
1.000000000 0.000097926 -0.000024476 -0.000009719 -0.000097928 1.000000000 -0.000074066 0.000089972 0.000024468 0.000074069 1.000000000 0.000062192
1.000000000 0.000149869 0.000103561 -0.000933445 -0.000149867 1.000000000 -0.000019145 -0.000029298 -0.000103564 0.000019129 1.000000000 0.001124599
1.000000000 0.000178925 0.000095556 -0.000969704 -0.000178928 1.000000000 0.000033911 -0.000186909 -0.000095550 -0.000033928 1.000000000 0.000037689
1.000000000 0.000120088 0.000081446 -0.000277845 -0.000120083 1.000000000 -0.000070401 0.001171863 -0.000081454 0.000070391 1.000000000 0.001430631
1.000000000 0.000083072 0.000043102 -0.000424243 -0.000083069 1.000000000 -0.000071793 0.000260312 -0.000043108 0.000071789 1.000000000 0.000098917
1.000000000 0.000100185 0.000040744 -0.000833981 -0.000100182 1.000000000 -0.000063789 0.000732274 -0.000040751 0.000063785 1.000000000 0.000526854
1.000000000 0.000063158 0.000087647 -0.001451350 -0.000063154 1.000000000 -0.000039695 0.000807075 -0.000087650 0.000039690 1.000000000 0.000299950
1.000000000 0.000105124 0.000051399 -0.000191870 -0.000105123 1.000000000 -0.000013997 0.001051080 -0.000051401 0.000013991 1.000000000 0.001570979
1.000000000 0.000174208 0.000115442 -0.001064316 -0.000174201 1.000000000 -0.000055393 0.001250097 -0.000115452 0.000055373 1.000000000 0.001674812
1.000000000 0.000121049 0.000084803 -0.001236603 -0.000121041 1.000000000 -0.000089226 0.001086063 -0.000084813 0.000089216 1.000000000 0.001022631
0.999999940 0.000253793 0.000169595 -0.002240736 -0.000253786 0.999999940 -0.000042140 0.001740739 -0.000169605 0.000042097 1.000000000 0.001718254
1.000000000 0.000160780 0.000123358 -0.001389398 -0.000160771 1.000000000 -0.000065059 0.001572820 -0.000123368 0.000065039 1.000000000 0.001783429
1.000000000 0.000143359 0.000160122 -0.001967858 -0.000143350 1.000000000 -0.000055782 0.001310958 -0.000160130 0.000055759 1.000000000 0.001798099
1.000000000 0.000185870 0.000110758 -0.001748428 -0.000185864 1.000000000 -0.000061976 0.001735330 -0.000110770 0.000061956 1.000000000 0.001704745
1.000000000 0.000196651 0.000113407 -0.001227780 -0.000196641 1.000000000 -0.000092958 0.001924693 -0.000113426 0.000092936 1.000000000 0.002351085
1.000000000 0.000183738 0.000097592 -0.001674422 -0.000183732 1.000000000 -0.000064688 0.002349861 -0.000097604 0.000064670 1.000000000 0.002992763
0.999999940 0.000319346 0.000116386 -0.001750284 -0.000319335 0.999999940 -0.000094289 0.002291532 -0.000116416 0.000094252 1.000000000 0.002555860
0.999999940 0.000333098 0.000132598 -0.001694710 -0.000333096 0.999999940 -0.000017859 0.001113774 -0.000132604 0.000017815 1.000000000 0.001250642
0.999999940 0.000149000 0.000199008 -0.001992104 -0.000148999 1.000000000 -0.000005943 0.002319291 -0.000199009 0.000005914 1.000000000 0.002525226
0.999999940 0.000204420 0.000182828 -0.001777605 -0.000204428 1.000000000 0.000043562 0.001183572 -0.000182819 -0.000043600 1.000000000 0.002016619
0.999999940 0.000213610 0.000150072 -0.002140203 -0.000213610 1.000000000 0.000001764 0.002061244 -0.000150072 -0.000001796 1.000000000 0.002673477
0.999999940 0.000224700 0.000156502 -0.001976533 -0.000224693 1.000000000 -0.000043808 0.002072567 -0.000156512 0.000043773 1.000000000 0.002392446
0.999999940 0.000247792 0.000201444 -0.001520893 -0.000247787 0.999999940 -0.000023796 0.001370590 -0.000201450 0.000023746 1.000000000 0.002237144
1.000000000 0.000102302 0.000178226 -0.001102091 -0.000102295 1.000000000 -0.000043168 0.002414861 -0.000178231 0.000043150 1.000000000 0.003186728
1.000000000 0.000216323 0.000081964 -0.000673607 -0.000216315 1.000000000 -0.000088571 0.002412945 -0.000081984 0.000088553 1.000000000 0.002980243
1.000000000 0.000183276 0.000138233 -0.001130453 -0.000183272 1.000000000 -0.000031518 0.001560873 -0.000138239 0.000031493 1.000000000 0.002161556
0.999999940 0.000281154 0.000217988 -0.002479016 -0.000281141 0.999999940 -0.000061621 0.001794862 -0.000218005 0.000061560 1.000000000 0.001950125
0.999999940 0.000304087 0.000215677 -0.001564988 -0.000304081 0.999999940 -0.000028907 0.001310353 -0.000215685 0.000028841 1.000000000 0.001532977
1.000000000 0.000188259 0.000143204 -0.001419932 -0.000188260 1.000000000 0.000004238 0.001709521 -0.000143203 -0.000004265 1.000000000 0.001993771
0.999999940 0.000299159 0.000131300 -0.001933783 -0.000299153 0.999999940 -0.000045422 0.002463329 -0.000131314 0.000045383 1.000000000 0.003043916
0.999999940 0.000329122 0.000195169 -0.001648813 -0.000329110 0.999999940 -0.000063382 0.002261780 -0.000195190 0.000063318 1.000000000 0.001593229
0.999999940 0.000230639 0.000117736 -0.000766973 -0.000230630 0.999999940 -0.000082235 0.002949949 -0.000117755 0.000082207 1.000000000 0.002986652
1.000000000 0.000078105 0.000084263 -0.000067952 -0.000078096 1.000000000 -0.000099929 0.001565462 -0.000084271 0.000099922 1.000000000 0.002904856
0.999999881 0.000431015 0.000251486 -0.000706970 -0.000430846 0.999999702 -0.000673495 -0.001554263 -0.000251776 0.000673386 0.999999762 0.051138036
0.999999881 0.000409951 0.000211545 0.001722150 -0.000409682 0.999999106 -0.001269688 -0.002636581 -0.000212065 0.001269601 0.999999166 0.140511930
1.000000000 0.000055425 0.000066659 0.004280280 -0.000055330 0.999998987 -0.001413096 -0.009124036 -0.000066737 0.001413093 0.999998987 0.252431154
0.999999940 0.000197951 0.000174709 0.005665289 -0.000197729 0.999999166 -0.001274102 -0.011950843 -0.000174961 0.001274067 0.999999166 0.384938776
0.999999940 0.000067741 0.000413434 0.004950731 -0.000067249 0.999999285 -0.001189490 -0.014212709 -0.000413514 0.001189463 0.999999225 0.530807197
0.999999940 -0.000367766 0.000165245 0.012374773 0.000367952 0.999999285 -0.001130808 -0.019657241 -0.000164829 0.001130868 0.999999344 0.684710801
0.999999881 0.000177903 0.000399532 0.015301411 -0.000177557 0.999999583 -0.000865554 -0.024425143 -0.000399686 0.000865483 0.999999523 0.843624175
0.999999821 0.000028178 0.000576331 0.014307636 -0.000027806 0.999999762 -0.000645400 -0.031544495 -0.000576349 0.000645384 0.999999642 1.023655891
1.000000000 -0.000004880 0.000210710 0.023067608 0.000005042 0.999999702 -0.000769979 -0.029877318 -0.000210707 0.000769980 0.999999702 1.205808878
0.999999762 0.000022418 0.000662900 0.021477737 -0.000022209 0.999999940 -0.000314371 -0.041211344 -0.000662907 0.000314356 0.999999702 1.378647089
0.999999940 0.000124687 0.000324201 0.028370053 -0.000124645 1.000000000 -0.000128576 -0.049142670 -0.000324217 0.000128535 0.999999940 1.589051247
0.999999940 -0.000010738 0.000345633 0.028827937 0.000010737 1.000000000 0.000002798 -0.056335784 -0.000345633 -0.000002795 0.999999940 1.765821338
0.999994755 -0.002988847 -0.001231697 0.059373036 0.002989819 0.999995351 0.000789120 -0.070229068 0.001229333 -0.000792798 0.999998927 1.950834751
0.999993503 -0.003390060 -0.001215241 0.064510956 0.003390995 0.999993980 0.000768029 -0.077508062 0.001212630 -0.000772145 0.999998987 2.160660267
0.999991298 -0.003942005 -0.001351746 0.071142524 0.003943460 0.999991655 0.001075187 -0.082663655 0.001347497 -0.001080508 0.999998510 2.377352953
0.999993682 -0.003324699 -0.001211835 0.073591955 0.003325857 0.999993980 0.000954225 -0.089150175 0.001208655 -0.000958250 0.999998808 2.590337992
0.999993622 -0.003429684 -0.000934892 0.076414369 0.003430705 0.999993503 0.001092576 -0.095328055 0.000931138 -0.001095776 0.999998987 2.824431181
0.999992788 -0.003700627 -0.000820661 0.080332004 0.003701663 0.999992311 0.001264901 -0.102079093 0.000815974 -0.001267930 0.999998868 3.062098265
0.999992430 -0.003721437 -0.001114927 0.085068747 0.003722980 0.999992132 0.001385119 -0.113032818 0.001109764 -0.001389259 0.999998391 3.287583113
0.999993861 -0.003408162 -0.000850900 0.089201689 0.003409358 0.999993205 0.001408065 -0.117553815 0.000846095 -0.001410957 0.999998569 3.542335033
0.999993861 -0.003399203 -0.000865925 0.094950534 0.003400479 0.999993145 0.001476312 -0.125463307 0.000860901 -0.001479247 0.999998510 3.799722195
0.999994338 -0.003317336 -0.000709666 0.091334939 0.003318409 0.999993324 0.001515227 -0.132165626 0.000704635 -0.001517574 0.999998629 4.045216084
0.999994397 -0.003321998 -0.000467894 0.095953934 0.003322758 0.999993086 0.001633192 -0.136674806 0.000462465 -0.001634738 0.999998629 4.304393291
0.999994099 -0.003407110 -0.000428363 0.100663036 0.003407811 0.999992788 0.001644833 -0.145062953 0.000422756 -0.001646283 0.999998569 4.562800407
0.999992669 -0.003777870 -0.000587585 0.106956989 0.003778823 0.999991655 0.001630324 -0.150561348 0.000581421 -0.001632533 0.999998450 4.786851406
0.999994397 -0.003301409 -0.000400449 0.111008398 0.003302152 0.999992788 0.001869756 -0.158185735 0.000394273 -0.001871068 0.999998152 5.044099331
0.999994278 -0.003388407 -0.000214197 0.115873054 0.003388801 0.999992549 0.001864106 -0.164788023 0.000207879 -0.001864821 0.999998212 5.308804989
0.999994934 -0.003178417 -0.000198606 0.115948759 0.003178777 0.999993205 0.001836934 -0.173326313 0.000192766 -0.001837556 0.999998212 5.553216457
0.999994934 -0.003174955 -0.000341613 0.120794252 0.003175627 0.999992907 0.001983417 -0.182017669 0.000335313 -0.001984491 0.999997973 5.826969624
0.999995589 -0.002971672 -0.000019982 0.123363294 0.002971705 0.999993801 0.001885901 -0.188478827 0.000014378 -0.001885952 0.999998212 6.109052181
0.999995708 -0.002952901 -0.000007731 0.132228568 0.002952911 0.999993384 0.002129023 -0.195988834 0.000001445 -0.002129037 0.999997735 6.393558502
0.999996364 -0.002694068 0.000126764 0.135426313 0.002693847 0.999994934 0.001710931 -0.203238726 -0.000131373 -0.001710583 0.999998510 6.630160332
0.999996185 -0.002766005 0.000168536 0.141871005 0.002765746 0.999995053 0.001518092 -0.209922522 -0.000172735 -0.001517620 0.999998748 6.932360172
0.999996424 -0.002676169 0.000207866 0.145611659 0.002675787 0.999994814 0.001813097 -0.220392287 -0.000212717 -0.001812534 0.999998331 7.230432987
0.999994516 -0.003296531 -0.000250354 0.162430927 0.003296907 0.999993503 0.001517845 -0.224667430 0.000245349 -0.001518663 0.999998748 7.554448605
0.999995887 -0.002844140 0.000123362 0.162522629 0.002843897 0.999994218 0.001924700 -0.242123589 -0.000128835 -0.001924342 0.999998152 7.822901249
0.999997437 -0.002251524 0.000163536 0.165082544 0.002251207 0.999995589 0.001911593 -0.248513013 -0.000167840 -0.001911220 0.999998152 8.143595695
0.999995887 -0.002861354 0.000201075 0.172599152 0.002860997 0.999994338 0.001752647 -0.257042557 -0.000206089 -0.001752065 0.999998450 8.471498489
0.999997735 -0.002019017 0.000486253 0.174774855 0.002018238 0.999996662 0.001596674 -0.264519513 -0.000489475 -0.001595689 0.999998629 8.809196472
0.999997556 -0.002178996 0.000295355 0.182177752 0.002178456 0.999995947 0.001817333 -0.277594477 -0.000299314 -0.001816685 0.999998331 9.098526955
0.999998450 -0.001673500 0.000446137 0.188555673 0.001672597 0.999996483 0.002016282 -0.290679932 -0.000449510 -0.002015532 0.999997914 9.437414169
0.999998271 -0.001775212 0.000446771 0.193075955 0.001774359 0.999996603 0.001902261 -0.295556128 -0.000450146 -0.001901465 0.999998152 9.789729118
0.999998033 -0.001921238 0.000487723 0.200478375 0.001920439 0.999996841 0.001633293 -0.305411339 -0.000490860 -0.001632353 0.999998569 10.105177879
0.999997437 -0.002206463 0.000535384 0.208618626 0.002205572 0.999996185 0.001659423 -0.314851105 -0.000539043 -0.001658238 0.999998510 10.470630646
0.999997914 -0.001941303 0.000658339 0.215261728 0.001940162 0.999996543 0.001729682 -0.324208438 -0.000661695 -0.001728401 0.999998331 10.831686020
0.999997258 -0.002224372 0.000748239 0.221609220 0.002222890 0.999995530 0.001975369 -0.334857374 -0.000752630 -0.001973700 0.999997795 11.163063049
0.999998033 -0.001775143 0.000895038 0.229870752 0.001773349 0.999996424 0.002000821 -0.342706889 -0.000898586 -0.001999229 0.999997616 11.544034004
0.999997258 -0.002154607 0.000963652 0.243101537 0.002152510 0.999995410 0.002171584 -0.356547773 -0.000968326 -0.002169504 0.999997258 11.922558784
0.999997675 -0.001967141 0.000895675 0.250506639 0.001965002 0.999995291 0.002382140 -0.366145492 -0.000900357 -0.002380374 0.999996781 12.308656693
0.999997735 -0.001815368 0.001086701 0.252188146 0.001812419 0.999994636 0.002708659 -0.382556945 -0.001091613 -0.002706684 0.999995708 12.631390572
0.999998510 -0.001543212 0.000793691 0.267483622 0.001541228 0.999995649 0.002494301 -0.391383201 -0.000797537 -0.002493074 0.999996543 13.037920952
0.999998510 -0.001191777 0.001217935 0.268538952 0.001188449 0.999995589 0.002729594 -0.403757960 -0.001221182 -0.002728143 0.999995589 13.442751884
0.999998212 -0.001505841 0.001066566 0.275197387 0.001502718 0.999994576 0.002922612 -0.412643373 -0.001070962 -0.002921004 0.999995232 13.878933907
0.999997616 -0.001605187 0.001465521 0.286327392 0.001601721 0.999995887 0.002363361 -0.422624081 -0.001469309 -0.002361008 0.999996066 14.225567818
0.999997675 -0.001414312 0.001580184 0.293370336 0.001410490 0.999996126 0.002416903 -0.432989269 -0.001583596 -0.002414669 0.999995768 14.654861450
0.999996901 -0.001583033 0.001951281 0.307995886 0.001577284 0.999994457 0.002944169 -0.452155262 -0.001955931 -0.002941081 0.999993801 15.065738678
0.999996364 -0.001598533 0.002181886 0.317662597 0.001592439 0.999994814 0.002791779 -0.462405860 -0.002186338 -0.002788295 0.999993742 15.471474648
0.999996364 -0.001196297 0.002416199 0.327880204 0.001189720 0.999995589 0.002721848 -0.472186625 -0.002419445 -0.002718964 0.999993443 15.915241241
0.999996066 -0.001018091 0.002622862 0.337237984 0.001010555 0.999995351 0.002872858 -0.479957193 -0.002625774 -0.002870196 0.999992430 16.366197586
0.999994218 -0.001051983 0.003207354 0.337430537 0.001042971 0.999995530 0.002810090 -0.497344911 -0.003210296 -0.002806729 0.999990821 16.756166458
0.999993622 -0.001367347 0.003276202 0.350789547 0.001357366 0.999994457 0.003046655 -0.509977162 -0.003280349 -0.003042189 0.999989986 17.222341537
0.999992490 -0.000663512 0.003803813 0.355139405 0.000653612 0.999996483 0.002603188 -0.516163945 -0.003805526 -0.002600682 0.999989390 17.692623138
0.999991417 -0.001148988 0.003979783 0.370180279 0.001137667 0.999995410 0.002845656 -0.533352971 -0.003983033 -0.002841104 0.999988019 18.082246780
0.999991655 -0.001275581 0.003886519 0.384113789 0.001263686 0.999994576 0.003061388 -0.547494531 -0.003890402 -0.003056452 0.999987721 18.561523438
0.999992013 -0.001164122 0.003826901 0.398764253 0.001152341 0.999994576 0.003079285 -0.562674105 -0.003830465 -0.003074851 0.999987900 18.993820190
0.999992430 -0.000805003 0.003810751 0.408012778 0.000792421 0.999994218 0.003302125 -0.577693403 -0.003813387 -0.003299081 0.999987304 19.472799301
0.999991000 -0.001262613 0.004043603 0.417563319 0.001249343 0.999993861 0.003282450 -0.589615107 -0.004047723 -0.003277369 0.999986410 19.922861099
0.999994040 -0.001384207 0.003125512 0.433584750 0.001374871 0.999994576 0.002987123 -0.599122286 -0.003129629 -0.002982809 0.999990642 20.414894104
0.999995112 -0.001734079 0.002603781 0.442174792 0.001726406 0.999994218 0.002946240 -0.607270777 -0.002608874 -0.002941730 0.999992251 20.922967911
0.999995947 -0.000980752 0.002666329 0.448062450 0.000972900 0.999995172 0.002944560 -0.624842286 -0.002669204 -0.002941954 0.999992132 21.356950760
0.999997199 -0.001003240 0.002122995 0.462846100 0.000996409 0.999994397 0.003216081 -0.640622079 -0.002126209 -0.003213957 0.999992609 21.872699738
0.999997437 -0.001521710 0.001668999 0.475637138 0.001516346 0.999993682 0.003210259 -0.654774904 -0.001673874 -0.003207720 0.999993443 22.369205475
0.999998510 -0.001058733 0.001385105 0.472460270 0.001054006 0.999993622 0.003408500 -0.668893337 -0.001388705 -0.003407035 0.999993145 22.793035507
0.999996781 -0.002461597 0.000646648 0.486235648 0.002459651 0.999992490 0.002993347 -0.680074453 -0.000654012 -0.002991746 0.999995232 23.330368042
0.999998569 -0.001491786 0.000776793 0.498686671 0.001489250 0.999993563 0.003254631 -0.688314974 -0.000781643 -0.003253469 0.999994397 23.872877121
0.999999464 -0.001013273 -0.000240019 0.501875162 0.001014138 0.999992907 0.003629039 -0.713212729 0.000236340 -0.003629281 0.999993384 24.320716858
0.999999404 -0.000843103 -0.000703950 0.511777282 0.000845816 0.999992192 0.003862932 -0.724846005 0.000700688 -0.003863524 0.999992311 24.862501144
0.999999225 -0.000798199 -0.001021274 0.515421569 0.000802163 0.999992132 0.003885849 -0.736466348 0.001018164 -0.003886665 0.999991953 25.414358139
0.999997973 -0.001396336 -0.001468983 0.532445490 0.001402572 0.999989927 0.004252750 -0.756513298 0.001463030 -0.004254802 0.999989808 25.876577377
0.999998093 -0.000686846 -0.001873019 0.543356717 0.000694405 0.999991596 0.004037970 -0.771974266 0.001870230 -0.004039262 0.999990046 26.429639816
0.999997854 0.000251916 -0.002080136 0.544576287 -0.000244792 0.999994099 0.003424615 -0.779373229 0.002080986 -0.003424099 0.999991894 26.975681305
0.999997377 -0.000333601 -0.002234632 0.556922019 0.000343205 0.999990702 0.004299043 -0.802679539 0.002233177 -0.004299799 0.999988258 27.415563583
0.999996722 -0.000346987 -0.002518919 0.567770243 0.000358087 0.999990225 0.004407693 -0.814955533 0.002517365 -0.004408581 0.999987125 27.971878052
0.999997497 -0.000017543 -0.002233538 0.565803409 0.000028206 0.999988616 0.004774249 -0.833729327 0.002233429 -0.004774300 0.999986112 28.506715775
0.999995708 -0.000377999 -0.002877304 0.570809722 0.000390741 0.999990106 0.004429147 -0.842860997 0.002875602 -0.004430253 0.999985993 28.957118988
0.999995887 0.000065983 -0.002848937 0.582408130 -0.000053743 0.999990761 0.004296371 -0.859706879 0.002849194 -0.004296200 0.999986649 29.490345001
0.999994636 -0.000618021 -0.003198174 0.593019366 0.000631946 0.999990225 0.004354946 -0.871056736 0.003195452 -0.004356944 0.999985337 30.032331467
0.999994874 -0.000085436 -0.003198432 0.596607149 0.000099419 0.999990404 0.004371954 -0.889510691 0.003198028 -0.004372249 0.999985337 30.503276825
0.999993443 -0.000031286 -0.003617066 0.606965542 0.000047536 0.999989867 0.004492752 -0.905130267 0.003616889 -0.004492893 0.999983370 31.043632507
0.999992251 0.000078231 -0.003925081 0.621781409 -0.000058417 0.999987185 0.005048028 -0.925759792 0.003925426 -0.005047759 0.999979556 31.589847565
0.999990821 -0.000434842 -0.004262289 0.638791203 0.000456015 0.999987662 0.004967829 -0.940233350 0.004260076 -0.004969727 0.999978542 32.025985718
0.999989808 -0.001026961 -0.004419861 0.651316047 0.001047761 0.999988377 0.004706243 -0.949919939 0.004414977 -0.004710825 0.999979198 32.576591492
0.999986708 -0.000663074 -0.005112760 0.665046334 0.000684874 0.999990702 0.004262983 -0.959647775 0.005109886 -0.004266428 0.999977827 33.109806061
0.999986231 -0.000938147 -0.005169564 0.658804595 0.000961872 0.999989033 0.004588523 -0.978573620 0.005165203 -0.004593431 0.999976099 33.636054993
0.999988198 -0.000386372 -0.004838120 0.671781182 0.000411169 0.999986768 0.005125543 -0.992156804 0.004836075 -0.005127473 0.999975145 34.057735443
0.999985993 -0.000284105 -0.005282303 0.682754874 0.000312751 0.999985218 0.005423015 -1.007391214 0.005280684 -0.005424590 0.999971330 34.611324310
0.999986708 -0.000077029 -0.005144976 0.690594375 0.000102391 0.999987841 0.004929367 -1.019547105 0.005144534 -0.004929828 0.999974608 35.176151276
0.999987006 -0.000152110 -0.005101910 0.697574019 0.000174270 0.999990523 0.004343272 -1.024357319 0.005101201 -0.004344104 0.999977529 35.729595184
0.999987423 -0.000300277 -0.005009374 0.703740120 0.000325790 0.999987006 0.005092997 -1.056721330 0.005007779 -0.005094565 0.999974489 36.087596893
0.999987423 -0.000272551 -0.004994667 0.710809052 0.000298837 0.999986112 0.005262992 -1.068887472 0.004993162 -0.005264419 0.999973714 36.637851715
0.999985039 -0.000423217 -0.005447113 0.719471753 0.000450849 0.999987066 0.005072451 -1.074008703 0.005444896 -0.005074831 0.999972343 37.199890137
0.999985456 0.000064646 -0.005394848 0.726558506 -0.000039105 0.999988854 0.004734219 -1.087713838 0.005395092 -0.004733939 0.999974251 37.707668304
0.999985993 -0.000661943 -0.005244328 0.741059422 0.000690885 0.999984562 0.005518799 -1.096901298 0.005240594 -0.005522345 0.999970973 38.424472809
0.999984920 -0.000453454 -0.005477781 0.764402926 0.000483340 0.999985099 0.005455721 -1.133184552 0.005475225 -0.005458286 0.999970078 38.616172791
0.999981761 -0.000682053 -0.005997188 0.776238859 0.000714901 0.999984741 0.005476918 -1.142975450 0.005993361 -0.005481104 0.999966979 39.169723511
0.999983251 0.000497515 -0.005775849 0.778422117 -0.000469768 0.999988437 0.004804402 -1.143287659 0.005778173 -0.004801607 0.999971747 39.723033905
0.999983907 0.000117080 -0.005677113 0.793457925 -0.000091058 0.999989510 0.004583677 -1.156718731 0.005677590 -0.004583086 0.999973416 40.264381409
0.999984860 -0.000387056 -0.005483841 0.791069567 0.000418381 0.999983609 0.005712334 -1.186663032 0.005481540 -0.005714541 0.999968648 40.621734619
0.999985695 0.000228289 -0.005340857 0.794658840 -0.000199325 0.999985278 0.005422970 -1.194972873 0.005342017 -0.005421827 0.999971032 41.177864075
0.999985039 -0.000287856 -0.005456776 0.810682595 0.000320509 0.999982059 0.005983957 -1.215309858 0.005454956 -0.005985617 0.999967158 41.707252502
0.999987960 0.000226031 -0.004886127 0.812057793 -0.000201183 0.999987006 0.005085187 -1.211847901 0.004887212 -0.005084143 0.999975085 42.258174896
0.999988019 0.000430284 -0.004862449 0.818367302 -0.000402376 0.999983370 0.005739013 -1.236662865 0.004864838 -0.005736988 0.999971688 42.603248596
0.999989688 0.001081138 -0.004396579 0.824420094 -0.001056133 0.999983311 0.005685693 -1.248046637 0.004402652 -0.005680992 0.999974132 43.154525757
0.999989808 0.001509701 -0.004246427 0.832378566 -0.001485578 0.999982774 0.005678278 -1.258301020 0.004254926 -0.005671913 0.999974787 43.710041046
0.999990165 0.001949648 -0.003978441 0.830786228 -0.001928840 0.999984503 0.005227213 -1.265405416 0.003988571 -0.005219488 0.999978364 44.251350403
0.999988735 0.001481741 -0.004495640 0.868079424 -0.001454654 0.999980807 0.006022478 -1.298038244 0.004504478 -0.006015871 0.999971747 44.587272644
0.999985993 0.000825231 -0.005216245 0.880240977 -0.000793568 0.999981284 0.006069216 -1.310162783 0.005221156 -0.006064993 0.999967992 45.144367218
0.999986887 0.001526736 -0.004878854 0.883301735 -0.001497526 0.999980986 0.005985056 -1.322045565 0.004887900 -0.005977671 0.999970198 45.692806244
0.999987483 0.001441249 -0.004766892 0.887868881 -0.001410420 0.999978065 0.006464287 -1.338533044 0.004776105 -0.006457483 0.999967754 46.216983795
0.999989033 0.000595914 -0.004644263 0.906413257 -0.000566906 0.999980330 0.006244692 -1.348095298 0.004647893 -0.006241990 0.999969721 46.582542419
0.999989629 0.002005249 -0.004098078 0.911185443 -0.001981712 0.999981582 0.005739472 -1.358774304 0.004109512 -0.005731291 0.999975145 47.126659393
0.999989986 0.001874129 -0.004055157 0.914953649 -0.001849174 0.999979377 0.006148785 -1.370049119 0.004066598 -0.006141224 0.999972880 47.667907715
0.999989927 0.002449417 -0.003750100 0.919534802 -0.002426830 0.999978900 0.006015827 -1.383049250 0.003764756 -0.006006667 0.999974906 48.203403473
0.999989271 0.000991448 -0.004511294 0.945189238 -0.000962803 0.999979317 0.006347432 -1.401988268 0.004517495 -0.006343021 0.999969661 48.620559692
0.999989450 0.001801489 -0.004215384 0.949368298 -0.001775550 0.999979496 0.006149190 -1.415039778 0.004226375 -0.006141642 0.999972284 49.163089752
0.999987483 0.002174371 -0.004503957 0.965791941 -0.002145776 0.999977529 0.006343980 -1.430624843 0.004517651 -0.006334236 0.999969721 49.688964844
0.999988079 0.001593199 -0.004610237 0.975864947 -0.001565143 0.999980152 0.006082983 -1.437209964 0.004619839 -0.006075695 0.999970853 50.238677979
0.999989450 0.002028884 -0.004115575 0.985626698 -0.002006769 0.999983549 0.005370504 -1.436245322 0.004126403 -0.005362189 0.999977112 50.778160095
0.999991179 0.001748149 -0.003817570 0.977543771 -0.001724669 0.999979615 0.006145402 -1.463943839 0.003828235 -0.006138764 0.999973774 51.159782410
0.999992192 0.001299266 -0.003718419 0.983945966 -0.001277120 0.999981463 0.005952071 -1.473579526 0.003726084 -0.005947276 0.999975324 51.710933685
0.999993443 0.001718208 -0.003188065 0.992321372 -0.001699110 0.999980688 0.005983408 -1.483126283 0.003198284 -0.005977952 0.999976993 52.264194489
0.999991894 0.001030881 -0.003874769 1.026897192 -0.001007167 0.999980807 0.006117154 -1.502120972 0.003881000 -0.006113202 0.999973774 52.756046295
0.999992430 0.002414097 -0.003048709 1.007432461 -0.002395690 0.999978960 0.006026758 -1.518226981 0.003063194 -0.006019409 0.999977171 53.175163269
0.999993563 0.002608144 -0.002484659 1.012529373 -0.002593551 0.999979436 0.005858298 -1.528819442 0.002499887 -0.005851815 0.999979734 53.725543976
0.999992371 0.003369365 -0.001970787 1.023008227 -0.003359038 0.999980807 0.005220393 -1.532608390 0.001988339 -0.005213733 0.999984384 54.269840240
0.999992430 0.003171564 -0.002241597 1.018577814 -0.003159327 0.999980211 0.005441094 -1.537023187 0.002258810 -0.005433972 0.999982655 54.761817932
0.999993205 0.002643579 -0.002564928 1.016545534 -0.002628807 0.999979973 0.005746179 -1.565441012 0.002580067 -0.005739397 0.999980152 55.295425415
0.999992907 0.003133362 -0.002100560 1.020974636 -0.003121941 0.999980390 0.005418576 -1.574589014 0.002117498 -0.005411980 0.999983132 55.837894440
0.999991536 0.003271489 -0.002476832 1.040815711 -0.003258756 0.999981523 0.005126993 -1.591275096 0.002493559 -0.005118879 0.999983788 56.378135681
0.999990582 0.003560353 -0.002479343 1.053908467 -0.003547327 0.999980032 0.005238633 -1.600919247 0.002497944 -0.005229788 0.999983251 56.897552490
0.999992788 0.003222068 -0.001995089 1.028700113 -0.003210892 0.999979198 0.005580467 -1.619951129 0.002013028 -0.005574021 0.999982417 57.369861603
0.999991894 0.003779307 -0.001363469 1.035122395 -0.003771909 0.999978364 0.005389082 -1.628454089 0.001383806 -0.005383896 0.999984503 57.919364929
0.999990523 0.004034041 -0.001627046 1.050168514 -0.004025535 0.999978423 0.005198221 -1.637815356 0.001647980 -0.005191622 0.999985158 58.462898254
0.999991238 0.003914584 -0.001508933 1.060887814 -0.003906313 0.999977529 0.005445786 -1.655628800 0.001530217 -0.005439843 0.999984026 58.982780457
0.999992490 0.003771257 -0.000986546 1.076911807 -0.003766391 0.999980927 0.004889483 -1.664773703 0.001004967 -0.004885729 0.999987543 59.531822205
0.999991834 0.003883282 -0.001221263 1.052960873 -0.003876165 0.999975801 0.005776599 -1.694345832 0.001243666 -0.005771817 0.999982536 60.012855530
0.999991179 0.003989258 -0.001311508 1.063265324 -0.003982470 0.999978900 0.005138310 -1.706713319 0.001331979 -0.005133042 0.999985933 60.566444397
0.999991536 0.003927914 -0.001227797 1.073352575 -0.003921643 0.999979496 0.005068097 -1.718217373 0.001247679 -0.005063239 0.999986470 61.098754883
0.999986231 0.005177455 -0.001003799 1.068456411 -0.005172625 0.999975324 0.004756187 -1.720135570 0.001028399 -0.004750929 0.999988139 61.590763092
0.999993324 0.003429720 -0.001273115 1.086520910 -0.003422796 0.999979556 0.005401313 -1.753052473 0.001291614 -0.005396920 0.999984622 62.104839325
0.999989986 0.004377519 -0.000895259 1.091624260 -0.004372778 0.999976754 0.005231955 -1.762878060 0.000918142 -0.005227987 0.999985933 62.646606445
0.999992549 0.003783666 -0.000918729 1.099035621 -0.003779203 0.999981284 0.004812484 -1.771878719 0.000936921 -0.004808975 0.999988019 63.202468872
0.999992251 0.003529082 -0.001749956 1.130254626 -0.003520184 0.999980986 0.005062127 -1.797868729 0.001767788 -0.005055928 0.999985695 63.710021973
0.999993980 0.003373412 -0.000839422 1.109938145 -0.003368703 0.999978840 0.005549869 -1.810110927 0.000858126 -0.005547007 0.999984264 64.209945679
0.999991238 0.004174422 -0.000236847 1.115247250 -0.004173084 0.999976814 0.005387465 -1.821685910 0.000259331 -0.005386430 0.999985516 64.749092102
0.999989510 0.004586433 0.000174151 1.122212648 -0.004587344 0.999973416 0.005651616 -1.836019397 -0.000148226 -0.005652356 0.999984086 65.294464111
0.999993920 0.003426192 -0.000699530 1.150294542 -0.003422076 0.999977231 0.005803312 -1.856415272 0.000719397 -0.005800883 0.999982953 65.767021179
0.999989927 0.004469032 -0.000392892 1.140685320 -0.004466668 0.999972999 0.005823152 -1.872608185 0.000418905 -0.005821339 0.999982893 66.305206299
0.999989748 0.004504206 -0.000349660 1.150132298 -0.004502267 0.999975443 0.005358921 -1.882300496 0.000373790 -0.005357292 0.999985576 66.856018066
0.999989152 0.004655095 -0.000087823 1.154436469 -0.004654520 0.999972939 0.005686198 -1.909771562 0.000114290 -0.005685729 0.999983728 67.364685059
0.999990821 0.004266571 0.000104648 1.159632683 -0.004267087 0.999975502 0.005545640 -1.911412597 -0.000080985 -0.005546036 0.999984562 67.910942078
0.999991775 0.004061180 -0.000111214 1.172517896 -0.004060501 0.999976337 0.005555392 -1.924578428 0.000133773 -0.005554894 0.999984562 68.461860657
0.999988616 0.004761998 0.000041214 1.177713633 -0.004762154 0.999973536 0.005499706 -1.935763478 -0.000015024 -0.005499840 0.999984801 69.023712158
0.999989331 0.004611914 0.000291270 1.183037043 -0.004613509 0.999972761 0.005748199 -1.965013504 -0.000264752 -0.005749481 0.999983490 69.524719238
0.999989510 0.004576834 0.000135729 1.187103629 -0.004577557 0.999972165 0.005883680 -1.977309704 -0.000108797 -0.005884239 0.999982595 70.058151245
0.999987841 0.004934741 0.000162929 1.194862485 -0.004935611 0.999970615 0.005858278 -1.993398190 -0.000134015 -0.005859011 0.999982715 70.606742859
0.999982476 0.005891352 0.000565558 1.200606227 -0.005894700 0.999963939 0.006112193 -2.003447771 -0.000529529 -0.006115420 0.999981105 71.178199768
0.999987662 0.004970398 0.000171941 1.215943933 -0.004971317 0.999970615 0.005835170 -2.019854784 -0.000142933 -0.005835953 0.999982953 71.651863098
0.999990106 0.004455523 -0.000001676 1.232533693 -0.004455461 0.999977887 0.004938949 -2.027229071 0.000023682 -0.004938892 0.999987781 72.200263977
0.999986470 0.005199361 -0.000205574 1.248226523 -0.005198332 0.999975324 0.004728218 -2.034276962 0.000230153 -0.004727085 0.999988794 72.738845825
0.999988973 0.004699062 0.000112747 1.247176528 -0.004699606 0.999974310 0.005413772 -2.062031507 -0.000087305 -0.005414242 0.999985278 73.267852783
0.999988854 0.004712395 0.000248778 1.255845308 -0.004713588 0.999976218 0.005036718 -2.069849253 -0.000225037 -0.005037834 0.999987245 73.811531067
0.999991059 0.004224063 -0.000150769 1.269926667 -0.004223066 0.999972463 0.006098261 -2.097380877 0.000176524 -0.006097569 0.999981344 74.306640625
0.999992013 0.003996030 -0.000195526 1.288354158 -0.003994880 0.999976456 0.005568370 -2.105239868 0.000217773 -0.005567544 0.999984503 74.858085632
0.999986529 0.005181461 0.000227091 1.279337883 -0.005182598 0.999972343 0.005331826 -2.117403030 -0.000199458 -0.005332932 0.999985754 75.367034912
0.999989271 0.004619987 0.000128151 1.292532444 -0.004620645 0.999972820 0.005741529 -2.133821726 -0.000101622 -0.005742060 0.999983549 75.922302246
0.999988139 0.004814546 0.000722057 1.302226782 -0.004818225 0.999974966 0.005185051 -2.141147375 -0.000697076 -0.005188469 0.999986231 76.498588562
0.999986410 0.004962844 0.001598129 1.303034782 -0.004971181 0.999973834 0.005255254 -2.156982422 -0.001572006 -0.005263128 0.999984920 77.004745483
0.999981701 0.005277791 0.002957347 1.308914304 -0.005292962 0.999972761 0.005145507 -2.172175646 -0.002930109 -0.005161066 0.999982417 77.511093140
0.999976873 0.005506900 0.004005980 1.324005485 -0.005529109 0.999969304 0.005554237 -2.183498383 -0.003975270 -0.005576259 0.999976635 78.069450378
0.999966741 0.005997634 0.005522978 1.330503821 -0.006029635 0.999965072 0.005795582 -2.205309153 -0.005488024 -0.005828691 0.999967992 78.581291199
0.999950171 0.005321522 0.008438936 1.361782074 -0.005364811 0.999972522 0.005115311 -2.211582661 -0.008411483 -0.005160330 0.999951243 79.158088684
0.999910593 0.005346921 0.012252030 1.381217718 -0.005409878 0.999972343 0.005111023 -2.227019072 -0.012224361 -0.005176849 0.999911785 79.691528320
0.999864340 0.005738357 0.015440573 1.403767347 -0.005822560 0.999968410 0.005413954 -2.246064901 -0.015409018 -0.005503124 0.999866068 80.224037170
0.999790668 0.005484675 0.019710127 1.427220821 -0.005588636 0.999970675 0.005223300 -2.252896786 -0.019680904 -0.005332360 0.999792039 80.780364990
0.999663591 0.004915335 0.025464684 1.457714081 -0.005043139 0.999975026 0.004957084 -2.263374329 -0.025439683 -0.005083839 0.999663413 81.322296143
0.999473155 0.005483539 0.031990044 1.488192201 -0.005646514 0.999971509 0.005006408 -2.276939631 -0.031961679 -0.005184403 0.999475658 81.868492126
0.999285638 0.005067485 0.037450995 1.522055507 -0.005261464 0.999973238 0.005082818 -2.289804220 -0.037424233 -0.005276234 0.999285460 82.425216675
0.998929143 0.005274017 0.045964878 1.562232256 -0.005528059 0.999970138 0.005401548 -2.308835983 -0.045935016 -0.005649860 0.998928428 82.967864990
0.998492360 0.005193687 0.054646078 1.598280907 -0.005463464 0.999973655 0.004788595 -2.320196152 -0.054619767 -0.005079932 0.998494327 83.475875854
0.998116314 0.004809119 0.061160974 1.655445576 -0.005129045 0.999973953 0.005074973 -2.335468054 -0.061134979 -0.005379112 0.998114944 84.038246155
0.997514665 0.005100462 0.070273608 1.711089611 -0.005471417 0.999972165 0.005087270 -2.347503185 -0.070245706 -0.005459124 0.997514665 84.590568542
0.996755660 0.005322055 0.080310047 1.777555943 -0.005766442 0.999969244 0.005302477 -2.364580631 -0.080279350 -0.005748378 0.996755838 85.108039856
0.996029973 0.004443129 0.088907577 1.847191811 -0.004893839 0.999976218 0.004852104 -2.371545076 -0.088883907 -0.005267940 0.996028066 85.682617188
0.995347619 0.003731681 0.096277356 1.922340393 -0.004170633 0.999981821 0.004358418 -2.379087210 -0.096259341 -0.004739678 0.995344996 86.231834412
0.994342148 0.003634980 0.106163204 1.993774414 -0.004151547 0.999980628 0.004645205 -2.402230978 -0.106144242 -0.005059664 0.994337916 86.740287781
0.993201017 0.003861101 0.116349161 2.098149300 -0.004450953 0.999978542 0.004810289 -2.412383556 -0.116328105 -0.005295449 0.993196726 87.310592651
0.992097735 0.003349467 0.125423610 2.184980392 -0.003975852 0.999980807 0.004744167 -2.428438663 -0.125405297 -0.005205343 0.992091954 87.854293823
0.990557313 0.003685556 0.137049884 2.274982452 -0.004407180 0.999977946 0.004962350 -2.447431326 -0.137028605 -0.005519495 0.990551710 88.366737366
0.988701642 0.003584479 0.149853408 2.373267174 -0.004387735 0.999977708 0.005030003 -2.461293459 -0.149831995 -0.005630689 0.988695443 88.924842834
0.986997306 0.003299697 0.160702318 2.483373642 -0.004101011 0.999980748 0.004654900 -2.467218876 -0.160683870 -0.005253416 0.986991882 89.470588684
0.985289991 0.002554352 0.170871347 2.590346336 -0.003360752 0.999984562 0.004430246 -2.474001884 -0.170857370 -0.004939333 0.985283375 90.003234863
0.982956886 0.002507018 0.183819279 2.712594032 -0.003435466 0.999982893 0.004732593 -2.498352051 -0.183804289 -0.005283440 0.982948601 90.530578613
0.980625808 0.001923218 0.195880994 2.841262817 -0.002841192 0.999986231 0.004405509 -2.506349325 -0.195869833 -0.004876691 0.980617762 91.052734375
0.978537977 0.001143259 0.206063375 2.971262932 -0.002095708 0.999988079 0.004403918 -2.517141342 -0.206055880 -0.004741250 0.978528798 91.594642639
0.975678980 0.001281497 0.219200224 3.122037888 -0.002334055 0.999986947 0.004542913 -2.538651943 -0.219191507 -0.004944049 0.975669324 92.152420044
0.972578466 0.001175041 0.232571691 3.269554138 -0.002311847 0.999986649 0.004615468 -2.549099207 -0.232563183 -0.005026575 0.972568274 92.682220459
0.969918609 0.000160241 0.243429214 3.422531128 -0.001245529 0.999989927 0.004304421 -2.561341763 -0.243426055 -0.004478137 0.969909132 93.191551208
0.967078328 0.000052442 0.254478961 3.592046738 -0.001248115 0.999988914 0.004537050 -2.582833290 -0.254475832 -0.004705301 0.967067659 93.722305298
0.963515818 0.000632372 0.267650634 3.761278152 -0.002088110 0.999984562 0.005154348 -2.599605799 -0.267643183 -0.005525179 0.963502288 94.237602234
0.959890366 0.000313493 0.280375570 3.934400558 -0.001798319 0.999985695 0.005038599 -2.614030838 -0.280369908 -0.005340707 0.959877193 94.772003174
0.956447363 -0.000171772 0.291905254 4.119787216 -0.001193375 0.999989152 0.004498617 -2.626176119 -0.291902900 -0.004651043 0.956436634 95.306983948
0.951969802 0.000054006 0.306191772 4.310804367 -0.001692989 0.999985635 0.005087233 -2.639461517 -0.306187183 -0.005361272 0.951956213 95.836212158
0.947548568 -0.000160719 0.319611967 4.512296677 -0.001579921 0.999985278 0.005186815 -2.650748730 -0.319608092 -0.005419720 0.947534323 96.346054077
0.943596482 -0.000536160 0.331097215 4.724275589 -0.001249420 0.999985814 0.005180052 -2.676911831 -0.331095248 -0.005301558 0.943582416 96.882713318
0.938886106 -0.001659390 0.344223917 4.936000824 -0.000036121 0.999987960 0.004919132 -2.688688040 -0.344227940 -0.004630939 0.938874662 97.393600464
0.933524787 -0.001818503 0.358508170 5.151559830 0.000110619 0.999988556 0.004784314 -2.700437307 -0.358512819 -0.004426617 0.933514297 97.899665833
0.928686023 -0.001915393 0.370861918 5.374534607 -0.000159548 0.999984503 0.005564155 -2.722207069 -0.370866835 -0.005226523 0.928671420 98.414794922
0.923920095 -0.002235641 0.382579267 5.596134186 0.000119349 0.999984682 0.005555289 -2.738707542 -0.382585824 -0.005086984 0.923905909 98.898345947
0.917966127 -0.001798661 0.396654665 5.837110519 -0.000621432 0.999981940 0.005972657 -2.753531694 -0.396658272 -0.005729191 0.917948425 99.397140503
0.911948502 -0.001570199 0.410301834 6.071880341 -0.000996702 0.999981344 0.006042164 -2.759659052 -0.410303652 -0.005919092 0.911929667 99.888381958
0.907291889 -0.003145602 0.420489699 6.329456329 0.000803067 0.999983132 0.005747900 -2.775036812 -0.420500696 -0.004877341 0.907279134 100.349205017
0.901658058 -0.002492568 0.432442367 6.601772308 -0.000493209 0.999976754 0.006792156 -2.820868969 -0.432449222 -0.006337488 0.901636004 100.807716370
0.894892454 -0.003678752 0.446266621 6.864177704 0.000984716 0.999979973 0.006268586 -2.832953453 -0.446280748 -0.005170265 0.894878089 101.357162476
0.888793468 -0.004258358 0.458288133 7.134979248 0.001993328 0.999983370 0.005425908 -2.837161779 -0.458303630 -0.003908993 0.888787270 101.837348938
0.883122385 -0.004610243 0.469119906 7.425178528 0.002160232 0.999981105 0.005760587 -2.854924679 -0.469137609 -0.004073896 0.883115709 102.308265686
0.875619531 -0.005029753 0.482975334 7.694355011 0.002445593 0.999979198 0.005980095 -2.868539333 -0.482995361 -0.004055126 0.875613570 102.756622314
