1.000000000 0.000000000 0.000000000 0.000000000 0.000000000 1.000000000 0.000000000 0.000000000 0.000000000 0.000000000 1.000000000 0.000000000
1.000000000 0.000050119 -0.000025426 0.000066442 -0.000050120 1.000000000 -0.000033250 0.000220931 0.000025425 0.000033252 1.000000000 -0.000643580
1.000000000 0.000018078 0.000014384 -0.000267162 -0.000018079 1.000000000 0.000041244 -0.000460787 -0.000014384 -0.000041244 1.000000000 -0.000654948
1.000000000 -0.000112691 0.000099769 -0.000275375 0.000112695 1.000000000 -0.000032767 0.000500416 -0.000099765 0.000032779 1.000000000 0.000178680
1.000000000 -0.000080914 0.000053428 -0.000207964 0.000080913 1.000000000 0.000021620 -0.000404309 -0.000053430 -0.000021615 1.000000000 -0.000923807
1.000000000 -0.000016993 0.000141891 -0.000696690 0.000016994 1.000000000 -0.000007179 0.000121762 -0.000141891 0.000007181 1.000000000 -0.000327481
1.000000000 -0.000097593 0.000092446 0.000210200 0.000097595 1.000000000 -0.000026220 0.000249403 -0.000092443 0.000026229 1.000000000 0.000022645
1.000000000 0.000004073 0.000068724 -0.000473697 -0.000004079 1.000000000 0.000086791 -0.000513921 -0.000068723 -0.000086792 1.000000000 -0.000725225
1.000000000 -0.000011743 0.000001670 -0.000284301 0.000011743 1.000000000 -0.000065143 0.000126628 -0.000001669 0.000065143 1.000000000 -0.000078532
1.000000000 -0.000093802 0.000064279 0.000115731 0.000093798 1.000000000 0.000061471 -0.001435473 -0.000064285 -0.000061465 1.000000000 -0.000774633
1.000000000 0.000036596 0.000071010 -0.001033244 -0.000036600 1.000000000 0.000063544 -0.000786195 -0.000071007 -0.000063546 1.000000000 -0.000278187
1.000000000 -0.000027107 0.000085298 -0.000844053 0.000027107 1.000000000 0.000001673 -0.000057378 -0.000085298 -0.000001671 1.000000000 -0.001467840
1.000000000 0.000007778 -0.000011348 -0.000313000 -0.000007779 1.000000000 -0.000064938 -0.000762504 0.000011348 0.000064938 1.000000000 -0.001242148
1.000000000 -0.000004529 0.000068872 -0.001191612 0.000004531 1.000000000 -0.000032067 0.001201684 -0.000068872 0.000032067 1.000000000 0.000759520
1.000000000 -0.000056417 0.000056265 -0.001614290 0.000056423 1.000000000 -0.000109902 0.000849849 -0.000056259 0.000109905 1.000000000 -0.000598033
1.000000000 0.000051781 -0.000036642 0.000337579 -0.000051785 1.000000000 -0.000109890 0.002337822 0.000036636 0.000109891 1.000000000 0.002086929
1.000000000 0.000043761 0.000084999 -0.000903977 -0.000043750 1.000000000 -0.000132271 0.002424841 -0.000085005 0.000132267 1.000000000 0.003067672
1.000000000 0.000105954 0.000080947 -0.001421691 -0.000105942 1.000000000 -0.000148268 0.001795167 -0.000080962 0.000148259 1.000000000 0.001336284
1.000000000 0.000134444 0.000147170 -0.001859654 -0.000134429 1.000000000 -0.000099760 0.002441147 -0.000147183 0.000099741 1.000000000 0.003050145
1.000000000 0.000055669 0.000138587 -0.001168403 -0.000055652 1.000000000 -0.000122458 0.002106459 -0.000138593 0.000122450 1.000000000 0.002221827
1.000000000 0.000100183 0.000153903 -0.001793755 -0.000100165 1.000000000 -0.000117104 0.001936172 -0.000153915 0.000117089 1.000000000 0.002218595
1.000000000 0.000145516 0.000080127 -0.001454306 -0.000145508 1.000000000 -0.000098490 0.002388200 -0.000080141 0.000098479 1.000000000 0.002125319
1.000000000 0.000121419 0.000027766 -0.000505689 -0.000121415 1.000000000 -0.000111675 0.002450649 -0.000027779 0.000111671 1.000000000 0.003478447
1.000000000 0.000058964 0.000026670 -0.000886108 -0.000058961 1.000000000 -0.000106591 0.002714150 -0.000026676 0.000106589 1.000000000 0.003602369
0.999999940 0.000344737 0.000027225 -0.001339033 -0.000344734 0.999999940 -0.000100558 0.003292899 -0.000027260 0.000100549 1.000000000 0.004303169
0.999999940 0.000245712 0.000084824 -0.001341784 -0.000245705 0.999999940 -0.000075368 0.002301125 -0.000084842 0.000075348 1.000000000 0.002085170
1.000000000 0.000099776 0.000154698 -0.001916310 -0.000099761 1.000000000 -0.000100177 0.003340877 -0.000154708 0.000100162 1.000000000 0.003918032
1.000000000 0.000117205 0.000155477 -0.001783668 -0.000117202 1.000000000 -0.000023594 0.001834695 -0.000155480 0.000023575 1.000000000 0.003070496
1.000000000 0.000102254 0.000069267 -0.001211934 -0.000102246 1.000000000 -0.000107220 0.002789496 -0.000069278 0.000107213 1.000000000 0.002906246
1.000000000 0.000115624 0.000139062 -0.001892856 -0.000115607 1.000000000 -0.000122061 0.002750730 -0.000139076 0.000122045 1.000000000 0.003436798
1.000000000 0.000092769 0.000190565 -0.001531273 -0.000092755 1.000000000 -0.000072332 0.002181983 -0.000190572 0.000072314 1.000000000 0.003502616
1.000000000 0.000085396 0.000152139 -0.000865357 -0.000085384 1.000000000 -0.000079433 0.003270388 -0.000152145 0.000079420 1.000000000 0.004140640
1.000000000 0.000147795 0.000061861 -0.000289528 -0.000147782 0.999999940 -0.000210093 0.004290124 -0.000061892 0.000210084 1.000000000 0.004383912
1.000000000 0.000084334 0.000128893 -0.000725372 -0.000084324 1.000000000 -0.000075928 0.001940357 -0.000128900 0.000075917 1.000000000 0.002355979
0.999999940 0.000205350 0.000155156 -0.002165177 -0.000205333 1.000000000 -0.000113541 0.002055706 -0.000155179 0.000113509 1.000000000 0.002386429
1.000000000 0.000178715 0.000165729 -0.001315718 -0.000178695 1.000000000 -0.000118376 0.002306941 -0.000165751 0.000118347 1.000000000 0.002522303
1.000000000 0.000134388 0.000095660 -0.001116363 -0.000134380 1.000000000 -0.000080740 0.002227107 -0.000095671 0.000080727 1.000000000 0.002366827
1.000000000 0.000179400 0.000097094 -0.001521999 -0.000179396 1.000000000 -0.000034192 0.002821745 -0.000097101 0.000034174 1.000000000 0.004006552
0.999999940 0.000214442 0.000147539 -0.001332268 -0.000214422 0.999999940 -0.000138062 0.003238492 -0.000147569 0.000138031 1.000000000 0.002615111
1.000000000 0.000149130 0.000076977 -0.000281441 -0.000149118 1.000000000 -0.000149610 0.004192716 -0.000076999 0.000149599 1.000000000 0.003651350
1.000000000 0.000035321 0.000070891 0.000003037 -0.000035311 1.000000000 -0.000139334 0.002073771 -0.000070895 0.000139331 1.000000000 0.004298007
0.999999821 0.000421294 0.000147139 0.000854364 -0.000421209 0.999999762 -0.000577583 -0.001592669 -0.000147382 0.000577521 0.999999821 0.051565576
0.999999881 0.000364118 0.000115797 0.002407091 -0.000363982 0.999999225 -0.001168999 -0.002814204 -0.000116223 0.001168956 0.999999285 0.141522333
0.999999881 0.000340461 0.000109747 0.004710423 -0.000340299 0.999998868 -0.001465189 -0.005316939 -0.000110246 0.001465152 0.999998868 0.257379651
0.999999881 0.000320914 0.000058661 0.009184769 -0.000320836 0.999999106 -0.001325278 -0.009372047 -0.000059086 0.001325259 0.999999106 0.390846133
0.999999523 0.000959271 0.000232253 0.007329938 -0.000959115 0.999999344 -0.000669655 -0.024370125 -0.000232896 0.000669433 0.999999762 0.526557863
0.999999762 0.000720343 0.000242210 0.010776533 -0.000720234 0.999999702 -0.000451702 -0.029306412 -0.000242535 0.000451527 0.999999881 0.678421557
0.999999762 0.000643289 0.000342606 0.016213682 -0.000643209 0.999999762 -0.000234724 -0.034206830 -0.000342757 0.000234504 0.999999881 0.840197086
1.000000000 0.000042313 0.000234886 0.017729389 -0.000042333 0.999999940 0.000082455 -0.038108416 -0.000234882 -0.000082464 0.999999940 1.010480881
0.999999940 -0.000096736 0.000155590 0.021356305 0.000096705 0.999999940 0.000200062 -0.041916534 -0.000155610 -0.000200047 0.999999881 1.188118219
0.999999404 0.000973062 0.000463742 0.018456394 -0.000973182 0.999999404 0.000260100 -0.046618212 -0.000463489 -0.000260552 0.999999881 1.370763302
0.999998987 0.001368427 0.000310104 0.019196648 -0.001368473 0.999998987 0.000147295 -0.049038764 -0.000309903 -0.000147719 1.000000000 1.563278794
0.999999821 0.000448650 0.000334198 0.025811287 -0.000448792 0.999999821 0.000425454 -0.056317169 -0.000334007 -0.000425604 0.999999821 1.765285969
0.999999523 0.000637226 0.000661682 0.022799719 -0.000637687 0.999999523 0.000697722 -0.069282793 -0.000661237 -0.000698143 0.999999523 1.965360165
0.999999225 0.000756430 0.000986632 0.023087842 -0.000757306 0.999999344 0.000887446 -0.074908949 -0.000985960 -0.000888193 0.999999106 2.176488876
0.999999046 0.000849097 0.001098696 0.029132525 -0.000849684 0.999999523 0.000534178 -0.076809347 -0.001098242 -0.000535111 0.999999166 2.401100159
0.999998987 0.000917749 0.001106008 0.035290014 -0.000918215 0.999999523 0.000420393 -0.082621329 -0.001105621 -0.000421409 0.999999285 2.622503757
0.999998510 0.001108768 0.001328176 0.038420305 -0.001109604 0.999999166 0.000628909 -0.089836411 -0.001327478 -0.000630382 0.999998868 2.855398178
0.999998271 0.001269075 0.001373679 0.043004122 -0.001270044 0.999998927 0.000704838 -0.094883062 -0.001372784 -0.000706581 0.999998808 3.100081205
0.999999046 0.000922752 0.000986462 0.048952170 -0.000923794 0.999998987 0.001057081 -0.108087644 -0.000985486 -0.001057991 0.999998927 3.332381248
0.999999046 0.000623589 0.001226614 0.051025156 -0.000625320 0.999998808 0.001411079 -0.117346406 -0.001225732 -0.001411845 0.999998271 3.581199408
0.999997854 0.001354033 0.001557398 0.051575407 -0.001355169 0.999998808 0.000728119 -0.119041488 -0.001556410 -0.000730228 0.999998510 3.841616631
0.999998331 0.000812683 0.001621906 0.058468401 -0.000813953 0.999999404 0.000782870 -0.124698356 -0.001621269 -0.000784189 0.999998391 4.094660759
0.999997139 0.001718944 0.001630427 0.064532936 -0.001721135 0.999997616 0.001343946 -0.133582696 -0.001628113 -0.001346748 0.999997735 4.345312119
0.999997139 0.001591368 0.001778803 0.066351332 -0.001593743 0.999997854 0.001335087 -0.139198065 -0.001776674 -0.001337918 0.999997556 4.608306408
0.999997079 0.001725512 0.001681430 0.078837417 -0.001727188 0.999998033 0.000996307 -0.142025799 -0.001679707 -0.000999208 0.999998093 4.862147808
0.999996424 0.002145116 0.001581287 0.086263299 -0.002146832 0.999997139 0.001084473 -0.148608491 -0.001578956 -0.001087864 0.999998152 5.127640247
0.999997020 0.001556939 0.001848578 0.086813807 -0.001559912 0.999997497 0.001607964 -0.165746063 -0.001846070 -0.001610843 0.999997020 5.390010357
0.999998033 0.001936263 0.000369476 0.104023509 -0.001936774 0.999997139 0.001388554 -0.172316775 -0.000366787 -0.001389267 0.999998987 5.651484013
0.999998987 0.001460047 0.000371946 0.106946811 -0.001460589 0.999997854 0.001461894 -0.179189697 -0.000369811 -0.001462436 0.999998808 5.920399189
0.999998212 0.001795934 0.000680546 0.110341549 -0.001796930 0.999997318 0.001466125 -0.187109396 -0.000677911 -0.001467345 0.999998689 6.202682018
0.999998271 0.001841341 0.000602674 0.124364257 -0.001841853 0.999997914 0.000849247 -0.184184700 -0.000601109 -0.000850355 0.999999464 6.492372513
0.999997556 0.002127321 0.000648599 0.124408983 -0.002128048 0.999997020 0.001121136 -0.197137937 -0.000646212 -0.001122514 0.999999166 6.781850815
0.999998689 0.001573659 0.000429263 0.130882159 -0.001574161 0.999998093 0.001171662 -0.207012028 -0.000427419 -0.001172336 0.999999225 7.067023754
0.999998868 0.001450423 0.000448612 0.134165913 -0.001451228 0.999997377 0.001799295 -0.222309068 -0.000446001 -0.001799944 0.999998331 7.361734390
0.999997675 0.001893846 0.001002094 0.136318773 -0.001895635 0.999996722 0.001787301 -0.237279817 -0.000998705 -0.001789197 0.999997854 7.661768436
0.999997437 0.002063510 0.000882833 0.147810280 -0.002064763 0.999996901 0.001421465 -0.238950133 -0.000879897 -0.001423284 0.999998569 7.990393639
0.999996662 0.002355057 0.001054586 0.148195043 -0.002356852 0.999995708 0.001704245 -0.253909051 -0.001050568 -0.001706724 0.999997914 8.300575256
0.999996662 0.002352907 0.001056753 0.157300606 -0.002354388 0.999996245 0.001402542 -0.258524805 -0.001053448 -0.001405026 0.999998450 8.628400803
0.999998331 0.001536542 0.001003339 0.168098778 -0.001537726 0.999998212 0.001180419 -0.262692541 -0.001001524 -0.001181960 0.999998808 8.967820168
0.999998569 0.001497064 0.000741863 0.178301200 -0.001498107 0.999997854 0.001407775 -0.275739342 -0.000739754 -0.001408884 0.999998808 9.309464455
0.999996960 0.002168413 0.001161704 0.176110581 -0.002170280 0.999996364 0.001608161 -0.290480554 -0.001158213 -0.001610678 0.999998033 9.650238991
0.999997139 0.002077111 0.001142080 0.182829335 -0.002079297 0.999996006 0.001915627 -0.301651806 -0.001138097 -0.001917996 0.999997556 10.003911972
0.999996960 0.002161457 0.001172012 0.190734372 -0.002163408 0.999996245 0.001665642 -0.310913265 -0.001168407 -0.001668172 0.999997914 10.349980354
0.999997437 0.002083756 0.000852202 0.200808018 -0.002085391 0.999995947 0.001921817 -0.322557688 -0.000848194 -0.001923590 0.999997795 10.707452774
0.999997854 0.001846485 0.000837587 0.208122134 -0.001847874 0.999996841 0.001661144 -0.329594553 -0.000834517 -0.001662689 0.999998271 11.072957993
0.999997556 0.001899676 0.001086714 0.211191803 -0.001901881 0.999996126 0.002031408 -0.342259616 -0.001082851 -0.002033470 0.999997318 11.462288857
0.999995649 0.002390622 0.001744560 0.207544237 -0.002394476 0.999994636 0.002210020 -0.351906240 -0.001739268 -0.002214188 0.999995947 11.827327728
0.999994099 0.002887069 0.001849383 0.218030512 -0.002891306 0.999993205 0.002292845 -0.362208664 -0.001842751 -0.002298179 0.999995649 12.219622612
0.999992788 0.003034522 0.002295611 0.226948768 -0.003040837 0.999991536 0.002752287 -0.378490120 -0.002287240 -0.002759248 0.999993563 12.607334137
0.999994397 0.002600095 0.002110925 0.229732543 -0.002605797 0.999992967 0.002703423 -0.388366193 -0.002103881 -0.002708909 0.999994040 13.013400078
0.999993622 0.002778512 0.002252196 0.235680476 -0.002784597 0.999992490 0.002703080 -0.408700287 -0.002244669 -0.002709334 0.999993742 13.421534538
0.999995887 0.001922958 0.002132375 0.252682239 -0.001929088 0.999993980 0.002876884 -0.421907067 -0.002126831 -0.002880986 0.999993503 13.829219818
0.999993742 0.002615157 0.002374460 0.265056670 -0.002622760 0.999991417 0.003204543 -0.433841914 -0.002366059 -0.003210751 0.999992013 14.233699799
0.999991238 0.003216663 0.002663403 0.272548288 -0.003225386 0.999989450 0.003277248 -0.448317647 -0.002652833 -0.003285809 0.999991119 14.651000023
0.999992788 0.002339550 0.002994957 0.277718186 -0.002350696 0.999990284 0.003723245 -0.468044668 -0.002986218 -0.003730258 0.999988496 15.079177856
0.999992669 0.002279225 0.003074619 0.287973702 -0.002291196 0.999989808 0.003895365 -0.479669034 -0.003065710 -0.003902381 0.999987602 15.528177261
0.999992192 0.002119914 0.003349999 0.298082769 -0.002132290 0.999990880 0.003695086 -0.489346862 -0.003342134 -0.003702200 0.999987543 15.974087715
0.999986768 0.003080392 0.004118735 0.306441844 -0.003096475 0.999987602 0.003904416 -0.500028729 -0.004106656 -0.003917118 0.999983907 16.403423309
0.999984026 0.003193063 0.004660669 0.313617438 -0.003209155 0.999988914 0.003449375 -0.512184024 -0.004649603 -0.003464277 0.999983132 16.847938538
0.999980092 0.003817732 0.005024113 0.322837144 -0.003837011 0.999985278 0.003833209 -0.526267886 -0.005009405 -0.003852411 0.999979973 17.322986603
0.999983609 0.003011792 0.004866558 0.333888650 -0.003032212 0.999986589 0.004193917 -0.540751100 -0.004853861 -0.004208604 0.999979377 17.775966644
0.999981940 0.002792382 0.005312040 0.345323861 -0.002811398 0.999989629 0.003575552 -0.547882974 -0.005302001 -0.003590422 0.999979496 18.245691299
0.999982059 0.002559912 0.005429035 0.360933006 -0.002576165 0.999992192 0.002988692 -0.554146945 -0.005421340 -0.003002623 0.999980807 18.719202042
0.999978125 0.003589703 0.005540016 0.366866410 -0.003610424 0.999986470 0.003734787 -0.575044811 -0.005526535 -0.003754708 0.999977708 19.178773880
0.999980092 0.003352473 0.005340955 0.383201897 -0.003375578 0.999984920 0.004322749 -0.590859175 -0.005326383 -0.004340691 0.999976397 19.653099060
0.999980330 0.003539157 0.005159117 0.390562803 -0.003563399 0.999982595 0.004697152 -0.602401137 -0.005142403 -0.004715444 0.999975681 20.145088196
0.999979436 0.002861017 0.005746146 0.394450247 -0.002886017 0.999986410 0.004347040 -0.607923090 -0.005733632 -0.004363533 0.999974072 20.608644485
0.999980986 0.003259158 0.005248373 0.403901279 -0.003280412 0.999986470 0.004046143 -0.617755592 -0.005235115 -0.004063281 0.999978125 21.113348007
0.999978662 0.004053197 0.005144344 0.433731616 -0.004075875 0.999981999 0.004405476 -0.644056678 -0.005126395 -0.004426349 0.999977052 21.608556747
0.999983251 0.003649372 0.004497598 0.447889566 -0.003670678 0.999982059 0.004738138 -0.657405853 -0.004480225 -0.004754568 0.999978662 22.121812820
0.999973655 0.005210126 0.005052434 0.452948421 -0.005233743 0.999975383 0.004672381 -0.674670398 -0.005027966 -0.004698701 0.999976337 22.633348465
0.999972939 0.005263553 0.005141013 0.451036811 -0.005286931 0.999975681 0.004544354 -0.690275371 -0.005116969 -0.004571412 0.999976397 23.145290375
0.999978364 0.004878218 0.004407413 0.463457048 -0.004899770 0.999975979 0.004892208 -0.707663476 -0.004383442 -0.004913697 0.999978244 23.670043945
0.999984622 0.003953478 0.003889084 0.473657608 -0.003971800 0.999981046 0.004714763 -0.723451257 -0.003870371 -0.004730138 0.999981284 24.190126419
0.999983966 0.004671410 0.003174416 0.486254603 -0.004685730 0.999978840 0.004518670 -0.735801458 -0.003153240 -0.004533472 0.999984682 24.753234863
0.999985516 0.004739994 0.002552277 0.501514912 -0.004752469 0.999976695 0.004904544 -0.754248083 -0.002528970 -0.004916603 0.999984741 25.293832779
0.999983788 0.005343592 0.001961633 0.506258726 -0.005353035 0.999973953 0.004840362 -0.764403462 -0.001935717 -0.004850785 0.999986351 25.825183868
0.999987066 0.004805908 0.001649572 0.520877123 -0.004813670 0.999977231 0.004734681 -0.780589461 -0.001626780 -0.004742560 0.999987423 26.389081955
0.999989688 0.004428480 0.001132836 0.536089242 -0.004434751 0.999974489 0.005595059 -0.799432576 -0.001108030 -0.005600024 0.999983668 26.913179398
0.999988258 0.004785798 0.000749461 0.548140824 -0.004789828 0.999973536 0.005470724 -0.813604832 -0.000723260 -0.005474249 0.999984741 27.466100693
0.999983847 0.005682283 -0.000067199 0.559700727 -0.005681858 0.999970317 0.005199801 -0.823946774 0.000096744 -0.005199335 0.999986410 28.039325714
0.999981642 0.006045393 -0.000258391 0.570615351 -0.006043945 0.999967754 0.005277550 -0.832478523 0.000290288 -0.005275892 0.999986053 28.596889496
0.999982476 0.005912837 0.000116915 0.568101108 -0.005913417 0.999965549 0.005818708 -0.862571418 -0.000082506 -0.005819297 0.999983072 29.113626480
0.999980688 0.006210268 -0.000209930 0.573625386 -0.006209016 0.999965549 0.005514571 -0.871994615 0.000244170 -0.005513161 0.999984801 29.672792435
0.999982357 0.005901826 -0.000675210 0.596453071 -0.005897928 0.999966741 0.005634531 -0.884417474 0.000708442 -0.005630449 0.999983907 30.177972794
0.999982059 0.005943694 -0.000617213 0.601470530 -0.005940126 0.999966443 0.005631539 -0.894951403 0.000650665 -0.005627771 0.999983966 30.742263794
0.999980867 0.006129147 -0.000792040 0.612398326 -0.006124469 0.999964535 0.005778876 -0.908866942 0.000827431 -0.005773915 0.999983013 31.289831161
0.999974787 0.007080544 -0.000592483 0.616898477 -0.007076953 0.999957800 0.005860056 -0.917536736 0.000633951 -0.005855715 0.999982715 31.843786240
0.999980390 0.006114510 -0.001331480 0.633407950 -0.006106844 0.999965191 0.005687507 -0.938810647 0.001366210 -0.005679265 0.999982953 32.375957489
0.999976218 0.006654516 -0.001772131 0.639114976 -0.006643568 0.999959290 0.006112991 -0.951976180 0.001812738 -0.006101073 0.999979794 32.919589996
0.999982238 0.005793017 -0.001401558 0.650075436 -0.005784896 0.999966860 0.005730355 -0.963152707 0.001434708 -0.005722145 0.999982536 33.456867218
0.999981284 0.005942979 -0.001461403 0.655406952 -0.005934295 0.999965072 0.005876724 -0.974849522 0.001496277 -0.005867942 0.999981642 34.004539490
0.999980509 0.006068151 -0.001475637 0.662161112 -0.006058895 0.999962449 0.006198654 -0.992873788 0.001513196 -0.006189593 0.999979675 34.539802551
0.999976099 0.006791917 -0.001290444 0.670063496 -0.006783714 0.999957383 0.006259052 -1.009435296 0.001332900 -0.006250148 0.999979556 35.075588226
0.999980152 0.006086995 -0.001614033 0.691564798 -0.006076633 0.999961317 0.006349677 -1.022986293 0.001652621 -0.006339743 0.999978542 35.613353729
0.999976635 0.006559642 -0.001905606 0.694518507 -0.006548504 0.999961793 0.005793863 -1.030283928 0.001943539 -0.005781248 0.999981403 36.175998688
0.999976754 0.006696776 -0.001322909 0.700368345 -0.006688893 0.999960423 0.005875828 -1.043244004 0.001362205 -0.005866842 0.999981880 36.732803345
0.999980330 0.005724024 -0.002621063 0.721965671 -0.005708348 0.999966025 0.005949884 -1.054527164 0.002655032 -0.005934805 0.999978840 37.270614624
0.999976575 0.006220513 -0.002858913 0.734540343 -0.006204654 0.999965489 0.005523390 -1.065393925 0.002893173 -0.005505522 0.999980628 37.816967010
0.999975443 0.006362730 -0.002975600 0.741744578 -0.006345348 0.999962926 0.005815641 -1.085318327 0.003012493 -0.005796616 0.999978662 38.359241486
0.999975085 0.006549989 -0.002659320 0.748270392 -0.006534785 0.999962509 0.005686000 -1.096830606 0.002696464 -0.005668479 0.999980271 38.911758423
0.999972403 0.006966082 -0.002579145 0.758875549 -0.006950955 0.999958873 0.005828234 -1.110703468 0.002619640 -0.005810146 0.999979675 39.440898895
0.999972343 0.006972726 -0.002562029 0.769439936 -0.006957722 0.999958813 0.005819597 -1.121452570 0.002602502 -0.005801611 0.999979794 39.990604401
0.999971867 0.007043684 -0.002574908 0.779927194 -0.007029461 0.999960363 0.005491097 -1.136078238 0.002613483 -0.005472843 0.999981582 40.530479431
0.999968708 0.007204925 -0.003259387 0.794148266 -0.007187665 0.999960303 0.005276401 -1.147269130 0.003297274 -0.005252809 0.999980748 41.088558197
0.999970257 0.006938591 -0.003374521 0.805702150 -0.006920983 0.999962568 0.005202249 -1.158576965 0.003410491 -0.005178739 0.999980748 41.632389069
0.999969721 0.007272097 -0.002764189 0.812614799 -0.007257137 0.999959171 0.005383501 -1.171199322 0.002803226 -0.005363278 0.999981701 42.161472321
0.999972343 0.006829499 -0.002924450 0.825221419 -0.006812932 0.999960840 0.005637701 -1.181381941 0.002962838 -0.005617621 0.999979854 42.717441559
0.999971151 0.006805935 -0.003360522 0.838101745 -0.006784211 0.999956310 0.006433601 -1.205453992 0.003404162 -0.006410616 0.999973655 43.242290497
0.999965727 0.007779286 -0.002819873 0.838934779 -0.007765371 0.999957800 0.004912316 -1.204133034 0.002857968 -0.004890251 0.999983907 43.804004669
0.999962747 0.008269268 -0.002473572 0.844224036 -0.008257368 0.999954462 0.004782905 -1.215975642 0.002513010 -0.004762302 0.999985456 44.343494415
0.999968052 0.007388646 -0.003047529 0.856745183 -0.007373350 0.999960303 0.005000288 -1.230521679 0.003084353 -0.004977658 0.999982834 44.892406464
0.999967217 0.007601928 -0.002786955 0.863808930 -0.007588884 0.999960363 0.004661620 -1.240933895 0.002822281 -0.004640317 0.999985278 45.446720123
0.999963880 0.008199618 -0.002279590 0.866799474 -0.008189175 0.999956071 0.004553793 -1.250563264 0.002316829 -0.004534961 0.999987066 45.995407104
0.999962628 0.008217752 -0.002688190 0.879705966 -0.008204754 0.999954700 0.004810808 -1.268973708 0.002727602 -0.004788572 0.999984801 46.534873962
0.999959767 0.008380903 -0.003218255 0.895154059 -0.008364511 0.999952137 0.005074115 -1.278842688 0.003260626 -0.005046991 0.999981940 47.083187103
0.999963284 0.008095732 -0.002818531 0.897593915 -0.008081585 0.999954879 0.004994992 -1.296486616 0.002858842 -0.004972031 0.999983549 47.643295288
0.999962449 0.008342165 -0.002358295 0.905195475 -0.008330742 0.999953747 0.004813298 -1.310525894 0.002398340 -0.004793470 0.999985635 48.190296173
0.999964118 0.008004614 -0.002762114 0.914467812 -0.007991484 0.999956965 0.004731823 -1.319061756 0.002799871 -0.004709580 0.999984980 48.724384308
0.999962926 0.008132333 -0.002814085 0.927884459 -0.008118003 0.999954224 0.005066507 -1.333622456 0.002855159 -0.005043475 0.999983191 49.282348633
0.999959111 0.008651038 -0.002640860 0.933031559 -0.008638949 0.999952316 0.004555287 -1.344827294 0.002680142 -0.004532286 0.999986112 49.799797058
0.999959052 0.008675389 -0.002571208 0.938247919 -0.008663402 0.999951839 0.004636731 -1.356271267 0.002611309 -0.004614266 0.999985933 50.341053009
0.999959826 0.008616504 -0.002482147 0.944506705 -0.008605422 0.999953091 0.004441891 -1.370370150 0.002520304 -0.004420352 0.999987066 50.880603790
0.999961793 0.008299892 -0.002753568 0.956269979 -0.008285794 0.999952674 0.005092581 -1.391194582 0.002795705 -0.005069571 0.999983251 51.405708313
0.999958515 0.008617620 -0.002934525 0.964234829 -0.008602984 0.999950647 0.004964300 -1.397422671 0.002977161 -0.004938848 0.999983370 51.958343506
0.999959767 0.008587723 -0.002587056 0.971906543 -0.008574784 0.999950886 0.004971967 -1.411703467 0.002629627 -0.004949583 0.999984205 52.503128052
0.999959409 0.008603831 -0.002681408 0.982686341 -0.008590986 0.999951720 0.004765489 -1.421985626 0.002722281 -0.004742261 0.999984980 53.032943726
0.999957621 0.008799016 -0.002712729 0.993128836 -0.008785326 0.999948800 0.005018195 -1.439659595 0.002756745 -0.004994150 0.999983728 53.568771362
0.999953449 0.009359605 -0.002351543 0.993073583 -0.009349040 0.999946356 0.004464312 -1.451177359 0.002393201 -0.004442120 0.999987185 54.110202789
0.999953866 0.009259530 -0.002542598 1.002018094 -0.009247270 0.999945700 0.004791860 -1.466747642 0.002586831 -0.004768127 0.999985278 54.640678406
0.999952316 0.009442194 -0.002521485 1.012453198 -0.009429943 0.999943852 0.004827979 -1.479582787 0.002566931 -0.004803971 0.999985158 55.188667297
0.999958098 0.008815544 -0.002458194 1.022633076 -0.008804187 0.999950707 0.004593207 -1.489307880 0.002498565 -0.004571372 0.999986351 55.708026886
0.999956667 0.008842825 -0.002901654 1.030174017 -0.008828797 0.999949455 0.004811570 -1.504398227 0.002944055 -0.004785743 0.999984205 56.246803284
0.999952972 0.009406985 -0.002351468 1.034278631 -0.009395467 0.999943972 0.004861625 -1.518363357 0.002397069 -0.004839303 0.999985397 56.805152893
0.999954998 0.009240502 -0.002126967 1.042985797 -0.009229900 0.999945164 0.004941192 -1.530642033 0.002172509 -0.004921339 0.999985516 57.342864990
0.999954283 0.009267865 -0.002321036 1.050929070 -0.009256333 0.999944985 0.004931328 -1.545269966 0.002366612 -0.004909619 0.999985099 57.869808197
0.999957442 0.009012334 -0.001984363 1.061343551 -0.009002729 0.999947965 0.004796152 -1.556859851 0.002027484 -0.004778084 0.999986470 58.404304504
0.999958456 0.008836988 -0.002266677 1.073883057 -0.008825594 0.999948621 0.004988342 -1.566114902 0.002310642 -0.004968130 0.999984980 58.951446533
0.999957323 0.008950067 -0.002281167 1.076986194 -0.008938501 0.999947369 0.005030511 -1.585620046 0.002326070 -0.005009906 0.999984741 59.478778839
0.999957919 0.008891918 -0.002219622 1.085642576 -0.008881662 0.999949992 0.004588398 -1.597251534 0.002260311 -0.004568490 0.999987006 59.998409271
0.999960840 0.008435794 -0.002651442 1.095314264 -0.008423278 0.999953508 0.004696738 -1.609082460 0.002690939 -0.004674220 0.999985456 60.547401428
0.999955237 0.009233385 -0.002076570 1.100899458 -0.009223849 0.999947190 0.004555766 -1.621207237 0.002118525 -0.004536409 0.999987483 61.081405640
0.999954224 0.009413881 -0.001693802 1.108711243 -0.009405845 0.999944746 0.004692050 -1.629039645 0.001737879 -0.004675904 0.999987543 61.623867035
0.999951124 0.009772369 -0.001505351 1.113626957 -0.009765834 0.999943137 0.004288998 -1.640428901 0.001547179 -0.004274088 0.999989688 62.171611786
0.999948621 0.010062698 -0.001151399 1.122423768 -0.010057392 0.999939203 0.004525981 -1.659590960 0.001196872 -0.004514169 0.999989033 62.688823700
0.999942541 0.010576678 -0.001704270 1.133626103 -0.010568388 0.999932647 0.004802107 -1.672441125 0.001754945 -0.004783820 0.999987006 63.240562439
0.999948978 0.009974254 -0.001605209 1.141328216 -0.009967187 0.999940872 0.004351787 -1.687292695 0.001648520 -0.004335567 0.999989212 63.769001007
0.999950945 0.009790511 -0.001457405 1.151428223 -0.009784205 0.999943018 0.004273417 -1.699892044 0.001499161 -0.004258949 0.999989808 64.301521301
0.999949634 0.009944939 -0.001358701 1.157210588 -0.009939152 0.999941766 0.004200801 -1.708253622 0.001400399 -0.004187086 0.999990225 64.845062256
0.999953926 0.009532727 -0.001109159 1.168459654 -0.009527665 0.999944568 0.004482051 -1.727390766 0.001151824 -0.004471277 0.999989331 65.363716125
0.999952674 0.009627416 -0.001363221 1.180492163 -0.009621549 0.999944746 0.004245766 -1.738933802 0.001404021 -0.004232449 0.999990046 65.905921936
0.999952555 0.009660758 -0.001225523 1.187391281 -0.009656020 0.999946117 0.003816192 -1.748113036 0.001262325 -0.003804178 0.999991894 66.443344116
0.999949157 0.010036728 -0.000948802 1.193961501 -0.010032857 0.999941587 0.004001844 -1.764267921 0.000988912 -0.003992121 0.999991536 66.980598450
0.999948800 0.010067947 -0.001025494 1.207059264 -0.010063778 0.999941349 0.003992017 -1.776369452 0.001065625 -0.003981492 0.999991477 67.520881653
0.999945402 0.010379557 -0.001243742 1.219259977 -0.010375518 0.999940991 0.003210880 -1.786954999 0.001276996 -0.003197800 0.999994040 68.059783936
0.999949992 0.009960704 -0.000869691 1.222856760 -0.009957497 0.999943852 0.003617392 -1.801139474 0.000905674 -0.003608552 0.999993026 68.593353271
0.999950111 0.009921423 -0.001159158 1.232631564 -0.009917070 0.999943972 0.003702862 -1.814605355 0.001195831 -0.003691182 0.999992490 69.122604370
0.999946952 0.010263967 -0.000770433 1.238688707 -0.010261205 0.999941170 0.003510960 -1.829944968 0.000806424 -0.003502868 0.999993563 69.646301270
0.999952376 0.009729371 -0.000701150 1.249958634 -0.009726935 0.999947011 0.003398877 -1.842170477 0.000734181 -0.003391895 0.999993980 70.200012207
0.999950290 0.009931146 -0.000895575 1.262583852 -0.009928075 0.999945045 0.003370560 -1.856524467 0.000929000 -0.003361502 0.999993920 70.712577820
0.999952495 0.009716326 -0.000748855 1.275100112 -0.009713715 0.999947011 0.003415891 -1.871695042 0.000782005 -0.003408455 0.999993861 71.251091003
0.999955475 0.009402880 -0.000724437 1.284443736 -0.009400452 0.999950349 0.003284106 -1.883989334 0.000755281 -0.003277150 0.999994338 71.780426025
0.999951541 0.009816797 -0.000726359 1.291814208 -0.009814556 0.999947190 0.003028829 -1.898170948 0.000756054 -0.003021553 0.999995172 72.325843811
0.999954343 0.009514992 -0.000845038 1.304737449 -0.009512276 0.999949694 0.003161685 -1.911630034 0.000875079 -0.003153502 0.999994636 72.854049683
0.999950826 0.009874884 -0.000831360 1.314386368 -0.009872134 0.999945998 0.003249593 -1.924834728 0.000863405 -0.003241226 0.999994397 73.387382507
0.999948502 0.010130879 -0.000527683 1.323982000 -0.010129157 0.999943674 0.003168139 -1.942170858 0.000559749 -0.003162631 0.999994814 73.909744263
0.999947190 0.010260128 -0.000466573 1.337344646 -0.010258471 0.999941468 0.003422875 -1.954436779 0.000501665 -0.003417908 0.999994040 74.441787720
0.999944746 0.010490084 -0.000569022 1.348757625 -0.010488210 0.999939859 0.003203416 -1.966519356 0.000602592 -0.003197271 0.999994695 74.983100891
0.999950230 0.009944442 -0.000735056 1.360828161 -0.009942239 0.999946237 0.002942927 -1.981062651 0.000764282 -0.002935472 0.999995410 75.509567261
0.999945045 0.010461765 -0.000690868 1.368981957 -0.010459727 0.999941051 0.002889132 -1.994013190 0.000721052 -0.002881747 0.999995589 76.044502258
0.999949157 0.010052799 -0.000747172 1.384587169 -0.010050599 0.999945283 0.002891741 -2.008550644 0.000776201 -0.002884085 0.999995530 76.584503174
0.999948561 0.010087868 -0.001028709 1.395957589 -0.010084950 0.999945164 0.002803042 -2.023129940 0.001056929 -0.002792523 0.999995530 77.124130249
0.999947488 0.010220582 -0.000750502 1.397638559 -0.010218289 0.999943316 0.002998380 -2.036403179 0.000781104 -0.002990553 0.999995232 77.649421692
0.999946833 0.010283641 -0.000746439 1.412990212 -0.010281621 0.999943614 0.002662340 -2.052715778 0.000773775 -0.002654524 0.999996185 78.180587769
0.999942482 0.010694847 -0.000838959 1.424601674 -0.010692446 0.999938905 0.002816067 -2.064799070 0.000869025 -0.002806934 0.999995708 78.732131958
0.999949098 0.010072332 -0.000801481 1.434009075 -0.010070006 0.999945223 0.002857067 -2.079858780 0.000830215 -0.002848850 0.999995589 79.273963928
0.999950111 0.009959425 -0.000792024 1.445777416 -0.009957210 0.999946654 0.002754902 -2.093725920 0.000819419 -0.002746878 0.999995887 79.803001404
0.999949992 0.009999258 0.000109802 1.454845071 -0.009999515 0.999946356 0.002704170 -2.105949402 -0.000082757 -0.002705132 0.999996364 80.341934204
0.999948084 0.010030548 0.001779509 1.462865472 -0.010035045 0.999946475 0.002537418 -2.120408773 -0.001753962 -0.002555144 0.999995172 80.889419556
0.999955356 0.009270065 0.001834716 1.489693642 -0.009274944 0.999953389 0.002669114 -2.133941889 -0.001809887 -0.002686012 0.999994695 81.423347473
0.999947309 0.009735881 0.003241286 1.496907234 -0.009744546 0.999948919 0.002668244 -2.148882866 -0.003215143 -0.002699688 0.999991179 81.965499878
0.999931693 0.009625505 0.006637521 1.513944149 -0.009646000 0.999948800 0.003062818 -2.167292833 -0.006607700 -0.003126635 0.999973297 82.518096924
0.999899089 0.009827630 0.010250415 1.538774610 -0.009853735 0.999948263 0.002499186 -2.175120831 -0.010225325 -0.002599939 0.999944329 83.030548096
0.999864161 0.009659037 0.013355363 1.560460806 -0.009692452 0.999950051 0.002439679 -2.188679695 -0.013331131 -0.002568794 0.999907851 83.578330994
0.999804676 0.009622644 0.017264763 1.589022160 -0.009665160 0.999950469 0.002380965 -2.205074549 -0.017240997 -0.002547367 0.999848068 84.122886658
0.999678433 0.009900710 0.023345953 1.618965030 -0.009962521 0.999947190 0.002532752 -2.220932245 -0.023319643 -0.002764522 0.999724209 84.656990051
0.999520421 0.009853156 0.029357350 1.651566029 -0.009925176 0.999948084 0.002308529 -2.234824181 -0.029333081 -0.002598800 0.999566257 85.187530518
0.999336004 0.009605791 0.035146587 1.686644077 -0.009702362 0.999949634 0.002578142 -2.251608849 -0.035120048 -0.002917435 0.999378860 85.731300354
0.999023497 0.009489218 0.043151248 1.729798794 -0.009601945 0.999950945 0.002405884 -2.266090155 -0.043126311 -0.002817870 0.999065638 86.291557312
0.998632491 0.009179560 0.051467367 1.778051853 -0.009281412 0.999955416 0.001740360 -2.275350094 -0.051449098 -0.002215669 0.998673141 86.854751587
0.998249054 0.009109456 0.058445394 1.825188160 -0.009225575 0.999955893 0.001717249 -2.287965536 -0.058427181 -0.002253434 0.998289049 87.400321960
0.997682452 0.008825760 0.067467697 1.878767490 -0.008939676 0.999958992 0.001386709 -2.302006960 -0.067452684 -0.001986634 0.997720480 87.939346313
0.996978343 0.008768933 0.077184305 1.948800564 -0.008907133 0.999959290 0.001446448 -2.320408821 -0.077168472 -0.002129568 0.997015715 88.467605591
0.996259272 0.008162007 0.086027317 2.013463974 -0.008277427 0.999965250 0.000985058 -2.328768730 -0.086016282 -0.001693458 0.996292293 89.045143127
0.995603025 0.008002528 0.093330771 2.083166122 -0.008117726 0.999966621 0.000854706 -2.345103502 -0.093320809 -0.001608581 0.995634794 89.588935852
0.994634330 0.008265169 0.103122957 2.165206432 -0.008418238 0.999963939 0.001049192 -2.363259315 -0.103110574 -0.001911676 0.994668067 90.126106262
0.993487477 0.007735897 0.113679565 2.253073692 -0.007902536 0.999968171 0.001015275 -2.379051924 -0.113668106 -0.001907019 0.993516922 90.694488525
0.992413521 0.006962385 0.122747511 2.347229004 -0.007084302 0.999974728 0.000556816 -2.391539335 -0.122740515 -0.001422172 0.992437780 91.249526978
0.990945160 0.006933394 0.134088531 2.442600250 -0.007117128 0.999974191 0.000890956 -2.408717871 -0.134078890 -0.001837214 0.990968943 91.787040710
0.989145219 0.006896874 0.146779165 2.543125153 -0.007028370 0.999975324 0.000377276 -2.419939756 -0.146772951 -0.001404799 0.989169180 92.335662842
0.987617850 0.005687366 0.156775579 2.659690857 -0.005761218 0.999983311 0.000016653 -2.428523540 -0.156772897 -0.000919665 0.987634182 92.876945496
0.985766053 0.006189291 0.168008760 2.770859718 -0.006340791 0.999979794 0.000365281 -2.450210333 -0.168003097 -0.001425390 0.985785365 93.445983887
0.983569503 0.005792567 0.180437252 2.895209312 -0.006020593 0.999981582 0.000716096 -2.465953827 -0.180429801 -0.001790669 0.983586192 93.982955933
0.981136620 0.005644962 0.193233132 3.028976440 -0.005828905 0.999982953 0.000383404 -2.485372543 -0.193227634 -0.001502509 0.981152773 94.539749146
0.979074478 0.005072973 0.203439206 3.156640053 -0.005303682 0.999985754 0.000588866 -2.501056910 -0.203433305 -0.001655521 0.979087353 95.073158264
0.976374924 0.004745043 0.216031358 3.311206818 -0.005003897 0.999987245 0.000651279 -2.517907619 -0.216025516 -0.001716891 0.976386189 95.634468079
0.973239720 0.005157394 0.229734376 3.455068588 -0.005512347 0.999984324 0.000903310 -2.531456709 -0.229726136 -0.002145513 0.973252833 96.166183472
0.970861614 0.003037118 0.239621580 3.619798660 -0.003098116 0.999995172 -0.000122112 -2.539889812 -0.239620805 -0.000623822 0.970866323 96.686119080
0.967824399 0.004438360 0.251587391 3.786701202 -0.004708687 0.999988914 0.000472492 -2.575567245 -0.251582474 -0.001641936 0.967834473 97.272888184
0.964249194 0.004609380 0.264956832 3.955034256 -0.004978314 0.999987304 0.000720927 -2.593070984 -0.264950156 -0.002014192 0.964260042 97.787010193
0.960740924 0.003704256 0.277422398 4.141790390 -0.003949311 0.999992251 0.000324552 -2.605556726 -0.277419060 -0.001407438 0.960747898 98.354103088
0.957383096 0.003538438 0.288799256 4.326244354 -0.003820968 0.999992609 0.000414539 -2.623204470 -0.288795620 -0.001500366 0.957389593 98.889205933
0.952989221 0.003566165 0.302982807 4.523031235 -0.003794983 0.999992788 0.000166476 -2.635905027 -0.302980006 -0.001308465 0.952996016 99.426689148
0.948466957 0.002797033 0.316863745 4.728816986 -0.002980109 0.999995530 0.000093145 -2.651121378 -0.316862077 -0.001032633 0.948471069 99.958389282
0.944542587 0.002633928 0.328378648 4.934175491 -0.002667912 0.999996305 -0.000347045 -2.660979033 -0.328378379 -0.000548286 0.944546103 100.478744507
0.939790130 0.002914190 0.341739953 5.141723633 -0.003221702 0.999994636 0.000332266 -2.688743591 -0.341737211 -0.001413245 0.939794481 100.974411011
0.934839249 0.001846113 0.355066359 5.368883133 -0.001897986 0.999998152 -0.000202210 -2.701040268 -0.355066121 -0.000484878 0.934841037 101.492179871
0.930268824 0.000932798 0.366877288 5.585094452 -0.001172756 0.999999225 0.000431156 -2.738112211 -0.366876692 -0.000831348 0.930269241 101.900550842
0.924924374 0.002133836 0.380145133 5.860342026 -0.002346665 0.999997258 0.000096429 -2.736388683 -0.380143851 -0.000981263 0.924926877 102.623168945
0.918916762 0.002277482 0.394444942 6.097145081 -0.002642624 0.999996483 0.000382507 -2.753747463 -0.394442618 -0.001393861 0.918919563 103.124946594
0.913179934 0.002523618 0.407548577 6.370876312 -0.002726341 0.999996305 -0.000083348 -2.767465591 -0.407547206 -0.001035005 0.913183510 103.683036804
0.908398747 0.001400509 0.418102533 6.619930267 -0.001400219 0.999998987 -0.000307463 -2.785129070 -0.418102533 -0.000306136 0.908399820 104.162338257
0.902505517 0.000894951 0.430677414 6.892421722 -0.000910544 0.999999523 -0.000169918 -2.796900511 -0.430677354 -0.000238799 0.902505875 104.699096680
0.895920932 0.000614934 0.444213212 7.157756805 -0.000831290 0.999999583 0.000292284 -2.820525169 -0.444212824 -0.000631134 0.895921111 105.187461853
0.890408158 -0.001682159 0.455160081 7.467670441 0.001782391 0.999998331 0.000208941 -2.838536024 -0.455159754 0.000625230 0.890409589 105.711448669
0.884646595 -0.001571862 0.466259569 7.746711731 0.001486866 0.999998748 0.000550141 -2.856037140 -0.466259867 0.000206585 0.884647787 106.204177856
0.877047479 -0.000212029 0.480403811 8.017791748 -0.000250801 0.999999583 0.000899230 -2.885906696 -0.480403870 -0.000909153 0.877046943 106.622634888
