1.000000000 0.000000000 0.000000000 0.000000000 0.000000000 1.000000000 0.000000000 0.000000000 0.000000000 0.000000000 1.000000000 0.000000000
1.000000000 0.000040622 -0.000024673 0.000500733 -0.000040622 1.000000000 0.000019783 -0.000440968 0.000024674 -0.000019782 1.000000000 0.001325142
1.000000000 0.000070088 0.000011419 0.001095460 -0.000070089 1.000000000 0.000027156 -0.000528071 -0.000011417 -0.000027156 1.000000000 0.001384034
1.000000000 0.000008126 -0.000052536 0.001929894 -0.000008128 1.000000000 -0.000047223 -0.000618759 0.000052535 0.000047223 1.000000000 -0.000273695
1.000000000 -0.000076755 -0.000107134 0.001867009 0.000076761 1.000000000 0.000058942 -0.000726342 0.000107130 -0.000058950 1.000000000 -0.000038013
1.000000000 -0.000066682 -0.000095526 -0.000113652 0.000066680 1.000000000 -0.000017324 0.000988568 0.000095527 0.000017318 1.000000000 0.001794419
1.000000000 -0.000152265 -0.000106200 0.001608841 0.000152276 1.000000000 0.000100063 -0.000683827 0.000106184 -0.000100079 1.000000000 0.000340658
1.000000000 -0.000061858 -0.000034817 0.000272532 0.000061861 1.000000000 0.000075736 -0.001136787 0.000034813 -0.000075738 1.000000000 -0.000974172
1.000000000 0.000021083 -0.000076566 0.001720654 -0.000021078 1.000000000 0.000067274 -0.000685021 0.000076567 -0.000067272 1.000000000 -0.001720837
1.000000000 0.000060354 -0.000002120 0.000168164 -0.000060354 1.000000000 0.000049954 0.000277835 0.000002123 -0.000049954 1.000000000 0.002185549
1.000000000 0.000023343 -0.000014224 0.000401937 -0.000023343 1.000000000 0.000001182 -0.000056626 0.000014224 -0.000001182 1.000000000 0.000618006
1.000000000 -0.000085749 -0.000077699 0.001045310 0.000085757 1.000000000 0.000093981 -0.000718608 0.000077691 -0.000093988 1.000000000 -0.000668869
1.000000000 -0.000061836 -0.000056171 0.000965776 0.000061837 1.000000000 0.000013152 0.000320319 0.000056170 -0.000013155 1.000000000 0.001756558
1.000000000 -0.000180010 -0.000133579 0.001231550 0.000180028 1.000000000 0.000133049 -0.000547235 0.000133555 -0.000133073 1.000000000 -0.000017113
1.000000000 -0.000012590 -0.000103310 0.001832182 0.000012595 1.000000000 0.000052291 -0.000584905 0.000103309 -0.000052292 1.000000000 -0.003686954
1.000000000 -0.000015435 -0.000111488 0.003462082 0.000015446 1.000000000 0.000100782 -0.000667366 0.000111487 -0.000100784 1.000000000 -0.001909413
1.000000000 -0.000051099 -0.000098084 0.003128762 0.000051109 1.000000000 0.000100546 -0.000964507 0.000098079 -0.000100551 1.000000000 -0.001893956
1.000000000 -0.000102280 -0.000112203 0.003513688 0.000102287 1.000000000 0.000058546 -0.000767016 0.000112197 -0.000058558 1.000000000 -0.001315667
1.000000000 0.000032600 -0.000073300 0.002199218 -0.000032591 1.000000000 0.000116474 -0.001149665 0.000073303 -0.000116471 1.000000000 -0.002182286
1.000000000 -0.000080382 -0.000125236 0.003217953 0.000080391 1.000000000 0.000073250 -0.001787974 0.000125230 -0.000073260 1.000000000 -0.003907568
1.000000000 -0.000148835 -0.000117563 0.001776831 0.000148844 1.000000000 0.000075534 0.000096002 0.000117552 -0.000075552 1.000000000 0.001634054
1.000000000 -0.000134321 -0.000094835 0.001522298 0.000134332 1.000000000 0.000113408 -0.001575724 0.000094820 -0.000113421 1.000000000 -0.005283881
1.000000000 0.000012497 -0.000118403 0.003547617 -0.000012483 1.000000000 0.000117766 -0.001062843 0.000118405 -0.000117765 1.000000000 -0.001955960
1.000000000 -0.000087845 -0.000171773 0.003877301 0.000087858 1.000000000 0.000073625 -0.001362380 0.000171767 -0.000073640 1.000000000 -0.002741985
1.000000000 -0.000119027 -0.000140830 0.003096121 0.000119038 1.000000000 0.000080893 -0.001701337 0.000140821 -0.000080909 1.000000000 -0.003540810
1.000000000 -0.000042003 -0.000140208 0.003392551 0.000042012 1.000000000 0.000066854 -0.000270397 0.000140205 -0.000066860 1.000000000 -0.000862381
1.000000000 -0.000062387 -0.000101140 0.003907273 0.000062394 1.000000000 0.000068326 -0.000439203 0.000101136 -0.000068332 1.000000000 -0.001340159
1.000000000 -0.000155691 -0.000180117 0.002736576 0.000155715 1.000000000 0.000136835 -0.000609604 0.000180096 -0.000136863 1.000000000 -0.002974734
1.000000000 -0.000192726 -0.000112384 0.002254143 0.000192736 1.000000000 0.000088563 -0.001569825 0.000112367 -0.000088585 1.000000000 -0.001123389
1.000000000 -0.000077325 -0.000167373 0.004412108 0.000077356 1.000000000 0.000183303 -0.002372776 0.000167359 -0.000183316 0.999999940 -0.004470658
0.999999940 -0.000206269 -0.000188816 0.005257204 0.000206290 1.000000000 0.000114801 -0.001446002 0.000188792 -0.000114840 1.000000000 -0.003062707
1.000000000 -0.000098518 -0.000155281 0.003388790 0.000098530 1.000000000 0.000080119 -0.000264865 0.000155273 -0.000080134 1.000000000 -0.002181160
1.000000000 -0.000070268 -0.000119145 0.003397816 0.000070280 1.000000000 0.000105154 -0.001161564 0.000119138 -0.000105162 1.000000000 -0.003490459
1.000000000 -0.000016248 -0.000108498 0.003314601 0.000016256 1.000000000 0.000077765 -0.000813378 0.000108496 -0.000077766 1.000000000 -0.003254906
1.000000000 -0.000079681 -0.000130156 0.003021065 0.000079694 1.000000000 0.000101684 -0.000634196 0.000130148 -0.000101694 1.000000000 -0.002019892
0.999999940 -0.000208524 -0.000163566 0.003650682 0.000208551 0.999999940 0.000162432 -0.002375668 0.000163532 -0.000162467 1.000000000 -0.004648609
1.000000000 -0.000140188 -0.000174619 0.003242520 0.000140204 1.000000000 0.000090666 -0.000308281 0.000174606 -0.000090690 1.000000000 -0.001268733
1.000000000 -0.000095075 -0.000161560 0.005323994 0.000095103 1.000000000 0.000170501 -0.001277595 0.000161544 -0.000170517 1.000000000 -0.004526258
1.000000000 -0.000141748 -0.000127505 0.002284967 0.000141761 1.000000000 0.000099805 -0.000810074 0.000127490 -0.000099823 1.000000000 -0.002583165
0.999999940 -0.000185165 -0.000194198 0.003518916 0.000185199 0.999999940 0.000174874 -0.001836443 0.000194166 -0.000174910 0.999999940 -0.004600795
1.000000000 -0.000061107 -0.000204428 0.005025528 0.000061118 1.000000000 0.000054104 -0.001574728 0.000204424 -0.000054117 1.000000000 -0.001666607
0.999999940 -0.000268879 -0.000042930 0.002216749 0.000268858 0.999999821 -0.000485892 -0.003094879 0.000043061 0.000485880 0.999999881 0.050417781
1.000000000 0.000058730 -0.000110271 0.004280453 -0.000058853 0.999999404 -0.001115415 -0.005787494 0.000110206 0.001115422 0.999999344 0.137792110
1.000000000 -0.000007220 -0.000003365 0.005237627 0.000007215 0.999998987 -0.001424061 -0.009186432 0.000003376 0.001424061 0.999998987 0.254958451
1.000000000 0.000048791 -0.000016537 0.008486515 -0.000048814 0.999998987 -0.001426450 -0.011894946 0.000016468 0.001426450 0.999998987 0.388354391
1.000000000 0.000061948 -0.000034044 0.010928106 -0.000061988 0.999999285 -0.001173952 -0.016874947 0.000033971 0.001173955 0.999999285 0.527460873
1.000000000 0.000094874 0.000049013 0.015268243 -0.000094825 0.999999523 -0.000987013 -0.023956519 -0.000049107 0.000987008 0.999999523 0.680506825
1.000000000 0.000036213 0.000138740 0.015411703 -0.000036092 0.999999642 -0.000874202 -0.027999636 -0.000138772 0.000874197 0.999999583 0.844813764
0.999999881 0.000434433 0.000266929 0.014015215 -0.000434252 0.999999702 -0.000678825 -0.028475480 -0.000267224 0.000678709 0.999999762 1.020029187
0.999999940 0.000319370 0.000001585 0.025251973 -0.000319369 0.999999821 -0.000543859 -0.036274392 -0.000001759 0.000543858 0.999999881 1.188613057
1.000000000 0.000097326 -0.000216071 0.022049868 -0.000097420 0.999999821 -0.000433409 -0.035334259 0.000216028 0.000433430 0.999999821 1.353967547
0.999999881 0.000214451 -0.000403283 0.026783952 -0.000214638 0.999999821 -0.000464719 -0.038457863 0.000403184 0.000464805 0.999999762 1.545891404
1.000000000 -0.000050940 -0.000168614 0.028291013 0.000050895 0.999999881 -0.000264571 -0.048216756 0.000168628 0.000264562 0.999999881 1.745294452
0.999999881 -0.000337483 -0.000383875 0.035692845 0.000337463 0.999999881 -0.000053252 -0.052739281 0.000383893 0.000053122 0.999999881 1.949919343
0.999999940 0.000264853 0.000052019 0.033843830 -0.000264839 0.999999940 -0.000263791 -0.056974176 -0.000052089 0.000263777 0.999999940 2.166917801
0.999999881 0.000410135 -0.000025323 0.039806284 -0.000410137 0.999999940 -0.000053098 -0.063236035 0.000025301 0.000053108 0.999999940 2.379561901
0.999999821 0.000383321 -0.000052751 0.048510253 -0.000383332 0.999999881 -0.000201999 -0.066714615 0.000052674 0.000202019 0.999999881 2.606953144
0.999999881 0.000429471 0.000117149 0.052535467 -0.000429447 0.999999881 -0.000203936 -0.073049635 -0.000117237 0.000203886 0.999999940 2.839588642
0.999999940 0.000306415 0.000175581 0.054831736 -0.000306500 0.999999762 0.000483574 -0.086543232 -0.000175433 -0.000483628 0.999999881 3.059578419
0.999999940 -0.000223357 -0.000173781 0.067523040 0.000223440 0.999999821 0.000478723 -0.095450990 0.000173674 -0.000478762 0.999999881 3.295485735
0.999999940 0.000108633 0.000060955 0.066631109 -0.000108673 0.999999762 0.000641413 -0.103450276 -0.000060885 -0.000641420 0.999999821 3.546809435
0.999999940 0.000232717 0.000005142 0.074049562 -0.000232720 0.999999762 0.000538504 -0.108514965 -0.000005016 -0.000538505 0.999999881 3.805448294
0.999999940 0.000147664 0.000208414 0.073899381 -0.000147775 0.999999821 0.000533638 -0.120420530 -0.000208335 -0.000533668 0.999999762 4.054502487
0.999999702 0.000655043 0.000367153 0.077916756 -0.000655322 0.999999583 0.000759400 -0.125679031 -0.000366656 -0.000759641 0.999999583 4.314623833
0.999999642 0.000718960 0.000470313 0.081822410 -0.000719289 0.999999523 0.000698360 -0.132021919 -0.000469811 -0.000698698 0.999999642 4.571905613
0.999999821 0.000261063 0.000573650 0.083085738 -0.000261884 0.999998868 0.001432283 -0.153142080 -0.000573276 -0.001432433 0.999998748 4.813819408
0.999999940 -0.000143060 0.000443127 0.088907734 0.000142327 0.999998689 0.001654446 -0.160105228 -0.000443363 -0.001654382 0.999998569 5.070672989
0.999999940 0.000062911 0.000507763 0.094540723 -0.000063625 0.999999046 0.001405895 -0.165160105 -0.000507674 -0.001405927 0.999998868 5.347522259
0.999999821 0.000349025 0.000565748 0.098228067 -0.000349880 0.999998808 0.001511645 -0.176399574 -0.000565219 -0.001511842 0.999998629 5.613938808
0.999999702 0.000650083 0.000479973 0.109562308 -0.000651055 0.999997735 0.002027119 -0.185244158 -0.000478654 -0.002027431 0.999997854 5.843567371
0.999999881 0.000404084 0.000494268 0.112100422 -0.000405074 0.999997914 0.002006456 -0.194668576 -0.000493456 -0.002006656 0.999997914 6.129594803
0.999999881 0.000284752 0.000451756 0.118702486 -0.000285761 0.999997497 0.002234853 -0.204444051 -0.000451118 -0.002234982 0.999997437 6.405426979
0.999999404 0.000561334 0.000856160 0.117470592 -0.000563030 0.999997795 0.001981905 -0.218461558 -0.000855046 -0.001982386 0.999997675 6.704102516
0.999999285 0.000743084 0.000827752 0.120715454 -0.000744833 0.999997437 0.002113774 -0.224658579 -0.000826179 -0.002114389 0.999997437 7.015470505
0.999999762 0.000353198 0.000546344 0.134694368 -0.000354375 0.999997616 0.002155455 -0.236826569 -0.000545581 -0.002155648 0.999997556 7.300221920
0.999999106 0.000906362 0.000976170 0.131887823 -0.000908396 0.999997437 0.002085189 -0.243264407 -0.000974278 -0.002086074 0.999997377 7.624942780
0.999999344 0.000489332 0.001051863 0.140269279 -0.000491737 0.999997258 0.002287149 -0.256806135 -0.001050741 -0.002287666 0.999996841 7.943187237
0.999999702 -0.000193713 0.000687245 0.161052182 0.000191864 0.999996305 0.002688339 -0.278952003 -0.000687764 -0.002688206 0.999996126 8.225207329
0.999999881 -0.000187796 0.000443027 0.180509552 0.000186571 0.999996126 0.002764341 -0.294549376 -0.000443544 -0.002764258 0.999996066 8.530417442
0.999999583 0.000049673 0.000904072 0.171240866 -0.000051890 0.999997020 0.002451507 -0.289156497 -0.000903948 -0.002451553 0.999996543 8.899377823
0.999999583 0.000325262 0.000965966 0.185449541 -0.000327900 0.999996245 0.002732316 -0.307492912 -0.000965074 -0.002732632 0.999995768 9.237960815
0.999999464 -0.000029517 0.001020262 0.183180794 0.000026550 0.999995768 0.002908583 -0.318059504 -0.001020344 -0.002908553 0.999995232 9.544651031
0.999999344 0.000258910 0.001114302 0.191720515 -0.000262322 0.999995291 0.003063161 -0.326088458 -0.001113504 -0.003063452 0.999994695 9.888005257
0.999999344 -0.000019291 0.001138031 0.201076984 0.000015723 0.999995112 0.003134499 -0.340303481 -0.001138086 -0.003134479 0.999994397 10.243416786
0.999999285 0.000240158 0.001185892 0.208746091 -0.000244231 0.999993980 0.003435408 -0.351764798 -0.001185060 -0.003435696 0.999993384 10.612055779
0.999999106 0.000196270 0.001349326 0.215333581 -0.000201211 0.999993205 0.003662494 -0.361742020 -0.001348598 -0.003662762 0.999992430 10.981870651
0.999999285 0.000062793 0.001237013 0.225948244 -0.000067046 0.999994099 0.003438107 -0.369724631 -0.001236789 -0.003438187 0.999993324 11.357902527
0.999998868 0.000208596 0.001450218 0.227110043 -0.000214153 0.999992609 0.003832650 -0.399508417 -0.001449408 -0.003832957 0.999991596 11.722701073
0.999998868 0.000188984 0.001491322 0.236828029 -0.000194992 0.999991834 0.004029727 -0.412273705 -0.001490549 -0.004030013 0.999990761 12.109620094
0.999998569 0.000511497 0.001618559 0.246331036 -0.000518398 0.999990702 0.004266371 -0.419143587 -0.001616362 -0.004267204 0.999989569 12.503937721
0.999999046 -0.000183125 0.001329169 0.261524081 0.000177498 0.999991000 0.004231797 -0.434406430 -0.001329932 -0.004231557 0.999990165 12.862630844
0.999999583 -0.000098449 0.000929482 0.278752476 0.000094622 0.999991477 0.004116389 -0.445965022 -0.000929879 -0.004116299 0.999991059 13.267939568
0.999999285 -0.000513920 0.001120727 0.286396652 0.000509025 0.999990404 0.004363354 -0.458139360 -0.001122958 -0.004362781 0.999989808 13.658616066
0.999997735 0.000107157 0.002091702 0.272846788 -0.000117738 0.999987185 0.005059327 -0.488107383 -0.002091133 -0.005059563 0.999984980 14.071066856
0.999998152 -0.000311925 0.001889163 0.288401902 0.000302328 0.999987006 0.005078404 -0.502016842 -0.001890723 -0.005077823 0.999985278 14.495113373
0.999997556 -0.000588925 0.002110750 0.301110148 0.000577835 0.999986053 0.005251085 -0.514587522 -0.002113813 -0.005249853 0.999983966 14.918565750
0.999997377 -0.000379361 0.002247291 0.315598220 0.000367322 0.999985576 0.005355405 -0.534726143 -0.002249290 -0.005354566 0.999983132 15.348726273
0.999995947 -0.000081693 0.002822404 0.323035955 0.000066094 0.999984741 0.005526535 -0.544021249 -0.002822812 -0.005526328 0.999980748 15.794979095
0.999994695 -0.000048046 0.003218309 0.331399977 0.000028579 0.999981701 0.006048813 -0.557922423 -0.003218541 -0.006048691 0.999976575 16.232311249
0.999994993 0.000040692 0.003156197 0.342313975 -0.000057976 0.999984920 0.005476406 -0.566098094 -0.003155927 -0.005476561 0.999980032 16.677799225
0.999995232 -0.000093943 0.003067615 0.354467332 0.000076940 0.999984562 0.005542283 -0.576655507 -0.003068088 -0.005542022 0.999979913 17.140031815
0.999994218 -0.000530383 0.003348397 0.369428962 0.000509587 0.999980628 0.006208522 -0.591298401 -0.003351625 -0.006206779 0.999975145 17.597145081
0.999992728 0.000073721 0.003789993 0.387581617 -0.000098276 0.999979019 0.006479129 -0.613263965 -0.003789435 -0.006479455 0.999971747 18.041233063
0.999990225 0.000409482 0.004392053 0.396870166 -0.000438069 0.999978721 0.006509758 -0.621491373 -0.004389293 -0.006511617 0.999969065 18.514696121
0.999991953 -0.000106015 0.003994392 0.415933371 0.000080410 0.999979496 0.006409683 -0.636539519 -0.003994989 -0.006409311 0.999971449 18.978858948
0.999992251 -0.000249009 0.003908909 0.430756629 0.000223837 0.999979198 0.006438682 -0.650097549 -0.003910431 -0.006437757 0.999971628 19.452318192
0.999990523 -0.000437038 0.004338488 0.437660277 0.000406730 0.999975502 0.006984389 -0.681990266 -0.004341434 -0.006982557 0.999966204 19.947162628
0.999990761 -0.001044006 0.004180361 0.453513920 0.001014221 0.999974072 0.007120775 -0.693129778 -0.004187688 -0.007116468 0.999965906 20.437099457
0.999992788 -0.000628777 0.003760897 0.463100612 0.000601633 0.999973774 0.007214188 -0.702342689 -0.003765334 -0.007211872 0.999966860 20.937028885
0.999996185 -0.001330464 0.002469893 0.491759330 0.001312217 0.999971926 0.007374596 -0.726125836 -0.002479636 -0.007371326 0.999969780 21.380767822
0.999997497 -0.001316052 0.001828945 0.499183983 0.001303870 0.999977052 0.006646125 -0.735995591 -0.001837649 -0.006643723 0.999976277 21.893896103
0.999996662 -0.001962367 0.001652975 0.511953056 0.001948483 0.999963105 0.008359815 -0.785903394 -0.001669319 -0.008356566 0.999963701 22.427051544
0.999997675 -0.001637388 0.001442578 0.519567251 0.001625581 0.999965489 0.008148019 -0.795432329 -0.001455870 -0.008145656 0.999965787 22.948841095
0.999998391 -0.001563545 0.000823435 0.525718331 0.001556721 0.999964952 0.008224364 -0.813647509 -0.000836265 -0.008223068 0.999965847 23.475553513
0.999994934 -0.003137467 0.000332933 0.519967496 0.003134758 0.999964297 0.007846787 -0.806212783 -0.000357540 -0.007845704 0.999969125 23.918457031
0.999998331 -0.001782771 0.000141035 0.527655840 0.001781640 0.999969125 0.007652436 -0.811823249 -0.000154673 -0.007652173 0.999970734 24.459865570
0.999997973 -0.001761542 -0.001000050 0.538594544 0.001769853 0.999963343 0.008370600 -0.826643229 0.000985268 -0.008372352 0.999964416 24.971933365
0.999998391 -0.001239451 -0.001363771 0.540414929 0.001251433 0.999960363 0.008820298 -0.836635530 0.001352784 -0.008821989 0.999960124 25.514591217
0.999997377 -0.001292230 -0.001865338 0.548597097 0.001308071 0.999962807 0.008516459 -0.849054456 0.001854264 -0.008518876 0.999961972 26.067205429
0.999995828 -0.001954403 -0.002123153 0.563988209 0.001973716 0.999956310 0.009132563 -0.856148839 0.002105212 -0.009136715 0.999956071 26.585374832
0.999992371 -0.002352452 -0.003109157 0.584550083 0.002380702 0.999955654 0.009113743 -0.876731515 0.003087579 -0.009121075 0.999953747 27.146480560
0.999993682 -0.001786343 -0.003057886 0.561163247 0.001815053 0.999954045 0.009412100 -0.903279781 0.003040932 -0.009417592 0.999951005 27.591281891
0.999994874 -0.001118249 -0.002994169 0.563897371 0.001147895 0.999950171 0.009917994 -0.914615333 0.002982929 -0.009921381 0.999946296 28.140539169
0.999989808 -0.001713050 -0.004160354 0.585215211 0.001753262 0.999951601 0.009681175 -0.928689957 0.004143568 -0.009688371 0.999944508 28.687391281
0.999990821 -0.001812098 -0.003873646 0.582678378 0.001851695 0.999945819 0.010243181 -0.949507654 0.003854875 -0.010250262 0.999940038 29.217020035
0.999991715 -0.001474561 -0.003789668 0.581728816 0.001513718 0.999945283 0.010350449 -0.957987905 0.003774198 -0.010356100 0.999939263 29.776998520
0.999991000 -0.001180950 -0.004078952 0.595265806 0.001223566 0.999944508 0.010461219 -0.971371174 0.004066371 -0.010466116 0.999936998 30.325716019
0.999991179 -0.001107539 -0.004029837 0.615268171 0.001148700 0.999947071 0.010226184 -0.977146506 0.004018297 -0.010230722 0.999939620 30.856533051
0.999984682 -0.002013742 -0.005145039 0.639024019 0.002066726 0.999944806 0.010313589 -0.993152261 0.005123985 -0.010324065 0.999933660 31.391265869
0.999986112 -0.001496045 -0.005051987 0.647216320 0.001547041 0.999947727 0.010105401 -1.003289223 0.005036606 -0.010113076 0.999936223 31.943023682
0.999984562 -0.002113763 -0.005137336 0.638422847 0.002169301 0.999939024 0.010829175 -1.034300327 0.005114132 -0.010840152 0.999928117 32.447872162
0.999981344 -0.002157053 -0.005708324 0.649619579 0.002219832 0.999936879 0.011014291 -1.049041629 0.005684205 -0.011026758 0.999922991 32.991588593
0.999981642 -0.001883631 -0.005749328 0.657408118 0.001947404 0.999936402 0.011106949 -1.061680794 0.005728040 -0.011117941 0.999921799 33.518764496
0.999984324 -0.001764232 -0.005304000 0.660062671 0.001824726 0.999933183 0.011422236 -1.069337249 0.005283493 -0.011431734 0.999920726 34.075962067
0.999978721 -0.002482495 -0.006029995 0.680767775 0.002553727 0.999926686 0.011834034 -1.086206794 0.006000175 -0.011849179 0.999911785 34.628337860
0.999983132 -0.001620513 -0.005576604 0.651213646 0.001684164 0.999933302 0.011428227 -1.089632273 0.005557712 -0.011437426 0.999919176 35.127567291
0.999984026 -0.001163427 -0.005519384 0.640491903 0.001230658 0.999924898 0.012193267 -1.129683852 0.005504783 -0.012199866 0.999910414 35.642307281
0.999983251 -0.000872080 -0.005711990 0.654218316 0.000943381 0.999921560 0.012491930 -1.143440485 0.005700649 -0.012497111 0.999905646 36.180484772
0.999980628 -0.001152443 -0.006107925 0.677489936 0.001222432 0.999933481 0.011467574 -1.123585105 0.006094304 -0.011474819 0.999915600 36.779071808
0.999981582 -0.000853993 -0.006005741 0.686041594 0.000924353 0.999930859 0.011722479 -1.140053391 0.005995314 -0.011727814 0.999913275 37.323032379
0.999978840 -0.001066137 -0.006413909 0.704127669 0.001142708 0.999927998 0.011946643 -1.154774785 0.006400710 -0.011953720 0.999908030 37.892852783
0.999977529 -0.000883706 -0.006638777 0.697124124 0.000963686 0.999926925 0.012053847 -1.164245129 0.006627639 -0.012059976 0.999905348 38.417102814
0.999976814 -0.000285993 -0.006791223 0.692718923 0.000367148 0.999928474 0.011951784 -1.176270127 0.006787319 -0.011954002 0.999905586 38.891777039
0.999973774 -0.000907560 -0.007183922 0.712911904 0.000991833 0.999930561 0.011735867 -1.184213281 0.007172772 -0.011742683 0.999905348 39.350475311
0.999975324 -0.000675772 -0.006989371 0.720329702 0.000757917 0.999930561 0.011756950 -1.196908355 0.006980941 -0.011761957 0.999906480 39.882671356
0.999976754 -0.000728203 -0.006778881 0.727152467 0.000807195 0.999931693 0.011657190 -1.208501816 0.006769929 -0.011662388 0.999909103 40.445262909
0.999977529 -0.000610176 -0.006658249 0.734777808 0.000690192 0.999927521 0.012021970 -1.215979099 0.006650429 -0.012026295 0.999905586 40.993846893
0.999975085 -0.000267453 -0.007055488 0.750394583 0.000349771 0.999931872 0.011668566 -1.227196932 0.007051886 -0.011670742 0.999907076 41.531517029
0.999965847 -0.001728731 -0.008078686 0.789778948 0.001829161 0.999920905 0.012440581 -1.301041603 0.008056541 -0.012454936 0.999889970 42.012016296
0.999965429 -0.001672934 -0.008141614 0.802579641 0.001772467 0.999923587 0.012233362 -1.309647322 0.008120526 -0.012247369 0.999892056 42.555999756
0.999962807 -0.002240755 -0.008322450 0.815045774 0.002346469 0.999916434 0.012714276 -1.325734854 0.008293266 -0.012733334 0.999884546 43.102069855
0.999967754 -0.001782786 -0.007830703 0.771387458 0.001878511 0.999923408 0.012234033 -1.314356446 0.007808293 -0.012248349 0.999894440 43.598403931
0.999964774 -0.001539076 -0.008247021 0.820335031 0.001635434 0.999930263 0.011689967 -1.319821239 0.008228454 -0.011703040 0.999897599 44.180484772
0.999964952 -0.001292803 -0.008269697 0.824504972 0.001388128 0.999932528 0.011531735 -1.331361771 0.008254231 -0.011542809 0.999899268 44.727367401
0.999968469 -0.001295922 -0.007833583 0.798207581 0.001394706 0.999919355 0.012618062 -1.372007847 0.007816602 -0.012628591 0.999889731 45.219547272
0.999959707 -0.001761898 -0.008796551 0.846653283 0.001863993 0.999930799 0.011611570 -1.338185072 0.008775485 -0.011627497 0.999893844 45.796958923
0.999963045 -0.001617502 -0.008441105 0.848254204 0.001714993 0.999931693 0.011555134 -1.347948194 0.008421838 -0.011569182 0.999897599 46.369586945
0.999965310 -0.001733937 -0.008138984 0.813627839 0.001843740 0.999907196 0.013502909 -1.416988373 0.008114815 -0.013517449 0.999875724 46.881641388
0.999964952 -0.001121741 -0.008291542 0.826662362 0.001225985 0.999920130 0.012578058 -1.404926062 0.008276769 -0.012587783 0.999886513 47.385570526
0.999968052 -0.001150034 -0.007907561 0.851175964 0.001248878 0.999921024 0.012506371 -1.393645525 0.007892554 -0.012515846 0.999890566 47.910202026
0.999958396 -0.002498024 -0.008774702 0.833044052 0.002608779 0.999916792 0.012633380 -1.436014175 0.008742413 -0.012655747 0.999881625 48.492187500
0.999963462 -0.001334072 -0.008445045 0.826653600 0.001441115 0.999918461 0.012681892 -1.450618863 0.008427438 -0.012693600 0.999883890 49.040252686
0.999963343 -0.001178038 -0.008473579 0.827830791 0.001288929 0.999913394 0.013093169 -1.463105202 0.008457420 -0.013103613 0.999878347 49.580757141
0.999960303 -0.001634890 -0.008775489 0.859719157 0.001747452 0.999916136 0.012834565 -1.471265674 0.008753771 -0.012849389 0.999879122 50.123626709
0.999966204 -0.001410077 -0.008096428 0.832709312 0.001511406 0.999920368 0.012522717 -1.471325874 0.008078126 -0.012534532 0.999888778 50.676174164
0.999961495 -0.001544484 -0.008635285 0.851005435 0.001656882 0.999913752 0.013024133 -1.493947029 0.008614426 -0.013037942 0.999877870 51.243492126
0.999966621 -0.001039440 -0.008106440 0.834079623 0.001142801 0.999917984 0.012756296 -1.509988189 0.008092516 -0.012765137 0.999885798 51.779651642
0.999966025 -0.001378667 -0.008117334 0.823648214 0.001487264 0.999909282 0.013387599 -1.534694552 0.008098140 -0.013399218 0.999877393 52.273471832
0.999967813 -0.000960325 -0.007960129 0.830318928 0.001065201 0.999912500 0.013181419 -1.541976810 0.007946774 -0.013189474 0.999881446 52.819042206
0.999966860 -0.001137958 -0.008075159 0.835902154 0.001243373 0.999913871 0.013061190 -1.543416858 0.008059602 -0.013070798 0.999882102 53.391834259
0.999964058 -0.001257814 -0.008389015 0.841923952 0.001363414 0.999919713 0.012594063 -1.548136473 0.008372501 -0.012605046 0.999885559 53.945205688
0.999970615 -0.000417279 -0.007656004 0.842673182 0.000518559 0.999912322 0.013231653 -1.564005136 0.007649812 -0.013235237 0.999883115 54.415695190
0.999971449 -0.000513117 -0.007538194 0.848264515 0.000612546 0.999912739 0.013193679 -1.569415808 0.007530766 -0.013197918 0.999884546 54.953823090
0.999971807 -0.000261112 -0.007502409 0.851046443 0.000359343 0.999914229 0.013094929 -1.574956179 0.007498346 -0.013097254 0.999886096 55.500125885
0.999973714 -0.000223519 -0.007249261 0.862474620 0.000320098 0.999911129 0.013324174 -1.588641882 0.007245640 -0.013326143 0.999884963 56.052646637
0.999967337 -0.001365546 -0.007969478 0.869550347 0.001474174 0.999905825 0.013640635 -1.598592281 0.007950101 -0.013651938 0.999875188 56.542255402
0.999969304 -0.000743683 -0.007799637 0.878004313 0.000845162 0.999914944 0.013015575 -1.587996483 0.007789293 -0.013021766 0.999884844 57.173259735
0.999970496 -0.001116546 -0.007603170 0.876960874 0.001219700 0.999907017 0.013576122 -1.623750210 0.007587306 -0.013584996 0.999878943 57.576618195
0.999966204 -0.000971559 -0.008169536 0.883507609 0.001082190 0.999907672 0.013548353 -1.619807005 0.008155619 -0.013556736 0.999874771 58.191268921
0.999968469 -0.001275693 -0.007850014 0.900863826 0.001379687 0.999911189 0.013256468 -1.635203362 0.007832405 -0.013266878 0.999881268 58.628688812
0.999973476 -0.000721706 -0.007248483 0.901142478 0.000821815 0.999904156 0.013817634 -1.648580074 0.007237817 -0.013823225 0.999878228 59.191818237
0.999971330 -0.000558517 -0.007566739 0.922683597 0.000660263 0.999909341 0.013450617 -1.654274940 0.007558541 -0.013455225 0.999880910 59.716838837
0.999976397 -0.000532328 -0.006856230 0.919457197 0.000620988 0.999916196 0.012935705 -1.655959129 0.006848769 -0.012939658 0.999892831 60.261672974
0.999977231 0.000512733 -0.006730116 0.943312109 -0.000422871 0.999910772 0.013346828 -1.667714119 0.006736359 -0.013343675 0.999888301 60.826061249
0.999969363 -0.000981764 -0.007768934 0.957648695 0.001088058 0.999905705 0.013689503 -1.681998491 0.007754761 -0.013697535 0.999876082 61.349910736
0.999971747 -0.000631320 -0.007500652 0.971497238 0.000736617 0.999901116 0.014043929 -1.706121206 0.007491044 -0.014049055 0.999873281 61.866977692
0.999972105 -0.000271756 -0.007466068 0.977108002 0.000375126 0.999904037 0.013847403 -1.716158152 0.007461589 -0.013849816 0.999876261 62.369583130
0.999965489 -0.000794998 -0.008265508 1.035274506 0.000906460 0.999908626 0.013490251 -1.688647151 0.008254028 -0.013497277 0.999874890 62.932624817
0.999968350 -0.000639979 -0.007929733 1.014832735 0.000755405 0.999893606 0.014561768 -1.774356961 0.007919570 -0.014567296 0.999862552 63.385391235
0.999963701 -0.001073328 -0.008458474 1.026995182 0.001197781 0.999890864 0.014722141 -1.778818846 0.008441750 -0.014731737 0.999855816 63.936729431
0.999964654 -0.000874293 -0.008371163 1.035819292 0.000993562 0.999897838 0.014254051 -1.787196040 0.008357846 -0.014261862 0.999863386 64.479507446
0.999967873 -0.000910614 -0.007965386 1.030825734 0.001027156 0.999892235 0.014639278 -1.786899567 0.007951197 -0.014646987 0.999861062 64.904563904
0.999966025 -0.000950971 -0.008188622 1.046081066 0.001061918 0.999907494 0.013555270 -1.780591130 0.008174974 -0.013563504 0.999874532 65.593551636
0.999967635 -0.000660418 -0.008024049 1.044966698 0.000774836 0.999897897 0.014264689 -1.802364230 0.008013809 -0.014270443 0.999866009 65.995101929
0.999969363 -0.000796709 -0.007793451 1.072417140 0.000912708 0.999888599 0.014891926 -1.826424360 0.007780718 -0.014898581 0.999858677 66.494674683
0.999966919 -0.000913780 -0.008084435 1.082837939 0.001029401 0.999897063 0.014309132 -1.824169517 0.008070527 -0.014316980 0.999864876 67.031188965
0.999967456 -0.001265653 -0.007983916 1.068197608 0.001383843 0.999889314 0.014815395 -1.825705767 0.007964280 -0.014825958 0.999858320 67.616485596
0.999966145 -0.001212769 -0.008140783 1.044076562 0.001334837 0.999886513 0.015006050 -1.842454195 0.008121663 -0.015016410 0.999854207 67.861137390
0.999964535 -0.001207346 -0.008340954 1.051432610 0.001329840 0.999891162 0.014695900 -1.849994540 0.008322304 -0.014706472 0.999857247 68.404693604
0.999965489 -0.001521403 -0.008178342 1.063243151 0.001643134 0.999887645 0.014898508 -1.852477312 0.008154757 -0.014911432 0.999855518 68.948066711
0.999963224 -0.001708504 -0.008404818 1.076721430 0.001832002 0.999890149 0.014708047 -1.862151861 0.008378766 -0.014722904 0.999856532 69.507965088
0.999970317 -0.000881531 -0.007643885 1.059880853 0.000997832 0.999883592 0.015224477 -1.877505302 0.007629574 -0.015231653 0.999854863 69.909034729
0.999967873 -0.000842206 -0.007975391 1.069391012 0.000965354 0.999880135 0.015449736 -1.885667562 0.007961423 -0.015456939 0.999848783 70.457656860
0.999969125 -0.000573927 -0.007832821 1.078133702 0.000692556 0.999885023 0.015150779 -1.889508128 0.007823223 -0.015155736 0.999854505 71.008399963
0.999972224 -0.000275087 -0.007450199 1.052563429 0.000390262 0.999880373 0.015462156 -1.909704566 0.007445054 -0.015464634 0.999852717 71.458724976
0.999965191 -0.001182686 -0.008262518 1.103343487 0.001301139 0.999896228 0.014345632 -1.881720781 0.008244693 -0.014355883 0.999862909 72.104507446
0.999970794 -0.000895407 -0.007590541 1.055643082 0.001014160 0.999876916 0.015655421 -1.917685032 0.007575588 -0.015662661 0.999848664 72.519409180
0.999972641 -0.000972609 -0.007342326 1.058923602 0.001086753 0.999878407 0.015558153 -1.922209740 0.007326301 -0.015565705 0.999852002 73.056694031
0.999970376 -0.000795260 -0.007654252 1.067514181 0.000914781 0.999877632 0.015624139 -1.934240580 0.007640891 -0.015630681 0.999848664 73.551307678
0.999969006 -0.001241722 -0.007777569 1.074650288 0.001356850 0.999889314 0.014814828 -1.923105478 0.007758312 -0.014824920 0.999859989 74.144187927
0.999964893 -0.001399337 -0.008259350 1.107965231 0.001532367 0.999868870 0.016122287 -1.967884779 0.008235707 -0.016134378 0.999835908 74.553604126
0.999973536 0.000019036 -0.007263636 1.111625671 0.000092922 0.999881208 0.015412853 -1.963274002 0.007263068 -0.015413121 0.999854803 75.256034851
0.999967575 -0.000609845 -0.008038789 1.128840208 0.000731987 0.999884129 0.015199859 -1.953057051 0.008028588 -0.015205247 0.999852180 75.680099487
0.999969721 0.000235371 -0.007768831 1.127419710 -0.000114813 0.999879658 0.015514961 -1.980109692 0.007771549 -0.015513599 0.999849439 76.362274170
0.999973297 -0.000532002 -0.007291451 1.126983404 0.000644392 0.999880910 0.015420176 -1.981390119 0.007282379 -0.015424463 0.999854505 76.978149414
0.999975026 0.000089458 -0.007066819 1.132731557 0.000017902 0.999884605 0.015190576 -1.976721406 0.007067362 -0.015190325 0.999859571 77.468345642
0.999975741 -0.000184861 -0.006963339 1.156229496 0.000291738 0.999882102 0.015350774 -1.992341161 0.006959680 -0.015352433 0.999857903 78.082000732
0.999975502 -0.000036106 -0.007003033 1.163860321 0.000142126 0.999885321 0.015139345 -2.000585556 0.007001684 -0.015139970 0.999860883 78.647239685
0.999974608 -0.001036349 -0.007051555 1.175105095 0.001143463 0.999883771 0.015203142 -2.005094767 0.007034979 -0.015210820 0.999859571 79.220718384
0.999984801 0.000041717 -0.005512931 1.181069613 0.000041408 0.999886334 0.015077221 -2.008081913 0.005512934 -0.015077220 0.999871075 79.786697388
0.999991596 -0.000240421 -0.004097177 1.184293985 0.000302137 0.999886334 0.015069013 -2.026679516 0.004093090 -0.015070127 0.999878049 80.338737488
0.999996603 0.000065668 -0.002586610 1.197843671 -0.000027006 0.999888241 0.014944397 -2.026144505 0.002587303 -0.014944276 0.999884963 80.844009399
0.999998927 0.000530949 0.001328759 1.206916094 -0.000550344 0.999892652 0.014638789 -2.031361103 -0.001320844 -0.014639504 0.999891937 81.383712769
0.999989390 -0.000240383 0.004597778 1.235253572 0.000171492 0.999887764 0.014978054 -2.043077469 -0.004600863 -0.014977107 0.999877214 81.994895935
0.999965847 0.000209956 0.008261643 1.255628347 -0.000333742 0.999887586 0.014984658 -2.045319080 -0.008257570 -0.014986902 0.999853611 82.490562439
0.999920666 0.000097714 0.012594234 1.274541616 -0.000285946 0.999888301 0.014944908 -2.063378334 -0.012591368 -0.014947323 0.999808967 83.078575134
0.999822795 0.000038067 0.018824840 1.300618887 -0.000318160 0.999889255 0.014876161 -2.073791504 -0.018822189 -0.014879513 0.999712110 83.658554077
0.999698937 0.000258374 0.024534257 1.330254555 -0.000618969 0.999891877 0.014691195 -2.080377340 -0.024527807 -0.014701959 0.999590993 84.212837219
0.999545455 0.000122914 0.030147949 1.369498730 -0.000571643 0.999889195 0.014876090 -2.092636824 -0.030142777 -0.014886562 0.999434769 84.719795227
0.999295652 -0.000397465 0.037524670 1.408082604 -0.000136241 0.999898851 0.014219167 -2.085599899 -0.037526529 -0.014214261 0.999194562 85.315727234
0.998953760 -0.000489951 0.045728114 1.452883482 -0.000169944 0.999895930 0.014425832 -2.096209049 -0.045730419 -0.014418511 0.998849750 85.879768372
0.998600483 -0.000028160 0.052886385 1.489993095 -0.000745471 0.999893010 0.014608377 -2.108138800 -0.052881129 -0.014627356 0.998493671 86.437011719
0.998122752 -0.000478514 0.061245032 1.540092707 -0.000395188 0.999898374 0.014252781 -2.119013786 -0.061245631 -0.014250228 0.998021007 86.945266724
0.997422874 -0.000677745 0.071745150 1.601185799 -0.000356197 0.999896228 0.014397542 -2.129645586 -0.071747482 -0.014385990 0.997319043 87.489585876
0.996762514 -0.000232628 0.080401741 1.679163933 -0.000949267 0.999892056 0.014661340 -2.141130924 -0.080396473 -0.014690196 0.996654689 88.043075562
0.996080577 -0.000458357 0.088450447 1.731193542 -0.000815408 0.999896526 0.014364211 -2.139749527 -0.088447876 -0.014380034 0.995976925 88.589057922
0.995099247 -0.000502622 0.098880351 1.805579185 -0.000911020 0.999898076 0.014250811 -2.145397663 -0.098877445 -0.014271053 0.994997263 89.123847961
0.993972301 -0.001139967 0.109625429 1.901848316 -0.000469877 0.999892473 0.014657995 -2.175687790 -0.109630346 -0.014621151 0.993864894 89.722129822
0.992934346 -0.001175630 0.118659332 1.994362831 -0.000586679 0.999890089 0.014815817 -2.180719376 -0.118663706 -0.014780746 0.992824495 90.280410767
0.991595805 -0.001539742 0.129365474 2.089799881 -0.000377250 0.999890566 0.014792605 -2.185979843 -0.129374087 -0.014717087 0.991486669 90.824523926
0.989867508 -0.001405977 0.141987026 2.184426308 -0.000733471 0.999886990 0.015014451 -2.199368954 -0.141992092 -0.014966461 0.989754617 91.374015808
0.988272071 -0.001957718 0.152690411 2.302225113 -0.000267592 0.999894083 0.014552086 -2.206146240 -0.152702719 -0.014422280 0.988166928 91.930305481
0.986613154 -0.002629389 0.163056761 2.421582222 0.000231650 0.999891579 0.014722208 -2.218238592 -0.163077787 -0.014487352 0.986506820 92.471824646
0.984429717 -0.003084272 0.175751239 2.545158386 0.000532922 0.999893844 0.014562169 -2.224600077 -0.175777495 -0.014241772 0.984326899 93.008964539
0.982092679 -0.003023885 0.188374147 2.669409752 0.000279126 0.999893367 0.014595609 -2.231929302 -0.188398167 -0.014281662 0.981988907 93.574234009
0.980141759 -0.003224364 0.198271677 2.801217079 0.000317997 0.999892056 0.014688606 -2.239944458 -0.198297635 -0.014333867 0.980037153 94.110160828
0.977313936 -0.003518344 0.211766601 2.931726456 0.000413448 0.999891758 0.014704375 -2.245733738 -0.211795360 -0.014283236 0.977209628 94.653968811
0.974416435 -0.003772557 0.224718258 3.089071274 0.000432019 0.999888718 0.014912765 -2.254862309 -0.224749520 -0.014434162 0.974309683 95.199119568
0.971711695 -0.004157843 0.236133635 3.236295700 0.000647176 0.999888122 0.014942845 -2.261450529 -0.236169353 -0.014367317 0.971605718 95.740425110
0.968786657 -0.005151024 0.247842565 3.394451141 0.001551283 0.999890387 0.014717397 -2.263462543 -0.247891232 -0.013873543 0.968688607 96.267807007
0.964989007 -0.004468054 0.262252182 3.569726944 0.000623960 0.999891162 0.014739448 -2.271395206 -0.262289524 -0.014059771 0.964886785 96.825912476
0.961626470 -0.004559188 0.274324536 3.757247925 0.000531574 0.999890983 0.014754479 -2.277857780 -0.274361938 -0.014042472 0.961523950 97.378623962
0.958294690 -0.004899654 0.285739779 3.937038422 0.000720598 0.999891222 0.014728702 -2.282449484 -0.285780787 -0.013908532 0.958194077 97.921371460
0.954185069 -0.005926311 0.299158126 4.140237808 0.001524588 0.999887168 0.014944952 -2.291838408 -0.299212903 -0.013804157 0.954086483 98.450050354
0.949684918 -0.006337583 0.313142806 4.336763382 0.001758297 0.999887407 0.014903875 -2.293810844 -0.313201994 -0.013603387 0.949589074 98.972045898
0.945945799 -0.006271400 0.324263990 4.533548355 0.001455036 0.999885023 0.015093544 -2.305550337 -0.324321359 -0.013805861 0.945846140 99.486793518
0.941424072 -0.006705420 0.337158382 4.746593475 0.001652598 0.999882042 0.015271258 -2.314496994 -0.337221056 -0.013819542 0.941324055 100.009674072
0.936274886 -0.006880844 0.351200581 4.967412949 0.001597651 0.999881148 0.015330802 -2.322172642 -0.351264298 -0.013792749 0.936174750 100.517860413
0.931552887 -0.007616866 0.363525838 5.191017151 0.002141000 0.999878109 0.015463780 -2.323246002 -0.363599300 -0.013627021 0.931455731 101.051155090
0.927248716 -0.008014736 0.374360293 5.415607452 0.002527622 0.999882042 0.015145991 -2.326366901 -0.374437541 -0.013097858 0.927159607 101.564971924
0.921845853 -0.008104915 0.387471825 5.652713776 0.002589397 0.999887764 0.014754569 -2.322234869 -0.387547970 -0.012598121 0.921763480 102.067459106
0.916010499 -0.007843943 0.401077598 5.902530670 0.002026303 0.999886513 0.014927139 -2.325762272 -0.401149154 -0.012860710 0.915922463 102.592559814
0.911322594 -0.008658124 0.411601901 6.158386230 0.002738895 0.999884248 0.014968603 -2.336641788 -0.411683798 -0.012513891 0.911240816 103.080871582
0.905016065 -0.009326583 0.425275058 6.447269440 0.003440331 0.999887407 0.014606962 -2.335626125 -0.425363481 -0.011756448 0.904946208 103.601013184
0.897835016 -0.009110577 0.440237820 6.683769226 0.002735935 0.999882102 0.015112482 -2.351076603 -0.440323532 -0.012364054 0.897754014 104.070907593
0.892152786 -0.010508478 0.451611549 6.987960815 0.004314681 0.999882042 0.014742503 -2.342473269 -0.451713115 -0.011204004 0.892092884 104.602592468
0.886643589 -0.010878745 0.462325364 7.267421722 0.004676743 0.999882996 0.014558727 -2.345302582 -0.462429762 -0.010746224 0.886590838 105.086418152
0.879520535 -0.011374435 0.475725025 7.559520721 0.005236722 0.999885023 0.014225287 -2.348919392 -0.475832134 -0.010020193 0.879478931 105.574829102
