1.000000000 0.000000000 0.000000000 0.000000000 0.000000000 1.000000000 0.000000000 0.000000000 0.000000000 0.000000000 1.000000000 0.000000000
1.000000000 0.000059268 -0.000054541 0.000126465 -0.000059273 1.000000000 -0.000102341 0.000431076 0.000054535 0.000102344 1.000000000 -0.000876540
1.000000000 0.000120708 -0.000022855 0.000442934 -0.000120707 1.000000000 0.000039346 -0.000379355 0.000022860 -0.000039343 1.000000000 -0.001270428
1.000000000 0.000060235 -0.000061673 0.000525940 -0.000060231 1.000000000 0.000061402 -0.000352902 0.000061677 -0.000061398 1.000000000 -0.002283342
1.000000000 0.000027887 -0.000024257 0.000152372 -0.000027889 1.000000000 -0.000074743 0.000741889 0.000024255 0.000074744 1.000000000 0.001097799
1.000000000 0.000081201 -0.000043426 0.001156404 -0.000081203 1.000000000 -0.000046479 0.000052578 0.000043422 0.000046483 1.000000000 -0.000299897
1.000000000 0.000125735 0.000020801 0.000457498 -0.000125732 1.000000000 -0.000114020 0.000384263 -0.000020815 0.000114017 1.000000000 -0.000981377
1.000000000 -0.000092462 0.000019222 0.000785048 0.000092463 1.000000000 -0.000017078 0.000159419 -0.000019220 0.000017080 1.000000000 -0.000690237
1.000000000 -0.000156920 -0.000004811 0.000855473 0.000156919 1.000000000 -0.000137768 0.001726071 0.000004832 0.000137768 1.000000000 0.001391395
1.000000000 0.000063842 -0.000050013 0.001405089 -0.000063840 1.000000000 0.000055489 -0.000258507 0.000050017 -0.000055486 1.000000000 -0.000134133
1.000000000 -0.000012802 -0.000039555 0.001702315 0.000012799 1.000000000 -0.000071980 0.000827486 0.000039556 0.000071979 1.000000000 -0.000240916
1.000000000 -0.000015321 -0.000027186 0.000179670 0.000015321 1.000000000 0.000021422 0.000097121 0.000027185 -0.000021423 1.000000000 0.000213433
1.000000000 -0.000121750 -0.000137138 0.001883929 0.000121771 1.000000000 0.000152583 -0.000967355 0.000137119 -0.000152600 1.000000000 -0.000667557
1.000000000 -0.000112845 -0.000116834 0.001735383 0.000112857 1.000000000 0.000103528 -0.000803315 0.000116823 -0.000103541 1.000000000 -0.000757799
0.999999940 -0.000226398 -0.000116715 0.000955203 0.000226407 1.000000000 0.000076186 -0.000775052 0.000116698 -0.000076213 1.000000000 -0.000855767
1.000000000 0.000138079 0.000117234 0.000355923 -0.000138085 1.000000000 0.000058585 0.000137841 -0.000117226 -0.000058602 1.000000000 0.000634153
1.000000000 0.000017234 -0.000047684 0.000651459 -0.000017235 1.000000000 -0.000023444 0.000795180 0.000047684 0.000023445 1.000000000 0.001223255
1.000000000 0.000007844 -0.000037697 0.000936279 -0.000007847 1.000000000 -0.000088945 0.001074277 0.000037697 0.000088945 1.000000000 0.000430758
1.000000000 0.000038740 0.000110231 -0.000136995 -0.000038739 1.000000000 -0.000013934 0.000429149 -0.000110231 0.000013929 1.000000000 0.000698582
1.000000000 0.000108831 0.000069902 0.000400930 -0.000108824 1.000000000 -0.000097806 0.000591045 -0.000069913 0.000097798 1.000000000 -0.000157403
1.000000000 -0.000070999 -0.000115305 0.001172621 0.000071005 1.000000000 0.000047372 -0.000059621 0.000115302 -0.000047381 1.000000000 0.000090002
0.999999940 -0.000341858 0.000029186 0.001295947 0.000341857 0.999999940 0.000042560 -0.000469696 -0.000029201 -0.000042550 1.000000000 -0.000336202
1.000000000 -0.000024734 0.000148461 -0.000064908 0.000024735 1.000000000 -0.000008143 0.001613248 -0.000148460 0.000008146 1.000000000 -0.000052993
1.000000000 0.000007682 0.000032992 0.001275614 -0.000007683 1.000000000 0.000046886 0.000141868 -0.000032992 -0.000046886 1.000000000 -0.000841291
1.000000000 0.000162135 0.000045118 0.000800594 -0.000162134 1.000000000 -0.000029059 0.000171013 -0.000045123 0.000029052 1.000000000 -0.001809793
1.000000000 -0.000024045 -0.000109152 0.001822083 0.000024027 1.000000000 -0.000159922 0.001136421 0.000109156 0.000159919 1.000000000 -0.001031828
1.000000000 0.000053611 0.000008501 -0.000052907 -0.000053610 1.000000000 -0.000130330 0.001080069 -0.000008508 0.000130330 1.000000000 0.000536325
1.000000000 -0.000045784 0.000064089 -0.000808326 0.000045784 1.000000000 0.000006675 0.001410894 -0.000064090 -0.000006672 1.000000000 0.001758643
1.000000000 0.000147312 0.000069041 0.000210746 -0.000147310 1.000000000 -0.000039620 0.001340159 -0.000069047 0.000039610 1.000000000 0.000534831
1.000000000 0.000084549 0.000090147 0.000473254 -0.000084549 1.000000000 -0.000000284 0.000119131 -0.000090147 0.000000277 1.000000000 -0.001835589
1.000000000 0.000093247 0.000111069 -0.000125018 -0.000093256 1.000000000 0.000080950 -0.000400884 -0.000111061 -0.000080960 1.000000000 -0.001069056
1.000000000 0.000016859 0.000059421 0.001094471 -0.000016858 1.000000000 -0.000010845 0.000189688 -0.000059421 0.000010844 1.000000000 -0.000658712
1.000000000 -0.000047900 0.000070439 0.000361573 0.000047901 1.000000000 -0.000011629 0.000763167 -0.000070438 0.000011632 1.000000000 0.000874392
1.000000000 0.000166077 0.000099730 0.000499551 -0.000166085 1.000000000 0.000079119 -0.000104880 -0.000099717 -0.000079136 1.000000000 -0.000395133
1.000000000 0.000147523 0.000027345 0.000443756 -0.000147521 1.000000000 -0.000069767 0.001423518 -0.000027355 0.000069763 1.000000000 -0.000843464
1.000000000 -0.000129100 0.000036020 -0.000272262 0.000129105 1.000000000 -0.000126553 0.002442058 -0.000036004 0.000126558 1.000000000 0.002709112
1.000000000 -0.000000389 0.000036752 0.000691802 0.000000387 1.000000000 0.000071245 0.000336235 -0.000036752 -0.000071245 1.000000000 -0.000607267
1.000000000 -0.000079164 0.000006818 0.000674786 0.000079164 1.000000000 0.000062906 0.000595738 -0.000006823 -0.000062906 1.000000000 0.000235125
0.999999940 0.000056671 0.000270932 -0.000724023 -0.000056668 1.000000000 -0.000013091 0.000959875 -0.000270932 0.000013076 0.999999940 0.002358383
0.999999881 -0.000434843 0.000176046 0.001026074 0.000434963 0.999999702 -0.000680283 -0.001782874 -0.000175750 0.000680359 0.999999762 0.051103923
1.000000000 0.000041167 0.000189465 0.001066298 -0.000040944 0.999999285 -0.001173747 -0.006305204 -0.000189513 0.001173740 0.999999285 0.132024556
0.999999940 0.000372834 -0.000098830 0.005204995 -0.000372976 0.999998868 -0.001438602 -0.006567564 0.000098294 0.001438639 0.999998987 0.250679046
0.999999940 0.000255164 0.000061452 0.005906634 -0.000255096 0.999999344 -0.001096568 -0.014439948 -0.000061732 0.001096552 0.999999404 0.379698098
1.000000000 0.000108600 0.000090225 0.008524337 -0.000108500 0.999999404 -0.001102488 -0.016218044 -0.000090345 0.001102478 0.999999404 0.525178134
0.999999940 0.000207718 0.000154393 0.012646941 -0.000207519 0.999999166 -0.001291456 -0.019572942 -0.000154661 0.001291424 0.999999166 0.675455511
1.000000000 -0.000032971 0.000152905 0.018844416 0.000033148 0.999999344 -0.001160245 -0.023983413 -0.000152867 0.001160250 0.999999344 0.838149786
0.999999940 0.000055984 0.000335530 0.015892826 -0.000055675 0.999999583 -0.000922650 -0.026811866 -0.000335581 0.000922631 0.999999523 1.013548970
0.999999821 0.000389088 0.000423350 0.021358440 -0.000388832 0.999999762 -0.000605379 -0.036005624 -0.000423586 0.000605214 0.999999702 1.181496501
0.999999583 0.000647120 0.000626738 0.017771954 -0.000646640 0.999999523 -0.000766507 -0.039063606 -0.000627234 0.000766102 0.999999523 1.364778757
1.000000000 -0.000114676 0.000087864 0.035326894 0.000114704 0.999999940 -0.000322012 -0.052576363 -0.000087827 0.000322022 0.999999940 1.558166623
0.999999762 0.000602806 0.000365113 0.031836580 -0.000602583 0.999999642 -0.000608935 -0.048942424 -0.000365480 0.000608715 0.999999762 1.760087967
0.999999940 0.000212692 -0.000253093 0.043731298 -0.000212801 0.999999881 -0.000431001 -0.055409960 0.000253002 0.000431055 0.999999881 1.952029467
0.999999225 0.000643619 0.001042449 0.025172997 -0.000643271 0.999999762 -0.000333905 -0.059823524 -0.001042664 0.000333234 0.999999404 2.165205240
0.999996841 0.002481156 0.000232343 0.045005001 -0.002481564 0.999995291 0.001772206 -0.106591552 -0.000227945 -0.001772777 0.999998391 2.355570316
0.999997318 0.002211591 -0.000616687 0.061027057 -0.002210836 0.999996781 0.001221012 -0.109951161 0.000619386 -0.001219646 0.999999106 2.568218708
0.999995053 0.003124187 0.000423435 0.054955225 -0.003124880 0.999993742 0.001643851 -0.119132474 -0.000418296 -0.001645166 0.999998569 2.796754837
0.999996185 0.002785306 -0.000019706 0.064332433 -0.002785267 0.999994516 0.001781954 -0.124878451 0.000024669 -0.001781893 0.999998450 3.031755924
0.999995947 0.002872622 0.000025198 0.065320805 -0.002872656 0.999994814 0.001466379 -0.126913399 -0.000020985 -0.001466446 0.999998987 3.271900654
0.999995947 0.002853821 0.000085859 0.070517667 -0.002853998 0.999993622 0.002143109 -0.141540557 -0.000079743 -0.002143345 0.999997675 3.499225616
0.999997199 0.002380785 -0.000007821 0.074394658 -0.002380766 0.999995530 0.001851266 -0.142527461 0.000012228 -0.001851243 0.999998331 3.764666080
0.999996901 0.002497800 -0.000131586 0.083494924 -0.002497527 0.999994814 0.002031749 -0.151422247 0.000136661 -0.002031414 0.999997854 4.020454407
0.999995649 0.002954549 0.000089088 0.083728567 -0.002954738 0.999993205 0.002208750 -0.162487090 -0.000082561 -0.002209004 0.999997497 4.270534992
0.999996603 0.002619733 0.000046528 0.091117024 -0.002619819 0.999994695 0.001961835 -0.165337101 -0.000041388 -0.001961950 0.999998033 4.531167984
0.999996305 0.002714645 0.000087873 0.096136026 -0.002714809 0.999994516 0.001920928 -0.173074126 -0.000082658 -0.001921160 0.999998152 4.783245564
0.999995172 0.003089355 -0.000349112 0.102202848 -0.003088600 0.999992907 0.002143078 -0.179688349 0.000355731 -0.002141990 0.999997616 5.047087193
0.999996841 0.002498174 -0.000075583 0.109402083 -0.002497990 0.999994159 0.002337153 -0.194360361 0.000081421 -0.002336957 0.999997258 5.304379463
0.999996722 0.002544839 -0.000017759 0.114268251 -0.002544791 0.999994099 0.002314635 -0.198111072 0.000023650 -0.002314583 0.999997318 5.577544212
0.999997020 0.002455286 -0.000296164 0.123195343 -0.002454541 0.999993920 0.002492201 -0.206681788 0.000302281 -0.002491466 0.999996901 5.843003750
0.999997437 0.002149817 -0.000769700 0.137178600 -0.002147762 0.999994159 0.002660150 -0.217968732 0.000775414 -0.002658490 0.999996126 6.115249634
0.999995589 0.002949941 0.000287772 0.126877546 -0.002950568 0.999993205 0.002202415 -0.223322406 -0.000281273 -0.002203255 0.999997556 6.397251129
0.999995768 0.002859861 0.000453569 0.125953391 -0.002860839 0.999993503 0.002170489 -0.229768798 -0.000447359 -0.002171778 0.999997556 6.693866730
0.999994993 0.003130449 0.000383007 0.133413881 -0.003131223 0.999993026 0.002037462 -0.233824715 -0.000376626 -0.002038651 0.999997914 6.997461796
0.999995112 0.003094953 0.000472723 0.144859120 -0.003095990 0.999992728 0.002209119 -0.246910051 -0.000465883 -0.002210571 0.999997497 7.277367115
0.999996364 0.002653690 0.000544099 0.151285425 -0.002654784 0.999994397 0.002019208 -0.254632741 -0.000538738 -0.002020645 0.999997795 7.596900940
0.999995291 0.003018682 0.000456307 0.156214327 -0.003020098 0.999990523 0.003135098 -0.286419719 -0.000446839 -0.003136462 0.999994993 7.880211830
0.999996185 0.002748247 0.000269969 0.163164258 -0.002749030 0.999991894 0.002943446 -0.287994593 -0.000261877 -0.002944177 0.999995708 8.207394600
0.999994040 0.003338610 0.000824394 0.166329309 -0.003341044 0.999990046 0.002969595 -0.299385250 -0.000814471 -0.002972331 0.999995291 8.533980370
0.999994278 0.003154424 0.001260897 0.162824035 -0.003157750 0.999991596 0.002644796 -0.302015662 -0.001252543 -0.002648762 0.999995768 8.883108139
0.999996066 0.002708278 0.000763174 0.177800104 -0.002710742 0.999991059 0.003245770 -0.317990690 -0.000754377 -0.003247826 0.999994457 9.196290016
0.999993503 0.003448016 0.001079242 0.181803346 -0.003451429 0.999989033 0.003177033 -0.324269950 -0.001068276 -0.003180737 0.999994457 9.545181274
0.999995768 0.002844645 0.000685514 0.195596874 -0.002846912 0.999990463 0.003328398 -0.335376501 -0.000676040 -0.003330336 0.999994218 9.880060196
0.999994874 0.003001424 0.001135413 0.192264646 -0.003005281 0.999989688 0.003411030 -0.345724493 -0.001125163 -0.003414424 0.999993563 10.247635841
0.999993801 0.003269392 0.001275098 0.199351996 -0.003273949 0.999988198 0.003588002 -0.358456016 -0.001263352 -0.003592154 0.999992728 10.597184181
0.999995589 0.002841820 0.000766039 0.213470206 -0.002844648 0.999989033 0.003715776 -0.367707610 -0.000755471 -0.003717939 0.999992788 10.967861176
0.999993980 0.003273293 0.001039741 0.218052819 -0.003276882 0.999988496 0.003468653 -0.374429524 -0.001028375 -0.003472039 0.999993443 11.347965240
0.999995232 0.002883885 0.001086064 0.228048548 -0.002888035 0.999988437 0.003838706 -0.390929252 -0.001074981 -0.003841824 0.999992013 11.717295647
0.999995053 0.002843449 0.001302300 0.233975738 -0.002848162 0.999989331 0.003631301 -0.397560835 -0.001291961 -0.003634992 0.999992549 12.101406097
0.999995589 0.002686992 0.001283978 0.244432688 -0.002691648 0.999989688 0.003638562 -0.409300864 -0.001274188 -0.003642002 0.999992490 12.493659973
0.999994695 0.002622381 0.001921877 0.248548493 -0.002629733 0.999989152 0.003832907 -0.417217225 -0.001911805 -0.003837940 0.999990761 12.894769669
0.999993980 0.003076392 0.001594093 0.254595488 -0.003082140 0.999988735 0.003616208 -0.429397255 -0.001582950 -0.003621100 0.999992192 13.297470093
0.999993682 0.002963991 0.001968940 0.261564046 -0.002970765 0.999989688 0.003446760 -0.434129298 -0.001958704 -0.003452587 0.999992073 13.717255592
0.999995351 0.002424017 0.001856990 0.273076355 -0.002430870 0.999990165 0.003696775 -0.448605746 -0.001848011 -0.003701272 0.999991417 14.122395515
0.999993742 0.002791866 0.002185777 0.284599334 -0.002800212 0.999988735 0.003824413 -0.459257841 -0.002175075 -0.003830510 0.999990344 14.538325310
0.999993980 0.002675856 0.002214076 0.294567883 -0.002685501 0.999986887 0.004364306 -0.477846235 -0.002202369 -0.004370225 0.999988019 14.963687897
0.999994516 0.002393116 0.002289199 0.306731164 -0.002402031 0.999989510 0.003899212 -0.484528899 -0.002279844 -0.003904690 0.999989748 15.398549080
0.999993265 0.002583720 0.002604329 0.316703379 -0.002594034 0.999988794 0.003964943 -0.495959461 -0.002594055 -0.003971673 0.999988735 15.839485168
0.999993801 0.002204914 0.002751295 0.328806370 -0.002216124 0.999989152 0.004078039 -0.507186651 -0.002742274 -0.004084111 0.999987841 16.278982162
0.999991834 0.002478546 0.003193948 0.336386472 -0.002490779 0.999989569 0.003831745 -0.518367887 -0.003184417 -0.003839669 0.999987543 16.726736069
0.999989569 0.002644941 0.003699650 0.344952494 -0.002659641 0.999988556 0.003974392 -0.528826594 -0.003689095 -0.003984191 0.999985278 17.181150436
0.999986470 0.003028573 0.004229805 0.348401248 -0.003045609 0.999987245 0.004026907 -0.538815141 -0.004217556 -0.004039734 0.999982953 17.643869400
0.999985516 0.002786769 0.004614109 0.360703409 -0.002805843 0.999987543 0.004132452 -0.550348222 -0.004602535 -0.004145338 0.999980867 18.104742050
0.999987543 0.002420632 0.004362014 0.390072107 -0.002440552 0.999986529 0.004567116 -0.562419415 -0.004350900 -0.004577704 0.999980092 18.564874649
0.999983788 0.003071727 0.004795189 0.386992782 -0.003090969 0.999987185 0.004010572 -0.570994377 -0.004782808 -0.004025328 0.999980450 19.044544220
0.999982119 0.003152463 0.005091117 0.402121842 -0.003172987 0.999986887 0.004028201 -0.581064105 -0.005078352 -0.004044282 0.999978960 19.525236130
0.999984860 0.002500917 0.004897995 0.416727424 -0.002521507 0.999987960 0.004202104 -0.595182478 -0.004887427 -0.004214391 0.999979138 19.997953415
0.999984026 0.003185307 0.004655071 0.426031977 -0.003205643 0.999985456 0.004367593 -0.611499727 -0.004641091 -0.004382446 0.999979615 20.499227524
0.999983132 0.003396903 0.004706203 0.435078144 -0.003414896 0.999986887 0.003820416 -0.615160704 -0.004693163 -0.003836423 0.999981642 21.002704620
0.999985695 0.003316337 0.004188594 0.443052232 -0.003331066 0.999988258 0.003514137 -0.619315743 -0.004176891 -0.003528039 0.999985039 21.515830994
0.999989510 0.002672882 0.003726942 0.451768219 -0.002691921 0.999983311 0.005112822 -0.657319963 -0.003713212 -0.005122800 0.999979973 21.995229721
0.999990582 0.002676886 0.003416403 0.464865446 -0.002695559 0.999981463 0.005472619 -0.670490265 -0.003401690 -0.005481777 0.999979258 22.513370514
0.999992013 0.002843730 0.002843237 0.472793847 -0.002857784 0.999983668 0.004951140 -0.680399060 -0.002829112 -0.004959225 0.999983728 23.032463074
0.999993145 0.003011261 0.002176711 0.483350813 -0.003021028 0.999985337 0.004497604 -0.692773879 -0.002163136 -0.004504148 0.999987543 23.553598404
0.999996841 0.001994878 0.001616636 0.494950682 -0.002002557 0.999986649 0.004762503 -0.710861683 -0.001607114 -0.004765725 0.999987304 24.082862854
0.999994636 0.003075823 0.001173941 0.504229844 -0.003082010 0.999981225 0.005305906 -0.723433018 -0.001157599 -0.005309496 0.999985218 24.616176605
0.999994278 0.003360203 0.000380591 0.517597616 -0.003362164 0.999980390 0.005275652 -0.737524390 -0.000362857 -0.005276902 0.999985933 25.161975861
0.999993026 0.003709325 0.000397646 0.522489667 -0.003711278 0.999980509 0.005029485 -0.746180594 -0.000378982 -0.005030927 0.999987245 25.712270737
0.999993622 0.003572207 -0.000118217 0.532779038 -0.003571550 0.999980390 0.005150198 -0.761717081 0.000136612 -0.005149744 0.999986649 26.273040771
0.999995530 0.002819870 -0.000987868 0.548066080 -0.002813902 0.999978065 0.005991420 -0.777018607 0.001004741 -0.005988613 0.999981582 26.803668976
0.999994814 0.002886705 -0.001383615 0.563609779 -0.002877974 0.999976158 0.006271038 -0.800176024 0.001401684 -0.006267022 0.999979436 27.338005066
0.999989748 0.004283139 -0.001452073 0.567997217 -0.004274976 0.999975264 0.005579303 -0.808978438 0.001475934 -0.005573038 0.999983430 27.906049728
0.999990582 0.003907294 -0.001853353 0.573213518 -0.003895004 0.999970675 0.006589078 -0.828630805 0.001879044 -0.006581797 0.999976575 28.439889908
0.999991775 0.003626650 -0.001785466 0.580878735 -0.003614826 0.999971807 0.006581539 -0.838755608 0.001809285 -0.006575032 0.999976754 28.983905792
0.999988794 0.004063766 -0.002396574 0.591698110 -0.004047426 0.999968827 0.006783774 -0.856512666 0.002424067 -0.006773998 0.999974132 29.540811539
0.999987900 0.004164125 -0.002675223 0.595111787 -0.004145832 0.999968231 0.006807632 -0.865465224 0.002703486 -0.006796458 0.999973238 30.090164185
0.999987245 0.004161255 -0.002855093 0.605795085 -0.004142316 0.999969602 0.006607415 -0.877785206 0.002882501 -0.006595504 0.999974072 30.641597748
0.999986708 0.004065055 -0.003164027 0.618139088 -0.004043473 0.999968708 0.006797970 -0.891594529 0.003191562 -0.006785086 0.999971867 31.185155869
0.999984562 0.004351806 -0.003429555 0.625942230 -0.004328313 0.999967337 0.006827856 -0.902684152 0.003459156 -0.006812907 0.999970794 31.742124557
0.999983728 0.004377281 -0.003635230 0.637516379 -0.004352301 0.999967039 0.006851265 -0.917983651 0.003665100 -0.006835333 0.999969900 32.288429260
0.999984264 0.004223548 -0.003686535 0.645015955 -0.004197441 0.999966204 0.007061333 -0.929451466 0.003716235 -0.007045748 0.999968290 32.840019226
0.999980986 0.004904253 -0.003731401 0.650846124 -0.004878202 0.999963880 0.006959009 -0.942048907 0.003765395 -0.006940673 0.999968827 33.379142761
0.999979973 0.004854138 -0.004050936 0.660713673 -0.004826010 0.999964476 0.006924871 -0.952331543 0.004084405 -0.006905184 0.999967813 33.944934845
0.999980509 0.004323616 -0.004499548 0.668875456 -0.004292279 0.999966621 0.006950918 -0.967250347 0.004529450 -0.006931469 0.999965668 34.487075806
0.999980032 0.004640852 -0.004290317 0.674628139 -0.004610669 0.999964714 0.007018133 -0.977946579 0.004322736 -0.006998212 0.999966145 35.042800903
0.999983788 0.004138084 -0.003906241 0.679724455 -0.004111516 0.999968529 0.006784989 -0.987152517 0.003934195 -0.006768819 0.999969363 35.589324951
0.999981880 0.004692523 -0.003781526 0.688131332 -0.004665995 0.999964595 0.006993842 -1.004293203 0.003814212 -0.006976071 0.999968350 36.128242493
0.999977529 0.004779784 -0.004706440 0.696397066 -0.004747244 0.999964893 0.006901200 -1.015233278 0.004739262 -0.006878702 0.999965131 36.705741882
0.999977827 0.004581064 -0.004835267 0.707152545 -0.004548078 0.999966443 0.006811083 -1.024274826 0.004866307 -0.006788941 0.999965131 37.253471375
0.999977708 0.005217917 -0.004170186 0.701283157 -0.005190576 0.999965131 0.006540339 -1.033541679 0.004204168 -0.006518548 0.999969900 37.815620422
0.999977827 0.004483026 -0.004925652 0.712408125 -0.004446875 0.999963403 0.007326127 -1.065021992 0.004958314 -0.007304061 0.999961019 38.366889954
0.999977648 0.004744042 -0.004710143 0.715755224 -0.004708200 0.999960124 0.007591835 -1.078343511 0.004745971 -0.007569489 0.999960065 38.909988403
0.999976635 0.004955583 -0.004723762 0.728850067 -0.004919415 0.999958754 0.007637783 -1.091717720 0.004761417 -0.007614366 0.999959648 39.460865021
0.999974728 0.004728956 -0.005312749 0.749017239 -0.004687930 0.999959290 0.007708262 -1.105348110 0.005348985 -0.007683161 0.999956131 39.993831635
0.999972343 0.005057472 -0.005456986 0.755047679 -0.005011832 0.999952614 0.008345115 -1.129511595 0.005498933 -0.008317534 0.999950290 40.594631195
0.999973297 0.004689844 -0.005609606 0.761254549 -0.004645849 0.999958575 0.007830210 -1.131162524 0.005646096 -0.007803939 0.999953568 41.151897430
0.999972224 0.004874624 -0.005641292 0.774343491 -0.004826774 0.999952495 0.008464823 -1.149063826 0.005682286 -0.008437358 0.999948263 41.697792053
0.999967217 0.005396558 -0.006037971 0.778504372 -0.005349026 0.999954820 0.007860885 -1.150071979 0.006080121 -0.007828330 0.999950886 42.256359100
0.999970317 0.005364831 -0.005542687 0.781583190 -0.005322990 0.999957383 0.007536161 -1.157014370 0.005582881 -0.007506433 0.999956250 42.814510345
0.999966443 0.005840558 -0.005734897 0.797273517 -0.005792811 0.999948740 0.008307190 -1.172109842 0.005783122 -0.008273690 0.999949038 43.352127075
0.999964237 0.005582346 -0.006350136 0.804454684 -0.005528412 0.999948740 0.008479300 -1.191302538 0.006397145 -0.008443891 0.999943912 43.915588379
0.999968648 0.004741944 -0.006347843 0.812554002 -0.004686751 0.999951363 0.008681512 -1.202453494 0.006388700 -0.008651490 0.999942183 44.457080841
0.999964774 0.005410968 -0.006407397 0.816641808 -0.005355417 0.999948204 0.008655461 -1.211262584 0.006453898 -0.008620842 0.999941945 45.017536163
0.999962687 0.006158702 -0.006059363 0.822372079 -0.006108982 0.999947846 0.008189872 -1.214261413 0.006109484 -0.008152551 0.999948084 45.568771362
0.999964416 0.005305802 -0.006557689 0.839733124 -0.005250092 0.999950171 0.008483629 -1.233444810 0.006602375 -0.008448898 0.999942422 46.136154175
0.999960661 0.005388156 -0.007048530 0.851213098 -0.005326086 0.999947071 0.008795407 -1.251917362 0.007095548 -0.008757520 0.999936461 46.679935455
0.999961376 0.005566575 -0.006797676 0.855214000 -0.005507061 0.999946594 0.008742691 -1.255239844 0.006845980 -0.008704918 0.999938667 47.230640411
0.999962628 0.005076458 -0.006999247 0.862937212 -0.005013891 0.999947548 0.008927824 -1.269094825 0.007044202 -0.008892397 0.999935627 47.765892029
0.999965906 0.005292266 -0.006338932 0.856601894 -0.005238029 0.999949813 0.008542512 -1.267732859 0.006383824 -0.008509018 0.999943376 48.335578918
0.999962389 0.005347974 -0.006831523 0.872200191 -0.005290899 0.999951124 0.008345581 -1.276971579 0.006875822 -0.008309121 0.999941766 48.883079529
0.999961615 0.005512146 -0.006817129 0.881020665 -0.005454347 0.999949276 0.008468244 -1.289458036 0.006863463 -0.008430734 0.999940872 49.427391052
0.999964416 0.005587220 -0.006321110 0.883197784 -0.005537125 0.999953389 0.007914875 -1.295300722 0.006365037 -0.007879592 0.999948680 49.979366302
0.999960542 0.005380643 -0.007069187 0.897352755 -0.005319098 0.999947965 0.008696225 -1.318439722 0.007115612 -0.008658281 0.999937177 50.536026001
0.999961734 0.005645739 -0.006690951 0.900951803 -0.005592356 0.999952614 0.007970419 -1.325678468 0.006735634 -0.007932696 0.999945879 51.088104248
0.999962389 0.005229737 -0.006930682 0.907816589 -0.005170523 0.999950171 0.008534284 -1.339900136 0.006974969 -0.008498128 0.999939501 51.629806519
0.999956012 0.005609762 -0.007519633 0.917438388 -0.005544891 0.999947488 0.008620339 -1.356269956 0.007567596 -0.008578266 0.999934494 52.195678711
0.999956191 0.005275246 -0.007730082 0.929622710 -0.005219253 0.999960124 0.007245880 -1.358663559 0.007767998 -0.007205218 0.999943793 52.742450714
0.999966621 0.005316541 -0.006198319 0.919102430 -0.005268728 0.999956489 0.007704768 -1.373276353 0.006239012 -0.007671856 0.999951124 53.288639069
0.999958396 0.005617290 -0.007188636 0.927999735 -0.005558174 0.999950707 0.008217325 -1.387470484 0.007234443 -0.008177025 0.999940395 53.861999512
0.999960780 0.004732492 -0.007498144 0.941729546 -0.004669644 0.999953926 0.008377361 -1.402637362 0.007537445 -0.008342018 0.999936819 54.404205322
0.999958813 0.006013414 -0.006809229 0.944093704 -0.005955682 0.999946356 0.008467273 -1.413798571 0.006859781 -0.008426369 0.999940932 54.953166962
0.999954879 0.005523549 -0.007730861 0.959695160 -0.005461826 0.999953210 0.007982365 -1.420814037 0.007774591 -0.007939779 0.999938250 55.497310638
0.999955773 0.006020437 -0.007235477 0.963413596 -0.005965187 0.999953032 0.007633483 -1.429122448 0.007281094 -0.007589982 0.999944746 56.045291901
0.999952376 0.005914668 -0.007765236 0.968112707 -0.005853493 0.999951780 0.007877153 -1.438827157 0.007811453 -0.007831323 0.999938846 56.589088440
0.999955237 0.005680247 -0.007564305 0.983136356 -0.005619024 0.999951422 0.008090442 -1.452509880 0.007609894 -0.008047575 0.999938667 57.126941681
0.999954462 0.006118651 -0.007320991 0.981951833 -0.006060757 0.999950409 0.007904216 -1.458167791 0.007368991 -0.007859485 0.999941945 57.696826935
0.999952555 0.005784218 -0.007846753 0.991984844 -0.005719647 0.999949813 0.008226722 -1.475484848 0.007893945 -0.008181452 0.999935389 58.237400055
0.999953270 0.006365120 -0.007269353 0.994177222 -0.006307962 0.999949276 0.007858854 -1.482499123 0.007319006 -0.007812632 0.999942660 58.794773102
0.999954343 0.005679786 -0.007676770 1.007800221 -0.005624022 0.999957800 0.007266061 -1.481955767 0.007717715 -0.007222556 0.999944150 59.340259552
0.999954641 0.005238090 -0.007945287 1.019793034 -0.005178906 0.999958873 0.007451167 -1.497233629 0.007983989 -0.007409682 0.999940693 59.883739471
0.999952793 0.006061202 -0.007602961 1.017496705 -0.006006505 0.999956012 0.007196495 -1.499817967 0.007646247 -0.007150488 0.999945223 60.456214905
0.999947667 0.006161048 -0.008170565 1.031801820 -0.006102742 0.999956012 0.007141870 -1.516820312 0.008214206 -0.007091635 0.999941111 60.985717773
0.999949753 0.006793872 -0.007377642 1.035813212 -0.006741954 0.999952555 0.007039358 -1.530644894 0.007425115 -0.006989264 0.999948025 61.539249420
0.999948442 0.005873139 -0.008288238 1.048994303 -0.005813983 0.999957561 0.007143442 -1.536680579 0.008329840 -0.007094886 0.999940157 62.094596863
0.999945760 0.006202273 -0.008367997 1.055857182 -0.006143018 0.999956012 0.007088338 -1.550576687 0.008411592 -0.007036549 0.999939859 62.625308990
0.999945939 0.006609954 -0.008041533 1.058902144 -0.006550483 0.999951184 0.007399495 -1.565211177 0.008090050 -0.007346420 0.999940276 63.177482605
0.999946237 0.007051382 -0.007609285 1.056932092 -0.006990833 0.999943852 0.007954722 -1.578653336 0.007664951 -0.007901099 0.999939382 63.727180481
0.999942601 0.006830166 -0.008253621 1.074427724 -0.006767255 0.999947965 0.007626142 -1.589370728 0.008305282 -0.007569849 0.999936819 64.259902954
0.999946177 0.006316855 -0.008230932 1.075366497 -0.006261137 0.999957442 0.006777583 -1.594524384 0.008273396 -0.006725683 0.999943137 64.810127258
0.999944389 0.006808904 -0.008052065 1.079797983 -0.006748838 0.999949396 0.007463378 -1.603766322 0.008102475 -0.007408620 0.999939799 65.342994690
0.999945045 0.007202967 -0.007614025 1.078834653 -0.007151077 0.999951243 0.006820439 -1.611388326 0.007662781 -0.006765617 0.999947786 65.896133423
0.999942005 0.006679344 -0.008446673 1.101494312 -0.006618574 0.999952137 0.007202084 -1.623447657 0.008494374 -0.007145762 0.999938369 66.440567017
0.999942243 0.006792591 -0.008323568 1.101110816 -0.006736106 0.999954224 0.006795392 -1.627720237 0.008369345 -0.006738932 0.999942243 66.995277405
0.999938905 0.006919524 -0.008608100 1.115141869 -0.006859451 0.999952018 0.006988585 -1.649445772 0.008656044 -0.006929112 0.999938548 67.541038513
0.999934733 0.006589731 -0.009327050 1.143847704 -0.006519424 0.999950230 0.007548279 -1.668186665 0.009376327 -0.007486979 0.999927938 68.076614380
0.999939382 0.007689579 -0.007883681 1.115649819 -0.007627691 0.999940038 0.007850576 -1.687113762 0.007943576 -0.007789965 0.999938130 68.626770020
0.999937892 0.007971059 -0.007794373 1.115263820 -0.007915145 0.999942839 0.007178223 -1.695917606 0.007851144 -0.007116084 0.999943852 69.171867371
0.999939442 0.007142187 -0.008379105 1.140708566 -0.007076441 0.999944210 0.007849868 -1.709955215 0.008434703 -0.007790100 0.999934137 69.710716248
0.999941647 0.007699145 -0.007576763 1.127448797 -0.007645180 0.999945402 0.007125684 -1.706311464 0.007631210 -0.007067343 0.999945879 70.257431030
0.999942541 0.007684603 -0.007473397 1.128527641 -0.007632860 0.999946952 0.006927663 -1.712504387 0.007526236 -0.006870222 0.999948084 70.819435120
0.999941468 0.007654883 -0.007645793 1.133761644 -0.007602576 0.999947667 0.006847072 -1.721859694 0.007697808 -0.006788544 0.999947309 71.371589661
0.999937177 0.007823885 -0.008021438 1.144964099 -0.007769879 0.999947071 0.006741831 -1.731412530 0.008073761 -0.006679082 0.999945104 71.915061951
0.999939799 0.008060596 -0.007446923 1.146020651 -0.008006879 0.999941826 0.007215332 -1.749650002 0.007504651 -0.007155271 0.999946177 72.465309143
0.999937892 0.008147240 -0.007606938 1.153646469 -0.008093628 0.999942303 0.007052270 -1.763346434 0.007663957 -0.006990264 0.999946177 73.008926392
0.999945104 0.007800480 -0.006998731 1.153194427 -0.007750993 0.999944925 0.007070554 -1.775213122 0.007053500 -0.007015919 0.999950528 73.559585571
0.999943316 0.007748427 -0.007301993 1.158775091 -0.007696425 0.999945045 0.007123090 -1.785840511 0.007356784 -0.007066487 0.999947965 74.104103088
0.999943793 0.007901960 -0.007066622 1.164471507 -0.007851492 0.999943674 0.007141499 -1.800487876 0.007122656 -0.007085613 0.999949455 74.650848389
0.999944508 0.007941902 -0.006922675 1.173910618 -0.007889161 0.999939919 0.007612856 -1.813395739 0.006982719 -0.007557821 0.999947071 75.192161560
0.999948561 0.007778476 -0.006519776 1.174729109 -0.007730151 0.999942660 0.007404870 -1.821451187 0.006577001 -0.007354090 0.999951303 75.740272522
0.999944329 0.007783912 -0.007116216 1.187827706 -0.007731643 0.999943078 0.007343370 -1.836026549 0.007172972 -0.007287941 0.999947727 76.290649414
0.999939203 0.008541116 -0.006973044 1.193753242 -0.008481861 0.999927998 0.008483552 -1.851811528 0.007045002 -0.008423892 0.999939740 76.838790894
0.999946296 0.007296323 -0.007350939 1.206278443 -0.007245089 0.999949455 0.006972428 -1.856651783 0.007401440 -0.006918795 0.999948680 77.376457214
0.999952257 0.006857724 -0.006958018 1.211691737 -0.006807419 0.999950826 0.007227932 -1.868646622 0.007007242 -0.007180221 0.999949694 77.952423096
0.999947488 0.007442939 -0.007041825 1.219345927 -0.007387330 0.999941587 0.007890317 -1.887833595 0.007100141 -0.007837882 0.999944091 78.497192383
0.999944389 0.008194859 -0.006641319 1.222396731 -0.008145097 0.999938846 0.007485528 -1.893463612 0.006702255 -0.007431018 0.999949932 79.059257507
0.999946535 0.007479427 -0.007132200 1.234900951 -0.007425471 0.999943793 0.007561719 -1.904902101 0.007188358 -0.007508355 0.999945939 79.596366882
0.999944746 0.007670147 -0.007185355 1.241223574 -0.007617737 0.999944389 0.007293300 -1.914633036 0.007240896 -0.007238160 0.999947608 80.141616821
0.999942243 0.007647418 -0.007554924 1.252195001 -0.007593295 0.999945462 0.007166978 -1.924955130 0.007609321 -0.007109197 0.999945700 80.687797546
0.999951839 0.007543898 -0.006294855 1.257505178 -0.007498384 0.999945760 0.007222876 -1.934783220 0.006349004 -0.007175327 0.999954104 81.243156433
0.999952793 0.008036761 -0.005464788 1.265458822 -0.007998397 0.999943495 0.007006102 -1.946754217 0.005520785 -0.006962063 0.999960542 81.785911560
0.999959350 0.008105056 -0.003951259 1.273315907 -0.008075910 0.999940455 0.007337647 -1.962252855 0.004010496 -0.007305438 0.999965250 82.323272705
0.999967933 0.007643334 -0.002400032 1.280238986 -0.007626386 0.999946475 0.006992708 -1.967477560 0.002453351 -0.006974180 0.999972641 82.872940063
0.999967277 0.008078008 0.000515729 1.296517730 -0.008081445 0.999942482 0.007050731 -1.977326870 -0.000458743 -0.007054668 0.999974966 83.429023743
0.999958694 0.008153244 0.003998896 1.313773870 -0.008183065 0.999938428 0.007498625 -1.996391177 -0.003937511 -0.007531040 0.999963820 83.960426331
0.999936938 0.008369064 0.007486915 1.333417416 -0.008423387 0.999938309 0.007253977 -2.007659435 -0.007425743 -0.007316586 0.999945641 84.522392273
0.999884725 0.008252066 0.012740887 1.355969906 -0.008346355 0.999938011 0.007365211 -2.022948742 -0.012679318 -0.007470703 0.999891639 85.074302673
0.999782503 0.009147228 0.018736638 1.378826499 -0.009291586 0.999927700 0.007632117 -2.034201622 -0.018665472 -0.007804551 0.999795318 85.633316040
0.999686182 0.008109190 0.023700861 1.412083864 -0.008278690 0.999940813 0.007062417 -2.045747757 -0.023642186 -0.007256413 0.999694109 86.187652588
0.999543369 0.007143276 0.029359711 1.447970390 -0.007348052 0.999949455 0.006872778 -2.055603027 -0.029309127 -0.007085376 0.999545276 86.732566833
0.999255002 0.007620083 0.037833065 1.481068373 -0.007892999 0.999943852 0.007069602 -2.070997953 -0.037777070 -0.007362952 0.999259114 87.281593323
0.998916149 0.007816093 0.045884043 1.522068501 -0.008150104 0.999941528 0.007096902 -2.084366560 -0.045825891 -0.007463170 0.998921573 87.846862793
0.998553634 0.007756009 0.053202718 1.561053753 -0.008149121 0.999940991 0.007175990 -2.094737530 -0.053143926 -0.007599167 0.998557925 88.395912170
0.998061240 0.006863330 0.061860368 1.615061522 -0.007309496 0.999948800 0.006989040 -2.103375435 -0.061809242 -0.007427658 0.998060346 88.935951233
0.997369826 0.007916487 0.072048269 1.670766354 -0.008443438 0.999939740 0.007012226 -2.113783598 -0.071988404 -0.007602116 0.997376621 89.485351562
0.996720195 0.007224753 0.080602095 1.731085300 -0.007779165 0.999948144 0.006566471 -2.117962360 -0.080550484 -0.007171951 0.996724784 90.033973694
0.996039093 0.007517333 0.088599093 1.801287174 -0.008119625 0.999946237 0.006439483 -2.134932041 -0.088545918 -0.007133368 0.996046543 90.584930420
0.995020449 0.007432757 0.099393293 1.882438183 -0.008111398 0.999946475 0.006425445 -2.147643805 -0.099340208 -0.007199667 0.995027483 91.121299744
0.993891060 0.007917191 0.110080466 1.956823349 -0.008706696 0.999939620 0.006693244 -2.160877228 -0.110020824 -0.007610793 0.993900120 91.663276672
0.992863774 0.006850830 0.119056478 2.041961670 -0.007692991 0.999948502 0.006615476 -2.169341326 -0.119005032 -0.007484167 0.992865384 92.218482971
0.991471946 0.007067881 0.130128652 2.128788948 -0.007970491 0.999947608 0.006416784 -2.177548409 -0.130076483 -0.007399250 0.991476297 92.739929199
0.989791930 0.006772439 0.142358869 2.226350784 -0.007734324 0.999950826 0.006204501 -2.188264608 -0.142309859 -0.007242214 0.989795685 93.319160461
0.988230109 0.006585413 0.152833134 2.331510544 -0.007587429 0.999953389 0.005973961 -2.201277733 -0.152786672 -0.007063259 0.988233924 93.869277954
0.986520350 0.006062814 0.163526073 2.443935394 -0.007218339 0.999952972 0.006473035 -2.216701746 -0.163479090 -0.007566167 0.986517787 94.403800964
0.984383762 0.005972125 0.175934106 2.571329117 -0.007241298 0.999952137 0.006572789 -2.236383915 -0.175886422 -0.007744138 0.984380007 94.916374207
0.982037723 0.005472308 0.188605577 2.692128181 -0.006848154 0.999954462 0.006643953 -2.250222206 -0.188560650 -0.007816211 0.982030451 95.443191528
0.979898930 0.005577924 0.199416742 2.804801941 -0.007015505 0.999954224 0.006503050 -2.249463081 -0.199371278 -0.007771340 0.979893208 96.002311707
0.977137744 0.006425863 0.212510332 2.944580078 -0.007989387 0.999946952 0.006499490 -2.263193130 -0.212457299 -0.008048723 0.977137148 96.537200928
0.974115014 0.005774899 0.225979313 3.094038010 -0.007415116 0.999951899 0.006410117 -2.271348476 -0.225931436 -0.007919854 0.974111080 97.071090698
0.971475542 0.005687629 0.237071440 3.232053757 -0.007403001 0.999952435 0.006346087 -2.282747269 -0.237024069 -0.007920109 0.971471488 97.591880798
0.968660533 0.004844571 0.248340800 3.398971558 -0.006563719 0.999959946 0.006095012 -2.300585508 -0.248301327 -0.007534037 0.968653500 98.111282349
0.964893818 0.005016247 0.262592405 3.567329407 -0.006940122 0.999955416 0.006399488 -2.315064669 -0.262548625 -0.007997249 0.964885652 98.639549255
0.961169064 0.005385811 0.275907636 3.720943451 -0.007418160 0.999952495 0.006322952 -2.326023102 -0.275860548 -0.008124153 0.961163342 99.194740295
0.957962751 0.005169549 0.286846280 3.896537781 -0.007306642 0.999952912 0.006380364 -2.337331057 -0.286799848 -0.008208033 0.957955360 99.711105347
0.953850091 0.004390632 0.300251126 4.088586807 -0.006464120 0.999961615 0.005912846 -2.338074923 -0.300213605 -0.007580828 0.953841865 100.210845947
0.949369490 0.004418244 0.314130336 4.280666351 -0.006669208 0.999959230 0.006091355 -2.359303474 -0.314090669 -0.007877950 0.949360251 100.771621704
0.945562124 0.003757192 0.325420141 4.479368210 -0.005984465 0.999965012 0.005843589 -2.365707159 -0.325386822 -0.007472941 0.945551395 101.289764404
0.940708280 0.003180635 0.339201689 4.681278229 -0.005580786 0.999965847 0.006100694 -2.386180639 -0.339170724 -0.007631985 0.940693915 101.795234680
0.935565770 0.003000450 0.353139699 4.896831512 -0.005442809 0.999967575 0.005923299 -2.397990704 -0.353110552 -0.007463709 0.935551763 102.302726746
0.930768847 0.003030835 0.365595639 5.115560532 -0.005596841 0.999966502 0.005959127 -2.410768986 -0.365565389 -0.007592751 0.930754721 102.807334900
0.926120460 0.001992863 0.377222896 5.341175079 -0.004328588 0.999976337 0.005344261 -2.412539959 -0.377203375 -0.006582271 0.926107049 103.317062378
0.920327306 0.001247589 0.391146898 5.575237274 -0.003709589 0.999977767 0.005538774 -2.424537659 -0.391131341 -0.006548480 0.920311511 103.817840576
0.914515316 0.000908368 0.404550195 5.813865662 -0.003451066 0.999978602 0.005556059 -2.434361935 -0.404536486 -0.006477230 0.914498925 104.309417725
0.909624755 0.000841430 0.415430158 6.060493469 -0.003493329 0.999978125 0.005623584 -2.450248718 -0.415416300 -0.006566585 0.909607708 104.779747009
0.903360963 0.000124855 0.428881049 6.306903839 -0.002973541 0.999977767 0.005972120 -2.468772888 -0.428870708 -0.006670275 0.903341234 105.274368286
0.896869481 -0.000033773 0.442295313 6.571407318 -0.003076693 0.999975383 0.006315157 -2.491251469 -0.442284644 -0.007024678 0.896847248 105.731201172
0.890808344 -0.001186034 0.454377651 6.843238831 -0.001638244 0.999981761 0.005821971 -2.496677399 -0.454376310 -0.005930641 0.890790105 106.229759216
0.884697556 -0.000808267 0.466164768 7.082462311 -0.001995649 0.999982715 0.005521220 -2.493060827 -0.466161191 -0.005814911 0.884680688 106.731750488
0.877580523 -0.000854863 0.479428619 7.372676849 -0.001740176 0.999986172 0.004968405 -2.500005722 -0.479426205 -0.005194466 0.877566755 107.215507507
0.870604634 -0.000905833 0.491982460 7.653064728 -0.002036048 0.999983132 0.005444120 -2.523365021 -0.491979063 -0.005741376 0.870588124 107.657112122
0.864848018 -0.002174438 0.502028942 7.940544128 -0.000464986 0.999986708 0.005132278 -2.528745890 -0.502033353 -0.004672077 0.864835620 108.117195129
