1.000000000 0.000000000 0.000000000 0.000000000 0.000000000 1.000000000 0.000000000 0.000000000 0.000000000 0.000000000 1.000000000 0.000000000
1.000000000 0.000090677 0.000095849 -0.000857801 -0.000090688 1.000000000 0.000112136 -0.000114704 -0.000095839 -0.000112144 1.000000000 0.000353867
1.000000000 0.000050447 0.000134185 -0.001570941 -0.000050447 1.000000000 0.000005709 0.000290612 -0.000134185 -0.000005716 1.000000000 0.000246068
1.000000000 0.000018994 0.000041573 -0.000631597 -0.000018997 1.000000000 0.000064389 -0.000825041 -0.000041572 -0.000064390 1.000000000 -0.000723063
1.000000000 0.000087166 0.000169523 -0.001973296 -0.000087181 1.000000000 0.000086219 -0.000589120 -0.000169515 -0.000086234 1.000000000 -0.000700136
1.000000000 -0.000114364 -0.000014054 0.000119040 0.000114364 1.000000000 -0.000030642 0.000382345 0.000014057 0.000030641 1.000000000 -0.000272829
1.000000000 0.000063290 0.000125113 -0.001838609 -0.000063298 1.000000000 0.000064952 -0.000366470 -0.000125109 -0.000064960 1.000000000 -0.000356130
1.000000000 0.000056807 0.000087480 -0.001555421 -0.000056804 1.000000000 -0.000033343 -0.000080681 -0.000087482 0.000033338 1.000000000 -0.000638613
1.000000000 0.000081273 0.000153053 -0.001395469 -0.000081275 1.000000000 0.000013315 -0.000855354 -0.000153052 -0.000013327 1.000000000 -0.000711219
1.000000000 0.000128621 0.000145077 -0.001889131 -0.000128638 1.000000000 0.000121190 -0.000707063 -0.000145062 -0.000121208 1.000000000 0.000584738
1.000000000 0.000088655 0.000158082 -0.001656322 -0.000088666 1.000000000 0.000072836 -0.000589092 -0.000158076 -0.000072850 1.000000000 -0.000031853
1.000000000 0.000135469 0.000161345 -0.001604424 -0.000135473 1.000000000 0.000026425 -0.000972386 -0.000161342 -0.000026447 1.000000000 -0.000939291
1.000000000 0.000076071 0.000147210 -0.001104073 -0.000076077 1.000000000 0.000038477 0.000265037 -0.000147207 -0.000038488 1.000000000 0.000224972
1.000000000 0.000149253 0.000111699 -0.001556616 -0.000149243 1.000000000 -0.000098121 0.000867795 -0.000111714 0.000098105 1.000000000 0.000609155
1.000000000 0.000099584 0.000116506 -0.001564533 -0.000099589 1.000000000 0.000046139 -0.000190069 -0.000116502 -0.000046150 1.000000000 -0.000083893
0.999999940 0.000258587 0.000187822 -0.002262991 -0.000258576 0.999999940 -0.000060639 0.001414387 -0.000187837 0.000060591 1.000000000 0.001163019
0.999999940 0.000361344 0.000210032 -0.002756307 -0.000361335 0.999999940 -0.000043940 0.001054020 -0.000210048 0.000043864 1.000000000 0.001833587
0.999999940 0.000275944 0.000260887 -0.002440904 -0.000275940 0.999999940 -0.000015286 0.001500017 -0.000260891 0.000015214 0.999999940 0.002230871
0.999999940 0.000214444 0.000280997 -0.002580998 -0.000214423 1.000000000 -0.000075113 0.000510559 -0.000281013 0.000075052 0.999999940 0.000768531
0.999999940 0.000214487 0.000219566 -0.002552293 -0.000214503 1.000000000 0.000071282 -0.000121201 -0.000219551 -0.000071329 1.000000000 0.001671093
0.999999940 0.000312399 0.000172975 -0.001923143 -0.000312394 0.999999940 -0.000029020 0.001386401 -0.000172985 0.000028966 1.000000000 0.001663668
0.999999940 0.000250101 0.000181562 -0.002416124 -0.000250097 0.999999940 -0.000020501 0.000399618 -0.000181567 0.000020456 1.000000000 0.001737555
1.000000000 0.000157609 0.000174846 -0.002266427 -0.000157619 1.000000000 0.000060205 0.000113244 -0.000174836 -0.000060233 1.000000000 0.000923172
0.999999881 0.000394389 0.000196736 -0.002549088 -0.000394390 0.999999940 0.000004394 0.001394936 -0.000196734 -0.000004472 1.000000000 0.003047635
0.999999940 0.000296923 0.000243616 -0.002123361 -0.000296930 0.999999940 0.000027512 0.001327040 -0.000243608 -0.000027584 0.999999940 0.001976782
0.999999940 0.000217714 0.000209040 -0.001451738 -0.000217706 1.000000000 -0.000041887 0.002065670 -0.000209049 0.000041841 1.000000000 0.003089908
0.999999940 0.000320588 0.000236311 -0.002336927 -0.000320600 0.999999940 0.000050480 0.001169727 -0.000236294 -0.000050555 1.000000000 0.002289038
0.999999940 0.000341169 0.000123823 -0.002238867 -0.000341155 0.999999940 -0.000113422 0.001915810 -0.000123862 0.000113380 1.000000000 0.001034198
0.999999940 0.000322316 0.000130447 -0.001985388 -0.000322305 0.999999940 -0.000090337 0.001518234 -0.000130476 0.000090295 1.000000000 0.000837750
0.999999881 0.000345526 0.000263355 -0.002537418 -0.000345522 0.999999940 -0.000017030 0.000212466 -0.000263361 0.000016939 0.999999940 0.001009886
0.999999940 0.000238402 0.000309018 -0.003128665 -0.000238408 1.000000000 0.000018838 0.000181659 -0.000309013 -0.000018912 0.999999940 0.001771389
0.999999940 0.000312177 0.000187090 -0.001987532 -0.000312165 0.999999940 -0.000059178 0.001537745 -0.000187108 0.000059120 1.000000000 0.002437266
0.999999881 0.000415948 0.000244811 -0.002182422 -0.000415950 0.999999940 0.000007154 0.000031462 -0.000244808 -0.000007256 0.999999940 -0.000063884
0.999999881 0.000388960 0.000299143 -0.003176495 -0.000388962 0.999999940 0.000008241 0.000670943 -0.000299140 -0.000008357 0.999999940 0.002331492
0.999999881 0.000369232 0.000240021 -0.001791762 -0.000369216 0.999999940 -0.000067896 0.000211411 -0.000240046 0.000067807 0.999999940 0.000956246
0.999999940 0.000337442 0.000220761 -0.003281411 -0.000337445 0.999999940 0.000014426 0.000805998 -0.000220756 -0.000014500 1.000000000 0.000903279
0.999999881 0.000410826 0.000209081 -0.002723526 -0.000410809 0.999999940 -0.000082942 0.002245679 -0.000209115 0.000082856 1.000000000 0.001360171
0.999999881 0.000431831 0.000309664 -0.003484924 -0.000431830 0.999999881 -0.000002026 0.000956039 -0.000309665 0.000001893 0.999999940 0.001923894
0.999999940 0.000377763 0.000172792 -0.001049794 -0.000377768 0.999999940 0.000026534 0.000684570 -0.000172782 -0.000026599 1.000000000 -0.000181753
0.999999940 0.000261235 0.000188678 -0.001666968 -0.000261222 0.999999940 -0.000066008 0.000546898 -0.000188695 0.000065959 1.000000000 0.000125469
0.999999881 0.000482598 0.000249279 -0.001003685 -0.000482452 0.999999702 -0.000585366 -0.002229804 -0.000249562 0.000585246 0.999999821 0.049721144
0.999999762 0.000539546 0.000273778 0.000203313 -0.000539208 0.999999106 -0.001232376 -0.003461052 -0.000274443 0.001232228 0.999999166 0.139052272
0.999999821 0.000546655 0.000250956 0.001310934 -0.000546319 0.999998987 -0.001339040 -0.008079262 -0.000251688 0.001338902 0.999999046 0.252352148
0.999999404 0.001063653 0.000341555 0.003778794 -0.001063253 0.999998689 -0.001171373 -0.011967460 -0.000342801 0.001171009 0.999999225 0.385610551
0.999999821 0.000518541 0.000172319 0.002414300 -0.000518425 0.999999642 -0.000670041 -0.022333741 -0.000172667 0.000669952 0.999999762 0.520438612
0.999999881 0.000123240 0.000180280 0.006318013 -0.000123141 0.999999821 -0.000552613 -0.026792955 -0.000180348 0.000552591 0.999999821 0.671797812
0.999999940 0.000193175 0.000176118 0.011098212 -0.000193144 1.000000000 -0.000177794 -0.030282931 -0.000176153 0.000177760 1.000000000 0.836311758
0.999999702 0.000701658 0.000298857 0.012596098 -0.000701571 0.999999702 -0.000290698 -0.031451743 -0.000299060 0.000290488 0.999999940 1.013254285
0.999999881 0.000478591 0.000023518 0.017955352 -0.000478581 0.999999762 -0.000418478 -0.034347247 -0.000023718 0.000418467 0.999999940 1.189579606
0.999999821 0.000576789 0.000145713 0.021454567 -0.000576826 0.999999762 0.000258652 -0.042529516 -0.000145563 -0.000258736 0.999999881 1.377827764
0.999999523 0.000964015 -0.000139240 0.023988817 -0.000964012 0.999999523 0.000027351 -0.045006573 0.000139266 -0.000027216 0.999999940 1.569715738
0.999999940 0.000256252 -0.000041853 0.029779665 -0.000256236 0.999999881 0.000392263 -0.051960941 0.000041954 -0.000392252 0.999999940 1.769834161
0.999999702 0.000708247 0.000388663 0.029646188 -0.000708376 0.999999702 0.000333208 -0.056950066 -0.000388427 -0.000333483 0.999999821 1.969170809
1.000000000 0.000039938 0.000183776 0.037321802 -0.000039977 1.000000000 0.000211780 -0.062472966 -0.000183767 -0.000211787 0.999999940 2.179395676
0.999999881 0.000251905 0.000185244 0.043579757 -0.000252002 0.999999821 0.000524543 -0.072899744 -0.000185112 -0.000524590 0.999999821 2.394069433
0.999999762 0.000538008 0.000173965 0.045864124 -0.000538063 0.999999762 0.000315467 -0.074661486 -0.000173796 -0.000315560 0.999999940 2.620941162
0.999999821 0.000550140 0.000238206 0.050464801 -0.000550255 0.999999762 0.000482805 -0.083098404 -0.000237940 -0.000482936 0.999999881 2.849695206
1.000000000 0.000261323 0.000315512 0.056999411 -0.000261514 0.999999762 0.000604271 -0.088019297 -0.000315353 -0.000604354 0.999999702 3.087443113
0.999999821 0.000675842 0.000169898 0.063660182 -0.000675975 0.999999404 0.000782925 -0.096745610 -0.000169369 -0.000783040 0.999999702 3.327481508
0.999999881 -0.000040850 0.000470335 0.064152524 0.000040395 0.999999523 0.000967348 -0.108468123 -0.000470374 -0.000967329 0.999999404 3.584995031
0.999999821 -0.000142229 0.000540706 0.067755230 0.000141694 0.999999523 0.000988661 -0.114853896 -0.000540846 -0.000988584 0.999999344 3.837598562
0.999999642 0.000628756 0.000558713 0.074597403 -0.000629203 0.999999464 0.000800669 -0.117558122 -0.000558209 -0.000801020 0.999999523 4.106745720
0.999999642 0.000559490 0.000629784 0.081118420 -0.000560035 0.999999464 0.000864530 -0.121511042 -0.000629300 -0.000864882 0.999999404 4.364508152
0.999999344 0.000973017 0.000578399 0.083147481 -0.000973353 0.999999344 0.000581126 -0.128938600 -0.000577833 -0.000581689 0.999999642 4.623424530
0.999998748 0.001228098 0.000984243 0.087520532 -0.001228933 0.999998868 0.000848600 -0.134882763 -0.000983200 -0.000849809 0.999999166 4.888017178
0.999998450 0.001504916 0.000889316 0.093184255 -0.001505878 0.999998271 0.001082273 -0.142973229 -0.000887685 -0.001083611 0.999999046 5.145717621
0.999999106 0.001017124 0.000875600 0.097349532 -0.001017786 0.999999225 0.000756112 -0.148875743 -0.000874830 -0.000757002 0.999999285 5.412518024
0.999999106 0.000931534 0.001075756 0.100495182 -0.000932705 0.999998987 0.001088560 -0.159614727 -0.001074741 -0.001089563 0.999998808 5.678232193
0.999998927 0.000992625 0.001048540 0.101018168 -0.000993725 0.999998927 0.001049085 -0.166585907 -0.001047497 -0.001050126 0.999998927 5.949945927
0.999998569 0.001232395 0.001164588 0.103280522 -0.001233500 0.999998808 0.000948892 -0.175637037 -0.001163417 -0.000950327 0.999998927 6.221425056
0.999998689 0.001088333 0.001214046 0.115932390 -0.001089618 0.999998868 0.001057844 -0.178091407 -0.001212893 -0.001059165 0.999998689 6.521911144
0.999998510 0.001477152 0.000902343 0.118541822 -0.001478088 0.999998391 0.001038117 -0.185738891 -0.000900808 -0.001039449 0.999999046 6.810245514
0.999998569 0.001284420 0.001075031 0.129935727 -0.001285444 0.999998748 0.000952750 -0.191480324 -0.001073806 -0.000954131 0.999998927 7.112721920
0.999998510 0.001258611 0.001257770 0.132131189 -0.001260202 0.999998391 0.001265025 -0.209531128 -0.001256176 -0.001266608 0.999998331 7.401040077
0.999998033 0.001368539 0.001436614 0.134443447 -0.001370517 0.999998152 0.001376381 -0.220094696 -0.001434728 -0.001378348 0.999997973 7.703393936
0.999997675 0.001458645 0.001566499 0.141279221 -0.001460759 0.999997973 0.001349061 -0.228944719 -0.001564528 -0.001351346 0.999997854 8.022848129
0.999998152 0.001348970 0.001328839 0.147646293 -0.001351013 0.999997914 0.001538300 -0.240761980 -0.001326762 -0.001540092 0.999997854 8.349250793
0.999997556 0.001676977 0.001452831 0.153367892 -0.001679035 0.999997616 0.001416374 -0.248798266 -0.001450452 -0.001418810 0.999997854 8.673582077
0.999998450 0.000867463 0.001535626 0.159398884 -0.000869329 0.999998868 0.001215043 -0.255438298 -0.001534571 -0.001216377 0.999998093 9.019393921
0.999998569 0.001048204 0.001358832 0.169707701 -0.001049906 0.999998629 0.001252121 -0.266861886 -0.001357517 -0.001253546 0.999998331 9.359760284
0.999996960 0.001806157 0.001732171 0.169507578 -0.001808578 0.999997318 0.001396986 -0.282792538 -0.001729643 -0.001400114 0.999997497 9.701122284
0.999997497 0.001500500 0.001681085 0.178431526 -0.001503744 0.999996960 0.001930029 -0.294006974 -0.001678184 -0.001932552 0.999996722 10.055624008
0.999997377 0.001604982 0.001620310 0.184958667 -0.001607170 0.999997795 0.001350122 -0.301966876 -0.001618140 -0.001352723 0.999997795 10.403731346
0.999996960 0.001801886 0.001679425 0.192335412 -0.001804746 0.999996901 0.001702884 -0.312167943 -0.001676351 -0.001705910 0.999997139 10.768194199
0.999997854 0.001535284 0.001406369 0.197638005 -0.001537365 0.999997675 0.001479694 -0.317379117 -0.001404095 -0.001481853 0.999997854 11.143219948
0.999998808 0.000934569 0.001186576 0.214695990 -0.000936465 0.999998391 0.001598237 -0.333407164 -0.001185080 -0.001599347 0.999998033 11.510960579
0.999997914 0.001632697 0.001165097 0.223478466 -0.001634538 0.999997377 0.001581117 -0.341285616 -0.001162513 -0.001583019 0.999998093 11.889616966
0.999997616 0.001409992 0.001653435 0.224183440 -0.001413085 0.999997199 0.001870765 -0.358052820 -0.001650793 -0.001873097 0.999996901 12.276308060
0.999997556 0.001264820 0.001794561 0.234274238 -0.001269148 0.999996305 0.002412518 -0.373008043 -0.001791503 -0.002414790 0.999995530 12.669065475
0.999998033 0.001137138 0.001614777 0.238964096 -0.001140646 0.999996960 0.002173642 -0.377959311 -0.001612301 -0.002175479 0.999996305 13.074287415
0.999998391 0.000880770 0.001589394 0.254603893 -0.000884258 0.999997199 0.002195283 -0.392906636 -0.001587456 -0.002196685 0.999996305 13.473121643
0.999997199 0.001366921 0.001940937 0.255903691 -0.001371634 0.999996126 0.002429192 -0.407253116 -0.001937609 -0.002431847 0.999995172 13.884525299
0.999996543 0.001433240 0.002182396 0.262751341 -0.001439793 0.999994457 0.003003886 -0.420189679 -0.002178079 -0.003007018 0.999993026 14.295165062
0.999994993 0.001955260 0.002462724 0.271011025 -0.001961527 0.999994814 0.002545038 -0.431024194 -0.002457736 -0.002549856 0.999993682 14.714239120
0.999996245 0.001545133 0.002256808 0.292997420 -0.001550975 0.999995470 0.002588981 -0.438139439 -0.002252798 -0.002592472 0.999994040 15.148983002
0.999993980 0.002236558 0.002657840 0.292836040 -0.002243578 0.999994099 0.002640981 -0.452134341 -0.002651917 -0.002646928 0.999992967 15.594409943
0.999993503 0.001510141 0.003281046 0.299525529 -0.001519670 0.999994576 0.002903689 -0.463243932 -0.003276643 -0.002908656 0.999990404 16.055006027
0.999992430 0.001500516 0.003580868 0.309237421 -0.001510796 0.999994755 0.002870012 -0.473529637 -0.003576543 -0.002875401 0.999989450 16.492275238
0.999993086 0.001714992 0.003309831 0.321470410 -0.001722764 0.999995768 0.002346697 -0.481658638 -0.003305793 -0.002352383 0.999991715 16.946001053
0.999987364 0.002278506 0.004479783 0.327755809 -0.002290411 0.999993861 0.002654102 -0.498845220 -0.004473708 -0.002664329 0.999986410 17.390552521
0.999987125 0.002187417 0.004564743 0.337843031 -0.002202180 0.999992311 0.003231664 -0.517344534 -0.004557639 -0.003241675 0.999984384 17.835468292
0.999985039 0.002274168 0.004971001 0.351329237 -0.002289397 0.999992669 0.003059929 -0.527784526 -0.004964005 -0.003071263 0.999983013 18.301082611
0.999986708 0.001937244 0.004767724 0.371630222 -0.001949412 0.999994934 0.002548913 -0.529908061 -0.004762762 -0.002558173 0.999985397 18.793611526
0.999986291 0.001936530 0.004853523 0.378482431 -0.001948209 0.999995232 0.002402707 -0.547331750 -0.004848846 -0.002412130 0.999985337 19.254079819
0.999987304 0.001874052 0.004658979 0.396431804 -0.001887655 0.999993920 0.002917273 -0.561977744 -0.004653483 -0.002926031 0.999984920 19.729331970
0.999988198 0.001830783 0.004486903 0.402236819 -0.001846920 0.999991834 0.003595035 -0.575936675 -0.004480283 -0.003603279 0.999983549 20.220220566
0.999983251 0.002220381 0.005340324 0.412333876 -0.002236730 0.999992788 0.003057529 -0.595149100 -0.005333497 -0.003069423 0.999981046 20.697042465
0.999988735 0.001830193 0.004371232 0.426605940 -0.001844254 0.999993205 0.003215010 -0.609377265 -0.004365318 -0.003223036 0.999985278 21.209194183
0.999987006 0.002683809 0.004326275 0.426142454 -0.002695961 0.999992371 0.002805678 -0.618468463 -0.004318712 -0.002817305 0.999986708 21.721508026
0.999987483 0.002731873 0.004185147 0.435305327 -0.002744262 0.999991834 0.002957244 -0.632731974 -0.004177033 -0.002968693 0.999986887 22.239997864
0.999989092 0.002632360 0.003843905 0.448595732 -0.002643432 0.999992371 0.002878163 -0.643939197 -0.003836299 -0.002888293 0.999988496 22.761461258
0.999991596 0.002929654 0.002857319 0.464069158 -0.002936746 0.999992609 0.002480816 -0.657565176 -0.002850030 -0.002489187 0.999992847 23.260410309
0.999994397 0.002600075 0.002114719 0.479110748 -0.002607255 0.999990821 0.003400254 -0.681482315 -0.002105859 -0.003405748 0.999991953 23.770910263
0.999998331 0.000801780 0.001671248 0.487418711 -0.000807397 0.999994040 0.003362713 -0.700377822 -0.001668542 -0.003364057 0.999992967 24.295616150
0.999998748 0.001508963 0.000533241 0.497689575 -0.001510610 0.999994040 0.003101364 -0.707682133 -0.000528558 -0.003102165 0.999995053 24.834796906
0.999999225 0.001204152 0.000248755 0.499918640 -0.001205045 0.999992669 0.003621664 -0.719905794 -0.000244392 -0.003621961 0.999993384 25.361072540
0.999997318 0.002310121 -0.000024473 0.501603901 -0.002310002 0.999989033 0.004072048 -0.743125558 0.000033879 -0.004071981 0.999991655 25.890081406
0.999996543 0.002587240 -0.000507379 0.509632230 -0.002585227 0.999988914 0.003928889 -0.753250837 0.000517538 -0.003927563 0.999992192 26.441860199
0.999997914 0.000863296 -0.001818330 0.542952180 -0.000855627 0.999990761 0.004214332 -0.775754273 0.001821951 -0.004212767 0.999989450 26.999883652
0.999997199 0.001885057 -0.001439884 0.534181237 -0.001878276 0.999987125 0.004696596 -0.800387919 0.001448719 -0.004693878 0.999987960 27.551013947
0.999994993 0.002945381 -0.001127954 0.538937986 -0.002940142 0.999984980 0.004618664 -0.810581923 0.001141541 -0.004615325 0.999988794 28.112092972
0.999995470 0.002330014 -0.001870124 0.552877426 -0.002321929 0.999987960 0.004313610 -0.819214582 0.001880153 -0.004309249 0.999988973 28.665052414
0.999994993 0.002578719 -0.001806634 0.558497488 -0.002570842 0.999987185 0.004348862 -0.836818457 0.001817825 -0.004344196 0.999988854 29.217660904
0.999993742 0.001832899 -0.003013762 0.580214083 -0.001820383 0.999989748 0.004150351 -0.846663356 0.003021338 -0.004144839 0.999986827 29.766679764
0.999990284 0.002668821 -0.003508750 0.584792733 -0.002654480 0.999988139 0.004085681 -0.858852029 0.003519611 -0.004076327 0.999985516 30.319452286
0.999988616 0.001959127 -0.004357427 0.599698901 -0.001941251 0.999989688 0.004102774 -0.873595238 0.004365419 -0.004094269 0.999982119 30.861495972
0.999986410 0.002411906 -0.004615812 0.613034427 -0.002390988 0.999986887 0.004531865 -0.890321136 0.004626683 -0.004520767 0.999979079 31.424528122
0.999980867 0.003531441 -0.005062656 0.616913378 -0.003508717 0.999983788 0.004490331 -0.900221109 0.005078431 -0.004472482 0.999977112 31.975238800
0.999984026 0.001727446 -0.005372628 0.631148994 -0.001703557 0.999988675 0.004447746 -0.925085127 0.005380251 -0.004438523 0.999975622 32.519454956
0.999982953 0.001830506 -0.005541054 0.631499231 -0.001805378 0.999988079 0.004536402 -0.942436218 0.005549292 -0.004526321 0.999974310 33.062484741
0.999980509 0.001560551 -0.006040221 0.643440485 -0.001532901 0.999988258 0.004579551 -0.950786829 0.006047296 -0.004570202 0.999971271 33.607318878
0.999979854 0.000790495 -0.006300503 0.652533114 -0.000760957 0.999988735 0.004689153 -0.970495582 0.006304139 -0.004684265 0.999969125 34.160800934
0.999978781 0.001372351 -0.006356482 0.654913783 -0.001342595 0.999988139 0.004683069 -0.973312318 0.006362833 -0.004674436 0.999968767 34.692253113
0.999977648 0.001477793 -0.006514697 0.664913177 -0.001447948 0.999988496 0.004583621 -0.992318869 0.006521395 -0.004574086 0.999968231 35.219833374
0.999975026 0.001337764 -0.006930141 0.668946624 -0.001302868 0.999986470 0.005037402 -1.002075434 0.006936785 -0.005028248 0.999963224 35.768726349
0.999970376 0.002010588 -0.007424406 0.680421770 -0.001971656 0.999984264 0.005247419 -1.015447855 0.007434840 -0.005232626 0.999958634 36.314048767
0.999972820 0.001714708 -0.007172376 0.687185526 -0.001684906 0.999989927 0.004159050 -1.021987319 0.007179436 -0.004146852 0.999965608 36.864341736
0.999969721 0.001070363 -0.007705268 0.697057307 -0.001038865 0.999991119 0.004090683 -1.032959223 0.007709578 -0.004082554 0.999961972 37.412563324
0.999968886 0.000942231 -0.007828076 0.707258224 -0.000911444 0.999991894 0.003935464 -1.043095469 0.007831722 -0.003928207 0.999961674 37.964908600
0.999968469 0.001636059 -0.007769974 0.707946301 -0.001605840 0.999991119 0.003893815 -1.064621568 0.007776275 -0.003881215 0.999962211 38.473194122
0.999969780 0.001240567 -0.007675919 0.710157037 -0.001211873 0.999992311 0.003741748 -1.073397040 0.007680502 -0.003732333 0.999963522 39.027664185
0.999964595 0.000974677 -0.008348770 0.723582029 -0.000939203 0.999990523 0.004251878 -1.090651512 0.008352835 -0.004243886 0.999956131 39.559577942
0.999960661 0.000464942 -0.008854521 0.729321361 -0.000428083 0.999991238 0.004164272 -1.101723075 0.008856380 -0.004160318 0.999952078 40.120830536
0.999960065 0.000529619 -0.008918505 0.736463070 -0.000493145 0.999991536 0.004091423 -1.115974188 0.008920596 -0.004086861 0.999951899 40.672576904
0.999963701 0.001347015 -0.008424187 0.735322118 -0.001320820 0.999994278 0.003114324 -1.124789357 0.008428333 -0.003103084 0.999959588 41.225975037
0.999960899 0.001246840 -0.008757007 0.739107549 -0.001218840 0.999994099 0.003202084 -1.139196277 0.008760948 -0.003191285 0.999956489 41.769599915
0.999968410 0.001547376 -0.007789001 0.732388496 -0.001517720 0.999991536 0.003811931 -1.154981256 0.007794836 -0.003799990 0.999962389 42.314373016
0.999965549 0.000712487 -0.008272639 0.743475080 -0.000679716 0.999991834 0.003963624 -1.168079138 0.008275397 -0.003957864 0.999957919 42.863697052
0.999972463 0.001503035 -0.007266884 0.743387938 -0.001471467 0.999989510 0.004347385 -1.183566809 0.007273342 -0.004336573 0.999964118 43.399890900
0.999962449 0.002062461 -0.008406961 0.760502279 -0.002028743 0.999989867 0.004017283 -1.197148800 0.008415163 -0.004000077 0.999956608 43.945735931
0.999965608 0.002470553 -0.007912133 0.761172950 -0.002438984 0.999988973 0.003997073 -1.209996104 0.007921919 -0.003977638 0.999960721 44.491775513
0.999968827 0.002258329 -0.007559142 0.765151501 -0.002228071 0.999989450 0.004008758 -1.225404501 0.007568117 -0.003991791 0.999963403 45.034095764
0.999971986 0.002296630 -0.007123257 0.773755908 -0.002270746 0.999990821 0.003639584 -1.239197493 0.007131550 -0.003623307 0.999967933 45.588459015
0.999972939 0.002682554 -0.006846018 0.776771903 -0.002653934 0.999987662 0.004186206 -1.254182458 0.006857164 -0.004167924 0.999967754 46.134986877
0.999971926 0.002806735 -0.006967869 0.784964442 -0.002782966 0.999990284 0.003418531 -1.263675213 0.006977397 -0.003399044 0.999969900 46.686290741
0.999971986 0.003410930 -0.006664723 0.794354320 -0.003384269 0.999986231 0.004007449 -1.282334089 0.006678300 -0.003984781 0.999969721 47.246814728
0.999970615 0.002639463 -0.007185996 0.805954933 -0.002610380 0.999988377 0.004053635 -1.295424104 0.007196611 -0.004034758 0.999965906 47.799282074
0.999971092 0.003361874 -0.006809642 0.812431753 -0.003335096 0.999986649 0.003939815 -1.312268019 0.006822796 -0.003916990 0.999969065 48.343944550
0.999971271 0.003002060 -0.006957772 0.825663805 -0.002974076 0.999987483 0.004028780 -1.325340986 0.006969779 -0.004007971 0.999967694 48.885665894
0.999967694 0.002638443 -0.007594649 0.837314248 -0.002611918 0.999990463 0.003500379 -1.334596992 0.007603811 -0.003480430 0.999965072 49.431964874
0.999972939 0.003202120 -0.006639056 0.843788147 -0.003175927 0.999987125 0.003952025 -1.354488850 0.006651627 -0.003930832 0.999970138 49.985912323
0.999968827 0.003413338 -0.007112418 0.851300240 -0.003387812 0.999987781 0.003597868 -1.361325502 0.007124613 -0.003573661 0.999968231 50.530990601
0.999967992 0.003434186 -0.007224451 0.855359077 -0.003411079 0.999989092 0.003208327 -1.375143051 0.007235390 -0.003183581 0.999968767 51.064044952
0.999971688 0.003325278 -0.006770420 0.875517905 -0.003295187 0.999984682 0.004450830 -1.406296849 0.006785118 -0.004428395 0.999967098 51.623672485
0.999969721 0.003630453 -0.006883244 0.881763339 -0.003602166 0.999985158 0.004117538 -1.415851355 0.006898091 -0.004092619 0.999967813 52.148906708
0.999972105 0.003915949 -0.006378512 0.883607268 -0.003891841 0.999985278 0.003787608 -1.426739693 0.006393252 -0.003762678 0.999972403 52.701976776
0.999971986 0.003837028 -0.006422262 0.895209730 -0.003810295 0.999983966 0.004169600 -1.445135832 0.006438158 -0.004145012 0.999970675 53.247722626
0.999967694 0.005086537 -0.006218138 0.895246387 -0.005063734 0.999980330 0.003677351 -1.458033800 0.006236721 -0.003645745 0.999973834 53.795574188
0.999968946 0.004580216 -0.006412555 0.905578732 -0.004555580 0.999982119 0.003851267 -1.475967407 0.006430082 -0.003821934 0.999971986 54.336647034
0.999970675 0.005163205 -0.005645127 0.904649734 -0.005143296 0.999980509 0.003535704 -1.485625029 0.005663273 -0.003506566 0.999977827 54.872467041
0.999969184 0.004878670 -0.006146681 0.918700337 -0.004858461 0.999982774 0.003298407 -1.498804092 0.006162667 -0.003268442 0.999975622 55.414886475
0.999970019 0.004579954 -0.006237301 0.929383278 -0.004559500 0.999984145 0.003289634 -1.509770155 0.006252269 -0.003261097 0.999975145 55.956684113
0.999969482 0.004631617 -0.006281077 0.934340835 -0.004611011 0.999983966 0.003291051 -1.522625685 0.006296219 -0.003261989 0.999974847 56.505725861
0.999968171 0.004669424 -0.006472685 0.952110052 -0.004647699 0.999983549 0.003367408 -1.539805293 0.006488302 -0.003337217 0.999973357 57.048076630
0.999967873 0.004912540 -0.006334317 0.953761935 -0.004894047 0.999983668 0.002931800 -1.545783162 0.006348616 -0.002900705 0.999975562 57.599777222
0.999967575 0.004915700 -0.006369401 0.963142037 -0.004899231 0.999984622 0.002598520 -1.557072163 0.006382076 -0.002567231 0.999976337 58.145084381
0.999967992 0.004883407 -0.006337297 0.975752115 -0.004867041 0.999984741 0.002595394 -1.567132235 0.006349876 -0.002564466 0.999976516 58.682720184
0.999966860 0.004877187 -0.006517798 0.987105846 -0.004858877 0.999984145 0.002822394 -1.586629510 0.006531460 -0.002790632 0.999974787 59.204799652
0.999967158 0.005170446 -0.006242928 0.988451302 -0.005155402 0.999983788 0.002423541 -1.602726340 0.006255358 -0.002391276 0.999977589 59.731994629
0.999965429 0.004894430 -0.006722236 1.001510739 -0.004880066 0.999985754 0.002151390 -1.615549445 0.006732669 -0.002118511 0.999975085 60.273075104
0.999963641 0.005502598 -0.006505718 1.008843064 -0.005486514 0.999981880 0.002487669 -1.630227447 0.006519289 -0.002451885 0.999975741 60.838035583
0.999965549 0.005473438 -0.006255620 1.015660286 -0.005459197 0.999982417 0.002291395 -1.639611244 0.006268052 -0.002257165 0.999977767 61.388614655
0.999966621 0.005116235 -0.006365836 1.029489636 -0.005102339 0.999984562 0.002196951 -1.654693007 0.006376978 -0.002164397 0.999977350 61.929603577
0.999962986 0.006193354 -0.005993017 1.032125235 -0.006182016 0.999979079 0.001908826 -1.662282467 0.006004714 -0.001871706 0.999980211 62.471809387
0.999966979 0.005606622 -0.005880495 1.041649938 -0.005597452 0.999983191 0.001574542 -1.679710388 0.005889224 -0.001541575 0.999981463 63.017765045
0.999966562 0.005844515 -0.005714895 1.045697689 -0.005833701 0.999981165 0.001906801 -1.687348485 0.005725931 -0.001873398 0.999981821 63.548431396
0.999963880 0.006322789 -0.005680933 1.052123427 -0.006312948 0.999978542 0.001748044 -1.706736922 0.005691864 -0.001712118 0.999982357 64.078643799
0.999963582 0.006548131 -0.005475127 1.058933496 -0.006543258 0.999978125 0.000907337 -1.708957434 0.005480949 -0.000871479 0.999984622 64.612571716
0.999965847 0.006649819 -0.004908076 1.035140634 -0.006643751 0.999977171 0.001252104 -1.722065926 0.004916291 -0.001219453 0.999987185 65.174903870
0.999970376 0.005309812 -0.005568938 1.073149920 -0.005303520 0.999985218 0.001144162 -1.738770723 0.005574930 -0.001114594 0.999983847 65.684082031
0.999971867 0.005239012 -0.005367079 1.079554319 -0.005234243 0.999985874 0.000902236 -1.752701283 0.005371731 -0.000874118 0.999985218 66.223213196
0.999970853 0.005402475 -0.005379794 1.090826750 -0.005399015 0.999985218 0.000657828 -1.769034982 0.005383268 -0.000628763 0.999985337 66.771133423
0.999969900 0.005488700 -0.005489220 1.104397774 -0.005486346 0.999984801 0.000443367 -1.784357429 0.005491570 -0.000413238 0.999984801 67.318061829
0.999971449 0.005390123 -0.005290685 1.112162828 -0.005388724 0.999985456 0.000278380 -1.799512506 0.005292109 -0.000249862 0.999985933 67.865356445
0.999973178 0.005130269 -0.005226333 1.123671651 -0.005128489 0.999986768 0.000353551 -1.820050359 0.005228078 -0.000326739 0.999986291 68.393417358
0.999968946 0.005724419 -0.005404946 1.133827567 -0.005722030 0.999983549 0.000457588 -1.817596436 0.005407477 -0.000426647 0.999985218 68.889549255
0.999966621 0.006316092 -0.005184630 1.134806871 -0.006311309 0.999979556 0.000938500 -1.838526487 0.005190453 -0.000905747 0.999986112 69.437873840
0.999965072 0.006475376 -0.005289260 1.141422510 -0.006474001 0.999979019 0.000277131 -1.839579463 0.005290942 -0.000242879 0.999985993 69.964859009
0.999964595 0.006748114 -0.005039531 1.147070765 -0.006744247 0.999977052 0.000783769 -1.857552171 0.005044703 -0.000749754 0.999987006 70.520622253
0.999970615 0.006040118 -0.004716566 1.151372313 -0.006039006 0.999981761 0.000249506 -1.863392591 0.004717987 -0.000221015 0.999988854 71.005805969
0.999966025 0.006694379 -0.004804054 1.155224800 -0.006692942 0.999977648 0.000314790 -1.872422218 0.004806054 -0.000282626 0.999988377 71.535682678
0.999970913 0.005890948 -0.004838626 1.162955999 -0.005888714 0.999982536 0.000476024 -1.889486074 0.004841347 -0.000447517 0.999988198 72.055320740
0.999969900 0.006049306 -0.004877099 1.169731259 -0.006049825 0.999981701 -0.000091563 -1.900022268 0.004876456 0.000121066 0.999988079 72.575103760
0.999970317 0.006137293 -0.004641526 1.179539084 -0.006136465 0.999981165 0.000192500 -1.916242599 0.004642621 -0.000164012 0.999989212 73.091827393
0.999966562 0.006712361 -0.004661691 1.185101986 -0.006708976 0.999977231 0.000741186 -1.932416320 0.004666560 -0.000709886 0.999988854 73.644577026
0.999969423 0.006315396 -0.004607067 1.195030451 -0.006312365 0.999979854 0.000672162 -1.947214723 0.004611220 -0.000643060 0.999989092 74.176986694
0.999970198 0.006122244 -0.004704170 1.202752709 -0.006120075 0.999981165 0.000475229 -1.956039071 0.004706991 -0.000446425 0.999988794 74.717941284
0.999968112 0.006633627 -0.004426434 1.210271955 -0.006633437 0.999978006 0.000057640 -1.971382499 0.004426718 -0.000028276 0.999990225 75.271148682
0.999966741 0.006852584 -0.004418865 1.221022010 -0.006853077 0.999976516 -0.000096519 -1.985306740 0.004418100 0.000126799 0.999990225 75.799163818
0.999967813 0.006358094 -0.004891379 1.230029941 -0.006357888 0.999979794 0.000057800 -2.000179768 0.004891648 -0.000026699 0.999987960 76.341369629
0.999966741 0.006434219 -0.005000349 1.243982792 -0.006434710 0.999979317 -0.000081808 -2.020703077 0.004999719 0.000113981 0.999987483 76.860473633
0.999968112 0.005754162 -0.005525582 1.252170801 -0.005755951 0.999983430 -0.000307962 -2.033385754 0.005523719 0.000339757 0.999984682 77.414726257
0.999968231 0.006155421 -0.005065085 1.257254362 -0.006156277 0.999981046 -0.000153188 -2.048784256 0.005064046 0.000184365 0.999987185 77.951629639
0.999970973 0.005747171 -0.005006424 1.255059838 -0.005747749 0.999983490 -0.000101201 -2.072602749 0.005005760 0.000129974 0.999987483 78.498977661
0.999967039 0.006594072 -0.004731114 1.260138869 -0.006595369 0.999978244 -0.000259038 -2.083548546 0.004729302 0.000290233 0.999988854 79.053352356
0.999968112 0.006439667 -0.004747468 1.278371930 -0.006439100 0.999979258 0.000134762 -2.102396965 0.004748236 -0.000104188 0.999988735 79.597625732
0.999968350 0.006262325 -0.004897226 1.290751457 -0.006262362 0.999980390 0.000007835 -2.114174366 0.004897179 0.000022833 0.999987960 80.136123657
0.999970436 0.006773511 -0.003646111 1.298355579 -0.006773968 0.999977052 -0.000113173 -2.134703159 0.003645259 0.000137869 0.999993324 80.665100098
0.999974132 0.006891553 -0.002091845 1.304722071 -0.006891909 0.999976277 -0.000162923 -2.154011250 0.002090673 0.000177335 0.999997795 81.208511353
0.999980211 0.005949643 -0.002045907 1.331335783 -0.005950364 0.999982178 -0.000347038 -2.164170265 0.002043806 0.000359205 0.999997854 81.751945496
0.999979377 0.006422885 -0.000325235 1.332634211 -0.006422959 0.999979377 -0.000227161 -2.181243896 0.000323770 0.000229245 1.000000000 82.301925659
0.999980450 0.005821552 0.002257418 1.356576443 -0.005820332 0.999982834 -0.000546658 -2.201804876 -0.002260562 0.000533508 0.999997318 82.848007202
0.999968708 0.005509818 0.005678127 1.375918388 -0.005508132 0.999984741 -0.000312532 -2.216166735 -0.005679763 0.000281246 0.999983788 83.370582581
0.999938250 0.006080763 0.009302202 1.389210701 -0.006080290 0.999981463 -0.000079280 -2.232017040 -0.009302512 0.000022715 0.999956727 83.905380249
0.999895394 0.005897352 0.013206343 1.410000920 -0.005898339 0.999982536 0.000035861 -2.250763893 -0.013205900 -0.000113752 0.999912798 84.436508179
0.999788702 0.006571392 0.019473059 1.440462112 -0.006574675 0.999978364 0.000104598 -2.264559746 -0.019471953 -0.000232605 0.999810398 84.984207153
0.999659061 0.006423605 0.025309078 1.471897602 -0.006419613 0.999979377 -0.000239011 -2.282234669 -0.025310092 0.000076455 0.999679625 85.513473511
0.999496996 0.006230729 0.031095063 1.506610870 -0.006227803 0.999980569 -0.000190941 -2.297698498 -0.031095650 -0.000002809 0.999516428 86.058135986
0.999197781 0.006158404 0.039570644 1.540599942 -0.006143564 0.999980986 -0.000496618 -2.314158916 -0.039572954 0.000253115 0.999216616 86.619132996
0.998833001 0.005744039 0.047954082 1.590726852 -0.005721629 0.999983430 -0.000604545 -2.329070330 -0.047956768 0.000329464 0.998849332 87.179328918
0.998477757 0.006408322 0.054782316 1.632747173 -0.006396229 0.999979436 -0.000396063 -2.346436739 -0.054783721 0.000045060 0.998498261 87.720420837
0.997935712 0.006130816 0.063927211 1.686906099 -0.006108365 0.999981165 -0.000546651 -2.364968777 -0.063929357 0.000155031 0.997954428 88.255592346
0.997256935 0.005758061 0.073793359 1.755610943 -0.005703530 0.999983311 -0.000949665 -2.382158995 -0.073797591 0.000526177 0.997273088 88.798324585
0.996578276 0.005694916 0.082458094 1.816104889 -0.005638414 0.999983668 -0.000918066 -2.391627312 -0.082461968 0.000449992 0.996594071 89.356163025
0.995981455 0.004744649 0.089433603 1.884308815 -0.004643650 0.999988317 -0.001337357 -2.407006025 -0.089438923 0.000916684 0.995991826 89.890754700
0.995019972 0.004849625 0.099557869 1.961035252 -0.004728050 0.999987781 -0.001457061 -2.420475721 -0.099563733 0.000979090 0.995030701 90.442924500
0.993959427 0.004392139 0.109660231 2.052015305 -0.004286741 0.999990046 -0.001196869 -2.438401937 -0.109664381 0.000719554 0.993968427 90.987838745
0.992900848 0.003154043 0.118903361 2.140375137 -0.003005588 0.999994397 -0.001427834 -2.458694696 -0.118907206 0.001060323 0.992904782 91.525047302
0.991441846 0.003540352 0.130501747 2.231478691 -0.003435623 0.999993503 -0.001027650 -2.477709055 -0.130504593 0.000570500 0.991447568 92.059883118
0.989664018 0.003386075 0.143365696 2.328824043 -0.003246783 0.999994099 -0.001205521 -2.493230820 -0.143368870 0.000727583 0.989668965 92.609603882
0.988091052 0.002940222 0.153842673 2.431534767 -0.002790487 0.999995410 -0.001189226 -2.511295080 -0.153845429 0.000745768 0.988094628 93.144622803
0.986372292 0.003426231 0.164492667 2.545602798 -0.003268459 0.999993920 -0.001229796 -2.525700092 -0.164495856 0.000675399 0.986377537 93.706863403
0.984175503 0.002626409 0.177176848 2.668277740 -0.002469708 0.999996364 -0.001104955 -2.544071674 -0.177179083 0.000649894 0.984178424 94.237510681
0.981813788 0.002649077 0.189827845 2.800365448 -0.002460446 0.999996245 -0.001229363 -2.562803745 -0.189830378 0.000739945 0.981816649 94.804901123
0.979848027 0.002557762 0.199727997 2.926905632 -0.002344359 0.999996364 -0.001304959 -2.578975201 -0.199730620 0.000810427 0.979850531 95.339416504
0.977120340 0.001431001 0.212682396 3.069948196 -0.001107075 0.999998033 -0.001642132 -2.595334530 -0.212684363 0.001369106 0.977120042 95.864921570
0.974048436 0.001431684 0.226334795 3.211126328 -0.000946490 0.999997020 -0.002252209 -2.603328943 -0.226337358 0.001979537 0.974047005 96.399993896
0.971240103 0.002136186 0.238092557 3.355970383 -0.001717005 0.999996662 -0.001967950 -2.617571592 -0.238095939 0.001502546 0.971240461 96.938514709
0.968650818 0.002003868 0.248418242 3.521244049 -0.001787230 0.999997914 -0.001097593 -2.655004263 -0.248419866 0.000619204 0.968652368 97.455177307
0.965102851 0.001106277 0.261868745 3.684551239 -0.001012552 0.999999344 -0.000492841 -2.677078724 -0.261869162 0.000210486 0.965103328 97.947135925
0.961670160 0.000525641 0.274208605 3.855829239 -0.000235326 0.999999344 -0.001091630 -2.694026709 -0.274209023 0.000985260 0.961669624 98.469802856
0.958328545 0.000280239 0.285668284 4.040435791 -0.000098494 0.999999702 -0.000650577 -2.712027550 -0.285668373 0.000595330 0.958328307 99.016792297
0.953974307 0.000639085 0.299887717 4.228853226 -0.000449765 0.999999583 -0.000700332 -2.726350069 -0.299888074 0.000533220 0.953974187 99.541938782
0.949557722 -0.000200681 0.313592345 4.433815002 0.000386710 0.999999762 -0.000531015 -2.745359659 -0.313592166 0.000625498 0.949557543 100.065116882
0.945696294 -0.000484886 0.325051248 4.638387680 0.000764476 0.999999404 -0.000732427 -2.757317066 -0.325050741 0.000941148 0.945696115 100.590797424
0.941025138 -0.000220222 0.338337004 4.838100433 0.000506546 0.999999523 -0.000757975 -2.772057533 -0.338336706 0.000884657 0.941024721 101.116325378
0.935902178 -0.000689462 0.352259248 5.059354782 0.001030586 0.999999166 -0.000780864 -2.794330120 -0.352258474 0.001093846 0.935902119 101.632026672
0.931191444 -0.001417612 0.364527524 5.288297653 0.001894074 0.999997675 -0.000949551 -2.806608915 -0.364525378 0.001574656 0.931192100 102.139137268
0.926625252 -0.002159077 0.375979871 5.513591766 0.002670503 0.999996126 -0.000839106 -2.821223974 -0.375976592 0.001781592 0.926627576 102.623092651
0.920667648 -0.002065297 0.390341699 5.756027222 0.002328661 0.999997199 -0.000201442 -2.844381332 -0.390340209 0.001094435 0.920669973 103.154930115
0.914980471 -0.002113063 0.403492510 6.001052856 0.002438060 0.999997020 -0.000291754 -2.857338428 -0.403490722 0.001250688 0.914982855 103.649414062
0.910081923 -0.002857134 0.414418459 6.252716064 0.003266660 0.999994636 -0.000279450 -2.875293016 -0.414415538 0.001608087 0.910086274 104.165168762
0.904357016 -0.003348109 0.426763654 6.513217926 0.003906546 0.999992251 -0.000433094 -2.887450933 -0.426758885 0.002058844 0.904363096 104.656829834
0.897741199 -0.003247805 0.440511167 6.766490936 0.003638335 0.999993384 -0.000041997 -2.905224085 -0.440508068 0.001640430 0.897747159 105.139167786
0.891973078 -0.003736462 0.452073038 7.043529510 0.004527471 0.999989569 -0.000667946 -2.912145138 -0.452065766 0.002642537 0.891980708 105.625640869
0.886060774 -0.003916034 0.463552594 7.312866211 0.004396117 0.999990344 0.000044804 -2.937263250 -0.463548303 0.001998133 0.886069417 106.109710693
0.878746569 -0.004219974 0.477269977 7.602046967 0.004714014 0.999988854 0.000162388 -2.956161499 -0.477265328 0.002107159 0.878756642 106.592384338
0.871690869 -0.004914954 0.490031421 7.889514923 0.005744770 0.999983490 -0.000189358 -2.969018936 -0.490022421 0.002980179 0.871704698 107.052627563
