1.000000000 0.000000000 0.000000000 0.000000000 0.000000000 1.000000000 0.000000000 0.000000000 0.000000000 0.000000000 1.000000000 0.000000000
1.000000000 0.000009523 0.000043157 0.000179105 -0.000009526 1.000000000 0.000088116 -0.000397700 -0.000043156 -0.000088116 1.000000000 -0.000360888
1.000000000 0.000012516 -0.000147865 0.001248842 -0.000012513 1.000000000 0.000024369 -0.000512187 0.000147865 -0.000024367 1.000000000 -0.000891248
1.000000000 0.000029407 -0.000032945 0.000721715 -0.000029405 1.000000000 0.000052453 -0.000312197 0.000032947 -0.000052452 1.000000000 0.000608722
1.000000000 0.000059072 -0.000049749 0.000061906 -0.000059072 1.000000000 0.000000313 0.000024363 0.000049749 -0.000000310 1.000000000 -0.000041725
1.000000000 0.000087152 -0.000069301 -0.000150242 -0.000087152 1.000000000 0.000002233 -0.000365258 0.000069302 -0.000002227 1.000000000 -0.000224016
1.000000000 0.000130860 -0.000076011 0.000511476 -0.000130860 1.000000000 0.000002578 -0.000755479 0.000076011 -0.000002568 1.000000000 -0.001687576
1.000000000 0.000053445 -0.000033573 0.000625466 -0.000053448 1.000000000 -0.000088449 0.000554484 0.000033568 0.000088451 1.000000000 -0.000339272
1.000000000 0.000000035 0.000084847 0.000492954 -0.000000035 1.000000000 -0.000005328 -0.000329863 -0.000084847 0.000005328 1.000000000 -0.001559465
1.000000000 -0.000145866 -0.000020178 0.000831699 0.000145865 1.000000000 -0.000058937 0.000938224 0.000020187 0.000058934 1.000000000 0.001655129
1.000000000 -0.000089151 -0.000048152 0.000792965 0.000089151 1.000000000 -0.000007648 0.000035705 0.000048153 0.000007644 1.000000000 0.001679668
1.000000000 -0.000004630 0.000025078 0.000330570 0.000004635 1.000000000 -0.000189164 0.002305744 -0.000025078 0.000189164 1.000000000 0.003340157
1.000000000 -0.000134107 0.000003253 0.000240359 0.000134107 1.000000000 0.000035595 0.000282594 -0.000003258 -0.000035595 1.000000000 0.001342399
1.000000000 -0.000117891 -0.000010024 0.000594083 0.000117892 1.000000000 0.000075394 0.000292942 0.000010015 -0.000075395 1.000000000 0.000907300
1.000000000 -0.000145734 -0.000136157 0.001574119 0.000145744 1.000000000 0.000072130 -0.000329409 0.000136147 -0.000072150 1.000000000 0.000326568
1.000000000 -0.000043066 -0.000058240 0.000036252 0.000043065 1.000000000 -0.000009988 -0.000042458 0.000058240 0.000009985 1.000000000 -0.000216238
1.000000000 0.000183108 0.000134753 -0.001262606 -0.000183112 1.000000000 0.000025583 0.000182490 -0.000134748 -0.000025607 1.000000000 0.001239768
1.000000000 0.000020483 -0.000237703 0.001204304 -0.000020513 1.000000000 -0.000125085 0.000569345 0.000237701 0.000125090 0.999999940 0.000234495
0.999999940 -0.000241126 -0.000072079 0.001180329 0.000241122 0.999999940 -0.000048507 0.000076065 0.000072091 0.000048489 1.000000000 0.000642467
1.000000000 -0.000094401 0.000043831 0.000619287 0.000094403 1.000000000 -0.000028814 0.000372136 -0.000043828 0.000028818 1.000000000 0.001411779
1.000000000 0.000081870 0.000038643 -0.000463148 -0.000081868 1.000000000 -0.000058101 0.000628444 -0.000038648 0.000058098 1.000000000 0.002325880
1.000000000 -0.000035214 -0.000059782 0.000510561 0.000035214 1.000000000 -0.000007310 0.001148858 0.000059782 0.000007308 1.000000000 0.001250308
1.000000000 -0.000191329 -0.000085257 0.002211104 0.000191324 1.000000000 -0.000059814 0.000739471 0.000085269 0.000059798 1.000000000 0.001587089
1.000000000 -0.000000153 0.000148522 -0.000236084 0.000000158 1.000000000 -0.000034485 0.001241181 -0.000148522 0.000034485 1.000000000 0.000670368
1.000000000 0.000024932 -0.000063111 0.001267441 -0.000024933 1.000000000 -0.000019230 0.000699630 0.000063111 0.000019231 1.000000000 0.000637427
1.000000000 0.000078829 -0.000005804 0.000034350 -0.000078829 1.000000000 -0.000110087 0.001140538 0.000005795 0.000110088 1.000000000 0.000520168
1.000000000 0.000104894 0.000166609 -0.000858547 -0.000104869 1.000000000 -0.000149646 0.000946431 -0.000166625 0.000149629 1.000000000 -0.000089457
1.000000000 -0.000035010 -0.000056806 0.000282332 0.000035004 1.000000000 -0.000105922 0.000821206 0.000056810 0.000105920 1.000000000 0.000147931
1.000000000 -0.000056404 -0.000027009 -0.000945606 0.000056404 1.000000000 0.000012986 0.001543871 0.000027009 -0.000012987 1.000000000 0.002540216
1.000000000 0.000062819 0.000140998 -0.001294328 -0.000062808 1.000000000 -0.000079849 0.001742416 -0.000141003 0.000079840 1.000000000 0.001702405
1.000000000 0.000004665 -0.000046181 0.000804758 -0.000004662 1.000000000 0.000055885 0.000581354 0.000046182 -0.000055885 1.000000000 0.000179152
1.000000000 0.000057267 0.000089795 -0.001210222 -0.000057274 1.000000000 0.000069941 0.000475188 -0.000089791 -0.000069946 1.000000000 0.001853099
1.000000000 -0.000015646 0.000080210 -0.000724602 0.000015644 1.000000000 0.000025753 -0.000301418 -0.000080210 -0.000025752 1.000000000 0.000685783
1.000000000 -0.000058964 0.000022682 -0.000183431 0.000058964 1.000000000 0.000001681 0.000915152 -0.000022683 -0.000001679 1.000000000 0.001237008
1.000000000 0.000067086 0.000145857 -0.001352262 -0.000067079 1.000000000 -0.000046376 0.001803009 -0.000145860 0.000046367 1.000000000 0.003161365
1.000000000 0.000138450 0.000169122 -0.001969253 -0.000138436 1.000000000 -0.000080160 0.002779235 -0.000169133 0.000080137 1.000000000 0.003618513
1.000000000 -0.000225289 0.000017652 -0.000028936 0.000225289 1.000000000 0.000019855 0.000817674 -0.000017656 -0.000019851 1.000000000 0.001850350
1.000000000 0.000102211 0.000126924 -0.001161378 -0.000102225 1.000000000 0.000109660 0.001069328 -0.000126913 -0.000109673 1.000000000 0.002068200
1.000000000 -0.000166684 -0.000025123 0.000117149 0.000166682 1.000000000 -0.000061990 0.001418130 0.000025134 0.000061985 1.000000000 0.001584200
0.999999940 0.000086191 0.000268694 -0.001867699 -0.000086207 1.000000000 0.000056590 -0.000612819 -0.000268689 -0.000056613 0.999999940 0.002079210
0.999999940 -0.000115369 0.000250361 -0.000465946 0.000115539 0.999999762 -0.000679437 -0.001790568 -0.000250282 0.000679466 0.999999762 0.052055314
0.999999940 0.000224381 0.000168759 0.000250323 -0.000224159 0.999999106 -0.001316399 -0.004108524 -0.000169054 0.001316361 0.999999106 0.135011137
0.999999881 0.000506696 -0.000005165 0.002992160 -0.000506703 0.999998748 -0.001495982 -0.003999623 0.000004407 0.001495984 0.999998868 0.253930479
1.000000000 0.000242253 -0.000027941 0.005271224 -0.000242287 0.999999225 -0.001233892 -0.012923831 0.000027642 0.001233899 0.999999225 0.383071840
0.999999940 0.000319231 0.000125738 0.007158917 -0.000319085 0.999999285 -0.001159910 -0.015239667 -0.000126108 0.001159870 0.999999344 0.528223038
1.000000000 0.000183653 0.000033242 0.013084538 -0.000183612 0.999999225 -0.001216668 -0.017890196 -0.000033465 0.001216662 0.999999285 0.680869579
1.000000000 0.000019325 0.000155093 0.016535483 -0.000019140 0.999999285 -0.001192618 -0.019254388 -0.000155116 0.001192615 0.999999285 0.852442145
0.999999940 0.000301031 0.000175592 0.015062313 -0.000300894 0.999999642 -0.000783604 -0.025724081 -0.000175828 0.000783551 0.999999702 1.019105434
0.999999881 0.000259518 0.000409755 0.016823396 -0.000259433 0.999999940 -0.000207726 -0.034984730 -0.000409809 0.000207619 0.999999881 1.187830806
0.999999881 0.000445719 0.000293559 0.018225340 -0.000445543 0.999999702 -0.000597985 -0.034955472 -0.000293826 0.000597854 0.999999762 1.376862407
0.999999940 0.000325409 0.000218490 0.028613461 -0.000325289 0.999999821 -0.000549159 -0.041601427 -0.000218669 0.000549088 0.999999821 1.580576062
0.999999106 0.001130317 0.000748418 0.022967674 -0.001130014 0.999999285 -0.000405847 -0.047442794 -0.000748876 0.000405001 0.999999642 1.766525030
0.999999940 0.000354355 -0.000197551 0.042926908 -0.000354477 0.999999762 -0.000620974 -0.048804019 0.000197331 0.000621044 0.999999762 1.958122134
0.999999464 0.000626730 0.000807911 0.031111041 -0.000626134 0.999999523 -0.000738164 -0.054228451 -0.000808373 0.000737658 0.999999404 2.182739496
0.999999225 0.000990136 0.000751537 0.030418701 -0.000989498 0.999999166 -0.000847826 -0.060478464 -0.000752375 0.000847081 0.999999344 2.393540382
0.999999762 0.000253902 -0.000559254 0.068973191 -0.000253994 0.999999881 -0.000164819 -0.081798933 0.000559212 0.000164961 0.999999821 2.613840342
0.999999940 -0.000120551 -0.000414775 0.075765051 0.000120645 0.999999940 0.000226810 -0.094622143 0.000414748 -0.000226860 0.999999881 2.831789970
0.999999821 0.000138238 -0.000580668 0.078685828 -0.000138365 1.000000000 -0.000218335 -0.092311963 0.000580638 0.000218416 0.999999821 3.070750237
0.999999464 -0.000283617 -0.000957496 0.089310490 0.000283132 0.999999821 -0.000506176 -0.095127724 0.000957640 0.000505905 0.999999464 3.306914091
0.999999464 -0.000607994 -0.000859051 0.093571991 0.000607738 0.999999762 -0.000297612 -0.107494980 0.000859232 0.000297089 0.999999642 3.543886423
0.999999523 -0.000186032 -0.000934850 0.099766426 0.000186080 0.999999940 0.000051522 -0.114794120 0.000934841 -0.000051696 0.999999523 3.804319143
0.999999702 -0.000250082 -0.000760866 0.101572335 0.000249918 0.999999940 -0.000215954 -0.120186195 0.000760920 0.000215764 0.999999702 4.067168236
0.999999762 -0.000144801 -0.000668233 0.104359217 0.000144936 0.999999940 0.000202414 -0.128007248 0.000668203 -0.000202511 0.999999821 4.320604801
0.999999821 -0.000092495 -0.000490204 0.108950488 0.000092530 1.000000000 0.000069866 -0.131138891 0.000490197 -0.000069911 0.999999881 4.569035053
0.999999404 0.000633634 -0.000873458 0.113895498 -0.000633853 0.999999702 -0.000250442 -0.134293154 0.000873299 0.000250995 0.999999523 4.840967655
0.999999583 0.000278774 -0.000907779 0.117857225 -0.000279279 0.999999881 -0.000557015 -0.136662662 0.000907624 0.000557268 0.999999404 5.103623390
0.999999404 0.000732231 -0.000784987 0.122448750 -0.000732659 0.999999523 -0.000544904 -0.149929538 0.000784588 0.000545478 0.999999583 5.365083694
0.999999762 0.000038406 -0.000724307 0.129534557 -0.000038520 1.000000000 -0.000158254 -0.156351566 0.000724301 0.000158282 0.999999702 5.631087303
0.999999642 0.000637717 -0.000634155 0.131349206 -0.000637879 0.999999821 -0.000255408 -0.164184466 0.000633991 0.000255813 0.999999762 5.899862766
0.999999702 -0.000014327 -0.000782692 0.140524670 0.000014146 1.000000000 -0.000231536 -0.171940833 0.000782695 0.000231525 0.999999642 6.177412987
0.999999821 0.000519767 -0.000561643 0.142492846 -0.000519781 0.999999940 -0.000024785 -0.180856049 0.000561630 0.000025077 0.999999762 6.449556351
0.999999166 0.000799949 -0.000985583 0.148755774 -0.000800274 0.999999642 -0.000328723 -0.190838158 0.000985320 0.000329511 0.999999464 6.741393089
0.999999046 0.001123448 -0.000772318 0.152707249 -0.001123781 0.999999285 -0.000431227 -0.196156129 0.000771833 0.000432095 0.999999642 7.040730953
0.999999344 0.000627656 -0.000931977 0.165207744 -0.000627700 0.999999821 -0.000046732 -0.211140886 0.000931948 0.000047317 0.999999523 7.327235699
0.999999583 0.000451256 -0.000816494 0.167961597 -0.000451852 0.999999702 -0.000729449 -0.213094667 0.000816165 0.000729817 0.999999404 7.647703171
0.999999285 0.001131601 -0.000407757 0.171565250 -0.001131724 0.999999344 -0.000300283 -0.224467501 0.000407417 0.000300745 0.999999881 7.942835331
0.999999821 0.000247572 -0.000504140 0.176976085 -0.000247662 0.999999881 -0.000180108 -0.237586796 0.000504095 0.000180233 0.999999881 8.303337097
0.999999702 0.000497425 -0.000470488 0.184482262 -0.000497616 0.999999762 -0.000406239 -0.246333987 0.000470286 0.000406473 0.999999821 8.633584023
0.999999642 0.000631499 0.000140094 0.184510216 -0.000631459 0.999999702 -0.000281010 -0.253886282 -0.000140271 0.000280922 0.999999940 8.972341537
0.999999642 0.000748802 0.000229253 0.189259470 -0.000748766 0.999999702 -0.000157967 -0.268617302 -0.000229371 0.000157795 0.999999940 9.305883408
0.999999464 0.000896545 0.000405983 0.184610695 -0.000896349 0.999999464 -0.000482865 -0.270762056 -0.000406416 0.000482501 0.999999821 9.665011406
0.999999583 0.000019988 -0.000811839 0.208662182 -0.000019404 0.999999762 0.000719009 -0.298304945 0.000811853 -0.000718993 0.999999404 9.990849495
0.999999583 0.000206917 -0.000822784 0.217213377 -0.000206065 0.999999464 0.001035702 -0.310309172 0.000822998 -0.001035532 0.999999106 10.349145889
0.999999762 0.000304357 -0.000620024 0.225134090 -0.000303547 0.999999106 0.001306843 -0.325257629 0.000620421 -0.001306655 0.999998987 10.694095612
0.999999762 0.000117293 -0.000633449 0.231579855 -0.000116699 0.999999583 0.000937731 -0.330035269 0.000633559 -0.000937657 0.999999344 11.071598053
0.999999881 0.000033764 -0.000541916 0.241363600 -0.000033400 0.999999762 0.000672486 -0.342654943 0.000541938 -0.000672468 0.999999642 11.461148262
0.999999762 0.000206323 -0.000600131 0.256031334 -0.000205647 0.999999344 0.001126235 -0.354683012 0.000600362 -0.001126112 0.999999225 11.832520485
0.999999642 0.000483944 -0.000619349 0.254802853 -0.000483416 0.999999523 0.000851804 -0.365521640 0.000619761 -0.000851505 0.999999404 12.224510193
0.999999762 0.000055175 -0.000657851 0.269642442 -0.000054741 0.999999762 0.000659472 -0.373452097 0.000657887 -0.000659436 0.999999583 12.625738144
0.999999940 0.000069958 -0.000275025 0.269799471 -0.000069777 0.999999762 0.000658384 -0.382909149 0.000275071 -0.000658364 0.999999762 13.017814636
1.000000000 0.000357206 -0.000366767 0.275197595 -0.000356877 0.999999523 0.000895463 -0.396319956 0.000367087 -0.000895332 0.999999523 13.420777321
0.999999762 0.000461244 0.000343397 0.280499905 -0.000461663 0.999999106 0.001219963 -0.406609058 -0.000342835 -0.001220121 0.999999225 13.831209183
0.999999642 0.000957505 0.000079692 0.291758299 -0.000957573 0.999999106 0.000850095 -0.417759687 -0.000078877 -0.000850171 0.999999642 14.242981911
0.999999821 0.000498641 0.000322553 0.305459082 -0.000499022 0.999999106 0.001182340 -0.432396591 -0.000321964 -0.001182501 0.999999285 14.659801483
0.999999821 0.000582989 0.000068910 0.315508723 -0.000583071 0.999999106 0.001190784 -0.444109470 -0.000068216 -0.001190824 0.999999285 15.091583252
1.000000000 0.000312990 0.000334451 0.324430466 -0.000313359 0.999999344 0.001103422 -0.454823375 -0.000334105 -0.001103527 0.999999344 15.527845383
0.999999642 0.000493174 0.000664692 0.333984435 -0.000493814 0.999999344 0.000963212 -0.467403948 -0.000664216 -0.000963540 0.999999285 15.961857796
0.999999464 0.000398770 0.000960634 0.345412403 -0.000399693 0.999999464 0.000961140 -0.476487756 -0.000960249 -0.000961523 0.999999106 16.394680023
0.999998689 0.000580573 0.001476856 0.349859864 -0.000581716 0.999999523 0.000773839 -0.488703042 -0.001476407 -0.000774697 0.999998629 16.842275620
0.999998331 0.000630610 0.001704070 0.360673666 -0.000632531 0.999999166 0.001127057 -0.503738999 -0.001703358 -0.001128133 0.999997914 17.296905518
0.999998033 0.000726028 0.001919796 0.370334566 -0.000728176 0.999999046 0.001118263 -0.514487267 -0.001918982 -0.001119658 0.999997556 17.760766983
0.999997735 0.000536985 0.002079132 0.380639583 -0.000538997 0.999999344 0.000967407 -0.524913490 -0.002078611 -0.000968525 0.999997437 18.225631714
0.999997258 0.000854890 0.002179832 0.396458387 -0.000857090 0.999999046 0.001008489 -0.536285043 -0.002178968 -0.001010354 0.999997079 18.695508957
0.999996364 0.001223288 0.002412197 0.403415680 -0.001225825 0.999998629 0.001050654 -0.547926068 -0.002410909 -0.001053607 0.999996543 19.171154022
0.999996006 0.000740363 0.002716384 0.415483713 -0.000741945 0.999999523 0.000581437 -0.557023466 -0.002715953 -0.000583450 0.999996126 19.657594681
0.999997079 0.000457808 0.002389336 0.430650234 -0.000459304 0.999999702 0.000625594 -0.568207145 -0.002389050 -0.000626690 0.999996901 20.142484665
0.999996185 0.001119528 0.002533317 0.433902204 -0.001121607 0.999999046 0.000819438 -0.584996402 -0.002532397 -0.000822276 0.999996424 20.632648468
0.999996543 0.000928537 0.002451100 0.439736724 -0.000930742 0.999999166 0.000898737 -0.595656216 -0.002450264 -0.000901015 0.999996603 21.134569168
0.999997318 0.001019759 0.002072989 0.448047936 -0.001021435 0.999999106 0.000807786 -0.606341124 -0.002072164 -0.000809901 0.999997497 21.634292603
0.999996305 0.001317842 0.002402496 0.450960040 -0.001319704 0.999998808 0.000773640 -0.621100068 -0.002401473 -0.000776808 0.999996781 22.152656555
0.999999166 0.000832473 0.000923582 0.475196540 -0.000833462 0.999999106 0.001071521 -0.634690285 -0.000922689 -0.001072290 0.999998927 22.650800705
0.999999881 0.000475969 0.000087615 0.492144734 -0.000476079 0.999999166 0.001252529 -0.654001772 -0.000087019 -0.001252571 0.999999166 23.164613724
0.999999464 0.000987624 -0.000372889 0.499924779 -0.000987200 0.999998927 0.001136208 -0.670724988 0.000374011 -0.001135839 0.999999285 23.688465118
0.999999702 0.000383331 -0.000685009 0.498998970 -0.000383244 0.999999940 0.000127073 -0.675793827 0.000685058 -0.000126811 0.999999762 24.216947556
0.999998987 0.001128423 -0.000817004 0.504157662 -0.001127972 0.999999225 0.000551684 -0.690356970 0.000817626 -0.000550762 0.999999523 24.756553650
0.999996424 0.001623889 -0.002084547 0.519544423 -0.001622612 0.999998450 0.000614180 -0.707152128 0.002085541 -0.000610795 0.999997616 25.289640427
0.999996245 0.001330366 -0.002388826 0.530531228 -0.001329650 0.999999106 0.000301012 -0.719309628 0.002389224 -0.000297835 0.999997079 25.834667206
0.999994218 0.001009212 -0.003242451 0.543523431 -0.001007004 0.999999285 0.000682459 -0.738624334 0.003243137 -0.000679190 0.999994516 26.377857208
0.999993801 0.000670010 -0.003459210 0.543045104 -0.000665670 0.999998987 0.001255683 -0.753611684 0.003460048 -0.001253373 0.999993205 26.914218903
0.999992788 0.000125119 -0.003812346 0.555491805 -0.000119543 0.999998868 0.001462789 -0.775946379 0.003812524 -0.001462323 0.999991655 27.454708099
0.999991477 0.001853572 -0.003677573 0.556758702 -0.001849797 0.999997795 0.001029490 -0.786072075 0.003679473 -0.001022679 0.999992728 28.024337769
0.999989927 0.001723842 -0.004143575 0.563088179 -0.001717080 0.999997199 0.001634966 -0.805642605 0.004146382 -0.001627835 0.999990106 28.560626984
0.999989510 0.001439492 -0.004341035 0.571402907 -0.001433424 0.999997973 0.001400703 -0.818725944 0.004343043 -0.001394465 0.999989688 29.101943970
0.999986053 0.001722200 -0.004990816 0.580025077 -0.001712224 0.999996543 0.002002563 -0.840494335 0.004994248 -0.001993989 0.999985516 29.654014587
0.999985337 0.001623614 -0.005164909 0.581857622 -0.001613963 0.999996960 0.001872157 -0.849948287 0.005167933 -0.001863793 0.999984860 30.201768875
0.999983132 0.001735682 -0.005542467 0.592152476 -0.001726216 0.999997020 0.001712209 -0.864286125 0.005545423 -0.001702613 0.999983132 30.753828049
0.999981940 0.001579404 -0.005796884 0.602153897 -0.001567654 0.999996722 0.002031026 -0.881547749 0.005800074 -0.002021902 0.999981165 31.292980194
0.999980569 0.001725808 -0.005994956 0.607925653 -0.001713865 0.999996543 0.001996846 -0.894844592 0.005998381 -0.001986533 0.999980032 31.839181900
0.999979079 0.001654212 -0.006253376 0.616434157 -0.001642237 0.999996781 0.001919661 -0.908254206 0.006256531 -0.001909351 0.999978602 32.389717102
0.999978662 0.001910111 -0.006253231 0.622375250 -0.001897514 0.999996126 0.002019786 -0.920879006 0.006257065 -0.002007877 0.999978423 32.940990448
0.999975860 0.001961923 -0.006656949 0.628689110 -0.001949817 0.999996543 0.001824467 -0.934920192 0.006660504 -0.001811444 0.999976099 33.475074768
0.999975681 0.001979053 -0.006683015 0.633129239 -0.001966537 0.999996305 0.001878870 -0.946571350 0.006686708 -0.001865682 0.999975860 34.033515930
0.999976814 0.001176402 -0.006710714 0.637159109 -0.001165261 0.999997914 0.001663701 -0.958606958 0.006712658 -0.001655842 0.999976158 34.580169678
0.999974012 0.001860062 -0.006967725 0.646496058 -0.001846074 0.999996245 0.002013540 -0.979221821 0.006971444 -0.002000625 0.999973714 35.119998932
0.999972820 0.002042272 -0.007080995 0.654145360 -0.002029071 0.999996185 0.001870963 -0.994737685 0.007084790 -0.001856544 0.999973238 35.667758942
0.999970734 0.001758400 -0.007443291 0.673457682 -0.001740455 0.999995470 0.002416682 -1.022359371 0.007447508 -0.002403657 0.999969423 36.197200775
0.999969542 0.002215831 -0.007473367 0.671002626 -0.002201911 0.999995768 0.001870320 -1.024015069 0.007477481 -0.001853808 0.999970257 36.760284424
0.999965847 0.002163113 -0.007966925 0.679529905 -0.002150322 0.999996364 0.001613704 -1.033702254 0.007970388 -0.001596518 0.999966860 37.304809570
0.999966204 0.002141006 -0.007936801 0.683891773 -0.002127635 0.999996305 0.001692588 -1.050536633 0.007940395 -0.001675644 0.999967098 37.860721588
0.999969661 0.001585624 -0.007626442 0.688133419 -0.001575728 0.999997914 0.001303406 -1.060091019 0.007628493 -0.001291350 0.999970078 38.413745880
0.999968827 0.001892092 -0.007669596 0.693077207 -0.001882605 0.999997497 0.001243929 -1.074350476 0.007671928 -0.001229452 0.999969840 38.960815430
0.999959886 0.002500181 -0.008591011 0.713475227 -0.002489355 0.999996126 0.001270605 -1.085120678 0.008594153 -0.001249168 0.999962330 39.520675659
0.999959171 0.001762445 -0.008861255 0.724484682 -0.001741867 0.999995768 0.002329536 -1.114716053 0.008865323 -0.002314006 0.999958038 40.046794891
0.999956906 0.001750051 -0.009118400 0.736748815 -0.001722639 0.999993980 0.003013215 -1.139472008 0.009123616 -0.002997377 0.999953926 40.575641632
0.999957979 0.002074454 -0.008930852 0.740928769 -0.002054965 0.999995530 0.002190795 -1.143316746 0.008935356 -0.002172350 0.999957740 41.139873505
0.999959469 0.002060368 -0.008757852 0.731387675 -0.002039858 0.999995172 0.002350178 -1.154126167 0.008762650 -0.002332218 0.999958873 41.697093964
0.999954343 0.002228865 -0.009289124 0.745591044 -0.002207311 0.999994874 0.002329979 -1.171890497 0.009294269 -0.002309369 0.999954104 42.234680176
0.999950111 0.002799504 -0.009596160 0.759618282 -0.002774314 0.999992728 0.002637342 -1.187223673 0.009603471 -0.002610587 0.999950409 42.778118134
0.999951959 0.002696820 -0.009417221 0.757259607 -0.002677269 0.999994218 0.002088192 -1.188977122 0.009422797 -0.002062880 0.999953449 43.332210541
0.999955475 0.002452710 -0.009112751 0.755733490 -0.002436335 0.999995351 0.001807668 -1.203557491 0.009117144 -0.001785386 0.999956846 43.905487061
0.999955535 0.002190767 -0.009171419 0.758529007 -0.002167710 0.999994457 0.002523102 -1.220529914 0.009176895 -0.002503108 0.999954760 44.447544098
0.999958873 0.002956690 -0.008579270 0.755225718 -0.002933617 0.999992073 0.002700777 -1.240762353 0.008587188 -0.002675497 0.999959528 44.991649628
0.999953628 0.002292158 -0.009345954 0.775132179 -0.002272019 0.999995053 0.002164840 -1.246531129 0.009350870 -0.002143506 0.999953926 45.550197601
0.999955177 0.002506844 -0.009124318 0.781254470 -0.002486568 0.999994457 0.002232923 -1.260529995 0.009129865 -0.002210135 0.999955833 46.099136353
0.999949098 0.001810325 -0.009925176 0.793718040 -0.001790923 0.999996483 0.001963315 -1.272834897 0.009928696 -0.001945439 0.999948800 46.645534515
0.999946535 0.002277995 -0.010089273 0.805884361 -0.002258091 0.999995470 0.001983862 -1.290469646 0.010093746 -0.001960973 0.999947131 47.190616608
0.999952734 0.001505802 -0.009603422 0.794923067 -0.001488310 0.999997199 0.001828323 -1.298867583 0.009606149 -0.001813943 0.999952197 47.747600555
0.999952137 0.002202602 -0.009528016 0.802404463 -0.002185890 0.999996066 0.001764032 -1.313249230 0.009531865 -0.001743121 0.999952972 48.298995972
0.999950051 0.001168116 -0.009927012 0.813842416 -0.001145759 0.999996841 0.002257473 -1.330014467 0.009929619 -0.002245987 0.999948144 48.835609436
0.999951541 0.002059046 -0.009622836 0.808119655 -0.002040624 0.999996066 0.001923914 -1.339639425 0.009626759 -0.001904184 0.999951839 49.390880585
0.999952495 0.001914149 -0.009558462 0.822249293 -0.001897654 0.999996722 0.001734494 -1.353452563 0.009561748 -0.001716273 0.999952853 49.938438416
0.999952137 0.002280426 -0.009517992 0.824290454 -0.002264370 0.999995947 0.001697393 -1.366627812 0.009521823 -0.001675760 0.999953270 50.486778259
0.999952257 0.001749649 -0.009616432 0.826270700 -0.001733258 0.999997020 0.001712568 -1.378163338 0.009619402 -0.001695818 0.999952257 51.036907196
0.999952555 0.001845598 -0.009567554 0.838106692 -0.001826158 0.999996245 0.002040246 -1.394375324 0.009571282 -0.002022677 0.999952137 51.585258484
0.999946058 0.001426831 -0.010282653 0.853619754 -0.001408654 0.999997377 0.001774756 -1.406044722 0.010285160 -0.001760176 0.999945581 52.119468689
0.999947965 0.001982546 -0.010009208 0.852670372 -0.001968671 0.999997079 0.001395907 -1.419552088 0.010011946 -0.001376129 0.999948919 52.678813934
0.999950171 0.001822858 -0.009814551 0.855428159 -0.001810112 0.999997497 0.001307334 -1.431916714 0.009816909 -0.001289504 0.999950945 53.219058990
0.999949336 0.001977863 -0.009869031 0.858884394 -0.001961139 0.999996543 0.001704005 -1.447601676 0.009872368 -0.001684564 0.999949872 53.782161713
0.999949455 0.001725248 -0.009898108 0.872077703 -0.001709702 0.999997258 0.001578849 -1.460175037 0.009900804 -0.001561846 0.999949813 54.329559326
0.999950469 0.001462139 -0.009842022 0.867120922 -0.001447081 0.999997735 0.001536866 -1.469671130 0.009844246 -0.001522547 0.999950409 54.893081665
0.999944448 0.001574205 -0.010417875 0.887176514 -0.001562081 0.999998093 0.001171837 -1.487934351 0.010419699 -0.001155499 0.999944985 55.416973114
0.999943495 0.001746937 -0.010489430 0.892726362 -0.001737042 0.999998033 0.000952336 -1.501447916 0.010491074 -0.000934062 0.999944568 55.963340759
0.999945045 0.002224032 -0.010242455 0.888694763 -0.002211854 0.999996781 0.001200120 -1.512895107 0.010245089 -0.001177399 0.999946833 56.508018494
0.999945104 0.001880455 -0.010313697 0.905883789 -0.001871608 0.999997854 0.000867421 -1.528875113 0.010315307 -0.000848070 0.999946415 57.043338776
0.999948382 0.002437734 -0.009861233 0.900481164 -0.002424159 0.999996126 0.001388354 -1.544329166 0.009864579 -0.001364377 0.999950349 57.612377167
0.999948680 0.002331467 -0.009851112 0.903476417 -0.002316362 0.999996066 0.001544473 -1.561905026 0.009854673 -0.001521575 0.999950290 58.160839081
0.999948561 0.002013421 -0.009933364 0.903214633 -0.002003369 0.999997497 0.001021745 -1.569710851 0.009935395 -0.001001793 0.999950171 58.687870026
0.999952734 0.002598508 -0.009364971 0.900916338 -0.002590294 0.999996305 0.000889087 -1.579534650 0.009367246 -0.000864787 0.999955833 59.238178253
0.999946833 0.002659558 -0.009963786 0.911593854 -0.002645463 0.999995530 0.001427424 -1.602107048 0.009967537 -0.001400989 0.999949336 59.771244049
0.999947429 0.002541780 -0.009931032 0.912554622 -0.002532031 0.999996305 0.000994191 -1.612765074 0.009933521 -0.000968993 0.999950111 60.328128815
0.999948561 0.002644797 -0.009785278 0.912814081 -0.002632364 0.999995768 0.001283228 -1.624875665 0.009788628 -0.001257404 0.999951243 60.884841919
0.999947309 0.002840115 -0.009862935 0.924243867 -0.002828392 0.999995291 0.001202392 -1.644662499 0.009866302 -0.001174432 0.999950647 61.418800354
0.999949038 0.002464398 -0.009783010 0.933170438 -0.002448971 0.999995768 0.001588551 -1.662021518 0.009786884 -0.001564512 0.999950826 61.953472137
0.999939978 0.002881825 -0.010571674 0.944067359 -0.002875998 0.999995708 0.000566339 -1.664162755 0.010573259 -0.000535901 0.999943972 62.512107849
0.999937475 0.003173021 -0.010730800 0.950920939 -0.003162578 0.999994516 0.000989996 -1.683425546 0.010733883 -0.000955997 0.999941945 63.057601929
0.999942422 0.003259161 -0.010228566 0.939035296 -0.003249035 0.999994159 0.001006402 -1.695187688 0.010231787 -0.000973111 0.999947250 63.634906769
0.999938786 0.003030940 -0.010643694 0.960621595 -0.003022812 0.999995112 0.000779635 -1.714985132 0.010646005 -0.000747413 0.999943078 64.153648376
0.999943316 0.003118865 -0.010184452 0.958213389 -0.003110586 0.999994814 0.000828652 -1.730628729 0.010186984 -0.000796926 0.999947786 64.704704285
0.999937773 0.003307288 -0.010662246 0.971476018 -0.003297152 0.999994040 0.000968098 -1.742119908 0.010665384 -0.000932883 0.999942720 65.241485596
0.999935687 0.003390911 -0.010821269 0.984132946 -0.003382866 0.999993980 0.000761551 -1.756137371 0.010823786 -0.000724895 0.999941170 65.772834778
0.999938846 0.002938826 -0.010663506 0.992473662 -0.002933223 0.999995530 0.000540989 -1.768314123 0.010665049 -0.000509677 0.999942958 66.327491760
0.999936402 0.003152510 -0.010821432 0.992971301 -0.003154233 0.999995053 -0.000142202 -1.775633335 0.010820929 0.000176326 0.999941409 66.883804321
0.999935091 0.004093229 -0.010630601 0.991772771 -0.004082921 0.999991179 0.000991192 -1.805489659 0.010634565 -0.000947723 0.999943018 67.411430359
0.999936938 0.003764100 -0.010587585 0.994762838 -0.003754855 0.999992549 0.000892992 -1.818139315 0.010590869 -0.000853180 0.999943554 67.959068298
0.999933362 0.003926361 -0.010850099 0.998765767 -0.003915659 0.999991834 0.001007445 -1.840963244 0.010853967 -0.000964893 0.999940634 68.494148254
0.999938369 0.004024583 -0.010349601 0.999388814 -0.004008569 0.999990761 0.001567622 -1.856732726 0.010355814 -0.001526038 0.999945164 69.022506714
0.999938130 0.003666363 -0.010505253 1.002153397 -0.003655361 0.999992728 0.001066317 -1.860924959 0.010509086 -0.001027851 0.999944210 69.581275940
0.999944270 0.004153215 -0.009702767 0.995287180 -0.004146615 0.999991179 0.000700297 -1.872671604 0.009705590 -0.000660025 0.999952674 70.113655090
0.999948263 0.004523940 -0.009110373 0.990573049 -0.004521310 0.999989748 0.000309308 -1.881074309 0.009111678 -0.000268101 0.999958456 70.675903320
0.999944448 0.004411564 -0.009575475 1.003047466 -0.004406586 0.999990165 0.000540917 -1.898562670 0.009577764 -0.000498692 0.999954045 71.205688477
0.999942303 0.004259909 -0.009861525 1.010548353 -0.004248829 0.999990344 0.001144239 -1.922214627 0.009866304 -0.001102273 0.999950707 71.730010986
0.999939620 0.003934846 -0.010257540 1.021372318 -0.003919951 0.999991238 0.001471783 -1.941496491 0.010263241 -0.001431485 0.999946296 72.272026062
0.999940217 0.005362430 -0.009531967 1.015110373 -0.005355054 0.999985278 0.000799091 -1.945390344 0.009536114 -0.000747999 0.999954224 72.827384949
0.999941289 0.004648750 -0.009795599 1.027718067 -0.004642918 0.999988973 0.000618011 -1.962068915 0.009798368 -0.000572494 0.999951780 73.371009827
0.999941409 0.005002909 -0.009607159 1.028771877 -0.004994152 0.999987006 0.000935265 -1.979902267 0.009611715 -0.000887231 0.999953330 73.913154602
0.999944210 0.004330756 -0.009628152 1.032190800 -0.004325374 0.999990463 0.000579627 -1.986508727 0.009630569 -0.000537949 0.999953508 74.457115173
0.999939501 0.004698623 -0.009944994 1.043350101 -0.004688253 0.999988437 0.001065662 -2.002614260 0.009949888 -0.001018973 0.999949992 74.992912292
0.999940336 0.004656125 -0.009883778 1.044436455 -0.004641224 0.999988079 0.001530005 -2.020673990 0.009890783 -0.001484041 0.999949992 75.536247253
0.999943614 0.004491142 -0.009623302 1.049994946 -0.004482070 0.999989510 0.000964018 -2.035091162 0.009627530 -0.000920832 0.999953210 76.082534790
0.999933779 0.005763181 -0.009960636 1.053252935 -0.005750240 0.999982655 0.001327382 -2.051048994 0.009968109 -0.001270018 0.999949515 76.627517700
0.999941647 0.005422206 -0.009342774 1.061452866 -0.005412870 0.999984860 0.001024244 -2.065226555 0.009348186 -0.000973613 0.999955833 77.170021057
0.999946654 0.004055123 -0.009497551 1.058571577 -0.004048127 0.999991477 0.000755801 -2.076728582 0.009500538 -0.000717313 0.999954641 77.739128113
0.999944210 0.004041426 -0.009758878 1.069916964 -0.004030273 0.999991238 0.001162347 -2.097297192 0.009763489 -0.001122951 0.999951720 78.290489197
0.999942541 0.004193925 -0.009869044 1.073543310 -0.004183416 0.999990702 0.001085390 -2.110680342 0.009873504 -0.001044041 0.999950707 78.841796875
0.999944985 0.004461051 -0.009485163 1.076059103 -0.004450179 0.999989390 0.001167008 -2.127972841 0.009490266 -0.001124733 0.999954343 79.371231079
0.999946058 0.004550248 -0.009328933 1.081136584 -0.004541919 0.999989212 0.000913805 -2.140921831 0.009332989 -0.000871385 0.999956131 79.920074463
0.999945581 0.004546179 -0.009392441 1.085622668 -0.004539625 0.999989450 0.000719100 -2.152316093 0.009395611 -0.000676423 0.999955654 80.462722778
0.999957383 0.004376143 -0.008130713 1.091830730 -0.004369477 0.999990046 0.000837540 -2.164917946 0.008134296 -0.000801977 0.999966621 81.016807556
0.999960601 0.005086738 -0.007286823 1.098401427 -0.005080867 0.999986768 0.000823986 -2.179124117 0.007290917 -0.000786930 0.999973118 81.564285278
0.999969721 0.005240737 -0.005750476 1.102601290 -0.005236982 0.999986053 0.000667620 -2.193987131 0.005753893 -0.000637485 0.999983251 82.101753235
0.999977231 0.005102228 -0.004416833 1.110149741 -0.005100002 0.999986887 0.000515071 -2.205091953 0.004419403 -0.000492533 0.999990106 82.640350342
0.999985814 0.004999741 -0.001836250 1.126898050 -0.004998864 0.999987423 0.000481998 -2.218091965 0.001838637 -0.000472812 0.999998212 83.198143005
0.999985337 0.004824054 0.002453564 1.138027072 -0.004825663 0.999988139 0.000650469 -2.234102488 -0.002450397 -0.000662300 0.999996781 83.722908020
0.999969900 0.005492922 0.005476476 1.154867649 -0.005497492 0.999984562 0.000819996 -2.249411106 -0.005471886 -0.000850078 0.999984682 84.275428772
0.999930382 0.005110910 0.010628168 1.172943950 -0.005113141 0.999986947 0.000182808 -2.260784149 -0.010627096 -0.000237138 0.999943554 84.838958740
0.999859214 0.004723306 0.016097851 1.204919696 -0.004733168 0.999988735 0.000574629 -2.289201975 -0.016094955 -0.000650742 0.999870181 85.368194580
0.999744356 0.005350101 0.021966444 1.230603695 -0.005372380 0.999985158 0.000955393 -2.308164358 -0.021961005 -0.001073161 0.999758244 85.919044495
0.999622285 0.003354265 0.027277134 1.269221306 -0.003368352 0.999994278 0.000470542 -2.320120096 -0.027275398 -0.000562243 0.999627769 86.454421997
0.999355614 0.004636423 0.035593033 1.292868972 -0.004658171 0.999989033 0.000528137 -2.334207058 -0.035590190 -0.000693596 0.999366224 87.027175903
0.999032140 0.004418785 0.043762401 1.337363958 -0.004445642 0.999990046 0.000516409 -2.349291325 -0.043759681 -0.000710461 0.999041855 87.579917908
0.998706996 0.004204274 0.050661869 1.374544144 -0.004225396 0.999991000 0.000309821 -2.360078335 -0.050660118 -0.000523487 0.998715818 88.130836487
0.998205543 0.003968543 0.059749272 1.427122593 -0.003983620 0.999992073 0.000133216 -2.372087479 -0.059748270 -0.000370995 0.998213410 88.679626465
0.997543335 0.004336707 0.069917217 1.479799271 -0.004358433 0.999990404 0.000158192 -2.391036272 -0.069915868 -0.000462533 0.997552752 89.214447021
0.996898651 0.003736361 0.078606419 1.538971424 -0.003755027 0.999992967 0.000089645 -2.401436329 -0.078605518 -0.000384536 0.996905744 89.782501221
0.996264815 0.003424166 0.086283468 1.606582642 -0.003440665 0.999994099 0.000042495 -2.419182539 -0.086282805 -0.000339209 0.996270657 90.332382202
0.995232344 0.003383612 0.097474001 1.671198845 -0.003388565 0.999994278 -0.000114729 -2.430487633 -0.097473830 -0.000216115 0.995238066 90.876396179
0.994113266 0.003939021 0.108275279 1.740103722 -0.003943513 0.999992251 -0.000172637 -2.443394899 -0.108275130 -0.000255364 0.994120955 91.421028137
0.993116140 0.003128769 0.117092162 1.835893631 -0.003152470 0.999995053 0.000017208 -2.461001396 -0.117091514 -0.000386219 0.993121028 91.962715149
0.991732478 0.003037672 0.128286883 1.925320625 -0.003085000 0.999995291 0.000170217 -2.471682310 -0.128285751 -0.000564575 0.991737068 92.484329224
0.990129769 0.002373823 0.140133396 2.025884628 -0.002375387 0.999997079 -0.000156101 -2.490989923 -0.140133381 -0.000178311 0.990132630 93.052520752
0.988527715 0.002720687 0.151014984 2.125308037 -0.002814600 0.999995947 0.000408137 -2.511392593 -0.151013270 -0.000828502 0.988531351 93.598472595
0.986845791 0.002223115 0.161649212 2.225684166 -0.002268017 0.999997437 0.000093248 -2.520125866 -0.161648586 -0.000458645 0.986848295 94.135734558
0.984725475 0.001462572 0.174108446 2.353652000 -0.001547293 0.999998808 0.000350864 -2.538663626 -0.174107671 -0.000614901 0.984726489 94.644241333
0.982398570 0.001519269 0.186791196 2.466364861 -0.001586742 0.999998748 0.000211711 -2.554242373 -0.186790615 -0.000504374 0.982399642 95.203254700
0.980343223 0.002113300 0.197288826 2.588920593 -0.002187594 0.999997616 0.000158642 -2.566905260 -0.197288021 -0.000587112 0.980345488 95.737777710
0.977637947 0.001990585 0.210285664 2.729637146 -0.002084957 0.999997854 0.000227079 -2.583814859 -0.210284725 -0.000660438 0.977639973 96.270790100
0.974715233 0.000985028 0.223448575 2.870683670 -0.001065412 0.999999344 0.000239185 -2.595138550 -0.223448142 -0.000471202 0.974715710 96.797683716
0.972176552 0.000716381 0.234248400 3.019445419 -0.000833038 0.999999464 0.000399059 -2.612757206 -0.234247997 -0.000583094 0.972176671 97.330322266
0.969091773 0.000739436 0.246699631 3.167755127 -0.000785048 0.999999702 0.000086532 -2.618631124 -0.246699497 -0.000277528 0.969091952 97.856697083
0.965356946 0.000344522 0.260932565 3.328212738 -0.000428166 0.999999821 0.000263712 -2.638917446 -0.260932446 -0.000366298 0.965356946 98.389335632
0.961796165 0.000293975 0.273766845 3.490884781 -0.000288785 0.999999881 -0.000059257 -2.649456739 -0.273766845 -0.000022067 0.961796045 98.919021606
0.958732426 -0.000489751 0.284309238 3.669321060 0.000470606 0.999999821 0.000135647 -2.666256428 -0.284309268 0.000003748 0.958732665 99.415199280
0.954397082 -0.000874603 0.298538744 3.852252960 0.000691466 0.999999523 0.000719068 -2.689339399 -0.298539191 -0.000479847 0.954397261 99.950210571
0.950174034 -0.001282541 0.311717212 4.049341202 0.001156424 0.999999285 0.000589430 -2.703905821 -0.311717719 -0.000199584 0.950174689 100.454269409
0.946264744 -0.001311894 0.323390275 4.245780945 0.001245458 0.999999166 0.000412381 -2.712947607 -0.323390454 0.000012547 0.946265578 100.979934692
0.941693008 -0.002280470 0.336465806 4.453304291 0.002303114 0.999997318 0.000331791 -2.729614973 -0.336465627 0.000462473 0.941695631 101.488822937
0.936610103 -0.002064544 0.350367337 4.667383194 0.002115663 0.999997854 0.000236858 -2.742688656 -0.350367010 0.000519416 0.936612368 101.994262695
0.931761563 -0.002157811 0.363064408 4.885335922 0.002151814 0.999997616 0.000420939 -2.759010792 -0.363064438 0.000389033 0.931763947 102.519729614
0.927124858 -0.002488305 0.374744475 5.113595963 0.002838534 0.999995947 -0.000382607 -2.768534660 -0.374742001 0.001418449 0.927128077 103.029930115
0.921303689 -0.003102408 0.388831437 5.344459534 0.003151590 0.999994814 0.000511328 -2.789615393 -0.388830990 0.000754349 0.921308756 103.522148132
0.915727615 -0.004058455 0.401779085 5.586532593 0.004175095 0.999991059 0.000585317 -2.799872160 -0.401777893 0.001141475 0.915736437 104.015068054
0.910929143 -0.004393468 0.412539423 5.824825287 0.004669468 0.999989033 0.000339035 -2.815425873 -0.412536383 0.001617502 0.910939693 104.473503113
0.904431522 -0.004099294 0.426598996 6.075897217 0.004293533 0.999990582 0.000506446 -2.829231262 -0.426597089 0.001373571 0.904440641 104.991836548
0.898228109 -0.004707287 0.439504534 6.342750549 0.004796871 0.999988019 0.000906808 -2.851645231 -0.439503551 0.001293726 0.898239851 105.455146790
0.891995370 -0.005001483 0.452016920 6.611152649 0.005125138 0.999986291 0.000950883 -2.861719847 -0.452015579 0.001468467 0.892008841 105.969146729
0.886072874 -0.005666470 0.463511109 6.846878052 0.005710569 0.999982834 0.001308258 -2.879705429 -0.463510513 0.001487700 0.886090100 106.436462402
0.878953815 -0.005817985 0.476871431 7.135608673 0.006019277 0.999981284 0.001105560 -2.892698765 -0.476868927 0.001898685 0.878972471 106.912811279
0.871981978 -0.005869292 0.489502966 7.413276672 0.005820032 0.999981701 0.001622507 -2.911853790 -0.489503533 0.001434126 0.872000217 107.373054504
0.866186619 -0.006440868 0.499679148 7.708927155 0.006552705 0.999977291 0.001530696 -2.924088478 -0.499677628 0.001948382 0.866209269 107.846153259
