1.000000000 0.000000000 0.000000000 0.000000000 0.000000000 1.000000000 0.000000000 0.000000000 0.000000000 0.000000000 1.000000000 0.000000000
1.000000000 0.000071654 0.000099097 0.000282537 -0.000071664 1.000000000 0.000104987 -0.001334264 -0.000099090 -0.000104994 1.000000000 -0.001574191
1.000000000 0.000159050 0.000134502 -0.001595465 -0.000159063 1.000000000 0.000095254 0.000563808 -0.000134487 -0.000095275 1.000000000 0.001655429
1.000000000 0.000037153 -0.000072495 0.000755257 -0.000037140 1.000000000 0.000180195 -0.001378957 0.000072501 -0.000180192 1.000000000 -0.000334743
1.000000000 0.000197218 0.000030882 -0.000389410 -0.000197220 1.000000000 0.000061073 -0.000179155 -0.000030870 -0.000061079 1.000000000 -0.000369866
1.000000000 0.000017682 0.000001723 -0.000297771 -0.000017682 1.000000000 0.000114115 -0.000752599 -0.000001721 -0.000114115 1.000000000 -0.000744645
1.000000000 0.000011057 0.000153505 -0.001225959 -0.000011051 1.000000000 -0.000042647 0.000916530 -0.000153506 0.000042645 1.000000000 0.001952577
1.000000000 -0.000092731 0.000225345 -0.001238798 0.000092707 1.000000000 0.000104775 0.000990863 -0.000225355 -0.000104754 0.999999940 0.003860216
1.000000000 0.000034347 0.000141285 -0.000899207 -0.000034349 1.000000000 0.000019450 0.000655576 -0.000141284 -0.000019454 1.000000000 0.001606146
1.000000000 -0.000124780 0.000127922 -0.000085630 0.000124781 1.000000000 -0.000007061 0.000227553 -0.000127921 0.000007077 1.000000000 0.000003789
1.000000000 -0.000113159 0.000190082 -0.000012036 0.000113156 1.000000000 0.000015059 0.000625575 -0.000190083 -0.000015037 1.000000000 0.001156807
1.000000000 -0.000106898 0.000044076 -0.000036667 0.000106895 1.000000000 0.000056282 -0.000104948 -0.000044082 -0.000056277 1.000000000 0.000669742
1.000000000 0.000051367 0.000130709 -0.001413093 -0.000051369 1.000000000 0.000010743 0.001384156 -0.000130708 -0.000010750 1.000000000 0.004344662
1.000000000 -0.000147237 0.000166655 -0.000729370 0.000147197 0.999999940 0.000240172 -0.000873963 -0.000166690 -0.000240148 0.999999940 0.000869798
1.000000000 0.000028389 0.000166255 -0.000889221 -0.000028421 1.000000000 0.000193262 -0.001421881 -0.000166250 -0.000193267 0.999999940 -0.000744406
1.000000000 0.000219373 0.000101677 -0.000124727 -0.000219399 0.999999940 0.000253082 -0.002434977 -0.000101622 -0.000253104 0.999999940 -0.002087547
1.000000000 0.000020673 0.000082147 -0.001910670 -0.000020674 1.000000000 0.000017061 0.000670313 -0.000082147 -0.000017063 1.000000000 0.003238091
0.999999940 0.000119543 0.000323176 -0.003062018 -0.000119546 1.000000000 0.000008195 0.001544088 -0.000323175 -0.000008234 0.999999940 0.004726201
1.000000000 -0.000014034 0.000208445 -0.002332852 0.000014022 1.000000000 0.000056601 0.000581022 -0.000208446 -0.000056599 1.000000000 0.002739437
1.000000000 0.000144761 0.000099638 -0.001512422 -0.000144769 1.000000000 0.000083951 0.000472063 -0.000099626 -0.000083965 1.000000000 0.002290900
1.000000000 0.000137228 0.000155236 -0.001842475 -0.000137249 1.000000000 0.000138113 0.000815257 -0.000155217 -0.000138135 1.000000000 0.003929232
0.999999881 0.000350181 0.000314708 -0.003197948 -0.000350182 0.999999940 0.000003410 0.001332120 -0.000314707 -0.000003520 0.999999940 0.003983251
1.000000000 0.000043585 0.000107605 -0.000399647 -0.000043598 1.000000000 0.000120822 -0.000811677 -0.000107599 -0.000120827 1.000000000 -0.000782963
0.999999940 0.000151672 0.000283988 -0.001401376 -0.000151689 1.000000000 0.000062483 0.000313261 -0.000283979 -0.000062526 0.999999940 0.002502172
0.999999940 -0.000058366 0.000240575 -0.001748640 0.000058373 1.000000000 -0.000030507 0.001015899 -0.000240573 0.000030521 1.000000000 0.000976498
1.000000000 0.000003417 0.000115636 -0.000252052 -0.000003416 1.000000000 -0.000003445 0.000830570 -0.000115636 0.000003444 1.000000000 0.000839254
1.000000000 0.000005988 0.000243286 -0.001484442 -0.000006001 1.000000000 0.000053230 0.000175435 -0.000243286 -0.000053231 0.999999940 0.000384829
1.000000000 0.000005533 0.000225433 -0.001340838 -0.000005521 1.000000000 -0.000054659 0.001461669 -0.000225433 0.000054658 1.000000000 0.002171742
0.999999940 0.000108714 0.000362343 -0.003871947 -0.000108655 1.000000000 -0.000163002 0.002854432 -0.000362361 0.000162962 0.999999940 0.003955150
0.999999940 0.000040603 0.000258066 -0.003561526 -0.000040615 1.000000000 0.000046450 0.001721763 -0.000258064 -0.000046460 0.999999940 0.004267636
1.000000000 -0.000071755 0.000168415 -0.002136705 0.000071763 1.000000000 -0.000048087 0.000683590 -0.000168411 0.000048099 1.000000000 0.002423211
0.999999940 0.000032802 0.000243065 -0.002058089 -0.000032814 1.000000000 0.000048046 0.000828383 -0.000243064 -0.000048054 0.999999940 0.002159991
1.000000000 0.000016264 0.000239627 -0.002054187 -0.000016256 1.000000000 -0.000033696 0.001434605 -0.000239627 0.000033692 1.000000000 0.003296668
0.999999940 0.000061252 0.000319544 -0.001740296 -0.000061251 1.000000000 -0.000002060 0.001271651 -0.000319544 0.000002040 0.999999940 0.002040253
1.000000000 0.000120864 0.000192192 -0.000154951 -0.000120892 1.000000000 0.000143430 -0.000575231 -0.000192174 -0.000143453 1.000000000 0.000189803
1.000000000 -0.000094379 0.000199788 -0.001691192 0.000094403 1.000000000 -0.000121751 0.003703148 -0.000199777 0.000121770 1.000000000 0.006108750
0.999999940 0.000045121 0.000295804 -0.003172573 -0.000045072 1.000000000 -0.000166821 0.005032322 -0.000295812 0.000166807 0.999999940 0.007756701
0.999999940 -0.000267594 0.000214129 -0.000608026 0.000267568 0.999999940 0.000125132 0.000744321 -0.000214162 -0.000125075 0.999999940 0.002415570
1.000000000 -0.000054066 0.000169647 -0.000788968 0.000054050 1.000000000 0.000091959 0.000737119 -0.000169651 -0.000091950 1.000000000 0.002006798
1.000000000 -0.000108121 0.000185315 -0.001077021 0.000108108 1.000000000 0.000067118 0.000872743 -0.000185323 -0.000067098 1.000000000 0.001901275
0.999999940 0.000034198 0.000364652 -0.002384304 -0.000034212 1.000000000 0.000038411 0.000859634 -0.000364650 -0.000038424 0.999999940 0.004170433
0.999999940 -0.000135338 0.000320206 -0.000137871 0.000135561 0.999999762 -0.000694916 -0.000885744 -0.000320112 0.000694959 0.999999702 0.052046813
0.999999821 0.000271743 0.000501881 -0.003877136 -0.000271161 0.999999285 -0.001158794 -0.006151088 -0.000502196 0.001158658 0.999999225 0.134884164
1.000000000 0.000218430 -0.000023203 0.003204094 -0.000218469 0.999998569 -0.001692949 -0.002077335 0.000022833 0.001692954 0.999998569 0.257583141
1.000000000 0.000090134 -0.000024675 0.005777856 -0.000090166 0.999999166 -0.001311153 -0.010914195 0.000024557 0.001311155 0.999999166 0.386891574
1.000000000 0.000100812 0.000089471 0.008999489 -0.000100711 0.999999344 -0.001130867 -0.016957276 -0.000089585 0.001130858 0.999999344 0.522618830
0.999999940 0.000317260 0.000142452 0.013952975 -0.000317158 0.999999702 -0.000721119 -0.026613079 -0.000142681 0.000721074 0.999999702 0.668514788
0.999999583 0.000765645 0.000458824 0.015836406 -0.000765302 0.999999404 -0.000748731 -0.025523892 -0.000459397 0.000748380 0.999999642 0.842919886
1.000000000 -0.000119221 -0.000049095 0.020542502 0.000119181 0.999999642 -0.000814597 -0.025996583 0.000049192 0.000814591 0.999999642 1.018725157
1.000000000 0.000212575 -0.000073084 0.022109637 -0.000212600 0.999999940 -0.000344534 -0.033323213 0.000073011 0.000344549 0.999999940 1.193195224
0.999999940 0.000137505 0.000224728 0.019111464 -0.000137396 0.999999881 -0.000485011 -0.036669340 -0.000224795 0.000484980 0.999999881 1.369214177
0.999999881 0.000511065 0.000137107 0.036827292 -0.000511039 0.999999881 -0.000189574 -0.055381950 -0.000137204 0.000189503 1.000000000 1.558865190
0.999999940 0.000391257 0.000048587 0.035855938 -0.000391257 0.999999940 -0.000012514 -0.050639778 -0.000048592 0.000012494 1.000000000 1.769275904
0.999999702 0.000645107 -0.000360272 0.039157677 -0.000645393 0.999999464 -0.000794876 -0.045281429 0.000359759 0.000795108 0.999999642 1.962992787
0.999999821 0.000541494 0.000309490 0.042881116 -0.000541386 0.999999821 -0.000350725 -0.062389947 -0.000309680 0.000350558 0.999999881 2.161846399
0.999998212 0.001783898 0.000591607 0.036419481 -0.001782870 0.999996841 -0.001733295 -0.055439986 -0.000594697 0.001732237 0.999998331 2.376266003
0.999998569 0.001659642 0.000116508 0.047985345 -0.001659472 0.999997497 -0.001442733 -0.063619502 -0.000118901 0.001442537 0.999998987 2.595392704
0.999997497 0.002157973 0.000593134 0.045496356 -0.002156932 0.999996066 -0.001749848 -0.069129892 -0.000596907 0.001748564 0.999998271 2.825713158
0.999998033 0.001926618 0.000368852 0.052849405 -0.001926087 0.999997020 -0.001434227 -0.076469801 -0.000371614 0.001433514 0.999998868 3.063929081
0.999998629 0.001645291 0.000284856 0.055897083 -0.001644781 0.999997079 -0.001782618 -0.078332923 -0.000287788 0.001782147 0.999998391 3.302059889
0.999998033 0.001880663 0.000617462 0.061523989 -0.001879690 0.999997020 -0.001572416 -0.088807791 -0.000620418 0.001571252 0.999998569 3.547306299
0.999998271 0.001779204 0.000420253 0.065706536 -0.001778446 0.999996781 -0.001794863 -0.092536911 -0.000423445 0.001794113 0.999998331 3.807845354
0.999997854 0.002003050 0.000478916 0.074441507 -0.002002136 0.999996185 -0.001900730 -0.100614667 -0.000482721 0.001899767 0.999998093 4.067793369
0.999998450 0.001756922 0.000201862 0.079630807 -0.001756662 0.999997675 -0.001281741 -0.112505518 -0.000204113 0.001281384 0.999999166 4.321482182
0.999997735 0.002085134 0.000396034 0.079678901 -0.002084493 0.999996483 -0.001614575 -0.114993721 -0.000399399 0.001613745 0.999998629 4.584417820
0.999996364 0.002562047 0.000800399 0.084339589 -0.002561026 0.999995887 -0.001273952 -0.125584379 -0.000803660 0.001271898 0.999998927 4.842042923
0.999998331 0.001781389 0.000440681 0.089629784 -0.001780701 0.999997258 -0.001557412 -0.127776206 -0.000443454 0.001556625 0.999998689 5.110359669
0.999998510 0.001706279 0.000215566 0.099937834 -0.001705931 0.999997258 -0.001605577 -0.136831060 -0.000218305 0.001605207 0.999998629 5.362515926
0.999996364 0.002659563 0.000391172 0.104595616 -0.002658996 0.999995351 -0.001445286 -0.151213691 -0.000395014 0.001444240 0.999998868 5.638860703
0.999997675 0.002181705 0.000125257 0.112436160 -0.002181559 0.999996960 -0.001147176 -0.161225408 -0.000127760 0.001146900 0.999999285 5.906960964
0.999997854 0.002062836 0.000236510 0.119505607 -0.002062568 0.999997258 -0.001126284 -0.168906033 -0.000238833 0.001125794 0.999999344 6.188830376
0.999997199 0.002368659 -0.000056421 0.126325607 -0.002368730 0.999996364 -0.001285342 -0.176947206 0.000053376 0.001285472 0.999999225 6.470737934
0.999996662 0.002506134 0.000581555 0.120968007 -0.002505190 0.999995530 -0.001617090 -0.187567279 -0.000585605 0.001615628 0.999998510 6.758279324
0.999996960 0.002404899 0.000442383 0.129940346 -0.002404129 0.999995589 -0.001733145 -0.193953678 -0.000446550 0.001732076 0.999998391 7.055219173
0.999997437 0.002243382 0.000260057 0.140936986 -0.002243027 0.999996483 -0.001357591 -0.206839651 -0.000263102 0.001357004 0.999999046 7.346962452
0.999996662 0.002477761 0.000648482 0.137744993 -0.002476468 0.999994934 -0.001986354 -0.210697114 -0.000653401 0.001984742 0.999997795 7.671906471
0.999997556 0.002174652 0.000584943 0.148759320 -0.002174155 0.999997258 -0.000850126 -0.236028820 -0.000586791 0.000848852 0.999999464 7.976934433
0.999997556 0.002125146 0.000586468 0.154169917 -0.002124538 0.999997199 -0.001035476 -0.241887048 -0.000588667 0.001034228 0.999999285 8.297934532
0.999997258 0.002117633 0.000953230 0.156959891 -0.002116406 0.999996960 -0.001285442 -0.251008302 -0.000955950 0.001283421 0.999998689 8.635804176
0.999996841 0.002223779 0.001116849 0.159067571 -0.002222562 0.999996901 -0.001089183 -0.259256035 -0.001119268 0.001086697 0.999998748 8.975781441
0.999996483 0.002376005 0.001120426 0.165959239 -0.002375222 0.999996960 -0.000699094 -0.278936416 -0.001122084 0.000696430 0.999999106 9.305186272
0.999997020 0.002172189 0.001055503 0.179091468 -0.002171895 0.999997616 -0.000279683 -0.290151507 -0.001056107 0.000277390 0.999999344 9.640477180
0.999997079 0.002304870 0.000628030 0.186132342 -0.002304477 0.999997199 -0.000625041 -0.299322993 -0.000629469 0.000623592 0.999999583 9.999562263
0.999996364 0.002510590 0.001010831 0.187622756 -0.002510441 0.999996841 -0.000149650 -0.317199558 -0.001011203 0.000147112 0.999999464 10.367345810
0.999995887 0.002599802 0.001242659 0.193895683 -0.002599955 0.999996662 0.000122252 -0.331889004 -0.001242337 -0.000125483 0.999999225 10.719417572
0.999995947 0.002478956 0.001425336 0.197781995 -0.002478582 0.999996901 -0.000263891 -0.336405843 -0.001425985 0.000260358 0.999998927 11.088021278
0.999995530 0.002544899 0.001572048 0.205159456 -0.002544461 0.999996722 -0.000280294 -0.350634813 -0.001572756 0.000276293 0.999998689 11.461672783
0.999996364 0.002176945 0.001610313 0.215277791 -0.002176689 0.999997675 -0.000161182 -0.361505002 -0.001610660 0.000157676 0.999998689 11.839534760
0.999996305 0.002240928 0.001540376 0.221879423 -0.002240626 0.999997497 -0.000197921 -0.372942150 -0.001540816 0.000194469 0.999998808 12.232550621
0.999996066 0.002356090 0.001549536 0.232438564 -0.002355363 0.999997139 -0.000471435 -0.383410603 -0.001550642 0.000467784 0.999998748 12.625461578
0.999996245 0.002316442 0.001480409 0.242999256 -0.002316068 0.999997318 -0.000254643 -0.395028204 -0.001480996 0.000251213 0.999998868 13.019190788
0.999994457 0.002593223 0.002081470 0.235043511 -0.002593500 0.999996603 0.000130160 -0.412024558 -0.002081125 -0.000135558 0.999997854 13.418218613
0.999995828 0.001816851 0.002215412 0.245696887 -0.001817596 0.999998271 0.000334340 -0.421184838 -0.002214801 -0.000338365 0.999997497 13.829823494
0.999993980 0.002208993 0.002686141 0.251729608 -0.002209930 0.999997497 0.000346126 -0.435293227 -0.002685370 -0.000352060 0.999996305 14.250452995
0.999992728 0.002798167 0.002607988 0.263083309 -0.002799703 0.999995887 0.000585685 -0.450113922 -0.002606338 -0.000592983 0.999996424 14.671244621
0.999992073 0.002164830 0.003356869 0.273017436 -0.002167201 0.999997437 0.000702959 -0.463048577 -0.003355338 -0.000710228 0.999994099 15.092789650
0.999994040 0.002139743 0.002717454 0.288709998 -0.002140324 0.999997675 0.000211006 -0.474580050 -0.002716996 -0.000216822 0.999996305 15.532758713
0.999992251 0.002100260 0.003327919 0.297297001 -0.002100854 0.999997795 0.000174997 -0.487558633 -0.003327545 -0.000181987 0.999994457 15.974084854
0.999992073 0.002136830 0.003360124 0.308843076 -0.002137600 0.999997675 0.000225616 -0.499411434 -0.003359633 -0.000232797 0.999994338 16.416860580
0.999990761 0.002200167 0.003694140 0.320538044 -0.002198959 0.999997497 -0.000330949 -0.509821594 -0.003694859 0.000322822 0.999993086 16.858049393
0.999988914 0.002385904 0.004053365 0.329937339 -0.002387303 0.999997079 0.000340466 -0.524342656 -0.004052539 -0.000350139 0.999991655 17.327596664
0.999987304 0.002368641 0.004447294 0.339945436 -0.002372302 0.999996901 0.000818139 -0.540925741 -0.004445341 -0.000828679 0.999989748 17.785160065
0.999987662 0.002134946 0.004477330 0.355213195 -0.002137741 0.999997497 0.000619738 -0.555194318 -0.004475998 -0.000629302 0.999989808 18.247737885
0.999983251 0.002944386 0.004998646 0.361483306 -0.002946437 0.999995530 0.000402952 -0.563180387 -0.004997438 -0.000417674 0.999987423 18.720643997
0.999987364 0.002262850 0.004487727 0.385977954 -0.002268427 0.999996662 0.001238028 -0.591221631 -0.004484909 -0.001248193 0.999989092 19.183454514
0.999985933 0.002163206 0.004828149 0.399723828 -0.002168838 0.999997020 0.001161742 -0.601094127 -0.004825621 -0.001172198 0.999987662 19.670782089
0.999984860 0.002128167 0.005078085 0.404203206 -0.002133468 0.999997139 0.001038448 -0.615208209 -0.005075861 -0.001049266 0.999986589 20.162027359
0.999983728 0.002157753 0.005286251 0.415583730 -0.002164671 0.999996841 0.001303418 -0.630760491 -0.005283420 -0.001314840 0.999985218 20.658103943
0.999984384 0.002283252 0.005113123 0.429268688 -0.002285006 0.999997377 0.000337414 -0.626508534 -0.005112340 -0.000349093 0.999986887 21.165845871
0.999989927 0.002622676 0.003643423 0.441544682 -0.002630340 0.999994278 0.002100340 -0.670504272 -0.003637896 -0.002109902 0.999991179 21.672712326
0.999990046 0.002254898 0.003845922 0.444149315 -0.002264937 0.999994040 0.002608049 -0.687050700 -0.003840016 -0.002616734 0.999989271 22.187095642
0.999984384 0.003914924 0.003991183 0.459848553 -0.003923935 0.999989808 0.002252028 -0.693054676 -0.003982325 -0.002267654 0.999989569 22.695886612
0.999993980 0.002573414 0.002291710 0.473761499 -0.002578226 0.999994457 0.002099795 -0.716089368 -0.002286293 -0.002105692 0.999995172 23.219104767
0.999995053 0.002482830 0.001935413 0.489615619 -0.002485968 0.999995589 0.001621239 -0.731232703 -0.001931380 -0.001626042 0.999996841 23.734142303
0.999992192 0.002978029 0.002571356 0.474610209 -0.002980646 0.999995053 0.001014551 -0.737404346 -0.002568322 -0.001022207 0.999996185 24.284673691
0.999996960 0.002427133 0.000393132 0.505815268 -0.002428006 0.999994516 0.002233630 -0.760822892 -0.000387708 -0.002234578 0.999997437 24.805923462
0.999996364 0.002665312 -0.000092195 0.516012251 -0.002665103 0.999994040 0.002188095 -0.771264911 0.000098027 -0.002187841 0.999997616 25.350057602
0.999995828 0.002840175 0.000402287 0.515404165 -0.002841016 0.999993742 0.002104707 -0.784037590 -0.000396307 -0.002105841 0.999997735 25.890512466
0.999996006 0.002267484 -0.001634896 0.536529422 -0.002263081 0.999993801 0.002690014 -0.810202718 0.001640985 -0.002686304 0.999995053 26.413782120
0.999994695 0.002747254 -0.001704325 0.543054283 -0.002742280 0.999992073 0.002913467 -0.821262956 0.001712316 -0.002908778 0.999994338 26.969341278
0.999995887 0.001472810 -0.002419065 0.563106120 -0.001465040 0.999993742 0.003210301 -0.842305779 0.002423778 -0.003206743 0.999991953 27.508043289
0.999993086 0.002613854 -0.002642439 0.565351963 -0.002603931 0.999989569 0.003751727 -0.866011262 0.002652219 -0.003744821 0.999989390 28.057701111
0.999992430 0.003042341 -0.002402447 0.565508306 -0.003033028 0.999987841 0.003870473 -0.878833532 0.002414193 -0.003863157 0.999989629 28.601959229
0.999991894 0.003184694 -0.002493435 0.572819471 -0.003175341 0.999987900 0.003746263 -0.891919613 0.002505336 -0.003738314 0.999989867 29.146537781
0.999989152 0.002713188 -0.003785552 0.597861767 -0.002697967 0.999988198 0.004020009 -0.909163535 0.003796414 -0.004009752 0.999984741 29.712940216
0.999988317 0.002819779 -0.003931317 0.599324763 -0.002803985 0.999988019 0.004017257 -0.920600772 0.003942598 -0.004006187 0.999984205 30.254047394
0.999987721 0.002717847 -0.004162581 0.612128615 -0.002701111 0.999988317 0.004020784 -0.934487700 0.004173460 -0.004009490 0.999983311 30.802576065
0.999985516 0.002747480 -0.004613036 0.622878075 -0.002728183 0.999987662 0.004184125 -0.952987909 0.004624474 -0.004171479 0.999980628 31.349578857
0.999983311 0.002731304 -0.005082299 0.633559704 -0.002709562 0.999987185 0.004279906 -0.967819095 0.005093924 -0.004266065 0.999977887 31.899734497
0.999984026 0.002716625 -0.004960467 0.642392516 -0.002693890 0.999985874 0.004584285 -0.985700488 0.004972851 -0.004570849 0.999977231 32.448757172
0.999983490 0.002932544 -0.004947211 0.642934918 -0.002912271 0.999987364 0.004100265 -0.988415480 0.004959173 -0.004085789 0.999979317 33.010150909
0.999979079 0.002905917 -0.005779649 0.658336341 -0.002879330 0.999985278 0.004602968 -1.008561850 0.005792940 -0.004586231 0.999972701 33.543991089
0.999980271 0.003665797 -0.005104567 0.656937718 -0.003644893 0.999985039 0.004098352 -1.014957666 0.005119514 -0.004079666 0.999978602 34.105197906
0.999978662 0.002320587 -0.006108589 0.673734963 -0.002291319 0.999985814 0.004793812 -1.036009789 0.006119627 -0.004779712 0.999969840 34.629310608
0.999981761 0.002685660 -0.005405071 0.670077682 -0.002661297 0.999986291 0.004509445 -1.044272661 0.005417107 -0.004494978 0.999975264 35.189388275
0.999978721 0.002305860 -0.006118826 0.686718345 -0.002278820 0.999987602 0.004422569 -1.054916024 0.006128949 -0.004408531 0.999971509 35.731945038
0.999978721 0.002763117 -0.005916133 0.690992296 -0.002738324 0.999987483 0.004194727 -1.066077948 0.005927649 -0.004178437 0.999973774 36.282157898
0.999975801 0.002656972 -0.006419963 0.704232454 -0.002631112 0.999988377 0.004033235 -1.076731563 0.006430604 -0.004016246 0.999971271 36.814819336
0.999976158 0.002617988 -0.006395485 0.711174548 -0.002590920 0.999987662 0.004237020 -1.088281035 0.006406499 -0.004220348 0.999970615 37.367866516
0.999977648 0.002804429 -0.006070388 0.717533708 -0.002780976 0.999988616 0.003868578 -1.094942212 0.006081168 -0.003851609 0.999974132 37.903656006
0.999976873 0.002240490 -0.006417557 0.711061478 -0.002214712 0.999989390 0.004021175 -1.114740014 0.006426499 -0.004006869 0.999971271 38.473468781
0.999978125 0.002365498 -0.006162871 0.712212980 -0.002339576 0.999988317 0.004209941 -1.131054878 0.006172759 -0.004195431 0.999972165 39.017459869
0.999977946 0.002460062 -0.006166638 0.721519113 -0.002433133 0.999987483 0.004370722 -1.145873427 0.006177313 -0.004355621 0.999971449 39.559688568
0.999972582 0.002316181 -0.007033314 0.737910509 -0.002288057 0.999989510 0.004003992 -1.152494311 0.007042513 -0.003987791 0.999967277 40.120506287
0.999969721 0.002237992 -0.007457601 0.749040842 -0.002207180 0.999989033 0.004137312 -1.171041727 0.007466778 -0.004120727 0.999963701 40.655063629
0.999971449 0.002593056 -0.007095208 0.761236787 -0.002565292 0.999989092 0.003919161 -1.180862308 0.007105293 -0.003900848 0.999967158 41.211421967
0.999969661 0.002607657 -0.007343736 0.751310706 -0.002577663 0.999988258 0.004090827 -1.194769859 0.007354318 -0.004071773 0.999964595 41.773910522
0.999968767 0.002685985 -0.007454008 0.760560155 -0.002654519 0.999987483 0.004227911 -1.212320447 0.007465272 -0.004207992 0.999963284 42.314487457
0.999966919 0.002682338 -0.007681961 0.771339774 -0.002648926 0.999987066 0.004356341 -1.223729014 0.007693547 -0.004335848 0.999960959 42.860263824
0.999965847 0.002108822 -0.007982975 0.768115580 -0.002075721 0.999989331 0.004152414 -1.228563905 0.007991645 -0.004135702 0.999959528 43.420337677
0.999968946 0.002612988 -0.007426481 0.768080473 -0.002585561 0.999989808 0.003700481 -1.240312099 0.007436074 -0.003681165 0.999965608 43.973869324
0.999968886 0.002095220 -0.007606415 0.781025648 -0.002060938 0.999987721 0.004512100 -1.260136366 0.007615773 -0.004496282 0.999960899 44.510364532
0.999966323 0.002098284 -0.007934215 0.781318903 -0.002064856 0.999988973 0.004219079 -1.275918245 0.007942981 -0.004202554 0.999959648 45.061714172
0.999970496 0.002524933 -0.007254700 0.787618756 -0.002495506 0.999988616 0.004062412 -1.284122586 0.007264874 -0.004044188 0.999965549 45.613574982
0.999971330 0.003013619 -0.006951633 0.796131730 -0.002982086 0.999985218 0.004541913 -1.305175900 0.006965218 -0.004521052 0.999965549 46.162849426
0.999964595 0.001349653 -0.008302397 0.805925488 -0.001313611 0.999989688 0.004345007 -1.315395832 0.008308176 -0.004333947 0.999956071 46.707397461
0.999964416 0.001969298 -0.008197967 0.816665888 -0.001931586 0.999987543 0.004605459 -1.330788255 0.008206935 -0.004589460 0.999955773 47.256332397
0.999967217 0.001478162 -0.007959181 0.807949007 -0.001445430 0.999990463 0.004116699 -1.331553698 0.007965191 -0.004105059 0.999959767 47.809356689
0.999964356 0.001821154 -0.008236234 0.821836531 -0.001787995 0.999990284 0.004031550 -1.346355915 0.008243497 -0.004016680 0.999957860 48.360172272
0.999967217 0.001079770 -0.008022838 0.829401255 -0.001044394 0.999989748 0.004412339 -1.357820034 0.008027520 -0.004403816 0.999958098 48.913902283
0.999965966 0.001594847 -0.008094878 0.829305351 -0.001560789 0.999989867 0.004211785 -1.368879676 0.008101514 -0.004199007 0.999958277 49.454082489
0.999966204 0.001207832 -0.008128898 0.844479561 -0.001173939 0.999990582 0.004172842 -1.380961657 0.008133859 -0.004163158 0.999958217 50.003490448
0.999967754 0.001806592 -0.007831412 0.843150377 -0.001771058 0.999988198 0.004541985 -1.396680951 0.007839524 -0.004527968 0.999958992 50.547565460
0.999966145 0.002020260 -0.007974545 0.843605816 -0.001990146 0.999990880 0.003782355 -1.403970599 0.007982113 -0.003766357 0.999961078 51.103054047
0.999970675 0.002002033 -0.007402223 0.845423818 -0.001974262 0.999991179 0.003757098 -1.418331623 0.007409677 -0.003742373 0.999965608 51.660408020
0.999966681 0.001508458 -0.008023067 0.857977152 -0.001480782 0.999993026 0.003454386 -1.428436518 0.008028222 -0.003442391 0.999961853 52.210311890
0.999963999 0.001322448 -0.008379316 0.873058081 -0.001291779 0.999992430 0.003664455 -1.443033457 0.008384099 -0.003653499 0.999958158 52.740345001
0.999967039 0.001358282 -0.008001218 0.872262120 -0.001329584 0.999992609 0.003590877 -1.453991294 0.008006038 -0.003580121 0.999961555 53.279510498
0.999968529 0.001095170 -0.007855691 0.877608180 -0.001067271 0.999993145 0.003554695 -1.466297388 0.007859531 -0.003546200 0.999962807 53.833847046
0.999966204 0.001460660 -0.008083099 0.892401099 -0.001430354 0.999991953 0.003753807 -1.482601166 0.008088515 -0.003742118 0.999960303 54.391788483
0.999962866 0.001028871 -0.008558239 0.904303312 -0.000995932 0.999992073 0.003852194 -1.492064595 0.008562134 -0.003843527 0.999955952 54.946914673
0.999966204 0.001254041 -0.008130405 0.909416676 -0.001224951 0.999992847 0.003581865 -1.504014015 0.008134837 -0.003571785 0.999960542 55.478298187
0.999967873 0.001878501 -0.007785327 0.901404738 -0.001848894 0.999991059 0.003808346 -1.520105243 0.007792411 -0.003793829 0.999962449 56.049488068
0.999966979 0.001505076 -0.007986689 0.910287738 -0.001474143 0.999991477 0.003877578 -1.531656623 0.007992456 -0.003865677 0.999960601 56.602149963
0.999971390 0.001929519 -0.007307517 0.906962335 -0.001901750 0.999990940 0.003805120 -1.551491618 0.007314794 -0.003791114 0.999966085 57.138347626
0.999967217 0.002217805 -0.007788566 0.921687365 -0.002188792 0.999990642 0.003731648 -1.557977080 0.007796769 -0.003714478 0.999962687 57.712661743
0.999967396 0.002341147 -0.007735840 0.922984898 -0.002309310 0.999988914 0.004121860 -1.571974874 0.007745402 -0.004103861 0.999961555 58.268932343
0.999969125 0.001889336 -0.007624540 0.939947784 -0.001859163 0.999990463 0.003962528 -1.587487340 0.007631953 -0.003948231 0.999963045 58.793182373
0.999971032 0.001965992 -0.007350183 0.931213737 -0.001944384 0.999993742 0.002945723 -1.586885095 0.007355928 -0.002931347 0.999968588 59.364440918
0.999970436 0.002177314 -0.007374234 0.940931737 -0.002157234 0.999993920 0.002729792 -1.602026939 0.007380133 -0.002713804 0.999969065 59.906898499
0.999969602 0.002074198 -0.007512887 0.944212198 -0.002052869 0.999993742 0.002845569 -1.609290361 0.007518743 -0.002830060 0.999967754 60.447166443
0.999965847 0.002576106 -0.007855572 0.953178525 -0.002553778 0.999992788 0.002850943 -1.625469804 0.007862859 -0.002830785 0.999965012 61.003574371
0.999968469 0.003043610 -0.007338287 0.959450603 -0.003022703 0.999991417 0.002858369 -1.643323183 0.007346923 -0.002836097 0.999969006 61.552768707
0.999965310 0.002819123 -0.007847560 0.971824884 -0.002796716 0.999991953 0.002864724 -1.653779387 0.007855573 -0.002842677 0.999965072 62.100418091
0.999967992 0.002868495 -0.007467153 0.965550542 -0.002849568 0.999992728 0.002544207 -1.661300778 0.007474397 -0.002522848 0.999968827 62.640411377
0.999971747 0.002627915 -0.007026591 0.971614480 -0.002612014 0.999994040 0.002271332 -1.675745726 0.007032518 -0.002252914 0.999972761 63.187797546
0.999972224 0.003152586 -0.006747014 0.969062686 -0.003136782 0.999992311 0.002351784 -1.689966679 0.006754376 -0.002330555 0.999974430 63.750339508
0.999967337 0.002934592 -0.007521873 0.985716343 -0.002912443 0.999991417 0.002953879 -1.710209608 0.007530476 -0.002931875 0.999967277 64.276657104
0.999967694 0.003020195 -0.007445496 0.987374961 -0.003002348 0.999992669 0.002407021 -1.719128489 0.007452710 -0.002384589 0.999969363 64.826446533
0.999967158 0.003257914 -0.007414975 0.997468114 -0.003235169 0.999990106 0.003077472 -1.732954025 0.007424927 -0.003053383 0.999967694 65.365890503
0.999965250 0.003494398 -0.007563694 1.004881859 -0.003470988 0.999989152 0.003105957 -1.752105236 0.007574465 -0.003079596 0.999966502 65.902450562
0.999969423 0.003166729 -0.007155757 1.012530088 -0.003144576 0.999990225 0.003105020 -1.762902737 0.007165520 -0.003082423 0.999969542 66.454948425
0.999968350 0.003351976 -0.007215637 1.014612794 -0.003331722 0.999990463 0.002817158 -1.771572948 0.007225011 -0.002793028 0.999969959 67.013145447
0.999962926 0.003653347 -0.007793748 1.025161505 -0.003630189 0.999988973 0.002983258 -1.789983153 0.007804560 -0.002954855 0.999965191 67.549163818
0.999963760 0.003672436 -0.007677197 1.027545929 -0.003650495 0.999989271 0.002870091 -1.802835703 0.007687654 -0.002841961 0.999966443 68.092102051
0.999965429 0.004006148 -0.007276500 1.028977513 -0.003983281 0.999987125 0.003154150 -1.818610311 0.007289041 -0.003125056 0.999968529 68.633697510
0.999964118 0.004203781 -0.007358120 1.036044359 -0.004183888 0.999987483 0.002716974 -1.828123689 0.007369450 -0.002686092 0.999969244 69.162956238
0.999965310 0.003669764 -0.007476085 1.041816354 -0.003653703 0.999990940 0.002161003 -1.832414627 0.007483948 -0.002133613 0.999969780 69.715934753
0.999965489 0.003724551 -0.007433720 1.057021022 -0.003706860 0.999990225 0.002392108 -1.850860596 0.007442557 -0.002364470 0.999969482 70.247840881
0.999963105 0.004220490 -0.007483391 1.059257030 -0.004201922 0.999988079 0.002495299 -1.859221220 0.007493833 -0.002463762 0.999968886 70.773056030
0.999961615 0.004466154 -0.007542794 1.071372986 -0.004444650 0.999986053 0.002865351 -1.876136661 0.007555486 -0.002831716 0.999967456 71.320625305
0.999964833 0.004062771 -0.007337963 1.066532731 -0.004045349 0.999988914 0.002387553 -1.888083935 0.007347583 -0.002357784 0.999970257 71.847335815
0.999961495 0.004362650 -0.007612081 1.079004765 -0.004340643 0.999986351 0.002905139 -1.909278870 0.007624651 -0.002871986 0.999966800 72.395927429
0.999959528 0.004559687 -0.007750746 1.085358262 -0.004539874 0.999986291 0.002571921 -1.921912551 0.007762367 -0.002536630 0.999966681 72.942939758
0.999965012 0.004340325 -0.007153592 1.085231543 -0.004319923 0.999986589 0.002864845 -1.942793369 0.007165930 -0.002833841 0.999970317 73.492835999
0.999966621 0.004017119 -0.007115652 1.090029836 -0.003993497 0.999986470 0.003330892 -1.957013011 0.007128936 -0.003302364 0.999969125 74.038040161
0.999964178 0.004060125 -0.007423672 1.101881266 -0.004036229 0.999986589 0.003231033 -1.975385070 0.007436691 -0.003200953 0.999967217 74.571052551
0.999964356 0.004413184 -0.007193769 1.103360653 -0.004390050 0.999985158 0.003228457 -1.982446671 0.007207911 -0.003196760 0.999968886 75.113449097
0.999965787 0.004594050 -0.006879929 1.107712507 -0.004568029 0.999982357 0.003793065 -2.000295162 0.006897233 -0.003761508 0.999969125 75.657714844
0.999967396 0.003496854 -0.007268424 1.122260213 -0.003472931 0.999988556 0.003301261 -2.014731646 0.007279885 -0.003275911 0.999968112 76.199729919
0.999963999 0.004488185 -0.007191251 1.121956825 -0.004467047 0.999985576 0.002952593 -2.021184683 0.007204400 -0.002920364 0.999969780 76.749153137
0.999967039 0.004178545 -0.006956221 1.127810001 -0.004159704 0.999987602 0.002720664 -2.035540104 0.006967503 -0.002691639 0.999972165 77.286102295
0.999967396 0.003633706 -0.007212766 1.140195370 -0.003614265 0.999989808 0.002706421 -2.048357725 0.007222527 -0.002680263 0.999970317 77.837989807
0.999964297 0.003592874 -0.007657074 1.155042648 -0.003571044 0.999989569 0.002862792 -2.065855503 0.007667280 -0.002835346 0.999966562 78.380706787
0.999965549 0.004062983 -0.007234801 1.147706151 -0.004042595 0.999987841 0.002830422 -2.077564478 0.007246214 -0.002801077 0.999969840 78.918380737
0.999965549 0.003935915 -0.007301664 1.160197258 -0.003915502 0.999988437 0.002807852 -2.089749098 0.007312632 -0.002779166 0.999969423 79.468139648
0.999966562 0.004105730 -0.007076453 1.158895612 -0.004087383 0.999988258 0.002605376 -2.103757858 0.007087067 -0.002576365 0.999971569 80.008377075
0.999966025 0.004522046 -0.006893921 1.166130066 -0.004503624 0.999986231 0.002685291 -2.120894194 0.006905970 -0.002654152 0.999972641 80.551490784
0.999970794 0.004568193 -0.006129364 1.178029299 -0.004550515 0.999985397 0.002894842 -2.134180784 0.006142499 -0.002866865 0.999977052 81.099334717
0.999981701 0.003977025 -0.004558600 1.189280391 -0.003965027 0.999988675 0.002637928 -2.147768974 0.004569039 -0.002619805 0.999986172 81.642700195
0.999982178 0.004925231 -0.003353301 1.192974925 -0.004915286 0.999983490 0.002967477 -2.164335251 0.003367861 -0.002950942 0.999989927 82.179069519
0.999984264 0.005224599 -0.001993530 1.201061487 -0.005218228 0.999981225 0.003187733 -2.178570986 0.002010148 -0.003177280 0.999992967 82.729827881
0.999986529 0.005072481 0.001087794 1.221984982 -0.005075702 0.999982655 0.002978191 -2.192912340 -0.001072668 -0.002983671 0.999994993 83.276519775
0.999979794 0.004323873 0.004659010 1.245154381 -0.004337144 0.999986529 0.002841932 -2.201815844 -0.004646658 -0.002862082 0.999985158 83.815742493
0.999957502 0.004639929 0.007958302 1.250751257 -0.004665981 0.999983788 0.003258216 -2.222811699 -0.007943057 -0.003295210 0.999962986 84.372665405
0.999905944 0.004932327 0.012794940 1.282132745 -0.004977055 0.999981582 0.003466259 -2.243904114 -0.012777610 -0.003529614 0.999912143 84.918060303
0.999813974 0.005231667 0.018565554 1.301872492 -0.005287700 0.999981582 0.002970286 -2.246226311 -0.018549673 -0.003067903 0.999823213 85.469024658
0.999693513 0.004745887 0.024297578 1.332313538 -0.004814680 0.999984503 0.002773582 -2.261095762 -0.024284041 -0.002889716 0.999700963 86.021003723
0.999557316 0.003982193 0.029481875 1.370374918 -0.004068082 0.999987602 0.002853880 -2.269427061 -0.029470153 -0.002972552 0.999561250 86.569145203
0.999264121 0.004235263 0.038122281 1.400007367 -0.004335977 0.999987304 0.002559532 -2.280376673 -0.038110964 -0.002722946 0.999269783 87.133056641
0.998934448 0.004037488 0.045974854 1.450399876 -0.004165022 0.999987721 0.002678513 -2.298963070 -0.045963477 -0.002867145 0.998938918 87.671066284
0.998582125 0.004087924 0.053077441 1.490151167 -0.004246335 0.999986887 0.002872097 -2.314736366 -0.053065002 -0.003093409 0.998586178 88.209968567
0.998064220 0.003214757 0.062108725 1.544607639 -0.003392519 0.999990463 0.002756865 -2.326521873 -0.062099263 -0.002962233 0.998065531 88.756362915
0.997384608 0.003691105 0.072182320 1.599884033 -0.003888784 0.999989092 0.002598268 -2.332464457 -0.072171956 -0.002872173 0.997388065 89.316276550
0.996716321 0.003899448 0.080878727 1.660189629 -0.004091296 0.999989212 0.002206471 -2.343057632 -0.080869243 -0.002530125 0.996721566 89.863395691
0.996039033 0.002466184 0.088881820 1.734920979 -0.002665207 0.999994218 0.002120585 -2.354229450 -0.088876069 -0.002349074 0.996039867 90.413940430
0.994979799 0.003553116 0.100012600 1.793456554 -0.003810240 0.999989927 0.002380020 -2.375744343 -0.100003131 -0.002749144 0.994983315 90.983062744
0.993793488 0.004386960 0.111154266 1.860742569 -0.004707983 0.999985516 0.002625779 -2.388531685 -0.111141145 -0.003132795 0.993799686 91.526519775
0.992768764 0.004228486 0.119968057 1.958364487 -0.004612543 0.999985158 0.002923823 -2.413001537 -0.119953908 -0.003456038 0.992773473 92.079353333
0.991341054 0.003450579 0.131266713 2.034097672 -0.003842207 0.999988854 0.002730292 -2.417989731 -0.131255820 -0.003211004 0.991343319 92.635742188
0.989664614 0.002460719 0.143379897 2.136022568 -0.002846699 0.999992907 0.002486925 -2.433164597 -0.143372715 -0.002869381 0.989664614 93.162338257
0.988144457 0.002054188 0.153513476 2.253571510 -0.002506717 0.999993026 0.002754318 -2.454622269 -0.153506771 -0.003106478 0.988142729 93.682563782
0.986425877 0.002146787 0.164192989 2.358972549 -0.002684570 0.999991715 0.003053481 -2.472403049 -0.164185047 -0.003452820 0.986423492 94.256042480
0.984202564 0.001868771 0.177035734 2.477416039 -0.002369708 0.999993801 0.002618195 -2.479585886 -0.177029729 -0.002996358 0.984200895 94.790359497
0.981770694 0.002359679 0.190055281 2.594269753 -0.002961690 0.999991417 0.002883585 -2.496282339 -0.190046906 -0.003393904 0.981769085 95.350814819
0.979767323 0.001456042 0.200134858 2.722789764 -0.002089826 0.999993443 0.002955558 -2.506779194 -0.200129271 -0.003314006 0.979763865 95.880271912
0.977000833 0.001698939 0.213228717 2.864629745 -0.002382854 0.999992788 0.002950465 -2.523363590 -0.213222146 -0.003390699 0.976997852 96.411254883
0.974093437 0.001089946 0.226143539 3.019660950 -0.001845125 0.999993443 0.003128035 -2.539673328 -0.226138651 -0.003464261 0.974088967 96.931732178
0.971431494 0.001050690 0.237317935 3.165733337 -0.001870847 0.999993026 0.003230757 -2.554883242 -0.237312898 -0.003582445 0.971426666 97.469436646
0.968355179 0.000571508 0.249575406 3.316553116 -0.001393544 0.999994159 0.003117057 -2.560920715 -0.249572217 -0.003366213 0.968350351 97.996101379
0.964636087 0.000638103 0.263584614 3.481754303 -0.001403767 0.999995351 0.002716488 -2.568616867 -0.263581663 -0.002990434 0.964632511 98.527603149
0.961181104 -0.000014107 0.275918365 3.652997971 -0.000660593 0.999997079 0.002352350 -2.579872370 -0.275917590 -0.002443305 0.961178184 99.042610168
0.957897782 -0.000625451 0.287108690 3.835857391 -0.000252293 0.999995351 0.003020175 -2.600074530 -0.287109315 -0.002965455 0.957893252 99.578651428
0.953716099 -0.000284223 0.300708175 4.021951675 -0.000788094 0.999993742 0.003444667 -2.617534399 -0.300707281 -0.003522222 0.953710020 100.089187622
0.949330449 -0.000338733 0.314279556 4.225681305 -0.000794445 0.999993682 0.003477546 -2.633450270 -0.314278752 -0.003551019 0.949324131 100.608139038
0.945437968 -0.001437093 0.325798929 4.422422409 0.000446520 0.999995053 0.003115200 -2.637254477 -0.325801790 -0.002799753 0.945433974 101.125244141
0.940803528 -0.000995927 0.338950872 4.636863708 -0.000234918 0.999993503 0.003590293 -2.669812679 -0.338952214 -0.003457386 0.940797329 101.659454346
0.935766518 -0.001278675 0.352617860 4.858179092 -0.000002145 0.999993324 0.003631904 -2.686073065 -0.352620155 -0.003399370 0.935760319 102.163528442
0.931089699 -0.000752003 0.364789456 5.072345734 -0.000754167 0.999991655 0.003986394 -2.697432995 -0.364789397 -0.003986802 0.931081474 102.674697876
0.926284909 -0.002396942 0.376816273 5.305019379 0.001197442 0.999993443 0.003417459 -2.710340023 -0.376822054 -0.002714324 0.926281691 103.180564880
0.920305610 -0.002418113 0.391192734 5.541351318 0.001152676 0.999993324 0.003469601 -2.720242262 -0.391198486 -0.002742175 0.920302212 103.681892395
0.914583921 -0.002670691 0.404387385 5.785308838 0.001330034 0.999992609 0.003596165 -2.735685110 -0.404394031 -0.002751146 0.914580703 104.158012390
0.909662724 -0.003707426 0.415331066 6.028572083 0.002371470 0.999990165 0.003732326 -2.750716209 -0.415340811 -0.002410213 0.909662664 104.619163513
0.903433204 -0.003915643 0.428710818 6.297321320 0.002501314 0.999989390 0.003862352 -2.766822577 -0.428721368 -0.002417037 0.903433502 105.165344238
0.896656156 -0.003996670 0.442709476 6.564079285 0.002609607 0.999989510 0.003742203 -2.777386904 -0.442719787 -0.002200172 0.896657288 105.653556824
0.890742064 -0.004430403 0.454487532 6.838047028 0.003163021 0.999988675 0.003548869 -2.786025047 -0.454498142 -0.001723574 0.890745997 106.147026062
0.885213375 -0.004833781 0.465160072 7.108039856 0.003733906 0.999987602 0.003285787 -2.792109966 -0.465170205 -0.001171757 0.885220468 106.638435364
0.878147840 -0.005641635 0.478356063 7.371185303 0.004133330 0.999982595 0.004205783 -2.821125031 -0.478371441 -0.001716096 0.878155828 107.062995911
