1.000000000 0.000000000 0.000000000 0.000000000 0.000000000 1.000000000 0.000000000 0.000000000 0.000000000 0.000000000 1.000000000 0.000000000
1.000000000 0.000043681 -0.000000454 0.000288848 -0.000043681 1.000000000 0.000035259 -0.000640492 0.000000456 -0.000035259 1.000000000 -0.001396499
1.000000000 -0.000016181 -0.000014863 0.001224170 0.000016181 1.000000000 -0.000000462 -0.000312250 0.000014863 0.000000462 1.000000000 -0.001605481
1.000000000 -0.000112784 -0.000118812 0.002057568 0.000112786 1.000000000 0.000011454 -0.001179709 0.000118811 -0.000011467 1.000000000 -0.004058849
1.000000000 -0.000177578 -0.000135719 0.000486060 0.000177581 1.000000000 0.000021646 0.000404161 0.000135715 -0.000021670 1.000000000 -0.002626637
1.000000000 -0.000134557 -0.000031197 0.000932345 0.000134558 1.000000000 0.000023552 -0.000204176 0.000031194 -0.000023556 1.000000000 -0.001023557
1.000000000 -0.000148180 -0.000003751 0.000225655 0.000148180 1.000000000 0.000047094 -0.000962327 0.000003744 -0.000047095 1.000000000 -0.003707629
1.000000000 -0.000038686 -0.000070619 0.001121422 0.000038687 1.000000000 0.000014745 0.000017812 0.000070619 -0.000014748 1.000000000 -0.003079529
1.000000000 -0.000074964 -0.000026899 0.000608439 0.000074964 1.000000000 0.000013474 0.000720420 0.000026898 -0.000013476 1.000000000 -0.000011849
1.000000000 0.000036003 0.000001348 -0.001328923 -0.000036003 1.000000000 -0.000019979 0.002034778 -0.000001348 0.000019979 1.000000000 -0.000554022
1.000000000 -0.000095322 -0.000102768 0.000791327 0.000095326 1.000000000 0.000036837 -0.000390767 0.000102765 -0.000036847 1.000000000 -0.002567437
1.000000000 -0.000057176 -0.000027670 -0.000309017 0.000057174 1.000000000 -0.000070422 0.001190503 0.000027674 0.000070421 1.000000000 0.000369654
1.000000000 -0.000135790 -0.000034370 -0.001142993 0.000135791 1.000000000 0.000007159 0.001497051 0.000034369 -0.000007163 1.000000000 -0.000023303
1.000000000 -0.000138288 -0.000047405 0.000518520 0.000138290 1.000000000 0.000028296 -0.000005410 0.000047401 -0.000028302 1.000000000 -0.003462133
1.000000000 -0.000048821 -0.000057509 0.002292927 0.000048824 1.000000000 0.000054148 -0.000356968 0.000057506 -0.000054151 1.000000000 -0.002703482
1.000000000 -0.000054315 -0.000055137 0.002618158 0.000054321 1.000000000 0.000111417 -0.001335031 0.000055131 -0.000111420 1.000000000 -0.004385945
1.000000000 -0.000083736 -0.000054691 0.002003689 0.000083737 1.000000000 0.000003221 0.000515982 0.000054691 -0.000003226 1.000000000 -0.002364998
1.000000000 0.000007978 -0.000072436 0.001866328 -0.000007974 1.000000000 0.000062694 -0.000265094 0.000072437 -0.000062694 1.000000000 -0.002947489
1.000000000 -0.000169817 -0.000138381 0.002560071 0.000169821 1.000000000 0.000026600 -0.000984490 0.000138377 -0.000026623 1.000000000 -0.002356270
1.000000000 -0.000172266 -0.000085320 0.001457483 0.000172267 1.000000000 0.000003603 0.000603768 0.000085320 -0.000003618 1.000000000 0.000513136
1.000000000 -0.000190711 -0.000078978 0.000828548 0.000190715 1.000000000 0.000056687 -0.000842123 0.000078968 -0.000056702 1.000000000 -0.006335872
1.000000000 -0.000114990 -0.000098517 0.004103335 0.000114995 1.000000000 0.000049356 -0.000878545 0.000098512 -0.000049367 1.000000000 -0.002110860
1.000000000 -0.000130810 -0.000131791 0.003053419 0.000130819 1.000000000 0.000066630 -0.001009776 0.000131783 -0.000066647 1.000000000 -0.002708583
1.000000000 -0.000194240 -0.000117006 0.001574726 0.000194245 1.000000000 0.000042649 0.000003241 0.000116998 -0.000042672 1.000000000 -0.002749355
1.000000000 -0.000154188 -0.000146511 0.003644299 0.000154194 1.000000000 0.000037401 0.000005040 0.000146505 -0.000037423 1.000000000 -0.001624591
1.000000000 -0.000190153 -0.000099086 0.002345967 0.000190156 1.000000000 0.000025472 0.000453392 0.000099081 -0.000025491 1.000000000 -0.000977196
0.999999940 -0.000252708 -0.000168992 0.002413729 0.000252726 0.999999940 0.000109354 -0.000840835 0.000168964 -0.000109397 1.000000000 -0.005487078
0.999999940 -0.000332457 -0.000097918 0.001984954 0.000332464 0.999999940 0.000076200 -0.001227857 0.000097893 -0.000076233 1.000000000 -0.002898146
1.000000000 -0.000063552 -0.000087610 0.001964063 0.000063558 1.000000000 0.000068907 -0.000934266 0.000087605 -0.000068913 1.000000000 -0.003398176
0.999999940 -0.000220564 -0.000150931 0.003517877 0.000220580 0.999999940 0.000109366 -0.001501273 0.000150907 -0.000109400 1.000000000 -0.004083247
0.999999940 -0.000225093 -0.000126752 0.001195877 0.000225100 1.000000000 0.000054713 -0.000340627 0.000126740 -0.000054742 1.000000000 -0.001622887
0.999999940 -0.000267094 -0.000124174 0.001256134 0.000267106 0.999999940 0.000101794 -0.000845600 0.000124147 -0.000101827 1.000000000 -0.002803081
0.999999940 -0.000220134 -0.000124990 0.001761479 0.000220135 1.000000000 0.000010407 -0.000156536 0.000124988 -0.000010435 1.000000000 -0.002120112
1.000000000 -0.000188697 -0.000103183 0.000645142 0.000188699 1.000000000 0.000026495 0.000100594 0.000103178 -0.000026514 1.000000000 -0.001014509
0.999999940 -0.000330788 -0.000130946 0.002175386 0.000330803 0.999999940 0.000119854 -0.001480661 0.000130907 -0.000119897 1.000000000 -0.005339036
0.999999940 -0.000213657 -0.000147545 0.003078344 0.000213660 1.000000000 0.000022464 -0.000796631 0.000147540 -0.000022496 1.000000000 -0.003709376
1.000000000 -0.000165342 -0.000141160 0.003857932 0.000165358 1.000000000 0.000113145 -0.001160361 0.000141141 -0.000113168 1.000000000 -0.005421637
0.999999940 -0.000256521 -0.000139152 0.001631835 0.000256529 0.999999940 0.000053394 -0.000571764 0.000139138 -0.000053430 1.000000000 -0.004294488
0.999999940 -0.000213342 -0.000135382 0.001120837 0.000213354 1.000000000 0.000092449 -0.000574339 0.000135362 -0.000092478 1.000000000 -0.001712372
0.999999940 -0.000197089 -0.000193788 0.003671666 0.000197094 1.000000000 0.000023746 -0.001239257 0.000193784 -0.000023784 1.000000000 -0.002013583
1.000000000 -0.000206309 -0.000086456 0.001790508 0.000206261 0.999999821 -0.000551012 -0.001201330 0.000086570 0.000550994 0.999999821 0.045874719
1.000000000 -0.000090638 -0.000190937 0.003520538 0.000090428 0.999999404 -0.001097916 -0.004687839 0.000191036 0.001097898 0.999999404 0.136937350
1.000000000 -0.000201592 -0.000119276 0.005647950 0.000201420 0.999998927 -0.001440710 -0.006867663 0.000119567 0.001440686 0.999998927 0.252955705
1.000000000 -0.000187343 -0.000051700 0.006490890 0.000187268 0.999998927 -0.001457864 -0.011409519 0.000051973 0.001457854 0.999998927 0.387367398
1.000000000 -0.000039479 -0.000115723 0.011822720 0.000039341 0.999999285 -0.001196776 -0.017395845 0.000115770 0.001196772 0.999999285 0.524357140
1.000000000 -0.000142400 0.000020294 0.014085540 0.000142421 0.999999464 -0.001028502 -0.022606265 -0.000020147 0.001028505 0.999999464 0.677314699
0.999999940 -0.000273317 -0.000116267 0.019681452 0.000273206 0.999999523 -0.000954541 -0.025204763 0.000116528 0.000954510 0.999999523 0.841365635
0.999999940 0.000331146 0.000142689 0.017840477 -0.000331027 0.999999583 -0.000829962 -0.023988841 -0.000142964 0.000829915 0.999999642 1.019752622
0.999999881 0.000190630 0.000385736 0.016565362 -0.000190528 0.999999940 -0.000264533 -0.042905748 -0.000385786 0.000264460 0.999999881 1.192730308
0.999999881 0.000144332 0.000378273 0.020696683 -0.000144341 1.000000000 0.000023394 -0.049230147 -0.000378270 -0.000023448 0.999999881 1.374294281
0.999999881 0.000268182 0.000294169 0.024771990 -0.000268186 0.999999940 0.000015609 -0.054205809 -0.000294165 -0.000015688 0.999999940 1.573598742
0.999999881 -0.000060518 0.000577661 0.028167339 0.000060465 1.000000000 0.000092161 -0.059926629 -0.000577667 -0.000092126 0.999999821 1.771347761
0.999999881 0.000016678 0.000258735 0.036078796 -0.000016753 0.999999940 0.000291865 -0.065552369 -0.000258730 -0.000291869 0.999999940 1.980340123
0.999999881 0.000200757 0.000481637 0.034253016 -0.000200847 1.000000000 0.000186228 -0.072199278 -0.000481599 -0.000186324 0.999999940 2.191962242
0.999999523 0.000581170 0.000720705 0.037902046 -0.000581492 0.999999702 0.000447281 -0.077514209 -0.000720445 -0.000447700 0.999999642 2.414118290
0.999999881 0.000215465 0.000491560 0.046454638 -0.000215741 0.999999881 0.000561874 -0.083663091 -0.000491439 -0.000561981 0.999999762 2.634196043
0.999999642 0.000376567 0.000687220 0.050261129 -0.000377095 0.999999583 0.000768329 -0.093454525 -0.000686930 -0.000768588 0.999999464 2.855589151
0.999999702 0.000311721 0.000681717 0.053754635 -0.000312299 0.999999583 0.000847396 -0.096288383 -0.000681452 -0.000847608 0.999999404 3.085899830
0.999999881 -0.000123052 0.000300949 0.064738601 0.000122803 0.999999642 0.000828616 -0.107555598 -0.000301051 -0.000828579 0.999999583 3.323418379
0.999999762 -0.000158755 0.000700853 0.066653796 0.000157969 0.999999344 0.001121720 -0.119428143 -0.000701030 -0.001121609 0.999999046 3.566109419
0.999999821 0.000202403 0.000630460 0.076169230 -0.000203134 0.999999285 0.001159743 -0.125447407 -0.000630225 -0.001159871 0.999999046 3.815092564
0.999999702 -0.000012326 0.000797679 0.077197850 0.000011263 0.999999106 0.001333360 -0.133454263 -0.000797695 -0.001333350 0.999998748 4.082593918
0.999999166 0.000383656 0.001200841 0.074726179 -0.000385561 0.999998689 0.001586267 -0.142429680 -0.001200231 -0.001586729 0.999998033 4.332745075
0.999999702 -0.000228449 0.000807256 0.083483927 0.000227049 0.999998510 0.001733994 -0.150571123 -0.000807651 -0.001733810 0.999998212 4.586494446
0.999999404 -0.000003915 0.001063537 0.088984631 0.000001885 0.999998212 0.001908476 -0.158105657 -0.001063543 -0.001908473 0.999997616 4.843997002
0.999999404 -0.000443205 0.000978513 0.095400773 0.000441163 0.999997735 0.002085875 -0.171417803 -0.000979435 -0.002085442 0.999997318 5.088735580
0.999999642 -0.000224119 0.000865491 0.099885352 0.000222455 0.999998212 0.001922513 -0.176250011 -0.000865920 -0.001922320 0.999997735 5.357214928
0.999999404 0.000032529 0.001097351 0.105921045 -0.000034826 0.999997854 0.002093213 -0.185392931 -0.001097280 -0.002093250 0.999997199 5.624156475
0.999999404 0.000432735 0.000998591 0.109306276 -0.000435042 0.999997377 0.002311325 -0.199505731 -0.000997588 -0.002311758 0.999996781 5.891700268
0.999999583 -0.000065431 0.000958787 0.118906200 0.000063142 0.999997199 0.002387034 -0.213012859 -0.000958940 -0.002386973 0.999996722 6.163474560
0.999999464 -0.000137926 0.000988515 0.122661285 0.000135476 0.999996960 0.002478098 -0.220013469 -0.000988854 -0.002477963 0.999996424 6.453380108
0.999999166 0.000244452 0.001189422 0.131655633 -0.000247516 0.999996722 0.002576741 -0.229423940 -0.001188788 -0.002577034 0.999996006 6.731105804
0.999999106 0.000412237 0.001217853 0.134537414 -0.000415472 0.999996364 0.002657180 -0.237144947 -0.001216753 -0.002657684 0.999995708 7.025762081
0.999999046 0.000531311 0.001261965 0.140318096 -0.000534695 0.999996245 0.002682883 -0.246628776 -0.001260535 -0.002683555 0.999995589 7.335377693
0.999999046 0.000481050 0.001297094 0.150662944 -0.000484471 0.999996424 0.002638620 -0.257055461 -0.001295820 -0.002639246 0.999995649 7.645064354
0.999999344 -0.000062175 0.001106203 0.161665395 0.000059086 0.999996006 0.002791811 -0.267961055 -0.001106372 -0.002791744 0.999995470 7.953399181
0.999999225 0.000005887 0.001221651 0.158693865 -0.000009274 0.999996185 0.002772867 -0.273139447 -0.001221630 -0.002772876 0.999995410 8.266618729
0.999999285 -0.000286458 0.001096929 0.175797611 0.000283369 0.999996006 0.002814834 -0.285015464 -0.001097730 -0.002814521 0.999995470 8.575757980
0.999999046 0.000382238 0.001321511 0.173752159 -0.000385891 0.999996126 0.002765108 -0.288557023 -0.001320449 -0.002765615 0.999995232 8.924349785
0.999998927 -0.000088544 0.001442050 0.182191923 0.000084258 0.999995649 0.002971580 -0.300685793 -0.001442307 -0.002971455 0.999994516 9.281320572
0.999998033 0.000839481 0.001780551 0.179318547 -0.000845193 0.999994516 0.003209282 -0.319444299 -0.001777847 -0.003210781 0.999993205 9.599451065
0.999997258 0.001453910 0.001818307 0.187450662 -0.001459533 0.999994159 0.003095154 -0.324663430 -0.001813796 -0.003097800 0.999993563 9.950549126
0.999998093 0.000744160 0.001792604 0.194605470 -0.000749710 0.999994934 0.003097395 -0.336342245 -0.001790290 -0.003098733 0.999993563 10.309128761
0.999998391 0.000597059 0.001677559 0.206859380 -0.000602975 0.999993622 0.003528142 -0.353336334 -0.001675442 -0.003529148 0.999992371 10.668790817
0.999998152 0.000530511 0.001852375 0.211137891 -0.000537348 0.999993086 0.003692339 -0.361999452 -0.001850403 -0.003693328 0.999991417 11.040351868
0.999997795 0.000719448 0.001967207 0.219317123 -0.000726515 0.999993265 0.003594000 -0.373004407 -0.001964609 -0.003595422 0.999991596 11.412565231
0.999997199 0.001084541 0.002129329 0.225425661 -0.001091901 0.999993384 0.003458341 -0.379945368 -0.002125565 -0.003460656 0.999991775 11.797503471
0.999997795 0.000625962 0.001994933 0.240309417 -0.000633477 0.999992669 0.003768829 -0.397025734 -0.001992559 -0.003770085 0.999990940 12.180859566
0.999997497 0.000922371 0.002026305 0.253999680 -0.000930453 0.999991596 0.003990987 -0.410745531 -0.002022606 -0.003992863 0.999989986 12.560420036
0.999997914 0.000651223 0.001908341 0.263677180 -0.000658699 0.999992013 0.003919526 -0.420489192 -0.001905773 -0.003920775 0.999990523 12.958262444
0.999997616 0.001166688 0.001853477 0.273657978 -0.001174392 0.999990702 0.004160665 -0.433155030 -0.001848605 -0.004162832 0.999989688 13.352278709
0.999995768 0.001327700 0.002561341 0.279716253 -0.001338482 0.999990284 0.004212302 -0.439343840 -0.002555724 -0.004215713 0.999987900 13.767462730
0.999996126 0.001172975 0.002519016 0.292453021 -0.001184801 0.999988258 0.004698204 -0.468021274 -0.002513476 -0.004701172 0.999985754 14.161180496
0.999996424 0.000874288 0.002516893 0.304766774 -0.000885421 0.999989808 0.004425826 -0.478171170 -0.002512998 -0.004428039 0.999987066 14.588512421
0.999995828 0.000553632 0.002834094 0.316279233 -0.000567325 0.999988079 0.004833009 -0.494867742 -0.002831385 -0.004834597 0.999984264 15.008347511
0.999995530 0.000812667 0.002871722 0.330646694 -0.000826647 0.999987781 0.004870054 -0.508428514 -0.002867729 -0.004872407 0.999984026 15.419452667
0.999993861 0.000985235 0.003346696 0.339424610 -0.001002276 0.999986529 0.005093915 -0.519394994 -0.003341633 -0.005097238 0.999981463 15.864218712
0.999991357 0.001603593 0.003847632 0.348458022 -0.001623477 0.999985278 0.005170118 -0.530413449 -0.003839285 -0.005176321 0.999979198 16.310146332
0.999992251 0.000948234 0.003801683 0.361716151 -0.000968311 0.999985516 0.005282825 -0.552217007 -0.003796618 -0.005286465 0.999978840 16.746938705
0.999992669 0.000835557 0.003729655 0.377763033 -0.000856408 0.999983966 0.005592567 -0.565770686 -0.003724922 -0.005595720 0.999977410 17.207195282
0.999991417 0.000837564 0.004054733 0.390800089 -0.000861833 0.999981761 0.005987389 -0.576921940 -0.004049644 -0.005990833 0.999973834 17.670263290
0.999989808 0.000746409 0.004449880 0.395740807 -0.000772154 0.999982953 0.005786606 -0.594475806 -0.004445486 -0.005789982 0.999973297 18.112569809
0.999985397 0.001419160 0.005225772 0.403245151 -0.001449214 0.999982417 0.005751943 -0.601933718 -0.005217517 -0.005759432 0.999969780 18.587394714
0.999986768 0.000958910 0.005048913 0.420271873 -0.000988198 0.999982655 0.005801498 -0.617128730 -0.005043263 -0.005806409 0.999970436 19.051698685
0.999987602 0.000893227 0.004897167 0.438634276 -0.000922761 0.999981403 0.006031805 -0.631302774 -0.004891688 -0.006036249 0.999969780 19.522508621
0.999985456 0.001309287 0.005234429 0.441821218 -0.001345179 0.999975562 0.006859383 -0.662793100 -0.005225320 -0.006866323 0.999962747 19.997112274
0.999986112 0.000983657 0.005161994 0.453159988 -0.001018832 0.999976218 0.006816057 -0.671789408 -0.005155166 -0.006821221 0.999963403 20.498348236
0.999988079 0.001224426 0.004728913 0.464075327 -0.001256848 0.999975681 0.006859183 -0.680942655 -0.004720399 -0.006865044 0.999965250 20.995058060
0.999991894 0.001026586 0.003889545 0.483296424 -0.001051702 0.999978542 0.006460671 -0.702646375 -0.003882828 -0.006464710 0.999971569 21.480609894
0.999994755 0.000780990 0.003117149 0.494627774 -0.000801529 0.999977887 0.006593305 -0.720696568 -0.003111931 -0.006595769 0.999973416 21.984350204
0.999994814 0.000545672 0.003180246 0.507599473 -0.000568182 0.999974787 0.007081588 -0.731740475 -0.003176301 -0.007083358 0.999969840 22.482292175
0.999994576 0.001047792 0.003125708 0.512470067 -0.001068822 0.999976754 0.006733931 -0.740364909 -0.003118579 -0.006737235 0.999972403 23.008558273
0.999996960 0.000806082 0.002318610 0.529021263 -0.000823071 0.999972701 0.007335413 -0.762791395 -0.002312634 -0.007337298 0.999970436 23.506238937
0.999998271 0.000055136 0.001855245 0.535253763 -0.000068371 0.999974549 0.007134340 -0.779973030 -0.001854805 -0.007134455 0.999972820 24.019166946
0.999998987 0.000578700 0.001310275 0.547299266 -0.000588378 0.999972463 0.007397844 -0.786156058 -0.001305958 -0.007398608 0.999971747 24.539846420
0.999999702 0.000250207 0.000684393 0.564196944 -0.000255701 0.999967635 0.008039194 -0.803062201 -0.000682359 -0.008039367 0.999967456 25.068876266
0.999999702 0.000582016 -0.000330650 0.575427473 -0.000579283 0.999966145 0.008208094 -0.814935446 0.000335416 -0.008207901 0.999966204 25.584735870
0.999999762 0.000525393 -0.000286908 0.583394408 -0.000523068 0.999967575 0.008043882 -0.827876747 0.000291125 -0.008043730 0.999967635 26.132547379
0.999999762 0.000588793 -0.000433247 0.584334671 -0.000585056 0.999963045 0.008574450 -0.843581975 0.000438279 -0.008574195 0.999963164 26.642427444
0.999999404 0.000271595 -0.001065849 0.605296195 -0.000262069 0.999960065 0.008927795 -0.866017461 0.001068231 -0.008927511 0.999959648 27.188058853
0.999997556 0.001863718 -0.001201165 0.612095833 -0.001852779 0.999957383 0.009044971 -0.889101028 0.001217971 -0.009042723 0.999958396 27.703268051
0.999996960 0.001979737 -0.001463542 0.622370422 -0.001966411 0.999957085 0.009051329 -0.900738597 0.001481398 -0.009048424 0.999957979 28.243726730
0.999996066 0.001365470 -0.002454159 0.632197559 -0.001343314 0.999958515 0.009007134 -0.909789324 0.002466356 -0.009003802 0.999956429 28.814073563
0.999995530 0.001575661 -0.002554680 0.641166687 -0.001552621 0.999958277 0.008996153 -0.923312902 0.002568748 -0.008992146 0.999956310 29.354898453
0.999995291 0.000560793 -0.003026607 0.666992903 -0.000530450 0.999949634 0.010016595 -0.955215693 0.003032072 -0.010014941 0.999945223 29.833608627
0.999995172 0.000602438 -0.003071730 0.678732812 -0.000571364 0.999948800 0.010106778 -0.969491839 0.003077661 -0.010104973 0.999944210 30.388044357
0.999993920 0.001543997 -0.003126375 0.673280954 -0.001513845 0.999952674 0.009623769 -0.971522927 0.003141086 -0.009618979 0.999948740 30.957128525
0.999991596 0.001064778 -0.003963948 0.697950125 -0.001027672 0.999955773 0.009351125 -0.987015784 0.003973729 -0.009346972 0.999948382 31.493368149
0.999991655 0.001192114 -0.003905586 0.711109281 -0.001155907 0.999956548 0.009259533 -1.003949046 0.003916455 -0.009254940 0.999949455 32.023136139
0.999991894 0.001240296 -0.003826777 0.712561905 -0.001201818 0.999948859 0.010040786 -1.027474523 0.003839035 -0.010036105 0.999942243 32.553504944
0.999990642 0.001458846 -0.004076006 0.725132644 -0.001418193 0.999949396 0.009958854 -1.018393040 0.004090328 -0.009952980 0.999942124 33.115303040
0.999989688 0.000882518 -0.004452514 0.732639730 -0.000837213 0.999947965 0.010166694 -1.051347017 0.004461254 -0.010162859 0.999938428 33.633735657
0.999989152 0.000825791 -0.004578766 0.736782968 -0.000777942 0.999945164 0.010442123 -1.061903477 0.004587139 -0.010438449 0.999934912 34.164344788
0.999988735 0.000638640 -0.004699978 0.749686480 -0.000586533 0.999938369 0.011079486 -1.074712157 0.004706764 -0.011076603 0.999927521 34.709590912
0.999990106 0.001788082 -0.004075171 0.748116493 -0.001744586 0.999941707 0.010652223 -1.083004713 0.004093980 -0.010645010 0.999934912 35.264339447
0.999989510 0.001337459 -0.004386106 0.765071690 -0.001290345 0.999941587 0.010726948 -1.087728381 0.004400197 -0.010721178 0.999932826 35.812450409
0.999988437 0.001594651 -0.004564632 0.764472842 -0.001545102 0.999940038 0.010838028 -1.125952244 0.004581642 -0.010830848 0.999930859 36.349468231
0.999986947 0.001582769 -0.004868325 0.773631215 -0.001529537 0.999939203 0.010918689 -1.135668039 0.004885311 -0.010911098 0.999928594 36.890163422
0.999984980 0.001891317 -0.005135751 0.781054914 -0.001833650 0.999935567 0.011210032 -1.152568579 0.005156621 -0.011200445 0.999924064 37.442604065
0.999985456 0.002035894 -0.004990749 0.789530158 -0.001979646 0.999934793 0.011249548 -1.164283633 0.005013327 -0.011239504 0.999924362 37.981475830
0.999985278 0.002207925 -0.004955009 0.794459462 -0.002152324 0.999934971 0.011198582 -1.167565465 0.004979413 -0.011187753 0.999925077 38.533031464
0.999983966 0.000990741 -0.005577337 0.810713887 -0.000924481 0.999929070 0.011870234 -1.221507192 0.005588701 -0.011864888 0.999913990 39.115692139
0.999981403 0.000230792 -0.006103507 0.829359710 -0.000155324 0.999923527 0.012362242 -1.239242792 0.006105894 -0.012361065 0.999904990 39.646987915
0.999982119 0.001064215 -0.005884162 0.843659401 -0.000989082 0.999918044 0.012756867 -1.259602547 0.005897256 -0.012750819 0.999901354 40.198040009
0.999982655 0.000770432 -0.005851013 0.849207580 -0.000694477 0.999915659 0.012972492 -1.273593307 0.005860513 -0.012968202 0.999898732 40.768360138
0.999983966 0.001248555 -0.005527565 0.843205214 -0.001180204 0.999923050 0.012351484 -1.280290008 0.005542561 -0.012344764 0.999908447 41.307556152
0.999980807 0.001355554 -0.006037871 0.898685515 -0.001277803 0.999916434 0.012862384 -1.302967787 0.006054803 -0.012854422 0.999898970 41.865863800
0.999982357 0.001057351 -0.005837099 0.871235490 -0.000987137 0.999927402 0.012018870 -1.297422409 0.005849383 -0.012012898 0.999910712 42.394813538
0.999981701 0.000803837 -0.005992469 0.880436301 -0.000726539 0.999916673 0.012890307 -1.310743809 0.006002331 -0.012885719 0.999898970 42.922855377
0.999980688 0.000359896 -0.006207509 0.886320710 -0.000278869 0.999914765 0.013048887 -1.330805659 0.006211677 -0.013046905 0.999895573 43.504405975
0.999981403 0.000579935 -0.006069424 0.892888963 -0.000500604 0.999914467 0.013064065 -1.339362979 0.006076482 -0.013060785 0.999896228 44.044296265
0.999979794 0.000696285 -0.006320521 0.909310818 -0.000611846 0.999910653 0.013351568 -1.363958359 0.006329254 -0.013347430 0.999890864 44.578559875
0.999980271 0.001516273 -0.006096319 0.916054845 -0.001437744 0.999916255 0.012865094 -1.369160295 0.006115315 -0.012856076 0.999898672 45.131744385
0.999980092 0.000665750 -0.006265709 0.926697791 -0.000582372 0.999911368 0.013299421 -1.380697846 0.006274007 -0.013295508 0.999891937 45.643714905
0.999980271 0.000852097 -0.006227419 0.944316864 -0.000768775 0.999910295 0.013370018 -1.388568401 0.006238254 -0.013364966 0.999891222 46.189647675
0.999978602 0.001027641 -0.006458473 0.959925771 -0.000937317 0.999901950 0.013972882 -1.418545485 0.006472198 -0.013966530 0.999881506 46.710933685
0.999980152 0.000959037 -0.006226057 0.951066136 -0.000874685 0.999907970 0.013536884 -1.412722111 0.006238466 -0.013531168 0.999889016 47.237274170
0.999979675 0.000698994 -0.006340475 0.966179907 -0.000610378 0.999902248 0.013967484 -1.416111946 0.006349618 -0.013963329 0.999882340 47.833168030
0.999980330 0.000873117 -0.006200458 0.969722211 -0.000788645 0.999907017 0.013612957 -1.430713415 0.006211767 -0.013607800 0.999888122 48.309562683
0.999979854 0.000733725 -0.006298579 0.980522513 -0.000646628 0.999904335 0.013819021 -1.442023039 0.006308115 -0.013814669 0.999884725 48.858963013
0.999980152 0.000806449 -0.006250503 0.989165604 -0.000721462 0.999907434 0.013587181 -1.448312283 0.006260883 -0.013582400 0.999888122 49.382484436
0.999981523 0.001331306 -0.005928813 0.992256999 -0.001248736 0.999902427 0.013908884 -1.451622367 0.005946752 -0.013901223 0.999885678 49.966293335
0.999981165 0.000821678 -0.006081257 0.991925716 -0.000738515 0.999906361 0.013664908 -1.462224603 0.006091915 -0.013660160 0.999888122 50.416133881
0.999981463 0.001328874 -0.005939910 0.996812522 -0.001246826 0.999904096 0.013795550 -1.468569279 0.005957671 -0.013787889 0.999887168 50.965179443
0.999980032 0.001037206 -0.006225470 1.011717796 -0.000950453 0.999902606 0.013922122 -1.480751634 0.006239304 -0.013915929 0.999883652 51.491619110
0.999979436 0.001162638 -0.006306466 1.020858765 -0.001076056 0.999905348 0.013715071 -1.488517761 0.006321815 -0.013708001 0.999886036 52.034858704
0.999980152 0.000968241 -0.006227287 1.026516914 -0.000882507 0.999904990 0.013755629 -1.493602276 0.006240014 -0.013749860 0.999885976 52.570762634
0.999979138 0.001167235 -0.006360546 1.035017967 -0.001079581 0.999904633 0.013766939 -1.503118992 0.006376009 -0.013759784 0.999884963 53.117950439
0.999980569 0.001663005 -0.006010079 1.041481256 -0.001581228 0.999906421 0.013585782 -1.510949492 0.006032112 -0.013576014 0.999889612 53.649765015
0.999980450 0.002062304 -0.005907865 1.049870610 -0.001978038 0.999896705 0.014233847 -1.525608063 0.005936609 -0.014221882 0.999881208 54.217948914
0.999980986 0.001750394 -0.005915120 1.052355766 -0.001669648 0.999905765 0.013628243 -1.530194044 0.005938417 -0.013618108 0.999889612 54.738925934
0.999980867 0.001354697 -0.006039500 1.066307306 -0.001270838 0.999903023 0.013867489 -1.540429115 0.006057700 -0.013859548 0.999885619 55.281230927
0.999979138 0.001225961 -0.006347546 1.075819492 -0.001136418 0.999900043 0.014091285 -1.545696259 0.006364187 -0.014083777 0.999880552 55.830528259
0.999979675 0.001108370 -0.006293186 1.085761428 -0.001019961 0.999900937 0.014034271 -1.558478236 0.006308118 -0.014027568 0.999881685 56.376964569
0.999981701 0.001406276 -0.005882491 1.085278988 -0.001323483 0.999900281 0.014054715 -1.562989712 0.005901670 -0.014046674 0.999883950 56.902786255
0.999977887 0.000850554 -0.006592109 1.104382515 -0.000761535 0.999908686 0.013494802 -1.539915562 0.006602983 -0.013489483 0.999887228 57.516479492
0.999981582 0.001045930 -0.005981097 1.100177765 -0.000962808 0.999903083 0.013883382 -1.572943926 0.005995039 -0.013877367 0.999885738 57.987888336
0.999983191 0.001171732 -0.005676165 1.106955051 -0.001092023 0.999901056 0.014025525 -1.581814528 0.005692038 -0.014019090 0.999885440 58.523311615
0.999982536 0.001131225 -0.005804161 1.120453954 -0.001050081 0.999901950 0.013964220 -1.595543742 0.005819389 -0.013957880 0.999885559 59.051765442
0.999983013 0.001555384 -0.005609280 1.121097803 -0.001475417 0.999897540 0.014232227 -1.604766846 0.005630843 -0.014223711 0.999882996 59.597953796
0.999984682 0.001306082 -0.005380684 1.136906385 -0.001230125 0.999899864 0.014095671 -1.604731798 0.005398555 -0.014088835 0.999886155 60.157676697
0.999983191 0.001713929 -0.005540297 1.140762925 -0.001634973 0.999897480 0.014224386 -1.622666955 0.005564108 -0.014215088 0.999883473 60.712299347
0.999982715 0.002014914 -0.005517904 1.165756941 -0.001932464 0.999886990 0.014906812 -1.637919188 0.005547317 -0.014895893 0.999873698 61.233364105
0.999979615 0.000694880 -0.006353044 1.164672375 -0.000602470 0.999894083 0.014536193 -1.634431601 0.006362472 -0.014532066 0.999874115 61.802391052
0.999981284 0.001561774 -0.005911148 1.167982578 -0.001473942 0.999888837 0.014833963 -1.655274034 0.005933659 -0.014824972 0.999872565 62.298446655
0.999981701 0.001797320 -0.005774065 1.183412075 -0.001712148 0.999890089 0.014722098 -1.667681932 0.005799890 -0.014711943 0.999875009 62.836555481
0.999981165 0.001164802 -0.006027536 1.154107213 -0.001071437 0.999879777 0.015469925 -1.728583574 0.006044832 -0.015463176 0.999862134 63.127536774
0.999976039 0.001658369 -0.006725793 1.256467104 -0.001558214 0.999888241 0.014869139 -1.667799234 0.006749701 -0.014858303 0.999866784 64.035156250
0.999978602 0.000380303 -0.006527888 1.165310264 -0.000278787 0.999879181 0.015545013 -1.741109490 0.006533010 -0.015542862 0.999857843 64.224639893
0.999983311 0.001268532 -0.005653380 1.154172182 -0.001180092 0.999877334 0.015619916 -1.747956395 0.005672502 -0.015612983 0.999862015 64.773139954
0.999983609 0.002010908 -0.005344680 1.170820236 -0.001927208 0.999876142 0.015619637 -1.757962227 0.005375427 -0.015609082 0.999863744 65.345756531
0.999982715 0.000746341 -0.005833981 1.193212986 -0.000653969 0.999874651 0.015819421 -1.739649534 0.005845055 -0.015815334 0.999857843 65.931022644
0.999983490 0.001874621 -0.005434377 1.186903119 -0.001788003 0.999871969 0.015900187 -1.774915814 0.005463488 -0.015890205 0.999858797 66.437858582
0.999984145 0.001178212 -0.005489408 1.202576399 -0.001088929 0.999867558 0.016239202 -1.787664056 0.005507814 -0.016232969 0.999853075 66.965728760
0.999979079 0.001686321 -0.006242103 1.251343250 -0.001585500 0.999868810 0.016121618 -1.823593974 0.006268470 -0.016111385 0.999850512 67.241470337
0.999968648 -0.001177206 -0.007829786 1.315028667 0.001303986 0.999867737 0.016206652 -1.825945258 0.007809674 -0.016216353 0.999837995 67.808609009
0.999978721 0.002024874 -0.006198299 1.262435555 -0.001923241 0.999864399 0.016359178 -1.835593820 0.006230582 -0.016346911 0.999846935 68.347503662
0.999976337 0.001334009 -0.006749784 1.284570694 -0.001223972 0.999866664 0.016280187 -1.845234513 0.006770601 -0.016271541 0.999844670 68.854255676
0.999980152 0.002411248 -0.005811875 1.262019634 -0.002315033 0.999861062 0.016505249 -1.851377845 0.005850866 -0.016491465 0.999846876 69.258010864
0.999974072 0.001370116 -0.007059461 1.294858456 -0.001260403 0.999878705 0.015522293 -1.816717863 0.007079871 -0.015512995 0.999854624 69.944320679
0.999979794 0.001319709 -0.006217922 1.289104700 -0.001216922 0.999862969 0.016505742 -1.867529988 0.006238853 -0.016497843 0.999844432 70.335372925
0.999978721 0.000631476 -0.006491268 1.285500526 -0.000522547 0.999859214 0.016768709 -1.882540941 0.006500944 -0.016764959 0.999838352 70.869110107
0.999972403 -0.000319403 -0.007418357 1.308666706 0.000444947 0.999856651 0.016927974 -1.879634142 0.007411886 -0.016930807 0.999829173 71.410697937
0.999979019 0.000204202 -0.006492410 1.293370962 -0.000097629 0.999865413 0.016411057 -1.887859464 0.006494888 -0.016410079 0.999844313 71.992187500
0.999980688 0.001187646 -0.006101942 1.300101280 -0.001086210 0.999861538 0.016599936 -1.899181128 0.006120812 -0.016592989 0.999843538 72.521072388
0.999980807 0.000931726 -0.006127139 1.308280706 -0.000828363 0.999857605 0.016850606 -1.906178594 0.006141968 -0.016845206 0.999839187 73.073730469
0.999980688 0.001154834 -0.006106251 1.302037954 -0.001053196 0.999861240 0.016621945 -1.913465381 0.006124601 -0.016615193 0.999843180 73.605537415
0.999979496 0.001063342 -0.006322883 1.308567524 -0.000960513 0.999867558 0.016243920 -1.921225786 0.006339320 -0.016237512 0.999848008 74.154403687
0.999977648 0.000536436 -0.006660354 1.326646686 -0.000429154 0.999870300 0.016098492 -1.927271724 0.006668126 -0.016095275 0.999848187 74.669021606
0.999979615 0.000518188 -0.006361353 1.334642768 -0.000416974 0.999873459 0.015901845 -1.935533047 0.006368788 -0.015898868 0.999853313 75.296470642
0.999975026 -0.000070936 -0.007063319 1.344545484 0.000180510 0.999879658 0.015513658 -1.918782234 0.007061369 -0.015514546 0.999854684 75.783782959
0.999977767 0.000447508 -0.006656336 1.348699808 -0.000342756 0.999876201 0.015729928 -1.953348517 0.006662552 -0.015727298 0.999854088 76.387115479
0.999977946 0.000411109 -0.006619504 1.352566481 -0.000302913 0.999866426 0.016337780 -1.970282793 0.006625338 -0.016335417 0.999844611 76.991065979
0.999974251 -0.000627872 -0.007134364 1.379225612 0.000738590 0.999879122 0.015526846 -1.960989952 0.007123751 -0.015531717 0.999854028 77.482948303
0.999976754 -0.000440922 -0.006796211 1.380997896 0.000549898 0.999871135 0.016041283 -1.977747440 0.006788264 -0.016044647 0.999848247 78.102699280
0.999980330 0.000426132 -0.006250774 1.383379340 -0.000324607 0.999868095 0.016234104 -1.987017632 0.006256870 -0.016231759 0.999848604 78.672805786
0.999979436 0.000042697 -0.006426980 1.393511534 0.000062835 0.999865174 0.016419055 -1.998655319 0.006426815 -0.016419118 0.999844551 79.210197449
0.999984205 0.000668031 -0.005581758 1.396704555 -0.000576045 0.999864280 0.016465081 -2.001704693 0.005592001 -0.016461607 0.999848783 79.781654358
0.999990344 0.001002997 -0.004283887 1.401941299 -0.000933891 0.999869823 0.016103338 -2.007753372 0.004299481 -0.016099181 0.999861121 80.354156494
0.999994338 0.000477752 -0.003329362 1.421520114 -0.000423802 0.999868929 0.016186150 -2.021147966 0.003336659 -0.016184648 0.999863386 80.908393860
0.999998271 0.001062021 -0.001537433 1.433423162 -0.001037439 0.999872923 0.015902821 -2.021752596 0.001554128 -0.015901197 0.999872386 81.470031738
0.999996662 0.001385816 0.002193315 1.449015737 -0.001420362 0.999873698 0.015827894 -2.029176235 -0.002171104 -0.015830958 0.999872267 82.031082153
0.999984503 0.000480279 0.005556121 1.473265767 -0.000569074 0.999871969 0.015990851 -2.036015749 -0.005547730 -0.015993766 0.999856651 82.572441101
0.999960423 0.000425939 0.008883853 1.491521835 -0.000569521 0.999869108 0.016165910 -2.041460037 -0.008875806 -0.016170330 0.999829769 83.147674561
0.999906898 0.001141972 0.013595229 1.516354799 -0.001359653 0.999870896 0.016013077 -2.044443130 -0.013575188 -0.016030071 0.999779344 83.680915833
0.999799430 0.001093022 0.020002507 1.550636649 -0.001413767 0.999870539 0.016028130 -2.054470539 -0.019982396 -0.016053194 0.999671459 84.285339355
0.999668121 0.001119127 0.025737680 1.576072335 -0.001525532 0.999874353 0.015776046 -2.056895733 -0.025716793 -0.015810074 0.999544263 84.846817017
0.999499559 0.001719860 0.031589787 1.617594957 -0.002216760 0.999874294 0.015701463 -2.062212706 -0.031558815 -0.015763631 0.999377608 85.418159485
0.999235570 0.001351896 0.039069556 1.671427727 -0.001953722 0.999879956 0.015369882 -2.065418482 -0.039044086 -0.015434464 0.999118388 86.007713318
0.998894572 0.000795916 0.046999842 1.726981640 -0.001513725 0.999882758 0.015238978 -2.079141140 -0.046982199 -0.015293278 0.998778641 86.538879395
0.998534381 0.001029642 0.054111090 1.762810469 -0.001865110 0.999879718 0.015391652 -2.074545383 -0.054088730 -0.015470014 0.998416305 87.113685608
0.998022616 0.001121921 0.062846079 1.818257809 -0.002074669 0.999883831 0.015096813 -2.079062462 -0.062821843 -0.015197343 0.997909069 87.664558411
0.997336805 0.000835231 0.072928518 1.886174679 -0.001944358 0.999883533 0.015138740 -2.089425087 -0.072907373 -0.015240222 0.997222245 88.202781677
0.996668935 0.000695440 0.081550516 1.949645996 -0.001919004 0.999886692 0.014926328 -2.093608856 -0.081530899 -0.015033104 0.996557355 88.761550903
0.995949626 0.000602285 0.089911170 2.009188652 -0.001929129 0.999890506 0.014671101 -2.092493296 -0.089892507 -0.014785128 0.995841742 89.338943481
0.994944096 0.001031302 0.100426182 2.089802265 -0.002509108 0.999890387 0.014590146 -2.102342606 -0.100400150 -0.014768356 0.994837463 89.881935120
0.993849993 -0.000014479 0.110734381 2.177737713 -0.001629117 0.999889791 0.014752202 -2.113589287 -0.110722400 -0.014841873 0.993740499 90.409904480
0.992813230 -0.000417347 0.119673215 2.266126633 -0.001318330 0.999895036 0.014423937 -2.120544672 -0.119666703 -0.014478045 0.992708504 90.961074829
0.991423011 -0.000080510 0.130691454 2.363870621 -0.001820885 0.999894202 0.014429168 -2.127366543 -0.130678788 -0.014543383 0.991318107 91.502098083
0.989779234 -0.000821725 0.142605051 2.473679543 -0.001245225 0.999895453 0.014404382 -2.139336348 -0.142601952 -0.014434734 0.989674985 92.063026428
0.988141894 -0.000968024 0.153540581 2.585546494 -0.001233212 0.999897778 0.014240623 -2.144926071 -0.153538674 -0.014261102 0.988039732 92.623313904
0.986482799 -0.001493496 0.163858011 2.695843697 -0.000825398 0.999900520 0.014082848 -2.148275614 -0.163862735 -0.014027738 0.986383379 93.160469055
0.984208763 -0.001433408 0.177005872 2.817167282 -0.001099101 0.999898434 0.014208606 -2.156362534 -0.177008286 -0.014178783 0.984107196 93.710540771
0.981962204 -0.002521211 0.189060658 2.946447372 -0.000123587 0.999902308 0.013976058 -2.163796425 -0.189077422 -0.013747323 0.981865942 94.251495361
0.979995430 -0.002803852 0.198999941 3.078216553 0.000016016 0.999901891 0.014009461 -2.171803236 -0.199019700 -0.013726019 0.979899347 94.784500122
0.977209270 -0.002545226 0.212263063 3.219312668 -0.000385111 0.999905229 0.013762725 -2.176041603 -0.212278008 -0.013530807 0.977115631 95.328125000
0.974249005 -0.003477223 0.225448057 3.373703003 0.000342542 0.999902725 0.013941851 -2.184496641 -0.225474626 -0.013505610 0.974155366 95.880981445
0.971578300 -0.003751953 0.236688584 3.528823853 0.000474837 0.999903262 0.013901168 -2.191805840 -0.236717865 -0.013393684 0.971486092 96.425399780
0.968656242 -0.004407086 0.248366207 3.686418533 0.001008485 0.999904037 0.013809402 -2.201316833 -0.248403281 -0.013126086 0.968567789 96.935989380
0.964812160 -0.003624050 0.262914866 3.858386993 -0.000117728 0.999898970 0.014214754 -2.207684517 -0.262939781 -0.013745521 0.964714348 97.500663757
0.961294353 -0.003575326 0.275500357 4.015911102 -0.000165544 0.999908149 0.013554006 -2.206933737 -0.275523484 -0.013074995 0.961205482 98.023071289
0.958014786 -0.004240452 0.286687493 4.221691132 0.000229338 0.999901652 0.014023378 -2.218908310 -0.286718696 -0.013368853 0.957921505 98.573013306
0.953799248 -0.004447666 0.300411552 4.421113968 0.000170690 0.999898195 0.014261795 -2.226747513 -0.300444454 -0.013551613 0.953703046 99.118988037
0.949428141 -0.004815053 0.313947529 4.623325348 0.000444433 0.999902010 0.013991587 -2.231998920 -0.313984066 -0.013144478 0.949337244 99.638473511
0.945588529 -0.005165971 0.325323969 4.820924759 0.000678618 0.999903083 0.013905453 -2.238436222 -0.325364262 -0.012928067 0.945500374 100.155624390
0.941099405 -0.005213176 0.338089734 5.033712387 0.000413867 0.999898136 0.014265903 -2.248775721 -0.338129640 -0.013285709 0.941005766 100.688278198
0.935908675 -0.005460128 0.352200359 5.249742508 0.000553292 0.999901414 0.014031102 -2.254073858 -0.352242261 -0.012936958 0.935819447 101.201278687
0.931220114 -0.006280538 0.364403158 5.480533600 0.001235653 0.999900162 0.014075740 -2.258322716 -0.364455193 -0.012657336 0.931134880 101.713218689
0.926922917 -0.006599667 0.375193685 5.706085205 0.001422356 0.999899864 0.014074307 -2.264614344 -0.375249028 -0.012512140 0.926839590 102.219558716
0.921314001 -0.006659955 0.388762265 5.945247650 0.001226857 0.999898136 0.014221946 -2.270615816 -0.388817400 -0.012625923 0.921228290 102.728439331
0.915827453 -0.007057290 0.401510000 6.193664551 0.001581457 0.999901175 0.013967896 -2.274204731 -0.401568919 -0.012157213 0.915748119 103.228942871
0.910802901 -0.007856593 0.412766606 6.449764252 0.002227196 0.999897838 0.014117554 -2.284877539 -0.412835330 -0.011938995 0.910727441 103.732322693
0.904203653 -0.007260968 0.427039862 6.708087921 0.001389637 0.999900162 0.014058945 -2.292454243 -0.427099288 -0.012118719 0.904123485 104.226821899
0.897575557 -0.008150888 0.440785348 6.981479645 0.002101223 0.999896765 0.014211092 -2.292824268 -0.440855682 -0.011829339 0.897500038 104.742492676
0.891491532 -0.008876156 0.452950478 7.257785797 0.002711475 0.999894679 0.014257552 -2.300837278 -0.453029245 -0.011482322 0.891421676 105.232788086
0.885955930 -0.009455409 0.463673055 7.534088135 0.003161569 0.999892056 0.014349287 -2.303585529 -0.463758618 -0.011246903 0.885890186 105.719398499
0.878752112 -0.010025693 0.477173179 7.819412231 0.003582916 0.999889672 0.014410059 -2.312881470 -0.477265030 -0.010953197 0.878691137 106.195800781
0.871861935 -0.010101644 0.489647537 8.106655121 0.003452653 0.999889195 0.014480389 -2.319092035 -0.489739567 -0.010934318 0.871800184 106.655151367
