1.000000000 0.000000000 0.000000000 0.000000000 0.000000000 1.000000000 0.000000000 0.000000000 0.000000000 0.000000000 1.000000000 0.000000000
1.000000000 0.000024482 0.000136652 -0.003394756 -0.000024453 1.000000000 -0.000208370 0.004374605 -0.000136657 0.000208367 0.999999940 0.004238757
1.000000000 0.000044908 0.000071364 -0.002289670 -0.000044898 1.000000000 -0.000137650 0.002408125 -0.000071371 0.000137647 1.000000000 0.000719229
0.999999940 0.000309215 0.000112054 0.000102996 -0.000309198 0.999999940 -0.000157690 0.003725935 -0.000112103 0.000157656 1.000000000 -0.001846420
1.000000000 0.000231586 0.000046679 0.002578425 -0.000231583 0.999999940 -0.000081335 0.002033714 -0.000046698 0.000081325 1.000000000 -0.001327005
1.000000000 0.000145855 0.000062032 0.000251178 -0.000145852 1.000000000 -0.000062681 0.002158437 -0.000062041 0.000062672 1.000000000 -0.001238516
1.000000000 0.000121395 0.000127990 -0.001934213 -0.000121383 1.000000000 -0.000097763 0.002118721 -0.000128002 0.000097748 1.000000000 -0.000631594
1.000000000 0.000028170 -0.000004219 0.001054617 -0.000028170 1.000000000 -0.000024244 0.001657564 0.000004219 0.000024244 1.000000000 -0.002541855
1.000000000 0.000063970 0.000155701 -0.005531892 -0.000063945 1.000000000 -0.000159847 0.003866756 -0.000155711 0.000159837 1.000000000 0.004049306
0.999999940 0.000183424 0.000219011 -0.004648757 -0.000183394 1.000000000 -0.000134919 0.002207447 -0.000219035 0.000134879 0.999999940 -0.001409958
0.999999940 0.000184669 0.000190749 -0.003751158 -0.000184638 0.999999940 -0.000164497 0.002069549 -0.000190779 0.000164462 0.999999940 -0.000854566
1.000000000 0.000161891 0.000083465 0.000164271 -0.000161885 1.000000000 -0.000079269 0.002334814 -0.000083478 0.000079255 1.000000000 -0.004799832
1.000000000 0.000116300 0.000197241 -0.005502434 -0.000116290 1.000000000 -0.000049859 0.000552258 -0.000197247 0.000049836 1.000000000 -0.003067630
1.000000000 -0.000001213 0.000108347 -0.003207351 0.000001226 1.000000000 -0.000115955 0.000696048 -0.000108347 0.000115955 1.000000000 -0.001753777
1.000000000 0.000112264 0.000158490 -0.003469376 -0.000112237 1.000000000 -0.000172230 0.003314149 -0.000158510 0.000172212 1.000000000 -0.001309957
1.000000000 -0.000158518 0.000010039 -0.002611277 0.000158520 1.000000000 -0.000114717 0.002852834 -0.000010021 0.000114719 1.000000000 -0.000770275
1.000000000 -0.000194999 0.000029924 -0.002517382 0.000195003 1.000000000 -0.000109270 0.000850252 -0.000029902 0.000109276 1.000000000 -0.004892979
1.000000000 -0.000083311 0.000035974 0.000454823 0.000083312 1.000000000 -0.000030805 0.000374531 -0.000035972 0.000030808 1.000000000 -0.006976746
1.000000000 0.000094244 -0.000005706 -0.000008858 -0.000094244 1.000000000 -0.000001127 0.002339607 0.000005706 0.000001128 1.000000000 -0.007300990
1.000000000 -0.000100479 -0.000011378 -0.001521202 0.000100478 1.000000000 -0.000040800 -0.000353800 0.000011382 0.000040798 1.000000000 -0.007653616
1.000000000 -0.000020934 0.000063830 -0.001291528 0.000020940 1.000000000 -0.000094226 0.001139240 -0.000063828 0.000094227 1.000000000 -0.007148339
1.000000000 -0.000133250 0.000021179 0.000084046 0.000133251 1.000000000 -0.000028037 -0.000323296 -0.000021175 0.000028040 1.000000000 -0.003684059
1.000000000 0.000135306 0.000175293 -0.006286715 -0.000135269 0.999999940 -0.000209397 0.003834154 -0.000175322 0.000209373 0.999999940 0.004042679
1.000000000 -0.000072489 -0.000040948 -0.001389820 0.000072485 1.000000000 -0.000101123 0.001018926 0.000040955 0.000101121 1.000000000 -0.001767323
1.000000000 -0.000069641 0.000023976 -0.001002021 0.000069642 1.000000000 -0.000017002 0.002454964 -0.000023975 0.000017004 1.000000000 0.000551957
1.000000000 0.000005642 -0.000051191 0.002555834 -0.000005649 1.000000000 -0.000135951 0.003132219 0.000051190 0.000135951 1.000000000 -0.007048423
1.000000000 -0.000078506 0.000091169 -0.001725085 0.000078517 1.000000000 -0.000118769 0.002624915 -0.000091159 0.000118776 1.000000000 -0.004354285
0.999999940 0.000261127 0.000217105 -0.005367831 -0.000261084 0.999999940 -0.000198078 0.003301727 -0.000217156 0.000198022 0.999999940 0.000128218
1.000000000 0.000028698 0.000115412 -0.003196188 -0.000028695 1.000000000 -0.000026780 0.001966508 -0.000115413 0.000026777 1.000000000 -0.001050356
1.000000000 -0.000196805 0.000017390 -0.004743491 0.000196808 0.999999940 -0.000159771 0.005992940 -0.000017359 0.000159774 1.000000000 0.003057159
1.000000000 -0.000075074 0.000043063 -0.003897822 0.000075078 1.000000000 -0.000101020 0.002761756 -0.000043056 0.000101023 1.000000000 0.001481819
1.000000000 -0.000127226 0.000115182 -0.003362265 0.000127223 1.000000000 0.000025551 0.001155143 -0.000115186 -0.000025537 1.000000000 -0.000026279
1.000000000 -0.000186714 0.000092172 -0.004818055 0.000186714 1.000000000 -0.000004276 0.001710054 -0.000092171 0.000004293 1.000000000 -0.002078938
1.000000000 -0.000130594 0.000011411 -0.002827946 0.000130594 1.000000000 -0.000009084 0.001958437 -0.000011410 0.000009086 1.000000000 -0.002336517
1.000000000 0.000088072 0.000082603 -0.004251387 -0.000088057 1.000000000 -0.000179958 0.002123435 -0.000082619 0.000179951 1.000000000 0.000403292
1.000000000 0.000044596 0.000100741 -0.004594673 -0.000044584 1.000000000 -0.000119479 0.003055233 -0.000100746 0.000119475 1.000000000 0.000432768
1.000000000 -0.000143818 -0.000172118 0.003105579 0.000143841 1.000000000 0.000131981 -0.000264258 0.000172099 -0.000132006 1.000000000 -0.012578550
1.000000000 -0.000021086 0.000072684 -0.003652077 0.000021106 0.999999940 -0.000279418 0.004713725 -0.000072678 0.000279419 0.999999940 0.001423313
1.000000000 -0.000180624 0.000057604 -0.002954664 0.000180625 1.000000000 -0.000027719 0.001809581 -0.000057599 0.000027729 1.000000000 -0.000686295
1.000000000 -0.000032745 -0.000044971 0.000809360 0.000032752 1.000000000 0.000157318 -0.000765958 0.000044966 -0.000157319 1.000000000 -0.008341285
0.999999940 -0.000278365 -0.000134962 0.000137180 0.000278364 0.999999940 -0.000009554 -0.000643607 0.000134964 0.000009517 1.000000000 -0.000239187
1.000000000 0.000054165 0.000085736 0.002058279 -0.000054112 0.999999821 -0.000611779 -0.004019626 -0.000085769 0.000611774 0.999999821 0.048963457
1.000000000 0.000042523 -0.000013862 -0.000149240 -0.000042545 0.999998808 -0.001559513 0.001300191 0.000013796 0.001559514 0.999998808 0.148170233
1.000000000 -0.000052642 -0.000066351 0.004437578 0.000052537 0.999998748 -0.001581543 -0.007315353 0.000066434 0.001581540 0.999998748 0.265104592
1.000000000 -0.000193274 0.000029209 0.002488126 0.000193314 0.999998987 -0.001398388 -0.012308345 -0.000028939 0.001398394 0.999999046 0.395892173
1.000000000 0.000019960 -0.000104303 0.004986765 -0.000020084 0.999999285 -0.001187486 -0.017472439 0.000104279 0.001187488 0.999999285 0.537700713
1.000000000 -0.000039728 0.000147016 0.006312847 0.000039870 0.999999523 -0.000968603 -0.031537931 -0.000146978 0.000968609 0.999999523 0.680199921
0.999999881 -0.000461417 -0.000078038 0.019730730 0.000461369 0.999999702 -0.000614647 -0.031008238 0.000078321 0.000614610 0.999999821 0.850022972
1.000000000 -0.000177845 -0.000158443 0.023208819 0.000177760 0.999999821 -0.000538288 -0.037613269 0.000158539 0.000538260 0.999999821 1.030815721
0.999999940 -0.000092748 0.000244176 0.013661934 0.000092930 0.999999702 -0.000748321 -0.038060058 -0.000244106 0.000748344 0.999999702 1.213474631
1.000000000 -0.000106860 -0.000016463 0.030027959 0.000106850 0.999999821 -0.000603519 -0.047091208 0.000016528 0.000603518 0.999999821 1.415913939
0.999999583 -0.000608255 -0.000719201 0.043127585 0.000608028 0.999999762 -0.000315585 -0.056741573 0.000719393 0.000315148 0.999999702 1.611535668
0.999997795 -0.000147182 0.002106217 -0.007179401 0.000146993 1.000000000 0.000089980 -0.061543059 -0.002106230 -0.000089671 0.999997735 1.614230394
0.999997497 -0.000463449 0.002202558 -0.001197190 0.000462859 0.999999881 0.000268640 -0.066873305 -0.002202682 -0.000267620 0.999997497 1.821743846
0.999997437 0.000395439 0.002233261 0.000501289 -0.000395893 0.999999821 0.000202719 -0.076614931 -0.002233181 -0.000203603 0.999997497 2.002982616
0.999997735 0.000536839 0.002073463 0.007747072 -0.000537768 0.999999762 0.000447507 -0.082904048 -0.002073222 -0.000448621 0.999997795 2.222352982
0.999996841 0.000853794 0.002361806 0.002559724 -0.000854994 0.999999523 0.000507021 -0.090486847 -0.002361372 -0.000509039 0.999997079 2.456573009
0.999994934 0.001375848 0.002883737 0.004057307 -0.001377965 0.999998689 0.000732272 -0.098366126 -0.002882726 -0.000736242 0.999995649 2.689646482
0.999996006 0.000882912 0.002679679 0.014124512 -0.000884926 0.999999285 0.000750376 -0.111556657 -0.002679014 -0.000752745 0.999996126 2.927146673
0.999997139 0.000428463 0.002341435 0.017965350 -0.000430041 0.999999702 0.000673513 -0.113575175 -0.002341146 -0.000674518 0.999997020 3.107897520
0.999996901 0.000520995 0.002428504 0.027554877 -0.000522592 0.999999642 0.000656950 -0.119554490 -0.002428161 -0.000658217 0.999996841 3.378702879
0.999996543 0.000918882 0.002436092 0.031550162 -0.000920537 0.999999285 0.000678430 -0.125804260 -0.002435467 -0.000680670 0.999996781 3.623148918
0.999997020 0.000891806 0.002275860 0.048825156 -0.000893802 0.999999285 0.000876418 -0.132652134 -0.002275077 -0.000878449 0.999997020 3.894444704
0.999994814 0.001421817 0.002883998 0.023337454 -0.001425426 0.999998212 0.001249786 -0.141080841 -0.002882216 -0.001253890 0.999995053 4.106315613
0.999996662 0.000793109 0.002459286 0.034756728 -0.000796855 0.999998510 0.001522499 -0.161327109 -0.002458075 -0.001524454 0.999995828 4.337136745
0.999996126 0.000817355 0.002674613 0.040154070 -0.000822213 0.999998033 0.001815882 -0.171411738 -0.002673123 -0.001818073 0.999994814 4.589939117
0.999995768 0.001056191 0.002701761 0.046037681 -0.001060551 0.999998093 0.001613008 -0.171233013 -0.002700052 -0.001615866 0.999995053 4.845442772
0.999997556 0.000039181 0.002209228 0.060533412 -0.000042925 0.999998569 0.001694569 -0.182599574 -0.002209159 -0.001694659 0.999996126 5.109899044
0.999994934 0.000698246 0.003099337 0.033043116 -0.000703984 0.999998033 0.001850800 -0.215217277 -0.003098039 -0.001852972 0.999993443 5.348630905
0.999995470 0.000595275 0.002936692 0.041497245 -0.000600663 0.999998152 0.001833956 -0.221100599 -0.002935594 -0.001835712 0.999994040 5.618119717
0.999993861 0.001377262 0.003206379 0.049331695 -0.001383420 0.999997199 0.001919122 -0.232151046 -0.003203727 -0.001923547 0.999993026 5.886522293
0.999993503 0.000760469 0.003529042 0.049876414 -0.000767969 0.999997377 0.002124381 -0.243893474 -0.003527417 -0.002127078 0.999991536 6.170236111
0.999995232 0.000341889 0.003070164 0.058621377 -0.000348557 0.999997616 0.002171781 -0.261958927 -0.003069414 -0.002172841 0.999992967 6.459049225
0.999993265 0.000840867 0.003553592 0.068710402 -0.000847911 0.999997675 0.001981356 -0.250460476 -0.003551917 -0.001984356 0.999991775 6.756076336
0.999996126 0.000412975 0.002795007 0.078807741 -0.000418968 0.999997735 0.002144083 -0.276784539 -0.002794115 -0.002145246 0.999993801 7.009570599
0.999997199 -0.000088662 0.002348976 0.095144242 0.000084052 0.999998152 0.001962222 -0.288133293 -0.002349146 -0.001962020 0.999995291 7.311487198
0.999996662 0.000227125 0.002569503 0.105729669 -0.000233195 0.999997139 0.002362564 -0.298736721 -0.002568959 -0.002363156 0.999993980 7.638812542
0.999996722 0.000257909 0.002537724 0.100819528 -0.000264089 0.999996960 0.002435051 -0.301932514 -0.002537088 -0.002435714 0.999993861 7.955151558
0.999996722 -0.000006308 0.002561628 0.103540786 0.000000429 0.999997377 0.002294855 -0.306232631 -0.002561636 -0.002294846 0.999994159 8.272779465
0.999996006 -0.000310717 0.002822594 0.089730710 0.000303764 0.999996901 0.002463109 -0.320474476 -0.002823350 -0.002462242 0.999992967 8.594896317
0.999994755 0.000528917 0.003186613 0.105722852 -0.000536695 0.999996901 0.002440610 -0.333443612 -0.003185312 -0.002442308 0.999991953 8.872047424
0.999995708 -0.000258508 0.002898617 0.122512490 0.000251544 0.999997139 0.002402496 -0.338135630 -0.002899230 -0.002401757 0.999992847 9.214001656
0.999996185 -0.000439454 0.002733112 0.127030671 0.000432817 0.999997020 0.002428601 -0.343420982 -0.002734171 -0.002427408 0.999993324 9.560908318
0.999996066 -0.000679331 0.002727045 0.137593076 0.000672776 0.999996841 0.002404200 -0.354995817 -0.002728669 -0.002402356 0.999993384 9.927233696
0.999996781 -0.000222760 0.002525536 0.151265308 0.000216401 0.999996901 0.002517680 -0.365326345 -0.002526088 -0.002517126 0.999993622 10.294095039
0.999996483 -0.000767789 0.002554933 0.169483975 0.000761165 0.999996424 0.002592597 -0.361932039 -0.002556914 -0.002590643 0.999993384 10.647026062
0.999996245 -0.001010084 0.002557823 0.178171292 0.001001919 0.999994457 0.003191308 -0.377157420 -0.002561032 -0.003188733 0.999991655 11.004164696
0.999995410 -0.001426512 0.002666627 0.166955486 0.001418076 0.999993980 0.003162799 -0.423816234 -0.002671123 -0.003159004 0.999991417 11.308835983
0.999995708 -0.001382735 0.002576683 0.179861695 0.001373723 0.999992967 0.003495948 -0.437719822 -0.002581499 -0.003492394 0.999990523 11.691064835
0.999994695 -0.000860764 0.003145778 0.182901427 0.000849136 0.999992788 0.003695926 -0.449496031 -0.003148937 -0.003693236 0.999988139 12.084713936
0.999995649 -0.001556923 0.002478623 0.208931178 0.001547826 0.999992013 0.003667816 -0.456908345 -0.002484313 -0.003663964 0.999990225 12.479698181
0.999994636 -0.002219323 0.002397018 0.220455408 0.002210570 0.999990880 0.003648272 -0.465952665 -0.002405092 -0.003642954 0.999990463 12.845111847
0.999995768 -0.000968084 0.002738391 0.235725775 0.000958271 0.999993086 0.003582566 -0.470507592 -0.002741841 -0.003579927 0.999989808 13.269086838
0.999995708 -0.000195782 0.002924142 0.238632292 0.000182216 0.999989212 0.004638745 -0.502055645 -0.002925019 -0.004638193 0.999984920 13.677822113
0.999994516 -0.001644443 0.002879425 0.260337442 0.001630716 0.999987423 0.004763059 -0.546411037 -0.002887222 -0.004758338 0.999984443 14.050104141
0.999993265 -0.001888164 0.003120017 0.275421739 0.001872340 0.999985397 0.005066658 -0.558727026 -0.003129539 -0.005060782 0.999982297 14.460024834
0.999992013 -0.002989356 0.002673388 0.290370524 0.002975560 0.999982238 0.005149480 -0.567815781 -0.002688734 -0.005141484 0.999983191 14.886841774
0.999991477 -0.001517173 0.003846954 0.294387221 0.001497955 0.999986470 0.004993616 -0.583177567 -0.003854478 -0.004987811 0.999980152 15.290375710
0.999990046 -0.000809773 0.004393009 0.276758492 0.000785938 0.999984980 0.005424758 -0.603422523 -0.004397336 -0.005421251 0.999975681 15.826762199
0.999990165 -0.002576340 0.003597757 0.329767585 0.002558091 0.999983966 0.005067792 -0.598373294 -0.003610755 -0.005058539 0.999980688 16.244123459
0.999986231 -0.000889161 0.005184944 0.307947338 0.000863630 0.999987483 0.004924146 -0.616387606 -0.005189258 -0.004919600 0.999974430 16.619501114
0.999988556 -0.001254307 0.004617607 0.327003002 0.001228549 0.999983668 0.005576752 -0.656487286 -0.004624527 -0.005571015 0.999973774 17.071535110
0.999988735 -0.001888220 0.004363241 0.341132015 0.001862707 0.999981165 0.005843795 -0.667507589 -0.004374193 -0.005835602 0.999973357 17.544679642
0.999984503 -0.001652744 0.005313708 0.354571640 0.001623855 0.999983907 0.005436482 -0.675711155 -0.005322608 -0.005427769 0.999971092 18.007844925
0.999984801 -0.001616113 0.005267031 0.375894576 0.001583986 0.999980092 0.006097998 -0.694637537 -0.005276782 -0.006089562 0.999967575 18.511558533
0.999983370 -0.001303730 0.005622756 0.389755785 0.001267540 0.999978483 0.006435095 -0.715169549 -0.005631024 -0.006427860 0.999963522 18.975301743
0.999985695 -0.001515309 0.005134104 0.398951352 0.001479984 0.999975264 0.006877345 -0.740053535 -0.005144399 -0.006869648 0.999963105 19.396125793
0.999984920 -0.001136828 0.005390882 0.402146280 0.001098684 0.999974310 0.007073288 -0.755055904 -0.005398785 -0.007067258 0.999960423 19.888404846
0.999983251 -0.000380389 0.005787560 0.405400127 0.000337480 0.999972403 0.007413080 -0.780122042 -0.005790221 -0.007411004 0.999955773 20.386020660
0.999988019 -0.001450773 0.004696258 0.430436343 0.001415608 0.999970973 0.007482747 -0.800548017 -0.004706977 -0.007476008 0.999960959 20.913211823
0.999988258 -0.002720737 0.004009075 0.410946608 0.002689833 0.999966800 0.007693917 -0.822763741 -0.004029875 -0.007683044 0.999962330 21.401353836
0.999988794 -0.002446354 0.004061652 0.412743002 0.002412942 0.999963343 0.008210887 -0.839123726 -0.004081591 -0.008200995 0.999958038 21.938894272
0.999990106 -0.002415257 0.003742668 0.413554490 0.002384644 0.999963880 0.008162297 -0.848251224 -0.003762246 -0.008153292 0.999959707 22.468034744
0.999992192 -0.001815528 0.003508887 0.398717761 0.001787081 0.999965668 0.008093616 -0.871380508 -0.003523460 -0.008087283 0.999961078 22.964370728
0.999990582 -0.003704509 0.002256096 0.425621092 0.003686977 0.999963284 0.007726301 -0.886017382 -0.002284635 -0.007717910 0.999967635 23.489522934
0.999991775 -0.003889381 0.001174648 0.439893961 0.003880199 0.999962687 0.007720163 -0.890441537 -0.001204631 -0.007715541 0.999969602 24.023368835
0.999995768 -0.002656509 0.001168526 0.460450828 0.002646480 0.999960303 0.008501526 -0.904179633 -0.001191064 -0.008498397 0.999963224 24.559465408
0.999994993 -0.003151250 0.000058550 0.445402652 0.003150647 0.999959767 0.008397694 -0.935505629 -0.000085011 -0.008397467 0.999964774 25.058849335
0.999992549 -0.003850305 0.000255180 0.426602870 0.003847827 0.999951243 0.009091707 -0.962985039 -0.000290173 -0.009090658 0.999958634 25.584032059
0.999991298 -0.004155804 -0.000136324 0.439055651 0.004156926 0.999944746 0.009652715 -0.969379783 0.000096202 -0.009653199 0.999953449 26.129959106
0.999991417 -0.004125951 -0.000405748 0.452249914 0.004129805 0.999941349 0.010006533 -0.998169005 0.000364437 -0.010008124 0.999949813 26.670789719
0.999994874 -0.003010731 -0.001124151 0.493203223 0.003021867 0.999944985 0.010039331 -1.008179426 0.001093863 -0.010042679 0.999948978 27.200164795
0.999994278 -0.003023837 -0.001504701 0.497238040 0.003038799 0.999944925 0.010043471 -1.011338234 0.001474248 -0.010047986 0.999948442 27.721044540
0.999996245 -0.002463727 -0.001209316 0.498933882 0.002475287 0.999950349 0.009652532 -1.016241074 0.001185475 -0.009655490 0.999952734 28.248748779
0.999991298 -0.003787263 -0.001760384 0.485006869 0.003807010 0.999928296 0.011352971 -1.082454443 0.001717260 -0.011359575 0.999933958 28.865423203
0.999991953 -0.003423794 -0.002110837 0.495984733 0.003447395 0.999930501 0.011280774 -1.087633848 0.002072067 -0.011287962 0.999934077 29.411931992
0.999992371 -0.003195829 -0.002264170 0.527114868 0.003220922 0.999932408 0.011167075 -1.112129807 0.002228329 -0.011174282 0.999935091 29.928701401
0.999992669 -0.003009224 -0.002369650 0.537886500 0.003037046 0.999925494 0.011826055 -1.131735921 0.002333886 -0.011833167 0.999927223 30.496648788
0.999991119 -0.002838369 -0.003111962 0.548310995 0.002877049 0.999917805 0.012496562 -1.190654993 0.003076238 -0.012505405 0.999917030 31.093423843
0.999989629 -0.003099510 -0.003337053 0.556545317 0.003141919 0.999913454 0.012779195 -1.206923246 0.003297155 -0.012789547 0.999912798 31.625795364
0.999989748 -0.003123185 -0.003262111 0.561814368 0.003164908 0.999912262 0.012864404 -1.207220793 0.003221647 -0.012874598 0.999911904 32.145271301
0.999993503 -0.002205186 -0.002835395 0.535451770 0.002241545 0.999914587 0.012884688 -1.232080936 0.002806740 -0.012890959 0.999912977 32.646881104
0.999991953 -0.002398259 -0.003205707 0.546820164 0.002439963 0.999911666 0.013069442 -1.234189987 0.003174080 -0.013077158 0.999909461 33.263175964
0.999988914 -0.003077182 -0.003558761 0.558224022 0.003126332 0.999898732 0.013888835 -1.257606030 0.003515662 -0.013899806 0.999897242 33.802272797
0.999985933 -0.003771354 -0.003729124 0.526978493 0.003819715 0.999907494 0.013047687 -1.243824363 0.003679574 -0.013061746 0.999907851 34.439617157
0.999984801 -0.003713203 -0.004073828 0.541044414 0.003765133 0.999910772 0.012814309 -1.243603706 0.004025884 -0.012829455 0.999909580 34.994506836
0.999986172 -0.003455324 -0.003960273 0.537380636 0.003507375 0.999906540 0.013212610 -1.265966892 0.003914250 -0.013226320 0.999904811 35.520244598
0.999990463 -0.002390377 -0.003655012 0.546441853 0.002436873 0.999915540 0.012770144 -1.261207819 0.003624178 -0.012778930 0.999911726 36.095851898
0.999995589 -0.000858042 -0.002848373 0.542324424 0.000895081 0.999914765 0.013027559 -1.279867649 0.002836952 -0.013030051 0.999911070 36.560695648
0.999991238 -0.002791893 -0.003123991 0.561888397 0.002833224 0.999907494 0.013305057 -1.285953999 0.003086556 -0.013313791 0.999906600 37.186622620
0.999993324 -0.001593115 -0.003290821 0.578294516 0.001637044 0.999908984 0.013389680 -1.311489820 0.003269191 -0.013394980 0.999904931 37.764446259
0.999972284 -0.005682615 -0.004811835 0.532103777 0.005754594 0.999869704 0.015079260 -1.363470197 0.004725519 -0.015106534 0.999874711 38.337078094
0.999966800 -0.005921457 -0.005596580 0.570205390 0.006008635 0.999858797 0.015690535 -1.403924823 0.005502880 -0.015723644 0.999861240 38.913318634
0.999971569 -0.005313782 -0.005348872 0.557064176 0.005400204 0.999852955 0.016274519 -1.403397799 0.005261607 -0.016302943 0.999853194 39.403282166
0.999965549 -0.005925064 -0.005805139 0.596649170 0.006018958 0.999849141 0.016292825 -1.431881905 0.005707727 -0.016327204 0.999850392 39.997161865
0.999962628 -0.006556423 -0.005643391 0.584094644 0.006652500 0.999830306 0.017177479 -1.466435432 0.005529810 -0.017214380 0.999836504 40.517921448
0.999971390 -0.004855878 -0.005804279 0.616577983 0.004944107 0.999870956 0.015284104 -1.426804781 0.005729313 -0.015312363 0.999866307 41.122108459
0.999979198 -0.004398443 -0.004718952 0.590658247 0.004469533 0.999875009 0.015161400 -1.423928618 0.004651676 -0.015182176 0.999873877 41.683963776
0.999972641 -0.004851578 -0.005590115 0.601752400 0.004937937 0.999867082 0.015539495 -1.416547060 0.005513980 -0.015566674 0.999863625 42.262706757
0.999966145 -0.005864033 -0.005769810 0.637950003 0.005955630 0.999854445 0.015988287 -1.431311846 0.005675214 -0.016022108 0.999855518 42.839618683
0.999975026 -0.005087869 -0.004903259 0.644729018 0.005169519 0.999845743 0.016785884 -1.479861021 0.004817098 -0.016810812 0.999847054 43.406635284
0.999970853 -0.005637638 -0.005146411 0.551097214 0.005721016 0.999850273 0.016332740 -1.480534077 0.005053563 -0.016361713 0.999853313 43.920501709
0.999966502 -0.005700588 -0.005863094 0.570831537 0.005785794 0.999876440 0.014619875 -1.467025042 0.005779027 -0.014653310 0.999875963 44.480041504
0.999966919 -0.005766058 -0.005747131 0.580792069 0.005853471 0.999865651 0.015310962 -1.476344585 0.005658076 -0.015344094 0.999866247 45.029479980
0.999962151 -0.006965969 -0.005210457 0.599190116 0.007046964 0.999852061 0.015691530 -1.479691744 0.005100380 -0.015727656 0.999863267 45.553894043
0.999950290 -0.007066984 -0.007030954 0.626293063 0.007184195 0.999833405 0.016787646 -1.494280338 0.006911146 -0.016837329 0.999834359 46.086349487
0.999974012 -0.005522508 -0.004639079 0.566526711 0.005598344 0.999848306 0.016496344 -1.512756348 0.004547275 -0.016521886 0.999853134 46.703445435
0.999963045 -0.006320143 -0.005818563 0.562803149 0.006416008 0.999841511 0.016607435 -1.568925381 0.005712677 -0.016644152 0.999845147 47.254409790
0.999969780 -0.005448830 -0.005546208 0.566507697 0.005535633 0.999860466 0.015757699 -1.565425634 0.005459572 -0.015787926 0.999860346 47.803012848
0.999968588 -0.006220665 -0.004927739 0.566670001 0.006301613 0.999842584 0.016585179 -1.582797527 0.004823793 -0.016615711 0.999850273 48.351902008
0.999974072 -0.005892773 -0.004140395 0.567820072 0.005965257 0.999825180 0.017717937 -1.602380991 0.004035264 -0.017742179 0.999834478 48.875411987
0.999980271 -0.004129559 -0.004747807 0.601659536 0.004214189 0.999829948 0.017955538 -1.603319168 0.004672851 -0.017975191 0.999827564 49.431823730
0.999970615 -0.005614660 -0.005223484 0.569747508 0.005704066 0.999834716 0.017261798 -1.621782303 0.005125702 -0.017291086 0.999837339 49.977581024
0.999976575 -0.004806093 -0.004881248 0.571909964 0.004889362 0.999840200 0.017192632 -1.623094320 0.004797838 -0.017216096 0.999840260 50.543460846
0.999972999 -0.005337267 -0.005033806 0.585002303 0.005421419 0.999843240 0.016854716 -1.629901886 0.004943058 -0.016881555 0.999845266 51.085807800
0.999969244 -0.005804372 -0.005271812 0.594865024 0.005892906 0.999839187 0.016936734 -1.628628254 0.005172656 -0.016967278 0.999842584 51.635852814
0.999968052 -0.005592123 -0.005724769 0.611099720 0.005685881 0.999847829 0.016494546 -1.634449601 0.005631657 -0.016526569 0.999847531 52.154304504
0.999973416 -0.005202674 -0.005107502 0.598044038 0.005292283 0.999829471 0.017690983 -1.651953697 0.005014590 -0.017717542 0.999830484 52.696136475
0.999973714 -0.005187341 -0.005059609 0.603398383 0.005274952 0.999833584 0.017458992 -1.657005906 0.004968202 -0.017485224 0.999834776 53.241199493
0.999965966 -0.005832800 -0.005827700 0.633070230 0.005931491 0.999836802 0.017063409 -1.657838583 0.005727221 -0.017097399 0.999837458 53.775669098
0.999970436 -0.005658929 -0.005194364 0.636169493 0.005748277 0.999832928 0.017350242 -1.668735266 0.005095313 -0.017379589 0.999836028 54.337753296
0.999972761 -0.004789976 -0.005604546 0.641736388 0.004886840 0.999836683 0.017399166 -1.685370922 0.005520289 -0.017426081 0.999832928 54.864418030
0.999976635 -0.004561228 -0.005078094 0.644196868 0.004649977 0.999834180 0.017604470 -1.682453513 0.004996954 -0.017627675 0.999832094 55.327880859
0.999977708 -0.004390881 -0.005026261 0.586152434 0.004483089 0.999819100 0.018483512 -1.713209748 0.004944193 -0.018505635 0.999816537 55.950988770
0.999974906 -0.004662242 -0.005333527 0.602954149 0.004759799 0.999818861 0.018427158 -1.724142790 0.005246648 -0.018452082 0.999816060 56.509323120
0.999975026 -0.004748006 -0.005238642 0.615768194 0.004844623 0.999815404 0.018587397 -1.726192951 0.005149422 -0.018612312 0.999813557 57.070415497
0.999977052 -0.004549235 -0.005011763 0.623802423 0.004640183 0.999821961 0.018287310 -1.741772532 0.004927678 -0.018310146 0.999820232 57.645088196
0.999973297 -0.005422533 -0.004900077 0.657782614 0.005509214 0.999825478 0.017852793 -1.738839030 0.004802413 -0.017879307 0.999828696 58.210289001
0.999964476 -0.005828759 -0.006088832 0.675731421 0.005938678 0.999816775 0.018193116 -1.737501264 0.005981674 -0.018228633 0.999815941 58.758747101
0.999956429 -0.007031950 -0.006136436 0.616361260 0.007148381 0.999790788 0.019162707 -1.768709183 0.006000401 -0.019205736 0.999797642 59.156398773
0.999960721 -0.006613737 -0.005895135 0.630207360 0.006725817 0.999793053 0.019199667 -1.778245449 0.005766932 -0.019238563 0.999798298 59.714412689
0.999962032 -0.006484321 -0.005815144 0.637225032 0.006592338 0.999802470 0.018752337 -1.765265822 0.005692399 -0.018789962 0.999807239 60.261066437
0.999953508 -0.007314460 -0.006274550 0.662368357 0.007431107 0.999796093 0.018773023 -1.768949032 0.006135957 -0.018818779 0.999804080 60.823200226
0.999943316 -0.007690627 -0.007360379 0.731439590 0.007837159 0.999767423 0.020090755 -1.818648577 0.007204158 -0.020147301 0.999771059 61.267620087
0.999949694 -0.007553336 -0.006613381 0.679249287 0.007683916 0.999771535 0.019947052 -1.835991144 0.006461203 -0.019996863 0.999779165 61.873085022
0.999955297 -0.006960288 -0.006395613 0.639734864 0.007089019 0.999768198 0.020330759 -1.828673601 0.006252621 -0.020375188 0.999772847 62.347000122
0.999952555 -0.007358561 -0.006384340 0.641793847 0.007485298 0.999770761 0.020059971 -1.831958175 0.006235264 -0.020106811 0.999778390 62.875240326
0.999950647 -0.007340537 -0.006683766 0.647678971 0.007474827 0.999766231 0.020293878 -1.841119647 0.006533233 -0.020342838 0.999771714 63.422080994
0.999960780 -0.006480336 -0.006026266 0.636761606 0.006600051 0.999776959 0.020062553 -1.845875740 0.005894909 -0.020101542 0.999780595 64.006248474
0.999952853 -0.007437043 -0.006233374 0.628330827 0.007564864 0.999756336 0.020739485 -1.874108076 0.006077615 -0.020785661 0.999765515 64.554771423
0.999957740 -0.007117767 -0.005800318 0.648004055 0.007236155 0.999760628 0.020651933 -1.879760981 0.005651933 -0.020693034 0.999769866 65.136329651
0.999949455 -0.008010122 -0.006074381 0.628216684 0.008137154 0.999742389 0.021184497 -1.898826599 0.005903127 -0.021232851 0.999757230 65.609252930
0.999955356 -0.007575358 -0.005641485 0.630159676 0.007693321 0.999745786 0.021190448 -1.905093074 0.005479527 -0.021232909 0.999759555 66.148689270
0.999948978 -0.007734753 -0.006497370 0.655441403 0.007871961 0.999740720 0.021364119 -1.912744164 0.006330438 -0.021414176 0.999750614 66.686607361
0.999959469 -0.007497800 -0.004985443 0.644617200 0.007599239 0.999757886 0.020649189 -1.899612188 0.004829412 -0.020686237 0.999774277 67.243362427
0.999956489 -0.007518359 -0.005529149 0.671447754 0.007635106 0.999741733 0.021405784 -1.912999511 0.005366784 -0.021447070 0.999755561 67.771354675
0.999946594 -0.008118081 -0.006389468 0.698719323 0.008256207 0.999726176 0.021897044 -1.931657553 0.006209954 -0.021948630 0.999739766 68.391281128
0.999956965 -0.007280603 -0.005747049 0.657533884 0.007405416 0.999730468 0.022003865 -1.938863754 0.005585299 -0.022045480 0.999741375 68.823585510
0.999962986 -0.006488040 -0.005652327 0.663445175 0.006604101 0.999762654 0.020762425 -1.932840586 0.005516278 -0.020798985 0.999768555 69.379592896
0.999963939 -0.006472022 -0.005495448 0.679619908 0.006585510 0.999760091 0.020890580 -1.939659119 0.005358926 -0.020926021 0.999766648 69.911140442
0.999953747 -0.007400218 -0.006142044 0.713465810 0.007530139 0.999742568 0.021406267 -1.942695022 0.005982053 -0.021451531 0.999752045 70.418403625
0.999946177 -0.007723431 -0.006927028 0.721622527 0.007867821 0.999747157 0.021065239 -1.941557407 0.006762581 -0.021118607 0.999754071 70.951370239
0.999953926 -0.007682789 -0.005772996 0.695069134 0.007808157 0.999727130 0.022016963 -1.966501713 0.005602268 -0.022061022 0.999740958 71.459884644
0.999953568 -0.007738885 -0.005741347 0.705356002 0.007861588 0.999734402 0.021666367 -1.973379970 0.005572146 -0.021710496 0.999748766 72.011489868
0.999948204 -0.008055842 -0.006217413 0.719454408 0.008190719 0.999724865 0.021982064 -1.979358196 0.006038619 -0.022031849 0.999739051 72.573455811
0.999937952 -0.008872381 -0.006740983 0.719076991 0.009016464 0.999724925 0.021653129 -1.976571321 0.006547013 -0.021712562 0.999742806 73.132011414
0.999947429 -0.008097240 -0.006285142 0.729284942 0.008233110 0.999726295 0.021901736 -1.980007291 0.006106079 -0.021952329 0.999740362 73.789634705
0.999945343 -0.008830168 -0.005596919 0.706781149 0.008952770 0.999711871 0.022272367 -1.969811678 0.005398638 -0.022321258 0.999736249 74.219573975
0.999948800 -0.008373503 -0.005682727 0.716331720 0.008496019 0.999724388 0.021888960 -1.968602538 0.005497875 -0.021936122 0.999744236 74.759834290
0.999947011 -0.008323091 -0.006055441 0.706319392 0.008454776 0.999720931 0.022056125 -1.974239588 0.005870175 -0.022106158 0.999738336 75.293876648
0.999945343 -0.008482692 -0.006112467 0.723043561 0.008614339 0.999724329 0.021842876 -1.974677682 0.005925494 -0.021894339 0.999742687 75.831588745
0.999944150 -0.008503038 -0.006284059 0.765511751 0.008640167 0.999717772 0.022126485 -2.001831055 0.006094143 -0.022179546 0.999735415 76.260749817
0.999947906 -0.008560009 -0.005561661 0.731712699 0.008682320 0.999712467 0.022353046 -1.998283029 0.005368720 -0.022400171 0.999734581 76.836654663
0.999939978 -0.009100733 -0.006099678 0.745903075 0.009238860 0.999692500 0.023012966 -2.004400253 0.005888367 -0.023067934 0.999716520 77.387893677
0.999943852 -0.008835765 -0.005843298 0.718376219 0.008963767 0.999712229 0.022255361 -1.992518663 0.005644973 -0.022306491 0.999735177 77.984580994
0.999948800 -0.008630954 -0.005283474 0.752073288 0.008750184 0.999697745 0.022975666 -2.005379915 0.005083575 -0.023020722 0.999721944 78.497756958
0.999957204 -0.007804768 -0.004963581 0.706240177 0.007915662 0.999710381 0.022728775 -1.981517673 0.004784752 -0.022767093 0.999729276 79.100898743
0.999955595 -0.007831977 -0.005227319 0.747263670 0.007947944 0.999714136 0.022546079 -2.028568745 0.005049246 -0.022586623 0.999732137 79.609039307
0.999958813 -0.008141818 -0.003994514 0.764811873 0.008230919 0.999705613 0.022821086 -2.033210039 0.003807534 -0.022853026 0.999731541 80.136070251
0.999953151 -0.009188542 -0.003049411 0.773641586 0.009255112 0.999702096 0.022586070 -2.037644863 0.002840970 -0.022613235 0.999740183 80.717300415
0.999968052 -0.007961695 -0.000755511 0.783534229 0.007976985 0.999702990 0.023029938 -2.048030853 0.000571928 -0.023035225 0.999734461 81.286155701
0.999972165 -0.007428226 0.000624327 0.734378874 0.007412135 0.999714613 0.022707151 -2.033967018 -0.000792823 -0.022701893 0.999741971 81.817207336
0.999972165 -0.006567845 0.003536551 0.754155695 0.006484309 0.999711335 0.023135386 -2.048981667 -0.003687480 -0.023111807 0.999726117 82.368667603
0.999952018 -0.006429781 0.007387617 0.773051262 0.006257711 0.999713898 0.023083247 -2.052824974 -0.007533923 -0.023035912 0.999706328 82.942169189
0.999924541 -0.006139990 0.010642092 0.788887739 0.005894972 0.999720216 0.022903923 -2.031292915 -0.010779744 -0.022839457 0.999681056 83.503524780
0.999878347 -0.006605249 0.014129107 0.814511418 0.006275411 0.999709606 0.023262888 -2.050634623 -0.014278662 -0.023171395 0.999629557 84.011428833
0.999770284 -0.005704324 0.020660672 0.828421295 0.005209354 0.999700010 0.023932196 -2.068655968 -0.020790992 -0.023819072 0.999500096 84.585266113
0.999640107 -0.006082224 0.026124928 0.879874229 0.005459949 0.999701262 0.023824807 -2.068316936 -0.026262032 -0.023673596 0.999374747 85.097389221
0.999464095 -0.006132935 0.032152757 0.897320271 0.005387751 0.999716043 0.023211980 -2.052122116 -0.032285988 -0.023026312 0.999213457 85.665321350
0.999162138 -0.006516946 0.040402580 0.955449820 0.005589254 0.999719083 0.023031771 -2.033825397 -0.040541328 -0.022786653 0.998918056 86.210182190
0.998830020 -0.006245837 0.047953568 1.039587736 0.005125122 0.999711752 0.023458302 -2.039457083 -0.048086260 -0.023185089 0.998574197 86.764091492
0.998414695 -0.005097440 0.056054123 1.013901949 0.003745055 0.999700010 0.024205022 -2.064752579 -0.056160692 -0.023956724 0.998134315 87.428459167
0.997874022 -0.005552618 0.064935669 1.073524952 0.004021728 0.999711394 0.023682475 -2.062674284 -0.065048434 -0.023370972 0.997608423 87.974700928
0.997173429 -0.006610097 0.074842989 1.134757042 0.004848223 0.999707520 0.023698198 -2.059553623 -0.074977741 -0.023268357 0.996913731 88.556350708
0.996393502 -0.005517698 0.084673010 1.184159756 0.003505272 0.999708295 0.023897322 -2.075455189 -0.084780172 -0.023514338 0.996122241 89.108871460
0.995699108 -0.004486060 0.092537344 1.280341625 0.002186393 0.999686718 0.024937650 -2.116398811 -0.092620209 -0.024628075 0.995396912 89.539558411
0.994711280 -0.005373275 0.102570251 1.360457897 0.002833674 0.999686182 0.024889296 -2.106319189 -0.102671787 -0.024467014 0.994414270 90.242271423
0.993622541 -0.005556265 0.112621561 1.452366829 0.002795151 0.999691963 0.024659842 -2.109170198 -0.112723880 -0.024187773 0.993331909 90.776611328
0.992434740 -0.005008515 0.122671530 1.525535583 0.001933989 0.999681413 0.025169341 -2.114945173 -0.122758500 -0.024741679 0.992128074 91.325798035
0.991010189 -0.004600482 0.133708492 1.625320435 0.001266934 0.999686480 0.025005858 -2.107717037 -0.133781612 -0.024611654 0.990705192 91.888618469
0.989230752 -0.004961493 0.146280587 1.721202850 0.001426431 0.999704599 0.024261305 -2.116740227 -0.146357745 -0.023791369 0.988945603 92.472923279
0.987576306 -0.005148418 0.157055750 1.809451103 0.001294105 0.999695718 0.024633437 -2.099791765 -0.157134816 -0.024124151 0.987282455 93.077362061
0.986105323 -0.005821563 0.166019499 1.929040909 0.001789278 0.999699950 0.024427243 -2.093322515 -0.166111916 -0.023790779 0.985819817 93.622848511
0.983906865 -0.005204241 0.178606138 2.034860611 0.000761569 0.999688804 0.024933683 -2.107651234 -0.178680316 -0.024396397 0.983604670 94.152992249
0.981475830 -0.005314972 0.191512480 2.155490875 0.000528506 0.999686539 0.025035389 -2.116094589 -0.191585496 -0.024470413 0.981170893 94.676742554
0.979289293 -0.004355006 0.202419207 2.283704758 -0.000682862 0.999691904 0.024811791 -2.120462179 -0.202464923 -0.024436146 0.978984535 95.237800598
0.976467788 -0.006011060 0.215579614 2.446067810 0.000562795 0.999679029 0.025325129 -2.111759901 -0.215662658 -0.024607845 0.976157725 95.862136841
0.973424435 -0.005488882 0.228942603 2.595500946 -0.000351617 0.999675691 0.025462173 -2.111328363 -0.229008093 -0.024865998 0.973106861 96.386711121
0.970588446 -0.007233602 0.240636379 2.739988327 0.001191495 0.999680519 0.025244903 -2.112446070 -0.240742147 -0.024215689 0.970286906 96.908821106
0.967470407 -0.005681447 0.252920359 2.890703201 -0.000727713 0.999681056 0.025239866 -2.108616829 -0.252983153 -0.024602877 0.967157781 97.423179626
0.963677645 -0.005407954 0.267013490 3.122404099 -0.001511787 0.999668479 0.025702961 -2.123333693 -0.267063946 -0.025173033 0.963349998 98.114410400
0.960078001 -0.006343647 0.279660493 3.300695419 -0.000865621 0.999670744 0.025647605 -2.127075434 -0.279731035 -0.024865780 0.959756374 98.630218506
0.956879973 -0.007233587 0.290393680 3.492025375 -0.000134711 0.999678791 0.025345474 -2.128698826 -0.290483713 -0.024291700 0.956571519 99.159729004
0.952539802 -0.006929793 0.304335356 3.665445328 -0.000982492 0.999665737 0.025837740 -2.134918690 -0.304412693 -0.024910487 0.952214420 99.700180054
0.947932303 -0.007439532 0.318385094 3.877237320 -0.000797549 0.999668539 0.025733264 -2.126257181 -0.318470955 -0.024647322 0.947612166 100.234123230
0.943957090 -0.008432385 0.329960674 4.059549332 -0.000166358 0.999661386 0.026022995 -2.130594492 -0.330068380 -0.024619482 0.943636000 100.715141296
0.939493418 -0.007705205 0.342480361 4.355678558 -0.001293933 0.999660075 0.026040103 -2.149323940 -0.342564583 -0.024907654 0.939164042 101.433975220
0.934136987 -0.007400777 0.356837988 4.577745438 -0.001876534 0.999669373 0.025645448 -2.143630266 -0.356909782 -0.024625978 0.933814228 101.955558777
0.929394126 -0.008512559 0.368990690 4.804693222 -0.001039368 0.999669671 0.025680132 -2.147070646 -0.369087368 -0.024250483 0.929078341 102.471542358
0.924555004 -0.007322608 0.380978137 5.041461945 -0.002571225 0.999672651 0.025454085 -2.150492668 -0.381039858 -0.024513286 0.924233556 102.973091125
0.919248760 -0.009417077 0.393564463 5.293689728 -0.001012491 0.999653935 0.026284255 -2.171428204 -0.393675864 -0.024560247 0.918921232 103.411735535
0.913599670 -0.009460822 0.406504750 5.528743744 -0.001701714 0.999631584 0.027089523 -2.212296963 -0.406611294 -0.025440738 0.913246930 103.865089417
0.909066498 -0.011636265 0.416488767 5.812088013 0.000648007 0.999648213 0.026514737 -2.196683645 -0.416650832 -0.023833763 0.908754170 104.386222839
0.902319431 -0.007559103 0.431001782 6.089225769 -0.004014120 0.999655545 0.025936130 -2.133973598 -0.431049377 -0.025132764 0.901978254 105.189025879
0.895626545 -0.007058786 0.444750905 6.354480743 -0.004883843 0.999657810 0.025700834 -2.134884119 -0.444780111 -0.025190443 0.895285487 105.677688599
0.889380157 -0.008061468 0.457097262 6.614562988 -0.003851467 0.999676824 0.025124365 -2.126287460 -0.457152158 -0.024105605 0.889061749 106.175468445
0.883365750 -0.007370397 0.468626440 6.896385193 -0.005373155 0.999651372 0.025850626 -2.147470713 -0.468653560 -0.025353558 0.883018136 106.641685486
0.875873625 -0.006905890 0.482491106 7.134708405 -0.006261278 0.999650717 0.025674183 -2.133603334 -0.482499897 -0.025508353 0.875524402 107.071838379
