1.000000000 0.000000000 0.000000000 0.000000000 0.000000000 1.000000000 0.000000000 0.000000000 0.000000000 0.000000000 1.000000000 0.000000000
1.000000000 0.000115009 0.000039961 -0.001492641 -0.000115007 1.000000000 -0.000049723 0.001481978 -0.000039967 0.000049718 1.000000000 0.003454603
1.000000000 0.000109103 0.000007542 0.000488363 -0.000109103 1.000000000 -0.000000271 0.000733281 -0.000007542 0.000000270 1.000000000 0.003928866
0.999999940 0.000251386 0.000099883 -0.000989544 -0.000251386 0.999999940 -0.000004657 0.001088061 -0.000099885 0.000004632 1.000000000 -0.001120922
1.000000000 0.000149495 0.000035446 0.000513198 -0.000149494 1.000000000 -0.000035808 0.000830833 -0.000035452 0.000035802 1.000000000 -0.000087515
1.000000000 0.000037191 -0.000009464 -0.000091936 -0.000037190 1.000000000 0.000045274 0.000554439 0.000009466 -0.000045274 1.000000000 0.000380085
1.000000000 0.000005518 0.000041123 -0.002001043 -0.000005517 1.000000000 -0.000029060 0.000962605 -0.000041123 0.000029060 1.000000000 0.000717477
1.000000000 0.000021686 0.000048282 -0.000190531 -0.000021688 1.000000000 0.000060041 0.000677478 -0.000048280 -0.000060043 1.000000000 -0.000119492
1.000000000 -0.000028467 0.000072974 -0.001663578 0.000028467 1.000000000 -0.000004370 0.000814767 -0.000072974 0.000004372 1.000000000 0.002356290
1.000000000 0.000161891 0.000105900 -0.000844952 -0.000161889 1.000000000 -0.000017756 0.000376627 -0.000105903 0.000017739 1.000000000 -0.001577891
1.000000000 0.000174145 0.000106207 -0.000493549 -0.000174151 1.000000000 0.000050964 0.000193747 -0.000106198 -0.000050983 1.000000000 -0.000987707
1.000000000 0.000046915 0.000048974 -0.001818577 -0.000046913 1.000000000 -0.000036504 0.000933664 -0.000048976 0.000036502 1.000000000 -0.002645573
1.000000000 0.000169949 0.000173441 -0.004329503 -0.000169955 1.000000000 0.000037381 0.001215925 -0.000173435 -0.000037410 1.000000000 -0.004195224
1.000000000 -0.000093079 0.000077039 -0.000868613 0.000093076 1.000000000 0.000030041 -0.000421537 -0.000077042 -0.000030034 1.000000000 0.000225663
1.000000000 0.000077485 0.000072189 -0.000161769 -0.000077484 1.000000000 -0.000017402 0.000768012 -0.000072190 0.000017397 1.000000000 -0.001835242
1.000000000 0.000002577 0.000048031 -0.000001478 -0.000002578 1.000000000 0.000025804 0.000666839 -0.000048030 -0.000025804 1.000000000 -0.003198576
1.000000000 -0.000084177 0.000052567 -0.001742285 0.000084175 1.000000000 0.000029419 0.000236651 -0.000052569 -0.000029414 1.000000000 -0.002154484
1.000000000 0.000058373 0.000122426 -0.001659907 -0.000058381 1.000000000 0.000063102 -0.000900312 -0.000122422 -0.000063109 1.000000000 -0.004063060
1.000000000 0.000103782 0.000063786 -0.000127893 -0.000103786 1.000000000 0.000057507 0.001164669 -0.000063780 -0.000057514 1.000000000 -0.004570631
1.000000000 -0.000094788 -0.000000299 -0.000691039 0.000094788 1.000000000 0.000015893 0.000577869 0.000000297 -0.000015893 1.000000000 -0.005733588
1.000000000 0.000024631 0.000054830 -0.000462362 -0.000024632 1.000000000 0.000026330 0.000223375 -0.000054829 -0.000026332 1.000000000 -0.006726138
1.000000000 -0.000057102 0.000016633 -0.000231508 0.000057101 1.000000000 0.000033117 -0.001273302 -0.000016635 -0.000033116 1.000000000 -0.004309465
1.000000000 0.000080887 0.000143305 -0.004654749 -0.000080874 1.000000000 -0.000085954 0.002018649 -0.000143312 0.000085943 1.000000000 0.002947458
1.000000000 -0.000002788 0.000039820 0.000412109 0.000002787 1.000000000 0.000009870 -0.000148839 -0.000039820 -0.000009870 1.000000000 -0.000832870
1.000000000 -0.000043309 0.000079051 -0.001970497 0.000043308 1.000000000 0.000024548 0.000897841 -0.000079052 -0.000024544 1.000000000 0.000276566
1.000000000 -0.000034361 -0.000007258 0.000693640 0.000034361 1.000000000 -0.000015245 0.000916593 0.000007258 0.000015245 1.000000000 -0.003456177
1.000000000 -0.000135916 0.000087057 -0.002656308 0.000135920 1.000000000 -0.000047595 0.002086220 -0.000087051 0.000047607 1.000000000 0.000754723
1.000000000 0.000152214 0.000144446 -0.004252966 -0.000152204 1.000000000 -0.000068901 0.002142880 -0.000144456 0.000068879 1.000000000 0.000026368
1.000000000 -0.000074761 0.000063193 -0.001938903 0.000074756 1.000000000 0.000079606 0.000060050 -0.000063199 -0.000079602 1.000000000 -0.000049279
1.000000000 -0.000063042 0.000084679 -0.004273310 0.000063048 1.000000000 -0.000070894 0.004109815 -0.000084675 0.000070900 1.000000000 0.002311779
1.000000000 -0.000028115 0.000033186 -0.001776943 0.000028116 1.000000000 -0.000021183 0.000887519 -0.000033186 0.000021184 1.000000000 0.002109804
1.000000000 -0.000073124 0.000080589 -0.003351068 0.000073121 1.000000000 0.000038643 0.000774243 -0.000080592 -0.000038637 1.000000000 0.003235546
1.000000000 -0.000125583 0.000030537 -0.002732632 0.000125584 1.000000000 -0.000014775 0.000784962 -0.000030535 0.000014779 1.000000000 -0.000628088
1.000000000 -0.000020735 0.000031182 -0.000702702 0.000020734 1.000000000 0.000034745 -0.000748220 -0.000031183 -0.000034745 1.000000000 -0.001826558
0.999999940 0.000207401 0.000175648 -0.004247087 -0.000207396 1.000000000 -0.000026926 0.000987847 -0.000175654 0.000026890 1.000000000 0.000435320
1.000000000 0.000000180 0.000028241 -0.000848230 -0.000000180 1.000000000 0.000023065 0.000490755 -0.000028241 -0.000023065 1.000000000 -0.001528349
1.000000000 0.000012115 0.000034587 -0.002223220 -0.000012116 1.000000000 0.000018355 0.001127180 -0.000034587 -0.000018355 1.000000000 -0.002620575
1.000000000 -0.000076280 0.000024725 -0.000663364 0.000076282 1.000000000 -0.000081335 0.001182760 -0.000024719 0.000081337 1.000000000 -0.003112450
1.000000000 -0.000018506 0.000113098 -0.003392046 0.000018508 1.000000000 -0.000023324 0.001012924 -0.000113097 0.000023326 1.000000000 0.000773857
1.000000000 -0.000045683 0.000003907 -0.000265808 0.000045683 1.000000000 0.000032474 0.000279525 -0.000003909 -0.000032474 1.000000000 -0.001519263
1.000000000 -0.000172982 -0.000042234 0.001133923 0.000172984 1.000000000 0.000046878 -0.000875746 0.000042226 -0.000046886 1.000000000 -0.001057633
1.000000000 0.000013458 0.000101074 0.002405802 -0.000013413 0.999999881 -0.000444583 -0.005726331 -0.000101080 0.000444581 0.999999881 0.048471939
1.000000000 -0.000025087 0.000088374 0.002994401 0.000025194 0.999999285 -0.001215040 -0.003200489 -0.000088343 0.001215042 0.999999285 0.146600157
1.000000000 -0.000071246 0.000005593 0.005634475 0.000071254 0.999998987 -0.001404781 -0.010708085 -0.000005493 0.001404782 0.999998987 0.260657310
1.000000000 -0.000001428 0.000081387 0.005826960 0.000001531 0.999999225 -0.001264469 -0.015621300 -0.000081385 0.001264469 0.999999225 0.390659869
1.000000000 0.000148775 0.000036374 0.007432147 -0.000148740 0.999999523 -0.000965295 -0.023628995 -0.000036518 0.000965290 0.999999523 0.532744765
1.000000000 0.000141750 0.000042054 0.007679722 -0.000141716 0.999999702 -0.000793542 -0.031359207 -0.000042167 0.000793537 0.999999702 0.684602737
1.000000000 -0.000019702 -0.000039038 0.016912336 0.000019679 0.999999821 -0.000590736 -0.035138775 0.000039050 0.000590735 0.999999821 0.853335142
1.000000000 0.000022124 -0.000129955 0.021215910 -0.000022194 0.999999881 -0.000537605 -0.037915811 0.000129943 0.000537607 0.999999821 1.027664304
0.999999762 0.000420892 0.000434588 0.015356356 -0.000420820 0.999999881 -0.000164740 -0.038609918 -0.000434657 0.000164557 0.999999881 1.204670072
1.000000000 0.000024925 0.000091624 0.030562190 -0.000024932 1.000000000 0.000075133 -0.047648281 -0.000091622 -0.000075135 1.000000000 1.396496773
0.999999940 0.000483718 0.000333211 0.027037276 -0.000483665 0.999999881 -0.000159879 -0.048943367 -0.000333288 0.000159717 0.999999940 1.586627483
0.999999523 0.000681049 0.000701709 0.023903733 -0.000680910 0.999999762 -0.000198639 -0.050642308 -0.000701844 0.000198162 0.999999762 1.786658287
0.999999762 0.000423494 0.000499224 0.032621723 -0.000423574 0.999999881 0.000159417 -0.059545696 -0.000499156 -0.000159628 0.999999881 1.991688490
0.999999583 0.000453246 0.000746890 0.030671408 -0.000453122 0.999999881 -0.000166397 -0.062233504 -0.000746965 0.000166059 0.999999702 2.216513395
0.999999881 0.000183319 0.000421299 0.046540756 -0.000183432 0.999999940 0.000267914 -0.069113098 -0.000421249 -0.000267991 0.999999821 2.418649673
0.999999702 0.000555914 0.000564894 0.049523152 -0.000556086 0.999999762 0.000305153 -0.082957305 -0.000564725 -0.000305467 0.999999821 2.646621227
0.999999821 0.000395597 0.000494005 0.054866966 -0.000395740 0.999999881 0.000289306 -0.089649409 -0.000493890 -0.000289502 0.999999881 2.879777908
0.999999642 0.000453236 0.000816959 0.056270666 -0.000453631 0.999999821 0.000483169 -0.095635086 -0.000816740 -0.000483539 0.999999583 3.119373322
0.999999702 0.000480143 0.000623206 0.059702784 -0.000480429 0.999999762 0.000460265 -0.103975549 -0.000622984 -0.000460565 0.999999642 3.350811243
0.999999642 0.000728617 0.000492641 0.061905563 -0.000728890 0.999999523 0.000553459 -0.112314507 -0.000492237 -0.000553818 0.999999762 3.597490311
0.999999881 0.000419175 0.000578417 0.070949033 -0.000419700 0.999999523 0.000908158 -0.126045629 -0.000578036 -0.000908400 0.999999344 3.865637302
0.999999523 0.000520909 0.000954070 0.071879834 -0.000521669 0.999999642 0.000796998 -0.129230767 -0.000953654 -0.000797495 0.999999225 4.126024723
0.999998927 0.000833147 0.001203040 0.072252579 -0.000834359 0.999999106 0.001007257 -0.138162717 -0.001202200 -0.001008260 0.999998748 4.370596886
0.999999583 0.000512653 0.000684229 0.091604844 -0.000513512 0.999999046 0.001256322 -0.148779482 -0.000683584 -0.001256672 0.999998987 4.634949207
0.999999702 -0.000020613 0.000732734 0.093506448 0.000019619 0.999999046 0.001356883 -0.155992597 -0.000732761 -0.001356868 0.999998808 4.893610954
0.999999702 0.000188314 0.000708390 0.098052338 -0.000189137 0.999999285 0.001161700 -0.165729612 -0.000708171 -0.001161834 0.999999106 5.151736259
0.999999583 -0.000124405 0.000886054 0.101708755 0.000123052 0.999998808 0.001527467 -0.175589651 -0.000886243 -0.001527358 0.999998450 5.409774780
0.999999523 -0.000235529 0.000923773 0.105939195 0.000234062 0.999998689 0.001587551 -0.183138981 -0.000924145 -0.001587334 0.999998331 5.678292274
0.999999821 -0.000229378 0.000469386 0.118850924 0.000228704 0.999998927 0.001434666 -0.195210963 -0.000469714 -0.001434558 0.999998868 5.950276375
0.999999762 -0.000103889 0.000644732 0.124493808 0.000102872 0.999998748 0.001576739 -0.208577499 -0.000644895 -0.001576672 0.999998569 6.211727142
0.999999523 0.000311507 0.000873303 0.126390651 -0.000312754 0.999998868 0.001429164 -0.211238235 -0.000872857 -0.001429437 0.999998629 6.511966705
0.999999642 0.000030552 0.000867543 0.130307451 -0.000031750 0.999999046 0.001381095 -0.218379647 -0.000867500 -0.001381123 0.999998689 6.814126492
0.999999404 -0.000985200 0.000455482 0.148514479 0.000984469 0.999998271 0.001601967 -0.231044903 -0.000457060 -0.001601517 0.999998629 7.098187923
0.999999762 0.000047245 0.000688146 0.148213223 -0.000048342 0.999998748 0.001594135 -0.236450851 -0.000688070 -0.001594168 0.999998510 7.403911591
0.999999702 0.000222668 0.000734170 0.157227665 -0.000223780 0.999998868 0.001515375 -0.247663334 -0.000733832 -0.001515539 0.999998629 7.704957008
0.999999404 0.000103792 0.001073706 0.161680445 -0.000105744 0.999998331 0.001818031 -0.262868643 -0.001073516 -0.001818144 0.999997735 8.028780937
0.999999285 0.000469553 0.001054264 0.171930358 -0.000471518 0.999998152 0.001863912 -0.273403466 -0.001053387 -0.001864408 0.999997675 8.336396217
0.999999464 0.000431970 0.000910727 0.182839632 -0.000433639 0.999998212 0.001833108 -0.279900521 -0.000909934 -0.001833502 0.999997914 8.684522629
0.999999464 0.000235527 0.000958749 0.185664296 -0.000237449 0.999997973 0.002005286 -0.288539946 -0.000958274 -0.002005513 0.999997556 9.022459030
0.999999583 -0.000251611 0.000881703 0.194261342 0.000250175 0.999998629 0.001628377 -0.294653594 -0.000882111 -0.001628156 0.999998331 9.365596771
0.999999583 0.000072678 0.001030599 0.200978965 -0.000074382 0.999998748 0.001653359 -0.304190814 -0.001030477 -0.001653435 0.999998093 9.703536987
0.999999642 0.000013084 0.000840404 0.210961983 -0.000014606 0.999998391 0.001811852 -0.316431373 -0.000840379 -0.001811864 0.999997973 10.043677330
0.999999583 -0.000195867 0.000871305 0.220427647 0.000194344 0.999998391 0.001747206 -0.327912986 -0.000871646 -0.001747036 0.999998093 10.393327713
0.999999285 0.000499911 0.001008898 0.222570419 -0.000502068 0.999997556 0.002138611 -0.339991897 -0.001007827 -0.002139116 0.999997258 10.751389503
0.999999404 -0.000223678 0.000999523 0.237438574 0.000221459 0.999997437 0.002219873 -0.357238650 -0.001000017 -0.002219650 0.999997020 11.139070511
0.999999642 0.000087188 0.000872304 0.248546243 -0.000089234 0.999997258 0.002346193 -0.372258037 -0.000872097 -0.002346270 0.999996841 11.500707626
0.999999702 -0.000027141 0.000819869 0.256702960 0.000025029 0.999996662 0.002576387 -0.379859805 -0.000819936 -0.002576366 0.999996364 11.892217636
0.999999702 -0.000137599 0.000817320 0.275424600 0.000135121 0.999995351 0.003030840 -0.397016287 -0.000817733 -0.003030728 0.999995053 12.252827644
0.999999344 0.000059282 0.001240222 0.267147124 -0.000063162 0.999995172 0.003128868 -0.407888770 -0.001240030 -0.003128944 0.999994397 12.640667915
0.999999702 -0.000001593 0.000759904 0.281536162 -0.000000319 0.999996781 0.002516086 -0.409877002 -0.000759905 -0.002516086 0.999996543 13.045139313
0.999999821 0.000337480 0.000532828 0.298385471 -0.000338970 0.999996006 0.002798843 -0.429379046 -0.000531881 -0.002799024 0.999995947 13.443984985
0.999999881 0.000246093 0.000535555 0.305089593 -0.000247665 0.999995708 0.002938272 -0.437465310 -0.000534830 -0.002938404 0.999995530 13.847679138
0.999999404 0.000391426 0.001001430 0.304275125 -0.000394664 0.999994695 0.003235808 -0.443329871 -0.001000158 -0.003236201 0.999994338 14.271697044
0.999998987 -0.000807391 0.001105845 0.317730188 0.000803813 0.999994397 0.003231865 -0.473151654 -0.001108448 -0.003230973 0.999994159 14.695425987
0.999998927 -0.001357391 0.000627540 0.337090999 0.001355390 0.999994040 0.003178649 -0.483296543 -0.000631851 -0.003177795 0.999994755 15.104134560
0.999998212 -0.001273253 0.001349175 0.343051553 0.001268804 0.999993742 0.003293859 -0.492334247 -0.001353361 -0.003292141 0.999993682 15.546705246
0.999998271 -0.000139153 0.001848481 0.362827271 0.000132014 0.999992549 0.003861286 -0.531745553 -0.001849004 -0.003861035 0.999990761 15.972592354
0.999997318 -0.000473702 0.002267553 0.374757975 0.000463723 0.999990284 0.004399189 -0.545687616 -0.002269614 -0.004398127 0.999987662 16.416007996
0.999997437 -0.000909817 0.002079916 0.388965845 0.000901029 0.999990761 0.004222452 -0.557510197 -0.002083738 -0.004220567 0.999988854 16.856552124
0.999996722 -0.000665579 0.002470537 0.400429875 0.000655216 0.999991000 0.004192974 -0.578289270 -0.002473305 -0.004191342 0.999988139 17.321258545
0.999996483 -0.000177716 0.002625618 0.407947123 0.000166441 0.999990761 0.004293745 -0.588760734 -0.002626356 -0.004293294 0.999987304 17.778274536
0.999995828 -0.000695486 0.002790010 0.417705894 0.000683060 0.999989808 0.004452293 -0.600338519 -0.002793078 -0.004450369 0.999986112 18.231973648
0.999994159 -0.000260787 0.003403465 0.428578764 0.000245127 0.999989390 0.004600775 -0.608595729 -0.003404628 -0.004599914 0.999983549 18.696763992
0.999992967 -0.000132098 0.003747622 0.437712938 0.000115465 0.999990106 0.004438272 -0.622667313 -0.003748171 -0.004437807 0.999983072 19.171339035
0.999994755 -0.000919394 0.003089532 0.453680009 0.000905297 0.999989152 0.004561089 -0.642403245 -0.003093692 -0.004558269 0.999984801 19.611988068
0.999995112 -0.001025909 0.002939974 0.475251257 0.001011218 0.999986947 0.004994059 -0.667039335 -0.002945058 -0.004991063 0.999983191 20.135372162
0.999994814 -0.001582825 0.002826732 0.491142213 0.001569169 0.999987066 0.004826964 -0.682419479 -0.002834335 -0.004822503 0.999984384 20.612279892
0.999994457 -0.000743122 0.003247669 0.486319005 0.000725504 0.999985039 0.005422818 -0.703619659 -0.003251651 -0.005420433 0.999980032 21.116619110
0.999996245 -0.000557540 0.002657146 0.498998106 0.000543741 0.999986351 0.005191016 -0.707388639 -0.002660004 -0.005189551 0.999983013 21.631109238
0.999997377 -0.000485666 0.002211991 0.507519424 0.000474658 0.999987543 0.004974569 -0.728682399 -0.002214380 -0.004973507 0.999985218 22.127433777
0.999997377 -0.001230067 0.001931488 0.517282963 0.001219173 0.999983430 0.005631423 -0.746693134 -0.001938383 -0.005629053 0.999982238 22.621786118
0.999998331 -0.000275275 0.001852310 0.511715233 0.000264188 0.999982119 0.005983322 -0.764630854 -0.001853923 -0.005982823 0.999980330 23.129104614
0.999998271 -0.001810669 0.000448523 0.533965766 0.001808087 0.999982178 0.005692900 -0.773445904 -0.000458823 -0.005692081 0.999983609 23.645483017
0.999996364 -0.002691977 -0.000258168 0.547869921 0.002693317 0.999982119 0.005337514 -0.784254193 0.000243795 -0.005338191 0.999985695 24.165439606
0.999998689 -0.001469892 -0.000571612 0.557499766 0.001473042 0.999983490 0.005550364 -0.796819270 0.000563444 -0.005551200 0.999984443 24.681655884
0.999998212 -0.001253376 -0.001375445 0.568029583 0.001261034 0.999983549 0.005581566 -0.806841254 0.001368426 -0.005583291 0.999983490 25.198814392
0.999997139 -0.001187125 -0.002079517 0.575479805 0.001198502 0.999984264 0.005477932 -0.815406322 0.002072982 -0.005480410 0.999982834 25.721797943
0.999997497 -0.000674371 -0.002120589 0.584174752 0.000686470 0.999983430 0.005709867 -0.833628297 0.002116704 -0.005711309 0.999981463 26.255369186
0.999995768 -0.001222489 -0.002637801 0.595463753 0.001238932 0.999979734 0.006240989 -0.845039487 0.002630118 -0.006244231 0.999977052 26.804901123
0.999993265 -0.001703625 -0.003249946 0.607182622 0.001723307 0.999980152 0.006063052 -0.858693779 0.003239552 -0.006068611 0.999976337 27.325677872
0.999993861 -0.000738261 -0.003421418 0.619585752 0.000759640 0.999980152 0.006251481 -0.878037989 0.003416735 -0.006254042 0.999974608 27.852222443
0.999991834 -0.000918159 -0.003936837 0.626072764 0.000943740 0.999978423 0.006500894 -0.891643882 0.003930784 -0.006504557 0.999971092 28.387905121
0.999988735 -0.001400418 -0.004527484 0.641927481 0.001430161 0.999977350 0.006572790 -0.903619111 0.004518176 -0.006579191 0.999968112 28.914209366
0.999987602 -0.001459798 -0.004771292 0.652582645 0.001490806 0.999977767 0.006501795 -0.917606294 0.004761694 -0.006508828 0.999967456 29.459371567
0.999984443 -0.001620628 -0.005364184 0.659855247 0.001657820 0.999974549 0.006936088 -0.928655386 0.005352806 -0.006944872 0.999961555 29.993646622
0.999985933 -0.001248454 -0.005149617 0.667973816 0.001282429 0.999977350 0.006599605 -0.943696856 0.005141262 -0.006606116 0.999964893 30.533521652
0.999985576 -0.001084909 -0.005265153 0.674554586 0.001120767 0.999976158 0.006812382 -0.956759095 0.005257637 -0.006818186 0.999962926 31.073059082
0.999982297 -0.001111182 -0.005833898 0.690117776 0.001153272 0.999973238 0.007216417 -0.978218436 0.005825725 -0.007223018 0.999956906 31.604383469
0.999980628 -0.001362334 -0.006071833 0.706351638 0.001403936 0.999975502 0.006852765 -0.988682806 0.006062348 -0.006861157 0.999958098 32.146301270
0.999979615 -0.001034475 -0.006295977 0.699950933 0.001078956 0.999974430 0.007065752 -0.992222548 0.006288506 -0.007072400 0.999955237 32.658290863
0.999982059 -0.001049330 -0.005897820 0.688819706 0.001092029 0.999973118 0.007241170 -1.010699391 0.005890063 -0.007247480 0.999956429 33.208549500
0.999977648 -0.001007757 -0.006598492 0.695868552 0.001054705 0.999974132 0.007115385 -1.029639482 0.006591151 -0.007122186 0.999952912 33.713249207
0.999978185 -0.000415037 -0.006589869 0.699230611 0.000463346 0.999972999 0.007330997 -1.055315137 0.006586649 -0.007333891 0.999951422 34.239837646
0.999982297 -0.000339758 -0.005936869 0.685402215 0.000377395 0.999979854 0.006339597 -1.041039824 0.005934597 -0.006341726 0.999962270 34.772396088
0.999979258 -0.000065812 -0.006438630 0.701917648 0.000110077 0.999976337 0.006874945 -1.064841986 0.006438027 -0.006875512 0.999955654 35.285385132
0.999979079 0.000065805 -0.006470061 0.702346802 -0.000023140 0.999978364 0.006594110 -1.076916099 0.006470354 -0.006593823 0.999957323 35.831233978
0.999979317 0.000599664 -0.006403640 0.711508751 -0.000558748 0.999979436 0.006389346 -1.091717005 0.006407341 -0.006385635 0.999959052 36.382205963
0.999976277 0.000523497 -0.006866683 0.724260688 -0.000480152 0.999979973 0.006312519 -1.101516008 0.006869850 -0.006309072 0.999956489 36.898094177
0.999977410 0.000329921 -0.006716696 0.717048049 -0.000278540 0.999970675 0.007649297 -1.148400426 0.006719022 -0.007647253 0.999948144 37.359710693
0.999974251 -0.000095049 -0.007168807 0.729749203 0.000146686 0.999974072 0.007202885 -1.148372889 0.007167937 -0.007203751 0.999948323 37.927894592
0.999971271 0.000273881 -0.007571837 0.751040459 -0.000222953 0.999977350 0.006726003 -1.151010633 0.007573507 -0.006724122 0.999948800 38.458610535
0.999971032 -0.000285412 -0.007604083 0.740562677 0.000341409 0.999972820 0.007363743 -1.165642858 0.007601774 -0.007366125 0.999943972 38.944732666
0.999974191 0.000981410 -0.007102453 0.764305472 -0.000934762 0.999977946 0.006568191 -1.154619098 0.007108743 -0.006561383 0.999953270 39.586166382
0.999969184 -0.001119558 -0.007767943 0.769876719 0.001179345 0.999969661 0.007696399 -1.192734122 0.007759091 -0.007705322 0.999940217 40.069435120
0.999969363 -0.000071998 -0.007828300 0.780011535 0.000127931 0.999974489 0.007144797 -1.199906826 0.007827586 -0.007145580 0.999943852 40.599941254
0.999969721 -0.000368900 -0.007775233 0.777372837 0.000425507 0.999973357 0.007279939 -1.212820888 0.007772341 -0.007283026 0.999943256 41.135581970
0.999969780 -0.000204245 -0.007778347 0.788211107 0.000260949 0.999973416 0.007289652 -1.224079370 0.007776652 -0.007291460 0.999943137 41.662235260
0.999970794 0.000128896 -0.007631547 0.786487460 -0.000073611 0.999973774 0.007244106 -1.239731073 0.007632282 -0.007243334 0.999944627 42.181594849
0.999968827 -0.000684020 -0.007865448 0.796227574 0.000746714 0.999967933 0.007970736 -1.264501691 0.007859742 -0.007976362 0.999937296 42.716861725
0.999970675 0.000237296 -0.007654729 0.801902890 -0.000182481 0.999974310 0.007160733 -1.263981462 0.007656232 -0.007159127 0.999944985 43.244163513
0.999969959 -0.000024242 -0.007747263 0.808028817 0.000082561 0.999971688 0.007527435 -1.279618979 0.007746860 -0.007527849 0.999941647 43.766780853
0.999968708 0.000147188 -0.007906927 0.816687822 -0.000089246 0.999973059 0.007327894 -1.286886930 0.007907793 -0.007326960 0.999941885 44.293605804
0.999969006 0.000218518 -0.007868087 0.825412691 -0.000163500 0.999975562 0.006992448 -1.297886968 0.007869423 -0.006990944 0.999944568 44.825923920
0.999969959 0.000289006 -0.007740392 0.829162419 -0.000233775 0.999974489 0.007135387 -1.309833288 0.007742258 -0.007133362 0.999944568 45.355392456
0.999969959 -0.000130914 -0.007749321 0.838536859 0.000185243 0.999975383 0.007010473 -1.324269772 0.007748214 -0.007011698 0.999945402 45.874561310
0.999971926 0.000060941 -0.007487507 0.841654181 -0.000005964 0.999973059 0.007342338 -1.340721607 0.007487752 -0.007342088 0.999944985 46.435085297
0.999967575 0.000549321 -0.008026649 0.845839024 -0.000491985 0.999974370 0.007143453 -1.342027783 0.008030369 -0.007139273 0.999942243 46.942432404
0.999967158 0.000070124 -0.008103744 0.866172791 -0.000008385 0.999970913 0.007618476 -1.360853314 0.008104043 -0.007618158 0.999938130 47.507175446
0.999966085 0.000433379 -0.008222592 0.867173195 -0.000374233 0.999974072 0.007193278 -1.369506717 0.008225497 -0.007189957 0.999940336 48.004272461
0.999962568 0.000300061 -0.008647569 0.879734039 -0.000237059 0.999973416 0.007285633 -1.384276152 0.008649528 -0.007283310 0.999935985 48.526123047
0.999965250 0.000821457 -0.008293930 0.881963372 -0.000760479 0.999972701 0.007352673 -1.396046042 0.008299744 -0.007346111 0.999938548 49.057933807
0.999964237 0.000502677 -0.008443478 0.889839232 -0.000441900 0.999974012 0.007198330 -1.405466080 0.008446877 -0.007194340 0.999938428 49.579860687
0.999963403 0.000630176 -0.008532840 0.896758974 -0.000569695 0.999974728 0.007088630 -1.420884609 0.008537091 -0.007083508 0.999938488 50.110401154
0.999963701 0.000844628 -0.008470045 0.899510622 -0.000785082 0.999974966 0.007031183 -1.426102638 0.008475773 -0.007024278 0.999939382 50.630039215
0.999964416 0.000839589 -0.008390629 0.898763657 -0.000778996 0.999973595 0.007222255 -1.437273383 0.008396471 -0.007215461 0.999938726 51.146255493
0.999964893 0.001008488 -0.008320410 0.903412938 -0.000948818 0.999973834 0.007172335 -1.450822949 0.008327425 -0.007164189 0.999939680 51.663459778
0.999965668 0.001167304 -0.008206664 0.917722523 -0.001108702 0.999973893 0.007141768 -1.460138083 0.008214786 -0.007132423 0.999940813 52.196216583
0.999967337 0.000764010 -0.008051429 0.917621017 -0.000704972 0.999972939 0.007332802 -1.477836847 0.008056814 -0.007326887 0.999940634 52.736145020
0.999969542 0.000737094 -0.007768417 0.905852914 -0.000682028 0.999974668 0.007088688 -1.497179747 0.007773444 -0.007083175 0.999944687 53.227035522
0.999971747 0.002238841 -0.007166419 0.889436007 -0.002183560 0.999967873 0.007712454 -1.511171460 0.007183454 -0.007696587 0.999944627 53.733646393
0.999967277 0.002291388 -0.007751274 0.928139448 -0.002239630 0.999975204 0.006679503 -1.516646385 0.007766388 -0.006661924 0.999947667 54.198440552
0.999969423 0.002338313 -0.007462691 0.918509603 -0.002288800 0.999975383 0.006636366 -1.504504919 0.007478023 -0.006619081 0.999950111 54.926296234
0.999968708 0.002431580 -0.007529413 0.929784954 -0.002374682 0.999968708 0.007556527 -1.550460219 0.007547551 -0.007538410 0.999943137 55.280048370
0.999967813 0.002596435 -0.007591689 0.961632967 -0.002542988 0.999971986 0.007041316 -1.552617550 0.007609759 -0.007021783 0.999946415 55.779003143
0.999967992 0.002643871 -0.007543260 0.967040479 -0.002592393 0.999973476 0.006826025 -1.557305813 0.007561107 -0.006806254 0.999948263 56.183567047
0.999965429 0.003811223 -0.007394345 0.966407299 -0.003763927 0.999972463 0.006399741 -1.567633867 0.007418532 -0.006371688 0.999952197 56.873889923
0.999970317 0.002751349 -0.007200624 0.974008381 -0.002700949 0.999971867 0.006999949 -1.587401986 0.007219680 -0.006980292 0.999949574 57.221553802
0.999969304 0.002418670 -0.007465903 0.988246322 -0.002366420 0.999972641 0.006999396 -1.597820163 0.007482629 -0.006981513 0.999947548 57.749691010
0.999968231 0.002642801 -0.007516699 0.996750832 -0.002590603 0.999972463 0.006945481 -1.608263254 0.007534849 -0.006925788 0.999947608 58.269145966
0.999970794 0.002572326 -0.007194311 1.002916217 -0.002520439 0.999970734 0.007212040 -1.625026107 0.007212652 -0.007193697 0.999948084 58.809276581
0.999968886 0.002587786 -0.007447931 1.018648505 -0.002534065 0.999970794 0.007213455 -1.633944988 0.007466380 -0.007194358 0.999946177 59.319362640
0.999971747 0.003404334 -0.006689175 1.031568289 -0.003356560 0.999968827 0.007140401 -1.649269462 0.006713275 -0.007117747 0.999952137 59.895290375
0.999966621 0.002746176 -0.007690490 1.048272252 -0.002689266 0.999969006 0.007400682 -1.659961820 0.007710574 -0.007379754 0.999943018 60.411174774
0.999963641 0.002692760 -0.008099318 1.094377160 -0.002632060 0.999968469 0.007495780 -1.692078590 0.008119247 -0.007474190 0.999939084 60.940738678
0.999962807 0.002091227 -0.008365043 1.104996920 -0.002035332 0.999975681 0.006684928 -1.682739496 0.008378818 -0.006667654 0.999942660 61.481185913
0.999958515 0.001792202 -0.008927923 1.130212545 -0.001732883 0.999976456 0.006647627 -1.683139324 0.008939627 -0.006631881 0.999938071 61.911159515
0.999959230 0.002410359 -0.008704709 1.161774635 -0.002351505 0.999974430 0.006765077 -1.716716051 0.008720791 -0.006744333 0.999939203 62.465480804
0.999956250 0.002634703 -0.008968793 1.163344145 -0.002566421 0.999967694 0.007616350 -1.742604971 0.008988570 -0.007593000 0.999930739 63.056838989
0.999950707 0.002162084 -0.009685921 1.175441980 -0.002089628 0.999969840 0.007484427 -1.750441670 0.009701812 -0.007463819 0.999925077 63.640720367
0.999955893 0.002795916 -0.008963187 1.223386288 -0.002739646 0.999976516 0.006284039 -1.696893811 0.008980546 -0.006259207 0.999940038 63.991188049
0.999964058 0.003327816 -0.007791060 1.130211234 -0.003271134 0.999968290 0.007276609 -1.796950817 0.007815027 -0.007250863 0.999943197 64.241828918
0.999966860 0.003942995 -0.007125731 1.128500342 -0.003888747 0.999963462 0.007610860 -1.813430905 0.007155479 -0.007582897 0.999945641 64.797821045
0.999964058 0.003731053 -0.007603440 1.134240985 -0.003680238 0.999970913 0.006686219 -1.815069199 0.007628164 -0.006657996 0.999948800 65.332870483
0.999965727 0.003265559 -0.007598146 1.154220343 -0.003210804 0.999968827 0.007207513 -1.860579729 0.007621446 -0.007182870 0.999945164 65.748390198
0.999965727 0.003891881 -0.007299140 1.158058405 -0.003839610 0.999966979 0.007161665 -1.875472784 0.007326771 -0.007133394 0.999947727 66.245132446
0.999965608 0.004131722 -0.007194980 1.174310684 -0.004077587 0.999963462 0.007522453 -1.900463343 0.007225797 -0.007492856 0.999945819 66.775985718
0.999965072 0.003674359 -0.007511436 1.179777265 -0.003613550 0.999960721 0.008093105 -1.917351961 0.007540877 -0.008065677 0.999939084 67.323646545
0.999964118 0.003448102 -0.007737511 1.168586969 -0.003387674 0.999963760 0.007809397 -1.927866220 0.007764158 -0.007782905 0.999939561 67.666252136
0.999963582 0.003147018 -0.007928451 1.180942535 -0.003086259 0.999965847 0.007663915 -1.938986301 0.007952300 -0.007639167 0.999939203 68.161125183
0.999964118 0.003090301 -0.007885132 1.182492733 -0.003029647 0.999965787 0.007692603 -1.949285865 0.007908635 -0.007668439 0.999939322 68.701240540
0.999962807 0.002999597 -0.008083472 1.190548301 -0.002934553 0.999963343 0.008046474 -1.985952616 0.008107309 -0.008022453 0.999934971 69.234832764
0.999963343 0.002648774 -0.008138928 1.202469230 -0.002581744 0.999962687 0.008235204 -2.003585815 0.008160438 -0.008213890 0.999932885 69.743629456
0.999961436 0.002498199 -0.008421944 1.213637590 -0.002426984 0.999961317 0.008455571 -2.021793365 0.008442741 -0.008434804 0.999928772 70.285720825
0.999960899 0.003086390 -0.008291608 1.224925995 -0.003017240 0.999960601 0.008339302 -2.035926342 0.008317020 -0.008313958 0.999930859 70.823898315
0.999961555 0.003132553 -0.008188466 1.223500133 -0.003066702 0.999962986 0.008042052 -2.043524027 0.008213355 -0.008016633 0.999934077 71.364959717
0.999961436 0.002789720 -0.008329293 1.230518579 -0.002725215 0.999966264 0.007745667 -2.054718971 0.008350622 -0.007722668 0.999935329 71.925849915
0.999962568 0.002890173 -0.008155150 1.236041069 -0.002824282 0.999963343 0.008079654 -2.071903229 0.008178203 -0.008056317 0.999934137 72.474426270
0.999961853 0.002528461 -0.008353851 1.256662965 -0.002463214 0.999966443 0.007811463 -2.087117195 0.008373321 -0.007790588 0.999934614 72.999969482
0.999959528 0.002365522 -0.008681684 1.281216621 -0.002297999 0.999967098 0.007779303 -2.104169846 0.008699800 -0.007759038 0.999932051 73.524719238
0.999959946 0.002529476 -0.008593005 1.296872735 -0.002460982 0.999965191 0.007972170 -2.117564440 0.008612871 -0.007950703 0.999931276 74.054946899
0.999957383 0.002125826 -0.008981456 1.303602219 -0.002053782 0.999965668 0.008023053 -2.136234283 0.008998203 -0.008004265 0.999927461 74.598876953
0.999959111 0.002586711 -0.008658970 1.304548979 -0.002520333 0.999967396 0.007668025 -2.141494989 0.008678521 -0.007645889 0.999933124 75.106300354
0.999956667 0.002582086 -0.008945684 1.338275433 -0.002507646 0.999962211 0.008322615 -2.172409296 0.008966833 -0.008299822 0.999925375 75.635086060
0.999956012 0.002528072 -0.009029334 1.351671100 -0.002454645 0.999963880 0.008133896 -2.188306808 0.009049571 -0.008111374 0.999926150 76.186286926
0.999956369 0.002015993 -0.009111522 1.365823746 -0.001941294 0.999964416 0.008199757 -2.200530052 0.009127731 -0.008181712 0.999924839 76.726882935
0.999956012 0.002781433 -0.008957934 1.364522457 -0.002711038 0.999965429 0.007860926 -2.207722187 0.008979489 -0.007836294 0.999928951 77.281822205
0.999957561 0.003002583 -0.008710434 1.375199795 -0.002936945 0.999967277 0.007538529 -2.217730522 0.008732784 -0.007512626 0.999933660 77.848266602
0.999966383 0.002106884 -0.007918309 1.400095940 -0.002042837 0.999965191 0.008087822 -2.237444878 0.007935073 -0.008071376 0.999935865 78.383705139
0.999977231 0.002493919 -0.006262891 1.409001112 -0.002444556 0.999965966 0.007877111 -2.250656843 0.006282323 -0.007861624 0.999949276 78.949493408
0.999983251 0.002773967 -0.005064859 1.420027852 -0.002733559 0.999964476 0.007967790 -2.274468422 0.005086781 -0.007953811 0.999955416 79.505302429
0.999987841 0.002877548 -0.004001715 1.427753210 -0.002843913 0.999960780 0.008385547 -2.289727211 0.004025688 -0.008374065 0.999956846 80.062164307
0.999994278 0.003359883 -0.000508180 1.449717760 -0.003355399 0.999957561 0.008579903 -2.313114643 0.000536986 -0.008578148 0.999963045 80.585922241
0.999993503 0.002722217 0.002361586 1.483507991 -0.002741428 0.999962866 0.008169805 -2.312706947 -0.002339258 -0.008176226 0.999963820 81.139396667
0.999983191 0.002633754 0.005161770 1.510677338 -0.002674326 0.999965429 0.007869166 -2.322028875 -0.005140867 -0.007882838 0.999955654 81.699462891
0.999950767 0.002923474 0.009480499 1.536733747 -0.002999097 0.999963760 0.007972375 -2.337045908 -0.009456849 -0.008000416 0.999923229 82.236808777
0.999888659 0.002529920 0.014698382 1.574910283 -0.002647421 0.999964714 0.007980211 -2.360512733 -0.014677675 -0.008018237 0.999860048 82.753448486
0.999803960 0.000877520 0.019778326 1.629046679 -0.001022293 0.999972820 0.007310863 -2.345087528 -0.019771371 -0.007329649 0.999777675 83.293273926
0.999663472 0.001267854 0.025907837 1.651740789 -0.001473068 0.999967694 0.007903355 -2.385584354 -0.025896976 -0.007938860 0.999633014 84.038772583
0.999386907 0.001642116 0.034971952 1.628800392 -0.001901035 0.999971032 0.007371645 -2.358957529 -0.034958839 -0.007433611 0.999361038 84.500984192
0.999083042 0.001691696 0.042780530 1.739071369 -0.002012177 0.999970257 0.007449334 -2.408938408 -0.042766660 -0.007528586 0.999056637 85.187187195
0.998762190 0.001086930 0.049727391 1.791127205 -0.001461760 0.999970794 0.007501950 -2.413593531 -0.049717791 -0.007565354 0.998734593 85.741348267
0.998275220 0.001555397 0.058686696 1.844556332 -0.001972527 0.999973178 0.007050478 -2.425641060 -0.058674164 -0.007154079 0.998251498 86.271507263
0.997652292 0.000544157 0.068480700 1.916779995 -0.001036499 0.999973893 0.007154165 -2.446289301 -0.068475030 -0.007208349 0.997626781 86.790130615
0.997017562 0.000168136 0.077173710 1.974052429 -0.000719237 0.999974430 0.007113290 -2.453028679 -0.077170551 -0.007147582 0.996992230 87.349502563
0.996375501 0.000218917 0.085063614 2.047351837 -0.000815002 0.999975383 0.006972854 -2.469203234 -0.085060008 -0.007016908 0.996351123 87.893905640
0.995478094 -0.000566734 0.094989918 2.141713142 -0.000109078 0.999974728 0.007109233 -2.490710974 -0.094991527 -0.007087445 0.995452940 88.399345398
0.994435668 -0.001199720 0.105338968 2.230907440 0.000473856 0.999975979 0.006915495 -2.498718739 -0.105344735 -0.006827099 0.994412303 88.971969604
0.993432760 -0.001807652 0.114403211 2.315411568 0.001025216 0.999975681 0.006897747 -2.514352798 -0.114412896 -0.006735159 0.993410468 89.505027771
0.992109537 -0.001809163 0.125360996 2.406182289 0.000958095 0.999976099 0.006848898 -2.523375988 -0.125370383 -0.006674749 0.992087662 90.057228088
0.990492761 -0.001945603 0.137551218 2.503827095 0.001056757 0.999978065 0.006534656 -2.536554337 -0.137560919 -0.006327170 0.990473092 90.597427368
0.988926947 -0.002433490 0.148382634 2.612393379 0.001502095 0.999978423 0.006388721 -2.548918486 -0.148394987 -0.006095094 0.988909304 91.153678894
0.987418592 -0.002568375 0.158107325 2.716053009 0.001582670 0.999978542 0.006359995 -2.556410313 -0.158120289 -0.006029747 0.987401426 91.705497742
0.985438585 -0.003041038 0.170004651 2.835095406 0.002021799 0.999978900 0.006168155 -2.568855524 -0.170019805 -0.005734622 0.985423982 92.240257263
0.983184457 -0.003312256 0.182584882 2.958444595 0.002240915 0.999979019 0.006073635 -2.579960823 -0.182601169 -0.005562347 0.983171284 92.780128479
0.981171429 -0.003712583 0.193103343 3.086657524 0.002666884 0.999980330 0.005674890 -2.586715698 -0.193120599 -0.005053056 0.981162012 93.317771912
0.978514850 -0.003894347 0.206139520 3.228678703 0.002769305 0.999979675 0.005745922 -2.604126453 -0.206157699 -0.005051606 0.978505731 93.862121582
0.975626528 -0.004563701 0.219390243 3.375217438 0.003390989 0.999977887 0.005721593 -2.612870932 -0.219411507 -0.004838188 0.975620389 94.397140503
0.972917616 -0.004520317 0.231108293 3.526199341 0.003260510 0.999977648 0.005832803 -2.631831408 -0.231129497 -0.004921305 0.972910523 94.925094604
0.970016003 -0.005558466 0.242977411 3.700664520 0.004222462 0.999972999 0.006018913 -2.649792194 -0.243004307 -0.004812478 0.970013261 95.459045410
0.966585279 -0.006443772 0.256264359 3.877920151 0.005029499 0.999968290 0.006173814 -2.663502216 -0.256296009 -0.004678635 0.966587007 95.980079651
0.963114262 -0.006499696 0.269014150 4.053094864 0.005070123 0.999969125 0.006008550 -2.680068970 -0.269044936 -0.004422985 0.963117421 96.506050110
0.959913790 -0.006965368 0.280208945 4.237968445 0.005373886 0.999964714 0.006447528 -2.698125601 -0.280243933 -0.004683259 0.959917367 97.017631531
0.955750525 -0.006920655 0.294096947 4.429777145 0.005240359 0.999965131 0.006501044 -2.707892179 -0.294131666 -0.004672202 0.955753446 97.547103882
0.951432288 -0.007584901 0.307764411 4.634748459 0.005728154 0.999959528 0.006935967 -2.724919319 -0.307804585 -0.004836181 0.951437294 98.063812256
0.947578073 -0.007887699 0.319426924 4.831008911 0.006007905 0.999958336 0.006869838 -2.730717897 -0.319467813 -0.004590621 0.947586000 98.595123291
0.943198323 -0.007740259 0.332139999 5.035408020 0.005656941 0.999957919 0.007238862 -2.749267817 -0.332182020 -0.004948787 0.943202317 99.107620239
0.938157141 -0.008062202 0.346115887 5.251211166 0.005868389 0.999955475 0.007385886 -2.761641026 -0.346160024 -0.004897978 0.938162684 99.623123169
0.933508635 -0.008317649 0.358458400 5.467872620 0.006020005 0.999953568 0.007525383 -2.771967173 -0.358504295 -0.004867089 0.933515370 100.125106812
0.928908467 -0.008563805 0.370210350 5.691114426 0.006238970 0.999952614 0.007476742 -2.783973217 -0.370256811 -0.004635478 0.928917885 100.632148743
0.923220217 -0.008997201 0.384165943 5.936330795 0.006620193 0.999949872 0.007509397 -2.790150642 -0.384214193 -0.004389574 0.923233509 101.146636963
0.917949855 -0.009918704 0.396572232 6.179130554 0.007504486 0.999942660 0.007638941 -2.799959898 -0.396625280 -0.004036095 0.917971730 101.635818481
0.913325489 -0.010424265 0.407096952 6.429138184 0.008196903 0.999940395 0.007214993 -2.806799412 -0.407147825 -0.003252702 0.913356483 102.140701294
0.908014953 -0.011143174 0.418789566 6.690681458 0.008844543 0.999933243 0.007429636 -2.820551634 -0.418844432 -0.003042217 0.908052921 102.625129700
0.901622593 -0.011375725 0.432374060 6.946334839 0.009088404 0.999931574 0.007356219 -2.832052708 -0.432428181 -0.002702943 0.901664317 103.098098755
0.895976722 -0.012228120 0.443932712 7.222076416 0.010000280 0.999922931 0.007359581 -2.840893507 -0.443988442 -0.002154560 0.896029890 103.587738037
0.890286803 -0.012678068 0.455223769 7.490016937 0.010380443 0.999917626 0.007546737 -2.849593163 -0.455281943 -0.001993337 0.890345097 104.069778442
0.883329511 -0.012754583 0.468579024 7.778205872 0.010451045 0.999917090 0.007515937 -2.862471104 -0.468636066 -0.001741908 0.883389592 104.542106628
