1.000000000 0.000000000 0.000000000 0.000000000 0.000000000 1.000000000 0.000000000 0.000000000 0.000000000 0.000000000 1.000000000 0.000000000
1.000000000 -0.000016743 -0.000010542 0.000231540 0.000016745 1.000000000 0.000178551 -0.001043645 0.000010539 -0.000178551 1.000000000 -0.000313079
1.000000000 0.000139234 -0.000109458 0.000854685 -0.000139229 1.000000000 0.000038710 -0.000019538 0.000109464 -0.000038695 1.000000000 -0.000890408
1.000000000 0.000150176 0.000007015 -0.000179194 -0.000150176 1.000000000 0.000039047 -0.000089975 -0.000007009 -0.000039048 1.000000000 0.001937892
1.000000000 -0.000011666 -0.000055536 0.000174841 0.000011669 1.000000000 0.000046960 -0.000812363 0.000055536 -0.000046961 1.000000000 -0.001338923
1.000000000 -0.000055058 -0.000148846 0.000923246 0.000055070 1.000000000 0.000083162 -0.001198057 0.000148842 -0.000083170 1.000000000 -0.001862972
1.000000000 -0.000057644 -0.000042952 0.001091190 0.000057644 1.000000000 -0.000022351 -0.000108162 0.000042953 0.000022349 1.000000000 -0.000715338
1.000000000 0.000072534 0.000035861 0.000217079 -0.000072537 1.000000000 0.000058021 -0.000176445 -0.000035857 -0.000058023 1.000000000 -0.000230289
1.000000000 0.000103877 -0.000044077 0.000506207 -0.000103875 1.000000000 0.000057601 -0.000025094 0.000044083 -0.000057596 1.000000000 -0.000620885
1.000000000 -0.000130598 -0.000054185 0.001326616 0.000130600 1.000000000 0.000038421 0.000654625 0.000054180 -0.000038428 1.000000000 0.001619831
1.000000000 0.000134759 0.000004048 0.000451557 -0.000134759 1.000000000 0.000072821 -0.000345190 -0.000004038 -0.000072822 1.000000000 -0.000042510
1.000000000 0.000126067 0.000035836 0.000218864 -0.000126072 1.000000000 0.000146288 -0.000450720 -0.000035817 -0.000146292 1.000000000 0.000981111
1.000000000 -0.000134133 -0.000109059 0.001137771 0.000134131 1.000000000 -0.000020241 0.000114140 0.000109062 0.000020226 1.000000000 -0.002003741
1.000000000 -0.000043927 0.000064680 0.000195317 0.000043918 1.000000000 0.000142585 -0.000778055 -0.000064687 -0.000142582 1.000000000 0.000264783
1.000000000 -0.000082879 -0.000039589 0.000782762 0.000082878 1.000000000 -0.000036877 0.000712088 0.000039592 0.000036874 1.000000000 0.000029416
1.000000000 -0.000102809 -0.000154502 0.000559272 0.000102835 1.000000000 0.000171079 -0.001761167 0.000154484 -0.000171095 1.000000000 -0.002803593
1.000000000 -0.000090072 0.000072692 -0.000115769 0.000090073 1.000000000 -0.000003012 0.000025045 -0.000072692 0.000003019 1.000000000 0.001255848
1.000000000 0.000034655 -0.000095519 0.000218883 -0.000034658 1.000000000 -0.000034374 0.000095404 0.000095517 0.000034377 1.000000000 -0.000268831
1.000000000 -0.000033904 -0.000038523 0.000477112 0.000033905 1.000000000 0.000037192 -0.000312200 0.000038522 -0.000037193 1.000000000 -0.000813521
1.000000000 -0.000123252 -0.000112085 0.001283954 0.000123263 1.000000000 0.000097891 -0.000483932 0.000112073 -0.000097904 1.000000000 0.000128250
1.000000000 0.000103137 0.000000157 0.000255962 -0.000103137 1.000000000 -0.000045850 0.000284101 -0.000000162 0.000045850 1.000000000 -0.000902345
1.000000000 0.000057216 -0.000046074 0.000353185 -0.000057211 1.000000000 0.000117604 0.000113978 0.000046081 -0.000117601 1.000000000 0.000368896
1.000000000 -0.000013235 0.000004539 0.000729503 0.000013234 1.000000000 0.000164624 -0.000455841 -0.000004541 -0.000164624 1.000000000 0.001034562
1.000000000 0.000103060 -0.000047442 0.000833819 -0.000103052 1.000000000 0.000169902 -0.000201406 0.000047460 -0.000169897 1.000000000 -0.000158632
1.000000000 -0.000020801 -0.000127627 0.001449290 0.000020826 1.000000000 0.000193113 -0.000644969 0.000127623 -0.000193116 1.000000000 0.000169709
1.000000000 0.000059354 -0.000100405 0.000734106 -0.000059358 1.000000000 -0.000042385 0.000966494 0.000100403 0.000042391 1.000000000 -0.002014818
1.000000000 0.000155413 -0.000143782 0.000858416 -0.000155427 1.000000000 -0.000093861 0.000736334 0.000143767 0.000093883 1.000000000 -0.000034577
1.000000000 0.000210273 -0.000051913 0.000218826 -0.000210270 1.000000000 0.000043766 -0.000612172 0.000051922 -0.000043755 1.000000000 -0.001396163
1.000000000 -0.000081050 -0.000042421 0.000461549 0.000081056 1.000000000 0.000151988 -0.000303212 0.000042408 -0.000151991 1.000000000 -0.000170667
1.000000000 0.000080726 -0.000129720 0.000751163 -0.000080728 1.000000000 -0.000016459 0.000134526 0.000129719 0.000016470 1.000000000 -0.001487008
1.000000000 0.000079298 -0.000153453 0.001393632 -0.000079277 1.000000000 0.000136956 0.000037207 0.000153463 -0.000136944 1.000000000 -0.001031627
1.000000000 -0.000056275 -0.000165536 0.001655665 0.000056281 1.000000000 0.000038292 0.000128562 0.000165533 -0.000038302 1.000000000 0.000470435
1.000000000 -0.000162693 -0.000027907 0.000330481 0.000162693 1.000000000 0.000013119 0.000009903 0.000027905 -0.000013123 1.000000000 0.000568404
1.000000000 -0.000153533 -0.000135743 0.001608093 0.000153526 1.000000000 -0.000051479 0.000882730 0.000135751 0.000051458 1.000000000 0.000109775
1.000000000 -0.000043863 -0.000025815 0.000209318 0.000043861 1.000000000 -0.000080774 0.001033258 0.000025818 0.000080773 1.000000000 0.000839658
1.000000000 -0.000155845 -0.000061301 0.000798437 0.000155845 1.000000000 -0.000001500 0.000803750 0.000061301 0.000001491 1.000000000 -0.000435068
1.000000000 -0.000038579 0.000005263 0.000252474 0.000038578 1.000000000 0.000107767 -0.000018119 -0.000005267 -0.000107767 1.000000000 0.000556400
1.000000000 -0.000070264 -0.000074144 0.001130795 0.000070272 1.000000000 0.000101312 0.000403851 0.000074137 -0.000101317 1.000000000 0.000906822
1.000000000 -0.000040251 -0.000081305 0.000996188 0.000040249 1.000000000 -0.000025334 0.001217475 0.000081306 0.000025330 1.000000000 0.000784585
1.000000000 -0.000228834 -0.000053210 0.001795223 0.000228833 1.000000000 -0.000027222 -0.000250277 0.000053216 0.000027209 1.000000000 -0.000165136
1.000000000 -0.000184101 0.000062774 0.000226602 0.000184132 0.999999881 -0.000498121 -0.002401771 -0.000062682 0.000498133 0.999999881 0.052615441
1.000000000 -0.000045727 -0.000069633 0.003003077 0.000045650 0.999999404 -0.001103316 -0.005162648 0.000069683 0.001103313 0.999999404 0.136520192
0.999999940 0.000311773 -0.000002549 0.004059094 -0.000311776 0.999999285 -0.001149055 -0.007621637 0.000002191 0.001149055 0.999999344 0.255247980
0.999999940 -0.000262813 -0.000296698 0.008062669 0.000262490 0.999999344 -0.001088550 -0.014108487 0.000296984 0.001088472 0.999999344 0.382978708
0.999999940 -0.000239046 -0.000239948 0.010301012 0.000238848 0.999999642 -0.000823011 -0.019265331 0.000240145 0.000822954 0.999999642 0.531979382
0.999999940 0.000260692 -0.000172618 0.011601879 -0.000260878 0.999999404 -0.001079898 -0.022592150 0.000172336 0.001079943 0.999999404 0.677945435
0.999999940 -0.000181221 -0.000270154 0.019153038 0.000180965 0.999999523 -0.000947280 -0.024225289 0.000270325 0.000947231 0.999999523 0.846386313
0.999999702 -0.000739514 0.000196271 0.017297247 0.000739671 0.999999404 -0.000798927 -0.027745930 -0.000195680 0.000799072 0.999999642 1.011069417
0.999999940 0.000174490 0.000226607 0.017188581 -0.000174397 0.999999881 -0.000413027 -0.035846140 -0.000226679 0.000412987 0.999999881 1.189038038
0.999999940 0.000243360 0.000207561 0.022975700 -0.000243238 0.999999821 -0.000590176 -0.034934267 -0.000207705 0.000590126 0.999999821 1.382197499
0.999999940 0.000206739 0.000316558 0.028388284 -0.000206501 0.999999702 -0.000753658 -0.042822074 -0.000316713 0.000753593 0.999999642 1.577423573
0.999999642 -0.000064465 0.000816554 0.026401192 0.000064939 0.999999821 -0.000580186 -0.045867614 -0.000816516 0.000580239 0.999999523 1.774370790
0.999998629 -0.001154959 -0.001118685 0.055480182 0.001156123 0.999998808 0.001040646 -0.073352531 0.001117482 -0.001041938 0.999998808 1.920270920
0.999999225 -0.001112613 -0.000460339 0.054743897 0.001113070 0.999998927 0.000995190 -0.079376183 0.000459231 -0.000995702 0.999999344 2.120659590
0.999999106 -0.000839412 -0.001049419 0.066068158 0.000840472 0.999999166 0.001010439 -0.084322222 0.001048570 -0.001011321 0.999998927 2.342073202
0.999998987 -0.000838371 -0.001146092 0.072747290 0.000839397 0.999999285 0.000895442 -0.086208656 0.001145341 -0.000896404 0.999998927 2.562453747
0.999999166 -0.000810057 -0.001021022 0.076462999 0.000811346 0.999998868 0.001262596 -0.098604850 0.001019998 -0.001263423 0.999998689 2.779108286
0.999999225 -0.000733595 -0.001043628 0.081055865 0.000735140 0.999998629 0.001481424 -0.107599549 0.001042540 -0.001482190 0.999998391 3.006417751
0.999998331 -0.001662366 -0.000812313 0.085880108 0.001663192 0.999998093 0.001016526 -0.109014221 0.000810621 -0.001017876 0.999999225 3.247049570
0.999998510 -0.001385306 -0.001063453 0.096890323 0.001386554 0.999998391 0.001173554 -0.117543802 0.001061826 -0.001175027 0.999998748 3.491512537
0.999998808 -0.001016138 -0.001110322 0.096213952 0.001017536 0.999998689 0.001259904 -0.123353042 0.001109040 -0.001261032 0.999998569 3.735110760
0.999998987 -0.000935516 -0.000983451 0.102350853 0.000936709 0.999998808 0.001212849 -0.128965467 0.000982315 -0.001213769 0.999998748 3.996981621
0.999999046 -0.000984386 -0.001003191 0.104513362 0.000986135 0.999998033 0.001744219 -0.138187021 0.001001472 -0.001745207 0.999997973 4.252101421
0.999999225 -0.000839957 -0.000912593 0.110639513 0.000841441 0.999998271 0.001627152 -0.143655017 0.000911225 -0.001627919 0.999998271 4.502841473
0.999999285 -0.000926979 -0.000750472 0.113156199 0.000928030 0.999998569 0.001401546 -0.148288965 0.000749172 -0.001402241 0.999998748 4.738888741
0.999998808 -0.001024389 -0.001168662 0.123165153 0.001026149 0.999998331 0.001506310 -0.157478571 0.001167117 -0.001507507 0.999998212 4.995378494
0.999999404 -0.000555053 -0.000947003 0.125118509 0.000556429 0.999998748 0.001453126 -0.163075700 0.000946195 -0.001453652 0.999998450 5.261555672
0.999999642 -0.000167072 -0.000792778 0.129863173 0.000168358 0.999998689 0.001622890 -0.172208652 0.000792506 -0.001623023 0.999998391 5.527330875
0.999998331 -0.001432425 -0.001045928 0.139653310 0.001434314 0.999997318 0.001807454 -0.182628065 0.001043336 -0.001808951 0.999997854 5.789278984
0.999998271 -0.001332915 -0.001305360 0.146695822 0.001335534 0.999997079 0.002007534 -0.191220894 0.001302680 -0.002009274 0.999997139 6.069178581
0.999997973 -0.001104881 -0.001665688 0.152530327 0.001108256 0.999997258 0.002026337 -0.197647840 0.001663444 -0.002028179 0.999996603 6.359150887
0.999999106 -0.000877276 -0.001042705 0.152110800 0.000878725 0.999998629 0.001389409 -0.201231435 0.001041485 -0.001390324 0.999998569 6.637597084
0.999997377 -0.001891798 -0.001285975 0.167257220 0.001894246 0.999996305 0.001904957 -0.216907427 0.001282366 -0.001907388 0.999997377 6.933786392
0.999997735 -0.001567286 -0.001452870 0.173201814 0.001570549 0.999996185 0.002247943 -0.223244667 0.001449342 -0.002250219 0.999996424 7.205975533
0.999996901 -0.001935899 -0.001569881 0.181552619 0.001939889 0.999994874 0.002543677 -0.235146165 0.001564948 -0.002546715 0.999995589 7.513461113
0.999998450 -0.001445158 -0.001044345 0.185515821 0.001447367 0.999996722 0.002117633 -0.239352569 0.001041281 -0.002119142 0.999997258 7.833876133
0.999998391 -0.001570474 -0.000936532 0.186402112 0.001572733 0.999995887 0.002415987 -0.248099461 0.000932734 -0.002417456 0.999996662 8.157880783
0.999997973 -0.001842758 -0.000876702 0.195106670 0.001844367 0.999996662 0.001837506 -0.252385080 0.000873313 -0.001839119 0.999997973 8.469984055
0.999998331 -0.001550173 -0.000933999 0.203050926 0.001552617 0.999995291 0.002621890 -0.271786094 0.000929931 -0.002623336 0.999996126 8.774000168
0.999998450 -0.001645910 -0.000708031 0.208556965 0.001647647 0.999995649 0.002460513 -0.280878216 0.000703978 -0.002461676 0.999996722 9.109563828
0.999999762 -0.000760452 -0.000391419 0.213474378 0.000761491 0.999996126 0.002660095 -0.291017443 0.000389395 -0.002660392 0.999996424 9.458621979
0.999999285 -0.001055016 -0.000584992 0.221234828 0.001056342 0.999996781 0.002270737 -0.293601185 0.000582595 -0.002271353 0.999997258 9.807332993
0.999998510 -0.001412885 -0.001013311 0.229458243 0.001415855 0.999994695 0.002936488 -0.313429892 0.001009157 -0.002937918 0.999995112 10.136194229
0.999998748 -0.001324258 -0.000887619 0.236445904 0.001327251 0.999993443 0.003380769 -0.326787263 0.000883136 -0.003381943 0.999993861 10.484285355
0.999998868 -0.001379534 -0.000742213 0.242874816 0.001382080 0.999993145 0.003440899 -0.334061861 0.000737461 -0.003441921 0.999993801 10.853451729
0.999999702 -0.000800571 0.000164302 0.238968357 0.000800008 0.999993920 0.003400486 -0.340268731 -0.000167023 -0.003400354 0.999994159 11.249320984
0.999997675 -0.001620261 -0.001367119 0.262145102 0.001624400 0.999994099 0.003032674 -0.347306311 0.001362196 -0.003034888 0.999994457 11.601910591
0.999995887 -0.002474382 -0.001453799 0.270497084 0.002477909 0.999993980 0.002429221 -0.355146259 0.001447779 -0.002432813 0.999996006 11.986853600
0.999995530 -0.002651962 -0.001368512 0.284747452 0.002656506 0.999991000 0.003328994 -0.372662783 0.001359671 -0.003332614 0.999993563 12.376332283
0.999995053 -0.002658253 -0.001687673 0.298254818 0.002663332 0.999991953 0.003014086 -0.377920270 0.001679647 -0.003018566 0.999994099 12.771588326
0.999998391 -0.001609703 -0.000683366 0.287600726 0.001611858 0.999993622 0.003164740 -0.393690914 0.000678268 -0.003165836 0.999994755 13.128380775
0.999998987 -0.001402257 -0.000308792 0.292978793 0.001403260 0.999993682 0.003271951 -0.402168959 0.000304201 -0.003272381 0.999994636 13.548295975
0.999999583 -0.000662610 0.000627295 0.292461425 0.000660474 0.999994040 0.003400221 -0.412898153 -0.000629545 -0.003399805 0.999994099 13.963035583
0.999998212 -0.001851922 -0.000372950 0.312299490 0.001853220 0.999992073 0.003508151 -0.427038759 0.000366450 -0.003508836 0.999993801 14.368371010
0.999998271 -0.001824909 0.000396630 0.322400630 0.001823451 0.999991715 0.003643970 -0.434451938 -0.000403277 -0.003643241 0.999993324 14.794872284
0.999998331 -0.001840950 -0.000057261 0.333138645 0.001841135 0.999992609 0.003414496 -0.449677646 0.000050975 -0.003414596 0.999994159 15.218883514
0.999998689 -0.001632042 0.000175280 0.340658337 0.001631529 0.999994516 0.002887734 -0.459801763 -0.000179991 -0.002887445 0.999995768 15.655112267
0.999997616 -0.002108366 0.000705847 0.352637053 0.002106147 0.999992907 0.003129914 -0.473221987 -0.000712441 -0.003128420 0.999994874 16.098903656
0.999997973 -0.001929670 0.000543444 0.364789844 0.001927697 0.999991655 0.003607357 -0.485286921 -0.000550401 -0.003606302 0.999993265 16.537866592
0.999997318 -0.002225737 0.000595054 0.372449994 0.002223544 0.999990821 0.003662170 -0.497863889 -0.000603199 -0.003660837 0.999993086 16.996751785
0.999997914 -0.001801920 0.000972553 0.387727052 0.001797946 0.999990046 0.004072415 -0.508895814 -0.000979882 -0.004070658 0.999991238 17.454030991
0.999997258 -0.001978390 0.001252549 0.398608088 0.001973017 0.999988914 0.004275859 -0.524232388 -0.001260995 -0.004273376 0.999990046 17.931470871
0.999996841 -0.002089807 0.001474970 0.409435868 0.002083156 0.999987721 0.004496586 -0.536713421 -0.001484349 -0.004493498 0.999988794 18.355440140
0.999996543 -0.001869760 0.001871125 0.417885393 0.001861175 0.999987841 0.004579302 -0.546461463 -0.001879664 -0.004575803 0.999987781 18.826686859
0.999995470 -0.002635530 0.001473114 0.440132439 0.002629778 0.999988914 0.003893632 -0.553372979 -0.001483359 -0.003889741 0.999991357 19.307741165
0.999997795 -0.001137201 0.001772866 0.438487828 0.001128992 0.999988616 0.004624531 -0.571979582 -0.001778105 -0.004622519 0.999987721 19.803087234
0.999997199 -0.001875064 0.001525243 0.455722541 0.001868273 0.999988377 0.004442084 -0.585028291 -0.001533556 -0.004439221 0.999988973 20.288156509
0.999996781 -0.002332057 0.001084498 0.465693444 0.002327634 0.999989033 0.004061987 -0.587944508 -0.001093959 -0.004059449 0.999991179 20.795764923
0.999998808 -0.001410374 0.000786757 0.472399712 0.001407572 0.999992728 0.003550873 -0.598052919 -0.000791758 -0.003549760 0.999993384 21.300973892
0.999997735 -0.002050618 0.000710752 0.473868698 0.002046862 0.999984145 0.005246365 -0.628337145 -0.000721498 -0.005244898 0.999985993 21.759860992
0.999997973 -0.001829719 0.000917106 0.479375869 0.001824730 0.999983788 0.005411304 -0.637678683 -0.000926992 -0.005409619 0.999984920 22.267879486
0.999999583 -0.000608604 0.000616780 0.480013669 0.000605296 0.999985576 0.005349383 -0.656953096 -0.000620027 -0.005349008 0.999985516 22.787864685
0.999998331 -0.001778341 -0.000613682 0.498576403 0.001781382 0.999985933 0.004991352 -0.664956808 0.000604797 -0.004992436 0.999987364 23.300916672
0.999995768 -0.002620360 -0.001245834 0.508335054 0.002626040 0.999985993 0.004579183 -0.675416768 0.001233818 -0.004582435 0.999988794 23.825614929
0.999996364 -0.002054156 -0.001760412 0.517323852 0.002062725 0.999985933 0.004879574 -0.685526788 0.001750364 -0.004883187 0.999986589 24.346969604
0.999995053 -0.001621432 -0.002673346 0.530726552 0.001634628 0.999986470 0.004941236 -0.701542616 0.002665298 -0.004945582 0.999984205 24.881868362
0.999994874 -0.001239077 -0.002940835 0.534487724 0.001254088 0.999986172 0.005107936 -0.714639485 0.002934465 -0.005111598 0.999982655 25.421924591
0.999994338 -0.001343536 -0.003088003 0.538721383 0.001358760 0.999986947 0.004933064 -0.725362957 0.003081335 -0.004937232 0.999983013 25.974193573
0.999984682 -0.003036703 -0.004630130 0.555268645 0.003063253 0.999978781 0.005737829 -0.741385996 0.004612608 -0.005751925 0.999972820 26.510658264
0.999985278 -0.002950428 -0.004552564 0.557486832 0.002976272 0.999979436 0.005680605 -0.754819512 0.004535711 -0.005694071 0.999973536 27.070064545
0.999984205 -0.002508332 -0.005028344 0.563140035 0.002533979 0.999983728 0.005100484 -0.763500810 0.005015469 -0.005113146 0.999974370 27.646141052
0.999985099 -0.001359821 -0.005298915 0.578432858 0.001388752 0.999984145 0.005460033 -0.778183877 0.005291407 -0.005467311 0.999971032 28.180326462
0.999978483 -0.002738776 -0.005959793 0.580507636 0.002772188 0.999980450 0.005605212 -0.793440282 0.005944325 -0.005621613 0.999966502 28.675052643
0.999977052 -0.002241398 -0.006391303 0.587719798 0.002277993 0.999981046 0.005724336 -0.805368662 0.006378351 -0.005738764 0.999963224 29.226198196
0.999979973 -0.002254314 -0.005911937 0.586890101 0.002287890 0.999981284 0.005678743 -0.816818714 0.005899025 -0.005692155 0.999966383 29.783664703
0.999974549 -0.002045873 -0.006841811 0.618428946 0.002090221 0.999976754 0.006481037 -0.840000272 0.006828394 -0.006495174 0.999955475 30.292966843
0.999976397 -0.001574206 -0.006685005 0.596319735 0.001614001 0.999980986 0.005951677 -0.846293449 0.006675509 -0.005962326 0.999959946 30.835401535
0.999974608 -0.002333916 -0.006730727 0.603417635 0.002373407 0.999979973 0.005865189 -0.856599033 0.006716904 -0.005881014 0.999960184 31.385969162
0.999962986 -0.003525186 -0.007841780 0.622747302 0.003574759 0.999973655 0.006316570 -0.870589256 0.007819306 -0.006344370 0.999949276 31.931507111
0.999969244 -0.002487725 -0.007436577 0.617090821 0.002535940 0.999975801 0.006481116 -0.891158938 0.007420274 -0.006499775 0.999951363 32.447475433
0.999967217 -0.002299889 -0.007770281 0.623683453 0.002351316 0.999975324 0.006615722 -0.903548598 0.007754874 -0.006633775 0.999947965 33.003692627
0.999961853 -0.002722854 -0.008291474 0.641658902 0.002779702 0.999972641 0.006852338 -0.915008545 0.008272589 -0.006875125 0.999942124 33.555118561
0.999961793 -0.002819927 -0.008264896 0.637023449 0.002871532 0.999976397 0.006238764 -0.924847484 0.008247107 -0.006262259 0.999946356 34.079635620
0.999956369 -0.002715879 -0.008931976 0.648617268 0.002766517 0.999980092 0.005661876 -0.932385385 0.008916422 -0.005686341 0.999944031 34.640960693
0.999956310 -0.002966300 -0.008862947 0.656380296 0.003011474 0.999982476 0.005087890 -0.936657488 0.008847700 -0.005114358 0.999947727 35.191951752
0.999956429 -0.003165375 -0.008779828 0.658147931 0.003219540 0.999975860 0.006162085 -0.959939003 0.008760110 -0.006190084 0.999942422 35.710006714
0.999955952 -0.003331067 -0.008772896 0.665019214 0.003383799 0.999976277 0.006002834 -0.968868852 0.008752692 -0.006032256 0.999943495 36.261730194
0.999949336 -0.003461038 -0.009454397 0.676621556 0.003515069 0.999977529 0.005704211 -0.979278266 0.009434443 -0.005737155 0.999939024 36.805908203
0.999956369 -0.002275715 -0.009060792 0.673037648 0.002335290 0.999975622 0.006569784 -1.002422690 0.009045621 -0.006590656 0.999937296 37.344215393
0.999955356 -0.002633726 -0.009077169 0.675668359 0.002692750 0.999975324 0.006496369 -1.011891007 0.009059835 -0.006520522 0.999937654 37.892032623
0.999951899 -0.002203689 -0.009559712 0.687904119 0.002272530 0.999971509 0.007196237 -1.030349970 0.009543583 -0.007217615 0.999928415 38.429775238
0.999947488 -0.002677599 -0.009893972 0.696559727 0.002746359 0.999972105 0.006942687 -1.039231300 0.009875108 -0.006969494 0.999926925 38.964153290
0.999942899 -0.002675835 -0.010347958 0.710924029 0.002751934 0.999969244 0.007346785 -1.058626533 0.010327982 -0.007374843 0.999919474 39.493682861
0.999939263 -0.002970843 -0.010611173 0.720553160 0.003055732 0.999963343 0.007992724 -1.079172134 0.010587040 -0.008024665 0.999911785 40.038589478
0.999937057 -0.003354718 -0.010704222 0.724588513 0.003435117 0.999965966 0.007501375 -1.084246278 0.010678692 -0.007537674 0.999914527 40.601181030
0.999933243 -0.002749772 -0.011215458 0.731745958 0.002829276 0.999970913 0.007079072 -1.086917162 0.011195665 -0.007110332 0.999912024 41.145076752
0.999930739 -0.003077858 -0.011361783 0.743193388 0.003155057 0.999971986 0.006782989 -1.100155354 0.011340588 -0.006818366 0.999912500 41.686790466
0.999932528 -0.003043778 -0.011208897 0.745263696 0.003123107 0.999970198 0.007066582 -1.109393358 0.011187054 -0.007101112 0.999912262 42.225460052
0.999931991 -0.003147229 -0.011232411 0.738317013 0.003231335 0.999966800 0.007477487 -1.126396656 0.011208506 -0.007513275 0.999908924 42.766201019
0.999936759 -0.002744188 -0.010905650 0.741094470 0.002833605 0.999962389 0.008192209 -1.141070247 0.010882759 -0.008222594 0.999907017 43.319213867
0.999937832 -0.002955355 -0.010755599 0.733377457 0.003048750 0.999957740 0.008677408 -1.157985687 0.010729499 -0.008709659 0.999904513 43.849308014
0.999930143 -0.003224286 -0.011364846 0.747258127 0.003315334 0.999962509 0.008001676 -1.169067502 0.011338620 -0.008038796 0.999903321 44.404212952
0.999939620 -0.002971757 -0.010578845 0.747085214 0.003052067 0.999966621 0.007583588 -1.179498315 0.010555956 -0.007615417 0.999915242 44.953426361
0.999926865 -0.004064836 -0.011389797 0.762693107 0.004156044 0.999959409 0.007995631 -1.188523531 0.011356832 -0.008042382 0.999903142 45.506027222
0.999924839 -0.004043748 -0.011572546 0.769400656 0.004139467 0.999957383 0.008259284 -1.204012990 0.011538653 -0.008306568 0.999898911 46.036411285
0.999916315 -0.004309262 -0.012196916 0.783906937 0.004413165 0.999954104 0.008504644 -1.216660380 0.012159708 -0.008557760 0.999889314 46.575149536
0.999928415 -0.003910143 -0.011307016 0.771775424 0.004002202 0.999958932 0.008130653 -1.220482945 0.011274758 -0.008175324 0.999903023 47.124626160
0.999926448 -0.003388939 -0.011643664 0.787716329 0.003483009 0.999961376 0.008068344 -1.229846716 0.011615872 -0.008108305 0.999899685 47.662586212
0.999927580 -0.003076480 -0.011631032 0.789244592 0.003168233 0.999963939 0.007878457 -1.234547257 0.011606375 -0.007914736 0.999901354 48.230838776
0.999927104 -0.003756833 -0.011474866 0.788172901 0.003846255 0.999962330 0.007780761 -1.245822668 0.011445203 -0.007824329 0.999903917 48.768901825
0.999920189 -0.003969251 -0.012000080 0.798495471 0.004060646 0.999962807 0.007601508 -1.253930449 0.011969463 -0.007649630 0.999899149 49.316104889
0.999921262 -0.004623485 -0.011663624 0.795268953 0.004708190 0.999962628 0.007245388 -1.255695462 0.011629690 -0.007299732 0.999905765 49.888442993
0.999932349 -0.003473473 -0.011100242 0.789474905 0.003559852 0.999963403 0.007771458 -1.284229636 0.011072842 -0.007810447 0.999908209 50.401165009
0.999929130 -0.003949311 -0.011233015 0.798313975 0.004042101 0.999957800 0.008249817 -1.299963713 0.011199959 -0.008294637 0.999902904 50.951202393
0.999929786 -0.004119220 -0.011106335 0.805758417 0.004208292 0.999959052 0.008008527 -1.304933310 0.011072890 -0.008054704 0.999906242 51.481914520
0.999926150 -0.004382360 -0.011336914 0.808712959 0.004471845 0.999958932 0.007879959 -1.317214131 0.011301915 -0.007930075 0.999904633 52.017536163
0.999933124 -0.004321956 -0.010729282 0.806803346 0.004408771 0.999957621 0.008080928 -1.324449539 0.010693902 -0.008127688 0.999909759 52.561843872
0.999928415 -0.004113657 -0.011236705 0.815053463 0.004204980 0.999958217 0.008115691 -1.342423677 0.011202851 -0.008162361 0.999903917 53.105224609
0.999926329 -0.004295328 -0.011357536 0.824619114 0.004384593 0.999959648 0.007846369 -1.348075628 0.011323374 -0.007895590 0.999904752 53.652515411
0.999928713 -0.004010624 -0.011243998 0.821723282 0.004102186 0.999958456 0.008131926 -1.364882708 0.011210918 -0.008177470 0.999903738 54.191604614
0.999930501 -0.004237728 -0.010998604 0.824389935 0.004325026 0.999959171 0.007925577 -1.374755621 0.010964571 -0.007972595 0.999908090 54.743137360
0.999929488 -0.004251208 -0.011090580 0.829892397 0.004341521 0.999957502 0.008131796 -1.381241083 0.011055539 -0.008179372 0.999905467 55.285129547
0.999922335 -0.004259345 -0.011713620 0.842312157 0.004352747 0.999958873 0.007959857 -1.391031384 0.011679234 -0.008010224 0.999899685 55.815475464
0.999930561 -0.003808891 -0.011152419 0.849990070 0.003898256 0.999960482 0.008002277 -1.405902267 0.011121497 -0.008045196 0.999905765 56.359653473
0.999924958 -0.003924135 -0.011604734 0.852261424 0.004016485 0.999960363 0.007945466 -1.416492224 0.011573092 -0.007991481 0.999901056 56.909725189
0.999917507 -0.004241302 -0.012121781 0.863139868 0.004337818 0.999959052 0.007947060 -1.433011174 0.012087578 -0.007998987 0.999894977 57.449581146
0.999926448 -0.003514465 -0.011601521 0.856359482 0.003600915 0.999965847 0.007439187 -1.434681296 0.011574981 -0.007480418 0.999905050 57.992992401
0.999932468 -0.003319260 -0.011131139 0.855269849 0.003403907 0.999965429 0.007594270 -1.442997456 0.011105546 -0.007631648 0.999909222 58.543319702
0.999939263 -0.003219156 -0.010549571 0.848652303 0.003295718 0.999968290 0.007247954 -1.452829599 0.010525904 -0.007282282 0.999918103 59.077552795
0.999932766 -0.003378728 -0.011085032 0.861641109 0.003460763 0.999966681 0.007389669 -1.466568470 0.011059695 -0.007427535 0.999911249 59.624771118
0.999933183 -0.003572367 -0.010986363 0.866168082 0.003659802 0.999961674 0.007948669 -1.477589488 0.010957547 -0.007988346 0.999908030 60.180202484
0.999938071 -0.002974848 -0.010718365 0.875957429 0.003058722 0.999964774 0.007817440 -1.487039685 0.010694730 -0.007849740 0.999912024 60.731754303
0.999937832 -0.002990846 -0.010743720 0.868167937 0.003070839 0.999967635 0.007436821 -1.496487856 0.010721131 -0.007469351 0.999914646 61.270687103
0.999939263 -0.003580552 -0.010420605 0.868516088 0.003657282 0.999966323 0.007353654 -1.507889271 0.010393922 -0.007391317 0.999918759 61.824829102
0.999942601 -0.002749587 -0.010359841 0.877779484 0.002822255 0.999971509 0.007006231 -1.514205933 0.010340281 -0.007035067 0.999921858 62.368579865
0.999938965 -0.002884343 -0.010667436 0.876096547 0.002961489 0.999969542 0.007223222 -1.529684544 0.010646276 -0.007254372 0.999916971 62.926696777
0.999939919 -0.002067006 -0.010764354 0.883147538 0.002149731 0.999968231 0.007679200 -1.546774864 0.010748138 -0.007701880 0.999912560 63.488555908
0.999940991 -0.002344891 -0.010605028 0.882058203 0.002424789 0.999968708 0.007527362 -1.554781556 0.010587045 -0.007552633 0.999915421 64.046478271
0.999938309 -0.002749225 -0.010763579 0.890250087 0.002834298 0.999964714 0.007896473 -1.565960407 0.010741491 -0.007926493 0.999910831 64.576606750
0.999944091 -0.002710431 -0.010219022 0.887525916 0.002790476 0.999965489 0.007826799 -1.584438324 0.010197455 -0.007854878 0.999917090 65.082267761
0.999948442 -0.001709348 -0.010003445 0.888481319 0.001788759 0.999966919 0.007934848 -1.593295336 0.009989550 -0.007952333 0.999918461 65.634506226
0.999944031 -0.002530429 -0.010272587 0.891553462 0.002607430 0.999968588 0.007489331 -1.598221421 0.010253311 -0.007515696 0.999919116 66.192085266
0.999948144 -0.002299942 -0.009918808 0.898536384 0.002375283 0.999968469 0.007590667 -1.615750790 0.009901035 -0.007613836 0.999921978 66.733093262
0.999944270 -0.002395982 -0.010281738 0.906557739 0.002477512 0.999965549 0.007924176 -1.629484415 0.010262397 -0.007949208 0.999915719 67.286476135
0.999946356 -0.002185731 -0.010137635 0.910140932 0.002263691 0.999967933 0.007685027 -1.640284061 0.010120511 -0.007707562 0.999919057 67.818840027
0.999956369 -0.001443455 -0.009240292 0.902494073 0.001512132 0.999971271 0.007429682 -1.648697257 0.009229303 -0.007443330 0.999929726 68.370300293
0.999946058 -0.001927118 -0.010208829 0.912769139 0.002003425 0.999970078 0.007469633 -1.655625105 0.010194132 -0.007489683 0.999919951 68.895339966
0.999948144 -0.001096554 -0.010125619 0.917192996 0.001173515 0.999970436 0.007597769 -1.668120027 0.010116988 -0.007609257 0.999919832 69.431304932
0.999948978 -0.001631947 -0.009964292 0.929508328 0.001711772 0.999966443 0.008007824 -1.687066317 0.009950889 -0.008024473 0.999918342 69.983016968
0.999947548 -0.002218338 -0.010001567 0.924944162 0.002294228 0.999968648 0.007582709 -1.690819025 0.009984433 -0.007605256 0.999921203 70.528442383
0.999948919 -0.002147863 -0.009883354 0.930467844 0.002223925 0.999967992 0.007691414 -1.705104113 0.009866517 -0.007713001 0.999921560 71.084632874
0.999949872 -0.001472436 -0.009906117 0.940652549 0.001550736 0.999967694 0.007901166 -1.717955112 0.009894162 -0.007916132 0.999919832 71.620361328
0.999952674 -0.001608890 -0.009590407 0.934547246 0.001683207 0.999968588 0.007746096 -1.731826305 0.009577642 -0.007761872 0.999924004 72.164146423
0.999950111 -0.002244468 -0.009736605 0.941033363 0.002326000 0.999962330 0.008370451 -1.749778748 0.009717451 -0.008392680 0.999917507 72.702339172
0.999947488 -0.003007401 -0.009803190 0.946405947 0.003085086 0.999963820 0.007919007 -1.756752253 0.009779020 -0.007948834 0.999920547 73.260589600
0.999951601 -0.001981502 -0.009639780 0.949733913 0.002054869 0.999969065 0.007606935 -1.762380481 0.009624408 -0.007626375 0.999924600 73.773071289
0.999949217 -0.002001428 -0.009879197 0.960218549 0.002080548 0.999965787 0.008005063 -1.773561001 0.009862837 -0.008025211 0.999919116 74.309486389
0.999943018 -0.002739270 -0.010318768 0.968710959 0.002818889 0.999966323 0.007709247 -1.784248114 0.010297303 -0.007737894 0.999917030 74.857406616
0.999947667 -0.002480964 -0.009919866 0.975833952 0.002560604 0.999964535 0.008023725 -1.803098202 0.009899607 -0.008048706 0.999918580 75.386528015
0.999947250 -0.002545346 -0.009947978 0.980347931 0.002624320 0.999965072 0.007933659 -1.813189387 0.009927439 -0.007959345 0.999918997 75.935653687
0.999944210 -0.002460028 -0.010268359 0.990649045 0.002542183 0.999964833 0.007995477 -1.825013161 0.010248327 -0.008021135 0.999915302 76.504585266
0.999939919 -0.002587369 -0.010651683 1.001496077 0.002670167 0.999966323 0.007766282 -1.833969116 0.010631230 -0.007794257 0.999913096 77.052558899
0.999941707 -0.002689529 -0.010458516 0.995716810 0.002772570 0.999964654 0.007933726 -1.843123198 0.010436809 -0.007962259 0.999913812 77.562622070
0.999946356 -0.002607210 -0.010028524 0.996118248 0.002686161 0.999965429 0.007867231 -1.854618669 0.010007667 -0.007893748 0.999918759 78.118927002
0.999941885 -0.002172353 -0.010555772 1.011474252 0.002260411 0.999962628 0.008337397 -1.864742637 0.010537265 -0.008360773 0.999909520 78.658813477
0.999952376 -0.002079831 -0.009534986 0.999381483 0.002158029 0.999964058 0.008198262 -1.884937525 0.009517592 -0.008218448 0.999920905 79.195533752
0.999951482 -0.002473633 -0.009536196 1.008428454 0.002548086 0.999966323 0.007803277 -1.894836664 0.009516572 -0.007827195 0.999924004 79.744804382
0.999957621 -0.002178271 -0.008939023 1.018437743 0.002253301 0.999962211 0.008392038 -1.904015899 0.008920404 -0.008411824 0.999924839 80.281455994
0.999969959 -0.001235710 -0.007643254 1.022911191 0.001300813 0.999962866 0.008518637 -1.917423010 0.007632444 -0.008528325 0.999934554 80.825828552
0.999976635 -0.001986316 -0.006540166 1.033714890 0.002043046 0.999960184 0.008678822 -1.930126667 0.006522668 -0.008691981 0.999940872 81.350418091
0.999988317 -0.001184588 -0.004695385 1.031128764 0.001223398 0.999965012 0.008271162 -1.934470057 0.004685423 -0.008276811 0.999954760 81.909286499
0.999997258 -0.001469250 -0.001837663 1.053790808 0.001484277 0.999965250 0.008202789 -1.944603443 0.001825547 -0.008205494 0.999964654 82.453720093
0.999996603 -0.001964065 0.001729024 1.073055029 0.001950309 0.999966741 0.007922032 -1.951292753 -0.001744525 -0.007918632 0.999967158 83.000770569
0.999986887 -0.002140486 0.004655592 1.084399700 0.002102599 0.999964774 0.008127687 -1.964541197 -0.004672827 -0.008117793 0.999956131 83.567993164
0.999954700 -0.002142685 0.009281290 1.110631227 0.002063837 0.999961793 0.008496658 -1.986034155 -0.009299142 -0.008477118 0.999920785 84.131011963
0.999886930 -0.001627676 0.014948288 1.134972572 0.001495368 0.999959648 0.008857936 -1.998389721 -0.014962101 -0.008834582 0.999848962 84.668579102
0.999783993 -0.001519192 0.020727603 1.163026452 0.001333437 0.999958873 0.008972587 -2.010214806 -0.020740379 -0.008943010 0.999744892 85.208435059
0.999641478 -0.002311872 0.026677005 1.193164349 0.002078917 0.999959469 0.008756839 -2.020312786 -0.026696172 -0.008698241 0.999605775 85.753471375
0.999401510 -0.001802955 0.034544639 1.224223018 0.001489382 0.999957502 0.009100909 -2.032351732 -0.034559581 -0.009044012 0.999361694 86.313613892
0.999077022 -0.001262409 0.042935804 1.264255285 0.000857037 0.999954939 0.009458460 -2.049066067 -0.042945813 -0.009412932 0.999032974 86.865692139
0.998754203 -0.001837006 0.049864639 1.310179234 0.001372043 0.999955297 0.009357117 -2.057885408 -0.049879603 -0.009277045 0.998712122 87.423835754
0.998273790 -0.002066008 0.058695298 1.359593153 0.001535266 0.999957561 0.009085986 -2.065175056 -0.058711585 -0.008980189 0.998234570 87.967277527
0.997648656 -0.002138207 0.068502083 1.424085140 0.001524478 0.999958277 0.009010302 -2.073112726 -0.068518490 -0.008884686 0.997610211 88.509536743
0.997021914 -0.002041144 0.077090956 1.485005856 0.001353820 0.999958873 0.008966963 -2.083340168 -0.077106088 -0.008835891 0.996983707 89.063331604
0.996387005 -0.002693244 0.084886372 1.552276611 0.001967850 0.999960840 0.008627981 -2.086848259 -0.084906280 -0.008429765 0.996353149 89.619712830
0.995386362 -0.001675260 0.095933139 1.616064072 0.000823560 0.999959826 0.008916965 -2.109625816 -0.095944248 -0.008796819 0.995347857 90.182960510
0.994283259 -0.001595795 0.106763467 1.688048363 0.000562279 0.999952614 0.009709829 -2.119919300 -0.106773913 -0.009594289 0.994237065 90.734405518
0.993235171 -0.002244157 0.116098486 1.771122932 0.001239671 0.999961138 0.008723501 -2.125764847 -0.116113566 -0.008520565 0.993199408 91.300834656
0.991914809 -0.002427362 0.126882374 1.861376762 0.001215633 0.999952912 0.009626575 -2.150390148 -0.126899779 -0.009394500 0.991870999 91.845367432
0.990345657 -0.002924887 0.138589248 1.966444969 0.001604801 0.999952257 0.009635955 -2.163161278 -0.138610840 -0.009320517 0.990303159 92.405632019
0.988766193 -0.003071068 0.149438977 2.067604065 0.001649729 0.999952197 0.009634196 -2.174283028 -0.149461448 -0.009279434 0.988724053 92.959274292
0.987107873 -0.003253687 0.160023332 2.178690910 0.001635891 0.999946177 0.010240447 -2.185225964 -0.160048053 -0.009846644 0.987060070 93.486091614
0.984925568 -0.003324439 0.172946647 2.290765762 0.001681097 0.999952018 0.009647621 -2.188424110 -0.172970429 -0.009211449 0.984883964 94.039100647
0.982695878 -0.003514931 0.185193107 2.413050652 0.001740235 0.999951005 0.009744622 -2.195980310 -0.185218304 -0.009253720 0.982653856 94.582756042
0.980735898 -0.004469320 0.195287362 2.536161423 0.002599139 0.999948263 0.009831765 -2.203460932 -0.195321217 -0.009134786 0.980696857 95.109992981
0.977968514 -0.004152225 0.208710968 2.675710678 0.002225352 0.999952674 0.009466224 -2.203800440 -0.208740368 -0.008793212 0.977931499 95.665611267
0.975030959 -0.004208205 0.222029030 2.822919846 0.002061763 0.999948859 0.009898285 -2.215344667 -0.222059324 -0.009193364 0.974989772 96.197525024
0.972413719 -0.004128532 0.233226523 2.964759827 0.001867596 0.999949157 0.009914165 -2.223140478 -0.233255565 -0.009205097 0.972371936 96.726318359
0.969537258 -0.004719359 0.244898364 3.121404648 0.002330987 0.999946833 0.010041432 -2.240324259 -0.244932741 -0.009164686 0.969496727 97.277870178
0.965941668 -0.004537321 0.258720070 3.290750504 0.001881272 0.999942958 0.010512762 -2.255803823 -0.258753061 -0.009667991 0.965895116 97.810424805
0.962425709 -0.003747649 0.271519095 3.446317673 0.000892268 0.999942958 0.010639010 -2.262715816 -0.271543503 -0.009996989 0.962374151 98.339950562
0.959137559 -0.004908696 0.282897651 3.618644714 0.001903024 0.999938786 0.010898408 -2.283476830 -0.282933831 -0.009914711 0.959088206 98.884109497
0.954901576 -0.004743151 0.296884656 3.793029785 0.001584944 0.999939561 0.010877622 -2.284087420 -0.296918273 -0.009916514 0.954851449 99.409896851
0.950662374 -0.005793293 0.310173720 3.997476578 0.002414519 0.999933481 0.011275993 -2.301277399 -0.310218453 -0.009970740 0.950613022 99.932319641
0.946705699 -0.006317400 0.322038233 4.195867538 0.002895325 0.999934196 0.011104160 -2.304775238 -0.322087169 -0.009579967 0.946661532 100.456771851
0.942120373 -0.007429191 0.335192800 4.394914627 0.004022191 0.999932885 0.010857351 -2.314175367 -0.335250974 -0.008880721 0.942087054 100.965515137
0.936876118 -0.007171420 0.349588037 4.597711563 0.003506251 0.999932051 0.011115969 -2.323472023 -0.349643975 -0.009188544 0.936837554 101.457527161
0.932304442 -0.007232289 0.361602217 4.838809967 0.003485660 0.999933302 0.011012407 -2.335230112 -0.361657739 -0.009006494 0.932267427 102.034805298
0.927786410 -0.007448636 0.373037457 5.064094543 0.003661176 0.999934375 0.010860455 -2.343692064 -0.373093814 -0.008710428 0.927752733 102.535415649
0.922109962 -0.007834942 0.386848599 5.305786133 0.004016710 0.999934971 0.010677518 -2.350529671 -0.386907101 -0.008291988 0.922081411 103.015571594
0.916786492 -0.008789458 0.399281114 5.551853180 0.004967170 0.999931455 0.010606619 -2.358336449 -0.399346948 -0.007740707 0.916767120 103.513206482
0.911464632 -0.008921187 0.411281705 5.787216187 0.005039145 0.999931931 0.010522175 -2.362126589 -0.411347598 -0.007518082 0.911447525 104.037162781
0.905305862 -0.009448479 0.424655199 6.044658661 0.005370477 0.999927282 0.010799034 -2.373877525 -0.424726427 -0.007495829 0.905290663 104.520767212
0.899052620 -0.008664091 0.437754780 6.309871674 0.004165458 0.999928117 0.011235750 -2.388168812 -0.437820733 -0.008278081 0.899024129 104.999160767
0.893114507 -0.010372704 0.449709654 6.568439484 0.006089353 0.999921262 0.010970183 -2.387566090 -0.449788094 -0.007059189 0.893107414 105.469993591
0.887300849 -0.011214664 0.461054742 6.835487366 0.006883724 0.999914944 0.011074124 -2.398273945 -0.461139739 -0.006652305 0.887302577 105.977531433
0.880006671 -0.010765390 0.474839389 7.116809845 0.006343130 0.999920309 0.010914294 -2.406654119 -0.474919021 -0.006592684 0.880004883 106.461540222
0.873440802 -0.011483914 0.486794949 7.410659790 0.007138245 0.999916434 0.010780966 -2.413715363 -0.486878097 -0.005941675 0.873449683 106.915573120
