1.000000000 0.000000000 0.000000000 0.000000000 0.000000000 1.000000000 0.000000000 0.000000000 0.000000000 0.000000000 1.000000000 0.000000000
1.000000000 0.000035701 0.000135390 -0.003357146 -0.000035673 1.000000000 -0.000205043 0.004455166 -0.000135397 0.000205038 0.999999940 0.004136473
1.000000000 0.000026031 0.000053938 -0.002085209 -0.000026024 1.000000000 -0.000143889 0.002135203 -0.000053942 0.000143888 1.000000000 0.000591092
0.999999940 0.000322917 0.000138345 -0.000304948 -0.000322898 0.999999940 -0.000136747 0.003454178 -0.000138389 0.000136702 1.000000000 -0.002048793
1.000000000 0.000225900 0.000061511 0.002605791 -0.000225895 1.000000000 -0.000077224 0.001934182 -0.000061528 0.000077210 1.000000000 -0.001433727
1.000000000 0.000137448 0.000059156 0.000254584 -0.000137444 1.000000000 -0.000067698 0.002161173 -0.000059166 0.000067690 1.000000000 -0.001321452
1.000000000 0.000117995 0.000128135 -0.002297676 -0.000117979 1.000000000 -0.000122724 0.002290302 -0.000128150 0.000122709 1.000000000 -0.000902358
1.000000000 0.000017512 -0.000015497 0.000825428 -0.000017513 1.000000000 -0.000020230 0.001742722 0.000015497 0.000020231 1.000000000 -0.002432288
1.000000000 0.000040474 0.000150168 -0.005512040 -0.000040451 1.000000000 -0.000149309 0.003538313 -0.000150174 0.000149303 1.000000000 0.004099918
0.999999940 0.000218083 0.000233896 -0.004810239 -0.000218060 1.000000000 -0.000098458 0.001755038 -0.000233917 0.000098407 0.999999940 -0.001549773
1.000000000 0.000150188 0.000180446 -0.003740854 -0.000150159 1.000000000 -0.000161906 0.001973395 -0.000180470 0.000161879 1.000000000 -0.000841116
1.000000000 0.000149605 0.000135865 -0.002301322 -0.000149587 1.000000000 -0.000129264 0.002876048 -0.000135884 0.000129244 1.000000000 -0.002764035
1.000000000 0.000075648 0.000169660 -0.005385022 -0.000075640 1.000000000 -0.000047091 0.000581490 -0.000169663 0.000047078 1.000000000 -0.003021842
1.000000000 -0.000009801 0.000093666 -0.003038133 0.000009808 1.000000000 -0.000076572 0.000247511 -0.000093665 0.000076573 1.000000000 -0.001922854
1.000000000 0.000069747 0.000077669 -0.000907932 -0.000069739 1.000000000 -0.000108443 0.002269627 -0.000077676 0.000108438 1.000000000 -0.003674345
1.000000000 -0.000173285 -0.000133932 0.002547103 0.000173282 1.000000000 -0.000023919 0.000953534 0.000133936 0.000023896 1.000000000 -0.006684691
0.999999940 -0.000254242 -0.000005929 -0.002447364 0.000254241 0.999999940 -0.000123081 0.000758419 0.000005961 0.000123080 1.000000000 -0.004951522
1.000000000 -0.000065396 0.000058136 0.000142360 0.000065398 1.000000000 -0.000045243 0.000455898 -0.000058133 0.000045246 1.000000000 -0.006522082
1.000000000 0.000099994 0.000005055 0.000217986 -0.000099993 1.000000000 -0.000003537 0.002247849 -0.000005056 0.000003537 1.000000000 -0.007761295
1.000000000 -0.000078426 -0.000006997 -0.001835105 0.000078426 1.000000000 -0.000024306 -0.000453461 0.000006999 0.000024305 1.000000000 -0.007395917
1.000000000 -0.000042843 0.000024289 -0.000477100 0.000042845 1.000000000 -0.000078970 0.001035252 -0.000024285 0.000078971 1.000000000 -0.007942615
1.000000000 -0.000132765 0.000009072 0.000298054 0.000132766 1.000000000 -0.000016156 -0.000572343 -0.000009070 0.000016158 1.000000000 -0.004098244
1.000000000 0.000100004 0.000155941 -0.006476151 -0.000099969 1.000000000 -0.000221307 0.003559609 -0.000155963 0.000221292 0.999999940 0.003812435
1.000000000 -0.000123152 -0.000091095 0.000748901 0.000123140 1.000000000 -0.000123656 0.000807553 0.000091110 0.000123645 1.000000000 0.000405461
1.000000000 -0.000102117 -0.000008908 -0.000755224 0.000102117 1.000000000 -0.000012107 0.002251617 0.000008910 0.000012106 1.000000000 0.000150522
1.000000000 0.000001415 -0.000042546 0.002263782 -0.000001422 1.000000000 -0.000152144 0.003390912 0.000042546 0.000152145 1.000000000 -0.006770332
1.000000000 -0.000058663 0.000116470 -0.003142076 0.000058683 1.000000000 -0.000169821 0.003465653 -0.000116460 0.000169828 1.000000000 -0.001229076
0.999999940 0.000273696 0.000217778 -0.005389845 -0.000273651 0.999999940 -0.000206493 0.003091614 -0.000217834 0.000206434 0.999999940 0.000081420
1.000000000 -0.000009328 0.000117270 -0.003545156 0.000009333 1.000000000 -0.000039078 0.002201492 -0.000117270 0.000039079 1.000000000 -0.001061766
1.000000000 -0.000199620 0.000016632 -0.004688246 0.000199623 0.999999940 -0.000150216 0.005744323 -0.000016602 0.000150219 1.000000000 0.002516668
1.000000000 -0.000073642 0.000031512 -0.003513135 0.000073645 1.000000000 -0.000096424 0.002411318 -0.000031505 0.000096426 1.000000000 0.000409737
1.000000000 -0.000118084 0.000093100 -0.003687270 0.000118083 1.000000000 0.000012449 0.001204717 -0.000093102 -0.000012438 1.000000000 0.000685098
1.000000000 -0.000182846 0.000072621 -0.004897505 0.000182849 1.000000000 -0.000037628 0.001997598 -0.000072614 0.000037641 1.000000000 -0.001407767
1.000000000 -0.000126400 -0.000000247 -0.002681564 0.000126400 1.000000000 -0.000007559 0.001769327 0.000000248 0.000007559 1.000000000 -0.002888067
1.000000000 0.000092287 0.000045959 -0.003637611 -0.000092281 1.000000000 -0.000141484 0.001375000 -0.000045972 0.000141480 1.000000000 -0.000370850
1.000000000 0.000071558 0.000093718 -0.004458440 -0.000071549 1.000000000 -0.000090698 0.002366511 -0.000093725 0.000090691 1.000000000 0.000255114
0.999999940 -0.000184826 -0.000180470 0.003400865 0.000184848 1.000000000 0.000124424 -0.000491043 0.000180447 -0.000124458 1.000000000 -0.013227639
1.000000000 -0.000013789 0.000061033 -0.003479375 0.000013804 0.999999940 -0.000246411 0.004275157 -0.000061030 0.000246412 0.999999940 0.000439323
1.000000000 -0.000150130 0.000053660 -0.002896457 0.000150132 1.000000000 -0.000034517 0.001753984 -0.000053655 0.000034525 1.000000000 -0.000557429
1.000000000 -0.000049696 -0.000043604 0.000954029 0.000049702 1.000000000 0.000140848 -0.000967895 0.000043597 -0.000140850 1.000000000 -0.008483327
0.999999940 -0.000257859 -0.000130892 0.000146995 0.000257858 0.999999940 -0.000008943 -0.000968241 0.000130894 0.000008910 1.000000000 -0.000733877
1.000000000 0.000015029 0.000061645 0.002261115 -0.000014988 0.999999762 -0.000663560 -0.003496131 -0.000061654 0.000663559 0.999999762 0.048975036
1.000000000 0.000012361 -0.000025920 0.000297036 -0.000012401 0.999998808 -0.001526323 0.000906419 0.000025901 0.001526323 0.999998808 0.148105934
1.000000000 -0.000113421 -0.000120222 0.005376468 0.000113238 0.999998868 -0.001513797 -0.008262270 0.000120394 0.001513784 0.999998868 0.263625920
1.000000000 -0.000234895 -0.000009192 0.003510524 0.000234882 0.999999046 -0.001373669 -0.012539513 0.000009515 0.001373667 0.999999046 0.393387377
1.000000000 0.000029067 -0.000116316 0.004755061 -0.000029206 0.999999285 -0.001187876 -0.018251892 0.000116281 0.001187879 0.999999285 0.537829101
1.000000000 -0.000089283 0.000111778 0.005763929 0.000089391 0.999999523 -0.000966160 -0.031836160 -0.000111691 0.000966170 0.999999523 0.680044949
0.999999881 -0.000446968 -0.000144426 0.020494262 0.000446887 0.999999762 -0.000560831 -0.031765781 0.000144677 0.000560766 0.999999821 0.849625170
0.999999881 -0.000418076 -0.000344579 0.026949327 0.000417899 0.999999762 -0.000514564 -0.037513394 0.000344794 0.000514420 0.999999821 1.033278108
1.000000000 -0.000168720 0.000104719 0.011558013 0.000168802 0.999999702 -0.000774849 -0.038034119 -0.000104588 0.000774867 0.999999702 1.218496799
1.000000000 -0.000032691 -0.000004684 0.029370926 0.000032688 0.999999821 -0.000644740 -0.046504367 0.000004705 0.000644740 0.999999821 1.414605021
0.999999642 -0.000372259 -0.000765279 0.045233019 0.000372018 0.999999881 -0.000315555 -0.052646343 0.000765397 0.000315270 0.999999642 1.611160755
0.999998629 -0.000631445 0.001619357 -0.005071098 0.000629490 0.999999046 0.001207451 -0.081067517 -0.001620118 -0.001206430 0.999997973 1.694256783
0.999998391 -0.000836397 0.001615850 0.000816497 0.000834274 0.999998748 0.001313994 -0.086015612 -0.001616947 -0.001312644 0.999997795 1.902939796
0.999998629 -0.000372781 0.001617830 0.004412846 0.000371108 0.999999404 0.001034305 -0.091383852 -0.001618214 -0.001033704 0.999998093 2.086519241
0.999998927 -0.000271289 0.001427948 0.011284025 0.000269557 0.999999285 0.001212692 -0.097127110 -0.001428276 -0.001212305 0.999998271 2.306392193
0.999998450 -0.000068470 0.001762661 0.005927494 0.000066007 0.999999046 0.001397110 -0.105295576 -0.001762755 -0.001396992 0.999997497 2.541494846
0.999997318 0.000585277 0.002257379 0.007578116 -0.000588797 0.999998629 0.001558634 -0.113222517 -0.002256464 -0.001559959 0.999996245 2.772541761
0.999997735 -0.000067946 0.002127026 0.013563899 0.000064093 0.999998331 0.001811397 -0.125669330 -0.002127146 -0.001811257 0.999996126 2.966411829
0.999996603 0.000488571 0.002578525 0.008022717 -0.000492490 0.999998748 0.001519589 -0.127945244 -0.002577779 -0.001520853 0.999995589 3.226444483
0.999996662 0.000337992 0.002556959 0.014428977 -0.000342546 0.999998331 0.001780593 -0.135101005 -0.002556353 -0.001781463 0.999995172 3.463532686
0.999997258 -0.000406207 0.002296204 0.023581095 0.000401093 0.999997377 0.002227408 -0.157473266 -0.002297103 -0.002226481 0.999994814 3.684179306
0.999996722 -0.001207810 0.002273859 0.028987737 0.001201826 0.999995828 0.002631110 -0.173413217 -0.002277028 -0.002628369 0.999993920 3.952834368
0.999996543 -0.000677586 0.002493216 0.035563879 0.000670607 0.999995828 0.002799017 -0.176123619 -0.002495102 -0.002797336 0.999992967 4.208969116
0.999995351 0.000216471 0.003018157 0.024532966 -0.000224550 0.999996305 0.002676805 -0.183265954 -0.003017566 -0.002677470 0.999991834 4.447934628
0.999996066 -0.000055452 0.002782588 0.030113891 0.000047251 0.999995589 0.002947479 -0.199563131 -0.002782739 -0.002947336 0.999991775 4.681768417
0.999996066 -0.000299090 0.002807753 0.034269370 0.000290915 0.999995768 0.002911504 -0.206497774 -0.002808611 -0.002910675 0.999991834 4.943103313
0.999996424 0.000075621 0.002667090 0.042370249 -0.000082897 0.999996305 0.002728049 -0.211183846 -0.002666874 -0.002728261 0.999992669 5.212594032
0.999995530 0.000032218 0.002983064 0.040854491 -0.000040654 0.999996006 0.002828025 -0.221768796 -0.002982961 -0.002828134 0.999991536 5.461460114
0.999995649 0.000100203 0.002951012 0.047864426 -0.000108571 0.999995947 0.002835694 -0.227305114 -0.002950716 -0.002836002 0.999991596 5.733009338
0.999995232 0.000499956 0.003056199 0.054555494 -0.000508586 0.999995887 0.002823641 -0.239091218 -0.003054775 -0.002825182 0.999991298 6.010809422
0.999995768 -0.000377263 0.002889371 0.062120430 0.000368586 0.999995410 0.003003071 -0.245933026 -0.002890491 -0.003001994 0.999991238 6.289078712
0.999996185 -0.000362985 0.002748982 0.067829423 0.000355766 0.999996483 0.002626200 -0.249811038 -0.002749926 -0.002625212 0.999992728 6.572239876
0.999994993 0.000413789 0.003134459 0.067593172 -0.000422604 0.999995947 0.002812273 -0.266247749 -0.003133283 -0.002813584 0.999991119 6.845082283
0.999995410 0.000538225 0.002974057 0.083779462 -0.000547097 0.999995410 0.002983269 -0.283804178 -0.002972438 -0.002984883 0.999991119 7.133441925
0.999995589 -0.000442613 0.002916046 0.091750279 0.000432335 0.999993622 0.003524086 -0.298181057 -0.002917588 -0.003522810 0.999989510 7.458772659
0.999995172 0.000258653 0.003078023 0.100502230 -0.000269724 0.999993443 0.003596732 -0.301941365 -0.003077073 -0.003597545 0.999988794 7.772262096
0.999995053 0.000185018 0.003131951 0.097576775 -0.000194530 0.999995351 0.003037228 -0.292103440 -0.003131375 -0.003037822 0.999990463 8.084906578
0.999995470 -0.000008177 0.003014395 0.099387325 -0.000002309 0.999993920 0.003478667 -0.321792930 -0.003014406 -0.003478658 0.999989390 8.364337921
0.999994755 -0.000047325 0.003258153 0.101069182 0.000035689 0.999993622 0.003571464 -0.328652829 -0.003258301 -0.003571328 0.999988317 8.697461128
0.999994457 -0.000025337 0.003337285 0.115692250 0.000013626 0.999993801 0.003509149 -0.340598881 -0.003337353 -0.003509084 0.999988317 9.026950836
0.999995291 -0.000626916 0.002995880 0.128757879 0.000615269 0.999992251 0.003886785 -0.353761047 -0.002998294 -0.003884924 0.999987900 9.364155769
0.999995291 -0.000034735 0.003080482 0.137769088 0.000023174 0.999992967 0.003753064 -0.356923431 -0.003080590 -0.003752974 0.999988258 9.695651054
0.999994278 -0.000013163 0.003382091 0.155961677 -0.000000590 0.999991775 0.004066483 -0.364312977 -0.003382117 -0.004066461 0.999985993 10.033287048
0.999996424 -0.000939789 0.002496999 0.148614198 0.000930619 0.999992847 0.003671011 -0.382013351 -0.002500431 -0.003668674 0.999990165 10.393320084
0.999995887 -0.001417265 0.002485616 0.154950544 0.001408590 0.999992967 0.003488475 -0.387644887 -0.002490543 -0.003484960 0.999990821 10.777930260
0.999996364 -0.000906678 0.002546047 0.157950103 0.000897437 0.999993086 0.003628484 -0.400822908 -0.002549319 -0.003626187 0.999990225 11.159176826
0.999994397 -0.001990535 0.002644978 0.175774336 0.001981273 0.999992013 0.003499436 -0.408596545 -0.002651923 -0.003494177 0.999990344 11.532288551
0.999995887 -0.001512112 0.002413788 0.187502652 0.001502787 0.999991417 0.003860683 -0.414536148 -0.002419604 -0.003857040 0.999989688 11.914485931
0.999995351 -0.000288504 0.003018860 0.191535950 0.000277206 0.999992967 0.003742315 -0.426082551 -0.003019918 -0.003741460 0.999988496 12.286121368
0.999995589 -0.001667004 0.002473634 0.206451222 0.001658182 0.999992311 0.003564348 -0.434211344 -0.002479556 -0.003560231 0.999990642 12.709616661
0.999994934 -0.001832650 0.002594052 0.215697750 0.001819626 0.999985754 0.005014081 -0.484850109 -0.002603205 -0.005009336 0.999984026 13.011040688
0.999994516 -0.000768329 0.003217464 0.218574345 0.000752028 0.999986827 0.005064627 -0.496164560 -0.003221313 -0.005062181 0.999982059 13.425172806
0.999995112 -0.000953207 0.002964284 0.231528431 0.000936279 0.999983311 0.005706649 -0.504483283 -0.002969674 -0.005703847 0.999979377 13.856884956
0.999993920 -0.001523096 0.003120568 0.244803101 0.001505572 0.999983072 0.005610493 -0.526360929 -0.003129061 -0.005605761 0.999979436 14.274215698
0.999993205 -0.001308455 0.003428438 0.254079223 0.001287536 0.999980569 0.006096472 -0.542357922 -0.003436348 -0.006092016 0.999975562 14.622777939
0.999990880 -0.001876435 0.003818327 0.245028973 0.001851413 0.999976814 0.006546135 -0.557323635 -0.003830522 -0.006539007 0.999971330 15.045188904
0.999989450 -0.002812136 0.003636286 0.290734351 0.002787709 0.999973595 0.006705409 -0.611387789 -0.003655047 -0.006695201 0.999970913 15.486740112
0.999988079 -0.003229287 0.003667605 0.307531446 0.003204514 0.999972105 0.006740629 -0.618714333 -0.003689270 -0.006728795 0.999970555 15.934404373
0.999985516 -0.004099221 0.003480428 0.319094598 0.004074779 0.999967217 0.007001084 -0.634074390 -0.003509013 -0.006986800 0.999969423 16.381673813
0.999986053 -0.003552494 0.003909056 0.317370951 0.003526728 0.999972165 0.006578791 -0.643813193 -0.003932318 -0.006564913 0.999970734 16.853042603
0.999986410 -0.002303635 0.004678584 0.321975291 0.002271447 0.999973774 0.006873743 -0.655536711 -0.004694295 -0.006863022 0.999965429 17.320692062
0.999986231 -0.001094904 0.005148097 0.335609555 0.001059413 0.999975681 0.006891741 -0.655464768 -0.005155518 -0.006886192 0.999962986 17.752899170
0.999983072 -0.001583648 0.005595609 0.339617550 0.001543385 0.999972939 0.007192504 -0.688648403 -0.005606849 -0.007183745 0.999958456 18.241249084
0.999985278 -0.002037444 0.005028710 0.366961300 0.002001966 0.999973059 0.007050255 -0.694272697 -0.005042940 -0.007040083 0.999962449 18.718736649
0.999983609 -0.002364261 0.005214386 0.381704181 0.002328367 0.999973595 0.006879094 -0.701648772 -0.005230512 -0.006866840 0.999962747 19.194864273
0.999984682 -0.001687025 0.005266973 0.377970755 0.001648832 0.999972284 0.007247294 -0.718593359 -0.005279053 -0.007238498 0.999959826 19.695499420
0.999984324 -0.001257678 0.005454630 0.395624638 0.001217380 0.999971986 0.007384770 -0.723672450 -0.005463765 -0.007378014 0.999957800 20.173915863
0.999986172 -0.001885752 0.004903541 0.396599412 0.001847342 0.999967635 0.007825780 -0.754607081 -0.004918140 -0.007816613 0.999957383 20.673196793
0.999988735 -0.000964554 0.004632010 0.402043074 0.000928941 0.999970078 0.007684415 -0.755494595 -0.004639284 -0.007680027 0.999959767 21.180217743
0.999987721 -0.001051282 0.004830702 0.409070015 0.001011595 0.999965727 0.008210538 -0.779260695 -0.004839168 -0.008205552 0.999954641 21.715572357
0.999988914 -0.001937761 0.004287260 0.421341926 0.001900538 0.999960601 0.008669361 -0.795122325 -0.004303890 -0.008661117 0.999953270 22.222333908
0.999991000 -0.002527564 0.003410931 0.415853173 0.002498919 0.999961793 0.008376488 -0.810954213 -0.003431973 -0.008367890 0.999959111 22.706222534
0.999992669 -0.002686455 0.002723509 0.426365912 0.002662023 0.999956548 0.008934994 -0.830456674 -0.002747394 -0.008927680 0.999956429 23.234827042
0.999992490 -0.001713832 0.003498007 0.415650517 0.001682118 0.999957621 0.009049559 -0.842296958 -0.003513368 -0.009043605 0.999952912 23.793439865
0.999996006 -0.002181547 0.001810929 0.436638087 0.002165776 0.999960124 0.008664945 -0.849509895 -0.001829759 -0.008660988 0.999960780 24.363595963
0.999997675 -0.001759223 0.001262652 0.445053190 0.001748517 0.999962866 0.008430742 -0.864761591 -0.001277436 -0.008428513 0.999963641 24.805479050
0.999996662 -0.002617199 0.000234532 0.458312869 0.002615162 0.999962091 0.008299155 -0.870465100 -0.000256244 -0.008298513 0.999965549 25.345495224
0.999996006 -0.002821861 -0.000387902 0.470515698 0.002825018 0.999960780 0.008393407 -0.879977286 0.000364202 -0.008394469 0.999964714 25.894113541
0.999995887 -0.002832903 -0.000403333 0.497487754 0.002836788 0.999946117 0.009983697 -0.900339544 0.000375028 -0.009984800 0.999950111 26.427934647
0.999994040 -0.003272085 -0.001057178 0.479176879 0.003283007 0.999939501 0.010499915 -0.954268992 0.001022757 -0.010503325 0.999944270 27.029077530
0.999992311 -0.003564411 -0.001629970 0.495926380 0.003581923 0.999934494 0.010870314 -0.975054443 0.001591116 -0.010876070 0.999939620 27.575246811
0.999995649 -0.002395622 -0.001707972 0.497854620 0.002414170 0.999937236 0.010942197 -0.975309610 0.001681651 -0.010946275 0.999938667 28.130479813
0.999990821 -0.003496537 -0.002492609 0.516516328 0.003523223 0.999935687 0.010783689 -0.987272739 0.002454743 -0.010792371 0.999938786 28.678007126
0.999991059 -0.003486230 -0.002373342 0.503493726 0.003512483 0.999931633 0.011149228 -1.010050178 0.002334311 -0.011157463 0.999935031 29.226533890
0.999991417 -0.003166009 -0.002684430 0.518413424 0.003194244 0.999938905 0.010579946 -1.009798765 0.002650770 -0.010588429 0.999940395 29.783285141
0.999993265 -0.002819240 -0.002343355 0.508883178 0.002845023 0.999934614 0.011073241 -1.035016775 0.002311984 -0.011079834 0.999935925 30.308753967
0.999989152 -0.003280803 -0.003296909 0.520767808 0.003320243 0.999922156 0.012029269 -1.093109608 0.003257187 -0.012040086 0.999922156 30.847431183
0.999991357 -0.002834099 -0.003044439 0.531485975 0.002870917 0.999922037 0.012158121 -1.104986191 0.003009744 -0.012166755 0.999921501 31.387836456
0.999987781 -0.003769258 -0.003217252 0.552126825 0.003809200 0.999914646 0.012500414 -1.124353170 0.003169861 -0.012512516 0.999916732 31.947320938
0.999982953 -0.004263564 -0.003982618 0.540839612 0.004312902 0.999913037 0.012463180 -1.120433450 0.003929133 -0.012480146 0.999914408 32.483486176
0.999983191 -0.004094322 -0.004105079 0.552475572 0.004147063 0.999907911 0.012922707 -1.137701750 0.004051791 -0.012939514 0.999908090 33.039459229
0.999989331 -0.002966210 -0.003546140 0.534662247 0.003011807 0.999911964 0.012922706 -1.150547028 0.003507496 -0.012933248 0.999910235 33.567665100
0.999987245 -0.003051467 -0.004035125 0.573589742 0.003105873 0.999903440 0.013546254 -1.150320768 0.003993399 -0.013558611 0.999900103 34.119182587
0.999980211 -0.004268273 -0.004622067 0.552611053 0.004329733 0.999901175 0.013369597 -1.176627636 0.004564545 -0.013389345 0.999899924 34.663993835
0.999978483 -0.004085144 -0.005119407 0.565265954 0.004152246 0.999904633 0.013165968 -1.178345680 0.005065133 -0.013186943 0.999900222 35.217178345
0.999982715 -0.003502793 -0.004731542 0.557862401 0.003567078 0.999900579 0.013647004 -1.203492165 0.004683269 -0.013663645 0.999895632 35.737712860
0.999985874 -0.002944566 -0.004433988 0.559706748 0.003002922 0.999908149 0.013212456 -1.202526808 0.004394676 -0.013225584 0.999902844 36.277515411
0.999985993 -0.002824491 -0.004477485 0.583185852 0.002885592 0.999902010 0.013698965 -1.215998888 0.004438353 -0.013711695 0.999896109 36.820411682
0.999982655 -0.003933772 -0.004385846 0.573952794 0.003991284 0.999905109 0.013182263 -1.209716558 0.004333574 -0.013199539 0.999903440 37.410930634
0.999983132 -0.003157358 -0.004879333 0.591304183 0.003220745 0.999909759 0.013038113 -1.246348858 0.004837728 -0.013053605 0.999903023 37.974063873
0.999978423 -0.004104916 -0.005137957 0.590103745 0.004173397 0.999901652 0.013389423 -1.266451597 0.005082489 -0.013410575 0.999897122 38.511005402
0.999976337 -0.004020804 -0.005594154 0.609696150 0.004098529 0.999894261 0.013952511 -1.271191120 0.005537463 -0.013975107 0.999886930 39.032592773
0.999978483 -0.003724039 -0.005400847 0.609510422 0.003797277 0.999900103 0.013614291 -1.275865793 0.005349607 -0.013634505 0.999892652 39.605152130
0.999971330 -0.004526216 -0.006073103 0.645193815 0.004615155 0.999881148 0.014711488 -1.328662753 0.006005794 -0.014739093 0.999873281 40.168922424
0.999978304 -0.004184291 -0.005096573 0.627650321 0.004260545 0.999877751 0.015043910 -1.330786467 0.005033002 -0.015065296 0.999873757 40.691947937
0.999976218 -0.003546554 -0.005912663 0.637529492 0.003630484 0.999891937 0.014245115 -1.310030460 0.005861503 -0.014266244 0.999881029 41.261707306
0.999970853 -0.004259163 -0.006336331 0.648164511 0.004347400 0.999892831 0.013977740 -1.317706704 0.006276119 -0.014004880 0.999882221 41.809394836
0.999971092 -0.004442942 -0.006173022 0.656916440 0.004529192 0.999891281 0.014029020 -1.320342302 0.006110021 -0.014056574 0.999882519 42.365249634
0.999968946 -0.004903683 -0.006167773 0.656009614 0.004995628 0.999875307 0.014981263 -1.348880053 0.006093540 -0.015011612 0.999868751 42.911502838
0.999977410 -0.003457143 -0.005764359 0.645270467 0.003543273 0.999881208 0.014999178 -1.350080729 0.005711820 -0.015019265 0.999870837 43.492488861
0.999975443 -0.003913823 -0.005806789 0.663672209 0.004002224 0.999875009 0.015291051 -1.368432760 0.005746217 -0.015313917 0.999866188 44.057903290
0.999967337 -0.004750649 -0.006541589 0.654068530 0.004849844 0.999872208 0.015232278 -1.390776396 0.006468391 -0.015263507 0.999862552 44.531349182
0.999971867 -0.004116638 -0.006265131 0.656899810 0.004209100 0.999881327 0.014817405 -1.393770933 0.006203389 -0.014843361 0.999870539 45.082122803
0.999967396 -0.004763981 -0.006526107 0.667384863 0.004864026 0.999869585 0.015400976 -1.404495120 0.006451886 -0.015432215 0.999860108 45.600845337
0.999967098 -0.005084191 -0.006334243 0.674103141 0.005189362 0.999847054 0.016699320 -1.425502896 0.006248372 -0.016731640 0.999840498 46.120899200
0.999971092 -0.004554848 -0.006078739 0.657061875 0.004651822 0.999860525 0.016035300 -1.446477890 0.006004854 -0.016063113 0.999852955 46.692356110
0.999969661 -0.004766428 -0.006159045 0.667051315 0.004864509 0.999859989 0.016009178 -1.454373360 0.006081876 -0.016038656 0.999852836 47.239215851
0.999970555 -0.004411414 -0.006287207 0.666007757 0.004511939 0.999860764 0.016065413 -1.460051775 0.006215461 -0.016093310 0.999851167 47.801239014
0.999969065 -0.005059368 -0.006024408 0.660215974 0.005159465 0.999846876 0.016717238 -1.469827414 0.005938907 -0.016747802 0.999842107 48.343173981
0.999977291 -0.003966974 -0.005447191 0.659252882 0.004065062 0.999827564 0.018115755 -1.496369362 0.005374386 -0.018137490 0.999821067 48.870670319
0.999971211 -0.004626464 -0.006005353 0.681609750 0.004731226 0.999834776 0.017549520 -1.506824493 0.005923168 -0.017577430 0.999827921 49.373794556
0.999967873 -0.004981460 -0.006276816 0.688958049 0.005089104 0.999838173 0.017251793 -1.510798454 0.006189861 -0.017283183 0.999831438 49.920562744
0.999978065 -0.003926442 -0.005335587 0.676941574 0.004022963 0.999826252 0.018201523 -1.524417758 0.005263192 -0.018222591 0.999820113 50.466339111
0.999975204 -0.004453665 -0.005450907 0.694780290 0.004553692 0.999818802 0.018477883 -1.529522896 0.005367626 -0.018502248 0.999814391 51.010482788
0.999969959 -0.004736322 -0.006134551 0.699621320 0.004847921 0.999820650 0.018306475 -1.537016869 0.006046745 -0.018335665 0.999813616 51.523563385
0.999971986 -0.004141588 -0.006230840 0.711967826 0.004253924 0.999826670 0.018125022 -1.544625044 0.006154693 -0.018151022 0.999816298 52.068309784
0.999962747 -0.005787786 -0.006395862 0.742884159 0.005904184 0.999814451 0.018332362 -1.539951682 0.006288572 -0.018369442 0.999811471 52.593742371
0.999976575 -0.004375129 -0.005251719 0.700168192 0.004474720 0.999807417 0.019103825 -1.572080731 0.005167126 -0.019126883 0.999803662 53.129840851
0.999971628 -0.004623203 -0.005943416 0.698198199 0.004737039 0.999802768 0.019284006 -1.594684482 0.005853091 -0.019311611 0.999796391 53.631649017
0.999971390 -0.004485953 -0.006088102 0.702258348 0.004600412 0.999810398 0.018918486 -1.595150709 0.006002081 -0.018945953 0.999802470 54.186428070
0.999973834 -0.004060166 -0.005986028 0.713321805 0.004174704 0.999806106 0.019247612 -1.607792974 0.005906719 -0.019272098 0.999796808 54.745460510
0.999968171 -0.004341371 -0.006677166 0.753816664 0.004463853 0.999819994 0.018439248 -1.577542067 0.006595913 -0.018468471 0.999807656 55.294063568
0.999970615 -0.004652804 -0.006087218 0.716364682 0.004769837 0.999801219 0.019355001 -1.619632363 0.005995953 -0.019383471 0.999794066 55.794494629
0.999974489 -0.004148704 -0.005804386 0.722906232 0.004259950 0.999804914 0.019286716 -1.632883072 0.005723239 -0.019310955 0.999797106 56.339302063
0.999971449 -0.004634798 -0.005964790 0.732814670 0.004749282 0.999801815 0.019324379 -1.632025361 0.005874044 -0.019352155 0.999795377 56.901054382
0.999978423 -0.004016088 -0.005187199 0.734681129 0.004118639 0.999793172 0.019912831 -1.659931898 0.005106157 -0.019933766 0.999788284 57.457736969
0.999977112 -0.004206743 -0.005314888 0.752304971 0.004310760 0.999796391 0.019713333 -1.651966095 0.005230878 -0.019735789 0.999791563 57.962860107
0.999972999 -0.004428360 -0.005852744 0.732039213 0.004544726 0.999789178 0.020020850 -1.666031480 0.005762851 -0.020046908 0.999782443 58.463943481
0.999976337 -0.003985484 -0.005595624 0.738076806 0.004096401 0.999792516 0.019952599 -1.673624754 0.005514940 -0.019975049 0.999785304 59.008483887
0.999971807 -0.004792448 -0.005772330 0.760333061 0.004905339 0.999793708 0.019704454 -1.675601244 0.005676708 -0.019732215 0.999789178 59.556884766
0.999977589 -0.003876880 -0.005453501 0.747153282 0.003986720 0.999786437 0.020276558 -1.676559925 0.005373725 -0.020297846 0.999779522 60.093910217
0.999976516 -0.003828008 -0.005684871 0.758496761 0.003942297 0.999787569 0.020230765 -1.694804311 0.005606220 -0.020252705 0.999779165 60.612308502
0.999974370 -0.003897233 -0.005997385 0.774397314 0.004021142 0.999775767 0.020789154 -1.701967597 0.005915020 -0.020812737 0.999765933 61.155860901
0.999970555 -0.004637628 -0.006129007 0.766414881 0.004763657 0.999774098 0.020710539 -1.697529078 0.006031575 -0.020739123 0.999766767 61.704273224
0.999973059 -0.004181154 -0.006043125 0.785803199 0.004303103 0.999784529 0.020309808 -1.692917585 0.005956905 -0.020335261 0.999775469 62.245124817
0.999979138 -0.003501875 -0.005425806 0.767109454 0.003612502 0.999783039 0.020515205 -1.705480695 0.005352787 -0.020534370 0.999774814 62.741363525
0.999978364 -0.003833621 -0.005360440 0.774377584 0.003938958 0.999796569 0.019780451 -1.707086325 0.005283518 -0.019801136 0.999790013 63.289611816
0.999981582 -0.003645040 -0.004856508 0.765015483 0.003743526 0.999784350 0.020426787 -1.734259486 0.004781004 -0.020444591 0.999779582 63.828208923
0.999979436 -0.003553374 -0.005333859 0.791829944 0.003662113 0.999782741 0.020517038 -1.734802723 0.005259797 -0.020536151 0.999775290 64.404434204
0.999985576 -0.002993939 -0.004457423 0.792313695 0.003085018 0.999783754 0.020568533 -1.740675569 0.004394878 -0.020581987 0.999778509 64.948982239
0.999975860 -0.004084942 -0.005621800 0.785029292 0.004199523 0.999780476 0.020523010 -1.747604012 0.005536731 -0.020546123 0.999773681 65.399574280
0.999977767 -0.003986098 -0.005346393 0.810555398 0.004094983 0.999781191 0.020512180 -1.756373525 0.005263459 -0.020533618 0.999775350 65.936843872
0.999979556 -0.004114248 -0.004898934 0.793219447 0.004213156 0.999783874 0.020353338 -1.751155496 0.004814137 -0.020373557 0.999780953 66.491271973
0.999986291 -0.003237273 -0.004113555 0.796662807 0.003321786 0.999780059 0.020707130 -1.754224777 0.004045615 -0.020720512 0.999777198 67.038421631
0.999976575 -0.004020289 -0.005537849 0.814625382 0.004133905 0.999778032 0.020659966 -1.773004055 0.005453561 -0.020682378 0.999771178 67.534454346
0.999979019 -0.004111269 -0.004992072 0.817779064 0.004212069 0.999783993 0.020352298 -1.769366860 0.004907320 -0.020372897 0.999780357 68.083091736
0.999975204 -0.004372815 -0.005514627 0.833865047 0.004485971 0.999776125 0.020676743 -1.781923413 0.005422976 -0.020700963 0.999770999 68.642715454
0.999981999 -0.003351823 -0.004974423 0.801617265 0.003454062 0.999779999 0.020688621 -1.791550159 0.004903983 -0.020705428 0.999773622 69.154701233
0.999975681 -0.004227241 -0.005551741 0.818616688 0.004339053 0.999784768 0.020284779 -1.792432308 0.005464797 -0.020308375 0.999778807 69.709999084
0.999982655 -0.003139629 -0.004987897 0.827090621 0.003240591 0.999787331 0.020363951 -1.802795768 0.004922902 -0.020379761 0.999780238 70.257179260
0.999985576 -0.001494213 -0.005155000 0.929285645 0.001600275 0.999785841 0.020632284 -1.821005583 0.005123068 -0.020640235 0.999773860 70.658515930
0.999981880 -0.003441213 -0.004925301 0.849912286 0.003544764 0.999769568 0.021172546 -1.822603226 0.004851305 -0.021189623 0.999763727 71.250953674
0.999980927 -0.003502937 -0.005095428 0.856953621 0.003608579 0.999775529 0.020873327 -1.831279755 0.005021167 -0.020891316 0.999769151 71.799224854
0.999981701 -0.003304855 -0.005056852 0.867161572 0.003409462 0.999777436 0.020819368 -1.826833248 0.004986921 -0.020836230 0.999770522 72.379035950
0.999983668 -0.003185692 -0.004742272 0.871606231 0.003281611 0.999787390 0.020358035 -1.821854353 0.004676409 -0.020373264 0.999781549 72.942344666
0.999981046 -0.003527226 -0.005037787 0.882333517 0.003634072 0.999765217 0.021359665 -1.843572617 0.004961264 -0.021377567 0.999759138 73.400550842
0.999980092 -0.003902481 -0.004973655 0.890891790 0.004009364 0.999757230 0.021664074 -1.849004745 0.004887904 -0.021683581 0.999752939 73.958961487
0.999980390 -0.004019900 -0.004819592 0.906807780 0.004118980 0.999776661 0.020727156 -1.832401633 0.004735195 -0.020746602 0.999773502 74.465721130
0.999979913 -0.003679567 -0.005166965 0.917428017 0.003789750 0.999762118 0.021478979 -1.846163511 0.005086702 -0.021498125 0.999755919 74.958557129
0.999981105 -0.003614578 -0.004973053 0.909065843 0.003720948 0.999760866 0.021548798 -1.867260098 0.004893973 -0.021566896 0.999755442 75.489395142
0.999979973 -0.003678063 -0.005154362 0.916544199 0.003787342 0.999764800 0.021354401 -1.867381096 0.005074607 -0.021373494 0.999758720 76.040603638
0.999975204 -0.004606481 -0.005325658 0.931843162 0.004716024 0.999773681 0.020742640 -1.864462972 0.005228903 -0.020767238 0.999770701 76.594177246
0.999977112 -0.004296315 -0.005240598 0.936088920 0.004405071 0.999771476 0.020920714 -1.878798723 0.005149519 -0.020943318 0.999767423 77.101615906
0.999980927 -0.003719487 -0.004929428 0.932874858 0.003824088 0.999763966 0.021382965 -1.877593756 0.004848731 -0.021401405 0.999759197 77.643844604
0.999981403 -0.003636413 -0.004890624 0.942626178 0.003740835 0.999761522 0.021514587 -1.878835082 0.004811221 -0.021532478 0.999756575 78.183837891
0.999980271 -0.003833255 -0.004978782 0.946364641 0.003937939 0.999767780 0.021189041 -1.877746224 0.004896405 -0.021208230 0.999763131 78.719581604
0.999978960 -0.004038073 -0.005071232 0.964125574 0.004144965 0.999765635 0.021247640 -1.886607885 0.004984243 -0.021268215 0.999761403 79.261512756
0.999990523 -0.003080681 -0.003056878 0.944268465 0.003145713 0.999763787 0.021502241 -1.883305669 0.002989914 -0.021511655 0.999764085 79.770484924
0.999994159 -0.003026973 -0.001582104 0.951258779 0.003060498 0.999761224 0.021635354 -1.898702741 0.001516236 -0.021640070 0.999764740 80.334350586
0.999992609 -0.003788134 -0.000656778 0.967676222 0.003800935 0.999777913 0.020730073 -1.891348600 0.000578105 -0.020732418 0.999784946 80.898948669
0.999995708 -0.002810048 0.000802508 0.956676245 0.002792770 0.999780297 0.020775862 -1.879170299 -0.000860712 -0.020773530 0.999783874 81.418632507
0.999990046 -0.003854397 0.002272418 1.077975512 0.003806692 0.999779820 0.020636419 -1.892352104 -0.002351458 -0.020627558 0.999784529 81.899063110
0.999971867 -0.002754636 0.006978396 1.006728411 0.002600832 0.999755561 0.021954080 -1.916777015 -0.007037166 -0.021935310 0.999734640 82.435691833
0.999943316 -0.001990418 0.010458349 1.034014940 0.001756550 0.999749243 0.022323620 -1.927113533 -0.010500161 -0.022303982 0.999696136 82.999893188
0.999897063 -0.002208117 0.014180221 1.060338855 0.001901428 0.999764860 0.021605115 -1.918826461 -0.014224591 -0.021575926 0.999666035 83.520988464
0.999784768 -0.000976046 0.020721547 1.076983213 0.000516775 0.999754369 0.022157703 -1.945785642 -0.020738082 -0.022142224 0.999539673 84.054740906
0.999643683 -0.001827357 0.026630754 1.118944645 0.001231893 0.999749362 0.022359261 -1.935284376 -0.026664933 -0.022318486 0.999395311 84.566612244
0.999482691 -0.001793054 0.032110922 1.123822927 0.001075138 0.999749362 0.022360697 -1.944788814 -0.032142967 -0.022314606 0.999234140 85.094161987
0.999190152 -0.001891723 0.040190976 1.176340342 0.000991422 0.999748349 0.022408696 -1.944423079 -0.040223259 -0.022350704 0.998940706 85.653633118
0.998790860 -0.000956324 0.049151652 1.214464188 -0.000137500 0.999752522 0.022245878 -1.956282854 -0.049160756 -0.022225741 0.998543501 86.175079346
0.998431683 -0.001736321 0.055956960 1.258923292 0.000511167 0.999759972 0.021901466 -1.949383855 -0.055981554 -0.021838514 0.998192966 86.738250732
0.997882187 -0.001667172 0.065027677 1.301246166 0.000254567 0.999763966 0.021725394 -1.954261780 -0.065048546 -0.021662826 0.997646928 87.312507629
0.997188866 -0.002792216 0.074877828 1.356210232 0.001162673 0.999761760 0.021797474 -1.960613012 -0.074920841 -0.021649132 0.996954441 87.832351685
0.996475399 -0.002378140 0.083851784 1.409786701 0.000466950 0.999739826 0.022804726 -1.988849640 -0.083884202 -0.022685198 0.996217251 88.341880798
0.995735586 -0.001738847 0.092237324 1.479603291 -0.000343593 0.999745548 0.022556307 -1.994674087 -0.092253067 -0.022491809 0.995481491 88.882675171
0.994670928 -0.001411248 0.103091069 1.559402943 -0.000952062 0.999737978 0.022871681 -1.996287584 -0.103096351 -0.022847947 0.994408965 89.421279907
0.993572056 -0.001852458 0.113186263 1.663557053 -0.000748711 0.999736726 0.022934480 -2.019977570 -0.113198936 -0.022871803 0.993309081 89.911697388
0.992416620 -0.002062998 0.122902200 1.736401558 -0.000771978 0.999734879 0.023014843 -2.015687943 -0.122917071 -0.022935191 0.992151976 90.400856018
0.991062641 -0.003128415 0.133360758 1.761312485 0.000087366 0.999740005 0.022802928 -1.994604111 -0.133397430 -0.022587482 0.990805149 90.768905640
0.989159346 -0.001333334 0.146840021 1.785234451 -0.001986895 0.999745727 0.022462208 -1.944952250 -0.146832600 -0.022510460 0.988905191 91.568161011
0.987453520 -0.001338362 0.157903954 1.892510414 -0.002155560 0.999756694 0.021953547 -1.947353363 -0.157894894 -0.022018481 0.987210512 92.114730835
0.985880375 -0.001371284 0.167445779 2.008673668 -0.002306764 0.999760330 0.021769132 -1.947633624 -0.167435512 -0.021848015 0.985640943 92.662605286
0.983665705 -0.001921425 0.179994941 2.127774239 -0.001972504 0.999767959 0.021452067 -1.944734216 -0.179994375 -0.021456704 0.983433604 93.212532043
0.981320143 -0.000779530 0.192380190 2.259538651 -0.003488085 0.999755323 0.021843558 -1.955466509 -0.192350134 -0.022106562 0.981077373 93.786247253
0.979107797 -0.000779665 0.203340173 2.441423416 -0.003638092 0.999765396 0.021351248 -1.958440661 -0.203309119 -0.021644944 0.978875339 94.323806763
0.976275802 -0.001106730 0.216527820 2.496269226 -0.003843634 0.999740720 0.022440026 -1.947825909 -0.216496542 -0.022739911 0.976018488 94.757225037
0.973200142 -0.002460020 0.229946554 2.649341583 -0.002747130 0.999747038 0.022322165 -1.946908236 -0.229943320 -0.022355631 0.972947180 95.279815674
0.970339358 -0.002953431 0.241728693 2.795675278 -0.002399438 0.999758422 0.021846756 -1.951595783 -0.241734833 -0.021778783 0.970097899 95.809280396
0.967207849 -0.001177933 0.253983557 2.952846527 -0.004663731 0.999738216 0.022396818 -1.962823153 -0.253943473 -0.022846889 0.966949224 96.296829224
0.963434994 -0.002114017 0.267933965 3.145505905 -0.004247926 0.999722660 0.023162536 -1.985583782 -0.267908633 -0.023453761 0.963158786 96.813133240
0.959940851 -0.002719682 0.280189455 3.327016830 -0.003632277 0.999748051 0.022148471 -1.977228880 -0.280179143 -0.022278948 0.959689200 97.341728210
0.956519365 -0.003606982 0.291646600 3.423059464 -0.002916748 0.999755263 0.021930741 -1.924782753 -0.291654319 -0.021827837 0.956274688 97.857933044
0.951936185 -0.002524642 0.306286067 3.603363037 -0.004323443 0.999755681 0.021677991 -1.925204992 -0.306265980 -0.021960273 0.951692581 98.399391174
0.947169662 -0.002022706 0.320726484 3.789705276 -0.005376481 0.999739528 0.022182828 -1.938773394 -0.320687801 -0.022735279 0.946912050 98.919029236
0.943414509 -0.004087661 0.331590652 3.983024597 -0.003283152 0.999759912 0.021665430 -1.940500975 -0.331599593 -0.021528142 0.943174541 99.417671204
0.939152002 -0.003926267 0.343479365 4.217361450 -0.003547342 0.999770522 0.021127500 -1.930651188 -0.343483508 -0.021060374 0.938922524 99.972885132
0.933445573 -0.002360151 0.358711362 4.403184891 -0.005850260 0.999745190 0.021801509 -1.958543062 -0.358671367 -0.022449074 0.933193922 100.454139709
0.928946257 -0.004752012 0.370184243 4.690668106 -0.003557312 0.999756992 0.021760538 -1.953841686 -0.370197654 -0.021531232 0.928703427 101.088897705
0.924136400 -0.003330569 0.382048249 4.892538071 -0.005640402 0.999734163 0.022358915 -1.990298748 -0.382021129 -0.022817589 0.923871875 101.584434509
0.918379307 -0.003409780 0.395686537 5.159832001 -0.005530772 0.999754608 0.021452056 -1.915362835 -0.395662576 -0.021889577 0.918135047 102.036712646
0.912604272 -0.003509898 0.408829242 5.407188416 -0.005725740 0.999755383 0.021364354 -1.920312166 -0.408804208 -0.021838047 0.912360787 102.533058167
0.907699525 -0.003277082 0.419607937 5.654434204 -0.006222253 0.999754488 0.021267982 -1.920795202 -0.419574589 -0.021915840 0.907456219 103.031623840
0.902328551 -0.004606538 0.431024224 5.909793854 -0.005001502 0.999763787 0.021155303 -1.928337574 -0.431019783 -0.021244805 0.902092397 103.512649536
0.895246685 -0.003528530 0.445556760 6.175971985 -0.006387530 0.999764323 0.020751819 -1.929102898 -0.445524931 -0.021424007 0.895013094 104.029037476
0.889298379 -0.004473574 0.457305521 6.461162567 -0.005429633 0.999778390 0.020339021 -1.914158106 -0.457295150 -0.020570461 0.889077067 104.568801880
0.883824110 -0.005501266 0.467786998 6.741317749 -0.004605540 0.999780118 0.020459194 -1.920799613 -0.467796683 -0.020236740 0.883604407 105.032585144
0.876370251 -0.004863916 0.481613427 7.030708313 -0.005656824 0.999776125 0.020390427 -1.925469398 -0.481604666 -0.020593964 0.876146615 105.527847290
