1.000000000 0.000000000 0.000000000 0.000000000 0.000000000 1.000000000 0.000000000 0.000000000 0.000000000 0.000000000 1.000000000 0.000000000
1.000000000 0.000162725 0.000124923 -0.003259495 -0.000162709 1.000000000 -0.000126538 0.002935326 -0.000124944 0.000126517 1.000000000 0.004470577
1.000000000 0.000109999 0.000039107 -0.000010555 -0.000109997 1.000000000 -0.000056898 0.001703387 -0.000039113 0.000056893 1.000000000 0.004440047
0.999999940 0.000283104 0.000094261 -0.000018440 -0.000283101 0.999999940 -0.000027270 0.001360785 -0.000094268 0.000027244 1.000000000 -0.001478730
1.000000000 0.000154452 0.000032056 0.001710788 -0.000154451 1.000000000 -0.000039993 0.001387229 -0.000032062 0.000039988 1.000000000 0.001302574
1.000000000 0.000047352 -0.000032846 0.000353776 -0.000047352 1.000000000 -0.000008154 0.000458434 0.000032846 0.000008156 1.000000000 0.000103345
1.000000000 0.000136822 0.000185105 -0.005666781 -0.000136799 1.000000000 -0.000123674 0.002418688 -0.000185121 0.000123648 1.000000000 0.002326812
1.000000000 0.000037189 0.000013864 -0.000164749 -0.000037189 1.000000000 0.000015786 0.000843615 -0.000013864 -0.000015786 1.000000000 -0.001089313
1.000000000 -0.000005656 0.000131507 -0.003931208 0.000005660 1.000000000 -0.000027100 0.001351095 -0.000131507 0.000027101 1.000000000 0.002171148
0.999999940 0.000218989 0.000211249 -0.003943527 -0.000218969 1.000000000 -0.000096381 0.000925329 -0.000211270 0.000096334 1.000000000 -0.000280482
1.000000000 0.000164952 0.000052310 0.001589825 -0.000164953 1.000000000 0.000026040 0.001039506 -0.000052306 -0.000026048 1.000000000 -0.003214249
1.000000000 0.000117886 0.000176883 -0.002787098 -0.000117877 1.000000000 -0.000049801 0.001407900 -0.000176889 0.000049780 1.000000000 -0.002249544
1.000000000 -0.000013764 0.000019342 -0.000877334 0.000013764 1.000000000 0.000006813 0.000398585 -0.000019342 -0.000006813 1.000000000 -0.007003265
1.000000000 -0.000067484 0.000109947 -0.001684528 0.000067483 1.000000000 0.000004040 -0.000245492 -0.000109947 -0.000004033 1.000000000 -0.000890100
1.000000000 0.000061687 0.000054875 0.000058120 -0.000061685 1.000000000 -0.000041012 0.000339408 -0.000054877 0.000041009 1.000000000 -0.003325642
1.000000000 -0.000190259 -0.000137093 0.003561369 0.000190255 1.000000000 -0.000032414 0.000091333 0.000137100 0.000032388 1.000000000 -0.006786754
1.000000000 -0.000093886 -0.000068641 0.002141192 0.000093885 1.000000000 -0.000008247 -0.001118005 0.000068641 0.000008240 1.000000000 -0.006926482
1.000000000 0.000024448 0.000139607 -0.002448735 -0.000024468 1.000000000 0.000147900 -0.003710893 -0.000139603 -0.000147903 1.000000000 -0.006310329
1.000000000 0.000050897 -0.000014733 0.000807868 -0.000050897 1.000000000 0.000036749 0.000799062 0.000014734 -0.000036748 1.000000000 -0.006431051
1.000000000 -0.000142685 -0.000017733 -0.000011212 0.000142685 1.000000000 0.000034224 -0.001157780 0.000017728 -0.000034227 1.000000000 -0.008136604
1.000000000 0.000028529 0.000069419 -0.000544180 -0.000028529 1.000000000 0.000010407 -0.000247689 -0.000069419 -0.000010409 1.000000000 -0.007049400
1.000000000 -0.000126187 0.000028814 0.000030553 0.000126185 1.000000000 0.000065937 -0.001826027 -0.000028822 -0.000065934 1.000000000 -0.004777683
1.000000000 0.000127217 0.000120259 -0.003072992 -0.000127212 1.000000000 -0.000036141 0.000364903 -0.000120264 0.000036126 1.000000000 0.000369270
1.000000000 -0.000040117 -0.000047199 0.001681355 0.000040116 1.000000000 -0.000018980 -0.000120906 0.000047200 0.000018978 1.000000000 -0.001667769
1.000000000 -0.000010510 0.000079851 -0.002762080 0.000010504 1.000000000 0.000081846 0.000421930 -0.000079851 -0.000081845 1.000000000 -0.000562970
1.000000000 -0.000036792 -0.000091178 0.003951468 0.000036785 1.000000000 -0.000074040 0.001775320 0.000091181 0.000074036 1.000000000 -0.006873063
1.000000000 -0.000063410 0.000072843 -0.002743340 0.000063416 1.000000000 -0.000087637 0.002439728 -0.000072837 0.000087642 1.000000000 -0.000077444
0.999999940 0.000288220 0.000165553 -0.004497501 -0.000288201 0.999999940 -0.000111958 0.001981698 -0.000165585 0.000111910 1.000000000 -0.000981094
1.000000000 0.000026451 0.000108058 -0.002897758 -0.000026451 1.000000000 0.000007878 0.001037362 -0.000108058 -0.000007881 1.000000000 0.000344567
1.000000000 -0.000053939 0.000020841 -0.003643511 0.000053940 1.000000000 -0.000044933 0.003056844 -0.000020839 0.000044934 1.000000000 -0.001564703
1.000000000 0.000026442 0.000083971 -0.003642547 -0.000026439 1.000000000 -0.000036622 0.001355449 -0.000083972 0.000036620 1.000000000 -0.000283373
1.000000000 -0.000054399 0.000074859 -0.003202075 0.000054389 1.000000000 0.000130026 0.000288774 -0.000074866 -0.000130022 1.000000000 0.002239377
1.000000000 -0.000161020 0.000026118 -0.003405293 0.000161019 1.000000000 0.000021920 0.000138830 -0.000026121 -0.000021916 1.000000000 -0.004907406
1.000000000 -0.000114916 -0.000009171 -0.001637416 0.000114917 1.000000000 0.000055977 0.000225125 0.000009164 -0.000055978 1.000000000 -0.006581689
0.999999940 0.000231258 0.000148261 -0.004081844 -0.000231256 1.000000000 -0.000015172 0.000878198 -0.000148265 0.000015138 1.000000000 -0.002223061
1.000000000 0.000026724 0.000167619 -0.004210957 -0.000026722 1.000000000 -0.000012155 0.001116515 -0.000167620 0.000012151 1.000000000 -0.000116213
1.000000000 0.000045282 0.000091135 -0.005266755 -0.000045280 1.000000000 -0.000018139 0.001902606 -0.000091136 0.000018135 1.000000000 -0.000664680
1.000000000 0.000049202 0.000070421 -0.003989474 -0.000049194 1.000000000 -0.000115196 0.002735877 -0.000070427 0.000115192 1.000000000 -0.001386483
1.000000000 -0.000135684 0.000037106 -0.002727538 0.000135682 1.000000000 0.000054639 0.001011006 -0.000037113 -0.000054634 1.000000000 0.000602951
1.000000000 -0.000103455 -0.000015310 0.000091821 0.000103457 1.000000000 0.000119444 -0.000556253 0.000015297 -0.000119446 1.000000000 -0.006711214
1.000000000 -0.000219668 -0.000025653 -0.002661576 0.000219668 1.000000000 0.000022763 -0.000725522 0.000025648 -0.000022768 1.000000000 -0.000844036
1.000000000 0.000081557 0.000084567 0.002407482 -0.000081512 0.999999881 -0.000527457 -0.005056349 -0.000084610 0.000527451 0.999999881 0.051079862
1.000000000 0.000014139 0.000005301 0.003449968 -0.000014132 0.999999166 -0.001270117 -0.003473208 -0.000005319 0.001270117 0.999999166 0.148107097
1.000000000 0.000024154 -0.000070834 0.004885967 -0.000024261 0.999998868 -0.001512915 -0.010255293 0.000070797 0.001512916 0.999998868 0.261271775
1.000000000 -0.000005883 0.000075373 0.002280339 0.000005987 0.999999046 -0.001377344 -0.016407477 -0.000075365 0.001377345 0.999999046 0.391496569
1.000000000 0.000013438 -0.000129837 0.005433049 -0.000013582 0.999999404 -0.001109533 -0.020473018 0.000129822 0.001109535 0.999999404 0.533729255
0.999999940 -0.000107170 -0.000221862 0.017234657 0.000106963 0.999999583 -0.000930195 -0.028860144 0.000221962 0.000930172 0.999999523 0.691421270
0.999999881 -0.000439903 -0.000133927 0.021816531 0.000439829 0.999999762 -0.000555363 -0.032229897 0.000134172 0.000555304 0.999999821 0.851266861
0.999999881 -0.000201996 -0.000416164 0.029029792 0.000201762 0.999999821 -0.000560693 -0.039031617 0.000416277 0.000560609 0.999999762 1.034593225
1.000000000 -0.000024910 0.000095700 0.015198145 0.000024968 0.999999821 -0.000607520 -0.045589093 -0.000095684 0.000607522 0.999999821 1.213051558
0.999999762 -0.000558978 -0.000369292 0.038992442 0.000558815 0.999999762 -0.000439896 -0.049960744 0.000369537 0.000439690 0.999999821 1.421278358
0.999999344 -0.000702274 -0.000923589 0.046371911 0.000702232 0.999999762 -0.000046132 -0.061277363 0.000923621 0.000045483 0.999999583 1.606435418
0.999983370 0.005726587 -0.000655717 0.052552290 -0.005727761 0.999981940 -0.001802056 -0.074372232 0.000645386 0.001805782 0.999998152 1.725548148
0.999984205 0.005583457 -0.000526929 0.063264914 -0.005584282 0.999983191 -0.001577317 -0.084710278 0.000518113 0.001580234 0.999998629 1.926075339
0.999985397 0.005332430 -0.000869173 0.069802217 -0.005333519 0.999984980 -0.001255146 -0.100415580 0.000862467 0.001259764 0.999998808 2.140295267
0.999984980 0.005425331 -0.000762947 0.076334521 -0.005426188 0.999984622 -0.001125172 -0.107292458 0.000756831 0.001129295 0.999998987 2.357431173
0.999981999 0.005937889 -0.000852432 0.080705792 -0.005938729 0.999981880 -0.000986353 -0.111370884 0.000846559 0.000991397 0.999999106 2.593122482
0.999982953 0.005839336 -0.000143302 0.077066086 -0.005839438 0.999982655 -0.000728866 -0.124387786 0.000139043 0.000729690 0.999999702 2.822501659
0.999984086 0.005610664 -0.000572724 0.089022011 -0.005611203 0.999983728 -0.000943695 -0.125467107 0.000567420 0.000946893 0.999999404 3.055314779
0.999982238 0.005962039 -0.000207074 0.086686805 -0.005962260 0.999981642 -0.001079209 -0.131703675 0.000200636 0.001080425 0.999999344 3.312843323
0.999983251 0.005773295 -0.000351256 0.094258778 -0.005773585 0.999983013 -0.000832625 -0.140308455 0.000346443 0.000834640 0.999999583 3.551676273
0.999978602 0.006522501 -0.000381291 0.102084741 -0.006522913 0.999978125 -0.001088260 -0.148764193 0.000374184 0.001090724 0.999999344 3.790629387
0.999983609 0.005702749 -0.000370748 0.110118285 -0.005703051 0.999983370 -0.000819993 -0.154212579 0.000366066 0.000822094 0.999999583 4.065012455
0.999981523 0.006079040 -0.000034928 0.102832682 -0.006079050 0.999981463 -0.000285566 -0.180411711 0.000033192 0.000285773 0.999999940 4.269481182
0.999978006 0.006626449 -0.000102757 0.113213293 -0.006626504 0.999977887 -0.000546176 -0.185541481 0.000099136 0.000546845 0.999999821 4.533435822
0.999981105 0.006150803 0.000273624 0.117006041 -0.006150727 0.999981046 -0.000278703 -0.194270998 -0.000275333 0.000277015 0.999999881 4.801222324
0.999975264 0.007028034 0.000260217 0.134060636 -0.007027865 0.999974966 -0.000649816 -0.201117948 -0.000264777 0.000647971 0.999999702 5.076784611
0.999977469 0.006713289 0.000135980 0.120708808 -0.006713285 0.999977410 -0.000029168 -0.213000134 -0.000136173 0.000028255 0.999999881 5.336284161
0.999980628 0.006203112 0.000380764 0.116586104 -0.006203197 0.999980748 0.000224422 -0.242467046 -0.000379364 -0.000226779 0.999999881 5.534830570
0.999977827 0.006657464 0.000279169 0.124677308 -0.006657510 0.999977827 0.000162970 -0.250838280 -0.000278078 -0.000164825 0.999999940 5.807517529
0.999981403 0.006078373 0.000450327 0.130245328 -0.006078438 0.999981523 0.000144860 -0.258604139 -0.000449438 -0.000147595 0.999999881 6.086096287
0.999971807 0.007418551 0.001101418 0.127230957 -0.007419236 0.999972224 0.000619054 -0.270804316 -0.001096795 -0.000627209 0.999999225 6.363491535
0.999980628 0.006209584 0.000089432 0.155268148 -0.006209644 0.999980450 0.000687453 -0.293441117 -0.000085162 -0.000687995 0.999999762 6.626170158
0.999981940 0.006010867 0.000234425 0.168116882 -0.006011048 0.999981701 0.000781286 -0.305282503 -0.000229724 -0.000782681 0.999999702 6.916868210
0.999981523 0.006063479 -0.000124189 0.180074289 -0.006063366 0.999981284 0.000884366 -0.315656483 0.000129549 -0.000883597 0.999999583 7.210950851
0.999980867 0.006184629 0.000106601 0.180954888 -0.006184701 0.999980688 0.000695004 -0.323377758 -0.000102301 -0.000695649 0.999999702 7.523826599
0.999984801 0.005505700 -0.000257599 0.210548520 -0.005505338 0.999983847 0.001385712 -0.347514361 0.000265224 -0.001384273 0.999998927 7.845345974
0.999983907 0.005673308 -0.000270780 0.216048941 -0.005673044 0.999983490 0.000967841 -0.352245897 0.000276266 -0.000966289 0.999999464 8.167019844
0.999985218 0.005416525 -0.000253258 0.228815839 -0.005416394 0.999985218 0.000514755 -0.353265077 0.000256042 -0.000513376 0.999999821 8.488878250
0.999985099 0.005439299 0.000349222 0.220190629 -0.005439754 0.999984384 0.001317612 -0.366563022 -0.000342050 -0.001319492 0.999999046 8.839702606
0.999983430 0.005747711 0.000332198 0.224782676 -0.005748143 0.999982536 0.001314132 -0.376518130 -0.000324639 -0.001316020 0.999999106 9.104564667
0.999985933 0.005305008 0.000112486 0.238482803 -0.005305127 0.999985278 0.001088143 -0.382895291 -0.000106712 -0.001088725 0.999999464 9.447683334
0.999985039 0.005456538 0.000282373 0.236404479 -0.005456890 0.999984324 0.001262272 -0.389337569 -0.000275481 -0.001263794 0.999999166 9.799778938
0.999982059 0.005947615 0.000628781 0.241968945 -0.005948508 0.999981284 0.001427394 -0.406017423 -0.000620279 -0.001431109 0.999998748 10.156865120
0.999986172 0.005257729 0.000238080 0.255341560 -0.005258138 0.999984562 0.001751070 -0.417780578 -0.000228870 -0.001752298 0.999998450 10.524896622
0.999986708 0.005140070 -0.000400923 0.299311966 -0.005139495 0.999985695 0.001422926 -0.425301880 0.000408231 -0.001420846 0.999998927 10.824123383
0.999982774 0.005864185 -0.000389949 0.302194178 -0.005863701 0.999982059 0.001232567 -0.438132703 0.000397170 -0.001230258 0.999999225 11.205389977
0.999987304 0.004999069 -0.000515932 0.317907125 -0.004998484 0.999986827 0.001126989 -0.443502367 0.000521560 -0.001124396 0.999999166 11.585155487
0.999979436 0.006417613 0.000191168 0.315552950 -0.006417980 0.999977410 0.001983413 -0.463848352 -0.000178435 -0.001984599 0.999998033 11.934682846
0.999982595 0.005881157 0.000405884 0.320564806 -0.005881886 0.999980986 0.001819929 -0.472133249 -0.000395173 -0.001822284 0.999998271 12.328310013
0.999985516 0.005372729 -0.000044464 0.334123433 -0.005372656 0.999984384 0.001519902 -0.482303619 0.000052629 -0.001519641 0.999998868 12.730278015
0.999987066 0.005076557 0.000314873 0.344930977 -0.005077376 0.999983549 0.002653315 -0.516249061 -0.000301398 -0.002654881 0.999996424 13.101822853
0.999983847 0.005612212 0.000827246 0.350323647 -0.005614168 0.999981344 0.002382103 -0.525086641 -0.000813862 -0.002386708 0.999996841 13.519110680
0.999981582 0.005918786 0.001302328 0.356088519 -0.005922755 0.999977767 0.003065731 -0.540535212 -0.001284154 -0.003073388 0.999994397 13.931663513
0.999988139 0.004752378 0.001014311 0.370001495 -0.004755458 0.999984026 0.003057204 -0.553052068 -0.000999766 -0.003061991 0.999994755 14.371340752
0.999984920 0.005297855 0.001426402 0.382514417 -0.005302733 0.999980032 0.003437430 -0.579698265 -0.001408162 -0.003444943 0.999993026 14.704697609
0.999985993 0.005073267 0.001484166 0.400639594 -0.005079304 0.999978721 0.004093216 -0.604193509 -0.001463369 -0.004100699 0.999990523 15.123719215
0.999982774 0.005583940 0.001786319 0.413207829 -0.005590344 0.999977946 0.003600579 -0.609291792 -0.001766174 -0.003610504 0.999991894 15.560071945
0.999981880 0.005760367 0.001771509 0.419817209 -0.005767167 0.999975860 0.003857580 -0.619478881 -0.001749246 -0.003867727 0.999991000 16.007883072
0.999983788 0.005121810 0.002468927 0.427184284 -0.005130183 0.999981046 0.003397148 -0.624634326 -0.002451480 -0.003409758 0.999991179 16.456932068
0.999983490 0.005181311 0.002489594 0.453192323 -0.005192733 0.999975920 0.004603336 -0.668576658 -0.002465682 -0.004616186 0.999986291 16.887107849
0.999982357 0.005321309 0.002621247 0.463607937 -0.005332523 0.999976575 0.004289745 -0.678428054 -0.002598359 -0.004303647 0.999987364 17.341686249
0.999977648 0.005750897 0.003407401 0.472229600 -0.005767725 0.999971092 0.004949740 -0.700909197 -0.003378838 -0.004969283 0.999981940 17.810874939
0.999977052 0.005428487 0.004058195 0.483072519 -0.005446306 0.999975562 0.004392634 -0.702633321 -0.004034251 -0.004414635 0.999982119 18.285058975
0.999979556 0.005103548 0.003853453 0.488452017 -0.005123275 0.999973774 0.005127181 -0.726860881 -0.003827185 -0.005146818 0.999979436 18.692708969
0.999976397 0.005818478 0.003659536 0.507449508 -0.005836365 0.999970973 0.004896303 -0.735626459 -0.003630941 -0.004917546 0.999981284 19.173725128
0.999981880 0.005172951 0.003073845 0.524474144 -0.005188950 0.999972939 0.005220372 -0.749033093 -0.003046756 -0.005236228 0.999981642 19.657949448
0.999978423 0.005529533 0.003527671 0.532684922 -0.005548059 0.999970794 0.005263940 -0.763904214 -0.003498460 -0.005283399 0.999979973 20.147552490
0.999981761 0.005130416 0.003184419 0.563366413 -0.005147723 0.999971867 0.005450840 -0.789918244 -0.003156364 -0.005467133 0.999980032 20.611124039
0.999979854 0.005625955 0.002948900 0.569913089 -0.005640176 0.999972343 0.004836218 -0.785734057 -0.002921610 -0.004852753 0.999983966 21.131198883
0.999981046 0.005478808 0.002805801 0.582109571 -0.005492718 0.999972582 0.004974508 -0.813546419 -0.002778470 -0.004989826 0.999983728 21.643064499
0.999980867 0.005633525 0.002539645 0.588459492 -0.005646604 0.999970675 0.005172548 -0.823376536 -0.002510431 -0.005186790 0.999983430 22.129205704
0.999983490 0.005523534 0.001586739 0.613197446 -0.005532574 0.999968171 0.005750347 -0.845235467 -0.001554926 -0.005759031 0.999982178 22.587497711
0.999984622 0.005448797 0.001049720 0.622149408 -0.005455261 0.999965549 0.006255656 -0.867784500 -0.001015598 -0.006261286 0.999979854 23.129871368
0.999988854 0.004649535 0.000806273 0.618737936 -0.004654049 0.999972939 0.005689370 -0.878923655 -0.000779798 -0.005693059 0.999983430 23.666429520
0.999980986 0.006166556 -0.000173994 0.645332813 -0.006165502 0.999965727 0.005520399 -0.878493905 0.000208030 -0.005519221 0.999984741 24.150674820
0.999981582 0.006030197 -0.000717877 0.655229568 -0.006025986 0.999965370 0.005731347 -0.889038086 0.000752413 -0.005726914 0.999983370 24.686048508
0.999979138 0.006188246 -0.001809116 0.663964033 -0.006178229 0.999965966 0.005490346 -0.890215337 0.001843030 -0.005479055 0.999983251 25.238126755
0.999979436 0.006268103 -0.001343174 0.670455098 -0.006260655 0.999965370 0.005478863 -0.909286916 0.001377470 -0.005470341 0.999984086 25.747146606
0.999977410 0.006580655 -0.001359940 0.678635418 -0.006572390 0.999960363 0.005995815 -0.919902503 0.001399343 -0.005986741 0.999981046 26.294456482
0.999976933 0.006595882 -0.001589716 0.691481471 -0.006585479 0.999957442 0.006462668 -0.943412304 0.001632276 -0.006452051 0.999977827 26.842176437
0.999970317 0.007351197 -0.002317532 0.703538060 -0.007337074 0.999954820 0.006045074 -0.958698273 0.002361866 -0.006027891 0.999979019 27.386283875
0.999970913 0.007069268 -0.002889176 0.710979402 -0.007053545 0.999960482 0.005416798 -0.963904858 0.002927355 -0.005396261 0.999981105 27.936845779
0.999968290 0.007521595 -0.002614725 0.717657804 -0.007505056 0.999952137 0.006278772 -0.987514794 0.002661827 -0.006258950 0.999976814 28.472126007
0.999976575 0.005929332 -0.003450172 0.737401247 -0.005905804 0.999959528 0.006790338 -1.005177259 0.003490295 -0.006769804 0.999970973 29.013143539
0.999974430 0.006045679 -0.003820570 0.746208549 -0.006017835 0.999955595 0.007258063 -1.016421199 0.003864280 -0.007234886 0.999966383 29.560150146
0.999973118 0.006229484 -0.003862913 0.750195384 -0.006203507 0.999958336 0.006700548 -1.031139731 0.003904492 -0.006676404 0.999970078 30.090429306
0.999971449 0.006352003 -0.004074872 0.760009348 -0.006322085 0.999953270 0.007313228 -1.048863888 0.004121135 -0.007287258 0.999964952 30.648315430
0.999968231 0.006426115 -0.004720278 0.775744259 -0.006392198 0.999953926 0.007165625 -1.056122899 0.004766107 -0.007135223 0.999963224 31.178207397
0.999967277 0.006715586 -0.004502780 0.775985956 -0.006684077 0.999953270 0.006976612 -1.080675244 0.004549420 -0.006946289 0.999965549 31.702310562
0.999968052 0.006762265 -0.004246185 0.778091311 -0.006730226 0.999949038 0.007514776 -1.088607311 0.004296785 -0.007485959 0.999962747 32.252597809
0.999967515 0.006602779 -0.004616965 0.779631495 -0.006567478 0.999949455 0.007619432 -1.110310197 0.004667040 -0.007588863 0.999960303 32.768283844
0.999963343 0.006965759 -0.004979802 0.788396120 -0.006930380 0.999950886 0.007086798 -1.112384200 0.005028923 -0.007052027 0.999962509 33.328002930
0.999957144 0.008009886 -0.004644866 0.791419744 -0.007976595 0.999942720 0.007141851 -1.125217319 0.004701805 -0.007104496 0.999963701 33.862525940
0.999962509 0.007119677 -0.004928512 0.796702147 -0.007082268 0.999946296 0.007566637 -1.135630727 0.004982119 -0.007531449 0.999959230 34.373176575
0.999960482 0.007051823 -0.005416677 0.802867472 -0.007007376 0.999941945 0.008181182 -1.166235924 0.005474056 -0.008142903 0.999951839 34.961036682
0.999963641 0.006373249 -0.005659003 0.840349495 -0.006326968 0.999946654 0.008159026 -1.190913439 0.005710701 -0.008122923 0.999950647 35.475887299
0.999957502 0.007201375 -0.005760615 0.843454659 -0.007155895 0.999943435 0.007877045 -1.198554993 0.005817015 -0.007835489 0.999952376 36.027954102
0.999960005 0.006601716 -0.006027875 0.860986352 -0.006555091 0.999948680 0.007722296 -1.206454039 0.006078546 -0.007682474 0.999951959 36.548793793
0.999963045 0.006148619 -0.005993770 0.870835304 -0.006099902 0.999948502 0.008112519 -1.224939346 0.006043341 -0.008075658 0.999949098 37.122085571
0.999957502 0.006797163 -0.006221258 0.879944801 -0.006745929 0.999943554 0.008219469 -1.237601161 0.006276775 -0.008177155 0.999946892 37.675354004
0.999960363 0.005982352 -0.006589129 0.901677966 -0.005930883 0.999952018 0.007803171 -1.238225579 0.006635493 -0.007763782 0.999947846 38.233173370
0.999959350 0.005877480 -0.006839343 0.897760272 -0.005821339 0.999949455 0.008199789 -1.259675741 0.006887191 -0.008159643 0.999943018 38.769950867
0.999964535 0.005115508 -0.006689379 0.909290314 -0.005050666 0.999940395 0.009674541 -1.311444998 0.006738471 -0.009640411 0.999930799 39.285064697
0.999963105 0.005349884 -0.006727129 0.913172245 -0.005287592 0.999943316 0.009243752 -1.319682121 0.006776201 -0.009207839 0.999934673 39.818099976
0.999964178 0.005483286 -0.006438700 0.922581315 -0.005420673 0.999938250 0.009702166 -1.340504646 0.006491501 -0.009666916 0.999932230 40.354473114
0.999960661 0.005394536 -0.007043561 0.941663027 -0.005328081 0.999941409 0.009419749 -1.346177340 0.007093964 -0.009381847 0.999930859 40.941532135
0.999957502 0.005909496 -0.007076620 0.936665297 -0.005838663 0.999933124 0.009988582 -1.363995075 0.007135175 -0.009946839 0.999925077 41.479057312
0.999960601 0.005593263 -0.006895388 0.967634201 -0.005524042 0.999934554 0.010017339 -1.379598737 0.006950967 -0.009978854 0.999926031 41.960197449
0.999957025 0.005835452 -0.007205767 0.978245556 -0.005763337 0.999933481 0.009988526 -1.385761023 0.007263576 -0.009946567 0.999924123 42.516185760
0.999960721 0.005572942 -0.006889438 0.979808807 -0.005501609 0.999931514 0.010329883 -1.409073114 0.006946533 -0.010291575 0.999922872 43.028617859
0.999961376 0.005505580 -0.006846042 0.988947749 -0.005434484 0.999931574 0.010360602 -1.415573120 0.006902615 -0.010322995 0.999922872 43.563972473
0.999960124 0.005642849 -0.006918661 1.000714302 -0.005572662 0.999933183 0.010122268 -1.420471191 0.006975316 -0.010083311 0.999924779 44.107387543
0.999961555 0.005679400 -0.006668727 1.010740519 -0.005611933 0.999933422 0.010092233 -1.432068110 0.006725600 -0.010054423 0.999926805 44.653400421
0.999961793 0.005816516 -0.006529431 1.013341546 -0.005750619 0.999932766 0.010066085 -1.440508366 0.006587542 -0.010028152 0.999927998 45.176910400
0.999959946 0.006246664 -0.006397893 1.033752084 -0.006182753 0.999931335 0.009960671 -1.459330678 0.006459675 -0.009920718 0.999929905 45.715152740
0.999957621 0.006672329 -0.006347807 1.045951605 -0.006605794 0.999923646 0.010445506 -1.475797176 0.006417018 -0.010403129 0.999925315 46.236087799
0.999957383 0.006449899 -0.006602219 1.058816671 -0.006380963 0.999925554 0.010409566 -1.484974265 0.006668868 -0.010366992 0.999924064 46.782798767
0.999956071 0.006986379 -0.006246713 1.049480557 -0.006920634 0.999921083 0.010485037 -1.486975551 0.006319472 -0.010441344 0.999925554 47.314514160
0.999960780 0.006233961 -0.006294747 1.071968198 -0.006164553 0.999920785 0.010986107 -1.512663841 0.006362734 -0.010946873 0.999919832 47.851268768
0.999958158 0.006427365 -0.006508126 1.084071517 -0.006354667 0.999917924 0.011130075 -1.523330331 0.006579129 -0.011088253 0.999916852 48.405204773
0.999957919 0.006874193 -0.006070127 1.090217590 -0.006804822 0.999912083 0.011375917 -1.536003709 0.006147794 -0.011334132 0.999916911 48.948829651
0.999959350 0.006170836 -0.006563056 1.111439109 -0.006097615 0.999919593 0.011118593 -1.551518202 0.006631139 -0.011078124 0.999916673 49.477451324
0.999954045 0.006839569 -0.006721219 1.114620209 -0.006765737 0.999917150 0.010946892 -1.561894894 0.006795535 -0.010900915 0.999917567 50.032966614
0.999957800 0.006416266 -0.006579036 1.120533228 -0.006340044 0.999913216 0.011541776 -1.575007439 0.006652521 -0.011499579 0.999911726 50.541042328
0.999958098 0.006539308 -0.006419359 1.118057728 -0.006464154 0.999911129 0.011659196 -1.585486889 0.006495032 -0.011617213 0.999911427 51.081569672
0.999957144 0.006603851 -0.006493551 1.135931730 -0.006529849 0.999914289 0.011352093 -1.590178251 0.006567962 -0.011309206 0.999914408 51.621883392
0.999956012 0.007166787 -0.006051457 1.141297460 -0.007094868 0.999904871 0.011823636 -1.605476856 0.006135618 -0.011780183 0.999911785 52.156539917
0.999956250 0.007110447 -0.006076941 1.147008777 -0.007042720 0.999913692 0.011094744 -1.609597445 0.006155305 -0.011051458 0.999920011 52.698974609
0.999955177 0.007661449 -0.005549129 1.146001458 -0.007597439 0.999905407 0.011465720 -1.625656366 0.005636448 -0.011423049 0.999918878 53.199710846
0.999954045 0.008291696 -0.004812815 1.154471159 -0.008235172 0.999898255 0.011647691 -1.633665323 0.004908904 -0.011607522 0.999920547 53.790924072
0.999956429 0.007195218 -0.005940658 1.180553555 -0.007123347 0.999902189 0.012031860 -1.661896229 0.006026648 -0.011989018 0.999909997 54.292655945
0.999954700 0.007581141 -0.005757398 1.185877681 -0.007511904 0.999900341 0.011953660 -1.667356253 0.005847447 -0.011909869 0.999912024 54.838088989
0.999957204 0.007514738 -0.005409853 1.180696249 -0.007447839 0.999896765 0.012281914 -1.689356804 0.005501591 -0.012241096 0.999909937 55.381381989
0.999958992 0.006907536 -0.005859165 1.224254251 -0.006836779 0.999904394 0.012011554 -1.682941556 0.005941576 -0.011971003 0.999910712 55.901123047
0.999956906 0.007085310 -0.005994875 1.225980163 -0.007007674 0.999892533 0.012873905 -1.714069843 0.006085447 -0.012831340 0.999899149 56.402103424
0.999956727 0.007066593 -0.006041262 1.234843493 -0.006987828 0.999891579 0.012960911 -1.730544567 0.006132197 -0.012918135 0.999897718 56.977344513
0.999954820 0.007742943 -0.005504619 1.247266531 -0.007670803 0.999885976 0.013008014 -1.734870791 0.005604712 -0.012965203 0.999900222 57.494998932
0.999957502 0.007397569 -0.005495657 1.249377489 -0.007328205 0.999894559 0.012536097 -1.739490986 0.005587816 -0.012495291 0.999906301 58.016006470
0.999957323 0.007486134 -0.005405399 1.255330563 -0.007418417 0.999895096 0.012440665 -1.748959064 0.005497965 -0.012400036 0.999907970 58.555332184
0.999957502 0.007731035 -0.005021108 1.260221839 -0.007669040 0.999895453 0.012251078 -1.761447191 0.005115297 -0.012212051 0.999912381 59.093166351
0.999960124 0.007449452 -0.004919522 1.271811485 -0.007385560 0.999889731 0.012880433 -1.767038107 0.005014934 -0.012843586 0.999904931 59.631397247
0.999960184 0.007336109 -0.005078198 1.285898447 -0.007270972 0.999892533 0.012728547 -1.780065060 0.005171031 -0.012691115 0.999906123 60.181438446
0.999955416 0.008013264 -0.005001413 1.300614953 -0.007947288 0.999882936 0.013075086 -1.792097688 0.005105603 -0.013034754 0.999902010 60.716129303
0.999956250 0.007203808 -0.005961592 1.346135974 -0.007123552 0.999885201 0.013375587 -1.830695868 0.006057263 -0.013332535 0.999892771 61.239238739
0.999957502 0.007810807 -0.004921156 1.359551430 -0.007743402 0.999877930 0.013570487 -1.839811921 0.005026554 -0.013531803 0.999895811 61.775474548
0.999954581 0.008160708 -0.004943399 1.359688044 -0.008089452 0.999865472 0.014266982 -1.852921605 0.005059162 -0.014226343 0.999886036 62.312705994
0.999953091 0.008334259 -0.004920972 1.370617628 -0.008266325 0.999872446 0.013667424 -1.858016968 0.005034252 -0.013626105 0.999894500 62.863136292
0.999951541 0.008744690 -0.004523222 1.390697956 -0.008682095 0.999868751 0.013677578 -1.861945868 0.004642235 -0.013637645 0.999896169 63.375854492
0.999952376 0.008654989 -0.004512277 1.384516120 -0.008590158 0.999862313 0.014194232 -1.874775648 0.004634507 -0.014154796 0.999889076 63.911888123
0.999946773 0.009192697 -0.004694325 1.406596899 -0.009124882 0.999856591 0.014268365 -1.889292955 0.004824816 -0.014224770 0.999887109 64.452186584
0.999949276 0.009458685 -0.003459065 1.442071319 -0.009411159 0.999864459 0.013506995 -1.868430138 0.003586357 -0.013473756 0.999902785 64.960220337
0.999947786 0.009735278 -0.003123892 1.454105854 -0.009692681 0.999863565 0.013373059 -1.883885264 0.003253658 -0.013342083 0.999905705 65.492164612
0.999943316 0.010265873 -0.002817376 1.450140953 -0.010227688 0.999859869 0.013248791 -1.880105257 0.002952992 -0.013219225 0.999908268 66.066848755
0.999947965 0.009598189 -0.003453911 1.476548195 -0.009551561 0.999866247 0.013272566 -1.890624762 0.003580842 -0.013238884 0.999905884 66.607833862
0.999942482 0.010343866 -0.002840847 1.506413221 -0.010305340 0.999859154 0.013256568 -1.904836178 0.002977571 -0.013226528 0.999908030 67.098304749
0.999947846 0.009818900 -0.002814726 1.515319943 -0.009781897 0.999869347 0.012872125 -1.907798052 0.002940748 -0.012843921 0.999913156 67.639328003
0.999936998 0.010943256 -0.002498528 1.517092109 -0.010907748 0.999845266 0.013807927 -1.934688687 0.002649245 -0.013779804 0.999901533 68.184135437
0.999937773 0.010930179 -0.002235999 1.535708427 -0.010900429 0.999857128 0.012910625 -1.925403357 0.002376795 -0.012885448 0.999914110 68.704887390
0.999935269 0.011190899 -0.002012075 1.561610937 -0.011162184 0.999843001 0.013756767 -1.940367937 0.002165710 -0.013733419 0.999903262 69.231109619
0.999933183 0.011366627 -0.002080037 1.564524531 -0.011337488 0.999844253 0.013521818 -1.945526123 0.002233410 -0.013497333 0.999906361 69.784980774
0.999928594 0.011796074 -0.001870889 1.584560990 -0.011770206 0.999842465 0.013282406 -1.964274406 0.002027275 -0.013259439 0.999909937 70.304641724
0.999941111 0.010490359 -0.002773991 1.631149888 -0.010453820 0.999862492 0.012873961 -1.966228724 0.002908661 -0.012844203 0.999913275 70.838569641
0.999933541 0.011036076 -0.003323525 1.690062881 -0.010989661 0.999846041 0.013674088 -2.006860733 0.003473921 -0.013636655 0.999900997 71.275047302
0.999939322 0.010876806 -0.001737619 1.645946026 -0.010852626 0.999851763 0.013366807 -2.017677069 0.001882748 -0.013347138 0.999909103 71.834785461
0.999937475 0.011088714 -0.001414731 1.651830316 -0.011068622 0.999847591 0.013496748 -2.022296190 0.001564177 -0.013480245 0.999907911 72.395576477
0.999932110 0.011570290 -0.001300730 1.661431432 -0.011552389 0.999848545 0.013015971 -2.033335447 0.001451131 -0.013000062 0.999914348 72.958724976
0.999942243 0.010684879 -0.001106209 1.683818460 -0.010668527 0.999846995 0.013860495 -2.058900118 0.001254137 -0.013847892 0.999903321 73.492286682
0.999913990 0.013111943 -0.000208961 1.696845174 -0.013107755 0.999816835 0.013945182 -2.069055319 0.000391771 -0.013941245 0.999902725 73.966598511
0.999931872 0.011644048 0.000725608 1.653741241 -0.011652458 0.999848485 0.012930724 -2.062731743 -0.000574931 -0.012938300 0.999916077 74.502105713
0.999928951 0.011880307 0.001004072 1.671432853 -0.011892454 0.999843359 0.013108580 -2.074477434 -0.000848180 -0.013119590 0.999913573 75.036827087
0.999932289 0.011599357 0.000863696 1.695916414 -0.011609619 0.999847829 0.013016406 -2.090180159 -0.000712583 -0.013025552 0.999914944 75.599281311
0.999941230 0.010821857 0.000592869 1.715193391 -0.010828577 0.999858856 0.012838179 -2.077319860 -0.000453852 -0.012843844 0.999917388 76.131118774
0.999931693 0.011444253 0.002341810 1.674172401 -0.011474239 0.999846756 0.013219424 -2.107672215 -0.002190165 -0.013245389 0.999909818 76.640777588
0.999923766 0.012067614 0.002584459 1.690242767 -0.012099660 0.999845207 0.012764963 -2.116800547 -0.002430017 -0.012795261 0.999915123 77.197975159
0.999926090 0.011911790 0.002386154 1.718007088 -0.011943343 0.999835074 0.013677137 -2.135216951 -0.002222840 -0.013704627 0.999903619 77.719146729
0.999924183 0.011558041 0.004248483 1.675819874 -0.011610532 0.999853909 0.012545561 -2.117268324 -0.004102859 -0.012593941 0.999912262 78.256980896
0.999909282 0.012512980 0.004996773 1.684219837 -0.012573091 0.999846756 0.012185302 -2.121371984 -0.004843533 -0.012247022 0.999913216 78.815368652
0.999904037 0.012343235 0.006291048 1.702214956 -0.012419300 0.999848425 0.012198811 -2.134966612 -0.006139521 -0.012275767 0.999905705 79.389114380
0.999886870 0.011794988 0.009345178 1.682913542 -0.011910719 0.999851763 0.012426448 -2.136596203 -0.009197225 -0.012536352 0.999879122 79.883857727
0.999860287 0.012559008 0.011028761 1.685068369 -0.012697546 0.999840140 0.012582592 -2.144789457 -0.010868973 -0.012720872 0.999859989 80.453720093
0.999867439 0.011428585 0.011595132 1.697337866 -0.011573781 0.999854386 0.012533186 -2.131406546 -0.011450209 -0.012665726 0.999854207 80.958976746
0.999817848 0.011249523 0.015419689 1.749665856 -0.011450548 0.999849737 0.013011164 -2.163673639 -0.015271003 -0.013185357 0.999796450 81.492156982
0.999733925 0.012676830 0.019270862 1.778949857 -0.012935378 0.999827266 0.013351642 -2.174545288 -0.019098274 -0.013597366 0.999725163 82.034515381
0.999664485 0.012469257 0.022702985 1.796750546 -0.012771827 0.999830961 0.013231520 -2.180619955 -0.022534158 -0.013517039 0.999654651 82.573913574
0.999579430 0.012141482 0.026333224 1.829820275 -0.012486641 0.999837816 0.012982823 -2.185615063 -0.026171319 -0.013306177 0.999568939 83.101142883
0.999366939 0.007255241 0.034830134 1.798894763 -0.007675486 0.999899089 0.011946972 -2.142310858 -0.034739949 -0.012206749 0.999321818 83.783737183
0.999149740 0.006734881 0.040674739 1.834526539 -0.007219829 0.999904394 0.011787441 -2.147126198 -0.040591471 -0.012071082 0.999102890 84.333335876
0.998883128 0.007392481 0.046668522 1.884129524 -0.007979213 0.999891341 0.012398573 -2.165259123 -0.046571799 -0.012757098 0.998833477 84.859016418
0.998532653 0.000919348 0.054145113 1.997258663 -0.001435044 0.999953926 0.009486224 -2.168481827 -0.054133903 -0.009550005 0.998487949 85.770927429
0.998042345 0.001088533 0.062530883 2.069383860 -0.001688120 0.999953091 0.009536612 -2.191051960 -0.062517561 -0.009623501 0.997997463 86.293266296
0.997577131 0.001476746 0.069553696 2.109118938 -0.002161214 0.999949932 0.009766631 -2.187969208 -0.069535784 -0.009893290 0.997530460 86.856964111
0.996929824 0.000363230 0.078298263 2.169520378 -0.001050253 0.999961197 0.008733443 -2.198205948 -0.078292057 -0.008788862 0.996891677 87.457374573
0.996068239 0.001556556 0.088576131 2.247536182 -0.002405082 0.999952257 0.009473720 -2.219979286 -0.088557146 -0.009649505 0.996024370 87.977882385
0.995269775 -0.004662668 0.097037576 2.424910545 0.003813642 0.999952853 0.008933105 -2.367500782 -0.097074658 -0.008520779 0.995240569 88.840721130
0.994459271 -0.004680846 0.105018049 2.501517773 0.003807822 0.999956548 0.008512057 -2.374909639 -0.105053328 -0.008065003 0.994433880 89.387954712
0.993275166 -0.004290951 0.115698256 2.596594810 0.003241995 0.999952018 0.009252969 -2.394790173 -0.115732402 -0.008815654 0.993241251 89.922073364
0.992061555 -0.005669804 0.125625312 2.688514709 0.004630476 0.999952614 0.008563709 -2.397833347 -0.125667915 -0.007914019 0.992040753 90.468620300
0.990694344 -0.003327034 0.136064753 2.749387741 0.002136217 0.999958098 0.008896913 -2.413620949 -0.136088669 -0.008523457 0.990660012 90.974975586
0.989098907 -0.002897865 0.147223890 2.850147247 0.001633423 0.999960780 0.008708736 -2.413920164 -0.147243351 -0.008373323 0.989064872 91.525329590
0.987237871 -0.002981059 0.159224510 2.950778961 0.001624788 0.999961376 0.008647485 -2.426126242 -0.159244120 -0.008278419 0.987204552 92.081771851
0.985390127 -0.005990237 0.170206949 3.080673218 0.004532893 0.999949694 0.008949504 -2.444111347 -0.170251995 -0.008047219 0.985367715 92.609863281
0.983798623 -0.006557716 0.179156736 3.201406479 0.004996244 0.999945462 0.009165494 -2.451473236 -0.179207087 -0.008121890 0.983777881 93.151016235
0.981439292 -0.006830619 0.191651151 3.323552132 0.005106072 0.999942005 0.009490794 -2.469662428 -0.191704854 -0.008336053 0.981417239 93.675132751
0.978749096 -0.003987823 0.205022633 3.440630913 0.002182125 0.999956846 0.009032650 -2.480836391 -0.205049783 -0.008393314 0.978715479 94.190612793
0.976484656 -0.004560133 0.215538487 3.577360153 0.002692096 0.999956310 0.008959612 -2.486168385 -0.215569898 -0.008168676 0.976454198 94.737358093
0.973562241 -0.004919725 0.228369087 3.730745316 0.002982502 0.999956608 0.008827205 -2.500877142 -0.228402585 -0.007912723 0.973534644 95.245735168
0.970222712 -0.006887684 0.242116451 3.872215271 0.004615086 0.999939799 0.009952267 -2.505130053 -0.242170438 -0.008538527 0.970196128 95.721839905
0.967341483 -0.006902285 0.253382713 4.033334732 0.004592816 0.999942303 0.009704947 -2.515267611 -0.253435075 -0.008224259 0.967317462 96.261108398
0.964107394 -0.006882280 0.265423447 4.221240997 0.004359683 0.999939561 0.010092027 -2.533909082 -0.265476853 -0.008572636 0.964079142 96.756858826
0.960103035 -0.007441172 0.279547513 4.391990662 0.004881363 0.999939680 0.009852032 -2.529591560 -0.279603869 -0.008094398 0.960081339 97.330535889
0.956474423 -0.008051779 0.291705042 4.585979462 0.005444209 0.999937654 0.009749675 -2.540822029 -0.291765422 -0.007737212 0.956458628 97.841171265
0.952977180 -0.008657001 0.302918285 4.784957886 0.005830817 0.999930620 0.010232998 -2.558998108 -0.302985847 -0.007985553 0.952961624 98.365814209
0.948064804 -0.006406299 0.318012595 4.949640274 0.003358983 0.999943078 0.010129791 -2.561326027 -0.318059325 -0.008535497 0.948032379 98.936119080
0.943564773 -0.008267854 0.331084669 5.172607422 0.005103920 0.999932587 0.010424576 -2.560438633 -0.331148535 -0.008146436 0.943543494 99.413589478
0.939876497 -0.009583003 0.341380000 5.398843765 0.006467392 0.999926448 0.010263486 -2.566966057 -0.341453224 -0.007438571 0.939869344 99.932388306
0.935075343 -0.009298678 0.354326785 5.589353561 0.005995125 0.999927700 0.010420078 -2.580059290 -0.354398072 -0.007619324 0.935063660 100.409797668
0.929360509 -0.009275574 0.369056821 5.830492020 0.005708248 0.999925792 0.010756783 -2.598584414 -0.369129241 -0.007890261 0.929344535 100.951553345
0.924504161 -0.010388283 0.381030321 6.051063538 0.006848182 0.999919832 0.010645553 -2.612969875 -0.381110340 -0.007232493 0.924501300 101.495468140
0.919418573 -0.009238472 0.393171936 6.307401657 0.005412285 0.999926627 0.010839130 -2.605886459 -0.393243134 -0.007837735 0.919401109 102.004249573
0.913574994 -0.010292260 0.406540155 6.566432953 0.006507041 0.999921620 0.010692144 -2.611290932 -0.406618357 -0.007122700 0.913570464 102.511535645
0.907683611 -0.010650209 0.419519991 6.813732147 0.006913510 0.999921799 0.010426434 -2.623099804 -0.419598192 -0.006563544 0.907686234 102.973159790
0.902532876 -0.010947119 0.430481791 7.054885864 0.006779106 0.999914110 0.011214909 -2.630814075 -0.430567622 -0.007203539 0.902529597 103.464309692
0.896672249 -0.010386962 0.442573130 7.314117432 0.006005237 0.999918044 0.011300693 -2.641886711 -0.442654282 -0.007475260 0.896661282 103.938026428
0.889572084 -0.010616919 0.456671447 7.590682983 0.006292420 0.999919832 0.010989316 -2.649368048 -0.456751436 -0.006902221 0.889567554 104.457405090
0.883747458 -0.011627522 0.467819661 7.876045227 0.007300421 0.999912202 0.011061464 -2.658584595 -0.467907161 -0.006360261 0.883754671 104.926361084
0.877679348 -0.011435905 0.479111820 8.150119781 0.007006649 0.999914587 0.011031528 -2.661170959 -0.479197115 -0.006325176 0.877684534 105.408874512
0.870156348 -0.011005602 0.492652923 8.438282013 0.006241500 0.999916494 0.011313445 -2.674201250 -0.492736280 -0.006769572 0.870152295 105.878379822
