1.000000000 0.000000000 0.000000000 0.000000000 0.000000000 1.000000000 0.000000000 0.000000000 0.000000000 0.000000000 1.000000000 0.000000000
1.000000000 -0.000071408 -0.000026709 0.000208238 0.000071407 1.000000000 -0.000038154 0.000089528 0.000026712 0.000038152 1.000000000 0.000018100
1.000000000 0.000012198 -0.000000053 -0.000415006 -0.000012198 1.000000000 0.000033962 -0.000186626 0.000000053 -0.000033962 1.000000000 -0.000402392
1.000000000 -0.000060043 0.000104414 -0.000827621 0.000060046 1.000000000 -0.000031195 0.000369244 -0.000104412 0.000031202 1.000000000 -0.000179318
1.000000000 -0.000178066 0.000009489 0.000285479 0.000178066 1.000000000 0.000020479 -0.000206100 -0.000009492 -0.000020478 1.000000000 -0.000230889
1.000000000 0.000002590 0.000044364 -0.000343118 -0.000002591 1.000000000 0.000008533 -0.000257876 -0.000044364 -0.000008533 1.000000000 -0.000653317
1.000000000 0.000001632 0.000001726 -0.000250211 -0.000001632 1.000000000 -0.000152657 0.000729700 -0.000001726 0.000152657 1.000000000 -0.000308913
1.000000000 -0.000007708 0.000077192 -0.000131388 0.000007707 1.000000000 0.000017402 -0.000546233 -0.000077192 -0.000017401 1.000000000 -0.000163324
1.000000000 0.000136818 0.000103017 -0.001466235 -0.000136823 1.000000000 0.000048621 -0.000343080 -0.000103011 -0.000048635 1.000000000 -0.000307027
1.000000000 -0.000013421 0.000077475 -0.000674204 0.000013429 1.000000000 -0.000109059 0.000674516 -0.000077474 0.000109060 1.000000000 -0.000553474
1.000000000 0.000118849 0.000048192 -0.000697012 -0.000118844 1.000000000 -0.000116479 0.000338933 -0.000048206 0.000116473 1.000000000 -0.000604270
1.000000000 0.000010262 0.000011531 -0.000172135 -0.000010262 1.000000000 -0.000007641 0.000529355 -0.000011531 0.000007641 1.000000000 -0.000036512
1.000000000 0.000118732 0.000081272 -0.000864524 -0.000118723 1.000000000 -0.000109914 0.001377095 -0.000081285 0.000109904 1.000000000 0.000353300
1.000000000 0.000097612 0.000053711 -0.000525778 -0.000097609 1.000000000 -0.000057224 0.000962438 -0.000053717 0.000057219 1.000000000 0.000226617
1.000000000 0.000090820 0.000130169 -0.001350013 -0.000090806 1.000000000 -0.000105531 0.001251724 -0.000130178 0.000105519 1.000000000 0.001100207
0.999999940 0.000227714 0.000132933 -0.001916791 -0.000227702 0.999999940 -0.000089357 0.000922930 -0.000132953 0.000089327 1.000000000 0.000463927
0.999999940 0.000257821 0.000158378 -0.002088594 -0.000257798 0.999999940 -0.000143736 0.001708970 -0.000158415 0.000143695 1.000000000 0.001656812
1.000000000 0.000167352 0.000149011 -0.001699153 -0.000167333 1.000000000 -0.000125646 0.001177053 -0.000149033 0.000125621 1.000000000 0.000227633
1.000000000 0.000136638 0.000173316 -0.002101947 -0.000136630 1.000000000 -0.000041560 0.000392969 -0.000173322 0.000041536 1.000000000 0.000484277
1.000000000 0.000157888 0.000096910 -0.001819891 -0.000157889 1.000000000 0.000002009 0.000443580 -0.000096910 -0.000002024 1.000000000 0.000328308
1.000000000 0.000168662 0.000120047 -0.001164027 -0.000168647 1.000000000 -0.000121655 0.001140628 -0.000120068 0.000121634 1.000000000 0.000564687
1.000000000 0.000129055 0.000073332 -0.000881453 -0.000129050 1.000000000 -0.000079480 0.000725114 -0.000073342 0.000079471 1.000000000 -0.000225307
1.000000000 0.000337638 0.000134973 -0.002219614 -0.000337624 1.000000000 -0.000100493 0.001308031 -0.000135007 0.000100447 1.000000000 0.000238294
1.000000000 0.000325893 0.000188909 -0.001986393 -0.000325871 1.000000000 -0.000114516 0.000764695 -0.000188947 0.000114454 1.000000000 0.000163307
1.000000000 0.000165092 0.000153247 -0.001337083 -0.000165081 1.000000000 -0.000073404 0.001299698 -0.000153259 0.000073379 1.000000000 0.000901879
1.000000000 0.000195558 0.000142797 -0.001307954 -0.000195549 1.000000000 -0.000062545 0.000953302 -0.000142810 0.000062517 1.000000000 0.000187072
1.000000000 0.000186141 0.000087778 -0.001291660 -0.000186134 1.000000000 -0.000074890 0.000852474 -0.000087791 0.000074874 1.000000000 -0.000214156
1.000000000 0.000147331 0.000068895 -0.001273404 -0.000147329 1.000000000 -0.000030832 0.000606858 -0.000068900 0.000030822 1.000000000 -0.000301903
1.000000000 0.000124969 0.000122946 -0.001058394 -0.000124961 1.000000000 -0.000063063 0.001032663 -0.000122954 0.000063048 1.000000000 0.000953945
1.000000000 0.000087944 0.000100331 -0.001003457 -0.000087935 1.000000000 -0.000094416 0.001282414 -0.000100339 0.000094407 1.000000000 0.001105688
1.000000000 0.000237609 0.000124003 -0.001603438 -0.000237589 1.000000000 -0.000154777 0.001537575 -0.000124040 0.000154747 1.000000000 0.000813543
1.000000000 0.000253404 0.000200230 -0.001805956 -0.000253393 1.000000000 -0.000055433 0.000431591 -0.000200244 0.000055383 1.000000000 0.000258905
1.000000000 0.000227045 0.000167123 -0.001994009 -0.000227028 1.000000000 -0.000101558 0.000030985 -0.000167146 0.000101520 1.000000000 -0.000400657
1.000000000 0.000239446 0.000167638 -0.001877151 -0.000239422 1.000000000 -0.000144217 0.000439108 -0.000167672 0.000144177 1.000000000 -0.000253458
1.000000000 0.000199739 0.000109609 -0.001313435 -0.000199739 1.000000000 -0.000005037 -0.000086069 -0.000109610 0.000005016 1.000000000 -0.000382690
1.000000000 0.000153298 0.000088506 -0.001678623 -0.000153290 1.000000000 -0.000081367 0.000613389 -0.000088518 0.000081354 1.000000000 -0.000118620
1.000000000 0.000281534 0.000154115 -0.001896924 -0.000281523 1.000000000 -0.000074534 0.000390850 -0.000154136 0.000074490 1.000000000 -0.000137579
1.000000000 0.000243237 0.000103743 -0.001136095 -0.000243227 1.000000000 -0.000097183 0.001634874 -0.000103766 0.000097157 1.000000000 0.000725602
1.000000000 0.000108423 0.000064649 -0.000648416 -0.000108416 1.000000000 -0.000106698 0.000225523 -0.000064660 0.000106691 1.000000000 0.000707607
0.999999940 0.000354565 0.000290877 -0.001333231 -0.000354367 0.999999702 -0.000680565 -0.002264601 -0.000291118 0.000680462 0.999999702 0.047175981
0.999999225 0.001204718 -0.000082329 -0.005525616 -0.001204787 0.999998927 -0.000850692 -0.011640478 0.000081304 0.000850790 0.999999642 0.128031150
0.999999166 0.001323406 -0.000046624 -0.004011443 -0.001323458 0.999998510 -0.001133553 -0.014504540 0.000045123 0.001133613 0.999999344 0.243928954
0.999999166 0.001288351 -0.000259237 0.002187690 -0.001288629 0.999998629 -0.001075618 -0.018941922 0.000257851 0.001075951 0.999999404 0.374493659
0.999999523 0.000998520 -0.000306402 0.003510325 -0.000998770 0.999999166 -0.000817324 -0.025073761 0.000305586 0.000817630 0.999999642 0.514348924
0.999999464 0.000983737 -0.000347300 0.014784896 -0.000983974 0.999999285 -0.000682828 -0.030323751 0.000346628 0.000683170 0.999999702 0.666412055
0.999999523 0.001011436 -0.000217516 0.017476734 -0.001011517 0.999999464 -0.000371897 -0.035304278 0.000217139 0.000372116 0.999999881 0.828685045
0.999999821 0.000512589 -0.000286453 0.013288447 -0.000512664 0.999999940 -0.000263483 -0.043188702 0.000286318 0.000263630 0.999999940 1.004583716
0.999999762 0.000598047 -0.000255042 0.017494548 -0.000598112 0.999999762 -0.000254363 -0.047345497 0.000254890 0.000254515 0.999999940 1.179928422
0.999999762 0.000715730 -0.000063353 0.020465184 -0.000715735 0.999999702 -0.000073028 -0.052712519 0.000063301 0.000073073 0.999999940 1.371928215
0.999999523 0.001005694 -0.000028555 0.022716513 -0.001005699 0.999999464 -0.000190310 -0.055185765 0.000028364 0.000190339 0.999999940 1.563506603
0.999999762 0.000623484 -0.000215205 0.033787064 -0.000623458 0.999999762 0.000122332 -0.060126752 0.000215281 -0.000122198 0.999999881 1.772598267
0.999999285 0.001173953 0.000109104 0.034716669 -0.001173983 0.999999285 0.000269558 -0.064765535 -0.000108788 -0.000269686 0.999999940 1.977935195
0.999999821 0.000625418 0.000058652 0.032730825 -0.000625432 0.999999702 0.000229488 -0.071668603 -0.000058509 -0.000229524 1.000000000 2.186563015
0.999999762 0.000683894 -0.000040070 0.044425137 -0.000683890 0.999999702 0.000120064 -0.078249790 0.000040152 -0.000120036 1.000000000 2.403179646
0.999999285 0.001186408 0.000221946 0.048429891 -0.001186452 0.999999285 0.000194656 -0.086251572 -0.000221715 -0.000194919 0.999999940 2.624502897
0.999999583 0.000803454 0.000464030 0.051028855 -0.000803758 0.999999464 0.000656983 -0.097491734 -0.000463502 -0.000657356 0.999999702 2.854794025
0.999999702 0.000674378 0.000462236 0.057931349 -0.000674759 0.999999464 0.000824413 -0.104810856 -0.000461680 -0.000824724 0.999999583 3.097097158
0.999999821 0.000520582 0.000237919 0.060642023 -0.000520696 0.999999762 0.000482432 -0.104402602 -0.000237668 -0.000482556 0.999999881 3.331677914
0.999999702 0.000601005 0.000453447 0.063323975 -0.000601233 0.999999642 0.000501846 -0.112467766 -0.000453145 -0.000502119 0.999999762 3.581798792
0.999999523 0.000754230 0.000579016 0.067921109 -0.000754530 0.999999583 0.000517760 -0.119653478 -0.000578625 -0.000518197 0.999999702 3.837790728
0.999999523 0.000745292 0.000620368 0.072346069 -0.000745811 0.999999344 0.000836480 -0.126634330 -0.000619744 -0.000836943 0.999999523 4.099581242
0.999999404 0.000829553 0.000719637 0.078295685 -0.000829988 0.999999464 0.000604139 -0.128549978 -0.000719135 -0.000604736 0.999999583 4.360206127
0.999999404 0.000687014 0.000813034 0.083534412 -0.000687595 0.999999523 0.000714712 -0.135949343 -0.000812542 -0.000715271 0.999999464 4.620727539
0.999999046 0.001172171 0.000726300 0.091104090 -0.001172628 0.999999106 0.000628274 -0.143790290 -0.000725563 -0.000629126 0.999999464 4.880293846
0.999998748 0.001440685 0.000642190 0.098284923 -0.001441135 0.999998689 0.000700906 -0.150285617 -0.000641179 -0.000701830 0.999999464 5.144696712
0.999998450 0.001326027 0.001142427 0.096799999 -0.001327032 0.999998689 0.000879245 -0.161067352 -0.001141260 -0.000880759 0.999998927 5.403379440
0.999998331 0.001277142 0.001295683 0.101062819 -0.001278156 0.999998868 0.000782262 -0.167760894 -0.001294683 -0.000783917 0.999998868 5.671162128
0.999998629 0.001094062 0.001207913 0.103948653 -0.001095331 0.999998868 0.001050496 -0.177341491 -0.001206763 -0.001051818 0.999998689 5.939353943
0.999998689 0.001069185 0.001135804 0.109803945 -0.001070238 0.999998927 0.000926517 -0.185841843 -0.001134813 -0.000927732 0.999998987 6.221962929
0.999999166 0.000819918 0.001013541 0.125116482 -0.000820809 0.999999285 0.000878822 -0.187455088 -0.001012819 -0.000879653 0.999999046 6.521937847
0.999999046 0.001037137 0.000915089 0.131635666 -0.001037642 0.999999285 0.000552289 -0.191515803 -0.000914515 -0.000553238 0.999999404 6.811873913
0.999998868 0.001097915 0.001052945 0.135695785 -0.001098649 0.999999166 0.000696291 -0.199074075 -0.001052179 -0.000697447 0.999999225 7.104271412
0.999998569 0.001291724 0.001091492 0.141655460 -0.001292545 0.999998868 0.000751678 -0.211987004 -0.001090520 -0.000753087 0.999999106 7.402872086
0.999997795 0.001574446 0.001360181 0.144028112 -0.001575566 0.999998391 0.000822415 -0.223877877 -0.001358883 -0.000824556 0.999998748 7.705185413
0.999997854 0.001606508 0.001386798 0.152741641 -0.001607872 0.999998152 0.000982814 -0.231848538 -0.001385216 -0.000985042 0.999998569 8.037144661
0.999996424 0.001999497 0.001757566 0.152670950 -0.002001202 0.999997437 0.000968873 -0.240704477 -0.001755624 -0.000972386 0.999998033 8.354834557
0.999997497 0.001631097 0.001515860 0.164462835 -0.001632431 0.999998212 0.000878916 -0.250417322 -0.001514424 -0.000881389 0.999998510 8.680745125
0.999997377 0.001595026 0.001589645 0.172227725 -0.001596574 0.999998271 0.000973175 -0.258779228 -0.001588091 -0.000975711 0.999998212 9.019682884
0.999996841 0.002032000 0.001443391 0.182923466 -0.002033338 0.999997556 0.000925660 -0.270720065 -0.001441506 -0.000928592 0.999998569 9.361478806
0.999996841 0.001924785 0.001619130 0.186861530 -0.001925670 0.999997973 0.000545033 -0.276979327 -0.001618078 -0.000548149 0.999998569 9.699584961
0.999997497 0.001572945 0.001602469 0.194124788 -0.001574535 0.999998271 0.000991592 -0.287791669 -0.001600906 -0.000994113 0.999998212 10.051310539
0.999996603 0.001971565 0.001695240 0.201168463 -0.001973314 0.999997497 0.001030906 -0.299371868 -0.001693204 -0.001034248 0.999998033 10.414424896
0.999997377 0.001548731 0.001709174 0.210562989 -0.001550626 0.999998152 0.001107843 -0.310968548 -0.001707455 -0.001110491 0.999997914 10.777245522
0.999995708 0.002277440 0.001804152 0.217159167 -0.002279358 0.999996841 0.001061967 -0.317901134 -0.001801728 -0.001066075 0.999997795 11.133355141
0.999996483 0.002077588 0.001634853 0.230365947 -0.002079972 0.999996781 0.001458030 -0.329291463 -0.001631818 -0.001461426 0.999997616 11.508954048
0.999996185 0.002105305 0.001793855 0.234391719 -0.002107562 0.999996960 0.001256920 -0.345843732 -0.001791203 -0.001260696 0.999997616 11.896158218
0.999995887 0.002235226 0.001871931 0.243284315 -0.002237834 0.999996543 0.001392220 -0.357583135 -0.001868813 -0.001396404 0.999997258 12.282990456
0.999996245 0.002013986 0.001867994 0.256060272 -0.002017025 0.999996662 0.001625824 -0.371782005 -0.001864713 -0.001629586 0.999996960 12.665398598
0.999994159 0.002354726 0.002454859 0.258176148 -0.002358963 0.999995708 0.001724743 -0.382245958 -0.002450787 -0.001730524 0.999995470 13.069318771
0.999995172 0.002208227 0.002247653 0.271827877 -0.002212338 0.999995828 0.001827926 -0.396431744 -0.002243608 -0.001832889 0.999995768 13.475917816
0.999994516 0.002234832 0.002436647 0.281499743 -0.002239557 0.999995589 0.001938107 -0.408977807 -0.002432305 -0.001943553 0.999995172 13.883584976
0.999991775 0.003025143 0.002702044 0.286200255 -0.003029794 0.999993920 0.001718737 -0.422520578 -0.002696828 -0.001726910 0.999994874 14.300627708
0.999990821 0.003024296 0.003039447 0.293815315 -0.003028600 0.999994338 0.001412303 -0.436047614 -0.003035158 -0.001421495 0.999994397 14.714864731
0.999993086 0.002559476 0.002707943 0.311804712 -0.002563743 0.999995470 0.001573554 -0.440684766 -0.002703903 -0.001580486 0.999995112 15.145541191
0.999989927 0.003153106 0.003193242 0.318308949 -0.003158552 0.999993563 0.001701671 -0.454842091 -0.003187855 -0.001711740 0.999993503 15.579499245
0.999990404 0.002502511 0.003599206 0.332376182 -0.002508829 0.999995291 0.001751807 -0.465314031 -0.003594805 -0.001760820 0.999992013 16.037536621
0.999988079 0.003052088 0.003812542 0.340562224 -0.003058997 0.999993622 0.001807408 -0.477284163 -0.003807002 -0.001819049 0.999991119 16.482862473
0.999986768 0.003404940 0.003851799 0.351814568 -0.003410645 0.999993026 0.001475371 -0.487800688 -0.003846749 -0.001488489 0.999991536 16.930789948
0.999987900 0.002764455 0.004069745 0.362405181 -0.002770052 0.999995172 0.001370273 -0.501531243 -0.004065937 -0.001381530 0.999990761 17.380542755
0.999983191 0.003338182 0.004743034 0.368453860 -0.003346647 0.999992847 0.001777977 -0.517051697 -0.004737065 -0.001793820 0.999987185 17.842481613
0.999978662 0.003768343 0.005332861 0.375768393 -0.003783563 0.999988794 0.002846871 -0.536264241 -0.005322073 -0.002866987 0.999981701 18.308595657
0.999980867 0.003504141 0.005111097 0.389890760 -0.003519662 0.999989212 0.003030714 -0.548930585 -0.005100423 -0.003048645 0.999982357 18.776275635
0.999980390 0.003149293 0.005416162 0.399647176 -0.003164959 0.999990821 0.002886338 -0.565977991 -0.005407023 -0.002903424 0.999981165 19.254316330
0.999976397 0.003672885 0.005798467 0.414506853 -0.003690044 0.999988854 0.002951359 -0.577462196 -0.005787563 -0.002972687 0.999978840 19.740659714
0.999975324 0.003650914 0.006010980 0.416417331 -0.003667732 0.999989390 0.002789290 -0.585780263 -0.006000733 -0.002811268 0.999978125 20.241657257
0.999974251 0.004219596 0.005799011 0.437601656 -0.004229635 0.999989569 0.001720076 -0.595579505 -0.005791693 -0.001744559 0.999981701 20.709522247
0.999971986 0.004989402 0.005587137 0.447917998 -0.005000679 0.999985516 0.002006188 -0.610776305 -0.005577046 -0.002034071 0.999982357 21.210020065
0.999982357 0.003216123 0.004995233 0.455735594 -0.003226673 0.999992549 0.002105471 -0.625848234 -0.004988424 -0.002121552 0.999985278 21.691797256
0.999984324 0.003224517 0.004593773 0.469126850 -0.003233135 0.999992967 0.001869822 -0.636538506 -0.004587712 -0.001884645 0.999987662 22.208353043
0.999979556 0.004702734 0.004337103 0.482774943 -0.004712373 0.999986470 0.002215012 -0.658179462 -0.004326627 -0.002235405 0.999988139 22.728723526
0.999981940 0.004766136 0.003645773 0.498019397 -0.004775090 0.999985635 0.002451090 -0.677474976 -0.003634039 -0.002468455 0.999990344 23.249858856
0.999980390 0.005072222 0.003654805 0.493659943 -0.005078263 0.999985754 0.001645626 -0.686560571 -0.003646406 -0.001664154 0.999991953 23.726501465
0.999987006 0.004320162 0.002707651 0.509818256 -0.004324583 0.999989331 0.001628914 -0.697832823 -0.002700585 -0.001640602 0.999994934 24.292982101
0.999989569 0.003934157 0.002294321 0.523736894 -0.003939081 0.999989867 0.002146094 -0.711493671 -0.002285855 -0.002155109 0.999995053 24.789138794
0.999994338 0.003085653 0.001349777 0.533356249 -0.003089694 0.999990702 0.003001606 -0.735216260 -0.001340503 -0.003005759 0.999994576 25.306520462
0.999992549 0.003661108 0.001208014 0.536918759 -0.003664372 0.999989629 0.002710190 -0.743870020 -0.001198080 -0.002714597 0.999995589 25.841236115
0.999993563 0.003535334 0.000601735 0.558792770 -0.003536810 0.999990702 0.002469930 -0.753182113 -0.000592997 -0.002472043 0.999996781 26.417604446
0.999993920 0.003397444 0.000756893 0.553658724 -0.003399785 0.999989390 0.003112200 -0.768155456 -0.000746311 -0.003114755 0.999994874 26.980897903
0.999994040 0.003447469 0.000056587 0.576616704 -0.003447634 0.999988735 0.003255670 -0.792270601 -0.000045363 -0.003255846 0.999994636 27.528369904
0.999992847 0.003746166 -0.000477295 0.588824451 -0.003744733 0.999988556 0.002968763 -0.807105720 0.000488412 -0.002966954 0.999995470 28.085178375
0.999990225 0.004407779 -0.000571947 0.599162817 -0.004406376 0.999987245 0.002432514 -0.808958888 0.000582662 -0.002429969 0.999996901 28.624212265
0.999990404 0.004300360 -0.000819941 0.610531867 -0.004298037 0.999986827 0.002814035 -0.827117443 0.000832031 -0.002810484 0.999995708 29.166244507
0.999991238 0.003963512 -0.001356238 0.611529231 -0.003959757 0.999988377 0.002760543 -0.839641511 0.001367165 -0.002755149 0.999995291 29.731845856
0.999991179 0.003727463 -0.001949574 0.622664571 -0.003721667 0.999988675 0.002968204 -0.853387594 0.001960615 -0.002960923 0.999993622 30.281715393
0.999988616 0.004124415 -0.002402864 0.637245238 -0.004116621 0.999986291 0.003239469 -0.868654072 0.002416191 -0.003229541 0.999991834 30.830120087
0.999990046 0.003677079 -0.002519202 0.654910982 -0.003669939 0.999989271 0.002832807 -0.881662488 0.002529592 -0.002823534 0.999992728 31.351131439
0.999990106 0.003498441 -0.002761862 0.654629230 -0.003492908 0.999991894 0.002005575 -0.866383493 0.002768856 -0.001995909 0.999994159 31.954481125
0.999987304 0.004120531 -0.002935059 0.676496267 -0.004112880 0.999988079 0.002608430 -0.903285027 0.002945773 -0.002596325 0.999992251 32.422645569
0.999983788 0.004724145 -0.003178730 0.672817349 -0.004712350 0.999982059 0.003708203 -0.937749326 0.003196192 -0.003693163 0.999988019 32.980476379
0.999985814 0.003510173 -0.004009239 0.698374212 -0.003499701 0.999990463 0.002615914 -0.930808306 0.004018383 -0.002601846 0.999988556 33.512046814
0.999987900 0.003029601 -0.003882592 0.705192745 -0.003018030 0.999991000 0.002982725 -0.948343217 0.003891594 -0.002970971 0.999988019 34.074218750
0.999984741 0.003058030 -0.004602687 0.719256282 -0.003043164 0.999990165 0.003233461 -0.968629122 0.004612529 -0.003219405 0.999984205 34.585838318
0.999985814 0.003222730 -0.004258919 0.723701894 -0.003208700 0.999989450 0.003296879 -0.984726429 0.004269499 -0.003283166 0.999985516 35.129570007
0.999982178 0.003411648 -0.004905551 0.738691151 -0.003396992 0.999989808 0.002992722 -0.993654728 0.004915711 -0.002976005 0.999983549 35.654586792
0.999982476 0.003254405 -0.004931587 0.734877288 -0.003238073 0.999989212 0.003316064 -1.012305617 0.004942327 -0.003300037 0.999982357 36.170906067
0.999981701 0.003487342 -0.004927392 0.736880183 -0.003471024 0.999988437 0.003316344 -1.026008844 0.004938900 -0.003299181 0.999982357 36.722618103
0.999979913 0.003106808 -0.005529691 0.767907679 -0.003089518 0.999990344 0.003132598 -1.035401583 0.005539371 -0.003115450 0.999979794 37.292442322
0.999979317 0.002865934 -0.005760253 0.776380181 -0.002849315 0.999991834 0.002891260 -1.049492955 0.005768492 -0.002874787 0.999979198 37.835906982
0.999978542 0.003359797 -0.005637749 0.774982989 -0.003344781 0.999990880 0.002670806 -1.060133696 0.005646671 -0.002651891 0.999980509 38.392486572
0.999979973 0.003856790 -0.005023430 0.755031824 -0.003846471 0.999990463 0.002062234 -1.074808717 0.005031336 -0.002042871 0.999985278 38.919879913
0.999980271 0.003567232 -0.005173777 0.761195302 -0.003555007 0.999990821 0.002370141 -1.091244936 0.005182184 -0.002351702 0.999983847 39.471057892
0.999978840 0.003003608 -0.005764356 0.804796815 -0.002988965 0.999992311 0.002547278 -1.103259683 0.005771962 -0.002529994 0.999980152 40.021991730
0.999976873 0.003334545 -0.005928033 0.812789440 -0.003319906 0.999991417 0.002477556 -1.120217681 0.005936244 -0.002457818 0.999979317 40.570312500
0.999976158 0.003268834 -0.006089346 0.822136700 -0.003255795 0.999992430 0.002150007 -1.127727866 0.006096328 -0.002130130 0.999979198 41.118129730
0.999979556 0.004626071 -0.004415178 0.766357064 -0.004615771 0.999986589 0.002340364 -1.145315766 0.004425946 -0.002319937 0.999987483 41.662136078
0.999976993 0.005215609 -0.004332626 0.772125483 -0.005206979 0.999984324 0.002000894 -1.155249834 0.004342994 -0.001978288 0.999988616 42.212299347
0.999977231 0.005271998 -0.004213456 0.785128653 -0.005262533 0.999983609 0.002254315 -1.174015880 0.004225272 -0.002232090 0.999988616 42.740219116
0.999980688 0.004397455 -0.004384898 0.790177464 -0.004385931 0.999986827 0.002634359 -1.188313007 0.004396424 -0.002615077 0.999986947 43.279399872
0.999976337 0.005196998 -0.004504518 0.798950553 -0.005189006 0.999984860 0.001784401 -1.197027802 0.004513724 -0.001760985 0.999988258 43.864448547
0.999979079 0.004883931 -0.004239635 0.804330707 -0.004873762 0.999985158 0.002405478 -1.216132998 0.004251321 -0.002384765 0.999988139 44.401157379
0.999979198 0.004675511 -0.004445190 0.823379457 -0.004665094 0.999986351 0.002350647 -1.226961374 0.004456121 -0.002329861 0.999987364 44.916530609
0.999979258 0.003242171 -0.005561398 0.865120769 -0.003230518 0.999992549 0.002103046 -1.239779949 0.005568176 -0.002085036 0.999982297 45.442249298
0.999979198 0.003364686 -0.005496718 0.871238470 -0.003352449 0.999991834 0.002234060 -1.253662586 0.005504190 -0.002215586 0.999982357 45.985462189
0.999976039 0.005137444 -0.004627337 0.848861635 -0.005127456 0.999984503 0.002168042 -1.277477980 0.004638403 -0.002144264 0.999986887 46.481864929
0.999974310 0.005124806 -0.004996188 0.863072276 -0.005114007 0.999984562 0.002172050 -1.287937880 0.005007242 -0.002146444 0.999985099 47.032588959
0.999979854 0.003458797 -0.005314345 0.834666848 -0.003451475 0.999993086 0.001386199 -1.273294330 0.005319102 -0.001367830 0.999984920 47.707752228
0.999981225 0.003800289 -0.004810106 0.839439392 -0.003795231 0.999992251 0.001060031 -1.287950993 0.004814096 -0.001041755 0.999987960 48.255744934
0.999976337 0.004532612 -0.005176585 0.909577072 -0.004522357 0.999987781 0.001991098 -1.329504609 0.005185546 -0.001967640 0.999984622 48.586261749
0.999975801 0.004783949 -0.005052834 0.917706490 -0.004774410 0.999986768 0.001898385 -1.343564391 0.005061849 -0.001874215 0.999985456 49.140655518
0.999969304 0.006576395 -0.004261535 0.895756245 -0.006567573 0.999976277 0.002080703 -1.360542059 0.004275118 -0.002052651 0.999988675 49.566780090
0.999973416 0.005420236 -0.004878152 0.923695028 -0.005409398 0.999982893 0.002232206 -1.382410765 0.004890168 -0.002205759 0.999985576 50.051330566
0.999972343 0.005631926 -0.004854444 0.929733932 -0.005620532 0.999981463 0.002357366 -1.400221348 0.004867631 -0.002330017 0.999985456 50.585243225
0.999972820 0.006107206 -0.004127041 0.925823331 -0.006097153 0.999978364 0.002444133 -1.424958467 0.004141880 -0.002418903 0.999988437 51.157085419
0.999973238 0.005573393 -0.004736179 0.929905951 -0.005562695 0.999981940 0.002268996 -1.424397111 0.004748742 -0.002242590 0.999986231 51.706813812
0.999973953 0.005699067 -0.004416072 0.931506217 -0.005689360 0.999981403 0.002207387 -1.448116422 0.004428571 -0.002182205 0.999987841 52.253684998
0.999977112 0.005198113 -0.004337288 0.939432681 -0.005186579 0.999983013 0.002666391 -1.466042042 0.004351075 -0.002643834 0.999987006 52.808425903
0.999974191 0.006063508 -0.003832632 0.944973350 -0.006054636 0.999978960 0.002322404 -1.482784033 0.003846636 -0.002299139 0.999989986 53.356353760
0.999974549 0.005901603 -0.004005981 0.958471596 -0.005893522 0.999980569 0.002026066 -1.499668241 0.004017861 -0.002002405 0.999989927 53.906475067
0.999974072 0.005859856 -0.004191624 0.968267322 -0.005851190 0.999980748 0.002077154 -1.515993237 0.004203716 -0.002052574 0.999989033 54.471221924
0.999973834 0.005725421 -0.004426806 0.977814138 -0.005717598 0.999982059 0.001778144 -1.527760148 0.004436907 -0.001752786 0.999988616 55.023368835
0.999971628 0.006368251 -0.004018690 0.988240421 -0.006361469 0.999978304 0.001698070 -1.537226796 0.004029416 -0.001672458 0.999990404 55.619842529
0.999970853 0.006334424 -0.004262772 0.992987275 -0.006327186 0.999978542 0.001709467 -1.547796369 0.004273509 -0.001682446 0.999989450 56.185935974
0.999973357 0.005786072 -0.004431747 1.004516363 -0.005779317 0.999982059 0.001535770 -1.562093258 0.004440553 -0.001510117 0.999988973 56.749980927
0.999970376 0.006613337 -0.003921117 0.997475505 -0.006607649 0.999977112 0.001461906 -1.572765350 0.003930697 -0.001435953 0.999991238 57.327556610
0.999971271 0.006464858 -0.003967337 1.007821918 -0.006458738 0.999978006 0.001553314 -1.591806293 0.003977292 -0.001527646 0.999990940 57.868305206
0.999973059 0.006306424 -0.003749090 1.019016027 -0.006301286 0.999979138 0.001380702 -1.602344394 0.003757718 -0.001357041 0.999991953 58.460880280
0.999972522 0.006149473 -0.004149117 1.040102959 -0.006140530 0.999978840 0.002164734 -1.611041546 0.004162341 -0.002139196 0.999989033 58.983203888
0.999977410 0.005483014 -0.003868820 1.027906775 -0.005477972 0.999984145 0.001312627 -1.630068302 0.003875957 -0.001291405 0.999991655 59.581851959
0.999973238 0.006406826 -0.003537990 1.033999681 -0.006403820 0.999979079 0.000860392 -1.640523434 0.003543430 -0.000837713 0.999993384 60.148147583
0.999972582 0.006138868 -0.004163946 1.045791507 -0.006133986 0.999980450 0.001184211 -1.652180791 0.004171134 -0.001158637 0.999990642 60.706935883
0.999975622 0.006027699 -0.003554505 1.056547999 -0.006025007 0.999981582 0.000767812 -1.663892746 0.003559067 -0.000746377 0.999993384 61.265254974
0.999973655 0.006351426 -0.003504007 1.072985530 -0.006349968 0.999979734 0.000426899 -1.675429344 0.003506648 -0.000404637 0.999993742 61.816429138
0.999971449 0.006765589 -0.003372441 1.076112509 -0.006764696 0.999976993 0.000276404 -1.687353492 0.003374233 -0.000253583 0.999994278 62.374183655
0.999974012 0.006229721 -0.003622925 1.094412327 -0.006228937 0.999980569 0.000227717 -1.706521392 0.003624274 -0.000205144 0.999993324 62.920928955
0.999976695 0.005850384 -0.003526811 1.096590519 -0.005849052 0.999982834 0.000387496 -1.711353898 0.003529017 -0.000366859 0.999993682 63.495075226
0.999980390 0.004249444 -0.004593725 1.118897200 -0.004250776 0.999990940 -0.000280610 -1.722759247 0.004592491 0.000300131 0.999989390 64.050651550
0.999978423 0.005361664 -0.003790150 1.119804382 -0.005360941 0.999985576 0.000201033 -1.741608977 0.003791173 -0.000180710 0.999992788 64.582504272
0.999980330 0.004894888 -0.003914799 1.131671667 -0.004893476 0.999987900 0.000370275 -1.757745147 0.003916564 -0.000351111 0.999992251 65.123832703
0.999983549 0.003586718 -0.004465869 1.147712588 -0.003590726 0.999993145 -0.000889348 -1.765328646 0.004462648 0.000905369 0.999989629 65.679992676
0.999982417 0.005059357 -0.003097933 1.130577922 -0.005060351 0.999987125 -0.000312503 -1.782085776 0.003096312 0.000328175 0.999995172 66.196784973
0.999975562 0.006037997 -0.003529335 1.143761992 -0.006037123 0.999981761 0.000258261 -1.809460640 0.003530830 -0.000236948 0.999993682 66.765335083
0.999975443 0.006162312 -0.003336377 1.154179931 -0.006162305 0.999981046 0.000012177 -1.827144027 0.003336389 0.000008383 0.999994338 67.320449829
0.999984086 0.004191034 -0.003773502 1.181039095 -0.004194032 0.999990821 -0.000787202 -1.828990340 0.003770167 0.000803016 0.999992549 67.852905273
0.999976516 0.005733069 -0.003770096 1.177815676 -0.005731410 0.999983490 0.000450942 -1.858527422 0.003772619 -0.000429323 0.999992788 68.378799438
0.999984086 0.004046252 -0.003911125 1.199912786 -0.004048565 0.999991775 -0.000583631 -1.867013335 0.003908731 0.000599456 0.999992132 68.944419861
0.999973536 0.006276919 -0.003683105 1.210571766 -0.006277482 0.999980211 -0.000141003 -1.878648162 0.003682146 0.000164120 0.999993205 69.543357849
0.999984026 0.003440347 -0.004483185 1.244482279 -0.003448169 0.999992549 -0.001738169 -1.880905032 0.004477171 0.001753600 0.999988437 70.104789734
0.999985099 0.003587823 -0.004115026 1.247051001 -0.003595017 0.999991953 -0.001742240 -1.897494197 0.004108741 0.001757008 0.999990046 70.662086487
0.999985874 0.004431978 -0.002932932 1.231534004 -0.004434727 0.999989748 -0.000931639 -1.935875773 0.002928773 0.000944632 0.999995291 71.138946533
0.999986768 0.004223531 -0.002931544 1.241747141 -0.004227290 0.999990225 -0.001277224 -1.948847175 0.002926122 0.001289599 0.999994874 71.686950684
0.999982357 0.004908795 -0.003327486 1.251648188 -0.004913975 0.999986708 -0.001550443 -1.952165127 0.003319832 0.001566767 0.999993265 72.217704773
0.999979496 0.006012783 -0.002203370 1.247780085 -0.006016629 0.999980330 -0.001742574 -1.971322060 0.002192849 0.001755795 0.999996066 72.747177124
0.999981284 0.005574764 -0.002527030 1.256994128 -0.005578100 0.999983549 -0.001314936 -1.991214871 0.002519658 0.001329008 0.999995947 73.261184692
0.999976516 0.006428851 -0.002362833 1.264681697 -0.006431872 0.999978483 -0.001273064 -2.008599997 0.002354597 0.001288232 0.999996424 73.791976929
0.999977827 0.006301160 -0.002148985 1.269440651 -0.006304426 0.999978900 -0.001516977 -2.025379419 0.002139382 0.001530492 0.999996543 74.327171326
0.999976397 0.006622820 -0.001799510 1.274272203 -0.006624856 0.999977350 -0.001128798 -2.039960384 0.001791993 0.001140693 0.999997735 74.855758667
0.999976635 0.006480603 -0.002146001 1.283060074 -0.006483876 0.999977767 -0.001522085 -2.054569006 0.002136089 0.001535964 0.999996543 75.390655518
0.999971032 0.007405669 -0.001746269 1.288927197 -0.007408703 0.999971032 -0.001738100 -2.066283464 0.001733347 0.001750987 0.999996960 75.903038025
0.999969006 0.007741416 -0.001378015 1.289284945 -0.007744299 0.999967813 -0.002097897 -2.079971313 0.001361731 0.002108504 0.999996841 76.430503845
0.999972284 0.007231779 -0.001763685 1.303361297 -0.007235216 0.999971926 -0.001949948 -2.098597288 0.001749535 0.001962655 0.999996543 76.937889099
0.999967158 0.007960990 -0.001524176 1.307645917 -0.007964033 0.999966264 -0.002001226 -2.113489628 0.001508193 0.002013299 0.999996841 77.444114685
0.999966860 0.008008847 -0.001472805 1.308125377 -0.008011037 0.999966800 -0.001487488 -2.135554314 0.001460843 0.001499237 0.999997795 77.960472107
0.999971271 0.007469531 -0.001293334 1.320127010 -0.007471840 0.999970496 -0.001790681 -2.150194168 0.001279919 0.001800293 0.999997556 78.465179443
0.999963403 0.008506445 -0.000902598 1.322773933 -0.008508466 0.999961197 -0.002262182 -2.156469822 0.000883320 0.002269778 0.999997020 78.995903015
0.999961257 0.008746340 -0.000989407 1.330179453 -0.008748255 0.999959767 -0.001946444 -2.176162243 0.000972343 0.001955024 0.999997616 79.507446289
0.999965787 0.008211180 -0.000931741 1.346107721 -0.008212801 0.999964654 -0.001750055 -2.198378325 0.000917339 0.001757648 0.999998033 80.017562866
0.999964833 0.008373819 0.000241148 1.351815581 -0.008373324 0.999962986 -0.001982209 -2.210703850 -0.000257737 0.001980121 0.999998033 80.536727905
0.999965489 0.008072755 0.001935173 1.362539887 -0.008069087 0.999965608 -0.001896556 -2.227345705 -0.001950417 0.001880875 0.999996364 81.079879761
0.999969065 0.007592044 0.002029390 1.380823374 -0.007587754 0.999969006 -0.002113265 -2.243541241 -0.002045371 0.002097802 0.999995708 81.588233948
0.999959826 0.008108160 0.003818992 1.381480575 -0.008099530 0.999964595 -0.002269974 -2.259676695 -0.003837263 0.002238950 0.999990165 82.154441833
0.999941170 0.008506914 0.006732089 1.409262419 -0.008492207 0.999961495 -0.002210398 -2.271250725 -0.006750634 0.002153098 0.999974847 82.663833618
0.999914348 0.008282745 0.010132759 1.428713322 -0.008261180 0.999963522 -0.002168490 -2.290055752 -0.010150351 0.002084595 0.999946296 83.194816589
0.999877155 0.008092416 0.013422259 1.447139263 -0.008065186 0.999965250 -0.002081595 -2.305238485 -0.013438639 0.001973087 0.999907672 83.741798401
0.999812305 0.008134464 0.017584924 1.468059063 -0.008092571 0.999964237 -0.002452150 -2.319722414 -0.017604237 0.002309383 0.999842346 84.275466919
0.999684513 0.008232171 0.023728926 1.492591262 -0.008181754 0.999963999 -0.002221022 -2.335567236 -0.023746353 0.002026177 0.999715984 84.803398132
0.999512136 0.008606941 0.030021720 1.517966270 -0.008542707 0.999960959 -0.002267233 -2.352820158 -0.030040059 0.002009660 0.999546647 85.330902100
0.999310255 0.008714505 0.036098585 1.550891757 -0.008641566 0.999960303 -0.002176054 -2.368106604 -0.036116119 0.001862605 0.999345779 85.859016418
0.998974204 0.009027543 0.044374462 1.591399908 -0.008947717 0.999957919 -0.001997174 -2.383929253 -0.044390630 0.001598074 0.999012947 86.406616211
0.998567164 0.008993872 0.052751333 1.634006977 -0.008865384 0.999957263 -0.002669222 -2.400192499 -0.052773077 0.002197736 0.998604119 86.949447632
0.998167753 0.008754605 0.059870232 1.685055017 -0.008631465 0.999960065 -0.002315090 -2.416344643 -0.059888102 0.001794080 0.998203576 87.505104065
0.997579575 0.008637698 0.068994530 1.731003284 -0.008461476 0.999960124 -0.002845970 -2.427480459 -0.069016375 0.002255285 0.997612953 88.034690857
0.996863306 0.008330042 0.078702748 1.803737164 -0.008116683 0.999962389 -0.003030475 -2.446398258 -0.078725040 0.002382164 0.996893525 88.586059570
0.996129751 0.007892563 0.087539151 1.858125210 -0.007659182 0.999966085 -0.003001591 -2.463305235 -0.087559871 0.002319496 0.996156573 89.107627869
0.995485187 0.007956335 0.094582997 1.934137821 -0.007682198 0.999965191 -0.003262168 -2.481966257 -0.094605654 0.002520835 0.995511591 89.620605469
0.994478941 0.007969353 0.104633130 2.018181324 -0.007655551 0.999964952 -0.003400340 -2.498975754 -0.104656555 0.002580542 0.994505107 90.148620605
0.993319511 0.008209158 0.115104198 2.094021797 -0.007944036 0.999964654 -0.002761873 -2.522959232 -0.115122803 0.001829030 0.993349612 90.701423645
0.992200494 0.007440785 0.124429829 2.183521271 -0.007059413 0.999968946 -0.003505607 -2.531872749 -0.124452055 0.002599864 0.992222130 91.252655029
0.990650892 0.007590713 0.136210278 2.274303436 -0.007181407 0.999968171 -0.003496097 -2.549541950 -0.136232466 0.002485230 0.990673721 91.787063599
0.988878846 0.007121743 0.148552626 2.378452301 -0.006665942 0.999971449 -0.003565951 -2.573729277 -0.148573771 0.002536051 0.988898039 92.332626343
0.987148762 0.006717763 0.159663081 2.492581367 -0.006221243 0.999974251 -0.003609467 -2.583143234 -0.159683198 0.002569778 0.987164974 92.859115601
0.985396087 0.007332191 0.170119911 2.597546577 -0.006854341 0.999970734 -0.003396050 -2.607400894 -0.170139864 0.002180394 0.985417545 93.418579102
0.982949018 0.007272302 0.183733970 2.715373993 -0.006689975 0.999970496 -0.003789077 -2.626266956 -0.183756083 0.002495295 0.982968748 93.945716858
0.980710685 0.006588629 0.195353717 2.843000412 -0.006096276 0.999976695 -0.003121471 -2.646803617 -0.195369661 0.001870329 0.980727911 94.476318359
0.978570223 0.006280601 0.205817491 2.972528458 -0.005714723 0.999978125 -0.003343766 -2.662725925 -0.205833972 0.002095920 0.978584707 95.011924744
0.975757182 0.005938651 0.218775481 3.120857239 -0.005351721 0.999980390 -0.003275296 -2.682950497 -0.218790606 0.002025068 0.975769758 95.534904480
0.972709358 0.006310495 0.231941208 3.261676788 -0.005600409 0.999977410 -0.003719829 -2.691864491 -0.231959432 0.002319346 0.972722709 96.083755493
0.970156252 0.005948740 0.242407784 3.418430328 -0.005130443 0.999978840 -0.004006814 -2.701688528 -0.242426485 0.002643577 0.970166266 96.602867126
0.967163205 0.004908972 0.254108787 3.578102112 -0.004079977 0.999984503 -0.003789302 -2.731488705 -0.254123449 0.002628115 0.967168212 97.125984192
0.963536799 0.005249119 0.267524093 3.749906540 -0.004486384 0.999984026 -0.003462257 -2.752067089 -0.267538041 0.002135796 0.963544905 97.641258240
0.960004449 0.005129088 0.279937834 3.922201157 -0.004263707 0.999984026 -0.003700208 -2.768401623 -0.279952407 0.002358644 0.960011005 98.179901123
0.956695795 0.004859717 0.291049063 4.107133865 -0.003962369 0.999985456 -0.003672453 -2.782478094 -0.291062713 0.002360176 0.956701040 98.702819824
0.952132285 0.004936113 0.305646360 4.292264938 -0.004074129 0.999985635 -0.003458027 -2.809165239 -0.305659056 0.002047256 0.952138841 99.224472046
0.947691619 0.004997860 0.319147855 4.500602722 -0.004048404 0.999985158 -0.003638273 -2.820586681 -0.319161326 0.002155922 0.947697937 99.749969482
0.943877339 0.005047912 0.330257654 4.716138840 -0.003972123 0.999984324 -0.003932191 -2.829697132 -0.330272317 0.002399682 0.943882704 100.259368896
0.939204991 0.004022521 0.343333364 4.909973145 -0.003128477 0.999990046 -0.003157862 -2.852643728 -0.343342662 0.001891768 0.939208269 100.709930420
0.933581173 0.003584421 0.358347833 5.106843948 -0.002333863 0.999989510 -0.003922257 -2.871181250 -0.358358264 0.002825410 0.933579862 101.261787415
0.928747535 0.003446158 0.370696694 5.333560944 -0.002251275 0.999990761 -0.003655981 -2.891266584 -0.370705903 0.002560944 0.928746819 101.765411377
0.923940420 0.002657083 0.382526785 5.562376022 -0.001145199 0.999990582 -0.004180001 -2.901005268 -0.382534295 0.003424003 0.923934996 102.277641296
0.918175399 0.002516665 0.396166086 5.814968109 -0.001133585 0.999992430 -0.003725244 -2.921516895 -0.396172494 0.002971340 0.918171227 102.787460327
0.912224829 0.002694542 0.409681201 6.061264038 -0.001499627 0.999993682 -0.003237954 -2.939476967 -0.409687340 0.002339372 0.912222981 103.285232544
0.907429039 0.001709956 0.420201719 6.318321228 0.000016001 0.999991715 -0.004103888 -2.951372623 -0.420205235 0.003730711 0.907421350 103.775833130
0.901637197 0.001812018 0.432489395 6.576278687 -0.000095546 0.999992073 -0.003990513 -2.969189167 -0.432493150 0.003556672 0.901630163 104.265151978
0.894956887 0.001283602 0.446150899 6.840656281 0.000682976 0.999990821 -0.004247050 -2.986303091 -0.446152210 0.004105637 0.894947708 104.750350952
0.889379263 -0.000525839 0.457169861 7.125659943 0.002713208 0.999987721 -0.004128091 -3.005299807 -0.457162172 0.004911834 0.889369786 105.230957031
0.883607030 -0.001003763 0.468228281 7.403743744 0.003121173 0.999988079 -0.003746332 -3.024788380 -0.468219012 0.004771706 0.883599579 105.710166931
0.876092672 -0.001152328 0.482141286 7.687335968 0.003468872 0.999986291 -0.003913251 -3.041833878 -0.482130170 0.005100858 0.876084685 106.184814453
0.868643463 -0.001148919 0.495436341 7.968742371 0.003487221 0.999986649 -0.003795135 -3.060532570 -0.495425403 0.005024315 0.868635952 106.642356873
0.862599015 -0.002418266 0.505882442 8.271480560 0.005046828 0.999979973 -0.003825336 -3.074829340 -0.505863130 0.005852834 0.862593889 107.095573425
