1.000000000 0.000000000 0.000000000 0.000000000 0.000000000 1.000000000 0.000000000 0.000000000 0.000000000 0.000000000 1.000000000 0.000000000
1.000000000 -0.000060635 -0.000045756 0.000353351 0.000060631 1.000000000 -0.000079945 0.000242219 0.000045761 0.000079942 1.000000000 -0.000051649
1.000000000 -0.000017450 -0.000009834 -0.000593232 0.000017450 1.000000000 0.000031897 -0.000323073 0.000009833 -0.000031897 1.000000000 -0.000817601
1.000000000 0.000087759 0.000129874 -0.000883276 -0.000087752 1.000000000 -0.000050554 0.000673764 -0.000129879 0.000050543 1.000000000 0.000561703
1.000000000 -0.000080168 0.000011803 -0.000189294 0.000080168 1.000000000 0.000025268 0.000034655 -0.000011805 -0.000025267 1.000000000 -0.000400558
1.000000000 0.000049992 0.000050458 -0.001141253 -0.000049995 1.000000000 0.000061397 -0.000439562 -0.000050455 -0.000061400 1.000000000 -0.001372086
1.000000000 0.000113297 0.000033376 -0.001109215 -0.000113293 1.000000000 -0.000118049 -0.000031028 -0.000033389 0.000118045 1.000000000 -0.000867218
1.000000000 0.000052951 0.000084728 -0.000688084 -0.000052950 1.000000000 -0.000020534 -0.000314297 -0.000084729 0.000020530 1.000000000 -0.000679151
1.000000000 0.000146734 0.000086170 -0.001531335 -0.000146738 1.000000000 0.000049295 -0.000435575 -0.000086163 -0.000049308 1.000000000 -0.001188436
1.000000000 0.000010921 0.000099899 -0.000845493 -0.000010914 1.000000000 -0.000070863 -0.000124989 -0.000099900 0.000070862 1.000000000 -0.000649866
1.000000000 0.000225805 0.000070973 -0.001043182 -0.000225794 0.999999940 -0.000156764 0.000490247 -0.000071009 0.000156748 1.000000000 -0.000678555
1.000000000 -0.000054005 0.000036165 0.000045776 0.000054006 1.000000000 -0.000033900 0.000883861 -0.000036163 0.000033902 1.000000000 0.000689669
0.999999940 0.000231465 0.000101500 -0.001647103 -0.000231444 0.999999940 -0.000209307 0.001748965 -0.000101548 0.000209283 1.000000000 0.000940986
1.000000000 0.000195352 0.000022327 -0.000194453 -0.000195349 1.000000000 -0.000133151 0.002098055 -0.000022353 0.000133147 1.000000000 0.001176093
0.999999940 0.000228563 0.000208204 -0.002270568 -0.000228537 0.999999940 -0.000122018 0.001852481 -0.000208232 0.000121971 1.000000000 0.001476885
0.999999881 0.000402326 0.000150099 -0.002064792 -0.000402295 0.999999881 -0.000208533 0.001991583 -0.000150183 0.000208472 0.999999940 0.000835456
0.999999940 0.000356789 0.000195433 -0.002227474 -0.000356770 0.999999940 -0.000099644 0.002343882 -0.000195469 0.000099574 1.000000000 0.003181323
0.999999940 0.000311188 0.000239166 -0.001839823 -0.000311159 0.999999940 -0.000122332 0.002020125 -0.000239204 0.000122258 0.999999940 0.002457462
0.999999940 0.000277909 0.000283447 -0.002674373 -0.000277885 0.999999940 -0.000086709 0.001848715 -0.000283471 0.000086630 0.999999940 0.002346365
0.999999940 0.000313335 0.000205229 -0.002584261 -0.000313314 0.999999940 -0.000102605 0.002083972 -0.000205261 0.000102541 1.000000000 0.002372874
0.999999940 0.000219918 0.000138966 -0.001576183 -0.000219911 1.000000000 -0.000050463 0.001632837 -0.000138977 0.000050432 1.000000000 0.002705541
0.999999940 0.000275326 0.000147394 -0.002039668 -0.000275312 0.999999940 -0.000093285 0.002300750 -0.000147420 0.000093244 1.000000000 0.002731005
0.999999821 0.000504947 0.000228905 -0.002745243 -0.000504915 0.999999881 -0.000138612 0.002633598 -0.000228975 0.000138496 0.999999940 0.003373865
0.999999881 0.000392367 0.000229826 -0.001595544 -0.000392336 0.999999940 -0.000131906 0.002405830 -0.000229877 0.000131816 0.999999940 0.002528477
0.999999940 0.000307369 0.000175250 -0.000849700 -0.000307333 0.999999940 -0.000206528 0.003759740 -0.000175314 0.000206474 0.999999940 0.005471492
0.999999881 0.000364901 0.000241187 -0.002545753 -0.000364894 0.999999940 -0.000029769 0.001722575 -0.000241198 0.000029681 1.000000000 0.002997831
0.999999940 0.000338333 0.000161812 -0.001439585 -0.000338299 0.999999940 -0.000205792 0.002784552 -0.000161881 0.000205738 0.999999940 0.002450482
0.999999940 0.000199662 0.000147580 -0.001914182 -0.000199645 1.000000000 -0.000113906 0.002475791 -0.000147603 0.000113876 1.000000000 0.003452650
0.999999940 0.000317509 0.000228910 -0.001312272 -0.000317478 0.999999940 -0.000136994 0.002536781 -0.000228953 0.000136922 0.999999940 0.004163737
0.999999940 0.000304881 0.000238860 -0.002927149 -0.000304843 0.999999940 -0.000159299 0.002426834 -0.000238909 0.000159226 0.999999940 0.001825699
0.999999940 0.000335566 0.000226030 -0.001824900 -0.000335524 0.999999940 -0.000183455 0.002876258 -0.000226091 0.000183379 0.999999940 0.003794073
0.999999821 0.000514332 0.000338418 -0.002310644 -0.000514300 0.999999881 -0.000097566 0.001746488 -0.000338468 0.000097392 0.999999940 0.001678743
0.999999881 0.000455327 0.000223540 -0.002645536 -0.000455285 0.999999881 -0.000190006 0.001987926 -0.000223626 0.000189904 0.999999940 0.001640521
0.999999881 0.000411199 0.000225648 -0.001351302 -0.000411150 0.999999881 -0.000215536 0.002225237 -0.000225737 0.000215443 0.999999940 0.002486727
0.999999940 0.000297829 0.000167039 -0.000836500 -0.000297806 0.999999940 -0.000137497 0.002714087 -0.000167080 0.000137447 1.000000000 0.002871506
0.999999940 0.000309001 0.000211656 -0.002000819 -0.000308973 0.999999940 -0.000133553 0.002977885 -0.000211697 0.000133488 0.999999940 0.004156842
0.999999881 0.000440193 0.000246867 -0.002271637 -0.000440171 0.999999881 -0.000091355 0.001671708 -0.000246907 0.000091246 0.999999940 0.002514613
0.999999940 0.000304287 0.000132470 -0.000263925 -0.000304279 0.999999940 -0.000055880 0.002061897 -0.000132487 0.000055840 1.000000000 0.002026810
0.999999940 0.000253983 0.000162099 -0.001274678 -0.000253944 0.999999940 -0.000238658 0.002366739 -0.000162159 0.000238617 0.999999940 0.003119055
0.999999881 0.000380569 0.000231273 -0.000125268 -0.000380388 0.999999642 -0.000782734 0.000466999 -0.000231571 0.000782646 0.999999642 0.052109588
0.999999821 0.000506244 0.000308791 -0.003053064 -0.000505868 0.999999106 -0.001216966 -0.004063487 -0.000309407 0.001216810 0.999999225 0.136690959
0.999999702 0.000594119 0.000494988 0.000661963 -0.000593301 0.999998450 -0.001651684 -0.005199573 -0.000495968 0.001651389 0.999998510 0.254605889
0.999999881 0.000375991 0.000336492 0.008896713 -0.000375508 0.999998927 -0.001434415 -0.007657434 -0.000337031 0.001434288 0.999998927 0.395174861
0.999999821 0.000392041 0.000457817 0.003864297 -0.000391592 0.999999464 -0.000980025 -0.015572901 -0.000458201 0.000979846 0.999999404 0.530593932
0.999999762 0.000340603 0.000587346 0.005714351 -0.000339977 0.999999344 -0.001066157 -0.019387387 -0.000587709 0.001065957 0.999999285 0.685418308
0.999999464 0.000756789 0.000725346 0.013499510 -0.000756288 0.999999464 -0.000690645 -0.023870051 -0.000725868 0.000690096 0.999999523 0.851155162
0.999997914 -0.000053410 0.002028218 -0.002524016 0.000053195 1.000000000 0.000106110 -0.035379659 -0.002028224 -0.000106003 0.999997914 1.017923474
0.999998033 0.000295781 0.001942768 0.001458227 -0.000295703 1.000000000 -0.000040243 -0.038312905 -0.001942780 0.000039669 0.999998033 1.194544196
0.999997377 0.000200436 0.002290286 0.005236264 -0.000201337 0.999999881 0.000392851 -0.043006565 -0.002290207 -0.000393311 0.999997318 1.385789156
0.999997735 0.000277493 0.002145396 0.009052242 -0.000279612 0.999999464 0.000987718 -0.049847875 -0.002145121 -0.000988316 0.999997318 1.577497482
0.999997199 -0.000109920 0.002361126 0.012764882 0.000107665 0.999999523 0.000955024 -0.056483660 -0.002361230 -0.000954767 0.999996841 1.777659178
0.999996543 0.000059730 0.002666398 0.005709592 -0.000063597 0.999998927 0.001449946 -0.069391049 -0.002666309 -0.001450111 0.999995351 1.966096640
0.999996901 -0.000033066 0.002482230 0.013085171 0.000029427 0.999998868 0.001466293 -0.075825676 -0.002482276 -0.001466215 0.999995887 2.176687241
0.999996543 -0.000606754 0.002555294 0.025099568 0.000602194 0.999998271 0.001785100 -0.082531899 -0.002556373 -0.001783555 0.999995172 2.394799709
0.999996662 -0.000167376 0.002588186 0.025631823 0.000163900 0.999999046 0.001343289 -0.088005081 -0.002588409 -0.001342861 0.999995708 2.622313499
0.999996424 -0.000416297 0.002631291 0.031898178 0.000412247 0.999998748 0.001539472 -0.095811144 -0.002631929 -0.001538382 0.999995410 2.853403091
0.999995768 -0.000032712 0.002913062 0.034068525 0.000028691 0.999999046 0.001380503 -0.098391570 -0.002913104 -0.001380414 0.999994874 3.095638037
0.999996066 0.000338852 0.002804908 0.040110320 -0.000343779 0.999998450 0.001756188 -0.107856326 -0.002804308 -0.001757145 0.999994516 3.337491035
0.999995947 -0.000329541 0.002832390 0.044172775 0.000324150 0.999998152 0.001903378 -0.117421120 -0.002833012 -0.001902452 0.999994099 3.590020895
0.999995708 0.000204077 0.002921047 0.045121647 -0.000209798 0.999998093 0.001958285 -0.125277445 -0.002920642 -0.001958890 0.999993801 3.848132372
0.999995112 0.000638209 0.003083455 0.055302210 -0.000644465 0.999997735 0.002028540 -0.126240417 -0.003082154 -0.002030518 0.999993145 4.112980843
0.999994516 0.000589987 0.003242224 0.055665612 -0.000596977 0.999997497 0.002155328 -0.135337502 -0.003240943 -0.002157252 0.999992430 4.369328976
0.999994457 0.000351204 0.003304314 0.061305214 -0.000356180 0.999998748 0.001505501 -0.137346223 -0.003303781 -0.001506670 0.999993384 4.633752346
0.999994993 0.000521325 0.003131372 0.073111273 -0.000527536 0.999997914 0.001983090 -0.150235996 -0.003130332 -0.001984732 0.999993086 4.888085365
0.999994159 0.000931972 0.003305821 0.077816345 -0.000938976 0.999997318 0.002117630 -0.150951862 -0.003303838 -0.002120721 0.999992311 5.155286312
0.999993920 0.000528452 0.003440315 0.081922308 -0.000535459 0.999997795 0.002035997 -0.162577450 -0.003439231 -0.002037827 0.999992013 5.418104172
0.999993682 0.000521124 0.003508391 0.086133257 -0.000527928 0.999997914 0.001938503 -0.168710008 -0.003507374 -0.001940343 0.999991953 5.688220978
0.999993384 0.000348640 0.003619400 0.090493537 -0.000354721 0.999998569 0.001679805 -0.173495471 -0.003618810 -0.001681078 0.999992013 5.965565205
0.999994278 0.000221280 0.003393840 0.094633967 -0.000227102 0.999998569 0.001715134 -0.182436898 -0.003393457 -0.001715895 0.999992728 6.245174408
0.999994159 0.000376326 0.003396481 0.106567241 -0.000384208 0.999997377 0.002320374 -0.190757275 -0.003395598 -0.002321666 0.999991536 6.524025917
0.999993086 0.000872968 0.003628309 0.108576827 -0.000880637 0.999997377 0.002112746 -0.195664421 -0.003626456 -0.002115927 0.999991179 6.821022034
0.999993443 0.000920495 0.003509959 0.111335784 -0.000927825 0.999997377 0.002087502 -0.203356311 -0.003508028 -0.002090745 0.999991655 7.109558105
0.999993503 0.000656555 0.003547472 0.116209157 -0.000663896 0.999997616 0.002068566 -0.210846335 -0.003546105 -0.002070907 0.999991536 7.406822205
0.999993622 -0.000017089 0.003566406 0.127081364 0.000008157 0.999996841 0.002504505 -0.227853477 -0.003566438 -0.002504461 0.999990463 7.692953110
0.999993920 0.000111377 0.003495513 0.136046082 -0.000120316 0.999996722 0.002556855 -0.233782843 -0.003495217 -0.002557260 0.999990582 8.044571877
0.999992907 0.000754540 0.003695146 0.143652231 -0.000765347 0.999995410 0.002924181 -0.248800710 -0.003692922 -0.002926989 0.999988854 8.338871002
0.999995053 0.000509654 0.003090498 0.157095686 -0.000519430 0.999994814 0.003163524 -0.257647455 -0.003088870 -0.003165114 0.999990225 8.666088104
0.999992132 0.000909018 0.003876426 0.154602945 -0.000919635 0.999995768 0.002738031 -0.258186519 -0.003873921 -0.002741574 0.999988735 9.015484810
0.999992728 0.001297916 0.003604156 0.164522350 -0.001309461 0.999993980 0.003202693 -0.277048290 -0.003599977 -0.003207389 0.999988377 9.356634140
0.999989331 0.001941868 0.004176519 0.160280541 -0.001954418 0.999993563 0.003002917 -0.287435323 -0.004170660 -0.003011048 0.999986768 9.659882545
0.999991834 0.001425244 0.003759849 0.177899316 -0.001435814 0.999995053 0.002810062 -0.296837717 -0.003755825 -0.002815438 0.999989033 10.014698982
0.999991715 0.001120991 0.003940212 0.183104560 -0.001132094 0.999995291 0.002816917 -0.304401726 -0.003937036 -0.002821354 0.999988317 10.376684189
0.999990761 0.001255702 0.004105426 0.192738414 -0.001265758 0.999996185 0.002447660 -0.311034739 -0.004102337 -0.002452833 0.999988616 10.734128952
0.999993026 0.000734274 0.003643649 0.209927619 -0.000743056 0.999996781 0.002409724 -0.311245501 -0.003641868 -0.002412414 0.999990463 11.105161667
0.999991834 0.000583570 0.003985313 0.201085716 -0.000595090 0.999995649 0.002889975 -0.332333267 -0.003983609 -0.002892324 0.999987841 11.478247643
0.999994099 0.000646303 0.003356522 0.214280039 -0.000655705 0.999995828 0.002800854 -0.339913130 -0.003354698 -0.002803039 0.999990404 11.861841202
0.999990165 0.001128857 0.004293903 0.217787564 -0.001141220 0.999995291 0.002877755 -0.351777434 -0.004290633 -0.002882627 0.999986649 12.244091034
0.999989748 0.000778565 0.004468598 0.229817435 -0.000793927 0.999993742 0.003437138 -0.370727539 -0.004465894 -0.003440650 0.999984145 12.614287376
0.999989808 0.000873511 0.004430332 0.240006804 -0.000889075 0.999993443 0.003512189 -0.374897927 -0.004427236 -0.003516092 0.999984026 13.016385078
0.999991834 0.000354445 0.004019741 0.250360012 -0.000367406 0.999994755 0.003224281 -0.388688654 -0.004018577 -0.003225731 0.999986708 13.406169891
0.999991298 0.000784039 0.004084482 0.260760278 -0.000799378 0.999992609 0.003755272 -0.400549203 -0.004081507 -0.003758505 0.999984622 13.825251579
0.999990106 0.000822803 0.004375930 0.269241035 -0.000838808 0.999993026 0.003656867 -0.406589895 -0.004372891 -0.003660502 0.999983728 14.259696007
0.999987483 0.001123329 0.004876086 0.280284613 -0.001139597 0.999993801 0.003334730 -0.420452893 -0.004872310 -0.003340245 0.999982536 14.676482201
0.999988854 0.001091262 0.004598028 0.292161316 -0.001107392 0.999993265 0.003506815 -0.431895792 -0.004594171 -0.003511867 0.999983251 15.097629547
0.999988437 0.001034765 0.004702354 0.304250926 -0.001051387 0.999993324 0.003533573 -0.444067717 -0.004698666 -0.003538477 0.999982655 15.541062355
0.999986947 0.000952686 0.005024708 0.309884191 -0.000973699 0.999990821 0.004181301 -0.456077933 -0.005020679 -0.004186139 0.999978602 15.997651100
0.999976993 0.002463402 0.006336728 0.318871260 -0.002491604 0.999987066 0.004446444 -0.463432848 -0.006325692 -0.004462129 0.999970078 16.418779373
0.999978900 0.001804430 0.006243799 0.319946647 -0.001831017 0.999989271 0.004254999 -0.486298263 -0.006236054 -0.004266342 0.999971390 16.848720551
0.999974012 0.001965572 0.006943565 0.330242664 -0.001994884 0.999989152 0.004217080 -0.497874767 -0.006935201 -0.004230823 0.999966979 17.307546616
0.999972403 0.002127621 0.007121381 0.341816068 -0.002160862 0.999986768 0.004663405 -0.512360930 -0.007111365 -0.004678664 0.999963760 17.773897171
0.999975502 0.001266375 0.006885020 0.363882869 -0.001296436 0.999989629 0.004363306 -0.519398212 -0.006879423 -0.004372125 0.999966741 18.242742538
0.999972343 0.001399069 0.007300538 0.358720779 -0.001434747 0.999987066 0.004884027 -0.541663885 -0.007293610 -0.004894367 0.999961436 18.674339294
0.999970555 0.001397555 0.007533712 0.373470306 -0.001430850 0.999989212 0.004415933 -0.544038475 -0.007527459 -0.004426583 0.999961853 19.155939102
0.999970555 0.001066116 0.007590985 0.395003915 -0.001101452 0.999988616 0.004652189 -0.556860149 -0.007585938 -0.004660413 0.999960363 19.645519257
0.999974608 0.001387853 0.006977125 0.397749603 -0.001421863 0.999987066 0.004871926 -0.576246381 -0.006970275 -0.004881723 0.999963820 20.117990494
0.999974608 0.001048513 0.007044268 0.414370537 -0.001080167 0.999989331 0.004491308 -0.585809290 -0.007039484 -0.004498804 0.999965131 20.612026215
0.999975801 0.002011410 0.006652838 0.432160556 -0.002043119 0.999986649 0.004762796 -0.599659324 -0.006643168 -0.004776274 0.999966562 21.115514755
0.999975860 0.001840215 0.006706728 0.426990092 -0.001871212 0.999987602 0.004618270 -0.601337969 -0.006698146 -0.004630708 0.999966800 21.635730743
0.999976277 0.001635408 0.006695198 0.408028305 -0.001670286 0.999985039 0.005207214 -0.629399359 -0.006686582 -0.005218273 0.999964058 22.098524094
0.999978244 0.000640986 0.006561210 0.427936137 -0.000670882 0.999989450 0.004555185 -0.636256397 -0.006558221 -0.004559489 0.999968171 22.618688583
0.999982774 0.001138393 0.005769691 0.438127041 -0.001168314 0.999985814 0.005185245 -0.647385895 -0.005763707 -0.005191897 0.999969959 23.131864548
0.999984860 0.001305498 0.005348503 0.440082043 -0.001333642 0.999985278 0.005261675 -0.666752815 -0.005341555 -0.005268729 0.999971867 23.620922089
0.999987304 0.000485360 0.005023751 0.452792227 -0.000511408 0.999986410 0.005184949 -0.679894686 -0.005021167 -0.005187453 0.999973953 24.153444290
0.999988079 0.001674994 0.004600667 0.466583401 -0.001696148 0.999988019 0.004597866 -0.684319615 -0.004592911 -0.004605614 0.999978900 24.694986343
0.999989688 0.002210344 0.003953302 0.483321577 -0.002230806 0.999984145 0.005179135 -0.691895247 -0.003941791 -0.005187901 0.999978781 25.219123840
0.999993026 0.001823673 0.003262127 0.465392500 -0.001840305 0.999985218 0.005102878 -0.709714532 -0.003252773 -0.005108845 0.999981642 25.762493134
0.999994636 0.001904759 0.002686543 0.481420040 -0.001918425 0.999985158 0.005093269 -0.721030533 -0.002676802 -0.005098395 0.999983370 26.305334091
0.999988198 0.003066225 0.003764990 0.477910072 -0.003085690 0.999981880 0.005175258 -0.728369236 -0.003749053 -0.005186812 0.999979496 26.879108429
0.999996066 0.001754008 0.002218463 0.499752253 -0.001764569 0.999987066 0.004767783 -0.738258779 -0.002210071 -0.004771679 0.999986172 27.414754868
0.999994695 0.002529554 0.002062551 0.494765282 -0.002540570 0.999982417 0.005356472 -0.757684350 -0.002048965 -0.005361683 0.999983549 27.961597443
0.999992847 0.003053145 0.002254477 0.502074361 -0.003064021 0.999983668 0.004836196 -0.760197818 -0.002239675 -0.004843069 0.999985754 28.525188446
0.999992490 0.003124610 0.002286491 0.510624886 -0.003137608 0.999978840 0.005703446 -0.780403256 -0.002268621 -0.005710578 0.999981105 29.069860458
0.999994397 0.002933318 0.001623696 0.532020867 -0.002942276 0.999980271 0.005542704 -0.796988726 -0.001607405 -0.005547451 0.999983311 29.620698929
0.999996006 0.002683154 0.000875353 0.527179420 -0.002687664 0.999982893 0.005193332 -0.802614987 -0.000861404 -0.005195664 0.999986112 30.148962021
0.999994159 0.003271906 0.000938502 0.539178610 -0.003276894 0.999980211 0.005363034 -0.819617569 -0.000920936 -0.005366078 0.999985158 30.698804855
0.999992490 0.003691917 0.001213540 0.549679816 -0.003699147 0.999975085 0.006011249 -0.831575692 -0.001191316 -0.006015692 0.999981165 31.246166229
0.999991953 0.003864123 0.001094478 0.563557088 -0.003869721 0.999979198 0.005159699 -0.838360608 -0.001074517 -0.005163894 0.999986053 31.792528152
0.999996185 0.002730504 -0.000065326 0.576877952 -0.002730145 0.999983907 0.004971083 -0.853014290 0.000078899 -0.004970886 0.999987662 32.333751678
0.999994159 0.003335081 -0.000618275 0.582430840 -0.003332019 0.999982476 0.004890584 -0.866444826 0.000634574 -0.004888496 0.999987841 32.881645203
0.999996841 0.002362036 -0.000779783 0.594344676 -0.002357685 0.999981880 0.005534401 -0.885765851 0.000792842 -0.005532546 0.999984324 33.426063538
0.999995589 0.002966402 -0.000262525 0.602575898 -0.002964881 0.999979734 0.005618329 -0.896583080 0.000279186 -0.005617525 0.999984145 33.977039337
0.999995470 0.002857303 -0.000960790 0.615270495 -0.002852077 0.999981344 0.005397319 -0.908364952 0.000976194 -0.005394555 0.999984920 34.519458771
0.999995828 0.002856256 -0.000385202 0.617816806 -0.002854240 0.999982715 0.005134157 -0.921720028 0.000399859 -0.005133036 0.999986708 35.049468994
0.999996006 0.002382200 -0.001487478 0.621676445 -0.002374312 0.999983251 0.005283173 -0.926636457 0.001500038 -0.005279621 0.999984920 35.595851898
0.999996245 0.001992196 -0.001905657 0.636538804 -0.001982693 0.999985754 0.004976116 -0.932597637 0.001915543 -0.004972319 0.999985814 36.149272919
0.999995708 0.002531012 -0.001462193 0.638751924 -0.002524035 0.999985576 0.004755370 -0.950156987 0.001474207 -0.004751659 0.999987602 36.718524933
0.999995291 0.002601813 -0.001586569 0.665703952 -0.002595983 0.999989927 0.003665396 -0.943201780 0.001596090 -0.003661261 0.999991953 37.282005310
0.999993801 0.002805034 -0.002130138 0.679182887 -0.002797369 0.999989688 0.003593350 -0.955550432 0.002140196 -0.003587370 0.999991238 37.843410492
0.999995530 0.002261243 -0.001934909 0.641954005 -0.002252072 0.999986291 0.004729553 -0.984275997 0.001945577 -0.004725175 0.999986947 38.320343018
0.999993205 0.003431350 -0.001364336 0.646092117 -0.003425525 0.999985099 0.004249814 -0.990633786 0.001378898 -0.004245111 0.999990106 38.869113922
0.999995768 0.002571953 -0.001346627 0.649528980 -0.002566911 0.999989808 0.003732233 -0.998389661 0.001356212 -0.003728762 0.999992073 39.427581787
0.999996483 0.002051650 -0.001675662 0.645111442 -0.002044413 0.999988556 0.004310172 -1.006040931 0.001684486 -0.004306730 0.999989331 39.933364868
0.999996066 0.002199377 -0.001746879 0.654760361 -0.002192332 0.999989510 0.004024811 -1.017410278 0.001755713 -0.004020965 0.999990404 40.481781006
0.999995232 0.002636449 -0.001574248 0.660636127 -0.002631552 0.999991715 0.003105473 -1.018466830 0.001582421 -0.003101316 0.999993980 41.050979614
0.999995053 0.002702239 -0.001614570 0.664671540 -0.002696326 0.999989688 0.003652784 -1.036013126 0.001624424 -0.003648413 0.999992073 41.587680817
0.999994278 0.003080680 -0.001434367 0.665000021 -0.003075238 0.999988079 0.003781308 -1.045784235 0.001445999 -0.003776874 0.999991834 42.155864716
0.999996603 0.002384092 -0.001051276 0.659890771 -0.002379568 0.999988019 0.004282179 -1.074132085 0.001061473 -0.004279663 0.999990284 42.608695984
0.999996245 0.002447610 -0.001244915 0.670170128 -0.002442818 0.999989629 0.003836186 -1.079315424 0.001254292 -0.003833131 0.999991894 43.167381287
0.999996722 0.002298740 -0.001107721 0.686580896 -0.002295111 0.999992073 0.003265716 -1.091395140 0.001115219 -0.003263163 0.999994040 43.706359863
0.999998271 0.001491098 -0.001115816 0.690323532 -0.001486266 0.999989629 0.004319176 -1.105727077 0.001122244 -0.004317510 0.999989986 44.268550873
0.999997318 0.001999874 -0.001170100 0.668890476 -0.001995418 0.999990761 0.003795976 -1.108594060 0.001177681 -0.003793631 0.999992132 44.777107239
0.999997377 0.001922988 -0.001286656 0.681189656 -0.001918626 0.999992490 0.003381800 -1.118463397 0.001293150 -0.003379322 0.999993503 45.327220917
0.999995351 0.002782813 -0.001276906 0.691921532 -0.002779342 0.999992490 0.002713230 -1.130135655 0.001284446 -0.002709668 0.999995530 45.881465912
0.999995530 0.002954336 -0.000532674 0.689937234 -0.002952683 0.999990880 0.003080086 -1.140765905 0.000541769 -0.003078499 0.999995112 46.437709808
0.999993503 0.003602442 0.000058504 0.653069854 -0.003602639 0.999986053 0.003866135 -1.158074260 -0.000044576 -0.003866321 0.999992549 46.907844543
0.999993205 0.003687799 -0.000260547 0.658926666 -0.003686932 0.999987900 0.003256171 -1.163706660 0.000272551 -0.003255189 0.999994636 47.459701538
0.999994099 0.003370443 -0.000674025 0.680045843 -0.003368151 0.999988675 0.003372896 -1.180489421 0.000685385 -0.003370606 0.999994159 48.021900177
0.999998093 0.001944986 -0.000197344 0.681676745 -0.001944214 0.999990761 0.003833215 -1.189480782 0.000204798 -0.003832824 0.999992609 48.511192322
0.999998987 0.001164415 -0.000659368 0.692949176 -0.001161686 0.999990761 0.004124132 -1.202738404 0.000664164 -0.004123362 0.999991298 49.059181213
0.999996364 0.002670168 0.000173986 0.700024903 -0.002670801 0.999989390 0.003745530 -1.211176634 -0.000163983 -0.003745981 0.999992967 49.610885620
0.999996424 0.002682109 -0.000066948 0.698206902 -0.002681830 0.999988914 0.003851412 -1.221927285 0.000077277 -0.003851219 0.999992609 50.145103455
0.999996006 0.002814221 0.000429115 0.707048714 -0.002815705 0.999989867 0.003500175 -1.236031771 -0.000419260 -0.003501369 0.999993801 50.676708221
0.999996245 0.002739164 -0.000168702 0.720705748 -0.002738592 0.999990761 0.003300528 -1.244864345 0.000177740 -0.003300054 0.999994576 51.235576630
0.999995589 0.002937712 0.000178992 0.720350802 -0.002938316 0.999989629 0.003475611 -1.254034996 -0.000168780 -0.003476121 0.999993920 51.744876862
0.999994397 0.003289091 0.000467528 0.730455399 -0.003290472 0.999990106 0.002988110 -1.266622186 -0.000457696 -0.002989632 0.999995470 52.288440704
0.999996006 0.002770383 0.000403987 0.728186309 -0.002771702 0.999990702 0.003303652 -1.272672892 -0.000394830 -0.003304759 0.999994457 52.824787140
0.999992311 0.003836452 0.000665282 0.734072208 -0.003838529 0.999987721 0.003147970 -1.287901282 -0.000653197 -0.003150500 0.999994814 53.372524261
0.999995470 0.002964647 0.000512653 0.736854255 -0.002966145 0.999991179 0.002948770 -1.302098989 -0.000503907 -0.002950277 0.999995530 53.891117096
0.999995112 0.003055368 0.000576199 0.747509062 -0.003057123 0.999990523 0.003073473 -1.316764593 -0.000566803 -0.003075220 0.999995112 54.429199219
0.999995470 0.002991506 0.000253246 0.760980546 -0.002992126 0.999992490 0.002482140 -1.325988293 -0.000245820 -0.002482886 0.999996841 54.984981537
0.999994874 0.003034980 0.000998783 0.756598711 -0.003037685 0.999991655 0.002719687 -1.335581660 -0.000990520 -0.002722707 0.999995828 55.472972870
0.999994814 0.003147622 0.000683100 0.763731301 -0.003149700 0.999990344 0.003063515 -1.349798799 -0.000673451 -0.003065650 0.999995172 56.022182465
0.999994755 0.003157029 0.000769170 0.783442318 -0.003158934 0.999991953 0.002488738 -1.362216949 -0.000761307 -0.002491154 0.999996603 56.571830750
0.999994814 0.003013337 0.001101889 0.776655495 -0.003016289 0.999991834 0.002688185 -1.370654225 -0.001093780 -0.002691495 0.999995768 57.068023682
0.999994755 0.002941216 0.001392218 0.783791184 -0.002944645 0.999992669 0.002466864 -1.384543419 -0.001384952 -0.002470951 0.999996006 57.613693237
0.999994755 0.002861517 0.001485759 0.797729492 -0.002865174 0.999992847 0.002464205 -1.394518614 -0.001478697 -0.002468449 0.999995828 58.134185791
0.999994695 0.002987787 0.001278652 0.806291461 -0.002991215 0.999991953 0.002688572 -1.406154871 -0.001270608 -0.002692382 0.999995589 58.678104401
0.999993682 0.003177003 0.001560003 0.817607045 -0.003180830 0.999991953 0.002456187 -1.425230026 -0.001552188 -0.002461134 0.999995708 59.222366333
0.999995112 0.002955485 0.001045836 0.827690363 -0.002957592 0.999993503 0.002019694 -1.431963325 -0.001039860 -0.002022777 0.999997437 59.736064911
0.999993980 0.003360500 0.000933174 0.838039160 -0.003361879 0.999993145 0.001481546 -1.435626149 -0.000928188 -0.001484675 0.999998450 60.295951843
0.999994934 0.002952428 0.001217754 0.854225159 -0.002954082 0.999994636 0.001358172 -1.453518271 -0.001213738 -0.001361762 0.999998331 60.832695007
0.999992192 0.003559821 0.001713347 0.853442609 -0.003563373 0.999991417 0.002074320 -1.462458849 -0.001705948 -0.002080409 0.999996364 61.368980408
0.999986827 0.004458813 0.002563576 0.856677055 -0.004465596 0.999986470 0.002646199 -1.480612755 -0.002551743 -0.002657612 0.999993205 61.916236877
0.999992609 0.003560347 0.001392761 0.880031168 -0.003562776 0.999992073 0.001745187 -1.493079305 -0.001386537 -0.001750136 0.999997497 62.460002899
0.999988616 0.004291288 0.002099289 0.873277068 -0.004295366 0.999988914 0.001941821 -1.503936887 -0.002090933 -0.001950816 0.999995887 62.986877441
0.999988914 0.004260144 0.001973500 0.885772049 -0.004262978 0.999989927 0.001434722 -1.518994808 -0.001967368 -0.001443120 0.999996960 63.543727875
0.999992311 0.003465575 0.001857498 0.902696729 -0.003469418 0.999991894 0.002068612 -1.539781928 -0.001850315 -0.002075040 0.999996066 64.065353394
0.999985993 0.004697576 0.002464968 0.903743267 -0.004699527 0.999988735 0.000785916 -1.543699026 -0.002461249 -0.000797489 0.999996662 64.602767944
0.999988079 0.004421473 0.002075862 0.909568131 -0.004424573 0.999989092 0.001491623 -1.558707356 -0.002069244 -0.001500790 0.999996722 65.117630005
0.999986768 0.004539890 0.002424732 0.920241833 -0.004543012 0.999988854 0.001283183 -1.571861267 -0.002418879 -0.001294182 0.999996245 65.665374756
0.999990821 0.003792267 0.002031402 0.931891561 -0.003794007 0.999992430 0.000853665 -1.582242012 -0.002028150 -0.000861364 0.999997616 66.217994690
0.999987066 0.004426298 0.002512712 0.935827255 -0.004428632 0.999989748 0.000924179 -1.604090691 -0.002508596 -0.000935295 0.999996424 66.749588013
0.999981940 0.005210274 0.003008638 0.932330608 -0.005213802 0.999985695 0.001165746 -1.620555162 -0.003002521 -0.001181411 0.999994814 67.227256775
0.999985158 0.004830771 0.002506825 0.947990775 -0.004832903 0.999987960 0.000844169 -1.623497009 -0.002502716 -0.000856272 0.999996483 67.809082031
0.999983072 0.005075760 0.002853167 0.955388188 -0.005079573 0.999986231 0.001329837 -1.639298439 -0.002846377 -0.001344307 0.999995053 68.369468689
0.999982655 0.004929709 0.003218634 0.961888552 -0.004933325 0.999987185 0.001116138 -1.654544473 -0.003213090 -0.001131997 0.999994159 68.903930664
0.999984443 0.004349175 0.003474256 0.986015558 -0.004351518 0.999990344 0.000667221 -1.665835381 -0.003471320 -0.000682329 0.999993742 69.424095154
0.999983013 0.004976750 0.003013594 0.979933619 -0.004977415 0.999987543 0.000213390 -1.659035802 -0.003012494 -0.000228387 0.999995410 69.942474365
0.999979377 0.005824226 0.002686554 0.990135312 -0.005823322 0.999982893 -0.000344856 -1.672095895 -0.002688516 0.000329204 0.999996364 70.496215820
0.999983549 0.004746833 0.003213740 0.999399960 -0.004747158 0.999988675 0.000093707 -1.688149095 -0.003213259 -0.000108962 0.999994755 71.008697510
0.999979913 0.005235903 0.003542339 1.011542082 -0.005235190 0.999986231 -0.000209980 -1.698991776 -0.003543390 0.000191431 0.999993682 71.568572998
0.999967337 0.006899248 0.004187885 1.012144327 -0.006899709 0.999976218 0.000095318 -1.715362906 -0.004187128 -0.000124211 0.999991179 72.125587463
0.999967158 0.006710972 0.004551390 1.027786613 -0.006708891 0.999977410 -0.000471915 -1.727718830 -0.004554454 0.000441365 0.999989510 72.650184631
0.999982953 0.004938670 0.003102463 1.044017911 -0.004939006 0.999987781 0.000100627 -1.742820859 -0.003101928 -0.000115948 0.999995172 73.132003784
0.999982119 0.004848617 0.003507743 1.057101011 -0.004847709 0.999988258 -0.000267047 -1.756694555 -0.003508996 0.000250038 0.999993801 73.688011169
0.999972761 0.005965514 0.004352001 1.062386155 -0.005967597 0.999982119 0.000466179 -1.769690037 -0.004349141 -0.000492137 0.999990344 74.252243042
0.999979079 0.005519759 0.003368186 1.081929564 -0.005518693 0.999984682 -0.000324691 -1.776367664 -0.003369926 0.000306096 0.999994278 74.740051270
0.999987006 0.004094919 0.003034029 1.102099538 -0.004092495 0.999991298 -0.000804748 -1.787175536 -0.003037298 0.000792320 0.999995053 75.282150269
0.999971747 0.006474643 0.003790683 1.096137404 -0.006474236 0.999979079 -0.000119603 -1.808256030 -0.003791377 0.000095057 0.999992788 75.837074280
0.999976456 0.005698630 0.003792182 1.123623133 -0.005696325 0.999983609 -0.000618687 -1.814229727 -0.003795645 0.000597071 0.999992609 76.344360352
0.999970198 0.006686023 0.003852261 1.134215236 -0.006682507 0.999977231 -0.000925076 -1.823944688 -0.003858358 0.000899306 0.999992132 76.889739990
0.999977529 0.005547099 0.003763971 1.150370240 -0.005543901 0.999984264 -0.000860376 -1.841075897 -0.003768684 0.000839489 0.999992490 77.409980774
0.999976814 0.005497988 0.003991291 1.154224396 -0.005493551 0.999984205 -0.001122249 -1.851453662 -0.003997399 0.001100297 0.999991417 77.892028809
0.999969363 0.006368164 0.004556563 1.165846348 -0.006362332 0.999978960 -0.001293667 -1.862637162 -0.004564705 0.001264638 0.999988854 78.444313049
0.999954998 0.008218705 0.004726720 1.169720769 -0.008210756 0.999964774 -0.001698799 -1.874183416 -0.004740517 0.001659913 0.999987423 79.011383057
0.999973476 0.005986269 0.004142439 1.180121422 -0.005981551 0.999981403 -0.001150309 -1.907720685 -0.004149247 0.001125501 0.999990761 79.501808167
0.999963701 0.006520494 0.005483232 1.188888311 -0.006513384 0.999977887 -0.001313668 -1.921663880 -0.005491676 0.001277906 0.999984145 80.053733826
0.999952137 0.006888923 0.006952183 1.205826521 -0.006881995 0.999975801 -0.001020327 -1.942637205 -0.006959044 0.000972433 0.999975264 80.601837158
0.999942660 0.007187441 0.007938271 1.202775717 -0.007178221 0.999973536 -0.001189001 -1.952053666 -0.007946607 0.001131950 0.999967813 81.142028809
0.999931157 0.007195683 0.009265979 1.214818835 -0.007190107 0.999973893 -0.000634874 -1.972757816 -0.009270305 0.000568207 0.999956906 81.689277649
0.999894857 0.007090065 0.012651516 1.240047574 -0.007084214 0.999974847 -0.000507314 -1.984997153 -0.012654794 0.000417635 0.999919891 82.278175354
0.999839365 0.007123008 0.016455505 1.250238180 -0.007105581 0.999974132 -0.001117326 -1.991641760 -0.016463041 0.001000221 0.999863923 82.792228699
0.999781191 0.006805847 0.019782200 1.278049469 -0.006780555 0.999976099 -0.001345137 -2.010007381 -0.019790879 0.001210708 0.999803424 83.334983826
0.999716103 0.005149114 0.023264570 1.318459511 -0.005121568 0.999986112 -0.001243350 -2.027879238 -0.023270650 0.001123847 0.999728501 83.895324707
0.999530852 0.007400572 0.029721124 1.326730490 -0.007352792 0.999971509 -0.001716520 -2.025093079 -0.029732984 0.001497182 0.999556780 84.403228760
0.999304295 0.008622802 0.036285039 1.355235577 -0.008572027 0.999962032 -0.001554693 -2.046076298 -0.036297064 0.001242575 0.999340355 84.953521729
0.999080420 0.008030955 0.042117067 1.391799450 -0.007955452 0.999966443 -0.001959942 -2.051732063 -0.042131394 0.001623079 0.999110818 85.525299072
0.998696506 0.007510085 0.050488450 1.442965031 -0.007407603 0.999970138 -0.002216587 -2.069107533 -0.050503589 0.001839699 0.998722136 86.034126282
0.998251975 0.007674294 0.058601432 1.481887579 -0.007572669 0.999969423 -0.001956074 -2.080845594 -0.058614653 0.001508886 0.998279572 86.532455444
0.997819483 0.007752741 0.065544859 1.530021191 -0.007638733 0.999968886 -0.001989850 -2.093391657 -0.065558240 0.001484831 0.997847676 87.094032288
0.997130930 0.007814728 0.075291634 1.589275360 -0.007669160 0.999968052 -0.002222337 -2.108137131 -0.075306617 0.001638538 0.997159123 87.636474609
0.996416807 0.007209834 0.084270597 1.660525322 -0.007019334 0.999972105 -0.002556657 -2.125475883 -0.084286690 0.001955973 0.996439636 88.121627808
0.995589137 0.007018560 0.093558095 1.724053860 -0.006815155 0.999973655 -0.002493440 -2.134032965 -0.093573138 0.001844829 0.995610714 88.675918579
0.994923949 0.005675460 0.100469567 1.799946785 -0.005405226 0.999980927 -0.002961744 -2.149615526 -0.100484483 0.002403650 0.994935632 89.221809387
0.993888259 0.006230973 0.110214680 1.876091957 -0.005927825 0.999977827 -0.003077974 -2.159296513 -0.110231400 0.002405828 0.993903041 89.723678589
0.992654026 0.006414013 0.120817147 1.966244698 -0.006092813 0.999976873 -0.003027789 -2.174021959 -0.120833784 0.002269430 0.992670178 90.268516541
0.991468966 0.005716400 0.130217209 2.057949066 -0.005287427 0.999979436 -0.003639783 -2.188258886 -0.130235344 0.002920219 0.991478860 90.833618164
0.989970982 0.004883865 0.141185790 2.155662537 -0.004427177 0.999983847 -0.003548573 -2.207389355 -0.141200855 0.002887930 0.989976704 91.323417664
0.988067567 0.004806302 0.153945595 2.255248070 -0.004270731 0.999983549 -0.003809475 -2.227283001 -0.153961405 0.003106558 0.988071978 91.854919434
0.986377001 0.004517390 0.164438203 2.362901688 -0.004022632 0.999986291 -0.003341661 -2.249344110 -0.164451063 0.002634663 0.986381710 92.380073547
0.984497786 0.004691893 0.175334275 2.465017319 -0.004100572 0.999984622 -0.003734668 -2.252242565 -0.175349116 0.002957801 0.984501839 92.949104309
0.982073009 0.004682110 0.188442454 2.586514473 -0.004084530 0.999985337 -0.003559359 -2.274300814 -0.188456342 0.002725852 0.982077777 93.483917236
0.979751050 0.003637083 0.200186878 2.722974777 -0.002878954 0.999987543 -0.004078078 -2.287330151 -0.200199246 0.003419173 0.979749262 94.012962341
0.977665246 0.003062265 0.210145801 2.859781265 -0.002222077 0.999988556 -0.004234119 -2.293893814 -0.210156336 0.003672590 0.977661014 94.535980225
0.974825203 0.002506515 0.222956300 3.009855270 -0.001667281 0.999990880 -0.003952272 -2.318553925 -0.222964138 0.003481044 0.974820495 95.052482605
0.971700311 0.001616085 0.236210957 3.157779694 -0.000544164 0.999989212 -0.004603102 -2.330445528 -0.236215845 0.004344299 0.971690893 95.589614868
0.968934655 0.001966472 0.247308999 3.309635162 -0.000969456 0.999990940 -0.004153160 -2.344242334 -0.247314930 0.003784386 0.968927801 96.097396851
0.965955377 0.002303757 0.258698255 3.456840515 -0.001237938 0.999990046 -0.004282755 -2.353969574 -0.258705616 0.003816698 0.965948641 96.629531860
0.962308228 0.001888840 0.271954656 3.631723404 -0.000784755 0.999991000 -0.004168511 -2.375522137 -0.271960139 0.003797974 0.962301075 97.146789551
0.958562493 0.001379973 0.284878969 3.800786972 -0.000174187 0.999990880 -0.004257923 -2.388275623 -0.284882247 0.004031863 0.958554029 97.679916382
0.955019832 0.001703923 0.296537042 3.972555161 -0.000427416 0.999990284 -0.004369488 -2.393776178 -0.296541631 0.004046204 0.955011368 98.194389343
0.950560749 0.001968368 0.310532331 4.167018890 -0.000523861 0.999988675 -0.004735041 -2.406389952 -0.310538113 0.004338269 0.950551033 98.726470947
0.945998430 0.001238203 0.324168831 4.368804932 0.000172119 0.999990582 -0.004321869 -2.424617290 -0.324171156 0.004144277 0.945989370 99.240310669
0.941900551 0.001610500 0.335887969 4.569171906 -0.000221251 0.999991238 -0.004174280 -2.447616816 -0.335891783 0.003857441 0.941892624 99.742187500
0.937339544 0.000804519 0.348416358 4.795820236 0.000847349 0.999989033 -0.004588655 -2.460407257 -0.348416328 0.004596358 0.937328637 100.268630981
0.931836843 0.000787303 0.362876773 4.992610931 0.000877988 0.999989867 -0.004424191 -2.481735706 -0.362876683 0.004441225 0.931826591 100.752685547
0.926820338 0.000688393 0.375504583 5.225179672 0.000869267 0.999991655 -0.003978756 -2.506611347 -0.375504225 0.004014006 0.926811993 101.288284302
0.922009230 -0.000122382 0.387167841 5.461462021 0.002001918 0.999988019 -0.004451314 -2.510421991 -0.387162745 0.004879233 0.921998501 101.782386780
0.916097939 -0.000546871 0.400954068 5.709728241 0.002534988 0.999986947 -0.004428021 -2.526821375 -0.400946438 0.005072916 0.916087508 102.275161743
0.910190165 -0.001057224 0.414189160 5.944793701 0.002947325 0.999987960 -0.003924333 -2.544521332 -0.414180040 0.004792640 0.910182357 102.748977661
0.905410171 -0.001128871 0.424536496 6.199447632 0.002992979 0.999988556 -0.003724096 -2.566298723 -0.424527466 0.004642465 0.905403197 103.227264404
0.899218261 -0.000068656 0.437500358 6.444797516 0.002327562 0.999986589 -0.004627041 -2.550147533 -0.437494099 0.005179029 0.899206340 103.728233337
0.892751753 -0.000692295 0.450548202 6.717479706 0.003087894 0.999984741 -0.004582061 -2.567550421 -0.450538188 0.005481888 0.892740250 104.215209961
0.886441112 -0.000859005 0.462840527 6.993640900 0.003244209 0.999985278 -0.004357458 -2.587710857 -0.462829947 0.005364181 0.886430800 104.697914124
0.880886734 -0.001467315 0.473324835 7.269508362 0.003952695 0.999983132 -0.004256245 -2.606925488 -0.473310620 0.005620178 0.880877614 105.101425171
0.872865498 -0.000844643 0.487960041 7.503948212 0.003332985 0.999985516 -0.004231119 -2.615998745 -0.487949520 0.005319562 0.872855544 105.579147339
0.865842164 -0.001385322 0.500315309 7.801986694 0.003895506 0.999984562 -0.003972679 -2.632660866 -0.500302136 0.005388696 0.865834117 106.041130066
0.859550476 -0.001918281 0.511047304 8.100700378 0.004676725 0.999980628 -0.004112414 -2.648429632 -0.511029482 0.005924854 0.859542787 106.496932983
