1.000000000 0.000000000 0.000000000 0.000000000 0.000000000 1.000000000 0.000000000 0.000000000 0.000000000 0.000000000 1.000000000 0.000000000
1.000000000 0.000090442 0.000156874 -0.001166360 -0.000090446 1.000000000 0.000022473 0.000031730 -0.000156872 -0.000022487 1.000000000 -0.000163549
0.999999940 0.000197779 0.000151413 -0.001592226 -0.000197789 1.000000000 0.000069096 0.000851083 -0.000151399 -0.000069126 1.000000000 0.001650524
1.000000000 0.000193644 -0.000004471 0.000065129 -0.000193643 0.999999940 0.000156375 -0.001122646 0.000004502 -0.000156374 1.000000000 -0.000373074
0.999999940 0.000276072 0.000144847 -0.001204974 -0.000276086 0.999999940 0.000093082 -0.000089880 -0.000144821 -0.000093122 1.000000000 0.000181594
1.000000000 0.000038600 0.000028982 -0.000743877 -0.000038603 1.000000000 0.000086056 -0.000126371 -0.000028979 -0.000086057 1.000000000 -0.000616121
1.000000000 0.000076912 0.000139441 -0.002218058 -0.000076910 1.000000000 -0.000013834 0.001554856 -0.000139442 0.000013823 1.000000000 0.003600013
1.000000000 -0.000052054 0.000175633 -0.001407811 0.000052038 1.000000000 0.000094891 0.000796962 -0.000175638 -0.000094882 1.000000000 0.003166338
1.000000000 -0.000002503 0.000158820 -0.001574498 0.000002512 1.000000000 -0.000053066 0.001344441 -0.000158820 0.000053066 1.000000000 0.002741727
1.000000000 0.000019465 0.000197636 -0.001190993 -0.000019470 1.000000000 0.000024074 0.000127063 -0.000197636 -0.000024078 1.000000000 0.000228320
1.000000000 -0.000087381 0.000196447 -0.001018903 0.000087382 1.000000000 -0.000006502 0.001509680 -0.000196446 0.000006519 1.000000000 0.002626617
1.000000000 0.000051845 0.000088888 -0.000530709 -0.000051850 1.000000000 0.000052963 -0.000126226 -0.000088885 -0.000052967 1.000000000 0.000409809
1.000000000 -0.000003145 0.000144177 -0.001348731 0.000003148 1.000000000 -0.000025854 0.001751281 -0.000144177 0.000025854 1.000000000 0.004124175
0.999999940 -0.000030745 0.000259161 -0.002382628 0.000030711 1.000000000 0.000132182 0.001115702 -0.000259165 -0.000132174 0.999999940 0.004034959
1.000000000 -0.000007817 0.000155521 -0.001942894 0.000007808 1.000000000 0.000063524 0.001078604 -0.000155521 -0.000063523 1.000000000 0.003528389
1.000000000 0.000082452 0.000064366 -0.000353633 -0.000082458 1.000000000 0.000103487 -0.000278343 -0.000064358 -0.000103493 1.000000000 0.000304523
1.000000000 -0.000040028 0.000069946 -0.001688395 0.000040026 1.000000000 0.000033675 0.000931414 -0.000069948 -0.000033672 1.000000000 0.003355853
0.999999940 0.000181170 0.000352162 -0.003385439 -0.000181188 1.000000000 0.000050650 0.001369552 -0.000352152 -0.000050714 0.999999940 0.004661807
0.999999940 0.000196333 0.000285883 -0.003295669 -0.000196350 1.000000000 0.000057224 0.000783301 -0.000285872 -0.000057280 0.999999940 0.002985295
0.999999940 0.000182815 0.000186233 -0.002229660 -0.000182828 1.000000000 0.000067201 0.000928025 -0.000186221 -0.000067235 1.000000000 0.003510143
0.999999881 0.000376247 0.000299933 -0.003187659 -0.000376305 0.999999881 0.000193504 0.000560694 -0.000299860 -0.000193617 0.999999940 0.003740315
0.999999762 0.000532514 0.000370199 -0.003334052 -0.000532560 0.999999821 0.000122258 -0.000010485 -0.000370134 -0.000122455 0.999999940 0.001507327
1.000000000 0.000081870 0.000219956 -0.002415124 -0.000081888 1.000000000 0.000081730 0.000787408 -0.000219949 -0.000081748 1.000000000 0.002722958
0.999999940 0.000102100 0.000317406 -0.001667106 -0.000102135 1.000000000 0.000110036 -0.000189027 -0.000317395 -0.000110068 0.999999940 0.001667535
1.000000000 0.000059416 0.000228879 -0.002204765 -0.000059412 1.000000000 -0.000014515 0.001011971 -0.000228880 0.000014502 1.000000000 0.000989524
0.999999940 0.000025264 0.000243476 -0.001181549 -0.000025259 1.000000000 -0.000019334 0.001240055 -0.000243477 0.000019328 0.999999940 0.001870468
0.999999940 0.000120162 0.000302972 -0.002093464 -0.000120195 1.000000000 0.000107389 -0.000203310 -0.000302959 -0.000107426 0.999999940 0.000684551
0.999999940 0.000084583 0.000262210 -0.001327402 -0.000084591 1.000000000 0.000030587 0.000653195 -0.000262207 -0.000030609 0.999999940 0.001574760
0.999999881 0.000245909 0.000351469 -0.003664239 -0.000245876 0.999999940 -0.000095069 0.002142452 -0.000351493 0.000094982 0.999999940 0.003393825
0.999999940 0.000133305 0.000323464 -0.003282314 -0.000133319 1.000000000 0.000043263 0.001198546 -0.000323458 -0.000043306 0.999999940 0.002509965
0.999999940 0.000195090 0.000327332 -0.002817457 -0.000195116 1.000000000 0.000078892 0.000726371 -0.000327317 -0.000078956 0.999999940 0.002692442
0.999999940 0.000098177 0.000274181 -0.001766343 -0.000098203 1.000000000 0.000092623 0.000465498 -0.000274172 -0.000092650 0.999999940 0.001381819
0.999999881 0.000272489 0.000401529 -0.004066431 -0.000272485 0.999999940 -0.000009490 0.001951004 -0.000401532 0.000009381 0.999999940 0.003734604
0.999999881 0.000245156 0.000451679 -0.003255130 -0.000245171 0.999999940 0.000033560 0.001003285 -0.000451670 -0.000033671 0.999999881 0.002505197
0.999999940 0.000201439 0.000258686 -0.001032959 -0.000201479 0.999999940 0.000152262 -0.000484671 -0.000258655 -0.000152314 0.999999940 0.000404047
0.999999940 0.000279879 0.000264659 -0.002902166 -0.000279864 0.999999940 -0.000055152 0.003477414 -0.000264674 0.000055077 0.999999940 0.006274558
0.999999940 0.000226853 0.000316419 -0.003566986 -0.000226832 1.000000000 -0.000064498 0.004438932 -0.000316434 0.000064426 0.999999940 0.006890148
0.999999940 -0.000057816 0.000259606 -0.001325737 0.000057798 1.000000000 0.000067827 0.001214428 -0.000259610 -0.000067812 0.999999940 0.002522890
0.999999881 0.000263799 0.000352184 -0.002822336 -0.000263862 0.999999940 0.000179029 0.000926318 -0.000352136 -0.000179122 0.999999940 0.003233421
0.999999940 0.000003297 0.000249464 -0.001416486 -0.000003313 1.000000000 0.000062797 0.001470369 -0.000249464 -0.000062797 0.999999940 0.002774764
0.999999881 0.000094680 0.000458373 -0.003082426 -0.000094666 1.000000000 -0.000030665 0.001727845 -0.000458376 0.000030622 0.999999881 0.004652014
0.999999940 -0.000299559 0.000224217 0.000271683 0.000299743 0.999999642 -0.000823437 0.001484221 -0.000223970 0.000823504 0.999999642 0.055570550
0.999999881 0.000223631 0.000379506 -0.001869229 -0.000223241 0.999999464 -0.001027177 -0.006882097 -0.000379735 0.001027093 0.999999404 0.131645620
1.000000000 0.000155854 0.000084531 0.003057601 -0.000155713 0.999998629 -0.001666235 -0.003005969 -0.000084791 0.001666221 0.999998629 0.256049871
1.000000000 0.000213665 0.000056881 0.004902137 -0.000213598 0.999999285 -0.001171942 -0.012083077 -0.000057132 0.001171929 0.999999285 0.386714816
1.000000000 0.000121722 0.000173914 0.008376986 -0.000121557 0.999999523 -0.000949285 -0.017338620 -0.000174029 0.000949264 0.999999523 0.525080740
0.999999940 0.000380415 0.000094961 0.012703048 -0.000380338 0.999999583 -0.000812122 -0.025619254 -0.000095270 0.000812086 0.999999642 0.667258918
0.999999881 0.000339454 0.000334482 0.015869191 -0.000339166 0.999999583 -0.000858629 -0.025833338 -0.000334774 0.000858516 0.999999583 0.839182675
1.000000000 0.000053591 0.000037142 0.018364040 -0.000053564 0.999999702 -0.000744571 -0.027380090 -0.000037182 0.000744569 0.999999702 1.015795469
1.000000000 -0.000048287 -0.000057898 0.022389645 0.000048264 0.999999940 -0.000410511 -0.032833781 0.000057918 0.000410509 0.999999940 1.193167448
0.999999821 0.000501150 0.000360605 0.016429305 -0.000500904 0.999999642 -0.000680572 -0.033447482 -0.000360946 0.000680391 0.999999702 1.371058941
1.000000000 0.000078570 0.000015356 0.036722399 -0.000078573 1.000000000 0.000221584 -0.053091042 -0.000015339 -0.000221585 1.000000000 1.566393137
0.999999881 0.000426531 0.000232173 0.038040258 -0.000426513 0.999999881 -0.000080993 -0.052313901 -0.000232208 0.000080894 0.999999940 1.760215163
0.999999881 0.000140895 -0.000400228 0.043369994 -0.000141053 0.999999940 -0.000395690 -0.052536603 0.000400172 0.000395747 0.999999821 1.962460518
0.999999881 0.000386410 0.000336005 0.039862473 -0.000386291 0.999999881 -0.000353382 -0.062712148 -0.000336141 0.000353252 0.999999881 2.165769815
0.999997973 0.001802119 -0.000852869 0.076199546 -0.001804576 0.999994159 -0.002889452 -0.036929969 0.000847657 0.002890985 0.999995470 2.405941725
0.999997497 0.001835458 -0.001302248 0.088320352 -0.001838703 0.999995172 -0.002494839 -0.046630766 0.001297662 0.002497227 0.999996126 2.621800661
0.999997437 0.002002685 -0.001067046 0.088906787 -0.002005640 0.999994159 -0.002775652 -0.051413283 0.001061481 0.002777785 0.999995589 2.849823713
0.999997556 0.001718263 -0.001468918 0.099798769 -0.001721687 0.999995828 -0.002332980 -0.061342686 0.001464903 0.002335503 0.999996185 3.083741426
0.999997675 0.001637670 -0.001392705 0.098490022 -0.001641945 0.999993920 -0.003073689 -0.058986679 0.001387663 0.003075968 0.999994278 3.324363947
0.999997616 0.001637923 -0.001457522 0.109488279 -0.001641754 0.999995172 -0.002631135 -0.073930256 0.001453206 0.002633521 0.999995470 3.562001228
0.999997735 0.001547581 -0.001459710 0.110588074 -0.001552337 0.999993443 -0.003262872 -0.073922560 0.001454651 0.003265131 0.999993563 3.827947140
0.999997616 0.001528594 -0.001562153 0.121145867 -0.001533332 0.999994159 -0.003035955 -0.084515929 0.001557504 0.003038343 0.999994159 4.083182812
0.999997497 0.001389226 -0.001799427 0.124210589 -0.001393709 0.999995947 -0.002492474 -0.095752478 0.001795957 0.002494976 0.999995291 4.338594913
0.999997914 0.001598200 -0.001215954 0.122619823 -0.001601823 0.999994397 -0.002985134 -0.099016689 0.001211177 0.002987076 0.999994755 4.597547054
0.999997854 0.001765618 -0.001112995 0.129251271 -0.001768616 0.999994874 -0.002698072 -0.108773284 0.001108226 0.002700035 0.999995708 4.850764751
0.999998212 0.001438621 -0.001238252 0.132632032 -0.001442066 0.999995053 -0.002786411 -0.114501685 0.001234237 0.002788191 0.999995351 5.125860214
0.999998093 0.001559170 -0.001146032 0.136214644 -0.001562400 0.999994755 -0.002822912 -0.121120885 0.001141625 0.002824697 0.999995351 5.381419182
0.999997377 0.002073224 -0.000950047 0.139956728 -0.002075942 0.999993682 -0.002868377 -0.136880457 0.000944094 0.002870342 0.999995410 5.640311718
0.999997497 0.001783968 -0.001319441 0.145382792 -0.001787405 0.999995053 -0.002607538 -0.145148575 0.001314783 0.002609890 0.999995768 5.908616543
0.999998152 0.001734045 -0.000906319 0.151815698 -0.001736524 0.999994755 -0.002741845 -0.154556945 0.000901560 0.002743413 0.999995828 6.185113907
0.999996424 0.002486259 -0.001018239 0.155540407 -0.002489020 0.999993205 -0.002718589 -0.162770435 0.001011473 0.002721113 0.999995768 6.465837002
0.999996722 0.002428832 -0.000705274 0.157750756 -0.002431099 0.999991953 -0.003232257 -0.172854006 0.000697417 0.003233961 0.999994516 6.745602131
0.999996066 0.002709564 -0.000695614 0.160584629 -0.002711855 0.999990880 -0.003313003 -0.177796125 0.000686630 0.003314876 0.999994278 7.046895981
0.999996662 0.002446301 -0.000809637 0.168875232 -0.002449055 0.999991179 -0.003418415 -0.186709359 0.000801267 0.003420387 0.999993861 7.349923611
0.999997258 0.002287648 -0.000497685 0.171875209 -0.002289406 0.999991059 -0.003562185 -0.196111366 0.000489532 0.003563314 0.999993563 7.658343792
0.999996245 0.002669090 -0.000618116 0.185628712 -0.002671061 0.999991298 -0.003210846 -0.208239660 0.000609541 0.003212485 0.999994636 7.952989101
0.999995589 0.002949574 -0.000269080 0.174083188 -0.002950367 0.999991179 -0.002997507 -0.220964327 0.000260236 0.002998288 0.999995410 8.283777237
0.999995649 0.002951172 -0.000138372 0.182394221 -0.002951615 0.999990225 -0.003314838 -0.230345398 0.000128588 0.003315232 0.999994516 8.610268593
0.999996424 0.002609857 0.000440389 0.179333255 -0.002608258 0.999990165 -0.003591405 -0.231842846 -0.000449758 0.003590244 0.999993384 8.959924698
0.999995053 0.003114396 0.000458859 0.184180841 -0.003112752 0.999988973 -0.003538401 -0.249167353 -0.000469874 0.003536955 0.999993622 9.290297508
0.999994218 0.003231902 0.001032044 0.175093755 -0.003228571 0.999989629 -0.003213164 -0.258671343 -0.001042418 0.003209813 0.999994278 9.635008812
0.999997914 0.002053623 0.000070187 0.203694716 -0.002053472 0.999995708 -0.002089017 -0.283596694 -0.000074477 0.002088868 0.999997795 9.945675850
0.999996781 0.002532561 0.000094531 0.210686967 -0.002532342 0.999994218 -0.002260025 -0.294436067 -0.000100254 0.002259778 0.999997437 10.302968025
0.999997675 0.002181743 -0.000106647 0.222000733 -0.002181905 0.999996424 -0.001546554 -0.311033428 0.000103273 0.001546783 0.999998808 10.653445244
0.999998033 0.001984202 0.000018418 0.230719954 -0.001984169 0.999996603 -0.001658430 -0.319095880 -0.000021708 0.001658390 0.999998569 11.025052071
0.999996483 0.002606074 0.000499492 0.232835501 -0.002604911 0.999993861 -0.002315535 -0.329168856 -0.000505524 0.002314225 0.999997199 11.383436203
0.999997258 0.002286074 0.000452470 0.246159613 -0.002285187 0.999995470 -0.001951229 -0.341661215 -0.000456929 0.001950190 0.999998033 11.760075569
0.999996483 0.002542323 0.000763797 0.244189590 -0.002540701 0.999994457 -0.002116878 -0.353903323 -0.000769175 0.002114930 0.999997497 12.129785538
0.999998033 0.001930258 0.000320474 0.258487791 -0.001929669 0.999996424 -0.001827957 -0.368899792 -0.000324002 0.001827335 0.999998271 12.522402763
0.999997199 0.002218972 0.000864721 0.256953388 -0.002217577 0.999996305 -0.001611200 -0.381270260 -0.000868293 0.001609277 0.999998331 12.925266266
0.999996364 0.002663163 0.000453489 0.269371957 -0.002662287 0.999994755 -0.001922471 -0.390564352 -0.000458606 0.001921257 0.999998033 13.318943024
0.999996543 0.002317061 0.001243129 0.276462674 -0.002314885 0.999995828 -0.001748918 -0.400943756 -0.001247177 0.001746035 0.999997735 13.725146294
0.999996483 0.002436008 0.001032400 0.283772826 -0.002433885 0.999994934 -0.002052692 -0.409811556 -0.001037395 0.002050173 0.999997377 14.147844315
0.999995828 0.002467794 0.001489443 0.295487136 -0.002464989 0.999995232 -0.001881564 -0.426078737 -0.001494079 0.001877885 0.999997199 14.563177109
0.999997199 0.002041351 0.001190218 0.305628747 -0.002039983 0.999997199 -0.001149628 -0.445973068 -0.001192562 0.001147197 0.999998569 14.989460945
0.999996901 0.002064354 0.001348813 0.315117598 -0.002062089 0.999996483 -0.001678679 -0.455642551 -0.001352273 0.001675892 0.999997616 15.420973778
0.999995828 0.002042199 0.002053797 0.322828323 -0.002038726 0.999996483 -0.001691056 -0.468378365 -0.002057244 0.001686862 0.999996483 15.855695724
0.999995649 0.001975816 0.002201516 0.335126311 -0.001972560 0.999996960 -0.001479805 -0.484121233 -0.002204434 0.001475456 0.999996483 16.297576904
0.999994576 0.001979610 0.002641256 0.343008041 -0.001975527 0.999996781 -0.001547707 -0.498824954 -0.002644310 0.001542481 0.999995291 16.740419388
0.999992430 0.002249039 0.003179066 0.348751694 -0.002244261 0.999996305 -0.001505837 -0.512453318 -0.003182441 0.001498690 0.999993801 17.193820953
0.999992192 0.002017151 0.003399114 0.359550595 -0.002011923 0.999996722 -0.001540851 -0.523638308 -0.003402211 0.001534000 0.999992967 17.653015137
0.999989927 0.002448857 0.003770744 0.367248952 -0.002441290 0.999994934 -0.002009956 -0.533041239 -0.003775646 0.002000730 0.999990880 18.124485016
0.999990344 0.002418661 0.003668136 0.385516584 -0.002412558 0.999995649 -0.001667406 -0.549381196 -0.003672151 0.001658540 0.999991894 18.575656891
0.999989152 0.002368849 0.004008997 0.394605160 -0.002361949 0.999995649 -0.001724863 -0.559719265 -0.004013067 0.001715375 0.999990463 19.052036285
0.999989390 0.002294816 0.003987958 0.408230603 -0.002287292 0.999995589 -0.001890379 -0.574750304 -0.003992278 0.001881237 0.999990284 19.531507492
0.999988794 0.002070796 0.004250516 0.414763838 -0.002061908 0.999995768 -0.002094187 -0.584971011 -0.004254834 0.002085399 0.999988794 20.018821716
0.999989510 0.002393021 0.003908711 0.428694069 -0.002387371 0.999996126 -0.001449536 -0.605657339 -0.003912165 0.001440190 0.999991238 20.498426437
0.999989927 0.002216721 0.003889377 0.435905814 -0.002210886 0.999996483 -0.001503857 -0.617461562 -0.003892697 0.001495243 0.999991298 21.001125336
0.999991953 0.002303485 0.003284395 0.447259992 -0.002298723 0.999996245 -0.001452711 -0.633598208 -0.003287731 0.001445150 0.999993563 21.496414185
0.999990880 0.002631554 0.003352422 0.453519762 -0.002628357 0.999996066 -0.000957634 -0.656151235 -0.003354929 0.000948814 0.999993920 22.000782013
0.999992549 0.002431833 0.003009528 0.469653010 -0.002430470 0.999996901 -0.000456202 -0.670869291 -0.003010629 0.000448884 0.999995351 22.513664246
0.999994695 0.002477747 0.002105446 0.470911741 -0.002474866 0.999996006 -0.001370082 -0.677993596 -0.002108833 0.001364864 0.999996781 23.022655487
0.999996126 0.002196316 0.001744215 0.479329318 -0.002192870 0.999995649 -0.001975136 -0.691667616 -0.001748546 0.001971303 0.999996483 23.548908234
0.999997556 0.001881542 0.001086489 0.484124154 -0.001879162 0.999995828 -0.002187282 -0.704438448 -0.001090601 0.002185235 0.999997020 24.072252274
0.999996185 0.002569222 0.000991966 0.489515483 -0.002567375 0.999994934 -0.001860017 -0.718632221 -0.000996741 0.001857464 0.999997795 24.609973907
0.999992192 0.003944486 -0.000046893 0.501931071 -0.003944565 0.999990523 -0.001797987 -0.736964464 0.000039802 0.001798158 0.999998391 25.140958786
0.999993145 0.003613605 -0.000707832 0.508424580 -0.003615084 0.999991298 -0.002100307 -0.746836424 0.000700236 0.002102852 0.999997556 25.700073242
0.999995351 0.002880072 -0.000985023 0.523336053 -0.002881704 0.999994397 -0.001658263 -0.770136297 0.000980241 0.001661094 0.999998152 26.243257523
0.999995768 0.002641947 -0.001202329 0.526343107 -0.002642960 0.999996126 -0.000841754 -0.792357087 0.001200101 0.000844929 0.999998927 26.764318466
0.999995708 0.002531272 -0.001457262 0.538713872 -0.002532074 0.999996662 -0.000548841 -0.816295207 0.001455869 0.000552529 0.999998808 27.306724548
0.999991536 0.004053329 -0.000607655 0.537146807 -0.004054143 0.999990821 -0.001343990 -0.825816870 0.000602202 0.001346442 0.999998927 27.872152328
0.999991477 0.003748649 -0.001723393 0.539677680 -0.003750051 0.999992669 -0.000810818 -0.840448201 0.001720341 0.000817274 0.999998152 28.412481308
0.999992311 0.003579051 -0.001616829 0.546482384 -0.003580582 0.999993205 -0.000945052 -0.855003357 0.001613436 0.000950834 0.999998271 28.956531525
0.999990165 0.003754230 -0.002365185 0.561978579 -0.003755631 0.999992788 -0.000587899 -0.874978065 0.002362961 0.000596776 0.999997020 29.492593765
0.999989629 0.003789200 -0.002536727 0.564853013 -0.003790847 0.999992609 -0.000644452 -0.888096392 0.002534267 0.000654062 0.999996603 30.033411026
0.999987781 0.004095852 -0.002774128 0.574691832 -0.004098383 0.999991179 -0.000907114 -0.903378665 0.002770389 0.000918472 0.999995708 30.581268311
0.999988735 0.003529050 -0.003207677 0.589351296 -0.003531731 0.999993443 -0.000830218 -0.920767188 0.003204727 0.000841537 0.999994516 31.121089935
0.999986231 0.004072023 -0.003315197 0.593900323 -0.004074322 0.999991596 -0.000687213 -0.937058032 0.003312370 0.000700710 0.999994278 31.668560028
0.999987900 0.003638039 -0.003339190 0.604400277 -0.003639084 0.999993324 -0.000306986 -0.955575347 0.003338051 0.000319134 0.999994397 32.214332581
0.999985456 0.004243142 -0.003334141 0.606121659 -0.004245234 0.999990761 -0.000620776 -0.965108693 0.003331476 0.000634921 0.999994278 32.751213074
0.999979913 0.004801197 -0.004145649 0.617323756 -0.004803502 0.999988317 -0.000546298 -0.984385192 0.004142977 0.000566201 0.999991298 33.284370422
0.999982774 0.004458668 -0.003794248 0.629077196 -0.004460527 0.999989927 -0.000481661 -1.000502348 0.003792061 0.000498577 0.999992669 33.836475372
0.999981523 0.003513161 -0.004964722 0.632232368 -0.003518329 0.999993384 -0.001032600 -1.005427718 0.004961060 0.001050049 0.999987185 34.402896881
0.999982059 0.004430773 -0.004035070 0.642262697 -0.004432676 0.999989986 -0.000462620 -1.032859206 0.004032980 0.000480498 0.999991715 34.930412292
0.999983788 0.003858506 -0.004184243 0.652687252 -0.003862468 0.999992013 -0.000939098 -1.047611237 0.004180586 0.000955245 0.999990821 35.475730896
0.999981225 0.004313556 -0.004348068 0.659698069 -0.004318312 0.999990046 -0.001085014 -1.049938202 0.004343345 0.001103770 0.999989927 36.008396149
0.999971211 0.004915411 -0.005777420 0.672799587 -0.004922232 0.999987185 -0.001166902 -1.065014839 0.005771610 0.001195306 0.999982655 36.556880951
0.999981046 0.005378563 -0.002987549 0.663177729 -0.005382792 0.999984503 -0.001409466 -1.084511280 0.002979921 0.001425521 0.999994576 37.078739166
0.999979079 0.004728077 -0.004417958 0.682203352 -0.004734198 0.999987781 -0.001375973 -1.096754670 0.004411399 0.001396860 0.999989212 37.637996674
0.999981284 0.003926175 -0.004703814 0.691491604 -0.003933589 0.999991059 -0.001567913 -1.111570120 0.004697617 0.001586386 0.999987662 38.186004639
0.999978065 0.005266656 -0.004033365 0.696115434 -0.005273119 0.999984741 -0.001593429 -1.126573205 0.004024913 0.001614662 0.999990523 38.720470428
0.999977767 0.005119154 -0.004283764 0.704658091 -0.005125902 0.999985635 -0.001565606 -1.145681739 0.004275688 0.001587529 0.999989629 39.269813538
0.999976575 0.004790640 -0.004863838 0.721074224 -0.004794691 0.999988198 -0.000821765 -1.169408679 0.004859843 0.000845067 0.999987781 39.821437836
0.999976516 0.004736447 -0.004952263 0.735319018 -0.004738220 0.999988794 -0.000346364 -1.192669034 0.004950566 0.000369821 0.999987662 40.351554871
0.999975979 0.005130522 -0.004630640 0.742946565 -0.005137537 0.999985695 -0.001504287 -1.196498156 0.004622855 0.001528041 0.999988139 40.913829803
0.999979198 0.004895249 -0.004180201 0.712555766 -0.004901356 0.999987066 -0.001451994 -1.197296858 0.004173037 0.001472453 0.999990225 41.432910919
0.999977350 0.005250277 -0.004194518 0.727399170 -0.005254723 0.999985695 -0.001049544 -1.222199321 0.004188947 0.001071562 0.999990702 41.962524414
0.999976814 0.005442812 -0.004081941 0.735427260 -0.005449439 0.999983847 -0.001614101 -1.230630159 0.004073089 0.001636308 0.999990404 42.514739990
0.999978006 0.005144069 -0.004170870 0.749101341 -0.005146907 0.999986529 -0.000670254 -1.255566359 0.004167366 0.000691706 0.999991059 43.057407379
0.999980688 0.004850297 -0.003893038 0.731009841 -0.004855686 0.999987185 -0.001376104 -1.261075616 0.003886314 0.001394981 0.999991417 43.624259949
0.999981225 0.004687963 -0.003960541 0.739343524 -0.004693044 0.999988139 -0.001274441 -1.276666164 0.003954519 0.001293004 0.999991357 44.176403046
0.999979079 0.005545354 -0.003326813 0.738473475 -0.005549708 0.999983668 -0.001300891 -1.293469667 0.003319545 0.001319327 0.999993622 44.721511841
0.999981046 0.004856766 -0.003790308 0.761488855 -0.004859229 0.999987960 -0.000640702 -1.312121630 0.003787151 0.000659108 0.999992609 45.245311737
0.999979496 0.005245420 -0.003678100 0.763779700 -0.005248194 0.999985933 -0.000744740 -1.335145116 0.003674142 0.000764028 0.999992967 45.802330017
0.999981582 0.004249842 -0.004342088 0.779913068 -0.004252985 0.999990642 -0.000714439 -1.355986714 0.004339010 0.000732892 0.999990284 46.342174530
0.999979854 0.005385634 -0.003389608 0.784546494 -0.005387224 0.999985456 -0.000460335 -1.369436145 0.003387080 0.000478587 0.999994159 46.864624023
0.999981761 0.004993315 -0.003383071 0.775496602 -0.004997154 0.999986887 -0.001127295 -1.374148965 0.003377397 0.001144181 0.999993622 47.425586700
0.999977827 0.005954061 -0.002995488 0.778869808 -0.005957588 0.999981523 -0.001169774 -1.391513467 0.002988467 0.001187593 0.999994814 47.978137970
0.999979973 0.005284630 -0.003482815 0.801220179 -0.005286932 0.999985814 -0.000652347 -1.411688685 0.003479318 0.000670747 0.999993622 48.504615784
0.999980032 0.005232414 -0.003545343 0.799503028 -0.005235704 0.999985874 -0.000919120 -1.422410369 0.003540483 0.000937664 0.999993265 49.045963287
0.999981523 0.005125411 -0.003243905 0.811320424 -0.005129685 0.999985933 -0.001310339 -1.436969876 0.003237143 0.001326955 0.999993920 49.595916748
0.999982178 0.005132420 -0.003060831 0.822959125 -0.005136156 0.999986053 -0.001213626 -1.452110648 0.003054560 0.001229325 0.999994516 50.145301819
0.999981344 0.004808801 -0.003759383 0.825829208 -0.004813339 0.999987721 -0.001198624 -1.466801047 0.003753573 0.001216697 0.999992192 50.674930573
0.999981821 0.005022655 -0.003321043 0.833719730 -0.005024491 0.999987304 -0.000544822 -1.486254930 0.003318265 0.000561499 0.999994278 51.232677460
0.999979913 0.004885271 -0.004040116 0.849389136 -0.004888925 0.999987602 -0.000895002 -1.501167774 0.004035694 0.000914736 0.999991357 51.765090942
0.999982059 0.004788267 -0.003609660 0.854732394 -0.004794834 0.999986827 -0.001812907 -1.512136698 0.003600931 0.001830182 0.999991775 52.320915222
0.999981880 0.004451719 -0.004053882 0.868873417 -0.004455527 0.999989629 -0.000930950 -1.533749580 0.004049696 0.000948995 0.999991357 52.836402893
0.999981880 0.004331752 -0.004182264 0.874845743 -0.004337343 0.999989629 -0.001328542 -1.546448350 0.004176466 0.001346658 0.999990344 53.385143280
0.999985099 0.003965061 -0.003760757 0.883804858 -0.003971978 0.999990404 -0.001833640 -1.557475805 0.003753450 0.001848550 0.999991179 53.921390533
0.999982893 0.004477801 -0.003791005 0.889443278 -0.004483855 0.999988616 -0.001590253 -1.573249340 0.003783842 0.001607224 0.999991536 54.474235535
0.999982238 0.004867583 -0.003453143 0.889513671 -0.004872928 0.999986887 -0.001541237 -1.591646314 0.003445597 0.001558036 0.999992907 55.022857666
0.999981046 0.004679031 -0.004002814 0.906617522 -0.004684526 0.999988019 -0.001364157 -1.606106043 0.003996383 0.001382882 0.999991059 55.556137085
0.999980807 0.004502886 -0.004250319 0.913473904 -0.004508611 0.999988914 -0.001338223 -1.622032285 0.004244247 0.001357360 0.999990046 56.093673706
0.999982297 0.004103193 -0.004287610 0.935952485 -0.004107900 0.999990940 -0.001089836 -1.644853473 0.004283100 0.001107430 0.999990165 56.625350952
0.999980927 0.004478146 -0.004241862 0.935702562 -0.004484464 0.999988854 -0.001481037 -1.653311133 0.004235182 0.001500031 0.999989927 57.178356171
0.999975681 0.005372060 -0.004445815 0.947254479 -0.005374521 0.999985397 -0.000541934 -1.680711627 0.004442838 0.000565814 0.999990046 57.711555481
0.999977469 0.005298073 -0.004124339 0.958194852 -0.005300403 0.999985814 -0.000553988 -1.697425842 0.004121345 0.000575836 0.999991357 58.231063843
0.999981880 0.004509418 -0.003973831 0.955721915 -0.004516059 0.999988437 -0.001663875 -1.696667314 0.003966283 0.001681791 0.999990642 58.771293640
0.999982536 0.004009836 -0.004344804 0.968281984 -0.004017381 0.999990463 -0.001729018 -1.715308428 0.004337830 0.001746443 0.999989033 59.314517975
0.999980867 0.005046573 -0.003560845 0.970597029 -0.005052507 0.999985814 -0.001659404 -1.731174350 0.003552420 0.001677363 0.999992251 59.856258392
0.999978960 0.004982033 -0.004153237 0.974348187 -0.004987976 0.999986529 -0.001421748 -1.749695659 0.004146099 0.001442434 0.999990344 60.386974335
0.999980211 0.005267833 -0.003432955 0.982216358 -0.005272525 0.999985158 -0.001359056 -1.768697977 0.003425744 0.001377129 0.999993205 60.936248779
0.999979496 0.004943641 -0.004066905 0.989466906 -0.004950977 0.999986112 -0.001795876 -1.775692463 0.004057969 0.001815974 0.999990106 61.473598480
0.999981105 0.004622583 -0.004053034 0.997682989 -0.004630527 0.999987423 -0.001953206 -1.791076064 0.004043954 0.001971937 0.999989867 62.026992798
0.999981403 0.004955546 -0.003542626 1.004110456 -0.004961833 0.999986112 -0.001767912 -1.811594963 0.003533816 0.001785457 0.999992132 62.560226440
0.999978423 0.005216854 -0.003997718 1.009918928 -0.005222552 0.999985278 -0.001415980 -1.830737233 0.003990273 0.001436828 0.999990940 63.105464935
0.999978185 0.005504101 -0.003673528 1.014896631 -0.005510974 0.999983072 -0.001863821 -1.846570015 0.003663207 0.001884025 0.999991477 63.663082123
0.999979734 0.005353592 -0.003466340 1.017060637 -0.005359409 0.999984205 -0.001670837 -1.862880468 0.003457341 0.001689381 0.999992549 64.202529907
0.999977767 0.005754843 -0.003374139 1.019923329 -0.005758607 0.999982834 -0.001106331 -1.884713292 0.003367715 0.001125737 0.999993622 64.722694397
0.999979556 0.005407576 -0.003400852 1.030642748 -0.005412450 0.999984384 -0.001425026 -1.899767399 0.003393093 0.001443404 0.999993205 65.273033142
0.999979854 0.005470317 -0.003231714 1.045347333 -0.005474106 0.999984384 -0.001164683 -1.917083740 0.003225292 0.001182350 0.999994099 65.819068909
0.999975920 0.005880390 -0.003703304 1.058270693 -0.005885022 0.999981940 -0.001240848 -1.933505893 0.003695941 0.001262612 0.999992371 66.345581055
0.999977767 0.005686233 -0.003460598 1.052604318 -0.005689286 0.999983430 -0.000874130 -1.953763723 0.003455570 0.000893800 0.999993622 66.881202698
0.999979258 0.005575933 -0.003197198 1.059761524 -0.005579585 0.999983788 -0.001134539 -1.967949271 0.003190820 0.001152355 0.999994218 67.427818298
0.999977708 0.005615961 -0.003645325 1.069492936 -0.005618624 0.999983966 -0.000720722 -1.988743663 0.003641220 0.000741188 0.999993026 67.956253052
0.999978006 0.005585594 -0.003576921 1.073529720 -0.005591238 0.999983191 -0.001569632 -1.997751951 0.003568094 0.001589597 0.999992311 68.503898621
0.999979079 0.005663003 -0.003106695 1.071727276 -0.005666578 0.999983311 -0.001143069 -2.013355255 0.003100170 0.001160650 0.999994516 69.034225464
0.999979317 0.005610703 -0.003141299 1.086865306 -0.005614453 0.999983549 -0.001186709 -2.029587746 0.003134589 0.001204322 0.999994338 69.572288513
0.999981165 0.005465466 -0.002796996 1.092599154 -0.005468615 0.999984384 -0.001119209 -2.045526028 0.002790835 0.001134483 0.999995470 70.113815308
0.999981523 0.005347170 -0.002886283 1.092500448 -0.005351587 0.999984622 -0.001524559 -2.054981709 0.002878087 0.001539978 0.999994636 70.664360046
0.999982357 0.005367728 -0.002537849 1.103497028 -0.005372058 0.999984086 -0.001702580 -2.069714546 0.002528670 0.001716184 0.999995291 71.205810547
0.999981165 0.005555286 -0.002629215 1.113821864 -0.005560241 0.999982715 -0.001880818 -2.088895082 0.002618721 0.001895402 0.999994755 71.751647949
0.999980986 0.005726318 -0.002261937 1.109207749 -0.005727802 0.999983370 -0.000651367 -2.118192434 0.002258170 0.000664310 0.999997258 72.289810181
0.999981284 0.005887566 -0.001674486 1.118233919 -0.005888532 0.999982536 -0.000573047 -2.139428854 0.001671083 0.000582897 0.999998450 72.831680298
0.999983728 0.005335927 -0.002014473 1.127246141 -0.005337942 0.999985158 -0.000996705 -2.149617672 0.002009126 0.001007442 0.999997497 73.388587952
0.999983966 0.005266912 -0.002057122 1.129672050 -0.005268600 0.999985814 -0.000816880 -2.166386843 0.002052790 0.000827705 0.999997556 73.902626038
0.999983788 0.005224608 -0.002272432 1.142394185 -0.005225359 0.999986231 -0.000324308 -2.184431553 0.002270706 0.000336177 0.999997377 74.432594299
0.999983251 0.005417229 -0.002032951 1.148414612 -0.005417328 0.999985337 -0.000043189 -2.202080727 0.002032687 0.000054201 0.999997973 74.971916199
0.999984682 0.005214342 -0.001817225 1.155107021 -0.005215568 0.999986172 -0.000671426 -2.213390589 0.001813698 0.000680894 0.999998152 75.513710022
0.999974906 0.006588005 -0.002610786 1.163731933 -0.006588427 0.999978304 -0.000153356 -2.233740807 0.002609719 0.000170553 0.999996662 76.059417725
0.999983370 0.005534946 -0.001609887 1.177456856 -0.005535826 0.999984503 -0.000542757 -2.249534369 0.001606858 0.000551660 0.999998629 76.595680237
0.999985516 0.005044596 -0.001880857 1.184946537 -0.005045573 0.999987066 -0.000515565 -2.266039133 0.001878233 0.000525047 0.999998093 77.136024475
0.999986112 0.004913455 -0.001907753 1.197055101 -0.004912630 0.999987721 0.000436563 -2.292252779 0.001909876 -0.000427185 0.999998093 77.681488037
0.999983549 0.005456012 -0.001760134 1.208494186 -0.005456116 0.999985039 -0.000054061 -2.301645279 0.001759813 0.000063663 0.999998510 78.230743408
0.999984801 0.005191518 -0.001868621 1.211044669 -0.005191384 0.999986649 0.000075931 -2.319169521 0.001868990 -0.000066229 0.999998271 78.744735718
0.999983191 0.005631385 -0.001413569 1.215347648 -0.005631821 0.999984086 -0.000304106 -2.330686092 0.001411834 0.000312062 0.999998987 79.297508240
0.999983668 0.005383702 -0.001899451 1.227270961 -0.005384357 0.999985397 -0.000340008 -2.348392725 0.001897593 0.000350230 0.999998152 79.826835632
0.999987066 0.005043227 -0.000606015 1.236220121 -0.005043301 0.999987304 -0.000122301 -2.361556768 0.000605390 0.000125355 0.999999821 80.379234314
0.999984086 0.005606696 0.000515761 1.247386456 -0.005606844 0.999984264 0.000286837 -2.382471800 -0.000514145 -0.000289724 0.999999821 80.918304443
0.999983132 0.005516356 0.001807483 1.260563612 -0.005516355 0.999984741 -0.000004598 -2.399594069 -0.001807481 -0.000005373 0.999998391 81.459548950
0.999980569 0.005491128 0.002932741 1.275924802 -0.005491062 0.999984920 -0.000030301 -2.415046930 -0.002932861 0.000014196 0.999995708 82.004638672
0.999964833 0.005748222 0.006100332 1.294925928 -0.005746195 0.999983370 -0.000349784 -2.428724766 -0.006102242 0.000314718 0.999981344 82.554031372
0.999937832 0.005888231 0.009460893 1.311116338 -0.005888193 0.999982655 -0.000031769 -2.438430548 -0.009460915 -0.000023941 0.999955237 83.070930481
0.999894023 0.005940920 0.013298675 1.329966664 -0.005941688 0.999982297 0.000018085 -2.462837219 -0.013298334 -0.000097099 0.999911666 83.632072449
0.999816239 0.005782100 0.018281255 1.358275533 -0.005784349 0.999983251 0.000070083 -2.482301235 -0.018280547 -0.000175816 0.999832869 84.181190491
0.999674499 0.005852333 0.024831068 1.382992744 -0.005850981 0.999982893 -0.000127086 -2.495964050 -0.024831383 -0.000018241 0.999691665 84.729530334
0.999546885 0.005204786 0.029645734 1.406566620 -0.005209420 0.999986351 0.000079041 -2.517914295 -0.029644918 -0.000233442 0.999560475 85.259017944
0.999366105 0.004079798 0.035364266 1.448723197 -0.004088417 0.999991596 0.000171400 -2.532735586 -0.035363272 -0.000315875 0.999374509 85.803153992
0.999026299 0.005554498 0.043766633 1.476068735 -0.005564019 0.999984503 0.000095713 -2.549449682 -0.043765426 -0.000339139 0.999041796 86.346115112
0.998640656 0.005304875 0.051852785 1.527127028 -0.005312710 0.999985874 0.000013271 -2.564732790 -0.051851988 -0.000288732 0.998654783 86.897148132
0.998241663 0.005358530 0.059031840 1.564592361 -0.005371087 0.999985576 0.000054053 -2.579001188 -0.059030697 -0.000371023 0.998256087 87.433967590
0.997665048 0.004883442 0.068121873 1.624924660 -0.004872061 0.999988079 -0.000333211 -2.591262817 -0.068122692 0.000000539 0.997676909 87.975028992
0.996910036 0.005374401 0.078368634 1.688110352 -0.005383677 0.999985516 -0.000092941 -2.608578682 -0.078368001 -0.000329258 0.996924460 88.493507385
0.996217370 0.004855913 0.086760283 1.739923000 -0.004843757 0.999988198 -0.000350629 -2.619802952 -0.086760975 -0.000070944 0.996229172 89.063301086
0.995475233 0.004393616 0.094919764 1.807587624 -0.004351060 0.999990344 -0.000655302 -2.631966114 -0.094921723 0.000239335 0.995484710 89.619117737
0.994362831 0.004287846 0.105945297 1.873760223 -0.004277426 0.999990821 -0.000325579 -2.651053429 -0.105945736 -0.000129430 0.994371891 90.146484375
0.993139565 0.004336740 0.116854928 1.947233200 -0.004305798 0.999990642 -0.000517233 -2.662023067 -0.116856068 0.000010531 0.993148863 90.688423157
0.992026269 0.003845886 0.125972271 2.034578323 -0.003860053 0.999992549 -0.000131638 -2.684522867 -0.125971839 -0.000355671 0.992033720 91.210090637
0.990554392 0.004361067 0.137050614 2.133443832 -0.004386751 0.999990463 -0.000114620 -2.698649406 -0.137049794 -0.000487670 0.990563989 91.774497986
0.988859117 0.003917939 0.148802862 2.239830017 -0.003905663 0.999992311 -0.000374714 -2.712243080 -0.148803204 -0.000210635 0.988866746 92.314804077
0.987149000 0.004047067 0.159751117 2.348172188 -0.004081428 0.999991655 -0.000113019 -2.733746290 -0.159750238 -0.000540446 0.987157285 92.850379944
0.985387504 0.003606631 0.170289010 2.458427429 -0.003592064 0.999993384 -0.000393636 -2.744036436 -0.170289323 -0.000223805 0.985394001 93.398429871
0.983184338 0.003209015 0.182587340 2.583541870 -0.003171373 0.999994814 -0.000498138 -2.756424427 -0.182587951 -0.000089291 0.983189464 93.910491943
0.980789423 0.002274595 0.195055872 2.710000038 -0.002269450 0.999997258 -0.000249857 -2.776299715 -0.195055917 -0.000197613 0.980792046 94.437217712
0.978504181 0.003038554 0.206204295 2.830204010 -0.003030368 0.999995470 -0.000355527 -2.787628174 -0.206204429 -0.000276990 0.978508890 94.994880676
0.975665271 0.003131684 0.219242781 2.975391388 -0.003118689 0.999995053 -0.000405358 -2.807643414 -0.219242975 -0.000288256 0.975670278 95.522392273
0.972630680 0.002554465 0.232342571 3.130189896 -0.002545449 0.999996722 -0.000338620 -2.818115950 -0.232342675 -0.000262064 0.972633898 96.053337097
0.969962656 0.002577225 0.243240312 3.273881912 -0.002628155 0.999996662 -0.000115133 -2.840502977 -0.243239760 -0.000527598 0.969966054 96.568664551
0.966920316 0.001650722 0.255073160 3.441287994 -0.001669372 0.999998629 -0.000143373 -2.863921642 -0.255073011 -0.000287181 0.966921806 97.083724976
0.963183105 0.001642486 0.268841058 3.617078781 -0.001641774 0.999998689 -0.000227474 -2.880199671 -0.268841088 -0.000222277 0.963184536 97.608261108
0.959440410 0.001716737 0.281906307 3.765666962 -0.001770341 0.999998450 -0.000064553 -2.889541864 -0.281905979 -0.000437136 0.959441960 98.117630005
0.956243932 0.001335150 0.292567223 3.948432922 -0.001497153 0.999998808 0.000329823 -2.907639742 -0.292566389 -0.000753409 0.956244946 98.624847412
0.951839387 0.000852361 0.306595773 4.136754990 -0.000934057 0.999999583 0.000119740 -2.919460297 -0.306595504 -0.000400351 0.951839805 99.153953552
0.947503328 0.000820723 0.319744825 4.338064194 -0.000896411 0.999999642 0.000089537 -2.936031342 -0.319744647 -0.000371458 0.947503567 99.659088135
0.943398356 0.000524385 0.331661135 4.528795242 -0.000608289 0.999999821 0.000149167 -2.946144581 -0.331660956 -0.000342469 0.943398595 100.177085876
0.938666880 -0.000007303 0.344825089 4.740722656 -0.000032621 1.000000000 0.000109977 -2.963919401 -0.344825029 -0.000114480 0.938666940 100.687156677
0.933550000 -0.000148546 0.358447075 4.963415146 0.000192384 1.000000000 -0.000086635 -2.980646372 -0.358447045 0.000149837 0.933550000 101.175613403
0.928691447 -0.000528683 0.370852977 5.180515289 0.000570866 0.999999821 -0.000003979 -2.991223812 -0.370852858 0.000215403 0.928691626 101.702735901
0.924039066 -0.000711154 0.382297456 5.416179657 0.001170293 0.999998808 -0.000968470 -2.997106791 -0.382296264 0.001342305 0.924038827 102.214385986
0.917890906 -0.001333893 0.396830887 5.645568848 0.001564655 0.999998689 -0.000257768 -3.015284300 -0.396830112 0.000857506 0.917891681 102.697959900
0.912222564 -0.002600301 0.409686983 5.892387390 0.003075959 0.999995172 -0.000502019 -3.026430845 -0.409683704 0.001718133 0.912226021 103.181541443
0.907111108 -0.002519178 0.420883745 6.134201050 0.002867848 0.999995828 -0.000195515 -3.045183659 -0.420881450 0.001384385 0.907114565 103.662933350
0.900899470 -0.002909133 0.434018105 6.398830414 0.003282140 0.999994576 -0.000110043 -3.060360909 -0.434015393 0.001523645 0.900904179 104.143135071
0.894455791 -0.003618726 0.447141737 6.658260345 0.003846541 0.999992549 0.000398392 -3.091657639 -0.447139829 0.001363605 0.894462943 104.581756592
0.888176858 -0.003430899 0.459488899 6.920375824 0.003702934 0.999993086 0.000309071 -3.094673634 -0.459486783 0.001426948 0.888183475 105.094909668
0.882357597 -0.003696515 0.470564902 7.195533752 0.003822869 0.999992430 0.000687151 -3.107709885 -0.470563829 0.001192595 0.882365108 105.581192017
0.875158429 -0.003954112 0.483820379 7.482166290 0.004282681 0.999990702 0.000425884 -3.124912977 -0.483817607 0.001699333 0.875167191 106.040748596
