1.000000000 0.000000000 0.000000000 0.000000000 0.000000000 1.000000000 0.000000000 0.000000000 0.000000000 0.000000000 1.000000000 0.000000000
1.000000000 0.000037937 -0.000110496 0.000889659 -0.000037943 1.000000000 -0.000055202 0.000031081 0.000110494 0.000055206 1.000000000 -0.001748331
1.000000000 0.000060555 -0.000055728 0.000446402 -0.000060555 1.000000000 0.000002036 0.000196511 0.000055729 -0.000002033 1.000000000 0.000532348
1.000000000 -0.000168650 -0.000119666 0.001301129 0.000168648 1.000000000 -0.000015425 -0.000158681 0.000119669 0.000015405 1.000000000 -0.002070894
0.999999940 -0.000246473 -0.000189099 0.001519964 0.000246458 0.999999940 -0.000083078 -0.000020521 0.000189119 0.000083032 1.000000000 -0.001454283
1.000000000 -0.000052252 -0.000031942 0.000825869 0.000052250 1.000000000 -0.000068051 0.000557357 0.000031945 0.000068049 1.000000000 0.000649360
1.000000000 -0.000024206 -0.000085568 0.001519492 0.000024199 1.000000000 -0.000086105 0.001043673 0.000085571 0.000086103 1.000000000 0.001286340
0.999999940 -0.000244020 -0.000105876 0.001850569 0.000244017 0.999999940 -0.000023068 0.000331876 0.000105882 0.000023042 1.000000000 -0.000112199
0.999999940 -0.000267414 0.000015530 0.001289553 0.000267415 0.999999940 -0.000068444 0.001429082 -0.000015511 0.000068448 1.000000000 0.002139638
1.000000000 -0.000093968 -0.000225176 0.002327084 0.000093993 1.000000000 0.000111958 -0.001139257 0.000225165 -0.000111979 0.999999940 -0.002024759
1.000000000 -0.000134563 -0.000020601 0.000975498 0.000134562 1.000000000 -0.000047751 0.000875620 0.000020607 0.000047748 1.000000000 0.000626096
1.000000000 -0.000158528 -0.000058900 0.000236698 0.000158537 1.000000000 0.000150512 -0.000750612 0.000058876 -0.000150522 1.000000000 -0.000059260
0.999999940 -0.000265888 -0.000087815 0.000618283 0.000265898 0.999999940 0.000104309 -0.000110207 0.000087787 -0.000104333 1.000000000 0.001671633
0.999999940 -0.000325983 -0.000200183 0.002037412 0.000325997 0.999999940 0.000070354 -0.000695720 0.000200160 -0.000070419 1.000000000 -0.000841221
0.999999881 -0.000363432 -0.000235473 0.001530396 0.000363465 0.999999940 0.000140711 -0.001809823 0.000235422 -0.000140796 0.999999940 -0.002524354
1.000000000 -0.000060425 -0.000046866 0.000387220 0.000060429 1.000000000 0.000077148 -0.000420201 0.000046861 -0.000077151 1.000000000 -0.000467344
1.000000000 -0.000137828 -0.000184047 0.001469907 0.000137847 1.000000000 0.000105634 -0.000569881 0.000184033 -0.000105659 1.000000000 -0.000860754
1.000000000 -0.000083890 -0.000211005 0.001517657 0.000083926 1.000000000 0.000169912 -0.001211919 0.000210991 -0.000169929 0.999999940 -0.001960904
1.000000000 -0.000063580 -0.000144339 0.001185906 0.000063599 1.000000000 0.000128977 -0.000402020 0.000144331 -0.000128986 1.000000000 0.000024480
1.000000000 -0.000076740 -0.000145492 0.001247489 0.000076729 1.000000000 -0.000073635 0.000454963 0.000145498 0.000073624 1.000000000 -0.000053737
0.999999940 -0.000222544 -0.000180953 0.001323123 0.000222552 1.000000000 0.000041328 0.000018155 0.000180944 -0.000041368 1.000000000 0.000144699
0.999999940 -0.000305004 -0.000287235 0.002871130 0.000305039 0.999999940 0.000122561 -0.001128676 0.000287198 -0.000122649 0.999999940 -0.000490968
1.000000000 -0.000092629 -0.000029446 0.001138419 0.000092632 1.000000000 0.000110577 0.000745730 0.000029435 -0.000110580 1.000000000 -0.000259595
0.999999940 -0.000169930 -0.000291812 0.003375153 0.000169941 1.000000000 0.000036015 -0.000818927 0.000291806 -0.000036065 0.999999940 -0.003063311
0.999999940 -0.000060502 -0.000279040 0.002183578 0.000060506 1.000000000 0.000014402 0.000087392 0.000279039 -0.000014419 0.999999940 -0.002730832
1.000000000 0.000105319 -0.000111247 0.000229744 -0.000105327 1.000000000 -0.000069371 0.000340767 0.000111240 0.000069383 1.000000000 -0.001084699
1.000000000 0.000130052 -0.000170228 0.000355155 -0.000130057 1.000000000 -0.000033120 0.000399526 0.000170224 0.000033142 1.000000000 -0.000224828
1.000000000 0.000074338 -0.000162295 0.000285459 -0.000074313 1.000000000 0.000148728 -0.000662155 0.000162306 -0.000148716 1.000000000 -0.001606472
1.000000000 0.000131042 -0.000113362 0.000760290 -0.000131062 1.000000000 -0.000174482 0.001389167 0.000113339 0.000174497 1.000000000 -0.000790677
0.999999940 0.000242867 -0.000056790 0.000292621 -0.000242860 0.999999940 0.000118725 -0.000169228 0.000056819 -0.000118711 1.000000000 -0.000795004
1.000000000 0.000166238 -0.000139499 0.000435769 -0.000166232 1.000000000 0.000038373 -0.000001328 0.000139506 -0.000038350 1.000000000 0.000460472
1.000000000 -0.000119324 -0.000153506 0.002404034 0.000119317 1.000000000 -0.000049127 0.000466064 0.000153512 0.000049108 1.000000000 -0.001037252
1.000000000 -0.000004542 -0.000155799 0.001461294 0.000004563 1.000000000 0.000132532 -0.000260933 0.000155798 -0.000132533 1.000000000 0.000845920
1.000000000 0.000160956 -0.000086567 0.001159058 -0.000160949 1.000000000 0.000080574 -0.000050314 0.000086580 -0.000080560 1.000000000 -0.000501545
1.000000000 -0.000046512 -0.000119376 0.001629605 0.000046503 1.000000000 -0.000080739 0.001192349 0.000119380 0.000080733 1.000000000 -0.001077742
1.000000000 -0.000161919 0.000002904 -0.000486807 0.000161919 1.000000000 -0.000051431 0.001693559 -0.000002895 0.000051431 1.000000000 0.001761812
1.000000000 -0.000080920 0.000004541 0.000406655 0.000080920 1.000000000 0.000026296 0.001011626 -0.000004543 -0.000026296 1.000000000 0.000770458
1.000000000 -0.000115930 -0.000017973 0.000801456 0.000115930 1.000000000 -0.000030041 0.001258523 0.000017977 0.000030039 1.000000000 0.001015561
1.000000000 -0.000136266 0.000098053 0.000397043 0.000136285 1.000000000 -0.000190390 0.002012382 -0.000098027 0.000190404 1.000000000 0.003188238
0.999999940 -0.000295121 0.000147923 0.001401077 0.000295210 0.999999762 -0.000601164 -0.002871846 -0.000147745 0.000601207 0.999999821 0.050530370
1.000000000 0.000052652 0.000015915 0.002912889 -0.000052633 0.999999285 -0.001201075 -0.005290406 -0.000015978 0.001201074 0.999999285 0.135499597
0.999999881 0.000393198 -0.000159149 0.005145376 -0.000393401 0.999999106 -0.001278349 -0.008728975 0.000158647 0.001278411 0.999999166 0.251342028
0.999999940 0.000148245 -0.000199258 0.008220586 -0.000148473 0.999999344 -0.001142522 -0.013069555 0.000199089 0.001142552 0.999999344 0.385830909
1.000000000 -0.000169497 -0.000056961 0.009636054 0.000169446 0.999999583 -0.000894126 -0.018493047 0.000057113 0.000894116 0.999999583 0.523947299
0.999999881 0.000512467 0.000045718 0.018361427 -0.000512444 0.999999762 -0.000508497 -0.038313482 -0.000045978 0.000508473 0.999999881 0.651366353
0.999999821 0.000645733 0.000291533 0.020918338 -0.000645650 0.999999762 -0.000285578 -0.043669507 -0.000291717 0.000285390 1.000000000 0.814357817
1.000000000 0.000138866 0.000149376 0.028208461 -0.000138845 1.000000000 -0.000141538 -0.045469575 -0.000149395 0.000141518 1.000000000 0.989681423
0.999999940 0.000294983 -0.000023238 0.030503396 -0.000294988 0.999999881 -0.000202665 -0.049297534 0.000023178 0.000202672 0.999999940 1.175843239
0.999999940 0.000232630 0.000314752 0.031078996 -0.000232548 0.999999940 -0.000259618 -0.051107135 -0.000314813 0.000259545 0.999999940 1.367300868
0.999999940 0.000169804 0.000004195 0.037827723 -0.000169804 0.999999940 -0.000139652 -0.057587340 -0.000004219 0.000139651 1.000000000 1.548010111
0.999999881 0.000416588 0.000312034 0.042107105 -0.000416642 0.999999881 0.000174617 -0.068761148 -0.000311961 -0.000174747 0.999999940 1.741471767
1.000000000 0.000209691 0.000004275 0.049477354 -0.000209692 0.999999940 0.000254142 -0.074718587 -0.000004221 -0.000254143 1.000000000 1.940641642
1.000000000 0.000041078 0.000369745 0.051230531 -0.000041307 0.999999821 0.000619171 -0.083867602 -0.000369719 -0.000619187 0.999999702 2.157033443
0.999999881 0.000110702 0.000455279 0.054012664 -0.000110896 0.999999881 0.000424831 -0.087159134 -0.000455232 -0.000424882 0.999999881 2.377581835
1.000000000 -0.000065686 -0.000072796 0.065973543 0.000065717 0.999999881 0.000434059 -0.096416853 0.000072767 -0.000434064 0.999999940 2.596494913
0.999999881 -0.000229775 -0.000376171 0.073619075 0.000230097 0.999999583 0.000855563 -0.113285035 0.000375974 -0.000855649 0.999999583 2.829051495
0.999999940 0.000024986 -0.000363783 0.074659847 -0.000024769 0.999999821 0.000597996 -0.114483312 0.000363798 -0.000597987 0.999999821 3.069522381
0.999999464 -0.000713357 -0.000615182 0.081630714 0.000713817 0.999999464 0.000748058 -0.123134360 0.000614648 -0.000748497 0.999999583 3.306868315
0.999999940 -0.000126083 -0.000034800 0.080845818 0.000126107 0.999999702 0.000712048 -0.125872627 0.000034711 -0.000712052 0.999999762 3.557775497
0.999999642 -0.000266903 -0.000764145 0.097222351 0.000267654 0.999999464 0.000982664 -0.136509880 0.000763882 -0.000982868 0.999999285 3.811586142
0.999999940 0.000139912 -0.000312506 0.099608473 -0.000139713 0.999999762 0.000636952 -0.144394681 0.000312596 -0.000636908 0.999999702 4.064183235
0.999999881 0.000394843 -0.000290974 0.106198408 -0.000394502 0.999999225 0.001169438 -0.151560798 0.000291436 -0.001169323 0.999999225 4.323873043
0.999999881 0.000509962 0.000082192 0.105497487 -0.000510041 0.999999344 0.000966653 -0.155865446 -0.000081699 -0.000966694 0.999999523 4.581106663
0.999999940 0.000111769 0.000063629 0.113455519 -0.000111829 0.999999583 0.000935976 -0.163866520 -0.000063524 -0.000935983 0.999999583 4.841272831
0.999999702 0.000599087 -0.000517958 0.126811862 -0.000598692 0.999999464 0.000762557 -0.168018281 0.000518415 -0.000762247 0.999999583 5.112851620
0.999999583 0.000883534 -0.000311420 0.130664229 -0.000883359 0.999999404 0.000559617 -0.175143585 0.000311914 -0.000559341 0.999999762 5.379542828
0.999999642 0.000890429 -0.000187873 0.133398086 -0.000890361 0.999999464 0.000361240 -0.180006862 0.000188195 -0.000361073 0.999999940 5.654591560
0.999999881 0.000345918 -0.000475295 0.149285853 -0.000345488 0.999999583 0.000903571 -0.192726389 0.000475607 -0.000903406 0.999999464 5.918539047
0.999999642 0.000738535 0.000137591 0.143755883 -0.000738612 0.999999523 0.000560409 -0.206437439 -0.000137177 -0.000560511 0.999999821 6.180521965
0.999999762 0.000629213 -0.000066104 0.152126625 -0.000629176 0.999999642 0.000547654 -0.213314414 0.000066448 -0.000547612 0.999999881 6.459663391
0.999999821 0.000497373 0.000111766 0.159630194 -0.000497442 0.999999642 0.000617196 -0.222621918 -0.000111459 -0.000617251 0.999999821 6.737046242
0.999999821 0.000356671 0.000358854 0.162975669 -0.000356918 0.999999702 0.000687726 -0.232281297 -0.000358609 -0.000687854 0.999999642 7.060780525
0.999999762 0.000318861 -0.000653274 0.174576193 -0.000317938 0.999998927 0.001412262 -0.246962860 0.000653723 -0.001412054 0.999998808 7.339572430
0.999999881 0.000650409 -0.000058627 0.173951492 -0.000650343 0.999999166 0.001108198 -0.251295656 0.000059348 -0.001108160 0.999999404 7.660294533
0.999999583 0.000846024 -0.000328800 0.184607014 -0.000845607 0.999998868 0.001263752 -0.263130277 0.000329868 -0.001263474 0.999999166 7.978849888
0.999999940 0.000205548 -0.000335885 0.193609372 -0.000204992 0.999998569 0.001654430 -0.270738840 0.000336225 -0.001654361 0.999998569 8.296908379
0.999999940 0.000253645 -0.000173062 0.191793099 -0.000253348 0.999998450 0.001711551 -0.295148134 0.000173496 -0.001711507 0.999998450 8.592050552
0.999999642 0.000538109 0.000647710 0.190553635 -0.000539410 0.999997795 0.002010925 -0.302334219 -0.000646627 -0.002011274 0.999997735 8.933895111
0.999999762 0.000456605 0.000592222 0.202869356 -0.000457760 0.999997973 0.001951883 -0.316152513 -0.000591330 -0.001952154 0.999997854 9.262929916
0.999999821 0.000212178 -0.000390706 0.219489425 -0.000211278 0.999997258 0.002301370 -0.333120555 0.000391193 -0.002301287 0.999997258 9.615804672
0.999999821 0.000127120 -0.000405214 0.231333628 -0.000126213 0.999997377 0.002238111 -0.341669530 0.000405497 -0.002238059 0.999997377 9.960744858
0.999999702 -0.000161240 -0.000623693 0.242155045 0.000162728 0.999997079 0.002386323 -0.356095910 0.000623306 -0.002386424 0.999996901 10.316824913
0.999999940 0.000477455 -0.000317394 0.241030723 -0.000476599 0.999996245 0.002690445 -0.365877658 0.000318677 -0.002690293 0.999996305 10.684201241
0.999999881 0.000420029 0.000031775 0.244489312 -0.000420109 0.999996543 0.002573609 -0.371031374 -0.000030694 -0.002573622 0.999996662 11.054015160
0.999999762 0.000418827 -0.000586690 0.259532034 -0.000417250 0.999996305 0.002685429 -0.386947870 0.000587813 -0.002685184 0.999996245 11.436386108
0.999999821 0.000096094 -0.000624946 0.272687912 -0.000094403 0.999996305 0.002705281 -0.394027680 0.000625204 -0.002705222 0.999996066 11.812096596
0.999999881 -0.000060500 -0.000548217 0.279771447 0.000061889 0.999996781 0.002533132 -0.406538844 0.000548062 -0.002533165 0.999996662 12.196528435
0.999999702 -0.000404757 -0.000532500 0.289969206 0.000406156 0.999996483 0.002631119 -0.416776001 0.000531433 -0.002631335 0.999996364 12.590737343
0.999999881 -0.000035297 -0.000475286 0.291434616 0.000036717 0.999995530 0.002989783 -0.428607076 0.000475179 -0.002989800 0.999995410 12.975692749
0.999999821 0.000379590 -0.000478811 0.303347349 -0.000378282 0.999996185 0.002730097 -0.438323319 0.000479846 -0.002729915 0.999996185 13.365736008
0.999999821 -0.000297534 -0.000427321 0.316516757 0.000298670 0.999996364 0.002662123 -0.446010709 0.000426528 -0.002662250 0.999996424 13.765431404
0.999999940 0.000256682 0.000047936 0.315756530 -0.000256805 0.999996662 0.002582255 -0.452334970 -0.000047273 -0.002582267 0.999996662 14.203557014
1.000000000 -0.000418470 -0.000095084 0.329056829 0.000418721 0.999996483 0.002661601 -0.464722544 0.000093970 -0.002661641 0.999996424 14.623629570
0.999999940 -0.000204623 0.000286280 0.337287694 0.000203814 0.999996006 0.002821201 -0.476549178 -0.000286856 -0.002821142 0.999996006 15.045380592
1.000000000 -0.000246298 0.000470865 0.348503590 0.000245037 0.999996305 0.002678537 -0.486175716 -0.000471524 -0.002678421 0.999996305 15.480283737
0.999999583 0.000352562 0.000839427 0.358537167 -0.000354992 0.999995768 0.002896196 -0.500198543 -0.000838402 -0.002896493 0.999995470 15.916749001
0.999999702 -0.000035200 0.000885070 0.369259387 0.000032188 0.999994338 0.003403180 -0.512266040 -0.000885185 -0.003403151 0.999993801 16.362586975
0.999999046 -0.000226964 0.001326247 0.374675512 0.000223303 0.999996185 0.002759991 -0.518438280 -0.001326867 -0.002759692 0.999995291 16.819108963
0.999999046 0.000234083 0.001369495 0.387951523 -0.000238170 0.999995530 0.002985389 -0.530980110 -0.001368790 -0.002985712 0.999994636 17.275167465
0.999997377 0.000472024 0.002220340 0.394646764 -0.000479507 0.999994218 0.003370710 -0.546415091 -0.002218737 -0.003371766 0.999991894 17.736658096
0.999996126 0.000334158 0.002760088 0.402407408 -0.000344086 0.999993443 0.003596922 -0.558882713 -0.002758868 -0.003597857 0.999989748 18.210739136
0.999998212 -0.000124894 0.001941787 0.418741465 0.000118560 0.999994814 0.003261389 -0.568164468 -0.001942184 -0.003261153 0.999992788 18.654451370
0.999998093 0.000124917 0.001973575 0.431810498 -0.000131402 0.999994636 0.003286296 -0.578411460 -0.001973153 -0.003286549 0.999992669 19.129684448
0.999997973 -0.000184614 0.001984787 0.448134959 0.000177608 0.999993801 0.003529476 -0.593529224 -0.001985426 -0.003529116 0.999991775 19.604064941
0.999997437 -0.000116660 0.002255165 0.433463663 0.000109331 0.999994636 0.003249617 -0.597005606 -0.002255533 -0.003249362 0.999992132 20.100852966
0.999996722 -0.000210474 0.002565632 0.441332132 0.000201413 0.999993742 0.003531493 -0.606426060 -0.002566360 -0.003530965 0.999990463 20.604021072
0.999996841 -0.000143039 0.002481787 0.453175187 0.000135599 0.999995470 0.002997636 -0.610916793 -0.002482205 -0.002997290 0.999992430 21.111093521
0.999998629 0.000008801 0.001622655 0.453806281 -0.000013976 0.999994874 0.003189539 -0.629974186 -0.001622618 -0.003189557 0.999993622 21.602975845
0.999999404 0.000222838 0.001085620 0.466079891 -0.000226365 0.999994695 0.003250001 -0.649249792 -0.001084890 -0.003250245 0.999994099 22.107427597
0.999999046 0.000570993 0.001257532 0.468936890 -0.000574648 0.999995649 0.002907902 -0.649451792 -0.001255866 -0.002908622 0.999994993 22.629760742
0.999999881 -0.000090633 0.000263388 0.473489434 0.000089835 0.999995410 0.003029848 -0.666182816 -0.000263661 -0.003029825 0.999995351 23.130189896
0.999999642 -0.000369126 -0.000747572 0.484970629 0.000371369 0.999995470 0.003002735 -0.682631195 0.000746460 -0.003003011 0.999995232 23.650323868
0.999998569 -0.001233350 -0.001152234 0.483966619 0.001236695 0.999994993 0.002906752 -0.693818986 0.001148643 -0.002908173 0.999995053 24.182601929
0.999998391 -0.000664258 -0.001671128 0.493122548 0.000669235 0.999995291 0.002979579 -0.703257918 0.001669140 -0.002980692 0.999994099 24.713689804
0.999997079 0.000578897 -0.002350267 0.493906468 -0.000570683 0.999993742 0.003494121 -0.721705616 0.002352275 -0.003492770 0.999991119 25.255510330
0.999995768 0.000411042 -0.002882614 0.502347946 -0.000400669 0.999993443 0.003598377 -0.732764423 0.002884073 -0.003597207 0.999989390 25.798141479
0.999993622 0.000230081 -0.003566799 0.500964463 -0.000215190 0.999991179 0.004174916 -0.747682273 0.003567729 -0.004174121 0.999984920 26.347919464
0.999989629 -0.000607295 -0.004516051 0.514831841 0.000626045 0.999991179 0.004151457 -0.758034289 0.004513490 -0.004154241 0.999981165 26.893270493
0.999991119 -0.000648943 -0.004175895 0.514736533 0.000668002 0.999989331 0.004564341 -0.771885157 0.004172889 -0.004567090 0.999980807 27.453296661
0.999991238 0.000545606 -0.004131889 0.491538674 -0.000528810 0.999991596 0.004064979 -0.781425357 0.004134072 -0.004062759 0.999983191 27.989730835
0.999991059 0.000426438 -0.004190870 0.498906374 -0.000407158 0.999989271 0.004600486 -0.796911299 0.004192787 -0.004598739 0.999980628 28.529016495
0.999990642 0.001061087 -0.004190495 0.488549888 -0.001042406 0.999989510 0.004457791 -0.808330536 0.004195182 -0.004453382 0.999981284 29.075128555
0.999990523 0.001080289 -0.004219908 0.488480002 -0.001063344 0.999991298 0.004015717 -0.815407991 0.004224210 -0.004011191 0.999982953 29.629970551
0.999988675 0.001218644 -0.004583406 0.489826620 -0.001199053 0.999990165 0.004274544 -0.828913748 0.004588570 -0.004269000 0.999980330 30.178962708
0.999988198 0.001738665 -0.004513373 0.498342574 -0.001719416 0.999989510 0.004265102 -0.846213877 0.004520741 -0.004257291 0.999980688 30.716308594
0.999986112 0.001585575 -0.005027484 0.499015629 -0.001565295 0.999990642 0.004035202 -0.849578798 0.005033835 -0.004027276 0.999979198 31.296466827
0.999984384 0.001507067 -0.005373695 0.507209897 -0.001484767 0.999990284 0.004151367 -0.863608420 0.005379899 -0.004143324 0.999976873 31.848566055
0.999983013 0.001299157 -0.005680434 0.512112081 -0.001275743 0.999990642 0.004123567 -0.874031186 0.005685738 -0.004116249 0.999975383 32.400115967
0.999982476 0.001284274 -0.005774076 0.512833595 -0.001259509 0.999990106 0.004290502 -0.885446370 0.005779529 -0.004283155 0.999974132 32.942890167
0.999982655 0.001866928 -0.005576276 0.521306157 -0.001842409 0.999988616 0.004398879 -0.901973426 0.005584425 -0.004388529 0.999974787 33.476009369
0.999981701 0.001390423 -0.005891596 0.518413246 -0.001369134 0.999992549 0.003616074 -0.900631547 0.005896579 -0.003607941 0.999976099 34.058284760
0.999978244 0.001674881 -0.006377714 0.525236726 -0.001648504 0.999990046 0.004138748 -0.918495893 0.006384582 -0.004128144 0.999971092 34.603797913
0.999981582 0.001918376 -0.005761034 0.516845047 -0.001896906 0.999991179 0.003730000 -0.921145916 0.005768139 -0.003719003 0.999976456 35.173984528
0.999982417 0.002389799 -0.005419802 0.528099060 -0.002369322 0.999990046 0.003781441 -0.935309589 0.005428785 -0.003768533 0.999978244 35.724285126
0.999983728 0.002572004 -0.005096446 0.527403474 -0.002551794 0.999988854 0.003968079 -0.953802347 0.005106595 -0.003955009 0.999979198 36.255950928
0.999981165 0.002293197 -0.005677722 0.526915312 -0.002269864 0.999988914 0.004112551 -0.963211060 0.005687090 -0.004099587 0.999975383 36.790481567
0.999979973 0.002015875 -0.005994011 0.535849392 -0.001993737 0.999991179 0.003697036 -0.969938874 0.006001411 -0.003685012 0.999975204 37.338150024
0.999981880 0.002718728 -0.005373497 0.535393238 -0.002698204 0.999988973 0.003822957 -0.988804340 0.005383832 -0.003808388 0.999978304 37.877895355
0.999971569 0.000954598 -0.007468105 0.537728906 -0.000925593 0.999992013 0.003886329 -0.993827105 0.007471755 -0.003879306 0.999964535 38.476963043
0.999972880 0.000964859 -0.007290562 0.544506609 -0.000934685 0.999990940 0.004140989 -1.010831833 0.007294492 -0.004134063 0.999964833 39.019008636
0.999974787 0.001854732 -0.006855665 0.539928138 -0.001829355 0.999991536 0.003705985 -1.019446731 0.006862480 -0.003693350 0.999969542 39.575107574
0.999970317 0.001867283 -0.007467601 0.574034035 -0.001830223 0.999986053 0.004966566 -1.052706480 0.007476769 -0.004952752 0.999959826 40.080863953
0.999980628 0.001255784 -0.006094755 0.472028494 -0.001236642 0.999994278 0.003143541 -1.011767149 0.006098668 -0.003135943 0.999976397 40.693302155
0.999980092 0.001326332 -0.006165876 0.481982291 -0.001308699 0.999995053 0.002863094 -1.023389816 0.006169642 -0.002854968 0.999976873 41.242126465
0.999981225 0.000913821 -0.006066199 0.495898068 -0.000893464 0.999993920 0.003357582 -1.037520885 0.006069230 -0.003352099 0.999975979 41.795104980
0.999989152 0.001129012 -0.004509209 0.396673560 -0.001116883 0.999995768 0.002691407 -1.032548070 0.004512228 -0.002686342 0.999986231 42.333171844
0.999991775 0.001334615 -0.003836039 0.396575630 -0.001326398 0.999996901 0.002143701 -1.035626292 0.003838887 -0.002138596 0.999990404 42.884342194
0.999991179 0.001647467 -0.003856533 0.409310699 -0.001638615 0.999996006 0.002297375 -1.054903984 0.003860303 -0.002291035 0.999989927 43.426383972
0.999990821 0.001830160 -0.003867602 0.431680679 -0.001820328 0.999995112 0.002543976 -1.072408199 0.003872238 -0.002536912 0.999989271 43.975543976
0.999995589 0.000676527 -0.002883954 0.329026103 -0.000667365 0.999994755 0.003176905 -1.062635064 0.002886089 -0.003174966 0.999990821 44.571697235
0.999995172 0.001132170 -0.002891593 0.340844333 -0.001123646 0.999995112 0.002947914 -1.074183941 0.002894916 -0.002944650 0.999991536 45.125289917
0.999995768 0.001473863 -0.002516017 0.349115282 -0.001466495 0.999994636 0.002928024 -1.084983587 0.002520319 -0.002924322 0.999992609 45.664192200
0.999997795 0.000732388 -0.001960422 0.296065360 -0.000726896 0.999995828 0.002801248 -1.091152191 0.001962465 -0.002799816 0.999994159 46.257461548
0.999997795 0.000143601 -0.002095941 0.307663977 -0.000137674 0.999996006 0.002827491 -1.104939342 0.002096339 -0.002827196 0.999993801 46.791835785
0.999998152 0.000170983 -0.001912327 0.316131413 -0.000165990 0.999996662 0.002610993 -1.113865018 0.001912766 -0.002610671 0.999994814 47.344139099
0.999999642 0.000470715 -0.000710463 0.239487514 -0.000470053 0.999999464 0.000932095 -1.070145607 0.000710902 -0.000931761 0.999999285 47.956253052
0.999999166 0.000916396 -0.000847164 0.251866043 -0.000915582 0.999999166 0.000961314 -1.086980224 0.000848045 -0.000960538 0.999999166 48.507293701
0.999999583 0.000779986 -0.000463949 0.259051770 -0.000779351 0.999998808 0.001369375 -1.100676298 0.000465017 -0.001369013 0.999998927 49.061004639
0.999999821 0.000042729 0.000608037 0.202435374 -0.000042964 0.999999881 0.000386122 -1.085856080 -0.000608021 -0.000386149 0.999999762 49.633197784
0.999999881 0.000268516 0.000495962 0.215272680 -0.000268562 0.999999940 0.000093040 -1.097149968 -0.000495937 -0.000093174 0.999999881 50.181804657
0.999999821 0.000019682 0.000568268 0.229832381 -0.000019806 1.000000000 0.000218634 -1.114131689 -0.000568264 -0.000218645 0.999999821 50.732959747
0.999996960 0.000744390 0.002358733 0.155365616 -0.000743873 0.999999702 -0.000220268 -1.105926037 -0.002358896 0.000218513 0.999997199 51.320480347
0.999997675 0.000290793 0.002159884 0.172051251 -0.000290197 1.000000000 -0.000276371 -1.122303486 -0.002159964 0.000275744 0.999997616 51.867351532
0.999992788 0.001362347 0.003544049 0.152270034 -0.001360773 0.999998987 -0.000446243 -1.122830272 -0.003544652 0.000441417 0.999993622 52.419143677
0.999986827 0.001712513 0.004829179 0.138487607 -0.001705719 0.999997556 -0.001410563 -1.125038624 -0.004831583 0.001402306 0.999987304 52.976654053
0.999988377 0.001342940 0.004618378 0.147754446 -0.001335173 0.999997675 -0.001684405 -1.133486390 -0.004620629 0.001678219 0.999987900 53.537300110
0.999983311 0.002961089 0.004960186 0.151297703 -0.002956931 0.999995291 -0.000845463 -1.159089327 -0.004962666 0.000830781 0.999987364 54.074878693
0.999982357 0.003491962 0.004810876 0.168105707 -0.003486698 0.999993324 -0.001102192 -1.175104260 -0.004814693 0.001085399 0.999987900 54.619037628
0.999983311 0.002376597 0.005268777 0.168721080 -0.002370231 0.999996483 -0.001214123 -1.186178207 -0.005271644 0.001201614 0.999985397 55.189273834
0.999984384 0.002446189 0.005021112 0.181086555 -0.002440628 0.999996364 -0.001113293 -1.206206560 -0.005023818 0.001101021 0.999986708 55.732128143
0.999984145 0.002396334 0.005117601 0.190965772 -0.002392357 0.999996841 -0.000783014 -1.220673680 -0.005119462 0.000770757 0.999986589 56.274421692
0.999987602 0.002082284 0.004523103 0.210292667 -0.002077871 0.999997377 -0.000980250 -1.230477929 -0.004525132 0.000970840 0.999989212 56.807357788
0.999988914 0.001986313 0.004278126 0.227248877 -0.001982981 0.999997735 -0.000782975 -1.250402570 -0.004279672 0.000774483 0.999990523 57.361015320
0.999991715 0.002230032 0.003431992 0.265684903 -0.002228609 0.999997437 -0.000418382 -1.274191737 -0.003432918 0.000410730 0.999994040 57.889091492
0.999992490 0.002200944 0.003182096 0.277327448 -0.002200312 0.999997616 -0.000202168 -1.295976281 -0.003182535 0.000195165 0.999994934 58.439987183
0.999992788 0.002194768 0.003093333 0.298854530 -0.002192922 0.999997437 -0.000599866 -1.303397536 -0.003094642 0.000593078 0.999995053 58.971229553
0.999989927 0.002667810 0.003640213 0.306028008 -0.002664265 0.999996006 -0.000978470 -1.313317537 -0.003642808 0.000968761 0.999992907 59.517341614
0.999992073 0.002173919 0.003331182 0.317623973 -0.002170276 0.999997020 -0.001096885 -1.326946020 -0.003333557 0.001089646 0.999993861 60.062847137
0.999989212 0.003047467 0.003509198 0.325649470 -0.003044655 0.999995053 -0.000806294 -1.346598387 -0.003511638 0.000795601 0.999993503 60.612342834
0.999988437 0.003120418 0.003665449 0.337062657 -0.003117418 0.999994814 -0.000824033 -1.361547232 -0.003668002 0.000812597 0.999992907 61.163181305
0.999989390 0.002997347 0.003490217 0.350216031 -0.002994431 0.999995172 -0.000840565 -1.372044086 -0.003492719 0.000830105 0.999993563 61.695446014
0.999987364 0.003428826 0.003681710 0.367033541 -0.003426966 0.999994040 -0.000511109 -1.392391682 -0.003683441 0.000498486 0.999993026 62.231304169
0.999989212 0.003386867 0.003179887 0.379981220 -0.003385850 0.999994218 -0.000325089 -1.405829430 -0.003180970 0.000314319 0.999994874 62.776222229
0.999987960 0.003506753 0.003437532 0.394174814 -0.003504822 0.999993682 -0.000567950 -1.422264218 -0.003439502 0.000555896 0.999993920 63.320022583
0.999983370 0.004314149 0.003806630 0.388439238 -0.004311433 0.999990404 -0.000721861 -1.434243321 -0.003809707 0.000705437 0.999992490 63.874412537
0.999983370 0.004165911 0.003975296 0.397018373 -0.004162978 0.999991059 -0.000745708 -1.453043222 -0.003978368 0.000729147 0.999991775 64.427200317
0.999987066 0.003706749 0.003484202 0.419042230 -0.003703843 0.999992728 -0.000840512 -1.463442087 -0.003487293 0.000827596 0.999993503 64.956451416
0.999986231 0.003983056 0.003408869 0.438284397 -0.003980446 0.999991775 -0.000771853 -1.477209091 -0.003411916 0.000758273 0.999993861 65.490921021
0.999990344 0.003711863 0.002343597 0.462149799 -0.003711386 0.999993086 -0.000207483 -1.502218366 -0.002344350 0.000198784 0.999997258 66.021469116
0.999988317 0.003964162 0.002746221 0.470934868 -0.003963773 0.999992132 -0.000146887 -1.514470696 -0.002746782 0.000136000 0.999996245 66.560310364
0.999990523 0.003785839 0.002158059 0.492402434 -0.003784062 0.999992490 -0.000826996 -1.524741173 -0.002161175 0.000818821 0.999997258 67.106292725
0.999992192 0.003466024 0.001883426 0.513683677 -0.003464776 0.999993682 -0.000665261 -1.543611526 -0.001885721 0.000658730 0.999997973 67.643013000
0.999993563 0.003126393 0.001771661 0.520826459 -0.003125753 0.999995053 -0.000363996 -1.564598203 -0.001772791 0.000358455 0.999998331 68.200408936
0.999992788 0.003346433 0.001777462 0.538933158 -0.003346309 0.999994338 -0.000072586 -1.588560700 -0.001777695 0.000066637 0.999998391 68.731254578
0.999989510 0.004300799 0.001544777 0.551602840 -0.004300720 0.999990880 -0.000054283 -1.603302240 -0.001544996 0.000047639 0.999998808 69.259307861
0.999992013 0.003706901 0.001490917 0.565375686 -0.003707017 0.999993145 0.000074477 -1.613353968 -0.001490630 -0.000080003 0.999998927 69.805732727
0.999989569 0.004454260 0.000997205 0.591344059 -0.004454625 0.999989986 0.000364207 -1.640848398 -0.000995572 -0.000368645 0.999999464 70.331390381
0.999991596 0.004104307 -0.000105260 0.610672653 -0.004104177 0.999990821 0.001204413 -1.660915136 0.000110202 -0.001203971 0.999999285 70.883964539
0.999991059 0.004245986 0.000169293 0.630215585 -0.004246074 0.999990880 0.000520297 -1.671558738 -0.000167083 -0.000521011 0.999999881 71.399444580
0.999991953 0.003838310 0.001147552 0.623170018 -0.003838914 0.999992490 0.000524063 -1.693021655 -0.001145533 -0.000528464 0.999999225 71.944664001
0.999992847 0.003714384 0.000582275 0.642196715 -0.003714871 0.999992728 0.000838544 -1.708368182 -0.000579154 -0.000840701 0.999999464 72.490272522
0.999993861 0.003495059 0.000028567 0.654169977 -0.003495070 0.999993801 0.000422385 -1.719944239 -0.000027089 -0.000422483 0.999999940 73.044883728
0.999992907 0.003703419 0.000604804 0.662717044 -0.003703922 0.999992728 0.000835143 -1.743605494 -0.000601708 -0.000837377 0.999999464 73.592773438
0.999991775 0.003977737 0.000698269 0.670599401 -0.003978122 0.999991953 0.000550378 -1.756242275 -0.000696074 -0.000553151 0.999999583 74.133239746
0.999991834 0.003999711 0.000578877 0.685600698 -0.004000289 0.999991417 0.001000742 -1.775839567 -0.000574869 -0.001003050 0.999999344 74.673126221
0.999992073 0.003837696 0.001084902 0.699071527 -0.003839434 0.999991357 0.001604027 -1.795504093 -0.001078737 -0.001608179 0.999998093 75.207534790
0.999993980 0.003282977 0.001126403 0.709154725 -0.003284873 0.999993205 0.001685147 -1.812016964 -0.001120863 -0.001688837 0.999997973 75.748489380
0.999993861 0.003467679 0.000713407 0.726014614 -0.003468730 0.999992907 0.001478549 -1.829540849 -0.000708276 -0.001481014 0.999998629 76.273368835
0.999993205 0.003575212 0.000913058 0.729388297 -0.003576158 0.999993145 0.001037860 -1.835729718 -0.000909341 -0.001041118 0.999999046 76.823623657
0.999994040 0.003418297 0.000514355 0.758243680 -0.003418929 0.999993384 0.001231988 -1.859304190 -0.000510139 -0.001233740 0.999999106 77.370742798
0.999996603 0.002539101 0.000469874 0.771686435 -0.002539611 0.999996185 0.001086479 -1.868618488 -0.000467113 -0.001087669 0.999999285 77.922920227
0.999993742 0.003533060 0.000476673 0.775639892 -0.003533673 0.999992847 0.001289215 -1.884927392 -0.000472115 -0.001290891 0.999999046 78.447891235
0.999994576 0.003254461 0.000551841 0.787531435 -0.003255036 0.999994099 0.001046107 -1.900980353 -0.000548433 -0.001047898 0.999999285 79.007263184
0.999992132 0.003819674 0.001066467 0.798035145 -0.003820881 0.999991953 0.001132718 -1.913871527 -0.001062131 -0.001136784 0.999998808 79.562904358
0.999994338 0.003254929 0.000851338 0.813129961 -0.003255480 0.999994457 0.000646162 -1.928179145 -0.000849230 -0.000648930 0.999999404 80.106803894
0.999993980 0.003493022 0.000150939 0.838207603 -0.003493167 0.999993443 0.000961344 -1.945729852 -0.000147581 -0.000961865 0.999999523 80.614074707
0.999992490 0.003698935 0.001099131 0.851284921 -0.003700107 0.999992609 0.001066550 -1.958886385 -0.001095176 -0.001070609 0.999998808 81.161705017
0.999990880 0.003643414 0.002234375 0.863513172 -0.003646332 0.999992490 0.001303399 -1.976076126 -0.002229610 -0.001311533 0.999996662 81.701927185
0.999987006 0.003922314 0.003263270 0.880831361 -0.003927059 0.999991179 0.001448586 -1.994869947 -0.003257560 -0.001461382 0.999993563 82.243560791
0.999978304 0.004140984 0.005124780 0.892482102 -0.004149582 0.999989927 0.001668365 -2.013377190 -0.005117821 -0.001689595 0.999985456 82.781219482
0.999959886 0.004179093 0.007913404 0.917156875 -0.004188343 0.999990582 0.001152739 -2.021781683 -0.007908513 -0.001185837 0.999967992 83.329704285
0.999928057 0.003831906 0.011367507 0.945809484 -0.003852043 0.999991059 0.001750104 -2.042671442 -0.011360701 -0.001793766 0.999933898 83.864196777
0.999880731 0.003905725 0.014940331 0.954652309 -0.003931192 0.999990880 0.001675565 -2.064559221 -0.014933650 -0.001734100 0.999886990 84.430580139
0.999791205 0.004445628 0.019941280 0.980595410 -0.004483531 0.999988198 0.001856436 -2.082556009 -0.019932792 -0.001945456 0.999799430 84.981971741
0.999672949 0.004459015 0.025180927 1.022669315 -0.004523193 0.999986649 0.002492295 -2.104486942 -0.025169479 -0.002605377 0.999679804 85.508621216
0.999511898 0.004670597 0.030890211 1.052207947 -0.004757870 0.999984860 0.002752382 -2.121894836 -0.030876894 -0.002898009 0.999518931 86.059051514
0.999322832 0.003756791 0.036602084 1.079825401 -0.003820148 0.999991298 0.001661198 -2.121772051 -0.036595527 -0.001799897 0.999328554 86.599266052
0.998992145 0.003896333 0.044716384 1.125748396 -0.003995305 0.999989867 0.002124169 -2.141998529 -0.044707641 -0.002300684 0.998997450 87.161254883
0.998583138 0.003649003 0.053089626 1.174543142 -0.003782788 0.999989927 0.002419717 -2.157527685 -0.053080257 -0.002617114 0.998586774 87.711776733
0.998180032 0.004085689 0.060165845 1.217436790 -0.004222773 0.999988794 0.002151454 -2.173064470 -0.060156386 -0.002401605 0.998186052 88.249969482
0.997577667 0.003817281 0.069456540 1.271767139 -0.003972176 0.999989927 0.002092118 -2.186172009 -0.069447853 -0.002362944 0.997582793 88.804992676
0.996844947 0.003887853 0.079279006 1.340334415 -0.004087776 0.999988854 0.002359629 -2.204990864 -0.079268955 -0.002676260 0.996849716 89.331481934
0.996133089 0.003848687 0.087773040 1.403455257 -0.004031612 0.999989986 0.001906884 -2.214920044 -0.087764829 -0.002253376 0.996138692 89.885673523
0.995408833 0.003509352 0.095651403 1.468264580 -0.003696352 0.999991536 0.001777890 -2.227313519 -0.095644370 -0.002123289 0.995413303 90.440467834
0.994365633 0.003089192 0.105959237 1.559584618 -0.003312338 0.999992669 0.001930042 -2.246662617 -0.105952509 -0.002270141 0.994368613 90.979072571
0.993174076 0.003978407 0.116573319 1.634285927 -0.004240511 0.999989033 0.002000484 -2.259464979 -0.116564088 -0.002481161 0.993180037 91.519668579
0.992007613 0.003497435 0.126129389 1.728392601 -0.003755234 0.999991417 0.001806207 -2.272966862 -0.126121968 -0.002265416 0.992012143 92.078048706
0.990586460 0.002711926 0.136861607 1.826944351 -0.003005465 0.999993622 0.001938190 -2.287100792 -0.136855483 -0.002331278 0.990588307 92.630470276
0.988860309 0.002610923 0.148823723 1.931968689 -0.002954808 0.999993443 0.002089626 -2.305967808 -0.148817256 -0.002506095 0.988861561 93.175277710
0.987091303 0.002345819 0.160141096 2.037197113 -0.002738854 0.999993801 0.002233623 -2.323703766 -0.160134852 -0.002643393 0.987091601 93.726196289
0.985391617 0.002354088 0.170287490 2.148516655 -0.002751444 0.999994040 0.002097489 -2.335406780 -0.170281589 -0.002535385 0.985392153 94.253372192
0.983218431 0.001886928 0.182422861 2.284305573 -0.002330856 0.999994874 0.002219141 -2.358901024 -0.182417750 -0.002607102 0.983217716 94.765678406
0.980709493 0.001464390 0.195465967 2.402108192 -0.001923981 0.999995947 0.002161412 -2.364452600 -0.195461988 -0.002495790 0.980708122 95.338989258
0.978561819 0.000772859 0.205952272 2.532609940 -0.001193453 0.999997437 0.001917970 -2.373744726 -0.205950275 -0.002122646 0.978560209 95.870582581
0.975794673 0.001770213 0.218681648 2.676876068 -0.002347270 0.999994397 0.002379028 -2.392385006 -0.218676239 -0.002834748 0.975793362 96.397918701
0.972810447 0.001055841 0.231599838 2.837648392 -0.001675694 0.999995589 0.002479696 -2.412173748 -0.231596157 -0.002800365 0.972807884 96.903938293
0.969898283 0.001256222 0.243507162 2.967845917 -0.001931545 0.999994934 0.002534574 -2.424427271 -0.243502736 -0.002928624 0.969895780 97.469139099
0.966897845 -0.000172550 0.255163729 3.138666153 -0.000519136 0.999996424 0.002643405 -2.446460247 -0.255163282 -0.002688366 0.966894209 97.982040405
0.963141918 0.001120182 0.268991292 3.308259964 -0.001935890 0.999994278 0.002767230 -2.459520102 -0.268986672 -0.003185973 0.963138640 98.518554688
0.959513962 0.001351319 0.281657577 3.470186234 -0.002208761 0.999993801 0.002726809 -2.468554258 -0.281652182 -0.003238526 0.959511101 99.024871826
0.956220746 0.000702507 0.292645454 3.652006149 -0.001617925 0.999994516 0.002886056 -2.482892036 -0.292641789 -0.003233184 0.956216753 99.538192749
0.951873779 0.000572707 0.306489736 3.842948914 -0.001446863 0.999995530 0.002624971 -2.492179155 -0.306486815 -0.002942088 0.951870501 100.073104858
0.947472453 0.000238990 0.319837242 4.049226761 -0.001199363 0.999995351 0.002805724 -2.510307074 -0.319835067 -0.003041946 0.947468460 100.593544006
0.943511784 -0.000311633 0.331338733 4.249368668 -0.000659561 0.999995828 0.002818671 -2.520731449 -0.331338257 -0.002877989 0.943507612 101.111877441
0.938767791 -0.000582548 0.344549656 4.460922241 -0.000395614 0.999996066 0.002768645 -2.537243843 -0.344549924 -0.002735424 0.938764036 101.622070312
0.933582187 -0.000942889 0.358362049 4.689945221 0.000040050 0.999996781 0.002526763 -2.547971249 -0.358363360 -0.002344590 0.933579266 102.160324097
0.928717554 -0.001597354 0.370784432 4.918628693 0.000561544 0.999995589 0.002901502 -2.565012932 -0.370787501 -0.002486464 0.928714454 102.662826538
0.924096942 -0.001649187 0.382154465 5.141506195 0.000702312 0.999996305 0.002617205 -2.574129581 -0.382157415 -0.002150160 0.924094796 103.151580811
0.917906702 -0.001950598 0.396791428 5.381084442 0.000798440 0.999994993 0.003068855 -2.592971325 -0.396795422 -0.002500108 0.917903662 103.693145752
0.912075579 -0.002848512 0.410012275 5.624195099 0.001854214 0.999994278 0.002822628 -2.602170706 -0.410017908 -0.001814198 0.912075639 104.180984497
0.906927764 -0.002605013 0.421278089 5.863922119 0.001351715 0.999993682 0.003273584 -2.620275259 -0.421283990 -0.002399456 0.906925559 104.650039673
0.900644839 -0.004037731 0.434537143 6.146297455 0.003083847 0.999991059 0.002900198 -2.627630234 -0.434544981 -0.001272002 0.900649190 105.185691833
0.894292593 -0.004019544 0.447464556 6.419696808 0.002934862 0.999990880 0.003117301 -2.648338556 -0.447472990 -0.001474531 0.894296169 105.656272888
0.888044357 -0.004693984 0.459733844 6.686180115 0.003605270 0.999988198 0.003245985 -2.660810947 -0.459743708 -0.001225113 0.888050795 106.138252258
0.882277489 -0.006496641 0.470684797 6.950336456 0.005464307 0.999978662 0.003559639 -2.680376053 -0.470697880 -0.000568623 0.882294178 106.601661682
0.875130773 -0.006754864 0.483839214 7.242698669 0.005763149 0.999977171 0.003536713 -2.693400860 -0.483852029 -0.000306649 0.875149727 107.074478149
0.867995739 -0.006579260 0.496528208 7.527629852 0.005603911 0.999978244 0.003453878 -2.707006454 -0.496540219 -0.000215452 0.868013740 107.542427063
0.861976743 -0.007055468 0.506898761 7.820434570 0.006215493 0.999975085 0.003349153 -2.712892056 -0.506909728 0.000263734 0.861999094 108.009719849
