1.000000000 0.000000000 0.000000000 0.000000000 0.000000000 1.000000000 0.000000000 0.000000000 0.000000000 0.000000000 1.000000000 0.000000000
1.000000000 0.000052930 -0.000068389 0.000517968 -0.000052916 1.000000000 0.000205079 -0.000832298 0.000068400 -0.000205075 1.000000000 0.000391575
1.000000000 0.000172724 -0.000111562 0.000959032 -0.000172712 1.000000000 0.000109677 -0.000266069 0.000111581 -0.000109658 1.000000000 -0.000037736
0.999999940 0.000318411 -0.000010861 -0.000028102 -0.000318409 0.999999940 0.000097009 -0.000118482 0.000010892 -0.000097006 1.000000000 0.000864374
1.000000000 -0.000020690 -0.000045974 -0.000092383 0.000020692 1.000000000 0.000046321 0.000150336 0.000045973 -0.000046322 1.000000000 -0.000238148
1.000000000 -0.000068302 0.000010768 -0.000267488 0.000068301 1.000000000 0.000036486 -0.000067022 -0.000010770 -0.000036485 1.000000000 -0.000867686
1.000000000 -0.000048340 -0.000029344 0.000964432 0.000048342 1.000000000 0.000054403 -0.000273358 0.000029341 -0.000054404 1.000000000 -0.000226434
1.000000000 0.000057576 0.000025142 0.000812216 -0.000057577 1.000000000 0.000051687 0.000825869 -0.000025139 -0.000051688 1.000000000 0.002097630
1.000000000 0.000177680 0.000018077 0.000414489 -0.000177681 1.000000000 0.000018323 -0.000067672 -0.000018073 -0.000018326 1.000000000 -0.001787986
1.000000000 0.000003159 -0.000015080 0.001009107 -0.000003159 1.000000000 0.000039694 0.000851595 0.000015080 -0.000039694 1.000000000 0.000433058
1.000000000 0.000089174 -0.000131045 0.001272031 -0.000089164 1.000000000 0.000074997 -0.000358114 0.000131052 -0.000074985 1.000000000 -0.000641105
0.999999940 0.000252012 -0.000061586 0.000866884 -0.000252012 0.999999940 0.000012278 0.000675757 0.000061589 -0.000012262 1.000000000 0.000396916
1.000000000 -0.000165936 -0.000090327 0.001081949 0.000165939 1.000000000 0.000038591 -0.000017593 0.000090321 -0.000038606 1.000000000 -0.000274918
1.000000000 -0.000009090 -0.000025906 0.001157964 0.000009090 1.000000000 -0.000017867 0.000269308 0.000025906 0.000017866 1.000000000 -0.001570738
1.000000000 -0.000069533 -0.000060363 0.000858145 0.000069538 1.000000000 0.000066863 0.000691722 0.000060359 -0.000066867 1.000000000 0.000547540
1.000000000 -0.000005556 -0.000128411 0.000603662 0.000005569 1.000000000 0.000104551 -0.000164745 0.000128411 -0.000104552 1.000000000 -0.000582434
1.000000000 0.000097818 0.000095068 -0.000516060 -0.000097831 1.000000000 0.000135508 -0.000458856 -0.000095055 -0.000135518 1.000000000 -0.000438929
1.000000000 0.000051459 -0.000092023 0.000448997 -0.000051450 1.000000000 0.000105965 -0.000145848 0.000092029 -0.000105960 1.000000000 -0.000414232
1.000000000 0.000027889 0.000012858 0.000317664 -0.000027890 1.000000000 0.000025402 0.000288550 -0.000012858 -0.000025402 1.000000000 -0.000348696
1.000000000 -0.000117541 -0.000086830 0.001042517 0.000117550 1.000000000 0.000096478 -0.000536252 0.000086819 -0.000096488 1.000000000 -0.000710726
1.000000000 0.000170481 0.000003789 0.000622755 -0.000170481 1.000000000 0.000012951 -0.000618674 -0.000003787 -0.000012951 1.000000000 -0.001555429
1.000000000 0.000129846 -0.000005708 0.000393268 -0.000129846 1.000000000 0.000063217 0.000526729 0.000005717 -0.000063217 1.000000000 -0.000492744
1.000000000 -0.000063983 0.000104227 0.000522887 0.000063971 1.000000000 0.000109250 -0.000271032 -0.000104234 -0.000109243 1.000000000 0.000570154
0.999999940 0.000309997 -0.000044832 0.000922726 -0.000309992 0.999999940 0.000118470 0.000149389 0.000044869 -0.000118456 1.000000000 0.000095806
1.000000000 0.000181639 0.000028633 0.000479693 -0.000181638 1.000000000 -0.000024254 0.000910681 -0.000028637 0.000024249 1.000000000 -0.000683525
1.000000000 0.000111829 -0.000054218 0.000951360 -0.000111840 1.000000000 -0.000206438 0.001980754 0.000054195 0.000206444 1.000000000 -0.002076139
1.000000000 0.000128119 -0.000043105 0.000274055 -0.000128123 1.000000000 -0.000089461 0.001032910 0.000043094 0.000089466 1.000000000 -0.001062022
1.000000000 0.000022834 0.000043901 0.000330840 -0.000022841 1.000000000 0.000175731 -0.000516898 -0.000043897 -0.000175732 1.000000000 0.000650097
1.000000000 0.000089200 -0.000004460 -0.000224041 -0.000089199 1.000000000 0.000176146 -0.000545955 0.000004476 -0.000176145 1.000000000 -0.000402385
1.000000000 -0.000096111 -0.000058802 0.001119627 0.000096118 1.000000000 0.000113308 0.000484041 0.000058792 -0.000113314 1.000000000 0.001017121
1.000000000 0.000009784 0.000012923 0.000054676 -0.000009786 1.000000000 0.000156410 0.000299964 -0.000012921 -0.000156410 1.000000000 0.000225611
1.000000000 -0.000197725 -0.000073526 0.000851301 0.000197727 1.000000000 0.000016644 0.000382291 0.000073523 -0.000016659 1.000000000 -0.000423315
1.000000000 -0.000069623 0.000013784 0.000022744 0.000069622 1.000000000 0.000113616 -0.000042627 -0.000013792 -0.000113615 1.000000000 0.000494223
1.000000000 -0.000153784 -0.000027614 0.001436109 0.000153786 1.000000000 0.000097009 0.000383921 0.000027599 -0.000097014 1.000000000 0.000762276
1.000000000 0.000159665 0.000034359 0.000016765 -0.000159667 1.000000000 0.000074582 0.000217555 -0.000034347 -0.000074588 1.000000000 -0.000604013
1.000000000 0.000102696 -0.000020136 -0.000286895 -0.000102694 1.000000000 0.000125259 0.000631944 0.000020149 -0.000125256 1.000000000 0.003287176
1.000000000 -0.000165565 -0.000064125 0.001523831 0.000165568 1.000000000 0.000053289 0.000356380 0.000064116 -0.000053300 1.000000000 0.001275452
1.000000000 -0.000045779 0.000016790 0.000548439 0.000045776 1.000000000 0.000156972 -0.000338675 -0.000016797 -0.000156971 1.000000000 -0.000693567
1.000000000 -0.000033738 0.000006802 0.000847012 0.000033738 1.000000000 0.000077758 0.000332643 -0.000006804 -0.000077758 1.000000000 -0.000296273
1.000000000 -0.000114985 0.000078998 0.000560933 0.000114993 1.000000000 -0.000102191 0.001126426 -0.000078986 0.000102201 1.000000000 0.001832222
1.000000000 -0.000120137 0.000053065 0.000377474 0.000120166 0.999999821 -0.000555174 -0.001662548 -0.000052999 0.000555180 0.999999821 0.051504031
1.000000000 0.000225191 0.000002803 0.001826975 -0.000225188 0.999999464 -0.001032978 -0.003802727 -0.000003036 0.001032977 0.999999464 0.139500588
1.000000000 0.000167227 -0.000068223 0.004145582 -0.000167319 0.999999046 -0.001358509 -0.007235806 0.000067996 0.001358521 0.999999046 0.253606886
0.999998987 0.001096342 -0.000842251 -0.015224105 -0.001096835 0.999999344 -0.000585658 -0.025765734 0.000841608 0.000586581 0.999999464 0.363255322
0.999998629 0.001449884 -0.000618420 -0.016151715 -0.001450296 0.999998689 -0.000667290 -0.028835027 0.000617452 0.000668186 0.999999583 0.507715404
0.999999285 0.000812767 -0.000773957 -0.011656234 -0.000813188 0.999999523 -0.000543360 -0.032699179 0.000773515 0.000543989 0.999999523 0.656503499
0.999999583 0.000674859 -0.000588896 -0.006751598 -0.000674871 0.999999762 -0.000021625 -0.037448566 0.000588881 0.000022022 0.999999821 0.820397079
0.999999642 0.000738909 -0.000441923 -0.004817581 -0.000738921 0.999999702 -0.000026830 -0.042380486 0.000441903 0.000027156 0.999999881 0.987036586
0.999998569 0.001595427 -0.000605415 -0.001494853 -0.001595466 0.999998748 -0.000063481 -0.044360839 0.000605313 0.000064447 0.999999762 1.171463132
0.999998271 0.001727043 -0.000724822 0.002554253 -0.001727029 0.999998510 0.000019141 -0.047190771 0.000724854 -0.000017890 0.999999702 1.359329581
0.999998331 0.001721486 -0.000580536 0.004577760 -0.001721400 0.999998569 0.000147744 -0.056841649 0.000580790 -0.000146744 0.999999762 1.539956570
0.999998510 0.001498228 -0.000750672 0.013042378 -0.001498169 0.999998868 0.000078732 -0.057758138 0.000750789 -0.000077607 0.999999642 1.748969793
0.999998093 0.001607895 -0.001058862 0.016954930 -0.001607908 0.999998629 -0.000010987 -0.062442880 0.001058843 0.000012689 0.999999404 1.948351383
0.999998689 0.001424408 -0.000651641 0.019298021 -0.001424038 0.999998748 0.000567639 -0.072181582 0.000652449 -0.000566710 0.999999642 2.167090893
0.999999225 0.001199120 -0.000251741 0.011185320 -0.001198959 0.999999106 0.000639430 -0.081823863 0.000252508 -0.000639127 0.999999762 2.378845930
0.999999285 0.001125594 -0.000288283 0.019886464 -0.001125482 0.999999344 0.000389913 -0.085586220 0.000288722 -0.000389589 0.999999940 2.601509333
0.999999523 0.000878822 -0.000263440 0.020262403 -0.000878586 0.999999166 0.000895108 -0.095522046 0.000264227 -0.000894876 0.999999523 2.829261065
0.999999046 0.001293095 0.000083291 0.023162667 -0.001293111 0.999999225 0.000191592 -0.093637899 -0.000083043 -0.000191700 1.000000000 3.075533152
0.999999106 0.001305818 0.000006781 0.026033258 -0.001305823 0.999998808 0.000755200 -0.111282475 -0.000005795 -0.000755208 0.999999702 3.289794207
0.999999642 0.000883182 0.000020675 0.034245458 -0.000883208 0.999998748 0.001328507 -0.120619036 -0.000019502 -0.001328525 0.999999106 3.539616823
0.999999285 0.001175083 0.000316600 0.036979217 -0.001175422 0.999998748 0.001075225 -0.126547158 -0.000315336 -0.001075596 0.999999344 3.789646864
0.999998927 0.001397387 0.000346461 0.042460904 -0.001397693 0.999998629 0.000886220 -0.127636507 -0.000345223 -0.000886703 0.999999464 4.053295612
0.999997377 0.002134565 0.000855641 0.026089400 -0.002135720 0.999996781 0.001351237 -0.149227098 -0.000852754 -0.001353061 0.999998748 4.297426701
0.999998927 0.001372544 0.000625082 0.034986813 -0.001373336 0.999998271 0.001269119 -0.153248996 -0.000623339 -0.001269976 0.999998987 4.558617592
0.999998689 0.001386314 0.000924555 0.040706303 -0.001387968 0.999997437 0.001791018 -0.162748173 -0.000922069 -0.001792299 0.999997973 4.818163872
0.999997258 0.001981869 0.001178338 0.043876074 -0.001983214 0.999997318 0.001141788 -0.165822580 -0.001176072 -0.001144121 0.999998629 5.084889889
0.999997795 0.001814772 0.001088501 0.048392251 -0.001815940 0.999997795 0.001073446 -0.172207147 -0.001086550 -0.001075420 0.999998808 5.356316090
0.999997497 0.001627942 0.001495239 0.049621679 -0.001629893 0.999997795 0.001304283 -0.185843572 -0.001493112 -0.001306717 0.999997973 5.622010231
0.999997556 0.001530558 0.001613327 0.052741945 -0.001533170 0.999997497 0.001618858 -0.196304590 -0.001610845 -0.001621327 0.999997377 5.887778282
0.999997437 0.001664420 0.001489676 0.058721885 -0.001666552 0.999997616 0.001431388 -0.202146471 -0.001487290 -0.001433867 0.999997854 6.166640759
0.999997675 0.001552769 0.001448316 0.064096414 -0.001554952 0.999997675 0.001507624 -0.208578154 -0.001445972 -0.001509873 0.999997795 6.447845936
0.999998271 0.001202698 0.001368208 0.068829045 -0.001204739 0.999998152 0.001492186 -0.220008940 -0.001366411 -0.001493832 0.999997973 6.738584995
0.999997795 0.001072477 0.001806958 0.073426358 -0.001075793 0.999997735 0.001835087 -0.233147815 -0.001804986 -0.001837027 0.999996662 7.032719135
0.999998689 0.001176552 0.001219188 0.080333687 -0.001179169 0.999996960 0.002147978 -0.245433331 -0.001216657 -0.002149412 0.999996960 7.348586082
0.999997377 0.001638630 0.001584408 0.087490514 -0.001642423 0.999995768 0.002395350 -0.259204179 -0.001580476 -0.002397946 0.999995887 7.659540176
0.999997079 0.001522763 0.001836130 0.091810219 -0.001527709 0.999995232 0.002695404 -0.267168313 -0.001832016 -0.002698202 0.999994636 7.976719856
0.999997139 0.001310384 0.001992107 0.095196337 -0.001315404 0.999995947 0.002520798 -0.276032478 -0.001988796 -0.002523412 0.999994814 8.285655975
0.999996066 0.001985330 0.001959907 0.102417171 -0.001989856 0.999995351 0.002310436 -0.283855498 -0.001955310 -0.002314327 0.999995410 8.604120255
0.999996066 0.001718102 0.002225007 0.105187416 -0.001723977 0.999995053 0.002641022 -0.296161681 -0.002220459 -0.002644847 0.999994040 8.939201355
0.999996185 0.001503326 0.002278430 0.114523210 -0.001509285 0.999995410 0.002616111 -0.305212736 -0.002274487 -0.002619541 0.999993920 9.277434349
0.999994993 0.002190687 0.002277637 0.119926363 -0.002196372 0.999994457 0.002496807 -0.312685281 -0.002272154 -0.002501797 0.999994278 9.615616798
0.999995649 0.001490956 0.002552963 0.125116989 -0.001496909 0.999996185 0.002331363 -0.316023022 -0.002549477 -0.002335175 0.999994040 9.973606110
0.999995947 0.001337908 0.002506443 0.134113729 -0.001343801 0.999996245 0.002350877 -0.328634977 -0.002503289 -0.002354236 0.999994040 10.329414368
0.999996543 0.001106887 0.002399266 0.145008504 -0.001113534 0.999995470 0.002771053 -0.344362646 -0.002396188 -0.002773715 0.999993265 10.678488731
0.999996126 0.001306609 0.002445702 0.151777565 -0.001313422 0.999995232 0.002786509 -0.354455024 -0.002442049 -0.002789710 0.999993086 11.056181908
0.999995947 0.001156138 0.002600114 0.157915503 -0.001163355 0.999995410 0.002775970 -0.365168035 -0.002596892 -0.002778984 0.999992788 11.432073593
0.999995887 0.001371158 0.002487449 0.170223668 -0.001379559 0.999993324 0.003378736 -0.378791869 -0.002482800 -0.003382154 0.999991119 11.809851646
0.999996603 0.000976848 0.002424154 0.180568680 -0.000984426 0.999994636 0.003126996 -0.391584188 -0.002421086 -0.003129371 0.999992192 12.185112953
0.999995053 0.001264718 0.002886098 0.185501948 -0.001273328 0.999994755 0.002983326 -0.400507122 -0.002882310 -0.002986986 0.999991357 12.573796272
0.999995947 0.001022460 0.002660832 0.194940835 -0.001031146 0.999994099 0.003265064 -0.409681946 -0.002657478 -0.003267795 0.999991119 12.970700264
0.999995410 0.001224797 0.002779632 0.202525482 -0.001234335 0.999993324 0.003432368 -0.425068498 -0.002775409 -0.003435783 0.999990165 13.364901543
0.999995947 0.000753495 0.002749123 0.213529602 -0.000761928 0.999994993 0.003067854 -0.429160327 -0.002746798 -0.003069936 0.999991536 13.786770821
0.999994218 0.001189104 0.003165430 0.219508559 -0.001198677 0.999994695 0.003024034 -0.437277764 -0.003161818 -0.003027812 0.999990344 14.197732925
0.999992728 0.001440177 0.003513925 0.231175035 -0.001449801 0.999995172 0.002737790 -0.444268882 -0.003509965 -0.002742865 0.999990046 14.622733116
0.999991417 0.001350500 0.003911984 0.243246973 -0.001361330 0.999995351 0.002767263 -0.456086606 -0.003908228 -0.002772566 0.999988496 15.047236443
0.999991894 0.001511445 0.003736977 0.256978959 -0.001523756 0.999993443 0.003293557 -0.473028123 -0.003731975 -0.003299224 0.999987602 15.477299690
0.999989271 0.001471838 0.004375431 0.260577500 -0.001486001 0.999993622 0.003235569 -0.484374493 -0.004370641 -0.003242036 0.999985218 15.916847229
0.999989808 0.000892328 0.004456476 0.276442617 -0.000909288 0.999992371 0.003804987 -0.498179913 -0.004453047 -0.003809000 0.999982834 16.354024887
0.999990880 0.000746954 0.004217455 0.289232612 -0.000763620 0.999991894 0.003951515 -0.511128366 -0.004214470 -0.003954699 0.999983311 16.805433273
0.999988437 0.001511832 0.004579797 0.295644313 -0.001528185 0.999992549 0.003569167 -0.517097771 -0.004574367 -0.003576124 0.999983132 17.273618698
0.999986053 0.001377470 0.005101839 0.306818843 -0.001393953 0.999993742 0.003228698 -0.527097166 -0.005097359 -0.003235764 0.999981761 17.723823547
0.999981523 0.001288549 0.005946768 0.314106882 -0.001305580 0.999994993 0.002860829 -0.535927773 -0.005943052 -0.002868540 0.999978244 18.189048767
0.999985576 0.000282972 0.005368584 0.337540954 -0.000300360 0.999994695 0.003238270 -0.546353161 -0.005367640 -0.003239836 0.999980390 18.673023224
0.999984920 0.000602555 0.005476264 0.350400090 -0.000625902 0.999990702 0.004262613 -0.569453835 -0.005473645 -0.004265976 0.999975920 19.099334717
0.999981105 0.001320036 0.005994985 0.362330377 -0.001349807 0.999986768 0.004964640 -0.607297182 -0.005988352 -0.004972639 0.999969721 19.606595993
0.999982595 0.001830730 0.005618753 0.374467492 -0.001856908 0.999987423 0.004657364 -0.613846660 -0.005610157 -0.004667716 0.999973357 20.099279404
0.999978900 0.001501157 0.006321376 0.386812866 -0.001528698 0.999989450 0.004354286 -0.624066234 -0.006314771 -0.004363859 0.999970555 20.590167999
0.999976575 0.002565622 0.006350669 0.396173477 -0.002593376 0.999987125 0.004365843 -0.640879035 -0.006339386 -0.004382210 0.999970317 21.085250854
0.999983490 0.001408184 0.005573393 0.413221478 -0.001434480 0.999987841 0.004716934 -0.647545516 -0.005566684 -0.004724851 0.999973357 21.594951630
0.999988794 0.001516578 0.004498368 0.432019621 -0.001538518 0.999986887 0.004877867 -0.660288811 -0.004490911 -0.004884733 0.999978006 22.111591339
0.999990582 0.001285603 0.004132088 0.443959445 -0.001306373 0.999986529 0.005027919 -0.673699200 -0.004125568 -0.005033270 0.999978840 22.623546600
0.999990702 0.001867684 0.003866578 0.454895407 -0.001888133 0.999984264 0.005291757 -0.692969143 -0.003856634 -0.005299009 0.999978542 23.137348175
0.999995351 0.001097907 0.002849272 0.471144527 -0.001113052 0.999985278 0.005319215 -0.703154385 -0.002843391 -0.005322362 0.999981761 23.672206879
0.999997377 -0.000021161 0.002302335 0.479187071 0.000011345 0.999990940 0.004263411 -0.712230980 -0.002302404 -0.004263374 0.999988258 24.199607849
0.999998152 0.000920158 0.001700903 0.489508271 -0.000928348 0.999987960 0.004820465 -0.727304101 -0.001696447 -0.004822035 0.999986887 24.732313156
0.999998152 0.001678417 0.000916158 0.499152392 -0.001682728 0.999987364 0.004726006 -0.737521410 -0.000908214 -0.004727539 0.999988437 25.268682480
0.999998868 0.001315599 0.000641248 0.496071547 -0.001319293 0.999982297 0.005794454 -0.760165393 -0.000633613 -0.005795293 0.999983072 25.794958115
0.999996603 0.002268363 0.001242995 0.505307138 -0.002274535 0.999984980 0.004986192 -0.762623906 -0.001231666 -0.004989003 0.999986768 26.371616364
0.999999464 0.001022228 0.000100085 0.523548126 -0.001022739 0.999985695 0.005245403 -0.780062854 -0.000094722 -0.005245503 0.999986231 26.919506073
0.999999702 0.000813911 0.000054630 0.534804344 -0.000814202 0.999984205 0.005560385 -0.795816183 -0.000050103 -0.005560427 0.999984562 27.462957382
0.999999523 0.000808767 -0.000623448 0.547732115 -0.000805376 0.999984980 0.005420905 -0.814600587 0.000627823 -0.005420399 0.999985158 27.973136902
0.999998331 0.001405369 -0.001095200 0.556682587 -0.001399201 0.999983370 0.005612638 -0.820962548 0.001103069 -0.005611097 0.999983668 28.553028107
0.999998391 0.000910510 -0.001550705 0.569405377 -0.000902581 0.999986589 0.005106652 -0.829007864 0.001555334 -0.005105244 0.999985814 29.102642059
0.999995828 0.001411867 -0.002513961 0.600856245 -0.001399847 0.999987662 0.004776587 -0.828146219 0.002520674 -0.004773047 0.999985456 29.670169830
0.999996126 0.001679035 -0.002219376 0.589469850 -0.001666466 0.999982655 0.005652943 -0.861008406 0.002228830 -0.005649223 0.999981582 30.180742264
0.999996543 0.002135260 -0.001541886 0.600704491 -0.002126685 0.999982417 0.005542016 -0.878643632 0.001553693 -0.005538717 0.999983490 30.711427689
0.999994278 0.001598565 -0.002969739 0.612369061 -0.001583254 0.999985456 0.005151020 -0.882882714 0.002977930 -0.005146288 0.999982297 31.261194229
0.999994099 0.001721625 -0.002980260 0.616807401 -0.001706505 0.999985695 0.005068686 -0.892281175 0.002988944 -0.005063570 0.999982715 31.812688828
0.999993563 0.000939789 -0.003462737 0.632884026 -0.000922043 0.999986470 0.005122982 -0.908921659 0.003467505 -0.005119756 0.999980867 32.354099274
0.999993205 0.000735529 -0.003608738 0.640957534 -0.000716482 0.999985814 0.005276704 -0.920346558 0.003612568 -0.005274083 0.999979556 32.905113220
0.999993205 0.000993294 -0.003558776 0.642773926 -0.000974925 0.999986172 0.005159489 -0.936105132 0.003563852 -0.005155985 0.999980271 33.456653595
0.999991179 0.000436946 -0.004177304 0.660055518 -0.000414449 0.999985397 0.005384902 -0.950586855 0.004179596 -0.005383123 0.999976754 33.991992950
0.999990821 0.000714813 -0.004223549 0.668491006 -0.000691688 0.999984801 0.005474023 -0.961739123 0.004227398 -0.005471053 0.999976099 34.542255402
0.999988496 0.000495027 -0.004773932 0.682600141 -0.000468359 0.999984264 0.005585856 -0.975129604 0.004776623 -0.005583557 0.999972939 35.093322754
0.999988317 0.000596210 -0.004792229 0.690402269 -0.000569435 0.999984205 0.005586401 -0.992259383 0.004795485 -0.005583608 0.999972939 35.630565643
0.999986231 -0.000015814 -0.005238025 0.700429559 0.000042056 0.999987364 0.005009785 -1.002422452 0.005237881 -0.005009937 0.999973714 36.183746338
0.999984741 0.000162621 -0.005509045 0.710376322 -0.000133102 0.999985635 0.005358207 -1.017506838 0.005509837 -0.005357393 0.999970436 36.748611450
0.999983490 0.000164197 -0.005737364 0.717155933 -0.000137720 0.999989331 0.004615024 -1.025567174 0.005738062 -0.004614158 0.999972939 37.291519165
0.999983072 0.000542673 -0.005788430 0.728146732 -0.000506556 0.999980390 0.006239134 -1.050473690 0.005791702 -0.006236097 0.999963760 37.836620331
0.999986768 0.000633552 -0.005102145 0.731792688 -0.000600315 0.999978542 0.006513274 -1.062687397 0.005106161 -0.006510125 0.999965787 38.389060974
0.999983072 -0.000187208 -0.005820314 0.741226971 0.000222941 0.999981046 0.006139130 -1.077870250 0.005819055 -0.006140324 0.999964237 38.927795410
0.999984682 0.000540100 -0.005507016 0.742122471 -0.000507594 0.999982417 0.005902356 -1.088905573 0.005510107 -0.005899470 0.999967456 39.466590881
0.999982119 0.000666215 -0.005948137 0.747864008 -0.000627611 0.999978662 0.006489551 -1.102959037 0.005952334 -0.006485701 0.999961257 40.002178192
0.999982893 0.000340376 -0.005839321 0.754394829 -0.000303071 0.999979496 0.006388276 -1.116924882 0.005841377 -0.006386395 0.999962568 40.531974792
0.999981821 0.000180010 -0.006012325 0.759952605 -0.000144221 0.999982297 0.005952569 -1.123743534 0.006013290 -0.005951595 0.999964178 41.077522278
0.999981105 0.000314909 -0.006137198 0.765395045 -0.000277129 0.999981046 0.006155827 -1.134603262 0.006139021 -0.006154011 0.999962211 41.628852844
0.999976873 0.000086855 -0.006797282 0.780532420 -0.000048789 0.999984324 0.005600151 -1.145492673 0.006797662 -0.005599690 0.999961197 42.164611816
0.999973655 0.000236288 -0.007248644 0.792413533 -0.000191997 0.999981344 0.006110296 -1.160382032 0.007249953 -0.006108744 0.999955058 42.712303162
0.999974966 0.000756712 -0.007030518 0.798387408 -0.000718121 0.999984622 0.005489869 -1.165913582 0.007034566 -0.005484683 0.999960184 43.259792328
0.999976635 0.000204736 -0.006834356 0.807059288 -0.000159271 0.999977827 0.006652305 -1.191710472 0.006835567 -0.006651061 0.999954462 43.826549530
0.999976397 -0.000512134 -0.006855452 0.810329676 0.000559040 0.999976456 0.006841916 -1.206681252 0.006851786 -0.006845586 0.999953091 44.364803314
0.999976516 -0.001007233 -0.006786444 0.820142388 0.001054632 0.999975145 0.006984306 -1.219890237 0.006779240 -0.006991299 0.999952555 44.913242340
0.999976575 0.000015757 -0.006832098 0.826702476 0.000027468 0.999979913 0.006326600 -1.224177599 0.006832060 -0.006326641 0.999956667 45.465267181
0.999978304 0.000634955 -0.006547679 0.837203979 -0.000599235 0.999984920 0.005455943 -1.224097013 0.006551044 -0.005451903 0.999963701 46.023258209
0.999975860 -0.000863573 -0.006896484 0.837574601 0.000908145 0.999978721 0.006462594 -1.249402285 0.006890756 -0.006468701 0.999955356 46.555065155
0.999982357 0.000345399 -0.005929341 0.832125425 -0.000304096 0.999975741 0.006965358 -1.263507366 0.005931601 -0.006963433 0.999958158 47.104930878
0.999977589 -0.000346125 -0.006691881 0.842978179 0.000391273 0.999977171 0.006746595 -1.272364140 0.006689393 -0.006749061 0.999954879 47.661762238
0.999976039 -0.000610841 -0.006898019 0.853551745 0.000657471 0.999976933 0.006759647 -1.287016034 0.006893728 -0.006764020 0.999953389 48.197734833
0.999974310 -0.000774038 -0.007119994 0.867589772 0.000818127 0.999980509 0.006191542 -1.286316872 0.007115062 -0.006197209 0.999955475 48.744277954
0.999971747 -0.001121757 -0.007432951 0.875274777 0.001167770 0.999980152 0.006188910 -1.305546761 0.007425861 -0.006197416 0.999953210 49.276374817
0.999971330 -0.000858495 -0.007526136 0.888841867 0.000907936 0.999978125 0.006568370 -1.316597462 0.007520333 -0.006575015 0.999950111 49.846267700
0.999971330 -0.001157472 -0.007477737 0.892323732 0.001208651 0.999975860 0.006843259 -1.330154061 0.007469635 -0.006852100 0.999948621 50.386299133
0.999970257 -0.001076977 -0.007636426 0.900788844 0.001125900 0.999978781 0.006405092 -1.339763165 0.007629367 -0.006413498 0.999950349 50.932601929
0.999971390 -0.001436210 -0.007429590 0.907407761 0.001485735 0.999976695 0.006664741 -1.353913784 0.007419844 -0.006675589 0.999950171 51.478206635
0.999970615 -0.001156296 -0.007577365 0.917749166 0.001205851 0.999977887 0.006538605 -1.361187339 0.007569637 -0.006547553 0.999949932 52.029048920
0.999969602 -0.001523696 -0.007646529 0.929576635 0.001569264 0.999980986 0.005956859 -1.373324275 0.007637306 -0.005968678 0.999953032 52.572624207
0.999974191 -0.001353325 -0.007053412 0.926854610 0.001393420 0.999982893 0.005682722 -1.381078959 0.007045602 -0.005692404 0.999958932 53.107429504
0.999970913 -0.001379061 -0.007504924 0.939260125 0.001423136 0.999981761 0.005870677 -1.396273732 0.007496689 -0.005881186 0.999954581 53.655799866
0.999972224 -0.000957197 -0.007392060 0.941913247 0.001002118 0.999981046 0.006075611 -1.409321547 0.007386105 -0.006082851 0.999954224 54.186576843
0.999972463 -0.001189374 -0.007316753 0.946460009 0.001234744 0.999979973 0.006199340 -1.420704365 0.007309235 -0.006208204 0.999954045 54.736919403
0.999969482 -0.001755058 -0.007607708 0.956305444 0.001805305 0.999976575 0.006602957 -1.441722274 0.007595943 -0.006616490 0.999949276 55.277801514
0.999975145 -0.001455790 -0.006891058 0.955892920 0.001498556 0.999979556 0.006204953 -1.445226669 0.006881886 -0.006215125 0.999957025 55.819988251
0.999968946 -0.001956783 -0.007630824 0.968128920 0.001999411 0.999982417 0.005582600 -1.452172518 0.007619768 -0.005597685 0.999955297 56.360191345
0.999962091 -0.002046454 -0.008454277 0.987330675 0.002092062 0.999983311 0.005389480 -1.467786551 0.008443107 -0.005406963 0.999949753 56.897205353
0.999976456 -0.000793285 -0.006811336 0.969686389 0.000833955 0.999981761 0.005970113 -1.475387931 0.006806476 -0.005975652 0.999958992 57.468723297
0.999974608 -0.000882300 -0.007071462 0.981253982 0.000922632 0.999983311 0.005702289 -1.489059925 0.007066313 -0.005708668 0.999958754 58.014362335
0.999973357 -0.000362241 -0.007288626 0.987225473 0.000397384 0.999988258 0.004820772 -1.491959095 0.007286795 -0.004823538 0.999961853 58.569664001
0.999976575 -0.000751742 -0.006799298 0.997927308 0.000786733 0.999986470 0.005145147 -1.502704978 0.006795338 -0.005150376 0.999963641 59.104824066
0.999973357 -0.001361162 -0.007171811 1.007894039 0.001394997 0.999987900 0.004714939 -1.516826034 0.007165307 -0.004724818 0.999963224 59.648498535
0.999975622 -0.000562381 -0.006951377 1.015375018 0.000596401 0.999987841 0.004892853 -1.531209111 0.006948542 -0.004896880 0.999963880 60.185604095
0.999973476 -0.000949201 -0.007222548 1.018962026 0.000984860 0.999987483 0.004935335 -1.542239308 0.007217772 -0.004942317 0.999961734 60.738937378
0.999975562 -0.000769229 -0.006946392 1.028099775 0.000803170 0.999987721 0.004884704 -1.556886435 0.006942552 -0.004890164 0.999963939 61.280097961
0.999975502 -0.000222872 -0.006995664 1.027988911 0.000258569 0.999986947 0.005102276 -1.570500612 0.006994434 -0.005103960 0.999962509 61.812026978
0.999971926 -0.000168604 -0.007493269 1.040809274 0.000206852 0.999986947 0.005103890 -1.583107352 0.007492310 -0.005105296 0.999958873 62.352390289
0.999974966 -0.000391653 -0.007065596 1.041997910 0.000427148 0.999987304 0.005022750 -1.599223852 0.007063539 -0.005025641 0.999962449 62.892078400
0.999976993 -0.000484168 -0.006769275 1.045941830 0.000522163 0.999984086 0.005612190 -1.613480687 0.006766451 -0.005615595 0.999961257 63.434604645
0.999976814 0.000052618 -0.006807573 1.052283049 -0.000019316 0.999988019 0.004891912 -1.621083975 0.006807749 -0.004891668 0.999964833 63.991359711
0.999978364 0.000081644 -0.006566565 1.057171702 -0.000051410 0.999989331 0.004604303 -1.629640579 0.006566871 -0.004603866 0.999967813 64.528572083
0.999975264 0.000360254 -0.007019290 1.063268900 -0.000326154 0.999988139 0.004858546 -1.641508341 0.007020957 -0.004856136 0.999963522 65.063789368
0.999978185 0.000638487 -0.006571357 1.068772554 -0.000608390 0.999989331 0.004581099 -1.653518438 0.006574210 -0.004577002 0.999967933 65.605636597
0.999978662 0.001456438 -0.006367792 1.065880537 -0.001428013 0.999989092 0.004466132 -1.661787271 0.006374227 -0.004456943 0.999969721 66.143905640
0.999979675 -0.000319156 -0.006369276 1.082352996 0.000349906 0.999988258 0.004827373 -1.676164389 0.006367663 -0.004829504 0.999968052 66.703613281
0.999979019 -0.000310528 -0.006457748 1.093834043 0.000342062 0.999988019 0.004882722 -1.694222212 0.006456154 -0.004884829 0.999967217 67.234497070
0.999980986 -0.000134267 -0.006169384 1.100016713 0.000164312 0.999988079 0.004869765 -1.705242872 0.006168656 -0.004870686 0.999969065 67.784339905
0.999980211 -0.000292892 -0.006278254 1.108750582 0.000324757 0.999987006 0.005075170 -1.723714113 0.006276687 -0.005077107 0.999967396 68.320678711
0.999982297 0.000510487 -0.005923431 1.110229492 -0.000479810 0.999986470 0.005179149 -1.736282229 0.005925996 -0.005176216 0.999969006 68.855628967
0.999979198 0.000141076 -0.006436515 1.120196104 -0.000110878 0.999988973 0.004691709 -1.741896868 0.006437107 -0.004690900 0.999968290 69.400711060
0.999983013 0.000430115 -0.005814780 1.119024754 -0.000400566 0.999986947 0.005081792 -1.765177488 0.005816891 -0.005079376 0.999970138 69.931190491
0.999979019 -0.000727213 -0.006436562 1.136290550 0.000754226 0.999990940 0.004195251 -1.762788415 0.006433453 -0.004200018 0.999970496 70.466865540
0.999978602 -0.000316128 -0.006537209 1.143563271 0.000345194 0.999990165 0.004445590 -1.779974699 0.006535738 -0.004447751 0.999968767 71.006034851
0.999979317 -0.000279736 -0.006423039 1.152914524 0.000307455 0.999990582 0.004315044 -1.791586161 0.006421772 -0.004316929 0.999970019 71.544929504
0.999979317 -0.000033141 -0.006419071 1.156694174 0.000062867 0.999989271 0.004630810 -1.804548740 0.006418850 -0.004631118 0.999968648 72.082313538
0.999977946 -0.000282385 -0.006637292 1.163438439 0.000312053 0.999989986 0.004469266 -1.817896008 0.006635963 -0.004471239 0.999967992 72.620727539
0.999977529 -0.000068782 -0.006701618 1.175941229 0.000102349 0.999987364 0.005008505 -1.837617159 0.006701192 -0.005009078 0.999965012 73.142654419
0.999976814 -0.000044174 -0.006797064 1.186099052 0.000076163 0.999988854 0.004706204 -1.843453526 0.006796781 -0.004706613 0.999965906 73.694061279
0.999974966 -0.000215739 -0.007064973 1.200363874 0.000248049 0.999989510 0.004572679 -1.856618166 0.007063914 -0.004574317 0.999964595 74.222549438
0.999975801 -0.000864025 -0.006891237 1.198692083 0.000896089 0.999988794 0.004651035 -1.868703604 0.006887143 -0.004657097 0.999965429 74.744209290
0.999974728 -0.001469542 -0.006959365 1.205214977 0.001500045 0.999989271 0.004379836 -1.880492806 0.006952854 -0.004390164 0.999966145 75.296195984
0.999973118 -0.001839173 -0.007089818 1.219593167 0.001870270 0.999988675 0.004381885 -1.891333342 0.007081680 -0.004395027 0.999965250 75.829521179
0.999971688 -0.001925429 -0.007270274 1.227718234 0.001955566 0.999989510 0.004140330 -1.901403427 0.007262228 -0.004154431 0.999965012 76.371597290
0.999975920 -0.001382044 -0.006820546 1.233775377 0.001408593 0.999991417 0.003889129 -1.913822770 0.006815112 -0.003898643 0.999969184 76.915412903
0.999972165 -0.001632300 -0.007272736 1.242956161 0.001659194 0.999991775 0.003693430 -1.923934460 0.007266647 -0.003705396 0.999966741 77.453178406
0.999972284 -0.001681995 -0.007260284 1.250092387 0.001711799 0.999990106 0.004100851 -1.936437726 0.007253315 -0.004113165 0.999965191 77.986152649
0.999972463 -0.000645290 -0.007393996 1.248311639 0.000671956 0.999993265 0.003604540 -1.950550079 0.007391620 -0.003609409 0.999966145 78.492835999
0.999971807 -0.001352430 -0.007387551 1.257649660 0.001384896 0.999989331 0.004391369 -1.965179682 0.007381535 -0.004401477 0.999963045 79.021591187
0.999973416 -0.001563860 -0.007118997 1.265470505 0.001595879 0.999988556 0.004494240 -1.976486921 0.007111888 -0.004505482 0.999964595 79.570297241
0.999975443 -0.001573005 -0.006823997 1.262408018 0.001600985 0.999990284 0.004096676 -1.987170458 0.006817486 -0.004107500 0.999968350 80.100570679
0.999982357 -0.001123856 -0.005834016 1.273932219 0.001149552 0.999989629 0.004403141 -2.000226259 0.005829007 -0.004409769 0.999973297 80.635749817
0.999987423 -0.001498454 -0.004787517 1.282184124 0.001518532 0.999989986 0.004192794 -2.007793665 0.004781187 -0.004200011 0.999979734 81.169776917
0.999992847 -0.000848176 -0.003685828 1.296218514 0.000863496 0.999991000 0.004156625 -2.020069122 0.003682269 -0.004159778 0.999984562 81.719688416
0.999995410 -0.001478503 -0.002692706 1.311049461 0.001489983 0.999989748 0.004265968 -2.030938148 0.002686370 -0.004269960 0.999987304 82.257453918
0.999998808 -0.001576375 -0.000056110 1.329542518 0.001576584 0.999991119 0.003926412 -2.047275305 0.000049920 -0.003926495 0.999992311 82.796035767
0.999990821 -0.002163218 0.003697929 1.359957218 0.002148204 0.999989450 0.004059217 -2.058820724 -0.003706672 -0.004051236 0.999984920 83.334686279
0.999976039 -0.001986194 0.006631234 1.378930569 0.001961126 0.999990880 0.003784593 -2.068405390 -0.006638691 -0.003771498 0.999970853 83.874511719
0.999934733 -0.001292877 0.011351113 1.397056580 0.001250640 0.999992251 0.003727206 -2.078952074 -0.011355844 -0.003712767 0.999928653 84.413146973
0.999844313 -0.001460165 0.017582996 1.422489524 0.001399688 0.999993026 0.003451356 -2.089095592 -0.017587915 -0.003426208 0.999839365 84.952163696
0.999724805 -0.001498810 0.023409119 1.452954769 0.001408160 0.999991477 0.003888403 -2.108068705 -0.023414744 -0.003854368 0.999718428 85.488975525
0.999587119 -0.002048662 0.028658206 1.489170313 0.001945428 0.999991536 0.003629641 -2.116850615 -0.028665397 -0.003572390 0.999582708 86.036186218
0.999333620 -0.002450707 0.036417857 1.525246978 0.002316440 0.999990284 0.003728590 -2.128464699 -0.036426648 -0.003641746 0.999329627 86.593978882
0.998995304 -0.002357143 0.044756085 1.572499514 0.002182490 0.999989808 0.003950795 -2.148479700 -0.044764947 -0.003849145 0.998990119 87.137260437
0.998633206 -0.002521764 0.052205388 1.608200312 0.002310982 0.999988914 0.004097519 -2.158454657 -0.052215151 -0.003971274 0.998627961 87.673439026
0.998143792 -0.002330542 0.060856689 1.659194946 0.002091098 0.999989808 0.003997950 -2.167403698 -0.060865387 -0.003863272 0.998138487 88.223266602
0.997473180 -0.002151204 0.071013398 1.719163895 0.001860785 0.999989629 0.004155540 -2.187227011 -0.071021602 -0.004012899 0.997466624 88.753082275
0.996817827 -0.002702140 0.079667203 1.781014919 0.002416322 0.999990225 0.003683827 -2.194215536 -0.079676390 -0.003479603 0.996814668 89.323501587
0.996169865 -0.002833606 0.087392174 1.844057560 0.002488676 0.999988675 0.004055624 -2.210344315 -0.087402657 -0.003822601 0.996165752 89.873641968
0.995139718 -0.002366617 0.098444715 1.920823574 0.001937755 0.999988317 0.004451764 -2.234080791 -0.098454073 -0.004239366 0.995132565 90.419303894
0.993981898 -0.002706528 0.109510347 1.995910645 0.002299988 0.999989927 0.003838494 -2.240296841 -0.109519638 -0.003563521 0.993978262 90.984069824
0.992924452 -0.003165083 0.118704900 2.076715469 0.002743741 0.999989331 0.003712745 -2.250322819 -0.118715376 -0.003360780 0.992922664 91.538101196
0.991552353 -0.002625984 0.129679918 2.172390938 0.002062964 0.999987781 0.004475749 -2.265981674 -0.129690111 -0.004170414 0.991545796 92.088958740
0.989918172 -0.003225890 0.141603261 2.275509834 0.002668257 0.999987841 0.004127693 -2.278912067 -0.141614854 -0.003708244 0.989914894 92.640571594
0.988301039 -0.003921132 0.152464852 2.378185272 0.003274313 0.999984562 0.004493256 -2.292541981 -0.152480096 -0.003941474 0.988298655 93.174980164
0.986629725 -0.003916796 0.162930638 2.481101990 0.003274958 0.999985814 0.004207736 -2.300448656 -0.162944824 -0.003617887 0.986628473 93.707763672
0.984422982 -0.004230042 0.175765395 2.599662781 0.003505876 0.999984026 0.004430395 -2.314807653 -0.175781310 -0.003745170 0.984422088 94.234985352
0.982164919 -0.004637412 0.187963903 2.725409508 0.003845450 0.999982238 0.004577804 -2.325442791 -0.187981755 -0.003773353 0.982165277 94.773452759
0.980218112 -0.004657318 0.197865203 2.848917961 0.003703045 0.999979734 0.005192584 -2.340035915 -0.197885334 -0.004357161 0.980215490 95.299652100
0.977410257 -0.004601011 0.211300626 2.994359970 0.003529874 0.999978960 0.005446170 -2.362698078 -0.211321220 -0.004577277 0.977405965 95.816986084
0.974438429 -0.004088969 0.224617153 3.133783340 0.003084940 0.999983609 0.004820724 -2.357768774 -0.224633187 -0.004004568 0.974435151 96.360084534
0.971749425 -0.004134203 0.235978186 3.272806168 0.002923170 0.999980688 0.005481585 -2.385113239 -0.235996306 -0.004636924 0.971742868 96.865386963
0.968889475 -0.005559275 0.247431278 3.441976547 0.004505882 0.999978244 0.004823369 -2.388014078 -0.247452736 -0.003558415 0.968893409 97.392288208
0.965176404 -0.005140602 0.261549383 3.604158401 0.004061527 0.999980807 0.004666096 -2.397014141 -0.261568338 -0.003441315 0.965178847 97.913879395
0.961755693 -0.005342215 0.273856848 3.779478073 0.004250626 0.999980450 0.004579206 -2.403630257 -0.273875922 -0.003240014 0.961759627 98.443473816
0.958306432 -0.005496142 0.285689920 3.940483093 0.004526999 0.999981523 0.004052605 -2.409283161 -0.285706848 -0.002590319 0.958313584 98.959091187
0.954385340 -0.006338804 0.298510313 4.146707535 0.005052202 0.999974251 0.005081548 -2.433026075 -0.298534870 -0.003341621 0.954392791 99.469413757
0.949995339 -0.006771887 0.312190711 4.344009399 0.005289564 0.999970317 0.005594735 -2.452036858 -0.312219322 -0.003663619 0.950002968 99.986091614
0.946224391 -0.007452379 0.323425233 4.531637192 0.006220321 0.999968946 0.004842937 -2.448329926 -0.323451281 -0.002570698 0.946241319 100.472892761
0.941645503 -0.007496309 0.336522609 4.743091583 0.006366520 0.999969780 0.004460553 -2.457375050 -0.336545914 -0.002057782 0.941664875 100.998527527
0.936716437 -0.008286444 0.349990755 4.964527130 0.007078024 0.999963760 0.004731671 -2.473233223 -0.350017190 -0.001954992 0.936741233 101.496704102
0.932134509 -0.007927400 0.362025201 5.186429977 0.006646194 0.999966502 0.004784164 -2.482979298 -0.362051010 -0.002053394 0.932156086 101.997589111
0.927463412 -0.008555438 0.373816341 5.405868530 0.007257703 0.999961734 0.004879024 -2.492169142 -0.373843819 -0.001812068 0.927489936 102.517105103
0.921512008 -0.008819353 0.388249606 5.631504059 0.007408620 0.999959409 0.005130362 -2.504585981 -0.388279140 -0.001851296 0.921539903 103.008316040
0.916021764 -0.009041156 0.401026756 5.867576599 0.007535397 0.999957383 0.005331771 -2.518249750 -0.401057810 -0.001862123 0.916050971 103.461105347
0.911219478 -0.009617825 0.411808938 6.117076874 0.008059140 0.999952316 0.005521298 -2.534933567 -0.411842465 -0.001712288 0.911253452 103.941459656
0.904979825 -0.010740387 0.425319105 6.381549835 0.009098257 0.999941230 0.005892093 -2.553035021 -0.425357461 -0.001462563 0.905024290 104.442199707
0.898423254 -0.010524898 0.439004391 6.643844604 0.008754428 0.999943376 0.006057159 -2.567983389 -0.439043283 -0.001598660 0.898464501 104.932556152
0.892602503 -0.012046112 0.450683594 6.909961700 0.010385009 0.999927163 0.006158527 -2.579305649 -0.450724930 -0.000816764 0.892662466 105.412536621
0.886800289 -0.011228929 0.462016433 7.139362335 0.009452283 0.999936342 0.006159800 -2.585405827 -0.462056160 -0.001095403 0.886849940 105.842643738
0.879490554 -0.011222053 0.475784093 7.421627045 0.009579525 0.999936819 0.005877126 -2.594981909 -0.475819945 -0.000611091 0.879542470 106.316085815
0.872926235 -0.011603076 0.487714142 7.723030090 0.009468773 0.999931872 0.006841597 -2.620216370 -0.487760216 -0.001354154 0.872976601 106.782226562
