1.000000000 0.000000000 0.000000000 0.000000000 0.000000000 1.000000000 0.000000000 0.000000000 0.000000000 0.000000000 1.000000000 0.000000000
1.000000000 -0.000070129 -0.000209386 0.004870993 0.000070162 1.000000000 0.000159715 -0.004025205 0.000209375 -0.000159730 0.999999940 -0.003924437
1.000000000 0.000037162 0.000005460 0.000648989 -0.000037162 1.000000000 0.000071267 -0.002724900 -0.000005458 -0.000071267 1.000000000 -0.003162995
1.000000000 -0.000110191 -0.000150884 0.006455087 0.000110219 1.000000000 0.000187325 -0.003025573 0.000150863 -0.000187342 1.000000000 -0.004520697
1.000000000 -0.000042591 -0.000053092 0.000908994 0.000042594 1.000000000 0.000041381 -0.000471189 0.000053090 -0.000041384 1.000000000 0.000131892
1.000000000 -0.000032892 0.000059095 -0.000622472 0.000032892 1.000000000 0.000003086 -0.001607334 -0.000059095 -0.000003084 1.000000000 -0.001529810
1.000000000 -0.000090735 -0.000137072 0.004929936 0.000090758 1.000000000 0.000170251 -0.003192550 0.000137056 -0.000170263 1.000000000 -0.007152318
1.000000000 -0.000121075 -0.000061179 -0.000360344 0.000121078 1.000000000 0.000044277 0.000178143 0.000061173 -0.000044284 1.000000000 0.000607149
1.000000000 0.000006399 -0.000087258 0.002572409 -0.000006391 1.000000000 0.000091232 -0.003435052 0.000087259 -0.000091232 1.000000000 -0.009066435
1.000000000 0.000027042 0.000040404 0.000624959 -0.000027047 1.000000000 0.000104097 -0.002712618 -0.000040401 -0.000104098 1.000000000 -0.005698509
1.000000000 0.000110658 0.000086389 -0.001089007 -0.000110662 1.000000000 0.000050003 -0.001208356 -0.000086384 -0.000050013 1.000000000 -0.005083175
1.000000000 -0.000113135 -0.000026218 -0.000457635 0.000113137 1.000000000 0.000093204 -0.004062913 0.000026208 -0.000093206 1.000000000 -0.008623815
1.000000000 -0.000066168 -0.000007182 0.000311428 0.000066169 1.000000000 0.000061647 -0.001843080 0.000007178 -0.000061647 1.000000000 -0.006266131
1.000000000 -0.000069094 -0.000019791 0.000631335 0.000069096 1.000000000 0.000092618 -0.002040898 0.000019785 -0.000092619 1.000000000 -0.005929171
0.999999940 -0.000233665 -0.000084840 0.001242002 0.000233681 0.999999940 0.000190366 -0.002555104 0.000084796 -0.000190385 1.000000000 -0.008342192
0.999999940 -0.000241801 -0.000109972 -0.000567757 0.000241814 0.999999940 0.000124845 -0.002832283 0.000109942 -0.000124871 1.000000000 -0.009178564
1.000000000 -0.000158691 0.000028953 0.000065011 0.000158690 1.000000000 0.000052839 -0.001171906 -0.000028962 -0.000052835 1.000000000 -0.008063450
1.000000000 0.000050461 0.000001826 0.002018683 -0.000050461 1.000000000 0.000186448 -0.003763335 -0.000001816 -0.000186448 1.000000000 -0.011621290
0.999999940 -0.000238941 -0.000071134 0.001450652 0.000238948 0.999999940 0.000106130 -0.003775701 0.000071109 -0.000106147 1.000000000 -0.008641624
0.999999940 -0.000270852 -0.000079151 0.004070193 0.000270865 0.999999940 0.000167726 -0.005527672 0.000079105 -0.000167747 1.000000000 -0.016055524
1.000000000 -0.000036355 -0.000015522 0.001956233 0.000036358 1.000000000 0.000216686 -0.005405765 0.000015514 -0.000216686 1.000000000 -0.011723206
1.000000000 0.000025032 0.000046424 -0.000349176 -0.000025037 1.000000000 0.000120047 -0.001196700 -0.000046421 -0.000120048 1.000000000 -0.007288720
0.999999940 -0.000241781 -0.000178827 0.006054780 0.000241816 0.999999940 0.000195021 -0.003634673 0.000178779 -0.000195065 0.999999940 -0.015670350
1.000000000 -0.000213519 -0.000084222 0.001829843 0.000213538 0.999999940 0.000221594 -0.003422451 0.000084175 -0.000221612 1.000000000 -0.007299408
1.000000000 -0.000074897 -0.000135387 0.005999252 0.000074925 1.000000000 0.000205780 -0.003750908 0.000135371 -0.000205790 0.999999940 -0.015857926
1.000000000 -0.000081628 -0.000044367 0.000851892 0.000081637 1.000000000 0.000203657 -0.003211217 0.000044351 -0.000203660 1.000000000 -0.013726907
1.000000000 -0.000086454 -0.000019220 -0.001546974 0.000086458 1.000000000 0.000205669 -0.004855546 0.000019203 -0.000205671 1.000000000 -0.015327154
1.000000000 -0.000065536 -0.000000313 -0.001235162 0.000065536 1.000000000 0.000197456 -0.003495300 0.000000300 -0.000197456 1.000000000 -0.009565127
1.000000000 -0.000214178 -0.000110723 -0.000447145 0.000214193 0.999999940 0.000133617 0.000017244 0.000110694 -0.000133640 1.000000000 -0.007876186
1.000000000 -0.000115975 -0.000104971 0.001722953 0.000115996 1.000000000 0.000205535 -0.002767010 0.000104947 -0.000205547 1.000000000 -0.009627643
1.000000000 -0.000134939 0.000029679 -0.001256425 0.000134936 1.000000000 0.000128931 -0.001672587 -0.000029696 -0.000128927 1.000000000 -0.003086090
0.999999940 -0.000238572 -0.000105803 -0.001591876 0.000238597 0.999999940 0.000236419 -0.003033978 0.000105747 -0.000236444 0.999999940 -0.009756897
0.999999940 -0.000189958 -0.000156010 0.002235704 0.000189999 0.999999940 0.000262221 -0.003622737 0.000155960 -0.000262250 0.999999940 -0.014239624
1.000000000 0.000005340 -0.000067858 -0.000510944 -0.000005334 1.000000000 0.000090405 -0.001022717 0.000067858 -0.000090404 1.000000000 -0.005955909
1.000000000 -0.000102272 -0.000094014 -0.000954895 0.000102280 1.000000000 0.000083784 -0.000640391 0.000094005 -0.000083793 1.000000000 -0.006418449
1.000000000 -0.000155018 -0.000046783 -0.001978492 0.000155018 1.000000000 -0.000000171 0.000368233 0.000046783 0.000000164 1.000000000 -0.010675695
0.999999940 -0.000293706 -0.000231992 0.004694530 0.000293728 0.999999940 0.000094562 -0.001315108 0.000231964 -0.000094630 0.999999940 -0.012098511
1.000000000 -0.000207661 -0.000038635 0.000491078 0.000207662 1.000000000 0.000033326 0.000273212 0.000038628 -0.000033334 1.000000000 -0.007875537
1.000000000 -0.000026140 -0.000064746 -0.000494336 0.000026158 0.999999940 0.000278642 -0.002590554 0.000064738 -0.000278643 0.999999940 -0.012190006
0.999999940 -0.000239250 -0.000252150 0.004910179 0.000239292 0.999999940 0.000164616 -0.006021408 0.000252110 -0.000164677 0.999999940 -0.006893801
1.000000000 -0.000059742 -0.000182110 0.008498940 0.000059664 0.999999881 -0.000428525 -0.009038948 0.000182136 0.000428514 0.999999881 0.041502431
1.000000000 -0.000026463 -0.000184546 0.008098477 0.000026226 0.999999166 -0.001284224 -0.003546078 0.000184580 0.001284219 0.999999166 0.143967941
1.000000000 -0.000046540 -0.000045443 0.004577945 0.000046476 0.999999046 -0.001396801 -0.010544504 0.000045508 0.001396799 0.999999046 0.263777733
0.999999940 -0.000292970 0.000212219 0.001559203 0.000293223 0.999999225 -0.001192365 -0.016967656 -0.000211869 0.001192427 0.999999285 0.384545475
1.000000000 0.000129973 -0.000018435 0.005791636 -0.000129994 0.999999344 -0.001123530 -0.021751104 0.000018288 0.001123533 0.999999344 0.534357309
1.000000000 0.000108584 0.000063172 0.016408661 -0.000108512 0.999999344 -0.001138003 -0.026743719 -0.000063295 0.001137996 0.999999344 0.681279659
0.999999940 0.000093609 0.000239163 0.026710300 -0.000093437 0.999999762 -0.000720521 -0.035956103 -0.000239230 0.000720499 0.999999702 0.853602469
1.000000000 -0.000054427 0.000152254 0.023756266 0.000054515 0.999999821 -0.000581631 -0.038244359 -0.000152223 0.000581639 0.999999821 1.022749782
0.999999821 0.000198504 0.000592540 0.009509547 -0.000198104 0.999999762 -0.000674433 -0.039176896 -0.000592674 0.000674316 0.999999583 1.194080472
0.999999940 0.000133230 0.000298436 0.032127637 -0.000133109 0.999999881 -0.000404135 -0.053947173 -0.000298489 0.000404095 0.999999881 1.418012381
0.999999762 0.000298514 0.000573621 0.028583571 -0.000298189 0.999999821 -0.000567487 -0.058399990 -0.000573790 0.000567316 0.999999702 1.608002663
0.999999523 0.000619769 0.000777922 0.034565233 -0.000619648 0.999999821 -0.000156438 -0.069456488 -0.000778019 0.000155956 0.999999702 1.803850651
0.999997497 -0.001026589 0.001993816 0.006794010 0.001023964 0.999998629 0.001316991 -0.073592626 -0.001995165 -0.001314946 0.999997139 1.827545762
0.999996901 -0.000699668 0.002399643 0.012460863 0.000696706 0.999999046 0.001235045 -0.080220930 -0.002400505 -0.001233370 0.999996364 2.052978039
0.999996841 -0.000000855 0.002534518 0.010258110 -0.000002314 0.999999225 0.001250501 -0.080938093 -0.002534517 -0.001250503 0.999996006 2.264200449
0.999997795 -0.000752809 0.001952574 0.020596150 0.000750115 0.999998748 0.001380418 -0.095342241 -0.001953611 -0.001378950 0.999997139 2.496807098
0.999997318 -0.000468410 0.002264924 0.023093591 0.000464632 0.999998450 0.001668094 -0.100619100 -0.002265702 -0.001667037 0.999996006 2.734584808
0.999997377 -0.000311721 0.002264060 0.031950321 0.000308203 0.999998748 0.001554343 -0.105615877 -0.002264542 -0.001553641 0.999996245 2.958866596
0.999997139 -0.000651542 0.002294139 0.026525019 0.000648023 0.999998569 0.001534298 -0.110608719 -0.002295135 -0.001532807 0.999996126 3.216481924
0.999996781 -0.000724641 0.002400715 0.036917150 0.000719898 0.999997735 0.001975846 -0.127839461 -0.002402142 -0.001974111 0.999995112 3.408566475
0.999997139 -0.000327303 0.002347203 0.038262088 0.000322578 0.999997914 0.002013341 -0.133257851 -0.002347857 -0.002012579 0.999995172 3.658375025
0.999997497 -0.001179786 0.001878486 0.058835898 0.001175761 0.999996960 0.002142555 -0.140944198 -0.001881008 -0.002140341 0.999995947 3.928606749
0.999997020 -0.000122275 0.002458112 0.050961517 0.000116541 0.999997258 0.002332939 -0.146371275 -0.002458391 -0.002332646 0.999994278 4.188419342
0.999997318 -0.001299740 0.001927117 0.058684815 0.001294939 0.999996185 0.002490330 -0.162827685 -0.001930346 -0.002487828 0.999995053 4.416650772
0.999996662 -0.001371030 0.002202100 0.064321689 0.001364943 0.999995232 0.002763319 -0.171895415 -0.002205878 -0.002760304 0.999993801 4.677255154
0.999996066 -0.000898379 0.002654064 0.055129711 0.000891975 0.999996603 0.002413378 -0.172361255 -0.002656223 -0.002411001 0.999993622 4.927485943
0.999996543 -0.001303412 0.002315495 0.065532550 0.001297139 0.999995470 0.002708739 -0.183284342 -0.002319015 -0.002705726 0.999993682 5.220677853
0.999995112 -0.000411502 0.003098112 0.058232211 0.000402376 0.999995589 0.002945463 -0.207866266 -0.003099310 -0.002944202 0.999990880 5.423655510
0.999993920 -0.000140452 0.003473606 0.057902075 0.000130419 0.999995828 0.002888467 -0.213635355 -0.003473997 -0.002887996 0.999989748 5.703757286
0.999993503 -0.000146476 0.003595027 0.066537060 0.000135894 0.999995649 0.002943506 -0.224523336 -0.003595443 -0.002942999 0.999989152 5.976355553
0.999993026 -0.000096878 0.003741540 0.068299070 0.000086455 0.999996126 0.002785606 -0.233037919 -0.003741796 -0.002785263 0.999989092 6.257536411
0.999994278 -0.000581306 0.003346972 0.085125856 0.000571252 0.999995351 0.003004064 -0.245506793 -0.003348703 -0.003002135 0.999989867 6.543812752
0.999995708 -0.001389904 0.002634251 0.100656830 0.001382116 0.999994695 0.002956182 -0.253300965 -0.002638346 -0.002952528 0.999992132 6.827279091
0.999996305 -0.001413875 0.002322594 0.114730433 0.001406491 0.999993920 0.003177854 -0.270998836 -0.002327073 -0.003174576 0.999992251 7.118321896
0.999995887 -0.001093288 0.002665234 0.119047850 0.001084873 0.999994457 0.003156853 -0.280278921 -0.002668671 -0.003153949 0.999991477 7.452417374
0.999995530 -0.001079715 0.002803018 0.119687349 0.001069877 0.999993265 0.003508871 -0.281458020 -0.002806787 -0.003505856 0.999989867 7.767316341
0.999995112 -0.000998608 0.002955586 0.122723058 0.000989064 0.999994338 0.003228577 -0.276401579 -0.002958793 -0.003225638 0.999990404 8.077094078
0.999994218 -0.002001246 0.002745175 0.117759943 0.001990940 0.999991000 0.003751778 -0.312242597 -0.002752659 -0.003746290 0.999989212 8.391073227
0.999992788 -0.002507277 0.002840123 0.122115061 0.002496728 0.999990046 0.003711726 -0.319141090 -0.002849401 -0.003704608 0.999989092 8.727550507
0.999993563 -0.002238428 0.002790865 0.137696564 0.002227680 0.999990165 0.003848043 -0.333546877 -0.002799451 -0.003841802 0.999988735 9.048145294
0.999993682 -0.002353995 0.002627370 0.145523578 0.002343014 0.999988496 0.004174909 -0.344387084 -0.002637167 -0.004168727 0.999987841 9.396630287
0.999994516 -0.001878979 0.002716959 0.151253983 0.001867486 0.999989331 0.004226486 -0.343858242 -0.002724871 -0.004221389 0.999987423 9.757860184
0.999994397 -0.002166474 0.002548031 0.169612944 0.002154637 0.999986947 0.004639186 -0.358882219 -0.002558048 -0.004633670 0.999985993 10.082689285
0.999993682 -0.002374434 0.002646108 0.156413376 0.002361826 0.999985814 0.004757836 -0.391813755 -0.002657368 -0.004751555 0.999985158 10.481564522
0.999992430 -0.003091992 0.002357024 0.163526371 0.003081145 0.999984741 0.004592032 -0.394849330 -0.002371187 -0.004584735 0.999986649 10.870900154
0.999993980 -0.002353975 0.002551535 0.166241065 0.002342577 0.999987364 0.004461121 -0.404521793 -0.002562004 -0.004455117 0.999986768 11.247696877
0.999991357 -0.003403694 0.002407508 0.179353237 0.003392817 0.999984026 0.004508121 -0.409654677 -0.002422814 -0.004499914 0.999986947 11.651296616
0.999993682 -0.002615272 0.002388435 0.194579557 0.002602915 0.999983311 0.005161975 -0.416978300 -0.002401894 -0.005155725 0.999983788 12.005506516
0.999993801 -0.002162551 0.002770458 0.201232195 0.002147201 0.999982536 0.005531337 -0.453741640 -0.002782371 -0.005525354 0.999980867 12.336006165
0.999991894 -0.003229399 0.002377582 0.219129264 0.003215861 0.999978721 0.005676225 -0.458359718 -0.002395862 -0.005668534 0.999981105 12.732625008
0.999995291 -0.002012688 0.002307205 0.230028778 0.001999910 0.999982715 0.005526945 -0.470369816 -0.002318289 -0.005522304 0.999982059 13.137514114
0.999993920 -0.002031122 0.002839762 0.242161274 0.002014333 0.999980688 0.005902314 -0.475272685 -0.002851696 -0.005896557 0.999978483 13.573472977
0.999990344 -0.003644490 0.002422814 0.243210480 0.003628262 0.999971211 0.006668774 -0.517197132 -0.002447049 -0.006659921 0.999974847 13.962571144
0.999989569 -0.003891060 0.002388949 0.254179448 0.003875147 0.999970555 0.006630129 -0.533216298 -0.002414677 -0.006620802 0.999975204 14.393534660
0.999989331 -0.003455827 0.003048835 0.260527104 0.003433486 0.999967515 0.007302810 -0.539673507 -0.003073973 -0.007292263 0.999968708 14.823760986
0.999988317 -0.003795540 0.002981066 0.265024364 0.003772817 0.999964058 0.007591574 -0.554387689 -0.003009774 -0.007580238 0.999966681 15.202385902
0.999987960 -0.003059324 0.003830825 0.288653046 0.003031759 0.999969661 0.007180896 -0.553801894 -0.003852677 -0.007169196 0.999966860 15.684246063
0.999987543 -0.003455544 0.003585379 0.294787496 0.003428788 0.999966562 0.007441682 -0.595680594 -0.003610973 -0.007429296 0.999965906 16.130857468
0.999986351 -0.003496766 0.003902350 0.305244386 0.003469125 0.999969065 0.007067692 -0.598332822 -0.003926943 -0.007054057 0.999967456 16.599525452
0.999986827 -0.003033759 0.004158543 0.318501532 0.003004339 0.999970555 0.007062837 -0.606042027 -0.004179848 -0.007050249 0.999966443 17.042299271
0.999987662 -0.002839173 0.004079672 0.329317272 0.002810350 0.999971151 0.007053629 -0.620780587 -0.004099580 -0.007042076 0.999966860 17.502468109
0.999984443 -0.002686167 0.004895680 0.339351058 0.002648521 0.999966979 0.007679883 -0.620975316 -0.004916148 -0.007666797 0.999958575 17.968982697
0.999983132 -0.003579210 0.004587141 0.365325898 0.003545092 0.999966145 0.007424541 -0.630769730 -0.004613560 -0.007408154 0.999961972 18.467460632
0.999985039 -0.003145873 0.004486660 0.383534908 0.003111986 0.999966741 0.007540063 -0.640164793 -0.004510230 -0.007525988 0.999961555 18.934900284
0.999980628 -0.004176080 0.004610817 0.363189876 0.004142002 0.999964178 0.007375993 -0.666502178 -0.004641455 -0.007356752 0.999962151 19.290390015
0.999982774 -0.003653942 0.004597849 0.375870317 0.003617439 0.999962032 0.007922588 -0.680625975 -0.004626623 -0.007905819 0.999958038 19.777057648
0.999984086 -0.003244137 0.004619275 0.379441172 0.003206991 0.999962747 0.008026171 -0.688080490 -0.004645140 -0.008011229 0.999957144 20.272071838
0.999983728 -0.003959381 0.004128189 0.397202879 0.003921767 0.999951184 0.009080003 -0.725748479 -0.004163939 -0.009063665 0.999950171 20.789442062
0.999985635 -0.003885993 0.003694524 0.394513130 0.003855934 0.999959707 0.008108784 -0.726507843 -0.003725886 -0.008094421 0.999960303 21.206645966
0.999984324 -0.004730127 0.002999946 0.408963948 0.004706962 0.999959469 0.007682312 -0.730640650 -0.003036163 -0.007668071 0.999966025 21.727346420
0.999981761 -0.005136240 0.003166687 0.416377097 0.005108046 0.999947846 0.008847955 -0.762808204 -0.003211967 -0.008831617 0.999955833 22.235662460
0.999985278 -0.004305317 0.003290926 0.400752783 0.004276112 0.999951959 0.008830522 -0.771657228 -0.003328786 -0.008816320 0.999955595 22.759700775
0.999984145 -0.005151060 0.002329076 0.432194620 0.005129950 0.999946654 0.008980654 -0.777788222 -0.002375212 -0.008968563 0.999956906 23.136669159
0.999983370 -0.005543774 0.001590759 0.435689241 0.005529472 0.999945521 0.008858524 -0.791796625 -0.001639782 -0.008849581 0.999959409 23.679761887
0.999988198 -0.004785933 0.000915349 0.445813924 0.004777240 0.999945581 0.009273719 -0.803474963 -0.000959683 -0.009269235 0.999956548 24.182851791
0.999988973 -0.004679410 0.000385058 0.484772831 0.004675477 0.999942541 0.009648819 -0.815703154 -0.000430187 -0.009646914 0.999953330 24.721914291
0.999979615 -0.006371960 -0.000361288 0.458154082 0.006375332 0.999927044 0.010261755 -0.864586711 0.000295874 -0.010263848 0.999947309 25.193643570
0.999976695 -0.006736549 -0.001076129 0.469775915 0.006746951 0.999927521 0.009975093 -0.872886539 0.001008854 -0.009982122 0.999949694 25.745979309
0.999969304 -0.007647556 -0.001635101 0.488518417 0.007665373 0.999908149 0.011183465 -0.879109144 0.001549425 -0.011195656 0.999936163 26.298118591
0.999971688 -0.007388177 -0.001415623 0.463334769 0.007403895 0.999907196 0.011440768 -0.917680025 0.001330965 -0.011450927 0.999933600 26.867034912
0.999978542 -0.006231276 -0.002034774 0.478510499 0.006254229 0.999914646 0.011476375 -0.946893156 0.001963088 -0.011488856 0.999932110 27.463766098
0.999973655 -0.006878250 -0.002293236 0.454782724 0.006905290 0.999904156 0.011999823 -0.967898488 0.002210478 -0.012015342 0.999925435 27.987483978
0.999978185 -0.006097884 -0.002559328 0.480779111 0.006127400 0.999912918 0.011688149 -0.982281029 0.002487832 -0.011703575 0.999928474 28.557540894
0.999957561 -0.008459432 -0.003681588 0.434767425 0.008504122 0.999888241 0.012296739 -1.023220062 0.003577153 -0.012327527 0.999917626 29.028585434
0.999957204 -0.008314013 -0.004077776 0.446064889 0.008360440 0.999898970 0.011503758 -1.024751306 0.003981722 -0.011537358 0.999925494 29.573400497
0.999948502 -0.008788705 -0.005065544 0.508266330 0.008849131 0.999888480 0.012032365 -1.038137197 0.004959229 -0.012076573 0.999914765 30.096475601
0.999942482 -0.009345600 -0.005269569 0.490513980 0.009413773 0.999870360 0.013064136 -1.070760012 0.005146794 -0.013112991 0.999900818 30.656278610
0.999950290 -0.008469108 -0.005255208 0.468490601 0.008538085 0.999875844 0.013244834 -1.113777757 0.005142382 -0.013289046 0.999898493 31.161127090
0.999956369 -0.008054934 -0.004729578 0.438726425 0.008115962 0.999882162 0.013029401 -1.112062335 0.004624070 -0.013067218 0.999903917 31.687143326
0.999957323 -0.007811785 -0.004943386 0.445544183 0.007875477 0.999884427 0.012998519 -1.112955570 0.004841273 -0.013036895 0.999903321 32.248874664
0.999953508 -0.008262627 -0.004953337 0.457404494 0.008328095 0.999876261 0.013345242 -1.120717168 0.004842456 -0.013385876 0.999898612 32.823802948
0.999943852 -0.009031227 -0.005529673 0.433712602 0.009108141 0.999859810 0.014045651 -1.138297081 0.005402048 -0.014095230 0.999886036 33.286720276
0.999949038 -0.008523937 -0.005404430 0.437016487 0.008602587 0.999854863 0.014700340 -1.161149740 0.005278341 -0.014746084 0.999877334 33.809268951
0.999937415 -0.009448907 -0.005981384 0.470732033 0.009536839 0.999844313 0.014847259 -1.170761824 0.005840161 -0.014903374 0.999871850 34.367588043
0.999928653 -0.009991216 -0.006547905 0.424598157 0.010079263 0.999857306 0.013554252 -1.176358938 0.006411548 -0.013619281 0.999886632 35.114261627
0.999923050 -0.010396359 -0.006776966 0.426322520 0.010490460 0.999846876 0.014000689 -1.197811604 0.006630374 -0.014070703 0.999879003 35.674919128
0.999925196 -0.010255216 -0.006665128 0.423891038 0.010349158 0.999845386 0.014216339 -1.201810360 0.006518305 -0.014284256 0.999876738 36.196311951
0.999923468 -0.010327159 -0.006808948 0.419217974 0.010428082 0.999833703 0.014956897 -1.231827974 0.006653354 -0.015026756 0.999864936 36.701667786
0.999927163 -0.010278963 -0.006325856 0.421254665 0.010374802 0.999828994 0.015308716 -1.242212534 0.006167417 -0.015373231 0.999862731 37.336109161
0.999930024 -0.009244373 -0.007394327 0.461503834 0.009348671 0.999855518 0.014197027 -1.221578121 0.007262017 -0.014265158 0.999871850 37.892452240
0.999911547 -0.010952050 -0.007547119 0.446711630 0.011059816 0.999835253 0.014388165 -1.236944318 0.007388296 -0.014470361 0.999867976 38.446445465
0.999888539 -0.012195084 -0.008614740 0.468337804 0.012330855 0.999797761 0.015886938 -1.318448782 0.008419256 -0.015991393 0.999836624 38.994285583
0.999898016 -0.012270422 -0.007301250 0.397641927 0.012383205 0.999801517 0.015607947 -1.295909047 0.007108283 -0.015696770 0.999851525 39.444679260
0.999910831 -0.011594757 -0.006632192 0.391242892 0.011702577 0.999796033 0.016456144 -1.324312210 0.006440034 -0.016532291 0.999842584 39.966461182
0.999902725 -0.011963344 -0.007177799 0.403160751 0.012074681 0.999804258 0.015673863 -1.320764542 0.006988883 -0.015759008 0.999851346 40.538585663
0.999908984 -0.011244465 -0.007459883 0.427752942 0.011366664 0.999798536 0.016545722 -1.352130890 0.007272331 -0.016629014 0.999835253 41.081951141
0.999894798 -0.012342629 -0.007625609 0.431396186 0.012466738 0.999787033 0.016448004 -1.345237732 0.007420973 -0.016541339 0.999835551 41.596534729
0.999872506 -0.013399046 -0.008687338 0.461543500 0.013545956 0.999762356 0.017078526 -1.368447900 0.008456438 -0.017194027 0.999816358 42.163204193
0.999859571 -0.014420333 -0.008531060 0.460143566 0.014576113 0.999722838 0.018489061 -1.388965368 0.008262076 -0.018610815 0.999792635 42.632568359
0.999903262 -0.011829200 -0.007314479 0.474988252 0.011958827 0.999767542 0.017940044 -1.405813575 0.007100560 -0.018025782 0.999812305 43.199790955
0.999886215 -0.013212607 -0.007280244 0.462083489 0.013339857 0.999754071 0.017716557 -1.407872558 0.007044371 -0.017811658 0.999816537 43.744144440
0.999909461 -0.011182533 -0.007478725 0.460548460 0.011304894 0.999799490 0.016524138 -1.396042585 0.007292444 -0.016607190 0.999835432 44.032352448
0.999915600 -0.010651546 -0.007444303 0.470996499 0.010776129 0.999799132 0.016900521 -1.402984858 0.007262791 -0.016979316 0.999829412 44.591270447
0.999904454 -0.011468665 -0.007718833 0.480287105 0.011600474 0.999783814 0.017253615 -1.409332991 0.007519289 -0.017341511 0.999821365 45.107982635
0.999906957 -0.011439855 -0.007435772 0.481901020 0.011568096 0.999781072 0.017438404 -1.423579693 0.007234653 -0.017522799 0.999820292 45.614814758
0.999909818 -0.011115834 -0.007541425 0.478195220 0.011231107 0.999817967 0.015418825 -1.377820492 0.007368660 -0.015502133 0.999852717 46.176094055
0.999912202 -0.011010702 -0.007376930 0.466046512 0.011132883 0.999797940 0.016731145 -1.429798126 0.007191218 -0.016811803 0.999832809 46.717670441
0.999921560 -0.010085679 -0.007426128 0.483557612 0.010204547 0.999817550 0.016146516 -1.425324917 0.007261924 -0.016221032 0.999842048 47.317630768
0.999930263 -0.009610386 -0.006856053 0.467391461 0.009725798 0.999808192 0.017003648 -1.465430737 0.006691327 -0.017069142 0.999831915 47.846130371
0.999935567 -0.008993536 -0.006926293 0.473156333 0.009118057 0.999793410 0.018161496 -1.508554578 0.006761527 -0.018223479 0.999811053 48.132007599
0.999929786 -0.009550973 -0.007015210 0.485424221 0.009676571 0.999789357 0.018093370 -1.513004065 0.006840925 -0.018159989 0.999811590 48.681785583
0.999922693 -0.009982798 -0.007422156 0.494414002 0.010117478 0.999780655 0.018335199 -1.521495104 0.007237493 -0.018408876 0.999804258 49.241725922
0.999912262 -0.010591041 -0.007962184 0.512463510 0.010736761 0.999771357 0.018487133 -1.522420645 0.007764568 -0.018570997 0.999797344 49.820255280
0.999926567 -0.009654961 -0.007316924 0.522808075 0.009797845 0.999756932 0.019750500 -1.535787702 0.007124456 -0.019820737 0.999778152 50.317161560
0.999907017 -0.011272355 -0.007679686 0.546108246 0.011425442 0.999730825 0.020190626 -1.539562464 0.007450025 -0.020276492 0.999766588 50.828781128
0.999943793 -0.008420219 -0.006445921 0.458505809 0.008545183 0.999771297 0.019611077 -1.608866572 0.006279318 -0.019665057 0.999786913 51.171733856
0.999929249 -0.010079746 -0.006314239 0.475908846 0.010202172 0.999754608 0.019666390 -1.609015346 0.006114457 -0.019729417 0.999786675 51.717952728
0.999946654 -0.008403244 -0.006020454 0.455128759 0.008517812 0.999778211 0.019263927 -1.619161844 0.005857238 -0.019314181 0.999796271 52.261669159
0.999923348 -0.010323793 -0.006841964 0.483661324 0.010456452 0.999752402 0.019645466 -1.641764879 0.006637454 -0.019715505 0.999783635 52.826614380
0.999967754 -0.006716336 -0.004403800 0.384704918 0.006801128 0.999786079 0.019530814 -1.635782242 0.004271682 -0.019560134 0.999799609 53.356731415
0.999959588 -0.007325190 -0.005212903 0.400094718 0.007428279 0.999771595 0.020039286 -1.648443460 0.005064923 -0.020077199 0.999785602 53.924842834
0.999945045 -0.008605553 -0.005982869 0.410977066 0.008720083 0.999774098 0.019388225 -1.627109408 0.005814668 -0.019439336 0.999794126 54.403820038
0.999954283 -0.007816263 -0.005511910 0.415139169 0.007922685 0.999777377 0.019557839 -1.631414056 0.005357813 -0.019600617 0.999793589 54.965183258
0.999948561 -0.008392859 -0.005686545 0.417316556 0.008500735 0.999779105 0.019219460 -1.636807680 0.005523982 -0.019266814 0.999799132 55.480186462
0.999947369 -0.008517804 -0.005719576 0.408062398 0.008628944 0.999768734 0.019696403 -1.649506807 0.005550484 -0.019744722 0.999789655 56.015895844
0.999947250 -0.008589356 -0.005628103 0.387084872 0.008695588 0.999779165 0.019130656 -1.657772660 0.005462540 -0.019178586 0.999801099 56.510486603
0.999936819 -0.009257497 -0.006367630 0.430503428 0.009377880 0.999772727 0.019142892 -1.660349250 0.006188970 -0.019201398 0.999796450 57.087516785
0.999944389 -0.008852895 -0.005724877 0.416981548 0.008965042 0.999762297 0.019869916 -1.671996593 0.005547611 -0.019920135 0.999786198 57.569362640
0.999931991 -0.009493207 -0.006770914 0.449167073 0.009623229 0.999764919 0.019436233 -1.670518875 0.006584810 -0.019500073 0.999788105 58.037422180
0.999936879 -0.009218588 -0.006414962 0.461494058 0.009343710 0.999761164 0.019755900 -1.677732229 0.006231308 -0.019814594 0.999784172 58.591846466
0.999934614 -0.009334746 -0.006600475 0.474294037 0.009459896 0.999771118 0.019190583 -1.663434148 0.006419825 -0.019251766 0.999794006 59.139438629
0.999924779 -0.010120529 -0.006929153 0.490593344 0.010252879 0.999760449 0.019339070 -1.674848437 0.006731773 -0.019408662 0.999789000 59.688423157
0.999922752 -0.009818139 -0.007617841 0.554854751 0.009967998 0.999752522 0.019890094 -1.694447994 0.007420674 -0.019964494 0.999773204 60.109951019
0.999940336 -0.009106742 -0.006033119 0.473069072 0.009228658 0.999747217 0.020497737 -1.721779108 0.005844926 -0.020552188 0.999771833 60.649974823
0.999941707 -0.009021651 -0.005936626 0.487482578 0.009142731 0.999743998 0.020694444 -1.735338569 0.005748408 -0.020747514 0.999768257 61.170204163
0.999942303 -0.008793316 -0.006165618 0.488182545 0.008916660 0.999754608 0.020271432 -1.725444317 0.005985851 -0.020325240 0.999775469 61.685939789
0.999949574 -0.008580068 -0.005213797 0.483547866 0.008687226 0.999744058 0.020889731 -1.746864915 0.005033227 -0.020933973 0.999768198 62.253158569
0.999954581 -0.008123460 -0.004987878 0.459154725 0.008226660 0.999745071 0.021030612 -1.743946075 0.004815765 -0.021070689 0.999766469 62.764678955
0.999931514 -0.009582454 -0.006705955 0.528776228 0.009719424 0.999738634 0.020699954 -1.751346111 0.006505844 -0.020763718 0.999763250 63.301803589
0.999934494 -0.009132640 -0.006888522 0.545221746 0.009271192 0.999749899 0.020357542 -1.758452177 0.006700880 -0.020420076 0.999769032 63.841384888
0.999935210 -0.009445569 -0.006342903 0.560139060 0.009570635 0.999754548 0.019985588 -1.755292416 0.006152572 -0.020044997 0.999780178 64.403945923
0.999939740 -0.009040945 -0.006227437 0.572656274 0.009160437 0.999769211 0.019434309 -1.735775948 0.006050296 -0.019490182 0.999791741 64.881393433
0.999934852 -0.009226475 -0.006709380 0.609407187 0.009355328 0.999767423 0.019434033 -1.725867152 0.006528511 -0.019495536 0.999788642 65.450920105
0.999922991 -0.010308011 -0.006912832 0.565921426 0.010452757 0.999719739 0.021240041 -1.773574471 0.006691950 -0.021310667 0.999750495 65.910484314
0.999916971 -0.010771145 -0.007069443 0.569200575 0.010916060 0.999724269 0.020790715 -1.770462632 0.006843554 -0.020866163 0.999758899 66.476989746
0.999898553 -0.011923120 -0.007796622 0.636576116 0.012081190 0.999715865 0.020551715 -1.757228613 0.007549364 -0.020643825 0.999758422 66.998527527
0.999925315 -0.009997793 -0.007015042 0.591556668 0.010145972 0.999719203 0.021415478 -1.788192034 0.006798965 -0.021485059 0.999746084 67.590637207
0.999938250 -0.009012377 -0.006501861 0.560053349 0.009148750 0.999732256 0.021259189 -1.815697908 0.006308524 -0.021317361 0.999752879 68.116905212
0.999940455 -0.008587129 -0.006741080 0.575591624 0.008727338 0.999740303 0.021052921 -1.821980596 0.006558546 -0.021110501 0.999755681 68.666191101
0.999935329 -0.008947823 -0.007014665 0.591879010 0.009091863 0.999742806 0.020778669 -1.822315574 0.006826937 -0.020841103 0.999759495 69.237045288
0.999928653 -0.009336622 -0.007453509 0.662970245 0.009489526 0.999739707 0.020749779 -1.824648142 0.007257836 -0.020819029 0.999756992 69.679977417
0.999933779 -0.009586274 -0.006362422 0.600673199 0.009723274 0.999713778 0.021863332 -1.833638906 0.006151012 -0.021923745 0.999740720 70.228340149
0.999930561 -0.009956120 -0.006315276 0.611423731 0.010091096 0.999713361 0.021714307 -1.838916421 0.006097275 -0.021776525 0.999744296 70.783721924
0.999926984 -0.010026682 -0.006747518 0.617371380 0.010170673 0.999713719 0.021655194 -1.841689706 0.006528458 -0.021722239 0.999742687 71.344177246
0.999921560 -0.010398995 -0.006984165 0.623986721 0.010544721 0.999720335 0.021163158 -1.834757686 0.006762138 -0.021235144 0.999751687 71.907043457
0.999927640 -0.010078011 -0.006556820 0.639743805 0.010222066 0.999698579 0.022320878 -1.857033014 0.006329894 -0.022386294 0.999729455 72.395896912
0.999920249 -0.010636008 -0.006800697 0.650484681 0.010785372 0.999692678 0.022317130 -1.859750271 0.006561243 -0.022388697 0.999727845 72.953590393
0.999918282 -0.010876403 -0.006718477 0.677089274 0.011016613 0.999714553 0.021197233 -1.831685543 0.006486010 -0.021269513 0.999752760 73.490951538
0.999917150 -0.010747520 -0.007078975 0.670509815 0.010900619 0.999699533 0.021955945 -1.857738853 0.006840875 -0.022031285 0.999733865 73.917411804
0.999892950 -0.012178451 -0.008108901 0.765997410 0.012355416 0.999678433 0.022143288 -1.885301590 0.007836622 -0.022241106 0.999721885 74.296333313
0.999898911 -0.012056704 -0.007532940 0.673978925 0.012218933 0.999686062 0.021874487 -1.863834381 0.007266841 -0.021964321 0.999732316 75.053031921
0.999899566 -0.011974033 -0.007576039 0.675392151 0.012138866 0.999682128 0.022098862 -1.876618624 0.007309017 -0.022188611 0.999727011 75.579406738
0.999874473 -0.013458202 -0.008364706 0.711055040 0.013641610 0.999658883 0.022270456 -1.879262924 0.008062132 -0.022381766 0.999716878 76.072494507
0.999872208 -0.013514878 -0.008541729 0.697888255 0.013694568 0.999678493 0.021340501 -1.855798602 0.008250568 -0.021454748 0.999735713 76.670875549
0.999872744 -0.013347335 -0.008734429 0.733749747 0.013537173 0.999665260 0.022048820 -1.852226377 0.008437212 -0.022164255 0.999718666 77.132560730
0.999888718 -0.012508187 -0.008129148 0.695113063 0.012684380 0.999677539 0.021996448 -1.870661974 0.007851390 -0.022097116 0.999724925 77.747718811
0.999893546 -0.012465494 -0.007583347 0.699336052 0.012630374 0.999676049 0.022097640 -1.870564938 0.007305430 -0.022191064 0.999727011 78.311470032
0.999896944 -0.012558357 -0.006958659 0.703851759 0.012709000 0.999676228 0.022044372 -1.872572184 0.006679563 -0.022130536 0.999732733 78.885314941
0.999921262 -0.011626357 -0.004720324 0.702993155 0.011729765 0.999677956 0.022504507 -1.895172715 0.004457159 -0.022558102 0.999735594 79.356849670
0.999925435 -0.011757560 -0.003277579 0.705826283 0.011828759 0.999674082 0.022623660 -1.892934203 0.003010512 -0.022660742 0.999738693 79.905464172
0.999929130 -0.011737369 -0.002002803 0.686170697 0.011778724 0.999687254 0.022065623 -1.867828608 0.001743185 -0.022087650 0.999754488 80.435447693
0.999923229 -0.012385661 -0.000307846 0.730793834 0.012389456 0.999668956 0.022551680 -1.913460612 0.000028426 -0.022553761 0.999745667 81.018165588
0.999924362 -0.011665142 0.003900621 0.775846720 0.011571663 0.999664187 0.023186045 -1.905158758 -0.004169779 -0.023139156 0.999723673 81.433059692
0.999913573 -0.011256580 0.006808526 0.812997699 0.011096894 0.999672592 0.023053730 -1.914964199 -0.007065803 -0.022976184 0.999711096 82.001716614
0.999875367 -0.012017298 0.010243093 0.842544079 0.011778110 0.999663830 0.023100203 -1.906216025 -0.010517252 -0.022976680 0.999680638 82.512443542
0.999794543 -0.011281777 0.016841624 0.855269909 0.010894448 0.999678075 0.022915503 -1.916441441 -0.017094728 -0.022727314 0.999595463 83.059852600
0.999692380 -0.010661921 0.022395007 0.902632535 0.010125037 0.999661863 0.023951460 -1.927097082 -0.022642802 -0.023717342 0.999462247 83.548011780
0.999516189 -0.011663292 0.028833400 0.851176381 0.010981494 0.999659002 0.023692423 -1.935558200 -0.029099900 -0.023364326 0.999303341 84.176620483
0.999246418 -0.011407006 0.037100758 0.891827583 0.010525460 0.999659717 0.023869960 -1.937253237 -0.037360419 -0.023461467 0.999026418 84.739654541
0.998901844 -0.011747765 0.045357693 0.944493294 0.010671643 0.999657512 0.023894917 -1.943956852 -0.045622874 -0.023384634 0.998684943 85.248748779
0.998551190 -0.011727136 0.052517354 0.976244211 0.010459325 0.999648631 0.024350896 -1.944268703 -0.052784469 -0.023766320 0.998323083 85.820358276
0.998076797 -0.012616138 0.060694002 1.030042648 0.011192918 0.999655724 0.023732241 -1.942324400 -0.060972512 -0.023007253 0.997874260 86.396461487
0.997403324 -0.012796707 0.070871368 1.094018459 0.011123912 0.999651313 0.023947833 -1.943031788 -0.071153089 -0.023097286 0.997197926 86.888633728
0.996717036 -0.012897998 0.079928949 1.138218880 0.010974068 0.999640465 0.024463216 -1.986741781 -0.080215737 -0.023505760 0.996500254 87.500144958
0.996017218 -0.012066115 0.088340320 1.203824043 0.009919181 0.999645650 0.024701778 -1.995477915 -0.088607065 -0.023727136 0.995783985 88.045478821
0.995013237 -0.011419973 0.099087037 1.288284302 0.008953173 0.999639750 0.025304347 -2.000524282 -0.099340312 -0.024291022 0.994756997 88.559486389
0.993914127 -0.012562539 0.109438643 1.380346298 0.009834014 0.999628127 0.025436167 -2.013264179 -0.109717473 -0.024205143 0.993668020 89.088150024
0.993062973 -0.013985638 0.116749987 1.483466148 0.011070583 0.999611497 0.025579598 -2.025003910 -0.117062382 -0.024109660 0.992831826 89.505752563
0.991537809 -0.013523025 0.129111618 1.498653412 0.010334469 0.999625623 0.025334226 -1.998625994 -0.129405871 -0.023785545 0.991306365 90.264488220
0.989862323 -0.013888219 0.141349703 1.598110199 0.010431516 0.999628842 0.025166662 -1.999509096 -0.141646773 -0.023437038 0.989639759 90.810310364
0.988332748 -0.015104120 0.151559532 1.712388039 0.011384220 0.999613106 0.025381951 -1.999400854 -0.151884288 -0.023360427 0.988122165 91.349685669
0.986789942 -0.014229931 0.161378562 1.815587044 0.010197127 0.999615431 0.025790498 -2.002861738 -0.161683485 -0.023804206 0.986555517 91.891059875
0.984820187 -0.015383570 0.172894686 1.950130463 0.011012683 0.999595821 0.026211550 -2.017173290 -0.173228055 -0.023909632 0.984591424 92.391510010
0.982463241 -0.015500944 0.185810849 2.055725098 0.010814680 0.999598086 0.026207777 -2.006955385 -0.186142385 -0.023738695 0.982235968 92.945190430
0.980284750 -0.015166187 0.197006673 2.194658279 0.010125783 0.999595761 0.026567139 -2.021645308 -0.197329938 -0.024048513 0.980042100 93.654449463
0.977562070 -0.014656794 0.210137069 2.330926895 0.009266585 0.999602914 0.026612680 -2.021246195 -0.210443676 -0.024068292 0.977309704 94.217903137
0.974503458 -0.015205526 0.223856553 2.481586456 0.009383160 0.999590039 0.027050223 -2.020277977 -0.224176094 -0.024260057 0.974246562 94.730583191
0.971901000 -0.016556462 0.234806716 2.655332565 0.010402454 0.999569774 0.027423337 -2.049439669 -0.235159725 -0.024210205 0.971655071 95.195075989
0.969006121 -0.016149882 0.246507943 2.846422195 0.009786049 0.999586999 0.027019300 -2.022918940 -0.246842518 -0.023769531 0.968764067 95.805816650
0.964767754 -0.014674529 0.262693465 2.942911148 0.007657331 0.999586463 0.027716396 -2.038314104 -0.262991548 -0.024728352 0.964481175 96.442008972
0.961378634 -0.014955651 0.274822801 3.123302460 0.007539894 0.999578893 0.028020462 -2.045315027 -0.275126129 -0.024866132 0.961086512 96.954887390
0.958236814 -0.017157465 0.285460889 3.316932678 0.009536130 0.999560654 0.028067084 -2.048353672 -0.285816967 -0.024172720 0.957979262 97.476119995
0.953775227 -0.016176166 0.300085515 3.499221802 0.007897039 0.999554634 0.028781665 -2.052673817 -0.300417423 -0.025081452 0.953477979 98.046905518
0.949129581 -0.015540185 0.314502269 3.696613312 0.006891292 0.999567449 0.028593544 -2.043928385 -0.314810544 -0.024971651 0.948825955 98.575500488
0.945566773 -0.018539116 0.324899882 3.881841660 0.009920917 0.999554217 0.028162405 -2.030265331 -0.325277090 -0.023406129 0.945328951 99.011596680
0.940641105 -0.015545825 0.339046568 4.118284225 0.006093584 0.999562979 0.028925704 -2.039843559 -0.339347988 -0.025142699 0.940324843 99.763397217
0.935527265 -0.015870767 0.352897733 4.340040207 0.005794925 0.999545336 0.029589996 -2.040130377 -0.353206873 -0.025637232 0.935193896 100.279487610
0.930558383 -0.015689816 0.365807176 4.564651489 0.005212033 0.999547899 0.029612925 -2.041861534 -0.366106391 -0.025649955 0.930219471 100.808403015
0.925594568 -0.014646722 0.378232986 4.784311295 0.003727314 0.999555230 0.029585542 -2.048543692 -0.378498137 -0.025974423 0.925237536 101.322235107
0.920194089 -0.016356163 0.391120553 5.045497894 0.004527389 0.999504566 0.031146359 -2.072515488 -0.391436219 -0.026889941 0.919812262 101.754974365
0.914877713 -0.017104212 0.403368473 5.286563873 0.004546998 0.999475360 0.032068174 -2.114451170 -0.403705418 -0.027504344 0.914475560 102.194305420
0.909734964 -0.015280373 0.414908141 5.601680756 0.002901482 0.999532104 0.030449251 -2.051612377 -0.415179342 -0.026496900 0.909353673 102.963058472
0.904255271 -0.015925264 0.426695228 5.863052368 0.003351740 0.999538243 0.030202074 -2.048776150 -0.426979184 -0.025880216 0.903891087 103.450737000
0.897370398 -0.015008089 0.441022754 6.117038727 0.001975762 0.999548078 0.029994631 -2.046077251 -0.441273630 -0.026044941 0.896994531 103.962730408
0.891396999 -0.016167307 0.452934772 6.385002136 0.002672641 0.999533653 0.030418029 -2.041894197 -0.453215331 -0.025904011 0.891024590 104.450996399
0.885309935 -0.015737265 0.464734912 6.664104462 0.002053669 0.999549747 0.029935438 -2.033462763 -0.464996785 -0.025547732 0.884943664 104.968856812
0.877968013 -0.015731007 0.478460819 6.955463409 0.001371060 0.999538481 0.030347306 -2.034240484 -0.478717387 -0.025987970 0.877584398 105.456970215
0.870849133 -0.018353954 0.491207570 7.279644012 0.003495306 0.999508619 0.031149868 -2.048627377 -0.491537929 -0.025409916 0.870485306 106.101470947
