1.000000000 0.000000000 0.000000000 0.000000000 0.000000000 1.000000000 0.000000000 0.000000000 0.000000000 0.000000000 1.000000000 0.000000000
1.000000000 0.000003996 0.000117357 -0.000859579 -0.000004001 1.000000000 0.000039890 0.000110189 -0.000117357 -0.000039890 1.000000000 0.000559847
1.000000000 0.000046372 0.000111075 -0.001084023 -0.000046380 1.000000000 0.000070266 0.000819038 -0.000111071 -0.000070271 1.000000000 0.001727193
1.000000000 0.000071844 -0.000024860 0.000094020 -0.000071840 1.000000000 0.000158723 -0.000584983 0.000024871 -0.000158721 1.000000000 0.000352859
1.000000000 0.000101674 0.000120295 -0.001059270 -0.000101688 1.000000000 0.000116067 -0.000396792 -0.000120283 -0.000116079 1.000000000 0.000887720
1.000000000 -0.000044643 -0.000023764 -0.000190340 0.000044645 1.000000000 0.000069562 -0.000688712 0.000023760 -0.000069564 1.000000000 -0.000856631
1.000000000 -0.000123924 0.000089115 -0.001358653 0.000123932 1.000000000 -0.000089800 0.001448589 -0.000089104 0.000089811 1.000000000 0.003268000
0.999999940 -0.000272683 0.000100314 -0.000953747 0.000272687 0.999999940 -0.000042825 0.001328422 -0.000100302 0.000042852 1.000000000 0.003477145
1.000000000 -0.000083124 0.000120715 -0.001191761 0.000083136 1.000000000 -0.000095918 0.001747726 -0.000120707 0.000095928 1.000000000 0.002656491
1.000000000 -0.000191263 0.000116642 -0.000772411 0.000191263 1.000000000 0.000003126 0.000552218 -0.000116642 -0.000003104 1.000000000 0.001912763
0.999999940 -0.000141587 0.000209417 -0.001081963 0.000141594 1.000000000 -0.000033758 0.001459314 -0.000209413 0.000033788 1.000000000 0.003133974
1.000000000 0.000040748 0.000090110 -0.000907746 -0.000040756 1.000000000 0.000091524 0.000206450 -0.000090106 -0.000091527 1.000000000 0.002818618
1.000000000 0.000030137 0.000178267 -0.001807573 -0.000030148 1.000000000 0.000059052 0.001061515 -0.000178266 -0.000059057 1.000000000 0.004773096
0.999999940 -0.000249724 0.000202310 -0.001736405 0.000249704 0.999999940 0.000100275 0.001353367 -0.000202335 -0.000100225 1.000000000 0.003769681
1.000000000 0.000014138 0.000121127 -0.001906315 -0.000014144 1.000000000 0.000048677 0.001313641 -0.000121126 -0.000048678 1.000000000 0.003686688
1.000000000 -0.000070013 0.000025951 -0.000842900 0.000070011 1.000000000 0.000074605 0.000951159 -0.000025956 -0.000074603 1.000000000 0.003479917
1.000000000 -0.000168319 0.000101307 -0.001600492 0.000168313 1.000000000 0.000052154 0.000700231 -0.000101316 -0.000052137 1.000000000 0.002601747
0.999999940 0.000247753 0.000285205 -0.003131930 -0.000247798 0.999999940 0.000158414 0.000302905 -0.000285166 -0.000158485 0.999999940 0.004434919
1.000000000 0.000027683 0.000120283 -0.002302777 -0.000027695 1.000000000 0.000098907 0.000220758 -0.000120280 -0.000098911 1.000000000 0.003809897
1.000000000 0.000052955 0.000071285 -0.000906287 -0.000052952 1.000000000 -0.000042315 0.001508779 -0.000071287 0.000042311 1.000000000 0.003182327
0.999999940 0.000181598 0.000265392 -0.002627634 -0.000181633 1.000000000 0.000129917 0.000809058 -0.000265368 -0.000129965 0.999999940 0.005165663
0.999999940 0.000234438 0.000191691 -0.002659794 -0.000234438 1.000000000 -0.000000883 0.001042805 -0.000191691 0.000000838 1.000000000 0.004047607
1.000000000 0.000092013 0.000174246 -0.002152420 -0.000092020 1.000000000 0.000040890 0.001730937 -0.000174242 -0.000040906 1.000000000 0.004075937
0.999999940 0.000066279 0.000267764 -0.001605156 -0.000066317 1.000000000 0.000140542 0.000059658 -0.000267755 -0.000140559 0.999999940 0.002275341
1.000000000 0.000068869 0.000205287 -0.001896946 -0.000068882 1.000000000 0.000061972 0.000621518 -0.000205283 -0.000061986 1.000000000 0.001867916
1.000000000 -0.000066222 0.000076756 -0.000788672 0.000066228 1.000000000 -0.000078632 0.002122855 -0.000076751 0.000078637 1.000000000 0.005141118
1.000000000 -0.000113469 0.000172023 -0.001341973 0.000113466 1.000000000 0.000016263 0.000725086 -0.000172025 -0.000016243 1.000000000 0.002367838
0.999999940 0.000029961 0.000285310 -0.001896923 -0.000029973 1.000000000 0.000039955 0.000632874 -0.000285309 -0.000039963 0.999999940 0.002678919
0.999999940 0.000131683 0.000336928 -0.003598292 -0.000131685 1.000000000 0.000005978 0.001730545 -0.000336927 -0.000006022 0.999999940 0.004771158
1.000000000 0.000013563 0.000193295 -0.002798994 -0.000013575 1.000000000 0.000062194 0.001676507 -0.000193294 -0.000062197 1.000000000 0.005034285
1.000000000 0.000053665 0.000217839 -0.002252500 -0.000053673 1.000000000 0.000034960 0.001027225 -0.000217837 -0.000034972 1.000000000 0.003829035
0.999999940 -0.000014090 0.000249799 -0.002219497 0.000014072 1.000000000 0.000072581 0.000915575 -0.000249800 -0.000072578 0.999999940 0.003613389
1.000000000 0.000063179 0.000234309 -0.003147416 -0.000063168 1.000000000 -0.000049249 0.002485883 -0.000234312 0.000049234 1.000000000 0.004607068
0.999999940 0.000062100 0.000326072 -0.002899724 -0.000062080 1.000000000 -0.000061077 0.001796499 -0.000326076 0.000061057 0.999999940 0.004208359
0.999999940 0.000125876 0.000230668 -0.001446654 -0.000125886 1.000000000 0.000041642 0.000220543 -0.000230663 -0.000041671 1.000000000 0.001785278
0.999999940 0.000221027 0.000217499 -0.001396221 -0.000221029 1.000000000 0.000012465 0.001263051 -0.000217496 -0.000012513 1.000000000 0.001415957
0.999999940 0.000211806 0.000262786 -0.003183970 -0.000211784 1.000000000 -0.000081321 0.003809690 -0.000262803 0.000081265 0.999999940 0.005683840
0.999999940 -0.000107302 0.000223816 -0.002764937 0.000107303 1.000000000 -0.000002981 0.002601945 -0.000223816 0.000003005 1.000000000 0.006978251
1.000000000 0.000013839 0.000210356 -0.002722277 -0.000013849 1.000000000 0.000046877 0.002026981 -0.000210355 -0.000046879 1.000000000 0.006149267
1.000000000 -0.000152511 0.000149311 -0.000578867 0.000152485 1.000000000 0.000175075 0.000273533 -0.000149338 -0.000175052 1.000000000 0.002590279
0.999999940 -0.000126917 0.000368126 -0.002812706 0.000126961 1.000000000 -0.000118642 0.003032292 -0.000368111 0.000118689 0.999999940 0.006386286
0.999999881 -0.000423751 0.000206288 0.000746456 0.000423916 0.999999583 -0.000796813 0.001059847 -0.000205950 0.000796900 0.999999642 0.054882526
0.999999940 0.000165904 0.000268039 0.000465220 -0.000165640 0.999999523 -0.000984201 -0.007535250 -0.000268203 0.000984157 0.999999464 0.127887920
1.000000000 0.000157213 0.000069793 0.003364962 -0.000157094 0.999998569 -0.001691414 -0.002776608 -0.000070059 0.001691403 0.999998569 0.253757209
0.999999940 0.000258627 0.000082790 0.005340846 -0.000258523 0.999999166 -0.001256953 -0.011021852 -0.000083115 0.001256931 0.999999225 0.384576976
0.999999940 0.000276083 0.000296819 0.006791770 -0.000275809 0.999999523 -0.000921679 -0.018823493 -0.000297073 0.000921597 0.999999523 0.522355676
1.000000000 0.000156105 0.000037594 0.012932742 -0.000156065 0.999999404 -0.001062241 -0.024165234 -0.000037759 0.001062236 0.999999464 0.665939510
0.999999881 0.000130851 0.000414251 0.016976556 -0.000130399 0.999999404 -0.001091043 -0.024244923 -0.000414394 0.001090989 0.999999344 0.839027405
0.999999762 0.000380294 -0.000592883 0.026288556 -0.000380372 0.999999940 -0.000130639 -0.041952875 0.000592833 0.000130865 0.999999821 0.994198084
0.999999762 0.000200328 -0.000655242 0.030431645 -0.000200243 1.000000000 0.000128846 -0.048195951 0.000655268 -0.000128715 0.999999821 1.170798540
0.999999762 0.000500628 -0.000510377 0.031586647 -0.000500516 0.999999821 0.000219007 -0.051685926 0.000510487 -0.000218752 0.999999821 1.361583591
0.999999762 0.000535036 -0.000472749 0.036494274 -0.000534865 0.999999762 0.000362053 -0.057474036 0.000472942 -0.000361800 0.999999821 1.547737122
0.999999881 0.000192893 -0.000475087 0.039703015 -0.000192855 0.999999940 0.000079691 -0.056565724 0.000475102 -0.000079599 0.999999940 1.752182484
0.999999642 0.000720177 -0.000533413 0.043279383 -0.000719973 0.999999642 0.000382475 -0.066169001 0.000533689 -0.000382091 0.999999762 1.948315978
0.999999881 0.000369868 -0.000352460 0.046407588 -0.000369696 0.999999821 0.000486741 -0.073306568 0.000352640 -0.000486610 0.999999821 2.155149221
0.999999940 0.000230697 -0.000320590 0.050512783 -0.000230569 0.999999940 0.000402181 -0.077616908 0.000320683 -0.000402107 0.999999881 2.373580217
0.999999702 0.000671499 -0.000321019 0.055269528 -0.000671372 0.999999762 0.000393671 -0.084849261 0.000321283 -0.000393455 0.999999881 2.596407890
0.999999881 0.000597465 -0.000175761 0.057797723 -0.000597365 0.999999702 0.000571451 -0.089171365 0.000176102 -0.000571346 0.999999762 2.818084717
0.999999702 0.000479381 -0.000608811 0.063557491 -0.000478996 0.999999642 0.000631483 -0.098772779 0.000609113 -0.000631191 0.999999642 3.049440145
0.999999702 0.000272388 -0.000797949 0.071297832 -0.000272031 0.999999940 0.000447370 -0.101172425 0.000798071 -0.000447152 0.999999642 3.299818277
0.999999642 0.000402411 -0.000787033 0.075916909 -0.000401858 0.999999702 0.000702139 -0.112841271 0.000787316 -0.000701823 0.999999464 3.530025482
0.999999702 0.000443367 -0.000637567 0.082620159 -0.000443098 0.999999821 0.000421053 -0.117372289 0.000637753 -0.000420770 0.999999762 3.791393757
0.999999881 0.000240152 -0.000152670 0.075771220 -0.000240074 0.999999762 0.000514678 -0.122416995 0.000152793 -0.000514641 0.999999881 4.063957691
0.999999642 0.000826594 -0.000232987 0.081591584 -0.000826449 0.999999464 0.000622960 -0.129450008 0.000233502 -0.000622767 0.999999821 4.319239616
0.999999642 0.000814497 -0.000039754 0.084306784 -0.000814463 0.999999344 0.000845679 -0.137078464 0.000040443 -0.000845646 0.999999642 4.578214645
0.999999940 0.000346526 -0.000114843 0.092766650 -0.000346442 0.999999702 0.000726242 -0.139285535 0.000115095 -0.000726202 0.999999702 4.845304489
0.999999642 0.000796234 -0.000017765 0.097403929 -0.000796219 0.999999344 0.000833170 -0.149122939 0.000018428 -0.000833156 0.999999583 5.097581863
0.999999762 0.000668486 -0.000156880 0.105138518 -0.000668339 0.999999344 0.000935180 -0.160029128 0.000157505 -0.000935075 0.999999583 5.359025478
0.999999881 0.000564551 0.000110354 0.106865674 -0.000564648 0.999999464 0.000882913 -0.164990082 -0.000109855 -0.000882975 0.999999583 5.635529041
0.999999762 0.000556628 -0.000152045 0.115330651 -0.000556465 0.999999285 0.001070814 -0.179949716 0.000152641 -0.001070730 0.999999404 5.891838074
0.999999642 0.000828789 -0.000213631 0.121651180 -0.000828577 0.999999166 0.000991209 -0.187137514 0.000214453 -0.000991032 0.999999404 6.169020653
0.999999762 0.000463276 -0.000381577 0.131936044 -0.000462903 0.999999464 0.000977052 -0.193824768 0.000382030 -0.000976876 0.999999404 6.456127167
0.999999762 0.000558383 -0.000004165 0.130539060 -0.000558378 0.999999344 0.001015466 -0.207776025 0.000004732 -0.001015464 0.999999464 6.743818283
0.999999762 0.000610369 0.000062877 0.138388410 -0.000610430 0.999999404 0.000979430 -0.216183141 -0.000062279 -0.000979469 0.999999464 7.037106991
0.999999881 0.000441648 0.000084163 0.140465230 -0.000441724 0.999999523 0.000906590 -0.220108673 -0.000083762 -0.000906627 0.999999583 7.346050739
0.999999762 0.000652445 -0.000262504 0.158411354 -0.000652228 0.999999404 0.000829340 -0.233965918 0.000263044 -0.000829168 0.999999642 7.655019283
0.999999762 0.000483459 -0.000475790 0.171240896 -0.000482797 0.999998927 0.001390339 -0.250263453 0.000476461 -0.001390109 0.999998927 7.960746765
0.999999464 0.001057004 -0.000170879 0.174057618 -0.001056788 0.999998689 0.001256114 -0.256519824 0.000172207 -0.001255932 0.999999225 8.286062241
0.999999583 0.000842142 -0.000322725 0.175857872 -0.000841824 0.999999166 0.000983838 -0.263696790 0.000323553 -0.000983566 0.999999464 8.610903740
0.999999464 0.001011097 0.000013720 0.179741964 -0.001011112 0.999998868 0.001188544 -0.271453351 -0.000012519 -0.001188557 0.999999285 8.948568344
0.999999642 0.000782329 -0.000192496 0.186728314 -0.000782103 0.999999046 0.001171810 -0.282947153 0.000193413 -0.001171659 0.999999344 9.284847260
0.999999464 0.000900103 0.000269485 0.188101709 -0.000900356 0.999999166 0.000938778 -0.289915502 -0.000268640 -0.000939021 0.999999523 9.635089874
0.999999940 0.000290615 0.000009853 0.196886316 -0.000290634 0.999998152 0.001897285 -0.305389762 -0.000009301 -0.001897288 0.999998212 9.955938339
0.999999762 0.000719406 0.000096085 0.205461115 -0.000719625 0.999997079 0.002297925 -0.318330795 -0.000094431 -0.002297993 0.999997377 10.306142807
0.999999702 0.000637873 0.000430036 0.205729634 -0.000638735 0.999997735 0.002007422 -0.330238074 -0.000428755 -0.002007696 0.999997854 10.661749840
0.999999762 0.000423021 0.000371821 0.211742625 -0.000423551 0.999998868 0.001426150 -0.333077580 -0.000371217 -0.001426307 0.999998868 11.037053108
0.999999464 0.000883605 0.000576846 0.218354955 -0.000884626 0.999997973 0.001771711 -0.346475989 -0.000575280 -0.001772220 0.999998212 11.415195465
0.999999523 0.000820264 0.000588986 0.229910985 -0.000821371 0.999997914 0.001881357 -0.356063634 -0.000587441 -0.001881840 0.999998033 11.794528008
0.999999702 0.000506884 0.000457318 0.235432923 -0.000507611 0.999998569 0.001590180 -0.366375655 -0.000456511 -0.001590411 0.999998629 12.180212975
0.999999583 0.000502684 0.000731947 0.242742613 -0.000503833 0.999998629 0.001570172 -0.377743721 -0.000731156 -0.001570540 0.999998450 12.569737434
0.999999106 0.000882783 0.000997858 0.246896952 -0.000884259 0.999998510 0.001479366 -0.385895193 -0.000996550 -0.001480247 0.999998391 12.964450836
0.999999225 0.001077586 0.000639192 0.259791106 -0.001078570 0.999998212 0.001541498 -0.398753941 -0.000637530 -0.001542187 0.999998629 13.373525620
0.999998748 0.000904548 0.001250954 0.267768681 -0.000906615 0.999998152 0.001652590 -0.407658994 -0.001249457 -0.001653722 0.999997914 13.785540581
0.999998868 0.000923003 0.001149088 0.275332898 -0.000925014 0.999998033 0.001751079 -0.420386732 -0.001147469 -0.001752140 0.999997795 14.198369026
0.999999464 0.000333568 0.000949747 0.290257812 -0.000334984 0.999998868 0.001491636 -0.429842800 -0.000949248 -0.001491953 0.999998391 14.619845390
0.999999225 0.000463047 0.001271567 0.296509534 -0.000465473 0.999998093 0.001908162 -0.444271743 -0.001270681 -0.001908752 0.999997377 15.049156189
0.999998510 0.000824829 0.001523114 0.307817608 -0.000828162 0.999997199 0.002188553 -0.458719999 -0.001521305 -0.002189811 0.999996424 15.480233192
0.999996901 0.001075820 0.002241930 0.314143240 -0.001080308 0.999997556 0.002001370 -0.470032483 -0.002239770 -0.002003785 0.999995470 15.920102119
0.999996901 0.000716110 0.002351712 0.325117588 -0.000721039 0.999997556 0.002095912 -0.481926322 -0.002350206 -0.002097602 0.999994993 16.366329193
0.999995470 0.001138170 0.002785741 0.330050766 -0.001143060 0.999997735 0.001754122 -0.492756546 -0.002783739 -0.001757298 0.999994516 16.820793152
0.999995053 0.001064756 0.002960643 0.341048956 -0.001070748 0.999997377 0.002022958 -0.505811512 -0.002958480 -0.002026118 0.999993503 17.279720306
0.999993503 0.001269372 0.003382462 0.349967182 -0.001275658 0.999997437 0.001856710 -0.516396582 -0.003380097 -0.001861013 0.999992549 17.738580704
0.999992967 0.001250933 0.003527992 0.360039651 -0.001255867 0.999998152 0.001396716 -0.524865925 -0.003526239 -0.001401137 0.999992788 18.207387924
0.999995410 0.000021710 0.003049496 0.383044213 -0.000027050 0.999998391 0.001751104 -0.534594536 -0.003049455 -0.001751179 0.999993801 18.658718109
0.999992669 0.001279566 0.003609884 0.394400388 -0.001287018 0.999997020 0.002062598 -0.557014823 -0.003607234 -0.002067228 0.999991357 19.150569916
0.999991357 0.001255176 0.003974121 0.410174668 -0.001262010 0.999997735 0.001717634 -0.565754652 -0.003971955 -0.001722634 0.999990642 19.632164001
0.999989271 0.001301488 0.004455085 0.409391165 -0.001308138 0.999998033 0.001490199 -0.569315493 -0.004453137 -0.001496010 0.999988973 20.136228561
0.999991715 0.001890881 0.003604765 0.428682804 -0.001898229 0.999996126 0.002036230 -0.597619534 -0.003600901 -0.002043055 0.999991417 20.616170883
0.999990106 0.002279126 0.003833417 0.434388876 -0.002286572 0.999995470 0.001939290 -0.605757177 -0.003828980 -0.001948036 0.999990761 21.121248245
0.999993980 0.001952230 0.002837227 0.445549607 -0.001957243 0.999996483 0.001765366 -0.614809752 -0.002833770 -0.001770909 0.999994457 21.629653931
0.999994218 0.001678293 0.002929481 0.447178632 -0.001685869 0.999995232 0.002585609 -0.645189762 -0.002925128 -0.002590533 0.999992371 22.136034012
0.999994457 0.002047149 0.002640751 0.457552701 -0.002053162 0.999995291 0.002276207 -0.649858892 -0.002636079 -0.002281616 0.999993980 22.651813507
0.999996126 0.001911605 0.002020933 0.466456473 -0.001916784 0.999994874 0.002564380 -0.670043886 -0.002016021 -0.002568244 0.999994636 23.181373596
0.999998331 0.001522998 0.000972056 0.483247042 -0.001525661 0.999994993 0.002745248 -0.687926412 -0.000967871 -0.002746727 0.999995768 23.697343826
0.999999523 0.000780515 0.000485334 0.493295908 -0.000781549 0.999997437 0.002133766 -0.702424586 -0.000483667 -0.002134145 0.999997616 24.231510162
0.999998689 0.001625193 0.000229984 0.502969384 -0.001625796 0.999995172 0.002646020 -0.714480579 -0.000225683 -0.002646390 0.999996483 24.770385742
0.999997497 0.002177489 -0.000454307 0.508669734 -0.002176358 0.999994576 0.002477187 -0.727732480 0.000459698 -0.002476192 0.999996841 25.309701920
0.999997258 0.002177615 -0.000824312 0.517046750 -0.002175409 0.999994099 0.002668156 -0.740246594 0.000830116 -0.002666356 0.999996066 25.851547241
0.999997318 0.001945960 -0.001236177 0.525243580 -0.001942431 0.999994040 0.002849370 -0.757989824 0.001241715 -0.002846961 0.999995172 26.402366638
0.999995589 0.001563673 -0.002542657 0.544917047 -0.001555102 0.999993026 0.003369178 -0.775225461 0.002547908 -0.003365209 0.999991059 26.944000244
0.999995053 0.002156653 -0.002296899 0.544755757 -0.002149067 0.999992192 0.003299943 -0.786536396 0.002303999 -0.003294990 0.999991894 27.499328613
0.999991596 0.003750872 -0.001650214 0.537622094 -0.003746443 0.999989331 0.002678739 -0.795194626 0.001660244 -0.002672535 0.999995112 28.029226303
0.999993801 0.002533007 -0.002446985 0.552663267 -0.002524058 0.999990165 0.003653198 -0.819579601 0.002456215 -0.003647000 0.999990344 28.587108612
0.999993086 0.002677469 -0.002598045 0.560988903 -0.002668122 0.999990046 0.003594339 -0.832766533 0.002607643 -0.003587382 0.999990165 29.130756378
0.999991477 0.002610394 -0.003238834 0.573746383 -0.002598448 0.999989808 0.003687240 -0.849112153 0.003248426 -0.003678791 0.999987960 29.691379547
0.999990463 0.002395055 -0.003640348 0.579769552 -0.002380904 0.999989748 0.003886597 -0.861900032 0.003649618 -0.003877893 0.999985814 30.236867905
0.999989390 0.002631282 -0.003782455 0.587751865 -0.002617642 0.999990046 0.003606397 -0.875969648 0.003791907 -0.003596458 0.999986351 30.786727905
0.999988854 0.002343259 -0.004099290 0.598906159 -0.002327264 0.999989629 0.003902433 -0.889872491 0.004108393 -0.003892850 0.999983907 31.332584381
0.999987006 0.002818336 -0.004248382 0.603573859 -0.002802719 0.999989450 0.003677634 -0.899486423 0.004258701 -0.003665679 0.999984205 31.887018204
0.999988854 0.002083448 -0.004243754 0.613393784 -0.002068248 0.999991536 0.003583152 -0.912643373 0.004251183 -0.003574335 0.999984562 32.434032440
0.999987185 0.002774464 -0.004234280 0.613375783 -0.002759404 0.999989867 0.003558418 -0.924410522 0.004244110 -0.003546688 0.999984682 32.989139557
0.999981999 0.003318002 -0.005002753 0.629226863 -0.003297457 0.999986112 0.004109355 -0.946684837 0.005016319 -0.004092784 0.999979079 33.527759552
0.999985576 0.002912834 -0.004498928 0.628975511 -0.002897402 0.999989867 0.003432483 -0.949527204 0.004508881 -0.003419399 0.999983966 34.095401764
0.999985039 0.002547877 -0.004835111 0.635621130 -0.002529944 0.999989867 0.003711323 -0.965806365 0.004844518 -0.003699035 0.999981403 34.644515991
0.999983132 0.003037078 -0.004940900 0.645421565 -0.003019544 0.999989092 0.003552313 -0.981761396 0.004951635 -0.003537334 0.999981463 35.185844421
0.999983251 0.002631317 -0.005148108 0.651613414 -0.002613711 0.999990642 0.003423561 -0.987765789 0.005157068 -0.003410048 0.999980867 35.737457275
0.999980927 0.003399788 -0.005150030 0.655865312 -0.003383873 0.999989390 0.003096045 -0.999826074 0.005160502 -0.003078559 0.999981999 36.284111023
0.999980152 0.002961682 -0.005567797 0.673828602 -0.002943133 0.999990046 0.003336989 -1.015465379 0.005577625 -0.003320536 0.999978840 36.856674194
0.999978840 0.002872525 -0.005836661 0.679680169 -0.002855199 0.999991417 0.002974823 -1.019932985 0.005845156 -0.002958095 0.999978483 37.409633636
0.999978006 0.002787316 -0.006030362 0.692060590 -0.002767890 0.999990880 0.003227464 -1.041767716 0.006039303 -0.003210701 0.999976575 37.958393097
0.999978304 0.002610280 -0.006062781 0.697140574 -0.002591616 0.999991894 0.003084515 -1.052790046 0.006070783 -0.003068735 0.999976814 38.508136749
0.999977231 0.003256306 -0.005924915 0.706465721 -0.003238600 0.999990225 0.002995677 -1.068824053 0.005934611 -0.002976420 0.999977946 39.049980164
0.999974549 0.003399590 -0.006279103 0.720351756 -0.003381799 0.999990165 0.002841876 -1.076645017 0.006288702 -0.002820569 0.999976277 39.620471954
0.999971330 0.003932727 -0.006473815 0.737159371 -0.003908989 0.999985456 0.003675223 -1.108027339 0.006488175 -0.003649812 0.999972165 40.170406342
0.999973655 0.003718947 -0.006241739 0.747528434 -0.003693494 0.999984741 0.004084174 -1.127225041 0.006256833 -0.004061012 0.999972105 40.702819824
0.999968171 0.004732760 -0.006429911 0.764592886 -0.004711086 0.999983072 0.003381419 -1.130071759 0.006445806 -0.003351019 0.999973476 41.257122040
0.999974251 0.003585734 -0.006219340 0.731821656 -0.003564739 0.999987900 0.003383461 -1.138410211 0.006231397 -0.003361203 0.999974906 41.798416138
0.999974072 0.003199098 -0.006459427 0.743753791 -0.003178216 0.999989629 0.003240577 -1.150519252 0.006469727 -0.003219964 0.999973834 42.342819214
0.999971032 0.003602081 -0.006706248 0.756796837 -0.003578759 0.999987483 0.003486471 -1.169882894 0.006718723 -0.003462370 0.999971390 42.891159058
0.999970436 0.003823168 -0.006671595 0.752835751 -0.003796434 0.999984741 0.004015242 -1.183590055 0.006686844 -0.003989795 0.999969602 43.438938141
0.999975979 0.003691332 -0.005871669 0.751793504 -0.003669693 0.999986470 0.003692057 -1.196347475 0.005885218 -0.003670420 0.999975920 43.995822906
0.999978542 0.003341039 -0.005633980 0.754475713 -0.003316646 0.999985158 0.004333387 -1.219506502 0.005648374 -0.004314608 0.999974668 44.519065857
0.999975085 0.003782006 -0.005954262 0.757587314 -0.003754899 0.999982476 0.004557364 -1.233549714 0.005971394 -0.004534892 0.999971867 45.080196381
0.999980390 0.003799478 -0.004977352 0.761781514 -0.003778966 0.999984264 0.004124164 -1.242471695 0.004992943 -0.004105273 0.999979138 45.632339478
0.999979138 0.004194386 -0.004923014 0.779816389 -0.004172516 0.999981344 0.004444249 -1.259675980 0.004941563 -0.004423615 0.999978006 46.161941528
0.999982715 0.003473155 -0.004745740 0.779248238 -0.003450356 0.999982536 0.004803953 -1.272202373 0.004762341 -0.004787495 0.999977171 46.683994293
0.999971628 0.004026663 -0.006362956 0.799861789 -0.003995783 0.999980330 0.004858168 -1.288824320 0.006382393 -0.004832605 0.999967933 47.258789062
0.999976277 0.002588827 -0.006392031 0.808428884 -0.002560823 0.999987125 0.004385590 -1.295276999 0.006403302 -0.004369115 0.999969900 47.809268951
0.999975085 0.003212050 -0.006280785 0.811080813 -0.003181075 0.999982774 0.004935602 -1.309271574 0.006296530 -0.004915499 0.999968052 48.359279633
0.999973118 0.003334281 -0.006529602 0.820310295 -0.003306878 0.999985695 0.004203024 -1.311075568 0.006543523 -0.004181319 0.999969780 48.911441803
0.999972880 0.003652262 -0.006406430 0.826209068 -0.003626635 0.999985397 0.004007199 -1.323777914 0.006420973 -0.003983857 0.999971390 49.456893921
0.999972165 0.003848736 -0.006394756 0.838275731 -0.003825092 0.999985874 0.003705529 -1.335881114 0.006408927 -0.003680965 0.999972641 50.006633759
0.999969602 0.003080865 -0.007163283 0.853755176 -0.003050895 0.999986589 0.004190864 -1.351367950 0.007176098 -0.004168883 0.999965549 50.560146332
0.999966919 0.003206766 -0.007468912 0.860137224 -0.003178578 0.999987841 0.003782789 -1.364808559 0.007480952 -0.003758924 0.999964952 51.111320496
0.999967277 0.003941873 -0.007064208 0.863652647 -0.003915409 0.999985337 0.003756074 -1.377461076 0.007078909 -0.003728292 0.999967992 51.660507202
0.999965250 0.003203237 -0.007697230 0.877327025 -0.003172018 0.999986649 0.004064820 -1.396621704 0.007710148 -0.004040263 0.999962091 52.205364227
0.999969244 0.002895701 -0.007299135 0.882691860 -0.002870962 0.999990046 0.003397450 -1.404979467 0.007308901 -0.003376390 0.999967515 52.765846252
0.999971926 0.002676885 -0.006999248 0.884620309 -0.002653224 0.999990761 0.003387836 -1.419708133 0.007008252 -0.003369170 0.999969721 53.298900604
0.999970853 0.003423258 -0.006827185 0.881738663 -0.003394954 0.999985635 0.004153053 -1.437043309 0.006841304 -0.004129754 0.999967992 53.879970551
0.999972939 0.003433713 -0.006503430 0.889783919 -0.003406745 0.999985576 0.004153130 -1.452316999 0.006517597 -0.004130862 0.999970138 54.429519653
0.999972522 0.003565414 -0.006499329 0.896012068 -0.003537281 0.999984324 0.004334874 -1.467824221 0.006514682 -0.004311765 0.999969482 54.971187592
0.999969840 0.002716956 -0.007277507 0.909445167 -0.002686186 0.999987423 0.004234644 -1.484266996 0.007288921 -0.004214968 0.999964535 55.492797852
0.999969363 0.004160941 -0.006634554 0.908310592 -0.004135231 0.999983907 0.003884235 -1.493231535 0.006650610 -0.003856681 0.999970436 56.048587799
0.999967992 0.003311797 -0.007296226 0.914750457 -0.003280979 0.999985635 0.004231971 -1.505918264 0.007310138 -0.004207897 0.999964356 56.590518951
0.999970019 0.003348778 -0.006987362 0.929987192 -0.003318350 0.999984980 0.004361775 -1.523798227 0.007001864 -0.004338458 0.999966085 57.121089935
0.999967337 0.003495238 -0.007287416 0.934378147 -0.003464280 0.999984860 0.004256386 -1.534714818 0.007302183 -0.004231001 0.999964356 57.670776367
0.999965668 0.003381457 -0.007568466 0.941352844 -0.003349957 0.999985635 0.004170740 -1.551620960 0.007582461 -0.004145242 0.999962628 58.220397949
0.999967337 0.003358398 -0.007342502 0.951505542 -0.003328173 0.999985874 0.004124778 -1.561403751 0.007356251 -0.004100206 0.999964535 58.754455566
0.999968410 0.002994200 -0.007354930 0.954247892 -0.002965371 0.999987900 0.003927290 -1.568161964 0.007366599 -0.003905357 0.999965250 59.307567596
0.999971569 0.003527734 -0.006655531 0.952159286 -0.003500763 0.999985576 0.004059806 -1.584547639 0.006669756 -0.004036391 0.999969602 59.844913483
0.999970913 0.003493591 -0.006780265 0.956647694 -0.003467694 0.999986768 0.003827161 -1.593006492 0.006793545 -0.003803538 0.999969661 60.390983582
0.999968767 0.003907641 -0.006873564 0.961389601 -0.003878534 0.999983490 0.004242958 -1.606664419 0.006890031 -0.004216167 0.999967337 60.946174622
0.999970436 0.003786246 -0.006688812 0.967188597 -0.003759804 0.999985099 0.003961251 -1.617544770 0.006703711 -0.003935985 0.999969780 61.468605042
0.999972045 0.003241406 -0.006741885 0.983299315 -0.003214893 0.999987066 0.003939662 -1.633289814 0.006754568 -0.003917877 0.999969482 62.004405975
0.999968708 0.003704071 -0.006978887 0.988052607 -0.003677071 0.999985754 0.003877668 -1.644721866 0.006993151 -0.003851885 0.999968112 62.569366455
0.999968588 0.004100980 -0.006771279 0.992701232 -0.004076475 0.999985099 0.003628873 -1.651881814 0.006786060 -0.003601157 0.999970496 63.102241516
0.999971151 0.004223814 -0.006304763 0.991831660 -0.004201088 0.999984682 0.003613487 -1.659751177 0.006319929 -0.003586896 0.999973595 63.651214600
0.999966860 0.004554048 -0.006746650 0.998686194 -0.004527098 0.999981701 0.004004488 -1.681776643 0.006764764 -0.003973813 0.999969184 64.202270508
0.999967456 0.003940767 -0.007041284 1.022363663 -0.003913960 0.999984980 0.003816881 -1.700005293 0.007056220 -0.003789197 0.999967933 64.739418030
0.999965072 0.004144292 -0.007249502 1.036883831 -0.004118071 0.999984920 0.003628088 -1.710894704 0.007264428 -0.003598108 0.999967098 65.276840210
0.999968112 0.003953937 -0.006938322 1.037358522 -0.003928008 0.999985218 0.003746741 -1.721163392 0.006953034 -0.003719368 0.999968946 65.830680847
0.999965668 0.004458413 -0.006981254 1.044414639 -0.004433195 0.999983609 0.003623665 -1.733842611 0.006997295 -0.003592592 0.999969065 66.377853394
0.999969006 0.004363553 -0.006559250 1.044384241 -0.004345082 0.999986589 0.002827675 -1.736528754 0.006571501 -0.002799086 0.999974489 66.933807373
0.999964833 0.004514798 -0.007066001 1.059750438 -0.004489911 0.999983668 0.003533938 -1.760870218 0.007081841 -0.003502087 0.999968827 67.472854614
0.999963403 0.004413204 -0.007326556 1.079897881 -0.004384135 0.999982417 0.003979114 -1.773233771 0.007343989 -0.003946848 0.999965191 68.003875732
0.999960065 0.004579093 -0.007674480 1.095641851 -0.004546004 0.999980271 0.004323594 -1.794105053 0.007694128 -0.004288532 0.999961197 68.531341553
0.999962091 0.004734082 -0.007313684 1.097210646 -0.004704689 0.999980807 0.004030964 -1.804267168 0.007332627 -0.003996402 0.999965131 69.086738586
0.999961197 0.004912828 -0.007305667 1.094671011 -0.004887803 0.999982119 0.003439425 -1.806538224 0.007322434 -0.003403583 0.999967337 69.641998291
0.999961317 0.004723639 -0.007426017 1.107846737 -0.004696152 0.999982059 0.003714499 -1.820680857 0.007443430 -0.003679481 0.999965489 70.184127808
0.999963284 0.004912897 -0.007027160 1.114843607 -0.004887725 0.999981523 0.003594825 -1.839421988 0.007044693 -0.003560346 0.999968827 70.731513977
0.999961078 0.004691571 -0.007473143 1.118692517 -0.004670134 0.999984920 0.002883445 -1.839844227 0.007486559 -0.002848432 0.999967933 71.280349731
0.999961197 0.004448030 -0.007603034 1.131192327 -0.004429822 0.999987304 0.002410010 -1.852529168 0.007613657 -0.002376235 0.999968231 71.827682495
0.999964774 0.004728928 -0.006940895 1.131031632 -0.004708627 0.999984682 0.002938263 -1.867413521 0.006954683 -0.002905477 0.999971628 72.372787476
0.999963582 0.004816793 -0.007043092 1.130389333 -0.004795622 0.999984086 0.003019887 -1.884635329 0.007057526 -0.002986001 0.999970555 72.912361145
0.999964297 0.004706772 -0.007020107 1.138123751 -0.004685370 0.999984324 0.003061976 -1.898342609 0.007034409 -0.003028975 0.999970675 73.458953857
0.999962926 0.004903128 -0.007073836 1.139598608 -0.004885762 0.999984980 0.002470211 -1.903583884 0.007085842 -0.002435557 0.999971926 74.010322571
0.999962509 0.004576579 -0.007351572 1.152568698 -0.004555387 0.999985456 0.002896863 -1.924049616 0.007364722 -0.002863265 0.999968767 74.544403076
0.999964058 0.004294508 -0.007311413 1.164493561 -0.004272620 0.999986291 0.003006560 -1.938303828 0.007324224 -0.002975213 0.999968767 75.084220886
0.999964058 0.004283578 -0.007317186 1.169199705 -0.004262211 0.999986649 0.002933151 -1.952411890 0.007329653 -0.002901858 0.999968946 75.624847412
0.999964118 0.004260222 -0.007318281 1.180007458 -0.004239643 0.999986947 0.002825360 -1.966882825 0.007330223 -0.002794232 0.999969244 76.176246643
0.999960780 0.005081881 -0.007246256 1.183917046 -0.005058887 0.999982119 0.003187970 -1.980882406 0.007262327 -0.003151188 0.999968708 76.728347778
0.999962687 0.004225879 -0.007532947 1.196051836 -0.004203293 0.999986649 0.003011529 -1.998055935 0.007545573 -0.002979753 0.999967039 77.268005371
0.999963403 0.004517533 -0.007259454 1.202185392 -0.004495965 0.999985456 0.002984670 -2.010025263 0.007272832 -0.002951923 0.999969184 77.812370300
0.999963343 0.003633989 -0.007753650 1.209433317 -0.003607767 0.999987721 0.003393222 -2.027247429 0.007765886 -0.003365124 0.999964178 78.356773376
0.999965549 0.003523136 -0.007515091 1.221262932 -0.003503579 0.999990404 0.002614020 -2.038181305 0.007524229 -0.002587600 0.999968290 78.899963379
0.999964476 0.003903352 -0.007473380 1.223073363 -0.003880441 0.999987662 0.003077904 -2.051778555 0.007485303 -0.003048794 0.999967337 79.442955017
0.999963760 0.004324631 -0.007340572 1.225028038 -0.004303159 0.999986470 0.002938362 -2.064118147 0.007353180 -0.002906667 0.999968767 79.995994568
0.999962151 0.003838811 -0.007807942 1.240846395 -0.003816773 0.999988675 0.002835649 -2.079073191 0.007818740 -0.002805740 0.999965429 80.520912170
0.999970555 0.004359155 -0.006313877 1.243610859 -0.004340653 0.999986172 0.002941177 -2.091392994 0.006326612 -0.002913684 0.999975681 81.074356079
0.999977589 0.003994729 -0.005376338 1.254036784 -0.003980435 0.999988496 0.002666787 -2.101042509 0.005386929 -0.002645326 0.999981999 81.626167297
0.999982655 0.004083798 -0.004236467 1.263872385 -0.004072240 0.999987960 0.002733340 -2.115189075 0.004247578 -0.002716041 0.999987304 82.168487549
0.999986887 0.004191925 -0.002946607 1.273827195 -0.004183175 0.999986827 0.002969429 -2.131885052 0.002959016 -0.002957063 0.999991238 82.707481384
0.999991655 0.004086673 0.000180963 1.291169286 -0.004087094 0.999988794 0.002388976 -2.143731594 -0.000171198 -0.002389695 0.999997199 83.255271912
0.999989152 0.003611091 0.002943564 1.323362827 -0.003617804 0.999990821 0.002278203 -2.145904064 -0.002935309 -0.002288827 0.999993086 83.732353210
0.999953926 0.004499816 0.008482448 1.274266958 -0.004515801 0.999988019 0.001866243 -2.149443626 -0.008473948 -0.001904462 0.999962270 84.286621094
0.999916971 0.004696682 0.011998853 1.340532303 -0.004731602 0.999984562 0.002883607 -2.193597078 -0.011985121 -0.002940140 0.999923825 84.898094177
0.999832213 0.004200955 0.017832667 1.363423824 -0.004254334 0.999986470 0.002956452 -2.205770969 -0.017820008 -0.003031821 0.999836564 85.455917358
0.999714434 0.004027419 0.023555748 1.393889666 -0.004107228 0.999985993 0.003340722 -2.228465557 -0.023541961 -0.003436517 0.999716818 85.976791382
0.999556184 0.004246303 0.029483546 1.422155976 -0.004331030 0.999986768 0.002810431 -2.238150597 -0.029471217 -0.002936878 0.999561310 86.550445557
0.999287367 0.003963298 0.037538074 1.457067966 -0.004091164 0.999986053 0.003330084 -2.254530430 -0.037524354 -0.003481286 0.999289632 87.105476379
0.998924494 0.004496074 0.046147197 1.494105339 -0.004651054 0.999983907 0.003251569 -2.268412590 -0.046131834 -0.003462705 0.998929381 87.637664795
0.998583853 0.004061583 0.053045470 1.531060934 -0.004236275 0.999986112 0.003181218 -2.288024902 -0.053031810 -0.003401428 0.998586953 88.187637329
0.998093963 0.003443334 0.061617143 1.590309381 -0.003621002 0.999989629 0.002771974 -2.298936367 -0.061606962 -0.002989806 0.998095989 88.739753723
0.997388184 0.004639698 0.072078824 1.645986080 -0.004888088 0.999982715 0.003270071 -2.319119692 -0.072062403 -0.003613858 0.997393608 89.256843567
0.996741116 0.003433414 0.080593497 1.712745190 -0.003680869 0.999988914 0.002922026 -2.327232838 -0.080582567 -0.003209157 0.996742725 89.828392029
0.996107876 0.002769279 0.088099301 1.781899929 -0.003010842 0.999992073 0.002609170 -2.340113878 -0.088091388 -0.002864268 0.996108294 90.373077393
0.995000303 0.003237859 0.099819280 1.846389294 -0.003525162 0.999990165 0.002701967 -2.357513666 -0.099809550 -0.003040337 0.995001912 90.936042786
0.993849635 0.002991710 0.110697284 1.919246674 -0.003343137 0.999989927 0.002989193 -2.371652126 -0.110687226 -0.003340885 0.993849635 91.472412109
0.992786109 0.002512134 0.119872056 2.002819061 -0.002876097 0.999991834 0.002863352 -2.386078358 -0.119863875 -0.003187459 0.992785215 91.999412537
0.991452932 0.002788289 0.130434915 2.116124153 -0.003251732 0.999989152 0.003340210 -2.406617165 -0.130424216 -0.003735801 0.991451263 92.555503845
0.989844739 0.002576914 0.142129377 2.217900276 -0.003043373 0.999990702 0.003064649 -2.419959307 -0.142120153 -0.003466080 0.989843369 93.104690552
0.988262653 0.002286694 0.152747303 2.321789742 -0.002816741 0.999990761 0.003253789 -2.435241938 -0.152738467 -0.003645848 0.988259852 93.649459839
0.986559570 0.001979282 0.163390130 2.431145668 -0.002525314 0.999991894 0.003134261 -2.446262121 -0.163382605 -0.003504748 0.986556530 94.184761047
0.984433651 0.001701091 0.175748244 2.555714607 -0.002286072 0.999992490 0.003126105 -2.461475849 -0.175741583 -0.003479217 0.984430134 94.706680298
0.982137561 0.000626770 0.188163325 2.678549767 -0.001235220 0.999994338 0.003116385 -2.475385189 -0.188160330 -0.003293142 0.982132792 95.231712341
0.979977310 0.001324290 0.199104518 2.795721054 -0.002007961 0.999992788 0.003231845 -2.485869169 -0.199098796 -0.003566929 0.979972839 95.805427551
0.977291882 0.001643152 0.211891159 2.936344147 -0.002393053 0.999991715 0.003282688 -2.498716354 -0.211884037 -0.003715211 0.977287829 96.339347839
0.974255621 0.000930709 0.225444853 3.084037781 -0.001743969 0.999992728 0.003408234 -2.511095524 -0.225440055 -0.003713660 0.974249959 96.860992432
0.971604347 0.000446746 0.236610770 3.220003128 -0.001317610 0.999992907 0.003522467 -2.526751041 -0.236607507 -0.003734205 0.971598148 97.388748169
0.968626916 0.000391154 0.248519048 3.382402420 -0.001340298 0.999992430 0.003650013 -2.548864841 -0.248515725 -0.003868590 0.968620241 97.905067444
0.965037286 0.001059409 0.262110263 3.549755096 -0.002122595 0.999990642 0.003773161 -2.559391737 -0.262103826 -0.004197595 0.965030551 98.426551819
0.961445332 0.000616957 0.274995446 3.714847565 -0.001694430 0.999991775 0.003680606 -2.566903830 -0.274990946 -0.004004664 0.961438417 98.962150574
0.958340943 -0.000399237 0.285626411 3.893922806 -0.000755034 0.999991953 0.003931059 -2.581059933 -0.285625666 -0.003982953 0.958332956 99.473846436
0.954080403 -0.000112415 0.299550563 4.071575165 -0.001214070 0.999990225 0.004242133 -2.597624063 -0.299548119 -0.004411012 0.954070985 99.984985352
0.949704587 -0.000025094 0.313147306 4.268743515 -0.001095116 0.999993563 0.003401370 -2.596342564 -0.313145399 -0.003573230 0.949698448 100.512573242
0.945782304 -0.000629504 0.324800611 4.462329865 -0.000377361 0.999995232 0.003036947 -2.600395203 -0.324801058 -0.002994858 0.945777595 101.043258667
0.941146612 -0.000917868 0.337997347 4.665649414 -0.000068661 0.999995708 0.002906781 -2.615421295 -0.337998599 -0.002758914 0.941142559 101.553680420
0.935911119 -0.001007453 0.352234870 4.882289886 -0.000039093 0.999995589 0.002964032 -2.630380869 -0.352236360 -0.002787841 0.935906887 102.061759949
0.931377411 -0.001699384 0.364051104 5.115419388 0.000536869 0.999994457 0.003294446 -2.645865679 -0.364054620 -0.002872926 0.931373179 102.578201294
0.926774025 -0.002245037 0.375612438 5.348663330 0.001322287 0.999995470 0.002714407 -2.652549505 -0.375616789 -0.002018975 0.926772833 103.101669312
0.920817673 -0.002027968 0.389988005 5.578784943 0.000919134 0.999994993 0.003029845 -2.669800520 -0.389992207 -0.002431484 0.920814931 103.583641052
0.915453911 -0.003038861 0.402411371 5.809539795 0.002013838 0.999993563 0.002970258 -2.681505442 -0.402417809 -0.001908744 0.915454268 104.039253235
0.910674751 -0.002979638 0.413113207 6.056896210 0.001857436 0.999993384 0.003118027 -2.702073812 -0.413119704 -0.002072178 0.910674393 104.519485474
0.904065669 -0.003582238 0.427378565 6.313625336 0.002889688 0.999993205 0.002269058 -2.697756767 -0.427383780 -0.000816387 0.904069960 105.052253723
0.897867620 -0.004339713 0.440244138 6.595760345 0.003193697 0.999989331 0.003343939 -2.732711554 -0.440253943 -0.001596407 0.897871912 105.511764526
0.892262340 -0.005003029 0.451489598 6.868659973 0.003880919 0.999986708 0.003411294 -2.750755072 -0.451500624 -0.001291574 0.892269909 105.977249146
0.886624575 -0.004901276 0.462463796 7.134071350 0.003666489 0.999987006 0.003568740 -2.762343645 -0.462475210 -0.001468514 0.886631012 106.458480835
0.879148066 -0.005468019 0.476517230 7.417873383 0.004443367 0.999984741 0.003277022 -2.766362190 -0.476527840 -0.000763647 0.879158974 106.952499390
