1.000000000 0.000000000 0.000000000 0.000000000 0.000000000 1.000000000 0.000000000 0.000000000 0.000000000 0.000000000 1.000000000 0.000000000
1.000000000 0.000054319 -0.000088558 0.002796568 -0.000054312 1.000000000 0.000074473 -0.001384219 0.000088562 -0.000074468 1.000000000 -0.000884432
1.000000000 0.000140867 0.000064522 -0.001485890 -0.000140869 1.000000000 0.000022758 -0.001184515 -0.000064519 -0.000022767 1.000000000 -0.001611136
1.000000000 -0.000142237 -0.000133691 0.007001624 0.000142249 1.000000000 0.000089471 -0.002057881 0.000133678 -0.000089490 1.000000000 -0.002339693
1.000000000 -0.000099861 -0.000152227 0.004163273 0.000099871 1.000000000 0.000066815 -0.001250448 0.000152220 -0.000066830 1.000000000 -0.002702862
1.000000000 0.000007093 0.000063886 -0.000514674 -0.000007091 1.000000000 -0.000037147 -0.000446768 -0.000063886 0.000037146 1.000000000 -0.001014700
1.000000000 -0.000080312 -0.000087167 0.003420267 0.000080322 1.000000000 0.000111304 -0.001712326 0.000087158 -0.000111311 1.000000000 -0.004610932
1.000000000 -0.000045503 0.000004561 -0.001293854 0.000045502 1.000000000 0.000057849 0.000249539 -0.000004564 -0.000057849 1.000000000 0.002897626
1.000000000 0.000088655 -0.000044857 0.002350577 -0.000088654 1.000000000 0.000025931 -0.002756273 0.000044859 -0.000025927 1.000000000 -0.006646270
1.000000000 -0.000013657 0.000010485 0.001075590 0.000013656 1.000000000 0.000115265 -0.001266245 -0.000010486 -0.000115264 1.000000000 -0.005740865
1.000000000 0.000082041 0.000047089 -0.000561972 -0.000082042 1.000000000 0.000013460 -0.000504995 -0.000047088 -0.000013464 1.000000000 -0.001711689
1.000000000 -0.000109829 -0.000069328 0.001133330 0.000109831 1.000000000 0.000019214 -0.001853003 0.000069326 -0.000019221 1.000000000 -0.006533918
1.000000000 0.000020852 0.000061378 0.000334562 -0.000020852 1.000000000 0.000007507 -0.001144112 -0.000061378 -0.000007509 1.000000000 -0.003587180
1.000000000 0.000092614 0.000009193 0.001013104 -0.000092614 1.000000000 0.000046185 -0.002121113 -0.000009189 -0.000046186 1.000000000 -0.006088552
1.000000000 -0.000108125 -0.000075884 0.001427180 0.000108131 1.000000000 0.000090868 -0.001805901 0.000075874 -0.000090876 1.000000000 -0.006337358
1.000000000 -0.000068248 -0.000088749 -0.000547334 0.000068255 1.000000000 0.000077120 -0.002181476 0.000088743 -0.000077126 1.000000000 -0.005209479
1.000000000 -0.000125090 0.000021383 0.000402617 0.000125088 1.000000000 0.000087202 -0.001376144 -0.000021394 -0.000087199 1.000000000 -0.007393524
1.000000000 0.000065209 -0.000028692 0.002061214 -0.000065204 1.000000000 0.000146800 -0.003310588 0.000028701 -0.000146798 1.000000000 -0.010058461
1.000000000 -0.000236802 -0.000038526 0.002624819 0.000236806 0.999999940 0.000116934 -0.003366205 0.000038498 -0.000116943 1.000000000 -0.008720418
1.000000000 -0.000058546 -0.000015106 0.000970130 0.000058546 1.000000000 0.000052416 -0.003355614 0.000015103 -0.000052417 1.000000000 -0.005762850
1.000000000 -0.000045208 -0.000052096 0.003303890 0.000045219 1.000000000 0.000207235 -0.004919800 0.000052086 -0.000207238 1.000000000 -0.008358023
1.000000000 0.000070231 0.000022299 0.000317911 -0.000070233 1.000000000 0.000087598 0.000057117 -0.000022293 -0.000087599 1.000000000 -0.004225486
1.000000000 -0.000139094 -0.000153266 0.005115775 0.000139124 1.000000000 0.000194126 -0.002669198 0.000153239 -0.000194147 0.999999940 -0.013322080
1.000000000 -0.000141620 -0.000063243 0.000638922 0.000141632 1.000000000 0.000185366 -0.002808375 0.000063216 -0.000185375 1.000000000 -0.007001670
1.000000000 -0.000015206 -0.000102277 0.004611931 0.000015221 1.000000000 0.000144875 -0.002322409 0.000102275 -0.000144877 1.000000000 -0.011808115
1.000000000 -0.000082407 -0.000028035 0.001213329 0.000082413 1.000000000 0.000225061 -0.003531571 0.000028017 -0.000225064 1.000000000 -0.011916711
1.000000000 -0.000024307 -0.000083872 0.001560275 0.000024321 1.000000000 0.000165790 -0.004643998 0.000083868 -0.000165792 1.000000000 -0.010840605
1.000000000 -0.000142984 -0.000061449 0.001596510 0.000142996 1.000000000 0.000185605 -0.003245224 0.000061422 -0.000185614 1.000000000 -0.007317905
0.999999940 -0.000289207 -0.000207471 0.002446218 0.000289233 0.999999940 0.000123625 -0.000427474 0.000207435 -0.000123685 1.000000000 -0.004112361
1.000000000 -0.000011293 -0.000034112 -0.001935909 0.000011294 1.000000000 0.000031242 0.000715483 0.000034111 -0.000031242 1.000000000 0.001424316
1.000000000 -0.000110876 -0.000012128 -0.000829596 0.000110878 1.000000000 0.000101217 -0.001042879 0.000012117 -0.000101218 1.000000000 -0.002561453
0.999999940 -0.000253846 -0.000135602 -0.001382639 0.000253864 0.999999940 0.000132502 -0.002018368 0.000135569 -0.000132537 1.000000000 -0.008849623
0.999999940 -0.000271673 -0.000177387 0.003073463 0.000271708 0.999999940 0.000194060 -0.003785573 0.000177335 -0.000194108 0.999999940 -0.008258268
1.000000000 0.000044478 0.000001627 -0.000546326 -0.000044478 1.000000000 0.000080391 -0.000728318 -0.000001624 -0.000080391 1.000000000 -0.002420645
1.000000000 -0.000099517 -0.000039126 0.000519636 0.000099518 1.000000000 0.000029105 -0.001524033 0.000039123 -0.000029109 1.000000000 -0.002802841
1.000000000 -0.000140791 -0.000008206 -0.000974094 0.000140791 1.000000000 0.000005144 -0.000286014 0.000008206 -0.000005146 1.000000000 -0.005056874
1.000000000 -0.000109715 -0.000064955 0.001751616 0.000109720 1.000000000 0.000083213 -0.001130402 0.000064946 -0.000083220 1.000000000 -0.008820571
1.000000000 -0.000170570 -0.000118920 0.001098236 0.000170573 1.000000000 0.000028447 0.000469820 0.000118915 -0.000028467 1.000000000 -0.007761916
1.000000000 -0.000166483 -0.000088216 -0.000013129 0.000166499 0.999999940 0.000186684 -0.001784214 0.000088185 -0.000186699 1.000000000 -0.009309432
0.999999940 -0.000258168 -0.000171523 0.003531512 0.000258195 0.999999940 0.000155167 -0.004167016 0.000171483 -0.000155212 1.000000000 -0.008944246
1.000000000 -0.000112596 -0.000155873 0.007771699 0.000112530 0.999999881 -0.000426178 -0.008378336 0.000155921 0.000426160 0.999999881 0.044450540
0.999999940 -0.000227693 -0.000265669 0.007278623 0.000227371 0.999999225 -0.001208610 -0.005908011 0.000265944 0.001208550 0.999999225 0.141695529
1.000000000 -0.000093995 -0.000104741 0.003895558 0.000093862 0.999999166 -0.001276954 -0.013079884 0.000104861 0.001276945 0.999999166 0.261356324
1.000000000 -0.000211788 0.000120607 0.000519330 0.000211943 0.999999166 -0.001286782 -0.018409885 -0.000120334 0.001286807 0.999999166 0.394518018
1.000000000 -0.000048894 -0.000195442 0.013957160 0.000048689 0.999999464 -0.001051001 -0.022439251 0.000195493 0.001050991 0.999999404 0.531900287
1.000000000 -0.000028734 -0.000079520 0.015819648 0.000028654 0.999999464 -0.001011134 -0.025909994 0.000079549 0.001011131 0.999999464 0.690191567
0.999999940 -0.000080813 0.000379515 0.009248250 0.000081121 0.999999642 -0.000810211 -0.032605875 -0.000379449 0.000810242 0.999999583 0.866230309
0.999999940 -0.000282974 -0.000215370 0.027744969 0.000282859 0.999999821 -0.000533863 -0.040932488 0.000215521 0.000533802 0.999999821 1.024493814
1.000000000 -0.000091253 0.000172313 0.026115676 0.000091381 0.999999702 -0.000745634 -0.035428289 -0.000172245 0.000745650 0.999999702 1.193268061
0.999999940 -0.000315243 -0.000168078 0.042739943 0.000315224 0.999999940 -0.000112472 -0.056327041 0.000168113 0.000112419 1.000000000 1.398597598
0.999999940 -0.000002527 0.000245986 0.044079076 0.000002619 0.999999940 -0.000372854 -0.061314814 -0.000245985 0.000372854 0.999999881 1.601560593
0.999999940 -0.000246928 0.000250416 0.045827575 0.000246890 0.999999940 0.000152307 -0.067812160 -0.000250454 -0.000152245 0.999999940 1.800519347
0.999999642 0.000217669 0.000818172 0.032847881 -0.000217735 1.000000000 0.000081205 -0.072493270 -0.000818155 -0.000081383 0.999999642 1.996520042
0.999998748 0.000916123 0.001254713 0.034119166 -0.000916082 0.999999583 -0.000033348 -0.078562073 -0.001254743 0.000032199 0.999999166 2.224007130
0.999997914 0.001220715 0.001582891 0.034912981 -0.001220496 0.999999225 -0.000139579 -0.078362189 -0.001583060 0.000137647 0.999998748 2.428590059
0.999999285 0.000680506 0.000993828 0.041564222 -0.000680582 0.999999762 0.000076932 -0.095571794 -0.000993775 -0.000077609 0.999999464 2.671579123
0.999998808 0.000682628 0.001426116 0.044831160 -0.000682740 0.999999762 0.000077765 -0.102444865 -0.001426062 -0.000078738 0.999999046 2.904805183
0.999999225 0.000667048 0.001056604 0.054083586 -0.000667324 0.999999702 0.000261659 -0.108433954 -0.001056430 -0.000262364 0.999999464 3.155690193
0.999998748 0.000589098 0.001445883 0.051913995 -0.000589498 0.999999762 0.000276468 -0.114611275 -0.001445720 -0.000277320 0.999998927 3.378336668
0.999998689 0.000701183 0.001477580 0.054937132 -0.000701573 0.999999642 0.000263045 -0.127846226 -0.001477395 -0.000264082 0.999998868 3.648098230
0.999998868 0.000848386 0.001265851 0.067468412 -0.000848806 0.999999583 0.000331287 -0.134784430 -0.001265569 -0.000332361 0.999999106 3.894990683
0.999999166 0.000506952 0.001196822 0.074710801 -0.000507341 0.999999821 0.000324953 -0.137107477 -0.001196657 -0.000325560 0.999999225 4.173745155
0.999998212 0.000663753 0.001758722 0.062001955 -0.000665570 0.999999225 0.001033157 -0.156210482 -0.001758035 -0.001034325 0.999997914 4.424197197
0.999998987 0.000268874 0.001392297 0.075588167 -0.000270100 0.999999523 0.000881033 -0.162951097 -0.001392059 -0.000881408 0.999998569 4.688714027
0.999998569 0.000045659 0.001689352 0.080251791 -0.000047104 0.999999583 0.000855198 -0.169786364 -0.001689312 -0.000855276 0.999998212 4.957834244
0.999998271 0.000365445 0.001838996 0.093646586 -0.000367023 0.999999523 0.000857817 -0.181922048 -0.001838681 -0.000858490 0.999997973 5.229715824
0.999998748 -0.000082546 0.001544287 0.085773595 0.000080689 0.999999285 0.001202194 -0.193657756 -0.001544385 -0.001202068 0.999998093 5.490981102
0.999998391 -0.000334377 0.001764563 0.086258031 0.000332008 0.999999046 0.001342300 -0.202770352 -0.001765011 -0.001341712 0.999997556 5.748653889
0.999998331 -0.000698919 0.001709264 0.093858480 0.000696457 0.999998748 0.001440396 -0.209310591 -0.001710269 -0.001439203 0.999997497 6.012997150
0.999998093 0.000070295 0.001923137 0.103613645 -0.000072959 0.999998987 0.001385231 -0.219315007 -0.001923038 -0.001385368 0.999997139 6.301110744
0.999998033 0.000196621 0.001970974 0.101318881 -0.000199522 0.999998868 0.001471475 -0.246886402 -0.001970683 -0.001471866 0.999996960 6.624263763
0.999997973 0.000060777 0.002003301 0.104369096 -0.000063303 0.999999166 0.001261187 -0.252752215 -0.002003223 -0.001261311 0.999997199 6.917656898
0.999997437 -0.000421506 0.002219345 0.111843027 0.000418253 0.999998868 0.001465986 -0.262242317 -0.002219961 -0.001465055 0.999996483 7.215211868
0.999998450 -0.000360226 0.001749571 0.131452993 0.000357097 0.999998391 0.001788353 -0.276202708 -0.001750212 -0.001787726 0.999996841 7.512602806
0.999997079 -0.000438001 0.002370170 0.117816076 0.000434141 0.999998569 0.001628694 -0.282049865 -0.002370879 -0.001627660 0.999995828 7.845741272
0.999998391 -0.000638278 0.001671627 0.141498208 0.000634820 0.999997616 0.002068264 -0.308757424 -0.001672944 -0.002067199 0.999996483 8.178982735
0.999998391 -0.000277476 0.001773276 0.149228975 0.000274134 0.999998152 0.001884810 -0.315822601 -0.001773796 -0.001884321 0.999996722 8.497209549
0.999998271 -0.000667178 0.001728351 0.159118071 0.000663672 0.999997735 0.002028811 -0.318667293 -0.001729700 -0.002027660 0.999996483 8.822057724
0.999998152 -0.000559554 0.001859788 0.159733161 0.000556011 0.999998093 0.001905167 -0.328865021 -0.001860850 -0.001904129 0.999996483 9.163481712
0.999998212 -0.000227594 0.001857929 0.172906160 0.000223861 0.999997973 0.002009147 -0.332865417 -0.001858382 -0.002008728 0.999996245 9.526507378
0.999996722 -0.001369088 0.002137997 0.167295337 0.001364404 0.999996662 0.002190595 -0.360918522 -0.002140989 -0.002187670 0.999995291 9.857298851
0.999997377 -0.001167754 0.001974609 0.178769916 0.001163060 0.999996483 0.002376332 -0.372332215 -0.001977377 -0.002374029 0.999995232 10.201947212
0.999997258 -0.000678801 0.002261690 0.175555095 0.000673198 0.999996722 0.002476916 -0.387165517 -0.002263364 -0.002475387 0.999994338 10.571415901
0.999996781 -0.001393622 0.002099254 0.177537814 0.001387111 0.999994218 0.003099949 -0.402466238 -0.002103562 -0.003097028 0.999992967 10.934190750
0.999997258 -0.000992067 0.002111044 0.202106178 0.000986783 0.999996364 0.002502717 -0.393038362 -0.002113519 -0.002500627 0.999994636 11.332492828
0.999996543 -0.001545538 0.002115244 0.197013989 0.001539994 0.999995410 0.002620038 -0.435086876 -0.002119284 -0.002616771 0.999994278 11.706031799
0.999996006 -0.001869685 0.002125644 0.208536655 0.001864044 0.999994814 0.002652903 -0.441063523 -0.002130592 -0.002648930 0.999994218 12.099825859
0.999996245 -0.001871396 0.001991868 0.223797932 0.001865195 0.999993443 0.003110543 -0.458742708 -0.001997676 -0.003106816 0.999993145 12.477429390
0.999996364 -0.000835001 0.002523701 0.222543061 0.000827650 0.999995410 0.002912455 -0.468197018 -0.002526121 -0.002910356 0.999992609 12.880602837
0.999996543 -0.000668379 0.002528005 0.233782753 0.000660033 0.999994397 0.003300576 -0.474988192 -0.002530197 -0.003298895 0.999991298 13.264778137
0.999995708 -0.001435377 0.002562887 0.240403265 0.001426751 0.999993324 0.003364527 -0.502568722 -0.002567700 -0.003360856 0.999991000 13.653432846
0.999994278 -0.000906254 0.003265611 0.244982243 0.000894544 0.999993265 0.003585570 -0.514923871 -0.003268838 -0.003582628 0.999988258 14.069711685
0.999992073 0.000300433 0.003983362 0.252538085 -0.000316447 0.999991953 0.004020189 -0.531343579 -0.003982121 -0.004021418 0.999984026 14.491891861
0.999992967 -0.001304440 0.003520459 0.265309751 0.001290878 0.999991834 0.003851682 -0.539251447 -0.003525455 -0.003847111 0.999986410 14.929805756
0.999990761 -0.000971061 0.004181076 0.271862328 0.000953033 0.999990284 0.004311667 -0.560154080 -0.004185222 -0.004307643 0.999981999 15.348973274
0.999989271 -0.001499411 0.004401418 0.271708488 0.001477282 0.999986351 0.005026524 -0.586181998 -0.004408895 -0.005019967 0.999977708 15.783453941
0.999989331 -0.003037177 0.003486856 0.322842836 0.003017165 0.999979019 0.005730244 -0.698606014 -0.003504187 -0.005719663 0.999977529 16.215147018
0.999988198 -0.003879995 0.002918000 0.342702538 0.003863435 0.999976516 0.005659441 -0.705833673 -0.002939891 -0.005648102 0.999979794 16.660226822
0.999988079 -0.003478252 0.003418023 0.351763636 0.003459992 0.999979794 0.005333564 -0.712606132 -0.003436505 -0.005321675 0.999979973 17.111654282
0.999986231 -0.001802813 0.004932248 0.355761051 0.001776109 0.999983728 0.005413326 -0.719899774 -0.004941927 -0.005404491 0.999973238 17.582532883
0.999986351 -0.002517424 0.004589707 0.367363125 0.002492691 0.999982357 0.005386675 -0.723251760 -0.004603187 -0.005375161 0.999975026 18.017389297
0.999982238 -0.002976024 0.005164620 0.368036807 0.002943719 0.999976039 0.006251544 -0.764205515 -0.005183102 -0.006236230 0.999967098 18.482181549
0.999978781 -0.003671427 0.005387128 0.384542704 0.003635945 0.999971688 0.006581527 -0.773253620 -0.005411140 -0.006561800 0.999963820 18.954389572
0.999979675 -0.003029143 0.005611687 0.397602111 0.002990692 0.999972165 0.006847671 -0.793477952 -0.005632273 -0.006830749 0.999960780 19.395818710
0.999980032 -0.002666775 0.005722331 0.404452145 0.002626228 0.999971449 0.007081574 -0.808183908 -0.005741052 -0.007066405 0.999958515 19.866771698
0.999982178 -0.001204853 0.005838903 0.413882554 0.001162889 0.999973536 0.007185102 -0.843774796 -0.005847405 -0.007178184 0.999957085 20.333444595
0.999981999 -0.003193629 0.005072456 0.431881130 0.003158946 0.999971688 0.006830825 -0.852607906 -0.005094128 -0.006814679 0.999963820 20.824304581
0.999983370 -0.001821649 0.005474190 0.429682434 0.001783759 0.999974489 0.006918473 -0.867763042 -0.005486654 -0.006908594 0.999961078 21.344673157
0.999986291 -0.001314516 0.005077279 0.440017343 0.001276477 0.999971151 0.007487917 -0.893039882 -0.005086976 -0.007481333 0.999959111 21.861114502
0.999987841 -0.001051277 0.004814367 0.440951049 0.001015329 0.999971569 0.007463229 -0.921209216 -0.004822076 -0.007458250 0.999960542 22.339570999
0.999989092 -0.001332219 0.004480190 0.452048481 0.001297682 0.999969482 0.007702992 -0.930655837 -0.004490315 -0.007697094 0.999960303 22.881273270
0.999991894 -0.001444447 0.003756689 0.455825627 0.001414350 0.999966919 0.008001990 -0.949079156 -0.003768124 -0.007996609 0.999960899 23.399520874
0.999991834 -0.001553420 0.003717396 0.454381883 0.001521897 0.999962986 0.008467783 -0.969370842 -0.003730414 -0.008462057 0.999957204 23.921451569
0.999993145 -0.002087551 0.003043891 0.468999624 0.002064462 0.999969244 0.007568808 -0.984310508 -0.003059597 -0.007562472 0.999966741 24.388765335
0.999996364 -0.001428990 0.002286294 0.478785604 0.001410903 0.999967873 0.007892909 -0.994312406 -0.002297500 -0.007889654 0.999966264 24.916845322
0.999997556 -0.001092719 0.001919938 0.488128662 0.001077506 0.999968171 0.007907264 -1.006113052 -0.001928517 -0.007905176 0.999966919 25.442550659
0.999998331 -0.001602662 0.000887656 0.500731349 0.001595501 0.999966621 0.008009953 -1.019405603 -0.000900464 -0.008008524 0.999967575 25.953456879
0.999998629 -0.001406649 0.000813158 0.506886065 0.001399899 0.999965012 0.008242253 -1.026937485 -0.000824723 -0.008241103 0.999965727 26.502143860
0.999998629 -0.001377714 0.000921450 0.512929916 0.001369575 0.999960542 0.008776005 -1.034245610 -0.000933505 -0.008774730 0.999961138 27.044319153
0.999998689 -0.001600543 0.000096650 0.535468817 0.001599653 0.999961734 0.008597438 -1.052770495 -0.000110407 -0.008597272 0.999963045 27.565565109
0.999999106 -0.001254524 -0.000183804 0.549158335 0.001256107 0.999959767 0.008881782 -1.072322488 0.000172654 -0.008882006 0.999960482 28.113609314
0.999997914 -0.001961335 -0.000551950 0.559341609 0.001966320 0.999955952 0.009181711 -1.080997348 0.000533917 -0.009182776 0.999957740 28.656261444
0.999997795 -0.001924626 -0.000868934 0.586497188 0.001932863 0.999952137 0.009580132 -1.097489715 0.000850454 -0.009581790 0.999953747 29.179969788
0.999997616 -0.001740470 -0.001303407 0.571870029 0.001752345 0.999956429 0.009166317 -1.107577324 0.001287397 -0.009168579 0.999957144 29.720733643
0.999998450 -0.000621677 -0.001678329 0.583529353 0.000636243 0.999962032 0.008692368 -1.109199405 0.001672861 -0.008693423 0.999960840 30.269319534
0.999996662 -0.001644795 -0.001982071 0.596412718 0.001662576 0.999958098 0.009002694 -1.126549482 0.001967180 -0.009005959 0.999957502 30.789491653
0.999997139 -0.001136096 -0.002097821 0.603726625 0.001156215 0.999953091 0.009614310 -1.143906593 0.002086800 -0.009616708 0.999951601 31.339696884
0.999996722 -0.001018237 -0.002347956 0.622942090 0.001040191 0.999955595 0.009367983 -1.151138783 0.002338313 -0.009370395 0.999953389 31.828639984
0.999997377 -0.000699778 -0.002148735 0.637520075 0.000720401 0.999953628 0.009612361 -1.171105027 0.002141909 -0.009613886 0.999951541 32.359916687
0.999995887 -0.000883195 -0.002737088 0.637902021 0.000907766 0.999959171 0.008988669 -1.170616746 0.002729037 -0.008991117 0.999955833 32.898220062
0.999995828 -0.000947328 -0.002740695 0.631012559 0.000972221 0.999958158 0.009095781 -1.189688206 0.002731963 -0.009098408 0.999954879 33.413772583
0.999996185 -0.000340214 -0.002763604 0.631201088 0.000365224 0.999958932 0.009054238 -1.197445750 0.002760410 -0.009055212 0.999955177 33.960346222
0.999994636 -0.000628247 -0.003198879 0.653904855 0.000658376 0.999955297 0.009426138 -1.206049681 0.003192813 -0.009428194 0.999950469 34.500942230
0.999994934 -0.000856507 -0.003073704 0.654449582 0.000886029 0.999953330 0.009616123 -1.221251726 0.003065324 -0.009618799 0.999949038 35.008625031
0.999991477 -0.001493522 -0.003852402 0.665933311 0.001531585 0.999949813 0.009896551 -1.237929463 0.003837428 -0.009902368 0.999943674 35.570182800
0.999993443 -0.000602846 -0.003579111 0.675326943 0.000638406 0.999950349 0.009942536 -1.259733081 0.003572939 -0.009944757 0.999944210 36.081531525
0.999995232 -0.000056957 -0.003096647 0.670122623 0.000085190 0.999958456 0.009117757 -1.260778904 0.003095999 -0.009117978 0.999953628 36.628795624
0.999996126 0.000215362 -0.002785373 0.677849174 -0.000191175 0.999962330 0.008681023 -1.273370743 0.002787138 -0.008680458 0.999958396 37.189697266
0.999993682 -0.000070067 -0.003555162 0.703616381 0.000101191 0.999961734 0.008755394 -1.273403168 0.003554412 -0.008755701 0.999955356 37.737102509
0.999992847 -0.000638048 -0.003730231 0.705279946 0.000672351 0.999957442 0.009201817 -1.297664165 0.003724201 -0.009204261 0.999950707 38.261539459
0.999991775 -0.001397400 -0.003834854 0.704140007 0.001433459 0.999954641 0.009416187 -1.313544750 0.003821522 -0.009421607 0.999948263 38.818092346
0.999990582 -0.001130454 -0.004203381 0.722457170 0.001169373 0.999956369 0.009268121 -1.304817677 0.004192720 -0.009272946 0.999948204 39.376655579
0.999989152 -0.001558514 -0.004391415 0.731834292 0.001606271 0.999939382 0.010892593 -1.375371337 0.004374172 -0.010899527 0.999931037 39.807975769
0.999985695 -0.002290364 -0.004835358 0.743017972 0.002342385 0.999939144 0.010780373 -1.387901068 0.004810373 -0.010791543 0.999930203 40.346427917
0.999988317 -0.001324054 -0.004650368 0.757261157 0.001372828 0.999943912 0.010500689 -1.392504692 0.004636205 -0.010506950 0.999934077 40.897499084
0.999990225 -0.000811986 -0.004351609 0.763658285 0.000856119 0.999948144 0.010149393 -1.397278190 0.004343143 -0.010153020 0.999939084 41.448852539
0.999990284 -0.001137516 -0.004252473 0.762318730 0.001183200 0.999941409 0.010755760 -1.414668679 0.004239991 -0.010760688 0.999933124 41.990642548
0.999992251 -0.000616274 -0.003883329 0.762647867 0.000660615 0.999934435 0.011427497 -1.434810400 0.003876031 -0.011429976 0.999927104 42.473232269
0.999990642 -0.000601606 -0.004283994 0.777355313 0.000651484 0.999931872 0.011651099 -1.441844702 0.004276692 -0.011653780 0.999922931 43.017086029
0.999992490 -0.000695029 -0.003806238 0.770500124 0.000739308 0.999931931 0.011644203 -1.461546898 0.003797886 -0.011646929 0.999924898 43.537975311
0.999992371 -0.000827925 -0.003820696 0.778069437 0.000872417 0.999931574 0.011658179 -1.471258163 0.003810783 -0.011661423 0.999924719 44.075286865
0.999991536 -0.000760202 -0.004025765 0.792709172 0.000806129 0.999934435 0.011418940 -1.476320505 0.004016821 -0.011422089 0.999926686 44.612064362
0.999992192 -0.000561404 -0.003914597 0.806980729 0.000604291 0.999939680 0.010963201 -1.483439922 0.003908206 -0.010965480 0.999932289 45.170066833
0.999992132 -0.000598163 -0.003910953 0.815416932 0.000641578 0.999938071 0.011109132 -1.495463133 0.003904065 -0.011111556 0.999930561 45.677204132
0.999989629 -0.000715777 -0.004484373 0.836266398 0.000763414 0.999943256 0.010630221 -1.506184340 0.004476510 -0.010633536 0.999933422 46.226390839
0.999993205 0.000279967 -0.003665232 0.831648767 -0.000238464 0.999935865 0.011318873 -1.523294568 0.003668166 -0.011317920 0.999929190 46.739704132
0.999990106 -0.000765000 -0.004388553 0.852303147 0.000815151 0.999934196 0.011437320 -1.534313202 0.004379515 -0.011440783 0.999925017 47.284385681
0.999992251 -0.000127082 -0.003936287 0.848031998 0.000171146 0.999937296 0.011195941 -1.538378239 0.003934618 -0.011196526 0.999929607 47.827968597
0.999993205 0.000185303 -0.003677729 0.860094786 -0.000142903 0.999933541 0.011526001 -1.556328297 0.003679620 -0.011525397 0.999926805 48.306949615
0.999991179 -0.000315827 -0.004199573 0.881918013 0.000364557 0.999932528 0.011607966 -1.571035862 0.004195623 -0.011609396 0.999923825 48.845146179
0.999991834 0.000369966 -0.004010336 0.888403475 -0.000324002 0.999934316 0.011456040 -1.574725866 0.004014312 -0.011454646 0.999926329 49.393527985
0.999991596 -0.000102421 -0.004105710 0.893219829 0.000149988 0.999932885 0.011586769 -1.586953640 0.004104249 -0.011587287 0.999924421 49.914764404
0.999992788 0.000661063 -0.003749603 0.897516251 -0.000617368 0.999932051 0.011642223 -1.601530313 0.003757045 -0.011639824 0.999925196 50.466377258
0.999992251 0.000366721 -0.003926405 0.901741982 -0.000319582 0.999927878 0.011999551 -1.610528111 0.003930523 -0.011998201 0.999920249 50.962936401
0.999990821 0.000494909 -0.004264161 0.908521891 -0.000442418 0.999924183 0.012302109 -1.620008707 0.004269926 -0.012300108 0.999915242 51.514038086
0.999992073 0.000638161 -0.003923606 0.918750167 -0.000590217 0.999925256 0.012208447 -1.632871866 0.003931104 -0.012206033 0.999917805 52.029041290
0.999992728 0.000689173 -0.003748446 0.924724817 -0.000642729 0.999923170 0.012377412 -1.645635366 0.003756688 -0.012374911 0.999916375 52.561595917
0.999991417 0.000711396 -0.004084625 0.932967246 -0.000662839 0.999929249 0.011876789 -1.650256395 0.004092785 -0.011873979 0.999921083 53.101661682
0.999993443 0.000540768 -0.003569770 0.925119221 -0.000495547 0.999919772 0.012656454 -1.676359057 0.003576329 -0.012654603 0.999913514 53.591583252
0.999993384 0.000717824 -0.003549841 0.932375789 -0.000673356 0.999921501 0.012512371 -1.682965755 0.003558544 -0.012509898 0.999915421 54.130027771
0.999992788 0.000321324 -0.003780537 0.938045919 -0.000276523 0.999929786 0.011844986 -1.688335419 0.003784078 -0.011843855 0.999922693 54.687248230
0.999993265 0.000662411 -0.003595507 0.944827795 -0.000618598 0.999925673 0.012173009 -1.700265169 0.003603304 -0.012170704 0.999919474 55.231441498
0.999995530 0.000936189 -0.002803673 0.956700563 -0.000899225 0.999913096 0.013156347 -1.722261786 0.002815747 -0.013153765 0.999909520 55.767425537
0.999994099 0.000371405 -0.003410210 0.971481323 -0.000323997 0.999903440 0.013891875 -1.765507102 0.003415040 -0.013890686 0.999897659 56.206100464
0.999993861 0.000121406 -0.003489331 0.986607790 -0.000073539 0.999905884 0.013714993 -1.769116879 0.003490668 -0.013714653 0.999899805 56.741352081
0.999993205 0.000619359 -0.003597011 0.991523325 -0.000572338 0.999914587 0.013058572 -1.771037817 0.003604791 -0.013056424 0.999908268 57.321655273
0.999995232 0.000616448 -0.003034135 0.993627369 -0.000575749 0.999910116 0.013396462 -1.784838676 0.003042121 -0.013394652 0.999905586 57.882194519
0.999993801 0.000233468 -0.003489200 1.006966949 -0.000185733 0.999906480 0.013674983 -1.791524410 0.003492066 -0.013674252 0.999900401 58.321994781
0.999994338 0.000020343 -0.003347325 1.018700838 0.000022562 0.999917865 0.012817304 -1.796630621 0.003347311 -0.012817306 0.999912202 58.867721558
0.999994576 0.000216330 -0.003263732 1.026689291 -0.000173107 0.999912322 0.013237836 -1.814691424 0.003266309 -0.013237201 0.999907017 59.405502319
0.999995589 0.000353341 -0.002955695 1.030565500 -0.000315946 0.999920011 0.012642874 -1.822021246 0.002959927 -0.012641884 0.999915659 59.944679260
0.999995172 0.000136431 -0.003146726 1.033360362 -0.000093184 0.999905586 0.013739399 -1.835442066 0.003148304 -0.013739039 0.999900639 60.422084808
0.999992251 -0.000290669 -0.003942562 1.052248597 0.000345352 0.999903619 0.013876398 -1.842719793 0.003938149 -0.013877650 0.999895871 60.973495483
0.999992549 0.000026123 -0.003881320 1.066389203 0.000029582 0.999897003 0.014351317 -1.868600130 0.003881296 -0.014351324 0.999889433 61.496044159
0.999994278 0.000002370 -0.003385718 1.074399114 0.000045942 0.999898195 0.014269427 -1.871896505 0.003385409 -0.014269501 0.999892473 61.992401123
0.999993563 -0.000302926 -0.003580267 1.078254342 0.000353770 0.999898970 0.014208949 -1.875874519 0.003575600 -0.014210123 0.999892652 62.535301208
0.999994338 0.000121234 -0.003361550 1.081945181 -0.000073926 0.999900997 0.014069874 -1.887572765 0.003362922 -0.014069544 0.999895334 63.054512024
0.999993801 0.000131083 -0.003500818 1.086138368 -0.000080610 0.999896109 0.014413686 -1.889729977 0.003502344 -0.014413316 0.999889970 63.627948761
0.999993563 -0.000465847 -0.003551003 1.089707017 0.000517954 0.999891996 0.014686968 -1.919476271 0.003543777 -0.014688714 0.999885798 64.102447510
0.999994040 0.000117305 -0.003472532 1.103150487 -0.000064556 0.999884665 0.015186503 -1.937422514 0.003473912 -0.015186186 0.999878705 64.645683289
0.999994695 -0.000112703 -0.003272933 1.110600352 0.000162781 0.999882817 0.015304577 -1.946818113 0.003270825 -0.015305026 0.999877512 65.183700562
0.999994278 0.000018141 -0.003388862 1.144662023 0.000030332 0.999897659 0.014302945 -1.922441840 0.003388775 -0.014302964 0.999891877 65.649887085
0.999994099 0.000298289 -0.003420042 1.152261138 -0.000250642 0.999902964 0.013923828 -1.929433823 0.003423863 -0.013922888 0.999897122 66.196472168
0.999993861 0.000974345 -0.003395475 1.175296187 -0.000925636 0.999897063 0.014317596 -1.947559357 0.003409076 -0.014314367 0.999891639 66.722373962
0.999994457 0.000052828 -0.003305990 1.155229807 -0.000005469 0.999897420 0.014323704 -1.955533266 0.003306406 -0.014323606 0.999891877 67.204360962
0.999994934 0.000058814 -0.003183643 1.167572379 -0.000014054 0.999901235 0.014057852 -1.964618802 0.003184154 -0.014057737 0.999896109 67.744171143
0.999994576 0.000578716 -0.003224739 1.172294497 -0.000531400 0.999892533 0.014654429 -1.985522389 0.003232872 -0.014652637 0.999887347 68.274101257
0.999995589 0.000589573 -0.002947013 1.179048538 -0.000546833 0.999894917 0.014482919 -1.980316758 0.002955243 -0.014481241 0.999890745 68.755279541
0.999995291 0.000254994 -0.003038655 1.199222207 -0.000210271 0.999891758 0.014709420 -1.992556095 0.003042077 -0.014708711 0.999887168 69.295150757
0.999995053 0.000723404 -0.003076457 1.228317618 -0.000677434 0.999888539 0.014917510 -2.011483908 0.003086906 -0.014915352 0.999883950 69.815223694
0.999995053 -0.000074311 -0.003148310 1.226352572 0.000119927 0.999894917 0.014491190 -1.999399185 0.003146902 -0.014491495 0.999890029 70.283966064
0.999992967 -0.000454649 -0.003728983 1.256882668 0.000511002 0.999885440 0.015125165 -2.019877434 0.003721678 -0.015126963 0.999878645 70.801361084
0.999990523 -0.001217712 -0.004208993 1.281343818 0.001278706 0.999893785 0.014519401 -2.028655052 0.004190866 -0.014524644 0.999885678 71.328804016
0.999993920 0.000168045 -0.003471588 1.277531505 -0.000118359 0.999897659 0.014307090 -2.028109550 0.003473637 -0.014306593 0.999891639 71.801300049
0.999994397 0.000198092 -0.003338345 1.285995364 -0.000150750 0.999899566 0.014175655 -2.030837297 0.003340818 -0.014175072 0.999893904 72.352272034
0.999994218 0.000316269 -0.003400634 1.290963411 -0.000268268 0.999900460 0.014106519 -2.048557281 0.003404757 -0.014105525 0.999894679 72.912307739
0.999994814 -0.000065041 -0.003238076 1.315750360 0.000110727 0.999900401 0.014110823 -2.057412148 0.003236836 -0.014111107 0.999895155 73.444305420
0.999995112 0.000085098 -0.003134882 1.328591466 -0.000038945 0.999891639 0.014719515 -2.073233843 0.003135794 -0.014719320 0.999886692 73.868553162
0.999992549 -0.000506235 -0.003839596 1.342949271 0.000565222 0.999881506 0.015377331 -2.088853836 0.003831355 -0.015379386 0.999874353 74.403160095
0.999992430 -0.000202981 -0.003892540 1.409402132 0.000262915 0.999881268 0.015402731 -2.120594978 0.003888951 -0.015403636 0.999873757 74.841796875
0.999995112 0.000475219 -0.003099626 1.371146321 -0.000427722 0.999882758 0.015306192 -2.124984741 0.003106537 -0.015304791 0.999877989 75.358352661
0.999993205 -0.000475106 -0.003659925 1.388758302 0.000530204 0.999886334 0.015068091 -2.130842686 0.003652350 -0.015069930 0.999879718 75.896621704
0.999994874 0.000159456 -0.003221307 1.381516695 -0.000110059 0.999882460 0.015328908 -2.135161400 0.003223374 -0.015328474 0.999877334 76.457176208
0.999994934 0.000769535 -0.003088756 1.408812404 -0.000722647 0.999884903 0.015152825 -2.154278994 0.003100060 -0.015150517 0.999880373 76.873672485
0.999995291 0.001251738 -0.002809048 1.413730025 -0.001209495 0.999886811 0.014989877 -2.155002594 0.002827493 -0.014986410 0.999883652 77.422065735
0.999995470 0.000922188 -0.002866973 1.420466900 -0.000879722 0.999890387 0.014778516 -2.165512085 0.002880286 -0.014775923 0.999886692 77.915557861
0.999996483 0.000430098 -0.002627165 1.432325244 -0.000392141 0.999895692 0.014430977 -2.169567347 0.002633098 -0.014429893 0.999892473 78.469757080
0.999998391 0.000600916 -0.001656326 1.481589079 -0.000576011 0.999887347 0.014996389 -2.190147877 0.001665152 -0.014995411 0.999886096 78.935966492
0.999999344 0.001069959 0.000003095 1.497393608 -0.001069883 0.999883473 0.015221803 -2.210071564 0.000013192 -0.015221796 0.999884069 79.465896606
0.999996901 0.001808652 0.001745405 1.481834292 -0.001834432 0.999887586 0.014882972 -2.212916136 -0.001718290 -0.014886128 0.999887645 80.013710022
0.999992073 0.002453628 0.003124758 1.489682913 -0.002500755 0.999881744 0.015168325 -2.224106073 -0.003087171 -0.015176020 0.999880016 80.496223450
0.999981284 0.001945301 0.005786352 1.513065815 -0.002031096 0.999887466 0.014858452 -2.235559464 -0.005756797 -0.014869926 0.999872804 81.054313660
0.999942303 0.003816993 0.010042439 1.518144131 -0.003974151 0.999869227 0.015676312 -2.257430792 -0.009981290 -0.015715318 0.999826670 81.591003418
0.999907076 0.002600306 0.013380490 1.523174763 -0.002800176 0.999884486 0.014940441 -2.236262798 -0.013340096 -0.014976521 0.999798775 82.125457764
0.999845862 0.002415277 0.017387513 1.560709953 -0.002673289 0.999886513 0.014831029 -2.253437042 -0.017349720 -0.014875226 0.999738812 82.659530640
0.999726057 0.003133986 0.023194216 1.591446280 -0.003475024 0.999886274 0.014677914 -2.249413967 -0.023145575 -0.014754495 0.999623239 83.154617310
0.999574006 0.002896600 0.029038465 1.632201433 -0.003320368 0.999888539 0.014555773 -2.250605106 -0.028993063 -0.014645991 0.999472260 83.705276489
0.999343574 0.004222219 0.035979927 1.572014213 -0.004816584 0.999853075 0.016448697 -2.345583439 -0.035905197 -0.016611209 0.999217093 84.200378418
0.999017715 0.004227266 0.044111423 1.626547575 -0.004942567 0.999857783 0.016119337 -2.352447033 -0.044037014 -0.016321527 0.998896599 84.752540588
0.998586059 0.004120071 0.052998416 1.669357777 -0.005002115 0.999850929 0.016520970 -2.364960194 -0.052922457 -0.016762719 0.998457909 85.289146423
0.998177826 0.004509680 0.060170330 1.718734264 -0.005510847 0.999848902 0.016483333 -2.368551970 -0.060086906 -0.016784891 0.998052120 85.859649658
0.997633874 0.003981706 0.068634003 1.783219814 -0.005093210 0.999858558 0.016027285 -2.377700806 -0.068560481 -0.016338933 0.997513175 86.419189453
0.996807814 0.004520098 0.079710625 1.818363667 -0.005827787 0.999852061 0.016180445 -2.390862226 -0.079625711 -0.016593331 0.996686697 86.936210632
0.995922685 -0.009030362 0.089757770 1.936338902 0.008031865 0.999901772 0.011479338 -2.440619469 -0.089852624 -0.010711614 0.995897472 87.706367493
0.995259523 -0.009466792 0.096792221 2.015927792 0.008404248 0.999899805 0.011379381 -2.446693897 -0.096890241 -0.010511972 0.995239556 88.253746033
0.994145870 -0.009534756 0.107624613 2.103140354 0.008426413 0.999906719 0.010748305 -2.445543051 -0.107717052 -0.009778495 0.994133472 88.810249329
0.992833138 -0.009752879 0.119110107 2.177550316 0.008401218 0.999894679 0.011844862 -2.477166176 -0.119213060 -0.010759300 0.992810309 89.238159180
0.991687536 -0.009837192 0.128292650 2.261002541 0.008398721 0.999895751 0.011748606 -2.482023716 -0.128394827 -0.010573452 0.991666675 89.803176880
0.990239143 -0.010490808 0.138983324 2.373589516 0.008988206 0.999894202 0.011434651 -2.483855247 -0.139088571 -0.010073826 0.990228653 90.320983887
0.988504589 -0.010711199 0.150811121 2.481234550 0.009013649 0.999888122 0.011935242 -2.512788534 -0.150922060 -0.010438683 0.988490522 90.860549927
0.986786783 -0.010882544 0.161658436 2.593794823 0.009103353 0.999889553 0.011742504 -2.521650076 -0.161768362 -0.010115713 0.986776888 91.417495728
0.985094666 -0.009895594 0.171728000 2.692102432 0.007775771 0.999885023 0.013012357 -2.534184933 -0.171837032 -0.011483086 0.985058427 91.952812195
0.982889295 -0.009517266 0.183951005 2.820991516 0.007191897 0.999885678 0.013304294 -2.544914961 -0.184056580 -0.011753692 0.982845426 92.495178223
0.980474830 -0.009734532 0.196403742 2.951233864 0.007227900 0.999882996 0.013475402 -2.561029673 -0.196511954 -0.011792708 0.980430543 93.016143799
0.978401899 -0.011798963 0.206374541 3.107936859 0.009456545 0.999879122 0.012333099 -2.546824217 -0.206495136 -0.010115136 0.978395343 93.606727600
0.975462794 -0.011216739 0.219878063 3.248521805 0.008623974 0.999881506 0.012748176 -2.560180664 -0.219994977 -0.010539151 0.975444138 94.150970459
0.972233295 -0.012235777 0.233693659 3.391487122 0.009449263 0.999870300 0.013039729 -2.575011969 -0.233822942 -0.010469422 0.972222805 94.676368713
0.969405234 -0.011653669 0.245189086 3.547258377 0.008657922 0.999874234 0.013292463 -2.586847782 -0.245313108 -0.010762954 0.969384134 95.218200684
0.966179490 -0.011839902 0.257598519 3.719224930 0.008639354 0.999870837 0.013552895 -2.600579739 -0.257725656 -0.010869048 0.966157019 95.744224548
0.962453485 -0.012353450 0.271165162 3.900228500 0.009021192 0.999867737 0.013531743 -2.601480484 -0.271296471 -0.010577440 0.962437630 96.237739563
0.958874583 -0.012514402 0.283553928 4.084491730 0.008961816 0.999864280 0.013822578 -2.609899759 -0.283688426 -0.010712958 0.958856642 96.764366150
0.955604494 -0.014689701 0.294285923 4.282428741 0.011388891 0.999851584 0.012927032 -2.587940216 -0.294432163 -0.009001540 0.955629945 97.306610107
0.951055229 -0.014405360 0.308685005 4.466766357 0.010807764 0.999852419 0.013361362 -2.597725391 -0.308831900 -0.009371198 0.951070428 97.839889526
0.946193576 -0.013349553 0.323325604 4.659540176 0.009531484 0.999864995 0.013389351 -2.613862276 -0.323460728 -0.009587145 0.946193099 98.353385925
0.942590892 -0.014595511 0.333630621 4.868185043 0.010350437 0.999841332 0.014497975 -2.647041321 -0.333789289 -0.010212436 0.942592382 98.822181702
0.938029766 -0.014563583 0.346248567 5.084970474 0.010076879 0.999840379 0.014754851 -2.661573887 -0.346408188 -0.010351386 0.938026786 99.329002380
0.932776570 -0.015131698 0.360137165 5.294364929 0.010269505 0.999828517 0.015410654 -2.673135281 -0.360308528 -0.010676266 0.932772040 99.843261719
0.928033471 -0.015602725 0.372169971 5.544906616 0.010665271 0.999825835 0.015321695 -2.686244965 -0.372344166 -0.010249753 0.928038120 100.383155823
0.923341751 -0.015385791 0.383670777 5.775815964 0.010079777 0.999823809 0.015836496 -2.700859547 -0.383846849 -0.010755181 0.923334062 100.878646851
0.917078495 -0.015424875 0.398408264 5.959245682 0.009849655 0.999822915 0.016036907 -2.683305740 -0.398585081 -0.010782918 0.917067945 101.317436218
0.911648154 -0.016704844 0.410631865 6.217292786 0.011252020 0.999813616 0.015692517 -2.685096264 -0.410817415 -0.009685615 0.911666155 101.788436890
0.906523347 -0.016898690 0.421817601 6.457794189 0.011050841 0.999806046 0.016304597 -2.707812071 -0.422011375 -0.010119054 0.906534076 102.284629822
0.900999665 -0.018059408 0.433443755 6.725532532 0.012280772 0.999794543 0.016128331 -2.698202372 -0.433645934 -0.009208598 0.901036263 102.809959412
0.894030511 -0.016981481 0.447684407 7.010932922 0.010805275 0.999808013 0.016346281 -2.722995758 -0.447876096 -0.009776724 0.894042194 103.311088562
0.888223231 -0.017691925 0.459071428 7.291713715 0.011352660 0.999798357 0.016565314 -2.725675821 -0.459271938 -0.009502018 0.888244867 103.800765991
0.882209361 -0.017944764 0.470515311 7.554847717 0.011281632 0.999792159 0.016977720 -2.745304585 -0.470722228 -0.009669720 0.882228494 104.240165710
0.874714494 -0.017735450 0.484313875 7.838848114 0.010836223 0.999796033 0.017041087 -2.755240202 -0.484517336 -0.009657949 0.874728382 104.704269409
0.867577314 -0.018010730 0.496976107 8.157745361 0.010957231 0.999793649 0.017104989 -2.761950254 -0.497181654 -0.009394418 0.867595613 105.209579468
