1.000000000 0.000000000 0.000000000 0.000000000 0.000000000 1.000000000 0.000000000 0.000000000 0.000000000 0.000000000 1.000000000 0.000000000
1.000000000 0.000071499 -0.000030676 0.000298568 -0.000071498 1.000000000 0.000020721 0.000494070 0.000030678 -0.000020719 1.000000000 0.002213747
1.000000000 0.000026136 -0.000043936 0.000754352 -0.000026134 1.000000000 0.000059905 -0.001152506 0.000043938 -0.000059904 1.000000000 0.000960979
1.000000000 -0.000029257 -0.000032505 0.000486603 0.000029256 1.000000000 -0.000038943 0.000491635 0.000032506 0.000038943 1.000000000 -0.001455164
1.000000000 -0.000158349 -0.000115764 0.001345621 0.000158356 1.000000000 0.000059709 -0.000615655 0.000115755 -0.000059727 1.000000000 0.000360994
1.000000000 -0.000154839 -0.000117371 -0.000610040 0.000154843 1.000000000 0.000036955 0.000086412 0.000117365 -0.000036973 1.000000000 -0.000439464
1.000000000 -0.000140537 -0.000060986 0.000710626 0.000140541 1.000000000 0.000063554 -0.000640590 0.000060977 -0.000063563 1.000000000 0.001549455
1.000000000 -0.000152074 -0.000059328 0.000038484 0.000152078 1.000000000 0.000078426 -0.000758801 0.000059316 -0.000078435 1.000000000 -0.000434995
1.000000000 -0.000046352 -0.000087856 0.000575998 0.000046357 1.000000000 0.000057894 0.000014276 0.000087853 -0.000057898 1.000000000 -0.001759287
1.000000000 -0.000030995 -0.000003756 -0.000465960 0.000030995 1.000000000 0.000051001 0.000727986 0.000003754 -0.000051001 1.000000000 0.002823040
1.000000000 -0.000056809 -0.000069200 0.000971923 0.000056809 1.000000000 -0.000002528 0.000637516 0.000069200 0.000002524 1.000000000 0.000145321
1.000000000 -0.000118469 -0.000132483 0.001067012 0.000118477 1.000000000 0.000059380 0.000159594 0.000132476 -0.000059396 1.000000000 -0.000282117
1.000000000 -0.000111926 -0.000049556 -0.000075262 0.000111925 1.000000000 -0.000022907 0.001689926 0.000049559 0.000022901 1.000000000 0.002461800
0.999999940 -0.000207526 -0.000138328 0.001085714 0.000207542 1.000000000 0.000113253 0.000012125 0.000138304 -0.000113282 1.000000000 -0.001667329
1.000000000 -0.000133696 -0.000148448 0.001174696 0.000133703 1.000000000 0.000041991 -0.000476344 0.000148442 -0.000042010 1.000000000 -0.002257566
1.000000000 -0.000134523 -0.000172405 0.003349792 0.000134547 1.000000000 0.000139175 -0.001180722 0.000172387 -0.000139198 1.000000000 -0.005468214
1.000000000 -0.000120974 -0.000063407 0.001397492 0.000120978 1.000000000 0.000070335 -0.000268243 0.000063399 -0.000070342 1.000000000 -0.002957313
1.000000000 -0.000043080 -0.000075438 0.001633787 0.000043082 1.000000000 0.000029997 -0.000068699 0.000075437 -0.000030001 1.000000000 -0.000554146
1.000000000 -0.000022222 -0.000121262 0.001654196 0.000022238 1.000000000 0.000131978 -0.000874213 0.000121260 -0.000131981 1.000000000 -0.003313522
0.999999940 -0.000227390 -0.000151478 0.002120366 0.000227404 1.000000000 0.000088490 -0.000728182 0.000151458 -0.000088524 1.000000000 -0.004544689
1.000000000 -0.000190659 -0.000118506 0.001170998 0.000190669 1.000000000 0.000090710 0.000371209 0.000118489 -0.000090733 1.000000000 0.001030951
1.000000000 -0.000189644 -0.000105031 0.000060138 0.000189655 1.000000000 0.000103804 -0.001558421 0.000105011 -0.000103824 1.000000000 -0.003098463
1.000000000 -0.000066658 -0.000151997 0.003157288 0.000066674 1.000000000 0.000105999 -0.000611983 0.000151990 -0.000106009 1.000000000 -0.001673643
1.000000000 -0.000072793 -0.000149624 0.003024291 0.000072806 1.000000000 0.000092585 -0.000968981 0.000149618 -0.000092596 1.000000000 -0.001183274
0.999999940 -0.000188064 -0.000189767 0.003007279 0.000188088 1.000000000 0.000128402 -0.001248530 0.000189743 -0.000128438 1.000000000 -0.005049251
0.999999940 -0.000178273 -0.000186525 0.002683371 0.000178290 1.000000000 0.000095703 0.000259508 0.000186508 -0.000095736 1.000000000 -0.001520749
1.000000000 -0.000173591 -0.000154406 0.003338736 0.000173601 1.000000000 0.000066066 0.000458796 0.000154395 -0.000066092 1.000000000 -0.002951144
0.999999940 -0.000235217 -0.000159467 0.003352995 0.000235235 0.999999940 0.000112621 -0.000865370 0.000159441 -0.000112658 1.000000000 -0.003970922
0.999999940 -0.000235473 -0.000111373 0.000286407 0.000235481 0.999999940 0.000076604 -0.001044093 0.000111355 -0.000076630 1.000000000 -0.002962070
1.000000000 -0.000045979 -0.000180936 0.002487016 0.000046006 1.000000000 0.000147538 -0.001012878 0.000180929 -0.000147546 1.000000000 -0.003134470
0.999999940 -0.000217870 -0.000191190 0.003646820 0.000217892 0.999999940 0.000115197 -0.000789244 0.000191165 -0.000115239 1.000000000 -0.003528340
0.999999940 -0.000185570 -0.000210843 0.002959301 0.000185593 1.000000000 0.000109689 -0.000424938 0.000210823 -0.000109728 1.000000000 -0.003122321
0.999999940 -0.000187623 -0.000156472 0.002554028 0.000187639 1.000000000 0.000098905 -0.000362601 0.000156454 -0.000098935 1.000000000 -0.004731472
1.000000000 -0.000109431 -0.000138828 0.002810562 0.000109439 1.000000000 0.000061303 -0.001057044 0.000138821 -0.000061318 1.000000000 -0.002989811
1.000000000 -0.000126226 -0.000139092 0.002546462 0.000126239 1.000000000 0.000092478 -0.000651796 0.000139080 -0.000092496 1.000000000 -0.001493468
0.999999940 -0.000210955 -0.000152924 0.002141618 0.000210977 0.999999940 0.000147809 -0.001671124 0.000152893 -0.000147841 1.000000000 -0.005097700
0.999999940 -0.000201864 -0.000216129 0.003134189 0.000201882 1.000000000 0.000084026 0.000236945 0.000216112 -0.000084070 1.000000000 -0.002406537
0.999999940 -0.000204064 -0.000200015 0.004100984 0.000204089 1.000000000 0.000123963 0.000291912 0.000199990 -0.000124004 1.000000000 -0.004538361
1.000000000 -0.000156411 -0.000109881 0.001035198 0.000156420 1.000000000 0.000080956 -0.000305928 0.000109868 -0.000080973 1.000000000 -0.003378916
0.999999940 -0.000190947 -0.000194421 0.002718393 0.000190974 1.000000000 0.000140668 -0.001154820 0.000194395 -0.000140705 1.000000000 -0.004792642
0.999999940 -0.000180304 -0.000210806 0.005026364 0.000180320 1.000000000 0.000073436 -0.001886645 0.000210792 -0.000073474 1.000000000 -0.001730721
1.000000000 -0.000224473 -0.000011517 0.000762597 0.000224467 0.999999821 -0.000530528 -0.002509022 0.000011636 0.000530526 0.999999881 0.050580665
1.000000000 -0.000028341 -0.000156309 0.003398263 0.000028164 0.999999344 -0.001132236 -0.003938883 0.000156341 0.001132231 0.999999344 0.141493812
1.000000000 -0.000143889 -0.000078173 0.004043198 0.000143774 0.999998927 -0.001468442 -0.007809103 0.000078384 0.001468431 0.999998927 0.258915305
1.000000000 -0.000102311 -0.000025839 0.006006999 0.000102275 0.999999046 -0.001386117 -0.011066515 0.000025981 0.001386115 0.999999046 0.392323256
1.000000000 -0.000035951 -0.000152748 0.010148844 0.000035776 0.999999344 -0.001144140 -0.018722003 0.000152790 0.001144135 0.999999344 0.528536558
1.000000000 0.000076736 -0.000062630 0.011865635 -0.000076806 0.999999344 -0.001117489 -0.020771401 0.000062545 0.001117494 0.999999344 0.686084092
1.000000000 -0.000023685 0.000094155 0.015163153 0.000023769 0.999999583 -0.000891446 -0.025528304 -0.000094134 0.000891448 0.999999583 0.845904589
0.999999940 0.000335022 0.000224141 0.011679133 -0.000334846 0.999999642 -0.000786092 -0.025295805 -0.000224405 0.000786017 0.999999642 1.028483868
1.000000000 0.000061095 -0.000214475 0.026679261 -0.000061215 0.999999821 -0.000563559 -0.038370721 0.000214441 0.000563572 0.999999821 1.188552499
0.999998987 0.001389402 -0.000241938 0.022039777 -0.001389466 0.999998927 -0.000263442 -0.030657345 0.000241572 0.000263778 0.999999881 1.326253295
0.999998868 0.001483918 -0.000329803 0.025481569 -0.001484006 0.999998808 -0.000266013 -0.036131855 0.000329408 0.000266502 0.999999881 1.517996550
0.999999166 0.001284080 -0.000069908 0.027327975 -0.001284095 0.999999106 -0.000220389 -0.042682894 0.000069625 0.000220479 0.999999940 1.723982215
0.999999404 0.001019385 -0.000333939 0.038377352 -0.001019203 0.999999344 0.000547217 -0.057440296 0.000334497 -0.000546876 0.999999821 1.938613892
0.999999285 0.001179615 -0.000036666 0.036021437 -0.001179598 0.999999225 0.000456731 -0.061673537 0.000037205 -0.000456687 0.999999881 2.150149107
0.999998927 0.001431196 -0.000142537 0.045363534 -0.001431104 0.999998748 0.000644541 -0.068569042 0.000143460 -0.000644337 0.999999821 2.366785288
0.999999404 0.001063873 -0.000187291 0.051256143 -0.001063748 0.999999225 0.000667385 -0.072686598 0.000188001 -0.000667185 0.999999821 2.595157385
0.999999106 0.001334343 -0.000113841 0.049261875 -0.001334269 0.999998987 0.000640737 -0.081463359 0.000114695 -0.000640585 0.999999821 2.818791389
0.999999225 0.001153675 0.000413743 0.043443725 -0.001154002 0.999998987 0.000791356 -0.080074228 -0.000412830 -0.000791833 0.999999523 3.053681612
0.999999285 0.001084735 0.000252618 0.051039334 -0.001084889 0.999999166 0.000610520 -0.089333005 -0.000251956 -0.000610793 0.999999762 3.284263372
0.999999225 0.001159058 0.000404213 0.052853361 -0.001159426 0.999998927 0.000910440 -0.098706670 -0.000403157 -0.000910908 0.999999464 3.524928331
0.999999166 0.001207953 0.000440828 0.063778125 -0.001208400 0.999998808 0.001015708 -0.106161743 -0.000439601 -0.001016240 0.999999344 3.789861917
0.999999702 0.000647674 0.000340162 0.068691835 -0.000648069 0.999999106 0.001161352 -0.115134999 -0.000339410 -0.001161572 0.999999225 4.055579662
0.999999285 0.001101835 0.000552012 0.072845288 -0.001102545 0.999998569 0.001287980 -0.121086612 -0.000550592 -0.001288587 0.999998987 4.311400890
0.999999642 0.000735678 0.000484329 0.077998206 -0.000736338 0.999998748 0.001363688 -0.128019020 -0.000483326 -0.001364045 0.999998927 4.570790768
0.999999344 0.001026882 0.000457601 0.081812300 -0.001027860 0.999997139 0.002141901 -0.143907025 -0.000455400 -0.002142370 0.999997556 4.813053131
0.999999583 0.000817689 0.000295193 0.084655374 -0.000818376 0.999996901 0.002335812 -0.150236487 -0.000293282 -0.002336053 0.999997199 5.075733185
0.999999762 0.000621175 0.000316722 0.094856076 -0.000621840 0.999997616 0.002105626 -0.156225771 -0.000315413 -0.002105822 0.999997675 5.344937801
0.999999821 0.000555857 0.000222119 0.101956487 -0.000556336 0.999997556 0.002164069 -0.167409405 -0.000220915 -0.002164193 0.999997616 5.589568615
0.999999762 0.000652961 0.000314783 0.094426759 -0.000653752 0.999996603 0.002518589 -0.185535386 -0.000313137 -0.002518795 0.999996722 5.880055428
0.999999940 0.000406819 0.000175143 0.098127313 -0.000407263 0.999996662 0.002540724 -0.194871590 -0.000174108 -0.002540795 0.999996722 6.165199757
0.999999821 0.000441006 0.000330950 0.104741760 -0.000441892 0.999996305 0.002684017 -0.202638492 -0.000329765 -0.002684163 0.999996305 6.447499275
0.999999344 0.000947394 0.000652911 0.108357511 -0.000949188 0.999995768 0.002754049 -0.211885288 -0.000650299 -0.002754666 0.999996006 6.719182491
0.999998391 0.001477890 0.001032639 0.101885855 -0.001480813 0.999994874 0.002834784 -0.232217029 -0.001028444 -0.002836309 0.999995410 6.989414692
0.999997914 0.001815824 0.001010049 0.109701931 -0.001818792 0.999994099 0.002945786 -0.240646049 -0.001004694 -0.002947617 0.999995112 7.287400723
0.999998093 0.001628365 0.001109109 0.119520023 -0.001631661 0.999994159 0.002976875 -0.250888556 -0.001104256 -0.002978679 0.999994934 7.600734711
0.999999642 0.000595769 0.000553076 0.134072408 -0.000597437 0.999995172 0.003020731 -0.261540174 -0.000551274 -0.003021060 0.999995291 7.914107323
0.999999523 0.000551396 0.000718562 0.137731761 -0.000553620 0.999994993 0.003099116 -0.266854554 -0.000716850 -0.003099513 0.999994874 8.230713844
0.999999523 0.000696020 0.000621688 0.147746071 -0.000697822 0.999995530 0.002902873 -0.274468392 -0.000619664 -0.002903305 0.999995589 8.562591553
0.999999225 0.000817966 0.001069444 0.145627037 -0.000821571 0.999993980 0.003374620 -0.292513818 -0.001066678 -0.003375495 0.999993742 8.890036583
0.999999106 0.000600458 0.001216128 0.147689030 -0.000604345 0.999994755 0.003198177 -0.300037950 -0.001214201 -0.003198909 0.999994159 9.230815887
0.999999106 0.000758563 0.001110319 0.153674856 -0.000762698 0.999992788 0.003728275 -0.320637137 -0.001107483 -0.003729119 0.999992371 9.562587738
0.999998391 0.001276070 0.001230585 0.161071643 -0.001280860 0.999991596 0.003899503 -0.327381521 -0.001225599 -0.003901073 0.999991596 9.909432411
0.999999404 0.000571859 0.000969440 0.169312626 -0.000575527 0.999992669 0.003788433 -0.335389823 -0.000967267 -0.003788988 0.999992311 10.278123856
0.999998391 0.000711392 0.001600489 0.176111370 -0.000717421 0.999992669 0.003769067 -0.352940142 -0.001597796 -0.003770209 0.999991596 10.634407043
0.999998868 0.000287023 0.001459598 0.188004598 -0.000293045 0.999991477 0.004127375 -0.365488917 -0.001458401 -0.004127798 0.999990404 10.990488052
0.999997914 0.000604647 0.001895078 0.193978399 -0.000612330 0.999991596 0.004056529 -0.374313086 -0.001892609 -0.004057681 0.999989986 11.376622200
0.999998450 0.000649084 0.001643610 0.194504708 -0.000656100 0.999990582 0.004271403 -0.392261147 -0.001640822 -0.004272474 0.999989510 11.765430450
0.999999106 0.000222303 0.001344136 0.207613543 -0.000228112 0.999990642 0.004323517 -0.404212683 -0.001343162 -0.004323820 0.999989748 12.150321960
0.999998987 0.000633687 0.001285857 0.217986345 -0.000639686 0.999988914 0.004669874 -0.424618244 -0.001282884 -0.004670692 0.999988258 12.511343002
0.999998748 0.000675237 0.001417742 0.224374175 -0.000682016 0.999988377 0.004786477 -0.436489522 -0.001414494 -0.004787439 0.999987483 12.914931297
0.999999106 0.000722582 0.001086980 0.239287585 -0.000727857 0.999987960 0.004860267 -0.449561894 -0.001083455 -0.004861054 0.999987543 13.302796364
0.999999166 0.000081600 0.001268761 0.242482752 -0.000087608 0.999988914 0.004735718 -0.452792645 -0.001268360 -0.004735827 0.999987900 13.723677635
0.999998450 0.000583335 0.001641173 0.249466434 -0.000591306 0.999988019 0.004861085 -0.463222891 -0.001638317 -0.004862048 0.999986768 14.142677307
0.999998808 0.000299303 0.001520584 0.265315890 -0.000306461 0.999988914 0.004709384 -0.473618060 -0.001519157 -0.004709844 0.999987721 14.572442055
0.999997795 -0.000087834 0.002082658 0.276695073 0.000075706 0.999983013 0.005822983 -0.504132628 -0.002083133 -0.005822812 0.999980867 14.954860687
0.999998152 -0.000236808 0.001925848 0.291106403 0.000225397 0.999982476 0.005922839 -0.518241107 -0.001927217 -0.005922393 0.999980569 15.381638527
0.999997914 -0.000644587 0.001945910 0.312661767 0.000633463 0.999983490 0.005712152 -0.530545890 -0.001949560 -0.005710907 0.999981821 15.797230721
0.999996901 -0.000145465 0.002509241 0.324558616 0.000129714 0.999980271 0.006276183 -0.544569790 -0.002510105 -0.006275837 0.999977231 16.240959167
0.999996185 -0.000737135 0.002664739 0.329535872 0.000720635 0.999980569 0.006187695 -0.556785703 -0.002669249 -0.006185751 0.999977291 16.691106796
0.999995112 -0.000345573 0.003114192 0.336901397 0.000326482 0.999981165 0.006128608 -0.564406395 -0.003116251 -0.006127561 0.999976337 17.161060333
0.999994695 -0.000896420 0.003140160 0.346750319 0.000876034 0.999978483 0.006487610 -0.577045023 -0.003145909 -0.006484825 0.999974012 17.590726852
0.999993980 -0.000821994 0.003377568 0.357295573 0.000800015 0.999978483 0.006503393 -0.586061597 -0.003382842 -0.006500653 0.999973178 18.055891037
0.999992132 -0.000817331 0.003905094 0.368839830 0.000792534 0.999979496 0.006347117 -0.597313941 -0.003910202 -0.006343972 0.999972224 18.528823853
0.999992967 -0.000749729 0.003668512 0.383946747 0.000725137 0.999977231 0.006700193 -0.614180744 -0.003673452 -0.006697485 0.999970853 18.981973648
0.999993920 -0.000605832 0.003425139 0.402302206 0.000582391 0.999976456 0.006840633 -0.627002060 -0.003429202 -0.006838597 0.999970734 19.452983856
0.999993265 -0.000253832 0.003655345 0.408099353 0.000228616 0.999976218 0.006897187 -0.632224321 -0.003657009 -0.006896305 0.999969602 19.945632935
0.999994040 -0.000615184 0.003414432 0.425849438 0.000591688 0.999976158 0.006878339 -0.648138642 -0.003418583 -0.006876278 0.999970555 20.424144745
0.999995053 -0.002259554 0.002186015 0.456140757 0.002242837 0.999968410 0.007619874 -0.702020526 -0.002203164 -0.007614933 0.999968588 20.822731018
0.999996185 -0.002248829 0.001619098 0.463712722 0.002237019 0.999971151 0.007258936 -0.706722021 -0.001635376 -0.007255286 0.999972403 21.335779190
0.999997139 -0.001912024 0.001399354 0.464909136 0.001901549 0.999970436 0.007448596 -0.727075577 -0.001413554 -0.007445913 0.999971330 21.828907013
0.999995828 -0.002613493 0.001220465 0.480771542 0.002603917 0.999966383 0.007783010 -0.731635690 -0.001240765 -0.007779800 0.999968946 22.320516586
0.999996185 -0.002681355 0.000635174 0.475361943 0.002676417 0.999967158 0.007652573 -0.723171413 -0.000655672 -0.007650845 0.999970436 22.738594055
0.999996006 -0.002835696 -0.000072339 0.485614389 0.002836175 0.999965489 0.007816562 -0.739046514 0.000050172 -0.007816737 0.999969363 23.262487411
0.999991655 -0.004066683 -0.000407585 0.500325680 0.004069781 0.999960363 0.007910486 -0.751634002 0.000375399 -0.007912078 0.999968648 23.657701492
0.999994993 -0.002983919 -0.000986872 0.542534292 0.002991874 0.999962211 0.008160463 -0.766467035 0.000962485 -0.008163375 0.999966204 24.264467239
0.999993086 -0.003117438 -0.002008748 0.555260122 0.003134151 0.999960065 0.008371272 -0.776339710 0.001982571 -0.008377510 0.999962926 24.790884018
0.999993742 -0.002595672 -0.002395450 0.566439986 0.002616465 0.999958456 0.008718330 -0.788512349 0.002372721 -0.008724543 0.999959111 25.324497223
0.999991775 -0.002948441 -0.002782321 0.570941269 0.002971326 0.999961495 0.008257053 -0.784154654 0.002757868 -0.008265251 0.999962032 25.758678436
0.999991059 -0.003175703 -0.002779579 0.578572869 0.003200370 0.999955177 0.008915516 -0.796012044 0.002751141 -0.008924332 0.999956429 26.311647415
0.999987602 -0.003250926 -0.003783423 0.599425435 0.003283960 0.999956191 0.008758069 -0.809326351 0.003754786 -0.008770384 0.999954522 26.864669800
0.999984086 -0.003953455 -0.004022097 0.564261019 0.003993153 0.999942899 0.009910397 -0.872403502 0.003982687 -0.009926300 0.999942780 27.372571945
0.999983490 -0.003846057 -0.004273825 0.565429449 0.003888762 0.999942064 0.010029110 -0.883335829 0.004235005 -0.010045563 0.999940574 27.916265488
0.999979258 -0.004438493 -0.004670750 0.577399075 0.004487919 0.999933481 0.010625122 -0.907876492 0.004623279 -0.010645864 0.999932647 28.457330704
0.999979854 -0.003936924 -0.004970438 0.583069563 0.003984881 0.999945223 0.009675825 -0.889511347 0.004932073 -0.009695440 0.999940813 28.967987061
0.999974787 -0.004667417 -0.005359580 0.591378152 0.004721405 0.999937773 0.010105187 -0.903438032 0.005312080 -0.010130237 0.999934614 29.500497818
0.999972045 -0.004711526 -0.005810066 0.595973015 0.004769434 0.999938667 0.009993697 -0.920178771 0.005762624 -0.010021126 0.999933183 30.061271667
0.999973059 -0.004609907 -0.005721784 0.602457762 0.004665872 0.999940991 0.009806500 -0.927176178 0.005676240 -0.009832933 0.999935508 30.610078812
0.999965727 -0.005212591 -0.006434759 0.619481921 0.005275373 0.999938309 0.009778482 -0.938976526 0.006383390 -0.009812093 0.999931455 31.157306671
0.999968886 -0.004665346 -0.006376984 0.623105347 0.004729338 0.999938250 0.010056662 -0.959585905 0.006329672 -0.010086507 0.999929070 31.727233887
0.999969125 -0.004512720 -0.006439239 0.638883591 0.004578352 0.999937415 0.010214273 -0.972516298 0.006392741 -0.010243440 0.999927104 32.218822479
0.999973595 -0.003195961 -0.006525477 0.667940140 0.003265054 0.999938428 0.010605081 -0.997480273 0.006491182 -0.010626106 0.999922454 32.633384705
0.999970913 -0.003309289 -0.006873194 0.674647689 0.003380009 0.999941289 0.010303226 -1.002930641 0.006838693 -0.010326157 0.999923289 33.192657471
0.999969482 -0.003335615 -0.007058142 0.679920912 0.003411442 0.999936223 0.010758546 -1.020681977 0.007021806 -0.010782296 0.999917209 33.711765289
0.999965847 -0.003780591 -0.007341519 0.696383536 0.003861915 0.999930978 0.011094887 -1.033799887 0.007299066 -0.011122862 0.999911487 34.235157013
0.999969661 -0.003180953 -0.007106065 0.692761004 0.003257378 0.999936700 0.010769417 -1.034841537 0.007071359 -0.010792238 0.999916792 34.796184540
0.999953806 -0.005159782 -0.008107075 0.738207042 0.005252036 0.999921203 0.011399585 -1.098572016 0.008047617 -0.011441635 0.999902129 35.521732330
0.999957383 -0.004513859 -0.008057221 0.743157268 0.004602088 0.999929249 0.010965586 -1.104409814 0.008007155 -0.011002198 0.999907374 36.073173523
0.999958456 -0.004309456 -0.008035860 0.744849086 0.004400223 0.999926388 0.011312086 -1.121280313 0.007986519 -0.011346975 0.999903679 36.610996246
0.999951899 -0.004763806 -0.008577388 0.757975698 0.004863788 0.999920011 0.011673448 -1.131393671 0.008521094 -0.011714606 0.999895036 37.176036835
0.999949396 -0.004873941 -0.008799160 0.769796729 0.004977067 0.999918759 0.011736359 -1.141799808 0.008741245 -0.011779559 0.999892354 37.722644806
0.999960184 -0.003767703 -0.008080199 0.750151098 0.003859885 0.999927342 0.011423200 -1.139651775 0.008036573 -0.011453936 0.999902070 38.241565704
0.999954343 -0.004867927 -0.008223189 0.696855724 0.004967955 0.999913335 0.012187806 -1.166640520 0.008163149 -0.012228102 0.999891877 38.663017273
0.999949634 -0.005229792 -0.008565102 0.708497286 0.005338128 0.999905467 0.012674850 -1.182919145 0.008498006 -0.012719934 0.999882936 39.202487946
0.999952793 -0.004845082 -0.008414597 0.723427296 0.004953580 0.999904215 0.012921324 -1.199111700 0.008351186 -0.012962397 0.999881148 39.752239227
0.999946415 -0.005688163 -0.008647273 0.724157929 0.005799890 0.999899268 0.012950703 -1.208273292 0.008572738 -0.013000163 0.999878705 40.329833984
0.999958277 -0.003965646 -0.008231870 0.718080640 0.004061960 0.999923170 0.011716527 -1.189162493 0.008184774 -0.011749477 0.999897480 40.838043213
0.999952555 -0.004194302 -0.008787920 0.744951487 0.004298835 0.999919832 0.011910096 -1.194627523 0.008737261 -0.011947309 0.999890506 41.413043976
0.999946117 -0.004807326 -0.009199907 0.766225457 0.004919677 0.999913096 0.012228828 -1.187198400 0.009140321 -0.012273431 0.999882817 41.919551849
0.999945462 -0.004572171 -0.009385360 0.773460269 0.004686420 0.999914706 0.012187502 -1.193027139 0.009328838 -0.012230822 0.999881625 42.472682953
0.999940455 -0.005203505 -0.009593476 0.785884500 0.005320903 0.999910772 0.012252702 -1.209278941 0.009528862 -0.012303019 0.999878883 42.947502136
0.999946058 -0.004997415 -0.009107128 0.768009067 0.005112259 0.999907136 0.012630950 -1.234800458 0.009043161 -0.012676825 0.999878764 43.437282562
0.999946296 -0.004807293 -0.009183481 0.778039098 0.004923547 0.999907613 0.012678690 -1.247591376 0.009121682 -0.012723225 0.999877453 43.976085663
0.999948978 -0.004577894 -0.009017411 0.781681895 0.004691584 0.999909282 0.012627252 -1.257378101 0.008958788 -0.012668912 0.999879658 44.534034729
0.999946833 -0.004742154 -0.009151830 0.794557333 0.004858057 0.999907732 0.012684097 -1.264371872 0.009090836 -0.012727883 0.999877691 45.055534363
0.999945521 -0.004778760 -0.009278229 0.783261061 0.004893886 0.999910831 0.012425328 -1.266222239 0.009218023 -0.012470056 0.999879777 45.631004333
0.999941528 -0.005220357 -0.009468073 0.776085079 0.005344185 0.999899924 0.013100655 -1.285950899 0.009398735 -0.013150488 0.999869287 46.195892334
0.999939919 -0.005128362 -0.009690131 0.766183794 0.005254149 0.999901712 0.013000327 -1.319924116 0.009622510 -0.013050459 0.999868453 46.689186096
0.999929070 -0.005976168 -0.010301963 0.775366545 0.006108177 0.999898970 0.012830376 -1.333737612 0.010224247 -0.012892390 0.999864578 47.222328186
0.999940634 -0.005140438 -0.009607150 0.798060417 0.005269099 0.999896109 0.013415201 -1.369708896 0.009537194 -0.013465025 0.999863863 47.629108429
0.999939620 -0.005054802 -0.009749094 0.793701291 0.005181862 0.999901414 0.013052030 -1.344694614 0.009682160 -0.013101761 0.999867201 48.338973999
0.999937654 -0.005384750 -0.009781980 0.807246685 0.005513627 0.999897718 0.013196100 -1.372920036 0.009709920 -0.013249214 0.999865055 48.758575439
0.999941468 -0.005379446 -0.009383482 0.809379697 0.005508283 0.999890149 0.013758893 -1.395222902 0.009308436 -0.013809775 0.999861300 49.264644623
0.999945164 -0.004288323 -0.009555270 0.821922719 0.004419089 0.999896288 0.013706422 -1.415423155 0.009495500 -0.013747896 0.999860406 49.669193268
0.999949574 -0.003762827 -0.009309158 0.824712515 0.003890447 0.999898195 0.013729179 -1.421616316 0.009256548 -0.013764704 0.999862432 50.217350006
0.999940395 -0.004778570 -0.009818130 0.841718972 0.004917155 0.999887884 0.014139839 -1.444775343 0.009749463 -0.014187273 0.999851763 50.773765564
0.999946177 -0.004221525 -0.009468560 0.826015115 0.004350595 0.999897301 0.013652495 -1.437383294 0.009409953 -0.013692955 0.999861956 51.339790344
0.999950886 -0.003458612 -0.009285800 0.856521010 0.003589534 0.999893844 0.014119680 -1.450591087 0.009235978 -0.014152319 0.999857187 51.831203461
0.999945998 -0.003921038 -0.009628136 0.866632581 0.004055287 0.999894261 0.013963730 -1.461196661 0.009572366 -0.014002020 0.999856174 52.371398926
0.999946415 -0.004347340 -0.009408555 0.866936445 0.004480998 0.999888599 0.014231822 -1.474067211 0.009345636 -0.014273216 0.999854445 52.898044586
0.999953687 -0.003326963 -0.009030245 0.870254815 0.003458169 0.999888122 0.014553085 -1.480309963 0.008980818 -0.014583641 0.999853253 53.493221283
0.999953806 -0.003410008 -0.008988345 0.852151692 0.003538693 0.999891043 0.014340094 -1.500443935 0.008938465 -0.014371238 0.999856710 53.945419312
0.999955654 -0.003122149 -0.008883759 0.853910148 0.003251181 0.999888957 0.014547426 -1.507060289 0.008837353 -0.014575664 0.999854684 54.498634338
0.999947846 -0.003893805 -0.009438844 0.943292975 0.004032610 0.999883354 0.014731608 -1.454426527 0.009380382 -0.014768902 0.999846876 54.786876678
0.999957919 -0.002977814 -0.008691614 0.863385201 0.003102873 0.999891341 0.014410527 -1.515203714 0.008647759 -0.014436888 0.999858379 55.608711243
0.999945283 -0.004433683 -0.009471466 0.961694598 0.004574132 0.999879181 0.014858875 -1.470451593 0.009404443 -0.014901388 0.999844670 55.866756439
0.999949515 -0.004214291 -0.009115154 0.959215581 0.004351298 0.999877095 0.015063472 -1.490420580 0.009050552 -0.015102375 0.999844968 56.396659851
0.999959886 -0.003126709 -0.008391469 0.864340425 0.003253201 0.999880672 0.015102890 -1.552687049 0.008343247 -0.015129583 0.999850690 56.941276550
0.999948740 -0.003845601 -0.009359818 0.987221837 0.003984077 0.999882221 0.014821338 -1.455614567 0.009301718 -0.014857868 0.999846339 57.525840759
0.999960601 -0.002320518 -0.008565366 0.966067433 0.002453949 0.999875247 0.015600436 -1.635177851 0.008528098 -0.015620843 0.999841630 57.822406769
0.999958932 -0.002867223 -0.008600395 0.974365532 0.003003888 0.999868691 0.015919896 -1.645761967 0.008553622 -0.015945077 0.999836266 58.357269287
0.999957681 -0.003093000 -0.008660361 0.983493447 0.003230462 0.999868333 0.015903689 -1.649829149 0.008610032 -0.015930995 0.999836087 58.890766144
0.999953270 -0.003248038 -0.009105225 1.015365481 0.003391883 0.999869049 0.015827492 -1.668428183 0.009052625 -0.015857639 0.999833345 59.399490356
0.999962747 -0.001883435 -0.008424709 1.035180330 0.002023391 0.999859571 0.016634932 -1.695098639 0.008392196 -0.016651360 0.999826133 59.939079285
0.999961078 -0.001996491 -0.008589701 1.025376916 0.002141421 0.999854922 0.016896501 -1.734385610 0.008554722 -0.016914239 0.999820352 60.477046967
0.999958456 -0.001834111 -0.008926651 1.068623066 0.001984030 0.999856651 0.016814707 -1.739253759 0.008894532 -0.016831720 0.999818742 60.920230865
0.999955714 -0.002645744 -0.009025194 1.003136516 0.002789985 0.999867916 0.016007099 -1.670569897 0.008981651 -0.016031574 0.999831140 61.921661377
0.999950349 -0.003067114 -0.009473873 1.021572948 0.003222695 0.999859393 0.016450763 -1.684591174 0.009422085 -0.016480483 0.999819815 62.459960938
0.999955535 -0.002506574 -0.009094561 1.027046442 0.002654668 0.999863386 0.016308406 -1.690051794 0.009052442 -0.016331825 0.999825597 62.992694855
0.999951839 -0.002467370 -0.009497853 1.027873039 0.002621127 0.999865115 0.016210301 -1.692337275 0.009456574 -0.016234417 0.999823511 63.571815491
0.999954343 -0.002600082 -0.009197416 1.029271841 0.002749526 0.999863744 0.016273333 -1.696466923 0.009153852 -0.016297879 0.999825239 64.118247986
0.999961674 -0.001375390 -0.008642008 1.087092876 0.001518760 0.999860942 0.016605372 -1.712475538 0.008617966 -0.016617861 0.999824762 64.593238831
0.999961495 -0.001625777 -0.008621171 1.090132833 0.001767273 0.999863446 0.016430514 -1.716118813 0.008593281 -0.016445115 0.999827862 65.149734497
0.999960840 -0.001267592 -0.008761688 1.098380923 0.001409054 0.999868453 0.016158182 -1.723955989 0.008740053 -0.016169893 0.999831080 65.680770874
0.999958396 -0.002303218 -0.008832019 1.108579159 0.002451945 0.999854684 0.016865848 -1.737026334 0.008791891 -0.016886801 0.999818742 66.210159302
0.999956608 -0.001974623 -0.009107868 1.140416741 0.002129671 0.999852419 0.017045388 -1.750774145 0.009072866 -0.017064039 0.999813259 66.699958801
0.999961615 -0.001650758 -0.008603469 1.055757761 0.001793045 0.999861300 0.016557055 -1.759165168 0.008574944 -0.016571848 0.999825835 67.280807495
0.999959409 -0.001901521 -0.008812179 1.067308545 0.002047169 0.999860883 0.016548550 -1.763271689 0.008779487 -0.016565915 0.999824166 67.832015991
0.999960184 -0.001362882 -0.008819378 1.076983452 0.001511311 0.999857008 0.016845208 -1.779670715 0.008795158 -0.016857866 0.999819219 68.367996216
0.999953628 -0.001942243 -0.009425005 1.094838738 0.002096992 0.999862671 0.016436931 -1.772854090 0.009391785 -0.016455933 0.999820530 68.921920776
0.999962628 -0.001033087 -0.008583707 1.104152679 0.001177197 0.999858141 0.016800810 -1.792089939 0.008565133 -0.016810287 0.999822021 69.470550537
0.999961555 -0.002074070 -0.008523162 1.040141821 0.002218146 0.999854207 0.016929463 -1.823888421 0.008486807 -0.016947718 0.999820352 69.897422791
0.999962270 -0.001816250 -0.008503402 1.044999123 0.001961946 0.999850869 0.017156903 -1.829436421 0.008470974 -0.017172936 0.999816597 70.444923401
0.999960244 -0.001627326 -0.008775865 1.050525188 0.001774003 0.999858439 0.016731855 -1.832489610 0.008747393 -0.016746761 0.999821484 71.008483887
0.999970555 -0.000553818 -0.007651198 1.038786411 0.000687951 0.999845862 0.017539417 -1.917035699 0.007640307 -0.017544165 0.999816835 71.407676697
0.999964118 -0.001066376 -0.008404753 1.085809469 0.001205930 0.999861181 0.016616713 -1.846482277 0.008385868 -0.016626252 0.999826610 72.052032471
0.999973357 0.000391910 -0.007284651 1.054931879 -0.000262161 0.999841392 0.017803805 -1.946614861 0.007290474 -0.017801419 0.999814987 72.522811890
0.999973059 -0.000221664 -0.007333163 1.050915241 0.000351576 0.999842882 0.017719129 -1.931073904 0.007328084 -0.017721228 0.999816120 73.045692444
0.999974728 0.000654725 -0.007075301 1.056298971 -0.000530388 0.999845684 0.017561013 -1.950498819 0.007085707 -0.017556813 0.999820769 73.608222961
0.999975562 0.001152723 -0.006893949 1.099011183 -0.001029642 0.999840617 0.017830465 -1.973247409 0.006913402 -0.017822940 0.999817193 74.107421875
0.999975383 0.001572544 -0.006841579 1.105064154 -0.001449314 0.999837279 0.017979680 -1.983347058 0.006868740 -0.017969323 0.999814868 74.641372681
0.999975681 0.001215431 -0.006869529 1.125944734 -0.001092127 0.999838769 0.017924758 -1.991565824 0.006890207 -0.017916825 0.999815702 75.168693542
0.999976754 0.001302896 -0.006687610 1.118310213 -0.001181583 0.999835253 0.018112021 -1.999844313 0.006710106 -0.018103700 0.999813557 75.719894409
0.999976337 0.001577384 -0.006685933 1.079645753 -0.001458823 0.999842227 0.017700871 -2.042400599 0.006712800 -0.017690701 0.999820948 76.525444031
0.999973297 0.000611884 -0.007273610 1.166459799 -0.000487956 0.999854863 0.017027639 -1.974563956 0.007282974 -0.017023638 0.999828517 76.853004456
0.999977827 0.000758445 -0.006610243 1.102179646 -0.000642424 0.999845982 0.017536178 -2.054195404 0.006622525 -0.017531546 0.999824345 77.589935303
0.999977171 0.000757189 -0.006718518 1.111529112 -0.000640008 0.999847889 0.017426636 -2.059493065 0.006730692 -0.017421935 0.999825537 78.149185181
0.999979377 0.001717107 -0.006177585 1.115145445 -0.001608225 0.999844015 0.017587354 -2.071758270 0.006206822 -0.017577060 0.999826252 78.708290100
0.999981821 0.001214788 -0.005909836 1.131439209 -0.001112582 0.999850214 0.017266899 -2.071402550 0.005929927 -0.017260008 0.999833465 79.254730225
0.999988258 0.001340453 -0.004655788 1.135437608 -0.001260509 0.999852479 0.017131567 -2.073507309 0.004678065 -0.017125502 0.999842405 79.817832947
0.999992669 0.001138178 -0.003673737 1.152766585 -0.001074801 0.999851406 0.017207365 -2.081161022 0.003692776 -0.017203290 0.999845207 80.366874695
0.999997079 0.001750178 -0.001742400 1.159011960 -0.001720006 0.999851108 0.017170241 -2.083921432 0.001772192 -0.017167188 0.999851048 80.912284851
0.999997675 0.001552265 0.001480032 1.184327126 -0.001577777 0.999847472 0.017394414 -2.102592230 -0.001452805 -0.017396707 0.999847531 81.443206787
0.999986231 0.001163497 0.005119294 1.203640342 -0.001252502 0.999847472 0.017417459 -2.108987570 -0.005098248 -0.017423630 0.999835134 81.977622986
0.999967813 0.001115413 0.007947897 1.225835800 -0.001250793 0.999853849 0.017048912 -2.098589182 -0.007927720 -0.017058304 0.999823093 82.568199158
0.999904871 0.002639547 0.013535039 1.241396189 -0.002871225 0.999849141 0.017126152 -2.103600025 -0.013487792 -0.017163385 0.999761820 83.131889343
0.999823570 0.000829814 0.018770704 1.287261009 -0.001150565 0.999853373 0.017083528 -2.118784189 -0.018753778 -0.017102104 0.999677837 83.626754761
0.999700308 0.000573924 0.024472248 1.316875219 -0.000992036 0.999853730 0.017076438 -2.126127720 -0.024458870 -0.017095601 0.999554634 84.183731079
0.999548137 0.001163918 0.030035052 1.349634647 -0.001671200 0.999856293 0.016870119 -2.125742435 -0.030011095 -0.016912689 0.999406576 84.762031555
0.999289274 0.001185004 0.037677210 1.391305685 -0.001826407 0.999853849 0.016993759 -2.129739285 -0.037651561 -0.017050494 0.999145448 85.323272705
0.998956978 0.000248037 0.045659628 1.456203938 -0.001013965 0.999859095 0.016752329 -2.132823944 -0.045649037 -0.016781155 0.998816550 85.902511597
0.998622358 -0.000125755 0.052473709 1.505532265 -0.000756881 0.999858499 0.016800329 -2.136091232 -0.052468400 -0.016816897 0.998480916 86.447677612
0.998134315 -0.000322010 0.061055508 1.560982466 -0.000688934 0.999863029 0.016536014 -2.133875847 -0.061052468 -0.016547227 0.997997403 86.991615295
0.997487962 -0.000870498 0.070829779 1.630344868 -0.000304816 0.999862432 0.016581004 -2.148030281 -0.070834450 -0.016560940 0.997350693 87.556709290
0.996829927 -0.001324425 0.079551078 1.696424484 0.000009311 0.999863386 0.016529784 -2.157980680 -0.079562105 -0.016476642 0.996693730 88.109954834
0.996191621 -0.001657912 0.087174781 1.761668682 0.000247387 0.999868929 0.016188739 -2.155342102 -0.087190188 -0.016105520 0.996061504 88.647819519
0.995204747 -0.001739011 0.097797960 1.841918945 0.000144046 0.999866843 0.016313467 -2.166484356 -0.097813316 -0.016221151 0.995072603 89.207595825
0.994099259 -0.002017344 0.108456381 1.922756672 0.000244871 0.999866247 0.016353553 -2.172554016 -0.108474880 -0.016230496 0.993966699 89.754508972
0.993090272 -0.002089762 0.117333822 2.008460045 0.000180773 0.999867439 0.016278010 -2.185252190 -0.117352292 -0.016144322 0.992959082 90.301925659
0.991696000 -0.002245279 0.128583893 2.103644371 0.000187140 0.999871671 0.016016044 -2.185112000 -0.128603339 -0.015858984 0.991569400 90.848884583
0.990100384 -0.003182571 0.140324786 2.215590477 0.000860130 0.999861658 0.016608015 -2.201084852 -0.140358225 -0.016322905 0.989966154 91.380180359
0.988545954 -0.003480280 0.150880367 2.313654900 0.001013913 0.999864638 0.016420355 -2.200810432 -0.150917098 -0.016079294 0.988415658 91.905029297
0.986867487 -0.003164197 0.161500797 2.431002617 0.000477312 0.999860823 0.016673062 -2.219515085 -0.161531076 -0.016377017 0.986731648 92.460868835
0.984699130 -0.004006179 0.174216390 2.555086136 0.001179895 0.999866009 0.016323375 -2.223274946 -0.174258441 -0.015868057 0.984572113 92.986076355
0.982500911 -0.004507006 0.186203927 2.684969902 0.001491057 0.999865413 0.016333900 -2.227774143 -0.186252505 -0.015770426 0.982375324 93.550811768
0.980491340 -0.004920753 0.196501285 2.813027382 0.001778599 0.999867737 0.016163772 -2.230915785 -0.196554855 -0.015498941 0.980370283 94.089363098
0.977771580 -0.004978915 0.209613919 2.946664810 0.001660426 0.999870658 0.016004434 -2.234235764 -0.209666461 -0.015300633 0.977653265 94.618904114
0.974753797 -0.005405754 0.223216951 3.100500107 0.001781601 0.999863327 0.016434211 -2.244964123 -0.223275274 -0.015621624 0.974630177 95.165153503
0.972142220 -0.005530794 0.234326348 3.248411179 0.001818449 0.999869466 0.016055729 -2.249454975 -0.234384596 -0.015182341 0.972025394 95.708015442
0.969180286 -0.006050457 0.246278197 3.411895752 0.002167805 0.999869049 0.016033379 -2.254708290 -0.246342957 -0.015005353 0.969066501 96.239822388
0.965525866 -0.006117504 0.260235250 3.578439713 0.002013626 0.999869347 0.016033562 -2.257616520 -0.260299355 -0.014956802 0.965412140 96.779556274
0.962084472 -0.006550415 0.272672713 3.755109787 0.002266779 0.999869049 0.016021868 -2.264629841 -0.272741884 -0.014796304 0.961973429 97.308151245
0.958866596 -0.006707828 0.283778071 3.937828064 0.002183281 0.999865472 0.016257254 -2.278382778 -0.283848971 -0.014968968 0.958752215 97.804969788
0.954533935 -0.006193366 0.298038036 4.121871948 0.001307397 0.999861538 0.016590353 -2.279752731 -0.298099428 -0.015446399 0.954409838 98.376533508
0.950092852 -0.006209592 0.311905712 4.312013626 0.001095863 0.999862134 0.016567715 -2.283873320 -0.311965615 -0.015399059 0.949968576 98.894828796
0.946132779 -0.006798205 0.323707581 4.520282745 0.001437070 0.999858022 0.016797813 -2.289730549 -0.323775768 -0.015427771 0.946008027 99.436157227
0.941713810 -0.007284889 0.336336195 4.738195419 0.001690982 0.999855340 0.016921803 -2.295860291 -0.336410791 -0.015366755 0.941589892 99.960220337
0.936656356 -0.006676144 0.350185931 4.960145950 0.000952505 0.999863148 0.016514253 -2.300481796 -0.350248307 -0.015134626 0.936534584 100.468406677
0.931970417 -0.007781140 0.362450749 5.184738159 0.001785105 0.999855995 0.016874995 -2.303577185 -0.362529874 -0.015079984 0.931850135 100.998504639
0.927849531 -0.008454458 0.372859001 5.417779922 0.002390724 0.999857306 0.016722195 -2.308338642 -0.372947067 -0.014624275 0.927737355 101.510429382
0.922333837 -0.008326716 0.386304557 5.653093338 0.001956902 0.999855578 0.016879423 -2.315981388 -0.386389405 -0.014812500 0.922216833 102.019088745
0.916776836 -0.008947517 0.399299502 5.888618469 0.002509181 0.999858320 0.016643869 -2.318143368 -0.399391919 -0.014256799 0.916669428 102.503189087
0.911728680 -0.009140207 0.410691172 6.143909454 0.002452358 0.999855638 0.016808260 -2.324092150 -0.410785556 -0.014317410 0.911619544 103.022552490
0.905486822 -0.009672237 0.424264014 6.406513214 0.002630128 0.999848962 0.017180879 -2.332589388 -0.424366087 -0.014441192 0.905375481 103.499252319
0.898503542 -0.009407598 0.438865393 6.674781799 0.002248179 0.999855816 0.016830320 -2.337285042 -0.438960463 -0.014135453 0.898395181 104.004440308
0.892651916 -0.010125628 0.450632840 6.947822571 0.002544445 0.999844909 0.017426059 -2.349827766 -0.450739443 -0.014408794 0.892539263 104.477699280
0.887081563 -0.010355439 0.461496592 7.232978821 0.002879443 0.999852955 0.016900701 -2.339133978 -0.461603731 -0.013663450 0.886981010 104.989646912
0.880317092 -0.011968723 0.474234790 7.509338379 0.004047725 0.999834836 0.017720051 -2.360677481 -0.474368602 -0.013679689 0.880219996 105.416595459
