1.000000000 0.000000000 0.000000000 0.000000000 0.000000000 1.000000000 0.000000000 0.000000000 0.000000000 0.000000000 1.000000000 0.000000000
1.000000000 0.000068718 0.000063365 -0.000842153 -0.000068724 1.000000000 0.000107114 -0.000222570 -0.000063357 -0.000107118 1.000000000 -0.000185791
1.000000000 0.000037814 0.000082872 -0.000971758 -0.000037815 1.000000000 0.000004558 0.000523838 -0.000082871 -0.000004561 1.000000000 -0.000175961
1.000000000 0.000065204 0.000053915 -0.000363348 -0.000065206 1.000000000 0.000029725 -0.000329754 -0.000053913 -0.000029728 1.000000000 0.000168230
1.000000000 0.000085039 0.000175086 -0.001120096 -0.000085053 1.000000000 0.000077810 -0.000316119 -0.000175079 -0.000077825 1.000000000 0.000504285
1.000000000 -0.000044884 0.000029647 -0.000324808 0.000044883 1.000000000 0.000030321 0.000094175 -0.000029649 -0.000030320 1.000000000 -0.000024004
1.000000000 0.000068090 0.000119676 -0.001545370 -0.000068099 1.000000000 0.000079975 -0.000653698 -0.000119671 -0.000079983 1.000000000 -0.000960631
1.000000000 0.000073916 0.000058924 -0.000835387 -0.000073913 1.000000000 -0.000057730 0.000100187 -0.000058929 0.000057725 1.000000000 -0.000467242
1.000000000 0.000099410 0.000159661 -0.001244118 -0.000099415 1.000000000 0.000028890 -0.000862077 -0.000159658 -0.000028906 1.000000000 -0.000231472
1.000000000 0.000172661 0.000133689 -0.001488810 -0.000172679 1.000000000 0.000135061 -0.000811771 -0.000133666 -0.000135084 1.000000000 0.000517353
1.000000000 0.000107780 0.000139494 -0.001073567 -0.000107790 1.000000000 0.000071763 -0.000782846 -0.000139487 -0.000071778 1.000000000 -0.000104335
1.000000000 0.000124602 0.000149013 -0.001313964 -0.000124605 1.000000000 0.000020931 -0.000899125 -0.000149011 -0.000020949 1.000000000 -0.000515739
1.000000000 0.000041838 0.000078297 -0.000586918 -0.000041839 1.000000000 0.000006736 0.000225143 -0.000078296 -0.000006739 1.000000000 -0.000000124
1.000000000 0.000111009 0.000122018 -0.001880887 -0.000111001 1.000000000 -0.000062987 0.000535816 -0.000122025 0.000062973 1.000000000 -0.000522187
1.000000000 0.000173684 0.000119047 -0.000657422 -0.000173685 1.000000000 0.000008178 0.001013343 -0.000119046 -0.000008198 1.000000000 0.001159180
0.999999940 0.000220682 0.000149736 -0.001180653 -0.000220675 1.000000000 -0.000044698 0.000978434 -0.000149746 0.000044665 1.000000000 0.000985940
0.999999940 0.000345006 0.000193041 -0.001747345 -0.000345006 0.999999940 0.000002053 0.000383661 -0.000193040 -0.000002119 1.000000000 0.001501005
0.999999940 0.000217282 0.000192768 -0.001619907 -0.000217279 1.000000000 -0.000013486 0.001362580 -0.000192771 0.000013444 1.000000000 0.002490146
0.999999940 0.000252034 0.000223155 -0.001762839 -0.000252019 0.999999940 -0.000069768 0.001164978 -0.000223172 0.000069712 1.000000000 0.001236536
0.999999940 0.000210376 0.000188711 -0.001866570 -0.000210370 1.000000000 -0.000030753 0.000859376 -0.000188717 0.000030714 1.000000000 0.002153069
0.999999940 0.000330540 0.000119936 -0.001566799 -0.000330531 0.999999940 -0.000074849 0.001471520 -0.000119961 0.000074809 1.000000000 0.001668949
0.999999940 0.000297322 0.000187836 -0.001759571 -0.000297310 0.999999940 -0.000062703 0.001409922 -0.000187855 0.000062647 1.000000000 0.002377654
0.999999940 0.000241605 0.000215235 -0.002349153 -0.000241596 0.999999940 -0.000038315 0.001386262 -0.000215245 0.000038263 1.000000000 0.001622076
0.999999940 0.000382374 0.000147402 -0.002196434 -0.000382369 0.999999940 -0.000030545 0.001451535 -0.000147414 0.000030488 1.000000000 0.002290991
0.999999940 0.000320429 0.000227100 -0.001864173 -0.000320444 0.999999940 0.000065339 0.000407514 -0.000227079 -0.000065412 1.000000000 0.001578052
0.999999940 0.000253663 0.000216950 -0.002198713 -0.000253655 0.999999940 -0.000037996 0.002291499 -0.000216960 0.000037941 1.000000000 0.002781291
0.999999940 0.000305924 0.000194436 -0.001807305 -0.000305933 0.999999940 0.000048589 0.001031186 -0.000194421 -0.000048649 1.000000000 0.001846492
0.999999940 0.000321920 0.000123221 -0.001977039 -0.000321907 0.999999940 -0.000108224 0.001963059 -0.000123256 0.000108185 1.000000000 0.001506235
0.999999940 0.000328202 0.000105226 -0.000992284 -0.000328182 0.999999940 -0.000187269 0.003061459 -0.000105287 0.000187235 1.000000000 0.002367471
0.999999881 0.000393999 0.000233233 -0.001686312 -0.000393981 0.999999940 -0.000077820 0.001561455 -0.000233264 0.000077728 0.999999940 0.002137132
0.999999881 0.000390182 0.000336772 -0.002918112 -0.000390141 0.999999940 -0.000122426 0.002455567 -0.000336820 0.000122295 0.999999940 0.002445774
0.999999881 0.000417491 0.000212877 -0.001931384 -0.000417471 0.999999881 -0.000091343 0.002074096 -0.000212915 0.000091254 1.000000000 0.002842392
0.999999940 0.000329517 0.000154163 -0.001347052 -0.000329518 0.999999940 0.000007258 0.000364404 -0.000154160 -0.000007309 1.000000000 0.001365989
0.999999881 0.000422423 0.000309849 -0.003104459 -0.000422415 0.999999881 -0.000025662 0.001105205 -0.000309860 0.000025531 0.999999940 0.002051709
0.999999881 0.000372388 0.000222233 -0.001527356 -0.000372361 0.999999940 -0.000125789 0.001860181 -0.000222280 0.000125706 0.999999940 0.001645205
0.999999940 0.000292270 0.000224840 -0.002796047 -0.000292256 0.999999940 -0.000062252 0.001676376 -0.000224859 0.000062187 1.000000000 0.001998357
0.999999940 0.000357011 0.000148203 -0.001821395 -0.000356995 0.999999940 -0.000106911 0.002760893 -0.000148241 0.000106859 1.000000000 0.002315984
0.999999881 0.000433679 0.000239775 -0.002152331 -0.000433664 0.999999881 -0.000064553 0.001905174 -0.000239803 0.000064449 0.999999940 0.002210563
0.999999881 0.000430034 0.000204091 -0.001462562 -0.000430026 0.999999881 -0.000036031 0.002024807 -0.000204106 0.000035943 1.000000000 0.001590835
0.999999940 0.000274527 0.000180454 -0.000941946 -0.000274507 0.999999940 -0.000110280 0.001109659 -0.000180484 0.000110231 1.000000000 0.001475370
0.999999821 0.000497357 0.000332293 -0.001593802 -0.000497150 0.999999702 -0.000621363 -0.002300627 -0.000332602 0.000621198 0.999999762 0.048148509
0.999999642 0.000869120 0.000072095 0.000292540 -0.000869038 0.999999106 -0.001124505 -0.003100369 -0.000073072 0.001124442 0.999999285 0.139607221
0.999999762 0.000521948 0.000239146 0.001434779 -0.000521649 0.999999046 -0.001247427 -0.007132061 -0.000239797 0.001247302 0.999999166 0.253764927
0.999999702 0.000749278 0.000294529 0.004326019 -0.000748920 0.999999046 -0.001213650 -0.010567441 -0.000295438 0.001213429 0.999999166 0.384114087
0.999999762 0.000568502 0.000218057 0.007126004 -0.000568276 0.999999344 -0.001033936 -0.014550616 -0.000218644 0.001033812 0.999999464 0.525898695
0.999999881 0.000350797 0.000344713 0.012062020 -0.000350540 0.999999642 -0.000743609 -0.023222391 -0.000344974 0.000743488 0.999999642 0.674584150
0.999999940 0.000201893 0.000324239 0.016996896 -0.000201774 0.999999940 -0.000367467 -0.026218127 -0.000324313 0.000367401 0.999999821 0.837766647
0.999999940 0.000082354 0.000259915 0.020073425 -0.000082214 0.999999821 -0.000539124 -0.031208217 -0.000259960 0.000539103 0.999999762 1.010741949
0.999999940 0.000102234 0.000268609 0.022957841 -0.000102083 0.999999821 -0.000564367 -0.035443574 -0.000268667 0.000564340 0.999999821 1.186356068
0.999999762 0.000359582 0.000411947 0.026182048 -0.000359538 0.999999881 -0.000105279 -0.042089198 -0.000411985 0.000105131 0.999999881 1.375230312
0.999999642 0.000741472 0.000199642 0.029534282 -0.000741413 0.999999702 -0.000296502 -0.043095458 -0.000199861 0.000296354 0.999999881 1.569381595
0.999999821 0.000210907 0.000442347 0.032015540 -0.000210914 1.000000000 0.000015863 -0.052705094 -0.000442344 -0.000015957 0.999999821 1.764850497
0.999999642 0.000521501 0.000604964 0.033069424 -0.000521659 0.999999821 0.000260625 -0.061753038 -0.000604827 -0.000260940 0.999999762 1.964686394
0.999999881 -0.000296822 0.000418738 0.040993083 0.000296606 0.999999821 0.000516961 -0.071011670 -0.000418891 -0.000516836 0.999999762 2.173644543
0.999999821 0.000127508 0.000566650 0.045422632 -0.000127860 0.999999821 0.000622071 -0.075620629 -0.000566571 -0.000622143 0.999999642 2.396336555
0.999999642 0.000427596 0.000518394 0.051257748 -0.000427842 0.999999821 0.000473518 -0.082420133 -0.000518191 -0.000473740 0.999999762 2.615539789
0.999999702 0.000067186 0.000757958 0.053283144 -0.000067506 0.999999881 0.000422343 -0.088211946 -0.000757930 -0.000422394 0.999999642 2.849757910
0.999999523 0.000362881 0.000915217 0.057009913 -0.000363130 0.999999881 0.000271504 -0.090265594 -0.000915119 -0.000271837 0.999999523 3.098436356
0.999999642 0.000486515 0.000678654 0.062011037 -0.000486973 0.999999642 0.000674657 -0.103568986 -0.000678326 -0.000674987 0.999999523 3.325636148
0.999999523 0.000305492 0.000883957 0.065562636 -0.000306320 0.999999464 0.000936952 -0.112136565 -0.000883670 -0.000937222 0.999999225 3.573553562
0.999999464 0.000564658 0.000833961 0.071037002 -0.000565269 0.999999583 0.000732802 -0.115301803 -0.000833546 -0.000733273 0.999999404 3.842793226
0.999999523 0.000495266 0.000836913 0.077168949 -0.000495786 0.999999702 0.000621211 -0.121484667 -0.000836605 -0.000621626 0.999999464 4.093477726
0.999998927 0.000841973 0.001211636 0.080186673 -0.000843004 0.999999285 0.000850723 -0.130249143 -0.001210918 -0.000851744 0.999998927 4.353178501
0.999998212 0.000956667 0.001669070 0.083217405 -0.000958674 0.999998808 0.001202154 -0.139205888 -0.001667918 -0.001203752 0.999997914 4.617534161
0.999999344 0.000296121 0.001114216 0.095913053 -0.000297052 0.999999523 0.000835703 -0.141282573 -0.001113968 -0.000836033 0.999998987 4.874831676
0.999998808 0.000992420 0.001141021 0.102108076 -0.000993370 0.999999106 0.000832152 -0.146907926 -0.001140194 -0.000833285 0.999999046 5.138854504
0.999998689 0.000903174 0.001330876 0.103315361 -0.000904111 0.999999344 0.000703605 -0.156926990 -0.001330240 -0.000704808 0.999998868 5.402453899
0.999998987 0.000776735 0.001199417 0.107457198 -0.000777812 0.999999285 0.000897219 -0.164322942 -0.001198719 -0.000898151 0.999998868 5.668454170
0.999998629 0.000943696 0.001361531 0.107144773 -0.000944992 0.999999106 0.000951057 -0.170735151 -0.001360632 -0.000952343 0.999998569 5.939392090
0.999997973 0.001283364 0.001543703 0.113292821 -0.001284688 0.999998808 0.000857307 -0.179037780 -0.001542601 -0.000859289 0.999998391 6.222481728
0.999998271 0.001155352 0.001467242 0.123915404 -0.001156297 0.999999166 0.000643024 -0.181981921 -0.001466498 -0.000644719 0.999998748 6.518602371
0.999998450 0.001128309 0.001369467 0.128691822 -0.001129593 0.999998927 0.000937189 -0.194066808 -0.001368408 -0.000938735 0.999998629 6.804703712
0.999999225 0.000692098 0.001153560 0.140651107 -0.000692932 0.999999523 0.000722527 -0.200010046 -0.001153060 -0.000723326 0.999999046 7.107834816
0.999999225 0.000688650 0.001032319 0.145246118 -0.000689590 0.999999404 0.000911306 -0.214801908 -0.001031690 -0.000912017 0.999999046 7.402410507
0.999998569 0.000821092 0.001423675 0.145508975 -0.000822586 0.999999046 0.001049060 -0.229240820 -0.001422812 -0.001050229 0.999998450 7.716116428
0.999998391 0.000947364 0.001452307 0.157450557 -0.000949022 0.999998868 0.001141648 -0.237009615 -0.001451224 -0.001143025 0.999998331 8.034083366
0.999998271 0.001168964 0.001417385 0.159151152 -0.001170965 0.999998271 0.001411308 -0.249501944 -0.001415733 -0.001412965 0.999998033 8.348815918
0.999998450 0.001155828 0.001341691 0.167839140 -0.001157024 0.999998927 0.000891220 -0.252777368 -0.001340660 -0.000892771 0.999998689 8.678929329
0.999998748 0.000835065 0.001375467 0.178208515 -0.000836311 0.999999285 0.000905550 -0.262267262 -0.001374710 -0.000906700 0.999998629 9.009871483
0.999998331 0.001331106 0.001250296 0.180386543 -0.001332740 0.999998271 0.001306543 -0.276377916 -0.001248554 -0.001308207 0.999998391 9.345697403
0.999997914 0.001534599 0.001306278 0.185344234 -0.001536130 0.999998093 0.001172193 -0.285483032 -0.001304477 -0.001174197 0.999998450 9.685789108
0.999997616 0.001666300 0.001429885 0.193951145 -0.001668397 0.999997556 0.001466914 -0.295657545 -0.001427437 -0.001469296 0.999997914 10.034584045
0.999998093 0.001493195 0.001268339 0.200972036 -0.001494903 0.999997973 0.001346701 -0.307042181 -0.001266325 -0.001348595 0.999998271 10.393726349
0.999998271 0.001306087 0.001301346 0.213123634 -0.001308033 0.999997973 0.001495103 -0.318326354 -0.001299391 -0.001496803 0.999998033 10.752424240
0.999999046 0.000979006 0.000914732 0.222054407 -0.000980458 0.999998331 0.001588816 -0.327305436 -0.000913175 -0.001589712 0.999998271 11.119987488
0.999998391 0.001234453 0.001269488 0.228756398 -0.001236547 0.999997854 0.001650095 -0.337291777 -0.001267448 -0.001651662 0.999997795 11.494413376
0.999997556 0.001732742 0.001455390 0.237592667 -0.001735364 0.999996781 0.001802411 -0.349133223 -0.001452263 -0.001804932 0.999997258 11.877726555
0.999998093 0.001252795 0.001459966 0.241649166 -0.001255783 0.999997139 0.002047727 -0.360400736 -0.001457396 -0.002049557 0.999996841 12.263510704
0.999997914 0.001067004 0.001741213 0.253889978 -0.001071000 0.999996781 0.002295725 -0.375439703 -0.001738758 -0.002297585 0.999995887 12.645006180
0.999995351 0.002122495 0.002201904 0.254905760 -0.002127644 0.999994993 0.002338954 -0.387521088 -0.002196928 -0.002343628 0.999994814 13.055364609
0.999995768 0.001731799 0.002326338 0.265957117 -0.001736205 0.999996722 0.001893173 -0.398653388 -0.002323052 -0.001897204 0.999995530 13.447859764
0.999995232 0.001777426 0.002518700 0.273378849 -0.001782835 0.999996126 0.002146789 -0.413136572 -0.002514875 -0.002151269 0.999994516 13.848873138
0.999993742 0.001937424 0.002948324 0.279826045 -0.001943836 0.999995768 0.002173366 -0.422522187 -0.002944101 -0.002179084 0.999993265 14.268006325
0.999991477 0.002454015 0.003309370 0.290195942 -0.002461581 0.999994338 0.002284182 -0.431085646 -0.003303746 -0.002292310 0.999991894 14.701506615
0.999991953 0.001915727 0.003517574 0.298484474 -0.001923515 0.999995649 0.002211722 -0.440765232 -0.003513322 -0.002218470 0.999991357 15.141761780
0.999991596 0.002277918 0.003407527 0.317149758 -0.002287020 0.999993801 0.002669630 -0.462565005 -0.003401425 -0.002677400 0.999990642 15.561077118
0.999989092 0.002343042 0.004037831 0.324222982 -0.002354334 0.999993324 0.002794030 -0.473928928 -0.004031258 -0.002803506 0.999987960 16.007059097
0.999987364 0.002598144 0.004292837 0.333806872 -0.002611523 0.999991655 0.003113887 -0.488234818 -0.004284711 -0.003125059 0.999985874 16.437496185
0.999984801 0.003123926 0.004529171 0.343542516 -0.003136561 0.999991179 0.002785544 -0.498637974 -0.004520428 -0.002799708 0.999985814 16.885929108
0.999984324 0.002785255 0.004857517 0.357871234 -0.002799815 0.999991596 0.002993249 -0.516238868 -0.004849139 -0.003006803 0.999983728 17.323154449
0.999981463 0.002864639 0.005369041 0.365542352 -0.002882819 0.999990106 0.003381561 -0.530099332 -0.005359300 -0.003396977 0.999979794 17.781385422
0.999979973 0.002829684 0.005655474 0.378462464 -0.002846971 0.999991298 0.003050981 -0.539617002 -0.005646791 -0.003067021 0.999979317 18.248224258
0.999979496 0.003155631 0.005574252 0.398218393 -0.003170805 0.999991298 0.002715227 -0.545237124 -0.005565635 -0.002732847 0.999980748 18.732955933
0.999978781 0.003095959 0.005737626 0.411374837 -0.003111826 0.999991357 0.002758472 -0.556392848 -0.005729037 -0.002776268 0.999979734 19.206724167
0.999977946 0.003202533 0.005815703 0.421370447 -0.003217845 0.999991357 0.002625345 -0.572088182 -0.005807245 -0.002644001 0.999979615 19.678281784
0.999976635 0.003456116 0.005890734 0.433254749 -0.003474891 0.999988914 0.003180000 -0.590851307 -0.005879679 -0.003200396 0.999977589 20.172904968
0.999977648 0.003557810 0.005656018 0.451847583 -0.003574025 0.999989510 0.002859330 -0.602133155 -0.005645786 -0.002879481 0.999979854 20.665285110
0.999979913 0.003408294 0.005335067 0.460379690 -0.003425754 0.999988735 0.003266967 -0.616919696 -0.005323873 -0.003285178 0.999980450 21.168611526
0.999983490 0.002878693 0.004973140 0.470488697 -0.002895256 0.999990284 0.003326408 -0.627599359 -0.004963516 -0.003340751 0.999982119 21.671260834
0.999983788 0.003658860 0.004356242 0.477496028 -0.003671742 0.999988854 0.002952912 -0.642404795 -0.004345389 -0.002968858 0.999986172 22.194910049
0.999985993 0.003297559 0.004147400 0.491646558 -0.003309892 0.999990106 0.002970093 -0.653133869 -0.004137565 -0.002983778 0.999986947 22.710939407
0.999988735 0.003259715 0.003454418 0.493602335 -0.003270544 0.999989748 0.003133845 -0.668936193 -0.003444167 -0.003145108 0.999989092 23.215169907
0.999990761 0.003208804 0.002868271 0.511342883 -0.003217218 0.999990523 0.002933767 -0.683224440 -0.002858830 -0.002942968 0.999991596 23.726102829
0.999994755 0.002395920 0.002201803 0.522822797 -0.002401143 0.999994338 0.002372522 -0.694793582 -0.002196106 -0.002377796 0.999994814 24.253593445
0.999993145 0.003199545 0.001854973 0.527049541 -0.003204175 0.999991715 0.002498332 -0.712106228 -0.001846964 -0.002504259 0.999995172 24.794912338
0.999992728 0.003648942 0.001115644 0.541408539 -0.003652149 0.999989152 0.002886023 -0.725100219 -0.001105101 -0.002890076 0.999995232 25.332073212
0.999992907 0.003709772 0.000594953 0.551531494 -0.003711746 0.999987423 0.003351290 -0.743163884 -0.000582513 -0.003353475 0.999994218 25.865880966
0.999993205 0.003680201 0.000100203 0.560443759 -0.003680492 0.999988496 0.003069509 -0.755161345 -0.000088905 -0.003069857 0.999995291 26.417400360
0.999994993 0.003156870 -0.000150587 0.575419426 -0.003156321 0.999988854 0.003519763 -0.763447523 0.000161697 -0.003519270 0.999993801 26.974338531
0.999994814 0.003183895 -0.000373716 0.578682423 -0.003182498 0.999988198 0.003677892 -0.784896970 0.000385422 -0.003676685 0.999993145 27.525276184
0.999991298 0.004116047 -0.000679337 0.590708792 -0.004113683 0.999985576 0.003445337 -0.795161843 0.000693509 -0.003442513 0.999993861 28.073009491
0.999989927 0.004425575 -0.000713021 0.595180094 -0.004423095 0.999984205 0.003444355 -0.804465413 0.000728254 -0.003441166 0.999993801 28.629568100
0.999989271 0.004562825 -0.000811675 0.605318785 -0.004560002 0.999983668 0.003446467 -0.822996438 0.000827387 -0.003442728 0.999993742 29.168861389
0.999990463 0.004098068 -0.001493725 0.612417102 -0.004092434 0.999984562 0.003755515 -0.839783072 0.001509093 -0.003749366 0.999991834 29.721399307
0.999989152 0.004277230 -0.001848829 0.615983844 -0.004270840 0.999984920 0.003447270 -0.846868873 0.001863546 -0.003439337 0.999992371 30.268474579
0.999987721 0.004602348 -0.001886767 0.629860044 -0.004595955 0.999983668 0.003378982 -0.861112118 0.001902287 -0.003370270 0.999992430 30.817924500
0.999987066 0.004517760 -0.002306838 0.642476499 -0.004509940 0.999984086 0.003383925 -0.876576483 0.002322089 -0.003373478 0.999991596 31.354488373
0.999981999 0.005364437 -0.002662126 0.649057209 -0.005355890 0.999980569 0.003207024 -0.885867357 0.002679278 -0.003192709 0.999991298 31.907812119
0.999986172 0.004156867 -0.003227384 0.658663988 -0.004144473 0.999983966 0.003837331 -0.905121148 0.003243284 -0.003823902 0.999987423 32.459377289
0.999983013 0.004423473 -0.003784414 0.666104436 -0.004407965 0.999981821 0.004096785 -0.922966301 0.003802467 -0.004080033 0.999984443 33.006698608
0.999984741 0.003879317 -0.003918841 0.673658669 -0.003864474 0.999985337 0.003787816 -0.932212591 0.003933477 -0.003772614 0.999985099 33.541294098
0.999983549 0.004118010 -0.003982879 0.683018923 -0.004102832 0.999984324 0.003811759 -0.947451234 0.003998514 -0.003795356 0.999984741 34.088085175
0.999980867 0.004249108 -0.004500666 0.689847052 -0.004231640 0.999983549 0.003883776 -0.961496711 0.004517095 -0.003864657 0.999982297 34.631118774
0.999981225 0.004295332 -0.004369501 0.696460903 -0.004279138 0.999983966 0.003709136 -0.973787606 0.004385363 -0.003690368 0.999983549 35.161544800
0.999979317 0.003507547 -0.005388035 0.707891643 -0.003486429 0.999986231 0.003923994 -0.988340259 0.005401725 -0.003905127 0.999977767 35.711421967
0.999980390 0.003937644 -0.004862687 0.709103465 -0.003920303 0.999985874 0.003570451 -0.996651411 0.004876678 -0.003551319 0.999981821 36.264785767
0.999979258 0.003239802 -0.005561621 0.736769080 -0.003218695 0.999987602 0.003799843 -1.014132738 0.005573864 -0.003781863 0.999977291 36.813152313
0.999980450 0.003320116 -0.005302561 0.725012183 -0.003300425 0.999987662 0.003717841 -1.027931809 0.005314839 -0.003700267 0.999979019 37.356189728
0.999978185 0.003848074 -0.005373598 0.738529980 -0.003831293 0.999987781 0.003129672 -1.031556487 0.005385576 -0.003109016 0.999980688 37.920021057
0.999976456 0.003903112 -0.005632091 0.737271249 -0.003884073 0.999986708 0.003387416 -1.053093553 0.005645237 -0.003365461 0.999978423 38.436916351
0.999977171 0.004113455 -0.005347842 0.740129709 -0.004096111 0.999986351 0.003250020 -1.065501690 0.005361138 -0.003228040 0.999980450 38.986427307
0.999977231 0.004085759 -0.005375523 0.744351983 -0.004069375 0.999987066 0.003055310 -1.076852322 0.005387937 -0.003033366 0.999980807 39.542251587
0.999975085 0.003836456 -0.005922421 0.762527227 -0.003818351 0.999987960 0.003065358 -1.086800098 0.005934110 -0.003042668 0.999977827 40.094608307
0.999976993 0.003618793 -0.005733707 0.760835946 -0.003599524 0.999987841 0.003367421 -1.108473420 0.005745824 -0.003346705 0.999977827 40.621223450
0.999977529 0.004065949 -0.005336406 0.767393529 -0.004048667 0.999986529 0.003245268 -1.120427012 0.005349529 -0.003223590 0.999980450 41.170082092
0.999977231 0.003929758 -0.005485597 0.775510848 -0.003912140 0.999987125 0.003218730 -1.132680416 0.005498176 -0.003197196 0.999979734 41.714050293
0.999975860 0.004229181 -0.005510910 0.787297666 -0.004211802 0.999986112 0.003161549 -1.155845404 0.005524205 -0.003138261 0.999979794 42.282623291
0.999976158 0.004288797 -0.005412465 0.793550372 -0.004271608 0.999985814 0.003183373 -1.169353604 0.005426041 -0.003160177 0.999980271 42.834980011
0.999976397 0.004362649 -0.005299961 0.799408793 -0.004342772 0.999983490 0.003756260 -1.193820715 0.005316260 -0.003733155 0.999978900 43.366577148
0.999977231 0.004178619 -0.005303530 0.804885924 -0.004159851 0.999985039 0.003545291 -1.197549582 0.005318265 -0.003523149 0.999979615 43.909812927
0.999979138 0.003922360 -0.005132688 0.809390783 -0.003901657 0.999984264 0.004037426 -1.214721322 0.005148443 -0.004017316 0.999978662 44.448085785
0.999978065 0.004174884 -0.005138497 0.814517558 -0.004157016 0.999985278 0.003483212 -1.221288562 0.005152963 -0.003461775 0.999980688 44.999763489
0.999973774 0.005011470 -0.005220535 0.822251737 -0.004994339 0.999982119 0.003289473 -1.236900926 0.005236927 -0.003263314 0.999980927 45.549392700
0.999974251 0.005145717 -0.004998342 0.830003321 -0.005129583 0.999981642 0.003235183 -1.246964574 0.005014896 -0.003209460 0.999982297 46.098190308
0.999979675 0.004759414 -0.004246348 0.831824064 -0.004746027 0.999983728 0.003156961 -1.263840556 0.004261305 -0.003136744 0.999985993 46.640338898
0.999977589 0.004648950 -0.004838623 0.846512318 -0.004630596 0.999982059 0.003797382 -1.277190924 0.004856191 -0.003774891 0.999981105 47.190025330
0.999970436 0.005117705 -0.005739350 0.852313221 -0.005099976 0.999982178 0.003099186 -1.286393881 0.005755108 -0.003069824 0.999978721 47.709983826
0.999968231 0.005721161 -0.005564518 0.857324958 -0.005703944 0.999978900 0.003105124 -1.302108288 0.005582166 -0.003073285 0.999979675 48.255294800
0.999974608 0.004258321 -0.005709522 0.862814546 -0.004237900 0.999984622 0.003583735 -1.314501882 0.005724696 -0.003559447 0.999977291 48.763149261
0.999975324 0.004489842 -0.005400932 0.865084648 -0.004469485 0.999982953 0.003775000 -1.328372240 0.005417789 -0.003750767 0.999978304 49.317371368
0.999972105 0.005453802 -0.005089607 0.868455648 -0.005437788 0.999980211 0.003154953 -1.339068413 0.005106714 -0.003127188 0.999982059 49.843139648
0.999971390 0.005657008 -0.005005090 0.871129870 -0.005640986 0.999978960 0.003209548 -1.350344658 0.005023141 -0.003181223 0.999982297 50.368862152
0.999971926 0.006021048 -0.004450241 0.872387409 -0.006007433 0.999977291 0.003066343 -1.365494132 0.004468602 -0.003039522 0.999985397 50.907508850
0.999969602 0.005938097 -0.005043520 0.888492167 -0.005923054 0.999978006 0.002992623 -1.377179503 0.005061179 -0.002962659 0.999982774 51.487930298
0.999968410 0.006156960 -0.005022716 0.892508030 -0.006140770 0.999975860 0.003232342 -1.388009667 0.005042496 -0.003201396 0.999982119 52.028362274
0.999967635 0.006336459 -0.004959838 0.899574101 -0.006322466 0.999975920 0.002831810 -1.403088331 0.004977663 -0.002800360 0.999983609 52.569477081
0.999967039 0.006259589 -0.005165485 0.911100090 -0.006242245 0.999974847 0.003367239 -1.418510914 0.005186431 -0.003334885 0.999980986 53.102653503
0.999967873 0.006387500 -0.004843222 0.914457202 -0.006374297 0.999975920 0.002736381 -1.426753879 0.004860584 -0.002705421 0.999984503 53.657768250
0.999962807 0.007443815 -0.004357083 0.918696046 -0.007432915 0.999969184 0.002512629 -1.443429828 0.004375652 -0.002480150 0.999987364 54.206192017
0.999964356 0.007504835 -0.003872479 0.916724324 -0.007496340 0.999969423 0.002203646 -1.458800554 0.003888900 -0.002174538 0.999990046 54.742370605
0.999963880 0.007517915 -0.003964875 0.924903691 -0.007509707 0.999969661 0.002080853 -1.471038461 0.003980400 -0.002051003 0.999989986 55.294544220
0.999965787 0.007414195 -0.003667327 0.936404586 -0.007405533 0.999969721 0.002370384 -1.501076818 0.003684790 -0.002343145 0.999990463 55.867820740
0.999962211 0.007664204 -0.004110929 0.964647889 -0.007653114 0.999967098 0.002706448 -1.483856440 0.004131536 -0.002674884 0.999987900 56.428600311
0.999964476 0.007732943 -0.003347573 0.944204688 -0.007725013 0.999967337 0.002374949 -1.530321836 0.003365829 -0.002349005 0.999991536 56.947582245
0.999962509 0.007959324 -0.003402758 0.948357642 -0.007951630 0.999965787 0.002269317 -1.543310285 0.003420705 -0.002242175 0.999991655 57.479503632
0.999967515 0.007329698 -0.003341859 0.959755301 -0.007321728 0.999970257 0.002390797 -1.561016440 0.003359284 -0.002366252 0.999991596 58.029026031
0.999961436 0.008294268 -0.002884325 0.963177919 -0.008287200 0.999962628 0.002454360 -1.580282569 0.002904574 -0.002430363 0.999992847 58.573665619
0.999961436 0.008224749 -0.003076181 0.967664123 -0.008218113 0.999963939 0.002163092 -1.592098475 0.003093861 -0.002137729 0.999992967 59.115787506
0.999962389 0.008117768 -0.003057599 0.977089167 -0.008110113 0.999963939 0.002508448 -1.619027734 0.003077852 -0.002483557 0.999992132 59.675491333
0.999961495 0.008219283 -0.003117615 0.985049129 -0.008212914 0.999964118 0.002050323 -1.634861469 0.003134356 -0.002024639 0.999993026 60.227378845
0.999965727 0.007704459 -0.003043173 0.994107366 -0.007698399 0.999968350 0.001997978 -1.645156503 0.003058470 -0.001974483 0.999993384 60.782531738
0.999959469 0.008496050 -0.002984487 0.990417182 -0.008489722 0.999961674 0.002126561 -1.662083983 0.003002439 -0.002101137 0.999993265 61.326580048
0.999958694 0.008652854 -0.002761291 0.994458735 -0.008647156 0.999960423 0.002068866 -1.675587416 0.002779082 -0.002044903 0.999994040 61.882579803
0.999960780 0.008434804 -0.002696920 0.996863842 -0.008429358 0.999962449 0.002024282 -1.692841172 0.002713892 -0.002001470 0.999994338 62.420452118
0.999957681 0.008862959 -0.002433862 0.996559918 -0.008858912 0.999959350 0.001669724 -1.707970858 0.002448561 -0.001648091 0.999995649 62.966163635
0.999951243 0.009576988 -0.002370411 1.003575325 -0.009572780 0.999952555 0.001780814 -1.721442699 0.002387353 -0.001758036 0.999995589 63.503726959
0.999954939 0.009261530 -0.002083517 1.002435207 -0.009257784 0.999955535 0.001800359 -1.739831686 0.002100099 -0.001780989 0.999996185 64.043113708
0.999946475 0.010210284 -0.001690006 1.006759644 -0.010207297 0.999946356 0.001767915 -1.755981445 0.001707966 -0.001750570 0.999997020 64.560791016
0.999949336 0.009971421 -0.001319989 1.008929372 -0.009969207 0.999948919 0.001674447 -1.768669248 0.001336618 -0.001661203 0.999997735 65.091918945
0.999951482 0.009705001 -0.001640489 1.024553061 -0.009702084 0.999951363 0.001777376 -1.786604404 0.001657659 -0.001761373 0.999997079 65.614418030
0.999950469 0.009813651 -0.001669199 1.035793424 -0.009810402 0.999949992 0.001943650 -1.802421570 0.001688189 -0.001927178 0.999996722 66.145744324
0.999942243 0.010661085 -0.001340324 1.039547324 -0.010658691 0.999941528 0.001781468 -1.818992376 0.001359237 -0.001767079 0.999997497 66.688888550
0.999943972 0.010520970 -0.001097056 1.047049999 -0.010519066 0.999943197 0.001726595 -1.841014981 0.001115159 -0.001714958 0.999997914 67.225143433
0.999945939 0.010345993 -0.001047879 1.056222439 -0.010343919 0.999944568 0.001964611 -1.857084870 0.001068147 -0.001953666 0.999997497 67.766723633
0.999949098 0.009979294 -0.001479319 1.069936872 -0.009976731 0.999948740 0.001729614 -1.874990106 0.001496504 -0.001714767 0.999997437 68.318977356
0.999942362 0.010701868 -0.000877628 1.069005966 -0.010700373 0.999941349 0.001690438 -1.897384167 0.000895667 -0.001680950 0.999998212 68.863143921
0.999942362 0.010631613 -0.001442712 1.080256939 -0.010628968 0.999941826 0.001827413 -1.911193848 0.001462056 -0.001811973 0.999997258 69.400283813
0.999938905 0.010938358 -0.001573539 1.091998458 -0.010936173 0.999939144 0.001389536 -1.924998045 0.001588643 -0.001372242 0.999997795 69.948165894
0.999933302 0.011529596 -0.000593273 1.082159281 -0.011528580 0.999932051 0.001685543 -1.949536562 0.000612666 -0.001678591 0.999998391 70.495765686
0.999940395 0.010898818 -0.000677715 1.104463577 -0.010897782 0.999939442 0.001514141 -1.947398305 0.000694176 -0.001506665 0.999998689 71.091323853
0.999942124 0.010721372 -0.000884675 1.102357745 -0.010719384 0.999940097 0.002221663 -1.987644315 0.000908442 -0.002212052 0.999997139 71.577674866
0.999950290 0.009909519 -0.001089846 1.113775611 -0.009907553 0.999949276 0.001793949 -2.000097990 0.001107567 -0.001783062 0.999997795 72.120262146
0.999946296 0.010297646 -0.001147214 1.115735650 -0.010295490 0.999945283 0.001867827 -2.014837980 0.001166384 -0.001855916 0.999997616 72.664176941
0.999950528 0.009853573 -0.001315158 1.127837420 -0.009851454 0.999950171 0.001607604 -2.027709723 0.001330933 -0.001594568 0.999997854 73.202674866
0.999945998 0.010316308 -0.001232243 1.135610938 -0.010314308 0.999945462 0.001619047 -2.045491695 0.001248879 -0.001606250 0.999997914 73.732223511
0.999943316 0.010631643 -0.000571185 1.142536044 -0.010630724 0.999942243 0.001590300 -2.061583996 0.000588060 -0.001584137 0.999998569 74.261444092
0.999937892 0.011104034 -0.000872178 1.152266741 -0.011102437 0.999936700 0.001814751 -2.075141907 0.000892275 -0.001804955 0.999997973 74.801399231
0.999943614 0.010563344 -0.001068225 1.169283628 -0.010561933 0.999943376 0.001318074 -2.085897923 0.001082088 -0.001306717 0.999998569 75.343093872
0.999935687 0.011321283 -0.000694589 1.174916387 -0.011320750 0.999935627 0.000765296 -2.102732182 0.000703209 -0.000757384 0.999999464 75.876701355
0.999932349 0.011625452 -0.000346943 1.179189324 -0.011625133 0.999931991 0.000913290 -2.117272615 0.000357536 -0.000909195 0.999999464 76.419464111
0.999938488 0.011053619 -0.000863332 1.195345044 -0.011053064 0.999938667 0.000642929 -2.135064363 0.000870387 -0.000633347 0.999999344 76.955650330
0.999936938 0.011165008 -0.001194356 1.206586361 -0.011163934 0.999937296 0.000901125 -2.153258562 0.001204343 -0.000887734 0.999998808 77.499542236
0.999939978 0.010872414 -0.001353271 1.217595816 -0.010870121 0.999939501 0.001690562 -2.176317453 0.001371569 -0.001675750 0.999997675 78.013488770
0.999938130 0.011116724 -0.000344305 1.225466490 -0.011116391 0.999937892 0.000953246 -2.183154583 0.000354880 -0.000949360 0.999999464 78.541755676
0.999927759 0.012016966 -0.000153184 1.230555534 -0.012016856 0.999927640 0.000701299 -2.195292234 0.000161600 -0.000699407 0.999999762 79.092521667
0.999931753 0.011670118 -0.000521799 1.244435191 -0.011669515 0.999931276 0.001146388 -2.215015888 0.000535141 -0.001140220 0.999999225 79.649574280
0.999931991 0.011646357 -0.000643388 1.273245096 -0.011645515 0.999931276 0.001298774 -2.234431982 0.000658470 -0.001291193 0.999998927 80.146583557
0.999932289 0.011637438 0.000042876 1.287414908 -0.011637490 0.999930978 0.001610036 -2.252971888 -0.000024136 -0.001610426 0.999998689 80.693191528
0.999930859 0.011713517 0.001049328 1.304192305 -0.011715302 0.999929845 0.001712353 -2.274785280 -0.001029197 -0.001724528 0.999997914 81.216667175
0.999938786 0.010851994 0.002145758 1.335682988 -0.010855078 0.999939978 0.001430035 -2.287773371 -0.002130111 -0.001453240 0.999996603 81.779113770
0.999931216 0.011199262 0.003486813 1.343227506 -0.011204793 0.999935985 0.001570546 -2.300922871 -0.003469001 -0.001609507 0.999992609 82.330963135
0.999909997 0.011660222 0.006632399 1.361787558 -0.011670536 0.999930680 0.001518260 -2.321370840 -0.006614236 -0.001595527 0.999976873 82.879913330
0.999884367 0.011008883 0.010484790 1.383775949 -0.011023177 0.999938309 0.001306624 -2.334674358 -0.010469759 -0.001422048 0.999944150 83.433815002
0.999843359 0.011240461 0.013672613 1.402159691 -0.011255505 0.999936044 0.001023876 -2.346991539 -0.013660231 -0.001177608 0.999906003 83.966094971
0.999775589 0.011320988 0.017906317 1.427546144 -0.011342157 0.999935091 0.001081100 -2.361187458 -0.017892916 -0.001283954 0.999839067 84.533195496
0.999637306 0.012077844 0.024070965 1.458246231 -0.012112131 0.999925852 0.001279060 -2.378154516 -0.024053732 -0.001570147 0.999709427 85.076568604
0.999498844 0.011120393 0.029637782 1.497839570 -0.011147581 0.999937594 0.000752334 -2.390092373 -0.029627567 -0.001082346 0.999560356 85.610877991
0.999291301 0.011766343 0.035754442 1.532911301 -0.011807377 0.999929786 0.000936690 -2.408203840 -0.035740908 -0.001358192 0.999360144 86.163436890
0.998943448 0.012159327 0.044317152 1.572088242 -0.012214256 0.999924898 0.000968832 -2.425964832 -0.044302046 -0.001509110 0.999017000 86.708702087
0.998579562 0.010926670 0.052148122 1.630988359 -0.010950779 0.999940038 0.000176594 -2.433734655 -0.052143067 -0.000747405 0.998639345 87.289550781
0.998154223 0.011459064 0.059638027 1.668645382 -0.011507194 0.999933660 0.000463640 -2.450368166 -0.059628755 -0.001149051 0.998219967 87.816673279
0.997638464 0.010136104 0.067931846 1.741569042 -0.010179478 0.999948144 0.000292320 -2.463653803 -0.067925364 -0.000983140 0.997689903 88.384002686
0.996907771 0.009490960 0.078005187 1.818747044 -0.009495101 0.999954820 -0.000317864 -2.475685120 -0.078004681 -0.000423786 0.996952832 88.955741882
0.996192873 0.009414875 0.086666033 1.890442371 -0.009370461 0.999955773 -0.000919287 -2.484712124 -0.086670838 0.000103687 0.996236980 89.528404236
0.995524347 0.009170486 0.094059132 1.957501888 -0.009131978 0.999957979 -0.000839828 -2.507844687 -0.094062880 -0.000022877 0.995566249 90.071914673
0.994508922 0.009098738 0.104255699 2.032859802 -0.009039694 0.999958694 -0.001038840 -2.523477793 -0.104260840 0.000090696 0.994549990 90.604377747
0.993498862 0.007226020 0.113612480 2.186154366 -0.007066564 0.999973416 -0.001806165 -2.542001009 -0.113622509 0.000991573 0.993523479 91.261871338
0.992302179 0.008018254 0.123580083 2.259704590 -0.007892145 0.999967635 -0.001509995 -2.555489540 -0.123588219 0.000523059 0.992333472 91.786117554
0.990805328 0.008275230 0.135042340 2.350975990 -0.008122231 0.999965608 -0.001683898 -2.569862366 -0.135051638 0.000571570 0.990838468 92.324081421
0.989126325 0.005707576 0.146957502 2.472460747 -0.005349299 0.999981701 -0.002833052 -2.572422504 -0.146970987 0.002016126 0.989138722 92.890014648
0.987259328 0.008072309 0.158914566 2.561459541 -0.007887698 0.999967277 -0.001792426 -2.596429348 -0.158923849 0.000516119 0.987290680 93.419288635
0.985671937 0.005951093 0.168568730 2.693515778 -0.005627770 0.999981284 -0.002395739 -2.608250141 -0.168579832 0.001412747 0.985687017 93.973747253
0.983348191 0.005134256 0.181658968 2.804765701 -0.004676553 0.999984682 -0.002947813 -2.620004416 -0.181671336 0.002049189 0.983357251 94.525604248
0.981083095 0.005889271 0.193497077 2.929019928 -0.005495104 0.999981523 -0.002573728 -2.639409781 -0.193508640 0.001461755 0.981097400 95.024391174
0.979007483 0.005727445 0.203743324 3.055223465 -0.005384694 0.999983013 -0.002236598 -2.658451796 -0.203752667 0.001092551 0.979021728 95.551910400
0.976098776 0.005827422 0.217249244 3.191856384 -0.005423416 0.999982238 -0.002455838 -2.675078154 -0.217259705 0.001218907 0.976113081 96.044258118
0.973007500 0.005653055 0.230704308 3.338090897 -0.005122229 0.999982715 -0.002899770 -2.688635349 -0.230716705 0.001639778 0.973019540 96.572013855
0.970314026 0.005021632 0.241796821 3.491628647 -0.004442531 0.999985874 -0.002940122 -2.703475952 -0.241808161 0.001778651 0.970322430 97.085891724
0.967489064 0.004624610 0.252870500 3.657539368 -0.003975319 0.999987364 -0.003078547 -2.712898254 -0.252881527 0.001973219 0.967495263 97.672485352
0.963955879 0.004229020 0.266028494 3.827783585 -0.003581592 0.999989331 -0.002918778 -2.732514143 -0.266038030 0.001860768 0.963960707 98.184242249
0.960480452 0.003769913 0.278321862 4.003721237 -0.002943432 0.999989986 -0.003387325 -2.753401041 -0.278331846 0.002434238 0.960481882 98.704933167
0.957029998 0.003964292 0.289961815 4.180290222 -0.003272040 0.999990463 -0.002872152 -2.769856453 -0.289970458 0.001799969 0.957033932 99.214935303
0.952675879 0.003749707 0.303965300 4.365993500 -0.003107789 0.999991775 -0.002595562 -2.793372631 -0.303972512 0.001528069 0.952679574 99.724624634
0.948183954 0.003224262 0.317705542 4.566757202 -0.002465631 0.999993086 -0.002789906 -2.809401035 -0.317712247 0.001862000 0.948185265 100.244834900
0.944113910 0.003053536 0.329605252 4.771087646 -0.002392769 0.999994218 -0.002410374 -2.828966141 -0.329610705 0.001486998 0.944115758 100.760253906
0.939419150 0.003337571 0.342754424 4.984788895 -0.002948385 0.999994278 -0.001656528 -2.872788191 -0.342758000 0.000545602 0.939423561 101.222457886
0.934182167 0.001932891 0.356790990 5.186113358 -0.000920491 0.999995053 -0.003007295 -2.864630222 -0.356794983 0.002480939 0.934179544 101.771781921
0.929399490 0.002538819 0.369066715 5.414075851 -0.001464480 0.999993861 -0.003191070 -2.876080513 -0.369072556 0.002425288 0.929397523 102.285324097
0.924740911 0.001774844 0.380593061 5.649192810 -0.000630300 0.999994934 -0.003131879 -2.887320995 -0.380596697 0.002656289 0.924737334 102.789375305
0.919043899 0.000748126 0.394154429 5.911506653 0.000541612 0.999994874 -0.003160910 -2.906145811 -0.394154817 0.003118493 0.919038773 103.309547424
0.913197339 0.001370963 0.407515317 6.157764435 -0.000399032 0.999996901 -0.002470002 -2.922358990 -0.407517403 0.002092988 0.913195074 103.807701111
0.907731712 0.001840563 0.419547170 6.390140533 -0.000895234 0.999996603 -0.002450081 -2.942947149 -0.419550270 0.001848423 0.907730222 104.276046753
0.902534366 -0.000209151 0.430617690 6.671176910 0.001400120 0.999995947 -0.002448825 -2.965791702 -0.430615366 0.002813065 0.902531147 104.748504639
0.896124780 0.000286870 0.443802029 6.938198090 0.001101653 0.999995291 -0.002870847 -2.976104021 -0.443800747 0.003061553 0.896120310 105.231903076
0.890015781 0.000470688 0.455929428 7.210777283 0.000854796 0.999996006 -0.002701004 -2.995188713 -0.455928862 0.002793662 0.890011847 105.721702576
0.884328485 -0.000901532 0.466864228 7.469779968 0.002003381 0.999996305 -0.001863751 -3.023355007 -0.466860771 0.002583475 0.884327054 106.150856018
0.876313865 -0.000681386 0.481740147 7.780899048 0.001997728 0.999995649 -0.002219567 -3.039904356 -0.481736511 0.002907423 0.876311302 106.721481323
0.869296908 -0.000486575 0.494289994 8.069408417 0.001799556 0.999996006 -0.002180452 -3.057394028 -0.494286984 0.002784963 0.869294345 107.186996460
