1.000000000 0.000000000 0.000000000 0.000000000 0.000000000 1.000000000 0.000000000 0.000000000 0.000000000 0.000000000 1.000000000 0.000000000
1.000000000 -0.000002966 0.000059616 -0.000134247 0.000002962 1.000000000 0.000074818 0.000075604 -0.000059616 -0.000074818 1.000000000 0.000644796
1.000000000 0.000025803 0.000121162 -0.000425668 -0.000025810 1.000000000 0.000058254 0.000266870 -0.000121160 -0.000058258 1.000000000 0.000716834
1.000000000 -0.000153964 0.000025277 0.000533758 0.000153965 1.000000000 -0.000016053 0.000756635 -0.000025275 0.000016057 1.000000000 0.000781600
1.000000000 0.000057032 0.000126005 -0.000822614 -0.000057043 1.000000000 0.000086269 0.000071857 -0.000126000 -0.000086277 1.000000000 0.000067529
1.000000000 0.000207251 0.000120984 -0.001384988 -0.000207252 1.000000000 0.000006631 0.000391363 -0.000120982 -0.000006656 1.000000000 0.000052687
1.000000000 -0.000072697 0.000111193 -0.000437370 0.000072698 1.000000000 -0.000002279 -0.000355878 -0.000111193 0.000002288 1.000000000 0.000284745
1.000000000 0.000039965 0.000075932 -0.001536090 -0.000039969 1.000000000 0.000064924 0.000472928 -0.000075930 -0.000064927 1.000000000 0.000823135
1.000000000 0.000171711 0.000128023 -0.000767748 -0.000171722 1.000000000 0.000093563 0.000020983 -0.000128007 -0.000093585 1.000000000 0.001084241
0.999999940 0.000267100 0.000098380 -0.001067534 -0.000267103 0.999999940 0.000027518 0.000031533 -0.000098372 -0.000027544 1.000000000 -0.000257260
1.000000000 0.000082248 0.000082231 -0.000807694 -0.000082252 1.000000000 0.000050244 0.000064188 -0.000082226 -0.000050251 1.000000000 0.000051919
1.000000000 0.000150766 0.000048208 -0.000933310 -0.000150761 1.000000000 -0.000104650 0.001658360 -0.000048224 0.000104642 1.000000000 0.000881993
1.000000000 0.000117891 0.000125083 -0.001583402 -0.000117883 1.000000000 -0.000059344 0.001499672 -0.000125090 0.000059330 1.000000000 -0.000163935
0.999999940 0.000164800 0.000201851 -0.002553852 -0.000164784 1.000000000 -0.000080681 0.001858290 -0.000201865 0.000080648 1.000000000 0.001156882
0.999999940 0.000250860 0.000151910 -0.002609037 -0.000250849 0.999999940 -0.000074884 0.001396372 -0.000151929 0.000074846 1.000000000 0.001070834
0.999999940 0.000311342 0.000204254 -0.002261615 -0.000311332 0.999999940 -0.000047967 0.002645562 -0.000204269 0.000047903 1.000000000 0.002195086
0.999999940 0.000266319 0.000194509 -0.001818084 -0.000266301 0.999999940 -0.000096992 0.002233914 -0.000194534 0.000096941 1.000000000 0.001735351
0.999999940 0.000244869 0.000207035 -0.002409643 -0.000244878 0.999999940 0.000048154 0.001127655 -0.000207023 -0.000048205 1.000000000 0.001593499
0.999999940 0.000233164 0.000153578 -0.002555162 -0.000233165 1.000000000 0.000007301 0.001978438 -0.000153577 -0.000007337 1.000000000 0.001836033
0.999999940 0.000207841 0.000184667 -0.002351200 -0.000207837 1.000000000 -0.000021213 0.001973493 -0.000184671 0.000021174 1.000000000 0.001939949
0.999999940 0.000213033 0.000207886 -0.002892573 -0.000213053 1.000000000 0.000099062 0.001339943 -0.000207865 -0.000099106 1.000000000 0.002218549
0.999999881 0.000378718 0.000232231 -0.003580862 -0.000378711 0.999999940 -0.000028710 0.002586420 -0.000232242 0.000028622 1.000000000 0.002953707
0.999999940 0.000260444 0.000245606 -0.002120760 -0.000260446 0.999999940 0.000007945 0.001223005 -0.000245604 -0.000008008 0.999999940 0.001806581
0.999999940 0.000218466 0.000239210 -0.003315615 -0.000218462 1.000000000 -0.000017726 0.002272227 -0.000239214 0.000017674 1.000000000 0.002712521
0.999999940 0.000210406 0.000242071 -0.003027950 -0.000210389 1.000000000 -0.000070184 0.002674756 -0.000242086 0.000070133 0.999999940 0.003020009
0.999999940 0.000247878 0.000146930 -0.003150566 -0.000247879 0.999999940 0.000002236 0.002198901 -0.000146929 -0.000002273 1.000000000 0.001565013
0.999999940 0.000229426 0.000155651 -0.002449738 -0.000229435 1.000000000 0.000058965 0.001582543 -0.000155638 -0.000059001 1.000000000 0.002444593
1.000000000 0.000127692 0.000197371 -0.001691348 -0.000127691 1.000000000 -0.000005846 0.002153707 -0.000197371 0.000005820 1.000000000 0.002866804
0.999999940 0.000259165 0.000214961 -0.002422999 -0.000259168 0.999999940 0.000013119 0.001897850 -0.000214958 -0.000013175 1.000000000 0.002791947
0.999999881 0.000393727 0.000258925 -0.003495957 -0.000393716 0.999999940 -0.000042736 0.002163151 -0.000258942 0.000042634 0.999999940 0.002492535
0.999999881 0.000422502 0.000306773 -0.003057408 -0.000422532 0.999999881 0.000099411 0.000860017 -0.000306731 -0.000099540 0.999999940 0.001456032
0.999999940 0.000361882 0.000213894 -0.002865400 -0.000361885 0.999999940 0.000014491 0.000950382 -0.000213889 -0.000014568 1.000000000 0.002080840
0.999999940 0.000296217 0.000210081 -0.001953058 -0.000296209 0.999999940 -0.000038239 0.001303958 -0.000210092 0.000038177 1.000000000 0.002010618
0.999999940 0.000266837 0.000184489 -0.003489570 -0.000266848 0.999999940 0.000058210 0.001672759 -0.000184474 -0.000058260 1.000000000 0.002568650
1.000000000 0.000118219 0.000147304 -0.001982511 -0.000118222 1.000000000 0.000019830 0.002067600 -0.000147302 -0.000019847 1.000000000 0.003183664
0.999999940 0.000282188 0.000203648 -0.002486930 -0.000282191 0.999999940 0.000014453 0.001405126 -0.000203644 -0.000014510 1.000000000 0.002088628
0.999999940 0.000216253 0.000158557 -0.000806355 -0.000216249 1.000000000 -0.000024266 0.002470464 -0.000158562 0.000024232 1.000000000 0.001851049
0.999999940 0.000204234 0.000172438 -0.001080919 -0.000204219 1.000000000 -0.000086029 0.001589361 -0.000172455 0.000085994 1.000000000 0.002048741
0.999999881 0.000309971 0.000357333 -0.002292306 -0.000309777 0.999999821 -0.000542820 -0.002252816 -0.000357501 0.000542709 0.999999762 0.049031850
0.999999940 0.000273748 0.000228778 0.001610790 -0.000273495 0.999999344 -0.001104764 -0.005700763 -0.000229080 0.001104702 0.999999344 0.137787178
1.000000000 0.000120576 0.000116017 0.003567331 -0.000120413 0.999998987 -0.001402033 -0.009359368 -0.000116186 0.001402019 0.999998987 0.252658695
1.000000000 0.000097152 0.000159302 0.004721093 -0.000096933 0.999999046 -0.001376000 -0.010278601 -0.000159436 0.001375984 0.999999046 0.386283487
1.000000000 0.000165964 0.000109265 0.007688645 -0.000165845 0.999999404 -0.001094491 -0.014685568 -0.000109447 0.001094473 0.999999404 0.532212317
0.999999940 -0.000233511 0.000225210 0.011106231 0.000233706 0.999999583 -0.000864337 -0.022017257 -0.000225008 0.000864390 0.999999583 0.685671151
1.000000000 0.000159476 0.000158748 0.020219069 -0.000159371 0.999999762 -0.000662704 -0.022874227 -0.000158854 0.000662679 0.999999762 0.844503403
0.999999762 0.000301766 0.000612910 0.012772348 -0.000301301 0.999999642 -0.000759122 -0.026006320 -0.000613139 0.000758937 0.999999523 1.024629593
1.000000000 0.000003293 0.000065067 0.025903551 -0.000003235 0.999999583 -0.000890140 -0.026886638 -0.000065070 0.000890140 0.999999583 1.219078064
0.999999881 0.000072882 0.000430113 0.030164644 -0.000072653 0.999999881 -0.000533563 -0.035732027 -0.000430152 0.000533532 0.999999762 1.396845937
0.999999940 0.000310413 -0.000112536 0.036039826 -0.000310428 0.999999940 -0.000128089 -0.045892116 0.000112496 0.000128124 1.000000000 1.579741836
0.999998987 -0.001425266 -0.000225460 0.030428177 0.001425458 0.999998629 0.000851248 -0.065446749 0.000224246 -0.000851569 0.999999583 1.790899158
0.999999106 -0.001316624 -0.000215586 0.033366900 0.001316869 0.999998510 0.001139216 -0.072267435 0.000214086 -0.001139499 0.999999344 1.991981506
0.999998212 -0.001813210 -0.000556669 0.042439792 0.001813854 0.999997795 0.001158488 -0.077995293 0.000554567 -0.001159495 0.999999225 2.205166578
0.999998510 -0.001704551 -0.000233839 0.043303546 0.001704861 0.999997675 0.001332023 -0.083513372 0.000231568 -0.001332420 0.999999106 2.423094273
0.999998510 -0.001685511 -0.000061137 0.046751633 0.001685574 0.999997973 0.001041976 -0.089396387 0.000059380 -0.001042077 0.999999464 2.642423868
0.999998689 -0.001602208 0.000077870 0.051407326 0.001602117 0.999998033 0.001163408 -0.098085009 -0.000079734 -0.001163282 0.999999344 2.870401382
0.999997675 -0.002134677 0.000047652 0.056925867 0.002134609 0.999996722 0.001370535 -0.104213387 -0.000050577 -0.001370430 0.999999046 3.103291750
0.999998510 -0.001724288 0.000072051 0.059772525 0.001724199 0.999997795 0.001210721 -0.107212499 -0.000074139 -0.001210595 0.999999285 3.340131760
0.999998391 -0.001774521 0.000350127 0.063530073 0.001774079 0.999997675 0.001257847 -0.114296101 -0.000352359 -0.001257224 0.999999166 3.591946125
0.999998450 -0.001732685 0.000193261 0.071230531 0.001732437 0.999997735 0.001274918 -0.120445050 -0.000195470 -0.001274581 0.999999225 3.850437403
0.999998450 -0.001746508 0.000259134 0.077959090 0.001746111 0.999997318 0.001525831 -0.126987100 -0.000261798 -0.001525376 0.999998808 4.109601498
0.999998391 -0.001695298 0.000490289 0.083461627 0.001694456 0.999997139 0.001712511 -0.134929419 -0.000493191 -0.001711677 0.999998391 4.349535465
0.999998093 -0.001858254 0.000598198 0.076370403 0.001857259 0.999996901 0.001660347 -0.141022474 -0.000601282 -0.001659233 0.999998450 4.604873180
0.999998212 -0.001778205 0.000594959 0.083867088 0.001777309 0.999997258 0.001503290 -0.144581959 -0.000597631 -0.001502230 0.999998689 4.866457462
0.999998510 -0.001558223 0.000666342 0.091798782 0.001557261 0.999997735 0.001441192 -0.149075121 -0.000668586 -0.001440153 0.999998689 5.124526978
0.999998510 -0.001521881 0.000826012 0.096705317 0.001520832 0.999998033 0.001269415 -0.155665070 -0.000827943 -0.001268158 0.999998927 5.385284424
0.999997377 -0.002193732 0.000660486 0.106306136 0.002192646 0.999996305 0.001640961 -0.164411634 -0.000664083 -0.001639509 0.999998450 5.661949635
0.999998391 -0.001466828 0.000973131 0.095957123 0.001465105 0.999997318 0.001768807 -0.177635938 -0.000975723 -0.001767379 0.999997973 5.904401779
0.999998510 -0.001479734 0.000927615 0.102035917 0.001478211 0.999997616 0.001641131 -0.182909727 -0.000930041 -0.001639757 0.999998271 6.186883450
0.999998987 -0.000549621 0.001324012 0.110042468 0.000547284 0.999998391 0.001764752 -0.185021594 -0.001324979 -0.001764026 0.999997556 6.486887455
0.999998152 -0.001349745 0.001402597 0.111658342 0.001347081 0.999997318 0.001898406 -0.193409503 -0.001405155 -0.001896514 0.999997199 6.775875092
0.999998927 -0.000790968 0.001166430 0.113874033 0.000788933 0.999998152 0.001743645 -0.205881014 -0.001167807 -0.001742723 0.999997795 7.051932335
0.999998868 -0.001128473 0.001026547 0.123479508 0.001126682 0.999997914 0.001743359 -0.211510777 -0.001028512 -0.001742200 0.999997973 7.359656334
0.999998748 -0.001160202 0.001019562 0.130985752 0.001158346 0.999997675 0.001819211 -0.224440023 -0.001021670 -0.001818028 0.999997854 7.658657551
0.999998927 -0.001171690 0.000834175 0.142303199 0.001169849 0.999996960 0.002203660 -0.233046010 -0.000836754 -0.002202681 0.999997258 7.992762566
0.999998748 -0.000581641 0.001467312 0.130794004 0.000579094 0.999998271 0.001735416 -0.244816959 -0.001468319 -0.001734563 0.999997377 8.283696175
0.999998868 -0.000263943 0.001496764 0.137003794 0.000261613 0.999998748 0.001556590 -0.250714719 -0.001497172 -0.001556197 0.999997616 8.610497475
0.999998927 -0.000614527 0.001363234 0.147090644 0.000612142 0.999998331 0.001749173 -0.257981747 -0.001364306 -0.001748336 0.999997556 8.955662727
0.999999166 -0.000597059 0.001186540 0.156544209 0.000594620 0.999997795 0.002054711 -0.274687827 -0.001187764 -0.002054004 0.999997258 9.285354614
0.999998510 -0.000059030 0.001677994 0.155940413 0.000055371 0.999997616 0.002180907 -0.289333105 -0.001678119 -0.002180811 0.999996185 9.595715523
0.999998927 -0.000154887 0.001429708 0.167416587 0.000151613 0.999997377 0.002289489 -0.299453706 -0.001430058 -0.002289270 0.999996364 9.948166847
0.999998927 -0.000134497 0.001411866 0.175977170 0.000132039 0.999998450 0.001741107 -0.305330127 -0.001412098 -0.001740919 0.999997497 10.303994179
0.999998927 -0.000122965 0.001481566 0.187779292 0.000120264 0.999998331 0.001823255 -0.315821111 -0.001481787 -0.001823075 0.999997258 10.667501450
0.999999106 -0.000288992 0.001395978 0.191067874 0.000286427 0.999998271 0.001837348 -0.320455760 -0.001396507 -0.001836946 0.999997318 11.017281532
0.999999225 -0.000922675 0.000924911 0.202597544 0.000920783 0.999997437 0.002043332 -0.329935372 -0.000926794 -0.002042478 0.999997497 11.397518158
0.999998569 -0.000010815 0.001697766 0.203068063 0.000007183 0.999997675 0.002139698 -0.339682221 -0.001697785 -0.002139683 0.999996245 11.784240723
0.999998152 -0.000186621 0.001937250 0.208313033 0.000182261 0.999997377 0.002250869 -0.354021311 -0.001937665 -0.002250512 0.999995589 12.150661469
0.999998271 -0.000078118 0.001867408 0.216855511 0.000073178 0.999996483 0.002645412 -0.371459961 -0.001867608 -0.002645270 0.999994755 12.516983032
0.999997377 0.000545506 0.002226418 0.220087945 -0.000551566 0.999996185 0.002722089 -0.380897045 -0.002224924 -0.002723310 0.999993801 12.922743797
0.999997795 -0.000207401 0.002111019 0.235490218 0.000201467 0.999996006 0.002810785 -0.389931023 -0.002111594 -0.002810353 0.999993801 13.339888573
0.999996662 0.000734535 0.002482369 0.236519098 -0.000741656 0.999995589 0.002868946 -0.403578669 -0.002480251 -0.002870777 0.999992788 13.763439178
0.999997437 0.000155428 0.002304135 0.238868922 -0.000162487 0.999995291 0.003063980 -0.411395073 -0.002303649 -0.003064346 0.999992669 14.127155304
0.999995649 -0.000137114 0.002943776 0.246731088 0.000129254 0.999996424 0.002670198 -0.423781961 -0.002944132 -0.002669806 0.999992132 14.546757698
0.999996245 -0.000487759 0.002698213 0.259095073 0.000480194 0.999995947 0.002803577 -0.433609366 -0.002699569 -0.002802271 0.999992430 14.988585472
0.999994636 -0.000519630 0.003238083 0.261482209 0.000510281 0.999995708 0.002887249 -0.443277240 -0.003239569 -0.002885582 0.999990523 15.393919945
0.999993026 -0.000422062 0.003723617 0.268312275 0.000409467 0.999994278 0.003382810 -0.456647485 -0.003725023 -0.003381262 0.999987304 15.842506409
0.999990702 0.000337614 0.004304605 0.277471900 -0.000353618 0.999992967 0.003717609 -0.465265423 -0.004303320 -0.003719097 0.999983847 16.294721603
0.999988258 -0.000017744 0.004845567 0.282065630 0.000002928 0.999995291 0.003057628 -0.478373557 -0.004845597 -0.003057578 0.999983609 16.717618942
0.999988616 -0.000262106 0.004764944 0.297347754 0.000247553 0.999995291 0.003054398 -0.491632968 -0.004765722 -0.003053183 0.999984026 17.184921265
0.999985456 -0.000061284 0.005385258 0.300959826 0.000042921 0.999994159 0.003409680 -0.506786704 -0.005385435 -0.003409399 0.999979675 17.645895004
0.999983847 -0.000379821 0.005657983 0.308262020 0.000363573 0.999995828 0.002872511 -0.513832271 -0.005659050 -0.002870408 0.999979794 18.064413071
0.999982297 -0.000037948 0.005952945 0.318720460 0.000020695 0.999995828 0.002898268 -0.521699965 -0.005953030 -0.002898094 0.999978065 18.533454895
0.999983490 -0.000264053 0.005730977 0.336398780 0.000249808 0.999996960 0.002486206 -0.532229781 -0.005731616 -0.002484734 0.999980450 19.012001038
0.999984086 0.000075901 0.005660916 0.345974684 -0.000093469 0.999995291 0.003103082 -0.546898246 -0.005660653 -0.003103561 0.999979079 19.461343765
0.999981344 0.000649232 0.006076321 0.352316916 -0.000673205 0.999992013 0.003944009 -0.562858105 -0.006073711 -0.003948026 0.999973714 19.950166702
0.999980509 0.000531533 0.006216958 0.368019223 -0.000554916 0.999992847 0.003760152 -0.574601054 -0.006214914 -0.003763529 0.999973536 20.437072754
0.999984324 -0.000698286 0.005558742 0.378296554 0.000676698 0.999992251 0.003884642 -0.589049816 -0.005561412 -0.003880819 0.999976993 20.898097992
0.999986887 -0.000145675 0.005115172 0.389683366 0.000126504 0.999993026 0.003747782 -0.599493802 -0.005115681 -0.003747086 0.999979854 21.402164459
0.999988794 -0.000639849 0.004694118 0.401719302 0.000621478 0.999992192 0.003913886 -0.610590339 -0.004696586 -0.003910925 0.999981284 21.910806656
0.999988794 -0.000052366 0.004734551 0.398131907 0.000033403 0.999992073 0.004005057 -0.624751866 -0.004734722 -0.004004854 0.999980748 22.386541367
0.999991238 -0.000015945 0.004190134 0.407489717 -0.000000971 0.999991834 0.004037226 -0.640708923 -0.004190165 -0.004037194 0.999983072 22.909690857
0.999991119 0.001057186 0.004080230 0.401426494 -0.001072856 0.999992073 0.003840172 -0.650248349 -0.004076137 -0.003844516 0.999984264 23.431869507
0.999994695 -0.000820520 0.003149200 0.413748920 0.000809425 0.999993443 0.003522659 -0.670142293 -0.003152070 -0.003520092 0.999988854 23.944459915
0.999996364 -0.000337554 0.002667304 0.427316189 0.000327617 0.999993026 0.003724847 -0.678856254 -0.002668543 -0.003723960 0.999989569 24.497879028
0.999997675 0.000611898 0.002074021 0.429876029 -0.000620128 0.999991953 0.003969674 -0.690791190 -0.002071575 -0.003970950 0.999989986 25.022882462
0.999996841 0.000772068 0.002393498 0.413911998 -0.000781703 0.999991536 0.004027092 -0.716053605 -0.002390369 -0.004028950 0.999989033 25.511850357
0.999997079 0.001189643 0.002113374 0.423325032 -0.001197728 0.999991953 0.003828631 -0.724210560 -0.002108802 -0.003831151 0.999990523 26.077846527
0.999996543 0.001151301 0.002351482 0.429349691 -0.001162223 0.999988556 0.004648724 -0.739191532 -0.002346102 -0.004651440 0.999986529 26.635398865
0.999998510 0.000435105 0.001673698 0.434597552 -0.000442008 0.999991417 0.004126415 -0.742992699 -0.001671888 -0.004127149 0.999990106 27.220817566
0.999999046 0.000891409 0.001066706 0.450048774 -0.000896256 0.999989212 0.004552510 -0.775560498 -0.001062636 -0.004553463 0.999989033 27.695302963
0.999998033 0.001534860 0.001216724 0.458399624 -0.001540235 0.999988914 0.004429275 -0.781066298 -0.001209913 -0.004431141 0.999989450 28.250783920
0.999998629 0.001172207 0.001177416 0.470916182 -0.001178461 0.999985039 0.005325708 -0.804986537 -0.001171155 -0.005327088 0.999985099 28.793262482
0.999999881 0.000587363 0.000021796 0.483732253 -0.000587466 0.999986887 0.005077980 -0.814699829 -0.000018813 -0.005077991 0.999987125 29.371416092
0.999998808 0.001495736 0.000382444 0.459978521 -0.001497664 0.999985933 0.005091360 -0.837762415 -0.000374824 -0.005091927 0.999986947 29.842813492
0.999997318 0.002235267 0.000512016 0.469479680 -0.002237792 0.999985039 0.004985251 -0.850105166 -0.000500864 -0.004986384 0.999987423 30.398424149
0.999995470 0.002925480 0.000718685 0.483644336 -0.002929090 0.999982774 0.005074346 -0.864657402 -0.000703828 -0.005076427 0.999986827 30.940483093
0.999998152 0.001895546 0.000234485 0.483170152 -0.001896739 0.999984622 0.005195788 -0.882447004 -0.000224633 -0.005196224 0.999986470 31.471578598
0.999997437 0.002247822 0.000353471 0.494899303 -0.002249539 0.999985278 0.004937228 -0.893583059 -0.000342368 -0.004938010 0.999987781 32.021820068
0.999995768 0.002926402 0.000087255 0.503531516 -0.002926820 0.999981761 0.005268389 -0.901713908 -0.000071836 -0.005268621 0.999986053 32.581748962
0.999998987 0.001393296 -0.000257345 0.497867733 -0.001391914 0.999985158 0.005294462 -0.918654203 0.000264719 -0.005294099 0.999985933 33.090888977
0.999999225 0.001226693 -0.000353206 0.511254489 -0.001224625 0.999982476 0.005795688 -0.934137106 0.000360310 -0.005795252 0.999983132 33.643638611
0.999998033 0.001759046 -0.000835486 0.525032341 -0.001754038 0.999980748 0.005958118 -0.946046174 0.000845951 -0.005956640 0.999981940 34.178379059
0.999998271 0.001602128 -0.000928994 0.521121860 -0.001597037 0.999983847 0.005455744 -0.961790442 0.000937719 -0.005454251 0.999984682 34.678737640
0.999998987 0.000955583 -0.001039629 0.533838034 -0.000950102 0.999985754 0.005260206 -0.970006764 0.001044641 -0.005259213 0.999985635 35.235668182
0.999998450 0.001438984 -0.000993546 0.542749524 -0.001434053 0.999986768 0.004946548 -0.985644519 0.001000650 -0.004945116 0.999987304 35.769245148
0.999998510 0.001482603 -0.000842326 0.554791451 -0.001478268 0.999985754 0.005124220 -0.994653046 0.000849911 -0.005122968 0.999986529 36.323097229
0.999998450 0.001539505 -0.000823849 0.546282709 -0.001534925 0.999983668 0.005532102 -1.016548991 0.000832352 -0.005530829 0.999984384 36.814888000
0.999997914 0.002022138 -0.000396784 0.554927886 -0.002019930 0.999982953 0.005489791 -1.027265906 0.000407878 -0.005488978 0.999984920 37.370285034
0.999996483 0.002597593 -0.000565743 0.560297847 -0.002594840 0.999985158 0.004813929 -1.035824060 0.000578239 -0.004812444 0.999988258 37.915596008
0.999998152 0.001756625 -0.000778714 0.564684808 -0.001752609 0.999985337 0.005128300 -1.060073733 0.000787710 -0.005126926 0.999986529 38.438663483
0.999997914 0.001910632 -0.000572046 0.575080335 -0.001907731 0.999985456 0.005029289 -1.065813065 0.000581647 -0.005028187 0.999987185 38.992813110
0.999998629 0.001272100 -0.001003299 0.590551019 -0.001266897 0.999985874 0.005170343 -1.083500862 0.001009862 -0.005169065 0.999986053 39.558898926
0.999998569 0.001561380 -0.000648225 0.579210401 -0.001558025 0.999985516 0.005145538 -1.087063551 0.000656250 -0.005144520 0.999986529 40.046115875
0.999999166 0.001006321 -0.000820199 0.594461322 -0.001002292 0.999987543 0.004898305 -1.098719001 0.000825118 -0.004897479 0.999987602 40.593719482
0.999998510 0.001186517 -0.001298301 0.610487461 -0.001179806 0.999986053 0.005157885 -1.113961935 0.001304402 -0.005156346 0.999985814 41.134925842
0.999997795 0.001453500 -0.001572513 0.630583584 -0.001445729 0.999986887 0.004931278 -1.127397180 0.001579660 -0.004928993 0.999986589 41.681106567
0.999998391 0.001790504 -0.000491606 0.601952016 -0.001787992 0.999985516 0.005067839 -1.134326339 0.000500672 -0.005066951 0.999987066 42.211799622
0.999998510 0.001660796 -0.000513570 0.614350379 -0.001657997 0.999984026 0.005405381 -1.151280642 0.000522539 -0.005404523 0.999985278 42.750888824
0.999997914 0.001869330 -0.000820444 0.628408313 -0.001864775 0.999983072 0.005519747 -1.163491011 0.000830748 -0.005518205 0.999984443 43.302494049
0.999997914 0.001998454 -0.000399284 0.616883278 -0.001996400 0.999985099 0.005081678 -1.166880608 0.000409433 -0.005080869 0.999986947 43.813781738
0.999996126 0.002782598 -0.000281258 0.623896837 -0.002781306 0.999986053 0.004495365 -1.174661160 0.000293762 -0.004494565 0.999989867 44.370876312
0.999997318 0.002316532 -0.000153088 0.632784426 -0.002315762 0.999985516 0.004864445 -1.189456820 0.000164355 -0.004864078 0.999988139 44.899826050
0.999995470 0.003034178 0.000154389 0.645945966 -0.003034893 0.999983668 0.004852259 -1.199599743 -0.000139664 -0.004852705 0.999988198 45.438819885
0.999997139 0.002379500 -0.000027745 0.645468354 -0.002379328 0.999984324 0.005060360 -1.217536926 0.000039786 -0.005060279 0.999987185 45.983287811
0.999996722 0.002547909 -0.000239570 0.662724376 -0.002546678 0.999984264 0.005004886 -1.223943591 0.000252319 -0.005004260 0.999987423 46.534130096
0.999996662 0.002560800 -0.000291226 0.665165663 -0.002559326 0.999984384 0.004958853 -1.236971974 0.000303919 -0.004958090 0.999987662 47.075992584
0.999995470 0.002965284 -0.000407815 0.677411735 -0.002963357 0.999984860 0.004649417 -1.246856928 0.000421595 -0.004648187 0.999989092 47.620620728
0.999998510 0.001718496 0.000001711 0.682134628 -0.001718483 0.999985516 0.005102444 -1.261627197 0.000007058 -0.005102439 0.999986947 48.146842957
0.999999344 0.001122813 -0.000190790 0.697424233 -0.001121855 0.999987185 0.004954980 -1.272032261 0.000196351 -0.004954763 0.999987721 48.700782776
0.999996543 0.002617901 0.000266990 0.690375447 -0.002619183 0.999984384 0.004924559 -1.283266068 -0.000254094 -0.004925241 0.999987781 49.247730255
0.999996841 0.002528367 0.000008890 0.698634982 -0.002528379 0.999984205 0.005009456 -1.295400739 0.000003775 -0.005009463 0.999987423 49.790122986
0.999997675 0.002151587 -0.000116771 0.707670450 -0.002151005 0.999986291 0.004769269 -1.306492567 0.000127030 -0.004769006 0.999988616 50.303153992
0.999998629 0.001620077 -0.000175897 0.719981849 -0.001619210 0.999987006 0.004824097 -1.315738201 0.000183710 -0.004823805 0.999988317 50.860786438
0.999996901 0.002489012 -0.000232021 0.733782530 -0.002487877 0.999985516 0.004770767 -1.323294401 0.000243891 -0.004770175 0.999988556 51.396045685
0.999995530 0.002950195 0.000382227 0.724026263 -0.002952002 0.999984026 0.004815749 -1.340909004 -0.000368013 -0.004816857 0.999988317 51.922389984
0.999997258 0.002323386 0.000031322 0.738704681 -0.002323509 0.999985754 0.004818820 -1.349465847 -0.000020125 -0.004818881 0.999988377 52.468738556
0.999992311 0.003854537 0.000727700 0.742658257 -0.003857775 0.999982476 0.004502389 -1.360307217 -0.000710332 -0.004505162 0.999989569 53.029777527
0.999995947 0.002852632 0.000147499 0.766316235 -0.002853315 0.999984026 0.004861158 -1.380629539 -0.000133630 -0.004861559 0.999988139 53.566062927
0.999994516 0.003183285 0.000906539 0.734471381 -0.003187613 0.999983370 0.004811926 -1.398167253 -0.000891206 -0.004814789 0.999987960 54.091976166
0.999994218 0.003255351 0.000980650 0.744978130 -0.003260006 0.999983251 0.004782409 -1.409998417 -0.000965065 -0.004785578 0.999988079 54.643329620
0.999996305 0.002637691 0.000661727 0.766317010 -0.002640520 0.999987185 0.004314869 -1.411455750 -0.000650337 -0.004316601 0.999990463 55.191692352
0.999996483 0.002565253 0.000683067 0.774333239 -0.002568465 0.999985516 0.004746704 -1.425420284 -0.000670881 -0.004748442 0.999988496 55.736930847
0.999996424 0.002571315 0.000620133 0.784627020 -0.002573960 0.999987423 0.004301947 -1.436117053 -0.000609064 -0.004303528 0.999990582 56.290275574
0.999995470 0.002952507 0.000498990 0.797367215 -0.002954646 0.999986231 0.004341145 -1.448955536 -0.000486166 -0.004342600 0.999990463 56.826816559
0.999995291 0.002942182 0.000840037 0.795637369 -0.002945492 0.999987781 0.003963924 -1.458448052 -0.000828365 -0.003966379 0.999991775 57.372356415
0.999995291 0.002898146 0.000878160 0.812441945 -0.002901795 0.999986947 0.004183013 -1.470566273 -0.000866026 -0.004185542 0.999990880 57.912292480
0.999995828 0.002727371 0.000959237 0.807580948 -0.002731193 0.999988258 0.004003207 -1.479130983 -0.000948308 -0.004005810 0.999991477 58.431377411
0.999995172 0.002766494 0.001403804 0.816401243 -0.002772048 0.999988258 0.003969512 -1.497810960 -0.001392806 -0.003973385 0.999991119 58.969467163
0.999996960 0.002307385 0.000839336 0.828021348 -0.002310518 0.999990284 0.003752078 -1.505133629 -0.000830669 -0.003754006 0.999992609 59.504833221
0.999996781 0.002260618 0.001094640 0.840539932 -0.002265088 0.999989033 0.004100173 -1.516250014 -0.001085359 -0.004102639 0.999991000 60.057662964
0.999994814 0.002989674 0.001194616 0.842952311 -0.002993912 0.999989152 0.003560332 -1.526899576 -0.001183959 -0.003563890 0.999992967 60.595325470
0.999996006 0.002355004 0.001544763 0.857508063 -0.002361043 0.999989569 0.003918224 -1.538446546 -0.001535519 -0.003921855 0.999991179 61.150264740
0.999994278 0.003074744 0.001397044 0.859286487 -0.003079785 0.999988735 0.003619424 -1.553953886 -0.001385900 -0.003623706 0.999992430 61.684741974
0.999993682 0.003356863 0.001109371 0.877580047 -0.003360522 0.999988854 0.003311845 -1.566129804 -0.001098242 -0.003315552 0.999993861 62.225879669
0.999993563 0.003279748 0.001475308 0.877241969 -0.003285028 0.999988079 0.003589960 -1.577484012 -0.001463516 -0.003594782 0.999992490 62.777786255
0.999988914 0.004079857 0.002356561 0.881553054 -0.004088118 0.999985456 0.003510668 -1.593228340 -0.002342204 -0.003520263 0.999991119 63.334163666
0.999993026 0.003383889 0.001534819 0.896711826 -0.003389285 0.999988019 0.003527935 -1.606189370 -0.001522862 -0.003533113 0.999992549 63.846008301
0.999993980 0.003234857 0.001168737 0.912104905 -0.003238420 0.999990106 0.003061636 -1.614861846 -0.001158821 -0.003065403 0.999994636 64.395042419
0.999997258 0.002065066 0.001060201 0.929472268 -0.002068716 0.999991834 0.003453210 -1.628865242 -0.001053061 -0.003455394 0.999993443 64.936485291
0.999993563 0.002959088 0.001995835 0.914362788 -0.002966079 0.999989450 0.003508283 -1.642886877 -0.001985433 -0.003514181 0.999991775 65.444755554
0.999994278 0.002936078 0.001669597 0.923653901 -0.002941575 0.999990225 0.003299715 -1.652389765 -0.001659893 -0.003304608 0.999993086 65.998847961
0.999995232 0.002507719 0.001803446 0.940067768 -0.002513075 0.999992371 0.002973865 -1.667597413 -0.001795975 -0.002978383 0.999993920 66.538627625
0.999992907 0.002924544 0.002382197 0.937516391 -0.002932468 0.999990165 0.003329490 -1.685777068 -0.002372436 -0.003336452 0.999991596 67.068405151
0.999994040 0.002922936 0.001890141 0.951656222 -0.002929662 0.999989390 0.003565580 -1.700849652 -0.001879700 -0.003571096 0.999991775 67.610656738
0.999994040 0.002574478 0.002299878 0.960929453 -0.002581909 0.999991357 0.003234108 -1.712560177 -0.002291533 -0.003240027 0.999992132 68.161857605
0.999991655 0.003310950 0.002396976 0.950109482 -0.003319139 0.999988616 0.003420741 -1.724459291 -0.002385623 -0.003428668 0.999991298 68.700805664
0.999988973 0.003997083 0.002465983 0.966483414 -0.004005845 0.999985695 0.003558228 -1.740838051 -0.002451725 -0.003568068 0.999990582 69.254508972
0.999990106 0.003375900 0.002908626 0.976304471 -0.003385421 0.999988854 0.003275071 -1.754914880 -0.002897538 -0.003284885 0.999990463 69.803588867
0.999990523 0.003232769 0.002912563 0.976146758 -0.003242899 0.999988675 0.003480616 -1.764946222 -0.002901278 -0.003490029 0.999989629 70.322425842
0.999991953 0.002818403 0.002858217 0.986739397 -0.002827486 0.999991000 0.003178984 -1.777598977 -0.002849232 -0.003187040 0.999990821 70.868194580
0.999988317 0.003457875 0.003388125 0.997475028 -0.003469478 0.999988139 0.003424965 -1.789357662 -0.003376241 -0.003436680 0.999988377 71.421852112
0.999986887 0.004007766 0.003186257 1.010380864 -0.004018553 0.999986172 0.003386238 -1.799219251 -0.003172642 -0.003398998 0.999989152 71.989364624
0.999985874 0.004062000 0.003409885 1.009645343 -0.004074238 0.999985278 0.003589954 -1.825901031 -0.003395252 -0.003603796 0.999987721 72.488708496
0.999977350 0.005474312 0.003914157 1.016604781 -0.005488773 0.999978125 0.003692986 -1.837927580 -0.003893855 -0.003714386 0.999985516 73.036849976
0.999983072 0.004720063 0.003402443 1.033197641 -0.004732043 0.999982595 0.003521449 -1.851464987 -0.003385762 -0.003537490 0.999987960 73.615173340
0.999978483 0.005206232 0.003987057 1.043103695 -0.005221277 0.999979317 0.003772487 -1.864465237 -0.003967334 -0.003793223 0.999984920 74.147468567
0.999982476 0.004442567 0.003897917 1.045076370 -0.004456475 0.999983668 0.003566262 -1.873793840 -0.003882010 -0.003583571 0.999986053 74.666847229
0.999982715 0.004183598 0.004118740 1.059002042 -0.004197061 0.999985814 0.003265123 -1.885963917 -0.004105021 -0.003282353 0.999986231 75.211601257
0.999979675 0.005051523 0.003885309 1.071056962 -0.005063403 0.999982536 0.003054049 -1.901548982 -0.003869814 -0.003073660 0.999987781 75.704666138
0.999982476 0.004517613 0.003830895 1.079694867 -0.004529756 0.999984682 0.003166970 -1.910193563 -0.003816530 -0.003184268 0.999987662 76.315940857
0.999977946 0.004894658 0.004505046 1.089108109 -0.004906844 0.999984324 0.002698028 -1.921463490 -0.004491769 -0.002720074 0.999986231 76.857803345
0.999983370 0.004412781 0.003718165 1.112002134 -0.004424191 0.999985456 0.003066031 -1.931339622 -0.003704582 -0.003082430 0.999988377 77.413246155
0.999980628 0.004617897 0.004176718 1.111207247 -0.004630840 0.999984443 0.003094565 -1.946377516 -0.004162363 -0.003113847 0.999986470 77.918395996
0.999976993 0.005114618 0.004466815 1.123355150 -0.005128510 0.999981940 0.003103808 -1.957099676 -0.004450860 -0.003126644 0.999985218 78.469841003
0.999975145 0.005495961 0.004408511 1.135963917 -0.005506682 0.999981999 0.002423620 -1.960453153 -0.004395111 -0.002447837 0.999987364 79.046569824
0.999977946 0.005017680 0.004353109 1.140334368 -0.005030083 0.999983251 0.002843353 -1.989005804 -0.004338770 -0.002865187 0.999986470 79.580322266
0.999969184 0.005504070 0.005600641 1.149591327 -0.005519022 0.999981225 0.002657860 -2.001615047 -0.005585907 -0.002688688 0.999980807 80.132057190
0.999963105 0.005282382 0.006778685 1.166179299 -0.005301225 0.999982178 0.002764826 -2.018321037 -0.006763959 -0.002800660 0.999973238 80.681320190
0.999954462 0.005283413 0.007941756 1.176644564 -0.005305423 0.999982059 0.002753125 -2.031591892 -0.007927069 -0.002795134 0.999964595 81.250297546
0.999944150 0.005126627 0.009236969 1.190129399 -0.005151885 0.999983013 0.002712589 -2.043350935 -0.009222906 -0.002760025 0.999953568 81.804542542
0.999915779 0.004607315 0.012131278 1.218079209 -0.004637411 0.999986112 0.002453874 -2.055396795 -0.012119804 -0.002509926 0.999923408 82.376388550
0.999850333 0.005285785 0.016473407 1.200605631 -0.005329822 0.999982297 0.002630561 -2.059043407 -0.016459214 -0.002717969 0.999860764 82.891059875
0.999793649 0.005226813 0.019634414 1.229598522 -0.005270816 0.999983668 0.002190055 -2.073160648 -0.019622644 -0.002293093 0.999804795 83.439575195
0.999725699 0.004526641 0.022982517 1.259524584 -0.004585969 0.999986291 0.002529416 -2.090048075 -0.022970751 -0.002634120 0.999732614 83.995002747
0.999557555 0.005115595 0.029299572 1.291917324 -0.005192285 0.999983251 0.002541978 -2.099456310 -0.029286075 -0.002692985 0.999567449 84.526512146
0.999338567 0.006090189 0.035852108 1.303363681 -0.006174759 0.999978364 0.002248558 -2.104762554 -0.035837639 -0.002468449 0.999354601 85.091323853
0.999092221 0.006413780 0.042113759 1.339239120 -0.006529014 0.999975264 0.002599247 -2.120187759 -0.042096056 -0.002871850 0.999109507 85.638336182
0.998750925 0.005496334 0.049663406 1.394123316 -0.005658288 0.999979138 0.003121019 -2.145231247 -0.049645215 -0.003398131 0.998761117 86.174522400
0.998284817 0.005469447 0.058286808 1.439931870 -0.005603160 0.999981999 0.002130826 -2.147487640 -0.058274109 -0.002453762 0.998297632 86.750854492
0.997863710 0.004839425 0.065150984 1.494467735 -0.005000091 0.999984860 0.002303245 -2.160097837 -0.065138847 -0.002624085 0.997872889 87.304443359
0.997198880 0.005431774 0.074597694 1.550092697 -0.005590651 0.999982536 0.001921129 -2.174360991 -0.074585959 -0.002332797 0.997211814 87.846969604
0.996459067 0.004020691 0.083982289 1.629105091 -0.004149597 0.999990523 0.001360418 -2.181085587 -0.083976008 -0.001704094 0.996466279 88.401832581
0.995617032 0.004872044 0.093396574 1.680562973 -0.005048924 0.999985874 0.001657644 -2.195820093 -0.093387179 -0.002121931 0.995627522 88.975616455
0.994967282 0.004426217 0.100102864 1.758807182 -0.004592102 0.999988556 0.001426769 -2.208385706 -0.100095391 -0.001879271 0.994976103 89.521842957
0.993922234 0.003545814 0.110027194 1.839644432 -0.003677361 0.999992788 0.000992677 -2.224534988 -0.110022873 -0.001391254 0.993928015 90.054702759
0.992696464 0.004199697 0.120565981 1.920166969 -0.004392463 0.999989510 0.001333118 -2.252690315 -0.120559111 -0.001852963 0.992704391 90.578094482
0.991464078 0.003549196 0.130332828 2.021217346 -0.003700871 0.999992728 0.000921559 -2.238694668 -0.130328625 -0.001396038 0.991469860 91.201927185
0.989852488 0.004255275 0.142035455 2.116524696 -0.004499739 0.999988914 0.001399996 -2.251269579 -0.142027929 -0.002024912 0.989860535 91.739913940
0.988001168 0.003863557 0.154398143 2.210419655 -0.004087055 0.999990940 0.001130153 -2.272259712 -0.154392406 -0.001747626 0.988008022 92.262351990
0.986198306 0.004370909 0.165510654 2.315124512 -0.004699939 0.999987721 0.001596377 -2.283052921 -0.165501624 -0.002352235 0.986206710 92.805183411
0.984471202 0.003226662 0.175516024 2.446328163 -0.003418231 0.999993861 0.000789153 -2.288810492 -0.175512373 -0.001376853 0.984476268 93.408218384
0.982076764 0.003456328 0.188450009 2.564800262 -0.003743979 0.999992192 0.001170470 -2.308045864 -0.188444510 -0.001855044 0.982082129 93.942337036
0.979676545 0.002762636 0.200564891 2.705715179 -0.003048818 0.999994755 0.001118017 -2.324115753 -0.200560704 -0.001706780 0.979679823 94.473922729
0.977535963 0.001962688 0.210759655 2.827692032 -0.002226318 0.999997020 0.001013586 -2.335580111 -0.210757062 -0.001460034 0.977537394 94.979774475
0.974588275 0.002310472 0.223991990 2.972173691 -0.002598227 0.999996126 0.000989946 -2.353613615 -0.223988861 -0.001546773 0.974590480 95.508750916
0.971587002 0.001155812 0.236680284 3.129722595 -0.001414948 0.999998569 0.000925023 -2.368093729 -0.236678854 -0.001233631 0.971587181 96.044349670
0.968754172 0.001780865 0.248016790 3.281185150 -0.002186579 0.999996662 0.001360389 -2.378495455 -0.248013556 -0.001860190 0.968754768 96.568267822
0.965901852 0.000557469 0.258907914 3.435295105 -0.000814561 0.999999225 0.000885714 -2.393541813 -0.258907229 -0.001066409 0.965901613 97.077301025
0.962072074 0.001423183 0.272791684 3.604549408 -0.001864607 0.999997318 0.001358936 -2.410513639 -0.272789031 -0.001816044 0.962072134 97.593063354
0.958509445 0.001188751 0.285058379 3.782691956 -0.001672289 0.999997556 0.001452883 -2.432315588 -0.285055906 -0.001869302 0.958509028 98.116035461
0.955038726 0.000105601 0.296481013 3.968698502 -0.000414772 0.999999464 0.000979905 -2.431448936 -0.296480685 -0.001058819 0.955038249 98.665878296
0.950555623 0.000494431 0.310553879 4.163497925 -0.000725824 0.999999642 0.000629536 -2.441431046 -0.310553372 -0.000823816 0.950555503 99.201988220
0.945977926 -0.000029595 0.324230969 4.366802216 -0.000250909 0.999999583 0.000823333 -2.457038879 -0.324230880 -0.000860207 0.945977509 99.708969116
0.941808462 0.000385866 0.336149514 4.568674088 -0.000815964 0.999998987 0.001138232 -2.476498365 -0.336148798 -0.001346282 0.941807866 100.244186401
0.936938941 0.000443075 0.349492729 4.787267685 -0.000955147 0.999998689 0.001292848 -2.490197420 -0.349491656 -0.001545137 0.936938167 100.766822815
0.931621552 -0.000135772 0.363429934 5.006216049 -0.000428933 0.999998868 0.001473116 -2.506814718 -0.363429725 -0.001528274 0.931620419 101.271423340
0.926737547 -0.000512493 0.375708967 5.232963562 -0.000093424 0.999998748 0.001594510 -2.527576447 -0.375709325 -0.001512793 0.926736236 101.792243958
0.921905875 -0.001277006 0.387411714 5.454954147 0.000593091 0.999998033 0.001884892 -2.543398380 -0.387413383 -0.001507922 0.921904862 102.273895264
0.915986717 -0.001548788 0.401205450 5.698585510 0.000805399 0.999997616 0.002021532 -2.554443359 -0.401207656 -0.001528566 0.915985823 102.755256653
0.910092354 -0.001686491 0.414402157 5.954563141 0.001124602 0.999998093 0.001599888 -2.557360649 -0.414404005 -0.000990008 0.910092413 103.275283813
0.904855072 -0.001186047 0.425718069 6.204166412 0.000502553 0.999998391 0.001717822 -2.576991320 -0.425719440 -0.001340435 0.904854238 103.789245605
0.899059415 -0.001011800 0.437825471 6.462505341 0.000278262 0.999998450 0.001739561 -2.593328476 -0.437826574 -0.001442139 0.899058282 104.269104004
0.892396629 -0.001058100 0.451250434 6.735935211 0.000039664 0.999997437 0.002266374 -2.609549522 -0.451251656 -0.002004606 0.892394483 104.769050598
0.886159301 -0.000838363 0.463379830 7.012172699 -0.000119066 0.999997973 0.002036931 -2.619618893 -0.463380575 -0.001860218 0.886157393 105.262908936
0.880177557 -0.002226249 0.474639326 7.268058777 0.001550916 0.999997079 0.001814350 -2.616507530 -0.474642038 -0.000860825 0.880178511 105.737594604
0.872659445 -0.002678502 0.488321930 7.560485840 0.001940522 0.999996066 0.002017269 -2.633069038 -0.488325417 -0.000812789 0.872661293 106.204307556
0.865513086 -0.003876334 0.500871420 7.851398468 0.003388872 0.999992430 0.001883103 -2.641953945 -0.500874996 0.000067539 0.865519643 106.657913208
0.858876288 -0.003171875 0.512173235 8.136501312 0.002671962 0.999994993 0.001712260 -2.648343086 -0.512176156 -0.000102112 0.858880341 107.152854919
0.851118863 -0.003219200 0.524963081 8.451416016 0.002747054 0.999994874 0.001678429 -2.658790588 -0.524965763 0.000013560 0.851123273 107.611663818
