1.000000000 0.000000000 0.000000000 0.000000000 0.000000000 1.000000000 0.000000000 0.000000000 0.000000000 0.000000000 1.000000000 0.000000000
1.000000000 0.000115749 0.000022567 -0.000043088 -0.000115749 1.000000000 -0.000011119 0.000449145 -0.000022569 0.000011117 1.000000000 0.000402605
1.000000000 0.000078668 0.000065919 -0.000414487 -0.000078673 1.000000000 0.000076374 -0.000321878 -0.000065913 -0.000076379 1.000000000 0.000183769
1.000000000 -0.000046789 0.000074990 -0.000184808 0.000046789 1.000000000 0.000008036 0.000375698 -0.000074990 -0.000008033 1.000000000 0.000408002
1.000000000 -0.000073898 0.000119850 -0.000537736 0.000073899 1.000000000 -0.000013480 0.000414025 -0.000119849 0.000013488 1.000000000 0.000293419
1.000000000 0.000049132 0.000158479 -0.001249677 -0.000049139 1.000000000 0.000042969 0.000167005 -0.000158477 -0.000042977 1.000000000 -0.000026432
1.000000000 -0.000069951 0.000087561 -0.000651485 0.000069949 1.000000000 0.000020538 -0.000038067 -0.000087562 -0.000020531 1.000000000 -0.000282498
1.000000000 0.000029325 0.000078768 -0.000394851 -0.000029332 1.000000000 0.000084729 -0.000299646 -0.000078765 -0.000084731 1.000000000 -0.000025529
1.000000000 -0.000001810 0.000024073 -0.000127041 0.000001811 1.000000000 -0.000042169 -0.000034853 -0.000024073 0.000042169 1.000000000 0.000402554
1.000000000 0.000014162 0.000099122 0.000058260 -0.000014169 1.000000000 0.000071342 -0.000742729 -0.000099121 -0.000071343 1.000000000 0.000586400
1.000000000 0.000130969 0.000096367 -0.000817559 -0.000130981 1.000000000 0.000120980 -0.000616327 -0.000096351 -0.000120992 1.000000000 0.000279144
1.000000000 0.000056583 0.000108768 -0.000120269 -0.000056580 1.000000000 -0.000027917 0.000693772 -0.000108770 0.000027911 1.000000000 0.001316405
1.000000000 0.000124432 0.000038873 -0.000399032 -0.000124430 1.000000000 -0.000051483 -0.000103943 -0.000038880 0.000051478 1.000000000 -0.000051824
1.000000000 0.000058871 0.000057447 -0.001054422 -0.000058871 1.000000000 0.000000171 0.000419211 -0.000057447 -0.000000174 1.000000000 0.000452816
1.000000000 0.000046168 0.000093123 -0.001681459 -0.000046165 1.000000000 -0.000033260 0.000869184 -0.000093124 0.000033256 1.000000000 0.000439681
1.000000000 0.000059256 0.000030207 0.000243682 -0.000059254 1.000000000 -0.000043856 0.001408073 -0.000030210 0.000043854 1.000000000 0.001795756
1.000000000 0.000098828 0.000106196 -0.000800648 -0.000098821 1.000000000 -0.000066348 0.001478949 -0.000106203 0.000066338 1.000000000 0.002044499
1.000000000 0.000121495 0.000080735 -0.001233362 -0.000121491 1.000000000 -0.000051193 0.001031863 -0.000080741 0.000051183 1.000000000 0.001098535
1.000000000 0.000185272 0.000135459 -0.001733201 -0.000185264 1.000000000 -0.000060788 0.002010653 -0.000135470 0.000060763 1.000000000 0.001859214
1.000000000 0.000200668 -0.000025556 -0.001572609 -0.000200671 1.000000000 -0.000127037 0.001996712 0.000025531 0.000127042 1.000000000 0.002123343
1.000000000 0.000209954 -0.000058272 -0.001934757 -0.000209958 1.000000000 -0.000054469 0.001370173 0.000058261 0.000054481 1.000000000 0.001854759
1.000000000 0.000242668 -0.000080096 -0.001775699 -0.000242669 1.000000000 -0.000009051 0.001452080 0.000080094 0.000009071 1.000000000 0.001943921
1.000000000 0.000204964 -0.000092417 -0.001116559 -0.000204972 1.000000000 -0.000079068 0.001959045 0.000092400 0.000079087 1.000000000 0.002494902
1.000000000 0.000241346 -0.000133200 -0.001210115 -0.000241355 1.000000000 -0.000065629 0.002276338 0.000133184 0.000065661 1.000000000 0.002527155
1.000000000 0.000331263 -0.000140733 -0.001544959 -0.000331268 1.000000000 -0.000035771 0.001860682 0.000140721 0.000035818 1.000000000 0.002320312
0.999999881 0.000386432 -0.000078290 -0.001625989 -0.000386433 0.999999881 -0.000014912 0.001553355 0.000078284 0.000014943 1.000000000 0.001972568
1.000000000 0.000202325 -0.000037249 -0.001487308 -0.000202326 1.000000000 -0.000026548 0.002211060 0.000037244 0.000026555 1.000000000 0.002542577
1.000000000 0.000262291 -0.000039483 -0.001610817 -0.000262292 1.000000000 -0.000014245 0.001501665 0.000039479 0.000014255 1.000000000 0.001965771
1.000000000 0.000213616 -0.000088250 -0.001347798 -0.000213620 1.000000000 -0.000038104 0.002271920 0.000088242 0.000038123 1.000000000 0.002607448
1.000000000 0.000257029 -0.000048247 -0.001667644 -0.000257033 1.000000000 -0.000093798 0.002640857 0.000048222 0.000093811 1.000000000 0.002062334
1.000000000 0.000234125 0.000016301 -0.001477179 -0.000234124 1.000000000 -0.000031499 0.001650094 -0.000016308 0.000031495 1.000000000 0.002508953
1.000000000 0.000164438 -0.000015195 -0.001502169 -0.000164440 1.000000000 -0.000095445 0.002601409 0.000015179 0.000095448 1.000000000 0.003497794
1.000000000 0.000274476 -0.000095755 -0.001204985 -0.000274492 1.000000000 -0.000170793 0.002659020 0.000095708 0.000170819 1.000000000 0.002766340
1.000000000 0.000208671 -0.000065577 -0.001277712 -0.000208676 1.000000000 -0.000072283 0.001840269 0.000065562 0.000072297 1.000000000 0.001700478
1.000000000 0.000304313 -0.000006578 -0.002327674 -0.000304314 1.000000000 -0.000095825 0.001893312 0.000006549 0.000095827 1.000000000 0.002120120
1.000000000 0.000224156 -0.000004913 -0.001336958 -0.000224157 1.000000000 -0.000122567 0.001770743 0.000004885 0.000122568 1.000000000 0.001941475
1.000000000 0.000197181 -0.000051350 -0.001355659 -0.000197184 1.000000000 -0.000059606 0.001945324 0.000051338 0.000059616 1.000000000 0.002272886
1.000000000 0.000247520 -0.000087221 -0.001458977 -0.000247524 1.000000000 -0.000050218 0.002220141 0.000087209 0.000050240 1.000000000 0.002371733
1.000000000 0.000292022 -0.000013186 -0.001882854 -0.000292023 1.000000000 -0.000087073 0.002099984 0.000013160 0.000087077 1.000000000 0.002162933
1.000000000 0.000239454 -0.000090419 -0.000831320 -0.000239462 1.000000000 -0.000091508 0.002517504 0.000090397 0.000091530 1.000000000 0.002849534
1.000000000 0.000137589 -0.000106989 -0.000420395 -0.000137601 1.000000000 -0.000115815 0.001851797 0.000106973 0.000115830 1.000000000 0.002772473
0.999999940 0.000464251 0.000018531 -0.000270579 -0.000464239 0.999999762 -0.000635453 -0.001449530 -0.000018826 0.000635444 0.999999821 0.048585933
0.999999881 0.000269212 0.000216400 -0.001006683 -0.000268989 0.999999464 -0.001028805 -0.005359076 -0.000216677 0.001028747 0.999999464 0.140665844
0.999999940 0.000176262 0.000268376 0.001973511 -0.000175974 0.999999404 -0.001074251 -0.011690681 -0.000268565 0.001074204 0.999999344 0.255286902
0.999999940 0.000285330 0.000234336 0.007016353 -0.000285074 0.999999404 -0.001088648 -0.013486383 -0.000234647 0.001088581 0.999999404 0.386342555
0.999999940 0.000176567 0.000239766 0.008844433 -0.000176323 0.999999464 -0.001016003 -0.016767979 -0.000239946 0.001015961 0.999999464 0.528095901
0.999999881 0.000461930 0.000181503 0.011338804 -0.000461734 0.999999285 -0.001081166 -0.021911703 -0.000182003 0.001081082 0.999999404 0.678101301
0.999999881 0.000470812 0.000275075 0.015140618 -0.000470613 0.999999642 -0.000723931 -0.024125081 -0.000275416 0.000723801 0.999999762 0.845794261
0.999999940 0.000318480 0.000144462 0.019409303 -0.000318379 0.999999702 -0.000696675 -0.032073043 -0.000144684 0.000696629 0.999999762 1.014072537
0.999999940 0.000291079 0.000203119 0.022159459 -0.000290924 0.999999642 -0.000762685 -0.034982432 -0.000203341 0.000762626 0.999999702 1.190351725
0.999999464 0.000906157 0.000396669 0.024971846 -0.000906038 0.999999523 -0.000300800 -0.044545937 -0.000396942 0.000300441 0.999999881 1.372936726
0.999999464 0.001002076 0.000075758 0.030011889 -0.001002035 0.999999404 -0.000532356 -0.045611523 -0.000076292 0.000532280 0.999999881 1.566532493
0.999999702 0.000689077 0.000224334 0.032106452 -0.000689045 0.999999762 -0.000142054 -0.055508215 -0.000224431 0.000141899 0.999999940 1.764854550
0.999999702 0.000637213 0.000395313 0.036153462 -0.000637313 0.999999762 0.000251232 -0.068746962 -0.000395153 -0.000251484 0.999999881 1.957993031
0.999999881 0.000344776 0.000342477 0.040605921 -0.000344778 0.999999881 0.000005726 -0.069847353 -0.000342475 -0.000005844 0.999999940 2.174235821
0.999999642 0.000721077 0.000301850 0.048425078 -0.000721161 0.999999702 0.000278197 -0.075347595 -0.000301649 -0.000278414 0.999999940 2.397905827
0.999999464 0.001072190 0.000324108 0.052831300 -0.001072231 0.999999464 0.000127134 -0.081685729 -0.000323972 -0.000127482 1.000000000 2.624721527
0.999999464 0.000570362 0.000794217 0.053137634 -0.000570699 0.999999762 0.000424751 -0.093044735 -0.000793974 -0.000425204 0.999999523 2.839911938
0.999999523 0.000678792 0.000694553 0.059041332 -0.000679010 0.999999642 0.000312594 -0.094207115 -0.000694341 -0.000313065 0.999999642 3.080564499
0.999999344 0.000738877 0.000873412 0.060947064 -0.000739460 0.999999642 0.000667780 -0.105715156 -0.000872918 -0.000668426 0.999999344 3.324193001
0.999999166 0.000960495 0.000850345 0.064511143 -0.000961151 0.999999225 0.000771073 -0.113666296 -0.000849604 -0.000771889 0.999999344 3.577478647
0.999999344 0.000837528 0.000750122 0.070749857 -0.000838075 0.999999404 0.000729046 -0.120430306 -0.000749511 -0.000729674 0.999999464 3.829202890
0.999999523 0.000736701 0.000669656 0.077211693 -0.000737183 0.999999464 0.000719765 -0.123660490 -0.000669125 -0.000720259 0.999999523 4.094249725
0.999999583 0.000602566 0.000673330 0.084781781 -0.000602966 0.999999702 0.000594600 -0.127369851 -0.000672971 -0.000595005 0.999999583 4.354309082
0.999999344 0.000628067 0.000903967 0.087736070 -0.000628763 0.999999464 0.000770736 -0.135888189 -0.000903483 -0.000771304 0.999999285 4.614217281
0.999999166 0.000909761 0.000929268 0.095013581 -0.000910592 0.999999285 0.000894213 -0.141984791 -0.000928454 -0.000895059 0.999999166 4.875585556
0.999997914 0.001489990 0.001397805 0.096230194 -0.001491374 0.999998391 0.000990013 -0.150340512 -0.001396328 -0.000992095 0.999998510 5.134168625
0.999997854 0.001475914 0.001547022 0.098066002 -0.001476908 0.999998629 0.000641424 -0.153039739 -0.001546074 -0.000643707 0.999998510 5.385115147
0.999997139 0.001623868 0.001760043 0.097584210 -0.001625669 0.999998152 0.001022602 -0.166648448 -0.001758380 -0.001025461 0.999997914 5.646597385
0.999996185 0.002022041 0.001957664 0.099974439 -0.002023519 0.999997675 0.000753605 -0.169545323 -0.001956136 -0.000757563 0.999997795 5.923222065
0.999994516 0.002532655 0.002160013 0.105316758 -0.002534216 0.999996543 0.000719914 -0.179171860 -0.002158182 -0.000725384 0.999997437 6.201620579
0.999995589 0.002102923 0.002091307 0.111816183 -0.002104753 0.999997377 0.000873319 -0.185947731 -0.002089465 -0.000877717 0.999997437 6.483591557
0.999995470 0.002293171 0.001926451 0.116779305 -0.002294953 0.999996960 0.000923508 -0.195585147 -0.001924327 -0.000927925 0.999997735 6.772719860
0.999996960 0.001757971 0.001702449 0.128289431 -0.001759358 0.999998093 0.000813197 -0.201665282 -0.001701016 -0.000816190 0.999998212 7.070842266
0.999997854 0.001458810 0.001485719 0.134634972 -0.001460301 0.999998450 0.001003183 -0.213862330 -0.001484253 -0.001005351 0.999998391 7.364402294
0.999995470 0.002229665 0.002036646 0.134438097 -0.002232033 0.999996841 0.001161153 -0.225541905 -0.002034051 -0.001165693 0.999997258 7.681305408
0.999994516 0.002586940 0.002058156 0.145140693 -0.002589290 0.999996006 0.001139829 -0.232220948 -0.002055198 -0.001145152 0.999997258 8.000293732
0.999995172 0.002109970 0.002275101 0.143441126 -0.002111979 0.999997377 0.000880972 -0.241490081 -0.002273236 -0.000885773 0.999997020 8.318601608
0.999995112 0.001988215 0.002410931 0.151409671 -0.001990037 0.999997735 0.000753183 -0.248711199 -0.002409428 -0.000757978 0.999996841 8.645453453
0.999994457 0.002442848 0.002265613 0.153119460 -0.002445407 0.999996305 0.001126949 -0.258424908 -0.002262851 -0.001132483 0.999996781 8.992961884
0.999993443 0.002829924 0.002277425 0.159757242 -0.002832857 0.999995172 0.001285890 -0.272105485 -0.002273775 -0.001292333 0.999996603 9.333172798
0.999993086 0.002855909 0.002371176 0.164657697 -0.002857742 0.999995649 0.000770173 -0.275957853 -0.002368966 -0.000776944 0.999996901 9.670082092
0.999992788 0.002839468 0.002514865 0.167316496 -0.002842608 0.999995232 0.001245959 -0.287610024 -0.002511315 -0.001253099 0.999996066 10.022482872
0.999994159 0.002731604 0.002020311 0.185058162 -0.002733479 0.999995768 0.000925859 -0.300796419 -0.002017774 -0.000931376 0.999997556 10.384475708
0.999994516 0.002580853 0.002089430 0.196572885 -0.002583497 0.999995887 0.001263457 -0.313369632 -0.002086161 -0.001268848 0.999997020 10.746953011
0.999993980 0.002654804 0.002248457 0.201547742 -0.002657413 0.999995828 0.001158482 -0.321128309 -0.002245372 -0.001164450 0.999996841 11.117761612
0.999994040 0.002492607 0.002382478 0.204553589 -0.002496400 0.999995708 0.001590573 -0.337238610 -0.002378502 -0.001596512 0.999995887 11.503864288
0.999993622 0.002645107 0.002408184 0.207800880 -0.002648367 0.999995530 0.001351631 -0.341956526 -0.002404598 -0.001358000 0.999996185 11.888511658
0.999993682 0.002548983 0.002448055 0.209657326 -0.002552751 0.999995589 0.001537113 -0.353498757 -0.002444126 -0.001543353 0.999995828 12.277865410
0.999992549 0.002696212 0.002763779 0.220505908 -0.002702270 0.999993980 0.002190541 -0.369497448 -0.002757856 -0.002197993 0.999993742 12.667790413
0.999992013 0.002921993 0.002708531 0.231547385 -0.002926808 0.999994159 0.001775513 -0.377598375 -0.002703327 -0.001783426 0.999994755 13.077846527
0.999992549 0.002683748 0.002777344 0.243115142 -0.002688408 0.999994993 0.001675374 -0.392259181 -0.002772834 -0.001682828 0.999994695 13.483850479
0.999989808 0.003161180 0.003203536 0.248651996 -0.003166846 0.999993443 0.001765052 -0.404709518 -0.003197935 -0.001775179 0.999993324 13.891686440
0.999991715 0.002733987 0.003010507 0.263264775 -0.002739738 0.999994457 0.001907589 -0.412730843 -0.003005275 -0.001915822 0.999993563 14.300905228
0.999988914 0.003203603 0.003429322 0.270307928 -0.003210178 0.999993086 0.001913405 -0.428848237 -0.003423168 -0.001924393 0.999992251 14.713504791
0.999987423 0.003380843 0.003698304 0.278956741 -0.003389058 0.999991715 0.002217323 -0.441820443 -0.003690777 -0.002229828 0.999990642 15.151836395
0.999988675 0.003081384 0.003631706 0.295630544 -0.003088374 0.999993384 0.001920718 -0.448471487 -0.003625764 -0.001931913 0.999991536 15.596185684
0.999984145 0.003438423 0.004487285 0.301131636 -0.003447434 0.999992073 0.002001755 -0.461989880 -0.004480367 -0.002017192 0.999987900 16.024663925
0.999981165 0.003744807 0.004858508 0.307922721 -0.003753111 0.999991655 0.001701098 -0.468247443 -0.004852097 -0.001719301 0.999986708 16.473438263
0.999977469 0.004247729 0.005193945 0.316020370 -0.004255854 0.999989808 0.001554132 -0.481774837 -0.005187290 -0.001576202 0.999985337 16.911317825
0.999981582 0.003481023 0.004975961 0.330814093 -0.003489553 0.999992430 0.001706643 -0.497392595 -0.004969982 -0.001723975 0.999986112 17.367406845
0.999978840 0.003599567 0.005401534 0.337761134 -0.003610670 0.999991417 0.002047404 -0.512703657 -0.005394117 -0.002066864 0.999983311 17.807199478
0.999976873 0.003671796 0.005715002 0.342499524 -0.003684954 0.999990582 0.002293547 -0.529061735 -0.005706527 -0.002314554 0.999981046 18.306571960
0.999980927 0.003310905 0.005230019 0.369574726 -0.003318003 0.999993503 0.001349061 -0.524864733 -0.005225519 -0.001366388 0.999985456 18.769544601
0.999974072 0.003969205 0.006004175 0.370287418 -0.003983591 0.999989152 0.002385938 -0.554175019 -0.005994640 -0.002409794 0.999979138 19.246065140
0.999971569 0.004063326 0.006350898 0.385298342 -0.004074758 0.999990106 0.001788157 -0.560186684 -0.006343570 -0.001813984 0.999978304 19.732152939
0.999973357 0.003822962 0.006220482 0.386404634 -0.003838964 0.999989331 0.002562665 -0.577402413 -0.006210619 -0.002586477 0.999977350 20.218605042
0.999966860 0.004595899 0.006722369 0.399643540 -0.004611892 0.999986589 0.002365448 -0.588655889 -0.006711407 -0.002396373 0.999974608 20.719211578
0.999977469 0.003487424 0.005755148 0.411072344 -0.003501014 0.999991119 0.002352858 -0.601504445 -0.005746892 -0.002372954 0.999980628 21.203863144
0.999980569 0.003416246 0.005211627 0.423604190 -0.003427408 0.999991894 0.002134424 -0.611083150 -0.005204294 -0.002152245 0.999984086 21.705505371
0.999980032 0.003957263 0.004912102 0.432907313 -0.003967627 0.999989927 0.002102020 -0.624138951 -0.004903734 -0.002121468 0.999985754 22.229585648
0.999981403 0.004130320 0.004483331 0.446547240 -0.004138106 0.999989986 0.001728806 -0.637546957 -0.004476146 -0.001747327 0.999988496 22.733377457
0.999984205 0.003656266 0.004261666 0.451044887 -0.003666827 0.999990165 0.002472864 -0.654353142 -0.004252583 -0.002488452 0.999987781 23.257413864
0.999987900 0.003241214 0.003706575 0.465770334 -0.003250970 0.999991238 0.002629079 -0.671484828 -0.003698021 -0.002641098 0.999989569 23.778821945
0.999990165 0.003104542 0.003164435 0.471931577 -0.003111037 0.999993205 0.002049745 -0.681134999 -0.003158049 -0.002059570 0.999992847 24.307924271
0.999988496 0.003812801 0.002892057 0.482674956 -0.003819055 0.999990344 0.002159695 -0.696823597 -0.002883794 -0.002170715 0.999993503 24.851558685
0.999987543 0.004371728 0.002412968 0.487508774 -0.004377340 0.999987721 0.002324676 -0.709628224 -0.002402775 -0.002335209 0.999994338 25.394756317
0.999987662 0.004630583 0.001828294 0.494125426 -0.004635741 0.999985278 0.002826709 -0.724167585 -0.001815178 -0.002835150 0.999994338 25.952308655
0.999988973 0.004471946 0.001449940 0.517292142 -0.004475784 0.999986410 0.002654835 -0.745986104 -0.001438049 -0.002661295 0.999995410 26.488254547
0.999990225 0.004198781 0.001374794 0.524643838 -0.004203138 0.999986112 0.003181719 -0.754732788 -0.001361416 -0.003187467 0.999993980 27.043697357
0.999991238 0.004107932 0.000748563 0.538407207 -0.004110618 0.999984980 0.003622164 -0.777302146 -0.000733672 -0.003625209 0.999993145 27.603841782
0.999987066 0.005019858 0.000848704 0.538850367 -0.005022068 0.999983966 0.002620692 -0.785048902 -0.000835535 -0.002624921 0.999996126 28.144550323
0.999981225 0.006058224 0.000987404 0.549241304 -0.006060716 0.999978423 0.002540867 -0.794688642 -0.000971990 -0.002546804 0.999996245 28.699716568
0.999985039 0.005453106 0.000350356 0.562331319 -0.005454169 0.999980211 0.003108582 -0.815717459 -0.000333398 -0.003110447 0.999995112 29.240304947
0.999985814 0.005317135 0.000254920 0.572355688 -0.005317905 0.999980986 0.003119207 -0.827618062 -0.000238330 -0.003120518 0.999995053 29.786489487
0.999982834 0.005862651 0.000115887 0.579131007 -0.005863006 0.999977171 0.003344577 -0.843479872 -0.000096276 -0.003345199 0.999994397 30.331188202
0.999983728 0.005698715 -0.000131232 0.586999059 -0.005698297 0.999979198 0.003000564 -0.855907142 0.000148329 -0.002999768 0.999995470 30.869394302
0.999984086 0.005641954 -0.000218031 0.602749169 -0.005641243 0.999979079 0.003138230 -0.867980063 0.000235732 -0.003136950 0.999995053 31.416341782
0.999978781 0.006482760 -0.000669750 0.611045539 -0.006480663 0.999974191 0.003088041 -0.882674754 0.000689752 -0.003083635 0.999995053 31.962255478
0.999977112 0.006709379 -0.000871762 0.626487553 -0.006706790 0.999973178 0.002940321 -0.893843830 0.000891467 -0.002934407 0.999995291 32.497131348
0.999978006 0.006449543 -0.001529552 0.631790221 -0.006445013 0.999974847 0.002948248 -0.909512579 0.001548528 -0.002938325 0.999994516 33.044322968
0.999980211 0.006033809 -0.001773499 0.639335155 -0.006028861 0.999977946 0.002781174 -0.921105683 0.001790240 -0.002770427 0.999994576 33.591041565
0.999977350 0.006518629 -0.001662309 0.647987843 -0.006514419 0.999975562 0.002524585 -0.932664454 0.001678725 -0.002513699 0.999995470 34.146385193
0.999977767 0.006139178 -0.002607094 0.663952172 -0.006131784 0.999977171 0.002834474 -0.946913540 0.002624435 -0.002818425 0.999992609 34.678359985
0.999974668 0.006285431 -0.003348174 0.676703036 -0.006276140 0.999976516 0.002778010 -0.962208092 0.003365556 -0.002756927 0.999990463 35.229091644
0.999981821 0.005025546 -0.003346753 0.683762968 -0.005014748 0.999982297 0.003226487 -0.979275703 0.003362909 -0.003209645 0.999989212 35.760200500
0.999977052 0.005760499 -0.003557487 0.696191549 -0.005749898 0.999979138 0.002982865 -0.991688609 0.003574594 -0.002962342 0.999989152 36.291812897
0.999976575 0.006089255 -0.003107069 0.700316608 -0.006080670 0.999977767 0.002765466 -1.005512834 0.003123840 -0.002746508 0.999991298 36.840930939
0.999977231 0.005662580 -0.003655466 0.719214380 -0.005651787 0.999979675 0.002956134 -1.019020200 0.003672131 -0.002935407 0.999988973 37.375030518
0.999978840 0.004860817 -0.004309298 0.736551881 -0.004845703 0.999982059 0.003510596 -1.032586098 0.004326284 -0.003489641 0.999984562 37.926525116
0.999975920 0.005335721 -0.004431264 0.739049613 -0.005323180 0.999981821 0.002837102 -1.049450755 0.004446320 -0.002813445 0.999986172 38.448741913
0.999974072 0.005909659 -0.004092533 0.740833163 -0.005899469 0.999979496 0.002497463 -1.056925058 0.004107208 -0.002473255 0.999988496 39.003776550
0.999975204 0.005522627 -0.004365182 0.752103269 -0.005509025 0.999979973 0.003121951 -1.077491879 0.004382336 -0.003097826 0.999985516 39.540054321
0.999972105 0.005644202 -0.004906548 0.761732280 -0.005629996 0.999980032 0.002904385 -1.090400219 0.004922842 -0.002876680 0.999983728 40.089530945
0.999974608 0.005123526 -0.004954281 0.776339054 -0.005108966 0.999982595 0.002946983 -1.109121919 0.004969294 -0.002921596 0.999983370 40.620994568
0.999975979 0.004695457 -0.005097416 0.785962760 -0.004680840 0.999984980 0.002875683 -1.120944142 0.005110842 -0.002851754 0.999982893 41.175060272
0.999974012 0.005410721 -0.004765564 0.783558428 -0.005397321 0.999981403 0.002820103 -1.133112311 0.004780733 -0.002794308 0.999984682 41.699897766
0.999972284 0.005491643 -0.005033206 0.795214593 -0.005479808 0.999982178 0.002361845 -1.141538262 0.005046087 -0.002334198 0.999984562 42.260082245
0.999971867 0.005246547 -0.005366076 0.807586074 -0.005233180 0.999983191 0.002502149 -1.163230300 0.005379112 -0.002473997 0.999982476 42.783359528
0.999970436 0.006141221 -0.004627682 0.778276920 -0.006130384 0.999978423 0.002352101 -1.177533627 0.004642027 -0.002323662 0.999986589 43.313472748
0.999969482 0.006012402 -0.004984002 0.824767411 -0.005999880 0.999978840 0.002523864 -1.193709254 0.004999071 -0.002493884 0.999984324 43.887676239
0.999965668 0.005234566 -0.006408549 0.837978601 -0.005221309 0.999984264 0.002083508 -1.208273649 0.006419353 -0.002049976 0.999977291 44.417705536
0.999966979 0.006397707 -0.004993246 0.835166156 -0.006386606 0.999977052 0.002236354 -1.217824101 0.005007439 -0.002204390 0.999985039 44.973693848
0.999971032 0.005863913 -0.004851257 0.839214861 -0.005852994 0.999980271 0.002261869 -1.234799862 0.004864426 -0.002233409 0.999985695 45.510917664
0.999968052 0.006478319 -0.004661326 0.848058462 -0.006468677 0.999976933 0.002080389 -1.245753527 0.004674696 -0.002050170 0.999987006 46.076824188
0.999969661 0.006025505 -0.004930838 0.849074900 -0.006015786 0.999979913 0.001983507 -1.262952328 0.004942691 -0.001953784 0.999985814 46.595157623
0.999970615 0.005602612 -0.005223277 0.862016559 -0.005586798 0.999979734 0.003037095 -1.276053905 0.005240189 -0.003007825 0.999981701 47.147609711
0.999971628 0.005598560 -0.005025005 0.871155918 -0.005587752 0.999982059 0.002162051 -1.290398002 0.005037019 -0.002133912 0.999985039 47.713035583
0.999972045 0.005668357 -0.004869895 0.881027579 -0.005656722 0.999981046 0.002399699 -1.307631016 0.004883405 -0.002372084 0.999985218 48.231700897
0.999971449 0.005697296 -0.004949611 0.893873572 -0.005685044 0.999980748 0.002486259 -1.324812889 0.004963680 -0.002458050 0.999984682 48.814567566
0.999970734 0.006025549 -0.004710080 0.895607233 -0.006017426 0.999980450 0.001736720 -1.325113773 0.004720453 -0.001708326 0.999987423 49.368648529
0.999970376 0.006286264 -0.004436706 0.906454265 -0.006277161 0.999978185 0.002062842 -1.346843362 0.004449577 -0.002034932 0.999988019 49.920970917
0.999969959 0.006300893 -0.004509430 0.913040876 -0.006292096 0.999978423 0.001962283 -1.358083248 0.004521696 -0.001933850 0.999987900 50.454624176
0.999967694 0.006463996 -0.004773010 0.922095895 -0.006456044 0.999977708 0.001680031 -1.371940970 0.004783764 -0.001649162 0.999987185 50.998107910
0.999967456 0.006476228 -0.004806092 0.932338953 -0.006466826 0.999977171 0.001969312 -1.388684630 0.004818738 -0.001938168 0.999986529 51.545402527
0.999969184 0.006026125 -0.005026997 0.939481378 -0.006013681 0.999978960 0.002486663 -1.406843662 0.005041874 -0.002456356 0.999984264 52.088150024
0.999968112 0.006383123 -0.004800732 0.947346449 -0.006372315 0.999977112 0.002263377 -1.423933029 0.004815069 -0.002232713 0.999985933 52.626533508
0.999970198 0.006045582 -0.004803414 0.956055105 -0.006033379 0.999978662 0.002550726 -1.435682654 0.004818732 -0.002521669 0.999985218 53.176670074
0.999970078 0.006083518 -0.004780056 0.959882021 -0.006071381 0.999978304 0.002549680 -1.453585386 0.004795464 -0.002520581 0.999985278 53.718654633
0.999967575 0.006806277 -0.004299341 0.963761270 -0.006799351 0.999975502 0.001623442 -1.459139466 0.004310285 -0.001594157 0.999989450 54.266593933
0.999963701 0.007472112 -0.004100976 0.966628671 -0.007464977 0.999970615 0.001752146 -1.473190904 0.004113948 -0.001721469 0.999990046 54.791698456
0.999963522 0.007090873 -0.004775313 0.979839742 -0.007083372 0.999973655 0.001585669 -1.486152053 0.004786431 -0.001551786 0.999987245 55.343566895
0.999966979 0.006898217 -0.004290933 0.990735769 -0.006890935 0.999974787 0.001709694 -1.492684960 0.004302619 -0.001680069 0.999989331 55.872535706
0.999965608 0.006871375 -0.004638476 0.995629907 -0.006863961 0.999975145 0.001612684 -1.508426428 0.004649442 -0.001580791 0.999987960 56.415546417
0.999964654 0.007246077 -0.004261865 0.996620178 -0.007239588 0.999972641 0.001536129 -1.521986365 0.004272879 -0.001505221 0.999989748 56.943126678
0.999966085 0.007037225 -0.004276861 1.008625507 -0.007029939 0.999973774 0.001715961 -1.534242988 0.004288827 -0.001685837 0.999989390 57.463626862
0.999963641 0.007261588 -0.004465799 1.016848087 -0.007253821 0.999972165 0.001753070 -1.550468802 0.004478404 -0.001720611 0.999988496 58.011600494
0.999966800 0.007346613 -0.003518420 1.001038551 -0.007341002 0.999971688 0.001605040 -1.560375214 0.003530112 -0.001579158 0.999992549 58.543437958
0.999964118 0.007192233 -0.004476487 1.036060929 -0.007184282 0.999972582 0.001789794 -1.560328603 0.004489237 -0.001757569 0.999988377 59.134075165
0.999967813 0.006964023 -0.003975985 1.017958999 -0.006958145 0.999974668 0.001490038 -1.593289018 0.003986261 -0.001462325 0.999991000 59.593116760
0.999964833 0.007479020 -0.003788994 1.027928591 -0.007474304 0.999971211 0.001257278 -1.606855631 0.003798288 -0.001228914 0.999992013 60.122943878
0.999966145 0.007005041 -0.004300486 1.040518641 -0.006999867 0.999974728 0.001217093 -1.617549062 0.004308905 -0.001186949 0.999989986 60.677253723
0.999964654 0.007465421 -0.003866009 1.045474172 -0.007460175 0.999971211 0.001369679 -1.635142446 0.003876123 -0.001340789 0.999991596 61.219158173
0.999965727 0.007341002 -0.003829027 1.057680607 -0.007336248 0.999972224 0.001254177 -1.645604253 0.003838127 -0.001226044 0.999991894 61.768161774
0.999964118 0.007471411 -0.003992306 1.066073537 -0.007466874 0.999971390 0.001150424 -1.661023617 0.004000787 -0.001120573 0.999991357 62.308879852
0.999963462 0.007746085 -0.003618491 1.071277380 -0.007743825 0.999969840 0.000638041 -1.672461629 0.003623324 -0.000609997 0.999993265 62.845207214
0.999960899 0.008068051 -0.003619177 1.081225395 -0.008065329 0.999967098 0.000766192 -1.684969664 0.003625240 -0.000736973 0.999993145 63.383399963
0.999962509 0.007851394 -0.003657118 1.088791609 -0.007848724 0.999968886 0.000743598 -1.705216646 0.003662843 -0.000714866 0.999993026 63.910732269
0.999961853 0.008025069 -0.003449460 1.095795393 -0.008021525 0.999967217 0.001040023 -1.719666004 0.003457693 -0.001012314 0.999993503 64.427589417
0.999961972 0.008123686 -0.003150024 1.100242376 -0.008121622 0.999966800 0.000667039 -1.731189966 0.003155338 -0.000641430 0.999994814 64.958541870
0.999962211 0.008072827 -0.003210479 1.112120032 -0.008070478 0.999967158 0.000743648 -1.746407986 0.003216378 -0.000717710 0.999994576 65.489700317
0.999963284 0.007996578 -0.003075293 1.121969342 -0.007994545 0.999967813 0.000673264 -1.759887338 0.003080578 -0.000648653 0.999995053 66.015663147
0.999963760 0.008034411 -0.002818394 1.126502514 -0.008033223 0.999967635 0.000431626 -1.773219585 0.002821770 -0.000408970 0.999995947 66.551429749
0.999959111 0.008683431 -0.002562297 1.131977081 -0.008682485 0.999962151 0.000380916 -1.791658998 0.002565508 -0.000358653 0.999996662 67.089164734
0.999957502 0.008758278 -0.002869523 1.145671368 -0.008756555 0.999961436 0.000612963 -1.809528232 0.002874781 -0.000587810 0.999995708 67.623146057
0.999958515 0.008729925 -0.002592702 1.154759169 -0.008728480 0.999961734 0.000567267 -1.824887276 0.002597555 -0.000544614 0.999996424 68.155921936
0.999952793 0.009416263 -0.002447779 1.161042452 -0.009414893 0.999955535 0.000570807 -1.841055512 0.002453044 -0.000547734 0.999996841 68.689086914
0.999957383 0.008818830 -0.002740691 1.171303153 -0.008817235 0.999961078 0.000594635 -1.855441213 0.002745827 -0.000570445 0.999996066 69.229576111
0.999954939 0.009168982 -0.002447521 1.181310058 -0.009167538 0.999957800 0.000601606 -1.870631576 0.002452933 -0.000579141 0.999996781 69.783126831
0.999955893 0.008997710 -0.002701518 1.198575974 -0.008996391 0.999959409 0.000500143 -1.886502385 0.002705908 -0.000475817 0.999996245 70.299552917
0.999956310 0.009163758 -0.001814776 1.199731231 -0.009161864 0.999957442 0.001048175 -1.901992559 0.001824304 -0.001031503 0.999997735 70.892906189
0.999962449 0.008147314 -0.002939969 1.225217462 -0.008146485 0.999966800 0.000294291 -1.912403226 0.002942270 -0.000270330 0.999995649 71.385070801
0.999968231 0.007294245 -0.003195727 1.232831836 -0.007292864 0.999973238 0.000443741 -1.930912256 0.003198880 -0.000420421 0.999994755 71.934600830
0.999969184 0.007252715 -0.002997718 1.247661948 -0.007253534 0.999973655 -0.000262399 -1.939396739 0.002995735 0.000284135 0.999995410 72.467185974
0.999968290 0.007236634 -0.003331569 1.270751834 -0.007236653 0.999973774 0.000006758 -1.955945611 0.003331532 0.000017352 0.999994457 73.004936218
0.999968946 0.006936439 -0.003733269 1.285435319 -0.006937741 0.999975860 -0.000335792 -1.965757608 0.003730848 0.000361682 0.999992907 73.551979065
0.999966621 0.007571263 -0.003061782 1.289414644 -0.007571345 0.999971330 -0.000014999 -1.986697316 0.003061581 0.000038180 0.999995291 74.058319092
0.999964952 0.007751960 -0.003148129 1.296954751 -0.007750556 0.999969840 0.000458034 -2.002484322 0.003151585 -0.000433618 0.999994934 74.566696167
0.999960601 0.008252521 -0.003263269 1.303694248 -0.008250954 0.999965847 0.000494053 -2.024933338 0.003267235 -0.000467109 0.999994576 75.086166382
0.999960124 0.008277958 -0.003323782 1.328606486 -0.008278567 0.999965727 -0.000169196 -2.038796186 0.003322267 0.000196706 0.999994457 75.627593994
0.999960184 0.008314702 -0.003231639 1.343214869 -0.008316733 0.999965250 -0.000615739 -2.052146673 0.003226407 0.000642591 0.999994576 76.165168762
0.999957681 0.008779100 -0.002760206 1.347823858 -0.008780024 0.999961376 -0.000322612 -2.071997881 0.002757267 0.000346833 0.999996126 76.700157166
0.999949753 0.009776762 -0.002219269 1.353610039 -0.009777733 0.999952078 -0.000426815 -2.088814020 0.002214989 0.000448493 0.999997377 77.241004944
0.999953508 0.009230713 -0.002796688 1.363491297 -0.009232096 0.999957204 -0.000481837 -2.095896006 0.002792121 0.000507634 0.999995947 77.744239807
0.999958456 0.008736141 -0.002583555 1.381210446 -0.008736815 0.999961793 -0.000249268 -2.119333267 0.002581277 0.000271829 0.999996603 78.257652283
0.999957025 0.009091591 -0.001870795 1.380514145 -0.009092789 0.999958396 -0.000632192 -2.129328489 0.001864970 0.000649176 0.999998033 78.828453064
0.999956310 0.009070123 -0.002265357 1.403383374 -0.009070994 0.999958813 -0.000375859 -2.142934799 0.002261855 0.000396392 0.999997377 79.340911865
0.999949396 0.009917348 -0.001748313 1.414329171 -0.009917492 0.999950767 -0.000073969 -2.170786142 0.001747493 0.000091304 0.999998450 79.860176086
0.999958992 0.008975287 -0.001164095 1.429271936 -0.008976116 0.999959469 -0.000710220 -2.173281670 0.001157673 0.000720640 0.999999046 80.401878357
0.999959528 0.008978466 0.000556739 1.439805627 -0.008978064 0.999959469 -0.000719354 -2.191381454 -0.000563175 0.000714326 0.999999583 80.948341370
0.999953091 0.009616901 0.001112969 1.460297227 -0.009615878 0.999953330 -0.000920575 -2.208090305 -0.001121770 0.000909830 0.999998987 81.461036682
0.999945045 0.009850769 0.003604289 1.461318970 -0.009845356 0.999950409 -0.001515924 -2.212471008 -0.003619042 0.001480355 0.999992371 82.057937622
0.999941587 0.009413445 0.005306121 1.497820735 -0.009410156 0.999955535 -0.000644541 -2.242263556 -0.005311952 0.000594572 0.999985695 82.519493103
0.999918461 0.009209584 0.008840041 1.519754291 -0.009205272 0.999957442 -0.000528213 -2.249567270 -0.008844528 0.000446795 0.999960780 83.071029663
0.999880672 0.009389978 0.012260962 1.538342595 -0.009388247 0.999955893 -0.000198681 -2.270331144 -0.012262285 0.000083549 0.999924839 83.612045288
0.999834836 0.008984980 0.015796307 1.580629230 -0.008979134 0.999959588 -0.000440964 -2.294849634 -0.015799630 0.000299054 0.999875128 84.080291748
0.999724090 0.009512274 0.021477548 1.616698503 -0.009509611 0.999954760 -0.000226118 -2.310488939 -0.021478726 0.000021813 0.999769270 84.634140015
0.999580026 0.009635327 0.027333528 1.651555538 -0.009617114 0.999953449 -0.000797650 -2.324416161 -0.027339937 0.000534445 0.999626040 85.161941528
0.999390960 0.009742248 0.033507489 1.691004395 -0.009722248 0.999952435 -0.000759834 -2.342529297 -0.033513285 0.000433604 0.999438107 85.700782776
0.999105811 0.009401612 0.041220054 1.740540743 -0.009379148 0.999955714 -0.000738293 -2.359613180 -0.041225173 0.000351024 0.999149740 86.237258911
0.998731256 0.009353532 0.049480248 1.797861338 -0.009308072 0.999956012 -0.001149076 -2.384186506 -0.049488824 0.000687053 0.998774469 86.743637085
0.998344958 0.009076925 0.056787878 1.849111795 -0.009041773 0.999958754 -0.000875924 -2.400924683 -0.056793489 0.000361011 0.998385906 87.294250488
0.997761846 0.009386878 0.066205494 1.901980639 -0.009317867 0.999955654 -0.001351084 -2.408861399 -0.066215247 0.000731166 0.997805059 88.060638428
0.997179031 0.006892471 0.074741602 1.962007523 -0.006772337 0.999975324 -0.001860660 -2.422685862 -0.074752569 0.001349236 0.997201145 88.390220642
0.996353269 0.008086978 0.084939517 2.055581570 -0.007869516 0.999964774 -0.002894689 -2.426997423 -0.084959924 0.002215700 0.996381879 89.397087097
0.995662034 0.008487921 0.092655629 2.109897614 -0.008292754 0.999962449 -0.002491192 -2.460281372 -0.092673309 0.001712015 0.995695055 89.891532898
0.994689345 0.008336199 0.102584429 2.189361572 -0.008082015 0.999963164 -0.002893187 -2.473385572 -0.102604769 0.002048734 0.994720101 90.418411255
0.993581653 0.007725670 0.112853043 2.264719963 -0.007495475 0.999968827 -0.002463950 -2.496445417 -0.112868577 0.001602248 0.993608654 90.934005737
0.992503524 0.006816231 0.122025907 2.354717255 -0.006500581 0.999974430 -0.002984673 -2.506080866 -0.122043125 0.002169059 0.992522359 91.475425720
0.991002560 0.006847652 0.133667722 2.445038795 -0.006486937 0.999974072 -0.003133905 -2.521941900 -0.133685663 0.002238614 0.991021276 92.010253906
0.989214122 0.006823771 0.146317378 2.535961151 -0.006458009 0.999974668 -0.002974662 -2.543344021 -0.146333992 0.001997659 0.989233196 92.555191040
0.987587392 0.006479985 0.156936929 2.649943352 -0.006105438 0.999977231 -0.002868558 -2.552520275 -0.156951964 0.001874783 0.987604439 93.091995239
0.985813022 0.006459233 0.167722747 2.745023727 -0.006086629 0.999977708 -0.002735534 -2.585694790 -0.167736664 0.001675859 0.985830367 93.655235291
0.983496606 0.006588165 0.180806682 2.861137390 -0.006203052 0.999977112 -0.002695340 -2.603781939 -0.180820286 0.001529305 0.983514965 94.193344116
0.981222510 0.006407029 0.192772731 2.992517471 -0.005964904 0.999978065 -0.002873795 -2.617424965 -0.192786947 0.001669961 0.981239200 94.728271484
0.979264140 0.005711129 0.202506915 3.124927521 -0.005379736 0.999983132 -0.002186840 -2.644136190 -0.202515990 0.001052061 0.979278445 95.244453430
0.976376295 0.005244336 0.216013536 3.257873535 -0.004746754 0.999984741 -0.002822229 -2.656778812 -0.216025040 0.001730194 0.976386309 95.767189026
0.973461986 0.005040224 0.228793442 3.416810989 -0.004519599 0.999985933 -0.002799446 -2.672922850 -0.228804320 0.001691100 0.973470926 96.308967590
0.970621467 0.004809700 0.240563884 3.556909561 -0.004120784 0.999985874 -0.003366719 -2.684749126 -0.240576655 0.002276498 0.970627487 96.818542480
0.967727065 0.004653720 0.251958191 3.679599762 -0.004055580 0.999987543 -0.002893216 -2.718966722 -0.251968563 0.001778007 0.967733800 97.343139648
0.963970363 0.006049152 0.265941113 3.843566895 -0.005630156 0.999981403 -0.002337873 -2.738234043 -0.265950322 0.000756350 0.963986516 97.859977722
0.960639119 0.004059851 0.277769744 4.019002914 -0.003515717 0.999990761 -0.002456989 -2.767067671 -0.277777106 0.001383720 0.960644543 98.399642944
0.957085013 0.005089510 0.289762676 4.204900742 -0.004839390 0.999987066 -0.001579692 -2.781461954 -0.289766967 0.000109624 0.957097232 98.922622681
0.952781916 0.004423436 0.303623199 4.373113632 -0.004180048 0.999990225 -0.001451532 -2.817652702 -0.303626657 0.000113834 0.952791095 99.423057556
0.948558211 0.003218245 0.316586405 4.588624954 -0.002937589 0.999994755 -0.001363778 -2.825116873 -0.316589206 0.000363622 0.948562682 99.937187195
0.944636881 0.001609902 0.328113526 4.763765335 -0.000674203 0.999995351 -0.002965487 -2.831646442 -0.328116834 0.002580093 0.944633543 100.468971252
0.940107822 0.000863902 0.340876192 4.976217270 0.000306818 0.999994218 -0.003380520 -2.845585585 -0.340877175 0.003282639 0.940102100 100.971084595
0.934800923 0.001114919 0.355170250 5.187250137 0.000054042 0.999994516 -0.003281329 -2.864286900 -0.355171978 0.003086583 0.934795797 101.481430054
0.930183649 0.000193166 0.367094398 5.411016464 0.000793194 0.999996424 -0.002536081 -2.890223980 -0.367093593 0.002650198 0.930180252 101.935050964
0.924771309 0.003426544 0.380507767 5.646951675 -0.003368126 0.999994040 -0.000819370 -2.927536249 -0.380508304 -0.000523868 0.924777329 102.427268982
0.919209123 0.001531744 0.393766791 5.903938293 -0.000477949 0.999996006 -0.002774237 -2.895981312 -0.393769473 0.002361904 0.919206202 102.951187134
0.913451135 0.001365109 0.406946093 6.151142120 -0.000234301 0.999996006 -0.002828583 -2.909920692 -0.406948328 0.002488425 0.913447738 103.448440552
0.908624947 0.000815808 0.417612374 6.391635895 0.000639901 0.999994218 -0.003345766 -2.926793098 -0.417612642 0.003307277 0.908619165 103.917716980
0.903081357 -0.000829081 0.429468542 6.653511047 0.002218246 0.999993801 -0.002734031 -2.953324795 -0.429463625 0.003421720 0.903077662 104.410438538
0.896538615 -0.001031428 0.442964256 6.917339325 0.002664278 0.999991715 -0.003063922 -2.970076561 -0.442957461 0.003927105 0.896534026 104.894088745
0.890546978 -0.001133184 0.454889685 7.189781189 0.002775185 0.999991775 -0.002941939 -2.987945318 -0.454882592 0.003882338 0.890542924 105.373115540
0.884561837 -0.000517969 0.466422588 7.448783875 0.001890877 0.999995112 -0.002475506 -3.014418364 -0.466418952 0.003071686 0.884558618 105.814567566
0.877157092 -0.001026515 0.480202466 7.731941223 0.002502878 0.999993920 -0.002434200 -3.025018215 -0.480196983 0.003337063 0.877154469 106.312332153
