1.000000000 0.000000000 0.000000000 0.000000000 0.000000000 1.000000000 0.000000000 0.000000000 0.000000000 0.000000000 1.000000000 0.000000000
1.000000000 -0.000010658 -0.000036275 0.000664561 0.000010659 1.000000000 0.000027431 -0.000090989 0.000036275 -0.000027432 1.000000000 -0.000686183
1.000000000 0.000013138 0.000055530 0.000766541 -0.000013142 1.000000000 0.000072951 0.000232224 -0.000055529 -0.000072952 1.000000000 0.000775107
1.000000000 -0.000136470 0.000003033 0.001042275 0.000136470 1.000000000 -0.000021404 0.000845084 -0.000003030 0.000021404 1.000000000 0.000987525
1.000000000 0.000083841 0.000133656 -0.000672238 -0.000083849 1.000000000 0.000059426 0.000596340 -0.000133651 -0.000059437 1.000000000 0.000906198
1.000000000 0.000161130 0.000107951 -0.001476618 -0.000161132 1.000000000 0.000016383 -0.000405785 -0.000107948 -0.000016401 1.000000000 -0.000027202
1.000000000 -0.000056654 0.000105758 -0.000188567 0.000056659 1.000000000 -0.000039678 0.000237745 -0.000105756 0.000039684 1.000000000 -0.000165789
1.000000000 0.000068246 0.000049085 -0.000666311 -0.000068249 1.000000000 0.000050826 0.000172007 -0.000049082 -0.000050829 1.000000000 0.000125786
1.000000000 0.000171573 0.000112220 -0.000713192 -0.000171583 1.000000000 0.000083966 -0.000136146 -0.000112206 -0.000083985 1.000000000 0.000950358
0.999999940 0.000253216 0.000050416 -0.000646728 -0.000253217 0.999999940 0.000027386 -0.000074303 -0.000050409 -0.000027399 1.000000000 -0.000838097
1.000000000 0.000084686 0.000077783 -0.000699806 -0.000084690 1.000000000 0.000050567 0.000222705 -0.000077778 -0.000050573 1.000000000 0.000062806
1.000000000 0.000170369 0.000065361 -0.001038269 -0.000170363 1.000000000 -0.000098490 0.001389487 -0.000065378 0.000098479 1.000000000 0.000566773
1.000000000 0.000129763 0.000115237 -0.000987098 -0.000129755 1.000000000 -0.000073358 0.001589850 -0.000115246 0.000073343 1.000000000 0.001087667
1.000000000 0.000162991 0.000169123 -0.002005390 -0.000162968 1.000000000 -0.000139395 0.002746380 -0.000169146 0.000139368 1.000000000 0.002491995
0.999999940 0.000217318 0.000127038 -0.002124313 -0.000217305 1.000000000 -0.000100379 0.001872414 -0.000127060 0.000100352 1.000000000 0.001517093
0.999999940 0.000281908 0.000185232 -0.002070898 -0.000281900 0.999999940 -0.000042989 0.002326872 -0.000185244 0.000042937 1.000000000 0.002240575
0.999999940 0.000249396 0.000192929 -0.001993514 -0.000249379 0.999999940 -0.000089102 0.001972267 -0.000192951 0.000089054 1.000000000 0.001891171
0.999999940 0.000252295 0.000222373 -0.003064699 -0.000252302 0.999999940 0.000033059 0.001500327 -0.000222365 -0.000033115 1.000000000 0.002354331
0.999999940 0.000247337 0.000087764 -0.001615979 -0.000247338 0.999999940 0.000012161 0.001564776 -0.000087761 -0.000012182 1.000000000 0.001498147
0.999999940 0.000194060 0.000170762 -0.002412757 -0.000194054 1.000000000 -0.000031699 0.001664861 -0.000170768 0.000031666 1.000000000 0.002170098
0.999999940 0.000203084 0.000166200 -0.001964716 -0.000203092 1.000000000 0.000048648 0.001787067 -0.000166190 -0.000048682 1.000000000 0.003038889
0.999999881 0.000389784 0.000178219 -0.002706890 -0.000389776 0.999999940 -0.000048614 0.002136846 -0.000178238 0.000048545 1.000000000 0.002661115
0.999999940 0.000226925 0.000230869 -0.002018409 -0.000226917 1.000000000 -0.000034856 0.001575584 -0.000230877 0.000034804 1.000000000 0.001856805
0.999999940 0.000153528 0.000201969 -0.002479741 -0.000153523 1.000000000 -0.000023062 0.002173743 -0.000201973 0.000023031 1.000000000 0.002285711
0.999999940 0.000161401 0.000194198 -0.002480159 -0.000161390 1.000000000 -0.000054104 0.002133745 -0.000194206 0.000054073 1.000000000 0.002602636
1.000000000 0.000200036 0.000103216 -0.002845740 -0.000200036 1.000000000 0.000001152 0.001866596 -0.000103216 -0.000001172 1.000000000 0.001422038
0.999999940 0.000210428 0.000140701 -0.002296348 -0.000210438 1.000000000 0.000070860 0.001147583 -0.000140687 -0.000070890 1.000000000 0.001926141
1.000000000 0.000074417 0.000172953 -0.001717852 -0.000074413 1.000000000 -0.000019431 0.001660500 -0.000172954 0.000019418 1.000000000 0.002481582
1.000000000 0.000153002 0.000167850 -0.001479305 -0.000153000 1.000000000 -0.000013170 0.001831914 -0.000167852 0.000013145 1.000000000 0.003382666
0.999999940 0.000268318 0.000198335 -0.002657688 -0.000268305 0.999999940 -0.000065732 0.002169160 -0.000198353 0.000065678 1.000000000 0.002475670
0.999999940 0.000341114 0.000237480 -0.001631283 -0.000341134 0.999999940 0.000084198 0.000389480 -0.000237452 -0.000084279 0.999999940 -0.000588832
0.999999940 0.000231882 0.000166449 -0.002097379 -0.000231886 1.000000000 0.000024314 0.000894754 -0.000166443 -0.000024353 1.000000000 0.001877882
0.999999940 0.000210416 0.000189345 -0.001452906 -0.000210412 1.000000000 -0.000018968 0.000753235 -0.000189349 0.000018929 1.000000000 0.001662535
0.999999940 0.000240929 0.000141005 -0.002675493 -0.000240941 0.999999940 0.000088535 0.000953920 -0.000140984 -0.000088569 1.000000000 0.001615114
1.000000000 0.000078547 0.000134243 -0.001773860 -0.000078550 1.000000000 0.000024130 0.001915390 -0.000134241 -0.000024141 1.000000000 0.002674173
0.999999940 0.000237333 0.000189936 -0.002498972 -0.000237337 1.000000000 0.000018485 0.001345559 -0.000189932 -0.000018530 1.000000000 0.001994706
1.000000000 0.000184189 0.000134090 0.000040187 -0.000184189 1.000000000 0.000002248 0.001686297 -0.000134089 -0.000002272 1.000000000 0.002203214
1.000000000 0.000109391 0.000120970 -0.000636405 -0.000109378 1.000000000 -0.000105113 0.001928810 -0.000120982 0.000105100 1.000000000 0.002182040
0.999999881 0.000387638 0.000308009 -0.002547193 -0.000387434 0.999999702 -0.000660943 -0.001818284 -0.000308265 0.000660824 0.999999762 0.049245268
0.999999881 0.000414352 0.000281401 0.000484509 -0.000414006 0.999999166 -0.001229247 -0.003954365 -0.000281910 0.001229130 0.999999166 0.138009667
0.999999821 0.000451205 0.000308032 0.001329363 -0.000450740 0.999998748 -0.001510534 -0.007631524 -0.000308713 0.001510395 0.999998808 0.251233697
0.999999702 0.000530740 0.000310473 0.004342009 -0.000530269 0.999998689 -0.001515386 -0.010078775 -0.000311277 0.001515221 0.999998808 0.382729620
0.999999940 0.000348300 0.000165947 0.008061503 -0.000348093 0.999999225 -0.001249155 -0.015147116 -0.000166382 0.001249098 0.999999166 0.523023188
0.999999940 0.000095289 0.000236163 0.011560499 -0.000095110 0.999999702 -0.000760527 -0.023935296 -0.000236236 0.000760504 0.999999642 0.672833145
0.999999881 0.000068777 0.000408958 0.016433679 -0.000068610 0.999999940 -0.000409912 -0.026685147 -0.000408987 0.000409884 0.999999821 0.837130725
0.999999881 -0.000124793 0.000479293 0.016027246 0.000125038 0.999999881 -0.000511352 -0.031813022 -0.000479229 0.000511412 0.999999702 1.011357427
0.999999881 -0.000154038 0.000533869 0.019525960 0.000154307 0.999999881 -0.000504340 -0.037054252 -0.000533791 0.000504422 0.999999762 1.184820890
0.999999821 0.000153295 0.000587923 0.021304978 -0.000153272 0.999999940 -0.000038110 -0.044169996 -0.000587929 0.000038020 0.999999762 1.369103551
0.999999821 0.000406134 0.000497164 0.025732439 -0.000406004 0.999999940 -0.000261393 -0.046116479 -0.000497270 0.000261191 0.999999881 1.561694264
0.999999762 -0.000002717 0.000647515 0.029122744 0.000002590 1.000000000 0.000195470 -0.057334017 -0.000647515 -0.000195469 0.999999762 1.760419846
0.999999762 -0.000129316 0.000689073 0.032258000 0.000129006 0.999999821 0.000451015 -0.063088894 -0.000689131 -0.000450926 0.999999583 1.958384991
0.999999762 -0.000461555 0.000464938 0.041067097 0.000461284 0.999999702 0.000583802 -0.070356019 -0.000465207 -0.000583587 0.999999702 2.168899298
0.999999762 -0.000254612 0.000692944 0.044360507 0.000254198 0.999999821 0.000598346 -0.074466713 -0.000693096 -0.000598170 0.999999583 2.388925314
0.999999762 -0.000079371 0.000714020 0.049863733 0.000078982 0.999999821 0.000545204 -0.082633048 -0.000714064 -0.000545148 0.999999583 2.606748104
0.999999702 -0.000063456 0.000770503 0.054849952 0.000062878 0.999999642 0.000750075 -0.090761654 -0.000770551 -0.000750027 0.999999344 2.836515427
0.999999464 -0.000008338 0.001010944 0.058253456 0.000007336 0.999999464 0.000991834 -0.096403785 -0.001010952 -0.000991826 0.999998987 3.072804451
0.999999762 -0.000038743 0.000668957 0.066292219 0.000038068 0.999999464 0.001009144 -0.103196874 -0.000668996 -0.001009119 0.999999225 3.317085266
0.999999642 -0.000060877 0.000802893 0.067533329 0.000060159 0.999999583 0.000894452 -0.110279888 -0.000802947 -0.000894403 0.999999285 3.566588640
0.999999523 0.000002295 0.000931112 0.072259299 -0.000003007 0.999999702 0.000765117 -0.114396408 -0.000931110 -0.000765119 0.999999285 3.824630737
0.999999464 0.000261063 0.000998663 0.078951284 -0.000261666 0.999999762 0.000603783 -0.118675768 -0.000998505 -0.000604044 0.999999344 4.084014893
0.999999344 0.000226170 0.001090049 0.085613661 -0.000226941 0.999999642 0.000706889 -0.122394584 -0.001089889 -0.000707136 0.999999166 4.347043037
0.999999166 0.000307559 0.001230496 0.087964185 -0.000308326 0.999999762 0.000623271 -0.132735103 -0.001230304 -0.000623650 0.999999046 4.599090576
0.999999225 0.000288181 0.001218553 0.094032481 -0.000289019 0.999999702 0.000687136 -0.137019232 -0.001218355 -0.000687487 0.999999046 4.850691795
0.999999583 0.000276682 0.000932772 0.102564685 -0.000277719 0.999999344 0.001111290 -0.146064937 -0.000932464 -0.001111548 0.999998987 5.111909866
0.999998808 0.000764700 0.001319161 0.101236895 -0.000765699 0.999999344 0.000756945 -0.152123719 -0.001318581 -0.000757954 0.999998868 5.374845505
0.999998450 0.000923111 0.001463775 0.107682139 -0.000924332 0.999999166 0.000833302 -0.161383510 -0.001463005 -0.000834654 0.999998510 5.637338161
0.999998629 0.000756492 0.001452969 0.111115754 -0.000758104 0.999999106 0.001109424 -0.170125216 -0.001452128 -0.001110524 0.999998331 5.910560131
0.999997675 0.001141052 0.001802608 0.113194555 -0.001142801 0.999998868 0.000969619 -0.178998441 -0.001801500 -0.000971677 0.999997914 6.189886093
0.999998927 -0.000070438 0.001473898 0.130117863 0.000068799 0.999999404 0.001112260 -0.183650553 -0.001473976 -0.001112157 0.999998271 6.469791412
0.999998808 0.000416553 0.001534296 0.132026717 -0.000418179 0.999999464 0.001059564 -0.191309229 -0.001533854 -0.001060204 0.999998152 6.759531975
0.999999046 0.000595850 0.001197256 0.140341699 -0.000597081 0.999999285 0.001027781 -0.199552387 -0.001196643 -0.001028495 0.999998689 7.049959660
0.999998629 0.000724073 0.001455931 0.145904034 -0.000725553 0.999999344 0.001016327 -0.211401924 -0.001455194 -0.001017382 0.999998450 7.343375683
0.999998927 0.000487646 0.001379622 0.151065350 -0.000489119 0.999999344 0.001067263 -0.221836254 -0.001379101 -0.001067937 0.999998510 7.650579453
0.999998093 0.000922394 0.001700575 0.159936428 -0.000924684 0.999998689 0.001346319 -0.233789280 -0.001699331 -0.001347889 0.999997675 7.971813679
0.999997973 0.000904269 0.001785176 0.166884437 -0.000906829 0.999998569 0.001433830 -0.242862448 -0.001783877 -0.001435447 0.999997377 8.294626236
0.999998510 0.000699008 0.001562493 0.175380230 -0.000701131 0.999998868 0.001358757 -0.252930462 -0.001561541 -0.001359851 0.999997854 8.615518570
0.999997854 0.000735306 0.001933295 0.180001333 -0.000737350 0.999999166 0.001056810 -0.256555945 -0.001932517 -0.001058234 0.999997556 8.962521553
0.999998808 0.000510024 0.001465253 0.191311687 -0.000512106 0.999998868 0.001421028 -0.270972997 -0.001464526 -0.001421777 0.999997914 9.290844917
0.999997377 0.001226969 0.001936244 0.190237954 -0.001229315 0.999998510 0.001211114 -0.280971289 -0.001934755 -0.001213491 0.999997377 9.635755539
0.999997973 0.000800313 0.001834571 0.200853884 -0.000802817 0.999998808 0.001364751 -0.292031318 -0.001833476 -0.001366221 0.999997377 9.980410576
0.999998212 0.000920846 0.001663335 0.210822463 -0.000923053 0.999998689 0.001326840 -0.294590443 -0.001662111 -0.001328373 0.999997735 10.338112831
0.999998271 0.000799371 0.001696251 0.219133154 -0.000801488 0.999998927 0.001247638 -0.304693878 -0.001695252 -0.001248996 0.999997795 10.698580742
0.999998868 0.000669927 0.001285744 0.233499870 -0.000672177 0.999998271 0.001750614 -0.315657943 -0.001284569 -0.001751476 0.999997616 11.063213348
0.999998987 0.000444927 0.001315284 0.244408399 -0.000447148 0.999998510 0.001689008 -0.321378827 -0.001314531 -0.001689595 0.999997675 11.439915657
0.999997497 0.001306179 0.001832330 0.244292527 -0.001308458 0.999998391 0.001243109 -0.333891362 -0.001830704 -0.001245504 0.999997556 11.837007523
0.999997735 0.001247235 0.001712692 0.253814608 -0.001250066 0.999997973 0.001652995 -0.351616055 -0.001710626 -0.001655132 0.999997139 12.210636139
0.999997616 0.001310027 0.001763968 0.266438782 -0.001313438 0.999997318 0.001933660 -0.366093814 -0.001761430 -0.001935972 0.999996543 12.598407745
0.999996722 0.001545561 0.002022021 0.272567391 -0.001549266 0.999997139 0.001831874 -0.370578915 -0.002019183 -0.001835000 0.999996245 12.982671738
0.999996006 0.001614889 0.002328539 0.272968858 -0.001620644 0.999995649 0.002471608 -0.388268590 -0.002324537 -0.002475372 0.999994218 13.387364388
0.999993026 0.002295480 0.002948719 0.274620652 -0.002301052 0.999995589 0.001887779 -0.395001918 -0.002944373 -0.001894551 0.999993861 13.797443390
0.999995768 0.001602515 0.002435586 0.297482967 -0.001607902 0.999996245 0.002211345 -0.409535259 -0.002432033 -0.002215252 0.999994576 14.211630821
0.999994636 0.001609881 0.002856745 0.302611053 -0.001615913 0.999996483 0.002110580 -0.422449559 -0.002853337 -0.002115185 0.999993742 14.628551483
0.999994397 0.001505276 0.002996704 0.320390850 -0.001511911 0.999996424 0.002213107 -0.433771580 -0.002993362 -0.002217625 0.999993086 15.049699783
0.999990880 0.002327446 0.003575176 0.320170134 -0.002336336 0.999994159 0.002484438 -0.446231991 -0.003569373 -0.002492768 0.999990523 15.500422478
0.999989092 0.002470656 0.003936373 0.330187768 -0.002479384 0.999994457 0.002214132 -0.455604196 -0.003930881 -0.002223868 0.999989808 15.949183464
0.999989331 0.002364240 0.003970028 0.341312349 -0.002373042 0.999994695 0.002213858 -0.467420995 -0.003964774 -0.002223255 0.999989629 16.373443604
0.999990344 0.001977806 0.003943427 0.353055477 -0.001986791 0.999995410 0.002275901 -0.484518498 -0.003938908 -0.002283714 0.999989629 16.810522079
0.999987423 0.002423848 0.004385278 0.364307135 -0.002435025 0.999993920 0.002545109 -0.501574099 -0.004379081 -0.002555756 0.999987125 17.277997971
0.999984205 0.002437640 0.005069406 0.369971991 -0.002453710 0.999991953 0.003166297 -0.516823649 -0.005061648 -0.003178686 0.999982119 17.726474762
0.999983311 0.002237167 0.005325377 0.384178162 -0.002252308 0.999993324 0.002839063 -0.527535260 -0.005318990 -0.002851010 0.999981821 18.194263458
0.999982595 0.002078792 0.005526566 0.399568856 -0.002093691 0.999994159 0.002691502 -0.535783172 -0.005520938 -0.002703026 0.999981105 18.668437958
0.999986947 0.001774331 0.004776591 0.407535970 -0.001790373 0.999992728 0.003356272 -0.556294858 -0.004770601 -0.003364781 0.999982953 19.164710999
0.999986410 0.001881961 0.004861044 0.431629539 -0.001895695 0.999994218 0.002822377 -0.569932342 -0.004855704 -0.002831553 0.999984205 19.654649734
0.999984145 0.002288848 0.005137814 0.434881479 -0.002302553 0.999993861 0.002663105 -0.581188858 -0.005131686 -0.002674893 0.999983311 20.144109726
0.999983132 0.002349349 0.005307036 0.449077487 -0.002368177 0.999990880 0.003544054 -0.600898027 -0.005298661 -0.003556562 0.999979615 20.605953217
0.999987483 0.002346784 0.004422671 0.459722996 -0.002362124 0.999991238 0.003466512 -0.610864997 -0.004414497 -0.003476915 0.999984145 21.121192932
0.999993563 0.001405723 0.003292550 0.501989067 -0.001417456 0.999992669 0.003563818 -0.627869308 -0.003287516 -0.003568463 0.999988258 21.612445831
0.999991000 0.002290664 0.003568839 0.500526071 -0.002303170 0.999991238 0.003503877 -0.636732996 -0.003560781 -0.003512065 0.999987483 22.147352219
0.999993443 0.002154763 0.002878938 0.515740216 -0.002165418 0.999990821 0.003703244 -0.649271965 -0.002870931 -0.003709453 0.999989033 22.670488358
0.999991834 0.002779908 0.002932856 0.518275023 -0.002790736 0.999989212 0.003694202 -0.673717737 -0.002922555 -0.003702356 0.999988854 23.158464432
0.999987423 0.003638825 0.003452179 0.509838402 -0.003651358 0.999986768 0.003630965 -0.696041465 -0.003438921 -0.003643523 0.999987423 23.647052765
0.999993742 0.002064254 0.002842539 0.520817578 -0.002074343 0.999991596 0.003550865 -0.713764310 -0.002835185 -0.003556739 0.999989569 24.172315598
0.999996960 0.002000870 0.001443311 0.537012219 -0.002005666 0.999992430 0.003329037 -0.727322698 -0.001436640 -0.003331922 0.999993443 24.712030411
0.999994874 0.002809369 0.001532775 0.534884930 -0.002815769 0.999987245 0.004188752 -0.742606759 -0.001520987 -0.004193048 0.999989986 25.244705200
0.999992847 0.003608275 0.001138170 0.545093834 -0.003612825 0.999985397 0.004020741 -0.755630016 -0.001123645 -0.004024824 0.999991298 25.782434464
0.999992967 0.003605394 0.001021448 0.556695044 -0.003609043 0.999987006 0.003593615 -0.771146119 -0.001008478 -0.003597277 0.999993026 26.346202850
0.999995410 0.002920307 0.000842564 0.566045523 -0.002924020 0.999985814 0.004439888 -0.783257067 -0.000829586 -0.004442331 0.999989748 26.906713486
0.999996126 0.002762509 -0.000369989 0.580407977 -0.002760696 0.999984622 0.004814517 -0.806517243 0.000383283 -0.004813477 0.999988258 27.454107285
0.999994457 0.003230078 -0.000788114 0.589781880 -0.003226536 0.999984860 0.004455010 -0.816341877 0.000802492 -0.004452443 0.999989688 28.013376236
0.999992490 0.003687359 -0.001168343 0.602868974 -0.003682267 0.999983966 0.004330194 -0.822706044 0.001184291 -0.004325860 0.999989927 28.575511932
0.999993205 0.003513369 -0.001112813 0.614845395 -0.003508721 0.999985337 0.004151153 -0.843087673 0.001127381 -0.004147221 0.999990702 29.099540710
0.999995112 0.002500453 -0.001876381 0.620706022 -0.002492475 0.999987900 0.004242125 -0.849714994 0.001886966 -0.004237428 0.999989212 29.673778534
0.999990702 0.003963365 -0.001707328 0.627190053 -0.003955572 0.999981880 0.004543890 -0.866072774 0.001725306 -0.004537094 0.999988139 30.218772888
0.999991655 0.003606175 -0.001919783 0.640095294 -0.003596754 0.999981523 0.004888866 -0.888411164 0.001937378 -0.004881921 0.999986231 30.742248535
0.999989808 0.004000599 -0.002074212 0.651232302 -0.003990236 0.999979794 0.004975787 -0.914059758 0.002094076 -0.004967461 0.999985456 31.323945999
0.999984205 0.004930985 -0.002705653 0.657386839 -0.004918235 0.999976933 0.004698681 -0.921369672 0.002728760 -0.004685300 0.999985278 31.875854492
0.999987066 0.003502140 -0.003686071 0.684687972 -0.003485984 0.999984324 0.004380425 -0.929926991 0.003701353 -0.004367518 0.999983609 32.441272736
0.999983609 0.003997638 -0.004111151 0.686278582 -0.003978928 0.999981701 0.004549368 -0.949715436 0.004129262 -0.004532935 0.999981165 32.981315613
0.999989569 0.003114610 -0.003341904 0.698186874 -0.003097539 0.999982178 0.005101442 -0.971309304 0.003357734 -0.005091037 0.999981403 33.533790588
0.999981701 0.004783900 -0.003707735 0.706715643 -0.004763379 0.999973416 0.005523899 -0.991529822 0.003734062 -0.005506136 0.999977827 34.065998077
0.999987423 0.003095833 -0.003929426 0.716182768 -0.003074684 0.999980807 0.005377057 -1.000258803 0.003945998 -0.005364908 0.999977827 34.619979858
0.999977648 0.004999944 -0.004446685 0.724803507 -0.004975677 0.999972820 0.005451582 -1.020945549 0.004473821 -0.005429335 0.999975264 35.134742737
0.999986768 0.003027347 -0.004137981 0.731954455 -0.003004817 0.999980807 0.005440062 -1.030269861 0.004154370 -0.005427558 0.999976635 35.688030243
0.999984622 0.003447293 -0.004332543 0.750154197 -0.003425275 0.999981225 0.005079244 -1.032579899 0.004349972 -0.005064327 0.999977708 36.265949249
0.999985754 0.002676747 -0.004602929 0.756734371 -0.002651558 0.999981523 0.005469813 -1.054870486 0.004617485 -0.005457530 0.999974430 36.796806335
0.999983847 0.002745754 -0.004973305 0.769786119 -0.002718271 0.999980986 0.005524446 -1.066309571 0.004988379 -0.005510838 0.999972343 37.339164734
0.999983966 0.003222873 -0.004645052 0.774802446 -0.003200451 0.999983191 0.004826306 -1.075762391 0.004660528 -0.004811363 0.999977589 37.894027710
0.999980748 0.002544305 -0.005662196 0.789019763 -0.002515752 0.999984145 0.005044001 -1.088887095 0.005674939 -0.005029659 0.999971271 38.444931030
0.999982953 0.002777238 -0.005129421 0.791653156 -0.002753362 0.999985337 0.004656015 -1.095532775 0.005142278 -0.004641813 0.999975979 39.000091553
0.999979019 0.003754875 -0.005278747 0.814005733 -0.003731700 0.999983311 0.004393299 -1.103540063 0.005295155 -0.004373508 0.999976397 39.526752472
0.999982655 0.003097206 -0.005013982 0.817907095 -0.003075153 0.999985576 0.004400196 -1.124386787 0.005027538 -0.004384701 0.999977767 40.074790955
0.999979913 0.003326156 -0.005417733 0.827315390 -0.003300417 0.999983251 0.004753005 -1.142758250 0.005433453 -0.004735028 0.999974012 40.612716675
0.999980986 0.003190197 -0.005275468 0.836985111 -0.003168085 0.999986112 0.004194762 -1.150876641 0.005288779 -0.004177969 0.999977231 41.170467377
0.999978602 0.003808992 -0.005321909 0.844497144 -0.003787012 0.999984205 0.004133894 -1.161859035 0.005337572 -0.004113651 0.999977291 41.688255310
0.999978483 0.004529773 -0.004757950 0.845892131 -0.004512395 0.999983072 0.003656872 -1.176049829 0.004774435 -0.003635323 0.999981999 42.236816406
0.999978125 0.003350497 -0.005706357 0.857595205 -0.003324775 0.999984264 0.004511086 -1.203330278 0.005721382 -0.004492015 0.999973595 42.753692627
0.999975681 0.003766052 -0.005868269 0.868615806 -0.003741858 0.999984503 0.004128347 -1.194323421 0.005883726 -0.004106288 0.999974251 43.327789307
0.999975443 0.003196023 -0.006232177 0.883835435 -0.003169476 0.999985874 0.004265008 -1.216680646 0.006245720 -0.004245150 0.999971509 43.869487762
0.999975026 0.003691008 -0.006030400 0.892516375 -0.003664465 0.999983609 0.004406521 -1.228758574 0.006046565 -0.004384313 0.999972165 44.415523529
0.999972582 0.004046809 -0.006197675 0.905192792 -0.004021769 0.999983728 0.004047329 -1.241315126 0.006213954 -0.004022292 0.999972582 44.914913177
0.999975085 0.004454329 -0.005495574 0.907433093 -0.004433443 0.999983072 0.003806574 -1.249762416 0.005512436 -0.003782115 0.999977589 45.477863312
0.999973118 0.004780258 -0.005565067 0.915523171 -0.004761745 0.999983191 0.003335048 -1.258807659 0.005580915 -0.003308459 0.999978960 46.018321991
0.999973893 0.002949838 -0.006589161 0.933109522 -0.002929202 0.999990761 0.003139243 -1.271109462 0.006598361 -0.003119861 0.999973357 46.575180054
0.999971151 0.002843889 -0.007038863 0.945437551 -0.002819303 0.999989808 0.003500529 -1.282768607 0.007048747 -0.003480583 0.999969125 47.123512268
0.999974847 0.004970934 -0.005047312 0.918154299 -0.004955770 0.999983191 0.003012491 -1.283998251 0.005062202 -0.002987402 0.999982715 47.657054901
0.999972165 0.004500517 -0.005948613 0.956203878 -0.004480660 0.999984324 0.003347221 -1.313907743 0.005963586 -0.003320474 0.999976635 48.224819183
0.999975502 0.003730704 -0.005926260 0.969190001 -0.003711622 0.999987900 0.003227593 -1.326290011 0.005938230 -0.003205518 0.999977171 48.765449524
0.999971867 0.004332099 -0.006122685 0.983937263 -0.004316505 0.999987423 0.002558117 -1.323109150 0.006133690 -0.002531616 0.999978006 49.334564209
0.999970973 0.004798649 -0.005906172 0.988086402 -0.004780619 0.999983847 0.003063128 -1.350458026 0.005920775 -0.003034804 0.999977887 49.880741119
0.999970317 0.004499811 -0.006245512 0.999527216 -0.004482020 0.999985874 0.002859684 -1.361230731 0.006258291 -0.002831606 0.999976397 50.400230408
0.999970019 0.004117143 -0.006558976 1.007170200 -0.004096536 0.999986649 0.003152288 -1.391405106 0.006571868 -0.003125323 0.999973536 50.933799744
0.999967039 0.004132217 -0.006990551 1.019792557 -0.004108103 0.999985576 0.003460171 -1.405969024 0.007004750 -0.003431340 0.999969602 51.457111359
0.999965906 0.004323652 -0.007032743 1.028115630 -0.004300942 0.999985516 0.003241042 -1.418086529 0.007046652 -0.003210684 0.999970019 52.001792908
0.999967813 0.004437804 -0.006684066 1.026235819 -0.004417198 0.999985397 0.003094523 -1.434457779 0.006697702 -0.003064898 0.999972880 52.546279907
0.999967158 0.004059521 -0.007015037 1.044676185 -0.004035209 0.999985754 0.003476459 -1.445911765 0.007029048 -0.003448037 0.999969363 53.106754303
0.999964416 0.004775179 -0.006952862 1.047472715 -0.004755316 0.999984562 0.002870548 -1.469688177 0.006966462 -0.002837383 0.999971688 53.663681030
0.999965847 0.004027502 -0.007212005 1.062083006 -0.004004516 0.999986887 0.003198852 -1.488132358 0.007224793 -0.003169863 0.999968886 54.189762115
0.999965549 0.003975937 -0.007274318 1.061383605 -0.003952316 0.999986887 0.003258539 -1.493652463 0.007287178 -0.003229677 0.999968231 54.751571655
0.999965310 0.003671640 -0.007470990 1.074516773 -0.003649780 0.999988973 0.002937640 -1.514232159 0.007481692 -0.002910271 0.999967694 55.304130554
0.999963045 0.003163314 -0.007997424 1.094707370 -0.003137922 0.999989986 0.003185647 -1.529168487 0.008007422 -0.003160434 0.999962866 55.844085693
0.999961913 0.003496593 -0.007998652 1.096643209 -0.003468620 0.999987841 0.003508406 -1.553599834 0.008010824 -0.003480528 0.999961853 56.387851715
0.999963760 0.003755691 -0.007636978 1.102239132 -0.003729724 0.999987364 0.003411461 -1.568867207 0.007649693 -0.003382854 0.999964952 56.950935364
0.999964654 0.003954622 -0.007412773 1.097362161 -0.003929778 0.999986649 0.003363005 -1.577167630 0.007425973 -0.003333755 0.999966860 57.491165161
0.999964237 0.003507575 -0.007687607 1.110169530 -0.003481042 0.999988079 0.003462079 -1.598211288 0.007699659 -0.003435195 0.999964476 58.037433624
0.999962091 0.003803154 -0.007830051 1.128746629 -0.003774972 0.999986351 0.003610836 -1.609295368 0.007843676 -0.003581141 0.999962807 58.577342987
0.999961078 0.003227512 -0.008213188 1.137432933 -0.003198248 0.999988496 0.003573742 -1.618840456 0.008224627 -0.003547336 0.999959886 59.125408173
0.999961257 0.002715383 -0.008374732 1.146393299 -0.002687139 0.999990582 0.003381972 -1.639489174 0.008383835 -0.003359336 0.999959230 59.662391663
0.999958992 0.002776499 -0.008623468 1.151551962 -0.002744864 0.999989390 0.003678052 -1.656281352 0.008633589 -0.003654231 0.999956071 60.201656342
0.999957860 0.003261784 -0.008574747 1.159900188 -0.003230724 0.999988139 0.003633578 -1.673479199 0.008586496 -0.003605722 0.999956608 60.746807098
0.999962449 0.003386444 -0.007976805 1.155929208 -0.003356578 0.999987245 0.003754504 -1.684026003 0.007989419 -0.003727589 0.999961138 61.303684235
0.999962687 0.003791003 -0.007765684 1.168494940 -0.003762145 0.999985993 0.003727198 -1.700535059 0.007779705 -0.003697844 0.999962926 61.850631714
0.999968767 0.002975793 -0.007319379 1.170563698 -0.002949862 0.999989331 0.003551013 -1.710621357 0.007329868 -0.003529311 0.999966919 62.390777588
0.999965727 0.003567558 -0.007474381 1.178554535 -0.003540719 0.999987245 0.003601009 -1.726597309 0.007487135 -0.003574420 0.999965608 62.938583374
0.999966562 0.003263303 -0.007494591 1.167313933 -0.003237778 0.999988854 0.003415509 -1.721751928 0.007505652 -0.003391129 0.999966085 63.493415833
0.999958575 0.003926987 -0.008200644 1.188191891 -0.003898116 0.999986112 0.003533644 -1.753845930 0.008214408 -0.003501530 0.999960124 64.033790588
0.999963522 0.003160023 -0.007931116 1.192800283 -0.003133304 0.999989390 0.003378979 -1.771173120 0.007941709 -0.003354005 0.999962807 64.546852112
0.999960721 0.003453295 -0.008154011 1.198433876 -0.003426927 0.999988854 0.003245525 -1.781295776 0.008165129 -0.003217455 0.999961495 65.093475342
0.999964654 0.003503151 -0.007642526 1.202132225 -0.003478091 0.999988556 0.003289980 -1.792688131 0.007653963 -0.003263282 0.999965370 65.632934570
0.999967337 0.002856259 -0.007553438 1.209350824 -0.002829843 0.999989867 0.003505615 -1.804783225 0.007563374 -0.003484126 0.999965310 66.177238464
0.999966025 0.003166421 -0.007602495 1.203963995 -0.003144418 0.999990821 0.002904448 -1.816851258 0.007611623 -0.002880444 0.999966860 66.746520996
0.999965191 0.002668879 -0.007899385 1.219984055 -0.002643665 0.999991298 0.003200618 -1.834677458 0.007907858 -0.003179623 0.999963701 67.289077759
0.999963880 0.002857934 -0.007994136 1.228552818 -0.002835503 0.999992013 0.002815843 -1.839630127 0.008002116 -0.002793074 0.999964058 67.851234436
0.999968410 0.002764284 -0.007455122 1.228603482 -0.002743432 0.999992251 0.002805898 -1.856037140 0.007462822 -0.002785357 0.999968290 68.400222778
0.999963880 0.003101932 -0.007915807 1.238180041 -0.003080651 0.999991596 0.002699160 -1.871540785 0.007924113 -0.002674677 0.999965012 68.928794861
0.999962151 0.002898109 -0.008206701 1.248028398 -0.002873791 0.999991477 0.002973425 -1.891546369 0.008215249 -0.002949728 0.999961853 69.456741333
0.999963164 0.003620611 -0.007773051 1.249390841 -0.003600982 0.999990225 0.002537709 -1.906598091 0.007782163 -0.002509625 0.999966562 70.014686584
0.999964714 0.003443785 -0.007652969 1.254162073 -0.003420660 0.999989510 0.003032788 -1.923593163 0.007663331 -0.003006503 0.999966145 70.569549561
0.999964237 0.002910941 -0.007943110 1.275488615 -0.002886635 0.999991119 0.003069635 -1.933386207 0.007951973 -0.003046596 0.999963760 71.153152466
0.999962807 0.003106805 -0.008044342 1.292204380 -0.003083794 0.999991119 0.002871434 -1.952141047 0.008053194 -0.002846521 0.999963462 71.668556213
0.999964654 0.002455428 -0.008043557 1.298141599 -0.002433550 0.999993324 0.002728679 -1.962076426 0.008050204 -0.002709009 0.999963939 72.242294312
0.999963820 0.003352975 -0.007819694 1.297172308 -0.003330490 0.999990225 0.002886722 -1.987730742 0.007829298 -0.002860573 0.999965191 72.779647827
0.999962330 0.003711896 -0.007849849 1.305927992 -0.003690500 0.999989390 0.002738475 -1.996619940 0.007859930 -0.002709402 0.999965429 73.321777344
0.999964178 0.004006092 -0.007468197 1.310659885 -0.003985129 0.999988019 0.002819867 -2.008730650 0.007479404 -0.002790004 0.999968052 73.890579224
0.999966621 0.003723049 -0.007290833 1.321236610 -0.003704778 0.999989927 0.002517942 -2.022004843 0.007300135 -0.002490846 0.999970257 74.450614929
0.999966800 0.004121799 -0.007027795 1.326642036 -0.004099114 0.999986351 0.003239158 -2.038441181 0.007041050 -0.003210243 0.999970078 74.980529785
0.999966443 0.003823213 -0.007235716 1.342454433 -0.003802355 0.999988556 0.002894229 -2.053676128 0.007246700 -0.002866619 0.999969602 75.528327942
0.999965191 0.004036776 -0.007291858 1.348796844 -0.004019469 0.999989092 0.002386636 -2.070920467 0.007301412 -0.002357244 0.999970555 76.064514160
0.999966621 0.004774576 -0.006618197 1.345477581 -0.004754371 0.999984026 0.003065034 -2.087766886 0.006632727 -0.003033467 0.999973416 76.643577576
0.999964237 0.003937946 -0.007488132 1.363094807 -0.003915475 0.999987781 0.003013022 -2.112466574 0.007499906 -0.002983595 0.999967337 77.153106689
0.999963641 0.004270576 -0.007377239 1.368432522 -0.004249617 0.999986887 0.002854388 -2.119619846 0.007389333 -0.002822933 0.999968708 77.702217102
0.999963820 0.004048033 -0.007481384 1.371370912 -0.004026020 0.999987543 0.002954856 -2.131570578 0.007493252 -0.002924629 0.999967575 78.237365723
0.999966145 0.005458371 -0.006153545 1.367397785 -0.005441384 0.999981344 0.002773880 -2.156444550 0.006168569 -0.002740302 0.999977231 78.726951599
0.999966264 0.004971561 -0.006536077 1.383921146 -0.004954841 0.999984384 0.002571820 -2.168629646 0.006548760 -0.002539348 0.999975264 79.264709473
0.999972522 0.003802201 -0.006365397 1.388052464 -0.003782504 0.999988019 0.003103505 -2.184762001 0.006377119 -0.003079343 0.999974906 79.812080383
0.999968350 0.002911466 -0.007407476 1.405006766 -0.002889154 0.999991238 0.003021009 -2.199284554 0.007416209 -0.002999513 0.999967992 80.373641968
0.999975562 0.004104559 -0.005663983 1.401892424 -0.004089360 0.999988019 0.002692542 -2.213145256 0.005674967 -0.002669314 0.999980330 80.878227234
0.999977827 0.003922552 -0.005378144 1.416562557 -0.003907533 0.999988377 0.002800341 -2.230816603 0.005389066 -0.002779263 0.999981642 81.450386047
0.999985397 0.003557834 -0.004101771 1.419964790 -0.003547620 0.999990582 0.002494717 -2.239152193 0.004110609 -0.002480128 0.999988496 81.985740662
0.999989390 0.003552085 -0.002937477 1.424532294 -0.003545120 0.999990880 0.002372922 -2.260222673 0.002945879 -0.002362484 0.999992847 82.519668579
0.999995708 0.002925070 0.000180886 1.446356654 -0.002925297 0.999994934 0.001267813 -2.261822939 -0.000177176 -0.001268337 0.999999166 83.085350037
0.999987960 0.003117282 0.003796967 1.463601708 -0.003126915 0.999991894 0.002533877 -2.279861450 -0.003789037 -0.002545720 0.999989569 83.577560425
0.999965727 0.003864331 0.007319791 1.476709962 -0.003883404 0.999989033 0.002593148 -2.300214052 -0.007309690 -0.002621485 0.999969780 84.125061035
0.999929309 0.003872208 0.011244131 1.496192575 -0.003896446 0.999990106 0.002134577 -2.305344820 -0.011235756 -0.002178239 0.999934435 84.677467346
0.999842942 0.003931914 0.017280739 1.520980120 -0.003978558 0.999988556 0.002665619 -2.330583572 -0.017270058 -0.002733953 0.999847114 85.188415527
0.999731839 0.003372443 0.022911051 1.563002467 -0.003424179 0.999991655 0.002219233 -2.340646744 -0.022903381 -0.002297090 0.999735057 85.734741211
0.999578297 0.003712327 0.028803933 1.588106871 -0.003788820 0.999989450 0.002601530 -2.355752707 -0.028793974 -0.002709566 0.999581635 86.290252686
0.999301791 0.004146223 0.037130497 1.637214541 -0.004264504 0.999985993 0.003106927 -2.383708239 -0.037117086 -0.003263101 0.999305606 86.807922363
0.998961926 0.003717079 0.045401644 1.680311918 -0.003827807 0.999989927 0.002352191 -2.394983292 -0.045392442 -0.002523538 0.998966038 87.365760803
0.998619258 0.003184575 0.052435499 1.723764896 -0.003321077 0.999991298 0.002516303 -2.410170555 -0.052427031 -0.002686971 0.998621166 87.892616272
0.998102725 0.003491320 0.061472069 1.773947001 -0.003654403 0.999990225 0.002540748 -2.423309088 -0.061462585 -0.002760572 0.998105526 88.448715210
0.997424483 0.003290311 0.071648665 1.833222389 -0.003484292 0.999990582 0.002582560 -2.443921328 -0.071639493 -0.002825554 0.997426569 88.965087891
0.996784270 0.002862256 0.080080368 1.894768715 -0.003059296 0.999992609 0.002337947 -2.453094959 -0.080073059 -0.002575418 0.996785641 89.511016846
0.996164262 0.002204660 0.087475337 1.963340282 -0.002374619 0.999995410 0.001838927 -2.461019039 -0.087470889 -0.002039594 0.996164978 90.075805664
0.995262742 0.001701542 0.097206689 2.043148994 -0.001865244 0.999997020 0.001593219 -2.467047691 -0.097203672 -0.001766986 0.995262921 90.598045349
0.994210482 0.001372305 0.107441120 2.135070324 -0.001568049 0.999997258 0.001737410 -2.483441830 -0.107438430 -0.001895825 0.994209945 91.123573303
0.993212402 0.000594967 0.116314478 2.221846581 -0.000803290 0.999998152 0.001744165 -2.498680592 -0.116313241 -0.001825760 0.993210912 91.648170471
0.991774917 0.000398110 0.127993003 2.314547539 -0.000624686 0.999998271 0.001730081 -2.510191917 -0.127992079 -0.001795807 0.991773546 92.178482056
0.990078211 0.000826613 0.140514761 2.420786858 -0.001095413 0.999997735 0.001835635 -2.531054258 -0.140512913 -0.001971344 0.990076900 92.711433411
0.988577187 -0.000224356 0.150714561 2.529038429 0.000037690 0.999999225 0.001241396 -2.539743900 -0.150714695 -0.001221535 0.988576531 93.263938904
0.986818373 -0.000359725 0.161831334 2.632469177 0.000094544 0.999998629 0.001646330 -2.559451103 -0.161831707 -0.001609328 0.986817062 93.778182983
0.984709084 -0.001861792 0.174197063 2.748424530 0.001571163 0.999997199 0.001806278 -2.576363564 -0.174199909 -0.001504967 0.984709144 94.310905457
0.982431710 -0.001086932 0.186618969 2.883239746 0.000776510 0.999998152 0.001736492 -2.582791567 -0.186620504 -0.001561074 0.982430816 94.876487732
0.980374455 -0.000902432 0.197142318 2.997013092 0.000601298 0.999998569 0.001587344 -2.598278046 -0.197143450 -0.001437651 0.980373561 95.394607544
0.977715969 -0.000677726 0.209930956 3.137334824 0.000306954 0.999998331 0.001798741 -2.616050005 -0.209931821 -0.001694218 0.977714539 95.930328369
0.974814653 -0.001951247 0.223008022 3.285135269 0.001835176 0.999998033 0.000727712 -2.621039152 -0.223008990 -0.000300126 0.974816322 96.468681335
0.972258210 -0.002484607 0.233896881 3.433893204 0.002177905 0.999996364 0.001569546 -2.636586666 -0.233899921 -0.001016599 0.972260058 96.966857910
0.969534576 -0.002645434 0.244939893 3.596418381 0.002304726 0.999995947 0.001677599 -2.653304815 -0.244943351 -0.001061971 0.969536781 97.484344482
0.965983331 -0.002637019 0.258590937 3.761558533 0.002267405 0.999995947 0.001727564 -2.668033361 -0.258594424 -0.001082467 0.965985298 98.006912231
0.962570667 -0.003055845 0.271013647 3.927309036 0.002640786 0.999994695 0.001896161 -2.685254097 -0.271018058 -0.001109499 0.962573647 98.525161743
0.959282994 -0.004319798 0.282413602 4.105413437 0.003883091 0.999990225 0.002106033 -2.697185278 -0.282419980 -0.000923644 0.959290385 99.021911621
0.955145419 -0.004206132 0.296107352 4.291666031 0.003800844 0.999990880 0.001944345 -2.708630085 -0.296112865 -0.000731673 0.955152631 99.527641296
0.950830102 -0.005011335 0.309672266 4.501388550 0.004756533 0.999987423 0.001577853 -2.718229771 -0.309676260 -0.000027304 0.950842023 100.049629211
0.947036326 -0.005466193 0.321079701 4.703067780 0.005472846 0.999984562 0.000881786 -2.726622581 -0.321079552 0.000922136 0.947051764 100.568229675
0.942401350 -0.004201275 0.334457874 4.900733948 0.003538002 0.999990404 0.002592306 -2.766053200 -0.334465533 -0.001259680 0.942407250 101.019660950
0.937260985 -0.005039171 0.348592162 5.111728668 0.004353628 0.999986768 0.002749972 -2.779327393 -0.348601371 -0.001059801 0.937270463 101.524627686
0.932463706 -0.005362693 0.361224204 5.337408066 0.004903895 0.999985576 0.002186764 -2.790328026 -0.361230791 -0.000267672 0.932476401 102.086181641
0.927892268 -0.005272812 0.372811317 5.563739777 0.004656211 0.999985933 0.002554312 -2.801380873 -0.372819483 -0.000634238 0.927903593 102.593559265
0.922127545 -0.006394739 0.386833191 5.822055817 0.005619615 0.999979317 0.003134699 -2.838962555 -0.386845201 -0.000716739 0.922144294 103.068176270
0.916870654 -0.007363352 0.399116665 6.072269440 0.006648998 0.999972880 0.003174216 -2.846432686 -0.399129152 -0.000256620 0.916894674 103.564521790
0.911742747 -0.007518584 0.410692930 6.309158325 0.006687835 0.999971628 0.003459483 -2.869233370 -0.410707295 -0.000407512 0.911767125 104.039901733
0.906076908 -0.007367907 0.423049092 6.563796997 0.006433175 0.999972701 0.003637296 -2.881554365 -0.423064321 -0.000574121 0.906099498 104.526794434
0.899341226 -0.006593346 0.437197655 6.813072205 0.005350402 0.999977410 0.004074492 -2.904671192 -0.437214553 -0.001325176 0.899356246 105.037345886
0.893578112 -0.007001295 0.448853046 7.081378937 0.005978655 0.999975324 0.003695477 -2.911627293 -0.448867828 -0.000618660 0.893597960 105.515487671
0.887691677 -0.007364053 0.460379481 7.339851379 0.006097367 0.999972343 0.004238389 -2.922462940 -0.460397959 -0.000955280 0.887712121 105.971549988
0.880377829 -0.007806437 0.474208713 7.628787994 0.006513337 0.999969184 0.004369383 -2.941338778 -0.474228233 -0.000758027 0.880401611 106.458763123
0.873281538 -0.008045393 0.487149447 7.909442902 0.006936465 0.999967635 0.004080157 -2.953459740 -0.487166494 -0.000184031 0.873309135 106.915122986
0.867402375 -0.008969057 0.497526526 8.206455231 0.007736481 0.999959767 0.004538561 -2.968454838 -0.497547209 -0.000087654 0.867436886 107.373405457
0.859759152 -0.008668359 0.510626137 8.513992310 0.007600863 0.999962330 0.004177463 -2.973612309 -0.510643184 0.000289588 0.859792590 107.835899353
