1.000000000 0.000000000 0.000000000 0.000000000 0.000000000 1.000000000 0.000000000 0.000000000 0.000000000 0.000000000 1.000000000 0.000000000
1.000000000 0.000020554 -0.000020521 0.000262889 -0.000020553 1.000000000 0.000025181 -0.000912504 0.000020521 -0.000025180 1.000000000 -0.001656793
1.000000000 -0.000049857 -0.000019248 0.001093475 0.000049857 1.000000000 -0.000006385 -0.000486432 0.000019249 0.000006384 1.000000000 -0.002743063
1.000000000 -0.000156826 -0.000114852 0.001796294 0.000156833 1.000000000 0.000059611 -0.001767382 0.000114843 -0.000059629 1.000000000 -0.004194324
1.000000000 -0.000126383 -0.000076678 -0.000292674 0.000126383 1.000000000 -0.000011427 0.000383143 0.000076679 0.000011417 1.000000000 -0.003122746
1.000000000 -0.000132051 -0.000038592 0.000792781 0.000132053 1.000000000 0.000041655 -0.000573102 0.000038586 -0.000041661 1.000000000 -0.001445020
1.000000000 -0.000120214 0.000018533 -0.000102280 0.000120213 1.000000000 0.000022832 -0.000744480 -0.000018536 -0.000022830 1.000000000 -0.004183286
1.000000000 -0.000054969 -0.000038141 0.000054754 0.000054970 1.000000000 0.000010898 0.000618186 0.000038140 -0.000010900 1.000000000 -0.003790627
1.000000000 -0.000070793 -0.000018773 0.000272744 0.000070793 1.000000000 -0.000012180 0.000519145 0.000018774 0.000012178 1.000000000 -0.000500037
1.000000000 -0.000063989 -0.000064695 -0.000255651 0.000063989 1.000000000 -0.000003383 0.001310236 0.000064695 0.000003379 1.000000000 -0.001637289
1.000000000 -0.000179168 -0.000136551 0.000947340 0.000179175 1.000000000 0.000049630 -0.000304726 0.000136542 -0.000049655 1.000000000 -0.002710187
1.000000000 -0.000169690 -0.000097145 0.000029309 0.000169688 1.000000000 -0.000022445 0.000675089 0.000097148 0.000022429 1.000000000 -0.000353044
1.000000000 -0.000168943 -0.000040402 -0.000952546 0.000168944 1.000000000 0.000020622 0.001239461 0.000040398 -0.000020629 1.000000000 -0.000482043
1.000000000 -0.000184003 -0.000046787 0.000268508 0.000184003 1.000000000 0.000008371 0.000124132 0.000046786 -0.000008380 1.000000000 -0.003295957
1.000000000 -0.000113751 -0.000072178 0.001113077 0.000113757 1.000000000 0.000081563 -0.000338260 0.000072168 -0.000081571 1.000000000 -0.003980746
1.000000000 -0.000087008 -0.000023794 0.001710219 0.000087010 1.000000000 0.000097262 -0.001122455 0.000023785 -0.000097264 1.000000000 -0.006866284
1.000000000 -0.000110648 -0.000069484 0.000900638 0.000110649 1.000000000 0.000014836 0.000941234 0.000069482 -0.000014843 1.000000000 -0.002443333
1.000000000 -0.000054686 -0.000072250 0.000817982 0.000054690 1.000000000 0.000057865 -0.000139819 0.000072247 -0.000057869 1.000000000 -0.004338339
0.999999940 -0.000229916 -0.000109701 0.000734689 0.000229923 1.000000000 0.000058043 -0.000409549 0.000109688 -0.000058068 1.000000000 -0.003704631
1.000000000 -0.000216086 -0.000071288 0.000459110 0.000216087 1.000000000 0.000012658 0.000926100 0.000071285 -0.000012673 1.000000000 0.000109318
1.000000000 -0.000175275 -0.000053400 -0.000328403 0.000175277 1.000000000 0.000039172 -0.000659184 0.000053394 -0.000039181 1.000000000 -0.002696221
1.000000000 -0.000083229 -0.000088083 0.002327020 0.000083233 1.000000000 0.000036627 0.000288225 0.000088080 -0.000036634 1.000000000 -0.001336702
1.000000000 -0.000110527 -0.000090976 0.002246859 0.000110533 1.000000000 0.000071454 -0.000889366 0.000090968 -0.000071464 1.000000000 -0.002375832
1.000000000 -0.000176056 -0.000112605 0.001129525 0.000176064 1.000000000 0.000070843 -0.000492313 0.000112593 -0.000070863 1.000000000 -0.004370469
0.999999940 -0.000261442 -0.000181475 0.002607815 0.000261458 0.999999940 0.000085269 -0.000438278 0.000181452 -0.000085317 1.000000000 -0.003854229
0.999999940 -0.000258826 -0.000122972 0.001642363 0.000258833 0.999999940 0.000060080 0.000389785 0.000122956 -0.000060112 1.000000000 -0.003381443
0.999999940 -0.000259558 -0.000140607 0.002612498 0.000259565 0.999999940 0.000053841 -0.000133204 0.000140593 -0.000053877 1.000000000 -0.004222182
0.999999940 -0.000389206 -0.000135044 0.001087634 0.000389216 0.999999940 0.000068430 -0.000645914 0.000135017 -0.000068482 1.000000000 -0.004762734
0.999999940 -0.000199087 -0.000148919 0.001781104 0.000199098 1.000000000 0.000075585 -0.000101767 0.000148904 -0.000075614 1.000000000 -0.002355503
1.000000000 -0.000198915 -0.000111387 0.002557684 0.000198925 1.000000000 0.000094001 -0.001009326 0.000111368 -0.000094023 1.000000000 -0.004300557
0.999999940 -0.000279697 -0.000144441 0.000480163 0.000279705 0.999999940 0.000052631 0.000781261 0.000144426 -0.000052672 1.000000000 -0.001387399
0.999999940 -0.000297336 -0.000141370 0.000273507 0.000297350 0.999999940 0.000097229 0.000477627 0.000141341 -0.000097271 1.000000000 -0.002981051
1.000000000 -0.000175867 -0.000132888 0.001246972 0.000175867 1.000000000 -0.000003349 0.000415028 0.000132888 0.000003326 1.000000000 -0.001918078
0.999999940 -0.000297699 -0.000146471 0.001913257 0.000297704 0.999999940 0.000036414 -0.000032622 0.000146460 -0.000036458 1.000000000 -0.001992574
0.999999940 -0.000317599 -0.000115742 0.000862083 0.000317611 0.999999940 0.000096514 -0.000717168 0.000115711 -0.000096551 1.000000000 -0.005422384
0.999999940 -0.000288626 -0.000166341 0.002716850 0.000288629 0.999999940 0.000018130 0.000346072 0.000166335 -0.000018178 1.000000000 -0.003103308
1.000000000 -0.000178748 -0.000112538 0.002515499 0.000178758 1.000000000 0.000086134 -0.000252288 0.000112522 -0.000086155 1.000000000 -0.006457205
0.999999940 -0.000330987 -0.000130296 0.000484872 0.000330994 0.999999940 0.000049901 0.000189245 0.000130280 -0.000049944 1.000000000 -0.004311660
0.999999940 -0.000252197 -0.000150409 0.001021949 0.000252216 0.999999940 0.000120311 0.000056761 0.000150378 -0.000120349 1.000000000 -0.003492277
0.999999940 -0.000252319 -0.000155855 0.002344853 0.000252323 0.999999940 0.000029021 -0.000776427 0.000155848 -0.000029061 1.000000000 0.001099344
1.000000000 -0.000218558 -0.000098260 0.001382544 0.000218504 0.999999821 -0.000547853 -0.000622147 0.000098380 0.000547831 0.999999821 0.048820015
1.000000000 -0.000079875 -0.000142497 0.001850548 0.000079716 0.999999344 -0.001116461 -0.003556058 0.000142586 0.001116450 0.999999344 0.140613735
1.000000000 -0.000198328 -0.000118095 0.004875204 0.000198157 0.999998927 -0.001440907 -0.007048040 0.000118381 0.001440884 0.999998927 0.255063802
1.000000000 -0.000165156 -0.000048095 0.005799266 0.000165087 0.999998987 -0.001431005 -0.012216338 0.000048331 0.001430997 0.999998987 0.389571249
1.000000000 -0.000069115 -0.000167007 0.010570378 0.000068924 0.999999344 -0.001138282 -0.018930059 0.000167085 0.001138270 0.999999344 0.524873972
1.000000000 -0.000214610 -0.000091225 0.012600913 0.000214517 0.999999464 -0.001027142 -0.022276156 0.000091446 0.001027122 0.999999464 0.684817731
1.000000000 -0.000159116 -0.000116021 0.019750843 0.000159007 0.999999523 -0.000936326 -0.025297616 0.000116170 0.000936307 0.999999583 0.845678031
0.999999940 0.000246481 0.000074062 0.017215235 -0.000246421 0.999999642 -0.000805497 -0.025142809 -0.000074260 0.000805479 0.999999702 1.022545218
1.000000000 0.000003276 -0.000141240 0.027147360 -0.000003358 0.999999821 -0.000581802 -0.036740702 0.000141238 0.000581802 0.999999821 1.183016419
1.000000000 0.000065307 0.000028624 0.027655164 -0.000065295 0.999999881 -0.000420193 -0.039098565 -0.000028651 0.000420191 0.999999940 1.375128984
1.000000000 -0.000065421 -0.000143594 0.037552726 0.000065378 0.999999940 -0.000296898 -0.048086401 0.000143613 0.000296888 0.999999940 1.566960931
0.999999940 0.000088806 0.000266345 0.032829721 -0.000088722 0.999999940 -0.000315151 -0.054963153 -0.000266373 0.000315128 0.999999940 1.786642075
0.999999881 -0.000425280 0.000027245 0.044361427 0.000425276 0.999999881 0.000132280 -0.058703125 -0.000027302 -0.000132268 1.000000000 1.975387096
0.999999881 0.000310909 0.000409400 0.036869828 -0.000310936 0.999999940 0.000066415 -0.069720343 -0.000409379 -0.000066543 0.999999940 2.186875105
1.000000000 0.000136233 0.000165275 0.046043828 -0.000136280 0.999999940 0.000282872 -0.075796813 -0.000165236 -0.000282895 0.999999940 2.404671669
1.000000000 -0.000189967 -0.000005010 0.062846377 0.000189969 0.999999881 0.000397688 -0.087255225 0.000004935 -0.000397689 0.999999940 2.600721836
0.999998868 -0.001270841 -0.000773482 0.090987712 0.001271982 0.999998033 0.001476900 -0.117413305 0.000771604 -0.001477882 0.999998569 2.840682268
0.999999464 -0.000916861 -0.000511292 0.094708905 0.000917629 0.999998450 0.001504163 -0.122488767 0.000509913 -0.001504632 0.999998748 3.074290037
0.999998987 -0.001269993 -0.000517540 0.102024391 0.001270934 0.999997497 0.001822037 -0.130125865 0.000515224 -0.001822693 0.999998152 3.317278862
0.999999642 -0.000899069 -0.000193955 0.102086142 0.000899397 0.999998212 0.001695891 -0.139763206 0.000192430 -0.001696065 0.999998510 3.561071157
0.999998808 -0.001351305 -0.000763121 0.109034866 0.001352594 0.999997675 0.001691934 -0.146362543 0.000760833 -0.001692964 0.999998271 3.806735754
0.999998987 -0.001204063 -0.000784383 0.117678978 0.001205376 0.999997795 0.001675537 -0.152383223 0.000782363 -0.001676481 0.999998271 4.066423416
0.999999642 -0.000828010 -0.000250020 0.115726374 0.000828499 0.999997675 0.001959757 -0.161627799 0.000248397 -0.001959964 0.999998033 4.319058895
0.999998629 -0.001523481 -0.000592989 0.129312888 0.001524804 0.999996364 0.002236455 -0.169640571 0.000589579 -0.002237355 0.999997377 4.566012859
0.999998391 -0.001720598 -0.000358280 0.135979012 0.001721538 0.999995053 0.002642010 -0.181803450 0.000353733 -0.002642623 0.999996424 4.814531803
0.999998391 -0.001754905 -0.000396596 0.136260062 0.001755992 0.999994636 0.002755643 -0.191278592 0.000391758 -0.002756335 0.999996066 5.092866898
0.999996781 -0.002452777 -0.000639319 0.140662074 0.002454452 0.999993503 0.002631081 -0.195262894 0.000632861 -0.002632641 0.999996364 5.323990822
0.999997497 -0.002146795 -0.000607364 0.147071600 0.002148448 0.999993920 0.002735649 -0.203428179 0.000601487 -0.002736947 0.999996066 5.593412399
0.999997616 -0.002102684 -0.000647031 0.152608201 0.002104451 0.999993980 0.002741056 -0.210652560 0.000641264 -0.002742411 0.999996006 5.864401340
0.999996483 -0.002557862 -0.000732405 0.157489687 0.002560009 0.999992371 0.002946104 -0.223367482 0.000724864 -0.002947969 0.999995410 6.139425278
0.999998331 -0.001797213 -0.000274022 0.160036802 0.001798039 0.999993742 0.003043501 -0.229442313 0.000268551 -0.003043989 0.999995351 6.425374985
0.999998152 -0.001875204 -0.000426447 0.168110594 0.001876456 0.999993861 0.002952404 -0.242416471 0.000420908 -0.002953199 0.999995530 6.670625687
0.999998450 -0.001720323 -0.000444051 0.175373688 0.001721693 0.999993622 0.003103850 -0.251357138 0.000438708 -0.003104609 0.999995053 6.966950893
0.999997795 -0.002027420 -0.000596069 0.184884205 0.002029293 0.999992967 0.003157660 -0.263121724 0.000589663 -0.003158863 0.999994814 7.249288559
0.999999285 -0.001255006 -0.000032808 0.183776557 0.001255099 0.999994695 0.003006264 -0.270477176 0.000029035 -0.003006303 0.999995470 7.571359634
0.999997020 -0.002421100 -0.000406781 0.199272573 0.002422391 0.999991894 0.003205884 -0.285826385 0.000399016 -0.003206860 0.999994814 7.895590305
0.999998033 -0.001960647 -0.000293406 0.200511664 0.001961605 0.999992609 0.003299501 -0.283261150 0.000286934 -0.003300070 0.999994516 8.199177742
0.999996960 -0.002415706 -0.000472186 0.205642760 0.002417240 0.999991715 0.003275815 -0.297636747 0.000464269 -0.003276947 0.999994516 8.490373611
0.999998152 -0.001884514 -0.000289082 0.210061476 0.001885473 0.999992669 0.003353006 -0.302645117 0.000282761 -0.003353544 0.999994338 8.830025673
0.999998689 -0.001617455 -0.000018743 0.212242961 0.001617510 0.999992907 0.003385298 -0.313674986 0.000013267 -0.003385324 0.999994338 9.162853241
0.999998748 -0.001572664 -0.000119360 0.222149149 0.001573065 0.999992847 0.003437313 -0.326194853 0.000113954 -0.003437496 0.999994099 9.504848480
0.999999344 -0.001096091 0.000131613 0.231064454 0.001095639 0.999993682 0.003386870 -0.327012002 -0.000135325 -0.003386723 0.999994278 9.864325523
0.999996960 -0.002447168 -0.000252940 0.240480408 0.002448101 0.999989927 0.003756373 -0.356780171 0.000243745 -0.003756981 0.999992847 10.162667274
0.999997377 -0.002297399 -0.000093641 0.248062417 0.002297750 0.999989569 0.003929574 -0.367682606 0.000084612 -0.003929778 0.999992311 10.524333954
0.999996901 -0.002477398 -0.000175271 0.252783716 0.002478061 0.999989390 0.003891332 -0.373628110 0.000165628 -0.003891754 0.999992430 10.892342567
0.999996841 -0.002506474 -0.000266872 0.262949944 0.002507469 0.999989688 0.003793773 -0.386713654 0.000257360 -0.003794430 0.999992788 11.241324425
0.999998271 -0.001863829 -0.000215781 0.269713521 0.001864624 0.999991298 0.003740430 -0.392884254 0.000208808 -0.003740826 0.999993026 11.622702599
0.999997437 -0.002270821 -0.000246644 0.279494613 0.002271801 0.999989271 0.004046141 -0.409171045 0.000237453 -0.004046691 0.999991775 12.002552032
0.999996424 -0.002651837 -0.000135081 0.287009209 0.002652366 0.999988139 0.004078591 -0.418549508 0.000124264 -0.004078935 0.999991655 12.369351387
0.999996305 -0.002725404 -0.000088397 0.291108698 0.002725750 0.999987483 0.004183472 -0.427114516 0.000076994 -0.004183698 0.999991238 12.773324966
0.999995589 -0.002920880 -0.000498858 0.309130162 0.002922966 0.999986708 0.004234465 -0.441299379 0.000486483 -0.004235905 0.999990940 13.155119896
0.999995768 -0.002914198 -0.000083828 0.316475689 0.002914531 0.999986529 0.004285167 -0.449864388 0.000071339 -0.004285392 0.999990821 13.568001747
0.999997735 -0.002063716 0.000304809 0.321305752 0.002062311 0.999987602 0.004538591 -0.468096048 -0.000314172 -0.004537953 0.999989629 13.942175865
0.999997139 -0.002364691 0.000107680 0.335717946 0.002364204 0.999987960 0.004315141 -0.479099870 -0.000117883 -0.004314874 0.999990702 14.365337372
0.999995470 -0.002945405 0.000524328 0.345462888 0.002942963 0.999985099 0.004598961 -0.488827765 -0.000537866 -0.004597398 0.999989212 14.791248322
0.999996245 -0.002666122 0.000644092 0.351463228 0.002662994 0.999984920 0.004808851 -0.505295634 -0.000656903 -0.004807118 0.999988198 15.222780228
0.999996245 -0.002496937 0.001105798 0.362231284 0.002491458 0.999984741 0.004928193 -0.514583588 -0.001118087 -0.004925419 0.999987245 15.634147644
0.999996543 -0.002160246 0.001504815 0.373104960 0.002152471 0.999984443 0.005149416 -0.526859164 -0.001515915 -0.005146158 0.999985576 16.081441879
0.999995530 -0.002573581 0.001532710 0.387845486 0.002565606 0.999983311 0.005182329 -0.542313099 -0.001546021 -0.005178373 0.999985397 16.516992569
0.999994814 -0.002758605 0.001650691 0.389592797 0.002750127 0.999983191 0.005116563 -0.552365959 -0.001664778 -0.005111997 0.999985516 16.964712143
0.999994338 -0.002762729 0.001919445 0.400749028 0.002752418 0.999981821 0.005354288 -0.563235044 -0.001934203 -0.005348974 0.999983847 17.382202148
0.999993443 -0.002673839 0.002459910 0.412580281 0.002660979 0.999982893 0.005216532 -0.573719323 -0.002473816 -0.005209952 0.999983370 17.843210220
0.999992669 -0.002929942 0.002471348 0.426097423 0.002916902 0.999981880 0.005263569 -0.584035933 -0.002486725 -0.005256321 0.999983132 18.319690704
0.999992728 -0.003117137 0.002198933 0.444532126 0.003105777 0.999981880 0.005150513 -0.595616877 -0.002214948 -0.005143645 0.999984384 18.790338516
0.999992907 -0.002620700 0.002708027 0.433156461 0.002605221 0.999980330 0.005703737 -0.619795740 -0.002722921 -0.005696641 0.999980092 19.221237183
0.999993503 -0.002219340 0.002869459 0.443353057 0.002202498 0.999980509 0.005859389 -0.631684661 -0.002882407 -0.005853029 0.999978721 19.700839996
0.999992669 -0.002658765 0.002751377 0.460782558 0.002642963 0.999980032 0.005731146 -0.644020855 -0.002766560 -0.005723832 0.999979794 20.179203033
0.999993086 -0.003185655 0.001940411 0.474184871 0.003174209 0.999977708 0.005873671 -0.657661378 -0.001959079 -0.005867471 0.999980867 20.677299500
0.999993682 -0.003360148 0.001139282 0.484465629 0.003353040 0.999975204 0.006184838 -0.689982295 -0.001160035 -0.006180979 0.999980211 21.132947922
0.999994218 -0.003344676 0.000554254 0.495723367 0.003341216 0.999975622 0.006131078 -0.705273330 -0.000574747 -0.006129191 0.999981046 21.650943756
0.999996603 -0.002542616 0.000588501 0.503075182 0.002539026 0.999978662 0.006022958 -0.712131858 -0.000603803 -0.006021442 0.999981642 22.154201508
0.999994397 -0.003338929 0.000052024 0.515605271 0.003338541 0.999975145 0.006212228 -0.728571594 -0.000072765 -0.006212020 0.999980688 22.662263870
0.999991059 -0.004181743 -0.000650421 0.520803511 0.004186121 0.999967575 0.006882354 -0.752047181 0.000621620 -0.006885015 0.999976099 23.086326599
0.999982655 -0.005697314 -0.001517092 0.531739175 0.005707757 0.999959469 0.006971095 -0.765573978 0.001477313 -0.006979632 0.999974549 23.611837387
0.999986172 -0.004866473 -0.001987595 0.542396188 0.004879418 0.999966562 0.006560537 -0.765905917 0.001955602 -0.006570145 0.999976516 24.137374878
0.999988317 -0.004275246 -0.002260585 0.546926081 0.004291153 0.999965727 0.007079255 -0.785869658 0.002230242 -0.007088874 0.999972403 24.623373032
0.999987006 -0.003986810 -0.003172958 0.550847173 0.004010119 0.999964833 0.007374024 -0.794783294 0.003143447 -0.007386652 0.999967754 25.163614273
0.999988914 -0.003600037 -0.003075965 0.558040559 0.003620552 0.999971092 0.006689903 -0.804153442 0.003051792 -0.006700964 0.999972880 25.718191147
0.999982357 -0.004601255 -0.003737690 0.568397284 0.004628687 0.999962151 0.007364245 -0.817993522 0.003703664 -0.007381416 0.999965906 26.162059784
0.999978065 -0.005111347 -0.004216562 0.586163044 0.005143357 0.999957740 0.007615813 -0.836939096 0.004177457 -0.007637332 0.999962151 26.714761734
0.999981999 -0.004009377 -0.004453826 0.595480382 0.004043185 0.999962866 0.007608074 -0.851710498 0.004423157 -0.007625945 0.999961138 27.231657028
0.999981403 -0.003748453 -0.004815205 0.599884033 0.003783489 0.999966264 0.007287547 -0.854076564 0.004787726 -0.007305630 0.999961913 27.744894028
0.999978483 -0.003838117 -0.005343687 0.603292942 0.003879089 0.999962986 0.007678187 -0.877022028 0.005314020 -0.007698749 0.999956191 28.218782425
0.999976516 -0.003612820 -0.005828079 0.612036288 0.003658345 0.999962807 0.007819621 -0.890987635 0.005799612 -0.007840759 0.999952435 28.765235901
0.999975622 -0.003319416 -0.006152258 0.616545141 0.003367267 0.999964058 0.007783732 -0.902466416 0.006126200 -0.007804259 0.999950767 29.314908981
0.999972284 -0.003814662 -0.006387044 0.632847667 0.003860689 0.999966562 0.007209586 -0.908150554 0.006359328 -0.007234046 0.999953628 29.850271225
0.999973893 -0.003564413 -0.006286209 0.629077792 0.003614809 0.999961257 0.008023938 -0.929271102 0.006257365 -0.008046452 0.999948025 30.298763275
0.999969304 -0.003723916 -0.006889951 0.647128999 0.003779348 0.999960423 0.008049979 -0.947332263 0.006859702 -0.008075772 0.999943852 30.833320618
0.999966323 -0.003816569 -0.007267249 0.663369358 0.003875877 0.999959171 0.008164471 -0.969758332 0.007235792 -0.008192361 0.999940276 31.351726532
0.999969125 -0.003551038 -0.007006354 0.662576437 0.003607671 0.999960780 0.008086954 -0.975254655 0.006977363 -0.008111982 0.999942780 31.847734451
0.999966085 -0.003465384 -0.007463153 0.667080104 0.003525895 0.999960899 0.008110126 -0.987835288 0.007434756 -0.008136167 0.999939263 32.394588470
0.999969304 -0.003085919 -0.007188246 0.666524827 0.003140120 0.999966562 0.007541179 -0.989866734 0.007164734 -0.007563521 0.999945819 32.943992615
0.999958396 -0.004193353 -0.008102025 0.683920741 0.004262568 0.999954402 0.008544595 -1.024136305 0.008065825 -0.008578775 0.999930680 33.438739777
0.999955773 -0.004440220 -0.008302943 0.694769144 0.004511476 0.999952912 0.008583032 -1.036166668 0.008264444 -0.008620108 0.999928653 33.968139648
0.999952972 -0.004373179 -0.008647975 0.712001801 0.004445473 0.999955118 0.008358142 -1.046290755 0.008611036 -0.008396195 0.999927700 34.512981415
0.999951959 -0.004796814 -0.008540206 0.715125203 0.004867088 0.999954283 0.008226908 -1.052479744 0.008500352 -0.008268077 0.999929726 35.070404053
0.999956071 -0.004426186 -0.008262356 0.697381854 0.004497812 0.999952316 0.008670559 -1.074357986 0.008223585 -0.008707342 0.999928236 35.479476929
0.999951065 -0.004714464 -0.008700692 0.706283391 0.004791004 0.999949872 0.008797249 -1.082582712 0.008658781 -0.008838504 0.999923468 36.025573730
0.999950647 -0.004603312 -0.008808647 0.710753441 0.004681690 0.999949515 0.008897904 -1.099696994 0.008767243 -0.008938705 0.999921560 36.577785492
0.999954104 -0.004304230 -0.008554797 0.711064577 0.004377699 0.999953568 0.008588003 -1.104721665 0.008517433 -0.008625059 0.999926567 37.102603912
0.999950409 -0.004427087 -0.008918370 0.716643691 0.004507588 0.999949098 0.009026474 -1.123319626 0.008877956 -0.009066227 0.999919474 37.635913849
0.999947608 -0.004833840 -0.009021765 0.718584061 0.004920471 0.999941766 0.009605057 -1.151764154 0.008974811 -0.009648946 0.999913096 38.110080719
0.999944687 -0.004631836 -0.009439023 0.733320355 0.004722401 0.999942839 0.009595107 -1.166144133 0.009394040 -0.009639152 0.999909341 38.643386841
0.999943137 -0.004957576 -0.009439113 0.746003628 0.005055210 0.999933660 0.010347896 -1.190740585 0.009387186 -0.010395027 0.999901831 39.185390472
0.999935448 -0.005732822 -0.009804928 0.747666955 0.005834460 0.999929190 0.010369126 -1.203335762 0.009744789 -0.010425665 0.999898076 39.747211456
0.999944985 -0.004452736 -0.009489620 0.743463576 0.004546304 0.999940991 0.009861534 -1.190916896 0.009445150 -0.009904135 0.999906361 40.258827209
0.999939203 -0.005129629 -0.009763614 0.756368518 0.005228018 0.999935508 0.010078426 -1.202172399 0.009711287 -0.010128856 0.999901474 40.798984528
0.999943852 -0.004565646 -0.009560998 0.761771798 0.004663716 0.999936461 0.010260228 -1.246390224 0.009513549 -0.010304241 0.999901593 41.287216187
0.999938130 -0.005021361 -0.009927136 0.773623943 0.005126343 0.999930859 0.010578259 -1.257626295 0.009873334 -0.010628495 0.999894738 41.831439972
0.999935508 -0.005261665 -0.010065990 0.781190515 0.005366823 0.999930918 0.010448530 -1.271860361 0.010010319 -0.010501880 0.999894738 42.379642487
0.999931693 -0.005686973 -0.010212972 0.789369106 0.005795691 0.999926507 0.010647249 -1.280206919 0.010151670 -0.010705713 0.999891162 42.929130554
0.999945700 -0.004484653 -0.009408165 0.777752340 0.004582356 0.999935508 0.010389085 -1.293600440 0.009360964 -0.010431633 0.999901772 43.377815247
0.999951005 -0.003692741 -0.009189310 0.782767534 0.003786657 0.999940515 0.010223756 -1.307150126 0.009151009 -0.010258049 0.999905467 43.929737091
0.999942780 -0.004412946 -0.009751920 0.801109195 0.004513606 0.999936521 0.010324288 -1.312338233 0.009705739 -0.010367713 0.999899149 44.462108612
0.999943435 -0.004624950 -0.009569972 0.794390440 0.004725161 0.999934077 0.010475497 -1.327947855 0.009520891 -0.010520126 0.999899328 44.964164734
0.999943376 -0.004314105 -0.009725371 0.805133879 0.004415186 0.999936223 0.010396195 -1.336865425 0.009679901 -0.010438545 0.999898672 45.515834808
0.999944746 -0.004221229 -0.009622322 0.807838678 0.004322657 0.999935091 0.010544589 -1.349626660 0.009577188 -0.010585600 0.999898076 46.077594757
0.999948382 -0.004026020 -0.009329113 0.807108104 0.004119618 0.999941170 0.010035452 -1.348034859 0.009288163 -0.010073368 0.999906123 46.576320648
0.999941349 -0.004638981 -0.009788987 0.830251276 0.004747763 0.999927044 0.011118968 -1.378517866 0.009736691 -0.011164792 0.999890268 47.028865814
0.999939978 -0.004758209 -0.009870744 0.841784120 0.004866506 0.999927938 0.010976668 -1.389215231 0.009817802 -0.011024044 0.999891043 47.575897217
0.999943852 -0.004353255 -0.009659607 0.849147558 0.004459330 0.999929726 0.010987199 -1.396393180 0.009611096 -0.011029656 0.999893010 48.120269775
0.999947846 -0.003931121 -0.009428146 0.844385028 0.004031974 0.999934554 0.010701944 -1.404710293 0.009385459 -0.010739397 0.999898314 48.644950867
0.999938488 -0.004884874 -0.009960638 0.849517584 0.004997286 0.999923766 0.011292106 -1.427692533 0.009904719 -0.011341189 0.999886572 49.086986542
0.999943793 -0.004442005 -0.009632006 0.848950624 0.004550784 0.999925852 0.011301139 -1.435704708 0.009581091 -0.011344337 0.999889731 49.635498047
0.999937832 -0.004680844 -0.010120790 0.865688920 0.004795167 0.999924660 0.011301236 -1.443571091 0.010067128 -0.011349064 0.999884903 50.144393921
0.999930620 -0.005058000 -0.010634635 0.874157667 0.005174268 0.999926805 0.010933989 -1.456617475 0.010578552 -0.010988256 0.999883652 50.690052032
0.999937892 -0.004314067 -0.010278432 0.876358509 0.004426218 0.999930620 0.010913614 -1.461354613 0.010230636 -0.010958430 0.999887645 51.228435516
0.999941230 -0.004262141 -0.009964224 0.876537383 0.004372648 0.999928892 0.011095065 -1.468775988 0.009916229 -0.011137985 0.999888718 51.720680237
0.999942541 -0.004153617 -0.009885579 0.884042621 0.004262001 0.999930799 0.010968072 -1.480213761 0.009839338 -0.011009576 0.999890983 52.266830444
0.999933600 -0.004868354 -0.010446862 0.897669256 0.004982933 0.999927521 0.010970020 -1.491635799 0.010392698 -0.011021350 0.999885201 52.796226501
0.999936044 -0.004637334 -0.010309218 0.904678762 0.004750382 0.999928534 0.010968454 -1.503191471 0.010257619 -0.011016728 0.999886632 53.266891479
0.999933541 -0.004731210 -0.010509434 0.909407377 0.004844984 0.999929667 0.010826943 -1.510191321 0.010457470 -0.010877143 0.999886096 53.814331055
0.999933362 -0.004573974 -0.010597864 0.925743699 0.004690311 0.999928713 0.010978677 -1.516053915 0.010546893 -0.011027654 0.999883533 54.347358704
0.999938607 -0.003912373 -0.010364267 0.934292376 0.004019439 0.999938548 0.010329726 -1.520844817 0.010323216 -0.010370752 0.999892890 54.890197754
0.999935091 -0.004678945 -0.010380902 0.943792403 0.004795994 0.999924898 0.011279413 -1.544227004 0.010327348 -0.011328467 0.999882519 55.319171906
0.999933183 -0.004980478 -0.010432734 0.953276813 0.005094659 0.999927163 0.010946746 -1.553638220 0.010377453 -0.010999164 0.999885738 55.858783722
0.999930382 -0.005203243 -0.010585030 0.959382296 0.005316728 0.999928415 0.010721636 -1.560970306 0.010528484 -0.010777167 0.999886513 56.393470764
0.999929786 -0.004975867 -0.010750262 0.970604658 0.005093941 0.999926746 0.010984066 -1.569723845 0.010694820 -0.011038055 0.999881983 56.928604126
0.999934793 -0.004786481 -0.010369224 0.971375823 0.004904122 0.999923587 0.011349633 -1.580831528 0.010314106 -0.011399747 0.999881804 57.388263702
0.999939620 -0.004464814 -0.010042047 0.975313723 0.004579328 0.999924421 0.011409525 -1.589480639 0.009990348 -0.011454822 0.999884486 57.938064575
0.999940395 -0.004513709 -0.009940529 0.976024508 0.004624429 0.999927223 0.011143459 -1.592065811 0.009889508 -0.011188764 0.999888480 58.478614807
0.999939620 -0.004611122 -0.009973140 0.988220692 0.004719247 0.999930084 0.010845409 -1.604950905 0.009922433 -0.010891819 0.999891460 59.022228241
0.999934793 -0.004549691 -0.010473493 1.021427155 0.004671309 0.999921620 0.011616892 -1.621591330 0.010419818 -0.011665059 0.999877691 59.429138184
0.999934375 -0.004524932 -0.010526784 1.030663729 0.004645923 0.999923050 0.011497681 -1.633296490 0.010473948 -0.011545833 0.999878466 59.961635590
0.999935210 -0.004480354 -0.010459011 1.039364338 0.004599794 0.999924242 0.011423827 -1.645036459 0.010407034 -0.011471197 0.999880075 60.509773254
0.999938786 -0.003944823 -0.010337126 1.050245523 0.004064254 0.999924958 0.011558142 -1.647024989 0.010290754 -0.011599449 0.999879777 61.007404327
0.999934375 -0.004601950 -0.010489075 1.024156094 0.004721149 0.999924183 0.011367809 -1.672253847 0.010435969 -0.011416584 0.999880373 61.606647491
0.999935806 -0.004375104 -0.010453003 1.021192312 0.004498099 0.999920547 0.011771992 -1.683180332 0.010400669 -0.011818253 0.999876082 62.139049530
0.999932468 -0.004290735 -0.010802622 1.025521040 0.004414260 0.999924839 0.011436934 -1.696003795 0.010752737 -0.011483846 0.999876320 62.683452606
0.999936044 -0.003823789 -0.010643833 1.028090239 0.003942623 0.999929786 0.011166042 -1.697751641 0.010600390 -0.011207291 0.999881029 63.209281921
0.999942303 -0.003869019 -0.010015144 1.030348778 0.003982315 0.999927938 0.011317399 -1.712137222 0.009970633 -0.011356631 0.999885798 63.699501038
0.999943733 -0.004014938 -0.009813037 1.032941937 0.004128226 0.999924719 0.011551831 -1.720368743 0.009765919 -0.011591692 0.999885082 64.254173279
0.999950171 -0.003201692 -0.009447966 1.031973839 0.003306643 0.999932766 0.011113723 -1.728842974 0.009411750 -0.011144411 0.999893606 64.791221619
0.999938250 -0.004366926 -0.010215132 1.038482189 0.004481182 0.999927342 0.011189029 -1.740080953 0.010165529 -0.011234114 0.999885201 65.299354553
0.999942899 -0.003279650 -0.010168748 1.062131405 0.003394155 0.999930739 0.011263732 -1.752221584 0.010131103 -0.011297606 0.999884844 65.755233765
0.999947309 -0.002970553 -0.009825615 1.066638470 0.003080852 0.999932170 0.011229701 -1.760872960 0.009791590 -0.011259382 0.999888659 66.302108765
0.999949574 -0.002839104 -0.009636533 1.058265924 0.002947923 0.999931812 0.011296918 -1.765203476 0.009603804 -0.011324755 0.999889791 66.877403259
0.999946296 -0.002813705 -0.009977783 1.077976942 0.002925928 0.999932408 0.011250510 -1.781631947 0.009945453 -0.011279100 0.999886930 67.349639893
0.999944866 -0.003308251 -0.009964165 1.074363470 0.003424352 0.999926209 0.011657426 -1.795318127 0.009924864 -0.011690905 0.999882340 67.830131531
0.999944866 -0.003155184 -0.010018112 1.076989651 0.003270893 0.999927938 0.011554667 -1.801355124 0.009980933 -0.011586797 0.999883056 68.386833191
0.999942660 -0.003730855 -0.010041846 1.086863756 0.003847731 0.999924839 0.011644851 -1.813770175 0.009997644 -0.011682822 0.999881685 68.911071777
0.999939501 -0.003866968 -0.010298934 1.098532081 0.003988392 0.999922514 0.011795580 -1.830831289 0.010252522 -0.011835943 0.999877393 69.443565369
0.999936640 -0.004232830 -0.010438665 1.100830078 0.004355900 0.999920964 0.011795308 -1.841576695 0.010387912 -0.011840028 0.999875963 70.004905701
0.999945223 -0.003791509 -0.009754633 1.089716077 0.003905485 0.999924004 0.011691909 -1.846636772 0.009709560 -0.011729365 0.999884009 70.401313782
0.999937415 -0.004157657 -0.010389018 1.100337267 0.004276621 0.999925315 0.011455136 -1.848949075 0.010340615 -0.011498850 0.999880433 70.947593689
0.999943972 -0.003745889 -0.009898335 1.099849939 0.003861759 0.999923944 0.011712956 -1.859984636 0.009853705 -0.011750526 0.999882400 71.498245239
0.999942124 -0.004124953 -0.009938623 1.102117538 0.004239934 0.999924004 0.011575997 -1.867604971 0.009890118 -0.011617466 0.999883592 71.988716125
0.999959052 -0.002301982 -0.008743744 1.083089113 0.002402228 0.999931395 0.011471680 -1.875688434 0.008716737 -0.011492216 0.999895990 72.536254883
0.999949217 -0.003142348 -0.009569931 1.139222026 0.003256431 0.999923527 0.011928773 -1.904478192 0.009531714 -0.011959330 0.999883056 72.974227905
0.999953091 -0.002815286 -0.009265652 1.141335249 0.002924121 0.999926567 0.011753557 -1.909266233 0.009231884 -0.011780098 0.999888003 73.518074036
0.999953866 -0.002178331 -0.009350629 1.142518997 0.002286060 0.999930978 0.011525881 -1.913608551 0.009324876 -0.011546724 0.999889851 74.073822021
0.999947786 -0.003083181 -0.009739869 1.155894279 0.003201134 0.999921381 0.012118022 -1.937702656 0.009701743 -0.012148568 0.999879122 74.585937500
0.999945104 -0.003555200 -0.009865647 1.157939434 0.003673570 0.999921083 0.012006098 -1.937472105 0.009822187 -0.012041678 0.999879301 75.135307312
0.999953985 -0.002812678 -0.009183592 1.171505213 0.002921454 0.999925494 0.011852716 -1.959443450 0.009149572 -0.011879002 0.999887526 75.591987610
0.999958277 -0.002519769 -0.008783448 1.176181555 0.002625972 0.999923348 0.012100736 -1.965925455 0.008752285 -0.012123296 0.999888122 76.132064819
0.999949932 -0.003243486 -0.009463578 1.180469155 0.003357484 0.999921620 0.012055040 -1.978747010 0.009423737 -0.012086212 0.999882579 76.667228699
0.999955237 -0.002320997 -0.009168400 1.182713270 0.002431327 0.999924541 0.012040946 -1.986815572 0.009139762 -0.012062699 0.999885499 77.248527527
0.999953508 -0.003184751 -0.009093012 1.196662664 0.003289993 0.999927521 0.011582561 -1.991041183 0.009055466 -0.011611937 0.999891579 77.746170044
0.999967098 -0.002731934 -0.007629819 1.199851751 0.002821681 0.999926686 0.011776756 -1.999074459 0.007597086 -0.011797897 0.999901533 78.294639587
0.999974668 -0.003135524 -0.006380407 1.208680749 0.003210297 0.999925911 0.011742974 -2.010790110 0.006343113 -0.011763162 0.999910712 78.783561707
0.999981701 -0.003495938 -0.004929699 1.224300385 0.003552909 0.999926448 0.011595551 -2.015887499 0.004888799 -0.011612856 0.999920607 79.325271606
0.999993920 -0.003202579 -0.001391664 1.239077568 0.003218375 0.999928713 0.011500152 -2.026987553 0.001354734 -0.011504560 0.999932885 79.870132446
0.999991059 -0.003656986 0.002130331 1.259165287 0.003631560 0.999923587 0.011818859 -2.036545515 -0.002173390 -0.011811017 0.999927819 80.417137146
0.999981225 -0.003170786 0.005249753 1.265920877 0.003110419 0.999929368 0.011467504 -2.040973663 -0.005285742 -0.011450960 0.999920428 80.977668762
0.999945164 -0.003365707 0.009915127 1.293279171 0.003246619 0.999922812 0.012002406 -2.063376904 -0.009954756 -0.011969559 0.999878824 81.487258911
0.999863207 -0.003168982 0.016233796 1.318212271 0.002974601 0.999923706 0.011984050 -2.070009947 -0.016270535 -0.011934123 0.999796391 82.018753052
0.999757707 -0.003360706 0.021754267 1.346905231 0.003105104 0.999925852 0.011772630 -2.080211639 -0.021792214 -0.011702227 0.999694049 82.568603516
0.999624670 -0.003606199 0.027156569 1.387316227 0.003274495 0.999919593 0.012249107 -2.095553875 -0.027198559 -0.012155586 0.999556124 83.086585999
0.999379635 -0.003419332 0.035053372 1.423265934 0.003000032 0.999923408 0.012007392 -2.098172426 -0.035091743 -0.011894781 0.999313295 83.649047852
0.999071181 -0.004010409 0.042902950 1.469950199 0.003499624 0.999922156 0.011974082 -2.111634731 -0.042947635 -0.011812818 0.999007463 84.176368713
0.998750389 -0.004159970 0.049801074 1.512424231 0.003575805 0.999923825 0.011813314 -2.116107941 -0.049846426 -0.011620475 0.998689234 84.716545105
0.998275697 -0.004367081 0.058535598 1.571200371 0.003666365 0.999920368 0.012072836 -2.129172325 -0.058583658 -0.011837406 0.998212337 85.240425110
0.997643590 -0.005015624 0.068426318 1.636331558 0.004195245 0.999917686 0.012127664 -2.145316839 -0.068481505 -0.011812016 0.997582555 85.774826050
0.997023880 -0.005457107 0.076900303 1.701973438 0.004554677 0.999918818 0.011905571 -2.151886702 -0.076959029 -0.011519880 0.996967673 86.308120728
0.996407688 -0.005789925 0.084489539 1.766446590 0.004776346 0.999914169 0.012193712 -2.171014309 -0.084552884 -0.011746355 0.996349752 86.820571899
0.995455205 -0.005545849 0.095070533 1.839920998 0.004402021 0.999915421 0.012236887 -2.179495811 -0.095130354 -0.011762769 0.995395303 87.361930847
0.994381607 -0.006122565 0.105677448 1.924088001 0.004840673 0.999911547 0.012382464 -2.191642761 -0.105743930 -0.011801344 0.994323313 87.901115417
0.993354619 -0.006041969 0.114935033 2.009077072 0.004640017 0.999911606 0.012461414 -2.200915575 -0.115000151 -0.011845300 0.993294835 88.456626892
0.992047071 -0.006414568 0.125703812 2.102276802 0.004868201 0.999908745 0.012605020 -2.208262920 -0.125773206 -0.011892820 0.991987765 88.995864868
0.990448058 -0.006835524 0.137716666 2.200210571 0.005175502 0.999909580 0.012408372 -2.216336250 -0.137789041 -0.011577096 0.990393937 89.528587341
0.988934994 -0.007758916 0.148146197 2.304321289 0.005975508 0.999904275 0.012479465 -2.225843430 -0.148228824 -0.011456133 0.988886714 90.067779541
0.987346590 -0.008333862 0.158357710 2.414982796 0.006476306 0.999904096 0.012242555 -2.230154514 -0.158444539 -0.011062071 0.987305999 90.605995178
0.985274136 -0.008878548 0.170751423 2.541807175 0.006881567 0.999900877 0.012283574 -2.241869926 -0.170843527 -0.010927649 0.985237658 91.129295349
0.982903123 -0.008573509 0.183923841 2.650461197 0.006368833 0.999900579 0.012574293 -2.249392748 -0.184013352 -0.011187931 0.982860088 91.673843384
0.981001496 -0.009533564 0.193765759 2.777925491 0.007221969 0.999894083 0.012632735 -2.257762909 -0.193865642 -0.010993361 0.980966508 92.197578430
0.978361428 -0.009876885 0.206667259 2.917442322 0.007373186 0.999889791 0.012881370 -2.270805836 -0.206771716 -0.011078839 0.978326499 92.718292236
0.975344360 -0.009384253 0.220488489 3.059991837 0.006623614 0.999890208 0.013256554 -2.277405024 -0.220588684 -0.011469278 0.975299478 93.262420654
0.972706914 -0.009351818 0.231848478 3.203510284 0.006502129 0.999893665 0.013052302 -2.278693199 -0.231945872 -0.011188557 0.972664416 93.818901062
0.969766438 -0.009570931 0.243847266 3.364048004 0.006551872 0.999891579 0.013189021 -2.298750639 -0.243947059 -0.011192614 0.969723880 94.322456360
0.966285825 -0.009882703 0.257281959 3.530050278 0.006683694 0.999889195 0.013305439 -2.309461594 -0.257384896 -0.011137264 0.966244757 94.833465576
0.962933183 -0.009912726 0.269558102 3.702404022 0.006548475 0.999889135 0.013377013 -2.313740253 -0.269660801 -0.011115974 0.962891221 95.385444641
0.959728003 -0.010850110 0.280721366 3.905799866 0.007321992 0.999880433 0.013613838 -2.316994667 -0.280835479 -0.011010140 0.959692776 95.938880920
0.955497384 -0.011165854 0.294788182 4.086679459 0.007457724 0.999878287 0.013700210 -2.317153931 -0.294905305 -0.010892067 0.955464363 96.465553284
0.951224029 -0.011626964 0.308281779 4.296529770 0.007750897 0.999874830 0.013794742 -2.330172539 -0.308403641 -0.010732428 0.951195061 96.986503601
0.947403789 -0.011889877 0.319819629 4.490434647 0.007868004 0.999872983 0.013864654 -2.337208748 -0.319943875 -0.010619083 0.947376966 97.498344421
0.943030715 -0.012358783 0.332476407 4.693029404 0.007989606 0.999862850 0.014505227 -2.350674152 -0.332610130 -0.011022520 0.943000019 98.008674622
0.938002765 -0.012603234 0.346398532 4.900470734 0.008193596 0.999865711 0.014191533 -2.352760792 -0.346530914 -0.010473447 0.937980115 98.516670227
0.933327079 -0.013501718 0.358773321 5.126346588 0.008803648 0.999852777 0.014725301 -2.362983704 -0.358919293 -0.010585011 0.933308542 99.027130127
0.929225862 -0.013906342 0.369250417 5.341194153 0.009062223 0.999848664 0.014850044 -2.371148586 -0.369401038 -0.010452815 0.929211259 99.528022766
0.923686266 -0.014009489 0.382893473 5.569400787 0.009042952 0.999849975 0.014767911 -2.370327234 -0.383042961 -0.010178430 0.923674405 100.028129578
0.917978287 -0.013819144 0.396389842 5.800634384 0.008527074 0.999849498 0.015109864 -2.385184288 -0.396538973 -0.010490483 0.917957902 100.494773865
0.912900388 -0.014343413 0.407930166 6.047229767 0.008794315 0.999841571 0.015475212 -2.392987251 -0.408087522 -0.010539861 0.912881911 100.992019653
0.906666636 -0.014790839 0.421588510 6.313415527 0.009045899 0.999837041 0.015623806 -2.401264906 -0.421750873 -0.010351934 0.906652629 101.493751526
0.899824500 -0.015125296 0.435989797 6.576545715 0.009275794 0.999836266 0.015542182 -2.401898861 -0.436153471 -0.009941088 0.899817348 101.988174438
0.894016802 -0.015183394 0.447776079 6.856670380 0.008991755 0.999832332 0.015950087 -2.419680357 -0.447943240 -0.010233354 0.894003451 102.468780518
0.888612151 -0.015926132 0.458382845 7.123703003 0.009543526 0.999822557 0.016237117 -2.427903175 -0.458560109 -0.010053912 0.888606429 102.927795410
0.881659746 -0.016647380 0.471591979 7.404281616 0.010084379 0.999813914 0.016440684 -2.437233925 -0.471777976 -0.009739378 0.881663561 103.387786865
0.874571204 -0.016313376 0.484622806 7.680381775 0.009511446 0.999818683 0.016491147 -2.438881397 -0.484804094 -0.009813217 0.874567688 103.856422424
