1.000000000 0.000000000 0.000000000 0.000000000 0.000000000 1.000000000 0.000000000 0.000000000 0.000000000 0.000000000 1.000000000 0.000000000
1.000000000 -0.000066579 -0.000007482 0.000087810 0.000066579 1.000000000 -0.000025285 -0.000032627 0.000007484 0.000025285 1.000000000 -0.000447922
1.000000000 0.000071822 0.000034103 -0.000354732 -0.000071823 1.000000000 0.000027254 0.000404777 -0.000034101 -0.000027257 1.000000000 0.000798888
1.000000000 0.000010400 0.000120177 -0.000717108 -0.000010400 1.000000000 0.000001344 0.000440077 -0.000120177 -0.000001345 1.000000000 0.000981018
1.000000000 0.000007547 0.000003427 -0.000112279 -0.000007547 1.000000000 0.000032766 -0.000124064 -0.000003427 -0.000032766 1.000000000 -0.000279515
1.000000000 0.000082553 0.000046977 -0.001006487 -0.000082555 1.000000000 0.000052473 -0.000414184 -0.000046972 -0.000052477 1.000000000 -0.001049644
1.000000000 0.000022173 0.000030975 -0.000726775 -0.000022170 1.000000000 -0.000094173 -0.000301460 -0.000030977 0.000094173 1.000000000 -0.000952425
1.000000000 -0.000043722 0.000054620 -0.000789154 0.000043723 1.000000000 -0.000020954 0.000072607 -0.000054620 0.000020956 1.000000000 -0.000772600
1.000000000 0.000059885 0.000066962 -0.001543215 -0.000059888 1.000000000 0.000048320 0.000232931 -0.000066959 -0.000048324 1.000000000 0.000014726
1.000000000 0.000031590 0.000115920 -0.001656618 -0.000031569 1.000000000 -0.000184518 0.000965871 -0.000115926 0.000184514 1.000000000 -0.000395938
1.000000000 0.000182364 0.000112167 -0.001801712 -0.000182346 1.000000000 -0.000153799 0.000930611 -0.000112195 0.000153778 1.000000000 -0.000348274
1.000000000 0.000059856 0.000094503 -0.001385181 -0.000059853 1.000000000 -0.000033573 0.001055878 -0.000094505 0.000033567 1.000000000 0.001004258
1.000000000 0.000124999 0.000045565 -0.001223785 -0.000124994 1.000000000 -0.000109576 0.001526582 -0.000045579 0.000109570 1.000000000 0.000524498
1.000000000 0.000097239 0.000073774 -0.000879576 -0.000097234 1.000000000 -0.000069585 0.000913107 -0.000073781 0.000069578 1.000000000 -0.000367032
1.000000000 0.000050359 0.000078566 -0.001122929 -0.000050347 1.000000000 -0.000153195 0.001625155 -0.000078573 0.000153191 1.000000000 0.001631269
1.000000000 0.000097077 0.000073619 -0.001257616 -0.000097067 1.000000000 -0.000137990 0.001465779 -0.000073632 0.000137983 1.000000000 0.001636542
1.000000000 0.000057924 0.000049305 -0.001004672 -0.000057915 1.000000000 -0.000192679 0.002021956 -0.000049317 0.000192676 1.000000000 0.001778339
1.000000000 0.000131839 0.000142953 -0.001637294 -0.000131830 1.000000000 -0.000068108 0.000923069 -0.000142962 0.000068089 1.000000000 0.001646864
1.000000000 0.000120045 0.000176583 -0.001787183 -0.000120041 1.000000000 -0.000023304 0.000717544 -0.000176586 0.000023283 1.000000000 0.001689872
1.000000000 0.000105502 0.000065509 -0.001374128 -0.000105495 1.000000000 -0.000104446 0.001535069 -0.000065520 0.000104439 1.000000000 0.001439587
1.000000000 0.000127718 0.000065367 -0.001141956 -0.000127709 1.000000000 -0.000133799 0.001573282 -0.000065384 0.000133791 1.000000000 0.001364514
1.000000000 0.000157082 0.000105867 -0.001667352 -0.000157078 1.000000000 -0.000036949 0.001295186 -0.000105873 0.000036932 1.000000000 0.001491267
0.999999940 0.000307869 0.000146267 -0.001730797 -0.000307850 0.999999940 -0.000131507 0.002033180 -0.000146307 0.000131462 1.000000000 0.002209563
1.000000000 0.000131030 0.000087474 -0.001126045 -0.000131012 1.000000000 -0.000204281 0.002837792 -0.000087500 0.000204269 1.000000000 0.002121295
1.000000000 0.000159812 0.000090661 0.000026435 -0.000159803 1.000000000 -0.000097991 0.003212853 -0.000090677 0.000097976 1.000000000 0.003907380
0.999999940 0.000212436 0.000167736 -0.001652535 -0.000212427 1.000000000 -0.000056688 0.001390325 -0.000167748 0.000056653 1.000000000 0.001910781
1.000000000 0.000222927 0.000086537 -0.001107955 -0.000222919 1.000000000 -0.000086086 0.002105973 -0.000086556 0.000086066 1.000000000 0.002010714
1.000000000 0.000026790 0.000038572 -0.000817669 -0.000026787 1.000000000 -0.000074019 0.001341395 -0.000038574 0.000074018 1.000000000 0.001384779
1.000000000 0.000065292 0.000112729 -0.001458689 -0.000065290 1.000000000 -0.000021805 0.001475416 -0.000112730 0.000021798 1.000000000 0.002336516
1.000000000 0.000120592 0.000095952 -0.001622816 -0.000120587 1.000000000 -0.000047769 0.001013584 -0.000095958 0.000047757 1.000000000 0.000931881
1.000000000 0.000150987 0.000080547 -0.000626093 -0.000150975 1.000000000 -0.000150153 0.002406316 -0.000080570 0.000150140 1.000000000 0.002402802
1.000000000 0.000163554 0.000121722 -0.001056222 -0.000163547 1.000000000 -0.000059351 0.001942353 -0.000121732 0.000059331 1.000000000 0.002389735
0.999999940 0.000251131 0.000112032 -0.001403089 -0.000251115 0.999999940 -0.000150727 0.002566315 -0.000112070 0.000150699 1.000000000 0.002230608
1.000000000 0.000154906 0.000108114 -0.001248159 -0.000154892 1.000000000 -0.000125259 0.001768031 -0.000108133 0.000125242 1.000000000 0.001840736
1.000000000 0.000108024 0.000100943 -0.000888620 -0.000108019 1.000000000 -0.000050642 0.001706129 -0.000100949 0.000050631 1.000000000 0.002284182
1.000000000 -0.000033438 0.000029339 -0.000605354 0.000033439 1.000000000 -0.000022526 0.001380876 -0.000029339 0.000022527 1.000000000 0.001791694
1.000000000 0.000099497 0.000054506 -0.000952901 -0.000099495 1.000000000 -0.000035462 0.001386758 -0.000054510 0.000035457 1.000000000 0.000987865
0.999999940 0.000288261 0.000112558 -0.001340497 -0.000288250 0.999999940 -0.000096445 0.001954237 -0.000112586 0.000096413 1.000000000 0.001947562
1.000000000 0.000115608 0.000089749 -0.001328930 -0.000115605 1.000000000 -0.000029818 0.001219951 -0.000089753 0.000029808 1.000000000 0.002694222
0.999999881 0.000369873 0.000238281 -0.001372474 -0.000369686 0.999999642 -0.000788037 0.000483544 -0.000238572 0.000787949 0.999999642 0.052781433
0.999999762 0.000559203 0.000332389 -0.002269697 -0.000558802 0.999999106 -0.001204016 -0.002543340 -0.000333061 0.001203830 0.999999225 0.137701616
0.999999940 0.000153680 0.000200501 0.002558828 -0.000153404 0.999999046 -0.001375636 -0.006737493 -0.000200712 0.001375605 0.999999046 0.254054576
0.999999762 0.000670132 0.000236815 0.005372774 -0.000669845 0.999999046 -0.001210960 -0.009573981 -0.000237626 0.001210801 0.999999225 0.389155298
0.999999940 0.000212202 0.000293731 0.003785727 -0.000211845 0.999999225 -0.001216312 -0.014011376 -0.000293989 0.001216250 0.999999225 0.531019390
0.999999940 -0.000090972 0.000255290 0.009086039 0.000091306 0.999999166 -0.001309392 -0.016010584 -0.000255170 0.001309416 0.999999106 0.686305344
0.999999881 0.000400180 0.000259002 0.017674932 -0.000399961 0.999999583 -0.000843088 -0.020055203 -0.000259339 0.000842984 0.999999583 0.842042863
0.999999762 0.000426551 0.000495037 0.016363665 -0.000426157 0.999999583 -0.000795833 -0.026977019 -0.000495377 0.000795622 0.999999583 1.021048546
0.999999762 0.000591126 0.000269662 0.023703590 -0.000590909 0.999999523 -0.000802442 -0.027466366 -0.000270136 0.000802282 0.999999642 1.196161509
0.999999762 0.000654167 0.000254613 0.029706586 -0.000654165 0.999999762 -0.000006595 -0.042219456 -0.000254617 0.000006429 0.999999940 1.374016285
0.999999762 0.000663911 0.000214428 0.032016158 -0.000663883 0.999999762 -0.000133056 -0.048977580 -0.000214517 0.000132913 0.999999940 1.588422894
0.999999523 0.000730782 0.000608431 0.014238525 -0.000730819 0.999999702 0.000061315 -0.053801782 -0.000608386 -0.000061759 0.999999821 1.777560353
0.999999762 -0.000357241 0.000577413 0.031223539 0.000357724 0.999999523 -0.000836108 -0.061159462 -0.000577114 0.000836314 0.999999464 1.971082926
0.999999881 0.000226835 0.000462608 0.039024215 -0.000226438 0.999999642 -0.000858094 -0.070073999 -0.000462802 0.000857989 0.999999523 2.181280136
0.999999762 -0.000622091 0.000310758 0.041082520 0.000622278 0.999999642 -0.000604137 -0.073473267 -0.000310382 0.000604330 0.999999762 2.407929659
0.999999702 -0.000509666 0.000409879 0.049116340 0.000509910 0.999999642 -0.000596985 -0.083058126 -0.000409575 0.000597194 0.999999762 2.629168987
0.999999642 -0.000571702 0.000659692 0.045275316 0.000571951 0.999999821 -0.000377477 -0.089286692 -0.000659477 0.000377854 0.999999702 2.871372223
0.999999583 -0.000761225 0.000670953 0.049135137 0.000761264 0.999999702 -0.000058114 -0.101745203 -0.000670908 0.000058625 0.999999762 3.097071648
0.999999642 -0.000474145 0.000555684 0.056971643 0.000473977 0.999999821 0.000303070 -0.112138100 -0.000555828 -0.000302806 0.999999821 3.334489584
0.999999642 -0.000449001 0.000762744 0.061418362 0.000448908 0.999999940 0.000122346 -0.116106205 -0.000762799 -0.000122003 0.999999642 3.589743853
0.999999881 -0.000008804 0.000472699 0.065925442 0.000008698 0.999999940 0.000223798 -0.125689730 -0.000472701 -0.000223794 0.999999881 3.840970993
0.999999404 0.000076553 0.001085327 0.066738121 -0.000076635 0.999999940 0.000075492 -0.131419331 -0.001085321 -0.000075575 0.999999404 4.092053413
0.999999106 0.000340372 0.001310680 0.072619252 -0.000340326 0.999999940 -0.000035399 -0.134544626 -0.001310692 0.000034953 0.999999106 4.355388165
0.999999344 0.000061048 0.001121975 0.080259681 -0.000060997 1.000000000 -0.000045924 -0.144321501 -0.001121978 0.000045856 0.999999285 4.612248898
0.999999404 0.000027961 0.001109941 0.095236376 -0.000027983 1.000000000 0.000019014 -0.152751029 -0.001109941 -0.000019045 0.999999404 4.882201195
0.999998927 0.000402810 0.001381419 0.091023378 -0.000403363 0.999999821 0.000400327 -0.160770983 -0.001381258 -0.000400884 0.999998987 5.124717712
0.999999225 0.000121610 0.001229747 0.100714549 -0.000121967 0.999999940 0.000290562 -0.168775886 -0.001229712 -0.000290712 0.999999225 5.388040066
0.999998569 0.000528892 0.001636399 0.097582646 -0.000529863 0.999999642 0.000593097 -0.179534167 -0.001636085 -0.000593963 0.999998510 5.658538818
0.999999404 -0.000280710 0.001183514 0.110814691 0.000280467 0.999999881 0.000206037 -0.183791324 -0.001183572 -0.000205705 0.999999344 5.924962997
0.999998689 0.000511674 0.001529528 0.104473345 -0.000512963 0.999999523 0.000842492 -0.203481182 -0.001529096 -0.000843276 0.999998450 6.178619385
0.999998152 0.000490062 0.001863674 0.112836897 -0.000491834 0.999999344 0.000950222 -0.212072164 -0.001863207 -0.000951136 0.999997795 6.464248657
0.999999285 0.000420050 0.001132731 0.124965072 -0.000421341 0.999999344 0.001139700 -0.220250502 -0.001132251 -0.001140176 0.999998689 6.747614384
0.999998808 0.000318040 0.001474299 0.131703675 -0.000319387 0.999999583 0.000913333 -0.220103905 -0.001474008 -0.000913803 0.999998450 7.048696995
0.999999225 0.000614149 0.001096430 0.142760009 -0.000615572 0.999999106 0.001298846 -0.239898533 -0.001095631 -0.001299520 0.999998510 7.330292702
0.999998689 0.000782881 0.001408567 0.143426418 -0.000784745 0.999998808 0.001323040 -0.255591959 -0.001407530 -0.001324144 0.999998152 7.631310940
0.999998868 0.000604129 0.001365283 0.150912032 -0.000606100 0.999998808 0.001443652 -0.262498677 -0.001364410 -0.001444478 0.999998033 7.953495026
0.999998510 0.000882115 0.001474243 0.161504418 -0.000884202 0.999998629 0.001415625 -0.271671802 -0.001472992 -0.001416926 0.999997914 8.254861832
0.999999285 0.000648930 0.001034811 0.174694702 -0.000650243 0.999999046 0.001269522 -0.279238850 -0.001033986 -0.001270194 0.999998689 8.589361191
0.999998391 0.000737844 0.001652599 0.163150072 -0.000739593 0.999999166 0.001057938 -0.285710394 -0.001651817 -0.001059159 0.999998093 8.928300858
0.999998808 0.000838413 0.001314029 0.173703760 -0.000840214 0.999998689 0.001370898 -0.302763730 -0.001312878 -0.001372000 0.999998271 9.259353638
0.999998212 0.001248649 0.001483750 0.181557789 -0.001249991 0.999998748 0.000904386 -0.304991901 -0.001482620 -0.000906238 0.999998510 9.603343010
0.999998093 0.001373564 0.001408576 0.187355027 -0.001375467 0.999998093 0.001351240 -0.317305595 -0.001406717 -0.001353175 0.999998152 9.953314781
0.999998093 0.001404550 0.001396144 0.189868480 -0.001406075 0.999998331 0.001092493 -0.324631840 -0.001394608 -0.001094454 0.999998391 10.300783157
0.999998510 0.000813967 0.001522991 0.192198694 -0.000816309 0.999998510 0.001537457 -0.352499813 -0.001521737 -0.001538698 0.999997675 10.633271217
0.999998748 0.000305490 0.001579823 0.201168776 -0.000307927 0.999998808 0.001542740 -0.357488811 -0.001579350 -0.001543225 0.999997556 11.008315086
0.999998510 0.000452368 0.001689471 0.211329713 -0.000455459 0.999998152 0.001829881 -0.372233093 -0.001688641 -0.001830647 0.999996901 11.385157585
0.999998391 0.000622540 0.001660583 0.219060227 -0.000625574 0.999998212 0.001826815 -0.377261907 -0.001659443 -0.001827851 0.999996960 11.749060631
0.999997616 0.001106051 0.001875248 0.218276605 -0.001110566 0.999996483 0.002408394 -0.403483272 -0.001872577 -0.002410471 0.999995291 12.137207985
0.999997139 0.001053034 0.002159049 0.228884757 -0.001057987 0.999996781 0.002294156 -0.414969563 -0.002156626 -0.002296434 0.999995053 12.523325920
0.999998271 0.000522762 0.001790712 0.241323829 -0.000526924 0.999997139 0.002324324 -0.423620850 -0.001789492 -0.002325264 0.999995708 12.917314529
0.999998212 0.000496119 0.001808402 0.251763642 -0.000500543 0.999996841 0.002446701 -0.434615225 -0.001807182 -0.002447602 0.999995410 13.324429512
0.999997795 0.000567104 0.002028530 0.249129236 -0.000571450 0.999997556 0.002142548 -0.447012097 -0.002027310 -0.002143702 0.999995649 13.711462021
0.999996722 0.000934551 0.002412359 0.256836712 -0.000939409 0.999997497 0.002013705 -0.453073084 -0.002410472 -0.002015964 0.999995112 14.131251335
0.999995410 0.000832736 0.002919112 0.265316278 -0.000838420 0.999997795 0.001946298 -0.466648459 -0.002917485 -0.001948736 0.999993861 14.549744606
0.999996901 0.000749535 0.002342674 0.279296219 -0.000755912 0.999996006 0.002722521 -0.489963174 -0.002340624 -0.002724283 0.999993563 14.957564354
0.999996305 0.000933181 0.002554681 0.289485753 -0.000940849 0.999995112 0.003001918 -0.501399398 -0.002551867 -0.003004310 0.999992251 15.392919540
0.999995828 0.000450240 0.002849556 0.300878823 -0.000457404 0.999996781 0.002514024 -0.509420991 -0.002848415 -0.002515317 0.999992847 15.844684601
0.999993682 0.000909116 0.003436186 0.302647471 -0.000918315 0.999996006 0.002676780 -0.527827740 -0.003433739 -0.002679918 0.999990523 16.257349014
0.999992609 0.001160220 0.003667041 0.310357183 -0.001168666 0.999996662 0.002302184 -0.536086857 -0.003664358 -0.002306452 0.999990642 16.710485458
0.999993145 0.000658776 0.003635919 0.324149042 -0.000669361 0.999995530 0.002911042 -0.548818648 -0.003633985 -0.002913456 0.999989212 17.141754150
0.999991477 0.001021785 0.003994673 0.327118069 -0.001033778 0.999994874 0.003001260 -0.566921115 -0.003991587 -0.003005364 0.999987483 17.618247986
0.999989152 0.000751442 0.004591981 0.336580008 -0.000767229 0.999993801 0.003437200 -0.594218254 -0.004589369 -0.003440686 0.999983490 18.066379547
0.999987125 0.001094375 0.004962951 0.345111609 -0.001110698 0.999994040 0.003287477 -0.600283265 -0.004959323 -0.003292947 0.999982238 18.530607224
0.999989033 0.000824439 0.004605792 0.363896400 -0.000838745 0.999994814 0.003105043 -0.616218209 -0.004603209 -0.003108872 0.999984562 19.012804031
0.999988556 0.000949726 0.004677173 0.371045887 -0.000968760 0.999991238 0.004068932 -0.639611602 -0.004673268 -0.004073417 0.999980748 19.463567734
0.999987364 0.001188403 0.004887621 0.379157841 -0.001209473 0.999989986 0.004310115 -0.651198089 -0.004882450 -0.004315972 0.999978781 19.951560974
0.999990165 0.000646587 0.004401344 0.401329398 -0.000664300 0.999991655 0.004024135 -0.666074514 -0.004398705 -0.004027019 0.999982238 20.438510895
0.999990880 0.000258642 0.004263121 0.400812089 -0.000277177 0.999990642 0.004347591 -0.676341534 -0.004261956 -0.004348733 0.999981463 20.915590286
0.999993801 -0.000105053 0.003542553 0.416492611 0.000090398 0.999991477 0.004136636 -0.686139941 -0.003542957 -0.004136289 0.999985218 21.421144485
0.999993682 0.000305840 0.003517940 0.411526680 -0.000320186 0.999991655 0.004077992 -0.699681580 -0.003516663 -0.004079093 0.999985516 21.924270630
0.999994576 0.000435280 0.003230786 0.418962419 -0.000449205 0.999990642 0.004310563 -0.707470715 -0.003228879 -0.004311991 0.999985516 22.434860229
0.999994516 0.000926274 0.003157447 0.425796777 -0.000939724 0.999990463 0.004260893 -0.726289928 -0.003153470 -0.004263837 0.999985933 22.947034836
0.999996245 0.001515783 0.002297818 0.437861890 -0.001525754 0.999989450 0.004343664 -0.739287972 -0.002291210 -0.004347154 0.999987960 23.477470398
0.999998689 -0.000015466 0.001642829 0.451723278 0.000008474 0.999990940 0.004255840 -0.750681818 -0.001642880 -0.004255820 0.999989569 23.997398376
0.999998927 0.000219170 0.001435969 0.447744220 -0.000225609 0.999989927 0.004484897 -0.769712687 -0.001434972 -0.004485216 0.999988914 24.517887115
0.999999821 0.000091486 0.000517734 0.466638952 -0.000093913 0.999988973 0.004688555 -0.782912195 -0.000517299 -0.004688604 0.999988854 25.051473618
0.999999881 0.000470803 0.000089224 0.465397716 -0.000471237 0.999987781 0.004924045 -0.803515196 -0.000086905 -0.004924087 0.999987841 25.606283188
0.999999940 0.000400351 -0.000258995 0.477663130 -0.000399046 0.999987304 0.005019315 -0.814627409 0.000261001 -0.005019211 0.999987364 26.157197952
0.999999762 0.000196492 -0.000513754 0.485677630 -0.000193688 0.999985099 0.005451931 -0.834695101 0.000514817 -0.005451830 0.999984980 26.706151962
0.999999523 0.000085063 -0.000871345 0.496650457 -0.000080385 0.999985576 0.005366384 -0.847659767 0.000871789 -0.005366312 0.999985158 27.275508881
0.999998748 0.000684416 -0.001421001 0.499889433 -0.000676494 0.999984264 0.005568128 -0.877604365 0.001424789 -0.005567160 0.999983430 27.800495148
0.999998212 0.000411786 -0.001844693 0.512767494 -0.000401832 0.999985337 0.005392866 -0.886707187 0.001846886 -0.005392115 0.999983728 28.359315872
0.999997795 0.000663937 -0.001984117 0.514663160 -0.000653514 0.999985993 0.005249281 -0.899209261 0.001987575 -0.005247973 0.999984205 28.907188416
0.999997854 0.000867256 -0.001876896 0.505091786 -0.000855284 0.999979436 0.006370523 -0.934561849 0.001882382 -0.006368905 0.999977946 29.421403885
0.999997020 0.001279123 -0.002065640 0.511716723 -0.001266300 0.999980032 0.006196716 -0.942320645 0.002073524 -0.006194083 0.999978662 29.981639862
0.999995589 0.001346866 -0.002632306 0.522638202 -0.001330116 0.999978900 0.006354326 -0.959346116 0.002640808 -0.006350797 0.999976337 30.514160156
0.999997139 0.000669756 -0.002358823 0.517874062 -0.000654642 0.999979258 0.006402263 -0.978582382 0.002363063 -0.006400700 0.999976635 31.034770966
0.999995768 0.001191286 -0.002690989 0.526025414 -0.001174294 0.999979377 0.006306998 -0.986159861 0.002698447 -0.006303810 0.999976456 31.582494736
0.999995708 0.001213433 -0.002681641 0.537873626 -0.001196991 0.999980569 0.006124349 -1.001048803 0.002689020 -0.006121112 0.999977648 32.124488831
0.999995232 0.000442974 -0.003042309 0.527974248 -0.000423046 0.999978602 0.006547923 -1.020490170 0.003045145 -0.006546606 0.999973953 32.676540375
0.999994755 0.000282327 -0.003211767 0.535210788 -0.000261393 0.999978721 0.006516282 -1.034108996 0.003213539 -0.006515409 0.999973655 33.225353241
0.999995351 0.000688130 -0.002991408 0.540651083 -0.000667483 0.999976039 0.006897819 -1.047097087 0.002996083 -0.006895789 0.999971807 33.786895752
0.999991357 0.000831262 -0.004073554 0.562666893 -0.000801829 0.999973655 0.007221485 -1.069331169 0.004079450 -0.007218156 0.999965668 34.300712585
0.999993086 -0.000018608 -0.003720960 0.546366811 0.000046642 0.999971628 0.007534092 -1.095569849 0.003720715 -0.007534213 0.999964654 34.824939728
0.999993086 -0.000678076 -0.003637580 0.554505050 0.000705728 0.999970853 0.007606044 -1.103533864 0.003632316 -0.007608559 0.999964416 35.367515564
0.999990940 -0.000867046 -0.004179653 0.564480603 0.000897603 0.999972880 0.007314650 -1.113392115 0.004173198 -0.007318335 0.999964476 35.916893005
0.999990702 -0.001316713 -0.004113794 0.576636732 0.001347716 0.999970675 0.007542596 -1.130437851 0.004103743 -0.007548070 0.999963045 36.473773956
0.999993384 -0.000202676 -0.003629027 0.557776153 0.000230531 0.999970496 0.007676986 -1.151386738 0.003627363 -0.007677772 0.999963880 36.998435974
0.999991953 -0.000277790 -0.004014503 0.575693011 0.000306386 0.999974608 0.007124443 -1.161734581 0.004012422 -0.007125616 0.999966562 37.541236877
0.999990582 0.000117132 -0.004339465 0.586489797 -0.000083652 0.999970257 0.007714583 -1.175956845 0.004340239 -0.007714147 0.999960780 38.081039429
0.999992669 -0.000466631 -0.003800135 0.564872682 0.000497061 0.999967813 0.008010494 -1.202999353 0.003796275 -0.008012325 0.999960661 38.604740143
0.999993086 -0.000624921 -0.003671389 0.578783154 0.000655085 0.999966085 0.008220447 -1.214452982 0.003666126 -0.008222795 0.999959469 39.151737213
0.999991000 -0.000944576 -0.004129861 0.596019447 0.000978600 0.999965549 0.008244428 -1.232261419 0.004121931 -0.008248394 0.999957502 39.708972931
0.999991238 -0.001262878 -0.004014926 0.584875703 0.001297353 0.999962151 0.008595721 -1.247975349 0.004003917 -0.008600853 0.999954998 40.217250824
0.999989688 -0.001510904 -0.004290794 0.602718949 0.001546582 0.999964178 0.008323904 -1.259962082 0.004278063 -0.008330455 0.999956191 40.761737823
0.999989748 -0.001121135 -0.004392738 0.605893493 0.001157006 0.999965906 0.008171967 -1.262550592 0.004383427 -0.008176966 0.999956965 41.313884735
0.999991655 -0.001178913 -0.003896126 0.594149530 0.001211962 0.999963224 0.008491315 -1.282416224 0.003885970 -0.008495967 0.999956310 41.845325470
0.999992669 -0.001074018 -0.003677598 0.602887392 0.001105783 0.999962032 0.008646609 -1.298087001 0.003668173 -0.008650612 0.999955833 42.391334534
0.999991000 -0.000366180 -0.004211063 0.619384766 0.000400436 0.999966860 0.008136951 -1.303519964 0.004207942 -0.008138565 0.999957979 42.923774719
0.999992251 -0.001139703 -0.003749866 0.608709037 0.001172666 0.999960601 0.008800051 -1.324030280 0.003739687 -0.008804381 0.999954224 43.452228546
0.999991536 -0.001226196 -0.003932936 0.617872059 0.001262118 0.999957383 0.009144130 -1.336622953 0.003921557 -0.009149016 0.999950469 43.989089966
0.999993920 -0.000513675 -0.003453903 0.612194717 0.000541993 0.999966204 0.008203006 -1.330399632 0.003449571 -0.008204829 0.999960423 44.518783569
0.999993980 -0.000001052 -0.003469851 0.633907378 0.000028981 0.999967635 0.008049093 -1.341746449 0.003469730 -0.008049145 0.999961495 45.082798004
0.999994576 -0.001004861 -0.003141843 0.620049417 0.001032430 0.999960899 0.008785576 -1.367244363 0.003132892 -0.008788773 0.999956429 45.598060608
0.999993384 -0.001096343 -0.003467216 0.633901119 0.001126145 0.999962330 0.008605217 -1.375001907 0.003457651 -0.008609065 0.999956906 46.142509460
0.999995053 -0.000667196 -0.003080949 0.642866373 0.000694602 0.999960184 0.008902882 -1.391848564 0.003074885 -0.008904978 0.999955595 46.679386139
0.999995589 -0.000976251 -0.002801624 0.611644506 0.001002720 0.999954760 0.009462037 -1.420025706 0.002792262 -0.009464804 0.999951303 47.212951660
0.999996185 -0.000891783 -0.002598151 0.616907477 0.000915137 0.999959052 0.009001669 -1.423731446 0.002590017 -0.009004012 0.999956131 47.776214600
0.999997795 0.000122733 -0.002072658 0.629843950 -0.000104074 0.999959528 0.009000516 -1.434396029 0.002073680 -0.009000281 0.999957383 48.318866730
0.999995053 -0.001725122 -0.002640208 0.631416321 0.001750470 0.999952137 0.009628980 -1.452701569 0.002623472 -0.009633554 0.999950171 48.834552765
0.999996006 -0.000911333 -0.002689609 0.645985842 0.000938671 0.999947727 0.010180552 -1.469150305 0.002680191 -0.010183036 0.999944568 49.372966766
0.999996305 -0.000627057 -0.002673446 0.647484183 0.000653504 0.999950767 0.009903153 -1.469595194 0.002667104 -0.009904862 0.999947429 49.954566956
0.999996424 -0.001115808 -0.002454621 0.648513019 0.001139707 0.999951780 0.009756506 -1.479953289 0.002443616 -0.009759269 0.999949455 50.464759827
0.999995291 -0.002047278 -0.002279571 0.642600238 0.002069669 0.999949217 0.009863759 -1.509268761 0.002259260 -0.009868431 0.999948740 50.981975555
0.999995887 -0.001552795 -0.002422574 0.649658084 0.001576789 0.999949396 0.009933745 -1.515898228 0.002407025 -0.009937524 0.999947727 51.529834747
0.999996066 -0.001403544 -0.002415764 0.668194592 0.001426273 0.999954462 0.009432842 -1.526187539 0.002402415 -0.009436250 0.999952555 52.067100525
0.999997258 -0.001455595 -0.001794606 0.646686494 0.001474878 0.999940693 0.010790980 -1.557284236 0.001778792 -0.010793599 0.999940097 52.583995819
0.999996901 -0.001430488 -0.002013945 0.658059835 0.001452162 0.999940574 0.010802181 -1.566208601 0.001998371 -0.010805072 0.999939561 53.126789093
0.999996603 -0.001520208 -0.002060472 0.677978933 0.001542386 0.999940395 0.010805206 -1.578596354 0.002043923 -0.010808349 0.999939442 53.659954071
0.999999046 -0.000889802 -0.001040178 0.657352149 0.000901099 0.999940038 0.010911400 -1.593503475 0.001030407 -0.010912328 0.999939919 54.216190338
0.999999106 -0.000990511 -0.000916912 0.664217889 0.000999967 0.999945700 0.010370808 -1.599646091 0.000906591 -0.010371717 0.999945760 54.765384674
0.999998987 -0.001053078 -0.000977362 0.676286757 0.001063767 0.999938905 0.011002108 -1.616701841 0.000965716 -0.011003136 0.999938965 55.290824890
0.999998987 -0.001262982 -0.000643822 0.664213717 0.001270175 0.999935389 0.011296796 -1.632749796 0.000629513 -0.011297601 0.999935985 55.814964294
0.999998808 -0.001518227 -0.000433351 0.676081777 0.001522976 0.999936402 0.011175112 -1.640091419 0.000416357 -0.011175757 0.999937415 56.360416412
0.999998808 -0.001360863 -0.000702852 0.685676634 0.001368692 0.999935687 0.011261377 -1.653632045 0.000687481 -0.011262326 0.999936342 56.889469147
0.999997079 -0.002141018 -0.001130837 0.700876594 0.002153015 0.999940276 0.010716509 -1.656153798 0.001107825 -0.010718912 0.999941945 57.425727844
0.999999106 -0.001316726 -0.000090467 0.682053387 0.001317681 0.999932885 0.011511691 -1.696517825 0.000075302 -0.011511800 0.999933720 57.970836639
0.999999642 -0.000848229 0.000090242 0.688806474 0.000847140 0.999934196 0.011446843 -1.704500437 -0.000099946 -0.011446763 0.999934494 58.514575958
0.999999642 -0.000877564 -0.000101733 0.701260269 0.000878627 0.999939442 0.010972792 -1.714176416 0.000092096 -0.010972875 0.999939799 59.052272797
0.999996781 -0.002435467 -0.000635455 0.727687001 0.002442324 0.999936283 0.011021983 -1.722592831 0.000608570 -0.011023499 0.999939084 59.581638336
0.999999404 -0.001023803 0.000307871 0.694488764 0.001020184 0.999933004 0.011532739 -1.746690392 -0.000319657 -0.011532417 0.999933422 60.094215393
0.999999642 -0.000713837 0.000252800 0.713223219 0.000710899 0.999934316 0.011437964 -1.754218936 -0.000260948 -0.011437779 0.999934554 60.635799408
0.999999166 -0.001164818 0.000413452 0.725245714 0.001160244 0.999940038 0.010896976 -1.758444309 -0.000426119 -0.010896488 0.999940515 61.194461823
0.999998450 -0.001696151 0.000465788 0.706722558 0.001690543 0.999929070 0.011788204 -1.790904045 -0.000485749 -0.011787400 0.999930322 61.682876587
0.999999166 -0.000565415 0.001078599 0.712716401 0.000552714 0.999930978 0.011739597 -1.797863007 -0.001085164 -0.011738993 0.999930441 62.231231689
0.999998927 -0.001206252 0.000818504 0.731173337 0.001196297 0.999926627 0.012056470 -1.804821372 -0.000832990 -0.012055478 0.999926925 62.774677277
0.999998629 -0.001319031 0.000987076 0.724766493 0.001307575 0.999932826 0.011518127 -1.821155190 -0.001002202 -0.011516821 0.999933183 63.283340454
0.999999404 -0.000647729 0.000847004 0.736022770 0.000638221 0.999937356 0.011178801 -1.827795506 -0.000854191 -0.011178253 0.999937177 63.821743011
0.999998152 -0.000961699 0.001617364 0.727343202 0.000943131 0.999934077 0.011442321 -1.840679169 -0.001628262 -0.011440777 0.999933183 64.334480286
0.999997318 -0.001503936 0.001725567 0.737712741 0.001484809 0.999938011 0.011032464 -1.844122410 -0.001742052 -0.011029874 0.999937654 64.880836487
0.999996483 -0.001837824 0.001863223 0.751597703 0.001816698 0.999934793 0.011277079 -1.856966734 -0.001883827 -0.011273658 0.999934673 65.419158936
0.999997258 -0.000890417 0.002155763 0.755386829 0.000866417 0.999937892 0.011108726 -1.865746975 -0.002165520 -0.011106828 0.999935985 65.924743652
0.999997020 -0.001426852 0.001956314 0.768521011 0.001404914 0.999936640 0.011169711 -1.879054308 -0.001972129 -0.011166930 0.999935746 66.466629028
0.999997020 -0.001551934 0.001878615 0.787137151 0.001531753 0.999941587 0.010696332 -1.878926039 -0.001895105 -0.010693423 0.999941051 67.019699097
0.999997675 -0.001119816 0.001865147 0.799845994 0.001098681 0.999935567 0.011294479 -1.893306851 -0.001877675 -0.011292404 0.999934494 67.546226501
0.999994993 0.000207926 0.003152608 0.774219334 -0.000245060 0.999930561 0.011783280 -1.926119328 -0.003149938 -0.011783996 0.999925554 68.051704407
0.999994636 0.000626624 0.003216781 0.782779038 -0.000665271 0.999927461 0.012027091 -1.933439970 -0.003209010 -0.012029167 0.999922454 68.606437683
0.999992907 0.000869561 0.003669761 0.794753909 -0.000914439 0.999924660 0.012245106 -1.947439432 -0.003658836 -0.012248375 0.999918282 69.152053833
0.999991834 0.000621215 0.003979587 0.808169246 -0.000669541 0.999925971 0.012153706 -1.956783652 -0.003971742 -0.012156272 0.999918163 69.687614441
0.999994814 -0.001193236 0.003016516 0.838224411 0.001157557 0.999929667 0.011802460 -1.963792086 -0.003030389 -0.011798905 0.999925792 70.244895935
0.999993145 0.000850079 0.003606233 0.808763266 -0.000892828 0.999929190 0.011869011 -1.999188662 -0.003595888 -0.011872150 0.999922991 70.674087524
0.999992907 0.000027751 0.003784871 0.824998856 -0.000070707 0.999935567 0.011349896 -2.004333019 -0.003784313 -0.011350083 0.999928415 71.226989746
0.999995172 0.000340274 0.003088940 0.835512877 -0.000376511 0.999931037 0.011738548 -2.015192509 -0.003084732 -0.011739654 0.999926329 71.794189453
0.999992132 0.001086572 0.003808433 0.835189760 -0.001132388 0.999926686 0.012048582 -2.031641245 -0.003795062 -0.012052800 0.999920130 72.279190063
0.999990880 0.001688010 0.003925322 0.838925362 -0.001734905 0.999926746 0.011974539 -2.036647797 -0.003904822 -0.011981240 0.999920607 72.833663940
0.999991715 0.001047471 0.003937864 0.855932355 -0.001093970 0.999929428 0.011824397 -2.049840450 -0.003925201 -0.011828607 0.999922335 73.393272400
0.999991059 0.000637960 0.004181158 0.861157298 -0.000686653 0.999931872 0.011654878 -2.050954580 -0.004173439 -0.011657645 0.999923348 73.863426208
0.999987543 0.001507326 0.004768407 0.868611097 -0.001561419 0.999934196 0.011360661 -2.057425499 -0.004750969 -0.011367964 0.999924064 74.425979614
0.999991775 0.000518906 0.004018852 0.888000071 -0.000564666 0.999934912 0.011393654 -2.070930481 -0.004012678 -0.011395832 0.999926925 74.936622620
0.999990880 0.001716437 0.003926364 0.901846647 -0.001760074 0.999936461 0.011137600 -2.077236891 -0.003906997 -0.011144410 0.999930203 75.473617554
0.999992132 0.000437219 0.003939329 0.913126469 -0.000482384 0.999934077 0.011471394 -2.091077566 -0.003934054 -0.011473203 0.999926448 76.027603149
0.999991953 0.000998196 0.003878823 0.925903916 -0.001041275 0.999937594 0.011120036 -2.099219084 -0.003867481 -0.011123985 0.999930680 76.560737610
0.999991715 0.000545575 0.004032976 0.923861504 -0.000592680 0.999931455 0.011688055 -2.110659361 -0.004026323 -0.011690348 0.999923527 77.076065063
0.999993563 -0.000325900 0.003569072 0.939339638 0.000285871 0.999937117 0.011210397 -2.118157387 -0.003572500 -0.011209304 0.999930799 77.627296448
0.999994516 0.000010511 0.003288221 0.958126545 -0.000047156 0.999937892 0.011144372 -2.121184587 -0.003287899 -0.011144466 0.999932528 78.180213928
0.999990642 0.000650744 0.004278547 0.964493394 -0.000699090 0.999935806 0.011307805 -2.139393091 -0.004270914 -0.011310690 0.999926925 78.690124512
0.999989867 0.000790494 0.004429378 0.977042794 -0.000840732 0.999935150 0.011351790 -2.146160364 -0.004420118 -0.011355398 0.999925733 79.232376099
0.999984562 0.000848033 0.005488844 0.992100656 -0.000910201 0.999935269 0.011333677 -2.156105518 -0.005478878 -0.011338497 0.999920666 79.776992798
0.999979436 0.000738360 0.006366292 1.011091113 -0.000807856 0.999940038 0.010920533 -2.161026955 -0.006357847 -0.010925452 0.999920130 80.320358276
0.999973059 0.000393525 0.007327431 1.027207851 -0.000469790 0.999945641 0.010409322 -2.162106037 -0.007322937 -0.010412483 0.999918997 80.868370056
0.999958634 0.001051874 0.009035519 1.039108872 -0.001144955 0.999946177 0.010302569 -2.173221827 -0.009024197 -0.010312487 0.999906182 81.410530090
0.999928236 0.000901227 0.011938752 1.062244892 -0.001026385 0.999944508 0.010481440 -2.181523085 -0.011928642 -0.010492940 0.999873817 81.952171326
0.999876022 0.000547900 0.015735980 1.084130883 -0.000714385 0.999943733 0.010576278 -2.187865496 -0.015729303 -0.010586208 0.999820173 82.489242554
0.999818027 0.000212341 0.019077834 1.112642765 -0.000417223 0.999942243 0.010735922 -2.200720310 -0.019074455 -0.010741928 0.999760270 83.039443970
0.999732792 0.000665293 0.023107277 1.135963559 -0.000906447 0.999945223 0.010427380 -2.206353664 -0.023099076 -0.010445540 0.999678552 83.584861755
0.999582171 0.000719443 0.028895643 1.162919760 -0.001028700 0.999942303 0.010689108 -2.211488247 -0.028886288 -0.010714366 0.999525249 84.135665894
0.999385834 0.000438127 0.035043065 1.200974941 -0.000783114 0.999951363 0.009831544 -2.214654684 -0.035037056 -0.009852947 0.999337435 84.676750183
0.999159396 0.000277239 0.040993311 1.240608931 -0.000695889 0.999947727 0.010198721 -2.225117683 -0.040988341 -0.010218674 0.999107361 85.215019226
0.998786747 0.000432606 0.049240604 1.287282944 -0.000956223 0.999943256 0.010610777 -2.237938404 -0.049233221 -0.010644990 0.998730540 85.762016296
0.998331368 0.000766692 0.057740144 1.333365202 -0.001343706 0.999949455 0.009955117 -2.241647482 -0.057729609 -0.010016091 0.998281956 86.297187805
0.997909784 -0.000169304 0.064623341 1.391402245 -0.000510670 0.999944687 0.010505459 -2.257408381 -0.064621545 -0.010516502 0.997854412 86.816947937
0.997239411 0.000651189 0.074250326 1.437569618 -0.001377861 0.999951661 0.009735975 -2.253435850 -0.074240401 -0.009811406 0.997192025 87.366386414
0.996400535 0.000224452 0.084769517 1.494141579 -0.001037386 0.999953866 0.009546010 -2.259415865 -0.084763452 -0.009599590 0.996354818 87.911132812
0.995633781 -0.000234781 0.093345568 1.571280956 -0.000658726 0.999954283 0.009541117 -2.265336037 -0.093343526 -0.009560948 0.995588005 88.453010559
0.994984686 -0.000011701 0.100027129 1.647708893 -0.000949703 0.999953806 0.009563808 -2.278947830 -0.100022621 -0.009610839 0.994938731 88.994926453
0.993945062 -0.000125183 0.109878644 1.727949142 -0.000913943 0.999955297 0.009406623 -2.284174919 -0.109874919 -0.009450088 0.993900478 89.534454346
0.992667973 -0.000162844 0.120873526 1.810574532 -0.000990976 0.999954522 0.009485509 -2.289299011 -0.120869577 -0.009535743 0.992622554 90.075859070
0.991418540 -0.000736343 0.130723700 1.923055649 -0.000506517 0.999955058 0.009474026 -2.309788465 -0.130724788 -0.009458940 0.991373599 90.575218201
0.989986360 -0.001156355 0.141158298 2.003678322 -0.000169996 0.999955952 0.009383765 -2.302622318 -0.141162917 -0.009313797 0.989942491 91.133354187
0.988177299 -0.001146724 0.153311402 2.111133575 -0.000369721 0.999951363 0.009862397 -2.320215225 -0.153315246 -0.009802479 0.988128662 91.672859192
0.986351669 -0.001432109 0.164646104 2.229516983 -0.000250251 0.999948025 0.010196832 -2.332523346 -0.164652169 -0.010098866 0.986299992 92.214019775
0.984514654 -0.000685226 0.175300762 2.323001862 -0.001043299 0.999951720 0.009767989 -2.334249020 -0.175299004 -0.009799619 0.984466493 92.748199463
0.982113779 -0.001777328 0.188279733 2.446064949 0.000021961 0.999956489 0.009324864 -2.341638803 -0.188288108 -0.009153943 0.982071280 93.273429871
0.979625285 -0.001994342 0.200824425 2.579586029 0.000135629 0.999957085 0.009268745 -2.352899790 -0.200834289 -0.009052659 0.979583442 93.800437927
0.977646232 -0.003467281 0.210227892 2.718055725 0.001659534 0.999960065 0.008774788 -2.356801987 -0.210249931 -0.008229757 0.977613091 94.312881470
0.974729300 -0.002010524 0.223380238 2.849588394 -0.000142734 0.999953687 0.009622863 -2.368916035 -0.223389268 -0.009411571 0.974683881 94.825431824
0.971553683 -0.002143049 0.236809462 3.000869751 -0.000151004 0.999953151 0.009668779 -2.374651432 -0.236819103 -0.009429497 0.971508026 95.356811523
0.968762457 -0.002510137 0.247977704 3.157882690 0.000078269 0.999951839 0.009816174 -2.384901762 -0.247990400 -0.009490133 0.968715966 95.885917664
0.965870380 -0.004057711 0.258993834 3.314971924 0.001834326 0.999959409 0.008825788 -2.381541729 -0.259019107 -0.008049488 0.965838671 96.418434143
0.962280452 -0.003107000 0.272041738 3.490913391 0.000538805 0.999954700 0.009514633 -2.387716055 -0.272058964 -0.009009168 0.962238431 96.911857605
0.958697081 -0.003711399 0.284404963 3.671380997 0.001146248 0.999957144 0.009185265 -2.399015427 -0.284426868 -0.008479887 0.958660245 97.430572510
0.955053449 -0.003817578 0.296409011 3.849254608 0.001308446 0.999961615 0.008663015 -2.399128914 -0.296430767 -0.007885806 0.955021858 97.977600098
0.950635076 -0.003601363 0.310290128 4.031734467 0.000745399 0.999956250 0.009322251 -2.411600113 -0.310310155 -0.008630769 0.950596154 98.459739685
0.945979893 -0.003550556 0.324205816 4.233591080 0.000623560 0.999958098 0.009131647 -2.418207169 -0.324224621 -0.008436193 0.945942461 98.984092712
0.942053080 -0.004514679 0.335433424 4.434114456 0.001424524 0.999954224 0.009457900 -2.428165436 -0.335460782 -0.008432010 0.942016423 99.465354919
0.937408924 -0.005441113 0.348188072 4.657884598 0.002147216 0.999949217 0.009845303 -2.455859423 -0.348224014 -0.008481439 0.937372983 99.905448914
0.931806684 -0.005500144 0.362913281 4.870986938 0.002209349 0.999952555 0.009482149 -2.452379704 -0.362948269 -0.008033727 0.931774676 100.449150085
0.927036583 -0.005911673 0.374924392 5.092378616 0.002730112 0.999955654 0.009016480 -2.450377941 -0.374961048 -0.007335020 0.927011549 100.973754883
0.921884418 -0.004474206 0.387439132 5.296823502 0.000693032 0.999950767 0.009898561 -2.466770411 -0.387464404 -0.008856821 0.921842158 101.485961914
0.915942729 -0.004667529 0.401281774 5.539619446 0.000835251 0.999952376 0.009724500 -2.475297451 -0.401308119 -0.008571913 0.915903091 101.974555969
0.910007358 -0.004868219 0.414563596 5.778667450 0.000827233 0.999950409 0.009926558 -2.480677605 -0.414591342 -0.008690300 0.909966290 102.465644836
0.904904783 -0.004674890 0.425588578 6.031917572 0.000350269 0.999947488 0.010239192 -2.496407509 -0.425614268 -0.009116422 0.904858768 102.963676453
0.899106979 -0.005745306 0.437691391 6.293754578 0.001493567 0.999948263 0.010057615 -2.502657175 -0.437726647 -0.008389150 0.899069011 103.437255859
0.892483771 -0.005273326 0.451048613 6.568462372 0.000715607 0.999946952 0.010274675 -2.517809391 -0.451078922 -0.008847207 0.892440200 103.929656982
0.886278272 -0.005610352 0.463119179 6.805023193 0.001018444 0.999947965 0.010164628 -2.520184517 -0.463151991 -0.008537029 0.886237741 104.354789734
0.880369604 -0.005851284 0.474252194 7.080593109 0.001057906 0.999945641 0.010373420 -2.529447079 -0.474287122 -0.008630728 0.880327880 104.831428528
0.872687161 -0.006167774 0.488240838 7.365787506 0.001120140 0.999942958 0.010629772 -2.543064117 -0.488278508 -0.008729568 0.872644186 105.308921814
0.865449309 -0.006476945 0.500954628 7.633338928 0.001490879 0.999945283 0.010352856 -2.546125174 -0.500994325 -0.008213010 0.865411580 105.731056213
0.859184086 -0.006389416 0.511626780 7.930511475 0.001197695 0.999944329 0.010476428 -2.559725761 -0.511665285 -0.008388406 0.859143972 106.181793213
