1.000000000 0.000000000 0.000000000 0.000000000 0.000000000 1.000000000 0.000000000 0.000000000 0.000000000 0.000000000 1.000000000 0.000000000
1.000000000 -0.000028370 -0.000134065 0.003919822 0.000028376 1.000000000 0.000047950 -0.000478019 0.000134064 -0.000047954 1.000000000 -0.000811613
1.000000000 0.000107261 -0.000032492 0.000727272 -0.000107260 1.000000000 0.000034096 -0.000536555 0.000032495 -0.000034093 1.000000000 -0.002853503
1.000000000 -0.000169239 -0.000145460 0.006163233 0.000169257 1.000000000 0.000126094 -0.001735458 0.000145439 -0.000126118 1.000000000 -0.002814056
1.000000000 -0.000138306 -0.000168554 0.003949318 0.000138319 1.000000000 0.000078242 -0.001476357 0.000168544 -0.000078265 1.000000000 -0.003099510
1.000000000 0.000053824 0.000019957 -0.000797335 -0.000053822 1.000000000 -0.000058536 -0.000575487 -0.000019960 0.000058535 1.000000000 -0.002417454
1.000000000 -0.000029104 -0.000086371 0.003083983 0.000029115 1.000000000 0.000128506 -0.002391158 0.000086367 -0.000128508 1.000000000 -0.005731084
1.000000000 -0.000047660 -0.000044561 -0.001239011 0.000047662 1.000000000 0.000054304 -0.000162608 0.000044558 -0.000054306 1.000000000 0.002736677
1.000000000 -0.000015892 -0.000068090 0.002182525 0.000015893 1.000000000 0.000015343 -0.002744623 0.000068090 -0.000015344 1.000000000 -0.007151775
1.000000000 -0.000076619 -0.000050467 0.001783977 0.000076625 1.000000000 0.000105180 -0.000617412 0.000050459 -0.000105184 1.000000000 -0.005862948
1.000000000 0.000036778 0.000046673 -0.000255206 -0.000036779 1.000000000 0.000039669 -0.000932915 -0.000046672 -0.000039671 1.000000000 -0.002123153
0.999999940 -0.000238067 -0.000129044 0.001365116 0.000238083 0.999999940 0.000121337 -0.003116141 0.000129015 -0.000121368 1.000000000 -0.008359747
1.000000000 -0.000040206 0.000043240 0.000055382 0.000040203 1.000000000 0.000070509 -0.001707951 -0.000043243 -0.000070508 1.000000000 -0.004102206
1.000000000 -0.000092121 -0.000011329 0.001592687 0.000092122 1.000000000 0.000133707 -0.002446654 0.000011317 -0.000133708 1.000000000 -0.006693717
1.000000000 -0.000213308 -0.000089551 0.001868335 0.000213321 0.999999940 0.000140078 -0.001684946 0.000089521 -0.000140097 1.000000000 -0.006276550
1.000000000 -0.000129704 -0.000091787 0.000934690 0.000129714 1.000000000 0.000116832 -0.001582418 0.000091772 -0.000116843 1.000000000 -0.006026603
0.999999940 -0.000248833 -0.000052815 0.001160544 0.000248837 0.999999940 0.000085636 -0.001879971 0.000052794 -0.000085649 1.000000000 -0.007015064
1.000000000 -0.000031312 -0.000073763 0.002681173 0.000031324 1.000000000 0.000159142 -0.003250323 0.000073758 -0.000159145 1.000000000 -0.009934706
0.999999940 -0.000353391 -0.000095027 0.003468071 0.000353410 0.999999940 0.000205805 -0.004427840 0.000094955 -0.000205838 1.000000000 -0.009926950
1.000000000 -0.000109964 -0.000052508 0.001745254 0.000109970 1.000000000 0.000105251 -0.003517765 0.000052496 -0.000105257 1.000000000 -0.006239800
1.000000000 -0.000076306 -0.000060421 0.003280957 0.000076324 0.999999940 0.000299396 -0.006061134 0.000060398 -0.000299400 0.999999940 -0.008916513
1.000000000 -0.000006373 0.000009959 0.000123420 0.000006372 1.000000000 0.000104298 -0.001132666 -0.000009960 -0.000104298 1.000000000 -0.005358100
0.999999940 -0.000228234 -0.000200637 0.005764796 0.000228291 0.999999940 0.000281207 -0.003444832 0.000200573 -0.000281253 0.999999940 -0.013371130
0.999999940 -0.000274118 -0.000068819 -0.000005628 0.000274137 0.999999940 0.000269143 -0.003937125 0.000068745 -0.000269162 0.999999940 -0.007583569
0.999999940 -0.000268673 -0.000198374 0.005811918 0.000268721 0.999999940 0.000243883 -0.003549220 0.000198309 -0.000243937 0.999999940 -0.011818194
1.000000000 -0.000175485 -0.000109209 0.002743757 0.000175514 0.999999940 0.000267436 -0.003774995 0.000109162 -0.000267455 0.999999940 -0.011250043
1.000000000 -0.000070221 -0.000098486 0.001715448 0.000070239 1.000000000 0.000190227 -0.004802104 0.000098472 -0.000190234 1.000000000 -0.011090905
1.000000000 -0.000220324 -0.000090531 0.002540417 0.000220348 0.999999940 0.000273822 -0.004369756 0.000090470 -0.000273842 0.999999940 -0.006397462
1.000000000 -0.000206481 -0.000109135 -0.000286606 0.000206497 0.999999940 0.000150687 0.000238555 0.000109104 -0.000150709 1.000000000 -0.006240339
1.000000000 -0.000045610 -0.000021517 -0.001032565 0.000045614 1.000000000 0.000195486 -0.001143566 0.000021508 -0.000195487 1.000000000 -0.002959073
1.000000000 -0.000123987 -0.000081495 -0.000720160 0.000124005 0.999999940 0.000214149 -0.001511576 0.000081468 -0.000214159 1.000000000 -0.001815551
0.999999940 -0.000306727 -0.000191148 -0.001339160 0.000306772 0.999999940 0.000238143 -0.003005838 0.000191075 -0.000238202 0.999999940 -0.009875640
0.999999940 -0.000358750 -0.000165699 0.002771569 0.000358791 0.999999881 0.000247855 -0.003936531 0.000165610 -0.000247914 0.999999940 -0.008432464
1.000000000 -0.000130868 -0.000146127 0.000732503 0.000130889 1.000000000 0.000145578 -0.001678396 0.000146108 -0.000145597 1.000000000 -0.003364704
1.000000000 -0.000190512 -0.000097185 0.000940933 0.000190526 1.000000000 0.000140621 -0.002634389 0.000097158 -0.000140640 1.000000000 -0.003504945
0.999999940 -0.000299689 -0.000090028 -0.000381302 0.000299690 0.999999940 0.000011216 -0.000886237 0.000090025 -0.000011243 1.000000000 -0.006346681
0.999999940 -0.000255178 -0.000104216 0.002530050 0.000255194 0.999999940 0.000155622 -0.001813623 0.000104176 -0.000155649 1.000000000 -0.008402976
0.999999940 -0.000254755 -0.000183354 0.001505072 0.000254785 0.999999940 0.000160226 -0.001288834 0.000183313 -0.000160273 1.000000000 -0.007335050
0.999999940 -0.000239425 -0.000125368 0.000403934 0.000239460 0.999999940 0.000286075 -0.002669137 0.000125299 -0.000286105 0.999999940 -0.009458449
0.999999940 -0.000329413 -0.000188745 0.003204021 0.000329464 0.999999881 0.000267408 -0.005149252 0.000188657 -0.000267470 0.999999940 -0.008288978
0.999999940 -0.000211122 -0.000168602 0.007910116 0.000211064 0.999999940 -0.000343330 -0.009556299 0.000168674 0.000343295 0.999999940 0.043612793
0.999999940 -0.000267346 -0.000207606 0.006563331 0.000267131 0.999999404 -0.001035523 -0.007505421 0.000207883 0.001035467 0.999999464 0.139982417
0.999999940 -0.000243169 -0.000123722 0.003161313 0.000243011 0.999999166 -0.001280051 -0.013570245 0.000124033 0.001280021 0.999999166 0.260894328
0.999999881 -0.000428442 0.000020578 0.001628884 0.000428467 0.999999106 -0.001271058 -0.018867107 -0.000020033 0.001271066 0.999999166 0.394754022
0.999999940 -0.000156020 -0.000256898 0.014417143 0.000155758 0.999999464 -0.001020512 -0.023575144 0.000257057 0.001020472 0.999999464 0.530472338
1.000000000 -0.000129360 -0.000111688 0.015774237 0.000129249 0.999999523 -0.000992304 -0.028857209 0.000111817 0.000992290 0.999999523 0.690574765
0.999999881 -0.000299065 0.000404945 0.009817034 0.000299413 0.999999583 -0.000861674 -0.031126451 -0.000404687 0.000861795 0.999999523 0.869345605
0.999999821 -0.000462103 -0.000326894 0.027741520 0.000461951 0.999999762 -0.000462576 -0.039248440 0.000327108 0.000462425 0.999999821 1.026667476
0.999999940 -0.000118031 0.000238645 0.023571204 0.000118176 0.999999821 -0.000605592 -0.040516909 -0.000238574 0.000605620 0.999999762 1.204407334
0.999999940 -0.000356213 -0.000035801 0.042859435 0.000356205 0.999999940 -0.000218227 -0.055425089 0.000035879 0.000218214 1.000000000 1.412321091
1.000000000 -0.000008586 0.000126814 0.039807942 0.000008622 0.999999940 -0.000287418 -0.062541015 -0.000126812 0.000287419 0.999999940 1.605591059
0.999989867 0.000225745 0.004484036 -0.066891931 -0.000220588 0.999999225 -0.001150462 -0.071111396 -0.004484292 0.001149461 0.999989271 1.729430437
0.999990344 0.000054053 0.004407655 -0.055644386 -0.000049903 0.999999523 -0.000941644 -0.080185540 -0.004407703 0.000941414 0.999989867 1.930553555
0.999988198 0.000638661 0.004809101 -0.062343553 -0.000633021 0.999999106 -0.001174105 -0.085658588 -0.004809847 0.001171047 0.999987662 2.155346632
0.999988735 0.000554280 0.004719961 -0.051532477 -0.000549471 0.999999285 -0.001020175 -0.094054699 -0.004720523 0.001017570 0.999988317 2.382152319
0.999988616 0.000905404 0.004679684 -0.043776128 -0.000900793 0.999999106 -0.000987337 -0.095315896 -0.004680574 0.000983110 0.999988496 2.624238253
0.999985933 0.001019592 0.005204674 -0.045086909 -0.001016189 0.999999225 -0.000656543 -0.104322657 -0.005205339 0.000651245 0.999986172 2.851747036
0.999987185 0.000681923 0.005020812 -0.042167488 -0.000678771 0.999999583 -0.000629495 -0.115854859 -0.005021239 0.000626079 0.999987185 3.061423779
0.999985456 0.001170746 0.005274485 -0.040991899 -0.001166615 0.999998987 -0.000786349 -0.122431971 -0.005275400 0.000780184 0.999985814 3.313544035
0.999985814 0.000836480 0.005262356 -0.034214139 -0.000832852 0.999999404 -0.000691516 -0.128289789 -0.005262930 0.000687123 0.999985933 3.567077875
0.999986410 0.001167761 0.005084390 -0.025026893 -0.001164608 0.999999106 -0.000623090 -0.138913050 -0.005085113 0.000617161 0.999986887 3.808299303
0.999987841 0.000511165 0.004912967 -0.013317378 -0.000508170 0.999999642 -0.000610906 -0.144747019 -0.004913278 0.000608401 0.999987721 4.081046581
0.999984145 0.000235265 0.005629064 -0.030036621 -0.000237347 0.999999881 0.000369077 -0.179958805 -0.005628977 -0.000370407 0.999984086 4.293419361
0.999986231 0.000359794 0.005256527 -0.015481615 -0.000360015 0.999999940 0.000041093 -0.184830457 -0.005256511 -0.000042985 0.999986231 4.557641506
0.999983132 0.000195855 0.005810082 -0.013439210 -0.000197262 0.999999940 0.000241555 -0.192481831 -0.005810035 -0.000242697 0.999983072 4.828942776
0.999983966 0.000716629 0.005629758 0.007326741 -0.000717292 0.999999762 0.000115802 -0.200508416 -0.005629673 -0.000119838 0.999984145 5.100410461
0.999982119 0.000492937 0.005961930 -0.016990915 -0.000497479 0.999999583 0.000760385 -0.221691325 -0.005961552 -0.000763338 0.999981940 5.337656021
0.999981344 0.000089373 0.006111035 -0.014252376 -0.000094232 0.999999642 0.000794867 -0.229894310 -0.006110962 -0.000795428 0.999981046 5.599964619
0.999981403 0.000519734 0.006086587 -0.008929178 -0.000525134 0.999999464 0.000885737 -0.234157279 -0.006086124 -0.000888917 0.999981046 5.866971016
0.999980628 0.001151616 0.006125941 0.000898477 -0.001154456 0.999999225 0.000460064 -0.243571505 -0.006125407 -0.000467127 0.999981105 6.153264046
0.999977827 0.001224999 0.006535260 0.004537858 -0.001231041 0.999998808 0.000920721 -0.257446587 -0.006534124 -0.000928745 0.999978244 6.404867649
0.999978840 0.000831183 0.006439359 0.008850224 -0.000834889 0.999999464 0.000572719 -0.260459960 -0.006438879 -0.000578083 0.999979138 6.698964596
0.999978542 0.000709561 0.006509382 0.017126536 -0.000715581 0.999999344 0.000922624 -0.273032010 -0.006508723 -0.000927262 0.999978423 7.003582478
0.999978662 0.000959168 0.006457481 0.026251830 -0.000964841 0.999999106 0.000875529 -0.278647333 -0.006456636 -0.000881741 0.999978781 7.314092636
0.999981523 0.000399226 0.006056915 0.044182345 -0.000403914 0.999999642 0.000772836 -0.299486220 -0.006056604 -0.000775268 0.999981344 7.594909191
0.999980688 0.000741475 0.006171573 0.055878561 -0.000749645 0.999998927 0.001321660 -0.314281702 -0.006170586 -0.001326261 0.999980092 7.918083191
0.999977946 0.000654391 0.006609973 0.049662717 -0.000660877 0.999999225 0.000979155 -0.318097234 -0.006609329 -0.000983502 0.999977648 8.232117653
0.999976695 0.001464173 0.006667490 0.064048350 -0.001469143 0.999998629 0.000740633 -0.320669055 -0.006666397 -0.000750412 0.999977469 8.566246986
0.999980867 0.000488623 0.006161860 0.075109325 -0.000494435 0.999999464 0.000941754 -0.334446013 -0.006161397 -0.000944783 0.999980509 8.861096382
0.999981165 -0.000054445 0.006124992 0.083162099 0.000047662 0.999999344 0.001107487 -0.342372477 -0.006125050 -0.001107174 0.999980569 9.213848114
0.999981523 -0.000428253 0.006059041 0.102661192 0.000419964 0.999998987 0.001369345 -0.359038085 -0.006059621 -0.001366775 0.999980688 9.552912712
0.999980688 0.000275629 0.006205703 0.111026630 -0.000282480 0.999999344 0.001103203 -0.363064080 -0.006205395 -0.001104935 0.999980152 9.892841339
0.999979854 0.000394225 0.006333437 0.110800371 -0.000399754 0.999999523 0.000871780 -0.376331747 -0.006333090 -0.000874294 0.999979556 10.224919319
0.999981463 0.000463478 0.006079710 0.125100851 -0.000471406 0.999999106 0.001302797 -0.389255822 -0.006079100 -0.001305639 0.999980688 10.593990326
0.999980569 0.000361252 0.006218233 0.127734542 -0.000367118 0.999999404 0.000942262 -0.394312739 -0.006217889 -0.000944525 0.999980152 10.975856781
0.999976099 0.000895645 0.006858891 0.128262714 -0.000905549 0.999998569 0.001441016 -0.411527812 -0.006857590 -0.001447193 0.999975443 11.342242241
0.999977410 0.001085160 0.006630929 0.158730209 -0.001095223 0.999998271 0.001514109 -0.422180593 -0.006629274 -0.001521337 0.999976873 11.711601257
0.999978483 0.000169322 0.006549794 0.152349859 -0.000179606 0.999998748 0.001569492 -0.438260138 -0.006549520 -0.001570636 0.999977291 12.050781250
0.999979675 -0.000087195 0.006378854 0.166781992 0.000077506 0.999998808 0.001519057 -0.449797302 -0.006378979 -0.001518532 0.999978483 12.436979294
0.999976039 0.000687380 0.006892389 0.180605769 -0.000700629 0.999997914 0.001920144 -0.463709563 -0.006891054 -0.001924927 0.999974430 12.828788757
0.999979854 0.000294890 0.006337943 0.207251623 -0.000306524 0.999998271 0.001834712 -0.463123113 -0.006337391 -0.001836618 0.999978185 13.223160744
0.999977112 -0.000014081 0.006764657 0.208113790 -0.000002094 0.999997139 0.002391036 -0.507878780 -0.006764672 -0.002390995 0.999974251 13.613013268
0.999975562 -0.000084138 0.006989069 0.219565660 0.000066352 0.999996781 0.002544991 -0.518043876 -0.006989260 -0.002544465 0.999972284 14.025694847
0.999976277 -0.000594039 0.006867658 0.235607028 0.000574204 0.999995649 0.002889791 -0.537842572 -0.006869345 -0.002885779 0.999972224 14.458855629
0.999970853 0.000100132 0.007628322 0.233280957 -0.000126653 0.999993980 0.003476272 -0.543816030 -0.007627927 -0.003477137 0.999964774 14.868948936
0.999969184 -0.000263664 0.007847819 0.247315288 0.000234092 0.999992907 0.003768879 -0.558279276 -0.007848758 -0.003766925 0.999962091 15.284430504
0.999967694 -0.000382816 0.008021024 0.267703235 0.000360150 0.999995947 0.002827070 -0.585022688 -0.008022074 -0.002824090 0.999963760 15.709754944
0.999969363 -0.000404115 0.007811248 0.286625236 0.000382646 0.999996185 0.002749767 -0.594836950 -0.007812328 -0.002746693 0.999965668 16.154930115
0.999962330 -0.000056045 0.008673147 0.291645795 0.000029684 0.999995351 0.003039416 -0.605795443 -0.008673278 -0.003039045 0.999957740 16.588890076
0.999953687 0.000859486 0.009584211 0.301773727 -0.000888361 0.999995053 0.003008915 -0.613258302 -0.009581578 -0.003017290 0.999949515 17.065727234
0.999958813 0.000059706 0.009072162 0.311658800 -0.000091332 0.999993920 0.003485663 -0.632065892 -0.009071898 -0.003486349 0.999952793 17.479364395
0.999954581 0.000641122 0.009503724 0.322732687 -0.000675078 0.999993384 0.003570091 -0.644238174 -0.009501372 -0.003576344 0.999948502 17.956455231
0.999950826 -0.000052662 0.009920496 0.338605583 0.000014807 0.999992728 0.003815835 -0.655731797 -0.009920625 -0.003815500 0.999943554 18.419454575
0.999949932 0.000464931 0.010004733 0.353264183 -0.000506461 0.999991179 0.004148995 -0.671032906 -0.010002716 -0.004153853 0.999941349 18.894489288
0.999951005 0.000300584 0.009896418 0.364331245 -0.000344413 0.999990165 0.004427356 -0.710063100 -0.009894990 -0.004430548 0.999941230 19.328344345
0.999949336 0.000082573 0.010064365 0.372392178 -0.000127597 0.999989986 0.004473139 -0.708957613 -0.010063896 -0.004474197 0.999939382 19.816072464
0.999952078 -0.000077820 0.009788203 0.395924151 0.000035418 0.999990642 0.004332000 -0.724751651 -0.009788450 -0.004331446 0.999942720 20.297092438
0.999951839 0.000256266 0.009809026 0.408882439 -0.000303809 0.999988139 0.004845737 -0.756065488 -0.009807668 -0.004848484 0.999940157 20.769102097
0.999957263 0.000210904 0.009238089 0.420528859 -0.000250154 0.999990940 0.004247834 -0.749409318 -0.009237109 -0.004249964 0.999948323 21.299571991
0.999958694 0.000178735 0.009085757 0.434804529 -0.000223802 0.999987602 0.004959402 -0.781347454 -0.009084757 -0.004961229 0.999946475 21.794065475
0.999961615 0.000348143 0.008760594 0.458367854 -0.000395105 0.999985576 0.005359380 -0.793512225 -0.008758600 -0.005362635 0.999947250 22.282012939
0.999968052 0.000187606 0.007991021 0.455865443 -0.000227503 0.999987543 0.004992097 -0.810290217 -0.007989987 -0.004993756 0.999955535 22.766590118
0.999972522 -0.000510486 0.007390495 0.468118906 0.000471310 0.999985874 0.005301659 -0.833855748 -0.007393098 -0.005298031 0.999958634 23.301897049
0.999972343 -0.000698741 0.007402537 0.467495978 0.000665434 0.999989688 0.004500981 -0.839935482 -0.007405607 -0.004495932 0.999962449 23.849500656
0.999980688 0.000460781 0.006192195 0.494518936 -0.000488694 0.999989688 0.004506979 -0.844826698 -0.006190055 -0.004509918 0.999970615 24.324432373
0.999981225 0.000529296 0.006092095 0.504744828 -0.000558933 0.999988019 0.004864121 -0.855673790 -0.006089448 -0.004867435 0.999969542 24.864965439
0.999986827 0.000846367 0.005056762 0.516582251 -0.000867900 0.999990582 0.004257716 -0.863136590 -0.005053111 -0.004262049 0.999978125 25.389339447
0.999988079 0.000553916 0.004832811 0.530323565 -0.000574616 0.999990582 0.004282866 -0.874469280 -0.004830393 -0.004285592 0.999979138 25.934261322
0.999990821 0.000004901 0.004285279 0.545499563 -0.000026955 0.999986827 0.005146304 -0.885739148 -0.004285197 -0.005146373 0.999977529 26.495790482
0.999992073 0.000118273 0.003980530 0.546277940 -0.000138954 0.999986470 0.005195717 -0.913927615 -0.003979862 -0.005196229 0.999978602 26.994092941
0.999991179 0.001189694 0.004018527 0.555431485 -0.001211057 0.999985158 0.005317907 -0.933078229 -0.004012141 -0.005322726 0.999977827 27.550058365
0.999994338 0.000424828 0.003345379 0.570067406 -0.000441205 0.999987900 0.004896028 -0.937852204 -0.003343259 -0.004897476 0.999982417 28.086217880
0.999995232 0.001021823 0.002901948 0.597249150 -0.001037310 0.999985158 0.005340371 -0.954155982 -0.002896449 -0.005343354 0.999981463 28.623840332
0.999996006 0.000826085 0.002700889 0.593724847 -0.000840289 0.999985933 0.005262222 -0.964992523 -0.002696504 -0.005264471 0.999982536 29.136150360
0.999994934 0.001338765 0.002873768 0.603698075 -0.001353384 0.999986172 0.005091440 -0.971731305 -0.002866912 -0.005095304 0.999982953 29.684877396
0.999997854 0.000775421 0.001928983 0.625817597 -0.000785009 0.999987304 0.004974911 -0.984623611 -0.001925100 -0.004976416 0.999985695 30.193765640
0.999998331 0.001080566 0.001478157 0.640504897 -0.001089298 0.999981880 0.005919474 -1.005518317 -0.001471734 -0.005921075 0.999981403 30.748157501
0.999998331 0.000914385 0.001581092 0.634983957 -0.000922733 0.999985516 0.005287104 -1.017474890 -0.001576235 -0.005288554 0.999984801 31.266723633
0.999997735 0.001111810 0.001817572 0.646386743 -0.001121059 0.999986410 0.005095514 -1.030796289 -0.001811882 -0.005097539 0.999985337 31.772670746
0.999997675 0.001356795 0.001653028 0.655163944 -0.001366032 0.999983430 0.005599520 -1.036741376 -0.001645403 -0.005601765 0.999982893 32.323078156
0.999995470 0.002320907 0.001909288 0.653058946 -0.002330362 0.999984980 0.004965105 -1.052508473 -0.001897736 -0.004969531 0.999985814 32.846187592
0.999998391 0.001437006 0.001052076 0.674791932 -0.001442664 0.999984384 0.005396794 -1.068104148 -0.001044305 -0.005398304 0.999984801 33.354084015
0.999998391 0.001652558 0.000791856 0.688186407 -0.001657253 0.999980867 0.005965190 -1.089080095 -0.000781983 -0.005966491 0.999981821 33.876056671
0.999998331 0.001580745 0.000955385 0.687523723 -0.001585730 0.999985039 0.005239480 -1.093302131 -0.000947088 -0.005240986 0.999985814 34.405769348
0.999999046 0.001196842 0.000633275 0.713268697 -0.001200463 0.999982774 0.005748702 -1.118328452 -0.000626383 -0.005749457 0.999983251 34.942394257
0.999998748 0.001448883 0.000673237 0.710754037 -0.001452546 0.999983966 0.005472282 -1.133084536 -0.000665297 -0.005473253 0.999984741 35.503593445
0.999997973 0.001904677 0.000603797 0.735660911 -0.001907690 0.999985456 0.005028576 -1.137899041 -0.000594210 -0.005029717 0.999987185 36.058006287
0.999998510 0.001660264 0.000490059 0.743368566 -0.001663163 0.999980748 0.005975841 -1.167021155 -0.000480128 -0.005976648 0.999981940 36.567398071
0.999999166 0.001253157 -0.000055190 0.761220872 -0.001252823 0.999983013 0.005684935 -1.178236485 0.000062313 -0.005684860 0.999983788 37.117191315
0.999997377 0.002284964 -0.000221075 0.778411269 -0.002283932 0.999987006 0.004562090 -1.174798965 0.000231496 -0.004561572 0.999989629 37.677593231
0.999999046 0.001177529 -0.000634414 0.790547669 -0.001174251 0.999986112 0.005143506 -1.189800382 0.000640461 -0.005142757 0.999986529 38.234779358
0.999998510 0.001536284 -0.000734461 0.809552193 -0.001532302 0.999984324 0.005392243 -1.201435804 0.000742734 -0.005391109 0.999985218 38.780040741
0.999999702 0.000109647 -0.000724729 0.808180213 -0.000104611 0.999975801 0.006946330 -1.246287107 0.000725473 -0.006946255 0.999975622 39.223045349
0.999999762 0.000107355 -0.000572348 0.818971276 -0.000103365 0.999975681 0.006966612 -1.260159016 0.000573082 -0.006966552 0.999975502 39.768684387
0.999999225 0.001085266 -0.000360949 0.825651526 -0.001082749 0.999975562 0.006900528 -1.276563287 0.000368428 -0.006900133 0.999976099 40.300029755
0.999999344 -0.000162742 -0.001142272 0.848066688 0.000171102 0.999973118 0.007322632 -1.297906756 0.001141050 -0.007322824 0.999972463 40.842987061
0.999998987 0.000620769 -0.001278357 0.863925219 -0.000611582 0.999974132 0.007173549 -1.314995646 0.001282777 -0.007172761 0.999973416 41.383018494
0.999999285 -0.000148582 -0.001161973 0.869496703 0.000156987 0.999973714 0.007236533 -1.315683007 0.001160867 -0.007236713 0.999973059 41.880508423
0.999999166 0.000989381 -0.000844759 0.876771271 -0.000983681 0.999976873 0.006720703 -1.320201039 0.000851389 -0.006719866 0.999976993 42.429363251
0.999999106 0.001095973 -0.000820322 0.881972551 -0.001090591 0.999977946 0.006533089 -1.336417198 0.000827464 -0.006532189 0.999978304 42.930191040
0.999998748 -0.000541038 -0.001501878 0.900824904 0.000552069 0.999972820 0.007354103 -1.351175308 0.001497858 -0.007354924 0.999971747 43.474952698
0.999998987 -0.000291401 -0.001389099 0.912741303 0.000301142 0.999975324 0.007017140 -1.357548952 0.001387019 -0.007017551 0.999974370 44.017959595
0.999999166 -0.000192189 -0.001257203 0.924818158 0.000201045 0.999975145 0.007047405 -1.371781945 0.001255817 -0.007047652 0.999974370 44.549846649
0.999999285 -0.000432471 -0.001087787 0.932857454 0.000440378 0.999973416 0.007279406 -1.381514192 0.001084610 -0.007279880 0.999972880 45.076129913
0.999999762 0.000519940 -0.000378518 0.945304871 -0.000517015 0.999970317 0.007686047 -1.402472377 0.000382503 -0.007685850 0.999970376 45.624217987
0.999998987 0.000262831 -0.001416263 0.968750238 -0.000252781 0.999974847 0.007091481 -1.408967018 0.001418091 -0.007091116 0.999973774 46.138996124
0.999998569 -0.000087378 -0.001728924 0.988940775 0.000099598 0.999975026 0.007069204 -1.421853304 0.001728264 -0.007069365 0.999973476 46.679889679
0.999999046 0.000914757 -0.001027416 0.970257580 -0.000908477 0.999980986 0.006096343 -1.417038083 0.001032973 -0.006095401 0.999980927 47.216453552
0.999999046 0.000517503 -0.001279783 0.977775574 -0.000509916 0.999982417 0.005921650 -1.426352501 0.001282825 -0.005920993 0.999981582 47.781627655
0.999998868 -0.000303715 -0.001480866 1.006453395 0.000315254 0.999969542 0.007798083 -1.466698885 0.001478454 -0.007798540 0.999968469 48.245567322
0.999998808 0.000580827 -0.001493371 1.019914746 -0.000568690 0.999966919 0.008115202 -1.480576158 0.001498036 -0.008114343 0.999965906 48.794204712
0.999997497 -0.000480560 -0.002189531 1.042507529 0.000499505 0.999962330 0.008660052 -1.494459271 0.002185287 -0.008661123 0.999960124 49.336574554
0.999999166 0.000412425 -0.001228587 1.037553430 -0.000402354 0.999966383 0.008186980 -1.505414248 0.001231923 -0.008186479 0.999965727 49.840000153
0.999999166 0.000613653 -0.001149995 1.043846726 -0.000604028 0.999964952 0.008351098 -1.517348528 0.001155079 -0.008350395 0.999964476 50.385578156
0.999999642 0.000436499 -0.000783348 1.046230435 -0.000429703 0.999962449 0.008655649 -1.525603533 0.000787098 -0.008655310 0.999962211 50.909378052
0.999998808 0.000031331 -0.001543587 1.070852518 -0.000018583 0.999965906 0.008258091 -1.539696455 0.001543795 -0.008258053 0.999964714 51.388385773
0.999998510 0.000111554 -0.001726432 1.085408449 -0.000097371 0.999966264 0.008212890 -1.545500994 0.001727291 -0.008212710 0.999964833 51.934215546
0.999999225 0.000075956 -0.001189509 1.076499820 -0.000066012 0.999965072 0.008357047 -1.563558698 0.001190103 -0.008356963 0.999964356 52.483715057
0.999998748 0.001539239 -0.000390046 1.074015498 -0.001536291 0.999971151 0.007450335 -1.559537888 0.000401503 -0.007449726 0.999972224 52.964099884
0.999998868 0.000433078 -0.001396921 1.106357336 -0.000421159 0.999963582 0.008521995 -1.593457937 0.001400561 -0.008521398 0.999962687 53.490161896
0.999998569 0.000523167 -0.001579708 1.115468144 -0.000510371 0.999967098 0.008090149 -1.600940108 0.001583888 -0.008089333 0.999965966 54.045345306
0.999999106 0.000316136 -0.001287513 1.125388861 -0.000305856 0.999968171 0.007976668 -1.607038260 0.001289994 -0.007976268 0.999967337 54.607032776
0.999999523 0.000768792 -0.000718180 1.125925660 -0.000763084 0.999968410 0.007915624 -1.612684250 0.000724243 -0.007915073 0.999968410 55.115295410
0.999999464 0.000516315 -0.000854099 1.151316047 -0.000508684 0.999960124 0.008910014 -1.653311968 0.000858665 -0.008909576 0.999959886 55.521766663
0.999999225 0.000009222 -0.001196502 1.176665306 0.000001502 0.999959826 0.008962029 -1.661737204 0.001196537 -0.008962025 0.999959111 56.052978516
0.999999344 0.000925002 -0.000476494 1.171096444 -0.000920984 0.999964595 0.008365105 -1.671019077 0.000484215 -0.008364662 0.999964893 56.629611969
0.999999166 0.001288245 -0.000385527 1.176220059 -0.001285034 0.999965429 0.008214070 -1.679425001 0.000396095 -0.008213568 0.999966204 57.205867767
0.999999404 0.000766870 -0.000760614 1.217638493 -0.000760701 0.999967098 0.008077880 -1.676965952 0.000766785 -0.008077296 0.999967098 57.600891113
0.999999464 0.000045231 -0.001013341 1.232927084 -0.000037625 0.999971867 0.007505148 -1.688143253 0.001013651 -0.007505107 0.999971330 58.145565033
0.999999583 0.000390550 -0.000730242 1.243782163 -0.000385104 0.999972284 0.007442109 -1.704717875 0.000733129 -0.007441823 0.999972105 58.673927307
0.999999642 0.000831706 -0.000210478 1.254644156 -0.000829982 0.999967158 0.008062135 -1.707768798 0.000217176 -0.008061958 0.999967396 59.141220093
0.999999821 0.000402688 -0.000465139 1.273976088 -0.000399041 0.999969363 0.007815117 -1.721562147 0.000468272 -0.007814930 0.999969304 59.693538666
0.999999344 0.000581030 -0.000967456 1.323444366 -0.000573168 0.999966919 0.008107239 -1.756169081 0.000972134 -0.008106680 0.999966681 60.154220581
0.999998093 0.000881876 -0.001696116 1.376077533 -0.000867719 0.999964952 0.008329509 -1.755504370 0.001703400 -0.008328020 0.999963880 60.646938324
0.999998033 0.001321045 -0.001448209 1.390680552 -0.001309705 0.999968767 0.007803134 -1.758887768 0.001458471 -0.007801222 0.999968529 61.189399719
0.999998391 0.001260465 -0.001228048 1.400333047 -0.001251152 0.999970675 0.007555218 -1.770561218 0.001237535 -0.007553669 0.999970794 61.677654266
0.999998569 0.000908846 -0.001448116 1.400782943 -0.000897776 0.999970496 0.007626973 -1.798055172 0.001455005 -0.007625661 0.999969900 62.238052368
0.999998391 0.001041334 -0.001462349 1.432276368 -0.001028798 0.999962926 0.008547243 -1.796020031 0.001471195 -0.008545727 0.999962389 62.691169739
0.999998569 0.001180900 -0.001271168 1.425278306 -0.001170512 0.999966204 0.008141926 -1.806228518 0.001280740 -0.008140427 0.999966085 63.222927094
0.999997437 0.001638053 -0.001579286 1.455657482 -0.001624997 0.999964774 0.008232691 -1.812665462 0.001592716 -0.008230104 0.999964833 63.779975891
0.999997795 0.002027276 -0.000522572 1.451867938 -0.002022756 0.999961674 0.008508496 -1.834060311 0.000539801 -0.008507420 0.999963641 64.293403625
0.999998331 0.001377824 -0.001170885 1.526329875 -0.001368225 0.999965906 0.008159424 -1.816869736 0.001182087 -0.008157810 0.999966025 64.724052429
0.999998271 0.001073086 -0.001526532 1.536087751 -0.001061204 0.999969304 0.007763284 -1.826923728 0.001534816 -0.007761651 0.999968648 65.266380310
0.999997079 0.001044586 -0.002184786 1.552658319 -0.001027607 0.999969423 0.007758303 -1.842388034 0.002192823 -0.007756035 0.999967515 65.818038940
0.999997616 0.001987073 -0.000846851 1.582952857 -0.001980506 0.999968469 0.007686292 -1.844428778 0.000862097 -0.007684595 0.999970078 66.245460510
0.999997318 0.002224139 -0.000536154 1.589125872 -0.002220254 0.999971986 0.007139497 -1.850247145 0.000552018 -0.007138287 0.999974370 66.784301758
0.999997258 0.002273742 -0.000566013 1.598369122 -0.002269682 0.999972343 0.007072062 -1.869206190 0.000582077 -0.007070757 0.999974787 67.324119568
0.999998271 0.001471348 -0.001173910 1.637595296 -0.001463803 0.999978364 0.006403202 -1.846464038 0.001183305 -0.006401471 0.999978840 67.837837219
0.999998093 0.001838215 -0.000620353 1.654232383 -0.001833135 0.999965608 0.008091634 -1.888668776 0.000635205 -0.008090482 0.999967098 68.278472900
0.999998569 0.001317117 -0.001045969 1.664692521 -0.001309118 0.999970198 0.007611390 -1.893141985 0.001055963 -0.007610012 0.999970496 68.823112488
0.999996185 0.002748196 -0.000370576 1.678606510 -0.002745400 0.999969244 0.007344984 -1.917162657 0.000390750 -0.007343940 0.999972939 69.346572876
0.999994934 0.003024744 -0.000970032 1.730621338 -0.003017258 0.999966323 0.007627802 -1.942182779 0.000993072 -0.007624839 0.999970496 69.856040955
0.999998569 0.001398894 -0.000926434 1.747275710 -0.001391312 0.999966085 0.008135291 -1.956276894 0.000937784 -0.008133989 0.999966502 70.287384033
0.999997139 0.002164355 -0.001021243 1.764530659 -0.002156188 0.999966264 0.007931593 -1.972636819 0.001038376 -0.007929366 0.999967992 70.821929932
0.999995470 0.002972306 -0.000258249 1.757927775 -0.002970142 0.999963522 0.008010010 -1.974908352 0.000282049 -0.008009207 0.999967873 71.385726929
0.999997318 0.002296395 -0.000140962 1.792041063 -0.002295189 0.999965131 0.008032006 -1.998303652 0.000159402 -0.008031663 0.999967694 71.802238464
0.999998868 0.001462679 -0.000321793 1.805242777 -0.001459992 0.999965370 0.008195945 -2.014360905 0.000333770 -0.008195467 0.999966323 72.348152161
0.999997556 0.002186157 0.000555078 1.810896516 -0.002190249 0.999969542 0.007481069 -2.008995533 -0.000538706 -0.007482266 0.999971867 72.879135132
0.999997854 0.002030143 0.000394641 1.813289046 -0.002033036 0.999970019 0.007474721 -2.031039238 -0.000379455 -0.007475508 0.999971926 73.409584045
0.999996364 0.002486618 0.001024343 1.826938152 -0.002494417 0.999967396 0.007684389 -2.042399645 -0.001005202 -0.007686916 0.999969959 73.944694519
0.999998152 0.001791131 0.000683567 1.847102642 -0.001795873 0.999973893 0.007000863 -2.040914297 -0.000671010 -0.007002078 0.999975264 74.503768921
0.999998212 0.001668641 0.000896575 1.855077267 -0.001675306 0.999970496 0.007485382 -2.065726757 -0.000884059 -0.007486870 0.999971569 74.984855652
0.999997914 0.001896768 0.000828486 1.864656925 -0.001902821 0.999971032 0.007368363 -2.072377443 -0.000814488 -0.007369923 0.999972463 75.550506592
0.999997914 0.001694194 0.001174518 1.861213446 -0.001702794 0.999971449 0.007360775 -2.085345745 -0.001162014 -0.007362761 0.999972165 76.108078003
0.999995112 0.002283197 0.002125804 1.879352093 -0.002299795 0.999966621 0.007838533 -2.095088959 -0.002107835 -0.007843385 0.999967039 76.510734558
0.999993563 0.002857220 0.002164271 1.891096354 -0.002873394 0.999967694 0.007507630 -2.102164507 -0.002142751 -0.007513802 0.999969542 77.055557251
0.999993563 0.002611668 0.002428957 1.919933438 -0.002629233 0.999970198 0.007256756 -2.120888710 -0.002409932 -0.007263097 0.999970794 77.635032654
0.999991119 0.001750018 0.003818758 1.915627837 -0.001779131 0.999969304 0.007633763 -2.126553059 -0.003805281 -0.007640490 0.999963522 78.128829956
0.999984086 0.001482073 0.005442756 1.922628880 -0.001518600 0.999976397 0.006713273 -2.132377625 -0.005432677 -0.006721433 0.999962628 78.687538147
0.999974549 0.002257149 0.006768760 1.928008318 -0.002303604 0.999973774 0.006863204 -2.151384830 -0.006753093 -0.006878621 0.999953568 79.260910034
0.999965549 0.002434089 0.007935831 1.944819212 -0.002488688 0.999973238 0.006877469 -2.164488316 -0.007918879 -0.006896981 0.999944866 79.892646790
0.999911964 0.002820001 0.012959221 1.961990476 -0.002920338 0.999965847 0.007730259 -2.179658413 -0.012936979 -0.007767424 0.999886155 80.227920532
0.999849200 0.003983043 0.016901700 1.986603022 -0.004113157 0.999962091 0.007670462 -2.183531761 -0.016870508 -0.007738825 0.999827683 80.770812988
0.999788284 0.004155309 0.020152273 2.006031752 -0.004305717 0.999963164 0.007425933 -2.196751356 -0.020120675 -0.007511131 0.999769330 81.320312500
0.999687612 0.004026033 0.024663582 2.038907528 -0.004207090 0.999964535 0.007293592 -2.197852373 -0.024633344 -0.007395076 0.999669135 81.861160278
0.999398112 0.000967450 0.034679376 2.008932829 -0.001207679 0.999975443 0.006906849 -2.190762997 -0.034671843 -0.006944573 0.999374628 82.296676636
0.999161124 0.000767265 0.040943842 2.037042379 -0.001052432 0.999975324 0.006943735 -2.199593306 -0.040937506 -0.006981001 0.999137282 82.860710144
0.998913825 0.000513753 0.046593029 2.086266518 -0.000833809 0.999976218 0.006850000 -2.213865042 -0.046588399 -0.006881409 0.998890519 83.398429871
0.998497307 0.000906564 0.054793358 2.149787903 -0.001291052 0.999974787 0.006982055 -2.229660988 -0.054785639 -0.007042305 0.998473287 83.983413696
0.997741401 -0.006938687 0.066811636 2.121526241 0.006667709 0.999968588 0.004277973 -2.194725513 -0.066839211 -0.003822831 0.997756422 84.770828247
0.997215450 -0.006872409 0.074256420 2.181260586 0.006573724 0.999969244 0.004266019 -2.203054190 -0.074283451 -0.003765997 0.997229993 85.309715271
0.996507704 -0.007014831 0.083204709 2.239414215 0.006695762 0.999969125 0.004113172 -2.222390652 -0.083230987 -0.003541690 0.996523976 85.831871033
0.995651603 -0.006885954 0.092899784 2.323822021 0.006515520 0.999969542 0.004290180 -2.237372160 -0.092926487 -0.003666236 0.995666265 86.421112061
0.994676113 -0.006124346 0.102867894 2.366882324 0.005684974 0.999973416 0.004563860 -2.264054775 -0.102893084 -0.003954763 0.994684577 86.952713013
0.993665397 -0.009160697 0.112003952 2.413968563 0.008757583 0.999953270 0.004090561 -2.242641211 -0.112036176 -0.003083764 0.993699312 87.371559143
0.992473960 -0.010296030 0.122021109 2.511360168 0.009886480 0.999943256 0.003961362 -2.250941515 -0.122054972 -0.002725191 0.992519498 87.905937195
0.991061985 -0.008858075 0.133107960 2.599445343 0.008323956 0.999954939 0.004568619 -2.278578997 -0.133142427 -0.003419800 0.991091013 88.440277100
0.989786208 -0.009141022 0.142266363 2.677035332 0.008595882 0.999953151 0.004445951 -2.295958281 -0.142300367 -0.003177636 0.989818335 88.879318237
0.988206506 -0.009329477 0.152842298 2.787784576 0.008788702 0.999952555 0.004213371 -2.297656775 -0.152874336 -0.002820395 0.988241553 89.421585083
0.986154258 -0.008521311 0.165611476 2.892095566 0.007866538 0.999958336 0.004609218 -2.321447611 -0.165643886 -0.003242610 0.986180305 89.966850281
0.984152615 -0.008507456 0.177120015 2.977379799 0.007799651 0.999958575 0.004692063 -2.335576296 -0.177152619 -0.003236231 0.984178066 90.455902100
0.982461989 -0.009125731 0.186239526 3.101075172 0.008381482 0.999953449 0.004783190 -2.343952656 -0.186274484 -0.003138339 0.982492745 90.992439270
0.979930103 -0.008812579 0.199146599 3.230272293 0.007983902 0.999955773 0.004963803 -2.367583513 -0.199181512 -0.003274213 0.979957283 91.578765869
0.977354646 -0.009019013 0.211415648 3.368585587 0.008136541 0.999954164 0.005043686 -2.385805368 -0.211451441 -0.003209278 0.977383256 92.087348938
0.974960566 -0.009283341 0.222184405 3.504117966 0.008410370 0.999952793 0.004874891 -2.391825914 -0.222219139 -0.002884173 0.974992454 92.648948669
0.971914172 -0.009200621 0.235155687 3.668674469 0.008149643 0.999952018 0.005440761 -2.431564569 -0.235194474 -0.003371517 0.971942484 93.074935913
0.968552113 -0.009695577 0.248621851 3.828132629 0.008506766 0.999946713 0.005855536 -2.443176746 -0.248665348 -0.003556424 0.968582928 93.590332031
0.965626061 -0.010717732 0.259714395 4.001182556 0.009455210 0.999936700 0.006110010 -2.459554434 -0.259763420 -0.003444330 0.965666115 94.116203308
0.962148070 -0.010130462 0.272338897 4.137804031 0.008885022 0.999943614 0.005805947 -2.453537703 -0.272382379 -0.003166444 0.962183893 94.667198181
0.958143234 -0.010149401 0.286109179 4.322772980 0.008658777 0.999941468 0.006474657 -2.471976757 -0.286158204 -0.003726292 0.958175063 95.172660828
0.954274356 -0.011305237 0.298718363 4.500013351 0.009921816 0.999931872 0.006147368 -2.483531713 -0.298767567 -0.002902447 0.954321444 95.624137878
0.950777411 -0.011735943 0.309652627 4.700063705 0.010131407 0.999925613 0.006789408 -2.504646301 -0.309709311 -0.003317998 0.950825512 96.135368347
0.945987642 -0.010756982 0.324023932 4.889478683 0.008977538 0.999935269 0.006986044 -2.510869503 -0.324078113 -0.003699775 0.946023047 96.672012329
0.941376925 -0.011813636 0.337149650 5.101953506 0.010118996 0.999925792 0.006783249 -2.514248848 -0.337204754 -0.002973977 0.941426635 97.196983337
0.937449634 -0.012116065 0.347910017 5.325496674 0.010338618 0.999922276 0.006964990 -2.526094437 -0.347967416 -0.002932419 0.937502027 97.719093323
0.932637632 -0.011858420 0.360619336 5.521158218 0.009997920 0.999925315 0.007024297 -2.545511007 -0.360675722 -0.002945680 0.932686627 98.179298401
0.927233279 -0.012990369 0.374258757 5.766819000 0.011144109 0.999912679 0.007096821 -2.553311586 -0.374318212 -0.002409627 0.927297175 98.712539673
0.922116935 -0.013691256 0.386668742 5.953027725 0.011634633 0.999902964 0.007658839 -2.595610857 -0.386736065 -0.002563596 0.922186911 99.190406799
0.917034745 -0.012537921 0.398610264 6.171257019 0.010490365 0.999918222 0.007317592 -2.553353071 -0.398669362 -0.002528917 0.917091250 99.634521484
0.911349237 -0.013945260 0.411397636 6.435512543 0.012246873 0.999902189 0.006764055 -2.557177067 -0.411451727 -0.001126080 0.911430776 100.103233337
0.905257881 -0.014239823 0.424623847 6.688045502 0.012491298 0.999898195 0.006901468 -2.578396559 -0.424678892 -0.000943503 0.905343592 100.570968628
0.899654031 -0.013922897 0.436381668 6.950748444 0.011667647 0.999901116 0.007847891 -2.582353592 -0.436447889 -0.001968838 0.899727345 101.139694214
0.893879831 -0.014167793 0.448082715 7.216350555 0.011771589 0.999897659 0.008132326 -2.598004580 -0.448152065 -0.001994678 0.893955052 101.602127075
0.886881113 -0.014201075 0.461779654 7.519863129 0.011899993 0.999898016 0.007895001 -2.605628252 -0.461844683 -0.001506754 0.886959553 102.123771667
0.880957186 -0.014954129 0.472959667 7.806732178 0.012656505 0.999887526 0.008040030 -2.620588541 -0.473026663 -0.001096907 0.881047428 102.583496094
0.874451041 -0.014782012 0.484888375 8.076797485 0.012166396 0.999889433 0.008541058 -2.627338171 -0.484961003 -0.001569394 0.874534249 103.081497192
0.866825044 -0.013922120 0.498417854 8.368423462 0.011173540 0.999901474 0.008497372 -2.641723156 -0.498487025 -0.001796645 0.866895258 103.545890808
0.859548390 -0.014986973 0.510834575 8.698719025 0.012293393 0.999886990 0.008649598 -2.653873444 -0.510906518 -0.001154859 0.859635532 104.029174805
