1.000000000 0.000000000 0.000000000 0.000000000 0.000000000 1.000000000 0.000000000 0.000000000 0.000000000 0.000000000 1.000000000 0.000000000
1.000000000 0.000086339 0.000018794 -0.001311533 -0.000086338 1.000000000 -0.000063679 0.001389043 -0.000018800 0.000063677 1.000000000 0.003056986
1.000000000 0.000085620 -0.000019817 0.000840424 -0.000085621 1.000000000 -0.000033017 0.000958231 0.000019815 0.000033019 1.000000000 0.003196107
1.000000000 0.000212997 0.000069407 -0.000159832 -0.000212998 1.000000000 0.000013785 0.000541741 -0.000069404 -0.000013800 1.000000000 -0.002977831
1.000000000 0.000070475 -0.000034644 0.003559396 -0.000070478 1.000000000 -0.000089110 0.001970398 0.000034638 0.000089113 1.000000000 -0.001404850
1.000000000 -0.000042790 -0.000054599 0.002656297 0.000042790 1.000000000 -0.000002204 0.001222088 0.000054599 0.000002202 1.000000000 0.000494361
1.000000000 0.000051942 0.000017946 -0.000548528 -0.000051941 1.000000000 -0.000040999 0.001080006 -0.000017948 0.000040998 1.000000000 -0.001776182
1.000000000 0.000054221 0.000036675 0.000087384 -0.000054223 1.000000000 0.000040549 0.000970658 -0.000036672 -0.000040551 1.000000000 -0.000330402
1.000000000 0.000000243 0.000151494 -0.004410411 -0.000000230 1.000000000 -0.000080678 0.002814331 -0.000151494 0.000080678 1.000000000 0.004048786
1.000000000 0.000107865 0.000094031 -0.001544099 -0.000107862 1.000000000 -0.000033896 0.000664716 -0.000094035 0.000033886 1.000000000 -0.001202276
1.000000000 0.000184894 0.000070163 0.000260370 -0.000184896 1.000000000 0.000023494 0.001613343 -0.000070159 -0.000023507 1.000000000 -0.002051393
1.000000000 0.000098215 0.000024871 -0.000081627 -0.000098215 1.000000000 -0.000000607 0.000787313 -0.000024871 0.000000604 1.000000000 -0.006273276
1.000000000 0.000044731 0.000081780 -0.001739010 -0.000044732 1.000000000 0.000018710 0.000790474 -0.000081779 -0.000018714 1.000000000 -0.003739894
1.000000000 -0.000063859 0.000090148 -0.000993809 0.000063858 1.000000000 0.000013400 -0.000205548 -0.000090149 -0.000013394 1.000000000 -0.000176182
1.000000000 0.000073221 0.000061856 -0.000038141 -0.000073221 1.000000000 -0.000006923 0.000766172 -0.000061857 0.000006918 1.000000000 -0.002386256
1.000000000 0.000015021 0.000028520 0.000064172 -0.000015021 1.000000000 0.000015273 0.000685611 -0.000028520 -0.000015274 1.000000000 -0.003347404
1.000000000 -0.000008957 0.000050956 -0.002438988 0.000008956 1.000000000 0.000005108 0.000958847 -0.000050956 -0.000005108 1.000000000 -0.002794050
1.000000000 0.000120262 0.000147700 -0.003680093 -0.000120265 1.000000000 0.000024296 -0.000037894 -0.000147697 -0.000024313 1.000000000 -0.002554853
1.000000000 0.000096294 0.000016837 0.000358584 -0.000096295 1.000000000 0.000018923 0.001410201 -0.000016835 -0.000018925 1.000000000 -0.004998961
1.000000000 -0.000086177 -0.000019322 -0.000646437 0.000086177 1.000000000 0.000018965 0.000068753 0.000019321 -0.000018967 1.000000000 -0.005586546
1.000000000 0.000049390 0.000060282 -0.000723474 -0.000049392 1.000000000 0.000039280 -0.000372173 -0.000060280 -0.000039283 1.000000000 -0.006925886
1.000000000 -0.000049906 0.000024343 -0.000116625 0.000049906 1.000000000 0.000016767 -0.001045813 -0.000024343 -0.000016766 1.000000000 -0.004510837
1.000000000 0.000094225 0.000147870 -0.004910442 -0.000094205 1.000000000 -0.000135901 0.002591075 -0.000147882 0.000135887 1.000000000 0.002320335
1.000000000 -0.000041360 -0.000007680 0.000987069 0.000041360 1.000000000 -0.000019318 0.000033542 0.000007681 0.000019318 1.000000000 -0.001964485
1.000000000 -0.000069340 0.000056072 -0.002492606 0.000069339 1.000000000 0.000016080 0.000884593 -0.000056073 -0.000016076 1.000000000 -0.000544104
1.000000000 -0.000005446 -0.000022292 0.001113976 0.000005445 1.000000000 -0.000019868 0.000941779 0.000022292 0.000019868 1.000000000 -0.005099012
1.000000000 -0.000113160 0.000043191 -0.001788805 0.000113161 1.000000000 -0.000023467 0.002356672 -0.000043189 0.000023472 1.000000000 -0.001444217
1.000000000 0.000089857 0.000053703 -0.000549438 -0.000089854 1.000000000 -0.000045972 0.000789399 -0.000053707 0.000045968 1.000000000 -0.005349513
1.000000000 -0.000103957 0.000052878 -0.002001310 0.000103954 1.000000000 0.000066524 -0.000051680 -0.000052885 -0.000066519 1.000000000 -0.002114231
1.000000000 -0.000088699 0.000091648 -0.004527884 0.000088707 1.000000000 -0.000091935 0.004100985 -0.000091640 0.000091943 1.000000000 0.001473872
1.000000000 -0.000053796 0.000033398 -0.000730233 0.000053796 1.000000000 -0.000006360 0.000702497 -0.000033397 0.000006362 1.000000000 -0.001700837
1.000000000 0.000016408 0.000086150 -0.002650511 -0.000016413 1.000000000 0.000057074 -0.000430563 -0.000086149 -0.000057075 1.000000000 0.000315396
1.000000000 -0.000140506 0.000059472 -0.003350819 0.000140504 1.000000000 0.000031780 0.000930998 -0.000059476 -0.000031772 1.000000000 -0.000899279
1.000000000 -0.000049181 0.000036362 -0.000774695 0.000049179 1.000000000 0.000054923 -0.000811891 -0.000036365 -0.000054921 1.000000000 -0.003308084
0.999999940 0.000240648 0.000139833 -0.003066724 -0.000240645 1.000000000 -0.000024783 0.000724842 -0.000139839 0.000024749 1.000000000 -0.000637084
1.000000000 0.000008521 0.000051206 -0.001097251 -0.000008523 1.000000000 0.000040179 0.000389415 -0.000051206 -0.000040179 1.000000000 -0.001337390
1.000000000 -0.000000572 -0.000030435 0.000336305 0.000000575 1.000000000 0.000078651 0.000080223 0.000030435 -0.000078651 1.000000000 -0.007241333
1.000000000 0.000009136 0.000017993 -0.000730389 -0.000009134 1.000000000 -0.000108972 0.002166051 -0.000017994 0.000108971 1.000000000 -0.002612956
1.000000000 -0.000047891 -0.000023025 0.001125470 0.000047893 1.000000000 0.000077026 -0.000574263 0.000023022 -0.000077027 1.000000000 -0.004495222
1.000000000 -0.000014194 0.000026046 0.000312989 0.000014193 1.000000000 0.000036424 0.000840388 -0.000026046 -0.000036423 1.000000000 -0.002763560
1.000000000 -0.000211007 -0.000003976 0.001044571 0.000211007 1.000000000 0.000066000 -0.000655446 0.000003962 -0.000066000 1.000000000 -0.001489780
1.000000000 -0.000078453 0.000043887 0.002572664 0.000078473 0.999999881 -0.000458237 -0.005378189 -0.000043851 0.000458240 0.999999881 0.048963770
1.000000000 -0.000034503 0.000069737 0.003857442 0.000034587 0.999999285 -0.001198639 -0.003487970 -0.000069696 0.001198641 0.999999285 0.144313544
1.000000000 -0.000076708 0.000001981 0.006004833 0.000076710 0.999998987 -0.001404237 -0.011365863 -0.000001873 0.001404237 0.999998987 0.258276165
1.000000000 -0.000064001 0.000125360 0.004776303 0.000064171 0.999999106 -0.001356131 -0.015589271 -0.000125274 0.001356139 0.999999046 0.386487544
1.000000000 0.000050659 -0.000021907 0.007536184 -0.000050681 0.999999464 -0.001005347 -0.023075210 0.000021856 0.001005349 0.999999523 0.531326592
1.000000000 0.000055088 0.000077331 0.007308412 -0.000055024 0.999999642 -0.000819746 -0.031841233 -0.000077376 0.000819742 0.999999642 0.682244360
1.000000000 -0.000029698 0.000042366 0.011965910 0.000029724 0.999999821 -0.000613498 -0.036799405 -0.000042348 0.000613499 0.999999821 0.856319964
1.000000000 -0.000042287 -0.000114854 0.023249924 0.000042221 0.999999821 -0.000572051 -0.035877548 0.000114879 0.000572046 0.999999821 1.024782896
0.999999642 0.000767484 0.000181313 0.004626412 -0.000767441 0.999999702 -0.000237275 -0.045780644 -0.000181495 0.000237136 0.999999881 1.192055464
0.999999762 0.000641753 -0.000192873 0.020592820 -0.000641767 0.999999881 -0.000071145 -0.048843753 0.000192827 0.000071268 0.999999940 1.379596233
0.999999642 0.000818692 -0.000021197 0.020671126 -0.000818688 0.999999583 0.000164389 -0.062456120 0.000021331 -0.000164372 1.000000000 1.567739487
0.999999583 0.000926165 0.000288175 0.024072815 -0.000926235 0.999999583 0.000242000 -0.066377111 -0.000287951 -0.000242267 1.000000000 1.759070039
0.999999523 0.000904211 0.000313423 0.020765599 -0.000904396 0.999999464 0.000592297 -0.076093309 -0.000312887 -0.000592580 0.999999762 1.972191572
0.999999046 0.001151095 0.000652924 0.016801709 -0.001151430 0.999999225 0.000512299 -0.081694178 -0.000652333 -0.000513050 0.999999702 2.184097052
0.999999642 0.000627263 0.000388697 0.030275879 -0.000627515 0.999999583 0.000647551 -0.094996490 -0.000388291 -0.000647794 0.999999702 2.393710375
0.999999583 0.000801420 0.000240465 0.035092987 -0.000801632 0.999999225 0.000885083 -0.102794796 -0.000239755 -0.000885275 0.999999523 2.629397869
0.999999881 0.000380285 0.000285640 0.041375320 -0.000380536 0.999999523 0.000881341 -0.110398285 -0.000285304 -0.000881450 0.999999523 2.860115051
0.999999464 0.000856648 0.000560450 0.042841885 -0.000857198 0.999999285 0.000981102 -0.119138643 -0.000559609 -0.000981582 0.999999344 3.085582972
0.999999583 0.000711034 0.000504330 0.052714109 -0.000711536 0.999999225 0.000996122 -0.128297493 -0.000503622 -0.000996481 0.999999344 3.326823711
0.999999583 0.000647735 0.000614285 0.053253215 -0.000648388 0.999999166 0.001062418 -0.133026496 -0.000613596 -0.001062816 0.999999166 3.579244375
0.999999404 0.000885173 0.000477869 0.062419269 -0.000885681 0.999998987 0.001063234 -0.139708340 -0.000476927 -0.001063656 0.999999285 3.828368187
0.999999821 0.000213873 0.000482455 0.060487647 -0.000214520 0.999999106 0.001340624 -0.151735634 -0.000482168 -0.001340727 0.999998987 4.085221291
0.999999523 0.000696654 0.000593874 0.065511398 -0.000697643 0.999998391 0.001666021 -0.161939293 -0.000592713 -0.001666435 0.999998450 4.333847046
0.999999583 0.000589231 0.000724054 0.068137832 -0.000590294 0.999998748 0.001469201 -0.165302679 -0.000723188 -0.001469627 0.999998629 4.603742123
0.999999225 0.000608040 0.001006594 0.074342616 -0.000609697 0.999998450 0.001647038 -0.175300971 -0.001005591 -0.001647650 0.999998152 4.856945515
0.999998987 0.000760205 0.001213903 0.070710920 -0.000762366 0.999998093 0.001780891 -0.190058663 -0.001212547 -0.001781814 0.999997735 5.097625256
0.999999166 0.000732084 0.001044556 0.078508541 -0.000734060 0.999997914 0.001892930 -0.193486154 -0.001043168 -0.001893695 0.999997675 5.372228622
0.999998868 0.000876191 0.001190010 0.084687375 -0.000878180 0.999998212 0.001672233 -0.197316766 -0.001188543 -0.001673277 0.999997854 5.645764828
0.999998808 0.000810321 0.001305589 0.087043792 -0.000812574 0.999998093 0.001725991 -0.208748177 -0.001304188 -0.001727050 0.999997675 5.917068481
0.999998033 0.001244718 0.001488970 0.090156734 -0.001247442 0.999997497 0.001830134 -0.221318856 -0.001486688 -0.001831988 0.999997258 6.176928043
0.999998093 0.001115710 0.001583728 0.095718466 -0.001118635 0.999997616 0.001847140 -0.228460729 -0.001581664 -0.001848908 0.999997020 6.465651989
0.999998569 0.000900373 0.001442232 0.102929890 -0.000902690 0.999998331 0.001606429 -0.233190387 -0.001440783 -0.001607728 0.999997616 6.756640911
0.999999523 -0.000110946 0.000969338 0.122336514 0.000109329 0.999998629 0.001668707 -0.246521547 -0.000969521 -0.001668601 0.999998152 7.037094116
0.999998569 0.000770161 0.001475570 0.122829057 -0.000772762 0.999998152 0.001763324 -0.256956041 -0.001474209 -0.001764461 0.999997318 7.343300819
0.999998868 0.000718137 0.001332573 0.131113410 -0.000720362 0.999998391 0.001670319 -0.268338501 -0.001331370 -0.001671277 0.999997735 7.638592243
0.999998689 0.000586107 0.001481995 0.139891133 -0.000589609 0.999997020 0.002364279 -0.284288436 -0.001480605 -0.002365150 0.999996066 7.960115433
0.999999166 0.000413616 0.001186990 0.154308170 -0.000416517 0.999996901 0.002444493 -0.298360020 -0.001185976 -0.002444986 0.999996305 8.268874168
0.999998450 0.000958701 0.001488043 0.161538735 -0.000961981 0.999997079 0.002205317 -0.300574780 -0.001485924 -0.002206746 0.999996483 8.598750114
0.999998748 0.000520002 0.001503968 0.165931106 -0.000524156 0.999996006 0.002763026 -0.310757875 -0.001502525 -0.002763811 0.999995112 8.950059891
0.999997854 0.000978516 0.001904850 0.159084290 -0.000982954 0.999996722 0.002330261 -0.317010820 -0.001902564 -0.002332128 0.999995410 9.284570694
0.999998748 0.000624338 0.001465648 0.173230723 -0.000627612 0.999997258 0.002234525 -0.321899801 -0.001464249 -0.002235441 0.999996364 9.622465134
0.999998510 0.000548641 0.001597332 0.176524013 -0.000552262 0.999997199 0.002267195 -0.329984874 -0.001596084 -0.002268074 0.999996126 9.960371971
0.999999225 0.000228998 0.001189521 0.187688127 -0.000231086 0.999998391 0.001755555 -0.338173628 -0.001189117 -0.001755829 0.999997735 10.317136765
0.999998987 0.000605397 0.001228404 0.202235594 -0.000608300 0.999996901 0.002364484 -0.353341132 -0.001226969 -0.002365229 0.999996364 10.674859047
0.999999285 0.000372835 0.001189317 0.214320675 -0.000375608 0.999997258 0.002331965 -0.361088455 -0.001188444 -0.002332410 0.999996543 11.051836014
0.999998569 0.000823235 0.001453344 0.214192852 -0.000827248 0.999995828 0.002762539 -0.386341751 -0.001451063 -0.002763738 0.999995112 11.413165092
0.999998808 0.000770161 0.001363813 0.223229125 -0.000773924 0.999995887 0.002761087 -0.393368661 -0.001361681 -0.002762139 0.999995232 11.798572540
0.999997854 0.001120721 0.001751039 0.237239197 -0.001126124 0.999994576 0.003087590 -0.410796523 -0.001747570 -0.003089556 0.999993742 12.172208786
0.999997199 0.000830325 0.002246651 0.221872613 -0.000837261 0.999994874 0.003087797 -0.424054295 -0.002244076 -0.003089669 0.999992728 12.528918266
0.999998271 0.000236420 0.001857229 0.239196494 -0.000242056 0.999995351 0.003034923 -0.437967122 -0.001856503 -0.003035367 0.999993682 12.934653282
0.999998033 0.000464338 0.001961211 0.253812939 -0.000470580 0.999994814 0.003183473 -0.456620514 -0.001959722 -0.003184390 0.999993026 13.330267906
0.999995828 0.001274250 0.002607112 0.257421494 -0.001283176 0.999993324 0.003424847 -0.463707834 -0.002602730 -0.003428178 0.999990821 13.730748177
0.999995887 0.001313929 0.002577447 0.269147515 -0.001323657 0.999992013 0.003776193 -0.481772512 -0.002572465 -0.003779590 0.999989569 14.128030777
0.999997854 0.000357972 0.002044071 0.280505747 -0.000365091 0.999993861 0.003483960 -0.502965093 -0.002042812 -0.003484700 0.999991775 14.521508217
0.999997795 -0.000385743 0.002085386 0.293226570 0.000377685 0.999992490 0.003862937 -0.517141998 -0.002086861 -0.003862141 0.999990284 14.932435036
0.999996126 0.000207337 0.002766671 0.305723816 -0.000217834 0.999992847 0.003794397 -0.529229760 -0.002765864 -0.003794985 0.999988973 15.352891922
0.999995828 -0.000252897 0.002877108 0.317475677 0.000239981 0.999989867 0.004488771 -0.565287828 -0.002878214 -0.004488061 0.999985754 15.784600258
0.999995112 -0.000836789 0.003013514 0.332998216 0.000822344 0.999988198 0.004791545 -0.577672184 -0.003017488 -0.004789043 0.999984026 16.224357605
0.999994695 0.000120572 0.003266966 0.343359500 -0.000135548 0.999989510 0.004584070 -0.589800656 -0.003266378 -0.004584489 0.999984145 16.656433105
0.999991775 0.000208023 0.004041736 0.346017957 -0.000229764 0.999985516 0.005379247 -0.615341425 -0.004040557 -0.005380131 0.999977350 17.117574692
0.999992430 0.000516209 0.003865833 0.356770664 -0.000536693 0.999985814 0.005299655 -0.624053478 -0.003863042 -0.005301689 0.999978483 17.572776794
0.999993742 -0.000598505 0.003493105 0.377564132 0.000580048 0.999985874 0.005282427 -0.641196549 -0.003496218 -0.005280367 0.999979913 18.046276093
0.999990046 -0.000182672 0.004471010 0.384603381 0.000157225 0.999983847 0.005691358 -0.650530398 -0.004471977 -0.005690597 0.999973834 18.518615723
0.999988317 0.000047205 0.004833046 0.394224733 -0.000073184 0.999985576 0.005375131 -0.662931144 -0.004832723 -0.005375423 0.999973893 18.939033508
0.999991000 -0.000282285 0.004232212 0.414469302 0.000259811 0.999985874 0.005309922 -0.674511850 -0.004233651 -0.005308775 0.999976993 19.421720505
0.999989331 0.000625593 0.004581809 0.433422953 -0.000652442 0.999982655 0.005860675 -0.694207132 -0.004578062 -0.005863602 0.999972343 19.884138107
0.999989212 -0.000081361 0.004644657 0.429373235 0.000052240 0.999980330 0.006269451 -0.717410862 -0.004645075 -0.006269142 0.999969482 20.352157593
0.999989390 -0.000010721 0.004602372 0.442866445 -0.000018046 0.999980450 0.006250297 -0.734464109 -0.004602350 -0.006250314 0.999969780 20.840679169
0.999993801 -0.000780135 0.003438798 0.461499870 0.000756253 0.999975562 0.006940540 -0.760386825 -0.003444127 -0.006937898 0.999969900 21.352125168
0.999993563 -0.001171119 0.003400817 0.467007905 0.001149664 0.999979377 0.006303926 -0.756176591 -0.003408130 -0.006299974 0.999974310 21.869857788
0.999995112 -0.000535611 0.003081972 0.476881593 0.000514380 0.999976158 0.006885683 -0.769459367 -0.003085587 -0.006884065 0.999971509 22.295866013
0.999995470 -0.000306691 0.002997990 0.477492273 0.000284490 0.999972522 0.007402859 -0.787878752 -0.003000179 -0.007401973 0.999968112 22.799413681
0.999998331 -0.000730340 0.001666832 0.503525674 0.000719080 0.999977112 0.006745913 -0.795878470 -0.001671720 -0.006744705 0.999975860 23.314538956
0.999997616 -0.001721208 0.001319711 0.506971896 0.001712473 0.999976754 0.006591342 -0.810732901 -0.001331025 -0.006589068 0.999977410 23.819091797
0.999999583 -0.000360462 0.000815612 0.515017152 0.000355422 0.999980867 0.006171277 -0.812989891 -0.000817821 -0.006170985 0.999980569 24.355045319
0.999999881 -0.000494853 -0.000019953 0.531014264 0.000494969 0.999979973 0.006311828 -0.827117205 0.000016830 -0.006311838 0.999980092 24.883674622
0.999999762 -0.000450529 -0.000445680 0.535594225 0.000453382 0.999979258 0.006423263 -0.841068864 0.000442776 -0.006423464 0.999979198 25.410081863
0.999999464 -0.000150423 -0.001009541 0.549922049 0.000157022 0.999978542 0.006538643 -0.851428866 0.001008536 -0.006538798 0.999978125 25.953296661
0.999999106 -0.000549132 -0.001208537 0.562959373 0.000557718 0.999974549 0.007115823 -0.867229700 0.001204598 -0.007116492 0.999973953 26.482236862
0.999998093 -0.000727893 -0.001805075 0.574322224 0.000740209 0.999976337 0.006831188 -0.878967643 0.001800060 -0.006832513 0.999974966 27.007534027
0.999998033 -0.000252667 -0.001973463 0.590399444 0.000266176 0.999976516 0.006847810 -0.896205425 0.001971686 -0.006848323 0.999974608 27.549926758
0.999996424 -0.000549813 -0.002587182 0.599037051 0.000568516 0.999973655 0.007234426 -0.911213517 0.002583136 -0.007235872 0.999970496 28.073196411
0.999995351 -0.000319762 -0.003022031 0.613646209 0.000341181 0.999974847 0.007089727 -0.926324129 0.003019689 -0.007090725 0.999970317 28.617158890
0.999994695 -0.000173067 -0.003294394 0.613246202 0.000196912 0.999973714 0.007239243 -0.942874908 0.003293055 -0.007239851 0.999968350 29.129106522
0.999994159 -0.000130406 -0.003395713 0.615027308 0.000155641 0.999972284 0.007432235 -0.955320537 0.003394651 -0.007432721 0.999966621 29.648750305
0.999993026 -0.000237273 -0.003721049 0.623388529 0.000264700 0.999972761 0.007372176 -0.971985281 0.003719199 -0.007373109 0.999965906 30.190143585
0.999992311 0.000180359 -0.003921346 0.635362983 -0.000151555 0.999972999 0.007344367 -0.983344734 0.003922564 -0.007343717 0.999965370 30.730070114
0.999991417 0.000970343 -0.004005885 0.641693115 -0.000940165 0.999971211 0.007528570 -1.003514767 0.004013075 -0.007524740 0.999963641 31.238138199
0.999990046 0.000410305 -0.004418880 0.655709028 -0.000376742 0.999971151 0.007593813 -1.017982483 0.004421867 -0.007592073 0.999961436 31.779468536
0.999988854 0.000107509 -0.004707082 0.650787592 -0.000070286 0.999968708 0.007907165 -1.033707619 0.004707785 -0.007906746 0.999957681 32.308925629
0.999988854 0.001557278 -0.004464414 0.647931457 -0.001527282 0.999976337 0.006714550 -1.021574259 0.004474764 -0.006707658 0.999967515 32.871520996
0.999987483 0.000207180 -0.004991662 0.658536673 -0.000167758 0.999968827 0.007896745 -1.051738024 0.004993142 -0.007895809 0.999956369 33.331924438
0.999987543 0.000751246 -0.004929655 0.659008503 -0.000709808 0.999964416 0.008402182 -1.069242716 0.004935792 -0.008398579 0.999952555 33.873565674
0.999987781 0.000821164 -0.004871429 0.653395832 -0.000783140 0.999969244 0.007802387 -1.071310401 0.004877687 -0.007798477 0.999957740 34.391391754
0.999987066 -0.000051682 -0.005090856 0.674777746 0.000095575 0.999962926 0.008621961 -1.110552669 0.005090221 -0.008622337 0.999949872 34.920772552
0.999984503 0.000184995 -0.005562164 0.684545696 -0.000135181 0.999960005 0.008954821 -1.131157398 0.005563598 -0.008953932 0.999944448 35.456123352
0.999984562 0.001102680 -0.005442410 0.689837158 -0.001057848 0.999965489 0.008233668 -1.140983343 0.005451302 -0.008227784 0.999951363 36.006893158
0.999984860 0.000550808 -0.005471326 0.678094923 -0.000502395 0.999960721 0.008845973 -1.162331343 0.005475984 -0.008843089 0.999945939 36.496955872
0.999983966 0.000074307 -0.005661759 0.656898618 -0.000023215 0.999959290 0.009023588 -1.170999646 0.005662200 -0.009023312 0.999943256 37.028366089
0.999979436 -0.000277032 -0.006408110 0.693555593 0.000335256 0.999958634 0.009086787 -1.174322605 0.006405328 -0.009088749 0.999938190 37.592239380
0.999979854 0.000126080 -0.006346132 0.709554374 -0.000071560 0.999963105 0.008590420 -1.173964620 0.006346981 -0.008589793 0.999943018 38.210330963
0.999979734 0.000351851 -0.006359842 0.679289877 -0.000294000 0.999958634 0.009094890 -1.195057273 0.006362779 -0.009092837 0.999938488 38.705173492
0.999979019 -0.000496432 -0.006459559 0.715294480 0.000552739 0.999961853 0.008718074 -1.184854269 0.006454985 -0.008721463 0.999941170 39.235366821
0.999984503 0.000567664 -0.005542497 0.754404902 -0.000518747 0.999960959 0.008823080 -1.217161417 0.005547289 -0.008820067 0.999945700 39.581073761
0.999984264 0.001364859 -0.005431226 0.764076710 -0.001318668 0.999962986 0.008499095 -1.235013604 0.005442625 -0.008491799 0.999949098 40.121219635
0.999982476 0.001216467 -0.005788220 0.779843986 -0.001167001 0.999962866 0.008541649 -1.240009069 0.005798394 -0.008534745 0.999946773 40.637538910
0.999982297 0.001998323 -0.005613151 0.783181548 -0.001956841 0.999970794 0.007385931 -1.237363815 0.005627746 -0.007374815 0.999956906 41.229263306
0.999982357 0.001399335 -0.005791449 0.812892318 -0.001349656 0.999962270 0.008573092 -1.262807131 0.005803229 -0.008565123 0.999946415 41.665771484
0.999981225 0.001252392 -0.005999009 0.820573330 -0.001199555 0.999960542 0.008803154 -1.280910611 0.006009798 -0.008795794 0.999943197 42.200294495
0.999981582 0.001252086 -0.005931427 0.830796599 -0.001199052 0.999959290 0.008936338 -1.290860295 0.005942375 -0.008929062 0.999942482 42.702941895
0.999980330 0.000473999 -0.006249400 0.845982075 -0.000417303 0.999958754 0.009070558 -1.301514506 0.006253443 -0.009067773 0.999939322 43.231796265
0.999977708 0.000828472 -0.006627808 0.857136369 -0.000772421 0.999963939 0.008454923 -1.305334210 0.006634573 -0.008449614 0.999942303 43.769962311
0.999978065 0.001047671 -0.006533871 0.866592348 -0.000990951 0.999961853 0.008678228 -1.325747848 0.006542714 -0.008671563 0.999940991 44.322402954
0.999976158 0.000475869 -0.006895857 0.873742461 -0.000417368 0.999963939 0.008482384 -1.325044155 0.006899646 -0.008479301 0.999940276 44.860721588
0.999978423 0.000662604 -0.006536897 0.883470774 -0.000603502 0.999958992 0.009039092 -1.351570368 0.006542619 -0.009034952 0.999937773 45.392261505
0.999976456 0.000400435 -0.006856713 0.895937204 -0.000335648 0.999955356 0.009447262 -1.367137671 0.006860190 -0.009444738 0.999931872 45.940399170
0.999978900 0.000665615 -0.006460676 0.874522626 -0.000609034 0.999961495 0.008755878 -1.362598777 0.006466255 -0.008751757 0.999940813 46.452117920
0.999972105 0.000476924 -0.007457143 0.924367905 -0.000407007 0.999956012 0.009374530 -1.377332926 0.007461286 -0.009371233 0.999928236 47.043216705
0.999974966 0.000745248 -0.007039750 0.908477902 -0.000683344 0.999961138 0.008791866 -1.389166117 0.007046029 -0.008786835 0.999936581 47.476165771
0.999966204 0.000215033 -0.008225055 0.930851817 -0.000141506 0.999960005 0.008939007 -1.403429866 0.008226649 -0.008937540 0.999926209 48.014499664
0.999974132 0.001320591 -0.007070407 0.927735329 -0.001259102 0.999961376 0.008694139 -1.407924175 0.007081616 -0.008685010 0.999937236 48.492935181
0.999972582 0.000881451 -0.007352971 0.941468120 -0.000816442 0.999960601 0.008839441 -1.421010733 0.007360472 -0.008833196 0.999933898 49.106006622
0.999976099 0.000976494 -0.006841633 0.936786652 -0.000914350 0.999958336 0.009080426 -1.435224771 0.006850216 -0.009073954 0.999935389 49.515937805
0.999977171 0.001322462 -0.006629395 0.939417779 -0.001263458 0.999959648 0.008896695 -1.438043833 0.006640893 -0.008888115 0.999938428 50.022270203
0.999977946 0.001443245 -0.006476507 0.944652498 -0.001383673 0.999956787 0.009193272 -1.449013591 0.006489494 -0.009184109 0.999936759 50.518386841
0.999978006 0.001937026 -0.006341092 0.952251911 -0.001878475 0.999955714 0.009226607 -1.463639498 0.006358683 -0.009214493 0.999937356 51.058395386
0.999976337 0.001839785 -0.006622626 0.964790404 -0.001779026 0.999956310 0.009168513 -1.469057322 0.006639205 -0.009156514 0.999936044 51.507186890
0.999979377 0.002040236 -0.006102485 0.949456990 -0.001982667 0.999953568 0.009424961 -1.478451490 0.006121431 -0.009412668 0.999936938 52.129581451
0.999974370 0.000611359 -0.007122639 0.975078464 -0.000543441 0.999954402 0.009533590 -1.496852875 0.007128142 -0.009529476 0.999929190 52.558532715
0.999979556 0.001744849 -0.006155874 0.948993921 -0.001686315 0.999953449 0.009501063 -1.513091564 0.006172165 -0.009490490 0.999935925 53.081684113
0.999980569 0.002768937 -0.005579533 0.963550210 -0.002716939 0.999953032 0.009305581 -1.520950675 0.005605038 -0.009290242 0.999941111 53.477100372
0.999984086 0.003576333 -0.004374823 0.899438918 -0.003537829 0.999955237 0.008777544 -1.528718948 0.004406017 -0.008761927 0.999951899 54.288513184
0.999980509 0.002414454 -0.005762338 0.978404641 -0.002361846 0.999955654 0.009119237 -1.539624214 0.005784101 -0.009105448 0.999941766 54.570583344
0.999980152 0.002243571 -0.005874684 0.992563248 -0.002188493 0.999953806 0.009365313 -1.553260684 0.005895424 -0.009352271 0.999938905 55.036350250
0.999979675 0.001452420 -0.006203610 1.010057688 -0.001390868 0.999949932 0.009914923 -1.564515591 0.006217699 -0.009906095 0.999931574 55.580310822
0.999978781 0.002391253 -0.006066774 1.005798578 -0.002328221 0.999943435 0.010375570 -1.588793039 0.006091243 -0.010361224 0.999927759 56.042232513
0.999980032 0.003412313 -0.005312865 1.042877078 -0.003356559 0.999939561 0.010467743 -1.618278980 0.005348263 -0.010449704 0.999931037 56.387031555
0.999979258 0.003007918 -0.005690390 1.053207874 -0.002947942 0.999940276 0.010519129 -1.641567230 0.005721692 -0.010502137 0.999928474 56.931865692
0.999979317 0.002496963 -0.005924216 1.065603614 -0.002436680 0.999945402 0.010161191 -1.647372484 0.005949264 -0.010146546 0.999930799 57.478237152
0.999979615 0.002758661 -0.005753722 1.074764132 -0.002700132 0.999944806 0.010155437 -1.664745927 0.005781419 -0.010139694 0.999931872 58.016948700
0.999978960 0.003508783 -0.005459202 1.083817244 -0.003452030 0.999940276 0.010370883 -1.668722391 0.005495266 -0.010351820 0.999931335 58.546798706
0.999983728 0.002800309 -0.004966913 1.101888418 -0.002749065 0.999943316 0.010293994 -1.680565238 0.004995457 -0.010280172 0.999934673 59.120906830
0.999975085 0.003680902 -0.006023423 1.150119305 -0.003616221 0.999936104 0.010714196 -1.710575819 0.006062476 -0.010692146 0.999924541 59.589717865
0.999972284 0.002910847 -0.006843282 1.194796205 -0.002840264 0.999942958 0.010301318 -1.716772079 0.006872877 -0.010281596 0.999923527 60.010719299
0.999972343 0.004854453 -0.005640296 1.198335528 -0.004796120 0.999935389 0.010309968 -1.679978013 0.005689980 -0.010282633 0.999930978 60.527389526
0.999975801 0.003809593 -0.005823603 1.217459917 -0.003749357 0.999939680 0.010319639 -1.706631303 0.005862565 -0.010297555 0.999929786 60.988174438
0.999977052 0.001941599 -0.006486966 1.214328766 -0.001875926 0.999947071 0.010114610 -1.743334532 0.006506260 -0.010102211 0.999927759 61.506591797
0.999973357 0.004216574 -0.005962369 1.184145689 -0.004159161 0.999945223 0.009609110 -1.708725810 0.006002560 -0.009584055 0.999936044 62.219223022
0.999970436 0.004680392 -0.006098761 1.274854541 -0.004608871 0.999921083 0.011688905 -1.787341595 0.006152989 -0.011660453 0.999913096 62.486751556
0.999967277 0.005694624 -0.005739599 1.284601212 -0.005630075 0.999921441 0.011200080 -1.800866008 0.005802930 -0.011167400 0.999920845 63.017307281
0.999975324 0.003057798 -0.006313097 1.295744181 -0.002985490 0.999930203 0.011431229 -1.820448875 0.006347612 -0.011412101 0.999914765 63.534587860
0.999972463 0.003989126 -0.006246212 1.314049244 -0.003922911 0.999936402 0.010577208 -1.792541265 0.006288008 -0.010552415 0.999924600 64.050872803
0.999970138 0.004075258 -0.006566278 1.366838217 -0.004005773 0.999936223 0.010560595 -1.789107680 0.006608896 -0.010533979 0.999922693 64.517036438
0.999971688 0.004786351 -0.005806853 1.283420563 -0.004730097 0.999942183 0.009662572 -1.809635282 0.005852766 -0.009634833 0.999936521 65.180480957
0.999972463 0.004350661 -0.006001439 1.351270318 -0.004282325 0.999926507 0.011352694 -1.843929291 0.006050389 -0.011326683 0.999917567 65.527442932
0.999970794 0.004549376 -0.006148412 1.367885232 -0.004479231 0.999925315 0.011374575 -1.864590883 0.006199699 -0.011346701 0.999916434 66.057228088
0.999970615 0.004713276 -0.006054768 1.368458629 -0.004642930 0.999922216 0.011580337 -1.872320771 0.006108878 -0.011551883 0.999914646 66.614364624
0.999971747 0.004193455 -0.006229507 1.386914492 -0.004122111 0.999926269 0.011421810 -1.880897284 0.006276944 -0.011395808 0.999915421 67.178565979
0.999971986 0.004100190 -0.006261124 1.400079250 -0.004027109 0.999924123 0.011640588 -1.884560704 0.006308376 -0.011615047 0.999912620 67.438575745
0.999971211 0.003521996 -0.006731129 1.404674411 -0.003441474 0.999922812 0.011937060 -1.892967463 0.006772652 -0.011913550 0.999906063 67.984741211
0.999970913 0.003828635 -0.006598281 1.416621566 -0.003750541 0.999923170 0.011807569 -1.903068781 0.006642981 -0.011782479 0.999908447 68.532707214
0.999968290 0.004192456 -0.006772426 1.443557978 -0.004118295 0.999931812 0.010927485 -1.920703888 0.006817777 -0.010899248 0.999917328 69.052604675
0.999971390 0.003600580 -0.006649954 1.436033130 -0.003520218 0.999921024 0.012056937 -1.927171469 0.006692841 -0.012033181 0.999905169 69.576461792
0.999968588 0.005726018 -0.005477594 1.368237972 -0.005656406 0.999904215 0.012640686 -2.029752970 0.005549449 -0.012609307 0.999905109 70.020362854
0.999970317 0.005344786 -0.005546886 1.376574993 -0.005275887 0.999909639 0.012362519 -2.033850908 0.005612460 -0.012332888 0.999908209 70.570220947
0.999972403 0.004621889 -0.005816534 1.383714676 -0.004548132 0.999909878 0.012630796 -2.032842875 0.005874390 -0.012603992 0.999903321 71.050476074
0.999971151 0.005463299 -0.005270500 1.390965223 -0.005396395 0.999905765 0.012625810 -2.061102629 0.005338981 -0.012597005 0.999906361 71.668815613
0.999971807 0.004634630 -0.005911383 1.418967962 -0.004560524 0.999911606 0.012488754 -2.031147718 0.005968743 -0.012461441 0.999904513 72.116218567
0.999973357 0.004453153 -0.005777926 1.432504177 -0.004380778 0.999912500 0.012478922 -2.037435770 0.005832992 -0.012453278 0.999905407 72.681953430
0.999971747 0.004648342 -0.005907550 1.448546886 -0.004575659 0.999914408 0.012257929 -2.044324875 0.005964023 -0.012230551 0.999907434 73.214683533
0.999971926 0.004658597 -0.005872466 1.452763319 -0.004586195 0.999914050 0.012282806 -2.066701174 0.005929182 -0.012255530 0.999907315 73.819305420
0.999970853 0.005086106 -0.005698353 1.466699123 -0.005016331 0.999913037 0.012192951 -2.080985069 0.005759871 -0.012164010 0.999909461 74.358917236
0.999971747 0.003969746 -0.006384144 1.472666860 -0.003890900 0.999916553 0.012315661 -2.077117920 0.006432502 -0.012290475 0.999903738 74.887977600
0.999972880 0.003989660 -0.006198916 1.486703753 -0.003914030 0.999918342 0.012165136 -2.092103720 0.006246944 -0.012140543 0.999906778 75.439765930
0.999972761 0.004882249 -0.005532783 1.465726614 -0.004814353 0.999913752 0.012219216 -2.110519886 0.005591963 -0.012192247 0.999909997 76.029197693
0.999969780 0.005165907 -0.005795497 1.458652258 -0.005094843 0.999912381 0.012210516 -2.125134468 0.005858068 -0.012180620 0.999908626 76.638977051
0.999973357 0.004866873 -0.005441702 1.460979819 -0.004802005 0.999917984 0.011870612 -2.128993034 0.005499028 -0.011844165 0.999914706 77.189331055
0.999976456 0.005391147 -0.004236851 1.467386246 -0.005341335 0.999917507 0.011681796 -2.130664349 0.004299480 -0.011658891 0.999922752 77.745071411
0.999982238 0.005259086 -0.002790380 1.469793677 -0.005226071 0.999917805 0.011709977 -2.148052216 0.002851735 -0.011695189 0.999927521 78.263839722
0.999984443 0.005380141 -0.001553194 1.486513495 -0.005361768 0.999918342 0.011600284 -2.171880722 0.001615479 -0.011591776 0.999931514 78.832847595
0.999985158 0.005429364 -0.000466873 1.509453893 -0.005423451 0.999915004 0.011851603 -2.181270361 0.000531180 -0.011848897 0.999929607 79.279945374
0.999976754 0.006037671 0.003179427 1.519922495 -0.006075615 0.999908805 0.012063061 -2.199457169 -0.003106304 -0.012082097 0.999922156 79.826377869
0.999958992 0.006350231 0.006454768 1.535274982 -0.006428603 0.999904931 0.012194408 -2.198385477 -0.006376717 -0.012235402 0.999904811 80.404258728
0.999944031 0.005802874 0.008846776 1.575671673 -0.005908500 0.999911010 0.011960499 -2.220751047 -0.008776584 -0.012012099 0.999889314 80.914161682
0.999899685 0.005489466 0.013052989 1.601745367 -0.005643955 0.999914050 0.011828314 -2.212415934 -0.012986938 -0.011900799 0.999844849 81.482971191
0.999802768 0.006064834 0.018907983 1.625231743 -0.006293864 0.999907255 0.012076971 -2.230387926 -0.018832982 -0.012193594 0.999748290 81.984153748
0.999661386 0.006484757 0.025196400 1.642680168 -0.006776496 0.999910772 0.011510577 -2.228345871 -0.025119511 -0.011677424 0.999616206 82.421203613
0.999508798 0.005617234 0.030827908 1.663719416 -0.005990520 0.999909699 0.012029748 -2.266137362 -0.030757550 -0.012208514 0.999452293 82.985473633
0.999180496 0.006885104 0.039884727 1.643780708 -0.007364103 0.999902368 0.011875115 -2.271426439 -0.039799068 -0.012159100 0.999133706 83.762474060
0.998836219 0.005802535 0.047881294 1.706842899 -0.006372495 0.999910533 0.011759555 -2.282263279 -0.047808774 -0.012050992 0.998783767 84.290397644
0.998433769 0.005959108 0.055630006 1.726305723 -0.006610804 0.999911606 0.011538154 -2.292264700 -0.055556338 -0.011887840 0.998384774 84.855697632
0.997901678 0.006588750 0.064411327 1.793220043 -0.007326252 0.999910235 0.011220418 -2.301607132 -0.064331613 -0.011668767 0.997860372 85.403198242
0.997176826 0.006910548 0.074772082 1.862073421 -0.007809144 0.999900639 0.011732120 -2.325940609 -0.074683577 -0.012282902 0.997131586 85.909858704
0.996487498 0.006616411 0.083480649 1.921214104 -0.007620652 0.999902308 0.011716715 -2.338384151 -0.083394982 -0.012311736 0.996440470 86.451614380
0.995781183 0.006476653 0.091530211 1.986425877 -0.007547081 0.999907076 0.011353525 -2.334212542 -0.091448180 -0.011996413 0.995737553 87.025596619
0.994749188 0.006645856 0.102126777 2.069511890 -0.007857995 0.999903321 0.011471234 -2.349220753 -0.102040671 -0.012213513 0.994705260 87.578620911
0.993595183 0.006450505 0.112813890 2.155491829 -0.007739151 0.999909699 0.010988556 -2.351515055 -0.112732805 -0.011791260 0.993555367 88.144454956
0.992521524 0.006409445 0.121901371 2.237330437 -0.007755649 0.999914050 0.010572100 -2.360445738 -0.121823110 -0.011438463 0.992485940 88.700401306
0.991104543 0.006386359 0.132932007 2.335748672 -0.007920698 0.999907970 0.011016683 -2.370872974 -0.132849440 -0.011971598 0.991063893 89.248786926
0.989367366 0.006534330 0.145291299 2.435519218 -0.008201060 0.999907255 0.010875643 -2.379470348 -0.145206749 -0.011951550 0.989329159 89.783592224
0.987687707 0.006277808 0.156312570 2.543664932 -0.008012822 0.999912977 0.010471986 -2.390619040 -0.156233236 -0.011595555 0.987652123 90.358772278
0.986118615 0.005871223 0.165938079 2.656435966 -0.007755365 0.999912560 0.010708825 -2.400451183 -0.165860683 -0.011847081 0.986078024 90.905830383
0.983980477 0.006121511 0.178170487 2.778525352 -0.008103236 0.999913096 0.010397051 -2.414184809 -0.178091392 -0.011674253 0.983944654 91.436286926
0.981693268 0.005397892 0.190392241 2.906238556 -0.007457963 0.999921083 0.010105273 -2.421603441 -0.190322697 -0.011340217 0.981656075 91.969245911
0.979443550 0.006072380 0.201627150 3.038209915 -0.008360798 0.999909937 0.010500052 -2.445049763 -0.201545238 -0.011969972 0.979405999 92.502532959
0.976576030 0.006158610 0.215085149 3.175844193 -0.008664495 0.999905109 0.010709762 -2.464466095 -0.214998797 -0.012322498 0.976536512 93.034034729
0.973591745 0.005073608 0.228239745 3.325492859 -0.007649417 0.999916553 0.010402324 -2.466060162 -0.228167936 -0.011873516 0.973549366 93.572074890
0.970826745 0.005392057 0.239721552 3.479164124 -0.008140781 0.999911904 0.010477593 -2.482693195 -0.239643931 -0.012123447 0.970785141 94.099021912
0.967808008 0.004833048 0.251643211 3.652477264 -0.007602202 0.999920726 0.010033279 -2.486198902 -0.251574755 -0.011623329 0.967768073 94.659408569
0.964028239 0.004770928 0.265756935 3.829296112 -0.007693558 0.999920785 0.009957436 -2.497970819 -0.265688390 -0.011643863 0.963988662 95.176536560
0.960529923 0.003938745 0.278148621 4.006406784 -0.007062956 0.999922693 0.010231007 -2.514165401 -0.278086811 -0.011791741 0.960483551 95.692680359
0.957275331 0.003818797 0.289152652 4.191440582 -0.007023497 0.999924898 0.010046284 -2.529784441 -0.289092630 -0.011647925 0.957230210 96.187850952
0.953026772 0.003477819 0.302866161 4.385812759 -0.006852319 0.999925733 0.010079974 -2.540573120 -0.302808613 -0.011681822 0.952979803 96.704879761
0.948508918 0.002892227 0.316737205 4.584232330 -0.006434310 0.999927938 0.010137683 -2.545346975 -0.316685081 -0.011653667 0.948459089 97.215850830
0.944737494 0.002137596 0.327820688 4.775489807 -0.005572746 0.999938905 0.009539716 -2.545131683 -0.327780426 -0.010839388 0.944691777 97.705200195
0.939874709 0.003044943 0.341505855 4.978593826 -0.006776989 0.999929667 0.009735684 -2.564464092 -0.341452181 -0.011464707 0.939829230 98.268653870
0.934764087 0.002100977 0.355262637 5.210655212 -0.005900064 0.999936402 0.009610710 -2.580710411 -0.355219811 -0.011079820 0.934717119 98.747985840
0.930297256 0.001345827 0.366804034 5.437355042 -0.005281840 0.999938667 0.009727092 -2.589502811 -0.366768450 -0.010986488 0.930247366 99.251144409
0.925889969 -0.000566091 0.377792835 5.659919739 -0.003324534 0.999947965 0.009646067 -2.598550081 -0.377778590 -0.010187182 0.925839841 99.745437622
0.919954658 -0.000678578 0.392024070 5.899953842 -0.003154945 0.999953270 0.009134521 -2.600024223 -0.392012000 -0.009640161 0.919909596 100.242568970
0.914392531 -0.002266432 0.404822499 6.149860382 -0.001491461 0.999958694 0.008967188 -2.607885361 -0.404826045 -0.008803307 0.914351463 100.759368896
0.909803033 -0.001941652 0.415035576 6.399967194 -0.001846932 0.999960244 0.008726768 -2.624787092 -0.415036052 -0.008706183 0.909763336 101.228858948
0.904073179 -0.001585504 0.427374780 6.660678864 -0.002437324 0.999957740 0.008865654 -2.641035557 -0.427370787 -0.009056853 0.904031098 101.718536377
0.897724628 -0.002736674 0.440548360 6.936519623 -0.001329700 0.999959290 0.008921309 -2.658245564 -0.440554827 -0.008594676 0.897684574 102.209091187
0.892107785 -0.004058829 0.451804370 7.219600677 0.000009059 0.999959826 0.008965350 -2.668387651 -0.451822579 -0.007993965 0.892072022 102.692710876
0.886464953 -0.005156180 0.462767035 7.479301453 0.001040066 0.999957621 0.009149268 -2.680984020 -0.462794513 -0.007629199 0.886432707 103.137687683
0.879321516 -0.004989187 0.476202369 7.770805359 0.000883517 0.999960482 0.008845178 -2.692361832 -0.476227760 -0.007357021 0.879291236 103.612014771
