1.000000000 0.000000000 0.000000000 0.000000000 0.000000000 1.000000000 0.000000000 0.000000000 0.000000000 0.000000000 1.000000000 0.000000000
1.000000000 0.000099943 0.000097117 -0.000850255 -0.000099954 1.000000000 0.000114382 -0.000333101 -0.000097105 -0.000114392 1.000000000 0.000412232
1.000000000 0.000078411 0.000137077 -0.001612723 -0.000078410 1.000000000 -0.000010717 0.000443763 -0.000137078 0.000010706 1.000000000 0.000217265
1.000000000 0.000026559 0.000041126 -0.000638259 -0.000026560 1.000000000 0.000024971 -0.000626740 -0.000041125 -0.000024972 1.000000000 -0.000750595
1.000000000 0.000094915 0.000177758 -0.002026727 -0.000094923 1.000000000 0.000047942 -0.000397242 -0.000177754 -0.000047959 1.000000000 -0.000706681
1.000000000 -0.000111779 0.000006634 -0.000003273 0.000111779 1.000000000 -0.000033019 0.000397274 -0.000006630 0.000033020 1.000000000 -0.000233009
1.000000000 0.000085029 0.000146277 -0.001989532 -0.000085038 1.000000000 0.000058221 -0.000317139 -0.000146272 -0.000058233 1.000000000 -0.000324495
1.000000000 0.000066024 0.000104586 -0.001684400 -0.000066017 1.000000000 -0.000069938 0.000109765 -0.000104591 0.000069931 1.000000000 -0.000684453
1.000000000 0.000111717 0.000166060 -0.001508884 -0.000111717 1.000000000 -0.000001945 -0.000743359 -0.000166060 0.000001926 1.000000000 -0.000701518
1.000000000 0.000156835 0.000156714 -0.001989840 -0.000156852 1.000000000 0.000105004 -0.000602349 -0.000156697 -0.000105028 1.000000000 0.000596150
1.000000000 0.000106982 0.000177762 -0.001794777 -0.000106993 1.000000000 0.000064855 -0.000528540 -0.000177755 -0.000064874 1.000000000 0.000005864
1.000000000 0.000153362 0.000185289 -0.001828651 -0.000153367 1.000000000 0.000027807 -0.001043304 -0.000185284 -0.000027835 1.000000000 -0.001087299
1.000000000 0.000071506 0.000153330 -0.001124798 -0.000071506 1.000000000 0.000003440 0.000465739 -0.000153330 -0.000003451 1.000000000 0.000214331
1.000000000 0.000167576 0.000131934 -0.001699723 -0.000167563 1.000000000 -0.000097865 0.000873119 -0.000131950 0.000097842 1.000000000 0.000645820
1.000000000 0.000127998 0.000134324 -0.001701709 -0.000128003 1.000000000 0.000036290 -0.000085518 -0.000134319 -0.000036307 1.000000000 -0.000027637
0.999999940 0.000287539 0.000208988 -0.002339334 -0.000287524 0.999999940 -0.000068258 0.001523465 -0.000209008 0.000068198 1.000000000 0.001385488
0.999999881 0.000382760 0.000231012 -0.002909524 -0.000382748 0.999999940 -0.000051938 0.001109487 -0.000231032 0.000051849 1.000000000 0.001861671
0.999999940 0.000282123 0.000274945 -0.002516811 -0.000282119 0.999999940 -0.000015329 0.001515747 -0.000274949 0.000015251 0.999999940 0.002277186
0.999999940 0.000225397 0.000294033 -0.002644144 -0.000225374 1.000000000 -0.000076079 0.000599589 -0.000294051 0.000076012 0.999999940 0.000781544
0.999999940 0.000233828 0.000236568 -0.002674324 -0.000233843 1.000000000 0.000061980 -0.000054696 -0.000236554 -0.000062036 0.999999940 0.001695166
0.999999940 0.000324341 0.000192066 -0.002096513 -0.000324333 0.999999940 -0.000040118 0.001358756 -0.000192079 0.000040056 1.000000000 0.001629004
0.999999940 0.000282790 0.000205393 -0.002553353 -0.000282785 0.999999940 -0.000025430 0.000555654 -0.000205400 0.000025372 1.000000000 0.001856390
0.999999940 0.000182547 0.000196698 -0.002461160 -0.000182558 1.000000000 0.000053727 0.000186172 -0.000196688 -0.000053763 1.000000000 0.000935015
0.999999881 0.000431146 0.000222632 -0.002711063 -0.000431145 0.999999881 -0.000001261 0.001576375 -0.000222632 0.000001165 1.000000000 0.003171328
0.999999881 0.000343927 0.000266450 -0.002277116 -0.000343933 0.999999940 0.000019593 0.001522152 -0.000266444 -0.000019684 0.999999940 0.002107868
0.999999940 0.000255149 0.000203235 -0.001423757 -0.000255139 0.999999940 -0.000049196 0.002214087 -0.000203247 0.000049145 1.000000000 0.003136560
0.999999881 0.000379605 0.000265938 -0.002500976 -0.000379615 0.999999940 0.000036464 0.001410930 -0.000265924 -0.000036565 0.999999940 0.002475687
0.999999940 0.000376798 0.000146936 -0.002363523 -0.000376782 0.999999940 -0.000108897 0.002032043 -0.000146977 0.000108841 1.000000000 0.001130815
0.999999940 0.000316589 0.000140420 -0.001900845 -0.000316572 0.999999940 -0.000115368 0.001786800 -0.000140456 0.000115323 1.000000000 0.000992040
0.999999881 0.000410666 0.000293256 -0.002730638 -0.000410656 0.999999940 -0.000035289 0.000492804 -0.000293270 0.000035168 0.999999940 0.001184650
0.999999940 0.000236386 0.000323610 -0.003146675 -0.000236398 1.000000000 0.000036211 0.000260174 -0.000323602 -0.000036288 0.999999940 0.001926178
0.999999940 0.000350925 0.000212296 -0.002152369 -0.000350911 0.999999940 -0.000066478 0.001686365 -0.000212320 0.000066404 1.000000000 0.002538119
0.999999881 0.000437360 0.000249375 -0.002191974 -0.000437355 0.999999881 -0.000021153 0.000312997 -0.000249385 0.000021044 0.999999940 -0.000011125
0.999999821 0.000462024 0.000319271 -0.003361825 -0.000462019 0.999999881 -0.000017488 0.000955962 -0.000319279 0.000017340 0.999999940 0.002409967
0.999999881 0.000419209 0.000250973 -0.001882104 -0.000419189 0.999999881 -0.000079332 0.000464193 -0.000251006 0.000079227 0.999999940 0.001036941
0.999999881 0.000367275 0.000231239 -0.003359999 -0.000367275 0.999999940 0.000000703 0.000895821 -0.000231239 -0.000000788 1.000000000 0.000818541
0.999999881 0.000433889 0.000213081 -0.002742660 -0.000433870 0.999999881 -0.000093301 0.002450976 -0.000213121 0.000093209 1.000000000 0.001354244
0.999999821 0.000482035 0.000326082 -0.003501223 -0.000482023 0.999999881 -0.000037947 0.001323109 -0.000326100 0.000037790 0.999999940 0.002052172
0.999999881 0.000423854 0.000211225 -0.001279505 -0.000423859 0.999999881 0.000019964 0.000878971 -0.000211217 -0.000020054 1.000000000 -0.000005830
0.999999940 0.000263602 0.000205913 -0.001614172 -0.000263589 0.999999940 -0.000065583 0.000240656 -0.000205930 0.000065528 1.000000000 0.000268292
0.999999702 0.000901873 -0.000162465 -0.000900409 -0.000901976 0.999999344 -0.000630843 -0.002487260 0.000161896 0.000630989 0.999999762 0.049625043
0.999999702 0.000796817 -0.000167058 0.000407056 -0.000797023 0.999998927 -0.001232575 -0.004008592 0.000166076 0.001232707 0.999999225 0.140389994
0.999999821 0.000449110 0.000213298 0.002515660 -0.000448915 0.999999404 -0.000912933 -0.011057691 -0.000213708 0.000912837 0.999999583 0.251005918
0.999999821 0.000535000 0.000280070 0.005315950 -0.000534751 0.999999404 -0.000886748 -0.013967159 -0.000280544 0.000886599 0.999999583 0.382960081
0.999999940 0.000402413 0.000110066 0.008943046 -0.000402357 0.999999940 -0.000501886 -0.021461269 -0.000110268 0.000501842 0.999999881 0.524235487
1.000000000 0.000284739 0.000215521 0.011420376 -0.000284653 0.999999940 -0.000400296 -0.026444463 -0.000215634 0.000400235 0.999999940 0.674277365
1.000000000 -0.000103849 0.000117327 0.017050844 0.000103879 0.999999940 -0.000256229 -0.030209308 -0.000117300 0.000256241 1.000000000 0.837124944
0.999999940 0.000261107 0.000205113 0.019058360 -0.000261054 1.000000000 -0.000258940 -0.031402186 -0.000205180 0.000258887 0.999999940 1.015850544
0.999999940 0.000279975 0.000123985 0.022140620 -0.000279950 0.999999940 -0.000207780 -0.035462271 -0.000124043 0.000207746 0.999999940 1.191818714
0.999999940 0.000537771 0.000264469 0.023771174 -0.000537884 0.999999762 0.000427465 -0.047418624 -0.000264239 -0.000427608 0.999999881 1.367509604
0.999999821 0.000607544 -0.000014857 0.029244848 -0.000607539 0.999999702 0.000306561 -0.049281184 0.000015043 -0.000306552 0.999999940 1.562516093
0.999999940 0.000245282 0.000152703 0.034865670 -0.000245353 0.999999881 0.000463161 -0.057338804 -0.000152589 -0.000463198 0.999999821 1.761086106
0.999999762 0.000600062 0.000297918 0.034669932 -0.000600278 0.999999523 0.000725915 -0.063469470 -0.000297482 -0.000726094 0.999999642 1.958584428
1.000000000 0.000027196 0.000116583 0.041631509 -0.000027289 0.999999702 0.000795948 -0.071746513 -0.000116562 -0.000795951 0.999999642 2.168005943
0.999999881 0.000195392 0.000195300 0.045439795 -0.000195528 0.999999702 0.000695524 -0.075324826 -0.000195164 -0.000695562 0.999999762 2.386311769
0.999999762 0.000632529 0.000325012 0.049605515 -0.000632701 0.999999762 0.000530352 -0.080580473 -0.000324677 -0.000530558 0.999999821 2.610720396
0.999999821 0.000354783 0.000520649 0.054828942 -0.000355246 0.999999523 0.000889338 -0.090819642 -0.000520333 -0.000889523 0.999999464 2.836143255
0.999999940 0.000133773 0.000266264 0.063395225 -0.000134006 0.999999583 0.000874738 -0.093836211 -0.000266147 -0.000874773 0.999999583 3.081565142
0.999999225 0.001084425 -0.000566263 0.072134465 -0.001084261 0.999999344 0.000288667 -0.093137518 0.000566575 -0.000288053 0.999999821 3.312184095
0.999999940 0.000108585 0.000170115 0.073005900 -0.000108759 0.999999404 0.001025708 -0.109548375 -0.000170003 -0.001025727 0.999999464 3.569410801
0.999999881 0.000392142 0.000279387 0.077857614 -0.000392401 0.999999464 0.000926289 -0.114046767 -0.000279024 -0.000926398 0.999999523 3.828588486
0.999999821 0.000386162 0.000458140 0.078657463 -0.000386615 0.999999404 0.000989640 -0.120208621 -0.000457758 -0.000989817 0.999999404 4.087834835
0.999999940 0.000373786 0.000229251 0.086227298 -0.000374000 0.999999464 0.000936112 -0.124114826 -0.000228901 -0.000936198 0.999999523 4.345716476
0.999999762 0.000070764 0.000625761 0.088243969 -0.000071393 0.999999583 0.001005303 -0.131367549 -0.000625690 -0.001005348 0.999999285 4.606543064
0.999998868 0.001480617 0.000239958 0.098361477 -0.001480807 0.999998569 0.000794609 -0.140446454 -0.000238781 -0.000794964 0.999999642 4.854830742
0.999998569 0.001680880 0.000059589 0.103568606 -0.001680934 0.999998152 0.000912643 -0.146911547 -0.000058055 -0.000912742 0.999999583 5.113685131
0.999999106 0.001341089 0.000205971 0.109784901 -0.001341190 0.999998987 0.000489256 -0.148232222 -0.000205315 -0.000489532 0.999999881 5.380087376
0.999999046 0.001354304 0.000291520 0.110689357 -0.001354631 0.999998450 0.001123230 -0.164331615 -0.000289999 -0.001123624 0.999999344 5.639778614
0.999998808 0.001508800 0.000376095 0.111836873 -0.001509166 0.999998391 0.000976891 -0.170918778 -0.000374620 -0.000977457 0.999999464 5.905468464
0.999997973 0.001829574 0.000805586 0.114477947 -0.001830427 0.999997735 0.001059097 -0.183319122 -0.000803647 -0.001060569 0.999999106 6.186635017
0.999998569 0.001570008 0.000615055 0.124402061 -0.001570714 0.999998093 0.001148848 -0.187678307 -0.000613250 -0.001149812 0.999999166 6.478075504
0.999999523 0.000940699 0.000220975 0.135903016 -0.000940977 0.999998689 0.001262852 -0.195119157 -0.000219786 -0.001263059 0.999999106 6.764096737
0.999999404 0.000979276 0.000317692 0.138925716 -0.000979641 0.999998868 0.001151318 -0.204551026 -0.000316564 -0.001151629 0.999999225 7.064387321
0.999999821 0.000600234 0.000156596 0.145366386 -0.000600462 0.999998748 0.001459738 -0.214176804 -0.000155720 -0.001459832 0.999998927 7.365755558
0.999998748 0.001076594 0.001093563 0.140394643 -0.001078098 0.999998450 0.001375901 -0.222040430 -0.001092080 -0.001377078 0.999998450 7.665270805
0.999999166 0.000947840 0.000892921 0.148547754 -0.000949037 0.999998629 0.001340608 -0.227626935 -0.000891649 -0.001341454 0.999998629 7.989450932
0.999999285 0.001066438 0.000517859 0.159277409 -0.001067430 0.999997556 0.001920111 -0.248367116 -0.000515810 -0.001920662 0.999997973 8.299651146
0.999999583 0.000764057 0.000542162 0.167135909 -0.000765002 0.999998212 0.001743781 -0.253298283 -0.000540829 -0.001744195 0.999998271 8.632866859
0.999998987 0.001159424 0.000827487 0.169672251 -0.001160572 0.999998331 0.001387838 -0.260552406 -0.000825877 -0.001388797 0.999998629 8.960906982
0.999998808 0.001360461 0.000597966 0.178869069 -0.001361341 0.999997973 0.001474555 -0.271539390 -0.000595959 -0.001475367 0.999998689 9.306521416
0.999998808 0.001322702 0.000820267 0.183726385 -0.001324137 0.999997616 0.001750320 -0.284804463 -0.000817949 -0.001751404 0.999998152 9.628080368
0.999999404 0.000898921 0.000639605 0.190279126 -0.000900271 0.999997377 0.002113826 -0.295821875 -0.000637703 -0.002114401 0.999997616 9.979211807
0.999998212 0.001742280 0.000738841 0.199702755 -0.001743543 0.999997020 0.001712557 -0.303656578 -0.000735855 -0.001713842 0.999998271 10.346349716
0.999998212 0.001749065 0.000644601 0.203777879 -0.001750163 0.999997020 0.001707393 -0.309511483 -0.000641613 -0.001708518 0.999998331 10.708096504
0.999998987 0.001344063 0.000426559 0.212559938 -0.001344712 0.999997914 0.001524866 -0.318507940 -0.000424508 -0.001525438 0.999998808 11.075304985
0.999998987 0.001310414 0.000588065 0.223540440 -0.001311200 0.999998391 0.001338444 -0.324430108 -0.000586310 -0.001339214 0.999998927 11.465155602
0.999997914 0.001668098 0.001130089 0.225543737 -0.001670142 0.999996960 0.001810718 -0.339873940 -0.001127065 -0.001812602 0.999997735 11.844552994
0.999998093 0.001315109 0.001384762 0.224022910 -0.001318037 0.999996901 0.002115868 -0.357844055 -0.001381975 -0.002117689 0.999996781 12.208496094
0.999998271 0.000901968 0.001589514 0.234764919 -0.000905775 0.999996722 0.002396013 -0.373116136 -0.001587347 -0.002397449 0.999995768 12.596513748
0.999998093 0.001390563 0.001365595 0.248307198 -0.001393552 0.999996543 0.002190633 -0.370544881 -0.001362545 -0.002192531 0.999996662 13.014712334
0.999998808 0.001046604 0.001146571 0.260270357 -0.001048729 0.999997735 0.001854592 -0.381674320 -0.001144628 -0.001855792 0.999997556 13.418646812
0.999998569 0.001095758 0.001290219 0.273341715 -0.001098690 0.999996781 0.002273403 -0.397432953 -0.001287723 -0.002274817 0.999996543 13.820816994
0.999997199 0.001704461 0.001622634 0.277790576 -0.001708182 0.999995887 0.002294483 -0.404964507 -0.001618716 -0.002297248 0.999996066 14.231441498
0.999996603 0.001942228 0.001782972 0.285700142 -0.001946693 0.999994934 0.002505776 -0.420047343 -0.001778096 -0.002509238 0.999995351 14.647021294
0.999996901 0.001418056 0.002053217 0.295392215 -0.001422327 0.999996841 0.002080345 -0.430163980 -0.002050260 -0.002083259 0.999995708 15.072229385
0.999997199 0.001591916 0.001745503 0.313924462 -0.001595445 0.999996603 0.002022037 -0.437227547 -0.001742278 -0.002024816 0.999996364 15.537217140
0.999995053 0.001785570 0.002603571 0.317966878 -0.001790209 0.999996781 0.001780472 -0.446839541 -0.002600383 -0.001785123 0.999994993 15.980977058
0.999995410 0.001173176 0.002800229 0.332353532 -0.001179202 0.999997020 0.002151282 -0.466665179 -0.002797697 -0.002154574 0.999993742 16.378343582
0.999993563 0.001585768 0.003216457 0.335035264 -0.001591355 0.999997318 0.001735313 -0.479413182 -0.003213696 -0.001740421 0.999993265 16.820955276
0.999993980 0.001693388 0.003077215 0.353122562 -0.001699885 0.999996245 0.002109587 -0.491064668 -0.003073632 -0.002114804 0.999993026 17.289503098
0.999988794 0.002455743 0.004053657 0.355732918 -0.002465488 0.999994099 0.002400662 -0.504599690 -0.004047738 -0.002410630 0.999988914 17.743034363
0.999989212 0.001906364 0.004236791 0.370625913 -0.001913772 0.999996662 0.001745221 -0.512670159 -0.004233449 -0.001753311 0.999989510 18.211570740
0.999988019 0.002087537 0.004459014 0.380422145 -0.002097993 0.999995053 0.002341287 -0.533428609 -0.004454104 -0.002350613 0.999987245 18.687128067
0.999987602 0.002305408 0.004423638 0.394095957 -0.002315441 0.999994695 0.002264298 -0.544847667 -0.004418395 -0.002274513 0.999987602 19.159276962
0.999988198 0.002098234 0.004388231 0.417018473 -0.002110476 0.999993801 0.002786726 -0.568653107 -0.004382357 -0.002795954 0.999986410 19.616395950
0.999987304 0.002497819 0.004385555 0.422797799 -0.002512473 0.999991238 0.003339059 -0.584118187 -0.004377176 -0.003350035 0.999984741 20.105934143
0.999985337 0.002158900 0.004964303 0.427473277 -0.002173939 0.999993086 0.003026163 -0.605191529 -0.004957735 -0.003036911 0.999983072 20.613372803
0.999989927 0.001621668 0.004189258 0.442182779 -0.001632938 0.999995112 0.002688271 -0.616560876 -0.004184877 -0.002695085 0.999987602 21.119874954
0.999990702 0.002063742 0.003786099 0.453709930 -0.002074719 0.999993622 0.002897661 -0.621908426 -0.003780095 -0.002905489 0.999988616 21.640401840
0.999989927 0.002512649 0.003720896 0.458777845 -0.002522551 0.999993265 0.002658954 -0.640087962 -0.003714189 -0.002668313 0.999989569 22.152034760
0.999992609 0.002073758 0.003250824 0.473441035 -0.002082388 0.999994338 0.002653765 -0.653478801 -0.003245302 -0.002660514 0.999991238 22.670074463
0.999993324 0.002187678 0.002922961 0.486862034 -0.002195197 0.999994278 0.002571846 -0.668103814 -0.002917317 -0.002578245 0.999992430 23.203395844
0.999994516 0.001797550 0.002790232 0.488125265 -0.001805613 0.999994218 0.002889643 -0.685806990 -0.002785021 -0.002894666 0.999991953 23.717134476
0.999997735 0.000437823 0.002084453 0.498203397 -0.000442858 0.999996960 0.002415268 -0.701740324 -0.002083390 -0.002416186 0.999994874 24.245231628
0.999996364 0.002246542 0.001435842 0.515482962 -0.002250756 0.999993145 0.002939919 -0.711153507 -0.001429227 -0.002943140 0.999994636 24.780473709
0.999997914 0.001865831 0.000993209 0.525551617 -0.001868858 0.999993563 0.003056085 -0.725653410 -0.000987501 -0.003057934 0.999994814 25.331785202
0.999998689 0.001631892 0.000373241 0.540663123 -0.001633072 0.999993563 0.003182123 -0.739477038 -0.000368046 -0.003182729 0.999994874 25.867136002
0.999996185 0.002709180 0.000355819 0.546967328 -0.002710419 0.999990046 0.003527899 -0.758037508 -0.000346258 -0.003528850 0.999993742 26.421339035
0.999997318 0.002283622 0.000432145 0.553292215 -0.002285264 0.999990165 0.003836890 -0.775992513 -0.000423379 -0.003837868 0.999992490 26.989988327
0.999996305 0.002698603 -0.000075297 0.559743404 -0.002698300 0.999989271 0.003764277 -0.792832613 0.000085455 -0.003764059 0.999992907 27.546041489
0.999996483 0.002582551 -0.000593391 0.574267149 -0.002580458 0.999990523 0.003501183 -0.804294348 0.000602427 -0.003499640 0.999993622 28.094215393
0.999995649 0.002819965 -0.000862178 0.584939122 -0.002816637 0.999988675 0.003838610 -0.820628822 0.000872993 -0.003836165 0.999992251 28.635730743
0.999995232 0.002986520 -0.000781114 0.595470071 -0.002983638 0.999988854 0.003664815 -0.834507167 0.000792050 -0.003662468 0.999992967 29.191148758
0.999996126 0.002458921 -0.001255094 0.593087971 -0.002454084 0.999989629 0.003840178 -0.850456655 0.001264524 -0.003837083 0.999991775 29.726438522
0.999994576 0.002892970 -0.001554348 0.593720675 -0.002887623 0.999989927 0.003431183 -0.858760953 0.001564259 -0.003426676 0.999992907 30.265233994
0.999993742 0.003316022 -0.001242140 0.608521700 -0.003311506 0.999987960 0.003620305 -0.874728560 0.001254130 -0.003616169 0.999992669 30.803947449
0.999993563 0.003183017 -0.001637754 0.619905591 -0.003177006 0.999988258 0.003659572 -0.894575596 0.001649383 -0.003654346 0.999991953 31.346271515
0.999988079 0.004622320 -0.001550205 0.625628173 -0.004616519 0.999982417 0.003724820 -0.906745732 0.001567395 -0.003717619 0.999991834 31.893764496
0.999991715 0.003134344 -0.002582729 0.647985637 -0.003124196 0.999987423 0.003924009 -0.925906777 0.002594996 -0.003915908 0.999988973 32.433914185
0.999990642 0.002797032 -0.003323182 0.655272901 -0.002781715 0.999985576 0.004604877 -0.951431692 0.003336014 -0.004595590 0.999983847 32.977676392
0.999992013 0.002655410 -0.002982974 0.662252367 -0.002642829 0.999987602 0.004213341 -0.954462171 0.002994125 -0.004205423 0.999986649 33.522686005
0.999991059 0.002870286 -0.003095938 0.669367850 -0.002857238 0.999987006 0.004210747 -0.970283151 0.003107983 -0.004201863 0.999986351 34.065780640
0.999990344 0.002853890 -0.003343097 0.678579986 -0.002838849 0.999985874 0.004494966 -0.987989306 0.003355878 -0.004485433 0.999984324 34.605251312
0.999989152 0.002595752 -0.003852073 0.692494869 -0.002577239 0.999985158 0.004803103 -1.010221839 0.003864484 -0.004793125 0.999981046 35.129642487
0.999990463 0.002774242 -0.003360573 0.692978621 -0.002759598 0.999986708 0.004354356 -1.013329983 0.003372608 -0.004345041 0.999984860 35.701240540
0.999987602 0.003215930 -0.003809330 0.700569630 -0.003199995 0.999986172 0.004181977 -1.028444886 0.003822726 -0.004169735 0.999983966 36.246482849
0.999989927 0.002403534 -0.003785135 0.722154140 -0.002387430 0.999988079 0.004253364 -1.037650585 0.003795314 -0.004244285 0.999983728 36.826114655
0.999988139 0.002348186 -0.004249941 0.732283652 -0.002329626 0.999987721 0.004366855 -1.050462246 0.004260144 -0.004356903 0.999981463 37.361248016
0.999988854 0.002873810 -0.003751233 0.736849189 -0.002859143 0.999988198 0.003909516 -1.059699655 0.003762425 -0.003898747 0.999985337 37.917655945
0.999986470 0.003119116 -0.004157369 0.743657112 -0.003104099 0.999988616 0.003613814 -1.075014591 0.004168593 -0.003600860 0.999984741 38.444965363
0.999988019 0.003125048 -0.003773764 0.746150374 -0.003112915 0.999989986 0.003216645 -1.083193779 0.003783778 -0.003204859 0.999987662 38.997608185
0.999986410 0.003239732 -0.004067219 0.765252113 -0.003224530 0.999987841 0.003738992 -1.103637457 0.004079283 -0.003725827 0.999984682 39.532413483
0.999985695 0.003019523 -0.004420937 0.777385831 -0.003001555 0.999987245 0.004065262 -1.115742683 0.004433155 -0.004051934 0.999981940 40.093379974
0.999985754 0.002963158 -0.004434125 0.786838412 -0.002944986 0.999987245 0.004099151 -1.133940220 0.004446215 -0.004086034 0.999981761 40.624141693
0.999986410 0.002974115 -0.004272629 0.795227170 -0.002959941 0.999990046 0.003319944 -1.139254808 0.004282461 -0.003307252 0.999985397 41.185493469
0.999985635 0.003383193 -0.004137731 0.791593313 -0.003367824 0.999987423 0.003715598 -1.149944901 0.004150250 -0.003701610 0.999984562 41.721210480
0.999985158 0.004145346 -0.003530224 0.792987347 -0.004134546 0.999986827 0.003060777 -1.160319805 0.003542866 -0.003046136 0.999989092 42.270355225
0.999983668 0.004030838 -0.004033012 0.800003886 -0.004014983 0.999984205 0.003931718 -1.182966232 0.004048797 -0.003915462 0.999984205 42.798347473
0.999987006 0.002809371 -0.004255803 0.837673187 -0.002794464 0.999989927 0.003504494 -1.185586452 0.004265605 -0.003492556 0.999984741 43.366661072
0.999985635 0.001990565 -0.004980264 0.855583787 -0.001974979 0.999993145 0.003132165 -1.203830957 0.004986465 -0.003122284 0.999982715 43.904308319
0.999987960 0.002000483 -0.004499665 0.863937020 -0.001985978 0.999992847 0.003225497 -1.217671752 0.004506085 -0.003216522 0.999984682 44.448307037
0.999983788 0.004385047 -0.003619487 0.849141717 -0.004375413 0.999986887 0.002665208 -1.229226232 0.003631127 -0.002649328 0.999989927 44.969081879
0.999985874 0.003128957 -0.004282149 0.878679991 -0.003117730 0.999991715 0.002626084 -1.239692807 0.004290330 -0.002612697 0.999987364 45.508438110
0.999985397 0.003115436 -0.004404088 0.891242087 -0.003105240 0.999992549 0.002319929 -1.253129482 0.004411283 -0.002306219 0.999987662 46.051052094
0.999986649 0.002818299 -0.004314618 0.907127023 -0.002804447 0.999990880 0.003212991 -1.272328138 0.004323634 -0.003200848 0.999985516 46.614318848
0.999989688 0.001709566 -0.004194290 0.913896799 -0.001695232 0.999992728 0.003418706 -1.285145164 0.004200105 -0.003411561 0.999985337 47.140903473
0.999981344 0.003472752 -0.005028673 0.934244096 -0.003462360 0.999991953 0.002073739 -1.281068206 0.005035834 -0.002056289 0.999985218 47.705413818
0.999978423 0.003795712 -0.005359118 0.943963945 -0.003788264 0.999991834 0.001399131 -1.291862845 0.005364386 -0.001378798 0.999984741 48.250503540
0.999991715 0.001624380 -0.003729991 0.949022532 -0.001611482 0.999992728 0.003458575 -1.327587843 0.003735582 -0.003452535 0.999987066 48.840904236
0.999985218 0.003050363 -0.004505195 0.973962307 -0.003035943 0.999990284 0.003203897 -1.337293983 0.004514923 -0.003190172 0.999984741 49.366058350
0.999989271 0.002944648 -0.003572756 0.967201114 -0.002934084 0.999991298 0.002958649 -1.357097268 0.003581437 -0.002948134 0.999989152 49.921009064
0.999992132 0.001954483 -0.003438284 0.966247857 -0.001943908 0.999993384 0.003076276 -1.374060392 0.003444274 -0.003069568 0.999989331 50.445381165
0.999993503 0.002536166 -0.002549363 0.964570880 -0.002528981 0.999992847 0.002818253 -1.390004516 0.002556493 -0.002811788 0.999992788 50.970088959
0.999992132 0.001984933 -0.003441248 0.997990668 -0.001972925 0.999991953 0.003489499 -1.411094427 0.003448147 -0.003482682 0.999987960 51.555866241
0.999991298 0.001823005 -0.003747154 1.006204128 -0.001811764 0.999993861 0.003000881 -1.420660019 0.003752602 -0.002994066 0.999988496 52.104785919
0.999990880 0.001844939 -0.003849816 1.019721389 -0.001833961 0.999994218 0.002853346 -1.432775974 0.003855058 -0.002846259 0.999988496 52.624069214
0.999992609 0.002446526 -0.002965763 1.010306835 -0.002437357 0.999992251 0.003091350 -1.447329998 0.002973303 -0.003084098 0.999990821 53.171493530
0.999991298 0.002302036 -0.003470055 1.029701471 -0.002291769 0.999992967 0.002959767 -1.463946462 0.003476845 -0.002951789 0.999989629 53.718357086
0.999993265 0.001648103 -0.003275800 1.037645936 -0.001638161 0.999993980 0.003035143 -1.481865525 0.003280784 -0.003029757 0.999990046 54.269290924
0.999992371 0.002144313 -0.003270733 1.040930510 -0.002135718 0.999994278 0.002629263 -1.490909815 0.003276351 -0.002622258 0.999991179 54.795864105
0.999993861 0.001614439 -0.003081880 1.051058769 -0.001606124 0.999994993 0.002698670 -1.511103272 0.003086221 -0.002693704 0.999991596 55.339851379
0.999993145 0.002067436 -0.003078696 1.058861971 -0.002060041 0.999994993 0.002403247 -1.518831730 0.003083649 -0.002396889 0.999992371 55.895153046
0.999992549 0.002254072 -0.003122774 1.069305062 -0.002244257 0.999992549 0.003143233 -1.539934158 0.003129835 -0.003136201 0.999990165 56.425430298
0.999993324 0.001921252 -0.003111320 1.080273151 -0.001911975 0.999993742 0.002981891 -1.552710295 0.003117031 -0.002975922 0.999990642 56.970291138
0.999992549 0.002329679 -0.003078970 1.085381746 -0.002320857 0.999993205 0.002865392 -1.564730525 0.003085624 -0.002858225 0.999991119 57.499126434
0.999992788 0.002210910 -0.003062756 1.095217347 -0.002202404 0.999993742 0.002777788 -1.582192898 0.003068880 -0.002771023 0.999991477 58.046241760
0.999992847 0.002311806 -0.002979837 1.104351521 -0.002305109 0.999994814 0.002249320 -1.593324900 0.002985021 -0.002242435 0.999992967 58.580951691
0.999992549 0.002114182 -0.003226773 1.122828722 -0.002105488 0.999994159 0.002695401 -1.607900500 0.003232451 -0.002688587 0.999991179 59.107257843
0.999993324 0.002165154 -0.002927784 1.129658103 -0.002157132 0.999993861 0.002740132 -1.627884269 0.002933699 -0.002733798 0.999991953 59.636833191
0.999993742 0.002547404 -0.002459707 1.133471608 -0.002540831 0.999993145 0.002671229 -1.646359324 0.002466494 -0.002664962 0.999993384 60.166164398
0.999992967 0.002454225 -0.002838978 1.154051423 -0.002446568 0.999993384 0.002697652 -1.651981831 0.002845578 -0.002690687 0.999992311 60.708610535
0.999991834 0.001872408 -0.003573506 1.189708114 -0.001861115 0.999993265 0.003160881 -1.685383797 0.003579400 -0.003154205 0.999988616 61.254589081
0.999992669 0.001840329 -0.003400558 1.206823587 -0.001828798 0.999992549 0.003391109 -1.696661949 0.003406773 -0.003384866 0.999988496 61.788074493
0.999992311 0.002090400 -0.003319113 1.216938734 -0.002079829 0.999992788 0.003185031 -1.713280916 0.003325746 -0.003178103 0.999989390 62.318752289
0.999992967 0.002057895 -0.003137713 1.239542007 -0.002048761 0.999993682 0.002910918 -1.728520155 0.003143683 -0.002904468 0.999990761 62.838588715
0.999991417 0.002555545 -0.003264371 1.252190471 -0.002545960 0.999992549 0.002936904 -1.736477494 0.003271851 -0.002928567 0.999990344 63.375610352
0.999990702 0.002846799 -0.003235941 1.265571237 -0.002837398 0.999991775 0.002906051 -1.754608750 0.003244187 -0.002896842 0.999990523 63.906650543
0.999991536 0.002728858 -0.003079474 1.278521061 -0.002719709 0.999991834 0.002971161 -1.766535878 0.003087556 -0.002962761 0.999990761 64.423675537
0.999991238 0.002634511 -0.003256118 1.292563081 -0.002624866 0.999992192 0.002962743 -1.781474948 0.003263899 -0.002954170 0.999990225 64.954368591
0.999992311 0.002470458 -0.003035909 1.302339077 -0.002462349 0.999993384 0.002671955 -1.794693232 0.003042491 -0.002664460 0.999991775 65.486297607
0.999992609 0.002871106 -0.002573390 1.306780815 -0.002863786 0.999991834 0.002843640 -1.810498118 0.002581533 -0.002836249 0.999992609 66.023788452
0.999992430 0.002030214 -0.003314816 1.331616163 -0.002022153 0.999995112 0.002433405 -1.815917015 0.003319740 -0.002426684 0.999991536 66.559783936
0.999992013 0.002335632 -0.003245767 1.340251565 -0.002327651 0.999994278 0.002460092 -1.831664085 0.003251494 -0.002452517 0.999991655 67.085182190
0.999991477 0.002050494 -0.003565680 1.353307366 -0.002041780 0.999994934 0.002445756 -1.843545318 0.003570677 -0.002438454 0.999990642 67.616149902
0.999991834 0.002788937 -0.002908029 1.354922414 -0.002782152 0.999993384 0.002334569 -1.860455871 0.002914521 -0.002326460 0.999993026 68.146293640
0.999992907 0.002564952 -0.002726853 1.361298084 -0.002558911 0.999994278 0.002216680 -1.872426987 0.002732523 -0.002209687 0.999993742 68.681030273
0.999991655 0.003050424 -0.002714342 1.362996101 -0.003043705 0.999992311 0.002475468 -1.888244629 0.002721871 -0.002467185 0.999993265 69.197463989
0.999990761 0.003237206 -0.002817249 1.379017830 -0.003231540 0.999992728 0.002013684 -1.902549863 0.002823747 -0.002004561 0.999993980 69.727333069
0.999992430 0.003004378 -0.002477839 1.387035847 -0.002999719 0.999993682 0.001882024 -1.915976048 0.002483478 -0.001874576 0.999995112 70.273094177
0.999992549 0.002751398 -0.002699664 1.395550847 -0.002745408 0.999993742 0.002220068 -1.933320045 0.002705755 -0.002212640 0.999993920 70.779403687
0.999992967 0.002804341 -0.002468831 1.405607581 -0.002799668 0.999994218 0.001894471 -1.943215609 0.002474129 -0.001887546 0.999995172 71.313201904
0.999993265 0.002782761 -0.002374748 1.413710952 -0.002777743 0.999993920 0.002113920 -1.959007859 0.002380616 -0.002107310 0.999994934 71.842948914
0.999991894 0.003496749 -0.002002256 1.416779160 -0.003493615 0.999992609 0.001566377 -1.972079873 0.002007720 -0.001559369 0.999996781 72.382240295
0.999992192 0.003386554 -0.002034708 1.429882884 -0.003383380 0.999993086 0.001561117 -1.984865904 0.002039980 -0.001554221 0.999996722 72.913200378
0.999991596 0.003563615 -0.001997639 1.434965372 -0.003559606 0.999991655 0.002006896 -2.000077248 0.002004773 -0.001999768 0.999996006 73.444160461
0.999992430 0.003494519 -0.001690922 1.447370291 -0.003491845 0.999992669 0.001581514 -2.012180328 0.001696437 -0.001575597 0.999997318 73.969367981
0.999991953 0.003646674 -0.001618240 1.456939101 -0.003643657 0.999991596 0.001863738 -2.026500702 0.001625023 -0.001857827 0.999996901 74.501342773
0.999992251 0.003454882 -0.001872287 1.470797062 -0.003451372 0.999992251 0.001875186 -2.041367054 0.001878751 -0.001868710 0.999996483 75.027732849
0.999992847 0.003286181 -0.001872837 1.480783463 -0.003283426 0.999993443 0.001471452 -2.054049015 0.001877660 -0.001465292 0.999997139 75.557373047
0.999992311 0.003387703 -0.001966698 1.490951777 -0.003385008 0.999993324 0.001372568 -2.066803217 0.001971336 -0.001365900 0.999997139 76.082183838
0.999992669 0.003340246 -0.001867216 1.505602121 -0.003337986 0.999993682 0.001212120 -2.082399368 0.001871253 -0.001205879 0.999997497 76.606330872
0.999992847 0.003278300 -0.001868214 1.518221855 -0.003275704 0.999993682 0.001390625 -2.098334551 0.001872762 -0.001384496 0.999997199 77.115905762
0.999991655 0.003558798 -0.002015252 1.531927466 -0.003555916 0.999992669 0.001431514 -2.108004093 0.002020332 -0.001424336 0.999996960 77.636833191
0.999993742 0.002442566 -0.002533977 1.551072478 -0.002439048 0.999996066 0.001389842 -2.128347158 0.002537363 -0.001383652 0.999995828 78.146621704
0.999991775 0.003639358 -0.001769927 1.553183794 -0.003637451 0.999992788 0.001079433 -2.137091637 0.001773842 -0.001072987 0.999997854 78.690910339
0.999993443 0.002790938 -0.002298480 1.570471764 -0.002787214 0.999994755 0.001622008 -2.169127226 0.002302994 -0.001615591 0.999996066 79.160911560
0.999992967 0.003294613 -0.001806795 1.576297760 -0.003292656 0.999993920 0.001086085 -2.170118809 0.001810361 -0.001080128 0.999997735 79.744140625
0.999994040 0.003331414 -0.000902120 1.597025275 -0.003330431 0.999993801 0.001087813 -2.183719158 0.000905738 -0.001084802 0.999998927 80.319686890
0.999992132 0.003950542 0.000318673 1.611481428 -0.003950875 0.999991596 0.001056539 -2.207751513 -0.000314497 -0.001057790 0.999999344 80.870399475
0.999998927 -0.000323849 -0.001422837 1.766299486 0.000320989 0.999997854 -0.002010503 -2.115386724 0.001423485 0.002010044 0.999996960 81.717140198
0.999992967 0.002851081 0.002439359 1.640625238 -0.002852214 0.999995768 0.000460787 -2.215477943 -0.002438035 -0.000467742 0.999996901 82.024887085
0.999986172 0.002236166 0.004778703 1.692491055 -0.002234968 0.999997437 -0.000255787 -2.208603144 -0.004779264 0.000245103 0.999988496 82.641616821
0.999951005 0.003293867 0.009332635 1.670232654 -0.003297035 0.999994516 0.000324344 -2.234088659 -0.009331516 -0.000355099 0.999956310 83.177787781
0.999916732 0.002847072 0.012587275 1.686140776 -0.002846775 0.999995887 -0.000041557 -2.242114782 -0.012587343 0.000005721 0.999920726 83.696609497
0.999852717 0.003770854 0.016744001 1.710416079 -0.003775797 0.999992847 0.000263574 -2.264099121 -0.016742887 -0.000326757 0.999859750 84.274200439
0.999740541 0.002998401 0.022586353 1.745359540 -0.003005869 0.999995410 0.000296665 -2.272568941 -0.022585362 -0.000364480 0.999744833 84.822425842
0.999596477 0.002864206 0.028257966 1.790401459 -0.002868889 0.999995887 0.000125188 -2.298490524 -0.028257493 -0.000206207 0.999600649 85.352691650
0.999402702 0.002554210 0.034462631 1.817522645 -0.002548098 0.999996722 -0.000221278 -2.304151297 -0.034463082 0.000133331 0.999405980 85.919761658
0.999071896 0.003400426 0.042937655 1.840092182 -0.003426514 0.999993920 0.000533994 -2.330413818 -0.042935587 -0.000680625 0.999077618 86.457878113
0.998659790 0.003853295 0.051611952 1.890887260 -0.003869616 0.999992490 0.000216303 -2.340726137 -0.051610731 -0.000415731 0.998667181 87.026481628
0.998305023 0.003592769 0.058090135 1.934493065 -0.003625964 0.999993324 0.000466041 -2.363147974 -0.058088087 -0.000675884 0.998311222 87.568161011
0.997707784 0.002953591 0.067605428 1.982166529 -0.002960371 0.999995589 0.000000082 -2.368586779 -0.067605130 -0.000200218 0.997712135 88.118789673
0.996982932 0.002628112 0.077576064 2.056426525 -0.002651081 0.999996424 0.000193098 -2.389150381 -0.077575274 -0.000398176 0.996986389 88.650642395
0.996268332 0.002881639 0.086262062 2.117559910 -0.002881866 0.999995828 -0.000121898 -2.401170015 -0.086262055 -0.000127153 0.996272445 89.205604553
0.995642602 0.001373409 0.093241483 2.185926437 -0.001331353 0.999998927 -0.000513242 -2.409007072 -0.093242094 0.000386869 0.995643318 89.762504578
0.994637728 0.001717657 0.103406288 2.266569614 -0.001676623 0.999998450 -0.000483735 -2.433441162 -0.103406958 0.000307768 0.994639099 90.271110535
0.993514359 0.001681656 0.113695182 2.357023716 -0.001673941 0.999998510 -0.000163325 -2.445081949 -0.113695309 -0.000028052 0.993515670 90.821647644
0.992443502 0.001343297 0.122694708 2.429288864 -0.001285056 0.999999046 -0.000553821 -2.467738390 -0.122695349 0.000391967 0.992444217 91.337936401
0.990911603 0.001654860 0.134504125 2.524868965 -0.001620004 0.999998569 -0.000368585 -2.482648134 -0.134504542 0.000147337 0.990912974 91.910675049
0.989131570 0.000693404 0.147032276 2.631022453 -0.000628299 0.999999702 -0.000489236 -2.498694658 -0.147032574 0.000391539 0.989131570 92.466537476
0.987616420 -0.000056132 0.156888396 2.741542816 0.000189008 0.999999702 -0.000832025 -2.511910677 -0.156888276 0.000851374 0.987616003 93.010177612
0.985723197 0.001642374 0.168365836 2.847629547 -0.001611264 0.999998629 -0.000321393 -2.530961037 -0.168366149 0.000045522 0.985724449 93.570411682
0.983432770 0.001247766 0.181268618 2.971205711 -0.001180187 0.999999166 -0.000480669 -2.548818588 -0.181269065 0.000258775 0.983433425 94.114669800
0.981104910 -0.000112566 0.193476200 3.104560852 0.000185012 0.999999881 -0.000356374 -2.565098047 -0.193476170 0.000385435 0.981104851 94.659309387
0.979001641 -0.000131428 0.203852192 3.231498718 0.000264357 0.999999762 -0.000624849 -2.579510212 -0.203852043 0.000665617 0.979001462 95.199066162
0.976162553 -0.000225667 0.217040747 3.372835159 0.000337810 0.999999821 -0.000479586 -2.596929550 -0.217040598 0.000541473 0.976162434 95.734252930
0.973064601 -0.000849721 0.230530933 3.520051956 0.000968134 0.999999404 -0.000400537 -2.619445086 -0.230530486 0.000612933 0.973064840 96.300750732
0.970345259 -0.001183332 0.241719931 3.674509048 0.001326633 0.999998987 -0.000430092 -2.634763718 -0.241719171 0.000738011 0.970345914 96.819717407
0.967405140 -0.001013224 0.253231525 3.813961029 0.000977190 0.999999464 0.000268074 -2.664994001 -0.253231615 -0.000011881 0.967405677 97.404388428
0.963864863 -0.001607240 0.266386896 3.990507126 0.001534646 0.999998629 0.000480683 -2.684766769 -0.266387314 -0.000054503 0.963865995 97.935340881
0.960366309 -0.002098497 0.278733432 4.163797379 0.002233819 0.999997437 -0.000167877 -2.701053381 -0.278732419 0.000783864 0.960368454 98.458496094
0.956789017 -0.002249137 0.290774226 4.347414017 0.002245313 0.999997437 0.000346801 -2.723617077 -0.290774316 0.000321063 0.956791639 99.030349731
0.952390730 -0.002484512 0.304870099 4.541988373 0.002466454 0.999996841 0.000444374 -2.737094641 -0.304870158 0.000328731 0.952393830 99.575813293
0.947790980 -0.002592966 0.318881720 4.743747711 0.002581409 0.999996543 0.000458857 -2.754830599 -0.318881840 0.000388263 0.947794378 100.095970154
0.943899512 -0.002825557 0.330220640 4.950391769 0.002772552 0.999995887 0.000631501 -2.771758795 -0.330221117 0.000319480 0.943903565 100.608825684
0.939158499 -0.003047597 0.343470603 5.166826248 0.003121656 0.999994993 0.000337299 -2.783191442 -0.343469918 0.000755420 0.939163387 101.170578003
0.933943450 -0.003756694 0.357401043 5.403972626 0.004031706 0.999991834 -0.000024405 -2.796728611 -0.357398033 0.001463729 0.933951020 101.687362671
0.928929031 -0.003539021 0.370240867 5.613187790 0.003784179 0.999992788 0.000064180 -2.810377121 -0.370238423 0.001341439 0.928935766 102.200637817
0.924146950 -0.003606089 0.382020146 5.840816498 0.003319999 0.999993443 0.001408037 -2.853404999 -0.382022709 -0.000032927 0.924152911 102.703094482
0.917637110 -0.001042062 0.397417903 6.072818756 0.000632192 0.999999166 0.001162349 -2.864562273 -0.397418797 -0.000815370 0.917636991 103.208305359
0.912451506 -0.004766574 0.409157068 6.323188782 0.004618658 0.999988377 0.001349647 -2.886218309 -0.409158766 0.000658269 0.912462950 103.701339722
0.907582581 -0.005031336 0.419843346 6.575099945 0.004723083 0.999987304 0.001773717 -2.903989315 -0.419846952 0.000373161 0.907594800 104.182144165
0.901720047 -0.006814693 0.432266653 6.832309723 0.006783001 0.999975622 0.001615113 -2.921111584 -0.432267129 0.001475686 0.901744306 104.696563721
0.895028472 -0.006400360 0.445963025 7.098243713 0.006155677 0.999979019 0.001997295 -2.936424732 -0.445966512 0.000957569 0.895049155 105.182678223
0.889036536 -0.007591092 0.457773209 7.362724304 0.007634911 0.999969304 0.001754457 -2.950754642 -0.457772493 0.001935282 0.889067233 105.660827637
0.883452117 -0.008195112 0.468449652 7.645206451 0.008152096 0.999964535 0.002119404 -2.964277267 -0.468450367 0.001946454 0.883487642 106.132156372
0.875669122 -0.007176087 0.482858449 7.926773071 0.006996750 0.999973118 0.002172601 -2.978570700 -0.482861161 0.001475960 0.875695705 106.621383667
0.868817806 -0.007678299 0.495072335 8.229190826 0.007797693 0.999967933 0.001824537 -2.985844851 -0.495070487 0.002275232 0.868849814 107.082260132
