1.000000000 0.000000000 0.000000000 0.000000000 0.000000000 1.000000000 0.000000000 0.000000000 0.000000000 0.000000000 1.000000000 0.000000000
1.000000000 0.000078074 0.000087490 -0.000999979 -0.000078084 1.000000000 0.000119656 -0.000244229 -0.000087480 -0.000119663 1.000000000 -0.000101747
1.000000000 -0.000015094 0.000096222 -0.001001748 0.000015094 1.000000000 -0.000002987 0.000671648 -0.000096222 0.000002988 1.000000000 0.000038434
1.000000000 0.000034290 0.000045392 -0.000307365 -0.000034292 1.000000000 0.000050629 -0.000449228 -0.000045390 -0.000050631 1.000000000 0.000161500
1.000000000 0.000084925 0.000191444 -0.001290070 -0.000084932 1.000000000 0.000040153 -0.000095478 -0.000191441 -0.000040169 1.000000000 0.000431088
1.000000000 -0.000088219 0.000008736 -0.000106357 0.000088219 1.000000000 0.000003706 0.000016028 -0.000008736 -0.000003705 1.000000000 0.000186242
1.000000000 0.000021472 0.000123562 -0.001312051 -0.000021484 1.000000000 0.000100223 -0.000795950 -0.000123560 -0.000100225 1.000000000 -0.000767458
1.000000000 0.000059053 0.000057763 -0.000709237 -0.000059052 1.000000000 -0.000019892 -0.000090371 -0.000057764 0.000019888 1.000000000 -0.000280994
1.000000000 0.000091803 0.000186032 -0.001561681 -0.000091807 1.000000000 0.000019158 -0.000916246 -0.000186030 -0.000019175 1.000000000 -0.000311671
1.000000000 0.000122203 0.000209361 -0.002070443 -0.000122236 1.000000000 0.000156264 -0.001159172 -0.000209342 -0.000156289 0.999999940 0.000587781
1.000000000 0.000101486 0.000177626 -0.001368427 -0.000101501 1.000000000 0.000085129 -0.000681240 -0.000177617 -0.000085147 1.000000000 -0.000240398
1.000000000 0.000115967 0.000179263 -0.001403476 -0.000115974 1.000000000 0.000037355 -0.001119279 -0.000179259 -0.000037376 1.000000000 -0.000364999
1.000000000 0.000066865 0.000137936 -0.000977659 -0.000066871 1.000000000 0.000044569 0.000043036 -0.000137933 -0.000044579 1.000000000 0.000415693
1.000000000 0.000123199 0.000162010 -0.001940781 -0.000123188 1.000000000 -0.000070989 0.000780954 -0.000162018 0.000070969 1.000000000 0.000170343
1.000000000 0.000118906 0.000093043 -0.000455780 -0.000118907 1.000000000 0.000011890 0.001218696 -0.000093042 -0.000011901 1.000000000 0.001378856
0.999999940 0.000225981 0.000195778 -0.001752266 -0.000225973 1.000000000 -0.000038512 0.000983039 -0.000195786 0.000038467 1.000000000 0.001637137
0.999999940 0.000314032 0.000198437 -0.001932567 -0.000314035 0.999999940 0.000017281 0.000536992 -0.000198431 -0.000017343 1.000000000 0.002033349
0.999999940 0.000218769 0.000247569 -0.002165281 -0.000218766 1.000000000 -0.000012055 0.001673626 -0.000247571 0.000012000 0.999999940 0.003055579
0.999999940 0.000221302 0.000273158 -0.002141205 -0.000221279 1.000000000 -0.000083065 0.001461084 -0.000273177 0.000083005 0.999999940 0.001605064
0.999999881 0.000297613 0.000320796 -0.003008038 -0.000297620 0.999999940 0.000022522 0.000821908 -0.000320789 -0.000022617 0.999999940 0.002683598
0.999999940 0.000329511 0.000194175 -0.002325190 -0.000329496 0.999999940 -0.000076411 0.001983552 -0.000194200 0.000076347 1.000000000 0.002423152
0.999999940 0.000309742 0.000221384 -0.002257930 -0.000309730 0.999999940 -0.000053762 0.001683966 -0.000221400 0.000053694 1.000000000 0.003047033
0.999999940 0.000222952 0.000278976 -0.002950574 -0.000222961 1.000000000 0.000031479 0.001072960 -0.000278969 -0.000031541 0.999999940 0.002386047
0.999999940 0.000353839 0.000223934 -0.002878051 -0.000353834 0.999999940 -0.000024348 0.001835240 -0.000223942 0.000024268 1.000000000 0.003327198
0.999999940 0.000300345 0.000238763 -0.002242479 -0.000300357 0.999999940 0.000046582 0.000859567 -0.000238749 -0.000046654 1.000000000 0.002385610
0.999999940 0.000268892 0.000253546 -0.002727094 -0.000268877 0.999999940 -0.000059102 0.002857392 -0.000253562 0.000059033 0.999999940 0.003696261
0.999999881 0.000355817 0.000265650 -0.002713662 -0.000355832 0.999999940 0.000056835 0.001133529 -0.000265630 -0.000056929 0.999999940 0.002874047
0.999999940 0.000285540 0.000146306 -0.002194546 -0.000285526 0.999999940 -0.000097667 0.002035111 -0.000146334 0.000097626 1.000000000 0.001771995
0.999999940 0.000346709 0.000195100 -0.002355715 -0.000346682 0.999999940 -0.000135944 0.002633166 -0.000195147 0.000135876 1.000000000 0.002775403
0.999999881 0.000366067 0.000274283 -0.002027643 -0.000366041 0.999999940 -0.000093008 0.001892389 -0.000274317 0.000092908 0.999999940 0.002707773
0.999999881 0.000390403 0.000352275 -0.003039780 -0.000390375 0.999999940 -0.000077036 0.002517389 -0.000352305 0.000076898 0.999999940 0.002695932
0.999999881 0.000395227 0.000234516 -0.002150292 -0.000395210 0.999999940 -0.000072522 0.002216191 -0.000234545 0.000072429 0.999999940 0.002971572
0.999999940 0.000364425 0.000210501 -0.001675764 -0.000364426 0.999999940 0.000001507 0.000327754 -0.000210501 -0.000001584 1.000000000 0.001526132
0.999999821 0.000497786 0.000350691 -0.003682288 -0.000497795 0.999999881 0.000023205 0.000757489 -0.000350680 -0.000023379 0.999999940 0.002559245
0.999999881 0.000421403 0.000259680 -0.002227068 -0.000421378 0.999999881 -0.000096689 0.001729443 -0.000259721 0.000096580 0.999999940 0.002714818
0.999999881 0.000359912 0.000288181 -0.003522794 -0.000359899 0.999999940 -0.000045750 0.001557339 -0.000288198 0.000045646 0.999999940 0.002772606
0.999999881 0.000398334 0.000239183 -0.002882333 -0.000398316 0.999999940 -0.000075988 0.002852798 -0.000239213 0.000075893 0.999999940 0.003470151
0.999999821 0.000474804 0.000309138 -0.002898378 -0.000474788 0.999999881 -0.000052764 0.002154024 -0.000309163 0.000052617 0.999999940 0.002886665
0.999999881 0.000442223 0.000266650 -0.001808646 -0.000442222 0.999999881 -0.000000898 0.001778072 -0.000266650 0.000000780 0.999999940 0.001518752
0.999999940 0.000262693 0.000214901 -0.001271040 -0.000262676 0.999999940 -0.000081031 0.001062517 -0.000214923 0.000080975 1.000000000 0.001809853
0.999999881 0.000413221 0.000317822 -0.000960533 -0.000413046 0.999999762 -0.000552079 -0.002712911 -0.000318051 0.000551947 0.999999821 0.048179869
0.999999464 0.001035506 0.000035453 0.000461381 -0.001035464 0.999998748 -0.001179945 -0.003746663 -0.000036674 0.001179908 0.999999225 0.139235184
0.999999583 0.000719070 0.000405795 0.001018258 -0.000718473 0.999998689 -0.001470458 -0.005909320 -0.000406851 0.001470166 0.999998808 0.252810895
0.999999464 0.000873188 0.000402375 0.004195236 -0.000872599 0.999998569 -0.001461557 -0.008932230 -0.000403651 0.001461205 0.999998808 0.384442031
0.999999702 0.000678862 0.000325448 0.007375699 -0.000678460 0.999998987 -0.001232713 -0.013164970 -0.000326285 0.001232492 0.999999166 0.525205553
0.999999762 0.000535783 0.000210972 0.014470478 -0.000535601 0.999999404 -0.000861800 -0.022451410 -0.000211434 0.000861687 0.999999583 0.674882829
0.999999881 0.000411065 0.000121828 0.019947877 -0.000410996 0.999999702 -0.000566844 -0.024891904 -0.000122061 0.000566794 0.999999881 0.838777125
0.999999762 0.000480676 0.000197684 0.022710688 -0.000480580 0.999999702 -0.000488881 -0.032091670 -0.000197919 0.000488786 0.999999821 1.007337689
0.999999821 0.000472419 0.000426189 0.022626484 -0.000472287 0.999999940 -0.000310737 -0.037844941 -0.000426336 0.000310535 0.999999881 1.185256124
0.999999523 0.000715817 0.000584252 0.023017006 -0.000715757 0.999999762 -0.000102662 -0.041635305 -0.000584326 0.000102244 0.999999821 1.374454737
0.999999464 0.000964639 0.000429428 0.027810577 -0.000964499 0.999999583 -0.000325147 -0.044772502 -0.000429741 0.000324732 0.999999881 1.571177483
0.999999762 0.000316783 0.000595850 0.030410886 -0.000316774 1.000000000 -0.000013560 -0.051240310 -0.000595854 0.000013372 0.999999821 1.764236927
0.999999642 0.000593315 0.000454248 0.033532258 -0.000593425 0.999999821 0.000243601 -0.060445115 -0.000454103 -0.000243871 0.999999881 1.957781315
0.999999642 0.000343925 0.000782137 0.037460793 -0.000344148 0.999999821 0.000284741 -0.068480961 -0.000782039 -0.000285011 0.999999642 2.172429323
0.999999642 0.000571472 0.000579324 0.043030735 -0.000571570 0.999999821 0.000168283 -0.070852198 -0.000579228 -0.000168614 0.999999821 2.387106180
0.999999344 0.000920183 0.000645355 0.047186028 -0.000920241 0.999999642 0.000089747 -0.077130936 -0.000645272 -0.000090341 0.999999821 2.607863188
0.999999344 0.000631995 0.000930842 0.047588944 -0.000631952 0.999999762 -0.000046453 -0.081456840 -0.000930871 0.000045865 0.999999583 2.841712713
0.999999106 0.000775791 0.000963885 0.052387938 -0.000775703 0.999999702 -0.000091689 -0.084842324 -0.000963956 0.000090942 0.999999464 3.087146997
0.999998629 0.001189873 0.001167586 0.056021784 -0.001190489 0.999999166 0.000527049 -0.096032821 -0.001166958 -0.000528438 0.999999166 3.320241928
0.999998689 0.001007450 0.001286294 0.059437249 -0.001008363 0.999999285 0.000709063 -0.105268620 -0.001285579 -0.000710359 0.999998868 3.566299200
0.999998391 0.001219051 0.001259128 0.066207357 -0.001220062 0.999998927 0.000802628 -0.110339202 -0.001258148 -0.000804163 0.999998868 3.830139160
0.999998391 0.001333058 0.001186402 0.072838217 -0.001333207 0.999999046 0.000125077 -0.111583956 -0.001186234 -0.000126658 0.999999225 4.083208561
0.999997914 0.001714043 0.001101520 0.078869693 -0.001713759 0.999998450 -0.000258928 -0.114203319 -0.001101962 0.000257039 0.999999344 4.340497494
0.999998450 0.001097902 0.001408876 0.082905352 -0.001098238 0.999999344 0.000237862 -0.125658721 -0.001408614 -0.000239409 0.999998927 4.599760532
0.999997795 0.001492313 0.001492334 0.086507924 -0.001493282 0.999998689 0.000647889 -0.136019737 -0.001491365 -0.000650115 0.999998689 4.858116150
0.999997258 0.001857075 0.001432818 0.092097320 -0.001857757 0.999998212 0.000474222 -0.142439350 -0.001431935 -0.000476882 0.999998868 5.116384506
0.999997735 0.001326350 0.001672813 0.094495103 -0.001327878 0.999998689 0.000912662 -0.157041550 -0.001671601 -0.000914881 0.999998212 5.366493702
0.999998033 0.001251165 0.001492310 0.102322310 -0.001252187 0.999998987 0.000684065 -0.161398768 -0.001491453 -0.000685932 0.999998629 5.637313366
0.999997377 0.001173748 0.001980263 0.099486314 -0.001174934 0.999999106 0.000598004 -0.165017650 -0.001979559 -0.000600329 0.999997854 5.906167030
0.999996841 0.001376389 0.002142010 0.103868067 -0.001377469 0.999998868 0.000502674 -0.172913909 -0.002141316 -0.000505623 0.999997616 6.181127071
0.999997258 0.001412829 0.001874245 0.117077321 -0.001414330 0.999998629 0.000799384 -0.181712434 -0.001873113 -0.000802033 0.999997854 6.479487419
0.999997616 0.001434929 0.001617075 0.120721482 -0.001436299 0.999998569 0.000846223 -0.188811585 -0.001615859 -0.000848543 0.999998271 6.770740986
0.999998808 0.000853744 0.001253404 0.139463380 -0.000854061 0.999999583 0.000252672 -0.190475628 -0.001253187 -0.000253743 0.999999166 7.056779385
0.999999225 0.000531232 0.001168038 0.146610752 -0.000532216 0.999999523 0.000842215 -0.204810619 -0.001167590 -0.000842836 0.999998927 7.352503777
0.999997795 0.001217235 0.001672126 0.146992981 -0.001219106 0.999998629 0.001118292 -0.226718724 -0.001670763 -0.001120328 0.999997973 7.660132885
0.999997735 0.001248396 0.001708642 0.155885413 -0.001250508 0.999998391 0.001235728 -0.233163878 -0.001707096 -0.001237861 0.999997795 7.980161190
0.999997139 0.001503674 0.001812109 0.155281320 -0.001505947 0.999998093 0.001253428 -0.244524121 -0.001810220 -0.001256153 0.999997497 8.287518501
0.999997854 0.001182989 0.001694081 0.163414150 -0.001184627 0.999998868 0.000966060 -0.251021266 -0.001692936 -0.000968065 0.999998093 8.608448029
0.999997556 0.001412179 0.001716794 0.175460368 -0.001413297 0.999998808 0.000649853 -0.254512846 -0.001715875 -0.000652278 0.999998331 8.952709198
0.999997675 0.001681255 0.001414435 0.184219956 -0.001682387 0.999998271 0.000799083 -0.268454552 -0.001413089 -0.000801460 0.999998689 9.294494629
0.999995649 0.002248497 0.001919594 0.186657444 -0.002250521 0.999996901 0.001052756 -0.287672490 -0.001917221 -0.001057071 0.999997616 9.620080948
0.999995589 0.002103919 0.002070786 0.192615047 -0.002106954 0.999996662 0.001464304 -0.298422545 -0.002067698 -0.001468660 0.999996781 9.976686478
0.999996483 0.001742246 0.001986887 0.201685742 -0.001744145 0.999998033 0.000954336 -0.298020095 -0.001985221 -0.000957798 0.999997556 10.324745178
0.999997675 0.001369257 0.001675011 0.216459826 -0.001370749 0.999998689 0.000890045 -0.304742903 -0.001673790 -0.000892338 0.999998212 10.686400414
0.999998450 0.000991691 0.001488836 0.224319384 -0.000992624 0.999999344 0.000625384 -0.311916918 -0.001488214 -0.000626860 0.999998689 11.051800728
0.999997020 0.001772185 0.001630570 0.232409477 -0.001773719 0.999997914 0.000940006 -0.323929250 -0.001628901 -0.000942895 0.999998212 11.443889618
0.999997616 0.001237486 0.001811718 0.245266318 -0.001239553 0.999998569 0.001139849 -0.337726742 -0.001810305 -0.001142092 0.999997735 11.828809738
0.999995589 0.002149061 0.002051349 0.246163487 -0.002151927 0.999996722 0.001396419 -0.350634068 -0.002048342 -0.001400828 0.999996901 12.205717087
0.999995530 0.001983487 0.002213724 0.258486539 -0.001987369 0.999996543 0.001752796 -0.366187602 -0.002210239 -0.001757188 0.999995947 12.591867447
0.999995887 0.001640079 0.002346987 0.260551751 -0.001643731 0.999997377 0.001554893 -0.370359391 -0.002344431 -0.001558744 0.999996066 12.998723984
0.999995768 0.001603817 0.002407610 0.274544656 -0.001606671 0.999998033 0.001184167 -0.385585487 -0.002405706 -0.001188030 0.999996424 13.401484489
0.999993622 0.002101706 0.002884562 0.276584387 -0.002106494 0.999996424 0.001657925 -0.396751106 -0.002881066 -0.001663991 0.999994457 13.812335014
0.999992430 0.002262054 0.003168169 0.282420814 -0.002268017 0.999995649 0.001879648 -0.412345707 -0.003163903 -0.001886819 0.999993205 14.211629868
0.999990880 0.002595214 0.003378035 0.291675985 -0.002600724 0.999995291 0.001627719 -0.425219923 -0.003373794 -0.001636490 0.999992967 14.629742622
0.999991119 0.002208379 0.003616451 0.297157675 -0.002214582 0.999996066 0.001712075 -0.437201917 -0.003612656 -0.001720069 0.999992013 15.058723450
0.999989748 0.002314556 0.003899079 0.309699863 -0.002320788 0.999995947 0.001594625 -0.449278265 -0.003895373 -0.001603658 0.999991119 15.494204521
0.999988973 0.002089765 0.004221276 0.319369674 -0.002096859 0.999996424 0.001676817 -0.461118102 -0.004217757 -0.001685651 0.999989688 15.939663887
0.999984920 0.002791022 0.004723409 0.326723397 -0.002799013 0.999994636 0.001685984 -0.471160591 -0.004718678 -0.001699179 0.999987423 16.374225616
0.999982536 0.003073170 0.005051597 0.331889153 -0.003081196 0.999994040 0.001581974 -0.486667156 -0.005046705 -0.001597512 0.999985993 16.811243057
0.999983490 0.002766266 0.005035379 0.349674791 -0.002777154 0.999993801 0.002156595 -0.502060294 -0.005029382 -0.002170543 0.999984920 17.272968292
0.999983311 0.002570041 0.005177003 0.359824926 -0.002583542 0.999993265 0.002602797 -0.519454837 -0.005170281 -0.002616129 0.999983132 17.733150482
0.999982655 0.002364180 0.005390490 0.372374743 -0.002372831 0.999995947 0.001599002 -0.526169717 -0.005386688 -0.001611765 0.999984086 18.197843552
0.999979854 0.002497025 0.005831813 0.385527790 -0.002506490 0.999995530 0.001616374 -0.536259472 -0.005827751 -0.001630959 0.999981582 18.668142319
0.999977827 0.002670395 0.006101856 0.400653809 -0.002684886 0.999993563 0.002367888 -0.557968974 -0.006095494 -0.002384219 0.999978542 19.140043259
0.999973655 0.003481909 0.006368677 0.413180232 -0.003494308 0.999992013 0.001936929 -0.564511001 -0.006361882 -0.001959132 0.999977767 19.617258072
0.999972522 0.003659392 0.006449998 0.418065280 -0.003676628 0.999989629 0.002662572 -0.581449330 -0.006440188 -0.002686213 0.999975622 20.106987000
0.999971688 0.003258276 0.006799883 0.430940628 -0.003275665 0.999991417 0.002547411 -0.599269331 -0.006791526 -0.002569613 0.999973655 20.586421967
0.999975383 0.003118939 0.006282211 0.443527669 -0.003134535 0.999992073 0.002474081 -0.608154356 -0.006274444 -0.002493713 0.999977231 21.104034424
0.999978840 0.003431805 0.005512864 0.462909281 -0.003446062 0.999990702 0.002578818 -0.625818014 -0.005503963 -0.002597761 0.999981463 21.571937561
0.999979913 0.003751624 0.005106896 0.476073384 -0.003764956 0.999989569 0.002603429 -0.636851490 -0.005097075 -0.002622604 0.999983549 22.088926315
0.999985039 0.002746920 0.004736251 0.484396160 -0.002757785 0.999993503 0.002289078 -0.646180630 -0.004729933 -0.002302106 0.999986172 22.580366135
0.999987125 0.002812156 0.004220334 0.493080765 -0.002821706 0.999993443 0.002258472 -0.662925243 -0.004213954 -0.002270352 0.999988556 23.090476990
0.999989510 0.002536333 0.003815884 0.504899800 -0.002547448 0.999992430 0.002910791 -0.685212612 -0.003808472 -0.002920481 0.999988496 23.611713409
0.999995291 0.000913427 0.002929467 0.519107103 -0.000920500 0.999996603 0.002413553 -0.700628877 -0.002927252 -0.002416238 0.999992847 24.145103455
0.999994218 0.002109672 0.002673896 0.528209865 -0.002117565 0.999993503 0.002952388 -0.716681838 -0.002667649 -0.002958033 0.999992073 24.669868469
0.999994040 0.002615610 0.002251926 0.535745859 -0.002623437 0.999990523 0.003479263 -0.734154582 -0.002242804 -0.003485150 0.999991417 25.226785660
0.999994695 0.002881910 0.001536909 0.547303677 -0.002886524 0.999991298 0.003007757 -0.746945083 -0.001528228 -0.003012177 0.999994278 25.748744965
0.999993503 0.003299412 0.001475031 0.555567622 -0.003303799 0.999990046 0.002981214 -0.758390367 -0.001465180 -0.002986068 0.999994457 26.304542542
0.999996424 0.002387270 0.001226807 0.569117248 -0.002391784 0.999990463 0.003691075 -0.771785080 -0.001217984 -0.003693997 0.999992430 26.856742859
0.999997556 0.002178195 0.000295841 0.586453319 -0.002179235 0.999991298 0.003560848 -0.793064773 -0.000288082 -0.003561485 0.999993563 27.417436600
0.999995589 0.002940031 0.000101680 0.594351292 -0.002940384 0.999988854 0.003670580 -0.805943906 -0.000090888 -0.003670863 0.999993205 27.979839325
0.999995768 0.002906599 0.000037924 0.597504437 -0.002906727 0.999987602 0.004037434 -0.824619114 -0.000026188 -0.004037527 0.999991834 28.501985550
0.999994755 0.003230504 0.000243918 0.606228471 -0.003231479 0.999986470 0.004110227 -0.841405153 -0.000230637 -0.004110994 0.999991536 29.051046371
0.999994338 0.003327991 0.000547007 0.608074188 -0.003329810 0.999988914 0.003361267 -0.847125411 -0.000535814 -0.003363070 0.999994218 29.603408813
0.999995470 0.002875059 -0.000917353 0.628787935 -0.002871163 0.999986887 0.004220214 -0.874811351 0.000929475 -0.004217560 0.999990702 30.127620697
0.999994576 0.003270280 -0.000552026 0.634960532 -0.003267709 0.999984026 0.004596526 -0.892545581 0.000567049 -0.004594696 0.999989331 30.679487228
0.999995351 0.002899491 -0.000887486 0.642664194 -0.002895851 0.999987483 0.004076211 -0.898131967 0.000899293 -0.004073622 0.999991298 31.243383408
0.999991596 0.004035695 -0.000701508 0.648221135 -0.004033043 0.999984860 0.003741669 -0.907429218 0.000716598 -0.003738808 0.999992728 31.788215637
0.999994218 0.003008614 -0.001595085 0.664508522 -0.003002028 0.999987006 0.004115487 -0.929034650 0.001607446 -0.004110675 0.999990284 32.339176178
0.999993682 0.003037964 -0.001889756 0.669049561 -0.003029998 0.999986589 0.004203765 -0.941707551 0.001902501 -0.004198012 0.999989450 32.885623932
0.999995053 0.002195150 -0.002255652 0.692966938 -0.002184782 0.999987066 0.004588488 -0.963126123 0.002265695 -0.004583538 0.999986947 33.443023682
0.999994576 0.002618417 -0.002004745 0.690527141 -0.002609718 0.999987245 0.004329627 -0.971314967 0.002016056 -0.004324372 0.999988616 33.998764038
0.999993026 0.002440675 -0.002836464 0.704199612 -0.002428059 0.999987304 0.004442723 -0.985685349 0.002847271 -0.004435806 0.999986053 34.535961151
0.999991357 0.002659532 -0.003196730 0.718686342 -0.002645398 0.999986768 0.004417663 -1.005650997 0.003208437 -0.004409167 0.999985158 35.061988831
0.999991894 0.002129363 -0.003428188 0.735181391 -0.002114523 0.999988437 0.004326709 -1.016237020 0.003437362 -0.004319424 0.999984741 35.594123840
0.999991477 0.002811482 -0.003014143 0.730046391 -0.002798253 0.999986470 0.004384332 -1.037820816 0.003026429 -0.004375861 0.999985874 36.160545349
0.999990642 0.002849696 -0.003251680 0.740782022 -0.002836099 0.999987245 0.004178586 -1.048266292 0.003263546 -0.004169325 0.999985993 36.718231201
0.999992192 0.002610756 -0.002963679 0.748890817 -0.002598037 0.999987423 0.004287494 -1.060430050 0.002974836 -0.004279761 0.999986410 37.269042969
0.999990940 0.002708340 -0.003284517 0.763575494 -0.002693874 0.999986708 0.004400651 -1.077054501 0.003296392 -0.004391764 0.999984920 37.801868439
0.999989629 0.002673976 -0.003686410 0.768472612 -0.002657900 0.999986947 0.004358857 -1.085361600 0.003698018 -0.004349013 0.999983668 38.370113373
0.999992669 0.002282921 -0.003042631 0.779244125 -0.002271545 0.999990463 0.003736977 -1.105552673 0.003051133 -0.003730039 0.999988377 38.900356293
0.999991179 0.002955722 -0.002981598 0.793872237 -0.002942683 0.999986112 0.004368392 -1.122257113 0.002994468 -0.004359579 0.999985933 39.465167999
0.999992192 0.002926035 -0.002642179 0.799920738 -0.002915238 0.999987423 0.004080986 -1.134287834 0.002654086 -0.004073251 0.999988139 40.019718170
0.999991655 0.002365422 -0.003327853 0.815175414 -0.002349884 0.999986351 0.004664974 -1.162883997 0.003338842 -0.004657114 0.999983549 40.529090881
0.999992609 0.002443525 -0.002981896 0.821512401 -0.002430914 0.999988139 0.004225369 -1.169049501 0.002992186 -0.004218088 0.999986649 41.086029053
0.999991059 0.002038878 -0.003706635 0.840129733 -0.002022263 0.999987900 0.004480760 -1.185481429 0.003715726 -0.004473223 0.999983072 41.626384735
0.999989927 0.002870535 -0.003447088 0.843212128 -0.002855506 0.999986410 0.004356991 -1.201128006 0.003459548 -0.004347104 0.999984562 42.176963806
0.999987900 0.002568341 -0.004192698 0.858262181 -0.002549374 0.999986529 0.004522918 -1.211936712 0.004204258 -0.004512174 0.999981046 42.732978821
0.999988735 0.002777003 -0.003839781 0.868781209 -0.002756419 0.999981821 0.005355725 -1.233711362 0.003854584 -0.005345080 0.999978304 43.263015747
0.999990046 0.002784101 -0.003475725 0.870661736 -0.002768276 0.999985933 0.004549811 -1.242605090 0.003488343 -0.004540143 0.999983609 43.822517395
0.999991536 0.002533961 -0.003246463 0.879705906 -0.002518269 0.999985218 0.004828488 -1.254138947 0.003258650 -0.004820272 0.999983072 44.365497589
0.999990582 0.003106339 -0.003014471 0.879871666 -0.003091977 0.999983847 0.004756968 -1.267371535 0.003029199 -0.004747604 0.999984145 44.914276123
0.999990821 0.002973872 -0.003077247 0.892276108 -0.002960326 0.999985933 0.004397161 -1.278076530 0.003090281 -0.004388011 0.999985576 45.464740753
0.999991119 0.002847269 -0.003080397 0.900254130 -0.002833331 0.999985754 0.004519671 -1.288550496 0.003093223 -0.004510904 0.999984980 46.013641357
0.999990702 0.003293677 -0.002774504 0.904895067 -0.003281010 0.999984324 0.004557548 -1.308973908 0.002789471 -0.004548403 0.999985754 46.546962738
0.999987662 0.003666723 -0.003319644 0.920485556 -0.003650860 0.999981940 0.004772033 -1.316655755 0.003337082 -0.004759855 0.999983072 47.099136353
0.999987543 0.003538235 -0.003511366 0.935992599 -0.003522028 0.999983191 0.004611004 -1.335976124 0.003527622 -0.004598578 0.999983132 47.648628235
0.999991059 0.003575532 -0.002269393 0.942614675 -0.003564734 0.999982417 0.004744438 -1.350236416 0.002286318 -0.004736305 0.999986172 48.189823151
0.999992192 0.002481951 -0.003111285 0.947947204 -0.002467904 0.999986768 0.004510715 -1.360190272 0.003122438 -0.004503001 0.999984920 48.718585968
0.999991477 0.002526402 -0.003262723 0.958305657 -0.002512639 0.999987960 0.004215605 -1.366685033 0.003273334 -0.004207371 0.999985814 49.267684937
0.999989867 0.003622001 -0.002670892 0.970445693 -0.003610382 0.999983966 0.004342210 -1.387236714 0.002686577 -0.004332524 0.999987006 49.788562775
0.999990165 0.003358137 -0.002889948 0.977212429 -0.003346706 0.999986589 0.003951380 -1.390903473 0.002903179 -0.003941670 0.999988019 50.339401245
0.999990523 0.003243124 -0.002907960 0.986204565 -0.003230649 0.999985635 0.004284494 -1.410583615 0.002921814 -0.004275059 0.999986589 50.860858917
0.999990523 0.002624601 -0.003451451 1.011011362 -0.002611047 0.999988914 0.003925708 -1.419804096 0.003461716 -0.003916659 0.999986351 51.405071259
0.999989629 0.003683354 -0.002677449 1.001551390 -0.003672143 0.999984503 0.004179901 -1.431891561 0.002692803 -0.004170026 0.999987602 51.934452057
0.999993086 0.002833218 -0.002414139 1.014903665 -0.002823475 0.999987900 0.004029821 -1.447995424 0.002425527 -0.004022976 0.999988973 52.482147217
0.999988794 0.004155783 -0.002270138 1.019195199 -0.004147162 0.999984145 0.003789921 -1.458042026 0.002285853 -0.003780464 0.999990225 53.016143799
0.999987304 0.004473141 -0.002325795 1.029568553 -0.004464251 0.999982715 0.003813932 -1.471934199 0.002342815 -0.003803501 0.999989986 53.566184998
0.999988139 0.004387705 -0.002114817 1.035432339 -0.004379510 0.999982893 0.003864524 -1.485415101 0.002131736 -0.003855217 0.999990284 54.095012665
0.999988437 0.004555967 -0.001556418 1.037153721 -0.004550079 0.999982536 0.003766055 -1.497663140 0.001573549 -0.003758931 0.999991715 54.634445190
0.999988556 0.004620197 -0.001285117 1.046802282 -0.004614834 0.999980748 0.004146412 -1.512815952 0.001304250 -0.004140433 0.999990582 55.180156708
0.999988079 0.004594382 -0.001668829 1.061995625 -0.004588269 0.999982953 0.003648444 -1.520547748 0.001685564 -0.003640743 0.999991953 55.708248138
0.999990463 0.003945631 -0.001887667 1.067221999 -0.003938990 0.999986112 0.003509376 -1.532191157 0.001901487 -0.003501908 0.999992013 56.243076324
0.999986708 0.004907797 -0.001585935 1.072907329 -0.004902754 0.999982953 0.003168712 -1.542848825 0.001601460 -0.003160895 0.999993742 56.785533905
0.999989033 0.004349635 -0.001739099 1.086605906 -0.004343346 0.999984086 0.003603603 -1.559158325 0.001754746 -0.003596011 0.999992013 57.312503815
0.999989748 0.004198992 -0.001708766 1.098098516 -0.004193505 0.999986112 0.003201520 -1.571923018 0.001722186 -0.003194322 0.999993443 57.864688873
0.999987602 0.004772114 -0.001414360 1.099171877 -0.004767392 0.999983072 0.003322665 -1.582864046 0.001430192 -0.003315881 0.999993503 58.373855591
0.999988854 0.004416120 -0.001706743 1.108944178 -0.004409588 0.999983013 0.003812457 -1.599278212 0.001723549 -0.003804889 0.999991298 58.902053833
0.999989629 0.004309133 -0.001461864 1.120686054 -0.004304032 0.999984682 0.003475377 -1.615700722 0.001476816 -0.003469049 0.999992907 59.442348480
0.999990404 0.004154851 -0.001330601 1.132637262 -0.004150433 0.999986053 0.003305435 -1.629992723 0.001344315 -0.003299881 0.999993622 59.967380524
0.999990821 0.004023295 -0.001433619 1.143630981 -0.004018206 0.999985635 0.003534518 -1.639280200 0.001447818 -0.003528725 0.999992669 60.527500153
0.999985158 0.005382010 -0.000852800 1.141799927 -0.005379479 0.999981225 0.002943124 -1.653528452 0.000868624 -0.002938492 0.999995232 61.037849426
0.999985218 0.005404417 -0.000522677 1.151000619 -0.005402733 0.999980330 0.003169977 -1.666635156 0.000539799 -0.003167106 0.999994755 61.577983856
0.999985337 0.005405709 -0.000254285 1.151686549 -0.005404881 0.999980390 0.003147787 -1.679062366 0.000271295 -0.003146367 0.999994934 62.113197327
0.999982238 0.005959222 -0.000134778 1.157582402 -0.005958853 0.999978900 0.002598198 -1.689497590 0.000150258 -0.002597349 0.999996603 62.653877258
0.999981344 0.006092629 -0.000437533 1.172317743 -0.006091185 0.999976218 0.003230261 -1.708234072 0.000457204 -0.003227536 0.999994695 63.195007324
0.999979734 0.006347638 0.000373670 1.176783442 -0.006348715 0.999975502 0.002952512 -1.721278787 -0.000354919 -0.002954825 0.999995530 63.731456757
0.999976039 0.006914120 0.000290805 1.189299822 -0.006914912 0.999972045 0.002817003 -1.735437393 -0.000271320 -0.002818946 0.999996006 64.248199463
0.999973655 0.007245036 0.000478811 1.192470670 -0.007246167 0.999970853 0.002404507 -1.743090630 -0.000461376 -0.002407913 0.999996960 64.777984619
0.999977052 0.006769900 0.000495555 1.203842402 -0.006771082 0.999974132 0.002421156 -1.760331154 -0.000479151 -0.002424456 0.999996960 65.316093445
0.999974787 0.007047651 0.000861591 1.213812709 -0.007049743 0.999972105 0.002447629 -1.774509430 -0.000844317 -0.002453641 0.999996662 65.854621887
0.999972641 0.007378014 0.000438902 1.231607914 -0.007379103 0.999969542 0.002534732 -1.790450573 -0.000420188 -0.002537901 0.999996662 66.393127441
0.999976695 0.006798102 0.000490340 1.245997190 -0.006799248 0.999974072 0.002369915 -1.806845903 -0.000474217 -0.002373194 0.999997079 66.926124573
0.999972641 0.007373696 0.000550833 1.255870581 -0.007374867 0.999970436 0.002160522 -1.816266894 -0.000534886 -0.002164526 0.999997497 67.464561462
0.999968529 0.007908767 0.000525994 1.264638305 -0.007909831 0.999966621 0.002051937 -1.831607103 -0.000509748 -0.002056032 0.999997735 68.005355835
0.999966919 0.008068792 0.000969649 1.268303514 -0.008070691 0.999965489 0.001972500 -1.847818375 -0.000953700 -0.001980260 0.999997556 68.539253235
0.999968231 0.007936680 0.000775377 1.282557368 -0.007938357 0.999966085 0.002181631 -1.856177568 -0.000758036 -0.002187717 0.999997318 69.068572998
0.999971569 0.007451103 0.001153281 1.292781234 -0.007453031 0.999970734 0.001676689 -1.872515798 -0.001140754 -0.001685237 0.999997914 69.603706360
0.999972761 0.007238769 0.001459556 1.303951144 -0.007241514 0.999971986 0.001884529 -1.887126327 -0.001445874 -0.001895047 0.999997139 70.156036377
0.999974012 0.007148084 0.000913855 1.317160010 -0.007149857 0.999972641 0.001950832 -1.904227018 -0.000899886 -0.001957315 0.999997675 70.660560608
0.999975324 0.006972798 0.000791649 1.332672715 -0.006974260 0.999973953 0.001858210 -1.921154976 -0.000778671 -0.001863686 0.999997973 71.191680908
0.999974847 0.007023294 0.000979373 1.339857221 -0.007025102 0.999973595 0.001855376 -1.931972265 -0.000966316 -0.001862210 0.999997795 71.718711853
0.999971926 0.007421925 0.001029744 1.349778652 -0.007423481 0.999971271 0.001513811 -1.946529031 -0.001018479 -0.001521413 0.999998331 72.270156860
0.999971926 0.007406910 0.001096039 1.359985709 -0.007408134 0.999971926 0.001114283 -1.956483483 -0.001087755 -0.001122372 0.999998808 72.794441223
0.999969482 0.007703690 0.001253254 1.365898967 -0.007706237 0.999968231 0.002039809 -1.976170063 -0.001237500 -0.002049405 0.999997139 73.328826904
0.999969542 0.007640817 0.001596173 1.377405167 -0.007642826 0.999970019 0.001255469 -1.982933402 -0.001586532 -0.001267630 0.999997854 73.866737366
0.999969125 0.007677266 0.001678188 1.387086511 -0.007680057 0.999969065 0.001662722 -2.000017166 -0.001665371 -0.001675559 0.999997199 74.393630981
0.999967635 0.007828448 0.001841080 1.398775458 -0.007831211 0.999968231 0.001499741 -2.012549162 -0.001829281 -0.001514110 0.999997199 74.930976868
0.999965191 0.008092073 0.002091548 1.408668756 -0.008094475 0.999966562 0.001142144 -2.024864912 -0.002082236 -0.001159034 0.999997139 75.459335327
0.999957919 0.008864148 0.002328030 1.413873792 -0.008866824 0.999960065 0.001140641 -2.039918423 -0.002317826 -0.001161235 0.999996603 75.994049072
0.999959171 0.008693078 0.002468889 1.427557349 -0.008694949 0.999961913 0.000748119 -2.053060293 -0.002462291 -0.000769555 0.999996662 76.536262512
0.999957025 0.008927099 0.002492587 1.438280702 -0.008928437 0.999959946 0.000526084 -2.067043304 -0.002487790 -0.000548316 0.999996781 77.081413269
0.999959588 0.008713085 0.002204175 1.453086257 -0.008714273 0.999961853 0.000529257 -2.073860884 -0.002199480 -0.000548443 0.999997437 77.608139038
0.999964833 0.008074476 0.002320933 1.466698527 -0.008074855 0.999967396 0.000152274 -2.088213205 -0.002319628 -0.000171010 0.999997318 78.138366699
0.999954343 0.009131211 0.002840271 1.474362731 -0.009131004 0.999958336 -0.000085611 -2.098459721 -0.002840934 0.000059672 0.999995947 78.694320679
0.999964118 0.008121074 0.002405642 1.491366506 -0.008121942 0.999966979 0.000351531 -2.121091843 -0.002402708 -0.000371057 0.999997020 79.212028503
0.999962389 0.008354970 0.002320979 1.507650375 -0.008356054 0.999964952 0.000457148 -2.138801098 -0.002317079 -0.000476525 0.999997139 79.737335205
0.999953568 0.008900414 0.003694881 1.514278531 -0.008901721 0.999960303 0.000338448 -2.149881601 -0.003691721 -0.000371323 0.999993145 80.265945435
0.999951303 0.008429600 0.005136245 1.529256344 -0.008430437 0.999964356 0.000141690 -2.167454720 -0.005134868 -0.000184984 0.999986887 80.812576294
0.999956012 0.007684702 0.005377341 1.556768894 -0.007685672 0.999970436 0.000159631 -2.175279617 -0.005375955 -0.000200953 0.999985516 81.365447998
0.999942780 0.008277880 0.006771326 1.564701676 -0.008282164 0.999965489 0.000605061 -2.194307804 -0.006766084 -0.000661108 0.999976873 81.912734985
0.999906719 0.008984052 0.010288645 1.584990978 -0.008985136 0.999959648 0.000058924 -2.206216097 -0.010287701 -0.000151363 0.999947011 82.464378357
0.999870241 0.008358034 0.013766183 1.599160433 -0.008359840 0.999965072 0.000073708 -2.217221975 -0.013765085 -0.000188781 0.999905229 83.018928528
0.999817729 0.008575176 0.017057884 1.622792482 -0.008573141 0.999963164 -0.000192473 -2.222691059 -0.017058907 0.000046198 0.999854505 83.557624817
0.999745607 0.008099886 0.021049514 1.650820255 -0.008104231 0.999967158 0.000121158 -2.244879007 -0.021047842 -0.000291717 0.999778450 84.099136353
0.999593675 0.008383153 0.027244518 1.679487467 -0.008386028 0.999964774 -0.000008816 -2.259187698 -0.027243635 -0.000219661 0.999628723 84.642288208
0.999417365 0.008403361 0.033080582 1.716375113 -0.008398370 0.999964654 -0.000289805 -2.273684978 -0.033081852 0.000011813 0.999452591 85.184043884
0.999204457 0.008210273 0.039026823 1.752952933 -0.008215515 0.999966204 -0.000026041 -2.291036606 -0.039025720 -0.000294605 0.999238133 85.737342834
0.998858929 0.007822060 0.047113426 1.798837423 -0.007807616 0.999969363 -0.000490662 -2.304169655 -0.047115821 0.000122259 0.998889446 86.282287598
0.998441398 0.007670164 0.055280834 1.857064009 -0.007630011 0.999970436 -0.000937393 -2.319509745 -0.055286400 0.000514139 0.998470426 86.834716797
0.998010516 0.008010835 0.062536284 1.901061773 -0.007993643 0.999967933 -0.000525095 -2.335394144 -0.062538482 0.000024158 0.998042524 87.368415833
0.997390211 0.007948087 0.071760550 1.956841946 -0.007907671 0.999968290 -0.000847269 -2.347646475 -0.071765006 0.000277599 0.997421443 87.915206909
0.996612132 0.007482514 0.081904024 2.025770664 -0.007416882 0.999971867 -0.001105550 -2.365833521 -0.081909992 0.000494332 0.996639490 88.426879883
0.995876491 0.007552341 0.090404317 2.088773727 -0.007407171 0.999970675 -0.001941186 -2.372012854 -0.090416335 0.001263541 0.995903194 89.014312744
0.995178401 0.007049599 0.097827524 2.162720203 -0.006866382 0.999974012 -0.002209397 -2.384677649 -0.097840570 0.001527023 0.995200932 89.557853699
0.994124413 0.007383045 0.107991166 2.245240211 -0.007198314 0.999971926 -0.002100333 -2.402454376 -0.108003639 0.001310638 0.994149685 90.084213257
0.992940962 0.007166359 0.118392855 2.328761101 -0.006992119 0.999973774 -0.001887026 -2.414719343 -0.118403271 0.001045889 0.992965043 90.619239807
0.991777718 0.007442327 0.127756715 2.416899681 -0.007225834 0.999971509 -0.002157970 -2.430660009 -0.127769127 0.001217078 0.991803169 91.159675598
0.990209997 0.007501583 0.139383689 2.512386322 -0.007248987 0.999970973 -0.002319830 -2.444881678 -0.139397040 0.001286729 0.990235686 91.697669983
0.988328516 0.006863298 0.152182922 2.611280441 -0.006541431 0.999975204 -0.002615573 -2.451309681 -0.152197123 0.001589551 0.988348842 92.280067444
0.986581326 0.006482874 0.163141325 2.718091011 -0.006117532 0.999977529 -0.002741696 -2.464227438 -0.163155437 0.001706884 0.986598849 92.822135925
0.984811306 0.007216333 0.173477918 2.853772163 -0.006876311 0.999973059 -0.002560962 -2.497146368 -0.173491716 0.001329176 0.984834373 93.361351013
0.982449353 0.006639150 0.186411113 2.975269318 -0.006232600 0.999976695 -0.002766907 -2.514610052 -0.186425149 0.001556520 0.982467890 93.891998291
0.980091214 0.005831325 0.198462084 3.109521866 -0.005410983 0.999981821 -0.002660276 -2.528314352 -0.198474020 0.001533439 0.980104923 94.443168640
0.977922678 0.005608971 0.208891794 3.237709045 -0.005233660 0.999983490 -0.002349371 -2.547603130 -0.208901539 0.001204234 0.977935970 94.975715637
0.975177586 0.005177175 0.221363366 3.373052597 -0.004821052 0.999986172 -0.002149052 -2.571377754 -0.221371382 0.001028503 0.975188971 95.465591431
0.972020328 0.005002760 0.234843180 3.521974564 -0.004510249 0.999986410 -0.002634270 -2.583363295 -0.234853134 0.001501363 0.972029626 95.997497559
0.969467402 0.004246364 0.245183140 3.683732986 -0.003714817 0.999989629 -0.002630387 -2.600328684 -0.245191783 0.001639264 0.969473124 96.509918213
0.966434240 0.004098265 0.256880879 3.852121353 -0.003514803 0.999990046 -0.002730441 -2.609454632 -0.256889492 0.001735905 0.966439247 97.050575256
0.962941766 0.004649593 0.269669145 4.009504318 -0.004451260 0.999989152 -0.001346977 -2.664369583 -0.269672453 0.000096692 0.962952077 97.577651978
0.959493279 0.003051848 0.281715006 4.232988358 -0.002478296 0.999993980 -0.002392211 -2.662963867 -0.281720698 0.001597138 0.959495127 98.052886963
0.956132829 0.002177206 0.292925537 4.422279358 -0.001475249 0.999995410 -0.002617261 -2.675805092 -0.292929918 0.002070311 0.956131637 98.576087952
0.951224327 0.003072778 0.308484703 4.576429367 -0.002746774 0.999995112 -0.001491042 -2.716155052 -0.308487773 0.000570978 0.951228142 99.163848877
0.946639717 0.002363101 0.322285473 4.793018341 -0.001625675 0.999995410 -0.002557246 -2.724055529 -0.322290003 0.001896859 0.946639061 99.708740234
0.942558646 0.002367253 0.334032416 4.993478775 -0.001612650 0.999995410 -0.002536360 -2.738244295 -0.334036887 0.001851991 0.942558229 100.219375610
0.937986493 0.002185971 0.346664935 5.214166641 -0.001522151 0.999996483 -0.002187144 -2.761006117 -0.346668482 0.001523835 0.937986553 100.722381592
0.932876110 0.001527856 0.360194147 5.431825638 -0.000809960 0.999997377 -0.002144011 -2.788482428 -0.360196441 0.001708354 0.932874918 101.192565918
0.928050339 0.000171857 0.372455060 5.673299789 0.000630144 0.999997735 -0.002031553 -2.796986103 -0.372454524 0.002120084 0.928048074 101.690277100
0.922792137 -0.001509215 0.385295182 5.932262421 0.002935349 0.999990821 -0.003113242 -2.817047834 -0.385286957 0.004003851 0.922788143 102.375534058
0.916763425 -0.001731722 0.399426818 6.174526215 0.003214462 0.999990225 -0.003042347 -2.831202269 -0.399417698 0.004073055 0.916760027 102.875717163
0.911010623 -0.002439202 0.412375718 6.416976929 0.004143147 0.999986172 -0.003238024 -2.843976498 -0.412362128 0.004658408 0.911008120 103.337905884
0.906051636 -0.003415596 0.423153341 6.665042877 0.005421076 0.999979019 -0.003535951 -2.859211922 -0.423132390 0.005497700 0.906051278 103.816421509
0.900301814 -0.003564775 0.435251743 6.928367615 0.005553707 0.999979079 -0.003297659 -2.877663136 -0.435230941 0.005386149 0.900302708 104.312232971
0.893616140 -0.003130074 0.448821127 7.186649323 0.004962313 0.999983490 -0.002906239 -2.902005196 -0.448804647 0.004824252 0.893616855 104.768798828
0.887667775 -0.002752529 0.460476428 7.460685730 0.004880873 0.999982238 -0.003431472 -2.912876606 -0.460458755 0.005293533 0.887665331 105.246520996
0.881761432 -0.002898605 0.471686572 7.729572296 0.004859837 0.999983847 -0.002939788 -2.932457685 -0.471670359 0.004884511 0.881761432 105.702987671
0.874354780 -0.004216675 0.485268980 8.012607574 0.006040954 0.999979317 -0.002195378 -2.960221529 -0.485249698 0.004851027 0.874362171 106.137725830
0.867152095 -0.004020795 0.498027235 8.299903870 0.005944320 0.999979734 -0.002276814 -2.976642609 -0.498008013 0.004934777 0.867158353 106.593261719
