1.000000000 0.000000000 0.000000000 0.000000000 0.000000000 1.000000000 0.000000000 0.000000000 0.000000000 0.000000000 1.000000000 0.000000000
1.000000000 0.000074867 0.000022535 0.000369982 -0.000074871 1.000000000 0.000147583 -0.000826566 -0.000022524 -0.000147584 1.000000000 -0.000437405
1.000000000 0.000103304 -0.000155511 0.001493359 -0.000103298 1.000000000 0.000041298 -0.000165325 0.000155515 -0.000041282 1.000000000 -0.001186254
0.999999940 0.000259555 0.000014451 -0.000342245 -0.000259556 0.999999940 0.000086916 -0.000549554 -0.000014428 -0.000086920 1.000000000 0.000963827
0.999999940 0.000254766 -0.000034318 -0.000762506 -0.000254763 0.999999940 0.000089699 -0.000553290 0.000034341 -0.000089690 1.000000000 -0.000437763
1.000000000 -0.000015165 -0.000055266 -0.000344609 0.000015166 1.000000000 0.000010114 -0.000149522 0.000055266 -0.000010115 1.000000000 0.000048714
1.000000000 0.000029971 0.000058693 -0.000382358 -0.000029975 1.000000000 0.000067859 -0.000618644 -0.000058691 -0.000067861 1.000000000 0.000197641
1.000000000 0.000016148 -0.000039532 0.001437222 -0.000016144 1.000000000 0.000091686 -0.000884536 0.000039534 -0.000091685 1.000000000 -0.000507771
1.000000000 -0.000043389 0.000139181 -0.000353401 0.000043382 1.000000000 0.000050115 0.000276585 -0.000139183 -0.000050109 1.000000000 0.001504909
1.000000000 -0.000115703 -0.000008377 0.001566494 0.000115704 1.000000000 0.000070928 0.000049277 0.000008369 -0.000070929 1.000000000 0.000860739
1.000000000 -0.000097345 -0.000043227 -0.000001069 0.000097345 1.000000000 -0.000003108 0.000365180 0.000043227 0.000003103 1.000000000 0.001964060
1.000000000 0.000031119 0.000116534 -0.001208243 -0.000031100 1.000000000 -0.000165562 0.001886769 -0.000116539 0.000165558 1.000000000 0.002906276
1.000000000 -0.000177109 0.000084862 -0.000439844 0.000177089 0.999999940 0.000238945 -0.001156385 -0.000084904 -0.000238930 0.999999940 0.000295081
1.000000000 0.000078069 0.000143512 -0.001034322 -0.000078093 1.000000000 0.000171900 -0.001035831 -0.000143498 -0.000171911 1.000000000 0.000180205
1.000000000 0.000193455 0.000140547 -0.000839773 -0.000193479 0.999999940 0.000167531 -0.001156230 -0.000140514 -0.000167558 1.000000000 -0.000916085
1.000000000 0.000093206 -0.000010907 -0.000430057 -0.000093206 1.000000000 0.000062936 -0.000486249 0.000010913 -0.000062935 1.000000000 0.000311030
0.999999940 0.000324174 0.000264771 -0.002102782 -0.000324188 0.999999940 0.000052830 -0.000021381 -0.000264754 -0.000052916 0.999999940 0.000898652
1.000000000 0.000109859 -0.000029942 -0.000480639 -0.000109857 1.000000000 0.000067266 -0.000108253 0.000029949 -0.000067262 1.000000000 0.001923381
1.000000000 0.000055794 0.000021440 -0.000236388 -0.000055798 1.000000000 0.000187145 -0.001151053 -0.000021429 -0.000187146 1.000000000 0.000683756
1.000000000 0.000179808 0.000073227 -0.000420271 -0.000179816 1.000000000 0.000105932 -0.000355195 -0.000073208 -0.000105945 1.000000000 0.001323010
1.000000000 0.000239082 0.000035053 -0.001000570 -0.000239084 0.999999940 0.000052685 -0.000717905 -0.000035040 -0.000052694 1.000000000 0.000378099
1.000000000 -0.000005568 -0.000135035 0.001246033 0.000005571 1.000000000 0.000025672 -0.000287183 0.000135035 -0.000025672 1.000000000 -0.001006455
1.000000000 -0.000012452 0.000007717 0.000466544 0.000012452 1.000000000 0.000079234 -0.000646500 -0.000007718 -0.000079234 1.000000000 0.001274091
0.999999940 0.000303154 0.000208205 -0.001270541 -0.000303190 0.999999940 0.000175050 -0.000603328 -0.000208152 -0.000175113 0.999999940 -0.000115200
1.000000000 -0.000014542 -0.000093357 0.000878749 0.000014549 1.000000000 0.000080421 -0.000251507 0.000093356 -0.000080422 1.000000000 0.000207491
1.000000000 0.000110154 0.000053747 -0.000428464 -0.000110150 1.000000000 -0.000071421 0.000518444 -0.000053755 0.000071415 1.000000000 -0.001055859
0.999999940 0.000216470 0.000117595 -0.000704068 -0.000216468 1.000000000 -0.000017636 -0.000299932 -0.000117599 0.000017611 1.000000000 -0.002317450
1.000000000 0.000194097 0.000027249 -0.000306597 -0.000194096 1.000000000 -0.000008988 0.000262714 -0.000027251 0.000008983 1.000000000 0.000821742
1.000000000 -0.000036000 -0.000065287 0.000136817 0.000036003 1.000000000 0.000045267 0.001313352 0.000065286 -0.000045270 1.000000000 0.002668575
1.000000000 0.000174409 0.000010855 -0.000320393 -0.000174408 1.000000000 -0.000064479 0.001088754 -0.000010866 0.000064477 1.000000000 0.000781263
1.000000000 0.000015079 -0.000083557 0.000539459 -0.000015071 1.000000000 0.000095276 -0.000124905 0.000083558 -0.000095274 1.000000000 -0.000799690
1.000000000 0.000066454 -0.000061279 0.000174258 -0.000066450 1.000000000 0.000063245 0.000004254 0.000061283 -0.000063241 1.000000000 0.000297557
1.000000000 0.000178033 0.000111649 -0.001231556 -0.000178045 1.000000000 0.000106444 -0.000702369 -0.000111630 -0.000106463 1.000000000 0.000927552
1.000000000 0.000100508 -0.000059370 0.000090116 -0.000100503 1.000000000 0.000088075 0.000405392 0.000059379 -0.000088069 1.000000000 0.001106520
1.000000000 0.000167350 0.000006297 0.000753843 -0.000167350 1.000000000 0.000065046 -0.000164123 -0.000006286 -0.000065047 1.000000000 0.000072026
1.000000000 0.000094181 0.000092761 -0.001264017 -0.000094178 1.000000000 -0.000029773 0.002604985 -0.000092764 0.000029765 1.000000000 0.002666465
1.000000000 -0.000050973 0.000044677 -0.000410652 0.000050967 1.000000000 0.000132384 0.000539734 -0.000044684 -0.000132382 1.000000000 0.002092684
1.000000000 0.000009252 0.000176858 -0.001276443 -0.000009288 1.000000000 0.000205426 -0.000277969 -0.000176856 -0.000205427 0.999999940 -0.000023863
1.000000000 -0.000148585 0.000130467 -0.000374063 0.000148583 1.000000000 0.000015088 0.000601223 -0.000130469 -0.000015069 1.000000000 0.000487839
1.000000000 -0.000186924 0.000076682 0.000972556 0.000186919 1.000000000 0.000057274 -0.001409971 -0.000076692 -0.000057259 1.000000000 -0.000896206
1.000000000 -0.000101148 0.000207945 -0.000581943 0.000101268 0.999999821 -0.000574022 -0.001930409 -0.000207887 0.000574043 0.999999821 0.052969195
0.999999940 0.000349462 0.000088753 -0.000035596 -0.000349367 0.999999344 -0.001075521 -0.005581347 -0.000089129 0.001075490 0.999999404 0.136181399
0.999999821 0.000570262 -0.000098171 0.002860294 -0.000570399 0.999998868 -0.001397614 -0.005259131 0.000097374 0.001397669 0.999999046 0.256622761
0.999999881 0.000515597 -0.000095030 0.003893228 -0.000515705 0.999999225 -0.001135346 -0.012843817 0.000094445 0.001135394 0.999999344 0.384591281
0.999999821 0.000642083 -0.000024189 0.007062485 -0.000642104 0.999999404 -0.000885287 -0.018292265 0.000023620 0.000885302 0.999999583 0.527693391
0.999999821 0.000560255 -0.000057510 0.012507698 -0.000560318 0.999999225 -0.001102811 -0.020831032 0.000056892 0.001102843 0.999999404 0.682787895
0.999999881 0.000496702 0.000127449 0.016708247 -0.000496574 0.999999404 -0.000998232 -0.021839231 -0.000127945 0.000998169 0.999999523 0.850384533
0.999999821 0.000468291 0.000362699 0.013864660 -0.000468009 0.999999583 -0.000779159 -0.027618738 -0.000363064 0.000778989 0.999999642 1.014770508
0.999999940 0.000261312 0.000258520 0.015795752 -0.000261200 0.999999881 -0.000432186 -0.033830725 -0.000258633 0.000432118 0.999999881 1.187853575
0.999999821 0.000553404 0.000065733 0.022112342 -0.000553395 0.999999821 -0.000122021 -0.039812390 -0.000065800 0.000121984 1.000000000 1.376834273
0.999999821 0.000540531 0.000140514 0.033378292 -0.000540460 0.999999702 -0.000502694 -0.047737345 -0.000140785 0.000502618 0.999999881 1.567221761
0.999999166 0.001196034 0.000460723 0.024077548 -0.001195824 0.999999166 -0.000456429 -0.048632786 -0.000461268 0.000455878 0.999999762 1.775355458
0.999999642 0.000858834 -0.000155249 0.034987185 -0.000858914 0.999999464 -0.000514989 -0.048752885 0.000154807 0.000515122 0.999999881 1.978467464
0.999999702 0.000709224 0.000454822 0.036527302 -0.000708836 0.999999344 -0.000850878 -0.052658189 -0.000455425 0.000850555 0.999999642 2.180054188
0.999999702 0.000758312 0.000219304 0.042994604 -0.000758031 0.999998868 -0.001278649 -0.054751404 -0.000220273 0.001278482 0.999999166 2.406107903
0.999999821 0.000620323 0.000136635 0.045197107 -0.000620217 0.999999523 -0.000775287 -0.063249446 -0.000137116 0.000775202 0.999999702 2.632565260
0.999999583 0.000909971 -0.000030982 0.049296610 -0.000909985 0.999999523 -0.000462438 -0.072910465 0.000030562 0.000462466 0.999999881 2.860439062
0.999999940 0.000346529 -0.000261633 0.055872526 -0.000346672 0.999999762 -0.000545407 -0.078400560 0.000261444 0.000545498 0.999999821 3.094334841
1.000000000 0.000186102 -0.000216576 0.067703426 -0.000186305 0.999999642 -0.000936754 -0.081436142 0.000216402 0.000936795 0.999999523 3.338061571
0.999999821 0.000598924 0.000064808 0.067675397 -0.000598881 0.999999583 -0.000656474 -0.092218690 -0.000065201 0.000656435 0.999999762 3.583003759
0.999999881 0.000453531 0.000120530 0.072792687 -0.000453432 0.999999464 -0.000816989 -0.096906856 -0.000120901 0.000816934 0.999999642 3.838635206
0.999999762 0.000460013 0.000407698 0.076201849 -0.000459506 0.999999106 -0.001243850 -0.102330886 -0.000408269 0.001243662 0.999999106 4.096786022
0.999999702 0.000712183 0.000467818 0.078443952 -0.000711866 0.999999523 -0.000676774 -0.110127419 -0.000468300 0.000676440 0.999999642 4.344047546
0.999999702 0.000349067 0.000656573 0.072909281 -0.000348522 0.999999583 -0.000829219 -0.115520954 -0.000656862 0.000828990 0.999999464 4.607645035
0.999999821 -0.000077318 0.000501089 0.082693242 0.000077682 0.999999642 -0.000726630 -0.124480359 -0.000501033 0.000726669 0.999999642 4.862176895
0.999999881 -0.000022144 0.000414886 0.089560002 0.000022432 0.999999762 -0.000694329 -0.131259933 -0.000414871 0.000694338 0.999999762 5.124842167
0.999999821 0.000042001 0.000551219 0.091117561 -0.000041574 0.999999702 -0.000773380 -0.137478873 -0.000551251 0.000773357 0.999999583 5.383601189
0.999999642 0.000751069 0.000440034 0.105723433 -0.000750853 0.999999523 -0.000490939 -0.152459905 -0.000440403 0.000490608 0.999999702 5.661933422
0.999999881 0.000488099 0.000005709 0.113188818 -0.000488099 0.999999881 -0.000038432 -0.163517818 -0.000005728 0.000038430 1.000000000 5.928465843
1.000000119 -0.000011954 0.000148313 0.121825732 0.000011949 1.000000000 0.000030865 -0.170240700 -0.000148313 -0.000030863 0.999999940 6.208919525
0.999999762 0.000578124 -0.000248665 0.126932159 -0.000578172 0.999999762 -0.000194343 -0.175313443 0.000248552 0.000194487 0.999999940 6.486503601
0.999999404 0.000861179 0.000580995 0.121902913 -0.000860956 0.999999583 -0.000383200 -0.189735681 -0.000581324 0.000382700 0.999999762 6.775571346
0.999998808 0.001313632 0.000727541 0.126852974 -0.001313171 0.999998927 -0.000633569 -0.196014449 -0.000728372 0.000632613 0.999999583 7.075917244
0.999999583 0.000710972 0.000593125 0.139861315 -0.000710874 0.999999702 -0.000166347 -0.206311926 -0.000593243 0.000165926 0.999999762 7.363091946
0.999999821 0.000421618 0.000411915 0.146569341 -0.000421523 0.999999881 -0.000229656 -0.216420934 -0.000412012 0.000229482 0.999999881 7.683990002
0.999999523 0.000910503 0.000396237 0.157513484 -0.000910573 0.999999583 0.000177022 -0.230699137 -0.000396075 -0.000177383 0.999999881 7.979891300
0.999999344 0.000642289 0.000940475 0.146891177 -0.000642373 0.999999702 0.000089640 -0.239366457 -0.000940417 -0.000090244 0.999999583 8.318207741
0.999997914 0.001402601 0.001526980 0.149749234 -0.001402708 0.999998987 0.000069051 -0.249689549 -0.001526882 -0.000071193 0.999998927 8.640331268
0.999998808 0.000609600 0.001362599 0.153163552 -0.000609670 0.999999821 0.000050847 -0.263194859 -0.001362568 -0.000051678 0.999999046 8.993832588
0.999999285 0.000344511 0.001199200 0.164990589 -0.000345203 0.999999821 0.000576466 -0.282642573 -0.001199001 -0.000576880 0.999999046 9.319947243
0.999998748 0.001023234 0.001228860 0.171275407 -0.001024397 0.999999046 0.000946607 -0.293238819 -0.001227890 -0.000947865 0.999998748 9.671113968
0.999999464 0.000249721 0.000930375 0.191392258 -0.000250194 0.999999821 0.000508296 -0.291462243 -0.000930248 -0.000508529 0.999999464 10.007880211
0.999999464 -0.000016738 0.000989593 0.199678093 0.000016141 0.999999821 0.000603146 -0.302237928 -0.000989604 -0.000603130 0.999999344 10.363605499
0.999999344 0.000154596 0.001113870 0.204874516 -0.000155684 0.999999523 0.000976434 -0.313951045 -0.001113718 -0.000976607 0.999998927 10.719099045
0.999999166 0.000459335 0.001238322 0.211792946 -0.000460002 0.999999762 0.000537753 -0.317128122 -0.001238075 -0.000538322 0.999999106 11.091135025
0.999998748 0.000809789 0.001292101 0.219244093 -0.000810652 0.999999404 0.000667469 -0.333972216 -0.001291560 -0.000668516 0.999998927 11.467223167
0.999999404 0.000421517 0.000992473 0.236027285 -0.000422353 0.999999583 0.000842287 -0.344092548 -0.000992117 -0.000842705 0.999999166 11.841295242
0.999997973 0.000614462 0.001903274 0.219332993 -0.000615306 0.999999702 0.000442911 -0.357401967 -0.001903002 -0.000444081 0.999998093 12.238528252
0.999997973 0.000699543 0.001870262 0.230789155 -0.000700580 0.999999523 0.000553726 -0.369271755 -0.001869874 -0.000555035 0.999998093 12.630473137
0.999998450 0.000312653 0.001697286 0.244261920 -0.000314072 0.999999583 0.000835986 -0.377429187 -0.001697024 -0.000836518 0.999998152 13.013940811
0.999998987 0.000011927 0.001413405 0.262102544 -0.000013535 0.999999285 0.001137581 -0.390622526 -0.001413391 -0.001137599 0.999998331 13.406314850
0.999999404 -0.000212743 0.001076537 0.273728907 0.000211269 0.999999046 0.001369151 -0.402137756 -0.001076827 -0.001368923 0.999998510 13.823674202
0.999998093 0.000390599 0.001923934 0.277799755 -0.000392583 0.999999404 0.001031055 -0.408354521 -0.001923530 -0.001031809 0.999997556 14.244023323
0.999997914 -0.000034335 0.002048152 0.289701760 0.000031860 0.999999285 0.001208171 -0.421065003 -0.002048192 -0.001208103 0.999997139 14.664313316
0.999996901 0.000215087 0.002478166 0.297082692 -0.000218684 0.999998987 0.001451245 -0.432802528 -0.002477851 -0.001451782 0.999995887 15.085251808
0.999997079 0.000136346 0.002462119 0.313513041 -0.000139849 0.999998927 0.001422824 -0.450122416 -0.002461922 -0.001423164 0.999995887 15.522321701
0.999995768 0.000456676 0.002850768 0.323685616 -0.000460008 0.999999225 0.001168314 -0.463979751 -0.002850231 -0.001169621 0.999995232 15.957305908
0.999996245 0.000028757 0.002739038 0.339807123 -0.000032936 0.999998748 0.001525687 -0.476709813 -0.002738992 -0.001525771 0.999995112 16.397888184
0.999996424 0.000082417 0.002667944 0.350051105 -0.000085071 0.999999464 0.000994664 -0.485496461 -0.002667860 -0.000994887 0.999996006 16.848449707
0.999994934 -0.003175002 -0.000175823 0.448776156 0.003175790 0.999984145 0.004682011 -0.577762961 0.000160956 -0.004682546 0.999989033 16.985324860
0.999996305 -0.002639851 0.000570959 0.451190442 0.002637119 0.999985397 0.004732713 -0.585247159 -0.000583445 -0.004731189 0.999988616 17.456514359
0.999989450 0.000343375 0.004580781 0.360277295 -0.000348814 0.999999166 0.001186602 -0.520989120 -0.004580371 -0.001188187 0.999988794 18.239934921
0.999987781 0.000177797 0.004943509 0.372583956 -0.000184745 0.999999046 0.001405045 -0.531163394 -0.004943254 -0.001405941 0.999986768 18.710178375
0.999988019 0.000472398 0.004872930 0.383435845 -0.000477666 0.999999285 0.001079876 -0.547042608 -0.004872416 -0.001082191 0.999987543 19.198923111
0.999984503 0.000660752 0.005537195 0.392992377 -0.000665060 0.999999464 0.000776172 -0.557173431 -0.005536679 -0.000779843 0.999984324 19.682235718
0.999985814 0.000589644 0.005290904 0.405269265 -0.000595071 0.999999285 0.001024162 -0.568647265 -0.005290297 -0.001027296 0.999985516 20.169719696
0.999989212 0.000696643 0.004597724 0.420914739 -0.000701750 0.999999166 0.001109219 -0.585762799 -0.004596947 -0.001112433 0.999988794 20.678066254
0.999988198 0.000816178 0.004794026 0.429148823 -0.000820260 0.999999344 0.000849644 -0.594069481 -0.004793329 -0.000853566 0.999988139 21.180126190
0.999992549 0.000608898 0.003801956 0.444240391 -0.000612044 0.999999464 0.000826413 -0.603906155 -0.003801450 -0.000828734 0.999992430 21.683443069
0.999993682 0.000833474 0.003430658 0.453216910 -0.000837097 0.999999106 0.001054972 -0.622039258 -0.003429776 -0.001057837 0.999993563 22.189367294
0.999996185 0.000671679 0.002658112 0.471680790 -0.000674985 0.999999046 0.001242804 -0.633303225 -0.002657275 -0.001244594 0.999995708 22.696422577
0.999996901 0.000860862 0.002348470 0.474239886 -0.000863613 0.999998927 0.001170706 -0.650086641 -0.002347460 -0.001172731 0.999996483 23.230722427
0.999997556 0.001077538 0.001968169 0.480636805 -0.001078314 0.999999344 0.000393230 -0.660167158 -0.001967744 -0.000395351 0.999997914 23.762489319
0.999998689 -0.000269068 0.001594271 0.489482343 0.000267832 0.999999642 0.000774846 -0.679036856 -0.001594478 -0.000774418 0.999998450 24.287118912
0.999999106 0.000700982 0.001096155 0.498637974 -0.000702158 0.999999166 0.001073003 -0.692275226 -0.001095403 -0.001073771 0.999998808 24.819520950
0.999999344 0.001106605 0.000088488 0.515936315 -0.001106726 0.999998391 0.001384207 -0.709654808 -0.000086957 -0.001384304 0.999999046 25.365482330
0.999999225 0.000843610 -0.000889151 0.529444695 -0.000842302 0.999998569 0.001470606 -0.723859549 0.000890390 -0.001469855 0.999998510 25.904163361
0.999999523 0.000415513 -0.000943698 0.540448487 -0.000413829 0.999998331 0.001784512 -0.742944658 0.000944438 -0.001784120 0.999997973 26.459604263
0.999998987 0.000341456 -0.001399564 0.540363312 -0.000339031 0.999998450 0.001732268 -0.749358177 0.001400153 -0.001731792 0.999997497 27.010194778
0.999997854 -0.000013108 -0.002067539 0.552942932 0.000017577 0.999997735 0.002161246 -0.769531071 0.002067506 -0.002161278 0.999995530 27.555522919
0.999997437 0.001415528 -0.001765917 0.553961754 -0.001413187 0.999998093 0.001325654 -0.778225601 0.001767790 -0.001323155 0.999997556 28.132448196
0.999997497 0.001427496 -0.001716066 0.554947436 -0.001424220 0.999997139 0.001908267 -0.797988117 0.001718785 -0.001905818 0.999996722 28.651348114
0.999996603 0.001264540 -0.002283188 0.567388833 -0.001259704 0.999996960 0.002118490 -0.815674543 0.002285860 -0.002115607 0.999995172 29.192831039
0.999995828 0.001214298 -0.002623855 0.579555392 -0.001209014 0.999997258 0.002014493 -0.826658547 0.002626294 -0.002011313 0.999994516 29.748935699
0.999995828 0.001315005 -0.002579723 0.583365142 -0.001309788 0.999997079 0.002023006 -0.837132215 0.002582376 -0.002019619 0.999994636 30.288259506
0.999995828 0.001828115 -0.002268659 0.584717035 -0.001824642 0.999997199 0.001532447 -0.850162745 0.002271454 -0.001528301 0.999996305 30.845573425
0.999994397 0.001334371 -0.003061792 0.598724127 -0.001328875 0.999997497 0.001796247 -0.864075840 0.003064182 -0.001792168 0.999993622 31.390556335
0.999995649 0.001330193 -0.002612200 0.599209189 -0.001325185 0.999997258 0.001917842 -0.875881910 0.002614744 -0.001914372 0.999994695 31.944601059
0.999993205 0.001039045 -0.003522955 0.619580150 -0.001032631 0.999997795 0.001822005 -0.893898129 0.003524841 -0.001818354 0.999992073 32.489753723
0.999992609 0.001635154 -0.003486976 0.624452353 -0.001628775 0.999997020 0.001831265 -0.906325638 0.003489959 -0.001825572 0.999992251 33.032226562
0.999990225 0.001426230 -0.004190546 0.639907598 -0.001418737 0.999997377 0.001790411 -0.923162878 0.004193089 -0.001784448 0.999989629 33.580852509
0.999989033 0.001646938 -0.004383226 0.650890589 -0.001638535 0.999996781 0.001920210 -0.937309504 0.004386375 -0.001913007 0.999988556 34.132743835
0.999988377 0.001247049 -0.004679203 0.656400621 -0.001237556 0.999997199 0.002031055 -0.951685846 0.004681724 -0.002025240 0.999986947 34.677070618
0.999989152 0.001592077 -0.004369768 0.658054113 -0.001584596 0.999997318 0.001714939 -0.960597754 0.004372488 -0.001707996 0.999988914 35.233383179
0.999988139 0.001451000 -0.004639625 0.669245720 -0.001442899 0.999997437 0.001748897 -0.973890066 0.004642151 -0.001742182 0.999987662 35.774505615
0.999988198 0.001426195 -0.004644299 0.677273154 -0.001418884 0.999997795 0.001577200 -0.984877110 0.004646538 -0.001570591 0.999987960 36.328971863
0.999986231 0.001788617 -0.004933769 0.690231740 -0.001781314 0.999997318 0.001484279 -1.000397086 0.004936411 -0.001475470 0.999986649 36.882812500
0.999986649 0.001837800 -0.004821467 0.692700326 -0.001834509 0.999998093 0.000686958 -1.004429460 0.004822720 -0.000678104 0.999988139 37.433185577
0.999983311 0.001875370 -0.005459810 0.705507398 -0.001866720 0.999997020 0.001588952 -1.030665278 0.005462773 -0.001578734 0.999983847 37.987075806
0.999985754 0.001550409 -0.005104807 0.711744487 -0.001543568 0.999997973 0.001343668 -1.042409062 0.005106880 -0.001335769 0.999986112 38.539054871
0.999983251 0.001638150 -0.005532000 0.717577040 -0.001628718 0.999997199 0.001708877 -1.066074491 0.005534783 -0.001699838 0.999983191 39.083717346
0.999981284 0.002144501 -0.005731272 0.728568733 -0.002133671 0.999995947 0.001895134 -1.080184937 0.005735314 -0.001882870 0.999981701 39.643924713
0.999980330 0.001810115 -0.006015818 0.745239794 -0.001796019 0.999995649 0.002347666 -1.100807548 0.006020041 -0.002336815 0.999979079 40.178302765
0.999982238 0.002428373 -0.005450152 0.748590350 -0.002419200 0.999995708 0.001688903 -1.106141448 0.005454229 -0.001675688 0.999983668 40.739830017
0.999977708 0.001819773 -0.006423552 0.762346506 -0.001807224 0.999996424 0.001958825 -1.128538251 0.006427095 -0.001947172 0.999977410 41.302787781
0.999977291 0.002352976 -0.006318370 0.771227896 -0.002342938 0.999995947 0.001595619 -1.134063959 0.006322099 -0.001580779 0.999978781 41.852794647
0.999974966 0.001843648 -0.006823347 0.785809398 -0.001830396 0.999996364 0.001947963 -1.155287862 0.006826914 -0.001935425 0.999974847 42.384410858
0.999976873 0.002264852 -0.006409599 0.776422739 -0.002250253 0.999994874 0.002283934 -1.175222993 0.006414739 -0.002269458 0.999976873 42.972434998
0.999977171 0.002201177 -0.006380085 0.784690857 -0.002185420 0.999994576 0.002475591 -1.189204574 0.006385499 -0.002461591 0.999976635 43.517772675
0.999972641 0.002544281 -0.006934776 0.800159693 -0.002526796 0.999993682 0.002529017 -1.203917742 0.006941166 -0.002511425 0.999972761 44.066463470
0.999973774 0.001778559 -0.007021688 0.811293840 -0.001756945 0.999993742 0.003083181 -1.231611848 0.007027128 -0.003070764 0.999970675 44.611797333
0.999976158 0.002605310 -0.006389964 0.797065139 -0.002589737 0.999993682 0.002444138 -1.236425161 0.006396292 -0.002427531 0.999976516 45.170989990
0.999978602 0.002696136 -0.005957176 0.803020477 -0.002679825 0.999992669 0.002744293 -1.249297857 0.005964531 -0.002728270 0.999978423 45.728118896
0.999978364 0.002277272 -0.006174435 0.816270113 -0.002261854 0.999994278 0.002503053 -1.264766097 0.006180100 -0.002489033 0.999977827 46.282924652
0.999976635 0.001950567 -0.006556480 0.834296823 -0.001932405 0.999994278 0.002775312 -1.286416411 0.006561857 -0.002762577 0.999974668 46.817268372
0.999977469 0.002320281 -0.006303618 0.841082931 -0.002300641 0.999992490 0.003121215 -1.299875855 0.006310813 -0.003106642 0.999975324 47.350444794
0.999980211 0.001728790 -0.006047275 0.825320840 -0.001712651 0.999994934 0.002672981 -1.305472374 0.006051867 -0.002662571 0.999978125 47.922546387
0.999978125 0.002571653 -0.006077456 0.831219375 -0.002559569 0.999994755 0.001995201 -1.311792016 0.006082556 -0.001979602 0.999979496 48.475387573
0.999976993 0.001402978 -0.006634321 0.854081333 -0.001386134 0.999995768 0.002542758 -1.331624985 0.006637861 -0.002533503 0.999974668 49.031490326
0.999982357 0.002139682 -0.005542365 0.842186213 -0.002124199 0.999993742 0.002797880 -1.344557524 0.005548318 -0.002786058 0.999980748 49.576309204
0.999982297 0.002004276 -0.005607432 0.853214502 -0.001991039 0.999995172 0.002365185 -1.355394125 0.005612146 -0.002353979 0.999981463 50.126785278
0.999982893 0.001487147 -0.005657346 0.862053335 -0.001472351 0.999995410 0.002618631 -1.370029211 0.005661216 -0.002610257 0.999980569 50.687076569
0.999981940 0.001781533 -0.005725658 0.868220568 -0.001765167 0.999994278 0.002862105 -1.392655253 0.005730724 -0.002851947 0.999979496 51.236621857
0.999985278 0.001814577 -0.005101599 0.874292970 -0.001801090 0.999994814 0.002647049 -1.407296300 0.005106376 -0.002637822 0.999983490 51.796695709
0.999981403 0.001883474 -0.005798249 0.884940386 -0.001865722 0.999993682 0.003065458 -1.426192522 0.005803985 -0.003054584 0.999978483 52.346382141
0.999978781 0.001173542 -0.006394183 0.904639721 -0.001154906 0.999995112 0.002917484 -1.440679073 0.006397575 -0.002910038 0.999975324 52.888641357
0.999982297 0.001949110 -0.005608102 0.897148192 -0.001931432 0.999993086 0.003156135 -1.455347776 0.005614215 -0.003145247 0.999979317 53.458168030
0.999982297 0.001221158 -0.005828205 0.906595051 -0.001201709 0.999993682 0.003339422 -1.473161936 0.005832246 -0.003332360 0.999977469 54.006557465
0.999983668 0.001335792 -0.005566141 0.918318152 -0.001319136 0.999994636 0.002995054 -1.481368661 0.005570112 -0.002987662 0.999980092 54.547157288
0.999983847 0.001493015 -0.005480772 0.917018533 -0.001475247 0.999993622 0.003244559 -1.499123573 0.005485581 -0.003236421 0.999979734 55.113903046
0.999983847 0.001633147 -0.005442010 0.922644377 -0.001618278 0.999994934 0.002735642 -1.512288451 0.005446450 -0.002726791 0.999981463 55.673229218
0.999982834 0.001924311 -0.005529289 0.935202956 -0.001908847 0.999994278 0.002800749 -1.521331191 0.005534647 -0.002790146 0.999980807 56.225811005
0.999980986 0.001574232 -0.005966394 0.944834590 -0.001556879 0.999994576 0.002912021 -1.533605099 0.005970946 -0.002902677 0.999977946 56.779067993
0.999981403 0.001380042 -0.005946496 0.961566210 -0.001360801 0.999993861 0.003238743 -1.557399035 0.005950929 -0.003230591 0.999977052 57.313423157
0.999980688 0.001890604 -0.005921796 0.973688841 -0.001873353 0.999993920 0.002917247 -1.559336543 0.005927276 -0.002906098 0.999978185 57.884414673
0.999981821 0.001530754 -0.005835596 0.975340068 -0.001515287 0.999995291 0.002653785 -1.570953608 0.005839632 -0.002644894 0.999979377 58.441078186
0.999982178 0.001372403 -0.005815051 0.987119198 -0.001358548 0.999996185 0.002386025 -1.585237026 0.005818303 -0.002378083 0.999980211 58.984329224
0.999982119 0.001884350 -0.005661894 0.991385400 -0.001873463 0.999996305 0.001927665 -1.586133480 0.005665506 -0.001917023 0.999982119 59.537643433
0.999984562 0.001533865 -0.005332537 1.000371456 -0.001525185 0.999997497 0.001631487 -1.600886106 0.005335027 -0.001623329 0.999984443 60.081321716
0.999981999 0.001832852 -0.005714836 1.006504178 -0.001824201 0.999997199 0.001518662 -1.609624505 0.005717603 -0.001508209 0.999982536 60.637474060
0.999981642 0.001854121 -0.005765135 1.015819907 -0.001842109 0.999996066 0.002088150 -1.628311157 0.005768984 -0.002077492 0.999981284 61.181083679
0.999980867 0.001689997 -0.005946251 1.033151865 -0.001680940 0.999997437 0.001527798 -1.640675068 0.005948817 -0.001517774 0.999981165 61.741935730
0.999983132 0.001600296 -0.005571407 1.030520320 -0.001596115 0.999998450 0.000754647 -1.647400022 0.005572606 -0.000745742 0.999984205 62.277782440
0.999985874 0.002077796 -0.004883849 1.029014587 -0.002074621 0.999997556 0.000655117 -1.661028385 0.004885198 -0.000644976 0.999987900 62.833103180
0.999983191 0.001573973 -0.005585303 1.049174309 -0.001568751 0.999998331 0.000939268 -1.681210160 0.005586773 -0.000930490 0.999983966 63.382106781
0.999983251 0.001680570 -0.005544796 1.054617405 -0.001674922 0.999998093 0.001023088 -1.692929387 0.005546505 -0.001013783 0.999984086 63.932388306
0.999983907 0.001819033 -0.005378876 1.060695171 -0.001813553 0.999997854 0.001023425 -1.710148811 0.005380726 -0.001013653 0.999985039 64.481857300
0.999984264 0.001845701 -0.005298191 1.060668230 -0.001841059 0.999997854 0.000880948 -1.724671721 0.005299806 -0.000871180 0.999985576 65.035400391
0.999981642 0.001956084 -0.005737252 1.074783325 -0.001951209 0.999997735 0.000855170 -1.738764286 0.005738911 -0.000843960 0.999983191 65.569885254
0.999981046 0.002237875 -0.005740550 1.086274862 -0.002234523 0.999997318 0.000590386 -1.752539873 0.005741856 -0.000577547 0.999983370 66.133758545
0.999986291 0.001963980 -0.004855163 1.080384016 -0.001958844 0.999997497 0.001062285 -1.771178603 0.004857237 -0.001052759 0.999987662 66.682144165
0.999981046 0.001761148 -0.005887587 1.086552143 -0.001751313 0.999997079 0.001675425 -1.783277631 0.005890521 -0.001665082 0.999981284 67.253906250
0.999981284 0.002432793 -0.005604652 1.094454765 -0.002424646 0.999996006 0.001460044 -1.794406652 0.005608182 -0.001446427 0.999983191 67.808891296
0.999979198 0.001843660 -0.006194621 1.100757837 -0.001835063 0.999997437 0.001393214 -1.806838036 0.006197173 -0.001381818 0.999979913 68.360466003
0.999982655 0.002017878 -0.005532554 1.107663393 -0.002001037 0.999993384 0.003047969 -1.849651694 0.005538667 -0.003036845 0.999980092 68.887680054
0.999980092 0.002416611 -0.005816150 1.123954535 -0.002402658 0.999994218 0.002404904 -1.857655048 0.005821928 -0.002390883 0.999980211 69.433418274
0.999976099 0.001795374 -0.006663103 1.138445377 -0.001781423 0.999996185 0.002099150 -1.863607645 0.006666847 -0.002087230 0.999975622 69.980598450
0.999978304 0.002131877 -0.006223996 1.145116568 -0.002116628 0.999994695 0.002455676 -1.880688190 0.006229199 -0.002442449 0.999977648 70.525878906
0.999984622 0.002054763 -0.005148098 1.132305622 -0.002043169 0.999995291 0.002255983 -1.897973537 0.005152710 -0.002245430 0.999984205 71.073219299
0.999977589 0.001809087 -0.006438154 1.153750062 -0.001801197 0.999997556 0.001230963 -1.902241588 0.006440366 -0.001219338 0.999978483 71.620094299
0.999981344 0.002297340 -0.005661601 1.142174721 -0.002287544 0.999995887 0.001736057 -1.924910188 0.005665566 -0.001723074 0.999982476 72.145629883
0.999983966 0.002309742 -0.005175751 1.159217596 -0.002296125 0.999993920 0.002635140 -1.947499275 0.005181806 -0.002623213 0.999983072 72.724525452
0.999981284 0.002275840 -0.005688543 1.171187639 -0.002262125 0.999994576 0.002416233 -1.962210178 0.005694012 -0.002403319 0.999980867 73.273063660
0.999984503 0.002108993 -0.005154277 1.175293446 -0.002097614 0.999995351 0.002212131 -1.975685477 0.005158918 -0.002201285 0.999984205 73.830444336
0.999983490 0.002420075 -0.005212723 1.180705190 -0.002408691 0.999994695 0.002189027 -1.987584472 0.005217992 -0.002176435 0.999983966 74.371299744
0.999981523 0.002468385 -0.005557621 1.193350911 -0.002454057 0.999993682 0.002583235 -2.007302523 0.005563964 -0.002569548 0.999981165 74.906791687
0.999982297 0.001879207 -0.005646519 1.207055569 -0.001865087 0.999995112 0.002504856 -2.019508600 0.005651197 -0.002494281 0.999980927 75.462471008
0.999983549 0.001380248 -0.005575744 1.214883685 -0.001364659 0.999995172 0.002798721 -2.036521912 0.005579581 -0.002791066 0.999980569 76.004707336
0.999982119 0.001431048 -0.005796571 1.229160428 -0.001414173 0.999994755 0.002914419 -2.055227280 0.005800711 -0.002906170 0.999978960 76.558013916
0.999982119 0.001384728 -0.005817763 1.235298038 -0.001367755 0.999994814 0.002920556 -2.070582628 0.005821776 -0.002912546 0.999978840 77.102416992
0.999983668 0.001350613 -0.005553026 1.240601778 -0.001337435 0.999996245 0.002376180 -2.080320120 0.005556215 -0.002368715 0.999981761 77.661903381
0.999980569 0.001655185 -0.006017186 1.256477118 -0.001639222 0.999995112 0.002656977 -2.095739126 0.006021556 -0.002647063 0.999978364 78.201187134
0.999980986 0.001173671 -0.006055722 1.260795236 -0.001156814 0.999995410 0.002786532 -2.114163399 0.006058965 -0.002779474 0.999977767 78.734741211
0.999977410 0.001488101 -0.006556672 1.274386883 -0.001475685 0.999997199 0.001898007 -2.117401838 0.006559477 -0.001888289 0.999976695 79.279243469
0.999979496 0.001698708 -0.006175022 1.284108162 -0.001684034 0.999995768 0.002380874 -2.136968136 0.006179040 -0.002370426 0.999978125 79.833557129
0.999978364 0.001951247 -0.006280865 1.290667295 -0.001937491 0.999995708 0.002195707 -2.149000406 0.006285123 -0.002183490 0.999977887 80.383239746
0.999980390 0.001573838 -0.006057248 1.299964905 -0.001560738 0.999996424 0.002166671 -2.162421227 0.006060635 -0.002157174 0.999979317 80.929061890
0.999986887 0.002045535 -0.004691005 1.302654743 -0.002035253 0.999995530 0.002195924 -2.174958706 0.004695476 -0.002186347 0.999986589 81.484588623
0.999990523 0.001774536 -0.003960755 1.313474059 -0.001765639 0.999995947 0.002248507 -2.189306736 0.003964729 -0.002241493 0.999989688 82.039428711
0.999993443 0.002386479 -0.002712974 1.322438240 -0.002379550 0.999993920 0.002554392 -2.211342335 0.002719054 -0.002547919 0.999993086 82.558631897
0.999994993 0.002697926 -0.001623285 1.333704114 -0.002694088 0.999993563 0.002361841 -2.224346161 0.001629645 -0.002357456 0.999995828 83.108673096
0.999997914 0.001546178 0.001329153 1.356374025 -0.001548542 0.999997199 0.001780224 -2.231467485 -0.001326397 -0.001782279 0.999997497 83.664016724
0.999981642 0.002406595 0.005563282 1.366238713 -0.002416527 0.999995410 0.001779332 -2.241386652 -0.005558976 -0.001792743 0.999982953 84.202842712
0.999960065 0.002575662 0.008566545 1.389544725 -0.002593693 0.999994397 0.002094509 -2.264226913 -0.008561103 -0.002116644 0.999961138 84.743980408
0.999905765 0.002697210 0.013455080 1.403660297 -0.002730514 0.999993384 0.002457429 -2.281990290 -0.013448362 -0.002493937 0.999906480 85.299339294
0.999812484 0.002794464 0.019158578 1.429574609 -0.002840922 0.999993086 0.002398150 -2.296572447 -0.019151744 -0.002452129 0.999813497 85.851127625
0.999688148 0.002213955 0.024878806 1.462997198 -0.002280217 0.999993920 0.002635347 -2.315874100 -0.024872823 -0.002691254 0.999687016 86.396408081
0.999543011 0.001469248 0.030192778 1.499263048 -0.001531665 0.999996722 0.002044260 -2.326853275 -0.030189678 -0.002089571 0.999541938 86.935440063
0.999254107 0.001819414 0.038573921 1.531865239 -0.001914619 0.999995351 0.002431334 -2.341821432 -0.038569313 -0.002503375 0.999252796 87.500000000
0.998910606 0.001406416 0.046644010 1.579879522 -0.001525172 0.999995708 0.002510509 -2.356739521 -0.046640281 -0.002578914 0.998908341 88.046836853
0.998542845 0.001381476 0.053947289 1.616088390 -0.001531036 0.999995112 0.002731097 -2.372749329 -0.053943250 -0.002809712 0.998540044 88.596748352
0.998029888 0.001171683 0.062729158 1.673001766 -0.001308504 0.999996841 0.002140098 -2.382433891 -0.062726453 -0.002217963 0.998028278 89.145606995
0.997329473 0.001409619 0.073020875 1.725853443 -0.001582302 0.999996006 0.002307054 -2.391051292 -0.073017329 -0.002416434 0.997327745 89.687629700
0.996681035 0.001090835 0.081398793 1.788914204 -0.001283110 0.999996424 0.002309867 -2.409996510 -0.081395999 -0.002406645 0.996678889 90.239776611
0.996004045 0.001231410 0.089299545 1.859199047 -0.001444863 0.999996185 0.002325701 -2.425642729 -0.089296348 -0.002445434 0.996002078 90.789421082
0.994980812 0.000429659 0.100064464 1.929320335 -0.000665804 0.999997199 0.002326548 -2.433449984 -0.100063153 -0.002381494 0.994978189 91.338661194
0.993835270 0.000571758 0.110865608 2.001241684 -0.000842339 0.999996781 0.002393801 -2.446772814 -0.110863879 -0.002472431 0.993832529 91.875633240
0.992796302 0.000357838 0.119813904 2.100512505 -0.000641128 0.999997079 0.002325874 -2.466445684 -0.119812720 -0.002385935 0.992793560 92.446365356
0.991411030 -0.000075005 0.130782932 2.184681892 -0.000319162 0.999995530 0.002992935 -2.479606628 -0.130782574 -0.003008970 0.991406441 92.992088318
0.989719391 -0.000698257 0.143021166 2.290519714 0.000365754 0.999997199 0.002351131 -2.490174532 -0.143022418 -0.002274650 0.989716947 93.533409119
0.988090515 -0.000588554 0.153872564 2.392877579 0.000153194 0.999995947 0.002841191 -2.508657455 -0.153873652 -0.002783782 0.988086641 94.079818726
0.986425221 -0.000669207 0.164209932 2.503952980 0.000188948 0.999995649 0.002940271 -2.522092819 -0.164211184 -0.002869330 0.986421108 94.626007080
0.984221876 -0.000605147 0.176937759 2.621910095 0.000143311 0.999996543 0.002622930 -2.531238794 -0.176938742 -0.002556188 0.984218538 95.157142639
0.981904507 -0.000973181 0.189374745 2.744104385 0.000522306 0.999996960 0.002430753 -2.542230606 -0.189376533 -0.002287856 0.981901824 95.696044922
0.979908049 -0.001702311 0.199442580 2.877447128 0.001248849 0.999996305 0.002399427 -2.552099943 -0.199445963 -0.002102145 0.979906619 96.218673706
0.977058470 -0.001613288 0.212964848 3.015632629 0.000962150 0.999994457 0.003161095 -2.578976154 -0.212968796 -0.002883671 0.977054715 96.773086548
0.974106967 -0.001445338 0.226083085 3.166131973 0.000680609 0.999993742 0.003460421 -2.592086554 -0.226086691 -0.003216946 0.974101961 97.306655884
0.971601248 -0.001928352 0.236616388 3.316787720 0.001085546 0.999992549 0.003692137 -2.606868505 -0.236621752 -0.003330427 0.971596062 97.822952271
0.968297064 -0.002375328 0.249790296 3.461526871 0.001619462 0.999993384 0.003231480 -2.615896940 -0.249796346 -0.002724507 0.968294561 98.381965637
0.964657903 -0.002375071 0.263494790 3.634166718 0.001488807 0.999992430 0.003563123 -2.633646727 -0.263501316 -0.003044901 0.964654267 98.906066895
0.961099267 -0.002751287 0.276189595 3.789432526 0.001898620 0.999992549 0.003354595 -2.642387629 -0.276196718 -0.002699720 0.961097300 99.419921875
0.957721353 -0.003045123 0.287681252 3.968252182 0.001987387 0.999990106 0.003968730 -2.668471575 -0.287690550 -0.003229203 0.957717955 99.979125977
0.953391731 -0.002935611 0.301720947 4.152095795 0.001800922 0.999990344 0.004038821 -2.679855347 -0.301729858 -0.003307203 0.953387737 100.507553101
0.948930919 -0.003157660 0.315468013 4.344579697 0.002099077 0.999990940 0.003695309 -2.687969923 -0.315476805 -0.002844401 0.948929071 101.023719788
0.945174634 -0.004470664 0.326534688 4.545967102 0.003504740 0.999987543 0.003546380 -2.694785595 -0.326546490 -0.002207529 0.945178568 101.529304504
0.940543294 -0.004607521 0.339642823 4.751960754 0.003734757 0.999987781 0.003223282 -2.707726240 -0.339653522 -0.001763152 0.940548956 102.043869019
0.935388446 -0.004643703 0.353591502 4.976671219 0.003676735 0.999987423 0.003406388 -2.722198009 -0.353602886 -0.001886234 0.935393751 102.567558289
0.930926085 -0.005092610 0.365172416 5.200426102 0.003970449 0.999984801 0.003823778 -2.741841316 -0.365186363 -0.002109756 0.930932045 103.051727295
0.925947964 -0.005781051 0.377606899 5.423221588 0.004745431 0.999981940 0.003672933 -2.745080471 -0.377621353 -0.001609037 0.925958693 103.590003967
0.920068204 -0.005743503 0.391716093 5.659652710 0.004655645 0.999982238 0.003726906 -2.756868839 -0.391730547 -0.001605316 0.920078576 104.075164795
0.914292216 -0.006327603 0.405005723 5.904811859 0.005409588 0.999979556 0.003411135 -2.762387276 -0.405019134 -0.000927860 0.914307714 104.601715088
0.909131467 -0.006076633 0.416465133 6.148197174 0.004974793 0.999980628 0.003730867 -2.780025244 -0.416479796 -0.001320021 0.909144104 105.096527100
0.903390348 -0.007372374 0.428755611 6.423519135 0.006670689 0.999972820 0.003139169 -2.782790661 -0.428767145 0.000024200 0.903415024 105.584648132
0.896534204 -0.007337927 0.442913711 6.686508179 0.006132847 0.999972582 0.004152993 -2.813321114 -0.442932099 -0.001006978 0.896554470 106.070587158
0.890781820 -0.008130501 0.454358578 6.966365814 0.007191636 0.999966860 0.003794479 -2.820336819 -0.454374462 -0.000112471 0.890810728 106.558776855
0.885107756 -0.008686008 0.465305299 7.235179901 0.007501093 0.999962211 0.004397985 -2.836485386 -0.465325952 -0.000402392 0.885139346 107.030876160
0.877557695 -0.008357717 0.479398191 7.508045197 0.007012067 0.999964833 0.004597283 -2.857967138 -0.479419768 -0.000672808 0.877585471 107.517410278
0.870446384 -0.008546955 0.492189109 7.798076630 0.007179003 0.999963343 0.004668338 -2.869779587 -0.492210984 -0.000530111 0.870475769 107.982681274
