1.000000000 0.000000000 0.000000000 0.000000000 0.000000000 1.000000000 0.000000000 0.000000000 0.000000000 0.000000000 1.000000000 0.000000000
1.000000000 0.000036527 0.000004084 0.000452699 -0.000036528 1.000000000 0.000130176 -0.000631062 -0.000004079 -0.000130176 1.000000000 0.000197550
1.000000000 0.000059107 -0.000181126 0.001589185 -0.000059100 1.000000000 0.000041905 0.000047396 0.000181128 -0.000041895 1.000000000 -0.000224958
1.000000000 0.000096134 -0.000034406 0.000414922 -0.000096132 1.000000000 0.000055339 -0.000718308 0.000034411 -0.000055336 1.000000000 0.000135816
0.999999940 0.000277451 0.000058518 -0.001246321 -0.000277456 0.999999940 0.000087471 -0.000476688 -0.000058493 -0.000087487 1.000000000 -0.000329206
1.000000000 0.000101042 0.000029143 -0.000911331 -0.000101042 1.000000000 0.000027183 -0.000596333 -0.000029140 -0.000027186 1.000000000 0.000348180
1.000000000 -0.000082610 0.000016291 0.000275591 0.000082610 1.000000000 0.000016848 -0.000212447 -0.000016292 -0.000016846 1.000000000 -0.000142414
1.000000000 0.000021938 0.000025985 0.000988390 -0.000021940 1.000000000 0.000073846 -0.000630336 -0.000025984 -0.000073847 1.000000000 0.000006887
1.000000000 -0.000118367 0.000106246 -0.000285147 0.000118365 1.000000000 0.000018124 -0.000000595 -0.000106248 -0.000018111 1.000000000 0.000221557
1.000000000 -0.000182613 -0.000043583 0.001522884 0.000182615 1.000000000 0.000038587 0.000092813 0.000043576 -0.000038595 1.000000000 0.000030039
1.000000000 -0.000099104 -0.000068616 0.000496799 0.000099110 1.000000000 0.000089626 -0.001382570 0.000068607 -0.000089633 1.000000000 -0.000486740
1.000000000 0.000130023 0.000111078 -0.001206412 -0.000130002 1.000000000 -0.000189105 0.001831065 -0.000111102 0.000189090 1.000000000 0.001847281
1.000000000 -0.000203467 0.000032664 -0.000263717 0.000203462 0.999999940 0.000176112 -0.000773821 -0.000032700 -0.000176105 1.000000000 0.000614446
1.000000000 0.000088535 0.000176510 -0.001805296 -0.000088555 1.000000000 0.000109924 -0.000235459 -0.000176500 -0.000109940 1.000000000 0.001682811
1.000000000 0.000076244 0.000013780 -0.000525717 -0.000076246 1.000000000 0.000157128 -0.000781708 -0.000013768 -0.000157129 1.000000000 0.000227356
1.000000000 0.000033897 -0.000054210 -0.000027909 -0.000033900 1.000000000 -0.000050473 0.000282376 0.000054208 0.000050475 1.000000000 0.000519093
0.999999940 0.000271529 0.000275844 -0.002543309 -0.000271540 0.999999940 0.000040700 0.000547241 -0.000275833 -0.000040775 0.999999940 0.001986992
1.000000000 0.000039264 -0.000052008 -0.000174641 -0.000039264 1.000000000 0.000001074 0.000047584 0.000052008 -0.000001072 1.000000000 0.001644489
1.000000000 -0.000066516 -0.000039714 0.000208404 0.000066524 1.000000000 0.000184754 -0.001455054 0.000039702 -0.000184757 1.000000000 0.000351897
1.000000000 0.000017150 -0.000034378 0.000349846 -0.000017149 1.000000000 0.000022492 -0.000037250 0.000034378 -0.000022492 1.000000000 0.001043143
1.000000000 0.000165807 -0.000030440 -0.000654239 -0.000165806 1.000000000 0.000015424 -0.000090420 0.000030443 -0.000015419 1.000000000 0.001298804
1.000000000 -0.000001300 -0.000106704 0.000183585 0.000001302 1.000000000 0.000018819 0.000370243 0.000106704 -0.000018819 1.000000000 0.000188033
1.000000000 0.000090901 0.000011863 0.000237947 -0.000090902 1.000000000 0.000078945 -0.000433059 -0.000011856 -0.000078946 1.000000000 0.002390136
0.999999940 0.000234521 0.000169812 -0.000593686 -0.000234534 0.999999940 0.000075179 0.000062771 -0.000169795 -0.000075219 1.000000000 -0.000052357
1.000000000 0.000008364 -0.000066280 0.000494354 -0.000008359 1.000000000 0.000071271 0.000269823 0.000066281 -0.000071270 1.000000000 0.000942691
1.000000000 0.000047177 0.000030468 -0.000621332 -0.000047173 1.000000000 -0.000138655 0.001546854 -0.000030474 0.000138654 1.000000000 0.000170460
1.000000000 0.000134807 0.000064775 -0.000749353 -0.000134799 1.000000000 -0.000117866 0.000395240 -0.000064791 0.000117857 1.000000000 -0.001490488
1.000000000 0.000190675 0.000108415 -0.001212241 -0.000190666 1.000000000 -0.000082362 0.000856634 -0.000108431 0.000082341 1.000000000 0.002388507
1.000000000 0.000029079 0.000007728 -0.001377778 -0.000029079 1.000000000 0.000005172 0.001736902 -0.000007728 -0.000005173 1.000000000 0.004165812
1.000000000 0.000076977 0.000006417 -0.000773698 -0.000076976 1.000000000 -0.000214083 0.002177163 -0.000006433 0.000214082 1.000000000 0.001758204
0.999999940 0.000248199 -0.000021803 -0.000206617 -0.000248198 0.999999940 0.000070068 0.000529397 0.000021820 -0.000070063 1.000000000 0.000115138
1.000000000 0.000041633 0.000003219 -0.000485505 -0.000041633 1.000000000 0.000018006 0.000294210 -0.000003218 -0.000018006 1.000000000 0.000576929
1.000000000 -0.000015147 0.000020689 0.000064688 0.000015146 1.000000000 0.000042988 -0.000317311 -0.000020690 -0.000042988 1.000000000 0.000514081
1.000000000 0.000079647 -0.000030061 -0.000518357 -0.000079642 1.000000000 0.000154082 -0.000159781 0.000030073 -0.000154080 1.000000000 0.001181432
1.000000000 0.000033426 0.000039470 -0.000763862 -0.000033425 1.000000000 -0.000036936 0.001542526 -0.000039471 0.000036935 1.000000000 0.002785583
1.000000000 0.000188353 0.000145478 -0.001952411 -0.000188352 1.000000000 -0.000010798 0.002382722 -0.000145480 0.000010770 1.000000000 0.003609702
1.000000000 -0.000086768 0.000042588 -0.000521736 0.000086762 1.000000000 0.000139994 0.000094456 -0.000042600 -0.000139990 1.000000000 0.002075204
1.000000000 -0.000093414 0.000135159 -0.001018076 0.000093387 1.000000000 0.000204636 -0.000632321 -0.000135178 -0.000204623 0.999999940 -0.000641860
1.000000000 0.000013669 0.000162019 -0.001042024 -0.000013678 1.000000000 0.000057546 0.000532919 -0.000162018 -0.000057548 1.000000000 0.001058130
1.000000000 0.000001484 0.000154047 0.000271168 -0.000001507 1.000000000 0.000151332 -0.002151634 -0.000154047 -0.000151332 1.000000000 -0.000522888
0.999999940 -0.000002117 0.000340338 -0.001812058 0.000002308 0.999999821 -0.000560284 -0.002567077 -0.000340337 0.000560284 0.999999762 0.053166375
0.999999940 0.000286807 0.000178579 -0.000666974 -0.000286597 0.999999285 -0.001178340 -0.005706872 -0.000178917 0.001178288 0.999999285 0.136566430
0.999999583 0.000916154 -0.000054838 0.001984838 -0.000916234 0.999998510 -0.001475679 -0.004965731 0.000053486 0.001475729 0.999998927 0.258275121
0.999999583 0.000927671 0.000123147 0.002448705 -0.000927558 0.999999166 -0.000916894 -0.014692774 -0.000123997 0.000916780 0.999999583 0.385574073
0.999999881 0.000492709 -0.000035109 0.007225856 -0.000492739 0.999999523 -0.000873828 -0.018888425 0.000034679 0.000873845 0.999999642 0.526458085
0.999999821 0.000585757 0.000013682 0.013208707 -0.000585745 0.999999464 -0.000878145 -0.022937249 -0.000014197 0.000878137 0.999999642 0.681726575
0.999999762 0.000617505 0.000225574 0.017416617 -0.000617320 0.999999464 -0.000820445 -0.022065882 -0.000226080 0.000820306 0.999999642 0.850927830
0.999999583 0.000732289 0.000540199 0.013278396 -0.000731896 0.999999464 -0.000729070 -0.027282374 -0.000540733 0.000728674 0.999999583 1.017309308
0.999999881 0.000363715 0.000352573 0.016053472 -0.000363701 0.999999940 -0.000041418 -0.036685020 -0.000352588 0.000041290 0.999999940 1.187846780
0.999999881 0.000264855 0.000371313 0.020792190 -0.000264918 0.999999940 0.000167465 -0.041920718 -0.000371268 -0.000167563 0.999999940 1.377877474
0.999999821 0.000489295 0.000404735 0.031490177 -0.000489088 0.999999762 -0.000513523 -0.044654388 -0.000404986 0.000513325 0.999999762 1.569716334
0.999999702 0.000587884 0.000493416 0.028364602 -0.000587872 0.999999821 -0.000023352 -0.055022012 -0.000493429 0.000023062 0.999999881 1.756706357
0.999999285 0.000584783 -0.000966840 0.054641161 -0.000584792 0.999999821 -0.000008106 -0.060542069 0.000966835 0.000008671 0.999999523 1.945756674
0.999999762 0.000630295 -0.000153106 0.052234098 -0.000630340 0.999999821 -0.000295132 -0.063202582 0.000152920 0.000295229 0.999999940 2.153513193
0.999999583 0.000651448 -0.000462579 0.060310334 -0.000651780 0.999999464 -0.000718459 -0.066544183 0.000462110 0.000718760 0.999999642 2.373324871
0.999999583 0.000707157 -0.000597697 0.066818379 -0.000707199 0.999999762 -0.000069593 -0.078024022 0.000597647 0.000070016 0.999999821 2.593739510
0.999999225 0.001240107 -0.000365162 0.068177909 -0.001240067 0.999999225 0.000109245 -0.086153373 0.000365298 -0.000108792 0.999999940 2.826781273
0.999999642 0.000324103 -0.000866051 0.076719381 -0.000323815 0.999999940 0.000332071 -0.093919396 0.000866159 -0.000331790 0.999999583 3.062235832
0.999999762 0.000445706 -0.000499134 0.084387489 -0.000445818 0.999999881 -0.000222877 -0.096340485 0.000499034 0.000223099 0.999999881 3.304763079
0.999999702 0.000767533 -0.000522264 0.081896357 -0.000767236 0.999999642 0.000569190 -0.109161422 0.000522701 -0.000568789 0.999999702 3.531603098
0.999999523 0.000826802 -0.000485563 0.087902434 -0.000826598 0.999999464 0.000421717 -0.114888176 0.000485911 -0.000421315 0.999999821 3.786573410
0.999999762 0.000372126 -0.000485939 0.093777880 -0.000372186 0.999999821 -0.000121692 -0.118013911 0.000485894 0.000121873 0.999999881 4.043141842
0.999999702 0.000743963 -0.000082710 0.093224324 -0.000743907 0.999999404 0.000670558 -0.128036022 0.000083209 -0.000670496 0.999999821 4.292060852
0.999999523 0.000695676 -0.000624868 0.103137463 -0.000695505 0.999999702 0.000272181 -0.128775254 0.000625058 -0.000271747 0.999999762 4.558809280
0.999999583 0.000674497 -0.000488873 0.110615447 -0.000674333 0.999999702 0.000336452 -0.137409911 0.000489100 -0.000336122 0.999999762 4.814703465
0.999999642 0.000618175 -0.000523668 0.115529098 -0.000617879 0.999999762 0.000566607 -0.144851893 0.000524018 -0.000566284 0.999999642 5.076224804
0.999999702 0.000265701 -0.000712894 0.122786187 -0.000265394 0.999999940 0.000431713 -0.151392162 0.000713009 -0.000431524 0.999999702 5.338142395
0.999999702 0.000613124 -0.000422353 0.124630153 -0.000612998 0.999999821 0.000298200 -0.156395525 0.000422535 -0.000297941 0.999999881 5.609789371
0.999999642 -0.000070812 -0.000754739 0.130649164 0.000071330 0.999999762 0.000685325 -0.167958349 0.000754691 -0.000685379 0.999999464 5.880130768
0.999999702 0.000026047 -0.000639983 0.135463208 -0.000025570 0.999999702 0.000744229 -0.176720619 0.000640002 -0.000744213 0.999999464 6.167768002
0.999999702 0.000066486 -0.000919777 0.144750640 -0.000065910 0.999999821 0.000626646 -0.181998491 0.000919819 -0.000626586 0.999999404 6.449628830
0.999999821 0.000315070 -0.000519248 0.145782471 -0.000314707 0.999999642 0.000698861 -0.194336534 0.000519468 -0.000698698 0.999999642 6.719342709
0.999999821 0.000406519 -0.000565964 0.150877029 -0.000406036 0.999999583 0.000852985 -0.204166636 0.000566311 -0.000852755 0.999999523 7.020480156
0.999999762 0.000440444 -0.000483830 0.160834327 -0.000440037 0.999999523 0.000842439 -0.211621240 0.000484201 -0.000842226 0.999999583 7.311516285
0.999999762 0.000277628 -0.000587570 0.162593365 -0.000277480 0.999999881 0.000252172 -0.213347360 0.000587640 -0.000252009 0.999999881 7.629718304
0.999999821 0.000302372 -0.000519401 0.172756821 -0.000302082 0.999999821 0.000558439 -0.225977764 0.000519570 -0.000558282 0.999999642 7.929558277
0.999999940 0.000164728 -0.000367819 0.177664652 -0.000164678 1.000000119 0.000135596 -0.228189543 0.000367842 -0.000135535 0.999999881 8.252611160
0.999999821 0.000296871 -0.000506034 0.183350921 -0.000296568 0.999999702 0.000599173 -0.246587917 0.000506211 -0.000599023 0.999999642 8.573730469
0.999999940 0.000278575 -0.000069643 0.183943734 -0.000278550 0.999999821 0.000371140 -0.250137925 0.000069747 -0.000371120 0.999999940 8.914285660
1.000000000 0.000231694 -0.000065391 0.192714572 -0.000231651 0.999999702 0.000654369 -0.264325619 0.000065542 -0.000654354 0.999999762 9.240430832
0.999999881 0.000340185 -0.000301388 0.196707293 -0.000339820 0.999999225 0.001213072 -0.282029688 0.000301800 -0.001212969 0.999999166 9.587073326
0.999999583 0.000504198 -0.000719930 0.216426313 -0.000503328 0.999999166 0.001207896 -0.293743014 0.000720538 -0.001207533 0.999998987 9.925183296
0.999999821 0.000249834 -0.000486222 0.212955683 -0.000249347 0.999999404 0.001002467 -0.300451040 0.000486473 -0.001002346 0.999999404 10.290699959
0.999999821 0.000178114 -0.000411767 0.220986471 -0.000177590 0.999999166 0.001271638 -0.311988771 0.000411993 -0.001271564 0.999999166 10.645936012
1.000000000 0.000063974 -0.000174291 0.224155456 -0.000063827 0.999999583 0.000841096 -0.315317661 0.000174345 -0.000841084 0.999999583 11.015358925
1.000000000 0.000155443 0.000098733 0.230430916 -0.000155549 0.999999464 0.001077731 -0.327329338 -0.000098565 -0.001077746 0.999999404 11.395464897
1.000000000 -0.000236848 0.000024365 0.234167889 0.000236821 0.999999404 0.001091809 -0.335602373 -0.000024624 -0.001091803 0.999999404 11.772306442
1.000000000 -0.000017229 0.000128131 0.239713728 0.000017148 0.999999821 0.000630257 -0.344756663 -0.000128142 -0.000630255 0.999999821 12.157793999
1.000000000 -0.000005642 0.000061814 0.249535516 0.000005624 1.000000000 0.000292378 -0.353095889 -0.000061816 -0.000292378 1.000000000 12.554189682
0.999999940 -0.000176297 0.000254405 0.255515516 0.000175995 0.999999404 0.001186357 -0.369752467 -0.000254614 -0.001186312 0.999999285 12.937108040
1.000000000 -0.000169463 -0.000004787 0.268286467 0.000169467 0.999999464 0.001026899 -0.381631762 0.000004613 -0.001026900 0.999999464 13.334426880
0.999999881 -0.000405559 0.000196982 0.274587929 0.000405392 0.999999523 0.000846404 -0.386880279 -0.000197325 -0.000846324 0.999999642 13.749305725
0.999999642 -0.000110484 0.000857972 0.276164919 0.000109721 0.999999583 0.000889391 -0.395166278 -0.000858069 -0.000889296 0.999999225 14.167690277
0.999999106 0.000028709 0.001364559 0.282949716 -0.000029729 0.999999642 0.000747418 -0.408604145 -0.001364538 -0.000747458 0.999998748 14.583359718
0.999999225 -0.000240148 0.001170576 0.293675631 0.000238374 0.999998808 0.001515211 -0.425909072 -0.001170939 -0.001514931 0.999998152 15.016371727
0.999999166 -0.000378718 0.001210807 0.307337701 0.000377492 0.999999404 0.001012603 -0.434067190 -0.001211191 -0.001012145 0.999998748 15.450610161
0.999998391 -0.000367515 0.001722653 0.316696763 0.000365332 0.999999106 0.001267279 -0.449116558 -0.001723118 -0.001266648 0.999997735 15.888022423
0.999998569 -0.000665765 0.001567288 0.330967128 0.000663815 0.999998987 0.001244332 -0.460329205 -0.001568116 -0.001243290 0.999997973 16.332899094
0.999997079 -0.000316458 0.002412667 0.336692452 0.000314626 0.999999642 0.000759795 -0.470221967 -0.002412906 -0.000759034 0.999996781 16.779897690
0.999997675 -0.000276847 0.002145361 0.350607157 0.000274441 0.999999344 0.001121602 -0.482724339 -0.002145670 -0.001121011 0.999997079 17.241926193
0.999996901 0.000324439 0.002468952 0.356149793 -0.000327546 0.999999166 0.001258144 -0.495365143 -0.002468541 -0.001258948 0.999996126 17.705780029
0.999994516 0.000499869 0.003273383 0.362583011 -0.000504561 0.999998808 0.001432716 -0.509024441 -0.003272663 -0.001434360 0.999993622 18.172687531
0.999995291 0.000167942 0.003081252 0.384525746 -0.000173385 0.999998450 0.001766400 -0.522881925 -0.003080950 -0.001766926 0.999993682 18.632318497
0.999994516 0.000690682 0.003234282 0.391885787 -0.000694388 0.999999106 0.001144659 -0.538421810 -0.003233489 -0.001146899 0.999994099 19.118484497
0.999993682 0.000401547 0.003529936 0.405491054 -0.000404713 0.999999523 0.000896249 -0.548248231 -0.003529573 -0.000897672 0.999993384 19.601816177
0.999994040 -0.000240859 0.003418701 0.415760875 0.000236003 0.999998987 0.001420762 -0.561288178 -0.003419041 -0.001419947 0.999993145 20.091751099
0.999994338 0.000322561 0.003326718 0.422862470 -0.000325911 0.999999464 0.001006532 -0.570615053 -0.003326392 -0.001007611 0.999993920 20.574426651
0.999994457 0.000451832 0.003272805 0.431053042 -0.000454263 0.999999583 0.000742015 -0.577242553 -0.003272468 -0.000743498 0.999994338 21.080223083
0.999995112 0.000182628 0.003135834 0.439370304 -0.000185311 0.999999642 0.000855242 -0.587013543 -0.003135678 -0.000855819 0.999994755 21.584388733
0.999998212 0.000564183 0.001878538 0.464896321 -0.000566823 0.999998868 0.001405702 -0.606899917 -0.001877742 -0.001406764 0.999997258 22.084949493
0.999998093 0.000939358 0.001721954 0.475163847 -0.000941539 0.999998748 0.001266142 -0.613303363 -0.001720763 -0.001267761 0.999997735 22.597534180
0.999999702 0.000501606 0.000586231 0.485879391 -0.000502138 0.999999464 0.000908566 -0.627566338 -0.000585775 -0.000908860 0.999999404 23.123199463
0.999999702 0.000659420 0.000462918 0.488220334 -0.000659704 0.999999642 0.000614126 -0.641246498 -0.000462513 -0.000614432 0.999999702 23.655162811
0.999999881 0.000084022 -0.000460681 0.506653368 -0.000083868 0.999999940 0.000334980 -0.653470397 0.000460709 -0.000334941 0.999999821 24.172704697
0.999998808 0.000922564 -0.001216068 0.516931534 -0.000921188 0.999998987 0.001131724 -0.668582678 0.001217111 -0.001130602 0.999998629 24.706060410
0.999996901 0.001356889 -0.002092020 0.529352307 -0.001354799 0.999998569 0.000999982 -0.683007002 0.002093374 -0.000997144 0.999997318 25.247219086
0.999997199 0.001443751 -0.001853258 0.526516557 -0.001442090 0.999998510 0.000897024 -0.692382872 0.001854550 -0.000894349 0.999997914 25.796169281
0.999997199 0.001258096 -0.002010372 0.539784968 -0.001255515 0.999998331 0.001284573 -0.714910269 0.002011986 -0.001282046 0.999997139 26.342439651
0.999995232 0.000323538 -0.003055591 0.550774097 -0.000318897 0.999998808 0.001518985 -0.729173779 0.003056079 -0.001518003 0.999994099 26.883857727
0.999996722 0.000248251 -0.002554563 0.554354012 -0.000243175 0.999997914 0.001987199 -0.746208072 0.002555052 -0.001986571 0.999994755 27.439352036
0.999995410 0.001879713 -0.002397534 0.556817651 -0.001876981 0.999997675 0.001141340 -0.758927822 0.002399674 -0.001136835 0.999996424 27.991796494
0.999990106 0.001921015 -0.004008407 0.570371687 -0.001915203 0.999997258 0.001453251 -0.775645018 0.004011187 -0.001445560 0.999990880 28.537765503
0.999988854 0.001875910 -0.004315595 0.581331730 -0.001869293 0.999997079 0.001536830 -0.792686820 0.004318465 -0.001528746 0.999989510 29.078161240
0.999987006 0.001831680 -0.004755997 0.592691779 -0.001823923 0.999996960 0.001634863 -0.803552747 0.004758977 -0.001626167 0.999987304 29.627923965
0.999986172 0.001613151 -0.005007653 0.597432137 -0.001606802 0.999998033 0.001271443 -0.810162902 0.005009694 -0.001263379 0.999986589 30.170301437
0.999986053 0.001651348 -0.005005517 0.606557131 -0.001645483 0.999997973 0.001175673 -0.826036811 0.005007448 -0.001167420 0.999986768 30.714937210
0.999978900 0.001821156 -0.006234780 0.624749839 -0.001810892 0.999997020 0.001651427 -0.849233389 0.006237769 -0.001640101 0.999979198 31.269308090
0.999978006 0.001985307 -0.006332498 0.629777431 -0.001973982 0.999996424 0.001794131 -0.862338781 0.006336038 -0.001781592 0.999978364 31.821001053
0.999976814 0.001750411 -0.006585290 0.638694048 -0.001739397 0.999997079 0.001678023 -0.876807988 0.006588208 -0.001666530 0.999976873 32.379909515
0.999974847 0.001771953 -0.006883698 0.645816684 -0.001761395 0.999997258 0.001539500 -0.886507034 0.006886407 -0.001527336 0.999975145 32.931388855
0.999972343 0.001914196 -0.007185394 0.653908074 -0.001904361 0.999997258 0.001375219 -0.902590513 0.007188007 -0.001361498 0.999973238 33.475574493
0.999971986 0.002327955 -0.007117695 0.657033443 -0.002316684 0.999996006 0.001591372 -0.915648222 0.007121372 -0.001574838 0.999973357 34.031352997
0.999974489 0.001256222 -0.007041778 0.664872050 -0.001244205 0.999997795 0.001710632 -0.931342959 0.007043913 -0.001701827 0.999973714 34.565498352
0.999971151 0.001575590 -0.007429054 0.671225548 -0.001563019 0.999997318 0.001697528 -0.945636213 0.007431709 -0.001685868 0.999970973 35.122577667
0.999974251 0.001709101 -0.006970223 0.676879406 -0.001699001 0.999997497 0.001454729 -0.958379149 0.006972692 -0.001442850 0.999974668 35.667613983
0.999969065 0.002055430 -0.007606595 0.683408856 -0.002044834 0.999996901 0.001400458 -0.971046031 0.007609452 -0.001384861 0.999970019 36.210342407
0.999966741 0.002077769 -0.007884897 0.693465829 -0.002068385 0.999997139 0.001198007 -0.983633757 0.007887364 -0.001181658 0.999968112 36.758090973
0.999966443 0.002009877 -0.007944454 0.699532568 -0.001999905 0.999997199 0.001262986 -0.997367978 0.007946970 -0.001247056 0.999967635 37.298465729
0.999967277 0.002549717 -0.007685167 0.704839349 -0.002543465 0.999996424 0.000823136 -1.010953903 0.007687238 -0.000803562 0.999970078 37.847164154
0.999974191 0.002298092 -0.006803960 0.698861897 -0.002295094 0.999997258 0.000448379 -1.020944476 0.006804970 -0.000432751 0.999976754 38.387195587
0.999962986 0.002217239 -0.008307733 0.719122469 -0.002205013 0.999996483 0.001480534 -1.042366028 0.008310985 -0.001462160 0.999964416 38.943450928
0.999960363 0.002172642 -0.008630863 0.728746414 -0.002167276 0.999997497 0.000631117 -1.052919269 0.008632211 -0.000612386 0.999962509 39.486789703
0.999958754 0.002387419 -0.008768439 0.739390314 -0.002374298 0.999996066 0.001506574 -1.073807478 0.008772002 -0.001485693 0.999960423 40.030860901
0.999961734 0.002304524 -0.008438500 0.738037348 -0.002296337 0.999996901 0.000979837 -1.081250668 0.008440732 -0.000960422 0.999963880 40.593780518
0.999956906 0.002820322 -0.008851786 0.751125097 -0.002814229 0.999995828 0.000700773 -1.095172524 0.008853725 -0.000675832 0.999960601 41.132438660
0.999960482 0.002804001 -0.008438757 0.753249586 -0.002797478 0.999995768 0.000784681 -1.102229834 0.008440922 -0.000761043 0.999964118 41.673046112
0.999957442 0.002022549 -0.009015952 0.755091071 -0.002010123 0.999997020 0.001387192 -1.130864978 0.009018731 -0.001369010 0.999958396 42.230838776
0.999959826 0.002589683 -0.008583958 0.755560637 -0.002577931 0.999995708 0.001379853 -1.141366839 0.008587495 -0.001357668 0.999962211 42.778564453
0.999959826 0.002624900 -0.008582474 0.761739731 -0.002613188 0.999995589 0.001375615 -1.157752395 0.008586048 -0.001353133 0.999962211 43.331062317
0.999957383 0.002339824 -0.008925867 0.764565766 -0.002327618 0.999996364 0.001377582 -1.170987844 0.008929057 -0.001356747 0.999959230 43.885032654
0.999956489 0.001965047 -0.009119975 0.770662546 -0.001949526 0.999996662 0.001710405 -1.185591817 0.009123307 -0.001692551 0.999956906 44.430965424
0.999952793 0.002158556 -0.009475490 0.774807036 -0.002145270 0.999996781 0.001412102 -1.194799185 0.009478508 -0.001391708 0.999954045 44.974540710
0.999957502 0.002389024 -0.008905333 0.780657351 -0.002375986 0.999996066 0.001474432 -1.211540580 0.008908821 -0.001453211 0.999959171 45.534992218
0.999961674 0.002575594 -0.008369107 0.784467936 -0.002563194 0.999995649 0.001492041 -1.223539472 0.008372912 -0.001470532 0.999963820 46.082958221
0.999953628 0.001819312 -0.009458219 0.799267888 -0.001807763 0.999997616 0.001229351 -1.236250401 0.009460433 -0.001212196 0.999954522 46.628116608
0.999956489 0.002262898 -0.009049067 0.807434678 -0.002247543 0.999996006 0.001706655 -1.257062912 0.009052893 -0.001686243 0.999957561 47.184543610
0.999953270 0.001675685 -0.009519503 0.807725191 -0.001664330 0.999997854 0.001200676 -1.258951426 0.009521496 -0.001184776 0.999953926 47.722446442
0.999955475 0.001808269 -0.009256483 0.812989831 -0.001798165 0.999997735 0.001099726 -1.274319410 0.009258451 -0.001083032 0.999956548 48.273868561
0.999954700 0.001945687 -0.009306239 0.826325774 -0.001934436 0.999997437 0.001217921 -1.281516671 0.009308584 -0.001199863 0.999956012 48.822025299
0.999952972 0.001614065 -0.009564448 0.824668407 -0.001604765 0.999998212 0.000979986 -1.299716115 0.009566013 -0.000964591 0.999953806 49.376884460
0.999951661 0.001939868 -0.009640079 0.834965229 -0.001931015 0.999997675 0.000927526 -1.312925220 0.009641855 -0.000908866 0.999953151 49.926517487
0.999956012 0.001890812 -0.009186549 0.832970977 -0.001879319 0.999997377 0.001259465 -1.332244396 0.009188907 -0.001242145 0.999957025 50.473205566
0.999958575 0.002577529 -0.008727157 0.836910844 -0.002565969 0.999995708 0.001335595 -1.349695563 0.008730563 -0.001313146 0.999961078 51.014492035
0.999958813 0.001853719 -0.008890724 0.842605472 -0.001842899 0.999997556 0.001225037 -1.363168240 0.008892974 -0.001208602 0.999959707 51.572845459
0.999951124 0.002116916 -0.009655574 0.852084458 -0.002106354 0.999997199 0.001103872 -1.377964735 0.009657885 -0.001083480 0.999952734 52.125560760
0.999953389 0.002074478 -0.009427539 0.856187880 -0.002066972 0.999997497 0.000805878 -1.391575456 0.009429188 -0.000786354 0.999955237 52.677845001
0.999954343 0.001651484 -0.009412762 0.862439811 -0.001642035 0.999998093 0.001011437 -1.407593966 0.009414415 -0.000995934 0.999955177 53.228710175
0.999952972 0.001913326 -0.009503170 0.864763141 -0.001902546 0.999997556 0.001143272 -1.422698021 0.009505333 -0.001125138 0.999954104 53.773574829
0.999955177 0.002050519 -0.009255880 0.871202707 -0.002042175 0.999997497 0.000910875 -1.436190844 0.009257725 -0.000891932 0.999956727 54.324428558
0.999952555 0.001994472 -0.009533797 0.881260693 -0.001981342 0.999997079 0.001386552 -1.454181552 0.009536535 -0.001367597 0.999953568 54.859382629
0.999952555 0.001628662 -0.009606771 0.884747386 -0.001622192 0.999998450 0.000681247 -1.466060996 0.009607865 -0.000665631 0.999953628 55.425117493
0.999955118 0.001795318 -0.009304574 0.887410283 -0.001788534 0.999998093 0.000737321 -1.479503036 0.009305880 -0.000720646 0.999956429 55.969528198
0.999953628 0.002164511 -0.009383094 0.890749753 -0.002157357 0.999997318 0.000772542 -1.494157434 0.009384742 -0.000752264 0.999955654 56.535335541
0.999957085 0.002072771 -0.009026310 0.904080927 -0.002066081 0.999997556 0.000750428 -1.512698174 0.009027844 -0.000731747 0.999958932 57.066589355
0.999956012 0.002206664 -0.009108371 0.902086973 -0.002200478 0.999997318 0.000689165 -1.520231128 0.009109866 -0.000669092 0.999958277 57.631710052
0.999956787 0.002336910 -0.008995020 0.902509034 -0.002334094 0.999997199 0.000323644 -1.532794714 0.008995751 -0.000302635 0.999959528 58.192977905
0.999958932 0.002367756 -0.008748918 0.907425046 -0.002361948 0.999996960 0.000674247 -1.550333619 0.008750487 -0.000653555 0.999961495 58.730155945
0.999957740 0.002149698 -0.008938992 0.917048037 -0.002151597 0.999997675 -0.000202790 -1.552804351 0.008938535 0.000222015 0.999960005 59.276504517
0.999957681 0.002109625 -0.008953070 0.927166343 -0.002116808 0.999997497 -0.000792861 -1.566884995 0.008951373 0.000811779 0.999959648 59.815666199
0.999956310 0.002246588 -0.009070944 0.927198529 -0.002250751 0.999997377 -0.000448757 -1.580470920 0.009069913 0.000469154 0.999958694 60.373931885
0.999952734 0.002371239 -0.009427431 0.937112749 -0.002378387 0.999996901 -0.000747057 -1.594050288 0.009425630 0.000769444 0.999955237 60.916122437
0.999956310 0.003046161 -0.008828404 0.932244718 -0.003047741 0.999995351 -0.000165530 -1.611147165 0.008827858 0.000192429 0.999961019 61.463481903
0.999958515 0.003503477 -0.008403501 0.937550485 -0.003500987 0.999993861 0.000310933 -1.629901409 0.008404538 -0.000281500 0.999964595 62.008457184
0.999956608 0.003063976 -0.008799560 0.941508114 -0.003067520 0.999995232 -0.000389286 -1.639477730 0.008798325 0.000416261 0.999961197 62.566806793
0.999962389 0.002802212 -0.008204379 0.942892790 -0.002806621 0.999995947 -0.000526043 -1.655798912 0.008202872 0.000549049 0.999966204 63.118869781
0.999962628 0.003453094 -0.007925449 0.936913431 -0.003456237 0.999993980 -0.000382941 -1.669690847 0.007924077 0.000410319 0.999968529 63.669586182
0.999961138 0.003362814 -0.008163216 0.942918122 -0.003366504 0.999994159 -0.000438330 -1.693531752 0.008161696 0.000465794 0.999966562 64.224609375
0.999964356 0.003478097 -0.007700686 0.941897869 -0.003479523 0.999993920 -0.000171866 -1.710401177 0.007700041 0.000198654 0.999970317 64.768646240
0.999961376 0.003498879 -0.008061876 0.952773392 -0.003494905 0.999993861 0.000506799 -1.731215596 0.008063599 -0.000478604 0.999967396 65.319908142
0.999962330 0.003736662 -0.007838314 0.961515307 -0.003736118 0.999993086 0.000084086 -1.747022152 0.007838575 -0.000054798 0.999969363 65.869087219
0.999964178 0.003454911 -0.007724009 0.961607218 -0.003452688 0.999993980 0.000301266 -1.760915875 0.007725004 -0.000274587 0.999970138 66.430786133
0.999964356 0.003813536 -0.007522869 0.968263149 -0.003814685 0.999992728 -0.000138370 -1.772094011 0.007522287 0.000167063 0.999971688 66.979156494
0.999961793 0.004247116 -0.007628853 0.971242428 -0.004243912 0.999990880 0.000436223 -1.795305848 0.007630635 -0.000403830 0.999970794 67.524856567
0.999963582 0.003837759 -0.007601551 0.977760494 -0.003832378 0.999992371 0.000722294 -1.811948180 0.007604264 -0.000693136 0.999970794 68.067993164
0.999963582 0.004355819 -0.007333165 0.975008130 -0.004352586 0.999990344 0.000456910 -1.824477673 0.007335085 -0.000424975 0.999972999 68.608650208
0.999965250 0.004356601 -0.007107934 0.984746933 -0.004352363 0.999990344 0.000611573 -1.844502687 0.007110530 -0.000580616 0.999974549 69.156921387
0.999965072 0.003956586 -0.007370055 0.993476570 -0.003953401 0.999992073 0.000446716 -1.848201275 0.007371764 -0.000417563 0.999972761 69.713325500
0.999965787 0.003921772 -0.007287632 1.006709695 -0.003922408 0.999992251 -0.000072985 -1.862191916 0.007287291 0.000101568 0.999973476 70.248802185
0.999967873 0.004293528 -0.006769098 1.005420685 -0.004295325 0.999990761 -0.000250817 -1.868211865 0.006767959 0.000279884 0.999977052 70.809829712
0.999965668 0.004140043 -0.007173602 1.017379284 -0.004141437 0.999991417 -0.000179492 -1.883463025 0.007172798 0.000209195 0.999974251 71.349044800
0.999962687 0.005118797 -0.006961582 1.009869814 -0.005126952 0.999986172 -0.001154157 -1.877422929 0.006955578 0.001189805 0.999975085 71.875167847
0.999970317 0.004294052 -0.006388686 1.015613914 -0.004287951 0.999990284 0.000968437 -1.934871793 0.006392783 -0.000941014 0.999979138 72.466918945
0.999968648 0.003961886 -0.006854518 1.025123119 -0.003958980 0.999992132 0.000437573 -1.948434949 0.006856197 -0.000410423 0.999976456 73.017440796
0.999970973 0.004724650 -0.005973855 1.020801783 -0.004720629 0.999988616 0.000686985 -1.964543462 0.005977033 -0.000658765 0.999981940 73.556999207
0.999969006 0.005122124 -0.005986534 1.025725603 -0.005116164 0.999986351 0.001010517 -1.982316494 0.005991628 -0.000979858 0.999981582 74.099670410
0.999969661 0.005047326 -0.005935471 1.035081863 -0.005046536 0.999987245 0.000148186 -1.990619779 0.005936143 -0.000118228 0.999982357 74.643943787
0.999970436 0.004607172 -0.006158676 1.048690319 -0.004601716 0.999989033 0.000899798 -2.008698702 0.006162754 -0.000871430 0.999980628 75.183670044
0.999971271 0.004251606 -0.006277295 1.055353999 -0.004244046 0.999990284 0.001217055 -2.025742531 0.006282408 -0.001190379 0.999979556 75.720451355
0.999973118 0.004105454 -0.006096746 1.061078668 -0.004101428 0.999991298 0.000672983 -2.038950443 0.006099457 -0.000647960 0.999981105 76.272468567
0.999973714 0.004694366 -0.005526300 1.062359095 -0.004694781 0.999988914 -0.000062075 -2.045839787 0.005525947 0.000088018 0.999984682 76.828781128
0.999974787 0.004610882 -0.005392167 1.065180063 -0.004607224 0.999989152 0.000690599 -2.069986105 0.005395293 -0.000665739 0.999985158 77.375968933
0.999974012 0.004403764 -0.005699498 1.076425076 -0.004401462 0.999990225 0.000416572 -2.080032825 0.005701276 -0.000391475 0.999983609 77.927848816
0.999974549 0.003968264 -0.005931251 1.083639026 -0.003964342 0.999991894 0.000672660 -2.101329327 0.005933872 -0.000649129 0.999982178 78.461601257
0.999978662 0.003557186 -0.005467128 1.092177868 -0.003557705 0.999993682 -0.000085299 -2.110291243 0.005466790 0.000104748 0.999985099 79.014892578
0.999974787 0.004421464 -0.005561498 1.099529266 -0.004419093 0.999990165 0.000438409 -2.128350019 0.005563381 -0.000413821 0.999984443 79.551216125
0.999975085 0.004672198 -0.005294548 1.104833841 -0.004667263 0.999988675 0.000944175 -2.147234917 0.005298899 -0.000919441 0.999985516 80.092658997
0.999969959 0.004762849 -0.006117746 1.123689175 -0.004761956 0.999988675 0.000160786 -2.157256842 0.006118443 -0.000131649 0.999981225 80.640838623
0.999976516 0.005026964 -0.004651839 1.127771854 -0.005025213 0.999987304 0.000388035 -2.173170328 0.004653730 -0.000364649 0.999989092 81.199371338
0.999981105 0.005284813 -0.003145759 1.135615468 -0.005283324 0.999985874 0.000481629 -2.191445827 0.003148260 -0.000465000 0.999994934 81.742462158
0.999984682 0.004986099 -0.002414581 1.145183802 -0.004985203 0.999987483 0.000376917 -2.206290245 0.002416430 -0.000364875 0.999997020 82.278594971
0.999986947 0.005022909 -0.000938140 1.154418707 -0.005022546 0.999987245 0.000388845 -2.222773790 0.000940081 -0.000384128 0.999999464 82.815910339
0.999987721 0.004661614 0.001668600 1.176867366 -0.004662011 0.999989033 0.000234177 -2.236248016 -0.001667489 -0.000241953 0.999998569 83.371482849
0.999967337 0.005188430 0.006201319 1.186216593 -0.005191608 0.999986410 0.000496564 -2.254523516 -0.006198658 -0.000528742 0.999980628 83.897857666
0.999940813 0.005469375 0.009407400 1.199129701 -0.005477286 0.999984682 0.000815470 -2.275602341 -0.009402796 -0.000866949 0.999955416 84.442153931
0.999882698 0.005581961 0.014270925 1.217962623 -0.005590799 0.999984145 0.000579459 -2.287034988 -0.014267468 -0.000659177 0.999897957 84.996292114
0.999786377 0.005417651 0.019946814 1.249641180 -0.005437943 0.999984741 0.000963176 -2.305784702 -0.019941291 -0.001071439 0.999800563 85.543365479
0.999663055 0.005265438 0.025416745 1.283213854 -0.005290991 0.999985695 0.000938226 -2.324776411 -0.025411438 -0.001072389 0.999676526 86.088050842
0.999494255 0.004738889 0.031444527 1.311144829 -0.004776914 0.999987960 0.001134303 -2.338196516 -0.031438775 -0.001283937 0.999504924 86.628257751
0.999210358 0.005250114 0.039384123 1.345171690 -0.005287955 0.999985576 0.000856734 -2.351439238 -0.039379060 -0.001064320 0.999223769 87.189155579
0.998840094 0.005109480 0.047878809 1.388971567 -0.005149141 0.999986410 0.000705053 -2.367755890 -0.047874566 -0.000950770 0.998852909 87.741577148
0.998471558 0.004730721 0.055066638 1.433589697 -0.004776608 0.999988377 0.000701710 -2.382576466 -0.055062678 -0.000963670 0.998482466 88.279251099
0.997962356 0.004440929 0.063650362 1.491186619 -0.004492619 0.999989688 0.000668988 -2.396781921 -0.063646734 -0.000953582 0.997972012 88.835937500
0.997238219 0.004187061 0.074151553 1.551905632 -0.004234947 0.999990940 0.000488554 -2.409703255 -0.074148826 -0.000801232 0.997246802 89.371322632
0.996555984 0.004287334 0.082810573 1.617352486 -0.004371650 0.999990046 0.000836870 -2.431805134 -0.082806163 -0.001196007 0.996564865 89.919021606
0.995877206 0.004346502 0.090607166 1.676972866 -0.004368855 0.999990404 0.000048378 -2.439459085 -0.090606101 -0.000444028 0.995886624 90.492462158
0.994866014 0.003946783 0.101123713 1.758454800 -0.003980219 0.999992073 0.000128874 -2.448254824 -0.101122394 -0.000530707 0.994873822 91.042304993
0.993680894 0.004397289 0.112155773 1.829440117 -0.004455504 0.999990046 0.000268413 -2.469554186 -0.112153485 -0.000766428 0.993690610 91.600868225
0.992616475 0.003821625 0.121234886 1.914340019 -0.003843321 0.999992609 -0.000054884 -2.485281467 -0.121234216 -0.000411466 0.992623806 92.151176453
0.991181076 0.004127601 0.132449865 2.006978035 -0.004220901 0.999991000 0.000423662 -2.501483679 -0.132446900 -0.000978983 0.991189539 92.699066162
0.989502549 0.003450752 0.144474283 2.104482651 -0.003509330 0.999993861 0.000150611 -2.512956619 -0.144472897 -0.000656038 0.989508569 93.254188538
0.987850249 0.003424092 0.155370876 2.208038330 -0.003549078 0.999993563 0.000527052 -2.534495354 -0.155368045 -0.001072072 0.987856150 93.800720215
0.986211419 0.002667930 0.165468663 2.323798180 -0.002828041 0.999995708 0.000732031 -2.548063278 -0.165465966 -0.001189890 0.986214757 94.318130493
0.983913362 0.002730416 0.178625554 2.440188408 -0.002822435 0.999995947 0.000261028 -2.555674553 -0.178624079 -0.000760988 0.983917117 94.853317261
0.981559873 0.002679053 0.191136286 2.556601524 -0.002716352 0.999996305 -0.000066868 -2.566499233 -0.191135794 -0.000453559 0.981563509 95.401412964
0.979741454 0.002913400 0.200245366 2.684864044 -0.002872971 0.999995768 -0.000492488 -2.573429823 -0.200245962 -0.000092788 0.979745686 95.953208923
0.976596475 0.002210586 0.215068355 2.827133179 -0.002312135 0.999997318 0.000220598 -2.594888449 -0.215067282 -0.000712702 0.976598918 96.464210510
0.973645687 0.001990484 0.228057370 2.967714310 -0.002178374 0.999997437 0.000572159 -2.613378763 -0.228055686 -0.001053875 0.973647535 96.997100830
0.971000195 0.002043490 0.239069626 3.115327835 -0.002212645 0.999997437 0.000439176 -2.625492096 -0.239068121 -0.000955416 0.971002340 97.536018372
0.967932940 0.001977033 0.251201063 3.269645691 -0.002129167 0.999997675 0.000333845 -2.638700962 -0.251199812 -0.000857989 0.967934906 98.050285339
0.964168549 0.002158465 0.265281677 3.436077118 -0.002596512 0.999995768 0.001300574 -2.679583073 -0.265277803 -0.001942779 0.964170218 98.592041016
0.960752189 0.001418622 0.277404636 3.610742569 -0.001680724 0.999998271 0.000707048 -2.691703320 -0.277403176 -0.001145539 0.960753024 99.105949402
0.957465529 0.001233362 0.288544953 3.797105789 -0.001421774 0.999998868 0.000443394 -2.700384378 -0.288544148 -0.000834780 0.957466245 99.650360107
0.953139722 0.000417006 0.302530497 3.979249954 -0.000837448 0.999998868 0.001260039 -2.726393700 -0.302529693 -0.001454346 0.953138888 100.161094666
0.948828042 -0.000286995 0.315793127 4.180175781 -0.000075699 0.999999404 0.001136251 -2.742770433 -0.315793276 -0.001102012 0.948827386 100.652709961
0.944796622 -0.000174616 0.327657223 4.370033264 -0.000144837 0.999999642 0.000950559 -2.748032331 -0.327657282 -0.000945542 0.944796324 101.200042725
0.940063715 -0.000484710 0.340998292 4.578941345 0.000393973 0.999999881 0.000335340 -2.757260799 -0.340998501 -0.000180898 0.940063894 101.719314575
0.934984326 -0.000214926 0.354689091 4.802049637 -0.000213694 0.999999285 0.001169268 -2.782700300 -0.354688972 -0.001169043 0.934983611 102.227821350
0.930137396 -0.000353182 0.367211491 5.022245407 -0.000295838 0.999998450 0.001711146 -2.804176569 -0.367211491 -0.001700236 0.930135906 102.730697632
0.925472140 -0.001685053 0.378811985 5.251523972 0.001441346 0.999998510 0.000926913 -2.806304455 -0.378812999 -0.000311833 0.925473154 103.256874084
0.919543386 -0.001552855 0.392985284 5.493885040 0.001231195 0.999998689 0.001070561 -2.822314739 -0.392986447 -0.000500586 0.919544101 103.754066467
0.913808644 -0.002305358 0.406138480 5.736572266 0.002121919 0.999997318 0.000901968 -2.834691525 -0.406139553 0.000037567 0.913811088 104.242134094
0.908684552 -0.002309439 0.417477101 5.979999542 0.001988358 0.999997318 0.001203999 -2.853240490 -0.417478740 -0.000263962 0.908686697 104.736007690
0.902687967 -0.003787239 0.430279136 6.263874054 0.003698892 0.999992549 0.001041802 -2.866445303 -0.430279940 0.000651134 0.902695239 105.225173950
0.896019995 -0.003622751 0.443998903 6.511402130 0.003472006 0.999993324 0.001152568 -2.880653620 -0.444000125 0.000508843 0.896026611 105.706443787
0.889915109 -0.004270033 0.456106156 6.788284302 0.004206148 0.999990463 0.001155165 -2.897724152 -0.456106812 0.000890451 0.889924586 106.191116333
0.884247303 -0.004744208 0.466994941 7.061260223 0.004463708 0.999988616 0.001706941 -2.912155151 -0.466997772 0.000575171 0.884258270 106.679313660
0.877106428 -0.004757489 0.480272532 7.337749481 0.004728354 0.999988019 0.001270449 -2.925590754 -0.480272800 0.001156579 0.877118409 107.151863098
0.870236158 -0.005154642 0.492607892 7.632152557 0.005496443 0.999984622 0.000753864 -2.938412189 -0.492604136 0.002051551 0.870251119 107.608352661
