1.000000000 0.000000000 0.000000000 0.000000000 0.000000000 1.000000000 0.000000000 0.000000000 0.000000000 0.000000000 1.000000000 0.000000000
1.000000000 -0.000000175 0.000127272 -0.000877275 0.000000174 1.000000000 0.000011083 0.000152364 -0.000127272 -0.000011083 1.000000000 0.000263630
1.000000000 0.000083710 0.000151211 -0.001346078 -0.000083719 1.000000000 0.000058733 0.000818323 -0.000151206 -0.000058745 1.000000000 0.001645097
1.000000000 0.000199049 -0.000006023 0.000077036 -0.000199048 0.999999940 0.000167687 -0.001204443 0.000006056 -0.000167686 1.000000000 -0.000372471
0.999999940 0.000247366 0.000141612 -0.001147361 -0.000247381 0.999999940 0.000105967 -0.000166097 -0.000141586 -0.000106002 1.000000000 0.000359405
1.000000000 -0.000012165 0.000022590 -0.000608452 0.000012163 1.000000000 0.000059564 -0.000028774 -0.000022591 -0.000059564 1.000000000 -0.000707606
1.000000000 0.000050601 0.000162667 -0.001920981 -0.000050605 1.000000000 0.000025262 0.000650046 -0.000162666 -0.000025270 1.000000000 0.002272907
1.000000000 -0.000045567 0.000179450 -0.001352212 0.000045555 1.000000000 0.000066369 0.000877850 -0.000179453 -0.000066361 1.000000000 0.003107173
1.000000000 -0.000013083 0.000142469 -0.001422759 0.000013086 1.000000000 -0.000018164 0.001119756 -0.000142469 0.000018166 1.000000000 0.002762161
1.000000000 -0.000074915 0.000189854 -0.001004888 0.000074907 1.000000000 0.000041968 0.000156419 -0.000189857 -0.000041953 1.000000000 0.000252358
1.000000000 -0.000152509 0.000179240 -0.000747434 0.000152512 1.000000000 -0.000015835 0.001556373 -0.000179238 0.000015862 1.000000000 0.002588807
1.000000000 0.000009456 0.000086630 -0.000462563 -0.000009462 1.000000000 0.000062701 -0.000118700 -0.000086630 -0.000062702 1.000000000 0.000492600
1.000000000 0.000041564 0.000167326 -0.001549565 -0.000041562 1.000000000 -0.000013128 0.001697832 -0.000167327 0.000013121 1.000000000 0.004136380
0.999999940 -0.000101072 0.000262066 -0.002302569 0.000101026 1.000000000 0.000174422 0.000886316 -0.000262084 -0.000174396 0.999999940 0.003899793
1.000000000 -0.000026029 0.000164215 -0.001949528 0.000026016 1.000000000 0.000078404 0.001082671 -0.000164217 -0.000078400 1.000000000 0.003518410
1.000000000 0.000165119 0.000118132 -0.001678648 -0.000165131 1.000000000 0.000096473 0.000006763 -0.000118116 -0.000096492 1.000000000 0.002298196
1.000000000 0.000075887 0.000157810 -0.001482939 -0.000075910 1.000000000 0.000145172 -0.001061229 -0.000157799 -0.000145184 1.000000000 0.000163391
0.999999940 0.000173186 0.000321193 -0.001874749 -0.000173228 1.000000000 0.000130504 -0.000187139 -0.000321170 -0.000130560 0.999999940 0.001192171
0.999999940 0.000211537 0.000272411 -0.003138954 -0.000211563 1.000000000 0.000093092 0.000357198 -0.000272392 -0.000093150 0.999999940 0.002836315
0.999999940 0.000162851 0.000192241 -0.002096003 -0.000162867 1.000000000 0.000084289 0.000747744 -0.000192227 -0.000084320 1.000000000 0.003389472
0.999999881 0.000367540 0.000326269 -0.002595437 -0.000367626 0.999999881 0.000263730 -0.000785176 -0.000326172 -0.000263850 0.999999940 0.001255745
0.999999821 0.000487933 0.000378488 -0.003282151 -0.000487982 0.999999881 0.000128821 -0.000148695 -0.000378425 -0.000129006 0.999999940 0.001526753
0.999999940 0.000109621 0.000237283 -0.002506178 -0.000109644 1.000000000 0.000096447 0.000572415 -0.000237272 -0.000096473 0.999999940 0.002576172
0.999999940 0.000104960 0.000330040 -0.001716279 -0.000105005 1.000000000 0.000137085 -0.000472917 -0.000330026 -0.000137120 0.999999940 0.001664804
0.999999940 0.000083070 0.000278538 -0.002279171 -0.000083082 1.000000000 0.000043012 0.000279144 -0.000278534 -0.000043035 0.999999940 0.000225790
0.999999940 0.000065759 0.000257490 -0.001319316 -0.000065754 1.000000000 -0.000021801 0.001222454 -0.000257491 0.000021784 0.999999940 0.001959575
0.999999940 0.000055388 0.000284306 -0.001996205 -0.000055414 1.000000000 0.000093483 0.000117847 -0.000284301 -0.000093499 0.999999940 0.000975629
0.999999940 0.000028677 0.000242917 -0.000867202 -0.000028682 1.000000000 0.000020090 0.000796839 -0.000242916 -0.000020097 1.000000000 0.001147563
0.999999881 0.000240657 0.000366350 -0.003133152 -0.000240646 1.000000000 -0.000030265 0.001091521 -0.000366357 0.000030177 0.999999940 0.001169794
0.999999940 0.000125464 0.000329137 -0.003654348 -0.000125476 1.000000000 0.000037482 0.001727336 -0.000329132 -0.000037523 0.999999940 0.003664926
0.999999940 0.000195340 0.000343459 -0.002983938 -0.000195374 1.000000000 0.000097786 0.000804738 -0.000343440 -0.000097854 0.999999940 0.002879225
0.999999940 0.000078083 0.000281718 -0.001669114 -0.000078124 1.000000000 0.000145973 0.000167416 -0.000281707 -0.000145995 0.999999940 0.001277252
0.999999881 0.000238121 0.000379571 -0.003802715 -0.000238128 1.000000000 0.000019336 0.001669863 -0.000379566 -0.000019427 0.999999940 0.003516933
0.999999881 0.000247788 0.000445381 -0.003011917 -0.000247797 0.999999940 0.000019049 0.001463026 -0.000445376 -0.000019160 0.999999881 0.003551758
0.999999940 0.000152660 0.000266995 -0.000965282 -0.000152696 1.000000000 0.000133238 -0.000201854 -0.000266974 -0.000133279 0.999999940 0.000293060
0.999999881 0.000199316 0.000379463 -0.003183855 -0.000199293 1.000000000 -0.000060084 0.003184618 -0.000379475 0.000060008 0.999999940 0.005537475
0.999999940 0.000170557 0.000307379 -0.003417234 -0.000170529 1.000000000 -0.000090129 0.004669005 -0.000307395 0.000090076 0.999999940 0.007108927
0.999999940 -0.000095851 0.000271469 -0.001334460 0.000095849 1.000000000 0.000006908 0.001584207 -0.000271470 -0.000006882 0.999999940 0.002741391
0.999999940 0.000231949 0.000340886 -0.002663768 -0.000231989 0.999999940 0.000118430 0.001174723 -0.000340859 -0.000118509 0.999999940 0.003150665
0.999999940 -0.000052874 0.000247469 -0.001308140 0.000052864 1.000000000 0.000043314 0.001510751 -0.000247471 -0.000043301 0.999999940 0.002840964
0.999999881 0.000067855 0.000439461 -0.002888082 -0.000067844 1.000000000 -0.000025222 0.001775888 -0.000439463 0.000025192 0.999999881 0.004794081
0.999999940 -0.000232867 0.000271508 -0.000356769 0.000233083 0.999999642 -0.000796630 0.000971210 -0.000271323 0.000796693 0.999999642 0.054845203
0.999999940 0.000176432 0.000367795 -0.001404119 -0.000176028 0.999999404 -0.001096649 -0.005914236 -0.000367988 0.001096584 0.999999344 0.132878259
1.000000000 0.000154781 0.000089711 0.003078459 -0.000154630 0.999998569 -0.001675640 -0.003101396 -0.000089970 0.001675626 0.999998569 0.255881310
0.999999940 0.000250033 0.000105869 0.004297622 -0.000249909 0.999999285 -0.001171807 -0.012296385 -0.000106162 0.001171781 0.999999285 0.386313975
0.999999940 0.000178810 0.000192785 0.008309942 -0.000178629 0.999999523 -0.000937829 -0.017716197 -0.000192953 0.000937794 0.999999523 0.524520695
0.999999940 0.000368772 0.000119665 0.012567735 -0.000368671 0.999999583 -0.000840497 -0.025458384 -0.000119975 0.000840453 0.999999642 0.667179108
0.999999881 0.000338574 0.000320966 0.016121821 -0.000338309 0.999999583 -0.000825431 -0.026079360 -0.000321245 0.000825323 0.999999583 0.839391887
1.000000000 0.000153009 0.000031207 0.018534020 -0.000152990 0.999999821 -0.000610658 -0.028502077 -0.000031301 0.000610654 0.999999821 1.015342355
1.000000000 -0.000106584 -0.000093544 0.023195591 0.000106554 0.999999940 -0.000317925 -0.034082737 0.000093578 0.000317915 0.999999940 1.192041397
0.999999881 0.000353739 0.000356889 0.016535835 -0.000353495 0.999999702 -0.000682511 -0.032892846 -0.000357130 0.000682385 0.999999702 1.371868610
1.000000000 -0.000039941 0.000001173 0.036724657 0.000039941 1.000000000 0.000229473 -0.053077042 -0.000001182 -0.000229473 1.000000000 1.566483736
0.999999940 0.000322283 0.000236824 0.037418757 -0.000322286 0.999999940 0.000012694 -0.053209070 -0.000236820 -0.000012770 1.000000000 1.759718418
0.999999940 -0.000104786 -0.000386464 0.045108728 0.000104702 1.000000000 -0.000217476 -0.055004645 0.000386487 0.000217435 0.999999881 1.957284808
0.999999940 0.000219191 0.000206885 0.041923612 -0.000219134 0.999999940 -0.000274731 -0.063816480 -0.000206945 0.000274686 0.999999940 2.164180994
0.999998152 0.001739696 0.000723633 0.037594631 -0.001738104 0.999996066 -0.002193741 -0.041596219 -0.000727447 0.002192479 0.999997318 2.370854616
0.999998629 0.001643901 0.000174223 0.051843345 -0.001643629 0.999997437 -0.001544773 -0.053141519 -0.000176762 0.001544484 0.999998808 2.585300446
0.999997973 0.001938593 0.000490270 0.052939694 -0.001937588 0.999996006 -0.002043213 -0.057025533 -0.000494229 0.002042260 0.999997795 2.811754227
0.999998391 0.001781413 0.000166716 0.063400902 -0.001781137 0.999997020 -0.001640121 -0.066458635 -0.000169637 0.001639822 0.999998569 3.046326399
0.999998629 0.001628468 0.000295628 0.062179208 -0.001627774 0.999995887 -0.002332606 -0.064751886 -0.000299425 0.002332122 0.999997258 3.287269115
0.999998450 0.001714295 0.000431515 0.070715256 -0.001713474 0.999996722 -0.001896245 -0.077394135 -0.000434764 0.001895503 0.999998093 3.519901991
0.999998748 0.001540689 0.000126798 0.078205906 -0.001540420 0.999996603 -0.002088109 -0.082801126 -0.000130015 0.002087912 0.999997795 3.777194500
0.999998927 0.001445594 0.000323937 0.083529800 -0.001444872 0.999996483 -0.002216302 -0.088531062 -0.000327139 0.002215832 0.999997497 4.040914059
0.999999166 0.001330925 0.000215464 0.085975431 -0.001330534 0.999997497 -0.001803374 -0.097940400 -0.000217864 0.001803086 0.999998331 4.297347546
0.999998152 0.001853015 0.000456420 0.087083057 -0.001852033 0.999996006 -0.002142035 -0.099688455 -0.000460388 0.002141186 0.999997616 4.539033413
0.999997616 0.002124299 0.000548198 0.094591469 -0.002123359 0.999996364 -0.001710259 -0.110457748 -0.000551829 0.001709091 0.999998391 4.793756485
0.999998033 0.001845188 0.000541241 0.097663172 -0.001844152 0.999996424 -0.001907540 -0.114732392 -0.000544758 0.001906538 0.999998093 5.067742348
0.999998093 0.001924286 0.000302220 0.106696233 -0.001923616 0.999995708 -0.002202855 -0.119464815 -0.000306457 0.002202270 0.999997497 5.317899227
0.999997377 0.002134407 0.000802999 0.108701065 -0.002132438 0.999994695 -0.002444713 -0.125766367 -0.000808213 0.002442995 0.999996722 5.586854935
0.999997377 0.002236539 0.000527317 0.116307572 -0.002235509 0.999995530 -0.001947026 -0.136984050 -0.000531670 0.001945842 0.999998033 5.866183758
0.999997199 0.002277585 0.000635814 0.120822884 -0.002276443 0.999995768 -0.001790963 -0.146232128 -0.000639891 0.001789510 0.999998271 6.142931938
0.999997854 0.002038161 0.000280495 0.129270002 -0.002037641 0.999996245 -0.001841353 -0.156822234 -0.000284247 0.001840778 0.999998271 6.401131630
0.999998808 0.001472594 0.000245669 0.134522468 -0.001472167 0.999997318 -0.001731780 -0.165705428 -0.000248219 0.001731416 0.999998510 6.689392090
0.999997497 0.002139305 0.000622968 0.139604852 -0.002138224 0.999996245 -0.001730299 -0.177543402 -0.000626667 0.001728962 0.999998331 6.984408855
0.999998450 0.001675298 0.000274834 0.148324043 -0.001674781 0.999996781 -0.001871165 -0.183581725 -0.000277968 0.001870702 0.999998212 7.286399364
0.999997795 0.002068160 0.000219615 0.158360243 -0.002067712 0.999995828 -0.002021947 -0.195302978 -0.000223796 0.002021488 0.999997973 7.592778206
0.999997199 0.002264079 0.000705670 0.154151961 -0.002262329 0.999994397 -0.002470980 -0.196574807 -0.000711260 0.002469377 0.999996662 7.897557735
0.999997199 0.002169217 0.000949193 0.159674123 -0.002166780 0.999994397 -0.002559770 -0.201151371 -0.000954741 0.002557706 0.999996245 8.225089073
0.999997616 0.002064512 0.000831889 0.166031182 -0.002062416 0.999994755 -0.002513191 -0.214562997 -0.000837073 0.002511470 0.999996543 8.549121857
0.999996364 0.002275750 0.001456385 0.163983971 -0.002271591 0.999993384 -0.002851086 -0.220264643 -0.001462864 0.002847768 0.999994874 8.892251015
0.999997616 0.002004027 0.000913256 0.182135686 -0.002001691 0.999994814 -0.002552706 -0.234714746 -0.000918367 0.002550872 0.999996305 9.233378410
0.999996901 0.002243518 0.001015753 0.182600424 -0.002241753 0.999995947 -0.001735444 -0.257382363 -0.001019642 0.001733162 0.999997973 9.548218727
0.999998033 0.001882665 0.000676536 0.194503322 -0.001881290 0.999996185 -0.002028052 -0.266618550 -0.000680352 0.002026775 0.999997675 9.889496803
0.999997437 0.002151306 0.000719892 0.200918749 -0.002149841 0.999995589 -0.002029700 -0.277565688 -0.000724255 0.002028147 0.999997675 10.251416206
0.999996841 0.002329069 0.000924898 0.205769822 -0.002327562 0.999995947 -0.001627220 -0.293122858 -0.000928684 0.001625062 0.999998212 10.588448524
0.999996603 0.002276255 0.001249503 0.211074397 -0.002273996 0.999995768 -0.001806163 -0.300298423 -0.001253610 0.001803315 0.999997616 10.965096474
0.999995291 0.002580510 0.001637017 0.216743022 -0.002577569 0.999994993 -0.001795915 -0.312961370 -0.001641643 0.001791687 0.999997079 11.338455200
0.999997497 0.002038605 0.000927889 0.232452214 -0.002037177 0.999996722 -0.001536597 -0.325581700 -0.000931019 0.001534703 0.999998391 11.703938484
0.999996841 0.002250026 0.001096152 0.241253808 -0.002248392 0.999996364 -0.001489307 -0.340142280 -0.001099498 0.001486838 0.999998271 12.084959030
0.999997377 0.002061645 0.001014049 0.248662651 -0.002059722 0.999996006 -0.001894027 -0.346152484 -0.001017950 0.001891933 0.999997675 12.479142189
0.999997437 0.001926237 0.001246595 0.254829168 -0.001923625 0.999995947 -0.002092774 -0.356330901 -0.001250621 0.002090371 0.999997020 12.878064156
0.999996126 0.002489488 0.001208627 0.260218084 -0.002487009 0.999994814 -0.002048457 -0.368078530 -0.001213721 0.002045444 0.999997199 13.282567024
0.999996841 0.002117532 0.001348938 0.268705130 -0.002114906 0.999995947 -0.001945012 -0.376556307 -0.001353051 0.001942152 0.999997258 13.699809074
0.999996662 0.002027324 0.001579337 0.277397662 -0.002024327 0.999996126 -0.001896604 -0.390490115 -0.001583176 0.001893400 0.999996960 14.114286423
0.999996901 0.002034790 0.001474653 0.290727645 -0.002031947 0.999996066 -0.001926925 -0.403899550 -0.001478568 0.001923923 0.999997079 14.527783394
0.999997020 0.001843338 0.001601086 0.300084800 -0.001840706 0.999996960 -0.001643563 -0.420518160 -0.001604111 0.001640611 0.999997377 14.957815170
0.999996722 0.001754471 0.001858070 0.311440885 -0.001751264 0.999996960 -0.001726073 -0.432796925 -0.001861093 0.001722814 0.999996781 15.388569832
0.999996185 0.001608289 0.002250890 0.321476549 -0.001604052 0.999996901 -0.001882678 -0.444252461 -0.002253912 0.001879061 0.999995649 15.827121735
0.999996364 0.001453265 0.002266659 0.334039986 -0.001449810 0.999997735 -0.001525471 -0.460284173 -0.002268871 0.001522179 0.999996245 16.267431259
0.999994993 0.001677387 0.002730531 0.340674371 -0.001672463 0.999996960 -0.001805078 -0.473693013 -0.002733550 0.001800502 0.999994576 16.714654922
0.999993384 0.001900189 0.003130484 0.351258934 -0.001896712 0.999997616 -0.001113457 -0.493030041 -0.003132592 0.001107512 0.999994457 17.166620255
0.999992192 0.002078227 0.003355266 0.355610371 -0.002073848 0.999997020 -0.001307962 -0.502244532 -0.003357974 0.001300993 0.999993503 17.634458542
0.999991357 0.002220403 0.003512757 0.368627071 -0.002215449 0.999996543 -0.001413760 -0.517246425 -0.003515886 0.001405966 0.999992788 18.099040985
0.999991000 0.002018450 0.003718670 0.380189896 -0.002014770 0.999997437 -0.000992922 -0.531851530 -0.003720667 0.000985421 0.999992549 18.571220398
0.999990404 0.002132360 0.003857150 0.395145774 -0.002126343 0.999996483 -0.001563498 -0.541806459 -0.003860470 0.001555281 0.999991298 19.039653778
0.999990582 0.001610937 0.004045498 0.411452949 -0.001604896 0.999997616 -0.001496080 -0.557944715 -0.004047898 0.001489573 0.999990761 19.517360687
0.999989808 0.001847241 0.004127741 0.415564895 -0.001841865 0.999997437 -0.001305746 -0.568335950 -0.004130143 0.001298130 0.999990582 20.023527145
0.999991238 0.001614481 0.003851474 0.428001106 -0.001607119 0.999996901 -0.001913937 -0.577100873 -0.003854552 0.001907730 0.999990702 20.498203278
0.999987900 0.002259011 0.004383588 0.431588054 -0.002247861 0.999994278 -0.002546759 -0.583395958 -0.004389315 0.002536875 0.999987125 21.005533218
0.999990940 0.001955597 0.003797312 0.443729579 -0.001948400 0.999996424 -0.001898157 -0.598177314 -0.003801011 0.001890741 0.999991000 21.510026932
0.999993324 0.001842125 0.003151513 0.449005425 -0.001837455 0.999997199 -0.001484055 -0.624886334 -0.003154238 0.001478255 0.999993920 21.998531342
0.999995470 0.001726078 0.002481937 0.469308794 -0.001723475 0.999998033 -0.001050261 -0.637915075 -0.002483745 0.001045979 0.999996305 22.503656387
0.999995410 0.002152961 0.002133573 0.472590625 -0.002149357 0.999996245 -0.001690001 -0.651934087 -0.002137203 0.001685407 0.999996305 23.026086807
0.999996364 0.002154041 0.001596114 0.481739163 -0.002150973 0.999995768 -0.001921510 -0.669349074 -0.001600247 0.001918070 0.999996901 23.548664093
0.999998987 0.001167374 0.000764033 0.494489849 -0.001165641 0.999996722 -0.002264425 -0.683547437 -0.000766674 0.002263532 0.999997139 24.072240829
0.999998331 0.001813675 0.000142898 0.504487097 -0.001813426 0.999996841 -0.001722336 -0.699676394 -0.000146021 0.001722074 0.999998510 24.607959747
0.999996662 0.002555925 -0.000314547 0.514394641 -0.002556430 0.999995351 -0.001612788 -0.718824029 0.000310423 0.001613586 0.999998629 25.135709763
0.999996781 0.002365871 -0.000977049 0.522383809 -0.002367919 0.999994934 -0.002099799 -0.729008138 0.000972076 0.002102106 0.999997318 25.685455322
0.999996841 0.001925449 -0.001612820 0.539939284 -0.001927814 0.999997079 -0.001465829 -0.754741549 0.001609993 0.001468934 0.999997616 26.229066849
0.999996841 0.001852555 -0.001707205 0.535947919 -0.001854618 0.999997675 -0.001208268 -0.764216483 0.001704963 0.001211431 0.999997795 26.780090332
0.999996126 0.002050751 -0.001908323 0.550618947 -0.002052712 0.999997437 -0.001026087 -0.791826963 0.001906214 0.001030000 0.999997616 27.314561844
0.999991059 0.003973763 -0.001478374 0.550472021 -0.003976447 0.999990523 -0.001817001 -0.803755999 0.001471140 0.001822864 0.999997258 27.875101089
0.999994099 0.002613391 -0.002215899 0.550483823 -0.002616258 0.999995768 -0.001292084 -0.811985910 0.002212513 0.001297874 0.999996722 28.420598984
0.999995053 0.002298273 -0.002137878 0.559902966 -0.002301056 0.999996543 -0.001300217 -0.826721847 0.002134882 0.001305130 0.999996901 28.959901810
0.999992669 0.002672284 -0.002741386 0.569908440 -0.002675608 0.999995708 -0.001209662 -0.846123219 0.002738142 0.001216989 0.999995530 29.515001297
0.999990821 0.002914458 -0.003136488 0.575014353 -0.002918141 0.999995053 -0.001170162 -0.859273732 0.003133062 0.001179304 0.999994397 30.055967331
0.999991000 0.002702719 -0.003263696 0.588959157 -0.002706908 0.999995530 -0.001279798 -0.878562987 0.003260222 0.001288621 0.999993861 30.597515106
0.999988914 0.002743867 -0.003805751 0.595675051 -0.002749024 0.999995232 -0.001350456 -0.892807066 0.003802028 0.001360902 0.999991834 31.152116776
0.999987781 0.002849522 -0.004039858 0.603815436 -0.002854064 0.999995291 -0.001119146 -0.907666922 0.004036650 0.001130663 0.999991238 31.705970764
0.999986351 0.002908304 -0.004332206 0.619063020 -0.002913254 0.999995112 -0.001136915 -0.929806232 0.004328879 0.001149520 0.999989986 32.243541718
0.999986470 0.002980944 -0.004244876 0.615639925 -0.002985827 0.999994814 -0.001144284 -0.936238587 0.004241443 0.001156944 0.999990344 32.789196014
0.999985158 0.002985612 -0.004557575 0.622931838 -0.002993297 0.999994099 -0.001680220 -0.951118588 0.004552532 0.001693838 0.999988198 33.331424713
0.999984622 0.003092039 -0.004606969 0.632265031 -0.003098345 0.999994218 -0.001362315 -0.967243493 0.004602730 0.001376567 0.999988437 33.883312225
0.999984324 0.002893395 -0.004795040 0.635867059 -0.002899701 0.999994874 -0.001308617 -0.984082043 0.004791229 0.001322500 0.999987662 34.433303833
0.999984503 0.002674893 -0.004884820 0.645703316 -0.002680634 0.999995649 -0.001168908 -1.001474500 0.004881673 0.001181984 0.999987364 34.966449738
0.999985695 0.002476709 -0.004752983 0.649879038 -0.002484183 0.999995649 -0.001567299 -1.014699697 0.004749082 0.001579083 0.999987483 35.513576508
0.999983490 0.002981156 -0.004904693 0.662758470 -0.002986571 0.999994874 -0.001096966 -1.043501854 0.004901398 0.001111596 0.999987364 36.034492493
0.999982715 0.003206556 -0.004929159 0.667259395 -0.003214113 0.999993622 -0.001525856 -1.045463681 0.004924235 0.001541673 0.999986708 36.592361450
0.999981463 0.003812068 -0.004739215 0.674135447 -0.003819081 0.999991536 -0.001471610 -1.061279535 0.004733564 0.001489682 0.999987721 37.140632629
0.999980390 0.003105977 -0.005435028 0.683164358 -0.003114917 0.999993801 -0.001637193 -1.078038931 0.005429909 0.001654090 0.999983907 37.687683105
0.999982476 0.002697269 -0.005263593 0.689398348 -0.002708371 0.999994099 -0.002103143 -1.091364980 0.005257889 0.002117362 0.999983966 38.236495972
0.999980032 0.003118711 -0.005487720 0.701132774 -0.003126399 0.999994159 -0.001392875 -1.113691449 0.005483344 0.001410004 0.999984026 38.781711578
0.999978364 0.003564459 -0.005520090 0.700832844 -0.003569857 0.999993145 -0.000968471 -1.136451721 0.005516599 0.000988156 0.999984324 39.306034088
0.999979019 0.003739099 -0.005273198 0.709527612 -0.003746098 0.999992073 -0.001318045 -1.148340583 0.005268227 0.001337772 0.999985278 39.858692169
0.999978364 0.003542813 -0.005544892 0.727621794 -0.003549323 0.999993026 -0.001164740 -1.170257807 0.005540727 0.001184396 0.999984026 40.403648376
0.999976695 0.003074310 -0.006095690 0.731380880 -0.003081405 0.999994516 -0.001155109 -1.181732178 0.006092106 0.001173865 0.999980748 40.946704865
0.999976695 0.003387219 -0.005931620 0.740593553 -0.003394776 0.999993443 -0.001264421 -1.192816257 0.005927298 0.001284527 0.999981642 41.499267578
0.999974072 0.003283975 -0.006398617 0.760652065 -0.003290209 0.999994099 -0.000963969 -1.217098713 0.006395414 0.000984997 0.999979138 42.038623810
0.999973118 0.003583177 -0.006399241 0.751408935 -0.003592020 0.999992549 -0.001371088 -1.218886375 0.006394281 0.001394037 0.999978602 42.587436676
0.999971986 0.003780242 -0.006460886 0.761371613 -0.003787388 0.999992192 -0.001094222 -1.238108158 0.006456699 0.001118661 0.999978542 43.122394562
0.999974966 0.003779891 -0.005995280 0.768828988 -0.003790256 0.999991357 -0.001718410 -1.250357628 0.005988733 0.001741091 0.999980509 43.686546326
0.999974787 0.003311144 -0.006282986 0.766644537 -0.003318145 0.999993861 -0.001104179 -1.269422293 0.006279291 0.001124999 0.999979675 44.215038300
0.999973834 0.004192184 -0.005903078 0.774040699 -0.004198894 0.999990582 -0.001124819 -1.282861829 0.005898308 0.001149576 0.999981940 44.765766144
0.999976516 0.004327123 -0.005317678 0.783587933 -0.004335319 0.999989450 -0.001530725 -1.291621923 0.005310998 0.001553743 0.999984741 45.297771454
0.999975801 0.003096190 -0.006231499 0.790553570 -0.003102465 0.999994695 -0.000997406 -1.317033410 0.006228378 0.001016715 0.999980032 45.840087891
0.999977410 0.003033547 -0.006007418 0.798868060 -0.003041847 0.999994457 -0.001372885 -1.332826614 0.006003220 0.001391127 0.999980986 46.385940552
0.999973297 0.003947617 -0.006159097 0.809133887 -0.003956595 0.999991119 -0.001446215 -1.341846108 0.006153333 0.001470545 0.999980032 46.915191650
0.999976695 0.002566225 -0.006330104 0.802334309 -0.002577290 0.999995112 -0.001740639 -1.350306034 0.006325607 0.001756913 0.999978423 47.462787628
0.999976337 0.003307594 -0.006037863 0.803808212 -0.003317808 0.999993086 -0.001682501 -1.365305066 0.006032256 0.001702494 0.999980330 48.012615204
0.999977231 0.002728508 -0.006169326 0.822041273 -0.002739593 0.999994636 -0.001789123 -1.379278779 0.006164411 0.001805983 0.999979377 48.560474396
0.999977529 0.002668501 -0.006151195 0.814692855 -0.002680551 0.999994516 -0.001951393 -1.390143871 0.006145955 0.001967838 0.999979138 49.084461212
0.999976397 0.003336875 -0.005997539 0.825475156 -0.003350005 0.999992073 -0.002180280 -1.407736421 0.005990217 0.002200320 0.999979615 49.630352020
0.999977827 0.003550248 -0.005643125 0.828921020 -0.003558710 0.999992549 -0.001490314 -1.429492950 0.005637792 0.001510364 0.999983013 50.166984558
0.999978304 0.002540796 -0.006096768 0.834535599 -0.002553458 0.999994576 -0.002069763 -1.442170382 0.006091477 0.002085286 0.999979258 50.707885742
0.999979436 0.002653771 -0.005829309 0.841522455 -0.002663645 0.999994934 -0.001686668 -1.460108519 0.005824803 0.001702161 0.999981642 51.264369965
0.999975443 0.002369608 -0.006589862 0.860089540 -0.002383061 0.999995112 -0.002034462 -1.475264549 0.006585008 0.002050116 0.999976218 51.791957855
0.999978125 0.002301160 -0.006209455 0.865719318 -0.002316965 0.999994099 -0.002539297 -1.488356233 0.006203576 0.002553628 0.999977529 52.347236633
0.999977946 0.002170912 -0.006280903 0.871622562 -0.002182320 0.999995947 -0.001810108 -1.509845853 0.006276948 0.001823775 0.999978662 52.867725372
0.999976635 0.002122340 -0.006500687 0.879889488 -0.002135120 0.999995828 -0.001959478 -1.526740670 0.006496502 0.001973313 0.999976933 53.408493042
0.999981582 0.002407155 -0.005580553 0.879009366 -0.002419012 0.999994874 -0.002118787 -1.540018559 0.005575425 0.002132248 0.999982119 53.955627441
0.999976754 0.002679578 -0.006273428 0.891808152 -0.002692944 0.999994099 -0.002123015 -1.554101706 0.006267703 0.002139860 0.999978006 54.492530823
0.999977469 0.002603119 -0.006185031 0.892883599 -0.002616769 0.999994040 -0.002199904 -1.571935296 0.006179268 0.002216039 0.999978423 55.043716431
0.999976575 0.002605861 -0.006322732 0.905184627 -0.002620608 0.999993801 -0.002325334 -1.583395481 0.006316633 0.002341849 0.999977231 55.576946259
0.999974251 0.002194501 -0.006835193 0.914130390 -0.002210840 0.999994695 -0.002383834 -1.599609852 0.006829926 0.002398884 0.999973774 56.115226746
0.999975204 0.001892918 -0.006782587 0.934517622 -0.001907508 0.999995828 -0.002145372 -1.623235226 0.006778498 0.002158257 0.999974728 56.645545959
0.999974549 0.002510580 -0.006669732 0.935955644 -0.002527335 0.999993682 -0.002504739 -1.630361915 0.006663401 0.002521532 0.999974608 57.205230713
0.999971092 0.002719808 -0.007102338 0.942867398 -0.002738665 0.999992728 -0.002646718 -1.649603963 0.007095088 0.002666093 0.999971330 57.748432159
0.999974668 0.003092791 -0.006414256 0.947324693 -0.003109339 0.999991834 -0.002571325 -1.664786339 0.006406252 0.002591204 0.999976099 58.285011292
0.999975145 0.002270356 -0.006678374 0.955353260 -0.002290306 0.999992907 -0.002981240 -1.672997355 0.006671558 0.002996461 0.999973238 58.815086365
0.999975324 0.001877447 -0.006773155 0.965943336 -0.001900763 0.999992251 -0.003437613 -1.689791322 0.006766648 0.003450402 0.999971211 59.359169006
0.999977231 0.002227659 -0.006372609 0.969397783 -0.002248319 0.999992192 -0.003236669 -1.706094265 0.006365349 0.003250923 0.999974430 59.907020569
0.999972224 0.002553877 -0.006997859 0.977369249 -0.002577300 0.999991119 -0.003340298 -1.721260071 0.006989266 0.003358241 0.999969900 60.433105469
0.999975502 0.002594491 -0.006501643 0.985964417 -0.002614897 0.999991655 -0.003131962 -1.742774606 0.006493463 0.003148887 0.999973953 60.983131409
0.999977708 0.002371601 -0.006249110 0.990795135 -0.002394827 0.999990225 -0.003711873 -1.749613523 0.006240246 0.003726755 0.999973595 61.538360596
0.999970675 0.002792709 -0.007132771 1.000501871 -0.002816869 0.999990344 -0.003379430 -1.770830870 0.007123264 0.003399423 0.999968827 62.040691376
0.999972820 0.002779353 -0.006843487 1.008767247 -0.002801013 0.999991179 -0.003157593 -1.792988777 0.006834652 0.003176675 0.999971509 62.584804535
0.999976218 0.002833618 -0.006283780 1.002757549 -0.002850258 0.999992490 -0.002640623 -1.811690211 0.006276251 0.002658471 0.999976695 63.140899658
0.999973178 0.002850706 -0.006767054 1.013454199 -0.002872924 0.999990523 -0.003275682 -1.821763515 0.006757653 0.003295035 0.999971747 63.658088684
0.999973536 0.002982718 -0.006641988 1.014377713 -0.003007940 0.999988317 -0.003790569 -1.835406065 0.006630604 0.003810447 0.999970794 64.206642151
0.999973834 0.003135834 -0.006515421 1.025181055 -0.003155077 0.999990702 -0.002945314 -1.852671027 0.006506125 0.002965794 0.999974430 64.739097595
0.999973297 0.002750528 -0.006757991 1.035589695 -0.002771184 0.999991536 -0.003049113 -1.872584581 0.006749548 0.003067760 0.999972463 65.256477356
0.999973297 0.003042666 -0.006639026 1.044248581 -0.003064550 0.999989867 -0.003288598 -1.887083769 0.006628953 0.003308856 0.999972522 65.814643860
0.999976754 0.002687614 -0.006262858 1.048023224 -0.002710842 0.999989510 -0.003703299 -1.898405075 0.006252840 0.003720190 0.999973536 66.365486145
0.999972582 0.003488986 -0.006525097 1.059824347 -0.003508103 0.999989569 -0.002920532 -1.926630497 0.006514839 0.002943343 0.999974430 66.899421692
0.999972165 0.002839617 -0.006899056 1.069460750 -0.002858766 0.999992073 -0.002767385 -1.939906359 0.006891143 0.002787031 0.999972343 67.404945374
0.999970853 0.003330332 -0.006871926 1.081236839 -0.003350361 0.999990165 -0.002905205 -1.960180759 0.006862183 0.002928144 0.999972165 67.936363220
0.999969542 0.003498968 -0.006986388 1.090653539 -0.003518333 0.999989927 -0.002761507 -1.981911659 0.006976656 0.002786003 0.999971747 68.477783203
0.999971628 0.003168595 -0.006837793 1.080999970 -0.003188073 0.999990880 -0.002839645 -1.989973307 0.006828733 0.002861364 0.999972582 69.018547058
0.999972343 0.003508139 -0.006566556 1.087731242 -0.003527679 0.999989331 -0.002966527 -2.002364874 0.006556079 0.002989610 0.999974012 69.568138123
0.999976516 0.003966555 -0.005602563 1.089472294 -0.003980085 0.999989152 -0.002405521 -2.030380249 0.005592960 0.002427763 0.999981403 70.117065430
0.999972641 0.002931736 -0.006793810 1.096071839 -0.002954054 0.999990284 -0.003277475 -2.036385059 0.006784135 0.003297455 0.999971569 70.641937256
0.999970317 0.003139315 -0.007036277 1.112537861 -0.003159584 0.999990880 -0.002871499 -2.059033155 0.007027198 0.002893646 0.999971151 71.182777405
0.999974608 0.003632757 -0.006147359 1.110396862 -0.003650271 0.999989271 -0.002840263 -2.074780464 0.006136975 0.002862630 0.999977171 71.743026733
0.999971271 0.003591893 -0.006673031 1.115011930 -0.003611541 0.999989152 -0.002934641 -2.093717575 0.006662417 0.002958656 0.999973416 72.256904602
0.999974489 0.003289317 -0.006330899 1.123958588 -0.003307027 0.999990582 -0.002789103 -2.114686966 0.006321666 0.002809968 0.999976039 72.797309875
0.999973297 0.003006962 -0.006661702 1.129509211 -0.003023018 0.999992549 -0.002401675 -2.130885363 0.006654431 0.002421749 0.999974966 73.354476929
0.999972939 0.003379157 -0.006533040 1.130533218 -0.003396900 0.999990582 -0.002706705 -2.143009901 0.006523832 0.002728824 0.999975026 73.850494385
0.999971509 0.003298375 -0.006788904 1.143204808 -0.003315103 0.999991477 -0.002454539 -2.160826445 0.006780751 0.002476975 0.999973953 74.385757446
0.999969900 0.003872337 -0.006730143 1.146767616 -0.003886027 0.999990404 -0.002022434 -2.182692051 0.006722248 0.002048526 0.999975264 74.919090271
0.999974012 0.003065164 -0.006521215 1.155767560 -0.003083877 0.999991119 -0.002861237 -2.193854570 0.006512389 0.002881273 0.999974668 75.480445862
0.999964297 0.003836414 -0.007525998 1.161402464 -0.003856514 0.999989033 -0.002658159 -2.213567257 0.007515718 0.002687088 0.999968231 76.029357910
0.999974608 0.003082585 -0.006414004 1.169886589 -0.003100095 0.999991477 -0.002722026 -2.228759050 0.006405558 0.002741841 0.999975741 76.571456909
0.999971569 0.003290700 -0.006773988 1.178772926 -0.003310705 0.999990165 -0.002943999 -2.243580580 0.006764234 0.002966342 0.999972761 77.117279053
0.999970913 0.002998085 -0.007012372 1.189277172 -0.003017132 0.999991775 -0.002707364 -2.259694338 0.007004198 0.002728442 0.999971747 77.643661499
0.999975502 0.003221820 -0.006226801 1.191685200 -0.003241523 0.999989808 -0.003156924 -2.271815538 0.006216567 0.003177031 0.999975622 78.194648743
0.999972045 0.002854972 -0.006909257 1.207102299 -0.002873802 0.999992132 -0.002717091 -2.293514252 0.006901446 0.002736870 0.999972463 78.724235535
0.999974608 0.003372350 -0.006283729 1.207854509 -0.003390142 0.999990225 -0.002822882 -2.306773424 0.006274149 0.002844113 0.999976337 79.276901245
0.999968886 0.003358274 -0.007138737 1.224242806 -0.003380127 0.999989569 -0.003051464 -2.325439692 0.007128415 0.003075499 0.999969840 79.806152344
0.999977350 0.003492292 -0.005757081 1.229164839 -0.003509378 0.999989390 -0.002960539 -2.340822697 0.005746682 0.002980675 0.999979019 80.356018066
0.999982715 0.003456727 -0.004739339 1.239919424 -0.003472374 0.999988556 -0.003297304 -2.356089354 0.004727886 0.003313704 0.999983311 80.896148682
0.999987900 0.003449536 -0.003506241 1.249433041 -0.003459792 0.999989748 -0.002922531 -2.375149965 0.003496124 0.002934627 0.999989569 81.432159424
0.999991477 0.003539725 -0.002128544 1.257812023 -0.003545389 0.999990165 -0.002662428 -2.393653154 0.002119099 0.002669952 0.999994218 81.976135254
0.999992430 0.003611620 0.001474678 1.271530271 -0.003606474 0.999987423 -0.003477491 -2.406040430 -0.001487217 0.003472146 0.999992847 82.527290344
0.999986589 0.003231745 0.004061775 1.307580471 -0.003216123 0.999987423 -0.003846912 -2.405652523 -0.004074155 0.003833797 0.999984384 83.032821655
0.999957919 0.004007843 0.008250512 1.296133041 -0.003985886 0.999988496 -0.002676127 -2.442879200 -0.008261139 0.002643129 0.999962389 83.591453552
0.999898612 0.003982862 0.013668370 1.319021583 -0.003951321 0.999989450 -0.002333767 -2.465972424 -0.013677519 0.002279522 0.999903917 84.138862610
0.999813616 0.003980996 0.018887715 1.352601290 -0.003926906 0.999988139 -0.002899937 -2.480332851 -0.018899035 0.002825226 0.999817371 84.691604614
0.999704778 0.003973288 0.023971204 1.387217879 -0.003910225 0.999988794 -0.002677037 -2.497622490 -0.023981573 0.002582514 0.999709010 85.232101440
0.999553263 0.003264172 0.029708507 1.424640656 -0.003183777 0.999991119 -0.002752969 -2.512079954 -0.029717222 0.002657154 0.999554753 85.781570435
0.999273956 0.003710881 0.037918698 1.452248573 -0.003612505 0.999989867 -0.002662581 -2.530872345 -0.037928198 0.002523666 0.999277294 86.322616577
0.998936832 0.003549552 0.045963105 1.498955727 -0.003429775 0.999990463 -0.002684538 -2.546504498 -0.045972198 0.002524041 0.998939455 86.875610352
0.998562574 0.003738944 0.053468104 1.531852484 -0.003597786 0.999989808 -0.002736013 -2.563013315 -0.053477786 0.002539713 0.998565793 87.409645081
0.998066247 0.003528316 0.062059559 1.586476326 -0.003358281 0.999990344 -0.002843956 -2.577173233 -0.062068991 0.002630043 0.998068452 87.952156067
0.997382939 0.003541465 0.072213441 1.647664070 -0.003366917 0.999991119 -0.002538698 -2.599645615 -0.072221778 0.002288918 0.997385979 88.429725647
0.996696770 0.003208974 0.081149466 1.701419353 -0.002951377 0.999990344 -0.003294103 -2.604046822 -0.081159249 0.003043720 0.996696472 89.063728333
0.995986879 0.002861563 0.089453302 1.769395351 -0.002592278 0.999991715 -0.003126370 -2.624049902 -0.089461528 0.002881936 0.995986164 89.612945557
0.994978189 0.002783119 0.100052997 1.836481571 -0.002486933 0.999992132 -0.003084907 -2.641955137 -0.100060776 0.002820591 0.994977355 90.152511597
0.993798196 0.002886811 0.111160435 1.906901360 -0.002546638 0.999991536 -0.003202065 -2.655514240 -0.111168735 0.002899121 0.993797362 90.698471069
0.992799938 0.002067281 0.119766369 1.990889549 -0.001671321 0.999992728 -0.003406471 -2.672344446 -0.119772553 0.003181776 0.992796302 91.216972351
0.991355956 0.002550104 0.131174922 2.088701248 -0.002204608 0.999993622 -0.002779015 -2.696414471 -0.131181180 0.002465804 0.991355360 91.800361633
0.989745438 0.001999808 0.142828345 2.192173958 -0.001586803 0.999994218 -0.003005458 -2.714006901 -0.142833531 0.002747998 0.989742935 92.335166931
0.988117158 0.001966281 0.153689533 2.298232079 -0.001606055 0.999995649 -0.002467975 -2.736967802 -0.153693721 0.002191815 0.988116086 92.874183655
0.986362338 0.001786856 0.164579451 2.399025917 -0.001314841 0.999994695 -0.002976907 -2.743659496 -0.164583892 0.002719913 0.986359358 93.425163269
0.984119833 0.002088793 0.177493438 2.517450333 -0.001574933 0.999994099 -0.003035935 -2.760587931 -0.177498743 0.002708183 0.984117389 93.954483032
0.981868923 0.001117980 0.189558372 2.647320747 -0.000579916 0.999995649 -0.002893958 -2.776802301 -0.189560771 0.002731559 0.981865287 94.488159180
0.979728520 0.001133317 0.200325906 2.760749817 -0.000642439 0.999996603 -0.002515385 -2.796635866 -0.200328052 0.002335697 0.979726076 95.025253296
0.976961076 0.001451620 0.213411823 2.903093338 -0.000956386 0.999996543 -0.002423782 -2.818171740 -0.213414595 0.002163837 0.976959348 95.556648254
0.973938525 0.001198696 0.226809204 3.047441483 -0.000738674 0.999997437 -0.002113094 -2.837102652 -0.226811200 0.001890486 0.973936915 96.076393127
0.971281350 0.000593203 0.237933129 3.191146851 -0.000088664 0.999997675 -0.002131203 -2.854707003 -0.237933815 0.002048902 0.971279144 96.627708435
0.968339264 -0.000255755 0.249637902 3.356462479 0.000854989 0.999997020 -0.002291981 -2.877316236 -0.249636561 0.002432853 0.968336523 97.144386292
0.964673996 0.000353444 0.263445914 3.524923325 0.000149544 0.999998271 -0.001889211 -2.894680023 -0.263446122 0.001861870 0.964672208 97.667961121
0.960995436 0.000432098 0.276563972 3.677005768 0.000192827 0.999997497 -0.002232409 -2.901709080 -0.276564240 0.002198664 0.960992932 98.200592041
0.957807779 -0.000364809 0.287409216 3.854896545 0.000970150 0.999997675 -0.001963781 -2.920055151 -0.287407756 0.002159754 0.957805932 98.710433960
0.953598678 -0.000849483 0.301079452 4.041086197 0.001471056 0.999997199 -0.001837777 -2.930376291 -0.301077008 0.002195407 0.953597307 99.215606689
0.948997378 -0.000712239 0.315283149 4.224189758 0.001500414 0.999996245 -0.002257184 -2.944571257 -0.315280408 0.002615117 0.948994875 99.778930664
0.945237339 -0.001522537 0.326380342 4.426376343 0.002560063 0.999992907 -0.002749372 -2.953470707 -0.326373845 0.003434363 0.945234418 100.294761658
0.940271795 -0.001893557 0.340419620 4.625701904 0.002760421 0.999994099 -0.002062159 -2.981527805 -0.340413719 0.002878692 0.940271318 100.815208435
0.935268819 -0.001903050 0.353933066 4.844602585 0.002917816 0.999992967 -0.002333507 -2.994762421 -0.353926152 0.003215167 0.935267866 101.316055298
0.930468321 -0.002028268 0.366366774 5.065193176 0.002949063 0.999993742 -0.001953656 -3.012407780 -0.366360545 0.002898254 0.930468440 101.823043823
0.925876021 -0.002524448 0.377819002 5.287569046 0.003809232 0.999989271 -0.002653267 -3.019103527 -0.377808213 0.003895796 0.925875723 102.325462341
0.919865966 -0.003263994 0.392219186 5.520385742 0.004343319 0.999988854 -0.001864554 -3.042284966 -0.392208785 0.003418673 0.919869900 102.818496704
0.914064944 -0.003925090 0.405548722 5.760135651 0.005134343 0.999985039 -0.001893960 -3.054419041 -0.405535161 0.003813429 0.914071500 103.309280396
0.909099460 -0.003868688 0.416561276 6.005493164 0.004965561 0.999986529 -0.001549718 -3.076701880 -0.416549653 0.003477309 0.909106255 103.783889771
0.902887106 -0.003913364 0.429859817 6.262596130 0.004931626 0.999987066 -0.001254801 -3.092669487 -0.429849356 0.003252852 0.902894735 104.298240662
0.896384478 -0.004065242 0.443258822 6.528411865 0.005029090 0.999986827 -0.000998984 -3.119286299 -0.443248898 0.003124662 0.896393120 104.756355286
0.890370309 -0.004974031 0.455209732 6.800662994 0.006302145 0.999979198 -0.001400048 -3.125403404 -0.455193281 0.004115358 0.890383184 105.260375977
0.884605646 -0.005479593 0.466307700 7.059757233 0.006761916 0.999976516 -0.001076893 -3.137826443 -0.466290832 0.004105759 0.884621859 105.742897034
0.877269447 -0.005445024 0.479967475 7.346462250 0.006789315 0.999976397 -0.001064994 -3.150502682 -0.479950368 0.004192937 0.877285600 106.227249146
