1.000000000 0.000000000 0.000000000 0.000000000 0.000000000 1.000000000 0.000000000 0.000000000 0.000000000 0.000000000 1.000000000 0.000000000
1.000000000 -0.000038875 -0.000006947 0.000131027 0.000038875 1.000000000 -0.000035258 0.000282285 0.000006949 0.000035258 1.000000000 0.000348172
1.000000000 0.000013786 0.000010394 0.000053506 -0.000013786 1.000000000 -0.000012074 0.000434257 -0.000010395 0.000012073 1.000000000 0.000468426
1.000000000 0.000006185 0.000112704 -0.000814285 -0.000006181 1.000000000 -0.000029617 0.000806160 -0.000112704 0.000029616 1.000000000 0.000504214
1.000000000 -0.000037934 0.000020080 0.000453786 0.000037934 1.000000000 0.000011885 0.000318647 -0.000020080 -0.000011885 1.000000000 0.000380954
1.000000000 0.000064875 0.000053550 -0.000263756 -0.000064875 1.000000000 -0.000008512 0.000672726 -0.000053550 0.000008509 1.000000000 0.000540739
1.000000000 0.000046226 -0.000020246 0.000336041 -0.000046230 1.000000000 -0.000172555 0.001356388 0.000020238 0.000172555 1.000000000 -0.000526804
1.000000000 0.000071895 0.000088871 -0.000477917 -0.000071893 1.000000000 -0.000029088 0.000345491 -0.000088873 0.000029081 1.000000000 0.000109071
1.000000000 0.000213637 0.000082782 -0.001551313 -0.000213637 1.000000000 0.000001909 0.000356861 -0.000082782 -0.000001927 1.000000000 0.000142259
1.000000000 0.000171461 0.000103645 -0.000650142 -0.000171447 1.000000000 -0.000130940 0.001742281 -0.000103667 0.000130923 1.000000000 0.001447081
1.000000000 0.000184692 0.000033099 -0.000440256 -0.000184688 1.000000000 -0.000119446 0.000653843 -0.000033121 0.000119440 1.000000000 -0.000238153
1.000000000 0.000083618 0.000059316 -0.000957196 -0.000083617 1.000000000 -0.000024311 0.000841302 -0.000059318 0.000024306 1.000000000 0.000253638
1.000000000 0.000167316 0.000111354 -0.001550234 -0.000167305 1.000000000 -0.000098439 0.001657232 -0.000111370 0.000098420 1.000000000 0.000712141
1.000000000 0.000162520 0.000057662 -0.000357460 -0.000162519 1.000000000 -0.000008185 0.000745893 -0.000057663 0.000008175 1.000000000 0.000246111
0.999999940 0.000196866 0.000152987 -0.001358910 -0.000196845 1.000000000 -0.000138960 0.002110038 -0.000153014 0.000138930 1.000000000 0.001500292
0.999999940 0.000285998 0.000153244 -0.002020212 -0.000285972 0.999999940 -0.000172637 0.002328396 -0.000153294 0.000172593 1.000000000 0.001892650
0.999999940 0.000269994 0.000154749 -0.001950188 -0.000269968 0.999999940 -0.000170660 0.003031753 -0.000154795 0.000170618 1.000000000 0.002652173
0.999999940 0.000186570 0.000167998 -0.001459019 -0.000186541 0.999999940 -0.000172619 0.002305901 -0.000168031 0.000172588 1.000000000 0.002496751
0.999999940 0.000192676 0.000187199 -0.001909089 -0.000192661 1.000000000 -0.000081262 0.001948684 -0.000187214 0.000081225 1.000000000 0.001667583
0.999999940 0.000229729 0.000113066 -0.001673175 -0.000229725 1.000000000 -0.000030516 0.001792343 -0.000113073 0.000030490 1.000000000 0.001735596
0.999999940 0.000228600 0.000171382 -0.001813796 -0.000228575 0.999999940 -0.000142311 0.002384628 -0.000171414 0.000142272 1.000000000 0.002317853
0.999999940 0.000224188 0.000114183 -0.001731897 -0.000224178 1.000000000 -0.000084687 0.001857299 -0.000114202 0.000084661 1.000000000 0.001900269
0.999999940 0.000342972 0.000176754 -0.002644666 -0.000342943 0.999999940 -0.000166383 0.002850583 -0.000176811 0.000166322 1.000000000 0.002656831
0.999999940 0.000312506 0.000218595 -0.002171986 -0.000312461 0.999999940 -0.000204360 0.002619052 -0.000218658 0.000204292 0.999999940 0.001998346
1.000000000 0.000141068 0.000140706 -0.001084252 -0.000141051 1.000000000 -0.000125293 0.002733050 -0.000140724 0.000125273 1.000000000 0.002810615
0.999999940 0.000261918 0.000149433 -0.001431895 -0.000261908 0.999999940 -0.000069128 0.001713382 -0.000149451 0.000069088 1.000000000 0.001921685
1.000000000 0.000199620 0.000127545 -0.001382799 -0.000199606 1.000000000 -0.000109900 0.002388928 -0.000127567 0.000109875 1.000000000 0.002022494
1.000000000 0.000186534 0.000133952 -0.001612267 -0.000186514 1.000000000 -0.000150352 0.002531524 -0.000133980 0.000150327 1.000000000 0.002137420
0.999999940 0.000224451 0.000203985 -0.001217435 -0.000224430 0.999999940 -0.000100174 0.001895000 -0.000204007 0.000100128 1.000000000 0.002304881
1.000000000 0.000096749 0.000185615 -0.001408311 -0.000096723 1.000000000 -0.000141704 0.002162353 -0.000185629 0.000141686 1.000000000 0.002706832
0.999999940 0.000314302 0.000178751 -0.001647915 -0.000314268 0.999999940 -0.000189426 0.002609161 -0.000178810 0.000189370 0.999999940 0.002763810
0.999999940 0.000197035 0.000206652 -0.001761631 -0.000197011 1.000000000 -0.000112257 0.001621442 -0.000206674 0.000112216 1.000000000 0.001301227
0.999999940 0.000294242 0.000167899 -0.002051674 -0.000294213 0.999999940 -0.000170790 0.001986958 -0.000167950 0.000170741 1.000000000 0.001619514
0.999999940 0.000276031 0.000186864 -0.001105484 -0.000276001 0.999999940 -0.000157583 0.001445815 -0.000186907 0.000157531 0.999999940 0.001029275
0.999999940 0.000194798 0.000207549 -0.001791656 -0.000194770 1.000000000 -0.000135154 0.002356465 -0.000207575 0.000135114 0.999999940 0.002811135
1.000000000 0.000168294 0.000105617 -0.001096040 -0.000168279 1.000000000 -0.000139809 0.003027935 -0.000105640 0.000139791 1.000000000 0.002972614
0.999999881 0.000396453 0.000213395 -0.002282618 -0.000396427 0.999999940 -0.000122690 0.002510993 -0.000213443 0.000122606 0.999999940 0.002503818
0.999999940 0.000270828 0.000118613 -0.000334941 -0.000270814 0.999999940 -0.000113050 0.002536152 -0.000118644 0.000113018 1.000000000 0.001824276
1.000000000 0.000176701 0.000132713 -0.000671126 -0.000176675 0.999999940 -0.000194203 0.001995857 -0.000132747 0.000194180 1.000000000 0.003094590
0.999999821 0.000427395 0.000296564 -0.000668463 -0.000427312 0.999999821 -0.000282992 -0.003585592 -0.000296685 0.000282865 0.999999940 0.050841697
0.999999821 0.000504718 0.000156841 0.001613926 -0.000504573 0.999999404 -0.000925670 -0.003275619 -0.000157309 0.000925591 0.999999583 0.142552525
0.999999762 0.000633790 0.000131097 0.002292754 -0.000633639 0.999999166 -0.001150506 -0.008739169 -0.000131826 0.001150423 0.999999344 0.253687114
0.999999881 0.000477782 0.000057294 0.006440024 -0.000477715 0.999999225 -0.001156936 -0.011519783 -0.000057847 0.001156909 0.999999285 0.384653777
0.999999762 0.000651300 0.000089442 0.007470874 -0.000651219 0.999999344 -0.000893316 -0.015255511 -0.000090024 0.000893258 0.999999523 0.530114949
0.999999881 0.000511292 0.000138534 0.010812059 -0.000511179 0.999999523 -0.000817583 -0.020646345 -0.000138952 0.000817512 0.999999642 0.680800617
0.999999404 0.001021071 -0.000150836 0.016592408 -0.001021165 0.999999285 -0.000620178 -0.025025602 0.000150202 0.000620331 0.999999821 0.844726145
0.999999464 0.000953518 -0.000075973 0.017446240 -0.000953555 0.999999344 -0.000481168 -0.030647049 0.000075514 0.000481240 0.999999940 1.013265371
0.999999464 0.001022224 -0.000165367 0.021270784 -0.001022325 0.999999285 -0.000614143 -0.033133097 0.000164740 0.000614312 0.999999762 1.185076118
0.999999940 0.000359243 0.000128348 0.026961736 -0.000359223 0.999999940 -0.000150671 -0.038923036 -0.000128402 0.000150625 0.999999940 1.376217365
0.999999762 0.000683629 0.000166271 0.028076721 -0.000683606 0.999999762 -0.000138031 -0.042306431 -0.000166365 0.000137917 1.000000000 1.565146923
0.999999881 0.000490143 0.000172589 0.032096967 -0.000490132 0.999999881 -0.000064307 -0.048558529 -0.000172621 0.000064223 1.000000000 1.765412688
0.999999762 0.000592477 0.000346716 0.034495663 -0.000592487 0.999999821 0.000029936 -0.054894757 -0.000346698 -0.000030141 0.999999940 1.954058170
0.999999881 0.000406452 0.000316278 0.038623750 -0.000406493 0.999999881 0.000129674 -0.061609160 -0.000316225 -0.000129802 0.999999940 2.165354490
0.999999702 0.000635423 0.000389670 0.043463666 -0.000635503 0.999999762 0.000204899 -0.067828044 -0.000389540 -0.000205147 0.999999881 2.381570816
0.999999642 0.000744712 0.000467797 0.047370344 -0.000744789 0.999999702 0.000165011 -0.075033516 -0.000467674 -0.000165359 0.999999881 2.599671841
0.999999523 0.000804068 0.000588708 0.049429882 -0.000804126 0.999999642 0.000098842 -0.081260212 -0.000588629 -0.000099315 0.999999821 2.828115702
0.999999344 0.000898042 0.000753330 0.053328272 -0.000898091 0.999999583 0.000064669 -0.084748745 -0.000753272 -0.000065345 0.999999642 3.063369274
0.999999344 0.000948092 0.000667016 0.061519120 -0.000948277 0.999999523 0.000276344 -0.093796924 -0.000666753 -0.000276976 0.999999702 3.302103519
0.999999285 0.000836748 0.000810142 0.063364476 -0.000837034 0.999999523 0.000352239 -0.100860685 -0.000809847 -0.000352917 0.999999583 3.547409296
0.999999166 0.001042376 0.000763845 0.067731023 -0.001042895 0.999999166 0.000679634 -0.111009181 -0.000763136 -0.000680430 0.999999464 3.798666954
0.999998868 0.001077831 0.001068569 0.070122965 -0.001078646 0.999999106 0.000761868 -0.116913997 -0.001067747 -0.000763019 0.999999166 4.049870968
0.999998689 0.000914960 0.001402919 0.075655103 -0.000915863 0.999999404 0.000642793 -0.121851914 -0.001402330 -0.000644077 0.999998868 4.308456898
0.999999046 0.000969582 0.000995108 0.083843604 -0.000970118 0.999999344 0.000538494 -0.128313884 -0.000994585 -0.000539459 0.999999285 4.563409328
0.999998689 0.001212914 0.001116928 0.088231534 -0.001213854 0.999998927 0.000841114 -0.137322038 -0.001115907 -0.000842469 0.999998987 4.814278603
0.999996781 0.002007610 0.001634229 0.088009804 -0.002008877 0.999997795 0.000774378 -0.142777294 -0.001632671 -0.000777659 0.999998391 5.078175068
0.999996781 0.001732202 0.001840240 0.091899537 -0.001733168 0.999998391 0.000523557 -0.147738278 -0.001839330 -0.000526745 0.999998271 5.339308262
0.999997556 0.001489823 0.001624153 0.100166954 -0.001491303 0.999998569 0.000910574 -0.163120717 -0.001622794 -0.000912994 0.999998212 5.607795715
0.999996603 0.001827392 0.001811178 0.101228178 -0.001829282 0.999997735 0.001042744 -0.167551026 -0.001809269 -0.001046053 0.999997795 5.879508018
0.999995828 0.002007559 0.002048692 0.105379112 -0.002009361 0.999997556 0.000877845 -0.175535485 -0.002046925 -0.000881958 0.999997497 6.157732964
0.999995947 0.001890416 0.002130539 0.115705900 -0.001892069 0.999997914 0.000774369 -0.184001848 -0.002129070 -0.000778397 0.999997437 6.445392609
0.999995470 0.002219132 0.002026019 0.119948573 -0.002220368 0.999997318 0.000608174 -0.189331755 -0.002024663 -0.000612669 0.999997735 6.738089561
0.999995410 0.002233303 0.002111847 0.128505185 -0.002234695 0.999997258 0.000657216 -0.197879598 -0.002110375 -0.000661932 0.999997556 7.034240246
0.999995112 0.002223812 0.002182481 0.134509638 -0.002225900 0.999997079 0.000955005 -0.211270720 -0.002180350 -0.000959858 0.999997139 7.332308769
0.999997258 0.001599186 0.001678226 0.143442959 -0.001600943 0.999998152 0.001046042 -0.224268585 -0.001676550 -0.001048726 0.999998033 7.631563187
0.999995589 0.002224537 0.001966011 0.150870040 -0.002226372 0.999997020 0.000932180 -0.230137497 -0.001963931 -0.000936553 0.999997616 7.941936016
0.999995887 0.002163671 0.001865462 0.155077472 -0.002165752 0.999996960 0.001114171 -0.240867153 -0.001863046 -0.001118206 0.999997556 8.247081757
0.999994516 0.002524010 0.002137221 0.160838619 -0.002526454 0.999996185 0.001141625 -0.250514776 -0.002134331 -0.001147019 0.999997079 8.591896057
0.999994874 0.002365212 0.002230570 0.169257268 -0.002367447 0.999996722 0.000999447 -0.256708413 -0.002228199 -0.001004722 0.999997020 8.936181068
0.999993026 0.002874490 0.002388709 0.174300537 -0.002877576 0.999995053 0.001289374 -0.274514675 -0.002384992 -0.001296239 0.999996305 9.262240410
0.999992371 0.003108216 0.002395322 0.182320714 -0.003111075 0.999994457 0.001190468 -0.285024166 -0.002391609 -0.001197911 0.999996424 9.601460457
0.999993503 0.002760616 0.002301088 0.194663733 -0.002763922 0.999995172 0.001434645 -0.297276348 -0.002297116 -0.001440996 0.999996305 9.950369835
0.999993920 0.002810923 0.002066925 0.202790260 -0.002813480 0.999995410 0.001235206 -0.304578573 -0.002063443 -0.001241014 0.999997020 10.303528786
0.999993920 0.002768469 0.002118819 0.213844419 -0.002770887 0.999995530 0.001139056 -0.316842020 -0.002115657 -0.001144920 0.999997079 10.651173592
0.999992371 0.003040025 0.002457581 0.216524422 -0.003043270 0.999994516 0.001317680 -0.323442400 -0.002453562 -0.001325149 0.999996126 11.025208473
0.999994159 0.002601381 0.002226072 0.230869770 -0.002604371 0.999995708 0.001341579 -0.335364193 -0.002222573 -0.001347368 0.999996603 11.401748657
0.999992371 0.003043385 0.002442292 0.234253660 -0.003046797 0.999994338 0.001394665 -0.344893932 -0.002438035 -0.001402095 0.999996006 11.793540001
0.999994397 0.002464265 0.002264895 0.245122373 -0.002466793 0.999996364 0.001114281 -0.354447663 -0.002262141 -0.001119862 0.999996841 12.181237221
0.999992132 0.003075589 0.002531848 0.257672459 -0.003079792 0.999993920 0.001657573 -0.372479290 -0.002526735 -0.001665358 0.999995470 12.561916351
0.999992728 0.002850104 0.002509599 0.258104712 -0.002855694 0.999993443 0.002226717 -0.384541512 -0.002503236 -0.002233868 0.999994397 12.964544296
0.999991238 0.003138952 0.002760303 0.270720899 -0.003144170 0.999993265 0.001887897 -0.391585737 -0.002754358 -0.001896560 0.999994457 13.376132965
0.999991834 0.002657480 0.003049642 0.274137527 -0.002664120 0.999994099 0.002175326 -0.410748750 -0.003043843 -0.002183432 0.999992967 13.771779060
0.999992430 0.002989605 0.002477078 0.291112959 -0.002995888 0.999992251 0.002536817 -0.425100118 -0.002469474 -0.002544219 0.999993742 14.182297707
0.999989212 0.003221096 0.003387047 0.292603672 -0.003229491 0.999991715 0.002476223 -0.440377265 -0.003379043 -0.002487134 0.999991179 14.597659111
0.999987066 0.003728611 0.003444684 0.301836967 -0.003736905 0.999990106 0.002404661 -0.447135955 -0.003435684 -0.002417502 0.999991179 15.033376694
0.999985158 0.003912194 0.003785696 0.306917608 -0.003921723 0.999989152 0.002512873 -0.463068128 -0.003775824 -0.002527682 0.999989629 15.461599350
0.999984920 0.003421243 0.004293906 0.321144253 -0.003433184 0.999990165 0.002776660 -0.476999074 -0.004284365 -0.002791360 0.999986947 15.902206421
0.999982595 0.003743380 0.004555046 0.331125468 -0.003757820 0.999987841 0.003165541 -0.494115651 -0.004543141 -0.003182603 0.999984562 16.340543747
0.999979615 0.004002559 0.004976856 0.340591401 -0.004016660 0.999987900 0.002826493 -0.504297674 -0.004965482 -0.002846425 0.999983609 16.786708832
0.999979258 0.003634053 0.005312967 0.349602401 -0.003649441 0.999989152 0.002889622 -0.516065657 -0.005302408 -0.002908951 0.999981701 17.236915588
0.999982119 0.003590527 0.004776171 0.367269635 -0.003606040 0.999988258 0.003243341 -0.526327610 -0.004764468 -0.003260506 0.999983370 17.705745697
0.999979377 0.003690070 0.005254310 0.383981735 -0.003704608 0.999989331 0.002759671 -0.534523249 -0.005244070 -0.002779080 0.999982417 18.164407730
0.999976277 0.003980027 0.005623151 0.397511989 -0.003997067 0.999987483 0.003022296 -0.541904092 -0.005611051 -0.003044701 0.999979675 18.640151978
0.999974489 0.004019316 0.005906313 0.404882073 -0.004037056 0.999987364 0.002994878 -0.561748803 -0.005894202 -0.003018646 0.999978065 19.124517441
0.999968231 0.004831966 0.006327564 0.425531179 -0.004850575 0.999983966 0.002928918 -0.564398229 -0.006313310 -0.002959518 0.999975741 19.620178223
0.999962866 0.005401275 0.006717324 0.421445340 -0.005421272 0.999980867 0.002962196 -0.583994269 -0.006701197 -0.002998502 0.999973059 20.097167969
0.999966741 0.005218314 0.006280296 0.437154531 -0.005237037 0.999981940 0.002968513 -0.597658873 -0.006264691 -0.003001305 0.999975860 20.585119247
0.999970436 0.004791152 0.006007258 0.458647728 -0.004806151 0.999985337 0.002484805 -0.599230528 -0.005995266 -0.002513604 0.999978840 21.125492096
0.999971867 0.005168702 0.005425973 0.464598358 -0.005183764 0.999982715 0.002765539 -0.610019088 -0.005411584 -0.002793588 0.999981403 21.624715805
0.999969482 0.005673372 0.005367511 0.475964606 -0.005688807 0.999979734 0.002864440 -0.625977159 -0.005351151 -0.002894887 0.999981463 22.157213211
0.999970257 0.005539986 0.005356576 0.489861697 -0.005556277 0.999980032 0.003031074 -0.639282167 -0.005339676 -0.003060746 0.999981046 22.674564362
0.999972999 0.005419546 0.004965006 0.501124561 -0.005433873 0.999981046 0.002876559 -0.647888362 -0.004949323 -0.002903460 0.999983549 23.185930252
0.999976516 0.005628549 0.003902485 0.510316133 -0.005641901 0.999978244 0.003419027 -0.661398172 -0.003883156 -0.003440964 0.999986470 23.708478928
0.999984920 0.004173643 0.003559026 0.525065422 -0.004182225 0.999988377 0.002407323 -0.678745747 -0.003548938 -0.002422172 0.999990761 24.242565155
0.999984264 0.004533944 0.003302721 0.538723230 -0.004543388 0.999985576 0.002857623 -0.698687434 -0.003289718 -0.002872584 0.999990404 24.796165466
0.999984741 0.004910223 0.002529374 0.549730480 -0.004918194 0.999982953 0.003154853 -0.708401203 -0.002513839 -0.003167244 0.999991834 25.350250244
0.999984980 0.005177466 0.001796755 0.560859084 -0.005183347 0.999981225 0.003283909 -0.721934319 -0.001779719 -0.003293173 0.999992967 25.895008087
0.999986053 0.004943645 0.001867373 0.573551416 -0.004949071 0.999983490 0.002911867 -0.733121455 -0.001852947 -0.002921068 0.999994040 26.444446564
0.999988377 0.004510513 0.001719128 0.583217382 -0.004516271 0.999984145 0.003361192 -0.744690239 -0.001703940 -0.003368916 0.999992847 26.996147156
0.999985516 0.005247525 0.001245782 0.596175551 -0.005251549 0.999980867 0.003248472 -0.761539757 -0.001228713 -0.003254967 0.999993920 27.551221848
0.999985337 0.005340714 0.000861894 0.611531734 -0.005343128 0.999981761 0.002822010 -0.772072136 -0.000846807 -0.002826574 0.999995649 28.080541611
0.999982417 0.005864135 0.000875415 0.623260796 -0.005866828 0.999977946 0.003107618 -0.783665359 -0.000857172 -0.003112699 0.999994814 28.634201050
0.999982238 0.005923718 0.000601872 0.631468415 -0.005925636 0.999977231 0.003236974 -0.799789071 -0.000582683 -0.003240484 0.999994516 29.170228958
0.999980927 0.006168437 0.000347780 0.637517571 -0.006169438 0.999976575 0.002958163 -0.809180379 -0.000329525 -0.002960252 0.999995530 29.719291687
0.999981523 0.006077429 -0.000177950 0.649560153 -0.006076845 0.999976814 0.003111497 -0.822570384 0.000196856 -0.003110358 0.999995172 30.265100479
0.999982119 0.005950114 -0.000494716 0.660520792 -0.005948471 0.999976993 0.003259338 -0.840325654 0.000514098 -0.003256338 0.999994516 30.806922913
0.999982357 0.005893968 -0.000731859 0.675332963 -0.005891404 0.999976695 0.003455574 -0.856144965 0.000752209 -0.003451201 0.999993742 31.354217529
0.999976039 0.006913467 -0.000432578 0.681387961 -0.006911922 0.999970138 0.003476988 -0.867132127 0.000456603 -0.003473915 0.999993861 31.909179688
0.999981701 0.005988982 -0.000833156 0.694182754 -0.005986012 0.999975801 0.003521682 -0.886175692 0.000854227 -0.003516630 0.999993443 32.461032867
0.999979317 0.006402294 -0.000617512 0.698840022 -0.006400127 0.999973595 0.003449718 -0.893497348 0.000639581 -0.003445694 0.999993861 33.014877319
0.999977529 0.006661505 -0.000737077 0.710336208 -0.006658711 0.999970853 0.003730868 -0.914023638 0.000761909 -0.003725876 0.999992728 33.565196991
0.999977887 0.006559147 -0.001061295 0.725601792 -0.006555321 0.999972105 0.003569580 -0.926148474 0.001084679 -0.003562544 0.999993086 34.113357544
0.999978542 0.006258111 -0.001924388 0.738725185 -0.006251541 0.999974668 0.003401741 -0.937760592 0.001945628 -0.003389639 0.999992371 34.637874603
0.999977946 0.006232059 -0.002299624 0.748788834 -0.006224651 0.999975443 0.003214162 -0.953522444 0.002319598 -0.003199777 0.999992192 35.195163727
0.999976814 0.006212914 -0.002805352 0.765235245 -0.006203934 0.999975681 0.003198481 -0.961602628 0.002825155 -0.003181003 0.999991000 35.727897644
0.999977171 0.006310682 -0.002413332 0.765787363 -0.006302499 0.999974430 0.003383411 -0.980873108 0.002434622 -0.003368123 0.999991357 36.266773224
0.999973774 0.006370639 -0.003439986 0.789472818 -0.006360942 0.999975801 0.002822696 -0.982680380 0.003457885 -0.002800741 0.999990106 36.831016541
0.999976754 0.006218465 -0.002806366 0.785516262 -0.006208175 0.999974012 0.003660897 -1.010353565 0.002829058 -0.003643390 0.999989390 37.359115601
0.999978364 0.005785110 -0.003114944 0.801442385 -0.005773456 0.999976277 0.003737761 -1.024959683 0.003136494 -0.003719697 0.999988198 37.900730133
0.999975622 0.006293668 -0.003029988 0.803272367 -0.006283493 0.999974549 0.003355696 -1.034117460 0.003051031 -0.003336575 0.999989748 38.450160980
0.999974251 0.006068827 -0.003827004 0.819408774 -0.006058137 0.999977708 0.002798686 -1.038426757 0.003843904 -0.002775429 0.999988794 39.026672363
0.999976277 0.006106011 -0.003193473 0.823776782 -0.006095192 0.999975681 0.003386542 -1.064744830 0.003214074 -0.003366997 0.999989152 39.528705597
0.999973893 0.006242665 -0.003649115 0.831752300 -0.006230108 0.999974668 0.003442288 -1.078804255 0.003670511 -0.003419464 0.999987364 40.079742432
0.999974966 0.006277976 -0.003266724 0.845336556 -0.006266959 0.999974668 0.003372038 -1.091493130 0.003287811 -0.003351482 0.999988973 40.615436554
0.999976575 0.006073063 -0.003134399 0.848762155 -0.006062742 0.999976218 0.003291828 -1.109422684 0.003154316 -0.003272749 0.999989688 41.171730042
0.999972641 0.006770633 -0.002962961 0.855755150 -0.006762060 0.999972999 0.002893884 -1.114453673 0.002982474 -0.002873769 0.999991417 41.724151611
0.999971449 0.006835303 -0.003223423 0.868161142 -0.006825953 0.999972463 0.002902636 -1.130082488 0.003243173 -0.002880551 0.999990523 42.245761871
0.999971449 0.006626078 -0.003639384 0.885111451 -0.006615415 0.999973834 0.002934220 -1.138123512 0.003658731 -0.002910061 0.999989033 42.826583862
0.999970198 0.007017327 -0.003212468 0.890829623 -0.007007276 0.999970496 0.003129307 -1.162584305 0.003234332 -0.003106703 0.999989986 43.339752197
0.999969065 0.007123656 -0.003317386 0.900335610 -0.007114205 0.999970615 0.002851586 -1.169215083 0.003337602 -0.002827897 0.999990404 43.872497559
0.999970675 0.006833411 -0.003451040 0.906042278 -0.006821318 0.999970615 0.003503594 -1.190256834 0.003474880 -0.003479951 0.999987841 44.404609680
0.999969840 0.007250793 -0.002776724 0.908831120 -0.007242653 0.999969482 0.002929933 -1.196007013 0.002797883 -0.002909734 0.999991834 44.944435120
0.999968648 0.007499063 -0.002525580 0.919019103 -0.007490213 0.999965787 0.003495585 -1.215753436 0.002551708 -0.003476558 0.999990642 45.500316620
0.999968290 0.007588306 -0.002405871 0.928141236 -0.007581666 0.999967456 0.002756914 -1.222768068 0.002426713 -0.002738586 0.999993265 46.049919128
0.999969602 0.007396372 -0.002474070 0.935084462 -0.007391116 0.999970436 0.002126128 -1.227041721 0.002489723 -0.002107778 0.999994636 46.602638245
0.999963522 0.008185469 -0.002452235 0.945541799 -0.008179579 0.999963641 0.002402517 -1.240150809 0.002471811 -0.002382372 0.999994099 47.148307800
0.999968529 0.007505224 -0.002561016 0.955953538 -0.007499098 0.999969006 0.002393049 -1.255786538 0.002578896 -0.002373768 0.999993861 47.702697754
0.999964476 0.007907356 -0.002919853 0.969266295 -0.007901137 0.999966502 0.002134861 -1.269606709 0.002936637 -0.002111715 0.999993443 48.256282806
0.999965608 0.007790096 -0.002838566 0.980492949 -0.007783130 0.999966621 0.002457125 -1.284682035 0.002857612 -0.002434948 0.999992907 48.798217773
0.999965012 0.007777853 -0.003045244 0.991499901 -0.007771299 0.999967396 0.002158202 -1.294828653 0.003061931 -0.002134461 0.999993026 49.348796844
0.999964416 0.008025374 -0.002567100 0.996385932 -0.008020340 0.999965906 0.001965637 -1.309559226 0.002582788 -0.001944978 0.999994755 49.895561218
0.999964833 0.008024134 -0.002412759 0.999426544 -0.008019626 0.999966085 0.001871777 -1.322935224 0.002427695 -0.001852362 0.999995351 50.435874939
0.999965370 0.008082390 -0.001995312 1.002603769 -0.008078683 0.999965608 0.001858746 -1.338477135 0.002010266 -0.001842562 0.999996305 50.977012634
0.999963701 0.008220403 -0.002225607 1.024644732 -0.008216436 0.999964595 0.001786267 -1.351619482 0.002240212 -0.001767916 0.999995947 51.525962830
0.999961555 0.008453568 -0.002322113 1.032604218 -0.008449242 0.999962568 0.001866417 -1.366688728 0.002337805 -0.001846725 0.999995589 52.063251495
0.999962807 0.008349142 -0.002174960 1.040072918 -0.008345344 0.999963641 0.001748534 -1.383200645 0.002189479 -0.001730319 0.999996066 52.613166809
0.999964058 0.008163394 -0.002276195 1.049193382 -0.008158763 0.999964595 0.002036007 -1.398833394 0.002292736 -0.002017363 0.999995291 53.156044006
0.999962687 0.008410481 -0.001929096 1.054947376 -0.008407380 0.999963284 0.001610077 -1.412891746 0.001942567 -0.001593798 0.999996841 53.705356598
0.999957800 0.009073589 -0.001417210 1.061910748 -0.009071548 0.999957800 0.001440366 -1.427561164 0.001430222 -0.001427449 0.999997973 54.258274078
0.999960065 0.008859516 -0.001116637 1.066174746 -0.008858090 0.999959946 0.001275858 -1.442444205 0.001127896 -0.001265915 0.999998569 54.795883179
0.999959111 0.008928112 -0.001411097 1.078334212 -0.008926373 0.999959409 0.001233413 -1.456491470 0.001422053 -0.001220767 0.999998271 55.345264435
0.999960899 0.008723320 -0.001459869 1.092437863 -0.008721303 0.999961019 0.001382481 -1.467899919 0.001471873 -0.001369694 0.999997973 55.908031464
0.999958575 0.009002775 -0.001394567 1.104254127 -0.009000987 0.999958634 0.001284072 -1.466824770 0.001406069 -0.001271466 0.999998212 56.466922760
0.999960244 0.008806858 -0.001352969 1.105286479 -0.008804515 0.999959767 0.001727089 -1.505534649 0.001368126 -0.001715108 0.999997616 56.990840912
0.999956667 0.009220399 -0.001292079 1.113380432 -0.009218985 0.999956906 0.001095801 -1.513969183 0.001302127 -0.001083842 0.999998569 57.536437988
0.999957263 0.009132596 -0.001462303 1.125455976 -0.009131336 0.999957860 0.000864956 -1.530092120 0.001470141 -0.000851566 0.999998569 58.082130432
0.999961317 0.008778580 -0.000584020 1.128120899 -0.008778030 0.999961019 0.000939305 -1.539758563 0.000592243 -0.000934143 0.999999404 58.640796661
0.999956965 0.009187037 -0.001241358 1.137602448 -0.009186028 0.999957502 0.000816499 -1.552917957 0.001248806 -0.000805060 0.999998927 59.193889618
0.999962032 0.008492987 -0.001932216 1.152286053 -0.008490977 0.999963343 0.001046208 -1.573492527 0.001941032 -0.001029762 0.999997556 59.701683044
0.999957621 0.009101372 -0.001376569 1.158398747 -0.009099750 0.999957860 0.001182254 -1.587911367 0.001387271 -0.001169677 0.999998331 60.239601135
0.999958396 0.008928889 -0.001859308 1.170209765 -0.008926900 0.999959528 0.001075242 -1.597857952 0.001868834 -0.001058599 0.999997616 60.794548035
0.999956369 0.009174757 -0.001761036 1.177457333 -0.009172938 0.999957383 0.001039107 -1.613174796 0.001770495 -0.001022908 0.999997914 61.316558838
0.999956608 0.009156221 -0.001686087 1.190302730 -0.009154646 0.999957621 0.000939041 -1.626248240 0.001694614 -0.000923564 0.999998152 61.851627350
0.999956191 0.009165630 -0.001891874 1.199055314 -0.009163911 0.999957621 0.000915214 -1.642292738 0.001900182 -0.000897837 0.999997795 62.381855011
0.999954820 0.009429941 -0.001196733 1.202453613 -0.009429159 0.999955297 0.000658814 -1.657221079 0.001202892 -0.000647500 0.999999046 62.917118073
0.999947906 0.010138324 -0.001184108 1.210888743 -0.010137588 0.999948442 0.000626972 -1.668892741 0.001190404 -0.000614936 0.999999106 63.459690094
0.999953270 0.009573979 -0.001361266 1.219989419 -0.009572613 0.999953628 0.001007755 -1.691210270 0.001370851 -0.000994677 0.999998569 63.996990204
0.999952137 0.009647450 -0.001622709 1.231915832 -0.009645693 0.999952912 0.001088792 -1.707320333 0.001633137 -0.001073088 0.999998093 64.518135071
0.999951184 0.009829768 -0.000935418 1.232751369 -0.009828863 0.999951243 0.000966482 -1.716539383 0.000944873 -0.000957240 0.999999106 65.052642822
0.999949336 0.010008931 -0.001035217 1.248461604 -0.010008140 0.999949634 0.000763920 -1.732111096 0.001042811 -0.000753521 0.999999166 65.571266174
0.999953985 0.009537376 -0.001038023 1.258766055 -0.009536687 0.999954224 0.000665922 -1.744746804 0.001044326 -0.000655992 0.999999225 66.097030640
0.999951899 0.009755094 -0.000947522 1.266604900 -0.009754263 0.999951959 0.000877676 -1.763575077 0.000956039 -0.000868392 0.999999166 66.637985229
0.999945104 0.010440519 -0.000915939 1.276995659 -0.010439955 0.999945223 0.000616240 -1.782405019 0.000922322 -0.000606644 0.999999344 67.169067383
0.999949038 0.010041722 -0.001065885 1.294135451 -0.010041227 0.999949455 0.000469746 -1.790746331 0.001070548 -0.000459019 0.999999344 67.689804077
0.999945760 0.010331696 -0.001316507 1.303883791 -0.010330405 0.999946177 0.000984153 -1.812072515 0.001326603 -0.000970500 0.999998629 68.226303101
0.999942601 0.010660779 -0.001067133 1.311682343 -0.010660185 0.999943018 0.000560839 -1.829705477 0.001073051 -0.000549431 0.999999225 68.740982056
0.999953210 0.009582007 -0.001280957 1.325027466 -0.009580654 0.999953449 0.001059058 -1.847513080 0.001291045 -0.001046736 0.999998629 69.321319580
0.999934375 0.011418610 -0.000868288 1.328761816 -0.011418511 0.999934733 0.000120705 -1.861402750 0.000869610 -0.000110782 0.999999642 69.799690247
0.999934971 0.011385279 -0.000619405 1.335610628 -0.011385248 0.999935150 0.000052364 -1.873457909 0.000619962 -0.000045309 0.999999881 70.358055115
0.999947309 0.010243612 -0.000644491 1.340567827 -0.010243591 0.999947548 0.000036235 -1.886787415 0.000644829 -0.000029631 0.999999762 70.862991333
0.999948502 0.010087295 -0.001119437 1.354674101 -0.010087442 0.999949038 -0.000125677 -1.901723862 0.001118112 0.000136963 0.999999285 71.396133423
0.999956667 0.009244697 -0.001095220 1.370626450 -0.009244269 0.999957144 0.000396432 -1.921939373 0.001098837 -0.000386290 0.999999344 71.915527344
0.999945343 0.010437401 -0.000561095 1.370966315 -0.010437350 0.999945462 0.000091298 -1.935709715 0.000562018 -0.000085437 0.999999821 72.456199646
0.999952734 0.009658517 -0.001079233 1.387387633 -0.009658184 0.999953270 0.000311565 -1.953700423 0.001082191 -0.000301127 0.999999285 72.984191895
0.999943852 0.010568587 -0.000651568 1.392702699 -0.010568347 0.999944091 0.000370234 -1.970605016 0.000655445 -0.000363328 0.999999702 73.527076721
0.999947667 0.010222566 -0.000428192 1.407727957 -0.010222590 0.999947727 -0.000051151 -1.986993670 0.000427646 0.000055526 0.999999881 74.061004639
0.999943912 0.010598585 -0.000147556 1.417192936 -0.010598453 0.999943435 0.000874727 -1.999059081 0.000156818 -0.000873114 0.999999583 74.613945007
0.999948859 0.010081727 -0.000791312 1.436806798 -0.010081796 0.999949157 -0.000081878 -2.017792702 0.000790446 0.000089852 0.999999702 75.137023926
0.999954939 0.009450137 -0.000911436 1.451601982 -0.009450250 0.999955356 -0.000119215 -2.035386562 0.000910269 0.000127823 0.999999583 75.682220459
0.999948084 0.010156597 -0.000702589 1.456256270 -0.010156863 0.999948323 -0.000378086 -2.054012537 0.000698713 0.000385202 0.999999702 76.220870972
0.999948502 0.010126947 -0.000558175 1.467474699 -0.010127407 0.999948323 -0.000828297 -2.067341805 0.000549758 0.000833907 0.999999464 76.776298523
0.999951720 0.009796211 -0.000797641 1.474762201 -0.009796652 0.999951839 -0.000552026 -2.086360931 0.000792195 0.000559814 0.999999523 77.308860779
0.999953389 0.009628263 -0.000715154 1.479822755 -0.009628581 0.999953687 -0.000444031 -2.100185156 0.000710845 0.000450896 0.999999642 77.853683472
0.999957800 0.009103235 -0.001224852 1.498597860 -0.009103968 0.999958396 -0.000594464 -2.116502047 0.001219388 0.000605590 0.999999046 78.376724243
0.999958694 0.009002199 -0.001243123 1.513050556 -0.009003228 0.999959111 -0.000823781 -2.126650333 0.001235655 0.000834939 0.999998808 78.919761658
0.999960840 0.008730899 -0.001424278 1.522800446 -0.008731528 0.999961734 -0.000436174 -2.149303198 0.001420414 0.000448593 0.999998927 79.470260620
0.999959290 0.008961239 -0.001072868 1.530914783 -0.008961814 0.999959648 -0.000534059 -2.163397551 0.001068039 0.000543652 0.999999285 79.988410950
0.999955595 0.009422247 0.000298853 1.536405921 -0.009422131 0.999955654 -0.000378412 -2.178896427 -0.000302405 0.000375579 0.999999881 80.539657593
0.999965072 0.008329543 0.000708060 1.558251023 -0.008329323 0.999965191 -0.000312844 -2.196230173 -0.000710641 0.000306936 0.999999702 81.083557129
0.999957860 0.008826611 0.002493475 1.564350367 -0.008825731 0.999960959 -0.000364551 -2.216758490 -0.002496595 0.000342529 0.999996841 81.632850647
0.999954402 0.008821400 0.003664812 1.573851585 -0.008819924 0.999960959 -0.000418518 -2.227489233 -0.003668361 0.000386176 0.999993145 82.180358887
0.999934256 0.009144048 0.006920097 1.586083174 -0.009138837 0.999957919 -0.000784042 -2.243365288 -0.006926976 0.000720749 0.999975741 82.717453003
0.999903440 0.008447773 0.011037860 1.609729648 -0.008442573 0.999964178 -0.000517475 -2.257201433 -0.011041837 0.000424238 0.999938905 83.278701782
0.999854028 0.009674034 0.014081129 1.626040697 -0.009670577 0.999953210 -0.000313561 -2.279563665 -0.014083503 0.000177343 0.999900818 83.821189880
0.999793947 0.009418425 0.017983774 1.651403427 -0.009413873 0.999955654 -0.000337651 -2.297024488 -0.017986154 0.000168285 0.999838233 84.362899780
0.999664605 0.009889038 0.023936979 1.674371719 -0.009872439 0.999951005 -0.000811517 -2.308154821 -0.023943830 0.000574929 0.999713182 84.914558411
0.999504387 0.009470943 0.030021077 1.708824873 -0.009447297 0.999954879 -0.000929416 -2.323908806 -0.030028528 0.000645337 0.999548852 85.488365173
0.999302566 0.009940648 0.035993617 1.741049409 -0.009923793 0.999950528 -0.000646910 -2.342996359 -0.035998270 0.000289266 0.999351740 86.039794922
0.998998642 0.009522661 0.043715943 1.786300421 -0.009490193 0.999954522 -0.000950127 -2.356677532 -0.043722995 0.000534302 0.999043524 86.600715637
0.998606920 0.008731630 0.052038215 1.831435442 -0.008660895 0.999961257 -0.001584604 -2.372585535 -0.052050028 0.001131699 0.998643816 87.157707214
0.998218656 0.008247430 0.059089616 1.883024216 -0.008179380 0.999965608 -0.001393429 -2.387109280 -0.059099074 0.000907630 0.998251736 87.716888428
0.997654200 0.008356960 0.067942128 1.938040257 -0.008267631 0.999964535 -0.001595848 -2.403021574 -0.067953050 0.001030384 0.997687995 88.278335571
0.996969461 0.007928147 0.077388749 2.007878304 -0.007861185 0.999968410 -0.001169852 -2.425155163 -0.077395573 0.000557940 0.997000337 88.781707764
0.996200025 0.007917390 0.086733364 2.072708130 -0.007787795 0.999968112 -0.001832425 -2.430219173 -0.086745091 0.001150001 0.996229887 89.393745422
0.995522261 0.007547599 0.094225489 2.145880699 -0.007418578 0.999970973 -0.001719487 -2.452224016 -0.094235733 0.001012768 0.995549381 89.941864014
0.994568169 0.007517294 0.103815697 2.232296944 -0.007321254 0.999970615 -0.002269288 -2.465989351 -0.103829719 0.001496900 0.994593978 90.492561340
0.993386507 0.007607524 0.114567019 2.317278862 -0.007472300 0.999970794 -0.001609728 -2.485351086 -0.114575930 0.000743004 0.993414223 91.066757202
0.992238998 0.007718965 0.124105006 2.401277542 -0.007602313 0.999970138 -0.001413503 -2.507097006 -0.124112204 0.000459048 0.992268026 91.601264954
0.990816116 0.006624236 0.135053337 2.512344360 -0.006367042 0.999976993 -0.002336233 -2.513034582 -0.135065705 0.001454887 0.990835547 92.173355103
0.988899291 0.007450773 0.148400486 2.597537041 -0.007264688 0.999972045 -0.001795955 -2.531659842 -0.148409680 0.000697935 0.988925755 92.681838989
0.987422168 0.005753987 0.158001259 2.756542206 -0.005406536 0.999981880 -0.002628779 -2.558821440 -0.158013538 0.001741475 0.987435400 93.305595398
0.985736251 0.004605816 0.168234363 2.882882118 -0.004115123 0.999986231 -0.003265242 -2.569560766 -0.168247044 0.002526361 0.985741615 93.896293640
0.983466387 0.004485078 0.181035012 2.999616623 -0.003967583 0.999986947 -0.003220562 -2.586910248 -0.181047067 0.002449043 0.983471334 94.429542542
0.981158137 0.002643903 0.193188354 3.157585144 -0.001801534 0.999988198 -0.004535898 -2.601202488 -0.193198010 0.004102397 0.981151223 95.045310974
0.979024708 0.004113757 0.203700274 3.260779381 -0.003623245 0.999989569 -0.002780889 -2.631413698 -0.203709587 0.001984502 0.979029357 95.480262756
0.976234198 0.003322622 0.216692135 3.420272827 -0.002678946 0.999991059 -0.003264137 -2.643383741 -0.216700986 0.002606056 0.976234555 96.067924500
0.973274946 0.002731059 0.229626313 3.570011139 -0.001990261 0.999992132 -0.003457643 -2.656452656 -0.229633927 0.002908222 0.973272681 96.600326538
0.970704615 0.001184040 0.240272924 3.726478577 -0.000260623 0.999992430 -0.003874941 -2.670799971 -0.240275681 0.003698802 0.970697701 97.112846375
0.967705905 0.001889455 0.252074838 3.880571365 -0.001012723 0.999992967 -0.003607750 -2.697213888 -0.252079874 0.003235958 0.967701018 97.665130615
0.964211345 0.002600058 0.265121758 4.046592712 -0.001918722 0.999994159 -0.002828845 -2.720860481 -0.265127569 0.002218910 0.964210808 98.279235840
0.960554361 0.001574285 0.278087735 4.222089767 -0.000631845 0.999993742 -0.003478591 -2.735140324 -0.278091520 0.003165668 0.960549355 98.692016602
0.957009971 0.001957503 0.290048629 4.402618408 -0.001003139 0.999993622 -0.003438999 -2.753431797 -0.290053487 0.003000197 0.957005739 99.211921692
0.952984452 0.002703639 0.303007483 4.606227875 -0.002065941 0.999994934 -0.002425076 -2.794726372 -0.303012520 0.001685064 0.952985108 99.692825317
0.948620617 0.000192742 0.316415548 4.803710938 0.000796397 0.999995112 -0.002996756 -2.790774584 -0.316414595 0.003094776 0.948615968 100.212478638
0.944650829 -0.000030933 0.328077823 5.010684967 0.000983423 0.999995768 -0.002737333 -2.835685730 -0.328076392 0.002908463 0.944646716 100.751548767
0.940127075 -0.000541961 0.340823829 5.225793839 0.001627889 0.999994516 -0.002900218 -2.851045609 -0.340820402 0.003281397 0.940122664 101.260398865
0.934850395 -0.000586739 0.355041325 5.436759949 0.001692316 0.999994695 -0.002803410 -2.871299744 -0.355037838 0.003221611 0.934846342 101.763885498
0.930071533 -0.000979792 0.367377192 5.648069382 0.001861086 0.999996185 -0.002044643 -2.898211956 -0.367373794 0.002585385 0.930069745 102.219490051
0.924804032 0.001009679 0.380442619 5.863620758 -0.000101587 0.999997079 -0.002407007 -2.915813684 -0.380443931 0.002187362 0.924801469 102.671386719
0.919697464 -0.001886475 0.392623097 6.137454987 0.003034277 0.999992728 -0.002302859 -2.915846586 -0.392615944 0.003309262 0.919696569 103.197708130
0.913993597 -0.002184130 0.405722857 6.385093689 0.003357285 0.999992013 -0.002179875 -2.929118395 -0.405714840 0.003354519 0.913993537 103.696327209
0.909033656 -0.002782241 0.416713238 6.626792908 0.004174477 0.999988317 -0.002429805 -2.943115711 -0.416701674 0.003948335 0.909034729 104.173408508
0.903331339 -0.003060036 0.428932607 6.889263153 0.004392222 0.999988139 -0.002116023 -2.969060898 -0.428921044 0.003795437 0.903334022 104.665069580
0.896574378 -0.002404859 0.442886531 7.141410828 0.003218275 0.999994218 -0.001085104 -2.998094559 -0.442881346 0.002398208 0.896577060 105.133697510
0.890742302 -0.003442770 0.454495817 7.426681519 0.004876918 0.999986231 -0.001983196 -3.003555775 -0.454482675 0.003983055 0.890746713 105.630912781
0.885012031 -0.003807527 0.465552479 7.684413910 0.005094549 0.999985933 -0.001506306 -3.031988621 -0.465540230 0.003704879 0.885019004 106.047042847
0.877796650 -0.004180312 0.479015261 7.985103607 0.005033277 0.999987185 -0.000496718 -3.067165613 -0.479007065 0.002847034 0.877806425 106.521461487
0.870783627 -0.004721284 0.491643846 8.275409698 0.005600721 0.999984264 -0.000316907 -3.085653305 -0.491634637 0.003029517 0.870796323 106.982666016
0.864628315 -0.004846758 0.502388597 8.585720062 0.005803808 0.999983013 -0.000341291 -3.095378399 -0.502378404 0.003210856 0.864641845 107.469253540
