1.000000000 0.000000000 0.000000000 0.000000000 0.000000000 1.000000000 0.000000000 0.000000000 0.000000000 0.000000000 1.000000000 0.000000000
1.000000000 -0.000025778 0.000022852 -0.000211626 0.000025776 1.000000000 0.000083270 -0.000453208 -0.000022854 -0.000083270 1.000000000 -0.000525290
1.000000000 -0.000075212 0.000055047 -0.000275745 0.000075211 1.000000000 0.000002284 0.000134132 -0.000055047 -0.000002280 1.000000000 -0.000326072
1.000000000 -0.000011871 0.000028771 -0.000126817 0.000011873 1.000000000 -0.000056314 -0.000104752 -0.000028770 0.000056314 1.000000000 -0.000895366
1.000000000 0.000069367 0.000095214 -0.001412793 -0.000069373 1.000000000 0.000065974 -0.000211162 -0.000095209 -0.000065981 1.000000000 0.000491493
1.000000000 -0.000001614 -0.000017683 0.000035358 0.000001614 1.000000000 -0.000007289 -0.000146478 0.000017683 0.000007289 1.000000000 -0.000337942
1.000000000 0.000040658 0.000032104 0.000253269 -0.000040658 1.000000000 0.000000267 0.000299448 -0.000032104 -0.000000269 1.000000000 0.000680280
1.000000000 0.000069978 -0.000025980 -0.000411233 -0.000069979 1.000000000 -0.000056247 -0.000041266 0.000025976 0.000056249 1.000000000 -0.000266491
1.000000000 0.000128462 0.000077720 -0.000736687 -0.000128456 1.000000000 -0.000072584 0.000464397 -0.000077729 0.000072574 1.000000000 0.001114621
1.000000000 0.000184185 0.000043367 -0.000431371 -0.000184188 1.000000000 0.000066343 0.000181863 -0.000043355 -0.000066351 1.000000000 0.000926751
1.000000000 0.000078958 0.000041586 0.000330545 -0.000078957 1.000000000 -0.000027101 0.000614845 -0.000041588 0.000027098 1.000000000 0.002095767
1.000000000 0.000076439 0.000044907 -0.000506642 -0.000076441 1.000000000 0.000035585 -0.000575259 -0.000044904 -0.000035588 1.000000000 -0.000307027
1.000000000 0.000164869 0.000040746 -0.000538451 -0.000164868 1.000000000 -0.000037756 0.000651012 -0.000040752 0.000037749 1.000000000 0.000691005
1.000000000 0.000150311 0.000096563 -0.001701912 -0.000150305 1.000000000 -0.000059639 0.000643710 -0.000096572 0.000059625 1.000000000 -0.000050805
1.000000000 0.000106807 0.000075759 -0.000134076 -0.000106807 1.000000000 -0.000002890 0.000842076 -0.000075759 0.000002882 1.000000000 0.002108170
1.000000000 0.000207203 0.000072181 -0.000611412 -0.000207202 1.000000000 -0.000017339 0.000973828 -0.000072185 0.000017324 1.000000000 0.001419745
1.000000000 0.000184204 0.000077079 -0.000917564 -0.000184199 1.000000000 -0.000054960 0.000986059 -0.000077089 0.000054945 1.000000000 0.002288913
1.000000000 0.000189320 0.000143354 -0.001393929 -0.000189323 1.000000000 0.000018880 0.001043113 -0.000143351 -0.000018907 1.000000000 0.001126080
1.000000000 0.000134991 0.000190564 -0.001736256 -0.000134970 1.000000000 -0.000111020 0.001217882 -0.000190579 0.000110995 1.000000000 0.001060933
1.000000000 0.000157730 0.000165977 -0.001761777 -0.000157728 1.000000000 -0.000016310 0.000691929 -0.000165980 0.000016284 1.000000000 0.001350373
0.999999940 0.000206652 0.000146550 -0.001975216 -0.000206642 1.000000000 -0.000072473 0.001451721 -0.000146565 0.000072442 1.000000000 0.001555833
1.000000000 0.000158726 0.000122872 -0.001245682 -0.000158717 1.000000000 -0.000068415 0.000707002 -0.000122883 0.000068396 1.000000000 0.000775443
0.999999940 0.000280532 0.000171449 -0.002204584 -0.000280523 0.999999940 -0.000054932 0.001419036 -0.000171465 0.000054884 1.000000000 0.002243288
0.999999940 0.000375462 0.000161085 -0.002338186 -0.000375460 0.999999940 -0.000012118 0.001124673 -0.000161089 0.000012058 1.000000000 0.001571053
0.999999940 0.000264832 0.000144042 -0.001055161 -0.000264827 0.999999940 -0.000029274 0.000738087 -0.000144050 0.000029236 1.000000000 0.001568326
0.999999940 0.000175559 0.000217045 -0.002076628 -0.000175543 1.000000000 -0.000073460 0.001928110 -0.000217058 0.000073422 1.000000000 0.002145729
0.999999940 0.000259206 0.000200846 -0.001782181 -0.000259208 0.999999940 0.000011609 0.001176204 -0.000200843 -0.000011661 1.000000000 0.001918824
0.999999940 0.000225604 0.000097507 -0.001878014 -0.000225595 1.000000000 -0.000089403 0.001697237 -0.000097527 0.000089381 1.000000000 0.001311443
0.999999940 0.000298937 0.000133053 -0.001848317 -0.000298930 0.999999940 -0.000058567 0.001724671 -0.000133070 0.000058527 1.000000000 0.001000490
0.999999940 0.000267127 0.000200758 -0.001569442 -0.000267112 0.999999940 -0.000070731 0.000761693 -0.000200777 0.000070677 1.000000000 0.001675660
0.999999940 0.000284109 0.000228594 -0.001810857 -0.000284097 0.999999940 -0.000053211 0.001284014 -0.000228609 0.000053146 1.000000000 0.002834347
0.999999940 0.000242066 0.000147145 -0.001177988 -0.000242057 0.999999940 -0.000064327 0.001393351 -0.000147161 0.000064291 1.000000000 0.002650760
0.999999940 0.000176472 0.000176844 -0.001636755 -0.000176469 1.000000000 -0.000018342 0.000492961 -0.000176847 0.000018311 1.000000000 0.000887918
0.999999940 0.000289972 0.000213735 -0.002144596 -0.000289970 0.999999940 -0.000011696 0.001167580 -0.000213738 0.000011634 1.000000000 0.002054513
0.999999940 0.000291264 0.000132583 -0.001053476 -0.000291260 0.999999940 -0.000031212 0.000721833 -0.000132592 0.000031173 1.000000000 0.001657865
0.999999940 0.000308303 0.000155981 -0.001569280 -0.000308294 0.999999940 -0.000056542 0.001504839 -0.000155998 0.000056494 1.000000000 0.001625528
0.999999940 0.000274596 0.000141362 -0.001897027 -0.000274590 0.999999940 -0.000040528 0.001523378 -0.000141373 0.000040489 1.000000000 0.001691097
0.999999940 0.000337996 0.000147338 -0.001744877 -0.000337986 0.999999940 -0.000068597 0.001703134 -0.000147361 0.000068547 1.000000000 0.002681344
0.999999940 0.000333011 0.000090283 -0.000376847 -0.000333007 0.999999940 -0.000048713 0.001888777 -0.000090299 0.000048683 1.000000000 0.001953049
1.000000000 0.000195929 0.000115734 -0.000363194 -0.000195912 1.000000000 -0.000142822 0.001312523 -0.000115762 0.000142800 1.000000000 0.001955020
0.999999881 0.000390852 0.000201491 -0.001086702 -0.000390716 0.999999702 -0.000673018 -0.002770774 -0.000201754 0.000672939 0.999999762 0.048389331
0.999999881 0.000435394 0.000213749 0.000378670 -0.000435118 0.999999046 -0.001289599 -0.004096484 -0.000214311 0.001289506 0.999999166 0.139287814
0.999998450 -0.001737442 -0.000149207 0.001040273 0.001737407 0.999998391 -0.000236720 -0.015686119 0.000149618 0.000236461 0.999999940 0.267187178
0.999998569 -0.001660536 -0.000108068 0.003301538 0.001660523 0.999998510 -0.000126853 -0.019240091 0.000108278 0.000126674 1.000000000 0.398597211
0.999998569 -0.001652817 -0.000154870 0.005608015 0.001652820 0.999998569 0.000018799 -0.022856442 0.000154838 -0.000019055 1.000000000 0.542195320
0.999998212 -0.001901369 0.000073349 0.006931284 0.001901352 0.999998093 0.000231429 -0.029452536 -0.000073789 -0.000231289 0.999999940 0.698346853
0.999998331 -0.001835458 0.000139130 0.010654566 0.001835394 0.999998152 0.000456028 -0.034365125 -0.000139967 -0.000455772 0.999999940 0.859003723
0.999998152 -0.001889993 0.000127273 0.013175045 0.001889917 0.999998033 0.000598863 -0.039116744 -0.000128404 -0.000598621 0.999999821 1.030296445
0.999998450 -0.001694446 0.000366268 0.011792434 0.001694252 0.999998391 0.000528681 -0.043532006 -0.000367163 -0.000528059 0.999999821 1.207366347
0.999998748 -0.001404594 0.000628085 0.013562066 0.001404155 0.999998689 0.000698327 -0.046893597 -0.000629065 -0.000697444 0.999999583 1.395247221
0.999998569 -0.001635927 0.000462734 0.018522739 0.001635542 0.999998331 0.000830977 -0.052998491 -0.000464093 -0.000830219 0.999999523 1.589166522
0.999998569 -0.001631094 0.000490142 0.022905877 0.001630601 0.999998152 0.001003221 -0.059143662 -0.000491778 -0.001002421 0.999999404 1.787432909
0.999998987 -0.001216277 0.000771029 0.023225551 0.001215313 0.999998450 0.001249716 -0.066887602 -0.000772548 -0.001248778 0.999998987 1.986101866
0.999998212 -0.001813478 0.000587405 0.030770790 0.001812686 0.999997437 0.001346001 -0.074300326 -0.000589844 -0.001344934 0.999998927 2.196620703
0.999998271 -0.001717868 0.000801701 0.034211349 0.001716646 0.999997318 0.001522306 -0.079220638 -0.000804314 -0.001520927 0.999998569 2.416771412
0.999998748 -0.001390475 0.000747382 0.040891591 0.001389585 0.999998331 0.001189833 -0.084012933 -0.000749035 -0.001188793 0.999998987 2.642226458
0.999998808 -0.001411392 0.000700357 0.046025455 0.001410555 0.999998331 0.001194176 -0.088470861 -0.000702041 -0.001193186 0.999999046 2.875304222
0.999998391 -0.001466317 0.000970134 0.051068697 0.001464951 0.999997914 0.001406421 -0.098391123 -0.000972194 -0.001404998 0.999998569 3.106402636
0.999998689 -0.001331152 0.000872670 0.058214650 0.001330039 0.999998271 0.001274594 -0.104007125 -0.000874365 -0.001273431 0.999998868 3.349486589
0.999998152 -0.001492101 0.001165435 0.060876314 0.001490079 0.999997318 0.001733945 -0.113436170 -0.001168019 -0.001732205 0.999997795 3.599035740
0.999998271 -0.001392366 0.001236391 0.064945802 0.001390267 0.999997556 0.001696894 -0.119195856 -0.001238751 -0.001695173 0.999997795 3.853311300
0.999998510 -0.001296947 0.001123490 0.073068455 0.001294916 0.999997556 0.001807070 -0.128244996 -0.001125831 -0.001805612 0.999997735 4.103040695
0.999998569 -0.001191070 0.001152486 0.081734523 0.001188761 0.999997318 0.002002510 -0.133296818 -0.001154868 -0.002001137 0.999997377 4.361528397
0.999998510 -0.001265514 0.001184786 0.085668154 0.001263204 0.999997318 0.001947938 -0.141869605 -0.001187248 -0.001946438 0.999997377 4.623422623
0.999998391 -0.001034229 0.001436516 0.091990873 0.001031782 0.999998033 0.001703234 -0.147579879 -0.001438275 -0.001701749 0.999997497 4.881716728
0.999998629 -0.000774959 0.001480003 0.095709234 0.000772340 0.999998152 0.001768857 -0.154151008 -0.001481371 -0.001767712 0.999997318 5.144526958
0.999998510 -0.000619646 0.001606465 0.100818641 0.000616948 0.999998391 0.001679835 -0.160861358 -0.001607504 -0.001678842 0.999997258 5.404570580
0.999998391 -0.000177424 0.001787029 0.105982080 0.000173854 0.999998033 0.001997781 -0.170179173 -0.001787380 -0.001997467 0.999996424 5.674754620
0.999997675 -0.000195585 0.002112170 0.107380040 0.000191879 0.999998450 0.001754661 -0.175991878 -0.002112510 -0.001754252 0.999996185 5.948268890
0.999997854 -0.000340915 0.002049890 0.113774352 0.000337576 0.999998689 0.001628853 -0.183934152 -0.002050443 -0.001628158 0.999996603 6.228997231
0.999997199 0.000307213 0.002323645 0.123042829 -0.000311772 0.999997973 0.001962052 -0.194315866 -0.002323037 -0.001962771 0.999995351 6.509231091
0.999997139 0.000385208 0.002325780 0.126845330 -0.000389441 0.999998271 0.001819742 -0.201030821 -0.002325075 -0.001820643 0.999995589 6.800798893
0.999996960 0.000399589 0.002439367 0.133877844 -0.000403652 0.999998510 0.001665337 -0.208907425 -0.002438698 -0.001666316 0.999995649 7.098400116
0.999996424 0.000696074 0.002574535 0.139630362 -0.000701233 0.999997735 0.002002979 -0.220907673 -0.002573135 -0.002004777 0.999994695 7.394468307
0.999996543 0.000393779 0.002610449 0.145893097 -0.000398861 0.999998033 0.001946744 -0.231528074 -0.002609676 -0.001947778 0.999994695 7.698158741
0.999996185 0.000675431 0.002714140 0.152068391 -0.000680893 0.999997735 0.002012028 -0.241969913 -0.002712775 -0.002013868 0.999994278 8.001544952
0.999994636 0.001031833 0.003105354 0.155379832 -0.001038289 0.999997258 0.002078203 -0.253594607 -0.003103201 -0.002081416 0.999993026 8.306773186
0.999994397 0.001029015 0.003179173 0.162631780 -0.001035906 0.999997139 0.002166657 -0.263998538 -0.003176934 -0.002169938 0.999992609 8.634058952
0.999993205 0.001338307 0.003426653 0.169970244 -0.001345721 0.999996781 0.002161925 -0.273401499 -0.003423748 -0.002166522 0.999991775 8.961232185
0.999992609 0.001622325 0.003477110 0.177007973 -0.001629887 0.999996305 0.002173125 -0.284532040 -0.003473572 -0.002178777 0.999991596 9.295186043
0.999992728 0.001443169 0.003514958 0.186400622 -0.001451989 0.999995828 0.002508036 -0.300194204 -0.003511324 -0.002513122 0.999990642 9.623911858
0.999992251 0.001640772 0.003576818 0.195262551 -0.001649820 0.999995470 0.002528317 -0.309020340 -0.003572654 -0.002534198 0.999990404 9.969450951
0.999992907 0.001603122 0.003405001 0.204843953 -0.001611676 0.999995470 0.002510872 -0.319210410 -0.003400961 -0.002516341 0.999991059 10.317068100
0.999992430 0.001569972 0.003540419 0.214653030 -0.001579352 0.999995232 0.002648115 -0.332520574 -0.003536244 -0.002653687 0.999990165 10.665949821
0.999993205 0.001565797 0.003321767 0.225242481 -0.001574533 0.999995291 0.002628929 -0.340762228 -0.003317635 -0.002634141 0.999991000 11.024270058
0.999993563 0.001426046 0.003295313 0.236819670 -0.001435310 0.999995112 0.002810557 -0.354260623 -0.003291289 -0.002815269 0.999990642 11.389780998
0.999992967 0.001761418 0.003348264 0.246309280 -0.001770576 0.999994814 0.002734094 -0.362835884 -0.003343431 -0.002740003 0.999990642 11.761768341
0.999992728 0.001894367 0.003352115 0.255973935 -0.001904356 0.999993742 0.002979128 -0.377270550 -0.003346451 -0.002985490 0.999989927 12.134882927
0.999991953 0.002189054 0.003354070 0.267263442 -0.002199713 0.999992549 0.003177614 -0.390525192 -0.003347090 -0.003184967 0.999989331 12.518120766
0.999991179 0.002124894 0.003619340 0.272137940 -0.002137266 0.999991894 0.003417989 -0.402767062 -0.003612048 -0.003425695 0.999987602 12.906621933
0.999991238 0.001909462 0.003722240 0.282119930 -0.001921893 0.999992549 0.003339001 -0.416745216 -0.003715837 -0.003346125 0.999987483 13.297750473
0.999989092 0.002332051 0.004053086 0.291929215 -0.002345077 0.999992073 0.003212026 -0.425282538 -0.004045563 -0.003221496 0.999986649 13.703677177
0.999987721 0.002560904 0.004247228 0.303392112 -0.002574904 0.999991238 0.003294346 -0.434107214 -0.004238755 -0.003305242 0.999985516 14.113537788
0.999984145 0.002944981 0.004797093 0.311665982 -0.002960469 0.999990404 0.003225024 -0.449687153 -0.004787549 -0.003239175 0.999983251 14.522467613
0.999981999 0.003181065 0.005071636 0.322370470 -0.003197418 0.999989688 0.003219854 -0.459707260 -0.005061342 -0.003236013 0.999981940 14.952261925
0.999981105 0.003067793 0.005329629 0.336171448 -0.003086098 0.999989331 0.003429904 -0.474892795 -0.005319051 -0.003446287 0.999979913 15.380492210
0.999977589 0.003194015 0.005878369 0.345157057 -0.003213598 0.999989271 0.003325063 -0.485558450 -0.005867687 -0.003343879 0.999977171 15.818929672
0.999973714 0.003590033 0.006302406 0.355239540 -0.003611871 0.999987483 0.003457097 -0.498863757 -0.006289916 -0.003479769 0.999974132 16.256484985
0.999973476 0.003140635 0.006567965 0.364774406 -0.003163971 0.999988675 0.003545784 -0.511491597 -0.006556754 -0.003566470 0.999972165 16.696939468
0.999971092 0.003476655 0.006764683 0.378174543 -0.003501284 0.999987185 0.003632478 -0.527870238 -0.006751969 -0.003656058 0.999970496 17.152027130
0.999969125 0.003581973 0.006993909 0.389836639 -0.003608692 0.999986231 0.003811428 -0.541936457 -0.006980160 -0.003836549 0.999968290 17.608509064
0.999966025 0.003741074 0.007359933 0.400599808 -0.003767130 0.999986649 0.003529613 -0.553071141 -0.007346631 -0.003557218 0.999966681 18.073404312
0.999967813 0.003494426 0.007222665 0.415196925 -0.003522791 0.999986112 0.003918048 -0.568523049 -0.007208875 -0.003943366 0.999966264 18.538187027
0.999968112 0.003405726 0.007213705 0.429432034 -0.003432088 0.999987423 0.003645196 -0.581885695 -0.007201200 -0.003669838 0.999967277 19.021234512
0.999966443 0.003742550 0.007283790 0.443149269 -0.003768233 0.999986708 0.003515490 -0.593226969 -0.007270536 -0.003542820 0.999967277 19.501588821
0.999966025 0.003772820 0.007323814 0.452581674 -0.003802617 0.999984503 0.004058924 -0.610046744 -0.007308387 -0.004086636 0.999964952 19.987218857
0.999965370 0.003849089 0.007378582 0.465225816 -0.003877203 0.999985278 0.003799550 -0.622417569 -0.007363850 -0.003828026 0.999965549 20.475818634
0.999975264 0.003064853 0.006325806 0.487679601 -0.003090327 0.999987066 0.004020978 -0.638862967 -0.006313401 -0.004040427 0.999971926 20.976091385
0.999975920 0.003448746 0.006018328 0.496428937 -0.003472045 0.999986529 0.003865347 -0.649185658 -0.006004915 -0.003886150 0.999974430 21.477991104
0.999971867 0.004287319 0.006158598 0.497316539 -0.004308529 0.999984920 0.003435054 -0.657696426 -0.006143778 -0.003461493 0.999975145 21.986013412
0.999972165 0.004435542 0.006001114 0.509466887 -0.004457992 0.999983072 0.003732737 -0.679884791 -0.005984457 -0.003759386 0.999975026 22.492235184
0.999972761 0.004640803 0.005741314 0.518514454 -0.004664227 0.999980748 0.004073127 -0.705231428 -0.005722302 -0.004099794 0.999975204 22.996425629
0.999979615 0.004058776 0.004914011 0.537148535 -0.004080046 0.999982297 0.004326291 -0.727916539 -0.004896365 -0.004346253 0.999978542 23.505685806
0.999987066 0.002746809 0.004284509 0.551006496 -0.002769453 0.999982178 0.005288187 -0.776617587 -0.004269907 -0.005299985 0.999976814 23.974029541
0.999988854 0.003307947 0.003365122 0.581529200 -0.003323766 0.999983430 0.004706243 -0.765954375 -0.003349498 -0.004717375 0.999983251 24.655805588
0.999993384 0.002978542 0.002081385 0.610166609 -0.002989189 0.999982357 0.005131016 -0.785655558 -0.002066066 -0.005137205 0.999984622 25.200347900
0.999987245 0.004405647 0.002443984 0.602203310 -0.004418533 0.999976218 0.005291814 -0.801437795 -0.002420612 -0.005302546 0.999983013 25.727199554
0.999984443 0.004918375 0.002631971 0.608388901 -0.004931562 0.999975204 0.005027383 -0.813959420 -0.002607180 -0.005040284 0.999983907 26.294099808
0.999987662 0.004390819 0.002320803 0.621340275 -0.004404065 0.999973893 0.005732706 -0.830553174 -0.002295571 -0.005742856 0.999980807 26.847671509
0.999986231 0.004815444 0.002087551 0.631042361 -0.004826801 0.999973416 0.005470084 -0.841630757 -0.002061154 -0.005480085 0.999982834 27.411664963
0.999983728 0.005330352 0.002015494 0.642002940 -0.005340538 0.999972939 0.005082477 -0.854158878 -0.001988348 -0.005093159 0.999985039 27.963598251
0.999983251 0.005534050 0.001682844 0.655408204 -0.005542555 0.999971688 0.005092736 -0.862067521 -0.001654613 -0.005101978 0.999985635 28.525697708
0.999981523 0.005919915 0.001398520 0.670933664 -0.005927222 0.999968410 0.005280030 -0.878334820 -0.001367218 -0.005288222 0.999985099 29.080162048
0.999980271 0.006108891 0.001475175 0.678819060 -0.006116009 0.999969423 0.004870388 -0.882549703 -0.001445377 -0.004879314 0.999987066 29.615543365
0.999980390 0.006160568 0.001141480 0.687656939 -0.006165593 0.999971092 0.004453290 -0.890408993 -0.001114012 -0.004460241 0.999989450 30.160978317
0.999980569 0.006158174 0.000997500 0.703365684 -0.006162724 0.999970257 0.004625326 -0.908284485 -0.000968987 -0.004631383 0.999988794 30.694772720
0.999980450 0.006232714 0.000685373 0.716792941 -0.006235825 0.999969959 0.004632350 -0.920343220 -0.000656480 -0.004636533 0.999989033 31.232645035
0.999976277 0.006854284 0.000717841 0.724362433 -0.006857368 0.999966800 0.004388199 -0.929897726 -0.000687739 -0.004393017 0.999990106 31.781475067
0.999977767 0.006647227 0.000471617 0.737376034 -0.006649222 0.999968350 0.004358025 -0.941254377 -0.000442634 -0.004361064 0.999990344 32.322154999
0.999976575 0.006828440 0.000523693 0.739369571 -0.006830599 0.999967694 0.004235268 -0.950818896 -0.000494755 -0.004238745 0.999990880 32.863082886
0.999974668 0.007094523 0.000567104 0.742219627 -0.007096766 0.999966562 0.004054299 -0.963812649 -0.000538322 -0.004058220 0.999991596 33.408004761
0.999974549 0.007144421 0.000381102 0.750890434 -0.007146008 0.999965072 0.004334564 -0.978566110 -0.000350121 -0.004337177 0.999990463 33.948162079
0.999974489 0.007131179 0.000009612 0.753494143 -0.007131156 0.999965429 0.004271730 -0.990460455 0.000020851 -0.004271690 0.999990880 34.486282349
0.999975502 0.006999175 -0.000112616 0.761698306 -0.006998621 0.999966145 0.004331437 -1.006857872 0.000142930 -0.004330543 0.999990582 35.021743774
0.999975502 0.006998081 -0.000054740 0.768674612 -0.006997762 0.999965250 0.004528461 -1.020753026 0.000086429 -0.004527967 0.999989748 35.557590485
0.999975145 0.007032975 -0.000298794 0.771531940 -0.007031571 0.999965310 0.004467470 -1.037615418 0.000330203 -0.004465258 0.999989986 36.082149506
0.999976099 0.006906317 -0.000113320 0.774644911 -0.006905755 0.999966621 0.004373311 -1.054600358 0.000143520 -0.004372424 0.999990404 36.616539001
0.999974906 0.007065395 -0.000338765 0.774359107 -0.007063822 0.999965191 0.004443762 -1.064954400 0.000370151 -0.004441258 0.999990046 37.144565582
0.999972522 0.007405043 -0.000382662 0.780891418 -0.007403247 0.999962509 0.004496781 -1.087767005 0.000415946 -0.004493825 0.999989808 37.661590576
0.999970257 0.007709408 0.000001113 0.773899794 -0.007709356 0.999962926 0.003841210 -1.090571523 0.000028500 -0.003841104 0.999992609 38.239467621
0.999970019 0.007741441 -0.000153788 0.780544043 -0.007740777 0.999962330 0.003934259 -1.106956601 0.000184239 -0.003932951 0.999992192 38.789096832
0.999969661 0.007782871 0.000005586 0.779032648 -0.007782828 0.999961197 0.004125035 -1.124670506 0.000026519 -0.004124954 0.999991417 39.327159882
0.999968350 0.007929717 0.000549603 0.773328483 -0.007931728 0.999961495 0.003759920 -1.130025983 -0.000519766 -0.003764160 0.999992788 39.911354065
0.999966264 0.008205322 0.000440638 0.781495631 -0.008206999 0.999958515 0.003951015 -1.147196651 -0.000408199 -0.003954499 0.999992073 40.446773529
0.999968946 0.007875261 0.000169615 0.795222998 -0.007875875 0.999961019 0.003977766 -1.162395239 -0.000138283 -0.003978978 0.999992073 40.990345001
0.999966323 0.008202552 0.000175503 0.801817179 -0.008203142 0.999959648 0.003700401 -1.168093920 -0.000145143 -0.003701717 0.999993086 41.547637939
0.999966025 0.008237238 0.000356164 0.805368960 -0.008238385 0.999960482 0.003349199 -1.183170676 -0.000328561 -0.003352019 0.999994278 42.087287903
0.999963343 0.008549461 0.000511719 0.814424932 -0.008551376 0.999955952 0.003863922 -1.205947876 -0.000478663 -0.003868156 0.999992371 42.626434326
0.999965370 0.008315688 0.000320228 0.827043951 -0.008316936 0.999956906 0.004112514 -1.232099175 -0.000286016 -0.004115035 0.999991477 43.181797028
0.999961436 0.008719568 0.001042183 0.818997562 -0.008723746 0.999953628 0.004071921 -1.248247385 -0.001006630 -0.004080856 0.999991179 43.704883575
0.999963641 0.008493823 0.000708677 0.833844602 -0.008496668 0.999955416 0.004117698 -1.258888841 -0.000673671 -0.004123570 0.999991238 44.268970490
0.999956369 0.009220717 0.001483960 0.826813102 -0.009226535 0.999949515 0.003962456 -1.273255944 -0.001447349 -0.003975975 0.999991059 44.828693390
0.999955535 0.009268344 0.001756054 0.837017119 -0.009275162 0.999949336 0.003915760 -1.291521072 -0.001719674 -0.003931873 0.999990821 45.369739532
0.999953449 0.009521424 0.001567961 0.850605965 -0.009527429 0.999947071 0.003867841 -1.306171417 -0.001531051 -0.003882599 0.999991298 45.911193848
0.999954760 0.009405761 0.001424206 0.866020620 -0.009411301 0.999947906 0.003934142 -1.324543715 -0.001387129 -0.003947367 0.999991179 46.457458496
0.999955118 0.009381420 0.001326412 0.881201923 -0.009386910 0.999947131 0.004193915 -1.342800140 -0.001286997 -0.004206177 0.999990344 47.004760742
0.999958336 0.009096167 0.000916309 0.897766709 -0.009100165 0.999948680 0.004457150 -1.359254360 -0.000875719 -0.004465302 0.999989629 47.553455353
0.999956131 0.009323940 0.000999570 0.916328907 -0.009328382 0.999946177 0.004537256 -1.382445931 -0.000957212 -0.004546381 0.999989212 48.095321655
0.999959588 0.008981517 0.000435463 0.938009739 -0.008983504 0.999948144 0.004799852 -1.404279709 -0.000392330 -0.004803570 0.999988377 48.649730682
0.999960840 0.008840419 0.000407029 0.949750662 -0.008842293 0.999949098 0.004859411 -1.422239304 -0.000364048 -0.004862820 0.999988079 49.186645508
0.999959946 0.008941384 0.000324255 0.966338992 -0.008942858 0.999948084 0.004874479 -1.436853766 -0.000280654 -0.004877183 0.999988079 49.734245300
0.999961555 0.008759365 0.000077559 0.979779720 -0.008759630 0.999950945 0.004609604 -1.449244618 -0.000037178 -0.004610106 0.999989390 50.270652771
0.999962568 0.008651052 0.000144835 0.994498134 -0.008651616 0.999952435 0.004498767 -1.465855598 -0.000105910 -0.004499853 0.999989808 50.813049316
0.999963284 0.008568973 0.000250935 1.004812479 -0.008569921 0.999955058 0.004058052 -1.476277709 -0.000216151 -0.004060054 0.999991715 51.357185364
0.999964416 0.008432958 0.000125167 1.012822270 -0.008433412 0.999955535 0.004219730 -1.490647912 -0.000089577 -0.004220637 0.999991000 51.893276215
0.999959111 0.009032932 0.000446503 1.011313558 -0.009034680 0.999950826 0.004086219 -1.507269382 -0.000409570 -0.004090086 0.999991536 52.432277679
0.999957919 0.009125111 0.000956351 1.012474775 -0.009129395 0.999947786 0.004576632 -1.520565152 -0.000914540 -0.004585170 0.999989092 52.995727539
0.999961376 0.008774404 0.000519185 1.028164983 -0.008776482 0.999952853 0.004149365 -1.532444596 -0.000482753 -0.004153762 0.999991238 53.536914825
0.999960124 0.008905834 0.000589616 1.041038036 -0.008908175 0.999951839 0.004098433 -1.549361825 -0.000553087 -0.004103521 0.999991417 54.081703186
0.999960065 0.008924136 0.000471422 1.055141568 -0.008925987 0.999951839 0.004083864 -1.567014217 -0.000434954 -0.004087910 0.999991477 54.621299744
0.999962568 0.008633426 0.000514839 1.068365097 -0.008635433 0.999954581 0.004038547 -1.583835125 -0.000479949 -0.004042842 0.999991715 55.163795471
0.999965370 0.008320525 0.000005341 1.090542078 -0.008320465 0.999955475 0.004451463 -1.604890227 0.000031698 -0.004451353 0.999990106 55.693550110
0.999966562 0.008179916 0.000002857 1.099538803 -0.008179844 0.999955952 0.004585618 -1.615908027 0.000034653 -0.004585488 0.999989450 56.255142212
0.999967456 0.008059488 -0.000255539 1.119456649 -0.008058188 0.999956250 0.004732097 -1.634380698 0.000293667 -0.004729884 0.999988735 56.817626953
0.999968052 0.007984837 -0.000334343 1.133781791 -0.007983139 0.999956548 0.004807794 -1.646811724 0.000372718 -0.004804971 0.999988377 57.373489380
0.999964416 0.008439439 0.000042433 1.138058066 -0.008439546 0.999954581 0.004419008 -1.658374310 -0.000005136 -0.004419208 0.999990225 57.925159454
0.999966919 0.008125048 0.000329364 1.151678085 -0.008126408 0.999957442 0.004362836 -1.672834754 -0.000293902 -0.004365369 0.999990344 58.476512909
0.999964595 0.008395495 0.000468537 1.158790231 -0.008397349 0.999956250 0.004105769 -1.682947159 -0.000434047 -0.004109558 0.999991477 59.021991730
0.999970019 0.007742128 0.000175206 1.171258688 -0.007742769 0.999962032 0.003998786 -1.699699998 -0.000144241 -0.004000023 0.999991953 59.563728333
0.999971330 0.007562805 -0.000092007 1.183090806 -0.007562356 0.999962687 0.004177019 -1.714506626 0.000123595 -0.004176203 0.999991298 60.120555878
0.999972701 0.007392710 -0.000056774 1.193762898 -0.007392433 0.999965131 0.003886361 -1.725110173 0.000085503 -0.003885835 0.999992430 60.683963776
0.999972880 0.007356117 -0.000249267 1.206321478 -0.007355093 0.999965429 0.003881600 -1.740532160 0.000277812 -0.003879661 0.999992430 61.232223511
0.999970496 0.007678559 0.000284434 1.209607482 -0.007679672 0.999961913 0.004142999 -1.759667516 -0.000252611 -0.004145061 0.999991357 61.778427124
0.999969423 0.007785001 0.000729243 1.212317348 -0.007788026 0.999960601 0.004243476 -1.779348373 -0.000696179 -0.004249026 0.999990642 62.350402832
0.999966681 0.008067682 0.001171085 1.222041607 -0.008071870 0.999960899 0.003617183 -1.791448712 -0.001141857 -0.003626516 0.999992788 62.898517609
0.999961555 0.008637474 0.001487110 1.230082870 -0.008642633 0.999956548 0.003496051 -1.799905062 -0.001456849 -0.003508769 0.999992728 63.442340851
0.999961138 0.008644944 0.001720466 1.243486166 -0.008650516 0.999957204 0.003259052 -1.816380978 -0.001692219 -0.003273808 0.999993145 63.981449127
0.999963701 0.008348908 0.001685732 1.265410781 -0.008353594 0.999961197 0.002793018 -1.820750117 -0.001662348 -0.002806999 0.999994636 64.546333313
0.999967217 0.007987538 0.001335593 1.288283110 -0.007990861 0.999964893 0.002500890 -1.831851482 -0.001315571 -0.002511480 0.999995947 65.090797424
0.999972105 0.007384668 0.001055589 1.318752885 -0.007387207 0.999969780 0.002420540 -1.842151642 -0.001037683 -0.002428270 0.999996543 65.633460999
0.999977887 0.006639998 0.000375525 1.358816266 -0.006640701 0.999976099 0.001897784 -1.848413229 -0.000362915 -0.001900236 0.999998152 66.185844421
0.999977469 0.006681988 0.000671409 1.369915724 -0.006683386 0.999975443 0.002107087 -1.866878271 -0.000657313 -0.002111527 0.999997556 66.725143433
0.999981284 0.006104107 0.000314992 1.396051645 -0.006104596 0.999980092 0.001579353 -1.873336554 -0.000305345 -0.001581247 0.999998689 67.301986694
0.999981761 0.006033928 -0.000238043 1.419664741 -0.006033509 0.999980271 0.001723924 -1.890638828 0.000248440 -0.001722456 0.999998510 67.841789246
0.999981403 0.006089632 -0.000124154 1.430674791 -0.006089424 0.999980152 0.001622096 -1.906684279 0.000134030 -0.001621310 0.999998629 68.388748169
0.999982893 0.005831834 -0.000246695 1.442139506 -0.005831410 0.999981523 0.001682514 -1.919435501 0.000256502 -0.001681046 0.999998569 68.945556641
0.999983013 0.005829492 -0.000140327 1.449565530 -0.005829249 0.999981642 0.001667373 -1.933753371 0.000150044 -0.001666527 0.999998629 69.490966797
0.999981344 0.006105345 0.000207725 1.458665848 -0.006105621 0.999980450 0.001362258 -1.951463938 -0.000199404 -0.001363501 0.999999046 70.029914856
0.999986112 0.005275827 -0.000007278 1.480054855 -0.005275811 0.999984980 0.001450241 -1.965235949 0.000014929 -0.001450182 0.999998868 70.589057922
0.999980211 0.006230948 0.000871980 1.467590332 -0.006231702 0.999980152 0.000863228 -1.974521995 -0.000866583 -0.000868645 0.999999225 71.145973206
0.999983013 0.005811887 0.000647736 1.478510499 -0.005812265 0.999982893 0.000583593 -1.990188122 -0.000644334 -0.000587348 0.999999583 71.698631287
0.999987006 0.005069478 0.000586323 1.489874005 -0.005070091 0.999986589 0.001048860 -2.012783289 -0.000580997 -0.001051819 0.999999285 72.234130859
0.999982178 0.005841119 0.001253826 1.483612061 -0.005842497 0.999982357 0.001097393 -2.041581154 -0.001247394 -0.001104699 0.999998569 72.771690369
0.999978006 0.006398328 0.001695951 1.481960893 -0.006400823 0.999978423 0.001469783 -2.070314646 -0.001686510 -0.001480607 0.999997497 73.343116760
0.999980628 0.006160864 0.000904038 1.505740762 -0.006161691 0.999980628 0.000914138 -2.070447922 -0.000898389 -0.000919691 0.999999166 73.866996765
0.999986351 0.005162789 0.000769538 1.526287556 -0.005163459 0.999986291 0.000871273 -2.095599174 -0.000765029 -0.000875236 0.999999285 74.410224915
0.999983132 0.005692180 0.001142063 1.534047723 -0.005692651 0.999983728 0.000409423 -2.094734669 -0.001139713 -0.000415917 0.999999285 75.007446289
0.999983430 0.005607324 0.001236366 1.543259025 -0.005607911 0.999984145 0.000470337 -2.113311052 -0.001233709 -0.000477263 0.999999046 75.558853149
0.999983609 0.005595587 0.001148237 1.557965040 -0.005595514 0.999984324 -0.000069045 -2.125900269 -0.001148606 0.000062619 0.999999344 76.104209900
0.999983668 0.005530586 0.001449095 1.562921762 -0.005530539 0.999984801 -0.000036007 -2.140487432 -0.001449271 0.000027993 0.999998927 76.646942139
0.999982715 0.005704827 0.001427787 1.572520733 -0.005704354 0.999983609 -0.000334635 -2.154951334 -0.001429674 0.000326485 0.999998868 77.182189941
0.999982357 0.005729785 0.001570017 1.584176898 -0.005728323 0.999983132 -0.000933654 -2.155160666 -0.001575340 0.000924644 0.999998331 77.787887573
0.999986529 0.005023875 0.001301902 1.595943093 -0.005022501 0.999986768 -0.001057670 -2.167691708 -0.001307198 0.001051117 0.999998510 78.327552795
0.999982357 0.005485703 0.002271326 1.585904241 -0.005482960 0.999984205 -0.001212677 -2.188522339 -0.002277943 0.001200202 0.999996662 78.860214233
0.999980986 0.005689239 0.002384247 1.591181874 -0.005685837 0.999982774 -0.001431262 -2.200814962 -0.002392349 0.001417678 0.999996126 79.398078918
0.999982178 0.005630993 0.001941453 1.610116243 -0.005624477 0.999978542 -0.003345530 -2.190125227 -0.001960249 0.003334551 0.999992490 80.015197754
0.999978244 0.006007114 0.002723778 1.602692723 -0.006005869 0.999981880 -0.000463484 -2.272526979 -0.002726512 0.000447114 0.999996126 80.369827271
0.999967754 0.006690250 0.004440200 1.616605282 -0.006678667 0.999974251 -0.002618051 -2.219565392 -0.004457601 0.002588311 0.999986708 81.204711914
0.999974251 0.005336846 0.004795133 1.649152160 -0.005320753 0.999980330 -0.003362833 -2.241040230 -0.004812985 0.003337233 0.999982834 81.657371521
0.999961615 0.005679281 0.006668063 1.650216699 -0.005662940 0.999980867 -0.002467086 -2.271520376 -0.006681948 0.002429230 0.999974668 82.217361450
0.999954879 0.005424720 0.007800691 1.665894508 -0.005404287 0.999981940 -0.002637971 -2.285650969 -0.007814861 0.002595695 0.999966025 82.759315491
0.999936461 0.004655049 0.010260612 1.697628975 -0.004615345 0.999981761 -0.003889666 -2.284992933 -0.010278531 0.003842063 0.999939740 83.311271667
0.999881327 0.005626863 0.014335157 1.718148351 -0.005577188 0.999978244 -0.003502901 -2.310048103 -0.014354555 0.003422536 0.999891043 83.852455139
0.999833047 0.004626625 0.017673181 1.739227414 -0.004556523 0.999981582 -0.004004796 -2.322875261 -0.017691385 0.003923599 0.999835730 84.413940430
0.999747336 0.004401910 0.022044025 1.781871319 -0.004328860 0.999984920 -0.003360446 -2.346603870 -0.022058483 0.003264170 0.999751329 84.966804504
0.999583304 0.004897448 0.028446442 1.808474064 -0.004797563 0.999982059 -0.003578551 -2.364746332 -0.028463462 0.003440586 0.999588907 85.500305176
0.999376774 0.004865331 0.034962531 1.826924562 -0.004715180 0.999979317 -0.004375725 -2.376224041 -0.034983099 0.004208142 0.999379039 86.059394836
0.999128640 0.005393713 0.041387375 1.860632896 -0.005224022 0.999977469 -0.004207107 -2.395171642 -0.041409135 0.003987232 0.999134302 86.601921082
0.998753965 0.005560280 0.049591567 1.907450199 -0.005352987 0.999976337 -0.004311854 -2.414004326 -0.049614374 0.004041019 0.998760223 87.151107788
0.998297572 0.005158382 0.058096457 1.956836224 -0.004894407 0.999977052 -0.004685106 -2.429432869 -0.058119290 0.004392783 0.998299897 87.703170776
0.997870862 0.004785825 0.065046765 2.010251284 -0.004500617 0.999979615 -0.004530513 -2.449040890 -0.065067135 0.004228116 0.997871935 88.242889404
0.997202516 0.004870494 0.074588723 2.064172745 -0.004538622 0.999978960 -0.004618223 -2.463422298 -0.074609637 0.004266773 0.997203708 88.792114258
0.996440172 0.004378916 0.084188879 2.137204647 -0.003948954 0.999978244 -0.005272955 -2.476259470 -0.084210128 0.004921726 0.996435881 89.335845947
0.995677829 0.003882318 0.092792444 2.208294392 -0.003402770 0.999980032 -0.005325637 -2.489093065 -0.092811264 0.004986867 0.995671213 89.885581970
0.994896829 0.003733622 0.100829735 2.279811382 -0.003232650 0.999981582 -0.005131423 -2.512455702 -0.100847058 0.004779288 0.994890392 90.425949097
0.993799329 0.003841887 0.111121990 2.359545708 -0.003291714 0.999981403 -0.005134120 -2.532204866 -0.111139648 0.004736504 0.993793607 90.965919495
0.992585957 0.003560307 0.121493652 2.450905800 -0.002886254 0.999979436 -0.005723563 -2.539629221 -0.121511549 0.005330466 0.992575705 91.512466431
0.991408229 0.003735715 0.130750954 2.538996696 -0.003053109 0.999980569 -0.005420705 -2.566379786 -0.130768672 0.004974934 0.991400421 92.055068970
0.989828885 0.003379053 0.142222807 2.638097763 -0.002623191 0.999981344 -0.005501783 -2.583287716 -0.142238796 0.005072746 0.989819348 92.591957092
0.987931073 0.002958185 0.154865965 2.744726181 -0.002115769 0.999982059 -0.005604181 -2.603662014 -0.154879734 0.005208885 0.987919569 93.119285583
0.986159444 0.003071030 0.165771425 2.853472710 -0.002169896 0.999981880 -0.005616838 -2.623644590 -0.165785670 0.005179390 0.986148179 93.655166626
0.984427750 0.002579636 0.175770655 2.968988419 -0.001667411 0.999984324 -0.005337351 -2.644284010 -0.175781623 0.004961155 0.984416783 94.190399170
0.981953919 0.002656302 0.189101651 3.089298248 -0.001618539 0.999982715 -0.005642069 -2.660431623 -0.189113379 0.005234182 0.981941283 94.725662231
0.979493797 0.002342075 0.201460615 3.223965645 -0.001146529 0.999981046 -0.006050879 -2.674486637 -0.201470941 0.005695819 0.979477942 95.252975464
0.977344692 0.001446980 0.211648896 3.359432220 -0.000245340 0.999983668 -0.005703670 -2.694876194 -0.211653695 0.005522527 0.977329075 95.794029236
0.974445164 0.001480451 0.224620283 3.505754471 -0.000265716 0.999985158 -0.005438087 -2.718230486 -0.224625036 0.005239432 0.974431157 96.322776794
0.971350670 0.000986131 0.237648383 3.658515930 0.000400065 0.999983191 -0.005784677 -2.732747078 -0.237650111 0.005714025 0.971334040 96.854217529
0.968700349 -0.000480237 0.248232484 3.819097519 0.002163502 0.999976456 -0.006508253 -2.747921705 -0.248223513 0.006841599 0.968678653 97.368667603
0.965734363 -0.000766430 0.259531409 3.978033066 0.002529509 0.999975920 -0.006459418 -2.766585112 -0.259520233 0.006894569 0.965713084 97.884933472
0.961902201 -0.000171615 0.273393661 4.148437500 0.001856180 0.999980867 -0.005903036 -2.784403563 -0.273387432 0.006185610 0.961884081 98.409721375
0.958322108 -0.001060386 0.285687983 4.326707840 0.002985246 0.999975622 -0.006302206 -2.807259560 -0.285674363 0.006892393 0.958301961 98.924720764
0.954858005 -0.001151778 0.297060251 4.509233475 0.003168058 0.999975085 -0.006306113 -2.825517654 -0.297045588 0.006962547 0.954837918 99.439567566
0.950393677 -0.001240881 0.311046898 4.709772110 0.003222938 0.999977648 -0.005858299 -2.847733974 -0.311032683 0.006570177 0.950376451 99.952011108
0.945699930 -0.001599197 0.325037122 4.911376953 0.003927246 0.999971032 -0.006506470 -2.860718727 -0.325017303 0.007429669 0.945678830 100.465507507
0.941545308 -0.002070783 0.336879909 5.116386414 0.004396072 0.999971509 -0.006139806 -2.879497051 -0.336857557 0.007261852 0.941527605 100.982223511
0.936821997 -0.002682196 0.349796027 5.334285736 0.005156502 0.999967813 -0.006142481 -2.897653580 -0.349768311 0.007558134 0.936805665 101.492462158
0.931294918 -0.002439513 0.364257872 5.552082062 0.004873801 0.999971509 -0.005763784 -2.918341875 -0.364233434 0.007143103 0.931280315 102.002914429
0.926372707 -0.003292047 0.376593620 5.781747818 0.005901722 0.999966025 -0.005776148 -2.935344696 -0.376561821 0.007573418 0.926360548 102.499816895
0.921477318 -0.003450999 0.388416737 6.010534286 0.006076950 0.999966145 -0.005532432 -2.955007076 -0.388384432 0.007458400 0.921467245 103.002502441
0.915406346 -0.003081646 0.402519226 6.248329163 0.005905190 0.999965787 -0.005773897 -2.970615864 -0.402487755 0.007662415 0.915393293 103.484313965
0.909656405 -0.003355833 0.415347964 6.497566223 0.006259101 0.999964595 -0.005628816 -2.987047672 -0.415314376 0.007719995 0.909645140 103.968879700
0.904833138 -0.004710364 0.425740391 6.753353119 0.007859701 0.999953210 -0.005640938 -3.008053303 -0.425693840 0.008450300 0.904827774 104.439857483
0.898989439 -0.004817415 0.437943727 7.014240265 0.008187949 0.999949634 -0.005808300 -3.022604465 -0.437893629 0.008807463 0.898983657 104.931198120
0.892190456 -0.004603230 0.451635867 7.278984070 0.007962983 0.999952912 -0.005538718 -3.047774315 -0.451589137 0.008537960 0.892185152 105.404396057
0.886212885 -0.005029689 0.463250935 7.554416656 0.008806098 0.999943316 -0.005989571 -3.060200214 -0.463194549 0.009387469 0.886206925 105.879776001
0.880390644 -0.005317803 0.474219412 7.825607300 0.008902936 0.999946237 -0.005315142 -3.085229874 -0.474165678 0.008901346 0.880390584 106.329742432
0.872948110 -0.005390751 0.487783223 8.118034363 0.009071397 0.999945402 -0.005183453 -3.105219126 -0.487728655 0.008949760 0.872949421 106.792922974
0.865580022 -0.005559667 0.500739753 8.406387329 0.009512395 0.999940515 -0.005340904 -3.121695280 -0.500680268 0.009386213 0.865581393 107.246856689
