1.000000000 0.000000000 0.000000000 0.000000000 0.000000000 1.000000000 0.000000000 0.000000000 0.000000000 0.000000000 1.000000000 0.000000000
1.000000000 0.000022866 0.000136089 -0.003387363 -0.000022838 1.000000000 -0.000205599 0.004352531 -0.000136094 0.000205596 0.999999940 0.004232085
1.000000000 0.000036590 0.000065969 -0.002253732 -0.000036581 1.000000000 -0.000137564 0.002391005 -0.000065974 0.000137562 1.000000000 0.000703521
0.999999940 0.000328553 0.000112645 0.000057385 -0.000328538 0.999999940 -0.000131758 0.003595957 -0.000112689 0.000131721 1.000000000 -0.001885414
1.000000000 0.000231147 0.000048879 0.002707497 -0.000231143 0.999999940 -0.000091843 0.002048666 -0.000048900 0.000091831 1.000000000 -0.001319017
1.000000000 0.000163575 0.000065628 0.000291173 -0.000163571 1.000000000 -0.000052169 0.002040284 -0.000065636 0.000052159 1.000000000 -0.001456871
1.000000000 0.000128683 0.000131360 -0.001826309 -0.000128670 1.000000000 -0.000096295 0.002095202 -0.000131373 0.000096279 1.000000000 -0.000701579
1.000000000 0.000021026 -0.000008629 0.000973952 -0.000021026 1.000000000 -0.000027331 0.001643656 0.000008629 0.000027331 1.000000000 -0.002506905
1.000000000 0.000064850 0.000156182 -0.005535178 -0.000064824 1.000000000 -0.000162863 0.003767607 -0.000156192 0.000162853 1.000000000 0.004034878
0.999999940 0.000199634 0.000224194 -0.004714060 -0.000199605 1.000000000 -0.000127648 0.002178543 -0.000224219 0.000127604 0.999999940 -0.001383937
0.999999940 0.000166342 0.000191463 -0.003840117 -0.000166308 1.000000000 -0.000174907 0.002238395 -0.000191492 0.000174875 0.999999940 -0.000709768
1.000000000 0.000150007 0.000076646 -0.000018923 -0.000150001 1.000000000 -0.000083757 0.002260631 -0.000076659 0.000083746 1.000000000 -0.004752326
1.000000000 0.000109601 0.000193444 -0.005258083 -0.000109592 1.000000000 -0.000043730 0.000524229 -0.000193448 0.000043708 1.000000000 -0.003621183
1.000000000 0.000007111 0.000109260 -0.002826597 -0.000007099 1.000000000 -0.000106800 0.000486171 -0.000109261 0.000106800 1.000000000 -0.002408734
1.000000000 0.000087128 0.000085956 -0.000379011 -0.000087119 1.000000000 -0.000113200 0.002415721 -0.000085966 0.000113193 1.000000000 -0.005035316
1.000000000 -0.000196689 -0.000129285 0.002537162 0.000196686 1.000000000 -0.000028931 0.000810057 0.000129290 0.000028905 1.000000000 -0.006761839
0.999999940 -0.000283218 -0.000117774 0.002114949 0.000283210 0.999999940 -0.000061199 -0.000445985 0.000117791 0.000061165 1.000000000 -0.009363604
1.000000000 0.000002152 0.000153661 -0.003305816 -0.000002141 1.000000000 -0.000070247 0.000630528 -0.000153661 0.000070247 1.000000000 -0.002775738
1.000000000 0.000102426 -0.000001491 0.000038101 -0.000102426 1.000000000 -0.000000729 0.002273745 0.000001491 0.000000729 1.000000000 -0.007345117
1.000000000 -0.000099135 -0.000011318 -0.001474484 0.000099135 1.000000000 -0.000041736 -0.000384059 0.000011322 0.000041735 1.000000000 -0.007683541
1.000000000 -0.000020934 0.000063830 -0.001291528 0.000020940 1.000000000 -0.000094226 0.001139240 -0.000063828 0.000094227 1.000000000 -0.007148339
1.000000000 -0.000134142 0.000021624 0.000080608 0.000134143 1.000000000 -0.000028354 -0.000321462 -0.000021620 0.000028357 1.000000000 -0.003681299
1.000000000 0.000135870 0.000175339 -0.006280201 -0.000135833 0.999999940 -0.000210118 0.003803776 -0.000175368 0.000210094 0.999999940 0.004042839
1.000000000 -0.000086775 -0.000075046 0.000602245 0.000086767 1.000000000 -0.000109919 0.000828279 0.000075055 0.000109912 1.000000000 0.000810823
1.000000000 -0.000075554 0.000020297 -0.001095071 0.000075554 1.000000000 -0.000019893 0.002452224 -0.000020295 0.000019894 1.000000000 0.000623377
1.000000000 0.000002472 -0.000045601 0.002552592 -0.000002478 1.000000000 -0.000138397 0.003176472 0.000045601 0.000138398 1.000000000 -0.006942031
1.000000000 -0.000080092 0.000091211 -0.001800846 0.000080103 1.000000000 -0.000118322 0.002609114 -0.000091201 0.000118329 1.000000000 -0.004398336
0.999999940 0.000259427 0.000213338 -0.005325683 -0.000259384 0.999999940 -0.000198697 0.003283663 -0.000213390 0.000198641 0.999999940 0.000039694
1.000000000 0.000028735 0.000115345 -0.003195861 -0.000028732 1.000000000 -0.000026975 0.001968445 -0.000115346 0.000026972 1.000000000 -0.001050160
1.000000000 -0.000196021 0.000014100 -0.004708732 0.000196024 0.999999940 -0.000170183 0.006102394 -0.000014066 0.000170186 1.000000000 0.003086295
1.000000000 -0.000101309 0.000023962 -0.002538630 0.000101310 1.000000000 -0.000063020 0.002217307 -0.000023955 0.000063022 1.000000000 -0.001381464
1.000000000 -0.000116826 0.000126011 -0.004220436 0.000116826 1.000000000 -0.000006754 0.001583912 -0.000126010 0.000006769 1.000000000 0.001843794
1.000000000 -0.000193377 0.000061724 -0.004091938 0.000193377 1.000000000 0.000012055 0.001334382 -0.000061726 -0.000012043 1.000000000 -0.003514827
1.000000000 -0.000118089 0.000015534 -0.002923914 0.000118089 1.000000000 -0.000007176 0.001753521 -0.000015533 0.000007177 1.000000000 -0.002189057
1.000000000 0.000092402 0.000077611 -0.003930744 -0.000092389 1.000000000 -0.000168039 0.001773076 -0.000077626 0.000168032 1.000000000 -0.000364377
1.000000000 0.000065638 0.000103118 -0.004623195 -0.000065628 1.000000000 -0.000100219 0.002960892 -0.000103124 0.000100212 1.000000000 0.000358593
1.000000000 -0.000125884 -0.000174481 0.003400980 0.000125909 1.000000000 0.000145463 -0.000778677 0.000174463 -0.000145485 1.000000000 -0.013265840
1.000000000 -0.000004579 0.000078652 -0.003791286 0.000004600 0.999999940 -0.000270974 0.004742864 -0.000078650 0.000270974 0.999999940 0.001619260
1.000000000 -0.000185414 0.000069877 -0.003034744 0.000185416 1.000000000 -0.000029256 0.002135279 -0.000069872 0.000029269 1.000000000 -0.000310150
1.000000000 -0.000038707 -0.000049265 0.001123986 0.000038715 1.000000000 0.000156431 -0.000754190 0.000049259 -0.000156433 1.000000000 -0.008679725
0.999999940 -0.000313459 -0.000132927 0.000550575 0.000313460 0.999999940 0.000004127 -0.000670211 0.000132926 -0.000004168 1.000000000 -0.001448122
1.000000000 0.000046920 0.000089550 0.001641459 -0.000046864 0.999999821 -0.000625137 -0.003537967 -0.000089580 0.000625132 0.999999821 0.049877923
1.000000000 0.000034673 -0.000016832 -0.000159496 -0.000034699 0.999998808 -0.001554954 0.000951768 0.000016778 0.001554955 0.999998808 0.147535190
1.000000000 -0.000053740 -0.000077523 0.004998317 0.000053620 0.999998808 -0.001543165 -0.007932146 0.000077606 0.001543161 0.999998808 0.264335394
1.000000000 -0.000203586 0.000015076 0.003298366 0.000203607 0.999999046 -0.001372569 -0.012975514 -0.000014796 0.001372573 0.999999046 0.393713355
1.000000000 0.000047009 -0.000088670 0.005057947 -0.000047113 0.999999285 -0.001180640 -0.017592140 0.000088615 0.001180644 0.999999285 0.537647724
1.000000000 -0.000010445 0.000158875 0.006207984 0.000010598 0.999999523 -0.000962003 -0.031563483 -0.000158865 0.000962005 0.999999523 0.680178642
0.999999881 -0.000466080 -0.000060981 0.019414147 0.000466043 0.999999702 -0.000604639 -0.031181492 0.000061263 0.000604611 0.999999821 0.849747002
1.000000000 -0.000183966 -0.000130780 0.022890063 0.000183891 0.999999821 -0.000571612 -0.037169907 0.000130885 0.000571588 0.999999821 1.031070232
0.999999940 -0.000088849 0.000229851 0.014570318 0.000089016 0.999999702 -0.000728161 -0.038138293 -0.000229787 0.000728182 0.999999702 1.211727023
1.000000000 -0.000087599 -0.000019235 0.029752847 0.000087588 0.999999821 -0.000605075 -0.047275290 0.000019288 0.000605073 0.999999821 1.416597843
0.999999464 -0.000700375 -0.000756925 0.043353938 0.000700171 0.999999702 -0.000270251 -0.056965973 0.000757114 0.000269721 0.999999702 1.612053871
0.999999344 -0.001082116 0.000391259 0.008620463 0.001081701 0.999998868 0.001060504 -0.079059154 -0.000392406 -0.001060080 0.999999344 1.701026440
0.999998808 -0.001460592 0.000517930 0.013853719 0.001459921 0.999998093 0.001293043 -0.084548540 -0.000519818 -0.001292286 0.999998987 1.908895016
0.999999762 -0.000336892 0.000624869 0.015047721 0.000336181 0.999999225 0.001137760 -0.090977788 -0.000625252 -0.001137549 0.999999106 2.092927217
0.999999881 -0.000117682 0.000487036 0.021964096 0.000117009 0.999999046 0.001380378 -0.097651571 -0.000487198 -0.001380321 0.999998987 2.311653376
0.999999642 0.000233873 0.000804581 0.014382855 -0.000235030 0.999998927 0.001439150 -0.103911780 -0.000804244 -0.001439339 0.999998629 2.542816162
0.999999046 0.000578520 0.001270591 0.015703183 -0.000580605 0.999998450 0.001641210 -0.112771451 -0.001269639 -0.001641946 0.999997914 2.776047945
0.999999404 0.000180993 0.001097784 0.027383115 -0.000182854 0.999998510 0.001695940 -0.125505418 -0.001097475 -0.001696139 0.999997914 3.017553091
0.999999404 -0.000611809 0.000824784 0.031214729 0.000610549 0.999998629 0.001526095 -0.123957515 -0.000825717 -0.001525591 0.999998510 3.206949711
0.999999464 -0.000518764 0.000889616 0.035017103 0.000517243 0.999998391 0.001708444 -0.131904304 -0.000890501 -0.001707983 0.999998093 3.457761765
0.999999344 -0.000012227 0.001140837 0.035968389 0.000010420 0.999998748 0.001583455 -0.137051433 -0.001140855 -0.001583442 0.999998093 3.715621948
0.999999106 -0.000169939 0.001301096 0.045948658 0.000167400 0.999998033 0.001951011 -0.146887600 -0.001301425 -0.001950791 0.999997318 3.999931335
0.999999046 0.000335812 0.001347550 0.036979694 -0.000338689 0.999997616 0.002135081 -0.146417394 -0.001346830 -0.002135536 0.999996841 4.209189892
0.999999523 -0.000925992 0.000313535 0.056740884 0.000925239 0.999996722 0.002394593 -0.169117719 -0.000315752 -0.002394302 0.999997020 4.453751564
0.999999523 -0.000867498 0.000430570 0.063288592 0.000866400 0.999996424 0.002544051 -0.178931117 -0.000432776 -0.002543677 0.999996662 4.708065033
0.999999523 -0.000752837 0.000629638 0.062205017 0.000751423 0.999997199 0.002243390 -0.178430423 -0.000631325 -0.002242916 0.999997199 4.969770908
0.999998689 -0.001623100 0.000146269 0.068602525 0.001622742 0.999995768 0.002415489 -0.188078821 -0.000150189 -0.002415248 0.999997079 5.241153240
0.999998927 -0.000287033 0.001386051 0.055391990 0.000283324 0.999996364 0.002675108 -0.214185312 -0.001386814 -0.002674712 0.999995470 5.451955795
0.999998868 -0.000073390 0.001516975 0.058007084 0.000069313 0.999996364 0.002687227 -0.220340744 -0.001517167 -0.002687118 0.999995232 5.727357864
0.999998510 0.000400928 0.001675722 0.064646274 -0.000405431 0.999996305 0.002687947 -0.230503306 -0.001674638 -0.002688622 0.999995053 6.000185013
0.999997735 0.000002734 0.002134416 0.065157749 -0.000008957 0.999995649 0.002915095 -0.238168746 -0.002134399 -0.002915107 0.999993503 6.284399509
0.999998689 -0.000305139 0.001551608 0.075840041 0.000300417 0.999995232 0.003042848 -0.258874536 -0.001552529 -0.003042378 0.999994218 6.569239616
0.999998748 -0.000700764 0.001405052 0.088287756 0.000696940 0.999996066 0.002720056 -0.252073824 -0.001406952 -0.002719074 0.999995291 6.847362041
0.999999225 -0.000468724 0.001158813 0.104984842 0.000465318 0.999995589 0.002937503 -0.270826161 -0.001160185 -0.002936961 0.999994993 7.135007381
0.999998689 -0.001249577 0.001030110 0.116642885 0.001246226 0.999994040 0.003246909 -0.287132800 -0.001034161 -0.003245622 0.999994159 7.448823452
0.999998808 -0.000523144 0.001426341 0.114944741 0.000518316 0.999994159 0.003383725 -0.283350497 -0.001428103 -0.003382982 0.999993205 7.767750740
0.999998629 -0.000977457 0.001317870 0.120737121 0.000973352 0.999994695 0.003111786 -0.279847026 -0.001320904 -0.003110500 0.999994278 8.082964897
0.999998569 -0.001297322 0.001080409 0.114425629 0.001293795 0.999993861 0.003258954 -0.303362310 -0.001084630 -0.003257552 0.999994099 8.390934944
0.999997675 -0.001911095 0.001000128 0.120242827 0.001907906 0.999993145 0.003180327 -0.310545206 -0.001006200 -0.003178411 0.999994457 8.723109245
0.999998689 -0.000948104 0.001365434 0.127010524 0.000943358 0.999993503 0.003472415 -0.324188799 -0.001368717 -0.003471123 0.999993086 9.056118965
0.999997377 -0.002051661 0.001005739 0.145275712 0.002047959 0.999991238 0.003668512 -0.334358364 -0.001013257 -0.003666442 0.999992788 9.402674675
0.999998569 -0.001361169 0.001026148 0.153667554 0.001357352 0.999992192 0.003711406 -0.337301731 -0.001031192 -0.003710008 0.999992609 9.738984108
0.999998629 -0.001008023 0.001237800 0.165119871 0.001003461 0.999992669 0.003680188 -0.347021163 -0.001241500 -0.003678941 0.999992430 10.051537514
0.999998689 -0.001461819 0.000665609 0.153004751 0.001459300 0.999991953 0.003768778 -0.370584667 -0.000671113 -0.003767802 0.999992669 10.446955681
0.999997258 -0.002079593 0.000982578 0.157041222 0.002075863 0.999990702 0.003781725 -0.378516942 -0.000990433 -0.003779675 0.999992371 10.823476791
0.999997795 -0.001930664 0.000710305 0.160665140 0.001927863 0.999990463 0.003922808 -0.388979882 -0.000717872 -0.003921430 0.999992073 11.212761879
0.999995768 -0.002789225 0.000762064 0.179193333 0.002786426 0.999989450 0.003650072 -0.394580573 -0.000772237 -0.003647933 0.999993026 11.583741188
0.999997973 -0.001864544 0.000706298 0.186825663 0.001861538 0.999989331 0.004233435 -0.408140510 -0.000714184 -0.004232111 0.999990761 11.949694633
0.999997735 -0.002056822 0.000479401 0.185623795 0.002054740 0.999988616 0.004303260 -0.437288076 -0.000488247 -0.004302266 0.999990582 12.356422424
0.999996841 -0.002457611 0.000529566 0.200135738 0.002455358 0.999988079 0.004213825 -0.440322012 -0.000539915 -0.004212511 0.999991000 12.757307053
0.999996841 -0.002498309 0.000051148 0.213296816 0.002498048 0.999986291 0.004588379 -0.458675593 -0.000062610 -0.004588236 0.999989510 13.155151367
0.999998748 -0.001246318 0.001011757 0.218922496 0.001241743 0.999988973 0.004510904 -0.467460752 -0.001017368 -0.004509641 0.999989331 13.583685875
0.999997914 -0.001901560 0.000716180 0.218897060 0.001897644 0.999983370 0.005429048 -0.488763630 -0.000726492 -0.005427677 0.999985039 13.983722687
0.999994278 -0.003318589 0.000621051 0.237602845 0.003314989 0.999978185 0.005710409 -0.543094397 -0.000639988 -0.005708317 0.999983490 14.500844002
0.999995649 -0.002790521 0.000938538 0.244490653 0.002784744 0.999977469 0.006100940 -0.554825187 -0.000955542 -0.006098299 0.999980927 14.918256760
0.999992251 -0.003901333 0.000560420 0.264399678 0.003897659 0.999971867 0.006414629 -0.569423318 -0.000585429 -0.006412393 0.999979258 15.326560020
0.999995470 -0.002518631 0.001628846 0.264178574 0.002507407 0.999973357 0.006856199 -0.592221975 -0.001646071 -0.006852084 0.999975145 15.732919693
0.999994159 -0.002785819 0.002002066 0.244538695 0.002770379 0.999966741 0.007673593 -0.612404823 -0.002023377 -0.007668002 0.999968588 16.207172394
0.999989808 -0.004174653 0.001736521 0.279211164 0.004162942 0.999968946 0.006693728 -0.626563132 -0.001764411 -0.006686431 0.999976039 16.732593536
0.999992490 -0.002673127 0.002832605 0.281144440 0.002655314 0.999976754 0.006273751 -0.634469509 -0.002849310 -0.006266182 0.999976277 17.193901062
0.999993682 -0.002572560 0.002460143 0.296083480 0.002555275 0.999972224 0.007003591 -0.648457766 -0.002478092 -0.006997259 0.999972463 17.663824081
0.999991000 -0.003196880 0.002808627 0.310059279 0.003176535 0.999968886 0.007218281 -0.660494566 -0.002831616 -0.007209294 0.999970019 18.121017456
0.999990523 -0.002770368 0.003348322 0.328153610 0.002747948 0.999973953 0.006682351 -0.666222751 -0.003366747 -0.006673087 0.999972045 18.606321335
0.999991238 -0.003111269 0.002792946 0.348378301 0.003090853 0.999968767 0.007284365 -0.684301019 -0.002815522 -0.007275669 0.999969602 19.068298340
0.999989629 -0.003516359 0.002912434 0.368112057 0.003494018 0.999964654 0.007640648 -0.689724207 -0.002939198 -0.007630392 0.999966562 19.561382294
0.999988377 -0.004462718 0.001819179 0.364320546 0.004448975 0.999962032 0.007489355 -0.704459488 -0.001852533 -0.007481174 0.999970317 20.119365692
0.999988437 -0.004148345 0.002428664 0.359164774 0.004130514 0.999964774 0.007301382 -0.710726976 -0.002458868 -0.007291265 0.999970436 20.626537323
0.999988973 -0.004221309 0.002054027 0.373569697 0.004205714 0.999962687 0.007538470 -0.732736349 -0.002085773 -0.007529750 0.999969482 21.126092911
0.999988496 -0.004594995 0.001352920 0.387764841 0.004584592 0.999960661 0.007594537 -0.752531648 -0.001387763 -0.007588247 0.999970317 21.654329300
0.999988914 -0.004434255 0.001583717 0.354049534 0.004421791 0.999959886 0.007788764 -0.769120455 -0.001618191 -0.007781675 0.999968410 22.145673752
0.999989688 -0.004205829 0.001750473 0.353704870 0.004191269 0.999957263 0.008240250 -0.785092533 -0.001785056 -0.008232827 0.999964535 22.681697845
0.999989569 -0.004404839 0.001199796 0.354791582 0.004395154 0.999958694 0.007958409 -0.792171717 -0.001234802 -0.007953053 0.999967635 23.216711044
0.999994576 -0.003090228 0.001113833 0.336757809 0.003080601 0.999958754 0.008543865 -0.818907022 -0.001140189 -0.008540386 0.999962926 23.720283508
0.999975562 -0.006852130 -0.001365284 0.382766426 0.006863139 0.999942601 0.008228797 -0.836234570 0.001308821 -0.008237966 0.999965131 24.223680496
0.999981642 -0.005738719 -0.001962651 0.390885532 0.005755214 0.999947250 0.008504586 -0.842509806 0.001913743 -0.008515727 0.999961853 24.758481979
0.999985695 -0.004866772 -0.002199593 0.410745829 0.004885675 0.999950528 0.008671979 -0.852037907 0.002157280 -0.008682604 0.999960005 25.297107697
0.999987066 -0.004437774 -0.002469601 0.380223423 0.004459116 0.999952197 0.008704419 -0.877563596 0.002430854 -0.008715319 0.999959052 25.800775528
0.999977708 -0.005920749 -0.003068248 0.404506654 0.005949597 0.999937296 0.009479966 -0.901707411 0.003011927 -0.009498009 0.999950349 26.272125244
0.999972939 -0.006372260 -0.003656943 0.432412237 0.006406787 0.999934256 0.009508783 -0.894394755 0.003596110 -0.009531955 0.999948084 26.838279724
0.999962926 -0.007514358 -0.004202717 0.443912089 0.007554819 0.999924421 0.009695597 -0.913279295 0.004129544 -0.009726988 0.999944150 27.363977432
0.999978781 -0.005290551 -0.003798299 0.444585383 0.005326416 0.999940753 0.009495514 -0.930269718 0.003747837 -0.009515544 0.999947667 27.916810989
0.999969721 -0.005974564 -0.004994159 0.454451919 0.006020127 0.999939978 0.009158424 -0.931664824 0.004939141 -0.009188212 0.999945581 28.547655106
0.999964714 -0.005914079 -0.005965467 0.476241171 0.005970685 0.999936879 0.009516253 -0.940128565 0.005908810 -0.009551535 0.999936938 29.128618240
0.999964297 -0.006575227 -0.005305231 0.435521483 0.006631349 0.999921501 0.010631164 -1.001461267 0.005234913 -0.010665964 0.999929428 29.657402039
0.999967992 -0.005965834 -0.005324575 0.440073252 0.006023869 0.999921978 0.010950845 -1.011980057 0.005258828 -0.010982569 0.999925911 30.200778961
0.999966502 -0.005799931 -0.005764945 0.437644303 0.005854499 0.999937713 0.009494069 -1.012370110 0.005709522 -0.009527502 0.999938309 30.790693283
0.999957323 -0.006597018 -0.006461214 0.497376859 0.006673079 0.999907792 0.011821958 -1.054552794 0.006382629 -0.011864568 0.999909222 31.267782211
0.999958694 -0.005938490 -0.006883337 0.479484618 0.006018538 0.999913812 0.011667540 -1.089177728 0.006813456 -0.011708486 0.999908268 31.879535675
0.999956191 -0.006171627 -0.007051376 0.488318086 0.006255653 0.999908864 0.011956872 -1.104563713 0.006976941 -0.012000458 0.999903679 32.417869568
0.999956429 -0.006033536 -0.007117188 0.490523040 0.006117665 0.999910891 0.011858557 -1.107179046 0.007045005 -0.011901583 0.999904394 32.931529999
0.999969423 -0.004459270 -0.006413506 0.460732400 0.004535319 0.999918938 0.011892419 -1.134031773 0.006359956 -0.011921143 0.999908745 33.429428101
0.999955654 -0.005963400 -0.007294294 0.474222243 0.006053585 0.999904752 0.012404886 -1.140948415 0.007219624 -0.012448493 0.999896467 34.027984619
0.999956727 -0.005908126 -0.007184976 0.482343733 0.006001044 0.999897718 0.012980182 -1.154549956 0.007107553 -0.013022739 0.999889970 34.588481903
0.999944091 -0.007199495 -0.007747770 0.464212269 0.007296526 0.999894321 0.012569288 -1.173860312 0.007656459 -0.012625116 0.999890983 35.219203949
0.999940813 -0.007010128 -0.008327133 0.476673514 0.007113255 0.999897540 0.012420074 -1.173593879 0.008239214 -0.012478572 0.999888122 35.771808624
0.999942899 -0.007262490 -0.007845106 0.471041560 0.007363785 0.999888837 0.012961157 -1.198989749 0.007750104 -0.013018185 0.999885261 36.298019409
0.999953032 -0.005950751 -0.007640967 0.471568465 0.006049655 0.999897242 0.012986695 -1.200925231 0.007562902 -0.013032312 0.999886453 36.855812073
0.999947846 -0.005973567 -0.008288728 0.503194988 0.006087237 0.999886870 0.013757035 -1.233752847 0.008205612 -0.013806773 0.999871016 37.379730225
0.999945462 -0.006804778 -0.007933268 0.494224459 0.006905301 0.999895334 0.012713463 -1.216577172 0.007845927 -0.012767551 0.999887645 37.978523254
0.999943614 -0.006272655 -0.008575045 0.511208296 0.006391676 0.999882638 0.013923868 -1.279854298 0.008486698 -0.013977893 0.999866307 38.578922272
0.999930978 -0.007864071 -0.008736469 0.515392542 0.007983351 0.999874175 0.013703259 -1.267650843 0.008627607 -0.013772058 0.999867916 39.131042480
0.999918997 -0.008571642 -0.009410352 0.518660903 0.008709201 0.999854386 0.014675523 -1.303296566 0.009283189 -0.014756290 0.999848008 39.650440216
0.999900222 -0.009850652 -0.010123317 0.498554111 0.010000726 0.999839246 0.014882510 -1.315732598 0.009975086 -0.014982266 0.999837935 40.254436493
0.999908924 -0.009832033 -0.009247319 0.492212683 0.009972180 0.999834299 0.015233444 -1.334621429 0.009096009 -0.015324271 0.999841154 40.779434204
0.999906480 -0.009193376 -0.010116397 0.510076284 0.009345138 0.999842942 0.015058114 -1.335309029 0.009976372 -0.015151245 0.999835372 41.355247498
0.999900579 -0.009552890 -0.010369732 0.516317308 0.009714746 0.999830008 0.015672069 -1.364915133 0.010218255 -0.015771251 0.999823332 41.914085388
0.999900162 -0.009820824 -0.010157849 0.516309619 0.009988277 0.999812841 0.016567891 -1.392382860 0.009993239 -0.016667699 0.999811053 42.429920197
0.999883831 -0.010901472 -0.010650547 0.546358943 0.011079350 0.999797642 0.016787494 -1.402164340 0.010465383 -0.016903544 0.999802291 43.000072479
0.999875903 -0.011369864 -0.010905807 0.532718241 0.011554665 0.999788046 0.017034341 -1.393776178 0.010709819 -0.017158240 0.999795377 43.561328888
0.999885559 -0.010648160 -0.010747831 0.542610407 0.010826871 0.999801755 0.016708657 -1.411950231 0.010567783 -0.016823115 0.999802649 44.120452881
0.999896109 -0.010697458 -0.009656864 0.526982546 0.010858457 0.999800324 0.016776502 -1.427034616 0.009475469 -0.016879618 0.999812543 44.611392975
0.999854505 -0.012893408 -0.011162458 0.488382518 0.013092029 0.999753892 0.017907327 -1.477841139 0.010928825 -0.018050857 0.999777317 45.235591888
0.999855876 -0.012496252 -0.011485821 0.499505699 0.012694996 0.999767959 0.017396547 -1.477549791 0.011265765 -0.017539853 0.999782681 45.794506073
0.999840319 -0.013404248 -0.011815287 0.507907033 0.013624124 0.999731719 0.018729685 -1.492044210 0.011561061 -0.018887671 0.999754727 46.312110901
0.999830782 -0.013617678 -0.012369373 0.513071775 0.013860566 0.999708474 0.019767461 -1.506142020 0.012096582 -0.019935561 0.999728084 46.826370239
0.999842942 -0.013482160 -0.011505197 0.484078467 0.013714372 0.999698877 0.020348772 -1.541924238 0.011227385 -0.020503365 0.999726713 47.424610138
0.999833703 -0.014273192 -0.011352051 0.492661238 0.014504269 0.999683678 0.020540327 -1.572392702 0.011055285 -0.020701563 0.999724567 47.980339050
0.999848127 -0.012874614 -0.011748845 0.511981070 0.013118735 0.999694586 0.020943303 -1.560271978 0.011475619 -0.021094248 0.999711692 48.503719330
0.999842703 -0.013578697 -0.011407861 0.531906784 0.013794968 0.999722421 0.019098090 -1.534660578 0.011145368 -0.019252457 0.999752522 48.909038544
0.999834597 -0.013790109 -0.011857457 0.547943830 0.014023305 0.999705315 0.019813767 -1.548681855 0.011580730 -0.019976771 0.999733388 49.444087982
0.999818087 -0.014500380 -0.012385224 0.566224515 0.014749611 0.999685645 0.020274851 -1.555378079 0.012087338 -0.020453839 0.999717772 49.997547150
0.999811709 -0.014668766 -0.012698577 0.566952705 0.014919544 0.999690950 0.019884188 -1.559235096 0.012402977 -0.020069901 0.999721646 50.550434113
0.999828756 -0.013345377 -0.012822461 0.561617970 0.013590985 0.999722123 0.019262191 -1.557301283 0.012561837 -0.019433161 0.999732256 51.096763611
0.999827504 -0.013971105 -0.012239663 0.550619125 0.014210540 0.999704957 0.019698648 -1.566354632 0.011960840 -0.019869180 0.999731064 51.580799103
0.999828100 -0.013690172 -0.012500166 0.543777108 0.013937362 0.999704719 0.019906864 -1.572378516 0.012223945 -0.020077661 0.999723732 52.121475220
0.999824941 -0.013975569 -0.012440130 0.554079413 0.014218878 0.999705017 0.019689824 -1.575138330 0.012161283 -0.019863259 0.999728799 52.666156769
0.999846458 -0.013061676 -0.011683803 0.555907965 0.013296850 0.999705911 0.020282239 -1.579044223 0.011415446 -0.020434476 0.999725997 53.206233978
0.999832690 -0.013842121 -0.011956658 0.530857623 0.014081117 0.999697983 0.020141272 -1.609368443 0.011674250 -0.020306267 0.999725580 53.696369171
0.999838710 -0.013774715 -0.011526836 0.533566535 0.014007128 0.999695182 0.020331038 -1.617270947 0.011243270 -0.020489218 0.999726892 54.215099335
0.999836862 -0.013804385 -0.011646505 0.510370195 0.014041619 0.999690473 0.020539906 -1.623733997 0.011359361 -0.020700091 0.999721169 54.752567291
0.999829888 -0.013511302 -0.012558816 0.556366086 0.013763457 0.999700963 0.020213040 -1.628494978 0.012281955 -0.020382453 0.999716818 55.304203033
0.999844849 -0.013322209 -0.011522246 0.523613930 0.013555768 0.999699295 0.020435318 -1.628077745 0.011246536 -0.020588342 0.999724805 55.807437897
0.999843419 -0.013807146 -0.011069693 0.490292430 0.014042493 0.999670863 0.021472439 -1.684394956 0.010769578 -0.021624524 0.999708116 56.277290344
0.999845445 -0.013805839 -0.010886184 0.481477976 0.014041288 0.999662519 0.021856638 -1.700709224 0.010580763 -0.022006113 0.999701798 56.730690002
0.999845803 -0.013605011 -0.011108553 0.489699304 0.013845078 0.999665797 0.021827778 -1.700952291 0.010807876 -0.021978207 0.999700010 57.260372162
0.999848366 -0.013656510 -0.010803371 0.496251822 0.013885532 0.999674201 0.021416023 -1.706635237 0.010507382 -0.021562789 0.999712348 57.843616486
0.999852955 -0.013701113 -0.010318629 0.491286039 0.013921027 0.999670863 0.021550961 -1.709921837 0.010019962 -0.021691440 0.999714494 58.398509979
0.999829233 -0.014649230 -0.011267516 0.541757762 0.014881074 0.999673486 0.020775223 -1.690814734 0.010959496 -0.020939346 0.999720693 58.897232056
0.999828815 -0.014375572 -0.011648384 0.502474546 0.014629588 0.999650359 0.022023387 -1.738708019 0.011327713 -0.022190031 0.999689579 59.208789825
0.999840975 -0.014096227 -0.010919748 0.511244297 0.014334070 0.999654889 0.022018004 -1.746521473 0.010605607 -0.022171035 0.999697864 59.755649567
0.999833763 -0.014337403 -0.011266102 0.516372561 0.014578970 0.999659002 0.021660812 -1.730136514 0.010951701 -0.021821456 0.999701917 60.307975769
0.999823987 -0.014929358 -0.011364186 0.519324124 0.015171867 0.999652326 0.021561330 -1.737677455 0.011038339 -0.021729954 0.999702871 60.838207245
0.999815226 -0.014421847 -0.012714243 0.612277806 0.014700002 0.999648511 0.022062363 -1.759492993 0.012391593 -0.022245184 0.999675751 61.322082520
0.999827325 -0.014264542 -0.011906751 0.553047597 0.014534038 0.999632955 0.022863001 -1.782248378 0.011576250 -0.023032103 0.999667704 61.729278564
0.999834120 -0.014169614 -0.011442587 0.560116291 0.014427486 0.999636412 0.022777217 -1.791099548 0.011115683 -0.022938523 0.999675095 62.251026154
0.999831796 -0.014261721 -0.011529588 0.559300840 0.014519174 0.999639988 0.022563485 -1.788655400 0.011203646 -0.022727087 0.999678910 62.757083893
0.999843657 -0.013924936 -0.010893294 0.560057044 0.014167318 0.999646425 0.022499181 -1.799629569 0.010576143 -0.022649992 0.999687493 63.322959900
0.999815166 -0.014925733 -0.012119832 0.572378635 0.015200948 0.999621212 0.022942442 -1.789209962 0.011772809 -0.023122434 0.999663293 63.742652893
0.999805868 -0.015245903 -0.012483205 0.574627340 0.015528126 0.999618769 0.022832314 -1.791284084 0.012130345 -0.023021722 0.999661326 64.285049438
0.999821067 -0.014413766 -0.012248386 0.572371840 0.014689409 0.999633849 0.022720829 -1.801597834 0.011916409 -0.022896685 0.999666810 64.802978516
0.999813914 -0.015017102 -0.012109128 0.586139321 0.015289054 0.999625683 0.022687607 -1.800726414 0.011763893 -0.022868518 0.999669254 65.241920471
0.999813437 -0.015033541 -0.012129053 0.605824888 0.015310266 0.999616981 0.023054291 -1.816197395 0.011777818 -0.023235686 0.999660611 65.760360718
0.999824822 -0.014584709 -0.011727514 0.589366436 0.014846605 0.999635100 0.022563882 -1.807307601 0.011394150 -0.022734044 0.999676585 66.321327209
0.999821246 -0.015094657 -0.011381589 0.592288315 0.015343234 0.999638498 0.022079017 -1.798113704 0.011044199 -0.022249704 0.999691427 66.840904236
0.999807835 -0.015461749 -0.012048933 0.585642278 0.015732104 0.999619067 0.022675887 -1.812735915 0.011693737 -0.022861093 0.999670267 67.209770203
0.999798954 -0.016047465 -0.012017009 0.594463527 0.016316179 0.999611259 0.022607472 -1.809784055 0.011649546 -0.022799000 0.999672174 67.757545471
0.999810219 -0.015562730 -0.011715528 0.598087728 0.015820919 0.999626577 0.022277787 -1.819727182 0.011364452 -0.022458909 0.999683201 68.307792664
0.999829173 -0.014501652 -0.011452299 0.595000923 0.014749937 0.999651253 0.021901429 -1.802682877 0.011130699 -0.022066610 0.999694526 68.820648193
0.999820769 -0.014993809 -0.011560045 0.602385044 0.015249204 0.999634326 0.022330567 -1.820586205 0.011220995 -0.022502843 0.999683797 69.196113586
0.999818206 -0.014886742 -0.011910978 0.614521861 0.015142044 0.999651074 0.021638978 -1.811313033 0.011584687 -0.021815402 0.999694824 69.766716003
0.999830663 -0.014281595 -0.011606288 0.628010809 0.014536299 0.999648631 0.022165701 -1.832118869 0.011285650 -0.022330659 0.999686897 70.287826538
0.999816835 -0.014935561 -0.011964498 0.643090308 0.015187185 0.999659300 0.021223597 -1.820238471 0.011643437 -0.021401418 0.999703109 70.836814880
0.999801874 -0.015447651 -0.012551446 0.688753545 0.015707646 0.999658406 0.020886937 -1.839646101 0.012224506 -0.021079952 0.999703050 71.292610168
0.999841213 -0.013832525 -0.011232845 0.617998421 0.014080355 0.999652267 0.022291951 -1.855533481 0.010920587 -0.022446573 0.999688387 71.642692566
0.999844372 -0.013976724 -0.010761176 0.619834781 0.014211899 0.999654710 0.022097031 -1.853808284 0.010448618 -0.022246528 0.999697924 72.197822571
0.999853134 -0.013427658 -0.010643282 0.625481069 0.013656229 0.999671161 0.021702105 -1.858383179 0.010348375 -0.021844272 0.999707818 72.753273010
0.999811411 -0.015581200 -0.011585382 0.652265549 0.015820932 0.999656498 0.020897189 -1.850869775 0.011255800 -0.021076545 0.999714494 73.334274292
0.999829829 -0.014352666 -0.011589196 0.672075272 0.014590677 0.999678791 0.020720787 -1.857679248 0.011288076 -0.020886358 0.999718130 73.762367249
0.999832213 -0.014445345 -0.011266206 0.597099185 0.014695726 0.999639571 0.022467323 -1.845378995 0.010937597 -0.022629121 0.999684095 74.111480713
0.999831915 -0.014342462 -0.011422197 0.612389207 0.014591720 0.999650478 0.022046316 -1.848769784 0.011102006 -0.022209281 0.999691665 74.660285950
0.999830961 -0.014591223 -0.011192343 0.629228830 0.014827616 0.999662399 0.021337051 -1.858290076 0.010877230 -0.021499397 0.999709725 75.223213196
0.999816418 -0.015721368 -0.010958310 0.615520060 0.015949251 0.999651611 0.021028072 -1.840343356 0.010623904 -0.021198990 0.999718785 75.769920349
0.999819458 -0.015041554 -0.011610582 0.638343275 0.015282932 0.999662936 0.020988483 -1.839878678 0.011290967 -0.021162139 0.999712288 76.299613953
0.999858201 -0.013521319 -0.010030464 0.556369603 0.013736344 0.999670446 0.021687308 -1.835278034 0.009733914 -0.021822017 0.999714494 76.564773560
0.999850988 -0.014034168 -0.010051410 0.561686814 0.014251412 0.999659061 0.021878099 -1.833888173 0.009740942 -0.022018086 0.999710143 77.107635498
0.999833345 -0.014745517 -0.010756101 0.572343767 0.014968905 0.999667585 0.020992626 -1.831133485 0.010442979 -0.021150136 0.999721766 77.634605408
0.999859631 -0.013570683 -0.009816797 0.568255782 0.013769728 0.999695003 0.020500995 -1.836987734 0.009535589 -0.020633295 0.999741614 78.166625977
0.999877989 -0.013252584 -0.008264623 0.562575459 0.013428215 0.999677122 0.021570573 -1.841351867 0.007976087 -0.021678921 0.999733090 78.561294556
0.999897838 -0.012917581 -0.006123037 0.553160191 0.013042734 0.999697268 0.020860810 -1.844372749 0.005851712 -0.020938538 0.999763668 79.117485046
0.999893367 -0.013485736 -0.005601657 0.578173280 0.013597326 0.999699771 0.020385282 -1.846309781 0.005325065 -0.020459274 0.999776483 79.687965393
0.999903738 -0.013142232 -0.004453354 0.572777033 0.013235207 0.999680519 0.021534147 -1.848420024 0.004168923 -0.021591015 0.999758303 80.064384460
0.999915123 -0.012980221 -0.001197508 0.579125583 0.013003301 0.999676585 0.021856584 -1.865725875 0.000913418 -0.021870295 0.999760449 80.593742371
0.999918342 -0.012544533 0.002428979 0.594196081 0.012487389 0.999674261 0.022262000 -1.882377267 -0.002707454 -0.022229856 0.999749184 81.165153503
0.999908805 -0.012388466 0.005379089 0.611608565 0.012270997 0.999696851 0.021347845 -1.839041829 -0.005641925 -0.021279896 0.999757588 81.728370667
0.999871314 -0.013080794 0.009285127 0.601699710 0.012876873 0.999681890 0.021692134 -1.852912903 -0.009565922 -0.021569783 0.999721587 82.061668396
0.999805748 -0.012554540 0.015192021 0.624800861 0.012221737 0.999687672 0.021804439 -1.859197378 -0.015461018 -0.021614533 0.999646902 82.647323608
0.999701560 -0.013161034 0.020580074 0.679823995 0.012706532 0.999675870 0.022061545 -1.866249919 -0.020863757 -0.021793462 0.999544799 83.142364502
0.999545455 -0.012751078 0.027315298 0.696427226 0.012162423 0.999692559 0.021609195 -1.861696959 -0.027582437 -0.021267153 0.999393344 83.717788696
0.999278367 -0.013585793 0.035471778 0.701024532 0.012860192 0.999704957 0.020604430 -1.838506222 -0.035741244 -0.020133389 0.999158263 84.257423401
0.998943567 -0.012617338 0.044185888 0.708640814 0.011668926 0.999697328 0.021656657 -1.862649560 -0.044445768 -0.021118179 0.998788536 84.700614929
0.998635769 -0.013417571 0.050463513 0.798185349 0.012344711 0.999692380 0.021512026 -1.834154129 -0.050736625 -0.020859722 0.998494148 85.113426208
0.998134017 -0.012804541 0.059704028 0.851632118 0.011569230 0.999712765 0.020990543 -1.832783461 -0.059955653 -0.020260643 0.997995377 85.659812927
0.997461736 -0.013276632 0.069956034 0.912156105 0.011847934 0.999713480 0.020798337 -1.832280755 -0.070212118 -0.019916706 0.997333288 86.240249634
0.996837914 -0.013926845 0.078232333 0.965023994 0.012324802 0.999705136 0.020923708 -1.844795465 -0.078500666 -0.019893341 0.996715665 86.778320312
0.996132731 -0.012997527 0.086894393 1.025452137 0.011260286 0.999727428 0.020452911 -1.843167186 -0.087136552 -0.019395359 0.996007621 87.355102539
0.995287776 -0.014801174 0.095828861 1.102272034 0.012764621 0.999680221 0.021830244 -1.852970600 -0.096121334 -0.020504158 0.995158374 87.590263367
0.994262993 -0.014823020 0.105931029 1.189733505 0.012573670 0.999681711 0.021870520 -1.858886600 -0.106221490 -0.020413106 0.994132996 88.123107910
0.993173480 -0.014602440 0.115729056 1.269558907 0.012135077 0.999684453 0.021996163 -1.866497040 -0.116013736 -0.020441627 0.993037224 88.665252686
0.991793215 -0.014277266 0.127052650 1.359137535 0.011594785 0.999694467 0.021827767 -1.857923865 -0.127325445 -0.020175483 0.991655827 89.236000061
0.990131080 -0.013380109 0.139504135 1.450954437 0.010425979 0.999706149 0.021885296 -1.867835283 -0.139755964 -0.020214844 0.989979684 89.820335388
0.988529921 -0.014306736 0.150345922 1.532011986 0.011194406 0.999705613 0.021527130 -1.860412359 -0.150609642 -0.019597182 0.988399088 90.327239990
0.987049401 -0.015587184 0.159657612 1.577147484 0.012156516 0.999674380 0.022441914 -1.858273983 -0.159955367 -0.020210404 0.986917317 90.610275269
0.984931350 -0.014752345 0.172316074 1.691638947 0.010970124 0.999678016 0.022881076 -1.862587929 -0.172598153 -0.020645957 0.984775901 91.151855469
0.982731998 -0.016092768 0.184333384 1.829995155 0.012156341 0.999673724 0.022465236 -1.870294571 -0.184634790 -0.019836489 0.982607126 91.696876526
0.980611742 -0.015602655 0.195338964 1.962537766 0.011546543 0.999693692 0.021886077 -1.870942950 -0.195620626 -0.019206254 0.980491579 92.247329712
0.978000224 -0.016259868 0.207969397 2.126798630 0.011779595 0.999671519 0.022763355 -1.889108419 -0.208271235 -0.019812772 0.977870405 92.760398865
0.974824965 -0.015022424 0.222464964 2.151838303 0.010189581 0.999686778 0.022856023 -1.842726231 -0.222738653 -0.020013800 0.974672735 93.189079285
0.972151101 -0.015967771 0.233810171 2.302972794 0.011045423 0.999689221 0.022347139 -1.841589451 -0.234094352 -0.019142270 0.972025394 93.735046387
0.969256759 -0.016452124 0.245501041 2.497509003 0.011231843 0.999680400 0.022648895 -1.851698160 -0.245795205 -0.019195164 0.969131708 94.242622375
0.965501547 -0.015365496 0.259943694 2.651409149 0.009708042 0.999687433 0.023034092 -1.857372522 -0.260216415 -0.019715905 0.965349078 94.775161743
0.961933076 -0.016208289 0.272804111 2.761489868 0.010289915 0.999679923 0.023111427 -1.841925621 -0.273091406 -0.019424515 0.961791933 95.200309753
0.958926678 -0.017473254 0.283115566 2.953395844 0.011495474 0.999674857 0.022761926 -1.839381456 -0.283421278 -0.018572468 0.958815575 95.717422485
0.954510152 -0.017729230 0.297650844 3.124921799 0.011518174 0.999677956 0.022608068 -1.837054729 -0.297955900 -0.018151235 0.954406977 96.259300232
0.950183451 -0.018548608 0.311138839 3.298219681 0.012202490 0.999676108 0.022330860 -1.844842672 -0.311452240 -0.017421745 0.950102031 96.731018066
0.946406722 -0.018533550 0.322445035 3.481349945 0.011445231 0.999649644 0.023865189 -1.845430613 -0.322774440 -0.018895717 0.946287274 97.118362427
0.941955388 -0.017725773 0.335269481 3.694816589 0.010359885 0.999664307 0.023745896 -1.850623608 -0.335577846 -0.018894225 0.941822946 97.637260437
0.936505556 -0.017447596 0.350218415 3.896211624 0.009706452 0.999668479 0.023847023 -1.843566418 -0.350518376 -0.018933496 0.936364412 98.148513794
0.932011068 -0.018997129 0.361931682 4.122344971 0.011169855 0.999656439 0.023706619 -1.852398872 -0.362257749 -0.018052110 0.931903064 98.670547485
0.927655995 -0.018987546 0.372952908 4.372953415 0.011042283 0.999664485 0.023428526 -1.845328569 -0.373272657 -0.017615359 0.927554369 99.191719055
0.921892822 -0.018928692 0.386982322 4.526489258 0.010194469 0.999645114 0.024610337 -1.855734587 -0.387310833 -0.018743014 0.921758652 99.569976807
0.916180909 -0.018230753 0.400350124 4.762313843 0.009256842 0.999660909 0.024337772 -1.859807491 -0.400658101 -0.018591821 0.916039050 100.062454224
0.911495686 -0.019768298 0.410834521 5.015094757 0.010412593 0.999633253 0.024997931 -1.868268728 -0.411178052 -0.018507654 0.911367178 100.528717041
0.905949712 -0.019133089 0.422952801 5.260238647 0.009493783 0.999645233 0.024885550 -1.866888523 -0.423278898 -0.018529633 0.905809939 101.032333374
0.899801016 -0.020777060 0.435805559 5.511405945 0.010653977 0.999614000 0.025659567 -1.904188633 -0.436170489 -0.018445443 0.899674892 101.457916260
0.893391192 -0.019733222 0.448846042 5.712787628 0.009568971 0.999644101 0.024902452 -1.846327305 -0.449177653 -0.017952638 0.893262088 101.935302734
0.887870550 -0.020121109 0.459653258 5.986865997 0.009622405 0.999636829 0.025171921 -1.848670244 -0.459992886 -0.017926436 0.887741685 102.407066345
0.880714059 -0.021172931 0.473174691 6.272674561 0.010617415 0.999631822 0.024968008 -1.850291491 -0.473529190 -0.016965784 0.880614638 102.884994507
