1.000000000 0.000000000 0.000000000 0.000000000 0.000000000 1.000000000 0.000000000 0.000000000 0.000000000 0.000000000 1.000000000 0.000000000
1.000000000 0.000181595 0.000113938 -0.002821859 -0.000181581 1.000000000 -0.000125961 0.002688237 -0.000113961 0.000125940 1.000000000 0.001519509
1.000000000 0.000052534 -0.000003614 -0.000055991 -0.000052534 1.000000000 0.000005113 0.000437051 0.000003614 -0.000005113 1.000000000 -0.000508179
1.000000000 0.000190903 0.000091210 -0.001379289 -0.000190900 1.000000000 -0.000037411 0.000984005 -0.000091217 0.000037394 1.000000000 -0.003076832
1.000000000 0.000051758 -0.000055797 0.003080906 -0.000051762 1.000000000 -0.000075836 0.000998402 0.000055793 0.000075839 1.000000000 -0.000864271
1.000000000 -0.000070805 -0.000044231 0.001087126 0.000070805 1.000000000 0.000003353 0.002194026 0.000044230 -0.000003357 1.000000000 -0.000741692
1.000000000 0.000038758 0.000050849 -0.001715177 -0.000038755 1.000000000 -0.000057284 0.000991531 -0.000050851 0.000057282 1.000000000 -0.001444014
1.000000000 0.000028345 0.000049731 -0.000467643 -0.000028347 1.000000000 0.000034956 0.001060706 -0.000049730 -0.000034957 1.000000000 -0.000549888
0.999999940 0.000113285 0.000275348 -0.010124847 -0.000113300 1.000000000 0.000052324 0.000553682 -0.000275342 -0.000052355 0.999999940 -0.002955016
0.999999940 0.000141210 0.000200211 -0.005250777 -0.000141208 1.000000000 -0.000009258 0.000977755 -0.000200212 0.000009230 1.000000000 -0.001736094
0.999999940 0.000233275 0.000136906 -0.001873125 -0.000233278 1.000000000 0.000019318 0.001186244 -0.000136902 -0.000019350 1.000000000 -0.003422975
1.000000000 0.000103910 0.000070173 -0.001585133 -0.000103907 1.000000000 -0.000038762 0.001993745 -0.000070177 0.000038755 1.000000000 -0.002993942
1.000000000 0.000100349 0.000161916 -0.005106070 -0.000100346 1.000000000 -0.000017893 0.000888123 -0.000161918 0.000017877 1.000000000 -0.003636835
1.000000000 0.000020271 0.000090951 -0.002417911 -0.000020273 1.000000000 0.000026872 -0.000820381 -0.000090950 -0.000026873 1.000000000 -0.001760112
1.000000000 0.000064158 0.000067457 -0.000581932 -0.000064159 1.000000000 0.000008555 0.001099252 -0.000067456 -0.000008559 1.000000000 -0.003707783
1.000000000 -0.000005715 0.000121019 -0.003565364 0.000005720 1.000000000 -0.000043979 0.001822330 -0.000121019 0.000043979 1.000000000 -0.000411562
1.000000000 0.000018509 0.000091493 -0.004106631 -0.000018515 1.000000000 0.000066884 -0.000743671 -0.000091492 -0.000066885 1.000000000 -0.002408844
1.000000000 0.000047741 0.000098766 -0.001491189 -0.000047751 1.000000000 0.000099201 -0.001923440 -0.000098761 -0.000099205 1.000000000 -0.006522852
1.000000000 0.000081776 0.000078696 -0.001937624 -0.000081782 1.000000000 0.000083758 -0.000427520 -0.000078689 -0.000083764 1.000000000 -0.003351964
1.000000000 -0.000099459 0.000029019 -0.001817493 0.000099460 1.000000000 -0.000020065 -0.000037685 -0.000029017 0.000020068 1.000000000 -0.005125320
1.000000000 -0.000008959 0.000137883 -0.002437250 0.000008958 1.000000000 0.000005076 0.000503285 -0.000137883 -0.000005074 1.000000000 -0.003768936
1.000000000 -0.000076413 0.000003834 -0.000638589 0.000076413 1.000000000 0.000011664 -0.000395339 -0.000003835 -0.000011664 1.000000000 -0.001026498
1.000000000 0.000039922 0.000172216 -0.005568527 -0.000039903 1.000000000 -0.000107472 0.001837492 -0.000172221 0.000107465 1.000000000 0.003915238
1.000000000 -0.000004369 0.000069901 -0.001757170 0.000004364 1.000000000 0.000071647 -0.001490721 -0.000069901 -0.000071647 1.000000000 -0.002935402
1.000000000 -0.000048774 0.000071909 -0.002108657 0.000048771 1.000000000 0.000040372 0.000593199 -0.000071911 -0.000040369 1.000000000 0.001032463
1.000000000 -0.000007526 -0.000039284 0.001449297 0.000007525 1.000000000 -0.000005476 0.001540538 0.000039284 0.000005476 1.000000000 -0.005933206
1.000000000 -0.000106244 0.000105090 -0.003589445 0.000106242 1.000000000 0.000020962 0.000873606 -0.000105092 -0.000020951 1.000000000 -0.001500383
1.000000000 0.000076377 0.000152809 -0.004854573 -0.000076370 1.000000000 -0.000045943 0.001268500 -0.000152812 0.000045932 1.000000000 -0.003651933
1.000000000 -0.000055081 0.000117063 -0.004069298 0.000055077 1.000000000 0.000035701 0.001157417 -0.000117065 -0.000035695 1.000000000 -0.002856885
1.000000000 -0.000121457 0.000096338 -0.003630523 0.000121463 1.000000000 -0.000054438 0.003196122 -0.000096331 0.000054449 1.000000000 0.001666527
1.000000000 -0.000006026 0.000089893 -0.003182032 0.000006022 1.000000000 0.000037999 -0.000047742 -0.000089893 -0.000037998 1.000000000 0.000948097
1.000000000 0.000001473 0.000147700 -0.005391811 -0.000001480 1.000000000 0.000044381 0.000929311 -0.000147700 -0.000044381 1.000000000 0.002354849
1.000000000 -0.000193540 0.000029061 -0.002919288 0.000193537 1.000000000 0.000075570 -0.000345587 -0.000029075 -0.000075565 1.000000000 -0.001023411
1.000000000 -0.000103901 0.000031108 -0.002344373 0.000103899 1.000000000 0.000058998 0.000862882 -0.000031114 -0.000058995 1.000000000 -0.002860087
1.000000000 0.000183467 0.000131630 -0.004314924 -0.000183469 1.000000000 0.000013600 0.000603401 -0.000131627 -0.000013624 1.000000000 -0.003619369
1.000000000 -0.000044682 0.000051861 -0.001992083 0.000044679 1.000000000 0.000061278 -0.000943678 -0.000051863 -0.000061276 1.000000000 -0.002656951
1.000000000 -0.000038488 0.000041622 -0.002108396 0.000038489 1.000000000 -0.000022953 0.002397203 -0.000041621 0.000022954 1.000000000 -0.002948195
1.000000000 -0.000113409 0.000016306 -0.001578268 0.000113410 1.000000000 -0.000096722 0.003003457 -0.000016295 0.000096723 1.000000000 -0.001343556
1.000000000 -0.000078609 0.000105815 -0.005135195 0.000078610 1.000000000 -0.000002560 0.000304565 -0.000105815 0.000002568 1.000000000 -0.001348608
1.000000000 0.000017353 0.000010181 -0.002929544 -0.000017353 1.000000000 0.000017136 0.001457584 -0.000010180 -0.000017136 1.000000000 -0.001406619
1.000000000 -0.000115180 -0.000043077 0.000851394 0.000115183 1.000000000 0.000065223 -0.000550254 0.000043070 -0.000065227 1.000000000 -0.001612205
1.000000000 -0.000002725 0.000163923 0.000194387 0.000002806 0.999999881 -0.000496934 -0.005163407 -0.000163922 0.000496934 0.999999881 0.048427131
1.000000000 -0.000129434 0.000177226 -0.002355536 0.000129641 0.999999285 -0.001168114 -0.006215803 -0.000177075 0.001168137 0.999999285 0.142569065
1.000000000 -0.000112299 0.000079459 0.001785872 0.000112413 0.999998927 -0.001440366 -0.012452001 -0.000079298 0.001440375 0.999998987 0.260947973
0.999999940 -0.000022789 0.000265042 0.002880751 0.000023118 0.999999225 -0.001240579 -0.017789459 -0.000265014 0.001240585 0.999999225 0.388834685
1.000000000 0.000190510 0.000111907 0.008309677 -0.000190399 0.999999523 -0.000984003 -0.021519091 -0.000112094 0.000983981 0.999999523 0.527026415
0.999999940 0.000174037 0.000324794 0.002902946 -0.000173744 0.999999583 -0.000902545 -0.031472296 -0.000324951 0.000902488 0.999999523 0.685497463
1.000000000 0.000117218 0.000063061 0.014553683 -0.000117181 0.999999821 -0.000585688 -0.034573916 -0.000063130 0.000585681 0.999999821 0.849770069
0.999999940 0.000284543 0.000028109 0.020915184 -0.000284525 0.999999762 -0.000619264 -0.037098020 -0.000028285 0.000619256 0.999999821 1.021359921
0.999999881 0.000333098 0.000372549 0.012977266 -0.000332856 0.999999762 -0.000648671 -0.041269738 -0.000372765 0.000648547 0.999999702 1.198183417
1.000000000 -0.000174113 0.000143109 0.032035924 0.000174145 0.999999940 -0.000222497 -0.050753094 -0.000143070 0.000222522 0.999999940 1.395655632
0.999999940 0.000033884 -0.000386935 0.045508184 -0.000033840 1.000000000 0.000114809 -0.059956335 0.000386939 -0.000114796 0.999999940 1.583546162
0.999999821 0.000537280 0.000307868 0.030390967 -0.000537262 0.999999881 -0.000058029 -0.054955378 -0.000307899 0.000057863 0.999999940 1.763736963
0.999999940 -0.000005446 0.000295904 0.042040072 0.000005361 0.999999940 0.000287068 -0.067481451 -0.000295906 -0.000287067 0.999999940 1.959786892
0.999999940 -0.000167604 0.000304071 0.047661930 0.000167616 1.000000000 -0.000039974 -0.073933087 -0.000304064 0.000040025 0.999999940 2.194655180
0.999991596 -0.001174216 0.003932916 -0.055570938 0.001170271 0.999998808 0.001005262 -0.093043134 -0.003934092 -0.001000651 0.999991715 2.215533257
0.999991596 -0.001549893 0.003801288 -0.046448320 0.001545626 0.999998152 0.001125241 -0.098407447 -0.003803025 -0.001119356 0.999992132 2.452600956
0.999989808 -0.001313357 0.004322097 -0.044849273 0.001308618 0.999998510 0.001099019 -0.105775952 -0.004323534 -0.001093352 0.999990046 2.683460474
0.999989927 -0.001537990 0.004215231 -0.050693348 0.001531351 0.999997556 0.001577883 -0.121337563 -0.004217647 -0.001571412 0.999989867 2.885574102
0.999989688 -0.001305315 0.004356745 -0.043922849 0.001299072 0.999998152 0.001435387 -0.126565024 -0.004358611 -0.001429713 0.999989510 3.131493807
0.999990284 -0.001636294 0.004087246 -0.032506388 0.001629742 0.999997318 0.001605874 -0.135922447 -0.004089864 -0.001599197 0.999990344 3.395442247
0.999989569 -0.001533440 0.004303341 -0.033597548 0.001526196 0.999997377 0.001686066 -0.142057836 -0.004305916 -0.001679480 0.999989271 3.619438887
0.999989033 -0.001674296 0.004381968 -0.022888508 0.001665909 0.999996722 0.001916987 -0.154439017 -0.004385164 -0.001909666 0.999988496 3.890529394
0.999988139 -0.001936441 0.004457611 -0.042356335 0.001927232 0.999995947 0.002069270 -0.168654382 -0.004461599 -0.002060654 0.999987900 4.104259491
0.999989271 -0.001807068 0.004257016 -0.031009911 0.001798643 0.999996364 0.001982147 -0.174538344 -0.004260582 -0.001974469 0.999988973 4.366203308
0.999986947 -0.002330381 0.004554503 -0.017582359 0.002321099 0.999995232 0.002042216 -0.181420207 -0.004559240 -0.002031618 0.999987543 4.626062393
0.999988556 -0.001816778 0.004410764 -0.002751481 0.001807044 0.999995947 0.002209939 -0.191734165 -0.004414760 -0.002201943 0.999987841 4.893948078
0.999986470 -0.002251181 0.004693410 -0.025718473 0.002239450 0.999994397 0.002503335 -0.199585587 -0.004699018 -0.002492790 0.999985814 5.146499157
0.999985337 -0.002183126 0.004959984 -0.047649048 0.002168982 0.999993503 0.002855281 -0.231712550 -0.004966185 -0.002844481 0.999983609 5.372312069
0.999985874 -0.001491203 0.005107905 -0.040412910 0.001476345 0.999994636 0.002911562 -0.239263177 -0.005112220 -0.002903980 0.999982655 5.642284393
0.999984980 -0.002124253 0.005045871 -0.037066761 0.002110628 0.999994099 0.002703919 -0.245121136 -0.005051585 -0.002693229 0.999983609 5.926259041
0.999984026 -0.001820372 0.005359084 -0.028981321 0.001803603 0.999993503 0.003132232 -0.255417943 -0.005364751 -0.003122516 0.999980748 6.198711872
0.999983132 -0.001769783 0.005530104 -0.048445813 0.001755684 0.999995172 0.002553309 -0.251662940 -0.005534596 -0.002543557 0.999981463 6.491271973
0.999982655 -0.001735036 0.005627792 -0.031640910 0.001719483 0.999994636 0.002767195 -0.266088128 -0.005632563 -0.002757471 0.999980390 6.777368069
0.999980688 -0.002208982 0.005811479 -0.023238428 0.002192226 0.999993384 0.002888031 -0.274932683 -0.005817820 -0.002875236 0.999978960 7.062188148
0.999980509 -0.001927327 0.005916160 -0.022056494 0.001911930 0.999994695 0.002607048 -0.279859513 -0.005921153 -0.002595687 0.999979138 7.404969215
0.999981582 -0.002123679 0.005683438 -0.027873099 0.002105572 0.999992609 0.003190041 -0.293043852 -0.005690171 -0.003178015 0.999978781 7.695786476
0.999979973 -0.001717440 0.006083461 -0.024373911 0.001698911 0.999993861 0.003049595 -0.298517555 -0.006088661 -0.003039199 0.999976814 8.015441895
0.999979317 -0.001721964 0.006191258 -0.014254354 0.001704156 0.999994397 0.002880458 -0.299296409 -0.006196183 -0.002869848 0.999976695 8.344197273
0.999979377 -0.001706469 0.006194216 -0.005618028 0.001687677 0.999993920 0.003037715 -0.310125142 -0.006199362 -0.003027198 0.999976218 8.678895950
0.999982119 -0.002693815 0.005326306 0.005282633 0.002676849 0.999991298 0.003189875 -0.330665171 -0.005334852 -0.003175560 0.999980748 8.996022224
0.999982357 -0.002816485 0.005227346 0.019184502 0.002799875 0.999991000 0.003182092 -0.340828478 -0.005236262 -0.003167401 0.999981284 9.334554672
0.999981284 -0.002635038 0.005526489 0.016867090 0.002616904 0.999991238 0.003286182 -0.343994170 -0.005535100 -0.003271658 0.999979377 9.671929359
0.999981642 -0.002636952 0.005458284 0.028772976 0.002619522 0.999991536 0.003198089 -0.356075466 -0.005466671 -0.003183733 0.999980032 10.031932831
0.999980927 -0.002741882 0.005520691 0.026716946 0.002722111 0.999989867 0.003585498 -0.380031288 -0.005530466 -0.003570403 0.999978304 10.376235962
0.999979854 -0.003380043 0.005370502 0.037384361 0.003361398 0.999988317 0.003477120 -0.387602001 -0.005382192 -0.003458998 0.999979496 10.752826691
0.999982059 -0.002910699 0.005222146 0.042169064 0.002892171 0.999989510 0.003551980 -0.400802493 -0.005232431 -0.003536813 0.999980032 11.139472961
0.999981105 -0.003345394 0.005145584 0.063141957 0.003326610 0.999987781 0.003654641 -0.403703958 -0.005157747 -0.003637454 0.999980092 11.505863190
0.999979675 -0.003184833 0.005526972 0.053447228 0.003163246 0.999987304 0.003910150 -0.425433278 -0.005539355 -0.003892587 0.999977052 11.858735085
0.999977469 -0.003318341 0.005838914 0.063111693 0.003296619 0.999987602 0.003725961 -0.432858557 -0.005851205 -0.003706628 0.999975979 12.245872498
0.999979794 -0.003402677 0.005376886 0.084061727 0.003380790 0.999985933 0.004074371 -0.445847005 -0.005390675 -0.004056111 0.999977171 12.634359360
0.999979079 -0.003931690 0.005131940 0.106047273 0.003912571 0.999985397 0.003730134 -0.449187517 -0.005146531 -0.003709977 0.999979794 13.037045479
0.999976814 -0.003855196 0.005616848 0.094268590 0.003829265 0.999981999 0.004620205 -0.483600348 -0.005634559 -0.004598589 0.999973476 13.441273689
0.999976635 -0.003448728 0.005891148 0.100210212 0.003420930 0.999983072 0.004722040 -0.496005118 -0.005907333 -0.004701777 0.999971449 13.853989601
0.999973238 -0.003814036 0.006243050 0.113468416 0.003783494 0.999980867 0.004896668 -0.510808766 -0.006261606 -0.004872916 0.999968529 14.290126801
0.999971628 -0.003786460 0.006520561 0.129272729 0.003752372 0.999979258 0.005232102 -0.518012702 -0.006540237 -0.005207485 0.999965012 14.692131042
0.999970496 -0.003825737 0.006664808 0.137140498 0.003789620 0.999978065 0.005423436 -0.523285151 -0.006685410 -0.005398018 0.999963045 15.114856720
0.999968648 -0.004625411 0.006430816 0.150256544 0.004590535 0.999974728 0.005427558 -0.557793260 -0.006455759 -0.005397866 0.999964535 15.541901588
0.999965847 -0.004860714 0.006677158 0.163945273 0.004821671 0.999971271 0.005850987 -0.572142959 -0.006705406 -0.005818592 0.999960601 15.978431702
0.999966145 -0.005053974 0.006496965 0.179596752 0.005016509 0.999970734 0.005769930 -0.581632733 -0.006525936 -0.005737143 0.999962211 16.416334152
0.999964416 -0.004188505 0.007326664 0.187771678 0.004146514 0.999974966 0.005737133 -0.587047458 -0.007350511 -0.005706550 0.999956667 16.874607086
0.999963164 -0.004048530 0.007571650 0.176783755 0.004005775 0.999975979 0.005653398 -0.603348136 -0.007594356 -0.005622860 0.999955356 17.320892334
0.999959469 -0.004742731 0.007647105 0.194598570 0.004697267 0.999971211 0.005952330 -0.617176473 -0.007675115 -0.005916168 0.999953032 17.786029816
0.999959171 -0.004438779 0.007869686 0.208574682 0.004395589 0.999975264 0.005496948 -0.618530512 -0.007893890 -0.005462132 0.999953926 18.256231308
0.999957860 -0.004926638 0.007748823 0.214473173 0.004882973 0.999972165 0.005643952 -0.634010375 -0.007776412 -0.005605876 0.999954045 18.726169586
0.999957621 -0.005271060 0.007551320 0.233871609 0.005229023 0.999970853 0.005575643 -0.647892952 -0.007580489 -0.005535922 0.999955952 19.183128357
0.999957144 -0.004699486 0.007979638 0.242990643 0.004655303 0.999973774 0.005546565 -0.655306816 -0.008005494 -0.005509180 0.999952793 19.674484253
0.999955058 -0.004996053 0.008069318 0.242714703 0.004947506 0.999969542 0.006025081 -0.672442436 -0.008099175 -0.005984887 0.999949217 20.144268036
0.999956012 -0.005506504 0.007580971 0.260393351 0.005461746 0.999967575 0.005912040 -0.685842276 -0.007613280 -0.005870375 0.999953806 20.627357483
0.999962032 -0.005116373 0.007059173 0.277241945 0.005076003 0.999970734 0.005724930 -0.692148507 -0.007088258 -0.005688881 0.999958694 21.163061142
0.999959648 -0.005524348 0.007081431 0.261637509 0.005480668 0.999965847 0.006172814 -0.710144043 -0.007115291 -0.006133755 0.999955833 21.604763031
0.999960124 -0.005557042 0.006992907 0.271581262 0.005514781 0.999966502 0.006048248 -0.717684209 -0.007026284 -0.006009442 0.999957204 22.134990692
0.999964774 -0.005268216 0.006533256 0.282825559 0.005226951 0.999966383 0.006317338 -0.730186641 -0.006566318 -0.006282967 0.999958694 22.646675110
0.999966800 -0.006107197 0.005398343 0.282936722 0.006074079 0.999962747 0.006130149 -0.744381785 -0.005435580 -0.006097156 0.999966621 23.117517471
0.999966741 -0.006485242 0.004943892 0.286106199 0.006455561 0.999961138 0.005996127 -0.761953950 -0.004982586 -0.005964013 0.999969840 23.631017685
0.999971688 -0.006113601 0.004391439 0.296103716 0.006086327 0.999962211 0.006197607 -0.771531284 -0.004429163 -0.006170704 0.999971092 24.184377670
0.999976814 -0.005143045 0.004467778 0.299889296 0.005117496 0.999970734 0.005711126 -0.770328641 -0.004497019 -0.005688130 0.999973714 24.659601212
0.999977350 -0.005241774 0.004231438 0.309504926 0.005217893 0.999970496 0.005635408 -0.778120160 -0.004260853 -0.005613201 0.999975145 25.192295074
0.999979854 -0.005305027 0.003463892 0.321775138 0.005285108 0.999969542 0.005734241 -0.792848825 -0.003494207 -0.005715819 0.999977529 25.745517731
0.999973655 -0.006783521 0.002572756 0.343630105 0.006766082 0.999954462 0.006727567 -0.812509358 -0.002618276 -0.006709983 0.999974072 26.234384537
0.999972582 -0.007235821 0.001594138 0.364976525 0.007224490 0.999949396 0.007002216 -0.827058852 -0.001644725 -0.006990507 0.999974251 26.776235580
0.999984503 -0.005190318 0.001982253 0.365519732 0.005178177 0.999968171 0.006081472 -0.842888236 -0.002013754 -0.006071114 0.999979556 27.347967148
0.999980032 -0.006214490 0.001112411 0.380855381 0.006206804 0.999957860 0.006782359 -0.851442158 -0.001154513 -0.006775320 0.999976337 27.794651031
0.999978542 -0.006527416 0.000390670 0.400686949 0.006524635 0.999956071 0.006737404 -0.864283502 -0.000434631 -0.006734711 0.999977291 28.345750809
0.999979854 -0.006325671 0.000417662 0.406625032 0.006322910 0.999960065 0.006308779 -0.866010249 -0.000457552 -0.006306010 0.999980032 28.902151108
0.999977887 -0.006637561 -0.000318422 0.422687501 0.006639629 0.999953389 0.007003722 -0.886702061 0.000271920 -0.007005682 0.999975383 29.365308762
0.999972224 -0.007398710 -0.000889836 0.444639027 0.007405355 0.999942839 0.007712786 -0.905577183 0.000832721 -0.007719161 0.999969900 29.910194397
0.999975026 -0.007010379 -0.000899053 0.454109639 0.007016776 0.999948561 0.007320893 -0.911918104 0.000847685 -0.007327019 0.999972820 30.465061188
0.999977529 -0.006609184 -0.001050840 0.455419421 0.006616840 0.999950290 0.007457111 -0.938214660 0.001001503 -0.007463898 0.999971628 30.905700684
0.999975204 -0.006905192 -0.001342915 0.473394692 0.006914471 0.999951363 0.007032488 -0.943990350 0.001294289 -0.007041600 0.999974370 31.455430984
0.999985814 -0.005227753 -0.000999480 0.468286783 0.005234518 0.999962568 0.006889907 -0.951034307 0.000963424 -0.006895042 0.999975741 31.971937180
0.999980986 -0.006020213 -0.001271225 0.467644811 0.006029097 0.999956548 0.007104153 -0.966521025 0.001228402 -0.007111683 0.999973953 32.434150696
0.999980271 -0.006128331 -0.001307899 0.474126667 0.006137450 0.999956071 0.007086825 -0.971422195 0.001264412 -0.007094713 0.999974012 33.005153656
0.999981821 -0.005850967 -0.001440747 0.492824644 0.005861280 0.999956429 0.007260815 -0.997835040 0.001398201 -0.007269126 0.999972582 33.539764404
0.999977767 -0.006460289 -0.001659344 0.487340152 0.006472227 0.999952435 0.007292688 -1.007473707 0.001612152 -0.007303265 0.999972045 33.965621948
0.999985635 -0.005264175 -0.001134783 0.490842402 0.005272022 0.999961376 0.007026101 -1.006772995 0.001097754 -0.007031982 0.999974668 34.509113312
0.999974251 -0.006920727 -0.001897710 0.508630574 0.006935424 0.999945104 0.007850707 -1.031280518 0.001843273 -0.007863666 0.999967396 35.051757812
0.999983132 -0.005430226 -0.002103749 0.529891372 0.005445259 0.999959171 0.007207311 -1.049773216 0.002064526 -0.007218645 0.999971807 35.620899200
0.999981225 -0.005793496 -0.001987516 0.527737617 0.005808147 0.999955416 0.007446863 -1.057468772 0.001944284 -0.007458268 0.999970257 36.016071320
0.999981821 -0.005650918 -0.002093584 0.545259416 0.005665584 0.999958992 0.007066844 -1.066951990 0.002053563 -0.007078577 0.999972820 36.576229095
0.999982357 -0.005622183 -0.001938196 0.557773292 0.005636025 0.999958098 0.007211751 -1.070872903 0.001897569 -0.007222548 0.999972105 37.142662048
0.999981642 -0.005737935 -0.001939012 0.548316002 0.005751549 0.999958336 0.007090368 -1.092654347 0.001898247 -0.007101391 0.999972939 37.644111633
0.999967694 -0.007445284 -0.003031433 0.583928466 0.007468923 0.999941170 0.007862750 -1.103373170 0.002972714 -0.007885138 0.999964476 38.224571228
0.999971747 -0.006965062 -0.002810515 0.578773618 0.006987294 0.999943733 0.007979874 -1.114486694 0.002754777 -0.007999287 0.999964237 38.622436523
0.999971747 -0.006942478 -0.002874680 0.595180213 0.006965293 0.999943733 0.008004149 -1.135094762 0.002818950 -0.008023947 0.999963880 39.158386230
0.999978364 -0.005845429 -0.003009383 0.612551570 0.005867360 0.999955893 0.007331388 -1.131818891 0.002966395 -0.007348888 0.999968588 39.710597992
0.999976695 -0.006014219 -0.003217005 0.626171470 0.006036999 0.999956429 0.007119112 -1.141369104 0.003174050 -0.007138368 0.999969482 40.257984161
0.999984324 -0.004727017 -0.002968667 0.629605293 0.004746101 0.999967873 0.006455279 -1.141183496 0.002938058 -0.006469268 0.999974787 40.809162140
0.999980390 -0.005481791 -0.003045807 0.647294343 0.005503925 0.999958158 0.007307054 -1.175179243 0.003005624 -0.007323674 0.999968708 41.338684082
0.999972582 -0.006657737 -0.003220660 0.614820600 0.006684634 0.999942183 0.008414290 -1.195267677 0.003164455 -0.008435587 0.999959350 41.754669189
0.999975920 -0.006214718 -0.003096213 0.621976078 0.006240365 0.999945700 0.008343685 -1.205891371 0.003044192 -0.008362806 0.999960363 42.289253235
0.999970138 -0.007100706 -0.003016547 0.627703130 0.007126053 0.999938607 0.008476859 -1.217512965 0.002956171 -0.008498103 0.999959469 42.824787140
0.999973118 -0.006574254 -0.003213404 0.652842581 0.006599964 0.999945641 0.008057031 -1.221697211 0.003160261 -0.008078022 0.999962389 43.383693695
0.999968112 -0.007365983 -0.003062583 0.642021954 0.007391639 0.999936879 0.008452132 -1.245099902 0.003000131 -0.008474500 0.999959588 43.842288971
0.999972939 -0.006714538 -0.003019816 0.650212884 0.006738482 0.999945343 0.007989963 -1.243516445 0.002966002 -0.008010094 0.999963522 44.387760162
0.999972820 -0.006689962 -0.003081318 0.654279590 0.006714718 0.999944627 0.008095100 -1.261405587 0.003026992 -0.008115570 0.999962509 44.927932739
0.999972463 -0.006781741 -0.003010048 0.661238074 0.006805647 0.999944806 0.008004068 -1.269455910 0.002955600 -0.008024333 0.999963462 45.395210266
0.999967694 -0.007210403 -0.003571409 0.676797152 0.007237984 0.999943614 0.007770767 -1.277892590 0.003515178 -0.007796365 0.999963462 45.933219910
0.999966323 -0.007426511 -0.003497500 0.682900310 0.007453831 0.999941230 0.007864006 -1.290618777 0.003438892 -0.007889811 0.999962986 46.472167969
0.999973178 -0.006777641 -0.002756475 0.676878691 0.006798681 0.999947250 0.007696924 -1.289727688 0.002704163 -0.007715458 0.999966502 46.957679749
0.999973238 -0.006572855 -0.003194202 0.689515531 0.006595990 0.999951661 0.007287213 -1.294233799 0.003146150 -0.007308086 0.999968350 47.506999969
0.999979198 -0.005794759 -0.002834257 0.707870364 0.005816038 0.999954522 0.007558068 -1.310637593 0.002790331 -0.007574395 0.999967396 48.040237427
0.999975681 -0.006372430 -0.002828598 0.706592441 0.006392535 0.999954045 0.007157071 -1.311526537 0.002782859 -0.007174978 0.999970376 48.506397247
0.999975145 -0.006457330 -0.002821218 0.713993311 0.006477479 0.999953270 0.007192362 -1.331539154 0.002774642 -0.007210459 0.999970138 49.054763794
0.999971092 -0.006988147 -0.002979909 0.736979842 0.007007796 0.999953449 0.006635323 -1.334335089 0.002933401 -0.006656014 0.999973476 49.572025299
0.999978721 -0.006036781 -0.002461695 0.716819406 0.006054670 0.999954820 0.007325468 -1.347524047 0.002417362 -0.007340217 0.999970078 50.066455841
0.999977052 -0.006228343 -0.002663421 0.733026564 0.006247228 0.999954879 0.007142200 -1.359924555 0.002618816 -0.007158675 0.999970913 50.606548309
0.999976873 -0.006233836 -0.002707496 0.739177704 0.006252469 0.999956489 0.006928928 -1.359753251 0.002664184 -0.006945698 0.999972343 51.112514496
0.999981821 -0.005612125 -0.002198503 0.741109073 0.005628513 0.999955833 0.007520163 -1.380711198 0.002156202 -0.007532401 0.999969244 51.655494690
0.999980390 -0.005815448 -0.002328716 0.740285516 0.005831474 0.999958873 0.006935235 -1.389705181 0.002288289 -0.006948679 0.999973238 52.124191284
0.999982238 -0.005502336 -0.002298199 0.744886577 0.005518594 0.999959350 0.007128762 -1.402095079 0.002258881 -0.007141319 0.999971986 52.675052643
0.999982238 -0.005590100 -0.002070671 0.752966583 0.005603479 0.999963045 0.006512973 -1.410344362 0.002034187 -0.006524461 0.999976635 53.202350616
0.999981999 -0.005724333 -0.001798719 0.745592177 0.005736333 0.999960780 0.006738098 -1.419511676 0.001760076 -0.006748294 0.999975622 53.672534943
0.999979913 -0.006003764 -0.002036118 0.758739412 0.006018320 0.999955773 0.007219789 -1.430855751 0.001992682 -0.007231897 0.999971807 54.224758148
0.999983966 -0.005431716 -0.001612543 0.760821819 0.005443013 0.999960065 0.007085653 -1.445017219 0.001573992 -0.007094317 0.999973595 54.741046906
0.999988317 -0.004619024 -0.001384472 0.787907720 0.004627831 0.999968529 0.006427069 -1.437711954 0.001354742 -0.006433401 0.999978364 55.283496857
0.999983013 -0.005466463 -0.002017535 0.785753965 0.005479844 0.999962628 0.006687734 -1.461576581 0.001980902 -0.006698678 0.999975622 55.722995758
0.999985754 -0.005141426 -0.001463230 0.793432474 0.005151133 0.999964297 0.006709471 -1.472357750 0.001428682 -0.006716912 0.999976456 56.258930206
0.999981344 -0.005758604 -0.002020557 0.807051122 0.005772425 0.999959528 0.006902491 -1.481066942 0.001980726 -0.006914026 0.999974132 56.789440155
0.999982238 -0.005710017 -0.001727477 0.806145906 0.005720856 0.999963582 0.006335511 -1.481702328 0.001691239 -0.006345281 0.999978483 57.315593719
0.999982238 -0.005743699 -0.001604109 0.807029426 0.005754262 0.999961257 0.006660647 -1.500326276 0.001565790 -0.006669759 0.999976456 57.718311310
0.999982536 -0.005610095 -0.001871546 0.819765508 0.005623046 0.999959826 0.006988789 -1.516592026 0.001832264 -0.006999191 0.999973774 58.263832092
0.999982417 -0.005675465 -0.001729632 0.837512791 0.005687385 0.999959588 0.006966131 -1.532706857 0.001690027 -0.006975846 0.999974191 58.791282654
0.999980450 -0.005969559 -0.001884807 0.875760972 0.005983350 0.999954700 0.007398142 -1.556440949 0.001840557 -0.007409274 0.999970853 59.320793152
0.999979734 -0.006031144 -0.002031594 0.858762443 0.006044111 0.999961019 0.006438095 -1.533040643 0.001992684 -0.006450243 0.999977231 59.768955231
0.999979913 -0.005873298 -0.002384986 0.879716039 0.005889157 0.999960303 0.006697998 -1.555595517 0.002345551 -0.006711910 0.999974787 60.281959534
0.999979019 -0.005995806 -0.002431878 0.885036469 0.006010998 0.999962211 0.006289077 -1.560942173 0.002394078 -0.006303563 0.999977291 60.805644989
0.999981642 -0.005644897 -0.002183102 0.892354786 0.005659127 0.999962449 0.006567906 -1.589963675 0.002145944 -0.006580140 0.999976099 61.347637177
0.999978423 -0.006284148 -0.001910463 0.878112435 0.006297135 0.999956548 0.006870383 -1.598326802 0.001867205 -0.006882265 0.999974549 61.803688049
0.999978185 -0.006186839 -0.002290620 0.904541016 0.006201550 0.999959826 0.006472914 -1.597140551 0.002250478 -0.006486978 0.999976456 62.390216827
0.999986172 -0.005076773 -0.001389734 0.888758957 0.005085498 0.999966919 0.006349255 -1.616802692 0.001357454 -0.006356235 0.999978900 62.871326447
0.999979675 -0.006063102 -0.001927051 0.920055449 0.006075999 0.999958694 0.006759745 -1.612500548 0.001885986 -0.006771317 0.999975264 63.394901276
0.999977827 -0.006451723 -0.001614358 0.910180330 0.006463184 0.999953210 0.007197611 -1.634345531 0.001567844 -0.007207886 0.999972761 63.810722351
0.999982417 -0.005773040 -0.001335547 0.916606247 0.005781713 0.999961674 0.006585029 -1.645168900 0.001297480 -0.006592636 0.999977469 64.352699280
0.999986291 -0.005039018 -0.001391993 0.950649619 0.005048867 0.999961555 0.007165177 -1.675616026 0.001355835 -0.007172106 0.999973357 64.861175537
0.999992311 -0.003885732 -0.000546617 0.931312501 0.003889718 0.999964356 0.007489831 -1.713214397 0.000517494 -0.007491900 0.999971807 65.404304504
0.999987483 -0.004962543 -0.000532508 0.926254094 0.004966156 0.999963045 0.007011523 -1.689535260 0.000497694 -0.007014080 0.999975204 65.810615540
0.999982476 -0.005767895 -0.001351503 0.947879434 0.005776837 0.999960840 0.006708043 -1.701417804 0.001312758 -0.006715734 0.999976516 66.331161499
0.999988198 -0.004820345 -0.000512589 0.944489717 0.004823540 0.999967694 0.006423110 -1.708026409 0.000481611 -0.006425506 0.999979198 66.880546570
0.999983013 -0.005714270 -0.001133102 0.971305251 0.005721205 0.999964297 0.006214709 -1.711616278 0.001097550 -0.006221084 0.999980032 67.387001038
0.999985993 -0.005169871 -0.001138670 0.984233141 0.005177826 0.999961376 0.007097972 -1.740878105 0.001101931 -0.007103769 0.999974072 67.778266907
0.999990225 -0.004356323 -0.000706745 0.989369273 0.004361276 0.999964774 0.007164217 -1.753737330 0.000675508 -0.007167229 0.999974012 68.328956604
0.999990284 -0.004374858 -0.000450761 1.007301331 0.004378084 0.999962807 0.007424607 -1.770889878 0.000418263 -0.007426511 0.999972284 68.815261841
0.999991059 -0.004233723 -0.000010095 0.963659644 0.004233688 0.999965489 0.007134649 -1.774245501 -0.000020112 -0.007134628 0.999974489 69.371757507
0.999990940 -0.004219841 -0.000571520 1.020960212 0.004223811 0.999965668 0.007131095 -1.790977240 0.000541410 -0.007133443 0.999974370 69.716125488
0.999981880 -0.005899037 -0.001204835 1.038577437 0.005907248 0.999958575 0.006928436 -1.797768354 0.001163913 -0.006935427 0.999975264 70.265045166
0.999985814 -0.005207113 -0.001069711 1.047238588 0.005214050 0.999964714 0.006588454 -1.807940245 0.001035367 -0.006593939 0.999977708 70.840629578
0.999990463 -0.004330020 -0.000426977 1.052577972 0.004332887 0.999966443 0.006958492 -1.832960844 0.000396832 -0.006960276 0.999975741 71.341865540
0.999987662 -0.004880729 -0.000892995 1.060288429 0.004886874 0.999963462 0.007015347 -1.833862543 0.000858723 -0.007019625 0.999974966 71.736930847
0.999981999 -0.005907833 -0.001046024 1.078133583 0.005915162 0.999956965 0.007148616 -1.843270421 0.001003747 -0.007154674 0.999973893 72.281028748
0.999980211 -0.006155747 -0.001308564 1.115909815 0.006165290 0.999953449 0.007418497 -1.850234032 0.001262837 -0.007426417 0.999971569 72.707740784
0.999986053 -0.005131962 -0.001171158 1.110576630 0.005139530 0.999965250 0.006553242 -1.822721839 0.001137487 -0.006559170 0.999977827 73.192672729
0.999988258 -0.004809181 -0.000491313 1.072471857 0.004812441 0.999964833 0.006866607 -1.870186090 0.000458273 -0.006868890 0.999976218 73.739166260
0.999984145 -0.005540919 -0.000976008 1.087925911 0.005547582 0.999960423 0.006961902 -1.878904343 0.000937394 -0.006967207 0.999975204 74.297325134
0.999989033 -0.004651161 -0.000599743 1.103343368 0.004655168 0.999965608 0.006863347 -1.900027037 0.000567800 -0.006866063 0.999976158 74.835708618
0.999987304 -0.005020271 -0.000471333 1.120338082 0.005023639 0.999959707 0.007439070 -1.921609879 0.000433969 -0.007441343 0.999972165 75.363616943
0.999992311 -0.003887520 -0.000554118 1.126052737 0.003891380 0.999966919 0.007142674 -1.929971218 0.000526332 -0.007144774 0.999974310 75.706176758
0.999991953 -0.004004578 -0.000073620 1.134917974 0.004004986 0.999968767 0.006814858 -1.937685728 0.000046327 -0.006815098 0.999976754 76.263435364
0.999991775 -0.003870974 0.001237310 1.135765791 0.003862844 0.999971330 0.006507018 -1.943010688 -0.001262463 -0.006502184 0.999978006 76.841583252
0.999989331 -0.003752749 0.002706623 1.177141070 0.003733593 0.999968231 0.007048043 -1.986891985 -0.002732987 -0.007037862 0.999971449 77.287605286
0.999983609 -0.003314772 0.004674446 1.119937181 0.003281079 0.999968708 0.007197167 -1.963551283 -0.004698157 -0.007181711 0.999963164 77.687896729
0.999978423 -0.003590103 0.005515242 1.134472847 0.003551358 0.999969125 0.007018813 -1.973887920 -0.005540270 -0.006999074 0.999960184 78.233161926
0.999960363 -0.002759604 0.008469287 1.151406527 0.002694309 0.999966621 0.007711272 -1.992838383 -0.008490284 -0.007688147 0.999934375 78.798248291
0.999919832 -0.002375914 0.012431448 1.167203665 0.002278158 0.999966562 0.007871646 -2.016913891 -0.012449733 -0.007842697 0.999891698 79.242858887
0.999882400 -0.003186187 0.015000351 1.208568811 0.003073232 0.999966860 0.007547131 -2.031733990 -0.015023900 -0.007500144 0.999859035 79.808395386
0.999808490 -0.003424016 0.019265501 1.232933879 0.003298058 0.999972939 0.006565969 -2.016919851 -0.019287463 -0.006501172 0.999792814 80.332771301
0.999657035 -0.002360269 0.026077949 1.250746012 0.002160373 0.999968052 0.007690852 -2.048365116 -0.026095269 -0.007631876 0.999630332 80.816146851
0.999485016 -0.003055428 0.031942591 1.228954673 0.002811858 0.999966681 0.007667367 -2.058223963 -0.031964954 -0.007573600 0.999460280 81.273506165
0.999269187 -0.002385510 0.038147509 1.257847548 0.002075766 0.999964595 0.008157172 -2.071253061 -0.038165614 -0.008072026 0.999238849 81.808349609
0.998887360 -0.001344417 0.047140181 1.288145781 0.000965790 0.999967098 0.008053776 -2.079530478 -0.047149457 -0.007999287 0.998855829 82.394386292
0.998437941 -0.001417502 0.055852816 1.329459429 0.000966673 0.999966800 0.008097914 -2.082174063 -0.055862434 -0.008031274 0.998406172 82.896888733
0.998043299 -0.001499524 0.062507764 1.365017176 0.000991863 0.999966264 0.008151764 -2.099040747 -0.062517874 -0.008073815 0.998011172 83.389427185
0.997476816 -0.002139244 0.070960753 1.427781582 0.001565421 0.999965608 0.008141099 -2.108729839 -0.070975736 -0.008009473 0.997445881 83.928451538
0.996709168 -0.002138483 0.081032909 1.498893738 0.001470543 0.999964356 0.008301607 -2.132593632 -0.081047781 -0.008155125 0.996676922 84.487594604
0.995899260 -0.001327067 0.090459496 1.554845333 0.000548504 0.999962568 0.008631097 -2.145663738 -0.090467565 -0.008546085 0.995862663 85.026550293
0.995181620 -0.002748362 0.098010406 1.604169846 0.001960464 0.999965012 0.008134325 -2.144669056 -0.098029345 -0.007902985 0.995152116 85.465789795
0.994058490 -0.001990630 0.108829461 1.681062698 0.001104149 0.999965727 0.008205243 -2.158763885 -0.108842067 -0.008036326 0.994026601 86.007194519
0.992874920 -0.002592278 0.119133830 1.769500732 0.001623677 0.999964774 0.008226715 -2.171505928 -0.119150981 -0.007974664 0.992844105 86.542366028
0.991774499 -0.004032010 0.127933532 1.841730118 0.003015643 0.999962270 0.008137196 -2.172735214 -0.127961516 -0.007684462 0.991749346 87.055564880
0.990322590 -0.003924308 0.138728827 1.942386627 0.002827762 0.999963164 0.008100457 -2.182713985 -0.138755515 -0.007629775 0.990297198 87.593040466
0.988503754 -0.003799782 0.151148275 2.039347649 0.002567471 0.999961853 0.008347317 -2.196637869 -0.151174232 -0.007863285 0.988475859 88.140457153
0.986693740 -0.003884341 0.162543491 2.130579948 0.002674561 0.999967098 0.007660958 -2.185473442 -0.162567899 -0.007124287 0.986671627 88.729354858
0.985044837 -0.003221309 0.172268406 2.228502274 0.001810928 0.999963582 0.008343639 -2.204730034 -0.172289014 -0.007906893 0.985014617 89.227561951
0.982859135 -0.003394706 0.184326798 2.369153976 0.001778344 0.999958515 0.008933598 -2.242711544 -0.184349507 -0.008452672 0.982824326 89.732025146
0.980281889 -0.003126106 0.197579503 2.425954819 0.001475978 0.999962807 0.008498427 -2.219458342 -0.197598740 -0.008039230 0.980250001 90.370857239
0.978255510 -0.004452572 0.207355410 2.571068764 0.002785611 0.999961436 0.008330433 -2.225932121 -0.207384482 -0.007571681 0.978230238 90.901550293
0.975361705 -0.005074492 0.220553339 2.714588165 0.003293650 0.999958932 0.008441417 -2.240894318 -0.220587119 -0.007507010 0.975338340 91.434226990
0.971995354 -0.004282689 0.234961092 2.866102219 0.002396252 0.999962568 0.008313642 -2.242576122 -0.234987855 -0.007517796 0.971969187 91.969253540
0.968962133 -0.003529928 0.247183681 2.947072983 0.001397002 0.999960184 0.008803760 -2.256867886 -0.247204915 -0.008185194 0.968928635 92.405052185
0.965818167 -0.003640878 0.259194553 3.118181229 0.001398365 0.999959886 0.008835703 -2.267260075 -0.259216309 -0.008171234 0.965784729 92.935226440
0.962151051 -0.003685954 0.272491574 3.305196762 0.001120981 0.999953568 0.009568113 -2.302838802 -0.272514194 -0.008900512 0.962110579 93.374633789
0.958399177 -0.004156909 0.285401136 3.467510223 0.001694036 0.999959171 0.008875846 -2.287814140 -0.285426408 -0.008023123 0.958366990 93.956581116
0.955067754 -0.005281978 0.296340436 3.639621735 0.002755013 0.999956250 0.008944186 -2.296268940 -0.296374679 -0.007725884 0.955040455 94.435394287
0.950294673 -0.004035896 0.311325759 3.784194946 0.001274814 0.999957979 0.009071779 -2.302060366 -0.311349273 -0.008223980 0.950260103 95.006790161
0.945949256 -0.005446488 0.324268997 3.995138168 0.002601927 0.999954224 0.009205158 -2.317499161 -0.324304342 -0.007863889 0.945920110 95.507392883
0.941675782 -0.004950187 0.336485058 4.189846039 0.002171989 0.999960363 0.008632423 -2.323030472 -0.336514413 -0.007398103 0.941649258 96.032409668
0.937328756 -0.005656247 0.348400265 4.398803711 0.002741439 0.999956965 0.008858704 -2.336847305 -0.348435342 -0.007348401 0.937304020 96.538314819
0.932149768 -0.005627340 0.362029254 4.609565735 0.002155726 0.999947786 0.009992530 -2.361823797 -0.362066567 -0.008534097 0.932113111 96.904693604
0.926704288 -0.005141624 0.375756204 4.767301559 0.001631687 0.999952018 0.009658620 -2.350828648 -0.375787824 -0.008337568 0.926668227 97.496536255
0.921853483 -0.004946885 0.387506902 4.984691620 0.001441072 0.999955356 0.009337142 -2.363981247 -0.387535840 -0.008049052 0.921819508 97.979949951
0.916166484 -0.006767146 0.400740594 5.237888336 0.003328820 0.999951422 0.009275485 -2.377922535 -0.400783867 -0.007163897 0.916144669 98.431678772
0.910437524 -0.007151529 0.413584799 5.442771912 0.003569348 0.999949157 0.009433365 -2.402480602 -0.413631201 -0.007112261 0.910416722 98.841514587
0.905506611 -0.007443908 0.424266785 5.707088470 0.003911675 0.999950051 0.009195837 -2.405393124 -0.424313992 -0.006667297 0.905490637 99.342826843
0.899803221 -0.007443829 0.436232388 5.984394073 0.003491695 0.999945283 0.009860761 -2.424360752 -0.436281890 -0.007349554 0.899780035 99.825881958
0.892006278 -0.006855074 0.451970905 6.085128784 0.002942043 0.999951839 0.009359944 -2.359198093 -0.452013344 -0.007019412 0.891983569 100.365226746
0.886011362 -0.006983208 0.463610858 6.362751007 0.003113797 0.999953687 0.009111143 -2.375667810 -0.463652909 -0.006628986 0.885992110 100.831901550
0.879916608 -0.006821933 0.475079209 6.639099121 0.002630573 0.999951422 0.009486666 -2.387984514 -0.475120932 -0.007097744 0.879891872 101.314079285
0.872462690 -0.007103475 0.488629013 6.881340027 0.003009930 0.999953449 0.009162557 -2.385236263 -0.488671422 -0.006523251 0.872443557 101.732826233
