1.000000000 0.000000000 0.000000000 0.000000000 0.000000000 1.000000000 0.000000000 0.000000000 0.000000000 0.000000000 1.000000000 0.000000000
1.000000000 0.000071365 -0.000030643 0.000300726 -0.000071365 1.000000000 0.000020728 0.000492920 0.000030644 -0.000020726 1.000000000 0.002209300
1.000000000 0.000025207 -0.000047910 0.000800447 -0.000025205 1.000000000 0.000060075 -0.001175829 0.000047912 -0.000060074 1.000000000 0.000876537
1.000000000 -0.000024489 -0.000034246 0.000552519 0.000024487 1.000000000 -0.000043063 0.000435728 0.000034247 0.000043062 1.000000000 -0.001625732
1.000000000 -0.000158421 -0.000111219 0.001170191 0.000158429 1.000000000 0.000066699 -0.000962234 0.000111208 -0.000066717 1.000000000 0.000121867
1.000000000 -0.000157361 -0.000116748 -0.000760489 0.000157367 1.000000000 0.000052567 -0.000167804 0.000116740 -0.000052585 1.000000000 -0.000622812
1.000000000 -0.000132019 -0.000057822 0.000802514 0.000132022 1.000000000 0.000061076 -0.000819356 0.000057814 -0.000061084 1.000000000 0.001179049
1.000000000 -0.000155891 -0.000057867 0.000024957 0.000155895 1.000000000 0.000074797 -0.000754066 0.000057855 -0.000074806 1.000000000 -0.000423344
1.000000000 -0.000044356 -0.000084007 0.000533692 0.000044361 1.000000000 0.000059335 0.000009154 0.000084004 -0.000059339 1.000000000 -0.001730630
1.000000000 -0.000027087 -0.000005314 -0.000448108 0.000027088 1.000000000 0.000053633 0.000707514 0.000005312 -0.000053633 1.000000000 0.002889414
1.000000000 -0.000082180 -0.000054796 0.000859755 0.000082181 1.000000000 0.000013643 0.000560216 0.000054795 -0.000013647 1.000000000 0.000431658
1.000000000 -0.000116635 -0.000126656 0.001117709 0.000116642 1.000000000 0.000058203 0.000067348 0.000126649 -0.000058217 1.000000000 -0.000462034
1.000000000 -0.000097625 -0.000052920 -0.000069122 0.000097623 1.000000000 -0.000025473 0.001739529 0.000052923 0.000025468 1.000000000 0.002432911
0.999999940 -0.000214784 -0.000128557 0.000994643 0.000214798 1.000000000 0.000104106 0.000148211 0.000128534 -0.000104134 1.000000000 -0.001477136
1.000000000 -0.000120301 -0.000147256 0.001153104 0.000120309 1.000000000 0.000054067 -0.000557301 0.000147250 -0.000054085 1.000000000 -0.002274882
1.000000000 -0.000162917 -0.000172993 0.003181084 0.000162940 1.000000000 0.000134644 -0.000696783 0.000172971 -0.000134672 1.000000000 -0.004800068
1.000000000 -0.000110667 -0.000059177 0.001133517 0.000110672 1.000000000 0.000080168 -0.000356995 0.000059168 -0.000080175 1.000000000 -0.003286871
1.000000000 -0.000055567 -0.000075681 0.001439586 0.000055569 1.000000000 0.000027019 -0.000147971 0.000075680 -0.000027023 1.000000000 -0.000874729
1.000000000 -0.000040377 -0.000124589 0.001846564 0.000040393 1.000000000 0.000126053 -0.000875415 0.000124584 -0.000126058 1.000000000 -0.003632986
0.999999940 -0.000229418 -0.000141314 0.001531017 0.000229428 1.000000000 0.000069182 -0.000017251 0.000141298 -0.000069215 1.000000000 -0.003105996
1.000000000 -0.000200936 -0.000106640 0.000885679 0.000200947 1.000000000 0.000096655 0.000350213 0.000106621 -0.000096677 1.000000000 0.001272893
1.000000000 -0.000210857 -0.000119359 0.000547152 0.000210871 1.000000000 0.000116198 -0.001640085 0.000119334 -0.000116223 1.000000000 -0.003841549
1.000000000 -0.000099156 -0.000169943 0.003684406 0.000099178 1.000000000 0.000127072 -0.000667111 0.000169930 -0.000127089 1.000000000 -0.002303140
1.000000000 -0.000070050 -0.000161454 0.003450351 0.000070066 1.000000000 0.000098458 -0.001133063 0.000161447 -0.000098470 1.000000000 -0.002018090
0.999999940 -0.000199946 -0.000191117 0.002923238 0.000199972 1.000000000 0.000133444 -0.001297449 0.000191091 -0.000133482 1.000000000 -0.005389657
0.999999940 -0.000173379 -0.000196333 0.002799902 0.000173396 1.000000000 0.000084210 0.000424041 0.000196319 -0.000084244 1.000000000 -0.001442789
1.000000000 -0.000180354 -0.000140555 0.002873804 0.000180365 1.000000000 0.000073255 0.000033666 0.000140542 -0.000073280 1.000000000 -0.003256327
0.999999940 -0.000242944 -0.000158989 0.003412502 0.000242961 0.999999940 0.000109632 -0.000725492 0.000158963 -0.000109671 1.000000000 -0.003880319
0.999999940 -0.000240450 -0.000114186 0.000280279 0.000240458 0.999999940 0.000072826 -0.000786929 0.000114168 -0.000072853 1.000000000 -0.002665647
1.000000000 -0.000037849 -0.000183914 0.002525268 0.000037876 1.000000000 0.000147956 -0.001160571 0.000183908 -0.000147963 1.000000000 -0.003188998
0.999999940 -0.000238364 -0.000193107 0.003634934 0.000238388 0.999999940 0.000122327 -0.000788595 0.000193078 -0.000122373 1.000000000 -0.003457459
0.999999940 -0.000167568 -0.000202292 0.002815069 0.000167592 1.000000000 0.000121347 -0.000482757 0.000202272 -0.000121381 1.000000000 -0.002906391
1.000000000 -0.000178759 -0.000155012 0.002462171 0.000178775 1.000000000 0.000108352 -0.000477995 0.000154992 -0.000108380 1.000000000 -0.004705332
1.000000000 -0.000094447 -0.000145633 0.002841216 0.000094458 1.000000000 0.000071655 -0.001049814 0.000145626 -0.000071669 1.000000000 -0.003095576
1.000000000 -0.000129351 -0.000150017 0.002764649 0.000129365 1.000000000 0.000094285 -0.000753803 0.000150005 -0.000094304 1.000000000 -0.001906309
0.999999940 -0.000206007 -0.000153634 0.002140069 0.000206029 0.999999940 0.000148528 -0.001654714 0.000153603 -0.000148560 1.000000000 -0.005115690
0.999999940 -0.000201231 -0.000222501 0.003286455 0.000201251 1.000000000 0.000087696 0.000187666 0.000222483 -0.000087741 1.000000000 -0.002663598
0.999999940 -0.000207533 -0.000195180 0.003831525 0.000207560 0.999999940 0.000137024 0.000129110 0.000195152 -0.000137064 1.000000000 -0.004469563
1.000000000 -0.000178316 -0.000114676 0.001133733 0.000178328 1.000000000 0.000103265 -0.000314830 0.000114658 -0.000103285 1.000000000 -0.003375721
0.999999940 -0.000173742 -0.000187459 0.002797190 0.000173769 1.000000000 0.000143153 -0.001320804 0.000187434 -0.000143186 1.000000000 -0.005131669
0.999999940 -0.000175708 -0.000209908 0.005119293 0.000175724 1.000000000 0.000078782 -0.001991977 0.000209895 -0.000078819 1.000000000 -0.001839196
1.000000000 -0.000228408 -0.000018587 0.001235409 0.000228398 0.999999821 -0.000526182 -0.002743474 0.000018707 0.000526177 0.999999881 0.050646570
1.000000000 -0.000004132 -0.000141130 0.003299776 0.000003974 0.999999344 -0.001119121 -0.004013903 0.000141134 0.001119120 0.999999344 0.141567603
1.000000000 -0.000130029 -0.000071384 0.003927185 0.000129924 0.999998927 -0.001469418 -0.007931043 0.000071575 0.001469409 0.999998927 0.258864582
1.000000000 -0.000091523 -0.000029669 0.005791795 0.000091481 0.999999046 -0.001395142 -0.010850559 0.000029797 0.001395139 0.999999046 0.392563343
1.000000000 -0.000045430 -0.000150620 0.010044144 0.000045256 0.999999344 -0.001153844 -0.018651748 0.000150672 0.001153838 0.999999344 0.528368771
1.000000000 0.000077973 -0.000069107 0.012571971 -0.000078050 0.999999344 -0.001124324 -0.020379700 0.000069020 0.001124330 0.999999344 0.686527431
1.000000000 0.000017298 0.000124214 0.013912896 -0.000017186 0.999999583 -0.000905581 -0.024892982 -0.000124230 0.000905579 0.999999583 0.846256912
0.999999940 0.000329070 0.000240469 0.009562960 -0.000328880 0.999999642 -0.000788299 -0.025906922 -0.000240729 0.000788220 0.999999642 1.028011203
1.000000000 0.000115142 -0.000145241 0.023137283 -0.000115228 0.999999821 -0.000589349 -0.036715042 0.000145173 0.000589365 0.999999821 1.185856462
1.000000000 0.000034023 0.000027589 0.025817862 -0.000034015 0.999999940 -0.000267293 -0.041165408 -0.000027598 0.000267292 0.999999940 1.364767194
1.000000000 0.000168213 -0.000095530 0.028438441 -0.000168246 0.999999940 -0.000338918 -0.048876628 0.000095473 0.000338934 0.999999940 1.576379776
1.000000000 0.000051760 0.000149586 0.035677191 -0.000051724 0.999999940 -0.000242023 -0.057433516 -0.000149599 0.000242015 0.999999940 1.775262475
0.999999940 -0.000317250 -0.000173979 0.044489913 0.000317259 0.999999940 0.000054414 -0.060085896 0.000173962 -0.000054469 1.000000000 1.967999697
1.000000000 0.000162656 0.000084909 0.037222285 -0.000162661 1.000000000 0.000052853 -0.067629002 -0.000084900 -0.000052867 1.000000000 2.187112570
1.000000000 -0.000086502 -0.000214168 0.039863631 0.000086566 0.999999940 0.000299480 -0.071954660 0.000214142 -0.000299499 0.999999940 2.392854691
0.999999881 0.000163595 -0.000191461 0.061314583 -0.000163516 0.999999821 0.000413287 -0.094597235 0.000191529 -0.000413256 0.999999881 2.629753828
0.999999940 0.000230125 -0.000096838 0.064474285 -0.000230073 0.999999821 0.000534746 -0.100728825 0.000096961 -0.000534724 0.999999821 2.865369320
0.999999762 0.000646533 -0.000003534 0.066331804 -0.000646531 0.999999583 0.000623296 -0.105231218 0.000003937 -0.000623293 0.999999762 3.096638680
0.999999940 0.000211310 0.000150987 0.071216643 -0.000211392 0.999999821 0.000544419 -0.111724854 -0.000150872 -0.000544451 0.999999821 3.342093229
1.000000000 -0.000149284 0.000020439 0.080056340 0.000149276 0.999999940 0.000375829 -0.120341182 -0.000020495 -0.000375826 0.999999881 3.592308760
0.999999940 0.000142969 -0.000058515 0.084543057 -0.000142937 0.999999881 0.000539540 -0.127521873 0.000058592 -0.000539532 0.999999881 3.842935801
1.000000000 -0.000094023 0.000181014 0.084790744 0.000093924 0.999999881 0.000544769 -0.133032829 -0.000181065 -0.000544752 0.999999821 4.112088680
0.999999702 0.000553049 0.000518411 0.084158882 -0.000553436 0.999999583 0.000746806 -0.139510289 -0.000517998 -0.000747093 0.999999583 4.368138790
1.000000000 -0.000093859 0.000063239 0.100590274 0.000093799 0.999999523 0.000958931 -0.150030568 -0.000063329 -0.000958925 0.999999523 4.621927261
1.000000000 -0.000247839 0.000286631 0.108851269 0.000247541 0.999999464 0.001039056 -0.157800689 -0.000286889 -0.001038985 0.999999404 4.886279106
1.000000000 -0.000309806 0.000143722 0.113259174 0.000309622 0.999999166 0.001278645 -0.169851735 -0.000144118 -0.001278600 0.999999166 5.132081032
0.999999940 -0.000055333 0.000268161 0.112190932 0.000055001 0.999999285 0.001237404 -0.173866674 -0.000268229 -0.001237389 0.999999166 5.390951157
0.999999940 -0.000143681 0.000222934 0.111890674 0.000143282 0.999998391 0.001785779 -0.194951639 -0.000223191 -0.001785747 0.999998391 5.650885582
0.999999821 -0.000399471 0.000090915 0.118070871 0.000399318 0.999998510 0.001676568 -0.200396225 -0.000091584 -0.001676532 0.999998629 5.929456234
0.999999762 -0.000500793 0.000193291 0.120159499 0.000500430 0.999998033 0.001876177 -0.209497839 -0.000194230 -0.001876080 0.999998212 6.208011627
0.999999821 -0.000205568 0.000372116 0.128366321 0.000204861 0.999998212 0.001898231 -0.218283653 -0.000372506 -0.001898155 0.999998152 6.497646809
0.999999881 -0.000115093 0.000441535 0.135951191 0.000114206 0.999997973 0.002009035 -0.231804088 -0.000441765 -0.002008984 0.999997854 6.745335102
0.999999762 -0.000578707 0.000252109 0.146612272 0.000578173 0.999997556 0.002113054 -0.243943527 -0.000253331 -0.002112907 0.999997795 7.032925129
0.999999583 -0.000859012 0.000166182 0.153634489 0.000858668 0.999997497 0.002057938 -0.250045031 -0.000167949 -0.002057794 0.999997914 7.337786674
0.999999821 0.000505874 0.000384290 0.157338068 -0.000506557 0.999998271 0.001779173 -0.268554926 -0.000383389 -0.001779367 0.999998331 7.648823738
1.000000000 0.000071209 0.000279424 0.170775607 -0.000071691 0.999998569 0.001723593 -0.279884130 -0.000279301 -0.001723612 0.999998450 7.956220627
1.000000000 -0.000301148 0.000282786 0.174042329 0.000300596 0.999998093 0.001949825 -0.287442148 -0.000283372 -0.001949740 0.999998093 8.278830528
0.999999940 0.000085462 0.000322719 0.184038997 -0.000086096 0.999998093 0.001966597 -0.293349713 -0.000322550 -0.001966625 0.999997973 8.606336594
0.999999821 0.000394324 0.000506447 0.184559867 -0.000395431 0.999997556 0.002188023 -0.308918357 -0.000505583 -0.002188223 0.999997497 8.938393593
0.999999344 0.000587497 0.001028587 0.172056407 -0.000589754 0.999997437 0.002195599 -0.318593800 -0.001027295 -0.002196204 0.999997020 9.265992165
0.999999523 0.000293712 0.000907736 0.181972876 -0.000296108 0.999996483 0.002640755 -0.342777729 -0.000906957 -0.002641022 0.999996126 9.626305580
0.999999464 0.000198977 0.000953885 0.190452516 -0.000201510 0.999996424 0.002656230 -0.349776268 -0.000953353 -0.002656421 0.999996066 9.974138260
0.999999285 0.000411605 0.001087531 0.197175220 -0.000414467 0.999996424 0.002632221 -0.361024708 -0.001086444 -0.002632670 0.999995947 10.337274551
0.999999404 0.000343920 0.001027860 0.208801925 -0.000346953 0.999995530 0.002951828 -0.372739017 -0.001026840 -0.002952182 0.999995112 10.691927910
0.999999583 0.000091830 0.000904738 0.207860842 -0.000094676 0.999994993 0.003145729 -0.391267389 -0.000904445 -0.003145814 0.999994636 11.063463211
0.999999583 -0.000224370 0.000821200 0.220474631 0.000221883 0.999995410 0.003027266 -0.403530687 -0.000821876 -0.003027083 0.999995112 11.432879448
0.999998808 0.000638944 0.001403172 0.220867291 -0.000643572 0.999994338 0.003300003 -0.409557760 -0.001401055 -0.003300902 0.999993563 11.821440697
0.999999404 0.000310772 0.001133541 0.237118155 -0.000314767 0.999993742 0.003526011 -0.426699162 -0.001132438 -0.003526366 0.999993086 12.186669350
0.999999583 0.000026236 0.001022830 0.249015838 -0.000029918 0.999993503 0.003599813 -0.441548318 -0.001022729 -0.003599842 0.999993026 12.562001228
0.999999523 -0.000114042 0.000949010 0.256501287 0.000110739 0.999993861 0.003479451 -0.451442540 -0.000949401 -0.003479344 0.999993563 12.962149620
0.999999523 0.000229990 0.000930691 0.270322263 -0.000233559 0.999992609 0.003836724 -0.468202204 -0.000929802 -0.003836939 0.999992251 13.349010468
0.999998868 0.000662248 0.001398747 0.276223838 -0.000667881 0.999991655 0.004030090 -0.476851344 -0.001396066 -0.004031020 0.999991000 13.758552551
0.999999166 -0.000225322 0.001371078 0.290066421 0.000219351 0.999990463 0.004353254 -0.506399095 -0.001372046 -0.004352949 0.999989510 14.146744728
0.999999046 -0.000469334 0.001333555 0.303245127 0.000463694 0.999991000 0.004225980 -0.518476486 -0.001335526 -0.004225358 0.999990106 14.568075180
0.999998391 -0.000532527 0.001726622 0.314439565 0.000524852 0.999989986 0.004442642 -0.531690955 -0.001728971 -0.004441728 0.999988616 14.990571976
0.999998569 -0.000498797 0.001610535 0.331458360 0.000491026 0.999988258 0.004821968 -0.553320467 -0.001612922 -0.004821170 0.999987066 15.401524544
0.999997497 -0.000513843 0.002153636 0.336429089 0.000503217 0.999987662 0.004931402 -0.567612886 -0.002156144 -0.004930307 0.999985516 15.841624260
0.999997199 -0.000314181 0.002359643 0.348509073 0.000301993 0.999986649 0.005163802 -0.578771234 -0.002361234 -0.005163075 0.999983907 16.286291122
0.999996424 -0.000745121 0.002559184 0.362723589 0.000731574 0.999985754 0.005290268 -0.595826328 -0.002563089 -0.005288377 0.999982774 16.722312927
0.999995947 -0.000803762 0.002741085 0.365750551 0.000788865 0.999984920 0.005431410 -0.613720417 -0.002745409 -0.005429226 0.999981523 17.146051407
0.999995112 -0.000963578 0.002987387 0.375864059 0.000946751 0.999983668 0.005628862 -0.624363661 -0.002992761 -0.005626007 0.999979734 17.612758636
0.999994218 -0.000919693 0.003277888 0.391693473 0.000901313 0.999983847 0.005604362 -0.635943234 -0.003282988 -0.005601375 0.999979019 18.074998856
0.999992788 -0.001202711 0.003615196 0.401717454 0.001182173 0.999983191 0.005677831 -0.651990354 -0.003621964 -0.005673516 0.999977350 18.544467926
0.999992251 -0.001236746 0.003720941 0.399879634 0.001214885 0.999981999 0.005871453 -0.669136524 -0.003728135 -0.005866887 0.999975860 18.981935501
0.999993742 -0.000883112 0.003412766 0.422313422 0.000861898 0.999980211 0.006212745 -0.685325325 -0.003418186 -0.006209764 0.999974906 19.454406738
0.999993920 -0.000607279 0.003415676 0.441157937 0.000585657 0.999979854 0.006327505 -0.700556576 -0.003419450 -0.006325466 0.999974132 19.909360886
0.999992549 -0.000728888 0.003806092 0.444448292 0.000706404 0.999982297 0.005905303 -0.701537251 -0.003810328 -0.005902570 0.999975264 20.424238205
0.999995232 -0.001509571 0.002691319 0.466077447 0.001492025 0.999977708 0.006509752 -0.729935646 -0.002701086 -0.006505705 0.999975204 20.885873795
0.999996245 -0.001843177 0.002069543 0.473385513 0.001829819 0.999977708 0.006438234 -0.734637201 -0.002081363 -0.006434423 0.999977231 21.400457382
0.999996841 -0.001228421 0.002192844 0.472154230 0.001214373 0.999978840 0.006396135 -0.752950430 -0.002200654 -0.006393452 0.999977171 21.890424728
0.999996722 -0.001987056 0.001615555 0.487009168 0.001975437 0.999972403 0.007161915 -0.776016712 -0.001629742 -0.007158701 0.999973059 22.371507645
0.999997020 -0.002095495 0.001237274 0.498392999 0.002086853 0.999973655 0.006945089 -0.783645213 -0.001251795 -0.006942487 0.999975085 22.885971069
0.999998033 -0.001802452 0.000858097 0.505258739 0.001796190 0.999972105 0.007243623 -0.801581204 -0.000871129 -0.007242068 0.999973416 23.417514801
0.999993086 -0.003712104 -0.000289086 0.520127475 0.003714140 0.999965787 0.007394037 -0.826551497 0.000261629 -0.007395059 0.999972641 23.878696442
0.999996543 -0.002600427 -0.000390912 0.527242064 0.002603400 0.999966145 0.007809961 -0.835637093 0.000370590 -0.007810953 0.999969423 24.417085648
0.999994218 -0.002942373 -0.001754277 0.551805317 0.002955920 0.999965489 0.007769903 -0.848971963 0.001731355 -0.007775044 0.999968290 24.932443619
0.999994874 -0.002502344 -0.001987467 0.543747544 0.002518115 0.999965072 0.007972595 -0.859702229 0.001967447 -0.007977559 0.999966264 25.440359116
0.999995649 -0.002244479 -0.001941725 0.549268782 0.002259515 0.999967217 0.007776235 -0.868208528 0.001924208 -0.007780587 0.999967933 26.001520157
0.999988794 -0.003696721 -0.002958394 0.559750080 0.003722121 0.999955833 0.008626641 -0.885151505 0.002926373 -0.008637557 0.999958336 26.518365860
0.999988914 -0.003290055 -0.003361712 0.572146893 0.003319588 0.999955595 0.008817902 -0.900137365 0.003332551 -0.008828963 0.999955416 27.063770294
0.999990940 -0.002357979 -0.003556340 0.578086734 0.002389627 0.999957323 0.008921070 -0.918359160 0.003535153 -0.008929486 0.999953866 27.595338821
0.999989450 -0.002447193 -0.003879448 0.585955977 0.002481692 0.999957204 0.008913052 -0.931695819 0.003857470 -0.008922586 0.999952734 28.091909409
0.999988735 -0.002226687 -0.004183887 0.589495420 0.002263539 0.999958456 0.008824034 -0.941628516 0.004164065 -0.008833404 0.999952257 28.653581619
0.999989569 -0.001876231 -0.004159969 0.593732417 0.001913547 0.999957800 0.008984438 -0.956548631 0.004142937 -0.008992305 0.999950945 29.172292709
0.999985278 -0.002542107 -0.004799815 0.604431808 0.002586747 0.999953270 0.009316981 -0.976670563 0.004775906 -0.009329261 0.999945104 29.680549622
0.999984145 -0.002494886 -0.005055667 0.614283442 0.002542021 0.999953210 0.009338226 -0.987241507 0.005032132 -0.009350929 0.999943674 30.234933853
0.999982893 -0.002534620 -0.005272714 0.620671988 0.002583004 0.999954462 0.009189824 -0.997999549 0.005249180 -0.009203286 0.999943912 30.768243790
0.999983907 -0.001855061 -0.005369843 0.642289639 0.001900166 0.999962866 0.008406785 -1.004888535 0.005354049 -0.008416854 0.999950230 31.305652618
0.999980032 -0.002631256 -0.005737699 0.645605326 0.002687224 0.999948621 0.009768574 -1.044314981 0.005711701 -0.009783797 0.999935806 31.814599991
0.999975979 -0.002992680 -0.006248869 0.668516755 0.003055829 0.999944150 0.010120608 -1.056969166 0.006218233 -0.010139462 0.999929249 32.341342926
0.999974370 -0.002905370 -0.006553032 0.671702504 0.002969719 0.999947250 0.009831572 -1.065553188 0.006524123 -0.009850780 0.999930143 32.896537781
0.999978840 -0.001754367 -0.006282438 0.655156851 0.001813961 0.999953330 0.009492565 -1.071075201 0.006265491 -0.009503762 0.999935210 33.474170685
0.999969602 -0.003468269 -0.006973838 0.668783784 0.003542829 0.999936342 0.010707727 -1.124271989 0.006936257 -0.010732108 0.999918342 33.982254028
0.999969423 -0.003587224 -0.006948129 0.672546744 0.003660545 0.999937475 0.010568731 -1.129703760 0.006909782 -0.010593842 0.999920011 34.540752411
0.999962687 -0.004331133 -0.007481545 0.692837834 0.004412659 0.999930680 0.010915088 -1.141908169 0.007433752 -0.010947693 0.999912441 35.073188782
0.999964297 -0.004076011 -0.007400673 0.700871646 0.004154004 0.999935627 0.010553957 -1.148273587 0.007357179 -0.010584321 0.999916911 35.603588104
0.999964178 -0.003897504 -0.007512410 0.688925207 0.003985840 0.999922633 0.011779811 -1.212626696 0.007465916 -0.011809334 0.999902368 36.117275238
0.999960005 -0.004041357 -0.007988570 0.695644021 0.004136462 0.999920309 0.011924752 -1.221520782 0.007939741 -0.011957320 0.999896944 36.655105591
0.999955714 -0.004544843 -0.008238783 0.704629838 0.004646070 0.999913454 0.012309488 -1.237833738 0.008182125 -0.012347223 0.999890327 37.208328247
0.999958575 -0.003739740 -0.008296113 0.710071206 0.003834962 0.999926627 0.011491827 -1.234879494 0.008252528 -0.011523166 0.999899507 37.732631683
0.999959886 -0.003473222 -0.008257802 0.705751896 0.003570430 0.999924183 0.011786127 -1.250283003 0.008216239 -0.011815138 0.999896407 38.266281128
0.999959946 -0.004558103 -0.007705022 0.693113983 0.004657256 0.999905884 0.012899964 -1.297425985 0.007645498 -0.012935331 0.999887109 38.791816711
0.999954760 -0.004728857 -0.008255679 0.706261277 0.004836054 0.999903619 0.013013247 -1.307838559 0.008193345 -0.013052585 0.999881268 39.335327148
0.999955595 -0.004435399 -0.008319483 0.716130614 0.004546854 0.999899507 0.013426196 -1.328484297 0.008259096 -0.013463426 0.999875247 39.886054993
0.999946892 -0.005510672 -0.008717894 0.727190375 0.005630130 0.999889731 0.013737905 -1.342163086 0.008641227 -0.013786259 0.999867678 40.441040039
0.999956667 -0.004182916 -0.008319313 0.725478053 0.004289031 0.999909163 0.012778479 -1.329623461 0.008265106 -0.012813606 0.999883711 40.954673767
0.999950290 -0.004938030 -0.008664032 0.743099689 0.005057451 0.999891758 0.013816202 -1.375218391 0.008594870 -0.013859335 0.999867022 41.523063660
0.999946237 -0.005252207 -0.008938252 0.750867307 0.005374401 0.999891639 0.013702290 -1.378283024 0.008865316 -0.013749592 0.999866188 42.075183868
0.999942183 -0.005242147 -0.009389581 0.761439443 0.005370584 0.999891639 0.013705998 -1.384778023 0.009316714 -0.013755633 0.999862015 42.626544952
0.999946713 -0.004765610 -0.009162840 0.772310257 0.004888377 0.999897957 0.013422894 -1.396433711 0.009097937 -0.013466970 0.999867976 43.160560608
0.999946773 -0.005500527 -0.008731177 0.760305047 0.005622154 0.999886751 0.013967347 -1.415130615 0.008653360 -0.014015693 0.999864280 43.682056427
0.999944687 -0.005414794 -0.009021355 0.772716284 0.005541767 0.999885082 0.014109815 -1.429956436 0.008943916 -0.014159030 0.999859750 44.209762573
0.999946415 -0.005140352 -0.008986006 0.779654682 0.005264477 0.999890268 0.013844509 -1.435218334 0.008913855 -0.013891071 0.999863744 44.760246277
0.999944270 -0.005319275 -0.009112594 0.790189028 0.005446618 0.999887109 0.014007119 -1.454979658 0.009037057 -0.014055971 0.999860346 45.273796082
0.999945402 -0.005284301 -0.009007956 0.792854190 0.005412385 0.999883771 0.014254593 -1.469439507 0.008931583 -0.014302569 0.999857783 45.795825958
0.999947667 -0.004771183 -0.009055556 0.797542930 0.004897990 0.999889493 0.014033088 -1.475009203 0.008987602 -0.014076706 0.999860525 46.358219147
0.999945998 -0.005124309 -0.009037030 0.785352945 0.005253924 0.999882936 0.014377826 -1.488629341 0.008962293 -0.014424533 0.999855757 46.888854980
0.999946594 -0.005089476 -0.008995125 0.789647400 0.005219121 0.999881983 0.014448563 -1.495875835 0.008920528 -0.014494739 0.999855161 47.438591003
0.999943674 -0.005230854 -0.009231050 0.799853086 0.005367289 0.999875784 0.014817690 -1.508240223 0.009152392 -0.014866401 0.999847591 47.977672577
0.999938786 -0.005732019 -0.009461563 0.817265630 0.005870642 0.999874771 0.014689054 -1.519766688 0.009376182 -0.014743700 0.999847353 48.508911133
0.999941885 -0.005531975 -0.009248644 0.816473842 0.005669574 0.999872625 0.014918428 -1.533643961 0.009164938 -0.014969999 0.999845862 49.018280029
0.999944687 -0.005313385 -0.009071090 0.819832504 0.005448639 0.999873400 0.014951504 -1.540397167 0.008990498 -0.015000104 0.999846995 49.554279327
0.999939799 -0.005698394 -0.009377032 0.826766610 0.005838498 0.999870718 0.014982404 -1.550288558 0.009290445 -0.015036249 0.999843717 50.077239990
0.999950051 -0.004685906 -0.008829411 0.824302435 0.004818239 0.999875486 0.015026596 -1.560671806 0.008757900 -0.015068386 0.999848068 50.624046326
0.999939203 -0.005699661 -0.009438301 0.838772655 0.005843231 0.999866664 0.015254522 -1.565760374 0.009350097 -0.015308745 0.999839067 51.127613068
0.999940097 -0.005678575 -0.009345794 0.844938278 0.005817324 0.999872208 0.014886543 -1.573106289 0.009260066 -0.014940021 0.999845445 51.684619904
0.999936879 -0.005775472 -0.009636680 0.855948269 0.005922214 0.999865890 0.015269037 -1.582996607 0.009547202 -0.015325145 0.999836922 52.203689575
0.999935091 -0.006000331 -0.009686714 0.859837592 0.006146449 0.999866784 0.015125749 -1.591723680 0.009594661 -0.015184307 0.999838710 52.748416901
0.999931335 -0.006079190 -0.010012684 0.871056795 0.006233659 0.999860942 0.015468989 -1.605548263 0.009917254 -0.015530342 0.999830186 53.306110382
0.999936521 -0.005511031 -0.009826595 0.873519182 0.005662373 0.999864697 0.015440587 -1.611084938 0.009740170 -0.015495247 0.999832511 53.769020081
0.999936223 -0.005712027 -0.009748630 0.875701249 0.005858959 0.999868631 0.015110755 -1.620264649 0.009661035 -0.015166906 0.999838293 54.322906494
0.999936223 -0.005690212 -0.009759323 0.877207518 0.005839738 0.999864936 0.015361891 -1.625353575 0.009670591 -0.015417902 0.999834299 54.877414703
0.999936223 -0.005864214 -0.009665313 0.887151897 0.006015008 0.999859512 0.015646949 -1.633477211 0.009572200 -0.015704088 0.999830842 55.359939575
0.999935687 -0.006031631 -0.009606809 0.893610001 0.006182013 0.999857605 0.015701650 -1.645197153 0.009510735 -0.015760031 0.999830544 55.902183533
0.999937713 -0.005850611 -0.009502050 0.897324264 0.005998555 0.999860048 0.015616463 -1.648779869 0.009409356 -0.015672490 0.999832869 56.463230133
0.999943912 -0.005442005 -0.009092414 0.893910646 0.005583683 0.999862313 0.015630029 -1.663495660 0.009006103 -0.015679922 0.999836445 57.006793976
0.999939501 -0.005672649 -0.009416789 0.906173646 0.005819820 0.999860168 0.015675532 -1.674726844 0.009326550 -0.015729388 0.999832809 57.476390839
0.999934256 -0.005959039 -0.009793356 0.916216850 0.006115176 0.999853373 0.015991380 -1.684523582 0.009696629 -0.016050216 0.999824166 58.015022278
0.999935806 -0.005720685 -0.009776347 0.918781281 0.005881706 0.999846160 0.016521903 -1.699213028 0.009680326 -0.016578345 0.999815762 58.545452118
0.999936521 -0.005671584 -0.009732168 0.930346489 0.005830208 0.999849260 0.016348824 -1.702328920 0.009637978 -0.016404530 0.999819040 59.083316803
0.999942780 -0.005214955 -0.009335239 0.941743910 0.005365775 0.999854207 0.016204547 -1.700423241 0.009249373 -0.016253710 0.999825180 59.622547150
0.999943316 -0.005597968 -0.009057306 0.931791008 0.005741303 0.999857485 0.015877513 -1.713053942 0.008967134 -0.015928615 0.999832869 60.115386963
0.999943435 -0.005486816 -0.009115562 0.949241281 0.005634997 0.999851167 0.016310496 -1.723778844 0.009024713 -0.016360940 0.999825358 60.653228760
0.999936163 -0.006168340 -0.009463781 0.960779727 0.006319114 0.999852359 0.015985511 -1.728016853 0.009363778 -0.016044294 0.999827385 61.190555573
0.999941528 -0.005759448 -0.009152154 0.957922220 0.005901845 0.999860823 0.015608761 -1.735800982 0.009060984 -0.015661864 0.999836206 61.745735168
0.999937534 -0.006077528 -0.009384404 0.968982041 0.006225135 0.999856055 0.015780644 -1.740529537 0.009287147 -0.015838075 0.999831378 62.260551453
0.999937296 -0.005887415 -0.009517775 0.961129427 0.006040744 0.999851048 0.016162135 -1.756776929 0.009421203 -0.016218618 0.999824226 62.787715912
0.999940455 -0.005503931 -0.009427222 0.961840093 0.005657434 0.999850512 0.016334455 -1.763292074 0.009335908 -0.016386814 0.999822199 63.313903809
0.999935091 -0.005686532 -0.009875005 0.967812836 0.005845061 0.999853194 0.016099518 -1.771397829 0.009782006 -0.016156195 0.999821663 63.865997314
0.999937057 -0.005497777 -0.009779642 0.968240976 0.005652187 0.999858558 0.015832083 -1.771587372 0.009691219 -0.015886363 0.999826849 64.400177002
0.999940991 -0.005628448 -0.009290455 0.982135892 0.005776834 0.999854922 0.016022932 -1.781385422 0.009198922 -0.016075656 0.999828458 64.883529663
0.999939859 -0.005848341 -0.009268917 0.983729362 0.005996045 0.999854147 0.015988408 -1.787076950 0.009174060 -0.016043020 0.999829233 65.438621521
0.999947906 -0.005021273 -0.008895820 0.986422598 0.005161344 0.999861896 0.015793229 -1.792260528 0.008815288 -0.015838321 0.999835730 65.974967957
0.999939442 -0.006061852 -0.009189828 0.978296459 0.006207491 0.999854207 0.015903005 -1.807011962 0.009092085 -0.015959086 0.999831319 66.465019226
0.999940276 -0.005404135 -0.009513271 1.011173725 0.005555887 0.999856591 0.015998052 -1.813904881 0.009425452 -0.016049946 0.999826789 66.959899902
0.999942303 -0.005282217 -0.009355358 1.021827698 0.005432187 0.999855995 0.016078105 -1.823356867 0.009269081 -0.016127996 0.999827027 67.496421814
0.999939859 -0.005437100 -0.009524198 1.011583686 0.005587077 0.999859631 0.015791694 -1.820816875 0.009437001 -0.015843956 0.999830008 68.073020935
0.999944270 -0.005039218 -0.009283062 1.022261381 0.005185370 0.999861896 0.015787633 -1.833156109 0.009202223 -0.015834887 0.999832213 68.575187683
0.999940753 -0.005721704 -0.009260966 1.021464348 0.005870704 0.999852479 0.016142622 -1.834617853 0.009167235 -0.016196029 0.999826789 69.053153992
0.999939561 -0.005839922 -0.009314867 1.024215460 0.005988004 0.999854863 0.015949503 -1.837655306 0.009220372 -0.016004315 0.999829352 69.610115051
0.999934852 -0.006460506 -0.009405010 1.034631968 0.006609078 0.999852419 0.015852630 -1.847035408 0.009301207 -0.015913755 0.999830067 70.133865356
0.999935091 -0.006189312 -0.009574782 1.042750597 0.006339148 0.999856651 0.015698638 -1.851625800 0.009476246 -0.015758311 0.999830902 70.671165466
0.999937773 -0.005872547 -0.009483979 1.049747109 0.006016499 0.999866009 0.015221841 -1.858556151 0.009393319 -0.015277953 0.999839187 71.247032166
0.999941468 -0.005715164 -0.009187972 1.044127584 0.005859938 0.999857903 0.015807979 -1.867836595 0.009096323 -0.015860893 0.999832809 71.694221497
0.999938011 -0.005751787 -0.009530997 1.053197861 0.005902233 0.999857247 0.015832702 -1.869249463 0.009438569 -0.015887974 0.999829233 72.242309570
0.999941528 -0.005480073 -0.009320118 1.054579735 0.005628869 0.999855936 0.016014554 -1.878843307 0.009231013 -0.016066078 0.999828339 72.794509888
0.999942482 -0.005406886 -0.009259988 1.067144394 0.005551133 0.999862552 0.015623335 -1.885026455 0.009174240 -0.015673842 0.999835014 73.272979736
0.999940753 -0.005583358 -0.009344138 1.082568407 0.005726216 0.999866068 0.015332201 -1.886839867 0.009257279 -0.015384797 0.999838769 73.854614258
0.999949932 -0.004847211 -0.008749012 1.069925785 0.004982401 0.999867499 0.015497001 -1.902940035 0.008672735 -0.015539817 0.999841690 74.368705750
0.999944091 -0.005293854 -0.009149195 1.084073663 0.005435130 0.999865294 0.015486056 -1.912933826 0.009065981 -0.015534919 0.999838233 74.859161377
0.999945343 -0.005129799 -0.009103418 1.087518215 0.005268137 0.999869943 0.015237933 -1.913652658 0.009024066 -0.015285062 0.999842405 75.435478210
0.999943733 -0.005520659 -0.009054027 1.079788923 0.005658828 0.999866784 0.015306585 -1.928807020 0.008968318 -0.015356962 0.999841809 75.920646667
0.999949157 -0.004851134 -0.008830710 1.092239618 0.004988978 0.999864936 0.015655041 -1.927055001 0.008753573 -0.015698301 0.999838471 76.392860413
0.999941111 -0.006185208 -0.008918067 1.104568481 0.006320903 0.999863446 0.015268728 -1.931860566 0.008822409 -0.015324201 0.999843717 76.942184448
0.999943435 -0.005959864 -0.008800779 1.112356305 0.006095427 0.999861896 0.015457927 -1.936300039 0.008707438 -0.015510702 0.999841750 77.491897583
0.999947250 -0.005378135 -0.008753656 1.101484299 0.005513149 0.999865055 0.015473364 -1.941410303 0.008669257 -0.015520807 0.999841988 77.993453979
0.999952197 -0.004974317 -0.008409550 1.103936195 0.005101896 0.999871135 0.015217950 -1.947926164 0.008332768 -0.015260127 0.999848843 78.529586792
0.999954164 -0.005158258 -0.008069027 1.111203790 0.005279833 0.999871790 0.015118932 -1.949882865 0.007990008 -0.015160843 0.999853075 79.074684143
0.999963105 -0.005177367 -0.006859737 1.117811799 0.005276858 0.999880075 0.014565811 -1.953229785 0.006783501 -0.014601472 0.999870300 79.622299194
0.999976397 -0.004532980 -0.005166418 1.121011734 0.004610314 0.999876022 0.015056268 -1.967426300 0.005097528 -0.015079732 0.999873221 80.152496338
0.999981284 -0.004830548 -0.003757175 1.136068821 0.004886919 0.999873400 0.015141983 -1.973389268 0.003683556 -0.015160060 0.999878228 80.684593201
0.999989212 -0.004629038 -0.000169595 1.151697755 0.004631064 0.999876380 0.015026798 -1.982038498 0.000100014 -0.015027422 0.999887049 81.228782654
0.999981344 -0.004804150 0.003788518 1.164885044 0.004745955 0.999872804 0.015223357 -1.984025598 -0.003861171 -0.015205090 0.999876916 81.798347473
0.999965250 -0.005770751 0.006029673 1.194258213 0.005679534 0.999870777 0.015037263 -1.989332914 -0.006115669 -0.015002492 0.999868691 82.337974548
0.999926031 -0.005006683 0.011081985 1.208491206 0.004842413 0.999878705 0.014800562 -1.984028578 -0.011154745 -0.014745804 0.999829054 82.851371765
0.999836624 -0.004842040 0.017415546 1.234868884 0.004579109 0.999875426 0.015105817 -2.001350403 -0.017486520 -0.015023601 0.999734223 83.462028503
0.999723732 -0.005145312 0.022934657 1.255872369 0.004804253 0.999877453 0.014901274 -2.000744343 -0.023008516 -0.014786974 0.999625921 83.911109924
0.999576867 -0.005233499 0.028614316 1.285830021 0.004816846 0.999881625 0.014610557 -2.003651619 -0.028687395 -0.014466543 0.999483764 84.461441040
0.999321043 -0.005021610 0.036499746 1.326599240 0.004479524 0.999878705 0.014918423 -2.011728764 -0.036570236 -0.014744794 0.999222219 84.997650146
0.999004424 -0.005948794 0.044212155 1.373646498 0.005305505 0.999878585 0.014653172 -2.014140606 -0.044293955 -0.014404017 0.998914659 85.592658997
0.998688579 -0.006157067 0.050827481 1.419402122 0.005418511 0.999877930 0.014655693 -2.026507854 -0.050911512 -0.014361064 0.998599887 86.068336487
0.998190939 -0.005739431 0.059849396 1.470294476 0.004872837 0.999881327 0.014615493 -2.035154104 -0.059926175 -0.014297412 0.998100400 86.600021362
0.997547865 -0.006387746 0.069695562 1.533041954 0.005379320 0.999878228 0.014647127 -2.044425488 -0.069780640 -0.014236296 0.997460783 87.139328003
0.996913373 -0.006765978 0.078217715 1.601424694 0.005641673 0.999877632 0.014586114 -2.049383163 -0.078306846 -0.014099810 0.996829689 87.677879333
0.996237040 -0.006072043 0.086457759 1.663398266 0.004831293 0.999882340 0.014552958 -2.064135313 -0.086535968 -0.014080493 0.996149182 88.211494446
0.995268822 -0.006281681 0.096956111 1.736309528 0.004868694 0.999878526 0.014803192 -2.064550877 -0.097037330 -0.014261104 0.995178640 88.770240784
0.994191110 -0.006937407 0.107404865 1.829245090 0.005375333 0.999875605 0.014826477 -2.086702585 -0.107494354 -0.014163014 0.994104803 89.273330688
0.993116617 -0.006612406 0.116942689 1.905372620 0.004917024 0.999878705 0.014780099 -2.089942455 -0.117026232 -0.014103351 0.993028760 89.833396912
0.991807163 -0.007025458 0.127550393 2.005382538 0.005166074 0.999875605 0.014902618 -2.096401215 -0.127639219 -0.014121588 0.991720140 90.380325317
0.990219176 -0.007385618 0.139325038 2.115135193 0.005325138 0.999870896 0.015156007 -2.109592915 -0.139419019 -0.014265846 0.990130663 90.919334412
0.988632560 -0.008143057 0.150131077 2.215899467 0.005982148 0.999871910 0.014839493 -2.101457119 -0.150232688 -0.013772699 0.988554716 91.485092163
0.986989796 -0.007963018 0.160585180 2.330667496 0.005654166 0.999874055 0.014829569 -2.118917227 -0.160682991 -0.013728661 0.986910582 92.002586365
0.984857142 -0.008774592 0.173145741 2.458009720 0.006296921 0.999869883 0.014853858 -2.126610994 -0.173253506 -0.013538646 0.984784245 92.527214050
0.982505858 -0.008490306 0.186038181 2.570830345 0.005747380 0.999866784 0.015278270 -2.134607315 -0.186143100 -0.013941754 0.982423842 93.070075989
0.980598509 -0.009276751 0.195807174 2.706071854 0.006484919 0.999868035 0.014894374 -2.135784149 -0.195919499 -0.013335607 0.980529308 93.609924316
0.977941632 -0.009590770 0.208658233 2.846971512 0.006593942 0.999864995 0.015053262 -2.143686295 -0.208774388 -0.013345330 0.977872789 94.136146545
0.974928319 -0.009581941 0.222312719 2.993368149 0.006398808 0.999866486 0.015034145 -2.148958683 -0.222427085 -0.013234678 0.974859416 94.667648315
0.972225368 -0.009401820 0.233857721 3.130178452 0.006033916 0.999867618 0.015112814 -2.160253525 -0.233968824 -0.013281985 0.972153425 95.184738159
0.969341218 -0.010086701 0.245511144 3.313257217 0.006551305 0.999862790 0.015212621 -2.162184238 -0.245630875 -0.013137802 0.969274402 95.731147766
0.965881228 -0.010593772 0.258768588 3.484476089 0.006864866 0.999859214 0.015309576 -2.172087669 -0.258894414 -0.013010819 0.965817988 96.236503601
0.962343812 -0.010102645 0.271647543 3.653018951 0.006151371 0.999862492 0.015393198 -2.176503897 -0.271765739 -0.013142542 0.962273717 96.793022156
0.959127367 -0.011034270 0.282759219 3.849140167 0.006974532 0.999857724 0.015360192 -2.176789045 -0.282888442 -0.012760269 0.959067941 97.341171265
0.954735816 -0.010127482 0.297282696 4.024168015 0.005872859 0.999867201 0.015201385 -2.166047573 -0.297397196 -0.012767405 0.954668522 97.892257690
0.950481117 -0.011193628 0.310580581 4.240690231 0.006700424 0.999856889 0.015530273 -2.186514854 -0.310710013 -0.012680209 0.950420201 98.385154724
0.946729779 -0.011420947 0.321826488 4.439157486 0.006662329 0.999851644 0.015883803 -2.194650650 -0.321960151 -0.012893557 0.946665466 98.896011353
0.942337155 -0.011941511 0.334451944 4.639919281 0.006993629 0.999847591 0.015994335 -2.204752445 -0.334591866 -0.012733023 0.942277074 99.402252197
0.937292993 -0.012475519 0.348319054 4.855102539 0.007343180 0.999844134 0.016050987 -2.211847305 -0.348465085 -0.012486706 0.937238574 99.906944275
0.932671607 -0.012627892 0.360505521 5.073396683 0.007267680 0.999841928 0.016220391 -2.220149040 -0.360653400 -0.012508256 0.932616055 100.410873413
0.928341329 -0.012552395 0.371516913 5.289609909 0.006995018 0.999842644 0.016302506 -2.229848862 -0.371663123 -0.012535520 0.928283155 100.914016724
0.922727346 -0.012288642 0.385257334 5.511884689 0.006392883 0.999842167 0.016580639 -2.231669664 -0.385400265 -0.012836505 0.922660172 101.404357910
0.917296827 -0.013159417 0.397986680 5.758384705 0.007036295 0.999833405 0.016841903 -2.244235039 -0.398142010 -0.012648671 0.917236567 101.884704590
0.912260056 -0.013782500 0.409379780 6.004676819 0.007566293 0.999830246 0.016800376 -2.251333714 -0.409541845 -0.012228824 0.912209272 102.377021790
0.906024396 -0.013833286 0.422999382 6.270149231 0.007331592 0.999828637 0.016993683 -2.254621029 -0.423162013 -0.012295432 0.905970633 102.882255554
0.899263501 -0.014281299 0.437173963 6.539867401 0.007556060 0.999824822 0.017118838 -2.261738777 -0.437341928 -0.012091032 0.899214029 103.363754272
0.893298447 -0.015035525 0.449212611 6.801544189 0.008141396 0.999817610 0.017274864 -2.265115738 -0.449390531 -0.011774393 0.893257797 103.838867188
0.887760580 -0.015287119 0.460051656 7.067699432 0.008217130 0.999815404 0.017366426 -2.268715143 -0.460232168 -0.011636925 0.887722313 104.303657532
0.880694270 -0.015712542 0.473424494 7.346263885 0.008460385 0.999812067 0.017444339 -2.275432110 -0.473609596 -0.011357775 0.880661666 104.767303467
