1.000000000 0.000000000 0.000000000 0.000000000 0.000000000 1.000000000 0.000000000 0.000000000 0.000000000 0.000000000 1.000000000 0.000000000
1.000000000 0.000044855 0.000050669 -0.000715184 -0.000044862 1.000000000 0.000130856 -0.000558482 -0.000050664 -0.000130858 1.000000000 0.000023348
1.000000000 0.000018521 0.000084923 -0.000949433 -0.000018521 1.000000000 0.000007860 0.000139988 -0.000084923 -0.000007862 1.000000000 0.000051906
1.000000000 0.000105594 0.000049747 -0.000367698 -0.000105590 1.000000000 -0.000066518 0.000236206 -0.000049754 0.000066513 1.000000000 0.000193294
1.000000000 0.000111969 0.000160034 -0.001611090 -0.000111980 1.000000000 0.000066810 -0.000100604 -0.000160026 -0.000066828 1.000000000 0.000360075
1.000000000 -0.000005273 0.000010699 -0.000423448 0.000005273 1.000000000 -0.000000233 -0.000538759 -0.000010699 0.000000233 1.000000000 -0.000366234
1.000000000 0.000054402 0.000079877 -0.000671363 -0.000054402 1.000000000 0.000009911 -0.000355902 -0.000079876 -0.000009915 1.000000000 -0.000277122
1.000000000 0.000099451 -0.000017925 -0.000018126 -0.000099453 1.000000000 -0.000098068 0.000493744 0.000017916 0.000098070 1.000000000 -0.000132091
1.000000000 0.000098628 0.000100209 -0.000610197 -0.000098627 1.000000000 -0.000013055 -0.000447556 -0.000100210 0.000013045 1.000000000 0.000013173
1.000000000 0.000199635 0.000082680 -0.001305772 -0.000199645 1.000000000 0.000117888 -0.000622912 -0.000082656 -0.000117904 1.000000000 0.000629136
1.000000000 0.000075231 0.000073295 -0.000367041 -0.000075232 1.000000000 0.000014222 -0.000349218 -0.000073294 -0.000014228 1.000000000 0.000683233
1.000000000 0.000102676 0.000070151 -0.000778426 -0.000102676 1.000000000 0.000001755 -0.000882338 -0.000070151 -0.000001762 1.000000000 0.000315940
1.000000000 0.000111536 0.000074185 -0.000875380 -0.000111537 1.000000000 0.000014789 -0.000164915 -0.000074184 -0.000014798 1.000000000 0.000479482
1.000000000 0.000155547 0.000142347 -0.002268772 -0.000155537 1.000000000 -0.000068703 0.000779791 -0.000142358 0.000068681 1.000000000 0.000423729
1.000000000 0.000166474 0.000108688 -0.001219543 -0.000166475 1.000000000 0.000008902 0.000466104 -0.000108687 -0.000008920 1.000000000 0.000852713
0.999999940 0.000230838 0.000125253 -0.001725815 -0.000230834 1.000000000 -0.000026936 0.000784560 -0.000125260 0.000026907 1.000000000 0.000622553
0.999999940 0.000307895 0.000171932 -0.002328023 -0.000307885 0.999999940 -0.000056638 0.001036032 -0.000171949 0.000056585 1.000000000 0.001758122
0.999999940 0.000208469 0.000181361 -0.002561487 -0.000208466 1.000000000 -0.000016128 0.001341568 -0.000181365 0.000016090 1.000000000 0.001509746
0.999999940 0.000215540 0.000233767 -0.002200105 -0.000215513 0.999999940 -0.000115615 0.001637150 -0.000233792 0.000115564 0.999999940 0.001686125
0.999999940 0.000199577 0.000202648 -0.002389858 -0.000199567 1.000000000 -0.000048319 0.000909760 -0.000202658 0.000048278 1.000000000 0.001897510
0.999999940 0.000336419 0.000138242 -0.002227168 -0.000336408 0.999999940 -0.000077431 0.001511886 -0.000138268 0.000077384 1.000000000 0.001789711
0.999999940 0.000271602 0.000188368 -0.002411330 -0.000271581 0.999999940 -0.000110550 0.001677998 -0.000188398 0.000110499 1.000000000 0.002300647
1.000000000 0.000185317 0.000123154 -0.002094243 -0.000185314 1.000000000 -0.000023047 0.001290925 -0.000123159 0.000023024 1.000000000 0.001475189
0.999999940 0.000356230 0.000140090 -0.002318757 -0.000356220 0.999999940 -0.000069492 0.001649784 -0.000140115 0.000069442 1.000000000 0.001724470
0.999999940 0.000340797 0.000220880 -0.002103394 -0.000340790 0.999999940 -0.000029705 0.000870348 -0.000220890 0.000029630 1.000000000 0.001122254
0.999999940 0.000260782 0.000222153 -0.002511345 -0.000260769 0.999999940 -0.000061244 0.002420791 -0.000222169 0.000061186 1.000000000 0.002287144
0.999999940 0.000270572 0.000168624 -0.001727491 -0.000270574 0.999999940 0.000007931 0.001207718 -0.000168622 -0.000007976 1.000000000 0.001648196
0.999999940 0.000364065 0.000136199 -0.002497701 -0.000364041 0.999999940 -0.000171875 0.002488937 -0.000136262 0.000171826 1.000000000 0.001403701
0.999999940 0.000336722 0.000113344 -0.001911122 -0.000336704 0.999999940 -0.000164866 0.002833089 -0.000113400 0.000164828 1.000000000 0.001295069
0.999999940 0.000316481 0.000199139 -0.001619568 -0.000316472 0.999999940 -0.000041858 0.001039768 -0.000199153 0.000041795 1.000000000 0.001968770
0.999999940 0.000259210 0.000234012 -0.002365485 -0.000259191 0.999999940 -0.000081085 0.001832457 -0.000234033 0.000081024 0.999999940 0.002156761
0.999999940 0.000288107 0.000181577 -0.001527342 -0.000288087 0.999999940 -0.000112544 0.001705354 -0.000181609 0.000112491 1.000000000 0.002578413
0.999999940 0.000320672 0.000218055 -0.002068045 -0.000320659 0.999999940 -0.000062056 0.000938816 -0.000218074 0.000061986 1.000000000 0.001131158
0.999999881 0.000372718 0.000263911 -0.002840734 -0.000372697 0.999999940 -0.000082766 0.001515240 -0.000263941 0.000082668 0.999999940 0.001845608
0.999999940 0.000314836 0.000192732 -0.001301307 -0.000314811 0.999999940 -0.000126314 0.001516147 -0.000192771 0.000126254 1.000000000 0.001279203
0.999999940 0.000239390 0.000220491 -0.002601196 -0.000239367 0.999999940 -0.000108465 0.001792352 -0.000220517 0.000108412 0.999999940 0.001967462
0.999999940 0.000353116 0.000143798 -0.002023318 -0.000353093 0.999999940 -0.000158152 0.003048070 -0.000143854 0.000158101 1.000000000 0.002325715
0.999999881 0.000399107 0.000240933 -0.002711689 -0.000399082 0.999999940 -0.000103325 0.001903457 -0.000240974 0.000103229 0.999999940 0.001810996
0.999999940 0.000323838 0.000200865 -0.001396508 -0.000323822 0.999999940 -0.000077700 0.001828757 -0.000200890 0.000077635 1.000000000 0.001033282
0.999999940 0.000200944 0.000157453 -0.000847201 -0.000200913 0.999999940 -0.000191104 0.001532617 -0.000157492 0.000191073 0.999999940 0.001655627
0.999999821 0.000454567 0.000350071 -0.002347454 -0.000454314 0.999999642 -0.000722199 -0.001363780 -0.000350399 0.000722039 0.999999702 0.048831124
0.999999762 0.000606537 0.000228803 0.000103907 -0.000606234 0.999998987 -0.001320867 -0.001847271 -0.000229604 0.001320728 0.999999106 0.140292570
0.999999940 0.000283434 0.000214884 -0.000521266 -0.000283252 0.999999583 -0.000847867 -0.013122140 -0.000215124 0.000847806 0.999999642 0.247789264
0.999999881 0.000288633 0.000228630 0.003179170 -0.000288451 0.999999642 -0.000797723 -0.016266707 -0.000228861 0.000797657 0.999999702 0.378433764
0.999999881 0.000344304 0.000057494 0.007748820 -0.000344267 0.999999702 -0.000647544 -0.022911849 -0.000057717 0.000647525 0.999999702 0.516843736
1.000000000 0.000161376 0.000100119 0.011239361 -0.000161319 0.999999762 -0.000573270 -0.027872115 -0.000100212 0.000573254 0.999999821 0.668002129
0.999999344 0.001038116 0.000538262 0.011326461 -0.001037890 0.999999285 -0.000420221 -0.030686185 -0.000538698 0.000419662 0.999999702 0.824836791
0.999999523 0.000732151 0.000510695 0.012879662 -0.000731959 0.999999583 -0.000375932 -0.036627572 -0.000510970 0.000375558 0.999999821 0.992563844
0.999999940 0.000210674 0.000224058 0.018227572 -0.000210563 0.999999821 -0.000496274 -0.035684161 -0.000224163 0.000496227 0.999999881 1.180413723
0.999999642 0.000819248 -0.000105997 0.020842256 -0.000819263 0.999999642 -0.000138854 -0.040244147 0.000105883 0.000138941 1.000000000 1.363522530
0.999999642 0.000808861 -0.000154847 0.025412548 -0.000808908 0.999999642 -0.000307231 -0.042041991 0.000154599 0.000307357 0.999999940 1.557447910
0.999999881 0.000414242 -0.000336502 0.030375175 -0.000414257 0.999999940 -0.000044087 -0.048231527 0.000336484 0.000044227 0.999999940 1.756667018
0.999999642 0.000261824 0.000695931 0.028485980 -0.000261913 0.999999881 0.000127475 -0.060474537 -0.000695897 -0.000127657 0.999999762 1.943004727
0.999999881 0.000384757 0.000025101 0.041545857 -0.000384771 0.999999762 0.000540123 -0.070233598 -0.000024893 -0.000540132 0.999999881 2.164020061
0.999999821 0.000456602 0.000318191 0.042230871 -0.000456719 0.999999821 0.000370130 -0.071816966 -0.000318022 -0.000370275 0.999999881 2.377031326
0.999999583 0.000657075 0.000425138 0.046522979 -0.000657222 0.999999702 0.000345104 -0.078685574 -0.000424911 -0.000345383 0.999999881 2.599854946
0.999999821 0.000321231 0.000407991 0.052565534 -0.000321417 0.999999762 0.000456641 -0.089922391 -0.000407845 -0.000456772 0.999999821 2.821693182
0.999999821 0.000184580 0.000490484 0.057458159 -0.000184678 0.999999881 0.000198807 -0.090147771 -0.000490447 -0.000198898 0.999999821 3.059399605
0.999999821 0.000425805 0.000237527 0.061458651 -0.000426123 0.999998987 0.001340487 -0.113469891 -0.000236956 -0.001340588 0.999998987 3.283500195
0.999999940 -0.000111690 0.000215354 0.076335736 0.000111510 0.999999642 0.000835112 -0.109368727 -0.000215447 -0.000835088 0.999999642 3.541049480
1.000000000 0.000168643 0.000154996 0.079874434 -0.000168773 0.999999702 0.000837812 -0.114636838 -0.000154855 -0.000837838 0.999999642 3.797062397
0.999999642 0.000685204 0.000546693 0.079826124 -0.000685624 0.999999464 0.000769010 -0.123382047 -0.000546166 -0.000769384 0.999999583 4.053327084
0.999999702 0.000315786 0.000752282 0.086515844 -0.000316628 0.999999285 0.001119487 -0.129207328 -0.000751928 -0.001119725 0.999999106 4.303053856
0.999999762 0.000517480 0.000489843 0.096799240 -0.000518115 0.999999046 0.001296612 -0.143062085 -0.000489172 -0.001296866 0.999999046 4.551598549
0.999999404 0.000915363 0.000749978 0.101118453 -0.000916315 0.999998868 0.001269051 -0.149740279 -0.000748815 -0.001269737 0.999998927 4.810958862
0.999998987 0.001107044 0.000893714 0.102184251 -0.001108225 0.999998510 0.001321707 -0.152681708 -0.000892249 -0.001322696 0.999998748 5.079185486
0.999999404 0.000891166 0.000808487 0.112222813 -0.000891971 0.999999106 0.000995954 -0.157552645 -0.000807599 -0.000996675 0.999999106 5.348289490
0.999998868 0.001125158 0.000975931 0.114113644 -0.001126106 0.999998808 0.000971163 -0.167087808 -0.000974837 -0.000972261 0.999999046 5.609644413
0.999998569 0.001204738 0.001211042 0.117812686 -0.001206041 0.999998689 0.001075768 -0.177283332 -0.001209745 -0.001077227 0.999998629 5.880572796
0.999998689 0.001158180 0.001151418 0.124553375 -0.001159432 0.999998748 0.001087401 -0.187244773 -0.001150158 -0.001088734 0.999998748 6.162240982
0.999999046 0.000950992 0.001112819 0.136305347 -0.000952287 0.999998868 0.001163642 -0.189727858 -0.001111711 -0.001164700 0.999998689 6.448740959
0.999999046 0.000774421 0.001117020 0.141178012 -0.000775907 0.999998808 0.001330441 -0.202964291 -0.001115989 -0.001331306 0.999998510 6.735024452
0.999998271 0.001410173 0.001194834 0.149377644 -0.001411145 0.999998689 0.000812498 -0.205407739 -0.001193687 -0.000814183 0.999998927 7.035591602
0.999997020 0.001948689 0.001460122 0.152222276 -0.001950026 0.999997795 0.000914888 -0.216856435 -0.001458336 -0.000917733 0.999998450 7.330758572
0.999997079 0.001762317 0.001644522 0.159769163 -0.001764623 0.999997437 0.001401621 -0.232904270 -0.001642047 -0.001404519 0.999997675 7.629148006
0.999997199 0.001765127 0.001584507 0.167668715 -0.001767029 0.999997735 0.001199721 -0.240444511 -0.001582386 -0.001202518 0.999997973 7.938276291
0.999998569 0.001258298 0.001116258 0.182204455 -0.001259933 0.999998152 0.001466034 -0.250709623 -0.001114412 -0.001467439 0.999998331 8.247491837
0.999998450 0.001324032 0.001188462 0.188915700 -0.001325660 0.999998212 0.001370600 -0.259708136 -0.001186645 -0.001372174 0.999998391 8.564965248
0.999997199 0.001635020 0.001725427 0.182628676 -0.001637679 0.999997437 0.001540764 -0.279988706 -0.001722903 -0.001543585 0.999997258 8.904747009
0.999997020 0.001684245 0.001804951 0.190057978 -0.001687195 0.999997318 0.001633929 -0.294007719 -0.001802194 -0.001636969 0.999996960 9.244048119
0.999998093 0.001390524 0.001328905 0.207085803 -0.001392702 0.999997675 0.001639128 -0.297755152 -0.001326623 -0.001640975 0.999997795 9.592797279
0.999998331 0.001255798 0.001316565 0.211676374 -0.001258312 0.999997377 0.001910820 -0.308634251 -0.001314162 -0.001912473 0.999997318 9.944762230
0.999998510 0.001262323 0.001179805 0.226514399 -0.001264008 0.999998152 0.001428400 -0.314511716 -0.001178000 -0.001429889 0.999998271 10.304755211
0.999998569 0.001117714 0.001240072 0.235814586 -0.001119838 0.999997854 0.001713221 -0.327376366 -0.001238155 -0.001714607 0.999997735 10.666965485
0.999997556 0.001621684 0.001518211 0.245949209 -0.001624645 0.999996722 0.001950582 -0.338556468 -0.001515043 -0.001953044 0.999996901 11.022396088
0.999998569 0.001125000 0.001261726 0.254333377 -0.001127395 0.999997556 0.001899107 -0.349225640 -0.001259586 -0.001900527 0.999997377 11.398125648
0.999998033 0.001425209 0.001346287 0.262459427 -0.001427820 0.999997079 0.001941087 -0.357093573 -0.001343516 -0.001943006 0.999997199 11.786409378
0.999996424 0.002069808 0.001690971 0.264583617 -0.002073819 0.999995053 0.002373608 -0.369972348 -0.001686050 -0.002377106 0.999995768 12.169849396
0.999996841 0.001814826 0.001762553 0.278492361 -0.001819422 0.999994993 0.002609371 -0.384706199 -0.001757808 -0.002612569 0.999995112 12.553956985
0.999995112 0.002082602 0.002317155 0.278085291 -0.002087974 0.999995053 0.002318476 -0.388238847 -0.002312315 -0.002323303 0.999994636 12.973695755
0.999996364 0.001826968 0.001975070 0.294677854 -0.001830577 0.999996662 0.001827110 -0.398851544 -0.001971725 -0.001830719 0.999996305 13.368441582
0.999995232 0.002230234 0.002148829 0.300111562 -0.002235594 0.999994397 0.002495303 -0.413976461 -0.002143252 -0.002500095 0.999994576 13.782294273
0.999993622 0.002463569 0.002568724 0.309016913 -0.002470388 0.999993443 0.002655101 -0.424476802 -0.002562166 -0.002661430 0.999993205 14.193474770
0.999992251 0.002582900 0.002972863 0.314301670 -0.002591049 0.999992847 0.002740635 -0.439143717 -0.002965763 -0.002748316 0.999991834 14.614182472
0.999992251 0.002507803 0.003079481 0.326426327 -0.002515366 0.999993801 0.002454860 -0.443739623 -0.003073307 -0.002462586 0.999992251 15.046048164
0.999990523 0.002739425 0.003380853 0.331768572 -0.002749236 0.999992013 0.002900707 -0.463757545 -0.003372880 -0.002909975 0.999990046 15.484217644
0.999988735 0.002848241 0.003790884 0.343357772 -0.002858888 0.999991953 0.002806090 -0.474836826 -0.003782862 -0.002816897 0.999988794 15.918998718
0.999984503 0.003396860 0.004413320 0.343715668 -0.003407734 0.999991179 0.002458766 -0.478865266 -0.004404930 -0.002473767 0.999987245 16.365032196
0.999983490 0.003310467 0.004721064 0.351573706 -0.003323989 0.999990404 0.002859221 -0.501575470 -0.004711553 -0.002874866 0.999984741 16.799736023
0.999983490 0.003155264 0.004804863 0.364718556 -0.003168264 0.999991357 0.002700334 -0.513602674 -0.004796301 -0.002715513 0.999984741 17.251485825
0.999982059 0.003360218 0.004960839 0.369873136 -0.003376029 0.999989152 0.003182186 -0.529992044 -0.004950093 -0.003198877 0.999982595 17.714048386
0.999982059 0.003159252 0.005099101 0.384078115 -0.003172235 0.999991715 0.002540155 -0.537840545 -0.005091033 -0.002556285 0.999983788 18.183645248
0.999979198 0.003290763 0.005554665 0.398571283 -0.003305290 0.999991119 0.002607974 -0.548862398 -0.005546033 -0.002626280 0.999981105 18.652338028
0.999981344 0.003136993 0.005241541 0.410795629 -0.003151298 0.999991298 0.002722930 -0.560442567 -0.005232953 -0.002739397 0.999982536 19.155797958
0.999983728 0.002646835 0.005066512 0.423427761 -0.002655621 0.999994993 0.001728277 -0.547574818 -0.005061912 -0.001741704 0.999985635 19.712642670
0.999979377 0.003565565 0.005344224 0.437607288 -0.003581147 0.999989271 0.002908891 -0.584813595 -0.005333795 -0.002927969 0.999981403 20.111997604
0.999975681 0.003723358 0.005901536 0.447583050 -0.003741308 0.999988437 0.003033476 -0.600233555 -0.005890173 -0.003055482 0.999977946 20.615516663
0.999984682 0.003120885 0.004572720 0.469461441 -0.003133529 0.999991298 0.002760559 -0.607452750 -0.004564065 -0.002774846 0.999985695 21.114255905
0.999986649 0.003009605 0.004205545 0.477662206 -0.003021066 0.999991715 0.002721613 -0.620304585 -0.004197320 -0.002734282 0.999987423 21.618068695
0.999985695 0.003710562 0.003862382 0.488929540 -0.003720444 0.999989867 0.002554539 -0.631037354 -0.003852864 -0.002568872 0.999989271 22.137655258
0.999984860 0.003937823 0.003837221 0.499169409 -0.003947633 0.999988973 0.002552445 -0.644367695 -0.003827127 -0.002567554 0.999989331 22.634826660
0.999992371 0.002647419 0.002865885 0.504978418 -0.002657222 0.999990523 0.003422131 -0.661723077 -0.002856798 -0.003429720 0.999990046 23.169977188
0.999990284 0.003238912 0.002993656 0.514822781 -0.003247865 0.999990344 0.002991007 -0.680527449 -0.002983939 -0.003000701 0.999991059 23.653841019
0.999994457 0.002309928 0.002405758 0.527939141 -0.002314771 0.999995291 0.002012434 -0.689048529 -0.002401098 -0.002017992 0.999995172 24.188995361
0.999994040 0.002964253 0.001756620 0.535233021 -0.002968447 0.999992669 0.002390277 -0.704643369 -0.001749522 -0.002395477 0.999995589 24.717037201
0.999992192 0.003700915 0.001321035 0.542229414 -0.003704332 0.999989867 0.002593177 -0.717212558 -0.001311425 -0.002598051 0.999995768 25.260417938
0.999991536 0.004058537 0.000651646 0.552746654 -0.004060533 0.999986947 0.003091909 -0.732457876 -0.000639089 -0.003094528 0.999994993 25.785665512
0.999990821 0.004253870 0.000604212 0.558434606 -0.004255550 0.999987006 0.002805799 -0.740834117 -0.000592269 -0.002808344 0.999995828 26.346929550
0.999995232 0.003085110 -0.000183343 0.575657904 -0.003084506 0.999990106 0.003212073 -0.757127166 0.000193251 -0.003211492 0.999994814 26.896715164
0.999994934 0.003011326 -0.001005869 0.588440180 -0.003008060 0.999990284 0.003232541 -0.775709212 0.001015594 -0.003229499 0.999994278 27.436233521
0.999992967 0.003561347 -0.001097726 0.594249666 -0.003557961 0.999988973 0.003071053 -0.790819168 0.001108651 -0.003067126 0.999994636 28.014917374
0.999992549 0.003657659 -0.001263741 0.610298157 -0.003654006 0.999989152 0.002880543 -0.793857872 0.001274263 -0.002875904 0.999995053 28.550611496
0.999990940 0.003961669 -0.001517617 0.612816036 -0.003956844 0.999987125 0.003168675 -0.817282557 0.001530151 -0.003162641 0.999993801 29.109579086
0.999989569 0.004338975 -0.001439006 0.614468515 -0.004334680 0.999986172 0.002975090 -0.827688754 0.001451895 -0.002968821 0.999994516 29.654466629
0.999987960 0.004618868 -0.001679387 0.622623384 -0.004613695 0.999984682 0.003071107 -0.842158675 0.001693547 -0.003063322 0.999993801 30.205490112
0.999988437 0.004377261 -0.001990078 0.629810691 -0.004370768 0.999985158 0.003255078 -0.858672023 0.002004296 -0.003246342 0.999992728 30.743175507
0.999987006 0.004636658 -0.002078281 0.638202548 -0.004629859 0.999983966 0.003264035 -0.874285817 0.002093382 -0.003254371 0.999992430 31.286327362
0.999983132 0.005362555 -0.002208191 0.644085824 -0.005355283 0.999980330 0.003286157 -0.887076497 0.002225770 -0.003274276 0.999992132 31.837604523
0.999983072 0.004956311 -0.003052721 0.659297585 -0.004948481 0.999984384 0.002567167 -0.896210074 0.003065397 -0.002552017 0.999992013 32.370506287
0.999983370 0.004966789 -0.002936178 0.657970428 -0.004958898 0.999984026 0.002688756 -0.909398079 0.002949486 -0.002674151 0.999992073 32.918876648
0.999983728 0.004669969 -0.003279063 0.665699303 -0.004661374 0.999985695 0.002624049 -0.925532997 0.003291271 -0.002608721 0.999991179 33.452011108
0.999981821 0.005137826 -0.003145964 0.673088431 -0.005129956 0.999983668 0.002504719 -0.938266158 0.003158781 -0.002488535 0.999991953 34.021373749
0.999981761 0.004657542 -0.003846616 0.683614075 -0.004646446 0.999984980 0.002888972 -0.957229018 0.003860013 -0.002871046 0.999988437 34.544639587
0.999980211 0.004573719 -0.004320020 0.693244994 -0.004560781 0.999985099 0.003000209 -0.973204076 0.004333678 -0.002980447 0.999986172 35.087902069
0.999982059 0.004020359 -0.004444815 0.707808375 -0.004006453 0.999987066 0.003132957 -0.984160006 0.004457352 -0.003115093 0.999985218 35.634284973
0.999978960 0.004118743 -0.005004950 0.712511778 -0.004104348 0.999987423 0.002883064 -0.999550462 0.005016760 -0.002862462 0.999983311 36.187732697
0.999978364 0.004167065 -0.005105939 0.717520297 -0.004152313 0.999987185 0.002896207 -1.013965130 0.005117943 -0.002874943 0.999982774 36.733230591
0.999976516 0.004291295 -0.005347195 0.730562210 -0.004276595 0.999987066 0.002757575 -1.025231242 0.005358958 -0.002734642 0.999981880 37.288906097
0.999976635 0.003919242 -0.005607462 0.744394243 -0.003903384 0.999988377 0.002836464 -1.042358279 0.005618514 -0.002814509 0.999980271 37.824653625
0.999976158 0.004166649 -0.005504580 0.749262929 -0.004151481 0.999987543 0.002764045 -1.055263758 0.005516028 -0.002741128 0.999981046 38.373340607
0.999974430 0.004675710 -0.005394497 0.752071202 -0.004661735 0.999985695 0.002600310 -1.067061782 0.005406578 -0.002575096 0.999982119 38.921066284
0.999974489 0.004469766 -0.005569601 0.768973708 -0.004453798 0.999985933 0.002876201 -1.085003853 0.005582380 -0.002851322 0.999980271 39.457164764
0.999974608 0.003840512 -0.005999355 0.776849747 -0.003822830 0.999988317 0.002956098 -1.099424243 0.006010638 -0.002933088 0.999977648 40.010345459
0.999973834 0.004430643 -0.005723147 0.790910542 -0.004414008 0.999985933 0.002916136 -1.116437078 0.005735987 -0.002890798 0.999979377 40.542373657
0.999974549 0.004249966 -0.005734558 0.799325347 -0.004233162 0.999986649 0.002939252 -1.127572298 0.005746973 -0.002914901 0.999979258 41.098079681
0.999972939 0.004629470 -0.005712160 0.802791595 -0.004612821 0.999985039 0.002924264 -1.143176436 0.005725614 -0.002897836 0.999979436 41.633113861
0.999972403 0.004982541 -0.005501723 0.809366941 -0.004968062 0.999984205 0.002642241 -1.153437734 0.005514801 -0.002614836 0.999981403 42.189846039
0.999970257 0.005107079 -0.005779617 0.824309766 -0.005092129 0.999983668 0.002598452 -1.174062967 0.005792794 -0.002568944 0.999979973 42.719066620
0.999970913 0.004842867 -0.005877860 0.824802399 -0.004824527 0.999983430 0.003130235 -1.189692140 0.005892921 -0.003101786 0.999977827 43.255451202
0.999969244 0.004947006 -0.006068691 0.832647800 -0.004930001 0.999983847 0.002813794 -1.204478264 0.006082514 -0.002783789 0.999977648 43.806716919
0.999973357 0.004484264 -0.005755474 0.843481183 -0.004466379 0.999985099 0.003116563 -1.216512084 0.005769365 -0.003090773 0.999978602 44.328571320
0.999971151 0.005033101 -0.005697233 0.846808672 -0.005017875 0.999983847 0.002683558 -1.229901433 0.005710647 -0.002654893 0.999980152 44.874629974
0.999972820 0.005106895 -0.005307331 0.855246425 -0.005090623 0.999982238 0.003075152 -1.248377562 0.005322942 -0.003048051 0.999981165 45.417835236
0.999972403 0.005093244 -0.005411126 0.863688707 -0.005076586 0.999982357 0.003087716 -1.260115266 0.005426756 -0.003060161 0.999980569 45.971004486
0.999972522 0.005063108 -0.005408772 0.868317008 -0.005047082 0.999982834 0.002972595 -1.272075295 0.005423729 -0.002945215 0.999980927 46.515747070
0.999970913 0.005665930 -0.005126209 0.878121316 -0.005652354 0.999980450 0.002658903 -1.281883717 0.005141173 -0.002629851 0.999983251 47.061244965
0.999972224 0.005066652 -0.005479938 0.886844337 -0.005050831 0.999983072 0.002897189 -1.294192553 0.005494524 -0.002869430 0.999980748 47.615100861
0.999973714 0.005004033 -0.005241852 0.897350669 -0.004988716 0.999983251 0.002931072 -1.315847397 0.005256430 -0.002904845 0.999981880 48.144802094
0.999973357 0.005235299 -0.005091527 0.903151274 -0.005218981 0.999981165 0.003213009 -1.327450871 0.005108254 -0.003186351 0.999981880 48.693016052
0.999974310 0.004993278 -0.005135797 0.912105560 -0.004977886 0.999983072 0.003005360 -1.339066029 0.005150717 -0.002979717 0.999982297 49.242797852
0.999971449 0.005744671 -0.004906526 0.925458789 -0.005730771 0.999979496 0.002842095 -1.357043028 0.004922752 -0.002813895 0.999983907 49.776657104
0.999971211 0.005815903 -0.004860293 0.930273831 -0.005802295 0.999979317 0.002808903 -1.368039012 0.004876529 -0.002780622 0.999984264 50.316749573
0.999974310 0.005607883 -0.004444848 0.932344735 -0.005595458 0.999980390 0.002802953 -1.380671501 0.004460480 -0.002778010 0.999986231 50.853031158
0.999969900 0.005805961 -0.005131556 0.952955365 -0.005791039 0.999978960 0.002918160 -1.403790355 0.005148391 -0.002888355 0.999982595 51.385471344
0.999968469 0.006113194 -0.005053112 0.963630438 -0.006098944 0.999977410 0.002830901 -1.408620596 0.005070304 -0.002799993 0.999983251 51.944000244
0.999969363 0.005985818 -0.005045243 0.973025799 -0.005972935 0.999978900 0.002564548 -1.424600840 0.005060488 -0.002534335 0.999983966 52.487602234
0.999968529 0.006029003 -0.005145106 0.982887626 -0.006015454 0.999978423 0.002644488 -1.437247276 0.005160938 -0.002613456 0.999983251 53.039638519
0.999969423 0.005892973 -0.005124228 0.990332365 -0.005879182 0.999979079 0.002702495 -1.454748511 0.005140046 -0.002672286 0.999983132 53.584609985
0.999969244 0.006090653 -0.004937016 0.998982191 -0.006079621 0.999979019 0.002246505 -1.468395591 0.004950595 -0.002216421 0.999985218 54.133453369
0.999968112 0.006296322 -0.004896945 1.003631592 -0.006286006 0.999978125 0.002118941 -1.481361747 0.004910179 -0.002088091 0.999985695 54.674480438
0.999966502 0.006149218 -0.005391011 1.015049577 -0.006140165 0.999979675 0.001694405 -1.492733598 0.005401321 -0.001661247 0.999984026 55.223567963
0.999969125 0.005992814 -0.005084607 1.022757888 -0.005982053 0.999979854 0.002129189 -1.507104516 0.005097265 -0.002098708 0.999984801 55.762199402
0.999973536 0.004982495 -0.005301611 1.033726573 -0.004970124 0.999984920 0.002343835 -1.515954137 0.005313209 -0.002317423 0.999983251 56.317962646
0.999970257 0.005711860 -0.005183388 1.040365577 -0.005701255 0.999981642 0.002058690 -1.533579946 0.005195051 -0.002029077 0.999984384 56.859275818
0.999968827 0.006404646 -0.004606338 1.045879602 -0.006396828 0.999978065 0.001710034 -1.543444753 0.004617190 -0.001680515 0.999987900 57.404605865
0.999968648 0.006307177 -0.004780326 1.054546595 -0.006298042 0.999978364 0.001923292 -1.560163975 0.004792353 -0.001893126 0.999986649 57.955821991
0.999971867 0.005834193 -0.004699758 1.064076662 -0.005827264 0.999981880 0.001487023 -1.567787170 0.004708348 -0.001459595 0.999987841 58.521499634
0.999967694 0.006398263 -0.004876929 1.073091388 -0.006389686 0.999978006 0.001771863 -1.575240254 0.004888159 -0.001740644 0.999986470 59.082103729
0.999973118 0.005226424 -0.005141998 1.081584811 -0.005220637 0.999985695 0.001138209 -1.594719410 0.005147873 -0.001111334 0.999986112 59.599033356
0.999969721 0.005682165 -0.005310333 1.089795589 -0.005677294 0.999983430 0.000931803 -1.608549118 0.005315541 -0.000901627 0.999985456 60.144069672
0.999970913 0.005086069 -0.005680290 1.100958586 -0.005080030 0.999986529 0.001077031 -1.619007826 0.005685693 -0.001048144 0.999983311 60.703227997
0.999968588 0.006012191 -0.005166138 1.109758139 -0.006007181 0.999981463 0.000984556 -1.633613825 0.005171960 -0.000953491 0.999986172 61.255245209
0.999970615 0.006071371 -0.004686328 1.118161917 -0.006066981 0.999981165 0.000950737 -1.646023512 0.004692011 -0.000922277 0.999988556 61.797470093
0.999967754 0.006235312 -0.005060244 1.125815749 -0.006229874 0.999979973 0.001089588 -1.664576650 0.005066936 -0.001058028 0.999986589 62.338249207
0.999970078 0.006395645 -0.004358343 1.129810214 -0.006391789 0.999979198 0.000897804 -1.681648612 0.004363995 -0.000869919 0.999990046 62.883640289
0.999968588 0.006766178 -0.004108583 1.137238264 -0.006763347 0.999976873 0.000702728 -1.694217801 0.004113242 -0.000674918 0.999991298 63.428745270
0.999966383 0.007080437 -0.004129312 1.147201300 -0.007077673 0.999974728 0.000683484 -1.715378523 0.004134048 -0.000654235 0.999991238 63.969463348
0.999964178 0.007698052 -0.003522696 1.151360512 -0.007696302 0.999970198 0.000510556 -1.732352376 0.003526522 -0.000483426 0.999993682 64.511924744
0.999964297 0.007643043 -0.003596349 1.158471107 -0.007641545 0.999970734 0.000430084 -1.746035576 0.003599532 -0.000402587 0.999993443 65.059051514
0.999964237 0.007626926 -0.003653715 1.172358751 -0.007625930 0.999970794 0.000286010 -1.759043455 0.003655791 -0.000258137 0.999993265 65.602027893
0.999964893 0.007556159 -0.003621705 1.180288434 -0.007554821 0.999971330 0.000383002 -1.773946762 0.003624497 -0.000355627 0.999993384 66.151268005
0.999964476 0.007777411 -0.003258209 1.189050436 -0.007777133 0.999969780 0.000098084 -1.788297534 0.003258874 -0.000072741 0.999994695 66.702461243
0.999957323 0.008635442 -0.003281774 1.194168329 -0.008633922 0.999962628 0.000477018 -1.812616348 0.003285770 -0.000448663 0.999994516 67.237045288
0.999959648 0.007951152 -0.004180131 1.214256763 -0.007951897 0.999968290 -0.000161742 -1.820065022 0.004178713 0.000194975 0.999991179 67.786918640
0.999958217 0.008210018 -0.004004698 1.221356153 -0.008211604 0.999966145 -0.000379905 -1.836257339 0.004001443 0.000412774 0.999991894 68.327720642
0.999967873 0.006790720 -0.004287699 1.246278167 -0.006789347 0.999976814 0.000335091 -1.856308699 0.004289876 -0.000305969 0.999990761 68.909721375
0.999957263 0.008262312 -0.004145903 1.240751266 -0.008259742 0.999965668 0.000637011 -1.873998523 0.004151024 -0.000602740 0.999991119 69.442573547
0.999966919 0.007154132 -0.003875216 1.258648157 -0.007153579 0.999974430 0.000156852 -1.875089765 0.003876237 -0.000129126 0.999992430 70.024681091
0.999967396 0.007609415 -0.002712894 1.229224682 -0.007609417 0.999971032 0.000010058 -1.899165988 0.002712894 0.000010586 0.999996245 70.540176392
0.999967694 0.007502245 -0.002912136 1.239528894 -0.007501538 0.999971867 0.000253762 -1.917730570 0.002913958 -0.000231909 0.999995649 71.075332642
0.999965072 0.007938237 -0.002620036 1.238530636 -0.007937853 0.999968469 0.000157270 -1.938822031 0.002621201 -0.000136467 0.999996483 71.621795654
0.999966562 0.007808354 -0.002419875 1.245712638 -0.007807342 0.999969363 0.000428336 -1.960195422 0.002423146 -0.000409429 0.999996960 72.152999878
0.999971509 0.007037987 -0.002714102 1.260512590 -0.007037724 0.999975204 0.000106712 -1.969588876 0.002714786 -0.000087608 0.999996245 72.733520508
0.999965608 0.007877921 -0.002591385 1.266601443 -0.007876809 0.999968886 0.000438338 -1.992944717 0.002594757 -0.000417911 0.999996543 73.202865601
0.999961674 0.008434539 -0.002326726 1.269858122 -0.008433642 0.999964356 0.000394368 -2.003142595 0.002329969 -0.000374730 0.999997199 73.740356445
0.999959946 0.008746627 -0.001906815 1.277018905 -0.008746833 0.999961674 -0.000099427 -2.014871359 0.001905873 0.000116102 0.999998152 74.269691467
0.999965429 0.008076226 -0.001983660 1.290213704 -0.008075951 0.999967396 0.000146778 -2.028655291 0.001984779 -0.000130753 0.999998033 74.783073425
0.999962747 0.008289606 -0.002400158 1.305733085 -0.008288312 0.999965489 0.000549652 -2.053570032 0.002404633 -0.000529738 0.999996960 75.305877686
0.999964654 0.008183384 -0.001890479 1.311784983 -0.008184144 0.999966443 -0.000394539 -2.061697483 0.001887187 0.000409997 0.999998152 75.834487915
0.999964595 0.008266838 -0.001576297 1.317978501 -0.008267174 0.999965787 -0.000207756 -2.077924013 0.001574526 0.000220780 0.999998748 76.362075806
0.999965310 0.008093827 -0.001980340 1.332728744 -0.008094193 0.999967217 -0.000176940 -2.096560717 0.001978841 0.000192963 0.999997973 76.884872437
0.999962628 0.008501495 -0.001563330 1.339491129 -0.008502420 0.999963701 -0.000584808 -2.108156204 0.001558301 0.000598079 0.999998569 77.414176941
0.999956191 0.009270239 -0.001303273 1.333911896 -0.009270105 0.999957025 0.000109117 -2.130880833 0.001304230 -0.000097031 0.999999166 77.942008972
0.999963701 0.008382685 -0.001537822 1.343386412 -0.008382815 0.999964833 -0.000078684 -2.147192478 0.001537110 0.000091573 0.999998808 78.441154480
0.999961078 0.008760788 -0.001026407 1.351308346 -0.008761071 0.999961555 -0.000271673 -2.158331394 0.001023988 0.000280655 0.999999404 78.993911743
0.999958575 0.008958613 -0.001606945 1.357183695 -0.008958892 0.999959826 -0.000166809 -2.174904585 0.001605385 0.000181198 0.999998629 79.484603882
0.999959171 0.008873611 -0.001713386 1.375814557 -0.008873426 0.999960542 0.000115586 -2.198431253 0.001714345 -0.000100377 0.999998510 79.973426819
0.999960065 0.008904838 -0.000786269 1.387373805 -0.008904783 0.999960363 0.000073535 -2.210120916 0.000786892 -0.000066530 0.999999702 80.505187988
0.999963701 0.008495036 0.000668376 1.395810127 -0.008494950 0.999963880 -0.000131064 -2.219813108 -0.000669465 0.000125381 0.999999702 81.042182922
0.999953806 0.009329041 0.002276685 1.407659411 -0.009329624 0.999956369 0.000245020 -2.242270708 -0.002274300 -0.000266249 0.999997318 81.557388306
0.999957442 0.008723874 0.003009198 1.419999480 -0.008724077 0.999961972 0.000054412 -2.255852461 -0.003008608 -0.000080662 0.999995470 82.093231201
0.999937415 0.009037439 0.006594269 1.433832765 -0.009040175 0.999959111 0.000385502 -2.276213884 -0.006590514 -0.000445092 0.999978185 82.643547058
0.999913335 0.008573834 0.009990938 1.451646328 -0.008573417 0.999963224 -0.000084772 -2.275436878 -0.009991297 -0.000000892 0.999950111 83.198722839
0.999859989 0.009210796 0.013966375 1.484293222 -0.009219523 0.999957323 0.000560604 -2.305870533 -0.013960615 -0.000689289 0.999902308 83.740226746
0.999819994 0.008141911 0.017132690 1.502385974 -0.008137309 0.999966800 -0.000338282 -2.308838129 -0.017134877 0.000198807 0.999853134 84.282554626
0.999704778 0.008371218 0.022805968 1.534673929 -0.008369228 0.999964952 -0.000182578 -2.327025652 -0.022806700 -0.000008344 0.999739885 84.820014954
0.999534070 0.008626500 0.029278336 1.563800812 -0.008612173 0.999962747 -0.000615491 -2.342281580 -0.029282553 0.000363054 0.999571085 85.354217529
0.999342561 0.008659131 0.035205502 1.592979074 -0.008641850 0.999962449 -0.000642997 -2.354196310 -0.035209756 0.000338333 0.999379873 85.912734985
0.999027848 0.008730692 0.043210708 1.634008408 -0.008711992 0.999961853 -0.000621056 -2.371127367 -0.043214489 0.000244001 0.999065816 86.458518982
0.998637199 0.007874679 0.051592343 1.680478096 -0.007819238 0.999968529 -0.001276374 -2.381656647 -0.051600784 0.000871221 0.998667419 87.004852295
0.998257637 0.007792093 0.058489192 1.725882530 -0.007728656 0.999969304 -0.001310749 -2.391779900 -0.058497600 0.000856423 0.998287201 87.556022644
0.997662544 0.008109871 0.067850478 1.777430058 -0.008047748 0.999966919 -0.001188868 -2.412451982 -0.067857876 0.000640045 0.997694790 88.103919983
0.996947050 0.007587466 0.077711575 1.844947815 -0.007503762 0.999970973 -0.001369069 -2.431166649 -0.077719718 0.000781760 0.996974945 88.628990173
0.996234655 0.007148769 0.086402364 1.918096542 -0.007053046 0.999974132 -0.001413106 -2.448460340 -0.086410232 0.000798385 0.996259332 89.204887390
0.995474637 0.008327303 0.094662137 1.986213684 -0.008304102 0.999965250 -0.000639022 -2.458188057 -0.094664171 -0.000149954 0.995509267 89.744812012
0.994559348 0.007402409 0.103907883 2.054974556 -0.007304195 0.999972463 -0.001325702 -2.486431837 -0.103914812 0.000559526 0.994586051 90.284667969
0.993410170 0.007598416 0.114360616 2.149271011 -0.007486387 0.999970913 -0.001409054 -2.503444195 -0.114367999 0.000543621 0.993438303 90.837234497
0.992295563 0.006953402 0.123697951 2.232452393 -0.006823349 0.999975681 -0.001475006 -2.524998665 -0.123705186 0.000619608 0.992318809 91.371238708
0.990766108 0.006843881 0.135409191 2.336871147 -0.006725429 0.999976516 -0.001332214 -2.551182508 -0.135415137 0.000409228 0.990788877 91.952522278
0.988996983 0.006257871 0.147803143 2.437918663 -0.006107039 0.999980390 -0.001474293 -2.571425915 -0.147809431 0.000555432 0.989015639 92.503936768
0.987321556 0.006274005 0.158608809 2.543375015 -0.006114026 0.999980211 -0.001496579 -2.585143328 -0.158615053 0.000507866 0.987340331 93.043312073
0.985574305 0.005817067 0.169143111 2.661553383 -0.005560880 0.999982536 -0.001988291 -2.592264891 -0.169151708 0.001019024 0.985589504 93.634483337
0.983251035 0.006082667 0.182155073 2.775829315 -0.005846733 0.999981165 -0.001832214 -2.615597248 -0.182162791 0.000736514 0.983268142 94.133087158
0.980951548 0.004868116 0.194191486 2.919034004 -0.004586584 0.999987602 -0.001899358 -2.630898952 -0.194198340 0.000972502 0.980961800 94.702636719
0.978938520 0.004693016 0.204101592 3.047264099 -0.004435263 0.999988675 -0.001720289 -2.648722649 -0.204107344 0.000778813 0.978948176 95.238029480
0.976191640 0.003563246 0.216881201 3.201494217 -0.003104846 0.999992132 -0.002454307 -2.656153440 -0.216888249 0.001722492 0.976194918 95.777580261
0.973226309 0.002739058 0.229832932 3.350770950 -0.002174399 0.999993980 -0.002710049 -2.669103146 -0.229838952 0.002137743 0.973226368 96.307579041
0.970541298 0.002383395 0.240923300 3.502954483 -0.001857759 0.999995410 -0.002408866 -2.685800552 -0.240927905 0.001890326 0.970541239 96.831329346
0.967572570 0.002324556 0.252582520 3.661130905 -0.001539905 0.999993503 -0.003304149 -2.688621759 -0.252588540 0.002808052 0.967569649 97.460121155
0.964113474 0.002976233 0.265473783 3.831457138 -0.002543140 0.999994874 -0.001975118 -2.714033604 -0.265478253 0.001229101 0.964116037 97.972946167
0.960502505 0.001682264 0.278266132 3.999795914 -0.000785491 0.999994159 -0.003334171 -2.725707531 -0.278270155 0.002983904 0.960498154 98.479049683
0.957112610 0.001562868 0.289711803 4.181026459 -0.000655053 0.999994576 -0.003230452 -2.743076801 -0.289715290 0.002902130 0.957108438 98.997123718
0.952791274 0.001969914 0.303619713 4.368734360 -0.001092956 0.999994695 -0.003058248 -2.764795542 -0.303624094 0.002582029 0.952788353 99.495925903
0.948515773 0.000823961 0.316729128 4.578807831 0.000115528 0.999995649 -0.002947431 -2.779066086 -0.316730142 0.002832276 0.948511422 100.021621704
0.944156945 0.001241934 0.329493761 4.753488541 -0.000329342 0.999995947 -0.002825480 -2.795775175 -0.329495996 0.002559180 0.944153547 100.518966675
0.939738810 -0.000443420 0.341893137 4.971916199 0.001663039 0.999993265 -0.003274136 -2.810666323 -0.341889381 0.003645414 0.939733148 101.016357422
0.934136808 0.000316810 0.356915116 5.174091339 0.000975337 0.999993622 -0.003440330 -2.826609612 -0.356913954 0.003561852 0.934130549 101.515953064
0.929465950 -0.000813845 0.368907154 5.393922806 0.001931346 0.999994516 -0.002659961 -2.845575333 -0.368903041 0.003184831 0.929462433 101.982872009
0.924885988 -0.000249917 0.380244613 5.642847061 0.001445126 0.999994874 -0.002857796 -2.865196466 -0.380241901 0.003192637 0.924881577 102.494194031
0.919001341 0.000035293 0.394254327 5.904422760 0.001011379 0.999996483 -0.002447027 -2.872091770 -0.394253105 0.002647561 0.918998122 103.016601562
0.913100123 0.000143511 0.407735318 6.149211884 0.000822738 0.999997258 -0.002194446 -2.886721849 -0.407734513 0.002339208 0.913097560 103.515037537
0.908216596 -0.000557657 0.418500125 6.393360138 0.001985815 0.999993563 -0.002977051 -2.899307013 -0.418495804 0.003534871 0.908211946 103.988525391
0.902732372 -0.001075694 0.430201262 6.678874969 0.002555576 0.999992609 -0.002862183 -2.912666798 -0.430195034 0.003683198 0.902728379 104.509407043
0.896232545 -0.001240423 0.443582952 6.946392059 0.002770412 0.999992251 -0.002801100 -2.933742046 -0.443576068 0.003739345 0.896228909 104.989700317
0.890048385 -0.000871306 0.455865383 7.215465546 0.002384720 0.999993384 -0.002744704 -2.947766542 -0.455859870 0.003530031 0.890044570 105.484344482
0.884328187 -0.000433328 0.466865540 7.500560760 0.001652790 0.999996185 -0.002202523 -2.981241465 -0.466862798 0.002719384 0.884325564 105.940238953
0.877069414 -0.002145015 0.480358779 7.773956299 0.003747855 0.999990106 -0.002377671 -2.986040115 -0.480348974 0.003885698 0.877068877 106.396110535
0.869888067 -0.002367490 0.493243486 8.065010071 0.004243440 0.999987304 -0.002683984 -3.000862122 -0.493230939 0.004427814 0.869887173 106.860687256
