1.000000000 0.000000000 0.000000000 0.000000000 0.000000000 1.000000000 0.000000000 0.000000000 0.000000000 0.000000000 1.000000000 0.000000000
1.000000000 -0.000062286 -0.000206403 0.004837826 0.000062318 1.000000000 0.000155212 -0.003738867 0.000206393 -0.000155225 0.999999940 -0.003891994
1.000000000 0.000038423 0.000004701 0.000810261 -0.000038424 1.000000000 0.000072093 -0.002749636 -0.000004698 -0.000072094 1.000000000 -0.003182172
1.000000000 -0.000109214 -0.000149471 0.006436819 0.000109242 1.000000000 0.000186138 -0.003009025 0.000149451 -0.000186154 1.000000000 -0.004514704
1.000000000 -0.000042540 -0.000052815 0.000906446 0.000042542 1.000000000 0.000041312 -0.000470670 0.000052814 -0.000041314 1.000000000 0.000132744
1.000000000 -0.000031921 0.000062535 -0.000670966 0.000031920 1.000000000 0.000006990 -0.001636859 -0.000062535 -0.000006988 1.000000000 -0.001504987
1.000000000 -0.000089001 -0.000134063 0.004899182 0.000089024 1.000000000 0.000174931 -0.003238315 0.000134047 -0.000174943 1.000000000 -0.007152050
1.000000000 -0.000137626 -0.000056614 -0.000435081 0.000137628 1.000000000 0.000042536 0.000164297 0.000056608 -0.000042544 1.000000000 0.000663178
1.000000000 0.000007014 -0.000086617 0.002565711 -0.000007006 1.000000000 0.000090802 -0.003428845 0.000086617 -0.000090801 1.000000000 -0.009062954
1.000000000 0.000026113 0.000037029 0.000638855 -0.000026117 1.000000000 0.000103980 -0.002695898 -0.000037026 -0.000103981 1.000000000 -0.005618758
1.000000000 0.000117626 0.000088709 -0.001165768 -0.000117630 1.000000000 0.000047537 -0.000961932 -0.000088703 -0.000047547 1.000000000 -0.005088295
1.000000000 -0.000107186 -0.000023935 -0.000487115 0.000107188 1.000000000 0.000090341 -0.003833097 0.000023925 -0.000090343 1.000000000 -0.008571989
1.000000000 -0.000066318 -0.000006528 0.000301950 0.000066318 1.000000000 0.000061490 -0.001842497 0.000006524 -0.000061491 1.000000000 -0.006250979
1.000000000 -0.000065120 -0.000012163 0.000491246 0.000065121 1.000000000 0.000097801 -0.001883827 0.000012156 -0.000097802 1.000000000 -0.005930189
1.000000000 -0.000230553 -0.000077174 0.001059786 0.000230568 0.999999940 0.000196799 -0.002405175 0.000077129 -0.000196817 1.000000000 -0.008397860
0.999999940 -0.000265829 -0.000106856 -0.000705543 0.000265843 0.999999940 0.000134011 -0.002934767 0.000106821 -0.000134040 1.000000000 -0.009045872
1.000000000 -0.000156716 0.000030925 0.000066473 0.000156715 1.000000000 0.000052364 -0.001152876 -0.000030933 -0.000052360 1.000000000 -0.008038362
1.000000000 0.000055702 0.000003454 0.001974902 -0.000055702 1.000000000 0.000181620 -0.003526889 -0.000003444 -0.000181620 1.000000000 -0.011528431
0.999999940 -0.000241550 -0.000072283 0.001426962 0.000241557 0.999999940 0.000105231 -0.003751374 0.000072258 -0.000105248 1.000000000 -0.008604631
0.999999940 -0.000271407 -0.000079615 0.004081714 0.000271421 0.999999940 0.000168191 -0.005539387 0.000079569 -0.000168213 1.000000000 -0.016082402
1.000000000 -0.000037324 -0.000015786 0.001960867 0.000037327 1.000000000 0.000215564 -0.005402455 0.000015778 -0.000215565 1.000000000 -0.011738176
1.000000000 0.000025900 0.000047464 -0.000317934 -0.000025905 1.000000000 0.000116727 -0.001214964 -0.000047461 -0.000116728 1.000000000 -0.007175345
0.999999940 -0.000247392 -0.000181565 0.006022677 0.000247428 0.999999940 0.000195048 -0.003636575 0.000181517 -0.000195093 0.999999940 -0.015646737
1.000000000 -0.000215137 -0.000089819 0.001868104 0.000215156 0.999999940 0.000219946 -0.003404952 0.000089771 -0.000219965 1.000000000 -0.007295541
1.000000000 -0.000068958 -0.000133611 0.005953928 0.000068985 1.000000000 0.000201973 -0.003493477 0.000133597 -0.000201982 1.000000000 -0.015773803
1.000000000 -0.000083047 -0.000043591 0.000921806 0.000083056 1.000000000 0.000208733 -0.003076634 0.000043573 -0.000208737 1.000000000 -0.013752554
1.000000000 -0.000087242 -0.000019208 -0.001548318 0.000087246 1.000000000 0.000205684 -0.004857298 0.000019190 -0.000205686 1.000000000 -0.015333477
1.000000000 -0.000077747 -0.000002316 -0.001206732 0.000077748 1.000000000 0.000192555 -0.003242763 0.000002301 -0.000192555 1.000000000 -0.009567582
0.999999940 -0.000249694 -0.000154205 -0.000132228 0.000249715 0.999999940 0.000137451 0.000281706 0.000154171 -0.000137490 1.000000000 -0.007410611
1.000000000 -0.000128205 -0.000107295 0.001781158 0.000128227 1.000000000 0.000201659 -0.002478380 0.000107269 -0.000201673 1.000000000 -0.009608406
1.000000000 -0.000139898 0.000022630 -0.001271599 0.000139895 1.000000000 0.000123544 -0.001620487 -0.000022647 -0.000123541 1.000000000 -0.003077569
0.999999940 -0.000239591 -0.000093205 -0.001632393 0.000239612 0.999999940 0.000229525 -0.002694841 0.000093150 -0.000229547 0.999999940 -0.009472343
0.999999940 -0.000190264 -0.000154544 0.002220940 0.000190304 0.999999940 0.000262464 -0.003624032 0.000154494 -0.000262494 0.999999940 -0.014230631
1.000000000 -0.000043187 -0.000124288 -0.000036760 0.000043196 1.000000000 0.000078679 -0.000944110 0.000124285 -0.000078684 1.000000000 -0.005747481
1.000000000 -0.000097319 -0.000073814 -0.001023038 0.000097324 1.000000000 0.000071219 -0.000655969 0.000073807 -0.000071226 1.000000000 -0.007055920
1.000000000 -0.000187447 -0.000069364 -0.001682355 0.000187445 1.000000000 -0.000022246 0.000435033 0.000069368 0.000022233 1.000000000 -0.010752105
0.999999940 -0.000269650 -0.000211923 0.003709892 0.000269666 0.999999940 0.000072772 -0.001139659 0.000211904 -0.000072829 1.000000000 -0.009888459
1.000000000 -0.000216849 -0.000045657 0.000749071 0.000216851 1.000000000 0.000037918 0.000172657 0.000045649 -0.000037928 1.000000000 -0.008479013
1.000000000 -0.000073496 -0.000113645 0.002326031 0.000073537 0.999999940 0.000359376 -0.003584185 0.000113618 -0.000359384 0.999999940 -0.018593580
0.999999940 -0.000269168 -0.000241895 0.004905645 0.000269208 0.999999940 0.000166992 -0.005752794 0.000241850 -0.000167058 0.999999940 -0.006478372
1.000000000 -0.000055857 -0.000180310 0.008547198 0.000055780 0.999999881 -0.000424551 -0.008906173 0.000180334 0.000424541 0.999999881 0.041563086
1.000000000 -0.000035484 -0.000187150 0.008119641 0.000035237 0.999999106 -0.001318157 -0.003205191 0.000187197 0.001318150 0.999999106 0.144095838
1.000000000 -0.000051623 -0.000043356 0.004586221 0.000051561 0.999998987 -0.001425503 -0.010157147 0.000043430 0.001425501 0.999998987 0.263878107
0.999999940 -0.000300999 0.000210455 0.001642419 0.000301261 0.999999166 -0.001243902 -0.016382400 -0.000210080 0.001243966 0.999999225 0.384796768
1.000000000 0.000160830 -0.000016139 0.005604190 -0.000160848 0.999999344 -0.001129715 -0.022143262 0.000015957 0.001129717 0.999999344 0.534793437
1.000000000 0.000084133 0.000027096 0.016503150 -0.000084101 0.999999344 -0.001163767 -0.026123229 -0.000027194 0.001163765 0.999999344 0.681446910
1.000000000 0.000042141 0.000132990 0.032025341 -0.000042044 0.999999762 -0.000728405 -0.039155312 -0.000133020 0.000728400 0.999999702 0.857073843
1.000000000 -0.000092496 0.000131109 0.024130065 0.000092569 0.999999821 -0.000553842 -0.038420729 -0.000131058 0.000553854 0.999999821 1.022608638
0.999999762 0.000198953 0.000620558 0.009204363 -0.000198554 0.999999762 -0.000642398 -0.039465338 -0.000620686 0.000642274 0.999999583 1.194079161
0.999999940 0.000096858 0.000317392 0.031803958 -0.000096725 0.999999881 -0.000419845 -0.053716145 -0.000317432 0.000419814 0.999999881 1.418098569
0.999999821 0.000319329 0.000516809 0.029522760 -0.000319033 0.999999762 -0.000573566 -0.058264188 -0.000516992 0.000573401 0.999999702 1.608266115
0.999999464 0.000631986 0.000790690 0.034347273 -0.000631827 0.999999762 -0.000201184 -0.068782210 -0.000790817 0.000200684 0.999999642 1.804055691
0.999997318 -0.001122094 0.001996232 0.001556384 0.001118574 0.999997795 0.001763567 -0.077362657 -0.001998206 -0.001761329 0.999996424 1.873633742
0.999996841 -0.000830454 0.002366188 0.007183575 0.000826382 0.999998152 0.001720912 -0.083451360 -0.002367613 -0.001718952 0.999995708 2.100293636
0.999996722 -0.000163456 0.002539970 0.004509768 0.000159141 0.999998510 0.001698987 -0.085304014 -0.002540244 -0.001698577 0.999995291 2.310132504
0.999997556 -0.000777145 0.002031249 0.013435009 0.000773389 0.999997973 0.001849589 -0.100583144 -0.002032682 -0.001848013 0.999996245 2.550412416
0.999997199 -0.000479942 0.002329409 0.015925732 0.000474981 0.999997616 0.002129759 -0.106165461 -0.002330425 -0.002128646 0.999995053 2.786952496
0.999997258 -0.000273519 0.002325976 0.026512751 0.000268826 0.999997973 0.002017922 -0.110849373 -0.002326524 -0.002017291 0.999995291 3.014192104
0.999996901 -0.000604254 0.002386393 0.020514173 0.000599573 0.999997914 0.001961915 -0.114758529 -0.002387574 -0.001960478 0.999995232 3.273833752
0.999997377 -0.000706235 0.002174024 0.034204636 0.000702180 0.999998033 0.001865329 -0.128101245 -0.002175336 -0.001863798 0.999995887 3.497970819
0.999997675 -0.000369918 0.002112165 0.035080753 0.000365821 0.999998093 0.001939700 -0.134358510 -0.002112878 -0.001938923 0.999995887 3.746661425
0.999998033 -0.001169328 0.001650095 0.055966858 0.001166038 0.999997437 0.001993404 -0.141882315 -0.001652421 -0.001991476 0.999996662 4.018875122
0.999997437 -0.000027259 0.002258138 0.046236981 0.000022190 0.999997556 0.002244801 -0.147703871 -0.002258194 -0.002244745 0.999994934 4.274767876
0.999997795 -0.000589813 0.002014221 0.061238233 0.000585059 0.999997139 0.002359950 -0.157477826 -0.002015607 -0.002358767 0.999995172 4.510330200
0.999996841 -0.001083052 0.002231810 0.059010975 0.001077220 0.999996006 0.002612357 -0.174850777 -0.002234631 -0.002609945 0.999994099 4.785498142
0.999995768 -0.000991279 0.002747404 0.057556625 0.000984494 0.999996483 0.002469934 -0.182052091 -0.002749843 -0.002467219 0.999993205 5.040765285
0.999996662 -0.001003285 0.002353672 0.072962478 0.000997217 0.999996185 0.002578180 -0.187560916 -0.002356250 -0.002575825 0.999993861 5.312558174
0.999996006 -0.000922518 0.002681835 0.072684355 0.000915824 0.999996424 0.002496399 -0.193977296 -0.002684128 -0.002493933 0.999993265 5.567063332
0.999995351 -0.000903879 0.002887237 0.076573707 0.000896085 0.999995947 0.002699546 -0.202535376 -0.002889665 -0.002696947 0.999992192 5.847336769
0.999995410 -0.000900107 0.002867894 0.088667236 0.000891189 0.999994755 0.003109568 -0.216714844 -0.002870678 -0.003106999 0.999991000 6.099394321
0.999996722 -0.001436426 0.002126434 0.096274301 0.001430467 0.999995053 0.002801341 -0.232926264 -0.002130448 -0.002798290 0.999993801 6.440742493
0.999996960 -0.001387275 0.002032315 0.098867610 0.001381761 0.999995291 0.002712036 -0.241383344 -0.002036068 -0.002709219 0.999994218 6.727375031
0.999996126 -0.001525434 0.002343268 0.104664497 0.001519043 0.999995172 0.002726608 -0.246401936 -0.002347416 -0.002723038 0.999993503 7.030423164
0.999996603 -0.001617572 0.002057659 0.122144282 0.001611793 0.999994814 0.002806723 -0.259193003 -0.002062189 -0.002803397 0.999993920 7.328865051
0.999995410 -0.001253670 0.002758684 0.120994642 0.001245859 0.999995232 0.002831346 -0.268676788 -0.002762221 -0.002827896 0.999992192 7.649165154
0.999996543 -0.001635473 0.002064334 0.133350626 0.001628327 0.999992609 0.003458518 -0.296726495 -0.002069975 -0.003455145 0.999991894 7.960402489
0.999996364 -0.001788671 0.002031951 0.141095981 0.001781804 0.999992728 0.003376197 -0.303333730 -0.002037975 -0.003372564 0.999992251 8.276499748
0.999996006 -0.002178721 0.001817705 0.151876226 0.002172676 0.999992073 0.003321029 -0.307119399 -0.001824926 -0.003317066 0.999992907 8.605497360
0.999995649 -0.001997179 0.002166263 0.151885122 0.001989922 0.999992371 0.003346771 -0.314965308 -0.002172930 -0.003342446 0.999992073 8.949218750
0.999996543 -0.001554243 0.002108204 0.164367303 0.001547458 0.999993563 0.003216409 -0.317913145 -0.002113190 -0.003213135 0.999992609 9.304873466
0.999994755 -0.002530624 0.002016823 0.168266803 0.002523575 0.999990761 0.003489725 -0.330269843 -0.002025635 -0.003484617 0.999991894 9.639730453
0.999995887 -0.002060343 0.001987643 0.170321152 0.002052893 0.999990880 0.003742671 -0.358322084 -0.001995336 -0.003738576 0.999991000 9.997942924
0.999995589 -0.001891719 0.002287806 0.181813180 0.001883242 0.999991357 0.003702077 -0.371252120 -0.002294790 -0.003697752 0.999990523 10.359547615
0.999995291 -0.002137464 0.002170561 0.188777745 0.002129034 0.999990165 0.003878922 -0.379738748 -0.002178831 -0.003874283 0.999990106 10.726061821
0.999994814 -0.002615654 0.001865279 0.188690424 0.002608846 0.999989927 0.003643097 -0.381690890 -0.001874789 -0.003638212 0.999991596 11.122229576
0.999994814 -0.002354393 0.002194652 0.184576392 0.002345774 0.999989629 0.003921361 -0.406944007 -0.002203861 -0.003916193 0.999989927 11.513858795
0.999992371 -0.003567035 0.001554085 0.217115253 0.003560692 0.999985397 0.004065114 -0.413350016 -0.001568562 -0.004059548 0.999990523 11.843259811
0.999992192 -0.003602564 0.001628665 0.226476058 0.003595513 0.999984205 0.004311541 -0.424440295 -0.001644172 -0.004305651 0.999989331 12.229624748
0.999994040 -0.002649875 0.002209635 0.230168849 0.002640067 0.999986708 0.004429608 -0.437518656 -0.002221343 -0.004423747 0.999987721 12.616729736
0.999991775 -0.003689295 0.001706424 0.255351871 0.003681286 0.999982357 0.004673364 -0.443339258 -0.001723636 -0.004667043 0.999987602 13.029512405
0.999990880 -0.003930354 0.001665012 0.263392329 0.003922788 0.999982059 0.004522857 -0.454416782 -0.001682759 -0.004516284 0.999988377 13.380825043
0.999993563 -0.002678575 0.002366943 0.275778472 0.002667354 0.999985218 0.004731280 -0.459192753 -0.002379581 -0.004724935 0.999985993 13.814358711
0.999993861 -0.002600949 0.002319510 0.271265566 0.002588505 0.999982297 0.005351752 -0.497506380 -0.002333388 -0.005345715 0.999982953 14.233563423
0.999990582 -0.003847995 0.002057085 0.287872404 0.003836517 0.999977231 0.005555022 -0.530222416 -0.002078414 -0.005547078 0.999982417 14.685449600
0.999987841 -0.004491514 0.002000011 0.304289460 0.004480333 0.999974549 0.005560185 -0.537715554 -0.002024934 -0.005551158 0.999982536 15.103546143
0.999984622 -0.005268416 0.001716521 0.317349643 0.005258420 0.999969542 0.005776956 -0.550667584 -0.001746904 -0.005767841 0.999981880 15.520858765
0.999991357 -0.002655998 0.003193948 0.323666483 0.002637817 0.999980390 0.005683180 -0.558541715 -0.003208980 -0.005674706 0.999978781 15.973997116
0.999991596 -0.002108043 0.003516897 0.332481265 0.002086170 0.999978542 0.006211562 -0.574990928 -0.003529916 -0.006204172 0.999974549 16.510772705
0.999987066 -0.003477280 0.003701167 0.328046858 0.003453985 0.999974310 0.006281672 -0.591240883 -0.003722914 -0.006268807 0.999973476 16.930810928
0.999985933 -0.003036488 0.004358193 0.318539888 0.003010030 0.999977052 0.006064530 -0.593707263 -0.004376508 -0.006051326 0.999972105 17.353107452
0.999988854 -0.001416290 0.004492645 0.344170272 0.001387809 0.999979019 0.006336262 -0.611243069 -0.004501525 -0.006329956 0.999969840 17.883718491
0.999980569 -0.004947174 0.003792200 0.356194109 0.004918606 0.999959707 0.007505766 -0.696614206 -0.003829181 -0.007486968 0.999964654 18.265634537
0.999978185 -0.005413711 0.003781747 0.374488413 0.005386200 0.999959230 0.007247093 -0.701283574 -0.003820827 -0.007226566 0.999966621 18.738933563
0.999977648 -0.005712531 0.003477668 0.386622548 0.005682877 0.999947846 0.008477770 -0.723917484 -0.003525918 -0.008457818 0.999958038 19.194849014
0.999977410 -0.005584850 0.003710689 0.408475161 0.005554397 0.999951243 0.008166638 -0.729266286 -0.003756117 -0.008145844 0.999959767 19.686738968
0.999980628 -0.004756488 0.004009606 0.410330385 0.004722482 0.999953032 0.008448439 -0.744891644 -0.004049604 -0.008429339 0.999956191 20.180681229
0.999979854 -0.004625970 0.004335138 0.410396546 0.004588585 0.999952495 0.008594202 -0.743250430 -0.004374688 -0.008574137 0.999953628 20.684654236
0.999976039 -0.006100701 0.003266901 0.457730174 0.006071218 0.999941409 0.008959647 -0.773547888 -0.003321370 -0.008939600 0.999954462 21.241821289
0.999976814 -0.005945610 0.003325909 0.419466257 0.005915427 0.999941885 0.009012634 -0.799044967 -0.003379301 -0.008992750 0.999953866 21.609306335
0.999978125 -0.005827831 0.003146441 0.431703448 0.005799972 0.999944568 0.008791469 -0.804590583 -0.003197502 -0.008773027 0.999956429 22.129487991
0.999976575 -0.006424239 0.002340823 0.440366030 0.006402556 0.999937534 0.009155705 -0.827339411 -0.002399496 -0.009140503 0.999955297 22.642854691
0.999972284 -0.007196258 0.001886034 0.435968161 0.007178017 0.999929011 0.009506436 -0.830734849 -0.001954311 -0.009492636 0.999953091 23.166059494
0.999967873 -0.007896770 0.001327841 0.447644204 0.007883605 0.999922395 0.009643975 -0.858381629 -0.001403895 -0.009633197 0.999952614 23.719528198
0.999972165 -0.007452050 0.000394719 0.473218650 0.007448087 0.999929607 0.009236529 -0.858002603 -0.000463522 -0.009233332 0.999957263 24.125602722
0.999972522 -0.007398750 -0.000610339 0.485655814 0.007403929 0.999932408 0.008971446 -0.859293461 0.000543920 -0.008975716 0.999959648 24.663095474
0.999974966 -0.007026409 -0.000731516 0.503999412 0.007033018 0.999930501 0.009462295 -0.870770216 0.000664979 -0.009467203 0.999954939 25.204801559
0.999972701 -0.007289633 -0.001218530 0.486316681 0.007301582 0.999922276 0.010107964 -0.906028986 0.001144752 -0.010116585 0.999948204 25.719234467
0.999972641 -0.007263073 -0.001386851 0.446596503 0.007276619 0.999923289 0.010025718 -0.943350077 0.001313927 -0.010035538 0.999948740 26.170530319
0.999971271 -0.007406356 -0.001604161 0.452812493 0.007422925 0.999916434 0.010581501 -0.950363457 0.001525657 -0.010593104 0.999942720 26.707784653
0.999962568 -0.008228458 -0.002672588 0.478960335 0.008255982 0.999911308 0.010455891 -0.973181188 0.002586315 -0.010477564 0.999941826 27.250537872
0.999965906 -0.007507314 -0.003436448 0.523475766 0.007542564 0.999917865 0.010361995 -0.976110458 0.003358375 -0.010387561 0.999940395 27.781627655
0.999958456 -0.008283785 -0.003781608 0.536413312 0.008322308 0.999912500 0.010287181 -0.974420965 0.003696061 -0.010318226 0.999939919 28.297706604
0.999962926 -0.007546659 -0.004135466 0.513522506 0.007589581 0.999916434 0.010463567 -0.995556116 0.004056155 -0.010494566 0.999936700 28.751659393
0.999963343 -0.007659204 -0.003831978 0.481360853 0.007703180 0.999903083 0.011596265 -1.050565481 0.003742789 -0.011625360 0.999925435 29.332656860
0.999963105 -0.007491588 -0.004221921 0.491963744 0.007539476 0.999906123 0.011443372 -1.054676652 0.004135796 -0.011474779 0.999925673 29.879055023
0.999953210 -0.008113919 -0.005268975 0.558031082 0.008177146 0.999893427 0.012091421 -1.091034174 0.005170305 -0.012133938 0.999913037 30.401412964
0.999952853 -0.008159237 -0.005265174 0.542731166 0.008225254 0.999886215 0.012640992 -1.105957627 0.005161435 -0.012683703 0.999906301 30.953283310
0.999958456 -0.007501615 -0.005164067 0.504309893 0.007568667 0.999885678 0.013089680 -1.151323199 0.005065283 -0.013128225 0.999900997 31.490230560
0.999953091 -0.007927914 -0.005562977 0.514652967 0.008002096 0.999877691 0.013442016 -1.168521643 0.005455730 -0.013485903 0.999894202 32.025054932
0.999951601 -0.008158784 -0.005480864 0.519571304 0.008229198 0.999882281 0.012949855 -1.165131092 0.005374563 -0.012994335 0.999901056 32.536079407
0.999968410 -0.006409244 -0.004709306 0.484811783 0.006472394 0.999887586 0.013518851 -1.200511932 0.004622131 -0.013548905 0.999897480 33.031593323
0.999954820 -0.007661081 -0.005624607 0.501119137 0.007738226 0.999874413 0.013824305 -1.199804544 0.005517992 -0.013867203 0.999888599 33.643188477
0.999948680 -0.008110379 -0.006074398 0.514998496 0.008193886 0.999870420 0.013850952 -1.213596344 0.005961276 -0.013900013 0.999885619 34.188400269
0.999948502 -0.007958412 -0.006295467 0.504778385 0.008047095 0.999867082 0.014189505 -1.249836445 0.006181703 -0.014239439 0.999879479 34.717483521
0.999938071 -0.008756878 -0.006863177 0.519937277 0.008854036 0.999859214 0.014256437 -1.252460241 0.006737368 -0.014316324 0.999874771 35.264125824
0.999945402 -0.008024715 -0.006683569 0.516942024 0.008119770 0.999864519 0.014318654 -1.271267176 0.006567759 -0.014372142 0.999875128 35.799503326
0.999954402 -0.007255306 -0.006206092 0.515846491 0.007340039 0.999878645 0.013741253 -1.267942071 0.006105642 -0.013786180 0.999886274 36.351512909
0.999958694 -0.006529503 -0.006321642 0.528896511 0.006622278 0.999868989 0.014768142 -1.289312363 0.006224385 -0.014809397 0.999870896 36.869602203
0.999940395 -0.008719200 -0.006578537 0.531831861 0.008818031 0.999846339 0.015147055 -1.302907467 0.006445457 -0.015204161 0.999863565 37.452762604
0.999942124 -0.008042205 -0.007143477 0.540190101 0.008151195 0.999848783 0.015361493 -1.332198858 0.007018858 -0.015418831 0.999856412 38.025421143
0.999932051 -0.009328820 -0.006988377 0.532320321 0.009436818 0.999834061 0.015583606 -1.317605615 0.006841840 -0.015648494 0.999854147 38.541355133
0.999904990 -0.010947483 -0.008375362 0.554989457 0.011089152 0.999792993 0.017060218 -1.383388162 0.008186860 -0.017151473 0.999819338 39.132110596
0.999913514 -0.010323957 -0.008142414 0.515486360 0.010459021 0.999805450 0.016723478 -1.391396284 0.007968177 -0.016807197 0.999826968 39.506511688
0.999934137 -0.009248207 -0.006800508 0.504094601 0.009357760 0.999823987 0.016258197 -1.403424978 0.006648951 -0.016320765 0.999844730 40.023857117
0.999924600 -0.009780033 -0.007426200 0.518943071 0.009899130 0.999820054 0.016173607 -1.398083925 0.007266686 -0.016245900 0.999841630 40.606983185
0.999923706 -0.009757559 -0.007575496 0.521803141 0.009883577 0.999810338 0.016779892 -1.415754795 0.007410327 -0.016853487 0.999830544 41.135658264
0.999935448 -0.008720451 -0.007279229 0.526247263 0.008837160 0.999830365 0.016157933 -1.421290636 0.007137090 -0.016221220 0.999842942 41.652694702
0.999906778 -0.010901002 -0.008219748 0.566805243 0.011046519 0.999779224 0.017870681 -1.448822618 0.008023124 -0.017959816 0.999806464 42.219444275
0.999898851 -0.011303772 -0.008625836 0.572926462 0.011453827 0.999780357 0.017549368 -1.426829219 0.008425566 -0.017646391 0.999808788 42.787631989
0.999908149 -0.011056881 -0.007842819 0.580070972 0.011195290 0.999778330 0.017828977 -1.465523720 0.007643947 -0.017915139 0.999810278 43.316524506
0.999910235 -0.011040960 -0.007604713 0.504436016 0.011175591 0.999777436 0.017894614 -1.480405807 0.007405446 -0.017977996 0.999810874 43.667720795
0.999908924 -0.011166045 -0.007583135 0.514609933 0.011301124 0.999773920 0.018010188 -1.482140541 0.007380318 -0.018094249 0.999808967 44.224700928
0.999911189 -0.010810569 -0.007797183 0.529019833 0.010938670 0.999802709 0.016578166 -1.471782446 0.007616425 -0.016661983 0.999832153 44.776317596
0.999893010 -0.011858641 -0.008563634 0.562438071 0.012009974 0.999768734 0.017842012 -1.476993084 0.008350071 -0.017942952 0.999804139 45.322532654
0.999877214 -0.012780597 -0.009066946 0.579290271 0.012938641 0.999761522 0.017591849 -1.483156443 0.008839951 -0.017707001 0.999804199 45.849098206
0.999917269 -0.010305945 -0.007699336 0.514853716 0.010437253 0.999797344 0.017213473 -1.505263686 0.007520375 -0.017292408 0.999822140 46.281219482
0.999903262 -0.010887296 -0.008664911 0.534341514 0.011031972 0.999797583 0.016827935 -1.506824017 0.008479947 -0.016921904 0.999820828 46.824039459
0.999916732 -0.010207470 -0.007892911 0.523491621 0.010344331 0.999793291 0.017497875 -1.518642902 0.007712671 -0.017578062 0.999815822 47.383541107
0.999913633 -0.011082181 -0.007062270 0.507657290 0.011201698 0.999790728 0.017114397 -1.522503614 0.006871129 -0.017192030 0.999828577 47.917388916
0.999933064 -0.009304120 -0.006870990 0.504297614 0.009417759 0.999816239 0.016696025 -1.525908232 0.006714387 -0.016759617 0.999836981 48.485286713
0.999924779 -0.009970914 -0.007135259 0.531674623 0.010091584 0.999803185 0.017080786 -1.533614635 0.006963544 -0.017151510 0.999828577 48.845249176
0.999920011 -0.009994109 -0.007756182 0.541457295 0.010126011 0.999801517 0.017157344 -1.540666461 0.007583170 -0.017234512 0.999822676 49.388950348
0.999933422 -0.009170074 -0.006993218 0.529693365 0.009290855 0.999804735 0.017438905 -1.549011230 0.006831935 -0.017502716 0.999823511 49.935733795
0.999929070 -0.009343446 -0.007381377 0.543508887 0.009466809 0.999813080 0.016858358 -1.548196435 0.007222483 -0.016927041 0.999830663 50.477905273
0.999911964 -0.010450097 -0.008183869 0.564794958 0.010589129 0.999797106 0.017133638 -1.545948029 0.008003160 -0.017218783 0.999819756 51.011058807
0.999914885 -0.010399389 -0.007877638 0.527072072 0.010540792 0.999780059 0.018126147 -1.593633413 0.007687405 -0.018207639 0.999804676 51.378665924
0.999907374 -0.011101760 -0.007879387 0.546029806 0.011242236 0.999774456 0.018013768 -1.590841055 0.007677626 -0.018100681 0.999806643 51.932353973
0.999925077 -0.009721478 -0.007440214 0.518593311 0.009851538 0.999795735 0.017648205 -1.601361275 0.007267130 -0.017720181 0.999816597 52.479267120
0.999915242 -0.010296691 -0.007957732 0.523786187 0.010434132 0.999793649 0.017427420 -1.615374565 0.007776646 -0.017508978 0.999816477 53.006816864
0.999901414 -0.010854251 -0.008903781 0.579926133 0.011010312 0.999783158 0.017669711 -1.604620934 0.008710061 -0.017766001 0.999804318 53.601783752
0.999919057 -0.010065096 -0.007782590 0.557211399 0.010205875 0.999781013 0.018265862 -1.630661607 0.007597040 -0.018343814 0.999802887 53.965522766
0.999923646 -0.009666707 -0.007687857 0.565481842 0.009805311 0.999786198 0.018200472 -1.629884958 0.007510275 -0.018274462 0.999804795 54.511177063
0.999917388 -0.010104472 -0.007952426 0.572281957 0.010247014 0.999783754 0.018092569 -1.641111732 0.007767891 -0.018172560 0.999804735 55.076881409
0.999909997 -0.010692737 -0.008108883 0.602812886 0.010835964 0.999782324 0.017829679 -1.629831433 0.007916471 -0.017915938 0.999808192 55.581798553
0.999902785 -0.010960497 -0.008618698 0.626763225 0.011113713 0.999777377 0.017935004 -1.635980010 0.008420201 -0.018029047 0.999802053 56.131397247
0.999901175 -0.011127640 -0.008589860 0.620817900 0.011276633 0.999783278 0.017496197 -1.644965887 0.008393307 -0.017591335 0.999810040 56.696102142
0.999905586 -0.011251655 -0.007882722 0.561800480 0.011400039 0.999753714 0.019038906 -1.680548310 0.007666561 -0.019126970 0.999787688 56.999034882
0.999901116 -0.011640480 -0.007892025 0.568574667 0.011792623 0.999740064 0.019513682 -1.688547254 0.007662825 -0.019604817 0.999778450 57.532135010
0.999898255 -0.011658443 -0.008229350 0.577802539 0.011805977 0.999766290 0.018112633 -1.680173039 0.008016261 -0.018207941 0.999802113 58.089263916
0.999895334 -0.011976504 -0.008117372 0.580867171 0.012125308 0.999754727 0.018537350 -1.695360541 0.007893367 -0.018633839 0.999795258 58.603595734
0.999897540 -0.011550346 -0.008453719 0.588850379 0.011700943 0.999769807 0.017987190 -1.686829686 0.008244014 -0.018084262 0.999802470 59.161403656
0.999904990 -0.011443654 -0.007686888 0.555858135 0.011592328 0.999740958 0.019583568 -1.727601171 0.007460790 -0.019670816 0.999778688 59.580364227
0.999902725 -0.011453540 -0.007963953 0.588973761 0.011609621 0.999735832 0.019836495 -1.742317557 0.007734651 -0.019927019 0.999771535 60.088924408
0.999900401 -0.011743438 -0.007823089 0.565217614 0.011894592 0.999737859 0.019563617 -1.726825953 0.007591294 -0.019654719 0.999778032 60.648456573
0.999892712 -0.012052032 -0.008327899 0.581847966 0.012210873 0.999739289 0.019293256 -1.720600724 0.008093204 -0.019392878 0.999779284 61.207870483
0.999905944 -0.011271561 -0.007813325 0.559644818 0.011425972 0.999734521 0.020007810 -1.738956928 0.007585733 -0.020095205 0.999769270 61.647392273
0.999903500 -0.011575265 -0.007680531 0.565510750 0.011722922 0.999741852 0.019466856 -1.743742585 0.007453215 -0.019555015 0.999781013 62.189983368
0.999912262 -0.010894431 -0.007533433 0.555481970 0.011047184 0.999728024 0.020541409 -1.773417234 0.007307597 -0.020622831 0.999760628 62.734977722
0.999909818 -0.011172300 -0.007457004 0.569428682 0.011320267 0.999733806 0.020104339 -1.774746299 0.007230407 -0.020186942 0.999769986 63.287284851
0.999903619 -0.011366908 -0.007974125 0.606692791 0.011524395 0.999733746 0.019989846 -1.766683936 0.007744778 -0.020079814 0.999768317 63.843421936
0.999897182 -0.011968767 -0.007893534 0.565223038 0.012127376 0.999719262 0.020361844 -1.784276366 0.007647614 -0.020455483 0.999761462 64.227882385
0.999900460 -0.011752622 -0.007814427 0.600257337 0.011908098 0.999725938 0.020156480 -1.788474917 0.007575394 -0.020247528 0.999766350 64.782012939
0.999905407 -0.011667648 -0.007290291 0.571640611 0.011812385 0.999727547 0.020136075 -1.785931468 0.007053365 -0.020220287 0.999770641 65.317588806
0.999914587 -0.011286962 -0.006592067 0.574387193 0.011417043 0.999733984 0.020040506 -1.789802313 0.006364117 -0.020114060 0.999777436 65.851409912
0.999899626 -0.011783162 -0.007872518 0.621372461 0.011931115 0.999747992 0.019018754 -1.775687933 0.007646434 -0.019110773 0.999788165 66.386940002
0.999897480 -0.011978539 -0.007845493 0.581262171 0.012139922 0.999708891 0.020856490 -1.826922536 0.007593378 -0.020949593 0.999751687 66.793350220
0.999898732 -0.012028397 -0.007596591 0.575228453 0.012182782 0.999713302 0.020614980 -1.829434156 0.007346447 -0.020705437 0.999758661 67.363708496
0.999916017 -0.010638713 -0.007395540 0.597760975 0.010785108 0.999740899 0.020045403 -1.839332700 0.007180368 -0.020123480 0.999771714 67.861831665
0.999899089 -0.011987722 -0.007620381 0.604750395 0.012134686 0.999735415 0.019541364 -1.824589968 0.007384110 -0.019631866 0.999779999 68.422172546
0.999897182 -0.012066657 -0.007739525 0.609944940 0.012223925 0.999712884 0.020605285 -1.839670777 0.007488668 -0.020697774 0.999757707 68.820167542
0.999893188 -0.011967374 -0.008388067 0.637483537 0.012142622 0.999702334 0.021162540 -1.858483791 0.008132309 -0.021262133 0.999740899 69.364463806
0.999902189 -0.011588147 -0.007830636 0.632336080 0.011743854 0.999728262 0.020139931 -1.843063831 0.007595124 -0.020229923 0.999766469 69.909561157
0.999896109 -0.011897876 -0.008140976 0.692340851 0.012060547 0.999722540 0.020233490 -1.870503187 0.007897981 -0.020329572 0.999762118 70.421661377
0.999911070 -0.010836710 -0.007766776 0.657614350 0.010999729 0.999713421 0.021263378 -1.891179919 0.007534124 -0.021346919 0.999743760 70.826225281
0.999909818 -0.011114709 -0.007531548 0.663796544 0.011270120 0.999717712 0.020916389 -1.888675690 0.007296943 -0.020999383 0.999752820 71.384819031
0.999903560 -0.011312719 -0.008044153 0.677909970 0.011482637 0.999705076 0.021400761 -1.898591638 0.007799679 -0.021491066 0.999738693 71.945404053
0.999888241 -0.012445224 -0.008276746 0.698135376 0.012617796 0.999697030 0.021135792 -1.901303530 0.008011198 -0.021237865 0.999742389 72.517044067
0.999907553 -0.010845974 -0.008200133 0.745047927 0.011021951 0.999703228 0.021728544 -1.928914905 0.007962032 -0.021816913 0.999730349 72.965797424
0.999891818 -0.012324967 -0.008030655 0.663707256 0.012494999 0.999691248 0.021478582 -1.899489164 0.007763450 -0.021576598 0.999737084 73.462982178
0.999885380 -0.012715502 -0.008213420 0.677629709 0.012883876 0.999701023 0.020783065 -1.898800969 0.007946697 -0.020886505 0.999750316 74.005424500
0.999890208 -0.012587205 -0.007816602 0.667481661 0.012745340 0.999708235 0.020521909 -1.896384239 0.007556007 -0.020619281 0.999758899 74.636489868
0.999885559 -0.012916697 -0.007877237 0.656777978 0.013072809 0.999712586 0.020099437 -1.900503635 0.007615354 -0.020200115 0.999767005 75.226684570
0.999870896 -0.013645726 -0.008489549 0.688029587 0.013811342 0.999709308 0.019765321 -1.879262924 0.008217368 -0.019880021 0.999768615 75.699447632
0.999887288 -0.012752960 -0.007919563 0.680347085 0.012916295 0.999697566 0.020927729 -1.902477026 0.007650277 -0.021027662 0.999749601 76.107048035
0.999881983 -0.013067603 -0.008078413 0.688573241 0.013233025 0.999696672 0.020774771 -1.899600744 0.007804484 -0.020879220 0.999751568 76.654411316
0.999875307 -0.013386524 -0.008370627 0.689949930 0.013556657 0.999695718 0.020609969 -1.901076436 0.008092183 -0.020720875 0.999752581 77.182800293
0.999882936 -0.012958371 -0.008131477 0.697018862 0.013123998 0.999700487 0.020657094 -1.907929659 0.007861359 -0.020761395 0.999753535 77.704612732
0.999898136 -0.012739586 -0.006457114 0.697917938 0.012872452 0.999697208 0.020970561 -1.912172675 0.006188004 -0.021051537 0.999759257 78.227760315
0.999913156 -0.012330457 -0.004636290 0.695443988 0.012425019 0.999703169 0.020953158 -1.924901247 0.004376550 -0.021008948 0.999769688 78.787414551
0.999907196 -0.012923700 -0.004305522 0.722577870 0.013008441 0.999709785 0.020272495 -1.923201084 0.004042277 -0.020326620 0.999785244 79.344848633
0.999913037 -0.012920670 -0.002694863 0.702021420 0.012974324 0.999696434 0.020944716 -1.915524840 0.002423426 -0.020977855 0.999777019 79.830368042
0.999917626 -0.012843155 0.000106962 0.716868162 0.012837873 0.999685585 0.021541821 -1.935071826 -0.000383593 -0.021538671 0.999767959 80.368545532
0.999919415 -0.012124148 0.003760330 0.736610651 0.012042481 0.999706388 0.021029001 -1.936144590 -0.004014185 -0.020982023 0.999771774 80.953941345
0.999901831 -0.012525854 0.006277990 0.760767877 0.012393606 0.999709368 0.020679301 -1.905301690 -0.006535191 -0.020599464 0.999766469 81.497299194
0.999864101 -0.013079716 0.010031004 0.801331282 0.012868951 0.999701023 0.020795505 -1.925276875 -0.010300004 -0.020663593 0.999733388 81.991905212
0.999790549 -0.012188616 0.016436296 0.801081836 0.011842128 0.999709010 0.021015678 -1.929546833 -0.016687665 -0.020816632 0.999644041 82.494644165
0.999664068 -0.012192416 0.022866260 0.818067908 0.011724572 0.999721408 0.020483647 -1.925464869 -0.023109637 -0.020208666 0.999528706 83.055503845
0.999530196 -0.012037012 0.028187834 0.864909172 0.011447648 0.999714375 0.020977316 -1.933373332 -0.028432291 -0.020644773 0.999382496 83.582695007
0.999247789 -0.012200976 0.036812559 0.886519909 0.011442198 0.999719203 0.020752661 -1.922567487 -0.037055425 -0.020315830 0.999106705 84.105995178
0.998922169 -0.011679760 0.044924021 0.956685305 0.010705715 0.999703705 0.021861872 -1.955510974 -0.045166053 -0.021357358 0.998751163 84.611770630
0.998578668 -0.013143774 0.051651504 0.969994068 0.012079060 0.999709129 0.020871835 -1.932256937 -0.051910814 -0.020218262 0.998447001 85.213890076
0.998066306 -0.013232656 0.060732864 1.026690960 0.011997167 0.999714494 0.020662805 -1.933256745 -0.060988951 -0.019894227 0.997940183 85.761657715
0.997396648 -0.013384824 0.070857994 1.087124825 0.011993342 0.999727428 0.020026818 -1.928870440 -0.071106747 -0.019124852 0.997285426 86.337341309
0.996683180 -0.013381405 0.080272347 1.128193855 0.011772738 0.999720931 0.020480053 -1.940190315 -0.080523990 -0.019467099 0.996562541 86.912803650
0.996026993 -0.013439657 0.088032514 1.196178436 0.011665258 0.999718904 0.020639747 -1.945936084 -0.088285163 -0.019530822 0.995903790 87.460235596
0.995114148 -0.014219107 0.097702004 1.270868778 0.012176530 0.999695241 0.021470774 -1.954723001 -0.097977549 -0.020176200 0.994984090 87.893791199
0.994043052 -0.015100134 0.107937425 1.359265327 0.012865654 0.999688864 0.021368138 -1.957999587 -0.108226508 -0.019852161 0.993928015 88.425552368
0.992973447 -0.014829108 0.117404617 1.439678192 0.012345203 0.999684930 0.021855831 -1.965139627 -0.117691718 -0.020252876 0.992843747 88.978637695
0.991634011 -0.014690596 0.128242478 1.540433884 0.011922066 0.999679565 0.022329284 -1.969364762 -0.128529415 -0.020613560 0.991491437 89.532043457
0.989936948 -0.014068412 0.140808597 1.630804062 0.011074882 0.999696195 0.022020699 -1.974529982 -0.141075596 -0.020239668 0.989791989 90.114479065
0.988394976 -0.015115196 0.151152059 1.723487854 0.011921926 0.999686599 0.022010189 -1.978019238 -0.151437387 -0.019952733 0.988265514 90.621299744
0.986793876 -0.015460598 0.161241651 1.750573158 0.012004275 0.999677300 0.022387903 -1.955868959 -0.161535710 -0.020156659 0.986661017 91.101539612
0.984598219 -0.014761875 0.174208120 1.863297462 0.010939936 0.999678373 0.022878889 -1.961109400 -0.174489796 -0.020620685 0.984443069 91.644760132
0.982353389 -0.016111011 0.186339438 2.001733780 0.012050760 0.999665082 0.022901818 -1.970723867 -0.186645985 -0.020252140 0.982218504 92.184677124
0.980223596 -0.015740169 0.197266549 2.135152817 0.011484228 0.999676287 0.022700079 -1.973738194 -0.197559997 -0.019985693 0.980087042 92.736801147
0.977759302 -0.017139537 0.209028751 2.314447403 0.012629624 0.999658167 0.022891328 -1.996802092 -0.209349632 -0.019742247 0.977641582 93.233863831
0.974623084 -0.016168069 0.223267525 2.459825516 0.011077590 0.999649763 0.024033636 -1.999325752 -0.223577887 -0.020950474 0.974460840 93.812065125
0.971471131 -0.014302391 0.236725807 2.491806030 0.009151585 0.999697089 0.022843124 -1.903185368 -0.236980841 -0.020025019 0.971307933 94.526054382
0.968408108 -0.014213271 0.248965308 2.657373428 0.008950822 0.999712229 0.022256637 -1.901139259 -0.249209985 -0.019325064 0.968256652 95.044464111
0.964925766 -0.015544025 0.262062252 2.839134216 0.009997220 0.999697089 0.022486048 -1.906484127 -0.262332410 -0.019077476 0.964788973 95.531364441
0.961157143 -0.013665239 0.275663227 3.023113251 0.007587087 0.999704242 0.023103610 -1.925515175 -0.275897384 -0.020114718 0.960976660 96.037818909
0.957989335 -0.015287613 0.286396265 3.220554352 0.009118393 0.999697030 0.022862237 -1.917789459 -0.286658973 -0.019290302 0.957838476 96.693572998
0.953905821 -0.015879914 0.299685627 3.433437347 0.009198481 0.999676943 0.023692489 -1.940828800 -0.299965084 -0.019843753 0.953743756 97.145370483
0.949004591 -0.013330705 0.314980567 3.634668350 0.006095715 0.999694705 0.023943624 -1.908489466 -0.315203637 -0.020802574 0.948796034 97.821746826
0.945065200 -0.014468225 0.326561570 3.846467972 0.007092764 0.999692321 0.023764743 -1.904298782 -0.326804966 -0.020143004 0.944877148 98.343132019
0.940495491 -0.013216326 0.339549065 4.043264389 0.005556598 0.999707818 0.023520932 -1.902613401 -0.339760751 -0.020234590 0.940294206 98.859512329
0.935310900 -0.013652400 0.353563577 4.264331818 0.005629601 0.999703050 0.023709793 -1.916232586 -0.353782266 -0.020185603 0.935109973 99.376747131
0.930534184 -0.014033274 0.365936100 4.483781815 0.005482006 0.999687314 0.024396861 -1.931030035 -0.366163939 -0.020696048 0.930320203 99.937797546
0.925814927 -0.014002593 0.377717614 4.713705063 0.005660342 0.999715090 0.023187106 -1.914627552 -0.377934635 -0.019328956 0.925630510 100.412269592
0.920245826 -0.014064979 0.391088009 4.970825195 0.005320457 0.999711215 0.023434078 -1.903740406 -0.391304702 -0.019484343 0.920054913 100.883010864
0.914674640 -0.015034721 0.403911203 5.275382996 0.005677124 0.999687195 0.024355097 -1.925099134 -0.404151052 -0.019983936 0.914473951 101.606040955
0.909814596 -0.015769411 0.414715230 5.527465820 0.006348574 0.999689758 0.024085185 -1.920730591 -0.414966404 -0.019280203 0.909632504 102.105323792
0.904295146 -0.016360674 0.426594257 5.793937683 0.006620642 0.999682665 0.024305223 -1.916156530 -0.426856577 -0.019154765 0.904116452 102.637077332
0.897734702 -0.016468575 0.440228701 6.062236786 0.006158427 0.999672472 0.024838336 -1.935358047 -0.440493554 -0.019587118 0.897542059 103.118545532
0.891585112 -0.017009351 0.452533782 6.320484161 0.006892696 0.999688327 0.023995170 -1.929201126 -0.452800870 -0.018274557 0.891424417 103.605209351
0.885861337 -0.016588274 0.463653475 6.612400055 0.005954099 0.999684811 0.024390068 -1.932310104 -0.463911921 -0.018845579 0.885680914 104.105758667
0.877904773 -0.016127208 0.478563666 6.814384460 0.005068386 0.999689579 0.024390997 -1.910807133 -0.478808492 -0.018987427 0.877714038 104.552536011
0.870819986 -0.016665142 0.491319448 7.189361572 0.005111190 0.999678135 0.024849109 -1.925145388 -0.491575480 -0.019127874 0.870624900 105.219108582
