1.000000000 0.000000000 0.000000000 0.000000000 0.000000000 1.000000000 0.000000000 0.000000000 0.000000000 0.000000000 1.000000000 0.000000000
1.000000000 0.000110733 0.000040352 -0.001326168 -0.000110731 1.000000000 -0.000059285 0.001390443 -0.000040358 0.000059281 1.000000000 0.002936782
1.000000000 0.000122239 -0.000004865 0.000747381 -0.000122239 1.000000000 -0.000011555 0.000716209 0.000004863 0.000011556 1.000000000 0.003422386
0.999999940 0.000284578 0.000092961 -0.000500401 -0.000284577 0.999999940 -0.000012400 0.000938515 -0.000092964 0.000012374 1.000000000 -0.001671930
1.000000000 0.000163900 0.000016926 0.001003597 -0.000163900 1.000000000 -0.000024757 0.000766645 -0.000016930 0.000024755 1.000000000 -0.001040341
1.000000000 0.000028894 -0.000015466 0.000330945 -0.000028894 1.000000000 0.000008848 0.001969599 0.000015467 -0.000008848 1.000000000 -0.000047412
1.000000000 0.000033562 0.000016059 -0.000606178 -0.000033562 1.000000000 -0.000040911 0.000852969 -0.000016060 0.000040910 1.000000000 -0.001608250
1.000000000 0.000043095 0.000035495 0.000204790 -0.000043097 1.000000000 0.000069084 0.000755705 -0.000035492 -0.000069085 1.000000000 -0.000688771
1.000000000 0.000048210 0.000091286 -0.001644043 -0.000048209 1.000000000 -0.000012185 0.000916156 -0.000091287 0.000012180 1.000000000 0.002679777
1.000000000 0.000067716 0.000090536 -0.001583833 -0.000067712 1.000000000 -0.000051063 0.000625963 -0.000090540 0.000051057 1.000000000 -0.001619956
1.000000000 0.000163032 0.000090249 0.000699153 -0.000163033 1.000000000 0.000011741 0.001467627 -0.000090247 -0.000011756 1.000000000 -0.002188427
1.000000000 0.000061516 0.000037031 -0.001052193 -0.000061513 1.000000000 -0.000066433 0.001150607 -0.000037035 0.000066430 1.000000000 -0.003617605
1.000000000 0.000116203 0.000155168 -0.003759498 -0.000116200 1.000000000 -0.000015497 0.002072071 -0.000155170 0.000015479 1.000000000 -0.003859614
1.000000000 -0.000087380 0.000057508 -0.000722172 0.000087379 1.000000000 0.000008944 -0.000109189 -0.000057509 -0.000008939 1.000000000 -0.000296744
1.000000000 0.000044647 0.000060869 -0.000138900 -0.000044646 1.000000000 -0.000015059 0.000717289 -0.000060870 0.000015056 1.000000000 -0.002314493
1.000000000 -0.000041563 0.000018449 0.000127607 0.000041562 1.000000000 0.000023937 0.000674090 -0.000018450 -0.000023936 1.000000000 -0.003399799
1.000000000 -0.000039705 0.000065964 -0.002699173 0.000039706 1.000000000 -0.000012034 0.000874433 -0.000065964 0.000012036 1.000000000 -0.002366723
1.000000000 0.000032634 0.000110754 -0.001575088 -0.000032638 1.000000000 0.000029955 -0.000672993 -0.000110753 -0.000029958 1.000000000 -0.004329507
1.000000000 0.000065837 0.000030346 0.000232577 -0.000065838 1.000000000 0.000025558 0.001331752 -0.000030345 -0.000025560 1.000000000 -0.004958688
1.000000000 -0.000123810 -0.000009667 -0.000624357 0.000123810 1.000000000 0.000006651 0.000546414 0.000009666 -0.000006653 1.000000000 -0.006036370
1.000000000 -0.000021469 0.000067951 -0.000457948 0.000021467 1.000000000 0.000019007 0.000284318 -0.000067952 -0.000019006 1.000000000 -0.006601544
1.000000000 -0.000071275 0.000013479 -0.000000512 0.000071275 1.000000000 0.000048895 -0.001329150 -0.000013483 -0.000048894 1.000000000 -0.004730219
1.000000000 0.000064798 0.000121234 -0.003298781 -0.000064791 1.000000000 -0.000056243 0.001145838 -0.000121237 0.000056235 1.000000000 0.000430464
1.000000000 0.000000997 0.000012739 0.000572985 -0.000000997 1.000000000 -0.000000936 -0.000130244 -0.000012739 0.000000936 1.000000000 -0.001942741
1.000000000 -0.000027330 0.000109605 -0.002715660 0.000027325 1.000000000 0.000047298 0.000674207 -0.000109606 -0.000047295 1.000000000 -0.000025289
1.000000000 -0.000021626 -0.000031884 0.001295891 0.000021626 1.000000000 -0.000014172 0.000795420 0.000031885 0.000014171 1.000000000 -0.005923137
1.000000000 -0.000104686 0.000090184 -0.002564802 0.000104688 1.000000000 -0.000024971 0.001918059 -0.000090181 0.000024981 1.000000000 0.000407787
1.000000000 0.000141021 0.000141939 -0.003797103 -0.000141010 1.000000000 -0.000078061 0.001869041 -0.000141950 0.000078041 1.000000000 -0.001213170
1.000000000 -0.000083595 0.000050450 -0.000954167 0.000083590 1.000000000 0.000093752 -0.000200347 -0.000050458 -0.000093748 1.000000000 -0.001803135
1.000000000 -0.000130781 -0.000026518 -0.000295324 0.000130782 1.000000000 0.000031140 0.001480828 0.000026514 -0.000031144 1.000000000 -0.003761499
1.000000000 -0.000143551 0.000013906 -0.001476210 0.000143551 1.000000000 -0.000021470 0.000742485 -0.000013903 0.000021472 1.000000000 -0.000446158
1.000000000 -0.000048694 0.000063571 -0.002737354 0.000048692 1.000000000 0.000026405 0.001038413 -0.000063572 -0.000026401 1.000000000 0.002550015
1.000000000 -0.000135292 0.000024754 -0.002431291 0.000135292 1.000000000 0.000007214 0.000671395 -0.000024755 -0.000007211 1.000000000 -0.002243527
1.000000000 -0.000029976 0.000039942 -0.000702694 0.000029974 1.000000000 0.000051104 -0.000863561 -0.000039944 -0.000051102 1.000000000 -0.004405804
0.999999940 0.000197018 0.000165520 -0.003713163 -0.000197015 1.000000000 -0.000021896 0.000933065 -0.000165524 0.000021864 1.000000000 -0.000930107
1.000000000 -0.000005215 0.000053063 -0.000784371 0.000005214 1.000000000 0.000016504 0.000437060 -0.000053063 -0.000016504 1.000000000 -0.002903035
1.000000000 0.000033938 0.000102873 -0.005151774 -0.000033934 1.000000000 -0.000037812 0.002391911 -0.000102874 0.000037808 1.000000000 0.000015806
1.000000000 -0.000011087 0.000043647 -0.000451862 0.000011091 1.000000000 -0.000093122 0.002401157 -0.000043646 0.000093122 1.000000000 -0.005026963
1.000000000 0.000011317 0.000118847 -0.003357833 -0.000011316 1.000000000 -0.000010944 0.000994071 -0.000118847 0.000010943 1.000000000 0.000273298
1.000000000 -0.000076018 0.000022764 -0.000311757 0.000076017 1.000000000 0.000024497 0.000245031 -0.000022765 -0.000024495 1.000000000 -0.001799991
1.000000000 -0.000169193 0.000036873 -0.001364254 0.000169192 1.000000000 0.000045031 -0.000131075 -0.000036881 -0.000045024 1.000000000 -0.002396216
1.000000000 0.000035254 0.000115645 0.002398811 -0.000035199 0.999999881 -0.000472900 -0.005376562 -0.000115662 0.000472896 0.999999881 0.048359513
1.000000000 0.000004894 0.000090615 0.003063905 -0.000004780 0.999999225 -0.001253345 -0.002542046 -0.000090621 0.001253344 0.999999225 0.144247696
1.000000000 -0.000096450 0.000017074 0.004992499 0.000096475 0.999998987 -0.001418263 -0.010785379 -0.000016937 0.001418265 0.999998987 0.259718269
1.000000000 0.000039186 0.000160648 0.004705500 -0.000038964 0.999999046 -0.001380255 -0.013856155 -0.000160702 0.001380248 0.999999046 0.389617175
1.000000000 0.000059943 0.000058325 0.006901904 -0.000059886 0.999999523 -0.000988440 -0.022961557 -0.000058385 0.000988437 0.999999523 0.531052887
1.000000000 0.000048459 0.000040227 0.008172703 -0.000048429 0.999999702 -0.000763625 -0.033218332 -0.000040264 0.000763623 0.999999702 0.681481063
1.000000000 0.000031667 0.000109032 0.009878919 -0.000031608 0.999999821 -0.000547605 -0.037825443 -0.000109049 0.000547601 0.999999821 0.858607233
1.000000000 0.000017492 -0.000103040 0.022772277 -0.000017549 0.999999821 -0.000551204 -0.037052415 0.000103031 0.000551206 0.999999821 1.026011467
0.999999940 0.000303476 0.000199983 0.014006012 -0.000303398 0.999999881 -0.000391120 -0.044271234 -0.000200102 0.000391060 0.999999881 1.207458258
1.000000000 0.000050032 -0.000039823 0.026250189 -0.000050033 1.000000000 -0.000034722 -0.056141380 0.000039821 0.000034724 1.000000000 1.400129318
0.999999821 0.000511233 0.000307271 0.019895034 -0.000511330 0.999999821 0.000315578 -0.062522359 -0.000307110 -0.000315735 0.999999881 1.579692483
0.999999702 0.000489327 0.000569756 0.022929059 -0.000489589 0.999999762 0.000458705 -0.066772707 -0.000569531 -0.000458984 0.999999762 1.774121523
0.999999702 0.000484800 0.000597070 0.026157267 -0.000485225 0.999999642 0.000712623 -0.076863423 -0.000596724 -0.000712913 0.999999583 1.968701482
0.999999702 0.000444527 0.000645572 0.027252033 -0.000444792 0.999999881 0.000410506 -0.079531401 -0.000645389 -0.000410793 0.999999762 2.193122149
0.999999583 0.000464140 0.000708115 0.033801865 -0.000464751 0.999999464 0.000862677 -0.088893235 -0.000707714 -0.000863006 0.999999404 2.401732683
0.999999523 0.000635162 0.000695662 0.036139034 -0.000635813 0.999999344 0.000935738 -0.097526260 -0.000695067 -0.000936180 0.999999344 2.628647327
0.999999464 0.000644063 0.000774099 0.042501900 -0.000644876 0.999999225 0.001051481 -0.101946183 -0.000773421 -0.001051980 0.999999106 2.865090847
0.999999523 0.000592138 0.000768294 0.051771175 -0.000592987 0.999999225 0.001105614 -0.110428736 -0.000767638 -0.001106069 0.999999106 3.093403339
0.999999404 0.000683852 0.000960961 0.050212465 -0.000684967 0.999999106 0.001159949 -0.120594934 -0.000960167 -0.001160607 0.999998868 3.330545425
0.999998927 0.000975390 0.001085019 0.048340585 -0.000976573 0.999998927 0.001090131 -0.125980183 -0.001083954 -0.001091189 0.999998808 3.568105936
0.999999523 0.000565206 0.000786924 0.067430064 -0.000566276 0.999998927 0.001360056 -0.133562490 -0.000786155 -0.001360501 0.999998748 3.836538792
0.999999642 0.000273926 0.000753819 0.076221041 -0.000274844 0.999999166 0.001217333 -0.139595613 -0.000753485 -0.001217540 0.999998987 4.097376347
0.999999404 0.000580706 0.000872349 0.074650824 -0.000582029 0.999998629 0.001518039 -0.145652831 -0.000871467 -0.001518546 0.999998450 4.349361420
0.999999404 0.000722463 0.000803823 0.086815543 -0.000723690 0.999998569 0.001527059 -0.155355185 -0.000802719 -0.001527640 0.999998450 4.609382629
0.999998629 0.000931962 0.001304168 0.086879857 -0.000933839 0.999998450 0.001439399 -0.163314924 -0.001302825 -0.001440615 0.999998093 4.867673397
0.999998748 0.000873843 0.001238565 0.087089017 -0.000875653 0.999998569 0.001461890 -0.174558654 -0.001237286 -0.001462972 0.999998152 5.123390675
0.999999642 0.000207127 0.000785852 0.102107547 -0.000208628 0.999998093 0.001909574 -0.184905961 -0.000785455 -0.001909737 0.999997854 5.390213966
0.999999285 0.000785670 0.000873620 0.103455737 -0.000787056 0.999998450 0.001587254 -0.190842256 -0.000872372 -0.001587941 0.999998331 5.660046577
0.999999523 0.000463584 0.000845606 0.106369041 -0.000464870 0.999998748 0.001521916 -0.202821612 -0.000844899 -0.001522308 0.999998510 5.927546978
0.999999464 0.000023738 0.000993098 0.111976288 -0.000025603 0.999998152 0.001878010 -0.215725973 -0.000993052 -0.001878035 0.999997795 6.189307690
0.999999225 0.000371462 0.001178811 0.120395742 -0.000373659 0.999998152 0.001864306 -0.220017403 -0.001178116 -0.001864745 0.999997616 6.479890823
0.999999404 0.000423263 0.001028165 0.118834898 -0.000425213 0.999998093 0.001897335 -0.229867488 -0.001027360 -0.001897771 0.999997675 6.776074886
0.999999404 -0.000056691 0.001095877 0.128228113 0.000054316 0.999997616 0.002167290 -0.237423241 -0.001095998 -0.002167229 0.999997020 7.073074818
0.999999404 0.000448025 0.001016740 0.134377658 -0.000450105 0.999997795 0.002046999 -0.247828990 -0.001015821 -0.002047456 0.999997377 7.376402378
0.999999285 0.000473142 0.001107772 0.141747415 -0.000475257 0.999998033 0.001909858 -0.258408159 -0.001106867 -0.001910383 0.999997556 7.683565617
0.999999404 0.000263774 0.001052820 0.154523298 -0.000266147 0.999997437 0.002254430 -0.268310487 -0.001052223 -0.002254709 0.999996901 8.006703377
0.999998987 0.000524200 0.001312097 0.163133994 -0.000527299 0.999997079 0.002362071 -0.280429125 -0.001310855 -0.002362760 0.999996364 8.322749138
0.999998868 0.000781394 0.001274574 0.165405095 -0.000784020 0.999997497 0.002061356 -0.283511341 -0.001272960 -0.002062353 0.999997020 8.654745102
0.999998391 0.001047864 0.001449461 0.165229946 -0.001051312 0.999996483 0.002380353 -0.295955211 -0.001446962 -0.002381873 0.999996126 8.988294601
0.999998629 0.000553992 0.001549978 0.170756474 -0.000557544 0.999997199 0.002292436 -0.299371928 -0.001548704 -0.002293298 0.999996185 9.342431068
0.999999166 -0.000083663 0.001244143 0.188055947 0.000080436 0.999996603 0.002593206 -0.313776881 -0.001244356 -0.002593104 0.999995887 9.658616066
0.999999106 0.000341883 0.001302084 0.198604926 -0.000345320 0.999996424 0.002640756 -0.327499628 -0.001301177 -0.002641203 0.999995589 10.002981186
0.999998212 0.000637932 0.001737179 0.203507558 -0.000642076 0.999996901 0.002386264 -0.336748004 -0.001735651 -0.002387375 0.999995649 10.358020782
0.999998927 0.000784516 0.001226144 0.216877371 -0.000787772 0.999996305 0.002657583 -0.349583358 -0.001224055 -0.002658546 0.999995649 10.726015091
0.999998987 0.000622352 0.001228544 0.224556416 -0.000625554 0.999996424 0.002607689 -0.359401554 -0.001226917 -0.002608456 0.999995768 11.103941917
0.999999285 0.000388948 0.001146918 0.238321275 -0.000392183 0.999995947 0.002821848 -0.375185102 -0.001145816 -0.002822296 0.999995351 11.484600067
0.999999523 0.000282662 0.001003817 0.250380188 -0.000286083 0.999994159 0.003409533 -0.383632600 -0.001002848 -0.003409818 0.999993622 11.865980148
0.999998748 0.000588713 0.001463938 0.254660308 -0.000593508 0.999994457 0.003277420 -0.399837911 -0.001462000 -0.003278285 0.999993563 12.233150482
0.999998927 0.000402057 0.001409698 0.261224687 -0.000406402 0.999995112 0.003083539 -0.411944062 -0.001408452 -0.003084109 0.999994278 12.616953850
0.999998271 0.000916335 0.001637229 0.273935527 -0.000921811 0.999993980 0.003346882 -0.425899237 -0.001634152 -0.003348386 0.999993086 12.995069504
0.999996781 0.001662436 0.001903675 0.280918896 -0.001668856 0.999992907 0.003376035 -0.439835668 -0.001898049 -0.003379202 0.999992490 13.372406960
0.999997973 0.000649820 0.001914009 0.285504788 -0.000657256 0.999992251 0.003886893 -0.459743798 -0.001911468 -0.003888143 0.999990582 13.799069405
0.999997377 0.000754403 0.002160043 0.293466628 -0.000762342 0.999993026 0.003676830 -0.466615051 -0.002157253 -0.003678467 0.999990940 14.238231659
0.999998450 -0.000009890 0.001750099 0.307893574 0.000002837 0.999991894 0.004030305 -0.489105433 -0.001750124 -0.004030294 0.999990284 14.634863853
0.999997377 0.000573523 0.002181262 0.318175554 -0.000582500 0.999991357 0.004117251 -0.503060520 -0.002178882 -0.004118511 0.999989092 15.038001060
0.999997735 0.000538800 0.002070396 0.331479013 -0.000547049 0.999991953 0.003985699 -0.502436876 -0.002068232 -0.003986822 0.999989927 15.484429359
0.999997020 0.000294480 0.002432272 0.348088175 -0.000304659 0.999991179 0.004185421 -0.534401000 -0.002431018 -0.004186149 0.999988258 15.923057556
0.999997020 -0.000373762 0.002438385 0.363633871 0.000362769 0.999989688 0.004507374 -0.546733737 -0.002440044 -0.004506475 0.999986827 16.368125916
0.999997020 -0.000615030 0.002353877 0.375289142 0.000603445 0.999987721 0.004919544 -0.566543818 -0.002356874 -0.004918109 0.999985099 16.798521042
0.999995112 0.000379247 0.003109094 0.383748531 -0.000393892 0.999988973 0.004711291 -0.579651117 -0.003107273 -0.004712493 0.999984086 17.266115189
0.999995828 0.000446781 0.002882270 0.392362982 -0.000460583 0.999988496 0.004789668 -0.590946555 -0.002880097 -0.004790975 0.999984384 17.728862762
0.999992669 0.000046710 0.003819468 0.402293980 -0.000065548 0.999987841 0.004932154 -0.606179595 -0.003819191 -0.004932368 0.999980509 18.182197571
0.999991715 -0.000051612 0.004068893 0.414701134 0.000031314 0.999987543 0.004988582 -0.613086641 -0.004069101 -0.004988414 0.999979258 18.661191940
0.999991357 -0.000624109 0.004122409 0.428529799 0.000603223 0.999987006 0.005065720 -0.632276833 -0.004125516 -0.005063189 0.999978721 19.115331650
0.999991655 -0.000355125 0.004076758 0.454205215 0.000333209 0.999985456 0.005375313 -0.654044092 -0.004078608 -0.005373910 0.999977231 19.571805954
0.999989212 0.000799282 0.004568926 0.461569786 -0.000826881 0.999981403 0.006041691 -0.664264083 -0.004564012 -0.006045403 0.999971330 20.038576126
0.999988198 0.000672137 0.004806257 0.452597678 -0.000701930 0.999980509 0.006199817 -0.684328616 -0.004801996 -0.006203117 0.999969244 20.539916992
0.999989092 0.000448982 0.004648876 0.465848029 -0.000477437 0.999981105 0.006121588 -0.696303725 -0.004646039 -0.006123742 0.999970496 21.036365509
0.999991894 0.000625014 0.003992372 0.471597970 -0.000649950 0.999980271 0.006247846 -0.708931565 -0.003988388 -0.006250390 0.999972582 21.561923981
0.999989331 0.002026695 0.004139549 0.488848776 -0.002051638 0.999979734 0.006030296 -0.731313348 -0.004127244 -0.006038724 0.999973238 22.047325134
0.999994099 -0.000073757 0.003434253 0.501567364 0.000050616 0.999977291 0.006737783 -0.751583993 -0.003434672 -0.006737569 0.999971330 22.530595779
0.999996066 -0.000218281 0.002809037 0.509057760 0.000197838 0.999973476 0.007275844 -0.766692579 -0.002810551 -0.007275258 0.999969542 23.039394379
0.999997616 0.000117482 0.002172270 0.523481011 -0.000131559 0.999978960 0.006481124 -0.773139358 -0.002171463 -0.006481395 0.999976575 23.572517395
0.999998391 -0.000906515 0.001517442 0.537678838 0.000896837 0.999979317 0.006365916 -0.783621728 -0.001523181 -0.006364544 0.999978602 24.100864410
0.999999583 -0.000017486 0.000922900 0.547714829 0.000011454 0.999978602 0.006535909 -0.796932757 -0.000922994 -0.006535896 0.999978244 24.617557526
0.999999940 0.000127410 0.000271221 0.560523868 -0.000129186 0.999978483 0.006560771 -0.806992292 -0.000270379 -0.006560805 0.999978364 25.154830933
0.999999821 0.000342074 -0.000481184 0.562913060 -0.000338957 0.999979019 0.006464493 -0.815103412 0.000483385 -0.006464330 0.999978900 25.693227768
0.999999464 0.000721953 -0.000737331 0.575338960 -0.000717064 0.999977827 0.006609609 -0.831645608 0.000742087 -0.006609077 0.999977827 26.222997665
0.999999285 0.000187308 -0.001184466 0.586731613 -0.000178850 0.999974489 0.007136712 -0.839888811 0.001185773 -0.007136495 0.999973834 26.772830963
0.999998689 0.000144015 -0.001603354 0.599680007 -0.000132367 0.999973595 0.007262753 -0.854109764 0.001604358 -0.007262532 0.999972284 27.314949036
0.999998093 0.000897308 -0.001693489 0.608902514 -0.000885622 0.999975860 0.006888898 -0.866294146 0.001699630 -0.006887387 0.999974847 27.853851318
0.999997199 0.000658906 -0.002268362 0.623507261 -0.000642565 0.999974012 0.007197130 -0.878994167 0.002273045 -0.007195655 0.999971509 28.398937225
0.999995708 0.000681002 -0.002824442 0.637988269 -0.000660929 0.999974489 0.007101701 -0.888072371 0.002829207 -0.007099804 0.999970794 28.940782547
0.999994695 0.000787991 -0.003143033 0.646375418 -0.000766527 0.999976397 0.006824639 -0.897320867 0.003148336 -0.006822194 0.999971747 29.486087799
0.999992967 0.000742957 -0.003677581 0.653370976 -0.000716362 0.999973595 0.007227644 -0.915107846 0.003682853 -0.007224958 0.999967098 30.016517639
0.999992549 0.001176098 -0.003680686 0.660026312 -0.001150601 0.999975383 0.006921979 -0.929385304 0.003688736 -0.006917692 0.999969184 30.547916412
0.999992490 0.001444262 -0.003573081 0.667154551 -0.001419228 0.999974489 0.006998969 -0.942990839 0.003583099 -0.006993846 0.999969125 31.090703964
0.999991179 0.001678980 -0.003856691 0.672718525 -0.001651912 0.999974072 0.007010896 -0.955395579 0.003868361 -0.007004464 0.999967992 31.623830795
0.999992371 0.001965205 -0.003398607 0.681564093 -0.001942277 0.999975443 0.006736740 -0.968094945 0.003411763 -0.006730088 0.999971509 32.167934418
0.999990046 0.001909149 -0.004014975 0.677503765 -0.001882410 0.999976099 0.006652939 -0.971108794 0.004027581 -0.006645316 0.999969721 32.682773590
0.999988437 0.001529166 -0.004557444 0.686702907 -0.001497848 0.999975324 0.006867290 -0.996225834 0.004567832 -0.006860384 0.999966025 33.219295502
0.999988139 0.001579409 -0.004596415 0.688961506 -0.001549153 0.999977112 0.006578622 -1.002950311 0.004606701 -0.006571425 0.999967754 33.754104614
0.999987423 0.001919602 -0.004634801 0.690429628 -0.001887517 0.999974310 0.006917044 -1.022275209 0.004647960 -0.006908209 0.999965310 34.297554016
0.999984980 0.000990475 -0.005390322 0.713764906 -0.000953415 0.999975920 0.006873540 -1.033119440 0.005397000 -0.006868299 0.999961853 34.811992645
0.999986589 0.001270054 -0.005016235 0.707015395 -0.001232631 0.999971569 0.007456297 -1.053065538 0.005025562 -0.007450015 0.999959648 35.338584900
0.999984920 0.001096729 -0.005392725 0.708755493 -0.001060774 0.999977231 0.006665654 -1.069405675 0.005399913 -0.006659833 0.999963284 35.923435211
0.999988019 0.002279607 -0.004314772 0.704586625 -0.002249457 0.999973118 0.006979764 -1.077264309 0.004330567 -0.006969974 0.999966383 36.412628174
0.999986708 0.001413765 -0.004951957 0.710182071 -0.001379546 0.999975324 0.006907017 -1.078530550 0.004961599 -0.006900095 0.999963939 36.956787109
0.999990344 0.000943054 -0.004273830 0.693056643 -0.000907214 0.999964416 0.008379993 -1.131077290 0.004281580 -0.008376035 0.999955773 37.436901093
0.999981940 0.001312993 -0.005862394 0.747646332 -0.001268631 0.999970555 0.007564508 -1.125670314 0.005872155 -0.007556935 0.999954224 37.972545624
0.999980450 0.000736589 -0.006216134 0.753620982 -0.000687709 0.999968767 0.007861834 -1.131378889 0.006221732 -0.007857405 0.999949813 38.430694580
0.999981046 0.001319943 -0.006019459 0.770725191 -0.001272465 0.999968052 0.007884555 -1.135409355 0.006029675 -0.007876746 0.999950767 39.025890350
0.999979198 0.002597143 -0.005903785 0.816434741 -0.002545979 0.999959290 0.008657490 -1.203800440 0.005926029 -0.008642279 0.999945104 39.425521851
0.999982238 0.000893073 -0.005891099 0.776822329 -0.000842079 0.999962211 0.008652910 -1.214001298 0.005898603 -0.008647796 0.999945223 40.129085541
0.999979317 0.000327669 -0.006416011 0.798903704 -0.000272748 0.999963343 0.008559120 -1.221610665 0.006418581 -0.008557193 0.999942780 40.686382294
0.999980509 0.000753299 -0.006197188 0.793650985 -0.000699170 0.999961615 0.008731962 -1.233923912 0.006203529 -0.008727460 0.999942601 41.223686218
0.999978840 0.000747872 -0.006468245 0.805697918 -0.000690060 0.999959826 0.008935444 -1.248854637 0.006474669 -0.008930792 0.999939144 41.755249023
0.999978721 0.000826358 -0.006470448 0.814180851 -0.000768000 0.999958992 0.009016488 -1.261350989 0.006477634 -0.009011327 0.999938428 42.292285919
0.999978960 0.000915284 -0.006425233 0.821525574 -0.000856870 0.999958277 0.009088295 -1.278520346 0.006433283 -0.009082599 0.999938071 42.833911896
0.999978840 0.000910172 -0.006442232 0.823771596 -0.000853443 0.999960899 0.008803102 -1.280399799 0.006449992 -0.008797419 0.999940455 43.380535126
0.999980211 0.000574148 -0.006265281 0.830839634 -0.000515928 0.999956727 0.009290219 -1.302579165 0.006270343 -0.009286802 0.999937177 43.899093628
0.999979258 0.000931452 -0.006372263 0.837234497 -0.000875145 0.999960601 0.008833377 -1.307796478 0.006380241 -0.008827616 0.999940693 44.436695099
0.999978304 0.000366196 -0.006576169 0.852373242 -0.000305729 0.999957681 0.009193507 -1.323971152 0.006579257 -0.009191298 0.999936104 44.973636627
0.999979615 0.000654557 -0.006338461 0.853581905 -0.000596244 0.999957442 0.009197396 -1.332170486 0.006344212 -0.009193432 0.999937594 45.507659912
0.999977827 0.000488669 -0.006640022 0.864791095 -0.000429427 0.999960124 0.008920356 -1.344358206 0.006644116 -0.008917307 0.999938190 46.037216187
0.999977052 0.000736048 -0.006726321 0.867702961 -0.000674285 0.999957621 0.009179939 -1.358539581 0.006732792 -0.009175191 0.999935329 46.602519989
0.999979615 0.000467747 -0.006371433 0.857807875 -0.000410169 0.999959052 0.009035122 -1.366789103 0.006375398 -0.009032323 0.999938905 47.095077515
0.999973595 0.000564691 -0.007239867 0.901568294 -0.000499865 0.999959767 0.008952679 -1.368401289 0.007244631 -0.008948823 0.999933660 47.677570343
0.999979496 0.000689520 -0.006362256 0.869988918 -0.000630273 0.999956489 0.009309617 -1.398473740 0.006368398 -0.009305417 0.999936402 48.145118713
0.999977231 0.000563249 -0.006719499 0.880317509 -0.000500130 0.999955773 0.009391365 -1.412679315 0.006724491 -0.009387792 0.999933243 48.667778015
0.999979079 0.000749134 -0.006429421 0.892740071 -0.000688226 0.999954939 0.009470305 -1.425535440 0.006436225 -0.009465682 0.999934494 49.197563171
0.999977350 0.000162715 -0.006715643 0.902395248 -0.000098696 0.999954581 0.009532047 -1.437812448 0.006716891 -0.009531171 0.999931931 49.719009399
0.999979377 0.000749225 -0.006376116 0.900433898 -0.000689499 0.999955893 0.009364229 -1.448620319 0.006382852 -0.009359640 0.999935806 50.237442017
0.999980450 0.000773633 -0.006200526 0.904376507 -0.000714502 0.999954283 0.009533126 -1.459596395 0.006207618 -0.009528507 0.999935329 50.759666443
0.999979854 0.001288977 -0.006204621 0.900577784 -0.001228956 0.999952435 0.009667685 -1.469480753 0.006216787 -0.009659867 0.999934018 51.280803680
0.999980032 0.001074191 -0.006229129 0.910150766 -0.001013254 0.999951661 0.009777472 -1.485713959 0.006239330 -0.009770965 0.999932826 51.786575317
0.999979794 0.000999484 -0.006272916 0.918183923 -0.000937031 0.999949992 0.009951126 -1.496010542 0.006282548 -0.009945044 0.999930859 52.328872681
0.999981463 0.001278033 -0.005976754 0.926098466 -0.001218017 0.999949038 0.010034475 -1.520926476 0.005989273 -0.010027011 0.999931753 52.823368073
0.999983132 0.001196478 -0.005681188 0.911788225 -0.001136672 0.999943912 0.010518590 -1.534251451 0.005693455 -0.010511953 0.999928594 53.357551575
0.999985516 0.002366584 -0.004845891 0.887424588 -0.002315523 0.999942064 0.010515825 -1.550595760 0.004870497 -0.010504453 0.999932945 53.864936829
0.999982774 0.001780502 -0.005582858 0.937542915 -0.001724228 0.999947786 0.010068432 -1.555693150 0.005600494 -0.010058633 0.999933660 54.329029083
0.999981463 0.002491442 -0.005552128 0.940674901 -0.002432531 0.999940932 0.010592123 -1.573964596 0.005578191 -0.010578422 0.999928474 55.001644135
0.999979079 0.001577603 -0.006265171 0.955614746 -0.001511972 0.999944091 0.010466408 -1.576007247 0.006281333 -0.010456718 0.999925554 55.427639008
0.999976695 0.001019126 -0.006745658 0.985233068 -0.000947556 0.999943376 0.010604518 -1.583172798 0.006756083 -0.010597878 0.999921024 55.930816650
0.999982297 0.001608149 -0.005721185 0.980304003 -0.001544391 0.999936879 0.011131370 -1.619371653 0.005738725 -0.011122339 0.999921679 56.300819397
0.999980688 0.001212704 -0.006096361 0.982555568 -0.001143997 0.999935865 0.011261025 -1.636175752 0.006109627 -0.011253834 0.999917984 56.820281982
0.999983191 0.001289207 -0.005649759 0.994855642 -0.001222806 0.999930322 0.011740706 -1.653934956 0.005664502 -0.011733602 0.999915123 57.349758148
0.999981463 0.001025330 -0.005998899 1.001252890 -0.000958288 0.999937177 0.011167947 -1.652189732 0.006009973 -0.011161990 0.999919653 57.833221436
0.999980330 0.001190542 -0.006156184 1.004869223 -0.001121038 0.999935746 0.011281071 -1.661112070 0.006169217 -0.011273948 0.999917328 58.346538544
0.999979675 0.001215677 -0.006264286 1.016216516 -0.001142885 0.999931991 0.011610687 -1.679897904 0.006277976 -0.011603290 0.999912858 58.880744934
0.999976814 0.000415421 -0.006797798 1.054629445 -0.000335768 0.999931335 0.011714433 -1.686626911 0.006802198 -0.011711880 0.999908209 59.381072998
0.999974728 0.000274194 -0.007093783 1.082435727 -0.000190179 0.999929845 0.011841351 -1.707410812 0.007096532 -0.011839703 0.999904692 59.882358551
0.999971449 0.000355104 -0.007556262 1.099783778 -0.000265734 0.999930024 0.011825051 -1.719160080 0.007559933 -0.011822706 0.999901474 60.425498962
0.999972284 0.000539968 -0.007418761 1.106118202 -0.000449204 0.999925077 0.012230619 -1.736671686 0.007424809 -0.012226949 0.999897659 60.951564789
0.999972999 -0.000198293 -0.007339952 1.095928669 0.000284936 0.999930263 0.011805142 -1.716172934 0.007337098 -0.011806915 0.999903321 61.518466949
0.999970019 0.000008496 -0.007748634 1.114221573 0.000083285 0.999929845 0.011844402 -1.714405298 0.007748191 -0.011844692 0.999899745 62.044715881
0.999978721 0.000696375 -0.006490210 1.057826638 -0.000614732 0.999920726 0.012572808 -1.782840490 0.006498450 -0.012568549 0.999899805 62.596786499
0.999973834 -0.000024977 -0.007231632 1.073313117 0.000113990 0.999924183 0.012308639 -1.779092073 0.007230777 -0.012309142 0.999898076 63.138462067
0.999974370 0.000474054 -0.007144319 1.124876261 -0.000387478 0.999926507 0.012114664 -1.779805660 0.007149537 -0.012111587 0.999901116 63.613479614
0.999977946 0.001322485 -0.006502813 1.142600536 -0.001244780 0.999927938 0.011939099 -1.790518999 0.006518135 -0.011930740 0.999907553 63.829887390
0.999978662 0.001044840 -0.006440829 1.169234395 -0.000960975 0.999914825 0.013010166 -1.807592154 0.006453874 -0.013003699 0.999894559 64.385032654
0.999981046 0.000798963 -0.006108246 1.151117325 -0.000721676 0.999919772 0.012644606 -1.817555904 0.006117857 -0.012639957 0.999901414 64.898696899
0.999977648 0.000765840 -0.006633919 1.171449900 -0.000681714 0.999919474 0.012674166 -1.834811568 0.006643095 -0.012669363 0.999897659 65.318946838
0.999979079 0.001573297 -0.006271640 1.181433439 -0.001492478 0.999916077 0.012870415 -1.849022150 0.006291364 -0.012860785 0.999897540 65.851860046
0.999979317 0.001413386 -0.006275035 1.199935198 -0.001333665 0.999918520 0.012690517 -1.857959509 0.006292461 -0.012681887 0.999899805 66.273963928
0.999979258 0.000875744 -0.006381129 1.212785244 -0.000796162 0.999922037 0.012463325 -1.869021654 0.006391548 -0.012457986 0.999901950 66.887741089
0.999977946 0.001651391 -0.006440942 1.230759621 -0.001568988 0.999917090 0.012777777 -1.886825323 0.006461510 -0.012767390 0.999897599 67.330375671
0.999979377 0.001722764 -0.006208835 1.233188868 -0.001641999 0.999914229 0.012989838 -1.889916420 0.006230682 -0.012979374 0.999896348 67.727409363
0.999977231 0.001151292 -0.006643042 1.257096648 -0.001066384 0.999917865 0.012770787 -1.898668766 0.006657199 -0.012763415 0.999896407 68.234458923
0.999974132 0.000935569 -0.007129536 1.261125922 -0.000844001 0.999917209 0.012835743 -1.906552196 0.007140956 -0.012829394 0.999892235 68.770095825
0.999976218 0.001348176 -0.006762662 1.283504963 -0.001260240 0.999914825 0.012990625 -1.928561687 0.006779597 -0.012981793 0.999892771 69.284797668
0.999975443 0.001852463 -0.006757729 1.294668555 -0.001763913 0.999912739 0.013086084 -1.941599369 0.006781380 -0.013073843 0.999891579 69.826873779
0.999978304 0.002205974 -0.006204698 1.302660942 -0.002123652 0.999910057 0.013243116 -1.972422361 0.006233354 -0.013229651 0.999893069 70.318885803
0.999974489 0.003364774 -0.006295545 1.326528788 -0.003281741 0.999908030 0.013153285 -1.976438046 0.006339226 -0.013132289 0.999893665 70.872833252
0.999977708 0.002809326 -0.006057294 1.324879408 -0.002728618 0.999907851 0.013291618 -1.996292830 0.006094078 -0.013274793 0.999893308 71.384292603
0.999978125 0.002627401 -0.006061572 1.341783166 -0.002549021 0.999913514 0.012902200 -2.004327297 0.006094945 -0.012886466 0.999898314 71.929161072
0.999978721 0.002955703 -0.005812370 1.346872926 -0.002880751 0.999913216 0.012861568 -2.014953852 0.005849879 -0.012844551 0.999900341 72.478355408
0.999980330 0.002580608 -0.005710580 1.366661906 -0.002504615 0.999908745 0.013274646 -2.036110163 0.005744315 -0.013260086 0.999895513 72.981872559
0.999980152 0.002419702 -0.005820495 1.385153770 -0.002341871 0.999908268 0.013341566 -2.052231312 0.005852243 -0.013327670 0.999894083 73.507499695
0.999979734 0.003327872 -0.005429073 1.396212459 -0.003253390 0.999901235 0.013670825 -2.063682079 0.005474031 -0.013652884 0.999891877 74.033241272
0.999980390 0.003078450 -0.005444707 1.385320425 -0.003005012 0.999905050 0.013444992 -2.081230879 0.005485580 -0.013428366 0.999894738 74.493858337
0.999980330 0.003877771 -0.004932287 1.394889951 -0.003812940 0.999907076 0.013086325 -2.088731289 0.004982573 -0.013067259 0.999902248 75.034400940
0.999978602 0.003482893 -0.005531666 1.406374574 -0.003407568 0.999902070 0.013568406 -2.093286514 0.005578383 -0.013549267 0.999892652 75.500534058
0.999979436 0.004120534 -0.004907176 1.412354469 -0.004055920 0.999905884 0.013105170 -2.101233006 0.004960715 -0.013084997 0.999902070 76.026672363
0.999980509 0.003603258 -0.005104131 1.429103851 -0.003535395 0.999906063 0.013243087 -2.107117653 0.005151369 -0.013224783 0.999899268 76.540275574
0.999978125 0.004226009 -0.005090078 1.434615016 -0.004158047 0.999903023 0.013289209 -2.116366386 0.005145747 -0.013267756 0.999898732 77.071395874
0.999979198 0.004354198 -0.004758026 1.446382284 -0.004291880 0.999905884 0.013030029 -2.125412464 0.004814314 -0.013009337 0.999903798 77.607460022
0.999985754 0.003887659 -0.003659286 1.475718856 -0.003839026 0.999905467 0.013204952 -2.145562887 0.003710275 -0.013190716 0.999906123 78.091781616
0.999986708 0.004719605 -0.002075742 1.491999865 -0.004692079 0.999903560 0.013071643 -2.157886982 0.002137234 -0.013061730 0.999912381 78.625175476
0.999984384 0.005585112 -0.000567041 1.508674264 -0.005577093 0.999896288 0.013274606 -2.176692486 0.000641122 -0.013271234 0.999911726 79.125778198
0.999987483 0.004973697 0.000505656 1.518114924 -0.004979996 0.999898672 0.013331947 -2.182302475 -0.000439296 -0.013334298 0.999911010 79.665397644
0.999978244 0.005337135 0.003868720 1.535237432 -0.005387953 0.999897718 0.013246220 -2.194926739 -0.003797628 -0.013266776 0.999904811 80.223480225
0.999952555 0.006177363 0.007521078 1.557533264 -0.006280172 0.999886096 0.013723364 -2.216623306 -0.007435447 -0.013769944 0.999877512 80.725448608
0.999942303 0.005166368 0.009406622 1.605739594 -0.005290768 0.999898255 0.013248304 -2.220349550 -0.009337219 -0.013297309 0.999867976 81.365394592
0.999880731 0.006150898 0.014165437 1.610518456 -0.006325475 0.999904156 0.012312425 -2.201721191 -0.014088348 -0.012400559 0.999823868 81.818687439
0.999784470 0.005641719 0.019977828 1.654539704 -0.005915962 0.999888718 0.013694922 -2.255137920 -0.019898344 -0.013810158 0.999706626 82.245719910
0.999634862 0.006044948 0.026333533 1.676361322 -0.006385690 0.999896705 0.012874636 -2.246566534 -0.026252989 -0.013038093 0.999570310 82.863731384
0.999484599 0.005244172 0.031671215 1.738102913 -0.005673308 0.999893069 0.013475076 -2.335825443 -0.031597164 -0.013647812 0.999407530 83.736083984
0.999195933 0.005789347 0.039673895 1.812082410 -0.006356600 0.999879181 0.014186689 -2.376235247 -0.039586976 -0.014427472 0.999112010 84.176269531
0.998867571 0.004743799 0.047342293 1.854360580 -0.005391910 0.999893367 0.013571586 -2.377112627 -0.047272872 -0.013811480 0.998786509 84.743736267
0.998491406 0.004574017 0.054717205 1.903582811 -0.005322099 0.999894261 0.013533888 -2.388633728 -0.054649517 -0.013804682 0.998410165 85.290763855
0.997961998 0.005129959 0.063604340 1.961974859 -0.005983040 0.999894559 0.013229083 -2.404173851 -0.063529775 -0.013582666 0.997887492 85.836784363
0.997244537 0.004920225 0.074021421 2.021564007 -0.005918386 0.999894440 0.013271458 -2.412274361 -0.073948309 -0.013672977 0.997168362 86.384529114
0.996507704 0.005191895 0.083339565 2.066563129 -0.006337869 0.999888897 0.013492010 -2.426918507 -0.083260246 -0.013973086 0.996429920 86.916015625
0.995876312 0.004796478 0.090594620 2.168503284 -0.006059764 0.999888062 0.013674474 -2.452569962 -0.090518892 -0.014167066 0.995793939 87.430107117
0.994818687 0.004630602 0.101558663 2.243147850 -0.006003275 0.999894619 0.013214604 -2.452692986 -0.101486765 -0.013755820 0.994741797 87.989204407
0.993700981 0.004560613 0.111971356 2.337269306 -0.006129632 0.999887705 0.013672429 -2.474483490 -0.111896448 -0.014272651 0.993617356 88.517868042
0.992631257 0.003754311 0.121116050 2.425860405 -0.005401789 0.999897242 0.013277005 -2.484274864 -0.121053770 -0.013833413 0.992549479 89.058319092
0.991226792 0.004590532 0.132091701 2.522894859 -0.006430518 0.999888122 0.013506411 -2.495452404 -0.132014900 -0.014237336 0.991145492 89.618606567
0.989513218 0.004481982 0.144373700 2.624902725 -0.006469761 0.999890625 0.013301735 -2.501491070 -0.144298315 -0.014096304 0.989433825 90.171806335
0.987864554 0.003984895 0.155266434 2.727712631 -0.006057087 0.999898791 0.012875227 -2.512611866 -0.155199394 -0.013659441 0.987788737 90.714607239
0.986238837 0.004382893 0.165268615 2.837110519 -0.006653273 0.999890924 0.013186422 -2.521895885 -0.165192783 -0.014104538 0.986160398 91.262901306
0.984151959 0.004013212 0.177281797 2.953516960 -0.006339983 0.999900997 0.012560181 -2.530979156 -0.177213848 -0.013485091 0.984079957 91.819091797
0.981759071 0.004373733 0.190078795 3.077620506 -0.006923342 0.999894738 0.012751453 -2.538917065 -0.190003008 -0.013834835 0.981686056 92.349601746
0.979754448 0.003412283 0.200173631 3.215450287 -0.005992780 0.999906540 0.012286779 -2.544359684 -0.200112984 -0.013237623 0.979683399 92.884346008
0.976984382 0.002925749 0.213291258 3.356302261 -0.005622016 0.999911726 0.012035795 -2.554340363 -0.213237211 -0.012957907 0.976914525 93.418350220
0.973935604 0.002817491 0.226807758 3.506631851 -0.005705848 0.999910712 0.012080223 -2.559393406 -0.226753503 -0.013059488 0.973864615 93.964157104
0.971102178 0.003159373 0.238643348 3.661176682 -0.006367067 0.999899387 0.012671707 -2.578841448 -0.238579288 -0.013824979 0.971024632 94.504531860
0.968042850 0.002320465 0.250774533 3.844585419 -0.005535550 0.999911249 0.012116017 -2.593024731 -0.250724196 -0.013117000 0.967969716 95.106567383
0.964433849 0.001805230 0.264318228 4.018840790 -0.005163753 0.999914467 0.012012123 -2.603713989 -0.264273971 -0.012949769 0.964360714 95.605422974
0.960976064 0.001697386 0.276626378 4.216577530 -0.005199763 0.999915302 0.011928026 -2.623056173 -0.276582628 -0.012900940 0.960903525 96.132789612
0.957701564 0.001072144 0.287761241 4.415102005 -0.004810224 0.999912977 0.012283477 -2.637193680 -0.287723094 -0.013148101 0.957623422 96.654182434
0.953421652 0.000965736 0.301639289 4.607360840 -0.004832605 0.999915421 0.012073551 -2.649780273 -0.301602125 -0.012968889 0.953345656 97.191932678
0.948850274 0.000746753 0.315725476 4.809946060 -0.004785003 0.999916375 0.012015380 -2.660440683 -0.315690041 -0.012911542 0.948774517 97.723419189
0.945042074 -0.000028195 0.326948613 5.028841019 -0.004115356 0.999919772 0.011981631 -2.668418884 -0.326922685 -0.012668656 0.944966137 98.261924744
0.940489531 0.000368821 0.339822263 5.246061325 -0.004752500 0.999915838 0.012067741 -2.685358524 -0.339789242 -0.012964592 0.940412164 98.782974243
0.935332119 0.000126621 0.353770763 5.464120865 -0.004780564 0.999913156 0.012281422 -2.694411039 -0.353738457 -0.013178432 0.935251534 99.298240662
0.930657029 -0.000104464 0.365892649 5.699684143 -0.004657577 0.999915481 0.012132142 -2.705060482 -0.365863055 -0.012995036 0.930577934 99.806182861
0.925858736 0.000093259 0.377869755 5.923763275 -0.004748808 0.999923885 0.011388770 -2.704335213 -0.377839983 -0.012338824 0.925788701 100.338172913
0.920048773 -0.000525590 0.391803741 6.173234940 -0.004421569 0.999921501 0.011724256 -2.720534801 -0.391779244 -0.012519272 0.919974029 100.844459534
0.914571762 -0.001235871 0.404421747 6.423381805 -0.003853495 0.999923289 0.011770078 -2.733114243 -0.404405266 -0.012323016 0.914496899 101.349151611
0.909758806 -0.002072444 0.415131986 6.668437958 -0.002989800 0.999928892 0.011544018 -2.742834568 -0.415126413 -0.011743437 0.909687877 101.838577271
0.904273748 -0.002614505 0.426945210 6.932266235 -0.002638283 0.999927878 0.011711214 -2.756414890 -0.426945120 -0.011716545 0.904201567 102.313735962
0.897844791 -0.003241804 0.440300167 7.203392029 -0.002051048 0.999931216 0.011544636 -2.776978016 -0.440307319 -0.011268368 0.897776425 102.801780701
0.891788423 -0.003617564 0.452438205 7.470832825 -0.001800330 0.999931693 0.011543739 -2.780252695 -0.452449113 -0.011109112 0.891720951 103.310440063
0.886092067 -0.004148530 0.463490665 7.745273590 -0.001271731 0.999934375 0.011381303 -2.790669680 -0.463507563 -0.010674316 0.886028707 103.784507751
0.878811955 -0.003975655 0.477151692 8.038539886 -0.001469483 0.999937952 0.011038015 -2.803817987 -0.477165997 -0.010401504 0.878751636 104.269256592
