1.000000000 0.000000000 0.000000000 0.000000000 0.000000000 1.000000000 0.000000000 0.000000000 0.000000000 0.000000000 1.000000000 0.000000000
1.000000000 -0.000093048 -0.000019390 0.000213914 0.000093048 1.000000000 -0.000019975 -0.000024597 0.000019391 0.000019974 1.000000000 -0.000087190
1.000000000 0.000000063 0.000024989 -0.000737701 -0.000000061 1.000000000 -0.000069314 0.000394534 -0.000024989 0.000069314 1.000000000 -0.000715701
1.000000000 -0.000076997 0.000116649 -0.000787432 0.000077004 1.000000000 -0.000053683 0.000642765 -0.000116645 0.000053692 1.000000000 0.000070610
1.000000000 -0.000137178 0.000008881 0.000177056 0.000137178 1.000000000 -0.000004592 0.000507158 -0.000008880 0.000004593 1.000000000 0.000512064
1.000000000 0.000017038 0.000040230 -0.000902010 -0.000017038 1.000000000 0.000007607 -0.000119563 -0.000040229 -0.000007608 1.000000000 -0.001082298
1.000000000 0.000029126 0.000026851 -0.000985855 -0.000029121 1.000000000 -0.000189848 0.001107935 -0.000026856 0.000189847 1.000000000 0.000175694
1.000000000 0.000016462 0.000078701 -0.000419119 -0.000016460 1.000000000 -0.000019954 -0.000192963 -0.000078701 0.000019953 1.000000000 -0.000060410
1.000000000 0.000209696 0.000091045 -0.001577795 -0.000209697 1.000000000 0.000013056 -0.000115371 -0.000091042 -0.000013075 1.000000000 -0.000287436
1.000000000 0.000113431 0.000106766 -0.001255888 -0.000113421 1.000000000 -0.000093288 0.000455726 -0.000106776 0.000093276 1.000000000 0.000443109
1.000000000 0.000140914 0.000053451 -0.000906337 -0.000140907 1.000000000 -0.000135991 0.000351777 -0.000053470 0.000135984 1.000000000 -0.000662413
1.000000000 -0.000038893 0.000045486 -0.000710259 0.000038898 1.000000000 -0.000103031 0.001326192 -0.000045482 0.000103033 1.000000000 0.000649571
1.000000000 0.000126325 0.000089312 -0.001081102 -0.000126312 1.000000000 -0.000135575 0.001917543 -0.000089329 0.000135564 1.000000000 0.001812581
1.000000000 0.000075421 0.000068853 -0.000779846 -0.000075417 1.000000000 -0.000051102 0.000624353 -0.000068857 0.000051097 1.000000000 0.000527172
1.000000000 0.000123575 0.000177643 -0.001862425 -0.000123556 1.000000000 -0.000104709 0.001002012 -0.000177656 0.000104687 1.000000000 0.002023493
0.999999940 0.000287348 0.000163347 -0.002269840 -0.000287326 0.999999940 -0.000132568 0.001795367 -0.000163385 0.000132521 1.000000000 0.002364015
0.999999940 0.000233385 0.000140475 -0.001257447 -0.000233366 0.999999940 -0.000139451 0.002061287 -0.000140508 0.000139419 1.000000000 0.002643400
1.000000000 0.000123979 0.000163958 -0.001723913 -0.000123958 1.000000000 -0.000127553 0.001330286 -0.000163973 0.000127532 1.000000000 0.001920370
1.000000000 0.000104368 0.000200173 -0.002473378 -0.000104362 1.000000000 -0.000031386 0.000722250 -0.000200176 0.000031365 1.000000000 0.001993349
1.000000000 0.000112131 0.000099077 -0.001162131 -0.000112128 1.000000000 -0.000027216 0.001412722 -0.000099080 0.000027205 1.000000000 0.001605383
1.000000000 0.000132075 0.000147048 -0.001572166 -0.000132064 1.000000000 -0.000073217 0.001048733 -0.000147058 0.000073197 1.000000000 0.002251920
1.000000000 0.000181491 0.000087688 -0.001587783 -0.000181484 1.000000000 -0.000080930 0.000933342 -0.000087703 0.000080914 1.000000000 0.001745871
0.999999940 0.000327954 0.000153067 -0.002021265 -0.000327933 0.999999940 -0.000139985 0.001982593 -0.000153113 0.000139935 1.000000000 0.002670423
0.999999940 0.000280733 0.000189734 -0.001768383 -0.000280706 0.999999940 -0.000140797 0.001872282 -0.000189773 0.000140744 1.000000000 0.002120153
1.000000000 0.000106266 0.000131122 -0.000831165 -0.000106249 1.000000000 -0.000131808 0.002912874 -0.000131136 0.000131794 1.000000000 0.003607729
0.999999940 0.000215954 0.000184713 -0.002097073 -0.000215944 1.000000000 -0.000054664 0.001030127 -0.000184724 0.000054624 1.000000000 0.002418902
1.000000000 0.000063281 0.000057465 -0.000609821 -0.000063274 1.000000000 -0.000113784 0.001657759 -0.000057472 0.000113780 1.000000000 0.001729216
1.000000000 0.000014528 0.000116886 -0.001137527 -0.000014512 1.000000000 -0.000129858 0.001442608 -0.000116888 0.000129857 1.000000000 0.001879548
1.000000000 0.000091296 0.000176180 -0.001560523 -0.000091277 1.000000000 -0.000111601 0.001249758 -0.000176191 0.000111585 1.000000000 0.002374513
1.000000000 0.000087839 0.000196086 -0.002146119 -0.000087803 1.000000000 -0.000180066 0.001581324 -0.000196102 0.000180049 0.999999940 0.001791387
1.000000000 0.000183608 0.000159881 -0.001710703 -0.000183579 0.999999940 -0.000180275 0.002015007 -0.000159914 0.000180246 1.000000000 0.002709018
0.999999940 0.000235475 0.000157757 -0.001362979 -0.000235462 0.999999940 -0.000083957 0.001433318 -0.000157777 0.000083920 1.000000000 0.001284641
0.999999940 0.000213243 0.000161510 -0.002101531 -0.000213207 0.999999940 -0.000221469 0.002052254 -0.000161557 0.000221434 0.999999940 0.001966020
0.999999940 0.000221318 0.000225298 -0.001874127 -0.000221280 0.999999940 -0.000167798 0.001562744 -0.000225335 0.000167748 0.999999940 0.001483511
1.000000000 0.000087460 0.000116458 -0.001640735 -0.000087457 1.000000000 -0.000026892 0.000678885 -0.000116461 0.000026882 1.000000000 0.001891995
1.000000000 0.000027104 0.000109876 -0.001080155 -0.000027092 1.000000000 -0.000107287 0.001613733 -0.000109879 0.000107284 1.000000000 0.002976016
0.999999940 0.000197604 0.000184938 -0.001870614 -0.000197594 1.000000000 -0.000054549 0.000970562 -0.000184949 0.000054513 1.000000000 0.002319561
1.000000000 0.000186255 0.000105429 -0.000844566 -0.000186247 1.000000000 -0.000080798 0.001249239 -0.000105444 0.000080779 1.000000000 0.001360831
1.000000000 0.000080653 0.000110451 -0.000870658 -0.000080636 1.000000000 -0.000161590 0.001054755 -0.000110464 0.000161581 1.000000000 0.001837398
0.999999821 0.000354654 0.000305938 -0.001998519 -0.000354420 0.999999642 -0.000763349 -0.000158900 -0.000306208 0.000763240 0.999999583 0.051088579
0.999999881 0.000353159 0.000211885 0.000171084 -0.000352881 0.999999046 -0.001310268 -0.002132701 -0.000212348 0.001310193 0.999999046 0.141346186
0.999999583 0.000816392 0.000144342 0.000378458 -0.000816196 0.999998748 -0.001354644 -0.006764782 -0.000145448 0.001354526 0.999999046 0.253928661
0.999999702 0.000776748 0.000138636 0.003463412 -0.000776563 0.999998868 -0.001330802 -0.009598280 -0.000139669 0.001330693 0.999999106 0.385485291
0.999999702 0.000747997 0.000127810 0.005699415 -0.000747872 0.999999225 -0.000974961 -0.015252533 -0.000128539 0.000974865 0.999999523 0.527713060
0.999999523 0.000935123 0.000309779 0.007122258 -0.000934822 0.999999046 -0.000968196 -0.020100472 -0.000310685 0.000967906 0.999999523 0.678481758
0.999999821 0.000611038 0.000161610 0.013361429 -0.000610895 0.999999404 -0.000882738 -0.022670904 -0.000162149 0.000882639 0.999999583 0.842841208
0.999999702 0.000654433 0.000349450 0.013232145 -0.000654172 0.999999464 -0.000746571 -0.028780507 -0.000349938 0.000746342 0.999999642 1.010992169
0.999999940 0.000354632 0.000121665 0.021788785 -0.000354563 0.999999762 -0.000561558 -0.033131603 -0.000121865 0.000561515 0.999999821 1.184010625
0.999999881 0.000366986 0.000103904 0.025466649 -0.000366963 0.999999821 -0.000218564 -0.038415167 -0.000103984 0.000218526 0.999999940 1.368050694
0.999999940 0.000294154 0.000061158 0.029629746 -0.000294121 0.999999762 -0.000536010 -0.039771024 -0.000061316 0.000535992 0.999999940 1.561254263
0.999999940 0.000239931 0.000114962 0.033117838 -0.000239906 0.999999940 -0.000214329 -0.047957052 -0.000115013 0.000214302 1.000000000 1.749238133
0.999999821 0.000565876 0.000199272 0.034666084 -0.000565864 0.999999821 -0.000059636 -0.053366769 -0.000199306 0.000059523 1.000000000 1.948783159
1.000000000 0.000063046 0.000182958 0.039356414 -0.000063048 1.000000119 0.000009186 -0.061922293 -0.000182958 -0.000009197 0.999999940 2.154677629
0.999999762 0.000488172 0.000338636 0.042669591 -0.000488150 0.999999821 -0.000063796 -0.064673506 -0.000338667 0.000063631 0.999999940 2.371840239
0.999999821 0.000512880 0.000306618 0.048035543 -0.000512837 0.999999881 -0.000139622 -0.070526727 -0.000306689 0.000139465 0.999999940 2.593362808
0.999999881 0.000276703 0.000382018 0.052238375 -0.000276774 1.000000000 0.000184795 -0.081557840 -0.000381967 -0.000184901 0.999999821 2.816362619
0.999999940 0.000040361 0.000371610 0.059025530 -0.000040381 1.000000000 0.000054351 -0.083204702 -0.000371608 -0.000054366 0.999999881 3.054392099
0.999999940 0.000394701 0.000149588 0.065980747 -0.000394737 0.999999881 0.000244537 -0.093608461 -0.000149492 -0.000244596 0.999999940 3.287596226
0.999999940 0.000307665 0.000205311 0.070103846 -0.000307698 0.999999940 0.000160711 -0.100192308 -0.000205261 -0.000160774 0.999999940 3.536125422
0.999999881 0.000518470 0.000337555 0.074545071 -0.000518483 0.999999881 0.000039635 -0.104021244 -0.000337534 -0.000039810 0.999999940 3.790408373
0.999999881 0.000482568 0.000176221 0.076864406 -0.000482620 0.999999821 0.000297820 -0.114758693 -0.000176077 -0.000297905 0.999999881 4.039154053
0.999999881 0.000305227 0.000322315 0.083226293 -0.000305393 0.999999821 0.000514887 -0.121804222 -0.000322158 -0.000514985 0.999999821 4.293918133
0.999999762 0.000249584 0.000515074 0.086712278 -0.000249981 0.999999702 0.000770162 -0.130764112 -0.000514881 -0.000770291 0.999999583 4.550659180
0.999999642 0.000485271 0.000658116 0.093759499 -0.000485642 0.999999702 0.000563993 -0.137030706 -0.000657842 -0.000564312 0.999999583 4.796984196
0.999999285 0.001043011 0.000435034 0.100632809 -0.001043182 0.999999344 0.000393725 -0.142432913 -0.000434623 -0.000394178 0.999999821 5.054520130
0.999999166 0.001001943 0.000850389 0.103856049 -0.001002333 0.999999404 0.000458360 -0.150236651 -0.000849929 -0.000459212 0.999999523 5.313967228
0.999999404 0.000862315 0.000669381 0.108628184 -0.000862760 0.999999404 0.000664910 -0.159734249 -0.000668807 -0.000665487 0.999999583 5.577489376
0.999999344 0.000988240 0.000603403 0.111507498 -0.000988563 0.999999344 0.000535602 -0.165995002 -0.000602873 -0.000536198 0.999999642 5.842339039
0.999998808 0.001244731 0.000923661 0.114423096 -0.001245189 0.999999106 0.000495126 -0.175135702 -0.000923044 -0.000496275 0.999999464 6.120431423
0.999998450 0.001373158 0.001149523 0.119925410 -0.001373798 0.999998868 0.000556362 -0.182221025 -0.001148758 -0.000557941 0.999999166 6.409716606
0.999999106 0.001004738 0.000814589 0.127638757 -0.001005283 0.999999285 0.000668088 -0.189711586 -0.000813918 -0.000668907 0.999999404 6.689769745
0.999999464 0.000733536 0.000739983 0.136877418 -0.000733946 0.999999523 0.000554440 -0.198970318 -0.000739576 -0.000554983 0.999999523 6.988080025
0.999999166 0.001078489 0.000748597 0.143220678 -0.001078860 0.999999285 0.000494564 -0.206438020 -0.000748063 -0.000495371 0.999999583 7.294588089
0.999999106 0.001077796 0.000790619 0.148228034 -0.001078222 0.999999225 0.000538427 -0.218668848 -0.000790038 -0.000539279 0.999999523 7.595073700
0.999999106 0.001217774 0.000451853 0.158922791 -0.001217953 0.999999106 0.000396468 -0.222825646 -0.000451370 -0.000397018 0.999999821 7.916839600
0.999998808 0.001159898 0.001144600 0.156858623 -0.001161248 0.999998629 0.001179405 -0.242729515 -0.001143230 -0.001180733 0.999998629 8.225056648
0.999999225 0.000883324 0.000891459 0.166787416 -0.000884479 0.999998808 0.001296657 -0.252607882 -0.000890313 -0.001297445 0.999998748 8.538184166
0.999998212 0.001526758 0.001075735 0.172450498 -0.001527680 0.999998450 0.000856830 -0.255896658 -0.001074425 -0.000858472 0.999998987 8.891340256
0.999998689 0.001332595 0.000834825 0.179827541 -0.001333417 0.999998629 0.000984461 -0.267798722 -0.000833512 -0.000985573 0.999999166 9.233459473
0.999997616 0.001847734 0.001124390 0.186743528 -0.001848945 0.999997675 0.001076201 -0.280388653 -0.001122399 -0.001078277 0.999998748 9.572196960
0.999997199 0.001924133 0.001321627 0.193535075 -0.001925654 0.999997437 0.001150810 -0.290605962 -0.001319409 -0.001153352 0.999998450 9.926724434
0.999997795 0.001712265 0.001174726 0.204008177 -0.001713698 0.999997795 0.001220053 -0.301236749 -0.001172634 -0.001222063 0.999998569 10.280315399
0.999998093 0.001496972 0.001221185 0.214915961 -0.001498380 0.999998212 0.001152772 -0.313738763 -0.001219457 -0.001154600 0.999998569 10.640133858
0.999997735 0.001784857 0.001174437 0.222735092 -0.001786213 0.999997735 0.001155712 -0.322207510 -0.001172372 -0.001157807 0.999998629 11.003273964
0.999997199 0.002086721 0.001108360 0.229419515 -0.002087898 0.999997258 0.001061216 -0.333318830 -0.001106142 -0.001063528 0.999998748 11.380574226
0.999997973 0.001569518 0.001271360 0.235443458 -0.001571111 0.999997914 0.001253028 -0.342353255 -0.001269390 -0.001255023 0.999998331 11.758062363
0.999995649 0.002447176 0.001660369 0.239723444 -0.002449875 0.999995649 0.001625639 -0.357511789 -0.001656383 -0.001629700 0.999997318 12.144793510
0.999996662 0.002080475 0.001555664 0.254054278 -0.002083432 0.999996006 0.001901782 -0.372291833 -0.001551701 -0.001905017 0.999996960 12.530928612
0.999994397 0.002517299 0.002205598 0.249374837 -0.002521096 0.999995470 0.001720362 -0.378745764 -0.002201257 -0.001725913 0.999996006 12.927772522
0.999995589 0.002235921 0.001962034 0.266587555 -0.002239291 0.999996126 0.001716527 -0.395350367 -0.001958189 -0.001720913 0.999996603 13.323163033
0.999995053 0.002276114 0.002179102 0.275208294 -0.002279937 0.999995887 0.001753058 -0.406356931 -0.002175103 -0.001758017 0.999996006 13.736605644
0.999993682 0.002551266 0.002515048 0.287275046 -0.002556045 0.999994934 0.001898895 -0.416297764 -0.002510191 -0.001905311 0.999994993 14.150840759
0.999991298 0.003121812 0.002785065 0.294652402 -0.003127662 0.999993026 0.002098818 -0.431554049 -0.002778492 -0.002107511 0.999993920 14.567716599
0.999991894 0.002577082 0.003065503 0.309382498 -0.002583904 0.999994159 0.002223352 -0.449403048 -0.003059754 -0.002231255 0.999992847 15.009412766
0.999989271 0.002999429 0.003526682 0.319081008 -0.003007243 0.999993026 0.002212563 -0.462183833 -0.003520021 -0.002223145 0.999991357 15.445574760
0.999985516 0.002884404 0.004540415 0.323522329 -0.002892912 0.999994099 0.001868521 -0.468275040 -0.004534999 -0.001881629 0.999987960 15.887556076
0.999983370 0.003329753 0.004693029 0.336696804 -0.003340090 0.999991953 0.002196581 -0.485218823 -0.004685677 -0.002212220 0.999986589 16.330339432
0.999981403 0.003472139 0.005016290 0.346582174 -0.003481623 0.999992192 0.001883297 -0.496160239 -0.005009712 -0.001900727 0.999985576 16.779422760
0.999982059 0.003108123 0.005122380 0.362782061 -0.003119966 0.999992430 0.002305521 -0.508966982 -0.005115175 -0.002321462 0.999984205 17.240482330
0.999984622 0.002887759 0.004730815 0.377116114 -0.002899632 0.999992669 0.002504905 -0.523822069 -0.004723547 -0.002518584 0.999985695 17.694837570
0.999982953 0.002855855 0.005095740 0.391969562 -0.002868163 0.999992967 0.002409795 -0.539321244 -0.005088822 -0.002424370 0.999984026 18.150365829
0.999980509 0.003073227 0.005433507 0.401112616 -0.003085153 0.999992847 0.002187834 -0.549519181 -0.005426744 -0.002204555 0.999982834 18.623292923
0.999982774 0.003146949 0.004955560 0.419593066 -0.003156124 0.999993324 0.001844720 -0.557774544 -0.004949722 -0.001860329 0.999985993 19.111146927
0.999978423 0.003375387 0.005631058 0.427947164 -0.003389946 0.999990940 0.002578124 -0.576870501 -0.005622304 -0.002597158 0.999980807 19.599357605
0.999975741 0.003909061 0.005755623 0.432157040 -0.003921681 0.999989986 0.002182771 -0.571223021 -0.005747032 -0.002205290 0.999981046 20.122871399
0.999978125 0.002841827 0.005976905 0.444331020 -0.002859945 0.999991357 0.003024869 -0.609853745 -0.005968256 -0.003041896 0.999977589 20.564445496
0.999985397 0.002092797 0.004976670 0.461196393 -0.002107454 0.999993443 0.002941559 -0.618664920 -0.004970480 -0.002952004 0.999983311 21.052433014
0.999982536 0.002748004 0.005229037 0.462071657 -0.002762949 0.999992073 0.002852990 -0.629260659 -0.005221156 -0.002867388 0.999982238 21.558416367
0.999984205 0.002815155 0.004860579 0.467803001 -0.002828082 0.999992490 0.002654586 -0.643490553 -0.004853070 -0.002668290 0.999984622 22.055906296
0.999988973 0.002368660 0.004062261 0.484772205 -0.002378562 0.999994159 0.002434285 -0.651848257 -0.004056472 -0.002443920 0.999988735 22.552074432
0.999990880 0.002681694 0.003303893 0.494795203 -0.002689671 0.999993443 0.002412361 -0.666294217 -0.003297403 -0.002421226 0.999991596 23.065183640
0.999994099 0.002052577 0.002752838 0.498488069 -0.002060461 0.999993801 0.002864275 -0.687885165 -0.002746942 -0.002869930 0.999992132 23.571687698
0.999998450 0.000532064 0.001672192 0.512210011 -0.000536605 0.999996245 0.002716345 -0.702882886 -0.001670740 -0.002717238 0.999994934 24.099576950
0.999997973 0.001047122 0.001732972 0.517281890 -0.001051237 0.999996543 0.002375471 -0.714609265 -0.001730479 -0.002377288 0.999995589 24.631046295
0.999997020 0.001962834 0.001397717 0.522025824 -0.001966804 0.999993980 0.002843902 -0.733044267 -0.001392126 -0.002846642 0.999994993 25.165664673
0.999997020 0.002257038 0.000948988 0.530505359 -0.002259644 0.999993682 0.002753785 -0.747771561 -0.000942767 -0.002755922 0.999995708 25.703580856
0.999996483 0.002564212 0.000630098 0.540572464 -0.002565942 0.999992907 0.002761053 -0.761998892 -0.000623014 -0.002762660 0.999996006 26.258132935
0.999997735 0.002057448 0.000487266 0.552464008 -0.002058845 0.999993682 0.002884374 -0.771836162 -0.000481329 -0.002885371 0.999995708 26.814569473
0.999996483 0.002629305 -0.000081229 0.565448761 -0.002629042 0.999991894 0.003091292 -0.791572988 0.000089356 -0.003091068 0.999995232 27.353343964
0.999995708 0.002868540 -0.000439371 0.573326051 -0.002867428 0.999992728 0.002509359 -0.802186370 0.000446566 -0.002508088 0.999996781 27.912658691
0.999994695 0.003188181 -0.000623489 0.584002495 -0.003186526 0.999991417 0.002637928 -0.817089558 0.000631894 -0.002635927 0.999996305 28.453617096
0.999994814 0.003176117 -0.000482224 0.596825600 -0.003174943 0.999992013 0.002418711 -0.829780042 0.000489903 -0.002417167 0.999996901 29.004508972
0.999994457 0.003200485 -0.000887412 0.604456544 -0.003198359 0.999991953 0.002386741 -0.843193293 0.000895043 -0.002383890 0.999996722 29.551345825
0.999994159 0.003191930 -0.001200103 0.613378763 -0.003189205 0.999992371 0.002265795 -0.854207337 0.001207326 -0.002261954 0.999996722 30.095296860
0.999992490 0.003652422 -0.001248110 0.624496698 -0.003649229 0.999990106 0.002551352 -0.874048769 0.001257416 -0.002546778 0.999995887 30.636369705
0.999992728 0.003392129 -0.001736994 0.639754653 -0.003388008 0.999991477 0.002370295 -0.888359427 0.001745020 -0.002364393 0.999995708 31.181375504
0.999987125 0.004642201 -0.002046521 0.644635141 -0.004637932 0.999987125 0.002085595 -0.895810246 0.002056176 -0.002076077 0.999995768 31.737163544
0.999991119 0.003405137 -0.002484916 0.665912747 -0.003399738 0.999991775 0.002173760 -0.914763749 0.002492297 -0.002165292 0.999994576 32.269351959
0.999985158 0.004402101 -0.003196629 0.666490495 -0.004392945 0.999986351 0.002865387 -0.930902481 0.003209198 -0.002851301 0.999990821 32.837646484
0.999991179 0.003202500 -0.002769188 0.678485394 -0.003195554 0.999991775 0.002509001 -0.951124668 0.002777200 -0.002500130 0.999993026 33.356853485
0.999989629 0.003533690 -0.002865834 0.688867569 -0.003526690 0.999990821 0.002443645 -0.965012312 0.002874444 -0.002433513 0.999992907 33.903999329
0.999988139 0.003540535 -0.003376490 0.698173523 -0.003532844 0.999991119 0.002281302 -0.975589156 0.003384537 -0.002269346 0.999991655 34.447521210
0.999987483 0.003410341 -0.003668476 0.709761083 -0.003401624 0.999991357 0.002379938 -0.996634841 0.003676561 -0.002367430 0.999990463 34.974048615
0.999987066 0.003194137 -0.003960473 0.722965121 -0.003185637 0.999992609 0.002150484 -1.005897045 0.003967313 -0.002137840 0.999989808 35.510307312
0.999985218 0.002948042 -0.004557235 0.737171650 -0.002937816 0.999993145 0.002248733 -1.016803145 0.004563834 -0.002235311 0.999987066 36.094165802
0.999985158 0.002612791 -0.004775204 0.747778296 -0.002604159 0.999994993 0.001812918 -1.034387708 0.004779918 -0.001800456 0.999986887 36.632179260
0.999984324 0.002725992 -0.004879275 0.754113436 -0.002717901 0.999994934 0.001664063 -1.047957182 0.004883787 -0.001650776 0.999986708 37.186851501
0.999983251 0.002810232 -0.005054864 0.766110837 -0.002803171 0.999995112 0.001403499 -1.062464714 0.005058783 -0.001389306 0.999986231 37.750102997
0.999980092 0.002809762 -0.005656778 0.776581109 -0.002801540 0.999995053 0.001460769 -1.075547457 0.005660854 -0.001444893 0.999982953 38.301280975
0.999979258 0.002590998 -0.005887877 0.783305526 -0.002579784 0.999994874 0.001911429 -1.092666626 0.005892798 -0.001896199 0.999980867 38.847686768
0.999975622 0.002469282 -0.006532176 0.807021499 -0.002464452 0.999996662 0.000747500 -1.081482887 0.006534000 -0.000731383 0.999978364 39.537235260
0.999976873 0.002986041 -0.006109102 0.812895954 -0.002982987 0.999995410 0.000508873 -1.094130039 0.006110594 -0.000490638 0.999981165 40.101074219
0.999977410 0.002945275 -0.006037935 0.822247982 -0.002939946 0.999995291 0.000891397 -1.113843799 0.006040532 -0.000873626 0.999981403 40.650886536
0.999978602 0.002870469 -0.005868825 0.833086669 -0.002868619 0.999995828 0.000323586 -1.123519659 0.005869730 -0.000306744 0.999982715 41.214393616
0.999979496 0.002897489 -0.005709856 0.836559653 -0.002894512 0.999995649 0.000529559 -1.136285305 0.005711365 -0.000513021 0.999983549 41.767509460
0.999978185 0.003409487 -0.005642542 0.847730756 -0.003410274 0.999994159 -0.000129830 -1.145250559 0.005642067 0.000149069 0.999984086 42.331638336
0.999979794 0.003347863 -0.005402281 0.859056771 -0.003348466 0.999994397 -0.000102547 -1.160863042 0.005401908 0.000120634 0.999985397 42.872940063
0.999979973 0.003537019 -0.005231725 0.869832695 -0.003535635 0.999993861 0.000273847 -1.183704853 0.005232660 -0.000255344 0.999986291 43.373786926
0.999980748 0.004066809 -0.004688983 0.877092004 -0.004065187 0.999991655 0.000355409 -1.200454712 0.004690391 -0.000336341 0.999988973 43.928779602
0.999982715 0.004003086 -0.004305879 0.887078285 -0.004002079 0.999991894 0.000242461 -1.214588523 0.004306814 -0.000225225 0.999990702 44.474617004
0.999984741 0.003436326 -0.004308171 0.899710119 -0.003435245 0.999993980 0.000257969 -1.232654333 0.004309033 -0.000243166 0.999990702 45.016105652
0.999983251 0.004511623 -0.003609800 0.904940665 -0.004510416 0.999989748 0.000342588 -1.248156309 0.003611308 -0.000326301 0.999993384 45.565021515
0.999983132 0.004278377 -0.003930556 0.915490866 -0.004277110 0.999990821 0.000330601 -1.261204004 0.003931934 -0.000313784 0.999992192 46.122467041
0.999982357 0.004488016 -0.003888765 0.923073590 -0.004486633 0.999989867 0.000364644 -1.275885224 0.003890362 -0.000347190 0.999992371 46.669612885
0.999982715 0.004598633 -0.003662926 0.936040521 -0.004597578 0.999989331 0.000296587 -1.286831021 0.003664252 -0.000279741 0.999993265 47.222942352
0.999982715 0.004630061 -0.003616371 0.945081115 -0.004628909 0.999989152 0.000326979 -1.300364494 0.003617846 -0.000310233 0.999993384 47.790908813
0.999980032 0.004959290 -0.003918596 0.954676330 -0.004959209 0.999987721 0.000030299 -1.313759804 0.003918698 -0.000010865 0.999992251 48.339496613
0.999981523 0.004913200 -0.003584654 0.963193595 -0.004911850 0.999987841 0.000385373 -1.332765579 0.003586503 -0.000367759 0.999993443 48.877437592
0.999977887 0.005606262 -0.003576241 0.967516005 -0.005605800 0.999984264 0.000139167 -1.349061847 0.003576965 -0.000119116 0.999993622 49.417995453
0.999978244 0.005696760 -0.003312680 0.981858909 -0.005694178 0.999983490 0.000787974 -1.369235396 0.003317114 -0.000769094 0.999994218 49.954483032
0.999975801 0.006008773 -0.003545110 0.987499714 -0.006006748 0.999981701 0.000581533 -1.382748246 0.003548540 -0.000560224 0.999993563 50.496482849
0.999973416 0.006736837 -0.002771083 0.986478686 -0.006735730 0.999977231 0.000409403 -1.399862170 0.002773778 -0.000390727 0.999996066 51.021236420
0.999975145 0.006485576 -0.002801110 1.002965093 -0.006485044 0.999978900 0.000198928 -1.411179423 0.002802341 -0.000180757 0.999996066 51.576210022
0.999973655 0.006544151 -0.003134712 1.007731557 -0.006542398 0.999978364 0.000569204 -1.427303791 0.003138368 -0.000548680 0.999994934 52.120094299
0.999971569 0.007155490 -0.002388849 1.011374950 -0.007155344 0.999974370 0.000069749 -1.438015938 0.002389287 -0.000052654 0.999997139 52.671161652
0.999975324 0.006490808 -0.002697555 1.021219373 -0.006490962 0.999978960 -0.000048238 -1.448268056 0.002697186 0.000065746 0.999996305 53.214740753
0.999975204 0.006437953 -0.002863850 1.032546401 -0.006437641 0.999979258 0.000118184 -1.468768477 0.002864551 -0.000099744 0.999995887 53.749866486
0.999976277 0.006430317 -0.002445468 1.044550061 -0.006431360 0.999979258 -0.000419191 -1.482127309 0.002442720 0.000434909 0.999996901 54.308300018
0.999969780 0.007382891 -0.002407740 1.046701908 -0.007385229 0.999972284 -0.000963844 -1.491610885 0.002400557 0.000981597 0.999996662 54.857322693
0.999971151 0.007144441 -0.002570312 1.056885004 -0.007146385 0.999974132 -0.000748489 -1.509576082 0.002564898 0.000766836 0.999996364 55.405937195
0.999972522 0.006996430 -0.002461977 1.066374063 -0.006998404 0.999975204 -0.000794391 -1.524206638 0.002456359 0.000811599 0.999996662 55.955760956
0.999972939 0.006907318 -0.002537030 1.075744152 -0.006908449 0.999976039 -0.000436875 -1.544077754 0.002533952 0.000454391 0.999996662 56.493244171
0.999969065 0.007584400 -0.002074239 1.083559513 -0.007585584 0.999971211 -0.000562834 -1.561034441 0.002069910 0.000578551 0.999997675 57.047344208
0.999967635 0.007837125 -0.001827348 1.091099620 -0.007838378 0.999969006 -0.000679753 -1.574997663 0.001821965 0.000694054 0.999998033 57.600086212
0.999969840 0.007486901 -0.002108767 1.108187795 -0.007488066 0.999971807 -0.000544450 -1.591484666 0.002104632 0.000560225 0.999997616 58.144790649
0.999969006 0.007706727 -0.001585128 1.115676165 -0.007707830 0.999970078 -0.000691284 -1.605678082 0.001579753 0.000703480 0.999998510 58.689079285
0.999970317 0.007421647 -0.002060092 1.129854918 -0.007423114 0.999972165 -0.000705407 -1.615008831 0.002054799 0.000720678 0.999997616 59.231925964
0.999970555 0.007439799 -0.001893664 1.150784969 -0.007441001 0.999972045 -0.000628261 -1.646441698 0.001888937 0.000642333 0.999998033 59.736255646
0.999967158 0.007933632 -0.001653717 1.161329269 -0.007934550 0.999968350 -0.000550427 -1.663522959 0.001649298 0.000563531 0.999998450 60.281925201
0.999963939 0.008299855 -0.001790095 1.176098704 -0.008300737 0.999965370 -0.000486056 -1.678681254 0.001785999 0.000500898 0.999998271 60.830806732
0.999963224 0.008480839 -0.001283838 1.184973121 -0.008481564 0.999963880 -0.000561824 -1.696385145 0.001279027 0.000572692 0.999999046 61.363773346
0.999963462 0.008494965 -0.000912382 1.197448015 -0.008495376 0.999963820 -0.000448628 -1.710830331 0.000908538 0.000456363 0.999999464 61.902660370
0.999962211 0.008659080 -0.000804505 1.208442926 -0.008659486 0.999962389 -0.000505799 -1.731584430 0.000800095 0.000512747 0.999999464 62.435169220
0.999960423 0.008886039 -0.000283946 1.221015096 -0.008886247 0.999960244 -0.000734576 -1.750724077 0.000277406 0.000737070 0.999999702 62.969490051
0.999957263 0.009246900 -0.000154996 1.230860591 -0.009247021 0.999956906 -0.000800144 -1.763277769 0.000147590 0.000801543 0.999999642 63.510177612
0.999953985 0.009585226 -0.000339616 1.242549539 -0.009585584 0.999953508 -0.001072171 -1.780054331 0.000329323 0.001075376 0.999999344 64.052848816
0.999953330 0.009657004 -0.000212721 1.256194592 -0.009657218 0.999952793 -0.001025186 -1.797127962 0.000202811 0.001027193 0.999999464 64.574645996
0.999949336 0.010064663 -0.000058270 1.262467146 -0.010064715 0.999948859 -0.000999269 -1.813284636 0.000048209 0.000999805 0.999999523 65.110229492
0.999951303 0.009862840 -0.000033431 1.278141260 -0.009862864 0.999950945 -0.000815925 -1.832799077 0.000025382 0.000816215 0.999999642 65.631416321
0.999951899 0.009792031 0.000621156 1.286105275 -0.009791265 0.999951363 -0.001224286 -1.842666626 -0.000633115 0.001218145 0.999999106 66.197761536
0.999946475 0.010332851 0.000398224 1.298697233 -0.010332385 0.999945879 -0.001153350 -1.864401817 -0.000410120 0.001149174 0.999999225 66.688545227
0.999945819 0.010402331 0.000301454 1.311035395 -0.010401993 0.999945283 -0.001102903 -1.884856582 -0.000312910 0.001099707 0.999999344 67.202232361
0.999946117 0.010368778 0.000377546 1.322435021 -0.010368359 0.999945581 -0.001101187 -1.901378155 -0.000388944 0.001097213 0.999999344 67.731903076
0.999944448 0.010513639 0.000637903 1.332491398 -0.010512874 0.999943972 -0.001192921 -1.920158982 -0.000650409 0.001186148 0.999999106 68.254547119
0.999939144 0.010975722 0.001066426 1.339176178 -0.010974411 0.999939024 -0.001226789 -1.937460542 -0.001079826 0.001215012 0.999998689 68.779144287
0.999932706 0.011535409 0.001211834 1.343425512 -0.011534159 0.999932945 -0.001031176 -1.954129219 -0.001223647 0.001017129 0.999998748 69.295921326
0.999931157 0.011649186 0.001426866 1.359445810 -0.011647637 0.999931574 -0.001087686 -1.975231886 -0.001439439 0.001070991 0.999998331 69.830047607
0.999933720 0.011408168 0.001525072 1.370995760 -0.011406335 0.999934196 -0.001205610 -1.992799401 -0.001538726 0.001188134 0.999998093 70.365402222
0.999936819 0.011052191 0.002090975 1.378868937 -0.011050472 0.999938607 -0.000831807 -2.009781122 -0.002100040 0.000808648 0.999997437 70.937660217
0.999936283 0.011174333 0.001593093 1.391994715 -0.011172253 0.999936700 -0.001307189 -2.032296181 -0.001607600 0.001289307 0.999997854 71.427291870
0.999931931 0.011469857 0.002142756 1.398103476 -0.011467671 0.999933720 -0.001028839 -2.051295280 -0.002154415 0.001004197 0.999997199 71.942962646
0.999927819 0.011758901 0.002455481 1.403899193 -0.011755044 0.999929667 -0.001579287 -2.065799713 -0.002473879 0.001550309 0.999995708 72.469459534
0.999928355 0.011722724 0.002417932 1.417997360 -0.011720398 0.999930799 -0.000973494 -2.088255882 -0.002429177 0.000945085 0.999996603 72.992691040
0.999923706 0.012017075 0.002827652 1.420941710 -0.012014229 0.999927282 -0.001021658 -2.102477312 -0.002839724 0.000987608 0.999995470 73.525398254
0.999921620 0.012174765 0.002909397 1.434040666 -0.012172555 0.999925613 -0.000776593 -2.124204397 -0.002918635 0.000741117 0.999995470 74.051788330
0.999919355 0.012345621 0.002977459 1.444573164 -0.012343364 0.999923468 -0.000774217 -2.136292696 -0.002986790 0.000737403 0.999995291 74.580062866
0.999908388 0.013127430 0.003276825 1.452930927 -0.013124038 0.999913335 -0.001054270 -2.153279781 -0.003290381 0.001011168 0.999994040 75.125648499
0.999912024 0.012803813 0.003471166 1.463768601 -0.012799639 0.999917269 -0.001221837 -2.181507587 -0.003486523 0.001177300 0.999993205 75.629562378
0.999897122 0.013810501 0.003882219 1.470021129 -0.013803745 0.999903142 -0.001760696 -2.180372953 -0.003906159 0.001706926 0.999990940 76.286788940
0.999901354 0.013409222 0.004166157 1.486872196 -0.013400635 0.999908030 -0.002082262 -2.199496269 -0.004193694 0.002026227 0.999989152 76.886047363
0.999900281 0.013561388 0.003928656 1.505849361 -0.013552472 0.999905527 -0.002287512 -2.215775490 -0.003959307 0.002234042 0.999989688 77.469512939
0.999905884 0.013254354 0.003539514 1.512441397 -0.013247238 0.999910116 -0.002025844 -2.234329939 -0.003566047 0.001978765 0.999991655 78.062004089
0.999905705 0.013189358 0.003817314 1.528212070 -0.013180055 0.999910116 -0.002452439 -2.250182390 -0.003849317 0.002401896 0.999989688 78.651504517
0.999899268 0.013628109 0.003973305 1.537952065 -0.013616347 0.999902785 -0.002972757 -2.263615608 -0.004013432 0.002918356 0.999987662 79.253913879
0.999900639 0.013663992 0.003459379 1.556690693 -0.013652954 0.999901712 -0.003195242 -2.278890610 -0.003502699 0.003147694 0.999988854 79.854537964
0.999901533 0.013535042 0.003699213 1.575247169 -0.013522195 0.999902546 -0.003476877 -2.294694901 -0.003745912 0.003426512 0.999987125 80.447364807
0.999902487 0.013128043 0.004752979 1.591377020 -0.013114109 0.999909639 -0.002950867 -2.314857960 -0.004791289 0.002888250 0.999984264 81.079048157
0.999897242 0.012859410 0.006322538 1.598635674 -0.012834608 0.999909818 -0.003947967 -2.328754425 -0.006372737 0.003866415 0.999972224 81.620147705
0.999889851 0.012759387 0.007573511 1.613063693 -0.012728087 0.999910295 -0.004166950 -2.340524197 -0.007625998 0.004070095 0.999962628 82.182197571
0.999873221 0.013212440 0.008883155 1.621115446 -0.013177812 0.999905348 -0.003945649 -2.361319304 -0.008934447 0.003828089 0.999952734 82.723854065
0.999845147 0.012681794 0.012202399 1.646179795 -0.012626890 0.999909878 -0.004565587 -2.372728825 -0.012259198 0.004410801 0.999915063 83.287063599
0.999791026 0.012512119 0.016161880 1.666675329 -0.012442484 0.999912918 -0.004401958 -2.391667843 -0.016215548 0.004199945 0.999859691 83.829803467
0.999720812 0.012601971 0.019994326 1.684720993 -0.012507730 0.999910116 -0.004831430 -2.406928778 -0.020053411 0.004579995 0.999788404 84.382598877
0.999633670 0.012769819 0.023862813 1.714164376 -0.012660922 0.999908686 -0.004708876 -2.428521395 -0.023920767 0.004405025 0.999704182 84.939414978
0.999449790 0.013040365 0.030497525 1.737233400 -0.012907051 0.999906301 -0.004564138 -2.446686268 -0.030554185 0.004167992 0.999524415 85.493698120
0.999230444 0.013362424 0.036877397 1.767314553 -0.013200522 0.999902129 -0.004630266 -2.465632439 -0.036935661 0.004139902 0.999309063 86.032852173
0.998971462 0.013202989 0.043378334 1.801067591 -0.013014221 0.999904573 -0.004631270 -2.484192610 -0.043435339 0.004061972 0.999047935 86.591346741
0.998593807 0.012989638 0.051399060 1.848540545 -0.012735100 0.999904990 -0.005276617 -2.497255802 -0.051462725 0.004614626 0.998664260 87.166130066
0.998178303 0.011304106 0.059264727 1.905026913 -0.010919787 0.999917209 -0.006804634 -2.505010605 -0.059336748 0.006145080 0.998219132 87.735305786
0.997626781 0.013092362 0.067597210 1.943246841 -0.012709064 0.999900579 -0.006097208 -2.528621197 -0.067670323 0.005223641 0.997694075 88.271499634
0.996941864 0.012674908 0.077110894 2.000006199 -0.012248688 0.999906957 -0.005997806 -2.553797483 -0.077179730 0.005034958 0.997004509 88.817367554
0.996121347 0.012070076 0.087158158 2.067400455 -0.011552038 0.999912500 -0.006445601 -2.574491024 -0.087228328 0.005413747 0.996173620 89.357223511
0.995286226 0.012123951 0.096220121 2.135360241 -0.011532390 0.999911010 -0.006701777 -2.585349083 -0.096292816 0.005560537 0.995337665 89.904045105
0.994575679 0.011349345 0.103393689 2.209815979 -0.010693046 0.999918938 -0.006899639 -2.607120275 -0.103463620 0.005756620 0.994616568 90.451705933
0.993452072 0.011378902 0.113682702 2.289855957 -0.010638651 0.999918044 -0.007116142 -2.624871016 -0.113754377 0.005860115 0.993491650 90.994834900
0.992244840 0.010372429 0.123865008 2.383234978 -0.009489676 0.999925196 -0.007714636 -2.638154745 -0.123935781 0.006479368 0.992269099 91.540222168
0.990978539 0.010528996 0.133606553 2.473066330 -0.009607623 0.999925435 -0.007539010 -2.663436413 -0.133676007 0.006187355 0.991005719 92.072692871
0.989340901 0.009979205 0.145275056 2.574997902 -0.008848562 0.999925256 -0.008426874 -2.672519922 -0.145348296 0.007051576 0.989355445 92.615036011
0.987288058 0.011063690 0.158555344 2.667854309 -0.009896914 0.999917865 -0.008146526 -2.697771549 -0.158632472 0.006473759 0.987316489 93.143356323
0.985592604 0.009984046 0.168841824 2.789725304 -0.008615885 0.999923885 -0.008833909 -2.711481810 -0.168917164 0.007251914 0.985603511 93.674827576
0.983724415 0.009907044 0.179410607 2.905998230 -0.008461121 0.999925256 -0.008822738 -2.731977701 -0.179484606 0.007161128 0.983734727 94.198501587
0.981400132 0.009146148 0.191755682 3.032642365 -0.007585332 0.999931872 -0.008872114 -2.753211021 -0.191823781 0.007252563 0.981402576 94.730163574
0.978914499 0.008923663 0.204075128 3.165121078 -0.007243811 0.999933600 -0.008977075 -2.772653103 -0.204141617 0.007309507 0.978914082 95.240066528
0.976560354 0.008765810 0.215064973 3.293125153 -0.006976013 0.999934375 -0.009079753 -2.792356253 -0.215130493 0.007366634 0.976557493 95.772094727
0.973572791 0.008836357 0.228205860 3.442293167 -0.006861635 0.999931872 -0.009445215 -2.813981056 -0.228273764 0.007629739 0.973567188 96.301147461
0.970346153 0.008557285 0.241568476 3.596282959 -0.006525913 0.999936283 -0.009207934 -2.828029633 -0.241631940 0.007358429 0.970340073 96.840606689
0.967477679 0.008237207 0.252822220 3.746707916 -0.005929891 0.999933422 -0.009886876 -2.846220970 -0.252886891 0.008066123 0.967462301 97.355278015
0.964649200 0.007656340 0.263425857 3.920173645 -0.005487081 0.999944746 -0.008969544 -2.875917435 -0.263479948 0.007207024 0.964637935 97.824340820
0.960836828 0.007976555 0.277000427 4.095983505 -0.005688756 0.999942780 -0.009061847 -2.896226645 -0.277056813 0.007131166 0.960827053 98.339057922
0.957205296 0.007277771 0.289318264 4.276298523 -0.004830275 0.999946237 -0.009172647 -2.918778658 -0.289369404 0.007382622 0.957189023 98.864364624
0.953687847 0.007007993 0.300716400 4.449245453 -0.004572052 0.999950826 -0.008803437 -2.950332403 -0.300763249 0.007020840 0.953673005 99.317314148
0.949240625 0.007514751 0.314461052 4.658081055 -0.004857841 0.999945581 -0.009231933 -2.963209629 -0.314513266 0.007235724 0.949225485 99.865310669
0.944709718 0.006607408 0.327840924 4.838037491 -0.003882545 0.999952257 -0.008965367 -2.991112709 -0.327884495 0.007196813 0.944690406 100.279258728
0.940514028 0.005721521 0.339706510 5.050079346 -0.002857235 0.999956071 -0.008931237 -3.008929253 -0.339742631 0.007429334 0.940489113 100.799034119
0.935460687 0.007074137 0.353360057 5.296802521 -0.004155153 0.999950647 -0.009018581 -3.010001183 -0.353406399 0.006968262 0.935444057 101.456047058
0.930389285 0.005412917 0.366533011 5.482711792 -0.002485532 0.999961138 -0.008458156 -3.064858913 -0.366564512 0.006958348 0.930366635 101.760482788
0.925497770 0.004832448 0.378722221 5.732976913 -0.001590550 0.999959290 -0.008872462 -3.073116779 -0.378749758 0.007609067 0.925467849 102.342300415
0.920589149 0.004012773 0.390511811 5.963447571 -0.000817367 0.999964833 -0.008348462 -3.098844051 -0.390531570 0.007366313 0.920560062 102.842025757
0.914560378 0.004513353 0.404424191 6.187332153 -0.001012977 0.999960184 -0.008868771 -3.117133379 -0.404448122 0.007701355 0.914528549 103.290580750
0.908395290 0.005318143 0.418078601 6.437000275 -0.001675678 0.999957383 -0.009079010 -3.135306358 -0.418109000 0.007546766 0.908365488 103.784446716
0.903610468 0.004500167 0.428331614 6.689361572 -0.000534863 0.999955952 -0.009377454 -3.155699492 -0.428354889 0.008244468 0.903572917 104.253791809
0.897432745 0.004230741 0.441131055 6.954578400 -0.000291481 0.999959409 -0.008997290 -3.175643921 -0.441151232 0.007945880 0.897397578 104.769515991
0.890707195 0.004014627 0.454559892 7.220508575 0.000086186 0.999959409 -0.009000422 -3.195581436 -0.454577625 0.008055915 0.890670717 105.243087769
0.884519756 0.003520184 0.466489285 7.502716064 0.000932422 0.999956131 -0.009313774 -3.216135979 -0.466501683 0.008673182 0.884477794 105.735618591
0.878624618 0.003035235 0.477503419 7.781955719 0.001507928 0.999957144 -0.009130838 -3.237088203 -0.477510720 0.008742620 0.878582358 106.205825806
0.870820284 0.002961025 0.491592646 8.067630768 0.001596007 0.999959588 -0.008850299 -3.263260841 -0.491598934 0.008491605 0.870780349 106.678451538
0.863400102 0.003098973 0.504510403 8.354763031 0.001614337 0.999959052 -0.008905000 -3.285504341 -0.504517317 0.008503026 0.863359690 107.131622314
0.856831193 0.002643617 0.515590250 8.656684875 0.002126349 0.999960184 -0.008660822 -3.304550886 -0.515592694 0.008517188 0.856791496 107.608489990
