1.000000000 0.000000000 0.000000000 0.000000000 0.000000000 1.000000000 0.000000000 0.000000000 0.000000000 0.000000000 1.000000000 0.000000000
1.000000000 0.000169089 0.000153890 -0.000850539 -0.000169109 1.000000000 0.000126733 0.000173950 -0.000153868 -0.000126759 1.000000000 0.000927688
1.000000000 0.000015915 0.000116688 -0.000719539 -0.000015931 1.000000000 0.000136789 -0.000484736 -0.000116686 -0.000136791 1.000000000 -0.000870912
0.999999940 -0.000140413 0.000201884 -0.001172285 0.000140412 1.000000000 0.000005943 0.000786799 -0.000201885 -0.000005915 1.000000000 0.002053143
1.000000000 -0.000190959 0.000063237 0.000136858 0.000190960 1.000000000 -0.000007433 0.000386657 -0.000063236 0.000007445 1.000000000 -0.000210895
1.000000000 0.000011291 0.000176776 -0.000902143 -0.000011276 1.000000000 -0.000082044 0.001410043 -0.000176777 0.000082042 1.000000000 0.001686334
1.000000000 0.000073420 0.000151026 -0.000458796 -0.000073400 1.000000000 -0.000138193 0.001324362 -0.000151036 0.000138182 1.000000000 0.000341494
1.000000000 -0.000065383 0.000065953 -0.000126348 0.000065384 1.000000000 -0.000025526 0.000811256 -0.000065951 0.000025530 1.000000000 0.001548506
1.000000000 -0.000019982 0.000061842 -0.000488591 0.000019982 1.000000000 0.000007946 0.000376260 -0.000061842 -0.000007944 1.000000000 0.000607426
1.000000000 0.000083411 0.000181832 -0.001031269 -0.000083403 1.000000000 -0.000045350 0.001189437 -0.000181836 0.000045334 1.000000000 0.001744312
1.000000000 -0.000094649 0.000167335 -0.001074599 0.000094639 1.000000000 0.000056645 0.000581607 -0.000167340 -0.000056629 1.000000000 0.000581283
0.999999940 0.000007240 0.000329168 -0.001642925 -0.000007265 1.000000000 0.000074701 0.000179413 -0.000329167 -0.000074703 0.999999940 0.001184077
1.000000000 -0.000188810 0.000066673 0.000413477 0.000188808 1.000000000 0.000028908 0.000125570 -0.000066679 -0.000028895 1.000000000 0.000578821
0.999999940 -0.000396137 0.000047046 0.000531389 0.000396140 0.999999940 -0.000064472 0.000712047 -0.000047020 0.000064491 1.000000000 0.000463508
0.999999940 -0.000259659 0.000209606 -0.000147460 0.000259630 0.999999940 0.000135692 -0.000021470 -0.000209641 -0.000135638 0.999999940 0.001007629
0.999999940 -0.000256423 0.000120987 -0.000714868 0.000256415 0.999999940 0.000063003 0.000700325 -0.000121003 -0.000062972 1.000000000 0.002029585
1.000000000 0.000060796 0.000029264 -0.000724169 -0.000060800 1.000000000 0.000139582 -0.000001261 -0.000029256 -0.000139584 1.000000000 0.000367065
0.999999940 -0.000252450 -0.000007524 0.000573745 0.000252450 0.999999940 -0.000037424 0.000990828 0.000007533 0.000037422 1.000000000 0.000928472
1.000000000 -0.000101707 0.000098622 -0.000328181 0.000101709 1.000000000 -0.000027065 0.000965079 -0.000098619 0.000027075 1.000000000 0.000503999
0.999999940 -0.000280776 0.000171897 -0.000790755 0.000280792 0.999999940 -0.000096275 0.001046979 -0.000171870 0.000096323 1.000000000 0.000404384
0.999999940 -0.000402034 0.000057516 0.000766640 0.000402035 0.999999940 -0.000023722 0.000979154 -0.000057506 0.000023745 1.000000000 0.001182890
1.000000000 -0.000129550 0.000176417 -0.000229421 0.000129547 1.000000000 0.000013958 0.000810728 -0.000176419 -0.000013935 1.000000000 0.000754487
0.999999940 -0.000304737 -0.000073319 0.001419904 0.000304732 0.999999940 -0.000076554 0.000882390 0.000073343 0.000076532 1.000000000 -0.000513774
1.000000000 -0.000193675 0.000004658 0.000529126 0.000193675 1.000000000 0.000003730 0.000734035 -0.000004659 -0.000003729 1.000000000 -0.000275959
0.999999940 -0.000271470 0.000047335 0.000537320 0.000271476 0.999999940 -0.000116473 0.001576752 -0.000047304 0.000116486 1.000000000 0.000198832
1.000000000 0.000122231 0.000140545 -0.001109043 -0.000122222 1.000000000 -0.000062600 0.001462606 -0.000140553 0.000062582 1.000000000 0.001221735
0.999999940 0.000241468 0.000111867 -0.001350071 -0.000241498 0.999999940 0.000265361 -0.000427290 -0.000111802 -0.000265388 0.999999940 0.001223841
0.999999940 -0.000264287 0.000089733 -0.000326259 0.000264286 0.999999940 0.000009188 0.000851350 -0.000089736 -0.000009165 1.000000000 0.001149997
1.000000000 -0.000159467 0.000069202 -0.000450027 0.000159464 1.000000000 0.000048691 0.000315862 -0.000069210 -0.000048680 1.000000000 0.000249989
1.000000000 -0.000023017 0.000158039 -0.001038132 0.000022988 1.000000000 0.000182618 0.000001526 -0.000158043 -0.000182615 1.000000000 0.000912023
1.000000000 -0.000143423 0.000095291 -0.000097841 0.000143428 1.000000000 -0.000055354 0.000788768 -0.000095283 0.000055368 1.000000000 0.000288783
1.000000000 -0.000220855 0.000066042 0.000051013 0.000220854 1.000000000 0.000014546 0.001131659 -0.000066045 -0.000014531 1.000000000 0.001559114
1.000000000 -0.000177198 0.000017382 -0.000139958 0.000177201 1.000000000 -0.000151870 0.001658321 -0.000017355 0.000151873 1.000000000 0.000490978
1.000000000 -0.000192492 0.000004646 0.000701705 0.000192492 1.000000000 0.000049471 0.000590183 -0.000004655 -0.000049470 1.000000000 0.000214298
1.000000000 -0.000094143 0.000124601 -0.000842834 0.000094129 1.000000000 0.000110860 0.000697477 -0.000124611 -0.000110849 1.000000000 0.000934376
1.000000000 -0.000142532 0.000058071 -0.000445326 0.000142530 1.000000000 0.000043343 0.000636862 -0.000058077 -0.000043335 1.000000000 0.000801433
1.000000000 -0.000090255 0.000133039 -0.000576476 0.000090260 1.000000000 -0.000038365 0.001316503 -0.000133035 0.000038377 1.000000000 0.000882118
0.999999940 -0.000184342 0.000192367 -0.000844043 0.000184365 1.000000000 -0.000121746 0.001528190 -0.000192345 0.000121782 1.000000000 0.002533230
1.000000000 -0.000163299 0.000110694 0.000830869 0.000163356 0.999999881 -0.000520453 -0.002721925 -0.000110609 0.000520471 0.999999881 0.048674446
0.999999940 -0.000406755 0.000032024 0.002238512 0.000406787 0.999999404 -0.001018939 -0.005697499 -0.000031609 0.001018952 0.999999464 0.137046769
1.000000000 0.000003753 0.000119735 0.003958396 -0.000003602 0.999999225 -0.001261502 -0.007387009 -0.000119739 0.001261501 0.999999225 0.254992783
0.999999821 -0.000576374 0.000095807 0.007050575 0.000576493 0.999999046 -0.001240040 -0.011817090 -0.000095092 0.001240095 0.999999225 0.384467244
0.999999762 -0.000693941 0.000002610 0.010073495 0.000693944 0.999999046 -0.001206666 -0.015979175 -0.000001773 0.001206668 0.999999285 0.528366148
1.000000000 0.000079341 0.000042233 0.010983977 -0.000079293 0.999999344 -0.001146342 -0.019230399 -0.000042324 0.001146339 0.999999344 0.680090964
0.999999940 -0.000143846 0.000271570 0.016792823 0.000144135 0.999999404 -0.001063988 -0.022528948 -0.000271417 0.001064027 0.999999404 0.849760234
0.999999762 -0.000721810 0.000051009 0.022829158 0.000721839 0.999999583 -0.000579964 -0.029764958 -0.000050591 0.000580001 0.999999821 1.011200309
0.999993384 -0.003252956 -0.001585078 0.044949587 0.003254284 0.999994278 0.000836046 -0.057366494 0.001582349 -0.000841199 0.999998391 1.167573214
0.999995172 -0.002679964 -0.001539852 0.045649298 0.002681150 0.999996006 0.000768317 -0.058466710 0.001537787 -0.000772442 0.999998510 1.354484439
0.999993682 -0.003286110 -0.001304168 0.050696921 0.003287219 0.999994218 0.000848558 -0.066221058 0.001301372 -0.000852840 0.999998748 1.539532304
0.999993145 -0.003401122 -0.001470858 0.055455156 0.003402286 0.999993920 0.000789755 -0.064756498 0.001468163 -0.000794753 0.999998629 1.741698861
0.999995112 -0.002910137 -0.001157895 0.053637292 0.002911306 0.999995232 0.001008174 -0.073837191 0.001154956 -0.001011540 0.999998868 1.933818936
0.999994099 -0.003317992 -0.000906017 0.053529169 0.003319115 0.999993682 0.001241427 -0.081628725 0.000901892 -0.001244427 0.999998808 2.149031639
0.999995291 -0.002904656 -0.000967907 0.058780178 0.002905683 0.999995232 0.001061646 -0.086432151 0.000964819 -0.001064453 0.999998987 2.355578423
0.999993861 -0.003402060 -0.000829679 0.065813147 0.003402895 0.999993742 0.001006377 -0.089239329 0.000826250 -0.001009194 0.999999166 2.575687170
0.999994457 -0.003206303 -0.000873975 0.067639731 0.003207440 0.999994040 0.001303472 -0.099562362 0.000869790 -0.001306268 0.999998808 2.803826809
0.999995351 -0.002771776 -0.001273226 0.073531672 0.002773866 0.999994755 0.001642632 -0.108060904 0.001268666 -0.001646156 0.999997854 3.026730299
0.999994040 -0.003137965 -0.001487062 0.083454497 0.003140136 0.999993980 0.001459809 -0.115656957 0.001482473 -0.001464469 0.999997795 3.265919924
0.999993742 -0.003263073 -0.001296942 0.088395342 0.003265274 0.999993145 0.001698396 -0.124253139 0.001291391 -0.001702621 0.999997735 3.500964403
0.999993742 -0.003193903 -0.001507891 0.091056451 0.003196165 0.999993742 0.001499660 -0.126827657 0.001503092 -0.001504470 0.999997735 3.766770601
0.999994695 -0.002999949 -0.001217180 0.093403310 0.003001634 0.999994516 0.001385327 -0.130243167 0.001213018 -0.001388973 0.999998331 4.033235550
0.999995112 -0.002875513 -0.001251617 0.098840542 0.002878072 0.999993742 0.002048223 -0.138822317 0.001245720 -0.002051816 0.999997139 4.288022518
0.999992907 -0.003598969 -0.001062508 0.104608126 0.003600653 0.999992251 0.001586923 -0.142736495 0.001056788 -0.001590737 0.999998152 4.531645775
0.999995947 -0.002664076 -0.001005090 0.108097486 0.002665706 0.999995112 0.001623681 -0.152593404 0.001000760 -0.001626354 0.999998152 4.786293983
0.999995232 -0.002996131 -0.000823077 0.108562522 0.002997630 0.999993861 0.001825613 -0.157580897 0.000817602 -0.001828072 0.999998033 5.056226254
0.999995708 -0.002717498 -0.001049507 0.114428908 0.002719718 0.999994040 0.002120298 -0.168140411 0.001043739 -0.002123144 0.999997199 5.314511776
0.999997437 -0.002170974 -0.000576571 0.119286269 0.002171671 0.999996841 0.001210511 -0.168434620 0.000573941 -0.001211760 0.999999106 5.599224567
0.999994278 -0.003175162 -0.001134162 0.123049170 0.003177405 0.999992967 0.001981601 -0.186548546 0.001127862 -0.001985193 0.999997377 5.837095261
0.999992847 -0.003559807 -0.001270733 0.130641595 0.003562327 0.999991655 0.001986881 -0.194450498 0.001263649 -0.001991393 0.999997139 6.113405704
0.999993980 -0.003285024 -0.001155182 0.134995133 0.003287846 0.999991477 0.002448988 -0.204080880 0.001147127 -0.002452771 0.999996305 6.401243210
0.999994814 -0.003088142 -0.000909148 0.136031106 0.003090145 0.999992788 0.002210491 -0.212499276 0.000902314 -0.002213289 0.999997139 6.672851086
0.999995112 -0.003003506 -0.000824910 0.140198752 0.003005323 0.999993026 0.002210770 -0.218462691 0.000818265 -0.002213238 0.999997199 6.973171711
0.999995530 -0.002844803 -0.000880437 0.150791839 0.002846775 0.999993503 0.002246816 -0.229381725 0.000874039 -0.002249313 0.999997079 7.265934467
0.999994159 -0.003277955 -0.000993747 0.153610498 0.003280180 0.999992073 0.002245616 -0.237085015 0.000986379 -0.002248863 0.999996901 7.580009460
0.999994159 -0.003387691 -0.000648034 0.157126978 0.003389277 0.999991238 0.002461640 -0.246657223 0.000639689 -0.002463822 0.999996781 7.896830559
0.999994338 -0.003349615 -0.000425613 0.162288502 0.003350719 0.999990940 0.002619058 -0.252245426 0.000416837 -0.002620469 0.999996424 8.214806557
0.999995768 -0.002798487 -0.000826735 0.170580581 0.002800550 0.999992967 0.002504723 -0.268856823 0.000819720 -0.002507027 0.999996543 8.524872780
0.999995470 -0.002935343 -0.000733064 0.174557030 0.002937397 0.999991775 0.002817159 -0.276922643 0.000724788 -0.002819299 0.999995768 8.868147850
0.999996364 -0.002671319 -0.000452316 0.185622334 0.002672598 0.999992371 0.002852710 -0.294712663 0.000444692 -0.002853909 0.999995828 9.187340736
0.999994755 -0.003225431 -0.000223507 0.183703825 0.003226055 0.999990702 0.002851923 -0.295521796 0.000214307 -0.002852629 0.999995947 9.557160378
0.999995828 -0.002876032 -0.000538325 0.190188602 0.002877590 0.999991715 0.002914835 -0.308108538 0.000529938 -0.002916372 0.999995589 9.883720398
0.999995708 -0.002896829 -0.000408093 0.199279368 0.002898013 0.999991477 0.002933086 -0.317245960 0.000399594 -0.002934256 0.999995589 10.239324570
0.999995232 -0.003023498 -0.000522423 0.202750921 0.003025144 0.999990344 0.003180062 -0.331254065 0.000512803 -0.003181627 0.999994814 10.582815170
0.999996185 -0.002765439 0.000261730 0.205189377 0.002764611 0.999991298 0.003114728 -0.337673008 -0.000270341 -0.003113993 0.999995112 10.953321457
0.999996424 -0.002644151 0.000151755 0.212177396 0.002643615 0.999990523 0.003423600 -0.352823257 -0.000160806 -0.003423187 0.999994159 11.319202423
0.999994218 -0.003303632 -0.000836796 0.230473578 0.003306623 0.999988079 0.003598519 -0.365501881 0.000824898 -0.003601266 0.999993086 11.714102745
0.999993861 -0.003426529 -0.000772390 0.237901077 0.003428950 0.999989152 0.003155620 -0.374560744 0.000761569 -0.003158249 0.999994695 12.102631569
0.999994576 -0.003117760 -0.000990423 0.252160341 0.003121157 0.999989212 0.003447618 -0.386344671 0.000979663 -0.003450691 0.999993563 12.495200157
0.999994636 -0.003210941 -0.000631808 0.249198139 0.003213102 0.999989033 0.003450090 -0.394123405 0.000620723 -0.003452102 0.999993861 12.885156631
0.999995470 -0.002986068 -0.000293318 0.253391147 0.002987110 0.999989033 0.003618678 -0.405583143 0.000282509 -0.003619538 0.999993503 13.288265228
0.999994397 -0.003316709 -0.000408063 0.268342227 0.003317959 0.999989688 0.003100388 -0.413452148 0.000397776 -0.003101724 0.999995172 13.690431595
0.999996066 -0.002780894 -0.000037186 0.271836042 0.002781011 0.999989510 0.003640157 -0.426859856 0.000027062 -0.003640247 0.999993384 14.114053726
0.999997973 -0.002010412 0.000041335 0.280161738 0.002010269 0.999992847 0.003208943 -0.437157154 -0.000047786 -0.003208854 0.999994874 14.541232109
0.999996901 -0.002432637 0.000500871 0.286171019 0.002430694 0.999989569 0.003845290 -0.450259864 -0.000510220 -0.003844060 0.999992490 14.960798264
0.999996722 -0.002423191 0.000804723 0.296058387 0.002420234 0.999990404 0.003655323 -0.456682414 -0.000813573 -0.003653363 0.999992967 15.397575378
0.999996722 -0.001944715 0.001642763 0.303604275 0.001939055 0.999992192 0.003439913 -0.468558401 -0.001649440 -0.003436716 0.999992728 15.838504791
0.999994814 -0.002862691 0.001494030 0.315101027 0.002857598 0.999990284 0.003400170 -0.476803213 -0.001503749 -0.003395884 0.999993086 16.271316528
0.999996126 -0.001715038 0.002202741 0.318172306 0.001708114 0.999993742 0.003141184 -0.484434038 -0.002208114 -0.003137410 0.999992609 16.725004196
0.999994338 -0.002144808 0.002597080 0.329487205 0.002136798 0.999992967 0.003083236 -0.498280823 -0.002603674 -0.003077669 0.999991834 17.172927856
0.999994397 -0.002144493 0.002556766 0.336339921 0.002135862 0.999992013 0.003373468 -0.513183653 -0.002563980 -0.003367989 0.999991000 17.644556046
0.999993384 -0.001856537 0.003125088 0.343260378 0.001846945 0.999993563 0.003069595 -0.521414876 -0.003130768 -0.003063803 0.999990404 18.120534897
0.999993682 -0.001639287 0.003169619 0.361979276 0.001629628 0.999994040 0.003047516 -0.525340855 -0.003174595 -0.003042331 0.999990344 18.597412109
0.999991417 -0.001805962 0.003708856 0.362381667 0.001791068 0.999990344 0.004015126 -0.560067832 -0.003716071 -0.004008450 0.999984980 19.038188934
0.999990284 -0.001982228 0.003936732 0.378806442 0.001965403 0.999988914 0.004273059 -0.572081566 -0.003945158 -0.004265280 0.999983072 19.518463135
0.999991834 -0.001657197 0.003675336 0.388309777 0.001641775 0.999989867 0.004195137 -0.578275204 -0.003682250 -0.004189069 0.999984443 20.031620026
0.999991894 -0.001884901 0.003556272 0.399014354 0.001870380 0.999990046 0.004081921 -0.597376406 -0.003563931 -0.004075237 0.999985337 20.505945206
0.999991775 -0.000942859 0.003954736 0.405714929 0.000925798 0.999990284 0.004313749 -0.607931852 -0.003958765 -0.004310051 0.999982893 21.012247086
0.999994397 -0.001346325 0.003066290 0.418201774 0.001336045 0.999993503 0.003352262 -0.609161973 -0.003070783 -0.003348146 0.999989629 21.519845963
0.999994755 -0.001220021 0.002981341 0.413516641 0.001205554 0.999987543 0.004849290 -0.645795822 -0.002987221 -0.004845671 0.999983728 22.003829956
0.999996543 -0.000948833 0.002457448 0.423873514 0.000937508 0.999988973 0.004605456 -0.652083874 -0.002461790 -0.004603136 0.999986351 22.519796371
0.999997973 -0.000354883 0.001996021 0.436115563 0.000346306 0.999990761 0.004295907 -0.667640686 -0.001997527 -0.004295206 0.999988794 23.032615662
0.999999225 -0.000569388 0.001117910 0.452519000 0.000564441 0.999990106 0.004420196 -0.684086621 -0.001120416 -0.004419561 0.999989629 23.553997040
0.999996662 -0.002557453 0.000317972 0.460246593 0.002556088 0.999987841 0.004220638 -0.693232179 -0.000328762 -0.004219811 0.999991000 24.066167831
0.999997795 -0.001944289 -0.000758525 0.476621270 0.001947425 0.999989390 0.004155899 -0.699938118 0.000750437 -0.004157367 0.999991059 24.613452911
0.999999404 -0.000541156 -0.000913344 0.478513181 0.000545469 0.999988675 0.004728932 -0.717246890 0.000910774 -0.004729427 0.999988377 25.143920898
0.999998689 -0.001115226 -0.001142276 0.484747946 0.001120193 0.999989927 0.004356787 -0.726068258 0.001137406 -0.004358060 0.999989808 25.682371140
0.999999225 -0.000404693 -0.001178154 0.490234137 0.000410382 0.999988258 0.004832373 -0.740340948 0.001176184 -0.004832853 0.999987602 26.241575241
0.999997616 -0.001106158 -0.001877401 0.497494817 0.001115710 0.999986410 0.005094127 -0.752668381 0.001871741 -0.005096210 0.999985278 26.787256241
0.999997318 -0.000867990 -0.002144510 0.505956292 0.000878945 0.999986529 0.005112675 -0.765909135 0.002140044 -0.005114547 0.999984682 27.334327698
0.999994636 -0.001060516 -0.003090957 0.517065406 0.001076405 0.999986172 0.005143486 -0.783056140 0.003085460 -0.005146787 0.999981940 27.890432358
0.999993861 -0.000891609 -0.003401787 0.525328338 0.000908675 0.999987006 0.005018555 -0.797944903 0.003397268 -0.005021615 0.999981582 28.431377411
0.999993801 -0.001199782 -0.003295188 0.531314731 0.001216123 0.999986887 0.004961491 -0.807998776 0.003289193 -0.004965468 0.999982238 28.976541519
0.999994576 -0.000602852 -0.003237634 0.535713434 0.000619214 0.999987006 0.005055267 -0.820011973 0.003234545 -0.005057245 0.999981999 29.526662827
0.999993801 -0.000503937 -0.003490961 0.540222764 0.000521887 0.999986649 0.005142893 -0.829721451 0.003488324 -0.005144684 0.999980688 30.078603745
0.999994814 0.000566798 -0.003154837 0.549490571 -0.000550681 0.999986827 0.005107031 -0.847545385 0.003157690 -0.005105268 0.999981999 30.627574921
0.999992073 0.000316452 -0.003970202 0.552685797 -0.000295385 0.999985874 0.005305767 -0.861002028 0.003971825 -0.005304552 0.999978065 31.154043198
0.999989688 -0.000287524 -0.004536851 0.566301167 0.000311634 0.999985814 0.005314295 -0.873916268 0.004535259 -0.005315654 0.999975622 31.694631577
0.999991953 0.000381949 -0.003991940 0.571862757 -0.000357372 0.999980927 0.006155537 -0.895129800 0.003994214 -0.006154062 0.999973059 32.233669281
0.999991894 0.000270321 -0.004024522 0.562535644 -0.000250145 0.999987423 0.005012796 -0.885213196 0.004025826 -0.005011749 0.999979258 32.782455444
0.999994099 0.000115163 -0.003440987 0.563968956 -0.000099760 0.999989986 0.004476102 -0.896079659 0.003441468 -0.004475732 0.999984086 33.334922791
0.999990761 -0.000485158 -0.004263370 0.587318301 0.000505268 0.999988735 0.004716952 -0.912867010 0.004261034 -0.004719063 0.999979794 33.877696991
0.999990404 0.000266830 -0.004395937 0.582145035 -0.000244705 0.999987245 0.005032667 -0.926905096 0.004397225 -0.005031542 0.999977648 34.403327942
0.999987900 0.000420649 -0.004897103 0.599238455 -0.000394776 0.999985874 0.005283074 -0.943575025 0.004899257 -0.005281077 0.999974012 34.947559357
0.999991357 0.000454462 -0.004123038 0.594536483 -0.000432412 0.999985516 0.005347379 -0.951856554 0.004125408 -0.005345550 0.999977231 35.475860596
0.999989271 0.000136436 -0.004624145 0.599251390 -0.000111784 0.999985754 0.005330806 -0.969811201 0.004624807 -0.005330232 0.999975085 36.035167694
0.999990106 0.000033281 -0.004437373 0.606385052 -0.000008898 0.999984920 0.005494821 -0.982357204 0.004437490 -0.005494727 0.999975085 36.587524414
0.999991357 0.000268412 -0.004148606 0.605399370 -0.000246261 0.999985754 0.005339022 -0.997050285 0.004149979 -0.005337954 0.999977112 37.120513916
0.999990046 0.000870140 -0.004376522 0.608684123 -0.000848160 0.999986947 0.005021425 -1.003180265 0.004380833 -0.005017663 0.999977767 37.675483704
0.999991477 0.000907647 -0.004039361 0.613559127 -0.000886930 0.999986410 0.005127684 -1.014956713 0.004043960 -0.005124058 0.999978721 38.222122192
0.999989331 0.001020981 -0.004517251 0.631736040 -0.000997994 0.999986470 0.005088124 -1.028500438 0.004522386 -0.005083562 0.999976873 38.772998810
0.999987006 0.001131984 -0.004972129 0.634742320 -0.001107012 0.999986768 0.005022468 -1.039318800 0.004977748 -0.005016898 0.999975026 39.308921814
0.999987602 0.001135358 -0.004857548 0.648400784 -0.001108704 0.999984324 0.005486402 -1.059084058 0.004863701 -0.005480948 0.999973059 39.840591431
0.999981582 0.000820320 -0.006021251 0.663430214 -0.000788057 0.999985397 0.005358657 -1.074328780 0.006025558 -0.005353814 0.999967515 40.389804840
0.999985576 0.001021167 -0.005278069 0.657754660 -0.000993803 0.999986053 0.005184455 -1.079616547 0.005283289 -0.005179136 0.999972641 40.952880859
0.999984503 0.001648815 -0.005312061 0.664093375 -0.001624123 0.999987841 0.004649206 -1.085318804 0.005319662 -0.004640508 0.999975145 41.502674103
0.999985993 0.001534398 -0.005061783 0.671279669 -0.001514051 0.999990761 0.004021121 -1.092058420 0.005067907 -0.004013401 0.999979079 42.064170837
0.999983311 0.001789064 -0.005507881 0.684367359 -0.001761351 0.999985754 0.005032288 -1.111602545 0.005516806 -0.005022503 0.999972165 42.566921234
0.999983847 0.001188945 -0.005558984 0.694933236 -0.001157733 0.999983609 0.005614520 -1.137030482 0.005565567 -0.005607993 0.999968767 43.134643555
0.999985874 0.000666143 -0.005268096 0.703610659 -0.000637776 0.999985337 0.005384417 -1.151404977 0.005271605 -0.005380982 0.999971628 43.678153992
0.999986649 0.000600133 -0.005126204 0.701088071 -0.000568576 0.999980927 0.006155193 -1.166151285 0.005129799 -0.006152197 0.999967873 44.196590424
0.999983549 0.001326075 -0.005572527 0.710310161 -0.001295421 0.999984026 0.005500883 -1.171790600 0.005579732 -0.005493574 0.999969304 44.773460388
0.999986053 0.001629228 -0.005015957 0.715749681 -0.001604553 0.999986589 0.004919497 -1.181941390 0.005023906 -0.004911381 0.999975324 45.319152832
0.999982595 0.001449026 -0.005708931 0.727648497 -0.001419449 0.999985576 0.005181389 -1.187849879 0.005716356 -0.005173196 0.999970257 45.884536743
0.999982715 0.001128765 -0.005761893 0.737739861 -0.001098204 0.999985337 0.005304418 -1.202023506 0.005767797 -0.005297998 0.999969304 46.416206360
0.999982238 0.000977695 -0.005875689 0.746848822 -0.000947690 0.999986470 0.005107150 -1.205557704 0.005880604 -0.005101492 0.999969661 46.965934753
0.999984205 0.001086526 -0.005505259 0.733542562 -0.001057849 0.999985874 0.005209208 -1.221258402 0.005510841 -0.005203303 0.999971211 47.499031067
0.999984443 0.002201103 -0.005124440 0.741098523 -0.002172419 0.999981999 0.005596385 -1.234353304 0.005136666 -0.005585166 0.999971151 48.033596039
0.999984443 0.002197083 -0.005129166 0.742680490 -0.002169645 0.999983370 0.005348928 -1.245063305 0.005140833 -0.005337715 0.999972582 48.584262848
0.999985218 0.001408203 -0.005251779 0.749976814 -0.001381518 0.999986053 0.005081328 -1.257844210 0.005258861 -0.005073999 0.999973238 49.142513275
0.999984980 0.001647567 -0.005226966 0.760670662 -0.001619333 0.999984026 0.005401170 -1.272293329 0.005235782 -0.005392625 0.999971747 49.688350677
0.999984324 0.001351456 -0.005417846 0.768427491 -0.001325876 0.999988019 0.004722336 -1.280076742 0.005424163 -0.004715079 0.999974191 50.235774994
0.999985516 0.001179413 -0.005256346 0.768041193 -0.001150153 0.999983847 0.005566062 -1.303859591 0.005262825 -0.005559935 0.999970675 50.776031494
0.999988735 0.000673893 -0.004696899 0.776256919 -0.000645071 0.999980986 0.006135062 -1.322492361 0.004700943 -0.006131963 0.999970138 51.313343048
0.999985218 0.001109528 -0.005328323 0.785606325 -0.001081190 0.999985278 0.005318302 -1.325342894 0.005334147 -0.005312463 0.999971688 51.857017517
0.999987900 0.001164580 -0.004785030 0.793833971 -0.001140237 0.999986410 0.005086780 -1.341461420 0.004790890 -0.005081262 0.999975622 52.402187347
0.999984860 0.000694574 -0.005461492 0.801974535 -0.000666127 0.999986231 0.005208842 -1.347593427 0.005465034 -0.005205124 0.999971449 52.956092834
0.999988019 0.000863987 -0.004827057 0.801612377 -0.000839106 0.999986410 0.005154136 -1.361905217 0.004831444 -0.005150022 0.999975085 53.502582550
0.999985874 0.001502810 -0.005099358 0.809745848 -0.001476358 0.999985397 0.005187334 -1.375995159 0.005107079 -0.005179731 0.999973536 54.042842865
0.999987543 0.000695962 -0.004932334 0.819081604 -0.000670465 0.999986410 0.005169095 -1.389362454 0.004935863 -0.005165724 0.999974489 54.580249786
0.999986529 0.000717431 -0.005145066 0.829656363 -0.000692124 0.999987602 0.004918898 -1.403378367 0.005148532 -0.004915271 0.999974668 55.112083435
0.999986887 0.000879142 -0.005039281 0.833090663 -0.000854312 0.999987483 0.004927288 -1.414470077 0.005043549 -0.004922919 0.999975145 55.664207458
0.999986053 0.000306844 -0.005267282 0.839732707 -0.000280717 0.999987662 0.004960340 -1.424999833 0.005268740 -0.004958793 0.999973834 56.210769653
0.999988794 0.001375181 -0.004532649 0.848937809 -0.001352691 0.999986827 0.004961065 -1.441312671 0.004539412 -0.004954880 0.999977469 56.750946045
0.999986649 0.000777292 -0.005091171 0.858388662 -0.000752459 0.999987781 0.004877890 -1.451662302 0.005094900 -0.004873994 0.999975145 57.306015015
0.999986947 0.000595091 -0.005059967 0.867399693 -0.000571574 0.999989033 0.004647881 -1.465774179 0.005062677 -0.004644928 0.999976337 57.844188690
0.999989867 0.001653621 -0.004183921 0.864301324 -0.001633499 0.999987125 0.004808148 -1.480787754 0.004191817 -0.004801265 0.999979675 58.412834167
0.999990821 0.001124141 -0.004113659 0.860128760 -0.001105637 0.999989271 0.004497615 -1.486630321 0.004118670 -0.004493026 0.999981403 58.908252716
0.999990225 0.001504138 -0.004139614 0.870046437 -0.001486975 0.999990344 0.004145797 -1.498798370 0.004145810 -0.004139602 0.999982834 59.453399658
0.999991477 0.001509865 -0.003838380 0.866928339 -0.001491025 0.999986768 0.004906386 -1.515529394 0.003845738 -0.004900620 0.999980569 59.997837067
0.999991238 0.001128239 -0.004037922 0.876609802 -0.001109142 0.999988198 0.004728502 -1.525592089 0.004043210 -0.004723982 0.999980628 60.552810669
0.999990463 0.001489099 -0.004086897 0.885362267 -0.001469658 0.999987602 0.004755687 -1.540287256 0.004093927 -0.004749636 0.999980330 61.081905365
0.999991238 0.001543469 -0.003888871 0.896728992 -0.001525631 0.999988377 0.004585582 -1.552139878 0.003895903 -0.004579610 0.999981880 61.619346619
0.999989927 0.001695313 -0.004159593 0.908648729 -0.001675566 0.999987245 0.004746163 -1.560429931 0.004167587 -0.004739145 0.999980092 62.184123993
0.999991357 0.002070223 -0.003614857 0.908541799 -0.002053624 0.999987304 0.004589613 -1.573950768 0.003624312 -0.004582149 0.999982953 62.727581024
0.999991179 0.001857657 -0.003771636 0.920104980 -0.001839481 0.999986827 0.004816770 -1.583206177 0.003780534 -0.004809789 0.999981284 63.263496399
0.999990284 0.002061543 -0.003895835 0.927957058 -0.002044199 0.999988019 0.004450634 -1.595331788 0.003904965 -0.004442627 0.999982536 63.807163239
0.999990523 0.001071142 -0.004213063 0.939965725 -0.001053127 0.999990344 0.004275832 -1.604619265 0.004217602 -0.004271355 0.999981999 64.361862183
0.999989867 0.001809778 -0.004119765 0.948375285 -0.001791581 0.999988616 0.004416296 -1.617491007 0.004127710 -0.004408871 0.999981761 64.880592346
0.999991298 0.001754009 -0.003785241 0.950855613 -0.001736145 0.999987364 0.004717405 -1.635142803 0.003793467 -0.004710793 0.999981701 65.417556763
0.999993503 0.001694483 -0.003194583 0.958209455 -0.001682467 0.999991596 0.003760212 -1.639939189 0.003200927 -0.003754812 0.999987841 65.972106934
0.999994278 0.001063069 -0.003219816 0.966815054 -0.001050748 0.999992192 0.003825989 -1.653011680 0.003223858 -0.003822584 0.999987423 66.519721985
0.999991834 0.002274054 -0.003346174 0.967853665 -0.002258926 0.999987245 0.004517874 -1.670812726 0.003356405 -0.004510279 0.999984145 67.055145264
0.999993980 0.001976341 -0.002838038 0.971542299 -0.001962511 0.999986231 0.004867459 -1.685977936 0.002847619 -0.004861860 0.999984145 67.598876953
0.999992847 0.002279226 -0.002991109 0.978358746 -0.002265047 0.999986172 0.004735242 -1.702682972 0.003001861 -0.004728434 0.999984264 68.140319824
0.999992609 0.002599861 -0.002838528 0.985324442 -0.002586769 0.999985993 0.004606090 -1.714020491 0.002850464 -0.004598713 0.999985337 68.673667908
0.999991953 0.002570262 -0.003061509 0.996527493 -0.002556216 0.999986172 0.004582801 -1.725700617 0.003073246 -0.004574940 0.999984741 69.212905884
0.999992728 0.002684806 -0.002703398 1.002809644 -0.002672687 0.999986410 0.004476896 -1.736049056 0.002715380 -0.004469639 0.999986291 69.764228821
0.999994755 0.002448041 -0.002120060 1.010012984 -0.002439158 0.999988317 0.004182581 -1.747178674 0.002130274 -0.004177387 0.999989033 70.307403564
0.999990821 0.002579607 -0.003413714 1.036075354 -0.002564715 0.999987245 0.004359594 -1.764507055 0.003424916 -0.004350799 0.999984682 70.829872131
0.999993801 0.002711479 -0.002251111 1.018308520 -0.002701171 0.999985874 0.004569473 -1.777297258 0.002263469 -0.004563364 0.999987006 71.379066467
0.999991715 0.003378612 -0.002310329 1.024964929 -0.003368207 0.999984264 0.004493131 -1.790258408 0.002325473 -0.004485311 0.999987245 71.927803040
0.999994457 0.001929756 -0.002709480 1.045996070 -0.001919556 0.999991059 0.003761921 -1.801751614 0.002716715 -0.003756698 0.999989271 72.461997986
0.999993145 0.002974999 -0.002217504 1.042760849 -0.002964853 0.999985158 0.004564913 -1.818249583 0.002231052 -0.004558308 0.999987066 72.986167908
0.999994397 0.002828739 -0.001790018 1.048576832 -0.002821087 0.999986887 0.004262660 -1.824206710 0.001802052 -0.004257586 0.999989331 73.533317566
0.999993980 0.002086871 -0.002794546 1.070702791 -0.002075014 0.999988794 0.004238947 -1.841531873 0.002803360 -0.004233123 0.999987066 74.081451416
0.999994099 0.002234587 -0.002651850 1.076457024 -0.002221511 0.999985397 0.004923819 -1.856858373 0.002662814 -0.004917897 0.999984384 74.597564697
0.999993503 0.002209039 -0.002842013 1.084114552 -0.002194317 0.999984205 0.005172995 -1.870404243 0.002853397 -0.005166725 0.999982595 75.149543762
0.999993622 0.001926044 -0.002982943 1.096749067 -0.001912095 0.999987245 0.004672244 -1.880815625 0.002991904 -0.004666511 0.999984622 75.680549622
0.999994874 0.001244596 -0.002950822 1.105089903 -0.001230737 0.999988198 0.004693753 -1.894278288 0.002956629 -0.004690098 0.999984622 76.223617554
0.999990761 0.003155203 -0.002909105 1.123912334 -0.003138410 0.999978483 0.005759212 -1.925275803 0.002927214 -0.005750028 0.999979198 76.727005005
0.999991536 0.002703991 -0.003107590 1.129488111 -0.002690871 0.999987483 0.004218210 -1.911095619 0.003118958 -0.004209812 0.999986291 77.306434631
0.999992311 0.001431459 -0.003639085 1.141740799 -0.001416705 0.999990821 0.004053333 -1.922953248 0.003644853 -0.004048146 0.999985218 77.843315125
0.999994099 0.002036254 -0.002760275 1.140656829 -0.002023847 0.999987900 0.004490254 -1.944637537 0.002769384 -0.004484641 0.999986112 78.377418518
0.999993205 0.002478551 -0.002716441 1.152615070 -0.002467033 0.999988019 0.004235529 -1.953694582 0.002726906 -0.004228800 0.999987304 78.920684814
0.999991000 0.002271075 -0.003572003 1.168157458 -0.002254067 0.999986172 0.004758488 -1.965835929 0.003582760 -0.004750394 0.999982238 79.487533569
0.999994218 0.002448904 -0.002328133 1.156407356 -0.002439009 0.999987960 0.004243496 -1.981358528 0.002338498 -0.004237794 0.999988258 79.973144531
0.999995649 0.002645217 -0.001323284 1.165779233 -0.002639546 0.999987423 0.004268704 -1.992428899 0.001334559 -0.004265192 0.999989927 80.515777588
0.999995828 0.002870119 0.000080251 1.176055074 -0.002870445 0.999986172 0.004405732 -2.006706715 -0.000067605 -0.004405944 0.999990284 81.056404114
0.999991715 0.003435546 0.002197235 1.182187676 -0.003445307 0.999984205 0.004454207 -2.021034241 -0.002181897 -0.004461740 0.999987662 81.603919983
0.999994516 0.002334509 0.002316869 1.204470158 -0.002344284 0.999988258 0.004225187 -2.026771784 -0.002306978 -0.004230595 0.999988377 82.134094238
0.999970436 0.003285851 0.006954545 1.215596557 -0.003317499 0.999984145 0.004544027 -2.040267229 -0.006939503 -0.004566964 0.999965489 82.685363770
0.999942482 0.004344243 0.009801216 1.247155786 -0.004400570 0.999973893 0.005732656 -2.062431097 -0.009776056 -0.005775457 0.999935508 83.205238342
0.999912441 0.002473311 0.012997652 1.244984269 -0.002530430 0.999987185 0.004379976 -2.072040319 -0.012986653 -0.004412482 0.999905944 83.739822388
0.999839783 0.002646512 0.017704096 1.269246340 -0.002728188 0.999985754 0.004590859 -2.089577675 -0.017691694 -0.004638423 0.999832749 84.293151855
0.999740720 0.002483721 0.022633638 1.304190397 -0.002575838 0.999988496 0.004041670 -2.101733923 -0.022623342 -0.004098923 0.999735653 84.837066650
0.999574482 0.002140881 0.029091928 1.331322074 -0.002259681 0.999989271 0.004051347 -2.110623837 -0.029082943 -0.004115361 0.999568582 85.402870178
0.999384403 0.002335990 0.035005160 1.362541318 -0.002478003 0.999988854 0.004014086 -2.125004530 -0.034995399 -0.004098358 0.999379098 85.928520203
0.999065459 0.002440364 0.043154180 1.398661137 -0.002607555 0.999989331 0.003818432 -2.130640984 -0.043144405 -0.003927391 0.999061048 86.490081787
0.998681426 0.002795994 0.051260088 1.445738077 -0.003021773 0.999986112 0.004327616 -2.151449919 -0.051247273 -0.004476805 0.998675942 87.044868469
0.998294711 0.002989559 0.058300287 1.492186546 -0.003257666 0.999984622 0.004504241 -2.169063568 -0.058285914 -0.004686482 0.998288929 87.602684021
0.997712970 0.001913880 0.067565136 1.542208672 -0.002196710 0.999989152 0.004111988 -2.167224884 -0.067556523 -0.004251005 0.997706413 88.093551636
0.996981204 0.002645852 0.077597812 1.604252815 -0.002987956 0.999986291 0.004292901 -2.181404591 -0.077585392 -0.004511801 0.996975541 88.628089905
0.996272027 0.001549666 0.086253628 1.671784878 -0.001922985 0.999989092 0.004245232 -2.190337181 -0.086246110 -0.004395270 0.996264219 89.201103210
0.995558560 0.002050701 0.094121858 1.731017590 -0.002493094 0.999986410 0.004582867 -2.214668512 -0.094111182 -0.004797167 0.995550156 89.705169678
0.994476736 0.001531592 0.104945995 1.807220936 -0.001974045 0.999989569 0.004112260 -2.220781088 -0.104938611 -0.004296715 0.994469345 90.246528625
0.993326366 0.000966462 0.115332142 1.889581680 -0.001453538 0.999990404 0.004139217 -2.231206894 -0.115327023 -0.004279234 0.993318260 90.792961121
0.992144585 0.001460877 0.125087470 1.968696594 -0.001987408 0.999989688 0.004084622 -2.245163679 -0.125080198 -0.004301135 0.992137313 91.319290161
0.990735173 0.001932273 0.135794699 2.064344406 -0.002558176 0.999986887 0.004434839 -2.256150961 -0.135784343 -0.004741137 0.990727127 91.866127014
0.989069343 0.000148865 0.147451222 2.171243668 -0.000788563 0.999990463 0.004279920 -2.269798279 -0.147449225 -0.004349412 0.989060044 92.390190125
0.987382948 -0.000300638 0.158350289 2.276590347 -0.000369012 0.999991119 0.004199496 -2.284941196 -0.158350170 -0.004204944 0.987374067 92.925964355
0.985563636 0.000321652 0.169305027 2.380773544 -0.001060964 0.999990284 0.004276294 -2.295011044 -0.169302002 -0.004394187 0.985554457 93.473205566
0.983269334 0.000065817 0.182157546 2.506750107 -0.000891190 0.999989688 0.004449245 -2.309699297 -0.182155386 -0.004537143 0.983259261 93.998359680
0.981038034 -0.000703444 0.193814516 2.629969597 -0.000157654 0.999990165 0.004427434 -2.321314096 -0.193815768 -0.004374036 0.981028199 94.498291016
0.978735507 -0.001383847 0.205121398 2.756519318 0.000536742 0.999991059 0.004185357 -2.328892231 -0.205125391 -0.003986259 0.978727579 95.037887573
0.976056099 -0.001532866 0.217513457 2.906847000 0.000581100 0.999989986 0.004439562 -2.338673115 -0.217518076 -0.004206864 0.976047158 95.554809570
0.973017275 -0.001013764 0.230729982 3.036096573 0.000023360 0.999990761 0.004295173 -2.348100662 -0.230732203 -0.004173888 0.973008335 96.045639038
0.970210135 -0.001063840 0.242262796 3.181789398 -0.000087142 0.999988675 0.004740204 -2.365443468 -0.242265150 -0.004620104 0.970199049 96.576118469
0.967259407 -0.001436963 0.253785521 3.341808319 0.000375795 0.999991000 0.004229787 -2.375470400 -0.253789306 -0.003995929 0.967251301 97.083404541
0.963644207 -0.001562533 0.267184079 3.506427765 0.000398473 0.999990165 0.004410934 -2.377064466 -0.267188370 -0.004144105 0.963635385 97.582107544
0.960143209 -0.001775845 0.279502839 3.682138443 0.000643475 0.999991119 0.004143078 -2.387654781 -0.279507697 -0.003798096 0.960135937 98.118957520
0.956948817 -0.002781026 0.290243506 3.874357224 0.001806128 0.999991775 0.003626717 -2.395346880 -0.290251195 -0.002946364 0.956945896 98.630386353
0.952495217 -0.003346301 0.304535091 4.033786774 0.002166937 0.999988794 0.004210571 -2.411953688 -0.304545671 -0.003350640 0.952491820 99.101593018
0.948196888 -0.004037348 0.317657501 4.231578827 0.002964491 0.999988198 0.003860696 -2.426525116 -0.317669302 -0.002719007 0.948197663 99.592491150
0.944196582 -0.004378918 0.329353243 4.430648804 0.003030519 0.999984801 0.004607352 -2.434083462 -0.329368412 -0.003352135 0.944195569 100.111358643
0.939689457 -0.004198726 0.342003107 4.630708694 0.003087854 0.999988019 0.003792516 -2.439768314 -0.342014909 -0.002507731 0.939691305 100.594505310
0.934368312 -0.004585064 0.356279045 4.844467163 0.003295140 0.999985635 0.004227370 -2.456993580 -0.356293291 -0.002775931 0.934370041 101.091697693
0.929608881 -0.004450502 0.368520558 5.060775757 0.002902071 0.999984503 0.004755884 -2.472445726 -0.368536025 -0.003351640 0.929607451 101.584808350
0.924757004 -0.004855930 0.380527139 5.279726028 0.003654156 0.999985814 0.003880550 -2.478996038 -0.380540609 -0.002198060 0.924761593 102.083793640
0.919299245 -0.006092554 0.393512070 5.519107819 0.004720358 0.999978960 0.004454766 -2.498664856 -0.393530995 -0.002237745 0.919308662 102.530578613
0.913468897 -0.007270831 0.406843573 5.761287689 0.005943691 0.999972105 0.004525699 -2.510931492 -0.406865120 -0.001715933 0.913486660 103.008964539
0.908935428 -0.008622442 0.416847676 6.016513824 0.007308720 0.999962032 0.004747443 -2.523499489 -0.416872799 -0.001268496 0.908963919 103.496566772
0.902175426 -0.007556388 0.431303084 6.258449554 0.006357017 0.999970853 0.004222144 -2.526072502 -0.431322396 -0.001067314 0.902197182 103.999046326
0.895254135 -0.006882783 0.445502758 6.522411346 0.005370517 0.999974668 0.004656833 -2.542338848 -0.445523590 -0.001776468 0.895268440 104.490516663
0.889432609 -0.008912509 0.456979364 6.785274506 0.007518231 0.999959886 0.004869351 -2.554037094 -0.457004488 -0.000895283 0.889463961 104.964836121
0.883742869 -0.009073116 0.467884779 7.048095703 0.007614749 0.999958456 0.005008193 -2.569190979 -0.467910737 -0.000863129 0.883775294 105.418571472
0.876555622 -0.008829107 0.481219560 7.336296082 0.007355891 0.999960721 0.004947659 -2.581176281 -0.481244355 -0.000797100 0.876586080 105.888763428
0.869661748 -0.009317636 0.493560225 7.629421234 0.007757994 0.999956310 0.005207875 -2.597359180 -0.493587255 -0.000700052 0.869695961 106.348846436
0.864081740 -0.010060932 0.503250957 7.919471741 0.008593324 0.999949396 0.005236129 -2.606966019 -0.503278136 -0.000199845 0.864124477 106.791168213
0.856898308 -0.010206859 0.515384436 8.225387573 0.008378599 0.999947727 0.005872736 -2.622693777 -0.515417397 -0.000714139 0.856939018 107.254333496
