1.000000000 0.000000000 0.000000000 0.000000000 0.000000000 1.000000000 0.000000000 0.000000000 0.000000000 0.000000000 1.000000000 0.000000000
1.000000000 0.000042010 0.000149219 -0.000975856 -0.000042016 1.000000000 0.000041298 -0.000092248 -0.000149217 -0.000041304 1.000000000 0.000060457
1.000000000 0.000081142 0.000158841 -0.001402732 -0.000081160 1.000000000 0.000110279 0.000681467 -0.000158832 -0.000110292 1.000000000 0.002121886
1.000000000 0.000156361 -0.000003779 0.000134621 -0.000156360 1.000000000 0.000174225 -0.001185739 0.000003806 -0.000174225 1.000000000 -0.000225182
0.999999940 0.000249883 0.000143838 -0.001119436 -0.000249897 0.999999940 0.000091952 -0.000134714 -0.000143815 -0.000091988 1.000000000 0.000204555
1.000000000 -0.000034046 0.000038453 -0.000688814 0.000034044 1.000000000 0.000057008 0.000020734 -0.000038455 -0.000057007 1.000000000 -0.000570502
1.000000000 -0.000042572 0.000134238 -0.001951013 0.000042586 1.000000000 -0.000103036 0.001947088 -0.000134234 0.000103042 1.000000000 0.003441567
1.000000000 -0.000145409 0.000170095 -0.001142033 0.000145410 1.000000000 -0.000004012 0.001240182 -0.000170095 0.000004037 1.000000000 0.002921757
1.000000000 0.000010833 0.000156193 -0.001489719 -0.000010833 1.000000000 -0.000000258 0.000906131 -0.000156193 0.000000257 1.000000000 0.002673238
1.000000000 -0.000014029 0.000208030 -0.001159373 0.000014026 1.000000000 0.000012495 0.000269133 -0.000208031 -0.000012492 1.000000000 0.000200313
0.999999940 -0.000066808 0.000236022 -0.001236011 0.000066808 1.000000000 0.000002440 0.001465939 -0.000236023 -0.000002424 1.000000000 0.002725956
1.000000000 -0.000010855 0.000119883 -0.000597829 0.000010842 1.000000000 0.000107204 -0.000336589 -0.000119884 -0.000107202 1.000000000 0.000619568
1.000000000 0.000024765 0.000183122 -0.001549859 -0.000024761 1.000000000 -0.000025898 0.001847619 -0.000183122 0.000025894 1.000000000 0.004235886
0.999999940 -0.000079817 0.000277157 -0.002392239 0.000079771 1.000000000 0.000165547 0.000953368 -0.000277170 -0.000165525 0.999999940 0.004015542
1.000000000 -0.000035401 0.000166878 -0.001952604 0.000035388 1.000000000 0.000081606 0.000998316 -0.000166881 -0.000081600 1.000000000 0.003525215
1.000000000 0.000099906 0.000090055 -0.001374985 -0.000099915 1.000000000 0.000104343 0.000020298 -0.000090045 -0.000104352 1.000000000 0.002119058
1.000000000 0.000024214 0.000170035 -0.001232854 -0.000024240 1.000000000 0.000150242 -0.001086976 -0.000170032 -0.000150246 1.000000000 -0.000217172
0.999999940 0.000131476 0.000326207 -0.001516024 -0.000131514 1.000000000 0.000116054 0.000021282 -0.000326192 -0.000116097 0.999999940 0.001285648
0.999999940 0.000128200 0.000272842 -0.002966989 -0.000128234 1.000000000 0.000125974 0.000229834 -0.000272825 -0.000126009 0.999999940 0.002793259
0.999999940 0.000170253 0.000181533 -0.002034962 -0.000170276 1.000000000 0.000130579 0.000574593 -0.000181511 -0.000130610 1.000000000 0.003440160
0.999999881 0.000323486 0.000317911 -0.003136559 -0.000323546 0.999999940 0.000189095 0.000627123 -0.000317850 -0.000189198 0.999999940 0.004141850
0.999999821 0.000428957 0.000343687 -0.002955849 -0.000428999 0.999999881 0.000124105 -0.000100538 -0.000343633 -0.000124252 0.999999940 0.001549412
0.999999940 0.000085440 0.000229217 -0.002369608 -0.000085466 1.000000000 0.000113055 0.000469352 -0.000229208 -0.000113075 0.999999940 0.002639488
0.999999940 0.000176168 0.000320847 -0.001821093 -0.000176211 1.000000000 0.000133846 -0.000223266 -0.000320824 -0.000133903 0.999999940 0.001986084
0.999999940 0.000049489 0.000266212 -0.001805075 -0.000049492 1.000000000 0.000012142 0.000627841 -0.000266212 -0.000012155 0.999999940 0.000082096
1.000000000 0.000076182 0.000182776 -0.000372494 -0.000076188 1.000000000 0.000034257 0.000950306 -0.000182773 -0.000034271 1.000000000 0.001420264
0.999999940 -0.000002389 0.000272498 -0.001876881 0.000002348 1.000000000 0.000149305 -0.000101982 -0.000272498 -0.000149304 0.999999940 0.001354382
1.000000000 0.000059030 0.000230224 -0.000667011 -0.000059046 1.000000000 0.000067393 0.000289333 -0.000230220 -0.000067407 1.000000000 0.000485515
0.999999881 0.000295168 0.000375943 -0.003933176 -0.000295137 0.999999940 -0.000081261 0.002388874 -0.000375967 0.000081150 0.999999940 0.003957989
0.999999940 0.000067530 0.000280294 -0.003541601 -0.000067532 1.000000000 0.000006085 0.002310423 -0.000280294 -0.000006104 0.999999940 0.004832249
0.999999940 0.000117663 0.000352819 -0.003029633 -0.000117694 1.000000000 0.000087840 0.001136272 -0.000352808 -0.000087882 0.999999940 0.003337744
1.000000000 -0.000053040 0.000238234 -0.001713845 0.000053018 1.000000000 0.000093347 0.000477463 -0.000238239 -0.000093335 0.999999940 0.001317727
0.999999940 0.000129893 0.000361699 -0.003512520 -0.000129887 1.000000000 -0.000016634 0.001808252 -0.000361701 0.000016587 0.999999940 0.003454478
0.999999881 0.000150289 0.000416992 -0.002734837 -0.000150267 1.000000000 -0.000054301 0.001877377 -0.000417000 0.000054239 0.999999940 0.003395488
0.999999940 0.000164461 0.000252053 -0.000952048 -0.000164487 1.000000000 0.000102399 -0.000167394 -0.000252036 -0.000102441 0.999999940 0.000326989
0.999999940 0.000164739 0.000341917 -0.002720592 -0.000164711 1.000000000 -0.000080267 0.003212924 -0.000341930 0.000080211 0.999999940 0.005300244
0.999999940 0.000133884 0.000300123 -0.003251759 -0.000133852 1.000000000 -0.000106362 0.004605372 -0.000300137 0.000106322 0.999999940 0.007177685
0.999999940 -0.000081385 0.000252016 -0.001076692 0.000081371 1.000000000 0.000054186 0.001235830 -0.000252020 -0.000054166 0.999999940 0.002751477
0.999999940 0.000180281 0.000329517 -0.002553743 -0.000180322 1.000000000 0.000123868 0.001154802 -0.000329495 -0.000123928 0.999999940 0.003158241
0.999999940 -0.000125696 0.000223375 -0.001051488 0.000125685 1.000000000 0.000047405 0.001556508 -0.000223381 -0.000047377 1.000000000 0.002974322
0.999999881 0.000021835 0.000458687 -0.002951298 -0.000021829 1.000000000 -0.000013034 0.001698504 -0.000458687 0.000013024 0.999999881 0.004914925
0.999999940 -0.000250248 0.000234419 0.000258258 0.000250423 0.999999702 -0.000746101 0.000562013 -0.000234232 0.000746160 0.999999702 0.055140305
0.999999940 0.000173338 0.000331179 -0.001158232 -0.000172974 0.999999404 -0.001098787 -0.005635128 -0.000331369 0.001098730 0.999999344 0.133522809
1.000000000 0.000071495 0.000096051 0.003112840 -0.000071327 0.999998450 -0.001751759 -0.002269962 -0.000096176 0.001751752 0.999998450 0.256585062
1.000000000 0.000069525 0.000120128 0.004762049 -0.000069382 0.999999285 -0.001195384 -0.011619763 -0.000120211 0.001195375 0.999999285 0.386885136
0.999999940 0.000181603 0.000168676 0.008547867 -0.000181451 0.999999583 -0.000900074 -0.017469840 -0.000168840 0.000900044 0.999999583 0.525404751
0.999999940 0.000303923 0.000124113 0.013152922 -0.000303822 0.999999642 -0.000817443 -0.025577294 -0.000124361 0.000817405 0.999999642 0.668852866
0.999999762 0.000511738 0.000440957 0.015652830 -0.000511346 0.999999464 -0.000890037 -0.024234401 -0.000441412 0.000889811 0.999999523 0.842310846
0.999999940 0.000369404 0.000148350 0.018128144 -0.000369326 0.999999821 -0.000528200 -0.028790507 -0.000148545 0.000528145 0.999999821 1.015812755
1.000000000 0.000126556 0.000057604 0.022300759 -0.000126539 0.999999940 -0.000287129 -0.034791797 -0.000057641 0.000287122 0.999999940 1.190859079
0.999999881 0.000359271 0.000354605 0.017770525 -0.000359067 0.999999762 -0.000574497 -0.035435498 -0.000354812 0.000574370 0.999999762 1.371567965
1.000000000 -0.000047449 0.000027162 0.036091752 0.000047449 1.000000000 0.000006575 -0.050480310 -0.000027162 -0.000006573 1.000000000 1.569217443
0.999999821 0.000379954 0.000430615 0.037180971 -0.000379902 0.999999940 -0.000120992 -0.052237876 -0.000430661 0.000120828 0.999999881 1.760267973
0.999999940 0.000400527 0.000095555 0.038873516 -0.000400495 0.999999881 -0.000340488 -0.053898729 -0.000095692 0.000340449 0.999999940 1.956415415
0.999999642 0.000641651 0.000598751 0.038081020 -0.000641694 0.999999821 0.000071782 -0.067398384 -0.000598705 -0.000072167 0.999999821 2.161567926
0.999999881 0.000267668 -0.000330651 0.055285960 -0.000268180 0.999998748 -0.001550115 -0.056197863 0.000330236 0.001550204 0.999998748 2.390186548
0.999999702 0.000446114 -0.000535806 0.066768080 -0.000446856 0.999998868 -0.001387089 -0.065364711 0.000535187 0.001387328 0.999998868 2.604145050
0.999999702 0.000630392 -0.000381232 0.067350619 -0.000630879 0.999998987 -0.001279658 -0.073204659 0.000380425 0.001279898 0.999999046 2.827988625
0.999999642 0.000457450 -0.000710936 0.077267975 -0.000458082 0.999999464 -0.000888868 -0.082537614 0.000710529 0.000889193 0.999999344 3.063103437
0.999999702 0.000165189 -0.000651241 0.077002093 -0.000166220 0.999998748 -0.001584284 -0.080669992 0.000650979 0.001584392 0.999998569 3.302715063
0.999999881 0.000350300 -0.000404039 0.083225854 -0.000350747 0.999999344 -0.001107405 -0.093381047 0.000403651 0.001107547 0.999999285 3.541116714
0.999999881 0.000341827 -0.000418889 0.085753858 -0.000342459 0.999998868 -0.001509725 -0.095036402 0.000418373 0.001509868 0.999998689 3.805037022
0.999999881 0.000404528 -0.000408748 0.094810940 -0.000405168 0.999998689 -0.001567374 -0.103403896 0.000408113 0.001567540 0.999998689 4.059658051
0.999999762 0.000293477 -0.000612052 0.099013291 -0.000294058 0.999999464 -0.000950187 -0.114810042 0.000611772 0.000950366 0.999999404 4.314088821
0.999999821 0.000484896 -0.000259798 0.098499030 -0.000485237 0.999999046 -0.001313937 -0.116703488 0.000259160 0.001314063 0.999999106 4.571776390
0.999999762 0.000579899 -0.000129458 0.105321586 -0.000580032 0.999999285 -0.001031333 -0.126028910 0.000128859 0.001031408 0.999999523 4.827491283
0.999999881 0.000249844 -0.000297596 0.110595256 -0.000250173 0.999999404 -0.001106419 -0.131807715 0.000297319 0.001106494 0.999999344 5.097499371
0.999999940 0.000251984 -0.000282624 0.114428446 -0.000252306 0.999999404 -0.001138002 -0.138654232 0.000282337 0.001138074 0.999999285 5.352398872
0.999999464 0.001028264 0.000255802 0.112521730 -0.001027942 0.999998689 -0.001254303 -0.147679657 -0.000257091 0.001254039 0.999999166 5.622753143
0.999999702 0.000759005 0.000259838 0.115683995 -0.000758738 0.999999225 -0.001026354 -0.155908421 -0.000260617 0.001026156 0.999999464 5.890419483
0.999999523 0.000921312 0.000374730 0.123875499 -0.000920967 0.999999166 -0.000921370 -0.165441930 -0.000375579 0.000921025 0.999999464 6.170102596
0.999999046 0.001393504 0.000144152 0.129610091 -0.001393371 0.999998629 -0.000915279 -0.175627381 -0.000145428 0.000915077 0.999999583 6.450170994
0.999999642 0.000810155 0.000220859 0.138194963 -0.000809927 0.999999166 -0.001032325 -0.188704327 -0.000221695 0.001032145 0.999999404 6.728903770
0.999999464 0.001013115 0.000264118 0.142527640 -0.001012796 0.999998808 -0.001203948 -0.195136428 -0.000265338 0.001203680 0.999999285 7.028755188
0.999999404 0.001093798 0.000082308 0.150813982 -0.001093692 0.999998689 -0.001284143 -0.203379914 -0.000083713 0.001284052 0.999999166 7.325184822
0.999998927 0.001059622 0.000953842 0.147778526 -0.001057908 0.999997854 -0.001795348 -0.205397323 -0.000955742 0.001794336 0.999997973 7.640908718
0.999999046 0.001231444 0.000540757 0.163452104 -0.001230791 0.999998510 -0.001206513 -0.221261054 -0.000542242 0.001205846 0.999999166 7.933753967
0.999999404 0.000971245 0.000334011 0.168399885 -0.000971071 0.999999404 -0.000519528 -0.239645362 -0.000334516 0.000519204 0.999999762 8.269854546
0.999999106 0.001216409 0.000567181 0.176541880 -0.001215967 0.999998987 -0.000778570 -0.250582635 -0.000568128 0.000777879 0.999999464 8.593250275
0.999999166 0.000948329 0.000957508 0.177146465 -0.000947406 0.999999106 -0.000964109 -0.255410373 -0.000958422 0.000963201 0.999999106 8.935905457
0.999999404 0.000800931 0.000853995 0.183717757 -0.000800163 0.999999344 -0.000900008 -0.264890879 -0.000854715 0.000899324 0.999999225 9.267353058
0.999998748 0.001221595 0.001011420 0.184833333 -0.001221146 0.999999166 -0.000445166 -0.276370019 -0.001011963 0.000443930 0.999999464 9.602484703
0.999999642 0.000555545 0.000578451 0.193096578 -0.000555371 0.999999762 -0.000300547 -0.290802866 -0.000578618 0.000300225 0.999999762 9.955817223
0.999999523 0.000890036 0.000418550 0.202478230 -0.000889966 0.999999642 -0.000167386 -0.302821875 -0.000418699 0.000167014 0.999999881 10.312737465
0.999999225 0.000740360 0.000945980 0.205282435 -0.000740186 0.999999702 -0.000184371 -0.312876463 -0.000946116 0.000183671 0.999999464 10.672987938
0.999999344 0.000414840 0.001070788 0.214910120 -0.000414311 0.999999762 -0.000493645 -0.319203198 -0.001070993 0.000493201 0.999999285 11.042157173
0.999998689 0.000739137 0.001434305 0.217440903 -0.000737954 0.999999344 -0.000825265 -0.328085870 -0.001434914 0.000824205 0.999998569 11.419230461
0.999998987 0.000663478 0.001191464 0.226774186 -0.000663230 0.999999762 -0.000208603 -0.343333840 -0.001191602 0.000207813 0.999999285 11.792402267
0.999998152 0.001336941 0.001407522 0.234002098 -0.001336191 0.999998987 -0.000533936 -0.353989422 -0.001408235 0.000532054 0.999998927 12.179281235
0.999999225 0.000698208 0.001046329 0.248139873 -0.000697584 0.999999583 -0.000595954 -0.364966184 -0.001046745 0.000595224 0.999999285 12.568181992
0.999998093 0.001260088 0.001493774 0.251354247 -0.001259716 0.999999166 -0.000249376 -0.377422363 -0.001494087 0.000247494 0.999998868 12.972669601
0.999998868 0.001019183 0.001081067 0.264349222 -0.001018772 0.999999404 -0.000380647 -0.389641106 -0.001081455 0.000379545 0.999999344 13.358641624
0.999997973 0.000954315 0.001747679 0.267722040 -0.000953763 0.999999404 -0.000316605 -0.397325784 -0.001747980 0.000314937 0.999998391 13.775141716
0.999998331 0.000844415 0.001628488 0.276297033 -0.000843576 0.999999523 -0.000515692 -0.408357590 -0.001628923 0.000514317 0.999998510 14.184052467
0.999997973 0.000914643 0.001797423 0.286691576 -0.000913880 0.999999523 -0.000424982 -0.420025975 -0.001797810 0.000423339 0.999998331 14.608822823
0.999997795 0.000665040 0.002046277 0.297071695 -0.000664864 0.999999821 -0.000087043 -0.434612185 -0.002046335 0.000085683 0.999997914 15.030839920
0.999997735 0.000841023 0.001966580 0.310457438 -0.000840402 0.999999583 -0.000316544 -0.448106468 -0.001966845 0.000314891 0.999998033 15.465499878
0.999996781 0.000767988 0.002411505 0.319240272 -0.000766638 0.999999464 -0.000560686 -0.458957255 -0.002411935 0.000558835 0.999996960 15.904670715
0.999996662 0.000648163 0.002499099 0.329390705 -0.000646931 0.999999583 -0.000493766 -0.469875365 -0.002499419 0.000492148 0.999996722 16.349889755
0.999994934 0.001052350 0.003009803 0.335694194 -0.001050476 0.999999225 -0.000624128 -0.483175993 -0.003010456 0.000620963 0.999995291 16.797681808
0.999993920 0.001152485 0.003293769 0.345548868 -0.001151263 0.999999285 -0.000372999 -0.498587757 -0.003294197 0.000369205 0.999994516 17.247306824
0.999993443 0.001036335 0.003465659 0.356069237 -0.001035045 0.999999344 -0.000373885 -0.509547472 -0.003466045 0.000370295 0.999993920 17.714365005
0.999989569 0.001388543 0.004342012 0.361345351 -0.001384918 0.999998689 -0.000837760 -0.517848313 -0.004343170 0.000831738 0.999990165 18.184480667
0.999992669 0.000390881 0.003787555 0.389378190 -0.000389209 0.999999821 -0.000442120 -0.532979190 -0.003787728 0.000440642 0.999992788 18.638536453
0.999990344 0.001312364 0.004190066 0.389717996 -0.001308799 0.999998808 -0.000853428 -0.543462515 -0.004191183 0.000847936 0.999990880 19.122724533
0.999991715 0.000864257 0.003979292 0.406151295 -0.000861052 0.999999344 -0.000807237 -0.554984152 -0.003979987 0.000803804 0.999991775 19.605350494
0.999991775 0.000702406 0.003987721 0.417367876 -0.000697754 0.999999046 -0.001168033 -0.562670350 -0.003988537 0.001165241 0.999991357 20.088754654
0.999989390 0.001145332 0.004462114 0.416689575 -0.001142070 0.999999046 -0.000733595 -0.583890378 -0.004462949 0.000728491 0.999989688 20.578680038
0.999988973 0.001604138 0.004390100 0.426040262 -0.001599781 0.999998212 -0.000995651 -0.593067467 -0.004391689 0.000988617 0.999989808 21.076501846
0.999992073 0.001058394 0.003827415 0.437327772 -0.001053844 0.999998808 -0.001190598 -0.600335896 -0.003828670 0.001186555 0.999991894 21.584386826
0.999991596 0.000954911 0.003988850 0.435062915 -0.000952436 0.999999344 -0.000622343 -0.625231385 -0.003989442 0.000618539 0.999991834 22.062721252
0.999994993 0.000915737 0.003020673 0.450828493 -0.000914737 0.999999523 -0.000332553 -0.642954648 -0.003020976 0.000329789 0.999995351 22.572483063
0.999996006 0.001628466 0.002268230 0.462714911 -0.001628711 0.999998629 0.000106232 -0.662794948 -0.002268054 -0.000109926 0.999997497 23.087213516
0.999994278 0.002324691 0.002467484 0.468743771 -0.002322939 0.999997079 -0.000712683 -0.676587403 -0.002469133 0.000706947 0.999996781 23.614740372
0.999998748 0.000030343 0.001545542 0.476868212 -0.000028838 0.999999523 -0.000973527 -0.692279875 -0.001545571 0.000973481 0.999998271 24.138662338
0.999999225 0.000499935 0.001069904 0.484693408 -0.000499500 0.999999762 -0.000407475 -0.706972599 -0.001070107 0.000406941 0.999999344 24.677648544
0.999998808 0.001501154 0.000052680 0.500141978 -0.001501143 0.999998868 -0.000195158 -0.726271570 -0.000052973 0.000195079 0.999999940 25.214345932
0.999999106 0.001188972 -0.000659418 0.509459317 -0.001189070 0.999999344 -0.000148404 -0.739565372 0.000659241 0.000149188 0.999999821 25.764923096
0.999998450 0.001419840 -0.001039532 0.524073064 -0.001419395 0.999998927 0.000428246 -0.762519360 0.001040139 -0.000426769 0.999999344 26.310997009
0.999998748 0.001102025 -0.001158111 0.521793485 -0.001101444 0.999999285 0.000501814 -0.776649654 0.001158663 -0.000500539 0.999999225 26.848592758
0.999999106 0.000526914 -0.001308731 0.536604285 -0.000525851 0.999999583 0.000812166 -0.799833775 0.001309159 -0.000811477 0.999998808 27.386568069
0.999997675 0.001444830 -0.001635597 0.547273755 -0.001444111 0.999998927 0.000440861 -0.812638819 0.001636232 -0.000438498 0.999998569 27.940856934
0.999996543 0.001949530 -0.001772922 0.539275706 -0.001948294 0.999997854 0.000698711 -0.829779267 0.001774281 -0.000695254 0.999998212 28.484680176
0.999996185 0.001602594 -0.002238492 0.550324440 -0.001601302 0.999998510 0.000578939 -0.844464302 0.002239416 -0.000575353 0.999997377 29.023742676
0.999995053 0.001808037 -0.002576753 0.560438156 -0.001805279 0.999997854 0.001072316 -0.861711740 0.002578686 -0.001067659 0.999996185 29.571477890
0.999994338 0.001876670 -0.002836652 0.563864470 -0.001872842 0.999997318 0.001351525 -0.884280205 0.002839181 -0.001346205 0.999995053 30.103681564
0.999992728 0.002345593 -0.002998514 0.575950503 -0.002340221 0.999995649 0.001793786 -0.903998077 0.003002709 -0.001786756 0.999993861 30.647659302
0.999991953 0.002165965 -0.003369354 0.582305193 -0.002161007 0.999996603 0.001474450 -0.916072905 0.003372536 -0.001467158 0.999993265 31.195899963
0.999991000 0.002308629 -0.003553539 0.591637135 -0.002303091 0.999996126 0.001561982 -0.929934621 0.003557131 -0.001553783 0.999992490 31.743419647
0.999990046 0.002196017 -0.003874648 0.605362058 -0.002189619 0.999996245 0.001654719 -0.948972344 0.003878267 -0.001646219 0.999991119 32.285633087
0.999990463 0.002387657 -0.003652582 0.606114626 -0.002381524 0.999995887 0.001682331 -0.957358360 0.003656583 -0.001673616 0.999991894 32.832763672
0.999987185 0.001782804 -0.004723839 0.620467067 -0.001776721 0.999997616 0.001291618 -0.975165367 0.004726130 -0.001283208 0.999987960 33.369049072
0.999988735 0.002432498 -0.004098644 0.623419523 -0.002426729 0.999996066 0.001412116 -0.984645784 0.004102063 -0.001402154 0.999990582 33.931430817
0.999990225 0.002063478 -0.003892881 0.625400066 -0.002056883 0.999996424 0.001697434 -1.002259612 0.003896370 -0.001689410 0.999990940 34.476287842
0.999988079 0.002570112 -0.004149387 0.635517716 -0.002563636 0.999995410 0.001565468 -1.014762521 0.004153391 -0.001554812 0.999990165 35.018016815
0.999992013 0.002000866 -0.003471846 0.634820044 -0.001995694 0.999996841 0.001492732 -1.027318835 0.003474823 -0.001485791 0.999992847 35.569824219
0.999993443 0.002567554 -0.002549687 0.635344982 -0.002562909 0.999994993 0.001823354 -1.046899557 0.002554356 -0.001816807 0.999995112 36.102523804
0.999985337 0.003285496 -0.004299214 0.656053424 -0.003279763 0.999993742 0.001340178 -1.055495501 0.004303590 -0.001326058 0.999989867 36.650947571
0.999984622 0.003254877 -0.004498757 0.666336238 -0.003248964 0.999993861 0.001321303 -1.067851663 0.004503030 -0.001306666 0.999989033 37.199127197
0.999984324 0.002991178 -0.004735742 0.673314929 -0.002985294 0.999994695 0.001249057 -1.086283207 0.004739453 -0.001234899 0.999988019 37.759765625
0.999984801 0.002615098 -0.004865716 0.681206107 -0.002608773 0.999995708 0.001305901 -1.100366116 0.004869110 -0.001293188 0.999987304 38.310348511
0.999980569 0.003301230 -0.005292097 0.697503328 -0.003294194 0.999993622 0.001337930 -1.113301396 0.005296480 -0.001320470 0.999985158 38.855785370
0.999981344 0.003204274 -0.005198300 0.701273024 -0.003199271 0.999994338 0.000970554 -1.126812100 0.005201382 -0.000953906 0.999985933 39.411350250
0.999981403 0.003259581 -0.005150455 0.716746807 -0.003253470 0.999993920 0.001194418 -1.144813061 0.005154317 -0.001177639 0.999985993 39.953128815
0.999976635 0.003451121 -0.005898107 0.735403419 -0.003440908 0.999992549 0.001740591 -1.171325445 0.005904071 -0.001720256 0.999980986 40.490318298
0.999976933 0.003073242 -0.006052455 0.739255071 -0.003064179 0.999994159 0.001506131 -1.182977796 0.006057049 -0.001487550 0.999980509 41.052337646
0.999976039 0.003612671 -0.005893272 0.747688174 -0.003600449 0.999991357 0.002083109 -1.198148370 0.005900746 -0.002061841 0.999980509 41.603656769
0.999970675 0.003299271 -0.006901610 0.766894817 -0.003286469 0.999992788 0.001865513 -1.215070963 0.006907715 -0.001842777 0.999974489 42.149612427
0.999974728 0.003573459 -0.006168803 0.755253315 -0.003562121 0.999991953 0.001848014 -1.227237225 0.006175357 -0.001825992 0.999979258 42.706974030
0.999975026 0.003395826 -0.006192752 0.764115989 -0.003383450 0.999992311 0.002007931 -1.241828442 0.006199523 -0.001986928 0.999978781 43.248477936
0.999971330 0.003709019 -0.006602778 0.776392698 -0.003697503 0.999991655 0.001755298 -1.256631732 0.006609234 -0.001730834 0.999976695 43.800731659
0.999975443 0.003215518 -0.006227234 0.774815381 -0.003200956 0.999992132 0.002347018 -1.275744677 0.006234733 -0.002327027 0.999977827 44.351623535
0.999975324 0.003651472 -0.005987432 0.782721460 -0.003640850 0.999991775 0.001783874 -1.283868790 0.005993897 -0.001762031 0.999980450 44.912094116
0.999975741 0.003697875 -0.005908894 0.793361962 -0.003688082 0.999991894 0.001667333 -1.291507959 0.005915012 -0.001645500 0.999981105 45.448558807
0.999974668 0.003461649 -0.006219195 0.794692397 -0.003448460 0.999991775 0.002130041 -1.315560818 0.006226517 -0.002108541 0.999978364 46.005786896
0.999973476 0.003192836 -0.006555594 0.809008598 -0.003178898 0.999992669 0.002135386 -1.333705306 0.006562363 -0.002114489 0.999976277 46.545352936
0.999970555 0.003489429 -0.006826953 0.823886037 -0.003473121 0.999991000 0.002399137 -1.352604270 0.006835264 -0.002375355 0.999973774 47.082466125
0.999975741 0.003204045 -0.006181992 0.807338357 -0.003191708 0.999992907 0.002004599 -1.355796576 0.006188372 -0.001984820 0.999978840 47.639621735
0.999971986 0.004015485 -0.006310306 0.814555764 -0.004002292 0.999989867 0.002101952 -1.369948030 0.006318683 -0.002076638 0.999977827 48.188049316
0.999970496 0.002982948 -0.007081029 0.838258386 -0.002970674 0.999994099 0.001743340 -1.381619334 0.007086188 -0.001722253 0.999973416 48.733627319
0.999975502 0.003109125 -0.006274917 0.823638320 -0.003095031 0.999992609 0.002254690 -1.400134206 0.006281881 -0.002235214 0.999977767 49.270149231
0.999976873 0.003102923 -0.006046184 0.830696642 -0.003091477 0.999993324 0.001901593 -1.410250664 0.006052044 -0.001882858 0.999979913 49.823631287
0.999976218 0.003179722 -0.006111606 0.842402160 -0.003166810 0.999992669 0.002121308 -1.429409146 0.006118306 -0.002101904 0.999979079 50.367469788
0.999975681 0.002805995 -0.006387023 0.850009799 -0.002793916 0.999994397 0.001899453 -1.440356851 0.006392317 -0.001881564 0.999977827 50.920455933
0.999977469 0.002634563 -0.006168752 0.858442247 -0.002618470 0.999993145 0.002615415 -1.461346865 0.006175599 -0.002599203 0.999977589 51.470367432
0.999975145 0.003046747 -0.006356765 0.869915605 -0.003030930 0.999992311 0.002496475 -1.476800561 0.006364322 -0.002477146 0.999976754 52.012439728
0.999973059 0.002957231 -0.006705841 0.881118059 -0.002944288 0.999993801 0.001939147 -1.486322165 0.006711533 -0.001919351 0.999975562 52.560070038
0.999976158 0.002747945 -0.006325100 0.882626951 -0.002735880 0.999994397 0.001915400 -1.498895645 0.006330328 -0.001898050 0.999978125 53.099704742
0.999974072 0.002623935 -0.006703985 0.892488956 -0.002610358 0.999994516 0.002033137 -1.513352036 0.006709283 -0.002015584 0.999975443 53.663970947
0.999974787 0.002675126 -0.006580877 0.904605508 -0.002664038 0.999995053 0.001693093 -1.525855184 0.006585374 -0.001675519 0.999976873 54.212455750
0.999974728 0.002683651 -0.006582655 0.904708147 -0.002672380 0.999994934 0.001720595 -1.534967065 0.006587239 -0.001702959 0.999976873 54.754898071
0.999974072 0.002765862 -0.006647634 0.906657934 -0.002756048 0.999995053 0.001485015 -1.549224973 0.006651708 -0.001466655 0.999976873 55.305458069
0.999974787 0.002977948 -0.006452733 0.918260872 -0.002967224 0.999994159 0.001670863 -1.560416102 0.006457670 -0.001651674 0.999977827 55.848300934
0.999972522 0.002709901 -0.006900657 0.930353642 -0.002699827 0.999995291 0.001468827 -1.575205564 0.006904605 -0.001450157 0.999975085 56.398777008
0.999974787 0.002487861 -0.006649502 0.946312189 -0.002476912 0.999995589 0.001654234 -1.594008207 0.006653587 -0.001637723 0.999976575 56.939151764
0.999972224 0.003092962 -0.006769869 0.947488427 -0.003083305 0.999994218 0.001436422 -1.601195812 0.006774273 -0.001415507 0.999976039 57.479232788
0.999971628 0.003103472 -0.006849875 0.954290748 -0.003093893 0.999994218 0.001408470 -1.620515943 0.006854207 -0.001387236 0.999975562 58.018154144
0.999973476 0.002701393 -0.006755580 0.962477148 -0.002694014 0.999995768 0.001101319 -1.629827380 0.006758528 -0.001083090 0.999976575 58.569461823
0.999971807 0.003092489 -0.006840256 0.971856594 -0.003088429 0.999995053 0.000603757 -1.636216283 0.006842089 -0.000582614 0.999976337 59.114440918
0.999971211 0.002972086 -0.006984780 0.982238531 -0.002969765 0.999995530 0.000342477 -1.650990605 0.006985767 -0.000321724 0.999975502 59.659564972
0.999970973 0.003169184 -0.006925077 0.984604836 -0.003165546 0.999994874 0.000536254 -1.661534071 0.006926741 -0.000514317 0.999975860 60.219570160
0.999968648 0.003534994 -0.007084700 0.997487545 -0.003530504 0.999993563 0.000646143 -1.680547595 0.007086939 -0.000621110 0.999974608 60.747505188
0.999967039 0.003839884 -0.007151717 1.009201765 -0.003833901 0.999992311 0.000850100 -1.701097846 0.007154927 -0.000822652 0.999974012 61.296894073
0.999964654 0.003499895 -0.007638470 1.018728971 -0.003494513 0.999993563 0.000717881 -1.710870624 0.007640934 -0.000691162 0.999970555 61.850952148
0.999966383 0.003612953 -0.007361256 1.021309376 -0.003609569 0.999993324 0.000472855 -1.724190354 0.007362915 -0.000446268 0.999972761 62.367942810
0.999967813 0.003902598 -0.007007666 1.025417089 -0.003900575 0.999992251 0.000302399 -1.741885066 0.007008792 -0.000275056 0.999975443 62.915973663
0.999967337 0.004459962 -0.006747563 1.026660681 -0.004453394 0.999989629 0.000988132 -1.762509346 0.006751901 -0.000958050 0.999976754 63.458595276
0.999968171 0.003711118 -0.007066982 1.037398577 -0.003704752 0.999992728 0.000913593 -1.771763444 0.007070321 -0.000887382 0.999974549 63.999328613
0.999969661 0.003473903 -0.006983202 1.039360285 -0.003468091 0.999993682 0.000844158 -1.786324263 0.006986091 -0.000819914 0.999975204 64.545928955
0.999967158 0.004135140 -0.006981565 1.049378753 -0.004127816 0.999991000 0.001063031 -1.798340917 0.006985898 -0.001034179 0.999975085 65.089996338
0.999968529 0.004204216 -0.006727466 1.046396971 -0.004197081 0.999990642 0.001074481 -1.811762214 0.006731920 -0.001046212 0.999976814 65.621963501
0.999967396 0.004009253 -0.007004966 1.065664530 -0.004005342 0.999991834 0.000572236 -1.825499177 0.007007202 -0.000544161 0.999975324 66.181404114
0.999970019 0.003903378 -0.006696155 1.066026330 -0.003905177 0.999992430 -0.000255648 -1.832188129 0.006695106 0.000281789 0.999977589 66.734550476
0.999961972 0.004399764 -0.007545601 1.084756136 -0.004398516 0.999990404 0.000181973 -1.856879711 0.007546329 -0.000148777 0.999971509 67.283439636
0.999965429 0.004076771 -0.007244490 1.095858812 -0.004068880 0.999991119 0.001103526 -1.877879858 0.007248925 -0.001074011 0.999973118 67.808326721
0.999962330 0.004252913 -0.007566351 1.109160781 -0.004241872 0.999989867 0.001474561 -1.898679137 0.007572546 -0.001442410 0.999970317 68.339691162
0.999963760 0.004619144 -0.007145179 1.113404512 -0.004611947 0.999988854 0.001023332 -1.913083792 0.007149826 -0.000990342 0.999974012 68.892440796
0.999965370 0.004461207 -0.007029262 1.104058027 -0.004457368 0.999989867 0.000561728 -1.917919397 0.007031697 -0.000530376 0.999975145 69.446350098
0.999966383 0.004490844 -0.006868584 1.113229513 -0.004487686 0.999989867 0.000475011 -1.929116488 0.006870647 -0.000444172 0.999976337 69.992263794
0.999964595 0.004778414 -0.006925177 1.125692129 -0.004772296 0.999988198 0.000899709 -1.953860521 0.006929395 -0.000866628 0.999975622 70.537864685
0.999963343 0.004318479 -0.007392351 1.132921934 -0.004316182 0.999990761 0.000326527 -1.958069324 0.007393693 -0.000294607 0.999972641 71.085769653
0.999960661 0.004080419 -0.007869259 1.152730107 -0.004079843 0.999991655 0.000089169 -1.972791314 0.007869558 -0.000057060 0.999969006 71.630714417
0.999962270 0.004826590 -0.007222911 1.147364736 -0.004822142 0.999988198 0.000633154 -1.992064357 0.007225882 -0.000598300 0.999973714 72.181510925
0.999963760 0.005114840 -0.006805029 1.141762018 -0.005111134 0.999986768 0.000561916 -2.009634256 0.006807813 -0.000527114 0.999976635 72.717460632
0.999966443 0.004213660 -0.007026491 1.156253815 -0.004210165 0.999990940 0.000511978 -2.027961254 0.007028585 -0.000482378 0.999975145 73.261054993
0.999966681 0.004575377 -0.006763407 1.155470133 -0.004571634 0.999989390 0.000568857 -2.041255951 0.006765938 -0.000537919 0.999976933 73.818305969
0.999967277 0.004270293 -0.006866575 1.161191344 -0.004268075 0.999990761 0.000337664 -2.053187847 0.006867954 -0.000308346 0.999976397 74.351341248
0.999966800 0.004024738 -0.007083436 1.173140049 -0.004019263 0.999991596 0.000786863 -2.071275949 0.007086543 -0.000758366 0.999974549 74.886726379
0.999963641 0.004512367 -0.007237050 1.178772688 -0.004504965 0.999989331 0.001038556 -2.089551926 0.007241659 -0.001005915 0.999973238 75.424736023
0.999968350 0.003890286 -0.006943945 1.185296774 -0.003886482 0.999992311 0.000561231 -2.101281166 0.006946075 -0.000534225 0.999975741 75.978996277
0.999962568 0.004638710 -0.007304277 1.192132473 -0.004634663 0.999989033 0.000570787 -2.116692305 0.007306845 -0.000536913 0.999973178 76.529502869
0.999966443 0.003559496 -0.007382529 1.200931191 -0.003554225 0.999993443 0.000726936 -2.136616468 0.007385067 -0.000700674 0.999972463 77.069297791
0.999966145 0.003484156 -0.007454336 1.208934784 -0.003479316 0.999993742 0.000662390 -2.148191452 0.007456597 -0.000636432 0.999971986 77.618850708
0.999965906 0.003503226 -0.007480477 1.215506077 -0.003498828 0.999993682 0.000600881 -2.160858154 0.007482533 -0.000574687 0.999971867 78.161933899
0.999966621 0.003722971 -0.007274923 1.225124359 -0.003722252 0.999993086 0.000112272 -2.172958851 0.007275291 -0.000085190 0.999973595 78.713577271
0.999968767 0.003566049 -0.007060753 1.231837869 -0.003562079 0.999993443 0.000574764 -2.185220957 0.007062756 -0.000549595 0.999974966 79.259689331
0.999966323 0.003938855 -0.007200702 1.236899376 -0.003936661 0.999992132 0.000318955 -2.207579851 0.007201903 -0.000290598 0.999974012 79.809013367
0.999964595 0.003898589 -0.007453308 1.246675253 -0.003894442 0.999992251 0.000570867 -2.224491358 0.007455477 -0.000541820 0.999972045 80.351570129
0.999972582 0.004259537 -0.006054159 1.251821756 -0.004254619 0.999990582 0.000824713 -2.238596201 0.006057615 -0.000798931 0.999981344 80.902610779
0.999981165 0.003785726 -0.004841411 1.258950949 -0.003782627 0.999992609 0.000649024 -2.255657196 0.004843832 -0.000630698 0.999988079 81.438629150
0.999982715 0.004387771 -0.003901417 1.268999934 -0.004385420 0.999990225 0.000611013 -2.268513918 0.003904060 -0.000593892 0.999992192 81.986541748
0.999986410 0.004573469 -0.002512210 1.278676033 -0.004571651 0.999989212 0.000728491 -2.284296513 0.002515515 -0.000716996 0.999996603 82.530639648
0.999990582 0.004318541 0.000471471 1.296057582 -0.004318710 0.999990582 0.000357303 -2.297636747 -0.000469924 -0.000359336 0.999999881 83.083984375
0.999984562 0.003769841 0.004091377 1.316225052 -0.003773574 0.999992430 0.000905202 -2.319075823 -0.004087934 -0.000920627 0.999991298 83.606826782
0.999958396 0.004972769 0.007642460 1.332682848 -0.004980518 0.999987125 0.000995254 -2.339662075 -0.007637409 -0.001033277 0.999970317 84.182426453
0.999914765 0.004832405 0.012132941 1.358195782 -0.004844775 0.999987841 0.000990318 -2.357237577 -0.012128009 -0.001049014 0.999925852 84.733695984
0.999815524 0.005487577 0.018407967 1.386035442 -0.005507342 0.999984324 0.001023186 -2.372797728 -0.018402062 -0.001124376 0.999830008 85.279129028
0.999701858 0.005047560 0.023889516 1.405775905 -0.005069691 0.999986768 0.000865884 -2.387567043 -0.023884827 -0.000986738 0.999714196 85.833442688
0.999558210 0.003884381 0.029465917 1.445314646 -0.003919879 0.999991655 0.001147047 -2.402115822 -0.029461216 -0.001262043 0.999565125 86.374717712
0.999254763 0.004729344 0.038308993 1.468149185 -0.004782757 0.999987721 0.001302763 -2.419653177 -0.038302366 -0.001485014 0.999265134 86.929084778
0.998934925 0.004602578 0.045909960 1.519738913 -0.004660096 0.999988496 0.001145890 -2.436347961 -0.045904156 -0.001358615 0.998944879 87.470413208
0.998557806 0.005149089 0.053440012 1.555423737 -0.005204201 0.999986053 0.000892177 -2.447522163 -0.053434670 -0.001169003 0.998570740 88.017166138
0.998051226 0.004195317 0.062257268 1.611348867 -0.004248431 0.999990761 0.000720776 -2.457208633 -0.062253658 -0.000983867 0.998059869 88.563690186
0.997388065 0.004997389 0.072055370 1.669531822 -0.005059099 0.999986947 0.000673941 -2.469308853 -0.072051056 -0.001036716 0.997400403 89.115203857
0.996733665 0.004381707 0.080640130 1.727568150 -0.004407425 0.999990225 0.000140923 -2.473233700 -0.080638729 -0.000495878 0.996743321 89.667861938
0.996059358 0.004559898 0.088572070 1.802061081 -0.004570114 0.999989688 -0.000087442 -2.493505001 -0.088571556 -0.000317687 0.996069789 90.218589783
0.995060086 0.004546264 0.099171020 1.881490707 -0.004592089 0.999989510 0.000233811 -2.511931181 -0.099168912 -0.000688057 0.995070457 90.757896423
0.993890107 0.004814152 0.110269517 1.951823235 -0.004922476 0.999987602 0.000710148 -2.528813362 -0.110264733 -0.001248608 0.993901491 91.312904358
0.992852211 0.004044998 0.119282708 2.040343285 -0.004137157 0.999991298 0.000524987 -2.544323206 -0.119279556 -0.001014726 0.992860138 91.864074707
0.991465926 0.003985368 0.130305544 2.123808861 -0.004091669 0.999991477 0.000548075 -2.551506519 -0.130302265 -0.001076564 0.991473734 92.398094177
0.989813566 0.003700860 0.142321020 2.226242065 -0.003766446 0.999992907 0.000191432 -2.567193508 -0.142319292 -0.000725527 0.989820540 92.964584351
0.988203764 0.003728684 0.153099224 2.330633163 -0.003832203 0.999992609 0.000381066 -2.587103128 -0.153096676 -0.000963278 0.988210738 93.510444641
0.986529469 0.002973771 0.163556501 2.440673828 -0.003077267 0.999995172 0.000379423 -2.600012541 -0.163554594 -0.000877619 0.986533821 94.039489746
0.984391034 0.003018094 0.175969303 2.561532974 -0.003197463 0.999994636 0.000735784 -2.616224766 -0.175966159 -0.001286954 0.984395325 94.564529419
0.981934845 0.002819667 0.189198300 2.682777405 -0.002906491 0.999995768 0.000181450 -2.628923655 -0.189196989 -0.000728076 0.981938899 95.127212524
0.979880512 0.002682883 0.199567094 2.809585571 -0.002759402 0.999996126 0.000105282 -2.643258810 -0.199566066 -0.000653850 0.979884148 95.652984619
0.977079034 0.003076562 0.212854609 2.949104309 -0.003156290 0.999994993 0.000034752 -2.656555891 -0.212853462 -0.000705786 0.977083921 96.199142456
0.974152446 0.002234336 0.225880489 3.098079681 -0.002428869 0.999996841 0.000583312 -2.680448294 -0.225878507 -0.001116869 0.974154830 96.742996216
0.971567631 0.002028725 0.236753657 3.248453140 -0.002300271 0.999996960 0.000870737 -2.702411413 -0.236751199 -0.001390578 0.971569300 97.269424438
0.968443751 0.001502507 0.249227807 3.391752243 -0.001647858 0.999998689 0.000374571 -2.706125736 -0.249226853 -0.000773443 0.968444824 97.806167603
0.964698553 0.001225521 0.263354033 3.557319641 -0.001412128 0.999998927 0.000519293 -2.721943140 -0.263353020 -0.000872851 0.964699209 98.337684631
0.961353540 0.000844851 0.275315911 3.726457596 -0.000884236 0.999999583 0.000018934 -2.734250784 -0.275315791 -0.000261647 0.961353779 98.844512939
0.957903147 0.000921830 0.287090063 3.894248962 -0.001155491 0.999999225 0.000644467 -2.754305363 -0.287089288 -0.000949067 0.957903385 99.388710022
0.953771591 0.000997883 0.300530970 4.077606201 -0.001312520 0.999998808 0.000845047 -2.770045757 -0.300529778 -0.001200435 0.953771710 99.899314880
0.949362159 0.000419010 0.314183265 4.275922775 -0.000765596 0.999999225 0.000979742 -2.787011623 -0.314182639 -0.001170667 0.949361801 100.418708801
0.945401430 0.000084444 0.325908214 4.472259521 -0.000312954 0.999999762 0.000648722 -2.789581537 -0.325908065 -0.000715297 0.945401132 100.944740295
0.940837443 -0.000033384 0.338858038 4.681045532 -0.000173561 0.999999881 0.000580410 -2.808749914 -0.338858068 -0.000604884 0.940837264 101.463966370
0.935542643 -0.000141422 0.353213817 4.899381638 -0.000106596 0.999999762 0.000682723 -2.825736046 -0.353213876 -0.000676368 0.935542285 101.963394165
0.930862606 -0.000815875 0.365368545 5.117279053 0.000562133 0.999999523 0.000800854 -2.840146542 -0.365368903 -0.000540099 0.930862606 102.490371704
0.926330924 -0.001587120 0.376707345 5.353111267 0.001657303 0.999998629 0.000137791 -2.849851370 -0.376707077 0.000496678 0.926332355 103.001190186
0.920279801 -0.001835851 0.391256660 5.578613281 0.001663909 0.999998331 0.000778482 -2.866468906 -0.391257346 -0.000065406 0.920281410 103.483779907
0.914542794 -0.002680945 0.404480278 5.820140839 0.002583889 0.999996364 0.000785842 -2.879416943 -0.404480934 0.000326446 0.914546371 103.971405029
0.909884870 -0.002776207 0.414851606 6.069450378 0.002682148 0.999996126 0.000809326 -2.896049738 -0.414852172 0.000376300 0.909888744 104.442459106
0.903256416 -0.003251972 0.429088742 6.333869934 0.003018142 0.999994695 0.001225383 -2.923289299 -0.429090440 0.000188216 0.903261483 104.943603516
0.896733105 -0.003509231 0.442557782 6.575263977 0.003355472 0.999993861 0.001130353 -2.926814795 -0.442558914 0.000471365 0.896739304 105.434959412
0.890818000 -0.004435113 0.454338461 6.844509125 0.004353681 0.999989808 0.001225361 -2.942588568 -0.454339266 0.000886471 0.890828311 105.916435242
0.885325253 -0.005473655 0.464939773 7.121131897 0.005553681 0.999983907 0.001197469 -2.951332808 -0.464938849 0.001521978 0.885341465 106.403511047
0.878120661 -0.004999017 0.478413254 7.401985168 0.004893176 0.999987006 0.001467671 -2.973318100 -0.478414297 0.001052169 0.878133655 106.860069275
