1.000000000 0.000000000 0.000000000 0.000000000 0.000000000 1.000000000 0.000000000 0.000000000 0.000000000 0.000000000 1.000000000 0.000000000
1.000000000 -0.000032851 0.000128081 -0.000978848 0.000032849 1.000000000 0.000014365 0.000474011 -0.000128081 -0.000014361 1.000000000 0.000973638
1.000000000 0.000148907 0.000192865 -0.001672912 -0.000148924 1.000000000 0.000088337 0.000692310 -0.000192852 -0.000088366 1.000000000 0.001902413
1.000000000 0.000144883 -0.000004167 0.000213900 -0.000144882 1.000000000 0.000147126 -0.001081761 0.000004188 -0.000147125 1.000000000 -0.000330141
0.999999940 0.000234475 0.000132672 -0.001210951 -0.000234486 0.999999940 0.000079194 0.000173395 -0.000132653 -0.000079225 1.000000000 0.000573896
1.000000000 -0.000092041 0.000022207 -0.000533421 0.000092039 1.000000000 0.000061142 0.000091534 -0.000022213 -0.000061140 1.000000000 -0.000429743
1.000000000 -0.000082560 0.000132627 -0.001853062 0.000082572 1.000000000 -0.000091287 0.001881877 -0.000132620 0.000091298 1.000000000 0.003422024
1.000000000 -0.000138018 0.000170076 -0.001196256 0.000138019 1.000000000 -0.000005146 0.001367579 -0.000170075 0.000005169 1.000000000 0.002988020
1.000000000 0.000005046 0.000149277 -0.001363756 -0.000005048 1.000000000 0.000013579 0.000752537 -0.000149277 -0.000013580 1.000000000 0.002379797
1.000000000 -0.000034067 0.000199907 -0.001027681 0.000034062 1.000000000 0.000022013 0.000145092 -0.000199908 -0.000022006 1.000000000 0.000202966
0.999999940 -0.000064471 0.000239153 -0.001180875 0.000064469 1.000000000 0.000009731 0.001372127 -0.000239153 -0.000009716 1.000000000 0.002693665
1.000000000 0.000020347 0.000110308 -0.000655333 -0.000020359 1.000000000 0.000106883 -0.000244941 -0.000110306 -0.000106885 1.000000000 0.000907356
1.000000000 0.000037105 0.000184540 -0.001608797 -0.000037101 1.000000000 -0.000022729 0.001659633 -0.000184541 0.000022722 1.000000000 0.004167575
0.999999940 -0.000091982 0.000278062 -0.002449521 0.000091936 1.000000000 0.000165636 0.001051104 -0.000278078 -0.000165610 0.999999940 0.004021489
1.000000000 -0.000053507 0.000158708 -0.001879015 0.000053497 1.000000000 0.000062702 0.001102713 -0.000158711 -0.000062694 1.000000000 0.003508420
1.000000000 0.000071743 0.000110348 -0.001384529 -0.000071753 1.000000000 0.000088477 0.000067515 -0.000110342 -0.000088485 1.000000000 0.001964909
1.000000000 -0.000018447 0.000151516 -0.001236054 0.000018429 1.000000000 0.000118176 -0.000699332 -0.000151518 -0.000118174 1.000000000 0.000198674
0.999999940 0.000098458 0.000326854 -0.001717661 -0.000098490 1.000000000 0.000097662 0.000313171 -0.000326844 -0.000097694 0.999999940 0.001393639
0.999999940 0.000115125 0.000269469 -0.002974574 -0.000115159 1.000000000 0.000127856 0.000245058 -0.000269454 -0.000127887 0.999999940 0.002858488
1.000000000 0.000160442 0.000182344 -0.002120873 -0.000160467 1.000000000 0.000135628 0.000674073 -0.000182322 -0.000135657 1.000000000 0.003516651
0.999999881 0.000337759 0.000308694 -0.003171641 -0.000337815 0.999999940 0.000182363 0.000689025 -0.000308632 -0.000182467 0.999999940 0.004159763
0.999999881 0.000419301 0.000333074 -0.003521790 -0.000419321 0.999999881 0.000059903 0.001116406 -0.000333048 -0.000060043 0.999999940 0.003839375
0.999999940 0.000119584 0.000236265 -0.001798518 -0.000119618 1.000000000 0.000145222 -0.000478356 -0.000236247 -0.000145251 0.999999940 0.000411009
0.999999940 0.000183315 0.000324234 -0.001718164 -0.000183368 0.999999940 0.000162875 -0.000603293 -0.000324204 -0.000162935 0.999999940 0.001530991
0.999999940 0.000087482 0.000293248 -0.002428160 -0.000087500 1.000000000 0.000061522 0.000575783 -0.000293243 -0.000061547 0.999999940 0.001035209
1.000000000 -0.000004155 0.000179483 -0.000282848 0.000004146 1.000000000 0.000047751 0.000906974 -0.000179484 -0.000047750 1.000000000 0.001465565
0.999999940 -0.000002453 0.000258444 -0.001958596 0.000002433 1.000000000 0.000077533 0.000439445 -0.000258444 -0.000077532 0.999999940 0.001647154
1.000000000 0.000040722 0.000227030 -0.000646020 -0.000040739 1.000000000 0.000074261 0.000266357 -0.000227027 -0.000074270 1.000000000 0.000542465
0.999999881 0.000263269 0.000386478 -0.003925339 -0.000263241 0.999999940 -0.000073721 0.002405832 -0.000386497 0.000073619 0.999999940 0.004034640
0.999999940 0.000060922 0.000274678 -0.003520694 -0.000060924 1.000000000 0.000007525 0.002329137 -0.000274677 -0.000007541 0.999999940 0.004880664
0.999999940 0.000138416 0.000347034 -0.003031603 -0.000138446 1.000000000 0.000085220 0.001090063 -0.000347022 -0.000085268 0.999999940 0.003221507
0.999999940 -0.000072071 0.000242652 -0.001685031 0.000072056 1.000000000 0.000061767 0.000724526 -0.000242656 -0.000061749 0.999999940 0.001397021
0.999999940 0.000128510 0.000351987 -0.003484517 -0.000128497 1.000000000 -0.000035561 0.001943389 -0.000351992 0.000035515 0.999999940 0.003521550
0.999999881 0.000135745 0.000412066 -0.002866993 -0.000135735 1.000000000 -0.000023757 0.001320991 -0.000412070 0.000023701 0.999999940 0.002465292
0.999999940 0.000144637 0.000234481 -0.000802828 -0.000144654 1.000000000 0.000071829 0.000011794 -0.000234471 -0.000071863 0.999999940 0.000330725
0.999999940 0.000147622 0.000338617 -0.002707142 -0.000147597 1.000000000 -0.000075753 0.003251844 -0.000338628 0.000075703 0.999999940 0.005386278
0.999999940 0.000156546 0.000322492 -0.003414541 -0.000156510 1.000000000 -0.000111402 0.004608503 -0.000322510 0.000111351 0.999999940 0.007076350
0.999999940 -0.000079321 0.000267334 -0.001289141 0.000079305 1.000000000 0.000059216 0.001265819 -0.000267339 -0.000059195 0.999999940 0.002884035
0.999999940 0.000177903 0.000313032 -0.002098747 -0.000177944 1.000000000 0.000128679 0.001071469 -0.000313009 -0.000128735 0.999999940 0.002938011
0.999999940 -0.000117014 0.000242355 -0.001670011 0.000117009 1.000000000 0.000023170 0.001781010 -0.000242358 -0.000023142 1.000000000 0.003282621
0.999999881 0.000045086 0.000456932 -0.003024745 -0.000045086 1.000000000 0.000000420 0.001605250 -0.000456931 -0.000000441 0.999999881 0.005008652
0.999999940 -0.000254919 0.000215869 0.000371144 0.000255079 0.999999702 -0.000741676 0.000665236 -0.000215679 0.000741731 0.999999702 0.055161741
0.999999940 0.000229100 0.000350821 -0.001322837 -0.000228714 0.999999344 -0.001099658 -0.005671003 -0.000351073 0.001099577 0.999999344 0.133536682
1.000000000 0.000086379 0.000096327 0.003117196 -0.000086210 0.999998450 -0.001755774 -0.002085628 -0.000096479 0.001755766 0.999998450 0.256663144
1.000000000 0.000090625 0.000119881 0.004681567 -0.000090479 0.999999285 -0.001217040 -0.011746003 -0.000119992 0.001217029 0.999999225 0.386479676
0.999999940 0.000216436 0.000179546 0.008357762 -0.000216274 0.999999583 -0.000901278 -0.017397460 -0.000179741 0.000901239 0.999999583 0.525432587
0.999999940 0.000301901 0.000117878 0.013069840 -0.000301802 0.999999583 -0.000835687 -0.025657166 -0.000118130 0.000835651 0.999999642 0.668997169
0.999999762 0.000474981 0.000449717 0.015746558 -0.000474575 0.999999464 -0.000902309 -0.024046993 -0.000450146 0.000902095 0.999999464 0.842223704
0.999999881 0.000418047 0.000159695 0.017985702 -0.000417951 0.999999762 -0.000601398 -0.028174929 -0.000159946 0.000601331 0.999999821 1.016452670
1.000000000 -0.000035836 0.000040242 0.022213325 0.000035847 0.999999940 -0.000250602 -0.035239920 -0.000040233 0.000250603 0.999999940 1.190216899
0.999999881 0.000348249 0.000349773 0.017825505 -0.000348046 0.999999762 -0.000582159 -0.035665810 -0.000349976 0.000582038 0.999999762 1.371166229
1.000000000 0.000010277 0.000024360 0.035978995 -0.000010277 1.000000000 -0.000003092 -0.051093314 -0.000024360 0.000003091 1.000000000 1.568189979
0.999999762 0.000533947 0.000473767 0.035892542 -0.000533830 0.999999821 -0.000247726 -0.051115252 -0.000473899 0.000247473 0.999999881 1.761416793
0.999999881 0.000519007 0.000069159 0.037707645 -0.000518964 0.999999702 -0.000617401 -0.047931068 -0.000069480 0.000617365 0.999999821 1.952431083
0.999999523 0.000802771 0.000588217 0.037618056 -0.000802777 0.999999702 0.000009827 -0.067588985 -0.000588209 -0.000010299 0.999999821 2.162266731
0.999998748 0.001498993 0.000529424 0.028433286 -0.001497823 0.999996364 -0.002205004 -0.052938398 -0.000532728 0.002204208 0.999997377 2.410548210
0.999998152 0.001897347 0.000424122 0.039769474 -0.001896597 0.999996543 -0.001761530 -0.064312406 -0.000427463 0.001760722 0.999998331 2.623500109
0.999998152 0.001905873 0.000325292 0.042716954 -0.001905231 0.999996245 -0.001961757 -0.069381915 -0.000329030 0.001961133 0.999998033 2.848337173
0.999998391 0.001796588 0.000107179 0.049250815 -0.001796401 0.999996901 -0.001718596 -0.076617703 -0.000110266 0.001718401 0.999998569 3.087192059
0.999998569 0.001692754 0.000258336 0.049295098 -0.001692167 0.999996006 -0.002256833 -0.077134289 -0.000262155 0.002256392 0.999997497 3.328923941
0.999998391 0.001728406 0.000492958 0.054846492 -0.001727495 0.999996722 -0.001842618 -0.090854317 -0.000496141 0.001841763 0.999998152 3.562793493
0.999999106 0.001315480 0.000369590 0.058788940 -0.001314692 0.999996841 -0.002124094 -0.092792265 -0.000372383 0.002123606 0.999997616 3.827445745
0.999998748 0.001518545 0.000479736 0.065898068 -0.001517449 0.999996245 -0.002277578 -0.101176284 -0.000483193 0.002276847 0.999997258 4.084735870
0.999998331 0.001728251 0.000609353 0.067913622 -0.001727240 0.999997139 -0.001656033 -0.111679398 -0.000612213 0.001654977 0.999998391 4.340070248
0.999998510 0.001638621 0.000363021 0.076873012 -0.001637933 0.999996901 -0.001884407 -0.115873508 -0.000366108 0.001883810 0.999998093 4.587897301
0.999997973 0.001952655 0.000443865 0.083919145 -0.001951894 0.999996662 -0.001709660 -0.123798877 -0.000447202 0.001708790 0.999998391 4.843560219
0.999999106 0.001281530 0.000288930 0.087294355 -0.001281051 0.999997795 -0.001651185 -0.129543871 -0.000291045 0.001650814 0.999998629 5.116828918
0.999998629 0.001569076 0.000482076 0.090168849 -0.001568224 0.999997258 -0.001762187 -0.135715991 -0.000484839 0.001761429 0.999998331 5.370719910
0.999998212 0.001721479 0.000754298 0.095526993 -0.001719819 0.999996126 -0.002196206 -0.141527683 -0.000758076 0.002194905 0.999997318 5.646283627
0.999998808 0.001457781 0.000538957 0.101145081 -0.001456731 0.999997079 -0.001943710 -0.149681255 -0.000541789 0.001942923 0.999997973 5.913460255
0.999998748 0.001417242 0.000660663 0.109024376 -0.001416045 0.999997377 -0.001807177 -0.161111355 -0.000663222 0.001806240 0.999998152 6.190932751
0.999998152 0.001881995 0.000406462 0.116028309 -0.001881301 0.999996722 -0.001702004 -0.176401109 -0.000409664 0.001701236 0.999998391 6.461837769
0.999998033 0.001829983 0.000682053 0.117959894 -0.001828950 0.999997199 -0.001512976 -0.187532574 -0.000684819 0.001511726 0.999998629 6.749521732
0.999998033 0.001825690 0.000767156 0.126580104 -0.001824493 0.999997139 -0.001557320 -0.196209550 -0.000769997 0.001555917 0.999998510 7.044973850
0.999997854 0.001961380 0.000519641 0.136032000 -0.001960619 0.999996960 -0.001461206 -0.206540957 -0.000522505 0.001460184 0.999998748 7.342189789
0.999998093 0.001801136 0.000730147 0.140383810 -0.001799853 0.999996841 -0.001754234 -0.216615126 -0.000733304 0.001752917 0.999998152 7.651031971
0.999997973 0.001900878 0.000679157 0.148886159 -0.001900227 0.999997735 -0.000958133 -0.236492217 -0.000680976 0.000956840 0.999999285 7.960906982
0.999998450 0.001585234 0.000754968 0.152448669 -0.001583990 0.999997437 -0.001645300 -0.232663289 -0.000757574 0.001644102 0.999998331 8.291386604
0.999997854 0.001866545 0.000885114 0.156418294 -0.001865212 0.999997139 -0.001504561 -0.250675112 -0.000887919 0.001502907 0.999998450 8.610211372
0.999998093 0.001751306 0.000895219 0.168963075 -0.001750273 0.999997735 -0.001152892 -0.260442615 -0.000897236 0.001151323 0.999998868 8.935297012
0.999998271 0.001502151 0.001149574 0.178421751 -0.001500839 0.999998152 -0.001140703 -0.275413394 -0.001151285 0.001138976 0.999998629 9.269121170
0.999998331 0.001622882 0.000926497 0.185220003 -0.001621968 0.999998212 -0.000986586 -0.286604106 -0.000928096 0.000985081 0.999999046 9.617226601
0.999997079 0.002136549 0.001135379 0.193191320 -0.002135222 0.999997079 -0.001168528 -0.294320583 -0.001137872 0.001166100 0.999998689 9.956646919
0.999998748 0.001409307 0.000747832 0.197832316 -0.001408669 0.999998569 -0.000853612 -0.307852626 -0.000749034 0.000852558 0.999999344 10.310062408
0.999998629 0.001302075 0.001085863 0.205621883 -0.001301416 0.999998987 -0.000607555 -0.320159733 -0.001086653 0.000606141 0.999999225 10.668684006
0.999997258 0.001818068 0.001455884 0.204909205 -0.001816702 0.999997854 -0.000938750 -0.325614899 -0.001457588 0.000936102 0.999998450 11.037118912
0.999997735 0.001690694 0.001271672 0.213023633 -0.001689621 0.999998152 -0.000844602 -0.339010090 -0.001273097 0.000842451 0.999998748 11.405767441
0.999997735 0.001260082 0.001692033 0.221133798 -0.001258580 0.999998748 -0.000888636 -0.346912324 -0.001693151 0.000886504 0.999998093 11.784600258
0.999998331 0.001117026 0.001440186 0.232625410 -0.001115775 0.999998927 -0.000868877 -0.360792577 -0.001441156 0.000867268 0.999998569 12.155614853
0.999997616 0.001496830 0.001595646 0.241776720 -0.001495358 0.999998450 -0.000923314 -0.372449875 -0.001597026 0.000920926 0.999998271 12.549694061
0.999997497 0.001611078 0.001506155 0.246373519 -0.001610112 0.999998450 -0.000642365 -0.386707842 -0.001507189 0.000639938 0.999998689 12.944324493
0.999997556 0.001662156 0.001474680 0.254877180 -0.001660747 0.999998093 -0.000956102 -0.394133449 -0.001476265 0.000953650 0.999998450 13.347580910
0.999997437 0.001050635 0.002046009 0.261887670 -0.001049251 0.999999166 -0.000677241 -0.405284166 -0.002046719 0.000675093 0.999997616 13.756960869
0.999997079 0.001275135 0.002048556 0.267485529 -0.001273529 0.999998868 -0.000785109 -0.418016315 -0.002049555 0.000782497 0.999997616 14.177854538
0.999997020 0.001136375 0.002170138 0.280798465 -0.001134524 0.999998987 -0.000853702 -0.431038737 -0.002171106 0.000851237 0.999997318 14.596781731
0.999996006 0.001434509 0.002402588 0.286555976 -0.001433440 0.999998868 -0.000446380 -0.446693927 -0.002403226 0.000442935 0.999997020 15.027831078
0.999995410 0.001506161 0.002636032 0.297326565 -0.001504054 0.999998569 -0.000801041 -0.454777062 -0.002637235 0.000797073 0.999996185 15.461791039
0.999994755 0.001316586 0.002966595 0.308956295 -0.001313705 0.999998689 -0.000972930 -0.464820802 -0.002967872 0.000969028 0.999995112 15.900118828
0.999994636 0.001004794 0.003108882 0.320067465 -0.001002637 0.999999225 -0.000695061 -0.479656398 -0.003109578 0.000691940 0.999994934 16.339584351
0.999992311 0.001447676 0.003644350 0.327090383 -0.001444560 0.999998569 -0.000857503 -0.492076814 -0.003645585 0.000852232 0.999992967 16.788482666
0.999990821 0.001579800 0.003985028 0.336385608 -0.001576606 0.999998391 -0.000804432 -0.505296826 -0.003986291 0.000798141 0.999991715 17.245744705
0.999989629 0.001742717 0.004213816 0.343947887 -0.001739196 0.999998093 -0.000839076 -0.516537607 -0.004215271 0.000831739 0.999990761 17.712230682
0.999987960 0.001385079 0.004705256 0.353460491 -0.001380204 0.999998450 -0.001038987 -0.527646661 -0.004706688 0.001032480 0.999988437 18.179128647
0.999989092 0.000922297 0.004585839 0.380338371 -0.000918633 0.999999285 -0.000800864 -0.541370809 -0.004586575 0.000796643 0.999989212 18.639852524
0.999988019 0.001279602 0.004726877 0.384263247 -0.001275787 0.999998868 -0.000810036 -0.556051373 -0.004727907 0.000803996 0.999988496 19.117963791
0.999987125 0.000798611 0.005007143 0.399978220 -0.000794228 0.999999225 -0.000877342 -0.568382084 -0.005007840 0.000873354 0.999987066 19.597396851
0.999989510 0.000618008 0.004560531 0.408396423 -0.000614615 0.999999523 -0.000745474 -0.580512166 -0.004560989 0.000742663 0.999989271 20.078481674
0.999986827 0.001585676 0.004872167 0.419348568 -0.001581654 0.999998391 -0.000829117 -0.596222579 -0.004873473 0.000821400 0.999987721 20.573978424
0.999988258 0.001666847 0.004550911 0.432928324 -0.001662623 0.999998212 -0.000931854 -0.602465332 -0.004552456 0.000924276 0.999989212 21.074558258
0.999992907 0.001342303 0.003494192 0.452001005 -0.001339576 0.999998748 -0.000782393 -0.622553885 -0.003495239 0.000777707 0.999993563 21.583768845
0.999992013 0.001459244 0.003697150 0.457368761 -0.001458374 0.999998868 -0.000237825 -0.644114733 -0.003697493 0.000232431 0.999993086 22.093292236
0.999993384 0.001486383 0.003314838 0.470118165 -0.001487234 0.999998868 0.000254423 -0.665207446 -0.003314456 -0.000259351 0.999994397 22.589590073
0.999995768 0.001746863 0.002326780 0.481939673 -0.001745507 0.999998331 -0.000584903 -0.669743955 -0.002327797 0.000580839 0.999997139 23.117557526
0.999997020 0.001683850 0.001777892 0.494504780 -0.001682192 0.999998212 -0.000933517 -0.687349200 -0.001779460 0.000930524 0.999998033 23.634416580
0.999999046 0.000466512 0.001248477 0.501296282 -0.000465405 0.999999523 -0.000886847 -0.703392625 -0.001248890 0.000886265 0.999998748 24.164714813
0.999997616 0.001758983 0.001297754 0.503349602 -0.001757935 0.999998152 -0.000808683 -0.714702368 -0.001299174 0.000806400 0.999998808 24.706653595
0.999997973 0.002014997 0.000044507 0.519914865 -0.002014982 0.999997914 -0.000334379 -0.734143853 -0.000045181 0.000334289 0.999999940 25.233621597
0.999997675 0.002170160 -0.000157533 0.526926935 -0.002170267 0.999997437 -0.000685142 -0.744788945 0.000156045 0.000685482 0.999999762 25.792776108
0.999997795 0.001988892 -0.000684257 0.532622993 -0.001989351 0.999997795 -0.000670265 -0.761166990 0.000682922 0.000671625 0.999999523 26.329700470
0.999997675 0.001800022 -0.001098726 0.544495344 -0.001800547 0.999998271 -0.000477254 -0.774949253 0.001097864 0.000479231 0.999999285 26.876861572
0.999997973 0.001727630 -0.001072729 0.550896525 -0.001727921 0.999998510 -0.000269936 -0.794356883 0.001072262 0.000271789 0.999999344 27.434343338
0.999996662 0.001761464 -0.001883410 0.557556689 -0.001761590 0.999998391 -0.000065249 -0.809639156 0.001883292 0.000068566 0.999998212 27.970363617
0.999996841 0.001910766 -0.001661332 0.562281311 -0.001910079 0.999998152 0.000414807 -0.823542476 0.001662121 -0.000411632 0.999998569 28.517221451
0.999996603 0.001575800 -0.002077522 0.575390160 -0.001576093 0.999998689 -0.000139583 -0.836415172 0.002077299 0.000142857 0.999997854 29.049201965
0.999994099 0.002260382 -0.002582212 0.584254146 -0.002259568 0.999997377 0.000317610 -0.860892653 0.002582923 -0.000311774 0.999996603 29.615058899
0.999993086 0.002328737 -0.002890489 0.589564562 -0.002328224 0.999997258 0.000180469 -0.870918572 0.002890902 -0.000173738 0.999995828 30.164205551
0.999992251 0.002773780 -0.002781001 0.598936439 -0.002772382 0.999996066 0.000506304 -0.893067360 0.002782394 -0.000498590 0.999996006 30.707569122
0.999990761 0.002441165 -0.003540472 0.612328470 -0.002439948 0.999997079 0.000347897 -0.907626688 0.003541310 -0.000339256 0.999993682 31.265832901
0.999989092 0.002491657 -0.003986113 0.623181641 -0.002489986 0.999996781 0.000424374 -0.921538413 0.003987158 -0.000414443 0.999991953 31.815059662
0.999988198 0.002605883 -0.004103174 0.634536862 -0.002603067 0.999996364 0.000691382 -0.942214191 0.004104961 -0.000680693 0.999991298 32.362464905
0.999987841 0.002813375 -0.004054917 0.637249231 -0.002811720 0.999995887 0.000413802 -0.949750483 0.004056064 -0.000402396 0.999991715 32.901527405
0.999987006 0.002703484 -0.004333195 0.647381067 -0.002702781 0.999996364 0.000168033 -0.968229651 0.004333634 -0.000156319 0.999990642 33.439048767
0.999985456 0.003106793 -0.004397751 0.653459489 -0.003107079 0.999995112 -0.000058046 -0.973471403 0.004397549 0.000071709 0.999990344 34.006431580
0.999987662 0.002449829 -0.004317933 0.657150626 -0.002449940 0.999996960 -0.000020269 -0.988212109 0.004317869 0.000030848 0.999990702 34.554531097
0.999986410 0.002555098 -0.004539756 0.670257986 -0.002554741 0.999996722 0.000084417 -1.007027030 0.004539956 -0.000072818 0.999989688 35.088760376
0.999987125 0.003016857 -0.004073973 0.671826482 -0.003017478 0.999995410 -0.000146549 -1.021098495 0.004073513 0.000158840 0.999991655 35.636444092
0.999988377 0.003903569 -0.002820244 0.676171601 -0.003902783 0.999992371 0.000284061 -1.045014739 0.002821331 -0.000273051 0.999996006 36.171726227
0.999984860 0.003018396 -0.004586388 0.686474800 -0.003018553 0.999995410 -0.000027506 -1.051245332 0.004586284 0.000041350 0.999989510 36.722179413
0.999984026 0.003504518 -0.004412173 0.693713129 -0.003506607 0.999993801 -0.000465949 -1.064398527 0.004410512 0.000481413 0.999990165 37.268505096
0.999982953 0.004454837 -0.003752303 0.692626953 -0.004456217 0.999989986 -0.000359577 -1.081115961 0.003750663 0.000376292 0.999992907 37.817943573
0.999985754 0.002811525 -0.004542402 0.698466241 -0.002808801 0.999995887 0.000605882 -1.111888885 0.004544088 -0.000593114 0.999989510 38.370128632
0.999983966 0.003022268 -0.004790656 0.704886317 -0.003018777 0.999995172 0.000735881 -1.126792431 0.004792857 -0.000721408 0.999988258 38.917030334
0.999984980 0.003704396 -0.004056523 0.713560343 -0.003701451 0.999992907 0.000732980 -1.145728588 0.004059209 -0.000717954 0.999991536 39.464694977
0.999985278 0.003682577 -0.003996366 0.731669784 -0.003676688 0.999992132 0.001479660 -1.170849562 0.004001783 -0.001464945 0.999990940 39.989009857
0.999982715 0.002520871 -0.005314866 0.741190255 -0.002514873 0.999996185 0.001134817 -1.181845427 0.005317707 -0.001121431 0.999985218 40.566513062
0.999983013 0.002731311 -0.005150924 0.749759912 -0.002727973 0.999996066 0.000654755 -1.192386270 0.005152693 -0.000640693 0.999986529 41.112682343
0.999981821 0.002701908 -0.005387395 0.755436957 -0.002698793 0.999996185 0.000585135 -1.198770165 0.005388955 -0.000570585 0.999985337 41.650188446
0.999981284 0.003107063 -0.005263024 0.766368330 -0.003104592 0.999995053 0.000477673 -1.213135600 0.005264482 -0.000461325 0.999985993 42.202743530
0.999979436 0.002958223 -0.005711469 0.769634068 -0.002955551 0.999995649 0.000476472 -1.225544453 0.005712853 -0.000459582 0.999983549 42.778987885
0.999979615 0.003309932 -0.005472938 0.776426196 -0.003304630 0.999994099 0.000977414 -1.241724849 0.005476140 -0.000959308 0.999984562 43.328388214
0.999978483 0.003510199 -0.005530572 0.788512766 -0.003505396 0.999993503 0.000877770 -1.259659290 0.005533617 -0.000858364 0.999984264 43.873813629
0.999977887 0.003080646 -0.005894157 0.789740920 -0.003074781 0.999994755 0.001003982 -1.272185326 0.005897219 -0.000985836 0.999982119 44.424358368
0.999977529 0.003528499 -0.005708238 0.799594402 -0.003526736 0.999993801 0.000318903 -1.279990673 0.005709326 -0.000298764 0.999983668 44.980239868
0.999982238 0.003306250 -0.004953843 0.803460002 -0.003305603 0.999994457 0.000138574 -1.285928011 0.004954274 -0.000122196 0.999987721 45.528564453
0.999977887 0.003359002 -0.005740605 0.811911821 -0.003353844 0.999993980 0.000907830 -1.316790938 0.005743620 -0.000888557 0.999983132 46.077598572
0.999979198 0.002746980 -0.005837897 0.825444341 -0.002743701 0.999996126 0.000569721 -1.331033707 0.005839439 -0.000553691 0.999982893 46.620742798
0.999978185 0.003251475 -0.005743516 0.835803211 -0.003248621 0.999994576 0.000506202 -1.345942140 0.005745131 -0.000487532 0.999983430 47.165100098
0.999977291 0.002549750 -0.006226865 0.831751883 -0.002546578 0.999996603 0.000517430 -1.356854081 0.006228163 -0.000501561 0.999980450 47.733188629
0.999976218 0.002813922 -0.006293606 0.841324568 -0.002809628 0.999995828 0.000691069 -1.376448989 0.006295524 -0.000673370 0.999979973 48.285285950
0.999977529 0.002894545 -0.006039637 0.854438543 -0.002891647 0.999995589 0.000488450 -1.383493066 0.006041025 -0.000470974 0.999981582 48.825874329
0.999979675 0.002425435 -0.005894131 0.844058156 -0.002420444 0.999996722 0.000853695 -1.405121207 0.005896182 -0.000839411 0.999982238 49.382110596
0.999979973 0.002700791 -0.005737161 0.853900671 -0.002698687 0.999996305 0.000374457 -1.415844440 0.005738151 -0.000358966 0.999983430 49.933643341
0.999982774 0.002649201 -0.005229150 0.859870017 -0.002647113 0.999996364 0.000406364 -1.429891944 0.005230207 -0.000392515 0.999986231 50.491577148
0.999979556 0.002290070 -0.005964109 0.868286788 -0.002287477 0.999997258 0.000441317 -1.449395180 0.005965103 -0.000427666 0.999982119 51.047874451
0.999980628 0.002540738 -0.005677601 0.875399888 -0.002535475 0.999996245 0.000933769 -1.467295766 0.005679953 -0.000919355 0.999983430 51.602352142
0.999981523 0.002217464 -0.005667095 0.884909093 -0.002215341 0.999997437 0.000380880 -1.479019165 0.005667925 -0.000368319 0.999983847 52.157207489
0.999977946 0.002307556 -0.006250748 0.895755589 -0.002304632 0.999997258 0.000475019 -1.497186780 0.006251828 -0.000460602 0.999980330 52.701110840
0.999981821 0.002423435 -0.005532899 0.895029068 -0.002419985 0.999996960 0.000630040 -1.511913061 0.005534409 -0.000616639 0.999984503 53.236431122
0.999978483 0.002389378 -0.006114244 0.908350170 -0.002386943 0.999997079 0.000405545 -1.525530338 0.006115195 -0.000390941 0.999981225 53.800643921
0.999981344 0.002382969 -0.005623111 0.917756438 -0.002381866 0.999997139 0.000202911 -1.538249969 0.005623579 -0.000189514 0.999984205 54.352020264
0.999978900 0.002280792 -0.006086948 0.922146082 -0.002278301 0.999997318 0.000416331 -1.554843783 0.006087882 -0.000402455 0.999981344 54.894359589
0.999979556 0.002372323 -0.005929702 0.923469007 -0.002370989 0.999997079 0.000232062 -1.570136070 0.005930236 -0.000217998 0.999982357 55.443737030
0.999977171 0.002621085 -0.006231521 0.938595593 -0.002618755 0.999996424 0.000381851 -1.585009217 0.006232501 -0.000365524 0.999980450 55.987651825
0.999976218 0.002208631 -0.006521621 0.944451809 -0.002207122 0.999997497 0.000238741 -1.596830249 0.006522132 -0.000224341 0.999978721 56.538478851
0.999976516 0.002702660 -0.006290526 0.953981936 -0.002700651 0.999996424 0.000327942 -1.613100171 0.006291389 -0.000310946 0.999980211 57.088268280
0.999976516 0.002784885 -0.006261124 0.962369740 -0.002782684 0.999996066 0.000360091 -1.626245379 0.006262102 -0.000342660 0.999980330 57.629081726
0.999976993 0.002417709 -0.006341342 0.967031181 -0.002417108 0.999997079 0.000102229 -1.641737700 0.006341570 -0.000086899 0.999979913 58.178348541
0.999978423 0.002201681 -0.006199053 0.984529197 -0.002202799 0.999997556 -0.000173511 -1.656553984 0.006198656 0.000187163 0.999980748 58.706459045
0.999978304 0.002589198 -0.006061296 0.978339911 -0.002590710 0.999996543 -0.000241706 -1.664423823 0.006060650 0.000257404 0.999981523 59.263042450
0.999975920 0.002136018 -0.006610958 0.992230892 -0.002140068 0.999997497 -0.000605493 -1.679827452 0.006609648 0.000619627 0.999977946 59.805591583
0.999975741 0.002536935 -0.006487494 0.992069721 -0.002539623 0.999996722 -0.000406217 -1.692976594 0.006486442 0.000422683 0.999978900 60.350833893
0.999974787 0.003511925 -0.006174049 0.996608436 -0.003513093 0.999993920 -0.000178377 -1.707312584 0.006173384 0.000200063 0.999980986 60.904949188
0.999975920 0.002973897 -0.006266688 1.006522775 -0.002976810 0.999995410 -0.000455404 -1.724836469 0.006265305 0.000474047 0.999980271 61.457454681
0.999976218 0.002395862 -0.006462089 1.020216703 -0.002396394 0.999997079 -0.000074512 -1.744001150 0.006461892 0.000089996 0.999979079 61.995792389
0.999975204 0.002761977 -0.006467862 1.026970387 -0.002766315 0.999995947 -0.000661624 -1.751578212 0.006466008 0.000679500 0.999978840 62.555427551
0.999975801 0.003471433 -0.006019314 1.032841802 -0.003474409 0.999993861 -0.000483830 -1.770621419 0.006017597 0.000504732 0.999981761 63.101337433
0.999977887 0.003418515 -0.005707670 1.025474072 -0.003419201 0.999994159 -0.000110550 -1.786675572 0.005707260 0.000130063 0.999983668 63.669673920
0.999976933 0.002924191 -0.006125994 1.040173054 -0.002926785 0.999995649 -0.000414595 -1.804979801 0.006124754 0.000432515 0.999981165 64.204750061
0.999979794 0.002880922 -0.005665959 1.040646434 -0.002882933 0.999995768 -0.000346954 -1.818931818 0.005664937 0.000363282 0.999983907 64.757644653
0.999975741 0.003294613 -0.006129466 1.056959987 -0.003294542 0.999994576 0.000021610 -1.835003138 0.006129505 -0.000001415 0.999981225 65.294616699
0.999974549 0.003169146 -0.006394242 1.063969851 -0.003172877 0.999994814 -0.000573597 -1.847914815 0.006392391 0.000593870 0.999979377 65.839019775
0.999977291 0.002932950 -0.006070799 1.073211670 -0.002936815 0.999995530 -0.000627934 -1.861868024 0.006068930 0.000645748 0.999981344 66.394180298
0.999977887 0.003047504 -0.005911541 1.076118231 -0.003051238 0.999995172 -0.000622747 -1.876285672 0.005909615 0.000640771 0.999982297 66.945541382
0.999975562 0.002865088 -0.006387831 1.093706369 -0.002865856 0.999995887 -0.000111018 -1.898731470 0.006387487 0.000129322 0.999979556 67.485198975
0.999976218 0.002786285 -0.006304628 1.087195158 -0.002787471 0.999996126 -0.000179293 -1.909215689 0.006304104 0.000196863 0.999980092 68.021034241
0.999976575 0.002736957 -0.006268004 1.101161838 -0.002735402 0.999996245 0.000256697 -1.930691123 0.006268683 -0.000239545 0.999980271 68.553230286
0.999973476 0.003420991 -0.006429567 1.109447002 -0.003421980 0.999994159 -0.000143022 -1.949515462 0.006429040 0.000165020 0.999979317 69.096321106
0.999975562 0.003356689 -0.006118578 1.102311492 -0.003356458 0.999994278 0.000047973 -1.964446902 0.006118705 -0.000027435 0.999981284 69.660072327
0.999979079 0.003316262 -0.005540531 1.109439254 -0.003319632 0.999994218 -0.000599297 -1.973443031 0.005538512 0.000617677 0.999984503 70.209129333
0.999979734 0.003520020 -0.005301153 1.112772942 -0.003521787 0.999993682 -0.000323820 -1.993175864 0.005299980 0.000342483 0.999985874 70.758728027
0.999977231 0.003050767 -0.006036581 1.122769475 -0.003053192 0.999995232 -0.000392627 -2.004567385 0.006035355 0.000411049 0.999981701 71.315673828
0.999975860 0.003558554 -0.005964432 1.135395169 -0.003562384 0.999993443 -0.000631727 -2.020992279 0.005962145 0.000652959 0.999982059 71.864356995
0.999975681 0.003823674 -0.005844365 1.139904976 -0.003824642 0.999992669 -0.000154443 -2.036156654 0.005843732 0.000176792 0.999982893 72.413459778
0.999976754 0.003552225 -0.005817794 1.141385555 -0.003552656 0.999993682 -0.000063570 -2.057767153 0.005817533 0.000084238 0.999983072 72.952186584
0.999976695 0.003326892 -0.005956646 1.154545546 -0.003328352 0.999994397 -0.000235016 -2.074584723 0.005955831 0.000254837 0.999982238 73.497039795
0.999978900 0.003285500 -0.005603361 1.154720068 -0.003285139 0.999994576 0.000073717 -2.090524912 0.005603572 -0.000055308 0.999984324 74.049530029
0.999977469 0.003176802 -0.005909173 1.164799809 -0.003177021 0.999994874 -0.000027680 -2.102662563 0.005909055 0.000046453 0.999982536 74.587783813
0.999977052 0.003147191 -0.005999628 1.177147269 -0.003146056 0.999995053 0.000198615 -2.120007992 0.006000224 -0.000179736 0.999981999 75.129188538
0.999975562 0.003555739 -0.006015068 1.181299925 -0.003553352 0.999993682 0.000407516 -2.137716770 0.006016480 -0.000386132 0.999981821 75.672790527
0.999976158 0.002830980 -0.006301528 1.193503261 -0.002828261 0.999995887 0.000440207 -2.155552387 0.006302749 -0.000422374 0.999979973 76.221435547
0.999970257 0.003330231 -0.006964898 1.204621792 -0.003327670 0.999994278 0.000379356 -2.172069073 0.006966122 -0.000356168 0.999975622 76.764701843
0.999974310 0.002725247 -0.006631874 1.211198568 -0.002725437 0.999996185 -0.000019540 -2.183229446 0.006631797 0.000037614 0.999978006 77.313598633
0.999974072 0.002224165 -0.006849673 1.223488927 -0.002223518 0.999997497 0.000102126 -2.198836088 0.006849883 -0.000086893 0.999976456 77.865592957
0.999973595 0.002411339 -0.006855482 1.231537342 -0.002406767 0.999996841 0.000675372 -2.218163490 0.006857089 -0.000658854 0.999976218 78.412414551
0.999973297 0.002617650 -0.006828804 1.237060785 -0.002616353 0.999996424 0.000198934 -2.232548237 0.006829301 -0.000181062 0.999976635 78.958114624
0.999971449 0.002654213 -0.007064365 1.248629093 -0.002650989 0.999996305 0.000465626 -2.247730970 0.007065576 -0.000446885 0.999974966 79.505111694
0.999971449 0.003228700 -0.006831703 1.251067281 -0.003227102 0.999994695 0.000244900 -2.259262800 0.006832458 -0.000222846 0.999976635 80.059631348
0.999969840 0.002493195 -0.007356551 1.268221855 -0.002493117 0.999996901 0.000019714 -2.273638964 0.007356577 -0.000001372 0.999972939 80.604476929
0.999978244 0.002530737 -0.006092019 1.275827885 -0.002530672 0.999996781 0.000018448 -2.286555290 0.006092046 -0.000003030 0.999981463 81.161842346
0.999984443 0.002962637 -0.004725912 1.280457854 -0.002963491 0.999995589 -0.000173758 -2.300446749 0.004725376 0.000187761 0.999988854 81.708396912
0.999988437 0.003180559 -0.003615221 1.288151264 -0.003180193 0.999994934 0.000106749 -2.322191954 0.003615542 -0.000095251 0.999993443 82.243942261
0.999992847 0.003070676 -0.002214500 1.296945930 -0.003070734 0.999995291 -0.000022576 -2.334087849 0.002214420 0.000029376 0.999997556 82.791412354
0.999993861 0.003476081 0.000431978 1.315091610 -0.003475867 0.999993861 -0.000494860 -2.345062494 -0.000433695 0.000493355 0.999999762 83.344383240
0.999988198 0.003014699 0.003814959 1.335363150 -0.003014819 0.999995470 0.000025571 -2.364056110 -0.003814864 -0.000037072 0.999992728 83.866867065
0.999964416 0.003634287 0.007610971 1.353716373 -0.003636531 0.999993324 0.000280914 -2.380053759 -0.007609900 -0.000308581 0.999970913 84.436851501
0.999910474 0.003083311 0.013019988 1.373483300 -0.003080023 0.999995232 -0.000272578 -2.395560026 -0.013020768 0.000232452 0.999915123 84.985427856
0.999835670 0.003487217 0.017791532 1.410257816 -0.003494883 0.999993801 0.000399773 -2.417026758 -0.017790029 -0.000461887 0.999841571 85.530654907
0.999709845 0.003559331 0.023823375 1.435567617 -0.003571867 0.999993503 0.000483705 -2.437596798 -0.023821499 -0.000568659 0.999716043 86.104835510
0.999557972 0.002149084 0.029651148 1.471555710 -0.002163388 0.999997616 0.000450310 -2.451047421 -0.029650107 -0.000514258 0.999560177 86.651153564
0.999285340 0.002617051 0.037708327 1.507972479 -0.002651906 0.999996185 0.000874349 -2.472047567 -0.037705895 -0.000973723 0.999288380 87.193412781
0.998940289 0.003351759 0.045902267 1.548079252 -0.003382884 0.999994099 0.000600376 -2.484032869 -0.045899987 -0.000755022 0.998945713 87.748947144
0.998586953 0.003573877 0.053020112 1.587790251 -0.003599884 0.999993443 0.000395018 -2.495682478 -0.053018354 -0.000585326 0.998593330 88.298202515
0.998088717 0.002722298 0.061736479 1.643213511 -0.002750688 0.999996066 0.000374877 -2.505911112 -0.061735220 -0.000543979 0.998092473 88.838119507
0.997426569 0.003217642 0.071622975 1.705908298 -0.003261984 0.999994576 0.000502154 -2.520679951 -0.071620986 -0.000734495 0.997431636 89.400024414
0.996778309 0.002966904 0.080150269 1.764935017 -0.002984746 0.999995530 0.000102812 -2.529448986 -0.080149621 -0.000341708 0.996782780 89.946121216
0.996087849 0.002518422 0.088332281 1.833800316 -0.002523326 0.999996841 -0.000056143 -2.545749664 -0.088332139 -0.000166968 0.996091008 90.503974915
0.995093763 0.002044860 0.098916508 1.914110661 -0.002049265 0.999997914 -0.000057073 -2.556568623 -0.098916426 -0.000145913 0.995095789 91.045089722
0.993970573 0.002542525 0.109617695 1.985071182 -0.002617129 0.999996483 0.000536708 -2.576480150 -0.109615929 -0.000820356 0.993973672 91.594253540
0.992904365 0.001898735 0.118900314 2.074216843 -0.001955355 0.999997973 0.000359541 -2.593952894 -0.118899420 -0.000589483 0.992906094 92.157913208
0.991505146 0.002278480 0.130047366 2.160426140 -0.002386068 0.999996901 0.000671497 -2.606113672 -0.130045429 -0.000976094 0.991507649 92.689697266
0.989824772 0.001600266 0.142282620 2.258522987 -0.001601618 0.999998689 -0.000105020 -2.616036415 -0.142282575 -0.000123931 0.989826083 93.273696899
0.988220692 0.001428223 0.153029054 2.364408493 -0.001497849 0.999998808 0.000339699 -2.638498783 -0.153028399 -0.000564912 0.988221645 93.818786621
0.986560762 0.001065839 0.163391188 2.470097542 -0.001092022 0.999999404 0.000070428 -2.646985531 -0.163391024 -0.000247908 0.986561358 94.369148254
0.984447181 0.000956140 0.175678089 2.592904091 -0.001019178 0.999999464 0.000268598 -2.665389299 -0.175677747 -0.000443468 0.984447658 94.890922546
0.982029259 0.000665041 0.188727573 2.717632294 -0.000700308 0.999999762 0.000120186 -2.677459717 -0.188727409 -0.000250193 0.982029498 95.437690735
0.979996026 0.000317060 0.199016839 2.844049454 -0.000319349 0.999999881 -0.000020595 -2.690218687 -0.199016809 -0.000043372 0.979996085 95.962753296
0.977237761 0.000727490 0.212145358 2.986135483 -0.000754004 0.999999702 0.000044082 -2.707801819 -0.212145269 -0.000203037 0.977238178 96.501831055
0.974329591 -0.000384333 0.225126043 3.135818481 0.000243585 0.999999762 0.000652969 -2.727553368 -0.225126237 -0.000581369 0.974329412 97.048110962
0.971754134 -0.000602520 0.235995248 3.285551071 0.000402539 0.999999523 0.000895571 -2.746028900 -0.235995635 -0.000775277 0.971753836 97.579612732
0.968762815 -0.001062261 0.247986913 3.442970276 0.000986860 0.999999464 0.000428356 -2.755370855 -0.247987226 -0.000170248 0.968763351 98.108139038
0.964802623 -0.000142937 0.262975067 3.589399338 0.000022444 0.999999881 0.000461193 -2.765149355 -0.262975156 -0.000439058 0.964802623 98.673133850
0.961336255 -0.000787900 0.275376141 3.763465881 0.000711351 0.999999702 0.000377856 -2.778594494 -0.275376409 -0.000167357 0.961336434 99.201400757
0.958599210 -0.002100691 0.284751177 3.960033417 0.002094655 0.999997795 0.000325728 -2.793124676 -0.284751236 0.000284213 0.958601415 99.672004700
0.953894556 -0.001063718 0.300140023 4.134180069 0.000971619 0.999999404 0.000456102 -2.804543018 -0.300140351 -0.000143452 0.953895032 100.244812012
0.949561000 -0.001119269 0.313580513 4.330713272 0.000989162 0.999999344 0.000574012 -2.819601297 -0.313580930 -0.000234878 0.949561417 100.752922058
0.945739865 -0.002036487 0.324918538 4.526477814 0.002116025 0.999997675 0.000108561 -2.823089600 -0.324918061 0.000584865 0.945742071 101.257438660
0.941112459 -0.002501586 0.338084459 4.746681213 0.002521969 0.999996722 0.000378963 -2.845057249 -0.338084370 0.000495992 0.941115677 101.805824280
0.936083734 -0.002470120 0.351768792 4.967508316 0.002413142 0.999996841 0.000600423 -2.861556053 -0.351769209 0.000286822 0.936086714 102.314819336
0.931243718 -0.002663736 0.364387304 5.180021286 0.002475647 0.999996483 0.000983284 -2.875261784 -0.364388645 -0.000013583 0.931246936 102.825706482
0.926609218 -0.003516095 0.376009077 5.414628983 0.003619716 0.999993324 0.000430866 -2.890812397 -0.376008123 0.000961801 0.926615834 103.333686829
0.920892358 -0.004316716 0.389792949 5.653175354 0.004453697 0.999989986 0.000552335 -2.904633760 -0.389791429 0.001227378 0.920902312 103.824829102
0.915003657 -0.003809588 0.403427482 5.898075104 0.003741775 0.999992549 0.000956359 -2.923630238 -0.403428167 0.000634463 0.915011108 104.344573975
0.910364270 -0.004227961 0.413786173 6.149814606 0.004011740 0.999991059 0.001391489 -2.948414564 -0.413788348 0.000393240 0.910373032 104.803787231
0.904275239 -0.005194666 0.426918268 6.409942627 0.005002039 0.999986231 0.001572606 -2.964850664 -0.426920593 0.000713393 0.904288828 105.288169861
0.897323847 -0.004829566 0.441346616 6.667903900 0.004845087 0.999987602 0.001091876 -2.971989870 -0.441346496 0.001158596 0.897336066 105.800918579
0.891792774 -0.005314832 0.452412903 6.939899445 0.005415402 0.999984801 0.001072767 -2.987517834 -0.452411741 0.001493312 0.891807973 106.270027161
0.886170745 -0.005531078 0.463326007 7.204868317 0.005388830 0.999984145 0.001630748 -3.007894993 -0.463327676 0.001051664 0.886186361 106.739860535
0.878662467 -0.006095360 0.477404535 7.495376587 0.006145618 0.999980032 0.001456448 -3.016679049 -0.477403909 0.001654219 0.878682435 107.251922607
