1.000000000 0.000000000 0.000000000 0.000000000 0.000000000 1.000000000 0.000000000 0.000000000 0.000000000 0.000000000 1.000000000 0.000000000
1.000000000 0.000036841 -0.000018902 0.000407213 -0.000036842 1.000000000 -0.000030238 -0.000060781 0.000018901 0.000030238 1.000000000 0.000318899
1.000000000 0.000031704 0.000072847 0.000032059 -0.000031706 1.000000000 0.000032336 -0.000151479 -0.000072846 -0.000032338 1.000000000 0.000697500
1.000000000 -0.000039567 0.000020952 0.000478330 0.000039568 1.000000000 -0.000049878 0.001020343 -0.000020950 0.000049879 1.000000000 0.001125437
1.000000000 -0.000052445 0.000052676 -0.000177781 0.000052441 1.000000000 0.000060009 -0.000333858 -0.000052679 -0.000060006 1.000000000 -0.000658275
1.000000000 -0.000003999 0.000123870 -0.000185082 0.000004004 1.000000000 -0.000041522 0.000726837 -0.000123870 0.000041522 1.000000000 0.000713003
1.000000000 -0.000083976 0.000063667 0.000202362 0.000083976 1.000000000 -0.000004658 0.000283361 -0.000063667 0.000004663 1.000000000 0.000248149
1.000000000 0.000044549 0.000060092 -0.000293117 -0.000044554 1.000000000 0.000085531 -0.000361002 -0.000060088 -0.000085534 1.000000000 -0.000613125
1.000000000 -0.000010018 -0.000017210 -0.000296953 0.000010017 1.000000000 -0.000023920 -0.000317685 0.000017211 0.000023919 1.000000000 -0.001182266
1.000000000 0.000004283 0.000096220 -0.000352703 -0.000004293 1.000000000 0.000103364 -0.000954690 -0.000096219 -0.000103364 1.000000000 -0.000682524
1.000000000 0.000064851 0.000091578 -0.000931898 -0.000064861 1.000000000 0.000110076 -0.000641738 -0.000091571 -0.000110082 1.000000000 -0.000062020
1.000000000 0.000014466 0.000110355 -0.000781793 -0.000014473 1.000000000 0.000061100 0.000038506 -0.000110354 -0.000061101 1.000000000 0.000281926
1.000000000 0.000084602 0.000047454 -0.001014568 -0.000084603 1.000000000 0.000017392 -0.000522266 -0.000047453 -0.000017396 1.000000000 -0.000580862
1.000000000 0.000018707 0.000042943 -0.000624394 -0.000018710 1.000000000 0.000061891 -0.000244180 -0.000042941 -0.000061892 1.000000000 0.000123198
1.000000000 0.000017441 0.000100952 -0.000874926 -0.000017438 1.000000000 -0.000028656 0.000382272 -0.000100952 0.000028655 1.000000000 -0.000187967
1.000000000 0.000077999 0.000010509 0.000391629 -0.000077999 1.000000000 -0.000009113 0.000727367 -0.000010510 0.000009112 1.000000000 0.001411523
1.000000000 0.000111381 0.000113778 -0.000480437 -0.000111374 1.000000000 -0.000063573 0.001493189 -0.000113785 0.000063561 1.000000000 0.002799217
1.000000000 0.000092142 0.000089761 -0.000917869 -0.000092137 1.000000000 -0.000056383 0.000497735 -0.000089766 0.000056375 1.000000000 0.000126758
0.999999940 0.000182161 0.000182603 -0.001491235 -0.000182157 1.000000000 -0.000026447 0.000790499 -0.000182608 0.000026413 1.000000000 0.001435085
1.000000000 0.000071833 0.000125646 -0.001031078 -0.000071829 1.000000000 -0.000037559 0.000845906 -0.000125648 0.000037550 1.000000000 0.001442724
1.000000000 0.000092637 0.000157138 -0.001268289 -0.000092636 1.000000000 -0.000004559 0.000501251 -0.000157138 0.000004544 1.000000000 0.000759820
1.000000000 0.000180777 0.000117953 -0.001573121 -0.000180783 1.000000000 0.000045935 0.000491109 -0.000117944 -0.000045956 1.000000000 0.000652145
1.000000000 0.000121238 0.000030920 -0.000532527 -0.000121238 1.000000000 -0.000014512 0.000654133 -0.000030921 0.000014508 1.000000000 0.001100190
1.000000000 0.000143195 0.000048663 -0.000601886 -0.000143194 1.000000000 -0.000017409 0.001359206 -0.000048666 0.000017402 1.000000000 0.001440489
0.999999940 0.000351953 0.000053280 -0.000788999 -0.000351956 0.999999940 0.000043965 0.001061318 -0.000053264 -0.000043984 1.000000000 0.001904143
0.999999940 0.000317226 0.000129488 -0.001248544 -0.000317228 0.999999940 0.000013206 0.001542263 -0.000129483 -0.000013247 1.000000000 0.001534079
1.000000000 0.000151550 0.000159004 -0.000874063 -0.000151552 1.000000000 0.000012555 0.001549810 -0.000159002 -0.000012579 1.000000000 0.002308964
0.999999940 0.000177859 0.000178465 -0.001143738 -0.000177869 1.000000000 0.000056192 0.000728323 -0.000178455 -0.000056223 1.000000000 0.001607186
1.000000000 0.000165622 0.000101221 -0.000538363 -0.000165624 1.000000000 0.000017466 0.001124682 -0.000101219 -0.000017483 1.000000000 0.001229209
1.000000000 0.000131141 0.000138111 -0.000606565 -0.000131141 1.000000000 0.000003378 0.000767997 -0.000138111 -0.000003396 1.000000000 0.001647365
1.000000000 0.000112593 0.000191506 -0.001316935 -0.000112590 1.000000000 -0.000014288 0.000817280 -0.000191507 0.000014266 1.000000000 0.001886990
1.000000000 0.000063923 0.000137393 -0.000880629 -0.000063924 1.000000000 0.000007041 0.001046491 -0.000137393 -0.000007050 1.000000000 0.002189742
1.000000000 0.000221710 0.000091713 -0.000183873 -0.000221700 0.999999940 -0.000106840 0.002274075 -0.000091737 0.000106820 1.000000000 0.002769285
0.999999940 0.000187430 0.000195179 -0.001528366 -0.000187426 1.000000000 -0.000019833 0.001036231 -0.000195182 0.000019796 1.000000000 0.001191592
0.999999940 0.000274052 0.000194228 -0.001756634 -0.000274047 0.999999940 -0.000027555 0.000905520 -0.000194235 0.000027501 1.000000000 0.001256918
0.999999940 0.000208823 0.000223553 -0.001401985 -0.000208815 1.000000000 -0.000038020 0.000634814 -0.000223561 0.000037973 1.000000000 0.001433316
1.000000000 0.000118786 0.000149826 -0.000865095 -0.000118791 1.000000000 0.000031494 0.000371181 -0.000149822 -0.000031512 1.000000000 0.000459640
1.000000000 0.000165198 0.000123709 -0.000923401 -0.000165204 1.000000000 0.000047858 0.001081082 -0.000123701 -0.000047879 1.000000000 0.001279755
0.999999940 0.000289554 0.000179557 -0.001665770 -0.000289553 0.999999940 -0.000005980 0.001071486 -0.000179559 0.000005928 1.000000000 0.001358608
0.999999940 0.000229037 0.000155262 -0.001219570 -0.000229035 1.000000000 -0.000016451 0.001905801 -0.000155265 0.000016415 1.000000000 0.002093299
1.000000000 0.000065114 0.000076975 0.000216267 -0.000065109 1.000000000 -0.000061660 0.000679609 -0.000076979 0.000061655 1.000000000 0.002652333
0.999999940 0.000247436 0.000164765 0.001162127 -0.000247338 0.999999821 -0.000596100 -0.001362418 -0.000164913 0.000596059 0.999999821 0.050251074
0.999999940 0.000387151 0.000097876 0.001995853 -0.000387044 0.999999344 -0.001088992 -0.004472982 -0.000098298 0.001088954 0.999999404 0.138345286
1.000000000 0.000153124 0.000015858 0.004100563 -0.000153101 0.999999046 -0.001393040 -0.008006163 -0.000016071 0.001393037 0.999999046 0.254292786
0.999999940 0.000367375 0.000099855 0.005549681 -0.000367253 0.999999166 -0.001222504 -0.011792576 -0.000100304 0.001222467 0.999999225 0.386071712
0.999999940 0.000185632 0.000210762 0.008013750 -0.000185392 0.999999344 -0.001137989 -0.013457559 -0.000210973 0.001137949 0.999999344 0.537844777
1.000000000 -0.000196902 -0.000042865 0.014523806 0.000196857 0.999999404 -0.001054642 -0.020534704 0.000043073 0.001054634 0.999999464 0.685236216
0.999999166 0.000739950 0.001030837 0.004535854 -0.000738750 0.999999046 -0.001163392 -0.024347499 -0.001031697 0.001162629 0.999998748 0.858549535
0.999999225 0.000704991 0.000972138 0.007870140 -0.000703913 0.999999106 -0.001109064 -0.027948262 -0.000972919 0.001108379 0.999998927 1.034116983
0.999999285 0.000636573 0.000997258 0.012591104 -0.000635606 0.999999344 -0.000969840 -0.033834189 -0.000997875 0.000969205 0.999999046 1.212471843
0.999999285 0.000524412 0.001034979 0.016427638 -0.000523822 0.999999762 -0.000569909 -0.039865516 -0.001035278 0.000569367 0.999999285 1.392173767
0.999999046 0.000928486 0.001034017 0.019193558 -0.000927613 0.999999285 -0.000844731 -0.038671203 -0.001034801 0.000843771 0.999999106 1.598914981
0.999999464 0.000366563 0.000970136 0.023443073 -0.000366087 0.999999821 -0.000491074 -0.048932962 -0.000970316 0.000490719 0.999999404 1.802283168
0.999999166 0.000670671 0.001156983 0.022530230 -0.000670437 0.999999762 -0.000202762 -0.054820858 -0.001157119 0.000201987 0.999999285 2.003505707
0.999999583 0.000114360 0.000960892 0.030966721 -0.000114312 1.000000000 -0.000049674 -0.063237227 -0.000960898 0.000049564 0.999999583 2.214488029
0.999999285 0.000649177 0.001027424 0.033362258 -0.000649138 0.999999762 -0.000039065 -0.073089898 -0.001027449 0.000038398 0.999999464 2.444557190
0.999999642 0.000475802 0.000805650 0.040511828 -0.000475750 0.999999881 -0.000065051 -0.079937488 -0.000805681 0.000064668 0.999999702 2.669177055
0.999998987 0.000647672 0.001294661 0.041019812 -0.000647770 0.999999762 0.000075325 -0.087678544 -0.001294612 -0.000076163 0.999999166 2.894872904
0.999999404 0.000314191 0.001167487 0.047150817 -0.000314282 0.999999940 0.000077823 -0.090475298 -0.001167463 -0.000078190 0.999999344 3.137400627
0.999998033 0.001157256 0.001561629 0.043749440 -0.001157679 0.999999285 0.000269944 -0.103590861 -0.001561316 -0.000271752 0.999998748 3.367460251
0.999997854 0.000925856 0.001789283 0.048171088 -0.000926318 0.999999464 0.000257390 -0.109943956 -0.001789043 -0.000259047 0.999998391 3.622910023
0.999998212 0.000871808 0.001669994 0.052706376 -0.000872497 0.999999583 0.000412262 -0.118768670 -0.001669634 -0.000413718 0.999998569 3.879501104
0.999997973 0.000826843 0.001776738 0.057737891 -0.000828103 0.999999404 0.000708723 -0.124500960 -0.001776150 -0.000710193 0.999998152 4.141672134
0.999996722 0.001317618 0.002179237 0.063884646 -0.001319108 0.999998868 0.000682437 -0.131925210 -0.002178335 -0.000685309 0.999997437 4.385877609
0.999997973 0.000686146 0.001862603 0.068650559 -0.000688086 0.999999344 0.001041276 -0.151076540 -0.001861887 -0.001042556 0.999997735 4.649081707
0.999998033 0.000785259 0.001824534 0.075980350 -0.000786784 0.999999404 0.000835249 -0.154890105 -0.001823877 -0.000836682 0.999998033 4.911258698
0.999997675 0.000938883 0.001959042 0.084686548 -0.000940952 0.999999046 0.001055621 -0.162773803 -0.001958049 -0.001057462 0.999997556 5.157591820
0.999998033 0.000690211 0.001856169 0.094591305 -0.000691646 0.999999523 0.000772488 -0.167793691 -0.001855635 -0.000773770 0.999998033 5.423577309
0.999995649 0.001492021 0.002584269 0.078497939 -0.001495680 0.999997854 0.001414415 -0.187434435 -0.002582153 -0.001418274 0.999995649 5.699831486
0.999997020 0.000926209 0.002232565 0.087523684 -0.000929296 0.999998629 0.001382060 -0.196287975 -0.002231281 -0.001384131 0.999996543 5.966529846
0.999995649 0.001339434 0.002604756 0.087860867 -0.001343365 0.999997973 0.001507916 -0.201291740 -0.002602731 -0.001511409 0.999995470 6.259485722
0.999995410 0.001397303 0.002671733 0.104198307 -0.001401054 0.999997973 0.001402501 -0.208327368 -0.002669768 -0.001406237 0.999995410 6.540345192
0.999995351 0.001622518 0.002577506 0.100483961 -0.001626678 0.999997377 0.001612658 -0.223032027 -0.002574882 -0.001616843 0.999995351 6.844165325
0.999993742 0.002212810 0.002763204 0.106100574 -0.002217518 0.999996126 0.001701725 -0.229826406 -0.002759427 -0.001707842 0.999994695 7.145534039
0.999995112 0.001468329 0.002729608 0.114614993 -0.001473273 0.999997318 0.001810351 -0.238429591 -0.002726942 -0.001814363 0.999994636 7.447560787
0.999994576 0.001349945 0.003002615 0.115588129 -0.001356027 0.999997079 0.002024759 -0.253841668 -0.002999873 -0.002028819 0.999993443 7.753306389
0.999993920 0.001911792 0.002923369 0.122659549 -0.001917309 0.999996305 0.001885548 -0.270215809 -0.002919754 -0.001891141 0.999993861 8.073873520
0.999990344 0.002806226 0.003375223 0.122506522 -0.002812482 0.999994218 0.001850265 -0.278711021 -0.003370012 -0.001859740 0.999992549 8.393340111
0.999991596 0.002631863 0.003165111 0.128704071 -0.002637352 0.999995053 0.001731211 -0.285004824 -0.003160539 -0.001739544 0.999993503 8.715943336
0.999987125 0.003237208 0.003928015 0.127877474 -0.003243795 0.999993324 0.001671826 -0.292683542 -0.003922577 -0.001684546 0.999990821 9.054809570
0.999992251 0.002315803 0.003186492 0.139524609 -0.002322673 0.999994993 0.002153795 -0.316503793 -0.003181488 -0.002161179 0.999992609 9.379456520
0.999989629 0.002737772 0.003661237 0.142288610 -0.002744925 0.999994338 0.001950206 -0.326396585 -0.003655878 -0.001960236 0.999991417 9.715434074
0.999988854 0.002848684 0.003759284 0.147818655 -0.002856691 0.999993682 0.002126159 -0.331947327 -0.003753204 -0.002136875 0.999990642 10.068820000
0.999991477 0.002420795 0.003345974 0.156311065 -0.002428055 0.999994695 0.002167447 -0.349591047 -0.003340709 -0.002175552 0.999992073 10.429440498
0.999991953 0.002259401 0.003331256 0.166076735 -0.002266206 0.999995351 0.002040149 -0.359194756 -0.003326631 -0.002047682 0.999992371 10.791381836
0.999991536 0.002204192 0.003482044 0.174386650 -0.002211212 0.999995589 0.002013434 -0.366215289 -0.003477591 -0.002021117 0.999991953 11.147720337
0.999991000 0.002431695 0.003463328 0.177886352 -0.002441769 0.999992788 0.002907621 -0.385370612 -0.003456232 -0.002916052 0.999989748 11.531135559
0.999990404 0.002594922 0.003517818 0.188943461 -0.002604380 0.999992967 0.002686660 -0.390020996 -0.003510821 -0.002695796 0.999990225 11.911744118
0.999988556 0.002540062 0.004071957 0.196640626 -0.002552237 0.999992311 0.002987606 -0.403681219 -0.004064337 -0.002997964 0.999987304 12.292374611
0.999991357 0.001780412 0.003770828 0.213162214 -0.001792224 0.999993563 0.003131583 -0.417794168 -0.003765228 -0.003138314 0.999987900 12.664930344
0.999987245 0.002938322 0.004095252 0.204414219 -0.002954753 0.999987602 0.004011942 -0.443451136 -0.004083412 -0.004023992 0.999983549 13.060915947
0.999987364 0.002924899 0.004100301 0.222019359 -0.002939916 0.999989033 0.003661271 -0.452293932 -0.004089546 -0.003673279 0.999984920 13.460590363
0.999983311 0.003580137 0.004529847 0.221841544 -0.003597179 0.999986470 0.003759683 -0.464022875 -0.004516325 -0.003775915 0.999982655 13.869310379
0.999981284 0.003976648 0.004648692 0.226835772 -0.003995721 0.999983668 0.004100798 -0.472241014 -0.004632309 -0.004119296 0.999980748 14.303725243
0.999982536 0.003348350 0.004889010 0.234315872 -0.003369819 0.999984682 0.004389734 -0.495121539 -0.004874237 -0.004406132 0.999978423 14.708143234
0.999983788 0.003185542 0.004716821 0.246689856 -0.003206131 0.999985278 0.004363896 -0.505691528 -0.004702851 -0.004378948 0.999979377 15.137266159
0.999979198 0.003352214 0.005517101 0.263298064 -0.003377849 0.999983490 0.004643810 -0.525188386 -0.005501444 -0.004662349 0.999974012 15.556569099
0.999975085 0.003481777 0.006140133 0.260410160 -0.003512654 0.999981225 0.005025256 -0.537262201 -0.006122520 -0.005046700 0.999968529 15.996757507
0.999973059 0.004014202 0.006151319 0.271289885 -0.004046891 0.999977767 0.005310890 -0.551609814 -0.006129863 -0.005335641 0.999966979 16.434576035
0.999971926 0.003937710 0.006376197 0.283066630 -0.003970943 0.999978662 0.005207841 -0.561395168 -0.006355552 -0.005233015 0.999966145 16.879871368
0.999965906 0.003881165 0.007289269 0.276654333 -0.003921845 0.999976695 0.005574842 -0.593578458 -0.007267463 -0.005603239 0.999957860 17.343509674
0.999964952 0.003694970 0.007507978 0.290349543 -0.003742508 0.999972999 0.006327534 -0.605871081 -0.007484394 -0.006355411 0.999951780 17.809274673
0.999962032 0.003815202 0.007838193 0.302438319 -0.003859837 0.999976337 0.005687289 -0.611219823 -0.007816311 -0.005717327 0.999953091 18.286056519
0.999958336 0.004088316 0.008161836 0.312974513 -0.004137052 0.999973655 0.005963360 -0.630231440 -0.008137241 -0.005996878 0.999948919 18.735128403
0.999957561 0.004208955 0.008195908 0.329361141 -0.004257166 0.999973714 0.005873818 -0.637386262 -0.008170971 -0.005908460 0.999949098 19.223421097
0.999950111 0.005085407 0.008604048 0.342071295 -0.005134892 0.999970317 0.005739098 -0.650343537 -0.008574607 -0.005782992 0.999946535 19.700887680
0.999950230 0.004706855 0.008794928 0.337773800 -0.004766449 0.999965668 0.006767279 -0.678421974 -0.008762774 -0.006808863 0.999938428 20.186124802
0.999953508 0.004330690 0.008624832 0.356707156 -0.004388101 0.999968231 0.006648655 -0.687782884 -0.008595766 -0.006686191 0.999940753 20.678579330
0.999955654 0.004781631 0.008111341 0.369041264 -0.004832982 0.999968290 0.006322890 -0.693371415 -0.008080850 -0.006361810 0.999947131 21.194116592
0.999954879 0.004763500 0.008221431 0.367413878 -0.004820180 0.999964595 0.006888131 -0.729105413 -0.008188329 -0.006927448 0.999942482 21.658670425
0.999961555 0.004441477 0.007563011 0.386626959 -0.004493541 0.999966264 0.006881069 -0.738028407 -0.007532194 -0.006914790 0.999947786 22.176156998
0.999957621 0.005451744 0.007418145 0.395992637 -0.005506200 0.999957860 0.007340486 -0.747999549 -0.007377815 -0.007381022 0.999945581 22.686075211
0.999957681 0.005306249 0.007533661 0.374061584 -0.005361289 0.999958932 0.007304642 -0.776098609 -0.007494593 -0.007344722 0.999944925 23.193323135
0.999965727 0.004652590 0.006852779 0.391485870 -0.004705239 0.999959409 0.007686945 -0.791009068 -0.006816737 -0.007718925 0.999946952 23.713207245
0.999972343 0.003967666 0.006296810 0.390951812 -0.004011729 0.999967456 0.007000637 -0.795593798 -0.006268829 -0.007025704 0.999955714 24.253335953
0.999967992 0.005263375 0.006024953 0.413374484 -0.005305790 0.999961138 0.007045734 -0.808916986 -0.005987634 -0.007077476 0.999957025 24.760152817
0.999971151 0.005381363 0.005357274 0.406898022 -0.005424140 0.999953270 0.008002727 -0.843121290 -0.005313959 -0.008031555 0.999953628 25.314636230
0.999971628 0.005652249 0.004970035 0.423129499 -0.005693172 0.999949694 0.008258821 -0.856376231 -0.004923104 -0.008286881 0.999953508 25.865081787
0.999969959 0.006107758 0.004767278 0.430046052 -0.006147429 0.999946237 0.008351619 -0.866042316 -0.004716013 -0.008380675 0.999953747 26.410318375
0.999971807 0.005913387 0.004628172 0.424864590 -0.005954721 0.999942064 0.008968990 -0.895024896 -0.004574867 -0.008996298 0.999949038 26.973838806
0.999974191 0.005942789 0.004032871 0.443181217 -0.005978396 0.999942780 0.008875487 -0.907125473 -0.003979895 -0.008899369 0.999952435 27.516035080
0.999963939 0.007177858 0.004528581 0.445551872 -0.007218850 0.999932528 0.009101665 -0.920821548 -0.004462945 -0.009134029 0.999948323 28.074644089
0.999968588 0.006906906 0.003918917 0.451918334 -0.006944310 0.999929667 0.009612638 -0.954908609 -0.003852248 -0.009639550 0.999946117 28.611291885
0.999974310 0.006139835 0.003699247 0.468158722 -0.006175176 0.999934673 0.009619107 -0.962961972 -0.003639946 -0.009641706 0.999946833 29.172874451
0.999966025 0.007182662 0.004027334 0.477754593 -0.007222089 0.999925315 0.009862402 -0.973317027 -0.003956194 -0.009891154 0.999943256 29.713090897
0.999972343 0.006613846 0.003387679 0.460659564 -0.006648459 0.999924719 0.010309997 -1.005509257 -0.003319235 -0.010332236 0.999941111 30.244966507
0.999968648 0.007266327 0.003121353 0.476909101 -0.007300057 0.999913454 0.010933813 -1.021224976 -0.003041634 -0.010956258 0.999935329 30.797483444
0.999967694 0.007307251 0.003356518 0.485141665 -0.007342786 0.999915838 0.010699045 -1.028266430 -0.003278055 -0.010723347 0.999937117 31.336536407
0.999967992 0.007272861 0.003327719 0.490212798 -0.007307828 0.999916911 0.010618185 -1.049885154 -0.003250218 -0.010642163 0.999938071 31.905405045
0.999970257 0.007138284 0.002888918 0.505713105 -0.007168081 0.999919832 0.010438535 -1.060830832 -0.002814174 -0.010458932 0.999941349 32.449359894
0.999969959 0.007326340 0.002504341 0.519224107 -0.007353851 0.999910772 0.011159001 -1.070791602 -0.002422362 -0.011177083 0.999934614 33.012653351
0.999973178 0.006909590 0.002422476 0.512708187 -0.006935476 0.999917150 0.010845492 -1.090808630 -0.002347338 -0.010862002 0.999938250 33.560340881
0.999978304 0.006277329 0.001960636 0.528144598 -0.006298955 0.999917150 0.011226057 -1.101505041 -0.001890003 -0.011238164 0.999935150 34.114219666
0.999974191 0.007105924 0.001101246 0.542370439 -0.007117881 0.999911249 0.011263327 -1.111571074 -0.001021112 -0.011270873 0.999935985 34.653377533
0.999971449 0.007139519 0.002484346 0.520695746 -0.007167431 0.999909163 0.011414183 -1.140603542 -0.002402629 -0.011431664 0.999931753 35.180778503
0.999976397 0.006526488 0.002145987 0.536550224 -0.006550903 0.999911606 0.011573938 -1.151549816 -0.002070260 -0.011587722 0.999930739 35.717620850
0.999975622 0.006639233 0.002161955 0.545072854 -0.006663548 0.999912322 0.011440808 -1.160413027 -0.002085808 -0.011454936 0.999932170 36.269859314
0.999974072 0.006786738 0.002395662 0.538555145 -0.006813824 0.999910831 0.011485278 -1.173031092 -0.002317500 -0.011501304 0.999931157 36.833717346
0.999973357 0.007005421 0.002021521 0.550098836 -0.007028562 0.999907136 0.011677182 -1.180315256 -0.001939530 -0.011691080 0.999929726 37.383605957
0.999970734 0.007382813 0.001988914 0.570190430 -0.007404666 0.999909699 0.011213706 -1.191084981 -0.001905946 -0.011228104 0.999935150 37.935966492
0.999969065 0.007519688 0.002314836 0.540920258 -0.007546358 0.999902666 0.011736784 -1.219555855 -0.002226354 -0.011753890 0.999928355 38.476234436
0.999962926 0.008187537 0.002660755 0.549751997 -0.008216524 0.999904990 0.011072451 -1.224427700 -0.002569846 -0.011093904 0.999935091 39.021995544
0.999965131 0.007927428 0.002649568 0.563968182 -0.007956535 0.999906063 0.011161315 -1.232897997 -0.002560839 -0.011182006 0.999934137 39.570217133
0.999972701 0.007056497 0.002185960 0.560633540 -0.007082726 0.999900222 0.012233188 -1.260703802 -0.002099418 -0.012248339 0.999922812 40.097930908
0.999969542 0.007538450 0.002057398 0.574036121 -0.007563518 0.999893785 0.012461303 -1.274516821 -0.001963241 -0.012476484 0.999920249 40.642292023
0.999972165 0.007090973 0.002318277 0.583286405 -0.007118277 0.999902844 0.011990192 -1.274922609 -0.002233030 -0.012006363 0.999925435 41.193130493
0.999971509 0.007185196 0.002302603 0.563827276 -0.007213846 0.999893427 0.012686618 -1.308888674 -0.002211201 -0.012702867 0.999916852 41.721797943
0.999970376 0.007212394 0.002673512 0.572325647 -0.007245050 0.999896705 0.012413145 -1.316460848 -0.002583707 -0.012432148 0.999919415 42.277183533
0.999972820 0.007005930 0.002293519 0.589744747 -0.007034060 0.999897242 0.012495759 -1.324397206 -0.002205739 -0.012511553 0.999919236 42.820877075
0.999968410 0.007541108 0.002505437 0.583050072 -0.007571328 0.999896049 0.012279112 -1.327383280 -0.002412577 -0.012297696 0.999921441 43.344055176
0.999966323 0.007686827 0.002869257 0.594421566 -0.007721238 0.999896049 0.012180702 -1.341287971 -0.002775327 -0.012202446 0.999921679 43.891799927
0.999965191 0.007885758 0.002710867 0.611269295 -0.007917964 0.999895632 0.012081739 -1.348009348 -0.002615310 -0.012102785 0.999923348 44.433841705
0.999961555 0.008140566 0.003263443 0.588284492 -0.008180138 0.999890804 0.012300845 -1.368217707 -0.003162951 -0.012327067 0.999918997 44.952816010
0.999967873 0.007444582 0.002981336 0.606007218 -0.007481784 0.999891698 0.012667755 -1.378445864 -0.002886707 -0.012689653 0.999915302 45.500736237
0.999953687 0.008819954 0.003820903 0.609349489 -0.008866466 0.999884725 0.012331899 -1.387439132 -0.003711696 -0.012365209 0.999916613 46.057117462
0.999958515 0.008225026 0.003895814 0.596034110 -0.008274799 0.999882042 0.012937407 -1.414711356 -0.003788944 -0.012969108 0.999908745 46.600982666
0.999957085 0.008494548 0.003699732 0.611134768 -0.008540816 0.999883175 0.012674501 -1.414118290 -0.003591636 -0.012705556 0.999912858 47.150218964
0.999960780 0.007975459 0.003839274 0.618776619 -0.008025181 0.999881804 0.013114451 -1.423643351 -0.003734226 -0.013144747 0.999906659 47.715301514
0.999962986 0.007756753 0.003729086 0.624482393 -0.007807201 0.999875546 0.013709488 -1.463284254 -0.003622282 -0.013738094 0.999899089 48.236789703
0.999957621 0.008229040 0.004145646 0.629724741 -0.008286611 0.999866724 0.014066418 -1.473531008 -0.004029341 -0.014100172 0.999892533 48.776329041
0.999959171 0.008046830 0.004109742 0.642673910 -0.008101289 0.999877214 0.013411076 -1.473857999 -0.004001320 -0.013443822 0.999901652 49.328258514
0.999955714 0.008765496 0.003432499 0.662976384 -0.008810635 0.999871850 0.013363940 -1.480519295 -0.003314918 -0.013393588 0.999904811 49.876930237
0.999949992 0.008783675 0.004778190 0.631662667 -0.008851449 0.999857843 0.014352278 -1.510093331 -0.004651445 -0.014393854 0.999885559 50.394065857
0.999944925 0.009286291 0.004888300 0.643901825 -0.009354965 0.999855161 0.014217851 -1.519895673 -0.004755561 -0.014262797 0.999886990 50.931034088
0.999960601 0.007782397 0.004239372 0.668547690 -0.007844325 0.999859810 0.014792371 -1.530773401 -0.004123657 -0.014825044 0.999881566 51.486312866
0.999950588 0.008717390 0.004768776 0.670407772 -0.008781344 0.999869525 0.013558268 -1.522411823 -0.004649961 -0.013599475 0.999896705 52.022903442
0.999925554 0.010331506 0.006483368 0.633100271 -0.010424621 0.999840498 0.014496407 -1.558234215 -0.006332564 -0.014562914 0.999873877 52.535846710
0.999937177 0.009392963 0.006112603 0.650726140 -0.009481431 0.999848306 0.014608677 -1.565177202 -0.005974458 -0.014665715 0.999874592 53.081062317
0.999921560 0.010647601 0.006596114 0.651661873 -0.010747725 0.999824643 0.015334253 -1.592436552 -0.006431684 -0.015403943 0.999860644 53.607624054
0.999922872 0.010685980 0.006335889 0.658925354 -0.010781991 0.999824524 0.015318319 -1.602465630 -0.006171087 -0.015385450 0.999862552 54.129398346
0.999919534 0.010596386 0.006972217 0.668682575 -0.010701220 0.999827564 0.015174182 -1.613279581 -0.006810224 -0.015247572 0.999860585 54.683753967
0.999909103 0.011346660 0.007283870 0.678616524 -0.011455826 0.999819934 0.015124560 -1.621286154 -0.007110947 -0.015206628 0.999859095 55.234672546
0.999916613 0.010891142 0.006935362 0.706704736 -0.010993424 0.999828756 0.014884577 -1.621313810 -0.006772065 -0.014959579 0.999865174 55.767570496
0.999916911 0.010770781 0.007082096 0.696225345 -0.010881607 0.999815941 0.015801398 -1.646415591 -0.006910599 -0.015877150 0.999850094 56.293136597
0.999913812 0.010835486 0.007426739 0.711286306 -0.010949962 0.999819100 0.015550890 -1.653037906 -0.007256895 -0.015630869 0.999851465 56.840000153
0.999909580 0.011347475 0.007215390 0.725300431 -0.011459307 0.999811828 0.015651347 -1.657395244 -0.007036429 -0.015732616 0.999851465 57.393428802
0.999910235 0.010961521 0.007705485 0.710814595 -0.011084331 0.999809384 0.016080281 -1.690798283 -0.007527751 -0.016164249 0.999841034 57.930027008
0.999903083 0.011096169 0.008407668 0.724708140 -0.011229208 0.999809742 0.015944989 -1.696062922 -0.008229142 -0.016037853 0.999837518 58.470592499
0.999908805 0.010746831 0.008184915 0.741535664 -0.010875371 0.999815524 0.015825365 -1.696721315 -0.008013333 -0.015912933 0.999841332 59.012908936
0.999890149 0.012035033 0.008641731 0.726650655 -0.012174936 0.999792635 0.016323434 -1.721244812 -0.008443485 -0.016426854 0.999829412 59.497673035
0.999891400 0.012025241 0.008508296 0.741542280 -0.012161606 0.999795437 0.016161453 -1.727127790 -0.008312209 -0.016263172 0.999833226 60.045677185
0.999893606 0.011946523 0.008363531 0.760663152 -0.012082489 0.999792516 0.016399749 -1.729777336 -0.008165875 -0.016499056 0.999830544 60.596439362
0.999872744 0.012982688 0.009265950 0.755536437 -0.013130465 0.999784648 0.016069751 -1.741628170 -0.009055326 -0.016189374 0.999827921 61.108882904
0.999868631 0.012726727 0.010038001 0.772941828 -0.012885357 0.999790549 0.015900068 -1.747372866 -0.009833545 -0.016027322 0.999823153 61.657363892
0.999874055 0.012770627 0.009421208 0.778395593 -0.012924784 0.999780476 0.016487621 -1.761755943 -0.009208582 -0.016607311 0.999819696 62.181385040
0.999874830 0.012663683 0.009475446 0.797404170 -0.012816434 0.999786019 0.016237555 -1.766505241 -0.009267790 -0.016356967 0.999823272 62.731723785
0.999863446 0.013400010 0.009670024 0.801365733 -0.013555475 0.999776959 0.016194386 -1.774530053 -0.009450862 -0.016323257 0.999822080 63.252910614
0.999860108 0.013517300 0.009853890 0.816655397 -0.013677366 0.999772549 0.016361471 -1.784929752 -0.009630486 -0.016493956 0.999817610 63.812660217
0.999860227 0.013608767 0.009712654 0.832253993 -0.013767379 0.999769747 0.016454831 -1.797276735 -0.009486490 -0.016586250 0.999817371 64.314315796
0.999861181 0.013446512 0.009846296 0.849285603 -0.013609670 0.999767959 0.016695388 -1.801476121 -0.009619519 -0.016827075 0.999812126 64.869117737
0.999857605 0.013495700 0.010128586 0.852997720 -0.013659908 0.999773502 0.016322048 -1.808913827 -0.009906014 -0.016458081 0.999815464 65.399246216
0.999864161 0.012925906 0.010222000 0.870090365 -0.013088448 0.999786377 0.015997568 -1.812294602 -0.010013033 -0.016129186 0.999819815 65.947219849
0.999849856 0.013785820 0.010489975 0.876955211 -0.013952454 0.999774933 0.015981445 -1.817185283 -0.010267297 -0.016125409 0.999817252 66.488449097
0.999834120 0.014598314 0.010890946 0.891363025 -0.014768888 0.999766886 0.015749697 -1.824983239 -0.010658488 -0.015907932 0.999816656 67.037780762
0.999853790 0.013446196 0.010561600 0.918360472 -0.013614707 0.999778509 0.016048528 -1.833093643 -0.010343471 -0.016189976 0.999815404 67.575561523
0.999834657 0.014446258 0.011037942 0.920401931 -0.014625364 0.999759793 0.016321635 -1.849617243 -0.010799503 -0.016480371 0.999805868 68.087615967
0.999828041 0.014579014 0.011466157 0.937046528 -0.014765292 0.999757528 0.016332509 -1.860885262 -0.011225265 -0.016499002 0.999800920 68.617118835
0.999832869 0.014609132 0.010990632 0.946901083 -0.014786239 0.999759257 0.016209345 -1.862057447 -0.010751182 -0.016369147 0.999808192 69.177635193
0.999810696 0.015587617 0.011645787 0.943023026 -0.015778773 0.999739170 0.016506687 -1.876713037 -0.011385451 -0.016687317 0.999795914 69.707206726
0.999804437 0.015631398 0.012115804 0.956254184 -0.015827091 0.999742985 0.016227871 -1.882505655 -0.011859026 -0.016416453 0.999794900 70.263549805
0.999815226 0.015009997 0.012011688 0.973702312 -0.015213721 0.999738753 0.017052691 -1.897659302 -0.011752591 -0.017232282 0.999782443 70.808479309
0.999811947 0.015462093 0.011706012 0.983051062 -0.015652975 0.999743104 0.016394161 -1.902584314 -0.011449517 -0.016574312 0.999797106 71.317558289
0.999817252 0.015288491 0.011482829 1.000903130 -0.015480437 0.999738812 0.016817387 -1.910260201 -0.011222716 -0.016992072 0.999792635 71.868560791
0.999808073 0.015755827 0.011641235 1.010846257 -0.015952136 0.999728799 0.016967554 -1.920219660 -0.011370739 -0.017150002 0.999788284 72.431938171
0.999794900 0.016048685 0.012350789 1.014280438 -0.016254969 0.999726951 0.016786922 -1.929975152 -0.012078010 -0.016984241 0.999782801 72.920837402
0.999791205 0.016346570 0.012258712 1.029500246 -0.016552066 0.999720991 0.016853455 -1.935647249 -0.011979795 -0.017052842 0.999782801 73.474899292
0.999789834 0.016369510 0.012343470 1.045805812 -0.016575828 0.999721408 0.016801957 -1.943436027 -0.012064992 -0.017003028 0.999782622 74.018692017
0.999785006 0.016606821 0.012413031 1.062820554 -0.016812541 0.999719918 0.016656663 -1.943783164 -0.012132940 -0.016861778 0.999784231 74.570617676
0.999790072 0.016485317 0.012172669 1.082966685 -0.016686797 0.999722242 0.016640307 -1.958979368 -0.011894969 -0.016839936 0.999787390 75.093154907
0.999778211 0.016711460 0.012811159 1.093428969 -0.016926717 0.999714136 0.016882103 -1.969998717 -0.012525371 -0.017095210 0.999775410 75.634132385
0.999769151 0.017530141 0.012421513 1.106726408 -0.017740441 0.999697566 0.017027296 -1.972530842 -0.012119265 -0.017243728 0.999777853 76.181228638
0.999781609 0.016677309 0.012593848 1.125823498 -0.016888686 0.999715209 0.016868666 -1.985175133 -0.012308936 -0.017077677 0.999778390 76.741554260
0.999779403 0.016864117 0.012524453 1.142968297 -0.017067013 0.999721944 0.016273640 -1.991396904 -0.012246531 -0.016483804 0.999789119 77.283203125
0.999780059 0.016658921 0.012736741 1.150066018 -0.016879022 0.999706566 0.017373269 -2.003160477 -0.012443584 -0.017584436 0.999767900 77.801925659
0.999779463 0.016723907 0.012697196 1.168511152 -0.016941458 0.999708116 0.017224355 -2.017378569 -0.012405431 -0.017435668 0.999771059 78.324836731
0.999766171 0.017277656 0.013005290 1.178174615 -0.017500330 0.999698758 0.017207267 -2.016701698 -0.012704071 -0.017430840 0.999767363 78.864234924
0.999772727 0.017363291 0.012370790 1.194925904 -0.017568881 0.999705970 0.016708726 -2.023362160 -0.012077034 -0.016922267 0.999783874 79.422576904
0.999781072 0.016938483 0.012287669 1.227494597 -0.017141288 0.999715328 0.016591424 -2.031389952 -0.012003139 -0.016798416 0.999786794 79.967628479
0.999730587 0.018285727 0.014290751 1.224768996 -0.018534921 0.999674916 0.017503928 -2.042098999 -0.013966033 -0.017764093 0.999744594 80.462860107
0.999718606 0.017959435 0.015497092 1.241490483 -0.018227080 0.999684036 0.017305791 -2.050646305 -0.015181394 -0.017583389 0.999730110 81.008934021
0.999721348 0.017031755 0.016345132 1.271289825 -0.017301878 0.999713659 0.016529592 -2.047036886 -0.016058926 -0.016807787 0.999729753 81.542282104
0.999679923 0.017702049 0.018075693 1.282710791 -0.018000014 0.999702632 0.016456820 -2.054727554 -0.017779000 -0.016776916 0.999701142 82.092178345
0.999621987 0.017753156 0.020994574 1.310011148 -0.018100742 0.999700189 0.016483497 -2.060306072 -0.020695647 -0.016857281 0.999643683 82.657585144
0.999546051 0.017537620 0.024501823 1.345599651 -0.017943835 0.999703467 0.016458467 -2.062636375 -0.024205921 -0.016890649 0.999564290 83.189651489
0.999452949 0.017714437 0.027927535 1.376507998 -0.018175306 0.999701321 0.016335705 -2.073294163 -0.027629819 -0.016834360 0.999476492 83.734794617
0.999346614 0.017598402 0.031568382 1.413877368 -0.018127698 0.999698520 0.016559461 -2.083735466 -0.031267442 -0.017120901 0.999364436 84.294616699
0.999137521 0.017662026 0.037583906 1.444584250 -0.018284133 0.999700367 0.016273640 -2.077706099 -0.037285227 -0.016946793 0.999160945 84.817489624
0.998885810 0.017902410 0.043666631 1.483308315 -0.018599639 0.999705076 0.015613399 -2.079158306 -0.043374233 -0.016408188 0.998924077 85.372612000
0.998602390 0.017965175 0.049706146 1.517872334 -0.018786445 0.999693751 0.016104909 -2.089797974 -0.049401604 -0.017016200 0.998634040 85.913780212
0.998191118 0.017244317 0.057596158 1.569095612 -0.018182304 0.999709785 0.015801316 -2.090049267 -0.057306975 -0.016819963 0.998214841 86.429618835
0.997670412 0.017163562 0.066023022 1.625705719 -0.018168557 0.999727607 0.014651678 -2.088206291 -0.065753564 -0.015817091 0.997710526 86.989540100
0.997164488 0.016376313 0.073449329 1.679291248 -0.017511550 0.999736488 0.014838709 -2.100397587 -0.073186979 -0.016082844 0.997188568 87.547851562
0.996469617 0.016665025 0.082283556 1.736469746 -0.017955115 0.999726772 0.014963530 -2.107862949 -0.082011700 -0.016388113 0.996496618 88.095390320
0.995644808 0.015673188 0.091901466 1.818563461 -0.017059507 0.999751985 0.014318675 -2.117044449 -0.091654241 -0.015824107 0.995665193 88.618896484
0.994784355 0.015866427 0.100758918 1.890995026 -0.017375803 0.999749243 0.014120119 -2.115704536 -0.100509636 -0.015797243 0.994810522 89.179817200
0.994016886 0.016048275 0.108042255 1.965274334 -0.017674159 0.999744177 0.014107823 -2.123579979 -0.107788235 -0.015932966 0.994046330 89.722183228
0.992881835 0.016177073 0.118000560 2.052118301 -0.017971564 0.999738157 0.014159242 -2.130385876 -0.117740631 -0.016179105 0.992912650 90.262977600
0.991601169 0.015576886 0.128392011 2.143989563 -0.017491629 0.999751747 0.013799151 -2.133744240 -0.128145188 -0.015929041 0.991627574 90.813987732
0.990388155 0.014984696 0.137501791 2.246922493 -0.016975882 0.999767184 0.013319861 -2.132358313 -0.137270182 -0.015526047 0.990411937 91.348381042
0.988734722 0.014847797 0.148940042 2.344245911 -0.016963392 0.999772310 0.012943999 -2.139566660 -0.148713946 -0.015324710 0.988761485 91.878952026
0.986756384 0.014808829 0.161531597 2.445589066 -0.017143678 0.999767661 0.013070183 -2.152422905 -0.161300480 -0.015666334 0.986780941 92.419616699
0.984911382 0.014440414 0.172455475 2.560738564 -0.016910708 0.999774277 0.012863580 -2.155653477 -0.172230765 -0.015585832 0.984933257 92.947471619
0.983049810 0.014139544 0.182792962 2.680953026 -0.016711812 0.999781787 0.012539233 -2.161532640 -0.182575762 -0.015381492 0.983071506 93.483581543
0.980690479 0.013428155 0.195104614 2.813707352 -0.016102135 0.999796867 0.012125706 -2.171296358 -0.194902152 -0.015033165 0.980707467 94.011848450
0.978154421 0.013438061 0.207445264 2.955039978 -0.016311947 0.999793172 0.012149321 -2.184411049 -0.207239091 -0.015267747 0.978171229 94.532341003
0.975898921 0.012992163 0.217835933 3.077136993 -0.015919363 0.999804854 0.011687964 -2.181324720 -0.217641607 -0.014874080 0.975915432 95.084968567
0.972930372 0.012274925 0.230772272 3.230550766 -0.015335222 0.999816597 0.011472039 -2.189081192 -0.230589181 -0.014700440 0.972940207 95.610771179
0.969808280 0.011456664 0.243599489 3.388416290 -0.014563911 0.999833882 0.010958316 -2.199580908 -0.243433505 -0.014175227 0.969814003 96.123107910
0.966965258 0.010896668 0.254674882 3.549188614 -0.013959510 0.999850273 0.010222168 -2.198568821 -0.254525363 -0.013439620 0.966972768 96.659942627
0.963952422 0.011646760 0.265819550 3.707899094 -0.015061929 0.999828041 0.010812700 -2.216833830 -0.265647918 -0.014426683 0.963962138 97.178810120
0.960113049 0.012203934 0.279345453 3.881319046 -0.016041694 0.999805629 0.011456351 -2.231076479 -0.279151320 -0.015480566 0.960122287 97.695693970
0.956370354 0.011196072 0.291942626 4.063148499 -0.014871818 0.999835551 0.010374423 -2.234761953 -0.291778445 -0.014263508 0.956379592 98.229942322
0.952850461 0.010621525 0.303254217 4.238502502 -0.014289802 0.999849081 0.009879904 -2.229640722 -0.303103566 -0.013747514 0.952858448 98.747962952
0.948122799 0.011335803 0.317702353 4.432270050 -0.015297854 0.999833167 0.009978937 -2.239832640 -0.317536175 -0.014321420 0.948137939 99.269958496
0.943635046 0.010218000 0.330830097 4.653465271 -0.014102066 0.999856949 0.009342153 -2.243259668 -0.330687314 -0.013480971 0.943644047 99.790740967
0.939479351 0.010413968 0.342447281 4.863153458 -0.014639835 0.999845207 0.009757602 -2.266227722 -0.342292666 -0.014180437 0.939486384 100.309371948
0.934638023 0.010351001 0.355449915 5.082426071 -0.014841225 0.999840856 0.009908061 -2.276847839 -0.355290771 -0.014535763 0.934642851 100.840354919
0.929102302 0.009847762 0.369691670 5.307151794 -0.014441691 0.999849021 0.009660840 -2.286684036 -0.369540751 -0.014314882 0.929104269 101.335121155
0.923984945 0.010016948 0.382297397 5.511676788 -0.014862931 0.999842227 0.009724782 -2.303590059 -0.382139713 -0.014667613 0.923988163 101.820655823
0.919229209 0.008247767 0.393636286 5.750080109 -0.012863160 0.999875903 0.009088211 -2.304147959 -0.393512547 -0.013417554 0.919221401 102.302520752
0.913135529 0.008029548 0.407577157 5.995487213 -0.012973484 0.999871910 0.009367622 -2.317014456 -0.407449692 -0.013841602 0.913122714 102.799026489
0.907280207 0.007887539 0.420452416 6.246379852 -0.013021380 0.999871492 0.009341166 -2.325661898 -0.420324773 -0.013949929 0.907266438 103.274551392
0.902020812 0.008714278 0.431604564 6.478649139 -0.013915869 0.999863625 0.008895443 -2.328732014 -0.431468159 -0.014030027 0.902019083 103.734535217
0.896211326 0.008220592 0.443551272 6.742832184 -0.013551109 0.999869049 0.008849352 -2.339137554 -0.443420380 -0.013941500 0.896205306 104.214485168
0.889549494 0.008597422 0.456758142 7.015724182 -0.014305802 0.999856889 0.009040950 -2.357998371 -0.456614941 -0.014576662 0.889545083 104.697326660
0.883291543 0.008743026 0.468742520 7.294700623 -0.014550901 0.999855757 0.008770110 -2.364925385 -0.468598187 -0.014567191 0.883291364 105.193695068
0.877068281 0.007508441 0.480306953 7.563232422 -0.012972441 0.999883413 0.008057662 -2.347481251 -0.480190516 -0.013297874 0.877063453 105.686012268
0.869461238 0.007295977 0.493947148 7.863952637 -0.012824126 0.999887347 0.007804331 -2.362183094 -0.493834555 -0.013120005 0.869457006 106.156837463
