1.000000000 0.000000000 0.000000000 0.000000000 0.000000000 1.000000000 0.000000000 0.000000000 0.000000000 0.000000000 1.000000000 0.000000000
0.999999940 -0.000324031 0.000046549 0.000277807 0.000324030 0.999999940 0.000013228 0.000292708 -0.000046553 -0.000013213 1.000000000 -0.000109286
1.000000000 -0.000122349 0.000145600 -0.000687819 0.000122324 1.000000000 0.000174390 -0.000394999 -0.000145621 -0.000174373 1.000000000 0.000332391
1.000000000 -0.000058153 0.000004347 0.000286323 0.000058153 1.000000000 0.000096072 0.000126859 -0.000004353 -0.000096072 1.000000000 0.000047766
1.000000000 -0.000004068 0.000052708 0.000216710 0.000004065 1.000000000 0.000055869 -0.000736661 -0.000052708 -0.000055869 1.000000000 -0.000607310
0.999999940 -0.000299654 0.000068273 0.000123795 0.000299654 0.999999940 0.000002980 0.000133611 -0.000068274 -0.000002959 1.000000000 -0.000813463
0.999999940 -0.000395558 0.000136265 -0.000766600 0.000395554 0.999999940 0.000031376 -0.000112537 -0.000136277 -0.000031323 1.000000000 0.000522861
0.999999940 -0.000315664 0.000076099 0.000632252 0.000315654 0.999999940 0.000131152 -0.000418486 -0.000076140 -0.000131128 1.000000000 0.001278906
1.000000000 -0.000127257 0.000118398 -0.000011201 0.000127258 1.000000000 -0.000002049 0.000783203 -0.000118398 0.000002064 1.000000000 0.000944997
1.000000000 -0.000029040 0.000141396 -0.000710937 0.000029038 1.000000000 0.000015558 -0.000122650 -0.000141397 -0.000015554 1.000000000 -0.000524569
1.000000000 -0.000159696 0.000062569 0.001099199 0.000159694 1.000000000 0.000029947 0.000455992 -0.000062573 -0.000029938 1.000000000 -0.000749373
1.000000000 -0.000038312 -0.000029196 0.001121959 0.000038312 1.000000000 -0.000023938 -0.000232803 0.000029197 0.000023937 1.000000000 -0.002227030
1.000000000 0.000006504 0.000064064 0.000630093 -0.000006497 1.000000000 -0.000117776 0.001917578 -0.000064065 0.000117776 1.000000000 0.000750585
1.000000000 -0.000064585 0.000072142 -0.000539938 0.000064582 1.000000000 0.000031601 0.000600808 -0.000072144 -0.000031597 1.000000000 -0.000055129
1.000000000 0.000116011 0.000124028 -0.000645670 -0.000115993 1.000000000 -0.000145487 0.001361056 -0.000124045 0.000145473 1.000000000 -0.000041847
1.000000000 -0.000134769 0.000012073 0.000641342 0.000134768 1.000000000 0.000116598 0.000124866 -0.000012089 -0.000116596 1.000000000 -0.000124005
0.999999940 -0.000406527 0.000014802 0.000105951 0.000406525 0.999999881 0.000148882 -0.000335437 -0.000014862 -0.000148876 1.000000000 -0.000705541
0.999999940 -0.000288723 0.000023550 0.000240637 0.000288721 0.999999940 0.000079520 -0.000844803 -0.000023573 -0.000079514 1.000000000 -0.001669170
1.000000000 0.000060981 0.000113182 -0.000252146 -0.000060990 1.000000000 0.000076380 -0.000228559 -0.000113178 -0.000076387 1.000000000 -0.001215100
1.000000000 0.000234910 -0.000011667 -0.000168887 -0.000234908 0.999999940 0.000131970 -0.000182378 0.000011698 -0.000131967 1.000000000 -0.000425751
1.000000000 -0.000145169 -0.000037500 0.000711235 0.000145174 1.000000000 0.000122650 0.000181562 0.000037482 -0.000122656 1.000000000 -0.000639560
1.000000000 -0.000039523 0.000078956 -0.000355664 0.000039514 1.000000000 0.000116443 -0.000248848 -0.000078961 -0.000116440 1.000000000 -0.000724021
1.000000000 -0.000144416 0.000035843 0.000418521 0.000144410 1.000000000 0.000150803 -0.000519707 -0.000035865 -0.000150798 1.000000000 -0.001516291
0.999999940 -0.000235519 0.000107154 0.000788019 0.000235519 1.000000000 0.000001095 0.000877246 -0.000107154 -0.000001069 1.000000000 0.000687720
1.000000000 0.000100217 0.000137189 0.000010431 -0.000100228 1.000000000 0.000082874 0.000396547 -0.000137181 -0.000082888 1.000000000 0.000603291
1.000000000 -0.000095232 0.000015379 0.001667660 0.000095230 1.000000000 0.000106380 0.000517850 -0.000015390 -0.000106378 1.000000000 -0.001133280
1.000000000 -0.000207777 0.000079740 0.000257602 0.000207774 1.000000000 0.000044707 0.000039576 -0.000079749 -0.000044690 1.000000000 -0.002006164
1.000000000 -0.000201262 -0.000002149 -0.000124147 0.000201262 1.000000000 0.000028830 -0.000200809 0.000002143 -0.000028830 1.000000000 -0.002056800
0.999999940 0.000233347 0.000161713 -0.001208266 -0.000233376 0.999999940 0.000182920 0.000142327 -0.000161670 -0.000182957 0.999999940 0.001076793
1.000000000 -0.000033134 -0.000025064 0.000609214 0.000033138 1.000000000 0.000173688 -0.000297767 0.000025058 -0.000173689 1.000000000 -0.000924276
0.999999940 -0.000241375 0.000206650 -0.000791063 0.000241372 1.000000000 0.000014305 0.000498416 -0.000206654 -0.000014255 1.000000000 -0.000157461
1.000000000 -0.000131048 0.000181899 -0.000886712 0.000131021 1.000000000 0.000148977 -0.000629799 -0.000181919 -0.000148953 1.000000000 -0.001032549
1.000000000 0.000004950 0.000091535 -0.000453340 -0.000004967 1.000000000 0.000185393 -0.001341659 -0.000091534 -0.000185394 1.000000000 -0.002175880
1.000000000 -0.000080639 0.000138892 -0.000299587 0.000080647 1.000000000 -0.000058694 0.000769527 -0.000138887 0.000058705 1.000000000 -0.001005490
1.000000000 -0.000113163 0.000123792 -0.000325416 0.000113165 1.000000000 -0.000015590 0.000468062 -0.000123790 0.000015604 1.000000000 -0.000749593
1.000000000 0.000089872 0.000086842 0.000051037 -0.000089887 1.000000000 0.000168188 -0.000145838 -0.000086827 -0.000168196 1.000000000 -0.001501151
0.999999940 -0.000207492 0.000151699 0.000088006 0.000207497 1.000000000 -0.000036871 0.001852021 -0.000151691 0.000036903 1.000000000 0.000323603
1.000000000 -0.000109452 0.000173536 -0.000900656 0.000109429 1.000000000 0.000127501 0.000830327 -0.000173550 -0.000127482 1.000000000 0.000969669
1.000000000 -0.000050646 0.000113106 -0.000212311 0.000050639 1.000000000 0.000055455 0.000475816 -0.000113109 -0.000055450 1.000000000 -0.000648087
1.000000000 0.000086065 0.000181404 -0.000952329 -0.000086079 1.000000000 0.000077709 0.000111013 -0.000181397 -0.000077724 1.000000000 -0.000464601
0.999999940 0.000002482 0.000304505 -0.000808708 -0.000002434 1.000000000 -0.000156714 0.001352424 -0.000304505 0.000156713 0.999999940 0.002234924
0.999948323 0.009991898 0.001871642 0.020589691 -0.009991315 0.999950051 -0.000320392 -0.007750120 -0.001874750 0.000301675 0.999998212 0.014863636
0.999948323 0.010027980 0.001690063 0.022525635 -0.010026479 0.999949336 -0.000893721 -0.010005035 -0.001698940 0.000876729 0.999998212 0.102347441
0.999944806 0.010387704 0.001610173 0.022852568 -0.010385863 0.999945462 -0.001146666 -0.012083491 -0.001621996 0.001129880 0.999998093 0.220585316
0.999965370 0.008261834 0.001019715 0.034644578 -0.008261658 0.999965847 -0.000176048 -0.030398551 -0.001021134 0.000167617 0.999999464 0.279845208
0.999959886 0.008890726 0.001047989 0.035722855 -0.008890328 0.999960363 -0.000383078 -0.033410199 -0.001051353 0.000373745 0.999999404 0.419045150
0.999962449 0.008629682 0.000855020 0.040769383 -0.008629485 0.999962747 -0.000233088 -0.037536979 -0.000856999 0.000225701 0.999999642 0.574776828
0.999949992 0.009956214 0.000942443 0.043134712 -0.009956180 0.999950409 -0.000039953 -0.043032568 -0.000942794 0.000030567 0.999999583 0.742096961
0.999960303 0.008899023 0.000496031 0.049491066 -0.008899420 0.999960065 0.000804231 -0.054354250 -0.000488855 -0.000808614 0.999999583 0.915939569
0.999947250 0.010070830 0.002027133 0.029831955 -0.010071239 0.999949217 0.000191629 -0.047416478 -0.002025101 -0.000212034 0.999997914 1.098735929
0.999935985 0.011162335 0.001808054 0.035210177 -0.011160692 0.999937236 -0.000916316 -0.046724439 -0.001818169 0.000896079 0.999997973 1.292293310
0.999929667 0.011708998 0.001910780 0.038100481 -0.011707128 0.999931037 -0.000987147 -0.050216019 -0.001922207 0.000964708 0.999997675 1.485009789
0.999953687 0.009289298 0.002493092 0.042835217 -0.009287369 0.999956489 -0.000784483 -0.058003046 -0.002500271 0.000761293 0.999996603 1.683159113
0.999948859 0.009811033 0.002468764 0.045497574 -0.009808743 0.999951482 -0.000937615 -0.063541748 -0.002477843 0.000913352 0.999996543 1.885034919
0.999936998 0.010970992 0.002354952 0.052176811 -0.010969879 0.999939740 -0.000484456 -0.063452378 -0.002360124 0.000458592 0.999997139 2.105870008
0.999947667 0.010146778 0.001316298 0.079218619 -0.010148071 0.999948025 0.000979687 -0.097096674 -0.001306289 -0.000992994 0.999998629 2.355750322
0.999951124 0.009851180 0.000838031 0.096505903 -0.009850483 0.999951065 -0.000832669 -0.071694389 -0.000846193 0.000824373 0.999999285 2.558229208
0.999949992 0.009975383 0.000644840 0.102349415 -0.009974914 0.999949932 -0.000727378 -0.077874258 -0.000652064 0.000720909 0.999999464 2.790761232
0.999947429 0.010155901 0.001491958 0.096920066 -0.010156801 0.999948263 0.000596280 -0.105509654 -0.001485826 -0.000611402 0.999998689 2.981812239
0.999957025 0.009096729 0.001780078 0.083824858 -0.009096885 0.999958575 0.000079103 -0.107253768 -0.001779285 -0.000095293 0.999998331 3.243181705
0.999944687 0.010231433 0.002434376 0.072681859 -0.010231761 0.999947667 0.000122764 -0.113343060 -0.002432992 -0.000147665 0.999997020 3.497328997
0.999948025 0.009965917 0.002150216 0.078344330 -0.009965924 0.999950349 -0.000007813 -0.119076058 -0.002150187 -0.000013616 0.999997675 3.748784304
0.999945521 0.010331768 0.001496035 0.108190350 -0.010332289 0.999946475 0.000341098 -0.124918953 -0.001492432 -0.000356537 0.999998748 4.008792877
0.999935389 0.011135432 0.002293271 0.106974162 -0.011134288 0.999937892 -0.000510982 -0.125795275 -0.002298819 0.000485415 0.999997199 4.257926941
0.999936581 0.011012015 0.002359685 0.114886157 -0.011009899 0.999939024 -0.000907833 -0.130039990 -0.002369538 0.000881796 0.999996781 4.514120102
0.999948382 0.009963081 0.001954790 0.120208658 -0.009961903 0.999950111 -0.000611751 -0.138165489 -0.001960788 0.000592246 0.999997854 4.783940315
0.999948025 0.010052606 0.001670743 0.129667312 -0.010051778 0.999949276 -0.000504163 -0.145845920 -0.001675726 0.000487343 0.999998450 5.042901516
0.999924660 0.011786222 0.003404292 0.098640963 -0.011789801 0.999929905 0.001033168 -0.176805913 -0.003391876 -0.001073226 0.999993682 5.277780533
0.999937236 0.010659562 0.003448274 0.110841252 -0.010661213 0.999943078 0.000460579 -0.173193529 -0.003443168 -0.000497313 0.999993920 5.562644958
0.999941170 0.010296434 0.003422150 0.116522461 -0.010299491 0.999946654 0.000877034 -0.183300912 -0.003412937 -0.000912229 0.999993742 5.832146645
0.999941885 0.010408996 0.002795731 0.125552565 -0.010409217 0.999945760 0.000064720 -0.178083435 -0.002794905 -0.000093817 0.999996066 6.148231030
0.999942243 0.010361000 0.002828074 0.130143300 -0.010360648 0.999946237 -0.000139086 -0.182203636 -0.002829363 0.000109777 0.999996006 6.433147430
0.999937415 0.010865293 0.002669495 0.162520587 -0.010868824 0.999940097 0.001311642 -0.218531683 -0.002655084 -0.001340574 0.999995589 6.663334370
0.999940574 0.010531224 0.002828161 0.154007316 -0.010536187 0.999942958 0.001746021 -0.231086284 -0.002809612 -0.001775715 0.999994397 6.961252213
0.999933064 0.011286126 0.002556883 0.168096721 -0.011287868 0.999935985 0.000667156 -0.228190631 -0.002549190 -0.000695973 0.999996483 7.249078751
0.999939382 0.010662978 0.002752920 0.173087060 -0.010665103 0.999942839 0.000758446 -0.239355102 -0.002744675 -0.000787760 0.999995947 7.560496330
0.999938905 0.010642268 0.002965559 0.174969494 -0.010645598 0.999942720 0.001109770 -0.254954010 -0.002953578 -0.001141273 0.999994993 7.864648342
0.999942124 0.010244758 0.003277705 0.171246171 -0.010246015 0.999947429 0.000367167 -0.236540422 -0.003273771 -0.000400729 0.999994576 8.212222099
0.999941051 0.010364330 0.003220884 0.185964465 -0.010366959 0.999945939 0.000800823 -0.264181733 -0.003212409 -0.000834167 0.999994516 8.516618729
0.999944031 0.010205006 0.002793282 0.193739474 -0.010210780 0.999945700 0.002060363 -0.284453869 -0.002772104 -0.002088769 0.999993920 8.829537392
0.999930382 0.011253042 0.003541550 0.195785597 -0.011257524 0.999935806 0.001247979 -0.290346652 -0.003527279 -0.001287761 0.999992967 9.186403275
0.999928296 0.011369751 0.003748918 0.192830831 -0.011373814 0.999934733 0.001064748 -0.293367684 -0.003736567 -0.001107311 0.999992430 9.521564484
0.999932051 0.011178378 0.003306018 0.211756408 -0.011179687 0.999937415 0.000377901 -0.299872369 -0.003301587 -0.000414836 0.999994457 9.868454933
0.999937654 0.010609732 0.003474283 0.217571944 -0.010613909 0.999942958 0.001185969 -0.317888230 -0.003461501 -0.001222771 0.999993265 10.228923798
0.999933720 0.010893949 0.003732084 0.228430778 -0.010901027 0.999938786 0.001881531 -0.334007293 -0.003711358 -0.001922090 0.999991238 10.574794769
0.999935031 0.010792674 0.003652951 0.237585127 -0.010798144 0.999940574 0.001481338 -0.336010605 -0.003636747 -0.001520687 0.999992251 10.940134048
0.999939382 0.010463016 0.003410953 0.254457742 -0.010467811 0.999944270 0.001391085 -0.353562534 -0.003396208 -0.001426706 0.999993205 11.326294899
0.999935091 0.010778129 0.003727810 0.258586645 -0.010782196 0.999941289 0.001072468 -0.353509188 -0.003716033 -0.001112592 0.999992490 11.698901176
0.999933183 0.010895104 0.003868204 0.273505330 -0.010904688 0.999937475 0.002465373 -0.387901843 -0.003841102 -0.002507390 0.999989450 12.043905258
0.999927878 0.011204758 0.004328876 0.276823550 -0.011209057 0.999936700 0.000970289 -0.383250713 -0.004317731 -0.001018741 0.999990106 12.442930222
0.999945402 0.009989907 0.003070090 0.298313588 -0.009997533 0.999946892 0.002478324 -0.406033874 -0.003045169 -0.002508882 0.999992192 12.817420959
0.999930024 0.011231973 0.003719631 0.306935042 -0.011237973 0.999935567 0.001596350 -0.412045240 -0.003701461 -0.001638039 0.999991834 13.231852531
0.999936521 0.010331203 0.004495045 0.307576597 -0.010337847 0.999945521 0.001457350 -0.421667606 -0.004479745 -0.001503727 0.999988794 13.634633064
0.999936998 0.010612213 0.003660956 0.326221436 -0.010619730 0.999941528 0.002039912 -0.439799190 -0.003639093 -0.002078662 0.999991238 14.052429199
0.999937832 0.010543213 0.003629752 0.337912798 -0.010550643 0.999942243 0.002033913 -0.454911232 -0.003608099 -0.002072083 0.999991357 14.463155746
0.999935389 0.010518258 0.004317467 0.344552696 -0.010529080 0.999941468 0.002491667 -0.471906155 -0.004291006 -0.002536965 0.999987543 14.882270813
0.999931514 0.010708568 0.004722883 0.353609324 -0.010719215 0.999940038 0.002234780 -0.481428951 -0.004698668 -0.002285253 0.999986351 15.324486732
0.999936163 0.010201304 0.004848334 0.364546657 -0.010212153 0.999945521 0.002218639 -0.495992512 -0.004825437 -0.002268010 0.999985814 15.753285408
0.999933004 0.010474324 0.004925408 0.376848906 -0.010487208 0.999941647 0.002597339 -0.509876609 -0.004897915 -0.002648819 0.999984503 16.203029633
0.999943376 0.009396630 0.004989768 0.388482302 -0.009409542 0.999952435 0.002570532 -0.527026653 -0.004965378 -0.002617339 0.999984205 16.647962570
0.999939322 0.009654256 0.005308161 0.402138889 -0.009666906 0.999950409 0.002362566 -0.535610557 -0.005285090 -0.002413736 0.999983072 17.105310440
0.999934793 0.009924379 0.005645738 0.407901615 -0.009939736 0.999946892 0.002698352 -0.551889479 -0.005618658 -0.002754293 0.999980450 17.553850174
0.999933541 0.010332008 0.005113186 0.424406886 -0.010346519 0.999942482 0.002819909 -0.567628741 -0.005083756 -0.002872626 0.999983013 18.021316528
0.999944150 0.009181198 0.005253675 0.445046812 -0.009195017 0.999954283 0.002611910 -0.580372632 -0.005229456 -0.002660071 0.999982715 18.495351791
0.999941468 0.009318056 0.005501471 0.455472559 -0.009335670 0.999951363 0.003184771 -0.602278352 -0.005471527 -0.003235945 0.999979794 18.947727203
0.999943435 0.009033496 0.005607315 0.469427735 -0.009060819 0.999947131 0.004866786 -0.632193267 -0.005563056 -0.004917318 0.999972403 19.455413818
0.999940276 0.009354921 0.005655604 0.481560200 -0.009378228 0.999947608 0.004108646 -0.629801273 -0.005616871 -0.004161440 0.999975562 19.933315277
0.999950647 0.008533198 0.005085934 0.498500258 -0.008551938 0.999956667 0.003674274 -0.641274869 -0.005054360 -0.003717587 0.999980330 20.422937393
0.999953091 0.008529545 0.004590010 0.514868379 -0.008544866 0.999957919 0.003328426 -0.650362074 -0.004561427 -0.003367491 0.999983907 20.920600891
0.999954224 0.008592418 0.004213758 0.521666110 -0.008609381 0.999954820 0.004024018 -0.667313397 -0.004178992 -0.004060111 0.999983013 21.412073135
0.999952555 0.008944779 0.003850590 0.533592224 -0.008960056 0.999951959 0.003968894 -0.685570776 -0.003814904 -0.004003207 0.999984682 21.910911560
0.999957144 0.008702389 0.003152553 0.546677291 -0.008713779 0.999955475 0.003617387 -0.693725109 -0.003120933 -0.003644703 0.999988496 22.431224823
0.999962032 0.008469301 0.002049347 0.569290876 -0.008477497 0.999955952 0.004024263 -0.713513315 -0.002015175 -0.004041483 0.999989808 22.936265945
0.999954939 0.009242260 0.002127781 0.567761719 -0.009249852 0.999950767 0.003586514 -0.721385002 -0.002094529 -0.003606034 0.999991298 23.471191406
0.999972820 0.007314317 0.001033102 0.586583614 -0.007317969 0.999966800 0.003575918 -0.742515326 -0.001006912 -0.003583380 0.999993086 23.983510971
0.999963403 0.008528754 0.000544186 0.597502291 -0.008531083 0.999953866 0.004436930 -0.769113302 -0.000506319 -0.004441411 0.999989986 24.505912781
0.999954998 0.009477561 0.000432834 0.601453841 -0.009479797 0.999939978 0.005496380 -0.793177068 -0.000380716 -0.005500237 0.999984741 25.050046921
0.999960959 0.008829450 -0.000306285 0.611629128 -0.008827665 0.999946296 0.005413877 -0.806567907 0.000354070 -0.005410961 0.999985278 25.583374023
0.999949098 0.010076110 0.000444952 0.602150977 -0.010078328 0.999935150 0.005302363 -0.821872592 -0.000391496 -0.005306578 0.999985814 26.170799255
0.999955535 0.009429052 0.000074586 0.611433327 -0.009429333 0.999936461 0.006180711 -0.836674333 -0.000016303 -0.006181139 0.999980867 26.719402313
0.999962091 0.008592349 -0.001424847 0.639956594 -0.008584606 0.999948800 0.005354685 -0.843848407 0.001470783 -0.005342251 0.999984622 27.239543915
0.999955237 0.009344791 -0.001497277 0.648622572 -0.009335244 0.999936819 0.006261048 -0.876768112 0.001555691 -0.006246790 0.999979258 27.764589310
0.999958634 0.008670551 -0.002758174 0.660301149 -0.008659367 0.999954343 0.004041461 -0.854388654 0.002793089 -0.004017410 0.999988019 28.346246719
0.999958992 0.008712285 -0.002475467 0.670738816 -0.008699918 0.999949932 0.004963172 -0.875767469 0.002518584 -0.004941432 0.999984562 28.865030289
0.999959409 0.008718250 -0.002271046 0.676712036 -0.008706415 0.999948740 0.005170155 -0.888213038 0.002316005 -0.005150172 0.999984086 29.401866913
0.999956489 0.009001466 -0.002450304 0.684289694 -0.008987503 0.999943674 0.005650654 -0.914716661 0.002501030 -0.005628387 0.999980986 29.939262390
0.999956906 0.009008098 -0.002307029 0.685323775 -0.008994265 0.999941945 0.005938213 -0.932086110 0.002360387 -0.005917206 0.999979675 30.482721329
0.999955833 0.008996142 -0.002700616 0.696230114 -0.008981243 0.999944687 0.005478914 -0.932648003 0.002749755 -0.005454418 0.999981344 31.033119202
0.999956369 0.009042810 -0.002308873 0.694405079 -0.009030055 0.999944210 0.005475344 -0.946223259 0.002358257 -0.005454256 0.999982357 31.589643478
0.999953568 0.009280680 -0.002585384 0.699311793 -0.009269804 0.999948204 0.004187781 -0.947085321 0.002624116 -0.004163621 0.999987900 32.149993896
0.999953330 0.009058936 -0.003351760 0.712611437 -0.009038572 0.999940872 0.006041299 -0.987066209 0.003406289 -0.006010722 0.999976158 32.660728455
0.999954224 0.008405964 -0.004554671 0.728264809 -0.008387481 0.999956548 0.004061746 -0.984059215 0.004588617 -0.004023358 0.999981344 33.208625793
0.999957085 0.007856236 -0.004910388 0.736135721 -0.007829722 0.999954820 0.005395555 -1.011590362 0.004952555 -0.005356876 0.999973357 33.721038818
0.999957442 0.008128534 -0.004366984 0.733036041 -0.008106614 0.999954581 0.005014245 -1.020303726 0.004407545 -0.004978629 0.999977887 34.270755768
0.999954283 0.008057096 -0.005134062 0.751314521 -0.008029229 0.999953032 0.005425436 -1.038034797 0.005177532 -0.005383967 0.999972105 34.829524994
0.999958992 0.007805198 -0.004574631 0.757863522 -0.007786778 0.999961495 0.004030534 -1.042512178 0.004605914 -0.003994747 0.999981344 35.373908997
0.999967635 0.006225228 -0.005091439 0.769497037 -0.006198018 0.999966443 0.005342860 -1.067234755 0.005124529 -0.005311131 0.999972761 35.924873352
0.999962807 0.007096460 -0.004897677 0.774599910 -0.007068586 0.999958873 0.005685411 -1.082993150 0.004937822 -0.005650580 0.999971867 36.468128204
0.999960721 0.006717134 -0.005786638 0.787891567 -0.006687100 0.999964118 0.005194246 -1.094810605 0.005821322 -0.005155346 0.999969780 37.001625061
0.999961793 0.006562330 -0.005778525 0.780137837 -0.006535459 0.999967813 0.004656778 -1.108551860 0.005808898 -0.004618835 0.999972403 37.552696228
0.999958456 0.007879881 -0.004578727 0.776448786 -0.007859569 0.999959290 0.004437346 -1.104621053 0.004613505 -0.004401174 0.999979615 38.125473022
0.999961615 0.007417708 -0.004668677 0.783836722 -0.007391312 0.999956727 0.005645964 -1.148013234 0.004710355 -0.005611239 0.999973178 38.645320892
0.999955475 0.007984070 -0.005026067 0.791096330 -0.007963387 0.999959826 0.004121824 -1.116790891 0.005058775 -0.004081616 0.999978900 39.223812103
0.999955118 0.007818635 -0.005355249 0.823573768 -0.007787457 0.999952734 0.005818222 -1.161821961 0.005400487 -0.005776258 0.999968648 39.782752991
0.999948740 0.008521269 -0.005485758 0.826722980 -0.008494043 0.999951601 0.004967487 -1.167719722 0.005527822 -0.004920636 0.999972641 40.320861816
0.999953091 0.008229055 -0.005101647 0.828245938 -0.008206806 0.999956787 0.004366608 -1.163327456 0.005137359 -0.004324535 0.999977469 40.889171600
0.999952435 0.008422422 -0.004905178 0.833999097 -0.008399879 0.999954164 0.004598440 -1.184060574 0.004943683 -0.004557019 0.999977350 41.417743683
0.999952257 0.007995282 -0.005605066 0.840425849 -0.007966441 0.999954998 0.005148933 -1.212371230 0.005645982 -0.005104034 0.999971032 41.980789185
0.999950945 0.007928139 -0.005934877 0.844978690 -0.007901790 0.999958813 0.004450220 -1.210361838 0.005969915 -0.004403106 0.999972463 42.526355743
0.999949217 0.008464501 -0.005473243 0.844259083 -0.008437498 0.999952197 0.004938147 -1.223835230 0.005514781 -0.004891716 0.999972761 43.103904724
0.999941349 0.008799174 -0.006316551 0.868413925 -0.008767553 0.999948919 0.005016573 -1.248331785 0.006360371 -0.004960897 0.999967456 43.634735107
0.999943733 0.008126024 -0.006818265 0.878784955 -0.008091992 0.999954700 0.005004403 -1.248205900 0.006858621 -0.004948947 0.999964237 44.185710907
0.999944568 0.007808900 -0.007060373 0.893719673 -0.007773193 0.999956906 0.005070675 -1.265693903 0.007099666 -0.005015512 0.999962211 44.734298706
0.999946535 0.007346405 -0.007276071 0.909601688 -0.007318256 0.999965668 0.003887805 -1.267170310 0.007304383 -0.003834348 0.999965966 45.280944824
0.999948025 0.007476877 -0.006931919 0.919675827 -0.007443281 0.999960482 0.004859677 -1.286390305 0.006967980 -0.004807828 0.999964178 45.819396973
0.999945819 0.008364994 -0.006195646 0.915810168 -0.008330515 0.999949753 0.005570314 -1.313727617 0.006241930 -0.005518400 0.999965250 46.349227905
0.999953687 0.007946140 -0.005434668 0.911060750 -0.007916042 0.999953330 0.005537545 -1.330235958 0.005478416 -0.005494267 0.999969900 46.903274536
0.999946117 0.008592163 -0.005811268 0.917320669 -0.008557989 0.999946058 0.005880189 -1.337283611 0.005861478 -0.005830139 0.999965847 47.450473785
0.999951839 0.007890850 -0.005835802 0.931436062 -0.007860920 0.999955833 0.005134247 -1.345636606 0.005876059 -0.005088124 0.999969780 47.994468689
0.999945939 0.008631715 -0.005799599 0.936134696 -0.008604878 0.999952257 0.004636368 -1.346903920 0.005839341 -0.004586212 0.999972463 48.558109283
0.999947846 0.008489039 -0.005677918 0.944360375 -0.008462015 0.999952853 0.004766827 -1.365268111 0.005718116 -0.004718532 0.999972522 49.095378876
0.999953866 0.008266899 -0.004895840 0.947085381 -0.008241006 0.999952078 0.005285623 -1.383845329 0.004939301 -0.005245033 0.999974072 49.648185730
0.999952734 0.008536589 -0.004638719 0.951849341 -0.008513762 0.999951661 0.004918572 -1.398689032 0.004680482 -0.004878847 0.999977171 50.184867859
0.999952793 0.008735172 -0.004234823 0.947651744 -0.008712415 0.999947608 0.005362658 -1.415831327 0.004281445 -0.005325509 0.999976635 50.735996246
0.999956369 0.008039382 -0.004755835 0.967268229 -0.008012261 0.999951780 0.005694361 -1.430916071 0.004801384 -0.005656008 0.999972463 51.269367218
0.999959528 0.007950809 -0.004191873 0.968236864 -0.007927131 0.999952674 0.005635599 -1.441728711 0.004236482 -0.005602142 0.999975324 51.807907104
0.999964893 0.007348851 -0.004017526 0.976281166 -0.007325504 0.999956489 0.005795046 -1.457448006 0.004059938 -0.005765414 0.999975085 52.351791382
0.999956608 0.007717779 -0.005203939 0.998320937 -0.007681766 0.999946654 0.006905116 -1.490480185 0.005256953 -0.006864842 0.999962628 52.867122650
0.999955237 0.008734484 -0.003630455 0.986809373 -0.008713786 0.999945879 0.005678251 -1.487001419 0.003679855 -0.005646362 0.999977231 53.411479950
0.999948978 0.009572144 -0.003205417 0.987368166 -0.009553087 0.999936938 0.005909010 -1.501452923 0.003261777 -0.005878087 0.999977410 53.953174591
0.999951780 0.009273535 -0.003207245 1.005834579 -0.009256655 0.999943376 0.005238052 -1.517257452 0.003255639 -0.005208110 0.999981165 54.490783691
0.999941766 0.010738717 -0.001062234 0.970121205 -0.010733549 0.999931037 0.004757593 -1.516031861 0.001113251 -0.004745914 0.999988139 55.049510956
0.999945939 0.010073951 -0.002578798 1.010357141 -0.010062817 0.999940157 0.004294424 -1.517558932 0.002621906 -0.004268242 0.999987483 55.624576569
0.999958396 0.008929187 -0.001870952 0.992434800 -0.008921013 0.999950826 0.004332178 -1.539055705 0.001909543 -0.004315307 0.999988854 56.161182404
0.999951184 0.009553554 -0.002502122 1.037446976 -0.009541278 0.999942601 0.004872502 -1.559072733 0.002548528 -0.004848391 0.999984980 56.707370758
0.999945521 0.010310376 -0.001639443 1.045546293 -0.010303808 0.999938965 0.003966100 -1.558683157 0.001680235 -0.003948991 0.999990821 57.266345978
0.999951065 0.009614519 -0.002334931 1.056391835 -0.009606122 0.999947429 0.003581393 -1.572937012 0.002369242 -0.003558788 0.999990821 57.794410706
0.999953449 0.009335549 -0.002435083 1.069839716 -0.009325494 0.999948025 0.004108578 -1.588518381 0.002473313 -0.004085678 0.999988556 58.349689484
0.999949098 0.009836086 -0.002297199 1.083372951 -0.009829611 0.999947667 0.002813531 -1.590407848 0.002324754 -0.002790807 0.999993324 58.885490417
0.999944031 0.010416204 -0.001845112 1.085329533 -0.010410870 0.999941647 0.002877364 -1.607529163 0.001874976 -0.002857994 0.999994159 59.430568695
0.999941528 0.010634241 -0.001954213 1.098229885 -0.010628919 0.999939799 0.002713571 -1.614887357 0.001982952 -0.002692641 0.999994338 59.981613159
0.999940038 0.010905275 -0.000929222 1.077416301 -0.010902487 0.999936223 0.002953981 -1.620965838 0.000961376 -0.002943674 0.999995172 60.535350800
0.999940336 0.010897796 -0.000714492 1.087686658 -0.010896538 0.999939144 0.001740897 -1.619545221 0.000733421 -0.001733008 0.999998212 61.100929260
0.999940574 0.010889456 -0.000509379 1.098490596 -0.010888864 0.999940038 0.001149964 -1.626851320 0.000521871 -0.001144349 0.999999225 61.640663147
0.999940753 0.010874337 -0.000465201 1.111281276 -0.010872995 0.999936998 0.002795285 -1.661353827 0.000495569 -0.002790061 0.999995947 62.193244934
0.999934912 0.011380346 0.000829444 1.106774926 -0.011382253 0.999932528 0.002332593 -1.680786133 -0.000802843 -0.002341882 0.999996960 62.733741760
0.999938130 0.011116131 0.000432161 1.124744534 -0.011117015 0.999935925 0.002095799 -1.684076309 -0.000408837 -0.002100473 0.999997735 63.300857544
0.999931872 0.011669949 0.000326561 1.143300772 -0.011670484 0.999930501 0.001685290 -1.696085691 -0.000306872 -0.001688987 0.999998510 63.809654236
0.999936879 0.011228912 0.000430007 1.157458663 -0.011229562 0.999935746 0.001539650 -1.703215599 -0.000412690 -0.001544381 0.999998748 64.361305237
0.999933243 0.011546562 0.000480657 1.171784163 -0.011547752 0.999930203 0.002551709 -1.728116035 -0.000451160 -0.002557089 0.999996603 64.887557983
0.999936223 0.011288062 0.000337900 1.184288383 -0.011288529 0.999935210 0.001411886 -1.729213238 -0.000321940 -0.001415610 0.999998927 65.466018677
0.999940753 0.010849979 0.000784401 1.191921115 -0.010851150 0.999939919 0.001505007 -1.750619054 -0.000768025 -0.001513429 0.999998569 66.014472961
0.999944091 0.010532530 0.000952569 1.197314501 -0.010534054 0.999943197 0.001607369 -1.758637547 -0.000935584 -0.001617314 0.999998212 66.579795837
0.999932468 0.011561085 0.001140194 1.212080240 -0.011562688 0.999932170 0.001409660 -1.773711205 -0.001123819 -0.001422749 0.999998331 67.119338989
0.999932349 0.011435402 0.002131270 1.208419323 -0.011437232 0.999934375 0.000848650 -1.781147003 -0.002121425 -0.000872969 0.999997377 67.677749634
0.999929011 0.011726073 0.002100572 1.220250130 -0.011727805 0.999930918 0.000814577 -1.797735333 -0.002090874 -0.000839155 0.999997437 68.226463318
0.999930143 0.011556766 0.002487043 1.224938989 -0.011558913 0.999932826 0.000851157 -1.813351035 -0.002477040 -0.000879845 0.999996543 68.765136719
0.999924898 0.012074811 0.002097955 1.236817360 -0.012076147 0.999926865 0.000625465 -1.819500566 -0.002090250 -0.000650753 0.999997616 69.319427490
0.999925017 0.011954157 0.002663884 1.248023987 -0.011956380 0.999928176 0.000819617 -1.836568236 -0.002653895 -0.000851406 0.999996126 69.872558594
0.999931514 0.011330040 0.002966464 1.258456588 -0.011330093 0.999935806 0.000001302 -1.837731719 -0.002966260 -0.000034912 0.999995530 70.429496765
0.999923766 0.012019737 0.002863924 1.271433949 -0.012021086 0.999927640 0.000454019 -1.863598943 -0.002858260 -0.000488412 0.999995768 70.964385986
0.999925852 0.011847629 0.002817180 1.287788630 -0.011848901 0.999929726 0.000435552 -1.876636267 -0.002811821 -0.000468900 0.999995947 71.507820129
0.999917924 0.012399362 0.003205553 1.294456244 -0.012400003 0.999923110 0.000180342 -1.890090823 -0.003203069 -0.000220076 0.999994874 72.051544189
0.999934852 0.011156901 0.002415690 1.321010470 -0.011159449 0.999937117 0.001043460 -1.917410612 -0.002403897 -0.001070349 0.999996483 72.570281982
0.999926507 0.011729698 0.003109651 1.320278168 -0.011733515 0.999930441 0.001212128 -1.936621785 -0.003095217 -0.001248526 0.999994457 73.113342285
0.999942720 0.010409297 0.002490457 1.339580655 -0.010412277 0.999945223 0.001186398 -1.946599126 -0.002477970 -0.001212261 0.999996126 73.661239624
0.999939024 0.010708195 0.002739602 1.349855661 -0.010710691 0.999942243 0.000897532 -1.963205695 -0.002729833 -0.000926820 0.999995828 74.204246521
0.999944150 0.010206982 0.002741794 1.371290445 -0.010210048 0.999947190 0.001106675 -1.978869796 -0.002730353 -0.001134607 0.999995649 74.752700806
0.999938548 0.010598115 0.003258256 1.375506520 -0.010599751 0.999943674 0.000485601 -1.987310290 -0.003252926 -0.000520108 0.999994516 75.305877686
0.999948919 0.009838723 0.002278224 1.400621653 -0.009838897 0.999951601 0.000065848 -1.997712970 -0.002277466 -0.000088260 0.999997318 75.849365234
0.999942422 0.010451658 0.002438805 1.406558156 -0.010453165 0.999945164 0.000605160 -2.016954422 -0.002432346 -0.000630618 0.999996841 76.410301208
0.999945343 0.010184030 0.002377008 1.422351718 -0.010182583 0.999947965 -0.000619318 -2.017583132 -0.002383192 0.000595080 0.999996960 76.990592957
0.999929965 0.011430077 0.003075236 1.426552057 -0.011430357 0.999934673 0.000074033 -2.037998676 -0.003074189 -0.000109179 0.999995291 77.507759094
0.999948859 0.009741510 0.002721569 1.439033151 -0.009738308 0.999951899 -0.001187262 -2.038790703 -0.002733003 0.001160698 0.999995589 78.067825317
0.999949813 0.009731811 0.002382969 1.454158187 -0.009729325 0.999952078 -0.001052649 -2.065094948 -0.002393099 0.001029411 0.999996603 78.613784790
0.999949932 0.009683979 0.002513975 1.462805033 -0.009680750 0.999952316 -0.001293588 -2.065618515 -0.002526382 0.001269186 0.999996006 79.179885864
0.999945521 0.010111146 0.002603409 1.478114247 -0.010108762 0.999948442 -0.000926460 -2.098014116 -0.002612642 0.000900093 0.999996185 79.709999084
0.999945462 0.010171852 0.002342402 1.500860214 -0.010168214 0.999947011 -0.001558756 -2.103172302 -0.002358133 0.001534853 0.999996006 80.236648560
0.999941528 0.010410542 0.002924673 1.522742629 -0.010405369 0.999944210 -0.001779232 -2.116202116 -0.002943031 0.001748696 0.999994159 80.797348022
0.999936521 0.010443532 0.004235135 1.538816452 -0.010431914 0.999941766 -0.002756067 -2.124486923 -0.004263671 0.002711712 0.999987245 81.355484009
0.999921143 0.010968411 0.006119905 1.539408445 -0.010950683 0.999935687 -0.002923137 -2.140353680 -0.006151574 0.002855889 0.999976993 81.893768311
0.999902070 0.011636466 0.007775751 1.550402641 -0.011618805 0.999929845 -0.002312543 -2.164659739 -0.007802116 0.002221972 0.999967098 82.427238464
0.999880850 0.011687205 0.010087122 1.589906096 -0.011668080 0.999930024 -0.001952548 -2.187798262 -0.010109237 0.001834618 0.999947131 83.015342712
0.999837637 0.011462582 0.013899543 1.615845442 -0.011445086 0.999933600 -0.001337575 -2.210499048 -0.013913952 0.001178276 0.999902427 83.536750793
0.999781668 0.011389781 0.017517203 1.630903244 -0.011370826 0.999934673 -0.001181290 -2.235886812 -0.017529514 0.000981847 0.999845862 84.077850342
0.999684870 0.011673191 0.022221742 1.658191442 -0.011636991 0.999930739 -0.001757586 -2.253327131 -0.022240721 0.001498438 0.999751508 84.630294800
0.999536932 0.012200162 0.027875427 1.692866325 -0.012186610 0.999925554 -0.000656012 -2.279394865 -0.027881356 0.000316001 0.999611199 85.157501221
0.999345183 0.012069630 0.034113847 1.719057322 -0.012025974 0.999926507 -0.001484731 -2.290720701 -0.034129262 0.001073506 0.999416769 85.702415466
0.999127686 0.011873722 0.040036332 1.749396682 -0.011830735 0.999929130 -0.001310413 -2.307882309 -0.040049065 0.000835610 0.999197304 86.240966797
0.998709738 0.012109538 0.049317680 1.777041197 -0.012042608 0.999926031 -0.001654046 -2.318337679 -0.049334068 0.001057998 0.998781919 86.792442322
0.998299301 0.012147605 0.057016544 1.836427927 -0.012040128 0.999924958 -0.002228156 -2.330335855 -0.057039328 0.001537880 0.998370767 87.343063354
0.997898281 0.011719516 0.063731447 1.890242577 -0.011623281 0.999930680 -0.001880544 -2.345124483 -0.063749075 0.001135823 0.997965276 87.882110596
0.997269452 0.011802465 0.072899938 1.934877396 -0.011639072 0.999928713 -0.002665762 -2.358003378 -0.072926216 0.001809995 0.997335672 88.460632324
0.996453106 0.012110618 0.083273135 2.008931160 -0.011925273 0.999925137 -0.002722798 -2.374591112 -0.083299868 0.001720086 0.996523023 88.962310791
0.995786607 0.011144992 0.091020897 2.090282440 -0.010948048 0.999936521 -0.002662759 -2.385235071 -0.091044798 0.001655038 0.995845437 89.529220581
0.994993746 0.010654650 0.099367902 2.157309532 -0.010403377 0.999941230 -0.003046546 -2.402765274 -0.099394530 0.001997532 0.995046020 90.074851990
0.993822753 0.010941057 0.110437930 2.234713078 -0.010644890 0.999938011 -0.003271008 -2.415357828 -0.110466868 0.002075203 0.993877590 90.625434875
0.992506504 0.010955167 0.121699601 2.315441132 -0.010637530 0.999938130 -0.003259439 -2.427509308 -0.121727780 0.001940432 0.992561638 91.168296814
0.991410494 0.010779954 0.130342126 2.408926010 -0.010475258 0.999940574 -0.003023077 -2.447964191 -0.130366951 0.001631743 0.991464496 91.724357605
0.989904165 0.011338924 0.141283855 2.500948906 -0.010932708 0.999933541 -0.003651068 -2.458833218 -0.141315907 0.002069592 0.989962339 92.267051697
0.988142192 0.010481560 0.153182968 2.605785370 -0.009970472 0.999941826 -0.004104275 -2.478348732 -0.153217077 0.002528300 0.988189340 92.810012817
0.986383379 0.010332930 0.164136857 2.714458466 -0.009816946 0.999943912 -0.003954491 -2.493601561 -0.164168581 0.002289320 0.986429632 93.337051392
0.984507859 0.010556525 0.175022289 2.826730728 -0.009986569 0.999941587 -0.004136923 -2.514047384 -0.175055757 0.002324962 0.984555781 93.868194580
0.982018352 0.011176997 0.188454002 2.942863464 -0.010708716 0.999936521 -0.003502886 -2.533494711 -0.188481182 0.001421798 0.982075751 94.402656555
0.979654789 0.010277829 0.200426742 3.076105118 -0.009698613 0.999945462 -0.003871624 -2.544185400 -0.200455606 0.001848994 0.979701042 94.948532104
0.977584064 0.009526586 0.210329711 3.212705612 -0.008905095 0.999952734 -0.003901763 -2.563886166 -0.210356936 0.001941295 0.977622747 95.477081299
0.974705040 0.009596027 0.223289162 3.358173370 -0.008992686 0.999952674 -0.003718750 -2.593575716 -0.223314285 0.001616715 0.974745154 95.997909546
0.971480668 0.010048648 0.236906275 3.520124435 -0.009389642 0.999948204 -0.003909883 -2.604357243 -0.236933336 0.001573911 0.971524656 96.555976868
0.968654096 0.009738449 0.248222589 3.664695740 -0.009049519 0.999951363 -0.003916331 -2.620862722 -0.248248667 0.001547275 0.968695104 97.045257568
0.965502679 0.009782674 0.260209203 3.834882736 -0.009014105 0.999950767 -0.004146858 -2.634329796 -0.260236979 0.001658249 0.965543330 97.564987183
0.961679995 0.010656867 0.273967206 4.013549805 -0.009589863 0.999940336 -0.005233666 -2.636859894 -0.274006665 0.002405805 0.961724699 98.118133545
0.957986295 0.010460636 0.286623061 4.191688538 -0.009333230 0.999942362 -0.005299387 -2.657211304 -0.286661983 0.002401622 0.958028793 98.618370056
0.954420090 0.010205622 0.298292100 4.361299515 -0.008977920 0.999944627 -0.005485725 -2.665664434 -0.298331499 0.002557643 0.954458892 99.112037659
0.949990094 0.009684236 0.312129885 4.551876068 -0.008287725 0.999948859 -0.005800425 -2.673864841 -0.312170029 0.002923499 0.950021744 99.635032654
0.945603669 0.009671701 0.325177044 4.757270813 -0.008222706 0.999949217 -0.005830021 -2.696774960 -0.325216919 0.002839054 0.945635200 100.135009766
0.941804707 0.008263949 0.336058915 4.967269897 -0.006734107 0.999960959 -0.005717484 -2.712095737 -0.336093068 0.003121697 0.941823602 100.648849487
0.936984062 0.008421765 0.349270672 5.181741714 -0.006620419 0.999957800 -0.006350901 -2.726059914 -0.349309444 0.003638375 0.937000394 101.174682617
0.931302011 0.008009475 0.364159912 5.395503998 -0.006298418 0.999962866 -0.005886005 -2.757623434 -0.364193588 0.003188016 0.931317806 101.672027588
0.926965058 0.008074513 0.375060797 5.626127243 -0.006042226 0.999960005 -0.006594285 -2.767883778 -0.375099093 0.003846470 0.926976740 102.164436340
0.922209263 0.007644806 0.386615634 5.853233337 -0.005504697 0.999962807 -0.006642356 -2.786745787 -0.386652023 0.003997440 0.922217011 102.640823364
0.916343749 0.007340552 0.400325149 6.085403442 -0.005177991 0.999965549 -0.006483431 -2.802552462 -0.400358945 0.003868171 0.916350245 103.119201660
0.910211504 0.006860033 0.414086848 6.316310883 -0.004577433 0.999968290 -0.006504395 -2.816427231 -0.414118320 0.004024920 0.910214126 103.590003967
0.905023694 0.006226288 0.425315648 6.551033020 -0.003309332 0.999965668 -0.007596830 -2.812268496 -0.425348282 0.005467801 0.905013204 104.100021362
0.898752987 0.005811226 0.438416898 6.813919067 -0.002913355 0.999969304 -0.007282246 -2.836759567 -0.438445777 0.005267676 0.898742139 104.576797485
0.891823649 0.006565600 0.452335596 7.086067200 -0.003863472 0.999968767 -0.006897223 -2.866495371 -0.452366680 0.004403521 0.891821146 105.048866272
0.885624588 0.006509643 0.464356214 7.352756500 -0.003293603 0.999964654 -0.007736553 -2.875831604 -0.464390278 0.005322277 0.885614634 105.550865173
0.880046964 0.006299458 0.474844843 7.628841400 -0.003134561 0.999967277 -0.007456521 -2.900381565 -0.474876344 0.005073658 0.880037904 106.005615234
0.873255491 0.005070709 0.487236202 7.945968628 -0.002232821 0.999976993 -0.006405043 -2.938724995 -0.487257540 0.004505328 0.873246729 106.443603516
