1.000000000 0.000000000 0.000000000 0.000000000 0.000000000 1.000000000 0.000000000 0.000000000 0.000000000 0.000000000 1.000000000 0.000000000
1.000000000 0.000180500 0.000103584 -0.000656953 -0.000180498 1.000000000 -0.000015812 0.000162995 -0.000103587 0.000015794 1.000000000 0.000090768
1.000000000 0.000115586 0.000053802 0.003866272 -0.000115592 1.000000000 0.000095318 0.000214810 -0.000053791 -0.000095324 1.000000000 0.000001517
1.000000000 0.000048800 0.000051515 -0.000096278 -0.000048801 1.000000000 0.000021776 0.001187117 -0.000051514 -0.000021779 1.000000000 0.003278260
1.000000000 0.000039442 0.000182666 -0.002204032 -0.000039433 1.000000000 -0.000050202 0.001885369 -0.000182668 0.000050195 1.000000000 0.003368100
1.000000000 -0.000076795 -0.000054901 0.000847736 0.000076800 1.000000000 0.000086540 0.000484163 0.000054894 -0.000086544 1.000000000 -0.006075487
1.000000000 -0.000000947 0.000038039 -0.002108372 0.000000943 1.000000000 0.000106014 0.001499386 -0.000038039 -0.000106014 1.000000000 -0.000954694
1.000000000 0.000030014 0.000055306 0.000650559 -0.000030009 1.000000000 -0.000088734 -0.000253570 -0.000055309 0.000088733 1.000000000 -0.002458658
1.000000000 0.000011148 0.000089014 -0.000201861 -0.000011144 1.000000000 -0.000047764 0.001215587 -0.000089014 0.000047763 1.000000000 -0.001227038
1.000000000 0.000066717 0.000098629 -0.002966614 -0.000066715 1.000000000 -0.000018907 0.001949651 -0.000098630 0.000018900 1.000000000 -0.005645693
1.000000000 -0.000089928 0.000009548 0.000565031 0.000089927 1.000000000 0.000020186 -0.000758596 -0.000009549 -0.000020185 1.000000000 -0.001052698
1.000000000 -0.000079085 -0.000003866 -0.001176839 0.000079085 1.000000000 -0.000007598 -0.001335264 0.000003867 0.000007598 1.000000000 -0.002144577
1.000000000 -0.000090647 0.000052756 0.001393061 0.000090647 1.000000000 -0.000012950 0.000842343 -0.000052755 0.000012954 1.000000000 -0.001330366
1.000000000 -0.000190639 -0.000024169 -0.000295288 0.000190640 1.000000000 0.000071037 0.002513696 0.000024155 -0.000071041 1.000000000 -0.002779449
0.999999940 -0.000340370 -0.000059675 0.000393484 0.000340374 0.999999940 0.000067048 -0.000167514 0.000059652 -0.000067068 1.000000000 -0.000022571
1.000000000 -0.000136651 0.000011134 -0.001894132 0.000136651 1.000000000 -0.000035956 0.000304812 -0.000011129 0.000035958 1.000000000 -0.001650734
1.000000000 -0.000000213 0.000046523 -0.003097718 0.000000210 1.000000000 0.000048248 0.001007433 -0.000046523 -0.000048248 1.000000000 -0.005197215
1.000000000 -0.000227684 -0.000061692 0.000325883 0.000227686 1.000000000 0.000045438 0.000332346 0.000061682 -0.000045452 1.000000000 -0.003077267
1.000000000 -0.000023794 -0.000054913 0.000372864 0.000023795 1.000000000 0.000018887 -0.001700914 0.000054912 -0.000018888 1.000000000 -0.010812118
1.000000000 -0.000123810 0.000008194 0.001671998 0.000123809 1.000000000 0.000114980 -0.002868164 -0.000008208 -0.000114979 1.000000000 -0.007845739
1.000000000 0.000017153 0.000157390 -0.002583706 -0.000017178 1.000000000 0.000156999 -0.002563517 -0.000157387 -0.000157001 1.000000000 -0.007077327
1.000000000 -0.000140017 0.000003092 0.001896975 0.000140017 1.000000000 0.000086518 -0.000991137 -0.000003104 -0.000086518 1.000000000 -0.006488557
1.000000000 -0.000232530 -0.000018242 -0.000517102 0.000232532 0.999999940 0.000123638 0.000483797 0.000018214 -0.000123642 1.000000000 -0.009716686
1.000000000 -0.000142143 -0.000173241 0.011074954 0.000142160 1.000000000 0.000096017 -0.002331867 0.000173227 -0.000096041 1.000000000 -0.005500732
1.000000000 -0.000132328 0.000011881 0.001200967 0.000132328 1.000000000 0.000038987 -0.000150317 -0.000011887 -0.000038985 1.000000000 -0.005735593
0.999999940 0.000127095 0.000265630 -0.007710700 -0.000127079 1.000000000 -0.000059506 -0.000791046 -0.000265637 0.000059472 0.999999940 -0.006380498
1.000000000 0.000051410 0.000151185 -0.005035678 -0.000051434 1.000000000 0.000159078 -0.001421566 -0.000151176 -0.000159086 1.000000000 -0.007165938
0.999999940 -0.000244116 -0.000018792 -0.003156685 0.000244118 0.999999940 0.000057939 0.001162771 0.000018778 -0.000057944 1.000000000 -0.005692485
1.000000000 -0.000215838 -0.000024854 0.000602789 0.000215841 0.999999940 0.000126884 -0.001973717 0.000024827 -0.000126889 1.000000000 -0.000393640
0.999999940 -0.000317748 0.000025621 -0.003678536 0.000317745 0.999999940 0.000128002 -0.001574502 -0.000025661 -0.000127994 1.000000000 0.000170889
0.999999940 -0.000281347 0.000023085 -0.002178106 0.000281343 0.999999940 0.000178805 -0.001009285 -0.000023136 -0.000178799 1.000000000 -0.002491978
0.999999940 -0.000279044 -0.000062472 0.001156214 0.000279047 0.999999940 0.000056812 -0.001212843 0.000062456 -0.000056830 1.000000000 -0.004263150
1.000000000 -0.000111259 0.000042216 -0.004815082 0.000111258 1.000000000 0.000015554 -0.000634559 -0.000042218 -0.000015549 1.000000000 -0.006767131
1.000000000 -0.000073513 0.000004494 -0.003115651 0.000073513 1.000000000 -0.000019111 0.003438807 -0.000004493 0.000019111 1.000000000 -0.004955230
1.000000000 -0.000209741 -0.000020931 -0.002762839 0.000209741 1.000000000 0.000001979 0.000487386 0.000020931 -0.000001983 1.000000000 -0.005888452
1.000000000 -0.000192455 -0.000044217 -0.001792830 0.000192453 1.000000000 -0.000028311 0.000444146 0.000044222 0.000028302 1.000000000 -0.006201627
0.999999940 -0.000325522 0.000002310 -0.003888855 0.000325522 0.999999940 0.000209545 -0.002952127 -0.000002378 -0.000209545 1.000000000 -0.005565532
1.000000000 0.000031307 0.000143363 -0.004836989 -0.000031334 1.000000000 0.000194210 -0.000388410 -0.000143357 -0.000194215 1.000000000 -0.005585881
0.999999940 -0.000338695 -0.000126210 -0.000059378 0.000338713 0.999999940 0.000139952 -0.001968843 0.000126162 -0.000139995 1.000000000 -0.003494657
1.000000000 -0.000024778 0.000065044 0.002410222 0.000024826 0.999999762 -0.000731372 -0.003460489 -0.000065026 0.000731374 0.999999702 0.049388938
1.000000000 -0.000126207 -0.000110797 0.003091457 0.000126079 0.999999344 -0.001154911 -0.005406667 0.000110942 0.001154897 0.999999344 0.136987731
0.999999940 -0.000301760 -0.000195205 0.007044364 0.000301505 0.999999106 -0.001303769 -0.011539548 0.000195598 0.001303710 0.999999106 0.257937253
1.000000000 -0.000156111 -0.000003486 0.003033787 0.000156106 0.999999285 -0.001169266 -0.017133383 0.000003669 0.001169265 0.999999344 0.383393079
1.000000000 0.000011326 -0.000190439 0.007655235 -0.000011548 0.999999344 -0.001167803 -0.018408716 0.000190426 0.001167805 0.999999285 0.532249987
0.999999940 0.000365269 0.000161938 0.006689037 -0.000365074 0.999999225 -0.001197478 -0.021253854 -0.000162375 0.001197419 0.999999285 0.696026087
0.999999940 -0.000319608 0.000023617 0.022566088 0.000319626 0.999999642 -0.000785017 -0.027291425 -0.000023366 0.000785025 0.999999702 0.876166165
0.999999940 0.000025102 -0.000306870 0.032355692 -0.000025277 0.999999821 -0.000572660 -0.030870399 0.000306856 0.000572667 0.999999762 1.036585689
0.999999940 0.000088269 0.000281751 0.019103184 -0.000088075 0.999999762 -0.000688274 -0.043742739 -0.000281812 0.000688249 0.999999702 1.229827762
0.999999881 -0.000415346 -0.000188365 0.049963295 0.000415236 0.999999762 -0.000585682 -0.049718216 0.000188609 0.000585603 0.999999821 1.434045672
0.999994040 -0.002916600 -0.001839328 0.053844567 0.002917665 0.999995589 0.000576813 -0.093255162 0.001837638 -0.000582176 0.999998152 1.712054729
0.999994218 -0.003075633 -0.001439540 0.058530003 0.003076273 0.999995172 0.000442873 -0.095312424 0.001438171 -0.000447299 0.999998927 1.910305858
0.999989033 -0.003807253 -0.002737880 0.071602888 0.003810519 0.999992013 0.001188750 -0.113874219 0.002733332 -0.001199170 0.999995530 2.127082348
0.999988675 -0.003891780 -0.002733818 0.077538185 0.003894574 0.999991834 0.001017479 -0.120630495 0.002729835 -0.001028114 0.999995768 2.357779980
0.999990165 -0.003534088 -0.002682869 0.084947988 0.003536954 0.999993086 0.001064622 -0.122427687 0.002679088 -0.001074100 0.999995828 2.572102070
0.999991775 -0.003112122 -0.002593697 0.082789704 0.003114169 0.999994814 0.000785399 -0.127775699 0.002591239 -0.000793470 0.999996364 2.793051004
0.999991417 -0.003699507 -0.001864963 0.081422493 0.003702050 0.999992192 0.001361662 -0.137592584 0.001859911 -0.001368554 0.999997318 3.025601387
0.999983788 -0.004850642 -0.002982897 0.100632496 0.004855831 0.999986708 0.001734948 -0.158767611 0.002974442 -0.001749405 0.999993980 3.279392242
0.999986172 -0.004501229 -0.002712387 0.101709016 0.004504576 0.999989152 0.001229106 -0.160044670 0.002706824 -0.001241308 0.999995530 3.534628391
0.999984860 -0.004533323 -0.003112231 0.107258298 0.004538344 0.999988377 0.001608175 -0.168426901 0.003104905 -0.001622275 0.999993801 3.775483847
0.999987304 -0.003984540 -0.003078306 0.120065153 0.003989598 0.999990761 0.001638710 -0.172149271 0.003071748 -0.001650970 0.999993920 4.015128136
0.999983490 -0.004809398 -0.003128034 0.130281001 0.004814675 0.999986947 0.001681524 -0.182728872 0.003119906 -0.001696557 0.999993622 4.292809010
0.999990106 -0.003819041 -0.002268957 0.110016443 0.003824640 0.999989569 0.002468266 -0.202414215 0.002259508 -0.002476920 0.999994338 4.507166862
0.999992490 -0.003334917 -0.001988805 0.119637676 0.003339753 0.999991477 0.002432750 -0.207380921 0.001980675 -0.002439374 0.999995112 4.774029255
0.999994159 -0.002983976 -0.001646148 0.117642999 0.002988048 0.999992430 0.002476679 -0.217501491 0.001638746 -0.002481584 0.999995589 5.043462753
0.999994636 -0.002809422 -0.001678319 0.142177507 0.002813230 0.999993443 0.002270882 -0.224701568 0.001671929 -0.002275591 0.999996066 5.298603535
0.999995351 -0.002694784 -0.001401687 0.118698403 0.002698369 0.999993026 0.002562454 -0.229307726 0.001394772 -0.002566224 0.999995768 5.574154854
0.999998152 -0.001416155 0.001240648 0.069361515 0.001412959 0.999995708 0.002573135 -0.260012239 -0.001244287 -0.002571377 0.999995887 5.734719276
0.999998629 -0.000981589 0.001270678 0.071491532 0.000977854 0.999995172 0.002936359 -0.271145940 -0.001273554 -0.002935112 0.999994934 5.989751339
0.999998450 -0.000971042 0.001482313 0.077342480 0.000966801 0.999995470 0.002859056 -0.281064838 -0.001485082 -0.002857619 0.999994814 6.284760475
0.999997377 -0.001800730 0.001368125 0.084764197 0.001796234 0.999992967 0.003280246 -0.288621306 -0.001374022 -0.003277780 0.999993682 6.566710949
0.999997854 -0.001663344 0.001203700 0.093272708 0.001659618 0.999993861 0.003089416 -0.298124343 -0.001208831 -0.003087411 0.999994457 6.839858532
0.999995708 0.000107060 0.002968956 0.087614954 -0.000115732 0.999995708 0.002920827 -0.303715497 -0.002968631 -0.002921158 0.999991238 7.048922539
0.999996662 -0.000272646 0.002562867 0.105993018 0.000263722 0.999993920 0.003481676 -0.321018398 -0.002563800 -0.003480988 0.999990642 7.338790417
0.999995828 -0.000360983 0.002865134 0.107099071 0.000350544 0.999993265 0.003643143 -0.336007714 -0.002866430 -0.003642123 0.999989212 7.660546303
0.999994993 0.000424626 0.003137773 0.112770319 -0.000436720 0.999992430 0.003854727 -0.339929312 -0.003136113 -0.003856078 0.999987602 7.977787971
0.999991953 0.001329480 0.003797296 0.106567807 -0.001344187 0.999991536 0.003873087 -0.340683788 -0.003792115 -0.003878159 0.999985218 8.300961494
0.999997556 -0.000509105 0.002127701 0.145747781 0.000498542 0.999987543 0.004962054 -0.380737752 -0.002130200 -0.004960981 0.999985397 8.571154594
0.999997199 -0.000813474 0.002212655 0.150639951 0.000802444 0.999987185 0.004981110 -0.387002081 -0.002216679 -0.004979320 0.999985099 8.903462410
0.999996603 -0.000980860 0.002411669 0.163573697 0.000968061 0.999985516 0.005302420 -0.402453452 -0.002416835 -0.005300068 0.999983072 9.230421066
0.999995828 -0.001406742 0.002529598 0.174472585 0.001393745 0.999985814 0.005132371 -0.407303125 -0.002536782 -0.005128824 0.999983609 9.579573631
0.999996424 -0.000676223 0.002576964 0.174646646 0.000662752 0.999986172 0.005224688 -0.411419123 -0.002580461 -0.005222962 0.999983013 9.928315163
0.999996066 -0.000241253 0.002779183 0.193834737 0.000225220 0.999983311 0.005768135 -0.429595739 -0.002780528 -0.005767487 0.999979556 10.256181717
0.999995708 -0.000634053 0.002846154 0.211556703 0.000616798 0.999981403 0.006059355 -0.432072282 -0.002849943 -0.006057573 0.999977589 10.617983818
0.999995470 -0.000078761 0.003003020 0.221667841 0.000060910 0.999982357 0.005943886 -0.450063974 -0.003003435 -0.005943676 0.999977827 10.926483154
0.999995887 0.000236149 0.002852607 0.229720041 -0.000252874 0.999982834 0.005864105 -0.461799264 -0.002851173 -0.005864802 0.999978781 11.311485291
0.999995530 -0.000758870 0.002857364 0.237807795 0.000741855 0.999981999 0.005950833 -0.464608192 -0.002861829 -0.005948687 0.999978244 11.706775665
0.999995172 -0.000565656 0.003042727 0.250212073 0.000546164 0.999979377 0.006403213 -0.479413241 -0.003046286 -0.006401521 0.999974847 12.046979904
0.999991596 0.000998340 0.003965091 0.246689647 -0.001021148 0.999982953 0.005754439 -0.488412261 -0.003959279 -0.005758440 0.999975562 12.431621552
0.999995112 -0.000323487 0.003109092 0.261541128 0.000304118 0.999980628 0.006228104 -0.506856084 -0.003111046 -0.006227128 0.999975801 12.831138611
0.999994576 -0.000540911 0.003250189 0.274302065 0.000520002 0.999979198 0.006430571 -0.527340710 -0.003253599 -0.006428846 0.999974012 13.102065086
0.999993622 0.001046819 0.003422120 0.277167886 -0.001068863 0.999978602 0.006446152 -0.538515270 -0.003415299 -0.006449770 0.999973297 13.516072273
0.999994874 0.000181040 0.003204466 0.297229946 -0.000204525 0.999973118 0.007330149 -0.550080895 -0.003203052 -0.007330767 0.999967992 13.948864937
0.999993026 -0.000905706 0.003639341 0.307453871 0.000881568 0.999977708 0.006628672 -0.555575967 -0.003645264 -0.006625418 0.999971390 14.381354332
0.999992013 -0.000643977 0.003950900 0.316866010 0.000616295 0.999975264 0.007003745 -0.576113999 -0.003955313 -0.007001255 0.999967635 14.700323105
0.999990225 -0.000544254 0.004390283 0.317685038 0.000510506 0.999970436 0.007684321 -0.604998767 -0.004394334 -0.007682005 0.999960840 15.184725761
0.999992013 -0.001164912 0.003817533 0.367806882 0.001130280 0.999958217 0.009061559 -0.664470732 -0.003827930 -0.009057171 0.999951601 15.419325829
0.999989867 -0.002752524 0.003576509 0.388557076 0.002721411 0.999958694 0.008675396 -0.668770194 -0.003600240 -0.008665575 0.999955952 15.867151260
0.999989808 -0.002192847 0.003921742 0.393585116 0.002155236 0.999951899 0.009569103 -0.681867957 -0.003942537 -0.009560554 0.999946475 16.322069168
0.999988139 -0.001631845 0.004588888 0.402960390 0.001590464 0.999958217 0.009006813 -0.680856824 -0.004603394 -0.008999406 0.999948859 16.781324387
0.999987900 -0.001479656 0.004689329 0.412669957 0.001435585 0.999954939 0.009387516 -0.697302818 -0.004703008 -0.009380670 0.999944985 17.274293900
0.999979377 0.000681675 0.006387784 0.410044074 -0.000744983 0.999950528 0.009913684 -0.717527747 -0.006380710 -0.009918237 0.999930441 17.601680756
0.999975145 0.000362271 0.007051436 0.425536066 -0.000432281 0.999950528 0.009929442 -0.723074675 -0.007047491 -0.009932242 0.999925792 18.071353912
0.999980688 0.000026570 0.006214847 0.444817096 -0.000091474 0.999945462 0.010443410 -0.740609586 -0.006214230 -0.010443776 0.999926090 18.541198730
0.999976218 0.000257622 0.006888384 0.450109482 -0.000334918 0.999936938 0.011222347 -0.760077357 -0.006885059 -0.011224388 0.999913275 19.065301895
0.999972165 0.001824151 0.007243058 0.460886300 -0.001903351 0.999938309 0.010942753 -0.769668519 -0.007222650 -0.010956233 0.999913812 19.516767502
0.999922633 0.005052824 0.011366916 0.425239742 -0.005171479 0.999932170 0.010433564 -0.785548806 -0.011313426 -0.010491542 0.999880910 19.895200729
0.999931097 0.004630438 0.010786959 0.447707325 -0.004747051 0.999930322 0.010810152 -0.799488306 -0.010736153 -0.010860614 0.999883354 20.392419815
0.999938130 0.004628984 0.010116293 0.459441423 -0.004723986 0.999944687 0.009387337 -0.791863203 -0.010072280 -0.009434545 0.999904811 20.928571701
0.999943435 0.002855768 0.010249339 0.471225679 -0.002963854 0.999940038 0.010545903 -0.829131842 -0.010218608 -0.010575685 0.999891818 21.454607010
0.999987900 -0.000629835 0.004884862 0.613662004 0.000568869 0.999922156 0.012471993 -0.878972650 -0.004892337 -0.012469065 0.999910295 22.005147934
0.999990582 -0.000434883 0.004338964 0.615199149 0.000381288 0.999923766 0.012345118 -0.889135301 -0.004344002 -0.012343347 0.999914408 22.519849777
0.999993205 -0.000942921 0.003582332 0.628330529 0.000900525 0.999929726 0.011818004 -0.893767715 -0.003593224 -0.011814698 0.999923825 23.064249039
0.999993384 -0.001911712 0.003093950 0.633002281 0.001874246 0.999925435 0.012067292 -0.909579873 -0.003116789 -0.012061413 0.999922395 23.615863800
0.999995172 -0.002765761 0.001431607 0.665922344 0.002747809 0.999919355 0.012393689 -0.924467146 -0.001465770 -0.012389694 0.999922156 24.205560684
0.999996066 -0.002653399 0.000896596 0.677584350 0.002642065 0.999919474 0.012413346 -0.926608324 -0.000929462 -0.012410928 0.999922574 24.759933472
0.999997020 -0.002451567 -0.000080298 0.689593554 0.002452385 0.999917388 0.012621569 -0.931448400 0.000049348 -0.012621731 0.999920309 25.302145004
0.999995470 -0.003003815 -0.000080922 0.683010578 0.003004610 0.999912143 0.012911274 -0.953017116 0.000042131 -0.012911461 0.999916613 25.903387070
0.999994516 -0.003309238 0.000096775 0.693206906 0.003307652 0.999905586 0.013341738 -0.958769560 -0.000140917 -0.013341345 0.999910951 26.451593399
0.999994099 -0.003376934 -0.000534733 0.708213866 0.003384176 0.999893844 0.014176256 -0.984945834 0.000486804 -0.014177983 0.999899268 27.010656357
0.999997020 -0.002433078 -0.000112754 0.700536430 0.002434408 0.999900877 0.013866466 -0.996044457 0.000079005 -0.013866699 0.999903798 27.570959091
0.999995828 -0.002639404 -0.001138933 0.709863782 0.002655410 0.999894500 0.014289287 -1.008456469 0.001101098 -0.014292252 0.999897242 28.203166962
0.999997079 -0.001954376 -0.001404713 0.717123270 0.001974259 0.999895930 0.014295246 -1.021986127 0.001376628 -0.014297977 0.999896824 28.763469696
0.999997854 -0.001746029 -0.001138964 0.712647021 0.001762592 0.999890327 0.014707244 -1.031370878 0.001113160 -0.014709218 0.999891222 29.320449829
0.999992847 -0.003090262 -0.002146206 0.716608465 0.003121081 0.999889851 0.014508241 -1.040546536 0.002101135 -0.014514839 0.999892414 29.880834579
0.999989212 -0.003846822 -0.002594570 0.735939443 0.003884658 0.999883771 0.014738827 -1.053841114 0.002537571 -0.014748747 0.999888003 30.424257278
0.999990642 -0.003610570 -0.002361801 0.728570163 0.003646284 0.999876380 0.015295725 -1.080072641 0.002306282 -0.015304196 0.999880135 31.004304886
0.999990106 -0.003476069 -0.002795364 0.742833972 0.003518683 0.999875426 0.015386887 -1.091215849 0.002741531 -0.015396569 0.999877632 31.548715591
0.999986351 -0.004394433 -0.002822389 0.770601332 0.004437757 0.999869525 0.015531769 -1.103553295 0.002753768 -0.015544082 0.999875367 32.106765747
0.999986529 -0.004085363 -0.003209165 0.773283839 0.004134525 0.999871850 0.015465123 -1.096204996 0.003145573 -0.015478184 0.999875247 32.694774628
0.999987245 -0.004097883 -0.002941774 0.763518453 0.004141850 0.999877393 0.015098539 -1.105883360 0.002879541 -0.015110530 0.999881685 33.207408905
0.999988794 -0.003851373 -0.002759349 0.773030341 0.003893865 0.999871254 0.015563151 -1.127371550 0.002699054 -0.015573720 0.999875069 33.735382080
0.999989212 -0.003354315 -0.003207172 0.790660322 0.003403347 0.999875546 0.015407136 -1.119260907 0.003155093 -0.015417885 0.999876142 34.309947968
0.999984682 -0.004280740 -0.003510385 0.787268996 0.004333878 0.999873996 0.015271960 -1.117604852 0.003444568 -0.015286940 0.999877155 34.903125763
0.999981761 -0.004289533 -0.004245963 0.806919992 0.004353265 0.999876261 0.015116412 -1.121842861 0.004180595 -0.015134620 0.999876738 35.445270538
0.999989748 -0.003081570 -0.003317499 0.793657362 0.003130115 0.999886632 0.014728528 -1.131204367 0.003271736 -0.014738761 0.999886036 35.992034912
0.999989331 -0.002821113 -0.003644294 0.813015103 0.002875851 0.999881804 0.015103359 -1.145647287 0.003601254 -0.015113679 0.999879241 36.528015137
0.999992788 -0.002477339 -0.002898112 0.810481668 0.002521124 0.999881208 0.015203530 -1.153958321 0.002860104 -0.015210726 0.999880195 37.066631317
0.999988616 -0.003194074 -0.003545659 0.825132608 0.003245731 0.999887347 0.014660258 -1.147883654 0.003498433 -0.014671599 0.999886274 37.678287506
0.999986768 -0.003669433 -0.003597281 0.811893404 0.003725131 0.999871492 0.015601130 -1.198387504 0.003539571 -0.015614325 0.999871850 38.291503906
0.999989331 -0.003046836 -0.003459679 0.814281464 0.003099135 0.999879479 0.015213385 -1.203934193 0.003412910 -0.015223945 0.999878347 38.842361450
0.999982655 -0.003718941 -0.004553811 0.831287920 0.003787386 0.999878526 0.015114823 -1.201080918 0.004497048 -0.015131809 0.999875426 39.362056732
0.999985933 -0.003512187 -0.003985888 0.837913632 0.003574145 0.999871194 0.015645299 -1.213348866 0.003930426 -0.015659325 0.999869645 39.929523468
0.999987841 -0.002981500 -0.003917853 0.862420261 0.003042526 0.999872684 0.015663957 -1.231774092 0.003870652 -0.015675688 0.999869645 40.503902435
0.999985039 -0.003356862 -0.004300350 0.865081072 0.003423576 0.999872446 0.015601119 -1.244662523 0.004247431 -0.015615611 0.999869108 41.052913666
0.999984920 -0.003483417 -0.004239562 0.868090868 0.003548968 0.999872744 0.015553669 -1.235345364 0.004184843 -0.015568481 0.999870002 41.678668976
0.999981225 -0.003836341 -0.004772004 0.883091867 0.003910148 0.999871373 0.015554789 -1.244319439 0.004711717 -0.015573156 0.999867618 42.223731995
0.999981523 -0.003559592 -0.004929990 0.898621976 0.003634290 0.999877572 0.015226586 -1.243709087 0.004875185 -0.015244219 0.999871850 42.776184082
0.999984026 -0.003411919 -0.004490213 0.902827740 0.003477925 0.999884844 0.014775114 -1.244106770 0.004439284 -0.014790498 0.999880672 43.335388184
0.999987006 -0.003208247 -0.003965248 0.876878500 0.003270312 0.999870658 0.015746221 -1.268016696 0.003914218 -0.015758984 0.999868155 43.896800995
0.999984801 -0.002148467 -0.005072556 0.946120381 0.002222642 0.999890089 0.014662690 -1.253308892 0.005040496 -0.014673742 0.999879599 44.493209839
0.999982238 -0.003688440 -0.004676891 0.899097502 0.003763988 0.999860883 0.016248802 -1.306860685 0.004616308 -0.016266119 0.999857068 45.060234070
0.999980867 -0.003907690 -0.004788735 0.906195879 0.003983662 0.999864697 0.015959021 -1.313787699 0.004725725 -0.015977796 0.999861181 45.607921600
0.999982059 -0.004061748 -0.004401151 0.918104053 0.004136220 0.999846101 0.017046129 -1.325472593 0.004331238 -0.017064027 0.999845028 46.130577087
0.999983191 -0.004021003 -0.004163969 0.932130635 0.004089003 0.999856234 0.016452977 -1.327775717 0.004097213 -0.016469730 0.999856055 46.668888092
0.999987423 -0.002980179 -0.004028034 0.937401891 0.003045916 0.999860644 0.016413288 -1.345627546 0.003978558 -0.016425351 0.999857187 47.250122070
0.999984086 -0.003444157 -0.004459512 0.953341365 0.003516219 0.999861717 0.016253527 -1.351411104 0.004402916 -0.016268952 0.999858022 47.788208008
0.999988258 -0.002624222 -0.004069976 0.948852897 0.002690235 0.999863505 0.016299767 -1.356488228 0.004026646 -0.016310524 0.999858856 48.333312988
0.999989688 -0.003006098 -0.003387906 0.938509047 0.003061977 0.999857366 0.016610995 -1.362084389 0.003337488 -0.016621199 0.999856293 48.894138336
0.999995053 -0.002033677 -0.002371487 0.927971780 0.002074350 0.999848545 0.017276352 -1.376973152 0.002335993 -0.017281188 0.999847949 49.451595306
0.999991596 -0.002438992 -0.003293488 0.945407212 0.002495029 0.999850333 0.017119074 -1.389975786 0.003251242 -0.017127149 0.999848008 50.037132263
0.999988616 -0.003065568 -0.003643529 0.954846501 0.003125709 0.999857068 0.016616723 -1.391529918 0.003592069 -0.016627923 0.999855280 50.579132080
0.999993145 -0.002417741 -0.002804842 0.948719501 0.002466174 0.999845564 0.017394688 -1.404842854 0.002762353 -0.017401487 0.999844730 51.127410889
0.999990344 -0.002759245 -0.003424036 0.975314498 0.002817834 0.999847651 0.017225860 -1.405379295 0.003375984 -0.017235342 0.999845743 51.691585541
0.999990284 -0.002798270 -0.003392046 0.973460495 0.002858487 0.999836087 0.017879687 -1.419267178 0.003341457 -0.017889211 0.999834359 52.254779816
0.999992549 -0.002328178 -0.003074022 0.985375583 0.002382941 0.999836385 0.017932665 -1.429278851 0.003031769 -0.017939856 0.999834418 52.804172516
0.999987721 -0.003592583 -0.003424702 1.001443267 0.003651679 0.999841750 0.017408459 -1.419388056 0.003361618 -0.017420746 0.999842644 53.350597382
0.999986827 -0.003819333 -0.003419221 1.002716064 0.003877718 0.999843955 0.017234864 -1.433790684 0.003352861 -0.017247895 0.999845624 53.872146606
0.999992251 -0.002494109 -0.003048585 0.990014315 0.002549569 0.999828756 0.018325584 -1.462141037 0.003002357 -0.018333213 0.999827445 54.471466064
0.999992371 -0.002493779 -0.002998813 0.994488776 0.002547085 0.999836385 0.017905336 -1.463850498 0.002953671 -0.017912835 0.999835193 55.024314880
0.999994934 -0.001538692 -0.002765001 0.999601722 0.001586965 0.999844849 0.017541982 -1.468208313 0.002737580 -0.017546283 0.999842227 55.584323883
0.999992192 -0.002383833 -0.003155273 1.002392530 0.002440940 0.999830961 0.018220577 -1.486973882 0.003111306 -0.018228134 0.999828994 56.124980927
0.999992549 -0.002671528 -0.002757207 1.007145643 0.002721870 0.999826610 0.018419083 -1.494030952 0.002707521 -0.018426452 0.999826491 56.681087494
0.999994755 -0.002397033 -0.002177027 1.010650992 0.002436349 0.999830604 0.018239809 -1.500576019 0.002132937 -0.018245015 0.999831200 57.208751678
0.999993861 -0.002323171 -0.002621533 1.029922366 0.002369708 0.999837160 0.017890731 -1.492104292 0.002579543 -0.017896833 0.999836445 57.772010803
0.999994099 -0.002250094 -0.002582112 1.033095241 0.002296640 0.999832273 0.018167427 -1.517418742 0.002540800 -0.018173248 0.999831617 58.259902954
0.999992847 -0.002626149 -0.002755863 1.046520948 0.002677396 0.999820411 0.018760018 -1.529822111 0.002706102 -0.018767262 0.999820232 58.803394318
0.999994755 -0.002286390 -0.002321834 1.046549439 0.002329228 0.999823987 0.018617649 -1.534263134 0.002278858 -0.018622953 0.999823987 59.338733673
0.999986768 -0.003874390 -0.003413081 1.083719015 0.003931678 0.999848783 0.016941056 -1.503760576 0.003346929 -0.016954251 0.999850690 59.916126251
0.999992430 -0.002844387 -0.002665655 1.053263903 0.002895460 0.999808490 0.019355517 -1.559918880 0.002610091 -0.019363090 0.999809027 60.462551117
0.999993384 -0.002393001 -0.002744937 1.058165669 0.002443946 0.999821961 0.018709034 -1.555704594 0.002699677 -0.018715614 0.999821126 61.022987366
0.999989033 -0.003746711 -0.002831487 1.069607258 0.003798539 0.999821126 0.018525803 -1.564384341 0.002761571 -0.018536352 0.999824405 61.549442291
0.999987304 -0.003329964 -0.003797455 1.127151251 0.003402086 0.999810874 0.019146554 -1.579714060 0.003732980 -0.019159228 0.999809444 62.040542603
0.999992788 -0.002324501 -0.003029589 1.105239987 0.002385275 0.999792814 0.020213384 -1.597604156 0.002981976 -0.020220460 0.999791145 62.618999481
0.999990940 -0.003002186 -0.002990996 1.105609536 0.003060353 0.999802530 0.019636437 -1.601098537 0.002931454 -0.019645419 0.999802709 63.156021118
0.999990284 -0.003145376 -0.003072560 1.114814639 0.003205623 0.999798834 0.019804386 -1.604090452 0.003009649 -0.019814046 0.999799132 63.687225342
0.999987543 -0.003719640 -0.003301943 1.118614316 0.003783847 0.999799669 0.019656789 -1.611705780 0.003228164 -0.019669041 0.999801338 64.250640869
0.999992251 -0.002411856 -0.003109289 1.130760431 0.002475239 0.999785841 0.020545088 -1.632080793 0.003059072 -0.020552628 0.999784052 64.856468201
0.999985456 -0.004017808 -0.003595518 1.117075920 0.004088228 0.999795675 0.019797392 -1.647891164 0.003515241 -0.019811802 0.999797642 65.357315063
0.999988735 -0.003387803 -0.003315192 1.129053831 0.003453264 0.999795139 0.019943254 -1.661819220 0.003246950 -0.019954473 0.999795616 65.891716003
0.999991119 -0.003357443 -0.002557524 1.139251351 0.003408547 0.999789238 0.020246204 -1.668786883 0.002489008 -0.020254740 0.999791801 66.448554993
0.999986410 -0.004092053 -0.003230209 1.160390377 0.004153568 0.999805629 0.019272480 -1.641768932 0.003150713 -0.019285640 0.999809027 66.933517456
0.999988973 -0.003762422 -0.002817820 1.163490534 0.003814930 0.999814749 0.018866427 -1.646598220 0.002746313 -0.018876970 0.999818027 67.483909607
0.999989450 -0.003307332 -0.003179463 1.173290491 0.003367153 0.999813855 0.018997222 -1.653421760 0.003116041 -0.019007729 0.999814451 68.047019958
0.999987841 -0.004077217 -0.002773696 1.157429218 0.004129358 0.999809802 0.019059891 -1.670277357 0.002695457 -0.019071113 0.999814451 68.611160278
0.999985874 -0.004377984 -0.003000007 1.174137235 0.004434910 0.999805033 0.019239118 -1.667763233 0.002915194 -0.019252149 0.999810517 69.050514221
0.999986768 -0.003894086 -0.003385670 1.185654521 0.003958136 0.999809325 0.019121675 -1.669049740 0.003310563 -0.019134823 0.999811530 69.605232239
0.999989450 -0.003614226 -0.002868064 1.202570200 0.003667056 0.999819756 0.018633675 -1.671579838 0.002800201 -0.018643996 0.999822259 70.113479614
0.999986053 -0.004659222 -0.002513868 1.204347014 0.004703340 0.999829888 0.017838756 -1.656954288 0.002430325 -0.017850330 0.999837756 70.663444519
0.999985874 -0.004339041 -0.003078655 1.228564382 0.004397383 0.999805868 0.019203614 -1.686729908 0.002994732 -0.019216875 0.999810874 71.156570435
0.999987185 -0.004102965 -0.002973592 1.251602292 0.004160299 0.999800384 0.019538391 -1.698147297 0.002892832 -0.019550512 0.999804735 71.695083618
0.999988317 -0.003769616 -0.003037913 1.254342556 0.003824445 0.999826252 0.018249463 -1.682795048 0.002968591 -0.018260865 0.999828935 72.238540649
0.999978423 -0.005478542 -0.003627773 1.247678518 0.005540693 0.999834120 0.017349549 -1.680951357 0.003532121 -0.017369268 0.999842942 72.888954163
0.999984682 -0.004763609 -0.002827595 1.231904745 0.004817079 0.999803901 0.019214759 -1.702693105 0.002735508 -0.019228084 0.999811411 73.254890442
0.999985218 -0.004769768 -0.002637821 1.244080424 0.004819202 0.999806702 0.019063102 -1.702486157 0.002546384 -0.019075530 0.999814868 73.808868408
0.999991477 -0.003337213 -0.002416863 1.247220397 0.003379599 0.999836743 0.017751498 -1.706991553 0.002357228 -0.017759515 0.999839544 74.365409851
0.999982178 -0.004939664 -0.003341569 1.272767663 0.005001339 0.999812543 0.018707361 -1.714223504 0.003248535 -0.018723741 0.999819458 74.915222168
0.999991655 -0.003500436 -0.002125095 1.285126567 0.003538604 0.999827504 0.018230861 -1.710694671 0.002060913 -0.018238226 0.999831676 75.395332336
0.999979615 -0.005316128 -0.003526878 1.340659618 0.005384867 0.999789953 0.019775493 -1.746335745 0.003421010 -0.019794086 0.999798238 75.660118103
0.999972403 -0.006290491 -0.003952383 1.361765981 0.006363846 0.999802411 0.018829498 -1.746458054 0.003833157 -0.018854128 0.999814928 76.185142517
0.999966562 -0.007098316 -0.004057619 1.379081249 0.007173575 0.999796689 0.018844021 -1.738943219 0.003923035 -0.018872496 0.999814212 76.761520386
0.999969959 -0.006461483 -0.004280812 1.392650843 0.006540454 0.999803782 0.018697724 -1.743901610 0.004159156 -0.018725159 0.999816000 77.274742126
0.999977887 -0.005206114 -0.004135609 1.391867638 0.005287705 0.999786615 0.019969141 -1.770153046 0.004030763 -0.019990571 0.999792039 77.702720642
0.999981046 -0.004822621 -0.003833464 1.398017168 0.004896451 0.999798059 0.019489270 -1.771651268 0.003738700 -0.019507675 0.999802709 78.271125793
0.999968410 -0.006386438 -0.004722434 1.430164814 0.006476715 0.999791682 0.019354928 -1.779932022 0.004597842 -0.019384904 0.999801517 78.776344299
0.999957800 -0.007477904 -0.005344708 1.442572951 0.007578447 0.999789894 0.019045891 -1.768467903 0.005201163 -0.019085594 0.999804258 79.296745300
0.999980867 -0.004704317 -0.003997645 1.444752097 0.004779981 0.999805450 0.019133277 -1.804005265 0.003906859 -0.019152017 0.999808967 79.800918579
0.999987483 -0.004722881 -0.001651531 1.375391960 0.004753572 0.999806225 0.019101340 -1.767296910 0.001561000 -0.019108953 0.999816179 80.327545166
0.999991357 -0.004142262 0.000023408 1.376055717 0.004141102 0.999816775 0.018683907 -1.771934867 -0.000100797 -0.018683651 0.999825418 80.893936157
0.999988973 -0.004653168 0.000631443 1.405559301 0.004640862 0.999822438 0.018262129 -1.774035215 -0.000716308 -0.018258998 0.999833047 81.449455261
0.999985993 -0.005041544 0.001629602 1.407249451 0.005010740 0.999818444 0.018385056 -1.758575916 -0.001721995 -0.018376634 0.999829590 81.965156555
0.999976337 -0.004933502 0.004789638 1.404070854 0.004839952 0.999801040 0.019350735 -1.787387848 -0.004884152 -0.019327093 0.999801278 82.454490662
0.999953866 -0.004130382 0.008671669 1.419863701 0.003959208 0.999798775 0.019664655 -1.791745305 -0.008751147 -0.019629415 0.999769032 82.985069275
0.999922097 -0.004585570 0.011609623 1.448523402 0.004361433 0.999805093 0.019258263 -1.797034144 -0.011695670 -0.019206125 0.999747217 83.516090393
0.999871612 -0.004451810 0.015390268 1.475613236 0.004159005 0.999810815 0.019005200 -1.802184582 -0.015471959 -0.018938752 0.999700963 84.037559509
0.999754727 -0.002989465 0.021942195 1.514226913 0.002542702 0.999789596 0.020360617 -1.849007487 -0.021998441 -0.020299833 0.999551892 84.454437256
0.999609649 -0.003044986 0.027769994 1.542679071 0.002484010 0.999792635 0.020212984 -1.852381468 -0.027825784 -0.020136114 0.999409914 85.001564026
0.999436677 -0.002799108 0.033445485 1.590406895 0.002133373 0.999799311 0.019924192 -1.843813777 -0.033494540 -0.019841613 0.999241948 85.523025513
0.999110520 -0.003126249 0.042054366 1.630889058 0.002281978 0.999795258 0.020108746 -1.854754448 -0.042108618 -0.019994890 0.998912990 86.083343506
0.998765051 -0.003402754 0.049565557 1.696829557 0.002391346 0.999788105 0.020450484 -1.876368046 -0.049624637 -0.020306703 0.998561502 86.545120239
0.998358846 -0.002993128 0.057191521 1.708398342 0.001811254 0.999783993 0.020705866 -1.872166157 -0.057241146 -0.020568294 0.998148501 87.099060059
0.997826815 -0.003945700 0.065772995 1.771139860 0.002615040 0.999790370 0.020304941 -1.872665048 -0.065839320 -0.020088810 0.997628033 87.645896912
0.997138262 -0.003732218 0.075507864 1.826921463 0.002236075 0.999799728 0.019889249 -1.874740720 -0.075566977 -0.019663490 0.996946752 88.198219299
0.996398926 -0.003287490 0.084723435 1.881123543 0.001557098 0.999789000 0.020482007 -1.894490838 -0.084772900 -0.020276327 0.996193945 88.734901428
0.995626211 -0.003487566 0.093361199 1.932266712 0.001547294 0.999781489 0.020846749 -1.901497006 -0.093413517 -0.020611111 0.995414019 89.186203003
0.994551837 -0.003450997 0.104185447 2.005930901 0.001302568 0.999785244 0.020682201 -1.894110441 -0.104234450 -0.020433813 0.994342744 89.750892639
0.993353724 -0.003442163 0.115050539 2.082543373 0.001104732 0.999791861 0.020374147 -1.899316788 -0.115096733 -0.020111635 0.993150592 90.283226013
0.992284060 -0.004029853 0.123920038 2.182751656 0.001580355 0.999801576 0.019858710 -1.903450131 -0.123975486 -0.019509640 0.992093384 90.861854553
0.990772545 -0.002366266 0.135514498 2.255297661 -0.000410431 0.999790609 0.020458434 -1.905322671 -0.135534540 -0.020325273 0.990564048 91.434394836
0.989102483 -0.003262487 0.147192150 2.359480858 0.000256048 0.999791086 0.020439593 -1.925396681 -0.147228062 -0.020179166 0.988896608 91.935325623
0.987560153 -0.004505227 0.157177046 2.385149956 0.001207910 0.999777317 0.021067584 -1.900360823 -0.157236934 -0.020615648 0.987345636 92.200935364
0.986001909 -0.004980767 0.166659951 2.500816345 0.001434566 0.999770224 0.021391688 -1.905198574 -0.166728199 -0.020853160 0.985782325 92.738868713
0.983902514 -0.006339828 0.178593770 2.617684364 0.002652745 0.999778569 0.020876326 -1.900738239 -0.178686559 -0.020066503 0.983701408 93.274215698
0.981468618 -0.005385984 0.191547155 2.734700203 0.001332882 0.999772549 0.021282371 -1.915330648 -0.191618234 -0.020632669 0.981252611 93.812355042
0.979412198 -0.006600042 0.201762795 2.889107704 0.002467626 0.999782085 0.020726236 -1.917168260 -0.201855600 -0.019801652 0.979215145 94.403076172
0.976423740 -0.005653078 0.215788588 2.986242294 0.001052017 0.999769628 0.021430980 -1.919140935 -0.215860069 -0.020698706 0.976204813 94.796516418
0.973423302 -0.006490061 0.228921100 3.137639999 0.001612249 0.999767780 0.021488415 -1.922072172 -0.229007408 -0.020548249 0.973207712 95.313781738
0.970572054 -0.006779956 0.240715578 3.280027390 0.001625235 0.999765098 0.021606229 -1.931521654 -0.240805537 -0.020579185 0.970355153 95.830749512
0.967392445 -0.006146332 0.253207803 3.431762695 0.000733773 0.999769270 0.021464851 -1.925775766 -0.253281325 -0.020579137 0.967173755 96.344818115
0.963540852 -0.006080429 0.267491907 3.573644638 0.000331539 0.999768138 0.021531733 -1.924494505 -0.267560840 -0.020658026 0.963319480 96.912742615
0.959873319 -0.006777623 0.280351788 3.751682281 0.000725183 0.999764562 0.021686833 -1.930406094 -0.280432791 -0.020613311 0.959652305 97.432426453
0.956752658 -0.008226487 0.290786445 3.943557739 0.002164376 0.999773741 0.021162791 -1.929084301 -0.290894747 -0.019618187 0.956553876 97.954437256
0.952245533 -0.007370431 0.305244386 4.115743637 0.000734835 0.999761045 0.021847827 -1.936844826 -0.305332512 -0.020580189 0.952023387 98.471321106
0.947684646 -0.007168922 0.319127679 4.325872421 0.000168086 0.999758840 0.021959547 -1.942591190 -0.319208145 -0.020757088 0.947457314 98.984329224
0.943743408 -0.007751419 0.330587983 4.536909103 0.000815842 0.999776721 0.021113116 -1.939339876 -0.330677867 -0.019655654 0.943538964 99.507202148
0.938915312 -0.006679174 0.344083458 4.741291046 -0.000807522 0.999766052 0.021610480 -1.946858406 -0.344147325 -0.020568265 0.938690364 100.039703369
0.934243917 -0.007766850 0.356550217 4.964212418 0.000097112 0.999768257 0.021523824 -1.957002401 -0.356634796 -0.020073878 0.934028268 100.515563965
0.929501653 -0.008962337 0.368708879 5.191759109 0.000936175 0.999758840 0.021941418 -1.953098774 -0.368816644 -0.020049414 0.929285884 101.048980713
0.924727201 -0.008130819 0.380543679 5.416637421 -0.000124767 0.999765277 0.021664497 -1.957622051 -0.380630493 -0.020081226 0.924509227 101.543098450
0.919007599 -0.008591842 0.394146413 5.673572540 0.000297049 0.999777317 0.021101138 -1.958573818 -0.394239992 -0.019275023 0.918805361 102.028762817
0.913534522 -0.010853796 0.406616449 5.898761749 0.002142265 0.999758363 0.021873543 -1.972634077 -0.406755596 -0.019111155 0.913337111 102.504226685
0.908816099 -0.010957276 0.417053014 6.145744324 0.001774252 0.999747515 0.022400124 -1.985061169 -0.417193145 -0.019617638 0.908606112 102.973075867
0.902996898 -0.011288823 0.429498792 6.407455444 0.002039775 0.999756098 0.021988785 -1.985870838 -0.429642320 -0.018979726 0.902799666 103.485488892
0.896660566 -0.011882267 0.442559034 6.671985626 0.002353219 0.999753535 0.022074567 -2.005727768 -0.442712277 -0.018751960 0.896467626 103.926422119
0.890074611 -0.010708326 0.455689043 6.932723999 0.000776167 0.999758124 0.021977466 -2.006507635 -0.455814183 -0.019207895 0.889867663 104.440917969
0.884305418 -0.012153317 0.466750681 7.173381805 0.002103432 0.999754727 0.022046594 -1.976456404 -0.466904074 -0.018514145 0.884114146 104.916473389
0.876612306 -0.012136511 0.481044322 7.458446503 0.001921781 0.999762237 0.021721425 -1.974569082 -0.481193572 -0.018116806 0.876427174 105.410797119
0.869814754 -0.012766199 0.493213356 7.758308411 0.002168324 0.999754429 0.022053380 -1.997664928 -0.493373781 -0.018112913 0.869628787 105.866950989
0.863924563 -0.012778996 0.503458917 8.059616089 0.001940910 0.999755085 0.022045618 -1.987493753 -0.503617346 -0.018068582 0.863737822 106.347549438
