1.000000000 0.000000000 0.000000000 0.000000000 0.000000000 1.000000000 0.000000000 0.000000000 0.000000000 0.000000000 1.000000000 0.000000000
1.000000000 0.000129303 0.000014916 -0.000036201 -0.000129302 1.000000000 -0.000034629 0.000448604 -0.000014920 0.000034627 1.000000000 0.000171839
1.000000000 0.000098419 0.000087687 -0.000617669 -0.000098425 1.000000000 0.000069351 -0.000389970 -0.000087680 -0.000069360 1.000000000 -0.000019194
1.000000000 -0.000068514 0.000100767 -0.000372382 0.000068518 1.000000000 -0.000041141 0.000455047 -0.000100764 0.000041148 1.000000000 0.000143710
1.000000000 -0.000125267 0.000053885 -0.000295674 0.000125269 1.000000000 -0.000048886 0.000209871 -0.000053879 0.000048892 1.000000000 -0.000565029
1.000000000 0.000050666 0.000155457 -0.001155227 -0.000050667 1.000000000 0.000009513 0.000292203 -0.000155456 -0.000009521 1.000000000 -0.000000124
1.000000000 -0.000071885 0.000109987 -0.000706183 0.000071886 1.000000000 -0.000010736 0.000430268 -0.000109987 0.000010744 1.000000000 -0.000168647
1.000000000 0.000063859 0.000081103 -0.000829237 -0.000063864 1.000000000 0.000062818 -0.000333098 -0.000081099 -0.000062823 1.000000000 -0.000711928
1.000000000 0.000034740 0.000042135 -0.000972448 -0.000034737 1.000000000 -0.000080166 0.000519738 -0.000042138 0.000080165 1.000000000 0.000072073
1.000000000 -0.000011142 0.000097172 -0.000422489 0.000011137 1.000000000 0.000054257 -0.000979919 -0.000097172 -0.000054256 1.000000000 -0.000238901
1.000000000 0.000111048 0.000109968 -0.001250796 -0.000111057 1.000000000 0.000076288 -0.000652900 -0.000109960 -0.000076300 1.000000000 -0.000241060
1.000000000 0.000076812 0.000108009 -0.000582418 -0.000076808 1.000000000 -0.000030863 0.000549861 -0.000108012 0.000030855 1.000000000 0.000044192
1.000000000 0.000111589 0.000061728 -0.001105446 -0.000111586 1.000000000 -0.000056888 -0.000433384 -0.000061735 0.000056881 1.000000000 -0.001323030
1.000000000 0.000083396 0.000095026 -0.001656068 -0.000083392 1.000000000 -0.000043010 0.001427180 -0.000095029 0.000043002 1.000000000 0.000578926
1.000000000 0.000018332 0.000082722 -0.001922103 -0.000018324 1.000000000 -0.000091681 0.001142195 -0.000082724 0.000091680 1.000000000 -0.000368492
1.000000000 0.000104861 0.000042871 -0.000364894 -0.000104857 1.000000000 -0.000089951 0.002147849 -0.000042880 0.000089947 1.000000000 0.001808900
1.000000000 0.000114837 0.000118129 -0.000920827 -0.000114823 1.000000000 -0.000117995 0.002009700 -0.000118142 0.000117981 1.000000000 0.002262630
1.000000000 0.000142464 0.000094009 -0.001076823 -0.000142453 1.000000000 -0.000117130 0.001231334 -0.000094025 0.000117116 1.000000000 0.001058173
0.999999940 0.000219010 0.000161361 -0.001973360 -0.000218992 0.999999940 -0.000110268 0.002366595 -0.000161385 0.000110232 1.000000000 0.002231001
0.999999940 0.000180277 0.000165318 -0.001731785 -0.000180255 1.000000000 -0.000134707 0.002306454 -0.000165342 0.000134677 1.000000000 0.002092594
1.000000000 0.000113796 0.000165081 -0.001960236 -0.000113779 1.000000000 -0.000102906 0.001928217 -0.000165093 0.000102887 1.000000000 0.002284397
0.999999940 0.000225464 0.000134442 -0.001926697 -0.000225453 1.000000000 -0.000075788 0.002235927 -0.000134459 0.000075758 1.000000000 0.001731709
1.000000000 0.000113772 0.000066990 -0.000530712 -0.000113762 1.000000000 -0.000147050 0.002370792 -0.000067006 0.000147042 1.000000000 0.002808435
1.000000000 0.000113234 0.000105133 -0.001548491 -0.000113221 1.000000000 -0.000129538 0.002832824 -0.000105148 0.000129526 1.000000000 0.003426712
0.999999940 0.000268513 0.000070830 -0.001492810 -0.000268506 0.999999940 -0.000091710 0.002573655 -0.000070855 0.000091691 1.000000000 0.003487384
0.999999940 0.000297561 0.000130218 -0.001750056 -0.000297557 0.999999940 -0.000030712 0.001346361 -0.000130227 0.000030674 1.000000000 0.001592632
1.000000000 0.000113995 0.000175625 -0.001883281 -0.000113984 1.000000000 -0.000062255 0.002871343 -0.000175632 0.000062235 1.000000000 0.002927135
1.000000000 0.000154879 0.000166264 -0.001567892 -0.000154876 1.000000000 -0.000015141 0.001302924 -0.000166266 0.000015115 1.000000000 0.002234915
1.000000000 0.000142089 0.000098208 -0.001576178 -0.000142083 1.000000000 -0.000068564 0.002664957 -0.000098218 0.000068550 1.000000000 0.002675924
1.000000000 0.000121457 0.000145695 -0.001994696 -0.000121440 1.000000000 -0.000117382 0.002571835 -0.000145710 0.000117365 1.000000000 0.002763312
1.000000000 0.000123793 0.000199402 -0.001247703 -0.000123784 1.000000000 -0.000041522 0.001468598 -0.000199407 0.000041497 1.000000000 0.002538003
1.000000000 0.000046286 0.000197910 -0.001063175 -0.000046259 1.000000000 -0.000135166 0.003507120 -0.000197916 0.000135157 1.000000000 0.003952119
1.000000000 0.000149160 0.000062714 -0.000240062 -0.000149146 0.999999940 -0.000221938 0.003907031 -0.000062747 0.000221929 1.000000000 0.003740385
1.000000000 0.000104902 0.000142326 -0.001059266 -0.000104891 1.000000000 -0.000077549 0.001987551 -0.000142334 0.000077534 1.000000000 0.002422772
0.999999940 0.000216287 0.000191304 -0.002737690 -0.000216260 0.999999940 -0.000142222 0.002529186 -0.000191335 0.000142181 1.000000000 0.002432518
0.999999940 0.000249906 0.000203615 -0.001334367 -0.000249883 0.999999940 -0.000112114 0.001879546 -0.000203643 0.000112063 1.000000000 0.001729340
1.000000000 0.000088014 0.000148583 -0.001418737 -0.000088002 1.000000000 -0.000079243 0.002254569 -0.000148590 0.000079230 1.000000000 0.001951514
1.000000000 0.000191689 0.000134804 -0.001766831 -0.000191677 1.000000000 -0.000089777 0.002950657 -0.000134822 0.000089751 1.000000000 0.003248934
0.999999940 0.000187784 0.000202016 -0.001609116 -0.000187757 1.000000000 -0.000130025 0.002955944 -0.000202040 0.000129987 1.000000000 0.001997796
1.000000000 0.000147057 0.000097622 -0.000359987 -0.000147045 1.000000000 -0.000120351 0.003755519 -0.000097639 0.000120337 1.000000000 0.003210509
1.000000000 0.000018425 0.000082225 0.000009907 -0.000018412 1.000000000 -0.000156884 0.002032076 -0.000082228 0.000156882 1.000000000 0.003734549
0.999999881 0.000381953 0.000209885 0.000490332 -0.000381809 0.999999702 -0.000681362 -0.001215833 -0.000210145 0.000681282 0.999999762 0.051510360
0.999999881 0.000226947 0.000097799 0.002867572 -0.000226820 0.999999166 -0.001303523 -0.001259180 -0.000098095 0.001303501 0.999999166 0.142644450
0.999999702 0.000752229 0.000094381 0.003727736 -0.000752134 0.999999344 -0.001000105 -0.008539186 -0.000095133 0.001000034 0.999999523 0.261351913
0.999999583 0.000876694 0.000122359 0.006616785 -0.000876572 0.999999106 -0.000996877 -0.010924309 -0.000123233 0.000996770 0.999999523 0.393415242
0.999999583 0.000812296 0.000107683 0.008250874 -0.000812210 0.999999285 -0.000795162 -0.014318716 -0.000108329 0.000795074 0.999999642 0.537120104
0.999999940 0.000218901 0.000255850 0.016836543 -0.000218714 0.999999702 -0.000730103 -0.024189578 -0.000256009 0.000730047 0.999999702 0.678673565
0.999999940 0.000113287 0.000331406 0.021203555 -0.000113114 0.999999821 -0.000520954 -0.026414189 -0.000331465 0.000520917 0.999999821 0.841391623
0.999999940 0.000137607 0.000254074 0.025700433 -0.000137443 0.999999762 -0.000646829 -0.031285930 -0.000254163 0.000646794 0.999999762 1.011624694
0.999999940 0.000243357 0.000175313 0.030326843 -0.000243227 0.999999702 -0.000739686 -0.033619590 -0.000175493 0.000739643 0.999999702 1.191511154
0.999999821 0.000370609 0.000221637 0.032402944 -0.000370511 0.999999821 -0.000437928 -0.033895176 -0.000221799 0.000437846 0.999999821 1.383481026
0.999999940 0.000184502 0.000222274 0.037734848 -0.000184412 0.999999881 -0.000406426 -0.039476428 -0.000222349 0.000406385 0.999999821 1.577072740
1.000000000 -0.000153224 0.000228928 0.043639634 0.000153291 1.000000000 -0.000291925 -0.046512801 -0.000228884 0.000291960 0.999999881 1.776775599
0.999999762 0.000270148 0.000528399 0.041049197 -0.000270378 0.999999881 0.000434179 -0.059810489 -0.000528282 -0.000434321 0.999999702 1.967996120
0.999999881 -0.000013989 0.000395780 0.047410537 0.000013741 0.999999821 0.000628339 -0.067582093 -0.000395789 -0.000628333 0.999999642 2.181639910
0.999999821 -0.000295420 0.000416912 0.050626531 0.000295165 0.999999762 0.000610013 -0.072041444 -0.000417092 -0.000609890 0.999999642 2.403356075
0.999999821 0.000249089 0.000568296 0.051279008 -0.000249299 0.999999881 0.000368299 -0.078177549 -0.000568204 -0.000368440 0.999999762 2.628951788
0.999999821 0.000307934 0.000567859 0.054687232 -0.000308297 0.999999702 0.000638712 -0.088118926 -0.000567662 -0.000638887 0.999999583 2.853939295
0.999999940 -0.000009923 0.000356215 0.070200972 0.000009763 0.999999821 0.000450644 -0.089349777 -0.000356220 -0.000450641 0.999999762 3.097790718
0.999999881 -0.000038284 0.000343763 0.073856913 0.000038131 0.999999881 0.000445963 -0.096593462 -0.000343780 -0.000445950 0.999999762 3.338514090
0.999999821 0.000039573 0.000571565 0.079899475 -0.000039760 0.999999940 0.000327146 -0.102146477 -0.000571552 -0.000327169 0.999999762 3.587175131
0.999999762 0.000052633 0.000700118 0.083100267 -0.000052912 0.999999940 0.000397510 -0.108992130 -0.000700097 -0.000397547 0.999999642 3.844646215
0.999999702 0.000331046 0.000719261 0.085833631 -0.000331246 0.999999821 0.000277449 -0.114574641 -0.000719169 -0.000277687 0.999999702 4.110715389
0.999999821 -0.000043294 0.000634179 0.093465008 0.000043133 0.999999881 0.000254611 -0.118625045 -0.000634190 -0.000254584 0.999999762 4.371725559
0.999999702 0.000003247 0.000817152 0.095531888 -0.000003452 0.999999940 0.000250738 -0.125902534 -0.000817151 -0.000250741 0.999999642 4.633426666
0.999999523 0.000478535 0.000837021 0.102314755 -0.000478920 0.999999762 0.000460106 -0.133352205 -0.000836801 -0.000460507 0.999999464 4.878916264
0.999999225 0.000874577 0.000968773 0.107208490 -0.000874980 0.999999523 0.000416569 -0.139440402 -0.000968408 -0.000417417 0.999999344 5.140337467
0.999999344 0.000690402 0.001038676 0.109899975 -0.000690868 0.999999642 0.000448128 -0.147462502 -0.001038366 -0.000448845 0.999999344 5.399983406
0.999998808 0.000907345 0.001176182 0.114719480 -0.000907982 0.999999464 0.000541703 -0.155298382 -0.001175690 -0.000542770 0.999999106 5.666479588
0.999998569 0.001059262 0.001332702 0.116326772 -0.001060230 0.999999166 0.000725434 -0.165433675 -0.001331932 -0.000726846 0.999998868 5.930975437
0.999997973 0.001373242 0.001488352 0.123891354 -0.001374299 0.999998748 0.000709416 -0.174920052 -0.001487376 -0.000711459 0.999998689 6.211433411
0.999998331 0.001092906 0.001474716 0.133406162 -0.001093844 0.999999225 0.000635819 -0.177551284 -0.001474020 -0.000637431 0.999998689 6.499990940
0.999998391 0.001135420 0.001394904 0.135584190 -0.001136287 0.999999166 0.000620470 -0.189246356 -0.001394198 -0.000622054 0.999998808 6.784804821
0.999998152 0.001225205 0.001496305 0.142739519 -0.001225821 0.999999166 0.000410718 -0.195554063 -0.001495801 -0.000412551 0.999998748 7.083132744
0.999998271 0.001294118 0.001394776 0.148174331 -0.001295092 0.999998987 0.000697716 -0.208912119 -0.001393871 -0.000699521 0.999998808 7.373368263
0.999998569 0.001092416 0.001281321 0.156679884 -0.001093205 0.999999225 0.000615097 -0.218333483 -0.001280648 -0.000616497 0.999998987 7.696086884
0.999998629 0.000859192 0.001392509 0.167349532 -0.000860108 0.999999404 0.000656890 -0.223019287 -0.001391944 -0.000658087 0.999998808 8.013729095
0.999998093 0.001270830 0.001518634 0.169793263 -0.001272044 0.999998868 0.000798420 -0.236634135 -0.001517618 -0.000800350 0.999998510 8.326005936
0.999998212 0.001204062 0.001473509 0.173834205 -0.001204808 0.999999166 0.000505232 -0.243692026 -0.001472900 -0.000507006 0.999998748 8.655286789
0.999997556 0.001308395 0.001815777 0.180620596 -0.001309633 0.999998927 0.000680961 -0.253681690 -0.001814884 -0.000683337 0.999998093 8.992415428
0.999997437 0.001523743 0.001631009 0.186734647 -0.001525493 0.999998271 0.001072107 -0.268819273 -0.001629372 -0.001074593 0.999998093 9.323895454
0.999997437 0.001561350 0.001616631 0.192681268 -0.001562907 0.999998331 0.000962065 -0.279253274 -0.001615126 -0.000964589 0.999998212 9.662062645
0.999996424 0.001645797 0.002054578 0.201590940 -0.001648192 0.999997973 0.001164382 -0.288243979 -0.002052657 -0.001167764 0.999997258 10.013524055
0.999995232 0.002317773 0.002035305 0.204858452 -0.002319711 0.999996841 0.000950469 -0.299458206 -0.002033096 -0.000955185 0.999997497 10.375247002
0.999995589 0.002111473 0.002069524 0.212488055 -0.002113805 0.999997079 0.001125189 -0.311193526 -0.002067142 -0.001129558 0.999997199 10.737713814
0.999996126 0.002020491 0.001903284 0.221951112 -0.002022606 0.999997437 0.001109853 -0.319155604 -0.001901037 -0.001113699 0.999997497 11.110372543
0.999997377 0.001595202 0.001624295 0.235923424 -0.001596959 0.999998152 0.001081372 -0.329440743 -0.001622566 -0.001083963 0.999998033 11.487075806
0.999996424 0.001878073 0.001897829 0.238064513 -0.001880368 0.999997497 0.001208184 -0.339061230 -0.001895555 -0.001211748 0.999997497 11.869504929
0.999995530 0.001992170 0.002224305 0.244998857 -0.001995371 0.999996960 0.001437905 -0.353987932 -0.002221434 -0.001442337 0.999996483 12.250703812
0.999994576 0.002192507 0.002436079 0.258574426 -0.002197447 0.999995530 0.002027100 -0.370824784 -0.002431624 -0.002032442 0.999994934 12.633273125
0.999995172 0.001900417 0.002450207 0.260410011 -0.001904347 0.999996841 0.001602709 -0.375880480 -0.002447154 -0.001607367 0.999995708 13.045527458
0.999994397 0.002164388 0.002552985 0.268947244 -0.002168556 0.999996245 0.001630907 -0.387881875 -0.002549445 -0.001636435 0.999995351 13.450423241
0.999992132 0.002389601 0.003156846 0.275079250 -0.002394757 0.999995828 0.001630647 -0.398540884 -0.003152936 -0.001638194 0.999993682 13.855002403
0.999991357 0.002520588 0.003304048 0.285446703 -0.002526081 0.999995410 0.001659552 -0.407529771 -0.003299850 -0.001667884 0.999993145 14.270666122
0.999991775 0.002418488 0.003250604 0.296777606 -0.002422785 0.999996126 0.001318579 -0.422484607 -0.003247403 -0.001326444 0.999993801 14.682640076
0.999990165 0.002632729 0.003548543 0.310903370 -0.002637589 0.999995589 0.001365718 -0.428998142 -0.003544931 -0.001375065 0.999992788 15.107266426
0.999987423 0.002878324 0.004099992 0.318133533 -0.002885556 0.999994218 0.001759022 -0.445360810 -0.004094906 -0.001770830 0.999990046 15.543012619
0.999984801 0.003163938 0.004544466 0.325741887 -0.003171264 0.999993682 0.001605806 -0.456463575 -0.004539357 -0.001620193 0.999988377 15.978668213
0.999984026 0.003140658 0.004704983 0.339226961 -0.003148490 0.999993682 0.001658124 -0.467304051 -0.004699745 -0.001672911 0.999987543 16.423265457
0.999981403 0.003625765 0.004924200 0.347386271 -0.003632767 0.999992430 0.001413905 -0.478408545 -0.004919036 -0.001431767 0.999986827 16.869808197
0.999979913 0.003681273 0.005142948 0.356315732 -0.003691841 0.999991238 0.002046930 -0.501162052 -0.005135366 -0.002065877 0.999984682 17.311555862
0.999978781 0.003833243 0.005271824 0.366361529 -0.003844480 0.999990404 0.002123179 -0.517407298 -0.005263635 -0.002143401 0.999983847 17.768039703
0.999980211 0.003142899 0.005451885 0.381220549 -0.003155856 0.999992192 0.002369638 -0.531226397 -0.005444394 -0.002386796 0.999982357 18.248502731
0.999981880 0.002962303 0.005243200 0.397394001 -0.002975337 0.999992549 0.002479798 -0.539412975 -0.005235815 -0.002495354 0.999983251 18.712501526
0.999978542 0.003273291 0.005669212 0.407589823 -0.003284730 0.999992609 0.002009705 -0.552538633 -0.005662591 -0.002028284 0.999981940 19.211225510
0.999976993 0.003677505 0.005701199 0.422614664 -0.003689312 0.999991059 0.002061924 -0.562569201 -0.005693565 -0.002082910 0.999981642 19.693017960
0.999976635 0.003570531 0.005848378 0.434047878 -0.003585202 0.999990463 0.002500041 -0.580067217 -0.005839395 -0.002520950 0.999979794 20.172079086
0.999976814 0.003384120 0.005907157 0.447112322 -0.003396946 0.999991834 0.002162618 -0.592674673 -0.005899791 -0.002182635 0.999980211 20.660379410
0.999981463 0.003169431 0.005194832 0.465527952 -0.003181448 0.999992251 0.002306604 -0.602028668 -0.005187482 -0.002323088 0.999983847 21.175632477
0.999983311 0.003160683 0.004812207 0.476093590 -0.003172052 0.999992132 0.002356736 -0.611791313 -0.004804720 -0.002371962 0.999985635 21.683689117
0.999980271 0.003693098 0.005078606 0.470936835 -0.003703349 0.999991119 0.002010699 -0.631319880 -0.005071135 -0.002029467 0.999985099 22.192094803
0.999977827 0.004129857 0.005224410 0.481171727 -0.004140700 0.999989271 0.002066304 -0.642072022 -0.005215821 -0.002087890 0.999984205 22.705081940
0.999975801 0.004876488 0.004959732 0.483635932 -0.004886459 0.999986053 0.002000117 -0.651119888 -0.004949910 -0.002024304 0.999985635 23.216424942
0.999979317 0.004607502 0.004514350 0.485019624 -0.004619226 0.999986112 0.002589863 -0.682286263 -0.004502355 -0.002610663 0.999986410 23.719600677
0.999983191 0.004134099 0.004074361 0.497121543 -0.004140494 0.999990225 0.001562343 -0.691590190 -0.004067862 -0.001579187 0.999990463 24.251947403
0.999983370 0.004411630 0.003713895 0.507597208 -0.004420429 0.999987423 0.002364366 -0.715412974 -0.003703418 -0.002380744 0.999990284 24.791162491
0.999980628 0.005352966 0.003152985 0.517368138 -0.005360875 0.999982476 0.002505657 -0.726599097 -0.003139517 -0.002522512 0.999991894 25.330110550
0.999982893 0.005238151 0.002590948 0.523269296 -0.005244828 0.999982953 0.002577360 -0.742461801 -0.002577403 -0.002590905 0.999993324 25.877950668
0.999974608 0.006322677 0.003269064 0.527240157 -0.006330416 0.999977291 0.002362552 -0.752494276 -0.003254052 -0.002383187 0.999991894 26.435493469
0.999984384 0.005043297 0.002404237 0.538263619 -0.005050858 0.999982297 0.003149766 -0.774541020 -0.002388309 -0.003161861 0.999992132 26.984512329
0.999990702 0.004179708 0.001009004 0.560796857 -0.004182865 0.999986231 0.003147245 -0.791673064 -0.000995835 -0.003151436 0.999994516 27.532550812
0.999980688 0.006024666 0.001491983 0.569853425 -0.006028499 0.999978423 0.002578420 -0.809360147 -0.001476417 -0.002587365 0.999995589 28.090562820
0.999981999 0.005806166 0.001552649 0.572644711 -0.005810027 0.999980032 0.002493908 -0.805574596 -0.001538138 -0.002502884 0.999995649 28.644947052
0.999979079 0.006265467 0.001624344 0.593118787 -0.006270421 0.999975622 0.003062988 -0.845213771 -0.001605113 -0.003073110 0.999993980 29.192758560
0.999976695 0.006633795 0.001605007 0.597754717 -0.006638365 0.999973893 0.002858767 -0.855164886 -0.001586001 -0.002869355 0.999994636 29.746688843
0.999976337 0.006738957 0.001392842 0.609890997 -0.006743277 0.999972403 0.003120537 -0.876210868 -0.001371774 -0.003129855 0.999994159 30.275321960
0.999970436 0.007582711 0.001364093 0.618370831 -0.007587580 0.999964714 0.003599866 -0.890915751 -0.001336748 -0.003610109 0.999992669 30.825912476
0.999973536 0.007085132 0.001640912 0.639127433 -0.007090925 0.999968529 0.003553027 -0.914974153 -0.001615687 -0.003564569 0.999992371 31.368528366
0.999966919 0.007858849 0.002079351 0.635968506 -0.007864457 0.999965429 0.002702741 -0.913392544 -0.002058039 -0.002719005 0.999994159 31.921730042
0.999971628 0.007431295 0.001225476 0.668679357 -0.007435045 0.999967515 0.003084025 -0.940364361 -0.001202518 -0.003093049 0.999994516 32.465301514
0.999971986 0.007435699 0.000840387 0.676986933 -0.007438745 0.999965429 0.003682096 -0.955611765 -0.000812979 -0.003688245 0.999992907 33.016738892
0.999974668 0.007082180 0.000740648 0.694035947 -0.007084633 0.999969244 0.003361693 -0.971858919 -0.000716817 -0.003366855 0.999994099 33.560573578
0.999968529 0.007828768 0.001257886 0.694627404 -0.007833748 0.999961257 0.004003650 -0.986649036 -0.001226494 -0.004013379 0.999991179 34.124984741
0.999974132 0.007182812 0.000228365 0.722375989 -0.007183568 0.999968112 0.003496789 -1.003675342 -0.000203241 -0.003498339 0.999993861 34.642330170
0.999971926 0.007471527 0.000607362 0.726697624 -0.007473289 0.999967754 0.002953088 -1.011378169 -0.000585279 -0.002957544 0.999995530 35.199256897
0.999975920 0.006927826 -0.000319832 0.752454162 -0.006926700 0.999970317 0.003397834 -1.030451298 0.000343362 -0.003395538 0.999994159 35.730426788
0.999976635 0.006804512 -0.000671767 0.763417304 -0.006802119 0.999970734 0.003503848 -1.051261544 0.000695589 -0.003499196 0.999993622 36.268939972
0.999976456 0.006816735 -0.000797713 0.773464084 -0.006813563 0.999969184 0.003913888 -1.071046114 0.000824368 -0.003908361 0.999992013 36.819004059
0.999977648 0.006653251 -0.000676355 0.787884116 -0.006650757 0.999971330 0.003624347 -1.080641150 0.000700449 -0.003619768 0.999993205 37.359752655
0.999977410 0.006572784 -0.001397853 0.807736814 -0.006569060 0.999974787 0.002653420 -1.084697843 0.001415259 -0.002644178 0.999995530 37.916126251
0.999975860 0.006853046 -0.001268416 0.820785046 -0.006849199 0.999971986 0.003012103 -1.100877762 0.001289023 -0.003003342 0.999994636 38.440834045
0.999971747 0.007468884 -0.000832783 0.826800644 -0.007466473 0.999967992 0.002861449 -1.110376716 0.000854128 -0.002855151 0.999995530 38.995662689
0.999974310 0.007004059 -0.001529466 0.863608897 -0.006998172 0.999968231 0.003822761 -1.130832791 0.001556192 -0.003811960 0.999991536 39.534606934
0.999974906 0.006894988 -0.001653346 0.872023225 -0.006888215 0.999968052 0.004067810 -1.148454428 0.001681341 -0.004056320 0.999990344 40.083370209
0.999978423 0.006346701 -0.001648499 0.884255350 -0.006340911 0.999973774 0.003494285 -1.168205261 0.001670633 -0.003483756 0.999992549 40.633609772
0.999979317 0.006147580 -0.001817895 0.898377180 -0.006142044 0.999976516 0.003035688 -1.180926919 0.001836515 -0.003024460 0.999993742 41.179653168
0.999971211 0.007260960 -0.002186000 0.924638510 -0.007251567 0.999964595 0.004274322 -1.190232515 0.002216958 -0.004258347 0.999988496 41.699810028
0.999972284 0.007000217 -0.002548284 0.937283039 -0.006990213 0.999967992 0.003913448 -1.201478839 0.002575597 -0.003895527 0.999989092 42.251773834
0.999972582 0.007034301 -0.002345911 0.949407399 -0.007024185 0.999966145 0.004293277 -1.222756624 0.002376032 -0.004276680 0.999988079 42.779895782
0.999965191 0.007918734 -0.002602409 0.985098779 -0.007909136 0.999961972 0.003678422 -1.211467862 0.002631439 -0.003657712 0.999989867 43.339076996
0.999962926 0.008196164 -0.002627011 0.994181097 -0.008187638 0.999961257 0.003240085 -1.226876974 0.002653467 -0.003218456 0.999991357 43.882579803
0.999966204 0.007795481 -0.002611716 1.010055304 -0.007784779 0.999961495 0.004082715 -1.241813898 0.002643442 -0.004062246 0.999988258 44.396495819
0.999959648 0.008514449 -0.002863389 1.011368632 -0.008501612 0.999953926 0.004466090 -1.258842111 0.002901283 -0.004441567 0.999985993 44.940582275
0.999960542 0.008465442 -0.002691235 1.027681589 -0.008455743 0.999957800 0.003595541 -1.268972397 0.002721559 -0.003572642 0.999989867 45.495178223
0.999959290 0.008314127 -0.003518196 1.041843653 -0.008300775 0.999958396 0.003793118 -1.280082583 0.003549586 -0.003763760 0.999986589 46.040248871
0.999959171 0.008789523 -0.002101741 1.039420605 -0.008782120 0.999955297 0.003505568 -1.294485450 0.002132460 -0.003486967 0.999991655 46.565658569
0.999955714 0.009279038 -0.001590075 1.047579765 -0.009272859 0.999949574 0.003850541 -1.304863691 0.001625724 -0.003835626 0.999991357 47.120342255
0.999956906 0.008985043 -0.002335422 1.065598845 -0.008976388 0.999952853 0.003689848 -1.320415258 0.002368465 -0.003668725 0.999990463 47.633399963
0.999961793 0.008467095 -0.002171982 1.075531006 -0.008459453 0.999958098 0.003503560 -1.338710546 0.002201556 -0.003485053 0.999991477 48.168052673
0.999960721 0.008632461 -0.002013928 1.085520744 -0.008625153 0.999956310 0.003609325 -1.350328445 0.002044998 -0.003591813 0.999991477 48.691085815
0.999959648 0.008722456 -0.002144545 1.094078183 -0.008715642 0.999957085 0.003166532 -1.362081528 0.002172073 -0.003147713 0.999992728 49.239494324
0.999953032 0.009560226 -0.001681971 1.109252572 -0.009554538 0.999948740 0.003357816 -1.377217174 0.001713986 -0.003341587 0.999992967 49.762046814
0.999956191 0.009159467 -0.001943081 1.117552996 -0.009153401 0.999953210 0.003107812 -1.385154366 0.001971456 -0.003089890 0.999993265 50.289928436
0.999954820 0.009285202 -0.002031832 1.128776193 -0.009278466 0.999951482 0.003300212 -1.404193997 0.002062377 -0.003281211 0.999992490 50.821132660
0.999955475 0.009153891 -0.002265556 1.141698003 -0.009146154 0.999952376 0.003402767 -1.417029977 0.002296597 -0.003381895 0.999991596 51.355789185
0.999951005 0.009652428 -0.002189597 1.146884084 -0.009644912 0.999947667 0.003417616 -1.428003550 0.002222470 -0.003396330 0.999991775 51.889587402
0.999949574 0.009895265 -0.001688014 1.151993513 -0.009889995 0.999946237 0.003102593 -1.440436482 0.001718624 -0.003085742 0.999993742 52.429904938
0.999953330 0.009488323 -0.001811851 1.161401868 -0.009481881 0.999948800 0.003532832 -1.453501463 0.001845279 -0.003515487 0.999992132 52.968292236
0.999949992 0.009805156 -0.001966515 1.170355916 -0.009798461 0.999946177 0.003386108 -1.466787100 0.001999610 -0.003366669 0.999992311 53.516700745
0.999948204 0.010051884 -0.001608770 1.173716545 -0.010046583 0.999944150 0.003270603 -1.483200908 0.001641555 -0.003254271 0.999993384 54.065868378
0.999946296 0.010295081 -0.001204958 1.168713689 -0.010291280 0.999942183 0.003119677 -1.496254206 0.001237006 -0.003107110 0.999994338 54.616630554
0.999948800 0.010008298 -0.001558189 1.180960298 -0.010003546 0.999945343 0.003028758 -1.508589387 0.001588416 -0.003013015 0.999994218 55.166858673
0.999951899 0.009673109 -0.001593293 1.182874084 -0.009668712 0.999949515 0.002744492 -1.522518277 0.001619760 -0.002728955 0.999994934 55.745620728
0.999952495 0.009617521 -0.001561842 1.187287331 -0.009611763 0.999947131 0.003652527 -1.540377498 0.001596888 -0.003637342 0.999992073 56.290512085
0.999949694 0.009892967 -0.001628889 1.181764483 -0.009887548 0.999945641 0.003301059 -1.561778069 0.001661459 -0.003284787 0.999993205 56.836101532
0.999953091 0.009584699 -0.001415879 1.186077476 -0.009580154 0.999948978 0.003184385 -1.570685148 0.001446329 -0.003170671 0.999993920 57.375137329
0.999955237 0.009318697 -0.001611400 1.198768377 -0.009313419 0.999951303 0.003252666 -1.586561680 0.001641633 -0.003237512 0.999993443 57.926185608
0.999949396 0.009960668 -0.001420807 1.190679431 -0.009956884 0.999946952 0.002647180 -1.601755381 0.001447100 -0.002632899 0.999995410 58.476058960
0.999952495 0.009605877 -0.001680453 1.198791742 -0.009600763 0.999949276 0.003025996 -1.619302034 0.001709435 -0.003009718 0.999993980 59.011173248
0.999950767 0.009830937 -0.001350163 1.193902016 -0.009827029 0.999947608 0.002871208 -1.644221544 0.001378319 -0.002857798 0.999994993 59.571052551
0.999948919 0.010000311 -0.001470191 1.201871037 -0.009996224 0.999946237 0.002762627 -1.658080697 0.001497739 -0.002747789 0.999995053 60.125949860
0.999950171 0.009831375 -0.001769259 1.212370038 -0.009827247 0.999949038 0.002327492 -1.665950418 0.001792051 -0.002309989 0.999995708 60.682498932
0.999940217 0.010897323 -0.000910329 1.197564840 -0.010894766 0.999936819 0.002766658 -1.684121132 0.000940420 -0.002756575 0.999995708 61.220981598
0.999945998 0.010368194 -0.000613547 1.204133868 -0.010366592 0.999942899 0.002563910 -1.693080187 0.000640096 -0.002557411 0.999996543 61.771007538
0.999946892 0.010256569 -0.000935567 1.212477326 -0.010253959 0.999943614 0.002752546 -1.708492994 0.000963746 -0.002742806 0.999995887 62.317138672
0.999939382 0.011012299 -0.000120353 1.198578596 -0.011011977 0.999936461 0.002402217 -1.730847239 0.000146799 -0.002400746 0.999997079 62.863750458
0.999936581 0.011255663 -0.000217613 1.206515193 -0.011255109 0.999933720 0.002392774 -1.743521094 0.000244531 -0.002390173 0.999997139 63.400718689
0.999933124 0.011557572 -0.000268786 1.215327978 -0.011556827 0.999929786 0.002615540 -1.768680573 0.000298996 -0.002612259 0.999996483 63.925556183
0.999933004 0.011573164 -0.000204715 1.230041862 -0.011572581 0.999929547 0.002638951 -1.782346487 0.000235241 -0.002636406 0.999996424 64.456169128
0.999939203 0.011018327 -0.000107751 1.232544303 -0.011018002 0.999935806 0.002647904 -1.795474052 0.000136920 -0.002646556 0.999996483 64.992942810
0.999939680 0.010980287 -0.000185076 1.241660237 -0.010979828 0.999936998 0.002321386 -1.806710601 0.000210553 -0.002319213 0.999997318 65.539352417
0.999939024 0.011031173 -0.000417811 1.255237222 -0.011030246 0.999936819 0.002158249 -1.818158150 0.000441593 -0.002153509 0.999997556 66.060493469
0.999941230 0.010841149 -0.000247530 1.261746168 -0.010840609 0.999939084 0.002089388 -1.830738902 0.000270166 -0.002086581 0.999997795 66.600746155
0.999942958 0.010680416 -0.000175691 1.279273510 -0.010680049 0.999940991 0.001978860 -1.851106048 0.000196815 -0.001976870 0.999998033 67.144569397
0.999947011 0.010289961 -0.000351463 1.292200208 -0.010289354 0.999945641 0.001687710 -1.861222625 0.000368810 -0.001684005 0.999998510 67.682868958
0.999950826 0.009895093 -0.000613697 1.304551840 -0.009894063 0.999949694 0.001658854 -1.878587842 0.000630081 -0.001652701 0.999998450 68.219680786
0.999943435 0.010625512 -0.000479052 1.309912443 -0.010624660 0.999941945 0.001750898 -1.895607233 0.000497628 -0.001745710 0.999998271 68.750579834
0.999936640 0.011245645 -0.000471280 1.315099001 -0.011244576 0.999934316 0.002208041 -1.910981774 0.000496080 -0.002202601 0.999997437 69.279312134
0.999927700 0.012020782 0.000296102 1.321484566 -0.012021305 0.999926090 0.001831963 -1.924072385 -0.000274059 -0.001835390 0.999998271 69.833389282
0.999937952 0.011134050 -0.000155863 1.343203664 -0.011133690 0.999935746 0.002137278 -1.949351668 0.000179649 -0.002135410 0.999997675 70.363624573
0.999927700 0.012018046 0.000336739 1.341383934 -0.012018760 0.999925256 0.002202885 -1.952521205 -0.000310239 -0.002206773 0.999997556 70.936172485
0.999942720 0.010703317 -0.000203174 1.356845021 -0.010702853 0.999940336 0.002164516 -1.981252313 0.000226330 -0.002162217 0.999997616 71.461540222
0.999947965 0.010199963 -0.000066900 1.358683467 -0.010199795 0.999945641 0.002161525 -1.999220133 0.000088944 -0.002160731 0.999997675 72.013893127
0.999939144 0.011022273 0.000496896 1.362570524 -0.011023306 0.999936998 0.002127984 -2.011071920 -0.000473409 -0.002133331 0.999997616 72.537155151
0.999945700 0.010420392 0.000242811 1.377411366 -0.010420918 0.999943078 0.002277878 -2.031209230 -0.000219061 -0.002280285 0.999997377 73.056030273
0.999947548 0.010240540 0.000050057 1.386290908 -0.010240621 0.999945581 0.001992085 -2.043840408 -0.000029654 -0.001992493 0.999998033 73.575012207
0.999948084 0.010183439 -0.000147809 1.400908709 -0.010183155 0.999946475 0.001816410 -2.066042423 0.000166299 -0.001814810 0.999998331 74.101371765
0.999942422 0.010730101 -0.000014305 1.410140872 -0.010730051 0.999940395 0.002029764 -2.073864460 0.000036083 -0.002029493 0.999997973 74.655754089
0.999952197 0.009777133 -0.000187888 1.422256947 -0.009776750 0.999950290 0.001943435 -2.097316742 0.000206880 -0.001941505 0.999998093 75.130851746
0.999948323 0.010166246 0.000016758 1.430901051 -0.010166259 0.999946594 0.001843198 -2.115035295 0.000001980 -0.001843274 0.999998271 75.656059265
0.999953449 0.009633183 -0.000486758 1.442625046 -0.009632332 0.999952078 0.001720979 -2.133244038 0.000503313 -0.001716210 0.999998391 76.175979614
0.999952734 0.009718546 -0.000314625 1.451077342 -0.009717930 0.999951005 0.001896865 -2.149337769 0.000333044 -0.001893717 0.999998152 76.746307373
0.999947071 0.010284699 0.000075068 1.459650636 -0.010284781 0.999946415 0.001218716 -2.159656048 -0.000062531 -0.001219424 0.999999285 77.287185669
0.999955833 0.009391350 -0.000388113 1.477795124 -0.009390475 0.999953508 0.002186932 -2.175462723 0.000408633 -0.002183191 0.999997556 77.832687378
0.999961972 0.008695211 -0.000691325 1.497285247 -0.008694062 0.999960840 0.001648124 -2.192906857 0.000705628 -0.001642051 0.999998331 78.364204407
0.999961495 0.008735487 -0.000843983 1.509956479 -0.008733763 0.999959826 0.002027512 -2.203227520 0.000861660 -0.002020063 0.999997556 78.918151855
0.999960780 0.008786919 -0.001083209 1.524174452 -0.008784793 0.999959528 0.001951837 -2.220162392 0.001100316 -0.001942244 0.999997497 79.442184448
0.999961078 0.008750795 -0.001053992 1.539932251 -0.008748791 0.999959946 0.001890740 -2.236886263 0.001070495 -0.001881445 0.999997616 79.963920593
0.999963343 0.008558722 -0.000114767 1.552286506 -0.008558490 0.999961615 0.001887958 -2.252382278 0.000130921 -0.001886907 0.999998152 80.494377136
0.999959767 0.008859384 0.001341988 1.561104774 -0.008861209 0.999959767 0.001360164 -2.266306877 -0.001329883 -0.001372000 0.999998152 81.028419495
0.999960363 0.008682245 0.001963728 1.580483675 -0.008685575 0.999960780 0.001692902 -2.283586979 -0.001948953 -0.001709891 0.999996603 81.537513733
0.999953330 0.009080741 0.003292503 1.589469433 -0.009086139 0.999957323 0.001628429 -2.295538902 -0.003277576 -0.001658269 0.999993265 82.089569092
0.999944866 0.008350641 0.006356033 1.609400272 -0.008360492 0.999963999 0.001524956 -2.315067768 -0.006343069 -0.001578012 0.999978662 82.624198914
0.999909401 0.008759565 0.010218121 1.624432325 -0.008777309 0.999960065 0.001693238 -2.326867819 -0.010202881 -0.001782772 0.999946356 83.178817749
0.999875903 0.008795219 0.013071253 1.649872661 -0.008821931 0.999959111 0.001987296 -2.346992731 -0.013053238 -0.002102363 0.999912620 83.707717896
0.999818504 0.008664407 0.016962612 1.671796799 -0.008697310 0.999960363 0.001866793 -2.364173651 -0.016945764 -0.002013983 0.999854386 84.253814697
0.999698102 0.008841882 0.022924384 1.702096701 -0.008892626 0.999958217 0.002112574 -2.385346889 -0.022904748 -0.002315794 0.999734998 84.778297424
0.999545395 0.008606917 0.028893052 1.736801386 -0.008660673 0.999961019 0.001735840 -2.401072502 -0.028876983 -0.001985284 0.999580979 85.309143066
0.999349356 0.008995938 0.034928415 1.767405152 -0.009074680 0.999956608 0.002096531 -2.418179989 -0.034908041 -0.002412132 0.999387622 85.862487793
0.999014914 0.009551446 0.043335512 1.807953477 -0.009656596 0.999950826 0.002217738 -2.436363459 -0.043312199 -0.002634027 0.999058127 86.418968201
0.998631418 0.008929452 0.051532641 1.853004456 -0.009012478 0.999958396 0.001378966 -2.446372747 -0.051518183 -0.001841515 0.998670340 86.960800171
0.998247623 0.008392560 0.058577064 1.904179096 -0.008506828 0.999962389 0.001701614 -2.460116386 -0.058560576 -0.002196937 0.998281419 87.511528015
0.997680128 0.008495982 0.067545794 1.951109409 -0.008632417 0.999961197 0.001728264 -2.478422642 -0.067528501 -0.002307337 0.997714698 88.053337097
0.997004151 0.008537268 0.076875724 2.026580334 -0.008684516 0.999961019 0.001581285 -2.493510723 -0.076859221 -0.002244177 0.997039378 88.587905884
0.996249735 0.008123201 0.086142033 2.088808060 -0.008277373 0.999964714 0.001432738 -2.510212183 -0.086127348 -0.002140394 0.996281981 89.151840210
0.995635092 0.007443991 0.093033932 2.158621311 -0.007599331 0.999970257 0.001315553 -2.529883146 -0.093021370 -0.002016806 0.995662093 89.695335388
0.994657218 0.007453945 0.102963060 2.240405560 -0.007624116 0.999970138 0.001259278 -2.545363665 -0.102950595 -0.002037553 0.994684398 90.221092224
0.993560255 0.006614655 0.113111153 2.325129509 -0.006836433 0.999975383 0.001572923 -2.571273804 -0.113097958 -0.002336070 0.993581116 90.795974731
0.992453754 0.006039047 0.122470826 2.417241096 -0.006218410 0.999980092 0.001082364 -2.589649916 -0.122461841 -0.001835771 0.992471457 91.361068726
0.990965545 0.005613112 0.133999482 2.509334564 -0.005772340 0.999983072 0.000799805 -2.604130983 -0.133992717 -0.001566069 0.990981042 91.896575928
0.989137292 0.006395659 0.146855310 2.615649223 -0.006657712 0.999976993 0.001292965 -2.621588469 -0.146843657 -0.002256640 0.989157140 92.510803223
0.987536669 0.005295350 0.157300249 2.720733643 -0.005431604 0.999985158 0.000436342 -2.607525587 -0.157295629 -0.001285296 0.987550735 93.044700623
0.985715985 0.005772506 0.168316826 2.840415001 -0.006039374 0.999981165 0.001073633 -2.651417017 -0.168307483 -0.002074826 0.985732377 93.627334595
0.983369291 0.006062963 0.181515962 2.946019173 -0.006400900 0.999978781 0.001276006 -2.672345877 -0.181504369 -0.002416651 0.983387113 94.123840332
0.981093764 0.005319255 0.193460047 3.097242355 -0.005614320 0.999983788 0.000976973 -2.687906742 -0.193451703 -0.002044648 0.981107652 94.725357056
0.978974998 0.004826623 0.203922540 3.215491295 -0.005144263 0.999986172 0.001027588 -2.693442345 -0.203914791 -0.002055014 0.978986442 95.229858398
0.976205051 0.005195539 0.216787726 3.375749588 -0.005528539 0.999984264 0.000929621 -2.725077629 -0.216779485 -0.002106020 0.976218343 95.813285828
0.973233879 0.004087034 0.229780674 3.526412964 -0.004206353 0.999991179 0.000029460 -2.734459162 -0.229778498 -0.000995210 0.973242462 96.345703125
0.970589757 0.003240075 0.240717679 3.680524826 -0.003318442 0.999994516 -0.000079809 -2.749613047 -0.240716591 -0.000721346 0.970595181 96.860588074
0.967741191 0.003298135 0.251924813 3.863115311 -0.003734297 0.999992251 0.001253243 -2.803404331 -0.251918703 -0.002153577 0.967746019 97.400596619
0.964052677 0.004310889 0.265676022 4.028980255 -0.005059842 0.999984920 0.002134667 -2.823669195 -0.265662760 -0.003402210 0.964060068 97.918785095
0.960626364 0.003649738 0.277819842 4.222690582 -0.004310846 0.999989152 0.001768818 -2.847602844 -0.277810395 -0.002896811 0.960631549 98.492889404
0.957186103 0.003554571 0.289451331 4.405368805 -0.004280047 0.999989033 0.001873440 -2.862558842 -0.289441526 -0.003032096 0.957190931 99.016967773
0.952883363 0.003068961 0.303321302 4.604269028 -0.003806994 0.999991059 0.001841901 -2.883837223 -0.303313017 -0.002909859 0.952886522 99.560806274
0.948396206 0.002397952 0.317078590 4.772132874 -0.003140131 0.999993324 0.001829680 -2.878106833 -0.317072123 -0.002730929 0.948397517 100.008796692
0.944521844 0.002449893 0.328439474 5.023202896 -0.003127973 0.999993920 0.001536235 -2.913563728 -0.328433722 -0.002478357 0.944523752 100.651733398
0.939920187 0.001716849 0.341389686 5.237741470 -0.002292615 0.999996543 0.001283086 -2.927467823 -0.341386288 -0.001988674 0.939920962 101.162475586
0.934537768 0.001256365 0.355861753 5.470495224 -0.001978209 0.999996662 0.001664551 -2.954239607 -0.355858356 -0.002259554 0.934537113 101.702842712
0.929748356 0.000655560 0.368194997 5.696449280 -0.001474549 0.999997079 0.001942995 -2.976052999 -0.368192643 -0.002349418 0.929746568 102.204292297
0.925129771 -0.000206406 0.379650861 5.922241211 -0.000510953 0.999998271 0.001788759 -2.992371798 -0.379650474 -0.001848818 0.925128162 102.706596375
0.919368923 -0.000971027 0.393395305 6.212158203 0.000345788 0.999998569 0.001660209 -3.014746428 -0.393396378 -0.001390313 0.919367909 103.283187866
0.913418889 -0.000746199 0.407020152 6.456573486 -0.000353374 0.999996543 0.002626341 -3.032181740 -0.407020748 -0.002542780 0.913415313 103.781311035
0.908393562 -0.000857880 0.418115318 6.693332672 -0.000331674 0.999996126 0.002772362 -3.052323103 -0.418116093 -0.002657074 0.908389747 104.245521545
0.903017342 -0.002635716 0.429595947 7.001480103 0.001950321 0.999995947 0.002035708 -3.071902990 -0.429599673 -0.001000430 0.903018892 104.813369751
0.896508753 -0.003201695 0.443014383 7.266075134 0.002623475 0.999994636 0.001918017 -3.086446524 -0.443018168 -0.000557282 0.896512508 105.298660278
0.890516639 -0.003098011 0.454940110 7.538131714 0.002524478 0.999995053 0.001868173 -3.100210190 -0.454943657 -0.000515153 0.890520096 105.782760620
0.884662151 -0.005717121 0.466197789 7.842556000 0.005392557 0.999983311 0.002030117 -3.126853228 -0.466201752 0.000718030 0.884678125 106.303146362
0.877258480 -0.004271274 0.479999244 8.130210876 0.003414196 0.999990582 0.002658549 -3.151403904 -0.480006099 -0.000693423 0.877264857 106.771392822
