1.000000000 0.000000000 0.000000000 0.000000000 0.000000000 1.000000000 0.000000000 0.000000000 0.000000000 0.000000000 1.000000000 0.000000000
0.999999940 -0.000262882 0.000033707 0.000375051 0.000262881 0.999999940 0.000035331 0.000288525 -0.000033716 -0.000035322 1.000000000 0.000072668
1.000000000 -0.000103895 0.000178879 -0.000878138 0.000103864 1.000000000 0.000171133 -0.000506190 -0.000178897 -0.000171115 0.999999940 0.000106094
1.000000000 0.000025808 0.000067549 -0.000116786 -0.000025814 1.000000000 0.000090017 -0.000060079 -0.000067547 -0.000090018 1.000000000 0.000093997
1.000000000 -0.000009502 0.000064513 -0.000068899 0.000009496 1.000000000 0.000088806 -0.000803448 -0.000064514 -0.000088806 1.000000000 -0.000093093
0.999999940 -0.000252129 0.000082655 0.000004493 0.000252127 0.999999940 0.000025534 -0.000066054 -0.000082662 -0.000025513 1.000000000 -0.001037530
0.999999881 -0.000404665 0.000138730 -0.000556856 0.000404661 0.999999940 0.000026097 0.000174361 -0.000138741 -0.000026041 1.000000000 0.000971956
0.999999940 -0.000295851 0.000090426 0.000683028 0.000295840 0.999999940 0.000118840 -0.000277056 -0.000090461 -0.000118814 1.000000000 0.001196418
1.000000000 -0.000135941 0.000090401 0.000116730 0.000135939 1.000000000 0.000016486 0.000819534 -0.000090403 -0.000016473 1.000000000 0.001037782
1.000000000 0.000062061 0.000159819 -0.000895228 -0.000062057 1.000000000 -0.000027429 -0.000028823 -0.000159821 0.000027419 1.000000000 -0.000761901
1.000000000 -0.000211694 0.000090405 0.001431626 0.000211695 1.000000000 -0.000004501 0.000548999 -0.000090404 0.000004520 1.000000000 0.000306914
1.000000000 -0.000088201 -0.000014101 0.001486056 0.000088201 1.000000000 -0.000000237 -0.000643819 0.000014101 0.000000236 1.000000000 -0.001180218
1.000000000 -0.000133485 0.000040801 0.000993941 0.000133488 1.000000000 -0.000068108 0.000963350 -0.000040792 0.000068114 1.000000000 0.001040728
1.000000000 -0.000177977 0.000066289 -0.000146159 0.000177974 1.000000000 0.000037364 0.000650769 -0.000066296 -0.000037352 1.000000000 0.000181642
1.000000000 0.000143857 0.000109574 -0.000505247 -0.000143841 1.000000000 -0.000151253 0.001507241 -0.000109596 0.000151237 1.000000000 0.000737689
1.000000000 -0.000204524 -0.000001213 0.001051052 0.000204524 0.999999940 0.000143201 0.000188440 0.000001184 -0.000143201 1.000000000 0.000433885
0.999999940 -0.000409499 -0.000005576 0.000368748 0.000409500 0.999999881 0.000171636 -0.000325918 0.000005505 -0.000171638 1.000000000 -0.000444664
0.999999940 -0.000257232 0.000068798 0.000218686 0.000257224 0.999999940 0.000109062 -0.000830268 -0.000068826 -0.000109045 1.000000000 -0.001183661
1.000000000 0.000054081 0.000101066 -0.000042812 -0.000054087 1.000000000 0.000063801 -0.000139048 -0.000101062 -0.000063806 1.000000000 -0.001081463
0.999999940 0.000270269 -0.000031249 0.000121228 -0.000270265 0.999999940 0.000129705 -0.000458203 0.000031284 -0.000129697 1.000000000 -0.000549319
1.000000000 -0.000148811 -0.000064954 0.001089069 0.000148822 1.000000000 0.000154725 -0.000138531 0.000064931 -0.000154735 1.000000000 -0.000521574
1.000000000 -0.000044601 0.000066987 -0.000085766 0.000044593 1.000000000 0.000116194 -0.000409517 -0.000066993 -0.000116191 1.000000000 -0.000276415
1.000000000 -0.000140184 0.000024716 0.000622111 0.000140180 1.000000000 0.000146270 -0.000582762 -0.000024736 -0.000146267 1.000000000 -0.001194435
1.000000000 -0.000172308 0.000050002 0.001303550 0.000172307 1.000000000 0.000019129 0.000605286 -0.000050006 -0.000019121 1.000000000 0.000988637
1.000000000 0.000111845 0.000105207 -0.000452891 -0.000111851 1.000000000 0.000057735 0.000271432 -0.000105200 -0.000057747 1.000000000 0.000664210
1.000000000 -0.000094860 -0.000014206 0.001843333 0.000094861 1.000000000 0.000102924 0.000278870 0.000014196 -0.000102925 1.000000000 -0.001107140
0.999999940 -0.000292468 0.000057988 0.000732761 0.000292463 0.999999940 0.000085781 -0.000714793 -0.000058013 -0.000085764 1.000000000 -0.001382139
0.999999940 -0.000273381 -0.000028288 0.000287149 0.000273383 0.999999940 0.000079565 -0.001118753 0.000028266 -0.000079573 1.000000000 -0.001900520
1.000000000 0.000171552 0.000157869 -0.000556874 -0.000171588 0.999999940 0.000229232 -0.000560670 -0.000157829 -0.000229259 0.999999940 0.001282576
1.000000000 -0.000098087 0.000005303 0.000446040 0.000098086 1.000000000 0.000177781 -0.000745805 -0.000005321 -0.000177781 1.000000000 -0.000063836
0.999999940 -0.000301294 0.000163663 -0.000185484 0.000301280 0.999999940 0.000084791 -0.000678679 -0.000163689 -0.000084742 1.000000000 -0.000160297
0.999999940 -0.000309479 0.000079219 0.000048463 0.000309469 0.999999940 0.000126697 -0.000965833 -0.000079258 -0.000126673 1.000000000 -0.000551165
1.000000000 0.000076261 0.000030732 0.000062978 -0.000076268 1.000000000 0.000225660 -0.001789997 -0.000030715 -0.000225663 1.000000000 -0.002251340
1.000000000 -0.000031856 0.000119856 -0.000133704 0.000031860 1.000000000 -0.000029739 -0.000169303 -0.000119856 0.000029743 1.000000000 -0.001078210
1.000000000 -0.000171987 0.000057370 0.000571473 0.000171986 1.000000000 0.000008268 0.000092125 -0.000057372 -0.000008259 1.000000000 -0.001032955
1.000000000 0.000044024 0.000093571 -0.000761265 -0.000044034 1.000000000 0.000103646 -0.000279957 -0.000093567 -0.000103650 1.000000000 -0.001311958
0.999999940 -0.000221824 0.000136430 -0.000251103 0.000221825 1.000000000 -0.000011286 0.000949906 -0.000136428 0.000011317 1.000000000 -0.000547616
1.000000000 -0.000196754 0.000062614 0.000250595 0.000196744 0.999999940 0.000163503 -0.000140936 -0.000062646 -0.000163490 1.000000000 0.001044826
1.000000000 -0.000090663 0.000106114 -0.000151307 0.000090641 1.000000000 0.000205877 -0.001808441 -0.000106132 -0.000205867 1.000000000 -0.001612957
1.000000000 0.000058079 0.000164376 -0.001049445 -0.000058100 1.000000000 0.000130622 -0.000369544 -0.000164368 -0.000130632 1.000000000 -0.000829896
0.999999940 0.000062775 0.000253590 -0.000561284 -0.000062722 1.000000000 -0.000210602 0.001365805 -0.000253603 0.000210586 0.999999940 0.001763332
1.000000000 -0.000015841 0.000130623 0.001256583 0.000015916 0.999999821 -0.000574393 -0.002030449 -0.000130614 0.000574395 0.999999821 0.050808191
0.999999940 -0.000235026 -0.000077724 0.003376852 0.000234939 0.999999344 -0.001123450 -0.004383813 0.000077988 0.001123432 0.999999344 0.139301375
0.999999821 0.000573876 0.000103884 0.004645898 -0.000573714 0.999998629 -0.001551823 -0.006490082 -0.000104775 0.001551764 0.999998748 0.254858524
0.999999881 0.000094280 0.000257125 0.007166870 -0.000093960 0.999999225 -0.001246084 -0.010067957 -0.000257242 0.001246060 0.999999106 0.383350760
0.999999940 0.000043075 0.000367471 0.009499067 -0.000042594 0.999999166 -0.001310732 -0.013477382 -0.000367527 0.001310716 0.999999046 0.520286322
0.999999940 -0.000087786 0.000189284 0.013366790 0.000088047 0.999999046 -0.001379875 -0.018414721 -0.000189162 0.001379892 0.999998987 0.670557141
0.999999762 0.000622925 0.000284712 0.015750593 -0.000622600 0.999999166 -0.001140604 -0.022118857 -0.000285423 0.001140427 0.999999285 0.837262571
0.999999821 0.000510568 0.000240430 0.019445615 -0.000510306 0.999999225 -0.001089947 -0.025687056 -0.000240987 0.001089824 0.999999285 1.006705999
0.999999702 0.000666811 0.000081193 0.020715749 -0.000666702 0.999998868 -0.001339078 -0.033720203 -0.000082085 0.001339024 0.999999106 1.172965288
0.999999762 0.000658197 0.000159712 0.024390040 -0.000657985 0.999998868 -0.001322398 -0.036778767 -0.000160582 0.001322292 0.999999106 1.362922192
0.999999881 -0.000071501 0.000364224 0.026151219 0.000071875 0.999999404 -0.001026383 -0.036851939 -0.000364150 0.001026409 0.999999404 1.564898849
0.999999821 -0.000439646 0.000294327 0.032028351 0.000439881 0.999999583 -0.000799455 -0.039765179 -0.000293975 0.000799585 0.999999642 1.768330455
1.000000000 -0.000025979 -0.000075127 0.038246147 0.000025974 0.999999940 -0.000075965 -0.059563182 0.000075129 0.000075963 0.999999940 1.950716496
0.999999881 -0.000368753 0.000398224 0.039970774 0.000368949 0.999999762 -0.000491839 -0.063425221 -0.000398043 0.000491986 0.999999762 2.158169985
0.999999940 -0.000134852 0.000449479 0.044132639 0.000135104 0.999999821 -0.000559235 -0.067823797 -0.000449404 0.000559296 0.999999762 2.375071049
0.999999881 -0.000150966 0.000421818 0.057293087 0.000151136 0.999999821 -0.000401942 -0.073771827 -0.000421758 0.000402006 0.999999821 2.602507830
1.000000000 0.000036929 0.000205430 0.063482553 -0.000036880 0.999999940 -0.000239422 -0.081258133 -0.000205439 0.000239415 0.999999940 2.833554745
0.999999523 0.000946906 0.000093474 0.063621998 -0.000946911 0.999999523 0.000046778 -0.087974533 -0.000093429 -0.000046866 1.000000000 3.074750185
0.999999762 -0.000612060 0.000212129 0.066209808 0.000612169 0.999999702 -0.000513991 -0.086899705 -0.000211814 0.000514121 0.999999762 3.320592642
0.999999940 0.000171748 0.000051177 0.075771339 -0.000171701 0.999999583 -0.000912627 -0.089886628 -0.000051334 0.000912618 0.999999583 3.560512543
0.999999881 -0.000495066 -0.000131384 0.081072189 0.000494980 0.999999702 -0.000657959 -0.098613471 0.000131709 0.000657894 0.999999762 3.808707714
0.999999344 -0.001028485 -0.000365174 0.088090368 0.001028194 0.999999106 -0.000795132 -0.104834579 0.000365991 0.000794756 0.999999642 4.081486702
0.999999225 -0.001216589 0.000002120 0.090125300 0.001216588 0.999999166 0.000213962 -0.120254502 -0.000002381 -0.000213960 1.000000000 4.337772369
0.999998987 -0.001390630 0.000082071 0.096261084 0.001390622 0.999998987 0.000093968 -0.127483800 -0.000082201 -0.000093853 1.000000000 4.594699860
0.999998212 -0.001856216 0.000264958 0.103745542 0.001856183 0.999998212 0.000127065 -0.134857923 -0.000265193 -0.000126573 1.000000000 4.855033398
0.999999821 -0.000496349 -0.000268316 0.115893163 0.000496438 0.999999821 0.000331585 -0.135981262 0.000268151 -0.000331718 0.999999881 5.117310047
0.999999762 -0.000729057 -0.000060053 0.121078894 0.000729068 0.999999702 0.000180342 -0.149907202 0.000059922 -0.000180385 1.000000000 5.355522633
0.999999940 -0.000362169 0.000023798 0.124782704 0.000362163 0.999999881 0.000243807 -0.155921012 -0.000023886 -0.000243798 1.000000000 5.629146576
0.999999464 -0.001025317 -0.000157628 0.126155093 0.001025444 0.999999106 0.000806144 -0.174143404 0.000156802 -0.000806305 0.999999583 5.893981457
0.999999583 -0.000826873 -0.000331460 0.133300960 0.000827096 0.999999404 0.000672150 -0.179280236 0.000330905 -0.000672423 0.999999642 6.172228336
0.999999642 -0.000681364 -0.000523850 0.146437198 0.000681741 0.999999523 0.000720679 -0.190903202 0.000523359 -0.000721036 0.999999583 6.457163334
0.999999702 -0.000451829 -0.000584934 0.159546241 0.000452200 0.999999702 0.000633825 -0.201890111 0.000584648 -0.000634089 0.999999642 6.744170189
1.000000000 -0.000090862 -0.000131723 0.160937861 0.000090889 1.000000000 0.000206713 -0.208099470 0.000131704 -0.000206725 1.000000000 7.033139706
0.999998808 -0.001251671 -0.000876009 0.171649933 0.001252913 0.999998212 0.001419263 -0.225941151 0.000874231 -0.001420359 0.999998629 7.335118771
0.999998987 -0.001112127 -0.000830127 0.182185024 0.001112711 0.999999046 0.000702212 -0.224979952 0.000829345 -0.000703135 0.999999404 7.649121761
0.999999940 0.000187641 0.000247598 0.170693547 -0.000187854 0.999999762 0.000858671 -0.240922078 -0.000247437 -0.000858718 0.999999583 7.950901031
0.999999940 -0.000252657 -0.000111867 0.185481220 0.000252768 0.999999464 0.000991946 -0.241283372 0.000111617 -0.000991974 0.999999464 8.284796715
0.999999642 -0.000545830 -0.000528453 0.197212189 0.000546759 0.999998331 0.001759234 -0.271016836 0.000527491 -0.001759523 0.999998271 8.588649750
0.999999583 -0.000835081 0.000350914 0.193151176 0.000834607 0.999998748 0.001348675 -0.270004362 -0.000352040 -0.001348382 0.999999046 8.936888695
0.999999821 -0.000536616 0.000332107 0.199590787 0.000536312 0.999999404 0.000915276 -0.270105779 -0.000332598 -0.000915098 0.999999464 9.260858536
0.999999881 -0.000386440 0.000081197 0.206471100 0.000386375 0.999999583 0.000801941 -0.281638891 -0.000081507 -0.000801909 0.999999702 9.631621361
0.999999821 -0.000486006 0.000307510 0.212301269 0.000485733 0.999999464 0.000887829 -0.291723877 -0.000307941 -0.000887679 0.999999583 9.971237183
1.000000000 -0.000024515 0.000150669 0.223169073 0.000024425 0.999999821 0.000601208 -0.296747565 -0.000150684 -0.000601204 0.999999821 10.327342033
0.999999404 -0.001099249 -0.000085433 0.233417213 0.001099365 0.999998569 0.001373392 -0.317846179 0.000083923 -0.001373485 0.999999046 10.682652473
0.999999821 -0.000567335 -0.000107428 0.239592046 0.000567448 0.999999225 0.001055181 -0.319752932 0.000106829 -0.001055242 0.999999464 11.059192657
0.999999523 0.000080299 0.000939745 0.242431641 -0.000081299 0.999999404 0.001063770 -0.332283378 -0.000939659 -0.001063846 0.999998927 11.411759377
0.999999821 -0.000496489 0.000185257 0.259669840 0.000496293 0.999999285 0.001058378 -0.342610091 -0.000185783 -0.001058285 0.999999404 11.801074028
0.999999702 -0.000762538 0.000042647 0.269492090 0.000762477 0.999998689 0.001412892 -0.358562678 -0.000043725 -0.001412859 0.999998987 12.187209129
0.999999881 -0.000376672 0.000082287 0.276118636 0.000376571 0.999999106 0.001233243 -0.365120262 -0.000082752 -0.001233212 0.999999225 12.577966690
0.999999344 -0.000987260 0.000470610 0.275987059 0.000986495 0.999998212 0.001621844 -0.380421579 -0.000472211 -0.001621379 0.999998569 12.951697350
0.999999881 -0.000355417 0.000395309 0.280921221 0.000354731 0.999998450 0.001734717 -0.393971920 -0.000395924 -0.001734577 0.999998391 13.348721504
0.999999940 -0.000041032 0.000332380 0.291981161 0.000040509 0.999998748 0.001573071 -0.403193265 -0.000332444 -0.001573057 0.999998689 13.766008377
0.999999762 -0.000450999 0.000545965 0.303416193 0.000450202 0.999998808 0.001457868 -0.408247262 -0.000546622 -0.001457622 0.999998808 14.190509796
0.999999702 -0.000326220 0.000713867 0.310579389 0.000325270 0.999999046 0.001330018 -0.423001587 -0.000714301 -0.001329785 0.999998868 14.603446007
0.999999046 -0.000493114 0.001265754 0.317560941 0.000490352 0.999997497 0.002181672 -0.441856474 -0.001266826 -0.002181050 0.999996841 15.026401520
0.999998868 -0.000809399 0.001235410 0.328710377 0.000807408 0.999998391 0.001611312 -0.450000584 -0.001236713 -0.001610312 0.999997854 15.457262039
0.999997377 -0.000757653 0.002170284 0.331352711 0.000753050 0.999997497 0.002121107 -0.467916429 -0.002171886 -0.002119467 0.999995351 15.890302658
0.999997199 -0.000806483 0.002237026 0.344733179 0.000802031 0.999997675 0.001990415 -0.477233946 -0.002238626 -0.001988615 0.999995530 16.325441360
0.999997139 -0.000874852 0.002277920 0.349155605 0.000871059 0.999998212 0.001665571 -0.486938894 -0.002279373 -0.001663581 0.999996006 16.778030396
0.999995708 -0.001498951 0.002502242 0.362732708 0.001495008 0.999997616 0.001576887 -0.499401748 -0.002504601 -0.001573140 0.999995649 17.221118927
0.999995708 -0.000605335 0.002845403 0.366489887 0.000600207 0.999998212 0.001802589 -0.510293067 -0.002846488 -0.001800873 0.999994338 17.681348801
0.999995232 -0.000412750 0.003049982 0.376808792 0.000406674 0.999997914 0.001992645 -0.526181936 -0.003050798 -0.001991395 0.999993324 18.148607254
0.999993861 -0.001420046 0.003209823 0.392391115 0.001414587 0.999997497 0.001702337 -0.535508156 -0.003212231 -0.001697785 0.999993384 18.613964081
0.999994755 -0.001416774 0.002912157 0.404424220 0.001409137 0.999995530 0.002622795 -0.557559192 -0.002915861 -0.002618678 0.999992311 19.071769714
0.999992907 -0.000874313 0.003654645 0.409712255 0.000865998 0.999997020 0.002276020 -0.569044828 -0.003656624 -0.002272839 0.999990761 19.592332840
0.999994099 -0.001060543 0.003273172 0.429516345 0.001050565 0.999994814 0.003048506 -0.586422920 -0.003276387 -0.003045049 0.999989986 20.048715591
0.999994457 -0.000636231 0.003259232 0.439993173 0.000627269 0.999996126 0.002749753 -0.599075079 -0.003260968 -0.002747694 0.999990880 20.541864395
0.999994934 -0.001590451 0.002756171 0.460996360 0.001582088 0.999994159 0.003033997 -0.615829110 -0.002760981 -0.003029621 0.999991596 21.028972626
0.999995947 -0.001072749 0.002626836 0.463314921 0.001066179 0.999996305 0.002501217 -0.620783985 -0.002629510 -0.002498406 0.999993384 21.549602509
0.999996603 -0.001455795 0.002151639 0.474054039 0.001448988 0.999993920 0.003161544 -0.639602005 -0.002156229 -0.003158416 0.999992669 22.059886932
0.999997795 -0.000353763 0.002057026 0.477030277 0.000347247 0.999994934 0.003167348 -0.652028978 -0.002058136 -0.003166627 0.999992847 22.561641693
0.999997675 -0.000072729 0.002144523 0.484047025 0.000065655 0.999994516 0.003298510 -0.668430686 -0.002144752 -0.003298362 0.999992251 23.075002670
0.999999106 -0.000225659 0.001314886 0.492530972 0.000222152 0.999996424 0.002666946 -0.673926175 -0.001315483 -0.002666651 0.999995589 23.575679779
0.999998331 -0.001772944 0.000464308 0.508258462 0.001771942 0.999996066 0.002149679 -0.687652230 -0.000468117 -0.002148852 0.999997497 24.100255966
1.000000000 0.000148702 -0.000080295 0.516470909 -0.000148500 0.999996841 0.002513204 -0.703610063 0.000080669 -0.002513192 0.999996841 24.626091003
0.999999642 -0.000453783 -0.000613684 0.525590837 0.000455219 0.999997079 0.002342319 -0.713771760 0.000612620 -0.002342598 0.999997079 25.176416397
0.999999285 0.000047190 -0.001193777 0.532904148 -0.000044196 0.999996841 0.002508292 -0.729732752 0.001193892 -0.002508237 0.999996126 25.697385788
0.999999106 0.000724301 -0.001051454 0.534386098 -0.000722247 0.999997795 0.001952038 -0.737850964 0.001052865 -0.001951277 0.999997556 26.248325348
0.999998391 -0.000479609 -0.001720287 0.551462173 0.000484257 0.999996185 0.002702071 -0.756548643 0.001718985 -0.002702900 0.999994814 26.803985596
0.999996364 -0.001010962 -0.002480230 0.560064673 0.001017876 0.999995589 0.002787708 -0.776483595 0.002477401 -0.002790223 0.999993026 27.325361252
0.999998093 0.000097068 -0.001953469 0.566496551 -0.000091730 0.999996364 0.002732553 -0.793753207 0.001953727 -0.002732369 0.999994278 27.910192490
0.999996781 0.000857903 -0.002350850 0.571523190 -0.000849241 0.999992847 0.003683285 -0.813850820 0.002353993 -0.003681278 0.999990463 28.449335098
0.999995887 0.000756866 -0.002761948 0.581019938 -0.000747174 0.999993563 0.003508366 -0.827104747 0.002764586 -0.003506288 0.999990046 28.993453979
0.999995053 0.000075295 -0.003140366 0.588712931 -0.000064940 0.999994576 0.003297638 -0.835993588 0.003140597 -0.003297418 0.999989569 29.529487610
0.999993801 0.000591018 -0.003454485 0.592680395 -0.000579129 0.999993920 0.003441492 -0.852882683 0.003456498 -0.003439470 0.999988139 30.070108414
0.999994040 0.001136467 -0.003256630 0.598593116 -0.001125513 0.999993682 0.003363705 -0.867040753 0.003260432 -0.003360019 0.999989033 30.625789642
0.999992132 0.000690100 -0.003884668 0.612556815 -0.000678071 0.999994934 0.003097003 -0.876824021 0.003886786 -0.003094345 0.999987662 31.160879135
0.999989688 0.001051108 -0.004413803 0.619641244 -0.001038041 0.999995112 0.002961744 -0.889505267 0.004416894 -0.002957131 0.999985874 31.707513809
0.999989390 0.000504781 -0.004583157 0.634684443 -0.000488908 0.999993801 0.003463902 -0.915438235 0.004584878 -0.003461623 0.999983490 32.244945526
0.999991357 0.000659872 -0.004085205 0.636301160 -0.000647796 0.999995410 0.002956482 -0.921921849 0.004087137 -0.002953810 0.999987245 32.797962189
0.999991834 0.000745149 -0.003964660 0.641900539 -0.000732044 0.999994218 0.003305803 -0.938013971 0.003967100 -0.003302873 0.999986589 33.347507477
0.999987900 0.001245969 -0.004764772 0.667264938 -0.001233066 0.999995530 0.002709994 -0.939848721 0.004768127 -0.002704086 0.999984980 33.919391632
0.999990523 0.001044655 -0.004232186 0.665804088 -0.001031507 0.999994636 0.003107578 -0.962687552 0.004235410 -0.003103183 0.999986231 34.437763214
0.999986291 0.000488964 -0.005198954 0.682294309 -0.000474050 0.999995768 0.002869511 -0.972226739 0.005200336 -0.002867006 0.999982297 35.003513336
0.999988139 0.000635413 -0.004832796 0.691601872 -0.000620195 0.999994874 0.003149731 -0.992349148 0.004834772 -0.003146696 0.999983370 35.541011810
0.999986947 0.000670303 -0.005063420 0.694167137 -0.000650988 0.999992609 0.003815209 -1.013281107 0.005065939 -0.003811863 0.999979913 36.092124939
0.999988198 0.000566711 -0.004824751 0.700783074 -0.000551885 0.999995112 0.003073623 -1.021454334 0.004826469 -0.003070924 0.999983609 36.654148102
0.999989867 0.001323477 -0.004308202 0.698880136 -0.001309698 0.999994040 0.003199368 -1.041615725 0.004312411 -0.003193693 0.999985576 37.174640656
0.999989450 0.000920204 -0.004485724 0.701987803 -0.000903637 0.999992788 0.003693720 -1.060938120 0.004489092 -0.003689628 0.999983132 37.698173523
0.999985933 0.001499240 -0.005093144 0.715223372 -0.001485787 0.999995410 0.002644276 -1.066365600 0.005097086 -0.002636671 0.999983549 38.277759552
0.999986529 0.001660433 -0.004922294 0.721265912 -0.001647179 0.999994934 0.002695458 -1.086050987 0.004926745 -0.002687313 0.999984264 38.805355072
0.999989152 0.002314139 -0.004039243 0.708358288 -0.002304631 0.999994576 0.002357267 -1.092568755 0.004044677 -0.002347933 0.999989033 39.336578369
0.999990940 0.001538201 -0.003961285 0.715946019 -0.001525155 0.999993324 0.003294147 -1.111607671 0.003966326 -0.003288075 0.999986708 39.871807098
0.999990106 0.001758998 -0.004068112 0.720117331 -0.001749072 0.999995470 0.002442442 -1.121871829 0.004072389 -0.002435303 0.999988735 40.410484314
0.999987900 0.001862502 -0.004547620 0.737290859 -0.001852755 0.999995947 0.002146553 -1.134621501 0.004551600 -0.002138101 0.999987364 40.957084656
0.999984145 0.001512822 -0.005418631 0.754305959 -0.001499549 0.999995828 0.002452809 -1.153055310 0.005422319 -0.002444644 0.999982297 41.480644226
0.999982834 0.001996991 -0.005497721 0.766925991 -0.001985146 0.999995708 0.002159074 -1.165331364 0.005502009 -0.002148123 0.999982536 42.030612946
0.999986351 0.002471402 -0.004599313 0.764231443 -0.002460863 0.999994338 0.002295604 -1.177067876 0.004604960 -0.002284255 0.999986768 42.574127197
0.999986768 0.002188181 -0.004650756 0.769674599 -0.002176601 0.999994457 0.002493573 -1.193924069 0.004656186 -0.002483417 0.999986053 43.111976624
0.999984682 0.003389918 -0.004378093 0.775153518 -0.003380994 0.999992192 0.002044034 -1.200921416 0.004384989 -0.002029201 0.999988317 43.657760620
0.999987602 0.002548799 -0.004261757 0.785439610 -0.002543231 0.999995887 0.001311505 -1.203794956 0.004265084 -0.001300650 0.999990046 44.184326172
0.999987066 0.003252968 -0.003910102 0.792313695 -0.003247655 0.999993801 0.001364423 -1.217862487 0.003914518 -0.001351707 0.999991357 44.739048004
0.999987006 0.003564068 -0.003639587 0.801588535 -0.003559937 0.999993026 0.001140858 -1.229931474 0.003643628 -0.001127887 0.999992669 45.284172058
0.999987483 0.003907782 -0.003126899 0.802241504 -0.003902458 0.999990940 0.001706965 -1.250387788 0.003133541 -0.001694741 0.999993682 45.841880798
0.999986768 0.003672390 -0.003594565 0.823870540 -0.003667533 0.999992371 0.001356768 -1.261760712 0.003599521 -0.001343567 0.999992549 46.387374878
0.999986529 0.004241516 -0.002968914 0.832352161 -0.004237953 0.999990284 0.001205360 -1.273609877 0.002973999 -0.001192762 0.999994874 46.947566986
0.999990046 0.003847340 -0.002258556 0.824930429 -0.003843784 0.999991357 0.001576470 -1.294995308 0.002264602 -0.001567772 0.999996126 47.514808655
0.999986947 0.004476400 -0.002503636 0.844539762 -0.004473571 0.999989271 0.001134601 -1.300304890 0.002508688 -0.001123386 0.999996245 48.088180542
0.999989212 0.004196083 -0.001982317 0.853256106 -0.004194237 0.999990761 0.000934347 -1.311747193 0.001986219 -0.000926023 0.999997616 48.638149261
0.999986291 0.004634477 -0.002442086 0.872581601 -0.004631103 0.999988437 0.001385029 -1.327806354 0.002448476 -0.001373700 0.999996006 49.178016663
0.999985456 0.005168711 -0.001542248 0.876459241 -0.005167461 0.999986291 0.000812559 -1.336288929 0.001546427 -0.000804578 0.999998510 49.740478516
0.999987245 0.004748319 -0.001707187 0.891246498 -0.004746108 0.999987900 0.001297289 -1.355818152 0.001713326 -0.001289170 0.999997675 50.269786835
0.999985993 0.004876874 -0.002059177 0.911703587 -0.004876310 0.999988079 0.000279465 -1.360903263 0.002060515 -0.000269420 0.999997854 50.822032928
0.999985874 0.005027268 -0.001724654 0.917967737 -0.005026110 0.999987125 0.000675158 -1.384564757 0.001728026 -0.000666480 0.999998271 51.361110687
0.999987185 0.004816400 -0.001549799 0.923990309 -0.004816233 0.999988377 0.000112271 -1.394547820 0.001550321 -0.000104806 0.999998748 51.909145355
0.999988735 0.004665347 -0.000863157 0.932216346 -0.004665127 0.999989212 0.000256075 -1.411549330 0.000864342 -0.000252045 0.999999583 52.462600708
0.999981880 0.005924783 -0.001060925 0.938396633 -0.005923842 0.999982059 0.000887312 -1.429571629 0.001066163 -0.000881011 0.999999046 53.006534576
0.999985635 0.005213404 -0.001221382 0.952622473 -0.005211782 0.999985516 0.001327724 -1.455835819 0.001228286 -0.001321339 0.999998331 53.541797638
0.999978721 0.006458624 -0.000847998 0.950041234 -0.006457963 0.999978781 0.000778922 -1.459839821 0.000853010 -0.000773429 0.999999344 54.097644806
0.999979198 0.006420458 -0.000628654 0.954424977 -0.006419710 0.999978662 0.001185803 -1.473765254 0.000636254 -0.001181742 0.999999106 54.639156342
0.999978125 0.006594605 -0.000409150 0.964245796 -0.006594317 0.999977946 0.000703491 -1.486431241 0.000413780 -0.000700777 0.999999642 55.194091797
0.999976993 0.006754421 -0.000605298 0.972707450 -0.006753982 0.999976873 0.000724463 -1.496687770 0.000610178 -0.000720359 0.999999583 55.736488342
0.999977350 0.006697197 -0.000675988 0.981975555 -0.006696792 0.999977410 0.000601321 -1.510560155 0.000680000 -0.000596780 0.999999583 56.276653290
0.999974787 0.007078981 -0.000376033 0.997014523 -0.007078748 0.999974728 0.000615520 -1.527840734 0.000380381 -0.000612843 0.999999702 56.821685791
0.999975204 0.006989746 -0.000856532 1.009907484 -0.006989250 0.999975324 0.000578803 -1.538134098 0.000860557 -0.000572802 0.999999464 57.365020752
0.999972939 0.007290497 -0.001007596 1.018314481 -0.007290174 0.999973357 0.000326131 -1.552940607 0.001009947 -0.000318777 0.999999464 57.906764984
0.999974012 0.007179920 -0.000564555 1.027086973 -0.007179918 0.999974251 0.000006277 -1.562921524 0.000564586 -0.000002224 0.999999821 58.457492828
0.999971688 0.007511361 -0.000371986 1.032090068 -0.007511271 0.999971688 0.000240732 -1.576622009 0.000373784 -0.000237931 0.999999881 59.010036469
0.999968469 0.007929120 0.000122937 1.036435962 -0.007929046 0.999968350 -0.000593138 -1.585420012 -0.000127636 0.000592145 0.999999821 59.555934906
0.999969840 0.007758125 0.000004086 1.051290989 -0.007758121 0.999969661 -0.000595384 -1.596565604 -0.000008705 0.000595335 0.999999821 60.110389709
0.999970257 0.007715311 -0.000012154 1.059228301 -0.007715317 0.999970019 -0.000533305 -1.609779596 0.000008039 0.000533383 0.999999881 60.657577515
0.999963224 0.008573004 0.000207978 1.072359443 -0.008572887 0.999963045 -0.000564862 -1.627403855 -0.000212813 0.000563058 0.999999821 61.203079224
0.999962747 0.008631672 0.000170848 1.087783456 -0.008631567 0.999962568 -0.000600346 -1.641857982 -0.000176024 0.000598849 0.999999821 61.754005432
0.999964476 0.008417081 0.000271324 1.095282793 -0.008416900 0.999964476 -0.000667235 -1.657681108 -0.000276930 0.000664927 0.999999702 62.305290222
0.999960721 0.008837590 0.000629182 1.104331136 -0.008837145 0.999960721 -0.000709943 -1.678879738 -0.000635432 0.000704355 0.999999523 62.855037689
0.999961436 0.008721628 0.001043500 1.111002088 -0.008721004 0.999961793 -0.000600948 -1.691430569 -0.001048702 0.000591825 0.999999285 63.409385681
0.999957323 0.009203815 0.000786377 1.121143699 -0.009203144 0.999957204 -0.000850599 -1.709587812 -0.000794172 0.000843326 0.999999344 63.961578369
0.999960780 0.008806673 0.001047961 1.132675648 -0.008805595 0.999960721 -0.001029805 -1.720832109 -0.001056989 0.001020537 0.999998927 64.514335632
0.999953866 0.009493957 0.001452934 1.136079073 -0.009493112 0.999954760 -0.000587933 -1.738195300 -0.001458450 0.000574113 0.999998748 65.059539795
0.999946713 0.010108118 0.002079115 1.142220616 -0.010106221 0.999948502 -0.000920580 -1.752249599 -0.002088313 0.000899519 0.999997437 65.611213684
0.999951124 0.009680889 0.002004432 1.156788349 -0.009679890 0.999953032 -0.000506286 -1.771980286 -0.002009239 0.000486858 0.999997854 66.150627136
0.999953628 0.009424102 0.001994342 1.170992136 -0.009423412 0.999955475 -0.000356028 -1.789747715 -0.001997609 0.000337218 0.999997973 66.705070496
0.999949753 0.009764735 0.002262912 1.181609750 -0.009764149 0.999952257 -0.000270294 -1.809658527 -0.002265443 0.000248185 0.999997377 67.243988037
0.999949992 0.009688769 0.002481034 1.190360904 -0.009688566 0.999952972 -0.000093519 -1.826005220 -0.002481823 0.000069477 0.999996901 67.785957336
0.999949396 0.009766369 0.002408965 1.206142902 -0.009766968 0.999952197 0.000237282 -1.849070311 -0.002406533 -0.000260798 0.999997079 68.325042725
0.999938726 0.010746581 0.002641327 1.215883613 -0.010746647 0.999942243 0.000011095 -1.861132622 -0.002641054 -0.000039480 0.999996424 68.870597839
0.999947071 0.010056403 0.002163955 1.226737857 -0.010056752 0.999949396 0.000150292 -1.880031824 -0.002162335 -0.000172046 0.999997675 69.411293030
0.999942839 0.010344949 0.002704452 1.236036539 -0.010344871 0.999946475 -0.000042690 -1.892884612 -0.002704749 0.000014710 0.999996305 69.950134277
0.999944925 0.010002604 0.003172035 1.246484160 -0.010001533 0.999949932 -0.000352650 -1.903032422 -0.003175404 0.000320906 0.999994934 70.494071960
0.999944210 0.010112397 0.003037239 1.260252476 -0.010111243 0.999948800 -0.000395012 -1.918869734 -0.003041078 0.000364280 0.999995291 71.032600403
0.999943256 0.010208489 0.003046659 1.273338199 -0.010207136 0.999947727 -0.000459241 -1.937096357 -0.003051188 0.000428118 0.999995232 71.572906494
0.999940872 0.010301671 0.003471210 1.282089710 -0.010300374 0.999946892 -0.000392176 -1.950218201 -0.003475067 0.000356398 0.999993920 72.110687256
0.999939620 0.010440061 0.003430509 1.292434454 -0.010439386 0.999945462 -0.000214667 -1.970257521 -0.003432563 0.000178842 0.999994099 72.646133423
0.999939024 0.010502796 0.003418159 1.308403254 -0.010504002 0.999944746 0.000335066 -1.992157698 -0.003414451 -0.000370950 0.999994099 73.178764343
0.999943137 0.010085639 0.003472900 1.319376588 -0.010086608 0.999949098 0.000261192 -2.003792286 -0.003470089 -0.000296207 0.999993920 73.710685730
0.999941051 0.010293013 0.003454235 1.332245708 -0.010292562 0.999947011 -0.000148490 -2.018423796 -0.003455581 0.000112929 0.999994040 74.249206543
0.999938428 0.010540557 0.003452730 1.346411467 -0.010541413 0.999944389 0.000230154 -2.035517693 -0.003450111 -0.000266536 0.999994040 74.773918152
0.999943018 0.010095449 0.003476870 1.358571291 -0.010096740 0.999948978 0.000353401 -2.052550316 -0.003473125 -0.000388486 0.999993920 75.307899475
0.999943316 0.010130644 0.003278230 1.375455618 -0.010131258 0.999948680 0.000170623 -2.067920208 -0.003276332 -0.000203826 0.999994636 75.831619263
0.999934435 0.010908605 0.003485210 1.386103272 -0.010910366 0.999940276 0.000486624 -2.083217144 -0.003479693 -0.000524617 0.999993801 76.370445251
0.999939919 0.010397201 0.003473885 1.403145790 -0.010397331 0.999945939 0.000019199 -2.096610308 -0.003473497 -0.000055317 0.999993980 76.918983459
0.999939084 0.010337280 0.003861461 1.415786028 -0.010335946 0.999946535 -0.000364725 -2.108764887 -0.003865025 0.000324791 0.999992490 77.462326050
0.999943972 0.009970852 0.003557356 1.425536394 -0.009970129 0.999950290 -0.000220590 -2.124942541 -0.003559378 0.000185110 0.999993563 77.988365173
0.999938488 0.010371456 0.003914949 1.435413957 -0.010370033 0.999946177 -0.000383826 -2.141078234 -0.003918720 0.000343204 0.999992251 78.518898010
0.999937952 0.010399140 0.003975312 1.450702190 -0.010398250 0.999945819 -0.000244082 -2.155836582 -0.003977636 0.000202731 0.999992013 79.057945251
0.999934137 0.010769356 0.003952962 1.461413980 -0.010767700 0.999941945 -0.000440108 -2.165785789 -0.003957472 0.000397514 0.999992073 79.593177795
0.999926686 0.011059850 0.004935605 1.469428658 -0.011058740 0.999938846 -0.000252213 -2.184910774 -0.004938093 0.000197613 0.999987781 80.115295410
0.999924302 0.010771777 0.005947554 1.483653903 -0.010767923 0.999941766 -0.000679896 -2.200175524 -0.005954531 0.000615802 0.999981999 80.648445129
0.999911785 0.011475977 0.006686466 1.501394510 -0.011472428 0.999934018 -0.000569317 -2.216469288 -0.006692559 0.000492557 0.999977469 81.185897827
0.999902368 0.011338420 0.008156910 1.511622429 -0.011341994 0.999935627 0.000392043 -2.242110252 -0.008151938 -0.000484520 0.999966681 81.718032837
0.999899507 0.011069424 0.008859484 1.538401484 -0.011072526 0.999938607 0.000301063 -2.254969358 -0.008855609 -0.000399130 0.999960661 82.256599426
0.999833167 0.012259715 0.013536986 1.542963743 -0.012244035 0.999924242 -0.001240601 -2.250357866 -0.013551167 0.001074647 0.999907613 82.801017761
0.999798596 0.011200479 0.016652161 1.577211618 -0.011178243 0.999936521 -0.001427827 -2.270429134 -0.016667092 0.001241398 0.999860346 83.323669434
0.999721825 0.011386571 0.020650690 1.594780922 -0.011347348 0.999933600 -0.002015586 -2.282590151 -0.020672267 0.001780695 0.999784708 83.870796204
0.999618173 0.011698813 0.025032014 1.622512579 -0.011667426 0.999930978 -0.001399600 -2.305032253 -0.025046658 0.001107006 0.999685585 84.389999390
0.999423504 0.012464152 0.031578772 1.659297585 -0.012428469 0.999921858 -0.001326013 -2.324931383 -0.031592827 0.000932773 0.999500394 84.923561096
0.999242604 0.012802866 0.036746077 1.689771175 -0.012750721 0.999917269 -0.001653061 -2.340554476 -0.036764205 0.001183270 0.999323189 85.511970520
0.998997927 0.013054135 0.042809863 1.731622577 -0.013005384 0.999914408 -0.001417144 -2.358115673 -0.042824697 0.000858966 0.999082208 86.052642822
0.998642564 0.012141460 0.050654300 1.774510145 -0.012042529 0.999924958 -0.002257794 -2.366695404 -0.050677918 0.001644723 0.998713672 86.616622925
0.998170316 0.011967982 0.059267789 1.826319695 -0.011871153 0.999927580 -0.001985616 -2.382007599 -0.059287257 0.001278406 0.998240173 87.180809021
0.997732878 0.011720911 0.066269383 1.880384207 -0.011614163 0.999930561 -0.001995826 -2.401417732 -0.066288166 0.001221638 0.997799754 87.719398499
0.997091174 0.011547575 0.075338550 1.934742928 -0.011402482 0.999932170 -0.002355763 -2.408420086 -0.075360656 0.001489864 0.997155368 88.283050537
0.996345460 0.010884653 0.084718779 2.016005039 -0.010760949 0.999940276 -0.001916692 -2.436725855 -0.084734596 0.000998033 0.996403039 88.795814514
0.995582461 0.009441357 0.093415201 2.093221664 -0.009262013 0.999954343 -0.002353241 -2.444612265 -0.093433164 0.001477632 0.995624602 89.437393188
0.994644284 0.009571513 0.102913216 2.166115284 -0.009193258 0.999949157 -0.004149173 -2.452790976 -0.102947697 0.003180844 0.994681656 90.117935181
0.993483722 0.009970453 0.113537021 2.247655869 -0.009580211 0.999946117 -0.003982258 -2.467050791 -0.113570638 0.002868600 0.993525743 90.660812378
0.992416680 0.009025326 0.122586831 2.337036133 -0.008703097 0.999957144 -0.003163807 -2.491821527 -0.122610122 0.002072930 0.992452741 90.952377319
0.991127670 0.010436787 0.132502690 2.419852257 -0.010091602 0.999943674 -0.003276410 -2.505169630 -0.132529423 0.001910176 0.991177201 91.631660461
0.989596725 0.010433334 0.143490195 2.522250175 -0.010096298 0.999944270 -0.003076791 -2.523029804 -0.143514305 0.001596063 0.989646971 92.241699219
0.987774134 0.009493483 0.155603141 2.650603294 -0.008963431 0.999951363 -0.004107746 -2.538309574 -0.155634597 0.002662787 0.987811089 92.925712585
0.986471713 0.005288057 0.163845912 3.091484070 -0.003735989 0.999945223 -0.009779437 -2.378695488 -0.163888589 0.009035014 0.986437440 94.382415771
0.984152198 0.007678980 0.177159131 2.842870712 -0.007031392 0.999966085 -0.004282925 -2.576528311 -0.177186027 0.002969375 0.984172881 93.864158630
0.981744587 0.008615164 0.190008476 2.967993736 -0.007914186 0.999958813 -0.004447701 -2.592145681 -0.190038979 0.002862744 0.981772363 94.399841309
0.979312837 0.007964429 0.202195406 3.108221054 -0.007202053 0.999963939 -0.004505933 -2.607656240 -0.202223957 0.002956496 0.979334831 94.939346313
0.977150083 0.008210606 0.212391973 3.242839813 -0.007560092 0.999963880 -0.003874759 -2.631603003 -0.212416157 0.002180518 0.977176845 95.480690002
0.974244118 0.007531812 0.225370020 3.384914398 -0.006873799 0.999969661 -0.003704233 -2.656768322 -0.225391045 0.002059678 0.974266231 95.985763550
0.971089065 0.007251077 0.238607377 3.538942337 -0.006624603 0.999972165 -0.003427373 -2.672927141 -0.238625586 0.001747605 0.971110046 96.509552002
0.968273699 0.006827118 0.249798536 3.683563232 -0.006279055 0.999975741 -0.002990844 -2.698022842 -0.249812886 0.001327456 0.968293130 97.026947021
0.965098739 0.006800903 0.261797965 3.856716156 -0.006048054 0.999974906 -0.003681321 -2.711094618 -0.261816502 0.001969469 0.965115666 97.547302246
0.961381853 0.006959435 0.275130004 4.040964127 -0.006080008 0.999973297 -0.004049139 -2.721977949 -0.275150865 0.002219976 0.961398482 98.052505493
0.957908213 0.005933027 0.287013173 4.223077774 -0.004887279 0.999978483 -0.004359854 -2.740829945 -0.287032813 0.002773626 0.957916677 98.574005127
0.954566181 0.005503910 0.297947973 4.404262543 -0.004553872 0.999982059 -0.003882680 -2.762490988 -0.297964036 0.002349458 0.954574227 99.077697754
0.950170696 0.004648890 0.311695248 4.591384888 -0.003576551 0.999985516 -0.004011891 -2.772724152 -0.311709404 0.002697188 0.950173557 99.604400635
0.945753634 0.004875801 0.324848026 4.801166534 -0.003755084 0.999984622 -0.004076801 -2.791038275 -0.324862957 0.002635818 0.945757389 100.120178223
0.941851199 0.004080304 0.336005360 4.997409821 -0.002847678 0.999987245 -0.004161135 -2.809031725 -0.336018145 0.002962335 0.941850841 100.610916138
0.937074721 0.003751816 0.349108875 5.210336685 -0.002429083 0.999988139 -0.004226591 -2.824425220 -0.349120617 0.003112616 0.937072694 101.135971069
0.931889355 0.003338346 0.362727314 5.434902191 -0.001769275 0.999987602 -0.004657866 -2.842852592 -0.362738371 0.003698851 0.931883693 101.615852356
0.927319527 0.003044614 0.374258280 5.676370621 -0.001692664 0.999990821 -0.003940985 -2.875210524 -0.374266833 0.003021059 0.927316129 102.116760254
0.922447622 0.002844370 0.386111677 5.902084351 -0.001306533 0.999990106 -0.004245232 -2.889295101 -0.386119992 0.003411538 0.922442257 102.601554871
0.916462719 0.003116040 0.400107920 6.139106750 -0.001526936 0.999989629 -0.004290412 -2.904302835 -0.400117189 0.003321063 0.916458130 103.084838867
0.910835922 0.001997051 0.412763745 6.387184143 -0.000307626 0.999991238 -0.004159369 -2.918788195 -0.412768483 0.003661526 0.910828650 103.568473816
0.905673504 0.001099002 0.423974395 6.631694794 0.000701075 0.999991417 -0.004089723 -2.939028263 -0.423975229 0.004001192 0.905664921 104.038604736
0.899503052 0.000553382 0.436914116 6.898719788 0.001370311 0.999990702 -0.004087704 -2.956708193 -0.436912328 0.004275610 0.899493933 104.528488159
0.892486572 0.001033966 0.451072782 7.163764954 0.000818682 0.999991953 -0.003912050 -2.972676516 -0.451073289 0.003860738 0.892478526 105.016113281
0.886330664 0.000431077 0.463052779 7.431163788 0.001305615 0.999993205 -0.003430019 -2.992550611 -0.463051111 0.003644699 0.886324048 105.484725952
0.881051242 -0.000798389 0.473020226 7.722126007 0.002896571 0.999988914 -0.003707342 -3.009868860 -0.473012030 0.004636494 0.881043792 105.965759277
0.873911858 -0.000994966 0.486083418 8.014507294 0.003415006 0.999985814 -0.004092844 -3.021691322 -0.486072451 0.005236762 0.873902857 106.433914185
