1.000000000 0.000000000 0.000000000 0.000000000 0.000000000 1.000000000 0.000000000 0.000000000 0.000000000 0.000000000 1.000000000 0.000000000
1.000000000 -0.000027629 -0.000132588 0.003901353 0.000027636 1.000000000 0.000048248 -0.000478923 0.000132587 -0.000048252 1.000000000 -0.000821516
1.000000000 0.000108632 -0.000030944 0.000714966 -0.000108631 1.000000000 0.000034511 -0.000539199 0.000030947 -0.000034507 1.000000000 -0.002832041
1.000000000 -0.000169072 -0.000145254 0.006162222 0.000169090 1.000000000 0.000126072 -0.001734647 0.000145233 -0.000126097 1.000000000 -0.002812269
1.000000000 -0.000140339 -0.000166554 0.003931463 0.000140354 1.000000000 0.000086572 -0.001560744 0.000166541 -0.000086596 1.000000000 -0.003124280
1.000000000 0.000050641 0.000018159 -0.000812103 -0.000050640 1.000000000 -0.000050101 -0.000647402 -0.000018161 0.000050100 1.000000000 -0.002371312
1.000000000 -0.000044408 -0.000092137 0.003110231 0.000044419 1.000000000 0.000120126 -0.002376688 0.000092132 -0.000120130 1.000000000 -0.005713124
1.000000000 -0.000046630 -0.000042581 -0.001257364 0.000046633 1.000000000 0.000053577 -0.000155327 0.000042579 -0.000053579 1.000000000 0.002733884
1.000000000 -0.000001607 -0.000072962 0.002233514 0.000001608 1.000000000 0.000026135 -0.002899693 0.000072962 -0.000026135 1.000000000 -0.007209897
1.000000000 -0.000059104 -0.000031440 0.001603735 0.000059108 1.000000000 0.000110732 -0.000720690 0.000031434 -0.000110734 1.000000000 -0.005730258
1.000000000 0.000047290 0.000043363 -0.000235301 -0.000047291 1.000000000 0.000032430 -0.001065378 -0.000043362 -0.000032432 1.000000000 -0.002348333
0.999999940 -0.000232207 -0.000122801 0.001312662 0.000232219 0.999999940 0.000097976 -0.003029733 0.000122778 -0.000098005 1.000000000 -0.008409373
1.000000000 -0.000028931 0.000039152 0.000127005 0.000028928 1.000000000 0.000073937 -0.001740498 -0.000039154 -0.000073936 1.000000000 -0.004138618
1.000000000 -0.000117656 -0.000018995 0.001694919 0.000117659 1.000000000 0.000137595 -0.002531266 0.000018979 -0.000137597 1.000000000 -0.006760451
1.000000000 -0.000175708 -0.000075119 0.001736193 0.000175717 1.000000000 0.000120080 -0.001430448 0.000075097 -0.000120094 1.000000000 -0.006277053
1.000000000 -0.000123984 -0.000085512 0.000862766 0.000123994 1.000000000 0.000121323 -0.001620684 0.000085497 -0.000121333 1.000000000 -0.005981653
0.999999940 -0.000248396 -0.000056788 0.001203188 0.000248401 0.999999940 0.000087941 -0.001923014 0.000056767 -0.000087955 1.000000000 -0.007081913
1.000000000 -0.000026115 -0.000080010 0.002743094 0.000026128 1.000000000 0.000171367 -0.003368581 0.000080006 -0.000171369 1.000000000 -0.010049530
0.999999940 -0.000311323 -0.000052100 0.003234937 0.000311335 0.999999940 0.000211020 -0.004267330 0.000052035 -0.000211036 1.000000000 -0.009191665
1.000000000 -0.000116778 -0.000046421 0.001703435 0.000116783 1.000000000 0.000111159 -0.003601326 0.000046408 -0.000111164 1.000000000 -0.006230272
1.000000000 -0.000081300 -0.000057709 0.003274697 0.000081317 0.999999940 0.000301903 -0.006109373 0.000057685 -0.000301908 0.999999940 -0.008888410
1.000000000 -0.000000491 0.000015655 0.000096995 0.000000489 1.000000000 0.000121395 -0.001280011 -0.000015655 -0.000121395 1.000000000 -0.005379437
1.000000000 -0.000146906 -0.000185262 0.005446474 0.000146951 0.999999940 0.000242521 -0.003575439 0.000185227 -0.000242548 0.999999940 -0.013188135
0.999999940 -0.000275462 -0.000082887 0.000793824 0.000275484 0.999999940 0.000259597 -0.003727755 0.000082815 -0.000259620 0.999999940 -0.006848354
0.999999940 -0.000201486 -0.000177031 0.005470201 0.000201523 0.999999940 0.000212166 -0.003414945 0.000176988 -0.000212202 0.999999940 -0.011747054
1.000000000 -0.000198184 -0.000104581 0.002702195 0.000198214 0.999999940 0.000284925 -0.003869267 0.000104525 -0.000284945 0.999999940 -0.011181218
1.000000000 -0.000099970 -0.000108551 0.001842509 0.000099994 0.999999940 0.000222894 -0.005154292 0.000108529 -0.000222905 0.999999940 -0.011157947
1.000000000 -0.000210472 -0.000092919 0.002573380 0.000210499 0.999999940 0.000283766 -0.004413591 0.000092859 -0.000283786 0.999999940 -0.006484101
1.000000000 -0.000173654 -0.000077353 -0.000644426 0.000173664 1.000000000 0.000129997 0.000666884 0.000077331 -0.000130011 1.000000000 -0.006007683
1.000000000 -0.000071261 -0.000068554 -0.000706352 0.000071277 0.999999940 0.000236951 -0.001536029 0.000068537 -0.000236956 0.999999940 -0.002650626
1.000000000 -0.000122837 -0.000086432 -0.000699484 0.000122857 0.999999940 0.000225206 -0.001601375 0.000086404 -0.000225217 1.000000000 -0.001841815
0.999999940 -0.000320368 -0.000197191 -0.001342477 0.000320417 0.999999940 0.000250219 -0.003165773 0.000197111 -0.000250282 0.999999940 -0.009887007
0.999999940 -0.000369441 -0.000177077 0.002887817 0.000369485 0.999999881 0.000248002 -0.003957666 0.000176985 -0.000248068 0.999999940 -0.008487941
1.000000000 -0.000100813 -0.000154955 0.000741467 0.000100834 1.000000000 0.000132955 -0.001931258 0.000154941 -0.000132970 1.000000000 -0.003701719
0.999999940 -0.000213865 -0.000130688 0.001139481 0.000213883 0.999999940 0.000141091 -0.002632307 0.000130657 -0.000141119 1.000000000 -0.003054288
0.999999940 -0.000286550 -0.000086045 -0.000432515 0.000286551 0.999999940 0.000008328 -0.000784125 0.000086042 -0.000008353 1.000000000 -0.006318271
0.999999940 -0.000248007 -0.000099912 0.002488695 0.000248024 0.999999940 0.000168781 -0.001877360 0.000099871 -0.000168806 1.000000000 -0.008336342
0.999999940 -0.000291231 -0.000184580 0.001626404 0.000291264 0.999999940 0.000178350 -0.001064167 0.000184528 -0.000178404 0.999999940 -0.007343550
0.999999940 -0.000227010 -0.000113353 0.000289093 0.000227043 0.999999940 0.000287782 -0.002612946 0.000113287 -0.000287807 0.999999940 -0.009449080
0.999999940 -0.000310710 -0.000174266 0.003027357 0.000310757 0.999999940 0.000272939 -0.005105840 0.000174181 -0.000272993 0.999999940 -0.008226662
0.999999940 -0.000201457 -0.000155956 0.007688433 0.000201399 0.999999940 -0.000370275 -0.009298629 0.000156031 0.000370244 0.999999940 0.043942120
0.999999940 -0.000259460 -0.000195421 0.006397325 0.000259255 0.999999404 -0.001049008 -0.007470584 0.000195693 0.001048957 0.999999404 0.140082687
0.999999940 -0.000235251 -0.000114941 0.003230814 0.000235105 0.999999166 -0.001269318 -0.013367544 0.000115239 0.001269291 0.999999166 0.261248678
0.999999940 -0.000405805 0.000015431 0.001712152 0.000405824 0.999999106 -0.001274676 -0.018186931 -0.000014914 0.001274682 0.999999166 0.395236522
0.999999940 -0.000161865 -0.000256713 0.015270340 0.000161599 0.999999464 -0.001033587 -0.022854101 0.000256880 0.001033546 0.999999404 0.530271053
1.000000000 -0.000135484 -0.000097736 0.014057294 0.000135387 0.999999523 -0.000992671 -0.029790347 0.000097871 0.000992658 0.999999523 0.690679610
0.999999881 -0.000348244 0.000356097 0.010497438 0.000348528 0.999999642 -0.000797797 -0.031655032 -0.000355819 0.000797921 0.999999642 0.867958188
0.999999821 -0.000490778 -0.000259597 0.022830961 0.000490669 0.999999821 -0.000418277 -0.041659702 0.000259803 0.000418150 0.999999881 1.027766466
0.999999940 -0.000140221 0.000225395 0.023861101 0.000140364 0.999999762 -0.000636189 -0.040017255 -0.000225305 0.000636221 0.999999762 1.204657078
0.999999881 -0.000442247 -0.000080873 0.043591693 0.000442234 0.999999881 -0.000158235 -0.056316949 0.000080943 0.000158199 1.000000000 1.412073255
1.000000000 -0.000001213 0.000158583 0.039320562 0.000001265 0.999999940 -0.000330796 -0.062272165 -0.000158583 0.000330796 0.999999940 1.604248405
0.999995232 0.002308945 0.002040060 0.005323429 -0.002305514 0.999995947 -0.001682164 -0.069626018 -0.002043936 0.001677452 0.999996483 1.738367915
0.999996603 0.001877472 0.001829508 0.017682934 -0.001875067 0.999997377 -0.001315504 -0.079059534 -0.001831973 0.001312069 0.999997497 1.940150499
0.999993145 0.003062921 0.002072311 0.017801935 -0.003058790 0.999993324 -0.001993704 -0.084936291 -0.002078404 0.001987352 0.999995828 2.172273874
0.999993622 0.002970531 0.001987329 0.028299548 -0.002966971 0.999994040 -0.001791874 -0.091930903 -0.001992640 0.001785966 0.999996424 2.388834715
0.999992907 0.003273040 0.001848438 0.036747072 -0.003269762 0.999993026 -0.001773501 -0.093836859 -0.001854230 0.001767444 0.999996781 2.632538795
0.999991000 0.003476121 0.002414472 0.036126651 -0.003472552 0.999992847 -0.001480578 -0.104453631 -0.002419602 0.001472180 0.999996006 2.869487286
0.999992549 0.003093154 0.002279388 0.039713502 -0.003089636 0.999994040 -0.001545306 -0.116679400 -0.002284154 0.001538253 0.999996185 3.076664448
0.999990344 0.003607867 0.002490335 0.041267619 -0.003603754 0.999992073 -0.001654107 -0.123587653 -0.002496283 0.001645117 0.999995530 3.326048136
0.999991834 0.003256798 0.002406530 0.050441150 -0.003253210 0.999993622 -0.001493563 -0.131443605 -0.002411379 0.001485722 0.999995947 3.582820415
0.999991059 0.003560135 0.002270201 0.059202876 -0.003556523 0.999992430 -0.001592896 -0.137871966 -0.002275855 0.001584807 0.999996126 3.821700573
0.999993742 0.002875435 0.002033747 0.069191709 -0.002872471 0.999994814 -0.001459028 -0.147440836 -0.002037932 0.001453177 0.999996841 4.099499702
0.999992251 0.003030283 0.002551529 0.054622885 -0.003028098 0.999995053 -0.000860065 -0.168353438 -0.002554123 0.000852332 0.999996364 4.287575245
0.999992013 0.003281811 0.002269996 0.066662781 -0.003279150 0.999993801 -0.001175328 -0.173122540 -0.002273839 0.001167875 0.999996722 4.550646782
0.999991953 0.002933497 0.002739718 0.069506086 -0.002930686 0.999995172 -0.001029621 -0.180634201 -0.002742725 0.001021583 0.999995708 4.823249340
0.999990463 0.003543593 0.002557967 0.089944378 -0.003540633 0.999993026 -0.001160788 -0.190438822 -0.002562063 0.001151720 0.999996066 5.091087818
0.999991357 0.003087613 0.002784703 0.076585911 -0.003086268 0.999995112 -0.000487054 -0.202746108 -0.002786193 0.000478456 0.999996006 5.355140686
0.999990284 0.003281050 0.002949082 0.077832952 -0.003279992 0.999994516 -0.000363519 -0.224159136 -0.002950259 0.000353842 0.999995589 5.570816994
0.999987304 0.004003685 0.003066881 0.077029325 -0.004003040 0.999992013 -0.000216228 -0.233941272 -0.003067723 0.000203948 0.999995232 5.832036972
0.999989152 0.003374351 0.003220920 0.086579293 -0.003373001 0.999994218 -0.000424298 -0.242040575 -0.003222333 0.000413429 0.999994755 6.113736153
0.999986768 0.003837987 0.003434687 0.092170030 -0.003837435 0.999992669 -0.000167353 -0.252476782 -0.003435304 0.000154170 0.999994099 6.390523434
0.999991536 0.003096755 0.002692006 0.105905622 -0.003097524 0.999995172 0.000281733 -0.269266456 -0.002691121 -0.000290069 0.999996364 6.657788754
0.999993026 0.002485774 0.002789138 0.120084591 -0.002487181 0.999996781 0.000501434 -0.281041294 -0.002787883 -0.000508368 0.999996066 6.947945118
0.999991000 0.003139389 0.002842161 0.126116902 -0.003140612 0.999994934 0.000425971 -0.288903117 -0.002840809 -0.000434894 0.999995947 7.251143456
0.999991715 0.002900270 0.002849137 0.135142356 -0.002901816 0.999995649 0.000538551 -0.303039879 -0.002847563 -0.000546815 0.999995887 7.556465149
0.999990463 0.003392023 0.002764229 0.143704638 -0.003394635 0.999993801 0.000940726 -0.310962647 -0.002761021 -0.000950100 0.999995828 7.897137642
0.999989033 0.003530385 0.003049858 0.138485640 -0.003531381 0.999993742 0.000321354 -0.316562146 -0.003048704 -0.000332121 0.999995232 8.198669434
0.999990165 0.003342920 0.002921201 0.150342628 -0.003342675 0.999994457 -0.000088420 -0.324136585 -0.002921480 0.000078654 0.999995708 8.526837349
0.999991536 0.002738234 0.003076546 0.150908113 -0.002739603 0.999996185 0.000441043 -0.331919730 -0.003075326 -0.000449467 0.999995172 8.873176575
0.999991655 0.002801182 0.002944099 0.168398574 -0.002803250 0.999995828 0.000698641 -0.350370497 -0.002942130 -0.000706888 0.999995351 9.213479042
0.999991596 0.002771619 0.003005606 0.174931139 -0.002774262 0.999995887 0.000875427 -0.372262090 -0.003003167 -0.000883758 0.999995112 9.511278152
0.999990523 0.003281507 0.002866288 0.184900358 -0.003284576 0.999993980 0.001066415 -0.386957973 -0.002862772 -0.001075819 0.999995291 9.849956512
0.999989152 0.003355638 0.003252368 0.179725021 -0.003358554 0.999993980 0.000891480 -0.397706598 -0.003249356 -0.000902393 0.999994338 10.227064133
0.999989033 0.003244504 0.003375877 0.176687896 -0.003249174 0.999993801 0.001378936 -0.412177533 -0.003371382 -0.001389890 0.999993384 10.588124275
0.999990642 0.002935290 0.003185993 0.206238180 -0.002938100 0.999995291 0.000877725 -0.416009098 -0.003183402 -0.000887077 0.999994457 10.927317619
0.999986947 0.003726965 0.003503798 0.206305623 -0.003729414 0.999992847 0.000692805 -0.425970227 -0.003501190 -0.000705863 0.999993622 11.322182655
0.999991179 0.002840475 0.003106982 0.219756246 -0.002843385 0.999995530 0.000932646 -0.434820324 -0.003104319 -0.000941472 0.999994695 11.707511902
0.999984384 0.004233346 0.003660154 0.224177912 -0.004237327 0.999990404 0.001080619 -0.449170262 -0.003655544 -0.001096111 0.999992788 12.054335594
0.999986053 0.003257369 0.004143590 0.233868226 -0.003264035 0.999993384 0.001602885 -0.470687240 -0.004138342 -0.001616387 0.999990046 12.402801514
0.999984443 0.003550825 0.004297719 0.244738743 -0.003557238 0.999992549 0.001485533 -0.478971094 -0.004292412 -0.001500798 0.999989629 12.805597305
0.999984980 0.003629545 0.004094138 0.257318795 -0.003636229 0.999992073 0.001626568 -0.493671447 -0.004088202 -0.001641431 0.999990284 13.216181755
0.999985456 0.003194408 0.004334911 0.276053905 -0.003203379 0.999992788 0.002064286 -0.497676790 -0.004328286 -0.002078143 0.999988377 13.642800331
0.999988317 0.002631193 0.004042491 0.279397219 -0.002639612 0.999994338 0.002078915 -0.519593835 -0.004036998 -0.002089561 0.999989688 13.982777596
0.999989212 0.002472553 0.003934904 0.290396065 -0.002480153 0.999995053 0.001927606 -0.537882209 -0.003930117 -0.001937344 0.999990463 14.405582428
0.999985158 0.002730377 0.004724158 0.296641439 -0.002741222 0.999993682 0.002290831 -0.545956671 -0.004717872 -0.002303746 0.999986231 14.840306282
0.999982357 0.002882987 0.005196491 0.296599925 -0.002897138 0.999992073 0.002717576 -0.561483026 -0.005188616 -0.002732582 0.999982774 15.220809937
0.999981999 0.002948322 0.005221377 0.321228355 -0.002962032 0.999992192 0.002619944 -0.570766568 -0.005213611 -0.002635363 0.999982953 15.689996719
0.999983072 0.002091147 0.005424914 0.320937812 -0.002104774 0.999994576 0.002507514 -0.604062974 -0.005419641 -0.002518890 0.999982119 16.066461563
0.999982238 0.002039698 0.005598359 0.335628092 -0.002051559 0.999995649 0.002113675 -0.612763405 -0.005594024 -0.002125123 0.999982059 16.518682480
0.999976397 0.002715130 0.006307859 0.343371779 -0.002729773 0.999993563 0.002313958 -0.622574210 -0.006301536 -0.002331123 0.999977410 16.990053177
0.999980986 0.001775614 0.005898510 0.361689061 -0.001790303 0.999995291 0.002485926 -0.634957135 -0.005894068 -0.002496439 0.999979556 17.442480087
0.999978006 0.001455790 0.006460886 0.371163607 -0.001474311 0.999994755 0.002862790 -0.655229330 -0.006456685 -0.002872253 0.999975026 17.911678314
0.999976277 0.001871431 0.006617986 0.389168859 -0.001892584 0.999993086 0.003191445 -0.676903486 -0.006611968 -0.003203894 0.999972999 18.315160751
0.999979496 0.001316463 0.006269256 0.409988165 -0.001338427 0.999992967 0.003500449 -0.691896260 -0.006264605 -0.003508769 0.999974191 18.784774780
0.999979794 0.001577238 0.006145437 0.429831624 -0.001596799 0.999993682 0.003179377 -0.696960151 -0.006140384 -0.003189126 0.999976039 19.266698837
0.999982178 0.001499630 0.005778281 0.445405900 -0.001521242 0.999992013 0.003737759 -0.716180801 -0.005772631 -0.003746482 0.999976277 19.772035599
0.999970257 0.003158680 0.007025299 0.445423752 -0.003187997 0.999986172 0.004165759 -0.737814009 -0.007012044 -0.004188031 0.999966621 20.180215836
0.999974489 0.002907290 0.006519275 0.462764025 -0.002935731 0.999986112 0.004357286 -0.753757715 -0.006506517 -0.004376313 0.999969244 20.679327011
0.999982059 0.001943163 0.005666932 0.477669030 -0.001959986 0.999993622 0.002964527 -0.751027584 -0.005661136 -0.002975581 0.999979556 21.211488724
0.999980330 0.002460986 0.005755605 0.489858240 -0.002485854 0.999987602 0.004317629 -0.786604106 -0.005744908 -0.004331851 0.999974072 21.716621399
0.999983311 0.001948668 0.005441902 0.486454427 -0.001975456 0.999985933 0.004921488 -0.805986941 -0.005432235 -0.004932156 0.999973059 22.099079132
0.999985456 0.001971777 0.005000164 0.486605108 -0.001997513 0.999984741 0.005147380 -0.821814299 -0.004989937 -0.005157293 0.999974251 22.616508484
0.999978602 0.002946208 0.005840110 0.483377457 -0.002972491 0.999985516 0.004496840 -0.829268932 -0.005826775 -0.004514104 0.999972880 23.164941788
0.999991953 0.001004936 0.003881692 0.521788418 -0.001023203 0.999988377 0.004706838 -0.846470535 -0.003876916 -0.004710771 0.999981403 23.584827423
0.999991655 0.002253005 0.003403031 0.529842377 -0.002270197 0.999984622 0.005056785 -0.857630670 -0.003391586 -0.005064468 0.999981403 24.109342575
0.999995708 0.002021400 0.002131247 0.551823497 -0.002032267 0.999984860 0.005109055 -0.871704578 -0.002120887 -0.005113363 0.999984682 24.644468307
0.999994338 0.002364305 0.002379606 0.545386791 -0.002375885 0.999985218 0.004875096 -0.874890924 -0.002368044 -0.004880722 0.999985278 25.170475006
0.999996305 0.001583604 0.002217053 0.556930661 -0.001594762 0.999985993 0.005039890 -0.889236808 -0.002209041 -0.005043407 0.999984801 25.716287613
0.999997556 0.001571939 0.001570665 0.577517033 -0.001580950 0.999982178 0.005752164 -0.902796268 -0.001561595 -0.005754633 0.999982238 26.233139038
0.999997616 0.001773511 0.001290542 0.587157965 -0.001781106 0.999980986 0.005907915 -0.921925545 -0.001280040 -0.005910200 0.999981701 26.760141373
0.999993980 0.003107621 0.001563823 0.600071788 -0.003116074 0.999980330 0.005432250 -0.935746253 -0.001546911 -0.005437090 0.999984026 27.306892395
0.999996066 0.002691840 0.000802431 0.607430279 -0.002696460 0.999979496 0.005813105 -0.948200345 -0.000786767 -0.005815246 0.999982774 27.800041199
0.999996126 0.002735839 0.000498350 0.623020649 -0.002738868 0.999977171 0.006182753 -0.967911780 -0.000481424 -0.006184094 0.999980748 28.344947815
0.999993861 0.003390006 0.000855549 0.602652311 -0.003394643 0.999979258 0.005479167 -0.975686610 -0.000836957 -0.005482038 0.999984622 28.920455933
0.999996543 0.002593817 -0.000455690 0.642792284 -0.002590989 0.999978006 0.006101426 -0.990885973 0.000471506 -0.006100226 0.999981284 29.407970428
0.999997020 0.002417854 -0.000428294 0.657638967 -0.002415223 0.999978840 0.006041389 -1.006054521 0.000442892 -0.006040336 0.999981642 29.952997208
0.999994695 0.003179866 -0.000701975 0.667861164 -0.003175704 0.999977887 0.005852940 -1.019210696 0.000720571 -0.005850680 0.999982595 30.493373871
0.999995589 0.002881034 -0.000759788 0.672568500 -0.002876107 0.999975324 0.006408324 -1.041603565 0.000778231 -0.006406110 0.999979198 31.014930725
0.999995947 0.002633308 -0.001129417 0.689927220 -0.002626111 0.999976575 0.006327273 -1.055814385 0.001146052 -0.006324281 0.999979377 31.558336258
0.999990404 0.004355366 -0.000496825 0.682465374 -0.004352742 0.999977171 0.005165527 -1.051787853 0.000519311 -0.005163314 0.999986589 32.088359833
0.999995589 0.002709635 -0.001203478 0.693795085 -0.002702226 0.999977767 0.006115756 -1.071057439 0.001220022 -0.006112478 0.999980569 32.576602936
0.999994576 0.003069658 -0.001277394 0.703243375 -0.003062187 0.999978423 0.005809680 -1.085862994 0.001295200 -0.005805737 0.999982297 33.141372681
0.999994874 0.002937132 -0.001315005 0.707753062 -0.002928414 0.999974012 0.006583949 -1.100345373 0.001334309 -0.006580063 0.999977469 33.669849396
0.999994278 0.002982661 -0.001686153 0.727316082 -0.002971763 0.999974847 0.006429300 -1.105698109 0.001705288 -0.006424251 0.999977887 34.168605804
0.999993801 0.002907414 -0.002016963 0.743887305 -0.002894710 0.999976158 0.006273011 -1.114568949 0.002035153 -0.006267132 0.999978304 34.701137543
0.999992847 0.002979005 -0.002323115 0.750820816 -0.002963620 0.999973834 0.006598161 -1.139035463 0.002342711 -0.006591230 0.999975562 35.249881744
0.999993086 0.003024405 -0.002163889 0.772752225 -0.003010407 0.999974668 0.006443342 -1.152349830 0.002183321 -0.006436784 0.999976873 35.812492371
0.999991834 0.003488115 -0.002020543 0.773945510 -0.003474980 0.999973059 0.006468009 -1.168416500 0.002043050 -0.006460935 0.999977052 36.364044189
0.999993503 0.002836832 -0.002225186 0.795142770 -0.002823127 0.999977112 0.006138142 -1.170091391 0.002242547 -0.006131819 0.999978602 36.916809082
0.999993503 0.002867325 -0.002195222 0.805806816 -0.002852389 0.999972939 0.006776490 -1.198296785 0.002214593 -0.006770184 0.999974608 37.451797485
0.999992847 0.002748330 -0.002594088 0.805170774 -0.002731583 0.999975562 0.006437168 -1.210657716 0.002611717 -0.006430036 0.999975860 37.978042603
0.999990046 0.003525497 -0.002750137 0.834699512 -0.003508476 0.999974787 0.006169472 -1.210134745 0.002771818 -0.006159760 0.999977112 38.516872406
0.999995172 0.001845031 -0.002490334 0.802010119 -0.001825641 0.999968112 0.007766097 -1.245199203 0.002504584 -0.007761512 0.999966741 38.988613129
0.999995172 0.001874151 -0.002456299 0.808187127 -0.001854837 0.999967456 0.007841974 -1.256433368 0.002470916 -0.007837379 0.999966264 39.543708801
0.999993622 0.002273117 -0.002753938 0.827343524 -0.002251623 0.999967098 0.007782992 -1.269832850 0.002771539 -0.007776743 0.999965906 40.079689026
0.999993324 0.002292880 -0.002819566 0.845782101 -0.002271838 0.999969661 0.007443611 -1.285839558 0.002836548 -0.007437154 0.999968350 40.648548126
0.999993801 0.002520761 -0.002442729 0.842431664 -0.002502315 0.999968529 0.007525319 -1.292077661 0.002461622 -0.007519160 0.999968648 41.196434021
0.999994874 0.001607962 -0.002759578 0.863781512 -0.001584484 0.999962687 0.008488841 -1.317451239 0.002773125 -0.008484428 0.999960124 41.667659760
0.999994755 0.002029061 -0.002541823 0.873413801 -0.002007327 0.999961615 0.008524062 -1.324532151 0.002559021 -0.008518915 0.999960423 42.221633911
0.999994934 0.001623142 -0.002733817 0.877258420 -0.001599381 0.999961138 0.008671307 -1.349369764 0.002747784 -0.008666891 0.999958694 42.726295471
0.999994993 0.001802114 -0.002601048 0.881128728 -0.001779933 0.999962270 0.008504718 -1.355580568 0.002616276 -0.008500045 0.999960423 43.264221191
0.999994814 0.001751027 -0.002690832 0.897447765 -0.001729290 0.999965966 0.008059312 -1.360533595 0.002704852 -0.008054619 0.999963820 43.813060760
0.999995887 0.001464193 -0.002455670 0.907496929 -0.001443724 0.999964356 0.008316554 -1.375248790 0.002467760 -0.008312973 0.999962389 44.340099335
0.999995887 0.001514484 -0.002433772 0.918246627 -0.001494264 0.999964535 0.008288590 -1.387779713 0.002446238 -0.008284920 0.999962628 44.855529785
0.999995053 0.001846500 -0.002520406 0.928947687 -0.001825837 0.999964893 0.008176209 -1.396233559 0.002535416 -0.008171568 0.999963403 45.402622223
0.999994099 0.002522644 -0.002326565 0.943990111 -0.002502447 0.999959469 0.008643438 -1.417462587 0.002348275 -0.008637565 0.999959946 45.940670013
0.999994338 0.001966564 -0.002716668 0.945517242 -0.001945323 0.999967694 0.007799685 -1.411282778 0.002731918 -0.007794357 0.999965906 46.500949860
0.999996066 0.001916668 -0.002046240 0.947474778 -0.001899611 0.999963701 0.008305498 -1.430903435 0.002062085 -0.008301578 0.999963403 46.994705200
0.999995351 0.001390953 -0.002723928 0.971198261 -0.001368038 0.999963760 0.008396151 -1.447532415 0.002735508 -0.008392384 0.999961019 47.526645660
0.999996603 0.001232062 -0.002303787 0.969777465 -0.001212210 0.999962270 0.008598756 -1.458413601 0.002314294 -0.008595934 0.999960363 48.091762543
0.999995351 0.001464920 -0.002690966 0.994109035 -0.001440433 0.999957681 0.009079176 -1.474579215 0.002704152 -0.009075258 0.999955118 48.633575439
0.999995768 0.001445130 -0.002528995 0.994702458 -0.001422604 0.999959528 0.008886215 -1.489221334 0.002541735 -0.008882582 0.999957323 49.175392151
0.999996245 0.001498291 -0.002326902 0.995426059 -0.001475842 0.999952734 0.009619273 -1.509365916 0.002341205 -0.009615804 0.999951005 49.736850739
0.999995589 0.001864373 -0.002319983 1.009626627 -0.001843313 0.999957383 0.009046897 -1.513940930 0.002336751 -0.009042579 0.999956369 50.257324219
0.999994874 0.001741420 -0.002691894 1.015155911 -0.001716982 0.999957561 0.009054308 -1.522475600 0.002707547 -0.009049640 0.999955356 50.798099518
0.999993801 0.001020145 -0.003369406 1.046164751 -0.000988816 0.999956369 0.009286699 -1.536253333 0.003378733 -0.009283310 0.999951184 51.314163208
0.999996543 0.001598424 -0.002096104 1.022616029 -0.001578190 0.999952435 0.009619906 -1.556271911 0.002111381 -0.009616564 0.999951482 51.855175018
0.999997139 0.001276306 -0.002074413 1.028725266 -0.001256808 0.999955356 0.009373741 -1.566278458 0.002086285 -0.009371106 0.999953926 52.404327393
0.999996424 0.001552079 -0.002181705 1.043456554 -0.001531847 0.999956071 0.009244998 -1.579449415 0.002195959 -0.009241622 0.999954939 52.943588257
0.999995768 0.002584382 -0.001347848 1.020918608 -0.002571262 0.999950171 0.009646376 -1.589244604 0.001372711 -0.009642868 0.999952555 53.444072723
0.999996126 0.002195524 -0.001724811 1.058269978 -0.002179254 0.999953628 0.009378853 -1.600896001 0.001745323 -0.009375055 0.999954522 53.982166290
0.999995530 0.002607915 -0.001508397 1.066171408 -0.002593524 0.999951839 0.009464930 -1.608419180 0.001533008 -0.009460974 0.999954104 54.524929047
0.999996722 0.002140674 -0.001462958 1.064886570 -0.002126980 0.999954462 0.009298943 -1.619209290 0.001482797 -0.009295800 0.999955654 55.071273804
0.999997437 0.001451234 -0.001722111 1.092697620 -0.001434178 0.999950290 0.009864429 -1.641834021 0.001736341 -0.009861934 0.999949872 55.561580658
0.999997556 0.001416969 -0.001681277 1.109610558 -0.001400495 0.999951363 0.009759469 -1.646639347 0.001695024 -0.009757090 0.999951005 56.096755981
0.999997675 0.001641244 -0.001331746 1.113459945 -0.001628539 0.999953628 0.009485128 -1.652609587 0.001347251 -0.009482938 0.999954164 56.675083160
0.999997497 0.001807010 -0.001223057 1.130396366 -0.001795071 0.999951363 0.009693279 -1.675864220 0.001240513 -0.009691060 0.999952316 57.242492676
0.999997616 0.001406725 -0.001681856 1.139479280 -0.001390927 0.999955237 0.009357977 -1.671438217 0.001694945 -0.009355617 0.999954820 57.728656769
0.999997973 0.001287327 -0.001563625 1.145774961 -0.001272644 0.999955416 0.009355644 -1.680337667 0.001575599 -0.009353634 0.999955058 58.273952484
0.999998391 0.001472699 -0.000990325 1.157699227 -0.001463195 0.999953508 0.009530223 -1.699725628 0.001004314 -0.009528759 0.999954104 58.814727783
0.999998093 0.001395368 -0.001371771 1.155732989 -0.001381649 0.999949515 0.009951040 -1.699524879 0.001385586 -0.009949125 0.999949574 59.322952271
0.999998689 0.001400927 -0.000814398 1.166604996 -0.001393183 0.999954581 0.009432317 -1.714100838 0.000827575 -0.009431169 0.999955177 59.876155853
0.999995649 0.002745523 -0.001016161 1.212900162 -0.002735071 0.999944746 0.010148101 -1.746986270 0.001043967 -0.010145279 0.999948025 60.364791870
0.999997556 0.001531056 -0.001619955 1.221972942 -0.001515446 0.999952793 0.009594271 -1.759292722 0.001634568 -0.009591789 0.999952674 60.937423706
0.999998450 0.001471698 -0.000989041 1.217489839 -0.001461750 0.999949038 0.009984702 -1.753053904 0.001003686 -0.009983242 0.999949634 61.445453644
0.999998212 0.001535935 -0.001107855 1.225462079 -0.001524166 0.999943197 0.010546535 -1.766744733 0.001123991 -0.010544827 0.999943793 61.975421906
0.999997735 0.001370954 -0.001675759 1.246562839 -0.001354023 0.999948382 0.010062850 -1.781605721 0.001689469 -0.010060558 0.999947965 62.502220154
0.999996126 0.002464116 -0.001215236 1.235390902 -0.002451890 0.999947429 0.009961168 -1.784664392 0.001239718 -0.009958151 0.999949574 63.095653534
0.999997735 0.001184608 -0.001772902 1.244536757 -0.001167331 0.999952137 0.009714795 -1.804821968 0.001784326 -0.009712704 0.999951184 63.668148041
0.999997616 0.001383759 -0.001673113 1.276882529 -0.001366457 0.999946058 0.010298875 -1.803074360 0.001687274 -0.010296563 0.999945581 64.141433716
0.999998927 0.000486166 -0.001361143 1.295226216 -0.000472218 0.999947608 0.010229811 -1.813359737 0.001366046 -0.010229156 0.999946773 64.679946899
0.999998808 0.000267331 -0.001452714 1.297943592 -0.000251817 0.999943078 0.010668988 -1.827565670 0.001455484 -0.010668609 0.999942005 65.222023010
0.999998748 0.000909554 -0.001282510 1.316640019 -0.000895973 0.999943912 0.010550225 -1.831711411 0.001292035 -0.010549062 0.999943495 65.734062195
0.999998987 0.000804909 -0.001189774 1.325711727 -0.000792195 0.999943018 0.010648087 -1.844573021 0.001198277 -0.010647132 0.999942601 66.281608582
0.999998391 0.000948670 -0.001486472 1.340888619 -0.000933124 0.999945223 0.010424528 -1.849824190 0.001496279 -0.010423126 0.999944508 66.811798096
0.999999344 0.000789498 -0.000780033 1.340131283 -0.000781504 0.999947786 0.010196357 -1.855077744 0.000788042 -0.010195740 0.999947667 67.342239380
0.999999046 0.001013927 -0.000956955 1.353096128 -0.001003904 0.999945223 0.010416718 -1.862040281 0.000967464 -0.010415746 0.999945283 67.863517761
0.999998808 0.000194257 -0.001495608 1.358970761 -0.000179731 0.999952853 0.009706023 -1.859526634 0.001497424 -0.009705743 0.999951780 68.447052002
0.999998987 0.000826960 -0.001171235 1.374747038 -0.000815080 0.999948621 0.010107921 -1.868746042 0.001179533 -0.010106955 0.999948204 68.981140137
0.999999464 0.000297538 -0.001005595 1.382624745 -0.000287546 0.999950707 0.009921912 -1.873979092 0.001008498 -0.009921617 0.999950230 69.475532532
0.999999344 0.000346266 -0.001066273 1.408680677 -0.000336387 0.999957204 0.009251045 -1.880353451 0.001069431 -0.009250682 0.999956667 69.994140625
0.999997854 0.002016175 -0.000328213 1.400912285 -0.002013090 0.999956191 0.009141931 -1.901934147 0.000346631 -0.009141251 0.999958217 70.544311523
0.999999702 0.000036573 -0.000802345 1.400424480 -0.000029080 0.999956369 0.009337480 -1.897138238 0.000802652 -0.009337454 0.999956012 71.104789734
0.999999344 0.000231642 -0.001186610 1.409806252 -0.000220508 0.999956071 0.009374431 -1.909547567 0.001188730 -0.009374164 0.999955297 71.661659241
0.999998927 0.001430837 -0.000235109 1.412184000 -0.001428670 0.999958813 0.008968703 -1.914134979 0.000247932 -0.008968357 0.999959707 72.200645447
0.999999881 0.000199435 -0.000332340 1.422016144 -0.000196432 0.999959290 0.009014242 -1.915074348 0.000334124 -0.009014179 0.999959230 72.685493469
1.000000000 -0.000043471 -0.000300021 1.433931231 0.000046293 0.999955714 0.009413188 -1.930804729 0.000299598 -0.009413202 0.999955595 73.233810425
1.000000000 -0.000069817 -0.000339396 1.449773073 0.000072837 0.999960303 0.008908453 -1.930358410 0.000338760 -0.008908479 0.999960244 73.744087219
0.999999940 0.000204052 0.000236882 1.448932290 -0.000206212 0.999958098 0.009153677 -1.957548976 -0.000235004 -0.009153725 0.999958038 74.245338440
0.999999762 0.000528597 0.000411295 1.469724894 -0.000532385 0.999956965 0.009265626 -1.971370220 -0.000406380 -0.009265841 0.999957025 74.775405884
1.000000000 0.000006274 0.000288699 1.493438601 -0.000008939 0.999957383 0.009230508 -1.989839435 -0.000288628 -0.009230509 0.999957383 75.342208862
0.999999940 0.000220875 -0.000131213 1.497608185 -0.000219724 0.999962211 0.008706044 -1.983774900 0.000133132 -0.008706015 0.999962091 75.843910217
0.999999762 0.000572390 -0.000399684 1.510864615 -0.000568792 0.999959886 0.008944092 -1.996226549 0.000404788 -0.008943863 0.999959946 76.398284912
0.999999821 0.000398785 0.000503635 1.504045486 -0.000403191 0.999961376 0.008778015 -2.013570786 -0.000500116 -0.008778215 0.999961257 76.897888184
0.999999881 0.000235016 0.000502744 1.514446259 -0.000239380 0.999962151 0.008697594 -2.017115116 -0.000500682 -0.008697713 0.999961972 77.445983887
0.999999881 0.000023547 0.000313031 1.527945638 -0.000026298 0.999961495 0.008790311 -2.020552635 -0.000312811 -0.008790321 0.999961317 77.936073303
0.999999225 0.000683447 0.001016385 1.535951376 -0.000692551 0.999959409 0.008984115 -2.030897141 -0.001010202 -0.008984812 0.999959171 78.492889404
0.999998331 0.000289714 0.001811316 1.553182840 -0.000305209 0.999963343 0.008560114 -2.049062252 -0.001808769 -0.008560652 0.999961674 79.050270081
0.999992490 0.000439487 0.003849747 1.533738613 -0.000473154 0.999961734 0.008748647 -2.044481277 -0.003845755 -0.008750405 0.999954343 79.509559631
0.999986589 0.000204602 0.005169088 1.540933132 -0.000248828 0.999963343 0.008556711 -2.055793285 -0.005167148 -0.008557881 0.999950051 80.060363770
0.999983191 0.000027046 0.005807426 1.545811296 -0.000078026 0.999961495 0.008778406 -2.053333282 -0.005806966 -0.008778711 0.999944627 80.585731506
0.999964118 -0.000135749 0.008466217 1.594056845 0.000061249 0.999961257 0.008799347 -2.075867891 -0.008467083 -0.008798513 0.999925435 81.112518311
0.999927998 0.000622770 0.011983370 1.618066549 -0.000726276 0.999962389 0.008635013 -2.083103657 -0.011977543 -0.008643095 0.999890924 81.649642944
0.999883235 0.000243362 0.015275099 1.624522924 -0.000375854 0.999962270 0.008671464 -2.079323530 -0.015272414 -0.008676194 0.999845684 82.151672363
0.999813437 0.000179276 0.019308928 1.657875419 -0.000349208 0.999961197 0.008797642 -2.102110386 -0.019306604 -0.008802745 0.999774814 82.697853088
0.999664247 0.001606254 0.025860362 1.678218603 -0.001827543 0.999961913 0.008535700 -2.110842705 -0.025845667 -0.008580094 0.999629080 83.207481384
0.999507427 0.000903672 0.031367544 1.727093220 -0.001159944 0.999966145 0.008152742 -2.106970787 -0.031359114 -0.008185112 0.999474645 83.732765198
0.999303699 0.000173800 0.037309717 1.730004311 -0.000499676 0.999961793 0.008725212 -2.135541201 -0.037306774 -0.008737779 0.999265611 84.239837646
0.998932183 0.000252509 0.046199065 1.776453733 -0.000657206 0.999961495 0.008744869 -2.144305229 -0.046195082 -0.008765894 0.998893976 84.790222168
0.998528242 0.000833078 0.054228120 1.822945595 -0.001317353 0.999959469 0.008895178 -2.165909529 -0.054218501 -0.008953525 0.998488963 85.309654236
0.998099267 0.001386276 0.061610427 1.872380972 -0.001961423 0.999955058 0.009275727 -2.177649498 -0.061594799 -0.009378942 0.998057306 85.887557983
0.997593164 -0.000969662 0.069330819 1.921220303 0.000393699 0.999965250 0.008320647 -2.159064293 -0.069336474 -0.008273326 0.997559011 86.409248352
0.996820450 -0.000562055 0.079677299 1.982318878 -0.000085234 0.999967039 0.008120245 -2.168357611 -0.079679228 -0.008101219 0.996787608 86.953796387
0.996028662 -0.001449912 0.089020774 2.019612312 0.000705710 0.999964535 0.008390767 -2.177028656 -0.089029774 -0.008294623 0.995994389 87.462310791
0.995273530 -0.001460228 0.097101077 2.101625919 0.000697233 0.999968708 0.007891209 -2.189836740 -0.097109556 -0.007786206 0.995243251 87.997047424
0.994208932 -0.001942658 0.107446440 2.100169182 0.001049661 0.999964416 0.008367016 -2.198014259 -0.107458867 -0.008205780 0.994175673 88.396514893
0.992980957 -0.001859700 0.118259713 2.189501762 0.000807930 0.999959707 0.008941044 -2.215281248 -0.118271574 -0.008782740 0.992942512 88.928283691
0.991958678 -0.002203673 0.126542896 2.302558899 0.001084606 0.999959588 0.008911604 -2.248205662 -0.126557440 -0.008702693 0.991921127 89.396179199
0.990448833 -0.002107026 0.137864709 2.388914108 0.000872136 0.999958992 0.009017049 -2.259228468 -0.137878060 -0.008810690 0.990409970 89.990165710
0.988637030 -0.002586606 0.150300026 2.493078232 0.001291605 0.999961197 0.008713085 -2.267331600 -0.150316745 -0.008419949 0.988602102 90.538162231
0.986982644 -0.002520544 0.160806552 2.608783722 0.001102137 0.999959707 0.008909168 -2.293855667 -0.160822541 -0.008615966 0.986945748 91.065696716
0.985370159 -0.002457187 0.170409843 2.722483635 0.000902809 0.999957263 0.009198302 -2.302366018 -0.170425147 -0.008909886 0.985330343 91.608551025
0.983078420 -0.001785636 0.183176666 2.834951401 0.000031256 0.999954164 0.009579964 -2.318018436 -0.183185384 -0.009412131 0.983033359 92.149337769
0.980723262 -0.002416249 0.195386827 2.968178749 0.000604115 0.999956250 0.009333652 -2.338167191 -0.195400864 -0.009035694 0.980681837 92.648445129
0.978595436 -0.003277753 0.205767125 3.106183052 0.001450751 0.999958098 0.009029225 -2.344617367 -0.205788091 -0.008537442 0.978559375 93.191558838
0.975607455 -0.002701008 0.219505787 3.249801636 0.000676153 0.999956489 0.009299214 -2.358658314 -0.219521374 -0.008923964 0.975566924 93.724914551
0.972394705 -0.003340319 0.233318090 3.354598999 0.001146172 0.999953806 0.009539055 -2.367833138 -0.233339205 -0.009008303 0.972353637 94.202751160
0.969611585 -0.003549733 0.244623765 3.511501312 0.001150886 0.999949872 0.009948514 -2.382629395 -0.244646847 -0.009364659 0.969567001 94.745979309
0.966100693 -0.002013799 0.258157820 3.673522949 -0.000615092 0.999948859 0.010102100 -2.400540590 -0.258164972 -0.009918435 0.966049910 95.276611328
0.962643206 -0.005162559 0.270723850 3.827680588 0.002634960 0.999949515 0.009699081 -2.408585548 -0.270760238 -0.008623406 0.962608218 95.787597656
0.958900809 -0.005028712 0.283696830 4.008630753 0.002433527 0.999951899 0.009499435 -2.417881489 -0.283730954 -0.008418633 0.958866954 96.311744690
0.955468476 -0.005784614 0.295036465 4.191987991 0.002877426 0.999942899 0.010286844 -2.430094481 -0.295079142 -0.008979811 0.955430627 96.880035400
0.951010406 -0.005874443 0.309102803 4.380126953 0.002695919 0.999938965 0.010709179 -2.440928698 -0.309146851 -0.009351226 0.950968325 97.413475037
0.946488261 -0.005992567 0.322682649 4.582733154 0.002781745 0.999942064 0.010410626 -2.443864822 -0.322726250 -0.008955915 0.946449995 97.942665100
0.942779899 -0.007495270 0.333331287 4.799930573 0.004201652 0.999934971 0.010600710 -2.452099800 -0.333389074 -0.008593595 0.942750156 98.464637756
0.938024104 -0.006663326 0.346505731 5.005086899 0.003342839 0.999942601 0.010179573 -2.457898140 -0.346553713 -0.008390371 0.937992752 98.979476929
0.932764411 -0.007476451 0.360408723 5.209796906 0.003848922 0.999934494 0.010781712 -2.478960037 -0.360465795 -0.008669614 0.932732105 99.476165771
0.927961111 -0.008386143 0.372582465 5.445661545 0.004786942 0.999932587 0.010584182 -2.481549740 -0.372646123 -0.008038180 0.927938759 100.006561279
0.923115730 -0.007949845 0.384439826 5.675374985 0.004161247 0.999934256 0.010685700 -2.495230198 -0.384499580 -0.008264390 0.923088193 100.504516602
0.916733205 -0.008064769 0.399418503 5.888862610 0.004234313 0.999936223 0.010471514 -2.484236240 -0.399477571 -0.007908322 0.916708887 101.094749451
0.911077619 -0.009214127 0.412131965 6.142742157 0.005434393 0.999931812 0.010342184 -2.494789600 -0.412199140 -0.007182845 0.911065519 101.583656311
0.906107306 -0.008806354 0.422956318 6.386917114 0.004655453 0.999930322 0.010846041 -2.503890991 -0.423022360 -0.007858624 0.906085134 102.080184937
0.900514305 -0.009451530 0.434723765 6.654064178 0.005103983 0.999924600 0.011167108 -2.516692162 -0.434796542 -0.007837318 0.900494695 102.562828064
0.893398881 -0.010968563 0.449130386 6.915996552 0.006551772 0.999913692 0.011387051 -2.543137550 -0.449216545 -0.007230578 0.893393636 103.075271606
0.887711823 -0.011882816 0.460246205 7.197715759 0.007502723 0.999907494 0.011344933 -2.553655624 -0.460338384 -0.006617932 0.887718856 103.545471191
0.881252289 -0.010604700 0.472527236 7.449943542 0.005953190 0.999917984 0.011338116 -2.564303398 -0.472608685 -0.007178697 0.881243050 104.014579773
0.873966157 -0.010735198 0.485868216 7.740074158 0.005916749 0.999916911 0.011450159 -2.577297211 -0.485950768 -0.007132290 0.873957098 104.480239868
0.866721392 -0.010610512 0.498679727 8.033473969 0.005703711 0.999919176 0.011362254 -2.577899456 -0.498759985 -0.007003583 0.866711855 104.946121216
