1.000000000 0.000000000 0.000000000 0.000000000 0.000000000 1.000000000 0.000000000 0.000000000 0.000000000 0.000000000 1.000000000 0.000000000
0.999999940 -0.000362555 0.000026457 0.000582311 0.000362555 0.999999940 0.000003686 0.000555731 -0.000026459 -0.000003676 1.000000000 0.000700552
0.999999940 -0.000238503 0.000138842 -0.000586569 0.000238480 0.999999940 0.000164425 -0.000332564 -0.000138881 -0.000164391 1.000000000 0.000884147
1.000000000 0.000058436 -0.000020823 0.000292034 -0.000058433 1.000000000 0.000138465 -0.000216700 0.000020831 -0.000138464 1.000000000 0.000124766
1.000000000 0.000117071 0.000090592 -0.000545225 -0.000117074 1.000000000 0.000024231 0.000733016 -0.000090589 -0.000024242 1.000000000 0.000535315
0.999999940 -0.000261030 0.000090304 -0.000331110 0.000261031 0.999999940 -0.000014279 0.000838068 -0.000090300 0.000014303 1.000000000 -0.000399329
0.999999940 -0.000321217 0.000192433 -0.001228620 0.000321215 0.999999940 0.000009692 0.000703907 -0.000192436 -0.000009630 1.000000000 0.000893649
0.999999940 -0.000303547 0.000113849 0.000250330 0.000303537 0.999999940 0.000088938 0.000738169 -0.000113876 -0.000088903 1.000000000 0.002645617
1.000000000 -0.000140782 0.000114728 -0.000263702 0.000140779 1.000000000 0.000023067 0.001596135 -0.000114731 -0.000023051 1.000000000 0.004075147
1.000000000 -0.000037786 0.000160415 -0.000490077 0.000037810 1.000000000 -0.000146231 0.000935338 -0.000160409 0.000146237 1.000000000 -0.000618492
1.000000000 -0.000101237 0.000120654 0.000922782 0.000101245 1.000000000 -0.000062909 0.001670143 -0.000120648 0.000062922 1.000000000 0.002067428
1.000000000 0.000039429 0.000060825 0.000313987 -0.000039431 1.000000000 0.000041883 -0.000041603 -0.000060824 -0.000041885 1.000000000 0.000135324
1.000000000 -0.000010161 0.000115358 0.000138743 0.000010174 1.000000000 -0.000110937 0.001953081 -0.000115357 0.000110939 1.000000000 0.001926302
0.999999940 -0.000267384 0.000084142 -0.000480005 0.000267381 0.999999940 0.000036661 0.000912315 -0.000084152 -0.000036639 1.000000000 0.000913923
1.000000000 -0.000040374 0.000165361 -0.000211986 0.000040384 1.000000000 -0.000058796 0.000896785 -0.000165358 0.000058803 1.000000000 0.001048532
1.000000000 -0.000173787 0.000005529 0.001213217 0.000173786 0.999999940 0.000216744 -0.000557872 -0.000005567 -0.000216743 1.000000000 0.000257292
0.999999881 -0.000422584 0.000027167 0.000322422 0.000422577 0.999999881 0.000268083 -0.001137210 -0.000027281 -0.000268072 0.999999940 -0.000655895
0.999999940 -0.000222295 0.000134502 -0.000475742 0.000222283 1.000000000 0.000089434 0.000475678 -0.000134522 -0.000089404 1.000000000 0.000740091
1.000000000 -0.000086059 0.000149656 -0.000899228 0.000086060 1.000000000 -0.000011453 0.000913251 -0.000149655 0.000011466 1.000000000 0.000694992
0.999999940 0.000306578 0.000050102 -0.000556218 -0.000306585 0.999999940 0.000141162 0.000128943 -0.000050059 -0.000141178 1.000000000 0.000376456
1.000000000 -0.000140932 -0.000003142 0.000722836 0.000140932 1.000000000 0.000098960 0.000307120 0.000003128 -0.000098961 1.000000000 -0.000096395
0.999999940 0.000234271 0.000172035 -0.001448172 -0.000234294 0.999999940 0.000133807 0.000416710 -0.000172003 -0.000133848 1.000000000 0.000789701
1.000000000 -0.000189931 0.000087336 0.000037937 0.000189921 1.000000000 0.000105722 0.000346429 -0.000087356 -0.000105705 1.000000000 0.000185563
1.000000000 -0.000193138 0.000086135 0.000903955 0.000193137 1.000000000 0.000014854 0.000425361 -0.000086138 -0.000014837 1.000000000 0.000997976
1.000000000 0.000122519 0.000166818 -0.000633009 -0.000122532 1.000000000 0.000073514 0.000514900 -0.000166809 -0.000073535 1.000000000 0.000363503
1.000000000 -0.000222773 0.000095560 0.000899578 0.000222761 0.999999940 0.000124662 0.000905771 -0.000095588 -0.000124641 1.000000000 0.000634559
1.000000000 -0.000175772 0.000124141 -0.000630346 0.000175755 1.000000000 0.000138021 -0.000177617 -0.000124165 -0.000137999 1.000000000 -0.000307691
1.000000000 -0.000218139 0.000058785 -0.000559618 0.000218129 0.999999940 0.000162420 -0.000723892 -0.000058820 -0.000162407 1.000000000 -0.001242141
0.999999940 0.000216007 0.000213356 -0.001456095 -0.000216063 0.999999940 0.000259449 -0.000351525 -0.000213299 -0.000259495 0.999999940 0.000715488
1.000000000 0.000062077 0.000036762 0.000124138 -0.000062087 0.999999940 0.000257311 -0.000765803 -0.000036746 -0.000257313 0.999999940 -0.000293029
0.999999940 -0.000227574 0.000142488 -0.000303300 0.000227561 0.999999940 0.000092168 -0.000139850 -0.000142509 -0.000092135 1.000000000 -0.000578443
1.000000000 -0.000190005 0.000082724 -0.000335932 0.000189985 0.999999940 0.000243327 -0.001586439 -0.000082770 -0.000243312 0.999999940 -0.001733532
1.000000000 0.000096261 0.000097775 -0.000723709 -0.000096286 0.999999940 0.000252385 -0.001641727 -0.000097750 -0.000252394 0.999999940 -0.001973534
1.000000000 0.000086264 0.000209551 -0.001346658 -0.000086276 1.000000000 0.000058019 0.000148351 -0.000209546 -0.000058037 1.000000000 0.000067452
1.000000000 -0.000152930 0.000075403 0.000298348 0.000152929 1.000000000 0.000016075 0.000779177 -0.000075405 -0.000016064 1.000000000 -0.000014936
0.999999940 0.000189363 0.000158749 -0.000948340 -0.000189388 0.999999940 0.000160139 0.000264267 -0.000158718 -0.000160169 1.000000000 0.000348593
1.000000000 -0.000140770 0.000144472 0.000054768 0.000140757 1.000000000 0.000095619 0.000653983 -0.000144486 -0.000095599 1.000000000 0.000170766
1.000000000 -0.000164451 0.000143977 -0.000164296 0.000164419 0.999999940 0.000226000 -0.000430199 -0.000144014 -0.000225976 0.999999940 0.000471710
1.000000000 -0.000015987 0.000117150 -0.000309713 0.000015973 1.000000000 0.000117369 -0.000547599 -0.000117152 -0.000117367 1.000000000 -0.001586988
1.000000000 0.000019993 0.000208896 -0.001222916 -0.000020034 1.000000000 0.000200688 -0.000579450 -0.000208892 -0.000200693 0.999999940 -0.000732328
0.999999940 0.000020981 0.000358116 -0.001587553 -0.000020930 1.000000000 -0.000143485 0.001232289 -0.000358119 0.000143478 0.999999940 0.001629581
1.000000000 -0.000071940 0.000178896 0.000655633 0.000072035 0.999999881 -0.000532230 -0.002905388 -0.000178857 0.000532243 0.999999821 0.049718611
0.999994457 0.003325333 0.000232957 -0.010911313 -0.003325155 0.999994159 -0.000760177 -0.008877211 -0.000235484 0.000759398 0.999999642 0.134280384
0.999993503 0.003620730 0.000005262 -0.006647415 -0.003620723 0.999992907 -0.001077475 -0.011705784 -0.000009163 0.001077448 0.999999404 0.249796852
0.999996543 0.002600648 -0.000184791 -0.004827884 -0.002600816 0.999996126 -0.000909978 -0.015486314 0.000182424 0.000910455 0.999999583 0.383588672
0.999996662 0.002591201 0.000055946 -0.004549075 -0.002591138 0.999996006 -0.001091726 -0.018359035 -0.000058775 0.001091578 0.999999404 0.522977710
0.999996543 0.002629420 -0.000193376 0.000474998 -0.002629637 0.999995887 -0.001125126 -0.022064794 0.000190417 0.001125630 0.999999404 0.679429710
0.999996424 0.002662637 0.000043408 0.001108398 -0.002662601 0.999996126 -0.000793415 -0.025367556 -0.000045520 0.000793296 0.999999702 0.833271146
0.999995887 0.002895978 -0.000011570 0.003907151 -0.002895987 0.999995410 -0.000858612 -0.029275464 0.000009084 0.000858642 0.999999642 1.001793623
0.999996364 0.002682837 0.000193638 0.008125331 -0.002682727 0.999996185 -0.000568351 -0.035354648 -0.000195162 0.000567829 0.999999881 1.183567405
0.999997854 0.002051153 -0.000233763 0.016427999 -0.002051130 0.999997854 0.000097499 -0.045542121 0.000233963 -0.000097019 0.999999940 1.351030946
0.999996543 0.002603893 -0.000389359 0.031374704 -0.002603974 0.999996543 -0.000207179 -0.051960189 0.000388819 0.000208192 0.999999940 1.541563749
0.999996185 0.002766972 -0.000059380 0.021124121 -0.002766993 0.999996126 -0.000349312 -0.046202969 0.000058413 0.000349475 0.999999940 1.752577782
0.999994993 0.003136405 -0.000357550 0.023925792 -0.003136516 0.999995053 -0.000310463 -0.052425716 0.000356575 0.000311583 0.999999881 1.951700449
0.999997258 0.002353879 0.000047530 0.028351670 -0.002353882 0.999997258 0.000058541 -0.060150821 -0.000047392 -0.000058653 0.999999940 2.163106918
0.999994993 0.003114820 0.000405663 0.023336280 -0.003114840 0.999995112 0.000050366 -0.068906851 -0.000405504 -0.000051629 0.999999940 2.396096706
0.999995589 0.002921087 0.000531886 0.029184552 -0.002921039 0.999995768 -0.000090434 -0.073366925 -0.000532148 0.000088880 0.999999881 2.615864754
0.999995351 0.002988451 0.000536688 0.032735158 -0.002988654 0.999995530 0.000378900 -0.083933070 -0.000535553 -0.000380502 0.999999762 2.847677946
0.999992490 0.003801303 0.000710579 0.038630847 -0.003801008 0.999992669 -0.000416084 -0.081942558 -0.000712156 0.000413380 0.999999642 3.093058109
0.999992609 0.003795211 0.000565367 0.038064506 -0.003795035 0.999992728 -0.000310897 -0.089047983 -0.000566543 0.000308749 0.999999821 3.325854540
0.999992371 0.003800060 0.000861594 0.044074588 -0.003800220 0.999992788 0.000185047 -0.099492773 -0.000860885 -0.000188320 0.999999702 3.573704243
0.999992251 0.003850392 0.000737199 0.048510663 -0.003850392 0.999992549 -0.000000797 -0.103718482 -0.000737196 -0.000002041 0.999999702 3.828997612
0.999994040 0.003392758 0.000651127 0.056402799 -0.003392719 0.999994278 -0.000061607 -0.107021682 -0.000651333 0.000059397 0.999999762 4.089391232
0.999994576 0.003282648 0.000234419 0.063023508 -0.003282702 0.999994516 0.000232770 -0.123808339 -0.000233653 -0.000233538 0.999999881 4.350289345
0.999996543 0.002609108 0.000157156 0.071472317 -0.002609084 0.999996543 -0.000151046 -0.127401397 -0.000157549 0.000150636 0.999999940 4.609667301
0.999996841 0.002466120 0.000420178 0.077665836 -0.002466286 0.999996841 0.000394981 -0.137253955 -0.000419202 -0.000396016 0.999999881 4.867574692
0.999996245 0.002677609 0.000445099 0.082174160 -0.002677800 0.999996245 0.000428836 -0.144785702 -0.000443949 -0.000430027 0.999999762 5.128653526
0.999995887 0.002699764 0.000877563 0.075913988 -0.002700160 0.999996185 0.000450611 -0.152641401 -0.000876344 -0.000452979 0.999999523 5.389014721
0.999996126 0.002613677 0.000942328 0.078472063 -0.002613977 0.999996543 0.000317032 -0.158776432 -0.000941496 -0.000319494 0.999999523 5.653933525
0.999996722 0.002370565 0.000977332 0.084825441 -0.002371343 0.999996841 0.000795317 -0.172876567 -0.000975444 -0.000797632 0.999999166 5.919243813
0.999996006 0.002668538 0.000887562 0.097867064 -0.002668913 0.999996305 0.000420568 -0.179278314 -0.000886437 -0.000422936 0.999999464 6.190097809
0.999994993 0.002972314 0.001070315 0.097271085 -0.002972810 0.999995530 0.000462578 -0.185691059 -0.001068935 -0.000465757 0.999999285 6.476279736
0.999993086 0.003470923 0.001340927 0.093499772 -0.003470889 0.999993980 -0.000028039 -0.189617634 -0.001341017 0.000023384 0.999999106 6.793323994
0.999991059 0.003938336 0.001530406 0.096416600 -0.003938928 0.999992132 0.000384211 -0.203459129 -0.001528881 -0.000390236 0.999998748 7.084715366
0.999995947 0.002651449 0.000964816 0.109178469 -0.002651616 0.999996483 0.000171490 -0.209114417 -0.000964358 -0.000174048 0.999999523 7.412611961
0.999995053 0.002681943 0.001607643 0.109695405 -0.002682686 0.999996245 0.000460037 -0.222610399 -0.001606403 -0.000464348 0.999998629 7.716748238
0.999994993 0.002702923 0.001650005 0.113512576 -0.002704239 0.999996066 0.000795748 -0.231660366 -0.001647847 -0.000800206 0.999998391 8.032269478
0.999994636 0.002578835 0.002018341 0.118484661 -0.002580232 0.999996424 0.000689608 -0.240179181 -0.002016556 -0.000694812 0.999997735 8.361187935
0.999994040 0.002767670 0.002074341 0.122027986 -0.002768124 0.999996126 0.000215572 -0.246454537 -0.002073736 -0.000221312 0.999997854 8.695388794
0.999995172 0.002145200 0.002246736 0.129893377 -0.002146742 0.999997556 0.000684037 -0.258472025 -0.002245263 -0.000688857 0.999997199 9.046929359
0.999996901 0.001499209 0.001948830 0.140095159 -0.001500419 0.999998689 0.000619226 -0.269717872 -0.001947900 -0.000622148 0.999997854 9.384022713
0.999994457 0.002527450 0.002139335 0.143678293 -0.002528815 0.999996543 0.000635438 -0.276105344 -0.002137721 -0.000640845 0.999997497 9.734683037
0.999995232 0.002430000 0.001904584 0.151778668 -0.002431512 0.999996722 0.000791827 -0.286370009 -0.001902654 -0.000796454 0.999997854 10.085381508
0.999995112 0.002473504 0.001907459 0.164596498 -0.002474758 0.999996722 0.000655402 -0.302763671 -0.001905832 -0.000660120 0.999997973 10.442518234
0.999993265 0.002720252 0.002444637 0.169200987 -0.002722517 0.999995887 0.000923925 -0.313900411 -0.002442114 -0.000930574 0.999996603 10.809152603
0.999990940 0.003145484 0.002855925 0.177032456 -0.003147374 0.999994814 0.000657679 -0.317889780 -0.002853842 -0.000666661 0.999995768 11.165475845
0.999991298 0.003096140 0.002792818 0.182700053 -0.003098216 0.999994934 0.000739413 -0.334263593 -0.002790514 -0.000748060 0.999995768 11.552444458
0.999994993 0.001933098 0.002559352 0.195392981 -0.001936044 0.999997437 0.001148852 -0.348464549 -0.002557125 -0.001153801 0.999996066 11.935118675
0.999994934 0.002099810 0.002387905 0.205881685 -0.002103052 0.999996841 0.001356022 -0.362021089 -0.002385051 -0.001361037 0.999996245 12.314167976
0.999992967 0.002558885 0.002734574 0.214862615 -0.002562875 0.999995649 0.001456748 -0.378850192 -0.002730835 -0.001463746 0.999995232 12.700798988
0.999993682 0.002376588 0.002644187 0.223206967 -0.002380184 0.999996245 0.001357677 -0.382346064 -0.002640951 -0.001363962 0.999995589 13.114879608
0.999993384 0.002292729 0.002802459 0.230065599 -0.002296031 0.999996662 0.001175759 -0.394841582 -0.002799754 -0.001182185 0.999995410 13.510339737
0.999992669 0.002208875 0.003132632 0.238705337 -0.002212538 0.999996901 0.001166292 -0.404757857 -0.003130046 -0.001173214 0.999994397 13.922516823
0.999992907 0.002253902 0.003027425 0.245992273 -0.002256886 0.999996960 0.000982677 -0.410598308 -0.003025202 -0.000989502 0.999994934 14.348224640
0.999992669 0.002170248 0.003166523 0.258058965 -0.002172718 0.999997258 0.000776703 -0.423081875 -0.003164829 -0.000783577 0.999994636 14.773751259
0.999991834 0.001739586 0.003645093 0.270054191 -0.001742587 0.999998152 0.000820269 -0.430059195 -0.003643659 -0.000826615 0.999993026 15.191759109
0.999989390 0.002476679 0.003891328 0.281958729 -0.002480934 0.999996305 0.001088964 -0.448033839 -0.003888616 -0.001098607 0.999991834 15.627294540
0.999991119 0.001714622 0.003829716 0.294896424 -0.001720672 0.999997258 0.001577108 -0.466589600 -0.003827001 -0.001583684 0.999991417 16.070735931
0.999991953 0.000857712 0.003920367 0.310848236 -0.000864945 0.999997854 0.001843854 -0.475908846 -0.003918778 -0.001847230 0.999990582 16.515697479
0.999992073 0.000710452 0.003921566 0.321346074 -0.000717772 0.999997914 0.001865308 -0.491484106 -0.003920233 -0.001868108 0.999990523 16.958986282
0.999988556 0.000990429 0.004673534 0.326622725 -0.000996474 0.999998569 0.001291226 -0.498509377 -0.004672249 -0.001295868 0.999988258 17.429052353
0.999986887 0.001509184 0.004897854 0.334016442 -0.001517568 0.999997377 0.001708437 -0.516891003 -0.004895263 -0.001715847 0.999986529 17.868268967
0.999982357 0.001918812 0.005625477 0.339745462 -0.001930341 0.999996066 0.002044745 -0.531756103 -0.005621532 -0.002055568 0.999982119 18.331474304
0.999984562 0.000979189 0.005463978 0.360339314 -0.000987568 0.999998391 0.001531074 -0.535639286 -0.005462470 -0.001536447 0.999983907 18.815761566
0.999980807 0.002227583 0.005784526 0.368162811 -0.002240378 0.999995053 0.002206503 -0.562855124 -0.005779582 -0.002219421 0.999980807 19.272203445
0.999983251 0.001719650 0.005520959 0.388621211 -0.001728928 0.999997139 0.001676323 -0.572478652 -0.005518060 -0.001685841 0.999983311 19.752939224
0.999980628 0.002659222 0.005627783 0.397184312 -0.002666765 0.999995530 0.001333188 -0.573983133 -0.005624213 -0.001348170 0.999983311 20.265359879
0.999981999 0.001749408 0.005726954 0.415104628 -0.001765421 0.999994516 0.002792184 -0.611018777 -0.005722038 -0.002802245 0.999979615 20.726177216
0.999983490 0.001988708 0.005380656 0.428331912 -0.002005374 0.999993145 0.003093604 -0.622535348 -0.005374467 -0.003104343 0.999980688 21.235223770
0.999987423 0.001299936 0.004830912 0.442900658 -0.001309537 0.999997199 0.001984725 -0.623722315 -0.004828318 -0.001991027 0.999986351 21.736589432
0.999991238 0.001592098 0.003881166 0.459917128 -0.001602452 0.999995232 0.002666233 -0.643743396 -0.003876902 -0.002672429 0.999988914 22.247840881
0.999992013 0.001265667 0.003769780 0.464875638 -0.001275058 0.999996006 0.002489798 -0.654749513 -0.003766614 -0.002494585 0.999989808 22.745347977
0.999995589 0.000801892 0.002873354 0.476531535 -0.000809871 0.999995768 0.002777009 -0.675058305 -0.002871115 -0.002779324 0.999992073 23.252565384
0.999997318 0.000733049 0.002158103 0.491006315 -0.000737058 0.999997973 0.001857613 -0.679144382 -0.002156737 -0.001859199 0.999995947 23.796747208
0.999998689 -0.000874711 0.001376718 0.502386749 0.000872753 0.999998569 0.001422576 -0.697250366 -0.001377960 -0.001421372 0.999998033 24.314626694
0.999999762 0.000112751 0.000814684 0.511032104 -0.000114723 0.999997020 0.002421155 -0.717025042 -0.000814409 -0.002421247 0.999996722 24.843610764
0.999999762 0.000675772 0.000154514 0.521464527 -0.000676072 0.999997854 0.001950142 -0.724623024 -0.000153195 -0.001950246 0.999998033 25.388208389
0.999999702 0.000807919 0.000019725 0.527974665 -0.000807965 0.999996603 0.002495375 -0.739619732 -0.000017709 -0.002495391 0.999996901 25.931325912
0.999999821 0.000502761 -0.000307178 0.531921804 -0.000502248 0.999998510 0.001667320 -0.750835061 0.000308016 -0.001667166 0.999998510 26.485387802
0.999999762 0.000355722 -0.000619618 0.536478877 -0.000353772 0.999994993 0.003144760 -0.779680073 0.000620733 -0.003144541 0.999994814 27.024263382
0.999999464 -0.000016065 -0.001029920 0.550001144 0.000018834 0.999996305 0.002688650 -0.785655797 0.001029873 -0.002688668 0.999995828 27.573068619
0.999999642 -0.000062751 -0.000765581 0.543182611 0.000064596 0.999997079 0.002410714 -0.805619180 0.000765428 -0.002410763 0.999996781 28.132972717
0.999997854 0.000096396 -0.002055172 0.566698730 -0.000089310 0.999994040 0.003447632 -0.824011266 0.002055492 -0.003447442 0.999991953 28.637010574
0.999997795 -0.000247762 -0.002091697 0.574280024 0.000254084 0.999995470 0.003022387 -0.833041966 0.002090938 -0.003022913 0.999993205 29.184984207
0.999993086 -0.000391358 -0.003695319 0.611773551 0.000398740 0.999997973 0.001997143 -0.827363312 0.003694530 -0.001998603 0.999991179 29.754709244
0.999995112 0.000209534 -0.003109232 0.596323192 -0.000197798 0.999992847 0.003774423 -0.867519021 0.003110001 -0.003773790 0.999988019 30.252170563
0.999994934 0.000063614 -0.003203599 0.612420261 -0.000052526 0.999994040 0.003460916 -0.885929704 0.003203800 -0.003460730 0.999988854 30.779600143
0.999993503 0.000765331 -0.003528715 0.611383677 -0.000752845 0.999993443 0.003538331 -0.890631557 0.003531398 -0.003535651 0.999987543 31.326606750
0.999993205 0.000963007 -0.003561409 0.611042976 -0.000949122 0.999992013 0.003898484 -0.906955242 0.003565134 -0.003895077 0.999986112 31.866485596
0.999991715 0.000191067 -0.004067623 0.636114180 -0.000178597 0.999995232 0.003065880 -0.913830161 0.004068191 -0.003065129 0.999987006 32.422790527
0.999991834 0.000545265 -0.003992897 0.640508056 -0.000531189 0.999993742 0.003525621 -0.929258347 0.003994794 -0.003523471 0.999985814 32.955245972
0.999990344 0.000140240 -0.004380919 0.649675786 -0.000123473 0.999992669 0.003827218 -0.948920786 0.004381424 -0.003826641 0.999983072 33.502735138
0.999988139 -0.000079906 -0.004866253 0.668062985 0.000095853 0.999994636 0.003276814 -0.955945253 0.004865963 -0.003277242 0.999982715 34.052299500
0.999988854 0.000340469 -0.004707316 0.670031786 -0.000323350 0.999993324 0.003636974 -0.970424354 0.004708523 -0.003635411 0.999982297 34.595726013
0.999987125 0.000299877 -0.005065009 0.683435917 -0.000282461 0.999993980 0.003438910 -0.982815444 0.005066012 -0.003437434 0.999981284 35.147113800
0.999987125 0.000259981 -0.005059407 0.690818012 -0.000242437 0.999993980 0.003467851 -0.997532606 0.005060277 -0.003466581 0.999981165 35.687450409
0.999984682 -0.000676722 -0.005499006 0.702764213 0.000694015 0.999994874 0.003143430 -1.011695266 0.005496849 -0.003147199 0.999979973 36.238464355
0.999985039 0.000038200 -0.005469371 0.713369012 -0.000020115 0.999994516 0.003306478 -1.023370028 0.005469467 -0.003306319 0.999979556 36.794876099
0.999983311 -0.000290437 -0.005763240 0.716784596 0.000309931 0.999994159 0.003381919 -1.036793947 0.005762225 -0.003383648 0.999977648 37.321063995
0.999981821 -0.000025235 -0.006018895 0.716680825 0.000044184 0.999994993 0.003148046 -1.047230363 0.006018787 -0.003148255 0.999976933 37.883041382
0.999981940 -0.000095490 -0.006005214 0.730752707 0.000117138 0.999993503 0.003604565 -1.070367217 0.006004833 -0.003605202 0.999975383 38.422405243
0.999978662 -0.000385875 -0.006509043 0.745500386 0.000410726 0.999992609 0.003816962 -1.083896279 0.006507526 -0.003819554 0.999971509 38.956668854
0.999978423 -0.000453688 -0.006544597 0.750802398 0.000481334 0.999991000 0.004223226 -1.100928903 0.006542623 -0.004226285 0.999969661 39.500976562
0.999977469 -0.000277610 -0.006708655 0.761943102 0.000303703 0.999992311 0.003888679 -1.113552690 0.006707526 -0.003890628 0.999969959 40.034934998
0.999975622 -0.000233188 -0.006980326 0.771464288 0.000260900 0.999992073 0.003969352 -1.127804637 0.006979346 -0.003971076 0.999967813 40.575283051
0.999974668 -0.000780537 -0.007077091 0.770640314 0.000804808 0.999993742 0.003427352 -1.134449601 0.007074374 -0.003432961 0.999969065 41.132347107
0.999971449 -0.000905800 -0.007508897 0.779244304 0.000935102 0.999991894 0.003899693 -1.147667408 0.007505305 -0.003906603 0.999964178 41.681159973
0.999976158 -0.000569811 -0.006885551 0.779170036 0.000591315 0.999994934 0.003121439 -1.158725262 0.006883740 -0.003125436 0.999971390 42.236808777
0.999972403 -0.000537746 -0.007411200 0.798739910 0.000566085 0.999992549 0.003822351 -1.181070924 0.007409090 -0.003826441 0.999965250 42.782806396
0.999969184 -0.000698032 -0.007824077 0.807014346 0.000732094 0.999990284 0.004351471 -1.194511533 0.007820966 -0.004357065 0.999960005 43.339626312
0.999971271 -0.001252482 -0.007491514 0.805946231 0.001285487 0.999989450 0.004402404 -1.218102455 0.007485920 -0.004411906 0.999962270 43.878368378
0.999970675 -0.000904105 -0.007611793 0.813922167 0.000939922 0.999988437 0.004703185 -1.230052948 0.007607453 -0.004710202 0.999960005 44.418994904
0.999966323 -0.001069041 -0.008129710 0.821921229 0.001100794 0.999991715 0.003902316 -1.236673355 0.008125471 -0.003911135 0.999959350 44.966564178
0.999968588 -0.001339159 -0.007810867 0.824520469 0.001371883 0.999990225 0.004185611 -1.250418305 0.007805187 -0.004196196 0.999960780 45.519401550
0.999966741 -0.001977695 -0.007913638 0.832168818 0.002012606 0.999988258 0.004406069 -1.270110488 0.007904831 -0.004421850 0.999958992 46.075389862
0.999966502 -0.002330954 -0.007837698 0.842639327 0.002360843 0.999989927 0.003806428 -1.282340407 0.007828747 -0.003824804 0.999962032 46.619586945
0.999967575 -0.002040707 -0.007790319 0.844688594 0.002076655 0.999987245 0.004609065 -1.297495246 0.007780812 -0.004625093 0.999959052 47.161514282
0.999968767 -0.001702477 -0.007715643 0.843599141 0.001743408 0.999984503 0.005301401 -1.315176487 0.007706496 -0.005314687 0.999956191 47.683837891
0.999969423 -0.001617916 -0.007654023 0.845388293 0.001654035 0.999987543 0.004715045 -1.321164846 0.007646298 -0.004727563 0.999959528 48.253406525
0.999969900 -0.001254096 -0.007657981 0.855596542 0.001288974 0.999988735 0.004551162 -1.327521920 0.007652187 -0.004560896 0.999960244 48.790939331
0.999972343 -0.001124772 -0.007356740 0.858267128 0.001158055 0.999989033 0.004521446 -1.344350219 0.007351574 -0.004529841 0.999962687 49.320362091
0.999977708 -0.000252611 -0.006674201 0.844335794 0.000279925 0.999991536 0.004091953 -1.358403563 0.006673110 -0.004093730 0.999969304 49.844577789
0.999966979 -0.001662483 -0.007956704 0.882346570 0.001703835 0.999984980 0.005193177 -1.374701977 0.007947953 -0.005206562 0.999954879 50.429210663
0.999966621 -0.001382247 -0.008048268 0.887315154 0.001417377 0.999989510 0.004360857 -1.382243156 0.008042157 -0.004372119 0.999958098 50.986972809
0.999968290 -0.001625825 -0.007796440 0.890313387 0.001662676 0.999987483 0.004722392 -1.397973776 0.007788663 -0.004735205 0.999958396 51.527778625
0.999969244 -0.001248733 -0.007740386 0.890694857 0.001285489 0.999987841 0.004745543 -1.408801198 0.007734367 -0.004755347 0.999958694 52.071594238
0.999967456 -0.002409096 -0.007704563 0.905249178 0.002445601 0.999985754 0.004732249 -1.422423005 0.007693052 -0.004750938 0.999959052 52.619892120
0.999970853 -0.001345436 -0.007512119 0.903165460 0.001380842 0.999987900 0.004709946 -1.435492754 0.007505692 -0.004720182 0.999960661 53.177764893
0.999973774 -0.001135266 -0.007152975 0.903780758 0.001170104 0.999987483 0.004868092 -1.453021407 0.007147359 -0.004876334 0.999962509 53.728549957
0.999969840 -0.001735106 -0.007570759 0.917190552 0.001766168 0.999990046 0.004098085 -1.461715102 0.007563573 -0.004111332 0.999962926 54.275321960
0.999971032 -0.001341651 -0.007491917 0.918203473 0.001374633 0.999989331 0.004398854 -1.472196817 0.007485940 -0.004409024 0.999962270 54.813705444
0.999966443 -0.001447489 -0.008061610 0.929865956 0.001484393 0.999988496 0.004573565 -1.488304138 0.008054897 -0.004585378 0.999957025 55.371635437
0.999971271 -0.001064500 -0.007508805 0.935534358 0.001098396 0.999989152 0.004511497 -1.502226591 0.007503921 -0.004519614 0.999961615 55.907688141
0.999966145 -0.001631694 -0.008066067 0.944471359 0.001667471 0.999988794 0.004430801 -1.513844371 0.008058744 -0.004444099 0.999957681 56.451148987
0.999968886 -0.001433529 -0.007751193 0.950583458 0.001469225 0.999988377 0.004601539 -1.534392476 0.007744507 -0.004612784 0.999959350 56.996101379
0.999970496 -0.001118118 -0.007596595 0.948501706 0.001153006 0.999988735 0.004589813 -1.540893674 0.007591379 -0.004598437 0.999960542 57.565704346
0.999973238 -0.000790690 -0.007276305 0.949829698 0.000823376 0.999989569 0.004490336 -1.555016279 0.007272680 -0.004496207 0.999963462 58.118770599
0.999970555 -0.001058535 -0.007601912 0.961788774 0.001086973 0.999992371 0.003737775 -1.560823679 0.007597899 -0.003745928 0.999964058 58.676357269
0.999972701 -0.001144698 -0.007301984 0.962664366 0.001174022 0.999991238 0.004012849 -1.574284196 0.007297327 -0.004021312 0.999965310 59.219757080
0.999969244 -0.001430696 -0.007714654 0.973374248 0.001463356 0.999989927 0.004229626 -1.592033744 0.007708527 -0.004240786 0.999961376 59.763031006
0.999972820 -0.000909519 -0.007312901 0.975697279 0.000938608 0.999991596 0.003975444 -1.600375772 0.007309223 -0.003982198 0.999965310 60.301765442
0.999973118 -0.000819182 -0.007285137 0.976414084 0.000848640 0.999991477 0.004041401 -1.612467766 0.007281765 -0.004047476 0.999965250 60.857170105
0.999975085 -0.000427899 -0.007036601 0.990205884 0.000462676 0.999987662 0.004941341 -1.635415316 0.007034400 -0.004944474 0.999962986 61.400363922
0.999977052 0.000005647 -0.006771833 0.979017138 0.000019248 0.999993265 0.003676298 -1.631491065 0.006771810 -0.003676344 0.999970317 61.955005646
0.999974072 -0.000774605 -0.007148278 0.991164863 0.000802248 0.999992192 0.003865063 -1.654211283 0.007145230 -0.003870698 0.999966979 62.502582550
0.999977529 -0.000144216 -0.006718858 0.992657304 0.000168237 0.999993622 0.003574801 -1.661714792 0.006718299 -0.003575851 0.999971032 63.057525635
0.999977291 0.000042068 -0.006735985 0.997302413 -0.000017643 0.999993503 0.003626129 -1.673459888 0.006736092 -0.003625929 0.999970734 63.602344513
0.999977410 -0.000550002 -0.006701613 1.000259638 0.000573729 0.999993563 0.003539200 -1.685812116 0.006699621 -0.003542965 0.999971271 64.152259827
0.999978364 -0.000935422 -0.006499339 1.004620910 0.000954167 0.999995410 0.002881526 -1.696263671 0.006496613 -0.002887666 0.999974728 64.697166443
0.999977291 -0.001170731 -0.006637077 1.008018851 0.001191459 0.999994397 0.003120048 -1.706670046 0.006633387 -0.003127885 0.999973059 65.237808228
0.999978364 -0.000822345 -0.006513340 1.020691395 0.000847366 0.999992192 0.003839558 -1.731005907 0.006510132 -0.003844996 0.999971390 65.769409180
0.999980807 -0.000206016 -0.006191907 1.023162961 0.000225947 0.999994755 0.003218201 -1.737751484 0.006191210 -0.003219539 0.999975622 66.312812805
0.999980509 -0.000599044 -0.006214508 1.026722670 0.000617556 0.999995291 0.002977246 -1.749706268 0.006212697 -0.002981026 0.999976277 66.860191345
0.999981999 -0.000057014 -0.005999534 1.031323671 0.000079485 0.999992967 0.003745331 -1.773108721 0.005999277 -0.003745741 0.999974966 67.398368835
0.999981761 0.000087715 -0.006035960 1.035221338 -0.000064174 0.999992371 0.003900117 -1.785387516 0.006036256 -0.003899659 0.999974191 67.951148987
0.999980509 -0.000300232 -0.006232394 1.050896645 0.000323781 0.999992728 0.003777881 -1.800410986 0.006231215 -0.003779826 0.999973416 68.486740112
0.999980390 0.000164926 -0.006262213 1.058955669 -0.000143447 0.999994099 0.003430189 -1.806861997 0.006262739 -0.003429224 0.999974489 69.030281067
0.999979317 0.000362730 -0.006423787 1.060521841 -0.000342605 0.999995172 0.003133740 -1.813974619 0.006424892 -0.003131474 0.999974430 69.579864502
0.999982238 0.000342349 -0.005946371 1.058710456 -0.000324257 0.999995291 0.003043340 -1.824895620 0.005947385 -0.003041358 0.999977708 70.118515015
0.999980450 -0.000272536 -0.006250021 1.072002769 0.000289057 0.999996424 0.002642635 -1.839602232 0.006249277 -0.002644391 0.999976933 70.669494629
0.999979377 -0.000009881 -0.006420262 1.083373785 0.000026805 0.999996483 0.002635995 -1.851963520 0.006420213 -0.002636112 0.999975920 71.212944031
0.999982238 0.000223210 -0.005957922 1.086645007 -0.000207225 0.999996305 0.002683413 -1.868632197 0.005958499 -0.002682131 0.999978662 71.740447998
0.999981821 0.000455753 -0.006011453 1.090273619 -0.000437740 0.999995410 0.002997488 -1.882178664 0.006012794 -0.002994803 0.999977410 72.273864746
0.999981165 0.000135962 -0.006128453 1.098889947 -0.000119195 0.999996245 0.002736188 -1.897873521 0.006128801 -0.002735407 0.999977410 72.815139771
0.999984741 0.000816215 -0.005467399 1.098189473 -0.000799219 0.999994874 0.003110102 -1.910243988 0.005469909 -0.003105685 0.999980211 73.363853455
0.999977529 0.000213633 -0.006697714 1.112394452 -0.000198507 0.999997377 0.002258929 -1.917706966 0.006698178 -0.002257549 0.999975026 73.907226562
0.999981999 0.000060631 -0.006003901 1.119363427 -0.000044184 0.999996245 0.002739376 -1.934568167 0.006004045 -0.002739062 0.999978185 74.428657532
0.999980569 0.000077978 -0.006229554 1.131525517 -0.000059832 0.999995768 0.002912969 -1.947207451 0.006229755 -0.002912539 0.999976337 74.979164124
0.999979973 -0.000855674 -0.006257770 1.138503432 0.000874949 0.999994874 0.003078047 -1.963695884 0.006255102 -0.003083461 0.999975622 75.514427185
0.999980211 -0.000606862 -0.006250830 1.153766870 0.000624111 0.999996006 0.002757891 -1.974621534 0.006249133 -0.002761738 0.999976635 76.053855896
0.999978781 -0.001023074 -0.006426891 1.159267426 0.001040634 0.999995649 0.002729573 -1.983560205 0.006424073 -0.002736204 0.999975622 76.599464417
0.999980748 -0.000253497 -0.006197593 1.168785334 0.000269565 0.999996603 0.002591934 -1.999607801 0.006196915 -0.002593555 0.999977410 77.148895264
0.999979019 -0.000479756 -0.006454351 1.181583166 0.000497962 0.999995887 0.002819477 -2.015061617 0.006452973 -0.002822632 0.999975145 77.686889648
0.999978423 -0.000489202 -0.006542523 1.189862251 0.000506152 0.999996543 0.002589276 -2.026710033 0.006541233 -0.002592532 0.999975204 78.226051331
0.999979198 0.000025126 -0.006437082 1.182493091 -0.000006258 0.999995828 0.002931028 -2.046290874 0.006437126 -0.002930928 0.999974906 78.755424500
0.999980152 -0.000315829 -0.006291461 1.194726467 0.000334271 0.999995768 0.002930433 -2.053185940 0.006290508 -0.002932478 0.999975920 79.312751770
0.999981642 0.000447546 -0.006059541 1.196221113 -0.000429838 0.999995649 0.002923444 -2.068282843 0.006060822 -0.002920786 0.999977291 79.855049133
0.999981523 -0.000401646 -0.006058966 1.208504438 0.000417959 0.999996245 0.002691283 -2.084316730 0.006057860 -0.002693766 0.999977946 80.388572693
0.999986112 0.000215543 -0.005259324 1.217477798 -0.000200273 0.999995768 0.002903749 -2.099841833 0.005259929 -0.002902656 0.999981940 80.944740295
0.999992609 0.000520733 -0.003815316 1.228491426 -0.000508152 0.999994397 0.003297664 -2.118555784 0.003817012 -0.003295701 0.999987304 81.462860107
0.999995708 0.000594067 -0.002855528 1.236011744 -0.000585113 0.999994934 0.003135731 -2.132065535 0.002857377 -0.003134047 0.999991000 82.024856567
0.999998331 -0.000496687 -0.001753207 1.251564264 0.000501696 0.999995768 0.002857791 -2.141791821 0.001751779 -0.002858666 0.999994397 82.560295105
0.999998093 0.000584011 0.001837706 1.261785746 -0.000588364 0.999996960 0.002369240 -2.155303240 -0.001836317 -0.002370317 0.999995530 83.107833862
0.999987900 0.000280588 0.004911912 1.292208910 -0.000294081 0.999996185 0.002746568 -2.175805569 -0.004911122 -0.002747979 0.999984145 83.635917664
0.999969423 0.000150474 0.007818472 1.312284231 -0.000176384 0.999994516 0.003313326 -2.194588661 -0.007817931 -0.003314603 0.999963939 84.184768677
0.999914944 0.000902541 0.013009847 1.327038646 -0.000946972 0.999993742 0.003409400 -2.210618496 -0.013006688 -0.003421430 0.999909580 84.731132507
0.999826312 0.000989312 0.018608535 1.352797389 -0.001047999 0.999994516 0.003144312 -2.217348099 -0.018605322 -0.003163268 0.999821842 85.279273987
0.999700844 0.000928492 0.024439912 1.369331479 -0.000997843 0.999995530 0.002825591 -2.222409964 -0.024437180 -0.002849133 0.999697328 85.839065552
0.999552846 0.000352730 0.029897453 1.422014117 -0.000435597 0.999996066 0.002765246 -2.237270117 -0.029896358 -0.002777033 0.999549091 86.360015869
0.999283731 0.000106412 0.037840061 1.455103993 -0.000208050 0.999996483 0.002682049 -2.241741657 -0.037839644 -0.002688001 0.999280214 86.913314819
0.998929620 0.000532454 0.046252310 1.496785402 -0.000664947 0.999995708 0.002849229 -2.259929895 -0.046250597 -0.002876935 0.998925745 87.474884033
0.998570383 -0.000297317 0.053452153 1.533708096 0.000163741 0.999996781 0.002503354 -2.267299891 -0.053452738 -0.002491022 0.998567283 88.022010803
0.998024464 -0.000083146 0.062826745 1.582174063 -0.000083555 0.999996483 0.002650704 -2.280023575 -0.062826753 -0.002650717 0.998020947 88.572021484
0.997333169 -0.000122074 0.072984427 1.634527683 -0.000082669 0.999996066 0.002802282 -2.292081356 -0.072984479 -0.002800842 0.997329116 89.128540039
0.996862233 -0.001473117 0.079142489 1.704795837 0.001249448 0.999995053 0.002875601 -2.302201509 -0.079146333 -0.002767693 0.996859133 89.670120239
0.995973110 -0.000505883 0.089650311 1.746848583 0.000287545 0.999996901 0.002448337 -2.320564270 -0.089651257 -0.002412699 0.995970428 90.236221313
0.994990349 0.000613221 0.099968493 1.839519978 -0.000913837 0.999995112 0.002961343 -2.323371410 -0.099966191 -0.003037862 0.994986296 90.771980286
0.993817627 -0.001044179 0.111019745 1.903923988 0.000714234 0.999995232 0.003011682 -2.353006840 -0.111022361 -0.002913768 0.993813634 91.380813599
0.992706716 0.000360753 0.120554075 1.980016708 -0.000717742 0.999995410 0.002917825 -2.369755507 -0.120552480 -0.002983071 0.992702484 91.915359497
0.991361678 -0.000998750 0.131152824 2.076985359 0.000534916 0.999993443 0.003571778 -2.380617619 -0.131155506 -0.003470768 0.991355717 92.462959290
0.989648581 -0.001844019 0.143500194 2.177951813 0.001521737 0.999996066 0.002355584 -2.379971504 -0.143503934 -0.002112831 0.989647508 93.007682800
0.988071501 -0.000519391 0.153995544 2.288861275 -0.000000442 0.999994278 0.003375584 -2.408533812 -0.153996423 -0.003335386 0.988065779 93.531776428
0.986438274 -0.002001378 0.164120078 2.388452530 0.001486081 0.999993503 0.003262476 -2.415033579 -0.164125562 -0.002974335 0.986434937 94.078918457
0.984097421 0.000343842 0.177628487 2.512269974 -0.000841568 0.999996066 0.002726729 -2.420700550 -0.177626804 -0.002832854 0.984093845 94.608161926
0.981782854 -0.000582732 0.190005228 2.641519547 0.000120991 0.999997020 0.002441736 -2.432115078 -0.190006092 -0.002374266 0.981780052 95.140151978
0.979909897 -0.001550633 0.199434817 2.795263290 0.000946710 0.999994695 0.003123498 -2.453160763 -0.199438587 -0.002871939 0.979906082 95.622200012
0.977069855 -0.001117999 0.212915882 2.925220490 0.000321429 0.999992847 0.003775823 -2.472790241 -0.212918565 -0.003620806 0.977063179 96.156669617
0.974097013 -0.002551843 0.226116046 3.051076889 0.002007621 0.999994457 0.002636750 -2.464099884 -0.226121575 -0.002114494 0.974096775 96.685287476
0.971477807 -0.001981525 0.237122238 3.194938660 0.001248186 0.999993980 0.003242749 -2.486034870 -0.237127244 -0.002854286 0.971474409 97.201461792
0.968436062 -0.003859858 0.249231845 3.354698181 0.003450926 0.999991894 0.002077682 -2.482280254 -0.249237865 -0.001152022 0.968441606 97.718269348
0.964567304 -0.001235777 0.263833970 3.501890182 0.000473296 0.999995470 0.002953544 -2.511850357 -0.263836443 -0.002724020 0.964563608 98.270675659
0.961018682 -0.001549202 0.276478797 3.676879883 0.000848914 0.999996066 0.002652551 -2.519746542 -0.276481837 -0.002314444 0.961016417 98.811203003
0.957873344 -0.002088776 0.287183434 3.850824356 0.001346675 0.999995232 0.002781577 -2.530752182 -0.287187874 -0.002277656 0.957871497 99.316032410
0.953642726 -0.004663823 0.300904930 4.048801422 0.003946180 0.999987721 0.002992708 -2.548809528 -0.300915182 -0.001666550 0.953649461 99.879928589
0.949325681 -0.004380548 0.314263374 4.249225616 0.003750540 0.999989510 0.002609336 -2.564600468 -0.314271480 -0.001298453 0.949332297 100.391532898
0.945574164 -0.005608980 0.325358480 4.443265915 0.004840812 0.999983251 0.003170469 -2.570777893 -0.325370789 -0.001422914 0.945585430 100.891220093
0.940899312 -0.005232194 0.338645786 4.660531998 0.004675010 0.999986053 0.002461000 -2.581633806 -0.338653892 -0.000732381 0.940910757 101.422355652
0.935405552 -0.006390912 0.353518933 4.878458023 0.005706819 0.999979258 0.002977464 -2.607206821 -0.353530645 -0.000767667 0.935422599 101.926086426
0.930806339 -0.006362167 0.365457505 5.097471237 0.005573072 0.999979317 0.003214012 -2.620419264 -0.365470409 -0.000954902 0.930822432 102.425331116
0.926007390 -0.007336094 0.377434134 5.306482315 0.006785773 0.999973059 0.002787824 -2.629420042 -0.377444416 -0.000020363 0.926032186 102.919082642
0.920063972 -0.007362330 0.391698986 5.559963226 0.006799616 0.999972820 0.002823722 -2.634063244 -0.391709089 0.000065399 0.920089126 103.455718994
0.914267898 -0.007733111 0.405036330 5.802722931 0.007302247 0.999969959 0.002608823 -2.640433550 -0.405044377 0.000572513 0.914296806 103.944969177
0.909524143 -0.007849837 0.415577114 6.054695129 0.007529200 0.999968767 0.002410152 -2.655121565 -0.415583044 0.000936872 0.909554780 104.423530579
0.903035998 -0.008222556 0.429486096 6.308853149 0.007706518 0.999965906 0.002940755 -2.668642998 -0.429495722 0.000654234 0.903068662 104.925849915
0.896351993 -0.008183411 0.443267584 6.575996399 0.007637166 0.999966204 0.003017471 -2.679767132 -0.443277329 0.000680591 0.896384299 105.430358887
0.890504003 -0.009693710 0.454872102 6.841163635 0.009388216 0.999951601 0.002930486 -2.699096441 -0.454878449 0.001660828 0.890552044 105.883239746
0.884822965 -0.009467420 0.465831161 7.095550537 0.008880612 0.999954522 0.003454518 -2.705338240 -0.465842694 0.001080229 0.884866893 106.336158752
0.877544761 -0.009103483 0.479408324 7.379909515 0.008744181 0.999957263 0.002982185 -2.713256836 -0.479414999 0.001575032 0.877586842 106.810729980
