1.000000000 0.000000000 0.000000000 0.000000000 0.000000000 1.000000000 0.000000000 0.000000000 0.000000000 0.000000000 1.000000000 0.000000000
1.000000000 0.000033529 -0.000011749 0.000399975 -0.000033529 1.000000000 0.000038498 -0.000709382 0.000011750 -0.000038498 1.000000000 -0.001500544
1.000000000 -0.000016923 -0.000016583 0.001199718 0.000016923 1.000000000 -0.000003704 -0.000350269 0.000016583 0.000003703 1.000000000 -0.001670351
1.000000000 -0.000107092 -0.000117582 0.002034070 0.000107094 1.000000000 0.000017189 -0.001203455 0.000117580 -0.000017201 1.000000000 -0.004130348
1.000000000 -0.000184187 -0.000134510 0.000435437 0.000184191 1.000000000 0.000027919 0.000137266 0.000134505 -0.000027943 1.000000000 -0.002797849
1.000000000 -0.000158960 -0.000048721 0.001195161 0.000158962 1.000000000 0.000031957 -0.000385656 0.000048716 -0.000031965 1.000000000 -0.000536168
1.000000000 -0.000163313 -0.000019759 0.000559099 0.000163314 1.000000000 0.000043009 -0.000859509 0.000019752 -0.000043012 1.000000000 -0.003328693
1.000000000 -0.000029462 -0.000072779 0.001120536 0.000029463 1.000000000 0.000016075 0.000012828 0.000072779 -0.000016077 1.000000000 -0.003101346
1.000000000 -0.000094941 -0.000022961 0.000345476 0.000094941 1.000000000 0.000009937 0.000514067 0.000022960 -0.000009939 1.000000000 -0.000346164
1.000000000 0.000002862 -0.000016802 -0.000466079 -0.000002862 1.000000000 -0.000003429 0.000987215 0.000016802 0.000003429 1.000000000 0.000253987
1.000000000 -0.000098746 -0.000108374 0.001205020 0.000098751 1.000000000 0.000048942 -0.000982099 0.000108369 -0.000048953 1.000000000 -0.001687554
1.000000000 -0.000111420 -0.000069844 0.001039758 0.000111417 1.000000000 -0.000043654 0.000378319 0.000069848 0.000043646 1.000000000 -0.000088244
1.000000000 -0.000163568 -0.000054184 -0.000467760 0.000163569 1.000000000 0.000018504 0.001020042 0.000054181 -0.000018513 1.000000000 0.000500744
1.000000000 -0.000150970 -0.000033830 0.000434867 0.000150971 1.000000000 0.000030116 0.000192033 0.000033826 -0.000030121 1.000000000 -0.003204270
1.000000000 -0.000061920 -0.000056387 0.002307112 0.000061924 1.000000000 0.000060569 -0.000722613 0.000056383 -0.000060572 1.000000000 -0.002528942
1.000000000 -0.000084628 -0.000062730 0.002733804 0.000084636 1.000000000 0.000116919 -0.001276140 0.000062720 -0.000116925 1.000000000 -0.004291803
1.000000000 -0.000109132 -0.000074350 0.002044143 0.000109134 1.000000000 0.000026476 0.000467980 0.000074347 -0.000026484 1.000000000 -0.001954581
1.000000000 -0.000021398 -0.000079545 0.001909094 0.000021403 1.000000000 0.000070087 -0.000192887 0.000079544 -0.000070089 1.000000000 -0.002761615
1.000000000 -0.000146388 -0.000120922 0.002349293 0.000146390 1.000000000 0.000017414 -0.000905503 0.000120919 -0.000017432 1.000000000 -0.002129724
1.000000000 -0.000172374 -0.000092458 0.001524855 0.000172374 1.000000000 -0.000002220 0.000650343 0.000092459 0.000002204 1.000000000 0.000496585
1.000000000 -0.000183395 -0.000080096 0.000831071 0.000183399 1.000000000 0.000054760 -0.000795962 0.000080086 -0.000054775 1.000000000 -0.006282321
1.000000000 -0.000122480 -0.000107314 0.004191334 0.000122485 1.000000000 0.000049992 -0.000953421 0.000107308 -0.000050005 1.000000000 -0.002277707
1.000000000 -0.000124542 -0.000136433 0.003136177 0.000124550 1.000000000 0.000059084 -0.000664160 0.000136426 -0.000059101 1.000000000 -0.002698830
1.000000000 -0.000185285 -0.000116936 0.001545883 0.000185290 1.000000000 0.000043607 0.000084863 0.000116928 -0.000043629 1.000000000 -0.002630570
1.000000000 -0.000155399 -0.000140465 0.003584688 0.000155405 1.000000000 0.000043657 -0.000037317 0.000140459 -0.000043679 1.000000000 -0.001550109
1.000000000 -0.000206006 -0.000106873 0.002435592 0.000206009 1.000000000 0.000029331 0.000380826 0.000106867 -0.000029353 1.000000000 -0.001095644
0.999999940 -0.000254458 -0.000163287 0.002544350 0.000254474 0.999999940 0.000101138 -0.000673115 0.000163262 -0.000101180 1.000000000 -0.005292010
0.999999940 -0.000334585 -0.000090642 0.001907093 0.000334591 0.999999940 0.000069470 -0.001135491 0.000090618 -0.000069501 1.000000000 -0.002761358
1.000000000 -0.000098724 -0.000116720 0.002227339 0.000098733 1.000000000 0.000073553 -0.000986232 0.000116713 -0.000073565 1.000000000 -0.003574858
0.999999940 -0.000213287 -0.000139165 0.003387394 0.000213303 1.000000000 0.000112018 -0.001461686 0.000139141 -0.000112048 1.000000000 -0.003861545
0.999999940 -0.000251570 -0.000148983 0.001474187 0.000251575 0.999999940 0.000038937 -0.000409542 0.000148973 -0.000038974 1.000000000 -0.002082850
0.999999940 -0.000274770 -0.000131515 0.001343382 0.000274783 0.999999940 0.000103446 -0.000874247 0.000131487 -0.000103482 1.000000000 -0.002894190
0.999999940 -0.000216803 -0.000128966 0.001737764 0.000216807 1.000000000 0.000036376 -0.000214478 0.000128958 -0.000036404 1.000000000 -0.001773901
1.000000000 -0.000190151 -0.000109847 0.000656186 0.000190152 1.000000000 0.000012032 0.000236113 0.000109845 -0.000012053 1.000000000 -0.000897149
0.999999940 -0.000296520 -0.000115076 0.001576816 0.000296531 0.999999940 0.000089444 -0.000849407 0.000115049 -0.000089478 1.000000000 -0.004350002
0.999999940 -0.000209537 -0.000159278 0.003127064 0.000209539 1.000000000 0.000012008 -0.000743008 0.000159275 -0.000012041 1.000000000 -0.003872241
1.000000000 -0.000164683 -0.000140595 0.003831177 0.000164700 1.000000000 0.000121454 -0.001123292 0.000140575 -0.000121477 1.000000000 -0.005265154
0.999999940 -0.000288783 -0.000151835 0.001659340 0.000288795 0.999999940 0.000077672 -0.000518272 0.000151813 -0.000077715 1.000000000 -0.003709044
0.999999940 -0.000225160 -0.000136386 0.001666950 0.000225175 0.999999940 0.000104900 -0.000974018 0.000136362 -0.000104930 1.000000000 -0.002921950
0.999999940 -0.000178968 -0.000181318 0.003530825 0.000178971 1.000000000 0.000016291 -0.001154620 0.000181315 -0.000016324 1.000000000 -0.001816494
1.000000000 -0.000205254 -0.000083882 0.001763597 0.000205208 0.999999821 -0.000550453 -0.001067486 0.000083995 0.000550436 0.999999821 0.046010818
1.000000000 -0.000078003 -0.000188663 0.003562391 0.000077797 0.999999404 -0.001091989 -0.004741069 0.000188748 0.001091975 0.999999404 0.136786044
1.000000000 -0.000175565 -0.000111572 0.005349343 0.000175405 0.999998927 -0.001434825 -0.006821547 0.000111824 0.001434805 0.999998987 0.253062159
1.000000000 -0.000191849 -0.000047854 0.006517866 0.000191779 0.999998927 -0.001452264 -0.011470331 0.000048133 0.001452254 0.999998927 0.387284607
1.000000000 -0.000077766 -0.000129225 0.011694865 0.000077612 0.999999285 -0.001194273 -0.017554820 0.000129318 0.001194263 0.999999285 0.523544312
1.000000000 -0.000158795 0.000024044 0.014190420 0.000158819 0.999999464 -0.001030447 -0.022813389 -0.000023881 0.001030451 0.999999464 0.676576734
0.999999940 -0.000274054 -0.000119518 0.019821798 0.000273939 0.999999523 -0.000955259 -0.025225215 0.000119779 0.000955227 0.999999523 0.841342986
0.999999940 0.000323046 0.000157459 0.017493032 -0.000322913 0.999999583 -0.000848666 -0.023969101 -0.000157733 0.000848615 0.999999642 1.019497633
1.000000000 0.000054905 -0.000147616 0.025238240 -0.000054976 0.999999881 -0.000480482 -0.038322534 0.000147589 0.000480490 0.999999881 1.191483378
1.000000000 0.000035871 -0.000152191 0.029269813 -0.000035897 1.000000000 -0.000165176 -0.044650704 0.000152185 0.000165182 1.000000000 1.373268008
0.999999940 0.000106577 -0.000237500 0.033592980 -0.000106625 0.999999940 -0.000199910 -0.050551049 0.000237479 0.000199935 1.000000000 1.572541356
1.000000000 -0.000171673 0.000080978 0.036412992 0.000171681 1.000000000 -0.000104837 -0.055940799 -0.000080960 0.000104851 1.000000000 1.771099806
0.999999881 -0.000174194 -0.000285567 0.047625352 0.000174245 0.999999940 0.000176571 -0.062793680 0.000285537 -0.000176620 0.999999940 1.970011115
0.999999940 0.000097556 -0.000027615 0.045000784 -0.000097555 0.999999940 0.000047735 -0.069387175 0.000027620 -0.000047732 1.000000000 2.182419062
0.999999940 0.000384142 0.000134284 0.050924163 -0.000384187 0.999999940 0.000332014 -0.075092539 -0.000134157 -0.000332066 0.999999940 2.404303074
1.000000119 0.000023037 -0.000025635 0.055522691 -0.000023026 0.999999940 0.000417766 -0.079902165 0.000025645 -0.000417765 0.999999940 2.629303694
0.999999940 0.000108587 0.000012187 0.061391246 -0.000108592 0.999999940 0.000355865 -0.089497179 -0.000012149 -0.000355866 0.999999940 2.858031511
0.999999940 -0.000227633 -0.000079448 0.069096081 0.000227670 0.999999881 0.000470158 -0.094553128 0.000079341 -0.000470176 0.999999821 3.086807728
0.999999762 -0.000442684 -0.000378639 0.076495454 0.000442856 0.999999821 0.000454622 -0.104441889 0.000378438 -0.000454790 0.999999762 3.320857525
0.999999881 -0.000251989 0.000090077 0.076712266 0.000251905 0.999999464 0.000931443 -0.116810441 -0.000090312 -0.000931421 0.999999583 3.569643736
0.999999940 0.000148655 0.000061166 0.084389128 -0.000148715 0.999999464 0.000973480 -0.123152457 -0.000061022 -0.000973489 0.999999523 3.822066784
0.999999940 0.000009616 0.000179920 0.087204486 -0.000009823 0.999999344 0.001149976 -0.131167352 -0.000179909 -0.001149978 0.999999344 4.087382793
0.999999881 -0.000074288 0.000487939 0.083525956 0.000073558 0.999998987 0.001494532 -0.140740111 -0.000488050 -0.001494497 0.999998689 4.339204788
0.999999702 -0.000713775 0.000099649 0.091618866 0.000713610 0.999998391 0.001646106 -0.149870649 -0.000100824 -0.001646034 0.999998569 4.593130589
0.999999821 -0.000612379 0.000296823 0.098060623 0.000611836 0.999998093 0.001823347 -0.155788153 -0.000297939 -0.001823165 0.999998271 4.850737095
0.999999702 -0.000698938 0.000254347 0.103237353 0.000698535 0.999998510 0.001580607 -0.167788684 -0.000255452 -0.001580429 0.999998629 5.101500511
0.999999881 -0.000532600 0.000132587 0.107496142 0.000532409 0.999998808 0.001439296 -0.173587203 -0.000133354 -0.001439226 0.999998868 5.367231369
0.999999881 -0.000341563 0.000211105 0.115959920 0.000341223 0.999998629 0.001611792 -0.183612049 -0.000211655 -0.001611719 0.999998629 5.637195110
1.000000000 -0.000021772 0.000297278 0.115463629 0.000021325 0.999998868 0.001504852 -0.188131973 -0.000297311 -0.001504846 0.999998808 5.920192719
0.999999821 -0.000343449 0.000527266 0.117019974 0.000342348 0.999997795 0.002085802 -0.205785498 -0.000527981 -0.002085621 0.999997675 6.166299820
0.999999881 -0.000340824 0.000381850 0.125056371 0.000340003 0.999997616 0.002146214 -0.215154856 -0.000382581 -0.002146084 0.999997556 6.446866035
0.999999762 0.000027891 0.000617042 0.131874442 -0.000029281 0.999997437 0.002252252 -0.225839585 -0.000616977 -0.002252269 0.999997258 6.730659008
0.999999821 -0.000188114 0.000514443 0.141329721 0.000186807 0.999996781 0.002539127 -0.238109171 -0.000514919 -0.002539031 0.999996603 7.016073227
0.999999821 0.000058376 0.000604569 0.141844764 -0.000059856 0.999997020 0.002448874 -0.243247002 -0.000604424 -0.002448909 0.999996841 7.318517208
0.999999702 -0.000046988 0.000659912 0.155893803 0.000045305 0.999996722 0.002550362 -0.254302859 -0.000660030 -0.002550331 0.999996483 7.628409386
0.999999583 -0.000692034 0.000385734 0.171090588 0.000690981 0.999996066 0.002723539 -0.268344432 -0.000387617 -0.002723272 0.999996185 7.943516254
0.999999583 -0.000540182 0.000632814 0.158498526 0.000538397 0.999995887 0.002817322 -0.278407305 -0.000634334 -0.002816980 0.999995828 8.263287544
0.999999583 -0.000516665 0.000625535 0.172953144 0.000514826 0.999995530 0.002937063 -0.290357292 -0.000627049 -0.002936740 0.999995470 8.574090958
0.999999583 -0.000155136 0.000865551 0.173747107 0.000152750 0.999996185 0.002755687 -0.294605255 -0.000865975 -0.002755554 0.999995828 8.916904449
0.999999583 -0.000123799 0.000926480 0.178724334 0.000121079 0.999995649 0.002935037 -0.308238268 -0.000926840 -0.002934923 0.999995232 9.262874603
0.999999225 0.000358057 0.001174916 0.183715433 -0.000361854 0.999994695 0.003233434 -0.323472708 -0.001173752 -0.003233856 0.999994099 9.587445259
0.999998450 0.001010906 0.001426468 0.186470270 -0.001015357 0.999994576 0.003122365 -0.328752011 -0.001423304 -0.003123808 0.999994099 9.940962791
0.999998689 0.000650119 0.001413970 0.193525195 -0.000654541 0.999994874 0.003128953 -0.340901196 -0.001411928 -0.003129874 0.999994099 10.300215721
0.999998927 0.000211359 0.001427253 0.201693967 -0.000216457 0.999993563 0.003572578 -0.357108444 -0.001426489 -0.003572883 0.999992609 10.654271126
0.999999166 -0.000010745 0.001363756 0.211958438 0.000005601 0.999992847 0.003771937 -0.369351387 -0.001363787 -0.003771926 0.999992013 11.010886192
0.999998987 0.000167779 0.001403164 0.221763030 -0.000172875 0.999993384 0.003632510 -0.380008727 -0.001402545 -0.003632749 0.999992430 11.384103775
0.999998450 0.000528397 0.001652417 0.225373626 -0.000534238 0.999993563 0.003536356 -0.386193544 -0.001650538 -0.003537235 0.999992371 11.771718025
0.999998868 0.000141469 0.001493767 0.240011632 -0.000147150 0.999992788 0.003803581 -0.402772307 -0.001493219 -0.003803797 0.999991596 12.157687187
0.999998450 0.000633706 0.001630492 0.249161601 -0.000640422 0.999991298 0.004122400 -0.416530132 -0.001627865 -0.004123438 0.999990165 12.532356262
0.999998927 -0.000077017 0.001471507 0.262364149 0.000070915 0.999991417 0.004146869 -0.427140921 -0.001471814 -0.004146760 0.999990344 12.926678658
0.999998450 0.000650140 0.001581897 0.270306766 -0.000657214 0.999989867 0.004475296 -0.442231029 -0.001578971 -0.004476329 0.999988735 13.320553780
0.999997199 0.000944295 0.002172958 0.276946306 -0.000953999 0.999989629 0.004469051 -0.447229803 -0.002168715 -0.004471112 0.999987662 13.738244057
0.999997735 0.000630969 0.002014817 0.290041834 -0.000640203 0.999989271 0.004585525 -0.470710337 -0.002011902 -0.004586805 0.999987483 14.124760628
0.999997675 0.000528934 0.002071542 0.299732238 -0.000538223 0.999989808 0.004486304 -0.481043518 -0.002069148 -0.004487409 0.999987841 14.554692268
0.999997556 -0.000118907 0.002200014 0.315765470 0.000108334 0.999988437 0.004805170 -0.498229176 -0.002200560 -0.004804920 0.999986112 14.970400810
0.999997497 -0.000051316 0.002227392 0.328108668 0.000040603 0.999988437 0.004808962 -0.510245085 -0.002227613 -0.004808859 0.999985874 15.376162529
0.999995947 0.000242441 0.002803016 0.335974038 -0.000255846 0.999988556 0.004782792 -0.521300912 -0.002801824 -0.004783490 0.999984622 15.824485779
0.999994040 0.000523825 0.003388318 0.344335794 -0.000539890 0.999988616 0.004741965 -0.528177142 -0.003385796 -0.004743767 0.999982953 16.279403687
0.999994934 -0.000183653 0.003170858 0.353110343 0.000166551 0.999985456 0.005392790 -0.555210173 -0.003171802 -0.005392235 0.999980450 16.687715530
0.999993145 0.000231050 0.003685891 0.361659497 -0.000250417 0.999986112 0.005254686 -0.562802076 -0.003684626 -0.005255573 0.999979436 17.144533157
0.999991477 0.000440131 0.004106265 0.370531350 -0.000462912 0.999984503 0.005548408 -0.571969032 -0.004103760 -0.005550261 0.999976218 17.615510941
0.999990523 0.000505521 0.004356558 0.383768648 -0.000531539 0.999981999 0.005973198 -0.605578661 -0.004353460 -0.005975457 0.999972641 18.046836853
0.999986708 0.001325896 0.004986632 0.391281128 -0.001355301 0.999981642 0.005898012 -0.612192571 -0.004978720 -0.005904692 0.999970078 18.522640228
0.999989629 0.000720795 0.004510441 0.409976780 -0.000748487 0.999980807 0.006140812 -0.627983868 -0.004505929 -0.006144124 0.999970973 18.989133835
0.999989271 0.000572078 0.004592072 0.427753508 -0.000601557 0.999979198 0.006420587 -0.646533012 -0.004588303 -0.006423281 0.999968827 19.453739166
0.999989331 0.000985170 0.004509644 0.448844790 -0.001015075 0.999977410 0.006633882 -0.673253596 -0.004503008 -0.006638389 0.999967754 19.914375305
0.999989748 0.000415873 0.004511799 0.461354256 -0.000445952 0.999977589 0.006667825 -0.684097588 -0.004508926 -0.006669769 0.999967515 20.407522202
0.999991477 0.000175498 0.004124388 0.480929196 -0.000205501 0.999973536 0.007275296 -0.707170010 -0.004123001 -0.007276082 0.999965012 20.878757477
0.999993920 0.000147938 0.003467271 0.493135571 -0.000172467 0.999974906 0.007075009 -0.716636181 -0.003466138 -0.007075564 0.999969006 21.384262085
0.999995768 -0.000186680 0.002912958 0.507899404 0.000164933 0.999972165 0.007463970 -0.736617386 -0.002914270 -0.007463458 0.999967933 21.875259399
0.999996185 -0.000987120 0.002590427 0.518191934 0.000966855 0.999969006 0.007812656 -0.756238282 -0.002598058 -0.007810120 0.999966145 22.354276657
0.999997497 -0.000495080 0.002198473 0.526610255 0.000477992 0.999969721 0.007766759 -0.763895631 -0.002202252 -0.007765689 0.999967456 22.878318787
0.999998271 -0.000749837 0.001709928 0.539044082 0.000735861 0.999966383 0.008159556 -0.781842947 -0.001715988 -0.008158282 0.999965250 23.379264832
0.999997675 -0.001972490 0.000960352 0.552677631 0.001964607 0.999964893 0.008141688 -0.799198806 -0.000976378 -0.008139781 0.999966443 23.908903122
0.999999344 -0.000079903 0.001137112 0.548261702 0.000070972 0.999969184 0.007851322 -0.801763296 -0.001137704 -0.007851236 0.999968529 24.423542023
0.999999881 -0.000365602 0.000438824 0.567541361 0.000361907 0.999964714 0.008390699 -0.821436226 -0.000441876 -0.008390537 0.999964714 24.945018768
0.999999940 0.000151587 -0.000380372 0.570326030 -0.000148458 0.999966383 0.008212503 -0.825420260 0.000381604 -0.008212447 0.999966145 25.461748123
1.000000000 0.000265562 -0.000220048 0.579398274 -0.000263790 0.999967873 0.008013321 -0.836623907 0.000222169 -0.008013263 0.999967813 26.016641617
0.999998927 -0.000800516 -0.001156021 0.584297180 0.000810736 0.999960363 0.008866983 -0.853907049 0.001148878 -0.008867912 0.999960005 26.545837402
0.999998569 -0.000718254 -0.001530417 0.599637032 0.000731954 0.999959528 0.008969882 -0.870085537 0.001523912 -0.008970990 0.999958575 27.091939926
0.999997795 0.000087531 -0.002087493 0.603756785 -0.000068974 0.999960601 0.008888300 -0.884170830 0.002088189 -0.008888137 0.999958336 27.642053604
0.999996722 0.000166512 -0.002566718 0.611796618 -0.000143636 0.999960303 0.008910112 -0.893227696 0.002568100 -0.008909713 0.999957025 28.187398911
0.999995589 0.000190869 -0.002972314 0.621747375 -0.000164189 0.999959826 0.008973687 -0.905988932 0.002973908 -0.008973160 0.999955297 28.680034637
0.999995470 0.000476843 -0.002977831 0.631811023 -0.000449941 0.999959171 0.009028456 -0.919231653 0.002982015 -0.009027074 0.999954760 29.221040726
0.999994278 0.000142368 -0.003376332 0.629729569 -0.000110293 0.999954879 0.009498356 -0.937529683 0.003377531 -0.009497929 0.999949217 29.742588043
0.999993026 0.000183299 -0.003709697 0.643907726 -0.000147341 0.999953032 0.009690931 -0.951329112 0.003711299 -0.009690318 0.999946177 30.298923492
0.999993622 0.000689992 -0.003492802 0.645306051 -0.000656506 0.999953926 0.009579441 -0.957005620 0.003499251 -0.009577088 0.999948025 30.814605713
0.999990642 -0.000112778 -0.004328099 0.669795275 0.000153699 0.999955356 0.009455517 -0.972614884 0.004326839 -0.009456094 0.999945998 31.356132507
0.999990642 0.000180165 -0.004328057 0.680920541 -0.000138470 0.999953628 0.009631960 -0.994052410 0.004329592 -0.009631271 0.999944329 31.876720428
0.999991477 0.000509180 -0.004087078 0.675564766 -0.000469043 0.999951720 0.009815601 -0.992375851 0.004091878 -0.009813601 0.999943495 32.391464233
0.999988675 -0.000088432 -0.004751065 0.689844489 0.000136026 0.999949872 0.010018116 -1.011695385 0.004749940 -0.010018650 0.999938548 32.924266815
0.999986768 -0.000628642 -0.005108627 0.700444341 0.000681668 0.999945819 0.010384491 -1.024057269 0.005101822 -0.010387834 0.999933064 33.465961456
0.999989450 0.000308187 -0.004569812 0.693928897 -0.000260084 0.999944568 0.010523012 -1.033665538 0.004572803 -0.010521711 0.999934196 34.009887695
0.999989271 -0.000084987 -0.004621125 0.704685628 0.000134117 0.999943554 0.010632234 -1.048313856 0.004619960 -0.010632740 0.999932826 34.545806885
0.999990702 0.000992868 -0.004182518 0.706012249 -0.000949240 0.999945223 0.010419930 -1.058145761 0.004192635 -0.010415864 0.999936998 35.111461639
0.999989510 0.000287688 -0.004570127 0.723114610 -0.000238744 0.999942660 0.010706485 -1.065679789 0.004572947 -0.010705283 0.999932289 35.649730682
0.999986529 0.000505293 -0.005160624 0.725059509 -0.000449801 0.999942124 0.010748483 -1.091747999 0.005165757 -0.010746017 0.999928892 36.170585632
0.999985874 0.000475590 -0.005285064 0.733384967 -0.000416719 0.999937892 0.011134736 -1.103819132 0.005290032 -0.011132378 0.999924064 36.713150024
0.999985099 0.000663820 -0.005414730 0.735562086 -0.000604759 0.999940395 0.010901884 -1.114557862 0.005421644 -0.010898448 0.999925911 37.267913818
0.999986410 0.000533467 -0.005179044 0.738958657 -0.000474182 0.999934375 0.011441475 -1.135471106 0.005184808 -0.011438864 0.999921083 37.776687622
0.999984503 0.000639400 -0.005526491 0.746819377 -0.000576741 0.999935627 0.011332045 -1.136262417 0.005533381 -0.011328683 0.999920487 38.333538055
0.999984026 0.000304275 -0.005640253 0.761035919 -0.000240848 0.999936759 0.011242570 -1.167197466 0.005643318 -0.011241032 0.999920845 38.909065247
0.999980390 -0.000275131 -0.006252522 0.777509332 0.000348595 0.999930859 0.011751381 -1.182905912 0.006248857 -0.011753330 0.999911368 39.448390961
0.999982238 0.000257658 -0.005944408 0.789781392 -0.000187153 0.999929667 0.011858185 -1.197170019 0.005947045 -0.011856865 0.999912024 40.004646301
0.999981523 -0.000143400 -0.006077331 0.796417356 0.000215728 0.999929190 0.011902343 -1.212219834 0.006075193 -0.011903434 0.999910653 40.564468384
0.999982119 0.000621053 -0.005950927 0.798431873 -0.000552247 0.999933064 0.011556853 -1.221130013 0.005957705 -0.011553358 0.999915421 41.091793060
0.999979854 0.000197424 -0.006346646 0.813238561 -0.000122931 0.999931097 0.011735531 -1.233024001 0.006348526 -0.011734514 0.999910951 41.642044067
0.999981403 0.000399448 -0.006089999 0.823750615 -0.000328695 0.999932528 0.011614547 -1.242069006 0.006094227 -0.011612331 0.999913931 42.176731110
0.999979854 0.000172086 -0.006350864 0.831665635 -0.000095299 0.999926984 0.012089097 -1.251410723 0.006352480 -0.012088248 0.999906719 42.709209442
0.999978006 0.000252079 -0.006629673 0.844423652 -0.000174864 0.999932110 0.011644884 -1.259217501 0.006632159 -0.011643468 0.999910176 43.270454407
0.999978483 0.000444676 -0.006561107 0.851441503 -0.000367657 0.999931097 0.011735299 -1.274392962 0.006565874 -0.011732632 0.999909639 43.802318573
0.999977291 0.000403807 -0.006730030 0.861183167 -0.000325057 0.999931514 0.011698285 -1.277549028 0.006734293 -0.011695834 0.999908924 44.340705872
0.999978006 0.000772308 -0.006597287 0.869299352 -0.000697297 0.999935150 0.011364682 -1.286655784 0.006605637 -0.011359832 0.999913633 44.888835907
0.999979138 -0.000009188 -0.006463877 0.872247279 0.000086142 0.999929130 0.011905069 -1.301074147 0.006463308 -0.011905379 0.999908268 45.369682312
0.999975443 0.000286932 -0.007015374 0.893855095 -0.000203658 0.999929607 0.011868074 -1.307138443 0.007018287 -0.011866353 0.999904931 45.953552246
0.999974847 0.001345629 -0.006962056 0.916001201 -0.001259945 0.999923527 0.012297128 -1.338880539 0.006978072 -0.012288046 0.999900103 46.492767334
0.999979913 0.000392995 -0.006328634 0.890827537 -0.000312189 0.999918580 0.012764341 -1.349945307 0.006333134 -0.012762112 0.999898434 46.898883820
0.999979615 0.000758893 -0.006332092 0.920361280 -0.000676522 0.999915242 0.013000499 -1.357464671 0.006341421 -0.012995954 0.999895394 47.492176056
0.999979734 0.000350760 -0.006356173 0.909090817 -0.000269895 0.999918997 0.012718587 -1.363253117 0.006360121 -0.012716613 0.999898911 47.953697205
0.999979675 0.000350197 -0.006365978 0.914997995 -0.000269827 0.999920309 0.012621274 -1.372558832 0.006369891 -0.012619299 0.999900043 48.480449677
0.999979734 0.000581228 -0.006333104 0.924244404 -0.000501583 0.999920785 0.012570320 -1.382114410 0.006339910 -0.012566888 0.999900877 49.023780823
0.999978960 0.000384443 -0.006475468 0.934671760 -0.000299342 0.999913573 0.013137958 -1.392046213 0.006479960 -0.013135743 0.999892652 49.558956146
0.999978602 0.000566008 -0.006515417 0.942522287 -0.000482767 0.999918282 0.012770445 -1.400819778 0.006522114 -0.012767030 0.999897242 50.083744049
0.999980628 0.000317494 -0.006216317 0.942254484 -0.000235003 0.999911964 0.013266308 -1.409464836 0.006219981 -0.013264591 0.999892712 50.658172607
0.999980390 0.000779464 -0.006200812 0.948694229 -0.000696859 0.999911129 0.013312577 -1.419224739 0.006210637 -0.013307998 0.999892175 51.135597229
0.999980569 0.000899439 -0.006171367 0.950819075 -0.000818854 0.999914527 0.013048028 -1.425185442 0.006182577 -0.013042722 0.999895751 51.682552338
0.999979913 0.000841708 -0.006276382 0.964480042 -0.000759088 0.999913216 0.013154481 -1.435920835 0.006286910 -0.013149454 0.999893785 52.213367462
0.999979436 0.000891156 -0.006353497 0.972253203 -0.000808662 0.999915481 0.012974826 -1.444748282 0.006364523 -0.012969421 0.999895692 52.762924194
0.999981582 0.001226720 -0.005940322 0.966467500 -0.001146876 0.999909222 0.013425722 -1.457235456 0.005956252 -0.013418660 0.999892175 53.256572723
0.999981582 0.001464932 -0.005889835 0.994403720 -0.001386590 0.999910831 0.013283453 -1.460789800 0.005908770 -0.013275040 0.999894440 53.866271973
0.999982119 0.001348011 -0.005829863 0.977196932 -0.001270684 0.999911427 0.013247342 -1.475664258 0.005847204 -0.013239697 0.999895275 54.312686920
0.999980927 0.000817096 -0.006114939 0.988730550 -0.000732843 0.999904931 0.013767786 -1.485917807 0.006125608 -0.013763043 0.999886513 54.844970703
0.999979138 0.000712796 -0.006417448 0.999245942 -0.000623589 0.999903262 0.013891917 -1.489644170 0.006426729 -0.013887624 0.999882936 55.397022247
0.999981642 0.000726103 -0.006010138 1.005266666 -0.000642946 0.999904156 0.013826471 -1.503130078 0.006019602 -0.013822354 0.999886334 55.942821503
0.999983251 0.000711017 -0.005739567 1.007937789 -0.000631680 0.999904394 0.013812808 -1.509917617 0.005748840 -0.013808951 0.999888062 56.466785431
0.999977291 0.000289032 -0.006739453 1.034569621 -0.000193139 0.999898791 0.014224876 -1.508716345 0.006742883 -0.014223250 0.999876082 57.091842651
0.999983370 0.001131204 -0.005659168 1.014170647 -0.001051786 0.999901175 0.014016777 -1.522735596 0.005674465 -0.014010591 0.999885738 57.522888184
0.999983430 0.000857366 -0.005680934 1.024517417 -0.000777276 0.999900460 0.014085278 -1.528922081 0.005692445 -0.014080629 0.999884665 58.051803589
0.999983966 0.000549113 -0.005633123 1.036397934 -0.000470540 0.999902666 0.013940103 -1.540033340 0.005640231 -0.013937228 0.999886930 58.585998535
0.999983251 0.000284589 -0.005776034 1.037706375 -0.000202493 0.999899030 0.014208752 -1.551308870 0.005779494 -0.014207343 0.999882340 59.113777161
0.999982119 0.000479276 -0.005956767 1.056623459 -0.000393147 0.999895453 0.014451700 -1.551008463 0.005963071 -0.014449101 0.999877810 59.703041077
0.999986053 0.001091186 -0.005179197 1.078937411 -0.001015126 0.999891996 0.014665695 -1.574610949 0.005194642 -0.014660232 0.999879062 60.214267731
0.999981165 -0.000239064 -0.006127088 1.074218392 0.000331622 0.999885798 0.015109737 -1.583301306 0.006122776 -0.015111485 0.999866962 60.767066956
0.999979377 -0.000663173 -0.006390794 1.077136993 0.000756532 0.999892890 0.014616931 -1.585042119 0.006380417 -0.014621464 0.999872684 61.317565918
0.999979913 -0.000688622 -0.006299742 1.083350778 0.000783223 0.999886811 0.015026612 -1.604717612 0.006288681 -0.015031245 0.999867141 61.851764679
0.999980986 -0.000210878 -0.006143714 1.084229231 0.000304271 0.999884427 0.015204524 -1.613474607 0.006139797 -0.015206106 0.999865472 62.372375488
0.999977529 -0.000336849 -0.006699386 1.089555979 0.000436819 0.999888480 0.014926410 -1.609432697 0.006693611 -0.014928999 0.999866068 62.722373962
0.999968410 -0.001580369 -0.007784073 1.134303570 0.001705214 0.999869525 0.016058078 -1.640019536 0.007757680 -0.016070845 0.999840677 63.461322784
0.999982178 0.000880949 -0.005915566 1.088449121 -0.000786379 0.999872148 0.015970115 -1.632755041 0.005928879 -0.015965177 0.999854922 63.813621521
0.999985635 0.001128234 -0.005236073 1.079679489 -0.001046030 0.999876559 0.015675701 -1.634781957 0.005253113 -0.015669998 0.999863386 64.361618042
0.999981284 0.000336908 -0.006129982 1.098047018 -0.000244491 0.999886394 0.015070749 -1.640966892 0.006134364 -0.015068965 0.999867618 64.753211975
0.999981880 0.000279881 -0.006006797 1.104288578 -0.000186741 0.999879777 0.015500681 -1.638003349 0.006010412 -0.015499277 0.999861777 65.486122131
0.999977827 -0.000292363 -0.006661237 1.118684769 0.000394357 0.999882638 0.015315402 -1.657713532 0.006655977 -0.015317689 0.999860406 65.845733643
0.999976933 -0.000957668 -0.006726377 1.131312370 0.001062460 0.999877810 0.015593013 -1.671784043 0.006710622 -0.015599798 0.999855757 66.367721558
0.999981761 0.000432835 -0.006011048 1.077514172 -0.000339931 0.999880612 0.015447909 -1.688473582 0.006017017 -0.015445589 0.999862611 66.748077393
0.999972820 -0.000844484 -0.007335261 1.161994100 0.000956938 0.999881804 0.015340649 -1.679362535 0.007321440 -0.015347249 0.999855399 67.469673157
0.999984384 0.000950645 -0.005502787 1.085090399 -0.000864826 0.999878228 0.015576917 -1.698179245 0.005516927 -0.015571914 0.999863505 67.859146118
0.999981940 0.000629607 -0.005981239 1.104114294 -0.000537172 0.999880612 0.015443172 -1.710490108 0.005990249 -0.015439679 0.999862850 68.370773315
0.999983370 0.002349711 -0.005270966 1.143972278 -0.002261695 0.999858975 0.016642397 -1.846516252 0.005309328 -0.016630201 0.999847531 68.507270813
0.999981642 0.000299648 -0.006046155 1.099751472 -0.000208872 0.999887288 0.015008981 -1.703730345 0.006049972 -0.015007444 0.999869049 69.454391479
0.999981940 0.001710878 -0.005751459 1.165517092 -0.001613515 0.999856114 0.016890611 -1.862132311 0.005779529 -0.016881028 0.999840677 69.595443726
0.999980330 0.001009200 -0.006178934 1.201281548 -0.000905423 0.999858856 0.016775059 -1.816548705 0.006194992 -0.016769137 0.999840140 70.018562317
0.999980927 0.001500326 -0.005977998 1.182569623 -0.001400465 0.999859929 0.016674038 -1.872821450 0.006002180 -0.016665351 0.999843061 70.651451111
0.999982953 0.002161429 -0.005419188 1.170935154 -0.002068824 0.999852717 0.017036058 -1.914379478 0.005455212 -0.017024558 0.999840200 71.277481079
0.999982476 0.002563557 -0.005314593 1.177551031 -0.002472260 0.999850392 0.017114593 -1.917418957 0.005357673 -0.017101156 0.999839365 71.827201843
0.999984562 0.002181307 -0.005112884 1.173590899 -0.002093076 0.999849856 0.017199067 -1.932207942 0.005149633 -0.017188098 0.999839008 72.409980774
0.999984026 0.002258747 -0.005167089 1.189481735 -0.002172861 0.999860346 0.016567398 -1.926066041 0.005203789 -0.016555907 0.999849439 72.927757263
0.999984324 0.001835182 -0.005284495 1.168536186 -0.001744137 0.999850869 0.017182093 -1.969714761 0.005315240 -0.017172609 0.999838412 73.546127319
0.999983966 0.001112035 -0.005544135 1.181050539 -0.001015999 0.999849916 0.017294837 -1.975133300 0.005562536 -0.017288929 0.999835014 74.083694458
0.999983430 0.001200040 -0.005623417 1.189218163 -0.001104569 0.999855757 0.016949804 -1.981243849 0.005642946 -0.016943313 0.999840558 74.613479614
0.999983609 0.000907835 -0.005648685 1.184241056 -0.000812622 0.999857903 0.016835364 -1.979729056 0.005663165 -0.016830496 0.999842286 75.320487976
0.999983311 0.001548016 -0.005571909 1.206046820 -0.001453253 0.999854922 0.016971324 -1.988470674 0.005597373 -0.016962940 0.999840379 75.736503601
0.999982238 0.000578403 -0.005927175 1.184641719 -0.000476287 0.999851704 0.017215349 -1.998688698 0.005936254 -0.017212223 0.999834180 76.448249817
0.999984145 0.000139673 -0.005613981 1.193549752 -0.000044351 0.999855816 0.016976010 -2.001430988 0.005615545 -0.016975492 0.999840081 76.997802734
0.999983490 0.000198540 -0.005742987 1.202705860 -0.000100960 0.999855697 0.016986471 -2.009741306 0.005745531 -0.016985610 0.999839246 77.631736755
0.999983668 0.000671546 -0.005675835 1.206641555 -0.000573882 0.999852061 0.017191172 -2.015970230 0.005686538 -0.017187636 0.999836028 78.222152710
0.999985874 0.001232345 -0.005165061 1.206173897 -0.001142600 0.999848962 0.017342603 -2.030164242 0.005185652 -0.017336458 0.999836206 78.786491394
0.999988854 0.001377647 -0.004516530 1.208941698 -0.001299392 0.999849796 0.017283790 -2.023948669 0.004539661 -0.017277727 0.999840438 79.381584167
0.999992967 0.001696977 -0.003322145 1.222800136 -0.001639814 0.999851823 0.017134426 -2.036803722 0.003350730 -0.017128861 0.999847591 79.962577820
0.999996722 0.001155256 -0.002297255 1.236518145 -0.001115899 0.999853790 0.017060123 -2.042155743 0.002316628 -0.017057501 0.999851823 80.531639099
0.999999344 0.000682109 -0.000895293 1.254405022 -0.000666851 0.999856412 0.016933186 -2.041764975 0.000906715 -0.016932581 0.999856174 81.099533081
0.999993205 0.001915795 0.003138451 1.259581566 -0.001969601 0.999849498 0.017231753 -2.050494194 -0.003104966 -0.017237816 0.999846578 81.656356812
0.999977291 0.001071429 0.006652078 1.282154322 -0.001187182 0.999847531 0.017421521 -2.057819128 -0.006632398 -0.017429020 0.999826074 82.205902100
0.999951839 0.000975615 0.009760449 1.308934927 -0.001144267 0.999849916 0.017288422 -2.058919430 -0.009742117 -0.017298762 0.999802828 82.813865662
0.999891222 0.001495076 0.014674135 1.323172092 -0.001750323 0.999847054 0.017396938 -2.065808296 -0.014645880 -0.017420728 0.999740899 83.313117981
0.999789417 0.001008546 0.020496758 1.357363462 -0.001355935 0.999855518 0.016941657 -2.061609268 -0.020476710 -0.016965885 0.999646366 83.950630188
0.999658525 0.000677304 0.026123591 1.387715340 -0.001115560 0.999858797 0.016765313 -2.065334797 -0.026108552 -0.016788730 0.999518096 84.504325867
0.999491453 0.001305427 0.031860869 1.434248924 -0.001836502 0.999859691 0.016645018 -2.069684505 -0.031834673 -0.016695064 0.999353707 85.091964722
0.999225557 0.001072537 0.039332941 1.474185824 -0.001731938 0.999858499 0.016734341 -2.083389044 -0.039309423 -0.016789507 0.999085963 85.667137146
0.998865843 0.001172935 0.047599420 1.521271706 -0.001959956 0.999862075 0.016490940 -2.080476522 -0.047573514 -0.016565528 0.998730302 86.206413269
0.998528838 0.000614914 0.054219343 1.564946890 -0.001531320 0.999856651 0.016861895 -2.094939709 -0.054201208 -0.016920116 0.998386681 86.761734009
0.998001933 0.000454009 0.063181698 1.620115995 -0.001505566 0.999861062 0.016596768 -2.095404625 -0.063165389 -0.016658729 0.997864008 87.328636169
0.997326970 0.000383180 0.073066816 1.686838627 -0.001594593 0.999862254 0.016521910 -2.102812290 -0.073050410 -0.016594255 0.997190297 87.868942261
0.996644378 0.000507455 0.081851661 1.747639179 -0.001879804 0.999858916 0.016690098 -2.111669540 -0.081831664 -0.016787957 0.996504784 88.427879333
0.995982707 -0.000116688 0.089544833 1.822725296 -0.001338161 0.999868214 0.016186958 -2.114344835 -0.089534901 -0.016241759 0.995851219 88.987159729
0.994944870 0.000147859 0.100423746 1.899388313 -0.001800608 0.999864340 0.016367303 -2.123736620 -0.100407727 -0.016465388 0.994810104 89.541999817
0.993847907 -0.000860841 0.110750511 1.991203308 -0.000947527 0.999867022 0.016274638 -2.134184599 -0.110749789 -0.016279452 0.993715048 90.069419861
0.992755890 -0.000794965 0.120145775 2.067466736 -0.001178071 0.999865770 0.016350100 -2.135137081 -0.120142639 -0.016373198 0.992621601 90.672035217
0.991322458 -0.000762335 0.131450802 2.155027390 -0.001286300 0.999878943 0.015499181 -2.132638931 -0.131446734 -0.015533771 0.991201580 91.182693481
0.989674926 -0.000461947 0.143329397 2.273241997 -0.001893754 0.999865294 0.016298719 -2.148135185 -0.143317625 -0.016401859 0.989540935 91.779144287
0.988029182 -0.000909699 0.154264435 2.382071495 -0.001626264 0.999865651 0.016312070 -2.153134584 -0.154258564 -0.016367678 0.987894893 92.353813171
0.986291289 -0.000953054 0.165011644 2.494321823 -0.001777780 0.999863863 0.016400859 -2.157982826 -0.165004805 -0.016469374 0.986155272 92.908454895
0.984049976 -0.001352905 0.177886978 2.618588448 -0.001548262 0.999868035 0.016169215 -2.164540052 -0.177885398 -0.016186733 0.983918011 93.451736450
0.981798351 -0.002125908 0.189914495 2.745036125 -0.000961020 0.999868929 0.016160730 -2.168003082 -0.189923987 -0.016049091 0.981667578 93.992774963
0.979734838 -0.002026375 0.200288549 2.871673584 -0.001185297 0.999872625 0.015914002 -2.171354055 -0.200295314 -0.015828904 0.979607642 94.535148621
0.977017581 -0.002231289 0.213146999 3.013782501 -0.001165373 0.999874473 0.015808797 -2.178286552 -0.213155508 -0.015693871 0.976892173 95.059516907
0.974032581 -0.002992868 0.226388022 3.170127869 -0.000671661 0.999870002 0.016108179 -2.185061932 -0.226406783 -0.015841946 0.973904133 95.600898743
0.971381366 -0.003425278 0.237500504 3.324663162 -0.000400658 0.999870956 0.016059028 -2.194850922 -0.237524882 -0.015694600 0.971254587 96.139045715
0.968282640 -0.003614410 0.249830946 3.484033585 -0.000369371 0.999873579 0.015897188 -2.201276779 -0.249856800 -0.015485253 0.968158960 96.664741516
0.964625597 -0.004018873 0.263592899 3.660266876 -0.000290727 0.999866903 0.016308410 -2.211645842 -0.263623416 -0.015808141 0.964496136 97.192344666
0.961177111 -0.004108988 0.275901496 3.836557388 -0.000332838 0.999871075 0.016050562 -2.214651585 -0.275931895 -0.015519263 0.961051881 97.728134155
0.957888126 -0.004709294 0.287103057 4.021186829 0.000106538 0.999871254 0.016045231 -2.220071793 -0.287141681 -0.015338950 0.957765281 98.273429871
0.953652084 -0.005199711 0.300866425 4.212528229 0.000432409 0.999873340 0.015909662 -2.226646423 -0.300911129 -0.015042187 0.953533530 98.790748596
0.949148417 -0.005071600 0.314788073 4.413658142 0.000044639 0.999872386 0.015974499 -2.228123188 -0.314828902 -0.015148122 0.949027538 99.336265564
0.945226371 -0.005015175 0.326377034 4.614198685 -0.000278887 0.999869168 0.016171884 -2.235062838 -0.326415420 -0.015377115 0.945101261 99.867462158
0.940836430 -0.005681783 0.338813335 4.829004288 0.000233537 0.999870002 0.016118979 -2.241497993 -0.338860840 -0.015086197 0.940715551 100.376113892
0.935684919 -0.005904572 0.352787286 5.048946381 0.000239149 0.999870360 0.016100463 -2.248992682 -0.352836579 -0.014980590 0.935565174 100.894752502
0.931030154 -0.006650074 0.364881575 5.276409149 0.000921602 0.999873638 0.015871434 -2.250854492 -0.364941031 -0.014440509 0.930918574 101.409751892
0.926845014 -0.007027443 0.375378221 5.507234573 0.001265665 0.999877632 0.015593628 -2.255268574 -0.375441849 -0.013977774 0.926740527 101.920898438
0.921330392 -0.006887341 0.388719827 5.747663498 0.000812610 0.999874949 0.015789771 -2.258823872 -0.388780057 -0.014231717 0.921220720 102.432197571
0.915655255 -0.007595554 0.401892781 5.994636536 0.001314723 0.999872684 0.015901636 -2.265352726 -0.401962370 -0.014032040 0.915548682 102.934036255
0.910754204 -0.008516459 0.412861019 6.254413605 0.002229910 0.999874175 0.015706224 -2.271891594 -0.412942827 -0.013383868 0.910658598 103.435569763
0.904380441 -0.008127190 0.426649630 6.511066437 0.001528183 0.999873877 0.015807128 -2.279398441 -0.426724285 -0.013643661 0.904278815 103.921211243
0.897528052 -0.008733606 0.440870881 6.788341522 0.001878488 0.999870420 0.015983094 -2.279895306 -0.440953374 -0.013517103 0.897428215 104.440711975
0.891561329 -0.008843112 0.452813625 7.053836823 0.001853052 0.999872267 0.015878210 -2.296879292 -0.452896178 -0.013317313 0.891463757 104.887878418
0.885930657 -0.010250743 0.463704437 7.344078064 0.003136555 0.999865234 0.016110677 -2.289898872 -0.463807136 -0.012818508 0.885843456 105.411964417
0.878661633 -0.010849001 0.477321684 7.635166168 0.003718216 0.999866903 0.015881334 -2.293309212 -0.477430522 -0.012179535 0.878585100 105.904159546
0.871679068 -0.011001443 0.489953637 7.928596497 0.003630441 0.999865472 0.015992098 -2.295810699 -0.490063667 -0.012161228 0.871601820 106.381958008
