1.000000000 0.000000000 0.000000000 0.000000000 0.000000000 1.000000000 0.000000000 0.000000000 0.000000000 0.000000000 1.000000000 0.000000000
0.999999940 -0.000323718 0.000046617 0.000277035 0.000323717 0.999999940 0.000013140 0.000292550 -0.000046622 -0.000013124 1.000000000 -0.000109886
1.000000000 -0.000119685 0.000137496 -0.000644644 0.000119660 1.000000000 0.000177881 -0.000418927 -0.000137517 -0.000177865 1.000000000 0.000311712
1.000000000 -0.000066502 0.000006680 0.000283158 0.000066502 1.000000000 0.000100748 0.000112995 -0.000006687 -0.000100747 1.000000000 0.000068988
1.000000000 -0.000022302 0.000040674 0.000323223 0.000022301 1.000000000 0.000038806 -0.000673217 -0.000040675 -0.000038805 1.000000000 -0.000792130
0.999999940 -0.000296774 0.000071277 0.000100565 0.000296774 0.999999940 -0.000003829 0.000167800 -0.000071276 0.000003850 1.000000000 -0.000824273
0.999999940 -0.000406596 0.000099644 -0.000162131 0.000406593 0.999999940 0.000034896 -0.000049138 -0.000099658 -0.000034855 1.000000000 0.000128688
0.999999940 -0.000314117 0.000094380 0.000508781 0.000314100 0.999999940 0.000176609 -0.000678553 -0.000094435 -0.000176579 1.000000000 0.001291780
1.000000000 -0.000114641 0.000116443 -0.000018905 0.000114642 1.000000000 -0.000009756 0.000827777 -0.000116441 0.000009769 1.000000000 0.000941919
1.000000000 -0.000022420 0.000150372 -0.000765742 0.000022420 1.000000000 0.000003539 -0.000078551 -0.000150372 -0.000003536 1.000000000 -0.000509803
1.000000000 -0.000153852 0.000051295 0.001139091 0.000153850 1.000000000 0.000027268 0.000512952 -0.000051300 -0.000027261 1.000000000 -0.000783300
1.000000000 -0.000042808 -0.000025757 0.001084121 0.000042807 1.000000000 -0.000030143 -0.000194059 0.000025758 0.000030141 1.000000000 -0.002210295
1.000000000 0.000037484 0.000065335 0.000522510 -0.000037474 1.000000000 -0.000149956 0.002094725 -0.000065340 0.000149954 1.000000000 0.000796724
1.000000000 -0.000065545 0.000076193 -0.000564916 0.000065543 1.000000000 0.000026281 0.000627541 -0.000076195 -0.000026276 1.000000000 -0.000065117
1.000000000 0.000163376 0.000095290 -0.000557295 -0.000163364 1.000000000 -0.000122056 0.001253957 -0.000095310 0.000122041 1.000000000 -0.000010359
1.000000000 -0.000137765 0.000012053 0.000654572 0.000137764 1.000000000 0.000112974 0.000152455 -0.000012069 -0.000112972 1.000000000 -0.000094559
0.999999940 -0.000335905 0.000004536 0.000052475 0.000335904 0.999999940 0.000124188 -0.000211705 -0.000004578 -0.000124186 1.000000000 -0.000747487
0.999999940 -0.000276920 0.000043831 0.000085833 0.000276915 0.999999940 0.000116972 -0.001059361 -0.000043864 -0.000116960 1.000000000 -0.001652492
1.000000000 0.000068428 0.000125164 -0.000333957 -0.000068441 1.000000000 0.000101118 -0.000343586 -0.000125157 -0.000101126 1.000000000 -0.001155641
1.000000000 0.000227557 -0.000012649 -0.000152920 -0.000227555 0.999999940 0.000134745 -0.000184694 0.000012680 -0.000134742 1.000000000 -0.000403947
1.000000000 -0.000145132 -0.000035039 0.000691482 0.000145137 1.000000000 0.000126956 0.000158932 0.000035020 -0.000126961 1.000000000 -0.000632157
1.000000000 -0.000107789 0.000083543 -0.000183538 0.000107780 1.000000000 0.000112806 -0.000292547 -0.000083555 -0.000112797 1.000000000 -0.000852833
1.000000000 -0.000148138 0.000027484 0.000444778 0.000148133 1.000000000 0.000156287 -0.000527710 -0.000027507 -0.000156283 1.000000000 -0.001515648
0.999999940 -0.000231504 0.000097558 0.000814740 0.000231503 1.000000000 0.000009424 0.000862511 -0.000097560 -0.000009401 1.000000000 0.000795215
1.000000000 0.000096260 0.000135089 0.000028024 -0.000096271 1.000000000 0.000084984 0.000406855 -0.000135081 -0.000084997 1.000000000 0.000601486
1.000000000 -0.000096800 0.000009470 0.001750953 0.000096799 1.000000000 0.000107781 0.000447940 -0.000009480 -0.000107780 1.000000000 -0.001313344
0.999999940 -0.000234086 0.000076257 0.000400619 0.000234084 1.000000000 0.000030722 0.000115865 -0.000076264 -0.000030704 1.000000000 -0.001928140
1.000000000 -0.000209858 0.000018934 -0.000239729 0.000209857 1.000000000 0.000072315 -0.000454093 -0.000018949 -0.000072311 1.000000000 -0.002018729
0.999999940 0.000236937 0.000164389 -0.001203418 -0.000236967 0.999999940 0.000180985 0.000179506 -0.000164346 -0.000181024 0.999999940 0.001105042
1.000000000 -0.000004742 -0.000008738 0.000432299 0.000004743 1.000000000 0.000158138 -0.000215955 0.000008737 -0.000158138 1.000000000 -0.001002493
0.999999940 -0.000240934 0.000206954 -0.000792984 0.000240931 1.000000000 0.000014070 0.000502021 -0.000206958 -0.000014020 1.000000000 -0.000150816
1.000000000 -0.000165282 0.000172714 -0.000779542 0.000165257 1.000000000 0.000145422 -0.000652592 -0.000172738 -0.000145394 1.000000000 -0.001098260
1.000000000 -0.000003609 0.000104284 -0.000498596 0.000003589 1.000000000 0.000193217 -0.001363957 -0.000104285 -0.000193217 1.000000000 -0.002088631
1.000000000 -0.000078874 0.000139867 -0.000309740 0.000078882 1.000000000 -0.000053490 0.000740989 -0.000139862 0.000053501 1.000000000 -0.001005303
1.000000000 -0.000094297 0.000119363 -0.000329448 0.000094298 1.000000000 -0.000009585 0.000445576 -0.000119362 0.000009596 1.000000000 -0.000756517
1.000000000 0.000088104 0.000083105 0.000078358 -0.000088118 1.000000000 0.000158849 -0.000101069 -0.000083091 -0.000158856 1.000000000 -0.001523239
1.000000000 -0.000209191 0.000124738 0.000565814 0.000209195 1.000000000 -0.000027324 0.001692958 -0.000124732 0.000027351 1.000000000 -0.000150848
1.000000000 -0.000104178 0.000173074 -0.000907764 0.000104156 1.000000000 0.000124021 0.000851137 -0.000173087 -0.000124003 1.000000000 0.000966250
1.000000000 -0.000025705 0.000116905 -0.000251549 0.000025696 1.000000000 0.000076556 0.000119584 -0.000116907 -0.000076553 1.000000000 -0.000880716
1.000000000 0.000073380 0.000183743 -0.001000520 -0.000073392 1.000000000 0.000066500 0.000318838 -0.000183738 -0.000066513 1.000000000 -0.000319453
0.999999940 -0.000023337 0.000291282 -0.000673506 0.000023385 1.000000000 -0.000166373 0.001408591 -0.000291278 0.000166380 0.999999940 0.002195966
1.000000000 -0.000110660 0.000141585 0.001137814 0.000110756 0.999999762 -0.000674711 -0.001296010 -0.000141510 0.000674727 0.999999762 0.051375311
1.000000000 -0.000052371 -0.000078957 0.003129321 0.000052272 0.999999166 -0.001261754 -0.003364640 0.000079023 0.001261750 0.999999225 0.139273837
0.999999940 0.000329656 0.000032103 -0.003353271 -0.000329606 0.999998748 -0.001534094 -0.005237847 -0.000032609 0.001534083 0.999998808 0.263055176
0.999999881 0.000188742 0.000455006 0.001867542 -0.000188061 0.999998868 -0.001497746 -0.011646313 -0.000455288 0.001497661 0.999998748 0.375023752
0.999999881 0.000325521 0.000407448 0.004608751 -0.000324872 0.999998748 -0.001591559 -0.015365295 -0.000407965 0.001591426 0.999998629 0.511883676
1.000000000 0.000067305 0.000241403 0.008944144 -0.000066920 0.999998748 -0.001594796 -0.020331882 -0.000241510 0.001594780 0.999998689 0.663582265
0.999999762 0.000263663 0.000543583 0.007390673 -0.000263130 0.999999464 -0.000979729 -0.020925820 -0.000543841 0.000979586 0.999999344 0.844394982
0.999999762 -0.000071179 0.000670818 -0.001666181 0.000071606 0.999999762 -0.000636683 -0.026713207 -0.000670772 0.000636732 0.999999583 1.010472059
0.999999881 -0.000208357 0.000441282 0.015428045 0.000208590 0.999999821 -0.000529101 -0.038844369 -0.000441172 0.000529193 0.999999762 1.181359768
0.999999762 -0.000660549 0.000307369 0.022421768 0.000660687 0.999999702 -0.000450931 -0.043301750 -0.000307071 0.000451134 0.999999881 1.366087437
0.999999762 -0.000547479 -0.000354895 0.039783780 0.000547462 0.999999821 -0.000050466 -0.060506005 0.000354922 0.000050272 0.999999940 1.587173223
0.999999702 -0.000608606 -0.000363361 0.044675469 0.000608594 0.999999762 -0.000034433 -0.060081512 0.000363382 0.000034212 0.999999940 1.792672873
0.999999762 0.000637003 0.000188716 0.029943341 -0.000636896 0.999999642 -0.000565342 -0.058851872 -0.000189076 0.000565222 0.999999821 1.982588053
0.999999821 0.000556084 0.000218040 0.046922609 -0.000555931 0.999999583 -0.000699630 -0.058793966 -0.000218429 0.000699509 0.999999702 2.173821926
0.999999344 0.001119325 -0.000059803 0.053702608 -0.001119337 0.999999344 -0.000200840 -0.066460922 0.000059578 0.000200906 0.999999940 2.399215460
0.999999762 0.000608802 -0.000216171 0.067486875 -0.000609096 0.999998868 -0.001362179 -0.057415649 0.000215341 0.001362310 0.999999046 2.642298222
0.999999344 0.000924246 0.000650247 0.047531340 -0.000923498 0.999998927 -0.001150023 -0.067224570 -0.000651309 0.001149422 0.999999106 2.826351166
0.999998212 0.001652402 0.000907695 0.049765803 -0.001650988 0.999997497 -0.001556416 -0.071960792 -0.000910264 0.001554915 0.999998331 3.055173159
0.999999285 0.001142633 -0.000369430 0.074633971 -0.001142800 0.999999166 -0.000451389 -0.093361117 0.000368914 0.000451811 0.999999821 3.338106871
0.999999523 0.000955459 -0.000106697 0.078470893 -0.000955580 0.999998868 -0.001137672 -0.090518065 0.000105610 0.001137773 0.999999285 3.575796127
0.999999821 0.000357379 -0.000461483 0.083871312 -0.000357940 0.999999225 -0.001214576 -0.097924031 0.000461049 0.001214741 0.999999106 3.826297283
0.999999940 0.000221032 0.000220423 0.077870183 -0.000220918 0.999999762 -0.000517436 -0.110602580 -0.000220537 0.000517387 0.999999821 4.090691566
0.999999642 0.000756625 0.000068965 0.086507030 -0.000756628 0.999999702 0.000039347 -0.124505557 -0.000068935 -0.000039399 1.000000000 4.342470169
0.999999642 0.000715912 0.000412543 0.086919412 -0.000715697 0.999999583 -0.000518783 -0.125648648 -0.000412914 0.000518488 0.999999702 4.600279331
0.999999762 0.000584422 0.000398170 0.093072139 -0.000584151 0.999999642 -0.000680372 -0.132074580 -0.000398567 0.000680140 0.999999702 4.858246326
0.999998569 0.001410551 0.000845078 0.088550828 -0.001409741 0.999998569 -0.000957393 -0.129114613 -0.000846427 0.000956200 0.999999106 5.134376526
0.999998689 0.001471538 0.000725135 0.093795098 -0.001470528 0.999998093 -0.001391884 -0.133304566 -0.000727182 0.001390816 0.999998748 5.410085201
0.999998152 0.001367596 0.001336096 0.097328365 -0.001366844 0.999998927 -0.000563698 -0.152012110 -0.001336866 0.000561871 0.999998927 5.663106918
0.999998987 0.000847632 0.001053658 0.106408373 -0.000847542 0.999999702 -0.000085583 -0.165677771 -0.001053730 0.000084690 0.999999464 5.926989079
0.999998569 0.001586093 0.000610841 0.119321495 -0.001585810 0.999998629 -0.000464324 -0.170274198 -0.000611576 0.000463355 0.999999642 6.214711666
0.999997556 0.002090283 0.000775066 0.120367929 -0.002089879 0.999997675 -0.000520304 -0.175935999 -0.000776151 0.000518683 0.999999523 6.492132187
0.999999225 0.000889897 0.000880915 0.125063628 -0.000889737 0.999999523 -0.000181876 -0.191913992 -0.000881077 0.000181092 0.999999523 6.761268616
0.999998569 0.001088727 0.001284811 0.131478459 -0.001087666 0.999999046 -0.000825976 -0.190032125 -0.001285709 0.000824577 0.999998808 7.060137749
0.999998629 0.001318187 0.000977958 0.139627293 -0.001317555 0.999998927 -0.000647387 -0.202769265 -0.000978811 0.000646097 0.999999285 7.371270180
0.999997795 0.001412703 0.001536689 0.137548104 -0.001412085 0.999998927 -0.000403252 -0.213727102 -0.001537257 0.000401082 0.999998748 7.667207241
0.999996960 0.001635174 0.001859042 0.139973000 -0.001634665 0.999998629 -0.000275211 -0.223688990 -0.001859490 0.000272171 0.999998212 7.981966019
0.999997139 0.001378465 0.001952011 0.144838616 -0.001377911 0.999998987 -0.000284952 -0.228553861 -0.001952402 0.000282261 0.999998033 8.303827286
0.999995947 0.001500954 0.002403246 0.150304720 -0.001499591 0.999998689 -0.000568481 -0.241650030 -0.002404097 0.000564875 0.999996901 8.620020866
0.999990046 0.002702738 0.003526172 0.137984902 -0.002702489 0.999996483 -0.000075287 -0.255385965 -0.003526363 0.000065757 0.999993801 8.973416328
0.999995172 0.001774413 0.002549734 0.162794068 -0.001775204 0.999998391 0.000308347 -0.272396803 -0.002549183 -0.000312872 0.999996722 9.284287453
0.999993503 0.002158671 0.002876829 0.164251342 -0.002157391 0.999997556 -0.000448002 -0.272348464 -0.002877790 0.000441793 0.999995768 9.631493568
0.999994397 0.001871468 0.002811855 0.169721901 -0.001871228 0.999998271 -0.000088039 -0.284350544 -0.002812016 0.000082777 0.999996066 9.984625816
0.999997675 0.000837917 0.001997313 0.197893262 -0.000837147 0.999999583 -0.000386098 -0.296017617 -0.001997636 0.000384425 0.999997854 10.328804016
0.999993443 0.002276373 0.002867767 0.188110515 -0.002275738 0.999997377 -0.000224441 -0.305898458 -0.002868271 0.000217913 0.999995828 10.716820717
0.999994814 0.001774405 0.002666368 0.205788627 -0.001773982 0.999998510 -0.000161084 -0.317030877 -0.002666650 0.000156353 0.999996364 11.061751366
0.999990046 0.002711655 0.003536267 0.203904971 -0.002710750 0.999996305 -0.000260860 -0.331926674 -0.003536961 0.000251271 0.999993742 11.424473763
0.999991477 0.002269709 0.003434151 0.216651410 -0.002270280 0.999997437 0.000162212 -0.343981951 -0.003433774 -0.000170007 0.999994099 11.812676430
0.999992907 0.002233807 0.003025607 0.226026759 -0.002233907 0.999997437 0.000029402 -0.353341460 -0.003025533 -0.000036161 0.999995410 12.194497108
0.999988794 0.002534083 0.003995990 0.230079070 -0.002533826 0.999996781 -0.000069244 -0.365999997 -0.003996153 0.000059118 0.999992013 12.584713936
0.999992609 0.001719421 0.003437713 0.245504260 -0.001718426 0.999998450 -0.000292576 -0.370550245 -0.003438211 0.000286667 0.999993980 12.976375580
0.999986649 0.002510723 0.004499658 0.245671719 -0.002512457 0.999996781 0.000379762 -0.388435304 -0.004498690 -0.000391063 0.999989808 13.372981071
0.999990463 0.002223068 0.003788308 0.260513544 -0.002221688 0.999997437 -0.000368589 -0.390266895 -0.003789119 0.000360169 0.999992669 13.796751976
0.999991179 0.001622136 0.003872504 0.272071332 -0.001622891 0.999998629 0.000191929 -0.414883435 -0.003872187 -0.000198212 0.999992430 14.196320534
0.999987602 0.002085876 0.004517979 0.274154246 -0.002085199 0.999997795 -0.000154696 -0.421772182 -0.004518292 0.000145273 0.999989808 14.619194984
0.999985337 0.002750010 0.004662397 0.287896574 -0.002750466 0.999996126 0.000091545 -0.431145310 -0.004662128 -0.000104368 0.999989092 15.053679466
0.999980092 0.002966214 0.005570237 0.292863309 -0.002963643 0.999995470 -0.000469843 -0.438481659 -0.005571607 0.000453326 0.999984384 15.499077797
0.999982119 0.002944296 0.005195280 0.311048448 -0.002942020 0.999995708 -0.000445576 -0.450947672 -0.005196569 0.000430284 0.999986351 15.942030907
0.999981225 0.002523493 0.005582914 0.319968998 -0.002522030 0.999996781 -0.000268921 -0.462340564 -0.005583575 0.000254836 0.999984384 16.387123108
0.999980211 0.002415176 0.005805422 0.332766712 -0.002411748 0.999996841 -0.000597263 -0.478222162 -0.005806847 0.000583250 0.999982893 16.825870514
0.999979019 0.002559752 0.005948450 0.349047631 -0.002556268 0.999996483 -0.000593255 -0.491852790 -0.005949948 0.000578037 0.999982059 17.277540207
0.999976933 0.002814614 0.006174334 0.361579955 -0.002812063 0.999995887 -0.000421708 -0.506039619 -0.006175496 0.000404335 0.999980867 17.740226746
0.999973953 0.002972151 0.006575665 0.373639077 -0.002970055 0.999995589 -0.000328494 -0.521283567 -0.006576613 0.000308955 0.999978304 18.211214066
0.999976099 0.002454801 0.006464485 0.389531642 -0.002454945 0.999996901 0.000014314 -0.534233809 -0.006464431 -0.000030184 0.999979019 18.683176041
0.999981761 0.002056789 0.005682576 0.406130642 -0.002057524 0.999997795 0.000123460 -0.552381694 -0.005682311 -0.000135150 0.999983788 19.149291992
0.999974787 0.002444629 0.006657693 0.416607678 -0.002444820 0.999997020 0.000020668 -0.567635655 -0.006657623 -0.000036944 0.999977827 19.663736343
0.999975443 0.002864173 0.006393312 0.429201812 -0.002862499 0.999995887 -0.000270958 -0.573895872 -0.006394062 0.000252651 0.999979496 20.136636734
0.999974966 0.002674686 0.006572794 0.437293053 -0.002675497 0.999996364 0.000114637 -0.592168689 -0.006572464 -0.000132220 0.999978304 20.635749817
0.999970973 0.003826372 0.006591169 0.456511885 -0.003829154 0.999992549 0.000409504 -0.607784629 -0.006589555 -0.000434730 0.999978185 21.120668411
0.999976933 0.003371648 0.005899003 0.463507205 -0.003371569 0.999994338 -0.000023442 -0.616191149 -0.005899047 0.000003552 0.999982536 21.646308899
0.999982119 0.002969446 0.005183634 0.482578576 -0.002971136 0.999995470 0.000318412 -0.636432350 -0.005182665 -0.000333807 0.999986529 22.148672104
0.999988079 0.002533105 0.004206462 0.500534475 -0.002533857 0.999996781 0.000173062 -0.644786656 -0.004206011 -0.000183719 0.999991059 22.656949997
0.999990046 0.002765766 0.003502152 0.512459755 -0.002766153 0.999996126 0.000105534 -0.666370451 -0.003501847 -0.000115220 0.999993861 23.163417816
0.999991417 0.002676004 0.003167014 0.521579504 -0.002675810 0.999996424 -0.000065441 -0.677850902 -0.003167178 0.000056967 0.999994993 23.684795380
0.999996305 0.001560737 0.002238749 0.536288559 -0.001559891 0.999998629 -0.000379313 -0.694660544 -0.002239339 0.000375819 0.999997377 24.208433151
0.999994338 0.002892973 0.001735255 0.540603280 -0.002893250 0.999995947 0.000157345 -0.711056888 -0.001734792 -0.000162365 0.999998510 24.744867325
0.999996364 0.002570025 0.000812638 0.552055061 -0.002569429 0.999996364 -0.000733821 -0.716665328 -0.000814521 0.000731730 0.999999404 25.276391983
0.999996960 0.002429405 0.000200449 0.559364259 -0.002429320 0.999996960 -0.000419881 -0.731164575 -0.000201469 0.000419393 0.999999821 25.828159332
0.999996543 0.002628378 -0.000254740 0.567106843 -0.002628446 0.999996543 -0.000269821 -0.748098791 0.000254030 0.000270490 0.999999940 26.370130539
0.999997854 0.001667290 -0.001222834 0.591271281 -0.001666499 0.999998331 0.000647670 -0.774858892 0.001223912 -0.000645631 0.999998987 26.915317535
0.999997556 0.001226581 -0.001851472 0.601558685 -0.001225416 0.999999046 0.000630291 -0.791122437 0.001852244 -0.000628020 0.999998093 27.461807251
0.999995828 0.001917140 -0.002160673 0.611130476 -0.001915807 0.999997973 0.000619178 -0.805915177 0.002161855 -0.000615036 0.999997497 28.008077621
0.999994814 0.001948028 -0.002573256 0.619672298 -0.001946389 0.999997854 0.000639272 -0.818570495 0.002574496 -0.000634260 0.999996424 28.563158035
0.999993861 0.002040399 -0.002841779 0.628433824 -0.002038261 0.999997556 0.000754976 -0.836457074 0.002843312 -0.000749180 0.999995649 29.099861145
0.999991596 0.002343357 -0.003401757 0.637437999 -0.002343589 0.999997258 -0.000063988 -0.847035766 0.003401598 0.000071960 0.999994218 29.645744324
0.999992430 0.002172021 -0.003235569 0.638938248 -0.002169143 0.999997258 0.000892762 -0.871778369 0.003237499 -0.000885737 0.999994338 30.191366196
0.999992192 0.002267044 -0.003231478 0.648660541 -0.002264612 0.999997139 0.000756061 -0.890136421 0.003233184 -0.000748737 0.999994516 30.727497101
0.999988973 0.002459445 -0.003984747 0.661278844 -0.002457677 0.999996841 0.000448430 -0.899028718 0.003985837 -0.000438631 0.999991953 31.283353806
0.999988973 0.002577583 -0.003906038 0.662783802 -0.002576305 0.999996603 0.000332039 -0.910320878 0.003906881 -0.000321972 0.999992311 31.836160660
0.999989748 0.001581228 -0.004238326 0.669640779 -0.001581167 0.999998748 0.000017636 -0.929059744 0.004238350 -0.000010934 0.999991000 32.362571716
0.999987185 0.001501978 -0.004825070 0.674414933 -0.001500290 0.999998748 0.000353435 -0.944877982 0.004825594 -0.000346191 0.999988317 32.901096344
0.999987662 0.001048616 -0.004843679 0.677546740 -0.001049602 0.999999523 -0.000200973 -0.959426284 0.004843466 0.000206055 0.999988258 33.451427460
0.999984026 0.000677902 -0.005606477 0.690311909 -0.000678094 0.999999762 -0.000032353 -0.978172958 0.005606453 0.000036154 0.999984264 33.994102478
0.999985456 0.000871387 -0.005326787 0.693535089 -0.000868224 0.999999464 0.000596153 -1.001805067 0.005327304 -0.000591519 0.999985635 34.527908325
0.999984145 0.000913879 -0.005557617 0.704769015 -0.000909706 0.999999225 0.000753293 -1.016241431 0.005558301 -0.000748226 0.999984264 35.083393097
0.999983788 0.000484661 -0.005676974 0.711956322 -0.000480432 0.999999583 0.000746325 -1.035049319 0.005677334 -0.000743585 0.999983609 35.620422363
0.999980807 0.000675024 -0.006146213 0.720151007 -0.000671414 0.999999523 0.000589311 -1.049781799 0.006146609 -0.000585173 0.999980927 36.175670624
0.999981225 0.000483319 -0.006097703 0.726102114 -0.000482368 0.999999881 0.000157511 -1.061703801 0.006097779 -0.000154566 0.999981403 36.725875854
0.999981642 0.000456670 -0.006033790 0.731077075 -0.000455403 0.999999881 0.000211358 -1.074893594 0.006033886 -0.000208607 0.999981761 37.268535614
0.999976337 0.000059804 -0.006881543 0.738582373 -0.000057327 0.999999940 0.000360105 -1.093390107 0.006881563 -0.000359702 0.999976218 37.799488068
0.999975860 -0.000046458 -0.006946393 0.745213389 0.000048187 0.999999940 0.000248845 -1.108711123 0.006946382 -0.000249174 0.999975801 38.347343445
0.999975681 0.000522894 -0.006957868 0.754263580 -0.000519730 0.999999762 0.000456586 -1.122993946 0.006958104 -0.000452959 0.999975681 38.897674561
0.999973059 -0.000667279 -0.007301441 0.755754709 0.000668930 0.999999762 0.000223626 -1.141935110 0.007301291 -0.000228504 0.999973238 39.437664032
0.999973416 -0.000098053 -0.007286175 0.761287689 0.000105356 0.999999404 0.001001962 -1.169284463 0.007286072 -0.001002703 0.999972939 39.975879669
0.999973834 -0.000398791 -0.007222360 0.761631370 0.000403902 0.999999642 0.000706246 -1.177339196 0.007222076 -0.000709144 0.999973655 40.521831512
0.999968767 -0.000373514 -0.007885123 0.782017112 0.000378983 0.999999642 0.000692135 -1.201276660 0.007884861 -0.000695102 0.999968648 41.061012268
0.999966145 -0.000803950 -0.008178438 0.790130854 0.000816985 0.999998391 0.001590543 -1.224044561 0.008177145 -0.001597171 0.999965310 41.602306366
0.999961197 -0.001072829 -0.008734103 0.790967762 0.001080068 0.999999106 0.000824072 -1.235671043 0.008733211 -0.000833473 0.999961436 42.166698456
0.999952018 -0.001528059 -0.009679069 0.804026365 0.001540376 0.999997973 0.001265202 -1.247992754 0.009677118 -0.001280051 0.999952316 42.702865601
0.999952197 -0.001045727 -0.009713119 0.805396557 0.001054119 0.999999046 0.000858898 -1.253226042 0.009712213 -0.000869096 0.999952435 43.259094238
0.999950767 -0.001736118 -0.009772720 0.803960443 0.001739501 0.999998391 0.000337748 -1.269157887 0.009772118 -0.000354731 0.999952197 43.801376343
0.999947786 -0.002130420 -0.009994273 0.809165239 0.002142607 0.999996960 0.001208768 -1.290582299 0.009991667 -0.001230119 0.999949336 44.330059052
0.999945998 -0.001791530 -0.010234268 0.808933377 0.001803942 0.999997675 0.001203711 -1.308510423 0.010232086 -0.001222108 0.999946892 44.877014160
0.999951959 -0.001612035 -0.009671323 0.812252879 0.001621376 0.999998212 0.000958160 -1.320265174 0.009669762 -0.000973795 0.999952734 45.431774139
0.999952853 -0.002018422 -0.009494559 0.818479419 0.002027365 0.999997497 0.000932421 -1.333469987 0.009492652 -0.000951626 0.999954402 45.983047485
0.999952853 -0.001969772 -0.009507010 0.822479248 0.001979345 0.999997556 0.000997625 -1.351988912 0.009505020 -0.001016395 0.999954283 46.518585205
0.999959111 -0.000828271 -0.009002038 0.826416433 0.000839440 0.999998868 0.001236993 -1.365417123 0.009001004 -0.001244499 0.999958694 47.075187683
0.999956608 -0.001636897 -0.009169782 0.828663707 0.001647232 0.999997973 0.001119610 -1.383112431 0.009167932 -0.001134666 0.999957263 47.612709045
0.999966443 -0.000940791 -0.008128326 0.824405909 0.000949946 0.999998868 0.001122535 -1.394734621 0.008127261 -0.001130219 0.999966323 48.166790009
0.999959707 -0.001537368 -0.008844093 0.839192748 0.001546674 0.999998271 0.001045554 -1.410590768 0.008842469 -0.001059191 0.999960363 48.713836670
0.999959648 -0.001320867 -0.008887194 0.859675288 0.001333372 0.999998152 0.001401274 -1.429636955 0.008885328 -0.001413067 0.999959528 49.263179779
0.999965429 -0.000787315 -0.008274628 0.860819936 0.000794418 0.999999344 0.000855139 -1.433712244 0.008273951 -0.000861683 0.999965370 49.824977875
0.999969542 -0.000363556 -0.007795000 0.862077951 0.000377643 0.999998271 0.001805794 -1.461480975 0.007794329 -0.001808682 0.999967992 50.355339050
0.999970436 -0.000360591 -0.007675656 0.867452145 0.000374206 0.999998331 0.001772478 -1.470627785 0.007675006 -0.001775298 0.999968946 50.896965027
0.999967217 -0.000514008 -0.008073743 0.887895823 0.000524106 0.999999106 0.001248675 -1.486714840 0.008073092 -0.001252866 0.999966621 51.449050903
0.999970138 -0.001014526 -0.007659924 0.885712266 0.001024965 0.999998569 0.001359065 -1.506178021 0.007658533 -0.001366876 0.999969661 51.982353210
0.999972820 -0.000642919 -0.007346322 0.891779542 0.000652159 0.999998987 0.001255361 -1.522725701 0.007345507 -0.001260117 0.999972224 52.522312164
0.999977589 0.001006148 -0.006620957 0.886369765 -0.000993047 0.999997675 0.001981751 -1.551101089 0.006622934 -0.001975132 0.999976099 53.056106567
0.999977410 0.001207398 -0.006599862 0.891731739 -0.001196794 0.999997973 0.001610379 -1.563898563 0.006601792 -0.001602444 0.999976933 53.590267181
0.999980271 0.001204789 -0.006187515 0.892716110 -0.001195704 0.999998212 0.001471739 -1.575256586 0.006189278 -0.001464312 0.999979734 54.140460968
0.999982893 0.001685512 -0.005602540 0.894544899 -0.001680304 0.999998093 0.000934149 -1.578725576 0.005604106 -0.000924719 0.999983788 54.681396484
0.999985993 0.001116254 -0.005179014 0.895807505 -0.001110488 0.999998748 0.001116016 -1.604534149 0.005180253 -0.001110249 0.999985993 55.229080200
0.999984503 0.001365575 -0.005397814 0.908152580 -0.001356074 0.999997497 0.001763454 -1.624607563 0.005400208 -0.001756107 0.999983847 55.787170410
0.999987185 0.001472367 -0.004827247 0.911481619 -0.001464311 0.999997497 0.001671936 -1.638522029 0.004829696 -0.001664846 0.999986947 56.338108063
0.999986947 0.002556174 -0.004420236 0.919034600 -0.002548636 0.999995291 0.001710106 -1.653370380 0.004424585 -0.001698818 0.999988735 56.881488800
0.999988139 0.002038812 -0.004420385 0.929921329 -0.002034046 0.999997318 0.001082594 -1.653281212 0.004422580 -0.001073590 0.999989629 57.430343628
0.999987364 0.002155233 -0.004539027 0.941494167 -0.002149680 0.999996960 0.001227907 -1.673237681 0.004541660 -0.001218134 0.999988973 57.982273102
0.999986231 0.002549963 -0.004577197 0.943718553 -0.002545479 0.999996305 0.000985090 -1.680726528 0.004579693 -0.000973425 0.999989033 58.516033173
0.999988317 0.002140160 -0.004333076 0.949581146 -0.002137161 0.999997616 0.000696492 -1.693408608 0.004334555 -0.000687224 0.999990344 59.060443878
0.999987483 0.001868586 -0.004622906 0.964215755 -0.001867521 0.999998212 0.000234872 -1.706542492 0.004623336 -0.000226235 0.999989271 59.592685699
0.999987900 0.002201286 -0.004399713 0.971207976 -0.002198427 0.999997377 0.000654517 -1.725757599 0.004401142 -0.000644837 0.999990106 60.138908386
0.999987483 0.002410924 -0.004367629 0.982448399 -0.002408535 0.999996960 0.000551987 -1.736744165 0.004368947 -0.000541461 0.999990225 60.683807373
0.999986827 0.002587618 -0.004420727 0.990713000 -0.002586342 0.999996603 0.000294255 -1.752820253 0.004421474 -0.000282817 0.999990106 61.232070923
0.999988735 0.002298150 -0.004154357 1.003432274 -0.002299013 0.999997258 -0.000202943 -1.761273146 0.004153880 0.000212491 0.999991357 61.787181854
0.999988258 0.001790097 -0.004509199 1.010458946 -0.001789514 0.999998391 0.000133151 -1.778615355 0.004509429 -0.000125080 0.999989808 62.340999603
0.999988139 0.002313689 -0.004281878 1.019291401 -0.002314039 0.999997318 -0.000076794 -1.796026230 0.004281690 0.000086701 0.999990761 62.889778137
0.999990404 0.002422692 -0.003642472 1.018911600 -0.002421754 0.999997020 0.000261813 -1.809705377 0.003643095 -0.000252990 0.999993324 63.440425873
0.999989629 0.002760122 -0.003630587 1.022914886 -0.002760229 0.999996126 -0.000024285 -1.819154263 0.003630506 0.000034306 0.999993384 64.003639221
0.999991357 0.002166655 -0.003541738 1.040386319 -0.002168447 0.999997437 -0.000501566 -1.837587714 0.003540643 0.000509242 0.999993622 64.542625427
0.999986529 0.002755864 -0.004422455 1.053340197 -0.002752733 0.999995947 0.000714003 -1.860216498 0.004424405 -0.000701820 0.999989986 65.080513000
0.999989092 0.003383600 -0.003222866 1.053608060 -0.003382321 0.999994218 0.000402551 -1.879068494 0.003224209 -0.000391646 0.999994755 65.622528076
0.999990165 0.002548603 -0.003623873 1.065091491 -0.002549807 0.999996722 -0.000327865 -1.887501240 0.003623025 0.000337102 0.999993324 66.179496765
0.999990404 0.002867997 -0.003318535 1.074390769 -0.002868756 0.999995828 -0.000223794 -1.902256966 0.003317880 0.000233311 0.999994397 66.731338501
0.999990642 0.002949682 -0.003152642 1.085536122 -0.002950388 0.999995649 -0.000219385 -1.917991161 0.003151982 0.000228684 0.999994993 67.267013550
0.999989688 0.002891812 -0.003501350 1.089810729 -0.002893589 0.999995708 -0.000502461 -1.924826384 0.003499882 0.000512587 0.999993742 67.823112488
0.999988317 0.003058182 -0.003741816 1.103484750 -0.003059353 0.999995291 -0.000307478 -1.956541300 0.003740858 0.000318922 0.999992967 68.358772278
0.999988258 0.003440182 -0.003407227 1.111334562 -0.003440260 0.999994099 -0.000016775 -1.976667643 0.003407148 0.000028497 0.999994218 68.893966675
0.999987423 0.003490546 -0.003602734 1.117723227 -0.003490548 0.999993920 0.000005837 -1.989778876 0.003602733 0.000006738 0.999993503 69.448410034
0.999987602 0.003857837 -0.003125660 1.120387912 -0.003858057 0.999992490 -0.000064550 -2.002401114 0.003125387 0.000076608 0.999995112 69.997978210
0.999990225 0.003576298 -0.002591683 1.119312286 -0.003577464 0.999993503 -0.000445655 -2.010340452 0.002590073 0.000454923 0.999996543 70.537536621
0.999987066 0.003836051 -0.003324175 1.141103029 -0.003838681 0.999992311 -0.000785498 -2.022838116 0.003321137 0.000798248 0.999994159 71.088928223
0.999988914 0.003367105 -0.003287258 1.151549339 -0.003369235 0.999994099 -0.000642566 -2.046590567 0.003285075 0.000653634 0.999994397 71.619712830
0.999989867 0.002997978 -0.003342831 1.159258723 -0.002999729 0.999995470 -0.000519115 -2.058696747 0.003341259 0.000529137 0.999994278 72.174598694
0.999987602 0.003729891 -0.003284967 1.167444229 -0.003730975 0.999992967 -0.000323953 -2.074884653 0.003283734 0.000336205 0.999994576 72.740150452
0.999990344 0.003140425 -0.003077989 1.179243445 -0.003141592 0.999994934 -0.000374488 -2.090165138 0.003076798 0.000384154 0.999995172 73.280967712
0.999989331 0.002915256 -0.003569919 1.190961242 -0.002917883 0.999995470 -0.000730894 -2.103469372 0.003567772 0.000741303 0.999993384 73.835266113
0.999989569 0.003306606 -0.003153942 1.198035479 -0.003309330 0.999994278 -0.000858986 -2.118499756 0.003151083 0.000869414 0.999994636 74.390625000
0.999989331 0.003244787 -0.003282994 1.204651475 -0.003244992 0.999994695 -0.000057039 -2.139062166 0.003282792 0.000067691 0.999994636 74.890655518
0.999990761 0.001742745 -0.003933197 1.219984174 -0.001747231 0.999997854 -0.001137489 -2.148076773 0.003931206 0.001144351 0.999991596 75.479270935
0.999995112 0.002252151 -0.002174246 1.212056398 -0.002254802 0.999996722 -0.001217420 -2.160419941 0.002171497 0.001222316 0.999996841 75.975196838
0.999989092 0.003547532 -0.003036289 1.227657557 -0.003546666 0.999993682 0.000290388 -2.209492683 0.003037300 -0.000279616 0.999995351 76.344078064
0.999988317 0.003307567 -0.003507004 1.248245955 -0.003313507 0.999993026 -0.001689267 -2.186065197 0.003501393 0.001700868 0.999992430 77.118591309
0.999990582 0.002094181 -0.003786931 1.264738441 -0.002099386 0.999996781 -0.001370640 -2.209430456 0.003784049 0.001378577 0.999991894 77.637458801
0.999986768 0.002586679 -0.004478808 1.276989579 -0.002594293 0.999995172 -0.001694954 -2.223927736 0.004474403 0.001706550 0.999988496 78.171157837
0.999989748 0.003832733 -0.002408041 1.264008403 -0.003837968 0.999990404 -0.002172476 -2.233986378 0.002399691 0.002181696 0.999994755 78.803665161
0.999987364 0.004950786 -0.000847343 1.259868503 -0.004953772 0.999981403 -0.003558093 -2.227229595 0.000829712 0.003562246 0.999993265 79.492225647
0.999992967 0.002861089 -0.002427014 1.275535703 -0.002866060 0.999993742 -0.002047085 -2.268660069 0.002421142 0.002054026 0.999994934 79.892616272
0.999991179 0.003510681 -0.002312900 1.279711008 -0.003514255 0.999992609 -0.001542483 -2.289645910 0.002307467 0.001550597 0.999996066 80.391914368
0.999992371 0.003869777 -0.000333330 1.280309439 -0.003870741 0.999988198 -0.002940785 -2.286151648 0.000321946 0.002942053 0.999995589 80.966316223
0.999992967 0.003644956 -0.000914707 1.322763443 -0.003647560 0.999989212 -0.002863592 -2.311322689 0.000904260 0.002866909 0.999995470 81.437477112
0.999988794 0.004543522 0.001313715 1.329334497 -0.004540925 0.999987841 -0.001972656 -2.345097780 -0.001322661 0.001966669 0.999997199 82.017845154
0.999978483 0.005697567 0.003295066 1.333056331 -0.005693357 0.999982953 -0.001285526 -2.371422529 -0.003302334 0.001266738 0.999993742 82.543403625
0.999966741 0.005273026 0.006241638 1.354115844 -0.005260040 0.999983907 -0.002095210 -2.373757124 -0.006252587 0.002062309 0.999978304 83.098052979
0.999952316 0.004058243 0.008895102 1.386736155 -0.004030532 0.999986887 -0.003131163 -2.382060528 -0.008907695 0.003095160 0.999955475 83.626464844
0.999925673 0.002961683 0.011825362 1.410316706 -0.002924355 0.999990702 -0.003172684 -2.387161970 -0.011834648 0.003137867 0.999925017 84.182121277
0.999838233 0.004485169 0.017424963 1.411977887 -0.004427165 0.999984562 -0.003365966 -2.410037279 -0.017439792 0.003288277 0.999842525 84.738670349
0.999724984 0.004457240 0.023024928 1.448759198 -0.004377787 0.999984264 -0.003500026 -2.416757345 -0.023040168 0.003398265 0.999728739 85.273239136
0.999562442 0.004354555 0.029257262 1.471536517 -0.004245513 0.999983728 -0.003788101 -2.437772274 -0.029273277 0.003662232 0.999564648 85.813987732
0.999401093 0.003537293 0.034423769 1.519456506 -0.003401772 0.999986231 -0.003994654 -2.445828915 -0.034437429 0.003875161 0.999399304 86.386268616
0.999052167 0.003950997 0.043349437 1.544101954 -0.003796409 0.999986112 -0.003647836 -2.468611717 -0.043363240 0.003479807 0.999053299 86.932884216
0.998660743 0.003982666 0.051582936 1.591603279 -0.003778373 0.999984622 -0.004057379 -2.486627340 -0.051598299 0.003857045 0.998660386 87.491836548
0.998216212 0.004020104 0.059567429 1.629263401 -0.003838716 0.999987662 -0.003159214 -2.509513140 -0.059579398 0.002924916 0.998219252 88.031143188
0.997637808 0.003983532 0.068578087 1.684883595 -0.003732854 0.999985874 -0.003783101 -2.518917084 -0.068592176 0.003518173 0.997638524 88.595535278
0.996880293 0.004329265 0.078809611 1.748514175 -0.004043921 0.999984682 -0.003779909 -2.540919304 -0.078824751 0.003449417 0.996882498 89.113410950
0.996135294 0.004328717 0.087724574 1.807200432 -0.003960061 0.999982595 -0.004376028 -2.549626350 -0.087741978 0.004011721 0.996135175 89.681915283
0.995402157 0.003901839 0.095704213 1.877535820 -0.003465718 0.999982834 -0.004722765 -2.567666531 -0.095720984 0.004369366 0.995398641 90.211128235
0.994279921 0.002873089 0.106766909 1.953113556 -0.002343816 0.999984324 -0.005082424 -2.578981876 -0.106779836 0.004803110 0.994271100 90.766067505
0.993040502 0.002972106 0.117735974 2.029083252 -0.002373795 0.999983490 -0.005221711 -2.593590736 -0.117749572 0.004905888 0.993031204 91.300331116
0.991927922 0.002426398 0.126779094 2.119938850 -0.001717236 0.999982238 -0.005702678 -2.607577801 -0.126790673 0.005438935 0.991914570 91.846916199
0.990402818 0.003039572 0.138176978 2.208873749 -0.002376630 0.999984860 -0.004962507 -2.627934933 -0.138189957 0.004586486 0.990395129 92.365341187
0.988635778 0.002332229 0.150312498 2.315775871 -0.001473872 0.999981880 -0.005821635 -2.640668392 -0.150323346 0.005533935 0.988621354 92.915924072
0.986816704 0.001751760 0.161832303 2.418378830 -0.000786984 0.999981523 -0.006025487 -2.655820370 -0.161839873 0.005818691 0.986799896 93.471817017
0.985058546 0.001737104 0.172211647 2.535449982 -0.000707829 0.999981642 -0.006038029 -2.671874285 -0.172218934 0.005825916 0.985041499 94.003417969
0.982616305 0.001767304 0.185639665 2.653471947 -0.000673715 0.999981999 -0.005953835 -2.688410044 -0.185646817 0.005725267 0.982599854 94.539031982
0.980245292 0.002027530 0.197775006 2.781826019 -0.000913064 0.999983191 -0.005726053 -2.709779263 -0.197783276 0.005432356 0.980230689 95.058532715
0.978150964 0.001192314 0.207892358 2.913492203 -0.000043042 0.999984682 -0.005532639 -2.727071285 -0.207895741 0.005402809 0.978136063 95.577148438
0.975130081 0.001603488 0.221627250 3.046131134 -0.000269832 0.999981701 -0.006047714 -2.737770081 -0.221632898 0.005837506 0.975112677 96.127548218
0.971960783 0.001544160 0.235138029 3.197229385 -0.000155798 0.999982417 -0.005922924 -2.751488209 -0.235143021 0.005720215 0.971944094 96.644454956
0.969301462 0.001542278 0.245870396 3.347560883 -0.000091569 0.999982536 -0.005911622 -2.772640705 -0.245875195 0.005707629 0.969284713 97.156097412
0.966220260 0.000606178 0.257716864 3.508502960 0.000978670 0.999981403 -0.006021247 -2.785676003 -0.257715791 0.006070070 0.966201723 97.666564941
0.962487519 0.000741119 0.271324962 3.677038193 0.000876122 0.999982536 -0.005839351 -2.801063538 -0.271324635 0.005858017 0.962470055 98.167388916
0.958805919 0.000696979 0.284061074 3.855422974 0.001104729 0.999980271 -0.006182424 -2.817793846 -0.284059763 0.006241556 0.958786249 98.681144714
0.955494702 0.000365796 0.295008093 4.042219162 0.001506959 0.999980092 -0.006120781 -2.835975647 -0.295004457 0.006292938 0.955475152 99.194282532
0.951110184 0.000122334 0.308851689 4.224506378 0.001851632 0.999979675 -0.006098195 -2.857102633 -0.308846146 0.006371936 0.951090634 99.715797424
0.946718931 0.000016568 0.322060913 4.427860260 0.002151600 0.999977350 -0.006376209 -2.866834402 -0.322053730 0.006729425 0.946697474 100.227752686
0.942804337 -0.001386476 0.333343774 4.627698898 0.003761818 0.999971926 -0.006480461 -2.878632307 -0.333325446 0.007363785 0.942783058 100.714263916
0.938148916 -0.001059109 0.346230567 4.837520599 0.003797168 0.999966621 -0.007229965 -2.891432762 -0.346211374 0.008097480 0.938121557 101.233406067
0.932658255 -0.001711908 0.360757083 5.050928116 0.004483711 0.999966502 -0.006846488 -2.914658546 -0.360733300 0.008002963 0.932634652 101.732902527
0.927731395 -0.002064634 0.373242885 5.270597458 0.004995207 0.999963820 -0.006884664 -2.934747934 -0.373215139 0.008251543 0.927708268 102.237396240
0.923167646 -0.003028931 0.384385407 5.495132446 0.006230361 0.999955595 -0.007083705 -2.950155735 -0.384346843 0.008934309 0.923145473 102.726562500
0.917110443 -0.002751485 0.398623735 5.730602264 0.005795275 0.999962449 -0.006430940 -2.973293304 -0.398591101 0.008208016 0.917092025 103.203010559
0.911429107 -0.003723328 0.411440492 5.968128204 0.007062927 0.999953270 -0.006596827 -2.969338417 -0.411396772 0.008918514 0.911412776 103.687789917
0.905978560 -0.002954349 0.423312992 6.204261780 0.006700004 0.999950469 -0.007360652 -2.982131481 -0.423270226 0.009504793 0.905953586 104.162986755
0.900096059 -0.004822977 0.435664803 6.475353241 0.008390414 0.999945164 -0.006265057 -3.019162655 -0.435610771 0.009294563 0.900087178 104.620132446
0.893512547 -0.004713796 0.449013442 6.743038177 0.008563844 0.999941885 -0.006544079 -3.026698828 -0.448956490 0.009692498 0.893501043 105.102661133
0.887529910 -0.005135505 0.460721493 7.002975464 0.008854590 0.999943316 -0.005911381 -3.053792238 -0.460665047 0.009326027 0.887525082 105.558364868
0.882292569 -0.005699999 0.470666856 7.280658722 0.009901639 0.999930143 -0.006451574 -3.064633846 -0.470597208 0.010352547 0.882287443 106.029678345
0.874644637 -0.005081913 0.484737962 7.558055878 0.009493612 0.999932826 -0.006646819 -3.082815647 -0.484671652 0.010415517 0.874634147 106.477439880
