1.000000000 0.000000000 0.000000000 0.000000000 0.000000000 1.000000000 0.000000000 0.000000000 0.000000000 0.000000000 1.000000000 0.000000000
1.000000000 0.000013189 0.000022340 0.000022216 -0.000013189 1.000000000 0.000016096 -0.000036124 -0.000022340 -0.000016096 1.000000000 0.000521652
1.000000000 0.000050842 0.000094452 -0.000291232 -0.000050848 1.000000000 0.000061862 -0.000231257 -0.000094449 -0.000061867 1.000000000 0.000634611
1.000000000 -0.000004259 0.000055849 -0.000156269 0.000004260 1.000000000 -0.000020622 0.000592830 -0.000055849 0.000020622 1.000000000 0.000377765
1.000000000 -0.000042774 0.000079385 -0.000245892 0.000042779 1.000000000 -0.000071771 0.000561348 -0.000079382 0.000071774 1.000000000 -0.000186867
1.000000000 0.000060974 0.000146723 -0.000901482 -0.000060972 1.000000000 -0.000017851 0.000376343 -0.000146724 0.000017842 1.000000000 -0.000012015
1.000000000 0.000006432 0.000039296 0.000159690 -0.000006433 1.000000000 0.000009624 0.000009096 -0.000039296 -0.000009625 1.000000000 0.000042868
1.000000000 0.000089953 0.000047549 -0.000255040 -0.000089955 1.000000000 0.000054515 -0.000036428 -0.000047544 -0.000054520 1.000000000 -0.000156254
1.000000000 0.000116184 0.000009615 -0.000428118 -0.000116183 1.000000000 -0.000099264 0.000783630 -0.000009627 0.000099263 1.000000000 0.000465119
1.000000000 0.000055373 0.000080195 -0.000253434 -0.000055375 1.000000000 0.000018889 0.000035916 -0.000080194 -0.000018894 1.000000000 -0.000064308
0.999999940 0.000233298 0.000107967 -0.000867463 -0.000233303 1.000000000 0.000041943 0.000251959 -0.000107957 -0.000041968 1.000000000 -0.000023648
1.000000000 0.000165962 0.000116088 -0.000360151 -0.000165952 1.000000000 -0.000085875 0.001564459 -0.000116102 0.000085856 1.000000000 0.001497337
1.000000000 0.000200425 0.000073103 -0.000422808 -0.000200421 1.000000000 -0.000057439 0.000602362 -0.000073114 0.000057425 1.000000000 0.000575656
0.999999642 0.000144020 0.000859340 -0.007547581 -0.000144266 0.999999940 0.000286754 -0.001910002 -0.000859299 -0.000286878 0.999999583 0.001121735
0.999999642 0.000070283 0.000863758 -0.007245320 -0.000070541 0.999999940 0.000298118 -0.001997407 -0.000863736 -0.000298178 0.999999583 0.000864413
0.999999642 0.000092352 0.000852599 -0.006794127 -0.000092630 0.999999940 0.000326880 -0.001559824 -0.000852568 -0.000326959 0.999999583 0.002005908
0.999999583 0.000175660 0.000909358 -0.007760902 -0.000175915 0.999999940 0.000280229 -0.001573253 -0.000909309 -0.000280389 0.999999523 0.001704889
0.999999642 0.000256239 0.000865825 -0.007895587 -0.000256485 0.999999940 0.000284508 -0.001709691 -0.000865752 -0.000284730 0.999999583 0.001172206
0.999999583 0.000309739 0.000961663 -0.008490332 -0.000310057 0.999999940 0.000330871 -0.001731790 -0.000961560 -0.000331169 0.999999464 0.001893249
0.999999523 0.000206140 0.000963682 -0.008552533 -0.000206388 0.999999940 0.000257536 -0.001455633 -0.000963629 -0.000257735 0.999999523 0.001409652
0.999999583 0.000155669 0.000947516 -0.008648587 -0.000155962 0.999999940 0.000308797 -0.001930506 -0.000947467 -0.000308945 0.999999523 0.001248574
0.999999642 0.000169934 0.000881927 -0.008440301 -0.000170237 0.999999940 0.000343490 -0.001853333 -0.000881868 -0.000343640 0.999999523 0.001459600
0.999999583 0.000234168 0.000911569 -0.008373529 -0.000234416 0.999999940 0.000272055 -0.001809735 -0.000911505 -0.000272269 0.999999523 0.001421801
0.999999642 0.000216659 0.000864559 -0.008153376 -0.000216931 0.999999940 0.000313978 -0.001908935 -0.000864491 -0.000314166 0.999999583 0.001596969
0.999999523 0.000358816 0.000928802 -0.008861845 -0.000359100 0.999999881 0.000305931 -0.001623571 -0.000928692 -0.000306264 0.999999523 0.001587624
0.999999523 0.000351930 0.000924639 -0.008745296 -0.000352247 0.999999881 0.000342779 -0.001860446 -0.000924519 -0.000343104 0.999999523 0.001248409
0.999999583 0.000215175 0.000952862 -0.008512229 -0.000215545 0.999999940 0.000388157 -0.001552963 -0.000952779 -0.000388363 0.999999464 0.002157853
0.999999523 0.000272428 0.000985440 -0.009092017 -0.000272844 0.999999881 0.000421922 -0.002345832 -0.000985325 -0.000422190 0.999999464 0.001561260
0.999999583 0.000196554 0.000924236 -0.008472261 -0.000196904 0.999999940 0.000377859 -0.002172417 -0.000924162 -0.000378040 0.999999523 0.001498236
0.999999583 0.000196823 0.000928332 -0.008151676 -0.000197157 0.999999940 0.000359641 -0.002017445 -0.000928261 -0.000359823 0.999999523 0.001775250
0.999999523 0.000195089 0.000974914 -0.008572043 -0.000195438 0.999999940 0.000357438 -0.001930700 -0.000974844 -0.000357629 0.999999464 0.002035366
0.999999583 0.000094207 0.000927547 -0.008197834 -0.000094490 0.999999940 0.000305740 -0.001719269 -0.000927518 -0.000305828 0.999999523 0.002085809
0.999999583 0.000174790 0.000908029 -0.008074243 -0.000174992 0.999999940 0.000222734 -0.001067514 -0.000907990 -0.000222893 0.999999583 0.001641218
0.999999464 0.000210610 0.000994421 -0.008691604 -0.000210912 0.999999940 0.000303948 -0.001818102 -0.000994357 -0.000304158 0.999999464 0.001367351
0.999999523 0.000305613 0.001013519 -0.009407851 -0.000305942 0.999999940 0.000325065 -0.002499820 -0.001013419 -0.000325375 0.999999464 0.000606332
0.999999404 0.000214684 0.001043789 -0.008673145 -0.000214940 0.999999940 0.000245108 -0.001656863 -0.001043736 -0.000245332 0.999999464 0.001802768
0.999999523 0.000131040 0.000969444 -0.008217043 -0.000131397 0.999999940 0.000368743 -0.002285421 -0.000969395 -0.000368870 0.999999464 0.001516768
0.999999583 0.000236066 0.000920534 -0.008382856 -0.000236349 0.999999940 0.000307619 -0.001611724 -0.000920461 -0.000307836 0.999999523 0.001626233
0.999999583 0.000303621 0.000960691 -0.008730534 -0.000303933 0.999999940 0.000324161 -0.002198846 -0.000960592 -0.000324453 0.999999464 0.000765844
0.999999583 0.000250018 0.000935991 -0.008100682 -0.000250252 0.999999940 0.000249662 -0.000926112 -0.000935928 -0.000249896 0.999999523 0.002141071
0.999999583 0.000150715 0.000928035 -0.007629904 -0.000150960 0.999999940 0.000263469 -0.001388685 -0.000927995 -0.000263609 0.999999523 0.003538245
0.999999464 0.000352396 0.001016250 -0.007646873 -0.000352066 0.999999821 -0.000325422 -0.003579770 -0.001016364 0.000325064 0.999999464 0.050024055
0.999999523 0.000343264 0.001019128 -0.007171623 -0.000342430 0.999999642 -0.000818718 -0.006344556 -0.001019409 0.000818369 0.999999166 0.140169725
1.000000000 0.000037919 0.000034419 0.004283582 -0.000037874 0.999999166 -0.001296157 -0.009108409 -0.000034469 0.001296155 0.999999166 0.253124028
0.999999464 0.000179060 0.001029369 -0.004465973 -0.000177872 0.999999344 -0.001154247 -0.015921013 -0.001029575 0.001154063 0.999998808 0.384408206
0.999999404 0.000067563 0.001082609 -0.002700902 -0.000066542 0.999999583 -0.000943590 -0.019050788 -0.001082672 0.000943517 0.999998987 0.525646865
0.999999166 -0.000019073 0.001282418 -0.000196556 0.000020177 0.999999583 -0.000860857 -0.022821596 -0.001282401 0.000860882 0.999998748 0.679578722
0.999999166 0.000143377 0.001290174 0.001811788 -0.000142705 0.999999881 -0.000521222 -0.027891168 -0.001290248 0.000521037 0.999999046 0.842854261
0.999999106 -0.000018037 0.001347733 0.005923699 0.000018670 0.999999881 -0.000469832 -0.032789152 -0.001347725 0.000469856 0.999998927 1.010934591
0.999998868 0.000513561 0.001361350 0.005313198 -0.000513141 0.999999762 -0.000308711 -0.035080012 -0.001361508 0.000308012 0.999999046 1.207520723
0.999998212 0.000866666 0.001660373 0.006795910 -0.000866448 0.999999583 -0.000131696 -0.041243691 -0.001660487 0.000130257 0.999998629 1.392019749
0.999998331 0.000728420 0.001650747 0.011287507 -0.000728234 0.999999702 -0.000113111 -0.042771243 -0.001650829 0.000111909 0.999998689 1.589171767
0.999999344 0.000118097 0.001164355 0.021693517 -0.000118401 0.999999940 0.000261836 -0.053821251 -0.001164324 -0.000261974 0.999999285 1.791727066
0.999998331 0.000121661 0.001830618 0.013977274 -0.000122282 0.999999940 0.000338698 -0.061174963 -0.001830577 -0.000338921 0.999998271 1.983679414
0.999998152 -0.000092373 0.001907395 0.017492868 0.000091874 0.999999881 0.000261849 -0.068323866 -0.001907419 -0.000261673 0.999998152 2.189849377
0.999998331 -0.000220571 0.001809355 0.025082653 0.000219586 0.999999762 0.000544719 -0.075083748 -0.001809475 -0.000544321 0.999998152 2.412154675
0.999998152 -0.000058992 0.001928487 0.030221220 0.000057849 0.999999821 0.000592546 -0.084537700 -0.001928521 -0.000592433 0.999997973 2.631120205
0.999997675 -0.000044696 0.002185920 0.032047637 0.000043266 0.999999821 0.000654415 -0.090510525 -0.002185949 -0.000654319 0.999997437 2.870414734
0.999997437 0.000171710 0.002253026 0.036677934 -0.000172980 0.999999821 0.000563551 -0.095254846 -0.002252929 -0.000563939 0.999997318 3.109453678
0.999997735 0.000236060 0.002120110 0.042912796 -0.000237322 0.999999821 0.000595019 -0.101183236 -0.002119969 -0.000595521 0.999997616 3.355366707
0.999997377 0.000375500 0.002271334 0.046085335 -0.000377275 0.999999642 0.000780771 -0.110818282 -0.002271040 -0.000781626 0.999997139 3.600505352
0.999997675 0.000318981 0.002147263 0.050801381 -0.000320427 0.999999702 0.000673223 -0.117398873 -0.002147048 -0.000673910 0.999997497 3.855735540
0.999997556 0.000459775 0.002155049 0.058349170 -0.000461553 0.999999523 0.000824797 -0.124087796 -0.002154669 -0.000825789 0.999997377 4.116953850
0.999996245 0.000868832 0.002606595 0.057716530 -0.000871515 0.999999046 0.001028438 -0.130928665 -0.002605699 -0.001030706 0.999996006 4.378796577
0.999996245 0.000863396 0.002607236 0.064812481 -0.000866600 0.999998868 0.001227952 -0.140287504 -0.002606173 -0.001230206 0.999995887 4.639918327
0.999996901 0.000772887 0.002376281 0.076445773 -0.000774796 0.999999404 0.000802779 -0.144775242 -0.002375659 -0.000804617 0.999996841 4.890975475
0.999995947 0.001272779 0.002582472 0.082527511 -0.001274919 0.999998987 0.000826885 -0.148392931 -0.002581416 -0.000830174 0.999996305 5.154764652
0.999995947 0.001204018 0.002603882 0.087147318 -0.001205698 0.999999106 0.000643928 -0.156907290 -0.002603105 -0.000647065 0.999996364 5.414928436
0.999993742 0.001416595 0.003216197 0.079333112 -0.001419971 0.999998450 0.001047618 -0.166193828 -0.003214708 -0.001052179 0.999994278 5.688754559
0.999993920 0.001092888 0.003313431 0.084761247 -0.001096198 0.999998987 0.000997084 -0.172270626 -0.003312338 -0.001000710 0.999994040 5.959290504
0.999992371 0.001679113 0.003515686 0.091327421 -0.001682153 0.999998212 0.000861807 -0.178776965 -0.003514233 -0.000867715 0.999993443 6.240822315
0.999994516 0.001374390 0.003058786 0.104891524 -0.001377473 0.999998569 0.001006032 -0.183887839 -0.003057399 -0.001010240 0.999994814 6.535889626
0.999994278 0.001233888 0.003164156 0.107332207 -0.001235968 0.999999046 0.000655644 -0.191344783 -0.003163345 -0.000659551 0.999994814 6.827992916
0.999994338 0.001569178 0.002974433 0.115147367 -0.001571692 0.999998331 0.000843008 -0.199149102 -0.002973106 -0.000847678 0.999995232 7.127512932
0.999994397 0.001452939 0.003018948 0.122402161 -0.001456520 0.999998212 0.001184129 -0.210688099 -0.003017223 -0.001188519 0.999994814 7.421967983
0.999994636 0.000860890 0.003161603 0.127537623 -0.000864589 0.999998927 0.001168728 -0.226880029 -0.003160594 -0.001171455 0.999994278 7.745904922
0.999994159 0.000834827 0.003312319 0.139540657 -0.000838328 0.999999046 0.001055600 -0.231514752 -0.003311435 -0.001058371 0.999993920 8.071015358
0.999994576 0.001198977 0.003079663 0.146277398 -0.001203679 0.999998093 0.001525325 -0.246479049 -0.003077829 -0.001529024 0.999994099 8.379507065
0.999993443 0.001609697 0.003250056 0.149760246 -0.001612622 0.999998271 0.000897655 -0.241566151 -0.003248605 -0.000902889 0.999994338 8.699752808
0.999992907 0.001539444 0.003445978 0.155943289 -0.001541958 0.999998569 0.000726935 -0.248939380 -0.003444854 -0.000732243 0.999993861 9.038329124
0.999990880 0.002044285 0.003754265 0.155233890 -0.002046523 0.999997735 0.000592372 -0.259199917 -0.003753046 -0.000600050 0.999992788 9.382657051
0.999989808 0.002353796 0.003852154 0.163277134 -0.002356423 0.999997020 0.000677668 -0.271434575 -0.003850547 -0.000686738 0.999992371 9.704664230
0.999991596 0.002073549 0.003539390 0.179360256 -0.002077147 0.999997318 0.001013217 -0.277851850 -0.003537280 -0.001020560 0.999993205 10.064549446
0.999993026 0.001173445 0.003542479 0.176335394 -0.001176908 0.999998748 0.000975825 -0.296992093 -0.003541330 -0.000979988 0.999993205 10.409140587
0.999993205 0.001264083 0.003452518 0.186249942 -0.001267736 0.999998629 0.001056385 -0.309332013 -0.003451178 -0.001060755 0.999993443 10.767063141
0.999994218 0.001194631 0.003185579 0.197732583 -0.001198030 0.999998689 0.001065195 -0.313876271 -0.003184302 -0.001069005 0.999994338 11.137505531
0.999992430 0.001415422 0.003606175 0.200878382 -0.001420923 0.999997854 0.001523234 -0.328688383 -0.003604011 -0.001528347 0.999992311 11.518242836
0.999992847 0.001614025 0.003409841 0.209486246 -0.001618954 0.999997675 0.001443295 -0.334987760 -0.003407503 -0.001448804 0.999993145 11.895847321
0.999992013 0.001718959 0.003596613 0.216260105 -0.001724788 0.999997199 0.001618423 -0.354419470 -0.003593821 -0.001624613 0.999992251 12.277040482
0.999992013 0.001720228 0.003606307 0.226667613 -0.001726770 0.999996901 0.001811502 -0.365091681 -0.003603180 -0.001817715 0.999991894 12.669460297
0.999990642 0.001765510 0.003952713 0.231513262 -0.001774373 0.999996006 0.002240056 -0.378566623 -0.003948742 -0.002247049 0.999989688 13.063813210
0.999991238 0.001495108 0.003915893 0.248922318 -0.001503439 0.999996543 0.002125499 -0.393170089 -0.003912702 -0.002131368 0.999990106 13.463658333
0.999989688 0.001916538 0.004103824 0.250798404 -0.001925495 0.999995768 0.002179975 -0.404220432 -0.004099629 -0.002187855 0.999989212 13.866348267
0.999988377 0.001934443 0.004411938 0.262699574 -0.001946050 0.999994695 0.002628322 -0.417005807 -0.004406830 -0.002636877 0.999986827 14.283535957
0.999988556 0.001661951 0.004479671 0.274689823 -0.001670988 0.999996543 0.002014288 -0.421327204 -0.004476308 -0.002021750 0.999987960 14.707231522
0.999989390 0.001480160 0.004356456 0.286479950 -0.001488311 0.999997139 0.001868316 -0.430420935 -0.004353677 -0.001874779 0.999988794 15.139587402
0.999986768 0.001799374 0.004818140 0.296254456 -0.001810250 0.999995828 0.002253893 -0.448483765 -0.004814064 -0.002262585 0.999985874 15.549305916
0.999983490 0.002086671 0.005348612 0.303572565 -0.002099694 0.999994814 0.002430355 -0.460692436 -0.005343512 -0.002441545 0.999982774 15.994100571
0.999982238 0.002109786 0.005572977 0.312995374 -0.002122281 0.999995172 0.002237076 -0.469604462 -0.005568231 -0.002248864 0.999981940 16.436672211
0.999980330 0.002429463 0.005780308 0.320682615 -0.002441151 0.999994934 0.002015773 -0.480911076 -0.005775382 -0.002029845 0.999981284 16.881675720
0.999978542 0.002314044 0.006133382 0.335653305 -0.002328955 0.999994338 0.002425071 -0.498414576 -0.006127736 -0.002439303 0.999978244 17.326551437
0.999976516 0.002479085 0.006393636 0.337479651 -0.002494978 0.999993801 0.002478903 -0.511479557 -0.006387451 -0.002494797 0.999976516 17.805427551
0.999974906 0.002122707 0.006753935 0.352464944 -0.002138667 0.999994934 0.002356712 -0.523435712 -0.006748898 -0.002371097 0.999974430 18.273029327
0.999975324 0.002060128 0.006711044 0.365466088 -0.002076430 0.999994934 0.002423144 -0.532539368 -0.006706018 -0.002437019 0.999974549 18.748039246
0.999975324 0.001797906 0.006788131 0.384876192 -0.001815523 0.999994993 0.002589954 -0.550230145 -0.006783440 -0.002602214 0.999973595 19.213239670
0.999974251 0.002133119 0.006850331 0.402943432 -0.002150655 0.999994397 0.002553487 -0.563985348 -0.006844845 -0.002568154 0.999973297 19.686656952
0.999965906 0.003220224 0.007595127 0.399906099 -0.003240860 0.999991119 0.002706165 -0.571328223 -0.007586345 -0.002730688 0.999967456 20.195791245
0.999972880 0.002256508 0.007006935 0.424036443 -0.002274531 0.999994159 0.002565319 -0.589235246 -0.007001105 -0.002581187 0.999972165 20.680562973
0.999971151 0.002879773 0.007026671 0.430662036 -0.002901295 0.999991119 0.003054714 -0.604453206 -0.007017812 -0.003075012 0.999970675 21.165687561
0.999972403 0.003160896 0.006729959 0.441197187 -0.003178112 0.999991655 0.002549049 -0.613034546 -0.006721845 -0.002570367 0.999974191 21.668794632
0.999970913 0.003630692 0.006712876 0.436646074 -0.003649934 0.999989212 0.002856433 -0.627735436 -0.006702434 -0.002880852 0.999973416 22.168207169
0.999979436 0.002396097 0.005949494 0.464736968 -0.002414839 0.999992251 0.003144928 -0.644862652 -0.005941912 -0.003159231 0.999977291 22.677408218
0.999978423 0.003491268 0.005574169 0.474665582 -0.003508850 0.999988914 0.003147512 -0.657468498 -0.005563118 -0.003167003 0.999979436 23.198123932
0.999982476 0.002998806 0.005103125 0.473657757 -0.003014927 0.999990463 0.003154423 -0.669907928 -0.005093617 -0.003169754 0.999981940 23.722137451
0.999989331 0.001064119 0.004497969 0.486555576 -0.001076366 0.999995649 0.002721244 -0.683860064 -0.004495053 -0.002726057 0.999986172 24.249273300
0.999990642 0.002033196 0.003819444 0.494402468 -0.002042118 0.999995112 0.002333308 -0.686791480 -0.003814681 -0.002341086 0.999989986 24.794956207
0.999989212 0.003316469 0.003251401 0.513633668 -0.003327384 0.999988854 0.003357237 -0.718946517 -0.003240231 -0.003368019 0.999989092 25.318359375
0.999986649 0.004147725 0.003084670 0.517589808 -0.004157692 0.999986112 0.003231687 -0.730847716 -0.003071223 -0.003244469 0.999990046 25.859521866
0.999987662 0.004120762 0.002761720 0.530557394 -0.004129803 0.999986172 0.003276041 -0.745016813 -0.002748182 -0.003287406 0.999990821 26.417577744
0.999993443 0.003044653 0.001964173 0.543941081 -0.003051586 0.999989212 0.003536162 -0.757082283 -0.001953385 -0.003542133 0.999991775 26.946332932
0.999994874 0.002943686 0.001264419 0.560155094 -0.002948819 0.999987364 0.004077192 -0.777829409 -0.001252401 -0.004080900 0.999990880 27.490737915
0.999993324 0.003477943 0.001141043 0.568755329 -0.003481830 0.999988079 0.003422614 -0.788866222 -0.001129126 -0.003426565 0.999993443 28.053583145
0.999993742 0.003431070 0.000909989 0.575549960 -0.003434262 0.999987900 0.003529029 -0.800464809 -0.000897870 -0.003532132 0.999993324 28.611841202
0.999991298 0.004001055 0.001175639 0.582732081 -0.004005207 0.999985814 0.003549843 -0.812835097 -0.001161420 -0.003554520 0.999993026 29.149536133
0.999989390 0.004491372 0.001004857 0.595593393 -0.004494515 0.999984980 0.003146469 -0.822288752 -0.000990710 -0.003150952 0.999994516 29.714599609
0.999989569 0.004416897 0.001167375 0.588782191 -0.004421068 0.999983788 0.003594503 -0.841584861 -0.001151480 -0.003599626 0.999992847 30.238317490
0.999989927 0.004350181 0.001099602 0.604959190 -0.004354105 0.999984086 0.003591448 -0.860950112 -0.001083961 -0.003596200 0.999992967 30.775249481
0.999987483 0.004913719 0.000945018 0.610308707 -0.004916742 0.999982715 0.003224532 -0.864446580 -0.000929157 -0.003229138 0.999994278 31.335441589
0.999985278 0.005410450 0.000530584 0.620439351 -0.005411909 0.999981463 0.002786662 -0.876438320 -0.000515497 -0.002789492 0.999995887 31.880798340
0.999983251 0.005780318 0.000445755 0.632634997 -0.005781498 0.999979675 0.002692710 -0.890526772 -0.000430181 -0.002695242 0.999996245 32.423912048
0.999978364 0.006592514 0.000069488 0.638379157 -0.006592686 0.999974132 0.002875549 -0.903823078 -0.000050529 -0.002875944 0.999995828 32.980541229
0.999982595 0.005886311 -0.000558757 0.673452795 -0.005884512 0.999977708 0.003167727 -0.927927256 0.000577391 -0.003164384 0.999994814 33.516853333
0.999987364 0.005015119 0.000271384 0.650935650 -0.005016005 0.999981761 0.003363183 -0.932446957 -0.000254512 -0.003364502 0.999994278 34.074001312
0.999985933 0.005303327 -0.000118346 0.661341369 -0.005302906 0.999980390 0.003323638 -0.945421457 0.000135970 -0.003322964 0.999994457 34.616607666
0.999983609 0.005720667 -0.000158210 0.667575538 -0.005720178 0.999979317 0.002934148 -0.954986334 0.000174991 -0.002933194 0.999995649 35.158245087
0.999988258 0.004807479 -0.000619378 0.683363199 -0.004805700 0.999984503 0.002840056 -0.965955436 0.000633022 -0.002837047 0.999995708 35.694778442
0.999986887 0.005026447 -0.000982727 0.702819049 -0.005023789 0.999983788 0.002688206 -0.980846405 0.000996223 -0.002683234 0.999995887 36.235675812
0.999989867 0.004445601 -0.000676320 0.701568127 -0.004443622 0.999985874 0.002897597 -0.997458637 0.000689191 -0.002894563 0.999995589 36.787517548
0.999983311 0.005696945 -0.000955084 0.707738459 -0.005694608 0.999980867 0.002431666 -1.007557869 0.000968918 -0.002426186 0.999996603 37.335342407
0.999989450 0.004421846 -0.001277512 0.729896486 -0.004417899 0.999985456 0.003075468 -1.027243972 0.001291092 -0.003069792 0.999994516 37.885105133
0.999987662 0.004547995 -0.001985244 0.744349301 -0.004542148 0.999985278 0.002940002 -1.043732882 0.001998586 -0.002930949 0.999993742 38.415336609
0.999986768 0.004773898 -0.001902449 0.753923416 -0.004768349 0.999984384 0.002910496 -1.053362131 0.001916313 -0.002901386 0.999993980 38.972549438
0.999988079 0.004441160 -0.002018950 0.768653631 -0.004435679 0.999986529 0.002710881 -1.062606096 0.002030962 -0.002701894 0.999994278 39.513420105
0.999988914 0.004077777 -0.002339017 0.787654757 -0.004070379 0.999986768 0.003158670 -1.082589149 0.002351867 -0.003149115 0.999992311 40.074218750
0.999988496 0.003808692 -0.002914783 0.807755947 -0.003799387 0.999987602 0.003190937 -1.104238272 0.002926900 -0.003179826 0.999990642 40.634841919
0.999986172 0.004551550 -0.002620347 0.799993038 -0.004543833 0.999985397 0.002943411 -1.104666948 0.002633706 -0.002931464 0.999992192 41.196266174
0.999985874 0.005066573 -0.001596147 0.777894855 -0.005061590 0.999982357 0.003111064 -1.127369285 0.001611881 -0.003102941 0.999993861 41.704917908
0.999983788 0.005528727 -0.001382285 0.785777211 -0.005524699 0.999980569 0.002901584 -1.139911890 0.001398300 -0.002893900 0.999994814 42.256195068
0.999983013 0.005417025 -0.002119856 0.811038852 -0.005411486 0.999981940 0.002609137 -1.151928067 0.002133951 -0.002597621 0.999994338 42.781700134
0.999985456 0.004925195 -0.002202565 0.824348927 -0.004919078 0.999984086 0.002774534 -1.157136202 0.002216194 -0.002763659 0.999993682 43.294406891
0.999985695 0.005134266 -0.001493864 0.811333776 -0.005130155 0.999983191 0.002743179 -1.169668317 0.001507924 -0.002735476 0.999995112 43.846439362
0.999985218 0.005257249 -0.001349987 0.818790078 -0.005253673 0.999982715 0.002638994 -1.182129383 0.001363838 -0.002631863 0.999995589 44.384349823
0.999985456 0.004932689 -0.002171107 0.842663765 -0.004926164 0.999983311 0.003000533 -1.202780485 0.002185872 -0.002989794 0.999993086 44.902496338
0.999982595 0.005804201 -0.001144225 0.831936955 -0.005801145 0.999979675 0.002655498 -1.211811066 0.001159616 -0.002648814 0.999995828 45.477142334
0.999983847 0.005457138 -0.001560403 0.879318655 -0.005452717 0.999981105 0.002823204 -1.209488630 0.001575780 -0.002814650 0.999994814 46.015930176
0.999981284 0.006037587 -0.000958602 0.848371863 -0.006034840 0.999977708 0.002844004 -1.245848894 0.000975750 -0.002838166 0.999995470 46.557739258
0.999981165 0.005902761 -0.001716642 0.861963153 -0.005898683 0.999979854 0.002370287 -1.250174165 0.001730598 -0.002360116 0.999995708 47.117210388
0.999982715 0.005718977 -0.001403479 0.871388733 -0.005714516 0.999978662 0.003162748 -1.270200372 0.001421536 -0.003154672 0.999994040 47.678386688
0.999984622 0.005292885 -0.001611217 0.884682894 -0.005288438 0.999982238 0.002751750 -1.283518910 0.001625754 -0.002743187 0.999994934 48.145866394
0.999986470 0.004950159 -0.001613950 0.892812550 -0.004944936 0.999982536 0.003224014 -1.300645471 0.001629882 -0.003215989 0.999993503 48.678031921
0.999984503 0.005389463 -0.001352937 0.897830367 -0.005385119 0.999980390 0.003193395 -1.311016083 0.001370121 -0.003186060 0.999994040 49.235794067
0.999982178 0.005756433 -0.001555468 0.911709368 -0.005751867 0.999979198 0.002924047 -1.324137330 0.001572268 -0.002915048 0.999994576 49.779579163
0.999979854 0.006178613 -0.001396481 0.916493058 -0.006174295 0.999976218 0.003075089 -1.334702969 0.001415448 -0.003066405 0.999994218 50.267517090
0.999981880 0.005797173 -0.001559590 0.926096916 -0.005792796 0.999979317 0.002796163 -1.346663117 0.001575768 -0.002787079 0.999994874 50.812149048
0.999980271 0.006148111 -0.001283019 0.941230834 -0.006144223 0.999976516 0.003013923 -1.363896608 0.001301519 -0.003005981 0.999994576 51.342166901
0.999978125 0.006512989 -0.001120457 0.944308639 -0.006509317 0.999973536 0.003249593 -1.374452949 0.001141592 -0.003242229 0.999994099 51.877204895
0.999975860 0.006880566 -0.000955671 0.954970837 -0.006877451 0.999971211 0.003223923 -1.393562675 0.000977826 -0.003217273 0.999994338 52.404331207
0.999978542 0.006462773 -0.001015358 0.964886606 -0.006459278 0.999973357 0.003408800 -1.404139400 0.001037361 -0.003402168 0.999993622 52.942008972
0.999977827 0.006572616 -0.001064079 0.970027030 -0.006568543 0.999971271 0.003786645 -1.423635006 0.001088936 -0.003779572 0.999992251 53.485679626
0.999976218 0.006848937 -0.000753582 0.980286539 -0.006846590 0.999971807 0.003075138 -1.433507800 0.000774621 -0.003069906 0.999994993 54.014965057
0.999974787 0.007080432 -0.000462841 0.982332528 -0.007079001 0.999970376 0.003023868 -1.446058989 0.000484238 -0.003020515 0.999995291 54.538372040
0.999972999 0.007328593 -0.000558406 0.990883291 -0.007326984 0.999969244 0.002831039 -1.456704378 0.000579136 -0.002826871 0.999995828 55.097064972
0.999975741 0.006936844 -0.000572794 1.003233314 -0.006935058 0.999971271 0.003061846 -1.475141883 0.000594018 -0.003057800 0.999995172 55.608970642
0.999977410 0.006702331 -0.000482346 1.016644716 -0.006700820 0.999972880 0.003066788 -1.478234172 0.000502887 -0.003063486 0.999995172 56.203907013
0.999973476 0.007281138 -0.000228121 1.021131039 -0.007280434 0.999969065 0.002949114 -1.499294281 0.000249586 -0.002947375 0.999995649 56.682434082
0.999970794 0.007648433 0.000007163 1.032183766 -0.007648417 0.999965847 0.003127513 -1.515127897 0.000016757 -0.003127476 0.999995112 57.219062805
0.999970853 0.007623335 -0.000011956 1.042297363 -0.007623260 0.999966025 0.003121823 -1.530269980 0.000035755 -0.003121641 0.999995112 57.738899231
0.999974132 0.007182280 -0.000040459 1.064512730 -0.007182132 0.999970019 0.002888936 -1.540429950 0.000061207 -0.002888571 0.999995828 58.275722504
0.999973714 0.007240912 -0.000159740 1.074988842 -0.007240435 0.999969840 0.002811726 -1.545332909 0.000180094 -0.002810496 0.999996006 58.823837280
0.999972224 0.007442545 0.000376451 1.064313293 -0.007443645 0.999967694 0.003005185 -1.570199966 -0.000354072 -0.003007904 0.999995410 59.320617676
0.999971807 0.007499319 -0.000135917 1.078495264 -0.007498913 0.999967933 0.002782471 -1.583893299 0.000156779 -0.002781373 0.999996066 59.867977142
0.999970257 0.007701079 0.000437581 1.083724022 -0.007702348 0.999965906 0.002979617 -1.595308423 -0.000414619 -0.002982900 0.999995470 60.404922485
0.999971569 0.007517061 0.000608310 1.093472242 -0.007518664 0.999968171 0.002680402 -1.605313063 -0.000588142 -0.002684899 0.999996305 60.958698273
0.999968588 0.007902721 0.000594244 1.107679725 -0.007904596 0.999963701 0.003222187 -1.621837378 -0.000568758 -0.003226784 0.999994636 61.462894440
0.999966323 0.008191147 0.000373871 1.112972975 -0.008192211 0.999962211 0.002937190 -1.639802933 -0.000349798 -0.002940154 0.999995649 62.007812500
0.999970257 0.007677226 0.000751741 1.127394199 -0.007679394 0.999966264 0.002924257 -1.650934577 -0.000729265 -0.002929943 0.999995470 62.525356293
0.999964774 0.008353452 0.000838081 1.134451628 -0.008356029 0.999960244 0.003120157 -1.661743283 -0.000811984 -0.003127051 0.999994695 63.056625366
0.999966621 0.008096963 0.001080324 1.143220186 -0.008100006 0.999963164 0.002846518 -1.677525878 -0.001057236 -0.002855174 0.999995291 63.582260132
0.999966800 0.008089148 0.000945851 1.159373164 -0.008091855 0.999963105 0.002891420 -1.688958526 -0.000922427 -0.002898978 0.999995351 64.121093750
0.999965012 0.008274364 0.001158812 1.164813876 -0.008277904 0.999960899 0.003084189 -1.703713059 -0.001133247 -0.003093674 0.999994576 64.644035339
0.999965072 0.008266716 0.001201925 1.182484984 -0.008270554 0.999960542 0.003223341 -1.718607306 -0.001175232 -0.003233169 0.999994099 65.189117432
0.999964893 0.008286895 0.001239592 1.186760306 -0.008290206 0.999962032 0.002691485 -1.728247523 -0.001217241 -0.002701667 0.999995589 65.703918457
0.999965966 0.008173912 0.001143738 1.199191213 -0.008177003 0.999962866 0.002724665 -1.744374037 -0.001121424 -0.002733924 0.999995649 66.246391296
0.999959648 0.008924669 0.001044828 1.211929917 -0.008927875 0.999955356 0.003107003 -1.765196204 -0.001017052 -0.003116205 0.999994636 66.786239624
0.999970555 0.007647778 0.000654703 1.234333754 -0.007649445 0.999967337 0.002583360 -1.771248817 -0.000634925 -0.002588292 0.999996424 67.309570312
0.999962091 0.008580460 0.001521502 1.233202934 -0.008583918 0.999960482 0.002281029 -1.788391113 -0.001501870 -0.002294003 0.999996185 67.874420166
0.999966204 0.008144777 0.001128410 1.248805523 -0.008147401 0.999963999 0.002338704 -1.796746612 -0.001109321 -0.002347819 0.999996603 68.373420715
0.999966085 0.008176291 0.001008201 1.263572454 -0.008179239 0.999962211 0.002955374 -1.819056034 -0.000983999 -0.002963520 0.999995112 68.958312988
0.999965608 0.008246852 0.000905619 1.269226432 -0.008248890 0.999963403 0.002267136 -1.827258587 -0.000886889 -0.002274528 0.999997020 69.427955627
0.999967456 0.008013828 0.000914892 1.281270027 -0.008015730 0.999965668 0.002097666 -1.840996146 -0.000898050 -0.002104932 0.999997377 69.973182678
0.999963284 0.008459162 0.001381774 1.287557483 -0.008461828 0.999962270 0.001934837 -1.852519035 -0.001365355 -0.001946459 0.999997199 70.494071960
0.999973774 0.007211796 0.000664424 1.306606054 -0.007213288 0.999971390 0.002269728 -1.863214731 -0.000648036 -0.002274461 0.999997199 71.025611877
0.999973714 0.007212718 0.000664569 1.320608258 -0.007214311 0.999971032 0.002426158 -1.876687884 -0.000647051 -0.002430889 0.999996841 71.575859070
0.999968767 0.007792818 0.001254214 1.320480227 -0.007796021 0.999966443 0.002569392 -1.897046089 -0.001234148 -0.002579090 0.999995887 72.085617065
0.999967396 0.007977150 0.001201422 1.332874656 -0.007979967 0.999965370 0.002357303 -1.910072207 -0.001182575 -0.002366814 0.999996483 72.630821228
0.999968648 0.007866018 0.001026836 1.342523336 -0.007868446 0.999966204 0.002380266 -1.922173619 -0.001008079 -0.002388271 0.999996662 73.169975281
0.999969661 0.007741076 0.000867678 1.356525779 -0.007743165 0.999966979 0.002428168 -1.937443733 -0.000848853 -0.002434813 0.999996662 73.722526550
0.999968469 0.007811456 0.001367701 1.365321040 -0.007814772 0.999966502 0.002437997 -1.948331594 -0.001348610 -0.002448609 0.999996066 74.238365173
0.999966085 0.008164609 0.001047514 1.373766303 -0.008166971 0.999964118 0.002270685 -1.960462809 -0.001028937 -0.002279163 0.999996901 74.785293579
0.999968827 0.007803925 0.001158059 1.393319607 -0.007806676 0.999966681 0.002391302 -1.982171178 -0.001139358 -0.002400268 0.999996483 75.295516968
0.999964237 0.008352554 0.001330904 1.399997711 -0.008355457 0.999962687 0.002191150 -1.993259907 -0.001312553 -0.002202192 0.999996722 75.826972961
0.999963462 0.008433855 0.001409957 1.406737208 -0.008436971 0.999961972 0.002217222 -2.011337280 -0.001391203 -0.002229037 0.999996543 76.353164673
0.999962449 0.008533961 0.001514273 1.416168928 -0.008537492 0.999960840 0.002340186 -2.025663853 -0.001494243 -0.002353026 0.999996126 76.898727417
0.999962687 0.008553218 0.001226435 1.431873918 -0.008556272 0.999960244 0.002506844 -2.045295715 -0.001204945 -0.002517244 0.999996126 77.398269653
0.999967158 0.008052159 0.000942369 1.447661042 -0.008054248 0.999965131 0.002234748 -2.061089754 -0.000924341 -0.002242265 0.999997079 77.936286926
0.999969840 0.007744926 0.000509651 1.461349726 -0.007746370 0.999965787 0.002893037 -2.071677208 -0.000487227 -0.002896897 0.999995708 78.507019043
0.999968350 0.007912102 0.000962949 1.479377747 -0.007914303 0.999966145 0.002303531 -2.083794117 -0.000944691 -0.002311079 0.999996901 79.022338867
0.999968886 0.007858608 0.000850772 1.493415475 -0.007860624 0.999966264 0.002390143 -2.103782654 -0.000831960 -0.002396756 0.999996781 79.526969910
0.999969482 0.007600617 0.001810863 1.507475734 -0.007605699 0.999967098 0.002816786 -2.119022608 -0.001789394 -0.002830473 0.999994397 80.064132690
0.999970615 0.007107335 0.002865345 1.524702668 -0.007114320 0.999971747 0.002435027 -2.132421732 -0.002847957 -0.002455340 0.999992967 80.612876892
0.999963164 0.007498297 0.004171309 1.541979790 -0.007508300 0.999968946 0.002387355 -2.144387007 -0.004153278 -0.002418587 0.999988437 81.140853882
0.999959469 0.007303611 0.005258318 1.552710056 -0.007319020 0.999968886 0.002917196 -2.161553383 -0.005236849 -0.002955564 0.999981940 81.686775208
0.999936759 0.007724361 0.008177149 1.580621719 -0.007745336 0.999966800 0.002536608 -2.170611858 -0.008157285 -0.002599783 0.999963284 82.200004578
0.999901056 0.007359143 0.011998671 1.600070238 -0.007391857 0.999969065 0.002684315 -2.183421135 -0.011978549 -0.002772742 0.999924362 82.734580994
0.999863446 0.007055133 0.014946097 1.628877163 -0.007101837 0.999970078 0.003073998 -2.203613758 -0.014923964 -0.003179722 0.999883533 83.272438049
0.999798596 0.006874399 0.018862227 1.657306314 -0.006924429 0.999972701 0.002588404 -2.214200258 -0.018843921 -0.002718493 0.999818683 83.805946350
0.999667048 0.007261438 0.024757843 1.685507774 -0.007349803 0.999966919 0.003480040 -2.229854584 -0.024731759 -0.003660847 0.999687433 84.357582092
0.999513626 0.006477234 0.030505301 1.722061634 -0.006555316 0.999975502 0.002460300 -2.244431973 -0.030488618 -0.002659075 0.999531567 84.850852966
0.999307692 0.006561519 0.036619414 1.758546829 -0.006650111 0.999975383 0.002297970 -2.251765966 -0.036603432 -0.002539903 0.999326646 85.394355774
0.998987615 0.006242030 0.044551048 1.809060812 -0.006331562 0.999978185 0.001868799 -2.263524771 -0.044538409 -0.002148984 0.999005377 85.933082581
0.998565316 0.006172794 0.053188697 1.852141619 -0.006277226 0.999978602 0.001796585 -2.278373241 -0.053176470 -0.002127885 0.998582840 86.487754822
0.998200953 0.005572808 0.059697829 1.920436144 -0.005689499 0.999982238 0.001784895 -2.300586462 -0.059686821 -0.002121335 0.998214841 87.068367004
0.997588992 0.005869651 0.069149509 1.955274582 -0.006054552 0.999978662 0.002464656 -2.318007469 -0.069133557 -0.002877383 0.997603238 87.529426575
0.996862173 0.005418154 0.078972429 2.021084785 -0.005595357 0.999982357 0.002022747 -2.334378719 -0.078960069 -0.002458279 0.996874690 88.057403564
0.996131539 0.004827338 0.087740988 2.094507694 -0.004991052 0.999986291 0.001646601 -2.348860025 -0.087731823 -0.002078151 0.996141911 88.598808289
0.995498240 0.004739524 0.094662555 2.163701057 -0.004953924 0.999985695 0.002030004 -2.366227865 -0.094651587 -0.002489816 0.995507360 89.104103088
0.994504392 0.004565733 0.104595512 2.244249344 -0.004823416 0.999985993 0.002210793 -2.384552479 -0.104583934 -0.002703151 0.994512498 89.621620178
0.993305981 0.004903074 0.115408830 2.318161011 -0.005198362 0.999983966 0.002257785 -2.398679256 -0.115395911 -0.002842608 0.993315518 90.221527100
0.992176652 0.004484062 0.124761060 2.398138046 -0.004805278 0.999985874 0.002273849 -2.413934231 -0.124749109 -0.002855571 0.992184162 90.757492065
0.990669727 0.004218762 0.136219233 2.507212639 -0.004518857 0.999988019 0.001893880 -2.415756464 -0.136209607 -0.002491765 0.990676880 91.327636719
0.988897860 0.003523986 0.148555040 2.607170105 -0.003769685 0.999991953 0.001372397 -2.427740097 -0.148548946 -0.001917166 0.988903165 91.868957520
0.987243354 0.003032857 0.159189656 2.716937065 -0.003302140 0.999993563 0.001427095 -2.443411827 -0.159184262 -0.001934556 0.987246990 92.412292480
0.985458791 0.002893435 0.169890091 2.823691368 -0.003204389 0.999993682 0.001556165 -2.455091000 -0.169884488 -0.002077931 0.985461712 92.924209595
0.983031511 0.003158047 0.183409274 2.945254326 -0.003405811 0.999993622 0.001035900 -2.473553658 -0.183404863 -0.001642980 0.983035982 93.491600037
0.980716586 0.002931066 0.195413649 3.083844185 -0.003253264 0.999993801 0.001327855 -2.489334345 -0.195408523 -0.001937981 0.980719924 94.029457092
0.978667200 0.002196914 0.205440179 3.210248947 -0.002567857 0.999995530 0.001539002 -2.497878790 -0.205435872 -0.002033712 0.978668451 94.561126709
0.975808561 0.001978431 0.218618020 3.351625443 -0.002424589 0.999995470 0.001772556 -2.513093472 -0.218613535 -0.002259734 0.975808978 95.085800171
0.972826242 0.001176471 0.231532887 3.503334045 -0.001503312 0.999998093 0.001235214 -2.527389050 -0.231530979 -0.001549715 0.972826302 95.612236023
0.970032811 0.000552113 0.242973119 3.650716782 -0.000932284 0.999998510 0.001449681 -2.532330990 -0.242971957 -0.001632759 0.970031917 96.134414673
0.967647552 0.000734293 0.252304614 3.854803085 -0.001636329 0.999992967 0.003365386 -2.636867523 -0.252300382 -0.003669361 0.967642009 96.434722900
0.963873029 0.000781679 0.266361028 3.999729156 -0.001177752 0.999998450 0.001327241 -2.569423914 -0.266359657 -0.001593000 0.963872433 97.146965027
0.960310817 0.000728748 0.278931350 4.176351547 -0.001211525 0.999998093 0.001558426 -2.588238478 -0.278929681 -0.001834506 0.960309803 97.674407959
0.956701219 0.000350391 0.291071862 4.353298187 -0.000709593 0.999999106 0.001128508 -2.595940113 -0.291071206 -0.001286187 0.956700563 98.225166321
0.952463269 0.000033464 0.304653496 4.545543671 -0.000378946 0.999999285 0.001074887 -2.613022566 -0.304653257 -0.001139237 0.952462673 98.752037048
0.947895765 -0.000539021 0.318580210 4.743261337 0.000277014 0.999999583 0.000867726 -2.624417067 -0.318580568 -0.000734263 0.947895586 99.281799316
0.944043219 -0.001155594 0.329819858 4.953987122 0.000998553 0.999999285 0.000645553 -2.637386084 -0.329820335 -0.000280088 0.944043696 99.777236938
0.939171493 -0.000196855 0.343448579 5.158092499 -0.000217559 0.999999285 0.001168095 -2.655606270 -0.343448550 -0.001171762 0.939170837 100.315452576
0.933807373 -0.001103090 0.357774436 5.372726440 0.000694653 0.999998927 0.001270120 -2.674230576 -0.357775509 -0.000937518 0.933807194 100.837913513
0.929052532 -0.001291399 0.369945645 5.599521637 0.000926176 0.999998868 0.001164851 -2.689022779 -0.369946778 -0.000739573 0.929052651 101.337837219
0.924374282 -0.002101798 0.381480962 5.830610275 0.001823010 0.999997795 0.001092190 -2.698870420 -0.381482422 -0.000314149 0.924376011 101.844833374
0.918738067 -0.003186605 0.394854665 6.075828552 0.003138608 0.999994695 0.000767447 -2.711641788 -0.394855022 0.000534211 0.918743312 102.296401978
0.912459970 -0.002622061 0.409157395 6.318641663 0.002234171 0.999996483 0.001426005 -2.730262756 -0.409159660 -0.000387045 0.912462711 102.843872070
0.907567620 -0.003240824 0.419893384 6.570747375 0.002978974 0.999994695 0.001279341 -2.744919777 -0.419895351 0.000089763 0.907572508 103.323333740
0.901751697 -0.003282623 0.432242006 6.829719543 0.003003949 0.999994576 0.001327473 -2.757570982 -0.432244003 0.000101382 0.901756704 103.818710327
0.895291507 -0.004005434 0.445462853 7.101810455 0.003640673 0.999992013 0.001674523 -2.784988403 -0.445465982 0.000122599 0.895298898 104.280982971
0.889159203 -0.003144274 0.457587153 7.384643555 0.002665080 0.999994993 0.001692745 -2.802020073 -0.457590163 -0.000285614 0.889163077 104.822486877
0.883492291 -0.004011758 0.468428582 7.661453247 0.003714131 0.999991834 0.001559085 -2.814723492 -0.468431026 0.000362366 0.883499980 105.295471191
0.875929058 -0.003462690 0.482427448 7.949028015 0.003100947 0.999993980 0.001547299 -2.826573849 -0.482429922 0.000140658 0.875934541 105.784133911
