1.000000000 0.000000000 0.000000000 0.000000000 0.000000000 1.000000000 0.000000000 0.000000000 0.000000000 0.000000000 1.000000000 0.000000000
1.000000000 0.000071120 0.000108949 -0.003186612 -0.000071102 1.000000000 -0.000171666 0.004192544 -0.000108961 0.000171659 1.000000000 0.003845752
1.000000000 0.000064632 0.000065770 -0.002278216 -0.000064621 1.000000000 -0.000169232 0.002836793 -0.000065781 0.000169228 1.000000000 0.000954129
0.999999940 0.000300992 0.000141042 -0.000824557 -0.000300972 0.999999940 -0.000144082 0.003384370 -0.000141085 0.000144039 1.000000000 -0.001995817
1.000000000 0.000175828 0.000037098 0.002632156 -0.000175825 1.000000000 -0.000069303 0.001764558 -0.000037110 0.000069296 1.000000000 -0.001139633
1.000000000 0.000117698 0.000020042 0.000924355 -0.000117698 1.000000000 0.000008988 0.001171884 -0.000020041 -0.000008991 1.000000000 -0.003011059
1.000000000 0.000017403 0.000098039 -0.002547274 -0.000017391 1.000000000 -0.000119786 0.001472433 -0.000098041 0.000119784 1.000000000 -0.001997784
1.000000000 0.000005677 -0.000012370 0.000370365 -0.000005677 1.000000000 -0.000026784 0.001728984 0.000012370 0.000026784 1.000000000 -0.002769974
1.000000000 -0.000002864 0.000120275 -0.005294258 0.000002885 1.000000000 -0.000170388 0.003977466 -0.000120274 0.000170388 1.000000000 0.003982212
0.999999940 0.000179689 0.000239932 -0.005720522 -0.000179652 1.000000000 -0.000157551 0.002862559 -0.000239961 0.000157508 0.999999940 -0.000862242
1.000000000 0.000200484 0.000109861 0.000602107 -0.000200468 0.999999940 -0.000142590 0.002356305 -0.000109890 0.000142568 1.000000000 -0.004203695
0.999999940 0.000229902 0.000166096 -0.002426077 -0.000229888 0.999999940 -0.000085011 0.002742513 -0.000166115 0.000084973 1.000000000 -0.002837287
1.000000000 0.000086859 0.000194947 -0.004962260 -0.000086848 1.000000000 -0.000058695 0.000644460 -0.000194952 0.000058678 1.000000000 -0.003320897
1.000000000 -0.000009350 0.000120265 -0.002835588 0.000009360 1.000000000 -0.000077349 0.000343560 -0.000120265 0.000077350 1.000000000 -0.001964615
1.000000000 0.000068152 0.000055813 0.000060018 -0.000068146 1.000000000 -0.000095486 0.001879734 -0.000055820 0.000095482 1.000000000 -0.005498827
1.000000000 -0.000157180 -0.000079429 0.001891061 0.000157183 1.000000000 0.000032980 0.000545201 0.000079424 -0.000032993 1.000000000 -0.006558972
0.999999940 -0.000343405 -0.000134433 0.002213883 0.000343402 0.999999940 -0.000017945 -0.001299327 0.000134439 0.000017899 1.000000000 -0.009802153
1.000000000 -0.000046302 0.000122016 -0.003629562 0.000046306 1.000000000 -0.000036683 0.000131119 -0.000122015 0.000036688 1.000000000 -0.003057651
1.000000000 0.000102635 -0.000015881 0.000166855 -0.000102634 1.000000000 0.000051763 0.001436481 0.000015887 -0.000051762 1.000000000 -0.007773990
1.000000000 -0.000089629 -0.000022077 -0.001516213 0.000089628 1.000000000 -0.000033796 -0.000233677 0.000022080 0.000033794 1.000000000 -0.006941615
1.000000000 0.000009697 0.000049288 -0.001116589 -0.000009692 1.000000000 -0.000097101 0.001747278 -0.000049289 0.000097101 1.000000000 -0.007157290
1.000000000 -0.000117720 0.000053534 -0.001141079 0.000117720 1.000000000 0.000004300 -0.000689172 -0.000053535 -0.000004293 1.000000000 -0.005159516
1.000000000 0.000128823 0.000172455 -0.006768308 -0.000128788 1.000000000 -0.000203164 0.003214235 -0.000172482 0.000203141 0.999999940 0.002616481
1.000000000 -0.000097086 -0.000062620 -0.000030036 0.000097078 1.000000000 -0.000118495 0.000801591 0.000062631 0.000118488 1.000000000 0.001053711
1.000000000 -0.000051289 0.000037629 -0.001472700 0.000051289 1.000000000 0.000000738 0.002146345 -0.000037629 -0.000000736 1.000000000 0.000731955
1.000000000 0.000058281 -0.000040755 0.002323605 -0.000058286 1.000000000 -0.000111194 0.003195401 0.000040749 0.000111197 1.000000000 -0.006893607
1.000000000 -0.000061415 0.000077622 -0.001793154 0.000061422 1.000000000 -0.000089692 0.002442434 -0.000077616 0.000089697 1.000000000 -0.004640356
0.999999940 0.000226606 0.000239018 -0.005371653 -0.000226552 0.999999940 -0.000222683 0.003133299 -0.000239069 0.000222629 0.999999940 0.000254373
1.000000000 0.000056268 0.000150131 -0.005024326 -0.000056267 1.000000000 -0.000004789 0.001700869 -0.000150131 0.000004780 1.000000000 -0.000640276
1.000000000 -0.000141504 0.000056562 -0.004874218 0.000141511 1.000000000 -0.000118916 0.005745507 -0.000056546 0.000118924 1.000000000 0.003014590
1.000000000 -0.000078031 0.000039414 -0.003095974 0.000078033 1.000000000 -0.000051120 0.002007285 -0.000039410 0.000051123 1.000000000 -0.000781868
1.000000000 -0.000136109 0.000109849 -0.003801321 0.000136104 1.000000000 0.000052277 0.001144578 -0.000109856 -0.000052262 1.000000000 0.000586137
1.000000000 -0.000186374 0.000093749 -0.004095733 0.000186367 1.000000000 0.000077675 0.000632321 -0.000093763 -0.000077658 1.000000000 -0.004480807
1.000000000 -0.000193480 -0.000004168 -0.001361827 0.000193480 1.000000000 0.000069250 0.001139208 0.000004155 -0.000069251 1.000000000 -0.004739286
1.000000000 0.000043158 0.000059427 -0.003231495 -0.000043153 1.000000000 -0.000086293 0.000764009 -0.000059431 0.000086291 1.000000000 -0.001897166
1.000000000 0.000022486 0.000105922 -0.004191854 -0.000022476 1.000000000 -0.000091549 0.002513025 -0.000105924 0.000091547 1.000000000 -0.000481909
1.000000000 -0.000186856 -0.000138202 0.002272152 0.000186871 1.000000000 0.000112299 -0.000022359 0.000138181 -0.000112325 1.000000000 -0.011535458
1.000000000 -0.000038572 0.000073635 -0.003413411 0.000038590 1.000000000 -0.000236550 0.004237690 -0.000073626 0.000236553 0.999999940 0.000537825
1.000000000 -0.000172586 0.000106118 -0.003540734 0.000172584 1.000000000 0.000017361 0.001594810 -0.000106121 -0.000017342 1.000000000 0.000055956
1.000000000 -0.000007712 -0.000046656 0.001513788 0.000007723 1.000000000 0.000226632 -0.002308817 0.000046654 -0.000226632 1.000000000 -0.009536335
0.999999940 -0.000279499 -0.000147040 0.000384952 0.000279510 0.999999940 0.000073372 -0.001538294 0.000147020 -0.000073414 1.000000000 -0.001114944
1.000000000 0.000098111 0.000072314 0.002360570 -0.000098069 0.999999821 -0.000572347 -0.004845466 -0.000072370 0.000572340 0.999999821 0.048752930
1.000000000 0.000045294 -0.000020376 0.000423854 -0.000045323 0.999998987 -0.001421783 -0.000429422 0.000020312 0.001421784 0.999998987 0.148872182
1.000000000 -0.000055175 -0.000058964 0.004120080 0.000055093 0.999999046 -0.001392197 -0.010122760 0.000059041 0.001392193 0.999999046 0.263378412
0.999999940 -0.000259508 0.000045980 0.001435233 0.000259570 0.999999046 -0.001359453 -0.010693050 -0.000045627 0.001359465 0.999999046 0.391677707
1.000000000 0.000015323 -0.000170638 0.007609547 -0.000015525 0.999999285 -0.001181796 -0.018207429 0.000170620 0.001181799 0.999999285 0.534170687
1.000000000 0.000001288 0.000014571 0.007993130 -0.000001276 0.999999642 -0.000847590 -0.033875138 -0.000014572 0.000847590 0.999999642 0.679522693
0.999999821 -0.000554954 -0.000158601 0.017304324 0.000554874 0.999999702 -0.000499555 -0.033850741 0.000158878 0.000499467 0.999999881 0.852073312
0.999999940 -0.000214201 -0.000328658 0.026869033 0.000214024 0.999999821 -0.000539791 -0.036604360 0.000328774 0.000539721 0.999999821 1.028448343
1.000000000 -0.000173628 -0.000071280 0.025219049 0.000173576 0.999999702 -0.000737229 -0.034714215 0.000071407 0.000737217 0.999999702 1.208591580
0.999999821 -0.000491646 -0.000386553 0.039775517 0.000491461 0.999999762 -0.000480657 -0.046613216 0.000386789 0.000480467 0.999999821 1.415271640
0.999999464 -0.000807934 0.000600258 0.020889398 0.000806918 0.999998212 0.001691563 -0.082369775 -0.000601624 -0.001691077 0.999998391 1.533156991
0.999998868 -0.001366816 0.000727930 0.030588141 0.001365398 0.999997199 0.001945626 -0.087335907 -0.000730587 -0.001944630 0.999997854 1.731389642
0.999998868 -0.001461666 0.000386669 0.028338036 0.001460878 0.999996901 0.002029653 -0.091193326 -0.000389634 -0.002029086 0.999997854 1.925279498
0.999998808 -0.001441354 0.000503094 0.032780666 0.001440469 0.999997377 0.001753896 -0.094369955 -0.000505620 -0.001753169 0.999998331 2.154873610
0.999999404 -0.000847238 0.000645821 0.035439022 0.000845884 0.999997497 0.002093854 -0.100236669 -0.000647593 -0.002093306 0.999997556 2.360095978
0.999999344 -0.000807705 0.000844269 0.036755182 0.000805797 0.999997139 0.002257483 -0.113054857 -0.000846090 -0.002256802 0.999997020 2.593322515
0.999998748 -0.001224353 0.001069921 0.045755565 0.001221854 0.999996603 0.002333748 -0.116423458 -0.001072774 -0.002332438 0.999996662 2.835591555
0.999998629 -0.001518945 0.000666338 0.056264240 0.001517354 0.999996006 0.002382966 -0.125796571 -0.000669955 -0.002381952 0.999996960 3.066291094
0.999998987 -0.001169485 0.000820055 0.057018109 0.001167758 0.999997139 0.002102301 -0.128108263 -0.000822511 -0.002101341 0.999997556 3.323659182
0.999998391 -0.001574131 0.000812772 0.062575743 0.001572125 0.999995768 0.002462330 -0.138857916 -0.000816644 -0.002461048 0.999996662 3.554352522
0.999999046 -0.001221378 0.000640189 0.077794798 0.001219959 0.999996841 0.002211831 -0.140812933 -0.000642889 -0.002211048 0.999997377 3.804280758
0.999998212 -0.001748653 0.000693207 0.085088149 0.001747119 0.999996006 0.002208088 -0.150826156 -0.000697065 -0.002206873 0.999997377 4.082032204
0.999998093 -0.001684352 0.000979701 0.075031571 0.001681521 0.999994457 0.002883796 -0.169795781 -0.000984553 -0.002882143 0.999995351 4.311338425
0.999998271 -0.001401518 0.001204506 0.084919780 0.001398277 0.999995530 0.002686734 -0.172619939 -0.001208266 -0.002685045 0.999995649 4.579871178
0.999998510 -0.000998563 0.001356624 0.088015415 0.000994304 0.999994636 0.003136993 -0.186902553 -0.001359749 -0.003135639 0.999994159 4.845423222
0.999998510 -0.001056839 0.001326941 0.107376233 0.001053133 0.999995589 0.002790240 -0.187301591 -0.001329883 -0.002788838 0.999995172 5.109973907
0.999998391 -0.001179583 0.001362980 0.099790983 0.001175423 0.999994755 0.003049026 -0.193645820 -0.001366569 -0.003047419 0.999994457 5.386558056
0.999998271 -0.001225871 0.001396806 0.105488382 0.001221678 0.999994814 0.002998385 -0.204885036 -0.001400474 -0.002996673 0.999994516 5.622716904
0.999998331 -0.000977388 0.001551874 0.089450754 0.000971723 0.999992788 0.003647533 -0.227475226 -0.001555428 -0.003646018 0.999992132 5.847691059
0.999998093 -0.001175139 0.001588124 0.100121848 0.001168788 0.999991298 0.003994584 -0.247606590 -0.001592804 -0.003992720 0.999990761 6.088724613
0.999998271 -0.000518678 0.001793677 0.111080922 0.000511233 0.999991179 0.004148801 -0.254727215 -0.001795813 -0.004147877 0.999989808 6.369603157
0.999998212 -0.000544337 0.001830213 0.104853727 0.000537988 0.999993801 0.003467921 -0.250119627 -0.001832090 -0.003466930 0.999992311 6.685706615
0.999997973 -0.000690914 0.001878704 0.116836973 0.000683654 0.999992311 0.003862161 -0.258071661 -0.001881358 -0.003860869 0.999990761 6.963572979
0.999998093 -0.001207237 0.001546712 0.127188236 0.001201397 0.999992073 0.003771306 -0.261506081 -0.001551253 -0.003769441 0.999991655 7.277688026
0.999997556 -0.001557911 0.001552571 0.143580467 0.001551736 0.999990880 0.003970498 -0.276124060 -0.001558743 -0.003968079 0.999990880 7.567974567
0.999997795 -0.001212733 0.001742533 0.143673852 0.001204888 0.999989152 0.004496530 -0.288339525 -0.001747967 -0.004494420 0.999988377 7.908985138
0.999998212 -0.001074621 0.001643366 0.129665792 0.001067154 0.999989152 0.004538283 -0.317250490 -0.001648226 -0.004536522 0.999988377 8.221406937
0.999998212 -0.000917801 0.001692543 0.142467380 0.000910044 0.999989092 0.004577945 -0.321713418 -0.001696726 -0.004576397 0.999988139 8.549871445
0.999997973 -0.001328263 0.001541621 0.144541308 0.001321276 0.999988914 0.004524206 -0.330256522 -0.001547613 -0.004522160 0.999988556 8.891120911
0.999997735 -0.001563286 0.001465368 0.154834762 0.001556333 0.999987602 0.004733901 -0.342125922 -0.001472750 -0.004731609 0.999987721 9.233829498
0.999997318 -0.001934599 0.001231172 0.171550184 0.001928860 0.999987423 0.004645370 -0.348981291 -0.001240143 -0.004642983 0.999988437 9.574515343
0.999998033 -0.001301618 0.001521012 0.171312630 0.001294397 0.999987960 0.004739061 -0.352921218 -0.001527162 -0.004737083 0.999987602 9.922250748
0.999998033 -0.001573967 0.001189658 0.195932478 0.001568057 0.999986470 0.004952473 -0.371390164 -0.001197437 -0.004950598 0.999987066 10.285347939
0.999997854 -0.000638151 0.001979223 0.170205444 0.000628354 0.999987543 0.004946174 -0.391172945 -0.001982355 -0.004944920 0.999985814 10.620841026
0.999997616 -0.001250471 0.001809972 0.179846257 0.001241578 0.999987185 0.004906567 -0.397577405 -0.001816084 -0.004904308 0.999986351 10.995676041
0.999997377 -0.001053584 0.002030972 0.181931734 0.001042866 0.999985576 0.005271169 -0.407962352 -0.002036497 -0.005269038 0.999984026 11.389072418
0.999997199 -0.000961579 0.002194648 0.200641349 0.000950743 0.999987423 0.004933250 -0.405084133 -0.002199364 -0.004931150 0.999985397 11.771783829
0.999997079 -0.000386096 0.002388699 0.203336179 0.000374082 0.999987304 0.005027942 -0.415067255 -0.002390610 -0.005027034 0.999984562 12.152219772
0.999996781 -0.001902399 0.001668216 0.214964956 0.001892943 0.999982238 0.005651478 -0.446765065 -0.001678938 -0.005648302 0.999982595 12.486064911
0.999996781 -0.002032613 0.001542052 0.224364325 0.002023298 0.999979854 0.006018813 -0.456709445 -0.001554255 -0.006015674 0.999980748 12.881014824
0.999996781 -0.002047425 0.001444156 0.241237104 0.002039030 0.999981165 0.005790990 -0.467854708 -0.001455986 -0.005788027 0.999982238 13.278867722
0.999997139 -0.001441505 0.001929159 0.250563085 0.001429977 0.999981165 0.005963832 -0.470468402 -0.001937720 -0.005961056 0.999980390 13.713696480
0.999996245 -0.001687356 0.002140307 0.246421099 0.001673625 0.999978125 0.006401403 -0.484605014 -0.002151061 -0.006397797 0.999977231 14.113931656
0.999992549 -0.003594953 0.001382285 0.273271650 0.003586072 0.999973238 0.006374235 -0.531370163 -0.001405164 -0.006369232 0.999978721 14.555936813
0.999995351 -0.002413527 0.001826191 0.293479234 0.002400931 0.999973536 0.006868773 -0.548264623 -0.001842721 -0.006864356 0.999974668 14.978573799
0.999993324 -0.003139592 0.001848274 0.310254753 0.003126927 0.999971867 0.006815504 -0.558236539 -0.001869620 -0.006809679 0.999975026 15.418613434
0.999994099 -0.002187986 0.002642742 0.314245164 0.002169207 0.999972522 0.007088002 -0.571406662 -0.002658178 -0.007082228 0.999971390 15.865054131
0.999993384 -0.002283355 0.002831799 0.328668952 0.002261925 0.999968946 0.007547726 -0.585251689 -0.002848945 -0.007541271 0.999967515 16.300493240
0.999993622 -0.001871689 0.003023119 0.334041119 0.001849138 0.999970555 0.007445470 -0.590022027 -0.003036966 -0.007439833 0.999967694 16.745309830
0.999990940 -0.002762041 0.003235417 0.351136088 0.002737765 0.999968231 0.007483884 -0.614216208 -0.003255986 -0.007474958 0.999966681 17.167440414
0.999992728 -0.002174496 0.003142148 0.382752180 0.002149975 0.999967456 0.007786441 -0.609783173 -0.003158977 -0.007779629 0.999964714 17.632320404
0.999991536 -0.002011931 0.003581512 0.364606142 0.001983549 0.999966741 0.007910606 -0.643750370 -0.003597307 -0.007903433 0.999962270 18.090122223
0.999989450 -0.002980059 0.003476186 0.384337336 0.002951654 0.999962449 0.008147750 -0.649347603 -0.003500336 -0.008137403 0.999960780 18.566083908
0.999989510 -0.002439921 0.003883655 0.394840956 0.002407006 0.999961317 0.008457661 -0.664465904 -0.003904141 -0.008448225 0.999956667 19.029834747
0.999989450 -0.001790737 0.004221177 0.409402013 0.001753388 0.999959350 0.008835069 -0.677360833 -0.004236827 -0.008827575 0.999952018 19.505195618
0.999986053 -0.000307570 0.005273286 0.406870782 0.000261529 0.999961853 0.008729600 -0.691101253 -0.005275771 -0.008728100 0.999948025 20.044620514
0.999987543 -0.000268545 0.004986047 0.415096611 0.000220977 0.999954462 0.009538371 -0.710133255 -0.004988382 -0.009537151 0.999942124 20.514982224
0.999990582 -0.001928904 0.003883574 0.459549129 0.001895449 0.999961197 0.008599877 -0.736650288 -0.003900013 -0.008592437 0.999955475 20.973394394
0.999991834 -0.001655083 0.003682049 0.468135476 0.001624008 0.999963164 0.008426639 -0.737509012 -0.003695861 -0.008420590 0.999957740 21.488634109
0.999992609 -0.001396119 0.003578924 0.475334913 0.001365519 0.999962568 0.008538465 -0.756275475 -0.003590711 -0.008533514 0.999957144 22.009521484
0.999992549 -0.001982813 0.003299559 0.460265636 0.001951126 0.999952137 0.009579151 -0.788764894 -0.003318394 -0.009572643 0.999948680 22.509088516
0.999992490 -0.003467387 0.001726944 0.487452447 0.003451648 0.999953151 0.009035005 -0.788975656 -0.001758192 -0.009028976 0.999957681 23.008321762
0.999994218 -0.003292288 0.000882499 0.500964284 0.003284228 0.999954164 0.008985917 -0.798845708 -0.000912043 -0.008982966 0.999959230 23.550706863
0.999995291 -0.002920742 0.000982640 0.503550947 0.002911812 0.999955535 0.008969299 -0.811148882 -0.001008793 -0.008966395 0.999959290 24.103801727
0.999995172 -0.003129453 -0.000373155 0.514170408 0.003132613 0.999956548 0.008791341 -0.818215191 0.000345627 -0.008792468 0.999961257 24.616561890
0.999997139 -0.002318498 -0.000705204 0.521907628 0.002325038 0.999952972 0.009418722 -0.825172365 0.000683334 -0.009420334 0.999955356 25.163169861
0.999994338 -0.002973501 -0.001578540 0.528633714 0.002987484 0.999955595 0.008931404 -0.827532649 0.001551912 -0.008936070 0.999958813 25.717479706
0.999993384 -0.003193043 -0.001731053 0.519771039 0.003208471 0.999954522 0.008984417 -0.848391652 0.001702287 -0.008989912 0.999958158 26.224416733
0.999992669 -0.003275949 -0.001990211 0.529616058 0.003294822 0.999948919 0.009555157 -0.853828251 0.001958807 -0.009561644 0.999952376 26.774868011
0.999993026 -0.003059395 -0.002122884 0.540835619 0.003078705 0.999953389 0.009153392 -0.871414661 0.002094781 -0.009159863 0.999955893 27.327362061
0.999993920 -0.002287709 -0.002595035 0.564855874 0.002314253 0.999944687 0.010272415 -0.894061089 0.002571391 -0.010278359 0.999943912 27.883394241
0.999989450 -0.002974533 -0.003504505 0.566680670 0.003009994 0.999943852 0.010157196 -0.903284550 0.003474095 -0.010167636 0.999942303 28.394979477
0.999989808 -0.002732333 -0.003586283 0.569888771 0.002768607 0.999944687 0.010148888 -0.917903244 0.003558354 -0.010158716 0.999942124 28.947134018
0.999990702 -0.002885231 -0.003198463 0.576410294 0.002920925 0.999932885 0.011211955 -0.937136769 0.003165900 -0.011221195 0.999932051 29.543008804
0.999989152 -0.002896459 -0.003652321 0.553219855 0.002935942 0.999936759 0.010851816 -0.944835067 0.003620659 -0.010862422 0.999934435 30.006202698
0.999988854 -0.002764347 -0.003824190 0.574784756 0.002805861 0.999936640 0.010893024 -0.961110592 0.003793835 -0.010903632 0.999933362 30.546344757
0.999990463 -0.001448052 -0.004101351 0.588119984 0.001492907 0.999938846 0.010954779 -0.993901312 0.004085237 -0.010960798 0.999931574 31.089672089
0.999984980 -0.002429855 -0.004903514 0.591540337 0.002486140 0.999930739 0.011505214 -0.993371069 0.004875217 -0.011517231 0.999921739 31.651756287
0.999984145 -0.002545896 -0.005022636 0.603437722 0.002601880 0.999934196 0.011171484 -1.001994371 0.004993864 -0.011184375 0.999925017 32.186592102
0.999982715 -0.002767641 -0.005176331 0.609431863 0.002825527 0.999933183 0.011209108 -1.003767967 0.005144962 -0.011223541 0.999923766 32.704231262
0.999986887 -0.001730036 -0.004808517 0.588521421 0.001786131 0.999930143 0.011686131 -1.032129526 0.004787964 -0.011694568 0.999920189 33.198528290
0.999979854 -0.003281909 -0.005426882 0.608581901 0.003343321 0.999929965 0.011346271 -1.038099766 0.005389263 -0.011364186 0.999920905 33.760181427
0.999975860 -0.003588122 -0.005945909 0.612773120 0.003661287 0.999917090 0.012340168 -1.058473110 0.005901139 -0.012361637 0.999906182 34.377552032
0.999973238 -0.003892775 -0.006196663 0.611883521 0.003967828 0.999918282 0.012145945 -1.065100074 0.006148876 -0.012170204 0.999907017 34.886070251
0.999961853 -0.004737277 -0.007333175 0.636773527 0.004823978 0.999918163 0.011850794 -1.076492667 0.007276435 -0.011885717 0.999902904 35.419723511
0.999965072 -0.004143172 -0.007257490 0.638321400 0.004236712 0.999907553 0.012920985 -1.106040120 0.007203285 -0.012951281 0.999890208 35.995944977
0.999969304 -0.003141185 -0.007179520 0.632746816 0.003227127 0.999922931 0.011990377 -1.106674552 0.007141303 -0.012013177 0.999902368 36.674289703
0.999976933 -0.002453253 -0.006327912 0.620970011 0.002537361 0.999908030 0.013318031 -1.124110341 0.006294657 -0.013333782 0.999891281 37.153022766
0.999972284 -0.004004120 -0.006269119 0.580806255 0.004081666 0.999914706 0.012405939 -1.129235983 0.006218909 -0.012431186 0.999903321 37.678962708
0.999969780 -0.003742681 -0.006814734 0.589804888 0.003831120 0.999908090 0.013011150 -1.149690866 0.006765411 -0.013036866 0.999892116 38.214454651
0.999966443 -0.004540292 -0.006820505 0.595368445 0.004622601 0.999916077 0.012101023 -1.149664879 0.006764991 -0.012132146 0.999903440 38.764644623
0.999966741 -0.003786096 -0.007227916 0.607915163 0.003876802 0.999913394 0.012576828 -1.154239058 0.007179674 -0.012604429 0.999894798 39.278694153
0.999968767 -0.003567485 -0.007054591 0.613344431 0.003662345 0.999902427 0.013479570 -1.191092253 0.007005815 -0.013504985 0.999884248 39.829650879
0.999961317 -0.004822160 -0.007350262 0.652461648 0.004927353 0.999884725 0.014361175 -1.210988164 0.007280163 -0.014396837 0.999869823 40.387500763
0.999966979 -0.004228985 -0.006944849 0.645668507 0.004330263 0.999883533 0.014633594 -1.225347400 0.006882156 -0.014663184 0.999868751 40.882633209
0.999973595 -0.002667120 -0.006763161 0.665677071 0.002761047 0.999899268 0.013916809 -1.226598024 0.006725362 -0.013935112 0.999880195 41.371414185
0.999963820 -0.004324222 -0.007329905 0.679479241 0.004427592 0.999890089 0.014145643 -1.239535093 0.007267931 -0.014177583 0.999873042 41.916969299
0.999962687 -0.003990702 -0.007675012 0.690581441 0.004100373 0.999888957 0.014327123 -1.253018975 0.007616983 -0.014358057 0.999867857 42.437431335
0.999962747 -0.004306817 -0.007486805 0.679661751 0.004421161 0.999872863 0.015323875 -1.277045488 0.007419856 -0.015356405 0.999854505 43.010368347
0.999967337 -0.003425368 -0.007327146 0.674995065 0.003528265 0.999894679 0.014076691 -1.268636703 0.007278156 -0.014102083 0.999874055 43.574981689
0.999980867 -0.000808716 -0.006140018 0.709064722 0.000892274 0.999906898 0.013618292 -1.247176647 0.006128431 -0.013623508 0.999888361 44.234519958
0.999965429 -0.003818656 -0.007376640 0.673587501 0.003927718 0.999882340 0.014827374 -1.310769916 0.007319150 -0.014855835 0.999862790 44.618705750
0.999963343 -0.003489291 -0.007816501 0.684797823 0.003600487 0.999891818 0.014257233 -1.311354876 0.007765909 -0.014284854 0.999867737 45.176231384
0.999967813 -0.003237842 -0.007333205 0.685745239 0.003342304 0.999892473 0.014277914 -1.315787077 0.007286186 -0.014301963 0.999871194 45.695869446
0.999970734 -0.003185635 -0.006952605 0.683779836 0.003292300 0.999876201 0.015384541 -1.339179754 0.006902736 -0.015406980 0.999857485 46.206970215
0.999978483 -0.001959422 -0.006256534 0.664415479 0.002048758 0.999895573 0.014304494 -1.340042830 0.006227852 -0.014317004 0.999878109 46.804244995
0.999964833 -0.003449286 -0.007641585 0.740425408 0.003569875 0.999868453 0.015823547 -1.393376350 0.007586000 -0.015850270 0.999845564 47.392784119
0.999969959 -0.002321371 -0.007399106 0.711384356 0.002441406 0.999864817 0.016255299 -1.398086905 0.007360372 -0.016272873 0.999840498 47.749694824
0.999975383 -0.001832040 -0.006781299 0.714183271 0.001937125 0.999877572 0.015522297 -1.402635813 0.006752031 -0.015535049 0.999856532 48.290054321
0.999973357 -0.002034456 -0.007013539 0.720582724 0.002152093 0.999856412 0.016806221 -1.422844887 0.006978340 -0.016820867 0.999834180 48.832805634
0.999969244 -0.002884969 -0.007297089 0.737805307 0.003004647 0.999860346 0.016443323 -1.417679071 0.007248631 -0.016464742 0.999838173 49.395370483
0.999970019 -0.003531774 -0.006895341 0.727147102 0.003646665 0.999853492 0.016721252 -1.436902761 0.006835277 -0.016745899 0.999836385 49.965610504
0.999977291 -0.001759292 -0.006509941 0.724824429 0.001869741 0.999853730 0.016999096 -1.442553520 0.006479084 -0.017010884 0.999834299 50.374607086
0.999973774 -0.002007246 -0.006964607 0.745608747 0.002120383 0.999865234 0.016275328 -1.443202972 0.006930999 -0.016289666 0.999843359 50.928474426
0.999973476 -0.001717880 -0.007078198 0.753436267 0.001837602 0.999854743 0.016942468 -1.449097633 0.007048065 -0.016955025 0.999831378 51.480873108
0.999966681 -0.002595797 -0.007739383 0.791483223 0.002720506 0.999865949 0.016146811 -1.445023298 0.007696433 -0.016167328 0.999839664 52.018737793
0.999968767 -0.003073540 -0.007272552 0.763390005 0.003197083 0.999849737 0.017037397 -1.467617512 0.007219098 -0.017060118 0.999828398 52.509166718
0.999966383 -0.002905860 -0.007669549 0.768462837 0.003033853 0.999855518 0.016729938 -1.474292755 0.007619827 -0.016752644 0.999830604 53.052616119
0.999968171 -0.003200423 -0.007302200 0.779076695 0.003325222 0.999847531 0.017142966 -1.478961706 0.007246222 -0.017166704 0.999826312 53.562305450
0.999969482 -0.003024318 -0.007203781 0.781655073 0.003143912 0.999856472 0.016648535 -1.484618425 0.007152395 -0.016670674 0.999835491 54.137180328
0.999973536 -0.002172010 -0.006943268 0.793817043 0.002290927 0.999849975 0.017165070 -1.505183697 0.006904942 -0.017180523 0.999828577 54.664279938
0.999973893 -0.002313706 -0.006847898 0.753285170 0.002432494 0.999845862 0.017389428 -1.514511824 0.006806606 -0.017405633 0.999825299 55.135410309
0.999979854 -0.001708999 -0.006113002 0.740011454 0.001817044 0.999841452 0.017712940 -1.524333715 0.006081761 -0.017723689 0.999824405 55.671878815
0.999974489 -0.002752015 -0.006591951 0.758076370 0.002866979 0.999842882 0.017494671 -1.529870033 0.006542771 -0.017513124 0.999825239 56.217002869
0.999971032 -0.002722412 -0.007117356 0.789933264 0.002839060 0.999861002 0.016430704 -1.517987370 0.007071635 -0.016450435 0.999839664 56.809543610
0.999973178 -0.002610548 -0.006850659 0.787708879 0.002722612 0.999861836 0.016400082 -1.538718462 0.006806900 -0.016418293 0.999841988 57.393127441
0.999967694 -0.002840059 -0.007530606 0.822768450 0.002963997 0.999859512 0.016498169 -1.531004190 0.007482692 -0.016519956 0.999835491 57.886466980
0.999968529 -0.002718305 -0.007457952 0.816063643 0.002843490 0.999854445 0.016826520 -1.540364981 0.007411127 -0.016847199 0.999830544 58.382587433
0.999965310 -0.003686161 -0.007469248 0.795614481 0.003816925 0.999838352 0.017569020 -1.571039557 0.007403279 -0.017596921 0.999817729 58.798793793
0.999968410 -0.003584106 -0.007099153 0.809570432 0.003712008 0.999829531 0.018086085 -1.582603455 0.007033120 -0.018111866 0.999811172 59.354423523
0.999968290 -0.002992790 -0.007375249 0.817886949 0.003123150 0.999837875 0.017727617 -1.572574258 0.007320999 -0.017750092 0.999815583 59.895885468
0.999961555 -0.004047547 -0.007771623 0.826854706 0.004187992 0.999826670 0.018141111 -1.589987993 0.007696849 -0.018172964 0.999805152 60.432678223
0.999960482 -0.003268884 -0.008266763 0.874056995 0.003419585 0.999826908 0.018281745 -1.613859177 0.008205571 -0.018309295 0.999798656 60.962291718
0.999969840 -0.002758423 -0.007249945 0.832206607 0.002891509 0.999826312 0.018410988 -1.609893441 0.007197901 -0.018431397 0.999804199 61.437671661
0.999975681 -0.002367707 -0.006565739 0.839825153 0.002492493 0.999815226 0.019062897 -1.629794836 0.006519391 -0.019078799 0.999796748 61.961139679
0.999975443 -0.002119852 -0.006667642 0.839678407 0.002243530 0.999824524 0.018596442 -1.618166804 0.006627051 -0.018610947 0.999804914 62.490287781
0.999971807 -0.002168021 -0.007186757 0.850531936 0.002305397 0.999813616 0.019162465 -1.639242411 0.007143874 -0.019178491 0.999790609 63.044788361
0.999973238 -0.002604960 -0.006830871 0.852356315 0.002736334 0.999810040 0.019294124 -1.669058681 0.006779311 -0.019312296 0.999790549 63.657119751
0.999966204 -0.003107042 -0.007611264 0.854851127 0.003257411 0.999798179 0.019823996 -1.679378033 0.007548133 -0.019848119 0.999774516 64.101631165
0.999966443 -0.002239023 -0.007866453 0.872262299 0.002390220 0.999811590 0.019263970 -1.683704734 0.007821838 -0.019282131 0.999783516 64.645660400
0.999970198 -0.002561057 -0.007289258 0.884972334 0.002698159 0.999818385 0.018861411 -1.680603147 0.007239629 -0.018880518 0.999795556 65.206314087
0.999971986 -0.001835011 -0.007264409 0.904500842 0.001970854 0.999822497 0.018737059 -1.659691334 0.007228735 -0.018750850 0.999798119 65.706237793
0.999962151 -0.003267250 -0.008074779 0.914045572 0.003421834 0.999809742 0.019204974 -1.669463158 0.008010494 -0.019231880 0.999782979 66.218086243
0.999964714 -0.003013510 -0.007838721 0.885420620 0.003171558 0.999790490 0.020228930 -1.705896974 0.007776116 -0.020253081 0.999764621 66.679611206
0.999963999 -0.003109580 -0.007894131 0.897415876 0.003270703 0.999785006 0.020480433 -1.715015292 0.007828749 -0.020505516 0.999759078 67.227478027
0.999957263 -0.004215170 -0.008222952 0.936517775 0.004378624 0.999791205 0.019962031 -1.704380393 0.008137091 -0.019997189 0.999766946 67.769302368
0.999969184 -0.002866684 -0.007306290 0.893296242 0.003010162 0.999801397 0.019702846 -1.712310910 0.007248358 -0.019724239 0.999779224 68.367874146
0.999963582 -0.002792345 -0.008063976 0.927643239 0.002957562 0.999784470 0.020549482 -1.735344291 0.008004854 -0.020572580 0.999756336 68.746299744
0.999965608 -0.002473572 -0.007915839 0.928237677 0.002629752 0.999800801 0.019780757 -1.731099725 0.007865332 -0.019800892 0.999773026 69.313133240
0.999961317 -0.003165856 -0.008207905 0.958576918 0.003332806 0.999786258 0.020406853 -1.741064787 0.008141545 -0.020433420 0.999758065 69.872756958
0.999958932 -0.003111145 -0.008509750 1.006717205 0.003280672 0.999795020 0.019980721 -1.743719459 0.008445842 -0.020007817 0.999764144 70.336654663
0.999968171 -0.002723562 -0.007497909 0.936897218 0.002880349 0.999775767 0.020979997 -1.759790421 0.007439088 -0.021000931 0.999751806 70.834030151
0.999970496 -0.002242811 -0.007344291 0.943411946 0.002390228 0.999794602 0.020125361 -1.758112907 0.007297644 -0.020142322 0.999770522 71.408905029
0.999965489 -0.001906493 -0.008085323 0.958074033 0.002067827 0.999798059 0.019992840 -1.766193032 0.008045575 -0.020008871 0.999767482 71.961296082
0.999959707 -0.002917244 -0.008491260 0.968900204 0.003084823 0.999799490 0.019789753 -1.754224777 0.008431826 -0.019815156 0.999768138 72.535102844
0.999966323 -0.002805372 -0.007714560 0.965696633 0.002967284 0.999773860 0.021057077 -1.779114723 0.007653743 -0.021079261 0.999748468 73.012306213
0.999961972 -0.003412023 -0.008022890 0.978713036 0.003587164 0.999753237 0.021917967 -1.790489674 0.007946126 -0.021945912 0.999727607 73.568984985
0.999959707 -0.003503797 -0.008262891 1.001870155 0.003674228 0.999778926 0.020701902 -1.771138072 0.008188530 -0.020731429 0.999751627 74.094795227
0.999963403 -0.002608096 -0.008143720 0.983046412 0.002786693 0.999754131 0.021996880 -1.811756849 0.008084348 -0.022018770 0.999724865 74.555503845
0.999960542 -0.003328114 -0.008232610 1.002460718 0.003503860 0.999764323 0.021425640 -1.804051995 0.008159364 -0.021453645 0.999736547 75.055816650
0.999953806 -0.004061484 -0.008706174 1.012599468 0.004243617 0.999770403 0.021004759 -1.798658252 0.008618864 -0.021040734 0.999741495 75.605323792
0.999945521 -0.005169073 -0.009059433 1.035319448 0.005356977 0.999768555 0.020841090 -1.804709911 0.008949606 -0.020888487 0.999741793 76.126144409
0.999946773 -0.004560998 -0.009252002 1.042452693 0.004760494 0.999754131 0.021656448 -1.827792764 0.009150954 -0.021699339 0.999722660 76.634841919
0.999965250 -0.002777145 -0.007854229 0.981154025 0.002947273 0.999759495 0.021732792 -1.823229074 0.007791985 -0.021755189 0.999732912 77.169967651
0.999964595 -0.002829325 -0.007928923 0.987919927 0.003001304 0.999758661 0.021762727 -1.821871519 0.007865435 -0.021785757 0.999731719 77.715339661
0.999953926 -0.003900715 -0.008774123 1.002146363 0.004088992 0.999759614 0.021543717 -1.826793790 0.008687977 -0.021578602 0.999729395 78.239875793
0.999956429 -0.003457055 -0.008679532 1.007820368 0.003640840 0.999767601 0.021248765 -1.820290089 0.008604055 -0.021279441 0.999736547 78.770896912
0.999976754 -0.002986465 -0.006132934 0.985669732 0.003115318 0.999772310 0.021109026 -1.815724850 0.006068495 -0.021127643 0.999758303 79.307388306
0.999983072 -0.002992175 -0.004994258 0.993031979 0.003096686 0.999773622 0.021051340 -1.828630090 0.004930136 -0.021066446 0.999765873 79.842224121
0.999987006 -0.003552121 -0.003673935 1.002939463 0.003628969 0.999770224 0.021126380 -1.836520910 0.003598049 -0.021139437 0.999770045 80.434272766
0.999990702 -0.003378813 -0.002682308 1.011903763 0.003434954 0.999769151 0.021209154 -1.822837591 0.002610028 -0.021218173 0.999771476 80.941818237
0.999994993 -0.003130164 0.000281008 1.019332886 0.003123290 0.999757349 0.021805577 -1.852805614 -0.000349194 -0.021804592 0.999762177 81.411949158
0.999986947 -0.003096923 0.004044822 1.034335852 0.003007457 0.999754786 0.021940492 -1.853957891 -0.004111778 -0.021928042 0.999751091 81.945930481
0.999970973 -0.002652385 0.007143029 1.059988499 0.002498417 0.999766231 0.021478312 -1.850832224 -0.007198329 -0.021459842 0.999743819 82.493125916
0.999936163 -0.002791725 0.010948238 1.090958834 0.002561972 0.999777436 0.020943455 -1.840531230 -0.011004271 -0.020914068 0.999720752 83.029434204
0.999851882 -0.002838222 0.016972093 1.104505897 0.002471325 0.999763668 0.021599719 -1.859836698 -0.017029386 -0.021554576 0.999622703 83.589416504
0.999733150 -0.003402479 0.022847971 1.102319837 0.002922502 0.999775052 0.021008046 -1.869620919 -0.022914311 -0.020935666 0.999518216 84.077430725
0.999579310 -0.003075398 0.028840952 1.138363123 0.002454525 0.999765038 0.021538235 -1.881330132 -0.028900415 -0.021458382 0.999351919 84.599105835
0.999318719 -0.003003959 0.036782399 1.182946563 0.002238806 0.999780655 0.020825680 -1.867173314 -0.036836889 -0.020729143 0.999106288 85.208259583
0.998954117 -0.002983710 0.045626052 1.219079494 0.002015268 0.999772012 0.021256920 -1.883747578 -0.045679078 -0.021142740 0.998732388 85.701911926
0.998590171 -0.004102304 0.052921977 1.255665302 0.003008608 0.999780595 0.020729346 -1.868762851 -0.052995402 -0.020540902 0.998383522 86.253158569
0.998146355 -0.003291486 0.060770173 1.377825499 0.001998485 0.999770641 0.021325415 -1.917442203 -0.060826421 -0.021164434 0.997923911 86.729965210
0.997485280 -0.004737435 0.070714422 1.366597176 0.003241724 0.999768913 0.021251231 -1.886694074 -0.070798762 -0.020968558 0.997270226 87.305686951
0.996806920 -0.005333750 0.079670995 1.427048683 0.003655647 0.999768734 0.021193925 -1.886930585 -0.079765610 -0.020835005 0.996595919 87.864189148
0.996141911 -0.004895995 0.087618902 1.482324600 0.003090943 0.999780357 0.020724997 -1.886968493 -0.087701119 -0.020374216 0.995938540 88.458740234
0.995191991 -0.005360977 0.097797222 1.569408417 0.003408818 0.999791861 0.020117465 -1.887184501 -0.097884715 -0.019687368 0.995003045 89.049324036
0.994090497 -0.006002060 0.108388729 1.623902321 0.003731848 0.999769747 0.021135790 -1.888049960 -0.108490624 -0.020606402 0.993883848 89.424209595
0.992979586 -0.006409172 0.118112534 1.705283165 0.003927507 0.999766946 0.021231815 -1.896296978 -0.118221089 -0.020618871 0.992773235 89.977684021
0.991654217 -0.007123238 0.128729463 1.798826218 0.004507312 0.999777555 0.020601027 -1.882468104 -0.128847569 -0.019848868 0.991465688 90.516578674
0.989983916 -0.005779060 0.141062260 1.888342857 0.002898845 0.999783278 0.020614989 -1.895442843 -0.141150832 -0.019999588 0.989786029 91.072029114
0.988346994 -0.005615683 0.152114868 1.979802132 0.002407122 0.999770880 0.021268969 -1.897661209 -0.152199462 -0.020654958 0.988133907 91.598648071
0.986851156 -0.005948277 0.161522344 2.093162537 0.002530124 0.999768674 0.021359555 -1.898967266 -0.161612004 -0.020670030 0.986637890 92.146057129
0.984840512 -0.006831080 0.173327684 2.203973770 0.003221345 0.999772251 0.021098837 -1.905295253 -0.173432335 -0.020220641 0.984638214 92.681037903
0.982484102 -0.006295235 0.186240017 2.321114540 0.002315567 0.999764502 0.021578312 -1.920148492 -0.186331987 -0.020769097 0.982267320 93.200805664
0.980488896 -0.008409477 0.196394473 2.475324631 0.004360291 0.999769092 0.021040909 -1.902620673 -0.196526095 -0.019774040 0.980299175 93.814361572
0.977529943 -0.007264309 0.210671604 2.600812912 0.002928699 0.999777615 0.020884648 -1.906314135 -0.210776478 -0.019798374 0.977333724 94.372756958
0.974605381 -0.008313601 0.223774835 2.756256104 0.003713857 0.999773145 0.020968271 -1.907263279 -0.223898426 -0.019604720 0.974415243 94.892539978
0.972062707 -0.009460575 0.234530672 2.932443619 0.004487776 0.999753773 0.021727847 -1.943492174 -0.234678522 -0.020068308 0.971865833 95.355239868
0.968720734 -0.008607669 0.248003885 3.025497437 0.003425175 0.999766767 0.021320725 -1.944927573 -0.248129606 -0.019804372 0.968524337 95.895957947
0.965035915 -0.007584406 0.262008369 3.185916901 0.001930640 0.999759853 0.021829261 -1.922495127 -0.262111038 -0.020560171 0.964818716 96.489189148
0.961522996 -0.007903365 0.274610698 3.362373352 0.002059055 0.999765396 0.021563921 -1.928451538 -0.274716675 -0.020168768 0.961313725 97.001091003
0.958358884 -0.008446043 0.285441279 3.551252365 0.002144214 0.999747097 0.022382824 -1.940628290 -0.285558194 -0.020838732 0.958134770 97.531250000
0.953991771 -0.009263030 0.299689502 3.737001419 0.002883048 0.999759853 0.021723816 -1.932006598 -0.299818814 -0.019860322 0.953789413 98.111320496
0.949835956 -0.010674265 0.312566340 3.956186295 0.004051578 0.999753416 0.021829924 -1.929981709 -0.312722296 -0.019468460 0.949645042 98.617309570
0.945896506 -0.010400039 0.324301720 4.127479553 0.003490436 0.999754488 0.021880535 -1.938099146 -0.324449688 -0.019564765 0.945700645 99.020317078
0.941120207 -0.010618003 0.337905377 4.346281052 0.003563927 0.999762654 0.021489454 -1.919512510 -0.338053316 -0.019019887 0.940934718 99.731063843
0.935897648 -0.010331839 0.352120340 4.565874100 0.002944259 0.999764323 0.021509346 -1.917991400 -0.352259547 -0.019093812 0.935707569 100.247894287
0.931157470 -0.011645562 0.364431292 4.793003082 0.004023592 0.999757171 0.021667005 -1.924109697 -0.364595115 -0.018709073 0.930978179 100.762031555
0.926629663 -0.011237764 0.375807524 5.021741867 0.003317180 0.999758542 0.021716584 -1.937995195 -0.375960886 -0.018876607 0.926443279 101.247947693
0.921281159 -0.013469911 0.388663977 5.274278641 0.005306798 0.999742329 0.022068907 -1.949864149 -0.388861120 -0.018269103 0.921115160 101.710037231
0.915412247 -0.012798790 0.402314216 5.494415283 0.004002907 0.999734342 0.022696385 -1.975643873 -0.402497828 -0.019166119 0.915220261 102.179939270
0.910812318 -0.012978856 0.412616432 5.761226654 0.004254987 0.999747694 0.022054594 -1.942022800 -0.412798613 -0.018331919 0.910637796 102.783752441
0.905569077 -0.013961964 0.423968822 6.022010803 0.005060999 0.999742627 0.022113156 -1.949511290 -0.424168468 -0.017879281 0.905406713 103.255409241
0.898714662 -0.012716636 0.438349485 6.269432068 0.003647831 0.999761701 0.021524483 -1.949783087 -0.438518703 -0.017745340 0.898546755 103.761634827
0.892825663 -0.013198442 0.450208932 6.535724640 0.003376569 0.999738634 0.022612398 -1.957897902 -0.450389743 -0.018668767 0.892636836 104.234970093
0.886942089 -0.012796463 0.461703122 6.819320679 0.002534975 0.999736011 0.022838717 -1.973872662 -0.461873442 -0.019086216 0.886740446 104.716743469
0.880539417 -0.013460728 0.473781705 7.144855499 0.003176877 0.999741852 0.022499574 -1.968649387 -0.473962218 -0.018306620 0.880354822 105.184196472
