1.000000000 0.000000000 0.000000000 0.000000000 0.000000000 1.000000000 0.000000000 0.000000000 0.000000000 0.000000000 1.000000000 0.000000000
1.000000000 -0.000018908 0.000047878 -0.000587979 0.000018905 1.000000000 0.000072285 -0.000409987 -0.000047879 -0.000072284 1.000000000 -0.000271653
1.000000000 -0.000067656 0.000064026 -0.000566398 0.000067656 1.000000000 0.000011603 0.000073399 -0.000064027 -0.000011598 1.000000000 -0.000088966
1.000000000 0.000035242 0.000030066 -0.000347368 -0.000035240 1.000000000 -0.000065065 0.000010324 -0.000030068 0.000065063 1.000000000 -0.000418078
1.000000000 0.000097013 0.000103528 -0.001316967 -0.000097018 1.000000000 0.000045799 -0.000152579 -0.000103523 -0.000045809 1.000000000 0.000356664
1.000000000 -0.000000387 -0.000013671 -0.000115399 0.000000387 1.000000000 -0.000026557 -0.000299508 0.000013671 0.000026557 1.000000000 -0.000114304
1.000000000 0.000095518 0.000053263 0.000007850 -0.000095517 1.000000000 -0.000016972 0.000301484 -0.000053265 0.000016967 1.000000000 0.001102921
1.000000000 0.000135855 -0.000029651 -0.000300929 -0.000135857 1.000000000 -0.000071819 0.000331604 0.000029641 0.000071824 1.000000000 0.000204426
1.000000000 0.000103979 0.000039407 -0.000250796 -0.000103976 1.000000000 -0.000070011 -0.000083541 -0.000039415 0.000070007 1.000000000 0.000346343
1.000000000 0.000185887 0.000022451 -0.000310191 -0.000185888 1.000000000 0.000045299 0.000111320 -0.000022443 -0.000045303 1.000000000 0.001057158
1.000000000 0.000128536 0.000018807 0.000380433 -0.000128536 1.000000000 -0.000040809 0.000562247 -0.000018812 0.000040806 1.000000000 0.002054400
1.000000000 0.000034328 0.000064560 -0.000615867 -0.000034327 1.000000000 -0.000016275 -0.000529301 -0.000064561 0.000016273 1.000000000 0.000042266
1.000000000 0.000178471 0.000049780 -0.000749199 -0.000178467 1.000000000 -0.000078956 0.000424716 -0.000049794 0.000078947 1.000000000 0.000735069
1.000000000 0.000147086 0.000089730 -0.001362538 -0.000147079 1.000000000 -0.000079726 0.000393893 -0.000089742 0.000079713 1.000000000 0.000458073
1.000000000 0.000044932 0.000067847 -0.000113872 -0.000044931 1.000000000 -0.000015494 0.000682992 -0.000067847 0.000015491 1.000000000 0.001766212
1.000000000 0.000171833 0.000088373 -0.000981126 -0.000171830 1.000000000 -0.000039263 0.000627351 -0.000088379 0.000039248 1.000000000 0.000888261
1.000000000 0.000183753 0.000122716 -0.001327770 -0.000183743 1.000000000 -0.000087035 0.000716460 -0.000122732 0.000087012 1.000000000 0.001679729
1.000000000 0.000154355 0.000166573 -0.001593311 -0.000154354 1.000000000 -0.000002392 0.000625611 -0.000166574 0.000002367 1.000000000 0.001195116
0.999999940 0.000173971 0.000193139 -0.001590022 -0.000173948 1.000000000 -0.000118518 0.000883574 -0.000193159 0.000118485 1.000000000 0.001020385
0.999999940 0.000167696 0.000190097 -0.001954397 -0.000167688 1.000000000 -0.000046215 0.000521421 -0.000190105 0.000046183 1.000000000 0.001262536
0.999999940 0.000230028 0.000131017 -0.001846230 -0.000230021 1.000000000 -0.000054913 0.000563226 -0.000131029 0.000054883 1.000000000 0.000842390
0.999999940 0.000204225 0.000141806 -0.001743860 -0.000204208 1.000000000 -0.000114631 0.001110241 -0.000141829 0.000114602 1.000000000 0.001643169
0.999999940 0.000227811 0.000201247 -0.002125910 -0.000227798 1.000000000 -0.000066929 0.001124083 -0.000201262 0.000066883 1.000000000 0.001691342
0.999999940 0.000362193 0.000173520 -0.002327851 -0.000362185 0.999999940 -0.000045788 0.001208253 -0.000173537 0.000045725 1.000000000 0.001606046
0.999999940 0.000251349 0.000187743 -0.001781549 -0.000251346 0.999999940 -0.000017448 0.000660521 -0.000187747 0.000017401 1.000000000 0.001665179
0.999999940 0.000260664 0.000233169 -0.002155231 -0.000260650 0.999999940 -0.000058950 0.001695639 -0.000233184 0.000058889 1.000000000 0.002056137
0.999999940 0.000212843 0.000207895 -0.001787574 -0.000212844 1.000000000 0.000005518 0.000388881 -0.000207894 -0.000005563 1.000000000 0.001053179
1.000000000 0.000209328 0.000111367 -0.001511621 -0.000209315 1.000000000 -0.000114467 0.001547030 -0.000111391 0.000114444 1.000000000 0.000944296
0.999999940 0.000353741 0.000175744 -0.001969011 -0.000353730 0.999999940 -0.000065265 0.001406063 -0.000175767 0.000065202 1.000000000 0.001218878
0.999999940 0.000307757 0.000243120 -0.002310120 -0.000307741 0.999999940 -0.000067089 0.000404528 -0.000243141 0.000067014 1.000000000 0.001185320
0.999999940 0.000219500 0.000287421 -0.002419965 -0.000219487 1.000000000 -0.000045688 0.001111226 -0.000287431 0.000045625 0.999999940 0.002216327
0.999999940 0.000221630 0.000200116 -0.001649956 -0.000221625 1.000000000 -0.000025908 0.000879300 -0.000200121 0.000025863 1.000000000 0.001816857
0.999999940 0.000200151 0.000187975 -0.001620181 -0.000200146 1.000000000 -0.000026539 0.000401640 -0.000187980 0.000026502 1.000000000 0.000507885
0.999999881 0.000355793 0.000274333 -0.002711056 -0.000355783 0.999999940 -0.000038330 0.000996270 -0.000274347 0.000038232 0.999999940 0.001137408
0.999999940 0.000324278 0.000191132 -0.001379932 -0.000324266 0.999999940 -0.000062387 0.000836003 -0.000191152 0.000062325 1.000000000 0.000728643
0.999999940 0.000238789 0.000171592 -0.001595736 -0.000238779 0.999999940 -0.000055902 0.001163264 -0.000171605 0.000055861 1.000000000 0.000869398
0.999999940 0.000333838 0.000177458 -0.001903665 -0.000333829 0.999999940 -0.000052606 0.000922878 -0.000177476 0.000052547 1.000000000 0.000843336
0.999999940 0.000338563 0.000234774 -0.002456962 -0.000338556 0.999999940 -0.000030813 0.000891709 -0.000234785 0.000030734 1.000000000 0.000901705
0.999999940 0.000263918 0.000147346 -0.000952032 -0.000263906 0.999999940 -0.000084472 0.001858633 -0.000147368 0.000084433 1.000000000 0.001162652
0.999999940 0.000185471 0.000178327 -0.001109982 -0.000185442 0.999999940 -0.000157681 0.001545912 -0.000178356 0.000157648 1.000000000 0.000870817
0.999999821 0.000365591 0.000425039 -0.002302908 -0.000365549 0.999999940 -0.000097921 -0.006916884 -0.000425074 0.000097766 0.999999881 0.047295302
0.999999762 0.000456631 0.000493526 -0.002402034 -0.000456264 0.999999583 -0.000744193 -0.007947745 -0.000493866 0.000743968 0.999999583 0.137681752
0.999999881 0.000264020 0.000092400 0.000660763 -0.000263937 0.999999523 -0.000902528 -0.012015579 -0.000092638 0.000902503 0.999999583 0.251665980
0.999999940 0.000094683 -0.000002900 0.004744362 -0.000094686 0.999999702 -0.000792076 -0.015377711 0.000002825 0.000792077 0.999999702 0.380842000
0.999999821 0.000504188 0.000199955 0.004621816 -0.000504055 0.999999583 -0.000665402 -0.017639793 -0.000200290 0.000665302 0.999999762 0.525967658
1.000000000 0.000184503 0.000258228 0.008000202 -0.000184379 0.999999881 -0.000478968 -0.022995031 -0.000258316 0.000478920 0.999999881 0.678854108
0.999999881 0.000249563 0.000393175 0.012532687 -0.000249415 0.999999821 -0.000377113 -0.027729044 -0.000393269 0.000377016 0.999999881 0.841836929
0.999999940 0.000094320 0.000335328 0.015047830 -0.000094252 0.999999940 -0.000201385 -0.033599887 -0.000335347 0.000201354 0.999999881 1.008327842
0.999999762 0.000338741 0.000563392 0.018081235 -0.000338416 0.999999762 -0.000576997 -0.035881594 -0.000563587 0.000576806 0.999999702 1.180154920
0.999999881 0.000284195 0.000366556 0.023888089 -0.000284264 0.999999881 0.000187745 -0.043834988 -0.000366503 -0.000187849 0.999999940 1.365538836
0.999999762 0.000492766 0.000512266 0.028069723 -0.000492877 0.999999881 0.000216499 -0.047694314 -0.000512159 -0.000216751 0.999999881 1.557796121
0.999999881 0.000327903 0.000307303 0.034319509 -0.000327990 0.999999881 0.000285291 -0.053476177 -0.000307209 -0.000285392 0.999999940 1.754389167
0.999999940 0.000044540 0.000137126 0.038760994 -0.000044598 0.999999821 0.000422949 -0.060549907 -0.000137107 -0.000422955 0.999999881 1.950959444
0.999999881 -0.000408992 0.000135813 0.043773890 0.000408924 0.999999702 0.000501142 -0.068186238 -0.000136018 -0.000501086 0.999999821 2.157263279
0.999999940 0.000067514 0.000385818 0.044956617 -0.000067657 0.999999881 0.000371108 -0.071491733 -0.000385793 -0.000371134 0.999999881 2.373636007
0.999999881 0.000142453 0.000438354 0.051027827 -0.000142585 0.999999940 0.000299946 -0.077773727 -0.000438311 -0.000300008 0.999999881 2.593244791
0.999999821 0.000141789 0.000582528 0.051463272 -0.000142040 1.000000000 0.000431539 -0.087278917 -0.000582466 -0.000431622 0.999999762 2.818617821
0.999999762 0.000308532 0.000563944 0.056119304 -0.000308948 0.999999702 0.000737678 -0.093343392 -0.000563716 -0.000737852 0.999999642 3.056131601
0.999999464 0.000693953 0.000703402 0.063939616 -0.000694285 0.999999583 0.000472137 -0.103920385 -0.000703074 -0.000472625 0.999999642 3.298756838
0.999999821 0.000066915 0.000555513 0.068435602 -0.000067014 1.000000000 0.000177626 -0.105512097 -0.000555501 -0.000177663 0.999999821 3.551196337
0.999998510 0.001361294 0.000981185 0.072716646 -0.001362109 0.999998748 0.000830581 -0.119291425 -0.000980054 -0.000831917 0.999999106 3.804869413
0.999999106 0.000682901 0.001165245 0.076496385 -0.000683562 0.999999583 0.000566751 -0.122016981 -0.001164857 -0.000567547 0.999999166 4.072798729
0.999999523 0.000421521 0.000783442 0.093934253 -0.000422286 0.999999464 0.000976158 -0.131938726 -0.000783031 -0.000976488 0.999999225 4.310756207
0.999999464 0.000529142 0.000840718 0.096455842 -0.000530122 0.999999225 0.001165242 -0.142208442 -0.000840101 -0.001165687 0.999998927 4.563360691
0.999998927 0.001116476 0.000947758 0.100731164 -0.001117399 0.999998927 0.000973684 -0.146309212 -0.000946670 -0.000974742 0.999999046 4.828267574
0.999997854 0.001602752 0.001260892 0.107507788 -0.001604258 0.999997973 0.001194322 -0.150369123 -0.001258975 -0.001196342 0.999998510 5.092186928
0.999997079 0.002008957 0.001362227 0.110732943 -0.002010982 0.999996841 0.001486952 -0.167279243 -0.001359235 -0.001489687 0.999997973 5.342929840
0.999996781 0.001790152 0.001784997 0.108778358 -0.001792143 0.999997795 0.001114856 -0.168160051 -0.001782997 -0.001118051 0.999997795 5.608772278
0.999997616 0.001459282 0.001634242 0.114720076 -0.001461033 0.999998331 0.001070732 -0.176724881 -0.001632677 -0.001073117 0.999998033 5.872396469
0.999997497 0.001448585 0.001680490 0.123531364 -0.001450560 0.999998212 0.001174392 -0.191542640 -0.001678785 -0.001176827 0.999997914 6.153347492
0.999997139 0.001789218 0.001600688 0.132471487 -0.001791017 0.999997795 0.001122708 -0.192809045 -0.001598676 -0.001125571 0.999998093 6.442913532
0.999997675 0.001536596 0.001507433 0.135759056 -0.001538354 0.999998152 0.001166009 -0.203304574 -0.001505639 -0.001168325 0.999998152 6.729753494
0.999996960 0.001853891 0.001622545 0.140961751 -0.001855602 0.999997735 0.001053919 -0.209224850 -0.001620588 -0.001056927 0.999998152 7.038399696
0.999993920 0.003113136 0.001573496 0.160004184 -0.003115098 0.999994397 0.001245591 -0.227140993 -0.001569609 -0.001250485 0.999997973 7.329963684
0.999993742 0.003067472 0.001732252 0.164893568 -0.003069883 0.999994338 0.001390898 -0.239406675 -0.001727976 -0.001396207 0.999997497 7.632869244
0.999994874 0.002585243 0.001886954 0.159537211 -0.002587715 0.999995768 0.001309012 -0.233270034 -0.001883562 -0.001313888 0.999997377 7.946971893
0.999994934 0.002532245 0.001897586 0.166705653 -0.002534147 0.999996305 0.001000392 -0.242508784 -0.001895046 -0.001005196 0.999997675 8.281020164
0.999993503 0.002925706 0.002095604 0.172503546 -0.002926731 0.999995649 0.000486286 -0.248486757 -0.002094172 -0.000492417 0.999997616 8.611302376
0.999992967 0.002905086 0.002335590 0.177833825 -0.002907282 0.999995351 0.000937291 -0.259286880 -0.002332856 -0.000944074 0.999996841 8.936895370
0.999996483 0.002194199 0.001469479 0.191542387 -0.002195295 0.999997258 0.000744596 -0.266342729 -0.001467842 -0.000747819 0.999998629 9.297146797
0.999992490 0.003273922 0.002083646 0.201442122 -0.003276106 0.999994099 0.001045270 -0.284412563 -0.002080211 -0.001052088 0.999997258 9.613677025
0.999992669 0.003297313 0.001967465 0.207908466 -0.003300028 0.999993682 0.001378037 -0.295233369 -0.001962908 -0.001384519 0.999997079 9.969475746
0.999996901 0.001562509 0.001925111 0.212015912 -0.001564096 0.999998450 0.000822953 -0.294921726 -0.001923822 -0.000825962 0.999997795 10.319284439
0.999996006 0.001917300 0.002066833 0.219636351 -0.001919733 0.999997497 0.001176012 -0.306318462 -0.002064573 -0.001179975 0.999997199 10.685226440
0.999997020 0.001575435 0.001855372 0.224979550 -0.001578554 0.999997437 0.001680956 -0.324409813 -0.001852719 -0.001683880 0.999996781 11.035356522
0.999996305 0.001666317 0.002146696 0.232161790 -0.001669749 0.999997318 0.001597530 -0.332119375 -0.002144028 -0.001601108 0.999996364 11.416741371
0.999994159 0.002382009 0.002497579 0.233301148 -0.002387238 0.999994874 0.002092586 -0.356744677 -0.002492581 -0.002098535 0.999994695 11.785840988
0.999992788 0.002738643 0.002603306 0.242060006 -0.002743474 0.999994457 0.001853792 -0.365570873 -0.002598214 -0.001860921 0.999994874 12.166554451
0.999992013 0.002994696 0.002640109 0.253194273 -0.003000078 0.999993384 0.002036979 -0.380048096 -0.002633991 -0.002044884 0.999994457 12.552824020
0.999993563 0.002199507 0.002840799 0.261893094 -0.002206009 0.999994934 0.002287226 -0.386240870 -0.002835754 -0.002293478 0.999993324 12.956069946
0.999994338 0.002147022 0.002583890 0.276298285 -0.002151878 0.999996066 0.001877912 -0.393528581 -0.002579847 -0.001883462 0.999994874 13.371093750
0.999993980 0.002283730 0.002611810 0.284587622 -0.002289018 0.999995291 0.002023268 -0.405457050 -0.002607177 -0.002029235 0.999994516 13.768490791
0.999993324 0.002354640 0.002772048 0.292695552 -0.002360671 0.999994874 0.002174596 -0.419233471 -0.002766914 -0.002181126 0.999993801 14.176193237
0.999990702 0.002962345 0.003131091 0.300101608 -0.002967864 0.999993980 0.001759234 -0.430309564 -0.003125861 -0.001768510 0.999993563 14.591264725
0.999990523 0.002741098 0.003375556 0.307633817 -0.002747218 0.999994695 0.001809683 -0.439903259 -0.003370577 -0.001818939 0.999992669 15.022552490
0.999991536 0.002568322 0.003218624 0.326416284 -0.002574927 0.999994576 0.002049653 -0.455332071 -0.003213342 -0.002057924 0.999992669 15.449195862
0.999989986 0.002650995 0.003596770 0.338836074 -0.002658906 0.999993980 0.002196432 -0.466150075 -0.003590926 -0.002205973 0.999991119 15.883757591
0.999987781 0.003068211 0.003871274 0.350892872 -0.003077141 0.999992609 0.002302910 -0.479014456 -0.003864179 -0.002314794 0.999989867 16.321865082
0.999987960 0.002699143 0.004084201 0.359884232 -0.002708392 0.999993861 0.002260826 -0.493161082 -0.004078072 -0.002271861 0.999989152 16.759302139
0.999986529 0.002739612 0.004394163 0.366373897 -0.002750246 0.999993265 0.002415708 -0.507143080 -0.004387516 -0.002427760 0.999987423 17.226934433
0.999985874 0.002745282 0.004557291 0.377419949 -0.002756055 0.999993443 0.002359408 -0.517829061 -0.004550785 -0.002371935 0.999986827 17.684469223
0.999986053 0.002545253 0.004631289 0.390172482 -0.002554367 0.999994874 0.001963061 -0.528952301 -0.004626269 -0.001974864 0.999987304 18.153408051
0.999984205 0.002327363 0.005111581 0.402251154 -0.002340315 0.999994040 0.002529485 -0.544296026 -0.005105664 -0.002541408 0.999983728 18.606990814
0.999979496 0.003029104 0.005648683 0.415925711 -0.003042739 0.999992490 0.002406671 -0.553279519 -0.005641351 -0.002423810 0.999981165 19.109342575
0.999978781 0.003151173 0.005700215 0.421909988 -0.003165241 0.999991953 0.002460741 -0.571811438 -0.005692415 -0.002478731 0.999980688 19.569717407
0.999977231 0.003643133 0.005682117 0.433083534 -0.003660743 0.999988496 0.003091867 -0.588960886 -0.005670788 -0.003112598 0.999979079 20.054216385
0.999977410 0.003544026 0.005700074 0.445381045 -0.003560433 0.999989510 0.002870956 -0.597121954 -0.005689839 -0.002891186 0.999979615 20.554225922
0.999980628 0.003367602 0.005260649 0.457283139 -0.003380701 0.999991179 0.002483068 -0.606904685 -0.005252242 -0.002500805 0.999983072 21.051244736
0.999983668 0.003049042 0.004830331 0.456627727 -0.003060245 0.999992609 0.002313745 -0.602426171 -0.004823242 -0.002328489 0.999985635 21.639076233
0.999985516 0.003294664 0.004239543 0.481929779 -0.003303978 0.999992132 0.002191887 -0.634634733 -0.004232289 -0.002205863 0.999988556 22.088394165
0.999986172 0.003350282 0.004066439 0.475590944 -0.003358961 0.999992132 0.002129075 -0.624991238 -0.004059275 -0.002142704 0.999989450 22.682857513
0.999984980 0.004046600 0.003681884 0.502753973 -0.004056737 0.999987960 0.002750360 -0.670176506 -0.003670711 -0.002765256 0.999989450 23.128761292
0.999987543 0.003864544 0.003153374 0.517739415 -0.003872747 0.999989033 0.002599454 -0.685061812 -0.003143295 -0.002611633 0.999991655 23.654071808
0.999990761 0.003469888 0.002527597 0.529368699 -0.003476231 0.999990702 0.002509602 -0.700220466 -0.002518866 -0.002518365 0.999993682 24.187280655
0.999986112 0.004366978 0.002951624 0.515680313 -0.004374031 0.999987721 0.002387468 -0.711121261 -0.002941161 -0.002400346 0.999992788 24.773971558
0.999987423 0.004525666 0.002165230 0.527769506 -0.004531559 0.999985993 0.002724906 -0.723273516 -0.002152868 -0.002734684 0.999993920 25.320335388
0.999987185 0.004822608 0.001541441 0.538745344 -0.004827441 0.999983370 0.003147227 -0.739424586 -0.001526238 -0.003154628 0.999993801 25.859983444
0.999986529 0.005045278 0.001239063 0.546929419 -0.005048941 0.999982834 0.002972117 -0.756065726 -0.001224046 -0.002978333 0.999994755 26.422510147
0.999989152 0.004586703 0.000843574 0.556706131 -0.004589375 0.999984384 0.003193203 -0.767302275 -0.000828915 -0.003197040 0.999994516 26.979087830
0.999992669 0.003820707 0.000070108 0.576842666 -0.003820946 0.999985456 0.003813327 -0.800134182 -0.000055537 -0.003813567 0.999992728 27.548057556
0.999987006 0.005098416 0.000020417 0.588448107 -0.005098456 0.999982178 0.003148454 -0.811500609 -0.000004365 -0.003148517 0.999995053 28.095649719
0.999985993 0.005280888 0.000301254 0.592079580 -0.005281996 0.999978781 0.003804231 -0.824903786 -0.000281158 -0.003805769 0.999992669 28.656272888
0.999983072 0.005776926 -0.000593445 0.614051998 -0.005774751 0.999976814 0.003601229 -0.837581635 0.000614235 -0.003597741 0.999993324 29.192287445
0.999983132 0.005776231 -0.000809672 0.622878194 -0.005773458 0.999977589 0.003385613 -0.848108113 0.000829211 -0.003380880 0.999993920 29.731334686
0.999983668 0.005631836 -0.000971982 0.625948429 -0.005628463 0.999978244 0.003437777 -0.860613048 0.000991321 -0.003432249 0.999993622 30.273473740
0.999984264 0.005477268 -0.001164276 0.636670113 -0.005473319 0.999979317 0.003367719 -0.875827789 0.001182698 -0.003361294 0.999993563 30.809988022
0.999981225 0.006012292 -0.001145723 0.650655985 -0.006007965 0.999974966 0.003743362 -0.898468971 0.001168201 -0.003736409 0.999992311 31.331264496
0.999979496 0.006232499 -0.001466599 0.658537269 -0.006227399 0.999974608 0.003456464 -0.903557897 0.001488104 -0.003447259 0.999992967 31.898315430
0.999978721 0.006334464 -0.001537515 0.671385109 -0.006328699 0.999973059 0.003725188 -0.920398355 0.001561070 -0.003715379 0.999991894 32.453105927
0.999979258 0.006212665 -0.001685123 0.682123840 -0.006206397 0.999973893 0.003698866 -0.934893370 0.001708059 -0.003688331 0.999991715 32.999084473
0.999974132 0.007032320 -0.001521985 0.686434448 -0.007026604 0.999968350 0.003729341 -0.953319192 0.001548163 -0.003718550 0.999991894 33.540222168
0.999976575 0.006584028 -0.001825714 0.697279155 -0.006576696 0.999970376 0.003993152 -0.968697727 0.001851951 -0.003981052 0.999990344 34.121986389
0.999976397 0.006503026 -0.002200814 0.721819699 -0.006494113 0.999970734 0.004033349 -0.979997635 0.002226979 -0.004018962 0.999989450 34.632133484
0.999980390 0.005875243 -0.002167455 0.706038833 -0.005865424 0.999972641 0.004509361 -0.998953402 0.002193889 -0.004496560 0.999987483 35.227828979
0.999981403 0.005656874 -0.002250326 0.718859494 -0.005646946 0.999974430 0.004394282 -1.011126518 0.002275127 -0.004381494 0.999987781 35.768993378
0.999979973 0.005711929 -0.002728242 0.732830048 -0.005701419 0.999976397 0.003844894 -1.015794039 0.002750139 -0.003829262 0.999988914 36.307624817
0.999981582 0.005501264 -0.002556278 0.732713461 -0.005490732 0.999976456 0.004109145 -1.035061359 0.002578823 -0.004095033 0.999988258 36.841026306
0.999972880 0.006745855 -0.002946781 0.771850109 -0.006736842 0.999972641 0.003057785 -1.019779325 0.002967328 -0.003037850 0.999990940 37.418693542
0.999973953 0.006367891 -0.003435190 0.766513288 -0.006355561 0.999973357 0.003588489 -1.064818263 0.003457949 -0.003566563 0.999987662 37.935550690
0.999975264 0.006006490 -0.003675972 0.775580943 -0.005992381 0.999974728 0.003836931 -1.080141425 0.003698924 -0.003814808 0.999985874 38.481803894
0.999972224 0.006274528 -0.004025103 0.790237784 -0.006259468 0.999973416 0.003743297 -1.088455796 0.004048483 -0.003717998 0.999984920 39.025104523
0.999970078 0.006329310 -0.004450712 0.816912055 -0.006315181 0.999975026 0.003181509 -1.109310746 0.004470737 -0.003153307 0.999985039 39.572807312
0.999972522 0.006043413 -0.004294835 0.826754451 -0.006029285 0.999976397 0.003294465 -1.122166753 0.004314642 -0.003268480 0.999985337 40.121337891
0.999968171 0.006623743 -0.004441573 0.835867226 -0.006609533 0.999973118 0.003206074 -1.136096120 0.004462689 -0.003176617 0.999984980 40.647304535
0.999969840 0.006423504 -0.004359231 0.844921589 -0.006409443 0.999974251 0.003231964 -1.145828009 0.004379879 -0.003203927 0.999985278 41.205821991
0.999969006 0.006577916 -0.004319198 0.845178843 -0.006562766 0.999972284 0.003512618 -1.158424973 0.004342183 -0.003484163 0.999984503 41.699100494
0.999965489 0.006995352 -0.004473256 0.863546968 -0.006984158 0.999972463 0.002513121 -1.167766809 0.004490713 -0.002481793 0.999986827 42.286804199
0.999969542 0.006559183 -0.004215749 0.864257455 -0.006545572 0.999973357 0.003234343 -1.189209342 0.004236852 -0.003206650 0.999985874 42.769161224
0.999968648 0.006726609 -0.004183120 0.868614197 -0.006713396 0.999972463 0.003164903 -1.200923681 0.004204295 -0.003136721 0.999986231 43.321628571
0.999968648 0.006650351 -0.004299053 0.883694291 -0.006637364 0.999973357 0.003028351 -1.220904708 0.004319079 -0.002999721 0.999986172 43.842552185
0.999966800 0.006762420 -0.004555562 0.889707744 -0.006750522 0.999973714 0.002622339 -1.231561422 0.004573175 -0.002591499 0.999986172 44.394744873
0.999968350 0.006877799 -0.003990523 0.898743868 -0.006865334 0.999971449 0.003128964 -1.249803185 0.004011930 -0.003101469 0.999987125 44.900054932
0.999967635 0.007091588 -0.003796988 0.907072902 -0.007081409 0.999971271 0.002687547 -1.261161566 0.003815938 -0.002660572 0.999989212 45.448719025
0.999963462 0.007592175 -0.003911845 0.915496469 -0.007581596 0.999967575 0.002712348 -1.272701144 0.003932311 -0.002682591 0.999988675 46.005413055
0.999964416 0.007741726 -0.003334828 0.924728870 -0.007734005 0.999967396 0.002322301 -1.290726662 0.003352699 -0.002296426 0.999991715 46.543170929
0.999959648 0.008200778 -0.003666406 0.946094513 -0.008192674 0.999963939 0.002219635 -1.278266072 0.003684477 -0.002189508 0.999990761 47.115921021
0.999967337 0.007166060 -0.003745110 0.938340962 -0.007153586 0.999968886 0.003334191 -1.331632018 0.003768887 -0.003307290 0.999987483 47.622222900
0.999965549 0.007637771 -0.003238291 0.954825580 -0.007628580 0.999966800 0.002840869 -1.343742132 0.003259880 -0.002816067 0.999990702 48.158084869
0.999961913 0.008190627 -0.003006387 0.963959277 -0.008183388 0.999963582 0.002412415 -1.350522041 0.003026036 -0.002387721 0.999992549 48.715709686
0.999964118 0.007801624 -0.003291056 0.973176718 -0.007791592 0.999964952 0.003050279 -1.369486094 0.003314738 -0.003024527 0.999989927 49.262973785
0.999957263 0.008809055 -0.002808498 0.981078625 -0.008804161 0.999959648 0.001750495 -1.372996449 0.002823804 -0.001725694 0.999994516 49.796394348
0.999957144 0.008787102 -0.002887961 0.985746861 -0.008782688 0.999960244 0.001537646 -1.381231785 0.002901358 -0.001512216 0.999994576 50.335189819
0.999957681 0.008620198 -0.003218439 0.994447947 -0.008615149 0.999961674 0.001579497 -1.397175670 0.003231931 -0.001551702 0.999993503 50.865001678
0.999956667 0.008816998 -0.002983885 1.009612203 -0.008812926 0.999960244 0.001375059 -1.412382126 0.002995890 -0.001348703 0.999994576 51.406814575
0.999954641 0.008914753 -0.003347283 1.020620823 -0.008910037 0.999959230 0.001421368 -1.425053477 0.003359817 -0.001391479 0.999993384 51.950962067
0.999953330 0.009236677 -0.002811273 1.027091265 -0.009232671 0.999956369 0.001434370 -1.442745447 0.002824400 -0.001408347 0.999994993 52.493377686
0.999955118 0.009034869 -0.002825003 1.035477996 -0.009030391 0.999957919 0.001593470 -1.458208680 0.002839281 -0.001567889 0.999994755 53.037620544
0.999960244 0.008561680 -0.002499903 1.045067787 -0.008558394 0.999962449 0.001322352 -1.475125313 0.002511131 -0.001300904 0.999996006 53.583103180
0.999951005 0.009622993 -0.002316715 1.049156904 -0.009621045 0.999953330 0.000850809 -1.483963966 0.002324794 -0.000828478 0.999996960 54.120193481
0.999949574 0.009798656 -0.002240644 1.054345489 -0.009796608 0.999951541 0.000924126 -1.497626781 0.002249591 -0.000902129 0.999997079 54.645473480
0.999950171 0.009688622 -0.002395996 1.062933445 -0.009686329 0.999952555 0.000967091 -1.512567401 0.002405252 -0.000943834 0.999996662 55.198036194
0.999949694 0.009799938 -0.002137367 1.068868637 -0.009798499 0.999951780 0.000681834 -1.524787903 0.002143946 -0.000660857 0.999997497 55.718868256
0.999950349 0.009736806 -0.002114279 1.076147318 -0.009735319 0.999952376 0.000713464 -1.538850188 0.002121126 -0.000692846 0.999997437 56.248901367
0.999947667 0.010051735 -0.001900955 1.082471609 -0.010050790 0.999949455 0.000504884 -1.552569866 0.001905934 -0.000485751 0.999998093 56.786693573
0.999944687 0.010368127 -0.001724172 1.090319633 -0.010367219 0.999946117 0.000534106 -1.564754844 0.001729617 -0.000516202 0.999998391 57.322345734
0.999943614 0.010435854 -0.001944648 1.097688079 -0.010434760 0.999945343 0.000572975 -1.580154300 0.001950523 -0.000552651 0.999997973 57.852764130
0.999943793 0.010520874 -0.001296752 1.107667565 -0.010520663 0.999944568 0.000170101 -1.592023969 0.001298469 -0.000156449 0.999999166 58.385124207
0.999944806 0.010457096 -0.001131109 1.114901900 -0.010456950 0.999945343 0.000135232 -1.604529619 0.001132461 -0.000123397 0.999999344 58.907508850
0.999944448 0.010509102 -0.000789747 1.121631980 -0.010509065 0.999944806 0.000049814 -1.621053338 0.000790227 -0.000041512 0.999999702 59.439521790
0.999944746 0.010463976 -0.000979775 1.132782817 -0.010464130 0.999945223 -0.000151764 -1.635903001 0.000978134 0.000162008 0.999999464 59.968353271
0.999944866 0.010452546 -0.000978293 1.146218419 -0.010452430 0.999945343 0.000124048 -1.653108120 0.000979536 -0.000113816 0.999999523 60.495555878
0.999948800 0.010057039 -0.001068571 1.156526685 -0.010057195 0.999949336 -0.000139682 -1.665959239 0.001067111 0.000150421 0.999999344 61.026893616
0.999947488 0.010213510 -0.000763309 1.168358684 -0.010213404 0.999947846 0.000141700 -1.678382158 0.000764716 -0.000133897 0.999999702 61.554710388
0.999945819 0.010375142 -0.000849821 1.177249908 -0.010375225 0.999946177 -0.000092182 -1.693181753 0.000848818 0.000100994 0.999999583 62.086616516
0.999939203 0.011011515 -0.000525367 1.189431429 -0.011011666 0.999939322 -0.000289524 -1.710353136 0.000522147 0.000295292 0.999999821 62.610359192
0.999934971 0.011398913 -0.000267176 1.196044683 -0.011398971 0.999935031 -0.000215775 -1.724515796 0.000264699 0.000218807 0.999999940 63.143020630
0.999935329 0.011382547 -0.000166849 1.206179380 -0.011382621 0.999935091 -0.000442998 -1.740329862 0.000161795 0.000444868 0.999999881 63.671520233
0.999938369 0.011103023 -0.000193585 1.216589093 -0.011103067 0.999938309 -0.000228806 -1.756704926 0.000191033 0.000230941 0.999999940 64.207817078
0.999934852 0.011415730 0.000042102 1.221059799 -0.011415733 0.999934852 0.000049203 -1.772096276 -0.000041538 -0.000049680 1.000000000 64.739341736
0.999938488 0.011089127 0.000185796 1.230024338 -0.011089101 0.999938428 -0.000141704 -1.786210775 -0.000187356 0.000139635 1.000000000 65.265129089
0.999936342 0.011293114 0.000124625 1.243078709 -0.011293110 0.999936223 -0.000065382 -1.802661419 -0.000125356 0.000063970 0.999999940 65.800094604
0.999933362 0.011537777 0.000308882 1.249650002 -0.011537663 0.999933302 -0.000367120 -1.816853762 -0.000313097 0.000363532 0.999999881 66.340309143
0.999927878 0.011999506 0.000397578 1.261688471 -0.011999226 0.999927700 -0.000697405 -1.832870007 -0.000405917 0.000692584 0.999999642 66.879722595
0.999929726 0.011847341 0.000352394 1.275397539 -0.011847148 0.999929667 -0.000541944 -1.847973347 -0.000358790 0.000537732 0.999999702 67.415664673
0.999921918 0.012453928 0.001009278 1.279584765 -0.012453576 0.999922335 -0.000352744 -1.869048834 -0.001013593 0.000340147 0.999999344 67.951721191
0.999932706 0.011594527 0.000410444 1.295490980 -0.011594227 0.999932647 -0.000726494 -1.880193710 -0.000418840 0.000721686 0.999999642 68.473777771
0.999938905 0.011025882 0.000702919 1.303733230 -0.011026273 0.999939144 0.000554686 -1.904761195 -0.000696760 -0.000562402 0.999999583 69.014961243
0.999927163 0.012047955 0.000618127 1.312735915 -0.012047382 0.999926984 -0.000917688 -1.911376953 -0.000629138 0.000910174 0.999999404 69.545471191
0.999922335 0.012438815 0.000774015 1.320483565 -0.012437677 0.999921560 -0.001457530 -1.925246835 -0.000792084 0.001447790 0.999998689 70.098670959
0.999916494 0.012903078 0.000585023 1.332220197 -0.012902359 0.999915957 -0.001214606 -1.944063783 -0.000600646 0.001206957 0.999999106 70.651573181
0.999933481 0.011507574 0.000923252 1.349137664 -0.011506485 0.999933124 -0.001175445 -1.956946731 -0.000936717 0.001164743 0.999998868 71.171943665
0.999939322 0.010995346 0.000567989 1.365401626 -0.010994852 0.999939203 -0.000868820 -1.977633119 -0.000577508 0.000862522 0.999999464 71.706695557
0.999935091 0.011378466 0.000568451 1.376306653 -0.011377815 0.999934554 -0.001133537 -1.993990898 -0.000581312 0.001126995 0.999999166 72.252716064
0.999931157 0.011712573 0.000582627 1.387614489 -0.011711870 0.999930620 -0.001192279 -2.008690357 -0.000596551 0.001185373 0.999999106 72.786422729
0.999930859 0.011747729 0.000557022 1.397016764 -0.011747087 0.999930322 -0.001142171 -2.026695251 -0.000570402 0.001135548 0.999999166 73.330604553
0.999928772 0.011911343 0.000648600 1.410968781 -0.011910349 0.999927938 -0.001518860 -2.040289640 -0.000666645 0.001511027 0.999998569 73.873489380
0.999927819 0.011996588 0.000573622 1.423823953 -0.011996096 0.999927700 -0.000853515 -2.060438156 -0.000583820 0.000846572 0.999999464 74.412040710
0.999924898 0.012237212 0.000689089 1.433985710 -0.012236673 0.999924839 -0.000780482 -2.079854012 -0.000698588 0.000771991 0.999999464 74.954704285
0.999922574 0.012430997 0.000574968 1.449689269 -0.012430327 0.999922037 -0.001156244 -2.096111774 -0.000589296 0.001149007 0.999999166 75.493354797
0.999919355 0.012674716 0.000677257 1.458930492 -0.012673868 0.999919057 -0.001241093 -2.113126516 -0.000692931 0.001232410 0.999998987 76.025207520
0.999921799 0.012494422 0.000544942 1.471387267 -0.012493687 0.999921083 -0.001333844 -2.133200407 -0.000561565 0.001326931 0.999998927 76.563667297
0.999922216 0.012468083 0.000398301 1.484299541 -0.012467524 0.999921262 -0.001379280 -2.149437428 -0.000415466 0.001374207 0.999998987 77.099143982
0.999919832 0.012657505 0.000326270 1.492663503 -0.012657311 0.999919713 -0.000588966 -2.171207905 -0.000333699 0.000584789 0.999999762 77.627639771
0.999920845 0.012563083 0.000627939 1.500177860 -0.012562457 0.999920547 -0.000991243 -2.188650608 -0.000640342 0.000983276 0.999999225 78.164054871
0.999922156 0.012448726 0.000796422 1.508003473 -0.012447963 0.999921978 -0.000956048 -2.206605196 -0.000808261 0.000946060 0.999999225 78.706199646
0.999920845 0.012565240 0.000845834 1.521674514 -0.012564477 0.999920666 -0.000901681 -2.226882219 -0.000857097 0.000890982 0.999999225 79.254409790
0.999925017 0.012225524 0.000713476 1.535148025 -0.012224847 0.999924839 -0.000946494 -2.247979164 -0.000724994 0.000937701 0.999999285 79.787124634
0.999919474 0.012525615 0.002046640 1.546024680 -0.012524866 0.999921501 -0.000377749 -2.269410372 -0.002051210 0.000352084 0.999997854 80.341835022
0.999914289 0.012645600 0.003394053 1.554461837 -0.012643187 0.999919772 -0.000731287 -2.285094023 -0.003403028 0.000688312 0.999993920 80.892883301
0.999919653 0.011951073 0.004228701 1.572790146 -0.011946914 0.999928057 -0.001007776 -2.300921679 -0.004240441 0.000957175 0.999990523 81.436149597
0.999914825 0.011903809 0.005348042 1.583467126 -0.011899157 0.999928772 -0.000901052 -2.317562580 -0.005358387 0.000837337 0.999985278 81.980529785
0.999891996 0.011881055 0.008641043 1.603904486 -0.011870170 0.999928653 -0.001309693 -2.337342024 -0.008655986 0.001206981 0.999961793 82.535919189
0.999847353 0.012214926 0.012492362 1.620405197 -0.012200476 0.999924839 -0.001232299 -2.351905584 -0.012506474 0.001079698 0.999921203 83.082756042
0.999808431 0.011828402 0.015591273 1.647155404 -0.011808903 0.999929368 -0.001342172 -2.371839523 -0.015606047 0.001157800 0.999877572 83.633758545
0.999723792 0.012197136 0.020088717 1.669568777 -0.012174023 0.999925077 -0.001272298 -2.391313553 -0.020102730 0.001027386 0.999797404 84.197715759
0.999588847 0.012467226 0.025821548 1.701455355 -0.012436752 0.999921739 -0.001340479 -2.407264709 -0.025836239 0.001018791 0.999665678 84.747024536
0.999409020 0.012226482 0.032127317 1.733698487 -0.012177010 0.999924302 -0.001735130 -2.418845177 -0.032146100 0.001342889 0.999482274 85.301841736
0.999202967 0.012058238 0.038052801 1.771368265 -0.011991184 0.999926150 -0.001989829 -2.435620308 -0.038073976 0.001531945 0.999273777 85.848228455
0.998868704 0.011870112 0.046046868 1.815554857 -0.011792666 0.999928534 -0.001953202 -2.452193260 -0.046066757 0.001407977 0.998937368 86.414321899
0.998436570 0.011727428 0.054652426 1.860670805 -0.011602229 0.999929249 -0.002607539 -2.471001625 -0.054679148 0.001969372 0.998502016 86.968917847
0.998032570 0.010923388 0.061738729 1.916969299 -0.010781007 0.999938428 -0.002638895 -2.486701250 -0.061763763 0.001968097 0.998088777 87.528709412
0.997418702 0.011370697 0.070897721 1.974273205 -0.011198347 0.999933302 -0.002827969 -2.502051353 -0.070925154 0.002026732 0.997479498 88.100242615
0.996644139 0.011237615 0.081080921 2.041020393 -0.011017985 0.999934316 -0.003155693 -2.524477959 -0.081111066 0.002251755 0.996702492 88.655578613
0.995895326 0.010589821 0.089889392 2.109513760 -0.010308940 0.999940395 -0.003588448 -2.534303904 -0.089922026 0.002647054 0.995945334 89.203903198
0.995191395 0.010456172 0.097389840 2.179325104 -0.010166290 0.999942243 -0.003472304 -2.551054478 -0.097420521 0.002465514 0.995240271 89.829803467
0.994119406 0.010463444 0.107782185 2.258153915 -0.010105312 0.999941468 -0.003868406 -2.565289259 -0.107816353 0.002756485 0.994167030 90.322174072
0.992995441 0.010153854 0.117715746 2.357812881 -0.009782135 0.999945164 -0.003735120 -2.592387438 -0.117747232 0.002557446 0.993040323 90.892478943
0.991896391 0.008796973 0.126744002 2.440529823 -0.008326555 0.999956369 -0.004240893 -2.615125418 -0.126775756 0.003151187 0.991926372 91.413215637
0.990347683 0.008860324 0.138320953 2.534127235 -0.008335087 0.999955714 -0.004376017 -2.632067204 -0.138353586 0.003180862 0.990377784 91.949264526
0.988594770 0.008826956 0.150341272 2.623615265 -0.008354486 0.999957979 -0.003773975 -2.680227757 -0.150368273 0.002474908 0.988626957 92.340583801
0.986875832 0.008139304 0.161275655 2.741030693 -0.007551881 0.999962449 -0.004255003 -2.675647497 -0.161304235 0.002981225 0.986900151 92.996070862
0.985037625 0.007493569 0.172176465 2.890770912 -0.006637298 0.999962568 -0.005548388 -2.678271055 -0.172211632 0.004322584 0.985050499 93.788574219
0.982632697 0.007714469 0.185400933 3.008334160 -0.006757428 0.999960423 -0.005793356 -2.696088076 -0.185438275 0.004439907 0.982645988 94.323135376
0.980352223 0.006985518 0.197131291 3.146751404 -0.005961298 0.999965489 -0.005788559 -2.710884094 -0.197164923 0.004499668 0.980360031 94.846176147
0.978178859 0.006742090 0.207654953 3.276004791 -0.005684929 0.999967694 -0.005687293 -2.730317116 -0.207686588 0.004382687 0.978185594 95.383750916
0.975368559 0.006185954 0.220494926 3.419759750 -0.005039090 0.999970734 -0.005763419 -2.750583410 -0.220524132 0.004510364 0.975371122 95.900825500
0.972360492 0.005324408 0.233423933 3.582849503 -0.003949526 0.999971986 -0.006357082 -2.753436565 -0.233451262 0.005259460 0.972354293 96.428489685
0.969479680 0.005390674 0.245112360 3.719470978 -0.003990812 0.999972820 -0.006207425 -2.778193712 -0.245139167 0.005039775 0.969474852 96.984436035
0.966936290 0.004456758 0.254979104 3.908477783 -0.002893139 0.999974668 -0.006507062 -2.786129475 -0.255001605 0.005554223 0.966924787 97.452438354
0.963225543 0.004819868 0.268651187 4.075260162 -0.003310785 0.999976218 -0.006070029 -2.805686235 -0.268674046 0.004957361 0.963218391 97.970306396
0.959913552 0.003354426 0.280276418 4.251565933 -0.001768354 0.999980867 -0.005911646 -2.844103336 -0.280290931 0.005179040 0.959901154 98.451118469
0.956173778 0.004457339 0.292765856 4.449697495 -0.002856641 0.999978542 -0.005894812 -2.864727497 -0.292785794 0.004800139 0.956165969 99.024772644
0.952339232 0.002754624 0.305028558 4.684087753 -0.000768307 0.999977708 -0.006631752 -2.854187012 -0.305040002 0.006081321 0.952320099 99.636962891
0.947444975 0.003357941 0.319900900 4.835933685 -0.001407111 0.999978960 -0.006329179 -2.892585516 -0.319915444 0.005546413 0.947429836 100.000793457
0.943561554 0.002727418 0.331185639 5.042020798 -0.000671282 0.999979854 -0.006322638 -2.910139561 -0.331196219 0.005743480 0.943544388 100.515220642
0.938983619 0.002910457 0.343949437 5.257650375 -0.001008041 0.999983191 -0.005709776 -2.948576212 -0.343960255 0.005014671 0.938970804 100.958312988
0.933598101 0.002207716 0.358315378 5.473600388 0.000084623 0.999979615 -0.006381738 -2.953241110 -0.358322203 0.005988299 0.933578789 101.512054443
0.929034650 0.001520242 0.369989365 5.706764221 0.000910738 0.999979079 -0.006395637 -2.968334675 -0.369991332 0.006278732 0.929014027 102.043609619
0.924144268 0.000759950 0.382042795 5.931684494 0.001980828 0.999975026 -0.006780660 -2.984511852 -0.382038444 0.007023069 0.924119830 102.516395569
0.918313980 0.000550505 0.395852238 6.165084839 0.002210181 0.999976218 -0.006517917 -3.015077591 -0.395846456 0.006860399 0.918291092 102.961685181
0.912646353 -0.000712922 0.408749670 6.404350281 0.003505318 0.999975383 -0.006082478 -3.017021656 -0.408735335 0.006983949 0.912626207 103.435585022
0.907564700 -0.000220418 0.419912308 6.649524689 0.003031656 0.999977231 -0.006027475 -3.038585186 -0.419901431 0.006743353 0.907544732 103.909500122
0.901964188 -0.000269610 0.431810766 6.982318878 0.003026846 0.999979198 -0.005698104 -3.094835281 -0.431800216 0.006446511 0.901946247 104.446708679
0.895386338 -0.000095391 0.445290029 7.252979279 0.002633331 0.999983609 -0.005080867 -3.140311956 -0.445282221 0.005721936 0.895371974 104.987609863
0.889483511 -0.000265518 0.456967175 7.526729584 0.003140092 0.999979794 -0.005531135 -3.127670050 -0.456956476 0.006354773 0.889466345 105.426826477
0.883958757 -0.000366658 0.467564821 7.808551788 0.003116632 0.999982119 -0.005108004 -3.160864353 -0.467554569 0.005972492 0.883944035 105.867584229
0.876255155 -0.001039876 0.481846333 8.090621948 0.003898270 0.999980271 -0.004931084 -3.188896179 -0.481831610 0.006199255 0.876241863 106.340385437
0.869073868 -0.001420534 0.494680256 8.376770020 0.004690984 0.999974608 -0.005369760 -3.204807043 -0.494660020 0.006987255 0.869058490 106.845588684
