1.000000000 0.000000000 0.000000000 0.000000000 0.000000000 1.000000000 0.000000000 0.000000000 0.000000000 0.000000000 1.000000000 0.000000000
0.999999940 -0.000323672 0.000046549 0.000276922 0.000323671 0.999999940 0.000012947 0.000294126 -0.000046554 -0.000012932 1.000000000 -0.000108411
1.000000000 -0.000099355 0.000126188 -0.000604880 0.000099330 1.000000000 0.000195236 -0.000527304 -0.000126208 -0.000195224 1.000000000 0.000285339
1.000000000 -0.000072355 0.000019130 0.000247319 0.000072353 1.000000000 0.000113088 0.000072504 -0.000019138 -0.000113087 1.000000000 0.000062684
1.000000000 -0.000026305 0.000064171 0.000227181 0.000026301 1.000000000 0.000057083 -0.000811182 -0.000064173 -0.000057081 1.000000000 -0.000702732
0.999999940 -0.000282227 0.000047890 0.000243728 0.000282227 0.999999940 -0.000007315 0.000171545 -0.000047888 0.000007329 1.000000000 -0.000849072
0.999999940 -0.000373121 0.000138716 -0.000808554 0.000373121 0.999999940 0.000005850 0.000031722 -0.000138718 -0.000005798 1.000000000 0.000504192
0.999999940 -0.000318587 0.000092295 0.000528532 0.000318571 0.999999940 0.000169100 -0.000641903 -0.000092348 -0.000169070 1.000000000 0.001283695
1.000000000 -0.000115319 0.000115304 -0.000010964 0.000115320 1.000000000 -0.000009836 0.000826842 -0.000115302 0.000009849 1.000000000 0.000937081
1.000000000 -0.000032620 0.000144881 -0.000716785 0.000032617 1.000000000 0.000022226 -0.000155237 -0.000144881 -0.000022221 1.000000000 -0.000523922
1.000000000 -0.000158477 0.000060963 0.001091300 0.000158476 1.000000000 0.000031277 0.000473342 -0.000060968 -0.000031267 1.000000000 -0.000767207
1.000000000 -0.000044034 -0.000032763 0.001154601 0.000044033 1.000000000 -0.000023329 -0.000239608 0.000032764 0.000023328 1.000000000 -0.002160625
1.000000000 0.000024093 0.000052000 0.000621541 -0.000024086 1.000000000 -0.000124689 0.001952360 -0.000052003 0.000124688 1.000000000 0.000794081
1.000000000 -0.000071852 0.000072730 -0.000535446 0.000071849 1.000000000 0.000034988 0.000593604 -0.000072732 -0.000034982 1.000000000 -0.000052228
1.000000000 0.000125890 0.000124989 -0.000751801 -0.000125873 1.000000000 -0.000136470 0.001255029 -0.000125006 0.000136454 1.000000000 -0.000066453
1.000000000 -0.000131792 0.000008783 0.000695081 0.000131791 1.000000000 0.000116553 0.000125473 -0.000008798 -0.000116551 1.000000000 -0.000045241
0.999999940 -0.000404716 0.000017901 0.000080587 0.000404714 0.999999881 0.000148470 -0.000333068 -0.000017961 -0.000148463 1.000000000 -0.000705845
0.999999940 -0.000308895 0.000019411 0.000294371 0.000308894 0.999999940 0.000071610 -0.000835107 -0.000019433 -0.000071604 1.000000000 -0.001695986
1.000000000 0.000061201 0.000113633 -0.000254548 -0.000061209 1.000000000 0.000076459 -0.000226748 -0.000113629 -0.000076466 1.000000000 -0.001211899
1.000000000 0.000237909 -0.000011420 -0.000178889 -0.000237907 0.999999940 0.000128638 -0.000161993 0.000011451 -0.000128635 1.000000000 -0.000416528
1.000000000 -0.000133592 -0.000036829 0.000676937 0.000133596 1.000000000 0.000126569 0.000163106 0.000036812 -0.000126574 1.000000000 -0.000618710
1.000000000 0.000022120 0.000066791 -0.000350299 -0.000022128 1.000000000 0.000123061 -0.000305082 -0.000066788 -0.000123062 1.000000000 -0.000698915
1.000000000 -0.000130848 0.000031952 0.000406029 0.000130843 1.000000000 0.000144126 -0.000489282 -0.000031971 -0.000144122 1.000000000 -0.001502539
1.000000000 -0.000213430 0.000103232 0.000758243 0.000213430 1.000000000 -0.000001915 0.000907076 -0.000103232 0.000001937 1.000000000 0.000794220
1.000000000 0.000096145 0.000134875 0.000028797 -0.000096157 1.000000000 0.000084916 0.000407778 -0.000134867 -0.000084929 1.000000000 0.000602384
1.000000000 -0.000100936 0.000006995 0.001786653 0.000100935 1.000000000 0.000102911 0.000542153 -0.000007005 -0.000102910 1.000000000 -0.001271325
0.999999940 -0.000233811 0.000075961 0.000403181 0.000233809 1.000000000 0.000030350 0.000119569 -0.000075968 -0.000030332 1.000000000 -0.001926020
1.000000000 -0.000192977 0.000014986 -0.000190708 0.000192976 1.000000000 0.000079264 -0.000467861 -0.000015001 -0.000079261 1.000000000 -0.001946461
0.999999940 0.000227713 0.000181473 -0.001289270 -0.000227747 0.999999940 0.000187230 0.000152613 -0.000181430 -0.000187271 0.999999940 0.001191076
1.000000000 -0.000007465 -0.000002013 0.000406445 0.000007466 1.000000000 0.000161072 -0.000217311 0.000002012 -0.000161072 1.000000000 -0.000958113
0.999999940 -0.000239615 0.000202819 -0.000776068 0.000239612 1.000000000 0.000013376 0.000493257 -0.000202822 -0.000013327 1.000000000 -0.000189867
1.000000000 -0.000125383 0.000174197 -0.000853152 0.000125356 1.000000000 0.000158311 -0.000682140 -0.000174217 -0.000158289 1.000000000 -0.001048035
1.000000000 0.000001884 0.000088029 -0.000340145 -0.000001900 1.000000000 0.000183501 -0.001318315 -0.000088028 -0.000183501 1.000000000 -0.002047754
1.000000000 -0.000080768 0.000138471 -0.000296935 0.000080776 1.000000000 -0.000058733 0.000770463 -0.000138466 0.000058744 1.000000000 -0.001004950
1.000000000 -0.000145403 0.000111158 -0.000145532 0.000145401 1.000000000 0.000015621 0.000386071 -0.000111160 -0.000015605 1.000000000 -0.000640379
1.000000000 0.000093935 0.000088385 0.000162806 -0.000093949 1.000000000 0.000157075 0.000086586 -0.000088370 -0.000157084 1.000000000 -0.001027863
0.999999940 -0.000227305 0.000124334 0.000596936 0.000227308 1.000000000 -0.000029759 0.001704869 -0.000124328 0.000029787 1.000000000 -0.000139739
1.000000000 -0.000121999 0.000088268 -0.000363348 0.000121990 1.000000000 0.000093864 0.001042968 -0.000088280 -0.000093853 1.000000000 0.000988706
1.000000000 -0.000036204 0.000136042 -0.000450920 0.000036200 1.000000000 0.000024434 0.000869583 -0.000136043 -0.000024429 1.000000000 -0.000494218
1.000000000 0.000055775 0.000174093 -0.000948956 -0.000055776 1.000000000 0.000006452 0.000765453 -0.000174093 -0.000006462 1.000000000 -0.000285254
0.999999940 0.000009802 0.000321331 -0.000984389 -0.000009748 1.000000000 -0.000167733 0.001576674 -0.000321333 0.000167730 0.999999940 0.002300237
0.999996245 0.002462691 0.001217766 -0.012790956 -0.002460793 0.999995768 -0.001558047 0.003164815 -0.001221598 0.001555045 0.999998033 0.049870271
0.999996424 0.002497358 0.000999620 -0.010652699 -0.002495211 0.999994636 -0.002143793 0.001065513 -0.001004969 0.002141291 0.999997199 0.137879550
0.999995947 0.002621564 0.001028099 -0.010253210 -0.002619404 0.999994397 -0.002096256 -0.003802379 -0.001033589 0.002093555 0.999997258 0.252937227
0.999995828 0.002661097 0.001133334 -0.006701839 -0.002658481 0.999993801 -0.002303279 -0.007230114 -0.001139456 0.002300257 0.999996662 0.381618410
0.999995172 0.002860926 0.001259622 -0.004182076 -0.002857933 0.999993086 -0.002371695 -0.011384165 -0.001266399 0.002368083 0.999996364 0.517765582
0.999996245 0.002568700 0.000951999 0.000254007 -0.002566383 0.999993682 -0.002427474 -0.015264100 -0.000958229 0.002425021 0.999996603 0.671352208
0.999996185 0.002584327 0.000971019 0.002076659 -0.002582602 0.999995112 -0.001773857 -0.020359926 -0.000975598 0.001771342 0.999997973 0.841345072
0.999996603 0.002397338 0.001008203 0.004948918 -0.002395116 0.999994695 -0.002199111 -0.022658881 -0.001013470 0.002196688 0.999997079 1.013678074
0.999996483 0.002463520 0.000906355 0.009763855 -0.002462127 0.999995768 -0.001534825 -0.032762770 -0.000910132 0.001532588 0.999998331 1.183993578
0.999997318 0.002172204 0.000837341 0.015835224 -0.002171102 0.999996781 -0.001314724 -0.036836371 -0.000840194 0.001312902 0.999998808 1.374471784
0.999996185 0.002575874 0.001038495 0.018049581 -0.002574530 0.999995828 -0.001293240 -0.041572981 -0.001041822 0.001290561 0.999998629 1.565278292
0.999995053 0.002962809 0.001040826 0.020553445 -0.002961638 0.999994993 -0.001124634 -0.046610732 -0.001044153 0.001121546 0.999998748 1.767382503
0.999994814 0.003039670 0.000992164 0.024123508 -0.003038503 0.999994695 -0.001174936 -0.051227469 -0.000995730 0.001171915 0.999998808 1.968727827
0.999995947 0.002712488 0.000867716 0.030430095 -0.002711506 0.999995708 -0.001131553 -0.060243674 -0.000870782 0.001129195 0.999998987 2.179716587
0.999994159 0.003188312 0.001196272 0.031919785 -0.003187184 0.999994397 -0.000943227 -0.066474408 -0.001199273 0.000939409 0.999998868 2.396593809
0.999994993 0.002900562 0.001278602 0.038091660 -0.002899355 0.999995351 -0.000944680 -0.073103145 -0.001281336 0.000940968 0.999998748 2.622208834
0.999996424 0.002462953 0.001024659 0.044688232 -0.002461804 0.999996483 -0.001120122 -0.078877546 -0.001027414 0.001117595 0.999998808 2.855269670
0.999994040 0.003212396 0.001256013 0.046309873 -0.003210732 0.999993980 -0.001324786 -0.084538549 -0.001260261 0.001320746 0.999998331 3.088482141
0.999995887 0.002623851 0.001143794 0.050344035 -0.002622583 0.999995887 -0.001108955 -0.092139766 -0.001146699 0.001105951 0.999998748 3.333392859
0.999995828 0.002668520 0.001060508 0.058569573 -0.002667504 0.999996006 -0.000958260 -0.099917114 -0.001063061 0.000955427 0.999998927 3.577232599
0.999996543 0.002463338 0.000906455 0.062039740 -0.002462277 0.999996305 -0.001169135 -0.104630873 -0.000909331 0.001166899 0.999998868 3.830099344
0.999996126 0.002720519 0.000625919 0.069236882 -0.002719757 0.999995589 -0.001214304 -0.110901304 -0.000629220 0.001212597 0.999999046 4.100796223
0.999994874 0.003038439 0.001022039 0.071006387 -0.003037666 0.999995112 -0.000757591 -0.121965833 -0.001024336 0.000754483 0.999999166 4.357902050
0.999995112 0.002934787 0.001100841 0.077296518 -0.002933338 0.999994814 -0.001316032 -0.123425990 -0.001104698 0.001312796 0.999998569 4.616470337
0.999996662 0.002323473 0.001080352 0.082743645 -0.002322180 0.999996543 -0.001195815 -0.130141094 -0.001083127 0.001193302 0.999998689 4.879395008
0.999995708 0.002677814 0.001167222 0.088561535 -0.002677150 0.999996364 -0.000570039 -0.145634472 -0.001168744 0.000566912 0.999999166 5.128332615
0.999996245 0.002457673 0.001218611 0.095200293 -0.002456583 0.999996603 -0.000895112 -0.147752747 -0.001220807 0.000892115 0.999998927 5.391032219
0.999995232 0.002795733 0.001288457 0.098694980 -0.002795045 0.999995947 -0.000535285 -0.160595268 -0.001289948 0.000531682 0.999998987 5.661094666
0.999996424 0.002609385 0.000635187 0.102606043 -0.002609193 0.999996543 -0.000302986 -0.171644852 -0.000635976 0.000301328 0.999999762 5.922733784
0.999995530 0.002801595 0.001036332 0.113124676 -0.002801274 0.999996006 -0.000310247 -0.181252986 -0.001037197 0.000307343 0.999999404 6.206822395
0.999995351 0.002825275 0.001161541 0.117095053 -0.002824783 0.999995887 -0.000425212 -0.187450096 -0.001162737 0.000421929 0.999999225 6.483415127
0.999994814 0.003024699 0.001079693 0.125222221 -0.003024582 0.999995410 -0.000109510 -0.203986883 -0.001080019 0.000106244 0.999999344 6.776263714
0.999994636 0.002900823 0.001523417 0.131118983 -0.002900344 0.999995768 -0.000316330 -0.214645356 -0.001524329 0.000311910 0.999998808 7.069980621
0.999995768 0.002711426 0.001045423 0.141731888 -0.002711806 0.999996245 0.000362373 -0.227100983 -0.001044437 -0.000365207 0.999999404 7.372340679
0.999996006 0.002509886 0.001290425 0.145843968 -0.002509800 0.999996781 -0.000068415 -0.232746944 -0.001290593 0.000065176 0.999999106 7.686670303
0.999995291 0.002745913 0.001350462 0.153420284 -0.002746231 0.999996126 0.000233151 -0.244259834 -0.001349816 -0.000236859 0.999999046 8.000877380
0.999995828 0.002530666 0.001356968 0.159869388 -0.002531122 0.999996722 0.000335028 -0.254097492 -0.001356116 -0.000338461 0.999999046 8.324875832
0.999995351 0.002607007 0.001542359 0.165788978 -0.002607562 0.999996543 0.000358259 -0.265418053 -0.001541420 -0.000362279 0.999998689 8.647871971
0.999995530 0.002443694 0.001728172 0.170821041 -0.002444714 0.999996841 0.000588411 -0.275526583 -0.001726729 -0.000592633 0.999998331 8.990078926
0.999996126 0.002374933 0.001430423 0.178684771 -0.002375593 0.999997020 0.000459858 -0.283555061 -0.001429327 -0.000463254 0.999998868 9.329432487
0.999995470 0.002481346 0.001670750 0.185094327 -0.002481620 0.999996901 0.000162020 -0.290972710 -0.001670343 -0.000166166 0.999998510 9.679724693
0.999995887 0.002499941 0.001391827 0.194207639 -0.002500538 0.999996781 0.000427130 -0.304100603 -0.001390754 -0.000430609 0.999998927 10.028530121
0.999995470 0.002544669 0.001612021 0.201177329 -0.002545544 0.999996603 0.000541096 -0.316872656 -0.001610639 -0.000545197 0.999998569 10.385633469
0.999996305 0.002183642 0.001621405 0.207451418 -0.002184842 0.999997318 0.000738117 -0.327057958 -0.001619788 -0.000741657 0.999998391 10.752003670
0.999994159 0.003027943 0.001602687 0.216869995 -0.003029192 0.999995053 0.000777485 -0.337325603 -0.001600325 -0.000782335 0.999998391 11.121775627
0.999993980 0.002930284 0.001869250 0.223600730 -0.002931182 0.999995589 0.000477547 -0.347559899 -0.001867843 -0.000483023 0.999998152 11.500510216
0.999995112 0.002586199 0.001743294 0.234290093 -0.002588033 0.999996126 0.001050268 -0.360693872 -0.001740571 -0.001054775 0.999997914 11.880239487
0.999995768 0.002376276 0.001666374 0.242426962 -0.002377648 0.999996841 0.000821674 -0.371664137 -0.001664416 -0.000825633 0.999998271 12.269113541
0.999994695 0.002522642 0.002035185 0.251078308 -0.002524737 0.999996245 0.001027288 -0.383637756 -0.002032586 -0.001032421 0.999997377 12.658300400
0.999996185 0.002198340 0.001669114 0.260952890 -0.002200178 0.999996960 0.001099932 -0.392348766 -0.001666691 -0.001103600 0.999997973 13.055924416
0.999994099 0.002688331 0.002135330 0.267262667 -0.002690259 0.999995887 0.000900205 -0.403480768 -0.002132901 -0.000905944 0.999997258 13.459731102
0.999994397 0.002448346 0.002281105 0.276364744 -0.002449910 0.999996781 0.000683464 -0.413616300 -0.002279425 -0.000689048 0.999997139 13.867645264
0.999990404 0.003551990 0.002574104 0.279912800 -0.003553162 0.999993563 0.000451063 -0.420442492 -0.002572485 -0.000460205 0.999996543 14.291962624
0.999992728 0.002833056 0.002600516 0.294693828 -0.002833763 0.999995887 0.000268192 -0.432418942 -0.002599746 -0.000275559 0.999996603 14.717808723
0.999991417 0.002929589 0.002921807 0.304122448 -0.002931454 0.999995530 0.000634323 -0.447560608 -0.002919936 -0.000642883 0.999995470 15.158078194
0.999992192 0.002675383 0.002958339 0.316134006 -0.002675788 0.999996424 0.000132952 -0.458148777 -0.002957973 -0.000140866 0.999995589 15.598130226
0.999988198 0.003310828 0.003558672 0.324357390 -0.003312496 0.999994397 0.000462888 -0.473865092 -0.003557119 -0.000474671 0.999993503 16.042886734
0.999990106 0.002382200 0.003762130 0.335995197 -0.002386120 0.999996603 0.001037863 -0.489631623 -0.003759645 -0.001046830 0.999992311 16.496086121
0.999989748 0.002611023 0.003687332 0.344666272 -0.002613340 0.999996305 0.000623649 -0.502516091 -0.003685691 -0.000633278 0.999993026 16.967227936
0.999987006 0.002522616 0.004421563 0.351771474 -0.002529250 0.999995708 0.001495345 -0.520448506 -0.004417772 -0.001506509 0.999989092 17.431446075
0.999988198 0.002411417 0.004216764 0.364945203 -0.002418773 0.999995589 0.001740121 -0.534402251 -0.004212549 -0.001750300 0.999989510 17.896409988
0.999983907 0.002665760 0.005014566 0.373523474 -0.002674989 0.999994755 0.001834614 -0.547630787 -0.005009650 -0.001847998 0.999985695 18.371709824
0.999989390 0.001588559 0.004322914 0.392595619 -0.001596239 0.999997079 0.001773861 -0.559204042 -0.004320085 -0.001780743 0.999989033 18.872621536
0.999983847 0.002038164 0.005295652 0.407022655 -0.002046621 0.999996781 0.001592080 -0.551668048 -0.005292390 -0.001602893 0.999984682 19.359413147
0.999991596 0.001608292 0.003765237 0.424189419 -0.001615110 0.999997079 0.001808496 -0.583495557 -0.003762317 -0.001814562 0.999991238 19.864444733
0.999988377 0.002493905 0.004112624 0.431250542 -0.002503522 0.999994159 0.002334927 -0.601536214 -0.004106777 -0.002345196 0.999988735 20.351222992
0.999990463 0.002004088 0.003881593 0.446338028 -0.002013919 0.999994755 0.002530447 -0.617549300 -0.003876502 -0.002538240 0.999989271 20.849697113
0.999991536 0.002151923 0.003484434 0.461539090 -0.002160968 0.999994278 0.002594172 -0.635889173 -0.003478832 -0.002601680 0.999990523 21.336721420
0.999991834 0.002446978 0.003218419 0.465813607 -0.002453119 0.999995291 0.001905857 -0.630592048 -0.003213740 -0.001913736 0.999993026 21.867088318
0.999993980 0.002580789 0.002322849 0.481049091 -0.002589764 0.999989152 0.003868962 -0.664601803 -0.002312839 -0.003874955 0.999989808 22.358318329
0.999996126 0.001620882 0.002235971 0.493485779 -0.001625910 0.999996126 0.002248916 -0.661975145 -0.002232317 -0.002252543 0.999994993 22.890144348
0.999997556 0.001762834 0.001343080 0.502299309 -0.001765879 0.999995828 0.002269407 -0.676251352 -0.001339074 -0.002271773 0.999996543 23.405176163
0.999996364 0.001957951 0.001821603 0.501175284 -0.001961619 0.999996066 0.002014029 -0.689969718 -0.001817652 -0.002017595 0.999996305 23.920263290
0.999998331 0.001442325 0.001069055 0.512055159 -0.001444538 0.999996781 0.002071729 -0.709420860 -0.001066063 -0.002073270 0.999997258 24.457735062
0.999995708 0.002710509 0.001126341 0.514720142 -0.002713250 0.999993324 0.002438823 -0.719425917 -0.001119723 -0.002441869 0.999996364 24.996377945
0.999996364 0.002614647 0.000666651 0.515855074 -0.002616360 0.999993205 0.002581679 -0.746010363 -0.000659896 -0.002583414 0.999996364 25.520158768
0.999999106 0.001292416 -0.000209816 0.531529903 -0.001291824 0.999995232 0.002797476 -0.757316351 0.000213430 -0.002797203 0.999996066 26.073858261
0.999997914 0.001973659 -0.000485021 0.536781967 -0.001972577 0.999995589 0.002219348 -0.765288889 0.000489399 -0.002218387 0.999997437 26.630373001
0.999998033 0.001739103 -0.000918543 0.541285694 -0.001735131 0.999989212 0.004307678 -0.790585637 0.000926024 -0.004306076 0.999990225 27.158382416
0.999995828 0.002515132 -0.001362688 0.542494833 -0.002511001 0.999992192 0.003024168 -0.793826699 0.001370284 -0.003020734 0.999994516 27.718173981
0.999994695 -0.001198258 -0.003008171 0.572208107 0.001201427 0.999998689 0.001051878 -0.810720444 0.003006907 -0.001055487 0.999994934 28.253787994
0.999993742 0.002570325 -0.002441231 0.546559691 -0.002562625 0.999991715 0.003151976 -0.832484305 0.002449313 -0.003145700 0.999992073 28.737136841
0.999989569 0.004037249 -0.002135199 0.600306809 -0.004030641 0.999987125 0.003090284 -0.846949220 0.002147648 -0.003081645 0.999992967 29.346675873
0.999986351 0.003711682 -0.003670326 0.616328597 -0.003701591 0.999989390 0.002752060 -0.855027616 0.003680502 -0.002738436 0.999989390 29.883729935
0.999977052 0.006532810 -0.001766847 0.539352536 -0.006526522 0.999972403 0.003541531 -0.890163004 0.001789934 -0.003529919 0.999992192 30.303663254
0.999991655 0.003187997 -0.002543458 0.573981524 -0.003177065 0.999985874 0.004290311 -0.930746436 0.002557099 -0.004282195 0.999987543 30.874950409
0.999995351 0.003038982 -0.000315610 0.512924075 -0.003037534 0.999985278 0.004491221 -0.949810982 0.000329255 -0.004490241 0.999989867 31.350982666
0.999994695 0.003256784 -0.000278229 0.518041134 -0.003255525 0.999984980 0.004410086 -0.958697677 0.000292588 -0.004409156 0.999990225 31.902198792
0.999991059 0.001974849 -0.003743664 0.556106150 -0.001955598 0.999984860 0.005138972 -0.999217033 0.003753756 -0.005131605 0.999979794 32.562381744
0.999990821 0.002606329 -0.003392768 0.543743849 -0.002593293 0.999989212 0.003841204 -0.948717833 0.003402743 -0.003832370 0.999986887 33.079605103
0.999987066 0.004054064 -0.003062967 0.549313903 -0.004038474 0.999978960 0.005079017 -1.007261038 0.003083494 -0.005066582 0.999982417 33.611865997
0.999991119 0.003795154 -0.001796677 0.519267142 -0.003787635 0.999984145 0.004170113 -0.974769175 0.001812476 -0.004163271 0.999989688 34.095722198
0.999990582 0.003074516 -0.003065268 0.551759183 -0.003057548 0.999980092 0.005525033 -1.029817224 0.003082193 -0.005515608 0.999979973 34.649909973
0.999991834 0.001411852 -0.003823861 0.583944023 -0.001395716 0.999990046 0.004219235 -1.016368151 0.003829781 -0.004213863 0.999983788 35.231906891
0.999993145 0.001182446 -0.003509380 0.557144403 -0.001166822 0.999989331 0.004451127 -1.048999786 0.003514607 -0.004447001 0.999983907 35.723194122
0.999993503 0.002283717 -0.002790013 0.587455392 -0.002274912 0.999992371 0.003155227 -1.012375593 0.002797197 -0.003148859 0.999991059 36.281234741
0.999987483 0.003864228 -0.003219483 0.587243140 -0.003851043 0.999984205 0.004091604 -1.055397868 0.003235243 -0.004079154 0.999986470 36.847644806
0.999988675 0.003458157 -0.003267526 0.580461204 -0.003443533 0.999984086 0.004470597 -1.069070220 0.003282933 -0.004459294 0.999984682 37.412029266
0.999985337 0.003718947 -0.003934846 0.615524769 -0.003701102 0.999982834 0.004532776 -1.084158540 0.003951635 -0.004518146 0.999981999 37.952922821
0.999982893 0.004168923 -0.004099200 0.638535619 -0.004152163 0.999982953 0.004088448 -1.094378114 0.004116174 -0.004071358 0.999983251 38.485519409
0.999983430 0.003036462 -0.004884982 0.650373638 -0.003016562 0.999987125 0.004075886 -1.102187872 0.004897295 -0.004061083 0.999979734 39.047210693
0.999986827 0.003096150 -0.004123215 0.640839219 -0.003072780 0.999979198 0.005662531 -1.147268057 0.004140661 -0.005649786 0.999975443 39.578487396
0.999984264 0.004186790 -0.003731260 0.648411930 -0.004164687 0.999973834 0.005911610 -1.154015183 0.003755913 -0.005895977 0.999975562 40.122241974
0.999985695 0.003400292 -0.004135850 0.663229704 -0.003378953 0.999980986 0.005155526 -1.156075835 0.004153302 -0.005141478 0.999978125 40.673355103
0.999983251 0.004453564 -0.003700415 0.661720395 -0.004439318 0.999982715 0.003849276 -1.153685212 0.003717494 -0.003832784 0.999985754 41.236789703
0.999983251 0.004145864 -0.004032247 0.674891889 -0.004129300 0.999983013 0.004107790 -1.168920875 0.004049209 -0.004091071 0.999983430 41.769954681
0.999981701 0.003428698 -0.004983970 0.686473966 -0.003409237 0.999986529 0.003907946 -1.181382537 0.004997302 -0.003890883 0.999979973 42.317272186
0.999978423 0.005067810 -0.004175777 0.687225997 -0.005051417 0.999979496 0.003926894 -1.187392592 0.004195592 -0.003905716 0.999983549 42.868461609
0.999981344 0.004421037 -0.004201315 0.695409834 -0.004400478 0.999978364 0.004890014 -1.207501173 0.004222843 -0.004871435 0.999979198 43.408374786
0.999980807 0.005095729 -0.003510035 0.692522407 -0.005079662 0.999976635 0.004570710 -1.221291542 0.003533244 -0.004552793 0.999983370 43.967784882
0.999986172 0.003309256 -0.004068723 0.699579477 -0.003292930 0.999986470 0.004012810 -1.230056167 0.004081947 -0.003999357 0.999983609 44.490024567
0.999985576 0.003982247 -0.003605330 0.707323611 -0.003967580 0.999983847 0.004066220 -1.242391944 0.003621464 -0.004051856 0.999985218 45.038986206
0.999983549 0.004371971 -0.003719683 0.720825911 -0.004355704 0.999981105 0.004370005 -1.262585402 0.003738718 -0.004353732 0.999983549 45.592578888
0.999981761 0.003887561 -0.004621097 0.742907166 -0.003869471 0.999984860 0.003917133 -1.279625058 0.004636255 -0.003899180 0.999981642 46.151988983
0.999980271 0.004462205 -0.004418835 0.751545668 -0.004444370 0.999981999 0.004037899 -1.290760040 0.004436774 -0.004018181 0.999981999 46.705402374
0.999979734 0.004793403 -0.004177512 0.756602824 -0.004772270 0.999975860 0.005054471 -1.314278483 0.004201639 -0.005034433 0.999978483 47.251155853
0.999981880 0.003841538 -0.004637204 0.754433036 -0.003819531 0.999981463 0.004745508 -1.321328998 0.004655347 -0.004727710 0.999978006 47.788478851
0.999984860 0.003713094 -0.004066882 0.755223572 -0.003692477 0.999980330 0.005065312 -1.340817928 0.004085610 -0.005050218 0.999978900 48.324615479
0.999981225 0.004370627 -0.004295419 0.774084151 -0.004351802 0.999980927 0.004382172 -1.339789748 0.004314491 -0.004363397 0.999981165 48.884311676
0.999983132 0.004362469 -0.003841640 0.778418064 -0.004347419 0.999982893 0.003917117 -1.350804448 0.003858663 -0.003900350 0.999984860 49.431743622
0.999981165 0.005465177 -0.002790753 0.779114246 -0.005453653 0.999976635 0.004121013 -1.365637541 0.002813210 -0.004105716 0.999987602 49.963615417
0.999983132 0.004900896 -0.003110481 0.790347517 -0.004887909 0.999979377 0.004169470 -1.372398496 0.003130851 -0.004154196 0.999986470 50.510429382
0.999985576 0.003818911 -0.003779044 0.804110408 -0.003803852 0.999984741 0.003983800 -1.386770487 0.003794201 -0.003969368 0.999984920 51.036418915
0.999985933 0.004369727 -0.003009606 0.812592983 -0.004359026 0.999984205 0.003553127 -1.396244168 0.003025085 -0.003539958 0.999989152 51.581398010
0.999984384 0.004175120 -0.003709879 0.821198285 -0.004160497 0.999983609 0.003940624 -1.408346057 0.003726271 -0.003925128 0.999985337 52.111793518
0.999985516 0.004337220 -0.003178156 0.828078330 -0.004326531 0.999984920 0.003362314 -1.416241407 0.003192691 -0.003348515 0.999989212 52.648597717
0.999985695 0.004717615 -0.002520287 0.829869509 -0.004711907 0.999986351 0.002265615 -1.409116745 0.002530941 -0.002253707 0.999994278 53.183864594
0.999985993 0.004630230 -0.002570865 0.823188305 -0.004622147 0.999984384 0.003141647 -1.444522977 0.002585372 -0.003129720 0.999991775 53.685363770
0.999983728 0.005617907 -0.001011986 0.824574232 -0.005614507 0.999978662 0.003332344 -1.459249020 0.001030686 -0.003326608 0.999993920 54.213573456
0.999989510 0.004543452 -0.000599400 0.833464921 -0.004541554 0.999984920 0.003131370 -1.473340511 0.000613619 -0.003128615 0.999994934 54.738494873
0.999991834 0.003717176 -0.001581752 0.848821640 -0.003712246 0.999988258 0.003108680 -1.491485119 0.001593289 -0.003102783 0.999993920 55.271682739
0.999981701 0.006040907 0.000242317 0.835632682 -0.006041531 0.999978185 0.002666832 -1.492971778 -0.000226201 -0.002668248 0.999996424 55.800331116
0.999992430 0.003827363 -0.000721777 0.856357932 -0.003825658 0.999990046 0.002349050 -1.495297194 0.000730760 -0.002346271 0.999996960 56.361156464
0.999983549 0.005731614 -0.000185818 0.838565469 -0.005731258 0.999981821 0.001861164 -1.520784974 0.000196482 -0.001860069 0.999998212 56.865554810
0.999983609 0.005728106 -0.000012179 0.850009680 -0.005728062 0.999981046 0.002270234 -1.529717445 0.000025182 -0.002270127 0.999997437 57.413593292
0.999985397 0.005393804 0.000362315 0.871323943 -0.005395394 0.999975145 0.004539959 -1.579831600 -0.000337819 -0.004541847 0.999989569 57.920589447
0.999986947 0.005028556 -0.000832400 0.916964650 -0.005027193 0.999986053 0.001631229 -1.548944950 0.000840591 -0.001627023 0.999998331 58.513282776
0.999984503 0.005553413 -0.000378420 0.916826248 -0.005552779 0.999983132 0.001650894 -1.550505161 0.000387582 -0.001648768 0.999998569 58.957935333
0.999985754 0.004454425 -0.002914365 0.971824169 -0.004459597 0.999988496 -0.001769838 -1.498696804 0.002906448 0.001782810 0.999994159 59.477352142
0.999974310 0.007158415 -0.000263374 0.955014110 -0.007158120 0.999973774 0.001101473 -1.545267701 0.000271251 -0.001099559 0.999999344 60.114154816
0.999990344 0.004057051 -0.001685456 0.989080489 -0.004055937 0.999991536 0.000663835 -1.542200804 0.001688135 -0.000656992 0.999998331 60.677951813
0.999987066 0.005034048 -0.000735329 0.931763232 -0.005033475 0.999987006 0.000775443 -1.587309957 0.000739223 -0.000771732 0.999999404 61.096977234
0.999969184 0.007813108 0.000779932 0.965194046 -0.007815643 0.999963939 0.003298383 -1.623490572 -0.000754132 -0.003304377 0.999994218 61.742115021
0.999991894 0.003927632 -0.000815910 0.990192413 -0.003929360 0.999989986 -0.002126005 -1.514818668 0.000807552 0.002129194 0.999997377 62.260227203
0.999985993 0.004738846 -0.002358935 1.023323417 -0.004737589 0.999988616 0.000538755 -1.638631821 0.002361459 -0.000527571 0.999997079 62.824218750
0.999994576 0.002907340 -0.001511366 0.998768210 -0.002911324 0.999992251 -0.002639808 -1.566179991 0.001503677 0.002644193 0.999995351 63.342617035
0.999982953 0.005824990 0.000080141 1.005337119 -0.005824924 0.999982715 -0.000791820 -1.621349216 -0.000084752 0.000791340 0.999999702 63.887973785
0.999983370 0.005758254 0.000235899 1.021221399 -0.005757561 0.999979377 -0.002834797 -1.597579718 -0.000252216 0.002833392 0.999995947 64.431709290
0.999992251 0.002943924 0.002622799 0.980693400 -0.002928649 0.999978840 -0.005809466 -1.581947446 -0.002639846 0.005801740 0.999979675 65.135437012
0.999977589 0.006578318 0.001219649 0.994685709 -0.006576874 0.999977648 -0.001184026 -1.636237621 -0.001227409 0.001175979 0.999998569 65.546905518
0.999963462 0.008156885 0.002522906 0.986046851 -0.008157291 0.999966681 0.000151398 -1.670958757 -0.002521586 -0.000171972 0.999996781 66.121749878
0.999975860 0.006430683 0.002634476 1.000174165 -0.006427907 0.999978721 -0.001060671 -1.668728709 -0.002641241 0.001043711 0.999995887 66.716323853
0.999987662 0.004959741 0.000248351 1.096119165 -0.004959905 0.999987483 0.000656735 -1.752700448 -0.000245088 -0.000657959 0.999999702 67.198997498
0.999956489 0.008047156 0.004715426 0.978414714 -0.008038088 0.999965727 -0.001939424 -1.702294469 -0.004730872 0.001901437 0.999987006 67.742835999
0.999950588 0.007928714 0.005997200 0.943551064 -0.007908828 0.999963164 -0.003332265 -1.686450362 -0.006023400 0.003284669 0.999976456 68.406051636
0.999946296 0.008295581 0.006199841 0.978355050 -0.008280668 0.999962747 -0.002427259 -1.723917127 -0.006219745 0.002375790 0.999977827 68.843162537
0.999939680 0.009076829 0.006186829 0.984905839 -0.009054292 0.999952257 -0.003661304 -1.715582848 -0.006219765 0.003605065 0.999974132 69.329292297
0.999942899 0.009348571 0.005172296 1.033814311 -0.009340581 0.999955177 -0.001567037 -1.772912383 -0.005186712 0.001518636 0.999985337 69.871101379
0.999948263 0.008690282 0.005282814 1.038794756 -0.008680031 0.999960363 -0.001960205 -1.794465303 -0.005299637 0.001914248 0.999984145 70.440116882
0.999920726 0.010608037 0.006774763 1.035407782 -0.010594862 0.999941945 -0.001977456 -1.805520535 -0.006795345 0.001905522 0.999975085 70.997245789
0.999874353 0.013646657 0.008067298 1.030979991 -0.013635015 0.999905944 -0.001496241 -1.803119540 -0.008086958 0.001386056 0.999966323 71.423034668
0.999927282 0.009971401 0.006781112 1.060149550 -0.009955920 0.999947727 -0.002312909 -1.832550645 -0.006803819 0.002245228 0.999974251 72.055061340
0.999886632 0.012272244 0.008714821 1.042057633 -0.012240637 0.999918342 -0.003671017 -1.829899073 -0.008759161 0.003563927 0.999955297 72.618721008
0.999941707 0.008527245 0.006619071 1.062457323 -0.008502668 0.999956846 -0.003732551 -1.846318007 -0.006650612 0.003676053 0.999971151 73.113868713
0.999917984 0.010804452 0.006879160 1.083804131 -0.010787733 0.999938726 -0.002462718 -1.868442416 -0.006905349 0.002388305 0.999973297 73.637252808
0.999934494 0.009358696 0.006576618 1.096495628 -0.009336793 0.999950767 -0.003353349 -1.885215759 -0.006607677 0.003291725 0.999972701 74.188781738
0.999935508 0.009546184 0.006153013 1.113094330 -0.009523775 0.999947965 -0.003660585 -1.891766071 -0.006187638 0.003601749 0.999974310 74.730255127
0.999938190 0.009476976 0.005806510 1.125942230 -0.009455007 0.999948084 -0.003799472 -1.910026908 -0.005842214 0.003744337 0.999975860 75.260353088
0.999933243 0.010006088 0.005766489 1.144301891 -0.009988525 0.999945343 -0.003066116 -1.934691310 -0.005796853 0.003008312 0.999978662 75.800102234
0.999935210 0.009537759 0.006213484 1.153819442 -0.009520017 0.999950528 -0.002878837 -1.957177520 -0.006240634 0.002819498 0.999976575 76.325401306
0.999941409 0.008971264 0.006046241 1.181859493 -0.008957258 0.999957144 -0.002339206 -1.973279715 -0.006066965 0.002284912 0.999978900 76.847656250
0.999933362 0.009520312 0.006517516 1.185490608 -0.009501791 0.999950767 -0.002866700 -1.989056230 -0.006544485 0.002804581 0.999974668 77.388938904
0.999937117 0.009255447 0.006322779 1.191136360 -0.009231910 0.999950409 -0.003741626 -1.989688873 -0.006357097 0.003683020 0.999972999 77.917732239
0.999909401 0.011532143 0.006943101 1.191850543 -0.011517670 0.999931395 -0.002120970 -2.031847715 -0.006967086 0.002040810 0.999973655 78.456863403
0.999926925 0.010269861 0.006381735 1.227175474 -0.010254466 0.999944448 -0.002440660 -2.044110060 -0.006406446 0.002375040 0.999976635 79.016059875
0.999918640 0.011016323 0.006435048 1.239418387 -0.010990162 0.999931276 -0.004086704 -2.039833546 -0.006479624 0.004015649 0.999970973 79.567428589
0.999913335 0.010938064 0.007325741 1.243630171 -0.010913231 0.999934554 -0.003421370 -2.068801403 -0.007362686 0.003341126 0.999967277 80.096961975
0.999902725 0.011364730 0.008075031 1.265349507 -0.011338508 0.999930263 -0.003285688 -2.075695992 -0.008111810 0.003193810 0.999961972 80.641021729
0.999890268 0.011266908 0.009616551 1.275535822 -0.011235031 0.999931216 -0.003362119 -2.090732336 -0.009653771 0.003253708 0.999948025 81.189048767
0.999879479 0.010820226 0.011133012 1.290136695 -0.010780721 0.999935389 -0.003602212 -2.111361027 -0.011171270 0.003481756 0.999931514 81.720283508
0.999886215 0.010618389 0.010717321 1.331733704 -0.010582111 0.999938130 -0.003435739 -2.135522366 -0.010753140 0.003321936 0.999936640 82.267829895
0.999834180 0.010494827 0.014882179 1.343932271 -0.010431759 0.999936283 -0.004309372 -2.147248268 -0.014926457 0.004153410 0.999879956 82.822303772
0.999775708 0.010872412 0.018175533 1.369743228 -0.010816090 0.999936283 -0.003194265 -2.172387838 -0.018209103 0.002996960 0.999829650 83.358024597
0.999746144 0.009041041 0.020634757 1.405819654 -0.008972614 0.999954045 -0.003406310 -2.191926718 -0.020664601 0.003220298 0.999781191 83.902023315
0.999603450 0.011478893 0.025712717 1.429010153 -0.011399516 0.999929786 -0.003231387 -2.214495420 -0.025748013 0.002936993 0.999664128 84.441871643
0.999415457 0.012268601 0.031909317 1.458277464 -0.012171568 0.999920666 -0.003233367 -2.235411406 -0.031946462 0.002843091 0.999485493 84.963508606
0.999229372 0.011617187 0.037491709 1.501218557 -0.011496858 0.999927998 -0.003423569 -2.252719879 -0.037528776 0.002989894 0.999291003 85.533454895
0.998999596 0.011700618 0.043160319 1.539126635 -0.011566971 0.999927521 -0.003345010 -2.268802166 -0.043196328 0.002842429 0.999062538 86.073570251
0.998579979 0.011111747 0.052100800 1.580268621 -0.010929838 0.999933064 -0.003775103 -2.278901100 -0.052139267 0.003200288 0.998634696 86.641372681
0.998079956 0.011223102 0.060912270 1.624758244 -0.011059540 0.999934196 -0.003021716 -2.305076122 -0.060942192 0.002342252 0.998138547 87.190917969
0.997693777 0.011728087 0.066854976 1.684343815 -0.011525120 0.999927878 -0.003420766 -2.316482544 -0.066890247 0.002642366 0.997756839 87.747535706
0.996958554 0.011595153 0.077064842 1.723677158 -0.011389065 0.999930322 -0.003113196 -2.336228848 -0.077095561 0.002226031 0.997021198 88.300315857
0.996229708 0.010313349 0.086138688 1.800472260 -0.010001549 0.999941885 -0.004050537 -2.351305008 -0.086175457 0.003173745 0.996274948 88.817352295
0.995414138 0.010769580 0.095051251 1.867460728 -0.010477746 0.999938726 -0.003568857 -2.366131067 -0.095083863 0.002556567 0.995466113 89.363723755
0.994628668 0.010519194 0.102971494 1.942966938 -0.010121972 0.999939203 -0.004379385 -2.380433798 -0.103011288 0.003313588 0.994674683 89.902114868
0.993552923 0.009958796 0.112930909 2.045413017 -0.009559534 0.999945998 -0.004076432 -2.401743174 -0.112965412 0.002970584 0.993594468 90.443313599
0.992254317 0.010042327 0.123816624 2.123124123 -0.009572058 0.999944568 -0.004392434 -2.418979406 -0.123853900 0.003173232 0.992295384 90.949440002
0.991082251 0.009222625 0.132932916 2.216105461 -0.008614761 0.999949634 -0.005147149 -2.430797100 -0.132973716 0.003956062 0.991111696 91.513885498
0.989544392 0.009480468 0.143916652 2.318564415 -0.008869133 0.999948740 -0.004888806 -2.444051743 -0.143955648 0.003561275 0.989577711 92.062850952
0.987769902 0.009593820 0.155622676 2.417757988 -0.009024647 0.999949753 -0.004363529 -2.473822594 -0.155656710 0.002905723 0.987806916 92.577026367
0.986035585 0.010165696 0.166224211 2.533477783 -0.009422688 0.999941766 -0.005257949 -2.482255936 -0.166267976 0.003618245 0.986073971 93.165382385
0.984207511 0.008575911 0.176810846 2.643223763 -0.007732322 0.999955177 -0.005459590 -2.490182400 -0.176849753 0.004006212 0.984229684 93.677238464
0.981774032 0.008558734 0.189858988 2.769265175 -0.007853412 0.999959171 -0.004467051 -2.523549557 -0.189889491 0.002894594 0.981801152 94.175315857
0.979336083 0.008560356 0.202058345 2.896454811 -0.007575563 0.999955356 -0.005646646 -2.525469780 -0.202097684 0.003999257 0.979357183 94.717102051
0.977150261 0.009093817 0.212355033 3.029594421 -0.008456782 0.999956608 -0.003907975 -2.561564445 -0.212381408 0.002022839 0.977184772 95.231002808
0.974257827 0.008688789 0.225268841 3.176177979 -0.007712553 0.999956667 -0.005213310 -2.568003654 -0.225304395 0.003341710 0.974282682 95.787666321
0.971018553 0.008686147 0.238846138 3.328876495 -0.007896096 0.999959648 -0.004264421 -2.593723297 -0.238873541 0.002254880 0.971048176 96.297103882
0.968560040 0.007663751 0.248661786 3.507637024 -0.006591638 0.999965072 -0.005143882 -2.610498190 -0.248692542 0.003343070 0.968576849 96.856719971
0.965380847 0.007307078 0.260742038 3.674810410 -0.006140920 0.999967158 -0.005286885 -2.619837284 -0.260772109 0.003502662 0.965394020 97.353996277
0.961507976 0.007651735 0.274670482 3.845575333 -0.006601225 0.999966919 -0.004748777 -2.646206856 -0.274697751 0.002752825 0.961526692 97.892051697
0.957925975 0.006763436 0.286935776 4.028718948 -0.005589948 0.999972343 -0.004908744 -2.665946722 -0.286961019 0.003098257 0.957937241 98.410644531
0.954593837 0.005852785 0.297852874 4.215673447 -0.004554927 0.999976873 -0.005051306 -2.677288771 -0.297875553 0.003465247 0.954598427 98.934143066
0.950400651 0.005560282 0.310978562 4.414304733 -0.003938809 0.999975145 -0.005841874 -2.687551022 -0.311003357 0.004327235 0.950398922 99.445404053
0.946051121 0.005004026 0.323979050 4.632642746 -0.003039383 0.999973774 -0.006569817 -2.699282408 -0.324003458 0.005230686 0.946041465 99.993247986
0.941835463 0.005832564 0.336023778 4.815883636 -0.004311914 0.999976814 -0.005271399 -2.727432728 -0.336046726 0.003515885 0.941838741 100.475173950
0.937090576 0.005672894 0.349040538 5.027124405 -0.003916220 0.999975920 -0.005738316 -2.744199276 -0.349064678 0.004010403 0.937090099 100.993721008
0.931682348 0.004547203 0.363245577 5.235286713 -0.002214358 0.999974132 -0.006838365 -2.748115778 -0.363267273 0.005566827 0.931668341 101.485687256
0.927287042 0.005345663 0.374312818 5.471378326 -0.003568302 0.999978840 -0.005441191 -2.790717363 -0.374334037 0.003709884 0.927286506 101.956680298
0.922414541 0.003541770 0.386184990 5.698545456 -0.001391929 0.999981940 -0.005846345 -2.797479153 -0.386198729 0.004855211 0.922402799 102.441947937
0.916802466 0.004552324 0.399315149 5.952095032 -0.002379710 0.999979556 -0.005936432 -2.820042133 -0.399333954 0.004492280 0.916794658 102.940490723
0.910589039 0.003016838 0.413301975 6.170673370 -0.000620808 0.999982238 -0.005931459 -2.823551655 -0.413312435 0.005144541 0.910574734 103.433097839
0.905738473 0.003270611 0.423824430 6.424949646 -0.000819608 0.999981880 -0.005965210 -2.851469040 -0.423836201 0.005055550 0.905724883 103.878005981
0.898670137 0.002420252 0.438618451 6.652393341 0.000574411 0.999977410 -0.006694666 -2.848113060 -0.438624710 0.006268244 0.898648381 104.433746338
0.891873062 0.003084943 0.452275276 6.905933380 0.000236615 0.999973416 -0.007287356 -2.856771708 -0.452285796 0.006606412 0.891848624 104.911842346
0.885615051 0.002695647 0.464412212 7.210769653 0.000708091 0.999974132 -0.007154578 -2.865024090 -0.464419514 0.006665048 0.885590255 105.448783875
0.879888833 0.002571091 0.475172579 7.487815857 0.001158524 0.999970794 -0.007555967 -2.877151728 -0.475178123 0.007198910 0.879860222 105.934036255
0.872534394 0.003744912 0.488538325 7.767238617 -0.000401346 0.999975801 -0.006948549 -2.906016588 -0.488552481 0.005866777 0.872514725 106.381477356
