1.000000000 0.000000000 0.000000000 0.000000000 0.000000000 1.000000000 0.000000000 0.000000000 0.000000000 0.000000000 1.000000000 0.000000000
1.000000000 -0.000005193 -0.000036160 -0.000092273 0.000005189 1.000000000 -0.000095396 0.001167725 0.000036161 0.000095396 1.000000000 0.000681366
1.000000000 -0.000118289 -0.000051621 -0.000438545 0.000118289 1.000000000 0.000008941 0.000442315 0.000051620 -0.000008947 1.000000000 0.001309849
1.000000000 -0.000105169 -0.000088333 -0.001379039 0.000105168 1.000000000 -0.000007391 0.000720554 0.000088334 0.000007382 1.000000000 -0.000413900
1.000000000 -0.000006969 -0.000001190 -0.001009974 0.000006969 1.000000000 -0.000001288 0.000386848 0.000001190 0.000001288 1.000000000 0.000179479
1.000000000 -0.000149375 -0.000016036 -0.000336604 0.000149374 1.000000000 -0.000038596 0.000360186 0.000016042 0.000038594 1.000000000 -0.000733174
1.000000000 0.000004693 -0.000076309 0.000304245 -0.000004696 1.000000000 -0.000045013 0.000853630 0.000076309 0.000045013 1.000000000 -0.002375564
1.000000000 -0.000007210 0.000005838 -0.000348861 0.000007210 1.000000000 -0.000039525 0.001410306 -0.000005838 0.000039525 1.000000000 0.001966037
1.000000000 0.000047556 0.000015132 -0.001165038 -0.000047555 1.000000000 -0.000041530 0.002005210 -0.000015134 0.000041530 1.000000000 0.001593174
1.000000000 -0.000067231 -0.000058204 -0.000651373 0.000067230 1.000000000 -0.000006215 0.001315481 0.000058205 0.000006211 1.000000000 0.001753874
1.000000000 -0.000040399 -0.000041952 -0.001176921 0.000040396 1.000000000 -0.000063967 0.001841791 0.000041954 0.000063965 1.000000000 0.001947979
1.000000000 -0.000026426 -0.000032232 -0.001725079 0.000026427 1.000000000 0.000016850 0.001542639 0.000032232 -0.000016851 1.000000000 0.001844379
1.000000000 -0.000101946 -0.000064823 -0.000422347 0.000101944 1.000000000 -0.000028557 0.001340432 0.000064826 0.000028550 1.000000000 0.000199090
1.000000000 -0.000106941 -0.000091766 0.000912896 0.000106944 1.000000000 0.000032047 0.000474922 0.000091763 -0.000032057 1.000000000 -0.002518103
1.000000000 -0.000105707 -0.000047019 0.000551626 0.000105708 1.000000000 0.000016436 0.000888211 0.000047017 -0.000016441 1.000000000 -0.001529179
1.000000000 -0.000019811 -0.000052548 0.000104230 0.000019810 1.000000000 -0.000025691 0.002058558 0.000052549 0.000025690 1.000000000 0.001096775
1.000000000 -0.000053783 -0.000056455 -0.000019009 0.000053786 1.000000000 0.000039628 0.001011387 0.000056453 -0.000039631 1.000000000 -0.000720783
1.000000000 -0.000114082 -0.000104202 -0.000301371 0.000114080 1.000000000 -0.000020077 0.000833351 0.000104204 0.000020065 1.000000000 -0.001361949
1.000000000 -0.000102523 -0.000073854 -0.000740047 0.000102524 1.000000000 0.000011271 0.001550508 0.000073853 -0.000011279 1.000000000 0.002350825
1.000000000 -0.000108462 -0.000042530 -0.001868331 0.000108462 1.000000000 0.000019353 0.000607685 0.000042528 -0.000019357 1.000000000 0.000890876
1.000000000 -0.000165206 -0.000137321 0.001498375 0.000165216 1.000000000 0.000069106 0.000219907 0.000137309 -0.000069129 1.000000000 -0.000911969
1.000000000 -0.000064725 -0.000060463 0.000373902 0.000064727 1.000000000 0.000022041 0.000802245 0.000060462 -0.000022045 1.000000000 -0.000427041
1.000000000 -0.000197704 -0.000132478 0.000264393 0.000197710 1.000000000 0.000043270 0.000631520 0.000132469 -0.000043296 1.000000000 -0.001490933
0.999999940 -0.000212493 -0.000140203 0.001352993 0.000212497 1.000000000 0.000030578 0.000913669 0.000140197 -0.000030608 1.000000000 -0.001677685
0.999999940 -0.000227685 -0.000105649 0.000648833 0.000227684 1.000000000 -0.000004141 0.002009771 0.000105650 0.000004117 1.000000000 0.000637574
1.000000000 -0.000162906 -0.000096034 0.000996165 0.000162909 1.000000000 0.000032810 0.000915048 0.000096029 -0.000032825 1.000000000 -0.001347442
0.999999940 -0.000252997 -0.000071322 -0.000923706 0.000252998 0.999999940 0.000009704 0.001104469 0.000071320 -0.000009722 1.000000000 -0.000706382
1.000000000 -0.000128015 -0.000174428 0.001469209 0.000128023 1.000000000 0.000049531 0.000656954 0.000174422 -0.000049554 1.000000000 -0.002223431
1.000000000 -0.000127367 -0.000137843 0.001767343 0.000127372 1.000000000 0.000034374 0.000744770 0.000137839 -0.000034392 1.000000000 -0.001420916
1.000000000 -0.000178576 -0.000160730 0.000793165 0.000178579 1.000000000 0.000022090 0.001340290 0.000160726 -0.000022119 1.000000000 -0.000706287
1.000000000 -0.000190299 -0.000123083 0.000711786 0.000190304 1.000000000 0.000041458 0.000881889 0.000123075 -0.000041481 1.000000000 -0.002501288
1.000000000 -0.000161067 -0.000124340 0.001220759 0.000161064 1.000000000 -0.000024339 0.000822578 0.000124344 0.000024319 1.000000000 -0.002545495
1.000000000 -0.000074821 -0.000045109 -0.000430047 0.000074822 1.000000000 0.000024353 0.000901512 0.000045107 -0.000024357 1.000000000 0.000024497
1.000000000 -0.000164863 -0.000092436 0.000698743 0.000164866 1.000000000 0.000035679 -0.000010047 0.000092430 -0.000035694 1.000000000 -0.002379224
0.999999940 -0.000213872 -0.000149141 0.001432328 0.000213870 1.000000000 -0.000011996 0.001089244 0.000149144 0.000011964 1.000000000 -0.002684050
0.999999940 -0.000212965 -0.000128754 0.002212563 0.000212982 0.999999940 0.000130546 0.000261220 0.000128727 -0.000130573 1.000000000 -0.002596756
0.999999940 -0.000214971 -0.000123335 0.000430156 0.000214978 1.000000000 0.000054140 0.000425992 0.000123323 -0.000054167 1.000000000 -0.001899336
0.999999940 -0.000232792 -0.000140316 0.000790342 0.000232800 1.000000000 0.000051510 0.000784494 0.000140304 -0.000051543 1.000000000 -0.002054104
0.999999940 -0.000229295 -0.000199474 0.001900911 0.000229292 1.000000000 -0.000012660 0.000233358 0.000199477 0.000012615 1.000000000 0.001450571
0.999999940 -0.000241999 -0.000083502 0.001246625 0.000241953 0.999999821 -0.000548204 -0.001894412 0.000083635 0.000548184 0.999999821 0.051506951
1.000000000 -0.000094853 -0.000096613 0.001309389 0.000094740 0.999999285 -0.001170954 -0.002418965 0.000096724 0.001170945 0.999999285 0.144067317
1.000000000 -0.000197705 -0.000080080 0.002860262 0.000197583 0.999998808 -0.001523528 -0.006637427 0.000080381 0.001523513 0.999998808 0.259945840
1.000000000 -0.000139362 -0.000078236 0.004359231 0.000139252 0.999998987 -0.001406189 -0.010650608 0.000078432 0.001406178 0.999998987 0.394212365
1.000000000 -0.000102841 -0.000152899 0.009109497 0.000102662 0.999999285 -0.001174370 -0.016961152 0.000153020 0.001174354 0.999999285 0.529873073
1.000000000 0.000016173 -0.000043826 0.011467376 -0.000016221 0.999999404 -0.001098348 -0.020023623 0.000043808 0.001098349 0.999999404 0.690378547
1.000000000 0.000181371 -0.000021187 0.018216820 -0.000181392 0.999999464 -0.001021968 -0.023624811 0.000021002 0.001021972 0.999999464 0.847064793
0.999999940 0.000383956 0.000042533 0.015940627 -0.000383919 0.999999523 -0.000874699 -0.023968099 -0.000042869 0.000874682 0.999999642 1.023998141
1.000000000 -0.000034816 -0.000223595 0.027634278 0.000034678 0.999999821 -0.000619026 -0.031160200 0.000223616 0.000619019 0.999999762 1.195153594
1.000000000 -0.000009334 -0.000047073 0.026979696 0.000009320 0.999999940 -0.000307145 -0.035516419 0.000047076 0.000307144 0.999999940 1.387161732
1.000000000 0.000015034 -0.000083400 0.031591117 -0.000015059 0.999999940 -0.000302664 -0.041744966 0.000083396 0.000302665 0.999999940 1.586385727
1.000000000 -0.000047908 0.000130647 0.034052745 0.000047946 0.999999940 -0.000294655 -0.050193869 -0.000130633 0.000294661 0.999999940 1.802857637
0.999999940 -0.000299904 -0.000048339 0.043683518 0.000299906 0.999999940 0.000035811 -0.055633850 0.000048328 -0.000035825 1.000000000 1.987924218
0.999999940 0.000155319 0.000336698 0.035885349 -0.000155371 1.000000000 0.000155027 -0.068058461 -0.000336674 -0.000155079 0.999999940 2.207531929
1.000000000 -0.000129790 -0.000122324 0.040907834 0.000129831 0.999999940 0.000335771 -0.073497027 0.000122281 -0.000335786 0.999999940 2.413991690
0.999999881 -0.000448090 -0.000061132 0.057495490 0.000448154 0.999999344 0.001061473 -0.095406473 0.000060656 -0.001061501 0.999999464 2.618732452
0.999999821 -0.000555755 -0.000267007 0.062027983 0.000556050 0.999999225 0.001106445 -0.101892874 0.000266392 -0.001106594 0.999999344 2.850842714
0.999999881 -0.000419487 -0.000199778 0.066058151 0.000419725 0.999999225 0.001192135 -0.104166053 0.000199278 -0.001192219 0.999999344 3.083356380
0.999999702 -0.000663187 -0.000062225 0.070625097 0.000663245 0.999999344 0.000938207 -0.113476515 0.000061602 -0.000938248 0.999999583 3.329314232
0.999999881 -0.000229223 0.000274275 0.075136922 0.000228910 0.999999344 0.001142254 -0.121641703 -0.000274537 -0.001142191 0.999999344 3.568617344
0.999999821 -0.000501400 -0.000028027 0.085627720 0.000501436 0.999999046 0.001298429 -0.129622340 0.000027376 -0.001298443 0.999999166 3.833559513
0.999999702 -0.000638454 0.000176562 0.083472587 0.000638245 0.999999106 0.001179663 -0.136044785 -0.000177315 -0.001179550 0.999999225 4.103881836
0.999999762 -0.000369885 0.000376552 0.086595386 0.000369360 0.999998987 0.001393130 -0.142140418 -0.000377067 -0.001392991 0.999998868 4.357518196
0.999999881 -0.000346939 0.000267011 0.091097347 0.000346522 0.999998689 0.001559494 -0.151656598 -0.000267552 -0.001559401 0.999998748 4.612523556
0.999999821 -0.000436135 0.000465526 0.098520815 0.000435256 0.999998212 0.001888491 -0.159218863 -0.000466348 -0.001888288 0.999998033 4.866440773
0.999999583 -0.000776390 0.000453184 0.102267571 0.000775379 0.999997199 0.002226771 -0.173679143 -0.000454912 -0.002226418 0.999997437 5.129863262
0.999999583 -0.000797647 0.000297248 0.108757034 0.000796990 0.999997199 0.002201058 -0.180659130 -0.000299003 -0.002200820 0.999997556 5.394160748
0.999999583 -0.000758543 0.000386459 0.114120118 0.000757648 0.999997020 0.002310605 -0.190680504 -0.000388211 -0.002310312 0.999997258 5.666182041
0.999999702 -0.000670115 0.000311712 0.123212948 0.000669420 0.999997258 0.002223791 -0.195765510 -0.000313201 -0.002223582 0.999997497 5.932913780
0.999999464 -0.000975391 0.000250938 0.129681543 0.000974841 0.999997139 0.002182721 -0.208318681 -0.000253066 -0.002182475 0.999997616 6.219784260
0.999999940 -0.000106278 0.000365861 0.133360386 0.000105372 0.999996841 0.002476315 -0.222029403 -0.000366123 -0.002476276 0.999996781 6.485328197
0.999999702 0.000438231 0.000683415 0.136868834 -0.000439838 0.999997079 0.002353190 -0.231163189 -0.000682382 -0.002353490 0.999996960 6.775649548
0.999999940 -0.000029941 0.000441993 0.147165194 0.000028850 0.999996901 0.002466940 -0.240321517 -0.000442066 -0.002466927 0.999996841 7.081137657
0.999999881 0.000031860 0.000514354 0.156218082 -0.000033188 0.999996662 0.002581479 -0.252266288 -0.000514270 -0.002581495 0.999996483 7.365944386
0.999999702 0.000333182 0.000719043 0.159902692 -0.000335013 0.999996662 0.002547217 -0.264619291 -0.000718192 -0.002547457 0.999996483 7.666997433
0.999999762 -0.000609367 0.000309453 0.175804630 0.000608517 0.999996006 0.002740402 -0.276878029 -0.000311121 -0.002740213 0.999996126 7.990737915
0.999999702 -0.000515275 0.000617516 0.168717220 0.000513312 0.999994814 0.003175147 -0.290334523 -0.000619149 -0.003174829 0.999994755 8.327196121
0.999999642 -0.000722613 0.000416482 0.184230655 0.000721255 0.999994457 0.003251812 -0.300808787 -0.000418830 -0.003251511 0.999994636 8.645119667
0.999999821 -0.000120551 0.000648952 0.183803424 0.000118447 0.999994636 0.003241987 -0.303762168 -0.000649340 -0.003241909 0.999994516 8.992439270
0.999999583 0.000196482 0.000919308 0.189348966 -0.000199500 0.999994516 0.003284347 -0.315977603 -0.000918658 -0.003284530 0.999994159 9.336338997
0.999998987 0.000576147 0.001313303 0.188148737 -0.000580261 0.999994874 0.003134189 -0.321348548 -0.001311491 -0.003134947 0.999994278 9.679316521
0.999999285 0.000056278 0.001185199 0.198919713 -0.000060397 0.999993920 0.003475466 -0.336140633 -0.001184997 -0.003475535 0.999993265 10.013036728
0.999999166 0.000060511 0.001309810 0.201380432 -0.000065007 0.999994159 0.003432342 -0.345276922 -0.001309594 -0.003432424 0.999993265 10.385783195
0.999999166 0.000012434 0.001284663 0.214451477 -0.000017329 0.999992728 0.003811004 -0.358486861 -0.001284607 -0.003811023 0.999991894 10.726686478
0.999999464 -0.000069974 0.001036596 0.225697398 0.000066215 0.999993443 0.003626413 -0.367783546 -0.001036842 -0.003626342 0.999992907 11.098768234
0.999999404 0.000080619 0.001100932 0.237921908 -0.000084664 0.999993205 0.003674587 -0.378841043 -0.001100629 -0.003674678 0.999992669 11.468839645
0.999998748 0.000486404 0.001524255 0.239629358 -0.000492109 0.999992967 0.003744590 -0.386907697 -0.001522422 -0.003745335 0.999991834 11.867578506
0.999998868 0.000175124 0.001469888 0.248071387 -0.000180808 0.999992549 0.003867900 -0.397638410 -0.001469200 -0.003868161 0.999991477 12.243370056
0.999999225 0.000022168 0.001222213 0.262441248 -0.000026891 0.999992549 0.003863965 -0.408656329 -0.001222118 -0.003863995 0.999991775 12.619248390
0.999998868 0.000411890 0.001432963 0.267177969 -0.000417881 0.999991119 0.004183426 -0.419875681 -0.001431228 -0.004184020 0.999990225 13.026820183
0.999998927 0.000534551 0.001348832 0.281866640 -0.000540346 0.999990642 0.004299563 -0.432307124 -0.001346521 -0.004300288 0.999989808 13.418554306
0.999999046 0.000055207 0.001382280 0.293447345 -0.000061298 0.999990284 0.004406956 -0.444152504 -0.001382023 -0.004407037 0.999989331 13.822475433
0.999998689 0.000107148 0.001585687 0.302804500 -0.000114568 0.999989033 0.004679806 -0.468590200 -0.001585168 -0.004679982 0.999987781 14.232859612
0.999998808 0.000119209 0.001540367 0.315418512 -0.000126344 0.999989271 0.004632343 -0.482143164 -0.001539799 -0.004632532 0.999988079 14.654911041
0.999998093 0.000018710 0.001945365 0.326226205 -0.000028163 0.999988198 0.004859496 -0.493307799 -0.001945251 -0.004859542 0.999986231 15.080579758
0.999998093 -0.000314354 0.001954048 0.336284220 0.000304265 0.999986589 0.005161154 -0.507770658 -0.001955644 -0.005160550 0.999984741 15.507105827
0.999997199 -0.000392013 0.002324256 0.354910135 0.000380426 0.999987423 0.004983636 -0.529796302 -0.002326181 -0.004982737 0.999984860 15.949444771
0.999996722 -0.000282611 0.002563921 0.367644072 0.000269414 0.999986708 0.005145976 -0.543118536 -0.002565341 -0.005145269 0.999983490 16.392486572
0.999996483 -0.000468909 0.002595926 0.382049382 0.000454903 0.999985397 0.005393432 -0.558473885 -0.002598417 -0.005392232 0.999982119 16.833795547
0.999996006 -0.000554031 0.002776149 0.383577764 0.000538270 0.999983668 0.005674659 -0.578104138 -0.002779249 -0.005673142 0.999980032 17.290973663
0.999994993 -0.000914517 0.003055546 0.394106477 0.000896788 0.999982774 0.005798753 -0.588039279 -0.003060797 -0.005795984 0.999978483 17.758544922
0.999994814 -0.001444261 0.002852454 0.412684679 0.001428343 0.999983430 0.005574625 -0.598724663 -0.002860458 -0.005570523 0.999980390 18.226694107
0.999993145 -0.001551528 0.003372513 0.421848059 0.001531556 0.999981344 0.005916561 -0.612680733 -0.003381630 -0.005911356 0.999976754 18.697389603
0.999993384 -0.001545614 0.003296140 0.430698127 0.001525853 0.999980927 0.005989156 -0.634569287 -0.003305333 -0.005984086 0.999976575 19.139951706
0.999993920 -0.001281312 0.003252051 0.448563755 0.001261059 0.999979973 0.006222096 -0.645691991 -0.003259959 -0.006217957 0.999975324 19.621948242
0.999993503 -0.000745737 0.003544777 0.458243877 0.000723235 0.999979675 0.006344940 -0.657623410 -0.003549436 -0.006342334 0.999973536 20.102108002
0.999993443 -0.000987959 0.003485619 0.470182091 0.000966801 0.999981105 0.006066592 -0.665853322 -0.003491546 -0.006063182 0.999975502 20.589233398
0.999996066 -0.001061314 0.002602801 0.485444963 0.001044429 0.999978602 0.006479789 -0.709055901 -0.002609623 -0.006477044 0.999975622 21.076662064
0.999997020 -0.001586968 0.001901225 0.492527962 0.001574588 0.999977708 0.006495174 -0.712862313 -0.001911491 -0.006492159 0.999977112 21.594993591
0.999997616 -0.000829963 0.002035906 0.491114438 0.000815981 0.999976218 0.006858559 -0.732433319 -0.002041551 -0.006856881 0.999974430 22.089527130
0.999997854 -0.000984083 0.001811842 0.504005849 0.000971549 0.999975681 0.006905252 -0.740975380 -0.001818593 -0.006903476 0.999974549 22.582433701
0.999998033 -0.001382277 0.001369236 0.508891046 0.001372701 0.999974728 0.006970357 -0.760735095 -0.001378837 -0.006968464 0.999974787 23.054758072
0.999998629 -0.001493321 0.000684952 0.519887745 0.001488524 0.999974668 0.006952365 -0.776742697 -0.000695317 -0.006951336 0.999975622 23.579105377
0.999995530 -0.002968688 -0.000314704 0.532674909 0.002970799 0.999971509 0.006933561 -0.794360042 0.000294111 -0.006934464 0.999975920 24.078496933
0.999998748 -0.001555350 -0.000319797 0.538622141 0.001557585 0.999973476 0.007109815 -0.802251041 0.000308730 -0.007110304 0.999974668 24.619764328
0.999996543 -0.002080923 -0.001569097 0.561375022 0.002092255 0.999971449 0.007255019 -0.816190362 0.001553955 -0.007258277 0.999972403 25.150852203
0.999995470 -0.002046249 -0.002212688 0.556917429 0.002063323 0.999967873 0.007741977 -0.835167885 0.002196775 -0.007746508 0.999967515 25.600046158
0.999994755 -0.001915458 -0.002623358 0.567623675 0.001934739 0.999971032 0.007366971 -0.843062043 0.002609171 -0.007372007 0.999969363 26.151273727
0.999989688 -0.003061668 -0.003350137 0.577203095 0.003088788 0.999962270 0.008120117 -0.862696111 0.003325150 -0.008130381 0.999961436 26.712694168
0.999990463 -0.002294774 -0.003707068 0.589505017 0.002325475 0.999962926 0.008298731 -0.878180504 0.003687887 -0.008307273 0.999958754 27.257150650
0.999990642 -0.001607924 -0.004028634 0.599715292 0.001639358 0.999968112 0.007811621 -0.888634145 0.004015945 -0.007818152 0.999961436 27.789485931
0.999989450 -0.001533875 -0.004327016 0.588334024 0.001571139 0.999961734 0.008621863 -0.920844495 0.004313625 -0.008628571 0.999953449 28.269197464
0.999986708 -0.001499367 -0.004939700 0.594020486 0.001542524 0.999960601 0.008744624 -0.935068429 0.004926393 -0.008752127 0.999949574 28.818794250
0.999986053 -0.001383321 -0.005102955 0.608115673 0.001429345 0.999958277 0.009026392 -0.948344946 0.005090255 -0.009033561 0.999946177 29.373514175
0.999985754 -0.001804893 -0.005019881 0.584656417 0.001849539 0.999958754 0.008903715 -0.954914093 0.005003603 -0.008912874 0.999947786 29.850669861
0.999982834 -0.001903625 -0.005530795 0.594236314 0.001952115 0.999959588 0.008775341 -0.962963820 0.005513866 -0.008785986 0.999946237 30.416200638
0.999983013 -0.001644486 -0.005588059 0.607518375 0.001692009 0.999962330 0.008510442 -0.974790692 0.005573853 -0.008519756 0.999948144 30.957141876
0.999978840 -0.002525026 -0.005993824 0.624342084 0.002581135 0.999952734 0.009371961 -1.011352301 0.005969876 -0.009387233 0.999938130 31.440872192
0.999973774 -0.002914662 -0.006617613 0.638502777 0.002977774 0.999949932 0.009547150 -1.029345274 0.006589455 -0.009566605 0.999932587 31.982913971
0.999974787 -0.002362556 -0.006691238 0.651963472 0.002427364 0.999949992 0.009693938 -1.038799524 0.006668000 -0.009709937 0.999930620 32.519954681
0.999973834 -0.002398082 -0.006807159 0.652313054 0.002465539 0.999947727 0.009918663 -1.054158449 0.006783017 -0.009935186 0.999927700 33.023395538
0.999976337 -0.002154928 -0.006520066 0.631969988 0.002216954 0.999952197 0.009520806 -1.070290804 0.006499237 -0.009535037 0.999933422 33.581161499
0.999975741 -0.001907457 -0.006695305 0.637885273 0.001970774 0.999953210 0.009463109 -1.076257229 0.006676941 -0.009476074 0.999932826 34.130298615
0.999974906 -0.001681390 -0.006864952 0.643663764 0.001746657 0.999953151 0.009512328 -1.097304583 0.006848637 -0.009524081 0.999931216 34.665966034
0.999975801 -0.001324884 -0.006822397 0.657397568 0.001387174 0.999957263 0.009133558 -1.098117709 0.006810005 -0.009142801 0.999935031 35.188335419
0.999977767 -0.001015602 -0.006572838 0.662510276 0.001073848 0.999960124 0.008864087 -1.105737567 0.006563573 -0.008870949 0.999939144 35.741378784
0.999971867 -0.002163798 -0.007183631 0.648532510 0.002237232 0.999945283 0.010230270 -1.163307548 0.007161101 -0.010246054 0.999921858 36.264423370
0.999971867 -0.001635859 -0.007328149 0.648945868 0.001710363 0.999946833 0.010172145 -1.170892954 0.007311119 -0.010184391 0.999921441 36.808830261
0.999964952 -0.002595701 -0.007963027 0.662875175 0.002679789 0.999940634 0.010567406 -1.187858105 0.007935124 -0.010588375 0.999912441 37.360397339
0.999966025 -0.002469622 -0.007865935 0.665416837 0.002551905 0.999941945 0.010467891 -1.193047404 0.007839626 -0.010487609 0.999914289 37.891033173
0.999971628 -0.001304056 -0.007419171 0.668596566 0.001378662 0.999948442 0.010059569 -1.201017141 0.007405670 -0.010069514 0.999921858 38.435432434
0.999967575 -0.002058880 -0.007788538 0.665135026 0.002138716 0.999945104 0.010256069 -1.225842714 0.007766995 -0.010272395 0.999917090 38.974201202
0.999966323 -0.001801238 -0.008011794 0.671217918 0.001881658 0.999947786 0.010041539 -1.233231902 0.007993289 -0.010056275 0.999917507 39.529773712
0.999965668 -0.001905465 -0.008060434 0.690559149 0.001990622 0.999942124 0.010570004 -1.255283475 0.008039827 -0.010585685 0.999911606 40.060398102
0.999964535 -0.002296141 -0.008100127 0.697499514 0.002383399 0.999939024 0.010779229 -1.271226883 0.008074881 -0.010798153 0.999909103 40.628547668
0.999966264 -0.001496950 -0.008075748 0.701579928 0.001583817 0.999940813 0.010760799 -1.274312258 0.008059161 -0.010773227 0.999909580 41.145320892
0.999960363 -0.002193064 -0.008631794 0.708128095 0.002284753 0.999940872 0.010626716 -1.290549994 0.008607979 -0.010646016 0.999906301 41.679271698
0.999957025 -0.002701839 -0.008872110 0.719864726 0.002796972 0.999938488 0.010727803 -1.296301126 0.008842582 -0.010752156 0.999903142 42.228637695
0.999956906 -0.002529805 -0.008945940 0.725980401 0.002625709 0.999939024 0.010724967 -1.304184437 0.008918262 -0.010747992 0.999902487 42.781089783
0.999953687 -0.002649506 -0.009255401 0.742581964 0.002752668 0.999933958 0.011151179 -1.322893977 0.009225245 -0.011176138 0.999894977 43.319091797
0.999959111 -0.002403346 -0.008718502 0.727732062 0.002496171 0.999940157 0.010651589 -1.333207726 0.008692380 -0.010672917 0.999905288 43.826732635
0.999962628 -0.001736014 -0.008476933 0.732844830 0.001825886 0.999942064 0.010605758 -1.342426419 0.008458030 -0.010620840 0.999907911 44.368389130
0.999959111 -0.002130342 -0.008785107 0.739532828 0.002222971 0.999941885 0.010547659 -1.352046728 0.008762127 -0.010566757 0.999905765 44.907100677
0.999956846 -0.002219975 -0.009020525 0.752638817 0.002315974 0.999940693 0.010645868 -1.372457743 0.008996357 -0.010666301 0.999902666 45.444541931
0.999955833 -0.002429152 -0.009074761 0.760333896 0.002526848 0.999938846 0.010769795 -1.387069225 0.009048045 -0.010792250 0.999900818 45.966888428
0.999956131 -0.002144834 -0.009109861 0.765244484 0.002244860 0.999937177 0.010984056 -1.396592736 0.009085729 -0.011004024 0.999898195 46.520412445
0.999957979 -0.002067997 -0.008933396 0.753774643 0.002165603 0.999937892 0.010930108 -1.404650927 0.008910239 -0.010948997 0.999900281 47.037197113
0.999958038 -0.001816764 -0.008984339 0.758753896 0.001912948 0.999940872 0.010708807 -1.410893798 0.008964353 -0.010725545 0.999902248 47.587841034
0.999954581 -0.002171780 -0.009282599 0.767569542 0.002272624 0.999938309 0.010867030 -1.422539234 0.009258427 -0.010887634 0.999897838 48.132354736
0.999950230 -0.002921948 -0.009541757 0.786784291 0.003024497 0.999937654 0.010750689 -1.437575340 0.009509750 -0.010779014 0.999896646 48.654293060
0.999955177 -0.002397339 -0.009160047 0.784140587 0.002498215 0.999936283 0.011017228 -1.445160151 0.009133050 -0.011039618 0.999897361 49.148899078
0.999959230 -0.001976453 -0.008811461 0.784273863 0.002075237 0.999934971 0.011215907 -1.453883171 0.008788719 -0.011233733 0.999898314 49.691680908
0.999955237 -0.002419072 -0.009144368 0.788955450 0.002519492 0.999936402 0.010986073 -1.465313435 0.009117210 -0.011008619 0.999897838 50.205440521
0.999955297 -0.002279925 -0.009177411 0.798029304 0.002381353 0.999936044 0.011056295 -1.472704530 0.009151615 -0.011077655 0.999896765 50.745361328
0.999956489 -0.002031353 -0.009097053 0.797438443 0.002133331 0.999934852 0.011214538 -1.482775927 0.009073678 -0.011233458 0.999895751 51.265396118
0.999952853 -0.002439165 -0.009398318 0.807435751 0.002538894 0.999940515 0.010614078 -1.489502907 0.009371869 -0.010637439 0.999899507 51.820133209
0.999956965 -0.001890617 -0.009081193 0.811165154 0.001991845 0.999935865 0.011150998 -1.501974344 0.009059528 -0.011168607 0.999896586 52.325775146
0.999952018 -0.002518632 -0.009464371 0.821482480 0.002619227 0.999940097 0.010631488 -1.505987287 0.009437027 -0.010655765 0.999898791 52.890762329
0.999956369 -0.001882100 -0.009144520 0.822722793 0.001980375 0.999940276 0.010749814 -1.521100760 0.009123742 -0.010767454 0.999900401 53.421657562
0.999956787 -0.001607757 -0.009156214 0.827025890 0.001710912 0.999935031 0.011269434 -1.531439781 0.009137499 -0.011284616 0.999894500 53.911300659
0.999957263 -0.001683209 -0.009106690 0.830359817 0.001782144 0.999939382 0.010866804 -1.541998386 0.009087846 -0.010882567 0.999899447 54.466270447
0.999956846 -0.001561379 -0.009156591 0.832605541 0.001664697 0.999934912 0.011286641 -1.551374912 0.009138371 -0.011301396 0.999894381 55.019973755
0.999957502 -0.001666118 -0.009065397 0.842824161 0.001769413 0.999933481 0.011398390 -1.564124823 0.009045805 -0.011413946 0.999893963 55.473861694
0.999963045 -0.001281262 -0.008498533 0.845716596 0.001377026 0.999935448 0.011272028 -1.575590372 0.008483543 -0.011283314 0.999900341 56.020202637
0.999963045 -0.001287655 -0.008509836 0.849453449 0.001384823 0.999933839 0.011422276 -1.580341101 0.008494564 -0.011433637 0.999898612 56.578842163
0.999960005 -0.001912080 -0.008731310 0.852617502 0.002014085 0.999929786 0.011688875 -1.599529505 0.008708347 -0.011705995 0.999893606 57.131786346
0.999958515 -0.001803127 -0.008926871 0.865504384 0.001904852 0.999933183 0.011399973 -1.607136011 0.008905719 -0.011416505 0.999895155 57.569774628
0.999958038 -0.001460436 -0.009043212 0.871701419 0.001563528 0.999933720 0.011403274 -1.615569115 0.009025958 -0.011416935 0.999894083 58.112777710
0.999958813 -0.001129769 -0.008997221 0.875368595 0.001233963 0.999932051 0.011583628 -1.627962589 0.008983524 -0.011594252 0.999892414 58.637214661
0.999959230 -0.001322041 -0.008927205 0.889834702 0.001424714 0.999932766 0.011504580 -1.634105206 0.008911394 -0.011516829 0.999893963 59.182178497
0.999956667 -0.001585016 -0.009171060 0.897992671 0.001690821 0.999931991 0.011540695 -1.644168973 0.009152145 -0.011555702 0.999891281 59.668651581
0.999957800 -0.001375600 -0.009088900 0.905424893 0.001476238 0.999937534 0.011075214 -1.653557301 0.009073097 -0.011088163 0.999897361 60.222454071
0.999955535 -0.001036125 -0.009378619 0.925933123 0.001144806 0.999932230 0.011590247 -1.668266058 0.009365974 -0.011600467 0.999888778 60.761955261
0.999953032 -0.001435763 -0.009587510 0.933992743 0.001545954 0.999932766 0.011495762 -1.676890850 0.009570361 -0.011510043 0.999887943 61.305881500
0.999958217 -0.001268658 -0.009044411 0.938674271 0.001371901 0.999933898 0.011417988 -1.696147203 0.009029327 -0.011429921 0.999893844 61.817863464
0.999956012 -0.001887616 -0.009187720 0.925833821 0.001996311 0.999927878 0.011835725 -1.697340727 0.009164717 -0.011853545 0.999887764 62.286766052
0.999955297 -0.001892928 -0.009268542 0.937100708 0.002003280 0.999927044 0.011911224 -1.710478663 0.009245320 -0.011929258 0.999886096 62.832530975
0.999959052 -0.000936663 -0.009000160 0.941140473 0.001044796 0.999927223 0.012017366 -1.720364690 0.008988249 -0.012026277 0.999887347 63.372962952
0.999954760 -0.001455020 -0.009401407 0.956090868 0.001564392 0.999931037 0.011636714 -1.726255774 0.009383827 -0.011650896 0.999888182 63.918540955
0.999956727 -0.001227965 -0.009222473 0.950819671 0.001333534 0.999933481 0.011449510 -1.729882956 0.009207802 -0.011461311 0.999891937 64.492179871
0.999957502 -0.001413413 -0.009104359 0.965121150 0.001523668 0.999925494 0.012114652 -1.742401123 0.009086557 -0.012128009 0.999885142 64.932975769
0.999960899 -0.001156715 -0.008756210 0.966127694 0.001262701 0.999925911 0.012108255 -1.749043226 0.008741556 -0.012118841 0.999888301 65.490188599
0.999961734 -0.000682198 -0.008712346 0.971187830 0.000786023 0.999928713 0.011919205 -1.757878780 0.008703593 -0.011925599 0.999890983 66.026191711
0.999953866 -0.001869360 -0.009414098 0.984145582 0.001984837 0.999922752 0.012272015 -1.769138336 0.009390430 -0.012290138 0.999880373 66.557464600
0.999959409 -0.001769735 -0.008835348 0.973426700 0.001874038 0.999928474 0.011810807 -1.776257515 0.008813815 -0.011826886 0.999891222 67.093841553
0.999964058 -0.000362228 -0.008473299 0.968284726 0.000462919 0.999929190 0.011884369 -1.822001219 0.008468397 -0.011887863 0.999893486 67.591300964
0.999961317 -0.000320651 -0.008782940 0.978859246 0.000426249 0.999927521 0.012023924 -1.830896139 0.008778450 -0.012027201 0.999889195 68.138389587
0.999963880 0.000468256 -0.008481732 0.983554482 -0.000365628 0.999926686 0.012097339 -1.847772360 0.008486775 -0.012093802 0.999890864 68.682357788
0.999960840 0.000464455 -0.008833581 0.993444681 -0.000361010 0.999931276 0.011708379 -1.843332767 0.008838413 -0.011704732 0.999892473 69.207145691
0.999960959 -0.000675594 -0.008807668 1.005868912 0.000775597 0.999935210 0.011355615 -1.852985978 0.008799425 -0.011362003 0.999896765 69.776329041
0.999965191 -0.000333968 -0.008333813 0.994692743 0.000434465 0.999927163 0.012060066 -1.873439193 0.008329181 -0.012063268 0.999892473 70.210845947
0.999964297 -0.000565544 -0.008431272 1.000632405 0.000668168 0.999925613 0.012174004 -1.881838560 0.008423761 -0.012179203 0.999890268 70.759323120
0.999960661 -0.000510486 -0.008854154 1.009600639 0.000613866 0.999931633 0.011677071 -1.886174679 0.008847587 -0.011682047 0.999892592 71.321243286
0.999962151 -0.000956970 -0.008651863 1.024706960 0.001059762 0.999928832 0.011884083 -1.908802032 0.008639874 -0.011892803 0.999891937 71.800315857
0.999964654 -0.000226532 -0.008398870 1.021982431 0.000326881 0.999928474 0.011948472 -1.907636166 0.008395562 -0.011950794 0.999893367 72.349548340
0.999967039 -0.000151690 -0.008119372 1.030519724 0.000251027 0.999925137 0.012234859 -1.920567036 0.008116907 -0.012236496 0.999892235 72.904869080
0.999967813 0.000344270 -0.008019153 1.025769234 -0.000248541 0.999928713 0.011935584 -1.930094361 0.008022689 -0.011933207 0.999896646 73.427703857
0.999970019 0.000586114 -0.007714064 1.041792631 -0.000493326 0.999927521 0.012024799 -1.950127721 0.007720554 -0.012020634 0.999897957 73.893997192
0.999970555 0.000900880 -0.007614798 1.039016962 -0.000810364 0.999929011 0.011881664 -1.942771435 0.007624962 -0.011875145 0.999900460 74.419242859
0.999968112 0.000374295 -0.007976337 1.048979044 -0.000278012 0.999927044 0.012068700 -1.957056284 0.007980274 -0.012066098 0.999895275 74.953552246
0.999969244 0.001198286 -0.007743328 1.052539825 -0.001106186 0.999928713 0.011887474 -1.964060068 0.007757019 -0.011878544 0.999899328 75.507965088
0.999968648 0.000756970 -0.007887457 1.060275555 -0.000663192 0.999929070 0.011885283 -1.977507353 0.007895896 -0.011879679 0.999898195 76.033012390
0.999967039 0.000654817 -0.008087968 1.073148489 -0.000557611 0.999927580 0.012014965 -1.988383651 0.008095250 -0.012010057 0.999895096 76.593048096
0.999968112 0.000192255 -0.007982466 1.092839241 -0.000099740 0.999932766 0.011588565 -1.988208771 0.007984158 -0.011587399 0.999900937 77.095008850
0.999967337 -0.000060079 -0.008077862 1.092880726 0.000153756 0.999932766 0.011596611 -1.993477225 0.008076622 -0.011597476 0.999900043 77.621665955
0.999966145 -0.000401716 -0.008226236 1.102361441 0.000496420 0.999933660 0.011513554 -2.006564379 0.008221067 -0.011517248 0.999899805 78.168304443
0.999967396 0.000401848 -0.008054292 1.114099979 -0.000310051 0.999934971 0.011395293 -2.006906033 0.008058347 -0.011392427 0.999902606 78.679260254
0.999970138 -0.000055010 -0.007726606 1.123367548 0.000144145 0.999933422 0.011536052 -2.014373779 0.007725458 -0.011536818 0.999903560 79.218978882
0.999979138 0.000444659 -0.006437191 1.127127051 -0.000372836 0.999937713 0.011154484 -2.019314766 0.006441751 -0.011151851 0.999917090 79.759956360
0.999986112 0.000118887 -0.005265082 1.147433996 -0.000061128 0.999939859 0.010969051 -2.018324137 0.005266069 -0.010968577 0.999925971 80.318695068
0.999994636 0.000309566 -0.003250821 1.149127364 -0.000272837 0.999936163 0.011292752 -2.038068295 0.003254110 -0.011291806 0.999930918 80.860900879
0.999999344 0.001132555 0.000157856 1.170915008 -0.001134252 0.999936700 0.011195920 -2.049844027 -0.000145166 -0.011196092 0.999937296 81.376426697
0.999990523 0.001500906 0.004081150 1.187362909 -0.001548968 0.999929249 0.011798968 -2.061994076 -0.004063151 -0.011805177 0.999922037 81.920639038
0.999973714 0.001110825 0.007153029 1.202867508 -0.001189978 0.999937952 0.011070905 -2.065134287 -0.007140288 -0.011079126 0.999913096 82.489891052
0.999932289 0.000776753 0.011610757 1.237599730 -0.000903280 0.999940217 0.010896064 -2.072089195 -0.011601599 -0.010905816 0.999873221 83.019935608
0.999838293 0.001397471 0.017926790 1.269163847 -0.001598932 0.999935746 0.011228599 -2.074778080 -0.017909944 -0.011255446 0.999776185 83.603248596
0.999734879 0.000157663 0.023023721 1.295422077 -0.000407487 0.999941111 0.010846429 -2.094548941 -0.023020655 -0.010852935 0.999676108 84.135673523
0.999566317 0.000657177 0.029441608 1.305727124 -0.000978023 0.999940276 0.010884614 -2.102781296 -0.029432697 -0.010908687 0.999507248 84.670143127
0.999321163 0.000259096 0.036838166 1.366340518 -0.000658537 0.999941111 0.010831426 -2.107328892 -0.036833189 -0.010848333 0.999262571 85.251564026
0.999002993 0.000012689 0.044642203 1.411988735 -0.000490288 0.999942780 0.010687438 -2.116794586 -0.044639517 -0.010698670 0.998945951 85.802551270
0.998678267 -0.000219856 0.051396471 1.454840899 -0.000333425 0.999942124 0.010756156 -2.125093699 -0.051395856 -0.010759077 0.998620391 86.338233948
0.998169422 -0.000310422 0.060478814 1.509110689 -0.000343296 0.999941647 0.010798349 -2.129447937 -0.060478639 -0.010799345 0.998111069 86.898590088
0.997535229 -0.000617493 0.070165113 1.575984478 -0.000146134 0.999940813 0.010877633 -2.148479700 -0.070167676 -0.010861075 0.997476101 87.420104980
0.996912718 -0.000810207 0.078513034 1.646304607 -0.000035406 0.999942005 0.010768359 -2.157653809 -0.078517213 -0.010737896 0.996854901 87.973297119
0.996250093 -0.000783904 0.086517021 1.708631516 -0.000111039 0.999946535 0.010338830 -2.165331841 -0.086520500 -0.010309668 0.996196747 88.522109985
0.995241523 -0.000357165 0.097437203 1.787176609 -0.000680641 0.999943376 0.010617570 -2.179245949 -0.097435474 -0.010633369 0.995185077 89.067344666
0.994136393 -0.000673645 0.108131029 1.874009609 -0.000501202 0.999941170 0.010837487 -2.193593264 -0.108131960 -0.010828136 0.994077504 89.622833252
0.993083298 -0.000949978 0.117407605 1.959553719 -0.000305962 0.999942899 0.010678780 -2.207792997 -0.117411047 -0.010640840 0.993026376 90.173393250
0.991797507 -0.001257622 0.127812713 2.068539619 -0.000127170 0.999941409 0.010825810 -2.210375786 -0.127818823 -0.010753263 0.991739333 90.745574951
0.990188539 -0.001757448 0.139726847 2.180582047 0.000251936 0.999941766 0.010791636 -2.226385593 -0.139737651 -0.010650553 0.990131259 91.278602600
0.988673151 -0.003001797 0.150054812 2.291499138 0.001392993 0.999940515 0.010825396 -2.238317013 -0.150078386 -0.010493752 0.988618374 91.816360474
0.986998379 -0.002661851 0.160708815 2.396287918 0.000992500 0.999944746 0.010466802 -2.239941835 -0.160727829 -0.010171213 0.986946285 92.378730774
0.984839082 -0.003661172 0.173432231 2.525053024 0.001899335 0.999944985 0.010323520 -2.244539976 -0.173460469 -0.009837599 0.984791696 92.901016235
0.982619882 -0.003622624 0.185593575 2.644256592 0.001668206 0.999941528 0.010685714 -2.264201641 -0.185621426 -0.010190387 0.982568502 93.437469482
0.980620265 -0.004327414 0.195870236 2.770334244 0.002297507 0.999941289 0.010589551 -2.268942833 -0.195904568 -0.009934315 0.980572641 93.977668762
0.977896094 -0.004543278 0.209041998 2.911560059 0.002351997 0.999939620 0.010729877 -2.280112982 -0.209078118 -0.010001040 0.977847755 94.506210327
0.974924862 -0.004241958 0.222493976 3.050514221 0.001889843 0.999940097 0.010783430 -2.287603855 -0.222526416 -0.010092554 0.974874437 95.043594360
0.972224593 -0.004289130 0.234010637 3.200096130 0.001778422 0.999938607 0.010938993 -2.295820713 -0.234043196 -0.010218989 0.972172499 95.584487915
0.969368041 -0.005128063 0.245559230 3.378797531 0.002550484 0.999938250 0.010813642 -2.314449310 -0.245599493 -0.009856102 0.969321251 96.077301025
0.965845466 -0.005629173 0.259057403 3.547546387 0.002910086 0.999936581 0.010878375 -2.327020168 -0.259102225 -0.009752950 0.965800583 96.584663391
0.962565362 -0.006018332 0.270982981 3.722112656 0.003162621 0.999934733 0.010973794 -2.334624290 -0.271031320 -0.009705977 0.962521553 97.134704590
0.959197044 -0.006074240 0.282673210 3.937829971 0.003001744 0.999931574 0.011301247 -2.349453926 -0.282722592 -0.009991611 0.959149659 97.725776672
0.954950631 -0.005680064 0.296710491 4.109788895 0.002549072 0.999936938 0.010938164 -2.334397078 -0.296753883 -0.009689069 0.954904795 98.222480774
0.950580895 -0.006583661 0.310407132 4.321390152 0.003231911 0.999930739 0.011310994 -2.364931345 -0.310460120 -0.009748805 0.950536430 98.767677307
0.946731687 -0.006376106 0.321960479 4.517774582 0.002716546 0.999926507 0.011814488 -2.376895905 -0.322012156 -0.010310530 0.946679413 99.281242371
0.942371011 -0.007371993 0.334488451 4.722391129 0.003632905 0.999923766 0.011802754 -2.384114265 -0.334550053 -0.009907410 0.942325830 99.777549744
0.937381804 -0.007631340 0.348219901 4.935762405 0.003775547 0.999923825 0.011750127 -2.393801451 -0.348283052 -0.009699636 0.937339246 100.285575867
0.932806134 -0.008009587 0.360289693 5.154424667 0.004098993 0.999924183 0.011616800 -2.401508808 -0.360355437 -0.009359396 0.932768106 100.793434143
0.928604126 -0.008217988 0.370980859 5.379364014 0.004077297 0.999920368 0.011944385 -2.415280581 -0.371049464 -0.009579008 0.928563714 101.288917542
0.923116565 -0.008493266 0.384426355 5.611955643 0.004180949 0.999918580 0.012051911 -2.420049906 -0.384497464 -0.009518052 0.923076928 101.789733887
0.917457640 -0.009093419 0.397729486 5.849742889 0.004680858 0.999916255 0.012063905 -2.425938606 -0.397805899 -0.009206407 0.917423427 102.284484863
0.912445843 -0.009436007 0.409088612 6.098838806 0.004968421 0.999915838 0.011982244 -2.437408924 -0.409167290 -0.008900625 0.912416041 102.774559021
0.906124294 -0.009896942 0.422895759 6.359657288 0.005246232 0.999912262 0.012159823 -2.442649364 -0.422978997 -0.008799701 0.906096697 103.278602600
0.899304211 -0.009595148 0.437218487 6.627071381 0.004749202 0.999914527 0.012175497 -2.452797413 -0.437298000 -0.008873035 0.899272859 103.761390686
0.893504918 -0.010364837 0.448933780 6.900020599 0.005455790 0.999910474 0.012227041 -2.462162495 -0.449020326 -0.008475631 0.893481374 104.247406006
0.887924552 -0.011005392 0.459857672 7.169876099 0.005928336 0.999904454 0.012483055 -2.471026421 -0.459951252 -0.008357819 0.887904823 104.716758728
0.880782962 -0.010840683 0.473395973 7.449806213 0.005692978 0.999908090 0.012305569 -2.477756023 -0.473485827 -0.008143503 0.880763710 105.192214966
0.874008656 -0.011660276 0.485770166 7.737243652 0.006266601 0.999899387 0.012726258 -2.484176159 -0.485869676 -0.008078733 0.873993933 105.661552429
0.868159294 -0.012209194 0.496135533 8.032257080 0.006689864 0.999894440 0.012899779 -2.490101099 -0.496240526 -0.007879985 0.868149281 106.129455566
