1.000000000 0.000000000 0.000000000 0.000000000 0.000000000 1.000000000 0.000000000 0.000000000 0.000000000 0.000000000 1.000000000 0.000000000
1.000000000 0.000066534 0.000050744 0.000295489 -0.000066534 1.000000000 0.000004225 0.000225798 -0.000050744 -0.000004228 1.000000000 0.002186004
1.000000000 0.000040822 -0.000022970 0.000861205 -0.000040821 1.000000000 0.000045312 -0.001021988 0.000022972 -0.000045311 1.000000000 0.000718755
1.000000000 0.000038167 0.000027773 0.001382574 -0.000038168 1.000000000 0.000038462 -0.002000538 -0.000027771 -0.000038463 1.000000000 -0.003834954
1.000000000 -0.000037108 -0.000052086 0.000916808 0.000037113 1.000000000 0.000090414 0.000047639 0.000052083 -0.000090416 1.000000000 -0.001192834
1.000000000 -0.000025042 -0.000022715 -0.000107317 0.000025043 1.000000000 0.000040858 0.000917632 0.000022714 -0.000040859 1.000000000 -0.000476053
1.000000000 -0.000081124 -0.000047937 0.001112328 0.000081126 1.000000000 0.000048301 0.000811182 0.000047933 -0.000048305 1.000000000 -0.000759411
1.000000000 -0.000031598 -0.000012704 -0.000319358 0.000031599 1.000000000 0.000070616 -0.000936370 0.000012702 -0.000070616 1.000000000 0.000337418
1.000000000 0.000029146 -0.000029022 0.001297756 -0.000029145 1.000000000 0.000053973 0.002460357 0.000029024 -0.000053972 1.000000000 -0.001873547
1.000000000 0.000073349 0.000042250 0.000023424 -0.000073353 1.000000000 0.000095000 -0.000133779 -0.000042243 -0.000095003 1.000000000 0.001609573
1.000000000 0.000000386 0.000032186 0.000326183 -0.000000391 1.000000000 0.000149637 -0.002523412 -0.000032186 -0.000149637 1.000000000 -0.000752160
1.000000000 -0.000018885 -0.000018896 0.000643688 0.000018888 1.000000000 0.000126190 -0.000157976 0.000018893 -0.000126190 1.000000000 0.001653266
1.000000000 0.000037223 0.000014466 -0.000287130 -0.000037223 1.000000000 -0.000025878 0.002408179 -0.000014467 0.000025878 1.000000000 -0.000424438
1.000000000 -0.000063735 -0.000054848 0.000293356 0.000063741 1.000000000 0.000092721 0.001106084 0.000054842 -0.000092724 1.000000000 0.000531231
1.000000000 -0.000015089 -0.000085406 0.000721950 0.000015093 1.000000000 0.000047215 0.000403270 0.000085405 -0.000047216 1.000000000 -0.002278705
1.000000000 0.000001763 -0.000030356 0.000975226 -0.000001760 1.000000000 0.000119604 0.000591402 0.000030356 -0.000119604 1.000000000 -0.001417073
1.000000000 -0.000129113 -0.000025818 0.000112544 0.000129117 1.000000000 0.000135328 -0.000782254 0.000025800 -0.000135331 1.000000000 0.000676229
1.000000000 -0.000171157 -0.000030816 0.001257764 0.000171161 1.000000000 0.000139116 -0.001788315 0.000030792 -0.000139122 1.000000000 -0.001025453
1.000000000 -0.000098654 -0.000074095 0.001979655 0.000098668 1.000000000 0.000182238 -0.000244078 0.000074077 -0.000182245 1.000000000 -0.001010798
1.000000000 -0.000197628 -0.000057561 0.001031236 0.000197630 1.000000000 0.000033860 0.002241976 0.000057554 -0.000033871 1.000000000 -0.001468585
1.000000000 -0.000184659 -0.000101411 0.002843574 0.000184672 1.000000000 0.000128357 0.000426554 0.000101387 -0.000128375 1.000000000 0.000040125
1.000000000 -0.000147978 -0.000092171 0.001204011 0.000147991 1.000000000 0.000142362 -0.001947519 0.000092150 -0.000142375 1.000000000 -0.001952299
1.000000000 -0.000107070 -0.000097305 0.001761424 0.000107083 1.000000000 0.000130830 -0.000020403 0.000097291 -0.000130841 1.000000000 -0.001932155
1.000000000 -0.000104063 -0.000106802 0.001521525 0.000104077 1.000000000 0.000133417 -0.000122517 0.000106789 -0.000133428 1.000000000 -0.000841519
1.000000000 -0.000117430 -0.000051838 0.000516695 0.000117437 1.000000000 0.000136992 -0.002435451 0.000051822 -0.000136998 1.000000000 -0.001292406
1.000000000 -0.000071137 -0.000038442 0.000949427 0.000071142 1.000000000 0.000135548 -0.001188679 0.000038432 -0.000135550 1.000000000 0.000752404
1.000000000 -0.000095500 0.000012643 0.000315863 0.000095499 1.000000000 0.000066376 0.001570028 -0.000012649 -0.000066375 1.000000000 -0.001082158
1.000000000 -0.000165617 -0.000117091 0.002103070 0.000165636 1.000000000 0.000161143 0.000759442 0.000117064 -0.000161162 1.000000000 -0.001719850
1.000000000 -0.000163340 -0.000066623 0.000375859 0.000163345 1.000000000 0.000072393 -0.000161092 0.000066611 -0.000072404 1.000000000 -0.000344142
1.000000000 -0.000091088 -0.000132612 0.002584076 0.000091108 1.000000000 0.000146657 0.002066054 0.000132598 -0.000146669 1.000000000 -0.004711611
0.999999940 -0.000227561 -0.000131703 0.002808862 0.000227581 0.999999940 0.000151251 -0.000887282 0.000131668 -0.000151281 1.000000000 -0.001223593
0.999999940 -0.000218101 -0.000140038 0.000979709 0.000218126 0.999999940 0.000178588 -0.000916957 0.000139999 -0.000178619 1.000000000 -0.005028050
1.000000000 -0.000225002 -0.000092652 0.001772231 0.000225014 0.999999940 0.000133359 0.000067649 0.000092622 -0.000133380 1.000000000 -0.002050331
1.000000000 -0.000093911 -0.000010865 0.001120660 0.000093912 1.000000000 0.000064097 0.002305420 0.000010859 -0.000064098 1.000000000 -0.001217652
1.000000000 -0.000099143 -0.000063679 0.000811988 0.000099150 1.000000000 0.000112860 0.000194754 0.000063667 -0.000112866 1.000000000 -0.001143801
1.000000000 -0.000179830 -0.000124330 0.001383850 0.000179848 1.000000000 0.000142817 -0.000315030 0.000124305 -0.000142840 1.000000000 -0.001617427
0.999999940 -0.000280163 -0.000157531 0.003165076 0.000280180 0.999999940 0.000110014 -0.000101043 0.000157501 -0.000110058 1.000000000 -0.004392380
1.000000000 -0.000163245 -0.000139397 0.003079237 0.000163272 0.999999940 0.000192058 -0.001327604 0.000139366 -0.000192081 1.000000000 -0.002879758
1.000000000 -0.000177601 -0.000107399 0.000745199 0.000177619 0.999999940 0.000167896 -0.002372211 0.000107369 -0.000167915 1.000000000 -0.004720433
1.000000000 -0.000097020 -0.000116633 0.001461143 0.000097039 1.000000000 0.000162746 -0.001261334 0.000116617 -0.000162758 1.000000000 -0.004233794
1.000000000 -0.000151413 -0.000075024 0.001359262 0.000151422 1.000000000 0.000115087 -0.001248482 0.000075007 -0.000115098 1.000000000 -0.002912351
1.000000000 -0.000216103 0.000074947 0.000998721 0.000216135 0.999999881 -0.000437620 -0.003439295 -0.000074853 0.000437636 0.999999881 0.055984281
1.000000000 -0.000066161 -0.000048080 0.003085789 0.000066107 0.999999404 -0.001109985 -0.004831064 0.000048153 0.001109982 0.999999404 0.143300429
1.000000000 -0.000136004 -0.000089486 0.008932466 0.000135878 0.999998987 -0.001404961 -0.010168058 0.000089677 0.001404949 0.999998987 0.254602969
1.000000000 -0.000050971 0.000006079 0.009924272 0.000050979 0.999999046 -0.001363655 -0.013505091 -0.000006010 0.001363655 0.999999046 0.384499520
0.999999940 -0.000327993 -0.000120170 0.012548558 0.000327865 0.999999404 -0.001057652 -0.019827997 0.000120517 0.001057612 0.999999404 0.521993160
1.000000000 0.000028074 0.000116834 0.011695939 -0.000027965 0.999999583 -0.000936373 -0.021988086 -0.000116860 0.000936370 0.999999583 0.677924514
0.999999940 -0.000026369 0.000257296 0.015790537 0.000026578 0.999999642 -0.000811632 -0.024784271 -0.000257275 0.000811638 0.999999642 0.842278361
0.999999881 0.000326581 0.000314909 0.015839152 -0.000326378 0.999999762 -0.000642762 -0.029592771 -0.000315119 0.000642659 0.999999762 1.020077467
1.000000000 0.000099164 0.000175820 0.020284567 -0.000099065 0.999999821 -0.000567505 -0.036989301 -0.000175876 0.000567487 0.999999821 1.211921811
1.000000000 0.000117712 0.000094630 0.032574698 -0.000117684 0.999999940 -0.000301583 -0.040331617 -0.000094665 0.000301572 0.999999940 1.383313417
0.999999762 0.000669263 0.000008530 0.030071540 -0.000669261 0.999999762 -0.000250710 -0.045288686 -0.000008698 0.000250704 0.999999940 1.582248807
0.999999940 -0.000325311 0.000013151 0.037576322 0.000325312 0.999999940 -0.000047318 -0.053431876 -0.000013136 0.000047322 1.000000000 1.767606378
0.999999881 -0.000367515 -0.000293822 0.044798791 0.000367579 0.999999881 0.000218240 -0.057396352 0.000293741 -0.000218348 0.999999940 1.971678615
1.000000000 -0.000042420 0.000071939 0.047098290 0.000042406 1.000000000 0.000200578 -0.067098469 -0.000071948 -0.000200575 1.000000000 2.189485550
0.999999881 0.000526017 0.000117247 0.047723886 -0.000526052 0.999999821 0.000293228 -0.068968110 -0.000117092 -0.000293290 0.999999940 2.406533480
0.999998868 -0.000612459 0.001367872 0.026814610 0.000610532 0.999998808 0.001408832 -0.096230373 -0.001368734 -0.001407996 0.999998093 2.418616295
0.999998808 -0.000504426 0.001454799 0.028929096 0.000502347 0.999998868 0.001429061 -0.103063963 -0.001455518 -0.001428328 0.999997973 2.650106430
0.999999166 -0.000424536 0.001222098 0.033774372 0.000422477 0.999998450 0.001684316 -0.109747730 -0.001222811 -0.001683799 0.999997854 2.879942417
0.999998450 -0.000931501 0.001442357 0.041414104 0.000929226 0.999998331 0.001576766 -0.118266292 -0.001443823 -0.001575423 0.999997675 3.073399067
0.999998450 -0.000795156 0.001545666 0.046873748 0.000792472 0.999998212 0.001736457 -0.127395138 -0.001547044 -0.001735229 0.999997318 3.314681053
0.999998689 -0.000582553 0.001467701 0.057238873 0.000579891 0.999998152 0.001813580 -0.131441399 -0.001468755 -0.001812727 0.999997318 3.579272509
0.999998391 -0.000692762 0.001662742 0.057598498 0.000689546 0.999997854 0.001934315 -0.138483062 -0.001664078 -0.001933165 0.999996781 3.838181496
0.999997854 -0.000718971 0.001936606 0.051909208 0.000714663 0.999997199 0.002224074 -0.146420538 -0.001938200 -0.002222685 0.999995649 4.035860538
0.999998271 -0.000818908 0.001649661 0.059657697 0.000815169 0.999997020 0.002265899 -0.155061394 -0.001651512 -0.002264551 0.999996126 4.285695553
0.999997616 -0.000755299 0.002063677 0.069123574 0.000749835 0.999996245 0.002647512 -0.164332509 -0.002065669 -0.002645958 0.999994397 4.544739723
0.999997437 -0.000875271 0.002086164 0.073848210 0.000869720 0.999996066 0.002660132 -0.173015922 -0.002088484 -0.002658310 0.999994278 4.799789906
0.999997556 -0.001162289 0.001879335 0.074798472 0.001157417 0.999995887 0.002591309 -0.177543104 -0.001882339 -0.002589127 0.999994814 5.022985935
0.999997735 -0.000586526 0.002005199 0.079605624 0.000581464 0.999996543 0.002524150 -0.182733327 -0.002006672 -0.002522978 0.999994814 5.299639225
0.999997795 -0.000846397 0.001912182 0.083349258 0.000841459 0.999996305 0.002581629 -0.189556062 -0.001914360 -0.002580015 0.999994755 5.563985348
0.999997199 -0.001317106 0.001945231 0.088629507 0.001312106 0.999995768 0.002569318 -0.201403171 -0.001948607 -0.002566759 0.999994755 5.846040726
0.999997199 -0.001339410 0.001907460 0.099610612 0.001333725 0.999994695 0.002978470 -0.213567808 -0.001911439 -0.002975919 0.999993682 6.075867653
0.999997318 -0.000782265 0.002155517 0.101434544 0.000775795 0.999995172 0.003000628 -0.222400025 -0.002157854 -0.002998948 0.999993145 6.356747150
0.999997139 -0.000324211 0.002376262 0.105557583 0.000317227 0.999995589 0.002939011 -0.228735536 -0.002377205 -0.002938248 0.999992847 6.667481899
0.999997795 -0.000959106 0.001883054 0.123045646 0.000953208 0.999994695 0.003130560 -0.244161963 -0.001886046 -0.003128758 0.999993265 6.943276882
0.999997377 -0.000589364 0.002229956 0.126131520 0.000582317 0.999994874 0.003159311 -0.255412072 -0.002231806 -0.003158004 0.999992549 7.255218506
0.999996901 -0.001346291 0.002100217 0.132983014 0.001339403 0.999993861 0.003277463 -0.265769124 -0.002104616 -0.003274640 0.999992430 7.523290634
0.999996543 -0.001991785 0.001714842 0.143556893 0.001985872 0.999992192 0.003442805 -0.275081694 -0.001721686 -0.003439388 0.999992609 7.841822147
0.999996722 -0.001708866 0.001927520 0.142496273 0.001702270 0.999992728 0.003418274 -0.284420788 -0.001933347 -0.003414982 0.999992311 8.171308517
0.999996841 -0.001050742 0.002303813 0.139454976 0.001042234 0.999992669 0.003691131 -0.297715545 -0.002307674 -0.003688718 0.999990523 8.483960152
0.999996305 -0.000782242 0.002611311 0.138918504 0.000772240 0.999992490 0.003829349 -0.316324681 -0.002614286 -0.003827318 0.999989331 8.830606461
0.999995708 -0.001494922 0.002484000 0.149167031 0.001485270 0.999991357 0.003882911 -0.323284507 -0.002489783 -0.003879205 0.999989390 9.107389450
0.999995887 -0.001418093 0.002479308 0.159698933 0.001408112 0.999990940 0.004022733 -0.332871079 -0.002484990 -0.004019225 0.999988854 9.450430870
0.999996006 -0.001616964 0.002302771 0.169317901 0.001607729 0.999990702 0.004006880 -0.341521114 -0.002309228 -0.004003162 0.999989331 9.822628021
0.999995410 -0.001761082 0.002440769 0.179641619 0.001750788 0.999989569 0.004213329 -0.351290464 -0.002448164 -0.004209037 0.999988139 10.180300713
0.999995530 -0.001756961 0.002420516 0.193389386 0.001746729 0.999989510 0.004223078 -0.353448153 -0.002427910 -0.004218832 0.999988139 10.526355743
0.999995232 -0.001633522 0.002620111 0.196862727 0.001622518 0.999989927 0.004196291 -0.368522227 -0.002626939 -0.004192020 0.999987781 10.909724236
0.999994755 -0.002113734 0.002462348 0.199137822 0.002102559 0.999987543 0.004532127 -0.394445837 -0.002471897 -0.004526926 0.999986649 11.230948448
0.999995410 -0.001731984 0.002505300 0.206493437 0.001720347 0.999987781 0.004639687 -0.406494677 -0.002513306 -0.004635356 0.999986112 11.611467361
0.999995232 -0.001830880 0.002520327 0.223771483 0.001818574 0.999986470 0.004876250 -0.421689689 -0.002529221 -0.004871643 0.999984980 11.990550041
0.999995053 -0.001633420 0.002700809 0.227939099 0.001619558 0.999985576 0.005126869 -0.431388468 -0.002709144 -0.005122470 0.999983251 12.382612228
0.999995649 -0.001384517 0.002623969 0.227680773 0.001371358 0.999986589 0.005010086 -0.441523075 -0.002630870 -0.005006466 0.999984026 12.809926987
0.999994576 -0.000655413 0.003236343 0.230822131 0.000639333 0.999987483 0.004967238 -0.453247488 -0.003239558 -0.004965142 0.999982476 13.234064102
0.999993861 -0.002342366 0.002580970 0.252360165 0.002327959 0.999981701 0.005570752 -0.480152309 -0.002593971 -0.005564709 0.999981165 13.535231590
0.999992430 -0.002738996 0.002735039 0.263676554 0.002723371 0.999980092 0.005700163 -0.493506730 -0.002750597 -0.005692672 0.999980032 13.962550163
0.999993086 -0.002399541 0.002839579 0.273499310 0.002382895 0.999980032 0.005850971 -0.507582009 -0.002853562 -0.005844164 0.999978900 14.388866425
0.999991298 -0.002746669 0.003136497 0.281328797 0.002727424 0.999977469 0.006123766 -0.520970047 -0.003153247 -0.006115159 0.999976397 14.785669327
0.999990880 -0.002801203 0.003218486 0.298926562 0.002780642 0.999975801 0.006375369 -0.546250939 -0.003236267 -0.006366361 0.999974489 15.214905739
0.999989390 -0.002976424 0.003536740 0.307520866 0.002953368 0.999974430 0.006506586 -0.556342125 -0.003556016 -0.006496070 0.999972582 15.658049583
0.999989808 -0.002530337 0.003745922 0.320223093 0.002506740 0.999977052 0.006290835 -0.567843616 -0.003761754 -0.006281381 0.999973178 16.108736038
0.999987721 -0.003289851 0.003707968 0.330989838 0.003267090 0.999975860 0.006127762 -0.578628838 -0.003728038 -0.006115572 0.999974310 16.558776855
0.999985933 -0.003103108 0.004298000 0.339707762 0.003074707 0.999973476 0.006599057 -0.587946415 -0.004318363 -0.006585750 0.999969006 17.041332245
0.999982893 -0.003739629 0.004492479 0.328691930 0.003705601 0.999964476 0.007559172 -0.641500592 -0.004520588 -0.007542395 0.999961317 17.436048508
0.999981523 -0.003581858 0.004901554 0.340540200 0.003545244 0.999965906 0.007458305 -0.648466885 -0.004928101 -0.007440791 0.999960184 17.910419464
0.999982774 -0.004067149 0.004214737 0.357088357 0.004034790 0.999962449 0.007657825 -0.659387767 -0.004245725 -0.007640687 0.999961793 18.381925583
0.999980688 -0.004349241 0.004426765 0.373869717 0.004313654 0.999958456 0.008017274 -0.671253979 -0.004461451 -0.007998023 0.999958038 18.847229004
0.999981046 -0.004183207 0.004514061 0.393014878 0.004145125 0.999956131 0.008412860 -0.706171811 -0.004549057 -0.008393992 0.999954343 19.287389755
0.999979913 -0.004579880 0.004381938 0.406649917 0.004543777 0.999956012 0.008213785 -0.713878989 -0.004419363 -0.008193710 0.999956608 19.783472061
0.999982417 -0.004285824 0.004085925 0.413290143 0.004251405 0.999955714 0.008395666 -0.726677358 -0.004121727 -0.008378147 0.999956369 20.290294647
0.999984860 -0.003901742 0.003878162 0.421721458 0.003869023 0.999957204 0.008408806 -0.735219479 -0.003910806 -0.008393676 0.999957144 20.805727005
0.999986887 -0.004106385 0.003055164 0.429305762 0.004081351 0.999958336 0.008155564 -0.748099804 -0.003088527 -0.008142988 0.999962091 21.290977478
0.999985039 -0.004548284 0.003046106 0.439984530 0.004519687 0.999946237 0.009330052 -0.788097560 -0.003088377 -0.009316145 0.999951839 21.668739319
0.999987066 -0.004240898 0.002789700 0.445137352 0.004214741 0.999947667 0.009316262 -0.791377127 -0.002829063 -0.009304383 0.999952734 22.184312820
0.999987006 -0.004710619 0.001943611 0.461964756 0.004692669 0.999947250 0.009138546 -0.811566949 -0.001986557 -0.009129307 0.999956369 22.721338272
0.999980032 -0.006136331 0.001465680 0.458270937 0.006122237 0.999936759 0.009434020 -0.838838995 -0.001523478 -0.009424860 0.999954343 23.182380676
0.999987066 -0.004922820 0.001278812 0.465893328 0.004910578 0.999943733 0.009405978 -0.843728006 -0.001325044 -0.009399577 0.999954939 23.721767426
0.999984324 -0.005577490 -0.000332072 0.488371581 0.005580419 0.999938369 0.009593803 -0.851366520 0.000278542 -0.009595506 0.999953926 24.237924576
0.999989629 -0.004529267 -0.000276518 0.474037766 0.004531881 0.999936342 0.010325218 -0.878026247 0.000229734 -0.010326364 0.999946654 24.716646194
0.999988675 -0.004695126 -0.000712572 0.482144922 0.004701918 0.999940395 0.009850522 -0.881470680 0.000666280 -0.009853764 0.999951184 25.285621643
0.999985456 -0.005290621 -0.000977311 0.492364943 0.005300662 0.999929965 0.010574475 -0.893647432 0.000921297 -0.010579502 0.999943614 25.822847366
0.999981105 -0.005937126 -0.001594196 0.499750406 0.005953540 0.999927163 0.010496472 -0.911495864 0.001531761 -0.010505766 0.999943554 26.299179077
0.999987662 -0.004703803 -0.001588912 0.505190074 0.004719513 0.999938488 0.010032817 -0.920237362 0.001541622 -0.010040191 0.999948382 26.842321396
0.999990404 -0.003994523 -0.001830612 0.516183257 0.004013448 0.999937236 0.010453095 -0.932487428 0.001788742 -0.010460341 0.999943614 27.396209717
0.999986649 -0.004552770 -0.002460112 0.526412427 0.004577904 0.999936283 0.010309211 -0.946597338 0.002413020 -0.010320336 0.999943793 27.901966095
0.999983549 -0.005136806 -0.002543432 0.525881946 0.005165081 0.999923468 0.011237989 -0.975563407 0.002485510 -0.011250942 0.999933541 28.370101929
0.999977231 -0.005968043 -0.003122592 0.534002423 0.006003377 0.999916613 0.011431370 -0.988757253 0.003054108 -0.011449858 0.999929786 28.910388947
0.999975562 -0.006056069 -0.003494009 0.556751788 0.006093292 0.999923706 0.010742839 -0.990840197 0.003428683 -0.010763869 0.999936163 29.468202591
0.999981105 -0.004990403 -0.003563355 0.560594022 0.005028265 0.999930143 0.010696928 -1.004750252 0.003509724 -0.010714645 0.999936402 29.974113464
0.999975979 -0.005845346 -0.003719348 0.547524750 0.005889903 0.999909580 0.012083849 -1.037182331 0.003648378 -0.012105465 0.999920070 30.474197388
0.999971151 -0.006230271 -0.004330168 0.562752903 0.006281402 0.999909461 0.011896658 -1.045157075 0.004255658 -0.011923515 0.999919891 31.009616852
0.999967635 -0.006497070 -0.004751405 0.571922302 0.006556096 0.999900103 0.012514562 -1.051771998 0.004669623 -0.012545308 0.999910414 31.553998947
0.999971509 -0.005899343 -0.004708767 0.579228520 0.005955917 0.999909103 0.012092356 -1.070974708 0.004637003 -0.012120056 0.999915779 32.094398499
0.999977946 -0.005256856 -0.004053163 0.569402218 0.005305910 0.999911606 0.012188491 -1.083750129 0.003988732 -0.012209730 0.999917448 32.616371155
0.999971092 -0.006062658 -0.004584273 0.551178873 0.006122043 0.999895990 0.013053011 -1.121316314 0.004504661 -0.013080698 0.999904275 33.095401764
0.999968767 -0.006236740 -0.004866127 0.560548663 0.006297519 0.999900997 0.012576241 -1.125240564 0.004787211 -0.012606491 0.999909043 33.655155182
0.999965787 -0.006294004 -0.005374663 0.584146857 0.006361952 0.999898851 0.012720002 -1.139562726 0.005294059 -0.012753761 0.999904573 34.167289734
0.999962509 -0.006802164 -0.005361830 0.588948965 0.006869976 0.999895275 0.012731793 -1.134706020 0.005274666 -0.012768152 0.999904573 34.727504730
0.999965131 -0.006458321 -0.005294351 0.588157535 0.006527280 0.999892712 0.013112873 -1.154977202 0.005209096 -0.013146971 0.999899924 35.267616272
0.999963224 -0.006485825 -0.005613054 0.621607184 0.006559327 0.999891639 0.013177018 -1.164555788 0.005526981 -0.013213351 0.999897420 35.759063721
0.999955177 -0.007280280 -0.006053193 0.627303123 0.007360707 0.999883533 0.013372185 -1.172328472 0.005955135 -0.013416140 0.999892235 36.300060272
0.999955893 -0.007546660 -0.005587274 0.577511609 0.007631951 0.999852359 0.015404841 -1.250852466 0.005470193 -0.015446806 0.999865711 36.768768311
0.999958694 -0.007067766 -0.005714239 0.585423112 0.007152919 0.999861658 0.015021557 -1.255599976 0.005607279 -0.015061812 0.999870777 37.314178467
0.999952972 -0.007505728 -0.006140043 0.602757871 0.007597855 0.999856830 0.015121295 -1.261008739 0.006025668 -0.015167236 0.999866724 37.847808838
0.999950588 -0.007703673 -0.006295731 0.605201423 0.007802594 0.999844134 0.015841877 -1.282586098 0.006172710 -0.015890216 0.999854684 38.382926941
0.999955356 -0.007133489 -0.006185134 0.613587141 0.007229534 0.999851465 0.015647607 -1.284209251 0.006072592 -0.015691627 0.999858439 38.833560944
0.999956429 -0.007133978 -0.006016845 0.607648849 0.007224598 0.999858737 0.015176191 -1.290772796 0.005907729 -0.015219001 0.999866724 39.421607971
0.999947786 -0.008119507 -0.006202284 0.569478512 0.008221176 0.999829292 0.016546516 -1.348125458 0.006066875 -0.016596641 0.999843836 39.960937500
0.999941707 -0.008561417 -0.006579801 0.586072445 0.008670638 0.999822021 0.016754225 -1.362141132 0.006435190 -0.016810302 0.999837995 40.497119904
0.999943078 -0.008487788 -0.006462201 0.593303442 0.008594261 0.999824762 0.016630607 -1.367396235 0.006319911 -0.016685197 0.999840856 41.012500763
0.999935150 -0.009174896 -0.006754756 0.603942692 0.009289479 0.999810040 0.017131751 -1.371019602 0.006596291 -0.017193388 0.999830425 41.565078735
0.999933958 -0.009161851 -0.006934125 0.611833453 0.009279050 0.999811351 0.017062467 -1.390098333 0.006776493 -0.017125685 0.999830365 42.120018005
0.999932945 -0.009253246 -0.006960837 0.606013536 0.009372115 0.999807417 0.017242601 -1.394861460 0.006799946 -0.017306684 0.999827087 42.624851227
0.999939561 -0.008776656 -0.006608149 0.590692520 0.008886358 0.999820054 0.016758829 -1.402207375 0.006459873 -0.016816542 0.999837697 43.109729767
0.999942064 -0.008416852 -0.006696036 0.598881185 0.008527083 0.999825776 0.016607728 -1.406877518 0.006555084 -0.016663870 0.999839604 43.668247223
0.999930739 -0.009081737 -0.007474570 0.619518399 0.009206329 0.999816298 0.016806467 -1.413543463 0.007320566 -0.016874116 0.999830782 44.216041565
0.999932528 -0.008871716 -0.007492760 0.629669428 0.008995187 0.999821603 0.016608892 -1.427345991 0.007344074 -0.016675172 0.999833941 44.726829529
0.999939024 -0.008716590 -0.006771677 0.624013960 0.008834284 0.999806881 0.017549483 -1.445543528 0.006617397 -0.017608238 0.999823093 45.203742981
0.999942183 -0.008620359 -0.006432313 0.603124976 0.008734110 0.999802113 0.017870659 -1.481050968 0.006276988 -0.017925806 0.999819636 45.644702911
0.999943137 -0.008581743 -0.006336757 0.610158682 0.008690337 0.999812305 0.017313166 -1.481792450 0.006186991 -0.017367249 0.999830008 46.188690186
0.999942243 -0.008729474 -0.006277131 0.609948397 0.008835926 0.999814153 0.017135683 -1.483644009 0.006126378 -0.017190158 0.999833465 46.746444702
0.999951482 -0.008049352 -0.005688958 0.613176286 0.008148670 0.999810874 0.017655650 -1.499362707 0.005545765 -0.017701151 0.999827981 47.253673553
0.999949276 -0.008139127 -0.005942698 0.615077257 0.008242462 0.999811590 0.017576067 -1.498518109 0.005798525 -0.017624157 0.999827802 47.811424255
0.999937296 -0.008984776 -0.006685961 0.634517431 0.009108059 0.999784708 0.018643020 -1.529956102 0.006517019 -0.018702747 0.999803782 48.156642914
0.999940217 -0.008657438 -0.006685074 0.637820005 0.008778675 0.999793470 0.018324286 -1.534644842 0.006525054 -0.018381875 0.999809682 48.705341339
0.999944568 -0.008386191 -0.006369869 0.639819503 0.008500366 0.999799728 0.018114006 -1.541018009 0.006216686 -0.018167146 0.999815583 49.263431549
0.999943852 -0.008206592 -0.006702701 0.654255271 0.008329416 0.999794006 0.018507048 -1.548002005 0.006549440 -0.018561840 0.999806225 49.758258820
0.999927580 -0.009647825 -0.007195398 0.664444208 0.009774424 0.999794304 0.017771825 -1.544979692 0.007022458 -0.017840866 0.999816120 50.319046021
0.999940395 -0.008704412 -0.006588734 0.646596313 0.008827405 0.999782920 0.018874282 -1.565895081 0.006423014 -0.018931320 0.999800086 50.707523346
0.999936581 -0.008999676 -0.006761642 0.655191481 0.009124149 0.999785185 0.018609196 -1.571664572 0.006592712 -0.018669711 0.999803901 51.242725372
0.999939799 -0.008700167 -0.006679583 0.657158732 0.008824505 0.999784052 0.018816855 -1.577301502 0.006514431 -0.018874668 0.999800563 51.799789429
0.999945521 -0.008124704 -0.006543055 0.649873614 0.008245040 0.999793351 0.018579569 -1.581022501 0.006390750 -0.018632507 0.999805868 52.300846100
0.999950409 -0.007643219 -0.006392387 0.675239980 0.007762388 0.999792457 0.018830070 -1.587345600 0.006247140 -0.018878754 0.999802232 52.863231659
0.999947846 -0.008072059 -0.006260904 0.655129671 0.008187546 0.999792755 0.018645076 -1.598991632 0.006109102 -0.018695368 0.999806583 53.260459900
0.999952197 -0.007755668 -0.005956620 0.658248782 0.007866641 0.999791563 0.018838307 -1.600773573 0.005809276 -0.018884264 0.999804795 53.812385559
0.999955416 -0.007531042 -0.005698005 0.667781055 0.007634779 0.999801457 0.018408673 -1.607971907 0.005558236 -0.018451359 0.999814332 54.364013672
0.999959111 -0.007085616 -0.005626265 0.669992149 0.007184292 0.999817252 0.017716134 -1.601492405 0.005499707 -0.017755831 0.999827266 54.908325195
0.999959290 -0.007267002 -0.005346964 0.674953580 0.007363364 0.999806762 0.018228538 -1.608041644 0.005213463 -0.018267170 0.999819577 55.473464966
0.999963105 -0.006846420 -0.005194241 0.669657111 0.006937309 0.999819458 0.017686682 -1.619931221 0.005072212 -0.017722063 0.999830127 55.957164764
0.999953151 -0.007696361 -0.005870058 0.679128051 0.007805331 0.999793291 0.018772474 -1.623599887 0.005724365 -0.018817412 0.999806523 56.319839478
0.999945998 -0.008309856 -0.006248664 0.690273643 0.008425678 0.999788821 0.018743474 -1.632458568 0.006091589 -0.018795110 0.999804795 56.867931366
0.999951243 -0.007944168 -0.005867220 0.702172041 0.008052439 0.999793291 0.018666413 -1.638323188 0.005717718 -0.018712748 0.999808490 57.419540405
0.999952078 -0.007723059 -0.006019393 0.707654715 0.007832563 0.999800265 0.018385896 -1.632854342 0.005876196 -0.018432163 0.999812782 57.957092285
0.999949515 -0.007859685 -0.006246557 0.726905465 0.007971692 0.999804139 0.018113274 -1.634439468 0.006102969 -0.018162157 0.999816418 58.514209747
0.999958992 -0.007315564 -0.005336217 0.682757437 0.007415204 0.999793887 0.018897852 -1.656509042 0.005196869 -0.018936645 0.999807119 58.852748871
0.999948084 -0.008299507 -0.005895717 0.701481938 0.008411089 0.999780953 0.019160161 -1.665543199 0.005735406 -0.019208755 0.999799073 59.389091492
0.999954760 -0.007948062 -0.005216577 0.707865357 0.008045266 0.999789298 0.018885218 -1.671079040 0.005065377 -0.018926334 0.999808013 59.947154999
0.999953210 -0.007790655 -0.005726693 0.717640460 0.007895594 0.999796987 0.018536145 -1.656200051 0.005581121 -0.018580494 0.999811769 60.464885712
0.999949753 -0.008079673 -0.005922218 0.703487754 0.008188106 0.999794900 0.018519729 -1.679534316 0.005771370 -0.018567290 0.999810874 61.043155670
0.999966681 -0.006556712 -0.004863007 0.684684873 0.006644868 0.999809742 0.018339066 -1.685343862 0.004741839 -0.018370768 0.999819994 61.411544800
0.999962330 -0.006660271 -0.005579421 0.696467638 0.006761728 0.999808431 0.018367114 -1.688365221 0.005456022 -0.018404145 0.999815762 61.953681946
0.999963343 -0.006707503 -0.005318104 0.705664098 0.006804805 0.999805808 0.018494383 -1.698464274 0.005193019 -0.018529892 0.999814808 62.491737366
0.999959648 -0.006916163 -0.005734911 0.724249244 0.007020134 0.999807715 0.018312205 -1.701344728 0.005607158 -0.018351728 0.999815881 63.063781738
0.999949038 -0.007958495 -0.006216818 0.757299662 0.008070480 0.999801815 0.018200738 -1.705276012 0.006070735 -0.018249983 0.999815047 63.602939606
0.999968648 -0.006402906 -0.004645162 0.708393931 0.006488621 0.999804437 0.018678337 -1.721026540 0.004524658 -0.018707894 0.999814689 63.886596680
0.999965250 -0.006678885 -0.004995058 0.715791285 0.006769702 0.999807954 0.018391127 -1.717127800 0.004871265 -0.018424299 0.999818385 64.421859741
0.999957085 -0.007424868 -0.005528261 0.741189361 0.007527746 0.999794424 0.018827401 -1.738592148 0.005387333 -0.018868210 0.999807417 64.940063477
0.999969065 -0.006173055 -0.004871866 0.749078512 0.006264025 0.999802053 0.018883726 -1.749035358 0.004754331 -0.018913658 0.999809742 65.497299194
0.999960601 -0.007089262 -0.005331279 0.745166540 0.007185951 0.999805868 0.018341122 -1.734987736 0.005200219 -0.018378712 0.999817491 66.083045959
0.999960244 -0.006978820 -0.005549323 0.747101068 0.007072788 0.999828756 0.017097848 -1.734856725 0.005429050 -0.017136421 0.999838412 66.608840942
0.999959707 -0.007478389 -0.004970456 0.726364613 0.007569382 0.999799252 0.018547041 -1.737011790 0.004830758 -0.018583918 0.999815583 66.884422302
0.999964297 -0.006835432 -0.004980533 0.725238204 0.006926483 0.999804854 0.018499421 -1.738204360 0.004853110 -0.018533260 0.999816418 67.435409546
0.999962986 -0.007264371 -0.004619407 0.734922409 0.007348007 0.999804497 0.018353717 -1.740776658 0.004485175 -0.018386979 0.999820828 67.997489929
0.999972522 -0.005750521 -0.004682666 0.758418918 0.005834991 0.999816716 0.018229563 -1.756648421 0.004576978 -0.018256387 0.999822855 68.511672974
0.999936819 -0.009377204 -0.006196190 0.780047536 0.009488679 0.999789000 0.018213473 -1.753640175 0.006024092 -0.018271118 0.999814928 69.060661316
0.999939442 -0.009593266 -0.005401483 0.770944476 0.009685121 0.999804378 0.017244335 -1.750443697 0.005234997 -0.017295606 0.999836683 69.598152161
0.999958694 -0.007788599 -0.004682332 0.742908835 0.007872761 0.999802768 0.018233189 -1.754782796 0.004539395 -0.018269300 0.999822795 69.879302979
0.999960721 -0.007590204 -0.004583600 0.755852818 0.007673341 0.999801278 0.018401634 -1.766085863 0.004443015 -0.018436084 0.999820113 70.432189941
0.999977589 -0.005759653 -0.003390027 0.734028578 0.005819760 0.999821067 0.017996194 -1.772408128 0.003285768 -0.018015521 0.999832273 70.942581177
0.999978542 -0.005562163 -0.003451010 0.742246151 0.005622415 0.999827504 0.017702244 -1.770916104 0.003351951 -0.017721269 0.999837279 71.500053406
0.999967694 -0.007044726 -0.003856889 0.762138009 0.007113221 0.999811888 0.018043544 -1.779109478 0.003729052 -0.018070400 0.999829769 72.026687622
0.999968648 -0.006877034 -0.003922632 0.773256838 0.006943166 0.999829650 0.017102469 -1.781108737 0.003804348 -0.017129166 0.999846041 72.536216736
0.999968708 -0.006853556 -0.003931053 0.749176025 0.006921927 0.999820232 0.017651135 -1.781511068 0.003809374 -0.017677795 0.999836504 72.889770508
0.999968052 -0.007030276 -0.003814274 0.756377816 0.007096751 0.999818087 0.017703827 -1.790986538 0.003689117 -0.017730331 0.999836028 73.422958374
0.999969900 -0.006703729 -0.003906342 0.762216210 0.006770940 0.999824643 0.017453982 -1.796192765 0.003788649 -0.017479906 0.999840081 73.962692261
0.999977231 -0.005863851 -0.003323955 0.768395960 0.005920077 0.999835074 0.017165748 -1.787006497 0.003222750 -0.017185036 0.999847174 74.543815613
0.999976516 -0.006105504 -0.003075773 0.751247108 0.006158456 0.999827683 0.017511448 -1.802773118 0.002968326 -0.017529981 0.999841928 75.078918457
0.999962330 -0.007424046 -0.004479480 0.800830781 0.007494184 0.999846280 0.015849359 -1.786957979 0.004361125 -0.015882334 0.999864280 75.708503723
0.999971807 -0.006771228 -0.003235909 0.763921261 0.006826999 0.999822676 0.017546734 -1.813532114 0.003116522 -0.017568331 0.999840736 75.899253845
0.999975324 -0.006515052 -0.002618189 0.768279731 0.006559133 0.999830544 0.017196296 -1.815404534 0.002505711 -0.017213045 0.999848664 76.447586060
0.999981284 -0.005984562 -0.001305211 0.770746410 0.006005896 0.999837339 0.017004449 -1.817835808 0.001203234 -0.017011970 0.999854505 76.992362976
0.999984860 -0.005499823 -0.000044761 0.787151158 0.005499761 0.999830484 0.017571021 -1.832901716 -0.000051884 -0.017571002 0.999845624 77.514709473
0.999983609 -0.005454059 0.001777153 0.794069290 0.005422994 0.999840081 0.017039493 -1.824518561 -0.001869803 -0.017029574 0.999853194 78.088050842
0.999967813 -0.005909700 0.005430613 0.805610359 0.005814794 0.999832869 0.017328879 -1.840245605 -0.005532114 -0.017296743 0.999835074 78.473403931
0.999936938 -0.005922972 0.009542204 0.823499441 0.005755095 0.999829829 0.017525502 -1.845347047 -0.009644384 -0.017469477 0.999800861 79.020599365
0.999908626 -0.006041430 0.012091435 0.848806560 0.005828987 0.999829292 0.017528491 -1.846778512 -0.012195270 -0.017456407 0.999773204 79.567398071
0.999836683 -0.005234623 0.017300755 0.872961700 0.004938344 0.999841094 0.017123817 -1.843329191 -0.017387643 -0.017035583 0.999703646 80.073730469
0.999714673 -0.006325594 0.023040079 0.883933604 0.005932997 0.999836683 0.017068520 -1.848029852 -0.023144286 -0.016926950 0.999588847 80.547218323
0.999568760 -0.006729700 0.028584346 0.915871978 0.006244731 0.999835610 0.017021786 -1.854768634 -0.028694199 -0.016835945 0.999446511 81.096733093
0.999394417 -0.006485211 0.034186203 0.951108217 0.005896648 0.999833107 0.017289206 -1.858996630 -0.034292623 -0.017077154 0.999265969 81.630126953
0.999061644 -0.006718644 0.042787321 0.988532782 0.006001828 0.999839902 0.016859481 -1.857843280 -0.042893741 -0.016586857 0.998942018 82.189361572
0.998720527 -0.006647158 0.050130770 1.028780937 0.005806842 0.999840498 0.016889537 -1.866845131 -0.050235044 -0.016576825 0.998599827 82.664436340
0.998356283 -0.006785084 0.056908496 1.078648329 0.005828839 0.999839365 0.016952392 -1.869272470 -0.057014383 -0.016592816 0.998235464 83.216651917
0.997821867 -0.006917294 0.065601803 1.139586449 0.005849890 0.999847531 0.016449096 -1.869595289 -0.065705582 -0.016029503 0.997710288 83.753860474
0.997110963 -0.007543091 0.075583518 1.212274551 0.006275797 0.999835908 0.016990311 -1.885254025 -0.075699300 -0.016466876 0.996994793 84.282485962
0.996445596 -0.007111866 0.083936200 1.250586987 0.005741577 0.999846458 0.016555473 -1.877253771 -0.084041059 -0.016014701 0.996333539 84.768829346
0.995688856 -0.007231079 0.092473529 1.289238930 0.005703167 0.999843001 0.016776301 -1.885107994 -0.092580341 -0.016176583 0.995573819 85.275947571
0.994653463 -0.007345634 0.103007235 1.370240688 0.005701439 0.999851704 0.016247300 -1.884622097 -0.103111319 -0.015573141 0.994547963 85.823776245
0.993552923 -0.008556822 0.113045953 1.460270882 0.006732681 0.999841094 0.016508223 -1.894821882 -0.113169245 -0.015640689 0.993452668 86.367477417
0.992525160 -0.009640593 0.121658117 1.561900139 0.007687484 0.999834120 0.016513266 -1.910604715 -0.121797137 -0.015454588 0.992434740 86.903610229
0.990956366 -0.007780858 0.133958340 1.610768318 0.005531771 0.999837577 0.017153461 -1.894714952 -0.134070054 -0.016257307 0.990838468 87.401840210
0.989241421 -0.007710770 0.146088406 1.703515053 0.005303108 0.999843776 0.016863156 -1.901758909 -0.146195590 -0.015907010 0.989127815 87.933944702
0.987595081 -0.008548663 0.156789258 1.806086540 0.006027026 0.999844909 0.016551368 -1.899251580 -0.156906411 -0.015401078 0.987493396 88.474761963
0.985907137 -0.008436155 0.167080685 1.924096107 0.005712777 0.999843001 0.016773703 -1.903583288 -0.167195946 -0.015582819 0.985800564 89.041091919
0.983646631 -0.008447451 0.179911226 2.029663086 0.005565601 0.999848127 0.016516943 -1.914093971 -0.180023417 -0.015245521 0.983544111 89.552146912
0.981292069 -0.009371142 0.192296773 2.129994392 0.006196858 0.999834538 0.017102022 -1.897692680 -0.192425206 -0.015590444 0.981187701 89.965034485
0.979184091 -0.009642710 0.202744901 2.251897812 0.006282265 0.999832153 0.017211758 -1.907322168 -0.202876806 -0.015579782 0.979080260 90.490692139
0.976391196 -0.009821746 0.215786248 2.404205322 0.006257819 0.999832571 0.017193044 -1.909443259 -0.215918973 -0.015436785 0.976289213 91.048416138
0.973438382 -0.010951165 0.228687286 2.559669495 0.007222411 0.999827087 0.017135624 -1.918375492 -0.228835404 -0.015028799 0.973349094 91.557601929
0.970671237 -0.011269912 0.240146294 2.703962326 0.007319656 0.999822915 0.017335003 -1.927252054 -0.240299135 -0.015068800 0.970581889 92.094512939
0.967650056 -0.011684863 0.252025485 2.870126724 0.007616764 0.999824584 0.017111169 -1.931356549 -0.252181202 -0.014638005 0.967569292 92.618316650
0.963487923 -0.009246685 0.267592072 2.942655563 0.004717623 0.999834538 0.017563244 -1.900644422 -0.267710149 -0.015659574 0.963372231 93.104202271
0.959907949 -0.008758655 0.280178577 3.117593765 0.004079426 0.999842405 0.017279698 -1.906706214 -0.280285776 -0.015443952 0.959792316 93.637123108
0.956780136 -0.010251394 0.290631473 3.313779831 0.005346654 0.999829650 0.017665237 -1.912657261 -0.290763050 -0.015347841 0.956672013 94.143905640
0.952448368 -0.010193974 0.304529458 3.512485504 0.005077150 0.999832332 0.017589573 -1.922180891 -0.304657757 -0.015207017 0.952340543 94.667015076
0.948004127 -0.011513277 0.318049908 3.725442886 0.006306308 0.999828696 0.017396333 -1.919502020 -0.318195730 -0.014486073 0.947914362 95.227981567
0.944169343 -0.012139078 0.329236835 3.868932724 0.006701849 0.999821782 0.017644553 -1.936604619 -0.329392284 -0.014452948 0.944082558 95.646743774
0.939273655 -0.011004957 0.342992574 3.981538773 0.005341087 0.999833405 0.017453386 -1.880817294 -0.343127519 -0.014561549 0.939175904 96.091011047
0.934105635 -0.011384879 0.356815010 4.198825836 0.005508166 0.999831975 0.017481765 -1.887534022 -0.356954128 -0.014364417 0.934011459 96.593254089
0.929524004 -0.012846752 0.368537903 4.426771164 0.006782094 0.999819517 0.017746655 -1.890353441 -0.368699342 -0.013996482 0.929443300 97.082511902
0.924873590 -0.011257759 0.380107880 4.639379501 0.004992832 0.999834955 0.017463891 -1.893618464 -0.380241752 -0.014254075 0.924777329 97.609603882
0.920003176 -0.015208005 0.391615868 4.910373688 0.009291052 0.999812305 0.016999708 -1.897108197 -0.391800851 -0.012001258 0.919971824 98.045448303
0.913859785 -0.013797130 0.405795455 5.155059814 0.006962074 0.999807954 0.018314950 -1.931266546 -0.405970275 -0.013912117 0.913780391 98.589416504
0.908259630 -0.010773204 0.418268204 5.374954224 0.003944316 0.999844491 0.017187694 -1.880553484 -0.418388307 -0.013961107 0.908160925 99.159027100
0.901773095 -0.010656325 0.432078421 5.629104614 0.003656209 0.999848366 0.017028479 -1.884700894 -0.432194352 -0.013776056 0.901675165 99.635917664
0.894845068 -0.010596996 0.446251065 5.899795532 0.003300907 0.999847949 0.017123960 -1.891848087 -0.446364641 -0.013850259 0.894743979 100.129562378
0.888838828 -0.011099519 0.458085477 6.160900116 0.003673004 0.999846995 0.017099675 -1.904711485 -0.458205163 -0.013516304 0.888743639 100.583389282
0.883075774 -0.012026269 0.469076276 6.469768524 0.004669659 0.999847174 0.016843248 -1.895985126 -0.469207227 -0.012683438 0.882996976 101.133666992
0.875178277 -0.012085091 0.483649641 6.652988434 0.004579133 0.999850094 0.016697463 -1.871772289 -0.483778924 -0.012398561 0.875102401 101.526550293
