1.000000000 0.000000000 0.000000000 0.000000000 0.000000000 1.000000000 0.000000000 0.000000000 0.000000000 0.000000000 1.000000000 0.000000000
1.000000000 -0.000028370 -0.000134065 0.003919822 0.000028376 1.000000000 0.000047950 -0.000478019 0.000134064 -0.000047954 1.000000000 -0.000811613
1.000000000 0.000107261 -0.000032492 0.000727272 -0.000107260 1.000000000 0.000034096 -0.000536555 0.000032495 -0.000034093 1.000000000 -0.002853503
1.000000000 -0.000169200 -0.000145382 0.006162846 0.000169219 1.000000000 0.000126098 -0.001735675 0.000145361 -0.000126123 1.000000000 -0.002815072
1.000000000 -0.000143407 -0.000168608 0.003952025 0.000143420 1.000000000 0.000079069 -0.001478978 0.000168596 -0.000079093 1.000000000 -0.003096330
1.000000000 0.000054211 0.000018733 -0.000818872 -0.000054210 1.000000000 -0.000058381 -0.000573754 -0.000018736 0.000058380 1.000000000 -0.002364813
1.000000000 -0.000031552 -0.000088367 0.003105989 0.000031563 1.000000000 0.000123733 -0.002352841 0.000088363 -0.000123736 1.000000000 -0.005729183
1.000000000 -0.000046782 -0.000042051 -0.001259925 0.000046784 1.000000000 0.000052465 -0.000162891 0.000042048 -0.000052467 1.000000000 0.002696369
1.000000000 -0.000003345 -0.000079825 0.002322635 0.000003348 1.000000000 0.000038041 -0.002989723 0.000079825 -0.000038041 1.000000000 -0.007331860
1.000000000 -0.000076531 -0.000051916 0.001816198 0.000076536 1.000000000 0.000097698 -0.000728539 0.000051909 -0.000097702 1.000000000 -0.005981332
1.000000000 -0.000020999 0.000017077 0.000103408 0.000020999 1.000000000 0.000036224 -0.000853661 -0.000017078 -0.000036224 1.000000000 -0.002444156
0.999999940 -0.000228896 -0.000131209 0.001411921 0.000228908 0.999999940 0.000095986 -0.003011412 0.000131187 -0.000096016 1.000000000 -0.008421369
1.000000000 -0.000041253 0.000046820 0.000054840 0.000041249 1.000000000 0.000074617 -0.001758756 -0.000046823 -0.000074615 1.000000000 -0.004159351
1.000000000 -0.000106509 -0.000017488 0.001662152 0.000106512 1.000000000 0.000147888 -0.002619315 0.000017472 -0.000147890 1.000000000 -0.006772177
1.000000000 -0.000178178 -0.000080481 0.001742591 0.000178188 1.000000000 0.000120484 -0.001413145 0.000080460 -0.000120499 1.000000000 -0.006174768
1.000000000 -0.000083667 -0.000079776 0.000730010 0.000083676 1.000000000 0.000109718 -0.001865000 0.000079767 -0.000109725 1.000000000 -0.006113210
1.000000000 -0.000239434 -0.000046877 0.001126352 0.000239438 0.999999940 0.000088275 -0.001928325 0.000046856 -0.000088286 1.000000000 -0.007088119
1.000000000 -0.000079534 -0.000090271 0.002924455 0.000079550 1.000000000 0.000176256 -0.003163508 0.000090257 -0.000176263 1.000000000 -0.009989585
0.999999940 -0.000313940 -0.000061060 0.003325350 0.000313954 0.999999940 0.000219945 -0.004335243 0.000060991 -0.000219964 1.000000000 -0.009271684
1.000000000 -0.000139537 -0.000065537 0.001841878 0.000139544 1.000000000 0.000104467 -0.003585860 0.000065522 -0.000104476 1.000000000 -0.006327495
1.000000000 -0.000082770 -0.000057955 0.003276001 0.000082787 0.999999940 0.000296343 -0.006048236 0.000057930 -0.000296348 0.999999940 -0.008869055
1.000000000 -0.000004817 0.000012719 0.000075592 0.000004815 1.000000000 0.000132847 -0.001455902 -0.000012720 -0.000132846 1.000000000 -0.005503897
1.000000000 -0.000151893 -0.000181339 0.005425609 0.000151938 0.999999940 0.000245907 -0.003607099 0.000181302 -0.000245934 0.999999940 -0.013220547
0.999999940 -0.000257267 -0.000055443 -0.000147796 0.000257282 0.999999940 0.000273531 -0.004009841 0.000055373 -0.000273545 0.999999940 -0.007652674
0.999999940 -0.000234574 -0.000174657 0.005472906 0.000234616 0.999999940 0.000242746 -0.003819609 0.000174600 -0.000242787 0.999999940 -0.011770372
1.000000000 -0.000199988 -0.000106698 0.002732798 0.000200019 0.999999940 0.000289549 -0.003856617 0.000106640 -0.000289570 0.999999940 -0.011154208
1.000000000 -0.000047986 -0.000092253 0.001604771 0.000048004 1.000000000 0.000202638 -0.004791492 0.000092243 -0.000202643 1.000000000 -0.011048057
1.000000000 -0.000201220 -0.000097110 0.002647245 0.000201247 0.999999940 0.000271268 -0.004212121 0.000097055 -0.000271288 0.999999940 -0.006362547
1.000000000 -0.000187072 -0.000093599 -0.000444606 0.000187086 1.000000000 0.000148019 0.000392489 0.000093571 -0.000148036 1.000000000 -0.006154420
1.000000000 -0.000077495 -0.000058274 -0.001981534 0.000077506 1.000000000 0.000195909 -0.000767974 0.000058259 -0.000195913 1.000000000 0.000477813
1.000000000 -0.000128431 -0.000072973 -0.000799322 0.000128447 0.999999940 0.000216434 -0.001516796 0.000072945 -0.000216444 1.000000000 -0.001801530
0.999999940 -0.000291168 -0.000181942 -0.001452014 0.000291212 0.999999940 0.000240315 -0.003000663 0.000181872 -0.000240368 0.999999940 -0.009859736
0.999999940 -0.000358878 -0.000169294 0.002817543 0.000358921 0.999999881 0.000252975 -0.004002551 0.000169203 -0.000253036 0.999999940 -0.008545426
1.000000000 -0.000093750 -0.000137382 0.000620061 0.000093769 1.000000000 0.000139704 -0.001936957 0.000137369 -0.000139717 1.000000000 -0.003544676
1.000000000 -0.000194270 -0.000093857 0.000903736 0.000194284 0.999999940 0.000148727 -0.002739216 0.000093828 -0.000148745 1.000000000 -0.003489972
0.999999940 -0.000255515 -0.000071741 -0.000611628 0.000255513 0.999999940 -0.000022669 -0.000450844 0.000071747 0.000022651 1.000000000 -0.006226364
0.999999940 -0.000255095 -0.000105222 0.002561262 0.000255113 0.999999940 0.000167133 -0.001924270 0.000105179 -0.000167160 1.000000000 -0.008368753
0.999999940 -0.000241257 -0.000187293 0.001559385 0.000241290 0.999999940 0.000176424 -0.001457133 0.000187251 -0.000176469 0.999999940 -0.007470680
0.999999940 -0.000237507 -0.000117018 0.000323031 0.000237539 0.999999940 0.000278643 -0.002611610 0.000116952 -0.000278670 0.999999940 -0.009471056
0.999999940 -0.000325756 -0.000168031 0.002987911 0.000325799 0.999999940 0.000260801 -0.005071718 0.000167946 -0.000260856 0.999999940 -0.008152496
0.999999940 -0.000222932 -0.000172521 0.007854644 0.000222871 0.999999940 -0.000357535 -0.009433024 0.000172600 0.000357497 0.999999940 0.043648902
0.999999940 -0.000251795 -0.000183777 0.006295902 0.000251601 0.999999404 -0.001055263 -0.007301432 0.000184042 0.001055216 0.999999404 0.140240252
0.999999940 -0.000246418 -0.000127246 0.003370184 0.000246256 0.999999166 -0.001273985 -0.013561866 0.000127560 0.001273953 0.999999166 0.260839939
0.999999881 -0.000433897 0.000040019 0.001586422 0.000433948 0.999999106 -0.001271992 -0.018814845 -0.000039467 0.001272009 0.999999166 0.395014316
0.999999940 -0.000140381 -0.000215679 0.014126687 0.000140165 0.999999464 -0.001003413 -0.023697529 0.000215820 0.001003383 0.999999464 0.530436099
1.000000000 -0.000139391 -0.000124101 0.015986057 0.000139270 0.999999523 -0.000973780 -0.028625816 0.000124237 0.000973762 0.999999523 0.690185308
0.999999881 -0.000352339 0.000366208 0.009936241 0.000352621 0.999999642 -0.000771757 -0.031903204 -0.000365936 0.000771886 0.999999642 0.867592752
0.999999821 -0.000491116 -0.000371317 0.028604774 0.000490951 0.999999762 -0.000443165 -0.039345916 0.000371534 0.000442983 0.999999821 1.026909709
0.999999940 -0.000134321 0.000208849 0.024000840 0.000134455 0.999999762 -0.000641589 -0.039753415 -0.000208763 0.000641617 0.999999762 1.204398632
0.999999881 -0.000466488 -0.000117819 0.044100005 0.000466468 0.999999881 -0.000165214 -0.056288481 0.000117896 0.000165159 1.000000000 1.412248731
1.000000000 -0.000049244 0.000112766 0.040013812 0.000049279 0.999999940 -0.000311098 -0.062556148 -0.000112751 0.000311103 0.999999940 1.604300976
0.999999881 -0.000458418 0.000293015 0.025967138 0.000458345 0.999999881 0.000250110 -0.071327537 -0.000293130 -0.000249976 0.999999940 1.792431593
0.999999166 -0.000622158 0.001136140 0.026806783 0.000622140 0.999999940 0.000016138 -0.083252884 -0.001136149 -0.000015431 0.999999344 1.947780848
0.999998748 -0.000167112 0.001627594 0.025864603 0.000167618 0.999999940 -0.000311020 -0.086421847 -0.001627542 0.000311292 0.999998629 2.177451849
0.999998808 -0.000171661 0.001484959 0.034978826 0.000171737 1.000000000 -0.000051290 -0.091576442 -0.001484950 0.000051545 0.999998868 2.382193089
0.999998927 -0.000041288 0.001428554 0.042460907 0.000041211 1.000000000 0.000054241 -0.100948423 -0.001428556 -0.000054182 0.999998927 2.610659599
0.999997735 0.000348674 0.002119636 0.043003932 -0.000348352 1.000000000 -0.000152052 -0.101720572 -0.002119689 0.000151313 0.999997735 2.851650953
0.999997914 0.000348698 0.002030719 0.048247539 -0.000349582 0.999999821 0.000435042 -0.116415992 -0.002030567 -0.000435751 0.999997854 3.074993134
0.999998569 0.000052320 0.001774470 0.054228805 -0.000052856 1.000000000 0.000301854 -0.127956152 -0.001774454 -0.000301947 0.999998391 3.304856300
0.999998629 -0.000085869 0.001682624 0.064636000 0.000084919 0.999999881 0.000564504 -0.139103949 -0.001682672 -0.000564360 0.999998391 3.552299976
0.999998808 0.000038377 0.001573607 0.074018419 -0.000039211 0.999999881 0.000530052 -0.145373583 -0.001573586 -0.000530113 0.999998689 3.814687490
0.999998271 0.000032052 0.001882019 0.070652165 -0.000033536 0.999999762 0.000788696 -0.149986356 -0.001881993 -0.000788757 0.999997914 4.058311939
0.999997973 0.000174031 0.001965832 0.068756834 -0.000176240 0.999999344 0.001123411 -0.167196929 -0.001965635 -0.001123755 0.999997437 4.308419704
0.999998450 0.000079129 0.001725739 0.079447091 -0.000080849 0.999999464 0.000996876 -0.173948020 -0.001725659 -0.000997013 0.999997973 4.571013927
0.999997675 -0.000556526 0.002031615 0.080855131 0.000553957 0.999998987 0.001265228 -0.187912479 -0.002032317 -0.001264100 0.999997139 4.837957859
0.999997795 0.000266643 0.002066744 0.103959933 -0.000269148 0.999999225 0.001212153 -0.203972057 -0.002066419 -0.001212707 0.999997139 5.119352818
0.999998033 -0.000689538 0.001811648 0.089094043 0.000687509 0.999999106 0.001119857 -0.203884542 -0.001812418 -0.001118609 0.999997735 5.366072178
0.999997139 -0.001222390 0.002025923 0.089579053 0.001219900 0.999998510 0.001229931 -0.214196801 -0.002027424 -0.001227456 0.999997199 5.628204346
0.999997854 -0.000809503 0.001865972 0.095212363 0.000806770 0.999998689 0.001464782 -0.221385553 -0.001867155 -0.001463274 0.999997199 5.889978886
0.999997556 -0.000346649 0.002172624 0.102572478 0.000344542 0.999999464 0.000969980 -0.224905685 -0.002172960 -0.000969229 0.999997199 6.177880287
0.999997020 0.000104514 0.002447735 0.105038993 -0.000106682 0.999999523 0.000885380 -0.241136745 -0.002447641 -0.000885639 0.999996603 6.476064682
0.999997318 -0.000232204 0.002350508 0.108575016 0.000230998 0.999999821 0.000513212 -0.247960195 -0.002350626 -0.000512668 0.999997139 6.767641068
0.999997139 -0.000388436 0.002386780 0.115193747 0.000386621 0.999999583 0.000761002 -0.255487055 -0.002387075 -0.000760077 0.999996781 7.069763184
0.999997139 -0.000520132 0.002317347 0.124644026 0.000517672 0.999999225 0.001061798 -0.264038324 -0.002317898 -0.001060595 0.999996722 7.378872871
0.999996901 -0.000606578 0.002423084 0.126735732 0.000604523 0.999999464 0.000848627 -0.275720745 -0.002423597 -0.000847160 0.999996722 7.697870255
0.999996781 -0.001110291 0.002268758 0.144350767 0.001105776 0.999997437 0.001990393 -0.308510840 -0.002270962 -0.001987878 0.999995410 7.987575054
0.999996066 -0.001103724 0.002556902 0.148907498 0.001099679 0.999998152 0.001583104 -0.312134027 -0.002558645 -0.001580286 0.999995530 8.311861038
0.999996424 -0.001131091 0.002414936 0.150067896 0.001127972 0.999998569 0.001292671 -0.310901135 -0.002416394 -0.001289943 0.999996305 8.645598412
0.999996245 -0.001366133 0.002375398 0.158593953 0.001362893 0.999998152 0.001364706 -0.324536115 -0.002377258 -0.001361463 0.999996305 8.970954895
0.999994636 -0.001128207 0.003073511 0.158635557 0.001122532 0.999997675 0.001847658 -0.343590319 -0.003075588 -0.001844198 0.999993563 9.300000191
0.999994159 -0.001830535 0.002892402 0.164887115 0.001824865 0.999996483 0.001961614 -0.351038039 -0.002895982 -0.001956324 0.999993920 9.645975113
0.999994576 -0.001852619 0.002709008 0.176632300 0.001847929 0.999996841 0.001732966 -0.353757471 -0.002712210 -0.001727951 0.999994814 9.992553711
0.999994934 -0.001673044 0.002714413 0.185350284 0.001668129 0.999996960 0.001812123 -0.367539525 -0.002717437 -0.001807586 0.999994695 10.350836754
0.999993920 -0.001317306 0.003213222 0.191350847 0.001309122 0.999995887 0.002547611 -0.385760635 -0.003216564 -0.002543389 0.999991596 10.712196350
0.999994516 -0.000491391 0.003282505 0.195892081 0.000485003 0.999997914 0.001946534 -0.401308417 -0.003283456 -0.001944932 0.999992728 11.047987938
0.999993622 -0.000071489 0.003552967 0.198767245 0.000063543 0.999997497 0.002236422 -0.415615052 -0.003553118 -0.002236182 0.999991179 11.434047699
0.999994814 -0.000912900 0.003104495 0.218773156 0.000906683 0.999997556 0.002003538 -0.418595552 -0.003106317 -0.002000713 0.999993145 11.811028481
0.999993503 0.000005337 0.003602539 0.217953846 -0.000014182 0.999996901 0.002455090 -0.436651140 -0.003602515 -0.002455125 0.999990523 12.165337563
0.999993145 -0.000342587 0.003690373 0.225342453 0.000332883 0.999996424 0.002629642 -0.450269908 -0.003691261 -0.002628396 0.999989748 12.548609734
0.999992609 -0.001477961 0.003546379 0.239420623 0.001468081 0.999995053 0.002786762 -0.478757650 -0.003550480 -0.002781535 0.999989748 12.918487549
0.999993265 -0.000578476 0.003637441 0.248195797 0.000567348 0.999995172 0.003059433 -0.501577020 -0.003639193 -0.003057348 0.999988675 13.297566414
0.999992549 -0.001377412 0.003614493 0.264047205 0.001366004 0.999994099 0.003156789 -0.501100898 -0.003618820 -0.003151829 0.999988496 13.716360092
0.999990761 -0.000522053 0.004275583 0.260499090 0.000507201 0.999993801 0.003473956 -0.510192394 -0.004277370 -0.003471755 0.999984801 14.131465912
0.999987543 -0.002208307 0.004471227 0.258429855 0.002195330 0.999993384 0.002905106 -0.532086074 -0.004477613 -0.002895254 0.999985754 14.562809944
0.999984920 -0.002480431 0.004900482 0.269109666 0.002464197 0.999991477 0.003316029 -0.539408922 -0.004908665 -0.003303903 0.999982476 14.996211052
0.999983788 -0.002758218 0.004985012 0.286598802 0.002740230 0.999989808 0.003611646 -0.553570867 -0.004994922 -0.003597927 0.999981046 15.416160583
0.999982536 -0.000918633 0.005836927 0.300324380 0.000895892 0.999992013 0.003897463 -0.565600753 -0.005840461 -0.003892166 0.999975383 15.876609802
0.999979854 -0.001522172 0.006156892 0.301726550 0.001501419 0.999993145 0.003373793 -0.579041123 -0.006161985 -0.003364481 0.999975383 16.371446609
0.999980450 -0.001967563 0.005929173 0.308036685 0.001939656 0.999987006 0.004708765 -0.646533132 -0.005938360 -0.004697172 0.999971271 16.738363266
0.999979138 -0.000889513 0.006402316 0.321970791 0.000859321 0.999988496 0.004717094 -0.656217873 -0.006406438 -0.004711494 0.999968350 17.208402634
0.999978662 -0.001134049 0.006439414 0.338812709 0.001104132 0.999988496 0.004647619 -0.662787855 -0.006444612 -0.004640409 0.999968469 17.660982132
0.999976158 -0.001767403 0.006683772 0.351501375 0.001733450 0.999985576 0.005082307 -0.682170093 -0.006692659 -0.005070599 0.999964714 18.117277145
0.999967933 -0.001110481 0.007933455 0.357507914 0.001068961 0.999985754 0.005235756 -0.686501384 -0.007939156 -0.005227107 0.999954820 18.605758667
0.999969959 -0.002029700 0.007479962 0.378254771 0.001990219 0.999984026 0.005281950 -0.711552024 -0.007490564 -0.005266905 0.999958038 19.056821823
0.999970019 -0.002013495 0.007478366 0.397589356 0.001974902 0.999984682 0.005164473 -0.723800778 -0.007488650 -0.005149550 0.999958694 19.534126282
0.999969661 -0.001326686 0.007680679 0.411155343 0.001284281 0.999984026 0.005523247 -0.736853242 -0.007687883 -0.005513215 0.999955237 20.000129700
0.999969959 -0.001981145 0.007493847 0.411729276 0.001944842 0.999986410 0.004848596 -0.741991341 -0.007503351 -0.004833877 0.999960244 20.537370682
0.999971867 -0.002168134 0.007182341 0.455447912 0.002125402 0.999980032 0.005951956 -0.780197322 -0.007195102 -0.005936523 0.999956489 20.973262787
0.999977887 -0.002485377 0.006158227 0.473612070 0.002449528 0.999980092 0.005822163 -0.793182671 -0.006172575 -0.005806950 0.999964058 21.490839005
0.999977827 -0.001760201 0.006429074 0.481338263 0.001718551 0.999977529 0.006478298 -0.817295730 -0.006440333 -0.006467106 0.999958336 21.974987030
0.999979079 -0.001449754 0.006303890 0.489914358 0.001409180 0.999978364 0.006436020 -0.820107520 -0.006313082 -0.006427003 0.999959469 22.485876083
0.999981761 -0.001993634 0.005693686 0.495745629 0.001958335 0.999978900 0.006198441 -0.835160375 -0.005705923 -0.006187178 0.999964595 22.967014313
0.999982893 -0.001659533 0.005608037 0.500445604 0.001623725 0.999978364 0.006383625 -0.856056511 -0.005618508 -0.006374410 0.999963939 23.505615234
0.999984205 -0.001533022 0.005396531 0.502921283 0.001502132 0.999982476 0.005723454 -0.861526370 -0.005405211 -0.005715257 0.999969065 24.057880402
0.999990284 -0.001757571 0.004035781 0.525262237 0.001734058 0.999981523 0.005822313 -0.869719684 -0.004045940 -0.005815258 0.999974906 24.556556702
0.999993145 -0.001378973 0.003411341 0.535720885 0.001359763 0.999983191 0.005627331 -0.877984822 -0.003419043 -0.005622655 0.999978304 25.093675613
0.999994874 -0.000985471 0.003031324 0.547748029 0.000969831 0.999986172 0.005156747 -0.877590895 -0.003036364 -0.005153780 0.999982119 25.648036957
0.999995291 -0.001428525 0.002713161 0.552878201 0.001411611 0.999979615 0.006225872 -0.901650369 -0.002722000 -0.006222012 0.999976933 26.149566650
0.999996245 -0.000937062 0.002591155 0.565058410 0.000919488 0.999976635 0.006775358 -0.911839604 -0.002597443 -0.006772950 0.999973714 26.696891785
0.999997199 -0.000651214 0.002304389 0.584883094 0.000633768 0.999971151 0.007563234 -0.942329407 -0.002309248 -0.007561751 0.999968767 27.239067078
0.999997497 -0.000725072 0.002129957 0.586069107 0.000709965 0.999974668 0.007084802 -0.955614209 -0.002135040 -0.007083272 0.999972641 27.782655716
0.999998569 -0.000621045 0.001563101 0.595680892 0.000610666 0.999977827 0.006631911 -0.960772395 -0.001567185 -0.006630948 0.999976814 28.334667206
0.999997675 -0.001017272 0.001897169 0.603052139 0.001003497 0.999973297 0.007248017 -0.976687014 -0.001904491 -0.007246097 0.999971986 28.881435394
0.999998450 -0.001277372 0.001196291 0.617817044 0.001268252 0.999970376 0.007593420 -0.997682691 -0.001205955 -0.007591890 0.999970376 29.440616608
0.999999464 -0.000286461 0.000954639 0.625291049 0.000279449 0.999973059 0.007336668 -1.003162980 -0.000956715 -0.007336396 0.999972641 29.980518341
0.999999106 -0.001277299 0.000401779 0.647569895 0.001274112 0.999968529 0.007834250 -1.031252623 -0.000411773 -0.007833733 0.999969244 30.516920090
0.999999404 -0.001035487 -0.000237869 0.667299271 0.001037313 0.999968946 0.007809633 -1.044155478 0.000229775 -0.007809876 0.999969542 31.057052612
0.999999881 -0.000453006 0.000203313 0.651576221 0.000451278 0.999964535 0.008416723 -1.061878920 -0.000207119 -0.008416631 0.999964535 31.601827621
0.999999225 -0.001159882 0.000270922 0.661431074 0.001157659 0.999966800 0.008067623 -1.081841350 -0.000280270 -0.008067303 0.999967396 32.142707825
0.999998569 -0.001654180 0.000294649 0.670029640 0.001651669 0.999963999 0.008328958 -1.086598039 -0.000308416 -0.008328459 0.999965310 32.685497284
0.999998868 -0.001466202 0.000164009 0.671213388 0.001464789 0.999964416 0.008303899 -1.101730824 -0.000176178 -0.008303651 0.999965489 33.232288361
0.999999702 -0.000157877 0.000759142 0.656787992 0.000151873 0.999968708 0.007903453 -1.111121774 -0.000760366 -0.007903336 0.999968410 33.761280060
0.999999583 -0.000691254 -0.000543246 0.710502923 0.000696080 0.999959826 0.008934243 -1.141117811 0.000537048 -0.008934617 0.999959946 34.281433105
0.999998629 -0.001142268 -0.001172179 0.732222021 0.001152032 0.999964416 0.008363029 -1.144411564 0.001162584 -0.008364369 0.999964356 34.812263489
0.999999106 -0.000832310 -0.001024132 0.736094058 0.000841011 0.999963284 0.008525711 -1.160287261 0.001016999 -0.008526564 0.999963164 35.349674225
0.999999642 -0.000793855 -0.000365098 0.728722870 0.000797310 0.999953926 0.009564885 -1.196411490 0.000357488 -0.009565172 0.999954224 35.902450562
0.999999106 -0.000813231 -0.001033371 0.754416704 0.000822861 0.999955893 0.009352889 -1.209057331 0.001025720 -0.009353734 0.999955714 36.451740265
0.999999225 -0.000674994 -0.001042873 0.760624051 0.000684296 0.999959767 0.008945127 -1.215068460 0.001036793 -0.008945834 0.999959469 37.003673553
0.999999583 -0.000455524 -0.000692711 0.768489897 0.000461937 0.999956667 0.009286324 -1.224651933 0.000688451 -0.009286643 0.999956608 37.544174194
0.999998093 -0.001325328 -0.001440902 0.803285658 0.001339034 0.999953449 0.009552834 -1.246631384 0.001428175 -0.009554745 0.999953389 38.129100800
0.999998093 -0.001447130 -0.001258084 0.796677709 0.001458837 0.999955118 0.009355276 -1.249699831 0.001244490 -0.009357096 0.999955475 38.623714447
0.999999106 -0.000662635 -0.001147496 0.800404012 0.000673197 0.999957085 0.009229083 -1.250154972 0.001141332 -0.009229846 0.999956727 39.166194916
0.999997556 -0.001332811 -0.001749768 0.822662771 0.001351302 0.999942780 0.010609359 -1.309037924 0.001735529 -0.010611699 0.999942124 39.664833069
0.999996901 -0.001551509 -0.001906069 0.832745731 0.001571190 0.999944925 0.010368084 -1.317726731 0.001889878 -0.010371047 0.999944389 40.210155487
0.999998569 -0.001078511 -0.001286402 0.838921428 0.001092508 0.999939620 0.010930195 -1.338475585 0.001274537 -0.010931586 0.999939382 40.734748840
0.999997735 -0.001286629 -0.001677593 0.863675296 0.001304407 0.999942482 0.010639424 -1.346073508 0.001663807 -0.010641588 0.999941945 41.299011230
0.999997199 -0.001793492 -0.001580436 0.864615440 0.001809333 0.999947488 0.010079498 -1.351418018 0.001562275 -0.010082331 0.999947906 41.829425812
0.999997973 -0.001195521 -0.001620454 0.883775771 0.001212977 0.999940813 0.010814396 -1.360315561 0.001607429 -0.010816339 0.999940217 42.331092834
0.999998927 -0.000417655 -0.001445887 0.894069254 0.000432927 0.999943912 0.010578518 -1.362230301 0.001441387 -0.010579132 0.999943018 42.882160187
0.999998689 -0.000451694 -0.001562630 0.906782925 0.000468525 0.999941707 0.010787376 -1.392190099 0.001557666 -0.010788093 0.999940574 43.414894104
0.999998927 -0.000578656 -0.001279628 0.910728514 0.000592536 0.999940634 0.010873252 -1.401918888 0.001273260 -0.010873999 0.999940038 43.947151184
0.999998748 -0.000753493 -0.001385325 0.929635227 0.000767996 0.999944508 0.010498514 -1.405748844 0.001377338 -0.010499564 0.999943912 44.494888306
0.999998927 -0.000561595 -0.001311900 0.947257936 0.000575166 0.999946058 0.010368004 -1.415426970 0.001306006 -0.010368752 0.999945402 45.034812927
0.999999046 -0.000580819 -0.001241582 0.950369716 0.000593949 0.999943554 0.010601219 -1.428634286 0.001235355 -0.010601946 0.999943078 45.557716370
0.999999642 -0.000403077 -0.000729429 0.970026910 0.000410610 0.999946296 0.010356462 -1.440490246 0.000725215 -0.010356759 0.999946117 46.102138519
0.999999642 -0.000373880 -0.000790120 0.975532770 0.000382013 0.999946713 0.010318782 -1.442710519 0.000786220 -0.010319083 0.999946415 46.638774872
0.999999046 -0.000739105 -0.001173358 0.997571528 0.000751494 0.999943614 0.010593280 -1.455777764 0.001165462 -0.010594152 0.999943197 47.180526733
0.999999642 0.000086057 -0.000789137 0.991831541 -0.000078217 0.999950647 0.009929946 -1.455247402 0.000789954 -0.009929880 0.999950409 47.735454559
0.999999404 -0.000688602 -0.000812712 1.006694674 0.000697232 0.999942839 0.010667366 -1.477645636 0.000805319 -0.010667928 0.999942780 48.272880554
0.999999285 -0.000738351 -0.000866698 1.020648479 0.000747641 0.999941707 0.010768559 -1.487856627 0.000858697 -0.010769201 0.999941647 48.829990387
0.999999046 -0.000861018 -0.001062322 1.038765907 0.000872872 0.999936759 0.011208977 -1.500354409 0.001052604 -0.011209893 0.999936640 49.365001678
0.999999404 -0.000701370 -0.000836557 1.043872476 0.000710258 0.999942899 0.010671834 -1.510172606 0.000829024 -0.010672420 0.999942720 49.893390656
0.999999464 -0.000207616 -0.001041452 1.053108335 0.000218733 0.999942899 0.010686023 -1.522784710 0.001039174 -0.010686246 0.999942362 50.444393158
0.999999881 -0.000181274 -0.000475334 1.062769175 0.000186373 0.999942243 0.010748010 -1.529716253 0.000473358 -0.010748098 0.999942124 50.978157043
0.999999523 -0.000204181 -0.000933409 1.072262526 0.000214221 0.999942005 0.010768577 -1.538374424 0.000931156 -0.010768772 0.999941647 51.517654419
0.999999881 0.000395078 -0.000389150 1.084482551 -0.000390945 0.999944150 0.010562059 -1.543635607 0.000393302 -0.010561904 0.999944150 52.042987823
0.999999881 -0.000114538 -0.000223825 1.084014177 0.000117053 0.999936521 0.011268743 -1.565509915 0.000222521 -0.011268769 0.999936461 52.583904266
0.999999821 -0.000458967 -0.000289451 1.093047261 0.000462109 0.999939859 0.010949907 -1.572621584 0.000284408 -0.010950040 0.999939978 53.133037567
1.000000000 -0.000185325 -0.000069500 1.102604151 0.000186063 0.999942064 0.010765337 -1.584417701 0.000067501 -0.010765350 0.999942064 53.657215118
0.999999106 0.000823694 0.001053366 1.070036411 -0.000836285 0.999927640 0.012009313 -1.607553482 -0.001043398 -0.012010185 0.999927282 54.155532837
0.999999821 -0.000314902 0.000490470 1.115568519 0.000309255 0.999934077 0.011471828 -1.621129513 -0.000494050 -0.011471675 0.999934077 54.702301025
0.999999940 0.000031734 0.000381650 1.125980139 -0.000036042 0.999936163 0.011293571 -1.625963211 -0.000381267 -0.011293585 0.999936163 55.248146057
0.999999642 -0.000747334 0.000311393 1.138874412 0.000743751 0.999935269 0.011350836 -1.640795708 -0.000319855 -0.011350602 0.999935508 55.807083130
0.999999762 -0.000437094 0.000416756 1.174422503 0.000432427 0.999937892 0.011133311 -1.635594249 -0.000421596 -0.011133130 0.999937952 56.319049835
0.999999821 -0.000448774 0.000296784 1.180386543 0.000445436 0.999937654 0.011152304 -1.649201870 -0.000301769 -0.011152171 0.999937773 56.843547821
0.999999702 -0.000694551 -0.000000599 1.189737082 0.000694515 0.999937713 0.011136874 -1.664806128 -0.000007136 -0.011136870 0.999938011 57.409717560
0.999999642 0.000024845 0.000882437 1.204188943 -0.000034545 0.999939561 0.010993646 -1.668325186 -0.000882111 -0.010993670 0.999939203 57.948760986
0.999999583 -0.000731946 0.000596075 1.213743210 0.000725340 0.999939144 0.011008208 -1.681244612 -0.000604096 -0.011007768 0.999939203 58.447605133
0.999998987 -0.001132823 0.000854723 1.219950676 0.001124263 0.999949872 0.009949971 -1.682343721 -0.000865951 -0.009948999 0.999950171 58.995201111
0.999999285 -0.000604269 0.001121603 1.234949827 0.000592152 0.999941826 0.010771764 -1.704263091 -0.001128047 -0.010771089 0.999941289 59.528991699
0.999998927 -0.000766679 0.001236385 1.242236137 0.000752784 0.999936998 0.011199476 -1.713867188 -0.001244894 -0.011198532 0.999936521 60.077117920
0.999999166 -0.000421964 0.001177947 1.258728266 0.000408973 0.999939322 0.011007115 -1.726894379 -0.001182520 -0.011006624 0.999938667 60.628768921
0.999999523 -0.000564408 0.000855733 1.273808718 0.000554492 0.999933302 0.011543947 -1.734551668 -0.000862192 -0.011543468 0.999932945 61.172134399
0.999999583 -0.000743837 0.000386172 1.310493112 0.000739242 0.999930382 0.011766581 -1.772881746 -0.000394897 -0.011766290 0.999930620 61.703617096
0.999998212 -0.001464262 0.001215474 1.313665032 0.001451702 0.999946177 0.010270718 -1.737244248 -0.001230447 -0.010268937 0.999946535 62.187419891
0.999998391 -0.001353594 0.001213818 1.319077015 0.001340528 0.999941826 0.010701362 -1.747880220 -0.001228233 -0.010699716 0.999942064 62.722629547
0.999998629 -0.001205364 0.001167145 1.328658342 0.001193314 0.999946475 0.010270734 -1.760804296 -0.001179462 -0.010269326 0.999946594 63.271957397
0.999998868 -0.000760744 0.001297924 1.330441713 0.000748099 0.999952495 0.009715348 -1.759797573 -0.001305253 -0.009714367 0.999951959 63.841865540
0.999996722 -0.002051935 0.001495376 1.349974036 0.002035927 0.999941409 0.010629017 -1.778686523 -0.001517099 -0.010625940 0.999942362 64.350341797
0.999997437 -0.001548577 0.001666190 1.367074370 0.001530474 0.999940276 0.010812403 -1.794424772 -0.001682834 -0.010809825 0.999940157 64.891525269
0.999996066 -0.002025828 0.001951557 1.383884907 0.002004499 0.999938846 0.010869947 -1.806047916 -0.001973458 -0.010865992 0.999939084 65.436203003
0.999995708 -0.001851659 0.002274078 1.403124690 0.001827166 0.999940753 0.010725880 -1.795231104 -0.002293805 -0.010721679 0.999939859 65.921806335
0.999996781 -0.001269982 0.002184770 1.415579081 0.001247078 0.999944568 0.010452760 -1.802824378 -0.002197923 -0.010450004 0.999943018 66.470848083
0.999997199 -0.001647571 0.001678579 1.436631918 0.001629694 0.999942482 0.010595894 -1.821167707 -0.001695941 -0.010593130 0.999942422 67.019767761
0.999995828 -0.002329900 0.001702773 1.447055697 0.002312037 0.999943018 0.010418109 -1.819729805 -0.001726949 -0.010414127 0.999944270 67.524581909
0.999994278 -0.002676208 0.002078855 1.469901204 0.002655057 0.999945343 0.010111433 -1.827588558 -0.002105801 -0.010105857 0.999946654 68.024246216
0.999996006 -0.002385709 0.001555361 1.480170012 0.002369669 0.999944806 0.010235066 -1.836993933 -0.001579694 -0.010231338 0.999946356 68.564613342
0.999996245 -0.002154745 0.001715519 1.508984089 0.002136596 0.999942422 0.010511596 -1.858345270 -0.001738070 -0.010507890 0.999943256 69.059165955
0.999992847 -0.003005227 0.002293678 1.485850334 0.002983076 0.999949455 0.009600666 -1.839177608 -0.002322415 -0.009593753 0.999951303 69.624450684
0.999991953 -0.003020855 0.002631793 1.492345572 0.002993647 0.999942660 0.010281181 -1.854083300 -0.002662700 -0.010273219 0.999943674 70.176628113
0.999993563 -0.002539356 0.002514813 1.523392439 0.002514507 0.999948382 0.009835320 -1.877053499 -0.002539658 -0.009828934 0.999948502 70.683700562
0.999996006 -0.001673510 0.002268022 1.569713116 0.001649636 0.999943614 0.010488104 -1.902973890 -0.002285446 -0.010484319 0.999942422 71.195259094
0.999992847 -0.003157704 0.002064218 1.567248344 0.003137743 0.999948919 0.009602771 -1.878271341 -0.002094434 -0.009596226 0.999951720 71.788459778
0.999992728 -0.002543529 0.002847681 1.574580431 0.002516960 0.999953628 0.009295017 -1.907463312 -0.002871190 -0.009287780 0.999952734 72.188362122
0.999991953 -0.002659803 0.003018585 1.586418748 0.002631867 0.999954045 0.009221209 -1.912194014 -0.003042973 -0.009213191 0.999952853 72.744850159
0.999992073 -0.002186869 0.003318907 1.596531391 0.002154626 0.999950767 0.009687305 -1.932252049 -0.003339929 -0.009680078 0.999947488 73.319503784
0.999991655 -0.002294499 0.003398558 1.612817764 0.002260060 0.999946475 0.010102704 -1.953246355 -0.003421557 -0.010094940 0.999943197 73.823036194
0.999990880 -0.001801966 0.003866878 1.635904670 0.001766716 0.999957025 0.009100170 -1.955693007 -0.003883110 -0.009093255 0.999951124 74.302925110
0.999990940 -0.002635086 0.003350330 1.643341660 0.002605052 0.999956667 0.008937498 -1.969382644 -0.003373736 -0.008928688 0.999954462 74.816421509
0.999990046 -0.002967645 0.003312086 1.664223313 0.002938168 0.999956310 0.008869732 -1.978548288 -0.003338264 -0.008859912 0.999955118 75.350280762
0.999989390 -0.003233317 0.003274783 1.693196416 0.003204393 0.999956131 0.008799396 -1.998274565 -0.003303090 -0.008788809 0.999955952 75.896469116
0.999988616 -0.003322286 0.003429893 1.697490692 0.003293104 0.999958634 0.008479021 -1.992884755 -0.003457919 -0.008467630 0.999958158 76.441635132
0.999989867 -0.003239002 0.003150455 1.714963078 0.003211523 0.999957144 0.008688319 -2.005744696 -0.003178461 -0.008678114 0.999957263 76.990913391
0.999990165 -0.002984848 0.003275111 1.735563874 0.002957772 0.999961734 0.008240934 -2.023349762 -0.003299585 -0.008231165 0.999960661 77.533805847
0.999989510 -0.002855869 0.003603840 1.744513154 0.002824364 0.999958038 0.008717408 -2.029346466 -0.003628585 -0.008707137 0.999955475 78.063247681
0.999989629 -0.002693612 0.003672935 1.729625940 0.002664303 0.999964774 0.007961301 -2.016845703 -0.003694250 -0.007951435 0.999961555 78.556632996
0.999987602 -0.002397344 0.004353800 1.740122080 0.002363300 0.999966741 0.007807841 -2.024887562 -0.004372373 -0.007797454 0.999960065 79.113861084
0.999983907 -0.002528692 0.005091880 1.757081270 0.002491814 0.999970734 0.007235899 -2.033140659 -0.005110029 -0.007223095 0.999960780 79.684371948
0.999972224 -0.002089052 0.007148227 1.769399643 0.002033302 0.999967515 0.007797477 -2.053309441 -0.007164284 -0.007782726 0.999944031 80.146148682
0.999962926 -0.002459814 0.008248352 1.779197216 0.002398486 0.999969423 0.007436918 -2.060869694 -0.008266395 -0.007416859 0.999938250 80.692718506
0.999953270 -0.002617999 0.009312465 1.783522129 0.002549655 0.999969721 0.007343325 -2.046952486 -0.009331409 -0.007319239 0.999929667 81.248580933
0.999921501 -0.001713091 0.012409661 1.829903126 0.001615265 0.999967694 0.007888696 -2.087492943 -0.012422772 -0.007868031 0.999891877 81.731140137
0.999868155 -0.001438862 0.016168684 1.855083466 0.001315327 0.999969840 0.007648417 -2.093088388 -0.016179200 -0.007626142 0.999840021 82.270515442
0.999810576 -0.001282010 0.019417871 1.878257275 0.001136113 0.999971092 0.007522707 -2.101223946 -0.019426953 -0.007499222 0.999783158 82.803833008
0.999727964 -0.001760420 0.023258261 1.898668766 0.001581542 0.999969006 0.007707103 -2.118357897 -0.023271112 -0.007668221 0.999699771 83.325988770
0.999562681 -0.001232854 0.029545316 1.909614921 0.001017292 0.999972761 0.007309918 -2.130461693 -0.029553520 -0.007276665 0.999536693 83.924385071
0.999371231 -0.001077928 0.035439789 1.936370492 0.000815562 0.999972105 0.007416780 -2.143992424 -0.035446793 -0.007383214 0.999344230 84.484016418
0.999133110 -0.001105826 0.041617945 1.981312037 0.000800956 0.999972641 0.007341414 -2.151453018 -0.041624930 -0.007301712 0.999106586 84.993972778
0.998765886 -0.001782943 0.049632154 2.022981405 0.001418517 0.999971807 0.007376777 -2.163864851 -0.049643900 -0.007297270 0.998740315 85.552825928
0.998295248 -0.001225114 0.058352176 2.087856293 0.000808479 0.999974012 0.007163083 -2.183210850 -0.058359433 -0.007103697 0.998270392 86.076744080
0.997878253 -0.001886394 0.065079764 2.137278795 0.001410523 0.999971926 0.007357290 -2.193051100 -0.065091811 -0.007249883 0.997852981 86.598297119
0.997232735 -0.002244097 0.074309282 2.179783821 0.001745492 0.999975502 0.006774130 -2.194427252 -0.074322663 -0.006625678 0.997212231 87.228958130
0.996489346 -0.002690177 0.083676383 2.260184288 0.002070343 0.999969780 0.007493403 -2.226530790 -0.083694026 -0.007293856 0.996464729 87.685798645
0.995699048 -0.003023226 0.092596546 2.321661949 0.002289988 0.999965191 0.008023861 -2.240391254 -0.092617594 -0.007777306 0.995671332 88.228904724
0.994946480 -0.003748312 0.100336567 2.406855106 0.002988577 0.999965727 0.007721109 -2.254233122 -0.100362077 -0.007382228 0.994923592 88.746696472
0.993863165 -0.002944019 0.110577233 2.495474815 0.002114337 0.999968708 0.007619699 -2.275344133 -0.110596210 -0.007339141 0.993838310 89.277679443
0.992651165 -0.002794886 0.120978415 2.587956429 0.001859897 0.999967515 0.007840784 -2.290929317 -0.120996416 -0.007558156 0.992624104 89.809371948
0.991558194 -0.003725636 0.129608661 2.693876266 0.002720592 0.999964774 0.007930642 -2.314431190 -0.129633650 -0.007511081 0.991533458 90.317001343
0.989980757 -0.004208670 0.141139671 2.777967453 0.003168351 0.999966145 0.007594749 -2.311141491 -0.141166866 -0.007071474 0.989960492 90.908836365
0.988128543 -0.004593519 0.153560817 2.881729126 0.003467831 0.999965131 0.007597620 -2.322810173 -0.153590336 -0.006974900 0.988109946 91.453086853
0.986435115 -0.004982885 0.164076164 2.999380112 0.003773930 0.999963343 0.007679147 -2.338068247 -0.164108425 -0.006955769 0.986417770 91.999397278
0.984864414 -0.005240425 0.173247591 3.116868019 0.004016225 0.999964416 0.007415987 -2.341008663 -0.173280269 -0.006607943 0.984850407 92.538459778
0.982545078 -0.004485012 0.185970128 3.235954285 0.003093617 0.999965012 0.007771342 -2.365826607 -0.185998455 -0.007060373 0.982524693 93.068473816
0.980145276 -0.004886933 0.198220462 3.366731644 0.003427162 0.999964416 0.007706786 -2.378312588 -0.198251069 -0.006874436 0.980127156 93.588012695
0.977879405 -0.005203680 0.209104806 3.499418259 0.003667854 0.999963343 0.007731863 -2.385059834 -0.209137365 -0.006793865 0.977862716 94.156089783
0.974991024 -0.005539014 0.222175315 3.648437500 0.003889851 0.999961555 0.007859701 -2.400844812 -0.222210333 -0.006798908 0.974974990 94.644912720
0.971781969 -0.006033252 0.235803783 3.800846100 0.004295761 0.999959707 0.007881407 -2.410480022 -0.235841826 -0.006646050 0.971768677 95.162826538
0.969009101 -0.006631056 0.246936142 3.959915161 0.004778030 0.999955773 0.008102534 -2.424569368 -0.246978968 -0.006671558 0.968997836 95.686141968
0.965837657 -0.007417102 0.259041429 4.143909454 0.005600149 0.999954283 0.007751372 -2.428638935 -0.259087086 -0.006035897 0.965835035 96.277503967
0.961964607 -0.007209181 0.273078889 4.315330505 0.005180591 0.999953389 0.008148923 -2.445966721 -0.273124933 -0.006424267 0.961957097 96.785232544
0.958263516 -0.007660895 0.285783798 4.497817993 0.005563794 0.999951303 0.008149311 -2.453909874 -0.285832375 -0.006219145 0.958259463 97.347656250
0.954965413 -0.008068704 0.296607643 4.693622589 0.005878750 0.999948502 0.008274517 -2.474685669 -0.296659142 -0.006158193 0.954963565 97.852951050
0.950278401 -0.006984221 0.311323553 4.880332947 0.004504202 0.999952078 0.008684346 -2.480134010 -0.311369300 -0.006850283 0.950264335 98.422111511
0.945692599 -0.008016319 0.324963272 5.079032898 0.005570119 0.999948740 0.008457221 -2.493092537 -0.325014412 -0.006187847 0.945688844 98.931442261
0.941895604 -0.008577339 0.335796326 5.294984818 0.005903689 0.999942243 0.008982189 -2.505447388 -0.335853964 -0.006477846 0.941891849 99.458290100
0.937135994 -0.008413829 0.348863274 5.502571106 0.005748037 0.999945819 0.008675840 -2.514198780 -0.348917395 -0.006125161 0.937133551 99.962310791
0.931923985 -0.009020868 0.362541348 5.728879929 0.006196714 0.999940753 0.008951986 -2.535998821 -0.362600625 -0.006096005 0.931924760 100.473945618
0.926668406 -0.008338070 0.375787497 5.937263489 0.005310493 0.999944627 0.009091686 -2.556957006 -0.375842452 -0.006429360 0.926661313 101.000335693
0.922108710 -0.010068396 0.386799723 6.161844254 0.007043573 0.999932468 0.009236763 -2.555896521 -0.386866540 -0.005792850 0.922117472 101.503440857
0.916208327 -0.010083673 0.400575370 6.410594940 0.006747769 0.999929786 0.009737500 -2.566124201 -0.400645524 -0.006218591 0.916212022 102.011245728
0.910727859 -0.011238130 0.412853956 6.665588379 0.007932467 0.999921322 0.009719962 -2.584585190 -0.412930667 -0.005577290 0.910745382 102.472450256
0.905601680 -0.011692997 0.423967808 6.917591095 0.008432059 0.999918640 0.009566667 -2.592880726 -0.424045235 -0.005088670 0.905626714 103.023864746
0.899896979 -0.011969700 0.435938179 7.175048828 0.008403003 0.999913573 0.010108834 -2.607904911 -0.436021537 -0.005433721 0.899919808 103.495491028
0.893000782 -0.011711904 0.449902803 7.446575165 0.008067302 0.999917269 0.010017338 -2.628077030 -0.449982971 -0.005315987 0.893021286 103.984558105
0.886799157 -0.011578502 0.462009966 7.717937469 0.007773248 0.999918401 0.010138848 -2.641287804 -0.462089658 -0.005399805 0.886816859 104.465705872
0.880936086 -0.013383782 0.473045886 8.005092621 0.009719584 0.999900758 0.010189546 -2.641667843 -0.473135412 -0.004378529 0.880978823 105.012237549
0.873390973 -0.012826785 0.486850798 8.292442322 0.008984223 0.999907255 0.010226661 -2.656770468 -0.486936867 -0.004557897 0.873425245 105.476188660
0.866394818 -0.013965354 0.499164253 8.610774994 0.009861308 0.999892414 0.010858280 -2.682180405 -0.499262184 -0.004485145 0.866439283 105.958656311
