1.000000000 0.000000000 0.000000000 0.000000000 0.000000000 1.000000000 0.000000000 0.000000000 0.000000000 0.000000000 1.000000000 0.000000000
1.000000000 0.000071120 0.000108949 -0.003186612 -0.000071102 1.000000000 -0.000171666 0.004192544 -0.000108961 0.000171659 1.000000000 0.003845752
1.000000000 0.000065011 0.000066251 -0.002291343 -0.000065000 1.000000000 -0.000168970 0.002830185 -0.000066262 0.000168965 1.000000000 0.000954126
0.999999940 0.000296541 0.000138508 -0.000850120 -0.000296521 0.999999940 -0.000144082 0.003376794 -0.000138551 0.000144041 1.000000000 -0.002001346
1.000000000 0.000178096 0.000047966 0.002108713 -0.000178092 1.000000000 -0.000067857 0.002128297 -0.000047978 0.000067848 1.000000000 -0.001433999
1.000000000 0.000037159 -0.000011232 0.001088323 -0.000037158 1.000000000 0.000034445 0.001576128 0.000011233 -0.000034444 1.000000000 -0.003105710
1.000000000 0.000000184 0.000072020 -0.002300630 -0.000000175 1.000000000 -0.000119712 0.001505138 -0.000072020 0.000119712 1.000000000 -0.001984435
1.000000000 0.000005851 -0.000011877 0.000365111 -0.000005851 1.000000000 -0.000026726 0.001732054 0.000011876 0.000026726 1.000000000 -0.002750124
1.000000000 0.000000939 0.000129853 -0.005404887 -0.000000917 1.000000000 -0.000167020 0.004000923 -0.000129853 0.000167020 1.000000000 0.004194738
0.999999940 0.000179600 0.000239843 -0.005719665 -0.000179562 1.000000000 -0.000157497 0.002858231 -0.000239871 0.000157454 0.999999940 -0.000867466
1.000000000 0.000200484 0.000109861 0.000602106 -0.000200468 0.999999940 -0.000142590 0.002356306 -0.000109890 0.000142568 1.000000000 -0.004203686
0.999999940 0.000231790 0.000167210 -0.002461874 -0.000231776 0.999999940 -0.000083475 0.002730691 -0.000167229 0.000083436 1.000000000 -0.002872702
1.000000000 0.000084333 0.000187796 -0.004854067 -0.000084323 1.000000000 -0.000053390 0.000570377 -0.000187800 0.000053375 1.000000000 -0.003345327
1.000000000 -0.000030376 0.000113331 -0.002756814 0.000030382 1.000000000 -0.000054031 0.000215629 -0.000113329 0.000054034 1.000000000 -0.001976440
1.000000000 0.000053813 0.000050365 0.000123583 -0.000053809 1.000000000 -0.000080137 0.001799184 -0.000050369 0.000080134 1.000000000 -0.005509984
1.000000000 -0.000157284 -0.000079389 0.001890694 0.000157287 1.000000000 0.000033024 0.000544702 0.000079384 -0.000033036 1.000000000 -0.006558969
0.999999940 -0.000302897 -0.000105272 0.002086573 0.000302894 0.999999940 -0.000028703 -0.000963436 0.000105281 0.000028671 1.000000000 -0.009046013
1.000000000 -0.000047149 0.000122101 -0.003628583 0.000047153 1.000000000 -0.000036838 0.000131699 -0.000122099 0.000036843 1.000000000 -0.003053457
1.000000000 0.000099041 -0.000018089 0.000195757 -0.000099040 1.000000000 0.000051900 0.001413759 0.000018094 -0.000051898 1.000000000 -0.007812842
1.000000000 -0.000103877 -0.000033426 -0.001425696 0.000103876 1.000000000 -0.000028919 -0.000371131 0.000033429 0.000028916 1.000000000 -0.007253550
1.000000000 0.000007555 0.000047807 -0.001134587 -0.000007551 1.000000000 -0.000096792 0.001745982 -0.000047807 0.000096792 1.000000000 -0.007140188
1.000000000 -0.000144916 0.000052635 -0.001060214 0.000144916 1.000000000 0.000000479 -0.000382040 -0.000052635 -0.000000472 1.000000000 -0.005300246
1.000000000 0.000118957 0.000175116 -0.006523312 -0.000118922 1.000000000 -0.000199347 0.003353588 -0.000175139 0.000199326 0.999999940 0.002316234
1.000000000 -0.000115442 -0.000074472 0.000219988 0.000115433 1.000000000 -0.000115232 0.000981767 0.000074486 0.000115223 1.000000000 0.000792196
1.000000000 -0.000033045 0.000046932 -0.001502547 0.000033045 1.000000000 -0.000000881 0.001941301 -0.000046932 0.000000882 1.000000000 0.000699797
1.000000000 0.000054054 -0.000040913 0.002275259 -0.000054058 1.000000000 -0.000107570 0.002730757 0.000040907 0.000107572 1.000000000 -0.006881955
1.000000000 -0.000064536 0.000097851 -0.002967206 0.000064550 1.000000000 -0.000140671 0.003155334 -0.000097842 0.000140678 1.000000000 -0.001934322
0.999999940 0.000225031 0.000248150 -0.005429430 -0.000224975 0.999999940 -0.000228189 0.003179842 -0.000248201 0.000228134 0.999999940 0.000341310
1.000000000 0.000043341 0.000146494 -0.004320723 -0.000043338 1.000000000 -0.000020434 0.002240442 -0.000146495 0.000020428 1.000000000 0.000516421
1.000000000 -0.000145259 0.000070678 -0.004977562 0.000145268 1.000000000 -0.000131756 0.005856731 -0.000070659 0.000131766 1.000000000 0.003170728
1.000000000 -0.000103773 0.000036232 -0.002519388 0.000103775 1.000000000 -0.000047825 0.001875037 -0.000036227 0.000047829 1.000000000 -0.001506665
1.000000000 -0.000164468 0.000106960 -0.004312726 0.000164463 1.000000000 0.000045424 0.001655620 -0.000106967 -0.000045406 1.000000000 0.002059362
1.000000000 -0.000155415 0.000109620 -0.003779432 0.000155406 1.000000000 0.000087060 0.000417093 -0.000109634 -0.000087043 1.000000000 -0.005018666
1.000000000 -0.000181252 -0.000004529 -0.001536527 0.000181252 1.000000000 0.000072979 0.001248061 0.000004516 -0.000072980 1.000000000 -0.005272935
1.000000000 0.000048170 0.000062778 -0.003259211 -0.000048164 1.000000000 -0.000088035 0.000777909 -0.000062782 0.000088032 1.000000000 -0.001885000
1.000000000 0.000022891 0.000105976 -0.004192604 -0.000022881 1.000000000 -0.000091424 0.002512028 -0.000105978 0.000091421 1.000000000 -0.000482375
1.000000000 -0.000186595 -0.000137659 0.002264498 0.000186611 1.000000000 0.000110298 -0.000000048 0.000137639 -0.000110324 1.000000000 -0.011526102
1.000000000 -0.000034813 0.000071380 -0.003394224 0.000034830 1.000000000 -0.000235985 0.004231947 -0.000071371 0.000235987 0.999999940 0.000529603
1.000000000 -0.000171954 0.000105383 -0.003763775 0.000171954 1.000000000 0.000004984 0.001564357 -0.000105384 -0.000004966 1.000000000 0.000153726
1.000000000 -0.000009543 -0.000048221 0.001410291 0.000009554 1.000000000 0.000233758 -0.002376228 0.000048219 -0.000233759 1.000000000 -0.009479468
0.999999940 -0.000274763 -0.000155025 0.000473971 0.000274771 0.999999940 0.000045924 -0.001247569 0.000155012 -0.000045966 1.000000000 -0.001059594
1.000000000 0.000077019 0.000065538 0.002429866 -0.000076980 0.999999821 -0.000594497 -0.004631737 -0.000065583 0.000594492 0.999999821 0.048732284
1.000000000 0.000050932 -0.000027008 0.001068939 -0.000050970 0.999998987 -0.001431275 -0.000238934 0.000026935 0.001431277 0.999998987 0.149194524
1.000000000 -0.000053924 -0.000080094 0.004361429 0.000053811 0.999998987 -0.001415196 -0.009862277 0.000080171 0.001415192 0.999998987 0.263436615
1.000000000 -0.000230336 0.000046152 0.001472923 0.000230400 0.999998987 -0.001396282 -0.009773551 -0.000045830 0.001396293 0.999999046 0.391870141
1.000000000 0.000030960 -0.000159584 0.007005120 -0.000031145 0.999999344 -0.001161880 -0.018335899 0.000159548 0.001161884 0.999999285 0.533552408
0.999999940 0.000114626 0.000318892 -0.002927438 -0.000114298 0.999999464 -0.001031323 -0.032049634 -0.000319010 0.001031287 0.999999404 0.691400468
0.999999702 -0.000702203 -0.000263803 0.020446008 0.000702056 0.999999583 -0.000555246 -0.032532100 0.000264193 0.000555060 0.999999821 0.850256026
0.999999940 -0.000210074 -0.000271452 0.024118284 0.000209926 0.999999821 -0.000545556 -0.036511656 0.000271567 0.000545499 0.999999821 1.028490305
1.000000000 -0.000054575 -0.000224798 0.031606276 0.000054389 0.999999642 -0.000825602 -0.032023825 0.000224843 0.000825590 0.999999642 1.199448347
0.999999762 -0.000571905 -0.000411688 0.041350193 0.000571727 0.999999762 -0.000433347 -0.046869330 0.000411936 0.000433111 0.999999821 1.414045334
0.999999702 -0.000442427 0.000603185 0.010658816 0.000441567 0.999998808 0.001425603 -0.077861749 -0.000603815 -0.001425336 0.999998808 1.485680342
0.999999166 -0.000964532 0.000810432 0.017213497 0.000963246 0.999998212 0.001586185 -0.081090115 -0.000811961 -0.001585403 0.999998450 1.688301563
0.999998808 -0.001363671 0.000740100 0.012931781 0.001362269 0.999997258 0.001892592 -0.089280285 -0.000742679 -0.001891582 0.999997914 1.858787894
0.999998689 -0.001467945 0.000772452 0.018817693 0.001466664 0.999997497 0.001657224 -0.093725502 -0.000774883 -0.001656089 0.999998271 2.088488817
0.999999285 -0.000771841 0.000947887 0.021484280 0.000769947 0.999997735 0.001996967 -0.099648200 -0.000949426 -0.001996236 0.999997556 2.291340113
0.999999225 -0.001023852 0.000828474 0.030348113 0.001022160 0.999997377 0.002040013 -0.107915930 -0.000830561 -0.002039164 0.999997556 2.532196760
0.999998868 -0.001027792 0.001096863 0.027282611 0.001024731 0.999995589 0.002788121 -0.126827180 -0.001099724 -0.002786994 0.999995530 2.720312834
0.999998569 -0.001261045 0.001088893 0.035619229 0.001257768 0.999994695 0.003005648 -0.134996966 -0.001092677 -0.003004274 0.999994934 2.967843533
0.999999225 -0.001068438 0.000556618 0.055736501 0.001066991 0.999996066 0.002592830 -0.135500923 -0.000559386 -0.002592235 0.999996543 3.228191137
0.999999046 -0.000773927 0.001082823 0.057590794 0.000770984 0.999995947 0.002716425 -0.142267525 -0.001084920 -0.002715587 0.999995768 3.485421419
0.999998927 -0.000897691 0.001115827 0.033371110 0.000894168 0.999994636 0.003153381 -0.169097081 -0.001118652 -0.003152380 0.999994397 3.629784346
0.999997973 -0.001621295 0.001161433 0.033634357 0.001617178 0.999992430 0.003537066 -0.181212008 -0.001167159 -0.003535180 0.999993086 3.887899876
0.999998808 -0.001063600 0.001162282 0.039894078 0.001058930 0.999991477 0.004011515 -0.186456114 -0.001166538 -0.004010279 0.999991298 4.143610477
0.999997914 -0.001531362 0.001372461 0.053360566 0.001526073 0.999991477 0.003846434 -0.189760223 -0.001378340 -0.003844331 0.999991655 4.423546791
0.999997437 -0.001258659 0.001902424 0.045884129 0.001250667 0.999990404 0.004196265 -0.208131894 -0.001907688 -0.004193874 0.999989390 4.666642666
0.999997854 -0.001338135 0.001663484 0.056543209 0.001332128 0.999992609 0.003606971 -0.207426265 -0.001668298 -0.003604747 0.999992073 4.867281437
0.999997973 -0.001377156 0.001488670 0.065677196 0.001371535 0.999991953 0.003770115 -0.218752980 -0.001493850 -0.003768065 0.999991834 5.126964092
0.999998033 -0.000509596 0.001921340 0.057378285 0.000502552 0.999993205 0.003664559 -0.223314255 -0.001923194 -0.003663586 0.999991417 5.393592834
0.999997616 -0.001337036 0.001721261 0.064681694 0.001330401 0.999991715 0.003850609 -0.231771082 -0.001726396 -0.003848311 0.999991119 5.657346725
0.999998271 -0.000992968 0.001585223 0.067705072 0.000986427 0.999991000 0.004121631 -0.246808738 -0.001589302 -0.004120060 0.999990225 5.896739006
0.999997795 -0.001330856 0.001632680 0.071431190 0.001324073 0.999990523 0.004148393 -0.252671182 -0.001638185 -0.004146222 0.999990046 6.183221817
0.999997795 -0.000807236 0.001910079 0.072780080 0.000799415 0.999991298 0.004091580 -0.262898862 -0.001913365 -0.004090045 0.999989748 6.467552185
0.999997199 -0.001773614 0.001544321 0.090025961 0.001767749 0.999991238 0.003790300 -0.257948726 -0.001551030 -0.003787560 0.999991596 6.766427517
0.999997377 -0.001569266 0.001606586 0.098223597 0.001562002 0.999988556 0.004512538 -0.279152960 -0.001613649 -0.004510018 0.999988496 7.058506489
0.999997675 -0.000964830 0.001908001 0.104842484 0.000956738 0.999990523 0.004237427 -0.289222538 -0.001912072 -0.004235592 0.999989212 7.352966785
0.999998331 -0.000842032 0.001588069 0.106381118 0.000834808 0.999989331 0.004543781 -0.308716148 -0.001591878 -0.004542448 0.999988437 7.632409573
0.999997079 -0.001079207 0.002149999 0.109450623 0.001069380 0.999989033 0.004566635 -0.314463526 -0.002154904 -0.004564322 0.999987245 7.958859444
0.999997973 -0.001248430 0.001600677 0.129998535 0.001241538 0.999989986 0.004299566 -0.315055013 -0.001606028 -0.004297569 0.999989510 8.274852753
0.999997318 -0.001064366 0.002083499 0.122644112 0.001054576 0.999988437 0.004694249 -0.323716760 -0.002088471 -0.004692039 0.999986827 8.635820389
0.999997556 -0.000632553 0.002152386 0.130154908 0.000622946 0.999989867 0.004461080 -0.331944495 -0.002155186 -0.004459729 0.999987721 8.983157158
0.999996722 -0.001846639 0.001825533 0.135266662 0.001838138 0.999987543 0.004647460 -0.345573962 -0.001834092 -0.004644088 0.999987602 9.317581177
0.999997318 -0.000805848 0.002195087 0.135779500 0.000794767 0.999987006 0.005044126 -0.362385809 -0.002199124 -0.005042367 0.999984920 9.668193817
0.999996901 -0.001122589 0.002226188 0.132542685 0.001108824 0.999980330 0.006174880 -0.416472465 -0.002233076 -0.006172393 0.999978483 9.896304131
0.999996901 -0.001327774 0.002089110 0.142162874 0.001315334 0.999981463 0.005944652 -0.422044158 -0.002096964 -0.005941886 0.999980211 10.256248474
0.999996483 -0.001656256 0.002084346 0.145193875 0.001642978 0.999978483 0.006356376 -0.432460487 -0.002094828 -0.006352929 0.999977648 10.637142181
0.999995410 -0.001997016 0.002281592 0.154799342 0.001981948 0.999976397 0.006587155 -0.444655836 -0.002294692 -0.006582603 0.999975741 11.013221741
0.999994874 -0.002419890 0.002094612 0.180563197 0.002407483 0.999979675 0.005905775 -0.442693651 -0.002108860 -0.005900702 0.999980450 11.394846916
0.999995112 -0.001515471 0.002745258 0.165606976 0.001497231 0.999976873 0.006634294 -0.458691150 -0.002755248 -0.006630151 0.999974310 11.756180763
0.999996781 -0.001628951 0.001933045 0.193471178 0.001615820 0.999975860 0.006775421 -0.469514400 -0.001944035 -0.006772276 0.999975264 12.138023376
0.999996841 -0.001530386 0.001949810 0.200308383 0.001518546 0.999980509 0.006059083 -0.479632229 -0.001959044 -0.006056103 0.999979734 12.432292938
0.999997616 -0.001513263 0.001555295 0.215687811 0.001504258 0.999982178 0.005775212 -0.488446712 -0.001564007 -0.005772858 0.999982178 12.819926262
0.999996841 -0.000833018 0.002331885 0.223229334 0.000818571 0.999980569 0.006189591 -0.494066954 -0.002336996 -0.006187663 0.999978065 13.242048264
0.999995112 0.000430562 0.003069073 0.212622136 -0.000451167 0.999977291 0.006716323 -0.506557286 -0.003066112 -0.006717675 0.999972701 13.652202606
0.999995470 0.000009267 0.003002378 0.213797882 -0.000031182 0.999973357 0.007299313 -0.532279909 -0.003002231 -0.007299373 0.999968827 14.076199532
0.999994695 -0.001267699 0.002983903 0.236779258 0.001244565 0.999969244 0.007741991 -0.570877910 -0.002993626 -0.007738237 0.999965549 14.534782410
0.999992311 -0.003020229 0.002498416 0.253503442 0.003001584 0.999967873 0.007433021 -0.597822070 -0.002520785 -0.007425464 0.999969244 14.849476814
0.999993265 -0.002128350 0.003007746 0.261485696 0.002106688 0.999971986 0.007186974 -0.604799032 -0.003022958 -0.007180590 0.999969661 15.279332161
0.999991596 -0.003176230 0.002594076 0.273433566 0.003156634 0.999966681 0.007523659 -0.622372329 -0.002617887 -0.007515407 0.999968350 15.707242966
0.999991775 -0.002249769 0.003381438 0.276993990 0.002224762 0.999970317 0.007381085 -0.621890306 -0.003397943 -0.007373502 0.999967039 16.164402008
0.999991357 -0.002346568 0.003418905 0.300193697 0.002321637 0.999970794 0.007278064 -0.628940463 -0.003435884 -0.007270064 0.999967694 16.685287476
0.999993742 -0.001681543 0.003117728 0.300101459 0.001658514 0.999971390 0.007374378 -0.635436773 -0.003130039 -0.007369161 0.999967933 17.162464142
0.999988556 -0.002179937 0.004243807 0.303191304 0.002143526 0.999961019 0.008565566 -0.686498702 -0.004262314 -0.008556371 0.999954283 17.524765015
0.999987841 -0.002565347 0.004199889 0.321664572 0.002530422 0.999962330 0.008299990 -0.690658689 -0.004221024 -0.008289262 0.999956727 17.999814987
0.999988437 -0.002572047 0.004072600 0.339085519 0.002537394 0.999960780 0.008491321 -0.703156233 -0.004094279 -0.008480888 0.999955654 18.464162827
0.999985576 -0.002099661 0.004941054 0.350241721 0.002055958 0.999958873 0.008833488 -0.718639135 -0.004959399 -0.008823201 0.999948740 18.932973862
0.999988139 -0.001423947 0.004648046 0.352812052 0.001381269 0.999956965 0.009172251 -0.726740956 -0.004660906 -0.009165722 0.999947131 19.484806061
0.999990106 -0.001116545 0.004309694 0.351485163 0.001075303 0.999953687 0.009560244 -0.745191932 -0.004320169 -0.009555513 0.999944985 19.924358368
0.999989569 -0.002663111 0.003708161 0.411236405 0.002627346 0.999950290 0.009616450 -0.794520080 -0.003733586 -0.009606607 0.999946892 20.361278534
0.999990463 -0.002610280 0.003493258 0.418361455 0.002577819 0.999953806 0.009264966 -0.793775797 -0.003517281 -0.009255874 0.999951005 20.874950409
0.999992669 -0.001836361 0.003354055 0.422624081 0.001806085 0.999957800 0.009007527 -0.803890347 -0.003370454 -0.009001403 0.999953806 21.400690079
0.999992251 -0.003051186 0.002507891 0.430066645 0.003026558 0.999947727 0.009765782 -0.834199548 -0.002537557 -0.009758115 0.999949217 21.866970062
0.999992251 -0.003226944 0.002222429 0.421397984 0.003204753 0.999945700 0.009917367 -0.853454709 -0.002254311 -0.009910169 0.999948323 22.306640625
0.999993324 -0.003258106 0.001684305 0.427011609 0.003240094 0.999938667 0.010588499 -0.870985091 -0.001718700 -0.010582970 0.999942482 22.839530945
0.999994457 -0.002820204 0.001755754 0.422269404 0.002802581 0.999946475 0.009960331 -0.879925013 -0.001783750 -0.009955355 0.999948800 23.387622833
0.999997139 -0.002305770 0.000648735 0.437390924 0.002298943 0.999943972 0.010335326 -0.892118692 -0.000672530 -0.010333806 0.999946356 23.839252472
0.999998152 -0.001905584 -0.000109501 0.449474812 0.001906606 0.999945641 0.010253475 -0.893139899 0.000089956 -0.010253666 0.999947429 24.373298645
0.999998391 -0.001668441 -0.000795433 0.452836633 0.001675924 0.999953449 0.009501508 -0.894611120 0.000779543 -0.009502825 0.999954522 24.930212021
0.999996901 -0.002392761 -0.000651228 0.446484208 0.002399312 0.999944568 0.010251901 -0.924588859 0.000626661 -0.010253433 0.999947190 25.370506287
0.999995649 -0.002601268 -0.001349316 0.457287639 0.002615018 0.999943674 0.010290299 -0.927620292 0.001322472 -0.010293783 0.999946177 25.914070129
0.999995768 -0.002501909 -0.001491252 0.463076442 0.002516969 0.999944985 0.010184449 -0.946150541 0.001465690 -0.010188160 0.999947011 26.488519669
0.999997437 -0.001231693 -0.001906138 0.471611023 0.001253744 0.999931812 0.011610627 -0.979166150 0.001891708 -0.011612985 0.999930859 27.056180954
0.999995708 -0.001931565 -0.002194587 0.470050514 0.001957036 0.999930024 0.011664067 -0.989510179 0.002171904 -0.011668312 0.999929488 27.482072830
0.999995708 -0.001491804 -0.002509486 0.475919574 0.001520301 0.999933898 0.011392391 -1.003448606 0.002492325 -0.011396158 0.999931931 28.034135818
0.999995172 -0.001541371 -0.002723223 0.478948116 0.001572388 0.999933600 0.011425024 -1.010853291 0.002705431 -0.011429250 0.999931037 28.606739044
0.999993801 -0.001832089 -0.002991171 0.470929503 0.001868136 0.999925077 0.012093137 -1.028723478 0.002968792 -0.012098650 0.999922395 29.028909683
0.999992132 -0.001943942 -0.003473522 0.495737672 0.001986708 0.999921679 0.012351197 -1.043093920 0.003449241 -0.012358001 0.999917686 29.576221466
0.999993682 -0.001579591 -0.003194317 0.495636046 0.001619375 0.999920607 0.012490589 -1.052649498 0.003174334 -0.012495683 0.999916852 30.129709244
0.999990642 -0.001188797 -0.004161614 0.523979068 0.001241554 0.999918640 0.012697545 -1.066788912 0.004146180 -0.012702594 0.999910712 30.663316727
0.999988616 -0.001888078 -0.004381445 0.525449038 0.001941641 0.999923050 0.012253051 -1.086498857 0.004357972 -0.012261420 0.999915242 31.094156265
0.999990284 -0.001304200 -0.004219285 0.526710272 0.001353295 0.999931157 0.011654092 -1.079615235 0.004203795 -0.011659689 0.999923170 31.647552490
0.999988616 -0.000717958 -0.004707536 0.527068734 0.000770931 0.999936283 0.011260609 -1.090144157 0.004699152 -0.011264110 0.999925554 32.186904907
0.999989271 -0.000828437 -0.004552915 0.522896349 0.000881532 0.999931514 0.011672277 -1.099574685 0.004542934 -0.011676166 0.999921501 32.696674347
0.999985695 -0.001725783 -0.005060760 0.529529989 0.001791757 0.999913037 0.013060865 -1.130445361 0.005037780 -0.013069745 0.999901891 33.089981079
0.999986053 -0.001979620 -0.004907342 0.528257608 0.002040928 0.999919474 0.012519703 -1.129798174 0.004882162 -0.012529544 0.999909639 33.603591919
0.999983549 -0.001360700 -0.005576693 0.545532465 0.001429849 0.999921918 0.012414281 -1.138880968 0.005559365 -0.012422049 0.999907434 34.149940491
0.999983907 -0.001502047 -0.005457723 0.546423793 0.001573228 0.999913394 0.013061529 -1.160713553 0.005437632 -0.013069905 0.999899805 34.715110779
0.999979377 -0.001565661 -0.006230735 0.568094552 0.001645926 0.999915421 0.012897857 -1.186801791 0.006210014 -0.012907846 0.999897420 35.296817780
0.999981582 -0.001750401 -0.005799797 0.571749210 0.001829588 0.999904752 0.013676239 -1.225562572 0.005775307 -0.013686598 0.999889672 35.677631378
0.999980211 -0.002046112 -0.005938673 0.582188547 0.002126389 0.999906063 0.013542919 -1.232819438 0.005910404 -0.013555279 0.999890685 36.229270935
0.999983013 -0.001749786 -0.005559150 0.573989272 0.001827055 0.999901414 0.013924874 -1.255281687 0.005534237 -0.013934795 0.999887526 36.737861633
0.999979436 -0.002363938 -0.005955641 0.566547275 0.002448797 0.999894977 0.014281726 -1.272876382 0.005921256 -0.014296017 0.999880314 37.262046814
0.999983788 -0.001820538 -0.005383621 0.539996147 0.001892279 0.999909043 0.013350946 -1.227834582 0.005358825 -0.013360917 0.999896348 37.749824524
0.999980330 -0.001751425 -0.006015840 0.555346727 0.001834276 0.999903202 0.013794411 -1.250213146 0.005991098 -0.013805174 0.999886751 38.295314789
0.999983013 -0.001643518 -0.005581104 0.577954829 0.001717492 0.999910414 0.013275505 -1.260984182 0.005558785 -0.013284867 0.999896288 38.834930420
0.999981701 -0.001906815 -0.005733758 0.582721710 0.001993218 0.999883950 0.015101444 -1.330702305 0.005704297 -0.015112596 0.999869525 39.237758636
0.999984264 -0.000786090 -0.005544699 0.595142365 0.000864593 0.999899268 0.014170065 -1.317346811 0.005533001 -0.014174637 0.999884188 39.770980835
0.999978840 -0.001873653 -0.006232920 0.610322237 0.001967854 0.999883473 0.015141745 -1.343246698 0.006203823 -0.015153689 0.999865949 40.320625305
0.999978304 -0.001617494 -0.006401654 0.622839689 0.001710347 0.999893129 0.014525670 -1.340431571 0.006377473 -0.014536301 0.999874055 40.860847473
0.999978483 -0.001758497 -0.006330198 0.612115860 0.001850285 0.999892831 0.014523568 -1.349881411 0.006303980 -0.014534967 0.999874473 41.383735657
0.999980748 -0.000813561 -0.006160153 0.624149323 0.000902166 0.999895990 0.014394532 -1.377329111 0.006147800 -0.014399812 0.999877393 41.916030884
0.999980271 -0.002463199 -0.005786649 0.594091892 0.002542619 0.999902129 0.013757586 -1.379831672 0.005752196 -0.013772027 0.999888599 42.533805847
0.999976993 -0.001621123 -0.006577009 0.621876359 0.001721552 0.999881685 0.015292976 -1.414654016 0.006551436 -0.015303950 0.999861419 42.864990234
0.999977887 -0.001149203 -0.006552170 0.627614260 0.001248455 0.999884248 0.015164101 -1.422486544 0.006533984 -0.015171946 0.999863565 43.413063049
0.999975502 -0.001834157 -0.006745153 0.639912546 0.001934767 0.999886572 0.014939759 -1.422718763 0.006716985 -0.014952444 0.999865651 43.943992615
0.999980330 -0.001369586 -0.006114367 0.635792851 0.001460940 0.999886990 0.014961405 -1.434617043 0.006093186 -0.014970044 0.999869347 44.456748962
0.999982476 0.000080740 -0.005914348 0.620634258 0.000000633 0.999905348 0.013757213 -1.427571058 0.005914899 -0.013756976 0.999887884 45.034816742
0.999983132 0.000069018 -0.005800592 0.633282363 0.000014963 0.999895215 0.014476689 -1.450969934 0.005800983 -0.014476532 0.999878407 45.493797302
0.999981582 -0.000619308 -0.006040805 0.610270619 0.000722930 0.999852359 0.017166579 -1.515328884 0.006029281 -0.017170630 0.999834418 45.948238373
0.999979854 -0.000970905 -0.006280559 0.622724831 0.001076909 0.999856651 0.016896741 -1.524071693 0.006263253 -0.016903164 0.999837518 46.486095428
0.999982774 -0.000598948 -0.005844370 0.618440628 0.000695694 0.999862432 0.016565720 -1.528423309 0.005833645 -0.016569499 0.999845684 47.043758392
0.999978542 -0.000920936 -0.006495409 0.639729619 0.001023568 0.999874294 0.015815059 -1.521767378 0.006480029 -0.015821368 0.999853790 47.597175598
0.999982059 -0.000035252 -0.005989134 0.625930786 0.000134483 0.999862671 0.016568987 -1.542919993 0.005987727 -0.016569497 0.999844730 48.135116577
0.999978542 -0.001289765 -0.006423043 0.622409225 0.001403397 0.999842048 0.017718386 -1.563646793 0.006399177 -0.017727021 0.999822319 48.579505920
0.999974251 -0.001283291 -0.007055980 0.641084969 0.001401771 0.999857724 0.016812112 -1.562805176 0.007033403 -0.016821573 0.999833703 49.123767853
0.999975204 -0.001631729 -0.006844111 0.642430425 0.001746177 0.999858201 0.016749583 -1.564600468 0.006815810 -0.016761119 0.999836326 49.656967163
0.999974608 -0.001356342 -0.006991875 0.659163117 0.001470550 0.999865174 0.016355127 -1.561019301 0.006968749 -0.016364994 0.999841809 50.090087891
0.999974608 -0.001308451 -0.007004098 0.668873429 0.001421221 0.999868989 0.016119838 -1.558118820 0.006982089 -0.016129382 0.999845564 50.641422272
0.999975383 -0.001536852 -0.006838312 0.659905672 0.001644523 0.999874353 0.015767580 -1.565446258 0.006813221 -0.015778437 0.999852300 51.193408966
0.999974191 -0.001600120 -0.007008907 0.676883221 0.001710322 0.999874592 0.015745450 -1.578902721 0.006982835 -0.015757030 0.999851465 51.731437683
0.999977529 -0.001217416 -0.006596813 0.653440118 0.001324232 0.999867678 0.016211974 -1.585667372 0.006576204 -0.016220344 0.999846816 52.145416260
0.999978960 -0.000576090 -0.006463990 0.656475544 0.000676774 0.999878287 0.015584802 -1.583263516 0.006454226 -0.015588849 0.999857664 52.708175659
0.999982655 -0.000315848 -0.005883126 0.649212658 0.000407585 0.999878228 0.015598641 -1.592952251 0.005877483 -0.015600768 0.999861062 53.240756989
0.999982178 -0.000282306 -0.005967824 0.673629045 0.000374813 0.999879718 0.015505798 -1.591108203 0.005962729 -0.015507759 0.999862015 53.782714844
0.999982595 -0.000676664 -0.005861287 0.688534498 0.000778637 0.999848068 0.017412903 -1.636001945 0.005848614 -0.017417163 0.999831200 54.107284546
0.999980390 -0.000535119 -0.006241438 0.704741716 0.000642644 0.999851227 0.017238447 -1.637275100 0.006231284 -0.017242121 0.999831975 54.649517059
0.999981344 -0.001047277 -0.006024516 0.711079717 0.001142156 0.999875009 0.015766941 -1.637737989 0.006007251 -0.015773525 0.999857545 55.212791443
0.999987304 -0.000243301 -0.005036256 0.693131685 0.000326542 0.999863327 0.016534008 -1.652177334 0.005031544 -0.016535442 0.999850631 55.747978210
0.999974430 -0.001834418 -0.006907291 0.756097436 0.001942449 0.999875307 0.015666181 -1.623714685 0.006877694 -0.015679196 0.999853432 56.113468170
0.999975204 -0.001968392 -0.006769805 0.761926651 0.002072778 0.999878526 0.015447059 -1.631212234 0.006738578 -0.015460707 0.999857843 56.669353485
0.999977767 -0.001564011 -0.006491203 0.788649440 0.001662255 0.999883711 0.015157139 -1.639667153 0.006466743 -0.015167592 0.999864042 57.219169617
0.999981225 -0.001112623 -0.006034566 0.770337582 0.001200303 0.999893486 0.014545413 -1.631221175 0.006017740 -0.014552383 0.999876022 57.754547119
0.999980032 -0.001894844 -0.006028182 0.776490152 0.001977637 0.999903321 0.013758154 -1.630837679 0.006001532 -0.013769800 0.999887109 58.262290955
0.999977171 -0.000705282 -0.006719006 0.866251349 0.000806932 0.999885082 0.015137823 -1.645788908 0.006707557 -0.015142900 0.999862790 58.617961884
0.999976337 -0.000231996 -0.006881612 0.874876261 0.000336372 0.999884844 0.015170003 -1.657570839 0.006877300 -0.015171959 0.999861181 59.144416809
0.999979258 -0.000889569 -0.006384810 0.879023194 0.000979504 0.999900222 0.014096569 -1.653831840 0.006371633 -0.014102532 0.999880254 59.695079803
0.999979794 -0.000314102 -0.006356284 0.889394641 0.000403336 0.999901235 0.014042201 -1.626865983 0.006351246 -0.014044480 0.999881208 60.176891327
0.999980986 0.000157383 -0.006151783 0.913286209 -0.000071441 0.999902427 0.013968046 -1.640079498 0.006153381 -0.013967342 0.999883533 60.695018768
0.999975741 -0.000782388 -0.006917412 0.936861515 0.000886766 0.999885619 0.015098973 -1.658951998 0.006904809 -0.015104741 0.999862075 61.172172546
0.999974430 -0.000935548 -0.007091277 0.946337104 0.001039793 0.999891222 0.014711113 -1.658552051 0.007076743 -0.014718109 0.999866664 61.727108002
0.999975979 0.000023386 -0.006925027 0.966733992 0.000074356 0.999900401 0.014113669 -1.662636757 0.006924668 -0.014113844 0.999876440 62.291469574
0.999973297 -0.001145662 -0.007211631 0.987401247 0.001251414 0.999891520 0.014676672 -1.666898727 0.007194034 -0.014685305 0.999866307 62.871913910
0.999975622 -0.000296102 -0.006968127 0.991066217 0.000389273 0.999910474 0.013373408 -1.648476720 0.006963543 -0.013375795 0.999886274 63.422931671
0.999971390 -0.002265334 -0.007218333 0.976890802 0.002369060 0.999893606 0.014393886 -1.669977188 0.007184959 -0.014410574 0.999870360 63.790515900
0.999973059 -0.001743228 -0.007132071 0.975748539 0.001846261 0.999893785 0.014465372 -1.676564217 0.007106096 -0.014478151 0.999869943 64.335403442
0.999968529 -0.002742767 -0.007441838 0.990818977 0.002844712 0.999901772 0.013723101 -1.669848204 0.007403468 -0.013743839 0.999878168 64.905151367
0.999971926 -0.003001553 -0.006854786 1.001285076 0.003088337 0.999914765 0.012685127 -1.654377103 0.006816126 -0.012705941 0.999896109 65.442382812
0.999963105 -0.002988381 -0.008053358 1.026677608 0.003104025 0.999891818 0.014385785 -1.678008318 0.008009494 -0.014410255 0.999864042 65.953308105
0.999964297 -0.002706312 -0.008004874 1.035586834 0.002816433 0.999901175 0.013777651 -1.685931444 0.007966796 -0.013799705 0.999872983 66.490112305
0.999965847 -0.002636056 -0.007830895 1.043960690 0.002743614 0.999901593 0.013756083 -1.690949440 0.007793862 -0.013777097 0.999874771 67.028030396
0.999972582 -0.002272962 -0.007053308 1.032869220 0.002366326 0.999909282 0.013256945 -1.699137449 0.007022535 -0.013273269 0.999887347 67.545951843
0.999964178 -0.002908088 -0.007951431 1.059467554 0.003012193 0.999909401 0.013112234 -1.692760706 0.007912580 -0.013135714 0.999882460 68.083473206
0.999975681 -0.001491766 -0.006813847 1.019675374 0.001584942 0.999904990 0.013689665 -1.742946267 0.006792776 -0.013700129 0.999883175 68.603797913
0.999957740 -0.004065243 -0.008246518 1.075600863 0.004177853 0.999897599 0.013684414 -1.701103449 0.008190044 -0.013718288 0.999872327 69.103492737
0.999965310 -0.002578821 -0.007915963 1.082920790 0.002689871 0.999897659 0.014050221 -1.713485003 0.007878920 -0.014071026 0.999869943 69.649963379
0.999970019 -0.002336906 -0.007395918 1.070055246 0.002439400 0.999900758 0.013879601 -1.712301731 0.007362750 -0.013897225 0.999876320 70.234931946
0.999967933 -0.003103700 -0.007394628 1.069986820 0.003201398 0.999907255 0.013236871 -1.700411081 0.007352859 -0.013260119 0.999885082 70.805595398
0.999939024 -0.005421361 -0.009621315 1.134127617 0.005555620 0.999886870 0.013982906 -1.723653078 0.009544420 -0.014035506 0.999855936 71.325950623
0.999930680 -0.007023904 -0.009450431 1.141991854 0.007159644 0.999870658 0.014407097 -1.732204199 0.009348016 -0.014473761 0.999851525 71.854179382
0.999941468 -0.005393076 -0.009383025 1.138993263 0.005524529 0.999886215 0.014040442 -1.767541409 0.009306237 -0.014091457 0.999857426 72.347938538
0.999943018 -0.005251135 -0.009300001 1.161082745 0.005385616 0.999880433 0.014494725 -1.797700286 0.009222774 -0.014543982 0.999851704 72.869400024
0.999954760 -0.005025229 -0.008079392 1.101589680 0.005142382 0.999880910 0.014545487 -1.770708799 0.008005336 -0.014586378 0.999861538 73.366401672
0.999958217 -0.004558860 -0.007926511 1.097679973 0.004676454 0.999878287 0.014880761 -1.789042592 0.007857710 -0.014917206 0.999857843 73.892707825
0.999943018 -0.005759387 -0.008989381 1.132930756 0.005895956 0.999866426 0.015240564 -1.794904709 0.008900402 -0.015292699 0.999843419 74.394424438
0.999949336 -0.005132740 -0.008661794 1.107890844 0.005255950 0.999884427 0.014262198 -1.779152036 0.008587589 -0.014307003 0.999860764 74.997795105
0.999941885 -0.006364215 -0.008703271 1.147475243 0.006480226 0.999889612 0.013366952 -1.768095255 0.008617240 -0.013422576 0.999872744 75.442901611
0.999941766 -0.006234346 -0.008804442 1.106246352 0.006356865 0.999882340 0.013956870 -1.790412903 0.008716395 -0.014012027 0.999863803 76.107048035
0.999938130 -0.006097515 -0.009298816 1.146637321 0.006237817 0.999865949 0.015134654 -1.808598876 0.009205285 -0.015191725 0.999842167 76.563842773
0.999971986 -0.004141025 -0.006233414 1.072377563 0.004229180 0.999890268 0.014196278 -1.806007028 0.006173942 -0.014222243 0.999879777 77.224639893
0.999984622 -0.003626215 -0.004191271 1.065817833 0.003682210 0.999902964 0.013430311 -1.810553312 0.004142163 -0.013445538 0.999900997 77.787071228
0.999984860 -0.004064403 -0.003706858 1.094621539 0.004115921 0.999893546 0.013997649 -1.836200953 0.003649571 -0.014012693 0.999895155 78.345687866
0.999996126 -0.001901922 -0.002068421 1.068189859 0.001931852 0.999891996 0.014564650 -1.862440467 0.002040497 -0.014568590 0.999891758 78.889167786
0.999994040 -0.003405496 0.000565781 1.100106120 0.003397136 0.999893785 0.014173905 -1.855717778 -0.000613990 -0.014171901 0.999899387 79.391075134
0.999981761 -0.004165512 0.004373673 1.117813230 0.004101647 0.999886334 0.014510935 -1.859107256 -0.004433621 -0.014492732 0.999885142 79.927062988
0.999969959 -0.003215308 0.007054054 1.152685881 0.003114591 0.999893785 0.014242464 -1.867356539 -0.007099099 -0.014220066 0.999873698 80.474784851
0.999935567 -0.003614059 0.010760597 1.181552410 0.003446690 0.999873459 0.015531932 -1.895525098 -0.010815368 -0.015493842 0.999821484 80.992774963
0.999851406 -0.002484601 0.017055808 1.212213516 0.002213595 0.999871314 0.015889836 -1.926667690 -0.017093092 -0.015849721 0.999728262 81.475891113
0.999728441 -0.002454323 0.023172699 1.231979966 0.002078556 0.999866128 0.016226068 -1.957972527 -0.023209423 -0.016173497 0.999599755 81.940254211
0.999567270 -0.003299938 0.029230407 1.220252633 0.002882843 0.999893546 0.014299874 -1.906222463 -0.029274484 -0.014209419 0.999470353 82.645195007
0.999298871 -0.003452805 0.037279576 1.272387147 0.002932809 0.999897718 0.013994224 -1.905247569 -0.037324086 -0.013875078 0.999206841 83.206565857
0.998956203 -0.003781872 0.045522429 1.320450068 0.003124789 0.999890029 0.014496762 -1.923688769 -0.045572247 -0.014339380 0.998858035 83.716194153
0.998645365 -0.004574285 0.051832050 1.381051779 0.003805160 0.999881387 0.014927750 -1.940209627 -0.051894180 -0.014710300 0.998544157 84.249046326
0.998124480 -0.005199349 0.060996357 1.426080704 0.004340896 0.999889791 0.014197931 -1.933635473 -0.061063454 -0.013906523 0.998036921 84.862312317
0.997444987 -0.005220570 0.071247138 1.475705147 0.004267276 0.999899447 0.013525763 -1.906618714 -0.071310580 -0.013187173 0.997366965 85.359405518
0.996782184 -0.005885437 0.079941906 1.540296078 0.004757230 0.999886572 0.014295960 -1.957244635 -0.080016986 -0.013869657 0.996696949 85.947593689
0.996067286 -0.003930841 0.088512093 1.595980167 0.002624942 0.999885976 0.014865482 -1.929592013 -0.088560432 -0.014574681 0.995964170 86.407508850
0.995037556 -0.003475169 0.099438466 1.671530724 0.002017901 0.999889135 0.014751796 -1.930861235 -0.099478722 -0.014477935 0.994934320 86.955459595
0.993945599 -0.003114998 0.109828241 1.743323803 0.001548910 0.999895990 0.014341855 -1.932738900 -0.109861486 -0.014084913 0.993847132 87.518676758
0.992820501 -0.002692569 0.119583137 1.823875427 0.001007723 0.999899507 0.014147550 -1.936509609 -0.119609207 -0.013925475 0.992723286 88.107170105
0.991545200 -0.003588740 0.129712299 1.942171097 0.001723355 0.999893486 0.014490331 -1.961356163 -0.129750460 -0.014144274 0.991445780 88.650466919
0.989871621 -0.004272406 0.141901553 2.044706345 0.002231346 0.999891818 0.014539636 -1.968244314 -0.141948342 -0.014075741 0.989773989 89.196044922
0.988188744 -0.004850443 0.153165251 2.148757935 0.002782714 0.999902070 0.013711485 -1.968725801 -0.153216764 -0.013123319 0.988105476 89.739753723
0.986681163 -0.004540933 0.162602872 2.260807037 0.002261019 0.999896586 0.014203674 -1.980337858 -0.162650555 -0.013646849 0.986589372 90.289993286
0.984609544 -0.004855310 0.174701244 2.385411263 0.002459430 0.999899924 0.013928038 -1.994477749 -0.174751371 -0.013284013 0.984522998 90.810623169
0.982508659 -0.006410033 0.186106339 2.493039131 0.003787757 0.999888539 0.014442354 -1.989793181 -0.186178192 -0.013484812 0.982423425 91.301170349
0.980386615 -0.006575913 0.196973845 2.621492386 0.003842272 0.999891043 0.014257136 -1.996211767 -0.197046131 -0.013220679 0.980305016 91.834732056
0.977720022 -0.007060465 0.209794581 2.759660721 0.004116514 0.999886930 0.014465903 -2.003141642 -0.209873021 -0.013279982 0.977638423 92.366661072
0.974554300 -0.007077677 0.224039674 2.894174576 0.003903239 0.999885678 0.014608789 -2.006858110 -0.224117458 -0.013362580 0.974470496 92.871406555
0.971977890 -0.007805179 0.234942764 3.054262161 0.004523880 0.999884725 0.014502114 -2.030379772 -0.235028818 -0.013032881 0.971901000 93.410881042
0.968481958 -0.006228045 0.249005899 3.143470764 0.002773589 0.999895036 0.014221428 -1.987786651 -0.249068365 -0.013082556 0.968397558 94.030281067
0.964833081 -0.006704522 0.262777925 3.304006577 0.003096662 0.999895215 0.014141435 -1.992515087 -0.262845248 -0.012830390 0.964752674 94.548522949
0.961159647 -0.005997807 0.275927812 3.480098724 0.002263679 0.999901533 0.013849492 -2.000926495 -0.275983661 -0.012686960 0.961078525 95.078590393
0.958138287 -0.008109784 0.286191046 3.683174133 0.004088188 0.999884427 0.014646850 -2.024991035 -0.286276728 -0.012863706 0.958060563 95.593490601
0.953734219 -0.006920468 0.300571412 3.870538712 0.002584290 0.999886811 0.014821631 -2.042399406 -0.300639957 -0.013359135 0.953644097 96.116249084
0.948968530 -0.007725739 0.315276116 4.025196075 0.003119130 0.999880910 0.015113298 -2.023226738 -0.315355390 -0.013358656 0.948879600 96.662101746
0.945268810 -0.008212016 0.326189518 4.241146088 0.003578636 0.999884009 0.014802106 -2.024865150 -0.326273203 -0.012824653 0.945188582 97.183837891
0.940649807 -0.008111055 0.339281619 4.436191559 0.003409896 0.999889731 0.014450070 -2.030995607 -0.339361370 -0.012435541 0.940573871 97.689880371
0.935322106 -0.007407778 0.353719652 4.653392792 0.002245145 0.999884903 0.015003386 -2.045123816 -0.353790075 -0.013238846 0.935231209 98.209465027
0.930760562 -0.009285402 0.365511268 4.871873856 0.003789851 0.999868810 0.015749829 -2.074976206 -0.365609527 -0.013274089 0.930673659 98.757675171
0.926679254 -0.009972116 0.375720769 5.124763489 0.004797860 0.999880314 0.014704658 -2.057450294 -0.375822484 -0.011823847 0.926616192 99.235466003
0.920522511 -0.009036288 0.390585005 5.380907059 0.003161792 0.999872029 0.015680660 -2.068905354 -0.390676737 -0.013199452 0.920433283 99.742828369
0.914836645 -0.009229121 0.403718650 5.625965118 0.003339244 0.999877512 0.015290665 -2.076563835 -0.403810382 -0.012640345 0.914755285 100.239547729
0.910082042 -0.010171162 0.414303303 5.870742798 0.003932195 0.999865651 0.015909061 -2.088251591 -0.414409488 -0.012849431 0.909999788 100.720352173
0.904695332 -0.010072221 0.425940067 6.128181458 0.003817936 0.999871969 0.015534732 -2.098503590 -0.426042050 -0.012427987 0.904617965 101.205474854
0.897740722 -0.010570009 0.440397382 6.389739990 0.003895043 0.999863446 0.016057836 -2.098535299 -0.440506995 -0.012700406 0.897659302 101.718391418
0.892272055 -0.011995192 0.451338619 6.664001465 0.005179200 0.999853194 0.016334016 -2.112396479 -0.451468289 -0.012236817 0.892203271 102.243263245
0.886207461 -0.011886754 0.463136107 6.932796478 0.004923004 0.999855995 0.016241964 -2.113593578 -0.463262409 -0.012113730 0.886138439 102.729110718
0.878703952 -0.011678288 0.477224231 7.209346771 0.004215752 0.999851584 0.016705263 -2.119367838 -0.477348447 -0.012667121 0.878622830 103.225540161
