1.000000000 0.000000000 0.000000000 0.000000000 0.000000000 1.000000000 0.000000000 0.000000000 0.000000000 0.000000000 1.000000000 0.000000000
1.000000000 -0.000031419 0.000101856 -0.000927044 0.000031409 1.000000000 0.000100054 -0.000176556 -0.000101859 -0.000100051 1.000000000 0.000710137
1.000000000 0.000187213 0.000096987 -0.001272358 -0.000187223 1.000000000 0.000104579 0.000565078 -0.000096968 -0.000104597 1.000000000 0.001470152
1.000000000 0.000120388 -0.000135252 0.001189684 -0.000120369 1.000000000 0.000139775 -0.000989659 0.000135269 -0.000139758 1.000000000 -0.000664286
1.000000000 0.000180305 -0.000000381 0.000028333 -0.000180305 1.000000000 0.000150372 -0.001033618 0.000000408 -0.000150372 1.000000000 -0.000265740
1.000000000 0.000131018 0.000075140 -0.001435714 -0.000131026 1.000000000 0.000102939 -0.000561495 -0.000075127 -0.000102949 1.000000000 -0.000549582
1.000000000 0.000003690 0.000138011 -0.000731957 -0.000003701 1.000000000 0.000079152 -0.000429398 -0.000138011 -0.000079153 1.000000000 -0.000309945
0.999999940 -0.000231646 0.000249340 -0.001292177 0.000231623 0.999999940 0.000093164 0.000426771 -0.000249361 -0.000093107 0.999999940 0.001819838
1.000000000 0.000026897 0.000125467 -0.000601551 -0.000026904 1.000000000 0.000052549 0.000799706 -0.000125466 -0.000052553 1.000000000 0.002727971
1.000000000 -0.000023362 0.000191028 -0.001121518 0.000023342 1.000000000 0.000102669 -0.000250850 -0.000191030 -0.000102665 1.000000000 0.000101286
1.000000000 -0.000090754 0.000180413 0.000248624 0.000090764 1.000000000 -0.000058286 0.001605481 -0.000180407 0.000058302 1.000000000 0.001479607
1.000000000 -0.000083257 0.000080639 -0.000548957 0.000083246 1.000000000 0.000135586 -0.000078267 -0.000080651 -0.000135579 1.000000000 0.001414108
0.999999940 0.000240844 0.000237832 -0.002798015 -0.000240824 0.999999940 -0.000084469 0.002844204 -0.000237853 0.000084412 0.999999940 0.005694201
0.999999940 -0.000286391 0.000185728 -0.001345385 0.000286358 0.999999940 0.000176387 0.000367545 -0.000185778 -0.000176333 0.999999940 0.003042256
1.000000000 0.000017553 0.000240587 -0.001376818 -0.000017585 1.000000000 0.000131345 -0.000131340 -0.000240584 -0.000131350 0.999999940 0.000875132
1.000000000 0.000187579 0.000132550 -0.000289337 -0.000187604 0.999999940 0.000185476 -0.001208018 -0.000132515 -0.000185501 1.000000000 -0.001325995
1.000000000 0.000045436 0.000184228 -0.000882758 -0.000045462 1.000000000 0.000140231 -0.000477622 -0.000184221 -0.000140240 1.000000000 0.000528507
0.999999881 0.000250377 0.000483450 -0.004565662 -0.000250366 0.999999940 -0.000022367 0.002812614 -0.000483455 0.000022246 0.999999881 0.007040052
0.999999940 0.000132889 0.000346018 -0.003465593 -0.000132907 1.000000000 0.000051718 0.001379483 -0.000346011 -0.000051764 0.999999940 0.004423290
1.000000000 0.000203315 0.000116689 -0.000757938 -0.000203333 0.999999940 0.000155028 -0.000472287 -0.000116658 -0.000155051 1.000000000 -0.000006872
0.999999940 0.000280421 0.000232470 -0.003605651 -0.000280445 0.999999940 0.000099244 0.001363590 -0.000232442 -0.000099309 0.999999940 0.005004564
0.999999881 0.000341142 0.000301442 -0.003343309 -0.000341152 0.999999940 0.000033327 0.001501707 -0.000301431 -0.000033430 0.999999940 0.004124303
1.000000000 -0.000135733 0.000160260 -0.002463340 0.000135724 1.000000000 0.000056318 0.001786680 -0.000160268 -0.000056296 1.000000000 0.004028785
0.999999940 0.000171665 0.000342661 -0.002445305 -0.000171687 1.000000000 0.000061636 0.000594115 -0.000342650 -0.000061694 0.999999940 0.003483898
0.999999940 0.000101849 0.000300148 -0.002111201 -0.000101886 1.000000000 0.000122036 -0.000057282 -0.000300136 -0.000122066 0.999999940 0.000206745
0.999999940 0.000076482 0.000283941 -0.002245768 -0.000076498 1.000000000 0.000057575 0.001236282 -0.000283937 -0.000057597 0.999999940 0.002749688
1.000000000 -0.000084213 0.000148999 -0.001117918 0.000084222 1.000000000 -0.000058654 0.001573497 -0.000148994 0.000058667 1.000000000 0.001702837
1.000000000 -0.000010132 0.000128962 -0.000275180 0.000010135 1.000000000 -0.000022221 0.001322789 -0.000128962 0.000022223 1.000000000 0.001761443
0.999999881 0.000275124 0.000435328 -0.005043918 -0.000275057 0.999999940 -0.000154444 0.003697793 -0.000435371 0.000154324 0.999999881 0.006131939
1.000000000 0.000023214 0.000238303 -0.003886655 -0.000023213 1.000000000 -0.000001002 0.003009657 -0.000238303 0.000000996 1.000000000 0.006228972
1.000000000 -0.000056950 0.000190748 -0.002193789 0.000056951 1.000000000 -0.000004498 0.000844476 -0.000190747 0.000004509 1.000000000 0.003484239
0.999999940 0.000005674 0.000264446 -0.002122063 -0.000005711 1.000000000 0.000139521 0.000841625 -0.000264445 -0.000139522 0.999999940 0.001888039
1.000000000 0.000058415 0.000210385 -0.002321564 -0.000058412 1.000000000 -0.000013705 0.002466446 -0.000210385 0.000013692 1.000000000 0.005207393
0.999999940 -0.000077117 0.000379239 -0.002414894 0.000077157 1.000000000 -0.000104292 0.002723022 -0.000379231 0.000104321 0.999999940 0.004163248
1.000000000 0.000053953 0.000190234 -0.001442043 -0.000053977 1.000000000 0.000122872 0.000928860 -0.000190227 -0.000122882 1.000000000 0.003580889
0.999999940 0.000069705 0.000290571 -0.001527801 -0.000069728 1.000000000 0.000078910 0.001319129 -0.000290565 -0.000078930 0.999999940 0.001818210
1.000000000 0.000003301 0.000217188 -0.001942282 -0.000003301 1.000000000 -0.000000077 0.003978641 -0.000217188 0.000000076 1.000000000 0.006367813
0.999999940 -0.000104240 0.000277998 -0.003613094 0.000104236 1.000000000 0.000015333 0.003523416 -0.000278000 -0.000015304 0.999999940 0.008871001
0.999999940 -0.000016426 0.000337214 -0.002777859 0.000016347 1.000000000 0.000233294 -0.000025836 -0.000337218 -0.000233289 0.999999940 0.001746667
0.999999940 -0.000185063 0.000177987 -0.000422177 0.000185054 1.000000000 0.000049119 0.001378401 -0.000177996 -0.000049086 1.000000000 0.001854649
0.999999940 -0.000059705 0.000361744 -0.001130536 0.000059633 1.000000000 0.000198408 -0.000696425 -0.000361756 -0.000198386 0.999999940 0.001413322
0.999999940 -0.000282457 0.000247820 0.000786574 0.000282597 0.999999821 -0.000564022 -0.001406896 -0.000247660 0.000564092 0.999999821 0.051121358
0.999999881 0.000134688 0.000461651 -0.003124289 -0.000134184 0.999999404 -0.001092180 -0.005245155 -0.000461798 0.001092118 0.999999285 0.137703449
1.000000000 0.000209776 0.000052819 0.002012350 -0.000209694 0.999998748 -0.001551460 -0.003991168 -0.000053144 0.001551449 0.999998808 0.257263482
1.000000000 0.000073996 -0.000228689 0.007193256 -0.000074256 0.999999344 -0.001134098 -0.012564772 0.000228604 0.001134115 0.999999344 0.387749344
1.000000000 0.000176068 -0.000010658 0.008537048 -0.000176077 0.999999642 -0.000833034 -0.020554705 0.000010511 0.000833036 0.999999642 0.520583212
0.999999940 0.000233160 0.000137064 0.012744646 -0.000233077 0.999999821 -0.000599738 -0.028628333 -0.000137204 0.000599706 0.999999821 0.667976320
0.999999642 0.000735668 0.000418837 0.016321955 -0.000735384 0.999999523 -0.000676474 -0.026306588 -0.000419334 0.000676166 0.999999702 0.840041578
0.999999940 0.000373707 0.000046964 0.018915033 -0.000373682 0.999999762 -0.000529615 -0.029083006 -0.000047162 0.000529598 0.999999881 1.016020417
0.999999881 0.000527114 -0.000090612 0.022257460 -0.000527129 0.999999821 -0.000165936 -0.035996310 0.000090525 0.000165984 1.000000000 1.187204361
0.999999940 0.000279794 0.000099964 0.023070138 -0.000279759 0.999999881 -0.000352335 -0.038960304 -0.000100063 0.000352307 0.999999940 1.374644518
0.999999881 0.000517683 0.000069436 0.038274474 -0.000517690 0.999999881 0.000097236 -0.055789903 -0.000069386 -0.000097272 1.000000000 1.558770657
0.999999940 0.000308230 -0.000003099 0.041282814 -0.000308229 0.999999940 0.000228325 -0.057581641 0.000003169 -0.000228324 1.000000000 1.754649043
0.999998927 0.001409756 -0.000428774 0.045467105 -0.001411073 0.999994159 -0.003086553 -0.027999956 0.000424420 0.003087154 0.999995172 1.958380103
0.999999225 0.001283607 -0.000219709 0.047137644 -0.001284280 0.999994338 -0.003091251 -0.035271548 0.000215740 0.003091531 0.999995232 2.161364555
0.999998868 0.001542300 0.000065858 0.051673263 -0.001542060 0.999992609 -0.003503687 -0.037404470 -0.000071262 0.003503582 0.999993861 2.388731241
0.999997258 0.002275469 0.000515519 0.043812845 -0.002273839 0.999992490 -0.003140781 -0.046201345 -0.000522662 0.003139600 0.999994934 2.615877151
0.999996424 0.002582635 0.000628696 0.045177847 -0.002580655 0.999991715 -0.003130691 -0.053512134 -0.000636776 0.003129057 0.999994934 2.848963261
0.999997795 0.002117924 0.000208101 0.052479599 -0.002117301 0.999993384 -0.002954724 -0.061668828 -0.000214357 0.002954276 0.999995589 3.084671021
0.999998331 0.001743080 0.000469695 0.058371570 -0.001741454 0.999992490 -0.003439698 -0.066670336 -0.000475687 0.003438874 0.999993980 3.335955858
0.999998629 0.001535280 0.000598805 0.058848999 -0.001533679 0.999995291 -0.002663594 -0.080669820 -0.000602892 0.002662671 0.999996245 3.550004244
0.999998868 0.001339137 0.000600299 0.068393327 -0.001337597 0.999995828 -0.002558349 -0.088165991 -0.000603722 0.002557543 0.999996543 3.800474644
0.999998808 0.001265499 0.000827708 0.068872608 -0.001263127 0.999995112 -0.002859387 -0.094403177 -0.000831322 0.002858338 0.999995530 4.063661575
0.999997437 0.002085323 0.000908514 0.069204643 -0.002082549 0.999993205 -0.003043637 -0.093819581 -0.000914855 0.003041737 0.999994874 4.331040382
0.999998093 0.001888209 0.000579642 0.081612356 -0.001886416 0.999993443 -0.003078343 -0.099912994 -0.000585451 0.003077244 0.999994993 4.589227200
0.999997377 0.002161981 0.000640271 0.083721809 -0.002160024 0.999993026 -0.003041748 -0.108394541 -0.000646843 0.003040357 0.999995172 4.837646961
0.999998033 0.001889227 0.000634500 0.088891476 -0.001887196 0.999993145 -0.003187547 -0.113539256 -0.000640518 0.003186342 0.999994755 5.097362518
0.999997854 0.002005257 0.000478427 0.097646289 -0.002003799 0.999993384 -0.003028920 -0.126088083 -0.000484498 0.003027955 0.999995291 5.358208179
0.999997914 0.001793796 0.000982053 0.093307987 -0.001791099 0.999994636 -0.002740159 -0.142760754 -0.000986964 0.002738394 0.999995768 5.633944511
0.999998748 0.001437196 0.000764735 0.100252256 -0.001435194 0.999995589 -0.002612786 -0.152909860 -0.000768487 0.002611685 0.999996305 5.901914597
0.999999106 0.001132071 0.000760121 0.107195437 -0.001130368 0.999996901 -0.002237401 -0.162871093 -0.000762651 0.002236539 0.999997199 6.182564259
0.999998510 0.001478334 0.000920344 0.108051501 -0.001475656 0.999994695 -0.002903183 -0.163533509 -0.000924631 0.002901821 0.999995351 6.472916126
0.999998629 0.001504093 0.000745465 0.115168415 -0.001501965 0.999994814 -0.002846713 -0.176089153 -0.000749743 0.002845589 0.999995649 6.757182121
0.999998748 0.001485226 0.000611515 0.128494561 -0.001483466 0.999994814 -0.002868661 -0.183253825 -0.000615773 0.002867751 0.999995649 7.045012951
0.999998271 0.001598005 0.000996961 0.131026059 -0.001595406 0.999995410 -0.002601787 -0.198592454 -0.001001114 0.002600192 0.999996066 7.350793839
0.999998093 0.001578208 0.001107491 0.134139672 -0.001575649 0.999996126 -0.002307499 -0.215882748 -0.001111128 0.002305749 0.999996722 7.672203064
0.999998152 0.001491377 0.001203905 0.144299015 -0.001489490 0.999997675 -0.001567056 -0.232076809 -0.001206239 0.001565260 0.999998033 7.981839657
0.999998271 0.001547909 0.001026841 0.146167070 -0.001546169 0.999997377 -0.001693010 -0.241138145 -0.001029459 0.001691419 0.999998033 8.304339409
0.999998152 0.001540769 0.001134563 0.153434664 -0.001538621 0.999997020 -0.001891048 -0.252068013 -0.001137474 0.001889299 0.999997556 8.627253532
0.999997914 0.001421752 0.001479600 0.155467272 -0.001419877 0.999998212 -0.001267790 -0.264732987 -0.001481400 0.001265686 0.999998093 8.974790573
0.999998093 0.001474579 0.001263105 0.167750299 -0.001473081 0.999998271 -0.001185974 -0.280626357 -0.001264852 0.001184111 0.999998510 9.300814629
0.999997675 0.001498853 0.001546984 0.164854661 -0.001497274 0.999998271 -0.001021272 -0.290097535 -0.001548512 0.001018953 0.999998271 9.653602600
0.999997973 0.001235474 0.001582619 0.174528658 -0.001233414 0.999998331 -0.001302229 -0.297498882 -0.001584225 0.001300274 0.999997914 9.998948097
0.999998331 0.001294081 0.001301823 0.179472566 -0.001292075 0.999997914 -0.001540755 -0.303228855 -0.001303815 0.001539070 0.999997973 10.355523109
0.999997914 0.001353459 0.001552429 0.187729537 -0.001351511 0.999998271 -0.001255454 -0.317061514 -0.001554126 0.001253353 0.999998033 10.712437630
0.999996841 0.001811754 0.001716720 0.189739570 -0.001809494 0.999997497 -0.001316862 -0.329981148 -0.001719101 0.001313751 0.999997675 11.083839417
0.999994814 0.002420056 0.002095110 0.195118800 -0.002417862 0.999996543 -0.001049176 -0.344644755 -0.002097642 0.001044105 0.999997318 11.456738472
0.999998331 0.001048016 0.001502659 0.210768595 -0.001046409 0.999998868 -0.001070035 -0.355037063 -0.001503779 0.001068461 0.999998271 11.826900482
0.999997139 0.001313540 0.002007485 0.214185655 -0.001310540 0.999997973 -0.001494984 -0.361509949 -0.002009444 0.001492349 0.999996841 12.208518028
0.999998331 0.000917756 0.001582648 0.227976516 -0.000915571 0.999998629 -0.001380281 -0.372825444 -0.001583912 0.001378829 0.999997735 12.601814270
0.999997199 0.001331629 0.001942100 0.235310331 -0.001330431 0.999998868 -0.000617944 -0.395229638 -0.001942920 0.000615358 0.999997914 12.989874840
0.999997139 0.001540129 0.001899643 0.241000384 -0.001538673 0.999998510 -0.000767636 -0.406189442 -0.001900823 0.000764710 0.999997914 13.387901306
0.999997139 0.000829979 0.002308011 0.250748873 -0.000828346 0.999999404 -0.000708392 -0.417315573 -0.002308597 0.000706478 0.999997079 13.799937248
0.999995232 0.001352613 0.002758796 0.254049838 -0.001351166 0.999998868 -0.000526084 -0.427443981 -0.002759505 0.000522354 0.999996066 14.219255447
0.999993205 0.001317414 0.003440638 0.262707353 -0.001315184 0.999998927 -0.000650303 -0.440494597 -0.003441490 0.000645773 0.999993920 14.639339447
0.999995708 0.000544178 0.002853400 0.274851143 -0.000543746 0.999999762 -0.000152114 -0.460462451 -0.002853482 0.000150562 0.999995947 15.065811157
0.999994934 0.000961385 0.003030929 0.286241889 -0.000960685 0.999999523 -0.000232392 -0.475760549 -0.003031150 0.000229479 0.999995351 15.499230385
0.999991894 0.001603049 0.003698318 0.293429315 -0.001601213 0.999998569 -0.000499198 -0.483614057 -0.003699114 0.000493272 0.999993026 15.943619728
0.999992132 0.001014239 0.003838872 0.303244948 -0.001012962 0.999999344 -0.000334637 -0.497308403 -0.003839209 0.000330746 0.999992549 16.387535095
0.999990463 0.001416830 0.004157084 0.312628835 -0.001414752 0.999998868 -0.000502771 -0.509457231 -0.004157792 0.000496885 0.999991179 16.838041306
0.999988914 0.001549157 0.004431938 0.321860015 -0.001546389 0.999998629 -0.000627867 -0.521040976 -0.004432905 0.000621007 0.999989986 17.287649155
0.999985754 0.001831273 0.005007439 0.324761838 -0.001830202 0.999998331 -0.000218460 -0.533591926 -0.005007830 0.000209292 0.999987364 17.751358032
0.999982893 0.002152259 0.005437549 0.334102124 -0.002151312 0.999997675 -0.000180028 -0.547578394 -0.005437923 0.000168327 0.999985158 18.217895508
0.999983788 0.001540474 0.005497933 0.358879268 -0.001539693 0.999998748 -0.000146257 -0.558821559 -0.005498151 0.000137790 0.999984860 18.671882629
0.999982417 0.002127951 0.005539637 0.371928275 -0.002125289 0.999997616 -0.000486353 -0.579062521 -0.005540657 0.000474571 0.999984503 19.142108917
0.999982119 0.002310881 0.005525967 0.388095677 -0.002305903 0.999997020 -0.000907119 -0.587679684 -0.005528046 0.000894361 0.999984384 19.628002167
0.999980927 0.001684450 0.005948672 0.393779635 -0.001679887 0.999998331 -0.000771932 -0.597721100 -0.005949962 0.000761924 0.999981999 20.122827530
0.999986470 0.002140049 0.004741540 0.418931603 -0.002138018 0.999997616 -0.000433226 -0.617770076 -0.004742456 0.000423083 0.999988675 20.604944229
0.999984443 0.002410629 0.005028990 0.426870108 -0.002409280 0.999997079 -0.000274266 -0.628961265 -0.005029636 0.000262145 0.999987364 21.107000351
0.999985039 0.002484638 0.004876581 0.432273865 -0.002481095 0.999996722 -0.000732440 -0.637266695 -0.004878385 0.000720330 0.999987841 21.616195679
0.999987066 0.001773033 0.004749855 0.425453246 -0.001772718 0.999998450 -0.000070499 -0.663220584 -0.004749970 0.000062078 0.999988675 22.104881287
0.999988675 0.001952056 0.004329681 0.441827834 -0.001951128 0.999998093 -0.000218368 -0.672688901 -0.004330100 0.000209918 0.999990582 22.610197067
0.999991417 0.002351043 0.003393034 0.449878842 -0.002349241 0.999997020 -0.000534831 -0.686340868 -0.003394283 0.000526855 0.999994099 23.147111893
0.999992311 0.002728947 0.002789386 0.458624601 -0.002727683 0.999996126 -0.000456699 -0.704202712 -0.002790622 0.000449086 0.999996066 23.670766830
0.999996066 0.001706794 0.002223831 0.469807327 -0.001704343 0.999997914 -0.001103937 -0.711315215 -0.002225710 0.001100142 0.999996901 24.188817978
0.999994993 0.002514471 0.001940875 0.479123086 -0.002513236 0.999996662 -0.000638574 -0.727882087 -0.001942475 0.000633693 0.999997914 24.722314835
0.999996364 0.002487094 0.001067668 0.491131604 -0.002487073 0.999996901 -0.000020718 -0.748567581 -0.001067716 0.000018062 0.999999404 25.257358551
0.999995768 0.002689792 0.001131822 0.493748277 -0.002689691 0.999996424 -0.000090688 -0.759931266 -0.001132063 0.000087643 0.999999344 25.804332733
0.999996483 0.002603244 0.000390522 0.503958762 -0.002603241 0.999996543 -0.000008883 -0.780700088 -0.000390544 0.000007866 0.999999940 26.353879929
0.999996781 0.002505104 0.000389887 0.513386905 -0.002505186 0.999996781 0.000211186 -0.794180989 -0.000389357 -0.000212162 0.999999881 26.906639099
0.999998331 0.001635310 -0.000835343 0.529850483 -0.001634849 0.999998510 0.000552120 -0.811999738 0.000836244 -0.000550754 0.999999523 27.453622818
0.999996006 0.002759785 -0.000637034 0.531670809 -0.002759536 0.999996126 0.000392210 -0.827554107 0.000638114 -0.000390450 0.999999762 27.999834061
0.999994278 0.003352512 -0.000503613 0.537325382 -0.003351935 0.999993801 0.001141343 -0.855017960 0.000507436 -0.001139649 0.999999225 28.545255661
0.999995172 0.002784583 -0.001372795 0.556017041 -0.002783382 0.999995768 0.000876707 -0.863851428 0.001375230 -0.000872883 0.999998689 29.081520081
0.999995112 0.002580529 -0.001761464 0.569109738 -0.002579028 0.999996305 0.000853620 -0.874346018 0.001763661 -0.000849073 0.999998033 29.634433746
0.999994099 0.002618203 -0.002221657 0.576380312 -0.002616433 0.999996364 0.000799143 -0.887674093 0.002223741 -0.000793326 0.999997199 30.179187775
0.999993145 0.002622922 -0.002624501 0.590393305 -0.002620774 0.999996185 0.000821646 -0.905667484 0.002626647 -0.000814762 0.999996245 30.724740982
0.999992311 0.002760531 -0.002784604 0.598823130 -0.002758368 0.999995828 0.000780204 -0.918971539 0.002786746 -0.000772517 0.999995828 31.275098801
0.999991417 0.002745904 -0.003105876 0.608648181 -0.002743521 0.999995947 0.000771362 -0.934800446 0.003107981 -0.000762833 0.999994874 31.829742432
0.999990821 0.002702305 -0.003325758 0.620432019 -0.002699506 0.999995947 0.000845876 -0.952341557 0.003328030 -0.000836890 0.999994099 32.383331299
0.999990046 0.003087769 -0.003226034 0.625505805 -0.003084638 0.999994695 0.000974924 -0.965297222 0.003229027 -0.000964963 0.999994338 32.930229187
0.999988973 0.002957651 -0.003647769 0.637594879 -0.002953868 0.999995112 0.001042186 -0.983343065 0.003650834 -0.001031399 0.999992788 33.477306366
0.999988198 0.003113596 -0.003719824 0.642971754 -0.003110527 0.999994814 0.000830326 -0.993279994 0.003722390 -0.000818745 0.999992728 34.033779144
0.999989271 0.002969453 -0.003553787 0.648110986 -0.002965909 0.999995172 0.001001849 -1.008959532 0.003556744 -0.000991298 0.999993145 34.578144073
0.999989688 0.002676811 -0.003662420 0.657817006 -0.002674039 0.999996126 0.000761559 -1.021988869 0.003664444 -0.000751758 0.999992967 35.120788574
0.999988556 0.003144705 -0.003616431 0.666595697 -0.003141578 0.999994695 0.000870043 -1.038092494 0.003619148 -0.000858671 0.999993086 35.671592712
0.999986172 0.003180054 -0.004182670 0.673677444 -0.003177470 0.999994755 0.000624378 -1.050232649 0.004184634 -0.000611079 0.999991059 36.210453033
0.999984443 0.003615249 -0.004257015 0.683499515 -0.003614413 0.999993443 0.000203999 -1.060135603 0.004257725 -0.000188609 0.999990940 36.763442993
0.999985158 0.003356700 -0.004276314 0.687691450 -0.003355545 0.999994338 0.000277252 -1.076984048 0.004277221 -0.000262898 0.999990761 37.310535431
0.999986529 0.003394315 -0.003915274 0.697420776 -0.003393339 0.999994218 0.000255783 -1.094771862 0.003916119 -0.000242494 0.999992251 37.855056763
0.999988377 0.003320558 -0.003500418 0.689863920 -0.003322778 0.999994218 -0.000628539 -1.098026752 0.003498311 0.000640162 0.999993682 38.412849426
0.999981642 0.003436301 -0.004992132 0.718162239 -0.003434341 0.999994040 0.000401017 -1.120825887 0.004993481 -0.000383865 0.999987423 38.975677490
0.999980509 0.002932224 -0.005512756 0.732353926 -0.002930537 0.999995708 0.000314185 -1.138694406 0.005513653 -0.000298023 0.999984801 39.520381927
0.999980867 0.003032959 -0.005368484 0.745495141 -0.003030120 0.999995232 0.000536829 -1.157154799 0.005370086 -0.000520552 0.999985456 40.058284760
0.999979496 0.003129723 -0.005585728 0.750325203 -0.003128345 0.999995053 0.000255219 -1.169624925 0.005586499 -0.000237739 0.999984384 40.622192383
0.999979079 0.004132309 -0.004967071 0.750970066 -0.004133757 0.999991357 -0.000281400 -1.175300717 0.004965865 0.000301927 0.999987662 41.182300568
0.999977529 0.003323204 -0.005822415 0.772718012 -0.003325020 0.999994397 -0.000302207 -1.183992267 0.005821378 0.000321560 0.999983013 41.711624146
0.999972761 0.003283692 -0.006606099 0.788354158 -0.003281259 0.999994457 0.000379215 -1.215387940 0.006607309 -0.000357528 0.999978065 42.276222229
0.999973834 0.003503736 -0.006331364 0.797205567 -0.003504202 0.999993861 -0.000062444 -1.220821261 0.006331107 0.000084629 0.999979913 42.817920685
0.999973714 0.003253943 -0.006476847 0.803227186 -0.003252415 0.999994636 0.000246282 -1.242542028 0.006477614 -0.000225210 0.999979019 43.369522095
0.999973834 0.003506254 -0.006325404 0.800726414 -0.003505176 0.999993861 0.000181673 -1.253421545 0.006326002 -0.000159496 0.999979973 43.937828064
0.999974251 0.003304932 -0.006359383 0.802922785 -0.003301746 0.999994397 0.000511541 -1.268434405 0.006361038 -0.000490531 0.999979675 44.488361359
0.999972939 0.003589211 -0.006404487 0.811437368 -0.003590481 0.999993563 -0.000186898 -1.275147915 0.006403774 0.000209888 0.999979496 45.034957886
0.999973714 0.003639789 -0.006265042 0.819915652 -0.003638090 0.999993443 0.000282598 -1.294611573 0.006266028 -0.000259798 0.999980330 45.590885162
0.999975204 0.003771625 -0.005940840 0.826731801 -0.003769293 0.999992788 0.000403807 -1.310001850 0.005942319 -0.000381404 0.999982297 46.135986328
0.999973118 0.003352217 -0.006516471 0.835016787 -0.003352423 0.999994397 -0.000020602 -1.322831750 0.006516365 0.000042448 0.999978721 46.688823700
0.999976099 0.003923997 -0.005696382 0.843283176 -0.003923140 0.999992311 0.000161815 -1.341294408 0.005696972 -0.000139463 0.999983788 47.243595123
0.999971926 0.002479400 -0.007067036 0.856529474 -0.002479425 0.999996901 0.000005299 -1.347600341 0.007067028 0.000012224 0.999975026 47.790184021
0.999974608 0.002782191 -0.006551482 0.862892747 -0.002781915 0.999996066 0.000051228 -1.362688780 0.006551599 -0.000033001 0.999978542 48.340656281
0.999974549 0.002906097 -0.006509762 0.871924758 -0.002907847 0.999995649 -0.000259533 -1.370113134 0.006508980 0.000278456 0.999978781 48.888332367
0.999973059 0.002479395 -0.006897315 0.872296691 -0.002481916 0.999996841 -0.000356921 -1.386290193 0.006896408 0.000374030 0.999976158 49.450843811
0.999974787 0.002756346 -0.006540399 0.881995440 -0.002758673 0.999996126 -0.000346728 -1.400605798 0.006539419 0.000364762 0.999978483 49.996109009
0.999973714 0.002782515 -0.006697924 0.886223435 -0.002781586 0.999996126 0.000147988 -1.422993660 0.006698309 -0.000129354 0.999977529 50.549346924
0.999975264 0.003342403 -0.006192063 0.887615085 -0.003343485 0.999994457 -0.000164402 -1.435783267 0.006191479 0.000185101 0.999980807 51.098834991
0.999978721 0.002863690 -0.005850502 0.894559264 -0.002862185 0.999995887 0.000265538 -1.454960704 0.005851238 -0.000248787 0.999982834 51.646148682
0.999970615 0.002944167 -0.007070982 0.907250643 -0.002945503 0.999995589 -0.000178641 -1.468649745 0.007070425 0.000199463 0.999974966 52.204212189
0.999971867 0.002815730 -0.006942391 0.913493931 -0.002819708 0.999995887 -0.000563203 -1.481777310 0.006940776 0.000582763 0.999975741 52.755073547
0.999973357 0.002532010 -0.006845945 0.918039501 -0.002534044 0.999996662 -0.000288535 -1.497910857 0.006845192 0.000305875 0.999976516 53.303913116
0.999973297 0.002478364 -0.006870754 0.922542095 -0.002480314 0.999996901 -0.000275456 -1.514136910 0.006870050 0.000292491 0.999976337 53.850013733
0.999977469 0.002233252 -0.006326981 0.931459546 -0.002236429 0.999997377 -0.000495115 -1.526398301 0.006325859 0.000509253 0.999979854 54.400310516
0.999972761 0.002307667 -0.007012534 0.939465165 -0.002309770 0.999997437 -0.000291822 -1.545685053 0.007011842 0.000308011 0.999975324 54.939670563
0.999972761 0.002455601 -0.006950944 0.941325545 -0.002457194 0.999996960 -0.000220802 -1.563055038 0.006950380 0.000237876 0.999975801 55.493000031
0.999974370 0.002626113 -0.006656676 0.946684241 -0.002627279 0.999996543 -0.000166513 -1.574580312 0.006656215 0.000183997 0.999977827 56.038917542
0.999972939 0.002576446 -0.006894998 0.954744279 -0.002577209 0.999996662 -0.000101677 -1.590275645 0.006894713 0.000119444 0.999976158 56.604503632
0.999973953 0.002495655 -0.006770027 0.972277939 -0.002493895 0.999996841 0.000268334 -1.612314820 0.006770675 -0.000251444 0.999977052 57.134906769
0.999974430 0.002800555 -0.006579857 0.970058858 -0.002803247 0.999996006 -0.000399912 -1.618732691 0.006578711 0.000418347 0.999978244 57.705543518
0.999975622 0.002266869 -0.006600197 0.979599714 -0.002270435 0.999997318 -0.000532798 -1.635843039 0.006598971 0.000547770 0.999978065 58.247753143
0.999973714 0.002822254 -0.006674595 0.981797814 -0.002829129 0.999995470 -0.001020789 -1.643853188 0.006671685 0.001039646 0.999977171 58.787494659
0.999976993 0.003459472 -0.005826819 0.978742003 -0.003466656 0.999993324 -0.001223152 -1.653751612 0.005822548 0.001243323 0.999982297 59.342445374
0.999979615 0.002979936 -0.005634618 0.989051104 -0.002985299 0.999995053 -0.000943466 -1.677801013 0.005631779 0.000960268 0.999983668 59.860870361
0.999974132 0.002836366 -0.006609573 0.998654842 -0.002846650 0.999994755 -0.001547065 -1.680636644 0.006605150 0.001565840 0.999976933 60.428623199
0.999972880 0.003142861 -0.006650905 1.006185770 -0.003151668 0.999994159 -0.001314080 -1.695703626 0.006646736 0.001335006 0.999976933 60.976406097
0.999975204 0.003246613 -0.006252086 1.005931377 -0.003256064 0.999993563 -0.001502134 -1.709102392 0.006247169 0.001522453 0.999979317 61.515609741
0.999972284 0.003425980 -0.006608783 1.021496058 -0.003433136 0.999993503 -0.001071910 -1.729668617 0.006605069 0.001094569 0.999977589 62.059715271
0.999971747 0.003310085 -0.006751172 1.024642944 -0.003322882 0.999992728 -0.001885249 -1.736640453 0.006744883 0.001907629 0.999975383 62.606712341
0.999976635 0.003269484 -0.006010853 1.027842164 -0.003278798 0.999993443 -0.001540399 -1.757550359 0.006005778 0.001560072 0.999980748 63.154945374
0.999977529 0.002806529 -0.006089326 1.034785748 -0.002815961 0.999994874 -0.001540824 -1.773516417 0.006084970 0.001557937 0.999980330 63.715133667
0.999971807 0.003581728 -0.006603653 1.037185431 -0.003593863 0.999991894 -0.001826413 -1.785969019 0.006597058 0.001850094 0.999976456 64.244766235
0.999976754 0.003858315 -0.005620725 1.034225583 -0.003867958 0.999991059 -0.001705609 -1.803180695 0.005614093 0.001727310 0.999982774 64.792304993
0.999974251 0.003347344 -0.006336560 1.051734805 -0.003357182 0.999993145 -0.001542646 -1.816063166 0.006331352 0.001563880 0.999978721 65.335014343
0.999972522 0.003283572 -0.006658033 1.060424089 -0.003293914 0.999993384 -0.001542884 -1.834626675 0.006652923 0.001564772 0.999976635 65.881462097
0.999977231 0.003016362 -0.006037070 1.071859479 -0.003022768 0.999994874 -0.001052469 -1.850724936 0.006033863 0.001070694 0.999981225 66.437149048
0.999976635 0.002812312 -0.006228477 1.070090652 -0.002822869 0.999994576 -0.001686731 -1.865212917 0.006223700 0.001704273 0.999979198 66.990310669
0.999976039 0.003197070 -0.006140285 1.083112240 -0.003209760 0.999992788 -0.002057850 -1.877489567 0.006133661 0.002077510 0.999979079 67.541648865
0.999976158 0.002763015 -0.006342319 1.085730672 -0.002771623 0.999995232 -0.001348934 -1.899619460 0.006338563 0.001366480 0.999979019 68.079704285
0.999973178 0.003976405 -0.006140835 1.093871593 -0.003981047 0.999991715 -0.000744145 -1.931065440 0.006137826 0.000768572 0.999980807 68.625083923
0.999973416 0.004138893 -0.006002389 1.093138695 -0.004147373 0.999990404 -0.001400875 -1.944721103 0.005996533 0.001425732 0.999980986 69.172660828
0.999976873 0.004105577 -0.005410026 1.104382992 -0.004111996 0.999990821 -0.001176073 -1.961074829 0.005405148 0.001198292 0.999984682 69.715896606
0.999978781 0.003876434 -0.005229707 1.102745056 -0.003883143 0.999991655 -0.001273170 -1.968971968 0.005224728 0.001293451 0.999985516 70.247627258
0.999978602 0.003922413 -0.005245470 1.108815551 -0.003928367 0.999991655 -0.001125262 -1.984411359 0.005241013 0.001145844 0.999985635 70.805328369
0.999980330 0.003464917 -0.005230224 1.115869403 -0.003471935 0.999993086 -0.001333225 -2.000273466 0.005225569 0.001351358 0.999985456 71.349082947
0.999974549 0.003710122 -0.006096479 1.139083028 -0.003715879 0.999992728 -0.000933191 -2.020603418 0.006092971 0.000955821 0.999980986 71.888526917
0.999978542 0.003716250 -0.005382369 1.127981901 -0.003724882 0.999991775 -0.001594627 -2.027256489 0.005376399 0.001614642 0.999984264 72.453819275
0.999976158 0.003553652 -0.005915399 1.139947534 -0.003565565 0.999991655 -0.002004741 -2.044275045 0.005908226 0.002025785 0.999980509 72.998466492
0.999982297 0.003453773 -0.004846219 1.138358474 -0.003462375 0.999992371 -0.001767681 -2.059201717 0.004840077 0.001784430 0.999986649 73.549758911
0.999983788 0.003319449 -0.004625528 1.141255260 -0.003327429 0.999992907 -0.001718618 -2.075311184 0.004619791 0.001733982 0.999987781 74.095222473
0.999981701 0.003014715 -0.005248903 1.158508658 -0.003024048 0.999993801 -0.001771218 -2.095086098 0.005243531 0.001787058 0.999984682 74.642814636
0.999981403 0.003016299 -0.005295320 1.171418905 -0.003024013 0.999994338 -0.001449181 -2.110969305 0.005290919 0.001465166 0.999984920 75.182998657
0.999982476 0.002987031 -0.005113692 1.174218655 -0.002993403 0.999994755 -0.001238903 -2.128314257 0.005109964 0.001254189 0.999986172 75.730247498
0.999982774 0.002714528 -0.005207921 1.187120080 -0.002722921 0.999994993 -0.001604948 -2.143820763 0.005203539 0.001619101 0.999985158 76.271812439
0.999981642 0.003692107 -0.004800952 1.190059662 -0.003698630 0.999992192 -0.001350297 -2.159163952 0.004795928 0.001368029 0.999987543 76.817855835
0.999984086 0.003121992 -0.004700429 1.192411184 -0.003130412 0.999993503 -0.001784984 -2.178074598 0.004694826 0.001799670 0.999987364 77.361053467
0.999984860 0.002791676 -0.004734674 1.200190783 -0.002802954 0.999993265 -0.002376788 -2.184988499 0.004728007 0.002390023 0.999986053 77.915672302
0.999983609 0.002754667 -0.005016054 1.210010409 -0.002764053 0.999994397 -0.001865094 -2.209429026 0.005010888 0.001878928 0.999985695 78.459457397
0.999984205 0.002288894 -0.005124780 1.221640348 -0.002302261 0.999993920 -0.002603919 -2.219535351 0.005118789 0.002615676 0.999983490 79.003318787
0.999984026 0.003198833 -0.004663171 1.226983786 -0.003207745 0.999993026 -0.001904865 -2.241490364 0.004657045 0.001919793 0.999987304 79.549072266
0.999983788 0.003144674 -0.004739078 1.236513615 -0.003153558 0.999993265 -0.001868241 -2.258633375 0.004733171 0.001883156 0.999987006 80.094757080
0.999983728 0.003069969 -0.004808956 1.248677135 -0.003077895 0.999993920 -0.001641552 -2.278452396 0.004803887 0.001656327 0.999987066 80.637245178
0.999984264 0.003794661 -0.004138023 1.258677959 -0.003801056 0.999991536 -0.001538611 -2.293111086 0.004132150 0.001554316 0.999990225 81.187011719
0.999988616 0.003619671 -0.003116819 1.272678852 -0.003623684 0.999992609 -0.001282847 -2.313848734 0.003112152 0.001294127 0.999994278 81.719062805
0.999993086 0.003397538 -0.001522496 1.273422003 -0.003400113 0.999992728 -0.001691487 -2.329466105 0.001516738 0.001696652 0.999997437 82.264984131
0.999994397 0.003324437 -0.000392631 1.288170934 -0.003325037 0.999993205 -0.001539014 -2.346813679 0.000387512 0.001540311 0.999998689 82.799934387
0.999991775 0.003242292 0.002452092 1.309848785 -0.003237582 0.999992847 -0.001921992 -2.358545065 -0.002458306 0.001914037 0.999995172 83.355613708
0.999971151 0.003956897 0.006484826 1.331600428 -0.003942231 0.999989569 -0.002272639 -2.368310690 -0.006493754 0.002247008 0.999976397 83.888900757
0.999942482 0.004234724 0.009854962 1.343739033 -0.004217754 0.999989569 -0.001742212 -2.395598173 -0.009862238 0.001700546 0.999949932 84.427642822
0.999890924 0.003872252 0.014248751 1.369807959 -0.003846569 0.999990940 -0.001829352 -2.408082724 -0.014255709 0.001774343 0.999896765 84.974189758
0.999792039 0.003973807 0.020000743 1.396889925 -0.003950508 0.999991417 -0.001204224 -2.432199001 -0.020005360 0.001124961 0.999799192 85.529167175
0.999664187 0.003761505 0.025636693 1.428864241 -0.003719028 0.999991655 -0.001704316 -2.446954966 -0.025642887 0.001608400 0.999669790 86.071304321
0.999513745 0.003182525 0.031019747 1.465761662 -0.003131123 0.999993682 -0.001705489 -2.460616112 -0.031024974 0.001607533 0.999517262 86.613708496
0.999217451 0.003450013 0.039402951 1.497036338 -0.003379837 0.999992609 -0.001847467 -2.476731062 -0.039409034 0.001712846 0.999221683 87.173683167
0.998865068 0.003083276 0.047527585 1.541992188 -0.003017436 0.999994338 -0.001456977 -2.499165058 -0.047531810 0.001311912 0.998868883 87.722595215
0.998495758 0.003489903 0.054716580 1.581067801 -0.003404085 0.999992788 -0.001661532 -2.514727116 -0.054721989 0.001472773 0.998500526 88.269081116
0.997961402 0.002940592 0.063751452 1.631554127 -0.002848238 0.999994695 -0.001539508 -2.532389164 -0.063755617 0.001354790 0.997964621 88.830940247
0.997273088 0.002752991 0.073747911 1.697059155 -0.002642914 0.999995172 -0.001590151 -2.546899080 -0.073751926 0.001390905 0.997275710 89.360656738
0.996601939 0.002677284 0.082325526 1.760107994 -0.002576760 0.999995828 -0.001327276 -2.568599701 -0.082328737 0.001110633 0.996604681 89.911689758
0.995886862 0.002296424 0.090576261 1.821712017 -0.002130237 0.999995828 -0.001931399 -2.576979160 -0.090580337 0.001730506 0.995887637 90.477828979
0.994835615 0.001995602 0.101478979 1.901509285 -0.001828277 0.999996841 -0.001741839 -2.587872028 -0.101482153 0.001547312 0.994836211 91.024215698
0.993662715 0.002136782 0.112382427 1.972850800 -0.001942626 0.999996424 -0.001837121 -2.605800390 -0.112385936 0.001607162 0.993663311 91.580322266
0.992592037 0.001389309 0.121487491 2.057696342 -0.001157415 0.999997377 -0.001979335 -2.625052214 -0.121489920 0.001824060 0.992591023 92.125770569
0.991180658 0.002087807 0.132501930 2.157302856 -0.001909342 0.999997079 -0.001473928 -2.642805576 -0.132504612 0.001207937 0.991181672 92.678604126
0.989481628 0.001551423 0.144651219 2.255245209 -0.001324069 0.999997735 -0.001668001 -2.659994125 -0.144653529 0.001458928 0.989481270 93.230171204
0.987856746 0.001006910 0.155364260 2.362694740 -0.000791663 0.999998629 -0.001447300 -2.681194305 -0.155365527 0.001306729 0.987856090 93.773635864
0.986175776 0.001063470 0.165699080 2.467966080 -0.000826135 0.999998510 -0.001501239 -2.690329313 -0.165700436 0.001343596 0.986175239 94.310890198
0.983890772 0.000670021 0.178769037 2.590770721 -0.000385005 0.999998569 -0.001629014 -2.705920935 -0.178769857 0.001533945 0.983889759 94.839256287
0.981527507 0.000912671 0.191318467 2.704133034 -0.000607460 0.999998391 -0.001653945 -2.720099926 -0.191319659 0.001507174 0.981526613 95.385948181
0.979420662 0.000508692 0.201828673 2.829360962 -0.000256958 0.999999166 -0.001273467 -2.738083124 -0.201829135 0.001195398 0.979420006 95.918830872
0.976725101 0.000471637 0.214494511 2.973979950 -0.000247412 0.999999344 -0.001072211 -2.756382942 -0.214494869 0.000994187 0.976724625 96.450599670
0.973699689 -0.000298038 0.227834970 3.124158859 0.000498896 0.999999464 -0.000824004 -2.774000883 -0.227834612 0.000915998 0.973699391 96.981124878
0.970913410 -0.000284763 0.239430591 3.263624191 0.000572233 0.999999225 -0.001131126 -2.788027048 -0.239430115 0.001235236 0.970912814 97.530349731
0.967830062 -0.000350749 0.251604676 3.422950745 0.000583912 0.999999464 -0.000852044 -2.809944153 -0.251604259 0.000971549 0.967829704 98.063232422
0.964137316 -0.000135307 0.265403867 3.576829910 0.000414448 0.999999344 -0.000995757 -2.817444324 -0.265403569 0.001070043 0.964136839 98.579673767
0.960503280 0.000016222 0.278268516 3.738994598 0.000412231 0.999998748 -0.001481197 -2.827926874 -0.278268278 0.001537406 0.960502207 99.103096008
0.957289100 -0.000967243 0.289130926 3.925014496 0.001407562 0.999998093 -0.001314985 -2.847869635 -0.289129108 0.001665790 0.957288682 99.624328613
0.952897847 -0.001257997 0.303288609 4.105251312 0.001545685 0.999998569 -0.000708518 -2.865786791 -0.303287208 0.001143934 0.952898443 100.171997070
0.948557079 -0.001782484 0.316601187 4.305469513 0.002045127 0.999997795 -0.000497281 -2.885854721 -0.316599548 0.001119189 0.948558629 100.668647766
0.944758177 -0.002560128 0.327758253 4.502019882 0.003018259 0.999994993 -0.000889099 -2.895354986 -0.327754378 0.001829243 0.944761217 101.184288025
0.940065682 -0.002460231 0.340984523 4.710489273 0.003106348 0.999994278 -0.001348899 -2.906866789 -0.340979218 0.002327270 0.940067947 101.710357666
0.934788644 -0.002777777 0.355193645 4.923114777 0.003472988 0.999993026 -0.001319708 -2.919106722 -0.355187535 0.002467231 0.934791803 102.218734741
0.930047333 -0.002875647 0.367428482 5.142660141 0.003204069 0.999994814 -0.000283874 -2.940829277 -0.367425829 0.001441282 0.930051744 102.713630676
0.925255835 -0.004366794 0.379318625 5.366855621 0.005135148 0.999986291 -0.001013899 -2.949499369 -0.379308999 0.002885973 0.925265551 103.234146118
0.919290543 -0.004817710 0.393550128 5.604240417 0.005693467 0.999983251 -0.001057863 -2.961245298 -0.393538386 0.003213148 0.919302523 103.733764648
0.913573861 -0.004805984 0.406644404 5.847351074 0.005693136 0.999983311 -0.000971849 -2.976879120 -0.406632990 0.003202937 0.913586020 104.229728699
0.908580542 -0.005212192 0.417677253 6.095073700 0.005856127 0.999982774 -0.000260153 -3.000725508 -0.417668730 0.002682341 0.908595502 104.705352783
0.902700543 -0.006052325 0.430226713 6.375011444 0.007003653 0.999975264 -0.000627637 -3.014831781 -0.430212289 0.003579726 0.902720749 105.199127197
0.895475566 -0.006410597 0.445064515 6.617362976 0.007692348 0.999969780 -0.001073789 -3.016236067 -0.445044279 0.004385143 0.895497859 105.706970215
0.889499903 -0.006958080 0.456882447 6.896144867 0.008146952 0.999966621 -0.000632252 -3.036087751 -0.456862807 0.004284588 0.889526904 106.190093994
0.883992016 -0.007615761 0.467439979 7.167934418 0.008672515 0.999962330 -0.000109015 -3.053471804 -0.467421591 0.004150249 0.884024799 106.657897949
0.876650035 -0.007689291 0.481067061 7.442771912 0.008973610 0.999959648 -0.000369460 -3.067487240 -0.481044888 0.004640795 0.876683712 107.148071289
