1.000000000 0.000000000 0.000000000 0.000000000 0.000000000 1.000000000 0.000000000 0.000000000 0.000000000 0.000000000 1.000000000 0.000000000
1.000000000 0.000015235 -0.000019315 0.000491574 -0.000015234 1.000000000 0.000036206 -0.000641320 0.000019316 -0.000036205 1.000000000 -0.001556422
1.000000000 -0.000028699 -0.000013639 0.000828462 0.000028699 1.000000000 -0.000003925 0.000061674 0.000013639 0.000003925 1.000000000 -0.002428874
1.000000000 -0.000111963 -0.000086990 0.001606359 0.000111965 1.000000000 0.000017505 -0.001108105 0.000086988 -0.000017514 1.000000000 -0.003933393
1.000000000 -0.000163107 -0.000112949 0.000270211 0.000163110 1.000000000 0.000025523 0.000438141 0.000112945 -0.000025541 1.000000000 -0.002542091
1.000000000 -0.000120131 -0.000017545 0.000709066 0.000120131 1.000000000 0.000013581 -0.000108083 0.000017543 -0.000013583 1.000000000 -0.000827721
1.000000000 -0.000159378 0.000010006 -0.000332968 0.000159378 1.000000000 0.000062506 -0.000689044 -0.000010016 -0.000062505 1.000000000 -0.002881891
1.000000000 -0.000041723 -0.000080772 0.001041711 0.000041724 1.000000000 0.000019579 -0.000037811 0.000080771 -0.000019582 1.000000000 -0.003218605
1.000000000 -0.000033921 -0.000007727 0.000067667 0.000033921 1.000000000 0.000011432 0.000436660 0.000007727 -0.000011433 1.000000000 -0.000214242
1.000000000 0.000016152 -0.000025549 -0.000474346 -0.000016153 1.000000000 -0.000019251 0.001937282 0.000025548 0.000019252 1.000000000 0.000562956
1.000000000 -0.000134088 -0.000135761 0.001472019 0.000134092 1.000000000 0.000035340 -0.000197653 0.000135757 -0.000035358 1.000000000 -0.000954810
1.000000000 -0.000110257 -0.000089406 0.001600647 0.000110254 1.000000000 -0.000034925 0.000817899 0.000089410 0.000034915 1.000000000 0.000534381
1.000000000 -0.000150821 -0.000036797 -0.000579716 0.000150822 1.000000000 0.000011211 0.001213862 0.000036796 -0.000011217 1.000000000 0.000961869
1.000000000 -0.000107843 -0.000000579 -0.000364055 0.000107843 1.000000000 0.000005931 0.000759947 0.000000579 -0.000005931 1.000000000 -0.003184981
1.000000000 -0.000068063 -0.000055662 0.001890002 0.000068066 1.000000000 0.000063002 -0.000751683 0.000055658 -0.000063006 1.000000000 -0.002283284
1.000000000 -0.000057676 -0.000031822 0.001506122 0.000057680 1.000000000 0.000117784 -0.000989380 0.000031815 -0.000117786 1.000000000 -0.006551027
1.000000000 -0.000092284 -0.000075126 0.002223362 0.000092285 1.000000000 0.000009670 0.000629438 0.000075125 -0.000009677 1.000000000 -0.001120147
1.000000000 0.000001488 -0.000068028 0.001351872 -0.000001483 1.000000000 0.000073869 -0.000052926 0.000068028 -0.000073869 1.000000000 -0.002375772
1.000000000 -0.000173175 -0.000114420 0.002146806 0.000173178 1.000000000 0.000027399 -0.000825583 0.000114415 -0.000027419 1.000000000 -0.001726691
1.000000000 -0.000175653 -0.000101710 0.001367148 0.000175653 1.000000000 0.000004887 0.000743390 0.000101709 -0.000004905 1.000000000 0.000495303
1.000000000 -0.000162321 -0.000042712 -0.000177523 0.000162324 1.000000000 0.000048012 -0.000038493 0.000042704 -0.000048019 1.000000000 -0.004869798
1.000000000 -0.000088714 -0.000068813 0.003622541 0.000088717 1.000000000 0.000034532 0.000005659 0.000068810 -0.000034538 1.000000000 -0.000650283
1.000000000 -0.000128205 -0.000102196 0.002472654 0.000128211 1.000000000 0.000050497 0.000064316 0.000102189 -0.000050510 1.000000000 -0.001340252
1.000000000 -0.000164081 -0.000108409 0.001247933 0.000164085 1.000000000 0.000034423 0.000305422 0.000108404 -0.000034440 1.000000000 -0.002577625
1.000000000 -0.000133737 -0.000122582 0.002965378 0.000133743 1.000000000 0.000049272 0.000366138 0.000122576 -0.000049289 1.000000000 -0.000904899
1.000000000 -0.000207661 -0.000098884 0.001997812 0.000207663 1.000000000 0.000016814 0.001337394 0.000098881 -0.000016834 1.000000000 -0.000529834
0.999999940 -0.000205326 -0.000145744 0.001568648 0.000205339 1.000000000 0.000086403 0.000315889 0.000145727 -0.000086433 1.000000000 -0.004304895
0.999999940 -0.000326091 -0.000052410 0.000461604 0.000326094 0.999999940 0.000055565 0.000128112 0.000052392 -0.000055583 1.000000000 -0.003426519
1.000000000 -0.000098902 -0.000091788 0.002386759 0.000098909 1.000000000 0.000077593 -0.000485780 0.000091780 -0.000077602 1.000000000 -0.002965751
1.000000000 -0.000156777 -0.000102387 0.002349388 0.000156786 1.000000000 0.000090716 -0.000651085 0.000102373 -0.000090732 1.000000000 -0.005697150
0.999999940 -0.000237457 -0.000144413 0.001626505 0.000237463 1.000000000 0.000044183 0.000749858 0.000144402 -0.000044218 1.000000000 -0.001502052
0.999999940 -0.000302084 -0.000143142 0.001900867 0.000302098 0.999999940 0.000100698 -0.000370457 0.000143111 -0.000100741 1.000000000 -0.002389593
0.999999940 -0.000251164 -0.000138794 0.002065406 0.000251170 0.999999940 0.000042615 0.000252826 0.000138783 -0.000042649 1.000000000 -0.002242880
0.999999940 -0.000238093 -0.000115364 0.001330176 0.000238094 1.000000000 0.000012803 0.000606733 0.000115361 -0.000012831 1.000000000 -0.000914698
0.999999940 -0.000298905 -0.000109577 0.001192880 0.000298917 0.999999940 0.000107787 -0.000222378 0.000109544 -0.000107820 1.000000000 -0.006606357
0.999999940 -0.000220651 -0.000122704 0.002540330 0.000220648 1.000000000 -0.000024743 0.001046622 0.000122710 0.000024716 1.000000000 -0.000774355
1.000000000 -0.000161485 -0.000106954 0.002933671 0.000161496 1.000000000 0.000101432 0.000304857 0.000106938 -0.000101449 1.000000000 -0.006955194
0.999999940 -0.000283563 -0.000141466 0.001901309 0.000283569 0.999999940 0.000041027 0.000437687 0.000141455 -0.000041067 1.000000000 -0.003255764
0.999999940 -0.000217443 -0.000138616 0.001925237 0.000217456 1.000000000 0.000094302 -0.000494250 0.000138595 -0.000094332 1.000000000 -0.002777795
0.999999940 -0.000273615 -0.000149850 0.002778863 0.000273619 0.999999940 0.000024189 -0.000688736 0.000149844 -0.000024230 1.000000000 -0.000331794
0.999999940 -0.000302521 -0.000113726 0.001684715 0.000302462 0.999999821 -0.000513416 -0.001216270 0.000113881 0.000513381 0.999999881 0.046836533
1.000000000 -0.000044811 -0.000129782 0.002125800 0.000044660 0.999999344 -0.001162258 -0.002981530 0.000129834 0.001162252 0.999999344 0.140018940
1.000000000 -0.000162760 -0.000102064 0.005288853 0.000162611 0.999998927 -0.001453495 -0.006570429 0.000102300 0.001453478 0.999998927 0.254217982
1.000000000 -0.000182531 -0.000033254 0.005496089 0.000182481 0.999998868 -0.001485423 -0.011124221 0.000033525 0.001485417 0.999998868 0.388962924
1.000000000 -0.000039699 -0.000065720 0.008565373 0.000039622 0.999999285 -0.001174205 -0.017857876 0.000065767 0.001174203 0.999999285 0.521258056
1.000000000 -0.000216935 -0.000005755 0.012464978 0.000216928 0.999999404 -0.001061490 -0.022800252 0.000005986 0.001061489 0.999999464 0.681097448
1.000000000 -0.000180730 -0.000057250 0.016739696 0.000180677 0.999999583 -0.000926487 -0.025766721 0.000057418 0.000926477 0.999999583 0.843881726
0.999999940 0.000306889 0.000197543 0.015735406 -0.000306726 0.999999642 -0.000822314 -0.025060829 -0.000197795 0.000822254 0.999999642 1.019836783
0.999999821 0.000637619 -0.000001461 0.025646491 -0.000637620 0.999999642 -0.000510567 -0.042651996 0.000001135 0.000510568 0.999999881 1.180929065
0.999999881 0.000580251 -0.000061008 0.030787522 -0.000580263 0.999999821 -0.000204971 -0.049896073 0.000060889 0.000205006 1.000000000 1.361684561
0.999999821 0.000599231 -0.000062271 0.035854399 -0.000599244 0.999999821 -0.000215307 -0.056142148 0.000062142 0.000215344 1.000000000 1.557477474
0.999999940 0.000343361 0.000076436 0.039298031 -0.000343350 0.999999881 -0.000139156 -0.058309842 -0.000076484 0.000139130 1.000000000 1.756453753
0.999999940 0.000301463 -0.000088760 0.047446661 -0.000301455 0.999999940 0.000091796 -0.063214846 0.000088788 -0.000091769 1.000000000 1.967917562
1.000000000 0.000198867 0.000010559 0.051203672 -0.000198868 1.000000000 0.000077240 -0.072211765 -0.000010543 -0.000077242 1.000000000 2.167967081
0.999999762 0.000625328 0.000207093 0.055365726 -0.000625415 0.999999702 0.000419731 -0.080500349 -0.000206830 -0.000419861 0.999999881 2.378831387
1.000000000 0.000004986 0.000090869 0.062093746 -0.000005028 0.999999881 0.000458428 -0.091019817 -0.000090867 -0.000458428 0.999999881 2.608535767
0.999999940 0.000082241 0.000236142 0.063971035 -0.000082345 0.999999881 0.000440778 -0.097390912 -0.000236106 -0.000440797 0.999999881 2.840363979
0.999999940 -0.000033077 0.000410940 0.069043554 0.000032850 0.999999821 0.000550841 -0.103668414 -0.000410958 -0.000550827 0.999999762 3.070380449
0.999999940 -0.000005436 0.000265443 0.073819630 0.000005325 0.999999881 0.000417314 -0.111329548 -0.000265446 -0.000417312 0.999999881 3.315217733
0.999999881 0.000211395 0.000441802 0.075945757 -0.000211677 0.999999762 0.000638162 -0.116460316 -0.000441667 -0.000638255 0.999999702 3.554491997
0.999999762 0.000555654 0.000553089 0.081286639 -0.000556146 0.999999464 0.000888652 -0.122829765 -0.000552595 -0.000888960 0.999999464 3.805502653
0.999999881 -0.000102583 0.000459815 0.088353120 0.000102108 0.999999464 0.001032797 -0.131008089 -0.000459921 -0.001032750 0.999999404 4.070283413
0.999999702 0.000320789 0.000680942 0.085768543 -0.000321479 0.999999404 0.001014626 -0.141461611 -0.000680616 -0.001014844 0.999999225 4.314161777
0.999999881 -0.000055339 0.000412790 0.092620388 0.000054910 0.999999404 0.001038635 -0.148772687 -0.000412847 -0.001038613 0.999999344 4.570611000
0.999999821 -0.000090025 0.000494031 0.100778729 0.000089331 0.999998987 0.001404325 -0.158404261 -0.000494157 -0.001404281 0.999998927 4.819901466
0.999999821 -0.000036493 0.000595280 0.099237069 0.000035544 0.999998748 0.001594787 -0.170487717 -0.000595338 -0.001594766 0.999998569 5.085613251
0.999999881 0.000110098 0.000415373 0.107389152 -0.000110717 0.999998868 0.001489857 -0.176238909 -0.000415209 -0.001489903 0.999998868 5.348462582
0.999999702 0.000313249 0.000714488 0.109851636 -0.000314439 0.999998569 0.001666621 -0.186357707 -0.000713965 -0.001666845 0.999998331 5.619613171
0.999999702 0.000405921 0.000623893 0.113778338 -0.000406887 0.999998689 0.001549737 -0.191728458 -0.000623263 -0.001549990 0.999998629 5.885215759
0.999999285 0.000589631 0.000958061 0.108259656 -0.000591234 0.999998450 0.001673212 -0.206630111 -0.000957073 -0.001673778 0.999998152 6.139774799
0.999999106 0.000705991 0.001111414 0.114116520 -0.000707995 0.999998152 0.001803655 -0.217150137 -0.001110139 -0.001804441 0.999997735 6.420951843
0.999998033 0.001275435 0.001485022 0.118531570 -0.001278306 0.999997318 0.001933491 -0.225571930 -0.001482552 -0.001935386 0.999997020 6.706854343
0.999999642 0.000280996 0.000825027 0.131098971 -0.000282756 0.999997675 0.002133781 -0.240775198 -0.000824425 -0.002134014 0.999997377 7.003370762
0.999999464 0.000578847 0.000990703 0.134847254 -0.000580822 0.999997914 0.001994495 -0.246381626 -0.000989547 -0.001995069 0.999997556 7.305403233
0.999999404 0.000416783 0.000978038 0.145137906 -0.000418764 0.999997854 0.002026545 -0.258558452 -0.000977191 -0.002026953 0.999997497 7.611970901
0.999999404 0.000435394 0.001015396 0.154776245 -0.000437554 0.999997616 0.002127622 -0.272098988 -0.001014468 -0.002128066 0.999997199 7.912395954
0.999999225 0.000737632 0.000989603 0.161065981 -0.000739986 0.999996901 0.002381168 -0.282071590 -0.000987843 -0.002381898 0.999996662 8.233016968
0.999999166 0.000948229 0.000877010 0.171443030 -0.000950202 0.999997020 0.002251444 -0.293385744 -0.000874872 -0.002252275 0.999997020 8.554008484
0.999998391 0.001218143 0.001306201 0.171896845 -0.001221198 0.999996603 0.002340596 -0.300101668 -0.001303346 -0.002342188 0.999996364 8.898166656
0.999999046 0.000623341 0.001254848 0.179518893 -0.000626349 0.999996901 0.002397901 -0.307934493 -0.001253350 -0.002398685 0.999996364 9.224438667
0.999998927 0.000540198 0.001462416 0.181107193 -0.000544337 0.999995828 0.002830961 -0.323663861 -0.001460881 -0.002831754 0.999994934 9.570334435
0.999999166 0.000432733 0.001278369 0.190811872 -0.000436233 0.999996126 0.002738924 -0.330683738 -0.001277179 -0.002739479 0.999995470 9.918514252
0.999999166 0.000416130 0.001254122 0.197914213 -0.000419373 0.999996543 0.002586576 -0.340985328 -0.001253041 -0.002587099 0.999995947 10.278823853
0.999998987 0.000510299 0.001426811 0.200841635 -0.000514477 0.999995589 0.002929293 -0.351189613 -0.001425309 -0.002930024 0.999994695 10.631956100
0.999998868 0.000300806 0.001522120 0.211815089 -0.000305412 0.999995410 0.003026829 -0.363754302 -0.001521202 -0.003027290 0.999994278 10.987492561
0.999998689 0.000623019 0.001504818 0.217321381 -0.000627180 0.999995947 0.002766731 -0.372078001 -0.001503088 -0.002767671 0.999995053 11.360279083
0.999997795 0.001194247 0.001745373 0.222715288 -0.001199119 0.999995351 0.002793376 -0.379136026 -0.001742029 -0.002795462 0.999994636 11.741785049
0.999998987 0.000443672 0.001378274 0.240582034 -0.000447908 0.999995232 0.003074616 -0.398833930 -0.001376903 -0.003075230 0.999994338 12.117767334
0.999998212 0.000972757 0.001606069 0.251190335 -0.000977835 0.999994516 0.003163819 -0.412545264 -0.001602983 -0.003165383 0.999993682 12.511095047
0.999999225 -0.000019058 0.001184662 0.264500082 0.000015390 0.999995232 0.003096524 -0.422738522 -0.001184715 -0.003096504 0.999994516 12.900578499
0.999998271 0.001016435 0.001535774 0.271167219 -0.001021371 0.999994218 0.003216512 -0.434512645 -0.001532496 -0.003218075 0.999993622 13.300621986
0.999997616 0.000930068 0.001982190 0.281000823 -0.000937046 0.999993265 0.003522428 -0.445564419 -0.001978901 -0.003524277 0.999991834 13.715619087
0.999997139 0.001282949 0.002030557 0.290409327 -0.001291066 0.999991119 0.004001303 -0.475044608 -0.002025406 -0.004003913 0.999989867 14.098485947
0.999997616 0.000850328 0.002017206 0.301864803 -0.000857969 0.999992371 0.003790081 -0.485314697 -0.002013967 -0.003791803 0.999990761 14.524648666
0.999996841 0.000758780 0.002409701 0.311485976 -0.000768516 0.999991477 0.004041706 -0.499322027 -0.002406613 -0.004043545 0.999988914 14.952602386
0.999997199 0.000749123 0.002244894 0.329568088 -0.000759158 0.999989688 0.004472536 -0.522126794 -0.002241520 -0.004474227 0.999987483 15.365428925
0.999994695 0.001150521 0.003030514 0.336415470 -0.001164170 0.999989092 0.004505825 -0.532260954 -0.003025297 -0.004509329 0.999985218 15.809404373
0.999992907 0.001567565 0.003426801 0.345187098 -0.001584011 0.999987245 0.004801734 -0.546357989 -0.003419230 -0.004807130 0.999982536 16.243638992
0.999993742 0.001083684 0.003369348 0.357086718 -0.001100105 0.999987602 0.004875724 -0.561419308 -0.003364021 -0.004879400 0.999982417 16.683305740
0.999994218 0.001073520 0.003240730 0.378073126 -0.001089565 0.999987185 0.004953317 -0.574168086 -0.003235371 -0.004956819 0.999982417 17.139898300
0.999991536 0.001019887 0.003979533 0.376991928 -0.001039623 0.999987125 0.004960516 -0.589588225 -0.003974423 -0.004964611 0.999979734 17.604326248
0.999990284 0.000774392 0.004340583 0.392616391 -0.000796048 0.999987304 0.004989917 -0.602292776 -0.004336664 -0.004993325 0.999978065 18.066280365
0.999988198 0.001089635 0.004732093 0.404502273 -0.001113393 0.999986768 0.005020917 -0.613975883 -0.004726559 -0.005026126 0.999976158 18.545314789
0.999989033 0.001043932 0.004555356 0.406227112 -0.001068661 0.999984622 0.005429543 -0.643427968 -0.004549618 -0.005434351 0.999974906 18.993194580
0.999989748 0.001063836 0.004414340 0.424675822 -0.001087673 0.999984801 0.005401052 -0.653625548 -0.004408527 -0.005405797 0.999975681 19.468318939
0.999988735 0.001590259 0.004459176 0.432202607 -0.001614674 0.999983668 0.005476889 -0.664783597 -0.004450394 -0.005484028 0.999975085 19.941623688
0.999989271 0.001169716 0.004494440 0.446785778 -0.001194791 0.999983668 0.005580298 -0.677453816 -0.004487839 -0.005585607 0.999974370 20.429851532
0.999991655 0.000670418 0.004028732 0.465076864 -0.000695367 0.999980569 0.006194689 -0.705375016 -0.004024501 -0.006197438 0.999972701 20.910137177
0.999994278 0.000564688 0.003337983 0.474943757 -0.000584091 0.999982893 0.005814766 -0.710740089 -0.003334642 -0.005816682 0.999977469 21.423841476
0.999992549 0.001342875 0.003611624 0.472929925 -0.001364327 0.999981403 0.005943865 -0.725638151 -0.003603575 -0.005948748 0.999975801 21.918783188
0.999995410 0.000830183 0.002909717 0.493599832 -0.000849109 0.999978483 0.006509432 -0.746727228 -0.002904251 -0.006511873 0.999974608 22.413633347
0.999994934 0.001519305 0.002759394 0.500978172 -0.001536872 0.999978542 0.006375253 -0.753529906 -0.002749649 -0.006379462 0.999975920 22.935071945
0.999998748 0.000355089 0.001533695 0.519547045 -0.000365165 0.999978244 0.006574444 -0.771740675 -0.001531327 -0.006574996 0.999977231 23.432804108
0.999999285 -0.000379969 0.001125407 0.523553371 0.000372761 0.999979377 0.006397666 -0.785398602 -0.001127815 -0.006397242 0.999978900 23.951276779
0.999999642 0.000338426 0.000725257 0.531847775 -0.000343151 0.999978662 0.006524004 -0.796697497 -0.000723034 -0.006524250 0.999978483 24.480962753
0.999999940 0.000268158 -0.000132564 0.543731570 -0.000267266 0.999977589 0.006690427 -0.807105362 0.000134355 -0.006690390 0.999977648 25.009538651
0.999999285 0.000936573 -0.000635981 0.549692333 -0.000932052 0.999974549 0.007071652 -0.822193980 0.000642588 -0.007071054 0.999974728 25.543025970
0.999999106 0.000836757 -0.000992536 0.560690463 -0.000829621 0.999974012 0.007168339 -0.837010741 0.000998508 -0.007167509 0.999973834 26.101198196
0.999998987 0.000186127 -0.001356568 0.569433868 -0.000175870 0.999971449 0.007557128 -0.849478483 0.001357936 -0.007556883 0.999970436 26.616329193
0.999997079 0.000137544 -0.002415944 0.586910367 -0.000119198 0.999971151 0.007592280 -0.860937834 0.002416918 -0.007591971 0.999968231 27.171247482
0.999996662 0.000970953 -0.002376396 0.588585138 -0.000952981 0.999971032 0.007552246 -0.880885601 0.002383660 -0.007549956 0.999968648 27.690809250
0.999995828 0.000786997 -0.002773718 0.598557115 -0.000766329 0.999971986 0.007444817 -0.891379118 0.002779500 -0.007442661 0.999968469 28.230054855
0.999994755 0.000988955 -0.003130546 0.606444776 -0.000965143 0.999970675 0.007598956 -0.905143142 0.003137970 -0.007595893 0.999966204 28.767715454
0.999993980 0.000855131 -0.003386957 0.613855064 -0.000829066 0.999970078 0.007689833 -0.917855144 0.003393432 -0.007686978 0.999964654 29.318758011
0.999992251 0.000778309 -0.003855177 0.627080023 -0.000747609 0.999968052 0.007958367 -0.933956087 0.003861248 -0.007955424 0.999960899 29.840085983
0.999991000 0.001147899 -0.004071428 0.638501883 -0.001116568 0.999969780 0.007689382 -0.947085619 0.004080132 -0.007684769 0.999962151 30.390764236
0.999991000 0.000711819 -0.004171331 0.641776145 -0.000678086 0.999967098 0.008082547 -0.956463337 0.004176946 -0.008079645 0.999958634 30.928943634
0.999990046 0.000779052 -0.004382482 0.661059082 -0.000744185 0.999968112 0.007951836 -0.973787785 0.004388537 -0.007948496 0.999958754 31.467998505
0.999987125 0.000534020 -0.005042281 0.674921036 -0.000494201 0.999968708 0.007894846 -0.990937710 0.005046339 -0.007892252 0.999956071 31.994108200
0.999987602 0.000324381 -0.004966128 0.667986393 -0.000282482 0.999964356 0.008435341 -1.004256964 0.004968688 -0.008433834 0.999952078 32.518230438
0.999984860 0.000148415 -0.005497001 0.676651239 -0.000099401 0.999960244 0.008915737 -1.021928549 0.005498106 -0.008915056 0.999945164 33.067375183
0.999984801 0.000321566 -0.005522013 0.679149628 -0.000272347 0.999960244 0.008911652 -1.031499624 0.005524659 -0.008910012 0.999945045 33.620822906
0.999984145 0.000283866 -0.005615508 0.687577486 -0.000235591 0.999962986 0.008595572 -1.043132663 0.005617741 -0.008594113 0.999947309 34.122810364
0.999983370 0.000167665 -0.005765186 0.706472814 -0.000119727 0.999965370 0.008314354 -1.021786571 0.005766381 -0.008313525 0.999948800 34.755939484
0.999984562 0.001043396 -0.005452664 0.704332471 -0.000995792 0.999961376 0.008725819 -1.072082758 0.005461557 -0.008720256 0.999947131 35.211849213
0.999983072 0.000382226 -0.005809832 0.720425725 -0.000331739 0.999962211 0.008688378 -1.083040357 0.005812933 -0.008686305 0.999945402 35.764598846
0.999983907 0.000681736 -0.005621776 0.741309166 -0.000635136 0.999965429 0.008286791 -1.090375185 0.005627231 -0.008283088 0.999949932 36.330089569
0.999982119 0.001038885 -0.005889765 0.717735767 -0.000989097 0.999963760 0.008449932 -1.106557965 0.005898331 -0.008443954 0.999946952 36.859447479
0.999975443 0.000570780 -0.006985674 0.802318752 -0.000511855 0.999964297 0.008434117 -1.111722350 0.006990239 -0.008430333 0.999940097 37.627796173
0.999978006 0.000394184 -0.006620279 0.742665648 -0.000335451 0.999960542 0.008870489 -1.131404042 0.006623515 -0.008868075 0.999938786 37.952781677
0.999979913 0.000533455 -0.006317314 0.736588359 -0.000474023 0.999955714 0.009405568 -1.150360823 0.006322050 -0.009402386 0.999935865 38.491661072
0.999980330 0.001173206 -0.006172945 0.749384165 -0.001117066 0.999958038 0.009090196 -1.163735867 0.006183352 -0.009083122 0.999939620 38.989353180
0.999973118 -0.000700922 -0.007298060 0.769665360 0.000776228 0.999946415 0.010320938 -1.236618280 0.007290434 -0.010326326 0.999920130 39.625484467
0.999972403 -0.000750538 -0.007389168 0.784160614 0.000829865 0.999941945 0.010738382 -1.254891992 0.007380680 -0.010744218 0.999915063 40.148967743
0.999970317 -0.001038538 -0.007638627 0.784470618 0.001117368 0.999946117 0.010322860 -1.260109186 0.007627494 -0.010331089 0.999917567 40.724769592
0.999972641 -0.000191362 -0.007402385 0.794421434 0.000269074 0.999944806 0.010498631 -1.266110063 0.007399968 -0.010500335 0.999917448 41.266090393
0.999974072 0.000181046 -0.007200924 0.799734712 -0.000108672 0.999949455 0.010049682 -1.271682262 0.007202380 -0.010048640 0.999923587 41.833766937
0.999974132 -0.000376120 -0.007183930 0.803709865 0.000449832 0.999947190 0.010261867 -1.286965370 0.007179691 -0.010264833 0.999921560 42.367149353
0.999968946 -0.000283296 -0.007866630 0.813165069 0.000365044 0.999945939 0.010392242 -1.298508644 0.007863261 -0.010394793 0.999915063 42.895217896
0.999966800 -0.000374079 -0.008149635 0.824602902 0.000458535 0.999946177 0.010363810 -1.312326550 0.008145321 -0.010367202 0.999913096 43.447368622
0.999970078 0.000069231 -0.007735039 0.820584297 0.000007884 0.999950290 0.009969211 -1.315404773 0.007735345 -0.009968972 0.999920368 43.978805542
0.999968708 0.000428913 -0.007889135 0.829164267 -0.000350624 0.999950647 0.009922369 -1.325339317 0.007893002 -0.009919292 0.999919593 44.522033691
0.999966621 0.000523588 -0.008145772 0.836409628 -0.000444474 0.999952734 0.009711066 -1.336348891 0.008150471 -0.009707122 0.999919653 45.076763153
0.999968469 0.000051666 -0.007941921 0.847574949 0.000027750 0.999949992 0.009999134 -1.351970196 0.007942041 -0.009999037 0.999918461 45.599670410
0.999968410 0.000880982 -0.007896785 0.854888260 -0.000808548 0.999957621 0.009171033 -1.353725910 0.007904530 -0.009164358 0.999926746 46.132457733
0.999964595 -0.000276838 -0.008406039 0.879041910 0.000365267 0.999944627 0.010520041 -1.386973023 0.008402660 -0.010522738 0.999909341 46.655277252
0.999967873 0.000067900 -0.008015354 0.862174749 0.000015886 0.999945283 0.010452749 -1.388682961 0.008015627 -0.010452541 0.999913156 47.218433380
0.999968827 0.000388509 -0.007893900 0.883219004 -0.000306260 0.999945700 0.010417802 -1.399633765 0.007897520 -0.010415060 0.999914587 47.754749298
0.999967217 -0.000098070 -0.008097681 0.874130964 0.000181580 0.999946773 0.010312757 -1.407401204 0.008096239 -0.010313888 0.999914050 48.301212311
0.999961853 -0.000718732 -0.008706940 0.894969463 0.000810711 0.999943793 0.010564895 -1.422516823 0.008698859 -0.010571549 0.999906182 48.854991913
0.999966681 0.000204762 -0.008164115 0.890867591 -0.000118970 0.999944746 0.010507580 -1.435097814 0.008165816 -0.010506255 0.999911487 49.386020660
0.999966025 0.000498589 -0.008238805 0.896829128 -0.000408705 0.999940395 0.010907820 -1.444345474 0.008243753 -0.010904081 0.999906600 49.926990509
0.999965906 0.000198820 -0.008270256 0.899155200 -0.000113073 0.999946237 0.010367301 -1.454691648 0.008271874 -0.010366011 0.999912083 50.484043121
0.999968708 0.000517298 -0.007890721 0.904887199 -0.000434117 0.999944329 0.010539609 -1.460221887 0.007895733 -0.010535852 0.999913335 51.021804810
0.999965370 0.000426558 -0.008309556 0.906904459 -0.000338503 0.999943793 0.010595371 -1.474617004 0.008313610 -0.010592190 0.999909341 51.567508698
0.999966502 0.000706303 -0.008151377 0.911251187 -0.000620571 0.999944508 0.010515162 -1.486401320 0.008158350 -0.010509753 0.999911427 52.106143951
0.999966681 0.000620702 -0.008130485 0.919609308 -0.000535156 0.999944508 0.010519543 -1.493532896 0.008136564 -0.010514843 0.999911547 52.663768768
0.999966562 0.001051153 -0.008110390 0.927870393 -0.000964933 0.999943078 0.010627399 -1.508313179 0.008121099 -0.010619220 0.999910593 53.211551666
0.999965847 0.000645907 -0.008251045 0.939285755 -0.000559582 0.999945104 0.010460243 -1.518923998 0.008257350 -0.010455268 0.999911189 53.741855621
0.999968529 0.001406905 -0.007807641 0.940398037 -0.001321483 0.999939322 0.010935229 -1.530853391 0.007822553 -0.010924568 0.999909759 54.322757721
0.999967217 0.000838086 -0.008052478 0.946861625 -0.000752104 0.999942720 0.010674760 -1.542253256 0.008060963 -0.010668351 0.999910593 54.818973541
0.999967337 0.000794380 -0.008060339 0.955786824 -0.000707420 0.999941587 0.010785786 -1.550434828 0.008068437 -0.010779729 0.999909341 55.366085052
0.999967337 0.001140616 -0.007998252 0.960542917 -0.001052972 0.999939501 0.010953598 -1.558405876 0.008010262 -0.010944819 0.999907970 55.917335510
0.999965012 0.000330740 -0.008363359 0.973916173 -0.000238697 0.999939442 0.011004137 -1.571210504 0.008366491 -0.011001755 0.999904513 56.462108612
0.999970138 0.001207137 -0.007639068 0.968200922 -0.001126128 0.999943137 0.010599981 -1.568912029 0.007651431 -0.010591060 0.999914646 57.012905121
0.999967992 0.001106050 -0.007921358 0.968613505 -0.001016566 0.999935687 0.011291692 -1.606569886 0.007933338 -0.011283278 0.999904871 57.534481049
0.999960721 0.000015824 -0.008865936 1.002368212 0.000079978 0.999941647 0.010805211 -1.569044232 0.008865589 -0.010805494 0.999902368 58.194164276
0.999967515 0.001089289 -0.007978769 0.979293942 -0.000996568 0.999931991 0.011615853 -1.630282044 0.007990881 -0.011607526 0.999900699 58.612846375
0.999968469 0.000766812 -0.007906580 0.987473488 -0.000680846 0.999940693 0.010869637 -1.630130291 0.007914446 -0.010863911 0.999909639 59.157711029
0.999961793 0.000153663 -0.008739132 1.020209789 -0.000048206 0.999927163 0.012066202 -1.638454437 0.008740351 -0.012065319 0.999888957 59.710483551
0.999970138 0.001409614 -0.007607681 0.996618092 -0.001325115 0.999937534 0.011100748 -1.653653860 0.007622854 -0.011090336 0.999909461 60.245113373
0.999967813 0.000311469 -0.008014029 1.021159887 -0.000220886 0.999936104 0.011301512 -1.668255448 0.008017039 -0.011299376 0.999904037 60.748474121
0.999967754 0.000646016 -0.008013553 1.054451823 -0.000552057 0.999931157 0.011721734 -1.680145025 0.008020573 -0.011716932 0.999899149 61.292095184
0.999966979 0.000317263 -0.008121529 1.045742154 -0.000225495 0.999936163 0.011297762 -1.693655729 0.008124595 -0.011295558 0.999903202 61.835048676
0.999969065 0.000122989 -0.007860515 1.053483605 -0.000033721 0.999935567 0.011355628 -1.699167013 0.007861405 -0.011355012 0.999904633 62.379898071
0.999968469 0.000865096 -0.007894114 1.067769051 -0.000773680 0.999932766 0.011576104 -1.718519926 0.007903597 -0.011569631 0.999901891 62.924419403
0.999967277 0.000203357 -0.008081328 1.029572606 -0.000107301 0.999929309 0.011884836 -1.747575641 0.008083172 -0.011883580 0.999896765 63.498588562
0.999970078 0.001414847 -0.007594351 1.009068847 -0.001326761 0.999931991 0.011591568 -1.753859997 0.007610234 -0.011581146 0.999903977 64.122314453
0.999970794 0.002267179 -0.007298582 1.019715667 -0.002170102 0.999909461 0.013281515 -1.845572233 0.007328032 -0.013265290 0.999885142 64.570861816
0.999970675 0.001943651 -0.007406516 1.001157165 -0.001852582 0.999922812 0.012282854 -1.757691383 0.007429818 -0.012268773 0.999897182 65.296798706
0.999972701 0.001317113 -0.007270261 1.044433832 -0.001217784 0.999906123 0.013649992 -1.861794949 0.007287556 -0.013640766 0.999880373 65.680442810
0.999971747 0.001383904 -0.007386974 1.048297405 -0.001284320 0.999908507 0.013468815 -1.870860934 0.007404936 -0.013458949 0.999881983 66.229583740
0.999973774 0.001928325 -0.006971380 1.039832234 -0.001833919 0.999906898 0.013523052 -1.890687704 0.006996808 -0.013509912 0.999884248 66.709053040
0.999965668 0.000484369 -0.008267927 1.070135951 -0.000371819 0.999907374 0.013609008 -1.877702236 0.008273753 -0.013605468 0.999873161 67.308731079
0.999971926 0.002484648 -0.007055867 1.071684361 -0.002389414 0.999906421 0.013473576 -1.918763041 0.007088684 -0.013456340 0.999884307 67.755126953
0.999973059 0.002076877 -0.007038907 1.067734838 -0.001982927 0.999909163 0.013328146 -1.916597366 0.007065950 -0.013313830 0.999886394 68.351348877
0.999972582 0.001050698 -0.007323667 1.079897642 -0.000950480 0.999906063 0.013674211 -1.925529838 0.007337347 -0.013666875 0.999879658 68.919883728
0.999969542 0.001895687 -0.007559855 1.086522102 -0.001792882 0.999906182 0.013582557 -1.933131218 0.007584893 -0.013568591 0.999879181 69.490440369
0.999972403 0.002185881 -0.007098984 1.074005127 -0.002083584 0.999894321 0.014385651 -1.961779475 0.007129678 -0.014370463 0.999871314 69.936820984
0.999968529 0.000837535 -0.007887037 1.096416473 -0.000736586 0.999917865 0.012793599 -1.886675596 0.007897107 -0.012787386 0.999886990 70.647933960
0.999973357 0.001050942 -0.007229053 1.096732020 -0.000940502 0.999883056 0.015263745 -1.986683607 0.007244249 -0.015256537 0.999857426 71.022491455
0.999971151 0.002004740 -0.007318273 1.097302437 -0.001899085 0.999894261 0.014415745 -1.992339134 0.007346399 -0.014401431 0.999869227 71.545875549
0.999969125 0.001400663 -0.007726065 1.115109921 -0.001284745 0.999886811 0.014988188 -1.992996573 0.007746185 -0.014977799 0.999857783 72.103507996
0.999973655 0.002187906 -0.006923059 1.116868973 -0.002088594 0.999895215 0.014319977 -2.014142513 0.006953664 -0.014305141 0.999873459 72.627464294
0.999971032 0.001870842 -0.007375640 1.116088033 -0.001763742 0.999893308 0.014500571 -2.018170118 0.007401980 -0.014487144 0.999867618 73.167495728
0.999969661 0.001236053 -0.007684609 1.135714769 -0.001124688 0.999894559 0.014479450 -2.023150444 0.007701697 -0.014470369 0.999865651 73.713584900
0.999971509 0.001644666 -0.007358464 1.126635790 -0.001539141 0.999896228 0.014323339 -2.033209801 0.007381259 -0.014311606 0.999870360 74.237663269
0.999971151 0.001757150 -0.007393019 1.131500006 -0.001654460 0.999902427 0.013873314 -2.040450573 0.007416675 -0.013860683 0.999876440 74.788658142
0.999970317 0.001483117 -0.007551447 1.146961689 -0.001376117 0.999898851 0.014155002 -2.056145906 0.007571676 -0.014144192 0.999871314 75.303253174
0.999972284 0.001606483 -0.007270655 1.149982572 -0.001503976 0.999899685 0.014082363 -2.057054996 0.007292549 -0.014071039 0.999874353 75.840606689
0.999968410 0.000837185 -0.007897506 1.157902479 -0.000731179 0.999909699 0.013416013 -2.053641796 0.007908025 -0.013409816 0.999878883 76.409729004
0.999972999 0.001624143 -0.007167113 1.161198139 -0.001525526 0.999904335 0.013743657 -2.075740814 0.007188749 -0.013732352 0.999879837 76.930305481
0.999971747 0.001774421 -0.007297003 1.161153316 -0.001670356 0.999897122 0.014242670 -2.082681179 0.007321525 -0.014230080 0.999871910 77.453170776
0.999968588 0.000301937 -0.007917141 1.193298578 -0.000194495 0.999907851 0.013568055 -2.090949535 0.007920508 -0.013566089 0.999876618 78.030838013
0.999972522 0.000913124 -0.007354608 1.186782718 -0.000810241 0.999901950 0.013979776 -2.093061447 0.007366652 -0.013973433 0.999875247 78.533195496
0.999973953 0.001812983 -0.006989868 1.185208440 -0.001715854 0.999902248 0.013876783 -2.100468159 0.007014345 -0.013864428 0.999879301 79.083824158
0.999973476 0.002364104 -0.006888728 1.190625787 -0.002267774 0.999899983 0.013958154 -2.110221863 0.006921036 -0.013942163 0.999878764 79.642410278
0.999976277 0.001412143 -0.006739949 1.205625057 -0.001319002 0.999903858 0.013803707 -2.114405632 0.006758794 -0.013794490 0.999881983 80.197319031
0.999982536 0.001710872 -0.005661755 1.213503361 -0.001633217 0.999904931 0.013692064 -2.122086525 0.005684642 -0.013682581 0.999890208 80.744873047
0.999990582 0.000880385 -0.004242924 1.223116398 -0.000821957 0.999905050 0.013752912 -2.131925344 0.004254630 -0.013749297 0.999896407 81.272491455
0.999995649 0.000957547 -0.002828383 1.236207724 -0.000919232 0.999908209 0.013516933 -2.140261650 0.002841067 -0.013514272 0.999904633 81.813209534
0.999999046 0.001213513 0.000747673 1.250735283 -0.001223527 0.999907494 0.013542603 -2.148486614 -0.000731170 -0.013543502 0.999908030 82.363418579
0.999987423 0.001611775 0.004733725 1.261282444 -0.001676824 0.999903798 0.013769895 -2.160437346 -0.004711075 -0.013777661 0.999893904 82.905746460
0.999967635 0.001771045 0.007841693 1.282579899 -0.001881049 0.999899626 0.014043053 -2.176848412 -0.007816034 -0.014057349 0.999870658 83.438438416
0.999913812 0.002450956 0.012898613 1.303635240 -0.002629326 0.999900937 0.013829876 -2.181895256 -0.012863437 -0.013862597 0.999821246 83.995613098
0.999816835 0.002408129 0.018985230 1.325580716 -0.002668937 0.999902248 0.013724034 -2.187047243 -0.018950326 -0.013772191 0.999725580 84.548660278
0.999695301 0.002061198 0.024598425 1.358822823 -0.002402361 0.999901175 0.013847818 -2.200489044 -0.024567453 -0.013902692 0.999601483 85.090156555
0.999536693 0.002470812 0.030336874 1.401200891 -0.002891677 0.999900103 0.013837026 -2.203449249 -0.030299658 -0.013918338 0.999443948 85.616577148
0.999280214 0.002463533 0.037855178 1.433572650 -0.002985492 0.999901116 0.013737986 -2.207586288 -0.037817590 -0.013841113 0.999188840 86.210029602
0.998930693 0.002536507 0.046161491 1.487237215 -0.003179044 0.999898970 0.013851248 -2.222658396 -0.046121702 -0.013983187 0.998837888 86.718292236
0.998606443 0.001905081 0.052740771 1.539274693 -0.002639023 0.999900579 0.013849887 -2.228712082 -0.052709136 -0.013969770 0.998512208 87.252487183
0.998120129 0.001211557 0.061275750 1.598276377 -0.002059679 0.999902904 0.013779797 -2.236526966 -0.061253101 -0.013880101 0.998025775 87.779930115
0.997470379 0.000977835 0.071076743 1.660699844 -0.001958003 0.999903917 0.013721916 -2.250442028 -0.071056493 -0.013826373 0.997376442 88.324157715
0.996809900 0.001072977 0.079804979 1.722545147 -0.002185016 0.999901652 0.013848433 -2.260993004 -0.079782270 -0.013978631 0.996714234 88.866317749
0.996159434 0.000792243 0.087554559 1.794379234 -0.001995071 0.999904811 0.013651381 -2.270743370 -0.087535396 -0.013773629 0.996066153 89.422660828
0.995177507 0.000647058 0.098087415 1.869272232 -0.001974803 0.999907732 0.013439867 -2.272222996 -0.098069683 -0.013568759 0.995086968 89.965919495
0.994071543 0.000082469 0.108728789 1.954793930 -0.001569602 0.999906361 0.013591938 -2.286535740 -0.108717494 -0.013682018 0.993978441 90.506378174
0.993027806 -0.000035049 0.117880277 2.043058395 -0.001567097 0.999907672 0.013498590 -2.295363426 -0.117869876 -0.013589204 0.992936075 91.061050415
0.991680443 -0.000112248 0.128724501 2.141962051 -0.001676878 0.999903500 0.013790415 -2.306286812 -0.128713623 -0.013891540 0.991584539 91.599349976
0.990036547 -0.000521877 0.140809491 2.242784500 -0.001423637 0.999904931 0.013715554 -2.322105169 -0.140803233 -0.013779364 0.989941716 92.128990173
0.988423228 -0.000492862 0.151721105 2.347470284 -0.001613661 0.999903977 0.013760736 -2.328283072 -0.151713341 -0.013846258 0.988327503 92.702873230
0.986802161 -0.000838908 0.161928371 2.457632065 -0.001364542 0.999907970 0.013495862 -2.332401037 -0.161924839 -0.013538705 0.986710131 93.234817505
0.984624743 -0.001155816 0.174679622 2.582893372 -0.001177707 0.999911368 0.013254625 -2.340214729 -0.174679488 -0.013256553 0.984536052 93.764137268
0.982347965 -0.001854881 0.187053204 2.708928108 -0.000715434 0.999906242 0.013672646 -2.353578806 -0.187061012 -0.013565123 0.982254624 94.314201355
0.980346978 -0.001954554 0.197271287 2.833729744 -0.000721054 0.999908745 0.013490348 -2.357251167 -0.197279632 -0.013367467 0.980256081 94.846366882
0.977618694 -0.002035610 0.210374892 2.971080780 -0.000744124 0.999913454 0.013133235 -2.360618830 -0.210383430 -0.012995839 0.977532685 95.389846802
0.974643290 -0.002357818 0.223751724 3.124435425 -0.000697174 0.999907613 0.013573506 -2.377921581 -0.223763093 -0.013385320 0.974551678 95.921333313
0.971970975 -0.002598006 0.235086411 3.277318954 -0.000596581 0.999908447 0.013516846 -2.387001991 -0.235100001 -0.013278230 0.971880496 96.470291138
0.969026387 -0.003067491 0.246937826 3.441286087 -0.000213984 0.999912024 0.013260738 -2.393144846 -0.246956795 -0.012902846 0.968940556 96.986816406
0.965329707 -0.002596832 0.261020690 3.606826782 -0.000949716 0.999908984 0.013460173 -2.403190136 -0.261031866 -0.013241400 0.965239346 97.518714905
0.961950779 -0.002560669 0.273210853 3.779500961 -0.001171395 0.999908268 0.013496014 -2.412136078 -0.273220360 -0.013302537 0.961859524 98.045204163
0.958629370 -0.003726457 0.284632713 3.959486008 -0.000095153 0.999910057 0.013411449 -2.416563511 -0.284657061 -0.012883693 0.958542824 98.569976807
0.954442322 -0.003016132 0.298380136 4.156661987 -0.001210614 0.999901593 0.013979806 -2.431633949 -0.298392922 -0.013704141 0.954344749 99.089385986
0.949916363 -0.003987973 0.312478721 4.345754623 -0.000204151 0.999910414 0.013381849 -2.427429199 -0.312504053 -0.012775429 0.949830532 99.630058289
0.946132123 -0.004283020 0.323752522 4.544912338 -0.000102500 0.999908447 0.013527639 -2.435023546 -0.323780805 -0.012832115 0.946045220 100.146751404
0.941728115 -0.004887685 0.336339533 4.754886627 0.000373361 0.999909103 0.013485289 -2.443828821 -0.336374879 -0.012573901 0.941644192 100.658187866
0.936627626 -0.004884402 0.350292504 4.974134445 0.000245358 0.999911726 0.013286500 -2.449771643 -0.350326478 -0.012358557 0.936546087 101.169593811
0.932012141 -0.005614805 0.362383485 5.194580078 0.000766048 0.999908268 0.013522479 -2.457445860 -0.362426162 -0.012325511 0.931930959 101.676673889
0.927773893 -0.005893966 0.373096257 5.418939590 0.000968873 0.999909878 0.013386731 -2.463186741 -0.373141587 -0.012058379 0.927695990 102.185539246
0.922337770 -0.006190392 0.386334926 5.652349472 0.001075419 0.999908924 0.013454459 -2.468010426 -0.386383027 -0.011994085 0.922260404 102.684387207
0.916709363 -0.006480116 0.399502099 5.892971039 0.001202818 0.999908626 0.013458974 -2.474508286 -0.399552912 -0.011857439 0.916633487 103.175201416
0.911813557 -0.007179028 0.410541713 6.145786285 0.001872968 0.999909461 0.013325269 -2.481076002 -0.410600275 -0.011381231 0.911744416 103.675964355
0.905323625 -0.007101531 0.424663156 6.403511047 0.001643127 0.999911308 0.013218334 -2.485495090 -0.424719393 -0.011269096 0.905254900 104.169883728
0.898504615 -0.007569801 0.438898802 6.673839569 0.001726905 0.999904513 0.013710326 -2.497694492 -0.438960731 -0.011560854 0.898431897 104.667678833
0.892625391 -0.008127338 0.450726032 6.941772461 0.002253267 0.999905407 0.013567545 -2.508198261 -0.450793743 -0.011095127 0.892559171 105.132827759
0.886891484 -0.008083080 0.461907119 7.218090057 0.001971588 0.999904037 0.013712107 -2.512310028 -0.461973608 -0.011250461 0.886822283 105.639457703
0.879731774 -0.008884587 0.475387245 7.491230011 0.002748395 0.999903679 0.013601292 -2.523606300 -0.475462317 -0.010658939 0.879671454 106.076171875
0.872574508 -0.008886947 0.488400161 7.790222168 0.002370241 0.999899745 0.013959546 -2.526521206 -0.488475263 -0.011023116 0.872508109 106.593086243
