1.000000000 0.000000000 0.000000000 0.000000000 0.000000000 1.000000000 0.000000000 0.000000000 0.000000000 0.000000000 1.000000000 0.000000000
0.999999940 0.000239600 0.000091633 -0.001048451 -0.000239596 1.000000000 -0.000044563 0.000544000 -0.000091643 0.000044541 1.000000000 -0.000061165
1.000000000 0.000154826 0.000050664 0.003289889 -0.000154827 1.000000000 0.000017863 0.000738776 -0.000050662 -0.000017871 1.000000000 -0.000505804
1.000000000 0.000027127 -0.000005958 0.001908872 -0.000027127 1.000000000 0.000006894 -0.000052714 0.000005959 -0.000006894 1.000000000 0.000028737
1.000000000 0.000014038 0.000086974 -0.001162854 -0.000014035 1.000000000 -0.000036690 0.001583098 -0.000086974 0.000036688 1.000000000 0.002014761
1.000000000 0.000041365 0.000012663 0.000078329 -0.000041366 1.000000000 0.000070749 0.000998163 -0.000012660 -0.000070750 1.000000000 -0.005836649
1.000000000 0.000018625 0.000069176 -0.002291825 -0.000018632 1.000000000 0.000097447 0.001344732 -0.000069174 -0.000097449 1.000000000 -0.001419258
1.000000000 0.000130824 0.000100617 0.000394254 -0.000130819 1.000000000 -0.000052095 -0.000400160 -0.000100623 0.000052082 1.000000000 -0.001415151
1.000000000 0.000060159 0.000074398 -0.000512113 -0.000060159 1.000000000 -0.000002601 0.001043418 -0.000074398 0.000002596 1.000000000 -0.001262285
1.000000000 0.000055549 0.000063109 -0.002787100 -0.000055550 1.000000000 0.000014050 0.002002415 -0.000063109 -0.000014053 1.000000000 -0.006405108
1.000000000 -0.000112065 -0.000034144 0.002140741 0.000112064 1.000000000 -0.000026526 -0.000787846 0.000034147 0.000026522 1.000000000 0.001320725
1.000000000 -0.000096597 -0.000014080 -0.000668278 0.000096597 1.000000000 0.000037137 -0.001483041 0.000014076 -0.000037138 1.000000000 -0.002057407
1.000000000 -0.000081141 0.000078892 0.000512536 0.000081146 1.000000000 -0.000057116 0.002715038 -0.000078888 0.000057123 1.000000000 0.000230480
1.000000000 -0.000121520 0.000004186 -0.000481128 0.000121520 1.000000000 0.000032697 0.002379769 -0.000004190 -0.000032697 1.000000000 -0.003313626
1.000000000 -0.000181383 -0.000031053 0.000082289 0.000181385 1.000000000 0.000078753 -0.001150111 0.000031039 -0.000078758 1.000000000 -0.003009244
1.000000000 -0.000140371 0.000114469 -0.005796372 0.000140363 1.000000000 0.000066478 -0.002784782 -0.000114478 -0.000066462 1.000000000 -0.001264857
1.000000000 0.000084065 0.000100442 -0.004297739 -0.000084065 1.000000000 -0.000000441 0.001723950 -0.000100442 0.000000433 1.000000000 -0.004570849
1.000000000 -0.000105348 0.000025858 0.000249678 0.000105347 1.000000000 0.000015309 0.000619442 -0.000025859 -0.000015306 1.000000000 -0.002571185
1.000000000 -0.000014036 0.000016330 -0.000261334 0.000014036 1.000000000 0.000016207 -0.000841566 -0.000016331 -0.000016207 1.000000000 -0.008381226
1.000000000 -0.000073676 0.000042532 -0.000092094 0.000073674 1.000000000 0.000048595 -0.001075748 -0.000042535 -0.000048592 1.000000000 -0.009778707
1.000000000 0.000034165 0.000096840 -0.001371069 -0.000034168 1.000000000 0.000029275 -0.000627371 -0.000096839 -0.000029278 1.000000000 -0.000716397
1.000000000 -0.000044459 0.000041204 0.000886311 0.000044457 1.000000000 0.000051108 -0.000294608 -0.000041206 -0.000051106 1.000000000 -0.005552371
1.000000000 -0.000168184 -0.000005588 0.001776770 0.000168184 1.000000000 0.000065166 0.000150790 0.000005577 -0.000065167 1.000000000 -0.002774422
1.000000000 -0.000068917 -0.000085350 0.006660591 0.000068924 1.000000000 0.000087970 -0.001333760 0.000085344 -0.000087976 1.000000000 -0.007404490
1.000000000 -0.000138833 -0.000045748 0.003258256 0.000138837 1.000000000 0.000066270 -0.001598131 0.000045739 -0.000066276 1.000000000 -0.001164864
1.000000000 -0.000037775 0.000110011 -0.003978040 0.000037769 1.000000000 0.000051030 -0.002434864 -0.000110012 -0.000051026 1.000000000 -0.005107348
1.000000000 -0.000177239 0.000109279 -0.004649239 0.000177228 1.000000000 0.000096067 0.000370633 -0.000109296 -0.000096047 1.000000000 -0.003713348
0.999999940 -0.000274427 -0.000078172 -0.001180372 0.000274431 0.999999940 0.000053552 0.001880647 0.000078157 -0.000053574 1.000000000 -0.004197538
1.000000000 -0.000138152 -0.000020065 0.000532035 0.000138155 1.000000000 0.000170914 -0.003959841 0.000020041 -0.000170917 1.000000000 0.000360334
1.000000000 -0.000114101 0.000045008 -0.003949740 0.000114097 1.000000000 0.000091240 -0.000616259 -0.000045019 -0.000091235 1.000000000 0.002839472
1.000000000 -0.000210032 0.000052202 -0.003107617 0.000210021 0.999999940 0.000204868 -0.001503058 -0.000052245 -0.000204858 1.000000000 -0.005777225
0.999999940 -0.000274708 -0.000063204 0.002809365 0.000274717 0.999999940 0.000144096 -0.001676223 0.000063164 -0.000144113 1.000000000 -0.004877680
1.000000000 -0.000053134 0.000051181 -0.004685868 0.000053131 1.000000000 0.000061780 -0.000322607 -0.000051184 -0.000061777 1.000000000 -0.004886729
1.000000000 -0.000065224 0.000033401 -0.004058618 0.000065224 1.000000000 -0.000011093 0.005254528 -0.000033400 0.000011095 1.000000000 -0.006029720
1.000000000 -0.000175921 -0.000048912 -0.000480986 0.000175921 1.000000000 -0.000012640 0.002329418 0.000048915 0.000012631 1.000000000 -0.000223224
1.000000000 -0.000069257 0.000001211 -0.001773264 0.000069257 1.000000000 0.000025940 0.000190403 -0.000001213 -0.000025940 1.000000000 -0.004860839
0.999999940 -0.000318038 -0.000105159 0.001973712 0.000318055 0.999999940 0.000160706 -0.002260749 0.000105108 -0.000160740 1.000000000 0.000938800
1.000000000 -0.000065323 0.000053528 -0.003041621 0.000065314 1.000000000 0.000161242 -0.000528338 -0.000053539 -0.000161239 1.000000000 -0.007791208
0.999999881 -0.000424297 -0.000174794 0.003715248 0.000424322 0.999999881 0.000141425 -0.002343425 0.000174734 -0.000141500 1.000000000 -0.000363442
1.000000000 -0.000108196 0.000069303 0.002194427 0.000108241 0.999999821 -0.000636082 -0.003995104 -0.000069234 0.000636090 0.999999821 0.049720109
1.000000000 -0.000148816 0.000004430 0.003357157 0.000148821 0.999999285 -0.001199268 -0.005605271 -0.000004252 0.001199269 0.999999285 0.138749436
0.999999940 -0.000216920 -0.000153842 0.007524223 0.000216696 0.999998927 -0.001456080 -0.011393587 0.000154158 0.001456047 0.999998927 0.257686526
1.000000000 -0.000122595 -0.000005114 0.004643469 0.000122588 0.999999225 -0.001237675 -0.017903486 0.000005266 0.001237674 0.999999225 0.384054333
1.000000000 -0.000025325 -0.000157613 0.009741075 0.000025134 0.999999285 -0.001212699 -0.019372627 0.000157643 0.001212695 0.999999225 0.535071611
0.999999940 0.000295760 0.000148276 0.005402013 -0.000295598 0.999999344 -0.001094738 -0.023485001 -0.000148600 0.001094695 0.999999404 0.692765117
1.000000000 -0.000239731 0.000033750 0.021274483 0.000239756 0.999999702 -0.000753791 -0.024913641 -0.000033569 0.000753799 0.999999702 0.870416343
0.999999940 -0.000155798 0.000299037 0.001634768 0.000155967 0.999999821 -0.000566940 -0.045818619 -0.000298949 0.000566986 0.999999821 1.053016901
0.999999940 0.000168789 0.000292438 0.013125483 -0.000168598 0.999999762 -0.000653229 -0.044365820 -0.000292549 0.000653179 0.999999762 1.213884234
0.999999821 -0.000557967 -0.000116686 0.033217240 0.000557949 0.999999821 -0.000153244 -0.057419367 0.000116771 0.000153179 1.000000000 1.414916396
0.999999762 -0.000430348 -0.000506182 0.042464323 0.000430200 0.999999881 -0.000292873 -0.053206295 0.000506308 0.000292655 0.999999821 1.641612172
0.999999166 0.000827227 0.000997957 0.011520165 -0.000826773 0.999999583 -0.000455368 -0.062647067 -0.000998333 0.000454543 0.999999404 1.776083231
0.999998868 0.000982056 0.001127250 0.017391259 -0.000981838 0.999999523 -0.000193250 -0.071333081 -0.001127439 0.000192143 0.999999344 1.981867790
0.999997854 0.001476717 0.001445160 0.011246558 -0.001476074 0.999998808 -0.000446366 -0.071775436 -0.001445818 0.000444232 0.999998868 2.199852943
0.999998987 0.000982458 0.000958993 0.026022330 -0.000982461 0.999999464 0.000002798 -0.083928533 -0.000958990 -0.000003741 0.999999523 2.399509668
0.999998868 0.001091420 0.001036004 0.030659068 -0.001091446 0.999999404 0.000024256 -0.090717517 -0.001035977 -0.000025387 0.999999464 2.634616613
0.999997735 0.001463232 0.001607378 0.030623069 -0.001463420 0.999998987 0.000115367 -0.095311061 -0.001607208 -0.000117719 0.999998748 2.864647627
0.999998033 0.001378826 0.001423507 0.037540875 -0.001379007 0.999999046 0.000126483 -0.105691530 -0.001423331 -0.000128446 0.999998987 3.103066444
0.999998629 0.000842791 0.001408891 0.039617576 -0.000842556 0.999999583 -0.000167379 -0.111857183 -0.001409032 0.000166192 0.999998987 3.328593969
0.999998510 0.000900718 0.001407532 0.047945969 -0.000900759 0.999999583 0.000028238 -0.121028982 -0.001407506 -0.000029505 0.999999046 3.576038361
0.999998868 0.000757166 0.001289426 0.053778045 -0.000757287 0.999999702 0.000093110 -0.126924768 -0.001289355 -0.000094086 0.999999166 3.840569735
0.999998331 0.000694374 0.001648377 0.054816950 -0.000694625 0.999999821 0.000152003 -0.134240225 -0.001648271 -0.000153148 0.999998629 4.107294559
0.999998569 0.000823950 0.001474631 0.067153357 -0.000824730 0.999999464 0.000528333 -0.146466941 -0.001474195 -0.000529549 0.999998748 4.346295834
0.999998987 0.000706707 0.001284430 0.079645388 -0.000707253 0.999999642 0.000424966 -0.152750731 -0.001284129 -0.000425874 0.999999106 4.613644600
0.999998152 0.000591978 0.001800529 0.078072384 -0.000592952 0.999999702 0.000540145 -0.162582129 -0.001800209 -0.000541212 0.999998212 4.878938198
0.999996245 0.001667826 0.002146279 0.088080406 -0.001668574 0.999998510 0.000346430 -0.174262881 -0.002145699 -0.000350010 0.999997616 5.153043270
0.999997377 0.000916610 0.002099124 0.071189612 -0.000918583 0.999999106 0.000939022 -0.180126935 -0.002098261 -0.000940948 0.999997377 5.394143581
0.999997437 0.001032341 0.002026519 0.086426139 -0.001033979 0.999999166 0.000807571 -0.194561064 -0.002025684 -0.000809664 0.999997556 5.663890839
0.999995172 0.002127862 0.002248208 0.085373417 -0.002129774 0.999997377 0.000848300 -0.202468634 -0.002246397 -0.000853085 0.999997079 5.927899361
0.999995828 0.001829419 0.002225031 0.103292696 -0.001831367 0.999997973 0.000873657 -0.216984496 -0.002223428 -0.000877729 0.999997139 6.201209068
0.999995649 0.001642225 0.002468951 0.102091298 -0.001645314 0.999997914 0.001249657 -0.226420239 -0.002466893 -0.001253714 0.999996185 6.483669281
0.999996424 0.001392714 0.002275259 0.108432330 -0.001395171 0.999998450 0.001078704 -0.236518472 -0.002273753 -0.001081874 0.999996781 6.782226086
0.999997258 0.000838319 0.002188772 0.125373140 -0.000841194 0.999998808 0.001313017 -0.249731481 -0.002187669 -0.001314855 0.999996722 7.068645954
0.999997199 0.000980598 0.002174669 0.134724051 -0.000983274 0.999998748 0.001229811 -0.258507848 -0.002173461 -0.001231945 0.999996841 7.368487835
0.999996424 0.001135819 0.002445213 0.138100773 -0.001139464 0.999998271 0.001489632 -0.269206285 -0.002443517 -0.001492413 0.999995947 7.679778576
0.999995530 0.001615561 0.002537483 0.155594394 -0.001619320 0.999997616 0.001479825 -0.279489994 -0.002535086 -0.001483928 0.999995708 7.993796825
0.999995887 0.001206409 0.002598388 0.152352467 -0.001210019 0.999998271 0.001388406 -0.287250608 -0.002596708 -0.001391544 0.999995649 8.331286430
0.999996066 0.001591918 0.002305445 0.169807404 -0.001595375 0.999997556 0.001498171 -0.298963547 -0.002303055 -0.001501844 0.999996185 8.644531250
0.999994695 0.001538920 0.002875864 0.164922774 -0.001543272 0.999997675 0.001511588 -0.302091479 -0.002873531 -0.001516018 0.999994636 9.001514435
0.999996424 0.000986387 0.002493978 0.177512020 -0.000990369 0.999998212 0.001595844 -0.314735740 -0.002492400 -0.001598308 0.999995589 9.337010384
0.999995589 0.000849977 0.002830401 0.183426827 -0.000854689 0.999998212 0.001663971 -0.320384502 -0.002828981 -0.001666383 0.999994576 9.682389259
0.999997199 0.000350649 0.002319410 0.212466538 -0.000355546 0.999997735 0.002111394 -0.346536845 -0.002318665 -0.002112213 0.999995053 10.012447357
0.999996245 0.000888261 0.002567994 0.220865488 -0.000893642 0.999997437 0.002094827 -0.358348519 -0.002566127 -0.002097114 0.999994516 10.376252174
0.999997616 0.000293753 0.002152218 0.230644673 -0.000298616 0.999997437 0.002259738 -0.364051729 -0.002151549 -0.002260376 0.999995112 10.749787331
0.999996424 0.000560964 0.002592579 0.233678430 -0.000565859 0.999998093 0.001887992 -0.371321559 -0.002591514 -0.001889453 0.999994814 11.126654625
0.999995768 0.000900477 0.002763409 0.229092926 -0.000906072 0.999997616 0.002024034 -0.382074296 -0.002761580 -0.002026529 0.999994159 11.527029037
0.999997735 0.000207412 0.002103218 0.269134998 -0.000211755 0.999997854 0.002065256 -0.402027935 -0.002102785 -0.002065696 0.999995589 11.896069527
0.999996424 0.000568427 0.002621377 0.273785770 -0.000573853 0.999997735 0.002069440 -0.412626624 -0.002620194 -0.002070936 0.999994457 12.279067993
0.999995589 0.000974056 0.002825557 0.285753965 -0.000980267 0.999997020 0.002197676 -0.429993093 -0.002823408 -0.002200436 0.999993563 12.668153763
0.999997556 0.000245094 0.002220764 0.303820997 -0.000250143 0.999997437 0.002273646 -0.432207942 -0.002220201 -0.002274196 0.999994934 13.080142975
0.999997199 -0.000230006 0.002330363 0.313421577 0.000224385 0.999997079 0.002412325 -0.456787497 -0.002330911 -0.002411796 0.999994397 13.474627495
0.999996066 0.000477691 0.002757580 0.319244802 -0.000484074 0.999997318 0.002314647 -0.465422183 -0.002756466 -0.002315973 0.999993503 13.891333580
0.999995947 0.000462457 0.002829113 0.331699312 -0.000471776 0.999994516 0.003294137 -0.485693634 -0.002827574 -0.003295458 0.999990582 14.312866211
0.999995470 -0.000371783 0.002996404 0.351923823 0.000361760 0.999994338 0.003344610 -0.498510003 -0.002997631 -0.003343511 0.999989867 14.739832878
0.999993682 -0.000657584 0.003478685 0.353310376 0.000644568 0.999992788 0.003741317 -0.518437803 -0.003481120 -0.003739050 0.999986887 15.146751404
0.999994576 -0.001384313 0.002970468 0.375272512 0.001371952 0.999990404 0.004159082 -0.579052567 -0.002976196 -0.004154985 0.999986947 15.555099487
0.999993563 -0.000772199 0.003501124 0.385141432 0.000757730 0.999991179 0.004132165 -0.588102341 -0.003504284 -0.004129486 0.999985337 15.999640465
0.999993086 -0.001196577 0.003505981 0.392538965 0.001179797 0.999987841 0.004784185 -0.604651988 -0.003511664 -0.004780015 0.999982417 16.434724808
0.999993503 -0.001222079 0.003415268 0.404614568 0.001204398 0.999985874 0.005174356 -0.613249302 -0.003421544 -0.005170208 0.999980807 16.886674881
0.999990702 -0.001477900 0.004045291 0.434481323 0.001459494 0.999988616 0.004549122 -0.634354413 -0.004051968 -0.004543176 0.999981403 17.362823486
0.999991357 -0.001230592 0.003966897 0.449860334 0.001213710 0.999990165 0.004255552 -0.643733323 -0.003972095 -0.004250701 0.999983072 17.827655792
0.999990225 -0.001604603 0.004114500 0.463312089 0.001583238 0.999985218 0.005190851 -0.668019831 -0.004122769 -0.005184286 0.999978065 18.302621841
0.999984980 -0.001587442 0.005238620 0.467209220 0.001561981 0.999986887 0.004860858 -0.665990353 -0.005246268 -0.004852602 0.999974489 18.763092041
0.999986112 -0.001734130 0.004962401 0.485123485 0.001711128 0.999987781 0.004635764 -0.694789469 -0.004970380 -0.004627209 0.999976933 19.233016968
0.999987006 -0.001833022 0.004752067 0.505182147 0.001810708 0.999987304 0.004695833 -0.707227051 -0.004760614 -0.004687168 0.999977708 19.712673187
0.999988198 -0.001349217 0.004665964 0.515996039 0.001324651 0.999985218 0.005264069 -0.721127152 -0.004672998 -0.005257826 0.999975264 20.195383072
0.999985278 -0.000702681 0.005373644 0.516138673 0.000674270 0.999985754 0.005287211 -0.742962599 -0.005377282 -0.005283509 0.999971628 20.698896408
0.999989271 -0.001075908 0.004507725 0.568968654 0.001048461 0.999980867 0.006087022 -0.792544842 -0.004514188 -0.006082230 0.999971330 21.153186798
0.999990821 -0.001705444 0.003959962 0.580114603 0.001684536 0.999984682 0.005277144 -0.785205126 -0.003968902 -0.005270424 0.999978244 21.664386749
0.999989629 -0.001112573 0.004422126 0.581895530 0.001088986 0.999985158 0.005332807 -0.802047849 -0.004427993 -0.005327936 0.999975979 22.174892426
0.999993145 -0.001553726 0.003333772 0.608302414 0.001534936 0.999982953 0.005631206 -0.813114166 -0.003342464 -0.005626051 0.999978602 22.661029816
0.999992251 -0.003357044 0.002034534 0.645836771 0.003344519 0.999975741 0.006128781 -0.849309683 -0.002055059 -0.006121932 0.999979138 23.176933289
0.999994695 -0.002741707 0.001775278 0.649943709 0.002729571 0.999973238 0.006802669 -0.876755178 -0.001793881 -0.006797787 0.999975324 23.719831467
0.999994576 -0.002649057 0.001940664 0.646107376 0.002636170 0.999974668 0.006613372 -0.884291112 -0.001958134 -0.006608221 0.999976218 24.263597488
0.999996543 -0.002583169 0.000545871 0.676120102 0.002579646 0.999976397 0.006360386 -0.887336731 -0.000562288 -0.006358956 0.999979556 24.761026382
0.999996066 -0.002805721 -0.000195347 0.686684489 0.002806926 0.999975085 0.006464142 -0.897115529 0.000177206 -0.006464664 0.999979079 25.296726227
0.999995828 -0.002840492 -0.000448865 0.696799159 0.002843367 0.999974549 0.006540485 -0.906118691 0.000430276 -0.006541735 0.999978483 25.829505920
0.999996245 -0.002693076 -0.000490523 0.704324603 0.002696199 0.999975324 0.006481231 -0.914141715 0.000473056 -0.006482529 0.999978840 26.381217957
0.999992669 -0.003654318 -0.001127411 0.718038857 0.003662037 0.999969363 0.006922433 -0.920851827 0.001102080 -0.006926510 0.999975383 26.936750412
0.999994874 -0.002719158 -0.001664757 0.738539517 0.002731461 0.999968648 0.007432982 -0.951285124 0.001644494 -0.007437491 0.999970973 27.477373123
0.999996066 -0.001938797 -0.002067318 0.751545906 0.001954381 0.999969542 0.007563384 -0.971488655 0.002052591 -0.007567394 0.999969244 28.024532318
0.999996603 -0.001793730 -0.001882442 0.757073700 0.001807441 0.999971747 0.007307435 -0.968800187 0.001869280 -0.007310812 0.999971569 28.573671341
0.999994218 -0.002334494 -0.002447965 0.774898827 0.002354059 0.999965012 0.008020035 -0.994419813 0.002429157 -0.008025753 0.999964833 29.112873077
0.999993503 -0.001959002 -0.003040251 0.789638638 0.001984027 0.999963999 0.008249925 -1.011841774 0.003023980 -0.008255904 0.999961376 29.660671234
0.999993265 -0.002078337 -0.003027779 0.796204031 0.002102887 0.999964714 0.008127801 -1.023516774 0.003010780 -0.008134115 0.999962330 30.213031769
0.999993742 -0.001777029 -0.003087934 0.807611763 0.001801571 0.999966741 0.007963296 -1.033844948 0.003073680 -0.007968810 0.999963462 30.761743546
0.999992073 -0.001461182 -0.003699393 0.825117409 0.001490207 0.999968052 0.007855160 -1.044590950 0.003687798 -0.007860612 0.999962330 31.311727524
0.999989867 -0.002225168 -0.003908052 0.846877575 0.002259106 0.999959528 0.008701184 -1.073833942 0.003888533 -0.008709925 0.999954522 31.853637695
0.999987543 -0.002837488 -0.004112933 0.861652136 0.002874393 0.999955416 0.008994837 -1.087277651 0.004087228 -0.009006548 0.999951124 32.398788452
0.999986053 -0.002609936 -0.004586880 0.868724704 0.002649377 0.999959409 0.008613684 -1.091525078 0.004564213 -0.008625716 0.999952316 32.918609619
0.999989033 -0.002587524 -0.003903838 0.860337555 0.002622197 0.999956846 0.008903045 -1.112186432 0.003880633 -0.008913182 0.999952674 33.460052490
0.999990582 -0.002204542 -0.003738572 0.863132000 0.002237314 0.999958873 0.008784618 -1.124759078 0.003719052 -0.008792900 0.999954402 34.018280029
0.999991775 -0.002031317 -0.003506609 0.872317016 0.002062246 0.999958754 0.008839572 -1.130808115 0.003488509 -0.008846729 0.999954700 34.577033997
0.999982834 -0.003524099 -0.004686011 0.906621039 0.003569263 0.999946952 0.009664819 -1.160525322 0.004651702 -0.009681380 0.999942303 35.108608246
0.999982476 -0.003100917 -0.005044472 0.920586765 0.003148963 0.999949515 0.009544618 -1.166204691 0.005014621 -0.009560335 0.999941647 35.651290894
0.999981046 -0.003400641 -0.005128987 0.924129128 0.003451061 0.999945521 0.009853930 -1.184808254 0.005095197 -0.009871445 0.999938250 36.198467255
0.999984384 -0.002835796 -0.004843405 0.941836536 0.002881502 0.999951065 0.009455957 -1.196148634 0.004816353 -0.009469764 0.999943495 36.761005402
0.999985158 -0.002728302 -0.004725238 0.943260670 0.002772260 0.999952614 0.009321397 -1.208252311 0.004699583 -0.009334358 0.999945343 37.307441711
0.999980330 -0.003986292 -0.004843106 0.950478256 0.004033068 0.999944866 0.009687247 -1.221610427 0.004804223 -0.009706590 0.999941289 37.842094421
0.999981880 -0.003545455 -0.004881885 0.968939245 0.003595502 0.999940634 0.010281092 -1.238463879 0.004845144 -0.010298458 0.999935210 38.388328552
0.999983668 -0.003990352 -0.004088345 0.939631104 0.004033692 0.999935150 0.010647871 -1.267586231 0.004045592 -0.010664186 0.999934971 38.899307251
0.999982357 -0.004019667 -0.004379467 0.947232723 0.004065811 0.999935746 0.010578766 -1.276959777 0.004336663 -0.010596384 0.999934435 39.445045471
0.999980450 -0.003960431 -0.004838922 0.973891675 0.004015137 0.999927580 0.011348292 -1.308894277 0.004793627 -0.011367501 0.999923885 40.022758484
0.999978542 -0.004223632 -0.004997062 1.010391712 0.004281025 0.999924362 0.011530810 -1.334075332 0.004947982 -0.011551956 0.999921083 40.549076080
0.999978662 -0.004581602 -0.004657946 1.018821239 0.004635924 0.999920607 0.011718908 -1.354863167 0.004603883 -0.011740251 0.999920428 41.116230011
0.999978125 -0.004795772 -0.004558130 1.027249336 0.004849979 0.999916792 0.011956695 -1.357768297 0.004500410 -0.011978539 0.999918103 41.683319092
0.999981165 -0.004034479 -0.004638861 1.033356428 0.004091036 0.999916613 0.012247672 -1.367942333 0.004589062 -0.012266417 0.999914229 42.203517914
0.999981225 -0.003807569 -0.004797094 1.052394986 0.003865219 0.999919832 0.012066267 -1.374440908 0.004750764 -0.012084584 0.999915659 42.750000000
0.999979496 -0.004694154 -0.004355730 1.055532098 0.004747299 0.999913394 0.012272168 -1.392503858 0.004297745 -0.012292594 0.999915183 43.294288635
0.999980450 -0.004532551 -0.004303644 1.060755134 0.004587023 0.999908447 0.012732775 -1.404795885 0.004245538 -0.012752267 0.999909699 43.822475433
0.999979973 -0.004796173 -0.004113285 1.073409081 0.004847093 0.999910593 0.012460108 -1.416499019 0.004053154 -0.012479799 0.999913931 44.393611908
0.999981403 -0.004660177 -0.003927175 1.087429762 0.004707908 0.999914050 0.012233499 -1.420591116 0.003869829 -0.012251759 0.999917448 44.944145203
0.999977529 -0.005217986 -0.004193223 1.108353615 0.005267663 0.999915063 0.011924394 -1.430412054 0.004130647 -0.011946218 0.999920070 45.507179260
0.999982655 -0.004687872 -0.003573898 1.102740169 0.004731030 0.999914765 0.012164720 -1.438558817 0.003516567 -0.012181417 0.999919593 46.040927887
0.999984086 -0.004302966 -0.003642976 1.118550777 0.004345513 0.999921501 0.011753031 -1.447460175 0.003592116 -0.011768676 0.999924242 46.591804504
0.999983728 -0.004461145 -0.003553864 1.129564762 0.004504146 0.999915600 0.012185110 -1.467279077 0.003499203 -0.012200920 0.999919355 47.129501343
0.999990046 -0.004077514 -0.001799719 1.082837820 0.004098115 0.999924302 0.011595154 -1.458045006 0.001752304 -0.011602416 0.999931157 47.694320679
0.999991894 -0.003601779 -0.001848184 1.094911575 0.003622445 0.999929547 0.011302544 -1.463372707 0.001807345 -0.011309148 0.999934435 48.248916626
0.999992847 -0.003513854 -0.001394142 1.100803137 0.003529279 0.999930739 0.011220381 -1.477334380 0.001354620 -0.011225222 0.999936044 48.780925751
0.999989033 -0.004402627 -0.001615542 1.108094454 0.004420639 0.999926150 0.011320906 -1.488580704 0.001565580 -0.011327925 0.999934614 49.317726135
0.999994099 -0.003307084 -0.000929431 1.111985922 0.003317471 0.999929428 0.011405321 -1.493778348 0.000891647 -0.011408337 0.999934494 49.846164703
0.999991953 -0.003873323 -0.001112799 1.119065642 0.003885297 0.999932289 0.010968363 -1.495371222 0.001070240 -0.010972599 0.999939203 50.396675110
0.999996006 -0.002814506 -0.000277831 1.117574811 0.002817433 0.999933660 0.011163266 -1.507302523 0.000246395 -0.011164004 0.999937594 50.927772522
0.999992371 -0.003908475 -0.000453590 1.123654723 0.003913394 0.999927342 0.011401649 -1.522041798 0.000408994 -0.011403335 0.999934912 51.461742401
0.999991715 -0.004033785 -0.000597738 1.129340887 0.004040487 0.999923825 0.011669865 -1.529949188 0.000550618 -0.011672182 0.999931753 52.004322052
0.999990165 -0.004421603 -0.000050904 1.136657834 0.004421895 0.999927819 0.011161849 -1.538131475 0.000001547 -0.011161963 0.999937713 52.539745331
0.999993145 -0.003641840 0.000501743 1.137870550 0.003635706 0.999924541 0.011725597 -1.552982092 -0.000544408 -0.011723693 0.999931097 53.058246613
0.999993622 -0.003412050 0.001026707 1.120686889 0.003400177 0.999929786 0.011351581 -1.570959330 -0.001065367 -0.011348018 0.999935031 53.599105835
0.999992311 -0.003725030 0.001253830 1.133812428 0.003710106 0.999924660 0.011701511 -1.582823753 -0.001297323 -0.011696770 0.999930680 54.124320984
0.999992609 -0.003653182 0.001151413 1.113576412 0.003639370 0.999924004 0.011778127 -1.592278719 -0.001194354 -0.011773853 0.999929965 54.615062714
0.999992073 -0.003792485 0.001165522 1.165745139 0.003779163 0.999929845 0.011226635 -1.597670317 -0.001208016 -0.011222144 0.999936223 55.212337494
0.999987543 -0.003686102 0.003364109 1.098475337 0.003647745 0.999929070 0.011337516 -1.612377644 -0.003405662 -0.011325103 0.999930084 55.677288055
0.999988079 -0.003459458 0.003448613 1.101883292 0.003421536 0.999934256 0.010942108 -1.621041775 -0.003486239 -0.010930180 0.999934196 56.208431244
0.999986887 -0.003315704 0.003915892 1.110994935 0.003270520 0.999928594 0.011489223 -1.633935332 -0.003953708 -0.011476265 0.999926329 56.776119232
0.999987841 -0.003852150 0.003105707 1.153371096 0.003819229 0.999937177 0.010537372 -1.624747515 -0.003146104 -0.010525382 0.999939620 57.360874176
0.999980986 -0.003713531 0.004925781 1.092079043 0.003657599 0.999929309 0.011315902 -1.654856801 -0.004967453 -0.011297669 0.999923825 57.762096405
0.999979556 -0.003927699 0.005052822 1.104887247 0.003871527 0.999931157 0.011079335 -1.662614703 -0.005095988 -0.011059544 0.999925852 58.306098938
0.999975681 -0.004446363 0.005377884 1.110792160 0.004384955 0.999925613 0.011376902 -1.677314758 -0.005428071 -0.011353043 0.999920845 58.818264008
0.999974430 -0.005651362 0.004389168 1.132594824 0.005603809 0.999926269 0.010771776 -1.682390213 -0.004449719 -0.010746904 0.999932408 59.366836548
0.999973893 -0.004468690 0.005692917 1.143721223 0.004404052 0.999926269 0.011316562 -1.700518370 -0.005743069 -0.011291195 0.999919772 59.900337219
0.999974251 -0.004015937 0.005947912 1.141666889 0.003946058 0.999923527 0.011714217 -1.702262402 -0.005994499 -0.011690446 0.999913692 60.361816406
0.999974549 -0.003875061 0.005987578 1.161677599 0.003809007 0.999932170 0.011004211 -1.709929943 -0.006029815 -0.010981127 0.999921501 60.916427612
0.999972820 -0.003961303 0.006217287 1.183239937 0.003891987 0.999930561 0.011121868 -1.717493534 -0.006260915 -0.011097368 0.999918818 61.452804565
0.999974847 -0.004558495 0.005427683 1.211934566 0.004493903 0.999919593 0.011853846 -1.755221605 -0.005481283 -0.011829156 0.999914944 61.989807129
0.999964237 -0.004874866 0.006912143 1.174289703 0.004797398 0.999925911 0.011180341 -1.729791164 -0.006966134 -0.011146780 0.999913633 62.455348969
0.999966383 -0.004760864 0.006666422 1.186441064 0.004685406 0.999925256 0.011289302 -1.740948677 -0.006719671 -0.011257689 0.999914050 62.984962463
0.999965847 -0.005041569 0.006566870 1.192501664 0.004965919 0.999921679 0.011485781 -1.755144835 -0.006624264 -0.011452775 0.999912441 63.536991119
0.999960840 -0.005218955 0.007143694 1.188913345 0.005137134 0.999921560 0.011424442 -1.781194329 -0.007202758 -0.011387297 0.999909222 64.064109802
0.999962032 -0.004850806 0.007237067 1.201747894 0.004766925 0.999921799 0.011563230 -1.791189909 -0.007292592 -0.011528294 0.999906957 64.616523743
0.999960721 -0.004696766 0.007520305 1.212585688 0.004611771 0.999925792 0.011279883 -1.798995733 -0.007572728 -0.011244757 0.999908090 65.146842957
0.999956369 -0.005411387 0.007603063 1.218759298 0.005317618 0.999910235 0.012299639 -1.826616764 -0.007668938 -0.012258673 0.999895453 65.612792969
0.999956369 -0.004783388 0.008022342 1.245722890 0.004678543 0.999904096 0.013037494 -1.852306128 -0.008083937 -0.012999393 0.999882758 66.131965637
0.999953628 -0.004671979 0.008421736 1.237831593 0.004571092 0.999918044 0.011959085 -1.841867208 -0.008476919 -0.011920033 0.999893069 66.710273743
0.999955952 -0.005225641 0.007790488 1.271069765 0.005131871 0.999914706 0.012008253 -1.856064796 -0.007852573 -0.011967746 0.999897540 67.162002563
0.999956429 -0.005670340 0.007418102 1.290017247 0.005583584 0.999916315 0.011664081 -1.856327057 -0.007483620 -0.011622154 0.999904394 67.715751648
0.999954283 -0.005870580 0.007536847 1.314923763 0.005782854 0.999915838 0.011609214 -1.853760004 -0.007604363 -0.011565102 0.999904215 68.205535889
0.999953270 -0.005255621 0.008112578 1.307836533 0.005160786 0.999918640 0.011666884 -1.873981714 -0.008173233 -0.011624470 0.999898970 68.683845520
0.999956369 -0.005313923 0.007679315 1.334501386 0.005227380 0.999923170 0.011246112 -1.887036562 -0.007738484 -0.011205479 0.999907196 69.198509216
0.999956369 -0.005701813 0.007396907 1.347364902 0.005620176 0.999923646 0.011010802 -1.895119190 -0.007459124 -0.010968753 0.999911964 69.761589050
0.999953151 -0.004986933 0.008294663 1.349645376 0.004886881 0.999915600 0.012038983 -1.917176247 -0.008354001 -0.011997885 0.999893129 70.229736328
0.999950409 -0.005434097 0.008341485 1.381313801 0.005336115 0.999917030 0.011724041 -1.923763990 -0.008404504 -0.011678950 0.999896467 70.756317139
0.999951541 -0.004154660 0.008920526 1.390974164 0.004048867 0.999921679 0.011845000 -1.938289642 -0.008969038 -0.011808308 0.999890089 71.272163391
0.999952316 -0.004243786 0.008789722 1.406856537 0.004142740 0.999925554 0.011482295 -1.960595846 -0.008837795 -0.011445335 0.999895513 71.877197266
0.999952555 -0.004672667 0.008546851 1.429925442 0.004570372 0.999918163 0.011949331 -1.977251291 -0.008601986 -0.011909702 0.999892056 72.227043152
0.999953210 -0.004623658 0.008501165 1.444121361 0.004523993 0.999921322 0.011705683 -1.979520082 -0.008554618 -0.011666675 0.999895334 72.787673950
0.999954224 -0.003711972 0.008812990 1.456722856 0.003608258 0.999924421 0.011755155 -1.997156024 -0.008855958 -0.011722820 0.999892056 73.343811035
0.999952257 -0.003368585 0.009176303 1.469614983 0.003258385 0.999922752 0.011997766 -2.018635988 -0.009216009 -0.011967292 0.999885857 73.844055176
0.999948502 -0.003957390 0.009339703 1.496373177 0.003847453 0.999923408 0.011759709 -2.019968510 -0.009385525 -0.011723170 0.999887168 74.260665894
0.999949098 -0.005092909 0.008704525 1.526577711 0.004989184 0.999916792 0.011896682 -2.034984589 -0.008764389 -0.011852650 0.999891281 74.806732178
0.999953270 -0.004622880 0.008487911 1.598461628 0.004515773 0.999910474 0.012594758 -2.091694832 -0.008545376 -0.012555840 0.999884605 75.255249023
0.999949634 -0.004082200 0.009158946 1.577105999 0.003968608 0.999915361 0.012386420 -2.063441753 -0.009208734 -0.012349447 0.999881327 75.757698059
0.999953568 -0.003610017 0.008922222 1.595637798 0.003499545 0.999917328 0.012366522 -2.070907116 -0.008966126 -0.012334725 0.999883771 76.298751831
0.999947488 -0.003071179 0.009771630 1.588177085 0.002952051 0.999921441 0.012182382 -2.075766802 -0.009808276 -0.012152896 0.999878049 76.832725525
0.999950767 -0.003069559 0.009432565 1.621644258 0.002953197 0.999919653 0.012325570 -2.104930162 -0.009469640 -0.012297107 0.999879599 77.371215820
0.999948740 -0.003564609 0.009474488 1.636589527 0.003442730 0.999911487 0.012849258 -2.105542421 -0.009519454 -0.012815981 0.999872565 77.768913269
0.999950051 -0.003636947 0.009306841 1.652698994 0.003518084 0.999912441 0.012756182 -2.108377457 -0.009352420 -0.012722801 0.999875367 78.337074280
0.999947071 -0.003062680 0.009819559 1.695886374 0.002936499 0.999913275 0.012838693 -2.138720036 -0.009858028 -0.012809182 0.999869347 78.879180908
0.999934316 -0.002939428 0.011073350 1.701025009 0.002796619 0.999912977 0.012890133 -2.143896580 -0.011110274 -0.012858318 0.999855578 79.335014343
0.999918401 -0.003107974 0.012387900 1.716756582 0.002954762 0.999919116 0.012367079 -2.148980141 -0.012425333 -0.012329465 0.999846816 79.894721985
0.999897063 -0.002709329 0.014088055 1.730835199 0.002533896 0.999919236 0.012455552 -2.161673069 -0.014120664 -0.012418572 0.999823153 80.402893066
0.999885261 -0.003038305 0.014841679 1.748019338 0.002845316 0.999911308 0.013007060 -2.171980619 -0.014879885 -0.012963338 0.999805212 80.954421997
0.999823868 -0.001799836 0.018682120 1.765370250 0.001552053 0.999910712 0.013269136 -2.190851212 -0.018704336 -0.013237802 0.999737382 81.515541077
0.999764979 -0.001967003 0.021590054 1.795815110 0.001678736 0.999909282 0.013361897 -2.209698200 -0.021614378 -0.013322508 0.999677598 82.019515991
0.999678135 -0.001528804 0.025324266 1.825162888 0.001198584 0.999914110 0.013049755 -2.218591690 -0.025342042 -0.013015200 0.999594092 82.585830688
0.999569416 -0.002082679 0.029268172 1.854662061 0.001697589 0.999911785 0.013176011 -2.215246677 -0.029293029 -0.013120648 0.999484718 83.099716187
0.999381006 -0.001567740 0.035144776 1.868543029 0.001110503 0.999914467 0.013025853 -2.219286680 -0.035162196 -0.012978765 0.999297261 83.654457092
0.999151468 -0.001254975 0.041168120 1.903571606 0.000722263 0.999915779 0.012952258 -2.222835779 -0.041180909 -0.012911533 0.999068260 84.220252991
0.998858929 -0.000506713 0.047755398 1.944375515 -0.000136823 0.999909222 0.013471447 -2.243926287 -0.047757883 -0.013462606 0.998768210 84.736190796
0.998463869 -0.001018879 0.055397749 2.011371374 0.000307117 0.999917269 0.012855208 -2.243410110 -0.055406265 -0.012818448 0.998381555 85.328712463
0.997957110 -0.001981047 0.063856296 2.018280983 0.001176358 0.999919593 0.012636689 -2.243488789 -0.063876189 -0.012535757 0.997879088 85.871246338
0.997506797 -0.001707202 0.070549451 2.081691265 0.000843410 0.999924302 0.012271765 -2.247109413 -0.070565060 -0.012181665 0.997432768 86.400428772
0.996786416 -0.001418468 0.080093622 2.137485981 0.000439909 0.999925077 0.012234016 -2.267668724 -0.080104984 -0.012159468 0.996712327 86.908081055
0.995882630 -0.001190194 0.090643242 2.204723835 0.000087934 0.999926150 0.012163443 -2.293815136 -0.090651006 -0.012105392 0.995809138 87.544624329
0.995073020 -0.002160413 0.099122442 2.270381451 0.000892917 0.999917388 0.012829765 -2.307415962 -0.099141978 -0.012678045 0.994992554 88.111518860
0.994218647 -0.001706414 0.107361220 2.363693237 0.000271568 0.999910533 0.013377851 -2.334249735 -0.107374445 -0.013271352 0.994130135 88.597969055
0.993087888 -0.002026905 0.117356330 2.448542118 0.000472713 0.999911845 0.013269683 -2.339537621 -0.117372900 -0.013122482 0.993001223 89.166351318
0.991763115 -0.003080022 0.128047943 2.525463104 0.001405822 0.999912500 0.013163111 -2.359146833 -0.128077254 -0.012874679 0.991680622 89.744712830
0.990474343 -0.002849522 0.137667730 2.617059708 0.001069767 0.999914944 0.013000160 -2.369732618 -0.137693062 -0.012729056 0.990393221 90.275329590
0.988923728 -0.002843609 0.148397401 2.729098320 0.000888912 0.999912143 0.013236701 -2.376930714 -0.148421988 -0.012958174 0.988839209 90.855834961
0.986994445 -0.002901256 0.160727516 2.833098412 0.000840681 0.999916673 0.012886816 -2.379916191 -0.160751522 -0.012584093 0.986914754 91.397636414
0.985228598 -0.003478375 0.171209157 2.960833549 0.001230025 0.999911666 0.013236511 -2.397839069 -0.171240047 -0.012830396 0.985145748 91.945709229
0.983554482 -0.003434628 0.180578649 3.098854065 0.001093606 0.999914050 0.013061970 -2.399262428 -0.180607960 -0.012649678 0.983473837 92.546424866
0.981189966 -0.003712369 0.193008691 3.224212646 0.001215251 0.999914050 0.013054635 -2.409680605 -0.193040580 -0.012574524 0.981110215 93.073196411
0.978633106 -0.002966312 0.205592811 3.369551659 0.000200662 0.999909222 0.013471614 -2.435412884 -0.205614135 -0.013142512 0.978544891 93.569992065
0.976400316 -0.004274820 0.215926126 3.513904572 0.001512114 0.999914885 0.012958262 -2.424543381 -0.215963185 -0.012325950 0.976323724 94.201393127
0.973357677 -0.003371156 0.229267165 3.658926010 0.000332922 0.999911606 0.013289329 -2.433745384 -0.229291722 -0.012858942 0.973272800 94.756683350
0.969990551 -0.003963144 0.243109882 3.811262131 0.000754924 0.999911487 0.013288327 -2.445234060 -0.243141025 -0.012706023 0.969907820 95.271003723
0.966950417 -0.003721710 0.254937142 3.979333878 0.000339875 0.999911308 0.013308126 -2.451797485 -0.254964054 -0.012781656 0.966865957 95.862716675
0.963794112 -0.004063454 0.266616672 4.162700653 0.000590768 0.999913871 0.013103935 -2.468753099 -0.266646922 -0.012471990 0.963713586 96.352241516
0.959851682 -0.004850390 0.280466348 4.337312698 0.001210662 0.999912798 0.013149209 -2.471892357 -0.280505657 -0.012281743 0.959773719 96.889060974
0.955933452 -0.004269091 0.293552577 4.532539368 0.000337653 0.999909639 0.013441996 -2.484243631 -0.293583363 -0.012750535 0.955848396 97.383735657
0.952464998 -0.005000665 0.304606944 4.759901047 0.000944675 0.999909043 0.013461406 -2.501787901 -0.304646552 -0.012533770 0.952382922 98.106719971
0.947700799 -0.004744795 0.319124639 4.946172714 0.000492518 0.999910057 0.013404193 -2.509687424 -0.319159508 -0.012545990 0.947617888 98.632301331
0.942894280 -0.004450422 0.333062589 5.142850876 -0.000024227 0.999909878 0.013429499 -2.516438484 -0.333092302 -0.012670670 0.942809105 99.146209717
0.938837469 -0.004219124 0.344334781 5.346395493 -0.000586528 0.999903917 0.013850973 -2.535201073 -0.344360143 -0.013205774 0.938744724 99.661758423
0.934342682 -0.004947160 0.356341749 5.634965897 0.000159621 0.999909341 0.013463398 -2.538758755 -0.356376112 -0.012522548 0.934258640 100.253929138
0.928979337 -0.005563737 0.370089740 5.868743896 0.000593247 0.999908030 0.013542967 -2.546620846 -0.370131075 -0.012361583 0.928897262 100.776199341
0.924153507 -0.005984203 0.381974518 6.102853775 0.000828640 0.999906361 0.013660209 -2.558048725 -0.382020503 -0.012307609 0.924071968 101.255584717
0.919048011 -0.005125043 0.394112259 6.338052750 -0.000390379 0.999903023 0.013913107 -2.573480368 -0.394145399 -0.012940667 0.918956995 101.769096375
0.913094521 -0.006170105 0.407701284 6.608642578 0.000513872 0.999902129 0.013981530 -2.585031509 -0.407747597 -0.012556956 0.913008332 102.325119019
0.907481492 -0.006955689 0.420034289 6.870082855 0.001245012 0.999903083 0.013868366 -2.592220306 -0.420090079 -0.012062337 0.907402217 102.815750122
0.902214825 -0.007103983 0.431228340 7.112403870 0.001258261 0.999903381 0.013839715 -2.601400375 -0.431285053 -0.011943798 0.902136683 103.291740417
0.896077693 -0.005714644 0.443860620 7.386589050 -0.000504962 0.999903381 0.013893053 -2.619134903 -0.443897069 -0.012673381 0.895988166 103.797203064
0.889585197 -0.007852551 0.456701726 7.672260284 0.001350716 0.999893069 0.014561223 -2.643259048 -0.456767201 -0.012336575 0.889500618 104.307006836
0.883616984 -0.008270610 0.468137383 7.955699921 0.001688614 0.999893785 0.014477892 -2.649446487 -0.468207419 -0.012002411 0.883536994 104.791107178
0.877442896 -0.008439583 0.479606956 8.228847504 0.001859800 0.999897480 0.014192562 -2.655653477 -0.479677588 -0.011561189 0.877368510 105.263366699
0.869457781 -0.008591937 0.493932515 8.499233246 0.001594265 0.999892294 0.014586739 -2.655634403 -0.494004667 -0.011895092 0.869377851 105.760978699
0.862275481 -0.008813916 0.506362855 8.808078766 0.001558409 0.999889970 0.014750624 -2.671157598 -0.506437182 -0.011929980 0.862194359 106.224723816
0.856148064 -0.009754071 0.516638398 9.116817474 0.002513573 0.999888599 0.014712402 -2.679562330 -0.516724288 -0.011297385 0.856077313 106.689476013
