1.000000000 0.000000000 0.000000000 0.000000000 0.000000000 1.000000000 0.000000000 0.000000000 0.000000000 0.000000000 1.000000000 0.000000000
1.000000000 0.000162725 0.000124923 -0.003259495 -0.000162709 1.000000000 -0.000126538 0.002935326 -0.000124944 0.000126517 1.000000000 0.004470577
1.000000000 0.000113330 0.000048825 -0.000122099 -0.000113327 1.000000000 -0.000058921 0.001739094 -0.000048832 0.000058915 1.000000000 0.004471552
0.999999940 0.000280394 0.000093870 -0.000012997 -0.000280391 0.999999940 -0.000028831 0.001443865 -0.000093878 0.000028804 1.000000000 -0.001483390
1.000000000 0.000185334 0.000001226 0.003194495 -0.000185334 1.000000000 -0.000012884 0.000922148 -0.000001228 0.000012884 1.000000000 -0.000615880
1.000000000 0.000037054 -0.000098864 0.003276909 -0.000037054 1.000000000 0.000002277 0.000030340 0.000098864 -0.000002273 1.000000000 0.000213461
1.000000000 0.000152127 0.000101561 -0.002615060 -0.000152118 1.000000000 -0.000089901 0.001808923 -0.000101575 0.000089885 1.000000000 -0.000069514
1.000000000 0.000060673 0.000004479 0.000407753 -0.000060673 1.000000000 0.000013250 0.000948420 -0.000004479 -0.000013251 1.000000000 -0.001592184
1.000000000 0.000097022 0.000176339 -0.005392721 -0.000097012 1.000000000 -0.000053031 0.001948468 -0.000176344 0.000053014 1.000000000 0.005248001
0.999999940 0.000258649 0.000225181 -0.004426555 -0.000258612 0.999999940 -0.000161961 0.001362341 -0.000225223 0.000161902 0.999999940 0.000625280
0.999999940 0.000216157 0.000137214 -0.001707324 -0.000216155 1.000000000 -0.000014543 0.001488080 -0.000137217 0.000014513 1.000000000 -0.000113561
1.000000000 0.000120886 0.000175670 -0.003243549 -0.000120875 1.000000000 -0.000061393 0.001096450 -0.000175677 0.000061372 1.000000000 -0.002769299
1.000000000 0.000048992 0.000087018 -0.003318995 -0.000048991 1.000000000 -0.000007336 0.000425613 -0.000087019 0.000007332 1.000000000 -0.004877261
1.000000000 -0.000022572 0.000137677 -0.002341465 0.000022572 1.000000000 -0.000000043 -0.000222956 -0.000137677 0.000000046 1.000000000 0.000312063
1.000000000 0.000083595 0.000084822 -0.000299517 -0.000083592 1.000000000 -0.000037386 0.000442149 -0.000084825 0.000037379 1.000000000 -0.002731623
1.000000000 -0.000140077 -0.000114276 0.002108303 0.000140073 1.000000000 -0.000035047 0.000252945 0.000114281 0.000035031 1.000000000 -0.005637086
1.000000000 -0.000011578 0.000048225 -0.002545330 0.000011581 1.000000000 -0.000060395 0.000321265 -0.000048225 0.000060395 1.000000000 -0.002469431
1.000000000 0.000064108 0.000215675 -0.004292296 -0.000064129 1.000000000 0.000095149 -0.001958279 -0.000215669 -0.000095163 1.000000000 -0.003466807
1.000000000 0.000106276 0.000032466 0.000227483 -0.000106278 1.000000000 0.000054883 0.000727558 -0.000032461 -0.000054887 1.000000000 -0.005650262
1.000000000 -0.000094541 0.000008129 -0.001008562 0.000094540 1.000000000 0.000029165 -0.001162980 -0.000008132 -0.000029165 1.000000000 -0.007166720
1.000000000 0.000059882 0.000072094 -0.000828186 -0.000059883 1.000000000 0.000010287 -0.000251883 -0.000072094 -0.000010292 1.000000000 -0.006865209
1.000000000 -0.000070662 0.000051009 -0.000368858 0.000070659 1.000000000 0.000067503 -0.001744334 -0.000051014 -0.000067499 1.000000000 -0.004382090
1.000000000 0.000128921 0.000117116 -0.003240173 -0.000128918 1.000000000 -0.000031137 0.000342938 -0.000117120 0.000031122 1.000000000 0.000480730
1.000000000 0.000043784 -0.000022586 0.001044604 -0.000043785 1.000000000 -0.000037021 -0.000083950 0.000022584 0.000037022 1.000000000 -0.001261023
1.000000000 0.000028143 0.000073575 -0.002345639 -0.000028148 1.000000000 0.000070307 0.000607901 -0.000073573 -0.000070309 1.000000000 0.000168742
1.000000000 -0.000068882 -0.000110396 0.004066802 0.000068873 1.000000000 -0.000089936 0.001823025 0.000110402 0.000089929 1.000000000 -0.006942900
1.000000000 -0.000038172 0.000058783 -0.002937922 0.000038178 1.000000000 -0.000099553 0.002352768 -0.000058780 0.000099555 1.000000000 0.000117895
0.999999940 0.000319441 0.000177219 -0.004733715 -0.000319420 0.999999940 -0.000119612 0.002054473 -0.000177257 0.000119556 1.000000000 -0.000670468
1.000000000 0.000064634 0.000105803 -0.003090645 -0.000064636 1.000000000 0.000011505 0.001017978 -0.000105802 -0.000011512 1.000000000 0.000367331
1.000000000 -0.000025201 0.000010726 -0.003888582 0.000025201 1.000000000 -0.000041667 0.002841389 -0.000010725 0.000041667 1.000000000 -0.001305768
1.000000000 0.000044605 0.000089483 -0.003848012 -0.000044602 1.000000000 -0.000032968 0.001420957 -0.000089484 0.000032964 1.000000000 -0.000188366
1.000000000 -0.000029995 0.000089497 -0.003503173 0.000029985 1.000000000 0.000113479 0.000402614 -0.000089500 -0.000113477 1.000000000 0.002572037
1.000000000 -0.000122907 0.000047840 -0.003838591 0.000122906 1.000000000 0.000030616 0.000064789 -0.000047844 -0.000030610 1.000000000 -0.004653077
1.000000000 -0.000073560 0.000002779 -0.001985300 0.000073559 1.000000000 0.000063828 0.000190718 -0.000002783 -0.000063827 1.000000000 -0.006321514
0.999999940 0.000261536 0.000159129 -0.004376984 -0.000261533 0.999999940 -0.000020699 0.000905774 -0.000159134 0.000020658 1.000000000 -0.001993954
1.000000000 0.000054966 0.000162876 -0.004288449 -0.000054963 1.000000000 -0.000017882 0.001231647 -0.000162877 0.000017873 1.000000000 0.000096535
1.000000000 0.000095818 0.000105741 -0.006498121 -0.000095813 1.000000000 -0.000048806 0.002626786 -0.000105746 0.000048796 1.000000000 0.001724293
1.000000000 0.000107976 0.000076715 -0.004143459 -0.000107969 1.000000000 -0.000089543 0.002426364 -0.000076725 0.000089535 1.000000000 -0.001224482
1.000000000 -0.000129730 0.000028787 -0.002074895 0.000129729 1.000000000 0.000055262 0.000775694 -0.000028794 -0.000055258 1.000000000 -0.001087127
1.000000000 -0.000080458 -0.000010390 -0.000317252 0.000080459 1.000000000 0.000098828 -0.000419971 0.000010382 -0.000098829 1.000000000 -0.006067961
1.000000000 -0.000198602 -0.000037406 -0.002008961 0.000198604 1.000000000 0.000042339 -0.001077647 0.000037398 -0.000042347 1.000000000 -0.002701690
1.000000000 0.000116832 0.000078339 0.002049049 -0.000116792 0.999999881 -0.000510272 -0.005210017 -0.000078398 0.000510263 0.999999881 0.051531270
1.000000000 0.000031971 0.000005188 0.003138683 -0.000031965 0.999999225 -0.001266975 -0.003571420 -0.000005229 0.001266975 0.999999225 0.148298398
1.000000000 0.000060008 -0.000046738 0.004586911 -0.000060079 0.999998868 -0.001509762 -0.010091075 0.000046648 0.001509765 0.999998868 0.261504859
1.000000000 0.000027292 0.000107355 0.001956642 -0.000027143 0.999999046 -0.001384694 -0.016030630 -0.000107392 0.001384691 0.999999046 0.392003387
1.000000000 -0.000011557 -0.000125498 0.005448093 0.000011418 0.999999404 -0.001105696 -0.020514578 0.000125511 0.001105694 0.999999404 0.533975005
0.999999940 -0.000112102 -0.000237821 0.017571345 0.000111876 0.999999523 -0.000949875 -0.028627764 0.000237928 0.000949849 0.999999523 0.691556573
0.999999881 -0.000455789 -0.000159864 0.021903716 0.000455707 0.999999762 -0.000512257 -0.032905858 0.000160097 0.000512184 0.999999881 0.850212932
0.999999881 -0.000247677 -0.000444088 0.029354924 0.000247408 0.999999762 -0.000606422 -0.038197916 0.000444238 0.000606313 0.999999702 1.036850333
1.000000000 -0.000039544 0.000073419 0.017206371 0.000039587 0.999999821 -0.000581064 -0.045421053 -0.000073396 0.000581067 0.999999821 1.210795164
0.999999762 -0.000613651 -0.000397501 0.039556704 0.000613476 0.999999702 -0.000440337 -0.050212335 0.000397771 0.000440093 0.999999821 1.420927405
0.999999404 -0.000693515 -0.000872678 0.046050057 0.000693493 0.999999762 -0.000025527 -0.061433326 0.000872695 0.000024922 0.999999642 1.607267976
0.999998868 -0.000540399 0.001419980 -0.000777725 0.000541061 0.999999762 -0.000465749 -0.054821488 -0.001419728 0.000466517 0.999998868 1.780318975
0.999998510 -0.000726536 0.001547736 0.010414409 0.000726901 0.999999702 -0.000235111 -0.064795636 -0.001547565 0.000236236 0.999998808 1.980831027
0.999998748 -0.000042847 0.001598512 0.003137434 0.000043267 0.999999940 -0.000263115 -0.071235262 -0.001598501 0.000263184 0.999998689 2.195402384
0.999998689 -0.000061314 0.001618532 0.012257718 0.000061586 0.999999881 -0.000168358 -0.079180211 -0.001618522 0.000168457 0.999998689 2.421054363
0.999998927 0.000231052 0.001433776 0.020980654 -0.000230957 0.999999940 -0.000066409 -0.080577567 -0.001433791 0.000066078 0.999998987 2.655109167
0.999997675 0.000217537 0.002171832 0.019018009 -0.000218063 0.999999881 0.000241763 -0.091630116 -0.002171779 -0.000242236 0.999997675 2.884923458
0.999997854 -0.000718904 0.001937097 0.020534210 0.000718226 0.999999702 0.000350773 -0.104860485 -0.001937349 -0.000349381 0.999998033 3.100470066
0.999997258 -0.000096371 0.002369069 0.015519520 0.000095972 1.000000000 0.000168557 -0.110262774 -0.002369086 -0.000168329 0.999997139 3.361331463
0.999997735 -0.000591980 0.002072786 0.030342650 0.000591171 0.999999821 0.000390992 -0.117550656 -0.002073017 -0.000389765 0.999997735 3.604957819
0.999998212 0.000244128 0.001884312 0.037364259 -0.000244759 0.999999940 0.000334560 -0.125591502 -0.001884230 -0.000335020 0.999998152 3.832965374
0.999997437 -0.000294327 0.002247592 0.035783768 0.000293054 0.999999821 0.000566733 -0.137204155 -0.002247759 -0.000566073 0.999997318 4.101077080
0.999996543 -0.000031494 0.002610930 0.035787534 0.000029358 0.999999642 0.000817960 -0.143425107 -0.002610955 -0.000817881 0.999996245 4.352644920
0.999997377 0.000004028 0.002268498 0.049357142 -0.000005474 0.999999762 0.000637034 -0.152341917 -0.002268494 -0.000637045 0.999997258 4.624413013
0.999996483 -0.000058291 0.002632122 0.051458333 0.000055857 0.999999583 0.000924982 -0.163811192 -0.002632175 -0.000924832 0.999996066 4.886455059
0.999996126 -0.000147160 0.002756986 0.053404965 0.000145088 0.999999642 0.000751570 -0.170013294 -0.002757095 -0.000751168 0.999995887 5.116184711
0.999996603 -0.000385786 0.002547718 0.058195051 0.000382753 0.999999166 0.001190982 -0.182295993 -0.002548175 -0.001190003 0.999996006 5.377859592
0.999995887 -0.000286060 0.002856955 0.060457408 0.000283346 0.999999464 0.000950502 -0.189470738 -0.002857225 -0.000949689 0.999995410 5.644393921
0.999996662 -0.000254289 0.002585594 0.073062241 0.000251776 0.999999464 0.000972314 -0.199459359 -0.002585841 -0.000971660 0.999996126 5.944305897
0.999995291 0.000028612 0.003042510 0.072835177 -0.000031524 0.999999464 0.000957103 -0.208274111 -0.003042481 -0.000957195 0.999994934 6.180858135
0.999994516 0.000376174 0.003274468 0.078775696 -0.000379991 0.999999285 0.001164945 -0.217689887 -0.003274027 -0.001166183 0.999993980 6.450903893
0.999994695 -0.000354325 0.003239241 0.080071568 0.000350580 0.999999225 0.001156535 -0.222913668 -0.003239648 -0.001155394 0.999994159 6.741716862
0.999994934 -0.000537037 0.003113978 0.094644576 0.000533892 0.999999285 0.001010900 -0.230183527 -0.003114519 -0.001009233 0.999994636 7.045195103
0.999994993 -0.000244700 0.003143196 0.103407681 0.000241415 0.999999344 0.001045519 -0.240657672 -0.003143450 -0.001044755 0.999994516 7.355596542
0.999994278 0.000405947 0.003339482 0.096603975 -0.000409780 0.999999404 0.001147063 -0.258714974 -0.003339013 -0.001148425 0.999993742 7.657944202
0.999994636 0.000595916 0.003201259 0.110770397 -0.000601122 0.999998569 0.001625283 -0.275120854 -0.003200286 -0.001627198 0.999993563 7.970548630
0.999993742 0.000098055 0.003532569 0.104697824 -0.000102662 0.999999225 0.001303994 -0.281044394 -0.003532438 -0.001304349 0.999992907 8.292318344
0.999994457 0.000384803 0.003308256 0.120939016 -0.000388982 0.999999166 0.001262678 -0.284582764 -0.003307767 -0.001263958 0.999993742 8.632729530
0.999993742 0.000387301 0.003522032 0.116088398 -0.000391896 0.999999106 0.001304160 -0.283922344 -0.003521524 -0.001305533 0.999992907 8.990955353
0.999991834 0.000089206 0.004026509 0.120618924 -0.000095835 0.999998629 0.001646125 -0.316653103 -0.004026357 -0.001646497 0.999990523 9.293883324
0.999993086 0.000082112 0.003708078 0.135459885 -0.000087265 0.999999046 0.001389584 -0.322188646 -0.003707960 -0.001389898 0.999992132 9.636968613
0.999993026 -0.000206485 0.003737646 0.140787646 0.000200505 0.999998689 0.001600406 -0.327909529 -0.003737972 -0.001599645 0.999991715 9.982385635
0.999991179 0.000396377 0.004193762 0.138905302 -0.000402766 0.999998748 0.001522739 -0.339938462 -0.004193153 -0.001524414 0.999990046 10.352681160
0.999991238 0.000344039 0.004179319 0.153913558 -0.000351991 0.999998152 0.001902184 -0.353747308 -0.004178656 -0.001903639 0.999989510 10.715750694
0.999989629 -0.000232444 0.004551674 0.154729694 0.000224679 0.999998510 0.001706578 -0.360053718 -0.004552064 -0.001705537 0.999988198 11.072625160
0.999991536 -0.000061868 0.004096967 0.187359363 0.000053041 0.999997616 0.002154663 -0.404727966 -0.004097091 -0.002154428 0.999989271 11.394861221
0.999992311 -0.000392913 0.003914696 0.199440777 0.000383732 0.999997199 0.002345762 -0.409684151 -0.003915607 -0.002344241 0.999989569 11.788166046
0.999992013 -0.000364136 0.003977183 0.217569679 0.000355557 0.999997675 0.002157341 -0.420890093 -0.003977959 -0.002155910 0.999989748 12.167912483
0.999987662 0.000544938 0.004939179 0.207193494 -0.000554665 0.999997973 0.001968243 -0.430439562 -0.004938096 -0.001970958 0.999985874 12.546887398
0.999990106 -0.000091658 0.004440969 0.226455614 0.000081307 0.999997318 0.002330824 -0.441180289 -0.004441171 -0.002330440 0.999987423 12.928520203
0.999992549 -0.000650178 0.003807503 0.251669109 0.000641125 0.999996960 0.002378240 -0.459929287 -0.003809038 -0.002375781 0.999989927 13.316930771
0.999987781 0.000598732 0.004915678 0.253315419 -0.000609147 0.999997497 0.002117405 -0.470063150 -0.004914399 -0.002120373 0.999985695 13.732837677
0.999987781 0.000238037 0.004939230 0.265060037 -0.000250465 0.999996841 0.002515824 -0.484458804 -0.004938615 -0.002517031 0.999984622 14.148052216
0.999990106 -0.002055991 0.003941286 0.292529106 0.002043014 0.999992430 0.003293656 -0.509199619 -0.003948029 -0.003285571 0.999986768 14.552522659
0.999988198 -0.000983077 0.004747914 0.307613730 0.000965179 0.999992430 0.003770531 -0.546519697 -0.004751584 -0.003765904 0.999981642 14.931503296
0.999986529 -0.000767068 0.005132941 0.318661451 0.000747100 0.999992132 0.003890877 -0.561587095 -0.005135885 -0.003886990 0.999979317 15.352115631
0.999981761 0.000261466 0.006050481 0.329948366 -0.000283289 0.999993384 0.003606332 -0.562834918 -0.006049498 -0.003607979 0.999975264 15.836402893
0.999981940 -0.000452526 0.006007508 0.344896168 0.000427291 0.999991119 0.004201166 -0.579631329 -0.006009356 -0.004198522 0.999973118 16.256265640
0.999977171 0.000213663 0.006755798 0.348211169 -0.000240264 0.999992192 0.003936910 -0.593789756 -0.006754904 -0.003938443 0.999969482 16.699344635
0.999976933 -0.001151450 0.006689730 0.359324515 0.001123263 0.999990463 0.004215699 -0.629398882 -0.006694521 -0.004208089 0.999968648 17.132596970
0.999976933 -0.000579841 0.006763561 0.373335749 0.000551458 0.999991000 0.004197516 -0.639872372 -0.006765933 -0.004193690 0.999968290 17.595399857
0.999973714 -0.001173203 0.007155328 0.386646807 0.001140185 0.999988675 0.004616874 -0.659937501 -0.007160664 -0.004608593 0.999963701 18.058910370
0.999966264 -0.001239474 0.008116154 0.398331732 0.001197792 0.999986053 0.005138470 -0.667037010 -0.008122410 -0.005128575 0.999953806 18.529047012
0.999973655 -0.001929413 0.006987432 0.427632153 0.001896528 0.999987066 0.004709846 -0.676901698 -0.006996430 -0.004696471 0.999964476 18.998941422
0.999972165 -0.000675631 0.007429944 0.430484027 0.000642041 0.999989569 0.004522330 -0.693738699 -0.007432922 -0.004517435 0.999962151 19.443281174
0.999972820 -0.000981022 0.007310340 0.441903710 0.000948822 0.999989867 0.004406870 -0.703669727 -0.007314589 -0.004399813 0.999963582 19.938282013
0.999972641 -0.000832833 0.007345846 0.457625926 0.000794256 0.999985933 0.005252847 -0.724588871 -0.007350117 -0.005246869 0.999959171 20.414367676
0.999973893 -0.001052316 0.007157085 0.471251667 0.001011049 0.999982893 0.005767076 -0.761613011 -0.007163031 -0.005759690 0.999957800 20.915307999
0.999976277 -0.000573149 0.006859495 0.481041044 0.000535635 0.999984860 0.005469462 -0.769990087 -0.006862527 -0.005465657 0.999961436 21.408987045
0.999978065 -0.000335404 0.006610566 0.489666224 0.000302490 0.999987543 0.004979381 -0.776414633 -0.006612154 -0.004977273 0.999965727 21.917264938
0.999980032 -0.000327798 0.006309309 0.506201506 0.000291338 0.999983311 0.005778796 -0.800889850 -0.006311098 -0.005776842 0.999963343 22.432022095
0.999982655 -0.000756997 0.005845490 0.511873126 0.000725761 0.999985397 0.005343756 -0.808300257 -0.005849451 -0.005339419 0.999968648 22.940683365
0.999988794 -0.000803324 0.004694141 0.550679326 0.000776520 0.999983370 0.005709375 -0.832596660 -0.004698650 -0.005705664 0.999972701 23.404680252
0.999990463 -0.001199192 0.004220011 0.554776847 0.001175997 0.999984264 0.005494688 -0.845245481 -0.004226534 -0.005489672 0.999976039 23.937572479
0.999992847 -0.001173204 0.003589963 0.570367277 0.001153459 0.999984205 0.005497220 -0.856686890 -0.003596356 -0.005493039 0.999978423 24.459207535
0.999995768 -0.001019629 0.002730594 0.585785091 0.001004273 0.999983728 0.005619162 -0.865100682 -0.002736279 -0.005616396 0.999980509 25.005359650
0.999997079 -0.001170940 0.002094680 0.596673846 0.001159702 0.999984980 0.005358663 -0.870427370 -0.002100923 -0.005356219 0.999983430 25.537942886
0.999996603 -0.000893300 0.002432693 0.597686589 0.000879817 0.999984384 0.005538098 -0.889236748 -0.002437601 -0.005535939 0.999981701 26.065948486
0.999996781 -0.001049174 0.002304652 0.607585549 0.001034900 0.999980390 0.006185925 -0.902181387 -0.002311097 -0.006183520 0.999978185 26.613054276
0.999997497 -0.001148992 0.001902146 0.619625032 0.001136599 0.999978185 0.006503563 -0.920998394 -0.001909577 -0.006501385 0.999976993 27.136007309
0.999998510 -0.000606390 0.001620332 0.635423481 0.000595705 0.999978065 0.006586828 -0.939773619 -0.001624291 -0.006585853 0.999976993 27.681629181
0.999999166 -0.000765416 0.001059464 0.646161318 0.000758538 0.999978721 0.006476781 -0.943386137 -0.001064399 -0.006475971 0.999978483 28.230554581
0.999998987 -0.000693503 0.001265916 0.647832811 0.000685143 0.999978006 0.006592908 -0.960864425 -0.001270461 -0.006592033 0.999977469 28.739433289
0.999998927 -0.000977067 0.001132564 0.658967614 0.000969722 0.999978662 0.006467929 -0.975343823 -0.001138859 -0.006466823 0.999978483 29.282714844
0.999999881 -0.000304289 0.000649201 0.671732843 0.000300048 0.999978662 0.006522939 -0.985800982 -0.000651174 -0.006522742 0.999978483 29.827749252
1.000000000 0.000391359 0.000417087 0.682757199 -0.000393871 0.999981761 0.006039721 -0.994705677 -0.000414716 -0.006039886 0.999981701 30.374868393
0.999999821 -0.000293245 0.000513424 0.684833765 0.000289687 0.999976039 0.006915566 -1.019366741 -0.000515440 -0.006915417 0.999975979 30.902257919
1.000000000 0.000039517 0.000130326 0.700530946 -0.000040451 0.999974310 0.007176073 -1.037379742 -0.000130039 -0.007176078 0.999974310 31.446048737
0.999999940 -0.000444128 -0.000014552 0.731958330 0.000444219 0.999974966 0.007055418 -1.057254672 0.000011419 -0.007055424 0.999975145 31.982372284
0.999999940 -0.000301705 0.000115767 0.720878839 0.000300895 0.999976039 0.006935640 -1.050269127 -0.000117855 -0.006935607 0.999975920 32.502883911
0.999999940 -0.000163201 0.000422228 0.714341581 0.000160155 0.999974132 0.007204594 -1.066810846 -0.000423393 -0.007204526 0.999973953 33.046195984
0.999999881 -0.000202955 -0.000477793 0.729879975 0.000206320 0.999975026 0.007053963 -1.079371810 0.000476349 -0.007054061 0.999974906 33.584381104
1.000000000 -0.000153904 -0.000282730 0.738193870 0.000156083 0.999970138 0.007724386 -1.100038767 0.000281532 -0.007724428 0.999970078 34.115615845
0.999999642 -0.000634912 -0.000533367 0.757880747 0.000639145 0.999967992 0.007974719 -1.128950715 0.000528287 -0.007975057 0.999968052 34.591835022
0.999999344 -0.000572207 -0.000956721 0.776422501 0.000579849 0.999967813 0.008005911 -1.136675119 0.000952109 -0.008006460 0.999967515 35.130153656
0.999999881 -0.000177007 -0.000410357 0.779117525 0.000180251 0.999968648 0.007916545 -1.156042218 0.000408943 -0.007916616 0.999968588 35.677700043
0.999999642 0.000346683 -0.000773511 0.798215508 -0.000340501 0.999968052 0.007977858 -1.177621722 0.000776252 -0.007977591 0.999967873 36.231861115
0.999999285 0.000644864 -0.000973903 0.804246724 -0.000637556 0.999971747 0.007485767 -1.186802626 0.000978703 -0.007485140 0.999971509 36.787303925
0.999999225 -0.000533668 -0.001177037 0.816520572 0.000543115 0.999967575 0.008040618 -1.198440552 0.001172708 -0.008041252 0.999966919 37.325885773
0.999998450 -0.000608592 -0.001668679 0.846469223 0.000622947 0.999962747 0.008615485 -1.216687679 0.001663373 -0.008616513 0.999961495 37.901199341
0.999997258 -0.001148225 -0.002083046 0.857879937 0.001164908 0.999967039 0.008025407 -1.225696564 0.002073763 -0.008027810 0.999965668 38.463657379
0.999998569 -0.000918094 -0.001415380 0.857304335 0.000930047 0.999963641 0.008467474 -1.240550637 0.001407555 -0.008468778 0.999963164 38.908515930
0.999994934 -0.002555165 -0.001913700 0.879920244 0.002575514 0.999939263 0.010707232 -1.289886236 0.001886226 -0.010712105 0.999940932 39.418403625
0.999997675 -0.001172356 -0.001831481 0.895932138 0.001188961 0.999957860 0.009092031 -1.274441600 0.001820744 -0.009094187 0.999956965 39.998367310
0.999996364 -0.001901541 -0.001927609 0.901597917 0.001920451 0.999949634 0.009856522 -1.305933118 0.001908769 -0.009860188 0.999949574 40.539203644
0.999997556 -0.001280428 -0.001758326 0.918009520 0.001297294 0.999952853 0.009624599 -1.311346173 0.001745917 -0.009626858 0.999952137 41.092086792
0.999997616 -0.001341853 -0.001707897 0.928344965 0.001358270 0.999952555 0.009647544 -1.318169832 0.001694870 -0.009649842 0.999951959 41.646545410
0.999996781 -0.001604475 -0.001941971 0.936921537 0.001624017 0.999947608 0.010103852 -1.336559057 0.001925658 -0.010106974 0.999947011 42.162071228
0.999994874 -0.002284467 -0.002249144 0.945073664 0.002308023 0.999941826 0.010527181 -1.345003128 0.002224965 -0.010532317 0.999942064 42.684936523
0.999995947 -0.001921343 -0.002108309 0.959531069 0.001943221 0.999943793 0.010424698 -1.365502119 0.002088163 -0.010428754 0.999943435 43.241695404
0.999996364 -0.001933998 -0.001885221 0.963176727 0.001953740 0.999942660 0.010526786 -1.377300024 0.001864754 -0.010530431 0.999942839 43.779621124
0.999996662 -0.001850017 -0.001803147 0.976357043 0.001868224 0.999946773 0.010148454 -1.380331159 0.001784274 -0.010151789 0.999946892 44.329334259
0.999997199 -0.001722515 -0.001603154 0.984033167 0.001738584 0.999947846 0.010076771 -1.394008636 0.001585713 -0.010079532 0.999947965 44.870223999
0.999996841 -0.001920720 -0.001603367 0.990306795 0.001937091 0.999945402 0.010272538 -1.406415701 0.001583550 -0.010275612 0.999945998 45.385211945
0.999995589 -0.002261995 -0.001918775 1.015243649 0.002281299 0.999946177 0.010118564 -1.415654778 0.001895782 -0.010122900 0.999946892 45.947048187
0.999996722 -0.001586190 -0.002022414 1.036204696 0.001608239 0.999938786 0.010948167 -1.442212582 0.002004923 -0.010951385 0.999938011 46.482883453
0.999994636 -0.001761085 -0.002758108 1.045798063 0.001789731 0.999944091 0.010418362 -1.437212944 0.002739606 -0.010423245 0.999941826 47.062919617
0.999997795 -0.001440306 -0.001525737 1.028178453 0.001454286 0.999956608 0.009201667 -1.428144932 0.001512418 -0.009203866 0.999956429 47.597965240
0.999994457 -0.002736529 -0.001888373 1.044605255 0.002757552 0.999933362 0.011221513 -1.482808709 0.001857539 -0.011226658 0.999935269 48.104686737
0.999994159 -0.002663201 -0.002149954 1.062407851 0.002686136 0.999938726 0.010736573 -1.490890503 0.002121231 -0.010742285 0.999940097 48.654548645
0.999995768 -0.002220588 -0.001875365 1.069747925 0.002241490 0.999934554 0.011218444 -1.505347967 0.001850330 -0.011222601 0.999935329 49.201370239
0.999994338 -0.002496870 -0.002220247 1.082411647 0.002521086 0.999936640 0.010971461 -1.510073662 0.002192712 -0.010976998 0.999937356 49.742717743
0.999994457 -0.002558995 -0.002136217 1.083111644 0.002583192 0.999931574 0.011402208 -1.528312564 0.002106891 -0.011407663 0.999932706 50.271160126
0.999996364 -0.001895595 -0.001874621 1.089599252 0.001916825 0.999933302 0.011388483 -1.536850691 0.001852907 -0.011392036 0.999933362 50.816410065
0.999994755 -0.002489414 -0.002059253 1.097443342 0.002513400 0.999927998 0.011728432 -1.550397158 0.002029906 -0.011733545 0.999929070 51.352073669
0.999994636 -0.002360924 -0.002244530 1.119678497 0.002387272 0.999927402 0.011809730 -1.566435337 0.002216485 -0.011815025 0.999927700 51.880508423
0.999993026 -0.002904989 -0.002338522 1.138098478 0.002933786 0.999918640 0.012406696 -1.570975542 0.002302290 -0.012413471 0.999920249 52.406028748
0.999995291 -0.002449453 -0.001840163 1.119121790 0.002470401 0.999931157 0.011469186 -1.584781647 0.001811942 -0.011473678 0.999932468 52.967739105
0.999995410 -0.002521411 -0.001694258 1.139926672 0.002541105 0.999927998 0.011723854 -1.600517511 0.001664576 -0.011728103 0.999929786 53.475067139
0.999997199 -0.001990220 -0.001287647 1.143346667 0.002005565 0.999925673 0.012027143 -1.613212347 0.001263614 -0.012029693 0.999926865 54.026874542
0.999997199 -0.001922837 -0.001400915 1.132834554 0.001939506 0.999926150 0.011995910 -1.628919125 0.001377745 -0.011998594 0.999927044 54.528572083
0.999996662 -0.002151628 -0.001410189 1.162811875 0.002168901 0.999921203 0.012363307 -1.639916539 0.001383475 -0.012366324 0.999922514 55.067016602
0.999996185 -0.002138597 -0.001706492 1.171462774 0.002159736 0.999919713 0.012483872 -1.648831606 0.001679655 -0.012487512 0.999920547 55.624759674
0.999996901 -0.002196057 -0.001110147 1.181730509 0.002209314 0.999924541 0.012085752 -1.656325579 0.001083522 -0.012088168 0.999926329 56.150859833
0.999996424 -0.002366308 -0.001349421 1.192114830 0.002382808 0.999920905 0.012359939 -1.669392824 0.001320065 -0.012363109 0.999922633 56.658626556
0.999995232 -0.002730034 -0.001498946 1.205747962 0.002748650 0.999917328 0.012561674 -1.686885357 0.001464528 -0.012565735 0.999919951 57.215141296
0.999998331 -0.001710591 -0.000623604 1.208450198 0.001718017 0.999925196 0.012108728 -1.690584660 0.000602844 -0.012109780 0.999926507 57.745803833
0.999995768 -0.002648795 -0.001209235 1.227877021 0.002663872 0.999916673 0.012640944 -1.705108404 0.001175651 -0.012644113 0.999919355 58.260486603
0.999995768 -0.002795432 -0.000836070 1.231553674 0.002805482 0.999920785 0.012270720 -1.713447332 0.000801704 -0.012273014 0.999924362 58.794517517
0.999996424 -0.002592962 -0.000552116 1.246582508 0.002599726 0.999916971 0.012625752 -1.732194781 0.000519332 -0.012627144 0.999920130 59.328037262
0.999994814 -0.003113650 -0.000865835 1.263364553 0.003124252 0.999916732 0.012525092 -1.732003689 0.000826764 -0.012527732 0.999921203 59.865219116
0.999995232 -0.003019862 -0.000678017 1.276822805 0.003028115 0.999916971 0.012521500 -1.747978806 0.000640148 -0.012523494 0.999921381 60.399974823
0.999996960 -0.002273544 -0.001059155 1.306268930 0.002287630 0.999906361 0.013493826 -1.772973061 0.001028377 -0.013496205 0.999908388 60.924106598
0.999995649 -0.002764224 -0.001040030 1.314497113 0.002778074 0.999904215 0.013559461 -1.793117046 0.001002451 -0.013562293 0.999907553 61.463527679
0.999997377 -0.002241895 -0.000335928 1.316552520 0.002246044 0.999914169 0.012908932 -1.782233238 0.000306959 -0.012909655 0.999916613 62.001708984
0.999998212 -0.001873497 0.000028079 1.316015959 0.001872972 0.999913335 0.013034130 -1.788882256 -0.000052497 -0.013034055 0.999915063 62.552539825
0.999998569 -0.001720554 -0.000037561 1.325043797 0.001720904 0.999908209 0.013438848 -1.807896614 0.000014435 -0.013438893 0.999909699 63.060070038
0.999997497 -0.002217823 -0.000372280 1.333935738 0.002222430 0.999914706 0.012869619 -1.811325788 0.000343708 -0.012870414 0.999917090 63.637321472
0.999996364 -0.002680193 -0.000298313 1.332303762 0.002683843 0.999911904 0.012992537 -1.841159105 0.000263462 -0.012993290 0.999915540 64.206558228
0.999994636 -0.003179006 -0.000709281 1.382259965 0.003188130 0.999907017 0.013258136 -1.837398767 0.000667069 -0.013260326 0.999911845 64.646972656
0.999990880 -0.004196171 -0.000671837 1.402658343 0.004205000 0.999896944 0.013728366 -1.848989964 0.000614161 -0.013731068 0.999905586 65.191360474
0.999994159 -0.003371277 -0.000463921 1.408972263 0.003377395 0.999897838 0.013888731 -1.862236738 0.000417052 -0.013890217 0.999903500 65.720764160
0.999992728 -0.003681802 -0.001001042 1.432018518 0.003694864 0.999903738 0.013373945 -1.860491395 0.000951706 -0.013377546 0.999910057 66.233497620
0.999996364 -0.002718104 -0.000248863 1.431565881 0.002721221 0.999904871 0.013522654 -1.870111227 0.000212083 -0.013523281 0.999908447 66.795616150
0.999993682 -0.003451167 -0.000904953 1.447526574 0.003462784 0.999907315 0.013166585 -1.876795292 0.000859430 -0.013169635 0.999912858 67.326164246
0.999994636 -0.003176147 -0.000743274 1.455745578 0.003185862 0.999904394 0.013456854 -1.884113908 0.000700463 -0.013459150 0.999909222 67.861473083
0.999992073 -0.003884730 -0.000850865 1.490154743 0.003896107 0.999897122 0.013804934 -1.891329527 0.000797147 -0.013808141 0.999904275 68.364135742
0.999991715 -0.003954309 -0.001004143 1.494093657 0.003966843 0.999910176 0.012802886 -1.884405375 0.000953424 -0.012806762 0.999917507 68.947219849
0.999991179 -0.004070451 -0.001088503 1.508696437 0.004084544 0.999903560 0.013274075 -1.895342827 0.001034366 -0.013278402 0.999911308 69.488403320
0.999989271 -0.004547589 -0.000879593 1.536007285 0.004559148 0.999896884 0.013618378 -1.917326450 0.000817572 -0.013622243 0.999906898 69.957702637
0.999990463 -0.004361209 -0.000273660 1.555039287 0.004364535 0.999897599 0.013631105 -1.926382303 0.000214185 -0.013632171 0.999907076 70.486648560
0.999994636 -0.003279680 -0.000138560 1.555208325 0.003281304 0.999895573 0.014070478 -1.947233915 0.000092398 -0.014070856 0.999900997 71.024543762
0.999987960 -0.004791616 -0.001076924 1.586334348 0.004805523 0.999899924 0.013306303 -1.947182417 0.001013057 -0.013311319 0.999910831 71.587882996
0.999988675 -0.004613886 -0.001149524 1.593840361 0.004628089 0.999908924 0.012675822 -1.957389355 0.001090935 -0.012680999 0.999918938 72.143699646
0.999990284 -0.004329423 -0.000827729 1.610179067 0.004339682 0.999908388 0.012821393 -1.965288401 0.000772142 -0.012824862 0.999917388 72.673881531
0.999989212 -0.004545660 -0.000915210 1.623833537 0.004557183 0.999905050 0.013009165 -1.976638317 0.000855988 -0.013013194 0.999914885 73.214988708
0.999987006 -0.005032821 -0.000769475 1.641942739 0.005042644 0.999898195 0.013345951 -1.993064284 0.000702231 -0.013349659 0.999910653 73.744552612
0.999989569 -0.004545704 -0.000472131 1.647756577 0.004551392 0.999907136 0.012839417 -1.995691299 0.000413724 -0.012841431 0.999917448 74.286514282
0.999985278 -0.005368533 -0.000814120 1.660495043 0.005378533 0.999903321 0.012823804 -2.008181572 0.000745196 -0.012827994 0.999917448 74.812934875
0.999983430 -0.005630732 -0.001182183 1.682408452 0.005645419 0.999901950 0.012811910 -2.016056061 0.001109927 -0.012818372 0.999917269 75.346519470
0.999986410 -0.005150201 -0.000707328 1.686736703 0.005158741 0.999906600 0.012655591 -2.029653549 0.000642085 -0.012659069 0.999919653 75.894340515
0.999986708 -0.005050656 -0.001047140 1.706174612 0.005063502 0.999907136 0.012650609 -2.041564703 0.000983149 -0.012655742 0.999919355 76.430160522
0.999988854 -0.004660694 -0.000619943 1.699502707 0.004668075 0.999911070 0.012490820 -2.042208195 0.000561671 -0.012493576 0.999921739 77.007453918
0.999987364 -0.005013063 0.000434791 1.696134567 0.005007084 0.999905467 0.012806975 -2.053269863 -0.000498953 -0.012804638 0.999917805 77.538619995
0.999983430 -0.005750336 -0.000172973 1.712614179 0.005752076 0.999901772 0.012777965 -2.057957888 0.000099477 -0.012778749 0.999918282 78.077171326
0.999986947 -0.005111312 0.000134693 1.727934957 0.005109180 0.999905646 0.012751189 -2.070179224 -0.000199857 -0.012750337 0.999918640 78.617485046
0.999987364 -0.004989526 0.000656014 1.736708760 0.004980929 0.999909282 0.012512234 -2.077057838 -0.000718386 -0.012508809 0.999921441 79.169059753
0.999985039 -0.005214886 0.001616767 1.765288830 0.005194157 0.999907434 0.012570962 -2.094979048 -0.001682172 -0.012562376 0.999919593 79.741264343
0.999982953 -0.005007227 0.002992319 1.772277474 0.004970094 0.999912143 0.012290620 -2.107369423 -0.003053598 -0.012275539 0.999919951 80.285667419
0.999981105 -0.003980689 0.004676941 1.765251279 0.003921941 0.999914229 0.012503825 -2.128634453 -0.004726312 -0.012485248 0.999910891 80.851348877
0.999972582 -0.004275773 0.006049720 1.780427933 0.004198988 0.999911189 0.012648605 -2.130382061 -0.006103266 -0.012622855 0.999901652 81.440902710
0.999948919 -0.004780301 0.008904869 1.803498149 0.004671997 0.999915361 0.012143559 -2.137895823 -0.008962165 -0.012101336 0.999886572 81.995834351
0.999911964 -0.003567244 0.012777690 1.816687584 0.003407842 0.999916375 0.012475091 -2.162155628 -0.012821123 -0.012430452 0.999840558 82.545471191
0.999859750 -0.004088840 0.016241781 1.831204891 0.003888773 0.999916375 0.012330643 -2.169450283 -0.016290842 -0.012265752 0.999792039 83.174339294
0.999786973 -0.003892564 0.020268695 1.871535540 0.003638066 0.999914229 0.012578025 -2.190937042 -0.020315919 -0.012501607 0.999715388 83.711868286
0.999642849 -0.002937304 0.026563389 1.890977025 0.002611195 0.999920845 0.012303036 -2.183837414 -0.026597423 -0.012229280 0.999571443 84.252136230
0.999471605 -0.003838323 0.032276619 1.937108278 0.003456289 0.999923408 0.011883722 -2.177091360 -0.032319762 -0.011765886 0.999408245 84.782646179
0.999255955 -0.008552291 0.037609193 1.913054228 0.008081390 0.999887288 0.012655172 -2.248749733 -0.037713185 -0.012341821 0.999212384 85.504852295
0.998922169 -0.008643941 0.045605611 1.969780087 0.008085499 0.999890268 0.012415349 -2.253603697 -0.045707922 -0.012033221 0.998882413 86.059120178
0.998500764 -0.009022631 0.053988226 2.018474340 0.008340706 0.999882758 0.012842990 -2.268312454 -0.054097772 -0.012373434 0.998458982 86.597396851
0.998089969 -0.009115204 0.061099544 2.072464466 0.008379332 0.999889314 0.012289278 -2.263639927 -0.061204799 -0.011753830 0.998056054 87.172454834
0.997463763 -0.008063205 0.070717461 2.126876831 0.007199865 0.999896526 0.012454707 -2.287166834 -0.070810556 -0.011913964 0.997418642 87.737312317
0.996695340 -0.007776275 0.080857433 2.193413734 0.006747282 0.999892831 0.012991479 -2.303207874 -0.080949791 -0.012402978 0.996641040 88.278671265
0.995906889 -0.007942698 0.090035640 2.234807014 0.006761482 0.999887168 0.013416843 -2.313742638 -0.090132043 -0.012753152 0.995848238 88.772163391
0.995131195 -0.008223864 0.098215565 2.332070827 0.006973982 0.999890387 0.013062448 -2.325123787 -0.098312221 -0.012313896 0.995079458 89.345115662
0.994020462 -0.008214425 0.108884990 2.416033745 0.006873604 0.999895930 0.012683732 -2.327566862 -0.108977862 -0.011859456 0.993973494 89.890495300
0.992820024 -0.008333746 0.119327620 2.498462677 0.006863224 0.999895513 0.012729061 -2.337414742 -0.119421236 -0.011818694 0.992773414 90.439628601
0.991707504 -0.009283701 0.128179759 2.610705376 0.007661667 0.999884248 0.013141657 -2.362767220 -0.128286943 -0.012050609 0.991663814 90.892936707
0.990216851 -0.008548400 0.139275089 2.707873344 0.006807182 0.999892652 0.012973581 -2.361586094 -0.139371067 -0.011898587 0.990168691 91.453216553
0.988396943 -0.007887664 0.151688188 2.803881645 0.005985767 0.999897718 0.012990753 -2.377374172 -0.151775137 -0.011932055 0.988343000 91.981498718
0.986670375 -0.008504558 0.162509322 2.919873238 0.006547078 0.999899507 0.012577090 -2.387031078 -0.162599951 -0.011345482 0.986626863 92.517295837
0.985052109 -0.009828667 0.171975970 3.024132729 0.007697192 0.999885082 0.013056494 -2.390441418 -0.172084555 -0.011537596 0.985014558 93.037704468
0.982901931 -0.010445558 0.183833063 3.155179024 0.008221636 0.999883533 0.012855572 -2.397559881 -0.183945954 -0.011124359 0.982873380 93.570793152
0.980473518 -0.010174795 0.196387440 3.280906677 0.007695699 0.999880791 0.013382492 -2.414499283 -0.196500212 -0.011609842 0.980435014 94.088615417
0.978282750 -0.010957002 0.206985027 3.415109634 0.008415442 0.999877989 0.013155470 -2.416268110 -0.207103938 -0.011127898 0.978255630 94.591659546
0.975408792 -0.010805269 0.220138460 3.555761337 0.008136211 0.999882042 0.013027541 -2.420698166 -0.220253259 -0.010916085 0.975381613 95.144050598
0.972164929 -0.010891135 0.234044269 3.705022812 0.007987767 0.999878943 0.013349570 -2.433699846 -0.234161332 -0.011108494 0.972134292 95.611503601
0.969269753 -0.010868438 0.245759904 3.858335495 0.007692215 0.999873996 0.013880367 -2.446565151 -0.245879754 -0.011563383 0.969231367 96.149322510
0.966048419 -0.010625838 0.258142263 4.030605316 0.007347504 0.999879777 0.013661123 -2.459136963 -0.258256376 -0.011300607 0.966010392 96.676467896
0.962643147 -0.013236980 0.270449549 4.232067108 0.010026527 0.999861836 0.013249001 -2.453240156 -0.270587653 -0.010042391 0.962642968 97.155586243
0.958775222 -0.012442936 0.283893079 4.408096313 0.009016288 0.999869943 0.013373781 -2.460711241 -0.284022570 -0.010262787 0.958762586 97.683845520
0.955515385 -0.012634964 0.294670284 4.589729309 0.009032642 0.999866962 0.013582820 -2.465388775 -0.294802666 -0.010316943 0.955502450 98.184387207
0.951162219 -0.012897548 0.308421940 4.780050278 0.009065834 0.999862909 0.013853437 -2.473535538 -0.308558375 -0.010380763 0.951148808 98.714370728
0.946251214 -0.012151448 0.323204219 4.973293304 0.008094396 0.999870718 0.013893836 -2.486250877 -0.323331326 -0.010530913 0.946227193 99.252830505
0.942716300 -0.013601175 0.333317906 5.178510666 0.009387867 0.999854326 0.014247959 -2.494295359 -0.333463192 -0.010302640 0.942706823 99.698577881
0.938056469 -0.013339730 0.346225500 5.392438889 0.008696286 0.999850214 0.014961709 -2.511059761 -0.346373260 -0.011024053 0.938032031 100.209075928
0.932840824 -0.013184219 0.360047489 5.595941544 0.008202860 0.999848366 0.015359806 -2.520272255 -0.360195398 -0.011374833 0.932807505 100.709922791
0.927980125 -0.014431695 0.372350127 5.802522659 0.009493645 0.999840975 0.015091946 -2.526559114 -0.372508734 -0.010470067 0.927969635 101.183837891
0.923304915 -0.014359779 0.383799165 6.032922745 0.009250859 0.999842405 0.015154154 -2.537227631 -0.383956254 -0.010441435 0.923292220 101.677268982
0.917039335 -0.014380150 0.398537368 6.258522034 0.009019626 0.999841928 0.015322337 -2.536228657 -0.398694783 -0.010456528 0.917024016 102.144630432
0.911580741 -0.014750415 0.410856396 6.511398315 0.009251569 0.999839067 0.015369090 -2.548211575 -0.411017001 -0.010209099 0.911570489 102.628219604
0.906547070 -0.015691295 0.421812862 6.754859924 0.010054809 0.999828041 0.015583779 -2.553689957 -0.421984881 -0.009886183 0.906548977 103.109130859
0.900671840 -0.015163849 0.434235394 7.015930176 0.009135116 0.999830842 0.015967246 -2.553286552 -0.434404016 -0.010414454 0.900657952 103.614723206
0.893636644 -0.015225266 0.448532879 7.271797180 0.009229587 0.999836445 0.015550432 -2.560415745 -0.448696345 -0.009756659 0.893631041 104.102653503
0.887688577 -0.015185481 0.460193723 7.549976349 0.009027751 0.999837935 0.015578627 -2.566900969 -0.460355729 -0.009674457 0.887681842 104.582740784
0.881702960 -0.015578802 0.471547633 7.825355530 0.009166620 0.999831617 0.015892230 -2.570375919 -0.471715927 -0.009689726 0.881697357 105.088485718
0.874304235 -0.015594593 0.485127568 8.110176086 0.009083021 0.999834359 0.015770461 -2.579774380 -0.485293180 -0.009381760 0.874301195 105.549751282
