1.000000000 0.000000000 0.000000000 0.000000000 0.000000000 1.000000000 0.000000000 0.000000000 0.000000000 0.000000000 1.000000000 0.000000000
1.000000000 -0.000028370 -0.000134065 0.003919822 0.000028376 1.000000000 0.000047950 -0.000478019 0.000134064 -0.000047954 1.000000000 -0.000811613
1.000000000 0.000098340 -0.000031057 0.000769627 -0.000098339 1.000000000 0.000031341 -0.000565000 0.000031060 -0.000031338 1.000000000 -0.002775440
1.000000000 -0.000169981 -0.000157408 0.006274376 0.000170000 1.000000000 0.000120509 -0.001713334 0.000157387 -0.000120536 1.000000000 -0.002949600
1.000000000 -0.000147917 -0.000169989 0.003944198 0.000147930 1.000000000 0.000079727 -0.001339197 0.000169978 -0.000079752 1.000000000 -0.002934943
1.000000000 0.000048942 0.000016598 -0.000828289 -0.000048941 1.000000000 -0.000058083 -0.000441731 -0.000016601 0.000058082 1.000000000 -0.002167502
1.000000000 -0.000045726 -0.000095562 0.003134907 0.000045738 1.000000000 0.000130447 -0.002279931 0.000095556 -0.000130451 1.000000000 -0.005560657
1.000000000 -0.000103038 -0.000058944 -0.001040448 0.000103041 1.000000000 0.000061480 0.000249998 0.000058937 -0.000061486 1.000000000 0.003001626
1.000000000 -0.000029841 -0.000073358 0.002254775 0.000029842 1.000000000 0.000018759 -0.002653594 0.000073357 -0.000018762 1.000000000 -0.007122722
1.000000000 -0.000086953 -0.000051600 0.001804331 0.000086958 1.000000000 0.000100481 -0.000608186 0.000051591 -0.000100486 1.000000000 -0.005841050
1.000000000 0.000007371 0.000039437 -0.000210671 -0.000007372 1.000000000 0.000047984 -0.001103133 -0.000039437 -0.000047985 1.000000000 -0.002291983
0.999999940 -0.000228476 -0.000145517 0.001557821 0.000228492 0.999999940 0.000106093 -0.002977263 0.000145493 -0.000106126 1.000000000 -0.008328093
1.000000000 -0.000039263 0.000051927 0.000018854 0.000039259 1.000000000 0.000065843 -0.001664807 -0.000051929 -0.000065841 1.000000000 -0.004084785
1.000000000 -0.000110028 -0.000020340 0.001686860 0.000110031 1.000000000 0.000148474 -0.002638885 0.000020324 -0.000148476 1.000000000 -0.006745527
1.000000000 -0.000167361 -0.000077093 0.001684525 0.000167371 1.000000000 0.000134578 -0.001978717 0.000077071 -0.000134591 1.000000000 -0.006404147
1.000000000 -0.000081190 -0.000080478 0.000736472 0.000081199 1.000000000 0.000112444 -0.001887235 0.000080469 -0.000112450 1.000000000 -0.006134965
0.999999940 -0.000240043 -0.000054760 0.001192224 0.000240048 0.999999940 0.000089455 -0.001809516 0.000054739 -0.000089469 1.000000000 -0.007147359
1.000000000 -0.000022126 -0.000080055 0.002730363 0.000022140 1.000000000 0.000172118 -0.003355511 0.000080051 -0.000172119 1.000000000 -0.010038326
0.999999940 -0.000314703 -0.000056714 0.003304734 0.000314715 0.999999940 0.000212634 -0.004270315 0.000056647 -0.000212652 1.000000000 -0.009262614
1.000000000 -0.000105814 -0.000043904 0.001649654 0.000105818 1.000000000 0.000106142 -0.003532896 0.000043893 -0.000106147 1.000000000 -0.006213577
1.000000000 -0.000074384 -0.000056703 0.003256554 0.000074402 0.999999940 0.000304275 -0.006105525 0.000056681 -0.000304280 0.999999940 -0.008870360
1.000000000 -0.000006456 0.000019492 0.000042771 0.000006454 1.000000000 0.000119563 -0.001289597 -0.000019493 -0.000119563 1.000000000 -0.005374849
1.000000000 -0.000148563 -0.000181029 0.005428631 0.000148609 0.999999940 0.000254876 -0.003702447 0.000180991 -0.000254903 0.999999940 -0.013303347
0.999999940 -0.000294350 -0.000084019 0.000817245 0.000294372 0.999999940 0.000266492 -0.003809561 0.000083940 -0.000266517 0.999999940 -0.006929571
0.999999940 -0.000196572 -0.000179573 0.005489553 0.000196609 0.999999940 0.000203059 -0.003402723 0.000179533 -0.000203094 0.999999940 -0.011773609
1.000000000 -0.000174451 -0.000101503 0.002647030 0.000174478 0.999999940 0.000269709 -0.003772150 0.000101456 -0.000269727 0.999999940 -0.011157538
1.000000000 -0.000116961 -0.000123308 0.001976653 0.000116987 0.999999940 0.000214944 -0.005175231 0.000123283 -0.000214959 0.999999940 -0.011430213
0.999999940 -0.000229586 -0.000124626 0.002881578 0.000229620 0.999999940 0.000270087 -0.004377740 0.000124564 -0.000270116 0.999999940 -0.006651273
1.000000000 -0.000196630 -0.000099288 -0.000400210 0.000196643 1.000000000 0.000137266 0.000395126 0.000099261 -0.000137285 1.000000000 -0.006305625
1.000000000 -0.000046429 -0.000055611 -0.000853797 0.000046440 1.000000000 0.000195446 -0.001097796 0.000055602 -0.000195449 1.000000000 -0.002635738
1.000000000 -0.000136335 -0.000080143 -0.000731023 0.000136352 0.999999940 0.000215211 -0.001536912 0.000080113 -0.000215222 1.000000000 -0.001868012
0.999999940 -0.000313520 -0.000177446 -0.001513617 0.000313565 0.999999940 0.000254519 -0.003195482 0.000177366 -0.000254575 0.999999940 -0.009942100
0.999999940 -0.000361432 -0.000168290 0.002792631 0.000361473 0.999999881 0.000247294 -0.003946037 0.000168200 -0.000247355 0.999999940 -0.008471544
1.000000000 -0.000127851 -0.000146192 0.000726985 0.000127872 1.000000000 0.000146808 -0.001685587 0.000146173 -0.000146827 1.000000000 -0.003380707
1.000000000 -0.000205895 -0.000100836 0.000974300 0.000205910 0.999999940 0.000147603 -0.002768028 0.000100805 -0.000147624 1.000000000 -0.003406284
0.999999940 -0.000288460 -0.000082841 -0.000446958 0.000288462 0.999999940 0.000019443 -0.000962703 0.000082836 -0.000019467 1.000000000 -0.006394308
0.999999940 -0.000248801 -0.000098029 0.002462008 0.000248816 0.999999940 0.000155302 -0.001789134 0.000097990 -0.000155327 1.000000000 -0.008313854
0.999999940 -0.000280594 -0.000154059 0.001386497 0.000280620 0.999999940 0.000171918 -0.001104622 0.000154011 -0.000171961 1.000000000 -0.007617645
0.999999940 -0.000239294 -0.000123771 0.000411313 0.000239330 0.999999940 0.000288600 -0.002706323 0.000123702 -0.000288630 0.999999940 -0.009503129
0.999999940 -0.000327176 -0.000178564 0.003110372 0.000327223 0.999999940 0.000262864 -0.005101952 0.000178478 -0.000262923 0.999999940 -0.008154772
0.999999940 -0.000233165 -0.000164275 0.008168193 0.000233107 0.999999940 -0.000352322 -0.009711036 0.000164358 0.000352284 0.999999940 0.042778190
0.999999940 -0.000225770 -0.000168600 0.006181357 0.000225592 0.999999404 -0.001052254 -0.007233459 0.000168837 0.001052216 0.999999404 0.140396833
0.999999940 -0.000250010 -0.000131479 0.003390866 0.000249842 0.999999166 -0.001270788 -0.013611123 0.000131797 0.001270756 0.999999166 0.260755658
0.999999881 -0.000442896 0.000016350 0.001829896 0.000442916 0.999999106 -0.001266843 -0.018943559 -0.000015789 0.001266850 0.999999225 0.394544750
0.999999940 -0.000181776 -0.000262243 0.014636021 0.000181511 0.999999464 -0.001010843 -0.023547249 0.000262427 0.001010796 0.999999464 0.530084193
1.000000000 -0.000132538 -0.000112541 0.015822265 0.000132427 0.999999523 -0.000986048 -0.028678242 0.000112672 0.000986033 0.999999523 0.690154374
0.999999881 -0.000354000 0.000370891 0.010282343 0.000354298 0.999999642 -0.000802518 -0.031762317 -0.000370606 0.000802649 0.999999583 0.869074225
0.999999821 -0.000493265 -0.000351544 0.028144985 0.000493110 0.999999762 -0.000441625 -0.039569747 0.000351761 0.000441451 0.999999821 1.026635528
0.999999940 -0.000155431 0.000205910 0.024074925 0.000155562 0.999999762 -0.000632330 -0.039969049 -0.000205811 0.000632362 0.999999762 1.204323888
0.999999881 -0.000508397 -0.000145910 0.044548847 0.000508377 0.999999881 -0.000137528 -0.056731880 0.000145979 0.000137454 1.000000000 1.412193894
1.000000000 -0.000139814 0.000022418 0.040871929 0.000139821 0.999999940 -0.000305148 -0.062771522 -0.000022376 0.000305151 0.999999940 1.603832483
0.999998808 -0.000152397 0.001539548 0.001740509 0.000152857 0.999999940 -0.000298903 -0.066801347 -0.001539503 0.000299138 0.999998748 1.758579969
0.999998927 -0.000626254 0.001340101 0.013914498 0.000626240 0.999999821 0.000011278 -0.075391546 -0.001340108 -0.000010438 0.999999106 1.960917711
0.999998391 0.000272987 0.001766476 0.009327500 -0.000272702 0.999999940 -0.000161646 -0.082739361 -0.001766520 0.000161164 0.999998450 2.183811188
0.999998629 0.000284162 0.001630042 0.020293990 -0.000284493 0.999999940 0.000202667 -0.090383276 -0.001629984 -0.000203131 0.999998689 2.405073404
0.999998391 0.000591379 0.001696873 0.024924947 -0.000591424 0.999999881 0.000026323 -0.090131216 -0.001696857 -0.000027327 0.999998629 2.655995846
0.999997199 0.000657166 0.002277975 0.023385517 -0.000657972 0.999999702 0.000353029 -0.101152070 -0.002277743 -0.000354527 0.999997377 2.879179955
0.999997973 0.000150288 0.002013007 0.030236349 -0.000150860 0.999999940 0.000284185 -0.113183692 -0.002012965 -0.000284488 0.999997914 3.092674255
0.999997497 0.000611905 0.002157783 0.033117007 -0.000612199 0.999999881 0.000135700 -0.119252816 -0.002157699 -0.000137020 0.999997675 3.344346762
0.999997675 0.000414614 0.002103479 0.039247230 -0.000415424 0.999999881 0.000384607 -0.127602950 -0.002103319 -0.000385480 0.999997616 3.598178148
0.999997199 0.001127654 0.002094352 0.049201142 -0.001128201 0.999999344 0.000259682 -0.131034464 -0.002094058 -0.000262044 0.999997675 3.836050749
0.999997258 0.000114096 0.002330028 0.040337734 -0.000115191 0.999999881 0.000469883 -0.152350008 -0.002329974 -0.000470150 0.999997199 4.077677250
0.999996424 0.000395460 0.002613469 0.040888689 -0.000397816 0.999999523 0.000901196 -0.160949409 -0.002613112 -0.000902232 0.999996245 4.330685139
0.999997199 0.000299763 0.002323648 0.055207595 -0.000300934 0.999999881 0.000503485 -0.168039054 -0.002323496 -0.000504183 0.999997199 4.602798939
0.999996364 0.000270468 0.002675506 0.050555810 -0.000273631 0.999999225 0.001182027 -0.183238328 -0.002675184 -0.001182755 0.999995708 4.850008488
0.999995470 0.000659112 0.002927662 0.050116889 -0.000663171 0.999998748 0.001385762 -0.194892824 -0.002926746 -0.001387697 0.999994755 5.105340481
0.999996662 0.000332764 0.002563163 0.062334172 -0.000336768 0.999998748 0.001562041 -0.204115853 -0.002562640 -0.001562899 0.999995470 5.380239010
0.999995887 0.000653611 0.002793438 0.065147758 -0.000656652 0.999999166 0.001087943 -0.209736302 -0.002792725 -0.001089772 0.999995530 5.644339561
0.999995947 0.001026887 0.002665328 0.069029093 -0.001029747 0.999998868 0.001071681 -0.217064381 -0.002664225 -0.001074421 0.999995887 5.908029556
0.999995530 0.000998891 0.002818421 0.078959309 -0.001002014 0.999998927 0.001107035 -0.227872729 -0.002817312 -0.001109854 0.999995410 6.181507587
0.999994993 0.001178841 0.002916999 0.075973526 -0.001182139 0.999998629 0.001129218 -0.235462159 -0.002915664 -0.001132661 0.999995112 6.478709698
0.999996662 0.000111479 0.002568058 0.087645307 -0.000115136 0.999998987 0.001423914 -0.252757341 -0.002567897 -0.001424205 0.999995708 6.757072449
0.999997556 -0.000474754 0.002177487 0.109111175 0.000470364 0.999997854 0.002016111 -0.270889938 -0.002178439 -0.002015081 0.999995708 7.035357475
0.999996543 -0.000212323 0.002646163 0.112296864 0.000206975 0.999997973 0.002021014 -0.274297148 -0.002646586 -0.002020459 0.999994516 7.335519791
0.999996662 0.000060127 0.002592486 0.118122771 -0.000064959 0.999998212 0.001863662 -0.287999004 -0.002592369 -0.001863824 0.999994934 7.646677971
0.999997020 0.000077442 0.002431657 0.124355815 -0.000081806 0.999998331 0.001794820 -0.296003878 -0.002431515 -0.001795013 0.999995410 7.978115082
0.999996364 0.000121489 0.002698061 0.128914863 -0.000125159 0.999999106 0.001359984 -0.299466610 -0.002697894 -0.001360316 0.999995351 8.299373627
0.999996245 0.000356964 0.002727467 0.134977311 -0.000359832 0.999999404 0.001051191 -0.295243263 -0.002727090 -0.001052169 0.999995708 8.645563126
0.999995947 0.000091547 0.002841333 0.137806654 -0.000095077 0.999999285 0.001242323 -0.308657438 -0.002841217 -0.001242588 0.999995232 8.976355553
0.999996305 -0.000073853 0.002728432 0.150959060 0.000068622 0.999998152 0.001917204 -0.334558815 -0.002728568 -0.001917010 0.999994457 9.294218063
0.999996066 -0.000764103 0.002707281 0.162400827 0.000758939 0.999997795 0.001907755 -0.341628462 -0.002708733 -0.001905693 0.999994516 9.644005775
0.999996543 -0.000574220 0.002566478 0.164591253 0.000569602 0.999998152 0.001799980 -0.345284760 -0.002567506 -0.001798512 0.999995112 9.990956306
0.999996662 -0.000602681 0.002525320 0.174544245 0.000597487 0.999997675 0.002056787 -0.362651587 -0.002526554 -0.002055270 0.999994755 10.341166496
0.999996066 -0.000709353 0.002703830 0.182026386 0.000702670 0.999996603 0.002471779 -0.375773549 -0.002705574 -0.002469869 0.999993324 10.714978218
0.999996483 -0.000262056 0.002639317 0.190663800 0.000255405 0.999996722 0.002520007 -0.402874172 -0.002639969 -0.002519324 0.999993265 11.066826820
0.999995530 0.000421875 0.002952482 0.191784114 -0.000428757 0.999997139 0.002330656 -0.413959175 -0.002951491 -0.002331911 0.999992847 11.452355385
0.999994934 -0.000208338 0.003159310 0.207198277 0.000199253 0.999995768 0.002875653 -0.424397528 -0.003159896 -0.002875009 0.999990880 11.828499794
0.999993980 0.000365790 0.003432687 0.210269183 -0.000375902 0.999995530 0.002945626 -0.436707169 -0.003431594 -0.002946899 0.999989808 12.191823959
0.999994338 -0.000201913 0.003350210 0.226889074 0.000192399 0.999995947 0.002839804 -0.453450412 -0.003350770 -0.002839144 0.999990344 12.561580658
0.999995053 -0.000402823 0.003126411 0.239968941 0.000393777 0.999995649 0.002893387 -0.461236000 -0.003127563 -0.002892141 0.999990940 12.965547562
0.999994874 0.000236520 0.003197784 0.255714893 -0.000246360 0.999995172 0.003077169 -0.477921188 -0.003197040 -0.003077941 0.999990165 13.364510536
0.999990821 0.000837362 0.004221081 0.263575107 -0.000849605 0.999995410 0.002899415 -0.475387841 -0.004218634 -0.002902974 0.999986827 13.797607422
0.999993026 -0.000183393 0.003713155 0.271023601 0.000170437 0.999993861 0.003489217 -0.509861887 -0.003713773 -0.003488560 0.999986947 14.159615517
0.999993265 -0.000640684 0.003610476 0.283482611 0.000628343 0.999993980 0.003418270 -0.528409779 -0.003612645 -0.003415979 0.999987602 14.579259872
0.999988914 0.000392474 0.004688320 0.288803965 -0.000409294 0.999993563 0.003587186 -0.532843053 -0.004686881 -0.003589065 0.999982536 15.020508766
0.999987245 0.000500233 0.005028133 0.299846828 -0.000518525 0.999993265 0.003637379 -0.536776841 -0.005026280 -0.003639940 0.999980688 15.448216438
0.999989867 -0.001081599 0.004368696 0.330498815 0.001061652 0.999988973 0.004565619 -0.598586380 -0.004373588 -0.004560935 0.999980032 15.870989799
0.999991059 -0.000696119 0.004161506 0.347554922 0.000676988 0.999989212 0.004596854 -0.605450451 -0.004164661 -0.004593996 0.999980807 16.321386337
0.999988198 -0.000944312 0.004746285 0.354538232 0.000924910 0.999991179 0.004088357 -0.611400008 -0.004750106 -0.004083919 0.999980390 16.766366959
0.999985158 -0.000709653 0.005387968 0.365867078 0.000684424 0.999988794 0.004682891 -0.635420620 -0.005391232 -0.004679135 0.999974489 17.228532791
0.999985397 -0.000026102 0.005384934 0.378167331 0.000001360 0.999989450 0.004594541 -0.647315502 -0.005384997 -0.004594467 0.999974906 17.691287994
0.999982774 -0.000655335 0.005840809 0.383370519 0.000627410 0.999988317 0.004781643 -0.659419000 -0.005843875 -0.004777896 0.999971509 18.173107147
0.999980867 -0.000611980 0.006146329 0.401920110 0.000583501 0.999989092 0.004634175 -0.668587327 -0.006149097 -0.004630500 0.999970376 18.630758286
0.999981046 -0.000359602 0.006145395 0.410598427 0.000328279 0.999986947 0.005097270 -0.695867836 -0.006147149 -0.005095156 0.999968112 19.077657700
0.999983251 -0.000751022 0.005748710 0.430503428 0.000719542 0.999984741 0.005476078 -0.709847212 -0.005752735 -0.005471851 0.999968469 19.555458069
0.999980211 -0.000162287 0.006277010 0.437637329 0.000125951 0.999983251 0.005788774 -0.719633460 -0.006277843 -0.005787870 0.999963522 20.044355392
0.999979913 -0.000338282 0.006326148 0.446951210 0.000301083 0.999982655 0.005880241 -0.745107114 -0.006328027 -0.005878218 0.999962628 20.510351181
0.999980390 -0.000444562 0.006244130 0.462224841 0.000406654 0.999981463 0.006070829 -0.759380460 -0.006246713 -0.006068170 0.999962032 21.000591278
0.999983609 -0.000489801 0.005700695 0.473651320 0.000458025 0.999984264 0.005573977 -0.762483120 -0.005703336 -0.005571274 0.999968231 21.506746292
0.999985456 -0.000217390 0.005383828 0.482240796 0.000184109 0.999980867 0.006181420 -0.790715814 -0.005385069 -0.006180339 0.999966323 21.962894440
0.999987841 -0.000042953 0.004940749 0.494317800 0.000009628 0.999977291 0.006744861 -0.805128813 -0.004940926 -0.006744730 0.999965012 22.493865967
0.999988616 0.000489384 0.004750504 0.495287061 -0.000517077 0.999982834 0.005830150 -0.813475728 -0.004747570 -0.005832540 0.999971747 23.008228302
0.999991477 -0.000100651 0.004126960 0.508122504 0.000073629 0.999978662 0.006547248 -0.832846463 -0.004127531 -0.006546888 0.999970078 23.489658356
0.999993384 -0.001430955 0.003347328 0.517065525 0.001409545 0.999978542 0.006389982 -0.850313902 -0.003356399 -0.006385221 0.999973953 24.014755249
0.999995887 -0.000622066 0.002842341 0.527364135 0.000603066 0.999977529 0.006680854 -0.861449420 -0.002846433 -0.006679112 0.999973655 24.543666840
0.999998391 -0.000651728 0.001679968 0.543926179 0.000640574 0.999977827 0.006631416 -0.867597401 -0.001684253 -0.006630330 0.999976695 25.089662552
0.999998629 -0.000415766 0.001592032 0.548958004 0.000405268 0.999978185 0.006588868 -0.881195545 -0.001594737 -0.006588214 0.999977052 25.616470337
0.999998629 -0.000780782 0.001424592 0.561207891 0.000771281 0.999977529 0.006657884 -0.892422795 -0.001429759 -0.006656777 0.999976873 26.166507721
0.999999404 -0.000370731 0.000936460 0.578112066 0.000364169 0.999975443 0.006997858 -0.901801705 -0.000939032 -0.006997513 0.999975085 26.697027206
0.999999523 -0.000649329 0.000611133 0.590346098 0.000644896 0.999973595 0.007227285 -0.921810865 -0.000615810 -0.007226888 0.999973714 27.230611801
0.999999702 0.000618612 0.000443842 0.602541685 -0.000621695 0.999975443 0.006979282 -0.937462926 -0.000439513 -0.006979555 0.999975562 27.782499313
1.000000119 -0.000122666 0.000040573 0.613980472 0.000122361 0.999972463 0.007421752 -0.943624258 -0.000041483 -0.007421748 0.999972403 28.288040161
0.999999762 0.000725471 -0.000004614 0.625712693 -0.000725414 0.999970019 0.007710904 -0.961070716 0.000010208 -0.007710899 0.999970257 28.827167511
0.999999404 0.001007153 0.000231927 0.614014924 -0.001008813 0.999973059 0.007268380 -0.973276556 -0.000224600 -0.007268610 0.999973536 29.406274796
0.999999344 0.000300670 -0.001078321 0.647365451 -0.000292972 0.999974549 0.007132123 -0.978163064 0.001080438 -0.007131804 0.999974012 29.922592163
0.999999523 0.000577242 -0.000795710 0.659488320 -0.000571589 0.999974787 0.007087271 -0.993091285 0.000799781 -0.007086813 0.999974608 30.464561462
0.999998748 0.000200323 -0.001527624 0.665634155 -0.000188828 0.999971688 0.007521493 -1.010284901 0.001529087 -0.007521196 0.999970555 31.003379822
0.999997795 0.000802024 -0.001907366 0.683992922 -0.000787039 0.999968886 0.007844120 -1.029180169 0.001913598 -0.007842602 0.999967515 31.540031433
0.999997795 0.000421396 -0.002064010 0.706046939 -0.000406781 0.999974787 0.007075981 -1.045253396 0.002066940 -0.007075126 0.999972820 32.075267792
0.999997616 0.000462060 -0.002145701 0.705593765 -0.000446423 0.999973357 0.007282446 -1.038196206 0.002149008 -0.007281470 0.999971151 32.605873108
0.999998152 0.000950653 -0.001673516 0.695975661 -0.000939169 0.999976039 0.006849834 -1.048750043 0.001679988 -0.006848250 0.999975085 33.154792786
0.999998689 0.000795809 -0.001447884 0.698441982 -0.000784959 0.999971747 0.007478863 -1.072719455 0.001453796 -0.007477719 0.999970913 33.678867340
0.999995470 0.001742395 -0.002448501 0.734692156 -0.001725332 0.999974251 0.006953826 -1.065782905 0.002460554 -0.006949570 0.999972761 34.248638153
0.999995470 -0.000114657 -0.003010560 0.755787015 0.000137506 0.999971211 0.007590536 -1.098806620 0.003009603 -0.007590916 0.999966681 34.763599396
0.999994755 0.000520793 -0.003183862 0.767898023 -0.000497099 0.999972165 0.007437935 -1.103796482 0.003187647 -0.007436312 0.999967337 35.303337097
0.999993384 0.000140302 -0.003622508 0.774041176 -0.000111549 0.999968588 0.007936205 -1.127704978 0.003623507 -0.007935748 0.999962032 35.846889496
0.999992967 0.000899554 -0.003645902 0.799555600 -0.000871424 0.999969900 0.007709593 -1.146599889 0.003652726 -0.007706361 0.999963641 36.427185059
0.999996185 0.001156017 -0.002507162 0.761025608 -0.001136155 0.999968052 0.007908956 -1.162117720 0.002516224 -0.007906076 0.999965549 36.902721405
0.999996245 0.000741013 -0.002629554 0.775816083 -0.000720698 0.999969959 0.007718285 -1.169742584 0.002635195 -0.007716361 0.999966741 37.465972900
0.999995649 0.001126040 -0.002746778 0.789319992 -0.001103591 0.999966145 0.008160796 -1.187080860 0.002755875 -0.008157729 0.999962926 38.019618988
0.999995410 0.000526733 -0.002996061 0.784831047 -0.000501510 0.999964416 0.008413360 -1.203626633 0.003000386 -0.008411818 0.999960184 38.531974792
0.999994934 0.000576405 -0.003122747 0.798567414 -0.000550978 0.999966681 0.008137234 -1.205833673 0.003127333 -0.008135474 0.999962032 39.078334808
0.999993563 0.000059448 -0.003590953 0.835527778 -0.000026590 0.999958098 0.009149573 -1.229274511 0.003591346 -0.009149417 0.999951780 39.581001282
0.999994814 0.001086742 -0.003039893 0.855050683 -0.001057913 0.999954522 0.009469387 -1.264862776 0.003050046 -0.009466120 0.999950647 40.146564484
0.999991715 0.001497583 -0.003792071 0.883361101 -0.001467324 0.999967158 0.007969950 -1.260686159 0.003803881 -0.007964320 0.999961078 40.739013672
0.999992728 0.001033127 -0.003698537 0.886613250 -0.001000432 0.999960542 0.008830897 -1.277482629 0.003707515 -0.008827132 0.999954164 41.271800995
0.999990165 0.000906747 -0.004349090 0.903676629 -0.000868688 0.999961436 0.008744816 -1.283656836 0.004356852 -0.008740951 0.999952316 41.818534851
0.999990702 0.001861615 -0.003895721 0.910885990 -0.001829244 0.999963939 0.008296548 -1.294319749 0.003911027 -0.008289346 0.999957979 42.346462250
0.999990761 0.001859448 -0.003859933 0.919896841 -0.001828200 0.999965727 0.008083307 -1.301519394 0.003874831 -0.008076179 0.999959886 42.908565521
0.999990046 0.001983791 -0.003992337 0.932807028 -0.001951406 0.999965250 0.008099488 -1.317700624 0.004008265 -0.008091616 0.999959230 43.430526733
0.999991298 0.002025924 -0.003647434 0.937761784 -0.001995810 0.999963999 0.008241122 -1.331148028 0.003663998 -0.008233772 0.999959409 43.969020844
0.999990940 0.001920876 -0.003789192 0.952306390 -0.001890735 0.999966681 0.007941935 -1.335870028 0.003804321 -0.007934700 0.999961197 44.517028809
0.999990225 0.001811359 -0.004027401 0.972741604 -0.001781115 0.999970257 0.007500526 -1.345599890 0.004040867 -0.007493281 0.999963701 45.074333191
0.999991596 0.001602093 -0.003774096 0.976625979 -0.001571717 0.999966443 0.008037825 -1.360027432 0.003786846 -0.008031827 0.999960542 45.580364227
0.999991894 0.001879317 -0.003565565 0.985355437 -0.001849446 0.999963343 0.008362331 -1.385408759 0.003581149 -0.008355667 0.999958694 46.119022369
0.999990225 0.002405663 -0.003734834 1.002585411 -0.002373483 0.999960303 0.008596641 -1.406822085 0.003755366 -0.008587691 0.999956131 46.655422211
0.999986649 0.001336852 -0.004997488 1.027417779 -0.001292467 0.999959767 0.008874257 -1.419689655 0.005009151 -0.008867678 0.999948144 47.223442078
0.999990106 0.002369283 -0.003750465 1.018184304 -0.002337561 0.999961615 0.008440197 -1.425731778 0.003770319 -0.008431347 0.999957323 47.745632172
0.999990404 0.002634628 -0.003487972 1.028446913 -0.002605036 0.999960840 0.008461622 -1.438746929 0.003510129 -0.008452455 0.999958038 48.291648865
0.999989927 0.002243557 -0.003879446 1.038296223 -0.002209014 0.999958098 0.008885474 -1.454914093 0.003899219 -0.008876817 0.999952972 48.833515167
0.999988616 0.002643742 -0.003965955 1.059197068 -0.002609530 0.999959528 0.008606970 -1.458944559 0.003988550 -0.008596522 0.999955118 49.377956390
0.999990046 0.002320200 -0.003791067 1.064779758 -0.002286111 0.999957144 0.008971671 -1.476084948 0.003811721 -0.008962913 0.999952555 49.912506104
0.999989152 0.003506129 -0.003073086 1.064258456 -0.003478087 0.999952734 0.009083441 -1.487281680 0.003104789 -0.009072653 0.999953985 50.456970215
0.999988914 0.002794618 -0.003776182 1.089626312 -0.002760237 0.999954998 0.009079326 -1.497261524 0.003801386 -0.009068802 0.999951661 50.976200104
0.999988198 0.002291751 -0.004284226 1.094747424 -0.002253532 0.999957860 0.008904400 -1.507727861 0.004304452 -0.008894642 0.999951184 51.515769958
0.999989212 0.002803416 -0.003710664 1.110015512 -0.002767915 0.999950707 0.009538438 -1.524136543 0.003737222 -0.009528065 0.999947667 52.035335541
0.999988914 0.003050323 -0.003567342 1.119057536 -0.003017455 0.999953270 0.009182838 -1.531989694 0.003595186 -0.009171975 0.999951482 52.591587067
0.999988317 0.002611089 -0.004048355 1.131355524 -0.002575021 0.999957144 0.008889212 -1.541349888 0.004071392 -0.008878686 0.999952257 53.133144379
0.999986827 0.004422334 -0.002614450 1.125513077 -0.004400962 0.999957204 0.008124571 -1.546300173 0.002650267 -0.008112960 0.999963582 53.645954132
0.999990225 0.003005108 -0.003248621 1.139945984 -0.002975802 0.999955177 0.008988230 -1.570548296 0.003275486 -0.008978477 0.999954283 54.216369629
0.999988854 0.003308701 -0.003376191 1.146868825 -0.003279423 0.999957263 0.008640595 -1.578996062 0.003404636 -0.008629426 0.999956965 54.768943787
0.999989331 0.003457316 -0.003062012 1.154391885 -0.003430050 0.999954760 0.008865781 -1.590601206 0.003092526 -0.008855185 0.999956012 55.294902802
0.999990404 0.003307752 -0.002876781 1.184155107 -0.003279797 0.999947846 0.009668392 -1.613486052 0.002908612 -0.009658864 0.999949157 55.825809479
0.999987781 0.003841728 -0.003102132 1.203306437 -0.003812492 0.999948800 0.009375733 -1.630373001 0.003137992 -0.009363793 0.999951243 56.315734863
0.999986827 0.004179278 -0.002973187 1.220741272 -0.004150041 0.999943614 0.009772615 -1.641904116 0.003013862 -0.009760150 0.999947846 56.841255188
0.999984860 0.005002211 -0.002274034 1.216776013 -0.004981417 0.999946594 0.009059067 -1.644793987 0.002319228 -0.009047604 0.999956369 57.431201935
0.999981105 0.005984976 -0.001349922 1.213993549 -0.005972379 0.999940336 0.009150516 -1.662912726 0.001404606 -0.009142284 0.999957263 57.993228912
0.999987960 0.004453081 -0.002071590 1.240065813 -0.004433860 0.999948025 0.009192292 -1.666634440 0.002112417 -0.009182998 0.999955535 58.439365387
0.999987721 0.004476593 -0.002119206 1.253876805 -0.004457087 0.999948442 0.009121364 -1.681817770 0.002159929 -0.009111809 0.999956071 58.983890533
0.999987125 0.004795914 -0.001618838 1.261415362 -0.004781647 0.999950647 0.008704683 -1.691914797 0.001660505 -0.008696830 0.999960780 59.516735077
0.999985039 0.005167952 -0.001781326 1.285222292 -0.005150904 0.999942124 0.009445724 -1.697557926 0.001830037 -0.009436410 0.999953806 60.018367767
0.999983847 0.005520551 -0.001330733 1.298432350 -0.005508329 0.999944150 0.009019786 -1.712160707 0.001380453 -0.009012313 0.999958396 60.567001343
0.999984920 0.005091482 -0.002061430 1.349958539 -0.005072758 0.999946773 0.008988552 -1.735754609 0.002107085 -0.008977960 0.999957442 61.059349060
0.999985933 0.004247547 -0.003177894 1.399326801 -0.004218162 0.999948859 0.009196926 -1.755017281 0.003216795 -0.009183393 0.999952614 61.584697723
0.999982417 0.005643839 -0.001825486 1.393132925 -0.005627076 0.999943137 0.009061743 -1.736700296 0.001876525 -0.009051311 0.999957263 62.120422363
0.999978662 0.006412490 -0.001244529 1.391513705 -0.006400683 0.999936581 0.009269482 -1.749872804 0.001303890 -0.009261318 0.999956250 62.646324158
0.999978185 0.006204245 -0.002284409 1.409272671 -0.006183066 0.999938965 0.009164419 -1.763842583 0.002341128 -0.009150094 0.999955356 63.169307709
0.999970555 0.007562844 -0.001299651 1.409009457 -0.007551163 0.999933064 0.008769315 -1.767889500 0.001365885 -0.008759241 0.999960721 63.761074066
0.999983907 0.005353079 -0.001852312 1.393953443 -0.005337224 0.999949932 0.008461373 -1.797094345 0.001897514 -0.008451352 0.999962449 64.270935059
0.999975562 0.006807833 -0.001595402 1.488855124 -0.006793186 0.999936223 0.009013830 -1.776353121 0.001656665 -0.009002771 0.999958098 64.728347778
0.999983191 0.005660296 -0.001300801 1.509655595 -0.005648821 0.999946475 0.008662807 -1.782640457 0.001349766 -0.008655313 0.999961674 65.273307800
0.999980450 0.006024727 -0.001661665 1.521882057 -0.006011285 0.999950051 0.007979477 -1.772747636 0.001709656 -0.007969331 0.999966800 65.818862915
0.999982119 0.005532586 -0.002289604 1.546856284 -0.005511613 0.999943674 0.009067652 -1.784681916 0.002339643 -0.009054871 0.999956250 66.327957153
0.999961972 0.008710803 0.000456417 1.554820657 -0.008714695 0.999918222 0.009361837 -1.823940992 -0.000374832 -0.009365458 0.999956071 66.798332214
0.999962687 0.008629163 0.000415208 1.570717216 -0.008632609 0.999920666 0.009168585 -1.835658789 -0.000336057 -0.009171826 0.999957919 67.346649170
0.999962926 0.008560350 0.000944465 1.579862595 -0.008568796 0.999919713 0.009332963 -1.843713045 -0.000864496 -0.009340709 0.999956012 67.862152100
0.999967098 0.008106478 -0.000205602 1.600070238 -0.008104228 0.999924242 0.009259249 -1.855392218 0.000280646 -0.009257276 0.999957085 68.376808167
0.999964297 0.008453334 -0.000030195 1.654332876 -0.008452696 0.999921799 0.009219787 -1.844750643 0.000108130 -0.009219202 0.999957442 68.889068604
0.999937534 0.004836093 0.010075861 1.501327991 -0.004898001 0.999969244 0.006128594 -1.803323746 -0.010045912 -0.006177565 0.999930441 69.366073608
0.999928713 0.005918774 0.010373528 1.505088568 -0.005982919 0.999963105 0.006163394 -1.811630845 -0.010336665 -0.006225021 0.999927223 69.927421570
0.999920011 0.005918413 0.011167631 1.526639700 -0.005983426 0.999965310 0.005797208 -1.829871297 -0.011132930 -0.005863565 0.999920845 70.465629578
0.999933422 0.005598465 0.010087739 1.582131147 -0.005663419 0.999963462 0.006421787 -1.859819889 -0.010051416 -0.006478494 0.999928534 70.975410461
0.999942839 0.004723568 0.009589062 1.595382452 -0.004778386 0.999972403 0.005701753 -1.854050398 -0.009561866 -0.005747248 0.999937713 71.509239197
0.999961495 -0.003569250 0.008006628 1.680006266 0.003536216 0.999985218 0.004136017 -1.878193736 -0.008021273 -0.004107544 0.999959409 72.031227112
0.999960661 -0.003362669 0.008189741 1.693546414 0.003327883 0.999985397 0.004257486 -1.888246298 -0.008203938 -0.004230065 0.999957442 72.588676453
0.999957025 -0.004176348 0.008274958 1.703297138 0.004140613 0.999981999 0.004330730 -1.914882183 -0.008292897 -0.004296280 0.999956369 73.124053955
0.999954104 -0.004408380 0.008500289 1.716184139 0.004368604 0.999979496 0.004692260 -1.932318330 -0.008520799 -0.004654911 0.999952793 73.675498962
0.999959588 -0.002670490 0.008583678 1.741285801 0.002634665 0.999987781 0.004182250 -1.941349030 -0.008594742 -0.004159464 0.999954402 74.200675964
0.999964774 -0.003355169 0.007690588 1.770358205 0.003321893 0.999985099 0.004335471 -1.960950255 -0.007705022 -0.004309771 0.999960959 74.749237061
0.999959588 -0.002781143 0.008549705 1.793316007 0.002743289 0.999986410 0.004436006 -1.991255879 -0.008561926 -0.004412373 0.999953628 75.221038818
0.999958634 -0.003381543 0.008443574 1.811998129 0.003348908 0.999986947 0.003876199 -1.997173309 -0.008456572 -0.003847762 0.999956846 75.770439148
0.999956787 -0.001663594 0.009140718 1.821461082 0.001621169 0.999987900 0.004646710 -2.029938459 -0.009148336 -0.004631689 0.999947429 76.285926819
0.999954045 -0.001509514 0.009467616 1.830072284 0.001462806 0.999986708 0.004938366 -2.039380074 -0.009474944 -0.004924289 0.999943018 76.857971191
0.999953866 -0.000998481 0.009560953 1.849769354 0.000953950 0.999988616 0.004661010 -2.066927195 -0.009565498 -0.004651675 0.999943376 77.380386353
0.999952316 -0.002527308 0.009430490 1.865633488 0.002476432 0.999982357 0.005402656 -2.068957090 -0.009443978 -0.005379045 0.999940932 77.843032837
0.999953449 -0.001815035 0.009472389 1.876713753 0.001764729 0.999984264 0.005316474 -2.076095581 -0.009481887 -0.005299512 0.999940991 78.390289307
0.999950349 -0.001909592 0.009778770 1.901756763 0.001857297 0.999983966 0.005354012 -2.094042540 -0.009788836 -0.005335586 0.999937832 78.936698914
0.999938786 -0.002197973 0.010841914 1.924485207 0.002144618 0.999985576 0.004930289 -2.104704857 -0.010852595 -0.004906735 0.999929070 79.477523804
0.999920785 -0.001360614 0.012511970 1.943470001 0.001294356 0.999985099 0.005302134 -2.132305861 -0.012519000 -0.005285521 0.999907613 80.002571106
0.999907196 -0.001125278 0.013573701 1.974072933 0.001054129 0.999985695 0.005247617 -2.156837940 -0.013579412 -0.005232822 0.999894083 80.512542725
0.999891579 -0.002617569 0.014487303 1.996646166 0.002553239 0.999986768 0.004457138 -2.146413326 -0.014498778 -0.004419664 0.999885142 81.079917908
0.999847233 -0.002640900 0.017277276 2.021954060 0.002568582 0.999987841 0.004206548 -2.161465645 -0.017288174 -0.004161527 0.999841988 81.625732422
0.999784648 -0.001987252 0.020656919 2.052915096 0.001893520 0.999987781 0.004556107 -2.178987265 -0.020665722 -0.004516011 0.999776244 82.203788757
0.999716997 -0.002767332 0.023628853 2.094038486 0.002660455 0.999986112 0.004553369 -2.208933353 -0.023641128 -0.004489217 0.999710381 82.740653992
0.999622166 -0.002916868 0.027331222 2.140481234 0.002797307 0.999986351 0.004411760 -2.227058649 -0.027343718 -0.004333639 0.999616742 83.277717590
0.999422371 -0.001565767 0.033945922 2.156788826 0.001409753 0.999988377 0.004619394 -2.236688614 -0.033952758 -0.004568871 0.999413013 83.808334351
0.999210060 -0.002567442 0.039659582 2.200649738 0.002413846 0.999989390 0.003920250 -2.224155426 -0.039669231 -0.003821420 0.999205530 84.334938049
0.998920381 -0.003374060 0.046332333 2.221081257 0.003188476 0.999986708 0.004078808 -2.261713505 -0.046345476 -0.003926675 0.998917758 84.899559021
0.998533607 -0.003379997 0.054028869 2.294751406 0.003157091 0.999986291 0.004210467 -2.276693106 -0.054042351 -0.004033719 0.998530567 85.438903809
0.998008788 -0.002554731 0.063022524 2.336359024 0.002304990 0.999989271 0.004035110 -2.297022104 -0.063032150 -0.003881808 0.998003960 85.969573975
0.997544587 -0.003329492 0.069955155 2.394554138 0.003058469 0.999987364 0.003980986 -2.300194025 -0.069967538 -0.003757255 0.997542202 86.542869568
0.996914506 -0.003809775 0.078402631 2.469073772 0.003495696 0.999985278 0.004142844 -2.321257353 -0.078417264 -0.003855989 0.996913195 87.091926575
0.996045351 -0.003517981 0.088776670 2.535414219 0.003131869 0.999985039 0.004488178 -2.339199305 -0.088791132 -0.004192393 0.996041477 87.633026123
0.995153487 -0.003497341 0.098271362 2.575183868 0.003033558 0.999983609 0.004868435 -2.350290298 -0.098286793 -0.004546729 0.995147705 88.142280579
0.994283557 -0.001908487 0.106754050 2.738845348 0.001430363 0.999988556 0.004555119 -2.399555206 -0.106761515 -0.004376384 0.994275033 88.834121704
0.993113995 -0.001507826 0.117141515 2.828177452 0.001005654 0.999990046 0.004345870 -2.409192801 -0.117146894 -0.004198140 0.993105650 89.374435425
0.991769493 -0.001042761 0.128031790 2.918491364 0.000421529 0.999988079 0.004879175 -2.435275316 -0.128035337 -0.004785047 0.991758049 89.900436401
0.990644038 -0.002437106 0.136449292 3.013744354 0.001842342 0.999988258 0.004484976 -2.433725357 -0.136458606 -0.004191630 0.990636885 90.410034180
0.989012301 -0.001809828 0.147821814 3.112453461 0.001179703 0.999989808 0.004350298 -2.432861328 -0.147828162 -0.004128113 0.989004433 90.963134766
0.987204671 -0.002793702 0.159433886 3.218247414 0.002074126 0.999986887 0.004679555 -2.453469753 -0.159444898 -0.004288991 0.987197518 91.482765198
0.985376537 -0.003156541 0.170361489 3.335407257 0.002482733 0.999988139 0.004168066 -2.464410067 -0.170372665 -0.003684153 0.985372782 92.021697998
0.983608842 -0.002783079 0.180293545 3.452157021 0.001957468 0.999986708 0.004757019 -2.480700493 -0.180304393 -0.004326125 0.983601332 92.547058105
0.981329501 -0.003301728 0.192305744 3.583608627 0.002483323 0.999986768 0.004496628 -2.492857695 -0.192318067 -0.003935117 0.981324792 93.079132080
0.978759825 -0.002993170 0.204988539 3.720751762 0.002119623 0.999987721 0.004480892 -2.512008190 -0.204999447 -0.003951218 0.978754044 93.610725403
0.976393819 -0.003301984 0.215972751 3.843561172 0.002318254 0.999985695 0.004808053 -2.523953199 -0.215985551 -0.004193871 0.976387560 94.094772339
0.973280907 -0.002396455 0.229605481 3.982717514 0.001355615 0.999988079 0.004690796 -2.534461737 -0.229614004 -0.004254205 0.973272502 94.645767212
0.970047474 -0.003100512 0.242895648 4.147668839 0.001946039 0.999985576 0.004992745 -2.550549984 -0.242907599 -0.004370515 0.970039606 95.128005981
0.967114270 -0.002542979 0.254329681 4.305379868 0.001190459 0.999984264 0.005471756 -2.568182945 -0.254339576 -0.004989044 0.967102110 95.662437439
0.963830888 -0.003022615 0.266497225 4.493606567 0.001642651 0.999984026 0.005400915 -2.590654612 -0.266509295 -0.004767806 0.963820636 96.162078857
0.959974527 -0.003761581 0.280061930 4.656568527 0.002259903 0.999981225 0.005684676 -2.598974705 -0.280078053 -0.004824231 0.959965050 96.671485901
0.956132710 -0.003425829 0.292913914 4.844926834 0.001837797 0.999982059 0.005696519 -2.612083435 -0.292928129 -0.004908312 0.956121802 97.190414429
0.952625751 -0.004810346 0.304107308 5.001329422 0.003295535 0.999979496 0.005494236 -2.622329712 -0.304127485 -0.004231754 0.952621937 97.665237427
0.947996557 -0.004096015 0.318254173 5.193492889 0.002253538 0.999978542 0.006157283 -2.639736652 -0.318272501 -0.005119884 0.947985470 98.193130493
0.942912102 -0.003275540 0.333025336 5.389602661 0.001221544 0.999978840 0.006376883 -2.664063215 -0.333039254 -0.005606036 0.942896247 98.708442688
0.939493954 -0.005187409 0.342526078 5.601196289 0.003482841 0.999978244 0.005591365 -2.644428253 -0.342547685 -0.004060089 0.939491689 99.156242371
0.934816360 -0.005150518 0.355093986 5.823211670 0.003150337 0.999975681 0.006210768 -2.665855885 -0.355117440 -0.004687263 0.934809983 99.665382385
0.929186106 -0.005122863 0.369576722 6.031799316 0.002780862 0.999972463 0.006869436 -2.681427002 -0.369601816 -0.005355241 0.929174900 100.170013428
0.924085200 -0.004895309 0.382155418 6.220544815 0.002486246 0.999973834 0.006797437 -2.707808018 -0.382178813 -0.005331279 0.924073040 100.613464355
0.919177234 -0.004016768 0.393823594 6.449464798 0.001523232 0.999976814 0.006643972 -2.727869987 -0.393841147 -0.005507105 0.919162035 101.098747253
0.912934601 -0.005151638 0.408073127 6.680831909 0.002361728 0.999970198 0.007340305 -2.739759684 -0.408098847 -0.005737460 0.912919700 101.575164795
0.907151997 -0.004867412 0.420774817 6.937438965 0.002011695 0.999971807 0.007230377 -2.756046772 -0.420798182 -0.005712581 0.907136261 102.059799194
0.902372301 -0.006540847 0.430907637 7.195236206 0.003887985 0.999967694 0.007036829 -2.768978596 -0.430939794 -0.004674478 0.902368546 102.523368835
0.896225154 -0.005339226 0.443567276 7.450244904 0.002443085 0.999971747 0.007100436 -2.768433571 -0.443592608 -0.005279917 0.896212935 103.027160645
0.889518440 -0.005855953 0.456861615 7.727191925 0.003016589 0.999971330 0.006944061 -2.782368183 -0.456889153 -0.004798708 0.889510691 103.502441406
0.883486152 -0.006869511 0.468406975 7.987827301 0.003864049 0.999965310 0.007377007 -2.803887844 -0.468441337 -0.004707535 0.883482039 103.960662842
0.877236724 -0.007108472 0.480005622 8.264282227 0.003878483 0.999962628 0.007720455 -2.819694757 -0.480042547 -0.004910971 0.877231479 104.428115845
0.869634151 -0.006881753 0.493648797 8.543186188 0.003827501 0.999966800 0.007197418 -2.824842453 -0.493681878 -0.004369678 0.869631588 104.908111572
0.862426162 -0.007841883 0.506122172 8.840328217 0.004471723 0.999958932 0.007873654 -2.847826242 -0.506163120 -0.004527207 0.862425864 105.334648132
