1.000000000 0.000000000 0.000000000 0.000000000 0.000000000 1.000000000 0.000000000 0.000000000 0.000000000 0.000000000 1.000000000 0.000000000
1.000000000 -0.000012335 -0.000046891 0.000252637 0.000012334 1.000000000 -0.000021653 0.000283623 0.000046891 0.000021653 1.000000000 -0.000376569
1.000000000 0.000011816 0.000079406 -0.000189851 -0.000011817 1.000000000 0.000023507 0.000065193 -0.000079406 -0.000023508 1.000000000 -0.000070452
1.000000000 -0.000046205 0.000031744 0.000295890 0.000046206 1.000000000 -0.000019000 0.000400280 -0.000031744 0.000019002 1.000000000 -0.000336425
1.000000000 -0.000103938 0.000016854 0.000074476 0.000103937 1.000000000 0.000037291 -0.000436587 -0.000016858 -0.000037289 1.000000000 -0.000980979
1.000000000 0.000035096 0.000141284 0.000016697 -0.000035085 1.000000000 -0.000077557 0.001121974 -0.000141286 0.000077553 1.000000000 0.000317256
1.000000000 -0.000106419 0.000065955 0.000350175 0.000106419 1.000000000 -0.000009343 0.000166271 -0.000065954 0.000009350 1.000000000 -0.000566862
1.000000000 0.000048269 0.000090768 -0.000446883 -0.000048278 1.000000000 0.000098013 -0.000363836 -0.000090763 -0.000098017 1.000000000 -0.000450568
1.000000000 -0.000039179 -0.000035866 -0.000181050 0.000039177 1.000000000 -0.000061763 -0.000410627 0.000035868 0.000061762 1.000000000 -0.001507849
1.000000000 -0.000038236 0.000046092 -0.000404708 0.000038233 1.000000000 0.000066367 -0.001314819 -0.000046094 -0.000066365 1.000000000 -0.001961258
1.000000000 0.000060671 0.000058274 -0.001189181 -0.000060676 1.000000000 0.000087726 -0.001046134 -0.000058269 -0.000087729 1.000000000 -0.000827855
1.000000000 -0.000024006 0.000049821 -0.000688629 0.000024003 1.000000000 0.000056990 -0.000880963 -0.000049823 -0.000056989 1.000000000 -0.001908171
1.000000000 0.000027353 0.000004776 -0.000675149 -0.000027353 1.000000000 -0.000076473 -0.000549570 -0.000004778 0.000076473 1.000000000 -0.001798052
1.000000000 -0.000005084 0.000054879 -0.001130139 0.000005085 1.000000000 -0.000004142 0.000497091 -0.000054879 0.000004143 1.000000000 0.000221053
1.000000000 -0.000010528 0.000047957 -0.001841539 0.000010533 1.000000000 -0.000120976 0.000613137 -0.000047955 0.000120976 1.000000000 -0.000617371
1.000000000 0.000198429 0.000002136 -0.000178639 -0.000198429 1.000000000 -0.000126194 0.001818515 -0.000002161 0.000126193 1.000000000 0.002206974
1.000000000 0.000134577 0.000118209 -0.001168660 -0.000134560 1.000000000 -0.000144592 0.002121907 -0.000118228 0.000144576 1.000000000 0.002750194
1.000000000 0.000193380 0.000083799 -0.001281543 -0.000193369 1.000000000 -0.000131866 0.001539669 -0.000083825 0.000131850 1.000000000 0.000608861
0.999999940 0.000249413 0.000160922 -0.001975229 -0.000249396 0.999999940 -0.000108060 0.002074028 -0.000160949 0.000108020 1.000000000 0.002433774
1.000000000 0.000148238 0.000155221 -0.001721173 -0.000148219 1.000000000 -0.000120003 0.001649218 -0.000155239 0.000119980 1.000000000 0.002014595
1.000000000 0.000141647 0.000147658 -0.001623644 -0.000141634 1.000000000 -0.000091157 0.001587338 -0.000147670 0.000091136 1.000000000 0.001718689
1.000000000 0.000189171 0.000075838 -0.001868236 -0.000189162 1.000000000 -0.000108547 0.002160856 -0.000075859 0.000108533 1.000000000 0.001819978
1.000000000 0.000177942 0.000023805 -0.000678222 -0.000177940 1.000000000 -0.000100680 0.002069829 -0.000023823 0.000100675 1.000000000 0.002991669
1.000000000 0.000209186 0.000088307 -0.001708107 -0.000209179 1.000000000 -0.000074178 0.002814781 -0.000088322 0.000074159 1.000000000 0.003604636
0.999999881 0.000445206 0.000067599 -0.002065741 -0.000445205 0.999999881 -0.000019463 0.002212110 -0.000067608 0.000019433 1.000000000 0.003963595
0.999999940 0.000349347 0.000092128 -0.001629530 -0.000349340 0.999999940 -0.000072020 0.002087944 -0.000092153 0.000071988 1.000000000 0.001965686
0.999999940 0.000200459 0.000160062 -0.002195382 -0.000200450 1.000000000 -0.000055770 0.002589086 -0.000160074 0.000055738 1.000000000 0.003788115
0.999999940 0.000238485 0.000220928 -0.002786998 -0.000238486 1.000000000 0.000007759 0.001594744 -0.000220926 -0.000007812 1.000000000 0.002813843
1.000000000 0.000204220 0.000100950 -0.001733329 -0.000204213 1.000000000 -0.000070235 0.002323655 -0.000100964 0.000070214 1.000000000 0.002511792
0.999999940 0.000268147 0.000202465 -0.002584935 -0.000268124 0.999999940 -0.000111513 0.002714521 -0.000202495 0.000111459 1.000000000 0.003339570
0.999999940 0.000212930 0.000195758 -0.001770526 -0.000212928 1.000000000 -0.000010690 0.001875691 -0.000195760 0.000010648 1.000000000 0.003158189
0.999999940 0.000176044 0.000194638 -0.001533861 -0.000176027 1.000000000 -0.000089552 0.003013265 -0.000194654 0.000089517 1.000000000 0.004209160
0.999999940 0.000235539 0.000092084 -0.000820620 -0.000235519 0.999999940 -0.000215334 0.003681763 -0.000092134 0.000215313 1.000000000 0.004181664
0.999999940 0.000242291 0.000207128 -0.001420212 -0.000242274 0.999999940 -0.000081088 0.002076832 -0.000207148 0.000081038 1.000000000 0.001899275
0.999999881 0.000343716 0.000248177 -0.002772626 -0.000343680 0.999999940 -0.000146383 0.002163957 -0.000248228 0.000146298 0.999999940 0.001661087
0.999999940 0.000283359 0.000209537 -0.001667697 -0.000283331 0.999999940 -0.000136806 0.002053410 -0.000209576 0.000136747 0.999999940 0.002546189
1.000000000 0.000158231 0.000121807 -0.000752810 -0.000158226 1.000000000 -0.000040321 0.002187139 -0.000121814 0.000040302 1.000000000 0.002014546
0.999999940 0.000305405 0.000208745 -0.003024776 -0.000305386 0.999999940 -0.000090866 0.003241091 -0.000208773 0.000090802 1.000000000 0.003945270
0.999999881 0.000372795 0.000235254 -0.002314541 -0.000372790 0.999999940 -0.000023109 0.001751999 -0.000235263 0.000023021 1.000000000 0.003128600
0.999999940 0.000281117 0.000133567 -0.000900897 -0.000281107 0.999999940 -0.000080451 0.003383463 -0.000133589 0.000080413 1.000000000 0.003284412
1.000000000 0.000127140 0.000100703 -0.000490294 -0.000127129 1.000000000 -0.000108388 0.001702465 -0.000100717 0.000108375 1.000000000 0.004231635
0.999999881 0.000421599 0.000158778 0.000650591 -0.000421505 0.999999762 -0.000589972 -0.001514566 -0.000159027 0.000589905 0.999999821 0.051116232
0.999999940 0.000384133 0.000074785 0.000053894 -0.000384044 0.999999225 -0.001190221 -0.002509818 -0.000075242 0.001190192 0.999999285 0.137578517
1.000000000 0.000206723 0.000034677 0.003636557 -0.000206672 0.999998868 -0.001478276 -0.007972813 -0.000034982 0.001478269 0.999998927 0.254272074
0.999999881 0.000423689 0.000121352 0.006334790 -0.000423512 0.999998868 -0.001457903 -0.008885596 -0.000121969 0.001457851 0.999998927 0.389273316
0.999999940 0.000057463 0.000278547 0.007130358 -0.000057160 0.999999404 -0.001090385 -0.013611355 -0.000278609 0.001090369 0.999999344 0.537465990
0.999999940 -0.000363795 -0.000051285 0.013455010 0.000363731 0.999999166 -0.001237363 -0.019638404 0.000051735 0.001237344 0.999999225 0.683418155
1.000000000 0.000066776 0.000127080 0.018988525 -0.000066677 0.999999702 -0.000775482 -0.023505192 -0.000127132 0.000775474 0.999999702 0.846023798
0.999999821 0.000237057 0.000538572 0.009380013 -0.000236721 0.999999762 -0.000622671 -0.026951257 -0.000538720 0.000622543 0.999999642 1.021242976
0.999999821 0.000392380 0.000503469 0.014730437 -0.000392002 0.999999642 -0.000750867 -0.026981913 -0.000503763 0.000750670 0.999999583 1.196513772
0.999999166 0.000532815 0.001152513 0.008244430 -0.000532497 0.999999821 -0.000276132 -0.040453803 -0.001152660 0.000275518 0.999999285 1.384149790
0.999998927 -0.001395691 0.000348887 0.027793707 0.001395191 0.999997973 0.001427079 -0.077561870 -0.000350878 -0.001426591 0.999998927 1.625601530
0.999998450 -0.001717744 0.000397708 0.031641796 0.001717055 0.999997020 0.001725683 -0.082570456 -0.000400672 -0.001724997 0.999998450 1.827588201
0.999998271 -0.001809804 0.000383530 0.035289183 0.001808993 0.999996126 0.002102614 -0.090054475 -0.000387334 -0.002101917 0.999997735 2.026445627
0.999998093 -0.001899266 0.000454747 0.034880802 0.001898389 0.999996364 0.001921821 -0.096159317 -0.000458395 -0.001920954 0.999998033 2.240628242
0.999998212 -0.001783067 0.000753915 0.037613429 0.001781479 0.999996245 0.002100489 -0.102763705 -0.000757658 -0.002099142 0.999997497 2.456761837
0.999998808 -0.001400743 0.000634472 0.043616626 0.001399598 0.999997377 0.001800953 -0.103419229 -0.000636993 -0.001800062 0.999998212 2.690040827
0.999998093 -0.001782111 0.000828016 0.049831368 0.001780430 0.999996305 0.002027193 -0.113789856 -0.000831626 -0.002025715 0.999997556 2.913239956
0.999997795 -0.001942170 0.000822127 0.053055800 0.001940331 0.999995649 0.002230827 -0.118728153 -0.000826456 -0.002229227 0.999997139 3.151849747
0.999997854 -0.001900636 0.000854501 0.061494116 0.001898789 0.999995887 0.002158150 -0.126058102 -0.000858600 -0.002156522 0.999997318 3.389665604
0.999997437 -0.001997548 0.001082270 0.060629696 0.001994734 0.999994636 0.002594931 -0.136327058 -0.001087447 -0.002592765 0.999996066 3.632484198
0.999997914 -0.001630688 0.001211341 0.063660249 0.001627160 0.999994338 0.002908536 -0.143588126 -0.001216078 -0.002906559 0.999995053 3.889796972
0.999997973 -0.001772371 0.000956124 0.074871369 0.001769679 0.999994457 0.002809922 -0.145003304 -0.000961098 -0.002808224 0.999995589 4.152633190
0.999997616 -0.001694501 0.001383800 0.079222716 0.001690258 0.999993861 0.003061485 -0.151129022 -0.001388980 -0.003059138 0.999994397 4.406144619
0.999997735 -0.001584167 0.001417055 0.077010669 0.001580570 0.999995530 0.002536284 -0.160139322 -0.001421067 -0.002534039 0.999995708 4.662175655
0.999997854 -0.001336609 0.001584802 0.082839198 0.001332676 0.999996066 0.002479987 -0.165095493 -0.001588111 -0.002477870 0.999995649 4.923597813
0.999997914 -0.000854459 0.001822733 0.089286603 0.000849720 0.999996245 0.002598928 -0.167660907 -0.001824947 -0.002597374 0.999994934 5.180562019
0.999997795 -0.001193950 0.001719401 0.097436443 0.001189714 0.999996185 0.002462887 -0.175009727 -0.001722336 -0.002460836 0.999995530 5.437411785
0.999997020 -0.001323189 0.002009198 0.087388687 0.001317560 0.999995232 0.002800686 -0.185599431 -0.002012894 -0.002798030 0.999994040 5.718508720
0.999997497 -0.001388362 0.001753964 0.093959391 0.001383686 0.999995530 0.002664587 -0.191097081 -0.001757655 -0.002662153 0.999994934 5.990870476
0.999997795 -0.000979527 0.001875723 0.098088667 0.000974682 0.999996245 0.002582497 -0.196139455 -0.001878245 -0.002580663 0.999994934 6.278488159
0.999997973 -0.000882347 0.001807241 0.112061970 0.000877728 0.999996483 0.002554956 -0.199337646 -0.001809489 -0.002553365 0.999995053 6.576435566
0.999998033 -0.001254882 0.001544832 0.115971848 0.001250761 0.999995708 0.002665977 -0.205483809 -0.001548171 -0.002664039 0.999995232 6.881264687
0.999997675 -0.000881133 0.001956271 0.109194010 0.000876260 0.999996543 0.002490662 -0.224003553 -0.001958458 -0.002488942 0.999994993 7.151373863
0.999997735 -0.001696076 0.001257600 0.119794361 0.001692228 0.999993920 0.003055079 -0.235162333 -0.001262774 -0.003052944 0.999994516 7.445477962
0.999996960 -0.001737307 0.001702497 0.127753690 0.001732091 0.999993861 0.003060441 -0.249710202 -0.001707803 -0.003057484 0.999993861 7.730874062
0.999996960 -0.001797079 0.001668257 0.130768284 0.001792565 0.999994814 0.002703624 -0.249898255 -0.001673106 -0.002700626 0.999994993 8.083940506
0.999997139 -0.001198119 0.002051031 0.135424420 0.001192507 0.999995589 0.002735163 -0.260172486 -0.002054298 -0.002732709 0.999994218 8.395974159
0.999997079 -0.000949779 0.002232770 0.133873507 0.000943518 0.999995649 0.002803679 -0.270436168 -0.002235423 -0.002801564 0.999993563 8.715307236
0.999997020 -0.000784946 0.002327703 0.141914874 0.000778203 0.999995589 0.002896518 -0.276626378 -0.002329966 -0.002894698 0.999993086 9.054313660
0.999997318 -0.000738283 0.002211188 0.145224512 0.000731937 0.999995649 0.002869014 -0.287097275 -0.002213296 -0.002867387 0.999993443 9.388143539
0.999997020 -0.000261865 0.002452016 0.154616743 0.000255060 0.999996126 0.002775224 -0.296569139 -0.002452733 -0.002774590 0.999993086 9.730547905
0.999997139 -0.000875988 0.002222187 0.161243230 0.000869452 0.999995410 0.002940549 -0.308437496 -0.002224753 -0.002938609 0.999993145 10.071121216
0.999997020 -0.000733865 0.002332831 0.168474704 0.000727462 0.999995947 0.002744749 -0.316697598 -0.002334836 -0.002743043 0.999993503 10.425961494
0.999997497 -0.000595251 0.002145387 0.179143041 0.000589013 0.999995589 0.002907138 -0.329358697 -0.002147108 -0.002905867 0.999993503 10.777867317
0.999996960 -0.001227453 0.002145888 0.195644215 0.001221880 0.999995887 0.002596613 -0.328715742 -0.002149066 -0.002593983 0.999994397 11.168145180
0.999996781 -0.000917651 0.002420854 0.194781289 0.000909090 0.999993265 0.003535271 -0.348673642 -0.002424082 -0.003533059 0.999990821 11.517388344
0.999997973 -0.000324909 0.002027306 0.207806811 0.000318259 0.999994457 0.003280021 -0.352557182 -0.002028361 -0.003279368 0.999992549 11.901823997
0.999997497 -0.000199935 0.002221415 0.213593289 0.000191265 0.999992371 0.003902102 -0.371576130 -0.002222178 -0.003901668 0.999989867 12.278340340
0.999995828 -0.000474558 0.002832385 0.216479152 0.000463049 0.999991655 0.004062650 -0.383844048 -0.002834289 -0.004061321 0.999987721 12.686996460
0.999995708 -0.000241843 0.002907175 0.218544006 0.000229969 0.999991655 0.004084030 -0.394370288 -0.002908138 -0.004083344 0.999987423 13.054416656
0.999996364 -0.000655314 0.002622825 0.237442404 0.000644911 0.999991894 0.003964933 -0.403684676 -0.002625402 -0.003963227 0.999988675 13.456262589
0.999994755 0.000078722 0.003243644 0.237984195 -0.000092630 0.999990821 0.004287607 -0.415346503 -0.003243276 -0.004287885 0.999985576 13.858757019
0.999994636 0.000047635 0.003265277 0.242822453 -0.000062635 0.999989450 0.004593729 -0.423234165 -0.003265023 -0.004593909 0.999984145 14.295820236
0.999993503 -0.000177146 0.003595127 0.252613693 0.000160980 0.999989867 0.004496737 -0.441460699 -0.003595888 -0.004496129 0.999983430 14.672054291
0.999995291 -0.000747651 0.002959102 0.267365456 0.000733958 0.999988973 0.004625740 -0.452367276 -0.002962528 -0.004623546 0.999984920 15.100707054
0.999993265 -0.000430235 0.003638290 0.277719855 0.000412790 0.999988437 0.004794191 -0.466112643 -0.003640310 -0.004792656 0.999981940 15.539008141
0.999989450 -0.000009767 0.004599956 0.282292277 -0.000013396 0.999987245 0.005035493 -0.473511845 -0.004599947 -0.005035500 0.999976814 15.993111610
0.999987423 0.000102647 0.005012719 0.283491969 -0.000128806 0.999986351 0.005218502 -0.496259898 -0.005012116 -0.005219081 0.999973834 16.404737473
0.999986053 0.000293088 0.005276904 0.292499244 -0.000318533 0.999988377 0.004821711 -0.504140079 -0.005275429 -0.004823324 0.999974489 16.855979919
0.999984801 -0.000073880 0.005517859 0.306560546 0.000045585 0.999986827 0.005127900 -0.516021967 -0.005518164 -0.005127570 0.999971628 17.309146881
0.999982834 -0.000514259 0.005839535 0.304611385 0.000482517 0.999985099 0.005435764 -0.536655366 -0.005842244 -0.005432853 0.999968171 17.730216980
0.999983072 -0.000266328 0.005814233 0.320331275 0.000233868 0.999984443 0.005582853 -0.549230754 -0.005815630 -0.005581399 0.999967515 18.198108673
0.999982893 -0.000826402 0.005784229 0.339242101 0.000796659 0.999986410 0.005142653 -0.552669704 -0.005788399 -0.005137957 0.999970078 18.673011780
0.999979436 0.000077139 0.006407060 0.337262750 -0.000111404 0.999985695 0.005347914 -0.566960692 -0.006406555 -0.005348518 0.999965131 19.152275085
0.999979854 -0.000088747 0.006349766 0.345551878 0.000054724 0.999985635 0.005358196 -0.583738625 -0.006350151 -0.005357741 0.999965489 19.602907181
0.999976873 0.000018621 0.006797137 0.352049589 -0.000053625 0.999986768 0.005149761 -0.592655897 -0.006796951 -0.005150006 0.999963701 20.088830948
0.999980807 -0.000863586 0.006136716 0.377292275 0.000832042 0.999986470 0.005140975 -0.603928924 -0.006141073 -0.005135771 0.999967933 20.581773758
0.999985576 -0.001450423 0.005170907 0.393408746 0.001423184 0.999985099 0.005267570 -0.612111747 -0.005178471 -0.005260135 0.999972761 21.085391998
0.999984264 -0.000085285 0.005602987 0.374846786 0.000055083 0.999985397 0.005390155 -0.629495740 -0.005603366 -0.005389761 0.999969780 21.556867599
0.999989688 -0.000976788 0.004441057 0.395186007 0.000950052 0.999981403 0.006018340 -0.641910911 -0.004446853 -0.006014059 0.999972045 22.076778412
0.999988496 -0.000587131 0.004762408 0.399427742 0.000559522 0.999982953 0.005796711 -0.659103394 -0.004765732 -0.005793979 0.999971807 22.557401657
0.999988973 0.000070101 0.004686588 0.407066643 -0.000097793 0.999982476 0.005908601 -0.672869205 -0.004686093 -0.005908994 0.999971569 23.087688446
0.999991953 -0.000141972 0.004010695 0.408575296 0.000115665 0.999978483 0.006558713 -0.692277670 -0.004011539 -0.006558196 0.999970496 23.585721970
0.999994457 -0.002320433 0.002398755 0.437360376 0.002305223 0.999977291 0.006323994 -0.709308207 -0.002413375 -0.006318429 0.999977171 24.148160934
0.999995887 -0.000711854 0.002770854 0.429373771 0.000694500 0.999980152 0.006259148 -0.718051076 -0.002775255 -0.006257198 0.999976516 24.617137909
0.999996066 0.000777207 0.002716369 0.437354267 -0.000794227 0.999980032 0.006270458 -0.721735477 -0.002711441 -0.006272590 0.999976635 25.169176102
0.999997437 0.000660798 0.002139597 0.439904928 -0.000675547 0.999975979 0.006900269 -0.743932366 -0.002134986 -0.006901696 0.999973953 25.694269180
0.999998689 0.000709576 0.001484046 0.458107769 -0.000719831 0.999975860 0.006921482 -0.755816221 -0.001479099 -0.006922542 0.999974966 26.252689362
0.999999404 -0.000045533 0.001076644 0.464559644 0.000038381 0.999977887 0.006642415 -0.761497021 -0.001076923 -0.006642370 0.999977350 26.777435303
0.999999642 -0.000656671 0.000494687 0.479544789 0.000653199 0.999975443 0.006987391 -0.775648117 -0.000499263 -0.006987065 0.999975443 27.334390640
0.999999523 0.000735720 0.000572324 0.487840950 -0.000739532 0.999977410 0.006688321 -0.783682048 -0.000567390 -0.006688742 0.999977469 27.890781403
0.999999762 0.000681438 -0.000056630 0.491309136 -0.000681057 0.999978721 0.006475642 -0.796543837 0.000061041 -0.006475601 0.999979019 28.402982712
0.999999762 0.000620477 0.000251346 0.501208544 -0.000622169 0.999976754 0.006788597 -0.809320569 -0.000247128 -0.006788751 0.999976933 28.965662003
0.999999046 0.001423024 -0.000195800 0.509689331 -0.001421804 0.999980390 0.006098419 -0.814140558 0.000204475 -0.006098135 0.999981403 29.501901627
0.999999225 0.000863585 -0.000860110 0.505702436 -0.000857997 0.999978662 0.006475670 -0.835981846 0.000865684 -0.006474927 0.999978662 30.010673523
0.999999106 0.000825572 -0.001078042 0.525406420 -0.000818064 0.999975562 0.006946283 -0.850156426 0.001083751 -0.006945394 0.999975324 30.550722122
0.999998510 0.000743642 -0.001580776 0.544386029 -0.000732369 0.999974430 0.007119693 -0.855320573 0.001586030 -0.007118525 0.999973416 31.112146378
0.999997973 0.001796239 -0.000908792 0.526282668 -0.001790414 0.999978125 0.006370816 -0.875745416 0.000920215 -0.006369176 0.999979317 31.623123169
0.999997258 0.001884551 -0.001366793 0.541626751 -0.001876574 0.999981344 0.005814208 -0.886971891 0.001377725 -0.005811628 0.999982238 32.169612885
0.999995470 0.002504847 -0.001726267 0.550811350 -0.002493994 0.999977350 0.006260882 -0.891488850 0.001741910 -0.006256547 0.999978900 32.732425690
0.999997318 0.001830931 -0.001402944 0.540600181 -0.001821480 0.999975860 0.006707395 -0.910844862 0.001415192 -0.006704823 0.999976516 33.230094910
0.999997258 0.002060338 -0.001166478 0.552053571 -0.002051765 0.999971151 0.007303188 -0.924450636 0.001181492 -0.007300774 0.999972701 33.781986237
0.999995708 0.002066728 -0.002085780 0.567526281 -0.002051886 0.999972761 0.007092756 -0.932003438 0.002100382 -0.007088445 0.999972701 34.318939209
0.999995887 0.002620889 -0.001191419 0.560677350 -0.002612565 0.999972582 0.006935306 -0.953087330 0.001209563 -0.006932165 0.999975204 34.848445892
0.999996483 0.001712712 -0.001981398 0.572123051 -0.001698974 0.999974668 0.006914552 -0.951687038 0.001993191 -0.006911162 0.999974132 35.358661652
0.999996483 0.001573394 -0.002136594 0.582998514 -0.001558880 0.999975801 0.006777856 -0.959147334 0.002147208 -0.006774502 0.999974728 35.907508850
0.999995351 0.002359076 -0.001916331 0.586879313 -0.002346066 0.999974430 0.006763337 -0.976177871 0.001932237 -0.006758809 0.999975264 36.484367371
0.999995947 0.001928402 -0.002116228 0.601105094 -0.001914844 0.999977827 0.006390226 -0.981251597 0.002128504 -0.006386147 0.999977350 37.010810852
0.999995470 0.002489460 -0.001698764 0.576368570 -0.002477938 0.999974072 0.006751119 -1.004974842 0.001715527 -0.006746879 0.999975741 37.463558197
0.999996006 0.002150221 -0.001847268 0.588593483 -0.002137465 0.999974012 0.006879520 -1.018095970 0.001862012 -0.006875544 0.999974549 38.009517670
0.999994278 0.003260631 -0.000980828 0.590695798 -0.003254472 0.999975443 0.006217545 -1.019954324 0.001001077 -0.006214318 0.999980152 38.573062897
0.999994695 0.002708065 -0.001822581 0.595541716 -0.002696838 0.999977529 0.006135052 -1.024013042 0.001839154 -0.006130104 0.999979436 39.068264008
0.999993443 0.003329825 -0.001432882 0.601288140 -0.003321246 0.999976814 0.005948616 -1.034392118 0.001452656 -0.005943818 0.999981284 39.617580414
0.999993324 0.003025160 -0.002071362 0.626722634 -0.003012124 0.999975801 0.006267735 -1.053310871 0.002090273 -0.006261453 0.999978185 40.148620605
0.999993324 0.003182190 -0.001780361 0.610785246 -0.003171857 0.999978304 0.005777361 -1.054153919 0.001798707 -0.005771676 0.999981642 40.661510468
0.999991536 0.003393295 -0.002302025 0.629278421 -0.003380829 0.999979794 0.005397655 -1.054741859 0.002320295 -0.005389827 0.999982715 41.194591522
0.999992013 0.002871353 -0.002760069 0.646427155 -0.002856486 0.999981523 0.005375283 -1.077962875 0.002775453 -0.005367356 0.999981761 41.725193024
0.999992430 0.003281674 -0.002091981 0.630926311 -0.003269948 0.999979019 0.005584294 -1.085560918 0.002110263 -0.005577410 0.999982238 42.222885132
0.999991953 0.003709801 -0.001531783 0.632021070 -0.003701097 0.999977231 0.005646692 -1.093753219 0.001552697 -0.005640978 0.999982893 42.782302856
0.999993384 0.003110624 -0.001894453 0.651827276 -0.003100327 0.999980569 0.005413818 -1.111108780 0.001911256 -0.005407908 0.999983549 43.310855865
0.999992728 0.003225780 -0.002035363 0.662154198 -0.003216291 0.999984086 0.004648254 -1.108768463 0.002050325 -0.004641674 0.999987185 43.862415314
0.999991179 0.003790559 -0.001798677 0.635035634 -0.003780408 0.999977112 0.005613795 -1.129320860 0.001819916 -0.005606947 0.999982595 44.325389862
0.999992788 0.003385680 -0.001696295 0.647195280 -0.003375057 0.999974966 0.006226010 -1.142844558 0.001717332 -0.006220240 0.999979198 44.878898621
0.999990225 0.004059606 -0.001718113 0.656562924 -0.004050297 0.999977231 0.005386958 -1.153896332 0.001739943 -0.005379946 0.999984026 45.434936523
0.999990523 0.004068473 -0.001543568 0.649001718 -0.004061020 0.999980152 0.004801966 -1.162882090 0.001563074 -0.004795652 0.999987245 45.998226166
0.999988317 0.004789962 -0.000587611 0.617941320 -0.004786356 0.999970615 0.005992173 -1.176517963 0.000616296 -0.005989292 0.999981880 46.432708740
0.999988556 0.004600208 -0.001297900 0.631912410 -0.004592378 0.999971569 0.005973281 -1.186828732 0.001325342 -0.005967253 0.999981344 46.986972809
0.999982238 0.005920834 -0.000692069 0.636897206 -0.005916927 0.999967337 0.005516241 -1.197875738 0.000724707 -0.005512049 0.999984562 47.536502838
0.999989927 0.004483986 -0.000550077 0.639688790 -0.004480583 0.999971747 0.006039625 -1.209284544 0.000577143 -0.006037098 0.999981582 48.028469086
0.999992192 0.003829505 -0.000970184 0.652243733 -0.003823652 0.999974906 0.005964390 -1.218501091 0.000993000 -0.005960635 0.999981761 48.577491760
0.999990702 0.004286118 -0.000498491 0.663566470 -0.004283179 0.999974251 0.005759191 -1.227485657 0.000523163 -0.005757003 0.999983311 49.125732422
0.999987960 0.004904437 0.000159660 0.653529465 -0.004905321 0.999969304 0.006104856 -1.233712196 -0.000129714 -0.006105565 0.999981403 49.700725555
0.999991059 0.004217687 -0.000212732 0.657005489 -0.004216425 0.999975324 0.005612194 -1.254445553 0.000236397 -0.005611247 0.999984205 50.137207031
0.999989748 0.004528751 0.000041322 0.666213632 -0.004528918 0.999970734 0.006165260 -1.269310713 -0.000013400 -0.006165384 0.999980986 50.691253662
0.999984324 0.005605370 -0.000027757 0.673355639 -0.005605126 0.999968648 0.005601491 -1.276629686 0.000059155 -0.005601248 0.999984324 51.236541748
0.999984562 0.005541024 0.000378770 0.687709391 -0.005543141 0.999967635 0.005830955 -1.290165544 -0.000346448 -0.005832964 0.999982953 51.758609772
0.999986649 0.005170471 0.000132253 0.680763483 -0.005171115 0.999971807 0.005441137 -1.293112397 -0.000104116 -0.005441748 0.999985158 52.258918762
0.999984205 0.005610078 0.000408583 0.687307060 -0.005612278 0.999968529 0.005599934 -1.306779146 -0.000377154 -0.005602139 0.999984205 52.810611725
0.999986589 0.005175641 0.000251462 0.703703046 -0.005176938 0.999971509 0.005467378 -1.323005438 -0.000223158 -0.005468606 0.999985039 53.321525574
0.999981999 0.005990388 0.000052252 0.709698617 -0.005990580 0.999968112 0.005270974 -1.331014395 -0.000020675 -0.005271193 0.999986112 53.868312836
0.999983490 0.005733639 0.000436575 0.720358014 -0.005735791 0.999970555 0.005098287 -1.339058161 -0.000407330 -0.005100707 0.999986947 54.434822083
0.999987543 0.004993135 0.000095983 0.732213080 -0.004993556 0.999974847 0.005038945 -1.350703359 -0.000070821 -0.005039361 0.999987245 54.914947510
0.999985933 0.005291479 0.000111909 0.736497998 -0.005291976 0.999973357 0.005028519 -1.358816147 -0.000085298 -0.005029040 0.999987364 55.469554901
0.999988317 0.004818792 -0.000072724 0.749983430 -0.004818360 0.999975324 0.005099459 -1.376752257 0.000097295 -0.005099050 0.999987006 55.984661102
0.999985695 0.005339149 -0.000168217 0.763883770 -0.005338198 0.999972165 0.005217571 -1.390819788 0.000196070 -0.005216599 0.999986351 56.520217896
0.999983847 0.005680444 0.000176974 0.769601345 -0.005681135 0.999975085 0.004171678 -1.397189736 -0.000153273 -0.004172617 0.999991298 57.078685760
0.999988556 0.004776562 0.000118079 0.772294819 -0.004777096 0.999975860 0.005042741 -1.404696941 -0.000093989 -0.005043247 0.999987304 57.561759949
0.999985754 0.005304853 0.000560837 0.776984096 -0.005307534 0.999974012 0.004891217 -1.414403915 -0.000534876 -0.004894122 0.999987900 58.104640961
0.999985456 0.005332657 0.000716939 0.791382015 -0.005335842 0.999975443 0.004515773 -1.428320050 -0.000692841 -0.004519532 0.999989569 58.650165558
0.999987721 0.004954378 -0.000092954 0.797675312 -0.004953889 0.999976695 0.004695852 -1.439293861 0.000116216 -0.004695334 0.999988973 59.140266418
0.999987066 0.005090971 0.000304456 0.804416120 -0.005092377 0.999975502 0.004806909 -1.447693348 -0.000279976 -0.004808397 0.999988437 59.695682526
0.999984145 0.005629603 0.000196753 0.819680750 -0.005630457 0.999973357 0.004661889 -1.463291049 -0.000170503 -0.004662923 0.999989152 60.247039795
0.999983549 0.005724807 0.000309845 0.823279142 -0.005726092 0.999974251 0.004320934 -1.463201404 -0.000285100 -0.004322638 0.999990642 60.755001068
0.999982834 0.005838173 0.000332833 0.832102776 -0.005839641 0.999972343 0.004592589 -1.478208780 -0.000306011 -0.004594455 0.999989390 61.300693512
0.999986649 0.005176808 0.000135901 0.847016752 -0.005177332 0.999977767 0.004204525 -1.493068933 -0.000114132 -0.004205172 0.999991179 61.845310211
0.999979973 0.006310860 0.000452632 0.839824498 -0.006312859 0.999969721 0.004553021 -1.504895926 -0.000423885 -0.004555787 0.999989510 62.350612640
0.999977291 0.006691636 0.000786354 0.849410653 -0.006694694 0.999969840 0.003952919 -1.520380974 -0.000759879 -0.003958094 0.999991894 62.901695251
0.999976337 0.006824973 0.000864209 0.864605188 -0.006828703 0.999967039 0.004389654 -1.538153648 -0.000834222 -0.004395452 0.999989927 63.439617157
0.999980271 0.006231318 0.000808445 0.852632701 -0.006234352 0.999973297 0.003808982 -1.538754940 -0.000784688 -0.003813947 0.999992430 63.931739807
0.999982119 0.005953249 0.000642375 0.865246773 -0.005956012 0.999972641 0.004391280 -1.557284594 -0.000616215 -0.004395027 0.999990165 64.467735291
0.999981046 0.006057574 0.001070965 0.869640231 -0.006062232 0.999971926 0.004402636 -1.571713567 -0.001044266 -0.004409045 0.999989748 65.003181458
0.999977410 0.006680513 0.000635900 0.895306349 -0.006683112 0.999968886 0.004179078 -1.591328502 -0.000607962 -0.004183234 0.999991119 65.513931274
0.999983251 0.005725266 0.000988426 0.871750474 -0.005729345 0.999974847 0.004175818 -1.588003278 -0.000964493 -0.004181411 0.999990821 66.054740906
0.999975085 0.006921967 0.001405030 0.879888237 -0.006927099 0.999969184 0.003681539 -1.598365545 -0.001379504 -0.003691180 0.999992311 66.598876953
0.999979019 0.006375707 0.001161941 0.896146178 -0.006379804 0.999973297 0.003558477 -1.613424659 -0.001139222 -0.003565816 0.999993026 67.135810852
0.999977469 0.006572857 0.001416153 0.921981156 -0.006578618 0.999969959 0.004102080 -1.637546897 -0.001389148 -0.004111304 0.999990582 67.672180176
0.999984205 0.005501176 0.001111812 0.895075917 -0.005505256 0.999978006 0.003699170 -1.620859861 -0.001091438 -0.003705232 0.999992490 68.170761108
0.999982297 0.005827211 0.001204939 0.907821059 -0.005832152 0.999974489 0.004138263 -1.636021852 -0.001180793 -0.004145218 0.999990702 68.720550537
0.999989450 0.004392494 0.001330150 0.923242152 -0.004396749 0.999985218 0.003212214 -1.644624233 -0.001316021 -0.003218028 0.999993920 69.273445129
0.999989033 0.004593447 0.000956905 0.932262361 -0.004596883 0.999982893 0.003618439 -1.666903019 -0.000940268 -0.003622798 0.999992967 69.795036316
0.999978423 0.006326791 0.001752333 0.926230252 -0.006333268 0.999972999 0.003716487 -1.678635120 -0.001728773 -0.003727504 0.999991536 70.221466064
0.999974132 0.006901362 0.002010674 0.936594009 -0.006909708 0.999967396 0.004174322 -1.695319891 -0.001981800 -0.004188107 0.999989212 70.776268005
0.999970019 0.007394549 0.002285436 0.939913332 -0.007402277 0.999966860 0.003392401 -1.704187989 -0.002260275 -0.003409216 0.999991655 71.336364746
0.999975681 0.006712922 0.001863892 0.946729958 -0.006720175 0.999969721 0.003912807 -1.719154596 -0.001837569 -0.003925238 0.999990582 71.814292908
0.999976516 0.006614969 0.001781594 0.958433747 -0.006622384 0.999969304 0.004189081 -1.730012774 -0.001753828 -0.004200781 0.999989569 72.362525940
0.999975026 0.006753226 0.002053814 0.967451453 -0.006760699 0.999970496 0.003654285 -1.742209911 -0.002029075 -0.003668079 0.999991238 72.892601013
0.999969423 0.007484338 0.002261788 0.975509286 -0.007491878 0.999966323 0.003343991 -1.747309923 -0.002236684 -0.003360833 0.999991894 73.445999146
0.999972880 0.007136950 0.001803982 0.991660595 -0.007143884 0.999966979 0.003865784 -1.769870162 -0.001776333 -0.003878568 0.999990821 73.960884094
0.999970436 0.007422403 0.001999332 1.004426837 -0.007429425 0.999966204 0.003528548 -1.780804873 -0.001973074 -0.003543298 0.999991715 74.511886597
0.999975562 0.006719329 0.001920162 1.013165474 -0.006726900 0.999969482 0.003964141 -1.795220017 -0.001893467 -0.003976961 0.999990225 75.021026611
0.999971211 0.007295783 0.002111957 1.027200103 -0.007302799 0.999967813 0.003333554 -1.805165648 -0.002087568 -0.003348881 0.999992192 75.566314697
0.999973714 0.006972739 0.001988264 1.032080412 -0.006979703 0.999969482 0.003517323 -1.817430973 -0.001963678 -0.003531108 0.999991834 76.097908020
0.999973476 0.007050543 0.001850228 1.039801836 -0.007057656 0.999967635 0.003865886 -1.831066370 -0.001822911 -0.003878842 0.999990821 76.655509949
0.999972165 0.007101378 0.002285915 1.045092225 -0.007109740 0.999967933 0.003670513 -1.846676826 -0.002259776 -0.003686663 0.999990642 77.135452271
0.999966204 0.007918087 0.002238968 1.057847977 -0.007926656 0.999961138 0.003844160 -1.857748032 -0.002208442 -0.003861778 0.999990106 77.689743042
0.999970436 0.007343284 0.002242821 1.063799381 -0.007351276 0.999966562 0.003576439 -1.873770118 -0.002216483 -0.003592820 0.999991059 78.223129272
0.999969542 0.007534227 0.002013630 1.077667475 -0.007541457 0.999964952 0.003606961 -1.890676022 -0.001986384 -0.003622036 0.999991477 78.766166687
0.999967515 0.007331069 0.003353805 1.087448597 -0.007342815 0.999966919 0.003503940 -1.900794744 -0.003328006 -0.003528453 0.999988198 79.279403687
0.999956131 0.008038757 0.004808002 1.096525431 -0.008052709 0.999963403 0.002889710 -1.911419392 -0.004784597 -0.002928300 0.999984264 79.831970215
0.999960542 0.006945285 0.005543027 1.120084405 -0.006964604 0.999969721 0.003473508 -1.928653836 -0.005518735 -0.003511976 0.999978542 80.373847961
0.999950409 0.007269875 0.006809612 1.126979589 -0.007293999 0.999967098 0.003524380 -1.940862417 -0.006783767 -0.003573874 0.999970555 80.923408508
0.999916911 0.008251527 0.009894801 1.145138502 -0.008284019 0.999960423 0.003247520 -1.956188679 -0.009867612 -0.003329220 0.999945700 81.460792542
0.999879956 0.007373063 0.013622454 1.168635845 -0.007412685 0.999968529 0.002860507 -1.966679215 -0.013600933 -0.002961143 0.999903083 81.995536804
0.999820650 0.008015146 0.017155567 1.188398361 -0.008072721 0.999962032 0.003289553 -1.994494915 -0.017128550 -0.003427455 0.999847412 82.528083801
0.999751091 0.007348395 0.021064160 1.198926210 -0.007417179 0.999967396 0.003189160 -1.990208149 -0.021040037 -0.003344604 0.999772966 83.071807861
0.999591649 0.008057808 0.027416691 1.225491643 -0.008136737 0.999963105 0.002768531 -1.998721361 -0.027393373 -0.002990484 0.999620259 83.621749878
0.999411881 0.007332209 0.033494961 1.268274665 -0.007415032 0.999969721 0.002349128 -2.009733915 -0.033476721 -0.002596113 0.999436021 84.142440796
0.999206722 0.007538905 0.039104044 1.293969631 -0.007659171 0.999966383 0.002926628 -2.024970055 -0.039080665 -0.003223811 0.999230862 84.691795349
0.998868167 0.007812434 0.046918608 1.337068796 -0.007946180 0.999964893 0.002664743 -2.036246300 -0.046896141 -0.003034550 0.998895168 85.238876343
0.998396337 0.007996485 0.056043744 1.384380341 -0.008127033 0.999964774 0.002101900 -2.044390678 -0.056024969 -0.002553998 0.998426080 85.805213928
0.997981787 0.007934087 0.063003853 1.418256283 -0.008107659 0.999963939 0.002499760 -2.069757700 -0.062981740 -0.003005529 0.998010218 86.306213379
0.997352660 0.007577564 0.072320662 1.469520092 -0.007794390 0.999965906 0.002716347 -2.075699091 -0.072297625 -0.003272851 0.997377694 86.871406555
0.996626973 0.006267491 0.081825770 1.546918869 -0.006462613 0.999976814 0.002119974 -2.090671062 -0.081810594 -0.002641632 0.996644437 87.391609192
0.995846331 0.006203488 0.090838440 1.616175175 -0.006421944 0.999977112 0.002112799 -2.097555161 -0.090823263 -0.002687383 0.995863438 87.953872681
0.995164871 0.006523399 0.098001882 1.676134109 -0.006758624 0.999975026 0.002068409 -2.113487720 -0.097985931 -0.002720766 0.995184064 88.533874512
0.994098127 0.007227360 0.108244278 1.757369518 -0.007502203 0.999969542 0.002132080 -2.124985933 -0.108225584 -0.002931567 0.994121969 89.077018738
0.992872357 0.006440042 0.119007640 1.837756157 -0.006705901 0.999975801 0.001833646 -2.142401457 -0.118992962 -0.002618630 0.992891610 89.609916687
0.991757751 0.006078309 0.127983108 1.932871819 -0.006332389 0.999978721 0.001578465 -2.139371634 -0.127970770 -0.002375894 0.991775036 90.175102234
0.990251243 0.006633807 0.139134750 2.026895523 -0.006933326 0.999974608 0.001668160 -2.153053284 -0.139120132 -0.002616564 0.990272045 90.706436157
0.988474190 0.005880797 0.151274934 2.129299164 -0.006247614 0.999978542 0.001949663 -2.175573587 -0.151260227 -0.002872299 0.988489747 91.220909119
0.986642003 0.005643816 0.162806362 2.228317261 -0.006011421 0.999980390 0.001765378 -2.182054520 -0.162793204 -0.002720494 0.986656606 91.787483215
0.984872401 0.005173925 0.173203841 2.343701363 -0.005428955 0.999984801 0.000998730 -2.190248489 -0.173196033 -0.001923938 0.984885633 92.333000183
0.982653975 0.003868041 0.185408309 2.474875450 -0.004044731 0.999991775 0.000574739 -2.201374054 -0.185404569 -0.001314696 0.982661426 92.856643677
0.980101526 0.004936411 0.198435292 2.595958710 -0.005320884 0.999984860 0.001404354 -2.222058773 -0.198425338 -0.002432261 0.980112970 93.395668030
0.978001475 0.004482957 0.208549917 2.729726791 -0.004891118 0.999987006 0.001441489 -2.237759590 -0.208540753 -0.002429820 0.978010595 93.932807922
0.975054085 0.004318832 0.221925393 2.873636246 -0.004699009 0.999988317 0.001185114 -2.248563051 -0.221917659 -0.002198380 0.975062847 94.478034973
0.971947432 0.003904572 0.235165596 3.010431290 -0.004255802 0.999990463 0.000986040 -2.256448030 -0.235159457 -0.001959197 0.971954823 95.026252747
0.969223082 0.003690592 0.246156543 3.167488098 -0.004067406 0.999991238 0.001022375 -2.273917198 -0.246150583 -0.001992128 0.969229519 95.547248840
0.966485560 0.003163318 0.256701499 3.345508575 -0.003570524 0.999993026 0.001120226 -2.297319412 -0.256696135 -0.001999241 0.966490090 96.023483276
0.962654889 0.004288215 0.270697564 3.490774155 -0.004801398 0.999987662 0.001233577 -2.294973850 -0.270688981 -0.002487235 0.962663591 96.574981689
0.959058166 0.003348801 0.283189505 3.671926498 -0.003612519 0.999993384 0.000409043 -2.304440260 -0.283186346 -0.001415323 0.959063828 97.104934692
0.955574751 0.002979981 0.294734031 3.855525970 -0.003263962 0.999994516 0.000471590 -2.314259529 -0.294731081 -0.001412640 0.955579281 97.632141113
0.951355100 0.001893311 0.308090627 4.054103851 -0.002093000 0.999997795 0.000317695 -2.324889898 -0.308089375 -0.000947074 0.951357007 98.124038696
0.946477473 0.003293518 0.322753042 4.230710983 -0.003904078 0.999991596 0.001244392 -2.359260321 -0.322746187 -0.002437842 0.946482420 98.667861938
0.942458570 0.003158335 0.334308147 4.433038712 -0.003863541 0.999991536 0.001444533 -2.374094248 -0.334300786 -0.002653025 0.942462683 99.185813904
0.937715352 0.002277090 0.347397178 4.652332306 -0.002685821 0.999996126 0.000695039 -2.378424883 -0.347394258 -0.001584795 0.937717795 99.722351074
0.932251871 0.002411387 0.361801922 4.867818832 -0.002967857 0.999995112 0.000982347 -2.395653725 -0.361797780 -0.001989572 0.932254493 100.209648132
0.927421868 0.001383976 0.374014437 5.101816177 -0.001817885 0.999997973 0.000807386 -2.407458782 -0.374012649 -0.001428703 0.927422464 100.714179993
0.922562420 0.001602699 0.385844558 5.325183868 -0.002024907 0.999997675 0.000687862 -2.420312643 -0.385842621 -0.001415895 0.922563553 101.230094910
0.916618228 0.000899288 0.399762690 5.570079803 -0.001363762 0.999998689 0.000877428 -2.433217287 -0.399761438 -0.001349447 0.916618228 101.723953247
0.910598457 0.001698200 0.413288713 5.809127808 -0.002251994 0.999997079 0.000852835 -2.439577103 -0.413286060 -0.001707314 0.910599649 102.235107422
0.905790627 0.001271663 0.423723668 6.061523438 -0.001813960 0.999997914 0.000876531 -2.456764221 -0.423721701 -0.001562572 0.905791044 102.712570190
0.899850667 0.001140589 0.436196625 6.320598602 -0.001619680 0.999998391 0.000726467 -2.471551895 -0.436195135 -0.001360211 0.899851024 103.209396362
0.893234849 0.001018413 0.449589223 6.593822479 -0.001574367 0.999998391 0.000862719 -2.487185001 -0.449587554 -0.001478429 0.893235028 103.704360962
0.886997044 0.000906541 0.461774081 6.846546173 -0.001215498 0.999999166 0.000371616 -2.489343166 -0.461773425 -0.000890908 0.886997461 104.172302246
0.881127119 0.000126248 0.472879529 7.127807617 -0.000441186 0.999999762 0.000555095 -2.504240513 -0.472879410 -0.000697737 0.881126881 104.652488708
0.873681009 -0.000212200 0.486499131 7.409191132 -0.000276908 0.999999523 0.000933463 -2.524324417 -0.486499041 -0.000950265 0.873680592 105.100631714
