1.000000000 0.000000000 0.000000000 0.000000000 0.000000000 1.000000000 0.000000000 0.000000000 0.000000000 0.000000000 1.000000000 0.000000000
1.000000000 0.000018025 0.000031500 0.000323574 -0.000018028 1.000000000 0.000118766 -0.000719771 -0.000031498 -0.000118766 1.000000000 -0.000348118
1.000000000 0.000060364 -0.000119343 0.001050527 -0.000060357 1.000000000 0.000058098 -0.000677365 0.000119346 -0.000058090 1.000000000 -0.000805087
1.000000000 0.000038329 -0.000030674 0.000003710 -0.000038328 1.000000000 0.000040714 -0.000511770 0.000030675 -0.000040712 1.000000000 0.000348520
1.000000000 0.000085418 -0.000021888 -0.000500585 -0.000085418 1.000000000 -0.000001651 -0.000030367 0.000021888 0.000001653 1.000000000 -0.000496816
1.000000000 0.000072338 -0.000069346 -0.000202461 -0.000072341 1.000000000 -0.000043975 -0.000019871 0.000069343 0.000043980 1.000000000 -0.000409640
1.000000000 0.000077621 -0.000097639 0.000744205 -0.000077625 1.000000000 -0.000041929 -0.000478702 0.000097636 0.000041937 1.000000000 -0.001385629
1.000000000 -0.000032483 -0.000073178 0.001029059 0.000032478 1.000000000 -0.000070956 0.000399204 0.000073180 0.000070954 1.000000000 -0.000296098
1.000000000 -0.000122385 0.000069878 0.000528202 0.000122385 1.000000000 -0.000000636 -0.000619367 -0.000069878 0.000000645 1.000000000 -0.002046219
1.000000000 -0.000200177 -0.000052540 0.001002774 0.000200172 1.000000000 -0.000102444 0.001573292 0.000052560 0.000102433 1.000000000 0.002509582
1.000000000 -0.000132590 -0.000041019 0.000441380 0.000132590 1.000000000 -0.000007333 -0.000044820 0.000041020 0.000007327 1.000000000 0.001699889
1.000000000 -0.000008537 0.000071217 -0.000725866 0.000008550 1.000000000 -0.000174154 0.002019329 -0.000071216 0.000174154 1.000000000 0.002954494
1.000000000 -0.000124759 0.000016627 -0.000625927 0.000124758 1.000000000 0.000063718 0.000228222 -0.000016635 -0.000063716 1.000000000 0.001657464
1.000000000 -0.000068800 0.000016549 -0.000358990 0.000068798 1.000000000 0.000094243 0.000018217 -0.000016555 -0.000094241 1.000000000 0.001364882
1.000000000 -0.000096701 -0.000114951 0.000887920 0.000096709 1.000000000 0.000073869 -0.000456692 0.000114944 -0.000073880 1.000000000 0.000594699
1.000000000 -0.000058772 -0.000030894 -0.000322234 0.000058772 1.000000000 0.000010053 -0.000329650 0.000030894 -0.000010055 1.000000000 -0.000263212
1.000000000 0.000174081 0.000113619 -0.001618000 -0.000174089 1.000000000 0.000066781 -0.000041113 -0.000113608 -0.000066801 1.000000000 0.001243607
1.000000000 -0.000078833 -0.000186249 0.000732591 0.000078816 1.000000000 -0.000089102 0.000538356 0.000186256 0.000089087 1.000000000 0.000417418
1.000000000 -0.000183019 -0.000016705 0.000276546 0.000183019 1.000000000 0.000007699 -0.000301659 0.000016703 -0.000007702 1.000000000 0.000673349
1.000000000 -0.000042184 0.000057810 -0.000034020 0.000042185 1.000000000 -0.000017135 0.000164504 -0.000057809 0.000017138 1.000000000 0.001436299
1.000000000 0.000050013 0.000005300 -0.000820318 -0.000050013 1.000000000 -0.000057643 0.000513119 -0.000005303 0.000057643 1.000000000 0.001592351
1.000000000 -0.000085349 -0.000059811 0.000097497 0.000085348 1.000000000 -0.000023341 0.000583184 0.000059813 0.000023336 1.000000000 0.000116578
1.000000000 -0.000069666 -0.000060220 0.001124685 0.000069668 1.000000000 0.000042311 0.000150441 0.000060217 -0.000042315 1.000000000 0.001612728
1.000000000 0.000009673 0.000162796 -0.000612020 -0.000009673 1.000000000 -0.000004537 0.000808771 -0.000162796 0.000004535 1.000000000 0.000020311
1.000000000 -0.000039547 -0.000062299 0.000819955 0.000039545 1.000000000 -0.000022058 0.000714289 0.000062300 0.000022056 1.000000000 0.001383094
1.000000000 0.000072063 0.000003773 -0.000322190 -0.000072062 1.000000000 -0.000104728 0.001027515 -0.000003780 0.000104728 1.000000000 0.000564237
1.000000000 0.000019157 0.000054643 -0.000218982 -0.000019150 1.000000000 -0.000120243 -0.000064072 -0.000054646 0.000120242 1.000000000 -0.000762286
1.000000000 -0.000036582 -0.000056211 0.000110984 0.000036574 1.000000000 -0.000130225 0.000732924 0.000056216 0.000130223 1.000000000 0.000254922
1.000000000 -0.000049319 -0.000026597 -0.001112739 0.000049318 1.000000000 -0.000040563 0.001465920 0.000026599 0.000040561 1.000000000 0.002561777
1.000000000 0.000026823 0.000176550 -0.001718077 -0.000026808 1.000000000 -0.000087414 0.001703165 -0.000176552 0.000087410 1.000000000 0.001797619
1.000000000 -0.000091419 -0.000097882 0.000433416 0.000091416 1.000000000 -0.000029439 0.000939491 0.000097885 0.000029430 1.000000000 0.000434709
1.000000000 0.000049934 0.000074368 -0.001564216 -0.000049934 1.000000000 -0.000003594 0.000662092 -0.000074368 0.000003590 1.000000000 0.002099518
1.000000000 0.000000445 0.000141337 -0.001506037 -0.000000439 1.000000000 -0.000046785 0.000075352 -0.000141337 0.000046785 1.000000000 0.000970606
1.000000000 -0.000073824 0.000030783 -0.000758361 0.000073824 1.000000000 -0.000012865 0.001091025 -0.000030782 0.000012867 1.000000000 0.002042321
1.000000000 -0.000015213 0.000096057 -0.001341017 0.000015222 1.000000000 -0.000087820 0.002275157 -0.000096056 0.000087821 1.000000000 0.003803109
1.000000000 0.000111990 0.000171315 -0.002459382 -0.000111974 1.000000000 -0.000091462 0.002717087 -0.000171326 0.000091442 1.000000000 0.003493946
1.000000000 -0.000213869 0.000057675 -0.000867572 0.000213867 1.000000000 0.000023710 0.000863673 -0.000057680 -0.000023698 1.000000000 0.001997365
1.000000000 -0.000041762 0.000078030 -0.001201111 0.000041757 1.000000000 0.000062742 0.000840113 -0.000078032 -0.000062739 1.000000000 0.001598465
1.000000000 -0.000136010 0.000005592 -0.000494724 0.000136010 1.000000000 -0.000039712 0.001359499 -0.000005587 0.000039712 1.000000000 0.002048939
0.999999940 0.000009760 0.000264484 -0.001960851 -0.000009764 1.000000000 0.000011997 -0.000349762 -0.000264483 -0.000011999 0.999999940 0.002146531
0.999999940 -0.000105548 0.000328172 -0.001467052 0.000105777 0.999999762 -0.000698888 -0.001566102 -0.000328098 0.000698922 0.999999702 0.052624237
0.999999940 0.000195807 0.000220133 -0.000307819 -0.000195523 0.999999166 -0.001287368 -0.004510541 -0.000220385 0.001287325 0.999999166 0.134389237
0.999999881 0.000465480 0.000016315 0.003130296 -0.000465455 0.999998748 -0.001496162 -0.003833631 -0.000017012 0.001496155 0.999998868 0.254634798
0.999999940 0.000299737 0.000060408 0.004306838 -0.000299663 0.999999225 -0.001220631 -0.013234322 -0.000060774 0.001220613 0.999999225 0.382931769
0.999999940 0.000383345 0.000133835 0.006971194 -0.000383204 0.999999344 -0.001053962 -0.016812874 -0.000134239 0.001053910 0.999999464 0.526857734
1.000000000 0.000205876 -0.000062013 0.015856417 -0.000205959 0.999999106 -0.001330780 -0.015402360 0.000061739 0.001330792 0.999999106 0.683581054
1.000000000 0.000025294 0.000176821 0.016960293 -0.000025098 0.999999404 -0.001111912 -0.019299498 -0.000176849 0.001111907 0.999999344 0.854840398
0.999999881 0.000426625 0.000212236 0.016353816 -0.000426468 0.999999642 -0.000737959 -0.028161833 -0.000212551 0.000737868 0.999999702 1.016829610
0.999999940 0.000180673 0.000248547 0.017120004 -0.000180613 0.999999940 -0.000243782 -0.035557006 -0.000248591 0.000243737 0.999999940 1.190396070
1.000000000 0.000203782 0.000063206 0.020301089 -0.000203741 0.999999762 -0.000657280 -0.034176636 -0.000063340 0.000657267 0.999999762 1.378733039
0.999999881 0.000455968 0.000016143 0.026328575 -0.000455959 0.999999762 -0.000537557 -0.040951926 -0.000016389 0.000537550 0.999999881 1.584061027
0.999999285 0.000968125 0.000729776 0.025031939 -0.000967910 0.999999464 -0.000294186 -0.049073506 -0.000730060 0.000293479 0.999999702 1.769302726
0.999999821 0.000551595 0.000152483 0.040060151 -0.000551497 0.999999642 -0.000641478 -0.047055375 -0.000152837 0.000641394 0.999999762 1.965153575
0.999999344 0.000676197 0.000939910 0.028851375 -0.000675334 0.999999344 -0.000917795 -0.048138976 -0.000940530 0.000917160 0.999999166 2.184889793
0.999999285 0.000683882 0.000978075 0.028922655 -0.000683198 0.999999523 -0.000699450 -0.063887492 -0.000978553 0.000698781 0.999999285 2.389794350
0.999999046 0.000901512 -0.001070354 0.069694050 -0.000901379 0.999999583 0.000125292 -0.080859222 0.001070466 -0.000124327 0.999999404 2.614806890
0.999999821 0.000105153 -0.000687108 0.075276710 -0.000104821 0.999999821 0.000481902 -0.091627665 0.000687159 -0.000481829 0.999999642 2.835175514
0.999998689 0.001230037 -0.001051677 0.078177162 -0.001229881 0.999999225 0.000149275 -0.093074791 0.001051859 -0.000147981 0.999999464 3.073143959
0.999998689 0.001007443 -0.001263947 0.087595806 -0.001007452 0.999999464 -0.000006698 -0.098650053 0.001263940 0.000007972 0.999999225 3.310220957
0.999999106 0.000544962 -0.001147215 0.093099989 -0.000544629 0.999999821 0.000291133 -0.109860919 0.001147373 -0.000290507 0.999999344 3.544443130
0.999999166 0.000619974 -0.001073281 0.096453816 -0.000619864 0.999999940 0.000102905 -0.112578601 0.001073344 -0.000102239 0.999999404 3.813707352
0.999999166 0.000899052 -0.000905327 0.097738579 -0.000899240 0.999999642 -0.000207819 -0.116218686 0.000905140 0.000208633 0.999999583 4.073477745
0.999999225 0.000952364 -0.000808610 0.102235220 -0.000952095 0.999999583 0.000333871 -0.125522777 0.000808928 -0.000333100 0.999999583 4.326543808
0.999999464 0.000813890 -0.000635584 0.104866348 -0.000813661 0.999999642 0.000360225 -0.130149171 0.000635877 -0.000359707 0.999999762 4.576015949
0.999998808 0.001074824 -0.001057163 0.118372396 -0.001074830 0.999999404 -0.000005723 -0.134026572 0.001057156 0.000006859 0.999999464 4.848670006
0.999998808 0.001100004 -0.001110574 0.121650040 -0.001099974 0.999999404 0.000027699 -0.139488056 0.001110604 -0.000026477 0.999999344 5.112559319
0.999998569 0.001588744 -0.000716781 0.124356672 -0.001588965 0.999998689 -0.000308183 -0.148711830 0.000716291 0.000309321 0.999999702 5.370524883
0.999998689 0.001406059 -0.000854684 0.135195509 -0.001406056 0.999998987 0.000004221 -0.154874146 0.000854689 -0.000003020 0.999999702 5.626003742
0.999998868 0.001037993 -0.001030048 0.138575122 -0.001037562 0.999999404 0.000418290 -0.168447599 0.001030481 -0.000417221 0.999999404 5.896208763
0.999999225 0.000662954 -0.001092439 0.145629957 -0.000662385 0.999999762 0.000521016 -0.178055286 0.001092784 -0.000520292 0.999999285 6.172215939
0.999998927 0.001322292 -0.000614916 0.146672174 -0.001321802 0.999998808 0.000795613 -0.187032759 0.000615967 -0.000794799 0.999999583 6.454345226
0.999999344 0.001004587 -0.000632236 0.154946238 -0.001004202 0.999999344 0.000608607 -0.196384281 0.000632847 -0.000607971 0.999999642 6.732364655
0.999998510 0.001195497 -0.001239053 0.164006382 -0.001195092 0.999999166 0.000327480 -0.202102557 0.001239443 -0.000325998 0.999999106 7.043319702
0.999998868 0.000664221 -0.001350797 0.170126796 -0.000663956 0.999999762 0.000196081 -0.207218468 0.001350927 -0.000195184 0.999998987 7.342858791
0.999998987 0.000959494 -0.001091841 0.178002477 -0.000959565 0.999999583 -0.000064481 -0.218889162 0.001091779 0.000065529 0.999999404 7.652131557
0.999998808 0.001055703 -0.001135560 0.186021626 -0.001055158 0.999999344 0.000481235 -0.233584523 0.001136067 -0.000480036 0.999999225 7.953672886
0.999999344 0.000946174 -0.000593479 0.181524828 -0.000945844 0.999999404 0.000556499 -0.238004729 0.000594005 -0.000555937 0.999999702 8.273510933
0.999999225 0.000763541 -0.000999137 0.188570097 -0.000763096 0.999999523 0.000446174 -0.254232913 0.000999477 -0.000445411 0.999999404 8.610046387
0.999999523 0.001022897 -0.000224836 0.187070101 -0.001022811 0.999999344 0.000385379 -0.259107411 0.000225230 -0.000385149 0.999999881 8.947969437
0.999999404 0.000637213 -0.000878890 0.204532728 -0.000636233 0.999999166 0.001114318 -0.279053509 0.000879599 -0.001113759 0.999998987 9.276440620
0.999999464 0.000981978 -0.000336573 0.201062590 -0.000981608 0.999998868 0.001099415 -0.285370499 0.000337652 -0.001099084 0.999999344 9.632930756
0.999999702 0.000525574 -0.000514660 0.213183716 -0.000524991 0.999999166 0.001132468 -0.296315223 0.000515255 -0.001132198 0.999999225 9.957606316
0.999999166 0.000755496 -0.001024550 0.227398589 -0.000754802 0.999999464 0.000677467 -0.303740710 0.001025062 -0.000676694 0.999999225 10.317546844
0.999999225 0.000897021 -0.000788707 0.234169275 -0.000896099 0.999998868 0.001167800 -0.318783939 0.000789753 -0.001167093 0.999998987 10.673703194
0.999999464 0.000226138 -0.001011699 0.241897106 -0.000225595 0.999999881 0.000537064 -0.319690347 0.001011820 -0.000536836 0.999999344 11.038969040
0.999999464 0.000808067 -0.000607741 0.242791280 -0.000807796 0.999999523 0.000445870 -0.330536664 0.000608101 -0.000445379 0.999999702 11.426935196
0.999999344 0.001071084 -0.000276473 0.249039024 -0.001070869 0.999999166 0.000775898 -0.340331793 0.000277303 -0.000775601 0.999999702 11.805498123
0.999999583 0.000594635 -0.000706099 0.260383219 -0.000594260 0.999999702 0.000530987 -0.352791190 0.000706414 -0.000530567 0.999999583 12.185112953
0.999999642 0.000510900 -0.000732150 0.270240068 -0.000510682 0.999999881 0.000298548 -0.361477256 0.000732302 -0.000298174 0.999999702 12.581171036
0.999999464 0.000729211 -0.000723648 0.274325550 -0.000728724 0.999999523 0.000673108 -0.374110550 0.000724138 -0.000672581 0.999999464 12.972871780
0.999999404 0.000768408 -0.000769330 0.282223821 -0.000767958 0.999999642 0.000585966 -0.385388404 0.000769780 -0.000585375 0.999999523 13.376034737
0.999999762 0.000526743 -0.000373895 0.290496469 -0.000526576 0.999999762 0.000445274 -0.392475516 0.000374130 -0.000445077 0.999999762 13.784540176
0.999999821 0.000484531 -0.000321329 0.297719419 -0.000484264 0.999999523 0.000832465 -0.407534659 0.000321733 -0.000832309 0.999999583 14.206119537
0.999999881 0.000221216 -0.000335372 0.313212037 -0.000220941 0.999999583 0.000820316 -0.420613587 0.000335554 -0.000820242 0.999999583 14.620934486
0.999999821 0.000485009 -0.000258514 0.316394657 -0.000484683 0.999999106 0.001259656 -0.434397250 0.000259125 -0.001259531 0.999999106 15.053926468
0.999999881 0.000530386 -0.000051595 0.326516867 -0.000530342 0.999999464 0.000859491 -0.444129944 0.000052051 -0.000859464 0.999999642 15.488988876
0.999999940 0.000228941 0.000340369 0.336163461 -0.000229191 0.999999642 0.000734236 -0.453732938 -0.000340200 -0.000734313 0.999999702 15.930248260
0.999999881 0.000294115 0.000449271 0.345998496 -0.000294519 0.999999583 0.000897941 -0.467041701 -0.000449006 -0.000898073 0.999999523 16.370775223
0.999999344 0.000631918 0.000871775 0.353415102 -0.000632733 0.999999344 0.000935260 -0.481060117 -0.000871183 -0.000935811 0.999999106 16.817054749
0.999999106 0.000499704 0.001213934 0.362832159 -0.000501215 0.999999046 0.001244744 -0.497134924 -0.001213310 -0.001245352 0.999998450 17.271717072
0.999998510 0.000840919 0.001508463 0.372583151 -0.000842685 0.999998987 0.001170452 -0.505002081 -0.001507477 -0.001171722 0.999998152 17.736650467
0.999998510 0.000624728 0.001636287 0.382713825 -0.000625938 0.999999583 0.000739056 -0.515200555 -0.001635825 -0.000740080 0.999998391 18.209493637
0.999998033 0.000527864 0.001896045 0.397909224 -0.000529727 0.999999404 0.000982375 -0.527590334 -0.001895524 -0.000983378 0.999997735 18.675216675
0.999997437 0.001017193 0.001982970 0.408066720 -0.001018937 0.999999106 0.000878605 -0.541448593 -0.001982074 -0.000880623 0.999997675 19.156002045
0.999998093 0.000365675 0.001911562 0.424963385 -0.000366743 0.999999821 0.000558254 -0.551354647 -0.001911358 -0.000558954 0.999998033 19.633255005
0.999998331 -0.000058574 0.001790637 0.435527951 0.000056607 0.999999404 0.001098916 -0.567218184 -0.001790700 -0.001098813 0.999997735 20.111791611
0.999998391 0.000798716 0.001599659 0.443682671 -0.000800587 0.999998987 0.001169135 -0.586540163 -0.001598724 -0.001170413 0.999998033 20.604240417
0.999997854 0.001002434 0.001833142 0.449825525 -0.001003804 0.999999166 0.000746678 -0.594003558 -0.001832393 -0.000748516 0.999998093 21.104242325
0.999997914 0.000870817 0.001875218 0.452003539 -0.000871103 0.999999642 0.000151447 -0.599465191 -0.001875085 -0.000153081 0.999998212 21.615480423
0.999999642 0.000712923 0.000478921 0.473645180 -0.000713647 0.999998629 0.001512622 -0.626781940 -0.000477841 -0.001512963 0.999998689 22.115291595
0.999999464 0.001143271 0.000040191 0.485693365 -0.001143313 0.999998927 0.001049842 -0.632774174 -0.000038989 -0.001049888 0.999999404 22.629268646
0.999999106 0.001329966 -0.000231187 0.487983257 -0.001329729 0.999998569 0.001023517 -0.649378836 0.000232548 -0.001023209 0.999999464 23.153396606
0.999998331 0.001513664 -0.001087833 0.496616334 -0.001512644 0.999998391 0.000938183 -0.664661407 0.001089252 -0.000936536 0.999998987 23.677965164
0.999998987 0.000421435 -0.001381162 0.505212307 -0.000421053 0.999999821 0.000276749 -0.674773157 0.001381278 -0.000276167 0.999998987 24.199033737
0.999997199 0.001204525 -0.002030803 0.516032934 -0.001202599 0.999998808 0.000949652 -0.691811264 0.002031944 -0.000947208 0.999997497 24.729604721
0.999993861 0.001705266 -0.003061836 0.527288556 -0.001702005 0.999997973 0.001067170 -0.707971811 0.003063650 -0.001061952 0.999994695 25.262594223
0.999992371 0.001566005 -0.003578362 0.535081327 -0.001563212 0.999998510 0.000783165 -0.719590366 0.003579583 -0.000777565 0.999993265 25.812416077
0.999990404 0.001745328 -0.004012104 0.541193247 -0.001740782 0.999997973 0.001136265 -0.736683428 0.004014079 -0.001129270 0.999991298 26.354833603
0.999990582 0.001421111 -0.004101062 0.545322180 -0.001414461 0.999997735 0.001623816 -0.750381172 0.004103360 -0.001618000 0.999990284 26.906661987
0.999990404 0.001198290 -0.004205377 0.549135864 -0.001192934 0.999998510 0.001275881 -0.762766182 0.004206899 -0.001270852 0.999990344 27.451423645
0.999985456 0.001728375 -0.005102710 0.561907351 -0.001720076 0.999997139 0.001630389 -0.781889856 0.005105513 -0.001621589 0.999985635 28.001354218
0.999983490 0.001932370 -0.005416574 0.566896379 -0.001920625 0.999995768 0.002172780 -0.797826648 0.005420750 -0.002162341 0.999982953 28.542806625
0.999984801 0.001954453 -0.005155798 0.572932482 -0.001946563 0.999996901 0.001534700 -0.807407498 0.005158782 -0.001524640 0.999985516 29.072767258
0.999977767 0.001825135 -0.006416587 0.589955330 -0.001813520 0.999996722 0.001815499 -0.825626135 0.006419879 -0.001803822 0.999977767 29.647571564
0.999976575 0.002074562 -0.006517201 0.591729045 -0.002063909 0.999996543 0.001641022 -0.836549103 0.006520582 -0.001627533 0.999977350 30.194875717
0.999978662 0.002113970 -0.006187721 0.599049211 -0.002102563 0.999996126 0.001849272 -0.855368078 0.006191606 -0.001836222 0.999979079 30.734628677
0.999972463 0.001950192 -0.007163012 0.611112297 -0.001937244 0.999996483 0.001814095 -0.869776607 0.007166525 -0.001800168 0.999972701 31.290662766
0.999968469 0.002030736 -0.007674806 0.620426297 -0.002016910 0.999996305 0.001808849 -0.882713974 0.007678452 -0.001793312 0.999968827 31.839056015
0.999965429 0.002016345 -0.008068769 0.632722139 -0.002001181 0.999996245 0.001886972 -0.902294993 0.008072544 -0.001870759 0.999965608 32.382373810
0.999967337 0.002497189 -0.007706006 0.630226731 -0.002484174 0.999995470 0.001698067 -0.908564508 0.007710212 -0.001678868 0.999968886 32.924598694
0.999965847 0.002462017 -0.007897034 0.637791038 -0.002445749 0.999994934 0.002068976 -0.929008126 0.007902088 -0.002049591 0.999966741 33.466594696
0.999964833 0.002819685 -0.007899536 0.642274261 -0.002805137 0.999994338 0.001852094 -0.936110914 0.007904715 -0.001829869 0.999967039 34.015689850
0.999968410 0.002905344 -0.007406003 0.637829840 -0.002895036 0.999994814 0.001402310 -0.947402775 0.007410041 -0.001380825 0.999971509 34.568122864
0.999962509 0.002504556 -0.008286203 0.659499526 -0.002491234 0.999995589 0.001617617 -0.967281520 0.008290218 -0.001596914 0.999964356 35.096103668
0.999964595 0.002806530 -0.007928215 0.661220133 -0.002794894 0.999994993 0.001478368 -0.982817590 0.007932325 -0.001456157 0.999967515 35.637935638
0.999971986 0.003434770 -0.006648642 0.658785641 -0.003420904 0.999991953 0.002095845 -1.005562782 0.006655788 -0.002073042 0.999975741 36.178943634
0.999960423 0.003161556 -0.008316617 0.669366896 -0.003148931 0.999993801 0.001530675 -1.005345583 0.008321405 -0.001504426 0.999964237 36.715637207
0.999960899 0.003776574 -0.007986550 0.673380733 -0.003767806 0.999992251 0.001112526 -1.017898440 0.007990690 -0.001082391 0.999967515 37.263706207
0.999956608 0.003207333 -0.008745684 0.683373809 -0.003194345 0.999993801 0.001498590 -1.038381696 0.008750438 -0.001470588 0.999960601 37.821849823
0.999959409 0.002635533 -0.008608620 0.687166631 -0.002630343 0.999996364 0.000614174 -1.046768665 0.008610208 -0.000591505 0.999962747 38.371524811
0.999958277 0.003477482 -0.008449463 0.693003476 -0.003469912 0.999993622 0.000910389 -1.061694145 0.008452575 -0.000881032 0.999963880 38.925991058
0.999951780 0.003575165 -0.009147049 0.703101754 -0.003561896 0.999992609 0.001466608 -1.084246635 0.009152224 -0.001433956 0.999957085 39.469482422
0.999951780 0.003530992 -0.009162842 0.717080593 -0.003518277 0.999993026 0.001403409 -1.100698352 0.009167731 -0.001371104 0.999957025 40.007900238
0.999951422 0.003457825 -0.009225613 0.728227019 -0.003441990 0.999992549 0.001731711 -1.121290088 0.009231531 -0.001699872 0.999955952 40.551277161
0.999941528 0.003454132 -0.010242536 0.734730363 -0.003439584 0.999993026 0.001437587 -1.129508376 0.010247430 -0.001402273 0.999946535 41.126121521
0.999934912 0.003389618 -0.010890057 0.748901963 -0.003367562 0.999992192 0.002043043 -1.149401903 0.010896898 -0.002006238 0.999938607 41.665699005
0.999942064 0.003572736 -0.010153765 0.754363179 -0.003556412 0.999992251 0.001625282 -1.163996100 0.010159495 -0.001589076 0.999947131 42.205631256
0.999935985 0.003779801 -0.010663944 0.751880586 -0.003762735 0.999991596 0.001619953 -1.169415116 0.010669977 -0.001579724 0.999941826 42.781311035
0.999936879 0.003832136 -0.010558557 0.759282529 -0.003812671 0.999990940 0.001862965 -1.187390447 0.010565599 -0.001822591 0.999942541 43.312568665
0.999931335 0.003876230 -0.011057246 0.773560166 -0.003859807 0.999991417 0.001506204 -1.201207161 0.011062989 -0.001463422 0.999937713 43.868793488
0.999934018 0.003659106 -0.010887476 0.767401457 -0.003631950 0.999990225 0.002512912 -1.227569461 0.010896564 -0.002473204 0.999937594 44.422241211
0.999936998 0.004423898 -0.010319524 0.770818472 -0.004401958 0.999987960 0.002147706 -1.236683607 0.010328901 -0.002102144 0.999944508 44.974819183
0.999936998 0.004386446 -0.010325977 0.779300749 -0.004367549 0.999988735 0.001851939 -1.242626309 0.010333984 -0.001806723 0.999944925 45.512409210
0.999935925 0.003179354 -0.010864888 0.782599390 -0.003156228 0.999992669 0.002144940 -1.266644597 0.010871629 -0.002110511 0.999938667 46.087009430
0.999937177 0.003174100 -0.010750674 0.787458539 -0.003151620 0.999992788 0.002107250 -1.283179641 0.010757286 -0.002073236 0.999939919 46.631149292
0.999933302 0.003437809 -0.011026650 0.803772867 -0.003414788 0.999991834 0.002105975 -1.301486492 0.011033802 -0.002068181 0.999936938 47.167098999
0.999937475 0.002863273 -0.010812053 0.785054564 -0.002842800 0.999994159 0.001908442 -1.305083990 0.010817453 -0.001877586 0.999939740 47.724021912
0.999935150 0.003697654 -0.010773837 0.787953794 -0.003672977 0.999990582 0.002309333 -1.322030544 0.010782274 -0.002269611 0.999939322 48.271858215
0.999929905 0.003057092 -0.011441967 0.809660137 -0.003029584 0.999992490 0.002420675 -1.338369608 0.011449281 -0.002385841 0.999931633 48.800540924
0.999939859 0.002746110 -0.010626268 0.788109779 -0.002723208 0.999993920 0.002169017 -1.349574566 0.010632162 -0.002139949 0.999941111 49.363269806
0.999938011 0.003296741 -0.010630540 0.796593308 -0.003276996 0.999992907 0.001874272 -1.361647129 0.010636644 -0.001839319 0.999941647 49.912422180
0.999942780 0.003315763 -0.010171722 0.802169263 -0.003291587 0.999991715 0.002392595 -1.383070111 0.010179573 -0.002358977 0.999945343 50.458831787
0.999942422 0.003057516 -0.010283579 0.798116922 -0.003039635 0.999993861 0.001753955 -1.391017318 0.010288879 -0.001722596 0.999945581 51.023166656
0.999945164 0.003517918 -0.009866029 0.802882910 -0.003495099 0.999991238 0.002329288 -1.409365058 0.009874137 -0.002294677 0.999948621 51.576541901
0.999940574 0.003461083 -0.010342664 0.818573892 -0.003438140 0.999991596 0.002235287 -1.423003793 0.010350314 -0.002199594 0.999944031 52.112098694
0.999937296 0.002989172 -0.010791883 0.824232638 -0.002967922 0.999993563 0.001984645 -1.441236734 0.010797747 -0.001952491 0.999939740 52.668159485
0.999939263 0.003017972 -0.010600972 0.825174928 -0.002999309 0.999993920 0.001775968 -1.450530648 0.010606267 -0.001744065 0.999942243 53.208873749
0.999938667 0.002826742 -0.010709404 0.831459045 -0.002805476 0.999993980 0.002000178 -1.467200637 0.010714996 -0.001970010 0.999940574 53.754203796
0.999941826 0.002581710 -0.010473891 0.839885533 -0.002563050 0.999995053 0.001794664 -1.480555296 0.010478473 -0.001767715 0.999943495 54.302505493
0.999942422 0.002431925 -0.010457694 0.844270349 -0.002413282 0.999995410 0.001794942 -1.490206480 0.010462012 -0.001769602 0.999943674 54.843711853
0.999940991 0.002885685 -0.010471190 0.837836742 -0.002870109 0.999994755 0.001502142 -1.509710193 0.010475472 -0.001472000 0.999944031 55.402004242
0.999942839 0.003515885 -0.010096276 0.841210067 -0.003499383 0.999992490 0.001651577 -1.523406625 0.010102008 -0.001616152 0.999947667 55.951351166
0.999939620 0.003508621 -0.010425922 0.846554995 -0.003492453 0.999992669 0.001568637 -1.533636808 0.010431350 -0.001532130 0.999944389 56.489906311
0.999948263 0.003044369 -0.009707627 0.858563662 -0.003031661 0.999994516 0.001323582 -1.548451304 0.009711604 -0.001294084 0.999951959 57.024215698
0.999942303 0.003579630 -0.010128242 0.854845226 -0.003566401 0.999992728 0.001323917 -1.558444977 0.010132908 -0.001287719 0.999947846 57.582050323
0.999941885 0.003350662 -0.010248327 0.861675203 -0.003333190 0.999992967 0.001721441 -1.578743458 0.010254024 -0.001687181 0.999946058 58.121173859
0.999942303 0.003372520 -0.010198287 0.866880000 -0.003361171 0.999993682 0.001129940 -1.587327480 0.010202033 -0.001095596 0.999947369 58.670593262
0.999944568 0.003577977 -0.009898848 0.869233251 -0.003567969 0.999993145 0.001028530 -1.598336220 0.009902460 -0.000993155 0.999950469 59.216236115
0.999943614 0.003663169 -0.009967926 0.874215543 -0.003650046 0.999992490 0.001334335 -1.617241621 0.009972739 -0.001297876 0.999949455 59.751579285
0.999939144 0.003504959 -0.010452095 0.883575320 -0.003497370 0.999993563 0.000744308 -1.624991536 0.010454636 -0.000707708 0.999945104 60.306121826
0.999940753 0.004188134 -0.010040035 0.884104788 -0.004179073 0.999990821 0.000923359 -1.638252020 0.010043808 -0.000881347 0.999949217 60.863357544
0.999946594 0.004318400 -0.009383378 0.889999568 -0.004307604 0.999990106 0.001170434 -1.658444047 0.009388338 -0.001129952 0.999955297 61.403232574
0.999940157 0.004104501 -0.010140027 0.891479492 -0.004098146 0.999991417 0.000647415 -1.663733959 0.010142598 -0.000605821 0.999948382 61.933559418
0.999940991 0.003526389 -0.010275383 0.896604538 -0.003524248 0.999993742 0.000226515 -1.676051378 0.010276120 -0.000190289 0.999947190 62.487991333
0.999946117 0.004268629 -0.009466081 0.893611908 -0.004262522 0.999990761 0.000665199 -1.693927288 0.009468832 -0.000624814 0.999954998 63.042156219
0.999948442 0.004041121 -0.009322087 0.895640850 -0.004032261 0.999991417 0.000969033 -1.714226604 0.009325924 -0.000931394 0.999956131 63.594638824
0.999933362 0.004662621 -0.010559989 0.925207734 -0.004652808 0.999988675 0.000953579 -1.729469419 0.010564316 -0.000904382 0.999943793 64.107444763
0.999936044 0.005030225 -0.010126499 0.922429919 -0.005021595 0.999986947 0.000877473 -1.743538141 0.010130781 -0.000826565 0.999948323 64.654304504
0.999935091 0.005208461 -0.010140827 0.933340788 -0.005194031 0.999985397 0.001448798 -1.758924127 0.010148226 -0.001396032 0.999947548 65.196533203
0.999938846 0.005375481 -0.009666175 0.922553241 -0.005364722 0.999985039 0.001138688 -1.768847704 0.009672152 -0.001086762 0.999952614 65.731346130
0.999932170 0.005252971 -0.010409318 0.945321918 -0.005245984 0.999985993 0.000698498 -1.783024907 0.010412843 -0.000643843 0.999945581 66.283676147
0.999936640 0.005021232 -0.010079980 0.943654537 -0.005017711 0.999987364 0.000374505 -1.791260004 0.010081733 -0.000323903 0.999949098 66.841354370
0.999929786 0.005669785 -0.010413455 0.958670855 -0.005666050 0.999983907 0.000388197 -1.812549829 0.010415488 -0.000329166 0.999945700 67.398422241
0.999926925 0.005150961 -0.010939166 0.970787048 -0.005144156 0.999986470 0.000650256 -1.825564742 0.010942369 -0.000593936 0.999939978 67.931953430
0.999928772 0.005184065 -0.010752859 0.978617549 -0.005169610 0.999985576 0.001371706 -1.848236799 0.010759817 -0.001316021 0.999941230 68.463439941
0.999930143 0.005033655 -0.010697138 0.984568417 -0.005025005 0.999987006 0.000835422 -1.860448837 0.010701207 -0.000781610 0.999942422 69.015586853
0.999930680 0.005517647 -0.010403527 0.968717694 -0.005512659 0.999984622 0.000507986 -1.871161222 0.010406171 -0.000450600 0.999945760 69.569534302
0.999934793 0.005286334 -0.010117919 0.975736618 -0.005283780 0.999985993 0.000279131 -1.881833911 0.010119253 -0.000225652 0.999948800 70.118438721
0.999939799 0.005083331 -0.009719508 0.979993403 -0.005079030 0.999986947 0.000467104 -1.902240872 0.009721756 -0.000417710 0.999952674 70.666709900
0.999928355 0.005605900 -0.010578181 0.985206425 -0.005597499 0.999983966 0.000823618 -1.919506550 0.010582628 -0.000764348 0.999943733 71.206314087
0.999924123 0.005445643 -0.011053903 1.003077030 -0.005440639 0.999985099 0.000482685 -1.933743954 0.011056366 -0.000422509 0.999938786 71.744659424
0.999928296 0.006114144 -0.010292508 0.995848477 -0.006104573 0.999980807 0.000961044 -1.951655388 0.010298185 -0.000898144 0.999946594 72.303207397
0.999928653 0.006057816 -0.010288987 0.996657968 -0.006050465 0.999981344 0.000745450 -1.966245890 0.010293311 -0.000683144 0.999946773 72.848991394
0.999933362 0.005536842 -0.010125841 1.005059719 -0.005528871 0.999984324 0.000814956 -1.984453917 0.010130196 -0.000758917 0.999948382 73.394821167
0.999933124 0.005629793 -0.010100828 1.005298138 -0.005623489 0.999983966 0.000652485 -1.997784972 0.010104341 -0.000595640 0.999948740 73.949058533
0.999929845 0.006002890 -0.010212214 1.006860495 -0.005995899 0.999981761 0.000715100 -2.011975765 0.010216321 -0.000653819 0.999947608 74.476104736
0.999929249 0.005927528 -0.010312662 1.015966296 -0.005916333 0.999981880 0.001115692 -2.028460979 0.010319090 -0.001054600 0.999946177 75.011306763
0.999928355 0.006428873 -0.010106845 1.019085884 -0.006412732 0.999978125 0.001628790 -2.048119068 0.010117096 -0.001563861 0.999947548 75.548988342
0.999930501 0.005815018 -0.010256980 1.026188970 -0.005804303 0.999982595 0.001074121 -2.060559034 0.010263046 -0.001014511 0.999946833 76.107543945
0.999918640 0.006994233 -0.010668947 1.031716824 -0.006977832 0.999974549 0.001573740 -2.081319094 0.010679681 -0.001499166 0.999941826 76.653152466
0.999930918 0.005946578 -0.010136990 1.037025928 -0.005935211 0.999981821 0.001150902 -2.090462208 0.010143648 -0.001090657 0.999947965 77.213531494
0.999929786 0.005793912 -0.010335543 1.044660807 -0.005783253 0.999982715 0.001060803 -2.101748943 0.010341509 -0.001000955 0.999946058 77.766021729
0.999928594 0.005387720 -0.010673524 1.057890177 -0.005374598 0.999984801 0.001257707 -2.119648695 0.010680137 -0.001200251 0.999942243 78.295661926
0.999924183 0.006641350 -0.010371576 1.051555276 -0.006630586 0.999977469 0.001071897 -2.135950089 0.010378460 -0.001003046 0.999945641 78.855278015
0.999928653 0.006201541 -0.010216900 1.064126015 -0.006189122 0.999980092 0.001246728 -2.150905371 0.010224426 -0.001183405 0.999947071 79.404174805
0.999937952 0.006195414 -0.009258245 1.057901740 -0.006192166 0.999980748 0.000379395 -2.158971071 0.009260418 -0.000322042 0.999957025 79.960762024
0.999923825 0.006071893 -0.010744675 1.077533126 -0.006060353 0.999981046 0.001106172 -2.179760456 0.010751187 -0.001040972 0.999941647 80.492523193
0.999936342 0.006268832 -0.009375451 1.081171989 -0.006258264 0.999979734 0.001156125 -2.195809126 0.009382508 -0.001097377 0.999955356 81.051109314
0.999947488 0.006080431 -0.008244181 1.086264133 -0.006073377 0.999981165 0.000880295 -2.209211826 0.008249379 -0.000830179 0.999965549 81.595375061
0.999953628 0.006500022 -0.007104980 1.095168829 -0.006491824 0.999978244 0.001176363 -2.226500273 0.007112472 -0.001130184 0.999974072 82.134696960
0.999960005 0.006660417 -0.005965963 1.106334805 -0.006653098 0.999977052 0.001245683 -2.241990566 0.005974122 -0.001205941 0.999981403 82.678344727
0.999971747 0.007063884 -0.002566102 1.119308352 -0.007061570 0.999974728 0.000909583 -2.253851891 0.002572462 -0.000891436 0.999996245 83.230979919
0.999975741 0.006823927 0.001394649 1.130171895 -0.006826000 0.999975622 0.001486954 -2.275660515 -0.001384470 -0.001496438 0.999997914 83.769126892
0.999966502 0.007029627 0.004191208 1.151499510 -0.007035223 0.999974370 0.001322166 -2.292621374 -0.004181806 -0.001351607 0.999990344 84.341217041
0.999929309 0.006874782 0.009692056 1.172706962 -0.006888400 0.999975324 0.001372414 -2.309928417 -0.009682382 -0.001439080 0.999952078 84.890823364
0.999850988 0.008099532 0.015248567 1.197206378 -0.008125418 0.999965668 0.001636412 -2.326122522 -0.015234789 -0.001760069 0.999882340 85.443893433
0.999763489 0.006991401 0.020591957 1.222926378 -0.007018954 0.999974549 0.001266047 -2.343592167 -0.020582579 -0.001410282 0.999787152 86.008476257
0.999636471 0.006232607 0.026232930 1.258166194 -0.006270668 0.999979436 0.001368811 -2.359091520 -0.026223863 -0.001532811 0.999654830 86.551818848
0.999374568 0.006608298 0.034738339 1.283613086 -0.006666646 0.999976516 0.001564053 -2.376833439 -0.034727193 -0.001794663 0.999395192 87.108909607
0.999054551 0.007174217 0.042877756 1.328359842 -0.007253105 0.999972284 0.001684552 -2.396105289 -0.042864490 -0.001993957 0.999078929 87.663917542
0.998721838 0.007152833 0.050035149 1.367182255 -0.007246477 0.999972224 0.001690409 -2.408307314 -0.050021678 -0.002050827 0.998746037 88.213630676
0.998231113 0.006752873 0.059068438 1.418260098 -0.006864758 0.999975085 0.001691440 -2.420346022 -0.059055548 -0.002093939 0.998252511 88.758834839
0.997598410 0.006825899 0.068925969 1.477249622 -0.006940939 0.999974906 0.001429689 -2.433056116 -0.068914481 -0.001904667 0.997620761 89.323188782
0.996986747 0.005854147 0.077351578 1.535628319 -0.005917459 0.999982357 0.000589318 -2.435649872 -0.077346765 -0.001045267 0.997003734 89.874954224
0.996312439 0.006369666 0.085564129 1.601097584 -0.006462705 0.999978721 0.000810396 -2.458074570 -0.085557155 -0.001360384 0.996332288 90.438934326
0.995392561 0.006191651 0.095683761 1.682687759 -0.006296333 0.999979794 0.000792147 -2.472617149 -0.095676921 -0.001390954 0.995411456 90.976593018
0.994230092 0.006658173 0.107061543 1.750126839 -0.006804544 0.999976277 0.001001913 -2.487395048 -0.107052349 -0.001724637 0.994251847 91.553169250
0.993235469 0.006085301 0.115957476 1.839179039 -0.006218811 0.999980330 0.000789622 -2.503133774 -0.115950391 -0.001505398 0.993253887 92.095764160
0.991849482 0.006246335 0.127261743 1.928515434 -0.006446519 0.999978483 0.001161189 -2.519791365 -0.127251759 -0.001972120 0.991868436 92.650558472
0.990209639 0.005267389 0.139488995 2.025071144 -0.005448211 0.999984682 0.000914483 -2.532907009 -0.139482066 -0.001665495 0.990223229 93.187965393
0.988693893 0.005114789 0.149860904 2.127966881 -0.005344732 0.999985039 0.001131648 -2.551150799 -0.149852902 -0.001919820 0.988706470 93.743812561
0.987045646 0.005313620 0.160351828 2.246179581 -0.005581755 0.999983668 0.001221772 -2.568878174 -0.160342678 -0.002100990 0.987059116 94.296920776
0.984901726 0.004583317 0.173053414 2.370903969 -0.004820965 0.999987900 0.000952974 -2.584046602 -0.173046932 -0.001772870 0.984911978 94.813301086
0.982641995 0.004425421 0.185459256 2.487948418 -0.004653980 0.999988794 0.000797073 -2.591816902 -0.185453653 -0.001646362 0.982651591 95.367759705
0.980524719 0.004533554 0.196343035 2.604450226 -0.004873743 0.999987483 0.001249493 -2.616539955 -0.196334839 -0.002182085 0.980534613 95.925559998
0.977838218 0.004934546 0.209303796 2.743366241 -0.005349393 0.999984801 0.001415983 -2.634500027 -0.209293634 -0.002504251 0.977849662 96.457153320
0.974918067 0.004775150 0.222512558 2.888536453 -0.005234096 0.999985278 0.001472884 -2.647093534 -0.222502261 -0.002600594 0.974928737 96.987800598
0.972263932 0.003960351 0.233852834 3.028030396 -0.004372646 0.999989688 0.001244614 -2.659733534 -0.233845487 -0.002232649 0.972271204 97.528320312
0.969322979 0.003610179 0.245764121 3.187999725 -0.004062788 0.999990880 0.001334644 -2.682712555 -0.245757058 -0.002292188 0.969328821 98.051834106
0.965796351 0.003658509 0.259275913 3.354982376 -0.004134169 0.999990642 0.001289323 -2.696587086 -0.259268761 -0.002317114 0.965802431 98.560317993
0.962126553 0.003714497 0.272577614 3.515106201 -0.004174042 0.999990702 0.001106087 -2.705780506 -0.272570938 -0.002201946 0.962133169 99.124588013
0.959028602 0.002943460 0.283293843 3.691873550 -0.003436979 0.999993384 0.001245070 -2.722700119 -0.283288300 -0.002167733 0.959032416 99.638847351
0.954813957 0.002847329 0.297190398 3.878635406 -0.003333934 0.999993801 0.001130502 -2.735740423 -0.297185391 -0.002070233 0.954817533 100.159049988
0.950445831 0.002441827 0.310880512 4.069555283 -0.003006427 0.999994516 0.001336952 -2.755306482 -0.310875535 -0.002205340 0.950448036 100.706001282
0.946629405 0.001311370 0.322321236 4.267873764 -0.001743682 0.999997914 0.001052531 -2.761968136 -0.322319180 -0.001558383 0.946629763 101.223274231
0.941958487 0.001073609 0.335727692 4.464523315 -0.001512965 0.999998331 0.001047106 -2.782183647 -0.335725963 -0.001494275 0.941958487 101.736724854
0.936865687 0.001394155 0.349686652 4.682523727 -0.002015461 0.999996960 0.001412883 -2.805112362 -0.349683672 -0.002028462 0.936865628 102.254669189
0.932240546 0.001168495 0.361837417 4.904048920 -0.001876120 0.999996901 0.001604322 -2.819186687 -0.361834466 -0.002174465 0.932239890 102.762924194
0.927541494 0.000692088 0.373719722 5.120780945 -0.000997394 0.999999285 0.000623560 -2.821629047 -0.373719066 -0.000951123 0.927541435 103.264533997
0.921668649 -0.000366657 0.387977749 5.362903595 -0.000108037 0.999999285 0.001201696 -2.842905521 -0.387977839 -0.001149482 0.921667993 103.766510010
0.915925145 -0.000115263 0.401348978 5.599060059 -0.000565851 0.999998629 0.001578525 -2.858676434 -0.401348621 -0.001672914 0.915923834 104.264190674
0.911108971 -0.000895257 0.412164479 5.846305847 0.000275305 0.999998748 0.001563510 -2.876642704 -0.412165403 -0.001311057 0.911108136 104.735214233
0.905073106 -0.001575578 0.425252676 6.108951569 0.001063326 0.999998331 0.001441936 -2.890555382 -0.425254226 -0.000852875 0.905073524 105.220603943
0.898164093 -0.001314677 0.439658314 6.365467072 0.000752211 0.999998689 0.001453552 -2.903047323 -0.439659595 -0.000974813 0.898163915 105.758590698
0.892353117 -0.001861932 0.451333970 6.633514404 0.001221428 0.999997854 0.001710447 -2.921202183 -0.451336175 -0.000975050 0.892353356 106.236343384
0.886725307 -0.001743850 0.462293357 6.904773712 0.001261040 0.999998271 0.001353364 -2.928739786 -0.462294936 -0.000617091 0.886725962 106.736770630
0.879500866 -0.002578673 0.475890279 7.175071716 0.002174586 0.999996662 0.001399723 -2.942624569 -0.475892395 -0.000196193 0.879503429 107.194900513
0.872488141 -0.002878882 0.488626689 7.463809967 0.002552940 0.999995828 0.001333245 -2.955313444 -0.488628507 0.000084194 0.872491896 107.668861389
