1.000000000 0.000000000 0.000000000 0.000000000 0.000000000 1.000000000 0.000000000 0.000000000 0.000000000 0.000000000 1.000000000 0.000000000
1.000000000 0.000077624 0.000001164 0.000132089 -0.000077624 1.000000000 -0.000024232 0.000076777 -0.000001166 0.000024232 1.000000000 -0.000011748
1.000000000 0.000105846 0.000075908 -0.000449246 -0.000105849 1.000000000 0.000048193 -0.000200810 -0.000075903 -0.000048201 1.000000000 0.000292808
1.000000000 -0.000035801 0.000053483 0.000201257 0.000035802 1.000000000 -0.000020021 0.000558606 -0.000053482 0.000020023 1.000000000 0.000743681
1.000000000 -0.000047748 0.000065238 -0.000431983 0.000047745 1.000000000 0.000046940 -0.000272577 -0.000065240 -0.000046937 1.000000000 -0.000416447
1.000000000 0.000014017 0.000127360 -0.000953328 -0.000014019 1.000000000 0.000014342 0.000434826 -0.000127360 -0.000014344 1.000000000 0.000393928
1.000000000 -0.000087967 0.000094356 -0.000084259 0.000087967 1.000000000 -0.000003319 -0.000161230 -0.000094356 0.000003327 1.000000000 -0.000046471
1.000000000 -0.000019701 0.000076898 0.000173439 0.000019695 1.000000000 0.000070477 -0.000650459 -0.000076899 -0.000070475 1.000000000 -0.000124918
1.000000000 0.000004728 0.000018426 -0.000253288 -0.000004727 1.000000000 -0.000061655 0.000102359 -0.000018426 0.000061655 1.000000000 -0.000033885
1.000000000 0.000006619 0.000067297 0.000175141 -0.000006623 1.000000000 0.000062036 -0.001119733 -0.000067296 -0.000062036 1.000000000 -0.000247477
1.000000000 0.000084005 0.000087427 -0.000672393 -0.000084012 1.000000000 0.000089886 -0.000940212 -0.000087419 -0.000089893 1.000000000 -0.000197537
1.000000000 0.000027950 0.000103290 -0.000193324 -0.000027952 1.000000000 0.000023156 0.000023850 -0.000103289 -0.000023159 1.000000000 0.000498145
1.000000000 0.000062995 0.000023255 -0.000429515 -0.000062994 1.000000000 -0.000044414 -0.000811230 -0.000023257 0.000044413 1.000000000 -0.001249043
1.000000000 0.000062078 0.000045499 -0.000396608 -0.000062078 1.000000000 0.000012503 0.000081542 -0.000045499 -0.000012506 1.000000000 0.000052181
1.000000000 -0.000004554 0.000050604 -0.000457108 0.000004557 1.000000000 -0.000063726 0.000435366 -0.000050604 0.000063726 1.000000000 0.000344389
1.000000000 -0.000000806 -0.000007280 0.000508471 0.000000806 1.000000000 -0.000030774 0.000847989 0.000007280 0.000030774 1.000000000 0.001423826
1.000000000 0.000041843 0.000087790 -0.000601496 -0.000041837 1.000000000 -0.000066145 0.001104868 -0.000087793 0.000066141 1.000000000 0.001766634
1.000000000 0.000113926 0.000096347 -0.001240655 -0.000113923 1.000000000 -0.000024667 0.000167134 -0.000096350 0.000024656 1.000000000 0.000109312
0.999999940 0.000215455 0.000142802 -0.001580984 -0.000215453 1.000000000 -0.000013429 0.000473358 -0.000142805 0.000013398 1.000000000 0.001126234
1.000000000 0.000136623 0.000143477 -0.001255729 -0.000136618 1.000000000 -0.000036161 0.000846137 -0.000143482 0.000036141 1.000000000 0.001260149
1.000000000 0.000114022 0.000132347 -0.001202240 -0.000114020 1.000000000 -0.000019126 -0.000041381 -0.000132349 0.000019111 1.000000000 0.000664559
1.000000000 0.000184167 0.000108484 -0.001814195 -0.000184169 1.000000000 0.000014393 0.000402024 -0.000108482 -0.000014413 1.000000000 0.000918303
1.000000000 0.000172822 0.000048043 -0.000241198 -0.000172822 1.000000000 0.000012500 0.000566962 -0.000048041 -0.000012508 1.000000000 0.001334686
1.000000000 0.000129314 0.000081139 -0.000930895 -0.000129312 1.000000000 -0.000014970 0.000982382 -0.000081141 0.000014960 1.000000000 0.001569733
0.999999940 0.000373401 0.000050845 -0.001150817 -0.000373402 0.999999940 0.000003409 0.001622974 -0.000050844 -0.000003428 1.000000000 0.002486198
0.999999940 0.000344449 0.000112940 -0.001391709 -0.000344451 0.999999940 0.000020800 0.000896113 -0.000112932 -0.000020839 1.000000000 0.000667429
1.000000000 0.000195573 0.000142459 -0.000845452 -0.000195574 1.000000000 0.000008175 0.002101267 -0.000142457 -0.000008203 1.000000000 0.002386126
0.999999940 0.000207789 0.000173370 -0.001653802 -0.000207793 1.000000000 0.000023791 0.001180553 -0.000173365 -0.000023827 1.000000000 0.001662810
1.000000000 0.000154663 0.000074763 -0.000831530 -0.000154663 1.000000000 0.000002823 0.001747553 -0.000074762 -0.000002835 1.000000000 0.001502230
1.000000000 0.000166646 0.000127892 -0.001422051 -0.000166639 1.000000000 -0.000052070 0.001950832 -0.000127901 0.000052048 1.000000000 0.002253067
0.999999940 0.000172788 0.000176829 -0.000973715 -0.000172791 1.000000000 0.000019392 0.001031658 -0.000176826 -0.000019422 1.000000000 0.002117229
1.000000000 0.000108427 0.000140725 -0.000806873 -0.000108424 1.000000000 -0.000025262 0.001938991 -0.000140728 0.000025247 1.000000000 0.002329669
0.999999940 0.000248360 0.000074232 -0.000603164 -0.000248352 0.999999940 -0.000109164 0.002118784 -0.000074259 0.000109146 1.000000000 0.001839242
1.000000000 0.000183928 0.000145295 -0.001550826 -0.000183924 1.000000000 -0.000025958 0.001347103 -0.000145300 0.000025931 1.000000000 0.001379381
0.999999940 0.000270481 0.000177386 -0.002141560 -0.000270471 0.999999940 -0.000059154 0.000889955 -0.000177402 0.000059106 1.000000000 0.000892518
0.999999940 0.000277260 0.000203903 -0.001521098 -0.000277247 0.999999940 -0.000062061 0.001612028 -0.000203920 0.000062005 1.000000000 0.001587997
0.999999940 0.000211631 0.000153307 -0.001096345 -0.000211633 1.000000000 0.000009594 0.001318493 -0.000153305 -0.000009627 1.000000000 0.001151022
0.999999940 0.000234726 0.000096841 -0.001013837 -0.000234724 1.000000000 -0.000020803 0.002124401 -0.000096845 0.000020780 1.000000000 0.002200654
0.999999940 0.000324232 0.000171178 -0.001193069 -0.000324231 0.999999940 -0.000007031 0.001608888 -0.000171180 0.000006976 1.000000000 0.001001703
0.999999940 0.000227177 0.000105255 -0.000844943 -0.000227172 1.000000000 -0.000050473 0.002851158 -0.000105266 0.000050449 1.000000000 0.002355650
0.999999940 0.000093398 0.000332022 -0.001087065 -0.000093480 0.999999940 0.000247932 -0.001724977 -0.000331999 -0.000247963 0.999999940 0.002025839
0.999999821 0.000357217 0.000504795 -0.000840686 -0.000357059 0.999999881 -0.000313129 -0.003756867 -0.000504907 0.000312949 0.999999821 0.049712609
0.999999702 0.000749721 -0.000068369 -0.002874685 -0.000749789 0.999999166 -0.001006047 -0.004913091 0.000067615 0.001006098 0.999999464 0.135447219
0.999999642 0.000744582 -0.000056643 -0.001371961 -0.000744655 0.999998868 -0.001300210 -0.008084293 0.000055675 0.001300252 0.999999106 0.249353886
0.999999523 0.000939841 -0.000074525 0.003277191 -0.000939939 0.999998689 -0.001318706 -0.009788475 0.000073285 0.001318775 0.999999106 0.385030597
0.999999821 0.000589181 -0.000173238 0.006011347 -0.000589353 0.999999344 -0.000995142 -0.017361730 0.000172651 0.000995244 0.999999464 0.523631811
0.999999881 -0.000118180 0.000465992 0.010304065 0.000118281 0.999999881 -0.000216751 -0.029857010 -0.000465966 0.000216806 0.999999881 0.657594800
0.999999821 -0.000058307 0.000586899 0.014517069 0.000058295 0.999999940 0.000018993 -0.033164285 -0.000586900 -0.000018959 0.999999881 0.822077334
0.999999762 0.000084850 0.000677812 0.011694377 -0.000084690 0.999999940 -0.000235916 -0.035944402 -0.000677832 0.000235859 0.999999702 1.000893474
0.999999702 0.000123618 0.000642817 0.014502659 -0.000123475 0.999999940 -0.000223372 -0.039431415 -0.000642845 0.000223293 0.999999762 1.179565787
0.999999881 0.000220464 0.000486902 0.018753130 -0.000220488 1.000000000 0.000049781 -0.045944091 -0.000486891 -0.000049889 0.999999881 1.357840419
0.999999881 0.000499227 0.000272299 0.022873076 -0.000499197 0.999999940 -0.000110614 -0.048653208 -0.000272354 0.000110478 0.999999940 1.550415993
0.999999523 0.000773177 0.000635682 0.023654817 -0.000773211 0.999999642 0.000054369 -0.053539652 -0.000635640 -0.000054860 0.999999821 1.751813054
0.999998868 0.001287408 0.000859066 0.024819298 -0.001287732 0.999999166 0.000377188 -0.060178943 -0.000858579 -0.000378293 0.999999583 1.952689767
0.999999762 0.000084609 0.000703945 0.034297321 -0.000085107 0.999999762 0.000707027 -0.072068542 -0.000703885 -0.000707087 0.999999523 2.145620346
0.999999523 0.000318515 0.000854661 0.037007347 -0.000319066 0.999999702 0.000644926 -0.074558012 -0.000854455 -0.000645199 0.999999404 2.366743088
0.999999404 0.000760678 0.000750451 0.046445411 -0.000760875 0.999999821 0.000261690 -0.079514623 -0.000750252 -0.000262261 0.999999642 2.591495275
0.999999404 0.000750675 0.000784748 0.052210134 -0.000751077 0.999999583 0.000511562 -0.089789264 -0.000784364 -0.000512151 0.999999583 2.821776628
0.999999344 0.000741801 0.000885994 0.053417705 -0.000742275 0.999999583 0.000534745 -0.097822979 -0.000885597 -0.000535403 0.999999464 3.055832624
0.999999106 0.000844958 0.000974066 0.059736185 -0.000845797 0.999999285 0.000861377 -0.105669826 -0.000973338 -0.000862200 0.999999106 3.292099714
0.999999702 0.000068800 0.000745302 0.065417379 -0.000069574 0.999999464 0.001038227 -0.118322015 -0.000745231 -0.001038278 0.999999166 3.550777435
0.999999523 0.000099528 0.000894158 0.071809709 -0.000100517 0.999999404 0.001105125 -0.126750782 -0.000894047 -0.001105215 0.999998987 3.800213575
0.999998987 0.000890276 0.001105777 0.066424891 -0.000891086 0.999999344 0.000732447 -0.124244221 -0.001105125 -0.000733432 0.999999046 4.072865009
0.999999046 0.000975961 0.000996745 0.073030949 -0.000976448 0.999999404 0.000489045 -0.127535522 -0.000996268 -0.000490018 0.999999344 4.331001282
0.999999583 0.000360457 0.000864459 0.086359642 -0.000361530 0.999999106 0.001240474 -0.145553917 -0.000864011 -0.001240785 0.999998868 4.564893246
0.999998748 0.000995348 0.001232358 0.088277340 -0.000997040 0.999998510 0.001373119 -0.151655644 -0.001230990 -0.001374346 0.999998331 4.824943542
0.999998510 0.001117335 0.001322834 0.091970555 -0.001118866 0.999998629 0.001157384 -0.155285850 -0.001321539 -0.001158862 0.999998450 5.095317841
0.999998093 0.001100346 0.001622396 0.094638370 -0.001101866 0.999998868 0.000935894 -0.160883129 -0.001621364 -0.000937680 0.999998212 5.355854511
0.999998510 0.000659033 0.001608909 0.100668371 -0.000660926 0.999999106 0.001176508 -0.168465063 -0.001608132 -0.001177570 0.999998033 5.614748001
0.999998093 0.000966889 0.001692171 0.097762272 -0.000968880 0.999998868 0.001175768 -0.179348022 -0.001691032 -0.001177406 0.999997795 5.887352467
0.999998033 0.000934137 0.001767596 0.103064612 -0.000936359 0.999998808 0.001256518 -0.189161569 -0.001766420 -0.001258171 0.999997556 6.169640064
0.999997795 0.001269378 0.001670929 0.118600227 -0.001271286 0.999998569 0.001140885 -0.193616629 -0.001669478 -0.001143007 0.999997914 6.451904297
0.999998212 0.000928705 0.001638012 0.121953048 -0.000930983 0.999998569 0.001391006 -0.201642752 -0.001636717 -0.001392528 0.999997675 6.746136189
0.999998212 0.001032083 0.001592266 0.131825417 -0.001033942 0.999998927 0.001166832 -0.206120372 -0.001591060 -0.001168477 0.999997973 7.037898064
0.999997973 0.001202831 0.001625451 0.138664678 -0.001204647 0.999998629 0.001116353 -0.215562299 -0.001624106 -0.001118308 0.999997973 7.334716320
0.999997735 0.001325951 0.001667234 0.143226817 -0.001328092 0.999998271 0.001283712 -0.227013662 -0.001665529 -0.001285923 0.999997735 7.635481358
0.999998152 0.001152294 0.001542284 0.154937983 -0.001154800 0.999998033 0.001625172 -0.237519488 -0.001540408 -0.001626950 0.999997497 7.962845325
0.999997258 0.001419408 0.001904871 0.155986696 -0.001422160 0.999997973 0.001444209 -0.244838044 -0.001902817 -0.001446914 0.999997139 8.276528358
0.999997735 0.001214247 0.001740590 0.165791288 -0.001217057 0.999997973 0.001614404 -0.254596889 -0.001738626 -0.001616518 0.999997139 8.607728004
0.999996901 0.001555741 0.001952535 0.169134587 -0.001558059 0.999998093 0.001185799 -0.259900272 -0.001950686 -0.001188837 0.999997377 8.945365906
0.999997139 0.001723886 0.001679944 0.179547444 -0.001725699 0.999997973 0.001078056 -0.271269351 -0.001678082 -0.001080952 0.999997973 9.286405563
0.999995649 0.001958376 0.002199530 0.182669178 -0.001961413 0.999997139 0.001378782 -0.284717500 -0.002196823 -0.001383091 0.999996603 9.608700752
0.999996006 0.001710463 0.002237895 0.190160215 -0.001714042 0.999997258 0.001598079 -0.294354707 -0.002235155 -0.001601908 0.999996245 9.959368706
0.999996066 0.001659260 0.002257891 0.197897568 -0.001662243 0.999997735 0.001319407 -0.300693542 -0.002255696 -0.001323155 0.999996543 10.322142601
0.999996543 0.001539867 0.002133642 0.208396405 -0.001542307 0.999998093 0.001142272 -0.310736984 -0.002131879 -0.001145559 0.999997139 10.683629990
0.999995351 0.001987148 0.002301485 0.217359871 -0.001990434 0.999997020 0.001426690 -0.315092802 -0.002298643 -0.001431264 0.999996305 11.044788361
0.999996066 0.001744697 0.002193283 0.231899127 -0.001748105 0.999997258 0.001552731 -0.326426357 -0.002190568 -0.001556559 0.999996364 11.414033890
0.999993443 0.002538718 0.002565978 0.225645483 -0.002542437 0.999995708 0.001447303 -0.340483129 -0.002562292 -0.001453818 0.999995649 11.799743652
0.999992728 0.002590447 0.002808927 0.233795241 -0.002595901 0.999994695 0.001939795 -0.356233895 -0.002803887 -0.001947073 0.999994218 12.185608864
0.999992967 0.002644549 0.002648960 0.250499099 -0.002649757 0.999994576 0.001964177 -0.369491458 -0.002643751 -0.001971183 0.999994576 12.542983055
0.999992728 0.002458182 0.002916697 0.248166978 -0.002464161 0.999994874 0.002047904 -0.376341820 -0.002911648 -0.002055076 0.999993622 12.957233429
0.999993563 0.001819825 0.003084247 0.260234028 -0.001825742 0.999996483 0.001916664 -0.391139954 -0.003080749 -0.001922283 0.999993384 13.352829933
0.999992549 0.002066972 0.003233339 0.267978042 -0.002073323 0.999995947 0.001962138 -0.402263463 -0.003229270 -0.001968828 0.999992847 13.757934570
0.999992073 0.002175991 0.003336382 0.282017767 -0.002183083 0.999995351 0.002123587 -0.411886245 -0.003331746 -0.002130853 0.999992192 14.169726372
0.999988973 0.002525812 0.003954045 0.284679443 -0.002534419 0.999994457 0.002172959 -0.428131044 -0.003948535 -0.002182956 0.999989748 14.587178230
0.999989748 0.002715283 0.003616444 0.302404642 -0.002723371 0.999993742 0.002233534 -0.436840177 -0.003610356 -0.002243360 0.999990940 15.022237778
0.999989688 0.002391154 0.003855221 0.310960710 -0.002400760 0.999994159 0.002489140 -0.453918219 -0.003849247 -0.002498370 0.999989450 15.448233604
0.999987364 0.002445548 0.004422979 0.317664206 -0.002454582 0.999994874 0.002038094 -0.460720122 -0.004417974 -0.002048925 0.999988079 15.889714241
0.999986470 0.002546898 0.004532869 0.330935031 -0.002556467 0.999994516 0.002106590 -0.473580837 -0.004527479 -0.002118150 0.999987423 16.337596893
0.999984503 0.002919134 0.004734996 0.340946287 -0.002927726 0.999994159 0.001808811 -0.486281484 -0.004729689 -0.001822646 0.999987125 16.781129837
0.999983251 0.002803169 0.005068600 0.351529628 -0.002814999 0.999993324 0.002328287 -0.500465989 -0.005062039 -0.002342516 0.999984443 17.231979370
0.999984503 0.002539288 0.004957643 0.362084210 -0.002553872 0.999992371 0.002937488 -0.516324341 -0.004950147 -0.002950104 0.999983430 17.686775208
0.999983370 0.002254281 0.005307697 0.376269758 -0.002267159 0.999994457 0.002421359 -0.525615215 -0.005302210 -0.002433352 0.999982953 18.164009094
0.999984741 0.002228814 0.005047128 0.389496624 -0.002241149 0.999994516 0.002439584 -0.534603179 -0.005041663 -0.002450858 0.999984264 18.626493454
0.999987781 0.001850954 0.004589927 0.408896506 -0.001863303 0.999994576 0.002687556 -0.555642903 -0.004584928 -0.002696076 0.999985814 19.105585098
0.999980211 0.002709696 0.005673591 0.416548491 -0.002723735 0.999993205 0.002468237 -0.562478364 -0.005666864 -0.002483642 0.999980867 19.577392578
0.999982715 0.002309507 0.005403239 0.424615443 -0.002324693 0.999993384 0.002805984 -0.575852871 -0.005396722 -0.002818497 0.999981463 20.064291000
0.999978244 0.002724116 0.005994668 0.437832415 -0.002743053 0.999991238 0.003153025 -0.598137558 -0.005986026 -0.003169400 0.999977052 20.550203323
0.999981046 0.003063893 0.005332857 0.449689388 -0.003081711 0.999989629 0.003336203 -0.608876288 -0.005322581 -0.003352574 0.999980211 21.053356171
0.999984086 0.002119216 0.005233017 0.459451169 -0.002133264 0.999994099 0.002680269 -0.617325485 -0.005227306 -0.002691390 0.999982715 21.568498611
0.999987662 0.001893728 0.004595321 0.473199427 -0.001906750 0.999994278 0.002830871 -0.633962572 -0.004589933 -0.002839599 0.999985456 22.073923111
0.999989748 0.001851222 0.004143934 0.488999307 -0.001861818 0.999994934 0.002554432 -0.647994995 -0.004139184 -0.002562121 0.999988198 22.584331512
0.999988437 0.002430948 0.004154626 0.491139024 -0.002444044 0.999992013 0.003149971 -0.662822187 -0.004146936 -0.003160089 0.999986351 23.098062515
0.999990225 0.002609130 0.003572184 0.501816630 -0.002620224 0.999991775 0.003104543 -0.675887525 -0.003564055 -0.003113873 0.999988735 23.608400345
0.999994934 0.001204646 0.002954912 0.511480153 -0.001212828 0.999995470 0.002768721 -0.690370262 -0.002951564 -0.002772290 0.999991715 24.133567810
0.999995768 0.001727893 0.002396508 0.521680653 -0.001735318 0.999993682 0.003099585 -0.702051580 -0.002391137 -0.003103731 0.999992311 24.674510956
0.999996841 0.001826859 0.001683304 0.533289552 -0.001833051 0.999991477 0.003684469 -0.721234798 -0.001676559 -0.003687543 0.999991775 25.214897156
0.999996960 0.002039912 0.001340654 0.538575888 -0.002044979 0.999990821 0.003789202 -0.731573045 -0.001332912 -0.003791933 0.999991894 25.765899658
0.999996066 0.002586582 0.001066911 0.547599912 -0.002590456 0.999989986 0.003645896 -0.741756201 -0.001057470 -0.003648645 0.999992728 26.318162918
0.999998510 0.001572555 0.000679889 0.556345761 -0.001575268 0.999990642 0.004007883 -0.758861184 -0.000673581 -0.004008948 0.999991715 26.872055054
0.999998987 0.001440356 0.000056806 0.568861187 -0.001440568 0.999991238 0.003928044 -0.776073635 -0.000051148 -0.003928122 0.999992251 27.424015045
0.999996960 0.002462731 -0.000154685 0.579014719 -0.002462158 0.999990463 0.003604109 -0.789093912 0.000163559 -0.003603718 0.999993503 27.973379135
0.999996722 0.002525001 -0.000350513 0.590283811 -0.002523752 0.999990582 0.003521323 -0.797525346 0.000359401 -0.003520427 0.999993742 28.533794403
0.999995649 0.002915506 -0.000480898 0.594243109 -0.002913551 0.999987662 0.004017136 -0.820425808 0.000492604 -0.004015717 0.999991834 29.064973831
0.999995649 0.002798236 -0.000972521 0.600813091 -0.002794382 0.999988317 0.003941381 -0.832568884 0.000983538 -0.003938646 0.999991775 29.617202759
0.999996006 0.002673760 -0.000931428 0.609696865 -0.002670246 0.999989331 0.003753711 -0.839487791 0.000941455 -0.003751208 0.999992549 30.163825989
0.999995172 0.002826581 -0.001278656 0.619566560 -0.002822163 0.999990106 0.003444922 -0.851286829 0.001288381 -0.003441297 0.999993265 30.700727463
0.999995112 0.002885387 -0.001219935 0.630024731 -0.002880584 0.999988079 0.003920612 -0.868865132 0.001231234 -0.003917078 0.999991596 31.237783432
0.999993265 0.003287969 -0.001616342 0.637145519 -0.003282387 0.999988675 0.003444052 -0.874235511 0.001627648 -0.003438723 0.999992788 31.799928665
0.999992907 0.003174558 -0.001992743 0.649380922 -0.003167286 0.999988377 0.003642087 -0.898234427 0.002004282 -0.003635750 0.999991298 32.321521759
0.999990106 0.003935372 -0.002008273 0.648677111 -0.003927814 0.999985278 0.003753217 -0.916021526 0.002023013 -0.003745292 0.999990880 32.858787537
0.999993622 0.002458867 -0.002593502 0.668881655 -0.002449754 0.999990761 0.003510756 -0.923887193 0.002602112 -0.003504380 0.999990463 33.397945404
0.999994040 0.002225792 -0.002652201 0.679724753 -0.002215501 0.999989986 0.003876670 -0.938753426 0.002660804 -0.003870770 0.999988973 33.948417664
0.999990880 0.002901746 -0.003136511 0.686185658 -0.002889939 0.999988735 0.003762132 -0.949670613 0.003147392 -0.003753034 0.999988019 34.483211517
0.999992132 0.002110933 -0.003366338 0.697157860 -0.002099013 0.999991536 0.003540336 -0.963721037 0.003373783 -0.003533242 0.999988079 35.017784119
0.999991179 0.001482392 -0.003927357 0.712917030 -0.001467897 0.999992132 0.003690977 -0.980500042 0.003932798 -0.003685180 0.999985516 35.549201965
0.999989271 0.001946360 -0.004217558 0.721793056 -0.001931288 0.999991775 0.003574885 -0.989838481 0.004224481 -0.003566701 0.999984741 36.112541199
0.999991119 0.001691919 -0.003858655 0.719927728 -0.001678504 0.999992549 0.003477125 -1.005892515 0.003864509 -0.003470617 0.999986529 36.641952515
0.999987602 0.003334611 -0.003705242 0.719093323 -0.003322779 0.999989390 0.003194566 -1.017017484 0.003715856 -0.003182214 0.999988019 37.190544128
0.999988139 0.001774200 -0.004537697 0.746229827 -0.001759286 0.999993026 0.003288735 -1.031085491 0.004543502 -0.003280713 0.999984324 37.741062164
0.999985754 0.001679348 -0.005071507 0.759427309 -0.001666167 0.999995232 0.002602173 -1.035376668 0.005075852 -0.002593686 0.999983788 38.312374115
0.999985993 0.001978891 -0.004919326 0.761431634 -0.001964468 0.999993801 0.002934914 -1.054561257 0.004925103 -0.002925208 0.999983609 38.826175690
0.999985993 0.001861289 -0.004947989 0.765595675 -0.001847161 0.999994218 0.002858578 -1.065604806 0.004953280 -0.002849398 0.999983668 39.349056244
0.999985695 0.001860237 -0.005014766 0.773538828 -0.001844633 0.999993443 0.003114643 -1.082050085 0.005020527 -0.003105348 0.999982536 39.901962280
0.999983788 0.001303596 -0.005539285 0.791283548 -0.001287447 0.999994934 0.002917975 -1.092029691 0.005543062 -0.002910796 0.999980330 40.431171417
0.999981761 0.002039732 -0.005680304 0.812128246 -0.002029161 0.999996245 0.001866058 -1.100351691 0.005684087 -0.001854498 0.999982119 41.003643036
0.999984205 0.002190029 -0.005175170 0.792893708 -0.002174317 0.999993026 0.003039646 -1.119360089 0.005181790 -0.003028346 0.999981999 41.514358521
0.999983132 0.002618047 -0.005174745 0.803788185 -0.002603448 0.999992609 0.002825829 -1.127556562 0.005182106 -0.002812310 0.999982595 42.073398590
0.999982059 0.002332870 -0.005533324 0.817877471 -0.002315592 0.999992490 0.003126995 -1.144989848 0.005540577 -0.003114126 0.999979794 42.596797943
0.999980986 0.003254757 -0.005235695 0.816253185 -0.003238440 0.999989927 0.003122040 -1.156091809 0.005245805 -0.003105025 0.999981463 43.098365784
0.999981463 0.002224073 -0.005670888 0.840935767 -0.002207685 0.999993384 0.002894417 -1.182232380 0.005677290 -0.002881844 0.999979734 43.684013367
0.999980271 0.001911725 -0.006001080 0.846374989 -0.001893153 0.999993384 0.003099076 -1.198620200 0.006006965 -0.003087654 0.999977171 44.212432861
0.999981582 0.001826561 -0.005783531 0.854583502 -0.001807635 0.999992967 0.003276028 -1.212407112 0.005789472 -0.003265512 0.999977887 44.797229767
0.999982595 0.001081714 -0.005804390 0.856453776 -0.001069724 0.999997318 0.002068141 -1.209532619 0.005806611 -0.002061896 0.999980986 45.368980408
0.999982774 0.001250463 -0.005744739 0.861782551 -0.001238380 0.999997079 0.002106324 -1.221217990 0.005747356 -0.002099174 0.999981225 45.917888641
0.999984801 0.002430243 -0.004940460 0.876319528 -0.002417300 0.999993622 0.002624024 -1.242551684 0.004946807 -0.002612042 0.999984324 46.420269012
0.999983132 0.001939034 -0.005475795 0.889958560 -0.001922679 0.999993742 0.002990322 -1.255470872 0.005481559 -0.002979744 0.999980569 46.969650269
0.999981880 0.001887806 -0.005716130 0.892681718 -0.001869988 0.999993324 0.003120782 -1.268478155 0.005721983 -0.003110037 0.999978781 47.534877777
0.999980271 0.002794848 -0.005621411 0.926824331 -0.002778130 0.999991715 0.002979577 -1.292949677 0.005629692 -0.002963901 0.999979734 47.976402283
0.999980748 0.002853457 -0.005502309 0.933693767 -0.002836485 0.999991179 0.003089860 -1.306424856 0.005511077 -0.003074194 0.999980092 48.493644714
0.999980390 0.003306625 -0.005316698 0.941815495 -0.003292343 0.999990940 0.002692703 -1.315469742 0.005325554 -0.002675146 0.999982238 49.047653198
0.999981523 0.003181556 -0.005185208 0.948961318 -0.003164604 0.999989629 0.003274168 -1.333647490 0.005195571 -0.003257698 0.999981225 49.565555573
0.999980211 0.002929297 -0.005556267 0.958899617 -0.002911966 0.999990880 0.003124869 -1.347239614 0.005565370 -0.003108627 0.999979675 50.095748901
0.999978542 0.002836223 -0.005900698 0.966491222 -0.002817171 0.999990761 0.003234719 -1.362117529 0.005909817 -0.003218026 0.999977350 50.632156372
0.999980807 0.003145258 -0.005342166 0.980971158 -0.003129914 0.999990940 0.002877889 -1.371078849 0.005351171 -0.002861113 0.999981582 51.129409790
0.999977827 0.003313113 -0.005779337 0.987326145 -0.003294350 0.999989271 0.003252867 -1.385721326 0.005790052 -0.003233756 0.999978006 51.645828247
0.999978662 0.003832004 -0.005285369 0.994570613 -0.003816575 0.999988437 0.002926335 -1.399397135 0.005296520 -0.002906101 0.999981701 52.178562164
0.999979913 0.003195778 -0.005457668 1.004316568 -0.003178695 0.999990046 0.003135774 -1.414198041 0.005467635 -0.003118363 0.999980152 52.703624725
0.999979913 0.003519113 -0.005270462 1.008936882 -0.003504220 0.999989808 0.002832359 -1.426591635 0.005280375 -0.002813833 0.999982119 53.233833313
0.999977827 0.003740715 -0.005508896 1.018162966 -0.003725994 0.999989450 0.002679883 -1.439164877 0.005518863 -0.002659298 0.999981165 53.785114288
0.999979198 0.003923073 -0.005114236 1.019242167 -0.003909023 0.999988556 0.002754267 -1.452469945 0.005124981 -0.002734218 0.999983132 54.311779022
0.999978065 0.004018055 -0.005263641 1.026832700 -0.004004718 0.999988794 0.002541998 -1.464040995 0.005273793 -0.002520863 0.999982953 54.863059998
0.999979138 0.003654501 -0.005326401 1.045173287 -0.003640489 0.999989867 0.002637790 -1.481821299 0.005335987 -0.002618344 0.999982357 55.406169891
0.999979734 0.003474247 -0.005339900 1.050470710 -0.003460073 0.999990463 0.002661246 -1.494098425 0.005349095 -0.002642716 0.999982178 55.944080353
0.999979198 0.004108794 -0.004968546 1.060271740 -0.004096666 0.999988556 0.002448497 -1.508081794 0.004978550 -0.002428091 0.999984682 56.470161438
0.999979436 0.004120969 -0.004935530 1.064869046 -0.004109664 0.999988914 0.002298609 -1.517153978 0.004944947 -0.002278278 0.999985158 57.015293121
0.999980450 0.003907984 -0.004890501 1.074495792 -0.003895538 0.999989092 0.002551758 -1.534696102 0.004900420 -0.002532657 0.999984741 57.561611176
0.999980152 0.004330898 -0.004576411 1.080775261 -0.004321263 0.999988437 0.002113249 -1.547075510 0.004585511 -0.002093432 0.999987245 58.089439392
0.999979675 0.003865684 -0.005067483 1.106469393 -0.003850746 0.999988258 0.002954062 -1.552724957 0.005078844 -0.002934488 0.999982774 58.667388916
0.999980450 0.003945535 -0.004852780 1.097521305 -0.003935352 0.999989986 0.002106188 -1.575606704 0.004861041 -0.002087049 0.999985993 59.158500671
0.999980927 0.003830585 -0.004873011 1.108302355 -0.003821496 0.999990940 0.001873071 -1.587471724 0.004880143 -0.001854413 0.999986291 59.705276489
0.999981165 0.003250813 -0.005214886 1.118067861 -0.003241771 0.999993205 0.001741199 -1.596496820 0.005220511 -0.001724261 0.999984801 60.261798859
0.999980509 0.004538421 -0.004285124 1.121480942 -0.004530045 0.999987781 0.001962090 -1.617139816 0.004293975 -0.001942640 0.999988914 60.803920746
0.999981046 0.004443824 -0.004263433 1.133484125 -0.004435338 0.999988139 0.001997835 -1.628148794 0.004272260 -0.001978887 0.999988854 61.350387573
0.999979913 0.004855382 -0.004071129 1.137100577 -0.004848224 0.999986708 0.001765881 -1.645334721 0.004079649 -0.001746108 0.999990165 61.887390137
0.999979675 0.005182674 -0.003707221 1.141643763 -0.005176898 0.999985516 0.001565806 -1.659023762 0.003715281 -0.001546582 0.999991894 62.436286926
0.999979377 0.004967748 -0.004057326 1.153664827 -0.004960987 0.999986291 0.001674967 -1.671995521 0.004065592 -0.001654804 0.999990344 62.977233887
0.999978662 0.005414178 -0.003664763 1.158380389 -0.005408480 0.999984205 0.001562733 -1.690063477 0.003673165 -0.001542879 0.999992013 63.525287628
0.999977529 0.005182037 -0.004248672 1.175188184 -0.005174832 0.999985158 0.001704774 -1.704110146 0.004257443 -0.001682749 0.999989510 64.036254883
0.999977648 0.005268044 -0.004113909 1.178064704 -0.005262857 0.999985337 0.001270485 -1.715088129 0.004120542 -0.001248806 0.999990702 64.562324524
0.999976397 0.005723750 -0.003799158 1.183886766 -0.005718868 0.999982953 0.001294284 -1.731869340 0.003806501 -0.001272527 0.999991953 65.076782227
0.999978364 0.005352203 -0.003806244 1.194103479 -0.005346350 0.999984503 0.001546233 -1.747329831 0.003814460 -0.001525850 0.999991536 65.596641541
0.999977469 0.005628147 -0.003656742 1.195196033 -0.005623722 0.999983430 0.001219309 -1.759798765 0.003663544 -0.001198717 0.999992549 66.137115479
0.999977767 0.005625414 -0.003576635 1.209175825 -0.005622874 0.999983907 0.000719597 -1.773849010 0.003580625 -0.000699470 0.999993324 66.696640015
0.999977767 0.005442552 -0.003842514 1.221789241 -0.005436846 0.999984026 0.001494187 -1.792567015 0.003850586 -0.001473263 0.999991477 67.180877686
0.999978960 0.004396940 -0.004783437 1.234712601 -0.004388373 0.999988735 0.001799825 -1.806898355 0.004791297 -0.001778796 0.999986887 67.761199951
0.999976873 0.005607393 -0.003844026 1.234721065 -0.005601074 0.999982893 0.001652595 -1.828044057 0.003853228 -0.001631026 0.999991179 68.226226807
0.999977767 0.005446077 -0.003842929 1.243646860 -0.005439721 0.999983847 0.001662457 -1.841889024 0.003851920 -0.001641516 0.999991179 68.749328613
0.999975383 0.006081063 -0.003487649 1.258088470 -0.006076806 0.999980807 0.001229654 -1.859077454 0.003495061 -0.001208430 0.999993145 69.271675110
0.999976158 0.006012816 -0.003386561 1.263240576 -0.006008926 0.999981284 0.001157812 -1.872884631 0.003393459 -0.001137435 0.999993563 69.830169678
0.999977767 0.005705882 -0.003456697 1.275116920 -0.005700632 0.999982595 0.001527230 -1.889142632 0.003465351 -0.001507491 0.999992847 70.329246521
0.999977350 0.005950720 -0.003146884 1.282837749 -0.005946773 0.999981523 0.001261784 -1.904153228 0.003154334 -0.001243042 0.999994218 70.873016357
0.999978304 0.005760387 -0.003187441 1.294692636 -0.005755241 0.999982119 0.001621541 -1.920497417 0.003196724 -0.001603162 0.999993563 71.405014038
0.999976039 0.006312687 -0.002840107 1.297919273 -0.006309384 0.999979377 0.001170310 -1.933404446 0.002847438 -0.001152362 0.999995291 71.943801880
0.999976933 0.006036191 -0.003091121 1.309985161 -0.006031874 0.999980807 0.001403965 -1.947845101 0.003099535 -0.001385288 0.999994159 72.482032776
0.999978125 0.005925923 -0.002933289 1.320012093 -0.005921976 0.999981523 0.001352544 -1.962880731 0.002941250 -0.001335144 0.999994755 73.026046753
0.999977112 0.006224873 -0.002661227 1.329995275 -0.006221483 0.999979854 0.001281158 -1.982432961 0.002669149 -0.001264572 0.999995589 73.563568115
0.999974787 0.006686776 -0.002386438 1.339095116 -0.006683178 0.999976516 0.001512365 -1.995346189 0.002396494 -0.001496378 0.999995947 74.104530334
0.999975324 0.006650304 -0.002259002 1.349425673 -0.006647424 0.999977112 0.001280190 -2.009223938 0.002267464 -0.001265142 0.999996603 74.645980835
0.999973476 0.006963877 -0.002129136 1.360357523 -0.006962155 0.999975443 0.000814141 -2.024045229 0.002134752 -0.000799296 0.999997377 75.180236816
0.999971867 0.007232105 -0.001989684 1.366597772 -0.007230498 0.999973536 0.000813182 -2.037499666 0.001995512 -0.000798773 0.999997675 75.723869324
0.999969542 0.007596887 -0.001771699 1.376145601 -0.007595643 0.999970853 0.000707539 -2.056116104 0.001777023 -0.000694060 0.999998152 76.263923645
0.999965250 0.008193597 -0.001552457 1.382488132 -0.008192553 0.999966204 0.000679213 -2.073644161 0.001557969 -0.000666471 0.999998569 76.786697388
0.999965370 0.008111073 -0.001827206 1.384737968 -0.008108762 0.999966264 0.001268308 -2.095185757 0.001837432 -0.001253448 0.999997497 77.313522339
0.999968410 0.007840035 -0.001303093 1.396477222 -0.007839039 0.999969006 0.000766529 -2.108360291 0.001309062 -0.000756290 0.999998868 77.836082458
0.999964654 0.008336172 -0.001081964 1.405175686 -0.008335846 0.999965191 0.000306032 -2.117100000 0.001084478 -0.000297002 0.999999344 78.370079041
0.999958396 0.009049304 -0.001127831 1.417397141 -0.009048291 0.999958634 0.000900125 -2.138349056 0.001135930 -0.000889883 0.999998987 78.895454407
0.999959886 0.008909585 -0.000858960 1.434465885 -0.008909248 0.999960244 0.000394241 -2.150676250 0.000862438 -0.000386573 0.999999583 79.426620483
0.999958575 0.009112310 -0.000042606 1.449394941 -0.009112294 0.999958336 0.000371497 -2.163020134 0.000045989 -0.000371093 0.999999940 79.973136902
0.999960601 0.008777222 0.001323280 1.458986163 -0.008777358 0.999961436 0.000096008 -2.179112196 -0.001322386 -0.000107619 0.999999106 80.512367249
0.999958456 0.008832227 0.002251176 1.476556182 -0.008831557 0.999960959 -0.000307013 -2.189522266 -0.002253800 0.000287120 0.999997437 81.037673950
0.999953330 0.008994810 0.003528602 1.483764887 -0.008993365 0.999959409 -0.000425861 -2.204196930 -0.003532290 0.000394107 0.999993682 81.574195862
0.999933958 0.009322983 0.006723541 1.508351326 -0.009319979 0.999956429 -0.000477768 -2.216562033 -0.006727702 0.000415073 0.999977291 82.125473022
0.999903083 0.009460641 0.010210757 1.535806656 -0.009455036 0.999955118 -0.000596761 -2.226324320 -0.010215944 0.000500160 0.999947667 82.684097290
0.999873519 0.008868226 0.013203376 1.564612389 -0.008858113 0.999960363 -0.000824290 -2.244335175 -0.013210164 0.000707228 0.999912441 83.223701477
0.999804914 0.009298085 0.017422875 1.593232870 -0.009286061 0.999956608 -0.000770943 -2.265468359 -0.017429287 0.000609003 0.999847829 83.764686584
0.999669313 0.009609560 0.023851670 1.624555349 -0.009593539 0.999953687 -0.000786138 -2.280978203 -0.023858121 0.000557055 0.999715209 84.300582886
0.999532044 0.008926820 0.029258447 1.675151944 -0.008887213 0.999959409 -0.001483461 -2.291168451 -0.029270506 0.001222741 0.999570787 84.852989197
0.999355435 0.008170276 0.034954201 1.725461602 -0.008130766 0.999966085 -0.001272314 -2.308245182 -0.034963403 0.000987289 0.999388039 85.398986816
0.999022543 0.008729192 0.043331128 1.764833450 -0.008675192 0.999961317 -0.001434120 -2.323945284 -0.043341964 0.001056812 0.999059856 85.965515137
0.998623431 0.008611589 0.051741023 1.814725876 -0.008509419 0.999961376 -0.002194619 -2.333899975 -0.051757917 0.001751312 0.998658121 86.510139465
0.998222888 0.008351352 0.059002720 1.864435196 -0.008241284 0.999963760 -0.002108581 -2.347528458 -0.059018191 0.001618575 0.998255670 87.067802429
0.997604549 0.008728874 0.068621911 1.903402328 -0.008598847 0.999960542 -0.002189995 -2.366849184 -0.068638355 0.001594680 0.997640312 87.611480713
0.996879578 0.007639589 0.078566484 1.971966267 -0.007407489 0.999967277 -0.003245219 -2.371728659 -0.078588709 0.002653113 0.996903539 88.153572083
0.996189594 0.007690837 0.086873844 2.041057587 -0.007512549 0.999968946 -0.002379046 -2.401450634 -0.086889423 0.001717336 0.996216476 88.697067261
0.995503664 0.007687797 0.094410039 2.107905865 -0.007445153 0.999967992 -0.002922088 -2.418972969 -0.094429493 0.002206052 0.995529115 89.231910706
0.994538486 0.007309105 0.104114220 2.192572117 -0.007004739 0.999970019 -0.003288737 -2.433557510 -0.104135141 0.002541483 0.994559944 89.763397217
0.993386924 0.007375655 0.114577830 2.275646210 -0.007072233 0.999970317 -0.003054452 -2.447125912 -0.114596955 0.002223932 0.993409693 90.334983826
0.992238581 0.006871551 0.124158844 2.366358757 -0.006450508 0.999971926 -0.003792844 -2.459917545 -0.124181420 0.002962517 0.992255092 90.893341064
0.990706205 0.006870724 0.135845348 2.458930016 -0.006412067 0.999972165 -0.003813582 -2.478373289 -0.135867774 0.002907089 0.990722656 91.423805237
0.988941014 0.006812280 0.148152947 2.563532829 -0.006403145 0.999974370 -0.003238349 -2.504713535 -0.148171201 0.002253891 0.988959134 91.979301453
0.987226546 0.006622279 0.159184709 2.669316292 -0.006162091 0.999975264 -0.003384335 -2.519848347 -0.159203187 0.002360195 0.987242937 92.537361145
0.985497594 0.006455145 0.169566572 2.782493591 -0.005917190 0.999975741 -0.003677680 -2.536317348 -0.169586167 0.002620988 0.985511899 93.080673218
0.983206689 0.005906763 0.182399675 2.900465965 -0.005246563 0.999977827 -0.004101854 -2.551258564 -0.182419851 0.003076000 0.983215928 93.616172791
0.980842352 0.006474236 0.194695145 3.037284851 -0.005919722 0.999976516 -0.003429834 -2.578176260 -0.194712743 0.002211585 0.980857790 94.158462524
0.978686213 0.005932289 0.205275893 3.159093857 -0.005383854 0.999980330 -0.003230134 -2.591929197 -0.205291018 0.002056113 0.978698850 94.697311401
0.975945055 0.005561627 0.217945665 3.313547134 -0.004923694 0.999981761 -0.003470008 -2.615575075 -0.217961013 0.002313440 0.975954771 95.216331482
0.972763658 0.005166575 0.231741562 3.446010590 -0.004379512 0.999982774 -0.003910634 -2.630070210 -0.231757775 0.002789208 0.972769499 95.810127258
0.970167935 0.004555922 0.242390826 3.613286972 -0.003643804 0.999984503 -0.004211173 -2.637609959 -0.242406249 0.003202321 0.970169604 96.299957275
0.967156947 0.004805204 0.254134536 3.740961075 -0.003942371 0.999984622 -0.003904384 -2.673658848 -0.254149407 0.002774258 0.967160940 96.870391846
0.963523090 0.005706955 0.267564386 3.907173157 -0.004997803 0.999981940 -0.003331362 -2.696204424 -0.267578512 0.001872610 0.963534236 97.382507324
0.959942818 0.004790952 0.280155271 4.080106735 -0.003701003 0.999983430 -0.004419409 -2.711569548 -0.280171812 0.003205523 0.959944546 97.914543152
0.956498325 0.004331806 0.291705668 4.263175964 -0.003412676 0.999987483 -0.003659621 -2.728493452 -0.291717917 0.002504925 0.956501126 98.458564758
0.952229738 0.004425279 0.305350453 4.471878052 -0.003533654 0.999987721 -0.003472645 -2.753717661 -0.305362076 0.002227753 0.952233732 99.004226685
0.947615921 0.004644170 0.319378108 4.674924850 -0.003586412 0.999985933 -0.003899965 -2.767372370 -0.319391847 0.002550247 0.947619319 99.528633118
0.943685234 0.004756069 0.330810606 4.885263443 -0.003792550 0.999986470 -0.003558022 -2.784211636 -0.330823094 0.002103037 0.943690479 100.040679932
0.938696325 0.003488011 0.344727546 5.054492950 -0.002399420 0.999990702 -0.003584429 -2.817732334 -0.344736785 0.002537544 0.938695967 100.577537537
0.933498442 0.004457764 0.358553708 5.270313263 -0.003800765 0.999989510 -0.002537161 -2.838832140 -0.358561307 0.001005657 0.933505654 101.081977844
0.928682327 0.003792715 0.370856881 5.496658325 -0.002774876 0.999990761 -0.003278089 -2.849918604 -0.370865941 0.002015221 0.928684354 101.599815369
0.923578680 0.003389661 0.383393705 5.711673737 -0.002156239 0.999991059 -0.003646835 -2.860510588 -0.383402616 0.002541451 0.923577845 102.062622070
0.917177975 0.002389743 0.398470670 5.974342346 -0.001400948 0.999995172 -0.002772632 -2.959017754 -0.398475349 0.001984761 0.917176843 102.820991516
0.911135972 0.002973727 0.412095279 6.221744537 -0.002263922 0.999995053 -0.002210584 -2.974349737 -0.412099749 0.001081190 0.911138117 103.321159363
0.906336248 -0.000612098 0.422556788 6.498546600 0.002328595 0.999991000 -0.003546023 -2.989696503 -0.422550797 0.004197854 0.906329513 103.888801575
0.900418282 -0.001409723 0.435022622 6.752780914 0.003207309 0.999989033 -0.003398014 -3.004457712 -0.435013086 0.004454886 0.900413096 104.363403320
0.893661082 -0.001305431 0.448740631 7.018398285 0.003093705 0.999989927 -0.003252004 -3.023238659 -0.448731899 0.004294460 0.893656194 104.856597900
0.887617409 -0.001808885 0.460577905 7.319301605 0.004190878 0.999982595 -0.004149231 -3.024527550 -0.460562468 0.005613154 0.887609541 105.408355713
0.881206453 0.001795795 0.472728252 7.590641022 -0.000561693 0.999996066 -0.002751730 -3.073190689 -0.472731322 0.002159314 0.881204009 105.903015137
0.874198020 -0.002383538 0.485563636 7.894092560 0.004428462 0.999985516 -0.003064171 -3.068811893 -0.485549241 0.004828993 0.874195933 106.380416870
