1.000000000 0.000000000 0.000000000 0.000000000 0.000000000 1.000000000 0.000000000 0.000000000 0.000000000 0.000000000 1.000000000 0.000000000
1.000000000 0.000087529 0.000037820 -0.000116472 -0.000087529 1.000000000 -0.000001423 0.000358993 -0.000037821 0.000001420 1.000000000 0.000309430
1.000000000 0.000066832 0.000092411 -0.000501060 -0.000066838 1.000000000 0.000069196 -0.000280265 -0.000092407 -0.000069202 1.000000000 0.000246549
1.000000000 -0.000013138 0.000056506 -0.000201335 0.000013140 1.000000000 -0.000030356 0.000531943 -0.000056506 0.000030356 1.000000000 0.000347775
1.000000000 0.000031530 0.000076570 -0.000284971 -0.000031527 1.000000000 -0.000036572 0.000471368 -0.000076571 0.000036570 1.000000000 0.000258510
1.000000000 0.000091928 0.000108710 -0.001183769 -0.000091930 1.000000000 0.000012192 0.000337849 -0.000108708 -0.000012202 1.000000000 -0.000136126
1.000000000 -0.000060238 0.000047498 -0.000420936 0.000060238 1.000000000 0.000004655 -0.000150330 -0.000047498 -0.000004652 1.000000000 0.000133581
1.000000000 0.000046230 0.000037456 -0.000292294 -0.000046233 1.000000000 0.000081029 -0.000389496 -0.000037452 -0.000081031 1.000000000 0.000207312
1.000000000 0.000068412 -0.000009688 -0.000090779 -0.000068413 1.000000000 -0.000097070 0.000121433 0.000009682 0.000097071 1.000000000 -0.000026652
1.000000000 0.000075956 0.000077875 -0.000224228 -0.000075956 1.000000000 0.000005684 -0.000337080 -0.000077875 -0.000005690 1.000000000 0.000461119
1.000000000 0.000094004 0.000082082 -0.000630367 -0.000094005 1.000000000 0.000013538 -0.000022804 -0.000082081 -0.000013545 1.000000000 0.000301047
1.000000000 0.000144076 0.000083975 -0.000056524 -0.000144071 1.000000000 -0.000063483 0.001230457 -0.000083984 0.000063471 1.000000000 0.001688154
1.000000000 0.000059100 0.000038891 -0.000758091 -0.000059098 1.000000000 -0.000043959 -0.000448474 -0.000038894 0.000043956 1.000000000 -0.000779933
1.000000000 0.000074668 0.000066572 -0.000886965 -0.000074662 1.000000000 -0.000081298 0.000728663 -0.000066578 0.000081293 1.000000000 0.000342422
1.000000000 0.000071532 0.000089809 -0.001547418 -0.000071528 1.000000000 -0.000046152 0.000824707 -0.000089813 0.000046146 1.000000000 0.000122690
1.000000000 0.000098258 0.000035327 -0.000030604 -0.000098256 1.000000000 -0.000051935 0.001314703 -0.000035333 0.000051932 1.000000000 0.001660203
1.000000000 0.000144077 0.000115106 -0.000924952 -0.000144070 1.000000000 -0.000065472 0.001423398 -0.000115115 0.000065455 1.000000000 0.001715497
1.000000000 0.000138394 0.000111201 -0.001362072 -0.000138380 1.000000000 -0.000125609 0.001330489 -0.000111219 0.000125594 1.000000000 0.001167962
0.999999940 0.000198038 0.000161376 -0.002074366 -0.000198021 1.000000000 -0.000108160 0.002147572 -0.000161398 0.000108128 1.000000000 0.001800946
1.000000000 0.000164152 0.000161772 -0.001538156 -0.000164133 1.000000000 -0.000121092 0.001967692 -0.000161792 0.000121065 1.000000000 0.001978096
1.000000000 0.000090866 0.000175779 -0.001964474 -0.000090851 1.000000000 -0.000085662 0.001352552 -0.000175787 0.000085646 1.000000000 0.001848658
1.000000000 0.000168602 0.000126558 -0.001765521 -0.000168594 1.000000000 -0.000060134 0.001641094 -0.000126568 0.000060113 1.000000000 0.001343477
1.000000000 0.000194976 0.000105734 -0.001156658 -0.000194964 1.000000000 -0.000116211 0.002175827 -0.000105756 0.000116190 1.000000000 0.002529506
1.000000000 0.000158284 0.000109368 -0.001504587 -0.000158273 1.000000000 -0.000092646 0.002488663 -0.000109383 0.000092629 1.000000000 0.002835224
0.999999940 0.000320734 0.000121364 -0.001602350 -0.000320725 0.999999940 -0.000070616 0.002199047 -0.000121387 0.000070577 1.000000000 0.002510085
0.999999940 0.000363384 0.000137299 -0.001771609 -0.000363381 0.999999940 -0.000020754 0.001135468 -0.000137307 0.000020704 1.000000000 0.001247247
1.000000000 0.000156836 0.000180320 -0.001797138 -0.000156826 1.000000000 -0.000051383 0.002479872 -0.000180328 0.000051355 1.000000000 0.002202576
0.999999940 0.000214823 0.000173746 -0.001796163 -0.000214826 1.000000000 0.000016484 0.001341048 -0.000173743 -0.000016522 1.000000000 0.001952645
0.999999940 0.000223944 0.000130448 -0.001919008 -0.000223939 1.000000000 -0.000032542 0.002194084 -0.000130456 0.000032513 1.000000000 0.002463568
0.999999940 0.000237652 0.000155251 -0.001825311 -0.000237640 0.999999940 -0.000077151 0.002131848 -0.000155270 0.000077115 1.000000000 0.002224099
0.999999940 0.000267635 0.000181761 -0.001363836 -0.000267630 0.999999940 -0.000023440 0.001420384 -0.000181767 0.000023392 1.000000000 0.002339752
1.000000000 0.000097454 0.000170322 -0.000982680 -0.000097440 1.000000000 -0.000080930 0.002750426 -0.000170330 0.000080913 1.000000000 0.003457456
1.000000000 0.000191609 0.000065106 -0.000299805 -0.000191599 0.999999940 -0.000153081 0.002748098 -0.000065135 0.000153068 1.000000000 0.002976775
1.000000000 0.000191183 0.000141664 -0.001050119 -0.000191175 1.000000000 -0.000051427 0.001578032 -0.000141674 0.000051400 1.000000000 0.001879587
0.999999940 0.000298847 0.000214013 -0.002420761 -0.000298831 0.999999940 -0.000077925 0.001680413 -0.000214036 0.000077861 1.000000000 0.001261680
0.999999940 0.000294109 0.000192847 -0.001373728 -0.000294099 0.999999940 -0.000053043 0.001359418 -0.000192862 0.000052986 1.000000000 0.001395651
0.999999940 0.000229937 0.000172551 -0.001709787 -0.000229926 1.000000000 -0.000064299 0.002032599 -0.000172566 0.000064260 1.000000000 0.002082761
0.999999940 0.000262770 0.000118140 -0.001688934 -0.000262761 0.999999940 -0.000072695 0.002557041 -0.000118159 0.000072664 1.000000000 0.002756529
0.999999940 0.000316864 0.000182915 -0.001528914 -0.000316847 0.999999940 -0.000088882 0.002339439 -0.000182943 0.000088824 1.000000000 0.001398619
0.999999940 0.000246452 0.000119366 -0.000555002 -0.000246439 0.999999940 -0.000106752 0.003104873 -0.000119392 0.000106722 1.000000000 0.002763754
1.000000000 0.000084413 0.000057124 0.000209138 -0.000084406 1.000000000 -0.000109276 0.001604336 -0.000057133 0.000109271 1.000000000 0.002881994
0.999999881 0.000399783 0.000219319 -0.000318954 -0.000399631 0.999999702 -0.000689325 -0.001587425 -0.000219595 0.000689237 0.999999762 0.051226467
0.999999940 0.000335885 0.000145010 0.002051637 -0.000335701 0.999999166 -0.001268027 -0.003011462 -0.000145436 0.001267978 0.999999166 0.140176922
1.000000000 0.000047869 0.000013578 0.004455157 -0.000047850 0.999999106 -0.001352839 -0.009516221 -0.000013643 0.001352839 0.999999106 0.252484292
0.999999940 0.000298104 0.000163324 0.005547183 -0.000297916 0.999999285 -0.001152612 -0.012767515 -0.000163668 0.001152563 0.999999344 0.385330886
0.999999940 0.000147492 0.000330303 0.006438394 -0.000147084 0.999999225 -0.001234276 -0.013311834 -0.000330485 0.001234227 0.999999166 0.532256663
0.999999940 -0.000338941 0.000191118 0.011589667 0.000339172 0.999999225 -0.001213977 -0.018618133 -0.000190706 0.001214042 0.999999225 0.685059249
0.999999940 0.000183696 0.000364391 0.014349534 -0.000183387 0.999999642 -0.000846730 -0.023738980 -0.000364546 0.000846663 0.999999583 0.845389247
0.999999881 0.000045704 0.000503784 0.015213716 -0.000045387 0.999999821 -0.000629643 -0.031240059 -0.000503812 0.000629620 0.999999702 1.023896217
0.999999940 -0.000273845 -0.000015945 0.029459419 0.000273832 0.999999642 -0.000801482 -0.029781541 0.000016164 0.000801477 0.999999702 1.216285229
0.999999881 -0.000174186 0.000459207 0.028609511 0.000174387 0.999999881 -0.000437730 -0.040244933 -0.000459131 0.000437810 0.999999821 1.390443921
1.000000000 0.000095247 0.000218492 0.029180625 -0.000095205 1.000000000 -0.000194958 -0.048036989 -0.000218511 0.000194937 0.999999940 1.587799788
0.999999940 -0.000239434 0.000290869 0.027585289 0.000239478 0.999999940 -0.000151753 -0.055636335 -0.000290833 0.000151822 0.999999940 1.767072439
0.999999464 -0.001017739 -0.000237927 0.038218580 0.001017936 0.999999166 0.000828470 -0.075568631 0.000237084 -0.000828712 0.999999583 1.955098629
0.999999285 -0.001277745 -0.000068025 0.042703558 0.001277796 0.999998927 0.000751085 -0.082158595 0.000067065 -0.000751172 0.999999762 2.165464878
0.999998450 -0.001766021 -0.000132152 0.050298847 0.001766149 0.999997973 0.000974040 -0.087050512 0.000130431 -0.000974272 0.999999464 2.383131266
0.999999285 -0.001186074 -0.000133877 0.050921410 0.001186234 0.999998569 0.001202413 -0.095889866 0.000132451 -0.001202571 0.999999285 2.599502325
0.999999225 -0.001289638 0.000153918 0.053666893 0.001289434 0.999998450 0.001315094 -0.102741167 -0.000155613 -0.001314894 0.999999106 2.833094597
0.999998868 -0.001526868 0.000253952 0.057862811 0.001526506 0.999997854 0.001422467 -0.107567281 -0.000256124 -0.001422078 0.999998927 3.071854353
0.999998987 -0.001401618 -0.000089743 0.064356349 0.001401751 0.999997914 0.001493598 -0.117622443 0.000087649 -0.001493722 0.999998808 3.302448273
0.999999225 -0.001191090 0.000195302 0.068276301 0.001190779 0.999998033 0.001584010 -0.123081326 -0.000197189 -0.001583776 0.999998689 3.554496765
0.999999404 -0.001037013 0.000215506 0.071588755 0.001036678 0.999998271 0.001548122 -0.130748257 -0.000217111 -0.001547897 0.999998748 3.814444542
0.999999344 -0.001049608 0.000408186 0.077585958 0.001048822 0.999997556 0.001922028 -0.137924969 -0.000410203 -0.001921598 0.999998033 4.077151299
0.999998808 -0.001502837 0.000277132 0.078816369 0.001502252 0.999996603 0.002101955 -0.147919789 -0.000280290 -0.002101536 0.999997735 4.307941437
0.999999225 -0.001184008 0.000375212 0.082803831 0.001183274 0.999997377 0.001950222 -0.154377788 -0.000377520 -0.001949777 0.999997973 4.568572521
0.999998748 -0.001490525 0.000518543 0.091036655 0.001489573 0.999997258 0.001831021 -0.159346849 -0.000521271 -0.001830247 0.999998152 4.831828594
0.999999166 -0.001189016 0.000455815 0.098972842 0.001188244 0.999997914 0.001690744 -0.158601031 -0.000457824 -0.001690202 0.999998510 5.088351727
0.999999225 -0.001288372 0.000345710 0.100937344 0.001287678 0.999997318 0.002000043 -0.176210463 -0.000348286 -0.001999596 0.999997914 5.328992844
0.999999404 -0.000944655 0.000441312 0.104659200 0.000943639 0.999996960 0.002295100 -0.184887320 -0.000443479 -0.002294683 0.999997258 5.601288795
0.999999404 -0.000781594 0.000667309 0.106870614 0.000780056 0.999997079 0.002302842 -0.190854460 -0.000669107 -0.002302320 0.999997079 5.880137444
0.999998987 -0.001297956 0.000633495 0.109197296 0.001296595 0.999996901 0.002142742 -0.194667831 -0.000636274 -0.002141918 0.999997497 6.161896229
0.999999225 -0.001142940 0.000670602 0.118885681 0.001141336 0.999996483 0.002386914 -0.212917998 -0.000673328 -0.002386146 0.999996901 6.409528255
0.999999464 -0.000754694 0.000617958 0.122478701 0.000753173 0.999996662 0.002457678 -0.219917506 -0.000619811 -0.002457211 0.999996781 6.703279018
0.999998927 -0.001128531 0.000925956 0.127845809 0.001126229 0.999996185 0.002483099 -0.224694386 -0.000928754 -0.002482053 0.999996483 7.012156010
0.999999344 -0.000959793 0.000626255 0.136965945 0.000958165 0.999996185 0.002595324 -0.235453889 -0.000628744 -0.002594721 0.999996424 7.278409958
0.999998868 -0.001454159 0.000452442 0.144277990 0.001452986 0.999995649 0.002581635 -0.245719224 -0.000456194 -0.002580974 0.999996543 7.586298466
0.999999046 -0.001199094 0.000549409 0.153491393 0.001197651 0.999995887 0.002618624 -0.249918744 -0.000552548 -0.002617964 0.999996424 7.909504414
0.999999106 -0.000689130 0.001072766 0.150105610 0.000686523 0.999996781 0.002428372 -0.260054886 -0.001074436 -0.002427633 0.999996483 8.232192993
0.999999523 -0.000782195 0.000617567 0.157109022 0.000780878 0.999997437 0.002129773 -0.268795699 -0.000619232 -0.002129290 0.999997556 8.518644333
0.999999344 -0.000978023 0.000572831 0.165907398 0.000976597 0.999996424 0.002484125 -0.278087467 -0.000575259 -0.002483564 0.999996781 8.858732224
0.999999285 -0.000156024 0.001161306 0.163626775 0.000153181 0.999997020 0.002447797 -0.287494451 -0.001161684 -0.002447617 0.999996364 9.194168091
0.999999523 0.000208122 0.000997131 0.173017398 -0.000210388 0.999997437 0.002273188 -0.301162422 -0.000996655 -0.002273397 0.999996960 9.517200470
0.999999583 -0.000641345 0.000660382 0.180701673 0.000639668 0.999996603 0.002536350 -0.307866871 -0.000662007 -0.002535926 0.999996543 9.851706505
0.999999464 -0.000902547 0.000475593 0.190143734 0.000901465 0.999997020 0.002269274 -0.316091716 -0.000477640 -0.002268844 0.999997258 10.211856842
0.999999702 -0.000566054 0.000465987 0.201549158 0.000564932 0.999997020 0.002404803 -0.328423053 -0.000467347 -0.002404539 0.999996960 10.564065933
0.999999464 -0.000856692 0.000630012 0.204913318 0.000854995 0.999996006 0.002689254 -0.333719194 -0.000632314 -0.002688713 0.999996185 10.906677246
0.999999464 -0.000945241 0.000519201 0.215323642 0.000943895 0.999996245 0.002588060 -0.342120528 -0.000521645 -0.002587568 0.999996543 11.280866623
0.999999523 -0.000717793 0.000711181 0.223763391 0.000715979 0.999996483 0.002547644 -0.352515131 -0.000713007 -0.002547133 0.999996543 11.678540230
0.999999464 -0.000526194 0.000897654 0.232339025 0.000523584 0.999995708 0.002904855 -0.366758019 -0.000899179 -0.002904383 0.999995410 12.063505173
0.999999106 -0.000725329 0.001127690 0.229243845 0.000721745 0.999994695 0.003174990 -0.384051681 -0.001129988 -0.003174174 0.999994338 12.389530182
0.999999046 -0.000725381 0.001201702 0.233379468 0.000721502 0.999994516 0.003224961 -0.392308474 -0.001204035 -0.003224091 0.999994099 12.795593262
0.999998629 -0.000892121 0.001379690 0.246044055 0.000887898 0.999994934 0.003058454 -0.401837528 -0.001382412 -0.003057225 0.999994338 13.205484390
0.999998510 -0.001000691 0.001394046 0.246435463 0.000996165 0.999994218 0.003243743 -0.413891166 -0.001397284 -0.003242350 0.999993682 13.572417259
0.999998748 -0.000649178 0.001419708 0.254767001 0.000643998 0.999993086 0.003645794 -0.426528960 -0.001422065 -0.003644876 0.999992311 13.989152908
0.999997675 -0.001077968 0.001863565 0.265478015 0.001071692 0.999993682 0.003365913 -0.437195271 -0.001867182 -0.003363909 0.999992549 14.394070625
0.999998212 -0.001128942 0.001525759 0.279143840 0.001124265 0.999994636 0.003062828 -0.441274583 -0.001529209 -0.003061107 0.999994159 14.815165520
0.999997795 -0.001178565 0.001763772 0.289351940 0.001172686 0.999993742 0.003330641 -0.457106978 -0.001767687 -0.003328565 0.999992907 15.242200851
0.999996364 -0.001528690 0.002230483 0.293014377 0.001521326 0.999993443 0.003299400 -0.458999664 -0.002235512 -0.003295994 0.999992073 15.711194038
0.999995530 -0.000983693 0.002816012 0.300951660 0.000973891 0.999993443 0.003480158 -0.475867480 -0.002819417 -0.003477399 0.999989986 16.098934174
0.999995172 -0.000850901 0.002991271 0.308707416 0.000840960 0.999994099 0.003323085 -0.487344712 -0.002994081 -0.003320554 0.999990046 16.547636032
0.999994397 -0.001194853 0.003139716 0.323186755 0.001183763 0.999993086 0.003531466 -0.498711646 -0.003143914 -0.003527729 0.999988854 17.000310898
0.999993265 -0.001308737 0.003431125 0.324655801 0.001296866 0.999993145 0.003459828 -0.511083245 -0.003435629 -0.003455354 0.999988139 17.454467773
0.999992073 -0.001446261 0.003707557 0.335474551 0.001434137 0.999993622 0.003270413 -0.521917105 -0.003712263 -0.003265070 0.999987781 17.877208710
0.999991417 -0.001092332 0.004010789 0.344624549 0.001077934 0.999992967 0.003590329 -0.531102538 -0.004014682 -0.003585974 0.999985516 18.351369858
0.999992907 -0.001010846 0.003637980 0.362867594 0.000999604 0.999994695 0.003090791 -0.540434718 -0.003641086 -0.003087132 0.999988556 18.832082748
0.999991655 -0.001416309 0.003836743 0.367655158 0.001403703 0.999993622 0.003286451 -0.553186178 -0.003841373 -0.003281037 0.999987185 19.263925552
0.999991894 -0.001358463 0.003787731 0.376985788 0.001344012 0.999991834 0.003815114 -0.568208694 -0.003792882 -0.003809993 0.999985516 19.751668930
0.999991417 -0.001124890 0.004002597 0.391584218 0.001111207 0.999993563 0.003419228 -0.580206871 -0.004006417 -0.003414751 0.999986112 20.242700577
0.999992192 -0.001595461 0.003592111 0.399593651 0.001582900 0.999992609 0.003496916 -0.587923765 -0.003597665 -0.003491204 0.999987423 20.684537888
0.999993801 -0.001993454 0.002902136 0.413497835 0.001983264 0.999991834 0.003509902 -0.597532094 -0.002909109 -0.003504124 0.999989629 21.190906525
0.999994636 -0.000729684 0.003158047 0.416198432 0.000719104 0.999994099 0.003350155 -0.606187701 -0.003160473 -0.003347866 0.999989390 21.701013565
0.999995649 -0.001064319 0.002732496 0.423462361 0.001053618 0.999991775 0.003914586 -0.630177677 -0.002736639 -0.003911690 0.999988616 22.166261673
0.999996603 -0.000952414 0.002434523 0.431425542 0.000942887 0.999991894 0.003911645 -0.644599319 -0.002438229 -0.003909336 0.999989390 22.688112259
0.999997795 -0.000838693 0.001908230 0.432059914 0.000831092 0.999991715 0.003980456 -0.662646234 -0.001911553 -0.003978861 0.999990225 23.198469162
0.999995768 -0.002790298 0.000824638 0.449051619 0.002787459 0.999990225 0.003423685 -0.673067153 -0.000834182 -0.003421371 0.999993801 23.709630966
0.999998271 -0.001896274 -0.000013184 0.457069904 0.001896310 0.999991357 0.003690441 -0.683618188 0.000006186 -0.003690459 0.999993205 24.248207092
0.999999106 -0.001320310 -0.000324161 0.466847330 0.001321719 0.999989510 0.004383590 -0.700984001 0.000318371 -0.004384013 0.999990404 24.771596909
0.999999046 -0.001251669 -0.000544564 0.458747238 0.001254046 0.999989569 0.004385500 -0.720586836 0.000539069 -0.004386179 0.999990165 25.277181625
0.999998868 -0.001166868 -0.000951489 0.469293088 0.001171055 0.999989569 0.004411228 -0.732015550 0.000946332 -0.004412337 0.999989808 25.839696884
0.999998152 -0.001379380 -0.001282790 0.474282771 0.001385746 0.999986649 0.004974655 -0.745943785 0.001275911 -0.004976423 0.999986768 26.390542984
0.999997437 -0.001368093 -0.001777422 0.480083317 0.001376502 0.999987841 0.004738181 -0.752681196 0.001770918 -0.004740616 0.999987185 26.968870163
0.999996960 -0.001048664 -0.002225191 0.503421485 0.001059663 0.999987185 0.004947650 -0.785348237 0.002219974 -0.004949993 0.999985218 27.398347855
0.999997139 -0.000393061 -0.002376837 0.512243450 0.000404826 0.999987662 0.004951319 -0.792972445 0.002374862 -0.004952267 0.999984920 27.953674316
0.999997914 -0.000094046 -0.002058624 0.516872644 0.000105825 0.999983609 0.005722489 -0.815312743 0.002058052 -0.005722695 0.999981523 28.488821030
0.999996185 -0.000589446 -0.002685440 0.506182075 0.000603624 0.999985874 0.005282117 -0.831068993 0.002682288 -0.005283718 0.999982357 28.967252731
0.999994397 -0.000786153 -0.003229482 0.515350580 0.000802348 0.999987125 0.005016505 -0.839411557 0.003225496 -0.005019067 0.999982178 29.522579193
0.999994874 -0.000220008 -0.003204501 0.522513986 0.000237009 0.999985933 0.005306002 -0.858201504 0.003203288 -0.005306734 0.999980688 30.058765411
0.999994218 -0.000451137 -0.003367884 0.527191877 0.000469054 0.999985754 0.005321051 -0.869619310 0.003365435 -0.005322601 0.999980092 30.548496246
0.999993205 -0.000852537 -0.003582926 0.535594583 0.000870220 0.999987483 0.004936620 -0.875707746 0.003578672 -0.004939705 0.999981344 31.102487564
0.999991596 -0.000347500 -0.004090468 0.543631315 0.000366165 0.999989629 0.004563158 -0.882461011 0.004088840 -0.004564617 0.999981225 31.636013031
0.999987721 -0.000847877 -0.004877291 0.558095336 0.000871699 0.999987721 0.004884307 -0.901063919 0.004873090 -0.004888499 0.999976099 32.178016663
0.999989510 -0.000627327 -0.004537672 0.556477964 0.000651767 0.999985218 0.005386562 -0.917257071 0.004534225 -0.005389461 0.999975204 32.654468536
0.999988496 -0.000447049 -0.004770025 0.566695392 0.000473503 0.999984562 0.005546350 -0.929447412 0.004767471 -0.005548545 0.999973238 33.207763672
0.999986708 0.000160533 -0.005156242 0.575052381 -0.000130328 0.999982834 0.005857689 -0.941257954 0.005157094 -0.005856939 0.999969542 33.735740662
0.999985874 -0.000531659 -0.005280066 0.576200485 0.000559693 0.999985754 0.005309156 -0.953128636 0.005277168 -0.005312037 0.999971986 34.224212646
0.999984324 -0.000657559 -0.005545406 0.586955786 0.000686751 0.999985874 0.005263845 -0.965046644 0.005541868 -0.005267572 0.999970794 34.770530701
0.999985754 -0.000233384 -0.005324970 0.583838582 0.000259914 0.999987543 0.004982006 -0.977990746 0.005323742 -0.004983321 0.999973416 35.291618347
0.999982774 -0.000592622 -0.005829818 0.612848043 0.000620352 0.999988496 0.004755974 -0.990084529 0.005826932 -0.004759510 0.999971688 35.834239960
0.999983728 -0.000344986 -0.005689588 0.600617588 0.000373742 0.999987185 0.005053931 -1.001889110 0.005687773 -0.005055975 0.999970973 36.310588837
0.999982595 -0.000199933 -0.005898692 0.610667348 0.000228814 0.999988019 0.004895837 -1.012885571 0.005897643 -0.004897101 0.999970555 36.863574982
0.999980628 -0.000125632 -0.006224396 0.618940949 0.000154727 0.999989092 0.004674151 -1.021746278 0.006223742 -0.004675024 0.999969661 37.417530060
0.999983072 0.001244731 -0.005677015 0.597072840 -0.001222577 0.999991596 0.003904108 -1.041812301 0.005681827 -0.003897101 0.999976277 37.906608582
0.999982953 0.000865143 -0.005782082 0.613075256 -0.000839442 0.999989867 0.004445902 -1.053000689 0.005785870 -0.004440973 0.999973357 38.433555603
0.999983788 -0.000340468 -0.005687854 0.610551894 0.000366860 0.999989092 0.004639405 -1.053872108 0.005686213 -0.004641416 0.999973059 38.915012360
0.999984562 -0.000623770 -0.005515235 0.619454503 0.000651825 0.999986768 0.005086485 -1.071486712 0.005511989 -0.005090001 0.999971867 39.465637207
0.999985456 -0.000130100 -0.005388707 0.626223028 0.000156013 0.999988437 0.004808634 -1.073133230 0.005388019 -0.004809404 0.999973893 40.022327423
0.999981821 -0.000074217 -0.006047389 0.637857437 0.000102886 0.999988675 0.004740459 -1.090499759 0.006046968 -0.004740994 0.999970436 40.546161652
0.999985874 0.000620511 -0.005278646 0.622509241 -0.000603977 0.999994874 0.003133389 -1.082666039 0.005280564 -0.003130157 0.999981165 41.053920746
0.999982774 -0.000137882 -0.005864191 0.637618303 0.000162120 0.999991357 0.004132918 -1.108186126 0.005863572 -0.004133797 0.999974251 41.489852905
0.999986112 0.000093643 -0.005266915 0.638641238 -0.000068275 0.999988377 0.004816609 -1.125564694 0.005267305 -0.004816183 0.999974489 42.038883209
0.999982834 0.000382736 -0.005837316 0.656253695 -0.000357270 0.999990344 0.004363083 -1.136257172 0.005838929 -0.004360921 0.999973476 42.577297211
0.999982119 0.000161277 -0.005979080 0.665290117 -0.000142090 0.999994874 0.003209255 -1.138575077 0.005979567 -0.003208348 0.999976993 43.109951019
0.999982595 -0.000230137 -0.005880627 0.657075524 0.000252920 0.999992430 0.003873945 -1.150576115 0.005879692 -0.003875366 0.999975145 43.552562714
0.999981582 0.000132291 -0.006057395 0.667226911 -0.000110724 0.999993622 0.003560535 -1.158981085 0.006057828 -0.003559799 0.999975264 44.107231140
0.999984622 0.001040444 -0.005446222 0.673179507 -0.001021526 0.999993443 0.003475456 -1.172740936 0.005449803 -0.003469840 0.999979079 44.652832031
0.999988198 0.000829513 -0.004764438 0.671313107 -0.000812459 0.999993265 0.003580203 -1.182934523 0.004767374 -0.003576290 0.999982238 45.188846588
0.999983549 0.000165691 -0.005728999 0.682382166 -0.000142276 0.999991655 0.004087258 -1.202690482 0.005729627 -0.004086375 0.999975264 45.627666473
0.999980390 -0.000126355 -0.006254997 0.693292618 0.000154464 0.999989927 0.004493575 -1.220135093 0.006254365 -0.004494453 0.999970436 46.180809021
0.999983490 0.000289408 -0.005735619 0.695601165 -0.000266459 0.999992013 0.004001603 -1.231088638 0.005736731 -0.004000009 0.999975562 46.722610474
0.999984145 0.000480754 -0.005603627 0.699592352 -0.000456839 0.999990761 0.004268149 -1.247947454 0.005605627 -0.004265522 0.999975204 47.247951508
0.999984026 -0.000734290 -0.005629934 0.692769051 0.000758118 0.999990702 0.004231078 -1.246497512 0.005626775 -0.004235276 0.999975204 47.711090088
0.999988377 0.000334257 -0.004812546 0.694614291 -0.000314663 0.999991655 0.004071638 -1.257977247 0.004813867 -0.004070077 0.999980152 48.259674072
0.999983907 -0.000511456 -0.005658163 0.704743266 0.000536523 0.999990046 0.004429602 -1.268542647 0.005655841 -0.004432566 0.999974191 48.810337067
0.999985039 0.000415492 -0.005461594 0.712731242 -0.000391532 0.999990344 0.004387300 -1.287282825 0.005463364 -0.004385096 0.999975443 49.319782257
0.999982476 -0.000649043 -0.005878642 0.723520815 0.000675457 0.999989629 0.004492316 -1.300168395 0.005875666 -0.004496208 0.999972582 49.811801910
0.999985099 0.000091575 -0.005450594 0.724841118 -0.000066854 0.999989688 0.004535458 -1.316070676 0.005450953 -0.004535026 0.999974847 50.354721069
0.999983549 0.000244702 -0.005740362 0.738731205 -0.000217576 0.999988735 0.004725688 -1.331474781 0.005741454 -0.004724361 0.999972343 50.894020081
0.999984562 0.000106158 -0.005556813 0.742110252 -0.000080240 0.999989092 0.004664342 -1.342873812 0.005557247 -0.004663825 0.999973655 51.436389923
0.999985695 0.000266792 -0.005347206 0.743577719 -0.000244624 0.999991298 0.004145972 -1.349630713 0.005348266 -0.004144605 0.999977112 51.992637634
0.999986351 0.000012250 -0.005227530 0.736782014 0.000010290 0.999990642 0.004311698 -1.364031076 0.005227534 -0.004311693 0.999977052 52.413639069
0.999985158 0.000248155 -0.005441399 0.742334962 -0.000226103 0.999991715 0.004052920 -1.375014544 0.005442359 -0.004051630 0.999976993 52.963527679
0.999985814 -0.000376243 -0.005322964 0.747854114 0.000396505 0.999992669 0.003806007 -1.384202003 0.005321492 -0.003808063 0.999978602 53.515796661
0.999985099 -0.001201775 -0.005313351 0.773973703 0.001221501 0.999992311 0.003710804 -1.396211386 0.005308850 -0.003717238 0.999979079 54.031158447
0.999986291 -0.000576468 -0.005218486 0.770446420 0.000598754 0.999990642 0.004269972 -1.417854905 0.005215977 -0.004273038 0.999977291 54.614414215
0.999987423 0.000034597 -0.005015473 0.745267868 -0.000014623 0.999992073 0.003982486 -1.420469761 0.005015571 -0.003982362 0.999979496 55.053409576
0.999989033 0.000385449 -0.004677474 0.754349113 -0.000366472 0.999991715 0.004057345 -1.434732914 0.004678998 -0.004055586 0.999980867 55.587295532
0.999987245 0.000847483 -0.004998358 0.761198163 -0.000832503 0.999995172 0.002998132 -1.440026879 0.005000875 -0.002993932 0.999983013 56.149787903
0.999985397 -0.000741756 -0.005343284 0.774249315 0.000757987 0.999995053 0.003036077 -1.450274110 0.005341006 -0.003040083 0.999981165 56.693763733
0.999988914 0.000184742 -0.004706808 0.765329719 -0.000167155 0.999993026 0.003736942 -1.460300922 0.004707465 -0.003736115 0.999981940 57.116355896
0.999987483 0.000152064 -0.004992064 0.772844672 -0.000134484 0.999993801 0.003521922 -1.477033138 0.004992567 -0.003521206 0.999981403 57.654895782
0.999985874 0.000571934 -0.005286526 0.787681580 -0.000555564 0.999995053 0.003097498 -1.484536052 0.005288272 -0.003094517 0.999981225 58.213352203
0.999988317 0.000109973 -0.004839576 0.795896828 -0.000094610 0.999994993 0.003174823 -1.494275451 0.004839901 -0.003174328 0.999983311 58.756912231
0.999989390 0.000516737 -0.004581649 0.783335030 -0.000500479 0.999993682 0.003549068 -1.516254544 0.004583453 -0.003546738 0.999983132 59.198593140
0.999989808 -0.000151287 -0.004531740 0.797358394 0.000168276 0.999992967 0.003748760 -1.528571486 0.004531140 -0.003749484 0.999982655 59.746543884
0.999990106 -0.000418965 -0.004440861 0.800411463 0.000433032 0.999994934 0.003167117 -1.537082434 0.004439512 -0.003169008 0.999985099 60.300277710
0.999991953 -0.000320622 -0.004013516 0.813957334 0.000331239 0.999996483 0.002644984 -1.548333406 0.004012654 -0.002646292 0.999988437 60.835800171
0.999992847 0.000190084 -0.003755571 0.794920444 -0.000178043 0.999994874 0.003206200 -1.555005550 0.003756161 -0.003205508 0.999987721 61.292373657
0.999992669 0.000587774 -0.003768315 0.801752806 -0.000576676 0.999995470 0.002945441 -1.571614027 0.003770028 -0.002943246 0.999988496 61.843917847
0.999992788 0.001695144 -0.003368821 0.808880985 -0.001684715 0.999993861 0.003096147 -1.586208344 0.003374048 -0.003090450 0.999989510 62.372413635
0.999994159 0.000771046 -0.003310103 0.798376977 -0.000763250 0.999996960 0.002356179 -1.586487532 0.003311909 -0.002353639 0.999991775 62.858268738
0.999991953 -0.000048451 -0.004006580 0.817026615 0.000057629 0.999997437 0.002290658 -1.600641370 0.004006458 -0.002290870 0.999989390 63.397686005
0.999991834 -0.000076404 -0.004040135 0.828446805 0.000084706 0.999997914 0.002054738 -1.611715078 0.004039969 -0.002055064 0.999989748 63.934814453
0.999992192 -0.000249292 -0.003943214 0.839900315 0.000256314 0.999998450 0.001780402 -1.631912708 0.003942763 -0.001781399 0.999990702 64.478179932
0.999993861 -0.000412356 -0.003473131 0.820689976 0.000419962 0.999997437 0.002189444 -1.635583758 0.003472220 -0.002190889 0.999991596 64.947593689
0.999994218 -0.000241524 -0.003386143 0.827894211 0.000248257 0.999997914 0.001988181 -1.645776629 0.003385656 -0.001989010 0.999992311 65.496841431
0.999993980 0.000094622 -0.003480101 0.840135515 -0.000087306 0.999997735 0.002102381 -1.665818453 0.003480293 -0.002102064 0.999991775 66.027755737
0.999995351 0.001847564 -0.002455338 0.831698895 -0.001844265 0.999997377 0.001345262 -1.681502819 0.002457817 -0.001340727 0.999996066 66.592277527
0.999996185 0.000743080 -0.002654422 0.810624838 -0.000737468 0.999997437 0.002114749 -1.690882087 0.002655986 -0.002112783 0.999994218 66.988929749
0.999995828 0.001336875 -0.002556989 0.819018483 -0.001331448 0.999996841 0.002122877 -1.706246018 0.002559818 -0.002119464 0.999994457 67.535446167
0.999995828 0.000668410 -0.002783184 0.832333982 -0.000663531 0.999998212 0.001753442 -1.722252607 0.002784351 -0.001751589 0.999994576 68.091194153
0.999995232 0.000128535 -0.003079596 0.843304932 -0.000123619 0.999998689 0.001596327 -1.735610008 0.003079798 -0.001595939 0.999993920 68.627937317
0.999998033 0.000817985 -0.001768873 0.811692834 -0.000814297 0.999997497 0.002084300 -1.756648898 0.001770574 -0.002082855 0.999996245 69.040077209
0.999997735 0.001393193 -0.001592100 0.821604013 -0.001390527 0.999997556 0.001673753 -1.769373178 0.001594428 -0.001671536 0.999997377 69.592338562
0.999994576 0.002837542 -0.001639860 0.823775291 -0.002835319 0.999995053 0.001355739 -1.783393145 0.001643699 -0.001351082 0.999997735 70.140457153
0.999994218 0.002991047 -0.001567175 0.825654805 -0.002988355 0.999994099 0.001717459 -1.809847116 0.001572302 -0.001712766 0.999997318 70.679832458
0.999997497 0.001574835 -0.001595955 0.839470804 -0.001571242 0.999996185 0.002249760 -1.813660979 0.001599492 -0.002247247 0.999996185 71.138702393
0.999997973 0.000673117 -0.001885697 0.852059007 -0.000669154 0.999997616 0.002101117 -1.830205441 0.001887107 -0.002099851 0.999996006 71.693389893
0.999997914 0.001522097 -0.001341595 0.858256936 -0.001519096 0.999996305 0.002235407 -1.841109991 0.001344993 -0.002233364 0.999996543 72.262008667
0.999997556 0.001630327 -0.001474679 0.868075669 -0.001627282 0.999996543 0.002063079 -1.848023653 0.001478038 -0.002060674 0.999996722 72.724830627
0.999997318 0.001238414 -0.001952803 0.883622050 -0.001235299 0.999997973 0.001595254 -1.856885195 0.001954775 -0.001592837 0.999996781 73.278526306
0.999996126 0.001973371 -0.001969067 0.897430062 -0.001970226 0.999996841 0.001597715 -1.871436119 0.001972213 -0.001593830 0.999996781 73.813819885
0.999997199 0.001333374 -0.001962346 0.895065427 -0.001330456 0.999998033 0.001488130 -1.893607736 0.001964326 -0.001485515 0.999997020 74.326652527
0.999996603 0.002551650 -0.000553593 0.864148140 -0.002550871 0.999995768 0.001402606 -1.901353478 0.000557170 -0.001401189 0.999998868 74.767112732
0.999996126 0.002773529 -0.000420939 0.872847617 -0.002772697 0.999994278 0.001965168 -1.916403651 0.000426387 -0.001963994 0.999998033 75.329925537
0.999993920 0.003446260 -0.000627643 0.881887019 -0.003444949 0.999991894 0.002077498 -1.942777872 0.000634798 -0.002075323 0.999997616 75.833419800
0.999996841 0.002375264 -0.000787136 0.901099503 -0.002373971 0.999995828 0.001638548 -1.941532373 0.000791024 -0.001636675 0.999998331 76.327583313
0.999995649 0.002724233 -0.001127627 0.911643207 -0.002722821 0.999995530 0.001250488 -1.957755804 0.001131028 -0.001247412 0.999998569 76.877655029
0.999995410 0.002995043 -0.000394617 0.925794303 -0.002994306 0.999993742 0.001855473 -1.971867323 0.000400172 -0.001854283 0.999998152 77.456062317
0.999994934 0.002943462 0.001121949 0.926377714 -0.002945411 0.999994040 0.001740317 -1.982598424 -0.001116821 -0.001743613 0.999997854 77.952445984
0.999994934 0.002756756 0.001589957 0.931592464 -0.002758628 0.999995530 0.001176607 -1.991902113 -0.001586706 -0.001180987 0.999998033 78.439094543
0.999992490 0.002742241 0.002754710 0.942505062 -0.002744588 0.999995887 0.000848916 -2.002893925 -0.002752371 -0.000856470 0.999995768 79.000053406
0.999988794 0.002772488 0.003828837 0.955638707 -0.002776653 0.999995589 0.001082946 -2.027136087 -0.003825817 -0.001093565 0.999992073 79.511016846
0.999971807 0.002504259 0.007076909 0.972608745 -0.002510926 0.999996424 0.000933551 -2.026269197 -0.007074546 -0.000951295 0.999974549 80.039360046
0.999938071 0.002334326 0.010876624 0.993198574 -0.002346925 0.999996603 0.001145659 -2.040631771 -0.010873912 -0.001171115 0.999940217 80.587738037
0.999889016 0.003559584 0.014461029 1.013539076 -0.003578855 0.999992728 0.001306970 -2.065652609 -0.014456270 -0.001358579 0.999894559 81.111167908
0.999836326 0.001954562 0.017987113 1.032699466 -0.001967653 0.999997795 0.000710235 -2.057139635 -0.017985681 -0.000745511 0.999837995 81.627098083
0.999700904 0.002172962 0.024359522 1.057882905 -0.002188067 0.999997377 0.000593454 -2.070404768 -0.024358172 -0.000646577 0.999703109 82.173294067
0.999542713 0.002152386 0.030160286 1.090816379 -0.002172629 0.999997437 0.000638452 -2.084800720 -0.030158829 -0.000703687 0.999544919 82.715438843
0.999352038 0.002110279 0.035931394 1.126492500 -0.002133653 0.999997556 0.000612173 -2.089869738 -0.035930011 -0.000688442 0.999354064 83.199935913
0.999036252 0.001453992 0.043867327 1.170203924 -0.001486010 0.999998629 0.000697298 -2.104062557 -0.043866254 -0.000761813 0.999037087 83.753166199
0.998623490 0.001521456 0.052428529 1.218569517 -0.001523059 0.999998868 -0.000009376 -2.114030600 -0.052428484 -0.000070488 0.998624623 84.299743652
0.998217881 0.000994106 0.059665978 1.260558367 -0.000987212 0.999999523 -0.000145023 -2.128040552 -0.059666086 0.000085862 0.998218477 84.861297607
0.997639835 0.001598204 0.068645634 1.310781002 -0.001616127 0.999998689 0.000205556 -2.132178783 -0.068645202 -0.000316011 0.997641027 85.310653687
0.996920407 0.001220381 0.078410134 1.378412247 -0.001239507 0.999999166 0.000195248 -2.151405811 -0.078409828 -0.000291837 0.996921182 85.838623047
0.996203721 0.000209698 0.087053269 1.454851627 -0.000202638 1.000000000 -0.000089947 -2.158684969 -0.087053284 0.000071965 0.996203721 86.389434814
0.995495200 0.000667498 0.094809875 1.504087925 -0.000626289 0.999999702 -0.000464419 -2.164975166 -0.094810173 0.000402949 0.995495260 86.953689575
0.994463146 0.000648347 0.105083808 1.583415985 -0.000611322 0.999999762 -0.000384548 -2.177061081 -0.105084032 0.000318179 0.994463205 87.499008179
0.993299246 0.000620349 0.115568593 1.669923782 -0.000617087 0.999999821 -0.000064009 -2.193168163 -0.115568630 -0.000007736 0.993299484 88.033195496
0.992248178 -0.000061690 0.124271832 1.760386467 0.000119074 0.999999821 -0.000454330 -2.198805332 -0.124271788 0.000465605 0.992248118 88.548561096
0.990709543 0.000284444 0.135993972 1.850604057 -0.000290355 1.000000000 0.000023634 -2.214975119 -0.135993958 -0.000062901 0.990709662 89.084831238
0.988979399 -0.000322703 0.148052484 1.950430870 0.000407771 0.999999702 -0.000544219 -2.224152327 -0.148052245 0.000598593 0.988979399 89.640556335
0.987359524 -0.001247615 0.158492044 2.058613777 0.001349419 0.999998987 -0.000534716 -2.250714302 -0.158491209 0.000741830 0.987360120 90.121414185
0.985518396 -0.000940525 0.169565931 2.164026260 0.001052582 0.999999225 -0.000570947 -2.256034613 -0.169565305 0.000741161 0.985518694 90.674148560
0.983212709 -0.000842734 0.182461128 2.282267570 0.001001593 0.999999166 -0.000778492 -2.270457029 -0.182460323 0.000948175 0.983212829 91.209159851
0.980903566 -0.001700898 0.194487363 2.419280052 0.001884394 0.999997914 -0.000758475 -2.285253763 -0.194485664 0.001110482 0.980904818 91.747642517
0.978887022 -0.002181950 0.204391003 2.535037994 0.002378185 0.999997020 -0.000714468 -2.286686182 -0.204388827 0.001185463 0.978888988 92.198890686
0.976053476 -0.002228715 0.217519611 2.677768707 0.002449785 0.999996722 -0.000746663 -2.306394100 -0.217517257 0.001261659 0.976055622 92.726699829
0.973004520 -0.003029628 0.230765909 2.828395844 0.003312844 0.999994218 -0.000839826 -2.319934607 -0.230762035 0.001581646 0.973008871 93.246887207
0.970305204 -0.003265266 0.241862014 2.984905243 0.003482829 0.999993861 -0.000472010 -2.329652548 -0.241858959 0.001300358 0.970310569 93.788848877
0.967493117 -0.003275233 0.252875894 3.118253708 0.003531110 0.999993622 -0.000558032 -2.346202612 -0.252872437 0.001432825 0.967498481 94.254371643
0.964044333 -0.003177066 0.265722334 3.289747238 0.003415472 0.999994099 -0.000435117 -2.361969233 -0.265719324 0.001327039 0.964049459 94.769500732
0.960292816 -0.003036369 0.278977334 3.457592010 0.003380478 0.999994040 -0.000752387 -2.374743700 -0.278973281 0.001665589 0.960297406 95.309928894
0.956963837 -0.003509566 0.290186018 3.653219223 0.003811216 0.999992609 -0.000474371 -2.396875381 -0.290182233 0.001559917 0.956970096 95.811279297
0.952523410 -0.003764417 0.304441988 3.806890488 0.003894860 0.999992371 0.000178828 -2.403417110 -0.304440349 0.001015421 0.952530861 96.291213989
0.948101640 -0.004553759 0.317934960 4.013143539 0.004817184 0.999988437 -0.000042379 -2.414916754 -0.317931086 0.001571731 0.948112547 96.815734863
0.944217265 -0.004785642 0.329288214 4.212844849 0.005201533 0.999986351 -0.000382040 -2.422433376 -0.329281926 0.002073532 0.944229364 97.316131592
0.939490557 -0.005463257 0.342531174 4.419931412 0.005988793 0.999981940 -0.000476615 -2.431140184 -0.342522383 0.002499123 0.939506292 97.853851318
0.934146166 -0.005360212 0.356850475 4.623144150 0.005850133 0.999982774 -0.000293563 -2.450777531 -0.356842786 0.002361853 0.934161484 98.310615540
0.929378033 -0.005461884 0.369088888 4.851001740 0.005861367 0.999982834 0.000038918 -2.465646744 -0.369082719 0.002127197 0.929394126 98.818870544
0.924476147 -0.006036177 0.381192058 5.077182770 0.006463450 0.999979019 0.000159356 -2.477197647 -0.381185085 0.002316496 0.924495816 99.322265625
0.918862104 -0.006253883 0.394529372 5.312297821 0.006400004 0.999979138 0.000945507 -2.517800808 -0.394527048 0.001656199 0.918882906 99.720756531
0.913524508 -0.007478425 0.406715244 5.564716339 0.007650889 0.999969959 0.001202137 -2.536662102 -0.406712025 0.002013552 0.913554132 100.183197021
0.908036768 -0.006049123 0.418846816 5.765090942 0.006491712 0.999978840 0.000368348 -2.501797915 -0.418840140 0.002384559 0.908056855 100.695205688
0.902209878 -0.006190517 0.431252867 6.019142151 0.006570808 0.999978185 0.000607847 -2.514762163 -0.431247234 0.002285274 0.902230918 101.178710938
0.895664215 -0.006640986 0.444681317 6.286766052 0.006998624 0.999975026 0.000837463 -2.530484915 -0.444675863 0.002362071 0.895688474 101.671218872
0.889771461 -0.006872552 0.456354558 6.564907074 0.007491771 0.999971807 0.000452266 -2.539976120 -0.456344813 0.003016490 0.889797926 102.168739319
0.883897245 -0.006712944 0.467632979 6.811523438 0.007126354 0.999974191 0.000884896 -2.554354191 -0.467626840 0.002550361 0.883922279 102.596397400
0.876533270 -0.006891300 0.481292069 7.098983765 0.007273037 0.999972999 0.001072228 -2.570599079 -0.481286407 0.002560612 0.876559615 103.065216064
0.869550824 -0.008362858 0.493772507 7.384922028 0.009107868 0.999958098 0.000896673 -2.582582951 -0.493759274 0.003717512 0.869590700 103.514083862
