1.000000000 0.000000000 0.000000000 0.000000000 0.000000000 1.000000000 0.000000000 0.000000000 0.000000000 0.000000000 1.000000000 0.000000000
0.999999940 -0.000257511 0.000037668 0.000347432 0.000257510 0.999999940 0.000025260 0.000339049 -0.000037675 -0.000025250 1.000000000 0.000063840
1.000000000 -0.000102278 0.000186088 -0.000921151 0.000102246 1.000000000 0.000169530 -0.000494239 -0.000186105 -0.000169511 0.999999940 0.000120690
1.000000000 0.000022938 0.000077018 -0.000171619 -0.000022945 1.000000000 0.000093163 -0.000075862 -0.000077016 -0.000093164 1.000000000 0.000107833
1.000000000 -0.000019881 0.000036881 0.000299060 0.000019878 1.000000000 0.000089544 -0.001012181 -0.000036883 -0.000089543 1.000000000 -0.000733085
0.999999940 -0.000253653 0.000086266 0.000033345 0.000253651 0.999999940 0.000022437 -0.000033834 -0.000086272 -0.000022415 1.000000000 -0.000962697
0.999999881 -0.000412564 0.000133880 -0.000517519 0.000412559 0.999999940 0.000039070 0.000109810 -0.000133896 -0.000039014 1.000000000 0.000982510
0.999999940 -0.000292278 0.000089668 0.000739942 0.000292266 0.999999940 0.000134223 -0.000346919 -0.000089707 -0.000134197 1.000000000 0.001231706
1.000000000 -0.000135940 0.000090401 0.000116732 0.000135939 1.000000000 0.000016485 0.000819526 -0.000090403 -0.000016473 1.000000000 0.001037769
1.000000000 0.000053431 0.000168996 -0.000936419 -0.000053429 1.000000000 -0.000011265 -0.000113193 -0.000168997 0.000011256 1.000000000 -0.000738771
1.000000000 -0.000210786 0.000090596 0.001474929 0.000210786 1.000000000 -0.000004181 0.000564178 -0.000090595 0.000004200 1.000000000 0.000365242
1.000000000 -0.000091603 -0.000015876 0.001527937 0.000091603 1.000000000 -0.000000707 -0.000650635 0.000015876 0.000000705 1.000000000 -0.001142323
1.000000000 -0.000133604 0.000040693 0.000993828 0.000133607 1.000000000 -0.000068105 0.000964452 -0.000040684 0.000068111 1.000000000 0.001044621
1.000000000 -0.000178083 0.000066025 -0.000143973 0.000178080 1.000000000 0.000036934 0.000653284 -0.000066031 -0.000036923 1.000000000 0.000180548
1.000000000 0.000159844 0.000114979 -0.000519336 -0.000159828 1.000000000 -0.000144388 0.001327485 -0.000115002 0.000144370 1.000000000 0.000661635
1.000000000 -0.000220363 0.000000942 0.001060848 0.000220363 0.999999940 0.000157220 0.000123654 -0.000000976 -0.000157220 1.000000000 0.000452576
0.999999940 -0.000414600 -0.000008176 0.000389952 0.000414602 0.999999881 0.000179588 -0.000372039 0.000008102 -0.000179592 1.000000000 -0.000446102
0.999999940 -0.000291095 0.000055076 0.000257790 0.000291088 0.999999940 0.000129859 -0.001121736 -0.000055114 -0.000129843 1.000000000 -0.001682075
1.000000000 0.000053410 0.000100491 0.000011118 -0.000053416 1.000000000 0.000062259 -0.000116568 -0.000100488 -0.000062265 1.000000000 -0.001015999
0.999999940 0.000269391 -0.000032590 0.000131769 -0.000269387 0.999999940 0.000131238 -0.000466801 0.000032626 -0.000131229 1.000000000 -0.000549784
1.000000000 -0.000154140 -0.000062628 0.001085164 0.000154149 1.000000000 0.000147603 -0.000098957 0.000062605 -0.000147612 1.000000000 -0.000514612
1.000000000 -0.000013240 0.000063552 -0.000119800 0.000013231 1.000000000 0.000133446 -0.000495766 -0.000063554 -0.000133445 1.000000000 -0.000279293
1.000000000 -0.000142765 0.000029098 0.000611326 0.000142760 1.000000000 0.000147928 -0.000605499 -0.000029120 -0.000147924 1.000000000 -0.001238168
1.000000000 -0.000169712 0.000054317 0.001260397 0.000169712 1.000000000 0.000014630 0.000663219 -0.000054320 -0.000014621 1.000000000 0.000966638
1.000000000 0.000140873 0.000107498 -0.000509395 -0.000140882 1.000000000 0.000077633 0.000171340 -0.000107487 -0.000077649 1.000000000 0.000683769
1.000000000 -0.000113125 -0.000010393 0.001907074 0.000113126 1.000000000 0.000092707 0.000266431 0.000010382 -0.000092708 1.000000000 -0.001274408
0.999999940 -0.000286054 0.000067796 0.000663432 0.000286049 0.999999940 0.000070668 -0.000647384 -0.000067816 -0.000070649 1.000000000 -0.001392582
0.999999940 -0.000273385 -0.000028233 0.000285311 0.000273387 0.999999940 0.000079435 -0.001116230 0.000028211 -0.000079442 1.000000000 -0.001895474
1.000000000 0.000171655 0.000157518 -0.000554677 -0.000171691 0.999999940 0.000229246 -0.000560823 -0.000157478 -0.000229273 0.999999940 0.001282311
1.000000000 -0.000101383 0.000006740 0.000446089 0.000101382 1.000000000 0.000175859 -0.000738623 -0.000006758 -0.000175858 1.000000000 -0.000074028
0.999999940 -0.000295717 0.000181614 -0.000300214 0.000295701 0.999999940 0.000089427 -0.000697947 -0.000181640 -0.000089373 1.000000000 -0.000125186
0.999999940 -0.000315059 0.000077781 0.000160880 0.000315050 0.999999940 0.000122062 -0.001084121 -0.000077819 -0.000122037 1.000000000 -0.000516610
1.000000000 0.000090715 0.000036786 -0.000045101 -0.000090723 1.000000000 0.000215596 -0.001757316 -0.000036766 -0.000215599 1.000000000 -0.002299764
1.000000000 -0.000034420 0.000120390 -0.000126956 0.000034424 1.000000000 -0.000031499 -0.000152721 -0.000120389 0.000031503 1.000000000 -0.001056697
1.000000000 -0.000176468 0.000043440 0.000632914 0.000176468 1.000000000 0.000010516 0.000038286 -0.000043442 -0.000010509 1.000000000 -0.001154474
1.000000000 0.000050307 0.000094264 -0.000750847 -0.000050316 1.000000000 0.000089159 -0.000168409 -0.000094260 -0.000089163 1.000000000 -0.001285364
0.999999940 -0.000227948 0.000146431 -0.000279721 0.000227949 1.000000000 -0.000008912 0.000959979 -0.000146429 0.000008945 1.000000000 -0.000470641
1.000000000 -0.000205623 0.000049937 0.000372777 0.000205615 0.999999940 0.000152544 -0.000100469 -0.000049968 -0.000152534 1.000000000 0.000936302
1.000000000 -0.000090111 0.000091539 -0.000093483 0.000090094 1.000000000 0.000185820 -0.001697449 -0.000091555 -0.000185812 1.000000000 -0.001687274
1.000000000 0.000058089 0.000164381 -0.001049511 -0.000058110 1.000000000 0.000130606 -0.000369349 -0.000164374 -0.000130616 1.000000000 -0.000829875
0.999999940 0.000064756 0.000263646 -0.000565518 -0.000064697 1.000000000 -0.000222498 0.001432364 -0.000263660 0.000222481 0.999999940 0.001799471
1.000000000 -0.000025796 0.000171204 0.001049425 0.000025901 0.999999821 -0.000609549 -0.001857015 -0.000171188 0.000609553 0.999999821 0.050722785
1.000000000 -0.000261781 -0.000026106 0.003124620 0.000261750 0.999999285 -0.001147736 -0.004294474 0.000026407 0.001147729 0.999999404 0.139170602
0.999998689 0.001353779 0.000871680 -0.012043641 -0.001352281 0.999997616 -0.001716854 -0.000657398 -0.000874002 0.001715673 0.999998152 0.260986209
0.999999642 0.000715764 0.000421881 0.000248036 -0.000715060 0.999998331 -0.001666749 -0.007451603 -0.000423074 0.001666447 0.999998510 0.374405593
0.999999702 0.000636750 0.000465023 0.002993019 -0.000635931 0.999998212 -0.001759331 -0.010590415 -0.000466142 0.001759035 0.999998331 0.512038767
0.999999642 0.000750333 0.000445589 0.005168848 -0.000749512 0.999997973 -0.001838349 -0.015965089 -0.000446967 0.001838014 0.999998152 0.661985874
0.999999881 -0.000061070 0.000432869 0.008982102 0.000061588 0.999999285 -0.001197229 -0.019431407 -0.000432795 0.001197256 0.999999166 0.840266526
0.999999881 -0.000479089 0.000058088 0.013220076 0.000479155 0.999999225 -0.001134833 -0.025156107 -0.000057544 0.001134860 0.999999344 1.003247976
0.999999762 0.000186288 0.000611401 0.015581077 -0.000185685 0.999999523 -0.000985229 -0.028042411 -0.000611584 0.000985116 0.999999285 1.189666033
0.999999821 -0.000157154 0.000661169 0.020987997 0.000157774 0.999999583 -0.000938385 -0.032831382 -0.000661021 0.000938489 0.999999344 1.375418544
0.999999940 -0.000153658 0.000593381 0.021482581 0.000154216 0.999999523 -0.000940932 -0.037089776 -0.000593237 0.000941023 0.999999344 1.575897336
0.999999940 -0.000239972 0.000397274 0.027137263 0.000240244 0.999999702 -0.000685390 -0.041895550 -0.000397109 0.000685485 0.999999702 1.778699994
0.999999940 -0.000236463 0.000269899 0.032344051 0.000236705 0.999999583 -0.000898931 -0.043874569 -0.000269686 0.000898995 0.999999523 1.975428939
0.999999702 0.000466302 0.000572062 0.030660110 -0.000465902 0.999999642 -0.000699754 -0.052010641 -0.000572388 0.000699487 0.999999583 2.172954321
0.999999702 0.000687396 0.000401012 0.036171392 -0.000687099 0.999999464 -0.000739833 -0.057107121 -0.000401520 0.000739558 0.999999642 2.388051510
0.999999642 0.000263461 0.000787238 0.047306366 -0.000262574 0.999999344 -0.001126936 -0.059662443 -0.000787535 0.001126729 0.999999046 2.620952606
0.999999642 0.000620719 0.000489608 0.053719055 -0.000620312 0.999999523 -0.000830662 -0.066957958 -0.000490123 0.000830358 0.999999583 2.851727247
0.999999583 0.000279681 0.000889488 0.051668297 -0.000279130 0.999999702 -0.000619713 -0.075671569 -0.000889661 0.000619464 0.999999344 3.084058285
0.999999940 -0.000016791 0.000378507 0.057517536 0.000017076 0.999999821 -0.000751965 -0.082497947 -0.000378494 0.000751972 0.999999583 3.331830502
0.999999642 0.000211983 0.000830681 0.061465643 -0.000211568 0.999999881 -0.000498567 -0.093852222 -0.000830786 0.000498391 0.999999523 3.576678514
0.999999642 -0.000763934 0.000189540 0.070409141 0.000764019 0.999999523 -0.000451454 -0.100973643 -0.000189195 0.000451599 0.999999821 3.824440241
0.999999702 -0.000316479 0.000707706 0.071567848 0.000317061 0.999999583 -0.000822005 -0.104218997 -0.000707446 0.000822229 0.999999404 4.101258755
0.999999702 0.000383522 0.000554014 0.078668676 -0.000383579 0.999999940 0.000102159 -0.123762988 -0.000553974 -0.000102371 0.999999821 4.336660862
0.999999881 -0.000027823 0.000480488 0.087001406 0.000027909 1.000000000 -0.000178203 -0.129201844 -0.000480483 0.000178216 0.999999821 4.596789837
0.999999702 -0.000440541 0.000488285 0.091139890 0.000440567 0.999999821 -0.000053775 -0.135985121 -0.000488261 0.000053990 0.999999881 4.853252888
0.999999762 -0.000128395 0.000641067 0.098483443 0.000128171 0.999999821 0.000349818 -0.144734353 -0.000641112 -0.000349736 0.999999702 5.112082005
0.999999762 -0.000060369 0.000654642 0.098617464 0.000060273 1.000000000 0.000146203 -0.154585227 -0.000654651 -0.000146164 0.999999762 5.381801605
0.999999285 0.000453478 0.001108064 0.103986867 -0.000453605 0.999999881 0.000114460 -0.168000475 -0.001108011 -0.000114963 0.999999344 5.645170689
0.999998868 0.000665296 0.001354494 0.105197750 -0.000666322 0.999999523 0.000757301 -0.181149438 -0.001353989 -0.000758203 0.999998808 5.905229568
0.999999106 0.001040429 0.000763018 0.116977505 -0.001040497 0.999999464 0.000088054 -0.182157353 -0.000762926 -0.000088848 0.999999642 6.219081879
0.999999166 0.001012529 0.000770365 0.122549638 -0.001012382 0.999999464 -0.000191928 -0.187192231 -0.000770559 0.000191148 0.999999642 6.500182629
0.999998212 0.001184378 0.001481524 0.126145408 -0.001184663 0.999999285 0.000190970 -0.200727150 -0.001481297 -0.000192725 0.999998808 6.777303219
0.999997556 0.001284952 0.001816297 0.129754573 -0.001285765 0.999999106 0.000446602 -0.211207166 -0.001815721 -0.000448937 0.999998212 7.076258659
0.999998510 0.000917941 0.001460003 0.142349258 -0.000917982 0.999999583 0.000027464 -0.214740142 -0.001459977 -0.000028804 0.999998927 7.349878788
0.999998689 0.000658026 0.001489831 0.145824000 -0.000657945 0.999999702 -0.000054566 -0.221510753 -0.001489867 0.000053586 0.999998868 7.665687084
0.999998808 0.000306148 0.001509266 0.153142780 -0.000306116 0.999999940 -0.000021807 -0.230308488 -0.001509272 0.000021345 0.999998868 7.977767944
0.999998331 0.000658068 0.001713512 0.155614331 -0.000658252 0.999999702 0.000106357 -0.239899084 -0.001713442 -0.000107485 0.999998510 8.297436714
0.999997556 0.000913145 0.001975931 0.160288796 -0.000913852 0.999999464 0.000356986 -0.256060421 -0.001975603 -0.000358791 0.999997973 8.613692284
0.999997139 0.000131660 0.002396437 0.165082380 -0.000133164 0.999999762 0.000627522 -0.267263710 -0.002396354 -0.000627839 0.999996960 8.951089859
0.999997139 0.000735630 0.002287496 0.177995041 -0.000736946 0.999999583 0.000574458 -0.275955081 -0.002287073 -0.000576142 0.999997199 9.286691666
0.999997556 0.000794604 0.002071637 0.189147964 -0.000795750 0.999999523 0.000552303 -0.283404797 -0.002071197 -0.000553950 0.999997616 9.630245209
0.999997437 0.000405082 0.002230179 0.195662901 -0.000405618 0.999999881 0.000240156 -0.292583793 -0.002230081 -0.000241060 0.999997497 9.967283249
0.999996960 0.000661043 0.002384905 0.202200696 -0.000662646 0.999999583 0.000671434 -0.307161212 -0.002384460 -0.000673012 0.999996960 10.326060295
0.999996960 0.000507579 0.002392543 0.209351957 -0.000510067 0.999999285 0.001039059 -0.320264667 -0.002392014 -0.001040276 0.999996603 10.682613373
0.999997854 0.000296384 0.002018997 0.222381115 -0.000298141 0.999999583 0.000870367 -0.327441305 -0.002018739 -0.000870967 0.999997497 11.055682182
0.999995410 0.000519137 0.002964579 0.224231869 -0.000521340 0.999999583 0.000742101 -0.337075323 -0.002964192 -0.000743643 0.999995291 11.436792374
0.999996424 -0.000066058 0.002678178 0.235292792 0.000062739 0.999999166 0.001239390 -0.351059139 -0.002678257 -0.001239217 0.999995589 11.811203003
0.999996543 0.000151616 0.002631692 0.244255662 -0.000154500 0.999999404 0.001095589 -0.364289314 -0.002631525 -0.001095992 0.999995887 12.181009293
0.999996185 0.000705301 0.002678475 0.255635589 -0.000707376 0.999999464 0.000773640 -0.372976184 -0.002677929 -0.000775531 0.999996126 12.564959526
0.999995708 0.000302267 0.002904042 0.259895861 -0.000305227 0.999999464 0.001019123 -0.384175360 -0.002903732 -0.001020005 0.999995232 12.962998390
0.999994814 0.001061609 0.003030880 0.270283878 -0.001063847 0.999999166 0.000737003 -0.396024585 -0.003030095 -0.000740224 0.999995112 13.368219376
0.999994993 0.000154671 0.003155804 0.280805945 -0.000157560 0.999999583 0.000915241 -0.405542493 -0.003155661 -0.000915734 0.999994516 13.786835670
0.999993503 0.002128753 0.002900950 0.293954372 -0.002131360 0.999997318 0.000895786 -0.416443318 -0.002899035 -0.000901963 0.999995410 14.189574242
0.999995232 0.001080785 0.002862293 0.309525400 -0.001082687 0.999999106 0.000662854 -0.429351479 -0.002861574 -0.000665950 0.999995708 14.607222557
0.999993443 0.001851033 0.003117819 0.320456684 -0.001852210 0.999998152 0.000374584 -0.438552648 -0.003117119 -0.000380357 0.999995053 15.039774895
0.999989986 0.002167212 0.003900601 0.331220001 -0.002171289 0.999997079 0.001041267 -0.456702143 -0.003898334 -0.001049726 0.999991775 15.464203835
0.999988377 0.001827962 0.004459615 0.343337834 -0.001831448 0.999998152 0.000777882 -0.468697816 -0.004458185 -0.000786041 0.999989748 15.900273323
0.999986529 0.001476126 0.004961765 0.352152765 -0.001484625 0.999997377 0.001709508 -0.485589355 -0.004959228 -0.001716851 0.999986231 16.329694748
0.999983907 0.002268965 0.005196471 0.360299021 -0.002274567 0.999996781 0.001072378 -0.489937395 -0.005194021 -0.001084181 0.999985874 16.766855240
0.999981523 0.002366932 0.005598346 0.372873932 -0.002374336 0.999996305 0.001316263 -0.508721650 -0.005595210 -0.001329531 0.999983490 17.219118118
0.999982059 0.002103263 0.005600202 0.389785081 -0.002107665 0.999997437 0.000780274 -0.508507848 -0.005598546 -0.000792064 0.999984026 17.697864532
0.999980390 0.001948638 0.005936340 0.402565897 -0.001954558 0.999997556 0.000991476 -0.526113272 -0.005934394 -0.001003059 0.999981940 18.165185928
0.999973178 0.002986060 0.006687970 0.420052171 -0.002997738 0.999993920 0.001736772 -0.557840824 -0.006682745 -0.001756774 0.999976099 18.578605652
0.999975801 0.002759164 0.006389936 0.432971418 -0.002776026 0.999992609 0.002631511 -0.581815839 -0.006382629 -0.002649185 0.999976039 19.036876678
0.999982834 0.002269691 0.005397812 0.485159814 -0.002282151 0.999994874 0.002303399 -0.601765871 -0.005392555 -0.002315678 0.999982774 19.526269913
0.999983549 0.001780031 0.005438271 0.503720641 -0.001797239 0.999993384 0.003160896 -0.623443782 -0.005432609 -0.003170619 0.999980211 20.013429642
0.999983847 0.002229959 0.005230937 0.522920251 -0.002248721 0.999991059 0.003583597 -0.644976199 -0.005222898 -0.003595302 0.999979913 20.514560699
0.999987781 0.001770934 0.004611104 0.546154916 -0.001785981 0.999993086 0.003261094 -0.653175652 -0.004605298 -0.003269290 0.999984026 21.013208389
0.999991298 0.001764641 0.003777447 0.560211182 -0.001777083 0.999992967 0.003292913 -0.664248765 -0.003771610 -0.003299597 0.999987423 21.516229630
0.999989450 0.001760075 0.004224781 0.568142653 -0.001775934 0.999991357 0.003753003 -0.688502550 -0.004218139 -0.003760467 0.999984026 22.000686646
0.999994934 0.001192836 0.002945072 0.589637518 -0.001201845 0.999994516 0.003059344 -0.692533255 -0.002941407 -0.003062868 0.999991000 22.495973587
0.999996483 0.001646618 0.002073868 0.610789478 -0.001654256 0.999991834 0.003686767 -0.722175717 -0.002067780 -0.003690185 0.999991059 22.993053436
0.999995649 0.002038565 0.002131825 0.613511443 -0.002045440 0.999992669 0.003227548 -0.721493840 -0.002125230 -0.003231894 0.999992490 23.501747131
0.999999702 -0.000007421 0.000735199 0.638802767 0.000004653 0.999992847 0.003764883 -0.749676585 -0.000735221 -0.003764879 0.999992609 24.018388748
0.999998868 0.001478519 -0.000579407 0.692580760 -0.001475806 0.999988019 0.004655421 -0.772578835 0.000586283 -0.004654559 0.999988973 24.468009949
0.999997497 0.002248548 0.000080017 0.680577695 -0.002248957 0.999982059 0.005548007 -0.804254472 -0.000067540 -0.005548174 0.999984562 24.859045029
0.999964833 -0.003550780 -0.007589690 0.851274252 0.003535987 0.999991775 -0.001961610 -0.636905789 0.007596593 0.001934704 0.999969304 26.320577621
0.999963164 -0.003347958 -0.007893175 0.851989388 0.003329905 0.999991834 -0.002299138 -0.652101040 0.007900806 0.002272770 0.999966264 26.868377686
0.999998033 0.001908045 -0.000642871 0.703288436 -0.001904546 0.999983609 0.005400253 -0.831676960 0.000653164 -0.005399019 0.999985218 26.511894226
0.999993324 -0.000778162 -0.003573976 0.746769011 0.000787379 0.999996305 0.002578432 -0.794470727 0.003571957 -0.002581229 0.999990225 27.479640961
0.999994695 0.000018006 -0.003250488 0.754390180 -0.000008387 0.999995589 0.002959011 -0.818849802 0.003250528 -0.002958969 0.999990284 28.010370255
0.999996066 0.000615407 -0.002725630 0.755055547 -0.000606730 0.999994755 0.003183459 -0.825326502 0.002727574 -0.003181793 0.999991179 28.583349228
0.999995708 0.001213707 -0.002643073 0.738737702 -0.001203587 0.999991953 0.003826947 -0.857787669 0.002647696 -0.003823749 0.999989212 29.091272354
0.999999166 0.000947795 -0.000794751 0.673131526 -0.000945757 0.999996245 0.002560517 -0.846643806 0.000797175 -0.002559763 0.999996424 29.651041031
0.999993682 0.001992131 -0.002935539 0.747542202 -0.001976402 0.999983668 0.005351185 -0.893033862 0.002946151 -0.005345350 0.999981344 30.149999619
0.999992669 0.002450513 -0.002949658 0.763965487 -0.002438170 0.999988258 0.004180963 -0.892126262 0.002959869 -0.004173740 0.999986887 30.606966019
0.999993384 0.002273916 -0.002828240 0.749041677 -0.002262488 0.999989212 0.004037515 -0.910474181 0.002837391 -0.004031090 0.999987841 31.268650055
0.999995112 0.001883607 -0.002507270 0.721749127 -0.001877452 0.999995232 0.002455070 -0.903162062 0.002511882 -0.002450351 0.999993801 31.790164948
0.999995232 0.001456502 -0.002717851 0.729402065 -0.001450977 0.999996901 0.002033975 -0.907157481 0.002720805 -0.002030022 0.999994159 32.336101532
0.999993861 0.001600859 -0.003115789 0.740935147 -0.001594755 0.999996781 0.001960510 -0.916800380 0.003118918 -0.001955529 0.999993205 32.879486084
0.999995172 0.001330166 -0.002812610 0.736720502 -0.001325852 0.999997914 0.001535219 -0.927901387 0.002814647 -0.001531482 0.999994814 33.418113708
0.999992788 0.001430249 -0.003523704 0.754116952 -0.001422621 0.999996662 0.002166551 -0.951366544 0.003526791 -0.002161522 0.999991417 33.933872223
0.999993026 0.001580320 -0.003381758 0.754724324 -0.001571730 0.999995470 0.002541162 -0.970395923 0.003385758 -0.002535829 0.999991000 34.477359772
0.999992073 0.001211052 -0.003772748 0.772037387 -0.001203094 0.999996960 0.002110715 -0.983887911 0.003775293 -0.002106159 0.999990642 35.022491455
0.999991059 0.002014427 -0.003714851 0.784213722 -0.002008220 0.999996603 0.001673549 -0.988009512 0.003718209 -0.001666074 0.999991715 35.574878693
0.999991477 0.001671700 -0.003779732 0.785159409 -0.001664254 0.999996662 0.001972134 -1.008343935 0.003783017 -0.001965827 0.999990940 36.103183746
0.999991775 0.001435838 -0.003800360 0.789018035 -0.001429246 0.999997497 0.001736650 -1.023065686 0.003802843 -0.001731204 0.999991298 36.647655487
0.999989688 0.001409261 -0.004322400 0.803195477 -0.001399255 0.999996364 0.002316926 -1.035370469 0.004325650 -0.002310854 0.999987900 37.186359406
0.999988496 0.001266055 -0.004608823 0.814616323 -0.001256437 0.999997020 0.002089137 -1.047805071 0.004611454 -0.002083322 0.999987185 37.744033813
0.999988973 0.002001280 -0.004251962 0.819934309 -0.001990489 0.999994814 0.002540610 -1.073379159 0.004257024 -0.002532118 0.999987721 38.262935638
0.999987662 0.002177587 -0.004449256 0.828625441 -0.002167096 0.999994874 0.002361516 -1.090348005 0.004454374 -0.002351845 0.999987304 38.803462982
0.999986708 0.001912305 -0.004781304 0.833613038 -0.001903371 0.999996424 0.001872408 -1.093778372 0.004784867 -0.001863282 0.999986768 39.330375671
0.999987125 0.002623717 -0.004342234 0.837760448 -0.002611925 0.999992847 0.002719016 -1.113828063 0.004349337 -0.002707639 0.999986887 39.878322601
0.999987364 0.002068729 -0.004585435 0.846820235 -0.002061665 0.999996662 0.001544661 -1.116924167 0.004588614 -0.001535188 0.999988317 40.421577454
0.999985754 0.002029973 -0.004928866 0.862017512 -0.002022409 0.999996781 0.001539287 -1.138303518 0.004931975 -0.001529297 0.999986649 40.972602844
0.999982238 0.002088007 -0.005582355 0.879807174 -0.002078729 0.999996364 0.001667420 -1.157339096 0.005585816 -0.001655787 0.999982953 41.512577057
0.999978662 0.001796583 -0.006282537 0.894437075 -0.001786885 0.999997199 0.001549030 -1.173507333 0.006285302 -0.001537771 0.999979079 42.074237823
0.999979615 0.002578166 -0.005837509 0.900297523 -0.002571386 0.999996006 0.001168667 -1.179103494 0.005840499 -0.001153632 0.999982297 42.640090942
0.999980152 0.002022033 -0.005967361 0.900840223 -0.002014703 0.999997139 0.001234024 -1.192791581 0.005969840 -0.001221977 0.999981403 43.172912598
0.999979377 0.001770949 -0.006171146 0.905683637 -0.001764218 0.999997854 0.001096083 -1.211579442 0.006173073 -0.001085174 0.999980271 43.707118988
0.999982119 0.001063177 -0.005883545 0.902074695 -0.001054700 0.999998391 0.001443699 -1.230206490 0.005885070 -0.001437468 0.999981582 44.257575989
0.999979794 0.001325298 -0.006210087 0.916714311 -0.001314308 0.999997556 0.001773374 -1.248331547 0.006212421 -0.001765176 0.999979079 44.788990021
0.999983132 0.001503900 -0.005603692 0.915675521 -0.001495294 0.999997675 0.001539792 -1.259725690 0.005605994 -0.001531387 0.999983132 45.342021942
0.999982238 0.001974867 -0.005618376 0.931392908 -0.001967774 0.999997199 0.001267692 -1.271055579 0.005620864 -0.001256614 0.999983430 45.885971069
0.999977887 0.001454205 -0.006489967 0.961947799 -0.001444576 0.999997854 0.001488059 -1.300441384 0.006492116 -0.001478651 0.999977827 46.408088684
0.999981463 0.002511174 -0.005553468 0.962777019 -0.002502826 0.999995649 0.001509674 -1.310784936 0.005557236 -0.001495747 0.999983430 46.963226318
0.999979556 0.002629366 -0.005830016 0.940735102 -0.002621624 0.999995589 0.001335175 -1.323553205 0.005833503 -0.001319864 0.999982059 47.539737701
0.999984086 0.001691515 -0.005373105 0.945747137 -0.001685477 0.999997914 0.001128272 -1.341302395 0.005375002 -0.001119198 0.999984860 48.043186188
0.999978542 0.002608828 -0.006000299 0.969889820 -0.002602328 0.999995947 0.001090956 -1.352517486 0.006003122 -0.001075318 0.999981403 48.598930359
0.999982178 0.002931273 -0.005202672 0.962240577 -0.002926127 0.999995232 0.000996516 -1.365444779 0.005205568 -0.000981275 0.999985993 49.121883392
0.999982953 0.002857181 -0.005091059 0.979543447 -0.002851207 0.999995232 0.001180527 -1.386063337 0.005094408 -0.001165991 0.999986351 49.667919159
0.999982417 0.002093229 -0.005536474 0.988997698 -0.002083558 0.999996305 0.001751770 -1.406825662 0.005540120 -0.001740204 0.999983132 50.192024231
0.999985754 0.002401907 -0.004764854 0.988029838 -0.002395371 0.999996185 0.001377030 -1.415584564 0.004768144 -0.001365597 0.999987662 50.728160858
0.999984503 0.002821905 -0.004792523 1.004437089 -0.002818042 0.999995708 0.000812785 -1.428137422 0.004794796 -0.000799267 0.999988139 51.264537811
0.999982178 0.002408271 -0.005465850 1.013437629 -0.002404182 0.999996841 0.000754437 -1.443213820 0.005467649 -0.000741283 0.999984741 51.803421021
0.999981403 0.002072762 -0.005734265 1.030293703 -0.002068072 0.999997497 0.000823690 -1.469227910 0.005735959 -0.000811816 0.999983132 52.335464478
0.999986529 0.002545748 -0.004514128 1.008256555 -0.002542177 0.999996424 0.000796757 -1.486674905 0.004516140 -0.000785270 0.999989510 52.846343994
0.999984384 0.002469200 -0.005010502 1.017786503 -0.002464877 0.999996543 0.000868819 -1.506534338 0.005012630 -0.000856456 0.999987066 53.389823914
0.999984801 0.002970120 -0.004645707 1.024019003 -0.002964804 0.999994934 0.001150804 -1.526975155 0.004649102 -0.001137013 0.999988556 53.942516327
0.999985576 0.003684537 -0.003907042 1.020834923 -0.003680103 0.999992490 0.001141426 -1.541836262 0.003911220 -0.001127031 0.999991715 54.469257355
0.999986827 0.002544598 -0.004487875 1.035492182 -0.002536697 0.999995172 0.001765363 -1.567777991 0.004492346 -0.001753955 0.999988317 55.013668060
0.999985337 0.003587650 -0.004061563 1.034254909 -0.003584985 0.999993324 0.000663122 -1.561192751 0.004063915 -0.000648552 0.999991536 55.572471619
0.999984562 0.003133174 -0.004575387 1.050514221 -0.003127286 0.999994278 0.001293435 -1.584142327 0.004579412 -0.001279107 0.999988675 56.112670898
0.999984980 0.003615004 -0.004116221 1.066438317 -0.003610319 0.999992847 0.001145133 -1.598836780 0.004120330 -0.001130255 0.999990821 56.645793915
0.999985397 0.003397634 -0.004209014 1.074133635 -0.003392433 0.999993503 0.001242209 -1.606899142 0.004213207 -0.001227911 0.999990344 57.209980011
0.999985695 0.003806416 -0.003759509 1.081680536 -0.003803140 0.999992371 0.000878268 -1.620854855 0.003762824 -0.000863958 0.999992549 57.744537354
0.999985695 0.003458132 -0.004086062 1.088924050 -0.003459570 0.999993920 -0.000345028 -1.621971488 0.004084845 0.000359159 0.999991536 58.314689636
0.999985933 0.003733089 -0.003765629 1.101356387 -0.003733577 0.999993026 -0.000122395 -1.631608725 0.003765146 0.000136453 0.999992907 58.856922150
0.999984920 0.003893687 -0.003868604 1.105859280 -0.003893195 0.999992430 0.000134516 -1.655436039 0.003869098 -0.000119453 0.999992490 59.400917053
0.999986589 0.004071090 -0.003197461 1.116781950 -0.004069445 0.999991536 0.000520868 -1.677902699 0.003199555 -0.000507849 0.999994695 59.942070007
0.999984205 0.004379603 -0.003521852 1.126151443 -0.004378233 0.999990344 0.000396567 -1.684657693 0.003523555 -0.000381141 0.999993682 60.490085602
0.999987900 0.003834807 -0.003080825 1.137235284 -0.003835177 0.999992669 -0.000114224 -1.697735786 0.003080365 0.000126038 0.999995232 61.037406921
0.999984980 0.005043456 -0.002187185 1.144247174 -0.005042775 0.999987245 0.000316993 -1.719397187 0.002188755 -0.000305958 0.999997556 61.588466644
0.999987006 0.004363255 -0.002612401 1.154189587 -0.004362503 0.999990404 0.000292802 -1.732881904 0.002613653 -0.000281402 0.999996543 62.135883331
0.999986887 0.004566790 -0.002360877 1.164703131 -0.004567118 0.999989569 -0.000133757 -1.750188351 0.002360241 0.000144538 0.999997199 62.688598633
0.999986708 0.004615038 -0.002306341 1.176841617 -0.004614735 0.999989331 0.000136485 -1.765985727 0.002306947 -0.000125840 0.999997258 63.239170074
0.999985218 0.004984397 -0.002148279 1.182559371 -0.004984316 0.999987721 0.000043299 -1.781546950 0.002148468 -0.000032591 0.999997675 63.780433655
0.999986112 0.004733292 -0.002328226 1.196015239 -0.004733800 0.999988794 -0.000212676 -1.794102430 0.002327193 0.000223695 0.999997258 64.326103210
0.999984264 0.004912657 -0.002707948 1.209723473 -0.004912332 0.999987900 0.000127221 -1.808006644 0.002708540 -0.000113917 0.999996305 64.873268127
0.999987721 0.004575651 -0.001909186 1.217923880 -0.004576158 0.999989510 -0.000261144 -1.820332050 0.001907971 0.000269878 0.999998152 65.416786194
0.999983847 0.005443457 -0.001625914 1.220874310 -0.005443446 0.999985158 0.000010951 -1.839725137 0.001625949 -0.000002100 0.999998689 65.959320068
0.999985754 0.005151511 -0.001376790 1.226692677 -0.005151784 0.999986708 -0.000195185 -1.849462032 0.001375766 0.000202275 0.999998987 66.498840332
0.999986053 0.005104452 -0.001371442 1.243993521 -0.005104474 0.999986887 -0.000012742 -1.869196177 0.001371360 0.000019742 0.999999046 67.045646667
0.999987841 0.004799077 -0.001054704 1.253492355 -0.004799018 0.999988496 0.000058642 -1.885873437 0.001054973 -0.000053579 0.999999464 67.598205566
0.999987245 0.004916523 -0.001168849 1.262938619 -0.004916788 0.999987841 -0.000223665 -1.905419946 0.001167735 0.000229409 0.999999225 68.141098022
0.999983609 0.005526565 -0.001492510 1.271330833 -0.005527574 0.999984503 -0.000672755 -1.917174339 0.001488769 0.000680994 0.999998689 68.701492310
0.999984622 0.005372307 -0.001338384 1.278147817 -0.005373297 0.999985278 -0.000736988 -1.928410649 0.001334405 0.000744169 0.999998808 69.259574890
0.999983966 0.005534914 -0.001190719 1.283879638 -0.005535194 0.999984682 -0.000232007 -1.948303223 0.001189417 0.000238594 0.999999285 69.811264038
0.999985993 0.005159525 -0.001203804 1.294208765 -0.005159387 0.999986708 0.000117649 -1.965506554 0.001204395 -0.000111437 0.999999285 70.348503113
0.999987364 0.004511158 -0.002231204 1.311532736 -0.004513030 0.999989450 -0.000834741 -1.968691468 0.002227415 0.000844800 0.999997139 70.877235413
0.999988377 0.004510871 -0.001670256 1.319957852 -0.004512143 0.999989510 -0.000758986 -1.986037970 0.001666815 0.000766514 0.999998331 71.460296631
0.999986231 0.004996466 -0.001600390 1.321520805 -0.004996457 0.999987543 0.000009694 -2.003773689 0.001600418 -0.000001698 0.999998748 71.964004517
0.999984145 0.005333918 -0.001811392 1.327232599 -0.005334027 0.999985695 -0.000055142 -2.019986391 0.001811073 0.000064803 0.999998331 72.487602234
0.999984443 0.005390074 -0.001431241 1.330177069 -0.005389856 0.999985456 0.000156436 -2.035097361 0.001432063 -0.000148720 0.999998987 73.019783020
0.999988496 0.004566507 -0.001472914 1.338805676 -0.004566567 0.999989510 -0.000035554 -2.044039965 0.001472736 0.000042280 0.999998927 73.543479919
0.999984860 0.005265430 -0.001685801 1.349052548 -0.005266365 0.999985993 -0.000550724 -2.052988529 0.001682878 0.000559594 0.999998450 74.084205627
0.999986410 0.004623501 -0.002401745 1.364318728 -0.004624427 0.999989212 -0.000379792 -2.070771217 0.002399963 0.000390893 0.999997020 74.621452332
0.999987304 0.004394488 -0.002449949 1.368954182 -0.004395328 0.999990225 -0.000337378 -2.079009533 0.002448442 0.000348142 0.999996960 75.173019409
0.999989986 0.003999426 -0.002017883 1.378010988 -0.004001110 0.999991655 -0.000831540 -2.097052097 0.002014541 0.000839606 0.999997556 75.698982239
0.999984801 0.004968261 -0.002377780 1.386289597 -0.004969494 0.999987483 -0.000512577 -2.108472824 0.002375204 0.000524386 0.999997020 76.260124207
0.999984682 0.005062863 -0.002200162 1.394652367 -0.005064948 0.999986649 -0.000942902 -2.126257181 0.002195358 0.000954031 0.999997079 76.793586731
0.999984920 0.005330839 -0.001268761 1.400160789 -0.005331323 0.999985695 -0.000377558 -2.143733263 0.001266730 0.000384317 0.999999046 77.316246033
0.999988854 0.004384123 -0.001765441 1.401833653 -0.004384208 0.999990404 -0.000044571 -2.169221640 0.001765229 0.000052311 0.999998450 77.830825806
0.999986947 0.004713996 -0.001957096 1.424747229 -0.004715091 0.999988735 -0.000554855 -2.181356668 0.001954458 0.000564076 0.999997914 78.396926880
0.999986708 0.004615458 -0.002270852 1.444057107 -0.004617557 0.999988914 -0.000920016 -2.190808535 0.002266580 0.000930490 0.999997020 78.950088501
0.999981225 0.005758641 -0.002097418 1.453060031 -0.005758671 0.999983430 -0.000007763 -2.215912580 0.002097338 0.000019841 0.999997795 79.498390198
0.999984145 0.005245412 -0.002034588 1.464100599 -0.005246382 0.999986112 -0.000471948 -2.228051662 0.002032085 0.000482615 0.999997735 80.045997620
0.999985933 0.005207999 -0.001006697 1.480701804 -0.005208786 0.999986112 -0.000780137 -2.241329193 0.001002620 0.000785370 0.999999166 80.620742798
0.999987662 0.004965795 0.000142627 1.491481304 -0.004965725 0.999987662 -0.000483821 -2.259193659 -0.000145028 0.000483106 0.999999881 81.168724060
0.999982953 0.005649558 0.001433307 1.502469659 -0.005649062 0.999983966 -0.000349208 -2.281351328 -0.001435257 0.000341105 0.999998868 81.725677490
0.999983013 0.005357281 0.002264425 1.524058223 -0.005356903 0.999985576 -0.000173356 -2.295731783 -0.002265321 0.000161223 0.999997437 82.270622253
0.999962509 0.005957402 0.006284143 1.533701301 -0.005954447 0.999982178 -0.000489066 -2.308836937 -0.006286944 0.000451629 0.999980152 82.821571350
0.999930799 0.005699831 0.010300664 1.554822803 -0.005700866 0.999983728 0.000071018 -2.330020666 -0.010300093 -0.000129735 0.999946892 83.367248535
0.999887764 0.006070072 0.013693226 1.574211836 -0.006067957 0.999981582 -0.000196154 -2.349599123 -0.013694166 0.000113042 0.999906182 83.914352417
0.999799728 0.006104882 0.019059274 1.591591120 -0.006101457 0.999981344 -0.000237781 -2.364088058 -0.019060370 0.000121444 0.999818444 84.481224060
0.999681592 0.005989389 0.024512451 1.626162529 -0.005968757 0.999981701 -0.000914760 -2.375939131 -0.024517486 0.000768161 0.999699116 85.040603638
0.999504983 0.006678813 0.030741762 1.649576426 -0.006652650 0.999977410 -0.000953281 -2.397271872 -0.030747442 0.000748295 0.999526918 85.591247559
0.999336421 0.005966860 0.035932459 1.687910676 -0.005949649 0.999982059 -0.000585868 -2.415115595 -0.035935316 0.000371693 0.999354005 86.150962830
0.999007761 0.005738792 0.044164870 1.730009079 -0.005707846 0.999983370 -0.000826754 -2.425020218 -0.044168871 0.000573847 0.999023914 86.716743469
0.998580396 0.005799815 0.052948434 1.772531986 -0.005737013 0.999982655 -0.001338025 -2.439431906 -0.052955274 0.001032361 0.998596370 87.282615662
0.998187602 0.005533119 0.059923958 1.819284678 -0.005474766 0.999984384 -0.001137895 -2.456098557 -0.059929322 0.000807763 0.998202264 87.841384888
0.997557700 0.006608563 0.069533937 1.872161388 -0.006539433 0.999977887 -0.001221785 -2.472342253 -0.069540478 0.000764088 0.997578800 88.403831482
0.996801496 0.005655728 0.079716265 1.936789513 -0.005583290 0.999983788 -0.001131583 -2.494141817 -0.079721361 0.000682885 0.996816933 88.949974060
0.996070921 0.006054616 0.088352107 2.000077248 -0.006000402 0.999981523 -0.000879175 -2.508147240 -0.088355802 0.000345573 0.996088922 89.507492065
0.995368361 0.005214749 0.095991969 2.073815346 -0.005080933 0.999985754 -0.001638408 -2.523522377 -0.095999151 0.001143090 0.995380759 90.069114685
0.994235575 0.004841634 0.107109264 2.153750420 -0.004580414 0.999985933 -0.002684692 -2.530989885 -0.107120775 0.002178612 0.994243562 90.628494263
0.993028641 0.005215408 0.117757440 2.234467506 -0.004950779 0.999984503 -0.002539635 -2.545933247 -0.117768869 0.001938940 0.993039131 91.173988342
0.991924882 0.004389312 0.126750529 2.320644379 -0.004061346 0.999987721 -0.002845811 -2.562568903 -0.126761481 0.002308052 0.991930544 91.710060120
0.990444422 0.004969066 0.137823820 2.415401459 -0.004746750 0.999986768 -0.001941674 -2.580099821 -0.137831658 0.001268905 0.990454793 92.252433777
0.988751590 0.004720064 0.149492219 2.523764610 -0.004361325 0.999986708 -0.002727457 -2.591191530 -0.149503112 0.002044794 0.988759100 92.809684753
0.986960649 0.003737982 0.160918027 2.627173424 -0.003294468 0.999989986 -0.003022868 -2.605491638 -0.160927728 0.002453313 0.986963153 93.339393616
0.985189617 0.003338034 0.171436012 2.737001419 -0.002829053 0.999990821 -0.003213157 -2.617759705 -0.171445176 0.002680567 0.985190034 93.876449585
0.982823908 0.003967388 0.184502855 2.855981827 -0.003518110 0.999989927 -0.002762373 -2.637826681 -0.184511960 0.002065826 0.982828081 94.406814575
0.980428278 0.003384416 0.196847603 2.979771614 -0.002844595 0.999991357 -0.003025007 -2.651776314 -0.196856171 0.002405850 0.980429411 94.933708191
0.978242934 0.003065877 0.207439914 3.113264084 -0.002496648 0.999992311 -0.003005810 -2.666308880 -0.207447544 0.002422508 0.978243172 95.471107483
0.975352108 0.002828463 0.220635995 3.255317688 -0.002190201 0.999992609 -0.003137405 -2.683472633 -0.220643237 0.002576837 0.975351095 95.998146057
0.972261369 0.002720374 0.233881086 3.405942917 -0.002103220 0.999993563 -0.002888120 -2.700546265 -0.233887434 0.002316104 0.972260892 96.513031006
0.969530642 0.002942978 0.244952247 3.548919678 -0.002497536 0.999994636 -0.002129087 -2.726756096 -0.244957179 0.001452438 0.969532728 97.027610779
0.966553032 0.001598246 0.256461531 3.727880478 -0.000865879 0.999995351 -0.002968560 -2.735555172 -0.256465018 0.002647205 0.966549873 97.539749146
0.962784231 0.001784815 0.270265251 3.896175385 -0.001001645 0.999994874 -0.003035676 -2.748659849 -0.270269275 0.002651992 0.962781131 98.067825317
0.959077895 0.001904525 0.283136040 4.070375443 -0.000953106 0.999993384 -0.003498000 -2.761569023 -0.283140808 0.003084996 0.959073424 98.595214844
0.955561280 0.001826214 0.294786990 4.245508194 -0.001057782 0.999995708 -0.002766168 -2.784927368 -0.294790715 0.002331423 0.955559134 99.118225098
0.951323330 0.001498577 0.308191031 4.434444427 -0.000686745 0.999996006 -0.002742629 -2.802583694 -0.308193892 0.002397479 0.951320648 99.634185791
0.946857274 0.001545004 0.321650326 4.635526657 -0.000570545 0.999994874 -0.003123802 -2.813739777 -0.321653545 0.002774279 0.946853280 100.137092590
0.942984879 0.000513894 0.332835138 4.833026886 0.000421276 0.999996185 -0.002737536 -2.833676338 -0.332835257 0.002721670 0.942981064 100.635307312
0.938313603 0.000711212 0.345784724 5.044588089 0.000464779 0.999994457 -0.003318006 -2.847196341 -0.345785171 0.003274044 0.938308001 101.156562805
0.933124363 0.000108388 0.359553784 5.260070801 0.001061943 0.999994755 -0.003057437 -2.866070747 -0.359552175 0.003234794 0.933119357 101.641189575
0.928391457 -0.000482132 0.371603310 5.481351852 0.001685183 0.999994338 -0.002912728 -2.881802559 -0.371599913 0.003330372 0.928386927 102.138389587
0.923742354 -0.001197097 0.383012891 5.706701279 0.002653986 0.999991119 -0.003275377 -2.893296003 -0.383005619 0.004042115 0.923737168 102.618255615
0.917776465 -0.001644422 0.397094011 5.938259125 0.003241470 0.999989152 -0.003350694 -2.904607296 -0.397084117 0.004362357 0.917771816 103.100196838
0.912028909 -0.002376608 0.410119087 6.180637360 0.004158126 0.999985397 -0.003452065 -2.916787624 -0.410104841 0.004853710 0.912025452 103.584754944
0.907075286 -0.003070869 0.420957237 6.425773621 0.004866973 0.999983072 -0.003192468 -2.939873457 -0.420940310 0.004944596 0.907074869 104.044273376
0.900776923 -0.003669612 0.434266537 6.685096741 0.005765955 0.999977231 -0.003510081 -2.957959414 -0.434243739 0.005665761 0.900777638 104.520118713
0.893978298 -0.003263919 0.448098361 6.931041718 0.005311227 0.999980509 -0.003312370 -2.970724583 -0.448078781 0.005341139 0.893978119 104.990402222
0.888274193 -0.004160720 0.459294766 7.200206757 0.006104768 0.999977589 -0.002747867 -2.991243124 -0.459273040 0.005244747 0.888279676 105.442504883
0.883018792 -0.004447267 0.469316572 7.476074219 0.006446599 0.999975741 -0.002653451 -3.010043621 -0.469293326 0.005368543 0.883026004 105.906417847
0.875133276 -0.004191845 0.483863801 7.741634369 0.006428972 0.999974966 -0.002964610 -3.017866611 -0.483839303 0.005705176 0.875138283 106.373878479
