1.000000000 0.000000000 0.000000000 0.000000000 0.000000000 1.000000000 0.000000000 0.000000000 0.000000000 0.000000000 1.000000000 0.000000000
1.000000000 0.000043394 -0.000020770 0.000433812 -0.000043393 1.000000000 0.000014012 -0.000358895 0.000020770 -0.000014011 1.000000000 0.001368882
1.000000000 0.000034120 0.000007953 0.000778140 -0.000034120 1.000000000 0.000036427 -0.000506650 -0.000007952 -0.000036427 1.000000000 0.001351891
1.000000000 -0.000031185 -0.000059447 0.001634259 0.000031183 1.000000000 -0.000031835 -0.000862811 0.000059448 0.000031833 1.000000000 -0.001071143
1.000000000 -0.000060364 -0.000086367 0.001278510 0.000060371 1.000000000 0.000077455 -0.000834529 0.000086362 -0.000077460 1.000000000 -0.000056469
1.000000000 -0.000007460 -0.000062485 -0.000856210 0.000007458 1.000000000 -0.000032508 0.001346996 0.000062485 0.000032508 1.000000000 0.002136218
1.000000000 -0.000118777 -0.000085951 0.001043263 0.000118786 1.000000000 0.000095850 -0.000622992 0.000085939 -0.000095860 1.000000000 0.000282441
1.000000000 -0.000047545 -0.000014077 -0.000252920 0.000047546 1.000000000 0.000073363 -0.000730951 0.000014074 -0.000073363 1.000000000 -0.000969425
1.000000000 0.000048825 -0.000046752 0.001153823 -0.000048822 1.000000000 0.000066605 -0.000569748 0.000046755 -0.000066603 1.000000000 -0.001808541
1.000000000 0.000055232 0.000007566 -0.000141114 -0.000055232 1.000000000 0.000054884 0.000321567 -0.000007563 -0.000054884 1.000000000 0.001838335
1.000000000 0.000015766 -0.000002708 0.000087362 -0.000015766 1.000000000 0.000016230 -0.000068760 0.000002708 -0.000016230 1.000000000 0.000109384
1.000000000 -0.000047045 -0.000085347 0.001102969 0.000047053 1.000000000 0.000100474 -0.000951278 0.000085342 -0.000100478 1.000000000 -0.000741121
1.000000000 -0.000006260 -0.000028472 0.000259022 0.000006260 1.000000000 0.000005350 0.000405296 0.000028472 -0.000005351 1.000000000 0.001804907
1.000000000 -0.000137901 -0.000107457 0.000696553 0.000137915 1.000000000 0.000125428 -0.000183855 0.000107440 -0.000125443 1.000000000 -0.000008924
1.000000000 0.000005020 -0.000091973 0.001330337 -0.000005015 1.000000000 0.000051047 -0.000522803 0.000091974 -0.000051046 1.000000000 -0.003745185
1.000000000 -0.000021029 -0.000125298 0.003020755 0.000021043 1.000000000 0.000113451 -0.000889727 0.000125296 -0.000113454 1.000000000 -0.002619712
1.000000000 -0.000070733 -0.000089627 0.002682772 0.000070745 1.000000000 0.000134093 -0.001342099 0.000089617 -0.000134099 1.000000000 -0.003172433
1.000000000 -0.000029057 -0.000080388 0.002760084 0.000029061 1.000000000 0.000048573 -0.000748397 0.000080386 -0.000048575 1.000000000 -0.001445341
1.000000000 0.000054510 -0.000079001 0.001946128 -0.000054500 1.000000000 0.000120222 -0.001090805 0.000079008 -0.000120217 1.000000000 -0.002503096
1.000000000 -0.000091496 -0.000107985 0.002743221 0.000091507 1.000000000 0.000102371 -0.001965386 0.000107976 -0.000102380 1.000000000 -0.004220295
1.000000000 -0.000105772 -0.000131637 0.002390784 0.000105788 1.000000000 0.000116970 -0.000375592 0.000131624 -0.000116984 1.000000000 -0.000671449
1.000000000 -0.000118346 -0.000097612 0.001464407 0.000118359 1.000000000 0.000132629 -0.002184695 0.000097596 -0.000132641 1.000000000 -0.004583635
1.000000000 0.000038516 -0.000127098 0.003810023 -0.000038501 1.000000000 0.000121230 -0.001125025 0.000127102 -0.000121225 1.000000000 -0.001589480
1.000000000 -0.000047092 -0.000149742 0.002996915 0.000047105 1.000000000 0.000087164 -0.001230278 0.000149738 -0.000087171 1.000000000 -0.002133844
1.000000000 -0.000083876 -0.000118260 0.002263390 0.000083887 1.000000000 0.000088048 -0.001291915 0.000118253 -0.000088058 1.000000000 -0.002844464
1.000000000 -0.000049982 -0.000137324 0.002920979 0.000049992 1.000000000 0.000072946 -0.000457387 0.000137320 -0.000072953 1.000000000 -0.001169549
1.000000000 -0.000027688 -0.000076811 0.003101707 0.000027692 1.000000000 0.000051185 -0.000449152 0.000076809 -0.000051187 1.000000000 -0.001365478
1.000000000 -0.000150355 -0.000153832 0.002205834 0.000150375 1.000000000 0.000134984 -0.000738274 0.000153811 -0.000135008 1.000000000 -0.003395972
1.000000000 -0.000163769 -0.000103805 0.001651134 0.000163778 1.000000000 0.000082570 -0.001490269 0.000103792 -0.000082587 1.000000000 -0.001077580
1.000000000 -0.000044176 -0.000165423 0.004151375 0.000044206 1.000000000 0.000182140 -0.002215764 0.000165415 -0.000182148 0.999999940 -0.004215846
1.000000000 -0.000160043 -0.000166448 0.004584177 0.000160062 1.000000000 0.000117128 -0.001297844 0.000166430 -0.000117155 1.000000000 -0.003141074
1.000000000 -0.000089893 -0.000147019 0.002897940 0.000089908 1.000000000 0.000100620 -0.000448415 0.000147010 -0.000100633 1.000000000 -0.002068917
1.000000000 -0.000038342 -0.000090634 0.002730125 0.000038350 1.000000000 0.000094918 -0.000731407 0.000090631 -0.000094922 1.000000000 -0.003843064
1.000000000 0.000018715 -0.000080979 0.002599859 -0.000018710 1.000000000 0.000063756 -0.000548932 0.000080981 -0.000063754 1.000000000 -0.003203012
1.000000000 -0.000035980 -0.000115828 0.002444232 0.000035991 1.000000000 0.000092346 -0.000774469 0.000115825 -0.000092350 1.000000000 -0.002075446
1.000000000 -0.000157707 -0.000124428 0.002477835 0.000157727 1.000000000 0.000162298 -0.002699278 0.000124402 -0.000162317 1.000000000 -0.004186980
1.000000000 -0.000102487 -0.000159115 0.003297404 0.000102502 1.000000000 0.000098371 -0.000586142 0.000159105 -0.000098388 1.000000000 -0.002795330
1.000000000 -0.000080693 -0.000162633 0.005276440 0.000080719 1.000000000 0.000158412 -0.001432999 0.000162620 -0.000158425 1.000000000 -0.005647329
1.000000000 -0.000089983 -0.000096667 0.001780141 0.000089991 1.000000000 0.000089455 -0.000815205 0.000096659 -0.000089464 1.000000000 -0.002921003
1.000000000 -0.000148613 -0.000176898 0.002994341 0.000148642 1.000000000 0.000163000 -0.001784758 0.000176874 -0.000163027 1.000000000 -0.004819877
1.000000000 -0.000062680 -0.000189578 0.004687366 0.000062691 1.000000000 0.000055544 -0.001706554 0.000189575 -0.000055556 1.000000000 -0.002330983
1.000000000 -0.000224113 -0.000045475 0.002347992 0.000224090 0.999999821 -0.000516538 -0.003146715 0.000045591 0.000516528 0.999999881 0.049677629
1.000000000 0.000041713 -0.000096950 0.003959829 -0.000041823 0.999999344 -0.001136505 -0.005781984 0.000096903 0.001136509 0.999999344 0.138135999
1.000000000 -0.000007361 0.000015024 0.005041096 0.000007382 0.999998927 -0.001446409 -0.009150021 -0.000015013 0.001446409 0.999998927 0.254842997
1.000000000 0.000031856 0.000000113 0.008190027 -0.000031855 0.999998927 -0.001446695 -0.012127573 -0.000000159 0.001446695 0.999998927 0.387443632
1.000000000 0.000061140 -0.000025041 0.010645582 -0.000061170 0.999999285 -0.001201854 -0.016748371 0.000024968 0.001201856 0.999999285 0.526533365
0.999999940 0.000235800 0.000063938 0.014527242 -0.000235735 0.999999464 -0.001008300 -0.023940476 -0.000064176 0.001008285 0.999999464 0.679913461
1.000000000 0.000014968 0.000130897 0.014342065 -0.000014855 0.999999642 -0.000860134 -0.029063728 -0.000130910 0.000860132 0.999999642 0.844350696
0.999999881 0.000371242 0.000278435 0.014108539 -0.000371040 0.999999642 -0.000723845 -0.027566299 -0.000278704 0.000723741 0.999999702 1.021223664
0.999999940 0.000292134 0.000039722 0.024505017 -0.000292111 0.999999821 -0.000575474 -0.036088038 -0.000039891 0.000575462 0.999999821 1.188737631
0.999999940 0.000242245 0.000238268 0.028151618 -0.000242195 0.999999881 -0.000209259 -0.044793110 -0.000238319 0.000209202 0.999999881 1.368656874
0.999999940 0.000295712 0.000043963 0.033163842 -0.000295702 0.999999881 -0.000220345 -0.048583828 -0.000044028 0.000220332 0.999999940 1.560769677
0.999999821 0.000130816 0.000443386 0.035071760 -0.000130779 0.999999940 -0.000085065 -0.057615045 -0.000443397 0.000085007 0.999999881 1.753617406
0.999999940 0.000232364 0.000273091 0.042809363 -0.000232379 1.000000000 0.000054200 -0.063958086 -0.000273079 -0.000054264 0.999999940 1.958519816
0.999999881 0.000117367 0.000458699 0.046275958 -0.000117392 1.000000000 0.000054558 -0.070113473 -0.000458693 -0.000054612 0.999999881 2.164849758
0.999999583 0.000644101 0.000546794 0.044904850 -0.000644211 0.999999762 0.000201357 -0.075126104 -0.000546664 -0.000201709 0.999999881 2.380483389
0.999997795 0.001762979 -0.001130306 0.070972145 -0.001761577 0.999997675 0.001239887 -0.100160182 0.001132489 -0.001237894 0.999998510 2.583044767
0.999998152 0.001510511 -0.001202832 0.073311031 -0.001508987 0.999997973 0.001267423 -0.106995925 0.001204744 -0.001265606 0.999998391 2.819860458
0.999998391 0.001469049 -0.001091502 0.078276247 -0.001467524 0.999997973 0.001396999 -0.111408666 0.001093552 -0.001395395 0.999998391 3.048533440
0.999998271 0.001555989 -0.000995104 0.080543727 -0.001554681 0.999997914 0.001313885 -0.119905509 0.000997146 -0.001312336 0.999998569 3.288678169
0.999999464 0.000021602 0.001030558 0.071773753 -0.000022289 0.999999702 0.000666417 -0.117234424 -0.001030544 -0.000666440 0.999999166 3.540735245
0.999999464 0.000300593 0.001028180 0.075725056 -0.000301523 0.999999523 0.000903527 -0.123884290 -0.001027908 -0.000903836 0.999998987 3.791500807
0.999999344 -0.000009554 0.001117614 0.084211901 0.000008608 0.999999583 0.000846647 -0.131938726 -0.001117622 -0.000846637 0.999998987 4.052444935
0.999999046 0.000509901 0.001282509 0.087454915 -0.000511972 0.999998569 0.001615063 -0.149527550 -0.001281683 -0.001615718 0.999997854 4.324630737
0.999999046 0.000513915 0.001288653 0.092332318 -0.000515911 0.999998689 0.001548787 -0.157050341 -0.001287856 -0.001549450 0.999997973 4.583906174
0.999998808 0.000525172 0.001445655 0.100779168 -0.000527839 0.999998152 0.001845562 -0.164585292 -0.001444683 -0.001846323 0.999997199 4.836470604
0.999999464 -0.000168421 0.001021485 0.104258843 0.000166024 0.999997258 0.002346094 -0.186918467 -0.001021877 -0.002345923 0.999996662 5.072793484
0.999999702 -0.000284871 0.000657310 0.111062042 0.000283431 0.999997616 0.002189501 -0.191743419 -0.000657932 -0.002189314 0.999997318 5.341002464
0.999999464 0.000214563 0.001010088 0.113553539 -0.000216871 0.999997377 0.002285319 -0.198808715 -0.001009595 -0.002285537 0.999996901 5.610095501
0.999999404 0.000326150 0.001089004 0.118364587 -0.000328731 0.999997139 0.002370165 -0.208404779 -0.001088227 -0.002370521 0.999996603 5.882325172
0.999995708 0.002905703 -0.000419102 0.144935831 -0.002904525 0.999991834 0.002785120 -0.231806353 0.000427191 -0.002783891 0.999995947 6.148868084
0.999994397 0.003355720 -0.000322864 0.153085306 -0.003354726 0.999989688 0.003031811 -0.244006693 0.000333034 -0.003030711 0.999995291 6.422796249
0.999993980 0.003487328 -0.000117451 0.153331831 -0.003486963 0.999989450 0.002978978 -0.249014243 0.000127839 -0.002978550 0.999995530 6.716913223
0.999995887 0.002866357 -0.000159598 0.166492805 -0.002865911 0.999992132 0.002733186 -0.256802857 0.000167432 -0.002732717 0.999996245 7.035344124
0.999996126 0.002772123 -0.000337917 0.169602931 -0.002771210 0.999992609 0.002673071 -0.262716055 0.000345325 -0.002672124 0.999996364 7.337911606
0.999996424 0.002689147 -0.000211079 0.181051195 -0.002688582 0.999992847 0.002636803 -0.272960842 0.000218168 -0.002636225 0.999996483 7.650322914
0.999997020 0.002419911 -0.000280874 0.190127462 -0.002419073 0.999992609 0.002948486 -0.286690354 0.000288007 -0.002947798 0.999995589 7.969107151
0.999996841 0.002504696 -0.000040836 0.205325544 -0.002504555 0.999991894 0.003146906 -0.299985528 0.000048717 -0.003146793 0.999995053 8.275474548
0.999996543 0.002622613 -0.000050314 0.221194163 -0.002622430 0.999990880 0.003363002 -0.313184083 0.000059133 -0.003362858 0.999994397 8.584100723
0.999994814 0.003216282 0.000236253 0.218733400 -0.003217037 0.999989510 0.003268260 -0.318128675 -0.000225739 -0.003269003 0.999994695 8.931243896
0.999993801 0.003489091 0.000459981 0.214794189 -0.003490542 0.999988794 0.003192864 -0.326094538 -0.000448836 -0.003194450 0.999994814 9.280121803
0.999992430 0.003880336 -0.000034752 0.238865972 -0.003880184 0.999985933 0.003621882 -0.343752056 0.000048805 -0.003621720 0.999993443 9.599484444
0.999990880 0.004260505 0.000196117 0.245959237 -0.004261168 0.999984682 0.003515152 -0.351056397 -0.000181138 -0.003515955 0.999993861 9.948338509
0.999991238 0.004172541 0.000141448 0.250645727 -0.004173028 0.999984682 0.003638736 -0.363447309 -0.000126263 -0.003639295 0.999993384 10.303875923
0.999991238 0.004182739 0.000240303 0.266219109 -0.004183547 0.999985278 0.003463492 -0.372301847 -0.000225813 -0.003464467 0.999993980 10.676602364
0.999992728 0.003793379 0.000210750 0.275879055 -0.003794109 0.999986351 0.003580984 -0.381284237 -0.000197163 -0.003581757 0.999993563 11.040358543
0.999991059 0.004203429 0.000419486 0.281910807 -0.004204884 0.999984980 0.003528054 -0.392939895 -0.000404650 -0.003529786 0.999993742 11.416926384
0.999990165 0.004400758 0.000456152 0.293839663 -0.004402440 0.999983191 0.003752906 -0.417194009 -0.000439629 -0.003754877 0.999992847 11.794734001
0.999991596 0.004073882 0.000418958 0.304796010 -0.004075491 0.999983966 0.003913485 -0.431466013 -0.000403008 -0.003915159 0.999992251 12.182338715
0.999989569 0.004520597 0.000755125 0.311573505 -0.004523724 0.999980927 0.004191217 -0.439158887 -0.000736164 -0.004194589 0.999990940 12.570152283
0.999992132 0.003958485 0.000134020 0.341631174 -0.003959036 0.999982536 0.004391635 -0.468878299 -0.000116633 -0.004392131 0.999990344 12.944023132
0.999991059 0.004220411 -0.000003665 0.352900416 -0.004220354 0.999981463 0.004386591 -0.478988171 0.000022178 -0.004386536 0.999990404 13.352050781
0.999991655 0.004057302 0.000194063 0.360756844 -0.004058177 0.999980509 0.004741437 -0.492990017 -0.000174822 -0.004742186 0.999988735 13.747716904
0.999992251 0.003904979 0.000718042 0.374534160 -0.003908584 0.999979377 0.005088959 -0.516743064 -0.000698155 -0.005091725 0.999986768 14.190570831
0.999992192 0.003854230 0.000865497 0.386723250 -0.003858517 0.999980032 0.005007220 -0.529801190 -0.000846181 -0.005010521 0.999987066 14.610195160
0.999992728 0.003682357 0.001013623 0.396523476 -0.003687691 0.999979079 0.005312112 -0.542823792 -0.000994041 -0.005315811 0.999985278 15.047271729
0.999992788 0.003693753 0.000887475 0.425376058 -0.003698413 0.999979079 0.005308344 -0.568674445 -0.000867849 -0.005311588 0.999985516 15.459893227
0.999990702 0.004025783 0.001554085 0.430539459 -0.004034011 0.999977648 0.005327870 -0.576689124 -0.001532602 -0.005334090 0.999984622 15.900855064
0.999990046 0.004051221 0.001888166 0.439723521 -0.004062141 0.999974906 0.005816275 -0.592420518 -0.001864556 -0.005823888 0.999981284 16.343410492
0.999994159 0.003140422 0.001359696 0.487765104 -0.003148507 0.999977112 0.005985554 -0.627085268 -0.001340868 -0.005989800 0.999981165 16.739912033
0.999995112 0.002885038 0.001218831 0.503155768 -0.002892561 0.999976456 0.006216737 -0.639126658 -0.001200867 -0.006220232 0.999979913 17.199756622
0.999994338 0.002868244 0.001746691 0.513656378 -0.002879870 0.999973476 0.006690246 -0.651383102 -0.001727456 -0.006695239 0.999976099 17.659059525
0.999990880 0.003473737 0.002475635 0.505600631 -0.003490381 0.999971151 0.006750745 -0.671647012 -0.002452114 -0.006759325 0.999974132 18.127815247
0.999985874 0.004257383 0.003181180 0.510527074 -0.004278028 0.999969661 0.006511318 -0.677978873 -0.003153363 -0.006524835 0.999973774 18.604240417
0.999990165 0.003573786 0.002629870 0.531580269 -0.003591335 0.999971151 0.006698820 -0.693075776 -0.002605854 -0.006708198 0.999974072 19.071382523
0.999989450 0.003705665 0.002701950 0.543710887 -0.003724720 0.999967992 0.007081562 -0.709225655 -0.002675622 -0.007091552 0.999971211 19.539457321
0.999986291 0.004266924 0.003041801 0.584374785 -0.004288230 0.999966025 0.007032289 -0.754072785 -0.003011692 -0.007045236 0.999970675 20.081642151
0.999989152 0.003567302 0.002975448 0.598849058 -0.003588044 0.999969065 0.006995302 -0.763637960 -0.002950402 -0.007005902 0.999971151 20.575033188
0.999992013 0.003408517 0.002084514 0.605917633 -0.003423114 0.999969363 0.007039506 -0.785496414 -0.002060456 -0.007046586 0.999973059 20.907268524
0.999993682 0.003187493 0.001603547 0.613493681 -0.003198589 0.999970615 0.006965392 -0.793407261 -0.001581298 -0.006970477 0.999974489 21.411991119
0.999993622 0.003312722 0.001245686 0.621737003 -0.003321436 0.999969542 0.007059566 -0.809209108 -0.001222261 -0.007063659 0.999974310 21.914920807
0.999995649 0.002707502 0.001150353 0.619057596 -0.002716663 0.999963939 0.008037982 -0.846137106 -0.001128549 -0.008041071 0.999967039 22.258903503
0.999996245 0.002668378 0.000564732 0.630082130 -0.002672837 0.999964058 0.008047470 -0.856188059 -0.000543238 -0.008048950 0.999967456 22.780414581
0.999998927 0.001401096 -0.000482636 0.654988229 -0.001396744 0.999959350 0.008902938 -0.885303855 0.000495090 -0.008902254 0.999960244 23.301456451
0.999999344 0.000331361 -0.001147621 0.664703906 -0.000321159 0.999960542 0.008878904 -0.901560128 0.001150518 -0.008878529 0.999959886 23.827356339
0.999997437 0.001669939 -0.001470901 0.666277766 -0.001657406 0.999962687 0.008480905 -0.898203731 0.001485008 -0.008478446 0.999962866 24.298748016
0.999996364 0.001251246 -0.002386383 0.681637764 -0.001230141 0.999960363 0.008824889 -0.912056804 0.002397330 -0.008821920 0.999958158 24.828994751
0.999993384 0.001626647 -0.003247891 0.698381543 -0.001597962 0.999959886 0.008814966 -0.928520381 0.003262100 -0.008809718 0.999955893 25.319395065
0.999992371 0.001477389 -0.003611527 0.708838403 -0.001446826 0.999963284 0.008450585 -0.938189089 0.003623879 -0.008445296 0.999957800 25.871089935
0.999992669 0.002022491 -0.003250779 0.668817937 -0.001992354 0.999955177 0.009247313 -0.949067593 0.003269336 -0.009240768 0.999951959 26.413974762
0.999991179 0.001844599 -0.003776113 0.686346591 -0.001807400 0.999949992 0.009831054 -0.970792651 0.003794058 -0.009824142 0.999944627 26.966239929
0.999988377 0.002527184 -0.004109537 0.700206220 -0.002489315 0.999954641 0.009194222 -0.967744589 0.004132586 -0.009183886 0.999949276 27.636325836
0.999984443 0.002808450 -0.004823027 0.709142327 -0.002764358 0.999954522 0.009124389 -0.977102160 0.004848433 -0.009110914 0.999946773 28.180406570
0.999985278 0.003220179 -0.004368120 0.676727474 -0.003179248 0.999951243 0.009345246 -0.965526402 0.004398001 -0.009331221 0.999946713 28.455575943
0.999980748 0.002916656 -0.005469025 0.730671704 -0.002867338 0.999955356 0.009004092 -1.002158880 0.005495042 -0.008988237 0.999944508 29.265335083
0.999983072 0.002350562 -0.005326806 0.708365977 -0.002299352 0.999951243 0.009599583 -1.010925055 0.005349111 -0.009587171 0.999939740 29.477737427
0.999982595 0.002501614 -0.005348929 0.717477560 -0.002450094 0.999950707 0.009616948 -1.024417520 0.005372724 -0.009603674 0.999939442 30.028991699
0.999979258 0.003007767 -0.005691347 0.712644339 -0.002954320 0.999951780 0.009375995 -1.015908241 0.005719274 -0.009358987 0.999939859 30.579698563
0.999976218 0.002720868 -0.006329273 0.732319891 -0.002661709 0.999952853 0.009336567 -1.029347181 0.006354379 -0.009319498 0.999936402 31.125579834
0.999973893 0.003018181 -0.006559366 0.745864749 -0.002957084 0.999952316 0.009304298 -1.046966791 0.006587136 -0.009284658 0.999935210 31.649856567
0.999976993 0.001512027 -0.006611115 0.744997740 -0.001446649 0.999950051 0.009882643 -1.072270393 0.006625729 -0.009872851 0.999929249 32.153575897
0.999974370 0.001322287 -0.007032416 0.756919384 -0.001251648 0.999948859 0.010039819 -1.087698579 0.007045331 -0.010030759 0.999924839 32.693092346
0.999971330 0.001160687 -0.007476226 0.765740633 -0.001084995 0.999948263 0.010120454 -1.095848799 0.007487585 -0.010112052 0.999920845 33.233455658
0.999975204 0.002237533 -0.006676987 0.755888462 -0.002165114 0.999938965 0.010833672 -1.100252390 0.006700820 -0.010818948 0.999918938 33.696693420
0.999966383 0.000787894 -0.008153904 0.786548734 -0.000707709 0.999951482 0.009832077 -1.101676226 0.008161254 -0.009825975 0.999918401 34.345340729
0.999973714 0.002875449 -0.006645928 0.772893906 -0.002802263 0.999935627 0.010995280 -1.125408769 0.006677115 -0.010976369 0.999917388 34.785907745
0.999975979 0.002511658 -0.006459452 0.783133328 -0.002439023 0.999933958 0.011228058 -1.131286979 0.006487227 -0.011212033 0.999916077 35.324275970
0.999970675 0.001498137 -0.007514289 0.778424203 -0.001412132 0.999933600 0.011437809 -1.193850994 0.007530927 -0.011426863 0.999906361 35.946060181
0.999970019 0.001957735 -0.007497098 0.781965137 -0.001872976 0.999934375 0.011295975 -1.202122569 0.007518723 -0.011281594 0.999908090 36.485141754
0.999969423 0.002362516 -0.007461517 0.782676697 -0.002277425 0.999932587 0.011391941 -1.215700507 0.007487928 -0.011374601 0.999907255 37.035015106
0.999969363 0.002318312 -0.007478315 0.783875465 -0.002227821 0.999924541 0.012086162 -1.232623816 0.007505771 -0.012069131 0.999898970 37.564159393
0.999961913 0.003068769 -0.008170824 0.809572875 -0.002975257 0.999930143 0.011432392 -1.229220867 0.008205338 -0.011407646 0.999901175 38.123008728
0.999958456 0.002848713 -0.008661338 0.818326056 -0.002752563 0.999934614 0.011092882 -1.238438487 0.008692374 -0.011068580 0.999900937 38.665046692
0.999958932 0.002657349 -0.008658583 0.826783419 -0.002555477 0.999927580 0.011755335 -1.261089087 0.008689194 -0.011732726 0.999893367 39.191093445
0.999960363 0.003727239 -0.008090134 0.830189824 -0.003632806 0.999925375 0.011656102 -1.269883633 0.008132977 -0.011626249 0.999899268 39.769229889
0.999960363 0.003321476 -0.008260975 0.819923878 -0.003226768 0.999929130 0.011451477 -1.275802135 0.008298425 -0.011424366 0.999900281 40.296482086
0.999969423 0.002457720 -0.007422659 0.761102200 -0.002367574 0.999923646 0.012129222 -1.317181230 0.007451903 -0.012111277 0.999898911 40.745716095
0.999968648 0.001993026 -0.007665900 0.774716377 -0.001900832 0.999926031 0.012014981 -1.325848699 0.007689279 -0.012000032 0.999898493 41.295352936
0.999969244 0.002139442 -0.007545288 0.786613584 -0.002046612 0.999922454 0.012289283 -1.340178251 0.007570995 -0.012273465 0.999895990 41.837028503
0.999965787 0.002069391 -0.008017048 0.787749290 -0.001973392 0.999926507 0.011963862 -1.339563966 0.008041216 -0.011947631 0.999896348 42.384590149
0.999961793 0.002697768 -0.008313884 0.807214379 -0.002597482 0.999924004 0.012049749 -1.342141986 0.008345759 -0.012027694 0.999892831 43.005065918
0.999965847 0.001828261 -0.008057253 0.795227766 -0.001731240 0.999926090 0.012031956 -1.354369879 0.008078656 -0.012017597 0.999895096 43.436740875
0.999961197 0.001939628 -0.008590940 0.824047208 -0.001836197 0.999925852 0.012031155 -1.336468935 0.008613640 -0.012014912 0.999890745 43.876365662
0.999961317 0.002325555 -0.008483258 0.831186950 -0.002226970 0.999930084 0.011612074 -1.344770670 0.008509670 -0.011592731 0.999896646 44.427917480
0.999957621 0.001702072 -0.009049368 0.887404561 -0.001593746 0.999927104 0.011964316 -1.354257822 0.009069073 -0.011949385 0.999887466 44.910015106
0.999956131 0.001451798 -0.009251122 0.891083121 -0.001339242 0.999925196 0.012161344 -1.364412069 0.009268085 -0.012148422 0.999883235 45.451416016
0.999954760 0.001717869 -0.009365714 0.907700777 -0.001603786 0.999924660 0.012174818 -1.379282951 0.009385922 -0.012159245 0.999882042 46.000175476
0.999955654 0.001053628 -0.009373866 0.895950913 -0.000924348 0.999904573 0.013785169 -1.468273401 0.009387498 -0.013775890 0.999861002 46.500881195
0.999955714 0.002095063 -0.009172982 0.917015314 -0.001980973 0.999920785 0.012429192 -1.393357158 0.009198295 -0.012410470 0.999880731 47.069080353
0.999960661 0.001636028 -0.008718309 0.882394314 -0.001517391 0.999906421 0.013597135 -1.476768494 0.008739739 -0.013583370 0.999869525 47.493503571
0.999963403 0.001809929 -0.008353124 0.889292002 -0.001698314 0.999909520 0.013349982 -1.483896732 0.008376530 -0.013335308 0.999876022 48.043727875
0.999959707 0.000914473 -0.008924276 0.894955039 -0.000792040 0.999905586 0.013713053 -1.496431828 0.008935973 -0.013705431 0.999866128 48.557430267
0.999962032 0.001799713 -0.008518562 0.908468544 -0.001682741 0.999904513 0.013718665 -1.500612974 0.008542437 -0.013703810 0.999869585 49.129409790
0.999957204 0.000966914 -0.009203717 0.889783263 -0.000840091 0.999904811 0.013773513 -1.501542091 0.009216159 -0.013765192 0.999862790 49.565792084
0.999955058 0.001485376 -0.009367630 0.895224571 -0.001359044 0.999908268 0.013477960 -1.505734921 0.009386790 -0.013464625 0.999865294 50.112628937
0.999961138 0.001290841 -0.008712417 0.892528415 -0.001167799 0.999899685 0.014113041 -1.519397378 0.008729760 -0.014102320 0.999862432 50.689769745
0.999961615 0.001505860 -0.008622874 0.885444760 -0.001382209 0.999896407 0.014327890 -1.539568663 0.008643555 -0.014315423 0.999860168 51.239814758
0.999960721 0.001179468 -0.008783461 0.894908607 -0.001053328 0.999896467 0.014351944 -1.542762876 0.008799478 -0.014342129 0.999858439 51.790637970
0.999958992 0.001441686 -0.008940818 0.903303027 -0.001314559 0.999898195 0.014208310 -1.550542712 0.008960391 -0.014195975 0.999859095 52.338184357
0.999960244 0.001733961 -0.008745985 0.901458263 -0.001606697 0.999893010 0.014537266 -1.561149359 0.008770256 -0.014522635 0.999856055 52.899936676
0.999963164 0.002497082 -0.008213967 0.907329559 -0.002379623 0.999895275 0.014278655 -1.561621547 0.008248761 -0.014258583 0.999864340 53.462066650
0.999961853 0.001495687 -0.008603668 0.886368930 -0.001371616 0.999895275 0.014408477 -1.568697929 0.008624317 -0.014396126 0.999859154 53.997299194
0.999959350 0.001177825 -0.008936677 0.896882236 -0.001047996 0.999894023 0.014518440 -1.574867010 0.008952830 -0.014508487 0.999854684 54.535953522
0.999959052 0.001406807 -0.008929688 0.902590990 -0.001276140 0.999892235 0.014621673 -1.578798771 0.008949297 -0.014609681 0.999853253 55.084693909
0.999960721 0.001068033 -0.008802924 0.909142017 -0.000939067 0.999892414 0.014641432 -1.592021704 0.008817615 -0.014632590 0.999854028 55.637458801
0.999962151 0.001006846 -0.008639492 0.903192699 -0.000880593 0.999892950 0.014604831 -1.593329191 0.008653273 -0.014596672 0.999855936 56.180961609
0.999962628 0.001124398 -0.008570154 0.918552637 -0.000999233 0.999893010 0.014595026 -1.586964488 0.008585648 -0.014585917 0.999856770 56.775592804
0.999962986 0.001242181 -0.008513350 0.903320909 -0.001120935 0.999898016 0.014231890 -1.586736679 0.008530160 -0.014221822 0.999862432 57.287700653
0.999965370 0.001087290 -0.008253798 0.910087705 -0.000967172 0.999893785 0.014543186 -1.602938414 0.008268734 -0.014534699 0.999860168 57.803070068
0.999964416 0.000941496 -0.008384512 0.922366500 -0.000820880 0.999896288 0.014377315 -1.613138437 0.008397177 -0.014369918 0.999861479 58.336853027
0.999966741 0.001480340 -0.008023844 0.919937849 -0.001360863 0.999888361 0.014875374 -1.625316143 0.008044970 -0.014863958 0.999857187 58.886447906
0.999967575 0.000941844 -0.008007511 0.939137399 -0.000821245 0.999886394 0.015050674 -1.630157232 0.008020777 -0.015043608 0.999854684 59.426128387
0.999971390 0.001966673 -0.007303535 0.933432698 -0.001857245 0.999886394 0.014959572 -1.638308048 0.007332125 -0.014945578 0.999861479 60.009178162
0.999970138 0.002014801 -0.007468896 0.947372913 -0.001900776 0.999881983 0.015242442 -1.648681760 0.007498726 -0.015227788 0.999855995 60.541790009
0.999964535 0.000859539 -0.008380165 0.952609599 -0.000733414 0.999886513 0.015041926 -1.658103704 0.008392145 -0.015035246 0.999851704 61.076137543
0.999972105 0.002557015 -0.007013407 0.939713955 -0.002451599 0.999884546 0.014998225 -1.665118217 0.007050948 -0.014980612 0.999862909 61.615406036
0.999967992 0.001250495 -0.007913548 0.952625751 -0.001128795 0.999881268 0.015364503 -1.672165871 0.007931824 -0.015355078 0.999850690 62.156795502
0.999966502 0.001525179 -0.008046026 0.973424554 -0.001401104 0.999880373 0.015403733 -1.687755942 0.008068560 -0.015391943 0.999849021 62.770751953
0.999966383 0.002007377 -0.007949382 0.974646032 -0.001888016 0.999885738 0.014994241 -1.719642043 0.007978573 -0.014978726 0.999855995 63.352382660
0.999959767 0.004144761 -0.007948982 1.110404491 -0.004039829 0.999905050 0.013171657 -1.650620699 0.008002821 -0.013139016 0.999881685 64.577362061
0.999963224 0.001617275 -0.008426445 0.995501280 -0.001478984 0.999864578 0.016392006 -1.740549445 0.008451813 -0.016378939 0.999830127 64.460098267
0.999964356 0.001098288 -0.008373667 0.999871969 -0.000967319 0.999877393 0.015628560 -1.743021011 0.008389805 -0.015619903 0.999842763 64.985931396
0.999971211 0.002242585 -0.007244585 1.005741835 -0.002126905 0.999870777 0.015936291 -1.738120556 0.007279387 -0.015920423 0.999846756 65.620040894
0.999965966 0.001825530 -0.008052983 1.010819197 -0.001700541 0.999878407 0.015500559 -1.759214520 0.008080301 -0.015486335 0.999847412 66.081634521
0.999969006 0.001568740 -0.007720409 1.015701294 -0.001449103 0.999879181 0.015477510 -1.763616085 0.007743757 -0.015465843 0.999850333 66.634231567
0.999964416 0.002279210 -0.008115117 1.042287827 -0.002148972 0.999869287 0.016021557 -1.808294654 0.008150571 -0.016003547 0.999838710 67.082130432
0.999964058 0.001076601 -0.008425425 1.056761265 -0.000944244 0.999876261 0.015697531 -1.769090533 0.008441283 -0.015689008 0.999841332 67.761154175
0.999965668 0.003309704 -0.007601986 1.046693563 -0.003183093 0.999856949 0.016607180 -1.824311733 0.007655864 -0.016582411 0.999833167 68.198287964
0.999963403 0.002133065 -0.008285482 1.074022532 -0.001996863 0.999863267 0.016412262 -1.836716652 0.008319357 -0.016395114 0.999830961 68.758789062
0.999966145 0.003552275 -0.007421792 1.053736806 -0.003428060 0.999854922 0.016682750 -1.866246104 0.007479976 -0.016656743 0.999833226 69.179595947
0.999962807 0.002216407 -0.008326565 1.041316390 -0.002089787 0.999882579 0.015184765 -1.793072224 0.008359241 -0.015166800 0.999849975 69.933036804
0.999968350 0.004092366 -0.006817736 1.067263365 -0.003979952 0.999857306 0.016421199 -1.882125378 0.006883965 -0.016393546 0.999841809 70.254722595
0.999969065 0.003201255 -0.007173579 1.059000492 -0.003079748 0.999852598 0.016885700 -1.915259719 0.007226577 -0.016863085 0.999831617 70.817573547
0.999965906 0.003665858 -0.007396165 1.092255116 -0.003544057 0.999858975 0.016414601 -1.895529389 0.007455297 -0.016387828 0.999837875 71.357521057
0.999967098 0.003563611 -0.007271717 1.069676638 -0.003443841 0.999859273 0.016417259 -1.923040628 0.007329198 -0.016391678 0.999838769 71.932380676
0.999965906 0.002727591 -0.007792744 1.097085118 -0.002594172 0.999850750 0.017079957 -1.948379278 0.007838168 -0.017059160 0.999823749 72.451766968
0.999967396 0.002759913 -0.007585718 1.098821402 -0.002629384 0.999849200 0.017163636 -1.956669927 0.007631945 -0.017143128 0.999823928 73.004516602
0.999966383 0.002871374 -0.007672270 1.098325729 -0.002739715 0.999849677 0.017116116 -1.963368058 0.007720264 -0.017094523 0.999823987 73.557388306
0.999965549 0.002734113 -0.007845047 1.104735136 -0.002601670 0.999854803 0.016843185 -1.971736312 0.007889960 -0.016822193 0.999827266 74.106353760
0.999964416 0.002423744 -0.008074170 1.121542931 -0.002286243 0.999852955 0.016995700 -1.979644299 0.008114176 -0.016976640 0.999822915 74.619354248
0.999966145 0.002038236 -0.007965337 1.136744261 -0.001902789 0.999854028 0.016975399 -1.997446895 0.007998774 -0.016959669 0.999824107 75.291366577
0.999967456 0.002404340 -0.007702158 1.138615131 -0.002279359 0.999866247 0.016194599 -1.956645489 0.007740065 -0.016176518 0.999839127 75.769683838
0.999966145 0.002186456 -0.007937207 1.156701326 -0.002053281 0.999857605 0.016748209 -2.019441843 0.007972696 -0.016731342 0.999828160 76.356506348
0.999968290 0.003343527 -0.007226917 1.142345190 -0.003218965 0.999847233 0.017179288 -2.018280506 0.007283253 -0.017155480 0.999826312 76.954452515
0.999964476 0.001108146 -0.008365672 1.180769324 -0.000968202 0.999859810 0.016713878 -2.017095089 0.008383022 -0.016705185 0.999825239 77.485519409
0.999970138 0.002735088 -0.007229484 1.168323517 -0.002610093 0.999847949 0.017242912 -2.031609058 0.007275546 -0.017223528 0.999825180 78.065116882
0.999972284 0.003203733 -0.006721626 1.165199161 -0.003088801 0.999850035 0.017040092 -2.036642313 0.006775209 -0.017018860 0.999832153 78.640747070
0.999972641 0.003611893 -0.006448532 1.167362213 -0.003501968 0.999849737 0.016977217 -2.044630051 0.006508883 -0.016954172 0.999835014 79.195472717
0.999975324 0.003160841 -0.006274966 1.180230379 -0.003052908 0.999848425 0.017136274 -2.048774004 0.006328180 -0.017116692 0.999833465 79.757675171
0.999982536 0.003765997 -0.004556993 1.180694818 -0.003688240 0.999849498 0.016952839 -2.055535793 0.004620151 -0.016935736 0.999845922 80.326103210
0.999988139 0.003551723 -0.003323935 1.190833330 -0.003495963 0.999855459 0.016633492 -2.061226368 0.003382531 -0.016621675 0.999856055 80.905075073
0.999992192 0.003485729 -0.001845082 1.210818887 -0.003454490 0.999855042 0.016671279 -2.068622589 0.001902927 -0.016664777 0.999859333 81.460044861
0.999989688 0.003992510 0.002170789 1.219554186 -0.004028277 0.999851942 0.016729405 -2.082177639 -0.002103675 -0.016737979 0.999857664 82.025352478
0.999978185 0.003662139 0.005503748 1.248636365 -0.003756167 0.999845445 0.017172106 -2.101701021 -0.005440011 -0.017192405 0.999837399 82.548995972
0.999958634 0.003002278 0.008581717 1.260626554 -0.003147987 0.999850214 0.017016213 -2.102256775 -0.008529343 -0.017042523 0.999818385 83.177650452
0.999912381 0.002834718 0.012931519 1.299322963 -0.003058867 0.999844849 0.017346766 -2.112003326 -0.012880337 -0.017384801 0.999765813 83.619293213
0.999804080 0.003317490 0.019513037 1.315945029 -0.003651509 0.999846995 0.017107069 -2.116909027 -0.019453302 -0.017174970 0.999663234 84.287651062
0.999681652 0.003026576 0.025046218 1.353414297 -0.003450684 0.999851048 0.016907154 -2.126938105 -0.024991313 -0.016988199 0.999543309 84.835044861
0.999527156 0.002888199 0.030611034 1.386439681 -0.003407747 0.999850750 0.016934026 -2.133356094 -0.030557562 -0.017030332 0.999387920 85.382034302
0.999257267 0.002997309 0.038417097 1.427607059 -0.003637905 0.999855280 0.016615715 -2.135235071 -0.038361743 -0.016743131 0.999123573 85.942245483
0.998932898 0.002325666 0.046128687 1.475667238 -0.003098113 0.999856055 0.016681053 -2.146544933 -0.046083257 -0.016806161 0.998796225 86.483772278
0.998594165 0.002127517 0.052963071 1.524802923 -0.003025289 0.999852955 0.016876515 -2.151742935 -0.052919380 -0.017013017 0.998453796 87.027725220
0.998096883 0.001989883 0.061632950 1.576517344 -0.003011205 0.999859631 0.016482599 -2.157882929 -0.061591499 -0.016636817 0.997962892 87.568832397
0.997422457 0.001747775 0.071730994 1.640273094 -0.002928264 0.999861896 0.016355304 -2.163759232 -0.071692504 -0.016523194 0.997289896 88.120063782
0.996801794 0.000945615 0.079907693 1.709951401 -0.002259417 0.999863744 0.016352678 -2.174009800 -0.079881340 -0.016480925 0.996668100 88.656829834
0.996124685 0.000950140 0.087947093 1.771203518 -0.002381115 0.999866426 0.016167378 -2.179567814 -0.087919988 -0.016314134 0.995993912 89.217132568
0.995114565 0.000882344 0.098723158 1.849378109 -0.002504273 0.999863863 0.016306354 -2.188086033 -0.098695323 -0.016473919 0.994981349 89.759490967
0.994031668 0.000257704 0.109090857 1.926884174 -0.002034900 0.999867022 0.016179964 -2.194254160 -0.109072171 -0.016305387 0.993900120 90.303558350
0.993022978 -0.000412238 0.117920265 2.018837929 -0.001480515 0.999871433 0.015963087 -2.202017784 -0.117911674 -0.016026292 0.992894888 90.859085083
0.991624892 -0.000653430 0.129149750 2.114807129 -0.001456157 0.999867082 0.016239323 -2.209311008 -0.129143178 -0.016291380 0.991492212 91.403213501
0.989959180 -0.000420860 0.141353071 2.207253456 -0.001881460 0.999867737 0.016153686 -2.218743801 -0.141341165 -0.016257439 0.989827454 91.961959839
0.988395095 -0.000830826 0.151902825 2.318862915 -0.001595057 0.999873161 0.015847418 -2.221818447 -0.151896700 -0.015905805 0.988268375 92.537002563
0.986687362 -0.000989153 0.162625477 2.425125122 -0.001619912 0.999872088 0.015910003 -2.228418112 -0.162620455 -0.015961640 0.986559510 93.094192505
0.984556973 -0.001352347 0.175059408 2.553978920 -0.001447705 0.999872983 0.015866173 -2.238831043 -0.175058648 -0.015874585 0.984429955 93.617073059
0.982181191 -0.001637107 0.187929228 2.671166420 -0.001358738 0.999874175 0.015811421 -2.244532585 -0.187931433 -0.015785029 0.982055306 94.205711365
0.980189383 -0.002016931 0.198052347 2.799247742 -0.001153021 0.999873042 0.015889006 -2.250062227 -0.198059261 -0.015802590 0.980062664 94.747680664
0.977440119 -0.002414098 0.211198881 2.937446594 -0.000921401 0.999876440 0.015693331 -2.255860806 -0.211210668 -0.015533890 0.977317095 95.289672852
0.974497736 -0.003195018 0.224374577 3.092893600 -0.000318275 0.999877930 0.015620247 -2.262682676 -0.224397123 -0.015293308 0.974377751 95.831893921
0.971896291 -0.003820680 0.235378101 3.245880127 0.000218342 0.999882460 0.015328639 -2.268619537 -0.235408962 -0.014846454 0.971782982 96.379364014
0.968910038 -0.004038251 0.247380272 3.409891129 0.000262879 0.999883056 0.015292529 -2.277434826 -0.247413069 -0.014752056 0.968797743 96.917343140
0.965124369 -0.003808926 0.261763930 3.573471069 -0.000241431 0.999880791 0.015439409 -2.285084009 -0.261791527 -0.014964149 0.965008378 97.464622498
0.961866021 -0.004537697 0.273483306 3.759990692 0.000392812 0.999884248 0.015208749 -2.295947075 -0.273520678 -0.014521352 0.961756468 97.979087830
0.958552539 -0.005088710 0.284870356 3.939950943 0.000716388 0.999880373 0.015450550 -2.301099300 -0.284914881 -0.014606087 0.958441556 98.530563354
0.954352736 -0.005348298 0.298634052 4.135732651 0.000722212 0.999878049 0.015599035 -2.307837963 -0.298680991 -0.014671302 0.954240203 99.075820923
0.949944913 -0.005903258 0.312361360 4.334295273 0.001144064 0.999880493 0.015417250 -2.311618328 -0.312415063 -0.014288179 0.949838161 99.602783203
0.946066022 -0.006184743 0.323914886 4.530584335 0.001217999 0.999878585 0.015533973 -2.322904110 -0.323971659 -0.014301634 0.945958614 100.111869812
0.941737294 -0.007282036 0.336270362 4.749162674 0.002152849 0.999875546 0.015623474 -2.328626633 -0.336342275 -0.013989271 0.941635907 100.641670227
0.936465681 -0.007101648 0.350687265 4.963649750 0.001776556 0.999878228 0.015504122 -2.335341930 -0.350754678 -0.013896064 0.936364293 101.166206360
0.931894362 -0.007941749 0.362643123 5.192487717 0.002403333 0.999873519 0.015720943 -2.343750954 -0.362722039 -0.013778709 0.931795478 101.686157227
0.927705526 -0.008280232 0.373221010 5.423753738 0.002697217 0.999876559 0.015478729 -2.346752167 -0.373303056 -0.013353045 0.927613318 102.208175659
0.922169447 -0.008834371 0.386685163 5.665782928 0.003064763 0.999874651 0.015534686 -2.349285603 -0.386773914 -0.013140514 0.922080934 102.724960327
0.916574061 -0.009375220 0.399755001 5.911819458 0.003396235 0.999871492 0.015662383 -2.354873419 -0.399850518 -0.012998071 0.916488230 103.234535217
0.911848724 -0.010332663 0.410396338 6.163665771 0.004424415 0.999872506 0.015343581 -2.360602856 -0.410502613 -0.012175260 0.911778271 103.735343933
0.905262053 -0.010366282 0.424727172 6.446128845 0.004116026 0.999869347 0.015630851 -2.366784334 -0.424833715 -0.012401829 0.905186474 104.264266968
0.898523927 -0.010880416 0.438789606 6.722427368 0.004431052 0.999866605 0.015719509 -2.371338844 -0.438902199 -0.012180055 0.898452282 104.777015686
0.892585874 -0.011570641 0.450728953 6.994266510 0.004895560 0.999860466 0.015972609 -2.384005547 -0.450850904 -0.012050356 0.892517924 105.249778748
0.887147784 -0.012364717 0.461319745 7.306770325 0.005677577 0.999857724 0.015880760 -2.385780334 -0.461450487 -0.011469400 0.887091815 105.805229187
0.880306125 -0.013002598 0.474228024 7.545024872 0.006146741 0.999853015 0.016004270 -2.395969868 -0.474366516 -0.011173699 0.880256534 106.180953979
