1.000000000 0.000000000 0.000000000 0.000000000 0.000000000 1.000000000 0.000000000 0.000000000 0.000000000 0.000000000 1.000000000 0.000000000
1.000000000 0.000128172 0.000014131 -0.000026370 -0.000128172 1.000000000 -0.000034847 0.000448207 -0.000014136 0.000034845 1.000000000 0.000157402
1.000000000 0.000104869 0.000084217 -0.000612488 -0.000104875 1.000000000 0.000066517 -0.000380213 -0.000084210 -0.000066526 1.000000000 -0.000025017
1.000000000 -0.000079694 0.000096570 -0.000259917 0.000079698 1.000000000 -0.000044757 0.000582287 -0.000096567 0.000044764 1.000000000 0.000365595
1.000000000 -0.000037294 0.000104446 -0.000445011 0.000037293 1.000000000 0.000011027 0.000195684 -0.000104447 -0.000011023 1.000000000 0.000082428
1.000000000 0.000048309 0.000161560 -0.001341840 -0.000048307 1.000000000 -0.000012571 0.000681249 -0.000161561 0.000012563 1.000000000 0.000016431
1.000000000 -0.000065670 0.000092618 -0.000650154 0.000065671 1.000000000 -0.000016534 0.000189506 -0.000092617 0.000016540 1.000000000 -0.000250046
1.000000000 0.000025344 0.000096449 -0.000687075 -0.000025351 1.000000000 0.000067826 -0.000620182 -0.000096447 -0.000067828 1.000000000 -0.000606327
1.000000000 -0.000007920 0.000013862 -0.000755652 0.000007921 1.000000000 -0.000073975 0.000087017 -0.000013862 0.000073975 1.000000000 -0.000199200
1.000000000 -0.000029227 0.000066801 -0.000095425 0.000029224 1.000000000 0.000042106 -0.001286605 -0.000066802 -0.000042105 1.000000000 -0.000276920
1.000000000 0.000090095 0.000103171 -0.001022775 -0.000090103 1.000000000 0.000080258 -0.000931801 -0.000103164 -0.000080267 1.000000000 -0.000057097
1.000000000 0.000047884 0.000100093 -0.000516509 -0.000047882 1.000000000 -0.000020169 -0.000085703 -0.000100094 0.000020165 1.000000000 -0.000489416
1.000000000 0.000088345 0.000050508 -0.000783777 -0.000088342 1.000000000 -0.000060698 -0.000659873 -0.000050513 0.000060693 1.000000000 -0.001292773
1.000000000 0.000065415 0.000086740 -0.001193907 -0.000065412 1.000000000 -0.000035211 0.000959757 -0.000086742 0.000035205 1.000000000 0.000544187
1.000000000 0.000034712 0.000110296 -0.001755699 -0.000034701 1.000000000 -0.000098686 0.001185623 -0.000110299 0.000098683 1.000000000 0.000637568
1.000000000 0.000083300 0.000037393 -0.000191188 -0.000083297 1.000000000 -0.000087332 0.001898568 -0.000037400 0.000087329 1.000000000 0.002004193
1.000000000 0.000119920 0.000135718 -0.001300223 -0.000119905 1.000000000 -0.000108787 0.001672466 -0.000135731 0.000108771 1.000000000 0.002506065
1.000000000 0.000130538 0.000114489 -0.001608192 -0.000130524 1.000000000 -0.000117411 0.001170608 -0.000114504 0.000117396 1.000000000 0.001215682
0.999999940 0.000225410 0.000183199 -0.002313223 -0.000225392 0.999999940 -0.000098169 0.001964273 -0.000183221 0.000098128 1.000000000 0.002507519
1.000000000 0.000167837 0.000164614 -0.001594996 -0.000167816 1.000000000 -0.000124328 0.001904444 -0.000164635 0.000124301 1.000000000 0.002199047
1.000000000 0.000136111 0.000186929 -0.002267994 -0.000136094 1.000000000 -0.000091449 0.001476400 -0.000186942 0.000091423 1.000000000 0.002208957
1.000000000 0.000120170 0.000118116 -0.001988904 -0.000120159 1.000000000 -0.000095954 0.001810312 -0.000118128 0.000095940 1.000000000 0.001770211
1.000000000 0.000112939 0.000089649 -0.000893613 -0.000112926 1.000000000 -0.000137810 0.002493969 -0.000089665 0.000137799 1.000000000 0.003181472
1.000000000 0.000099095 0.000107195 -0.001555728 -0.000099081 1.000000000 -0.000125912 0.002767293 -0.000107208 0.000125902 1.000000000 0.003439999
0.999999940 0.000286436 0.000084065 -0.001760184 -0.000286428 0.999999940 -0.000095427 0.002686848 -0.000084092 0.000095403 1.000000000 0.003819888
0.999999940 0.000324262 0.000148916 -0.002063265 -0.000324258 0.999999940 -0.000029040 0.001475297 -0.000148926 0.000028992 1.000000000 0.001947423
1.000000000 0.000136028 0.000188637 -0.002167694 -0.000136015 1.000000000 -0.000068925 0.003035553 -0.000188647 0.000068899 1.000000000 0.003290260
0.999999940 0.000167894 0.000178938 -0.001891341 -0.000167890 1.000000000 -0.000020600 0.001448436 -0.000178941 0.000020570 1.000000000 0.002550245
1.000000000 0.000144278 0.000095963 -0.001599469 -0.000144272 1.000000000 -0.000065172 0.002581386 -0.000095973 0.000065158 1.000000000 0.002679060
1.000000000 0.000169160 0.000145204 -0.002427241 -0.000169144 1.000000000 -0.000108651 0.002600809 -0.000145222 0.000108627 1.000000000 0.002760439
0.999999940 0.000156004 0.000206127 -0.001501350 -0.000156002 1.000000000 -0.000011921 0.001404666 -0.000206129 0.000011888 1.000000000 0.002954064
1.000000000 0.000058015 0.000213187 -0.001237571 -0.000057988 1.000000000 -0.000125256 0.003383163 -0.000213195 0.000125244 0.999999940 0.003943134
1.000000000 0.000152386 0.000073618 -0.000370242 -0.000152370 0.999999940 -0.000215840 0.003777447 -0.000073651 0.000215829 1.000000000 0.003712217
1.000000000 0.000148844 0.000157970 -0.001227698 -0.000148830 1.000000000 -0.000086972 0.001852564 -0.000157983 0.000086949 1.000000000 0.002176581
0.999999940 0.000255929 0.000217169 -0.002753198 -0.000255902 0.999999940 -0.000124508 0.001995015 -0.000217201 0.000124452 0.999999940 0.001724227
0.999999940 0.000268143 0.000223194 -0.001534984 -0.000268118 0.999999940 -0.000111950 0.001909519 -0.000223224 0.000111891 0.999999940 0.001739072
1.000000000 0.000094627 0.000112151 -0.001192938 -0.000094626 1.000000000 -0.000016390 0.001864998 -0.000112152 0.000016379 1.000000000 0.001942872
0.999999940 0.000233500 0.000165859 -0.002159665 -0.000233483 0.999999940 -0.000096930 0.003075873 -0.000165882 0.000096891 1.000000000 0.003538774
0.999999940 0.000226255 0.000219451 -0.001901263 -0.000226229 0.999999940 -0.000121277 0.002950311 -0.000219479 0.000121228 0.999999940 0.002213117
1.000000000 0.000150453 0.000097228 -0.000345034 -0.000150441 1.000000000 -0.000121259 0.003735675 -0.000097246 0.000121244 1.000000000 0.003019787
1.000000000 0.000049342 0.000108116 -0.000291270 -0.000049324 1.000000000 -0.000158459 0.002017834 -0.000108124 0.000158453 1.000000000 0.003884732
0.999999940 0.000377142 0.000180786 0.000717788 -0.000377024 0.999999702 -0.000656754 -0.001338741 -0.000181033 0.000656686 0.999999762 0.051800493
1.000000000 0.000169740 0.000075596 0.002376848 -0.000169648 0.999999225 -0.001222872 -0.003257387 -0.000075804 0.001222859 0.999999225 0.140871927
0.999999940 0.000020938 0.000369069 0.000236858 -0.000020456 0.999999166 -0.001306057 -0.008333495 -0.000369096 0.001306050 0.999999106 0.254885614
0.999999881 0.000365302 0.000433751 0.002942894 -0.000364829 0.999999404 -0.001091763 -0.011983911 -0.000434150 0.001091604 0.999999344 0.385979772
0.999999821 0.000189666 0.000478499 0.005771927 -0.000189111 0.999999225 -0.001160038 -0.014658200 -0.000478719 0.001159947 0.999999225 0.528383672
0.999999881 -0.000336646 0.000339217 0.011327567 0.000337000 0.999999344 -0.001044294 -0.020298362 -0.000338865 0.001044408 0.999999404 0.679256201
0.999999881 -0.000366439 0.000296858 0.017024724 0.000366651 0.999999702 -0.000715965 -0.024422392 -0.000296596 0.000716074 0.999999762 0.844638944
0.999999881 -0.000517513 0.000093255 0.020539820 0.000517578 0.999999642 -0.000693567 -0.028153606 -0.000092896 0.000693615 0.999999762 1.010567427
0.999999642 -0.000820468 -0.000068538 0.025152935 0.000820412 0.999999344 -0.000806163 -0.030347494 0.000069199 0.000806107 0.999999642 1.191300511
0.999999642 -0.000896730 -0.000036564 0.031971540 0.000896718 0.999999523 -0.000314333 -0.038026582 0.000036846 0.000314300 0.999999940 1.375369430
0.999999642 -0.000877408 -0.000160900 0.033387959 0.000877355 0.999999583 -0.000330738 -0.040419605 0.000161190 0.000330596 0.999999940 1.570353031
0.999999821 -0.000253182 0.000555175 0.028844543 0.000253165 0.999999940 0.000030449 -0.053439640 -0.000555183 -0.000030308 0.999999821 1.764524698
0.999999821 -0.000187135 0.000504026 0.032294843 0.000187005 0.999999940 0.000258488 -0.061755057 -0.000504074 -0.000258394 0.999999762 1.966878533
0.999999642 -0.000800324 0.000417050 0.037361879 0.000800219 0.999999702 0.000251844 -0.068025991 -0.000417251 -0.000251510 0.999999821 2.179846048
0.999999583 -0.000338397 0.000792505 0.038218353 0.000338230 0.999999881 0.000210809 -0.072346203 -0.000792576 -0.000210540 0.999999642 2.393861055
0.999999642 -0.000098668 0.000807186 0.045349035 0.000098476 0.999999940 0.000237991 -0.081271611 -0.000807209 -0.000237911 0.999999642 2.616042852
0.999999464 -0.000118746 0.000983086 0.047492441 0.000118351 0.999999940 0.000401543 -0.086476251 -0.000983133 -0.000401427 0.999999464 2.848815680
0.999999344 -0.000364293 0.001026988 0.053622466 0.000364029 0.999999881 0.000256254 -0.090686463 -0.001027081 -0.000255880 0.999999464 3.082905054
0.999999642 -0.000198827 0.000713207 0.060112193 0.000198462 0.999999821 0.000512455 -0.101494126 -0.000713308 -0.000512313 0.999999642 3.316519022
0.999999285 -0.000275570 0.001089203 0.060319882 0.000274996 0.999999821 0.000526683 -0.108519331 -0.001089348 -0.000526384 0.999999225 3.563882113
0.999999225 -0.000213750 0.001181787 0.062741868 0.000213089 0.999999821 0.000559449 -0.115405135 -0.001181906 -0.000559197 0.999999166 3.815883636
0.999999046 -0.000198122 0.001344524 0.069219574 0.000197442 0.999999821 0.000505693 -0.116992347 -0.001344624 -0.000505427 0.999999046 4.089460373
0.999999285 -0.000252377 0.001164659 0.073626250 0.000251425 0.999999642 0.000816773 -0.127325192 -0.001164865 -0.000816480 0.999998987 4.332391262
0.999999285 -0.000164367 0.001159329 0.079354510 0.000163752 0.999999881 0.000530668 -0.133127615 -0.001159416 -0.000530478 0.999999166 4.592835903
0.999999344 0.000009181 0.001161238 0.089505412 -0.000009841 0.999999821 0.000568237 -0.137958407 -0.001161233 -0.000568248 0.999999106 4.852860928
0.999998868 0.000387500 0.001448976 0.090843648 -0.000388680 0.999999583 0.000813533 -0.148575768 -0.001448660 -0.000814095 0.999998629 5.095810890
0.999998391 0.000633874 0.001642605 0.093490839 -0.000634835 0.999999523 0.000584629 -0.154279903 -0.001642233 -0.000585671 0.999998510 5.361699581
0.999998391 0.000452590 0.001740518 0.095445201 -0.000454107 0.999999464 0.000871200 -0.165602341 -0.001740123 -0.000871989 0.999998152 5.628725052
0.999998689 0.000358524 0.001529929 0.100938410 -0.000359882 0.999999464 0.000886887 -0.176572070 -0.001529611 -0.000887436 0.999998450 5.883786678
0.999998510 0.000311538 0.001641244 0.107817098 -0.000312956 0.999999523 0.000864115 -0.183328539 -0.001640974 -0.000864628 0.999998271 6.167027950
0.999998271 0.000523955 0.001769472 0.116638690 -0.000524991 0.999999583 0.000585165 -0.185224265 -0.001769165 -0.000586093 0.999998212 6.461296082
0.999998808 0.000287384 0.001520535 0.117856793 -0.000287938 0.999999881 0.000364342 -0.192309663 -0.001520430 -0.000364780 0.999998748 6.742796898
0.999999046 -0.000041507 0.001388898 0.127474546 0.000041217 0.999999940 0.000208240 -0.198367447 -0.001388907 -0.000208182 0.999998987 7.048268318
0.999999166 0.000221308 0.001187435 0.135062069 -0.000221673 0.999999821 0.000307008 -0.206000790 -0.001187366 -0.000307271 0.999999225 7.348629951
0.999998510 0.000295560 0.001695175 0.134717852 -0.000297061 0.999999702 0.000885274 -0.226255953 -0.001694912 -0.000885776 0.999998152 7.636659145
0.999998093 0.000630860 0.001840683 0.143868059 -0.000632125 0.999999583 0.000686961 -0.228799403 -0.001840249 -0.000688123 0.999998033 7.957868576
0.999997497 0.000816090 0.002057298 0.145079792 -0.000817406 0.999999464 0.000639033 -0.239003971 -0.002056775 -0.000640713 0.999997616 8.280008316
0.999997020 0.001142267 0.002157545 0.152633086 -0.001143938 0.999999106 0.000773446 -0.251431465 -0.002156659 -0.000775912 0.999997377 8.593868256
0.999997735 0.000635036 0.002039372 0.157289714 -0.000636315 0.999999523 0.000626522 -0.255961061 -0.002038973 -0.000627819 0.999997675 8.926144600
0.999998271 0.000696718 0.001714288 0.165923595 -0.000697815 0.999999523 0.000639185 -0.267994136 -0.001713842 -0.000640380 0.999998331 9.272692680
0.999997556 0.001078455 0.001944064 0.177423269 -0.001079774 0.999999166 0.000677182 -0.280361980 -0.001943332 -0.000679280 0.999997914 9.602801323
0.999997199 0.001058791 0.002113700 0.179139957 -0.001061138 0.999998808 0.001109826 -0.288948804 -0.002112522 -0.001112066 0.999997139 9.960062981
0.999998331 0.000486853 0.001717406 0.185302228 -0.000488214 0.999999583 0.000791836 -0.303063065 -0.001717019 -0.000792673 0.999998212 10.297783852
0.999998152 0.000144199 0.001919674 0.194541708 -0.000145978 0.999999583 0.000926763 -0.313916564 -0.001919540 -0.000927042 0.999997735 10.664046288
0.999998748 0.000382489 0.001494158 0.205699950 -0.000384007 0.999999404 0.001015478 -0.322678357 -0.001493768 -0.001016051 0.999998391 11.028273582
0.999998212 0.000213727 0.001858710 0.209734112 -0.000215735 0.999999404 0.001080392 -0.332100391 -0.001858478 -0.001080791 0.999997675 11.422765732
0.999997556 0.001130590 0.001894890 0.209273472 -0.001133619 0.999998093 0.001597761 -0.350928098 -0.001893080 -0.001599905 0.999996901 11.760587692
0.999996722 0.001202083 0.002262247 0.215814784 -0.001205663 0.999997973 0.001581673 -0.360626131 -0.002260342 -0.001584395 0.999996245 12.152165413
0.999997556 0.000410783 0.002189526 0.229729190 -0.000415403 0.999997675 0.002109928 -0.376382202 -0.002188654 -0.002110832 0.999995351 12.532015800
0.999997139 0.000785439 0.002223302 0.231701896 -0.000789095 0.999998331 0.001643934 -0.383522391 -0.002222006 -0.001645685 0.999996185 12.938462257
0.999997377 0.000831038 0.002081094 0.249715447 -0.000834655 0.999998093 0.001737748 -0.395955443 -0.002079646 -0.001739480 0.999996364 13.340589523
0.999996185 0.000861500 0.002625542 0.250517547 -0.000866055 0.999998152 0.001733964 -0.408095390 -0.002624043 -0.001736231 0.999995112 13.743154526
0.999996185 0.001169699 0.002471562 0.255942345 -0.001174228 0.999997556 0.001832020 -0.416450024 -0.002469414 -0.001834916 0.999995291 14.154133797
0.999994516 0.001321506 0.003020308 0.261204243 -0.001325636 0.999998152 0.001365891 -0.429715812 -0.003018497 -0.001369888 0.999994576 14.572424889
0.999996006 0.000721810 0.002710481 0.278341204 -0.000725969 0.999998510 0.001533941 -0.436181992 -0.002709370 -0.001535903 0.999995112 15.022449493
0.999994099 0.000943284 0.003304114 0.284010410 -0.000950111 0.999997437 0.002065276 -0.459594309 -0.003302158 -0.002068403 0.999992430 15.417740822
0.999993563 0.000466088 0.003572369 0.292081743 -0.000474456 0.999997139 0.002341760 -0.470128566 -0.003571268 -0.002343439 0.999990940 15.870301247
0.999989808 0.001434206 0.004274993 0.299866825 -0.001444056 0.999996245 0.002302117 -0.482588947 -0.004271675 -0.002308267 0.999988198 16.297443390
0.999989629 0.001564676 0.004270360 0.310284525 -0.001573460 0.999996662 0.002054342 -0.496701598 -0.004267131 -0.002061040 0.999988735 16.743242264
0.999987900 0.001415742 0.004716335 0.315812171 -0.001426727 0.999996305 0.002326755 -0.511547387 -0.004713024 -0.002333456 0.999986112 17.183462143
0.999985397 0.001830271 0.005088547 0.328263611 -0.001842440 0.999995530 0.002387767 -0.520440936 -0.005084154 -0.002397107 0.999984205 17.651086807
0.999983132 0.001609528 0.005588202 0.336618185 -0.001621010 0.999996603 0.002050865 -0.529893458 -0.005584882 -0.002059889 0.999982238 18.119316101
0.999984443 0.001292257 0.005426517 0.348424554 -0.001306600 0.999995649 0.002640377 -0.547725379 -0.005423082 -0.002647425 0.999981761 18.557029724
0.999984086 0.001397306 0.005461103 0.365340889 -0.001410160 0.999996305 0.002350609 -0.555634618 -0.005457799 -0.002358272 0.999982297 19.039369583
0.999982834 0.001855526 0.005556684 0.372894436 -0.001868513 0.999995530 0.002332843 -0.570151508 -0.005552331 -0.002343186 0.999981761 19.494508743
0.999981046 0.002276860 0.005720012 0.381851256 -0.002294031 0.999992907 0.002997183 -0.586090863 -0.005713148 -0.003010248 0.999979079 19.977577209
0.999983013 0.001563864 0.005616688 0.395135939 -0.001578350 0.999995351 0.002575705 -0.597282231 -0.005612634 -0.002584527 0.999980927 20.444316864
0.999986410 0.001539665 0.004993024 0.409111172 -0.001552846 0.999995232 0.002637202 -0.607759714 -0.004988940 -0.002644920 0.999984086 20.944850922
0.999989927 0.001079666 0.004350550 0.420028120 -0.001091467 0.999995708 0.002711031 -0.621206701 -0.004347603 -0.002715752 0.999986887 21.441118240
0.999990821 0.001578170 0.003971740 0.432033658 -0.001587790 0.999995828 0.002420094 -0.630076349 -0.003967904 -0.002426378 0.999989212 21.953817368
0.999992371 0.001240332 0.003708754 0.441289276 -0.001250897 0.999995172 0.002847873 -0.647953153 -0.003705204 -0.002852491 0.999989092 22.430217743
0.999992847 0.001333772 0.003528668 0.448344052 -0.001345124 0.999993920 0.003216477 -0.664988518 -0.003524356 -0.003221200 0.999988675 22.951955795
0.999995112 0.001462264 0.002785131 0.450776994 -0.001471641 0.999993205 0.003368186 -0.681082547 -0.002780187 -0.003372268 0.999990523 23.460342407
0.999997854 0.000037586 0.002048053 0.466005743 -0.000043434 0.999995947 0.002855336 -0.695207477 -0.002047937 -0.002855418 0.999993801 23.964649200
0.999998331 0.000673626 0.001742233 0.477273554 -0.000678905 0.999995291 0.003031189 -0.703865945 -0.001740183 -0.003032367 0.999993861 24.514219284
0.999999225 0.000806550 0.001013666 0.477123618 -0.000809974 0.999993980 0.003382129 -0.711920202 -0.001010932 -0.003382947 0.999993742 25.043457031
0.999998331 0.001553710 0.000915468 0.468947411 -0.001556869 0.999992728 0.003459647 -0.745382071 -0.000910087 -0.003461066 0.999993622 25.557273865
0.999997258 0.002164025 0.000928395 0.478417754 -0.002166884 0.999992788 0.003089785 -0.754836619 -0.000921702 -0.003091788 0.999994814 26.120544434
0.999997914 0.001936090 0.000614414 0.484624177 -0.001938516 0.999990225 0.003973776 -0.772110701 -0.000606714 -0.003974958 0.999991953 26.666538239
0.999998033 0.001937405 -0.000403663 0.502235591 -0.001935800 0.999990284 0.003941133 -0.788750947 0.000411295 -0.003940343 0.999992132 27.167655945
0.999996603 0.002588796 -0.000329054 0.510210335 -0.002587463 0.999988735 0.003992749 -0.804037333 0.000339387 -0.003991885 0.999991953 27.719356537
0.999997258 0.002283061 -0.000591016 0.519428730 -0.002281072 0.999991775 0.003344630 -0.808868885 0.000598647 -0.003343273 0.999994218 28.270069122
0.999996424 0.002497952 -0.000978375 0.526267469 -0.002494063 0.999988973 0.003956956 -0.825202346 0.000988249 -0.003954501 0.999991715 28.787689209
0.999997318 0.001821522 -0.001408596 0.533307254 -0.001815149 0.999988139 0.004512071 -0.845424771 0.001416798 -0.004509501 0.999988854 29.331354141
0.999995947 0.002352870 -0.001626459 0.544822097 -0.002345656 0.999987423 0.004423515 -0.853189707 0.001636847 -0.004419683 0.999988914 29.887058258
0.999995351 0.002672073 -0.001475723 0.536328197 -0.002665741 0.999987304 0.004275275 -0.870025516 0.001487128 -0.004271321 0.999989748 30.374769211
0.999994218 0.003235159 -0.001122291 0.539520860 -0.003230684 0.999986947 0.003967373 -0.879493952 0.001135111 -0.003963723 0.999991477 30.923227310
0.999996305 0.002382534 -0.001322558 0.550955355 -0.002377985 0.999991238 0.003430850 -0.890068829 0.001330720 -0.003427692 0.999993205 31.480606079
0.999995649 0.002024887 -0.002148220 0.561913133 -0.002016709 0.999990761 0.003801967 -0.901922762 0.002155899 -0.003797618 0.999990463 31.970916748
0.999993682 0.002839897 -0.002127513 0.562935829 -0.002832287 0.999989629 0.003571845 -0.916717887 0.002137634 -0.003565796 0.999991298 32.510581970
0.999993145 0.002911462 -0.002285771 0.574612081 -0.002901869 0.999987066 0.004188677 -0.940161824 0.002297937 -0.004182014 0.999988616 33.063159943
0.999995410 0.001945316 -0.002329495 0.574527562 -0.001934542 0.999987423 0.004618132 -0.949971080 0.002338449 -0.004613605 0.999986649 33.568931580
0.999995172 0.002065382 -0.002342237 0.580617487 -0.002055631 0.999989271 0.004157549 -0.957896233 0.002350799 -0.004152714 0.999988616 34.115451813
0.999994397 0.002321355 -0.002465503 0.590881467 -0.002309942 0.999986708 0.004621590 -0.979725838 0.002476198 -0.004615869 0.999986291 34.645271301
0.999992430 0.002466305 -0.003017341 0.608299017 -0.002454714 0.999989629 0.003838813 -0.978030443 0.003026776 -0.003831378 0.999988079 35.208896637
0.999992490 0.002051200 -0.003281732 0.601545930 -0.002039007 0.999990940 0.003713947 -0.988658547 0.003289320 -0.003707228 0.999987721 35.713031769
0.999993622 0.002060790 -0.002917035 0.608522952 -0.002049500 0.999990344 0.003867809 -1.002286673 0.002924978 -0.003861807 0.999988258 36.264980316
0.999992728 0.002790216 -0.002589909 0.608394146 -0.002779301 0.999987185 0.004207974 -1.018683076 0.002601617 -0.004200745 0.999987781 36.806121826
0.999991000 0.002763858 -0.003206873 0.628095210 -0.002750913 0.999988019 0.004034114 -1.033321500 0.003217985 -0.004025256 0.999986768 37.340648651
0.999993682 0.001148617 -0.003347768 0.617786169 -0.001134702 0.999990702 0.004155435 -1.049065828 0.003352510 -0.004151611 0.999985754 37.878242493
0.999994397 0.001256783 -0.003087497 0.625639319 -0.001245072 0.999992013 0.003791840 -1.058581591 0.003092238 -0.003787975 0.999988019 38.428104401
0.999993682 0.001078601 -0.003388196 0.636360705 -0.001065021 0.999991298 0.004007457 -1.074636221 0.003392489 -0.004003823 0.999986231 38.965126038
0.999994338 0.001283239 -0.003089156 0.622208118 -0.001271866 0.999992549 0.003681139 -1.077168941 0.003093857 -0.003677189 0.999988437 39.491157532
0.999993265 0.001446243 -0.003372558 0.634974122 -0.001432613 0.999990880 0.004040475 -1.094731808 0.003378370 -0.004035616 0.999986112 40.043510437
0.999993503 0.001977508 -0.002998325 0.641754329 -0.001966544 0.999991477 0.003655373 -1.099488616 0.003005527 -0.003649452 0.999988794 40.595176697
0.999993801 0.001107244 -0.003378558 0.639442801 -0.001094297 0.999992013 0.003831386 -1.118564963 0.003382775 -0.003827664 0.999986947 41.114830017
0.999995232 0.001487183 -0.002712761 0.642385006 -0.001477438 0.999992430 0.003590686 -1.127552986 0.002718081 -0.003586660 0.999989867 41.668205261
0.999994695 0.001179092 -0.003061958 0.662512302 -0.001166114 0.999990404 0.004236871 -1.147007227 0.003066925 -0.004233278 0.999986291 42.206481934
0.999993980 0.001433993 -0.003157929 0.669075727 -0.001420616 0.999989986 0.004233848 -1.158898592 0.003163969 -0.004229336 0.999986112 42.734558105
0.999992609 0.001740103 -0.003433770 0.663742125 -0.001728326 0.999992609 0.003429601 -1.160177231 0.003439712 -0.003423641 0.999988198 43.266361237
0.999992549 0.000826507 -0.003776294 0.675176084 -0.000814062 0.999994218 0.003295904 -1.173806667 0.003778995 -0.003292805 0.999987423 43.805751801
0.999991775 0.001643838 -0.003720239 0.681569993 -0.001633283 0.999994636 0.002838454 -1.180849314 0.003724885 -0.002832354 0.999989092 44.339550018
0.999992967 0.001726452 -0.003360273 0.680514753 -0.001717230 0.999994874 0.002745595 -1.188709140 0.003364995 -0.002739804 0.999990523 44.883647919
0.999994397 0.002061734 -0.002649574 0.685028076 -0.002054738 0.999994457 0.002640526 -1.197049141 0.002655003 -0.002635066 0.999993026 45.433353424
0.999994397 0.001398579 -0.003048510 0.703153431 -0.001390436 0.999995470 0.002671648 -1.213959217 0.003052232 -0.002667394 0.999991775 45.970016479
0.999994040 0.001527036 -0.003097150 0.690525889 -0.001518312 0.999994874 0.002817450 -1.220542192 0.003101436 -0.002812730 0.999991238 46.484008789
0.999992132 0.001259519 -0.003763066 0.705408216 -0.001249143 0.999995410 0.002758724 -1.232579231 0.003766523 -0.002754001 0.999989152 47.041221619
0.999993443 0.001586834 -0.003253459 0.708522737 -0.001578138 0.999995172 0.002673998 -1.247229576 0.003257686 -0.002668845 0.999991179 47.588764191
0.999994397 0.001102940 -0.003165449 0.712219834 -0.001093713 0.999995112 0.002914954 -1.256055355 0.003168649 -0.002911475 0.999990761 48.066253662
0.999994576 0.000439604 -0.003265486 0.725651979 -0.000430220 0.999995768 0.002873337 -1.265451193 0.003266736 -0.002871916 0.999990523 48.622890472
0.999994755 0.001138808 -0.003034238 0.734098911 -0.001130253 0.999995351 0.002819815 -1.278380990 0.003037435 -0.002816371 0.999991417 49.164215088
0.999995232 0.001887717 -0.002429712 0.718674779 -0.001880790 0.999994159 0.002850276 -1.291214585 0.002435078 -0.002845693 0.999992967 49.654357910
0.999996424 0.001152719 -0.002409901 0.730602562 -0.001145471 0.999994755 0.003007288 -1.309575200 0.002413355 -0.003004516 0.999992490 50.185657501
0.999995589 0.000660102 -0.002900462 0.746289194 -0.000651601 0.999995530 0.002931350 -1.318200350 0.002902385 -0.002929448 0.999991477 50.723487854
0.999995828 0.001824061 -0.002249207 0.735211909 -0.001817586 0.999994218 0.002877237 -1.327464819 0.002254442 -0.002873136 0.999993324 51.237411499
0.999995947 0.002187759 -0.001865490 0.746151268 -0.002183186 0.999994636 0.002450856 -1.339338064 0.001870841 -0.002446773 0.999995291 51.791854858
0.999996006 0.001841201 -0.002139030 0.746563613 -0.001835762 0.999995112 0.002541421 -1.349220991 0.002143698 -0.002537483 0.999994457 52.309131622
0.999994397 0.002479951 -0.002218174 0.757963955 -0.002474368 0.999993801 0.002516333 -1.363682628 0.002224401 -0.002510831 0.999994338 52.856040955
0.999995470 0.002235459 -0.002014278 0.762820363 -0.002230855 0.999994814 0.002284943 -1.378173232 0.002019375 -0.002280440 0.999995291 53.372165680
0.999995291 0.002568277 -0.001689633 0.763449907 -0.002564979 0.999994814 0.001952146 -1.384884357 0.001694638 -0.001947804 0.999996662 53.912906647
0.999994814 0.002692891 -0.001746064 0.773629248 -0.002689447 0.999994457 0.001971823 -1.400186062 0.001751364 -0.001967117 0.999996543 54.464614868
0.999995828 0.002397036 -0.001669386 0.780954003 -0.002394113 0.999995708 0.001750431 -1.409583569 0.001673574 -0.001746427 0.999997079 55.004539490
0.999994397 0.003207959 -0.000923684 0.778001904 -0.003206125 0.999992847 0.001980391 -1.419478893 0.000930030 -0.001977418 0.999997556 55.557361603
0.999995589 0.002572983 -0.001497134 0.790203750 -0.002570616 0.999995470 0.001580076 -1.436282158 0.001501192 -0.001576220 0.999997616 56.071582794
0.999994278 0.003146191 -0.001262630 0.801300049 -0.003144384 0.999994040 0.001431390 -1.449136257 0.001267125 -0.001427411 0.999998152 56.604381561
0.999993563 0.003259280 -0.001487182 0.813179374 -0.003258173 0.999994397 0.000746069 -1.458215952 0.001489605 -0.000741218 0.999998569 57.164749146
0.999995112 0.002790094 -0.001414539 0.827148616 -0.002788083 0.999995112 0.001422389 -1.476398349 0.001418500 -0.001418438 0.999997914 57.706787109
0.999996305 0.002563532 -0.000910986 0.804909527 -0.002562420 0.999995947 0.001219877 -1.477669120 0.000914109 -0.001217538 0.999998868 58.178989410
0.999997139 0.002347781 -0.000593885 0.815058708 -0.002347654 0.999997258 0.000214059 -1.491721511 0.000594386 -0.000212664 0.999999762 58.721744537
0.999995530 0.002910524 -0.000781066 0.832217395 -0.002910472 0.999995828 0.000067781 -1.504835367 0.000781260 -0.000065508 0.999999762 59.281314850
0.999998689 0.001565168 -0.000543092 0.849468887 -0.001565187 0.999998748 -0.000033024 -1.508096337 0.000543040 0.000033874 0.999999881 59.850246429
0.999996543 0.002565193 -0.000611646 0.824902773 -0.002564608 0.999996245 0.000956327 -1.539717674 0.000614097 -0.000954755 0.999999344 60.297618866
0.999996603 0.002541002 -0.000490213 0.839760184 -0.002540554 0.999996364 0.000914683 -1.552255392 0.000492535 -0.000913435 0.999999464 60.847042084
0.999997020 0.002295233 -0.000761020 0.842218816 -0.002294545 0.999996960 0.000904273 -1.568641186 0.000763094 -0.000902524 0.999999285 61.359237671
0.999993622 0.003552791 -0.000270802 0.848691821 -0.003552741 0.999993742 0.000189279 -1.580334783 0.000271473 -0.000188316 0.999999940 61.908363342
0.999995887 0.002827698 -0.000485678 0.860270441 -0.002827245 0.999995589 0.000933961 -1.595086694 0.000488316 -0.000932584 0.999999464 62.440418243
0.999995470 0.002907518 -0.000786851 0.873255372 -0.002906927 0.999995530 0.000752676 -1.614582896 0.000789035 -0.000750385 0.999999404 62.985733032
0.999995708 0.002820557 -0.000753679 0.881117702 -0.002819755 0.999995470 0.001063560 -1.628485560 0.000756675 -0.001061430 0.999999166 63.482360840
0.999997079 0.002376587 -0.000545384 0.890595317 -0.002376064 0.999996722 0.000958125 -1.641522288 0.000547660 -0.000956826 0.999999404 64.029747009
0.999996424 0.002629437 -0.000498558 0.894572735 -0.002629016 0.999996185 0.000843732 -1.652800083 0.000500775 -0.000842418 0.999999464 64.548202515
0.999996662 0.002595229 -0.000235590 0.902411401 -0.002595103 0.999996424 0.000540302 -1.665172458 0.000236991 -0.000539689 0.999999762 65.090248108
0.999995410 0.003011319 -0.000046714 0.908036053 -0.003011307 0.999995351 0.000271057 -1.673615456 0.000047530 -0.000270915 0.999999940 65.625991821
0.999994278 0.003319681 0.000562682 0.909303725 -0.003319779 0.999994397 0.000172362 -1.696625471 -0.000562106 -0.000174229 0.999999821 66.157043457
0.999996483 0.002644514 -0.000223188 0.932366371 -0.002644446 0.999996483 0.000299168 -1.703162313 0.000223979 -0.000298577 0.999999940 66.683944702
0.999995172 0.003126314 0.000037120 0.940320492 -0.003126308 0.999995112 -0.000128451 -1.718013525 -0.000037521 0.000128334 1.000000000 67.220130920
0.999994338 0.003364952 -0.000007541 0.948534608 -0.003364951 0.999994338 0.000035738 -1.730144143 0.000007660 -0.000035713 1.000000000 67.757385254
0.999995410 0.003033835 -0.000241563 0.962000847 -0.003033880 0.999995410 -0.000188283 -1.743684649 0.000240990 0.000189015 0.999999881 68.309715271
0.999991834 0.004012942 0.000407663 0.966080904 -0.004012937 0.999991894 -0.000011215 -1.762797832 -0.000407705 0.000009579 0.999999881 68.854530334
0.999995351 0.003041389 0.000325194 0.976783216 -0.003041247 0.999995232 -0.000433331 -1.774510503 -0.000326511 0.000432340 0.999999821 69.414436340
0.999996483 0.002640954 0.000324327 0.975808442 -0.002640933 0.999996483 -0.000060424 -1.781650424 -0.000324486 0.000059567 0.999999940 69.808746338
0.999996841 0.002455821 -0.000464307 0.990079284 -0.002455970 0.999996901 -0.000318739 -1.796602607 0.000463523 0.000319878 0.999999821 70.355178833
0.999998569 0.001684355 -0.000357550 1.002669334 -0.001684397 0.999998510 -0.000117134 -1.811118603 0.000357352 0.000117736 0.999999940 70.910423279
0.999995530 0.002990993 0.000146654 1.005987644 -0.002990923 0.999995410 -0.000480239 -1.822980404 -0.000148091 0.000479798 0.999999821 71.375518799
0.999995291 0.003074608 0.000215871 1.016649604 -0.003074549 0.999995291 -0.000272490 -1.836109281 -0.000216708 0.000271825 0.999999940 71.931335449
0.999994576 0.003275902 0.000099972 1.025109529 -0.003275875 0.999994576 -0.000280397 -1.851182699 -0.000100890 0.000280068 0.999999940 72.442352295
0.999995112 0.003112971 0.000194319 1.037855864 -0.003112819 0.999994874 -0.000778738 -1.861579895 -0.000196743 0.000778130 0.999999702 72.977798462
0.999994397 0.003342252 0.000203579 1.047645807 -0.003342084 0.999994040 -0.000818496 -1.870309830 -0.000206313 0.000817811 0.999999642 73.550659180
0.999994159 0.003407251 0.000289590 1.058431745 -0.003407119 0.999994099 -0.000457315 -1.893835664 -0.000291147 0.000456325 0.999999821 74.033088684
0.999993265 0.003626343 0.000566188 1.071149111 -0.003625891 0.999993026 -0.000796446 -1.905927300 -0.000569072 0.000794388 0.999999523 74.575729370
0.999992311 0.003855455 0.000649766 1.082747579 -0.003854709 0.999991894 -0.001146539 -1.915622473 -0.000654181 0.001144026 0.999999166 75.124580383
0.999994218 0.003372322 0.000459715 1.088890553 -0.003371964 0.999994040 -0.000778614 -1.939561486 -0.000462338 0.000777059 0.999999583 75.624801636
0.999992311 0.003882329 0.000548827 1.097376823 -0.003881773 0.999991953 -0.001014040 -1.951493859 -0.000552760 0.001011902 0.999999285 76.173637390
0.999995530 0.002978039 -0.000019539 1.114466786 -0.002978043 0.999995530 -0.000314644 -1.969924331 0.000018602 0.000314701 0.999999881 76.672035217
0.999993980 0.003463569 0.000153659 1.126037598 -0.003463449 0.999993742 -0.000765884 -1.986737490 -0.000156311 0.000765347 0.999999642 77.211883545
0.999992192 0.003883678 0.000637397 1.126222014 -0.003883206 0.999992192 -0.000740910 -1.994329333 -0.000640269 0.000738429 0.999999464 77.718856812
0.999992728 0.003803731 0.000205177 1.145336628 -0.003803583 0.999992490 -0.000715673 -2.014181614 -0.000207898 0.000714888 0.999999702 78.260559082
0.999993861 0.003491247 0.000002035 1.160112977 -0.003491242 0.999993443 -0.001014018 -2.020696402 -0.000005575 0.001014005 0.999999464 78.855239868
0.999990761 0.004066954 0.001407655 1.164950490 -0.004066018 0.999991477 -0.000667014 -2.034511805 -0.001410356 0.000661284 0.999998808 79.325836182
0.999990284 0.003514984 0.002665287 1.175160050 -0.003512074 0.999993265 -0.001095996 -2.049571514 -0.002669122 0.001086625 0.999995828 79.875923157
0.999985874 0.003472405 0.004033022 1.196061611 -0.003470352 0.999993861 -0.000515737 -2.073026180 -0.004034788 0.000501734 0.999991775 80.398826599
0.999975920 0.004436786 0.005325255 1.192702413 -0.004432483 0.999989808 -0.000819481 -2.080234766 -0.005328836 0.000795858 0.999985456 80.909088135
0.999958932 0.004236852 0.008007883 1.214382410 -0.004232998 0.999991000 -0.000498044 -2.097297907 -0.008009920 0.000464127 0.999967754 81.466232300
0.999924183 0.004277087 0.011542836 1.236807346 -0.004265373 0.999990344 -0.001039293 -2.102952003 -0.011547171 0.000989980 0.999932766 82.023040771
0.999889016 0.004016654 0.014346584 1.255987167 -0.004007843 0.999991775 -0.000642765 -2.126611710 -0.014349048 0.000585195 0.999896824 82.523216248
0.999797583 0.004566577 0.019595331 1.265084982 -0.004546911 0.999989033 -0.001048046 -2.137507200 -0.019599905 0.000958736 0.999807358 83.041534424
0.999646246 0.005149684 0.026093537 1.287264466 -0.005125961 0.999986410 -0.000975929 -2.149170160 -0.026098210 0.000841829 0.999659002 83.595085144
0.999477804 0.004335907 0.032021090 1.322816133 -0.004301638 0.999990046 -0.001138992 -2.161875248 -0.032025717 0.001000654 0.999486506 84.138435364
0.999276578 0.004509265 0.037762336 1.356631637 -0.004469338 0.999989390 -0.001141670 -2.174210310 -0.037767075 0.000972072 0.999286115 84.683952332
0.998932779 0.004794227 0.045938756 1.400769711 -0.004768346 0.999988437 -0.000672968 -2.191650629 -0.045941446 0.000453198 0.998943985 85.236465454
0.998504996 0.004725433 0.054455385 1.441172600 -0.004645586 0.999987960 -0.001592793 -2.200022221 -0.054462254 0.001337435 0.998514950 85.778121948
0.998095632 0.003989753 0.061555717 1.496728420 -0.003896796 0.999991059 -0.001630110 -2.212064505 -0.061561678 0.001387136 0.998102307 86.326683044
0.997492135 0.004355847 0.070643328 1.538359165 -0.004268041 0.999990046 -0.001393842 -2.229124069 -0.070648693 0.001088838 0.997500598 86.862030029
0.996735930 0.004080257 0.080628216 1.606805801 -0.003929208 0.999990284 -0.002031976 -2.238790035 -0.080635726 0.001708539 0.996742129 87.390007019
0.996012688 0.003789906 0.089131393 1.687588692 -0.003632316 0.999991596 -0.001930182 -2.256806612 -0.089137957 0.001598732 0.996017933 87.927925110
0.995261788 0.003086050 0.097182542 1.746256828 -0.002911639 0.999993861 -0.001936442 -2.274642229 -0.097187921 0.001644307 0.995264649 88.509078979
0.994303942 0.003561776 0.106522441 1.819215775 -0.003362285 0.999992251 -0.002052290 -2.282246828 -0.106528945 0.001682441 0.994308174 88.986663818
0.993110418 0.004051270 0.117111854 1.903300285 -0.003852430 0.999990702 -0.001924193 -2.293951988 -0.117118560 0.001459771 0.993116856 89.540283203
0.992014349 0.002625390 0.126097962 1.997019768 -0.002294931 0.999993563 -0.002765850 -2.307690859 -0.126104429 0.002454377 0.992013991 90.070480347
0.990443110 0.002814114 0.137892559 2.080716133 -0.002542105 0.999994457 -0.002148684 -2.316975832 -0.137897834 0.001777612 0.990444839 90.605964661
0.988636553 0.002829793 0.150298446 2.179553986 -0.002617280 0.999995291 -0.001611734 -2.341745377 -0.150302291 0.001200047 0.988639414 91.135177612
0.986844361 0.002085228 0.161658838 2.285305023 -0.001740605 0.999995947 -0.002273385 -2.351377487 -0.161662921 0.001962093 0.986844122 91.689376831
0.985064626 0.002759241 0.172162935 2.385730743 -0.002413294 0.999994636 -0.002218688 -2.362747431 -0.172168165 0.001770071 0.985065997 92.234352112
0.982640803 0.003587663 0.185483471 2.505356789 -0.003284400 0.999992788 -0.001942231 -2.381173134 -0.185489133 0.001299314 0.982645452 92.777938843
0.980342448 0.003079917 0.197279274 2.640473366 -0.002735734 0.999994218 -0.002017150 -2.398354053 -0.197284356 0.001437794 0.980345309 93.302955627
0.978372037 0.000963449 0.206850782 2.765937805 -0.000564437 0.999997854 -0.001987989 -2.419622660 -0.206852272 0.001828238 0.978370428 93.742439270
0.975548983 0.000279818 0.219781786 2.913919449 0.000137356 0.999998212 -0.001882846 -2.438229561 -0.219781905 0.001866997 0.975547254 94.273605347
0.972538531 -0.000364870 0.232741565 3.065778732 0.000852816 0.999997616 -0.001995889 -2.452733517 -0.232740298 0.002139565 0.972536564 94.791961670
0.969729006 -0.000472782 0.244183168 3.207267761 0.001102686 0.999996424 -0.002442946 -2.456258059 -0.244181126 0.002638253 0.969726026 95.311737061
0.966914177 -0.000492921 0.255101413 3.372676849 0.001125080 0.999996662 -0.002332158 -2.473457813 -0.255099416 0.002542006 0.966911495 95.840354919
0.963213682 0.000436347 0.268736422 3.536266327 0.000221333 0.999997079 -0.002417004 -2.485938072 -0.268736660 0.002387571 0.963210762 96.356895447
0.959716201 -0.000918192 0.280969709 3.704833984 0.001734358 0.999994993 -0.002656172 -2.492226839 -0.280965924 0.003036474 0.959712923 96.880226135
0.956318796 -0.001454598 0.292322546 3.888614655 0.002311560 0.999993980 -0.002586180 -2.507446766 -0.292316973 0.003148933 0.956316292 97.398155212
0.951943755 -0.001729644 0.306268156 4.079122543 0.002603966 0.999993563 -0.002446210 -2.525379896 -0.306261927 0.003126165 0.951942146 97.898307800
0.947329521 -0.001278650 0.320257902 4.296892166 0.002086362 0.999995470 -0.002178959 -2.540714502 -0.320253670 0.002732366 0.947327852 98.459396362
0.943182230 -0.000686522 0.332275122 4.457641602 0.001401276 0.999997199 -0.001911483 -2.557583094 -0.332272947 0.002268486 0.943180561 98.928649902
0.938386559 -0.000828741 0.345586389 4.671998978 0.001643377 0.999996543 -0.002064275 -2.572987080 -0.345583498 0.002505016 0.938384652 99.443199158
0.932971358 -0.001466039 0.359947473 4.884149551 0.002342714 0.999995291 -0.001999329 -2.591024876 -0.359942853 0.002708570 0.932970464 99.950988770
0.928196549 -0.001491280 0.372086972 5.100337982 0.002328417 0.999995649 -0.001800534 -2.607570648 -0.372082651 0.002537623 0.928196132 100.453918457
0.923508227 -0.002293941 0.383571595 5.327230453 0.003068890 0.999994338 -0.001408389 -2.622764826 -0.383566171 0.002477798 0.923510075 100.946846008
0.917480946 -0.002430477 0.397772193 5.564060211 0.003266121 0.999993682 -0.001423282 -2.638266563 -0.397766173 0.002605006 0.917483151 101.422561646
0.911675274 -0.002823001 0.410901755 5.814308167 0.003567625 0.999993086 -0.001045344 -2.650018930 -0.410895944 0.002418957 0.911679029 101.921539307
0.906551003 -0.002286603 0.422090143 6.045475006 0.003319313 0.999992967 -0.001711813 -2.662667513 -0.422083169 0.002952895 0.906552255 102.425338745
0.900804341 -0.002603193 0.434217453 6.299144745 0.003571548 0.999992609 -0.001414251 -2.683710814 -0.434210509 0.002824793 0.900806904 102.901374817
0.894171536 -0.002321136 0.447718501 6.567665100 0.003217556 0.999994099 -0.001241685 -2.698513031 -0.447712958 0.002550839 0.894173682 103.396209717
0.887934625 -0.002227828 0.459964365 6.852821350 0.003332783 0.999993086 -0.001590298 -2.705102444 -0.459957600 0.002945042 0.887935936 103.910530090
0.881950676 -0.003662210 0.471327543 7.084487915 0.004947907 0.999986649 -0.001488665 -2.699448824 -0.471315742 0.003645013 0.881957114 104.347656250
0.874432325 -0.003697196 0.485133499 7.373825073 0.004922780 0.999987066 -0.001252209 -2.717451096 -0.485122591 0.003483177 0.874439240 104.815170288
