1.000000000 0.000000000 0.000000000 0.000000000 0.000000000 1.000000000 0.000000000 0.000000000 0.000000000 0.000000000 1.000000000 0.000000000
1.000000000 0.000005496 0.000130825 -0.001477674 -0.000005511 1.000000000 0.000110916 0.000237986 -0.000130824 -0.000110916 1.000000000 0.002072121
1.000000000 0.000154915 0.000128701 -0.001395214 -0.000154935 1.000000000 0.000155842 0.000548615 -0.000128677 -0.000155862 1.000000000 0.002140500
1.000000000 0.000153213 -0.000034896 0.000008380 -0.000153208 1.000000000 0.000144594 -0.000457084 0.000034918 -0.000144589 1.000000000 0.000178267
0.999999940 0.000337572 0.000216774 -0.002297197 -0.000337594 0.999999940 0.000104555 0.000313546 -0.000216738 -0.000104628 1.000000000 0.001420059
1.000000000 0.000126027 0.000067716 -0.001634172 -0.000126033 1.000000000 0.000083308 0.000273984 -0.000067705 -0.000083316 1.000000000 -0.000016092
1.000000000 -0.000095300 0.000137490 -0.001294976 0.000095293 1.000000000 0.000048308 0.000394806 -0.000137494 -0.000048294 1.000000000 0.000986025
0.999999940 -0.000199552 0.000243582 -0.002060385 0.000199538 1.000000000 0.000058169 0.001630856 -0.000243594 -0.000058121 0.999999940 0.004064109
1.000000000 0.000002445 0.000226933 -0.001477489 -0.000002453 1.000000000 0.000035161 0.001172171 -0.000226933 -0.000035161 1.000000000 0.003338259
1.000000000 -0.000123732 0.000127983 -0.000658179 0.000123719 1.000000000 0.000101851 0.000542782 -0.000127996 -0.000101835 1.000000000 0.001785989
1.000000000 -0.000075076 0.000226441 -0.000586401 0.000075086 1.000000000 -0.000046583 0.001722789 -0.000226437 0.000046600 1.000000000 0.001762001
1.000000000 0.000003181 0.000097483 -0.000564602 -0.000003197 1.000000000 0.000169017 0.000014167 -0.000097483 -0.000169018 1.000000000 0.002113236
0.999999940 0.000158566 0.000281920 -0.003143935 -0.000158561 1.000000000 -0.000015148 0.002437871 -0.000281923 0.000015103 0.999999940 0.005936821
0.999999940 -0.000191183 0.000218576 -0.001792631 0.000191142 0.999999940 0.000188021 0.000434230 -0.000218612 -0.000187979 0.999999940 0.003059678
1.000000000 -0.000050780 0.000166412 -0.002224832 0.000050760 1.000000000 0.000116085 0.000907829 -0.000166418 -0.000116077 1.000000000 0.003146881
1.000000000 -0.000068458 0.000182712 -0.001614594 0.000068443 1.000000000 0.000077533 0.000397562 -0.000182717 -0.000077520 1.000000000 0.001303443
1.000000000 -0.000079637 0.000146121 -0.000908572 0.000079622 1.000000000 0.000106588 -0.000099040 -0.000146129 -0.000106576 1.000000000 0.000179642
0.999999881 0.000304882 0.000449632 -0.003547598 -0.000304964 0.999999940 0.000183060 0.000221550 -0.000449576 -0.000183197 0.999999881 0.002669220
0.999999940 0.000183926 0.000359493 -0.003647327 -0.000183984 0.999999940 0.000161369 0.000889112 -0.000359463 -0.000161435 0.999999940 0.004566524
1.000000000 0.000188906 0.000143970 -0.001888282 -0.000188911 1.000000000 0.000036965 0.001092640 -0.000143963 -0.000036992 1.000000000 0.003079234
0.999999881 0.000335249 0.000393111 -0.004074579 -0.000335316 0.999999940 0.000170267 0.001077918 -0.000393054 -0.000170399 0.999999881 0.005293619
0.999999881 0.000367070 0.000306765 -0.003337234 -0.000367090 0.999999940 0.000063890 0.001281250 -0.000306741 -0.000064002 0.999999940 0.003659775
0.999999940 0.000048195 0.000239536 -0.002695917 -0.000048240 1.000000000 0.000188010 0.000690193 -0.000239527 -0.000188021 0.999999940 0.004098821
0.999999881 0.000189315 0.000400223 -0.002852190 -0.000189407 0.999999940 0.000231155 -0.000179584 -0.000400180 -0.000231231 0.999999881 0.003381120
0.999999940 0.000224020 0.000303644 -0.002323350 -0.000224105 0.999999940 0.000279552 -0.000609280 -0.000303581 -0.000279620 0.999999940 0.001028085
1.000000000 -0.000002112 0.000202410 -0.001943528 0.000002097 1.000000000 0.000076833 0.001520222 -0.000202410 -0.000076833 1.000000000 0.003536275
1.000000000 -0.000003927 0.000202287 -0.001316296 0.000003916 1.000000000 0.000056707 0.000381905 -0.000202287 -0.000056706 1.000000000 0.000099947
0.999999940 0.000111167 0.000253063 -0.002910000 -0.000111156 1.000000000 -0.000040576 0.002341641 -0.000253067 0.000040548 0.999999940 0.004994866
0.999999940 0.000211477 0.000307129 -0.004520192 -0.000211463 1.000000000 -0.000045010 0.003447187 -0.000307139 0.000044945 0.999999940 0.007335428
1.000000000 -0.000088488 0.000135021 -0.002531568 0.000088476 1.000000000 0.000083952 0.002279975 -0.000135028 -0.000083940 1.000000000 0.005288068
0.999999940 0.000002890 0.000262160 -0.002797437 -0.000002925 1.000000000 0.000132674 -0.000164262 -0.000262159 -0.000132674 0.999999940 0.002345697
1.000000000 -0.000082510 0.000220646 -0.001933356 0.000082466 1.000000000 0.000198404 0.000736186 -0.000220663 -0.000198386 0.999999940 0.003276899
0.999999940 -0.000000634 0.000273510 -0.002451217 0.000000632 1.000000000 0.000010713 0.001961795 -0.000273510 -0.000010713 0.999999940 0.004088421
0.999999940 0.000050571 0.000368617 -0.002651462 -0.000050575 1.000000000 0.000012262 0.002085498 -0.000368616 -0.000012281 0.999999940 0.004245640
1.000000000 -0.000082172 0.000221913 -0.001763511 0.000082163 1.000000000 0.000044466 0.001392490 -0.000221916 -0.000044448 1.000000000 0.003554616
0.999999940 0.000204742 0.000292279 -0.001613049 -0.000204786 0.999999940 0.000150057 0.000600044 -0.000292248 -0.000150117 0.999999940 0.001178427
1.000000000 0.000099762 0.000218688 -0.002548453 -0.000099766 1.000000000 0.000019175 0.002993960 -0.000218686 -0.000019197 1.000000000 0.005255454
0.999999940 -0.000012667 0.000295357 -0.003567900 0.000012642 1.000000000 0.000082240 0.003040321 -0.000295358 -0.000082237 0.999999940 0.008808092
1.000000000 -0.000016425 0.000207737 -0.002916079 0.000016391 1.000000000 0.000160595 0.001804316 -0.000207739 -0.000160591 0.999999940 0.005906751
0.999999940 -0.000177290 0.000197936 -0.000544413 0.000177254 0.999999940 0.000182220 0.000483913 -0.000197968 -0.000182185 0.999999940 0.001759600
0.999999881 -0.000300538 0.000364623 -0.000945815 0.000300516 0.999999940 0.000060071 0.000883342 -0.000364641 -0.000059961 0.999999940 0.002420560
0.999999881 -0.000357086 0.000238539 0.001355664 0.000357228 0.999999762 -0.000592006 -0.001306459 -0.000238328 0.000592092 0.999999821 0.051767327
0.999999940 0.000164440 0.000288202 -0.001221941 -0.000164126 0.999999404 -0.001090834 -0.004864578 -0.000288381 0.001090787 0.999999344 0.136438608
1.000000000 0.000168170 0.000097682 0.002085511 -0.000168022 0.999998868 -0.001511857 -0.004529294 -0.000097936 0.001511840 0.999998868 0.254652768
1.000000000 0.000022825 -0.000171574 0.006608293 -0.000023032 0.999999285 -0.001207917 -0.011169062 0.000171546 0.001207921 0.999999285 0.385783851
0.999999642 0.000802661 0.000053470 0.008104178 -0.000802629 0.999999642 -0.000602635 -0.025316671 -0.000053953 0.000602592 0.999999821 0.510364413
0.999999702 0.000702752 -0.000021676 0.013038591 -0.000702761 0.999999702 -0.000449522 -0.033245083 0.000021360 0.000449537 0.999999940 0.656607270
0.999999344 0.001165438 0.000033081 0.015089579 -0.001165423 0.999999225 -0.000455955 -0.033878863 -0.000033612 0.000455916 0.999999881 0.824145198
0.999999642 0.000877078 -0.000080615 0.020786738 -0.000877106 0.999999583 -0.000343629 -0.041125160 0.000080314 0.000343700 0.999999881 0.991514385
0.999999225 0.001256878 0.000122621 0.021843487 -0.001256845 0.999999166 -0.000266540 -0.044503581 -0.000122956 0.000266385 0.999999881 1.169916630
0.999999642 0.000876596 -0.000141209 0.025710523 -0.000876645 0.999999583 -0.000348250 -0.045536757 0.000140904 0.000348374 0.999999881 1.359303355
0.999999285 0.001192600 0.000229073 0.026913812 -0.001192598 0.999999285 -0.000008247 -0.054263227 -0.000229082 0.000007974 0.999999940 1.554266810
0.999998808 0.001527463 0.000164332 0.033459704 -0.001527465 0.999998868 0.000017107 -0.055497784 -0.000164305 -0.000017358 1.000000000 1.747643352
0.999999046 0.001369128 -0.000237568 0.040807113 -0.001369056 0.999998927 0.000304230 -0.067420706 0.000237984 -0.000303905 0.999999940 1.950053096
0.999999344 0.001206100 0.000066303 0.043263644 -0.001206134 0.999999225 0.000516940 -0.074421912 -0.000065679 -0.000517020 0.999999881 2.160932302
0.999998868 0.001474588 0.000261042 0.040458638 -0.001474680 0.999998868 0.000352161 -0.079052627 -0.000260522 -0.000352546 0.999999881 2.370178699
0.999999344 0.001086121 -0.000041593 0.051981285 -0.001086115 0.999999404 0.000139495 -0.080679141 0.000041744 -0.000139450 1.000000000 2.585371494
0.999999166 0.001238526 -0.000072987 0.056305051 -0.001238488 0.999999166 0.000512468 -0.093529992 0.000073621 -0.000512378 0.999999881 2.809826136
0.999999464 0.000973956 -0.000001376 0.061545413 -0.000973956 0.999999523 0.000171576 -0.096870691 0.000001544 -0.000171575 1.000000000 3.049637318
0.999999225 0.001224494 0.000143182 0.059386220 -0.001224507 0.999999225 0.000090683 -0.102308288 -0.000143071 -0.000090859 1.000000000 3.300585032
0.999998987 0.001401015 -0.000032778 0.067712814 -0.001401008 0.999998987 0.000235330 -0.111563735 0.000033108 -0.000235284 1.000000000 3.543757915
0.999999166 0.001296646 0.000035489 0.071383901 -0.001296649 0.999999166 0.000079969 -0.115158252 -0.000035385 -0.000080015 1.000000000 3.800953388
0.999999225 0.001247015 0.000180658 0.072037980 -0.001246917 0.999999106 -0.000541174 -0.117557108 -0.000181333 0.000540949 0.999999881 4.062014103
0.999998987 0.001412970 0.000258596 0.076129273 -0.001413178 0.999998689 0.000807398 -0.133087561 -0.000257455 -0.000807762 0.999999642 4.300638676
0.999999046 0.001432796 0.000118774 0.083354108 -0.001432864 0.999998868 0.000569792 -0.139988840 -0.000117958 -0.000569962 0.999999821 4.563175678
0.999999344 0.001098317 0.000202990 0.091215454 -0.001098455 0.999999166 0.000679224 -0.146044716 -0.000202244 -0.000679447 0.999999762 4.813505173
0.999999166 0.001223229 0.000187865 0.092278272 -0.001223351 0.999998987 0.000648331 -0.148145646 -0.000187072 -0.000648560 0.999999762 5.089561939
0.999999702 0.000852516 -0.000048728 0.100494623 -0.000852485 0.999999523 0.000647874 -0.155609936 0.000049281 -0.000647833 0.999999762 5.353530884
0.999999404 0.001065880 0.000229676 0.103982083 -0.001065956 0.999999344 0.000332794 -0.160518512 -0.000229321 -0.000333039 0.999999821 5.627684116
0.999999762 0.000525011 0.000213836 0.104918629 -0.000525233 0.999999285 0.001036214 -0.177530810 -0.000213291 -0.001036327 0.999999464 5.881341457
0.999999762 0.000678664 0.000207425 0.112369671 -0.000678897 0.999999166 0.001124974 -0.186833128 -0.000206661 -0.001125114 0.999999344 6.159535408
0.999999702 0.000805384 -0.000086576 0.120810159 -0.000805292 0.999999166 0.001066145 -0.193459913 0.000087434 -0.001066075 0.999999464 6.445566654
0.999998808 0.001314075 0.000773434 0.116218522 -0.001314750 0.999998748 0.000871815 -0.204064175 -0.000772287 -0.000872831 0.999999344 6.729284286
0.999998987 0.001005207 0.000995770 0.122145057 -0.001006031 0.999999166 0.000826677 -0.210906163 -0.000994939 -0.000827678 0.999999225 7.030675411
0.999999225 0.000999889 0.000731526 0.135230646 -0.001000745 0.999998808 0.001170951 -0.221324861 -0.000730354 -0.001171682 0.999999106 7.324571133
0.999998629 0.001303950 0.000948595 0.136577949 -0.001304722 0.999998748 0.000813386 -0.225570470 -0.000947533 -0.000814623 0.999999285 7.638123989
0.999999166 0.001167961 0.000544818 0.144489631 -0.001168645 0.999998450 0.001255405 -0.242349446 -0.000543351 -0.001256041 0.999999046 7.952770710
0.999998331 0.001602183 0.000820359 0.147577509 -0.001603398 0.999997556 0.001481979 -0.251412690 -0.000817982 -0.001483292 0.999998510 8.273227692
0.999998808 0.001288076 0.000845825 0.153117180 -0.001289289 0.999998152 0.001435322 -0.265016705 -0.000843974 -0.001436411 0.999998629 8.612955093
0.999997675 0.001661884 0.001430150 0.150960237 -0.001663770 0.999997795 0.001318340 -0.268823177 -0.001427956 -0.001320716 0.999998152 8.958529472
0.999998927 0.001159604 0.000800015 0.169230431 -0.001161156 0.999997377 0.001942034 -0.289761513 -0.000797761 -0.001942961 0.999997795 9.288460732
0.999999642 0.000734468 0.000302281 0.178904802 -0.000734963 0.999998391 0.001640302 -0.293123722 -0.000301076 -0.001640523 0.999998689 9.644721985
0.999999046 0.001081760 0.000780087 0.185889006 -0.001083244 0.999997616 0.001904330 -0.308294654 -0.000778025 -0.001905173 0.999997795 9.974411964
0.999999523 0.000793552 0.000511939 0.192198828 -0.000794735 0.999997020 0.002315317 -0.321681708 -0.000510100 -0.002315722 0.999997079 10.333113670
0.999998748 0.001314411 0.000886588 0.199015900 -0.001316573 0.999996126 0.002442712 -0.332885474 -0.000883374 -0.002443875 0.999996603 10.687167168
0.999998212 0.001403544 0.001304444 0.201533496 -0.001406289 0.999996781 0.002105351 -0.337657779 -0.001301485 -0.002107181 0.999996901 11.057937622
0.999998152 0.001466702 0.001176048 0.209823608 -0.001469436 0.999996126 0.002327408 -0.352152526 -0.001172629 -0.002329132 0.999996603 11.440412521
0.999999106 0.001190684 0.000685404 0.223960251 -0.001192310 0.999996424 0.002376682 -0.359029144 -0.000682572 -0.002377497 0.999996960 11.820455551
0.999999344 0.000517047 0.000985046 0.227973476 -0.000519533 0.999996603 0.002524945 -0.373491287 -0.000983737 -0.002525455 0.999996305 12.204247475
0.999999464 0.000540552 0.000870452 0.237564161 -0.000542332 0.999997735 0.002045532 -0.380179167 -0.000869344 -0.002046003 0.999997497 12.596293449
0.999998629 0.001176097 0.001142236 0.242614150 -0.001179200 0.999995589 0.002719994 -0.396272659 -0.001139032 -0.002721338 0.999995649 12.990269661
0.999998450 0.001191103 0.001292441 0.249122605 -0.001194563 0.999995708 0.002679850 -0.408394188 -0.001289243 -0.002681389 0.999995530 13.394509315
0.999997556 0.001637539 0.001482771 0.253039390 -0.001640992 0.999996006 0.002330234 -0.414787292 -0.001478949 -0.002332662 0.999996185 13.810647964
0.999997914 0.001221012 0.001623014 0.265354872 -0.001224420 0.999997020 0.002100983 -0.419319928 -0.001620444 -0.002102966 0.999996424 14.240209579
0.999998629 0.000677255 0.001512469 0.280038416 -0.000680520 0.999997437 0.002159470 -0.433657706 -0.001511003 -0.002160497 0.999996543 14.664079666
0.999998271 0.000979714 0.001594008 0.290649593 -0.000984767 0.999994457 0.003171864 -0.450601995 -0.001590891 -0.003173428 0.999993742 15.083801270
0.999996722 0.001352658 0.002164561 0.299114853 -0.001359363 0.999994218 0.003099157 -0.464536667 -0.002160357 -0.003102089 0.999992788 15.523211479
0.999996364 0.001278086 0.002425980 0.310357034 -0.001284553 0.999995649 0.002666267 -0.472332835 -0.002422562 -0.002669373 0.999993503 15.967952728
0.999996603 0.001018291 0.002414039 0.324279040 -0.001025448 0.999995112 0.002965097 -0.484891534 -0.002411008 -0.002967562 0.999992728 16.413059235
0.999994874 0.001432728 0.002856662 0.330900371 -0.001440544 0.999995232 0.002735930 -0.498794079 -0.002852729 -0.002740031 0.999992192 16.858642578
0.999994695 0.001386690 0.002949699 0.343492538 -0.001394658 0.999995351 0.002700881 -0.509848654 -0.002945940 -0.002704980 0.999992013 17.319425583
0.999993145 0.001574559 0.003346805 0.349685758 -0.001584101 0.999994636 0.002850437 -0.521660089 -0.003342299 -0.002855719 0.999990284 17.777179718
0.999992251 0.001306674 0.003706244 0.362819731 -0.001316334 0.999995768 0.002605230 -0.533145964 -0.003702824 -0.002610089 0.999989748 18.236116409
0.999991000 0.001582097 0.003933350 0.376187354 -0.001592370 0.999995291 0.002609895 -0.538386405 -0.003929202 -0.002616135 0.999988854 18.700021744
0.999991596 0.001781058 0.003673970 0.392443866 -0.001791308 0.999994457 0.002788363 -0.557123780 -0.003668983 -0.002794921 0.999989390 19.187992096
0.999988973 0.001531938 0.004435404 0.404180050 -0.001543730 0.999995351 0.002656450 -0.563829005 -0.004431313 -0.002663268 0.999986649 19.670793533
0.999993086 0.001319203 0.003512071 0.415325135 -0.001327735 0.999996185 0.002427966 -0.576171637 -0.003508857 -0.002432612 0.999990821 20.158420563
0.999993324 0.001583039 0.003311070 0.426716387 -0.001591483 0.999995470 0.002549042 -0.590363801 -0.003307020 -0.002554295 0.999991238 20.657476425
0.999991119 0.002200668 0.003619206 0.437861592 -0.002207354 0.999995828 0.001844308 -0.594175398 -0.003615133 -0.001852280 0.999991715 21.160522461
0.999996424 0.001660779 0.002089428 0.455718517 -0.001667381 0.999993622 0.003161921 -0.625862420 -0.002084163 -0.003165394 0.999992847 21.673553467
0.999994934 0.002334776 0.002158810 0.463193119 -0.002341872 0.999991834 0.003290507 -0.641911507 -0.002151110 -0.003295546 0.999992311 22.180898666
0.999995649 0.002216420 0.001964797 0.470531225 -0.002222345 0.999992907 0.003018761 -0.650278389 -0.001958093 -0.003023114 0.999993563 22.698129654
0.999997616 0.002125236 0.000447317 0.487376690 -0.002126702 0.999992311 0.003302788 -0.666750073 -0.000440294 -0.003303732 0.999994457 23.214096069
0.999997973 0.001908181 -0.000629830 0.497740418 -0.001906554 0.999994874 0.002574995 -0.678176463 0.000634740 -0.002573790 0.999996424 23.737947464
0.999999583 0.000671359 -0.000583860 0.505201101 -0.000669312 0.999993563 0.003499852 -0.705180943 0.000586206 -0.003499461 0.999993682 24.276359558
0.999998689 0.001401168 -0.000777465 0.510412693 -0.001398391 0.999992609 0.003560447 -0.713273287 0.000782448 -0.003559356 0.999993384 24.814222336
0.999996305 0.002003355 -0.001805929 0.523936212 -0.001996655 0.999991119 0.003704358 -0.727398396 0.001813333 -0.003700738 0.999991536 25.367343903
0.999993622 0.001872927 -0.003018652 0.547031939 -0.001859780 0.999988735 0.004352236 -0.749224305 0.003026769 -0.004346594 0.999985993 25.890155792
0.999994993 0.000971214 -0.002995158 0.548160076 -0.000957626 0.999989212 0.004534991 -0.761238933 0.002999530 -0.004532100 0.999985218 26.457046509
0.999993205 0.001166054 -0.003505477 0.549104095 -0.001150965 0.999990225 0.004303451 -0.765513420 0.003510461 -0.004299388 0.999984622 27.023181915
0.999992430 0.001455626 -0.003600911 0.555408239 -0.001439618 0.999989152 0.004444200 -0.780288100 0.003607340 -0.004438982 0.999983668 27.577957153
0.999990523 0.002810070 -0.003340177 0.555759728 -0.002797185 0.999988675 0.003855814 -0.794886768 0.003350974 -0.003846434 0.999987006 28.143316269
0.999989569 0.002204409 -0.003978733 0.568443656 -0.002186992 0.999988019 0.004376678 -0.810721755 0.003988333 -0.004367931 0.999982536 28.651350021
0.999988735 0.001886142 -0.004338442 0.578975320 -0.001867516 0.999989092 0.004293294 -0.824208021 0.004346492 -0.004285144 0.999981403 29.189998627
0.999986291 0.002247003 -0.004725177 0.588568270 -0.002226421 0.999988019 0.004356571 -0.837104797 0.004734910 -0.004345991 0.999979258 29.751745224
0.999985099 0.002578320 -0.004808070 0.590616703 -0.002556916 0.999986827 0.004452555 -0.847980380 0.004819487 -0.004440195 0.999978542 30.293941498
0.999984860 0.002232896 -0.005024410 0.599120438 -0.002214383 0.999990761 0.003687031 -0.856485784 0.005032596 -0.003675849 0.999980569 30.842248917
0.999982774 0.002505400 -0.005302237 0.607899368 -0.002484006 0.999988735 0.004037441 -0.874206662 0.005312293 -0.004024201 0.999977767 31.372240067
0.999983549 0.002980829 -0.004902435 0.609752893 -0.002960399 0.999986947 0.004169192 -0.886403441 0.004914798 -0.004154610 0.999979258 31.922260284
0.999981701 0.002221576 -0.005628723 0.621640563 -0.002199132 0.999989629 0.003990579 -0.900237203 0.005637530 -0.003978128 0.999976218 32.460948944
0.999979436 0.002693933 -0.005814705 0.621932983 -0.002669753 0.999987721 0.004162313 -0.911490202 0.005825847 -0.004146704 0.999974430 33.003047943
0.999979317 0.002607420 -0.005883170 0.628394902 -0.002584938 0.999989331 0.003825728 -0.923722863 0.005893083 -0.003810441 0.999975383 33.541255951
0.999976873 0.002808913 -0.006193696 0.635558248 -0.002786687 0.999989688 0.003593987 -0.932689667 0.006203727 -0.003576644 0.999974370 34.085895538
0.999976099 0.002242904 -0.006540570 0.646374702 -0.002216954 0.999989629 0.003972090 -0.950110257 0.006549411 -0.003957496 0.999970734 34.620323181
0.999978125 0.002444706 -0.006137982 0.644361794 -0.002422622 0.999990582 0.003602749 -0.956264794 0.006146731 -0.003587801 0.999974668 35.165851593
0.999979734 0.002282619 -0.005942682 0.654874206 -0.002261301 0.999991059 0.003591611 -0.970529318 0.005950826 -0.003578100 0.999975920 35.704101562
0.999975562 0.002363723 -0.006583108 0.660051286 -0.002339274 0.999990344 0.003719152 -0.985362470 0.006591836 -0.003703661 0.999971390 36.256378174
0.999972224 0.003414629 -0.006616239 0.666202128 -0.003390579 0.999987662 0.003642838 -0.996822715 0.006628597 -0.003620304 0.999971449 36.806007385
0.999975681 0.002933554 -0.006320452 0.670956552 -0.002909098 0.999988258 0.003875025 -1.012177944 0.006331746 -0.003856543 0.999972522 37.338321686
0.999973297 0.003091035 -0.006617516 0.681536436 -0.003066198 0.999988139 0.003760079 -1.027674079 0.006629062 -0.003739689 0.999971032 37.865219116
0.999975562 0.003055869 -0.006288236 0.666634917 -0.003032208 0.999988258 0.003768794 -1.043523550 0.006299680 -0.003749635 0.999973118 38.381633759
0.999977112 0.003060654 -0.006040179 0.671690047 -0.003034994 0.999986291 0.004252797 -1.056855440 0.006053113 -0.004234367 0.999972761 38.924766541
0.999976993 0.003473658 -0.005829502 0.677890599 -0.003452286 0.999987364 0.003672223 -1.073058367 0.005842185 -0.003652013 0.999976277 39.469371796
0.999975502 0.003700163 -0.005945998 0.702603102 -0.003671130 0.999981344 0.004886452 -1.100762129 0.005963968 -0.004864504 0.999970317 40.006015778
0.999976873 0.002934324 -0.006126974 0.688682079 -0.002906704 0.999985695 0.004511952 -1.119459987 0.006140126 -0.004494038 0.999971032 40.606605530
0.999971271 0.003896438 -0.006500063 0.700987458 -0.003869172 0.999983728 0.004202143 -1.131297469 0.006516330 -0.004176871 0.999970078 41.147834778
0.999971807 0.004468909 -0.006024353 0.709582686 -0.004448363 0.999984264 0.003419679 -1.130101323 0.006039541 -0.003392784 0.999976039 41.711803436
0.999980509 0.003194540 -0.005346168 0.695411563 -0.003169941 0.999984384 0.004603583 -1.159207463 0.005360791 -0.004586546 0.999975085 42.210361481
0.999969840 0.003187257 -0.007079024 0.726768553 -0.003163764 0.999989450 0.003327352 -1.131833196 0.007089555 -0.003304856 0.999969423 42.724845886
0.999971032 0.003456672 -0.006787152 0.728775024 -0.003432374 0.999987602 0.003588361 -1.147352815 0.006799473 -0.003564960 0.999970555 43.273128510
0.999970198 0.003415292 -0.006923845 0.741047025 -0.003390763 0.999987900 0.003551396 -1.160605550 0.006935890 -0.003527813 0.999969780 43.827522278
0.999965370 0.003664634 -0.007475851 0.746817350 -0.003636993 0.999986529 0.003707679 -1.176541209 0.007489339 -0.003680361 0.999965191 44.353839874
0.999963760 0.003756159 -0.007643271 0.752291143 -0.003729792 0.999987066 0.003461020 -1.185872555 0.007656172 -0.003432387 0.999964774 44.896213531
0.999964714 0.004093429 -0.007337274 0.755761266 -0.004070046 0.999986589 0.003198978 -1.190767407 0.007350271 -0.003169002 0.999967933 45.445064545
0.999966383 0.004226412 -0.007022616 0.760950625 -0.004199448 0.999983788 0.003849928 -1.213728428 0.007038774 -0.003820307 0.999967933 46.004749298
0.999963045 0.002658079 -0.008171581 0.783120036 -0.002627006 0.999989271 0.003810875 -1.231749773 0.008181621 -0.003789268 0.999959350 46.530757904
0.999960899 0.003378602 -0.008171859 0.790828705 -0.003349324 0.999987960 0.003593870 -1.246495843 0.008183903 -0.003566359 0.999960124 47.084739685
0.999962926 0.002445650 -0.008253147 0.793086469 -0.002421507 0.999992728 0.002933978 -1.246306062 0.008260262 -0.002913884 0.999961615 47.639984131
0.999964654 0.002693051 -0.007968163 0.784299076 -0.002667528 0.999991298 0.003212124 -1.252492309 0.007976744 -0.003190755 0.999963045 48.165687561
0.999963701 0.002661749 -0.008095358 0.805021048 -0.002633885 0.999990582 0.003450678 -1.265354753 0.008104467 -0.003429231 0.999961257 48.716041565
0.999962866 0.002517369 -0.008244211 0.813714743 -0.002488550 0.999990761 0.003504117 -1.280894518 0.008252957 -0.003483471 0.999959886 49.260551453
0.999965668 0.002079090 -0.008024972 0.820664465 -0.002052738 0.999992430 0.003290558 -1.290865898 0.008031752 -0.003273971 0.999962389 49.800048828
0.999964774 0.002803412 -0.007914387 0.814295948 -0.002778398 0.999991119 0.003169787 -1.298136950 0.007923203 -0.003147686 0.999963641 50.346740723
0.999964893 0.002664633 -0.007938396 0.819736719 -0.002644835 0.999993324 0.002503416 -1.310361028 0.007945013 -0.002482333 0.999965370 50.902526855
0.999964178 0.002333846 -0.008133155 0.827059329 -0.002314401 0.999994397 0.002399482 -1.323207378 0.008138711 -0.002380572 0.999964058 51.446159363
0.999959052 0.003195938 -0.008466301 0.836581111 -0.003169698 0.999990165 0.003111012 -1.345044971 0.008476160 -0.003084049 0.999959350 51.985870361
0.999959767 0.002858278 -0.008499834 0.842828929 -0.002833832 0.999991834 0.002886820 -1.358611822 0.008508016 -0.002862617 0.999959648 52.529277802
0.999963105 0.002456675 -0.008234645 0.844938636 -0.002431582 0.999992371 0.003055785 -1.366773009 0.008242091 -0.003035650 0.999961376 53.083263397
0.999960899 0.002362118 -0.008522429 0.852964759 -0.002338089 0.999993205 0.002828502 -1.381908298 0.008529052 -0.002808465 0.999959707 53.617530823
0.999962270 0.002386990 -0.008349713 0.859028280 -0.002363904 0.999993384 0.002773528 -1.394693255 0.008356279 -0.002753685 0.999961317 54.169075012
0.999961674 0.002664695 -0.008342976 0.863498449 -0.002641081 0.999992490 0.002840083 -1.406781912 0.008350481 -0.002817940 0.999961138 54.723365784
0.999961913 0.002686530 -0.008303803 0.867872119 -0.002666291 0.999993443 0.002447358 -1.419255376 0.008310324 -0.002425124 0.999962509 55.270778656
0.999963880 0.003104065 -0.007904739 0.867849171 -0.003083652 0.999991834 0.002593275 -1.428940296 0.007912725 -0.002568806 0.999965310 55.829639435
0.999962270 0.002824601 -0.008216280 0.874829769 -0.002805855 0.999993443 0.002292352 -1.436943650 0.008222702 -0.002269212 0.999963641 56.365608215
0.999962807 0.002676008 -0.008205340 0.893504620 -0.002657754 0.999993980 0.002234709 -1.461020231 0.008211271 -0.002212818 0.999963880 56.883617401
0.999961019 0.002937160 -0.008324039 0.891277373 -0.002916352 0.999992609 0.002510777 -1.468310595 0.008331351 -0.002486403 0.999962211 57.453819275
0.999960124 0.002964099 -0.008425951 0.893431187 -0.002944494 0.999992907 0.002338170 -1.482835174 0.008432821 -0.002313266 0.999961793 58.011970520
0.999960303 0.002989036 -0.008387625 0.904573679 -0.002970919 0.999993145 0.002171546 -1.494378567 0.008394059 -0.002146541 0.999962389 58.533088684
0.999962986 0.002792338 -0.008136705 0.907928705 -0.002778337 0.999994636 0.001731580 -1.498976827 0.008141498 -0.001708910 0.999965310 59.090770721
0.999959588 0.002807515 -0.008540587 0.908584476 -0.002795216 0.999994993 0.001451691 -1.507196784 0.008544620 -0.001427760 0.999962449 59.616458893
0.999960899 0.002898659 -0.008356622 0.918193102 -0.002888958 0.999995172 0.001172649 -1.518582940 0.008359980 -0.001148461 0.999964416 60.167858124
0.999961317 0.002929345 -0.008295326 0.916182756 -0.002917218 0.999994636 0.001473635 -1.533805490 0.008299598 -0.001449379 0.999964535 60.719913483
0.999959946 0.003006849 -0.008424138 0.931493640 -0.002995528 0.999994576 0.001356199 -1.552270651 0.008428168 -0.001330909 0.999963582 61.265029907
0.999961674 0.003062249 -0.008194715 0.940566063 -0.003051731 0.999994457 0.001295753 -1.567737103 0.008198637 -0.001270695 0.999965549 61.809024811
0.999961853 0.003318470 -0.008069339 0.933945358 -0.003307871 0.999993622 0.001326461 -1.574987650 0.008073688 -0.001299718 0.999966562 62.350887299
0.999958575 0.003277310 -0.008490435 0.949231088 -0.003264826 0.999993503 0.001483902 -1.596310616 0.008495242 -0.001456121 0.999962866 62.887996674
0.999959588 0.003346975 -0.008340634 0.947089911 -0.003333419 0.999993086 0.001638707 -1.607905269 0.008346062 -0.001610838 0.999963880 63.433128357
0.999957919 0.003385939 -0.008527483 0.958478391 -0.003374609 0.999993384 0.001342713 -1.626231551 0.008531973 -0.001313879 0.999962747 63.983428955
0.999963105 0.003892516 -0.007650041 0.954282820 -0.003880482 0.999991119 0.001587269 -1.641553164 0.007656152 -0.001557525 0.999969482 64.527793884
0.999957323 0.003350682 -0.008611340 0.969563067 -0.003339435 0.999993563 0.001320275 -1.648658752 0.008615711 -0.001291462 0.999962032 65.066307068
0.999955177 0.002751822 -0.009065358 0.984443665 -0.002742578 0.999995649 0.001032014 -1.662769675 0.009068158 -0.001007105 0.999958396 65.608116150
0.999960244 0.003110456 -0.008358768 0.988486886 -0.003102749 0.999994755 0.000934817 -1.673984766 0.008361631 -0.000908845 0.999964654 66.151428223
0.999959826 0.003329967 -0.008319410 0.983178496 -0.003321306 0.999993920 0.001054684 -1.689994097 0.008322873 -0.001027011 0.999964833 66.696456909
0.999955714 0.003092136 -0.008880409 1.001146317 -0.003079475 0.999994159 0.001438980 -1.707082152 0.008884808 -0.001411569 0.999959528 67.234443665
0.999959767 0.003637946 -0.008197211 0.994023681 -0.003628192 0.999992669 0.001204356 -1.715983510 0.008201531 -0.001174567 0.999965608 67.783035278
0.999959648 0.003673688 -0.008194711 1.007436275 -0.003661172 0.999992013 0.001541808 -1.739318013 0.008200310 -0.001511743 0.999965191 68.315467834
0.999959052 0.003904886 -0.008162627 1.012102127 -0.003896916 0.999991894 0.000992075 -1.748805285 0.008166435 -0.000960226 0.999966204 68.870521545
0.999959052 0.003305879 -0.008429977 1.021292686 -0.003301526 0.999994397 0.000530183 -1.753717899 0.008431682 -0.000502329 0.999964356 69.416481018
0.999962270 0.003580283 -0.007915571 1.020326376 -0.003578454 0.999993503 0.000245093 -1.768097639 0.007916398 -0.000216758 0.999968648 69.948341370
0.999965131 0.003913823 -0.007374106 1.007708311 -0.003905752 0.999991655 0.001108508 -1.781502724 0.007378384 -0.001079668 0.999972224 70.475372314
0.999958456 0.003926414 -0.008229462 1.031653047 -0.003922864 0.999992192 0.000447612 -1.800041914 0.008231157 -0.000415310 0.999965966 71.036064148
0.999954939 0.004074308 -0.008575954 1.043501139 -0.004070950 0.999991596 0.000408901 -1.816805482 0.008577551 -0.000373970 0.999963105 71.586296082
0.999955893 0.004205403 -0.008394573 1.049712896 -0.004193065 0.999990106 0.001486841 -1.843547821 0.008400743 -0.001451577 0.999963641 72.135414124
0.999955833 0.003785342 -0.008596036 1.054523706 -0.003779225 0.999992609 0.000727741 -1.853219986 0.008598726 -0.000695223 0.999962747 72.682518005
0.999961257 0.003923230 -0.007877353 1.052803040 -0.003913169 0.999991477 0.001292186 -1.875771046 0.007882355 -0.001261310 0.999968112 73.226860046
0.999955475 0.004412639 -0.008344030 1.059715748 -0.004401933 0.999989450 0.001300992 -1.887273431 0.008349684 -0.001264205 0.999964297 73.774765015
0.999953747 0.004428807 -0.008534434 1.070726871 -0.004422714 0.999989927 0.000732735 -1.900335550 0.008537592 -0.000694956 0.999963284 74.322578430
0.999955118 0.004026492 -0.008579558 1.079566121 -0.004013027 0.999990642 0.001586046 -1.919882774 0.008585867 -0.001551545 0.999961913 74.857032776
0.999957383 0.003583834 -0.008498330 1.081993580 -0.003574760 0.999993026 0.001082761 -1.932402730 0.008502148 -0.001052335 0.999963284 75.403686523
0.999957621 0.003214855 -0.008619863 1.093051076 -0.003199942 0.999993384 0.001743267 -1.956612706 0.008625408 -0.001715610 0.999961257 75.943763733
0.999958694 0.003270303 -0.008474922 1.095370889 -0.003254597 0.999992967 0.001866304 -1.969499707 0.008480964 -0.001838644 0.999962270 76.496749878
0.999960124 0.003506594 -0.008215796 1.102551937 -0.003495164 0.999992907 0.001405195 -1.983811259 0.008220666 -0.001376424 0.999965191 77.039543152
0.999957323 0.003936579 -0.008359088 1.114142656 -0.003924644 0.999991238 0.001443775 -1.999413490 0.008364701 -0.001410907 0.999963939 77.576713562
0.999956131 0.002883016 -0.008922452 1.116710663 -0.002871840 0.999995053 0.001265024 -2.012483358 0.008926054 -0.001239345 0.999959350 78.105010986
0.999956310 0.003499348 -0.008667188 1.121759295 -0.003488620 0.999993145 0.001252582 -2.025474787 0.008671511 -0.001222291 0.999961674 78.659255981
0.999954760 0.003147370 -0.008976477 1.137409449 -0.003134280 0.999993980 0.001472020 -2.042679548 0.008981057 -0.001443819 0.999958575 79.205047607
0.999955714 0.003104388 -0.008878500 1.140941858 -0.003095732 0.999994695 0.000988507 -2.050916433 0.008881523 -0.000960978 0.999960124 79.757926941
0.999954402 0.002826669 -0.009123301 1.147532225 -0.002816420 0.999995410 0.001135994 -2.069127798 0.009126469 -0.001110247 0.999957740 80.293411255
0.999965668 0.003786188 -0.007366287 1.144678593 -0.003775053 0.999991655 0.001524832 -2.082277536 0.007371999 -0.001496972 0.999971628 80.850341797
0.999973118 0.003698620 -0.006330912 1.154725313 -0.003691572 0.999992669 0.001124359 -2.092936039 0.006335022 -0.001100958 0.999979258 81.393707275
0.999979198 0.004162392 -0.004922167 1.161421657 -0.004155932 0.999990463 0.001322007 -2.106521606 0.004927624 -0.001301523 0.999987006 81.926513672
0.999987006 0.003506906 -0.003736647 1.172078967 -0.003503583 0.999993443 0.000895518 -2.115439653 0.003739763 -0.000882415 0.999992609 82.466621399
0.999992788 0.003742094 -0.000623595 1.186043978 -0.003741683 0.999992728 0.000658071 -2.130657673 0.000626053 -0.000655733 0.999999523 83.012870789
0.999987483 0.003777559 0.003284258 1.196889639 -0.003780911 0.999992311 0.001014971 -2.141326427 -0.003280399 -0.001027376 0.999994099 83.544967651
0.999973834 0.003360079 0.006404132 1.219523668 -0.003363943 0.999994159 0.000592768 -2.155989408 -0.006402103 -0.000614295 0.999979258 84.093849182
0.999932110 0.004047133 0.010929242 1.241455078 -0.004056960 0.999991357 0.000877131 -2.172115088 -0.010925599 -0.000921411 0.999939919 84.642692566
0.999854267 0.003649394 0.016678223 1.269917607 -0.003667259 0.999992728 0.001040748 -2.187646151 -0.016674304 -0.001101760 0.999860346 85.186111450
0.999742508 0.003564316 0.022409229 1.296792507 -0.003585158 0.999993205 0.000890013 -2.204699278 -0.022405904 -0.000970125 0.999748468 85.726173401
0.999598980 0.003208356 0.028133899 1.319591165 -0.003224557 0.999994636 0.000530528 -2.212486982 -0.028132049 -0.000621035 0.999604046 86.276458740
0.999333620 0.003359436 0.036345549 1.354939580 -0.003385032 0.999994040 0.000642713 -2.228174210 -0.036343183 -0.000765315 0.999339104 86.825302124
0.998987079 0.002692025 0.044916086 1.398999691 -0.002718948 0.999996126 0.000538337 -2.243476868 -0.044914473 -0.000659916 0.998990715 87.380638123
0.998663008 0.003734094 0.051556870 1.441242695 -0.003800450 0.999992013 0.001189076 -2.264721870 -0.051552020 -0.001383426 0.998669267 87.918464661
0.998167515 0.002984541 0.060437217 1.497036695 -0.003038198 0.999995053 0.000795953 -2.275571346 -0.060434543 -0.000978115 0.998171687 88.482330322
0.997524559 0.003118802 0.070248477 1.560372353 -0.003193817 0.999994457 0.000955550 -2.291080236 -0.070245102 -0.001177546 0.997529030 89.020271301
0.996816278 0.002972388 0.079676762 1.605455875 -0.003004916 0.999995470 0.000288350 -2.296901703 -0.079675533 -0.000526854 0.996820688 89.580757141
0.996233225 0.002239082 0.086685956 1.681241989 -0.002266922 0.999997377 0.000222723 -2.316122532 -0.086685218 -0.000418394 0.996235669 90.122474670
0.995179117 0.003253480 0.098019399 1.741797447 -0.003300170 0.999994457 0.000314208 -2.329323769 -0.098017827 -0.000636174 0.995184481 90.656379700
0.994089067 0.002899919 0.108529009 1.829957962 -0.003009482 0.999995112 0.000845747 -2.351901531 -0.108526006 -0.001167364 0.994092941 91.202011108
0.993038058 0.002525349 0.117766395 1.912309647 -0.002582190 0.999996662 0.000330081 -2.362678289 -0.117765144 -0.000631878 0.993041277 91.746772766
0.991694272 0.002781845 0.128587410 2.003562927 -0.002905728 0.999995470 0.000775827 -2.377024889 -0.128584668 -0.001143024 0.991697848 92.281028748
0.990063131 0.002102331 0.140607685 2.104927063 -0.002227754 0.999997258 0.000734611 -2.397284031 -0.140605778 -0.001040551 0.990065098 92.824897766
0.988505542 0.001739792 0.151175544 2.205554008 -0.001854625 0.999998093 0.000618602 -2.408494473 -0.151174217 -0.000891866 0.988506734 93.360565186
0.986783981 0.001680412 0.162032351 2.310208321 -0.001772401 0.999998331 0.000423175 -2.416688204 -0.162031338 -0.000704768 0.986785352 93.910888672
0.984576404 0.002094425 0.174943388 2.423637390 -0.002282828 0.999997020 0.000875707 -2.439617395 -0.174941048 -0.001261566 0.984578133 94.454078674
0.982329190 0.002202234 0.187148511 2.544378281 -0.002388527 0.999996841 0.000769939 -2.451483011 -0.187146232 -0.001203343 0.982331276 94.990379333
0.980232120 0.000925097 0.197848752 2.667521477 -0.001127523 0.999998927 0.000910488 -2.465250492 -0.197847664 -0.001115569 0.980232120 95.509140015
0.977410734 0.001129550 0.211346179 2.803283691 -0.001330100 0.999998689 0.000806762 -2.477415800 -0.211345032 -0.001069649 0.977410913 96.052398682
0.974421203 0.000112373 0.224729732 2.954339981 -0.000331113 0.999999464 0.000935656 -2.495633125 -0.224729508 -0.000986134 0.974420607 96.551818848
0.971810520 0.000489885 0.235762671 3.089780807 -0.000668070 0.999999523 0.000675904 -2.507230282 -0.235762224 -0.000814356 0.971810400 97.122093201
0.968992293 -0.000361490 0.247090265 3.259536743 0.000221874 0.999999762 0.000592883 -2.528510094 -0.247090429 -0.000519676 0.968992233 97.638542175
0.965123475 0.000130134 0.261794835 3.413188934 -0.000329458 0.999999642 0.000717486 -2.535245895 -0.261794657 -0.000778713 0.965123236 98.198509216
0.961674929 -0.000500249 0.274192095 3.587381363 0.000359363 0.999999702 0.000564054 -2.553276539 -0.274192333 -0.000443901 0.961674750 98.727210999
0.958424211 -0.000840329 0.285346061 3.768264771 0.000564567 0.999999285 0.001048670 -2.572544575 -0.285346776 -0.000843974 0.958423913 99.251007080
0.954150021 -0.001126430 0.299326658 3.935199738 0.000813780 0.999998927 0.001169163 -2.586507082 -0.299327672 -0.000871971 0.954149961 99.757659912
0.949862242 -0.001155819 0.312666655 4.131193161 0.000897487 0.999999106 0.000970136 -2.601426125 -0.312667549 -0.000640882 0.949862361 100.255805969
0.945822120 -0.001587845 0.324681312 4.323396683 0.001231243 0.999998331 0.001303759 -2.615603447 -0.324682862 -0.000833363 0.945822597 100.779174805
0.941322923 -0.001663954 0.337503195 4.533151627 0.001371609 0.999998510 0.001104655 -2.625207901 -0.337504476 -0.000576915 0.941323757 101.298873901
0.936198711 -0.001311763 0.351468742 4.749897003 0.001187196 0.999999046 0.000569925 -2.639192820 -0.351469159 -0.000116301 0.936199427 101.826217651
0.931530654 -0.002388412 0.363654882 4.972970963 0.001957384 0.999996841 0.001553784 -2.661758423 -0.363657445 -0.000735585 0.931532443 102.318572998
0.926634192 -0.002501077 0.375956059 5.194564819 0.002368705 0.999996781 0.000814313 -2.666071892 -0.375956923 0.000135959 0.926637113 102.836692810
0.921061277 -0.003923089 0.389397979 5.443954468 0.003591860 0.999992311 0.001578682 -2.692648172 -0.389401168 -0.000055400 0.921068251 103.341033936
0.915339231 -0.003817604 0.402665555 5.685527802 0.003739181 0.999992549 0.000980853 -2.701428413 -0.402666271 0.000607826 0.915346682 103.840599060
0.910225451 -0.004104946 0.414092720 5.927890778 0.004164028 0.999991059 0.000759986 -2.714419603 -0.414092094 0.001032536 0.910234511 104.333518982
0.904278457 -0.004764172 0.426916540 6.194042206 0.004869060 0.999987781 0.000845897 -2.731168985 -0.426915288 0.001313755 0.904290617 104.814590454
0.897409081 -0.004906255 0.441172302 6.445869446 0.004680047 0.999987781 0.001600913 -2.760291100 -0.441174746 0.000628033 0.897421062 105.274002075
0.891706526 -0.006114375 0.452572793 6.716087341 0.005911311 0.999980748 0.001862911 -2.765697479 -0.452575505 0.001014128 0.891725540 105.776596069
0.886092901 -0.006217516 0.463466108 6.985607147 0.006383869 0.999978900 0.001209762 -2.769262791 -0.463463783 0.001886745 0.886113882 106.266357422
0.878937960 -0.006646609 0.476889759 7.268474579 0.006355648 0.999977291 0.002223235 -2.798851252 -0.476893753 0.001076858 0.878960252 106.712387085
