1.000000000 0.000000000 0.000000000 0.000000000 0.000000000 1.000000000 0.000000000 0.000000000 0.000000000 0.000000000 1.000000000 0.000000000
1.000000000 0.000068404 0.000006971 0.000209654 -0.000068404 1.000000000 -0.000023477 0.000069188 -0.000006973 0.000023477 1.000000000 0.000168259
1.000000000 0.000036372 0.000037234 0.000011604 -0.000036374 1.000000000 0.000039516 -0.000348080 -0.000037233 -0.000039517 1.000000000 -0.000011357
1.000000000 -0.000037552 0.000016188 0.000479966 0.000037553 1.000000000 -0.000031879 0.000698282 -0.000016186 0.000031880 1.000000000 0.000707949
1.000000000 -0.000123483 0.000008603 0.000094771 0.000123483 1.000000000 0.000049512 -0.000532748 -0.000008609 -0.000049511 1.000000000 -0.000756380
1.000000000 0.000012597 0.000139396 0.000133927 -0.000012588 1.000000000 -0.000061570 0.000831839 -0.000139397 0.000061568 1.000000000 0.000698767
1.000000000 -0.000115596 0.000053007 0.000978593 0.000115597 1.000000000 -0.000011445 0.000418532 -0.000053006 0.000011451 1.000000000 0.000486639
1.000000000 0.000054146 0.000087717 -0.000237355 -0.000054155 1.000000000 0.000103977 -0.000462230 -0.000087711 -0.000103981 1.000000000 -0.000248715
1.000000000 -0.000039386 -0.000045707 -0.000037029 0.000039383 1.000000000 -0.000063008 -0.000300476 0.000045709 0.000063007 1.000000000 -0.001105324
1.000000000 -0.000040489 0.000049749 -0.000559247 0.000040485 1.000000000 0.000087301 -0.001257103 -0.000049752 -0.000087299 1.000000000 -0.001537242
1.000000000 0.000035302 0.000046486 -0.000922683 -0.000035306 1.000000000 0.000095450 -0.000919188 -0.000046482 -0.000095451 1.000000000 -0.000356330
1.000000000 -0.000060052 0.000038980 -0.000574856 0.000060049 1.000000000 0.000088162 -0.001016521 -0.000038986 -0.000088160 1.000000000 -0.001499312
1.000000000 0.000042420 0.000005002 -0.000600696 -0.000042419 1.000000000 -0.000065898 -0.000563793 -0.000005005 0.000065898 1.000000000 -0.000876405
1.000000000 -0.000064452 0.000016817 -0.000326711 0.000064451 1.000000000 0.000029003 -0.000011112 -0.000016818 -0.000029002 1.000000000 -0.000148885
1.000000000 -0.000040613 0.000037945 -0.001714721 0.000040617 1.000000000 -0.000113543 0.000558505 -0.000037941 0.000113545 1.000000000 -0.000274736
1.000000000 0.000160227 0.000007474 -0.000246280 -0.000160226 1.000000000 -0.000099884 0.001196727 -0.000007490 0.000099883 1.000000000 0.001875555
1.000000000 0.000100884 0.000124506 -0.001515940 -0.000100867 1.000000000 -0.000137840 0.002260123 -0.000124520 0.000137828 1.000000000 0.002984432
1.000000000 0.000085583 0.000059249 -0.001669259 -0.000085577 1.000000000 -0.000100054 0.000661923 -0.000059257 0.000100049 1.000000000 -0.000395430
1.000000000 0.000154534 0.000141269 -0.001863875 -0.000154526 1.000000000 -0.000056590 0.001123241 -0.000141278 0.000056568 1.000000000 0.001514148
1.000000000 0.000064947 0.000141834 -0.001375983 -0.000064936 1.000000000 -0.000079745 0.000815404 -0.000141839 0.000079736 1.000000000 0.000979612
1.000000000 0.000029011 0.000103321 -0.001156172 -0.000029011 1.000000000 0.000000199 0.000427657 -0.000103321 -0.000000202 1.000000000 0.000650865
1.000000000 0.000143348 0.000072990 -0.001802203 -0.000143347 1.000000000 -0.000020258 0.001052331 -0.000072993 0.000020248 1.000000000 0.000919197
1.000000000 0.000079216 -0.000005569 0.000101873 -0.000079216 1.000000000 -0.000040745 0.000772474 0.000005566 0.000040745 1.000000000 0.001181659
1.000000000 0.000146519 0.000020895 -0.000153463 -0.000146518 1.000000000 -0.000015271 0.001491661 -0.000020897 0.000015268 1.000000000 0.001088700
0.999999940 0.000357646 0.000022921 -0.000889461 -0.000357646 0.999999940 0.000007033 0.001558074 -0.000022918 -0.000007041 1.000000000 0.002668029
0.999999940 0.000263086 0.000060552 -0.000844769 -0.000263083 0.999999940 -0.000058574 0.001787072 -0.000060568 0.000058558 1.000000000 0.001159366
1.000000000 0.000109358 0.000073754 -0.000189114 -0.000109354 1.000000000 -0.000050458 0.002182780 -0.000073759 0.000050450 1.000000000 0.002723812
1.000000000 0.000160368 0.000166535 -0.001592966 -0.000160374 1.000000000 0.000034345 0.000948687 -0.000166530 -0.000034372 1.000000000 0.001473983
1.000000000 0.000158037 0.000047995 -0.000105408 -0.000158033 1.000000000 -0.000079791 0.001976135 -0.000048008 0.000079783 1.000000000 0.001408081
1.000000000 0.000201850 0.000134906 -0.000979125 -0.000201834 1.000000000 -0.000116260 0.002677554 -0.000134929 0.000116233 1.000000000 0.002603877
1.000000000 0.000147518 0.000178276 -0.001069917 -0.000147512 1.000000000 -0.000033765 0.001584449 -0.000178281 0.000033739 1.000000000 0.002036834
1.000000000 0.000106842 0.000153038 -0.000978354 -0.000106834 1.000000000 -0.000054476 0.002148462 -0.000153044 0.000054459 1.000000000 0.002554406
1.000000000 0.000177929 0.000057171 -0.000504841 -0.000177920 0.999999940 -0.000167301 0.002522267 -0.000057200 0.000167291 1.000000000 0.002095019
0.999999940 0.000180887 0.000195865 -0.001729594 -0.000180873 1.000000000 -0.000069651 0.001689363 -0.000195877 0.000069615 1.000000000 0.001239450
0.999999940 0.000300184 0.000196452 -0.001904271 -0.000300156 0.999999940 -0.000139473 0.001725616 -0.000196494 0.000139414 1.000000000 0.000850962
0.999999940 0.000249775 0.000185583 -0.001443967 -0.000249748 0.999999940 -0.000146437 0.002005034 -0.000185619 0.000146391 1.000000000 0.002336856
1.000000000 0.000175536 0.000090167 0.000132884 -0.000175535 1.000000000 -0.000014283 0.001593611 -0.000090169 0.000014267 1.000000000 0.001051190
0.999999940 0.000278642 0.000157372 -0.001628616 -0.000278630 0.999999940 -0.000077958 0.002416387 -0.000157394 0.000077914 1.000000000 0.002209107
0.999999940 0.000271601 0.000154496 -0.001199906 -0.000271599 0.999999940 -0.000010014 0.001146754 -0.000154499 0.000009972 1.000000000 0.001779088
0.999999940 0.000217021 0.000111864 -0.000940005 -0.000217013 1.000000000 -0.000075783 0.002691095 -0.000111881 0.000075758 1.000000000 0.002289850
1.000000000 0.000101476 0.000071500 0.000181024 -0.000101469 1.000000000 -0.000103165 0.001276220 -0.000071511 0.000103157 1.000000000 0.003425621
0.999999881 0.000415167 0.000134674 0.001699208 -0.000415092 0.999999762 -0.000554655 -0.001433456 -0.000134904 0.000554599 0.999999821 0.049339313
0.999999940 0.000394659 0.000091067 0.001454813 -0.000394554 0.999999285 -0.001155009 -0.003255868 -0.000091523 0.001154973 0.999999344 0.136359081
0.999997258 0.002260640 0.000501110 -0.004918363 -0.002259922 0.999996424 -0.001428786 -0.004953645 -0.000504338 0.001427650 0.999998808 0.253116906
0.999996960 0.002398740 0.000566826 -0.002219975 -0.002397961 0.999996185 -0.001371583 -0.007784130 -0.000570114 0.001370220 0.999998927 0.384515017
0.999997258 0.002328847 0.000531392 0.001076899 -0.002328147 0.999996543 -0.001313272 -0.010753933 -0.000534449 0.001312031 0.999998987 0.527234197
0.999998271 0.001757360 0.000545424 0.005347960 -0.001756682 0.999997675 -0.001240493 -0.015378357 -0.000547602 0.001239532 0.999998987 0.679665804
0.999997795 0.002012309 0.000476993 0.009850346 -0.002011908 0.999997616 -0.000838967 -0.020533228 -0.000478680 0.000838005 0.999999523 0.839970112
0.999997735 0.002004350 0.000618210 0.013924206 -0.002003777 0.999997675 -0.000925566 -0.022176828 -0.000620064 0.000924325 0.999999404 1.013062000
0.999997914 0.001916304 0.000633494 0.016052529 -0.001915545 0.999997437 -0.001196807 -0.023029193 -0.000635786 0.001195591 0.999999166 1.193356752
0.999998212 0.001805815 0.000640397 0.022616852 -0.001805444 0.999998152 -0.000579975 -0.033732720 -0.000641444 0.000578818 0.999999642 1.376359105
0.999997437 0.002143302 0.000694081 0.022007585 -0.002143071 0.999997675 -0.000333635 -0.040135354 -0.000694795 0.000332147 0.999999702 1.570958972
0.999997199 0.002114123 0.001048443 0.024678612 -0.002113920 0.999997795 -0.000194417 -0.046580598 -0.001048852 0.000192201 0.999999523 1.764973521
0.999997258 0.002080298 0.001011365 0.027529083 -0.002080392 0.999997795 0.000091713 -0.056022279 -0.001011172 -0.000093817 0.999999464 1.963197470
0.999997914 0.001876247 0.000783048 0.035087034 -0.001876141 0.999998212 -0.000135895 -0.060193706 -0.000783302 0.000134426 0.999999702 2.184820890
0.999997437 0.002031383 0.001023971 0.038677745 -0.002031245 0.999997914 -0.000135607 -0.063595824 -0.001024244 0.000133527 0.999999523 2.406013489
0.999997497 0.002065448 0.000806069 0.044742707 -0.002065439 0.999997795 -0.000011758 -0.070664927 -0.000806092 0.000010093 0.999999702 2.632923126
0.999996960 0.002275738 0.000977643 0.052847825 -0.002275995 0.999997377 0.000261544 -0.079815239 -0.000977045 -0.000263768 0.999999464 2.864180803
0.999997020 0.002224391 0.000993857 0.055064280 -0.002224710 0.999997497 0.000320322 -0.086651117 -0.000993142 -0.000322532 0.999999404 3.100437641
0.999995947 0.002611273 0.001122061 0.058054272 -0.002611424 0.999996603 0.000132840 -0.090405807 -0.001121710 -0.000135769 0.999999344 3.350598812
0.999995887 0.002550924 0.001361029 0.059874237 -0.002551510 0.999996662 0.000428754 -0.099250004 -0.001359930 -0.000432225 0.999998987 3.602289200
0.999995947 0.002553006 0.001258052 0.068017505 -0.002553438 0.999996722 0.000341729 -0.104362756 -0.001257176 -0.000344940 0.999999166 3.869796753
0.999995172 0.002726330 0.001502699 0.068624713 -0.002726511 0.999996245 0.000117981 -0.109993242 -0.001502372 -0.000122077 0.999998868 4.131656647
0.999994278 0.003013532 0.001560881 0.074004009 -0.003012999 0.999995410 -0.000344159 -0.111298531 -0.001561911 0.000339454 0.999998689 4.391933441
0.999994814 0.002824166 0.001553040 0.079946883 -0.002824001 0.999996006 -0.000108410 -0.120830923 -0.001553340 0.000104024 0.999998808 4.651837349
0.999994874 0.002839869 0.001488814 0.089589253 -0.002840290 0.999995947 0.000280525 -0.133149847 -0.001488011 -0.000284752 0.999998868 4.906065941
0.999993920 0.003028536 0.001726516 0.094300732 -0.003028748 0.999995470 0.000120491 -0.139331877 -0.001726144 -0.000125719 0.999998510 5.167456627
0.999994636 0.002672905 0.001850703 0.096888125 -0.002673745 0.999996245 0.000451192 -0.149744004 -0.001849490 -0.000456138 0.999998212 5.430673122
0.999994457 0.002709063 0.001913813 0.102353141 -0.002709834 0.999996245 0.000400433 -0.158215985 -0.001912721 -0.000405618 0.999998093 5.699107647
0.999996722 0.002059125 0.001506864 0.106567219 -0.002059327 0.999997854 0.000132145 -0.164462879 -0.001506588 -0.000135248 0.999998868 5.966445446
0.999992728 0.002924215 0.002450563 0.108918525 -0.002924789 0.999995649 0.000230572 -0.173585415 -0.002449878 -0.000237738 0.999996960 6.250859261
0.999993503 0.002912786 0.002104450 0.118460432 -0.002913726 0.999995649 0.000443798 -0.178932682 -0.002103148 -0.000449927 0.999997616 6.547821045
0.999992907 0.003231706 0.001930361 0.124494046 -0.003232498 0.999994636 0.000407403 -0.185941339 -0.001929034 -0.000413640 0.999997973 6.842298985
0.999991596 0.003462117 0.002199678 0.127299041 -0.003462709 0.999993980 0.000265482 -0.195645601 -0.002198746 -0.000273097 0.999997556 7.146294594
0.999991775 0.003468342 0.002109040 0.135942385 -0.003468895 0.999993980 0.000258446 -0.200026602 -0.002108131 -0.000265760 0.999997735 7.450823784
0.999992430 0.003143190 0.002299998 0.138581246 -0.003144751 0.999994814 0.000675079 -0.224302471 -0.002297864 -0.000682307 0.999997139 7.752283573
0.999990523 0.003573110 0.002480168 0.145530373 -0.003574520 0.999993443 0.000564191 -0.229594931 -0.002478136 -0.000573051 0.999996722 8.077669144
0.999989510 0.003713448 0.002692258 0.150669977 -0.003714864 0.999992967 0.000521302 -0.237846255 -0.002690303 -0.000531298 0.999996245 8.393316269
0.999991000 0.003437336 0.002471260 0.163225085 -0.003439137 0.999993742 0.000724832 -0.250368029 -0.002468753 -0.000733324 0.999996722 8.714665413
0.999990106 0.003376244 0.002902043 0.156127542 -0.003377544 0.999994218 0.000443147 -0.254695028 -0.002900530 -0.000452944 0.999995649 9.075322151
0.999989808 0.003673035 0.002643932 0.164306358 -0.003674692 0.999993145 0.000622287 -0.268638283 -0.002641628 -0.000631996 0.999996305 9.417231560
0.999985099 0.004459552 0.003141002 0.166499197 -0.004462702 0.999989510 0.000996356 -0.285441220 -0.003136526 -0.001010359 0.999994576 9.762086868
0.999987543 0.004034440 0.002940951 0.176910266 -0.004037602 0.999991298 0.001070161 -0.292593420 -0.002936608 -0.001082022 0.999995112 10.115389824
0.999987185 0.004118247 0.002945680 0.183733881 -0.004121286 0.999990940 0.001026200 -0.305036813 -0.002941427 -0.001038327 0.999995112 10.475646973
0.999985516 0.004376005 0.003118654 0.191326529 -0.004378728 0.999989986 0.000866666 -0.314799696 -0.003114830 -0.000880310 0.999994695 10.839843750
0.999987304 0.004106481 0.002895995 0.201185524 -0.004110328 0.999990642 0.001323578 -0.326321870 -0.002890532 -0.001335465 0.999994934 11.209280968
0.999986649 0.004171508 0.003026062 0.213158756 -0.004176224 0.999990046 0.001553785 -0.334371239 -0.003019550 -0.001566402 0.999994278 11.597726822
0.999986291 0.004295747 0.002976227 0.218619421 -0.004299091 0.999990106 0.001117980 -0.339980185 -0.002971394 -0.001130759 0.999994993 11.979776382
0.999985993 0.004079985 0.003365746 0.221820816 -0.004086031 0.999990046 0.001791502 -0.368883878 -0.003358403 -0.001805229 0.999992728 12.379038811
0.999989390 0.003345956 0.003136178 0.238542899 -0.003352968 0.999991894 0.002233509 -0.383327127 -0.003128679 -0.002244000 0.999992669 12.765384674
0.999983609 0.004326197 0.003728005 0.236218438 -0.004334264 0.999988198 0.002158480 -0.393065244 -0.003718623 -0.002174603 0.999990702 13.168683052
0.999981225 0.004809161 0.003795083 0.250875324 -0.004817496 0.999985933 0.002190188 -0.406574547 -0.003784497 -0.002208430 0.999990404 13.574834824
0.999985099 0.003901250 0.003795866 0.259916395 -0.003909536 0.999989986 0.002177816 -0.416049391 -0.003787332 -0.002192624 0.999990344 13.985301018
0.999983668 0.004296456 0.003737944 0.269658893 -0.004306040 0.999987423 0.002559639 -0.427269787 -0.003726900 -0.002575693 0.999989688 14.405007362
0.999979198 0.004393372 0.004703615 0.276945770 -0.004403659 0.999987900 0.002179009 -0.440068364 -0.004693985 -0.002199678 0.999986529 14.832026482
0.999983132 0.003908772 0.004284999 0.287024736 -0.003918193 0.999989927 0.002192532 -0.449367493 -0.004276386 -0.002209284 0.999988437 15.270551682
0.999978781 0.004468906 0.004742204 0.301375210 -0.004476695 0.999988616 0.001633004 -0.459112197 -0.004734852 -0.001654199 0.999987423 15.696118355
0.999974072 0.004276728 0.005783169 0.305364341 -0.004291119 0.999987721 0.002478423 -0.479927987 -0.005772498 -0.002503176 0.999980211 16.150770187
0.999971390 0.004807369 0.005839818 0.318244964 -0.004820518 0.999985814 0.002239549 -0.489209056 -0.005828969 -0.002267636 0.999980450 16.598621368
0.999974728 0.004372156 0.005617802 0.333015203 -0.004384767 0.999987841 0.002234576 -0.504386663 -0.005607964 -0.002259152 0.999981701 17.040225983
0.999970317 0.004772399 0.006052537 0.344622970 -0.004784497 0.999986529 0.001985839 -0.511589944 -0.006042979 -0.002014739 0.999979734 17.491163254
0.999965668 0.004615014 0.006881421 0.344768375 -0.004632452 0.999986231 0.002520306 -0.533381522 -0.006869694 -0.002552097 0.999973059 17.978839874
0.999965906 0.004101606 0.007169934 0.357620001 -0.004118782 0.999988735 0.002382395 -0.544596136 -0.007160082 -0.002411845 0.999971449 18.450922012
0.999969900 0.003892204 0.006709465 0.380356789 -0.003905097 0.999990582 0.001909516 -0.549515545 -0.006701970 -0.001935660 0.999975681 18.922271729
0.999957442 0.004814039 0.007867998 0.372881144 -0.004831151 0.999985993 0.002157409 -0.564269722 -0.007857502 -0.002195329 0.999966681 19.402013779
0.999955118 0.005162330 0.007947024 0.397329360 -0.005180057 0.999984145 0.002211677 -0.585739553 -0.007935480 -0.002252743 0.999965966 19.906509399
0.999956131 0.004660967 0.008123676 0.409045100 -0.004684692 0.999984860 0.002903989 -0.602217317 -0.008110017 -0.002941919 0.999962807 20.390787125
0.999958396 0.004570299 0.007901851 0.429944605 -0.004592404 0.999985635 0.002781637 -0.611103594 -0.007889024 -0.002817809 0.999964952 20.891828537
0.999956906 0.004913565 0.007868341 0.434032381 -0.004937558 0.999983191 0.003032957 -0.631128430 -0.007853306 -0.003071677 0.999964416 21.380758286
0.999962091 0.005099486 0.007056534 0.447257817 -0.005120394 0.999982595 0.002948179 -0.639496148 -0.007041378 -0.002984200 0.999970675 21.891256332
0.999961495 0.005294750 0.006988401 0.456274033 -0.005317429 0.999980569 0.003230635 -0.653952122 -0.006971160 -0.003267671 0.999970376 22.404211044
0.999964952 0.004753571 0.006888179 0.467438757 -0.004771603 0.999985218 0.002603858 -0.669457912 -0.006875700 -0.002636634 0.999972880 22.920579910
0.999965966 0.005200629 0.006401287 0.479956895 -0.005220122 0.999981761 0.003032264 -0.687439442 -0.006385402 -0.003065576 0.999974906 23.440187454
0.999960899 0.006101090 0.006385199 0.473903656 -0.006119397 0.999977231 0.002851578 -0.700712681 -0.006367656 -0.002890541 0.999975502 23.967441559
0.999975324 0.004595086 0.005294792 0.498011470 -0.004611498 0.999984562 0.003091687 -0.716425121 -0.005280504 -0.003116028 0.999981225 24.489904404
0.999971688 0.004994036 0.005631564 0.497069955 -0.005006224 0.999985158 0.002152321 -0.730666995 -0.005620732 -0.002180453 0.999981821 25.002107620
0.999966860 0.006066553 0.005424668 0.507316947 -0.006076790 0.999979794 0.001872699 -0.732509375 -0.005413198 -0.001905602 0.999983549 25.557388306
0.999972999 0.005572430 0.004792767 0.514278412 -0.005583407 0.999981821 0.002280168 -0.760426104 -0.004779974 -0.002306866 0.999985933 26.081975937
0.999972045 0.005910512 0.004570953 0.527510047 -0.005921304 0.999979675 0.002351196 -0.775004566 -0.004556964 -0.002378196 0.999986827 26.639467239
0.999975622 0.005550691 0.004236527 0.537022650 -0.005562268 0.999980807 0.002725765 -0.791073203 -0.004221316 -0.002749263 0.999987304 27.191377640
0.999980390 0.005275431 0.003383067 0.559460342 -0.005285837 0.999981284 0.003074527 -0.807879090 -0.003366784 -0.003092350 0.999989569 27.751924515
0.999973834 0.006135984 0.003811565 0.556961179 -0.006146725 0.999977171 0.002812975 -0.828287482 -0.003794217 -0.002836329 0.999988794 28.304622650
0.999972820 0.006358741 0.003715262 0.569131196 -0.006368119 0.999976635 0.002517785 -0.835169196 -0.003699165 -0.002541376 0.999989927 28.859191895
0.999973297 0.006412069 0.003508100 0.578779697 -0.006423712 0.999973774 0.003318023 -0.855715573 -0.003486733 -0.003340469 0.999988317 29.388168335
0.999971151 0.006901030 0.003164642 0.590043008 -0.006911067 0.999971032 0.003171617 -0.865954161 -0.003142663 -0.003193396 0.999989927 29.944492340
0.999971688 0.006828492 0.003158819 0.597719193 -0.006837781 0.999972224 0.002939488 -0.880596340 -0.003138659 -0.002961004 0.999990642 30.486106873
0.999968231 0.007141024 0.003536851 0.605400443 -0.007151739 0.999969840 0.003026123 -0.894013405 -0.003515135 -0.003051322 0.999989152 31.039672852
0.999971867 0.006819399 0.003105141 0.610418618 -0.006829034 0.999971867 0.003102987 -0.915031791 -0.003083893 -0.003124105 0.999990344 31.579820633
0.999966681 0.007529127 0.003159011 0.616074145 -0.007538798 0.999966979 0.003060872 -0.927673221 -0.003135861 -0.003084585 0.999990284 32.135898590
0.999966800 0.007462408 0.003269000 0.630025446 -0.007472297 0.999967515 0.003023324 -0.944215119 -0.003246333 -0.003047651 0.999990106 32.670883179
0.999974608 0.006647725 0.002568404 0.643867970 -0.006656601 0.999971807 0.003463094 -0.962804079 -0.002545311 -0.003480104 0.999990702 33.212940216
0.999976337 0.006384909 0.002554933 0.654494166 -0.006394904 0.999971867 0.003923436 -0.985503435 -0.002529810 -0.003939682 0.999989033 33.744403839
0.999972761 0.006925125 0.002554797 0.658230901 -0.006934028 0.999969840 0.003492488 -0.987155020 -0.002530534 -0.003510108 0.999990642 34.299621582
0.999975622 0.006623992 0.002204939 0.674628019 -0.006630725 0.999973297 0.003060458 -0.995796204 -0.002184607 -0.003075005 0.999992907 34.837718964
0.999980271 0.006057305 0.001658819 0.690869510 -0.006062909 0.999975801 0.003395745 -1.024961233 -0.001638210 -0.003405735 0.999992907 35.344787598
0.999973059 0.006978734 0.002240735 0.690740883 -0.006986270 0.999969900 0.003372869 -1.028762460 -0.002217129 -0.003388434 0.999991775 35.895904541
0.999971330 0.007277671 0.002053295 0.707299232 -0.007283873 0.999968886 0.003029441 -1.038262844 -0.002031184 -0.003044310 0.999993324 36.446929932
0.999972880 0.007171077 0.001674923 0.721430182 -0.007175938 0.999970019 0.002914325 -1.052185297 -0.001653973 -0.002926266 0.999994278 37.014759064
0.999977291 0.006527756 0.001622601 0.731296599 -0.006533183 0.999972999 0.003362236 -1.071062326 -0.001600609 -0.003372760 0.999993026 37.553245544
0.999973238 0.007183607 0.001364552 0.746684253 -0.007187837 0.999969244 0.003119654 -1.088080406 -0.001342100 -0.003129378 0.999994218 38.093639374
0.999971986 0.007420711 0.000921384 0.753701746 -0.007423662 0.999967217 0.003241283 -1.098521590 -0.000897301 -0.003248032 0.999994338 38.654457092
0.999974549 0.006968908 0.001545111 0.762451291 -0.006973204 0.999971807 0.002792261 -1.106634140 -0.001525608 -0.002802965 0.999994934 39.159042358
0.999971807 0.007341995 0.001573034 0.771897316 -0.007345686 0.999970257 0.002353132 -1.113297462 -0.001555710 -0.002364621 0.999996066 39.710227966
0.999975860 0.006839092 0.001274663 0.793463171 -0.006841971 0.999974012 0.002267099 -1.130872607 -0.001259125 -0.002275764 0.999996662 40.283515930
0.999980032 0.006186292 0.001296463 0.797465622 -0.006190082 0.999976516 0.002940147 -1.151179314 -0.001278244 -0.002948114 0.999994814 40.792743683
0.999979317 0.006345837 0.000997879 0.810661674 -0.006348611 0.999975920 0.002802589 -1.163891792 -0.000980070 -0.002808867 0.999995530 41.346004486
0.999978125 0.006532770 0.000975855 0.820042908 -0.006535582 0.999974430 0.002906096 -1.177726269 -0.000956845 -0.002912409 0.999995351 41.895252228
0.999978125 0.006441748 0.001509028 0.832613826 -0.006445676 0.999975801 0.002612905 -1.189139009 -0.001492160 -0.002622575 0.999995410 42.401725769
0.999978840 0.006375788 0.001288489 0.848131299 -0.006378957 0.999976516 0.002470815 -1.200722575 -0.001272706 -0.002478982 0.999996126 42.954128265
0.999973536 0.007106236 0.001534382 0.857274413 -0.007110450 0.999970913 0.002758984 -1.217731595 -0.001514732 -0.002769821 0.999995053 43.491142273
0.999975741 0.006839642 0.001323585 0.859941781 -0.006842748 0.999973774 0.002356538 -1.225296497 -0.001307433 -0.002365539 0.999996305 44.016918182
0.999978364 0.006352899 0.001723454 0.868882239 -0.006357803 0.999975681 0.002855548 -1.242099047 -0.001705271 -0.002866444 0.999994397 44.554756165
0.999978423 0.006455133 0.001241077 0.877405703 -0.006458457 0.999975443 0.002692195 -1.250930548 -0.001223668 -0.002700153 0.999995530 45.091579437
0.999974847 0.006996579 0.001147859 0.887379229 -0.006998668 0.999973774 0.001826237 -1.259459496 -0.001135051 -0.001834225 0.999997616 45.648330688
0.999974191 0.006933028 0.001897203 0.895668685 -0.006937827 0.999972701 0.002535471 -1.280475616 -0.001879573 -0.002548568 0.999994993 46.170944214
0.999975264 0.006716810 0.002086515 0.906021297 -0.006722937 0.999973118 0.002943679 -1.297260165 -0.002066687 -0.002957634 0.999993503 46.717277527
0.999972165 0.007303072 0.001557496 0.916093111 -0.007306980 0.999970078 0.002518200 -1.308625460 -0.001539058 -0.002529510 0.999995708 47.254577637
0.999978125 0.006364102 0.001769916 0.916964352 -0.006368791 0.999976218 0.002655960 -1.318152189 -0.001752970 -0.002667174 0.999994934 47.783065796
0.999975502 0.006881007 0.001309782 0.927881956 -0.006884739 0.999972284 0.002866294 -1.331574440 -0.001290022 -0.002875241 0.999995053 48.323787689
0.999976218 0.006542296 0.002181947 0.936583400 -0.006547713 0.999975622 0.002485624 -1.344395638 -0.002165631 -0.002499851 0.999994457 48.854679108
0.999983072 0.005639887 0.001417615 0.955571651 -0.005643273 0.999981284 0.002396640 -1.357603431 -0.001404071 -0.002404599 0.999996066 49.407970428
0.999976754 0.006489495 0.002081970 0.962488472 -0.006495281 0.999975026 0.002784252 -1.374992847 -0.002063850 -0.002797710 0.999993920 49.930564880
0.999977589 0.006435818 0.001844351 0.971837878 -0.006441012 0.999975264 0.002824021 -1.387807488 -0.001826132 -0.002835837 0.999994278 50.457000732
0.999978364 0.006362022 0.001671433 0.991264224 -0.006366140 0.999976695 0.002470200 -1.408461332 -0.001655679 -0.002480787 0.999995530 50.973770142
0.999978125 0.006303763 0.002008308 0.993549228 -0.006309118 0.999976456 0.002671539 -1.414915681 -0.001991421 -0.002684152 0.999994338 51.526725769
0.999981940 0.005834747 0.001463575 1.009019613 -0.005838118 0.999980271 0.002310207 -1.423777461 -0.001450068 -0.002318710 0.999996245 52.063392639
0.999974430 0.006680293 0.002556650 1.011314392 -0.006686163 0.999975026 0.002294344 -1.436566353 -0.002541261 -0.002311380 0.999994099 52.587230682
0.999975860 0.006499317 0.002452238 1.021784544 -0.006505239 0.999975920 0.002414805 -1.448079109 -0.002436485 -0.002430700 0.999994040 53.123226166
0.999971569 0.007096742 0.002551991 1.034323215 -0.007102814 0.999971926 0.002378077 -1.465252280 -0.002535043 -0.002396135 0.999993920 53.677780151
0.999973416 0.006703466 0.002866994 1.037419319 -0.006709434 0.999975324 0.002076887 -1.481260061 -0.002853002 -0.002096067 0.999993742 54.184360504
0.999971092 0.006990702 0.002987651 1.046402812 -0.006996990 0.999973297 0.002099693 -1.493703961 -0.002972893 -0.002120537 0.999993324 54.708663940
0.999966204 0.007539839 0.003292928 1.060046196 -0.007545249 0.999970198 0.001633371 -1.505993128 -0.003280515 -0.001658161 0.999993265 55.252227783
0.999975801 0.006389950 0.002796893 1.078171611 -0.006395093 0.999977887 0.001833844 -1.517903328 -0.002785114 -0.001851686 0.999994397 55.787925720
0.999972761 0.006753960 0.002994945 1.086148620 -0.006759243 0.999975622 0.001757242 -1.528729200 -0.002983005 -0.001777438 0.999993980 56.337127686
0.999976456 0.006266495 0.002780731 1.098107100 -0.006271943 0.999978423 0.001954839 -1.547266841 -0.002768420 -0.001972234 0.999994159 56.871643066
0.999972820 0.006833587 0.002744594 1.108333111 -0.006839080 0.999974668 0.001997147 -1.560000300 -0.002730876 -0.002015863 0.999994218 57.409141541
0.999976695 0.006194720 0.002867233 1.118877530 -0.006200396 0.999978840 0.001975184 -1.575386167 -0.002854937 -0.001992916 0.999993861 57.933448792
0.999974310 0.006386882 0.003257054 1.135287046 -0.006392611 0.999978006 0.001751562 -1.586060882 -0.003245795 -0.001772338 0.999993145 58.470130920
0.999975920 0.006298942 0.002907269 1.141820550 -0.006303698 0.999978840 0.001629664 -1.594455004 -0.002896942 -0.001647952 0.999994457 59.020450592
0.999972045 0.006713129 0.003293013 1.156033516 -0.006718494 0.999976099 0.001620689 -1.611613870 -0.003282055 -0.001642768 0.999993265 59.521938324
0.999969363 0.007184437 0.003101348 1.171882987 -0.007188475 0.999973357 0.001293067 -1.622437596 -0.003091975 -0.001315322 0.999994338 60.073253632
0.999971449 0.006529632 0.003803572 1.177013278 -0.006537423 0.999976575 0.002039665 -1.637485266 -0.003790164 -0.002064472 0.999990702 60.626995087
0.999970973 0.006888639 0.003236559 1.185854316 -0.006893765 0.999974966 0.001574855 -1.651969910 -0.003225629 -0.001597121 0.999993503 61.095191956
0.999967813 0.007348068 0.003226119 1.203448772 -0.007353211 0.999971807 0.001585083 -1.665050387 -0.003214380 -0.001608754 0.999993503 61.646671295
0.999971926 0.006598777 0.003553351 1.206488729 -0.006603582 0.999977410 0.001342307 -1.677754283 -0.003544413 -0.001365734 0.999992788 62.157463074
0.999971151 0.006707713 0.003583053 1.222331643 -0.006715181 0.999975324 0.002076686 -1.694033265 -0.003569034 -0.002100686 0.999991477 62.697544098
0.999968290 0.007060327 0.003689608 1.234972358 -0.007065526 0.999974012 0.001397570 -1.705163836 -0.003679645 -0.001423594 0.999992132 63.223400116
0.999966204 0.007427705 0.003518064 1.247636437 -0.007433868 0.999970794 0.001741385 -1.727697134 -0.003505027 -0.001767478 0.999992251 63.778759003
0.999972641 0.006552009 0.003427574 1.262496948 -0.006556602 0.999977648 0.001329637 -1.735440016 -0.003418786 -0.001352073 0.999993265 64.279869080
0.999974310 0.006477525 0.003038108 1.277651429 -0.006481747 0.999978065 0.001381924 -1.748006105 -0.003029090 -0.001401581 0.999994397 64.833641052
0.999972582 0.006311866 0.003865045 1.279220939 -0.006316201 0.999979377 0.001110577 -1.759867072 -0.003857955 -0.001134959 0.999991894 65.345375061
0.999973297 0.006278415 0.003734443 1.294133186 -0.006281149 0.999979973 0.000720713 -1.771282196 -0.003729844 -0.000744151 0.999992728 65.898880005
0.999974310 0.006127919 0.003715526 1.307845592 -0.006131204 0.999980807 0.000873391 -1.786666036 -0.003710104 -0.000896149 0.999992669 66.421028137
0.999963343 0.007206406 0.004605887 1.308460951 -0.007207523 0.999973953 0.000225767 -1.801521659 -0.004604141 -0.000258956 0.999989390 66.963661194
0.999973297 0.006279705 0.003735676 1.332107306 -0.006282276 0.999979973 0.000676898 -1.815027356 -0.003731352 -0.000700349 0.999992728 67.482383728
0.999969721 0.006609944 0.004102885 1.342849851 -0.006611472 0.999978065 0.000358957 -1.827555537 -0.004100422 -0.000386073 0.999991536 68.026809692
0.999970734 0.006373958 0.004233394 1.353496552 -0.006375630 0.999979615 0.000381744 -1.844222546 -0.004230874 -0.000408723 0.999990940 68.557159424
0.999964535 0.007031150 0.004632930 1.359238744 -0.007033688 0.999975145 0.000532073 -1.856853485 -0.004629074 -0.000564641 0.999989092 69.104690552
0.999972105 0.006360354 0.003922276 1.381884456 -0.006363044 0.999979556 0.000673552 -1.874936223 -0.003917912 -0.000698491 0.999992073 69.589164734
0.999969184 0.006637255 0.004194522 1.390875101 -0.006638555 0.999977946 0.000296049 -1.887427449 -0.004192465 -0.000323886 0.999991179 70.144851685
0.999976635 0.005651340 0.003853666 1.407091737 -0.005652538 0.999983966 0.000300194 -1.900979996 -0.003851908 -0.000321970 0.999992549 70.673881531
0.999977410 0.005472566 0.003920661 1.421518803 -0.005472667 0.999985039 0.000015364 -1.911155939 -0.003920518 -0.000036820 0.999992371 71.224922180
0.999975502 0.005633104 0.004153469 1.429239392 -0.005635302 0.999983966 0.000517719 -1.930264592 -0.004150487 -0.000541112 0.999991179 71.746673584
0.999977052 0.005631051 0.003747960 1.443982005 -0.005631636 0.999984026 0.000145112 -1.942215562 -0.003747084 -0.000166216 0.999992967 72.294357300
0.999978304 0.005324620 0.003878752 1.458422184 -0.005325473 0.999985814 0.000209620 -1.958055973 -0.003877581 -0.000230272 0.999992430 72.821922302
0.999979317 0.005285267 0.003658298 1.470914364 -0.005286448 0.999985933 0.000313148 -1.973436594 -0.003656592 -0.000332481 0.999993265 73.354934692
0.999976933 0.005694836 0.003709591 1.482235551 -0.005694754 0.999983788 -0.000032503 -1.987461209 -0.003709717 0.000011377 0.999993145 73.914123535
0.999979496 0.005228760 0.003732979 1.502146959 -0.005230916 0.999986112 0.000567999 -2.001738071 -0.003729958 -0.000587514 0.999992788 74.434951782
0.999980509 0.005035063 0.003691600 1.513534307 -0.005033387 0.999987185 -0.000463097 -2.006220341 -0.003693885 0.000444507 0.999992967 74.989723206
0.999975860 0.005696196 0.003964459 1.532767773 -0.005697655 0.999983728 0.000356895 -2.032928228 -0.003962361 -0.000379474 0.999992073 75.517486572
0.999962747 0.007318564 0.004569307 1.536396146 -0.007319030 0.999973297 0.000085305 -2.043343544 -0.004568561 -0.000118745 0.999989510 76.060432434
0.999976158 0.005761041 0.003787827 1.557199359 -0.005760662 0.999983430 -0.000111137 -2.060576916 -0.003788403 0.000089314 0.999992847 76.603569031
0.999970138 0.006620763 0.003978169 1.568236351 -0.006619860 0.999978125 -0.000239985 -2.073648691 -0.003979670 0.000213643 0.999992132 77.141090393
0.999979734 0.005333305 0.003469126 1.584752917 -0.005332875 0.999985754 -0.000133282 -2.087835312 -0.003469788 0.000114779 0.999993980 77.666717529
0.999981463 0.004945789 0.003554733 1.601483583 -0.004944486 0.999987721 -0.000375361 -2.104085684 -0.003556546 0.000357778 0.999993563 78.197578430
0.999980748 0.005208704 0.003374894 1.614998817 -0.005206090 0.999986172 -0.000782693 -2.114709854 -0.003378924 0.000765108 0.999993980 78.746620178
0.999978304 0.005455785 0.003691334 1.623959064 -0.005455460 0.999985039 -0.000098130 -2.137403250 -0.003691814 0.000077990 0.999993205 79.244201660
0.999977171 0.005713542 0.003600773 1.637818336 -0.005712930 0.999983668 -0.000180024 -2.150905371 -0.003601742 0.000159449 0.999993503 79.790054321
0.999974668 0.005439516 0.004611552 1.656462193 -0.005438881 0.999985218 -0.000150289 -2.166924238 -0.004612302 0.000125204 0.999989271 80.314979553
0.999963999 0.005727368 0.006270343 1.665207744 -0.005726526 0.999983609 -0.000152360 -2.184154510 -0.006271113 0.000116447 0.999980271 80.857330322
0.999963343 0.005012947 0.006932753 1.695456743 -0.005010237 0.999987364 -0.000408230 -2.195054531 -0.006934711 0.000373480 0.999975801 81.382949829
0.999950230 0.005411491 0.008383104 1.704421520 -0.005407139 0.999985278 -0.000541879 -2.212883949 -0.008385913 0.000496524 0.999964654 81.924415588
0.999919355 0.005457066 0.011465482 1.717913151 -0.005453067 0.999985039 -0.000379911 -2.231941700 -0.011467384 0.000317358 0.999934196 82.445167542
0.999875605 0.005146753 0.014907759 1.742600560 -0.005145153 0.999986768 -0.000145621 -2.246632576 -0.014908312 0.000068901 0.999888897 82.986236572
0.999820054 0.004980883 0.018303473 1.768035054 -0.004973724 0.999987662 -0.000436699 -2.254848719 -0.018305419 0.000345584 0.999832392 83.503654480
0.999737561 0.004774069 0.022404030 1.794006109 -0.004765872 0.999988556 -0.000419198 -2.269302607 -0.022405773 0.000312313 0.999748886 84.045692444
0.999573231 0.005518497 0.028686013 1.819072366 -0.005508893 0.999984682 -0.000413778 -2.281284332 -0.028687857 0.000255573 0.999588370 84.594009399
0.999402106 0.004887857 0.034226809 1.859041095 -0.004865721 0.999987900 -0.000729971 -2.298585653 -0.034229957 0.000562996 0.999413848 85.116447449
0.999145925 0.005286038 0.040980548 1.891464114 -0.005265885 0.999985933 -0.000599685 -2.315578461 -0.040983140 0.000383374 0.999159753 85.659149170
0.998811781 0.004813170 0.048496470 1.942180157 -0.004799569 0.999988377 -0.000396904 -2.332985640 -0.048497822 0.000163670 0.998823225 86.191276550
0.998370886 0.004255132 0.056898780 1.997550249 -0.004225041 0.999990880 -0.000649137 -2.345590591 -0.056901019 0.000407680 0.998379707 86.756515503
0.997955441 0.003848490 0.063797839 2.052921772 -0.003798601 0.999992490 -0.000903272 -2.358565569 -0.063800834 0.000659083 0.997962415 87.295104980
0.997319698 0.004046029 0.073055416 2.101924419 -0.003985240 0.999991536 -0.000977850 -2.370374918 -0.073058769 0.000684086 0.997327507 87.854064941
0.996513784 0.004220640 0.083321080 2.169711590 -0.004139414 0.999990821 -0.001147593 -2.382878780 -0.083325155 0.000798692 0.996522069 88.371887207
0.995803177 0.003569332 0.091451555 2.246714592 -0.003440216 0.999992847 -0.001569465 -2.390289783 -0.091456532 0.001248265 0.995808244 88.941741943
0.995068312 0.003807975 0.099118091 2.309527397 -0.003691511 0.999992251 -0.001358378 -2.417297602 -0.099122480 0.000985784 0.995074689 89.489135742
0.993999541 0.004524135 0.109290048 2.391053200 -0.004423684 0.999989569 -0.001161565 -2.433454037 -0.109294161 0.000671130 0.994009197 90.033203125
0.992814064 0.003878882 0.119603910 2.484153748 -0.003772185 0.999992251 -0.001118467 -2.445820332 -0.119607337 0.000659261 0.992820978 90.585609436
0.991592884 0.003814354 0.129340604 2.570902824 -0.003711657 0.999992549 -0.001035044 -2.461500645 -0.129343614 0.000546275 0.991599679 91.139892578
0.990104556 0.002614040 0.140307471 2.675141335 -0.002393137 0.999995649 -0.001743120 -2.473343372 -0.140311405 0.001390096 0.990106404 91.677375793
0.988240659 0.003273047 0.152871296 2.778181076 -0.003155482 0.999994516 -0.001011657 -2.497488976 -0.152873769 0.000517378 0.988245606 92.183868408
0.986559749 0.002648419 0.163379043 2.895069122 -0.002488532 0.999996305 -0.001183278 -2.511099100 -0.163381547 0.000760800 0.986562610 92.733917236
0.984708369 0.002274990 0.174196005 3.007952690 -0.002064525 0.999996901 -0.001389405 -2.523308516 -0.174198613 0.001008527 0.984710157 93.289314270
0.982223690 0.002435017 0.187698320 3.126749039 -0.002262239 0.999996841 -0.001134717 -2.540739298 -0.187700480 0.000689927 0.982226133 93.830505371
0.979860723 0.001798050 0.199674502 3.260652542 -0.001565928 0.999997854 -0.001320424 -2.554600239 -0.199676424 0.000981155 0.979861438 94.353347778
0.977927387 0.001229033 0.208941251 3.402280807 -0.001042441 0.999998927 -0.001003155 -2.576605082 -0.208942220 0.000763204 0.977927685 94.852722168
0.974943161 0.000888130 0.222452179 3.549915314 -0.000656960 0.999999046 -0.001113181 -2.590327740 -0.222452953 0.000939146 0.974942923 95.388725281
0.971849561 0.000116595 0.235602081 3.698377609 0.000201234 0.999999046 -0.001324962 -2.610074997 -0.235602036 0.001335075 0.971848667 95.922531128
0.969085097 0.001034051 0.246724963 3.847309113 -0.000720762 0.999998748 -0.001360097 -2.616162300 -0.246726096 0.001140219 0.969084561 96.440147400
0.966395736 -0.000141381 0.257058799 4.026611328 0.000402399 0.999999464 -0.000962796 -2.649413347 -0.257058561 0.001033882 0.966395199 96.952835083
0.962748826 -0.000914946 0.270395875 4.200557709 0.001169751 0.999999046 -0.000781191 -2.665282488 -0.270394892 0.001068386 0.962748885 97.467483521
0.959042549 -0.000105380 0.283261865 4.370895386 0.000305272 0.999999762 -0.000661537 -2.688791037 -0.283261716 0.000720914 0.959042311 97.982833862
0.955649197 -0.000764696 0.294506282 4.552778244 0.001078889 0.999998987 -0.000904377 -2.692082644 -0.294505298 0.001182007 0.955649018 98.527816772
0.950974822 -0.000255895 0.309268206 4.742389679 0.000522877 0.999999523 -0.000780385 -2.706230164 -0.309267908 0.000903836 0.950974524 99.066925049
0.946532667 -0.002329043 0.322599739 4.954818726 0.002746967 0.999995828 -0.000840238 -2.719128370 -0.322596401 0.001681483 0.946535110 99.566490173
0.942559838 -0.001583210 0.334033668 5.178232193 0.001914534 0.999997973 -0.000662678 -2.744281292 -0.334031940 0.001264132 0.942560911 100.122383118
0.937957823 -0.002332613 0.346741617 5.393362045 0.002734826 0.999996126 -0.000670666 -2.761542082 -0.346738696 0.001577334 0.937960446 100.611320496
0.932484388 -0.002401406 0.361202449 5.601806641 0.002796306 0.999995947 -0.000570635 -2.778660297 -0.361199617 0.001542141 0.932487249 101.122993469
0.927651525 -0.003178332 0.373433381 5.839746475 0.003600921 0.999993384 -0.000434050 -2.797402143 -0.373429596 0.001747351 0.927656889 101.651657104
0.922891855 -0.003829337 0.385040104 6.067274094 0.004243567 0.999990940 -0.000226084 -2.813153744 -0.385035813 0.001842594 0.922899783 102.146987915
0.916888833 -0.004820278 0.399113595 6.314247131 0.005596408 0.999984086 -0.000779433 -2.814369678 -0.399103522 0.002948256 0.916901171 102.638496399
0.910645425 -0.003927425 0.413169980 6.569530487 0.004357476 0.999990463 -0.000098574 -2.834955215 -0.413165689 0.001890144 0.910653830 103.201278687
0.905899882 -0.005022038 0.423462272 6.826004028 0.005773795 0.999983191 -0.000492431 -2.846965075 -0.423452675 0.002891077 0.905913591 103.676017761
0.900034368 -0.004461785 0.435796112 7.084049225 0.005127322 0.999986827 -0.000351175 -2.867775440 -0.435788780 0.002550537 0.900045276 104.161071777
0.893610775 -0.005549695 0.448808581 7.355510712 0.006168183 0.999981046 0.000083856 -2.888651371 -0.448800445 0.002693399 0.893627882 104.631301880
0.887764037 -0.007075949 0.460244328 7.641304016 0.007880823 0.999968946 0.000172553 -2.902538300 -0.460231215 0.003473918 0.887792289 105.111099243
0.881934881 -0.007542434 0.471310765 7.920757294 0.008295407 0.999965429 0.000479863 -2.918414831 -0.471298158 0.003486506 0.881967127 105.589370728
0.874376416 -0.007548166 0.485189438 8.201324463 0.008055700 0.999966979 0.001039189 -2.935766220 -0.485181302 0.002999899 0.874408364 106.055511475
