1.000000000 0.000000000 0.000000000 0.000000000 0.000000000 1.000000000 0.000000000 0.000000000 0.000000000 0.000000000 1.000000000 0.000000000
1.000000000 0.000013042 -0.000029518 0.000057076 -0.000013045 1.000000000 -0.000075525 0.000686853 0.000029517 0.000075526 1.000000000 0.000629215
1.000000000 -0.000099925 -0.000040232 -0.000432097 0.000099923 1.000000000 -0.000032177 0.000681674 0.000040236 0.000032173 1.000000000 0.001597580
1.000000000 -0.000035790 -0.000102940 -0.001212071 0.000035786 1.000000000 -0.000040482 0.001775368 0.000102941 0.000040478 1.000000000 0.001438316
1.000000000 -0.000044175 -0.000016475 -0.000597179 0.000044176 1.000000000 0.000030855 0.000116077 0.000016474 -0.000030856 1.000000000 0.000296363
1.000000000 -0.000118559 -0.000037874 -0.000006577 0.000118559 1.000000000 -0.000016780 0.000224757 0.000037876 0.000016775 1.000000000 -0.000276619
1.000000000 0.000071012 -0.000058518 0.000162282 -0.000071014 1.000000000 -0.000038573 0.000501779 0.000058516 0.000038577 1.000000000 -0.002053138
1.000000000 0.000003914 0.000000819 -0.000029211 -0.000003914 1.000000000 -0.000039290 0.001196742 -0.000000819 0.000039290 1.000000000 0.002116218
1.000000000 0.000095291 0.000031819 -0.001454774 -0.000095289 1.000000000 -0.000041938 0.001549731 -0.000031823 0.000041935 1.000000000 0.001654597
1.000000000 -0.000022871 -0.000072285 -0.000190816 0.000022870 1.000000000 -0.000011524 0.001393238 0.000072285 0.000011522 1.000000000 0.001995733
1.000000000 -0.000040905 -0.000105736 0.000094244 0.000040901 1.000000000 -0.000041001 0.001267188 0.000105738 0.000040996 1.000000000 0.000194594
1.000000000 -0.000024164 -0.000039919 -0.001678747 0.000024166 1.000000000 0.000050274 0.001492197 0.000039918 -0.000050275 1.000000000 0.001277096
1.000000000 -0.000086492 -0.000097607 0.000621139 0.000086492 1.000000000 0.000006462 0.000331413 0.000097606 -0.000006470 1.000000000 -0.002513840
1.000000000 -0.000051967 -0.000068678 0.000852752 0.000051971 1.000000000 0.000058287 -0.000050765 0.000068675 -0.000058291 1.000000000 -0.002932951
1.000000000 -0.000077493 -0.000070063 0.001064064 0.000077496 1.000000000 0.000054547 0.000258513 0.000070059 -0.000054553 1.000000000 -0.003058344
1.000000000 0.000001047 -0.000038005 -0.000176526 -0.000001048 1.000000000 -0.000022998 0.001878031 0.000038005 0.000022998 1.000000000 0.000912841
1.000000000 -0.000040114 -0.000073689 0.000341279 0.000040117 1.000000000 0.000036389 0.000668560 0.000073688 -0.000036392 1.000000000 -0.001397958
1.000000000 -0.000068715 -0.000087994 0.000418158 0.000068714 1.000000000 -0.000015919 0.000891283 0.000087995 0.000015913 1.000000000 -0.002203298
1.000000000 -0.000083288 -0.000051260 -0.000565004 0.000083289 1.000000000 0.000028464 0.001057033 0.000051257 -0.000028468 1.000000000 0.001354328
1.000000000 -0.000130693 -0.000094855 -0.000435755 0.000130698 1.000000000 0.000059632 -0.000081139 0.000094847 -0.000059645 1.000000000 -0.002161637
1.000000000 -0.000070785 -0.000101309 0.001742150 0.000070790 1.000000000 0.000045787 0.000153332 0.000101306 -0.000045794 1.000000000 -0.000393087
1.000000000 -0.000108907 -0.000094962 0.000666177 0.000108907 1.000000000 0.000003544 0.001079848 0.000094962 -0.000003555 1.000000000 -0.001148729
1.000000000 -0.000098675 -0.000082383 -0.000549376 0.000098677 1.000000000 0.000022128 0.001153545 0.000082381 -0.000022137 1.000000000 0.000377936
1.000000000 -0.000101720 -0.000109245 0.001245706 0.000101725 1.000000000 0.000042378 0.000452598 0.000109241 -0.000042389 1.000000000 -0.001622520
1.000000000 -0.000123635 -0.000088315 0.001229086 0.000123635 1.000000000 -0.000005342 0.001749326 0.000088315 0.000005331 1.000000000 -0.000050713
0.999999940 -0.000201950 -0.000153294 0.001355923 0.000201962 1.000000000 0.000078538 0.000335850 0.000153279 -0.000078569 1.000000000 -0.002198761
0.999999940 -0.000271504 -0.000093234 -0.000336147 0.000271505 0.999999940 0.000008376 0.000225374 0.000093232 -0.000008401 1.000000000 -0.002627548
1.000000000 -0.000051194 -0.000107537 0.000460198 0.000051200 1.000000000 0.000056352 0.000647036 0.000107534 -0.000056357 1.000000000 -0.000496920
1.000000000 -0.000120359 -0.000112117 0.001855242 0.000120362 1.000000000 0.000030780 0.000443246 0.000112113 -0.000030793 1.000000000 -0.001168272
0.999999940 -0.000203696 -0.000173279 0.000913790 0.000203701 1.000000000 0.000028248 0.000969253 0.000173273 -0.000028283 1.000000000 -0.001512921
1.000000000 -0.000121132 -0.000087957 0.000818537 0.000121135 1.000000000 0.000033393 0.000290046 0.000087953 -0.000033404 1.000000000 -0.002933732
1.000000000 -0.000156605 -0.000130491 0.001827838 0.000156606 1.000000000 0.000010251 0.000033410 0.000130490 -0.000010271 1.000000000 -0.004253090
1.000000000 -0.000082423 -0.000091947 0.000861874 0.000082428 1.000000000 0.000058376 0.000048109 0.000091942 -0.000058384 1.000000000 -0.002710388
1.000000000 -0.000160464 -0.000103109 0.001239897 0.000160468 1.000000000 0.000033814 0.000083760 0.000103103 -0.000033830 1.000000000 -0.003053710
1.000000000 -0.000165142 -0.000132056 0.000493876 0.000165141 1.000000000 -0.000007231 0.000970849 0.000132058 0.000007209 1.000000000 -0.000764610
1.000000000 -0.000128367 -0.000114363 0.001952390 0.000128381 1.000000000 0.000121222 0.000281516 0.000114348 -0.000121237 1.000000000 -0.002371129
1.000000000 -0.000114120 -0.000112962 -0.000066829 0.000114124 1.000000000 0.000038828 0.000334784 0.000112957 -0.000038841 1.000000000 -0.001753419
1.000000000 -0.000196190 -0.000098549 0.000694713 0.000196193 1.000000000 0.000029436 0.000342227 0.000098543 -0.000029455 1.000000000 -0.001302120
1.000000000 -0.000161907 -0.000172679 0.001601673 0.000161895 1.000000000 -0.000067647 0.000770689 0.000172690 0.000067619 1.000000000 0.002646613
1.000000000 -0.000215062 -0.000063868 -0.000017547 0.000215025 0.999999821 -0.000583003 -0.001132004 0.000063993 0.000582989 0.999999821 0.054700039
1.000000000 0.000020848 -0.000084324 0.001312221 -0.000020951 0.999999285 -0.001214105 -0.003285583 0.000084299 0.001214106 0.999999285 0.143609479
1.000000000 -0.000115625 0.000000512 0.003578124 0.000115625 0.999998868 -0.001481399 -0.007596593 -0.000000341 0.001481399 0.999998927 0.257908911
1.000000000 -0.000063061 -0.000056612 0.005556480 0.000062978 0.999998927 -0.001458244 -0.010879578 0.000056704 0.001458241 0.999998927 0.392623812
1.000000000 0.000092845 -0.000064543 0.009243756 -0.000092925 0.999999225 -0.001245268 -0.015713243 0.000064428 0.001245274 0.999999225 0.529242575
1.000000000 -0.000005427 0.000001838 0.011478330 0.000005429 0.999999464 -0.001042530 -0.021988729 -0.000001833 0.001042530 0.999999464 0.687854886
1.000000000 0.000002624 -0.000051191 0.018853880 -0.000002673 0.999999523 -0.000964888 -0.026537433 0.000051188 0.000964888 0.999999523 0.847379982
0.999999881 0.000428665 0.000115622 0.016344015 -0.000428569 0.999999583 -0.000827843 -0.025169434 -0.000115977 0.000827793 0.999999642 1.024980903
0.999999881 0.000278592 -0.000324324 -0.001935480 -0.000278834 0.999999642 -0.000745193 -0.011692607 0.000324116 0.000745283 0.999999642 1.244848728
0.999999821 0.000399740 -0.000244725 0.001390261 -0.000399849 0.999999762 -0.000445079 -0.018221952 0.000244547 0.000445177 0.999999821 1.427625656
0.999999881 0.000037494 -0.000464997 0.002524429 -0.000037721 0.999999821 -0.000489622 -0.019281492 0.000464978 0.000489640 0.999999762 1.625749350
0.999999940 -0.000244297 -0.000383282 0.007154909 0.000244132 0.999999821 -0.000430913 -0.026050780 0.000383387 0.000430820 0.999999821 1.814660907
0.999999762 -0.000282485 -0.000559134 0.016671540 0.000282349 0.999999881 -0.000243764 -0.032580636 0.000559203 0.000243607 0.999999762 2.019728899
0.999999881 0.000035280 -0.000428092 0.013419861 -0.000035393 0.999999940 -0.000264332 -0.038459938 0.000428083 0.000264347 0.999999881 2.232408285
0.999999821 0.000563696 -0.000075124 0.017927820 -0.000563682 0.999999821 0.000174944 -0.050854392 0.000075223 -0.000174902 1.000000000 2.425854683
0.999999881 0.000405909 -0.000075910 0.021633785 -0.000405903 0.999999881 0.000079905 -0.055861220 0.000075942 -0.000079875 1.000000000 2.659100771
0.999999821 0.000440868 0.000082454 0.026443360 -0.000440871 0.999999881 0.000040815 -0.064778775 -0.000082436 -0.000040852 1.000000000 2.884810686
0.999999642 0.000817911 0.000271138 0.031744476 -0.000817998 0.999999642 0.000322483 -0.069781333 -0.000270874 -0.000322705 0.999999940 3.110321283
0.999999821 0.000573355 0.000239094 0.024245918 -0.000573430 0.999999762 0.000311167 -0.072739176 -0.000238916 -0.000311304 0.999999881 3.347863913
0.999999881 0.000456126 0.000280817 0.033990473 -0.000456234 0.999999821 0.000384577 -0.082843058 -0.000280642 -0.000384705 0.999999881 3.583224535
0.999999762 0.000599165 0.000448836 0.037071489 -0.000599419 0.999999642 0.000565146 -0.088031165 -0.000448498 -0.000565415 0.999999821 3.835276127
0.999999821 -0.000025147 0.000487377 0.040862259 0.000024748 0.999999642 0.000819093 -0.107775502 -0.000487397 -0.000819081 0.999999523 4.095015049
0.999999702 0.000353305 0.000632851 0.045323484 -0.000353999 0.999999225 0.001095657 -0.113233082 -0.000632464 -0.001095880 0.999999225 4.356473923
0.999999762 0.000133275 0.000645238 0.049075283 -0.000134174 0.999999046 0.001394263 -0.122122467 -0.000645052 -0.001394349 0.999998748 4.605014324
0.999999702 0.000201845 0.000739920 0.056430466 -0.000203097 0.999998569 0.001691606 -0.132910147 -0.000739577 -0.001691756 0.999998271 4.863636494
0.999999702 -0.000647217 0.000259272 0.063752249 0.000646801 0.999998450 0.001602086 -0.144440666 -0.000260308 -0.001601918 0.999998689 5.128523827
0.999999583 -0.000787070 0.000239433 0.072537616 0.000786703 0.999998450 0.001528951 -0.150393277 -0.000240636 -0.001528763 0.999998808 5.390639305
0.999999762 -0.000637797 0.000345064 0.075960428 0.000637254 0.999998569 0.001570220 -0.161997870 -0.000346065 -0.001570000 0.999998629 5.660726070
0.999999821 -0.000546849 0.000241495 0.081103064 0.000546440 0.999998450 0.001690718 -0.169539884 -0.000242419 -0.001690586 0.999998569 5.926721096
0.999999762 -0.000410696 0.000511266 0.083368614 0.000409799 0.999998391 0.001752985 -0.184567094 -0.000511986 -0.001752775 0.999998331 6.180043221
0.999999762 -0.000331780 0.000679783 0.088217169 0.000330485 0.999998212 0.001903136 -0.196758285 -0.000680413 -0.001902911 0.999997973 6.455750942
0.999999702 -0.000089320 0.000780220 0.092576973 0.000087965 0.999998569 0.001735257 -0.201810136 -0.000780374 -0.001735188 0.999998152 6.751426220
0.999999464 0.000005401 0.000961956 0.092617609 -0.000007453 0.999997735 0.002133275 -0.207891956 -0.000961942 -0.002133281 0.999997258 7.040630817
0.999999702 -0.000174486 0.000694198 0.102149211 0.000172957 0.999997616 0.002202538 -0.214567095 -0.000694580 -0.002202418 0.999997318 7.334888458
0.999999702 -0.000097364 0.000790246 0.109011054 0.000095631 0.999997616 0.002192371 -0.226618126 -0.000790457 -0.002192295 0.999997318 7.655379772
0.999999464 -0.000673326 0.000776498 0.123262905 0.000671529 0.999997079 0.002311494 -0.245791331 -0.000778052 -0.002310972 0.999997020 7.948709488
0.999999344 -0.000468378 0.001074974 0.122516952 0.000466037 0.999997497 0.002177461 -0.248549491 -0.001075991 -0.002176959 0.999997020 8.269875526
0.999999583 -0.000625979 0.000708106 0.133257493 0.000624132 0.999996364 0.002605928 -0.265979499 -0.000709734 -0.002605485 0.999996364 8.603022575
0.999999642 -0.000441219 0.000797924 0.134405285 0.000439070 0.999996245 0.002691297 -0.274517119 -0.000799108 -0.002690945 0.999996066 8.939770699
0.999999404 -0.000288165 0.001143238 0.142659217 0.000285068 0.999996364 0.002707878 -0.282303959 -0.001144014 -0.002707550 0.999995649 9.272002220
0.999999106 0.000404706 0.001287492 0.141829357 -0.000408853 0.999994695 0.003222259 -0.311615705 -0.001286182 -0.003222782 0.999993980 9.578680992
0.999999225 0.000413250 0.001187892 0.157035366 -0.000417069 0.999994695 0.003216398 -0.318538517 -0.001186557 -0.003216891 0.999994099 9.923351288
0.999999106 0.000368293 0.001270243 0.159347787 -0.000372510 0.999994338 0.003321148 -0.330970496 -0.001269013 -0.003321619 0.999993682 10.283504486
0.999999464 -0.000252379 0.000980985 0.177071422 0.000248724 0.999992967 0.003724025 -0.350233674 -0.000981918 -0.003723779 0.999992609 10.642333984
0.999999464 -0.000512337 0.000884661 0.183007613 0.000509140 0.999993324 0.003609844 -0.357579529 -0.000886504 -0.003609392 0.999993086 11.012613297
0.999999106 -0.000339107 0.001275859 0.189585418 0.000334434 0.999993205 0.003660715 -0.372006208 -0.001277092 -0.003660284 0.999992490 11.381336212
0.999999344 -0.000137878 0.001104295 0.198376343 0.000133882 0.999993443 0.003618279 -0.377526909 -0.001104787 -0.003618128 0.999992847 11.759798050
0.999999344 -0.000631794 0.000882603 0.214005753 0.000628512 0.999992847 0.003713972 -0.393699557 -0.000884944 -0.003713415 0.999992669 12.146634102
0.999999225 -0.000014644 0.001238884 0.219030380 0.000009640 0.999991834 0.004038270 -0.408478767 -0.001238933 -0.004038254 0.999991059 12.525876999
0.999999344 -0.000580074 0.001068489 0.228402942 0.000575866 0.999992073 0.003934956 -0.416021317 -0.001070763 -0.003934337 0.999991715 12.924200058
0.999999464 -0.000109953 0.001013072 0.238564759 0.000105709 0.999991238 0.004188042 -0.430656791 -0.001013524 -0.004187933 0.999990702 13.318127632
0.999998271 0.000507253 0.001789691 0.241285577 -0.000514941 0.999990582 0.004298065 -0.438544452 -0.001787494 -0.004298979 0.999989152 13.733171463
0.999999404 -0.000272712 0.001147168 0.264473468 0.000267687 0.999990404 0.004377691 -0.464111030 -0.001148350 -0.004377381 0.999989748 14.091956139
0.999999464 -0.000508813 0.000959123 0.276989788 0.000504587 0.999990165 0.004401955 -0.478059441 -0.000961353 -0.004401468 0.999989867 14.520288467
0.999998629 -0.000479937 0.001639912 0.287416607 0.000472546 0.999989808 0.004503942 -0.495912850 -0.001642057 -0.004503160 0.999988496 14.935575485
0.999998629 -0.000758338 0.001438186 0.301784933 0.000751754 0.999989212 0.004573417 -0.502780676 -0.001441639 -0.004572331 0.999988496 15.348744392
0.999998212 -0.000403987 0.001832515 0.310172081 0.000395369 0.999988794 0.004700655 -0.513921261 -0.001834394 -0.004699924 0.999987304 15.794958115
0.999997795 -0.000661727 0.001998190 0.321206599 0.000652549 0.999989390 0.004590411 -0.523823619 -0.002001206 -0.004589097 0.999987483 16.219474792
0.999996901 -0.001244046 0.002172935 0.331259370 0.001233474 0.999987543 0.004860080 -0.537792146 -0.002178954 -0.004857386 0.999985814 16.662944794
0.999997318 -0.001081136 0.002057099 0.349996984 0.001070857 0.999987006 0.004991637 -0.550241828 -0.002062469 -0.004989421 0.999985397 17.117929459
0.999996066 -0.000732325 0.002705191 0.341146201 0.000718335 0.999986351 0.005168883 -0.572308362 -0.002708939 -0.005166919 0.999982953 17.566772461
0.999994993 -0.000784092 0.003065795 0.354300588 0.000767371 0.999984860 0.005451457 -0.585514486 -0.003070024 -0.005449077 0.999980450 18.032590866
0.999994159 -0.000631069 0.003356100 0.367526144 0.000612622 0.999984682 0.005494697 -0.596339226 -0.003359517 -0.005492609 0.999979258 18.512123108
0.999994040 -0.001433424 0.003150631 0.381083578 0.001416488 0.999984622 0.005371093 -0.611490011 -0.003158283 -0.005366599 0.999980569 18.972654343
0.999993742 -0.000835545 0.003429490 0.400378764 0.000815799 0.999983132 0.005754994 -0.631441891 -0.003434241 -0.005752161 0.999977589 19.401065826
0.999993443 -0.000233292 0.003599229 0.408769667 0.000212380 0.999983132 0.005809335 -0.642424107 -0.003600523 -0.005808533 0.999976695 19.885221481
0.999994159 -0.000927795 0.003295012 0.430796623 0.000907790 0.999981225 0.006067508 -0.659391105 -0.003300580 -0.006064482 0.999976218 20.360015869
0.999995351 -0.001381312 0.002711183 0.440078795 0.001364453 0.999979734 0.006210203 -0.685067654 -0.002719706 -0.006206474 0.999977052 20.834217072
0.999996662 -0.001401394 0.002186783 0.449248075 0.001387292 0.999978304 0.006437192 -0.694843233 -0.002195757 -0.006434137 0.999976873 21.337051392
0.999997258 -0.000461107 0.002295672 0.446614444 0.000446295 0.999979079 0.006448723 -0.707287788 -0.002298598 -0.006447682 0.999976575 21.845357895
0.999997497 -0.001685293 0.001412754 0.472867072 0.001675283 0.999973714 0.007056591 -0.741096616 -0.001424609 -0.007054207 0.999974132 22.315320969
0.999998271 -0.001426747 0.001160448 0.481454253 0.001418641 0.999974847 0.006955726 -0.748742163 -0.001170342 -0.006954068 0.999975204 22.833950043
0.999997556 -0.002193610 0.000028111 0.497426271 0.002193372 0.999975026 0.006705465 -0.762218416 -0.000042819 -0.006705387 0.999977529 23.313131332
0.999993622 -0.003507605 -0.000672318 0.501479566 0.003511944 0.999972284 0.006566349 -0.777317166 0.000649267 -0.006568669 0.999978244 23.838907242
0.999995947 -0.002636986 -0.001047823 0.515538454 0.002643873 0.999974549 0.006626922 -0.789510667 0.001030321 -0.006629665 0.999977469 24.378416061
0.999994457 -0.002743637 -0.001880327 0.524013400 0.002756597 0.999972224 0.006924821 -0.802126169 0.001861276 -0.006929966 0.999974251 24.900678635
0.999993622 -0.002505863 -0.002531629 0.527553797 0.002524251 0.999970317 0.007286446 -0.811247230 0.002513295 -0.007292790 0.999970198 25.443077087
0.999995053 -0.001827615 -0.002546438 0.527961850 0.001846028 0.999972045 0.007247522 -0.827549636 0.002533121 -0.007252188 0.999970496 25.945182800
0.999992669 -0.002379079 -0.002985058 0.532347143 0.002401406 0.999969006 0.007498352 -0.838697433 0.002967126 -0.007505465 0.999967456 26.493156433
0.999991298 -0.002324074 -0.003468835 0.543737829 0.002350453 0.999968231 0.007620175 -0.859508157 0.003451015 -0.007628262 0.999964952 27.050062180
0.999989867 -0.002234970 -0.003903732 0.556317747 0.002266044 0.999965668 0.007973816 -0.876588166 0.003885776 -0.007982582 0.999960601 27.549579620
0.999986708 -0.002464572 -0.004532960 0.577859163 0.002501977 0.999962747 0.008264635 -0.874265492 0.004512424 -0.008275867 0.999955595 28.131011963
0.999985933 -0.002401488 -0.004713333 0.566507518 0.002439248 0.999964774 0.008021979 -0.899435699 0.004693902 -0.008033362 0.999956727 28.636936188
0.999983251 -0.002722944 -0.005105364 0.576137125 0.002764290 0.999963284 0.008108847 -0.914302826 0.005083097 -0.008122824 0.999954045 29.182209015
0.999982655 -0.002635756 -0.005262897 0.561496019 0.002679339 0.999961972 0.008291231 -0.929481089 0.005240845 -0.008305187 0.999951780 29.674140930
0.999982655 -0.002372778 -0.005394392 0.572321355 0.002414919 0.999966443 0.007818844 -0.940258563 0.005375660 -0.007831735 0.999954879 30.227506638
0.999980927 -0.002663045 -0.005559848 0.570582032 0.002711202 0.999958694 0.008672114 -0.953607798 0.005536524 -0.008687022 0.999946952 30.749933243
0.999976754 -0.002716752 -0.006255678 0.587686658 0.002771111 0.999958336 0.008697280 -0.972938657 0.006231790 -0.008714411 0.999942601 31.281888962
0.999975264 -0.002848867 -0.006433607 0.598501444 0.002904868 0.999957860 0.008711996 -0.988424540 0.006408516 -0.008730469 0.999941409 31.822652817
0.999974370 -0.003023129 -0.006489045 0.587021828 0.003083692 0.999951541 0.009343483 -0.997275054 0.006460484 -0.009363255 0.999935210 32.306652069
0.999972820 -0.003022310 -0.006723361 0.595824718 0.003086512 0.999949515 0.009559392 -1.013370395 0.006694129 -0.009579884 0.999931693 32.848834991
0.999971271 -0.003390118 -0.006787752 0.599726379 0.003457273 0.999944925 0.009906251 -1.027945042 0.006753795 -0.009929432 0.999927819 33.391887665
0.999968648 -0.003623140 -0.007032130 0.608376980 0.003693340 0.999943197 0.009995577 -1.039856434 0.006995515 -0.010021237 0.999925315 33.931797028
0.999970913 -0.003506134 -0.006773606 0.611672044 0.003575728 0.999940693 0.010289710 -1.058366537 0.006737127 -0.010313632 0.999924064 34.473651886
0.999975145 -0.002366486 -0.006640298 0.600621223 0.002434160 0.999945045 0.010201862 -1.051396370 0.006615789 -0.010217774 0.999925911 35.016262054
0.999968410 -0.002752463 -0.007457701 0.630124331 0.002827049 0.999945939 0.010009304 -1.102248788 0.007429747 -0.010030071 0.999922097 35.521533966
0.999969304 -0.002660262 -0.007367936 0.636279821 0.002732774 0.999947786 0.009849073 -1.112748861 0.007341350 -0.009868906 0.999924362 36.068496704
0.999968171 -0.002365692 -0.007622994 0.643625319 0.002440680 0.999948561 0.009842834 -1.123514175 0.007599316 -0.009861127 0.999922454 36.568149567
0.999966502 -0.002242106 -0.007882149 0.652140677 0.002320130 0.999948263 0.009903675 -1.135904074 0.007859536 -0.009921630 0.999919891 37.111808777
0.999965429 -0.002293102 -0.007999761 0.669729769 0.002371872 0.999948621 0.009851065 -1.140763044 0.007976762 -0.009869699 0.999919474 37.669704437
0.999968350 -0.001897913 -0.007730395 0.667710602 0.001975682 0.999947369 0.010064876 -1.158341408 0.007710886 -0.010079829 0.999919534 38.202568054
0.999972999 -0.001101937 -0.007268999 0.670536578 0.001172973 0.999951541 0.009775492 -1.165849805 0.007257875 -0.009783758 0.999925792 38.710292816
0.999959230 -0.003141070 -0.008456743 0.668223977 0.003231857 0.999937177 0.010743269 -1.200402975 0.008422466 -0.010770165 0.999906540 39.261817932
0.999957800 -0.003059814 -0.008654416 0.682446837 0.003152913 0.999937057 0.010764310 -1.217018604 0.008620935 -0.010791145 0.999904573 39.783473969
0.999955833 -0.003526572 -0.008704043 0.687384307 0.003618389 0.999937773 0.010555725 -1.224102497 0.008666276 -0.010586754 0.999906421 40.352169037
0.999958634 -0.003067742 -0.008555068 0.695554614 0.003162475 0.999933600 0.011081812 -1.234338999 0.008520504 -0.011108410 0.999902010 40.889850616
0.999961853 -0.002041271 -0.008488185 0.707796574 0.002127307 0.999946296 0.010139225 -1.235736370 0.008467033 -0.010156895 0.999912560 41.431102753
0.999954402 -0.003378130 -0.008930465 0.689401388 0.003480483 0.999928176 0.011470567 -1.282976151 0.008891076 -0.011501129 0.999894321 41.940711975
0.999949753 -0.003691104 -0.009320476 0.703269720 0.003797633 0.999927461 0.011437952 -1.291215062 0.009277581 -0.011472777 0.999891102 42.484664917
0.999951124 -0.003715751 -0.009152516 0.697600603 0.003819709 0.999928117 0.011367322 -1.303336620 0.009109618 -0.011401727 0.999893486 43.024112701
0.999950290 -0.003771242 -0.009227516 0.705954671 0.003877867 0.999925613 0.011564552 -1.318006754 0.009183217 -0.011599760 0.999890566 43.558036804
0.999951780 -0.003451853 -0.009187871 0.712653637 0.003555617 0.999929845 0.011301307 -1.324039221 0.009148215 -0.011333433 0.999893904 44.092918396
0.999956310 -0.002776619 -0.008920866 0.715742528 0.002875987 0.999933779 0.011145490 -1.332821846 0.008889327 -0.011170662 0.999898136 44.646301270
0.999951363 -0.004016762 -0.009005173 0.728886783 0.004121779 0.999923348 0.011673789 -1.346000195 0.008957592 -0.011710338 0.999891281 45.148727417
0.999945939 -0.003750601 -0.009699046 0.748371959 0.003862680 0.999925733 0.011562946 -1.351420283 0.009654959 -0.011599784 0.999886096 45.698768616
0.999947250 -0.004018099 -0.009457665 0.760439754 0.004131616 0.999919295 0.012013786 -1.379354477 0.009408629 -0.012052227 0.999883056 46.205543518
0.999951661 -0.003628371 -0.009129344 0.756742001 0.003738324 0.999920309 0.012055878 -1.382434368 0.009084875 -0.012089425 0.999885619 46.701267242
0.999949634 -0.003881013 -0.009253079 0.762324035 0.003988853 0.999924004 0.011664706 -1.392851830 0.009207105 -0.011701029 0.999889135 47.237609863
0.999951720 -0.003618552 -0.009149956 0.768946648 0.003729997 0.999918640 0.012192153 -1.400570512 0.009105094 -0.012225692 0.999883771 47.747562408
0.999953985 -0.003898136 -0.008771983 0.773606777 0.004006252 0.999915779 0.012341576 -1.410202146 0.008723135 -0.012376150 0.999885321 48.303047180
0.999950707 -0.003431215 -0.009313806 0.781837344 0.003544675 0.999919355 0.012192842 -1.423184872 0.009271218 -0.012225254 0.999882221 48.802829742
0.999952197 -0.002973100 -0.009312018 0.784032583 0.003089771 0.999916613 0.012539789 -1.430050373 0.009273959 -0.012567960 0.999877989 49.347862244
0.999949574 -0.003662176 -0.009341340 0.791062593 0.003774085 0.999920964 0.011990667 -1.439102411 0.009296689 -0.012025321 0.999884486 49.848457336
0.999950886 -0.003036535 -0.009420954 0.793353796 0.003148580 0.999924183 0.011901250 -1.446030855 0.009384102 -0.011930331 0.999884844 50.401195526
0.999954820 -0.003165707 -0.008965802 0.802254975 0.003278812 0.999914825 0.012628675 -1.458860397 0.008925059 -0.012657502 0.999880016 50.894527435
0.999954045 -0.003122700 -0.009063688 0.806565523 0.003234481 0.999918520 0.012344492 -1.462491751 0.009024402 -0.012373240 0.999882638 51.426998138
0.999955177 -0.003038524 -0.008966115 0.814570904 0.003152200 0.999914467 0.012691639 -1.471555233 0.008926785 -0.012719333 0.999879241 51.953941345
0.999954104 -0.002902008 -0.009132324 0.818362594 0.003015352 0.999918282 0.012422198 -1.479552269 0.009095528 -0.012449167 0.999881148 52.485141754
0.999954581 -0.002970585 -0.009052531 0.827040732 0.003082963 0.999918044 0.012425412 -1.489283562 0.009014877 -0.012452757 0.999881864 53.040496826
0.999955237 -0.002810746 -0.009033475 0.833205223 0.002928209 0.999910951 0.013016192 -1.505499363 0.008996086 -0.013042063 0.999874473 53.575141907
0.999955833 -0.002915842 -0.008933279 0.830506325 0.003027715 0.999916852 0.012535289 -1.509940982 0.008895985 -0.012561782 0.999881506 53.985870361
0.999953091 -0.002874071 -0.009248847 0.879252791 0.002988539 0.999918699 0.012386598 -1.509221911 0.009212498 -0.012413656 0.999880552 54.680274963
0.999955893 -0.002787225 -0.008983567 0.843484879 0.002902408 0.999913454 0.012834026 -1.524727464 0.008947020 -0.012859531 0.999877214 55.044769287
0.999951601 -0.003226223 -0.009295280 0.854056239 0.003348155 0.999908209 0.013132120 -1.535930872 0.009252061 -0.013162605 0.999870479 55.588821411
0.999951899 -0.003067094 -0.009322274 0.859503210 0.003184579 0.999915302 0.012613981 -1.535371304 0.009282798 -0.012643062 0.999876916 56.143325806
0.999957144 -0.002607964 -0.008882605 0.866037011 0.002722226 0.999913394 0.012875858 -1.555073500 0.008848256 -0.012899486 0.999877572 56.690330505
0.999955893 -0.003050466 -0.008883371 0.878082216 0.003165907 0.999910295 0.013010231 -1.570517063 0.008842888 -0.013037782 0.999875903 57.051303864
0.999955177 -0.002615987 -0.009102643 0.944089592 0.002731472 0.999915659 0.012697719 -1.543116570 0.009068659 -0.012722012 0.999877930 57.877208710
0.999956250 -0.003059261 -0.008837856 0.894290626 0.003175064 0.999908924 0.013118845 -1.600603580 0.008796917 -0.013146332 0.999874890 58.064418793
0.999955297 -0.003025407 -0.008957451 0.902903199 0.003141917 0.999910295 0.013021607 -1.607542276 0.008917253 -0.013049169 0.999875069 58.607952118
0.999952853 -0.003442609 -0.009073512 0.933352172 0.003563996 0.999903917 0.013396179 -1.609708071 0.009026523 -0.013427888 0.999869108 59.051368713
0.999960005 -0.002546009 -0.008565731 0.925670087 0.002658610 0.999909818 0.013159792 -1.624039054 0.008531453 -0.013182039 0.999876738 59.697078705
0.999956071 -0.002813027 -0.008937063 0.952005565 0.002931367 0.999907911 0.013256159 -1.631453633 0.008898950 -0.013281774 0.999872208 60.153091431
0.999943972 -0.003662618 -0.009925065 0.972734511 0.003794939 0.999903738 0.013346128 -1.645592451 0.009875226 -0.013383048 0.999861717 60.671676636
0.999949276 -0.003476885 -0.009447753 0.980958879 0.003606711 0.999898851 0.013759302 -1.660683751 0.009398958 -0.013792681 0.999860704 61.192901611
0.999947965 -0.003632387 -0.009537997 0.986727357 0.003767058 0.999892890 0.014139680 -1.673768997 0.009485615 -0.014174876 0.999854565 61.696247101
0.999952257 -0.002919046 -0.009325431 0.961286366 0.003046690 0.999901474 0.013702987 -1.700690269 0.009284513 -0.013730746 0.999862671 62.355739594
0.999958158 -0.002655303 -0.008750737 0.900656343 0.002771966 0.999907076 0.013346799 -1.720832825 0.008714484 -0.013370497 0.999872684 62.965980530
0.999970615 -0.000425502 -0.007655854 0.844479561 0.000535917 0.999895811 0.014425999 -1.769524932 0.007648917 -0.014429676 0.999866605 62.956092834
0.999964595 -0.001066663 -0.008348172 0.858808935 0.001189959 0.999890149 0.014778225 -1.780523062 0.008331491 -0.014787633 0.999855936 63.507610321
0.999969363 -0.000405717 -0.007816435 0.862065911 0.000519768 0.999893367 0.014594699 -1.785984159 0.007809679 -0.014598313 0.999862969 64.049720764
0.999966860 -0.001334312 -0.008046280 0.867825091 0.001449087 0.999897063 0.014275491 -1.792482376 0.008026402 -0.014286676 0.999865651 64.599174500
0.999966443 -0.001528893 -0.008051650 0.882281959 0.001644536 0.999895334 0.014375711 -1.807472229 0.008028829 -0.014388470 0.999864161 65.087127686
0.999971807 -0.000421541 -0.007502633 0.874192119 0.000529949 0.999895334 0.014453231 -1.811237574 0.007495754 -0.014456798 0.999867380 65.622673035
0.999970078 -0.000358717 -0.007724429 0.900572360 0.000473964 0.999888539 0.014923122 -1.893277049 0.007718215 -0.014926336 0.999858737 66.317886353
0.999969900 -0.000017696 -0.007744882 0.911282897 0.000136725 0.999881983 0.015368412 -1.902554274 0.007743697 -0.015369009 0.999851882 66.863937378
0.999970317 -0.000256170 -0.007704639 0.907915175 0.000374899 0.999881148 0.015412574 -1.903303266 0.007699776 -0.015415004 0.999851465 67.433715820
0.999966919 -0.000382446 -0.008115447 0.929311633 0.000505646 0.999884665 0.015184307 -1.917349219 0.008108702 -0.015187911 0.999851704 67.905601501
0.999969840 -0.000013221 -0.007764428 0.929164767 0.000131291 0.999884367 0.015206119 -1.922740817 0.007763328 -0.015206679 0.999854147 68.463073730
0.999967933 -0.000531812 -0.007983371 0.924373150 0.000646059 0.999897361 0.014314914 -1.907431602 0.007974938 -0.014319614 0.999865651 69.039146423
0.999970376 0.000261849 -0.007687509 0.948413789 -0.000142624 0.999879777 0.015505387 -1.939538121 0.007690645 -0.015503830 0.999850154 69.543052673
0.999971986 0.000074829 -0.007483313 0.929310799 0.000038944 0.999884427 0.015202228 -1.950371504 0.007483586 -0.015202094 0.999856412 70.040740967
0.999966979 0.000003087 -0.008122183 0.965061784 0.000113359 0.999897242 0.014336229 -1.941974640 0.008121392 -0.014336678 0.999864161 70.629165649
0.999972105 -0.000205626 -0.007462893 0.946826100 0.000317771 0.999886990 0.015028842 -1.966704249 0.007458962 -0.015030796 0.999859154 71.153213501
0.999969304 -0.000224589 -0.007828728 0.956876934 0.000344071 0.999883473 0.015264041 -1.972490788 0.007824387 -0.015266267 0.999852896 71.699066162
0.999971330 -0.000353560 -0.007563808 0.956820726 0.000467069 0.999887228 0.015010429 -1.977544069 0.007557649 -0.015013532 0.999858677 72.226669312
0.999973238 -0.000039753 -0.007318495 0.962227523 0.000149082 0.999888420 0.014938709 -1.984658241 0.007317085 -0.014939402 0.999861598 72.794731140
0.999971926 0.000112007 -0.007489716 0.966458857 -0.000000553 0.999889314 0.014879256 -1.993250966 0.007490553 -0.014878835 0.999861240 73.318656921
0.999973297 0.000002143 -0.007301283 0.975933969 0.000106652 0.999889016 0.014900303 -2.000452995 0.007300504 -0.014900685 0.999862254 73.859779358
0.999972105 -0.000001156 -0.007465130 0.982502997 0.000108769 0.999896109 0.014415062 -2.006200075 0.007464338 -0.014415473 0.999868214 74.393730164
0.999973357 -0.000041025 -0.007299203 0.983382881 0.000148628 0.999891341 0.014741863 -2.018988132 0.007297805 -0.014742555 0.999864697 74.968162537
0.999969423 -0.000300480 -0.007804723 1.010417700 0.000413895 0.999894261 0.014534069 -2.017606735 0.007799531 -0.014536855 0.999863923 75.526191711
0.999971688 -0.000275243 -0.007519370 0.996524155 0.000387024 0.999889374 0.014868326 -2.036122084 0.007514447 -0.014870816 0.999861181 76.055984497
0.999973178 -0.000562693 -0.007304586 1.007083654 0.000669946 0.999891877 0.014688852 -2.042056084 0.007295533 -0.014693351 0.999865413 76.603401184
0.999975681 0.000086332 -0.006975935 1.011172652 0.000015776 0.999892831 0.014635782 -2.045006752 0.006976453 -0.014635537 0.999868572 77.161895752
0.999972820 -0.000370195 -0.007353208 1.021044016 0.000476449 0.999895453 0.014453506 -2.053376436 0.007347088 -0.014456618 0.999868512 77.727539062
0.999973953 -0.000452151 -0.007207146 1.027072549 0.000556598 0.999894738 0.014496747 -2.058580160 0.007199833 -0.014500384 0.999868870 78.300125122
0.999975502 -0.000524907 -0.006975804 1.037266493 0.000626914 0.999892771 0.014628871 -2.066655636 0.006967378 -0.014632888 0.999868572 78.869010925
0.999984503 -0.000168826 -0.005559941 1.037474394 0.000248366 0.999897540 0.014308218 -2.072057724 0.005556956 -0.014309377 0.999882102 79.435661316
0.999991000 -0.000139358 -0.004244013 1.052588940 0.000201446 0.999892890 0.014632643 -2.088780403 0.004241521 -0.014633366 0.999883950 79.993263245
0.999996722 0.000092960 -0.002548405 1.053864121 -0.000056296 0.999896526 0.014383432 -2.089101791 0.002549479 -0.014383243 0.999893308 80.544250488
0.999999046 0.000628637 0.001230979 1.067598104 -0.000646421 0.999894679 0.014500602 -2.098375797 -0.001221734 -0.014501385 0.999894083 81.099868774
0.999988616 -0.000274904 0.004764333 1.091930151 0.000205494 0.999893904 0.014563099 -2.107890606 -0.004767831 -0.014561952 0.999882579 81.648162842
0.999970317 -0.000084312 0.007700792 1.113779783 -0.000026550 0.999896348 0.014394986 -2.115100384 -0.007701208 -0.014394762 0.999866724 82.190643311
0.999923766 -0.000099675 0.012341391 1.138940573 -0.000076230 0.999898374 0.014251987 -2.124717712 -0.012341558 -0.014251845 0.999822259 82.743919373
0.999822140 0.000138503 0.018859973 1.151787281 -0.000411307 0.999895334 0.014461568 -2.127357483 -0.018856000 -0.014466754 0.999717534 83.324325562
0.999703467 -0.000352153 0.024349837 1.187375188 -0.000000344 0.999895215 0.014474830 -2.140877247 -0.024352383 -0.014470546 0.999598682 83.851638794
0.999545753 0.000099904 0.030136703 1.229339600 -0.000533818 0.999896288 0.014390511 -2.152501106 -0.030132135 -0.014400063 0.999442220 84.398666382
0.999284983 -0.000108465 0.037808452 1.268446207 -0.000439925 0.999894857 0.014495798 -2.156961441 -0.037806045 -0.014502069 0.999179840 84.954551697
0.998950779 -0.000255191 0.045795564 1.313389778 -0.000407973 0.999895215 0.014471035 -2.169013500 -0.045794465 -0.014474535 0.998845994 85.495407104
0.998623610 -0.000852571 0.052442025 1.362432957 0.000077468 0.999890745 0.014780439 -2.177898884 -0.052448899 -0.014756035 0.998514593 86.026268005
0.998131454 -0.000988658 0.061094638 1.415153980 0.000102498 0.999894798 0.014506146 -2.183196068 -0.061102554 -0.014472780 0.998026550 86.556396484
0.997467995 -0.001058752 0.071108952 1.476411819 0.000034221 0.999896228 0.014407575 -2.189813614 -0.071116835 -0.014368663 0.997364461 87.096374512
0.996841133 -0.001774465 0.079403095 1.545296192 0.000642563 0.999897838 0.014278419 -2.193932056 -0.079420343 -0.014182293 0.996740341 87.642051697
0.996173561 -0.001662364 0.087381214 1.603828430 0.000426764 0.999899685 0.014157118 -2.196197748 -0.087395988 -0.014065654 0.996074319 88.193214417
0.995197296 -0.001898617 0.097871952 1.681359768 0.000503921 0.999898136 0.014272965 -2.204226017 -0.097889088 -0.014155095 0.995096684 88.731277466
0.994104147 -0.002353548 0.108404130 1.763802052 0.000823084 0.999899387 0.014160720 -2.211314917 -0.108426549 -0.013988004 0.994006038 89.275169373
0.993048370 -0.002568102 0.117678754 1.846830368 0.000931474 0.999902129 0.013960479 -2.215628386 -0.117703088 -0.013753818 0.992953598 89.818931580
0.991730094 -0.003147556 0.128302306 1.944517136 0.001350803 0.999899864 0.014088670 -2.221768856 -0.128333777 -0.013798849 0.991635025 90.355987549
0.990087688 -0.003120254 0.140415549 2.054442406 0.001144290 0.999899209 0.014150805 -2.235390902 -0.140445560 -0.013849860 0.989991546 90.895805359
0.988530755 -0.003758208 0.150972918 2.162087440 0.001669446 0.999901175 0.013959709 -2.243740797 -0.151010469 -0.013547560 0.988439322 91.448074341
0.986914098 -0.004328157 0.161188886 2.276462555 0.002141037 0.999903262 0.013739902 -2.245063782 -0.161232784 -0.013214990 0.986827850 92.002449036
0.984828830 -0.004808823 0.173462048 2.403583527 0.002483483 0.999904156 0.013620017 -2.252119303 -0.173510924 -0.012982594 0.984746277 92.536430359
0.982488573 -0.004713575 0.186262920 2.524873734 0.002124060 0.999898255 0.014099595 -2.264135599 -0.186310455 -0.013457055 0.982398868 93.089118958
0.980486870 -0.005068752 0.196519136 2.650876999 0.002341470 0.999897718 0.014107795 -2.269739151 -0.196570620 -0.013372364 0.980398476 93.628372192
0.977833748 -0.006366527 0.209285915 2.791303635 0.003613620 0.999901831 0.013533557 -2.272814512 -0.209351569 -0.012477291 0.977760792 94.154960632
0.974779904 -0.005577924 0.223098725 2.946001053 0.002460857 0.999895394 0.014247268 -2.281533957 -0.223154873 -0.013338935 0.974691749 94.732376099
0.972139716 -0.005862257 0.234328747 3.098047256 0.002528812 0.999891341 0.014523447 -2.293461323 -0.234388441 -0.013526246 0.972048879 95.289131165
0.969188869 -0.006546411 0.246231541 3.260234833 0.003175115 0.999895751 0.014086097 -2.296899796 -0.246298075 -0.012870278 0.969108760 95.804008484
0.965602398 -0.006527714 0.259941101 3.432121277 0.002882462 0.999892056 0.014402104 -2.306169510 -0.260007054 -0.013157435 0.965517044 96.343544006
0.962196171 -0.007206319 0.272261858 3.601926804 0.003485456 0.999893844 0.014147640 -2.308730125 -0.272334814 -0.012663850 0.962119222 96.877136230
0.958911777 -0.007159562 0.283614069 3.795906067 0.003187821 0.999890327 0.014463098 -2.317993164 -0.283686489 -0.012964725 0.958829343 97.418716431
0.954458833 -0.006456012 0.298272669 3.968109131 0.002144278 0.999888480 0.014780665 -2.326011181 -0.298334807 -0.013467959 0.954366148 97.932991028
0.950154305 -0.007199307 0.311696887 4.179344177 0.002784322 0.999889433 0.014607059 -2.328600168 -0.311767608 -0.013011097 0.950069249 98.480400085
0.946479023 -0.007933244 0.322668076 4.383935928 0.003278651 0.999882758 0.014966271 -2.341001511 -0.322748989 -0.013107346 0.946393788 98.990379333
0.942037642 -0.008479344 0.335399985 4.593238831 0.003699652 0.999882281 0.014887108 -2.343084812 -0.335486680 -0.012783353 0.941958189 99.522453308
0.936920345 -0.008278773 0.349444836 4.811424255 0.003281743 0.999883771 0.014889555 -2.350324154 -0.349527478 -0.012803539 0.936838627 100.038818359
0.932258427 -0.008815703 0.361685693 5.033077240 0.003657375 0.999881625 0.014944033 -2.355593204 -0.361774623 -0.012608880 0.932180285 100.554534912
0.928036273 -0.008930220 0.372382760 5.253894806 0.003692251 0.999883950 0.014776845 -2.363178968 -0.372471511 -0.012338517 0.927961588 101.049194336
0.922475636 -0.009192136 0.385945797 5.491060257 0.003692232 0.999880850 0.014989274 -2.367709875 -0.386037499 -0.012402241 0.922399700 101.559494019
0.916940212 -0.009807730 0.398903936 5.736392975 0.004276803 0.999882042 0.014752928 -2.369518042 -0.399001479 -0.011821521 0.916874051 102.065872192
0.912002027 -0.010375307 0.410054386 5.991260529 0.004777605 0.999880910 0.014673381 -2.376575947 -0.410157889 -0.011423076 0.911942959 102.568458557
0.905807078 -0.010535527 0.423559517 6.249145508 0.004802610 0.999881864 0.014600181 -2.380921841 -0.423663348 -0.011190754 0.905750573 103.057334900
0.899098873 -0.011319304 0.437598914 6.527736664 0.005275487 0.999873161 0.015024449 -2.386559486 -0.437713563 -0.011199916 0.899044693 103.569366455
0.893351912 -0.011961091 0.449198484 6.794525146 0.005573480 0.999863744 0.015539636 -2.405047417 -0.449323177 -0.011378767 0.893296778 104.019241333
0.887718856 -0.013123101 0.460198820 7.081626892 0.006819320 0.999858737 0.015357730 -2.395760536 -0.460335404 -0.010495103 0.887682974 104.538841248
0.880505800 -0.013371877 0.473846644 7.373542786 0.006989615 0.999859631 0.015227717 -2.401777267 -0.473983735 -0.010096088 0.880475700 105.035202026
0.873580515 -0.013817835 0.486483455 7.663352966 0.007201720 0.999854445 0.015467210 -2.408748627 -0.486626357 -0.010008334 0.873552859 105.503509521
0.867765546 -0.014622062 0.496758699 7.959430695 0.007780422 0.999844253 0.015839089 -2.416831017 -0.496912867 -0.009879623 0.867744327 105.970428467
