1.000000000 0.000000000 0.000000000 0.000000000 0.000000000 1.000000000 0.000000000 0.000000000 0.000000000 0.000000000 1.000000000 0.000000000
1.000000000 0.000059982 0.000069122 -0.000852394 -0.000059992 1.000000000 0.000139858 -0.000396838 -0.000069114 -0.000139862 1.000000000 -0.000130832
1.000000000 0.000031259 0.000081312 -0.000783826 -0.000031259 1.000000000 0.000004168 0.000385521 -0.000081312 -0.000004171 1.000000000 -0.000194448
1.000000000 0.000044332 0.000039754 -0.000124089 -0.000044331 1.000000000 -0.000031177 0.000024128 -0.000039755 0.000031175 1.000000000 0.000125173
1.000000000 0.000109186 0.000172257 -0.001240538 -0.000109204 1.000000000 0.000101370 -0.000516689 -0.000172246 -0.000101389 1.000000000 0.000320111
1.000000000 -0.000079777 0.000018461 -0.000227923 0.000079776 1.000000000 0.000055681 -0.000811627 -0.000018465 -0.000055680 1.000000000 -0.000332354
1.000000000 0.000053645 0.000114821 -0.001136121 -0.000053655 1.000000000 0.000087217 -0.000928488 -0.000114817 -0.000087223 1.000000000 -0.001098361
1.000000000 0.000126054 0.000038111 -0.000622404 -0.000126053 1.000000000 -0.000030603 -0.000055644 -0.000038114 0.000030598 1.000000000 -0.000458591
1.000000000 0.000070161 0.000144908 -0.000671840 -0.000070166 1.000000000 0.000036594 -0.001033242 -0.000144905 -0.000036604 1.000000000 -0.000187399
1.000000000 0.000163027 0.000103856 -0.001063332 -0.000163042 1.000000000 0.000144325 -0.000956911 -0.000103833 -0.000144342 1.000000000 0.000512998
1.000000000 0.000111654 0.000124131 -0.000387257 -0.000111663 1.000000000 0.000073856 -0.000516576 -0.000124123 -0.000073870 1.000000000 0.000871252
1.000000000 0.000107157 0.000114327 -0.000727106 -0.000107163 1.000000000 0.000055618 -0.000895369 -0.000114321 -0.000055630 1.000000000 0.000204169
1.000000000 0.000084571 0.000080466 -0.000729430 -0.000084574 1.000000000 0.000032951 -0.000052252 -0.000080463 -0.000032958 1.000000000 0.000509550
1.000000000 0.000150829 0.000141062 -0.001798293 -0.000150821 1.000000000 -0.000054955 0.000661953 -0.000141070 0.000054934 1.000000000 0.000234691
1.000000000 0.000119990 0.000101473 -0.000342122 -0.000119994 1.000000000 0.000043109 0.000640717 -0.000101468 -0.000043122 1.000000000 0.001320218
0.999999940 0.000252390 0.000130554 -0.001546450 -0.000252386 0.999999940 -0.000028290 0.000668008 -0.000130561 0.000028257 1.000000000 0.000686809
0.999999940 0.000307467 0.000156688 -0.001715520 -0.000307464 0.999999940 -0.000017787 0.000514058 -0.000156694 0.000017739 1.000000000 0.001685859
0.999999940 0.000199925 0.000172539 -0.001803790 -0.000199925 1.000000000 -0.000001963 0.001065969 -0.000172540 0.000001928 1.000000000 0.001885992
0.999999940 0.000233161 0.000239859 -0.001866804 -0.000233142 0.999999940 -0.000076814 0.001321518 -0.000239877 0.000076758 0.999999940 0.001598017
0.999999940 0.000211327 0.000208297 -0.002205029 -0.000211322 1.000000000 -0.000020022 0.000523879 -0.000208301 0.000019978 1.000000000 0.001755357
0.999999940 0.000267711 0.000124483 -0.001749548 -0.000267704 0.999999940 -0.000056300 0.001049502 -0.000124498 0.000056266 1.000000000 0.001490604
0.999999940 0.000267021 0.000173063 -0.001823038 -0.000267013 0.999999940 -0.000048546 0.001348237 -0.000173076 0.000048500 1.000000000 0.002010135
0.999999940 0.000239608 0.000185694 -0.002090308 -0.000239605 1.000000000 -0.000018410 0.001329557 -0.000185699 0.000018366 1.000000000 0.001387478
0.999999881 0.000391334 0.000178911 -0.002308981 -0.000391333 0.999999940 -0.000007690 0.001436718 -0.000178914 0.000007620 1.000000000 0.002272630
0.999999940 0.000333648 0.000225746 -0.001881881 -0.000333652 0.999999940 0.000017899 0.000628940 -0.000225740 -0.000017974 1.000000000 0.001159120
0.999999940 0.000250504 0.000178396 -0.001931905 -0.000250502 0.999999940 -0.000012763 0.002037141 -0.000178399 0.000012718 1.000000000 0.002359810
0.999999940 0.000321132 0.000150408 -0.001575261 -0.000321146 0.999999940 0.000090391 0.000956157 -0.000150378 -0.000090440 1.000000000 0.001852183
0.999999940 0.000337972 0.000126130 -0.002108410 -0.000337960 0.999999940 -0.000089610 0.002052582 -0.000126161 0.000089568 1.000000000 0.001264367
0.999999940 0.000384841 0.000099340 -0.001650255 -0.000384832 0.999999940 -0.000096313 0.002489728 -0.000099377 0.000096275 1.000000000 0.001525281
0.999999881 0.000400119 0.000188392 -0.001465613 -0.000400115 0.999999940 -0.000022262 0.001382966 -0.000188401 0.000022186 1.000000000 0.002082750
0.999999881 0.000335566 0.000306250 -0.002334169 -0.000335542 0.999999940 -0.000078070 0.002009712 -0.000306277 0.000077967 0.999999940 0.002126518
0.999999940 0.000366883 0.000193226 -0.001587451 -0.000366870 0.999999940 -0.000064361 0.001780282 -0.000193250 0.000064290 1.000000000 0.002633550
0.999999940 0.000348695 0.000182037 -0.001669792 -0.000348692 0.999999940 -0.000016393 0.000524871 -0.000182043 0.000016330 1.000000000 0.000696742
0.999999881 0.000424366 0.000280935 -0.002757450 -0.000424354 0.999999881 -0.000043347 0.001251147 -0.000280954 0.000043227 0.999999940 0.001651298
0.999999881 0.000383310 0.000205603 -0.001408407 -0.000383290 0.999999940 -0.000099186 0.001634869 -0.000205641 0.000099107 1.000000000 0.001478097
0.999999940 0.000281694 0.000201120 -0.001801513 -0.000281680 0.999999940 -0.000066674 0.001483713 -0.000201139 0.000066617 1.000000000 0.002220568
0.999999940 0.000380262 0.000160884 -0.001724554 -0.000380246 0.999999940 -0.000097059 0.002590665 -0.000160921 0.000096998 1.000000000 0.002024252
0.999999881 0.000444513 0.000257846 -0.002495905 -0.000444496 0.999999881 -0.000066859 0.002051359 -0.000257875 0.000066745 0.999999940 0.001812637
0.999999881 0.000414602 0.000215322 -0.001245164 -0.000414591 0.999999940 -0.000047539 0.001901952 -0.000215341 0.000047449 1.000000000 0.001232401
0.999999940 0.000336197 0.000209635 -0.001285631 -0.000336176 0.999999940 -0.000099342 0.001154553 -0.000209669 0.000099271 1.000000000 0.001533350
0.999999821 0.000514762 0.000350686 -0.001791204 -0.000514551 0.999999702 -0.000601108 -0.002251726 -0.000350995 0.000600928 0.999999762 0.048477970
0.999999523 0.000938031 -0.000280459 0.000196429 -0.000938378 0.999998808 -0.001241398 -0.003511474 0.000279295 0.001241661 0.999999166 0.138974443
0.999999702 0.000772071 -0.000329200 0.002582813 -0.000772532 0.999998808 -0.001402184 -0.008130929 0.000328117 0.001402438 0.999998927 0.251622081
0.999999166 0.001224423 -0.000230318 0.004778063 -0.001224705 0.999998450 -0.001223738 -0.012312826 0.000228819 0.001224019 0.999999225 0.382329166
0.999999762 0.000640157 0.000233750 0.006903154 -0.000639969 0.999999583 -0.000798742 -0.022051249 -0.000234261 0.000798592 0.999999642 0.532027543
0.999999881 0.000231284 0.000202655 0.010899261 -0.000231146 0.999999702 -0.000683556 -0.027136974 -0.000202813 0.000683510 0.999999762 0.683353126
0.999999821 0.000594845 0.000453673 0.012901722 -0.000594660 0.999999881 -0.000407645 -0.032801662 -0.000453915 0.000407375 0.999999821 0.847879469
0.999999821 0.000422438 0.000481884 0.015789887 -0.000422254 0.999999881 -0.000382260 -0.036458477 -0.000482045 0.000382056 0.999999821 1.020870090
0.999999702 0.000644286 0.000377598 0.017003596 -0.000644145 0.999999762 -0.000371153 -0.041725226 -0.000377837 0.000370910 0.999999881 1.186314225
0.999999523 0.000832568 0.000552398 0.022140848 -0.000832550 0.999999583 -0.000032835 -0.047408644 -0.000552425 0.000032375 0.999999821 1.382728338
0.999999702 0.000691099 0.000312337 0.026245832 -0.000691126 0.999999702 0.000086054 -0.052456461 -0.000312277 -0.000086270 0.999999940 1.580732107
0.999999881 0.000392782 0.000367096 0.029968189 -0.000392849 0.999999881 0.000180610 -0.059988115 -0.000367025 -0.000180754 0.999999940 1.779815316
0.999999642 0.000705516 0.000494793 0.033471718 -0.000705659 0.999999702 0.000287669 -0.063330144 -0.000494590 -0.000288018 0.999999762 1.976222754
1.000000000 -0.000043198 0.000239814 0.042765144 0.000043125 1.000000000 0.000307502 -0.068546496 -0.000239828 -0.000307492 0.999999881 2.188250542
0.999999702 0.000561071 0.000575648 0.043373346 -0.000561207 0.999999821 0.000234947 -0.072696254 -0.000575516 -0.000235270 0.999999821 2.404389143
0.999999344 0.001016991 0.000623398 0.048348173 -0.001017084 0.999999523 0.000148912 -0.080937646 -0.000623246 -0.000149546 0.999999821 2.626196861
0.999999404 0.000567826 0.000927033 0.049831018 -0.000568339 0.999999642 0.000553775 -0.091214530 -0.000926719 -0.000554301 0.999999404 2.855764866
0.999999583 0.000435425 0.000829013 0.055786110 -0.000435740 0.999999821 0.000378986 -0.092520162 -0.000828848 -0.000379347 0.999999583 3.096987009
0.999998927 0.001064762 0.000943809 0.056118973 -0.001065566 0.999999046 0.000851526 -0.105804928 -0.000942901 -0.000852531 0.999999166 3.329388857
0.999999166 0.000897433 0.000899882 0.061911378 -0.000898172 0.999999285 0.000822067 -0.113232791 -0.000899143 -0.000822874 0.999999285 3.578450441
0.999999464 0.000788934 0.000825241 0.067512468 -0.000789906 0.999998987 0.001178034 -0.121608883 -0.000824311 -0.001178685 0.999998987 3.833210945
0.999999046 0.001121948 0.000806972 0.072624713 -0.001122741 0.999998868 0.000983474 -0.125840575 -0.000805868 -0.000984379 0.999999166 4.087920666
0.999998927 0.001107299 0.000965646 0.078822233 -0.001108181 0.999999046 0.000913497 -0.132100612 -0.000964634 -0.000914566 0.999999106 4.342600346
0.999998808 0.001148645 0.001036722 0.081670478 -0.001149295 0.999999166 0.000626760 -0.136444390 -0.001036001 -0.000627951 0.999999285 4.604619026
0.999998927 0.000823216 0.001216427 0.088071279 -0.000824553 0.999999046 0.001098980 -0.147272125 -0.001215521 -0.001099982 0.999998569 4.850959778
0.999998808 0.001216935 0.001029158 0.095793307 -0.001218341 0.999998391 0.001366761 -0.154381946 -0.001027492 -0.001368013 0.999998510 5.111693859
0.999996901 0.001796577 0.001722706 0.094575733 -0.001799035 0.999997377 0.001425953 -0.162648886 -0.001720140 -0.001429047 0.999997497 5.372911930
0.999997139 0.001783675 0.001574759 0.100304089 -0.001785945 0.999997377 0.001441827 -0.169151694 -0.001572183 -0.001444636 0.999997675 5.639925957
0.999997973 0.001324151 0.001480441 0.105623506 -0.001326011 0.999998331 0.001255987 -0.173094124 -0.001478775 -0.001257948 0.999998152 5.911426067
0.999997079 0.001807657 0.001604970 0.115182757 -0.001809397 0.999997795 0.001083250 -0.181438848 -0.001603008 -0.001086151 0.999998152 6.185681820
0.999997139 0.001715139 0.001650035 0.120871551 -0.001716990 0.999997854 0.001120621 -0.188847780 -0.001648109 -0.001123451 0.999998033 6.468243599
0.999997795 0.001545411 0.001430640 0.126690432 -0.001547457 0.999997795 0.001430617 -0.202581584 -0.001428425 -0.001432827 0.999997914 6.756515503
0.999997914 0.001618059 0.001360327 0.136494949 -0.001619341 0.999998391 0.000941969 -0.204649881 -0.001358800 -0.000944170 0.999998629 7.063490868
0.999998629 0.001426670 0.000978461 0.142430291 -0.001427821 0.999998331 0.001177023 -0.215701371 -0.000976780 -0.001178419 0.999998868 7.360582352
0.999996901 0.001967876 0.001521948 0.146003395 -0.001970113 0.999996901 0.001469067 -0.231094703 -0.001519052 -0.001472061 0.999997735 7.664348125
0.999996901 0.001918347 0.001616813 0.156021327 -0.001920792 0.999996960 0.001511906 -0.238029063 -0.001613908 -0.001515007 0.999997556 7.981256962
0.999995232 0.002425089 0.001923688 0.156023026 -0.002427634 0.999996185 0.001321844 -0.248701662 -0.001920475 -0.001326508 0.999997258 8.307666779
0.999994636 0.002593098 0.002026778 0.164228529 -0.002595271 0.999996126 0.001070409 -0.255432487 -0.002023994 -0.001075664 0.999997318 8.631364822
0.999995410 0.002250452 0.002028928 0.174920499 -0.002253048 0.999996662 0.001278377 -0.266553134 -0.002026044 -0.001282943 0.999997139 8.979212761
0.999994636 0.002395727 0.002245117 0.182668641 -0.002399141 0.999995947 0.001519048 -0.281432450 -0.002241469 -0.001524426 0.999996305 9.319294930
0.999993384 0.003073719 0.001946360 0.191559553 -0.003077096 0.999993742 0.001734462 -0.297723353 -0.001941017 -0.001740440 0.999996603 9.641445160
0.999993086 0.003047109 0.002116528 0.197727934 -0.003050884 0.999993742 0.001782862 -0.306549579 -0.002111082 -0.001789307 0.999996185 9.994726181
0.999993324 0.003141937 0.001820797 0.207528397 -0.003144472 0.999994099 0.001391055 -0.306892008 -0.001816415 -0.001396771 0.999997318 10.349809647
0.999993622 0.003009149 0.001871689 0.216969639 -0.003011687 0.999994576 0.001354614 -0.318003237 -0.001867602 -0.001360242 0.999997318 10.711122513
0.999993503 0.002998632 0.001992533 0.224056393 -0.003001406 0.999994516 0.001390333 -0.325007200 -0.001988353 -0.001396305 0.999997020 11.078986168
0.999993801 0.002738282 0.002171437 0.230397359 -0.002740830 0.999995530 0.001171341 -0.330952615 -0.002168220 -0.001177286 0.999996901 11.465439796
0.999990284 0.003557294 0.002592987 0.237775385 -0.003561228 0.999992490 0.001514410 -0.347195596 -0.002587581 -0.001523630 0.999995470 11.826903343
0.999992013 0.003232220 0.002334933 0.249581024 -0.003236356 0.999993205 0.001769819 -0.361437023 -0.002329196 -0.001777362 0.999995708 12.210817337
0.999990702 0.003394319 0.002658956 0.261145681 -0.003401051 0.999990940 0.002531476 -0.378303617 -0.002650340 -0.002540496 0.999993265 12.592504501
0.999989986 0.003589158 0.002677711 0.265819907 -0.003594429 0.999991596 0.001966058 -0.382714182 -0.002670632 -0.001975663 0.999994457 12.992894173
0.999989867 0.003552763 0.002767045 0.278031796 -0.003557387 0.999992251 0.001667993 -0.393710136 -0.002761098 -0.001677819 0.999994695 13.396685600
0.999989569 0.003529655 0.002891270 0.286260217 -0.003534877 0.999992132 0.001802960 -0.407306045 -0.002884884 -0.001813161 0.999994218 13.806818962
0.999988854 0.003443007 0.003210920 0.297809243 -0.003448737 0.999992430 0.001780492 -0.417589873 -0.003204765 -0.001791546 0.999993265 14.215200424
0.999986112 0.003743537 0.003704562 0.305432767 -0.003749554 0.999991655 0.001618650 -0.432010710 -0.003698472 -0.001632518 0.999991775 14.632212639
0.999984562 0.003947879 0.003913916 0.314930290 -0.003954569 0.999990702 0.001703265 -0.442516267 -0.003907155 -0.001718717 0.999990880 15.066463470
0.999987423 0.003572466 0.003524243 0.328611702 -0.003579151 0.999991775 0.001892366 -0.457874209 -0.003517454 -0.001904956 0.999991953 15.497021675
0.999984562 0.003587730 0.004237996 0.333983302 -0.003594755 0.999992132 0.001651192 -0.467407733 -0.004232039 -0.001666401 0.999989629 15.937436104
0.999984503 0.003618287 0.004252324 0.347331285 -0.003625803 0.999991894 0.001761044 -0.479262263 -0.004245917 -0.001776434 0.999989331 16.381702423
0.999979615 0.004272657 0.004745568 0.353705078 -0.004279502 0.999989867 0.001433220 -0.489179522 -0.004739396 -0.001453499 0.999987662 16.831262589
0.999979496 0.003917445 0.005057047 0.365055323 -0.003926718 0.999990642 0.001825250 -0.503281653 -0.005049848 -0.001845070 0.999985576 17.280998230
0.999979138 0.003883485 0.005145621 0.373880029 -0.003895635 0.999989629 0.002353132 -0.520602882 -0.005136429 -0.002373128 0.999983966 17.734628677
0.999977708 0.004124489 0.005255533 0.390532225 -0.004134694 0.999989629 0.001932543 -0.528801262 -0.005247508 -0.001954230 0.999984324 18.209592819
0.999981105 0.003294588 0.005194344 0.405656397 -0.003303047 0.999993205 0.001620794 -0.535589397 -0.005188968 -0.001637921 0.999985218 18.683429718
0.999978304 0.003975987 0.005254166 0.425408870 -0.003985369 0.999990582 0.001776428 -0.552215517 -0.005247053 -0.001797330 0.999984622 19.168226242
0.999975920 0.004596951 0.005203605 0.439792454 -0.004603916 0.999988496 0.001327156 -0.562340200 -0.005197444 -0.001351081 0.999985635 19.646060944
0.999978125 0.003748274 0.005445803 0.453091413 -0.003759264 0.999990880 0.002009430 -0.575225294 -0.005438221 -0.002029858 0.999983132 20.137718201
0.999973834 0.004443184 0.005725708 0.460918337 -0.004454894 0.999987960 0.002033813 -0.589441776 -0.005716603 -0.002059267 0.999981523 20.636371613
0.999977410 0.003758543 0.005597136 0.473890126 -0.003769177 0.999991119 0.001890750 -0.593855739 -0.005589980 -0.001911803 0.999982536 21.143472672
0.999981225 0.003561754 0.004995782 0.488448620 -0.003569730 0.999992430 0.001588546 -0.601521611 -0.004990086 -0.001606349 0.999986291 21.648426056
0.999976635 0.005054819 0.004606358 0.504015326 -0.005061630 0.999986053 0.001468326 -0.616462648 -0.004598872 -0.001491607 0.999988317 22.155553818
0.999986529 0.003534811 0.003805917 0.528222620 -0.003540226 0.999992788 0.001417082 -0.623786330 -0.003800880 -0.001430537 0.999991715 22.695886612
0.999973774 0.005370044 0.004857545 0.507931828 -0.005380656 0.999983132 0.002174063 -0.656666458 -0.004845790 -0.002200143 0.999985814 23.176628113
0.999979794 0.005094469 0.003797596 0.527052283 -0.005103382 0.999984264 0.002340989 -0.672434092 -0.003785610 -0.002360322 0.999990046 23.695833206
0.999986708 0.004075779 0.003157174 0.537530482 -0.004081226 0.999990165 0.001720981 -0.685727000 -0.003150129 -0.001733843 0.999993563 24.220020294
0.999983251 0.004795621 0.003237148 0.540922523 -0.004801172 0.999987006 0.001709206 -0.699431121 -0.003228910 -0.001724720 0.999993265 24.733484268
0.999984980 0.004914815 0.002480991 0.555248380 -0.004919448 0.999986172 0.001864899 -0.710377872 -0.002471791 -0.001877076 0.999995172 25.275146484
0.999984622 0.005284866 0.001684110 0.568371534 -0.005289262 0.999982595 0.002616116 -0.731198013 -0.001670255 -0.002624983 0.999995112 25.814849854
0.999983966 0.005364991 0.001821476 0.576933384 -0.005368681 0.999983549 0.002027036 -0.742253065 -0.001810571 -0.002036782 0.999996305 26.381851196
0.999986410 0.004935307 0.001691397 0.586646259 -0.004938972 0.999985456 0.002169381 -0.752605498 -0.001680665 -0.002177706 0.999996245 26.936973572
0.999986053 0.005141928 0.001150878 0.601531327 -0.005144254 0.999984741 0.002027383 -0.767873287 -0.001140436 -0.002033276 0.999997199 27.499126434
0.999982417 0.005772024 0.001352020 0.605707824 -0.005774710 0.999981284 0.001991191 -0.790020704 -0.001340502 -0.001998964 0.999997079 28.035270691
0.999979079 0.006323296 0.001343414 0.618757188 -0.006326252 0.999977469 0.002208090 -0.800240993 -0.001329422 -0.002216542 0.999996662 28.593227386
0.999979734 0.006267231 0.001111912 0.628575921 -0.006269834 0.999977589 0.002353386 -0.817796111 -0.001097138 -0.002360310 0.999996603 29.135292053
0.999980032 0.006260187 0.000828885 0.637343884 -0.006261726 0.999978602 0.001866959 -0.825550258 -0.000817180 -0.001872112 0.999997914 29.682132721
0.999980986 0.006167585 -0.000212713 0.650125802 -0.006167173 0.999979198 0.001885360 -0.839391410 0.000224337 -0.001884012 0.999998212 30.234243393
0.999980450 0.006265393 0.000320173 0.657844901 -0.006266091 0.999977887 0.002226146 -0.862018228 -0.000306219 -0.002228108 0.999997497 30.775720596
0.999982178 0.005971246 -0.000189504 0.666679144 -0.005970829 0.999979913 0.002133334 -0.877975762 0.000202238 -0.002132164 0.999997735 31.336120605
0.999973297 0.007314608 -0.000150771 0.672051489 -0.007314265 0.999970853 0.002162936 -0.889043629 0.000166588 -0.002161775 0.999997675 31.889207840
0.999982715 0.005814600 -0.000779265 0.693184614 -0.005812868 0.999980688 0.002206008 -0.903260946 0.000792077 -0.002201440 0.999997258 32.467296600
0.999980867 0.005990532 -0.001556736 0.691655695 -0.005988319 0.999981105 0.001422386 -0.910002232 0.001565228 -0.001413037 0.999997795 33.019329071
0.999981821 0.005851282 -0.001452892 0.712038219 -0.005848266 0.999980688 0.002070233 -0.929485559 0.001464978 -0.002061698 0.999996781 33.556327820
0.999982953 0.005732805 -0.001153994 0.722080708 -0.005730457 0.999981523 0.002027375 -0.941013157 0.001165595 -0.002020727 0.999997318 34.114299774
0.999982059 0.005615288 -0.002082342 0.737030268 -0.005609996 0.999981046 0.002539093 -0.961217344 0.002096561 -0.002527365 0.999994636 34.649398804
0.999979317 0.006094581 -0.002049248 0.741113782 -0.006089713 0.999978602 0.002372868 -0.975425601 0.002063666 -0.002360339 0.999995112 35.198329926
0.999983490 0.005020910 -0.002764803 0.762750506 -0.005013515 0.999983847 0.002674965 -0.989992976 0.002778190 -0.002661060 0.999992609 35.734584808
0.999983847 0.004973647 -0.002740197 0.764358580 -0.004965403 0.999983132 0.003006834 -1.011867642 0.002755105 -0.002993179 0.999991775 36.284412384
0.999983311 0.004757158 -0.003295686 0.786713004 -0.004747960 0.999984801 0.002793102 -1.011933565 0.003308923 -0.002777407 0.999990702 36.848327637
0.999982178 0.005020222 -0.003225428 0.787426949 -0.005010435 0.999982834 0.003035534 -1.035573483 0.003240612 -0.003019319 0.999990165 37.358474731
0.999983490 0.004580316 -0.003462026 0.801471949 -0.004571386 0.999986172 0.002583242 -1.047192812 0.003473811 -0.002567373 0.999990642 37.895816803
0.999981105 0.004902585 -0.003706518 0.813322544 -0.004893146 0.999984920 0.002551403 -1.060697317 0.003718971 -0.002533219 0.999989867 38.453338623
0.999982476 0.005198783 -0.002839885 0.805713773 -0.005191931 0.999983549 0.002414696 -1.074262142 0.002852391 -0.002399909 0.999993086 39.018993378
0.999982059 0.004593711 -0.003844206 0.831734478 -0.004580850 0.999983907 0.003347603 -1.094722271 0.003859521 -0.003329932 0.999987006 39.527305603
0.999981940 0.004475143 -0.004011901 0.839775383 -0.004462706 0.999985218 0.003103719 -1.108335853 0.004025730 -0.003085759 0.999987125 40.075637817
0.999982178 0.004094167 -0.004332892 0.867552221 -0.004079754 0.999986112 0.003330115 -1.128646493 0.004346467 -0.003312380 0.999985039 40.608783722
0.999981403 0.004383690 -0.004245257 0.875846744 -0.004370947 0.999985874 0.003006147 -1.138573408 0.004258375 -0.002987535 0.999986470 41.167484283
0.999980628 0.004582647 -0.004219862 0.883638859 -0.004568962 0.999984205 0.003246732 -1.150958180 0.004234674 -0.003227388 0.999985874 41.713016510
0.999980271 0.004831970 -0.004013498 0.891751051 -0.004821111 0.999984682 0.002710640 -1.164640903 0.004026535 -0.002691237 0.999988258 42.263870239
0.999978483 0.004412238 -0.004862191 0.913513184 -0.004399479 0.999986827 0.002631592 -1.171793938 0.004873738 -0.002610144 0.999984741 42.829284668
0.999978006 0.004856285 -0.004519871 0.922806740 -0.004843840 0.999984443 0.002760218 -1.198001742 0.004533205 -0.002738264 0.999985993 43.331241608
0.999976754 0.005333606 -0.004242080 0.937447369 -0.005322600 0.999982476 0.002601526 -1.200655103 0.004255881 -0.002578887 0.999987602 43.868843079
0.999978006 0.005171737 -0.004155516 0.944506109 -0.005160058 0.999982774 0.002816105 -1.217003226 0.004170008 -0.002794601 0.999987423 44.408660889
0.999979138 0.005029521 -0.004051649 0.951463044 -0.005018301 0.999983549 0.002774705 -1.228291392 0.004065539 -0.002754315 0.999987900 44.933986664
0.999978423 0.005324761 -0.003850419 0.960349739 -0.005311442 0.999979913 0.003461279 -1.239773035 0.003868771 -0.003440752 0.999986529 45.495723724
0.999974847 0.005113717 -0.004902348 0.976858437 -0.005099737 0.999982953 0.002859791 -1.252561092 0.004916887 -0.002834718 0.999983907 46.050315857
0.999980390 0.004979616 -0.003804405 0.981746972 -0.004969758 0.999984384 0.002596264 -1.267280340 0.003817273 -0.002577306 0.999989331 46.584079742
0.999980152 0.004998765 -0.003845385 0.994773448 -0.004986679 0.999982655 0.003146427 -1.278768897 0.003861046 -0.003127189 0.999987602 47.134559631
0.999981701 0.004749839 -0.003739138 0.994038105 -0.004740649 0.999985754 0.002462587 -1.291001797 0.003750782 -0.002444816 0.999989986 47.693592072
0.999980271 0.004884067 -0.003955231 1.005059481 -0.004875165 0.999985576 0.002257439 -1.305023193 0.003966199 -0.002238111 0.999989688 48.242675781
0.999985933 0.004702950 -0.002445849 1.009495020 -0.004695807 0.999984741 0.002918325 -1.322207689 0.002459535 -0.002906799 0.999992728 48.786464691
0.999983191 0.004494657 -0.003674276 1.020735502 -0.004483035 0.999984920 0.003165325 -1.331613660 0.003688449 -0.003148800 0.999988258 49.331748962
0.999983013 0.005224850 -0.002556812 1.027478218 -0.005217331 0.999981999 0.002937979 -1.349404097 0.002572116 -0.002924590 0.999992430 49.891616821
0.999981284 0.005466825 -0.002756198 1.032141209 -0.005458886 0.999980867 0.002879536 -1.357585311 0.002771887 -0.002864436 0.999992073 50.440811157
0.999981582 0.005584871 -0.002373691 1.033596158 -0.005578546 0.999980807 0.002662936 -1.370064735 0.002388518 -0.002649645 0.999993682 50.983402252
0.999985218 0.004791322 -0.002564621 1.056038499 -0.004783111 0.999983430 0.003198759 -1.384509683 0.002579906 -0.003186445 0.999991596 51.517021179
0.999981225 0.005565084 -0.002541916 1.062047958 -0.005557670 0.999980330 0.002914258 -1.397006750 0.002558085 -0.002900076 0.999992490 52.054515839
0.999981880 0.005618174 -0.002122911 1.069861293 -0.005612470 0.999980628 0.002683279 -1.412980795 0.002137945 -0.002671315 0.999994099 52.599994659
0.999983847 0.005155787 -0.002396586 1.077746391 -0.005148475 0.999982059 0.003046823 -1.430991292 0.002412251 -0.003034435 0.999992490 53.146720886
0.999982834 0.005350679 -0.002380055 1.086504817 -0.005344149 0.999981940 0.002741937 -1.442543626 0.002394682 -0.002729170 0.999993384 53.692043304
0.999978483 0.006173057 -0.002200247 1.091013551 -0.006167779 0.999978125 0.002397741 -1.457146525 0.002215001 -0.002384119 0.999994695 54.242038727
0.999980569 0.005971354 -0.001779254 1.093336821 -0.005967231 0.999979496 0.002313434 -1.472540140 0.001793031 -0.002302772 0.999995768 54.789951324
0.999982059 0.005569699 -0.002175075 1.106455207 -0.005564291 0.999981403 0.002485194 -1.487339973 0.002188876 -0.002473047 0.999994576 55.340301514
0.999984026 0.005159038 -0.002320173 1.119358420 -0.005153759 0.999984145 0.002275306 -1.497613907 0.002331875 -0.002263312 0.999994636 55.890361786
0.999980748 0.005653840 -0.002535263 1.124763250 -0.005646186 0.999979556 0.003015808 -1.514466166 0.002552262 -0.003001436 0.999992192 56.438705444
0.999983847 0.005142715 -0.002404530 1.134601474 -0.005136567 0.999983549 0.002555459 -1.534025550 0.002417634 -0.002543067 0.999993861 56.976737976
0.999981642 0.005706636 -0.002108018 1.142267346 -0.005701135 0.999980330 0.002606603 -1.547957659 0.002122851 -0.002594537 0.999994397 57.512256622
0.999982715 0.005357161 -0.002448219 1.153465629 -0.005350882 0.999982357 0.002564192 -1.563102484 0.002461913 -0.002551048 0.999993742 58.060443878
0.999985158 0.004975218 -0.002229278 1.162575126 -0.004969888 0.999984801 0.002390607 -1.570696115 0.002241137 -0.002379492 0.999994636 58.622619629
0.999982357 0.005291541 -0.002708468 1.175439358 -0.005283750 0.999981880 0.002875925 -1.581871271 0.002723637 -0.002861563 0.999992192 59.177387238
0.999982774 0.005242254 -0.002621045 1.182141900 -0.005235832 0.999983430 0.002451244 -1.600276709 0.002633852 -0.002437478 0.999993563 59.684646606
0.999981344 0.005440500 -0.002761692 1.197239399 -0.005434448 0.999982834 0.002194493 -1.614154339 0.002773583 -0.002179443 0.999993801 60.246490479
0.999982297 0.004931412 -0.003315549 1.211380959 -0.004924403 0.999985635 0.002118985 -1.623575330 0.003325951 -0.002102621 0.999992311 60.803272247
0.999982953 0.004979351 -0.003044204 1.217550397 -0.004973360 0.999985695 0.001972267 -1.637899041 0.003053982 -0.001957094 0.999993443 61.349338531
0.999983251 0.005173738 -0.002574814 1.225572228 -0.005168175 0.999984264 0.002162598 -1.651590705 0.002585961 -0.002149255 0.999994338 61.892547607
0.999983430 0.005049881 -0.002752067 1.235498667 -0.005043691 0.999984682 0.002251592 -1.668199062 0.002763395 -0.002237673 0.999993682 62.432472229
0.999983847 0.005305463 -0.002029141 1.241630316 -0.005301896 0.999984384 0.001760094 -1.679666281 0.002038448 -0.001749307 0.999996364 62.987884521
0.999981105 0.005980569 -0.001402093 1.248128057 -0.005977915 0.999980330 0.001888732 -1.694913983 0.001413360 -0.001880315 0.999997258 63.529838562
0.999977231 0.006600107 -0.001389136 1.255767822 -0.006597764 0.999976814 0.001683506 -1.711757302 0.001400213 -0.001674303 0.999997616 64.069946289
0.999980450 0.006110362 -0.001316288 1.267453909 -0.006108130 0.999979854 0.001691968 -1.725732446 0.001326601 -0.001683895 0.999997675 64.620941162
0.999978364 0.006315330 -0.001831796 1.284529805 -0.006311884 0.999978304 0.001882032 -1.744092464 0.001843642 -0.001870429 0.999996483 65.172912598
0.999981463 0.006012975 -0.001072392 1.290971160 -0.006011263 0.999980688 0.001592663 -1.753621101 0.001081948 -0.001586187 0.999998093 65.719253540
0.999977648 0.006624847 -0.000925446 1.297839046 -0.006623418 0.999976993 0.001537310 -1.766887307 0.000935609 -0.001531146 0.999998391 66.257476807
0.999981582 0.005980305 -0.000995609 1.308885455 -0.005979338 0.999981642 0.000968787 -1.775197506 0.001001385 -0.000962816 0.999999046 66.802543640
0.999982536 0.005708115 -0.001483270 1.325634003 -0.005706796 0.999983311 0.000891810 -1.789460421 0.001488336 -0.000883330 0.999998510 67.366645813
0.999978185 0.006573992 -0.000570534 1.332136154 -0.006573346 0.999977767 0.001128764 -1.808178782 0.000577943 -0.001124989 0.999999225 67.888442993
0.999974608 0.007043320 -0.001127057 1.341385841 -0.007042097 0.999974608 0.001086090 -1.818858504 0.001134678 -0.001078125 0.999998748 68.449287415
0.999971628 0.007521172 -0.000363846 1.340749145 -0.007520763 0.999971092 0.001107690 -1.849647403 0.000372166 -0.001104922 0.999999344 68.935279846
0.999973238 0.007290810 -0.000582995 1.352098942 -0.007290199 0.999972820 0.001046591 -1.861669421 0.000590610 -0.001042312 0.999999225 69.484397888
0.999967217 0.008092221 -0.000183353 1.360387564 -0.008092025 0.999966681 0.001040963 -1.876663685 0.000191770 -0.001039445 0.999999464 70.035377502
0.999963164 0.008564699 0.000516833 1.370069742 -0.008565077 0.999962986 0.000731465 -1.901025414 -0.000510549 -0.000735865 0.999999583 70.591194153
0.999957681 0.009129564 0.001095034 1.367970467 -0.009130150 0.999958217 0.000530978 -1.906750679 -0.001090141 -0.000540953 0.999999166 71.151626587
0.999964178 0.008441800 0.000639517 1.389602780 -0.008442066 0.999964237 0.000412473 -1.930645823 -0.000636012 -0.000417857 0.999999702 71.679878235
0.999966443 0.008183525 0.000321906 1.400454760 -0.008183807 0.999966145 0.000883538 -1.947637558 -0.000314665 -0.000886143 0.999999583 72.239715576
0.999967575 0.008034992 0.000515259 1.411885977 -0.008035168 0.999967575 0.000339701 -1.955362320 -0.000512512 -0.000343830 0.999999762 72.801452637
0.999969304 0.007816412 0.000342168 1.419617057 -0.007816614 0.999969244 0.000598582 -1.973569274 -0.000337478 -0.000601239 0.999999762 73.314277649
0.999960840 0.008800379 0.000872028 1.421715021 -0.008801337 0.999960661 0.001102713 -1.992992878 -0.000862289 -0.001110345 0.999998987 73.827812195
0.999956608 0.009234975 0.001241309 1.434992909 -0.009235172 0.999957263 0.000150238 -1.996909738 -0.001239868 -0.000161695 0.999999225 74.358322144
0.999952495 0.009670001 0.001310299 1.446282029 -0.009670801 0.999953032 0.000607331 -2.005127430 -0.001304365 -0.000619974 0.999998927 74.911598206
0.999962509 0.008650628 0.000433349 1.470793843 -0.008651010 0.999962151 0.000885744 -2.039627314 -0.000425670 -0.000889460 0.999999523 75.391174316
0.999967992 0.007989109 0.000470278 1.484147072 -0.007989208 0.999968052 0.000205869 -2.049619675 -0.000468619 -0.000209620 0.999999881 75.907501221
0.999961138 0.008795485 0.000477090 1.490035772 -0.008795390 0.999961317 -0.000198462 -2.060358286 -0.000478816 0.000194258 0.999999821 76.416297913
0.999954879 0.009455337 0.000939191 1.505962014 -0.009455055 0.999955177 -0.000303182 -2.074570656 -0.000942016 0.000294288 0.999999523 76.958374023
0.999953270 0.009655857 0.000519784 1.522098660 -0.009655617 0.999953210 -0.000465012 -2.092252493 -0.000524250 0.000459971 0.999999762 77.492362976
0.999965787 0.008220621 0.000849693 1.527458310 -0.008220865 0.999966145 0.000285713 -2.106210470 -0.000847314 -0.000292688 0.999999583 77.981552124
0.999962211 0.008543555 0.001597305 1.536091566 -0.008544209 0.999963403 0.000406160 -2.128075123 -0.001593776 -0.000419792 0.999998629 78.518936157
0.999957979 0.009005901 0.001696372 1.549148679 -0.009006267 0.999959409 0.000208499 -2.140343428 -0.001694426 -0.000223768 0.999998569 79.063903809
0.999958277 0.008967784 0.001713822 1.557660222 -0.008967753 0.999959767 -0.000026041 -2.151848555 -0.001713986 0.000010671 0.999998510 79.605262756
0.999963164 0.008401790 0.001762154 1.576416850 -0.008402087 0.999964714 0.000161301 -2.172389984 -0.001760737 -0.000176101 0.999998450 80.140907288
0.999956429 0.009009780 0.002426058 1.591291189 -0.009010080 0.999959409 0.000112908 -2.186763048 -0.002424942 -0.000134762 0.999997079 80.684791565
0.999956846 0.008593302 0.003532976 1.608150959 -0.008593027 0.999963105 -0.000093226 -2.207195520 -0.003533647 0.000062863 0.999993742 81.223060608
0.999954283 0.008246724 0.004836865 1.625174642 -0.008246249 0.999965966 -0.000118046 -2.222898245 -0.004837674 0.000078154 0.999988317 81.763481140
0.999938667 0.008919035 0.006573178 1.631368160 -0.008919251 0.999960184 0.000003418 -2.234575748 -0.006572886 -0.000062046 0.999978423 82.319541931
0.999905109 0.009573776 0.009905545 1.652307749 -0.009572218 0.999954164 -0.000204694 -2.254533291 -0.009907051 0.000109856 0.999950945 82.868896484
0.999865413 0.009465610 0.013394364 1.667959929 -0.009462800 0.999955177 -0.000273337 -2.265116930 -0.013396350 0.000146552 0.999910235 83.413574219
0.999820769 0.008780967 0.016769189 1.695170641 -0.008774192 0.999961376 -0.000477487 -2.285199165 -0.016772732 0.000330265 0.999859273 83.931709290
0.999745727 0.008566968 0.020860916 1.723274231 -0.008553931 0.999963164 -0.000714187 -2.300580740 -0.020866267 0.000535563 0.999782145 84.473014832
0.999598563 0.009294595 0.026767831 1.747269392 -0.009281466 0.999956727 -0.000614718 -2.307152510 -0.026772391 0.000366026 0.999641478 85.030426025
0.999394834 0.009426630 0.033482455 1.769287467 -0.009405931 0.999955475 -0.000775584 -2.325964212 -0.033488277 0.000460180 0.999438941 85.553077698
0.999151349 0.010132845 0.039920844 1.800902843 -0.010119248 0.999948680 -0.000542635 -2.344340324 -0.039924294 0.000138205 0.999202669 86.098869324
0.998853445 0.008923476 0.047032952 1.862105846 -0.008892754 0.999960065 -0.000862384 -2.356957912 -0.047038771 0.000443142 0.998892903 86.665321350
0.998429775 0.008571774 0.055357773 1.914800167 -0.008501845 0.999962687 -0.001498655 -2.369263411 -0.055368558 0.001025659 0.998465478 87.213600159
0.998023391 0.008190738 0.062307116 1.970696688 -0.008112112 0.999965966 -0.001514772 -2.385695696 -0.062317405 0.001006335 0.998055816 87.769844055
0.997363985 0.008950333 0.072006613 2.025175095 -0.008868551 0.999959588 -0.001455371 -2.404738903 -0.072016746 0.000812940 0.997403085 88.329956055
0.996600151 0.008513183 0.081949010 2.091579437 -0.008381373 0.999963045 -0.001952315 -2.420806885 -0.081962600 0.001258832 0.996634603 88.858695984
0.995844483 0.008162657 0.090703622 2.159530163 -0.008027405 0.999966085 -0.001855861 -2.437092781 -0.090715684 0.001120034 0.995876133 89.468872070
0.995146513 0.008193783 0.098062858 2.240524292 -0.008017888 0.999965370 -0.002187644 -2.445637941 -0.098077409 0.001390769 0.995177805 89.959701538
0.994116783 0.005986901 0.108147234 2.321204185 -0.005688333 0.999979138 -0.003069040 -2.464494228 -0.108163342 0.002435807 0.994130135 90.644279480
0.992894471 0.007031431 0.118790142 2.394552231 -0.006768176 0.999973595 -0.002619425 -2.479043961 -0.118805453 0.001796820 0.992915869 91.158828735
0.991713226 0.006647915 0.128298581 2.479433060 -0.006307046 0.999975324 -0.003062939 -2.497577429 -0.128315806 0.002228372 0.991730750 91.693534851
0.990159750 0.006827123 0.139774874 2.583938599 -0.006534306 0.999975383 -0.002553730 -2.511916637 -0.139788866 0.001615269 0.990180016 92.216705322
0.988400877 0.006085235 0.151745349 2.692608833 -0.005768554 0.999980152 -0.002527073 -2.531712294 -0.151757717 0.001622410 0.988416374 92.727851868
0.986623704 0.005969382 0.162905186 2.794789314 -0.005672355 0.999981284 -0.002288394 -2.550913334 -0.162915796 0.001333728 0.986639082 93.262619019
0.984966934 0.005744663 0.172647938 2.937216759 -0.005315940 0.999981523 -0.002945480 -2.562815428 -0.172661722 0.001983414 0.984979212 93.798561096
0.982609153 0.005297107 0.185610354 3.039931297 -0.004911867 0.999984682 -0.002535314 -2.580777407 -0.185620949 0.001579530 0.982620180 94.344207764
0.980229080 0.005100595 0.197800353 3.171164513 -0.004583691 0.999984920 -0.003071023 -2.595943213 -0.197813004 0.002103650 0.980237544 94.820861816
0.978135645 0.004410996 0.207921371 3.303344727 -0.003811801 0.999987423 -0.003282404 -2.612807035 -0.207933232 0.002418082 0.978140056 95.356536865
0.975392520 0.004146768 0.220436409 3.481918335 -0.003500638 0.999988377 -0.003321696 -2.623081684 -0.220447645 0.002468289 0.975395679 95.873855591
0.972286165 0.003663898 0.233765319 3.604089737 -0.003032351 0.999990702 -0.003060981 -2.645614624 -0.233774364 0.002267291 0.972288191 96.419815063
0.969587624 0.003261369 0.244722605 3.787721634 -0.002430104 0.999990225 -0.003698625 -2.654460430 -0.244732276 0.002991440 0.969586074 96.920158386
0.966689765 0.001275403 0.255947828 3.928022385 -0.000232300 0.999991477 -0.004105646 -2.672286510 -0.255950898 0.003909429 0.966681898 97.541389465
0.963368416 0.002781755 0.268166780 4.129383087 -0.002238024 0.999994814 -0.002333245 -2.698960543 -0.268171906 0.001647611 0.963369668 97.937004089
0.959265769 0.003432403 0.282484382 4.261672974 -0.002518503 0.999990344 -0.003598274 -2.699676991 -0.282494009 0.002740263 0.959265172 98.549575806
0.956054211 0.000905243 0.293188721 4.461257935 -0.000080020 0.999995947 -0.002826630 -2.739361763 -0.293190151 0.002678950 0.956050396 99.087882996
0.951554894 0.002679341 0.307467580 4.639698029 -0.001885793 0.999994099 -0.002877993 -2.749503613 -0.307473511 0.002158748 0.951554120 99.525283813
0.947089612 0.001916613 0.320963621 4.847019196 -0.001093396 0.999995649 -0.002745051 -2.765623808 -0.320967466 0.002248870 0.947087467 100.046073914
0.943103254 0.001525016 0.332496494 5.050659180 -0.000442785 0.999994338 -0.003330605 -2.776867390 -0.332499772 0.002993879 0.943098545 100.552215576
0.938049316 0.002094103 0.346495479 5.253494263 -0.001179703 0.999995232 -0.002849887 -2.797716618 -0.346499771 0.002264573 0.938047290 101.066436768
0.932979465 0.000903955 0.359928638 5.473409653 0.000355956 0.999994040 -0.003434151 -2.811977863 -0.359929591 0.003332111 0.932973504 101.564041138
0.928392887 0.000050316 0.371600151 5.697067261 0.001081806 0.999995470 -0.002838150 -2.832386017 -0.371598542 0.003036917 0.928388536 102.028472900
0.923308849 0.001590612 0.384054780 5.920772552 -0.000566869 0.999995947 -0.002778798 -2.849042892 -0.384057701 0.002347980 0.923306108 102.591461182
0.917607486 -0.001463035 0.397485375 6.202968597 0.003066686 0.999989510 -0.003398851 -2.861619949 -0.397476286 0.004337773 0.917602241 103.132781982
0.911855280 -0.002046820 0.410506785 6.453022003 0.003082654 0.999993563 -0.001861425 -2.881191015 -0.410500318 0.002962800 0.911855638 103.628654480
0.906629384 -0.002684768 0.421919316 6.691448212 0.003865031 0.999990642 -0.001942095 -2.899801731 -0.421910107 0.003391492 0.906631351 104.095672607
0.901010394 -0.002037739 0.433792651 6.962287903 0.003754277 0.999988079 -0.003100390 -2.915995359 -0.433781296 0.004422062 0.901007295 104.594551086
0.894342244 -0.001577155 0.447380632 7.227905273 0.003253051 0.999990225 -0.002977778 -2.931001425 -0.447371632 0.004118504 0.894338608 105.078041077
0.888310075 -0.001336657 0.459242284 7.505142212 0.002916559 0.999992013 -0.002730937 -2.946920633 -0.459235013 0.003765325 0.888306797 105.571060181
0.882375777 -0.003125770 0.470535249 7.796707153 0.004984421 0.999984026 -0.002704179 -2.961909771 -0.470519274 0.004731448 0.882377088 106.086341858
0.874863505 -0.003126646 0.484359533 8.080696106 0.005202670 0.999982238 -0.002942104 -2.977098703 -0.484341681 0.005093903 0.874864101 106.549995422
0.867958665 -0.003957587 0.496620536 8.373439789 0.006043948 0.999978364 -0.002594328 -2.994860649 -0.496599495 0.005253318 0.867963910 106.992401123
