1.000000000 0.000000000 0.000000000 0.000000000 0.000000000 1.000000000 0.000000000 0.000000000 0.000000000 0.000000000 1.000000000 0.000000000
1.000000000 0.000013958 0.000130486 -0.003354639 -0.000013931 1.000000000 -0.000205664 0.004325699 -0.000130489 0.000205663 1.000000000 0.004190475
1.000000000 0.000029859 0.000061599 -0.002292943 -0.000029850 1.000000000 -0.000137128 0.002367941 -0.000061603 0.000137126 1.000000000 0.000581313
0.999999940 0.000329303 0.000113860 0.000043342 -0.000329288 0.999999940 -0.000132580 0.003610305 -0.000113904 0.000132543 1.000000000 -0.001874101
1.000000000 0.000219721 0.000048040 0.002728884 -0.000219717 1.000000000 -0.000085310 0.001972791 -0.000048059 0.000085299 1.000000000 -0.001333683
1.000000000 0.000162451 0.000067687 0.000177921 -0.000162447 1.000000000 -0.000057062 0.002143707 -0.000067696 0.000057051 1.000000000 -0.001205795
1.000000000 0.000124822 0.000128722 -0.001831346 -0.000124810 1.000000000 -0.000091787 0.002062896 -0.000128733 0.000091771 1.000000000 -0.000744373
1.000000000 0.000021113 -0.000008689 0.000974297 -0.000021113 1.000000000 -0.000027516 0.001647154 0.000008688 0.000027516 1.000000000 -0.002494236
1.000000000 0.000085198 0.000168504 -0.005588075 -0.000085169 1.000000000 -0.000171095 0.003925993 -0.000168518 0.000171081 1.000000000 0.004211283
0.999999940 0.000180054 0.000209184 -0.004669345 -0.000180029 1.000000000 -0.000120139 0.002000097 -0.000209205 0.000120102 1.000000000 -0.001846481
0.999999940 0.000171593 0.000195758 -0.003786942 -0.000171559 1.000000000 -0.000172933 0.002279319 -0.000195787 0.000172900 0.999999940 -0.000731955
1.000000000 0.000155010 0.000080539 0.000033127 -0.000155003 1.000000000 -0.000081586 0.002297751 -0.000080552 0.000081573 1.000000000 -0.004764901
1.000000000 0.000119384 0.000198493 -0.005462270 -0.000119374 1.000000000 -0.000049139 0.000545370 -0.000198498 0.000049115 1.000000000 -0.003080256
1.000000000 0.000008073 0.000111937 -0.003059650 -0.000008060 1.000000000 -0.000116819 0.000548482 -0.000111938 0.000116818 1.000000000 -0.001863568
1.000000000 0.000087103 0.000091563 -0.000911381 -0.000087090 1.000000000 -0.000142720 0.002701994 -0.000091575 0.000142712 1.000000000 -0.003441782
1.000000000 -0.000200209 -0.000121446 0.002285144 0.000200205 1.000000000 -0.000038037 0.000740099 0.000121454 0.000038012 1.000000000 -0.006537794
1.000000000 -0.000239380 0.000006130 -0.002277561 0.000239381 0.999999940 -0.000121638 0.000696133 -0.000006101 0.000121639 1.000000000 -0.004765386
1.000000000 -0.000104485 0.000011429 0.000580922 0.000104485 1.000000000 -0.000020149 -0.000122195 -0.000011427 0.000020150 1.000000000 -0.007573753
1.000000000 0.000102393 -0.000002876 0.000048673 -0.000102393 1.000000000 0.000001566 0.002269571 0.000002876 -0.000001566 1.000000000 -0.007371208
1.000000000 -0.000114618 -0.000027129 -0.001244554 0.000114617 1.000000000 -0.000037119 -0.000478967 0.000027134 0.000037115 1.000000000 -0.007892943
1.000000000 -0.000016510 0.000060460 -0.001254966 0.000016516 1.000000000 -0.000103485 0.001240786 -0.000060458 0.000103486 1.000000000 -0.007135418
1.000000000 -0.000143884 0.000021981 -0.000016470 0.000143884 1.000000000 -0.000025607 -0.000174877 -0.000021977 0.000025610 1.000000000 -0.003716503
1.000000000 0.000139125 0.000178051 -0.006256724 -0.000139087 0.999999940 -0.000211523 0.003812068 -0.000178081 0.000211499 0.999999940 0.004012019
1.000000000 -0.000082544 -0.000072539 0.000611533 0.000082536 1.000000000 -0.000109257 0.000813346 0.000072548 0.000109251 1.000000000 0.000752131
1.000000000 -0.000073253 0.000022526 -0.000849058 0.000073253 1.000000000 -0.000009075 0.002174608 -0.000022526 0.000009077 1.000000000 -0.000109230
1.000000000 0.000013559 -0.000046083 0.002527581 -0.000013565 1.000000000 -0.000134774 0.003129338 0.000046082 0.000134775 1.000000000 -0.007055117
1.000000000 -0.000078032 0.000093156 -0.001819698 0.000078043 1.000000000 -0.000116512 0.002607089 -0.000093147 0.000116519 1.000000000 -0.004398503
0.999999940 0.000255227 0.000203552 -0.005262919 -0.000255187 0.999999940 -0.000195393 0.003071481 -0.000203602 0.000195341 0.999999940 -0.000114562
1.000000000 0.000016082 0.000100464 -0.003100427 -0.000016079 1.000000000 -0.000034524 0.002003151 -0.000100465 0.000034522 1.000000000 -0.001146684
1.000000000 -0.000196171 0.000014412 -0.004711852 0.000196174 0.999999940 -0.000170167 0.006102765 -0.000014379 0.000170169 1.000000000 0.003088079
1.000000000 -0.000101370 0.000023569 -0.002536512 0.000101372 1.000000000 -0.000063275 0.002216553 -0.000023562 0.000063277 1.000000000 -0.001388221
1.000000000 -0.000107714 0.000125309 -0.003607826 0.000107709 1.000000000 0.000037383 0.000978516 -0.000125313 -0.000037369 1.000000000 0.000402942
1.000000000 -0.000193755 0.000058776 -0.003633316 0.000193754 1.000000000 0.000017083 0.001066487 -0.000058780 -0.000017072 1.000000000 -0.004693049
1.000000000 -0.000132720 0.000005261 -0.002912254 0.000132720 1.000000000 -0.000009263 0.001974900 -0.000005260 0.000009264 1.000000000 -0.002040496
1.000000000 0.000086810 0.000080683 -0.004088101 -0.000086795 1.000000000 -0.000177662 0.002047104 -0.000080698 0.000177655 1.000000000 0.000034409
1.000000000 0.000058885 0.000105531 -0.004658235 -0.000058873 1.000000000 -0.000113006 0.003030331 -0.000105538 0.000113000 1.000000000 0.000464157
1.000000000 -0.000124396 -0.000170598 0.003259752 0.000124420 1.000000000 0.000139439 -0.000634867 0.000170581 -0.000139461 1.000000000 -0.013009191
1.000000000 -0.000006660 0.000073396 -0.003732587 0.000006679 0.999999940 -0.000249846 0.004297951 -0.000073394 0.000249847 0.999999940 0.001477096
1.000000000 -0.000170525 0.000072610 -0.002771249 0.000170526 1.000000000 -0.000022534 0.002038761 -0.000072606 0.000022547 1.000000000 -0.000564468
1.000000000 -0.000035091 -0.000050009 0.001266845 0.000035099 1.000000000 0.000160934 -0.000861989 0.000050004 -0.000160936 1.000000000 -0.008873759
0.999999940 -0.000263786 -0.000126319 0.000341766 0.000263788 0.999999940 0.000017276 -0.001012205 0.000126314 -0.000017309 1.000000000 -0.001055763
1.000000000 0.000047476 0.000085683 0.002044924 -0.000047422 0.999999821 -0.000636780 -0.003721418 -0.000085713 0.000636776 0.999999821 0.049142849
1.000000000 0.000028121 -0.000014150 -0.000334707 -0.000028144 0.999998748 -0.001568960 0.001037424 0.000014106 0.001568960 0.999998748 0.147981822
1.000000000 -0.000055389 -0.000075214 0.004966025 0.000055271 0.999998748 -0.001570550 -0.007612026 0.000075300 0.001570546 0.999998748 0.264171064
1.000000000 -0.000207939 0.000023462 0.002521602 0.000207972 0.999998987 -0.001405237 -0.012204302 -0.000023170 0.001405242 0.999998987 0.395870596
1.000000000 0.000009563 -0.000084908 0.005025650 -0.000009665 0.999999285 -0.001193389 -0.017644024 0.000084896 0.001193390 0.999999285 0.537330568
1.000000000 -0.000021509 0.000163513 0.006161136 0.000021668 0.999999523 -0.000970199 -0.031482991 -0.000163492 0.000970203 0.999999523 0.680371881
0.999999881 -0.000455216 -0.000021719 0.020355310 0.000455203 0.999999702 -0.000574305 -0.032390010 0.000021981 0.000574295 0.999999821 0.847204745
0.999999940 -0.000195464 -0.000181285 0.023460822 0.000195361 0.999999821 -0.000570585 -0.037161384 0.000181397 0.000570550 0.999999821 1.030746341
0.999999940 -0.000114154 0.000240444 0.014114443 0.000114324 0.999999762 -0.000707809 -0.038094237 -0.000240363 0.000707837 0.999999702 1.211606979
1.000000000 -0.000227756 -0.000044955 0.030238220 0.000227729 0.999999821 -0.000600701 -0.047290843 0.000045092 0.000600691 0.999999821 1.415352345
0.999999583 -0.000600183 -0.000693273 0.042739943 0.000599958 0.999999762 -0.000324147 -0.056650512 0.000693468 0.000323731 0.999999702 1.611427546
0.999997854 -0.001936328 0.000764740 0.016450400 0.001936135 0.999998093 0.000252636 -0.060600292 -0.000765228 -0.000251155 0.999999642 1.706142306
0.999997079 -0.002254892 0.000916523 0.021231018 0.002254419 0.999997377 0.000517309 -0.065837622 -0.000917687 -0.000515241 0.999999464 1.913831353
0.999998569 -0.001536920 0.000709114 0.024108034 0.001536615 0.999998748 0.000430524 -0.077212818 -0.000709775 -0.000429434 0.999999583 2.102269888
0.999998868 -0.001424268 0.000499676 0.031325065 0.001423965 0.999998868 0.000606703 -0.083368681 -0.000500540 -0.000605991 0.999999702 2.322760344
0.999998510 -0.001560526 0.000710113 0.027673701 0.001560062 0.999998569 0.000653621 -0.091009974 -0.000711132 -0.000652512 0.999999523 2.547786951
0.999998868 -0.000928160 0.001230903 0.032060154 0.000927126 0.999999285 0.000839897 -0.098307773 -0.001231682 -0.000838754 0.999998927 2.787097692
0.999998510 -0.001220806 0.001196299 0.036263399 0.001219712 0.999998868 0.000915327 -0.113576047 -0.001197415 -0.000913867 0.999998927 3.023387671
0.999998033 -0.001770418 0.000889699 0.041561238 0.001769591 0.999997973 0.000929036 -0.112780377 -0.000891342 -0.000927460 0.999999166 3.229019403
0.999997973 -0.001774615 0.000937229 0.052908618 0.001773711 0.999997914 0.000963925 -0.119928561 -0.000938938 -0.000962261 0.999999106 3.493274212
0.999998808 -0.001058877 0.001117274 0.053871341 0.001057970 0.999999106 0.000811585 -0.125649080 -0.001118132 -0.000810402 0.999998987 3.744252443
0.999998093 -0.001619039 0.001180787 0.066761158 0.001617750 0.999998033 0.001092427 -0.134862885 -0.001182554 -0.001090514 0.999998689 4.039233685
0.999998629 -0.001545327 0.000565692 0.067946568 0.001544568 0.999997914 0.001339770 -0.140375793 -0.000567761 -0.001338895 0.999998927 4.266930103
0.999998212 -0.001561348 0.001039637 0.061864845 0.001559466 0.999997139 0.001809272 -0.164317250 -0.001042459 -0.001807647 0.999997795 4.483876705
0.999998093 -0.001641457 0.001027084 0.071603380 0.001639378 0.999996603 0.002021465 -0.173688471 -0.001030399 -0.002019777 0.999997377 4.741315842
0.999998152 -0.001439455 0.001281307 0.073331811 0.001436963 0.999997079 0.001943581 -0.177454218 -0.001284101 -0.001941736 0.999997258 4.992545128
0.999997377 -0.002120213 0.000816277 0.085805476 0.002118623 0.999995828 0.001943844 -0.184893668 -0.000820395 -0.001942110 0.999997795 5.257863522
0.999996841 -0.001685531 0.001855767 0.061667055 0.001681385 0.999996006 0.002233720 -0.214145944 -0.001859524 -0.002230593 0.999995768 5.524704456
0.999996960 -0.001738522 0.001759776 0.072455674 0.001734469 0.999995828 0.002302434 -0.220945984 -0.001763772 -0.002299374 0.999995768 5.790705204
0.999997318 -0.000804814 0.002188543 0.073945589 0.000799852 0.999997079 0.002267346 -0.230261177 -0.002190361 -0.002265590 0.999994993 6.068070889
0.999995828 -0.001363532 0.002548654 0.077969164 0.001357370 0.999996126 0.002418162 -0.239565149 -0.002551942 -0.002414692 0.999993861 6.343052387
0.999996006 -0.001864698 0.002155530 0.081592694 0.001859232 0.999994993 0.002535264 -0.256816924 -0.002160247 -0.002531246 0.999994457 6.642664433
0.999995589 -0.001631684 0.002485170 0.089855433 0.001625964 0.999996006 0.002302061 -0.247516826 -0.002488917 -0.002298010 0.999994278 6.943233967
0.999997079 -0.001701007 0.001791190 0.108555637 0.001696776 0.999995768 0.002361304 -0.267260671 -0.001795199 -0.002358257 0.999995530 7.202980042
0.999996066 -0.002391998 0.001470899 0.123366609 0.002388453 0.999994159 0.002407068 -0.280874193 -0.001476648 -0.002403545 0.999996066 7.512683868
0.999997139 -0.001877862 0.001493978 0.134539008 0.001873659 0.999994278 0.002810088 -0.290302426 -0.001499246 -0.002807281 0.999994934 7.836441040
0.999996781 -0.001940382 0.001597855 0.128358051 0.001936409 0.999994993 0.002484095 -0.292248756 -0.001602667 -0.002480993 0.999995649 8.153404236
0.999996722 -0.001893959 0.001693869 0.131718576 0.001889778 0.999995172 0.002466020 -0.298523098 -0.001698532 -0.002462811 0.999995530 8.475040436
0.999995053 -0.002544798 0.001865975 0.113213971 0.002539989 0.999993503 0.002575358 -0.313435555 -0.001872517 -0.002570606 0.999994934 8.791810989
0.999996662 -0.001691812 0.001966661 0.126783043 0.001686133 0.999994397 0.002885536 -0.322489858 -0.001971531 -0.002882211 0.999993920 9.107352257
0.999995768 -0.002488814 0.001505339 0.144390970 0.002484855 0.999993503 0.002625691 -0.327201664 -0.001511864 -0.002621939 0.999995470 9.450656891
0.999995828 -0.002642605 0.001164084 0.158423662 0.002639314 0.999992490 0.002819718 -0.334688693 -0.001171527 -0.002816634 0.999995410 9.806668282
0.999996126 -0.002179864 0.001734277 0.154775172 0.002175100 0.999993801 0.002744308 -0.344702363 -0.001740249 -0.002740526 0.999994755 10.159974098
0.999996364 -0.002380045 0.001200545 0.172957256 0.002376302 0.999992311 0.003109865 -0.357588500 -0.001207937 -0.003107001 0.999994457 10.533856392
0.999994755 -0.002992154 0.001240376 0.206581876 0.002988371 0.999990761 0.003040722 -0.351222515 -0.001249463 -0.003036999 0.999994576 10.900794983
0.999996245 -0.002289752 0.001523143 0.186890215 0.002283345 0.999988616 0.004195367 -0.408708245 -0.001532732 -0.004191874 0.999990046 11.190776825
0.999993742 -0.003325882 0.001160078 0.202776387 0.003321411 0.999987125 0.003835459 -0.409930110 -0.001172819 -0.003831582 0.999992013 11.581952095
0.999995828 -0.002575985 0.001324126 0.206073761 0.002570783 0.999989092 0.003915264 -0.417567611 -0.001334197 -0.003911844 0.999991477 11.953617096
0.999996543 -0.001834373 0.001880902 0.206112474 0.001826406 0.999989390 0.004228550 -0.435058624 -0.001888639 -0.004225100 0.999989331 12.318284035
0.999995112 -0.002773372 0.001445196 0.227586508 0.002767764 0.999988735 0.003868627 -0.435083389 -0.001455909 -0.003864609 0.999991417 12.721842766
0.999994278 -0.003181794 0.001182635 0.242404744 0.003176889 0.999986410 0.004126415 -0.456636786 -0.001195748 -0.004122633 0.999990761 13.089226723
0.999994814 -0.002482830 0.002056125 0.230739921 0.002473010 0.999985695 0.004764291 -0.486844897 -0.002067924 -0.004759182 0.999986470 13.472728729
0.999994695 -0.002263290 0.002334869 0.239200935 0.002250994 0.999983668 0.005255311 -0.495304912 -0.002346725 -0.005250027 0.999983430 13.887696266
0.999994338 -0.002557907 0.002187498 0.255568832 0.002546488 0.999983191 0.005206883 -0.519379795 -0.002200780 -0.005201284 0.999984026 14.314847946
0.999990404 -0.003643084 0.002419775 0.257810175 0.003629371 0.999977410 0.005647649 -0.524630368 -0.002440295 -0.005638813 0.999981105 14.711736679
0.999991000 -0.003447779 0.002474013 0.270960152 0.003433872 0.999978364 0.005603753 -0.529190302 -0.002493280 -0.005595207 0.999981225 15.131257057
0.999987662 -0.004272732 0.002525911 0.287500739 0.004258094 0.999974251 0.005772560 -0.560574591 -0.002550511 -0.005761733 0.999980152 15.543324471
0.999988914 -0.003979957 0.002508374 0.303252310 0.003964926 0.999974310 0.005969321 -0.574330628 -0.002532067 -0.005959309 0.999979079 15.981778145
0.999986112 -0.004501875 0.002748608 0.309351981 0.004486168 0.999973714 0.005694023 -0.582354784 -0.002774170 -0.005681613 0.999979973 16.420751572
0.999984145 -0.004460219 0.003418775 0.316228241 0.004441576 0.999975324 0.005441514 -0.588927090 -0.003442961 -0.005426242 0.999979377 16.892890930
0.999988437 -0.003087783 0.003673100 0.318578243 0.003065520 0.999976933 0.006051375 -0.601491213 -0.003691701 -0.006040044 0.999974966 17.385110855
0.999986649 -0.003703646 0.003602842 0.327662647 0.003680647 0.999972939 0.006369375 -0.618028581 -0.003626335 -0.006356029 0.999973178 17.754039764
0.999984741 -0.003732499 0.004079185 0.338853568 0.003706593 0.999972999 0.006339922 -0.625099003 -0.004102739 -0.006324706 0.999971569 18.230552673
0.999985158 -0.003684629 0.004008312 0.340372622 0.003657288 0.999970138 0.006807088 -0.646560848 -0.004033274 -0.006792327 0.999968827 18.709981918
0.999984622 -0.003678347 0.004160502 0.366477340 0.003649384 0.999969244 0.006947801 -0.658733666 -0.004185930 -0.006932511 0.999967217 19.203876495
0.999985635 -0.003203328 0.004297387 0.372943282 0.003173536 0.999971032 0.006921534 -0.676809788 -0.004319434 -0.006907797 0.999966800 19.677595139
0.999984205 -0.003854460 0.004095183 0.374833286 0.003825376 0.999967515 0.007086204 -0.689693451 -0.004122364 -0.007070426 0.999966502 20.095973969
0.999982715 -0.004633692 0.003628936 0.386093676 0.004606010 0.999960482 0.007599582 -0.710720122 -0.003664006 -0.007582735 0.999964535 20.587219238
0.999987781 -0.004043016 0.002862729 0.410215557 0.004021232 0.999963224 0.007574672 -0.725502729 -0.002893248 -0.007563068 0.999967217 21.114679337
0.999987245 -0.004117845 0.002953530 0.413521498 0.004096153 0.999964774 0.007313331 -0.723756492 -0.002983541 -0.007301138 0.999968886 21.616117477
0.999984086 -0.005286095 0.002040754 0.430405051 0.005269703 0.999954462 0.007956319 -0.753507197 -0.002082719 -0.007945438 0.999966264 22.037126541
0.999984443 -0.005400652 0.001355569 0.429490089 0.005389859 0.999954760 0.007843310 -0.764699936 -0.001397866 -0.007835882 0.999968350 22.553733826
0.999985039 -0.005315789 0.001280671 0.436450839 0.005306167 0.999958515 0.007403203 -0.772018671 -0.001319972 -0.007396298 0.999971807 23.094326019
0.999986649 -0.005037145 0.001164675 0.436704338 0.005028510 0.999960721 0.007301946 -0.782599688 -0.001201410 -0.007295992 0.999972641 23.652412415
0.999983728 -0.005663041 -0.000543977 0.461531848 0.005667177 0.999952495 0.007930295 -0.799947143 0.000499042 -0.007933250 0.999968410 24.134880066
0.999986291 -0.005230198 -0.000157841 0.465260983 0.005231334 0.999951422 0.008362317 -0.805310369 0.000114096 -0.008363029 0.999965072 24.682174683
0.999983251 -0.005593655 -0.001491109 0.470805228 0.005604765 0.999955714 0.007553882 -0.804686904 0.001448790 -0.007562113 0.999970317 25.239019394
0.999982655 -0.005664991 -0.001594106 0.480638236 0.005676873 0.999955416 0.007550947 -0.818033397 0.001551258 -0.007559867 0.999970198 25.762666702
0.999974191 -0.006745477 -0.002466278 0.497178733 0.006769317 0.999929190 0.009789333 -0.863476694 0.002400069 -0.009805775 0.999949038 26.312772751
0.999969840 -0.007042480 -0.003276102 0.516253054 0.007074051 0.999927700 0.009727070 -0.878458142 0.003207362 -0.009749953 0.999947309 26.864826202
0.999979436 -0.005618673 -0.003077923 0.519430816 0.005648994 0.999934793 0.009932996 -0.899507999 0.003021912 -0.009950181 0.999945879 27.400041580
0.999977231 -0.005624621 -0.003714308 0.522360504 0.005660854 0.999935746 0.009817612 -0.904211044 0.003658849 -0.009838415 0.999944925 28.002775192
0.999979019 -0.005288072 -0.003749602 0.528826714 0.005324924 0.999936998 0.009887536 -0.921619892 0.003697079 -0.009907295 0.999944091 28.530056000
0.999968708 -0.006819521 -0.004016125 0.493090451 0.006861420 0.999921203 0.010513039 -0.964756727 0.003944114 -0.010540265 0.999936700 28.954811096
0.999970078 -0.006476100 -0.004233104 0.499064147 0.006520705 0.999922454 0.010609887 -0.974977136 0.004164065 -0.010637171 0.999934793 29.494647980
0.999971211 -0.006510371 -0.003898474 0.492828071 0.006551716 0.999921441 0.010688347 -1.001943946 0.003828582 -0.010713582 0.999935269 30.030351639
0.999968886 -0.006418548 -0.004582806 0.543871999 0.006469002 0.999917686 0.011080972 -1.013993502 0.004511305 -0.011110273 0.999928176 30.582227707
0.999974310 -0.005259591 -0.004866305 0.491975188 0.005316468 0.999916852 0.011749881 -1.061347604 0.004804101 -0.011775451 0.999919057 31.041835785
0.999970973 -0.005709595 -0.005053327 0.501531661 0.005769227 0.999912977 0.011865927 -1.075564027 0.004985138 -0.011894736 0.999916792 31.573438644
0.999970496 -0.005518504 -0.005343524 0.508882999 0.005583501 0.999909759 0.012226262 -1.082211256 0.005275570 -0.012255737 0.999910951 32.085865021
0.999983549 -0.003446977 -0.004575265 0.476259887 0.003501677 0.999921858 0.012002188 -1.108361721 0.004533536 -0.012018012 0.999917448 32.582908630
0.999967754 -0.005724022 -0.005629065 0.488623977 0.005792191 0.999909163 0.012169418 -1.101082325 0.005558896 -0.012201630 0.999910057 33.186336517
0.999969959 -0.005262109 -0.005683199 0.497623265 0.005334501 0.999903858 0.012798715 -1.127871871 0.005615304 -0.012828646 0.999901950 33.725368500
0.999958873 -0.006659499 -0.006145368 0.498983711 0.006740137 0.999890208 0.013195734 -1.172055125 0.006056815 -0.013236611 0.999894023 34.250747681
0.999954343 -0.006976872 -0.006523278 0.510299981 0.007059662 0.999893725 0.012755777 -1.169525623 0.006433588 -0.012801248 0.999897361 34.795162201
0.999956071 -0.007084786 -0.006125292 0.503389120 0.007168421 0.999879837 0.013741653 -1.196389437 0.006027200 -0.013784962 0.999886811 35.331275940
0.999965250 -0.005766161 -0.006017051 0.503782928 0.005846919 0.999891937 0.013491538 -1.199328899 0.005938607 -0.013526251 0.999890864 35.867633820
0.999959350 -0.005958506 -0.006758054 0.525648296 0.006055624 0.999877334 0.014442442 -1.225885868 0.006671171 -0.014482782 0.999872863 36.373897552
0.999954820 -0.007256265 -0.006144085 0.502729177 0.007339897 0.999879181 0.013700442 -1.219686270 0.006043929 -0.013744922 0.999887168 36.946552277
0.999957442 -0.006007426 -0.006991619 0.523331761 0.006106475 0.999880075 0.014232902 -1.228772402 0.006905278 -0.014274994 0.999874234 37.501159668
0.999934912 -0.009604123 -0.006157344 0.464470059 0.009701835 0.999824226 0.016040733 -1.265527129 0.006002204 -0.016099429 0.999852359 37.955986023
0.999911308 -0.011008251 -0.007487567 0.479012758 0.011130457 0.999802232 0.016480111 -1.303712606 0.007304669 -0.016561994 0.999836147 38.543209076
0.999934852 -0.008941613 -0.007093122 0.451918304 0.009052110 0.999835730 0.015702127 -1.287853956 0.006951553 -0.015765315 0.999851465 39.019126892
0.999943018 -0.008489648 -0.006473212 0.451347530 0.008587609 0.999846637 0.015258745 -1.299074888 0.006342677 -0.015313465 0.999862552 39.553916931
0.999941528 -0.008241083 -0.006987594 0.468684077 0.008348659 0.999844909 0.015508407 -1.304022312 0.006858703 -0.015565836 0.999855280 40.115074158
0.999946058 -0.007640036 -0.007036388 0.476653248 0.007745774 0.999855518 0.015124528 -1.316675186 0.006919820 -0.015178215 0.999860823 40.682048798
0.999928534 -0.009299730 -0.007508789 0.479478270 0.009423449 0.999817610 0.016612837 -1.340948462 0.007352923 -0.016682403 0.999833822 41.204696655
0.999923944 -0.009589129 -0.007755106 0.493666887 0.009715148 0.999818623 0.016378623 -1.347965956 0.007596642 -0.016452719 0.999835730 41.777034760
0.999915123 -0.010295945 -0.007981868 0.500529528 0.010429002 0.999804258 0.016811443 -1.347047329 0.007807214 -0.016893260 0.999826789 42.321544647
0.999929905 -0.008962052 -0.007735207 0.503420949 0.009088590 0.999822855 0.016481506 -1.369499683 0.007586128 -0.016550653 0.999834180 42.848026276
0.999934256 -0.009123067 -0.006935049 0.490571499 0.009239542 0.999813557 0.016952744 -1.379769564 0.006779095 -0.017015705 0.999832153 43.390842438
0.999920964 -0.009995613 -0.007618346 0.464319646 0.010130748 0.999788404 0.017910771 -1.437756300 0.007437704 -0.017986540 0.999810517 43.894786835
0.999919951 -0.009956913 -0.007810710 0.475434244 0.010086302 0.999809623 0.016704867 -1.433447599 0.007642895 -0.016782308 0.999830008 44.452198029
0.999914825 -0.010025315 -0.008348165 0.488571137 0.010177375 0.999779403 0.018375747 -1.449461102 0.008162100 -0.018459147 0.999796271 44.970165253
0.999922514 -0.009541502 -0.007998244 0.487096727 0.009687059 0.999784589 0.018361811 -1.460234880 0.007821320 -0.018437868 0.999799430 45.478149414
0.999932587 -0.009341011 -0.006889703 0.442654401 0.009461612 0.999798954 0.017684815 -1.452281952 0.006723123 -0.017748814 0.999819875 46.063262939
0.999918163 -0.009665091 -0.008385147 0.500649452 0.009813469 0.999792755 0.017838527 -1.481022358 0.008210998 -0.017919354 0.999805748 46.645248413
0.999924541 -0.009238089 -0.008096648 0.492174238 0.009394296 0.999766290 0.019472077 -1.516371727 0.007914870 -0.019546673 0.999777555 47.012458801
0.999915600 -0.010141904 -0.008122261 0.501314342 0.010305392 0.999739826 0.020346073 -1.536568403 0.007913799 -0.020428061 0.999759972 47.541103363
0.999922454 -0.009649171 -0.007870375 0.500497341 0.009806345 0.999748290 0.020182522 -1.541102052 0.007673651 -0.020258136 0.999765337 48.091808319
0.999912620 -0.009985597 -0.008675345 0.522221863 0.010166467 0.999726534 0.021061024 -1.547242522 0.008462666 -0.021147380 0.999740541 48.646896362
0.999896407 -0.010902766 -0.009398065 0.513016105 0.011092240 0.999731421 0.020350458 -1.558148265 0.009173665 -0.020452596 0.999748707 49.210220337
0.999913335 -0.010193571 -0.008335127 0.483026564 0.010368027 0.999722302 0.021161871 -1.576627851 0.008117097 -0.021246456 0.999741256 49.755565643
0.999902487 -0.010755045 -0.008896392 0.542492628 0.010933630 0.999734640 0.020275004 -1.564858317 0.008675973 -0.020370305 0.999754786 50.091339111
0.999906361 -0.010565231 -0.008703168 0.533868968 0.010738159 0.999740899 0.020068454 -1.567307830 0.008488887 -0.020160029 0.999760687 50.634773254
0.999901712 -0.010654888 -0.009112098 0.553300858 0.010832448 0.999747872 0.019663937 -1.567964911 0.008900285 -0.019760711 0.999765098 51.165710449
0.999901056 -0.010848884 -0.008949845 0.556553721 0.011030099 0.999729872 0.020453349 -1.576490641 0.008725531 -0.020550046 0.999750674 51.715724945
0.999905825 -0.010731246 -0.008556669 0.527972281 0.010904127 0.999731958 0.020420207 -1.602098346 0.008335242 -0.020511582 0.999754786 52.223735809
0.999893129 -0.011821470 -0.008598268 0.517327428 0.012005204 0.999693751 0.021640327 -1.630805254 0.008339814 -0.021741243 0.999728858 52.549629211
0.999890506 -0.011686523 -0.009075166 0.524829268 0.011881769 0.999692500 0.021766905 -1.635145426 0.008817995 -0.021872353 0.999721885 53.098739624
0.999896228 -0.011059609 -0.009221130 0.536885321 0.011257542 0.999701202 0.021696897 -1.639569402 0.008978415 -0.021798458 0.999722123 53.661132812
0.999889314 -0.011711218 -0.009161455 0.550613165 0.011904488 0.999701560 0.021333877 -1.629813194 0.008908874 -0.021440582 0.999730468 54.211082458
0.999889433 -0.011468438 -0.009459174 0.564086974 0.011667468 0.999705851 0.021261116 -1.622083545 0.009212560 -0.021369131 0.999729156 54.723266602
0.999884367 -0.011975832 -0.009358186 0.592878580 0.012165763 0.999715626 0.020509329 -1.623367906 0.009109909 -0.020620806 0.999745846 55.326068878
0.999915421 -0.010413785 -0.007781075 0.510179877 0.010585277 0.999694467 0.022333365 -1.655594945 0.007546123 -0.022413839 0.999720216 55.520591736
0.999921501 -0.009906230 -0.007663008 0.515767455 0.010079537 0.999686480 0.022918122 -1.672325730 0.007433573 -0.022993563 0.999707937 56.087539673
0.999926448 -0.010105294 -0.006696629 0.521126390 0.010253288 0.999695539 0.022446759 -1.670802116 0.006467760 -0.022513775 0.999725521 56.657161713
0.999930024 -0.009355149 -0.007234711 0.534352779 0.009513940 0.999707460 0.022234924 -1.655856490 0.007024583 -0.022302203 0.999726534 57.217945099
0.999914765 -0.010905309 -0.007179520 0.467636019 0.011064369 0.999685585 0.022500882 -1.679636478 0.006931883 -0.022578400 0.999721050 57.546108246
0.999922276 -0.010401016 -0.006879469 0.479311287 0.010551744 0.999696791 0.022249093 -1.683174849 0.006645970 -0.022319956 0.999728799 58.098098755
0.999912143 -0.011034403 -0.007349269 0.493647873 0.011192747 0.999698341 0.021864612 -1.675342798 0.007105790 -0.021944953 0.999733865 58.633926392
0.999904275 -0.011660087 -0.007440807 0.502497077 0.011818270 0.999697208 0.021581372 -1.675589323 0.007186914 -0.021667246 0.999739408 59.186279297
0.999912798 -0.010838737 -0.007533644 0.546334505 0.011004096 0.999691486 0.022265851 -1.696655512 0.007289987 -0.022346811 0.999723732 59.615280151
0.999912202 -0.011143444 -0.007166982 0.479013234 0.011303208 0.999679506 0.022651715 -1.706500411 0.006912267 -0.022730742 0.999717712 60.059165955
0.999909401 -0.011546615 -0.006913672 0.490479380 0.011699093 0.999679804 0.022435989 -1.711689115 0.006652397 -0.022514844 0.999724329 60.580924988
0.999915063 -0.011049987 -0.006910219 0.493408591 0.011206194 0.999672771 0.022990566 -1.718667507 0.006653914 -0.023066049 0.999711752 61.090934753
0.999916971 -0.011036044 -0.006639259 0.488642603 0.011182033 0.999687254 0.022368636 -1.716208220 0.006390321 -0.022441024 0.999727726 61.684314728
0.999896169 -0.012343070 -0.007448799 0.488626748 0.012512177 0.999654889 0.023099592 -1.743298054 0.007161112 -0.023190392 0.999705434 62.122432709
0.999880910 -0.012988446 -0.008327857 0.503576994 0.013178528 0.999644160 0.023191536 -1.740370393 0.008023672 -0.023298522 0.999696314 62.682506561
0.999894679 -0.012074945 -0.008043041 0.498322666 0.012253665 0.999670506 0.022554955 -1.750019670 0.007768041 -0.022651136 0.999713302 63.180946350
0.999897838 -0.012246175 -0.007368356 0.473773748 0.012410432 0.999665856 0.022675456 -1.769471169 0.007088207 -0.022764582 0.999715686 63.681308746
0.999891460 -0.012866141 -0.007177763 0.488915116 0.013026983 0.999654472 0.022831047 -1.762339234 0.006881534 -0.022922074 0.999713540 64.150192261
0.999906301 -0.011895351 -0.006779174 0.485882282 0.012050875 0.999653995 0.023382004 -1.777228594 0.006498691 -0.023461508 0.999703586 64.707077026
0.999898911 -0.012348628 -0.007052668 0.501121938 0.012507583 0.999658167 0.022957573 -1.773593187 0.006766764 -0.023043463 0.999711573 65.235183716
0.999902904 -0.012213482 -0.006698755 0.499488711 0.012361128 0.999671340 0.022461098 -1.772637010 0.006422225 -0.022541724 0.999725223 65.759567261
0.999885917 -0.013284002 -0.007184044 0.549973965 0.013438936 0.999668360 0.021966157 -1.760080695 0.006889863 -0.022060195 0.999732912 66.273376465
0.999912441 -0.011733805 -0.006113600 0.454119205 0.011875219 0.999650180 0.023632165 -1.810902238 0.005834167 -0.023702696 0.999702036 66.673065186
0.999925494 -0.010555889 -0.006135164 0.477277905 0.010697225 0.999666989 0.023479657 -1.820582271 0.005885274 -0.023543531 0.999705493 67.190795898
0.999901652 -0.012263454 -0.006791991 0.486570626 0.012414196 0.999667227 0.022615355 -1.806097031 0.006512390 -0.022697447 0.999721169 67.757255554
0.999909699 -0.011707562 -0.006575766 0.516031981 0.011853633 0.999673545 0.022632282 -1.816468120 0.006308651 -0.022708185 0.999722183 68.286132812
0.999903858 -0.012252595 -0.006478262 0.504216671 0.012394827 0.999672413 0.022390909 -1.805318236 0.006201794 -0.022469049 0.999728262 68.796134949
0.999905407 -0.012144108 -0.006448288 0.513616145 0.012291292 0.999652922 0.023298789 -1.817326784 0.006163107 -0.023375846 0.999707699 69.108825684
0.999907613 -0.012113603 -0.006164664 0.520563245 0.012250929 0.999666095 0.022748806 -1.821412683 0.005887037 -0.022822224 0.999722242 69.656997681
0.999915600 -0.011404794 -0.006218917 0.533178210 0.011543444 0.999674857 0.022734648 -1.821769357 0.005957612 -0.022804514 0.999722183 70.239997864
0.999908149 -0.011866443 -0.006538130 0.529819965 0.012008057 0.999684393 0.022064030 -1.821532965 0.006274244 -0.022140514 0.999735177 70.784988403
0.999933243 -0.010047499 -0.005711212 0.530338585 0.010170904 0.999706089 0.022005569 -1.826150298 0.005488434 -0.022062182 0.999741495 71.430831909
0.999893367 -0.012995483 -0.006663051 0.539848387 0.013145142 0.999650598 0.022932477 -1.820873737 0.006362703 -0.023017621 0.999714732 71.635223389
0.999900222 -0.012511993 -0.006575270 0.546041608 0.012658451 0.999661565 0.022725919 -1.824042678 0.006288697 -0.022806887 0.999720037 72.178047180
0.999896586 -0.012620784 -0.006887687 0.529909670 0.012773612 0.999662638 0.022615116 -1.823409796 0.006599944 -0.022700761 0.999720514 72.716789246
0.999909103 -0.011964908 -0.006223249 0.546741009 0.012103506 0.999668300 0.022731906 -1.835596085 0.005949201 -0.022805162 0.999722183 73.263549805
0.999899745 -0.012615648 -0.006429181 0.538151026 0.012759478 0.999657631 0.022844363 -1.835097313 0.006138783 -0.022924105 0.999718368 73.686706543
0.999894381 -0.012967026 -0.006561443 0.541167736 0.013116928 0.999641538 0.023343557 -1.848324060 0.006256393 -0.023427159 0.999705970 74.221862793
0.999883950 -0.013446746 -0.007164544 0.565029621 0.013609109 0.999640167 0.023116723 -1.836348057 0.006851122 -0.023211537 0.999707043 74.710716248
0.999887347 -0.013448284 -0.006669280 0.529907882 0.013593298 0.999661267 0.022196878 -1.822954297 0.006368509 -0.022285035 0.999731302 75.275299072
0.999879122 -0.014061961 -0.006634448 0.551531732 0.014207760 0.999646664 0.022466021 -1.812647820 0.006316188 -0.022557566 0.999725580 75.753173828
0.999900103 -0.012707213 -0.006187728 0.483208448 0.012847687 0.999647796 0.023217684 -1.838756561 0.005890519 -0.023294860 0.999711275 76.276870728
0.999885738 -0.013834765 -0.006083729 0.497178316 0.013970554 0.999640644 0.022874925 -1.838661075 0.005765075 -0.022957303 0.999719799 76.843955994
0.999904573 -0.012953271 -0.004803975 0.489276767 0.013058104 0.999662161 0.022473691 -1.832968831 0.004511246 -0.022534274 0.999735832 77.423706055
0.999933600 -0.011305136 -0.002214132 0.485997260 0.011351816 0.999685764 0.022347014 -1.852736115 0.001960800 -0.022370666 0.999747813 77.924095154
0.999930680 -0.011679026 -0.001477150 0.495767772 0.011710225 0.999661028 0.023250371 -1.852820635 0.001205107 -0.023266062 0.999728501 78.365615845
0.999920964 -0.012551475 -0.000707711 0.503659964 0.012564467 0.999654710 0.023079276 -1.855235100 0.000417788 -0.023086347 0.999733388 78.918876648
0.999917209 -0.012728655 0.001906313 0.522294343 0.012681914 0.999659657 0.022797739 -1.856586337 -0.002195849 -0.022771679 0.999738216 79.484161377
0.999913752 -0.012124857 0.005049707 0.557191730 0.012002389 0.999649107 0.023614688 -1.873998165 -0.005334260 -0.023552043 0.999708354 80.055679321
0.999866068 -0.013759856 0.008859052 0.499991417 0.013555001 0.999648511 0.022782924 -1.788491368 -0.009169430 -0.022659793 0.999701142 80.472946167
0.999829829 -0.013560684 0.012501982 0.549473107 0.013276051 0.999656975 0.022575729 -1.789559245 -0.012803837 -0.022405913 0.999666989 81.027580261
0.999735832 -0.013159336 0.018844090 0.556806982 0.012740001 0.999672294 0.022202482 -1.787324905 -0.019130085 -0.021956546 0.999575913 81.584762573
0.999621689 -0.013420566 0.024006058 0.614962578 0.012871990 0.999655664 0.022861853 -1.801227570 -0.024304615 -0.022544196 0.999450445 82.073890686
0.999453008 -0.014125953 0.029899884 0.649679422 0.013437655 0.999642968 0.023097139 -1.804485440 -0.030215476 -0.022682723 0.999285996 82.573295593
0.999175489 -0.013424190 0.038316011 0.681287050 0.012576640 0.999672711 0.022275964 -1.766045332 -0.038602501 -0.021775708 0.999017358 83.048187256
0.998822272 -0.013076099 0.046721041 0.732383728 0.012015490 0.999665320 0.022910031 -1.779458523 -0.047004975 -0.022321675 0.998645246 83.568611145
0.998442888 -0.013233472 0.054190554 0.775074005 0.011999653 0.999662757 0.023030603 -1.772709131 -0.054477047 -0.022344476 0.998265028 84.127540588
0.997954786 -0.015228987 0.062082075 0.829296589 0.013941902 0.999679923 0.021112731 -1.751573086 -0.062383726 -0.020204011 0.997847676 84.748291016
0.997221768 -0.013491941 0.073256508 0.884050846 0.011886718 0.999680519 0.022304308 -1.784553170 -0.073534042 -0.021371562 0.997063637 85.294578552
0.996570647 -0.014065403 0.081541643 0.921851635 0.012288752 0.999676943 0.022249369 -1.769435406 -0.081828251 -0.021171022 0.996421516 85.824020386
0.995899320 -0.013534856 0.089450426 1.054181576 0.011517639 0.999668419 0.023029085 -1.789585590 -0.089732453 -0.021904392 0.995724976 86.289466858
0.994920135 -0.013665629 0.099736445 1.142924786 0.011450917 0.999675751 0.022744449 -1.780687213 -0.100014925 -0.021486832 0.994753897 86.849243164
0.993782341 -0.014021353 0.110454053 1.215115547 0.011642401 0.999686718 0.022153538 -1.773799658 -0.110730067 -0.020729840 0.993634284 87.413414001
0.992689550 -0.013336363 0.119957551 1.294143677 0.010689197 0.999685526 0.022683980 -1.790080547 -0.120222345 -0.021235896 0.992519855 87.967269897
0.991339743 -0.012981460 0.130678684 1.393754005 0.009964810 0.999669194 0.023712005 -1.778553009 -0.130943254 -0.022204468 0.991141140 88.488426208
0.989675462 -0.014045907 0.142636776 1.507927895 0.010885917 0.999678195 0.022910383 -1.781223536 -0.142912686 -0.021121113 0.989509881 89.052688599
0.987855792 -0.013339751 0.154799864 1.481909752 0.009843768 0.999679387 0.023328518 -1.760765791 -0.155061439 -0.021521395 0.987670302 89.679481506
0.986377239 -0.013830386 0.163916916 1.599521637 0.010141778 0.999676645 0.023318494 -1.760909081 -0.164186388 -0.021338420 0.986198545 90.222274780
0.984230995 -0.014551060 0.176288486 1.707098007 0.010648941 0.999677300 0.023060776 -1.761927128 -0.176567152 -0.020819841 0.984068334 90.752136230
0.981831074 -0.013214468 0.189296514 1.826214790 0.008904218 0.999681771 0.023602268 -1.776473761 -0.189548150 -0.021487897 0.981636226 91.278953552
0.979656875 -0.013574747 0.200220630 1.963260651 0.009060899 0.999684036 0.023443585 -1.775819778 -0.200475603 -0.021152483 0.979470253 91.854911804
0.976647556 -0.013572782 0.214418545 2.055515289 0.008718315 0.999684274 0.023569651 -1.718280315 -0.214670733 -0.021149876 0.976457477 92.497200012
0.973687947 -0.014012628 0.227454215 2.207319260 0.008825357 0.999677658 0.023806831 -1.719949484 -0.227714479 -0.021173060 0.973497689 93.017051697
0.970853269 -0.015314729 0.239184424 2.352834702 0.010006524 0.999676287 0.023391595 -1.717480659 -0.239465237 -0.020316401 0.970692456 93.546958923
0.967677593 -0.014899749 0.251749843 2.504032135 0.009408799 0.999691188 0.023000855 -1.701329708 -0.252014756 -0.019888749 0.967519045 94.077690125
0.964047432 -0.015270988 0.265291184 2.710405350 0.009465558 0.999687195 0.023148015 -1.722269058 -0.265561700 -0.019804657 0.963890433 94.603706360
0.960212767 -0.014550174 0.278890133 2.866825104 0.008236945 0.999682903 0.023795528 -1.718300819 -0.279147983 -0.020551572 0.960028172 95.134330750
0.956907809 -0.015812278 0.289960980 3.012069702 0.009299894 0.999672890 0.023823768 -1.700854301 -0.290242910 -0.020100547 0.956741869 95.742500305
0.952507973 -0.015047408 0.304141521 3.196670532 0.008079562 0.999675572 0.024155458 -1.702801704 -0.304406315 -0.020550940 0.952320516 96.285118103
0.948019326 -0.016784340 0.317769468 3.392953873 0.009680210 0.999666989 0.023922144 -1.697045088 -0.318065077 -0.019602584 0.947866201 96.796287537
0.944066048 -0.016954238 0.329320461 3.587493896 0.009613618 0.999667943 0.023905959 -1.701892614 -0.329616427 -0.019402839 0.943915546 97.311645508
0.939696610 -0.016489293 0.341611534 3.816612244 0.008762918 0.999670029 0.024148386 -1.706828117 -0.341897041 -0.019698642 0.939530849 97.833251953
0.934687018 -0.016120618 0.355105996 4.082851410 0.007806245 0.999661028 0.024834163 -1.727827787 -0.355385989 -0.020440124 0.934496105 98.393959045
0.929923832 -0.016646409 0.367375463 4.313781738 0.007985454 0.999653399 0.025082733 -1.723504543 -0.367665738 -0.020391369 0.929734468 98.923278809
0.925297976 -0.016854178 0.378866047 4.547967911 0.008004905 0.999657333 0.024920370 -1.726948500 -0.379156262 -0.020025983 0.925115943 99.436386108
0.919455647 -0.016962595 0.392827660 4.766563416 0.007599081 0.999648988 0.025379127 -1.730510235 -0.393120229 -0.020349853 0.919261873 99.899185181
0.913838685 -0.017526908 0.405698866 5.018787384 0.007969220 0.999649704 0.025235927 -1.733325481 -0.405999035 -0.019828465 0.913658381 100.416816711
0.908848703 -0.018009475 0.416736960 5.250926971 0.008391065 0.999654710 0.024900718 -1.703299046 -0.417041570 -0.019134119 0.908685982 100.931861877
0.903262913 -0.018233618 0.428699851 5.511058807 0.008139146 0.999644935 0.025368227 -1.710012197 -0.429010272 -0.019424926 0.903090715 101.417755127
0.896430850 -0.017439077 0.442840338 5.771484375 0.007270305 0.999669671 0.024649940 -1.699069262 -0.443123996 -0.018877383 0.896261513 101.949661255
0.890568018 -0.018325046 0.454480797 6.045139313 0.007977928 0.999663591 0.024674295 -1.701086044 -0.454780132 -0.018348319 0.890414655 102.428466797
0.884657323 -0.018438566 0.465877026 6.324512482 0.007494212 0.999650955 0.025333550 -1.711093426 -0.466181517 -0.018920133 0.884486735 102.911987305
0.877438307 -0.017967971 0.479352742 6.621582031 0.006772692 0.999662638 0.025073992 -1.707572222 -0.479641587 -0.018754378 0.877264082 103.410636902
