1.000000000 0.000000000 0.000000000 0.000000000 0.000000000 1.000000000 0.000000000 0.000000000 0.000000000 0.000000000 1.000000000 0.000000000
1.000000000 -0.000081407 -0.000026737 0.000491772 0.000081406 1.000000000 -0.000046670 0.000274745 0.000026741 0.000046668 1.000000000 0.000272342
1.000000000 -0.000078318 -0.000006267 -0.000039940 0.000078318 1.000000000 -0.000016188 0.000118624 0.000006268 0.000016187 1.000000000 -0.000090802
1.000000000 -0.000046574 0.000086833 -0.000689019 0.000046584 1.000000000 -0.000113211 0.001179771 -0.000086828 0.000113215 1.000000000 0.000598487
1.000000000 -0.000148177 -0.000025438 0.000935309 0.000148176 1.000000000 -0.000045232 0.000918862 0.000025444 0.000045229 1.000000000 0.000713159
1.000000000 -0.000004021 0.000042496 -0.000492794 0.000004022 1.000000000 -0.000006171 -0.000025676 -0.000042496 0.000006171 1.000000000 -0.000774984
1.000000000 0.000011202 0.000017508 -0.000860545 -0.000011199 1.000000000 -0.000166248 0.001239423 -0.000017510 0.000166248 1.000000000 0.000000855
1.000000000 0.000014968 0.000082646 -0.000305912 -0.000014968 1.000000000 -0.000002821 -0.000176295 -0.000082646 0.000002819 1.000000000 0.000240810
1.000000000 0.000155312 0.000094945 -0.001157023 -0.000155318 1.000000000 0.000062937 -0.000287809 -0.000094935 -0.000062952 1.000000000 -0.000281485
1.000000000 0.000044282 0.000131914 -0.001048099 -0.000044266 1.000000000 -0.000123790 0.001204371 -0.000131919 0.000123784 1.000000000 -0.000001644
1.000000000 0.000195208 0.000070941 -0.000970425 -0.000195199 1.000000000 -0.000127067 0.000461586 -0.000070965 0.000127053 1.000000000 -0.000321853
1.000000000 0.000058748 0.000055690 -0.000450323 -0.000058746 1.000000000 -0.000034045 0.001114830 -0.000055692 0.000034042 1.000000000 0.000174538
1.000000000 0.000142608 0.000120830 -0.001471285 -0.000142589 1.000000000 -0.000158181 0.002228842 -0.000120852 0.000158164 1.000000000 0.001327956
1.000000000 0.000056857 0.000009698 -0.000648857 -0.000056855 1.000000000 -0.000128647 0.001767462 -0.000009706 0.000128646 1.000000000 0.000139126
1.000000000 0.000143519 0.000161228 -0.001234832 -0.000143495 1.000000000 -0.000146605 0.002019897 -0.000161249 0.000146582 1.000000000 0.001423131
0.999999940 0.000304496 0.000144593 -0.002090261 -0.000304477 0.999999940 -0.000132127 0.001074392 -0.000144633 0.000132083 1.000000000 0.000370896
0.999999940 0.000298735 0.000156110 -0.001035888 -0.000298715 0.999999940 -0.000129280 0.002661815 -0.000156149 0.000129233 1.000000000 0.002745074
0.999999940 0.000239031 0.000191603 -0.001761643 -0.000239002 0.999999940 -0.000150765 0.002362283 -0.000191639 0.000150719 1.000000000 0.002175024
0.999999940 0.000217410 0.000238272 -0.001450211 -0.000217399 1.000000000 -0.000046835 0.001569273 -0.000238282 0.000046783 1.000000000 0.001644254
0.999999940 0.000241964 0.000179774 -0.002274486 -0.000241952 0.999999940 -0.000062793 0.002066793 -0.000179789 0.000062750 1.000000000 0.002337401
0.999999940 0.000232714 0.000131868 -0.001354158 -0.000232707 1.000000000 -0.000049285 0.001953923 -0.000131880 0.000049254 1.000000000 0.002585728
1.000000000 0.000212282 0.000058737 -0.000951509 -0.000212276 1.000000000 -0.000090701 0.001955356 -0.000058757 0.000090688 1.000000000 0.002041549
0.999999881 0.000395241 0.000177480 -0.002713969 -0.000395220 0.999999940 -0.000117395 0.002745979 -0.000177526 0.000117325 1.000000000 0.002978095
0.999999940 0.000309609 0.000203539 -0.001938155 -0.000309586 0.999999940 -0.000115903 0.002122106 -0.000203575 0.000115840 1.000000000 0.001898609
0.999999940 0.000257570 0.000167089 -0.000912855 -0.000257546 0.999999940 -0.000145926 0.003037484 -0.000167126 0.000145883 1.000000000 0.003874036
0.999999940 0.000260322 0.000215543 -0.002066789 -0.000260304 0.999999940 -0.000083862 0.002461432 -0.000215565 0.000083806 1.000000000 0.002953320
0.999999940 0.000208689 0.000158045 -0.001517980 -0.000208668 0.999999940 -0.000131876 0.002523030 -0.000158072 0.000131843 1.000000000 0.002128907
1.000000000 0.000123609 0.000137169 -0.001453494 -0.000123589 1.000000000 -0.000144611 0.003146410 -0.000137186 0.000144594 1.000000000 0.003320439
0.999999940 0.000214367 0.000200829 -0.001293762 -0.000214341 0.999999940 -0.000130879 0.002382830 -0.000200857 0.000130836 1.000000000 0.002573363
0.999999940 0.000190700 0.000167693 -0.001836158 -0.000190676 1.000000000 -0.000143446 0.002620489 -0.000167721 0.000143414 1.000000000 0.002150878
0.999999940 0.000327597 0.000176195 -0.001916709 -0.000327568 0.999999940 -0.000166031 0.002904519 -0.000176249 0.000165973 1.000000000 0.003020484
0.999999940 0.000252983 0.000233436 -0.001677763 -0.000252964 0.999999940 -0.000082986 0.001894368 -0.000233457 0.000082926 0.999999940 0.001885364
0.999999940 0.000314108 0.000229718 -0.002649934 -0.000314072 0.999999940 -0.000158447 0.002133805 -0.000229767 0.000158375 0.999999940 0.001961192
0.999999940 0.000280600 0.000207625 -0.001307571 -0.000280562 0.999999940 -0.000178894 0.002528486 -0.000207675 0.000178836 0.999999940 0.001548037
0.999999940 0.000155425 0.000195128 -0.001503475 -0.000155394 1.000000000 -0.000161280 0.002919384 -0.000195153 0.000161250 0.999999940 0.002676084
1.000000000 0.000131840 0.000101356 -0.000764906 -0.000131831 1.000000000 -0.000095374 0.002918334 -0.000101368 0.000095361 1.000000000 0.003110371
0.999999881 0.000431909 0.000236844 -0.002301079 -0.000431891 0.999999881 -0.000079002 0.002540316 -0.000236878 0.000078900 0.999999940 0.002917369
0.999999940 0.000303198 0.000111041 -0.000391407 -0.000303190 0.999999940 -0.000076094 0.002200386 -0.000111064 0.000076060 1.000000000 0.001402514
0.999999940 0.000245988 0.000121430 -0.000733325 -0.000245972 0.999999940 -0.000131168 0.001238537 -0.000121463 0.000131138 1.000000000 0.002215258
0.999999940 0.000301532 0.000291377 0.000126304 -0.000301353 0.999999762 -0.000615209 -0.002272974 -0.000291562 0.000615121 0.999999762 0.046550803
0.999999940 0.000327048 0.000229634 0.001432969 -0.000326801 0.999999344 -0.001076287 -0.004546326 -0.000229986 0.001076212 0.999999404 0.137053445
0.999999881 0.000427739 0.000331080 0.001932566 -0.000427315 0.999999106 -0.001279787 -0.010135368 -0.000331627 0.001279645 0.999999106 0.254062325
0.999999881 0.000342922 0.000297361 0.005810267 -0.000342573 0.999999225 -0.001172541 -0.013014606 -0.000297763 0.001172440 0.999999225 0.385927469
1.000000000 0.000199792 0.000173408 0.008269220 -0.000199614 0.999999523 -0.001023115 -0.015971603 -0.000173613 0.001023081 0.999999404 0.529064119
0.999999881 0.000069583 0.000473603 0.011952545 -0.000069427 0.999999940 -0.000330185 -0.027203865 -0.000473626 0.000330152 0.999999821 0.679914415
0.999999881 -0.000341256 0.000264458 0.019453537 0.000341255 0.999999881 0.000003169 -0.032001611 -0.000264460 -0.000003079 0.999999940 0.840385675
0.999999821 0.000051949 0.000600138 0.019121202 -0.000051694 0.999999881 -0.000424171 -0.031595439 -0.000600160 0.000424140 0.999999702 1.019085765
0.999999762 0.000424206 0.000583506 0.022116562 -0.000424032 0.999999881 -0.000297590 -0.036162768 -0.000583632 0.000297343 0.999999762 1.196415901
0.999999642 0.000561042 0.000664372 0.025633864 -0.000560934 0.999999821 -0.000163549 -0.041183304 -0.000664464 0.000163176 0.999999762 1.383864403
0.999999642 0.000731532 0.000384046 0.028847812 -0.000731379 0.999999583 -0.000398646 -0.042412654 -0.000384337 0.000398365 0.999999821 1.578401327
0.999999762 0.000670361 -0.000131797 0.039644059 -0.000670357 0.999999762 0.000031816 -0.051618628 0.000131819 -0.000031728 1.000000000 1.777802348
0.999999642 0.000280176 0.000787789 0.036240611 -0.000280583 0.999999821 0.000516089 -0.060570683 -0.000787644 -0.000516309 0.999999583 1.979531527
0.999999702 -0.000364192 0.000625541 0.041051965 0.000363848 0.999999762 0.000551272 -0.068937004 -0.000625741 -0.000551045 0.999999642 2.186814785
0.999999642 -0.000073152 0.000882553 0.043758225 0.000072653 0.999999881 0.000565313 -0.073213592 -0.000882594 -0.000565249 0.999999404 2.406134129
0.999999881 0.000477338 0.000048036 0.054183617 -0.000477371 0.999999642 0.000688193 -0.083840750 -0.000047707 -0.000688215 0.999999762 2.627299070
0.999999523 0.000008730 0.000885145 0.056028437 -0.000009329 0.999999702 0.000676815 -0.085622527 -0.000885139 -0.000676823 0.999999404 2.862394333
0.999999344 0.000272646 0.001007002 0.057292216 -0.000273513 0.999999523 0.000861270 -0.092325106 -0.001006766 -0.000861545 0.999999166 3.104624987
0.999999464 0.000917357 0.000318545 0.066057511 -0.000917533 0.999999404 0.000553227 -0.097841799 -0.000318037 -0.000553519 0.999999821 3.345330954
0.999999940 -0.000025521 0.000086492 0.073552564 0.000025462 0.999999762 0.000678925 -0.107567601 -0.000086509 -0.000678923 0.999999702 3.593337536
0.999999881 0.000247414 0.000423592 0.076294705 -0.000247621 0.999999821 0.000486456 -0.112738155 -0.000423472 -0.000486561 0.999999762 3.849438906
0.999999881 0.000229142 0.000488242 0.079759061 -0.000229570 0.999999583 0.000876031 -0.121221162 -0.000488041 -0.000876143 0.999999523 4.114584923
0.999999881 0.000115568 0.000506833 0.087399602 -0.000116027 0.999999583 0.000906648 -0.124270916 -0.000506728 -0.000906707 0.999999464 4.377238750
0.999999404 0.000245285 0.001156865 0.086258017 -0.000246542 0.999999404 0.001086546 -0.132638752 -0.001156598 -0.001086830 0.999998748 4.636908054
0.999999702 0.000503221 0.000754938 0.097476214 -0.000504011 0.999999344 0.001046080 -0.143641219 -0.000754411 -0.001046460 0.999999166 4.872564316
0.999999523 0.000894717 0.000488316 0.105150059 -0.000895269 0.999999046 0.001131127 -0.149933308 -0.000487303 -0.001131564 0.999999225 5.131730080
0.999999523 0.000589216 0.000775716 0.107634097 -0.000590408 0.999998569 0.001536627 -0.159822851 -0.000774809 -0.001537084 0.999998510 5.403777122
0.999998868 0.000598561 0.001332836 0.102729999 -0.000600194 0.999999046 0.001224853 -0.165657178 -0.001332102 -0.001225651 0.999998391 5.670340061
0.999998927 0.000717705 0.001289996 0.106235936 -0.000719346 0.999998868 0.001272026 -0.172369599 -0.001289082 -0.001272953 0.999998271 5.938247681
0.999998271 0.001154650 0.001452835 0.110115349 -0.001156257 0.999998748 0.001105530 -0.180624202 -0.001451557 -0.001107208 0.999998331 6.218251705
0.999997973 0.001153260 0.001676688 0.117074512 -0.001155346 0.999998629 0.001243551 -0.185649872 -0.001675251 -0.001245485 0.999997735 6.517570972
0.999998808 0.000684283 0.001380849 0.126216039 -0.000686238 0.999998748 0.001415752 -0.198166385 -0.001379878 -0.001416698 0.999997973 6.791111469
0.999999046 0.000693055 0.001177877 0.135803863 -0.000694699 0.999998748 0.001396005 -0.206928059 -0.001176908 -0.001396822 0.999998331 7.083470821
0.999999404 0.000384839 0.001000945 0.142059952 -0.000386690 0.999998212 0.001849524 -0.219858080 -0.001000231 -0.001849909 0.999997795 7.380181789
0.999999106 0.000604106 0.001201120 0.144769520 -0.000605814 0.999998808 0.001421859 -0.230205804 -0.001200260 -0.001422585 0.999998271 7.682852268
0.999998748 0.000929474 0.001278759 0.152363420 -0.000931096 0.999998868 0.001269049 -0.234126449 -0.001277578 -0.001270239 0.999998391 8.004189491
0.999997914 0.001297477 0.001607453 0.153883398 -0.001299705 0.999998212 0.001385721 -0.245727614 -0.001605652 -0.001387807 0.999997735 8.319954872
0.999997973 0.001210986 0.001606795 0.161857352 -0.001213078 0.999998391 0.001301220 -0.254170954 -0.001605217 -0.001303167 0.999997854 8.638334274
0.999997258 0.001349147 0.001911405 0.163884342 -0.001351540 0.999998331 0.001251403 -0.257905930 -0.001909713 -0.001253983 0.999997377 8.984079361
0.999996364 0.001698088 0.002093966 0.166497618 -0.001700298 0.999998093 0.001053808 -0.265376747 -0.002092172 -0.001057364 0.999997199 9.327666283
0.999995470 0.002117574 0.002127833 0.173196495 -0.002120988 0.999996483 0.001603222 -0.286590993 -0.002124431 -0.001607728 0.999996364 9.647451401
0.999995470 0.001927141 0.002299805 0.178313658 -0.001931643 0.999996185 0.001957263 -0.297124445 -0.002296024 -0.001961697 0.999995351 10.005055428
0.999996006 0.001814620 0.002172338 0.187765673 -0.001818057 0.999997199 0.001581278 -0.306316912 -0.002169462 -0.001585222 0.999996305 10.351919174
0.999996662 0.001736990 0.001921356 0.199451014 -0.001740187 0.999997079 0.001663556 -0.318176478 -0.001918461 -0.001666894 0.999996781 10.702794075
0.999997675 0.001493308 0.001510089 0.212025061 -0.001495665 0.999997675 0.001561184 -0.322600335 -0.001507754 -0.001563439 0.999997616 11.067131996
0.999998689 0.001264527 0.000999102 0.227179781 -0.001266188 0.999997795 0.001663012 -0.335473597 -0.000996997 -0.001664275 0.999998093 11.434572220
0.999996722 0.001772418 0.001853503 0.224444047 -0.001775731 0.999996841 0.001787430 -0.343490452 -0.001850329 -0.001790716 0.999996603 11.827011108
0.999996781 0.001662468 0.001928149 0.231392115 -0.001666239 0.999996722 0.001955770 -0.356824011 -0.001924891 -0.001958976 0.999996245 12.208512306
0.999997437 0.001392504 0.001822016 0.245231390 -0.001396664 0.999996483 0.002283991 -0.372665286 -0.001818829 -0.002286529 0.999995828 12.591726303
0.999996543 0.001643078 0.002059018 0.249758169 -0.001647576 0.999996364 0.002184830 -0.379006654 -0.002055419 -0.002188215 0.999995470 12.990127563
0.999997675 0.001240028 0.001736638 0.262409896 -0.001242969 0.999997795 0.001693550 -0.387614101 -0.001734534 -0.001695705 0.999997020 13.390992165
0.999996483 0.001388414 0.002247872 0.268682182 -0.001392862 0.999997079 0.001978582 -0.401419014 -0.002245118 -0.001981706 0.999995470 13.795623779
0.999995708 0.001516788 0.002480054 0.276931703 -0.001522617 0.999996126 0.002350288 -0.413318038 -0.002476479 -0.002354054 0.999994159 14.210434914
0.999994397 0.001786973 0.002840473 0.285831749 -0.001792595 0.999996424 0.001978267 -0.423738003 -0.002836928 -0.001983348 0.999993920 14.624320030
0.999993503 0.002024654 0.002987979 0.295476735 -0.002030401 0.999996066 0.001921701 -0.436361700 -0.002984077 -0.001927756 0.999993622 15.050874710
0.999994457 0.001886647 0.002754936 0.313271374 -0.001891677 0.999996543 0.001824505 -0.447979361 -0.002751484 -0.001829706 0.999994516 15.467977524
0.999990046 0.002410032 0.003750986 0.311995059 -0.002417816 0.999994934 0.002072175 -0.461450756 -0.003745973 -0.002081224 0.999990821 15.929995537
0.999989688 0.002304878 0.003914212 0.317573279 -0.002312681 0.999995291 0.001989907 -0.473015159 -0.003909607 -0.001998939 0.999990284 16.366807938
0.999988973 0.002386703 0.004031788 0.327932030 -0.002393681 0.999995649 0.001726833 -0.483355254 -0.004027649 -0.001736465 0.999990344 16.814241409
0.999986410 0.002430289 0.004600131 0.338012397 -0.002440069 0.999994755 0.002121710 -0.500943959 -0.004594951 -0.002132906 0.999987125 17.262681961
0.999986947 0.002523984 0.004446215 0.346247911 -0.002535155 0.999993563 0.002508714 -0.516730905 -0.004439855 -0.002519953 0.999987006 17.716648102
0.999986470 0.001916779 0.004833150 0.365098178 -0.001927446 0.999995649 0.002203492 -0.527868032 -0.004828906 -0.002212778 0.999985814 18.189712524
0.999985576 0.001878519 0.005026361 0.373109102 -0.001889554 0.999995768 0.002191502 -0.534366369 -0.005022224 -0.002200968 0.999984920 18.639556885
0.999980927 0.002848972 0.005467332 0.387774587 -0.002859401 0.999994218 0.001900642 -0.552428007 -0.005461886 -0.001916239 0.999983251 19.136381149
0.999980330 0.002995444 0.005510219 0.403632492 -0.003007197 0.999993205 0.002125816 -0.568688452 -0.005503813 -0.002142345 0.999982536 19.607786179
0.999978125 0.003201484 0.005791411 0.409337968 -0.003215440 0.999991953 0.002402120 -0.582608283 -0.005783675 -0.002420689 0.999980330 20.099924088
0.999977708 0.003264495 0.005822109 0.418533385 -0.003278105 0.999991894 0.002329466 -0.598927796 -0.005814456 -0.002348500 0.999980330 20.580116272
0.999982357 0.003655510 0.004691442 0.435462147 -0.003665654 0.999991000 0.002155417 -0.611571550 -0.004683521 -0.002172577 0.999986649 21.079818726
0.999982536 0.003350624 0.004852121 0.441533446 -0.003364744 0.999990225 0.002904925 -0.627942026 -0.004842340 -0.002921201 0.999984026 21.573459625
0.999984205 0.003447997 0.004433986 0.456372589 -0.003460704 0.999989927 0.002861339 -0.639616013 -0.004424075 -0.002876638 0.999986112 22.083583832
0.999985814 0.003417454 0.004082740 0.467467964 -0.003427511 0.999991059 0.002458774 -0.647322774 -0.004074301 -0.002472732 0.999988616 22.596767426
0.999985158 0.003590108 0.004092716 0.474207759 -0.003599152 0.999991119 0.002204793 -0.662271202 -0.004084765 -0.002219491 0.999989152 23.116754532
0.999989450 0.003552104 0.002914586 0.490068287 -0.003559725 0.999990165 0.002613709 -0.678865790 -0.002905274 -0.002624056 0.999992311 23.625476837
0.999996901 0.001487692 0.001988161 0.505737066 -0.001492691 0.999995649 0.002515221 -0.696796536 -0.001984410 -0.002518181 0.999994874 24.157533646
0.999991655 0.003594356 0.001903107 0.509273112 -0.003598994 0.999990463 0.002439104 -0.707045794 -0.001894322 -0.002445933 0.999995232 24.687667847
0.999992788 0.003599698 0.001200091 0.518765330 -0.003603091 0.999989510 0.002837779 -0.723663092 -0.001189863 -0.002842082 0.999995232 25.236249924
0.999991179 0.004173960 0.000483608 0.529517770 -0.004175299 0.999987304 0.002801248 -0.735403538 -0.000471909 -0.002803242 0.999995947 25.769382477
0.999992371 0.003906003 0.000171496 0.538776815 -0.003906412 0.999989331 0.002453341 -0.748779237 -0.000161912 -0.002453993 0.999996960 26.325172424
0.999992490 0.003862067 0.000047595 0.544787645 -0.003862202 0.999987125 0.003293033 -0.765186608 -0.000034876 -0.003293193 0.999994516 26.876779556
0.999990880 0.004234099 -0.000544680 0.553670764 -0.004232424 0.999986410 0.003042403 -0.783635318 0.000557554 -0.003040070 0.999995232 27.425760269
0.999989808 0.004403574 -0.000999466 0.565224886 -0.004400370 0.999985278 0.003186845 -0.799141228 0.001013485 -0.003182415 0.999994397 27.984472275
0.999986589 0.005154585 -0.000502152 0.568285942 -0.005152913 0.999981344 0.003274194 -0.813053906 0.000519020 -0.003271563 0.999994516 28.527446747
0.999984145 0.005581599 -0.000765643 0.575219333 -0.005579161 0.999979436 0.003149264 -0.824356735 0.000783206 -0.003144942 0.999994755 29.075254440
0.999984503 0.005474151 -0.001100637 0.582884610 -0.005470968 0.999980927 0.002874375 -0.834946513 0.001116351 -0.002868309 0.999995232 29.622970581
0.999984801 0.005274435 -0.001596368 0.592527211 -0.005268662 0.999979615 0.003598625 -0.853818655 0.001615316 -0.003590159 0.999992251 30.172355652
0.999985456 0.005069226 -0.001848288 0.604176581 -0.005062751 0.999981046 0.003491835 -0.872831047 0.001865954 -0.003482427 0.999992192 30.712921143
0.999985099 0.005051072 -0.002073134 0.613770604 -0.005043598 0.999980748 0.003595274 -0.889017344 0.002091254 -0.003584764 0.999991417 31.252191544
0.999980986 0.005515237 -0.002754728 0.623477876 -0.005506152 0.999979377 0.003294655 -0.897666216 0.002772842 -0.003279424 0.999990761 31.806203842
0.999981046 0.005358376 -0.003024130 0.639166355 -0.005348011 0.999979854 0.003425043 -0.919370294 0.003042423 -0.003408805 0.999989569 32.334789276
0.999975085 0.006195732 -0.003378073 0.640849352 -0.006182318 0.999973059 0.003966894 -0.935953498 0.003402559 -0.003945911 0.999986470 32.870262146
0.999981165 0.005132133 -0.003339822 0.649562180 -0.005120120 0.999980450 0.003595691 -0.946230948 0.003358210 -0.003578523 0.999987960 33.401508331
0.999979258 0.005323371 -0.003633026 0.656181693 -0.005310303 0.999979436 0.003597377 -0.958842278 0.003652101 -0.003578010 0.999986947 33.952205658
0.999977291 0.005222595 -0.004253088 0.664622903 -0.005208165 0.999980628 0.003396753 -0.970926642 0.004270746 -0.003374526 0.999985218 34.493602753
0.999977052 0.005067045 -0.004484572 0.677581668 -0.005050852 0.999980688 0.003614591 -0.996673465 0.004502800 -0.003591857 0.999983430 34.989124298
0.999977171 0.004839569 -0.004699115 0.677629232 -0.004823788 0.999982595 0.003363861 -1.003974676 0.004715313 -0.003341117 0.999983311 35.513343811
0.999979854 0.004679085 -0.004288710 0.679789186 -0.004664601 0.999983370 0.003381035 -1.015764594 0.004304459 -0.003360961 0.999985158 36.052242279
0.999976695 0.004928851 -0.004728059 0.693180263 -0.004911168 0.999980867 0.003744243 -1.039118290 0.004746424 -0.003720935 0.999981821 36.638504028
0.999974728 0.005271852 -0.004756336 0.694993496 -0.005255334 0.999980152 0.003478783 -1.045931816 0.004774581 -0.003453699 0.999982655 37.189430237
0.999972582 0.005714174 -0.004710117 0.702293813 -0.005699683 0.999979019 0.003084176 -1.055294394 0.004727642 -0.003057245 0.999984205 37.744731903
0.999972999 0.005096864 -0.005284312 0.715838492 -0.005079285 0.999981523 0.003334796 -1.071251869 0.005301210 -0.003307866 0.999980509 38.282028198
0.999972761 0.004871268 -0.005542603 0.723348856 -0.004854038 0.999983370 0.003117762 -1.089106798 0.005557698 -0.003090773 0.999979794 38.798202515
0.999972105 0.004895581 -0.005635973 0.729498982 -0.004876206 0.999982178 0.003446409 -1.102706075 0.005652744 -0.003418830 0.999978185 39.342300415
0.999973118 0.004511907 -0.005780611 0.739090383 -0.004492548 0.999984205 0.003357603 -1.119833231 0.005795669 -0.003331544 0.999977589 39.888011932
0.999971330 0.004541109 -0.006057797 0.745558918 -0.004521255 0.999984384 0.003286875 -1.135574818 0.006072628 -0.003259392 0.999976277 40.433280945
0.999970496 0.004669023 -0.006101319 0.752537608 -0.004652803 0.999985695 0.002670032 -1.140780807 0.006113697 -0.002641565 0.999977827 40.991542816
0.999974668 0.004216602 -0.005736383 0.745657086 -0.004198290 0.999986053 0.003200342 -1.163260460 0.005749796 -0.003176178 0.999978423 41.524879456
0.999972701 0.005161337 -0.005293626 0.748239636 -0.005147566 0.999983251 0.002611623 -1.171120763 0.005307017 -0.002584302 0.999982536 42.076648712
0.999974430 0.004437441 -0.005602440 0.754384398 -0.004421117 0.999985933 0.002922613 -1.187174916 0.005615330 -0.002897770 0.999980032 42.601337433
0.999972284 0.004307442 -0.006076706 0.776144266 -0.004290468 0.999986827 0.002803623 -1.186850309 0.006088704 -0.002777473 0.999977589 43.113876343
0.999973834 0.004140748 -0.005941812 0.782872915 -0.004124592 0.999987781 0.002728631 -1.202549219 0.005953039 -0.002704052 0.999978602 43.659408569
0.999971628 0.004295933 -0.006180953 0.790337145 -0.004279241 0.999987185 0.002711310 -1.218120337 0.006192521 -0.002684783 0.999977231 44.190299988
0.999970913 0.003981620 -0.006498120 0.800417423 -0.003962734 0.999987900 0.002916652 -1.230230570 0.006509654 -0.002890818 0.999974608 44.733749390
0.999970138 0.004305273 -0.006412828 0.803969324 -0.004288082 0.999987125 0.002692088 -1.244901299 0.006424336 -0.002664508 0.999975741 45.294624329
0.999972284 0.004693695 -0.005780687 0.805876970 -0.004679365 0.999985933 0.002490160 -1.254127026 0.005792295 -0.002463041 0.999980152 45.841793060
0.999971092 0.004179866 -0.006351493 0.819493651 -0.004163902 0.999988139 0.002524560 -1.270982265 0.006361971 -0.002498040 0.999976635 46.380981445
0.999968350 0.003449211 -0.007169624 0.835028946 -0.003429447 0.999990344 0.002767030 -1.282904506 0.007179099 -0.002742355 0.999970555 46.925838470
0.999970615 0.004269392 -0.006356088 0.840559185 -0.004250926 0.999986708 0.002915949 -1.305277109 0.006368454 -0.002888845 0.999975562 47.479431152
0.999970317 0.003571819 -0.006822388 0.845766723 -0.003560435 0.999992251 0.001680019 -1.312152147 0.006828335 -0.001655678 0.999975324 48.023002625
0.999971330 0.003695297 -0.006613235 0.856817186 -0.003676939 0.999989450 0.002785802 -1.337532759 0.006623459 -0.002761406 0.999974251 48.594581604
0.999973893 0.003555277 -0.006304526 0.858839035 -0.003534922 0.999988496 0.003236833 -1.352388501 0.006315961 -0.003214462 0.999974906 49.139842987
0.999968350 0.004674308 -0.006438182 0.872644663 -0.004660333 0.999986768 0.002183973 -1.356588244 0.006448304 -0.002153900 0.999976873 49.670486450
0.999967694 0.004858998 -0.006400442 0.877257466 -0.004845500 0.999986112 0.002122765 -1.369415402 0.006410669 -0.002091684 0.999977291 50.201576233
0.999968708 0.004932140 -0.006188379 0.878473639 -0.004922403 0.999986589 0.001587782 -1.383185029 0.006196128 -0.001557270 0.999979615 50.727912903
0.999967456 0.005072202 -0.006268199 0.890133381 -0.005059176 0.999985039 0.002092099 -1.399602175 0.006278716 -0.002060319 0.999978185 51.267585754
0.999964893 0.005416366 -0.006386382 0.894232333 -0.005403423 0.999983311 0.002042217 -1.408594012 0.006397336 -0.002007637 0.999977529 51.808315277
0.999965847 0.005586643 -0.006095457 0.899501562 -0.005574820 0.999982536 0.001955047 -1.423583746 0.006106271 -0.001920999 0.999979496 52.355052948
0.999966085 0.005518499 -0.006116820 0.908119500 -0.005505891 0.999982715 0.002075968 -1.438825488 0.006128168 -0.002042219 0.999979138 52.882259369
0.999964833 0.005553939 -0.006285352 0.918461561 -0.005540697 0.999982417 0.002122320 -1.453500986 0.006297030 -0.002087421 0.999977946 53.422985077
0.999965250 0.005615896 -0.006157675 0.925608516 -0.005606798 0.999983191 0.001493832 -1.466032982 0.006165959 -0.001459255 0.999979854 53.958061218
0.999966621 0.005628149 -0.005911344 0.926533699 -0.005617523 0.999982715 0.001812373 -1.481604576 0.005921442 -0.001779106 0.999980807 54.500328064
0.999967277 0.005778353 -0.005663094 0.932079077 -0.005768476 0.999981880 0.001758758 -1.496325254 0.005673154 -0.001726033 0.999982417 55.046489716
0.999966919 0.005595040 -0.005906710 0.945053577 -0.005585223 0.999982953 0.001677212 -1.510684967 0.005915994 -0.001644166 0.999981165 55.566806793
0.999964476 0.005619948 -0.006280066 0.944092870 -0.005612240 0.999983609 0.001244250 -1.512591243 0.006286954 -0.001208960 0.999979496 56.120162964
0.999965429 0.005557760 -0.006185176 0.957893133 -0.005549358 0.999983668 0.001374696 -1.531565666 0.006192715 -0.001340325 0.999979913 56.653835297
0.999965847 0.005462816 -0.006204426 0.961979508 -0.005454606 0.999984205 0.001339275 -1.543300867 0.006211644 -0.001305386 0.999979854 57.193973541
0.999964893 0.005937425 -0.005907104 0.965616345 -0.005931097 0.999981821 0.001088176 -1.559638858 0.005913456 -0.001053102 0.999981940 57.719802856
0.999967933 0.005579040 -0.005734236 0.971434712 -0.005573119 0.999983907 0.001048056 -1.573252797 0.005739992 -0.001016065 0.999983013 58.260860443
0.999963284 0.006007509 -0.006109119 0.983435154 -0.005999294 0.999981105 0.001361965 -1.589523196 0.006117184 -0.001325264 0.999980330 58.791183472
0.999965966 0.005836670 -0.005823369 0.989251852 -0.005826354 0.999981403 0.001787037 -1.613937020 0.005833691 -0.001753047 0.999981403 59.328193665
0.999967337 0.005286297 -0.006103410 0.997598529 -0.005280893 0.999985635 0.000901216 -1.618928313 0.006108088 -0.000868955 0.999980986 59.856792450
0.999969244 0.005823329 -0.005240139 0.998882353 -0.005817779 0.999982536 0.001073568 -1.629981041 0.005246300 -0.001043050 0.999985754 60.415981293
0.999966979 0.005673652 -0.005837647 1.008488059 -0.005666552 0.999983191 0.001232299 -1.650502324 0.005844541 -0.001199179 0.999982178 60.935871124
0.999965787 0.006229097 -0.005441259 1.013472080 -0.006223478 0.999980092 0.001049062 -1.662591696 0.005447686 -0.001015163 0.999984622 61.479785919
0.999967813 0.005740548 -0.005603128 1.020502567 -0.005735156 0.999983072 0.000977857 -1.680277467 0.005608644 -0.000945691 0.999983847 62.011985779
0.999968112 0.005804940 -0.005469338 1.026340723 -0.005800175 0.999982774 0.000886680 -1.696287274 0.005474391 -0.000854928 0.999984562 62.543628693
0.999966025 0.006079786 -0.005570631 1.036117554 -0.006075422 0.999981165 0.000799939 -1.706924677 0.005575388 -0.000766068 0.999984145 63.086269379
0.999965847 0.006012808 -0.005659610 1.042057991 -0.006009534 0.999981761 0.000595453 -1.725091696 0.005663088 -0.000561421 0.999983788 63.623817444
0.999966204 0.006118389 -0.005483408 1.050110817 -0.006114852 0.999981105 0.000661718 -1.740596890 0.005487353 -0.000628166 0.999984682 64.151512146
0.999966919 0.006114623 -0.005348759 1.052377939 -0.006111175 0.999981105 0.000660348 -1.753921509 0.005352695 -0.000627639 0.999985397 64.696868896
0.999967933 0.006024258 -0.005277870 1.058563352 -0.006022355 0.999981761 0.000376399 -1.767353296 0.005280041 -0.000344601 0.999985993 65.230934143
0.999969184 0.006160717 -0.004868912 1.066243172 -0.006159436 0.999980986 0.000278090 -1.780213833 0.004870533 -0.000248091 0.999988079 65.777832031
0.999968588 0.005985626 -0.005196834 1.073907495 -0.005984621 0.999981999 0.000208776 -1.797394395 0.005197990 -0.000177668 0.999986470 66.307495117
0.999968708 0.005997409 -0.005151373 1.082825661 -0.005995121 0.999981880 0.000459726 -1.815569282 0.005154038 -0.000428829 0.999986589 66.843399048
0.999965847 0.006369603 -0.005249689 1.088164687 -0.006368872 0.999979734 0.000156000 -1.825823426 0.005250576 -0.000122560 0.999986231 67.394577026
0.999968946 0.005977056 -0.005119672 1.095806956 -0.005975294 0.999982059 0.000359161 -1.846518874 0.005121728 -0.000328558 0.999986827 67.935073853
0.999969780 0.005938306 -0.005003740 1.104278088 -0.005938162 0.999982357 0.000043716 -1.859087706 0.005003911 -0.000014001 0.999987483 68.475296021
0.999966145 0.006547242 -0.004981789 1.102247596 -0.006546157 0.999978542 0.000234099 -1.872833967 0.004983216 -0.000201480 0.999987543 69.008758545
0.999965608 0.006582213 -0.005032508 1.117273808 -0.006583232 0.999978304 -0.000186062 -1.889392376 0.005031174 0.000219186 0.999987304 69.548332214
0.999966145 0.006645662 -0.004841176 1.123210311 -0.006644680 0.999977887 0.000218670 -1.908130288 0.004842523 -0.000186494 0.999988258 70.102592468
0.999971390 0.005793503 -0.004858321 1.129009366 -0.005793236 0.999983191 0.000069060 -1.920458794 0.004858639 -0.000040912 0.999988198 70.640167236
0.999969423 0.006372644 -0.004524765 1.133513212 -0.006373005 0.999979675 -0.000065673 -1.935010791 0.004524255 0.000094507 0.999989748 71.177543640
0.999970376 0.006365964 -0.004308164 1.137166739 -0.006365407 0.999979734 0.000142850 -1.950195789 0.004308985 -0.000115423 0.999990702 71.716438293
0.999967992 0.006714316 -0.004330623 1.143184423 -0.006714946 0.999977410 -0.000130954 -1.968799472 0.004329647 0.000160029 0.999990642 72.263069153
0.999968052 0.006739654 -0.004289095 1.150900960 -0.006740704 0.999977231 -0.000230349 -1.979951739 0.004287445 0.000259253 0.999990761 72.821029663
0.999967933 0.006763070 -0.004287674 1.159817457 -0.006763196 0.999977112 -0.000014801 -1.998519897 0.004287476 0.000043799 0.999990761 73.357749939
0.999970257 0.006534129 -0.004099094 1.167670727 -0.006535856 0.999978662 -0.000407816 -2.011507750 0.004096341 0.000434595 0.999991536 73.890655518
0.999968827 0.006784314 -0.004037931 1.176145554 -0.006785132 0.999976993 -0.000188592 -2.024517298 0.004036559 0.000215984 0.999991834 74.429817200
0.999966383 0.007163098 -0.003989032 1.183705091 -0.007164804 0.999974191 -0.000414035 -2.041105509 0.003985963 0.000442602 0.999991953 74.957885742
0.999964714 0.007502082 -0.003779706 1.194066048 -0.007503984 0.999971747 -0.000488790 -2.057806730 0.003775932 0.000517135 0.999992728 75.482292175
0.999960065 0.008183558 -0.003573815 1.195173502 -0.008186280 0.999966145 -0.000747497 -2.071465492 0.003567577 0.000776723 0.999993324 76.011878967
0.999962449 0.007864401 -0.003639870 1.206676245 -0.007867869 0.999968588 -0.000939466 -2.087936401 0.003632368 0.000968069 0.999992907 76.542816162
0.999961376 0.007932091 -0.003775635 1.215510368 -0.007936724 0.999967754 -0.001213444 -2.102601051 0.003765888 0.001243364 0.999992073 77.089469910
0.999965191 0.007372927 -0.003910425 1.224033356 -0.007375544 0.999972522 -0.000654983 -2.114972830 0.003905487 0.000683802 0.999992132 77.614959717
0.999965072 0.007543554 -0.003601889 1.235225797 -0.007547475 0.999970913 -0.001076514 -2.132285833 0.003593662 0.001103661 0.999992847 78.134384155
0.999960482 0.007993534 -0.003894598 1.244719267 -0.007998736 0.999967098 -0.001322573 -2.144530058 0.003883897 0.001353672 0.999991536 78.682952881
0.999962747 0.007847347 -0.003599803 1.247894287 -0.007851876 0.999968410 -0.001246215 -2.161088228 0.003589909 0.001274434 0.999992728 79.222152710
0.999964535 0.007540109 -0.003729822 1.261151195 -0.007543815 0.999971092 -0.000980409 -2.179126978 0.003722321 0.001008511 0.999992549 79.755050659
0.999963760 0.008159355 -0.002436388 1.257489324 -0.008162929 0.999965608 -0.001460382 -2.189084768 0.002424387 0.001480216 0.999995947 80.308944702
0.999967396 0.007976249 -0.001346649 1.269474864 -0.007978038 0.999967277 -0.001328258 -2.208829403 0.001336011 0.001338958 0.999998212 80.857131958
0.999971628 0.007517550 -0.000308499 1.280339718 -0.007517992 0.999970615 -0.001454713 -2.221907854 0.000297554 0.001456991 0.999998868 81.413352966
0.999970794 0.007584709 0.000953249 1.284342289 -0.007583359 0.999970198 -0.001412474 -2.234886885 -0.000963933 0.001405203 0.999998569 81.944641113
0.999963582 0.007517317 0.004042555 1.304415584 -0.007510498 0.999970376 -0.001699569 -2.251376629 -0.004055211 0.001669146 0.999990404 82.489784241
0.999937654 0.008058810 0.007726972 1.321354628 -0.008048504 0.999966681 -0.001363926 -2.263507128 -0.007737706 0.001301651 0.999969244 83.039421082
0.999903202 0.008202718 0.011237022 1.338591456 -0.008185860 0.999965310 -0.001545361 -2.280905724 -0.011249307 0.001453226 0.999935627 83.569686890
0.999854267 0.007868612 0.015149340 1.363178968 -0.007849310 0.999968290 -0.001333047 -2.299391747 -0.015159348 0.001213941 0.999884307 84.127639771
0.999734938 0.008263491 0.021488672 1.384391785 -0.008231252 0.999964833 -0.001588404 -2.312353134 -0.021501036 0.001411104 0.999767959 84.671394348
0.999594808 0.008239044 0.027244985 1.419542551 -0.008185641 0.999964356 -0.002071125 -2.325197697 -0.027261071 0.001847268 0.999626637 85.200973511
0.999405146 0.008609507 0.033394363 1.445443273 -0.008547173 0.999961436 -0.002008862 -2.342468500 -0.033410374 0.001722239 0.999440253 85.747398376
0.999082685 0.008797598 0.041911811 1.485658169 -0.008726322 0.999960065 -0.001883273 -2.361466646 -0.041926712 0.001515809 0.999119520 86.276512146
0.998714507 0.008207315 0.050020244 1.535963535 -0.008085829 0.999963760 -0.002630585 -2.372589350 -0.050040018 0.002222747 0.998744726 86.830390930
0.998351812 0.007849781 0.056853451 1.582216263 -0.007735290 0.999967515 -0.002233598 -2.387742758 -0.056869149 0.001790138 0.998380065 87.388412476
0.997785151 0.008013966 0.066033319 1.631096840 -0.007867387 0.999965966 -0.002479511 -2.405926466 -0.066050947 0.001954510 0.997814357 87.917480469
0.997095942 0.007375509 0.075797059 1.700513840 -0.007181910 0.999970198 -0.002826422 -2.423976183 -0.075815648 0.002273847 0.997119188 88.454765320
0.996366501 0.007422302 0.084844820 1.756188869 -0.007192858 0.999969721 -0.003009646 -2.433498621 -0.084864579 0.002388435 0.996389568 89.011466980
0.995732307 0.006824758 0.092036009 1.821723461 -0.006537665 0.999972761 -0.003420489 -2.446313620 -0.092056841 0.002804190 0.995749772 89.558006287
0.994745076 0.007158659 0.102133386 1.903370857 -0.006860274 0.999971092 -0.003272481 -2.462440968 -0.102153897 0.002554622 0.994765341 90.097824097
0.993620753 0.007232528 0.112541206 1.986284256 -0.006900234 0.999970555 -0.003341885 -2.477728367 -0.112562068 0.002544005 0.993641436 90.647453308
0.992532253 0.006011593 0.121834166 2.070563316 -0.005595447 0.999977291 -0.003757535 -2.495244026 -0.121854000 0.003047758 0.992543340 91.178779602
0.991041243 0.006280643 0.133408859 2.162726402 -0.005820553 0.999975741 -0.003838447 -2.510672331 -0.133429721 0.003027546 0.991053700 91.713920593
0.989240289 0.006199307 0.146168277 2.256503105 -0.005720528 0.999976814 -0.003695635 -2.533044577 -0.146187782 0.002819712 0.989252806 92.271080017
0.987571359 0.006722346 0.157027319 2.375155449 -0.006278646 0.999974787 -0.003321500 -2.532674313 -0.157045692 0.002294300 0.987588584 92.897682190
0.985856056 0.006200039 0.167479604 2.472328186 -0.005680366 0.999977469 -0.003581783 -2.566804886 -0.167498067 0.002579775 0.985869050 93.355735779
0.983668625 0.005407275 0.179907680 2.595961571 -0.004759612 0.999980628 -0.004031454 -2.581032515 -0.179925963 0.003109324 0.983675301 93.897750854
0.981229067 0.006131160 0.192748070 2.724573135 -0.005545125 0.999978244 -0.003579736 -2.607410669 -0.192765817 0.002443729 0.981241763 94.432800293
0.979239404 0.005438773 0.202633888 2.854089737 -0.004854460 0.999982536 -0.003380473 -2.627783775 -0.202648729 0.002326614 0.979248762 94.966232300
0.976402104 0.005619668 0.215887383 2.994281769 -0.005146014 0.999982953 -0.002756036 -2.652742147 -0.215899229 0.001580040 0.976414382 95.488937378
0.973248482 0.005333322 0.229693249 3.126234055 -0.004547655 0.999981999 -0.003949728 -2.652224779 -0.229710147 0.002799501 0.973255038 96.082023621
0.970552862 0.004479201 0.240846708 3.279962540 -0.003582401 0.999985039 -0.004161250 -2.665816069 -0.240861714 0.003175904 0.970554233 96.594100952
0.967869937 0.004199228 0.251415968 3.442338943 -0.003170162 0.999984801 -0.004497965 -2.687827349 -0.251431018 0.003556416 0.967868686 97.101249695
0.964358926 0.004679062 0.264556140 3.609981537 -0.003760977 0.999984980 -0.003976698 -2.709741831 -0.264570743 0.002839976 0.964362144 97.616714478
0.960719168 0.004341961 0.277488470 3.788356781 -0.003289602 0.999985516 -0.004257887 -2.730903387 -0.277502984 0.003177807 0.960719466 98.174255371
0.957429230 0.004217625 0.288637459 3.970930099 -0.003244861 0.999987304 -0.003848590 -2.747669697 -0.288650125 0.002748164 0.957430720 98.707389832
0.952918053 0.004423732 0.303196013 4.152191162 -0.003430539 0.999986887 -0.003808271 -2.770435572 -0.303208917 0.002588842 0.952920556 99.215164185
0.948458850 0.003467942 0.316881418 4.359029770 -0.002281376 0.999988914 -0.004115460 -2.785636425 -0.316892177 0.003180417 0.948456228 99.736877441
0.944508612 0.003278386 0.328470230 4.559329987 -0.002000218 0.999989092 -0.004229079 -2.800841331 -0.328480452 0.003337390 0.944504857 100.246978760
0.939912021 0.002748116 0.341405749 4.773828506 -0.001504022 0.999991238 -0.003908674 -2.823814631 -0.341413468 0.003160328 0.939907908 100.740066528
0.934709668 0.001733756 0.355408013 4.986227036 -0.000443080 0.999992967 -0.003712896 -2.848541021 -0.355411977 0.003313005 0.934703827 101.214866638
0.930074692 0.001420285 0.367367893 5.196981430 -0.000201200 0.999994338 -0.003356706 -2.882792950 -0.367370546 0.003048073 0.930069625 101.701255798
0.925341666 -0.000092556 0.379134208 5.457021713 0.001615860 0.999991775 -0.003699658 -2.900541782 -0.379130781 0.004036075 0.925334275 102.277030945
0.919417262 -0.000340441 0.393283278 5.695106506 0.001897364 0.999991775 -0.003570026 -2.916812658 -0.393278837 0.004028544 0.919410408 102.775657654
0.913689554 -0.000703575 0.406412244 5.957958221 0.002445875 0.999989927 -0.003767606 -2.935755014 -0.406405509 0.004436456 0.913682044 103.321220398
0.908944190 -0.001239871 0.416915953 6.208370209 0.003323599 0.999985397 -0.004272116 -2.945196629 -0.416904569 0.005268775 0.908935010 103.803092957
0.903176367 -0.001987951 0.429265052 6.468559265 0.004201064 0.999982357 -0.004208090 -2.961946726 -0.429249108 0.005604018 0.903168797 104.312637329
0.896953404 -0.003875228 0.442108154 6.757701874 0.006147634 0.999974251 -0.003707266 -2.992348671 -0.442082405 0.006043164 0.896954238 104.822433472
0.891083717 -0.004060398 0.453820884 7.032447815 0.006534610 0.999971151 -0.003883917 -3.001875401 -0.453792036 0.006426437 0.891084433 105.306060791
0.885150909 -0.003945932 0.465287417 7.296382904 0.006396337 0.999972761 -0.003687826 -3.018874168 -0.465260178 0.006240418 0.885152102 105.767623901
0.877922595 -0.004581867 0.478780627 7.590373993 0.007208304 0.999967337 -0.003648052 -3.050708771 -0.478748322 0.006653903 0.877926946 106.209091187
0.870933890 -0.004908190 0.491375804 7.877052307 0.007694141 0.999963701 -0.003649096 -3.066899776 -0.491340101 0.006958835 0.870940030 106.667488098
0.864729166 -0.004977148 0.502213836 8.159851074 0.007836540 0.999962807 -0.003583175 -3.083419800 -0.502177417 0.007034095 0.864736021 107.108131409
