1.000000000 0.000000000 0.000000000 0.000000000 0.000000000 1.000000000 0.000000000 0.000000000 0.000000000 0.000000000 1.000000000 0.000000000
1.000000000 0.000098071 0.000010648 0.000015698 -0.000098071 1.000000000 -0.000043303 0.000430637 -0.000010652 0.000043302 1.000000000 0.000093779
1.000000000 0.000043536 0.000050539 -0.000727864 -0.000043539 1.000000000 0.000046568 -0.000577030 -0.000050537 -0.000046570 1.000000000 -0.000884134
1.000000000 -0.000093138 0.000069872 -0.000160160 0.000093141 1.000000000 -0.000053014 0.000649774 -0.000069867 0.000053021 1.000000000 0.000282806
1.000000000 -0.000105331 0.000034443 -0.000236220 0.000105330 1.000000000 0.000014476 -0.000105675 -0.000034445 -0.000014473 1.000000000 -0.000584841
1.000000000 0.000001642 0.000133987 -0.001116035 -0.000001639 1.000000000 -0.000019029 0.000704824 -0.000133987 0.000019029 1.000000000 0.000032924
1.000000000 -0.000071630 0.000111715 -0.000274417 0.000071631 1.000000000 -0.000014812 0.000282322 -0.000111714 0.000014820 1.000000000 -0.000125998
1.000000000 0.000042878 0.000087554 -0.000853711 -0.000042882 1.000000000 0.000048921 -0.000268422 -0.000087551 -0.000048925 1.000000000 -0.000732734
1.000000000 0.000032378 0.000031028 -0.000948533 -0.000032375 1.000000000 -0.000098481 0.000645961 -0.000031031 0.000098480 1.000000000 0.000056309
1.000000000 -0.000020115 0.000084654 -0.000385049 0.000020112 1.000000000 0.000037282 -0.000917989 -0.000084655 -0.000037280 1.000000000 -0.000274064
1.000000000 0.000065507 0.000088294 -0.001199935 -0.000065512 1.000000000 0.000052153 -0.000619641 -0.000088291 -0.000052159 1.000000000 -0.000332860
1.000000000 0.000057180 0.000115089 -0.000759983 -0.000057178 1.000000000 -0.000020070 0.000482025 -0.000115090 0.000020063 1.000000000 -0.000065144
1.000000000 0.000031717 0.000040212 -0.000833091 -0.000031712 1.000000000 -0.000114902 -0.000265834 -0.000040216 0.000114900 1.000000000 -0.001428707
1.000000000 0.000096438 0.000106326 -0.001916334 -0.000096432 1.000000000 -0.000055559 0.001585944 -0.000106331 0.000055549 1.000000000 0.000780031
1.000000000 0.000020386 0.000080317 -0.001996772 -0.000020377 1.000000000 -0.000112528 0.001413394 -0.000080320 0.000112527 1.000000000 -0.000253364
1.000000000 0.000105071 0.000038142 -0.000418503 -0.000105067 1.000000000 -0.000118781 0.002414222 -0.000038155 0.000118777 1.000000000 0.001886818
1.000000000 0.000108564 0.000115118 -0.001048035 -0.000108545 1.000000000 -0.000164456 0.002436185 -0.000115135 0.000164443 1.000000000 0.002528932
1.000000000 0.000147041 0.000089527 -0.001185063 -0.000147029 1.000000000 -0.000135429 0.001295743 -0.000089547 0.000135416 1.000000000 0.001066261
0.999999940 0.000223057 0.000165758 -0.002156287 -0.000223033 0.999999940 -0.000141716 0.002637643 -0.000165790 0.000141679 1.000000000 0.002502489
0.999999940 0.000179490 0.000169485 -0.001800182 -0.000179466 1.000000000 -0.000140219 0.002262059 -0.000169510 0.000140188 1.000000000 0.002055113
1.000000000 0.000152889 0.000181515 -0.002168537 -0.000152871 1.000000000 -0.000095780 0.001736451 -0.000181530 0.000095752 1.000000000 0.002169645
1.000000000 0.000159176 0.000129172 -0.002087834 -0.000159166 1.000000000 -0.000074415 0.002620701 -0.000129184 0.000074395 1.000000000 0.002413568
1.000000000 0.000117029 0.000086824 -0.000809927 -0.000117016 1.000000000 -0.000140855 0.002412303 -0.000086840 0.000140845 1.000000000 0.003070658
1.000000000 0.000100127 0.000105599 -0.001591097 -0.000100114 1.000000000 -0.000122929 0.002787875 -0.000105612 0.000122919 1.000000000 0.003445697
0.999999940 0.000280874 0.000069707 -0.001783435 -0.000280865 0.999999940 -0.000136084 0.003535377 -0.000069746 0.000136065 1.000000000 0.004302942
0.999999940 0.000345562 0.000137860 -0.002002972 -0.000345553 0.999999940 -0.000064005 0.002035241 -0.000137882 0.000063957 1.000000000 0.001935594
1.000000000 0.000140937 0.000180338 -0.001769857 -0.000140922 1.000000000 -0.000080207 0.002805145 -0.000180350 0.000080182 1.000000000 0.003041648
0.999999940 0.000208595 0.000183692 -0.001880825 -0.000208591 1.000000000 -0.000021850 0.001438726 -0.000183697 0.000021811 1.000000000 0.002395406
1.000000000 0.000167654 0.000095120 -0.001638137 -0.000167645 1.000000000 -0.000094811 0.002827163 -0.000095136 0.000094795 1.000000000 0.002632626
0.999999940 0.000178649 0.000190568 -0.002416528 -0.000178623 1.000000000 -0.000139634 0.002875159 -0.000190593 0.000139600 1.000000000 0.003209596
0.999999940 0.000186532 0.000231724 -0.001702040 -0.000186526 1.000000000 -0.000029283 0.001603558 -0.000231729 0.000029240 1.000000000 0.002972918
1.000000000 0.000035183 0.000215219 -0.001348970 -0.000035153 1.000000000 -0.000139835 0.003727268 -0.000215224 0.000139827 0.999999940 0.004396265
1.000000000 0.000163388 0.000066085 -0.000262695 -0.000163370 0.999999940 -0.000267392 0.004142938 -0.000066129 0.000267381 0.999999940 0.003742405
1.000000000 0.000130389 0.000159177 -0.001348590 -0.000130371 1.000000000 -0.000115054 0.002261756 -0.000159192 0.000115034 1.000000000 0.002585963
0.999999940 0.000229636 0.000199965 -0.002846856 -0.000229603 0.999999940 -0.000165531 0.002646336 -0.000200003 0.000165485 0.999999940 0.002572757
0.999999940 0.000252719 0.000215938 -0.001539417 -0.000252691 0.999999940 -0.000128780 0.002037792 -0.000215971 0.000128726 0.999999940 0.001968835
1.000000000 0.000035103 0.000129448 -0.001408090 -0.000035086 1.000000000 -0.000125313 0.002801311 -0.000129453 0.000125309 1.000000000 0.002441706
0.999999940 0.000240563 0.000140526 -0.002045012 -0.000240547 0.999999940 -0.000108319 0.003317330 -0.000140552 0.000108285 1.000000000 0.003660387
0.999999940 0.000292236 0.000229146 -0.002135646 -0.000292207 0.999999940 -0.000123711 0.003176181 -0.000229182 0.000123644 0.999999940 0.002368192
1.000000000 0.000157892 0.000107116 -0.000454733 -0.000157875 1.000000000 -0.000159491 0.004075296 -0.000107141 0.000159474 1.000000000 0.003164445
1.000000000 0.000038219 0.000071224 0.000261186 -0.000038205 1.000000000 -0.000185902 0.001919699 -0.000071231 0.000185900 1.000000000 0.003633518
0.999999881 0.000423224 0.000193633 0.000405411 -0.000423087 0.999999642 -0.000707429 -0.001112271 -0.000193932 0.000707347 0.999999702 0.051434826
1.000000000 0.000209428 0.000054622 0.002575059 -0.000209361 0.999999225 -0.001210631 -0.003610231 -0.000054875 0.001210619 0.999999285 0.140040502
1.000000000 0.000032828 -0.000009524 0.005050627 -0.000032842 0.999998987 -0.001422958 -0.008094757 0.000009478 0.001422959 0.999998987 0.254132539
0.999999940 0.000266197 0.000106451 0.007063465 -0.000266054 0.999999046 -0.001345125 -0.008514250 -0.000106809 0.001345097 0.999999106 0.388286978
1.000000000 0.000087748 0.000151144 0.008721991 -0.000087592 0.999999464 -0.001031730 -0.014516204 -0.000151235 0.001031717 0.999999464 0.536857069
0.999999821 -0.000561130 -0.000146735 0.016516678 0.000560986 0.999999344 -0.000981162 -0.021837436 0.000147286 0.000981080 0.999999523 0.683918715
1.000000000 -0.000046625 0.000052345 0.022017058 0.000046663 0.999999762 -0.000729302 -0.025018826 -0.000052311 0.000729305 0.999999762 0.846169889
0.999999881 0.000005931 0.000424544 0.012936238 -0.000005608 0.999999702 -0.000760172 -0.027572671 -0.000424549 0.000760169 0.999999642 1.022774696
1.000000000 -0.000219102 -0.000066315 0.028677750 0.000219042 0.999999583 -0.000902670 -0.029244147 0.000066513 0.000902655 0.999999583 1.219281435
0.999999821 -0.000249022 0.000578950 0.017440839 0.000249222 0.999999881 -0.000344189 -0.042425983 -0.000578864 0.000344333 0.999999762 1.383100748
1.000000000 0.000080482 0.000217144 0.024122501 -0.000080411 0.999999940 -0.000325661 -0.048903655 -0.000217170 0.000325644 0.999999940 1.576649070
0.999999166 -0.001217906 0.000484628 0.026889978 0.001217946 0.999999285 -0.000081368 -0.057350736 -0.000484529 0.000081958 0.999999881 1.782883406
0.999999464 -0.000886448 0.000607787 0.028544446 0.000886354 0.999999642 0.000155947 -0.064804420 -0.000607925 -0.000155409 0.999999821 1.986718655
0.999998689 -0.001568437 0.000427513 0.034922827 0.001568370 0.999998748 0.000158724 -0.071355209 -0.000427761 -0.000158053 0.999999881 2.189586401
0.999998868 -0.001370689 0.000627473 0.038503602 0.001370490 0.999999046 0.000316324 -0.075894132 -0.000627906 -0.000315464 0.999999702 2.411768675
0.999999404 -0.000758798 0.000785219 0.041946255 0.000758751 0.999999702 0.000060881 -0.078651220 -0.000785265 -0.000060286 0.999999642 2.641189814
0.999998808 -0.000972581 0.001266369 0.046232753 0.000972490 0.999999583 0.000072826 -0.085698977 -0.001266439 -0.000071595 0.999999106 2.868231297
0.999998450 -0.001492689 0.000897386 0.050299164 0.001492564 0.999998868 0.000140427 -0.094707929 -0.000897594 -0.000139087 0.999999583 3.088787794
0.999998748 -0.001299343 0.000893510 0.056376468 0.001299225 0.999999106 0.000132075 -0.101022922 -0.000893681 -0.000130914 0.999999523 3.332431316
0.999998629 -0.000859226 0.001432409 0.055972427 0.000858890 0.999999642 0.000235560 -0.109677128 -0.001432610 -0.000234329 0.999998927 3.584013224
0.999998212 -0.001422558 0.001267807 0.062855132 0.001421943 0.999998927 0.000485731 -0.118430451 -0.001268496 -0.000483927 0.999999106 3.836535692
0.999998033 -0.001513234 0.001267116 0.070485264 0.001512689 0.999998689 0.000430672 -0.120588660 -0.001267766 -0.000428755 0.999999166 4.099996567
0.999998331 -0.001316747 0.001242262 0.073293082 0.001316389 0.999999046 0.000289374 -0.123949625 -0.001242642 -0.000287738 0.999999166 4.331699371
0.999997795 -0.001458745 0.001525523 0.077845506 0.001458312 0.999998927 0.000284341 -0.132151440 -0.001525937 -0.000282115 0.999998808 4.591945648
0.999998212 -0.001301420 0.001388294 0.087615602 0.001301083 0.999999106 0.000243582 -0.137684181 -0.001388610 -0.000241776 0.999998987 4.850829124
0.999998271 -0.000778156 0.001739796 0.092068277 0.000777802 0.999999762 0.000204433 -0.142285511 -0.001739955 -0.000203079 0.999998450 5.109404564
0.999998212 -0.000962164 0.001628501 0.093139388 0.000961668 0.999999464 0.000305325 -0.155492887 -0.001628794 -0.000303758 0.999998629 5.348862648
0.999998152 -0.000666788 0.001817284 0.095898412 0.000665679 0.999999583 0.000610829 -0.165205747 -0.001817691 -0.000609618 0.999998152 5.617568493
0.999998033 -0.000987848 0.001724003 0.100844510 0.000986821 0.999999404 0.000596334 -0.171322137 -0.001724592 -0.000594632 0.999998331 5.893252850
0.999997556 -0.001139928 0.001883448 0.105848193 0.001138686 0.999999106 0.000660106 -0.178683549 -0.001884198 -0.000657960 0.999997973 6.183302402
0.999997914 -0.001016574 0.001735499 0.115208574 0.001015772 0.999999344 0.000462929 -0.190404326 -0.001735968 -0.000461165 0.999998391 6.441378117
0.999998212 -0.000544330 0.001778243 0.117482208 0.000543930 0.999999821 0.000225246 -0.196762174 -0.001778365 -0.000224279 0.999998450 6.738081455
0.999998152 -0.000367357 0.001832055 0.123031914 0.000366686 0.999999940 0.000366619 -0.203670189 -0.001832189 -0.000365946 0.999998271 7.033901215
0.999997973 -0.000128734 0.001986476 0.132514969 0.000128008 1.000000000 0.000365478 -0.210224122 -0.001986523 -0.000365223 0.999997914 7.334691525
0.999997437 -0.000883981 0.002041247 0.129089534 0.000881871 0.999998987 0.001034498 -0.231904984 -0.002042159 -0.001032695 0.999997377 7.625401974
0.999997675 -0.001002741 0.001856175 0.141915023 0.001000667 0.999998868 0.001118216 -0.236218199 -0.001857294 -0.001116356 0.999997616 7.951049805
0.999997318 -0.000776683 0.002176408 0.141888469 0.000773559 0.999998689 0.001435902 -0.249178782 -0.002177521 -0.001434214 0.999996543 8.267065048
0.999996424 -0.000813327 0.002541045 0.142688543 0.000810278 0.999998868 0.001200711 -0.258399457 -0.002542019 -0.001198647 0.999996006 8.580018997
0.999997079 -0.000750787 0.002285287 0.151885659 0.000749483 0.999999523 0.000571325 -0.259052783 -0.002285715 -0.000569611 0.999997199 8.913848877
0.999998093 -0.000408166 0.001893978 0.160800993 0.000406892 0.999999702 0.000673115 -0.273479879 -0.001894252 -0.000672344 0.999997973 9.256300926
0.999997139 -0.000007444 0.002356516 0.168592304 0.000005468 0.999999642 0.000838450 -0.285720229 -0.002356522 -0.000838434 0.999996841 9.588231087
0.999997199 -0.000293100 0.002335434 0.169901028 0.000290694 0.999999523 0.001030527 -0.297601223 -0.002335734 -0.001029845 0.999996722 9.932090759
0.999997914 -0.000300486 0.002025130 0.177975312 0.000298383 0.999999344 0.001038802 -0.309419543 -0.002025441 -0.001038195 0.999997377 10.277925491
0.999997973 -0.000152593 0.002018985 0.186634585 0.000150693 0.999999523 0.000941110 -0.319947034 -0.002019127 -0.000940804 0.999997556 10.638262749
0.999998093 -0.000159092 0.002027290 0.195556968 0.000157200 0.999999583 0.000933803 -0.326328814 -0.002027438 -0.000933482 0.999997556 11.006482124
0.999997079 -0.001004093 0.002207112 0.204100221 0.001001724 0.999998868 0.001074193 -0.334948391 -0.002208188 -0.001071979 0.999996960 11.396759987
0.999997437 -0.000561342 0.002189741 0.205892012 0.000557959 0.999998629 0.001545086 -0.351403445 -0.002190605 -0.001543860 0.999996424 11.728081703
0.999996364 -0.000412035 0.002654690 0.211749509 0.000408110 0.999998808 0.001478719 -0.361863017 -0.002655296 -0.001477631 0.999995410 12.119344711
0.999996781 -0.000962049 0.002314834 0.228237972 0.000957939 0.999997854 0.001776145 -0.375059426 -0.002316537 -0.001773922 0.999995708 12.496688843
0.999996662 -0.000607356 0.002503211 0.226587400 0.000602216 0.999997675 0.002053740 -0.386988193 -0.002504453 -0.002052225 0.999994755 12.886656761
0.999996305 -0.000967489 0.002543231 0.243038341 0.000962710 0.999997735 0.001879849 -0.397301406 -0.002545044 -0.001877393 0.999994993 13.287996292
0.999995649 -0.000506227 0.002897360 0.245779425 0.000501209 0.999998331 0.001732504 -0.407576859 -0.002898232 -0.001731045 0.999994338 13.696716309
0.999996185 -0.000904900 0.002598148 0.256408900 0.000899544 0.999997497 0.002062102 -0.420255750 -0.002600007 -0.002059757 0.999994516 14.089716911
0.999994934 -0.000728506 0.003129769 0.263728708 0.000723559 0.999998569 0.001581296 -0.433600038 -0.003130917 -0.001579023 0.999993861 14.506131172
0.999994695 -0.000281829 0.003241308 0.275358349 0.000276160 0.999998450 0.001749341 -0.439721674 -0.003241796 -0.001748437 0.999993265 14.956307411
0.999993145 -0.000888979 0.003592584 0.277125865 0.000880910 0.999997079 0.002246979 -0.462303221 -0.003594571 -0.002243799 0.999990940 15.366010666
0.999992013 -0.001333199 0.003765696 0.286687642 0.001323435 0.999995768 0.002594259 -0.474711210 -0.003769138 -0.002589255 0.999989450 15.812634468
0.999989450 -0.000267953 0.004579266 0.294143975 0.000254876 0.999995887 0.002855921 -0.482918411 -0.004580012 -0.002854724 0.999985456 16.257869720
0.999986470 -0.000498210 0.005180161 0.295760751 0.000486517 0.999997258 0.002258204 -0.496358842 -0.005181272 -0.002255653 0.999984026 16.689455032
0.999988377 -0.000377531 0.004810710 0.310836345 0.000365881 0.999996960 0.002422401 -0.510683477 -0.004811611 -0.002420613 0.999985456 17.158611298
0.999982893 -0.000237753 0.005835056 0.318869621 0.000222299 0.999996424 0.002648840 -0.521631718 -0.005835665 -0.002647498 0.999979436 17.613750458
0.999984384 -0.000897651 0.005520715 0.331564248 0.000884656 0.999996841 0.002355914 -0.535765469 -0.005522813 -0.002350994 0.999981940 18.046018600
0.999982476 -0.000482160 0.005904509 0.340906024 0.000467779 0.999996901 0.002436753 -0.545406520 -0.005905666 -0.002433948 0.999979615 18.507089615
0.999981821 -0.000648980 0.006000296 0.354781747 0.000637474 0.999997973 0.001919302 -0.554569840 -0.006001529 -0.001915442 0.999980211 19.005527496
0.999982655 -0.000565583 0.005848264 0.367999673 0.000552074 0.999997199 0.002311177 -0.572323561 -0.005849555 -0.002307909 0.999980211 19.443883896
0.999982357 -0.000345954 0.005917672 0.376677960 0.000328436 0.999995530 0.002960958 -0.587495267 -0.005918669 -0.002958962 0.999978125 19.932319641
0.999981701 -0.000025825 0.006049549 0.391654134 0.000009214 0.999996245 0.002745855 -0.600488484 -0.006049597 -0.002745749 0.999977887 20.419879913
0.999987066 -0.001447709 0.004867445 0.410114050 0.001434232 0.999995112 0.002771201 -0.612151504 -0.004871433 -0.002764184 0.999984324 20.877525330
0.999988973 -0.000993123 0.004598982 0.421580225 0.000981658 0.999996364 0.002494609 -0.620423079 -0.004601444 -0.002490068 0.999986351 21.385728836
0.999989986 -0.001279499 0.004288666 0.430845231 0.001269532 0.999996424 0.002326032 -0.631523609 -0.004291628 -0.002320564 0.999988079 21.898580551
0.999990404 -0.000920082 0.004278587 0.432350338 0.000908111 0.999995649 0.002798979 -0.651401043 -0.004281144 -0.002795067 0.999986947 22.388784409
0.999990344 -0.000182811 0.004392833 0.436796635 0.000171252 0.999996483 0.002631513 -0.667600930 -0.004393300 -0.002630735 0.999986947 22.907148361
0.999993443 0.000290879 0.003615197 0.441293538 -0.000302729 0.999994576 0.003277820 -0.684355438 -0.003614224 -0.003278893 0.999988139 23.408912659
0.999995112 -0.001782662 0.002538023 0.458090454 0.001774962 0.999993920 0.003033045 -0.703235328 -0.002543414 -0.003028526 0.999992192 23.938121796
0.999996245 -0.000668153 0.002605811 0.467586935 0.000660863 0.999995887 0.002797133 -0.709567308 -0.002607670 -0.002795401 0.999992669 24.488677979
0.999998152 -0.000670485 0.001786903 0.476267070 0.000665142 0.999995291 0.002988857 -0.724576354 -0.001788898 -0.002987663 0.999993920 25.001701355
0.999998868 0.000042811 0.001501302 0.467274934 -0.000048439 0.999992967 0.003748300 -0.753464222 -0.001501131 -0.003748368 0.999991834 25.520896912
0.999999106 0.000228549 0.001304195 0.477880061 -0.000233551 0.999992549 0.003836634 -0.764546096 -0.001303308 -0.003836935 0.999991775 26.087867737
0.999999166 0.000191733 0.001248134 0.483232886 -0.000196476 0.999992788 0.003800236 -0.775889397 -0.001247396 -0.003800479 0.999992013 26.646635056
1.000000000 -0.000058683 0.000236128 0.498306811 0.000057743 0.999992073 0.003980048 -0.795769215 -0.000236360 -0.003980034 0.999992073 27.131046295
0.999999821 0.000681444 0.000026684 0.508474827 -0.000681542 0.999992371 0.003854084 -0.810301900 -0.000024057 -0.003854102 0.999992609 27.684501648
0.999999344 0.001025397 0.000410638 0.511546433 -0.001026951 0.999992251 0.003801678 -0.818851471 -0.000406737 -0.003802097 0.999992669 28.242843628
0.999999523 0.000994330 -0.000033174 0.518024266 -0.000994176 0.999990046 0.004330618 -0.836236060 0.000037479 -0.004330583 0.999990582 28.753000259
0.999999762 0.000563402 -0.000506087 0.524637580 -0.000560990 0.999988437 0.004752748 -0.852943122 0.000508759 -0.004752462 0.999988556 29.306940079
0.999999464 0.000711605 -0.000876478 0.538509905 -0.000707553 0.999989033 0.004614818 -0.862370372 0.000879752 -0.004614194 0.999988973 29.852373123
0.999998689 0.001595351 -0.000322513 0.525178492 -0.001593998 0.999990106 0.004152390 -0.878107429 0.000329135 -0.004151870 0.999991298 30.358734131
0.999997914 0.002038788 0.000190452 0.530324042 -0.002039524 0.999990165 0.003939348 -0.886430621 -0.000182418 -0.003939728 0.999992251 30.910823822
0.999999464 0.001048443 -0.000138792 0.537425756 -0.001047932 0.999992907 0.003632278 -0.898812652 0.000142599 -0.003632131 0.999993384 31.455156326
0.999998748 0.000816990 -0.001355995 0.556877017 -0.000811324 0.999990880 0.004173190 -0.917417884 0.001359393 -0.004172084 0.999990344 31.946348190
0.999997199 0.001903198 -0.001434122 0.558649838 -0.001897133 0.999989271 0.004218542 -0.930490792 0.001442136 -0.004215810 0.999990046 32.493183136
0.999997139 0.001829573 -0.001519993 0.569535911 -0.001822709 0.999988139 0.004505235 -0.950414479 0.001528218 -0.004502451 0.999988616 33.043041229
0.999997914 0.001421273 -0.001542681 0.571411550 -0.001413923 0.999987662 0.004754541 -0.964035213 0.001549419 -0.004752349 0.999987483 33.552803040
0.999997795 0.001673767 -0.001315460 0.575285614 -0.001667767 0.999988198 0.004548817 -0.974042237 0.001323059 -0.004546613 0.999988735 34.102405548
0.999997020 0.001950116 -0.001475230 0.589297593 -0.001943661 0.999988496 0.004363460 -0.992504001 0.001483722 -0.004360580 0.999989390 34.624713898
0.999996960 0.001432871 -0.002009302 0.596101642 -0.001424042 0.999989271 0.004389785 -0.994019270 0.002015571 -0.004386910 0.999988317 35.129318237
0.999996305 0.001642755 -0.002178837 0.604588687 -0.001633378 0.999989390 0.004298818 -1.005504847 0.002185876 -0.004295242 0.999988377 35.682670593
0.999996662 0.001474330 -0.002102599 0.619172812 -0.001466135 0.999991357 0.003894241 -1.020109534 0.002108322 -0.003891145 0.999990165 36.249454498
0.999996662 0.001393810 -0.002178439 0.614559591 -0.001384777 0.999990463 0.004141849 -1.032725692 0.002184191 -0.004138818 0.999989033 36.751808167
0.999996066 0.001920433 -0.002045192 0.624334693 -0.001911592 0.999988854 0.004316043 -1.045754910 0.002053458 -0.004312116 0.999988616 37.306110382
0.999995172 0.002017638 -0.002364347 0.633747041 -0.002008802 0.999991000 0.003734215 -1.055025101 0.002371860 -0.003729448 0.999990225 37.855590820
0.999996245 0.001128909 -0.002498501 0.629089534 -0.001117871 0.999989629 0.004414457 -1.085515738 0.002503458 -0.004411648 0.999987066 38.329231262
0.999997020 0.001644854 -0.001829288 0.632553041 -0.001635985 0.999986947 0.004839615 -1.099487901 0.001837224 -0.004836608 0.999986589 38.882648468
0.999996722 0.001320863 -0.002191972 0.649609685 -0.001311732 0.999990463 0.004162294 -1.108040094 0.002197449 -0.004159404 0.999988914 39.452301025
0.999996305 0.001245856 -0.002420885 0.654800415 -0.001235059 0.999989331 0.004456670 -1.122866273 0.002426412 -0.004453663 0.999987125 39.928703308
0.999996901 0.000732324 -0.002391093 0.668677330 -0.000721606 0.999989748 0.004480003 -1.136037588 0.002394350 -0.004478265 0.999987066 40.477710724
0.999996722 0.001554739 -0.002062645 0.671880484 -0.001545157 0.999988079 0.004638312 -1.143866301 0.002069832 -0.004635110 0.999987125 41.032718658
0.999995887 0.001826171 -0.002194312 0.669357717 -0.001816761 0.999989152 0.004282963 -1.159504294 0.002202110 -0.004278959 0.999988437 41.529399872
0.999995410 0.002011079 -0.002274284 0.681027472 -0.002001157 0.999988496 0.004356598 -1.171250582 0.002283019 -0.004352027 0.999987960 42.081550598
0.999996006 0.002118272 -0.001868692 0.691427946 -0.002109454 0.999986649 0.004708450 -1.191814065 0.001878640 -0.004704489 0.999987185 42.601284027
0.999995649 0.002210281 -0.001935195 0.676698565 -0.002201221 0.999986589 0.004671270 -1.204886794 0.001945494 -0.004666992 0.999987245 43.102611542
0.999996543 0.001889191 -0.001839008 0.684675038 -0.001879963 0.999985695 0.005006995 -1.220480919 0.001848441 -0.005003521 0.999985814 43.641498566
0.999996841 0.001437167 -0.002048950 0.695617259 -0.001425284 0.999982238 0.005789390 -1.237607360 0.002057234 -0.005786452 0.999981225 44.166530609
0.999996126 0.002182615 -0.001741397 0.694149315 -0.002174116 0.999985754 0.004866975 -1.239054441 0.001751995 -0.004863170 0.999986649 44.698287964
0.999996960 0.002212522 -0.001103914 0.703966022 -0.002207921 0.999988973 0.004151825 -1.243233562 0.001113088 -0.004149375 0.999990821 45.241237640
0.999997437 0.001972414 -0.001132084 0.715664148 -0.001967199 0.999987602 0.004588850 -1.262450695 0.001141121 -0.004586611 0.999988914 45.782321930
0.999995649 0.002498041 -0.001563480 0.734466195 -0.002491177 0.999987304 0.004375792 -1.273497224 0.001574391 -0.004371878 0.999989212 46.309505463
0.999996305 0.001821780 -0.002022194 0.722190082 -0.001812723 0.999988317 0.004471541 -1.277486324 0.002030317 -0.004467858 0.999987960 46.809375763
0.999996722 0.001549691 -0.002015671 0.731706798 -0.001541489 0.999990582 0.004064257 -1.288223624 0.002021950 -0.004061136 0.999989688 47.351634979
0.999996305 0.002270989 -0.001471795 0.741949260 -0.002265919 0.999991536 0.003439486 -1.296853304 0.001479594 -0.003436138 0.999992967 47.886241913
0.999997139 0.001304244 -0.002022667 0.757016182 -0.001295387 0.999989629 0.004374019 -1.317154527 0.002028351 -0.004371386 0.999988377 48.417133331
0.999996483 0.002326014 -0.001230529 0.736316919 -0.002320040 0.999985635 0.004832746 -1.332801819 0.001241752 -0.004829875 0.999987543 48.904464722
0.999993205 0.003524005 -0.001023563 0.738234341 -0.003519383 0.999983728 0.004483992 -1.341875076 0.001039348 -0.004480359 0.999989450 49.447521210
0.999995530 0.002676278 -0.001331247 0.745565176 -0.002671366 0.999989688 0.003678166 -1.349642634 0.001341077 -0.003674594 0.999992371 49.988231659
0.999996126 0.002550398 -0.001150346 0.759978235 -0.002546359 0.999990642 0.003498284 -1.361187339 0.001159257 -0.003495340 0.999993205 50.534561157
0.999996543 0.002240969 -0.001333653 0.753142595 -0.002234463 0.999985635 0.004859513 -1.374582410 0.001344524 -0.004856515 0.999987304 50.967872620
0.999996781 0.002385222 -0.000883662 0.762001574 -0.002380770 0.999984622 0.005004383 -1.388531446 0.000895585 -0.005002262 0.999987125 51.522598267
0.999997973 0.001772476 -0.000973889 0.771397829 -0.001768454 0.999989986 0.004114203 -1.394670725 0.000981171 -0.004112472 0.999991059 52.055324554
0.999995589 0.002909443 -0.000610242 0.766932905 -0.002906631 0.999985397 0.004555938 -1.408681989 0.000623488 -0.004554143 0.999989450 52.594635010
0.999995708 0.002897554 -0.000556874 0.779420555 -0.002895201 0.999987125 0.004178303 -1.420216799 0.000568974 -0.004176672 0.999991059 53.147792816
0.999994934 0.003171921 -0.000284141 0.785999000 -0.003170810 0.999987662 0.003827598 -1.428853154 0.000296278 -0.003826678 0.999992669 53.704658508
0.999994516 0.003281413 -0.000451007 0.783233225 -0.003279682 0.999987423 0.003788935 -1.439360857 0.000463434 -0.003787435 0.999992728 54.209426880
0.999994993 0.003152543 -0.000023295 0.793372929 -0.003152427 0.999987245 0.003924047 -1.451983929 0.000035665 -0.003923954 0.999992311 54.752094269
0.999995708 0.002925962 -0.000376379 0.810311913 -0.002924519 0.999988556 0.003781122 -1.472715378 0.000387438 -0.003780005 0.999992788 55.283943176
0.999995172 0.003101214 -0.000142137 0.800117195 -0.003100675 0.999988556 0.003649280 -1.472526789 0.000153453 -0.003648821 0.999993324 55.787666321
0.999993026 0.003721420 -0.000064539 0.810850501 -0.003721130 0.999984980 0.004028058 -1.487758160 0.000079528 -0.004027790 0.999991953 56.325050354
0.999994755 0.003226549 -0.000121247 0.820653319 -0.003226134 0.999989390 0.003283974 -1.496240258 0.000131841 -0.003283566 0.999994516 56.879112244
0.999993801 0.003466390 0.000628546 0.817047477 -0.003468488 0.999988317 0.003367496 -1.503380179 -0.000616866 -0.003369655 0.999994159 57.362930298
0.999994934 0.003154825 0.000482727 0.827977479 -0.003156536 0.999988556 0.003582746 -1.515969634 -0.000471418 -0.003584251 0.999993443 57.907791138
0.999993563 0.003575084 0.000420100 0.838824093 -0.003576371 0.999988794 0.003104746 -1.530453682 -0.000408996 -0.003106229 0.999995112 58.451622009
0.999993265 0.003619645 0.000605609 0.834035397 -0.003621265 0.999989808 0.002693674 -1.531953096 -0.000595853 -0.002695849 0.999996185 58.940559387
0.999991834 0.003941955 0.000821667 0.843716323 -0.003944377 0.999987841 0.002964796 -1.543495178 -0.000809970 -0.002968013 0.999995291 59.500717163
0.999989331 0.004486823 0.001047927 0.853737414 -0.004488995 0.999987781 0.002080685 -1.552541971 -0.001038578 -0.002085367 0.999997258 60.049129486
0.999990761 0.004142581 0.001149097 0.858246267 -0.004145156 0.999988854 0.002247487 -1.559877038 -0.001139774 -0.002252229 0.999996841 60.529964447
0.999990761 0.004252706 0.000587887 0.868725419 -0.004254061 0.999988198 0.002326272 -1.573984623 -0.000577987 -0.002328752 0.999997139 61.079395294
0.999988854 0.004646896 0.000803143 0.883855522 -0.004648513 0.999987066 0.002024747 -1.588740587 -0.000793724 -0.002028459 0.999997675 61.615489960
0.999988914 0.004493231 0.001411981 0.880360365 -0.004496800 0.999986708 0.002532818 -1.606240273 -0.001400581 -0.002539139 0.999995768 62.098625183
0.999985576 0.005041063 0.001857492 0.888418138 -0.005045347 0.999984622 0.002308155 -1.622036099 -0.001845828 -0.002317493 0.999995589 62.653518677
0.999981046 0.005740031 0.002231671 0.901626825 -0.005744482 0.999981523 0.001992703 -1.637322903 -0.002220191 -0.002005486 0.999995589 63.190837860
0.999987304 0.004682810 0.001858745 0.887284935 -0.004686794 0.999986708 0.002145495 -1.642666936 -0.001848673 -0.002154179 0.999995887 63.700176239
0.999987602 0.004697680 0.001674092 0.903877199 -0.004701693 0.999986053 0.002400047 -1.657726645 -0.001662795 -0.002407888 0.999995708 64.245697021
0.999987781 0.004612111 0.001781216 0.919148564 -0.004616150 0.999986827 0.002269950 -1.671852350 -0.001770723 -0.002278144 0.999995768 64.790946960
0.999985576 0.004747174 0.002492188 0.903280854 -0.004751873 0.999986947 0.001882209 -1.673922539 -0.002483220 -0.001894024 0.999995112 65.286743164
0.999987781 0.004294407 0.002448981 0.917285204 -0.004297742 0.999989808 0.001358213 -1.685757160 -0.002443124 -0.001368721 0.999996006 65.843399048
0.999985397 0.004472307 0.003015879 0.931457639 -0.004475244 0.999989450 0.000967412 -1.701888084 -0.003011521 -0.000980894 0.999994934 66.365905762
0.999984205 0.004979651 0.002584006 0.944759250 -0.004984493 0.999985814 0.001870850 -1.713511229 -0.002574653 -0.001883700 0.999994934 66.847862244
0.999980271 0.005515239 0.002989934 0.953086376 -0.005520821 0.999982953 0.001861342 -1.727102280 -0.002979618 -0.001877812 0.999993861 67.387542725
0.999976575 0.006118816 0.003040523 0.955878317 -0.006123988 0.999979794 0.001694701 -1.742516279 -0.003030092 -0.001713281 0.999993980 67.940162659
0.999972522 0.006826701 0.002909005 1.004889131 -0.006833902 0.999973536 0.002472682 -1.780898571 -0.002892049 -0.002492493 0.999992669 68.447982788
0.999980390 0.005408522 0.003160989 0.962962806 -0.005413369 0.999984205 0.001527578 -1.760212779 -0.003152677 -0.001544659 0.999993861 68.950477600
0.999974668 0.005906013 0.003966035 0.967939138 -0.005911881 0.999981463 0.001469785 -1.776182652 -0.003957281 -0.001493194 0.999991119 69.502120972
0.999975502 0.005935114 0.003719849 0.985633314 -0.005940767 0.999981165 0.001510381 -1.793645501 -0.003710815 -0.001532443 0.999991953 70.028572083
0.999974728 0.005895846 0.003959267 0.988909483 -0.005900536 0.999981880 0.001173530 -1.796372414 -0.003952276 -0.001196862 0.999991477 70.561424255
0.999977767 0.005550954 0.003682204 1.005531311 -0.005556163 0.999983549 0.001405406 -1.811516881 -0.003674342 -0.001425833 0.999992251 71.114990234
0.999971569 0.006197318 0.004298774 1.014165640 -0.006204878 0.999979258 0.001748356 -1.826207638 -0.004287850 -0.001774980 0.999989212 71.668739319
0.999973178 0.005954773 0.004259211 1.017684937 -0.005960177 0.999981463 0.001257021 -1.835256815 -0.004251647 -0.001282373 0.999990106 72.144203186
0.999975264 0.005698154 0.004140228 1.034609318 -0.005703475 0.999982953 0.001274703 -1.852118611 -0.004132894 -0.001298286 0.999990642 72.696060181
0.999966741 0.006784237 0.004525062 1.042304277 -0.006788495 0.999976575 0.000926858 -1.856917381 -0.004518668 -0.000957545 0.999989390 73.268638611
0.999970734 0.006292935 0.004383905 1.053410769 -0.006295847 0.999979973 0.000650644 -1.866714597 -0.004379724 -0.000678225 0.999990165 73.753913879
0.999965131 0.006929266 0.004663011 1.064754128 -0.006932668 0.999975681 0.000714403 -1.879771352 -0.004657947 -0.000746706 0.999988914 74.301429749
0.999957561 0.007873842 0.004773160 1.078766823 -0.007874332 0.999968946 0.000083698 -1.890043974 -0.004772353 -0.000121280 0.999988675 74.853515625
0.999972582 0.005799812 0.004602844 1.091009974 -0.005801260 0.999983132 0.000301680 -1.908818960 -0.004601016 -0.000328374 0.999989390 75.343376160
0.999963224 0.007096124 0.004822754 1.097921133 -0.007095796 0.999974787 -0.000085085 -1.918056726 -0.004823236 0.000050861 0.999988377 75.899917603
0.999975145 0.005524340 0.004378446 1.115120649 -0.005523619 0.999984682 -0.000177071 -1.929063916 -0.004379358 0.000152881 0.999990404 76.457221985
0.999971867 0.005685895 0.004868357 1.125574589 -0.005686867 0.999983788 0.000185829 -1.951254606 -0.004867221 -0.000213509 0.999988139 76.928802490
0.999966443 0.006331373 0.005186263 1.138453126 -0.006333995 0.999979794 0.000489583 -1.965767145 -0.005183058 -0.000522416 0.999986410 77.477989197
0.999964714 0.006789238 0.004953668 1.149238467 -0.006788106 0.999976873 -0.000245555 -1.975034952 -0.004955221 0.000211920 0.999987662 78.055892944
0.999967277 0.006381455 0.004966407 1.160137653 -0.006382903 0.999979615 0.000275760 -1.997878551 -0.004964545 -0.000307451 0.999987602 78.564941406
0.999951780 0.007071713 0.006817711 1.167360306 -0.007074953 0.999974906 0.000451532 -2.013711929 -0.006814346 -0.000499745 0.999976695 79.115615845
0.999945343 0.006845890 0.007912400 1.184173584 -0.006850631 0.999976456 0.000572355 -2.032834291 -0.007908296 -0.000626529 0.999968469 79.663032532
0.999939263 0.006728768 0.008725174 1.192751288 -0.006730888 0.999977350 0.000213705 -2.041896582 -0.008723537 -0.000272420 0.999961913 80.224067688
0.999915123 0.007401116 0.010724974 1.202858925 -0.007410051 0.999972284 0.000793606 -2.058913469 -0.010718800 -0.000873011 0.999942183 80.776145935
0.999882340 0.007483134 0.013392000 1.219678402 -0.007487975 0.999971926 0.000311312 -2.076358080 -0.013389295 -0.000411554 0.999910295 81.312255859
0.999828517 0.006976841 0.017153416 1.242795825 -0.006976776 0.999975681 -0.000063590 -2.088446379 -0.017153442 -0.000056097 0.999852955 81.851554871
0.999765933 0.007264721 0.020379206 1.265464902 -0.007275073 0.999973416 0.000433900 -2.107500792 -0.020375511 -0.000582059 0.999792218 82.371971130
0.999667764 0.007399702 0.024688605 1.294509292 -0.007413134 0.999972403 0.000452507 -2.120785475 -0.024684576 -0.000635377 0.999695063 82.920814514
0.999516368 0.006993019 0.030296935 1.329609632 -0.007013242 0.999975324 0.000561254 -2.139462233 -0.030292261 -0.000773462 0.999540746 83.464454651
0.999308705 0.007251220 0.036461476 1.355132222 -0.007253565 0.999973714 -0.000068056 -2.149141312 -0.036461011 -0.000196466 0.999334991 84.004356384
0.999048233 0.007652170 0.042942155 1.389989376 -0.007644540 0.999970794 -0.000341940 -2.162214279 -0.042943511 0.000013341 0.999077439 84.551353455
0.998702228 0.006769053 0.050479211 1.441267729 -0.006753985 0.999977171 -0.000469044 -2.181119442 -0.050481230 0.000127499 0.998724997 85.098991394
0.998222053 0.007158446 0.059172008 1.476063490 -0.007142761 0.999974370 -0.000476618 -2.187548161 -0.059173893 0.000053119 0.998247683 85.649803162
0.997785687 0.006598108 0.066183291 1.530644417 -0.006559107 0.999978125 -0.000806556 -2.197358131 -0.066187173 0.000370666 0.997807145 86.205490112
0.997131228 0.006761346 0.075389698 1.585048199 -0.006721391 0.999977052 -0.000783699 -2.216153145 -0.075393267 0.000274727 0.997153878 86.741981506
0.996352553 0.006384203 0.085093036 1.651940346 -0.006330076 0.999979556 -0.000905902 -2.224958181 -0.085097075 0.000363953 0.996372521 87.287193298
0.995546460 0.006128192 0.094072253 1.719077110 -0.006053619 0.999981046 -0.001078090 -2.231477737 -0.094077080 0.000503811 0.995564699 87.841712952
0.994892418 0.005453233 0.100793660 1.796523571 -0.005358308 0.999984920 -0.001212459 -2.256372929 -0.100798734 0.000666182 0.994906664 88.373992920
0.993779719 0.005542187 0.111225776 1.859814167 -0.005405971 0.999984205 -0.001526220 -2.258685589 -0.111232489 0.000915444 0.993793905 88.896682739
0.992546678 0.006493495 0.121692069 1.948040962 -0.006364282 0.999978721 -0.001450476 -2.272186756 -0.121698894 0.000665183 0.992566824 89.443969727
0.991423845 0.004360668 0.130613431 2.044781685 -0.004160980 0.999989688 -0.001801715 -2.291615009 -0.130619943 0.001242784 0.991431773 89.947906494
0.989819407 0.005172451 0.142234847 2.146223068 -0.005017978 0.999986291 -0.001444711 -2.308477402 -0.142240405 0.000716272 0.989831805 90.495101929
0.987889349 0.005085239 0.155076772 2.227617264 -0.004890204 0.999986708 -0.001639132 -2.313066721 -0.155083016 0.000860924 0.987901092 91.037010193
0.986124516 0.004596211 0.165943697 2.338609695 -0.004390450 0.999989092 -0.001606749 -2.328145266 -0.165949255 0.000855887 0.986133873 91.579521179
0.984370828 0.003827123 0.176066592 2.456418037 -0.003594946 0.999992192 -0.001637629 -2.343578815 -0.176071495 0.000979085 0.984376848 92.114707947
0.981909275 0.004520689 0.189297780 2.562733650 -0.004314095 0.999989510 -0.001503414 -2.358689785 -0.189302608 0.000659568 0.981918573 92.611053467
0.979533374 0.003121296 0.201257646 2.699241638 -0.002669398 0.999993205 -0.002516732 -2.366304874 -0.201264143 0.001927986 0.979535162 93.135391235
0.977397859 0.003098298 0.211385623 2.831590652 -0.002733024 0.999994159 -0.002020135 -2.381561995 -0.211390644 0.001396753 0.977400661 93.685462952
0.974373758 0.003211968 0.224912077 2.956186295 -0.002875987 0.999994338 -0.001821431 -2.387702942 -0.224916637 0.001127910 0.974377275 94.193145752
0.971147180 0.003219858 0.238459438 3.106229782 -0.002885055 0.999994278 -0.001753025 -2.401383877 -0.238463759 0.001014477 0.971150815 94.725212097
0.968440592 0.002179557 0.249235094 3.266910553 -0.001715156 0.999996364 -0.002080460 -2.415554523 -0.249238715 0.001587325 0.968440771 95.242820740
0.965647221 0.001718633 0.259850919 3.424127579 -0.001258593 0.999997258 -0.001936769 -2.434643030 -0.259853601 0.001543188 0.965646744 95.700431824
0.961962581 0.002082134 0.273173243 3.597803116 -0.001729966 0.999997318 -0.001530043 -2.455438137 -0.273175716 0.000999264 0.961963654 96.217109680
0.958208442 0.002743535 0.286057502 3.767272949 -0.002307700 0.999995649 -0.001860694 -2.466320753 -0.286061347 0.001122799 0.958210647 96.754188538
0.955009937 0.001264403 0.296571016 3.974170685 -0.000719331 0.999997854 -0.001947029 -2.489315033 -0.296572804 0.001646100 0.955008805 97.276733398
0.950248837 0.002087571 0.311485231 4.121568680 -0.001717295 0.999997437 -0.001463017 -2.497182608 -0.311487526 0.000855318 0.950249851 97.740493774
0.945777357 0.001021729 0.324814022 4.333566666 -0.000469148 0.999998212 -0.001779535 -2.510514259 -0.324815303 0.001530658 0.945776224 98.261444092
0.941718638 0.001167983 0.336399466 4.535869598 -0.000559086 0.999998033 -0.001906900 -2.520723104 -0.336401016 0.001607687 0.941717446 98.768653870
0.937207043 -0.000854932 0.348772407 4.751417160 0.001674273 0.999996483 -0.002047789 -2.541769981 -0.348769426 0.002503143 0.937205136 99.242523193
0.931408286 0.000522176 0.363975585 4.938571930 0.000128114 0.999998569 -0.001762485 -2.551380157 -0.363975853 0.001688224 0.931406856 99.756416321
0.926578283 0.000531292 0.376101613 5.170383453 0.000127843 0.999998510 -0.001727585 -2.569469690 -0.376101971 0.001648825 0.926576793 100.259056091
0.921810210 -0.000202591 0.387641430 5.407081604 0.000922938 0.999998152 -0.001672117 -2.581802130 -0.387640446 0.001899143 0.921808660 100.775054932
0.915781617 -0.000571018 0.401676208 5.631221771 0.001416126 0.999997318 -0.001807040 -2.599913836 -0.401674151 0.002223677 0.915779948 101.250205994
0.909761965 -0.000132277 0.415130347 5.864017487 0.000869776 0.999998391 -0.001587482 -2.600372314 -0.415129453 0.001805301 0.909760594 101.697654724
0.904722214 -0.000565054 0.426001817 6.117797852 0.001482938 0.999997199 -0.001822983 -2.614253283 -0.425999641 0.002281026 0.904720545 102.180244446
0.898961008 -0.001388701 0.438026726 6.380840302 0.002307254 0.999996185 -0.001564824 -2.630733013 -0.438022792 0.002417354 0.898960531 102.674095154
0.892215788 -0.001187306 0.451607674 6.636295319 0.002152780 0.999996364 -0.001624073 -2.640838861 -0.451604187 0.002421235 0.892215133 103.150985718
0.886110246 -0.001485776 0.463472158 6.913948059 0.002998422 0.999992371 -0.002526943 -2.646538973 -0.463464826 0.003628835 0.886107922 103.635314941
0.880060911 -0.001533439 0.474858403 7.194419861 0.002659835 0.999995053 -0.001700267 -2.669286966 -0.474853426 0.002759383 0.880060554 104.124191284
0.872509599 -0.001552652 0.488594353 7.458763123 0.002758284 0.999994695 -0.001747840 -2.677424192 -0.488588989 0.002872689 0.872509301 104.584999084
