1.000000000 0.000000000 0.000000000 0.000000000 0.000000000 1.000000000 0.000000000 0.000000000 0.000000000 0.000000000 1.000000000 0.000000000
1.000000000 0.000010798 0.000046702 0.000213118 -0.000010803 1.000000000 0.000097919 -0.000514552 -0.000046701 -0.000097919 1.000000000 -0.000363717
1.000000000 0.000026093 -0.000103529 0.001102453 -0.000026086 1.000000000 0.000067887 -0.000880001 0.000103530 -0.000067884 1.000000000 -0.001297951
1.000000000 0.000063299 -0.000052173 0.000430604 -0.000063297 1.000000000 0.000041273 0.000003656 0.000052175 -0.000041270 1.000000000 0.001678332
1.000000000 0.000057896 0.000023159 -0.000434771 -0.000057896 1.000000000 0.000018511 0.000039986 -0.000023158 -0.000018512 1.000000000 -0.000011550
1.000000000 0.000025429 -0.000040338 -0.000345660 -0.000025429 1.000000000 0.000002541 -0.000102694 0.000040338 -0.000002540 1.000000000 0.000037943
1.000000000 0.000090543 -0.000058524 0.000486887 -0.000090541 1.000000000 0.000031774 -0.000891799 0.000058526 -0.000031769 1.000000000 -0.001512078
1.000000000 -0.000009166 -0.000019674 0.000653659 0.000009165 1.000000000 -0.000057627 0.000455410 0.000019675 0.000057627 1.000000000 -0.000224919
1.000000000 -0.000060194 0.000094578 0.000591568 0.000060191 1.000000000 0.000030771 -0.000552825 -0.000094580 -0.000030766 1.000000000 -0.001612750
1.000000000 -0.000150655 -0.000021007 0.001000582 0.000150653 1.000000000 -0.000049298 0.000931653 0.000021015 0.000049294 1.000000000 0.001343995
1.000000000 -0.000088468 -0.000036052 0.000742249 0.000088469 1.000000000 0.000019003 -0.000019081 0.000036050 -0.000019006 1.000000000 0.001940015
1.000000000 0.000003680 0.000022768 0.000239153 -0.000003676 1.000000000 -0.000174618 0.002163938 -0.000022768 0.000174618 1.000000000 0.003247649
1.000000000 -0.000122472 0.000003265 0.000186018 0.000122471 1.000000000 0.000052602 0.000165747 -0.000003272 -0.000052602 1.000000000 0.001361668
1.000000000 -0.000047314 -0.000019252 0.000570300 0.000047315 1.000000000 0.000080163 0.000290147 0.000019249 -0.000080164 1.000000000 0.000993627
1.000000000 -0.000069130 -0.000049283 0.001033178 0.000069135 1.000000000 0.000102015 -0.000475797 0.000049276 -0.000102018 1.000000000 0.000393548
1.000000000 -0.000093314 -0.000057508 0.000130682 0.000093314 1.000000000 -0.000002154 -0.000035568 0.000057508 0.000002149 1.000000000 -0.000268164
1.000000000 0.000182304 0.000148405 -0.001387141 -0.000182309 1.000000000 0.000033920 0.000200842 -0.000148399 -0.000033947 1.000000000 0.001257450
0.999999940 -0.000011935 -0.000248755 0.001294520 0.000011904 1.000000000 -0.000125432 0.000619497 0.000248756 0.000125429 0.999999940 0.000300330
0.999999940 -0.000241303 -0.000068122 0.001011546 0.000241299 0.999999940 -0.000047752 -0.000017459 0.000068133 0.000047736 1.000000000 0.000670444
1.000000000 -0.000087513 0.000036462 0.000591110 0.000087514 1.000000000 -0.000019459 0.000408136 -0.000036461 0.000019463 1.000000000 0.001434026
1.000000000 0.000077154 0.000024178 -0.000482985 -0.000077151 1.000000000 -0.000106394 0.001208807 -0.000024187 0.000106392 1.000000000 0.002304669
1.000000000 -0.000065348 -0.000061353 0.000442117 0.000065347 1.000000000 -0.000019102 0.001160964 0.000061354 0.000019098 1.000000000 0.001199768
1.000000000 -0.000165034 -0.000075358 0.001963184 0.000165032 1.000000000 -0.000030717 0.000813899 0.000075363 0.000030705 1.000000000 0.001727394
1.000000000 0.000015467 0.000180516 -0.000528952 -0.000015464 1.000000000 -0.000017306 0.001236166 -0.000180516 0.000017304 1.000000000 0.000731860
1.000000000 0.000000934 -0.000095413 0.001548139 -0.000000937 1.000000000 -0.000027909 0.000633778 0.000095413 0.000027909 1.000000000 0.000540322
1.000000000 0.000043708 -0.000026048 0.000828277 -0.000043710 1.000000000 -0.000081216 0.000385959 0.000026044 0.000081217 1.000000000 -0.000448012
1.000000000 -0.000008527 0.000061082 -0.000251943 0.000008534 1.000000000 -0.000115635 0.000067693 -0.000061081 0.000115635 1.000000000 -0.001436502
1.000000000 -0.000034973 -0.000052910 0.000313287 0.000034968 1.000000000 -0.000091710 0.000507186 0.000052914 0.000091708 1.000000000 -0.000050937
1.000000000 -0.000070689 -0.000026545 -0.001044417 0.000070689 1.000000000 -0.000006454 0.001228737 0.000026545 0.000006452 1.000000000 0.002430021
1.000000000 0.000067205 0.000144568 -0.001350775 -0.000067198 1.000000000 -0.000050990 0.001351834 -0.000144572 0.000050981 1.000000000 0.001521464
1.000000000 -0.000005717 -0.000024536 0.000703062 0.000005719 1.000000000 0.000088337 0.000231913 0.000024536 -0.000088337 1.000000000 0.000193770
1.000000000 0.000017274 0.000109579 -0.001350333 -0.000017282 1.000000000 0.000068542 0.000410392 -0.000109577 -0.000068543 1.000000000 0.001733026
1.000000000 -0.000048722 0.000104384 -0.000851124 0.000048719 1.000000000 0.000024079 -0.000209973 -0.000104385 -0.000024074 1.000000000 0.000605974
1.000000000 -0.000054809 0.000056306 -0.000662239 0.000054807 1.000000000 0.000036941 0.000731924 -0.000056308 -0.000036938 1.000000000 0.001327142
1.000000000 0.000005777 0.000153134 -0.001291055 -0.000005766 1.000000000 -0.000069597 0.001924732 -0.000153135 0.000069596 1.000000000 0.003081358
1.000000000 0.000084305 0.000169191 -0.002070519 -0.000084290 1.000000000 -0.000090826 0.002882737 -0.000169199 0.000090812 1.000000000 0.003701059
1.000000000 -0.000240509 0.000025279 -0.000138182 0.000240509 1.000000000 0.000028703 0.000805850 -0.000025286 -0.000028697 1.000000000 0.001910996
1.000000000 -0.000004770 0.000083810 -0.001050537 0.000004762 1.000000000 0.000097425 0.000571375 -0.000083811 -0.000097425 1.000000000 0.001244687
1.000000000 -0.000127389 -0.000012277 -0.000162960 0.000127389 1.000000000 -0.000031332 0.001239375 0.000012281 0.000031330 1.000000000 0.001611818
0.999999940 0.000077599 0.000249370 -0.001743739 -0.000077611 1.000000000 0.000046452 -0.000518413 -0.000249367 -0.000046472 0.999999940 0.002017790
0.999999940 -0.000053249 0.000281468 -0.000789113 0.000053448 0.999999762 -0.000707224 -0.001301637 -0.000281430 0.000707239 0.999999702 0.051864609
0.999999940 0.000241418 0.000232083 -0.000867077 -0.000241130 0.999999225 -0.001240192 -0.004648742 -0.000232382 0.001240136 0.999999225 0.132800996
0.999999881 0.000501490 -0.000012781 0.003166847 -0.000501508 0.999998868 -0.001429895 -0.004280451 0.000012064 0.001429901 0.999998987 0.253765702
0.999999940 0.000333978 0.000004957 0.004759233 -0.000333972 0.999999225 -0.001202163 -0.013328429 -0.000005358 0.001202161 0.999999285 0.382194608
0.999999881 0.000411869 0.000136247 0.006758365 -0.000411714 0.999999285 -0.001137378 -0.015810186 -0.000136715 0.001137321 0.999999344 0.527739584
1.000000000 0.000196641 0.000045612 0.012793195 -0.000196588 0.999999285 -0.001172010 -0.018394662 -0.000045843 0.001172001 0.999999285 0.680754483
0.999999940 0.000080731 0.000251309 0.014959645 -0.000080456 0.999999404 -0.001094915 -0.020516600 -0.000251397 0.001094894 0.999999344 0.851375639
0.999999821 0.000473613 0.000305130 0.014356191 -0.000473351 0.999999523 -0.000860564 -0.025866808 -0.000305537 0.000860419 0.999999583 1.019150734
0.999999881 0.000213266 0.000447900 0.017081475 -0.000213182 0.999999940 -0.000187088 -0.035786431 -0.000447940 0.000186993 0.999999881 1.186940670
0.999999762 0.000527871 0.000421043 0.017158529 -0.000527634 0.999999702 -0.000561295 -0.035828173 -0.000421339 0.000561073 0.999999762 1.375132561
0.999999881 0.000421318 0.000198774 0.028103206 -0.000421206 0.999999762 -0.000566122 -0.043220770 -0.000199013 0.000566038 0.999999821 1.574956298
0.999998689 0.001409412 0.000769744 0.021647368 -0.001409044 0.999998868 -0.000477575 -0.046548750 -0.000770417 0.000476490 0.999999583 1.772630095
0.999999881 0.000521773 0.000023909 0.041087821 -0.000521762 0.999999762 -0.000467058 -0.050417285 -0.000024153 0.000467046 0.999999881 1.958046198
0.999999523 0.000601889 0.000772197 0.032268424 -0.000601429 0.999999642 -0.000594590 -0.055451691 -0.000772555 0.000594126 0.999999523 2.181990147
0.999999166 0.000907927 0.000886192 0.032784350 -0.000907463 0.999999464 -0.000523666 -0.065619074 -0.000886667 0.000522861 0.999999464 2.381575823
0.999999344 0.000954078 -0.000620223 0.069346666 -0.000954354 0.999999464 -0.000445418 -0.071262963 0.000619798 0.000446009 0.999999702 2.608658314
0.999999702 0.000034264 -0.000776967 0.081223451 -0.000034231 1.000000000 0.000042740 -0.084482744 0.000776968 -0.000042713 0.999999642 2.824131489
0.999999225 0.000925655 -0.000841515 0.079928741 -0.000926096 0.999999464 -0.000523759 -0.082563899 0.000841030 0.000524538 0.999999464 3.069372654
0.999998987 0.000774624 -0.001163814 0.089692041 -0.000775616 0.999999285 -0.000852088 -0.086159445 0.001163153 0.000852990 0.999998987 3.306035519
0.999999464 0.000126314 -0.001060540 0.094289467 -0.000126871 0.999999821 -0.000525598 -0.097854540 0.001060473 0.000525732 0.999999344 3.543554544
0.999999344 0.000508171 -0.001008142 0.100684576 -0.000508595 0.999999762 -0.000419800 -0.104466215 0.001007928 0.000420313 0.999999404 3.809928179
0.999999285 0.000731052 -0.000931913 0.102374159 -0.000731644 0.999999464 -0.000635410 -0.109047532 0.000931449 0.000636091 0.999999404 4.072066307
0.999999285 0.000931750 -0.000652184 0.104606993 -0.000931885 0.999999523 -0.000207076 -0.118873298 0.000651990 0.000207683 0.999999762 4.323736191
0.999999523 0.000653420 -0.000608231 0.109269492 -0.000653575 0.999999702 -0.000255668 -0.120313905 0.000608064 0.000256066 0.999999821 4.576889515
0.999999225 0.000608547 -0.001069119 0.122239023 -0.000609066 0.999999702 -0.000485418 -0.126462370 0.001068823 0.000486069 0.999999285 4.843286991
0.999999166 0.000447386 -0.001236965 0.127558738 -0.000448031 0.999999762 -0.000520681 -0.131063461 0.001236732 0.000521235 0.999999046 5.110515118
0.999999285 0.000731458 -0.000886553 0.129514053 -0.000732314 0.999999285 -0.000965705 -0.139066070 0.000885845 0.000966354 0.999999106 5.368320942
0.999999166 0.000848826 -0.000962882 0.142537072 -0.000849259 0.999999523 -0.000449091 -0.149556398 0.000962501 0.000449908 0.999999344 5.624288559
0.999999285 0.000617675 -0.001003367 0.138497517 -0.000617852 0.999999940 -0.000175872 -0.162006274 0.001003258 0.000176491 0.999999464 5.896238804
0.999999344 0.000249295 -0.001132278 0.147053286 -0.000249468 1.000000000 -0.000153118 -0.171386644 0.001132239 0.000153400 0.999999344 6.172906876
0.999999464 0.000756967 -0.000771255 0.148467720 -0.000756978 0.999999702 -0.000015092 -0.178958327 0.000771243 0.000015676 0.999999642 6.453484058
0.999999642 0.000558988 -0.000649837 0.157014623 -0.000559040 0.999999881 -0.000080890 -0.191308022 0.000649792 0.000081253 0.999999762 6.733645439
0.999998868 0.001196682 -0.000836278 0.159500301 -0.001196861 0.999999225 -0.000213621 -0.197030917 0.000836021 0.000214622 0.999999642 7.042859554
0.999999344 0.000727874 -0.000805913 0.165853217 -0.000728078 0.999999702 -0.000252776 -0.203455746 0.000805729 0.000253362 0.999999642 7.339560032
0.999999464 0.000633676 -0.000783007 0.173725426 -0.000634017 0.999999642 -0.000434995 -0.214841649 0.000782731 0.000435491 0.999999583 7.655371666
0.999999344 0.000805889 -0.000839329 0.184651762 -0.000805749 0.999999642 0.000167607 -0.231605992 0.000839463 -0.000166930 0.999999642 7.949717045
0.999999225 0.000810569 -0.000874291 0.180405200 -0.000810361 0.999999642 0.000237774 -0.238695264 0.000874483 -0.000237066 0.999999523 8.282477379
0.999999166 0.001065099 -0.000685122 0.186364636 -0.001064940 0.999999404 0.000232585 -0.249680981 0.000685369 -0.000231855 0.999999702 8.610298157
0.999999881 0.000541503 -0.000214494 0.195420846 -0.000541391 0.999999821 0.000523166 -0.261912316 0.000214777 -0.000523050 0.999999821 8.939841270
0.999999464 0.000865012 -0.000493385 0.201333806 -0.000864631 0.999999344 0.000770872 -0.276226848 0.000494051 -0.000770445 0.999999583 9.275140762
0.999999464 0.000935796 -0.000471169 0.200393662 -0.000935705 0.999999523 0.000193769 -0.277798027 0.000471351 -0.000193328 0.999999821 9.627468109
0.999999583 0.000388467 -0.000853850 0.214638352 -0.000388327 0.999999881 0.000164318 -0.287250817 0.000853914 -0.000163987 0.999999583 9.970896721
0.999999464 0.000623142 -0.000819755 0.226227656 -0.000622742 0.999999702 0.000488704 -0.302268922 0.000820060 -0.000488193 0.999999523 10.322141647
0.999999702 0.000827076 -0.000072594 0.213397384 -0.000827029 0.999999523 0.000643456 -0.313207686 0.000073126 -0.000643396 0.999999821 10.674775124
0.999999523 0.000680766 -0.000709195 0.232565477 -0.000680767 0.999999762 -0.000000393 -0.313538015 0.000709195 0.000000875 0.999999762 11.048707008
0.999999285 0.001057686 -0.000584940 0.236571684 -0.001057909 0.999999404 -0.000380792 -0.320887715 0.000584537 0.000381410 0.999999762 11.427312851
0.999999046 0.001355333 -0.000277192 0.245404691 -0.001355301 0.999999046 0.000113977 -0.335740775 0.000277346 -0.000113601 1.000000000 11.805771828
0.999999702 0.000667505 -0.000176229 0.249400154 -0.000667535 0.999999762 -0.000173320 -0.341190130 0.000176113 0.000173437 0.999999881 12.187943459
0.999999762 0.000597071 -0.000282820 0.260498673 -0.000597162 0.999999821 -0.000324151 -0.352953196 0.000282627 0.000324320 0.999999821 12.579532623
0.999999404 0.001052258 -0.000014303 0.264030188 -0.001052257 0.999999464 0.000078621 -0.368228197 0.000014386 -0.000078606 0.999999940 12.973051071
0.999999642 0.000808729 -0.000240738 0.272118866 -0.000808692 0.999999642 0.000154279 -0.376727879 0.000240863 -0.000154085 0.999999940 13.372708321
1.000000000 0.000084912 0.000167461 0.278910160 -0.000085000 0.999999881 0.000528592 -0.386098564 -0.000167416 -0.000528607 0.999999821 13.790201187
0.999999821 0.000527030 0.000363663 0.283320844 -0.000527099 0.999999762 0.000189027 -0.396887600 -0.000363564 -0.000189219 0.999999940 14.199984550
0.999999702 0.000619638 0.000573335 0.294073552 -0.000619865 0.999999702 0.000395901 -0.411485106 -0.000573089 -0.000396256 0.999999821 14.618089676
0.999999762 0.000381299 0.000608738 0.305797130 -0.000381855 0.999999523 0.000914283 -0.426822931 -0.000608390 -0.000914515 0.999999464 15.044708252
0.999999642 0.000652757 0.000563306 0.315085709 -0.000652859 0.999999762 0.000179976 -0.435804874 -0.000563190 -0.000180344 0.999999762 15.482890129
0.999999404 0.000479108 0.001004558 0.323882073 -0.000479063 0.999999881 -0.000045193 -0.446265131 -0.001004578 0.000044711 0.999999523 15.920635223
0.999999166 0.000610233 0.001142710 0.333146691 -0.000610383 0.999999821 0.000130912 -0.457820028 -0.001142630 -0.000131609 0.999999344 16.366483688
0.999998808 0.000619958 0.001414750 0.341043353 -0.000619709 0.999999821 -0.000176073 -0.470053524 -0.001414859 0.000175196 0.999998987 16.813131332
0.999998450 0.000517748 0.001768536 0.351706505 -0.000518296 0.999999821 0.000309503 -0.486459285 -0.001768377 -0.000310420 0.999998391 17.264497757
0.999997020 0.001222197 0.002125671 0.361249715 -0.001222957 0.999999225 0.000356340 -0.500449777 -0.002125233 -0.000358938 0.999997735 17.723726273
0.999996603 0.000581382 0.002547825 0.367535561 -0.000582209 0.999999762 0.000323919 -0.508644640 -0.002547636 -0.000325401 0.999996662 18.193016052
0.999996543 0.000393718 0.002625172 0.379680634 -0.000394372 0.999999881 0.000248891 -0.518149912 -0.002625074 -0.000249926 0.999996543 18.663995743
0.999995172 0.001108342 0.002879007 0.389877826 -0.001108561 0.999999344 0.000074487 -0.532407284 -0.002878923 -0.000077678 0.999995828 19.126424789
0.999994755 0.000327928 0.003209654 0.402966410 -0.000327678 1.000000000 -0.000078169 -0.541582048 -0.003209681 0.000077117 0.999994814 19.612474442
0.999993443 0.001015404 0.003475012 0.409738004 -0.001016016 0.999999523 0.000174285 -0.558246255 -0.003474833 -0.000177815 0.999993861 20.095563889
0.999996006 0.000731428 0.002723396 0.424168736 -0.000732141 0.999999702 0.000261095 -0.574208319 -0.002723204 -0.000263088 0.999996245 20.597517014
0.999996603 0.000920352 0.002413826 0.435275882 -0.000920720 0.999999583 0.000151249 -0.586900115 -0.002413685 -0.000153471 0.999997139 21.090990067
0.999996543 0.001188117 0.002318669 0.441500843 -0.001187840 0.999999285 -0.000121028 -0.592989981 -0.002318812 0.000118273 0.999997258 21.603675842
0.999998093 0.001058505 0.001641770 0.450710922 -0.001058644 0.999999464 0.000083460 -0.611065745 -0.001641681 -0.000085198 0.999998629 22.091701508
0.999998212 0.001346318 0.001343996 0.463200063 -0.001346031 0.999999046 -0.000214134 -0.620101094 -0.001344283 0.000212324 0.999999106 22.604249954
0.999997258 0.001988367 0.001247170 0.468035698 -0.001987322 0.999997675 -0.000838131 -0.631653130 -0.001248833 0.000835650 0.999998868 23.113059998
0.999999225 0.001331821 0.000217452 0.479232669 -0.001331790 0.999999106 -0.000145541 -0.653412879 -0.000217645 0.000145252 0.999999940 23.635675430
0.999999881 0.000480450 -0.000325666 0.488673925 -0.000480713 0.999999583 -0.000808529 -0.663329780 0.000325278 0.000808685 0.999999583 24.165288925
0.999998629 0.001606087 -0.000456947 0.491023868 -0.001605911 0.999998629 0.000384894 -0.686215818 0.000457564 -0.000384160 0.999999821 24.685140610
0.999996960 0.001700261 -0.001796468 0.505931199 -0.001700480 0.999998569 -0.000120045 -0.697440326 0.001796261 0.000123099 0.999998391 25.230737686
0.999996781 0.001708346 -0.001907578 0.511294127 -0.001708524 0.999998569 -0.000091680 -0.711075187 0.001907418 0.000094938 0.999998212 25.773900986
0.999995589 0.001923601 -0.002284963 0.522412360 -0.001924135 0.999998152 -0.000231150 -0.729867876 0.002284514 0.000235546 0.999997377 26.328722000
0.999994278 0.000855219 -0.003266503 0.529192328 -0.000853901 0.999999583 0.000404928 -0.745181322 0.003266848 -0.000402136 0.999994516 26.862894058
0.999993801 0.000666956 -0.003472372 0.539352834 -0.000664284 0.999999583 0.000770296 -0.767859936 0.003472884 -0.000767984 0.999993622 27.407640457
0.999991775 0.001376421 -0.003812194 0.553896010 -0.001373536 0.999998868 0.000759172 -0.789604247 0.003813235 -0.000753930 0.999992430 27.950685501
0.999990344 0.002109302 -0.003850423 0.552242100 -0.002106735 0.999997497 0.000670831 -0.798060060 0.003851829 -0.000662713 0.999992371 28.493288040
0.999990642 0.002023326 -0.003824005 0.560499072 -0.002019726 0.999997497 0.000945256 -0.814836383 0.003825908 -0.000937524 0.999992311 29.034044266
0.999991655 0.002048266 -0.003519752 0.562710404 -0.002044323 0.999997318 0.001123594 -0.828325808 0.003522044 -0.001116389 0.999993145 29.592594147
0.999984801 0.001970308 -0.005144600 0.576935709 -0.001966442 0.999997795 0.000756499 -0.839196980 0.005146080 -0.000746371 0.999986470 30.129470825
0.999983072 0.002484899 -0.005252256 0.587886631 -0.002481099 0.999996662 0.000729832 -0.857860029 0.005254052 -0.000716788 0.999985933 30.673044205
0.999981582 0.002561671 -0.005507461 0.591487050 -0.002558860 0.999996603 0.000517292 -0.871070981 0.005508767 -0.000503190 0.999984682 31.215385437
0.999979794 0.002432809 -0.005869613 0.602195561 -0.002429440 0.999996841 0.000581041 -0.885769904 0.005871009 -0.000566770 0.999982536 31.763189316
0.999977946 0.002579342 -0.006113017 0.616719723 -0.002574176 0.999996305 0.000852786 -0.906807899 0.006115193 -0.000837031 0.999980927 32.301708221
0.999978721 0.002738186 -0.005926491 0.616335571 -0.002734367 0.999996066 0.000652454 -0.913345933 0.005928254 -0.000636235 0.999982238 32.843109131
0.999975920 0.002495192 -0.006479807 0.620008945 -0.002490815 0.999996662 0.000683522 -0.935401082 0.006481491 -0.000667366 0.999978781 33.386234283
0.999974549 0.002768415 -0.006582726 0.626541078 -0.002764924 0.999996066 0.000539292 -0.948107719 0.006584193 -0.000521077 0.999978185 33.936298370
0.999975443 0.001829196 -0.006765882 0.634119272 -0.001821617 0.999997735 0.001125987 -0.969977558 0.006767926 -0.001113635 0.999976456 34.452930450
0.999975026 0.002508475 -0.006609108 0.638670444 -0.002500505 0.999996126 0.001213853 -0.984606862 0.006612128 -0.001197296 0.999977410 35.001705170
0.999975443 0.001635742 -0.006808190 0.645737708 -0.001630809 0.999998331 0.000730195 -0.990805328 0.006809372 -0.000719074 0.999976575 35.547866821
0.999973774 0.002672895 -0.006725651 0.650326967 -0.002667725 0.999996126 0.000777651 -1.005623698 0.006727703 -0.000759689 0.999977112 36.094741821
0.999975204 0.002609261 -0.006550274 0.659535170 -0.002605526 0.999996424 0.000578630 -1.018806100 0.006551760 -0.000561549 0.999978423 36.635498047
0.999971569 0.002244611 -0.007186849 0.663348556 -0.002237728 0.999996960 0.000965764 -1.038142204 0.007188995 -0.000949655 0.999973714 37.183029175
0.999971926 0.002415950 -0.007092881 0.674497962 -0.002409609 0.999996722 0.000902481 -1.054022670 0.007095037 -0.000885364 0.999974430 37.726222992
0.999970257 0.001767061 -0.007498526 0.683667898 -0.001759814 0.999997973 0.000972909 -1.072546124 0.007500230 -0.000959684 0.999971390 38.261211395
0.999970436 0.002323968 -0.007327039 0.676825821 -0.002316233 0.999996722 0.001064058 -1.089618325 0.007329488 -0.001047056 0.999972582 38.820240021
0.999971032 0.002832160 -0.007057699 0.680427849 -0.002824163 0.999995351 0.001142863 -1.105761409 0.007060903 -0.001122898 0.999974430 39.363498688
0.999968171 0.002459132 -0.007578313 0.700745106 -0.002451209 0.999996364 0.001054526 -1.120943904 0.007580879 -0.001035917 0.999970675 39.897834778
0.999965608 0.002606711 -0.007872622 0.704394102 -0.002596464 0.999995708 0.001311634 -1.140905857 0.007876009 -0.001291148 0.999968112 40.448917389
0.999964297 0.002768872 -0.007985640 0.710585117 -0.002762594 0.999995828 0.000797052 -1.147591949 0.007987815 -0.000774962 0.999967813 41.001316071
0.999965429 0.003008625 -0.007745125 0.722070217 -0.002999332 0.999994755 0.001211204 -1.164177656 0.007748729 -0.001187932 0.999969304 41.535076141
0.999964118 0.002809435 -0.007993791 0.715764463 -0.002798812 0.999995172 0.001339937 -1.183529019 0.007997517 -0.001317516 0.999967158 42.090736389
0.999968171 0.002898540 -0.007436820 0.720456421 -0.002890084 0.999995172 0.001147668 -1.197509885 0.007440110 -0.001126139 0.999971688 42.635253906
0.999965131 0.003499776 -0.007587262 0.733365774 -0.003491527 0.999993205 0.001100134 -1.208698630 0.007591060 -0.001073604 0.999970615 43.169418335
0.999963522 0.003250466 -0.007897146 0.728000820 -0.003240531 0.999993920 0.001270646 -1.223346353 0.007901229 -0.001245010 0.999967933 43.733402252
0.999964595 0.002857545 -0.007919252 0.734185100 -0.002844178 0.999994516 0.001698662 -1.236989141 0.007924061 -0.001676078 0.999967158 44.276798248
0.999966502 0.003214967 -0.007520881 0.730815053 -0.003204518 0.999993861 0.001400961 -1.252351046 0.007525339 -0.001376813 0.999970675 44.817165375
0.999962330 0.003637964 -0.007872635 0.742600441 -0.003629607 0.999992788 0.001075491 -1.261490345 0.007876490 -0.001046875 0.999968410 45.372154236
0.999966025 0.003603145 -0.007410437 0.749264002 -0.003597094 0.999993145 0.000829865 -1.274106026 0.007413377 -0.000803180 0.999972165 45.922618866
0.999965906 0.002618912 -0.007823423 0.759816766 -0.002613558 0.999996364 0.000694419 -1.288932681 0.007825213 -0.000673948 0.999969065 46.451721191
0.999958694 0.003614462 -0.008335999 0.772984207 -0.003599983 0.999992013 0.001751251 -1.313921332 0.008342263 -0.001721170 0.999963641 46.990070343
0.999960959 0.002663499 -0.008431158 0.777719438 -0.002649250 0.999994993 0.001700732 -1.325868726 0.008435646 -0.001678329 0.999962986 47.531265259
0.999961913 0.003724347 -0.007889826 0.778834462 -0.003713865 0.999992251 0.001342772 -1.337621331 0.007894766 -0.001313419 0.999967992 48.081607819
0.999962032 0.003353507 -0.008032151 0.782286406 -0.003341374 0.999993265 0.001523496 -1.352741241 0.008037206 -0.001496600 0.999966502 48.626506805
0.999963045 0.003777215 -0.007713304 0.789787889 -0.003765382 0.999991655 0.001547996 -1.366739273 0.007719086 -0.001518895 0.999968946 49.166667938
0.999964058 0.003835495 -0.007558527 0.797622979 -0.003824313 0.999991596 0.001493315 -1.381533384 0.007564190 -0.001464356 0.999970317 49.713844299
0.999958754 0.003417902 -0.008411061 0.804460704 -0.003403743 0.999992788 0.001697023 -1.399980068 0.008416799 -0.001668324 0.999963164 50.255355835
0.999960542 0.003902026 -0.007978747 0.806611300 -0.003892610 0.999991715 0.001195271 -1.413533092 0.007983344 -0.001164165 0.999967396 50.801639557
0.999962270 0.004510680 -0.007424328 0.805167615 -0.004504063 0.999989450 0.000907794 -1.423797727 0.007428343 -0.000874320 0.999972045 51.355243683
0.999956250 0.003684257 -0.008595015 0.816252351 -0.003669683 0.999991775 0.001710934 -1.449965000 0.008601249 -0.001679318 0.999961555 51.892803192
0.999960780 0.003748467 -0.008023856 0.822556019 -0.003741460 0.999992609 0.000888199 -1.459371090 0.008027126 -0.000858143 0.999967456 52.444477081
0.999962687 0.003301693 -0.007985278 0.822838902 -0.003288908 0.999993265 0.001613642 -1.479061127 0.007990552 -0.001587319 0.999966800 52.973815918
0.999959230 0.004968367 -0.007551658 0.815779209 -0.004954141 0.999985874 0.001901497 -1.493013620 0.007561000 -0.001864007 0.999969661 53.538852692
0.999962509 0.003861298 -0.007747525 0.829329014 -0.003850977 0.999991596 0.001346570 -1.505622149 0.007752660 -0.001316684 0.999969065 54.048862457
0.999960363 0.003547259 -0.008161822 0.840335965 -0.003535066 0.999992490 0.001507930 -1.521846056 0.008167111 -0.001479018 0.999965549 54.588195801
0.999962687 0.003582917 -0.007861943 0.840121448 -0.003569997 0.999992251 0.001656786 -1.542854309 0.007867819 -0.001628657 0.999967694 55.130916595
0.999965906 0.004109843 -0.007162252 0.841309905 -0.004098345 0.999990284 0.001619384 -1.556075335 0.007168839 -0.001589976 0.999973059 55.682052612
0.999961317 0.003873415 -0.007899402 0.849286437 -0.003859735 0.999991000 0.001746353 -1.571908474 0.007906095 -0.001715796 0.999967277 56.215595245
0.999963164 0.004072280 -0.007543638 0.862329006 -0.004058540 0.999990046 0.001835863 -1.588519335 0.007551038 -0.001805179 0.999969959 56.756977081
0.999960959 0.004341978 -0.007695696 0.860986352 -0.004329427 0.999989271 0.001646800 -1.597736120 0.007702764 -0.001613418 0.999969006 57.309314728
0.999963343 0.004382934 -0.007355935 0.864873171 -0.004370891 0.999989092 0.001652466 -1.615372419 0.007363097 -0.001620254 0.999971628 57.854705811
0.999962091 0.004069173 -0.007712401 0.876570463 -0.004058048 0.999990642 0.001457617 -1.628371716 0.007718261 -0.001426264 0.999969184 58.376815796
0.999963641 0.004557817 -0.007210132 0.879151821 -0.004546084 0.999988258 0.001642982 -1.642154813 0.007217536 -0.001610144 0.999972641 58.918045044
0.999967217 0.004569336 -0.006681443 0.879294872 -0.004559961 0.999988675 0.001417696 -1.656655192 0.006687845 -0.001387182 0.999976635 59.463985443
0.999961257 0.004459132 -0.007590454 0.887790680 -0.004449415 0.999989271 0.001296474 -1.666619182 0.007596154 -0.001262651 0.999970317 59.996715546
0.999960482 0.004489632 -0.007668490 0.893192589 -0.004476460 0.999988437 0.001734055 -1.681851268 0.007676187 -0.001699658 0.999969125 60.546337128
0.999968708 0.004905907 -0.006214552 0.896775663 -0.004895665 0.999986649 0.001662285 -1.696535826 0.006222624 -0.001631809 0.999979317 61.095420837
0.999961853 0.004751046 -0.007348473 0.903753281 -0.004742697 0.999988079 0.001153181 -1.705048084 0.007353865 -0.001118285 0.999972343 61.615936279
0.999963820 0.005213487 -0.006734234 0.901891172 -0.005207673 0.999986053 0.000880535 -1.718066812 0.006738731 -0.000845433 0.999976933 62.169750214
0.999965787 0.005299275 -0.006356012 0.908993244 -0.005292175 0.999985278 0.001133389 -1.736228585 0.006361925 -0.001099713 0.999979258 62.719589233
0.999964952 0.005000785 -0.006708823 0.911885381 -0.004996053 0.999987245 0.000721938 -1.742621183 0.006712348 -0.000688395 0.999977231 63.263889313
0.999960721 0.004703734 -0.007510318 0.923386097 -0.004697259 0.999988556 0.000879543 -1.765082717 0.007514370 -0.000844231 0.999971390 63.769802094
0.999966383 0.005245577 -0.006297141 0.918233991 -0.005240317 0.999985814 0.000851757 -1.778924465 0.006301521 -0.000818730 0.999979794 64.318519592
0.999960363 0.005556419 -0.006951408 0.931529164 -0.005545907 0.999983430 0.001530783 -1.795517802 0.006959798 -0.001492171 0.999974668 64.840461731
0.999965429 0.004998849 -0.006654724 0.931824565 -0.004993020 0.999987185 0.000892390 -1.807712674 0.006659100 -0.000859132 0.999977469 65.388168335
0.999961674 0.005141777 -0.007089313 0.943635523 -0.005132874 0.999985933 0.001273273 -1.826547384 0.007095761 -0.001236835 0.999974012 65.921875000
0.999962211 0.005219761 -0.006957967 0.947291374 -0.005215201 0.999986172 0.000673466 -1.835812688 0.006961386 -0.000637153 0.999975502 66.475219727
0.999962032 0.005436932 -0.006803986 0.957179785 -0.005432410 0.999985039 0.000682859 -1.854035139 0.006807596 -0.000645871 0.999976695 67.022880554
0.999958754 0.005115650 -0.007495348 0.971060991 -0.005107441 0.999986351 0.001113849 -1.870416164 0.007500944 -0.001075522 0.999971211 67.549690247
0.999956667 0.005439831 -0.007543635 0.984261930 -0.005426200 0.999983668 0.001826252 -1.893129945 0.007553445 -0.001785240 0.999969840 68.079269409
0.999962687 0.005253921 -0.006856128 0.984934926 -0.005244731 0.999985278 0.001357830 -1.904538989 0.006863161 -0.001321821 0.999975622 68.634872437
0.999959111 0.005917760 -0.006832579 0.972695231 -0.005912418 0.999982119 0.000801934 -1.910763025 0.006837202 -0.000761504 0.999976337 69.164947510
0.999964297 0.005620429 -0.006310284 0.979657948 -0.005615230 0.999983788 0.000841390 -1.923155069 0.006314910 -0.000805926 0.999979734 69.712974548
0.999969363 0.005454952 -0.005619545 0.985037446 -0.005449942 0.999984741 0.000906557 -1.944011927 0.005624405 -0.000875903 0.999983788 70.259223938
0.999964416 0.005758459 -0.006167839 0.981630385 -0.005754845 0.999983191 0.000603443 -1.952265024 0.006171211 -0.000567927 0.999980807 70.792564392
0.999967158 0.005563885 -0.005895770 0.993052900 -0.005560624 0.999984384 0.000569157 -1.969858527 0.005898844 -0.000536354 0.999982536 71.337120056
0.999962866 0.006284936 -0.005898990 0.997797966 -0.006275254 0.999978900 0.001658519 -1.994456053 0.005909290 -0.001621439 0.999981284 71.878997803
0.999959052 0.006627883 -0.006162980 1.003627777 -0.006621364 0.999977469 0.001077453 -2.006960630 0.006169983 -0.001036602 0.999980450 72.405715942
0.999965012 0.006112638 -0.005707826 1.012517214 -0.006106372 0.999980688 0.001114597 -2.025986910 0.005714530 -0.001079704 0.999983072 72.950393677
0.999964714 0.005969231 -0.005911056 1.015171647 -0.005963155 0.999981642 0.001044932 -2.040419817 0.005917186 -0.001009647 0.999982059 73.498397827
0.999960363 0.006324990 -0.006268580 1.021419764 -0.006316788 0.999979198 0.001327108 -2.051919937 0.006276844 -0.001287458 0.999979496 74.001426697
0.999962270 0.006657367 -0.005585623 1.027902007 -0.006650976 0.999977291 0.001161852 -2.064207554 0.005593231 -0.001124658 0.999983728 74.550872803
0.999965847 0.006447829 -0.005168860 1.027952433 -0.006440709 0.999978304 0.001393151 -2.076069832 0.005177731 -0.001359813 0.999985635 75.098701477
0.999964356 0.005675999 -0.006243304 1.052596450 -0.005665981 0.999982655 0.001621648 -2.100985527 0.006252400 -0.001586216 0.999979198 75.636787415
0.999954939 0.007099483 -0.006307087 1.057210445 -0.007086060 0.999972641 0.002148249 -2.119864702 0.006322165 -0.002103460 0.999977827 76.178855896
0.999967456 0.005981977 -0.005411908 1.063448310 -0.005973018 0.999980807 0.001669967 -2.131776810 0.005421794 -0.001637587 0.999984026 76.729133606
0.999963045 0.005909823 -0.006239412 1.076270938 -0.005901537 0.999981701 0.001345834 -2.145665884 0.006247252 -0.001308963 0.999979615 77.273384094
0.999967158 0.005586905 -0.005862928 1.082014918 -0.005575814 0.999982655 0.001905870 -2.166445494 0.005873474 -0.001873116 0.999981046 77.816757202
0.999968231 0.005961690 -0.005285915 1.082888603 -0.005953571 0.999981105 0.001550419 -2.178266764 0.005295059 -0.001518900 0.999984801 78.370506287
0.999963760 0.005615632 -0.006398438 1.101546764 -0.005604646 0.999982715 0.001733701 -2.196306229 0.006408065 -0.001697777 0.999977946 78.888595581
0.999967217 0.005729898 -0.005722113 1.102387190 -0.005722979 0.999982834 0.001224667 -2.205704451 0.005729033 -0.001191879 0.999982834 79.442749023
0.999963641 0.005853786 -0.006205446 1.114645243 -0.005846993 0.999982297 0.001112540 -2.218033552 0.006211849 -0.001076217 0.999980092 79.974708557
0.999968648 0.006064558 -0.005078991 1.122278929 -0.006057984 0.999980807 0.001308755 -2.232435703 0.005086831 -0.001277946 0.999986172 80.520416260
0.999975920 0.005912168 -0.003613751 1.128766537 -0.005908255 0.999981940 0.001092612 -2.245761871 0.003620147 -0.001071234 0.999992847 81.065956116
0.999977946 0.006193442 -0.002376588 1.138119936 -0.006190139 0.999979854 0.001394271 -2.266755581 0.002385174 -0.001379529 0.999996185 81.590461731
0.999982119 0.005833353 -0.001309312 1.150723934 -0.005831612 0.999982119 0.001328659 -2.275941610 0.001317039 -0.001321000 0.999998212 82.128028870
0.999980450 0.006031305 0.001621568 1.168502808 -0.006032950 0.999981344 0.001010976 -2.290341377 -0.001615441 -0.001020740 0.999998152 82.675231934
0.999967039 0.005828868 0.005644847 1.182946801 -0.005836104 0.999982119 0.001266483 -2.302697659 -0.005637362 -0.001299385 0.999983191 83.197082520
0.999933064 0.006787685 0.009362147 1.195064068 -0.006797256 0.999976397 0.000991040 -2.313860178 -0.009355199 -0.001054611 0.999955654 83.753250122
0.999887705 0.006351037 0.013574583 1.224743962 -0.006369095 0.999978840 0.001287550 -2.336368322 -0.013566123 -0.001373863 0.999907017 84.286216736
0.999777675 0.006432065 0.020080980 1.245239735 -0.006451978 0.999978781 0.000926978 -2.347496510 -0.020074591 -0.001056334 0.999797881 84.845024109
0.999658048 0.006581480 0.025305685 1.280158997 -0.006623893 0.999976754 0.001592540 -2.370817661 -0.025294621 -0.001759618 0.999678493 85.366630554
0.999520838 0.005739148 0.030413935 1.320128679 -0.005776822 0.999982655 0.001151002 -2.381389856 -0.030406805 -0.001326147 0.999536872 85.894073486
0.999250233 0.005523589 0.038320228 1.358142614 -0.005574408 0.999983788 0.001219415 -2.396315813 -0.038312871 -0.001432113 0.999264836 86.444190979
0.998881519 0.006483715 0.046836086 1.397346497 -0.006541740 0.999978065 0.001085703 -2.410371065 -0.046828017 -0.001390879 0.998902082 86.994689941
0.998526990 0.005750979 0.053954020 1.434567451 -0.005830293 0.999982238 0.001312738 -2.429539204 -0.053945508 -0.001625372 0.998542547 87.512016296
0.997995675 0.005795756 0.063017249 1.487446785 -0.005870664 0.999982238 0.001003595 -2.440288305 -0.063010313 -0.001371536 0.998011947 88.063888550
0.997287631 0.006446738 0.073319606 1.551402092 -0.006566045 0.999977529 0.001386300 -2.468539715 -0.073309019 -0.001863960 0.997307539 88.576835632
0.996650934 0.005547225 0.081585519 1.604402065 -0.005654379 0.999983370 0.001082409 -2.475843668 -0.081578180 -0.001540100 0.996665776 89.135543823
0.995969236 0.005050406 0.089553870 1.672321796 -0.005158629 0.999986231 0.000977057 -2.490418673 -0.089547716 -0.001435094 0.995981455 89.682968140
0.994931698 0.005177376 0.100419939 1.743389130 -0.005345823 0.999984741 0.001408402 -2.510542393 -0.100411117 -0.001938091 0.994944155 90.214012146
0.993792593 0.005601421 0.111108065 1.815265656 -0.005775008 0.999982595 0.001240561 -2.524441481 -0.111099184 -0.001874510 0.993807554 90.754013062
0.992765367 0.004694973 0.119978338 1.908106804 -0.004879316 0.999987304 0.001242753 -2.539260626 -0.119970985 -0.001819176 0.992775679 91.289672852
0.991333961 0.004685665 0.131282344 1.992739677 -0.004899576 0.999987125 0.001306429 -2.548201084 -0.131274521 -0.001938335 0.991344154 91.828865051
0.989680767 0.004281707 0.143225849 2.103710175 -0.004510541 0.999989033 0.001273070 -2.569496155 -0.143218830 -0.001905959 0.989689171 92.381973267
0.988094568 0.004272241 0.153788641 2.205734253 -0.004531411 0.999988854 0.001334740 -2.585793734 -0.153781220 -0.002015729 0.988102913 92.929244995
0.986409545 0.003980211 0.164257139 2.325572968 -0.004344749 0.999988854 0.001860103 -2.609607935 -0.164247900 -0.002548479 0.986415863 93.436622620
0.984129190 0.004178394 0.177404419 2.416956902 -0.004539602 0.999988377 0.001630230 -2.620221138 -0.177395508 -0.002409702 0.984136701 93.965667725
0.981797636 0.003349432 0.189900517 2.545168877 -0.003699044 0.999992013 0.001486610 -2.632322550 -0.189894021 -0.002162001 0.981802225 94.502616882
0.979721904 0.003233455 0.200336322 2.667713165 -0.003558652 0.999992847 0.001263160 -2.641594410 -0.200330794 -0.001950473 0.979726434 95.030143738
0.976941705 0.003240406 0.213481620 2.798973083 -0.003655627 0.999992132 0.001550272 -2.658885717 -0.213474959 -0.002294935 0.976945758 95.565299988
0.974019647 0.002731245 0.226447046 2.951875687 -0.003143196 0.999994040 0.001458648 -2.672440529 -0.226441726 -0.002132520 0.974022329 96.088745117
0.971432328 0.002590720 0.237302363 3.101205826 -0.003173872 0.999992788 0.002075416 -2.695535421 -0.237295300 -0.002769293 0.971433640 96.605773926
0.968349516 0.002224868 0.249588296 3.255378723 -0.002731169 0.999994874 0.001682249 -2.706588030 -0.249583229 -0.002310673 0.968350589 97.149009705
0.964778602 0.001815530 0.263057023 3.424444199 -0.002288700 0.999996305 0.001492319 -2.718341351 -0.263053328 -0.002041816 0.964779139 97.670593262
0.961279869 0.001468264 0.275570422 3.592617035 -0.001909346 0.999997258 0.001332347 -2.731358767 -0.275567710 -0.001806917 0.961279929 98.178871155
0.957840085 0.001543552 0.287297189 3.755453110 -0.002153159 0.999996006 0.001805925 -2.751852036 -0.287293315 -0.002348384 0.957839727 98.708282471
0.953433037 0.001719491 0.301599473 3.932870865 -0.002433614 0.999994993 0.001992064 -2.763511896 -0.301594585 -0.002633277 0.953432560 99.217239380
0.949158430 0.001588937 0.314794660 4.134563446 -0.002299684 0.999995649 0.001886421 -2.780327797 -0.314790279 -0.002514441 0.949157953 99.734344482
0.945235968 0.001010379 0.326385975 4.333864212 -0.001606042 0.999997497 0.001555558 -2.783774376 -0.326383561 -0.001994559 0.945235312 100.254936218
0.940553427 0.000991748 0.339644194 4.541917801 -0.001679425 0.999997139 0.001730766 -2.803604364 -0.339641511 -0.002198285 0.940552413 100.775428772
0.935469210 0.000930805 0.353406906 4.755273819 -0.001663540 0.999997079 0.001769599 -2.823494196 -0.353404164 -0.002243312 0.935467958 101.258460999
0.930710256 0.000257896 0.365757197 4.972133636 -0.000950787 0.999998093 0.001714283 -2.834585428 -0.365756005 -0.001943258 0.930708706 101.774093628
0.926123500 -0.000519793 0.377220035 5.207170486 0.000088489 0.999999344 0.001160704 -2.841561317 -0.377220392 -0.001041575 0.926122963 102.286651611
0.920125544 -0.000641537 0.391622990 5.432563782 0.000097270 0.999998987 0.001409610 -2.856528521 -0.391623497 -0.001258925 0.920124710 102.774703979
0.914403737 -0.001592998 0.404800296 5.673110962 0.001246454 0.999998569 0.001119646 -2.867751837 -0.404801548 -0.000519244 0.914404392 103.259117126
0.909444451 -0.001749287 0.415821820 5.919017792 0.001151148 0.999997914 0.001689134 -2.888696909 -0.415823847 -0.001057502 0.909444571 103.749259949
0.903286397 -0.002192767 0.429032743 6.178611755 0.001650969 0.999997258 0.001634990 -2.902034998 -0.429035157 -0.000768545 0.903287470 104.223159790
0.896707952 -0.002415428 0.442616194 6.441097260 0.001647099 0.999996305 0.002120241 -2.922217607 -0.442619711 -0.001172204 0.896708667 104.700996399
0.890736222 -0.003016218 0.454510659 6.700477600 0.002471681 0.999995291 0.001792232 -2.930560589 -0.454513878 -0.000473001 0.890739501 105.180297852
0.885193825 -0.003491070 0.465209424 6.975658417 0.002765372 0.999993622 0.002242340 -2.945096254 -0.465214342 -0.000698429 0.885197759 105.663108826
0.877929926 -0.003031844 0.478779465 7.256122589 0.002247517 0.999995053 0.002211176 -2.963858843 -0.478783756 -0.000865193 0.877932310 106.127502441
0.870954692 -0.004133710 0.491345972 7.541458130 0.003712507 0.999991357 0.001832212 -2.973152637 -0.491349339 0.000228352 0.870962560 106.594352722
