1.000000000 0.000000000 0.000000000 0.000000000 0.000000000 1.000000000 0.000000000 0.000000000 0.000000000 0.000000000 1.000000000 0.000000000
1.000000000 0.000174122 0.000147793 -0.003484580 -0.000174100 1.000000000 -0.000148675 0.003616194 -0.000147819 0.000148649 1.000000000 0.002834326
1.000000000 0.000116541 0.000168176 -0.005871039 -0.000116527 1.000000000 -0.000082386 0.002001914 -0.000168185 0.000082366 1.000000000 -0.002641476
0.999999881 0.000337994 0.000314450 -0.008606955 -0.000337980 0.999999940 -0.000046383 0.001903212 -0.000314466 0.000046276 0.999999940 -0.006965809
1.000000000 0.000205696 0.000001514 0.002370773 -0.000205696 1.000000000 0.000027088 0.001213337 -0.000001508 -0.000027089 1.000000000 0.000188959
1.000000000 0.000107015 0.000055713 0.000480307 -0.000107015 1.000000000 0.000003730 0.002945801 -0.000055712 -0.000003736 1.000000000 -0.001369042
1.000000000 0.000042005 0.000124794 -0.002808245 -0.000041998 1.000000000 -0.000059623 0.001699931 -0.000124796 0.000059618 1.000000000 -0.003516690
1.000000000 0.000030754 0.000024302 -0.000552941 -0.000030755 1.000000000 0.000044784 0.002160032 -0.000024301 -0.000044784 1.000000000 -0.001519230
0.999999940 0.000107199 0.000263402 -0.010350600 -0.000107203 1.000000000 0.000015355 0.001886429 -0.000263401 -0.000015383 0.999999940 -0.003948574
0.999999940 0.000228282 0.000264964 -0.004896930 -0.000228231 0.999999940 -0.000192449 0.003651532 -0.000265008 0.000192388 0.999999940 -0.000285510
0.999999940 0.000207383 0.000132723 0.000060472 -0.000207367 1.000000000 -0.000115008 0.003646469 -0.000132747 0.000114980 1.000000000 -0.004084919
1.000000000 0.000187024 0.000144020 -0.002491571 -0.000187007 1.000000000 -0.000117371 0.002599850 -0.000144042 0.000117344 1.000000000 -0.001469404
1.000000000 0.000120636 0.000161601 -0.006009240 -0.000120631 1.000000000 -0.000035456 0.001519748 -0.000161605 0.000035437 1.000000000 -0.005857732
1.000000000 -0.000008714 0.000110077 -0.003787587 0.000008718 1.000000000 -0.000036763 0.000827744 -0.000110077 0.000036764 1.000000000 0.000133286
1.000000000 0.000084339 0.000037616 0.002161312 -0.000084336 1.000000000 -0.000065184 0.002291441 -0.000037622 0.000065181 1.000000000 -0.001269573
1.000000000 0.000000439 0.000106324 -0.005426366 -0.000000424 1.000000000 -0.000140127 0.003399077 -0.000106325 0.000140127 1.000000000 0.001349410
1.000000000 -0.000140202 0.000081984 -0.004934354 0.000140206 1.000000000 -0.000051242 0.000774978 -0.000081977 0.000051253 1.000000000 -0.004371857
1.000000000 0.000009439 0.000080344 -0.000194621 -0.000009440 1.000000000 0.000011255 0.000307908 -0.000080344 -0.000011255 1.000000000 -0.005890863
1.000000000 0.000068407 0.000016858 -0.001458155 -0.000068406 1.000000000 -0.000040302 0.002577261 -0.000016861 0.000040301 1.000000000 -0.004970141
1.000000000 -0.000141804 -0.000065787 -0.001241002 0.000141800 1.000000000 -0.000075526 0.000132570 0.000065797 0.000075517 1.000000000 -0.005162543
1.000000000 -0.000010934 0.000034571 -0.001360533 0.000010936 1.000000000 -0.000059540 0.000607177 -0.000034571 0.000059541 1.000000000 -0.003418623
1.000000000 -0.000105386 0.000070532 -0.001494441 0.000105385 1.000000000 0.000012725 -0.000046895 -0.000070534 -0.000012718 1.000000000 -0.005648367
1.000000000 0.000144361 0.000164746 -0.006977402 -0.000144340 1.000000000 -0.000128701 0.002272187 -0.000164764 0.000128678 1.000000000 -0.001795857
1.000000000 -0.000103097 -0.000010128 -0.001704931 0.000103096 1.000000000 -0.000065756 0.001244043 0.000010135 0.000065755 1.000000000 -0.002519981
1.000000000 -0.000091161 0.000078558 -0.002922519 0.000091158 1.000000000 0.000041084 0.001313835 -0.000078561 -0.000041077 1.000000000 0.000358917
1.000000000 0.000059258 -0.000037630 0.002086853 -0.000059260 1.000000000 -0.000068840 0.002377740 0.000037626 0.000068843 1.000000000 -0.007852358
1.000000000 -0.000159873 0.000039845 -0.003095436 0.000159878 1.000000000 -0.000121587 0.002271013 -0.000039826 0.000121594 1.000000000 -0.001861092
1.000000000 0.000140193 0.000141018 -0.005068352 -0.000140174 1.000000000 -0.000132396 0.001710473 -0.000141036 0.000132376 1.000000000 -0.002047088
1.000000000 0.000041080 0.000158087 -0.005792578 -0.000041087 1.000000000 0.000047307 0.001174426 -0.000158085 -0.000047314 1.000000000 -0.003014254
1.000000000 -0.000147681 0.000075669 -0.005530703 0.000147692 1.000000000 -0.000145931 0.006128272 -0.000075647 0.000145943 1.000000000 0.000999256
1.000000000 -0.000164656 0.000031872 -0.002914458 0.000164656 1.000000000 0.000001269 0.001359190 -0.000031872 -0.000001264 1.000000000 -0.001624173
1.000000000 -0.000132093 0.000146599 -0.006062682 0.000132085 1.000000000 0.000054977 0.001854349 -0.000146607 -0.000054958 1.000000000 0.001903668
1.000000000 -0.000123777 0.000055572 -0.002897042 0.000123774 1.000000000 0.000051646 0.000377311 -0.000055578 -0.000051639 1.000000000 -0.003583248
1.000000000 -0.000143634 -0.000071819 -0.001030157 0.000143638 1.000000000 0.000052171 0.001398020 0.000071811 -0.000052181 1.000000000 -0.005706674
1.000000000 0.000040590 0.000047705 -0.003991703 -0.000040589 1.000000000 -0.000019712 0.000710286 -0.000047706 0.000019710 1.000000000 -0.001976545
1.000000000 0.000055973 0.000207422 -0.005793259 -0.000055968 1.000000000 -0.000023210 0.002395893 -0.000207424 0.000023198 1.000000000 -0.000677281
1.000000000 -0.000204196 -0.000036308 -0.003961058 0.000204195 1.000000000 -0.000025759 0.003072419 0.000036314 0.000025752 1.000000000 -0.001624830
1.000000000 -0.000023527 0.000093448 -0.004324099 0.000023540 1.000000000 -0.000139115 0.004252215 -0.000093445 0.000139117 1.000000000 -0.001534416
0.999999940 -0.000233418 0.000105461 -0.004935613 0.000233414 1.000000000 0.000047023 0.000579637 -0.000105472 -0.000046998 1.000000000 -0.003615161
1.000000000 -0.000004635 0.000047511 -0.003532955 0.000004628 1.000000000 0.000154410 0.000792778 -0.000047512 -0.000154409 1.000000000 -0.002558689
0.999999940 -0.000373578 -0.000187254 0.001162469 0.000373583 0.999999940 0.000026844 -0.000302307 0.000187244 -0.000026914 1.000000000 -0.002519038
1.000000000 -0.000000005 0.000059854 0.001512122 0.000000043 0.999999821 -0.000625541 -0.003642814 -0.000059854 0.000625541 0.999999821 0.051512644
1.000000000 0.000045251 -0.000020628 0.000894666 -0.000045281 0.999998927 -0.001473624 -0.001595459 0.000020561 0.001473625 0.999998927 0.153702259
1.000000000 -0.000106681 -0.000098928 0.005357637 0.000106536 0.999998927 -0.001462518 -0.011438056 0.000099084 0.001462507 0.999998927 0.264835536
1.000000000 -0.000156013 0.000108711 0.003171478 0.000156176 0.999998868 -0.001495965 -0.012949704 -0.000108477 0.001495981 0.999998868 0.394244790
1.000000000 0.000032316 -0.000219127 0.005871447 -0.000032605 0.999999106 -0.001321142 -0.019546492 0.000219084 0.001321149 0.999999106 0.535143971
1.000000000 -0.000000024 0.000117216 0.006840562 0.000000153 0.999999404 -0.001102430 -0.030560769 -0.000117216 0.001102430 0.999999404 0.698449910
0.999999881 -0.000458125 0.000199641 0.002435046 0.000458289 0.999999583 -0.000822948 -0.031971797 -0.000199264 0.000823039 0.999999642 0.869473517
0.999999821 -0.000313810 -0.000464711 0.028804138 0.000313570 0.999999821 -0.000517987 -0.038905181 0.000464874 0.000517841 0.999999762 1.031583190
0.999999881 -0.000297842 -0.000421499 0.025282685 0.000297553 0.999999702 -0.000685526 -0.038692951 0.000421703 0.000685401 0.999999702 1.218675494
0.999999702 -0.000481010 -0.000560959 0.040624812 0.000480753 0.999999762 -0.000459594 -0.047766488 0.000561180 0.000459325 0.999999762 1.424354672
0.999998868 -0.000838312 -0.001270937 0.056167405 0.000838206 0.999999642 -0.000084280 -0.051465001 0.001271007 0.000083215 0.999999166 1.598612070
0.999997735 -0.002120126 0.000145672 0.021132339 0.002119971 0.999997199 0.001050994 -0.078030415 -0.000147900 -0.001050682 0.999999464 1.733108044
0.999995589 -0.002946401 -0.000432936 0.036589179 0.002947103 0.999994338 0.001631612 -0.087161630 0.000428126 -0.001632880 0.999998510 1.926279187
0.999995172 -0.003097731 -0.000342607 0.042376556 0.003098164 0.999994397 0.001269465 -0.091255717 0.000338673 -0.001270521 0.999999166 2.147618294
0.999996483 -0.002657019 0.000041879 0.040733807 0.002656971 0.999995887 0.001099249 -0.088149466 -0.000044800 -0.001099134 0.999999404 2.361147642
0.999997437 -0.002236804 -0.000414220 0.052307300 0.002237350 0.999996662 0.001320904 -0.099897347 0.000411264 -0.001321827 0.999999046 2.586412430
0.999997258 -0.002238731 0.000596268 0.041125506 0.002237625 0.999995708 0.001849104 -0.115173437 -0.000600406 -0.001847765 0.999998033 2.790811300
0.999997556 -0.002121140 0.000607830 0.050708741 0.002120025 0.999996066 0.001828323 -0.120595939 -0.000611706 -0.001827030 0.999998152 3.033320189
0.999997675 -0.002051517 0.000627855 0.056695435 0.002050575 0.999996722 0.001497530 -0.124326989 -0.000630925 -0.001496239 0.999998629 3.282672405
0.999997616 -0.002132668 0.000507186 0.070105530 0.002131750 0.999996066 0.001803477 -0.133702323 -0.000511031 -0.001802392 0.999998152 3.540164709
0.999996006 -0.002650910 0.000958664 0.037940133 0.002648229 0.999992609 0.002786324 -0.167048410 -0.000966043 -0.002783774 0.999995649 3.710149288
0.999993205 -0.003555349 0.000988425 0.043328039 0.003552312 0.999989033 0.003057454 -0.178712755 -0.000999285 -0.003053922 0.999994874 3.970335007
0.999995589 -0.002699762 0.001264742 0.046653774 0.002695921 0.999991775 0.003028835 -0.178635865 -0.001272908 -0.003025412 0.999994636 4.230252266
0.999993145 -0.003587294 0.000909320 0.059180934 0.003584162 0.999987721 0.003422501 -0.192355111 -0.000921587 -0.003419219 0.999993682 4.501544952
0.999993563 -0.003401853 0.001227760 0.056051441 0.003397544 0.999988198 0.003494773 -0.201809540 -0.001239634 -0.003490578 0.999993205 4.716066837
0.999995351 -0.002834884 0.001114034 0.064353339 0.002831682 0.999991894 0.002865326 -0.198548108 -0.001122148 -0.002862158 0.999995291 4.985472202
0.999995232 -0.002952052 0.000916255 0.070313528 0.002949202 0.999990821 0.003095925 -0.210375801 -0.000925386 -0.003093208 0.999994814 5.244811535
0.999995291 -0.002735161 0.001402280 0.062355734 0.002731452 0.999992728 0.002640511 -0.216546863 -0.001409492 -0.002636669 0.999995530 5.508243084
0.999994516 -0.003030673 0.001396056 0.063643292 0.003026256 0.999990463 0.003155259 -0.227789074 -0.001405605 -0.003151017 0.999994099 5.781147957
0.999995887 -0.002450574 0.001490404 0.085917674 0.002445490 0.999991238 0.003403408 -0.234747022 -0.001498731 -0.003399749 0.999993145 6.031637192
0.999995887 -0.002527105 0.001292263 0.083242655 0.002522806 0.999991298 0.003317227 -0.247489676 -0.001300635 -0.003313953 0.999993622 6.336333752
0.999996960 -0.002140024 0.001158752 0.086012363 0.002136630 0.999993443 0.002922345 -0.253238767 -0.001164998 -0.002919861 0.999995112 6.628771305
0.999996006 -0.002602035 0.001056734 0.099702045 0.002599101 0.999992788 0.002768737 -0.253243744 -0.001063930 -0.002765980 0.999995649 6.928116322
0.999996424 -0.002429579 0.001103899 0.104715414 0.002426101 0.999992132 0.003141576 -0.267466575 -0.001111523 -0.003138887 0.999994457 7.233017921
0.999995351 -0.002698143 0.001399098 0.111982085 0.002693477 0.999990821 0.003326391 -0.281960547 -0.001408061 -0.003322606 0.999993503 7.543306828
0.999996185 -0.002556772 0.001008054 0.131005570 0.002553299 0.999990880 0.003431028 -0.293463916 -0.001016817 -0.003428441 0.999993682 7.840773582
0.999993980 -0.003208721 0.001258918 0.116572678 0.003203910 0.999987543 0.003804628 -0.306877732 -0.001271110 -0.003800572 0.999991953 8.113903999
0.999994457 -0.003203110 0.000826862 0.132768705 0.003200104 0.999988317 0.003611194 -0.315311849 -0.000838420 -0.003608528 0.999993145 8.434675217
0.999993563 -0.003371528 0.001196550 0.127731070 0.003367066 0.999987364 0.003712106 -0.322081745 -0.001209050 -0.003708053 0.999992371 8.782366753
0.999994636 -0.002857050 0.001611166 0.128452942 0.002850193 0.999986887 0.004242373 -0.337788045 -0.001623265 -0.004237758 0.999989748 9.124375343
0.999991894 -0.003982534 0.000654544 0.154703736 0.003979778 0.999983370 0.004157265 -0.344106704 -0.000671090 -0.004154627 0.999991119 9.465685844
0.999994278 -0.003114043 0.001290599 0.147368759 0.003108140 0.999984741 0.004550567 -0.356910765 -0.001304750 -0.004546530 0.999988854 9.817100525
0.999994993 -0.002043823 0.002387208 0.107585825 0.002032320 0.999986291 0.004811138 -0.376092583 -0.002397009 -0.004806263 0.999985576 10.193009377
0.999994278 -0.002910114 0.001711281 0.148034617 0.002901292 0.999982476 0.005135173 -0.381771356 -0.001726196 -0.005130178 0.999985397 10.515098572
0.999994457 -0.003025722 0.001344479 0.159924015 0.003020136 0.999986827 0.004137933 -0.390434623 -0.001356981 -0.004133850 0.999990523 10.848978043
0.999995947 -0.002439088 0.001483668 0.162695035 0.002432000 0.999985754 0.004760826 -0.412467808 -0.001495259 -0.004757198 0.999987602 11.224730492
0.999993205 -0.003301748 0.001638044 0.171452418 0.003294937 0.999985993 0.004143375 -0.412050307 -0.001651701 -0.004137950 0.999990046 11.626405716
0.999994755 -0.002828815 0.001615876 0.181796014 0.002821099 0.999984741 0.004757894 -0.427757770 -0.001629311 -0.004753310 0.999987364 11.961741447
0.999994874 -0.002577471 0.001913626 0.178647920 0.002567600 0.999983430 0.005143442 -0.446017385 -0.001926851 -0.005138502 0.999984920 12.343887329
0.999995589 -0.001899068 0.002264307 0.179607466 0.001887534 0.999985218 0.005085284 -0.455879182 -0.002273931 -0.005080989 0.999984443 12.728254318
0.999992132 -0.003722540 0.001352107 0.205153555 0.003715355 0.999979138 0.005278674 -0.478733838 -0.001371730 -0.005273609 0.999985158 13.131997108
0.999994993 -0.002395470 0.002081465 0.205160350 0.002384510 0.999983311 0.005252615 -0.490165204 -0.002094013 -0.005247626 0.999984086 13.543329239
0.999994397 -0.002396783 0.002316384 0.215270013 0.002382559 0.999978364 0.006124175 -0.504947186 -0.002331012 -0.006118621 0.999978542 13.952113152
0.999992490 -0.003369706 0.001939045 0.229866564 0.003357630 0.999975204 0.006197875 -0.518082678 -0.001959882 -0.006191318 0.999978900 14.354920387
0.999988317 -0.004271463 0.002257594 0.232201993 0.004256221 0.999968410 0.006713567 -0.532520115 -0.002286200 -0.006703881 0.999974906 14.740693092
0.999986410 -0.004685656 0.002247869 0.247423872 0.004671338 0.999969006 0.006332519 -0.547993779 -0.002277472 -0.006321933 0.999977410 15.178827286
0.999987900 -0.004210833 0.002545434 0.257513583 0.004195773 0.999973774 0.005893257 -0.561088204 -0.002570184 -0.005882505 0.999979377 15.584442139
0.999986708 -0.004560950 0.002384499 0.274074584 0.004547022 0.999972761 0.005813797 -0.572202802 -0.002410951 -0.005802877 0.999980271 16.025657654
0.999987423 -0.003963464 0.003063605 0.279343724 0.003945048 0.999974251 0.005994132 -0.575908422 -0.003087283 -0.005981971 0.999977291 16.489402771
0.999981821 -0.005442816 0.002557202 0.292497158 0.005427213 0.999966860 0.006069339 -0.588747501 -0.002590152 -0.006055351 0.999978244 16.934190750
0.999985695 -0.004180941 0.003309932 0.294718862 0.004160796 0.999972880 0.006069994 -0.600888252 -0.003335221 -0.006056135 0.999976099 17.416545868
0.999988616 -0.003179250 0.003566031 0.303090006 0.003155722 0.999973357 0.006583958 -0.623086274 -0.003586868 -0.006572630 0.999971926 17.833646774
0.999984503 -0.003964150 0.003922103 0.316744924 0.003939223 0.999972105 0.006342953 -0.625629306 -0.003947139 -0.006327404 0.999972165 18.311525345
0.999985576 -0.003498326 0.004082860 0.316347212 0.003471619 0.999972582 0.006530140 -0.644682288 -0.004105593 -0.006515871 0.999970376 18.798507690
0.999986053 -0.003082991 0.004296966 0.328631252 0.003053503 0.999971867 0.006852305 -0.657820046 -0.004317971 -0.006839089 0.999967337 19.276905060
0.999987841 -0.002128473 0.004455877 0.350051254 0.002097599 0.999973893 0.006922007 -0.677154064 -0.004470493 -0.006912576 0.999966085 19.778053284
0.999985695 -0.003710544 0.003847594 0.355715483 0.003681404 0.999964654 0.007553118 -0.704932392 -0.003875485 -0.007538845 0.999964058 20.216817856
0.999985576 -0.004080439 0.003471893 0.371043980 0.004053633 0.999962211 0.007693068 -0.720736146 -0.003503152 -0.007678883 0.999964416 20.707405090
0.999989629 -0.003231188 0.003191177 0.379753411 0.003208046 0.999968767 0.007230539 -0.721029222 -0.003214440 -0.007220227 0.999968767 21.249200821
0.999985695 -0.003982944 0.003534586 0.380210757 0.003956184 0.999963760 0.007546046 -0.734241068 -0.003564512 -0.007531955 0.999965250 21.757625580
0.999983728 -0.005334574 0.002030799 0.397616506 0.005317696 0.999952018 0.008227321 -0.769823015 -0.002074590 -0.008216388 0.999964118 22.206567764
0.999983907 -0.005489259 0.001430987 0.395367682 0.005477392 0.999951601 0.008168750 -0.782820284 -0.001475758 -0.008160777 0.999965727 22.715970993
0.999985814 -0.005170127 0.001338779 0.402335227 0.005158992 0.999953091 0.008191199 -0.790976763 -0.001381066 -0.008184173 0.999965608 23.267929077
0.999972582 -0.007374522 0.000741318 0.412200063 0.007368245 0.999939740 0.008140682 -0.814558387 -0.000801307 -0.008134996 0.999966621 23.821092606
0.999982655 -0.005861804 -0.000393877 0.429865181 0.005864786 0.999950349 0.008049790 -0.814913690 0.000346672 -0.008051961 0.999967456 24.272104263
0.999983907 -0.005581195 -0.001019570 0.438497543 0.005589249 0.999951780 0.008074839 -0.820315242 0.000974454 -0.008080407 0.999966800 24.818367004
0.999978960 -0.006198912 -0.001910004 0.450421393 0.006214730 0.999945521 0.008389898 -0.827068508 0.001857891 -0.008401591 0.999962986 25.367061615
0.999978662 -0.006226310 -0.001963960 0.441672891 0.006242631 0.999945045 0.008416364 -0.847361922 0.001911450 -0.008428444 0.999962628 25.849449158
0.999975562 -0.006650337 -0.002165287 0.449209064 0.006669363 0.999938071 0.008901482 -0.854787827 0.002105956 -0.008915704 0.999958038 26.394159317
0.999979138 -0.006196873 -0.001776967 0.450141132 0.006211750 0.999944627 0.008492553 -0.864031136 0.001724242 -0.008503414 0.999962330 26.984048843
0.999982417 -0.005453823 -0.002340910 0.455296695 0.005474320 0.999945939 0.008840567 -0.890426159 0.002292569 -0.008853225 0.999958158 27.513154984
0.999976099 -0.006065449 -0.003323868 0.473083824 0.006095263 0.999940753 0.009034337 -0.905068040 0.003268873 -0.009054380 0.999953628 27.996047974
0.999977887 -0.005627471 -0.003555752 0.478861481 0.005660214 0.999941170 0.009266566 -0.923200727 0.003503395 -0.009286487 0.999950767 28.555084229
0.999982655 -0.005012181 -0.003086517 0.477343500 0.005039525 0.999947548 0.008916018 -0.926022828 0.003041666 -0.008931418 0.999955535 29.125612259
0.999966264 -0.006744424 -0.004685566 0.531077385 0.006783754 0.999941409 0.008429236 -0.925033987 0.004628441 -0.008460736 0.999953568 29.712795258
0.999958634 -0.007454048 -0.005217628 0.552425623 0.007501084 0.999930918 0.009054190 -0.952048063 0.005149777 -0.009092954 0.999945402 30.231401443
0.999972880 -0.005392271 -0.005040278 0.519355297 0.005441007 0.999938071 0.009706112 -0.983558059 0.004987628 -0.009733272 0.999940217 30.580640793
0.999975085 -0.005002825 -0.004981760 0.526842535 0.005054515 0.999932945 0.010418057 -1.004475355 0.004929306 -0.010442977 0.999933362 31.123659134
0.999971926 -0.005835492 -0.004696071 0.537325740 0.005882952 0.999931097 0.010156831 -1.012629747 0.004636477 -0.010184173 0.999937415 31.689496994
0.999982536 -0.004103097 -0.004270684 0.520014167 0.004143265 0.999946833 0.009439402 -0.997490287 0.004231726 -0.009456933 0.999946356 32.217918396
0.999985397 -0.003269803 -0.004301856 0.542084813 0.003307771 0.999955356 0.008848525 -1.008527875 0.004272732 -0.008862627 0.999951601 32.775295258
0.999969721 -0.005307728 -0.005686460 0.513419211 0.005364975 0.999934614 0.010099852 -1.069343209 0.005632480 -0.010130054 0.999932826 33.148101807
0.999979079 -0.003976708 -0.005077004 0.515511453 0.004029020 0.999938488 0.010335514 -1.088840485 0.005035590 -0.010355754 0.999933660 33.695121765
0.999968648 -0.005160446 -0.005994367 0.508206725 0.005222297 0.999932766 0.010348914 -1.091599584 0.005940560 -0.010379894 0.999928474 34.202419281
0.999970198 -0.004860422 -0.005989474 0.528257489 0.004922573 0.999933720 0.010405955 -1.110590100 0.005938500 -0.010435128 0.999927878 34.773246765
0.999968112 -0.005026182 -0.006206932 0.518899739 0.005094457 0.999926150 0.011033520 -1.141034245 0.006151018 -0.011064788 0.999919832 35.314464569
0.999971867 -0.004307273 -0.006127781 0.530395091 0.004372200 0.999934018 0.010621781 -1.148331046 0.006081626 -0.010648276 0.999924839 35.758285522
0.999966383 -0.005055831 -0.006448444 0.543204486 0.005124529 0.999929845 0.010681754 -1.160988927 0.006393987 -0.010714442 0.999922097 36.323951721
0.999966860 -0.005189409 -0.006263642 0.539622962 0.005252530 0.999935091 0.010103275 -1.164012074 0.006210806 -0.010135841 0.999929368 36.844398499
0.999959111 -0.005871652 -0.006879525 0.558789134 0.005949166 0.999918401 0.011301517 -1.193470001 0.006812606 -0.011341982 0.999912500 37.374992371
0.999963939 -0.005754496 -0.006245855 0.562304258 0.005820262 0.999927223 0.010562956 -1.185364246 0.006184618 -0.010598929 0.999924660 37.938514709
0.999971747 -0.004392155 -0.006096599 0.564251423 0.004457348 0.999932587 0.010721302 -1.183739662 0.006049098 -0.010748173 0.999923944 38.483581543
0.999979734 -0.003378220 -0.005401528 0.520106614 0.003436121 0.999936283 0.010746249 -1.176377296 0.005364882 -0.010764592 0.999927640 38.897815704
0.999976099 -0.003160860 -0.006132599 0.589300990 0.003218283 0.999950886 0.009376347 -1.172591686 0.006102660 -0.009395864 0.999937177 39.494770050
0.999946535 -0.006792983 -0.007795170 0.583361983 0.006889688 0.999898791 0.012446786 -1.284576058 0.007709831 -0.012499827 0.999892175 39.926830292
0.999942541 -0.006783964 -0.008296537 0.600176334 0.006885018 0.999901652 0.012212824 -1.275606036 0.008212870 -0.012269244 0.999890983 40.485588074
0.999939322 -0.006721968 -0.008719147 0.622132421 0.006828358 0.999901831 0.012230158 -1.291492581 0.008636080 -0.012288953 0.999887168 41.037605286
0.999937475 -0.006799161 -0.008876625 0.630709887 0.006898576 0.999913216 0.011217458 -1.278026462 0.008799586 -0.011277992 0.999897659 41.603431702
0.999931157 -0.007537236 -0.008985902 0.646389663 0.007640385 0.999904692 0.011500433 -1.289692879 0.008898363 -0.011568297 0.999893486 42.154006958
0.999943554 -0.006527625 -0.008395767 0.603425980 0.006636014 0.999894142 0.012947364 -1.326033831 0.008310364 -0.013002347 0.999880850 42.464725494
0.999934316 -0.007528311 -0.008645552 0.610694647 0.007643504 0.999881387 0.013369082 -1.339524746 0.008543880 -0.013434287 0.999873221 43.001571655
0.999934196 -0.007266663 -0.008882471 0.629237771 0.007375734 0.999896944 0.012308823 -1.327255249 0.008792114 -0.012373528 0.999884784 43.571460724
0.999931872 -0.007421538 -0.009012115 0.640175819 0.007531406 0.999897003 0.012219062 -1.341604471 0.008920502 -0.012286106 0.999884665 44.111026764
0.999943435 -0.006847352 -0.008137301 0.617264628 0.006955471 0.999886930 0.013333646 -1.370768547 0.008045081 -0.013389491 0.999877989 44.549140930
0.999935865 -0.007514362 -0.008470573 0.633555651 0.007624342 0.999886036 0.013027078 -1.374358416 0.008371718 -0.013090826 0.999879301 45.103553772
0.999946833 -0.006485112 -0.008015536 0.622215211 0.006581947 0.999905050 0.012114283 -1.381585002 0.007936212 -0.012166397 0.999894440 45.665027618
0.999944806 -0.006134634 -0.008527277 0.637603045 0.006240686 0.999902844 0.012466374 -1.389346242 0.008449971 -0.012518903 0.999885917 46.200027466
0.999947846 -0.005766173 -0.008430608 0.659525514 0.005864152 0.999915123 0.011643707 -1.375625849 0.008362753 -0.011692539 0.999896646 46.719184875
0.999935448 -0.007393022 -0.008623442 0.668489337 0.007513909 0.999872863 0.014071478 -1.443498135 0.008518313 -0.014135367 0.999863803 47.068161011
0.999940574 -0.006733977 -0.008573559 0.681835473 0.006851990 0.999881148 0.013810575 -1.444615841 0.008479539 -0.013868500 0.999867916 47.615970612
0.999927938 -0.007217776 -0.009594256 0.715588033 0.007337666 0.999894738 0.012520185 -1.440034747 0.009502877 -0.012589682 0.999875605 48.190475464
0.999930561 -0.007371110 -0.009205651 0.711943030 0.007485072 0.999894977 0.012406979 -1.449857593 0.009113232 -0.012475019 0.999880672 48.728683472
0.999937892 -0.006437663 -0.009100554 0.692062259 0.006552280 0.999898851 0.012621278 -1.458121300 0.009018383 -0.012680122 0.999878943 49.272224426
0.999939024 -0.006335185 -0.009047166 0.685091972 0.006466419 0.999873340 0.014550842 -1.488147736 0.008953839 -0.014608460 0.999853194 49.578765869
0.999934912 -0.006339810 -0.009490641 0.682373285 0.006473436 0.999879360 0.014115885 -1.490432501 0.009400004 -0.014176403 0.999855280 50.122535706
0.999935448 -0.007018086 -0.008943751 0.685375869 0.007131546 0.999893725 0.012717932 -1.489206195 0.008853544 -0.012780892 0.999879122 50.667152405
0.999938607 -0.006392328 -0.009054054 0.700483084 0.006503944 0.999902546 0.012352465 -1.488820314 0.008974210 -0.012410591 0.999882758 51.225944519
0.999942958 -0.006350077 -0.008586769 0.681568384 0.006481560 0.999860823 0.015372176 -1.539526224 0.008487960 -0.015426956 0.999844909 51.622150421
0.999947488 -0.006149113 -0.008200554 0.685841560 0.006275717 0.999860108 0.015503136 -1.549931288 0.008104077 -0.015553787 0.999846160 52.158031464
0.999948382 -0.006041685 -0.008174655 0.656461358 0.006162749 0.999870479 0.014866434 -1.548737288 0.008083778 -0.014916042 0.999856114 52.672855377
0.999941111 -0.006456156 -0.008722024 0.687297940 0.006587792 0.999863565 0.015148849 -1.570180655 0.008623030 -0.015205417 0.999847233 53.188781738
0.999943078 -0.005790313 -0.008961597 0.689968526 0.005917160 0.999881744 0.014193333 -1.551880121 0.008878354 -0.014245552 0.999859154 53.719524384
0.999944508 -0.006504633 -0.008277612 0.656240344 0.006638580 0.999845803 0.016258677 -1.607230902 0.008170579 -0.016312728 0.999833584 54.078388214
0.999940932 -0.006975271 -0.008336777 0.668598533 0.007110631 0.999841630 0.016318696 -1.623020887 0.008221629 -0.016377011 0.999832094 54.628826141
0.999939978 -0.007193593 -0.008256545 0.664917231 0.007330642 0.999833822 0.016690267 -1.636255980 0.008135110 -0.016749794 0.999826610 55.157867432
0.999941528 -0.006879115 -0.008340790 0.680003762 0.007008934 0.999853253 0.015636332 -1.625916719 0.008232001 -0.015693881 0.999843001 55.691860199
0.999956071 -0.006611740 -0.006643773 0.651929498 0.006712730 0.999860525 0.015295108 -1.625732780 0.006541720 -0.015339033 0.999860942 56.183174133
0.999941647 -0.006862924 -0.008341786 0.687964916 0.006999421 0.999840260 0.016445514 -1.649145842 0.008227590 -0.016502941 0.999829948 56.585628510
0.999945581 -0.006143549 -0.008427082 0.688084960 0.006275632 0.999856472 0.015737776 -1.649768114 0.008329187 -0.015789803 0.999840617 57.112014771
0.999938488 -0.007178329 -0.008458024 0.711363673 0.007306811 0.999856889 0.015258811 -1.655818820 0.008347280 -0.015319675 0.999847770 57.683452606
0.999958813 -0.005528883 -0.007203235 0.679981589 0.005649039 0.999843419 0.016768541 -1.670907617 0.007109396 -0.016808543 0.999833405 58.182750702
0.999943912 -0.006700429 -0.008199129 0.712298036 0.006839272 0.999831617 0.017024647 -1.687117219 0.008083678 -0.017079771 0.999821365 58.601058960
0.999935687 -0.006971126 -0.008935672 0.717994690 0.007119837 0.999834836 0.016719993 -1.678507805 0.008817639 -0.016782541 0.999820232 59.166202545
0.999936342 -0.007183650 -0.008689078 0.711547852 0.007329683 0.999830425 0.016893080 -1.691593289 0.008566250 -0.016955696 0.999819517 59.695640564
0.999938428 -0.006893372 -0.008695860 0.750328183 0.007037844 0.999835789 0.016694140 -1.684169292 0.008579355 -0.016754316 0.999822795 60.198795319
0.999938786 -0.006968122 -0.008596202 0.750942111 0.007114212 0.999828756 0.017082855 -1.716433167 0.008475696 -0.017142965 0.999817073 60.623031616
0.999936461 -0.007122271 -0.008737111 0.763555229 0.007269892 0.999829412 0.016982064 -1.728190064 0.008614670 -0.017044505 0.999817610 61.169143677
0.999944925 -0.006704585 -0.008077378 0.740664482 0.006841725 0.999830782 0.017072033 -1.746602297 0.007961550 -0.017126355 0.999821663 61.704216003
0.999942303 -0.006669700 -0.008425810 0.755916417 0.006811961 0.999832749 0.016969485 -1.739250541 0.008311220 -0.017025903 0.999820530 62.199958801
0.999942183 -0.006333273 -0.008689340 0.800463140 0.006477005 0.999840915 0.016613990 -1.744118214 0.008582737 -0.016669311 0.999824226 62.783752441
0.999940455 -0.006893640 -0.008457669 0.809749663 0.007029844 0.999844372 0.016181637 -1.722244143 0.008344802 -0.016240131 0.999833286 63.250034332
0.999943256 -0.007213783 -0.007834158 0.763172448 0.007353268 0.999812305 0.017924437 -1.777483940 0.007703383 -0.017981028 0.999808669 63.672183990
0.999937057 -0.007766704 -0.008092865 0.767477512 0.007906639 0.999817252 0.017405130 -1.782780290 0.007956206 -0.017468022 0.999815762 64.212402344
0.999942243 -0.006917618 -0.008232208 0.786483347 0.007064705 0.999813437 0.017974440 -1.800455809 0.008106332 -0.018031560 0.999804556 64.750869751
0.999950111 -0.006263095 -0.007781954 0.798791051 0.006402169 0.999817848 0.017976947 -1.825382471 0.007667946 -0.018025873 0.999808133 65.290779114
0.999945223 -0.006800355 -0.007958557 0.806620479 0.006942089 0.999815345 0.017918950 -1.818195820 0.007835233 -0.017973218 0.999807715 65.708717346
0.999948084 -0.006345443 -0.007968768 0.804830253 0.006486080 0.999821424 0.017748445 -1.819133878 0.007854723 -0.017799212 0.999810696 66.262832642
0.999954700 -0.004907677 -0.008153228 0.840916455 0.005051614 0.999830067 0.017728228 -1.841216564 0.008064838 -0.017768610 0.999809623 66.767883301
0.999940872 -0.007228842 -0.008114907 0.833581448 0.007366932 0.999826372 0.017118149 -1.820849299 0.007989753 -0.017176922 0.999820590 67.334091187
0.999945819 -0.006405308 -0.008201491 0.848060548 0.006553326 0.999813735 0.018149830 -1.847284794 0.008083709 -0.018202595 0.999801576 67.716102600
0.999946415 -0.006471609 -0.008082639 0.869445622 0.006619680 0.999808192 0.018429305 -1.859485984 0.007961822 -0.018481823 0.999797463 68.262924194
0.999949634 -0.006190071 -0.007899905 0.844118297 0.006330131 0.999820948 0.017829202 -1.862232924 0.007788127 -0.017878313 0.999809861 68.822692871
0.999942064 -0.006995215 -0.008176974 0.843203783 0.007139932 0.999815941 0.017805088 -1.877565265 0.008050920 -0.017862443 0.999808013 69.436691284
0.999954581 -0.005145827 -0.008024622 0.906946599 0.005292549 0.999817193 0.018371176 -1.889432788 0.007928621 -0.018412815 0.999799013 69.764160156
0.999946415 -0.006953654 -0.007657942 0.828061044 0.007092226 0.999808788 0.018219149 -1.860694289 0.007529788 -0.018272484 0.999804676 70.303192139
0.999940097 -0.007611549 -0.007855895 0.833371997 0.007752332 0.999807000 0.018048683 -1.866985559 0.007717001 -0.018108504 0.999806225 70.850654602
0.999937534 -0.007625018 -0.008174064 0.855211854 0.007773894 0.999801636 0.018338889 -1.882378578 0.008032608 -0.018401287 0.999798357 71.393905640
0.999948800 -0.006796294 -0.007496566 0.848101735 0.006927501 0.999820709 0.017617369 -1.878400445 0.007375491 -0.017668400 0.999816716 71.866981506
0.999937177 -0.007729409 -0.008101447 0.872663319 0.007879652 0.999794424 0.018680470 -1.905952930 0.007955393 -0.018743135 0.999792635 72.350578308
0.999938548 -0.007233494 -0.008399160 0.910252213 0.007392813 0.999790311 0.019094858 -1.925441980 0.008259276 -0.019155778 0.999782383 72.753700256
0.999921679 -0.008452773 -0.009222394 0.930734694 0.008632398 0.999770343 0.019614387 -1.931318164 0.009054479 -0.019692464 0.999765038 73.303390503
0.999920666 -0.008477491 -0.009317786 0.942057967 0.008650721 0.999787509 0.018710995 -1.933348775 0.009157183 -0.018790115 0.999781549 73.864814758
0.999913037 -0.008711292 -0.009904958 0.954403579 0.008907295 0.999761879 0.019919530 -1.950378895 0.009729074 -0.020006021 0.999752581 74.366973877
0.999935329 -0.007183693 -0.008816816 0.935436904 0.007350179 0.999792457 0.018997824 -1.942077518 0.008678512 -0.019061403 0.999780655 74.976058960
0.999934912 -0.007876745 -0.008254420 0.896474004 0.008031392 0.999789655 0.018872323 -1.931640863 0.008104032 -0.018937390 0.999787748 75.307640076
0.999936819 -0.007566561 -0.008314093 0.897484183 0.007720702 0.999795973 0.018666700 -1.934516072 0.008171154 -0.018729711 0.999791145 75.873115540
0.999942422 -0.006727817 -0.008363017 0.901492000 0.006877735 0.999813855 0.018028665 -1.940520167 0.008240165 -0.018085148 0.999802470 76.482986450
0.999948680 -0.007177738 -0.007146537 0.929734766 0.007314967 0.999785721 0.019364860 -1.967744708 0.007006011 -0.019416144 0.999786913 76.847976685
0.999963701 -0.006336890 -0.005688229 0.929110467 0.006441811 0.999805868 0.018620346 -1.965199232 0.005569129 -0.018656315 0.999810457 77.400611877
0.999959528 -0.007422337 -0.005092643 0.949872077 0.007521257 0.999777913 0.019687826 -1.989766359 0.004945383 -0.019725330 0.999793112 77.971244812
0.999964416 -0.007343417 -0.004149216 0.950442910 0.007422842 0.999783099 0.019462423 -1.977723360 0.004005395 -0.019492529 0.999801993 78.490875244
0.999974966 -0.007007001 -0.000891185 0.963672996 0.007023355 0.999777138 0.019907320 -2.025959253 0.000751496 -0.019913081 0.999801457 78.961990356
0.999976695 -0.006145282 0.002962046 0.989181936 0.006083447 0.999772310 0.020450689 -2.030118942 -0.003087047 -0.020432193 0.999786496 79.501754761
0.999958515 -0.007227235 0.005531609 1.012016296 0.007106703 0.999743402 0.021507487 -2.054027319 -0.005685629 -0.021467283 0.999753356 80.000778198
0.999932051 -0.006544306 0.009634954 1.030592561 0.006343494 0.999765038 0.020726990 -2.048978806 -0.009768335 -0.020664467 0.999738753 80.555488586
0.999858081 -0.005476313 0.015928276 1.026981831 0.005139840 0.999764323 0.021089006 -2.072360516 -0.016040014 -0.021004146 0.999650657 80.983406067
0.999736845 -0.005203989 0.022339711 1.051630497 0.004735240 0.999768555 0.020984625 -2.075031757 -0.022443747 -0.020873321 0.999530196 81.529121399
0.999593019 -0.005368888 0.028017711 1.087955117 0.004760881 0.999752700 0.021722583 -2.083607674 -0.028127410 -0.021580353 0.999371290 82.076202393
0.999305129 -0.004942185 0.036945332 1.114998937 0.004132366 0.999750197 0.021963699 -2.084443808 -0.037044652 -0.021795765 0.999075830 82.635414124
0.998989582 -0.004281724 0.044736482 1.184328556 0.003277479 0.999741495 0.022497281 -2.106570721 -0.044821247 -0.022327926 0.998745441 83.091224670
0.998656988 -0.005108483 0.051557023 1.169727564 0.003966040 0.999744892 0.022236841 -2.124094486 -0.051657468 -0.022002500 0.998422444 83.653282166
0.998153865 -0.005272378 0.060508255 1.225193024 0.003963755 0.999756098 0.021726899 -2.125970840 -0.060608055 -0.021446945 0.997931242 84.196662903
0.997513056 -0.006702739 0.070162103 1.277960777 0.005179371 0.999747396 0.021871570 -2.135132790 -0.070290983 -0.021453779 0.997295856 84.738311768
0.996812463 -0.005652949 0.079580411 1.325622559 0.003864355 0.999736845 0.022611406 -2.151596069 -0.079687297 -0.022231800 0.996571898 85.270896912
0.996152282 -0.005289038 0.087480098 1.426661015 0.003277281 0.999727249 0.023124395 -2.175891876 -0.087578550 -0.022748718 0.995897830 85.775947571
0.995159388 -0.006407124 0.098064892 1.454178810 0.004229043 0.999740064 0.022402385 -2.146555901 -0.098182954 -0.021879224 0.994927824 86.344894409
0.994046330 -0.006285391 0.108776808 1.538367748 0.003853895 0.999738216 0.022548890 -2.150620937 -0.108890072 -0.021995429 0.993810415 86.884307861
0.993018210 -0.007366472 0.117730998 1.626601219 0.004787175 0.999742568 0.022176171 -2.158111334 -0.117864080 -0.021457743 0.992797852 87.415054321
0.991559207 -0.006164510 0.129507825 1.688767433 0.003329909 0.999750316 0.022092642 -2.141260624 -0.129611716 -0.021474911 0.991332233 88.052726746
0.989856482 -0.006403842 0.141925961 1.788784981 0.003325321 0.999754190 0.021917611 -2.144611359 -0.142031431 -0.021223340 0.989634573 88.595932007
0.988157928 -0.006473863 0.153303266 1.893008232 0.003104071 0.999748409 0.022210374 -2.154781342 -0.153408498 -0.021471487 0.987929463 89.134239197
0.986743689 -0.007373726 0.162118524 2.013174057 0.003774952 0.999739766 0.022495255 -2.155950785 -0.162242234 -0.021585057 0.986514866 89.669334412
0.984608769 -0.008059639 0.174586743 2.130419731 0.004268276 0.999747097 0.022080816 -2.158858061 -0.174720570 -0.020995779 0.984394133 90.212150574
0.982408166 -0.007970965 0.186576143 2.226011276 0.003821963 0.999737501 0.022586739 -2.154326677 -0.186707228 -0.021476308 0.982180834 90.705604553
0.980326712 -0.008248324 0.197209254 2.357359886 0.003872687 0.999737859 0.022563161 -2.153657436 -0.197343662 -0.021355536 0.980101824 91.239662170
0.977458060 -0.008790880 0.210946307 2.489227295 0.004035183 0.999728143 0.022964459 -2.161628485 -0.211090833 -0.021595588 0.977227807 91.779617310
0.974427164 -0.009048143 0.224521041 2.615919113 0.003840475 0.999713540 0.023620451 -2.169456959 -0.224670440 -0.022154141 0.974182904 92.267181396
0.971614361 -0.007678412 0.236445680 2.745742798 0.002164249 0.999719799 0.023571784 -2.178026915 -0.236560404 -0.022390954 0.971358895 92.801979065
0.968734384 -0.008946015 0.247939005 2.921195984 0.003175651 0.999714911 0.023663493 -2.185890675 -0.248080015 -0.022136271 0.968486667 93.299293518
0.965173662 -0.008225990 0.261480749 3.092489243 0.001944021 0.999703407 0.024274191 -2.207000494 -0.261602879 -0.022920482 0.964903474 93.782958984
0.961701632 -0.007381163 0.273998916 3.283510208 0.000784373 0.999707401 0.024177719 -2.205316305 -0.274097204 -0.023036836 0.961426079 94.272148132
0.958208084 -0.009605939 0.285910785 3.389209747 0.002940633 0.999714077 0.023732759 -2.194709778 -0.286057025 -0.021900164 0.957962334 94.876495361
0.953951001 -0.009106175 0.299824119 3.600292206 0.001896514 0.999702215 0.024328539 -2.215282440 -0.299956352 -0.022639617 0.953684270 95.323989868
0.949034393 -0.007700598 0.315078408 3.767765045 -0.000062750 0.999696791 0.024621857 -2.195716858 -0.315172493 -0.023386762 0.948746204 95.923080444
0.945276201 -0.008099654 0.326170683 3.981582642 0.000389204 0.999719083 0.023697639 -2.186965466 -0.326270968 -0.022273865 0.945013821 96.448081970
0.940912426 -0.008173117 0.338551253 4.191205978 0.000126508 0.999717176 0.023783026 -2.189078093 -0.338649809 -0.022334917 0.940647304 96.962638855
0.935440540 -0.008014176 0.353393167 4.396480560 -0.000482153 0.999713123 0.023947556 -2.201444626 -0.353483677 -0.022571905 0.935168326 97.471733093
0.931017339 -0.009660951 0.364846766 4.625625610 0.000698954 0.999694884 0.024687801 -2.219368458 -0.364973933 -0.022729762 0.930740178 98.036415100
0.926373839 -0.009866221 0.376475662 4.859832764 0.000982403 0.999716759 0.023782026 -2.203145027 -0.376603574 -0.021661200 0.926121175 98.559219360
0.920390129 -0.009573678 0.390883952 5.116300583 0.000210698 0.999712169 0.023989217 -2.182518721 -0.391001076 -0.021997077 0.920127332 99.075279236
0.914768577 -0.010726976 0.403835833 5.365837097 0.001246595 0.999717593 0.023731433 -2.182135105 -0.403976321 -0.021205347 0.914523721 99.569610596
0.909909964 -0.011615890 0.414643228 5.605110168 0.001729529 0.999705315 0.024210582 -2.186271906 -0.414802283 -0.021312311 0.909662008 100.053001404
0.904313922 -0.011230815 0.426720321 5.858043671 0.000969168 0.999705195 0.024257280 -2.197471380 -0.426866949 -0.021522632 0.904058337 100.539550781
0.897593856 -0.011320243 0.440678120 6.109222412 0.000581074 0.999699593 0.024496969 -2.207532406 -0.440823048 -0.021732258 0.897330999 101.007179260
0.891794860 -0.012286394 0.452273101 6.353145599 0.001667181 0.999713600 0.023870740 -2.198060513 -0.452436835 -0.020533781 0.891560078 101.518127441
0.885195076 -0.011327375 0.465082109 6.466606140 0.000199889 0.999712646 0.023968199 -2.193569660 -0.465219945 -0.021123566 0.884943008 101.842018127
0.877834558 -0.011959846 0.478814662 6.839481354 0.000686841 0.999718726 0.023711778 -2.148452997 -0.478963554 -0.020486146 0.877595723 102.543243408
