1.000000000 0.000000000 0.000000000 0.000000000 0.000000000 1.000000000 0.000000000 0.000000000 0.000000000 0.000000000 1.000000000 0.000000000
1.000000000 0.000027864 -0.000021695 0.000359908 -0.000027863 1.000000000 0.000031372 -0.001008358 0.000021696 -0.000031371 1.000000000 -0.001582050
1.000000000 -0.000021972 -0.000009939 0.001013650 0.000021972 1.000000000 -0.000006157 -0.000493512 0.000009939 0.000006157 1.000000000 -0.002693475
1.000000000 -0.000159294 -0.000117132 0.001919046 0.000159302 1.000000000 0.000072428 -0.001958007 0.000117121 -0.000072447 1.000000000 -0.004486896
1.000000000 -0.000146953 -0.000080606 -0.000241544 0.000146952 1.000000000 -0.000001971 0.000296655 0.000080606 0.000001959 1.000000000 -0.003109707
1.000000000 -0.000151269 -0.000040394 0.000889245 0.000151271 1.000000000 0.000064641 -0.000789441 0.000040384 -0.000064647 1.000000000 -0.001615978
1.000000000 -0.000196233 -0.000009154 0.000187348 0.000196234 1.000000000 0.000039875 -0.000740142 0.000009146 -0.000039877 1.000000000 -0.004074522
1.000000000 -0.000081186 -0.000045949 0.000111766 0.000081188 1.000000000 0.000042289 0.000313482 0.000045946 -0.000042292 1.000000000 -0.004001339
1.000000000 -0.000057627 -0.000026669 0.000447122 0.000057627 1.000000000 -0.000003868 0.000352443 0.000026669 0.000003866 1.000000000 -0.000706774
1.000000000 -0.000081805 -0.000069107 -0.000184345 0.000081806 1.000000000 0.000003263 0.001162665 0.000069107 -0.000003269 1.000000000 -0.001956924
1.000000000 -0.000138778 -0.000121430 0.000790095 0.000138784 1.000000000 0.000041870 -0.000321393 0.000121424 -0.000041886 1.000000000 -0.002701459
1.000000000 -0.000191925 -0.000098451 0.000086200 0.000191926 1.000000000 0.000005960 0.000481898 0.000098449 -0.000005979 1.000000000 -0.000301794
1.000000000 -0.000221249 -0.000061625 -0.000796908 0.000221252 1.000000000 0.000037246 0.001023790 0.000061617 -0.000037260 1.000000000 -0.000645237
1.000000000 -0.000175811 -0.000061250 0.000421278 0.000175813 1.000000000 0.000040443 -0.000153313 0.000061243 -0.000040454 1.000000000 -0.003514156
1.000000000 -0.000133891 -0.000088876 0.001392526 0.000133901 1.000000000 0.000119534 -0.000585858 0.000088860 -0.000119545 1.000000000 -0.004207578
1.000000000 -0.000110796 -0.000052951 0.002196030 0.000110802 1.000000000 0.000112170 -0.001379699 0.000052939 -0.000112176 1.000000000 -0.007403516
1.000000000 -0.000145680 -0.000097299 0.001182938 0.000145683 1.000000000 0.000029801 0.000809777 0.000097294 -0.000029816 1.000000000 -0.002537039
1.000000000 -0.000086852 -0.000097195 0.001061612 0.000086860 1.000000000 0.000079353 -0.000242262 0.000097188 -0.000079362 1.000000000 -0.004369590
0.999999940 -0.000264820 -0.000131996 0.000861443 0.000264829 0.999999940 0.000071043 -0.000618594 0.000131977 -0.000071078 1.000000000 -0.003830903
0.999999940 -0.000268184 -0.000127238 0.000952961 0.000268189 0.999999940 0.000040022 0.000609555 0.000127227 -0.000040056 1.000000000 -0.000500650
0.999999940 -0.000249277 -0.000107312 0.000138657 0.000249283 0.999999940 0.000051947 -0.000914906 0.000107299 -0.000051974 1.000000000 -0.003456702
1.000000000 -0.000132605 -0.000112983 0.002930343 0.000132613 1.000000000 0.000063116 0.000068651 0.000112975 -0.000063131 1.000000000 -0.002133270
1.000000000 -0.000129719 -0.000126000 0.002567897 0.000129729 1.000000000 0.000080062 -0.000944609 0.000125990 -0.000080078 1.000000000 -0.002413836
0.999999940 -0.000244304 -0.000147129 0.001442938 0.000244316 0.999999940 0.000080329 -0.000509722 0.000147110 -0.000080365 1.000000000 -0.004305265
0.999999940 -0.000239843 -0.000193812 0.002709521 0.000239857 0.999999940 0.000072500 -0.000614094 0.000193794 -0.000072547 1.000000000 -0.004176519
0.999999940 -0.000265517 -0.000133320 0.001657724 0.000265524 0.999999940 0.000052299 0.000423281 0.000133306 -0.000052335 1.000000000 -0.003110314
0.999999940 -0.000301061 -0.000182085 0.002966059 0.000301074 0.999999940 0.000071530 -0.000384040 0.000182064 -0.000071585 1.000000000 -0.004543804
0.999999940 -0.000380681 -0.000138120 0.001034910 0.000380689 0.999999940 0.000063359 -0.000659907 0.000138096 -0.000063412 1.000000000 -0.004665459
0.999999940 -0.000190561 -0.000165013 0.001825352 0.000190573 1.000000000 0.000075937 -0.000070821 0.000164998 -0.000075969 1.000000000 -0.002247044
1.000000000 -0.000183127 -0.000126068 0.002625367 0.000183141 1.000000000 0.000109920 -0.001089057 0.000126048 -0.000109943 1.000000000 -0.004117833
0.999999940 -0.000282836 -0.000167402 0.000792290 0.000282848 0.999999940 0.000072837 0.000612640 0.000167381 -0.000072884 1.000000000 -0.001419686
0.999999940 -0.000294029 -0.000167206 0.000659224 0.000294045 0.999999940 0.000095313 0.000168200 0.000167178 -0.000095362 1.000000000 -0.003677387
0.999999940 -0.000219229 -0.000156207 0.001498704 0.000219231 1.000000000 0.000014899 0.000304759 0.000156204 -0.000014933 1.000000000 -0.001928426
0.999999940 -0.000310872 -0.000172820 0.002129932 0.000310879 0.999999940 0.000042587 -0.000052567 0.000172806 -0.000042640 1.000000000 -0.002062141
0.999999940 -0.000283389 -0.000097673 0.000829209 0.000283397 0.999999940 0.000088562 -0.000791033 0.000097648 -0.000088590 1.000000000 -0.005651834
0.999999940 -0.000327737 -0.000188544 0.002935689 0.000327745 0.999999940 0.000039813 0.000228146 0.000188531 -0.000039874 1.000000000 -0.003186543
1.000000000 -0.000198470 -0.000130451 0.002798793 0.000198486 1.000000000 0.000121563 -0.000554038 0.000130426 -0.000121588 1.000000000 -0.006777989
0.999999940 -0.000305643 -0.000133540 0.000528406 0.000305650 0.999999940 0.000052349 -0.000062922 0.000133524 -0.000052390 1.000000000 -0.004516581
0.999999940 -0.000266596 -0.000160954 0.001149930 0.000266616 0.999999940 0.000124392 -0.000016280 0.000160921 -0.000124435 1.000000000 -0.003618963
0.999999940 -0.000279642 -0.000181231 0.002711444 0.000279650 0.999999940 0.000044350 -0.001094856 0.000181219 -0.000044401 1.000000000 0.000092297
0.999999940 -0.000256968 -0.000109085 0.001781151 0.000256909 0.999999821 -0.000538369 -0.000873019 0.000109224 0.000538341 0.999999821 0.048572917
1.000000000 -0.000116126 -0.000137624 0.001909434 0.000115973 0.999999344 -0.001113878 -0.003337558 0.000137753 0.001113862 0.999999344 0.140421450
1.000000000 -0.000181540 -0.000150408 0.005177881 0.000181327 0.999998987 -0.001415064 -0.007470830 0.000150664 0.001415036 0.999998987 0.254184932
1.000000000 -0.000207725 -0.000070358 0.005590485 0.000207626 0.999998987 -0.001397606 -0.012427941 0.000070648 0.001397591 0.999999046 0.389573902
1.000000000 -0.000125551 -0.000206642 0.011055766 0.000125318 0.999999344 -0.001126096 -0.019181384 0.000206783 0.001126071 0.999999344 0.524046898
1.000000000 -0.000172320 -0.000112039 0.012623788 0.000172203 0.999999464 -0.001038875 -0.022274775 0.000112218 0.001038856 0.999999464 0.685073733
1.000000000 -0.000129426 -0.000116360 0.019696854 0.000129317 0.999999523 -0.000938088 -0.025727276 0.000116481 0.000938073 0.999999583 0.844625771
0.999999940 0.000350073 0.000070669 0.017585818 -0.000350017 0.999999642 -0.000802958 -0.025872177 -0.000070950 0.000802933 0.999999702 1.020711541
1.000000000 -0.000117745 -0.000193468 0.027974058 0.000117638 0.999999821 -0.000554202 -0.036852658 0.000193533 0.000554179 0.999999821 1.178218484
1.000000000 0.000036407 -0.000007397 0.030600615 -0.000036409 0.999999940 -0.000332445 -0.041484755 0.000007384 0.000332445 0.999999940 1.369187832
1.000000000 -0.000013479 -0.000127772 0.036598638 0.000013443 0.999999940 -0.000285635 -0.046788264 0.000127775 0.000285634 0.999999940 1.564790010
1.000000000 -0.000148864 0.000164072 0.038064137 0.000148910 0.999999940 -0.000281675 -0.056230649 -0.000164030 0.000281699 0.999999940 1.782588601
0.999999940 0.000062698 -0.000032741 0.040012199 -0.000062712 0.999999821 -0.000450770 -0.066747867 0.000032713 0.000450772 0.999999881 1.965349555
0.999999881 0.000509915 0.000257412 0.037188306 -0.000509786 0.999999762 -0.000501863 -0.073727831 -0.000257668 0.000501732 0.999999881 2.176431417
1.000000000 -0.000004135 -0.000185509 0.049796127 0.000004087 0.999999881 -0.000255696 -0.080126762 0.000185510 0.000255695 0.999999881 2.393325090
0.999999940 0.000096269 -0.000124065 0.059244126 -0.000096311 0.999999881 -0.000335311 -0.086863689 0.000124033 0.000335323 0.999999940 2.606100321
0.999999940 -0.000165148 -0.000246838 0.062870808 0.000165069 0.999999821 -0.000320618 -0.094412223 0.000246891 0.000320577 0.999999940 2.842523098
0.999999940 0.000314937 0.000052768 0.057893079 -0.000314923 0.999999940 -0.000267368 -0.100740753 -0.000052852 0.000267351 0.999999940 3.080484867
1.000000000 0.000169372 0.000019796 0.062404577 -0.000169368 0.999999940 -0.000218763 -0.107726038 -0.000019833 0.000218760 0.999999940 3.318745852
0.999999940 0.000136469 0.000158367 0.068316802 -0.000136460 1.000000000 -0.000062690 -0.117550522 -0.000158376 0.000062668 1.000000000 3.559781313
1.000000000 -0.000201189 -0.000161905 0.082331739 0.000201228 1.000000000 0.000239935 -0.130344301 0.000161856 -0.000239968 0.999999881 3.816888809
1.000000000 -0.000235230 -0.000049194 0.079229124 0.000235237 0.999999940 0.000153276 -0.138169512 0.000049158 -0.000153288 1.000000000 4.075836658
0.999999821 0.000222399 0.000521941 0.077018008 -0.000222664 0.999999821 0.000507760 -0.146157086 -0.000521828 -0.000507876 0.999999702 4.327101231
0.999999881 0.000107743 0.000395817 0.082662009 -0.000108049 0.999999702 0.000773071 -0.154265076 -0.000395734 -0.000773114 0.999999642 4.580204964
0.999999881 0.000091842 0.000421482 0.089149788 -0.000092148 0.999999642 0.000726012 -0.157724380 -0.000421415 -0.000726050 0.999999642 4.847516060
0.999999940 -0.000133214 0.000340178 0.093734913 0.000132871 0.999999464 0.001008498 -0.170972437 -0.000340313 -0.001008453 0.999999464 5.110674381
0.999999821 -0.000441770 0.000239498 0.105281405 0.000441538 0.999999344 0.000964683 -0.178807423 -0.000239924 -0.000964577 0.999999583 5.375567436
0.999999821 -0.000029078 0.000564663 0.093047306 0.000028377 0.999999225 0.001242382 -0.198349804 -0.000564699 -0.001242366 0.999999046 5.620673656
0.999999881 -0.000041594 0.000436752 0.097511470 0.000041017 0.999999106 0.001320941 -0.205902606 -0.000436806 -0.001320922 0.999999046 5.900092602
0.999999642 -0.000744918 0.000350688 0.105731852 0.000744434 0.999998748 0.001380247 -0.217320055 -0.000351716 -0.001379985 0.999998987 6.167869568
0.999999762 0.000011712 0.000718087 0.108750552 -0.000012671 0.999999106 0.001335514 -0.220938072 -0.000718071 -0.001335523 0.999998868 6.466415405
0.999999583 0.000257279 0.000814818 0.111719385 -0.000258436 0.999998987 0.001419994 -0.242229387 -0.000814452 -0.001420204 0.999998689 6.745886326
0.999999583 0.000244092 0.000894019 0.117617205 -0.000245366 0.999998987 0.001424413 -0.249328613 -0.000893670 -0.001424632 0.999998629 7.045373917
0.999999583 0.000307899 0.000816319 0.129573449 -0.000309050 0.999998987 0.001409894 -0.260293990 -0.000815884 -0.001410146 0.999998689 7.323956966
0.999999523 0.000280164 0.000949744 0.134947106 -0.000281694 0.999998629 0.001610584 -0.269662052 -0.000949291 -0.001610850 0.999998331 7.629555225
0.999999404 0.000451538 0.000952163 0.138743237 -0.000453223 0.999998391 0.001769211 -0.285274595 -0.000951363 -0.001769641 0.999998033 7.958201885
0.999999404 0.000196933 0.001046013 0.143455759 -0.000198796 0.999998331 0.001780736 -0.287874639 -0.001045661 -0.001780943 0.999997854 8.276905060
0.999999642 -0.000314443 0.000745025 0.151259303 0.000313172 0.999998510 0.001706584 -0.304815471 -0.000745560 -0.001706350 0.999998212 8.607487679
0.999999404 0.000194183 0.001121471 0.155038416 -0.000196242 0.999998331 0.001836333 -0.311457813 -0.001121113 -0.001836552 0.999997735 8.946743011
0.999999583 0.000086453 0.000950830 0.161326542 -0.000088108 0.999998510 0.001740952 -0.322072297 -0.000950678 -0.001741035 0.999997973 9.275102615
0.999999225 0.000561347 0.001124506 0.171065748 -0.000563387 0.999998271 0.001814616 -0.335323513 -0.001123485 -0.001815247 0.999997735 9.622247696
0.999999344 0.000121548 0.001153845 0.178464130 -0.000123903 0.999997914 0.002041339 -0.346452832 -0.001153594 -0.002041481 0.999997258 9.965380669
0.999999404 -0.000363825 0.001093267 0.187154830 0.000361395 0.999997556 0.002221555 -0.360031903 -0.001094072 -0.002221158 0.999996960 10.325546265
0.999999225 0.000006948 0.001256197 0.194932982 -0.000009910 0.999997199 0.002358432 -0.369873106 -0.001256178 -0.002358442 0.999996364 10.683061600
0.999999404 0.000123710 0.001093362 0.201979548 -0.000126250 0.999997318 0.002323246 -0.381479472 -0.001093072 -0.002323382 0.999996722 11.039428711
0.999999404 0.000175117 0.001095203 0.212509781 -0.000177695 0.999997258 0.002353757 -0.391317040 -0.001094788 -0.002353950 0.999996662 11.416129112
0.999998748 0.000717428 0.001443709 0.215290934 -0.000720885 0.999996901 0.002395094 -0.401934117 -0.001441987 -0.002396132 0.999996126 11.806238174
0.999999106 0.000254064 0.001308215 0.224941939 -0.000257478 0.999996662 0.002609695 -0.415137142 -0.001307548 -0.002610029 0.999995768 12.179663658
0.999999106 0.000381267 0.001279406 0.238594711 -0.000384972 0.999995708 0.002896122 -0.433424890 -0.001278296 -0.002896612 0.999994993 12.549308777
0.999999225 0.000069198 0.001247317 0.245031923 -0.000072766 0.999995947 0.002860843 -0.443624169 -0.001247114 -0.002860932 0.999995112 12.955829620
0.999999642 -0.000283381 0.000703935 0.261720002 0.000281364 0.999995828 0.002865019 -0.463198245 -0.000704744 -0.002864820 0.999995649 13.338859558
0.999999046 0.000096574 0.001361021 0.264383018 -0.000100652 0.999995470 0.002996762 -0.466954440 -0.001360726 -0.002996896 0.999994576 13.760462761
0.999998868 0.000220935 0.001453744 0.281513274 -0.000226241 0.999993324 0.003650767 -0.485968322 -0.001452928 -0.003651093 0.999992311 14.158770561
0.999998808 0.000259802 0.001537711 0.286375642 -0.000265339 0.999993443 0.003601655 -0.513496757 -0.001536765 -0.003602058 0.999992311 14.569978714
0.999998391 -0.000541685 0.001694870 0.294035047 0.000535646 0.999993503 0.003561761 -0.521237135 -0.001696789 -0.003560847 0.999992192 14.997108459
0.999998271 -0.000596346 0.001776670 0.307434916 0.000589783 0.999993026 0.003692214 -0.538764238 -0.001778859 -0.003691159 0.999991596 15.433928490
0.999997258 -0.000228454 0.002378027 0.318331689 0.000218981 0.999992073 0.003982822 -0.551538646 -0.002378918 -0.003982291 0.999989212 15.873068810
0.999996662 -0.000215202 0.002566093 0.330717057 0.000204504 0.999991357 0.004168686 -0.563740313 -0.002566968 -0.004168147 0.999988019 16.319400787
0.999996364 -0.000548025 0.002644076 0.341254115 0.000537307 0.999991655 0.004052328 -0.576459944 -0.002646275 -0.004050892 0.999988317 16.761653900
0.999995470 -0.000323827 0.002975995 0.349734396 0.000310251 0.999989510 0.004561138 -0.602858543 -0.002977442 -0.004560194 0.999985158 17.216337204
0.999994040 -0.000359093 0.003437468 0.357618332 0.000343432 0.999989569 0.004555556 -0.612186730 -0.003439068 -0.004554348 0.999983668 17.685533524
0.999993682 -0.000758268 0.003479766 0.378424555 0.000742084 0.999988973 0.004649846 -0.626370609 -0.003483253 -0.004647234 0.999983191 18.144824982
0.999992430 -0.000476944 0.003847420 0.386035055 0.000458354 0.999988198 0.004831372 -0.641828835 -0.003849679 -0.004829573 0.999980867 18.604177475
0.999991953 -0.000275941 0.004024222 0.395201683 0.000256083 0.999987841 0.004934350 -0.654846549 -0.004025534 -0.004933281 0.999979734 19.070919037
0.999993324 -0.000462944 0.003619322 0.417619050 0.000445214 0.999987900 0.004897975 -0.664043665 -0.003621545 -0.004896332 0.999981403 19.564813614
0.999992847 -0.000005904 0.003788054 0.423988014 -0.000014192 0.999985993 0.005305069 -0.684706390 -0.003788033 -0.005305085 0.999978662 20.012460709
0.999993682 -0.000437272 0.003535020 0.444057584 0.000418217 0.999985397 0.005389420 -0.709610879 -0.003537324 -0.005387906 0.999979258 20.491613388
0.999994755 -0.000902475 0.003136639 0.454398513 0.000885325 0.999984682 0.005464880 -0.720964789 -0.003141523 -0.005462075 0.999980211 20.985948563
0.999996364 -0.001146730 0.002459156 0.470623642 0.001133839 0.999985695 0.005236885 -0.727058172 -0.002465126 -0.005234078 0.999983311 21.485706329
0.999997914 -0.001062589 0.001751058 0.475589991 0.001052397 0.999982595 0.005811354 -0.750455201 -0.001757203 -0.005809499 0.999981582 21.983209610
0.999997675 -0.000781207 0.001995864 0.484255046 0.000768526 0.999979496 0.006346512 -0.779196620 -0.002000781 -0.006344963 0.999977887 22.491090775
0.999998212 -0.000818162 0.001699598 0.495450646 0.000807708 0.999980867 0.006142805 -0.789669633 -0.001704591 -0.006141420 0.999979734 23.009481430
0.999997854 -0.002005805 0.000571975 0.517087638 0.002002310 0.999979675 0.006045758 -0.805136204 -0.000584090 -0.006044600 0.999981582 23.524501801
0.999996901 -0.002449780 0.000421751 0.504480541 0.002447004 0.999976277 0.006459942 -0.823008358 -0.000437567 -0.006458891 0.999979019 24.018186569
0.999999523 -0.001000547 0.000063007 0.514259517 0.001000140 0.999980450 0.006165508 -0.831040323 -0.000069174 -0.006165442 0.999980927 24.550584793
0.999998808 -0.001212004 -0.000935921 0.535114288 0.001217931 0.999979079 0.006357744 -0.838893533 0.000928195 -0.006358877 0.999979317 25.084150314
0.999998391 -0.001247890 -0.001389252 0.532227516 0.001257575 0.999974787 0.006992748 -0.862807870 0.001380491 -0.006994484 0.999974608 25.594476700
0.999998689 -0.000614434 -0.001523658 0.539143622 0.000624675 0.999977171 0.006730262 -0.871724367 0.001519488 -0.006731205 0.999976218 26.153903961
0.999995232 -0.002186825 -0.002193618 0.547098815 0.002203603 0.999968112 0.007675532 -0.886059701 0.002176763 -0.007680329 0.999968112 26.657669067
0.999994636 -0.001926533 -0.002678670 0.565094173 0.001947449 0.999967456 0.007827906 -0.905055046 0.002663503 -0.007833081 0.999965787 27.208171844
0.999994874 -0.001203005 -0.002974133 0.572279215 0.001226037 0.999969184 0.007754346 -0.917589068 0.002964714 -0.007757954 0.999965489 27.732934952
0.999994934 -0.000709641 -0.003093441 0.570324481 0.000734174 0.999968231 0.007936765 -0.929520011 0.003087711 -0.007938997 0.999963641 28.257476807
0.999992490 -0.000694425 -0.003813676 0.579401016 0.000724340 0.999968946 0.007848443 -0.942723632 0.003808107 -0.007851146 0.999961853 28.814697266
0.999991894 -0.000735534 -0.003963579 0.593088627 0.000766609 0.999968946 0.007844161 -0.953243732 0.003957687 -0.007847136 0.999961376 29.344808578
0.999992192 -0.001034627 -0.003840444 0.573825240 0.001066905 0.999963999 0.008412302 -0.986819983 0.003831602 -0.008416334 0.999957263 29.850801468
0.999990225 -0.001396224 -0.004218039 0.582607448 0.001432503 0.999961913 0.008610337 -0.998757839 0.004205856 -0.008616296 0.999954045 30.413747787
0.999990106 -0.000721696 -0.004376120 0.590015769 0.000758639 0.999964058 0.008446178 -1.010604978 0.004369868 -0.008449416 0.999954820 30.945224762
0.999989867 -0.000663542 -0.004441302 0.618871331 0.000698288 0.999969184 0.007826317 -1.023166060 0.004435971 -0.007829340 0.999959528 31.461429596
0.999988854 -0.001058822 -0.004627421 0.611958623 0.001100574 0.999958634 0.009029429 -1.056487560 0.004617670 -0.009034423 0.999948442 31.979213715
0.999986351 -0.001298720 -0.005079106 0.636162639 0.001344669 0.999958098 0.009053834 -1.066387296 0.005067135 -0.009060538 0.999946058 32.510139465
0.999985218 -0.001544526 -0.005216924 0.643943191 0.001592226 0.999956846 0.009151567 -1.082540274 0.005202565 -0.009159738 0.999944448 33.069934845
0.999987900 -0.000910822 -0.004836801 0.620436907 0.000954193 0.999959350 0.008972231 -1.086156368 0.004828432 -0.008976738 0.999947965 33.642662048
0.999983191 -0.001463924 -0.005611136 0.637197316 0.001518928 0.999950707 0.009811065 -1.120347738 0.005596497 -0.009819422 0.999936044 34.130840302
0.999979496 -0.002017210 -0.006067390 0.647517025 0.002076621 0.999949753 0.009801664 -1.128485203 0.006047313 -0.009814064 0.999933541 34.688209534
0.999978483 -0.002290699 -0.006159225 0.662898779 0.002353976 0.999944329 0.010286002 -1.143291473 0.006135320 -0.010300278 0.999928117 35.216388702
0.999977052 -0.002115745 -0.006438021 0.678547025 0.002178577 0.999949872 0.009768149 -1.147976279 0.006417031 -0.009781949 0.999931514 35.746688843
0.999982059 -0.001111261 -0.005900899 0.664957881 0.001168880 0.999951601 0.009769984 -1.163289785 0.005889757 -0.009776705 0.999934793 36.262180328
0.999978423 -0.001796998 -0.006310761 0.677100539 0.001862812 0.999943912 0.010438526 -1.192022204 0.006291648 -0.010450058 0.999925613 36.802974701
0.999975979 -0.002139630 -0.006596574 0.685847640 0.002207469 0.999944568 0.010293938 -1.200263977 0.006574183 -0.010308253 0.999925256 37.352203369
0.999971688 -0.002558504 -0.007072565 0.702002108 0.002630485 0.999944687 0.010186960 -1.204127550 0.007046110 -0.010205275 0.999923110 37.915542603
0.999974787 -0.001337655 -0.006980723 0.698450685 0.001406249 0.999950707 0.009830522 -1.222384453 0.006967230 -0.009840090 0.999927402 38.439449310
0.999974191 -0.001448426 -0.007034706 0.721217334 0.001517117 0.999951184 0.009768993 -1.232203603 0.007020213 -0.009779412 0.999927640 38.971916199
0.999971926 -0.002053210 -0.007203690 0.712147117 0.002131485 0.999938548 0.010875106 -1.270903707 0.007180918 -0.010890153 0.999914885 39.535343170
0.999972045 -0.001768004 -0.007270797 0.727547288 0.001847725 0.999938071 0.010972327 -1.286271691 0.007250948 -0.010985452 0.999913394 40.062232971
0.999972165 -0.002128069 -0.007145506 0.728179097 0.002204622 0.999940038 0.010722730 -1.293969393 0.007122259 -0.010738184 0.999917030 40.633735657
0.999973178 -0.001694281 -0.007121908 0.738585830 0.001770612 0.999940872 0.010725090 -1.299471617 0.007103316 -0.010737414 0.999917090 41.176345825
0.999969780 -0.001432699 -0.007643606 0.750588775 0.001510484 0.999947011 0.010180524 -1.302952409 0.007628615 -0.010191760 0.999918997 41.734870911
0.999965131 -0.002518589 -0.007963291 0.751005709 0.002605155 0.999937415 0.010878939 -1.322740197 0.007935394 -0.010899304 0.999909043 42.246845245
0.999967039 -0.002443969 -0.007744327 0.760153055 0.002528870 0.999936581 0.010972256 -1.332411766 0.007717022 -0.010991480 0.999909759 42.791343689
0.999967813 -0.002311982 -0.007692989 0.764774442 0.002393884 0.999940336 0.010654110 -1.343510032 0.007667900 -0.010672182 0.999913633 43.331745148
0.999970973 -0.001566230 -0.007464340 0.771566749 0.001642084 0.999946952 0.010166965 -1.347360849 0.007448020 -0.010178928 0.999920487 43.885501862
0.999968767 -0.001784529 -0.007703592 0.783742785 0.001862690 0.999946713 0.010150819 -1.349605799 0.007685067 -0.010164852 0.999918818 44.408287048
0.999961078 -0.002816915 -0.008372138 0.783920765 0.002910901 0.999932766 0.011235137 -1.383489609 0.008339927 -0.011259069 0.999901772 44.951572418
0.999959826 -0.002906256 -0.008479630 0.796673715 0.003003087 0.999930203 0.011428991 -1.392395496 0.008445822 -0.011453998 0.999898672 45.489559174
0.999953449 -0.003232901 -0.009086885 0.803796291 0.003331253 0.999935806 0.010829374 -1.390684605 0.009051289 -0.010859141 0.999900043 46.051856995
0.999963045 -0.002388614 -0.008256723 0.787293971 0.002474912 0.999942303 0.010457586 -1.397688031 0.008231268 -0.010477635 0.999911249 46.608692169
0.999963760 -0.002102348 -0.008242128 0.799457073 0.002196411 0.999932349 0.011420127 -1.431220293 0.008217561 -0.011437818 0.999900818 47.097007751
0.999964595 -0.001947639 -0.008186935 0.806469440 0.002040238 0.999933898 0.011317484 -1.438862562 0.008164351 -0.011333788 0.999902368 47.642127991
0.999963224 -0.002129045 -0.008305259 0.816883206 0.002223897 0.999932170 0.011428354 -1.452362061 0.008280364 -0.011446403 0.999900222 48.174423218
0.999965668 -0.001860628 -0.008074310 0.818169594 0.001946350 0.999941647 0.010621886 -1.446959019 0.008054074 -0.010637237 0.999910951 48.708515167
0.999964654 -0.001963285 -0.008172743 0.826912522 0.002057343 0.999931514 0.011516351 -1.471037149 0.008149574 -0.011532760 0.999900281 49.218330383
0.999964297 -0.001929263 -0.008224932 0.828162313 0.002025332 0.999929607 0.011687919 -1.478401780 0.008201806 -0.011704162 0.999897838 49.758380890
0.999965012 -0.001842160 -0.008154935 0.828499258 0.001933949 0.999934673 0.011262169 -1.482270002 0.008133656 -0.011277548 0.999903321 50.272487640
0.999963999 -0.001560485 -0.008339733 0.839364350 0.001653196 0.999936879 0.011121528 -1.490733027 0.008321851 -0.011134915 0.999903381 50.816085815
0.999964535 -0.001849109 -0.008207532 0.847847581 0.001943841 0.999931395 0.011549230 -1.501287937 0.008185613 -0.011564775 0.999899566 51.319076538
0.999966025 -0.001791749 -0.008046646 0.854774833 0.001882138 0.999935031 0.011239643 -1.508799791 0.008025984 -0.011254406 0.999904454 51.878540039
0.999964118 -0.001743262 -0.008287874 0.866664529 0.001837973 0.999932885 0.011433854 -1.516912699 0.008267386 -0.011448675 0.999900281 52.382640839
0.999964416 -0.001453718 -0.008319826 0.873909533 0.001547604 0.999935031 0.011289304 -1.527021170 0.008302873 -0.011301775 0.999901652 52.925724030
0.999959886 -0.002003349 -0.008728512 0.881802201 0.002099491 0.999937057 0.011019560 -1.538767576 0.008705887 -0.011037442 0.999901175 53.482360840
0.999963999 -0.001341655 -0.008381094 0.888322473 0.001436855 0.999934375 0.011363207 -1.547654510 0.008365299 -0.011374841 0.999900341 53.960842133
0.999967158 -0.001256767 -0.008001820 0.897807002 0.001341181 0.999943435 0.010552830 -1.537966847 0.007988103 -0.010563215 0.999912262 54.589439392
0.999962509 -0.001562947 -0.008518566 0.896282077 0.001658008 0.999936283 0.011163593 -1.565692186 0.008500576 -0.011177299 0.999901474 55.068141937
0.999964297 -0.001489455 -0.008321138 0.908179581 0.001582429 0.999936223 0.011177820 -1.569743156 0.008303961 -0.011190590 0.999902844 55.532325745
0.999967933 -0.001244393 -0.007910796 0.911371410 0.001332289 0.999937356 0.011115333 -1.580435753 0.007896468 -0.011125517 0.999906898 56.079212189
0.999965608 -0.001438153 -0.008170377 0.928912401 0.001527475 0.999938965 0.010936742 -1.591229439 0.008154152 -0.010948846 0.999906778 56.602523804
0.999969661 -0.000837823 -0.007740234 0.916986227 0.000922376 0.999939859 0.010926794 -1.604417801 0.007730613 -0.010933602 0.999910295 57.172843933
0.999964893 -0.001558627 -0.008230569 0.936659157 0.001648062 0.999939501 0.010870589 -1.606390715 0.008213128 -0.010883770 0.999906957 57.613170624
0.999963880 -0.001696204 -0.008326387 0.944464564 0.001789955 0.999934912 0.011265008 -1.619093537 0.008306738 -0.011279506 0.999901831 58.154415131
0.999960423 -0.001636776 -0.008746665 0.956329525 0.001733004 0.999937892 0.011005390 -1.631695032 0.008728108 -0.011020109 0.999901116 58.683490753
0.999960542 -0.001728704 -0.008719793 0.967835486 0.001828990 0.999932110 0.011506015 -1.638488770 0.008699312 -0.011521508 0.999895751 59.223583221
0.999964058 -0.001705118 -0.008308324 0.964231491 0.001794945 0.999939919 0.010816234 -1.633896828 0.008289382 -0.010830757 0.999906898 59.711692810
0.999968171 -0.000415709 -0.007979306 0.980732262 0.000494656 0.999950945 0.009894557 -1.617839813 0.007974801 -0.009898188 0.999919236 60.455104828
0.999967635 -0.001072954 -0.007976010 0.972207129 0.001159357 0.999940634 0.010836211 -1.645061731 0.007963909 -0.010845107 0.999909401 60.842090607
0.999961436 -0.002047688 -0.008548412 0.998215377 0.002139654 0.999939859 0.010762950 -1.663651228 0.008525858 -0.010780825 0.999905467 61.351745605
0.999964416 -0.001690759 -0.008267430 0.997995317 0.001778463 0.999942124 0.010612578 -1.679921031 0.008249007 -0.010626904 0.999909520 61.879432678
0.999961793 -0.002038684 -0.008498420 1.000914812 0.002126501 0.999944329 0.010337123 -1.679194689 0.008476871 -0.010354800 0.999910414 62.430484772
0.999962509 -0.001375566 -0.008562077 1.043228388 0.001463845 0.999945819 0.010312816 -1.673806310 0.008547426 -0.010324961 0.999910116 63.014747620
0.999965370 -0.001226900 -0.008228442 1.008454561 0.001314488 0.999942362 0.010647493 -1.703380942 0.008214904 -0.010657940 0.999909461 63.382934570
0.999967813 -0.000509367 -0.008006433 1.016839504 0.000591803 0.999946773 0.010297259 -1.707890511 0.008000762 -0.010301664 0.999914944 63.928005219
0.999967754 -0.000856748 -0.007981578 1.025953531 0.000936001 0.999950171 0.009931033 -1.716048121 0.007972674 -0.009938183 0.999918818 64.470039368
0.999966323 -0.001054124 -0.008137942 1.049744606 0.001137107 0.999947309 0.010199280 -1.738386273 0.008126764 -0.010208189 0.999914885 64.973953247
0.999960363 -0.002214500 -0.008626690 1.059835672 0.002302072 0.999945700 0.010154507 -1.734218359 0.008603736 -0.010173963 0.999911249 65.556983948
0.999969542 -0.000648472 -0.007776804 1.046795607 0.000731018 0.999943376 0.010616193 -1.753460646 0.007769479 -0.010621554 0.999913394 65.946418762
0.999968410 -0.000983081 -0.007893462 1.052601337 0.001067925 0.999941647 0.010751707 -1.755926609 0.007882431 -0.010759794 0.999911070 66.487220764
0.999969780 -0.000902202 -0.007713091 1.058304667 0.000984760 0.999942183 0.010706602 -1.770246983 0.007702984 -0.010713874 0.999912918 67.005187988
0.999972641 -0.000005575 -0.007394471 1.058034778 0.000082316 0.999946117 0.010377950 -1.783255100 0.007394014 -0.010378274 0.999918759 67.542846680
0.999970138 -0.000804710 -0.007681754 1.060246944 0.000882449 0.999948382 0.010121982 -1.779012203 0.007673214 -0.010128457 0.999919236 68.139427185
0.999970973 -0.000016567 -0.007616418 1.067303658 0.000095059 0.999946892 0.010305415 -1.800921321 0.007615843 -0.010305838 0.999917865 68.573303223
0.999968052 -0.000007603 -0.007993589 1.082523346 0.000089183 0.999947906 0.010205390 -1.812042952 0.007993095 -0.010205777 0.999915957 69.108612061
0.999971569 0.000581904 -0.007511253 1.086813450 -0.000503829 0.999945819 0.010392104 -1.817063808 0.007516893 -0.010388023 0.999917746 69.658699036
0.999969244 -0.000353693 -0.007843077 1.092661977 0.000434878 0.999946296 0.010351853 -1.824639797 0.007838994 -0.010354945 0.999915659 70.190856934
0.999969661 -0.000467869 -0.007773604 1.101219773 0.000543754 0.999952137 0.009762626 -1.820154071 0.007768666 -0.009766557 0.999922037 70.790344238
0.999972284 0.000391466 -0.007430735 1.087835789 -0.000313549 0.999944985 0.010484031 -1.858672380 0.007434430 -0.010481409 0.999917448 71.209190369
0.999975502 0.000677008 -0.006968357 1.086086035 -0.000603171 0.999943733 0.010592690 -1.864104509 0.006975135 -0.010588223 0.999919653 71.765640259
0.999973714 0.000686546 -0.007213812 1.095206141 -0.000608754 0.999941707 0.010780361 -1.875563145 0.007220793 -0.010775686 0.999915898 72.317481995
0.999975383 0.001469035 -0.006859599 1.096494317 -0.001394937 0.999940693 0.010794354 -1.891221404 0.006875049 -0.010784517 0.999918282 72.840698242
0.999975979 0.001065616 -0.006848554 1.105353355 -0.000995560 0.999947250 0.010224709 -1.893059969 0.006859088 -0.010217643 0.999924302 73.323989868
0.999976814 0.001619789 -0.006609864 1.108114004 -0.001553942 0.999949276 0.009954891 -1.902791023 0.006625654 -0.009944388 0.999928594 73.878494263
0.999977887 0.000682979 -0.006621211 1.126218081 -0.000614684 0.999946654 0.010311188 -1.920790434 0.006627901 -0.010306888 0.999924898 74.385604858
0.999977767 0.000566949 -0.006644743 1.131323814 -0.000498091 0.999946237 0.010359912 -1.926541328 0.006650259 -0.010356371 0.999924302 74.926979065
0.999978304 0.001111908 -0.006492357 1.128869653 -0.001049775 0.999953687 0.009565804 -1.925257206 0.006502693 -0.009558778 0.999933183 75.497200012
0.999976099 0.000562757 -0.006890345 1.155256987 -0.000491933 0.999947011 0.010276198 -1.940265894 0.006895764 -0.010272565 0.999923408 75.940864563
0.999976277 0.001307119 -0.006751209 1.156429291 -0.001236137 0.999944031 0.010507369 -1.951342344 0.006764565 -0.010498776 0.999921978 76.499992371
0.999976575 0.001055079 -0.006757711 1.169214249 -0.000987579 0.999949634 0.009984088 -1.954813004 0.006767905 -0.009977182 0.999927342 77.024856567
0.999978840 0.000633686 -0.006473940 1.170633793 -0.000567543 0.999947667 0.010213474 -1.961391330 0.006480074 -0.010209584 0.999926865 77.523155212
0.999981582 0.001525375 -0.005876157 1.176667929 -0.001469829 0.999954283 0.009445428 -1.954474926 0.005890297 -0.009436618 0.999938071 78.172302246
0.999978662 0.001089018 -0.006443325 1.183390617 -0.001026573 0.999952495 0.009686693 -1.978983879 0.006453569 -0.009679873 0.999932349 78.590850830
0.999981642 0.000794478 -0.005999488 1.188188434 -0.000736952 0.999953806 0.009584622 -1.982976079 0.006006825 -0.009580025 0.999935985 79.127250671
0.999987721 0.001046316 -0.004850084 1.197547555 -0.001002649 0.999959052 0.008997049 -1.987879992 0.004859300 -0.008992076 0.999947667 79.674591064
0.999993980 0.001349971 -0.003179053 1.201003075 -0.001320067 0.999955058 0.009390205 -2.003999233 0.003191587 -0.009385953 0.999950886 80.195587158
0.999997675 0.001537854 -0.001478974 1.216171026 -0.001523699 0.999953508 0.009524665 -2.007384777 0.001493553 -0.009522389 0.999953568 80.775382996
0.999997795 0.001073444 0.001755182 1.235021114 -0.001089682 0.999956310 0.009276341 -2.020859480 -0.001745147 -0.009278232 0.999955416 81.272895813
0.999984384 0.000715509 0.005526222 1.254059196 -0.000767070 0.999956131 0.009333778 -2.034494877 -0.005519302 -0.009337871 0.999941111 81.809494019
0.999960363 0.001111506 0.008823438 1.264256001 -0.001191044 0.999958634 0.009014267 -2.034039021 -0.008813053 -0.009024418 0.999920487 82.391639709
0.999908328 0.001078534 0.013493109 1.300949574 -0.001200451 0.999958515 0.009030654 -2.043028831 -0.013482812 -0.009046027 0.999868095 82.911117554
0.999800980 0.001621014 0.019883711 1.316616893 -0.001796485 0.999959588 0.008810184 -2.039071798 -0.019868625 -0.008844150 0.999763429 83.528083801
0.999679565 0.001172262 0.025281228 1.351934195 -0.001401969 0.999957979 0.009070278 -2.066038132 -0.025269523 -0.009102816 0.999639332 83.980514526
0.999524653 0.001071523 0.030809738 1.386029363 -0.001346716 0.999959350 0.008912650 -2.072631598 -0.030798934 -0.008949907 0.999485552 84.532310486
0.999245942 0.001161140 0.038808770 1.426188827 -0.001512675 0.999958098 0.009029951 -2.079091072 -0.038796667 -0.009081847 0.999205768 85.088432312
0.998928428 0.000231537 0.046279840 1.469531775 -0.000628890 0.999962986 0.008571496 -2.088864803 -0.046276137 -0.008591415 0.998891711 85.656311035
0.998573840 0.000559953 0.053383738 1.518247604 -0.001030347 0.999960899 0.008784438 -2.097909927 -0.053376727 -0.008826914 0.998535454 86.182083130
0.998059630 0.000842541 0.062259715 1.572578192 -0.001401327 0.999959111 0.008931976 -2.114779234 -0.062249634 -0.009001891 0.998019934 86.702346802
0.997363508 0.000867700 0.072562486 1.630184174 -0.001513441 0.999959707 0.008844597 -2.123713493 -0.072551869 -0.008931099 0.997324765 87.252609253
0.996724784 0.000598924 0.080867432 1.699398041 -0.001300922 0.999961913 0.008628445 -2.131060123 -0.080859192 -0.008705386 0.996687531 87.791603088
0.996007919 0.000637457 0.089261830 1.753780365 -0.001412229 0.999961853 0.008616894 -2.142766476 -0.089252919 -0.008708555 0.995971024 88.331031799
0.995016634 0.000765973 0.099705994 1.834755421 -0.001631797 0.999961734 0.008602506 -2.151122093 -0.099695578 -0.008722337 0.994979799 88.891227722
0.993880868 0.000692880 0.110454977 1.911732674 -0.001665731 0.999960542 0.008715638 -2.166701078 -0.110444590 -0.008846293 0.993842900 89.419593811
0.992820084 0.000457733 0.119616397 1.996185303 -0.001495241 0.999962032 0.008584023 -2.175463676 -0.119607925 -0.008701245 0.992783070 89.970062256
0.991427124 0.000359174 0.130659580 2.092589378 -0.001460215 0.999964118 0.008331088 -2.181784153 -0.130651906 -0.008450458 0.991392195 90.521255493
0.989753664 0.000817019 0.142784014 2.203846931 -0.002075639 0.999960423 0.008666119 -2.198096752 -0.142771304 -0.008873691 0.989715934 91.088645935
0.988206029 -0.000622538 0.153128266 2.306303024 -0.000624433 0.999966979 0.008095083 -2.194638491 -0.153128266 -0.008095230 0.988173127 91.629463196
0.986480296 0.000455003 0.163879052 2.422001839 -0.001836899 0.999963999 0.008280965 -2.214277029 -0.163869381 -0.008470039 0.986445665 92.185508728
0.984289408 -0.000440236 0.176561773 2.547958374 -0.001020167 0.999965966 0.008180489 -2.224353075 -0.176559359 -0.008232090 0.984255612 92.716674805
0.981952608 -0.000283744 0.189126819 2.668281555 -0.001304370 0.999964952 0.008272560 -2.231962681 -0.189122513 -0.008369954 0.981917739 93.259559631
0.979902029 -0.000438793 0.199478894 2.792654037 -0.001224351 0.999965429 0.008214013 -2.240990639 -0.199475631 -0.008293159 0.979867697 93.789649963
0.977237582 -0.000858817 0.212146148 2.934568405 -0.000905123 0.999965787 0.008217488 -2.254026890 -0.212145954 -0.008222456 0.977203369 94.312423706
0.974141181 -0.001071480 0.225937679 3.079885483 -0.000810831 0.999965727 0.008238139 -2.260057449 -0.225938767 -0.008208307 0.974106908 94.858558655
0.971396804 -0.000499823 0.237461358 3.229839325 -0.001544480 0.999963284 0.008422875 -2.279347181 -0.237456888 -0.008548709 0.971360445 95.371841431
0.968491793 -0.001502262 0.249040648 3.398183823 -0.000574858 0.999965608 0.008267546 -2.280696154 -0.249044508 -0.008150212 0.968457758 95.918418884
0.964769363 -0.001460860 0.263093054 3.563655853 -0.000777348 0.999964356 0.008402995 -2.292199135 -0.263095945 -0.008311466 0.964733899 96.437416077
0.961323738 -0.001521273 0.275416464 3.738836288 -0.000796956 0.999965131 0.008305071 -2.302740335 -0.275419503 -0.008203357 0.961289167 96.975967407
0.958028078 -0.001573807 0.286670119 3.938419342 -0.000762339 0.999967396 0.008037454 -2.301313877 -0.286673367 -0.007918646 0.957995653 97.577781677
0.953799963 -0.002358334 0.300433367 4.112762451 0.000070770 0.999970913 0.007624868 -2.298930883 -0.300442636 -0.007251335 0.953772366 98.100082397
0.949305177 -0.001985000 0.314349651 4.335382462 -0.000520394 0.999968767 0.007885966 -2.319125652 -0.314355493 -0.007649773 0.949274540 98.635475159
0.945465028 -0.002535100 0.325713724 4.534988403 -0.000125523 0.999966800 0.008147320 -2.330983162 -0.325723529 -0.007743889 0.945433438 99.151840210
0.940971553 -0.002704195 0.338474721 4.746704102 -0.000092096 0.999966025 0.008245113 -2.344300985 -0.338485509 -0.007789590 0.940939307 99.669120789
0.935814381 -0.002964783 0.352480739 4.963033676 0.000144451 0.999967754 0.008027411 -2.352578163 -0.352493197 -0.007461250 0.935784638 100.181007385
0.931199372 -0.003265576 0.364495546 5.192569733 0.000396193 0.999968350 0.007946702 -2.364895105 -0.364510000 -0.007255553 0.931171238 100.696983337
0.927056849 -0.004145283 0.374897629 5.414848328 0.001299702 0.999968410 0.007842819 -2.371961117 -0.374918342 -0.006783484 0.927033007 101.193763733
0.921410024 -0.003938146 0.388571769 5.649263382 0.001009575 0.999969602 0.007740639 -2.378218412 -0.388590425 -0.006740010 0.921385944 101.693885803
0.915821135 -0.004557942 0.401560396 5.882469177 0.001404467 0.999965787 0.008147079 -2.392599583 -0.401583880 -0.006897289 0.915796220 102.173416138
0.910744667 -0.005081594 0.412938654 6.136539459 0.001893467 0.999965131 0.008129423 -2.407600164 -0.412965596 -0.006621942 0.910722554 102.659606934
0.904386163 -0.005145541 0.426684022 6.394756317 0.001776052 0.999963999 0.008294476 -2.415374279 -0.426711291 -0.006743597 0.904362738 103.165557861
0.897579372 -0.005559132 0.440818042 6.660999298 0.002331914 0.999966323 0.007862354 -2.421546221 -0.440846950 -0.006029136 0.897562027 103.656974792
0.891635954 -0.006331412 0.452708632 6.933937073 0.002857533 0.999960959 0.008356999 -2.434386253 -0.452743918 -0.006157771 0.891619325 104.138916016
0.886044264 -0.006546021 0.463554382 7.203250885 0.003133372 0.999962032 0.008131659 -2.444043875 -0.463589996 -0.005752522 0.886031151 104.612251282
0.878817379 -0.007172758 0.477104336 7.486602783 0.003666219 0.999958992 0.008280215 -2.453536987 -0.477144152 -0.005527628 0.878807664 105.100601196
0.871878386 -0.007601150 0.489663452 7.772621155 0.004006945 0.999956787 0.008387910 -2.460549593 -0.489706039 -0.005351183 0.871871173 105.563995361
