1.000000000 0.000000000 0.000000000 0.000000000 0.000000000 1.000000000 0.000000000 0.000000000 0.000000000 0.000000000 1.000000000 0.000000000
1.000000000 0.000172945 0.000128202 -0.003304231 -0.000172928 1.000000000 -0.000131984 0.002955497 -0.000128225 0.000131962 1.000000000 0.004464567
1.000000000 0.000108599 0.000041422 -0.000039241 -0.000108597 1.000000000 -0.000064061 0.001782662 -0.000041429 0.000064057 1.000000000 0.004470818
0.999999940 0.000279036 0.000093503 -0.000049970 -0.000279033 0.999999940 -0.000030366 0.001499180 -0.000093512 0.000030340 1.000000000 -0.001500056
1.000000000 0.000185377 0.000001235 0.003194406 -0.000185377 1.000000000 -0.000012909 0.000922486 -0.000001238 0.000012909 1.000000000 -0.000615791
1.000000000 0.000037433 -0.000098165 0.003270925 -0.000037433 1.000000000 0.000002338 0.000029689 0.000098165 -0.000002335 1.000000000 0.000211061
1.000000000 0.000152071 0.000103221 -0.002631120 -0.000152062 1.000000000 -0.000083832 0.001728369 -0.000103233 0.000083816 1.000000000 -0.000097022
1.000000000 0.000051367 -0.000014606 0.000572985 -0.000051367 1.000000000 0.000020711 0.000839128 0.000014607 -0.000020711 1.000000000 -0.001751668
1.000000000 0.000096879 0.000176985 -0.005449829 -0.000096869 1.000000000 -0.000052787 0.001975926 -0.000176990 0.000052770 1.000000000 0.005367802
0.999999940 0.000261874 0.000218997 -0.004382197 -0.000261850 0.999999940 -0.000108929 0.000924857 -0.000219026 0.000108872 0.999999940 0.000367108
1.000000000 0.000185448 0.000062224 0.000550620 -0.000185450 1.000000000 0.000021318 0.000716425 -0.000062220 -0.000021330 1.000000000 -0.002507913
1.000000000 0.000109129 0.000150592 -0.003026832 -0.000109120 1.000000000 -0.000061653 0.001190545 -0.000150599 0.000061637 1.000000000 -0.002649502
1.000000000 0.000036358 0.000077758 -0.003217644 -0.000036358 1.000000000 -0.000005228 0.000490763 -0.000077758 0.000005225 1.000000000 -0.004898140
1.000000000 -0.000037211 0.000137136 -0.002476072 0.000037211 1.000000000 -0.000004314 -0.000580056 -0.000137136 0.000004319 1.000000000 0.000125925
1.000000000 0.000073699 0.000059335 -0.000180965 -0.000073697 1.000000000 -0.000034975 0.000240955 -0.000059338 0.000034971 1.000000000 -0.003086628
1.000000000 -0.000150333 -0.000099793 0.001957371 0.000150328 1.000000000 -0.000047490 0.000400554 0.000099800 0.000047475 1.000000000 -0.005476602
1.000000000 -0.000001328 0.000061765 -0.002695878 0.000001332 1.000000000 -0.000060036 0.000409111 -0.000061765 0.000060036 1.000000000 -0.002325612
1.000000000 0.000079418 0.000188723 -0.004035463 -0.000079437 1.000000000 0.000099645 -0.002025417 -0.000188715 -0.000099660 1.000000000 -0.003596054
1.000000000 0.000105474 0.000023663 0.000294495 -0.000105475 1.000000000 0.000052125 0.000761893 -0.000023658 -0.000052128 1.000000000 -0.005704813
1.000000000 -0.000095644 0.000004192 -0.000974046 0.000095644 1.000000000 0.000031460 -0.001172885 -0.000004195 -0.000031460 1.000000000 -0.007186907
1.000000000 0.000053192 0.000066823 -0.000775814 -0.000053192 1.000000000 0.000009017 -0.000259738 -0.000066822 -0.000009021 1.000000000 -0.006891410
1.000000000 -0.000093389 0.000038561 -0.000240367 0.000093387 1.000000000 0.000060608 -0.001774213 -0.000038566 -0.000060605 1.000000000 -0.004517761
1.000000000 0.000153984 0.000119014 -0.003289832 -0.000153980 1.000000000 -0.000037407 0.000303674 -0.000119020 0.000037389 1.000000000 0.000392490
1.000000000 -0.000009853 -0.000031549 0.001288901 0.000009852 1.000000000 -0.000026524 -0.000023030 0.000031549 0.000026523 1.000000000 -0.001352087
1.000000000 -0.000002430 0.000069533 -0.002846061 0.000002425 1.000000000 0.000072231 0.000399427 -0.000069533 -0.000072231 1.000000000 -0.000570984
1.000000000 -0.000000103 -0.000092156 0.003748541 0.000000096 1.000000000 -0.000075748 0.001766833 0.000092156 0.000075748 1.000000000 -0.006776985
1.000000000 -0.000036293 0.000071117 -0.002921877 0.000036301 1.000000000 -0.000110059 0.002594557 -0.000071113 0.000110062 1.000000000 0.000189804
0.999999940 0.000295395 0.000174543 -0.004715267 -0.000295373 0.999999940 -0.000122007 0.002083227 -0.000174579 0.000121956 1.000000000 -0.000662811
1.000000000 0.000053866 0.000098698 -0.003020393 -0.000053867 1.000000000 0.000014273 0.000929325 -0.000098698 -0.000014278 1.000000000 0.000282215
1.000000000 -0.000038005 0.000007713 -0.003722934 0.000038006 1.000000000 -0.000036171 0.002893463 -0.000007711 0.000036172 1.000000000 -0.001420535
1.000000000 0.000058395 0.000084562 -0.003856434 -0.000058392 1.000000000 -0.000037544 0.001336737 -0.000084564 0.000037539 1.000000000 -0.000161651
1.000000000 -0.000036194 0.000082489 -0.003441714 0.000036184 1.000000000 0.000123481 0.000314215 -0.000082493 -0.000123478 1.000000000 0.002475939
1.000000000 -0.000112060 0.000061247 -0.003973350 0.000112058 1.000000000 0.000032848 0.000085445 -0.000061250 -0.000032841 1.000000000 -0.004564895
1.000000000 -0.000089461 -0.000010565 -0.001854452 0.000089462 1.000000000 0.000052944 0.000205916 0.000010560 -0.000052945 1.000000000 -0.006461269
0.999999940 0.000261415 0.000176061 -0.004605346 -0.000261412 0.999999940 -0.000016678 0.000925084 -0.000176065 0.000016632 1.000000000 -0.001526255
1.000000000 0.000053507 0.000169560 -0.004305013 -0.000053502 1.000000000 -0.000028838 0.001364889 -0.000169562 0.000028829 1.000000000 0.000231980
1.000000000 0.000062741 0.000099949 -0.006293889 -0.000062736 1.000000000 -0.000056496 0.002769851 -0.000099952 0.000056490 1.000000000 0.001553120
1.000000000 0.000107011 0.000073351 -0.004164517 -0.000107004 1.000000000 -0.000089131 0.002412345 -0.000073361 0.000089124 1.000000000 -0.001315963
1.000000000 -0.000107697 0.000053710 -0.003065627 0.000107695 1.000000000 0.000036420 0.001172514 -0.000053714 -0.000036414 1.000000000 0.000866528
1.000000000 -0.000074491 0.000003274 -0.000310402 0.000074490 1.000000000 0.000096849 -0.000358992 -0.000003282 -0.000096849 1.000000000 -0.006376372
1.000000000 -0.000215388 -0.000039065 -0.002654781 0.000215389 1.000000000 0.000025928 -0.000766768 0.000039059 -0.000025936 1.000000000 -0.000976902
1.000000000 0.000107773 0.000095439 0.002009410 -0.000107723 0.999999881 -0.000526385 -0.005098378 -0.000095496 0.000526375 0.999999881 0.051335152
1.000000000 0.000027192 0.000025474 0.001654300 -0.000027160 0.999999225 -0.001260798 -0.003588869 -0.000025508 0.001260797 0.999999225 0.147111371
1.000000000 -0.000041747 -0.000061182 0.004815110 0.000041653 0.999998808 -0.001541217 -0.010117225 0.000061246 0.001541214 0.999998808 0.261395037
1.000000000 -0.000023355 0.000076423 0.002293587 0.000023461 0.999999046 -0.001392946 -0.016243920 -0.000076391 0.001392948 0.999999046 0.391678154
1.000000000 0.000015861 -0.000100646 0.005165586 -0.000015973 0.999999404 -0.001109592 -0.020527875 0.000100628 0.001109594 0.999999404 0.533655941
0.999999940 -0.000108992 -0.000228984 0.017388059 0.000108772 0.999999523 -0.000960038 -0.028505791 0.000229089 0.000960013 0.999999523 0.691245496
0.999999881 -0.000475873 -0.000182713 0.022170903 0.000475771 0.999999762 -0.000555824 -0.032633755 0.000182978 0.000555737 0.999999821 0.850002229
0.999999881 -0.000242610 -0.000462414 0.029611772 0.000242339 0.999999821 -0.000584047 -0.038512636 0.000462556 0.000583935 0.999999702 1.036874175
1.000000000 -0.000002623 0.000059149 0.017017636 0.000002656 0.999999821 -0.000562528 -0.045527641 -0.000059147 0.000562528 0.999999821 1.209922910
0.999999762 -0.000587293 -0.000373628 0.039383225 0.000587124 0.999999702 -0.000451957 -0.049923796 0.000373893 0.000451738 0.999999821 1.421648026
0.999999404 -0.000634995 -0.000855401 0.045908365 0.000634968 0.999999821 -0.000032795 -0.061248939 0.000855422 0.000032251 0.999999642 1.607267857
0.999999881 0.000053690 0.000326301 0.029590938 -0.000053570 0.999999881 -0.000367843 -0.068430245 -0.000326320 0.000367826 0.999999881 1.805089474
0.999999821 -0.000070523 0.000456262 0.040342450 0.000070560 1.000000000 -0.000080472 -0.078908592 -0.000456256 0.000080504 0.999999940 2.005925417
0.999999821 0.000259274 0.000377664 0.035961505 -0.000259233 0.999999881 -0.000108284 -0.086772963 -0.000377693 0.000108186 0.999999940 2.223781586
0.999999881 0.000220673 0.000421658 0.044356748 -0.000220649 0.999999940 -0.000057000 -0.094632514 -0.000421670 0.000056907 0.999999881 2.448759317
0.999999881 0.000544586 0.000232061 0.053872876 -0.000544596 0.999999821 0.000044587 -0.097077973 -0.000232037 -0.000044714 0.999999940 2.681195974
0.999999404 0.000610579 0.000896267 0.053624734 -0.000610904 0.999999702 0.000362257 -0.106699429 -0.000896045 -0.000362805 0.999999583 2.910219908
0.999999821 -0.000036788 0.000461191 0.056743212 0.000036683 0.999999940 0.000227660 -0.117238313 -0.000461199 -0.000227643 0.999999881 3.141280890
0.999999642 0.000306780 0.000742418 0.056485403 -0.000306854 0.999999940 0.000098810 -0.122652359 -0.000742387 -0.000099038 0.999999702 3.396374702
0.999999702 0.000135532 0.000673746 0.064916827 -0.000135698 0.999999940 0.000247004 -0.129848629 -0.000673712 -0.000247095 0.999999702 3.645224333
0.999999404 0.000972683 0.000457659 0.071988948 -0.000972758 0.999999523 0.000163852 -0.138069600 -0.000457499 -0.000164297 0.999999821 3.874084234
0.999999642 -0.000302923 0.000751110 0.068959542 0.000302233 0.999999523 0.000919047 -0.160632074 -0.000751388 -0.000918820 0.999999285 4.148118496
0.999999523 -0.000151051 0.000938123 0.069057859 0.000149864 0.999999166 0.001265096 -0.169128388 -0.000938313 -0.001264955 0.999998748 4.400228977
0.999999702 0.000133726 0.000757665 0.080690302 -0.000134466 0.999999523 0.000976573 -0.175407633 -0.000757534 -0.000976674 0.999999225 4.670538425
0.999999464 -0.000143472 0.001000445 0.081131041 0.000142124 0.999999225 0.001347445 -0.193796471 -0.001000638 -0.001347302 0.999998569 4.919785976
0.999999225 0.000102148 0.001265405 0.080541044 -0.000103844 0.999999166 0.001339985 -0.203790694 -0.001265267 -0.001340116 0.999998331 5.175426960
0.999999702 -0.000247649 0.000706925 0.089323431 0.000246553 0.999998748 0.001550160 -0.213296801 -0.000707308 -0.001549985 0.999998450 5.452825546
0.999999225 -0.000736692 0.001012729 0.091418341 0.000735060 0.999998510 0.001611193 -0.218415231 -0.001013914 -0.001610448 0.999998152 5.717195511
0.999999106 0.000478549 0.001176007 0.094515391 -0.000480251 0.999998748 0.001447410 -0.229189411 -0.001175313 -0.001447974 0.999998271 5.985400200
0.999998927 0.000240661 0.001410682 0.094482154 -0.000242773 0.999998808 0.001497468 -0.240940750 -0.001410320 -0.001497808 0.999997854 6.253989697
0.999997795 0.001201608 0.001693766 0.101557821 -0.001203964 0.999998271 0.001390387 -0.244220078 -0.001692093 -0.001392423 0.999997616 6.544024944
0.999998391 0.000672231 0.001570904 0.107421689 -0.000674295 0.999998808 0.001313611 -0.250296533 -0.001570020 -0.001314668 0.999997914 6.837973118
0.999999225 0.000345008 0.001293246 0.124987908 -0.000347216 0.999998510 0.001707608 -0.272616386 -0.001292655 -0.001708055 0.999997735 7.137524128
0.999999404 0.000339555 0.001050233 0.139747933 -0.000341296 0.999998569 0.001657596 -0.284249038 -0.001049668 -0.001657953 0.999998152 7.440292835
0.999999046 0.000367157 0.001328522 0.144108340 -0.000369592 0.999998212 0.001833359 -0.297580481 -0.001327847 -0.001833848 0.999997437 7.749382973
0.999998152 0.000714087 0.001797930 0.145736232 -0.000717934 0.999997497 0.002140232 -0.302667558 -0.001796397 -0.002141519 0.999996126 8.076698303
0.999999225 0.000185248 0.001204143 0.150381625 -0.000187871 0.999997556 0.002178354 -0.316291660 -0.001203736 -0.002178579 0.999996901 8.380399704
0.999999404 0.000014191 0.001123156 0.162057132 -0.000016743 0.999997437 0.002271431 -0.326270968 -0.001123121 -0.002271449 0.999996781 8.704216957
0.999999225 -0.000549879 0.001100132 0.166185066 0.000547279 0.999997020 0.002361776 -0.333486378 -0.001101427 -0.002361172 0.999996543 9.050164223
0.999998927 -0.000369297 0.001456814 0.171581760 0.000365491 0.999996543 0.002611563 -0.345525891 -0.001457773 -0.002611028 0.999995470 9.386794090
0.999998331 0.000354226 0.001788071 0.171142280 -0.000358870 0.999996483 0.002597362 -0.360910624 -0.001787144 -0.002597999 0.999995053 9.702315331
0.999998271 0.000743007 0.001705841 0.181340382 -0.000747496 0.999996185 0.002631955 -0.373098373 -0.001703879 -0.002633226 0.999995112 10.046972275
0.999997497 0.000836516 0.002077951 0.175879359 -0.000842248 0.999995828 0.002759151 -0.383559167 -0.002075634 -0.002760894 0.999994040 10.420992851
0.999995589 0.001088379 0.002792536 0.172586858 -0.001097734 0.999993801 0.003350616 -0.396141768 -0.002788872 -0.003353667 0.999990463 10.772861481
0.999998271 0.000578870 0.001767443 0.206018016 -0.000583359 0.999996603 0.002540065 -0.402410358 -0.001765967 -0.002541092 0.999995172 11.131818771
0.999997139 0.000957367 0.002159246 0.206850648 -0.000962852 0.999996305 0.002540499 -0.414266050 -0.002156806 -0.002542572 0.999994457 11.525567055
0.999997079 0.001086492 0.002166620 0.221292168 -0.001092359 0.999995768 0.002708959 -0.421486199 -0.002163668 -0.002711318 0.999993980 11.894213676
0.999996185 0.001405709 0.002360777 0.225014269 -0.001412121 0.999995351 0.002716555 -0.429704219 -0.002356948 -0.002719879 0.999993503 12.253714561
0.999997675 -0.000226606 0.002157140 0.236570150 0.000220419 0.999995887 0.002867889 -0.459282219 -0.002157781 -0.002867407 0.999993563 12.625023842
0.999998033 -0.000258466 0.002003214 0.249200255 0.000252620 0.999995768 0.002918106 -0.468121976 -0.002003959 -0.002917594 0.999993742 13.026634216
0.999997556 -0.000028935 0.002214722 0.264686137 0.000022026 0.999995172 0.003119685 -0.482614279 -0.002214801 -0.003119629 0.999992669 13.430972099
0.999996722 0.000100781 0.002560610 0.276430011 -0.000107669 0.999996424 0.002689877 -0.475832850 -0.002560330 -0.002690144 0.999993086 13.870133400
0.999996424 -0.000250928 0.002712680 0.269836128 0.000241823 0.999994338 0.003356417 -0.510976374 -0.002713507 -0.003355749 0.999990702 14.210886955
0.999996781 -0.000299818 0.002511432 0.282203734 0.000291177 0.999994040 0.003439986 -0.530693293 -0.002512448 -0.003439244 0.999990940 14.628701210
0.999993801 0.000359566 0.003497658 0.285423368 -0.000373546 0.999991894 0.003997353 -0.538482785 -0.003496193 -0.003998635 0.999985933 15.075555801
0.999992728 0.000241167 0.003818490 0.291763395 -0.000257133 0.999991298 0.004181535 -0.554887772 -0.003817448 -0.004182486 0.999984026 15.469384193
0.999993682 -0.001028388 0.003406622 0.322488040 0.001014140 0.999990761 0.004181806 -0.589205563 -0.003410890 -0.004178324 0.999985456 15.878678322
0.999993324 -0.001002366 0.003505017 0.338328421 0.000988251 0.999991357 0.004026773 -0.597417712 -0.003509023 -0.004023283 0.999985754 16.328502655
0.999993324 -0.000995147 0.003522513 0.348698318 0.000980787 0.999991238 0.004075878 -0.602818668 -0.003526538 -0.004072397 0.999985456 16.779804230
0.999988794 0.000280951 0.004747621 0.359648615 -0.000297805 0.999993622 0.003549634 -0.599917293 -0.004746594 -0.003551008 0.999982417 17.261899948
0.999988377 -0.000302886 0.004803480 0.353892326 0.000281916 0.999990404 0.004365543 -0.635470212 -0.004804755 -0.004364139 0.999978900 17.652215958
0.999984562 0.000120950 0.005549919 0.362237036 -0.000144676 0.999990821 0.004274801 -0.646884263 -0.005549351 -0.004275538 0.999975443 18.123819351
0.999983549 -0.000732783 0.005704271 0.376322567 0.000708297 0.999990463 0.004293402 -0.656430244 -0.005707363 -0.004289290 0.999974608 18.589647293
0.999983788 -0.000012194 0.005690957 0.394609898 -0.000015348 0.999988317 0.004839586 -0.678498149 -0.005690948 -0.004839594 0.999972105 19.049989700
0.999985039 -0.000445577 0.005458193 0.413406879 0.000420366 0.999989271 0.004619269 -0.688400030 -0.005460192 -0.004616905 0.999974430 19.527194977
0.999982297 0.000383078 0.005923977 0.428680569 -0.000412825 0.999987364 0.005020965 -0.709434867 -0.005921978 -0.005023321 0.999969780 19.989566803
0.999983490 0.000064641 0.005737854 0.426066905 -0.000095131 0.999985874 0.005313653 -0.728046060 -0.005737429 -0.005314110 0.999969423 20.472064972
0.999984443 -0.000127337 0.005566848 0.442053378 0.000094622 0.999982715 0.005876610 -0.745521009 -0.005567500 -0.005875992 0.999967217 20.970525742
0.999987364 0.000239344 0.005015581 0.446534455 -0.000268891 0.999982595 0.005891124 -0.764974773 -0.005014083 -0.005892399 0.999970019 21.455808640
0.999991059 0.000005794 0.004214030 0.464790583 -0.000029566 0.999984086 0.005640903 -0.776303709 -0.004213931 -0.005640978 0.999975204 21.976058960
0.999992549 -0.000255514 0.003852587 0.476027042 0.000232644 0.999982297 0.005935560 -0.794924080 -0.003854036 -0.005934620 0.999974966 22.487152100
0.999992430 0.000318988 0.003909807 0.469069958 -0.000341316 0.999983728 0.005711456 -0.800152421 -0.003907922 -0.005712747 0.999976039 22.942239761
0.999994159 0.000452046 0.003402631 0.481674641 -0.000470820 0.999984562 0.005518858 -0.814260244 -0.003400085 -0.005520426 0.999979019 23.491218567
0.999995947 -0.000625177 0.002781251 0.488164961 0.000609662 0.999984264 0.005575585 -0.827873409 -0.002784693 -0.005573867 0.999980569 23.963916779
0.999997675 -0.000053470 0.002164022 0.498277098 0.000040781 0.999982834 0.005863357 -0.840415776 -0.002164298 -0.005863254 0.999980450 24.488077164
0.999998987 0.000426216 0.001324556 0.517746985 -0.000434337 0.999981046 0.006136660 -0.855938435 -0.001321915 -0.006137230 0.999980330 25.023050308
0.999999762 0.000074550 0.000681468 0.525068462 -0.000078547 0.999982774 0.005867271 -0.860788047 -0.000681019 -0.005867324 0.999982536 25.551309586
0.999999762 -0.000515729 0.000527564 0.537112117 0.000512711 0.999983609 0.005706606 -0.871967614 -0.000530498 -0.005706335 0.999983549 26.099248886
0.999999881 -0.000357178 0.000180381 0.545291424 0.000355998 0.999978840 0.006498587 -0.887114525 -0.000182699 -0.006498523 0.999978840 26.629928589
1.000000000 -0.000180831 -0.000119207 0.556675613 0.000181624 0.999977589 0.006692792 -0.906434596 0.000117994 -0.006692813 0.999977589 27.167329788
0.999998927 0.001503258 0.000005459 0.570608139 -0.001503262 0.999977529 0.006530133 -0.923016131 0.000004357 -0.006530134 0.999978602 27.710666656
0.999999464 0.000464367 -0.000895719 0.572928190 -0.000458467 0.999978244 0.006575890 -0.928576410 0.000898753 -0.006575476 0.999978006 28.220947266
0.999999285 0.000587707 -0.000979934 0.586823285 -0.000580650 0.999974012 0.007186108 -0.947283387 0.000984132 -0.007185534 0.999973714 28.771869659
0.999998152 0.001852954 -0.000530491 0.576336265 -0.001849804 0.999980927 0.005878317 -0.947286010 0.000541373 -0.005877325 0.999982595 29.352966309
0.999997556 0.000534301 -0.002144810 0.610235393 -0.000519944 0.999977469 0.006689023 -0.965732396 0.002148336 -0.006687891 0.999975324 29.855447769
0.999998033 0.000679421 -0.001871769 0.620712101 -0.000665419 0.999971926 0.007471275 -0.985564351 0.001876792 -0.007470015 0.999970376 30.402498245
0.999996841 0.000356606 -0.002499894 0.628678560 -0.000338471 0.999973655 0.007250931 -1.005468369 0.002502413 -0.007250062 0.999970615 30.921440125
0.999995649 0.000794587 -0.002861357 0.642723978 -0.000772983 0.999971271 0.007543519 -1.023504376 0.002867269 -0.007541274 0.999967456 31.467958450
0.999995649 0.000605889 -0.002895735 0.675795078 -0.000585225 0.999974430 0.007131675 -1.046951652 0.002899982 -0.007129948 0.999970436 31.992835999
0.999994755 0.000414121 -0.003207449 0.662303269 -0.000391590 0.999975204 0.007021776 -1.037771106 0.003210278 -0.007020485 0.999970198 32.506935120
0.999996364 0.001429140 -0.002274069 0.649637341 -0.001413801 0.999976337 0.006732473 -1.048790812 0.002283637 -0.006729234 0.999974728 33.059593201
0.999993324 0.000649018 -0.003588425 0.675983429 -0.000623052 0.999973595 0.007232577 -1.074458838 0.003593024 -0.007230293 0.999967337 33.559841156
0.999991655 0.001225208 -0.003888481 0.687184393 -0.001194357 0.999967873 0.007926316 -1.092347860 0.003898067 -0.007921606 0.999960959 34.097820282
0.999992609 0.001149413 -0.003648041 0.680149257 -0.001123191 0.999973595 0.007181964 -1.097737670 0.003656199 -0.007177815 0.999967575 34.614997864
0.999991179 0.000298672 -0.004195625 0.705865085 -0.000267310 0.999972045 0.007473642 -1.120118856 0.004197740 -0.007472455 0.999963284 35.187805176
0.999991477 -0.000045601 -0.004153805 0.702937126 0.000077313 0.999970913 0.007634581 -1.138313532 0.004153336 -0.007634836 0.999962270 35.743114471
0.999991477 0.001654520 -0.003783301 0.711783409 -0.001628726 0.999975502 0.006810543 -1.139322758 0.003794477 -0.006804323 0.999969661 36.270404816
0.999991775 0.000708321 -0.003986164 0.712518513 -0.000677904 0.999970675 0.007626710 -1.159718752 0.003991449 -0.007623945 0.999962986 36.762569427
0.999989927 0.000252211 -0.004477484 0.727389455 -0.000219830 0.999973834 0.007230797 -1.167603970 0.004479191 -0.007229740 0.999963880 37.317905426
0.999987304 0.000927681 -0.004939327 0.767003298 -0.000894058 0.999976397 0.006804963 -1.165115595 0.004945523 -0.006800461 0.999964595 37.916881561
0.999987543 0.000079790 -0.004980208 0.750792146 -0.000044475 0.999974787 0.007090790 -1.184981823 0.004980650 -0.007090481 0.999962509 38.427963257
0.999988973 0.000182500 -0.004692988 0.753706336 -0.000146127 0.999969959 0.007749633 -1.213166475 0.004694262 -0.007748863 0.999958932 38.913253784
0.999989629 0.000110313 -0.004552370 0.774955034 -0.000071012 0.999962747 0.008632480 -1.243543625 0.004553153 -0.008632068 0.999952376 39.430221558
0.999987721 -0.000918955 -0.004875843 0.801031232 0.000962645 0.999959409 0.008965688 -1.264209032 0.004867406 -0.008970272 0.999947906 39.988750458
0.999987125 0.000466378 -0.005059280 0.796954513 -0.000430546 0.999974906 0.007081358 -1.238425016 0.005062455 -0.007079087 0.999962091 40.520862579
0.999986231 0.000409894 -0.005229997 0.826475859 -0.000364893 0.999962926 0.008602348 -1.285814285 0.005233329 -0.008600323 0.999949336 41.042438507
0.999983370 -0.000368275 -0.005759638 0.837695181 0.000419009 0.999961138 0.008809868 -1.294641852 0.005756169 -0.008812134 0.999944627 41.600341797
0.999985814 0.000285318 -0.005310296 0.837467313 -0.000237778 0.999959886 0.008950857 -1.315741658 0.005312636 -0.008949469 0.999945819 42.107738495
0.999984026 -0.000192330 -0.005630662 0.850163460 0.000243785 0.999958158 0.009139227 -1.322148204 0.005628669 -0.009140455 0.999942362 42.642261505
0.999985695 0.000481761 -0.005326731 0.851982415 -0.000434515 0.999960542 0.008867053 -1.339306951 0.005330792 -0.008864609 0.999946475 43.173110962
0.999986529 0.000470785 -0.005153268 0.855331540 -0.000425149 0.999960721 0.008853356 -1.350835085 0.005157234 -0.008851047 0.999947548 43.701847076
0.999985754 0.000524852 -0.005313086 0.870050192 -0.000479375 0.999963284 0.008557251 -1.355045557 0.005317382 -0.008554582 0.999949217 44.240333557
0.999984920 0.000064188 -0.005490294 0.890761793 -0.000018791 0.999965847 0.008268249 -1.367103815 0.005490636 -0.008268021 0.999950767 44.794933319
0.999986053 0.000002982 -0.005288529 0.903094649 0.000043162 0.999961972 0.008725159 -1.382482886 0.005288354 -0.008725266 0.999947906 45.283935547
0.999986172 0.000259602 -0.005244233 0.898270488 -0.000215116 0.999963999 0.008481734 -1.394273043 0.005246245 -0.008480487 0.999950290 45.842254639
0.999985099 0.000778975 -0.005400584 0.919288695 -0.000728548 0.999956191 0.009332988 -1.422458887 0.005407617 -0.009328916 0.999941885 46.365615845
0.999984503 0.000588330 -0.005554623 0.926210284 -0.000540079 0.999962151 0.008684034 -1.416778088 0.005559521 -0.008680898 0.999946892 46.937797546
0.999985814 0.000594106 -0.005294150 0.921544731 -0.000549750 0.999964774 0.008375905 -1.426411629 0.005298940 -0.008372879 0.999950886 47.446006775
0.999985099 0.000433139 -0.005435327 0.936246037 -0.000386892 0.999963760 0.008506723 -1.441167235 0.005438814 -0.008504495 0.999948978 47.990322113
0.999983907 -0.000215869 -0.005679454 0.944837987 0.000268468 0.999957144 0.009262172 -1.460855484 0.005677210 -0.009263547 0.999940932 48.529525757
0.999983370 0.000643096 -0.005732861 0.958457053 -0.000588258 0.999954104 0.009562172 -1.473178864 0.005738749 -0.009558642 0.999937832 49.082221985
0.999986053 0.000860388 -0.005200136 0.953485847 -0.000812997 0.999958158 0.009108650 -1.479994297 0.005207757 -0.009104296 0.999944985 49.567687988
0.999985397 0.000485039 -0.005384036 0.963089705 -0.000437918 0.999961615 0.008749813 -1.491793036 0.005388075 -0.008747327 0.999947190 50.110794067
0.999985993 0.001319385 -0.005122878 0.967094481 -0.001272362 0.999957085 0.009171562 -1.502570152 0.005134760 -0.009164915 0.999944746 50.614780426
0.999986053 0.000770490 -0.005211746 0.964565158 -0.000722892 0.999958038 0.009128598 -1.516296387 0.005218561 -0.009124703 0.999944746 51.165218353
0.999987900 0.000969822 -0.004826161 0.964455307 -0.000926800 0.999959826 0.008908550 -1.525029778 0.004834608 -0.008903971 0.999948621 51.683086395
0.999986589 0.001240466 -0.005012415 0.995279312 -0.001195308 0.999958754 0.009002234 -1.533805013 0.005023376 -0.008996123 0.999946833 52.213897705
0.999985814 0.000856693 -0.005246384 1.005399466 -0.000812158 0.999963641 0.008485028 -1.539820910 0.005253462 -0.008480648 0.999950111 52.757198334
0.999987304 0.001436754 -0.004813227 0.996456027 -0.001394891 0.999961197 0.008689571 -1.561363339 0.004825525 -0.008682748 0.999950707 53.252841949
0.999987006 0.001521037 -0.004859242 1.003753901 -0.001476060 0.999956131 0.009246258 -1.575902820 0.004873094 -0.009238965 0.999945462 53.784336090
0.999985874 0.001504763 -0.005090158 1.008931875 -0.001461531 0.999962926 0.008486348 -1.582100630 0.005102739 -0.008478789 0.999951065 54.344097137
0.999987364 0.001270812 -0.004854108 1.012180924 -0.001228936 0.999962151 0.008620209 -1.593681097 0.004864878 -0.008614135 0.999951065 54.875038147
0.999989033 0.001764693 -0.004345363 1.027884245 -0.001728777 0.999964476 0.008255409 -1.591117024 0.004359777 -0.008247807 0.999956489 55.409416199
0.999988317 0.001789983 -0.004474085 1.042737722 -0.001746704 0.999951839 0.009658377 -1.647230148 0.004491157 -0.009650450 0.999943376 55.854988098
0.999988675 0.002279818 -0.004168102 1.057470560 -0.002240450 0.999953091 0.009425469 -1.651772261 0.004189395 -0.009416025 0.999946952 56.382801056
0.999988556 0.002171915 -0.004247212 1.054520845 -0.002130088 0.999949396 0.009827873 -1.670052052 0.004268343 -0.009818716 0.999942780 56.964019775
0.999989331 0.002855270 -0.003609098 1.065147400 -0.002821661 0.999952912 0.009283424 -1.674427629 0.003635436 -0.009273143 0.999950409 57.541351318
0.999988496 0.001172697 -0.004646972 1.085277319 -0.001126957 0.999951005 0.009833391 -1.689873934 0.004658274 -0.009828041 0.999940872 57.963344574
0.999988317 0.000747392 -0.004761246 1.100506306 -0.000701771 0.999953926 0.009576340 -1.705529928 0.004768185 -0.009572888 0.999942780 58.498828888
0.999988794 0.000974016 -0.004637039 1.108791828 -0.000930615 0.999955773 0.009352585 -1.710672498 0.004645944 -0.009348165 0.999945521 59.050968170
0.999988317 0.000957934 -0.004721484 1.113007784 -0.000910220 0.999948621 0.010097477 -1.724665523 0.004730913 -0.010093061 0.999937892 59.525997162
0.999986708 0.000602032 -0.005110469 1.129588962 -0.000552675 0.999953270 0.009653903 -1.737158060 0.005116041 -0.009650951 0.999940336 60.077671051
0.999987066 0.000575151 -0.005053199 1.149001837 -0.000525000 0.999950707 0.009920375 -1.751346350 0.005058655 -0.009917594 0.999938071 60.612678528
0.999985278 0.000873005 -0.005354755 1.183508277 -0.000819234 0.999949276 0.010035663 -1.768376470 0.005363243 -0.010031129 0.999935269 61.074707031
0.999985337 0.000967716 -0.005332248 1.199162483 -0.000916124 0.999952853 0.009669246 -1.769985199 0.005341353 -0.009664218 0.999939024 61.617370605
0.999985576 0.000850626 -0.005296687 1.200669765 -0.000798462 0.999951184 0.009842714 -1.784368515 0.005304803 -0.009838342 0.999937594 62.117874146
0.999987781 0.001594898 -0.004676544 1.200984955 -0.001548817 0.999950349 0.009840791 -1.796142578 0.004692006 -0.009833430 0.999940634 62.647148132
0.999986053 0.002024284 -0.004881519 1.204579949 -0.001975358 0.999947965 0.010006826 -1.807479382 0.004901522 -0.009997045 0.999938011 63.185001373
0.999986410 0.001997545 -0.004821310 1.204018354 -0.001948938 0.999947429 0.010065436 -1.822740436 0.004841162 -0.010055906 0.999937713 63.743320465
0.999988079 0.001372064 -0.004687772 1.227322817 -0.001325098 0.999949038 0.010007128 -1.824076414 0.004701265 -0.010000799 0.999938965 64.187583923
0.999987483 0.000451683 -0.004997646 1.244427085 -0.000401167 0.999948800 0.010104479 -1.833773375 0.005001954 -0.010102349 0.999936461 64.720809937
0.999990106 0.001990242 -0.003991540 1.258886695 -0.001949842 0.999947011 0.010100063 -1.840361595 0.004011429 -0.010092179 0.999940991 65.220802307
0.999989033 0.001184397 -0.004535755 1.255342007 -0.001140189 0.999951899 0.009736828 -1.840771437 0.004547071 -0.009731551 0.999942243 65.776535034
0.999988258 0.001875064 -0.004466630 1.272127748 -0.001829496 0.999946415 0.010184293 -1.879599094 0.004485487 -0.010176001 0.999938190 66.292373657
0.999987066 0.001215002 -0.004930857 1.284515500 -0.001165862 0.999949753 0.009956556 -1.888582706 0.004942706 -0.009950680 0.999938309 66.833984375
0.999988019 0.000976509 -0.004801097 1.297394037 -0.000930723 0.999954104 0.009529731 -1.883247852 0.004810182 -0.009525149 0.999943137 67.351608276
0.999987900 0.002301924 -0.004372066 1.310353994 -0.002255770 0.999942005 0.010532508 -1.910641432 0.004396059 -0.010522516 0.999934912 67.858322144
0.999986947 0.002839793 -0.004254271 1.326553464 -0.002795558 0.999942362 0.010367909 -1.926784515 0.004283469 -0.010355880 0.999937177 68.385520935
0.999988616 0.002494019 -0.004076118 1.334885955 -0.002453626 0.999948204 0.009884948 -1.929630041 0.004100559 -0.009874834 0.999942839 68.943275452
0.999988377 0.002964532 -0.003805380 1.331568003 -0.002924526 0.999940872 0.010475747 -1.949921489 0.003836211 -0.010464500 0.999937832 69.447868347
0.999989331 0.002741500 -0.003719849 1.356572866 -0.002703160 0.999943614 0.010273171 -1.961707592 0.003747802 -0.010263007 0.999940276 69.972389221
0.999985456 0.004314565 -0.003258290 1.358472109 -0.004277920 0.999928474 0.011171142 -2.000854969 0.003306256 -0.011157040 0.999932289 70.512641907
0.999989033 0.003278539 -0.003324976 1.359494448 -0.003244262 0.999942005 0.010262264 -1.985249043 0.003358429 -0.010251365 0.999941766 71.047027588
0.999987960 0.003342229 -0.003572484 1.369219899 -0.003306724 0.999945462 0.009898681 -1.994214416 0.003605373 -0.009886750 0.999944568 71.611183167
0.999987423 0.003952471 -0.003062862 1.382850647 -0.003920128 0.999937236 0.010494538 -2.009817600 0.003104149 -0.010482400 0.999940217 72.112319946
0.999988437 0.003791139 -0.002960781 1.393922329 -0.003760660 0.999940634 0.010233023 -2.021299362 0.002999400 -0.010221770 0.999943197 72.650848389
0.999990582 0.003064746 -0.003069072 1.410134912 -0.003031967 0.999938905 0.010628655 -2.041892290 0.003101461 -0.010619249 0.999938786 73.162261963
0.999987960 0.003844866 -0.003045145 1.419514775 -0.003813181 0.999939144 0.010343313 -2.050652266 0.003084728 -0.010331577 0.999941826 73.703353882
0.999990523 0.003541719 -0.002524851 1.421000004 -0.003514401 0.999936104 0.010743228 -2.065762043 0.002562738 -0.010734253 0.999939084 74.213821411
0.999990880 0.003076410 -0.002958629 1.445231438 -0.003044232 0.999936759 0.010819648 -2.078155279 0.002991728 -0.010810543 0.999937117 74.747619629
0.999990165 0.003657626 -0.002516150 1.448637247 -0.003631134 0.999938786 0.010454074 -2.090035200 0.002554233 -0.010444835 0.999942183 75.279846191
0.999989152 0.003773924 -0.002721407 1.465523005 -0.003745175 0.999937892 0.010492959 -2.100899458 0.002760838 -0.010482655 0.999941230 75.817802429
0.999991000 0.003513366 -0.002383566 1.466339588 -0.003486950 0.999933422 0.010998005 -2.111106873 0.002422047 -0.010989596 0.999936700 76.315734863
0.999991655 0.003468750 -0.002173027 1.481499314 -0.003444382 0.999932289 0.011118607 -2.124636173 0.002211448 -0.011111029 0.999935865 76.866470337
0.999991357 0.003371561 -0.002395776 1.499548078 -0.003343529 0.999926925 0.011609878 -2.144637585 0.002434747 -0.011601769 0.999929726 77.358001709
0.999992073 0.003165530 -0.002386946 1.514385819 -0.003137061 0.999924958 0.011837850 -2.158380508 0.002424240 -0.011830271 0.999927104 77.901565552
0.999991238 0.003895338 -0.001529135 1.517281532 -0.003878016 0.999930084 0.011171922 -2.169435501 0.001572547 -0.011165895 0.999936342 78.449180603
0.999990642 0.004337566 -0.000085745 1.529923081 -0.004336339 0.999928296 0.011158057 -2.180322886 0.000134137 -0.011157583 0.999937713 78.998565674
0.999991417 0.004064166 0.000839781 1.539457440 -0.004073246 0.999929965 0.011107732 -2.187826633 -0.000794578 -0.011111056 0.999937952 79.521812439
0.999989629 0.004005696 0.002161925 1.547712088 -0.004028646 0.999934435 0.010717815 -2.194412470 -0.002118851 -0.010726414 0.999940217 80.089225769
0.999989808 0.003630933 0.002715691 1.550467014 -0.003659861 0.999935806 0.010723856 -2.195159435 -0.002676579 -0.010733685 0.999938846 80.647521973
0.999967873 0.003879954 0.007013362 1.577484608 -0.003956783 0.999931931 0.010974009 -2.225856781 -0.006970306 -0.011001406 0.999915183 81.105857849
0.999934733 0.004222387 0.010612519 1.603501320 -0.004338432 0.999930680 0.010935484 -2.230983019 -0.010565611 -0.010980811 0.999883950 81.648200989
0.999903917 0.003553991 0.013401444 1.628198147 -0.003709584 0.999925733 0.011603221 -2.255049229 -0.013359212 -0.011651820 0.999842882 82.198562622
0.999847174 0.003251681 0.017176840 1.637523651 -0.003438699 0.999934971 0.010869509 -2.256221533 -0.017140381 -0.010926912 0.999793351 82.707618713
0.999645710 0.003349708 0.026402520 1.620707273 -0.003588120 0.999953151 0.008987674 -2.233443260 -0.026371175 -0.009079226 0.999610960 83.220359802
0.999452591 0.003467956 0.032898609 1.638558626 -0.003761756 0.999953568 0.008872782 -2.238071442 -0.032866310 -0.008991682 0.999419212 83.789115906
0.999259174 0.002945338 0.038371451 1.690374851 -0.003320140 0.999947369 0.009707669 -2.265126228 -0.038340840 -0.009827877 0.999216378 84.311157227
0.998948038 0.003418105 0.045728121 1.760871410 -0.003848363 0.999949038 0.009324320 -2.265868425 -0.045693923 -0.009490490 0.998910427 84.874237061
0.998376906 -0.003844840 0.056822713 1.739991665 0.003393325 0.999961853 0.008040372 -2.296817780 -0.056851462 -0.007834503 0.998351872 85.417221069
0.997933149 -0.003421315 0.064170942 1.794394255 0.002905730 0.999962687 0.008126169 -2.303750277 -0.064196356 -0.007922909 0.997905850 85.973770142
0.997373879 -0.004281238 0.072297826 1.858040333 0.003732074 0.999963164 0.007729226 -2.326664209 -0.072328255 -0.007439107 0.997353077 86.467140198
0.996627331 -0.005038223 0.081905782 1.926499844 0.004414369 0.999959826 0.007796025 -2.334627390 -0.081941776 -0.007408170 0.996609688 87.038772583
0.995651603 -0.005297081 0.093004577 1.989989758 0.004629269 0.999961913 0.007394697 -2.370726109 -0.093040206 -0.006931996 0.995638192 87.576766968
0.994866967 -0.005278820 0.101054557 2.067325592 0.004514427 0.999959409 0.007791360 -2.385248184 -0.101091586 -0.007295161 0.994850338 88.109855652
0.993739128 -0.004629504 0.111629456 2.153364182 0.003794044 0.999963224 0.007695490 -2.395344734 -0.111660987 -0.007223783 0.993720055 88.653823853
0.992581904 -0.007169333 0.121366255 2.201951027 0.006320216 0.999952793 0.007379837 -2.404071093 -0.121413447 -0.006558030 0.992580295 89.193313599
0.991440296 -0.007863616 0.130323902 2.289573669 0.006982776 0.999949634 0.007214441 -2.412481785 -0.130374074 -0.006242666 0.991445184 89.758979797
0.989921451 -0.006479661 0.141469210 2.393999100 0.005494586 0.999957860 0.007352683 -2.422884464 -0.141510904 -0.006501264 0.989915311 90.273666382
0.988077641 -0.006229062 0.153830260 2.495482445 0.005213061 0.999961853 0.007007165 -2.432437658 -0.153868020 -0.006121696 0.988072395 90.824005127
0.986283958 -0.007159861 0.164901927 2.605761528 0.005987085 0.999953091 0.007607915 -2.442544937 -0.164948642 -0.006516282 0.986280620 91.324447632
0.984712124 -0.007991967 0.174006134 2.727209091 0.006784396 0.999948621 0.007533527 -2.445317507 -0.174057424 -0.006237828 0.984715760 91.867546082
0.982373893 -0.006755829 0.186804324 2.835538864 0.005415541 0.999955833 0.007684216 -2.462685347 -0.186847955 -0.006537125 0.982367098 92.348701477
0.979873538 -0.006568101 0.199511081 2.961592674 0.005143909 0.999957502 0.007655921 -2.473014832 -0.199552864 -0.006475567 0.979865670 92.874771118
0.977594256 -0.006844788 0.210387081 3.088975906 0.005311674 0.999955058 0.007851336 -2.486230373 -0.210431382 -0.006557912 0.977586687 93.416717529
0.974720597 -0.007196579 0.223311245 3.227428436 0.005501151 0.999951124 0.008213389 -2.502765179 -0.223359495 -0.006777289 0.974712491 93.872650146
0.971672475 -0.008352016 0.236183241 3.383808136 0.006498592 0.999941587 0.008624765 -2.515074730 -0.236241505 -0.006845588 0.971670210 94.384277344
0.968698978 -0.007958820 0.248110741 3.536682129 0.005960310 0.999943435 0.008805036 -2.527384281 -0.248166785 -0.007050612 0.968691647 94.908340454
0.965622783 -0.008917289 0.259794384 3.731895447 0.006969104 0.999940276 0.008419085 -2.536203861 -0.259853959 -0.006319128 0.965627193 95.422630310
0.961749554 -0.008814857 0.273788452 3.908098221 0.006500666 0.999935091 0.009358589 -2.564070225 -0.273853153 -0.007220811 0.961744368 95.911979675
0.957962871 -0.008990292 0.286751300 4.087791443 0.006635658 0.999935806 0.009182179 -2.575023413 -0.286815464 -0.006893402 0.957961023 96.467193604
0.954616785 -0.009224799 0.297693908 4.283220291 0.006843847 0.999935687 0.009039335 -2.589118242 -0.297758222 -0.006591730 0.954618573 96.979324341
0.950014055 -0.008797119 0.312083393 4.471462250 0.006253040 0.999938548 0.009151734 -2.591608524 -0.312144756 -0.006742806 0.950010657 97.524749756
0.945767045 -0.009343700 0.324711323 4.717350006 0.007113663 0.999942243 0.008054208 -2.580960751 -0.324767828 -0.005307519 0.945778906 98.034774780
0.941956341 -0.010312075 0.335577279 4.933141708 0.007982937 0.999933541 0.008319435 -2.590915680 -0.335640728 -0.005157652 0.941975951 98.563598633
0.937350273 -0.010688130 0.348224759 5.132238388 0.008383483 0.999931812 0.008124477 -2.606690884 -0.348287880 -0.004696144 0.937375903 99.039512634
0.931917429 -0.009739950 0.362539887 5.360509872 0.007014810 0.999936342 0.008832434 -2.632138968 -0.362602800 -0.005687951 0.931926429 99.555580139
0.927205622 -0.013224985 0.374319106 5.568470001 0.010527980 0.999901831 0.009249019 -2.636639595 -0.374404669 -0.004634921 0.927253842 100.017440796
0.922432542 -0.012454242 0.385957420 5.796745300 0.009434503 0.999908268 0.009717155 -2.651880503 -0.386043012 -0.005322105 0.922465503 100.514328003
0.916545689 -0.012931084 0.399720937 6.034259796 0.009838463 0.999903679 0.009787925 -2.668709755 -0.399809003 -0.005038440 0.916584611 100.977821350
0.910807550 -0.013577052 0.412607938 6.288360596 0.010579284 0.999898493 0.009548968 -2.675155640 -0.412695706 -0.004332175 0.910858631 101.470504761
0.905783534 -0.013278251 0.423532486 6.530506134 0.009922497 0.999899447 0.010127394 -2.681501150 -0.423624337 -0.004970727 0.905824363 101.960044861
0.900073171 -0.012997321 0.435544848 6.806293488 0.009242596 0.999899626 0.010738275 -2.705273867 -0.435640752 -0.005639668 0.900102973 102.477401733
0.893009841 -0.014636615 0.449799091 7.029502869 0.010956178 0.999881744 0.010784619 -2.725009680 -0.449903786 -0.004702691 0.893064678 102.897277832
0.886959076 -0.014684077 0.461614519 7.310214996 0.010933731 0.999881804 0.010798129 -2.730482101 -0.461718589 -0.004530329 0.887014925 103.387954712
0.881054819 -0.015192667 0.472770005 7.587257385 0.011277077 0.999874592 0.011115425 -2.737503052 -0.472879559 -0.004461836 0.881115735 103.886978149
0.873514235 -0.014406248 0.486585379 7.869335175 0.010370109 0.999885857 0.010987107 -2.749801159 -0.486688077 -0.004551452 0.873563886 104.362777710
