1.000000000 0.000000000 0.000000000 0.000000000 0.000000000 1.000000000 0.000000000 0.000000000 0.000000000 0.000000000 1.000000000 0.000000000
1.000000000 -0.000000796 0.000160493 -0.001662327 0.000000776 1.000000000 0.000129716 0.000218201 -0.000160493 -0.000129716 1.000000000 0.002239034
1.000000000 0.000145309 0.000122052 -0.000728214 -0.000145336 0.999999940 0.000221298 -0.000385657 -0.000122020 -0.000221316 0.999999940 0.000530279
1.000000000 0.000138297 -0.000111005 0.000829612 -0.000138279 1.000000000 0.000162221 -0.000790782 0.000111028 -0.000162206 1.000000000 -0.000861893
0.999999881 0.000393737 0.000189424 -0.001978023 -0.000393767 0.999999881 0.000158206 -0.000218639 -0.000189362 -0.000158280 0.999999940 0.000867016
0.999999940 0.000273882 0.000043216 -0.001169026 -0.000273889 0.999999940 0.000156525 -0.000216395 -0.000043173 -0.000156537 1.000000000 -0.000700678
1.000000000 -0.000043980 0.000073143 -0.000070957 0.000043967 1.000000000 0.000174293 -0.001006155 -0.000073151 -0.000174289 1.000000000 -0.000905688
0.999999940 -0.000220063 0.000178466 -0.000705009 0.000220027 0.999999940 0.000198073 -0.000243035 -0.000178509 -0.000198034 0.999999940 0.001490297
1.000000000 -0.000038452 0.000162063 -0.001034207 0.000038442 1.000000000 0.000065444 0.000856571 -0.000162065 -0.000065438 1.000000000 0.002690547
1.000000000 -0.000065904 0.000118506 -0.000471318 0.000065888 1.000000000 0.000141236 0.000045140 -0.000118516 -0.000141228 1.000000000 0.001175545
0.999999940 -0.000071698 0.000236957 -0.001463209 0.000071711 1.000000000 -0.000056104 0.002243895 -0.000236953 0.000056121 1.000000000 0.002961555
1.000000000 0.000002197 0.000088794 -0.000468675 -0.000002216 1.000000000 0.000217536 -0.000245548 -0.000088794 -0.000217536 1.000000000 0.001497149
1.000000000 0.000051224 0.000206425 -0.002590226 -0.000051203 1.000000000 -0.000102067 0.003075267 -0.000206430 0.000102056 1.000000000 0.005541215
1.000000000 -0.000127336 0.000196650 -0.002113029 0.000127278 0.999999940 0.000298447 -0.000239838 -0.000196688 -0.000298422 0.999999940 0.002571898
1.000000000 0.000034951 0.000179331 -0.001596991 -0.000034996 0.999999940 0.000254671 -0.000978011 -0.000179322 -0.000254677 0.999999940 0.000129364
1.000000000 0.000102115 0.000101972 0.000169757 -0.000102141 0.999999940 0.000256386 -0.001591995 -0.000101946 -0.000256396 0.999999940 -0.001834494
1.000000000 -0.000133924 0.000006443 0.000017262 0.000133924 1.000000000 0.000148401 -0.000653719 -0.000006463 -0.000148401 1.000000000 -0.001009902
0.999999940 0.000050311 0.000256940 -0.001165443 -0.000050348 1.000000000 0.000144863 -0.000105730 -0.000256933 -0.000144876 0.999999940 0.000213337
0.999999940 0.000042542 0.000293155 -0.002991329 -0.000042575 1.000000000 0.000114358 0.000823541 -0.000293150 -0.000114371 0.999999940 0.003480953
0.999999940 0.000218823 0.000122354 -0.001538365 -0.000218843 0.999999940 0.000163157 0.000337980 -0.000122318 -0.000163184 1.000000000 0.002394413
0.999999940 0.000261460 0.000228115 -0.001669865 -0.000261527 0.999999940 0.000295793 -0.000728865 -0.000228038 -0.000295852 0.999999940 0.000832135
0.999999940 0.000356273 0.000224905 -0.002070344 -0.000356319 0.999999940 0.000202064 -0.000647093 -0.000224833 -0.000202144 0.999999940 0.000107696
0.999999940 0.000219411 0.000166081 -0.000981928 -0.000219479 0.999999881 0.000409356 -0.002100138 -0.000165991 -0.000409393 0.999999881 -0.000835972
0.999999940 0.000098234 0.000266346 -0.002107868 -0.000098296 0.999999940 0.000231875 -0.000341041 -0.000266323 -0.000231902 0.999999940 0.002884584
0.999999940 0.000238575 0.000205060 -0.001302138 -0.000238630 0.999999940 0.000268602 -0.000810012 -0.000204996 -0.000268651 0.999999940 -0.000272687
1.000000000 0.000059222 0.000199096 -0.002024819 -0.000059232 1.000000000 0.000054109 0.001869284 -0.000199092 -0.000054121 1.000000000 0.004243378
1.000000000 -0.000025308 0.000196235 -0.000920385 0.000025300 1.000000000 0.000043097 0.000352958 -0.000196236 -0.000043093 1.000000000 -0.000541175
1.000000000 0.000088887 0.000160528 -0.001170672 -0.000088899 1.000000000 0.000072268 0.000654638 -0.000160522 -0.000072282 1.000000000 0.001749752
0.999999881 0.000236679 0.000368985 -0.003500793 -0.000236688 1.000000000 0.000023068 0.001831160 -0.000368980 -0.000023156 0.999999940 0.003370248
1.000000000 -0.000094171 0.000146186 -0.001984814 0.000094156 1.000000000 0.000101310 0.002271859 -0.000146195 -0.000101297 1.000000000 0.004483430
1.000000000 0.000066628 0.000207765 -0.001686912 -0.000066639 1.000000000 0.000053785 0.001055338 -0.000207761 -0.000053799 1.000000000 0.002310277
0.999999940 -0.000218708 0.000171928 -0.001403122 0.000218684 0.999999940 0.000139157 0.000996700 -0.000171958 -0.000139119 1.000000000 0.002658331
1.000000000 -0.000177509 0.000146619 -0.001696051 0.000177508 1.000000000 0.000010767 0.002055882 -0.000146621 -0.000010741 1.000000000 0.004002743
0.999999940 -0.000005094 0.000330937 -0.001858464 0.000005082 1.000000000 0.000035620 0.001156806 -0.000330938 -0.000035618 0.999999940 0.001970817
1.000000000 -0.000062674 0.000202328 -0.001347082 0.000062643 1.000000000 0.000153024 -0.000184518 -0.000202338 -0.000153011 0.999999940 0.000293058
0.999999940 0.000274281 0.000291304 -0.001360537 -0.000274340 0.999999940 0.000201813 -0.000536896 -0.000291248 -0.000201893 0.999999940 -0.000759136
1.000000000 0.000007850 0.000153923 -0.002062667 -0.000007857 1.000000000 0.000043597 0.003979795 -0.000153922 -0.000043598 1.000000000 0.006561154
1.000000000 -0.000201687 0.000133208 -0.001646747 0.000201679 1.000000000 0.000059434 0.002566595 -0.000133220 -0.000059407 1.000000000 0.005766573
1.000000000 -0.000029218 0.000222232 -0.002616477 0.000029171 1.000000000 0.000213582 0.001239277 -0.000222239 -0.000213576 0.999999940 0.004451146
0.999999940 -0.000202577 0.000139898 -0.000284327 0.000202555 0.999999940 0.000154119 0.000510692 -0.000139929 -0.000154091 1.000000000 0.001491679
0.999999940 -0.000271100 0.000255036 -0.000843216 0.000271083 0.999999940 0.000066499 0.000964539 -0.000255054 -0.000066430 0.999999940 0.002663049
0.999999940 -0.000346188 0.000218532 0.001377698 0.000346322 0.999999762 -0.000614812 -0.000066215 -0.000218319 0.000614887 0.999999762 0.051093973
0.999999940 0.000120724 0.000234287 -0.001299695 -0.000120469 0.999999404 -0.001089614 -0.003825896 -0.000234419 0.001089585 0.999999404 0.136847973
1.000000000 0.000153063 0.000056063 0.002088511 -0.000152981 0.999998927 -0.001466899 -0.004741724 -0.000056288 0.001466890 0.999998927 0.253222823
1.000000000 0.000174444 -0.000161934 0.006839428 -0.000174628 0.999999344 -0.001140461 -0.011968153 0.000161734 0.001140489 0.999999344 0.383797556
1.000000000 0.000195630 -0.000047062 0.009154284 -0.000195669 0.999999642 -0.000820629 -0.016909078 0.000046901 0.000820638 0.999999642 0.523220420
0.999999940 0.000276774 -0.000015492 0.012693834 -0.000276781 0.999999821 -0.000485892 -0.028819378 0.000015357 0.000485896 0.999999881 0.664382279
1.000000000 0.000171536 0.000034379 0.018174699 -0.000171507 0.999999642 -0.000852015 -0.025015015 -0.000034525 0.000852009 0.999999642 0.834285975
1.000000000 -0.000062256 -0.000169224 0.020577502 0.000062129 0.999999702 -0.000754470 -0.026609065 0.000169271 0.000754460 0.999999702 1.012665272
1.000000000 0.000057460 -0.000068815 0.023312978 -0.000057493 0.999999881 -0.000473535 -0.033794746 0.000068788 0.000473539 0.999999881 1.187630653
0.999999940 0.000262334 0.000288238 0.019893944 -0.000262255 0.999999940 -0.000272662 -0.038417723 -0.000288309 0.000272587 0.999999940 1.371424913
0.999999881 0.000506998 0.000150863 0.034055565 -0.000506995 0.999999881 -0.000021808 -0.050056819 -0.000150874 0.000021731 1.000000000 1.571673870
0.999999881 0.000409984 0.000137782 0.040210113 -0.000409955 0.999999881 -0.000213111 -0.048383646 -0.000137869 0.000213055 0.999999940 1.765440345
1.000000000 -0.000090857 -0.000202060 0.043400213 0.000090335 0.999996662 -0.002579294 -0.029924113 0.000202293 0.002579276 0.999996662 1.920080662
0.999999464 0.000595153 0.000925741 0.038120247 -0.000592222 0.999994814 -0.003162693 -0.034005638 -0.000927618 0.003162143 0.999994636 2.124799728
0.999999762 0.000493236 0.000530740 0.046252206 -0.000491416 0.999993980 -0.003423725 -0.035760246 -0.000532425 0.003423464 0.999994040 2.350021839
0.999999881 0.000387114 0.000324532 0.051487114 -0.000386308 0.999996781 -0.002479839 -0.050471082 -0.000325491 0.002479713 0.999996841 2.569489479
0.999999523 0.000868972 0.000455783 0.053367618 -0.000867957 0.999997199 -0.002220816 -0.059591919 -0.000457712 0.002220420 0.999997437 2.798617363
0.999999821 0.000547001 0.000062099 0.059437916 -0.000546860 0.999997318 -0.002245031 -0.065958910 -0.000063327 0.002244997 0.999997497 3.035423040
0.999999881 0.000431151 0.000259328 0.066380121 -0.000430432 0.999996066 -0.002765813 -0.068504870 -0.000260519 0.002765701 0.999996126 3.283683062
0.999999881 0.000074052 0.000494874 0.068769932 -0.000073020 0.999997854 -0.002084221 -0.081177346 -0.000495028 0.002084185 0.999997735 3.504885435
0.999999881 -0.000123452 0.000351650 0.076737747 0.000124200 0.999997795 -0.002127042 -0.088754095 -0.000351387 0.002127085 0.999997735 3.758727312
0.999999702 -0.000047983 0.000745996 0.075787693 0.000049997 0.999996364 -0.002700882 -0.091073260 -0.000745864 0.002700919 0.999996066 4.018174648
0.999999464 0.000109469 0.000971251 0.081226245 -0.000107401 0.999997735 -0.002129022 -0.098360665 -0.000971482 0.002128917 0.999997258 4.267412663
0.999999523 0.000467575 0.000834165 0.080454148 -0.000465611 0.999997139 -0.002352370 -0.105869874 -0.000835263 0.002351981 0.999996841 4.513900280
0.999999762 0.000036866 0.000641727 0.093251467 -0.000035661 0.999998212 -0.001878529 -0.118565388 -0.000641795 0.001878505 0.999998033 4.765385628
0.999999940 0.000078672 0.000365218 0.104324989 -0.000077890 0.999997675 -0.002139695 -0.123587728 -0.000365386 0.002139666 0.999997675 5.025340557
0.999999940 -0.000420538 0.000211276 0.107242912 0.000420918 0.999998331 -0.001798833 -0.135765851 -0.000210519 0.001798922 0.999998391 5.282926559
0.999999106 0.000530892 0.001196174 0.100658663 -0.000528173 0.999997199 -0.002272126 -0.140018687 -0.001197377 0.002271492 0.999996722 5.557280540
0.999999702 0.000116355 0.000706846 0.109653287 -0.000115071 0.999998271 -0.001816248 -0.151158303 -0.000707056 0.001816166 0.999998093 5.823593616
0.999999702 -0.000022772 0.000819052 0.117943317 0.000024135 0.999998569 -0.001663491 -0.161419258 -0.000819014 0.001663510 0.999998271 6.103135109
0.999999583 0.000427247 0.000882136 0.118482880 -0.000425667 0.999998331 -0.001790343 -0.166625291 -0.000882899 0.001789967 0.999998093 6.384189606
0.999999106 0.000517021 0.001163926 0.123266943 -0.000514758 0.999997973 -0.001943512 -0.180027753 -0.001164929 0.001942912 0.999997377 6.665300369
0.999998927 0.000720240 0.001243198 0.129123434 -0.000717925 0.999998033 -0.001861756 -0.190477937 -0.001244536 0.001860862 0.999997437 6.965301037
0.999999404 -0.000054750 0.001053404 0.146307454 0.000056258 0.999998987 -0.001431293 -0.201242432 -0.001053324 0.001431351 0.999998450 7.254799843
0.999999225 -0.000133935 0.001264513 0.149566993 0.000135895 0.999998808 -0.001549475 -0.209308669 -0.001264304 0.001549645 0.999998033 7.575909138
0.999999046 0.000501362 0.001251356 0.158929229 -0.000499137 0.999998271 -0.001777828 -0.214884803 -0.001252245 0.001777201 0.999997675 7.881259918
0.999999344 0.000138370 0.001138870 0.156906381 -0.000137057 0.999999464 -0.001153087 -0.237546995 -0.001139029 0.001152930 0.999998689 8.182394028
0.999999046 0.000562169 0.001281562 0.163067147 -0.000560732 0.999999344 -0.001121746 -0.250668526 -0.001282192 0.001121026 0.999998569 8.503235817
0.999998748 0.000394390 0.001489523 0.165711731 -0.000391875 0.999998510 -0.001687958 -0.251757383 -0.001490186 0.001687372 0.999997497 8.856249809
0.999998868 0.000066773 0.001499211 0.174146056 -0.000066056 0.999999881 -0.000478021 -0.276549220 -0.001499242 0.000477922 0.999998689 9.161903381
0.999998510 0.000549789 0.001608203 0.177888826 -0.000548961 0.999999702 -0.000515565 -0.283270985 -0.001608486 0.000514681 0.999998569 9.515572548
0.999999285 -0.000096715 0.001236868 0.191245005 0.000097696 0.999999642 -0.000792754 -0.293454170 -0.001236791 0.000792875 0.999998868 9.855031967
0.999998629 0.000502102 0.001564055 0.192610770 -0.000501547 0.999999762 -0.000355244 -0.309360772 -0.001564233 0.000354459 0.999998689 10.214243889
0.999998271 0.000856498 0.001665014 0.200019196 -0.000856992 0.999999642 0.000296068 -0.325297594 -0.001664760 -0.000297495 0.999998510 10.574238777
0.999997973 0.000762257 0.001851579 0.207146779 -0.000762193 0.999999702 -0.000035296 -0.332327247 -0.001851606 0.000033884 0.999998271 10.932137489
0.999997735 0.000534395 0.002074555 0.210808232 -0.000533734 0.999999821 -0.000319366 -0.340439022 -0.002074725 0.000318258 0.999997735 11.312641144
0.999998450 0.000271501 0.001729849 0.224581495 -0.000271132 0.999999940 -0.000213808 -0.348958373 -0.001729907 0.000213339 0.999998510 11.692608833
0.999998212 -0.000521908 0.001810684 0.233365372 0.000522665 0.999999702 -0.000417720 -0.360527933 -0.001810466 0.000418665 0.999998271 12.080041885
0.999998152 -0.000119238 0.001924803 0.239259407 0.000119786 0.999999940 -0.000284843 -0.375837266 -0.001924769 0.000285073 0.999998093 12.450908661
0.999997675 -0.000209077 0.002168841 0.245331064 0.000209314 0.999999940 -0.000109137 -0.384122491 -0.002168818 0.000109590 0.999997616 12.851543427
0.999997854 0.000027309 0.002061290 0.250017196 -0.000026919 1.000000000 -0.000189150 -0.399035126 -0.002061296 0.000189094 0.999997854 13.239313126
0.999997258 -0.000271378 0.002333491 0.262147844 0.000271307 1.000000000 0.000030650 -0.411024362 -0.002333499 -0.000030016 0.999997318 13.639721870
0.999996483 0.000476251 0.002579598 0.264283597 -0.000475265 0.999999821 -0.000382853 -0.416333020 -0.002579780 0.000381626 0.999996603 14.064404488
0.999995887 0.000586345 0.002777655 0.276567340 -0.000585992 0.999999881 -0.000127851 -0.432825357 -0.002777730 0.000126222 0.999996126 14.482728004
0.999994755 0.000264393 0.003221209 0.282282084 -0.000264435 0.999999940 0.000012347 -0.447027296 -0.003221206 -0.000013199 0.999994755 14.907761574
0.999994516 0.000224248 0.003295094 0.296821058 -0.000224103 0.999999940 -0.000044302 -0.458993703 -0.003295104 0.000043563 0.999994576 15.343820572
0.999994040 0.000240176 0.003434168 0.307270676 -0.000241108 0.999999881 0.000271105 -0.473780364 -0.003434102 -0.000271931 0.999994040 15.781462669
0.999992788 0.000116308 0.003793406 0.318220973 -0.000116877 1.000000000 0.000149810 -0.483114868 -0.003793388 -0.000150252 0.999992788 16.230815887
0.999989748 0.000674537 0.004461780 0.321512163 -0.000674974 0.999999762 0.000096621 -0.499763787 -0.004461714 -0.000099631 0.999990046 16.661079407
0.999988616 0.000572541 0.004730331 0.331104130 -0.000573634 0.999999762 0.000229538 -0.510800362 -0.004730198 -0.000232249 0.999988854 17.127336502
0.999986529 0.000194010 0.005176998 0.343642712 -0.000196397 0.999999821 0.000460509 -0.523548722 -0.005176908 -0.000461520 0.999986470 17.569200516
0.999986887 0.000407520 0.005104155 0.357352555 -0.000409379 0.999999940 0.000363304 -0.540630281 -0.005104007 -0.000365389 0.999986887 18.025028229
0.999986649 0.000522102 0.005143892 0.372150511 -0.000527108 0.999999344 0.000971970 -0.555958927 -0.005143382 -0.000974668 0.999986291 18.496347427
0.999985397 0.000972306 0.005313758 0.388250262 -0.000974905 0.999999344 0.000486463 -0.565788090 -0.005313282 -0.000491637 0.999985695 18.965055466
0.999983549 0.000635112 0.005701107 0.396530569 -0.000635824 0.999999762 0.000123115 -0.576596737 -0.005701027 -0.000126738 0.999983728 19.448734283
0.999983132 0.001092374 0.005714459 0.406577587 -0.001093658 0.999999344 0.000221594 -0.588330209 -0.005714213 -0.000227840 0.999983609 19.943275452
0.999982417 0.001250092 0.005797574 0.424366057 -0.001256758 0.999998569 0.001146351 -0.614144027 -0.005796133 -0.001153617 0.999982536 20.405963898
0.999982476 0.001261230 0.005772340 0.424708247 -0.001264420 0.999999046 0.000549050 -0.619369686 -0.005771642 -0.000556339 0.999983132 20.899379730
0.999984741 0.001477704 0.005322641 0.433658183 -0.001479088 0.999998868 0.000256070 -0.625051975 -0.005322256 -0.000263939 0.999985754 21.408330917
0.999983490 0.002050896 0.005368664 0.436416060 -0.002054719 0.999997616 0.000706725 -0.646512628 -0.005367203 -0.000717744 0.999985337 21.911081314
0.999987841 0.001743451 0.004613973 0.448571324 -0.001749070 0.999997735 0.001213867 -0.668675900 -0.004611845 -0.001221922 0.999988616 22.416814804
0.999988198 0.001963411 0.004459053 0.457423449 -0.001968633 0.999997437 0.001166924 -0.686142087 -0.004456751 -0.001175688 0.999989390 22.938032150
0.999992907 0.001669866 0.003371402 0.477204680 -0.001672171 0.999998331 0.000681084 -0.700673699 -0.003370259 -0.000686717 0.999994099 23.461929321
0.999993920 0.001082851 0.003319095 0.468733311 -0.001085792 0.999999046 0.000884184 -0.726059973 -0.003318135 -0.000887783 0.999994040 23.971275330
0.999993384 0.002027140 0.003011445 0.478960752 -0.002030919 0.999997199 0.001252007 -0.737916470 -0.003008898 -0.001258115 0.999994695 24.508518219
0.999995470 0.002189443 0.002026882 0.500477552 -0.002192561 0.999996424 0.001537481 -0.756507754 -0.002023509 -0.001541918 0.999996781 25.040119171
0.999996424 0.002219883 0.001487076 0.512039602 -0.002222701 0.999995768 0.001895180 -0.772230029 -0.001482863 -0.001898478 0.999997079 25.574914932
0.999997437 0.001869211 0.001259424 0.510338783 -0.001870591 0.999997616 0.001095915 -0.776848674 -0.001257373 -0.001098268 0.999998629 26.131347656
0.999998689 0.001495233 0.000663234 0.526485622 -0.001496491 0.999997079 0.001900682 -0.792768836 -0.000660390 -0.001901672 0.999998033 26.668619156
0.999998689 0.001188171 0.001009302 0.540307760 -0.001190637 0.999996245 0.002445953 -0.819384933 -0.001006392 -0.002447152 0.999996483 27.200941086
0.999997675 0.002071847 0.000534439 0.531603992 -0.002072859 0.999996066 0.001900002 -0.824935853 -0.000530500 -0.001901105 0.999998033 27.763051987
0.999997497 0.002079650 0.000786171 0.534864306 -0.002081594 0.999994755 0.002481336 -0.838442206 -0.000781006 -0.002482967 0.999996543 28.305559158
0.999998033 0.001935949 0.000550646 0.550432265 -0.001937270 0.999995291 0.002409846 -0.855933011 -0.000545977 -0.002410908 0.999996960 28.834926605
0.999997079 0.002309622 -0.000577781 0.562852025 -0.002308108 0.999993920 0.002607991 -0.882263601 0.000583800 -0.002606651 0.999996424 29.393676758
0.999996066 0.002727987 -0.000559301 0.567280471 -0.002726622 0.999993384 0.002427740 -0.892995715 0.000565920 -0.002426206 0.999996901 29.943014145
0.999995887 0.002836490 -0.000458555 0.572701812 -0.002835294 0.999992609 0.002587757 -0.910473526 0.000465892 -0.002586446 0.999996543 30.488454819
0.999996126 0.002728705 -0.000497286 0.580120623 -0.002727277 0.999992192 0.002848969 -0.928998828 0.000505056 -0.002847602 0.999995828 31.027948380
0.999995470 0.002934158 -0.000700177 0.590384722 -0.002932065 0.999991298 0.002971877 -0.940689266 0.000708891 -0.002969811 0.999995351 31.576934814
0.999996066 0.002592531 -0.001069749 0.602713645 -0.002589373 0.999992251 0.002943764 -0.960048497 0.001077372 -0.002940982 0.999995112 32.132804871
0.999995530 0.002833061 -0.000948130 0.606550276 -0.002830200 0.999991477 0.003006635 -0.972572803 0.000956640 -0.003003939 0.999995053 32.683502197
0.999995112 0.002985543 -0.000955190 0.614348173 -0.002982811 0.999991536 0.002849798 -0.986309588 0.000963690 -0.002846935 0.999995530 33.245738983
0.999994516 0.002956221 -0.001493314 0.630706429 -0.002951972 0.999991536 0.002840668 -0.999421716 0.001501699 -0.002836244 0.999994874 33.772697449
0.999994814 0.002773046 -0.001650809 0.637830734 -0.002767553 0.999990642 0.003321045 -1.017748475 0.001660003 -0.003316459 0.999993086 34.310405731
0.999994338 0.002841467 -0.001832009 0.643197775 -0.002834800 0.999989450 0.003631843 -1.029955029 0.001842309 -0.003626629 0.999991775 34.869956970
0.999995053 0.002574144 -0.001765787 0.655979335 -0.002568153 0.999990940 0.003386596 -1.045593143 0.001774488 -0.003382044 0.999992728 35.397502899
0.999994218 0.002889358 -0.001756695 0.664117038 -0.002884103 0.999991357 0.002986438 -1.055073738 0.001765309 -0.002981354 0.999994040 35.949798584
0.999993682 0.003042724 -0.001804272 0.672384858 -0.003036684 0.999989748 0.003340930 -1.075913787 0.001814419 -0.003335429 0.999992788 36.517612457
0.999995053 0.002418282 -0.002016896 0.680320978 -0.002411332 0.999991119 0.003441320 -1.087032437 0.002025200 -0.003436439 0.999992013 37.058761597
0.999994814 0.002583239 -0.001903052 0.685055673 -0.002576795 0.999990940 0.003380782 -1.104083061 0.001911768 -0.003375862 0.999992490 37.604717255
0.999995410 0.002332758 -0.001920743 0.698192537 -0.002326866 0.999992669 0.003063815 -1.115737438 0.001927876 -0.003059332 0.999993443 38.147674561
0.999993265 0.002728292 -0.002461790 0.714328229 -0.002718865 0.999989033 0.003824750 -1.135507345 0.002472198 -0.003818031 0.999989688 38.679698944
0.999992490 0.003404544 -0.001887750 0.716004610 -0.003398685 0.999989390 0.003098170 -1.143058062 0.001898278 -0.003091731 0.999993443 39.238262177
0.999993980 0.002739997 -0.002185682 0.719554424 -0.002731288 0.999988377 0.003977958 -1.163929939 0.002196556 -0.003971965 0.999989688 39.770721436
0.999994278 0.002866305 -0.001784466 0.731546700 -0.002859066 0.999987721 0.004046238 -1.181450486 0.001796042 -0.004041114 0.999990225 40.301326752
0.999993861 0.002879512 -0.002017100 0.748927712 -0.002871020 0.999987066 0.004200376 -1.193512082 0.002029169 -0.004194558 0.999989152 40.865287781
0.999993682 0.002830328 -0.002159280 0.735508800 -0.002823361 0.999990821 0.003222859 -1.191639900 0.002168382 -0.003216742 0.999992490 41.413211823
0.999992430 0.002603698 -0.002918613 0.759168029 -0.002595037 0.999992251 0.002967539 -1.205966473 0.002926317 -0.002959942 0.999991357 41.948299408
0.999990702 0.003265123 -0.002805593 0.765725851 -0.003256672 0.999990106 0.003011486 -1.218994617 0.002815398 -0.003002321 0.999991596 42.487308502
0.999992669 0.002957705 -0.002411595 0.756546617 -0.002949713 0.999990106 0.003311054 -1.228514791 0.002421364 -0.003303917 0.999991596 43.050521851
0.999993145 0.003173983 -0.001897211 0.760724604 -0.003167639 0.999989390 0.003336953 -1.242331743 0.001907782 -0.003330920 0.999992609 43.605411530
0.999994934 0.002907505 -0.001295642 0.751796126 -0.002902264 0.999987662 0.004028661 -1.259400487 0.001307339 -0.004024880 0.999991000 44.121269226
0.999994576 0.002836045 -0.001665822 0.762921214 -0.002830037 0.999989450 0.003598467 -1.269725442 0.001676010 -0.003593734 0.999992132 44.698188782
0.999995470 0.002851431 -0.000999347 0.769228101 -0.002848108 0.999990344 0.003310936 -1.282024860 0.001008778 -0.003308075 0.999994040 45.249900818
0.999995291 0.002862474 -0.001126369 0.782956362 -0.002858255 0.999988973 0.003729086 -1.299648404 0.001137031 -0.003725849 0.999992371 45.800369263
0.999995410 0.002027444 -0.002239778 0.815743625 -0.002020007 0.999992430 0.003317555 -1.308960915 0.002246487 -0.003313015 0.999991953 46.337055206
0.999993384 0.002519307 -0.002606074 0.832378268 -0.002509046 0.999989033 0.003932827 -1.328834057 0.002615954 -0.003926262 0.999988914 46.883888245
0.999995291 0.001425028 -0.002700490 0.837385833 -0.001416230 0.999993563 0.003256910 -1.329086423 0.002705114 -0.003253070 0.999991059 47.438247681
0.999997199 0.001661344 -0.001699737 0.822001815 -0.001656488 0.999994576 0.002854467 -1.337909102 0.001704470 -0.002851644 0.999994457 47.989585876
0.999997079 0.001857362 -0.001581729 0.841265202 -0.001852145 0.999992907 0.003294228 -1.351972580 0.001587837 -0.003291289 0.999993324 48.540176392
0.999997318 0.001329599 -0.001901990 0.851280093 -0.001321749 0.999990642 0.004122712 -1.378918052 0.001907454 -0.004120186 0.999989629 49.076648712
0.999997258 0.001805914 -0.001517501 0.866036236 -0.001799670 0.999989927 0.004105941 -1.391693711 0.001524901 -0.004103198 0.999990404 49.625160217
0.999997377 0.001635661 -0.001610987 0.859239280 -0.001630373 0.999993324 0.003277996 -1.396605849 0.001616338 -0.003275360 0.999993324 50.183273315
0.999997616 0.001569877 -0.001552968 0.868406594 -0.001564814 0.999993503 0.003256462 -1.413710713 0.001558070 -0.003254023 0.999993503 50.730243683
0.999997675 0.001132913 -0.001841723 0.881333888 -0.001126299 0.999992967 0.003588123 -1.426942110 0.001845775 -0.003586041 0.999991894 51.279739380
0.999995768 0.002126262 -0.001964896 0.888039291 -0.002120106 0.999992788 0.003129644 -1.438490033 0.001971536 -0.003125465 0.999993145 51.825675964
0.999997616 0.001114134 -0.001837574 0.900725782 -0.001110835 0.999997735 0.001795026 -1.440898299 0.001839569 -0.001792980 0.999996662 52.379730225
0.999997020 0.001836945 -0.001579444 0.899360895 -0.001832976 0.999995172 0.002510944 -1.464338064 0.001584048 -0.002508042 0.999995589 52.924381256
0.999997139 0.001839782 -0.001513146 0.906029224 -0.001835823 0.999994874 0.002613533 -1.479975700 0.001517946 -0.002610748 0.999995351 53.476379395
0.999997199 0.001790000 -0.001553151 0.924184620 -0.001786485 0.999995828 0.002261251 -1.489188790 0.001557192 -0.002258470 0.999996126 53.999683380
0.999997556 0.001895482 -0.001151392 0.922156692 -0.001892427 0.999994695 0.002648518 -1.509522796 0.001156406 -0.002646333 0.999995828 54.542633057
0.999997616 0.001983182 -0.001039512 0.931145430 -0.001981113 0.999996006 0.001987350 -1.518697262 0.001043449 -0.001985287 0.999997556 55.098590851
0.999996781 0.002388449 -0.000821719 0.940409064 -0.002386410 0.999994099 0.002472074 -1.532113314 0.000827619 -0.002470106 0.999996603 55.647872925
0.999996662 0.002153403 -0.001430103 0.951409876 -0.002149714 0.999994397 0.002576882 -1.543895602 0.001435644 -0.002573799 0.999995649 56.184490204
0.999996841 0.002122696 -0.001331832 0.978961885 -0.002119942 0.999995649 0.002065070 -1.563709140 0.001336210 -0.002062240 0.999996960 56.727027893
0.999997199 0.001976077 -0.001285751 0.977411509 -0.001972703 0.999994755 0.002619989 -1.571024895 0.001290922 -0.002617445 0.999995768 57.275352478
0.999997318 0.002008465 -0.001086251 0.984163880 -0.002005785 0.999994993 0.002462828 -1.586733818 0.001091192 -0.002460643 0.999996364 57.828029633
0.999997854 0.001534682 -0.001421586 1.001653552 -0.001531612 0.999996543 0.002157887 -1.597842693 0.001424892 -0.002155705 0.999996662 58.373188019
0.999997139 0.002067918 -0.001145039 1.003422618 -0.002065880 0.999996424 0.001777645 -1.603263378 0.001148711 -0.001775274 0.999997675 58.909324646
0.999997795 0.001745966 -0.001154614 1.016391754 -0.001744613 0.999997795 0.001171916 -1.616662621 0.001156657 -0.001169900 0.999998569 59.452865601
0.999997377 0.001982539 -0.001147279 1.020836234 -0.001980918 0.999996960 0.001412188 -1.624749064 0.001150075 -0.001409912 0.999998331 59.985980988
0.999997318 0.001829550 -0.001390289 1.035517693 -0.001827147 0.999996781 0.001728160 -1.640244603 0.001393446 -0.001725615 0.999997556 60.535007477
0.999996960 0.002141788 -0.001175956 1.036189437 -0.002140397 0.999996960 0.001183058 -1.647306561 0.001178486 -0.001180537 0.999998569 61.073020935
0.999997139 0.002056854 -0.001164145 1.051366568 -0.002055357 0.999997079 0.001286860 -1.664155960 0.001166789 -0.001284464 0.999998450 61.610099792
0.999997735 0.001919786 -0.001037200 1.048761845 -0.001918774 0.999997675 0.000976693 -1.671722889 0.001039073 -0.000974700 0.999998927 62.157012939
0.999996662 0.002369918 -0.000954825 1.059143901 -0.002369048 0.999996841 0.000911306 -1.690115571 0.000956981 -0.000909041 0.999999166 62.702762604
0.999997437 0.002220340 -0.000584257 1.066739440 -0.002219608 0.999996662 0.001252411 -1.704477072 0.000587036 -0.001251111 0.999999046 63.269561768
0.999996781 0.002341042 -0.000913291 1.073496580 -0.002339548 0.999995947 0.001633256 -1.728415251 0.000917110 -0.001631114 0.999998271 63.779335022
0.999996364 0.002539330 -0.000891065 1.079541564 -0.002538063 0.999995768 0.001419447 -1.742680669 0.000894666 -0.001417180 0.999998629 64.320953369
0.999994159 0.003145463 -0.001330469 1.101234078 -0.003142959 0.999993265 0.001879704 -1.755363703 0.001336372 -0.001875512 0.999997377 64.836578369
0.999996185 0.002742717 -0.000339809 1.094070673 -0.002742398 0.999995768 0.000938470 -1.757884026 0.000342381 -0.000937535 0.999999523 65.385101318
0.999996305 0.002530133 -0.000972377 1.112766504 -0.002529009 0.999996245 0.001155628 -1.771734238 0.000975297 -0.001153165 0.999998808 65.913475037
0.999996901 0.002371289 -0.000644655 1.119620323 -0.002370985 0.999997079 0.000472655 -1.775717616 0.000645774 -0.000471125 0.999999702 66.472282410
0.999996245 0.002317186 -0.001464355 1.141327262 -0.002315295 0.999996424 0.001292324 -1.802918315 0.001467344 -0.001288929 0.999998033 67.009544373
0.999996424 0.002605334 -0.000598320 1.134795785 -0.002604186 0.999994755 0.001911146 -1.824202061 0.000603296 -0.001909580 0.999997973 67.565795898
0.999995947 0.002761082 -0.000660070 1.152304530 -0.002760107 0.999995053 0.001472819 -1.841641784 0.000664133 -0.001470991 0.999998629 68.094200134
0.999996126 0.002658248 -0.000801359 1.161488891 -0.002657008 0.999995232 0.001543920 -1.855852365 0.000805460 -0.001541785 0.999998510 68.651985168
0.999995887 0.002870637 0.000079178 1.148735046 -0.002870721 0.999995291 0.001096817 -1.858430505 -0.000076030 -0.001097039 0.999999404 69.191879272
0.999992967 0.003745799 0.000391679 1.159567595 -0.003746239 0.999992371 0.001129775 -1.871742487 -0.000387444 -0.001131234 0.999999285 69.734146118
0.999992609 0.003737014 0.000913793 1.160262346 -0.003738233 0.999992132 0.001335646 -1.881265163 -0.000908795 -0.001339052 0.999998689 70.284843445
0.999995351 0.003050009 -0.000061349 1.175464392 -0.003049937 0.999994695 0.001143847 -1.901403904 0.000064837 -0.001143655 0.999999285 70.811416626
0.999995291 0.003014984 -0.000556657 1.196293950 -0.003014573 0.999995172 0.000738620 -1.916910887 0.000558881 -0.000736939 0.999999523 71.358215332
0.999994159 0.003381612 -0.000281596 1.200422168 -0.003381187 0.999993086 0.001495029 -1.932295203 0.000286649 -0.001494068 0.999998868 71.893447876
0.999994636 0.003247855 -0.000324476 1.213109136 -0.003247477 0.999993980 0.001157249 -1.946528673 0.000328233 -0.001156189 0.999999285 72.437934875
0.999994695 0.003241833 -0.000322008 1.224478126 -0.003241265 0.999993205 0.001745842 -1.968404412 0.000327665 -0.001744789 0.999998391 72.963142395
0.999995828 0.002748968 -0.000866116 1.236914396 -0.002747777 0.999995232 0.001371942 -1.977118731 0.000869883 -0.001369557 0.999998689 73.505249023
0.999995768 0.002651724 -0.001136519 1.252366900 -0.002649995 0.999995351 0.001518583 -1.992806077 0.001140541 -0.001515566 0.999998212 74.036102295
0.999996006 0.002627830 -0.001064386 1.264177918 -0.002625928 0.999994934 0.001784559 -2.006674767 0.001069071 -0.001781757 0.999997854 74.568000793
0.999996245 0.002591427 -0.000966283 1.270537138 -0.002589472 0.999994576 0.002018992 -2.019488335 0.000971509 -0.002016482 0.999997556 75.121910095
0.999997735 0.001895288 -0.000948753 1.283876181 -0.001893734 0.999996841 0.001637009 -2.037601471 0.000951852 -0.001635209 0.999998152 75.651268005
0.999998093 0.001714756 -0.000951391 1.292807460 -0.001713555 0.999997735 0.001261994 -2.048229218 0.000953553 -0.001260361 0.999998689 76.195930481
0.999997854 0.002033372 -0.000318930 1.297226667 -0.002032960 0.999997139 0.001287526 -2.059872150 0.000321547 -0.001286875 0.999999166 76.755798340
0.999998033 0.001791692 -0.001005303 1.322593093 -0.001790775 0.999997973 0.000913018 -2.068755150 0.001006936 -0.000911216 0.999999106 77.299903870
0.999998271 0.001497726 -0.001135644 1.340273738 -0.001497035 0.999998748 0.000608723 -2.078206778 0.001136553 -0.000607022 0.999999166 77.845184326
0.999997377 0.001860426 -0.001280657 1.342855215 -0.001858566 0.999997199 0.001451946 -2.107999086 0.001283355 -0.001449562 0.999998152 78.376304626
0.999997675 0.001527317 -0.001482675 1.361376524 -0.001524425 0.999996960 0.001950119 -2.124088049 0.001485649 -0.001947854 0.999997079 78.930564880
0.999996662 0.002362294 -0.000980473 1.363865256 -0.002361011 0.999996364 0.001307660 -2.129701376 0.000983559 -0.001305341 0.999998629 79.449867249
0.999997258 0.001891978 -0.001373850 1.381742120 -0.001890918 0.999997854 0.000772672 -2.139798641 0.001375309 -0.000770072 0.999998689 79.983474731
0.999995947 0.002849006 -0.000217737 1.392391086 -0.002848768 0.999995470 0.001086734 -2.156154633 0.000220833 -0.001086109 0.999999404 80.538208008
0.999996424 0.002595809 0.000595229 1.405891299 -0.002596236 0.999996364 0.000717056 -2.169660568 -0.000593365 -0.000718599 0.999999583 81.082427979
0.999993384 0.003069745 0.002019592 1.410058141 -0.003071768 0.999994755 0.000998603 -2.187125921 -0.002016516 -0.001004800 0.999997437 81.616149902
0.999989629 0.002465860 0.003829816 1.424299598 -0.002471385 0.999995887 0.001438604 -2.211054802 -0.003826253 -0.001448054 0.999991655 82.153007507
0.999975085 0.003044037 0.006363352 1.449744463 -0.003052765 0.999994397 0.001362246 -2.226355314 -0.006359169 -0.001381638 0.999978840 82.701362610
0.999940693 0.002870574 0.010505739 1.468794107 -0.002880395 0.999995410 0.000919917 -2.232676029 -0.010503050 -0.000950123 0.999944389 83.209381104
0.999900579 0.002202595 0.013925593 1.492066145 -0.002214395 0.999997139 0.000831957 -2.248511553 -0.013923722 -0.000862711 0.999902666 83.757026672
0.999836326 0.002376705 0.017935656 1.526472688 -0.002397765 0.999996483 0.001152733 -2.264753103 -0.017932855 -0.001195550 0.999838471 84.296272278
0.999710917 0.002793990 0.023884403 1.546577811 -0.002818526 0.999995470 0.000993678 -2.272470236 -0.023881519 -0.001060709 0.999714255 84.851852417
0.999561131 0.002149118 0.029544981 1.581677198 -0.002183634 0.999996960 0.001136032 -2.288656712 -0.029542450 -0.001200048 0.999562800 85.385688782
0.999393463 0.002130542 0.034758091 1.621805191 -0.002154164 0.999997437 0.000642184 -2.299684763 -0.034756634 -0.000716669 0.999395490 85.926971436
0.999026179 0.003550910 0.043978609 1.641089201 -0.003613880 0.999992490 0.001352419 -2.321174622 -0.043973479 -0.001510035 0.999031544 86.487541199
0.998608649 0.003274410 0.052631851 1.691224337 -0.003387043 0.999992132 0.002050971 -2.337602377 -0.052624725 -0.002226384 0.998611867 87.036079407
0.998281419 0.002480255 0.058548331 1.739322662 -0.002557403 0.999995947 0.001242799 -2.349037647 -0.058545008 -0.001390395 0.998283803 87.568794250
0.997696579 0.002902874 0.067771301 1.798162460 -0.002981476 0.999994993 0.001058698 -2.362678766 -0.067767888 -0.001258319 0.997700274 88.114295959
0.996958613 0.003216387 0.077866383 1.853262901 -0.003320566 0.999993742 0.001208480 -2.379813910 -0.077861995 -0.001463366 0.996963084 88.641387939
0.996277630 0.002592412 0.086163305 1.918105602 -0.002688054 0.999995887 0.000994010 -2.389065504 -0.086160362 -0.001221921 0.996280611 89.193283081
0.995620668 0.001997372 0.093463697 1.996816635 -0.002084073 0.999997497 0.000830044 -2.404336929 -0.093461804 -0.001021194 0.995622337 89.758644104
0.994427741 0.002037885 0.105401851 2.038085938 -0.002178384 0.999996901 0.001217874 -2.428011656 -0.105399042 -0.001440694 0.994428992 90.278900146
0.993222773 0.002191755 0.116206050 2.116137505 -0.002437188 0.999995053 0.001970000 -2.447096348 -0.116201162 -0.002239865 0.993223250 90.818672180
0.992119312 0.001929601 0.125281930 2.205039024 -0.002082327 0.999997258 0.001088116 -2.458058357 -0.125279486 -0.001340418 0.992120564 91.365196228
0.990689397 0.001432067 0.136133835 2.300991058 -0.001636267 0.999997616 0.001388106 -2.469560623 -0.136131540 -0.001597933 0.990689456 91.908683777
0.988923669 0.001718680 0.148415238 2.396897316 -0.001940200 0.999997199 0.001347795 -2.483814240 -0.148412481 -0.001620822 0.988924146 92.451789856
0.987168550 0.001606840 0.159673169 2.501235962 -0.001908570 0.999996722 0.001736336 -2.504462481 -0.159669846 -0.002018804 0.987168312 93.004959106
0.985519469 0.000378806 0.169562027 2.612972260 -0.000622640 0.999998808 0.001384855 -2.510048151 -0.169561312 -0.001470377 0.985518515 93.520591736
0.983181775 0.000322095 0.182629466 2.740577698 -0.000706143 0.999997675 0.002037851 -2.532653570 -0.182628393 -0.002132540 0.983179629 94.042907715
0.980824769 -0.000138205 0.194892064 2.864141464 -0.000250281 0.999997973 0.001968712 -2.550764322 -0.194891959 -0.001979739 0.980822802 94.550727844
0.978647590 -0.000153369 0.205545202 2.979482651 -0.000105542 0.999999225 0.001248661 -2.554842234 -0.205545232 -0.001243694 0.978646815 95.109413147
0.975874662 -0.000081989 0.218331531 3.126640320 -0.000218669 0.999999046 0.001352908 -2.569038868 -0.218331456 -0.001368011 0.975873709 95.640419006
0.972855806 -0.000325357 0.231412202 3.276706696 0.000000610 0.999998987 0.001403398 -2.584860086 -0.231412396 -0.001365162 0.972854793 96.161819458
0.969865680 -0.000399439 0.243639931 3.404403687 -0.000136089 0.999997556 0.002181193 -2.606768608 -0.243640229 -0.002148621 0.969863296 96.698966980
0.966747463 -0.000602572 0.255732328 3.570301056 0.000013430 0.999997258 0.002305483 -2.626309156 -0.255733073 -0.002225385 0.966744840 97.223167419
0.963068902 -0.000011408 0.269255310 3.736387253 -0.000551171 0.999997854 0.002013792 -2.630836248 -0.269254744 -0.002087826 0.963066757 97.742927551
0.959369659 -0.001103126 0.282149762 3.877925873 0.000486659 0.999997318 0.002254961 -2.649760723 -0.282151461 -0.002026030 0.959367692 98.258285522
0.956133485 -0.001944744 0.292924464 4.068033218 0.001382631 0.999996722 0.002126001 -2.659588337 -0.292927653 -0.001627734 0.956133246 98.781738281
0.951712310 -0.001317281 0.306988567 4.243495941 0.000647285 0.999997139 0.002284282 -2.676549673 -0.306990683 -0.001975270 0.951710403 99.301094055
0.947096229 -0.001158570 0.320947915 4.438554764 0.000601537 0.999998152 0.001834735 -2.685604572 -0.320949376 -0.001544608 0.947095037 99.814353943
0.943122804 -0.002260685 0.332437217 4.635135651 0.001681739 0.999996662 0.002029229 -2.698852301 -0.332440615 -0.001354739 0.943123221 100.323242188
0.938581109 -0.002441595 0.345050037 4.851362228 0.002009670 0.999996662 0.001609473 -2.710085869 -0.345052809 -0.000817184 0.938582957 100.835823059
0.933365345 -0.002769257 0.358916998 5.069128036 0.002291226 0.999995768 0.001757216 -2.723585367 -0.358920336 -0.000817764 0.933367848 101.339973450
0.928401172 -0.003426840 0.371563405 5.285760880 0.002733694 0.999993384 0.002392194 -2.743592262 -0.371569186 -0.001205175 0.928404510 101.843559265
0.923820198 -0.003642208 0.382809252 5.523302078 0.003269387 0.999993384 0.001624459 -2.751548767 -0.382812649 -0.000249157 0.923826039 102.338905334
0.917730868 -0.003776789 0.397184849 5.744316101 0.003066082 0.999992371 0.002424366 -2.769690990 -0.397191018 -0.001007114 0.917735398 102.832855225
0.912096858 -0.005300961 0.409940273 5.992916107 0.004781970 0.999985993 0.002291225 -2.778609753 -0.409946650 -0.000129498 0.912109494 103.311096191
0.906932533 -0.004645134 0.421250314 6.239246368 0.003880890 0.999988914 0.002671518 -2.803137541 -0.421258032 -0.000788060 0.906940460 103.786224365
0.900198102 -0.005972935 0.435439557 6.486465454 0.005338708 0.999982119 0.002679898 -2.803615570 -0.435447901 -0.000087755 0.900213897 104.313896179
0.894074202 -0.006554572 0.447870910 6.768234253 0.005783848 0.999978483 0.003088484 -2.823503733 -0.447881520 -0.000170916 0.894092858 104.776046753
0.887682557 -0.006563161 0.460409164 7.008903503 0.005951711 0.999978423 0.002779681 -2.832886934 -0.460417479 0.000272748 0.887702465 105.255325317
0.881871223 -0.006829950 0.471440881 7.284191132 0.006199718 0.999976635 0.002889945 -2.841150999 -0.471449584 0.000374241 0.881892920 105.741966248
0.874348044 -0.006947400 0.485249579 7.566085815 0.006394967 0.999975681 0.002794032 -2.854975224 -0.485257119 0.000660199 0.874371231 106.213882446
