1.000000000 0.000000000 0.000000000 0.000000000 0.000000000 1.000000000 0.000000000 0.000000000 0.000000000 0.000000000 1.000000000 0.000000000
1.000000000 0.000071499 -0.000030676 0.000298568 -0.000071498 1.000000000 0.000020721 0.000494070 0.000030678 -0.000020719 1.000000000 0.002213747
1.000000000 0.000022579 -0.000047955 0.000807441 -0.000022576 1.000000000 0.000060009 -0.001179275 0.000047956 -0.000060008 1.000000000 0.000864729
1.000000000 -0.000032238 -0.000037351 0.000536316 0.000032236 1.000000000 -0.000038233 0.000467528 0.000037352 0.000038232 1.000000000 -0.001516072
1.000000000 -0.000161545 -0.000115073 0.001346657 0.000161552 1.000000000 0.000057475 -0.000617122 0.000115064 -0.000057493 1.000000000 0.000353866
1.000000000 -0.000155104 -0.000116632 -0.000613857 0.000155109 1.000000000 0.000043070 0.000269134 0.000116625 -0.000043088 1.000000000 -0.000314786
1.000000000 -0.000135940 -0.000058981 0.000667979 0.000135944 1.000000000 0.000061349 -0.000743749 0.000058973 -0.000061357 1.000000000 0.001418197
1.000000000 -0.000158427 -0.000061774 0.000128960 0.000158432 1.000000000 0.000081918 -0.000865860 0.000061761 -0.000081927 1.000000000 -0.000601879
1.000000000 -0.000032892 -0.000087321 0.000548935 0.000032898 1.000000000 0.000067470 -0.000010530 0.000087318 -0.000067473 1.000000000 -0.001782393
1.000000000 -0.000044376 -0.000007012 -0.000419089 0.000044376 1.000000000 0.000046559 0.000733499 0.000007010 -0.000046559 1.000000000 0.002779592
1.000000000 -0.000057256 -0.000073516 0.000895791 0.000057256 1.000000000 0.000004707 0.000619975 0.000073516 -0.000004711 1.000000000 -0.000229428
1.000000000 -0.000103509 -0.000123016 0.001030571 0.000103515 1.000000000 0.000052853 0.000173386 0.000123011 -0.000052866 1.000000000 -0.000374208
1.000000000 -0.000110535 -0.000052437 -0.000065898 0.000110534 1.000000000 -0.000030608 0.001779456 0.000052440 0.000030602 1.000000000 0.002461550
0.999999940 -0.000216212 -0.000131671 0.001029493 0.000216226 1.000000000 0.000100845 0.000125857 0.000131650 -0.000100873 1.000000000 -0.001586781
1.000000000 -0.000114202 -0.000138714 0.001074119 0.000114210 1.000000000 0.000056097 -0.000552783 0.000138708 -0.000056112 1.000000000 -0.002170112
1.000000000 -0.000153498 -0.000167274 0.003233155 0.000153523 1.000000000 0.000147444 -0.000980446 0.000167251 -0.000147470 1.000000000 -0.005023249
1.000000000 -0.000123373 -0.000052755 0.001469044 0.000123377 1.000000000 0.000068437 -0.000426137 0.000052746 -0.000068444 1.000000000 -0.003407827
1.000000000 -0.000043350 -0.000077781 0.002002208 0.000043353 1.000000000 0.000032334 -0.000133645 0.000077780 -0.000032337 1.000000000 -0.000352378
1.000000000 -0.000017955 -0.000124924 0.001892009 0.000017971 1.000000000 0.000130247 -0.000683310 0.000124922 -0.000130249 1.000000000 -0.003107151
0.999999940 -0.000228329 -0.000139171 0.001347566 0.000228339 1.000000000 0.000076812 -0.000382796 0.000139153 -0.000076844 1.000000000 -0.003376354
1.000000000 -0.000194327 -0.000107873 0.000865506 0.000194337 1.000000000 0.000090408 0.000384258 0.000107856 -0.000090429 1.000000000 0.001262535
1.000000000 -0.000198703 -0.000113419 0.000435981 0.000198716 1.000000000 0.000111968 -0.001596505 0.000113397 -0.000111990 1.000000000 -0.003705596
1.000000000 -0.000064976 -0.000157982 0.003610497 0.000064994 1.000000000 0.000113516 -0.000673263 0.000157974 -0.000113526 1.000000000 -0.002431965
1.000000000 -0.000098588 -0.000166100 0.003052563 0.000098602 1.000000000 0.000083459 -0.001202639 0.000166092 -0.000083475 1.000000000 -0.001599766
0.999999940 -0.000190494 -0.000182445 0.002792217 0.000190518 1.000000000 0.000131317 -0.001256633 0.000182420 -0.000131351 1.000000000 -0.005222079
0.999999940 -0.000179553 -0.000192147 0.002802375 0.000179571 1.000000000 0.000091379 0.000411130 0.000192130 -0.000091413 1.000000000 -0.001549442
1.000000000 -0.000167424 -0.000144045 0.002749092 0.000167434 1.000000000 0.000071663 0.000166487 0.000144033 -0.000071687 1.000000000 -0.002965751
0.999999940 -0.000230915 -0.000164428 0.003328377 0.000230932 0.999999940 0.000105840 -0.000836363 0.000164403 -0.000105878 1.000000000 -0.003880850
1.000000000 -0.000214552 -0.000111493 0.000236871 0.000214561 1.000000000 0.000079603 -0.001088711 0.000111476 -0.000079627 1.000000000 -0.002882833
1.000000000 -0.000060388 -0.000190530 0.002933255 0.000060416 1.000000000 0.000151047 -0.000916367 0.000190521 -0.000151058 1.000000000 -0.003349180
0.999999940 -0.000224336 -0.000203629 0.004290857 0.000224360 0.999999940 0.000117259 -0.001016320 0.000203603 -0.000117304 1.000000000 -0.003265703
0.999999940 -0.000210342 -0.000227704 0.003649806 0.000210369 1.000000000 0.000121482 -0.000587368 0.000227679 -0.000121530 0.999999940 -0.002687070
1.000000000 -0.000189605 -0.000149783 0.002545823 0.000189620 1.000000000 0.000099208 -0.000371851 0.000149764 -0.000099236 1.000000000 -0.004770767
1.000000000 -0.000104082 -0.000135242 0.002717834 0.000104091 1.000000000 0.000062270 -0.000999028 0.000135235 -0.000062284 1.000000000 -0.002801088
1.000000000 -0.000146290 -0.000147541 0.002593428 0.000146302 1.000000000 0.000081328 -0.000518160 0.000147530 -0.000081350 1.000000000 -0.001374978
0.999999940 -0.000218686 -0.000155458 0.002173281 0.000218708 0.999999940 0.000142579 -0.001659413 0.000155427 -0.000142613 1.000000000 -0.005103798
0.999999940 -0.000205103 -0.000210050 0.003107771 0.000205120 1.000000000 0.000081831 0.000287076 0.000210033 -0.000081874 1.000000000 -0.002300777
0.999999940 -0.000208783 -0.000207349 0.004103274 0.000208810 0.999999940 0.000132424 0.000438029 0.000207321 -0.000132467 0.999999940 -0.004312138
1.000000000 -0.000202519 -0.000118516 0.001199595 0.000202530 1.000000000 0.000093294 -0.000284385 0.000118497 -0.000093318 1.000000000 -0.003409214
0.999999940 -0.000169393 -0.000190349 0.002431432 0.000169422 1.000000000 0.000149258 -0.000735343 0.000190323 -0.000149290 1.000000000 -0.004580828
0.999999940 -0.000192125 -0.000210302 0.005117815 0.000192141 1.000000000 0.000075617 -0.001985531 0.000210287 -0.000075657 1.000000000 -0.001618369
1.000000000 -0.000232261 -0.000021021 0.001290283 0.000232249 0.999999821 -0.000532279 -0.002756750 0.000021145 0.000532274 0.999999881 0.050646301
1.000000000 -0.000036048 -0.000151963 0.003418081 0.000035876 0.999999344 -0.001131103 -0.003994537 0.000152004 0.001131097 0.999999344 0.141280517
1.000000000 -0.000139857 -0.000079128 0.004007528 0.000139741 0.999998927 -0.001469453 -0.007763080 0.000079333 0.001469442 0.999998927 0.259166837
1.000000000 -0.000120311 -0.000049240 0.006515864 0.000120244 0.999999046 -0.001376153 -0.011277565 0.000049405 0.001376147 0.999999046 0.393449664
1.000000000 -0.000030738 -0.000140317 0.010208515 0.000030577 0.999999344 -0.001146229 -0.018748662 0.000140352 0.001146225 0.999999344 0.528789043
1.000000000 0.000049966 -0.000068100 0.012296736 -0.000050042 0.999999404 -0.001113303 -0.021026349 0.000068044 0.001113307 0.999999404 0.686246336
1.000000000 -0.000025861 0.000082492 0.016059272 0.000025936 0.999999583 -0.000909827 -0.024409879 -0.000082468 0.000909829 0.999999583 0.846659541
0.999999940 0.000337002 0.000235955 0.010832782 -0.000336819 0.999999642 -0.000777090 -0.025915867 -0.000236217 0.000777010 0.999999642 1.028193116
1.000000000 0.000088546 -0.000212365 0.025968326 -0.000088670 0.999999821 -0.000582900 -0.037316214 0.000212313 0.000582918 0.999999821 1.188127637
1.000000000 0.000024304 -0.000022546 0.028300995 -0.000024311 0.999999940 -0.000267903 -0.041407716 0.000022539 0.000267904 0.999999940 1.366333723
0.999999821 -0.000110729 -0.000627508 0.037383284 0.000110492 1.000000000 -0.000377331 -0.049423568 0.000627549 0.000377261 0.999999762 1.561364412
1.000000000 -0.000265670 -0.000340785 0.038180795 0.000265557 0.999999940 -0.000330014 -0.053805102 0.000340873 0.000329924 0.999999881 1.757179499
0.999999762 -0.000446946 -0.000639239 0.046337985 0.000446960 1.000000000 0.000020558 -0.060207348 0.000639230 -0.000020844 0.999999821 1.965223074
0.999999583 -0.000763748 -0.000471511 0.048580416 0.000763984 0.999999583 0.000500216 -0.074259199 0.000471129 -0.000500576 0.999999762 2.168642759
0.999999642 -0.000622832 -0.000542373 0.056582950 0.000623191 0.999999642 0.000662329 -0.082249448 0.000541960 -0.000662667 0.999999642 2.382726192
0.999999583 -0.000699442 -0.000538291 0.062810950 0.000699780 0.999999523 0.000627072 -0.084865324 0.000537852 -0.000627448 0.999999642 2.609009981
0.999999642 -0.000747494 -0.000376253 0.062510803 0.000747732 0.999999523 0.000633188 -0.091617510 0.000375779 -0.000633469 0.999999762 2.846823692
0.999999881 -0.000350901 -0.000304481 0.069834597 0.000350971 0.999999881 0.000228397 -0.094994098 0.000304400 -0.000228504 0.999999940 3.064010382
0.999999821 -0.000536522 -0.000322897 0.076092012 0.000536634 0.999999881 0.000347659 -0.104787365 0.000322711 -0.000347832 0.999999821 3.301595211
0.999999881 -0.000590886 -0.000170708 0.078143835 0.000590959 0.999999762 0.000426833 -0.112159811 0.000170455 -0.000426934 0.999999940 3.543102026
0.999999702 -0.000696995 -0.000323461 0.090718471 0.000697208 0.999999583 0.000656745 -0.121535182 0.000323003 -0.000656970 0.999999702 3.804802656
0.999999881 -0.000340934 -0.000316524 0.087275155 0.000341285 0.999999285 0.001110742 -0.137535095 0.000316145 -0.001110850 0.999999344 4.048100471
0.999999940 0.000254401 -0.000123187 0.089121729 -0.000254254 0.999999285 0.001189112 -0.140999913 0.000123489 -0.001189080 0.999999344 4.307026386
0.999999940 -0.000294629 -0.000226120 0.094729155 0.000294866 0.999999404 0.001051779 -0.149730459 0.000225810 -0.001051846 0.999999404 4.552164555
1.000000000 -0.000181442 -0.000134883 0.100884058 0.000181607 0.999999225 0.001222402 -0.158908337 0.000134662 -0.001222426 0.999999225 4.812648773
0.999999881 -0.000429457 -0.000266075 0.107245095 0.000429838 0.999998808 0.001434637 -0.168142408 0.000265458 -0.001434752 0.999998927 5.076586723
0.999999762 -0.000718904 -0.000020127 0.106839322 0.000718933 0.999998569 0.001492124 -0.175708562 0.000019054 -0.001492138 0.999998808 5.330181599
0.999999821 -0.000628227 -0.000129472 0.115401603 0.000628396 0.999998987 0.001308852 -0.183489501 0.000128650 -0.001308933 0.999999166 5.594706535
0.999999702 -0.000790585 -0.000122296 0.119666874 0.000790778 0.999998450 0.001586738 -0.190579519 0.000121041 -0.001586834 0.999998748 5.872828007
0.999999821 -0.000587398 -0.000021346 0.124240093 0.000587434 0.999998331 0.001731433 -0.204782665 0.000020329 -0.001731445 0.999998450 6.144618988
0.999999881 -0.000432418 0.000097917 0.121999726 0.000432205 0.999997556 0.002168129 -0.218245760 -0.000098855 -0.002168087 0.999997616 6.416119099
0.999999464 -0.000938992 -0.000070207 0.133240163 0.000939145 0.999997020 0.002215175 -0.230808198 0.000068127 -0.002215240 0.999997556 6.693269730
0.999999881 -0.000482777 0.000155147 0.142063558 0.000482434 0.999997497 0.002201550 -0.239525750 -0.000156210 -0.002201476 0.999997556 6.974448681
0.999999583 -0.000849738 0.000134467 0.142871141 0.000849420 0.999996841 0.002349186 -0.247892320 -0.000136462 -0.002349071 0.999997139 7.284373283
0.999999881 -0.000315361 0.000321248 0.155317873 0.000314591 0.999997079 0.002395440 -0.263201535 -0.000322003 -0.002395339 0.999997020 7.572730064
0.999999464 -0.001056990 0.000031962 0.154934645 0.001056915 0.999996901 0.002250883 -0.271535069 -0.000034341 -0.002250848 0.999997437 7.908529282
0.999999523 -0.000931086 0.000113300 0.162310734 0.000930829 0.999997020 0.002242158 -0.277194291 -0.000115387 -0.002242052 0.999997437 8.222295761
0.999999225 -0.001248976 0.000337669 0.165880010 0.001248180 0.999996424 0.002347874 -0.282985359 -0.000340600 -0.002347451 0.999997199 8.568902969
0.999999821 -0.000526835 0.000324544 0.166614801 0.000526054 0.999996960 0.002399704 -0.294891864 -0.000325807 -0.002399533 0.999997020 8.885709763
0.999999762 -0.000737332 0.000398046 0.173106059 0.000736329 0.999996662 0.002511868 -0.306710780 -0.000399896 -0.002511574 0.999996722 9.231199265
0.999999762 -0.000279500 0.000578232 0.176775679 0.000278019 0.999996662 0.002559525 -0.331396520 -0.000578945 -0.002559364 0.999996483 9.551444054
0.999999762 0.000003926 0.000667917 0.184726924 -0.000005575 0.999996960 0.002469481 -0.338580638 -0.000667905 -0.002469484 0.999996722 9.896799088
0.999999762 -0.000438586 0.000541439 0.190246880 0.000437187 0.999996483 0.002581199 -0.347806484 -0.000542569 -0.002580961 0.999996483 10.264780998
0.999999762 -0.000351641 0.000642367 0.202056691 0.000349916 0.999996305 0.002684655 -0.359987617 -0.000643309 -0.002684429 0.999996185 10.618474007
0.999999762 -0.000505726 0.000446947 0.210434854 0.000504264 0.999994457 0.003266363 -0.380045801 -0.000448596 -0.003266136 0.999994576 10.965224266
0.999999762 -0.000475382 0.000492582 0.218183324 0.000473838 0.999994934 0.003130539 -0.388916075 -0.000494067 -0.003130305 0.999994993 11.337993622
0.999999702 -0.000224120 0.000634480 0.225318193 0.000222038 0.999994516 0.003279894 -0.397589475 -0.000635212 -0.003279753 0.999994457 11.737038612
0.999999702 -0.000592573 0.000407921 0.235727191 0.000591179 0.999993920 0.003410157 -0.410495043 -0.000409940 -0.003409915 0.999994099 12.105657578
0.999999702 -0.000106791 0.000767546 0.244990423 0.000103623 0.999991477 0.004125679 -0.463426322 -0.000767980 -0.004125599 0.999991179 12.475509644
0.999999523 0.000036190 0.000954259 0.250719309 -0.000040191 0.999991119 0.004193109 -0.473540902 -0.000954099 -0.004193146 0.999990761 12.876529694
0.999999821 -0.000457335 0.000485234 0.271353960 0.000455290 0.999991000 0.004205815 -0.488067061 -0.000487153 -0.004205593 0.999991000 13.252279282
0.999999344 -0.000012263 0.001126580 0.272542745 0.000007559 0.999991298 0.004174689 -0.494801402 -0.001126621 -0.004174678 0.999990642 13.679939270
0.999999106 -0.001188601 0.000657713 0.293199629 0.001185485 0.999988139 0.004718773 -0.524729192 -0.000663314 -0.004717989 0.999988675 14.062712669
0.999998808 -0.001469090 0.000430578 0.310700148 0.001467129 0.999988616 0.004521705 -0.538236022 -0.000437216 -0.004521067 0.999989748 14.476954460
0.999998689 -0.001376415 0.000887826 0.318006277 0.001371961 0.999986470 0.004998011 -0.554095984 -0.000894694 -0.004996786 0.999987125 14.904148102
0.999998569 -0.001085765 0.001299476 0.319637656 0.001079462 0.999987662 0.004841140 -0.559256554 -0.001304716 -0.004839730 0.999987423 15.324707985
0.999997735 -0.001177340 0.001769871 0.330767393 0.001168653 0.999987304 0.004901588 -0.568892360 -0.001775620 -0.004899510 0.999986470 15.763970375
0.999997377 -0.000615634 0.002195508 0.338151544 0.000604276 0.999986529 0.005170280 -0.579416692 -0.002198662 -0.005168940 0.999984264 16.208173752
0.999996305 -0.001327735 0.002374454 0.338409096 0.001314615 0.999983907 0.005518259 -0.605108917 -0.002381743 -0.005515118 0.999981880 16.638834000
0.999996126 -0.001419179 0.002369707 0.352104366 0.001406024 0.999983668 0.005543577 -0.613884389 -0.002377536 -0.005540225 0.999981821 17.100528717
0.999995649 -0.000579827 0.002882442 0.363105983 0.000562450 0.999981701 0.006025596 -0.636822045 -0.002885882 -0.006023949 0.999977708 17.524375916
0.999996364 -0.000703633 0.002583158 0.374590516 0.000687456 0.999980211 0.006257879 -0.649793088 -0.002587510 -0.006256081 0.999977112 17.976015091
0.999994874 -0.000791388 0.003102629 0.385808885 0.000771900 0.999980032 0.006277211 -0.660070181 -0.003107535 -0.006274784 0.999975502 18.460708618
0.999993622 -0.000663128 0.003504629 0.394071370 0.000641534 0.999980748 0.006159171 -0.680082500 -0.003508646 -0.006156884 0.999974906 18.921716690
0.999993980 -0.000708566 0.003386008 0.411594838 0.000687612 0.999980569 0.006185335 -0.689914644 -0.003390324 -0.006182969 0.999975145 19.392967224
0.999993384 -0.000105371 0.003607978 0.423134297 0.000082886 0.999980569 0.006231631 -0.701366782 -0.003608565 -0.006231293 0.999974072 19.874082565
0.999993503 -0.000492665 0.003578956 0.431591153 0.000469847 0.999979556 0.006373565 -0.712433219 -0.003582023 -0.006371841 0.999973297 20.372184753
0.999995887 -0.001535180 0.002406735 0.456570685 0.001519036 0.999976456 0.006695427 -0.736915469 -0.002416957 -0.006691743 0.999974668 20.816547394
0.999996126 -0.002155919 0.001766895 0.465391546 0.002143775 0.999974310 0.006846340 -0.742853582 -0.001781610 -0.006842525 0.999975026 21.328094482
0.999996722 -0.001870279 0.001732195 0.464597106 0.001858304 0.999974549 0.006888974 -0.761478424 -0.001745035 -0.006885731 0.999974728 21.823741913
0.999997258 -0.001925157 0.001332360 0.449956536 0.001915685 0.999973059 0.007073846 -0.789235651 -0.001345942 -0.007071275 0.999974072 22.295017242
0.999997854 -0.001921396 0.000732038 0.462045878 0.001916233 0.999973714 0.006990796 -0.798546433 -0.000745450 -0.006989380 0.999975264 22.812168121
0.999997675 -0.002102749 0.000028654 0.475315183 0.002102507 0.999974906 0.006761278 -0.810055077 -0.000042870 -0.006761203 0.999977112 23.334609985
0.999992788 -0.003751311 -0.000608345 0.483516276 0.003755545 0.999967635 0.007114776 -0.834384859 0.000581636 -0.007117010 0.999974489 23.711786270
0.999997675 -0.002037135 -0.000603186 0.486344486 0.002041430 0.999971867 0.007207807 -0.856530190 0.000588485 -0.007209022 0.999973834 24.262821198
0.999996603 -0.002055212 -0.001559292 0.500843465 0.002066553 0.999971151 0.007307010 -0.867156148 0.001544230 -0.007310207 0.999972105 24.800178528
0.999996960 -0.001369533 -0.002038272 0.501185834 0.001384262 0.999972820 0.007242410 -0.871506929 0.002028298 -0.007245210 0.999971688 25.331638336
0.999997735 -0.000876155 -0.001930380 0.494851649 0.000891171 0.999969244 0.007791817 -0.896160007 0.001923494 -0.007793520 0.999967754 25.799242020
0.999995887 -0.001737260 -0.002268741 0.505406260 0.001756410 0.999962568 0.008466060 -0.908028722 0.002253948 -0.008470011 0.999961615 26.343086243
0.999993443 -0.001538123 -0.003261166 0.520467937 0.001565731 0.999962807 0.008480133 -0.915945351 0.003248001 -0.008485183 0.999958694 26.897645950
0.999994040 -0.000694003 -0.003365461 0.535535812 0.000720645 0.999968350 0.007921602 -0.929548204 0.003359857 -0.007923980 0.999962986 27.360990524
0.999994397 -0.000687952 -0.003275204 0.540811479 0.000714315 0.999967277 0.008054922 -0.940806389 0.003269555 -0.008057218 0.999962211 27.903985977
0.999991536 -0.000907953 -0.004027027 0.556336284 0.000940368 0.999967098 0.008054803 -0.954823673 0.004019582 -0.008058522 0.999959528 28.453750610
0.999989867 -0.000703279 -0.004450339 0.558974147 0.000741121 0.999963522 0.008507238 -0.969262183 0.004444195 -0.008510451 0.999953866 28.920909882
0.999988079 -0.000845575 -0.004810639 0.570442736 0.000886154 0.999963999 0.008439343 -0.981393814 0.004803330 -0.008443506 0.999952853 29.458021164
0.999988675 -0.000589998 -0.004723282 0.556992233 0.000628303 0.999967039 0.008112538 -0.981420279 0.004718340 -0.008115415 0.999955952 29.977071762
0.999987066 -0.000589012 -0.005048120 0.567331672 0.000630268 0.999966383 0.008174920 -0.991817832 0.005043136 -0.008177997 0.999953866 30.523813248
0.999983728 -0.000754626 -0.005662066 0.586698890 0.000799314 0.999968588 0.007894369 -1.004920483 0.005655931 -0.007898766 0.999952793 31.058008194
0.999981761 -0.000312758 -0.006030782 0.618532479 0.000360057 0.999969184 0.007843435 -1.028631926 0.006028143 -0.007845465 0.999951065 31.598796844
0.999984682 -0.000774059 -0.005476645 0.579038560 0.000821826 0.999961615 0.008724961 -1.041991711 0.005469681 -0.008729328 0.999946952 31.992649078
0.999983490 -0.000585509 -0.005701113 0.583255053 0.000636365 0.999960065 0.008922680 -1.054310322 0.005695660 -0.008926162 0.999943972 32.545509338
0.999981940 -0.000363262 -0.005999355 0.592779279 0.000414558 0.999963403 0.008551375 -1.060224652 0.005996029 -0.008553707 0.999945462 33.078933716
0.999983430 0.000342571 -0.005739794 0.588045061 -0.000291648 0.999960661 0.008870430 -1.069712877 0.005742606 -0.008868610 0.999944270 33.629184723
0.999980032 -0.000591620 -0.006314097 0.584024489 0.000649585 0.999957561 0.009182055 -1.134074688 0.006308398 -0.009185972 0.999937892 34.115901947
0.999978304 -0.000624976 -0.006563907 0.592547119 0.000686474 0.999955833 0.009370999 -1.145929933 0.006557759 -0.009375301 0.999934554 34.657726288
0.999977350 -0.000882932 -0.006669444 0.601531386 0.000944021 0.999957561 0.009161924 -1.150472641 0.006661072 -0.009168012 0.999935746 35.217590332
0.999974906 -0.000008220 -0.007092460 0.606674910 0.000068848 0.999963462 0.008548080 -1.163613081 0.007092130 -0.008548353 0.999938309 35.769527435
0.999977231 0.000930355 -0.006694131 0.605608344 -0.000871763 0.999961317 0.008750358 -1.181085706 0.006702013 -0.008744322 0.999939263 36.278263092
0.999976873 0.000199720 -0.006799690 0.637852788 -0.000134517 0.999954045 0.009588266 -1.210771561 0.006801293 -0.009587130 0.999930918 36.711978912
0.999976158 -0.000015318 -0.006916062 0.649349689 0.000082857 0.999952316 0.009765289 -1.219907999 0.006915582 -0.009765628 0.999928355 37.262477875
0.999975681 0.000655350 -0.006942515 0.655055523 -0.000586396 0.999950528 0.009929543 -1.229683280 0.006948677 -0.009925229 0.999926627 37.797027588
0.999973118 0.000428835 -0.007329182 0.670292616 -0.000358050 0.999953270 0.009656458 -1.245349646 0.007332981 -0.009653573 0.999926507 38.322944641
0.999973416 0.002042423 -0.007004998 0.669228971 -0.001980154 0.999958575 0.008884665 -1.254441023 0.007022853 -0.008870556 0.999936044 38.857162476
0.999970555 -0.000400646 -0.007657238 0.661581278 0.000480882 0.999944985 0.010479521 -1.284398317 0.007652618 -0.010482895 0.999915779 39.370788574
0.999971390 -0.000363693 -0.007545109 0.667431533 0.000442538 0.999945283 0.010450696 -1.296934962 0.007540895 -0.010453738 0.999916911 39.924465179
0.999971330 -0.000177264 -0.007566539 0.671622694 0.000257144 0.999944270 0.010557445 -1.300357342 0.007564245 -0.010559088 0.999915659 40.482154846
0.999969602 -0.000260356 -0.007789765 0.682724357 0.000342639 0.999944150 0.010563542 -1.312971354 0.007786580 -0.010565890 0.999913871 41.025203705
0.999967873 0.000252229 -0.008007904 0.691804707 -0.000177740 0.999956727 0.009301296 -1.313179970 0.008009903 -0.009299574 0.999924660 41.591239929
0.999965429 -0.000151589 -0.008329108 0.699915528 0.000230188 0.999955416 0.009436540 -1.323097348 0.008327305 -0.009438130 0.999920785 42.123741150
0.999966502 -0.000421447 -0.008171227 0.701045752 0.000505580 0.999946833 0.010296965 -1.352067351 0.008166454 -0.010300752 0.999913514 42.531764984
0.999963403 -0.000618192 -0.008549203 0.713914871 0.000706874 0.999945879 0.010373975 -1.366339803 0.008542329 -0.010379637 0.999909639 43.051757812
0.999961615 -0.000610773 -0.008743967 0.719068348 0.000697697 0.999950290 0.009941381 -1.370307207 0.008737461 -0.009947101 0.999912322 43.599857330
0.999963045 -0.000450585 -0.008582060 0.724879384 0.000541972 0.999943137 0.010649308 -1.387432814 0.008576771 -0.010653566 0.999906480 44.102558136
0.999963701 -0.000531854 -0.008508486 0.737937272 0.000613213 0.999954104 0.009562263 -1.382389665 0.008503009 -0.009567133 0.999918044 44.721981049
0.999964535 -0.000313323 -0.008408082 0.737333775 0.000402355 0.999943852 0.010589328 -1.407348514 0.008404290 -0.010592336 0.999908626 45.162197113
0.999966323 -0.000264416 -0.008199473 0.730900943 0.000352853 0.999941826 0.010786086 -1.421060205 0.008196142 -0.010788616 0.999908209 45.713443756
0.999963939 0.000325214 -0.008485363 0.745316088 -0.000238732 0.999948025 0.010190914 -1.424976707 0.008488235 -0.010188521 0.999912083 46.303474426
0.999961972 -0.000348642 -0.008717201 0.751839995 0.000440734 0.999944091 0.010564622 -1.443212509 0.008713032 -0.010568062 0.999906182 46.719978333
0.999961913 -0.000212039 -0.008733241 0.761301637 0.000303937 0.999944568 0.010522845 -1.452543497 0.008730525 -0.010525098 0.999906480 47.267238617
0.999959886 -0.000498634 -0.008942743 0.762235761 0.000592910 0.999944270 0.010542597 -1.460338473 0.008936986 -0.010547477 0.999904454 47.749656677
0.999958813 -0.000335453 -0.009065988 0.772143722 0.000431418 0.999943912 0.010585248 -1.475510478 0.009061928 -0.010588724 0.999902904 48.293125153
0.999961555 -0.000163462 -0.008769880 0.770577192 0.000256329 0.999943912 0.010589259 -1.477529049 0.008767658 -0.010591100 0.999905467 48.789104462
0.999958694 -0.000384455 -0.009072970 0.771545291 0.000483900 0.999939799 0.010960908 -1.492114544 0.009068210 -0.010964845 0.999898732 49.387718201
0.999962389 0.000024135 -0.008663635 0.779143691 0.000067980 0.999943435 0.010631898 -1.501136184 0.008663401 -0.010632087 0.999905944 49.831199646
0.999965250 0.000381890 -0.008329765 0.778293133 -0.000292596 0.999942541 0.010718438 -1.511421442 0.008333381 -0.010715628 0.999907851 50.375232697
0.999961257 0.000135559 -0.008797365 0.785307884 -0.000043833 0.999945581 0.010425883 -1.515654564 0.008798299 -0.010425093 0.999906957 50.859199524
0.999963045 -0.000006851 -0.008594273 0.799356461 0.000095129 0.999947190 0.010271355 -1.520092964 0.008593749 -0.010271793 0.999910235 51.453659058
0.999961019 0.000308134 -0.008819642 0.794790745 -0.000216407 0.999945998 0.010399493 -1.538023472 0.008822370 -0.010397182 0.999906957 51.902828217
0.999959767 0.000317392 -0.008964923 0.801733494 -0.000227730 0.999949992 0.010000642 -1.546317458 0.008967647 -0.009998199 0.999909759 52.452960968
0.999961019 0.000412849 -0.008810371 0.805058002 -0.000319978 0.999944329 0.010539968 -1.556389809 0.008814235 -0.010536738 0.999905646 52.923751831
0.999960482 0.000165619 -0.008894217 0.812509477 -0.000073296 0.999946177 0.010379423 -1.568497658 0.008895457 -0.010378360 0.999906540 53.532394409
0.999964178 0.000752824 -0.008421835 0.805975080 -0.000667652 0.999948561 0.010111494 -1.565266252 0.008429013 -0.010105507 0.999913394 54.031932831
0.999962151 0.000443322 -0.008680906 0.822197199 -0.000351479 0.999943972 0.010578568 -1.589110374 0.008685108 -0.010575119 0.999906361 54.468669891
0.999961019 0.000338668 -0.008809390 0.835019469 -0.000251968 0.999951541 0.009840994 -1.570747614 0.008812293 -0.009838392 0.999912798 55.092090607
0.999968708 0.001157705 -0.007822996 0.836311698 -0.001079001 0.999948740 0.010057360 -1.608743668 0.007834238 -0.010048605 0.999918818 55.537357330
0.999969602 0.001681739 -0.007616111 0.829073668 -0.001606023 0.999949336 0.009936830 -1.620939732 0.007632436 -0.009924296 0.999921620 56.097286224
0.999964714 0.000505627 -0.008383931 0.839139879 -0.000420127 0.999947906 0.010196748 -1.621082783 0.008388648 -0.010192866 0.999912858 56.514747620
0.999964058 0.000411221 -0.008459181 0.845103979 -0.000322813 0.999945462 0.010449914 -1.628203392 0.008463014 -0.010446810 0.999909639 57.036556244
0.999965191 0.000846841 -0.008290926 0.851300716 -0.000763428 0.999949157 0.010058729 -1.638841152 0.008299020 -0.010052050 0.999915063 57.571910858
0.999967456 0.001152084 -0.007982513 0.858033419 -0.001071116 0.999948025 0.010139992 -1.648294568 0.007993779 -0.010131113 0.999916732 58.103767395
0.999962091 0.000095213 -0.008703174 0.874523580 -0.000003829 0.999944866 0.010499493 -1.664658904 0.008703694 -0.010499063 0.999906957 58.512828827
0.999965549 0.000516084 -0.008281797 0.869445562 -0.000430317 0.999946296 0.010354569 -1.675593495 0.008286697 -0.010350648 0.999912083 59.044822693
0.999962628 0.000624706 -0.008623098 0.891086996 -0.000535633 0.999946535 0.010328031 -1.685472965 0.008629090 -0.010323026 0.999909461 59.585548401
0.999961674 0.000401029 -0.008745315 0.901507974 -0.000313662 0.999950051 0.009989248 -1.695971370 0.008748886 -0.009986121 0.999911845 60.118358612
0.999957383 -0.000008459 -0.009234583 0.912613094 0.000099849 0.999951065 0.009896082 -1.710176229 0.009234048 -0.009896580 0.999908388 60.655853271
0.999958217 0.000607621 -0.009106728 0.922566652 -0.000518399 0.999951839 0.009796541 -1.714982867 0.009112243 -0.009791411 0.999910533 61.150081635
0.999960065 0.000201891 -0.008936236 0.930813193 -0.000113196 0.999950767 0.009924663 -1.709382296 0.008937800 -0.009923256 0.999910772 61.598838806
0.999963582 0.001769540 -0.008344734 0.929816067 -0.001683374 0.999945343 0.010321545 -1.723831415 0.008362543 -0.010307122 0.999911904 62.063858032
0.999963284 0.001567136 -0.008410274 0.939434469 -0.001483137 0.999949038 0.009984631 -1.737287998 0.008425493 -0.009971792 0.999914706 62.658348083
0.999966979 0.002246069 -0.007808393 0.895921767 -0.002163601 0.999941945 0.010553814 -1.799890757 0.007831645 -0.010536568 0.999913812 63.122039795
0.999964118 0.001344938 -0.008363324 0.914718509 -0.001261905 0.999949932 0.009925568 -1.801448464 0.008376257 -0.009914657 0.999915779 63.673130035
0.999966145 0.001265035 -0.008132464 0.916450262 -0.001188127 0.999954522 0.009454779 -1.805071473 0.008144056 -0.009444795 0.999922216 64.230575562
0.999964237 0.001972552 -0.008223061 0.922539532 -0.001898341 0.999957383 0.009022685 -1.813045502 0.008240510 -0.009006752 0.999925494 64.773429871
0.999971390 0.001779875 -0.007343373 0.871330380 -0.001715128 0.999959588 0.008813921 -1.812958002 0.007358767 -0.008801073 0.999934196 65.209587097
0.999971569 0.000696092 -0.007513180 0.878037691 -0.000627769 0.999958396 0.009092191 -1.814141035 0.007519197 -0.009087213 0.999930441 65.710525513
0.999975979 0.003481794 -0.005988072 0.863558471 -0.003429334 0.999955833 0.008748721 -1.829542875 0.006018270 -0.008727973 0.999943793 66.234741211
0.999973416 0.001996605 -0.007001383 0.892403662 -0.001934143 0.999958336 0.008916792 -1.842568517 0.007018893 -0.008903011 0.999935746 66.714050293
0.999965608 0.003753435 -0.007398190 0.926107407 -0.003675932 0.999938488 0.010461861 -1.893139005 0.007437006 -0.010434307 0.999917865 67.144157410
0.999964297 0.004095540 -0.007399744 0.933329880 -0.004015842 0.999934077 0.010753334 -1.907672405 0.007443298 -0.010723234 0.999914825 67.686683655
0.999966025 0.005269634 -0.006338812 0.928115010 -0.005201498 0.999929011 0.010717877 -1.912153721 0.006394841 -0.010684542 0.999922454 68.229286194
0.999965787 0.004945578 -0.006643021 0.931195498 -0.004874740 0.999931455 0.010637726 -1.921939135 0.006695176 -0.010604977 0.999921381 68.758049011
0.999967337 0.004056413 -0.006987128 0.940195620 -0.003984188 0.999938786 0.010319955 -1.929350138 0.007028562 -0.010291778 0.999922335 69.203155518
0.999963403 0.005161768 -0.006820531 0.952374220 -0.005095901 0.999940574 0.009639608 -1.923434258 0.006869882 -0.009604498 0.999930263 69.922973633
0.999968231 0.004014631 -0.006891257 0.939860106 -0.003947516 0.999944925 0.009725313 -1.946035028 0.006929921 -0.009697800 0.999928951 70.316642761
0.999966800 0.004820611 -0.006572089 0.955111802 -0.004754208 0.999937832 0.010082397 -1.957773209 0.006620285 -0.010050816 0.999927580 70.809494019
0.999965966 0.005258921 -0.006369848 0.952795327 -0.005195073 0.999936521 0.009998965 -1.964367747 0.006422026 -0.009965533 0.999929726 71.385887146
0.999968290 0.004627570 -0.006475448 0.967370808 -0.004561198 0.999937296 0.010227093 -1.980323792 0.006522368 -0.010197232 0.999926746 71.835205078
0.999967039 0.004514667 -0.006750848 0.973723054 -0.004447830 0.999941170 0.009883074 -1.992312431 0.006795070 -0.009852721 0.999928415 72.382736206
0.999967158 0.004582832 -0.006676842 0.982434630 -0.004516153 0.999940157 0.009967623 -2.007608414 0.006722121 -0.009937144 0.999928057 72.889076233
0.999968708 0.004727289 -0.006334390 0.971677661 -0.004664181 0.999939680 0.009940671 -2.014779568 0.006381000 -0.009910815 0.999930501 73.412788391
0.999969006 0.004637963 -0.006366036 0.982878208 -0.004575278 0.999941230 0.009826345 -2.021570683 0.006411236 -0.009796915 0.999931455 73.920700073
0.999968767 0.004651629 -0.006387204 0.990926623 -0.004589833 0.999942839 0.009655793 -2.025331497 0.006431753 -0.009626175 0.999933004 74.451995850
0.999967039 0.004895709 -0.006473326 0.994083762 -0.004833744 0.999942660 0.009553546 -2.036959648 0.006519726 -0.009521942 0.999933422 75.005607605
0.999967813 0.004664638 -0.006525800 1.005786657 -0.004603479 0.999945641 0.009355863 -2.050594807 0.006569086 -0.009325519 0.999935031 75.506912231
0.999969780 0.004325502 -0.006456603 1.011854410 -0.004260760 0.999940872 0.010007489 -2.052055836 0.006499509 -0.009979676 0.999929070 75.987319946
0.999968767 0.004888713 -0.006208134 1.020309567 -0.004827975 0.999940634 0.009761294 -2.061594486 0.006255487 -0.009731016 0.999933064 76.495201111
0.999968588 0.004940647 -0.006194599 1.030474901 -0.004879048 0.999938905 0.009919978 -2.076153517 0.006243233 -0.009889443 0.999931574 77.016632080
0.999971271 0.004489673 -0.006106092 1.044596434 -0.004430885 0.999943972 0.009607403 -2.079292774 0.006148884 -0.009580070 0.999935210 77.563011169
0.999977052 0.005103042 -0.004454545 1.033247948 -0.005060566 0.999942124 0.009495244 -2.090342522 0.004502743 -0.009472484 0.999944985 78.069770813
0.999981463 0.005225061 -0.003125933 1.041854858 -0.005194519 0.999939442 0.009700174 -2.107243061 0.003176427 -0.009683757 0.999948084 78.584419250
0.999987304 0.004730322 -0.001719083 1.058590889 -0.004713707 0.999943495 0.009543615 -2.110363960 0.001764130 -0.009535392 0.999952972 79.118026733
0.999985814 0.004839003 0.002236183 1.071516991 -0.004860303 0.999941885 0.009620007 -2.122721195 -0.002189503 -0.009630738 0.999951243 79.662483215
0.999973357 0.004594108 0.005677236 1.095868349 -0.004648822 0.999942601 0.009662257 -2.130530357 -0.005632521 -0.009688390 0.999937236 80.208175659
0.999948502 0.005315723 0.008659764 1.102270842 -0.005393748 0.999944806 0.009011575 -2.123673916 -0.008611384 -0.009057818 0.999921918 80.776130676
0.999894500 0.004745255 0.013731477 1.127051711 -0.004875808 0.999943137 0.009489762 -2.131106377 -0.013685663 -0.009555711 0.999860644 81.349815369
0.999803901 0.005182057 0.019118929 1.158193588 -0.005354818 0.999945223 0.008995963 -2.138393879 -0.019071264 -0.009096576 0.999776840 81.841506958
0.999692261 0.004426202 0.024409637 1.193430424 -0.004634369 0.999953330 0.008478079 -2.147643566 -0.024370972 -0.008588593 0.999666154 82.387718201
0.999520361 0.004493689 0.030636152 1.226107955 -0.004761796 0.999950945 0.008683999 -2.157126427 -0.030595625 -0.008825719 0.999492824 82.961532593
0.999232888 0.005766602 0.038735799 1.261686802 -0.006096132 0.999946177 0.008394388 -2.158600569 -0.038685303 -0.008624087 0.999214232 83.506713867
0.998943150 0.003288296 0.045845535 1.345390320 -0.003655105 0.999961972 0.007919456 -2.164928913 -0.045817748 -0.008078656 0.998917162 84.100303650
0.998608947 0.002830894 0.052650686 1.387966633 -0.003258132 0.999962449 0.008030525 -2.175682068 -0.052625973 -0.008190897 0.998580813 84.659912109
0.998119533 0.003163106 0.061215229 1.435400963 -0.003613506 0.999967217 0.007248344 -2.177928686 -0.061190300 -0.007455917 0.998098254 85.236061096
0.997421443 0.003248873 0.071693376 1.510604382 -0.003811378 0.999962986 0.007710572 -2.205709219 -0.071665674 -0.007963940 0.997396886 85.749557495
0.996820152 0.002954143 0.079628922 1.588796139 -0.003569464 0.999964833 0.007586117 -2.216332912 -0.079603717 -0.007846228 0.996795714 86.306419373
0.996116936 0.001966406 0.088018373 1.647276402 -0.002607994 0.999970853 0.007174850 -2.226241350 -0.088001698 -0.007376540 0.996093035 86.822227478
0.995124996 0.002247798 0.098596171 1.719763279 -0.002984702 0.999968708 0.007327104 -2.237351656 -0.098576620 -0.007585665 0.995100617 87.363014221
0.994064689 0.001670431 0.108777888 1.830989838 -0.002448132 0.999972403 0.007016285 -2.254618645 -0.108763166 -0.007240943 0.994041324 87.950691223
0.992966950 0.002375861 0.118367881 1.915995598 -0.003269089 0.999967575 0.007352616 -2.271171808 -0.118346602 -0.007687858 0.992942572 88.495880127
0.991574407 0.002342854 0.129516900 2.009561539 -0.003328259 0.999967158 0.007392388 -2.281126022 -0.129495323 -0.007761169 0.991549611 89.036987305
0.989886999 0.002810976 0.141829714 2.122009277 -0.003929421 0.999963343 0.007606379 -2.307687759 -0.141803116 -0.008086764 0.989861846 89.604064941
0.988367915 0.001823049 0.152070940 2.226069450 -0.002922892 0.999971271 0.007009201 -2.307001114 -0.152053773 -0.007372157 0.988344729 90.106651306
0.986687124 0.001498836 0.162622720 2.334025383 -0.002643362 0.999973178 0.006821776 -2.327892303 -0.162608132 -0.007160831 0.986664772 90.663398743
0.984534204 0.001032202 0.175189257 2.460342407 -0.002229818 0.999975443 0.006639419 -2.341498852 -0.175178126 -0.006927376 0.984512389 91.191162109
0.982162476 0.001784459 0.188025638 2.598361015 -0.003200129 0.999968767 0.007225838 -2.343967438 -0.188006908 -0.007698653 0.982137561 91.839538574
0.980178237 0.000975525 0.198115006 2.694617271 -0.002319725 0.999975860 0.006552972 -2.331726313 -0.198103800 -0.006882655 0.980156898 92.256973267
0.977441251 0.000864568 0.211205706 2.831712723 -0.002342773 0.999974549 0.006748765 -2.345239162 -0.211194485 -0.007091328 0.977418423 92.776634216
0.974546194 0.000144082 0.224186659 3.070018768 -0.001779068 0.999973297 0.007090990 -2.409397125 -0.224179640 -0.007309341 0.974520445 93.440208435
0.971723616 0.000913449 0.236119419 3.129297256 -0.002591623 0.999973595 0.006797056 -2.379046917 -0.236106962 -0.007216792 0.971700251 93.813728333
0.968850315 0.000301907 0.247647271 3.344549179 -0.002095696 0.999973416 0.006979752 -2.411579847 -0.247638583 -0.007281327 0.968825102 94.468536377
0.965242565 0.000162348 0.261355549 3.512668610 -0.002126798 0.999971569 0.007233565 -2.428504944 -0.261346996 -0.007537996 0.965215445 94.973236084
0.961748362 0.000511376 0.273934186 3.684829712 -0.002554869 0.999971509 0.007103093 -2.436667204 -0.273922712 -0.007531255 0.961722195 95.522445679
0.958653748 0.000030818 0.284575105 3.929191589 -0.001937836 0.999977529 0.006419736 -2.436161518 -0.284568429 -0.006705764 0.958632290 96.145027161
0.954015613 0.000924891 0.299755543 4.065549850 -0.003134967 0.999971390 0.006892093 -2.432951212 -0.299740613 -0.007514888 0.953991175 96.662910461
0.949955642 -0.001051981 0.312382966 4.279335022 -0.000958825 0.999979794 0.006283315 -2.454955578 -0.312383264 -0.006268392 0.949935496 97.139114380
0.945999682 -0.001510024 0.324164093 4.488534927 -0.000619481 0.999979019 0.006465927 -2.478960037 -0.324166954 -0.006317579 0.945978761 97.666900635
0.941754103 -0.002748389 0.336291015 4.696662903 0.000683651 0.999980211 0.006257986 -2.473281860 -0.336301535 -0.005663577 0.941737354 98.178993225
0.936432600 -0.002098960 0.350841284 4.906991959 -0.000247749 0.999977887 0.006643784 -2.490765810 -0.350847453 -0.006308376 0.936411500 98.694503784
0.931972563 -0.002986927 0.362516522 5.128425598 0.000667638 0.999978483 0.006522857 -2.502386093 -0.362528205 -0.005837093 0.931954503 99.205955505
0.927521765 -0.001935513 0.373763978 5.351575851 -0.000247878 0.999983191 0.005793473 -2.505644321 -0.373768955 -0.005466221 0.927505672 99.728958130
0.922284484 -0.003709646 0.386494011 5.590072632 0.001343213 0.999978602 0.006392706 -2.528463125 -0.386509478 -0.005376749 0.922269762 100.194633484
0.916773081 -0.004237955 0.399385959 5.856365204 0.001878424 0.999978423 0.006299108 -2.525196791 -0.399404049 -0.005024636 0.916761220 100.700370789
0.911652982 -0.004963043 0.410930693 6.086235046 0.002671183 0.999977529 0.006151254 -2.541537046 -0.410952002 -0.004510139 0.911645830 101.173400879
0.905457079 -0.005107730 0.424406946 6.368251801 0.002631113 0.999975920 0.006421305 -2.552173853 -0.424429476 -0.004697554 0.905448794 101.664222717
0.898517609 -0.004674382 0.438912541 6.648967743 0.002184965 0.999978542 0.006176749 -2.564866543 -0.438932002 -0.004590909 0.898508549 102.204299927
0.892613709 -0.005488608 0.450788766 6.920734406 0.002806133 0.999974191 0.006618784 -2.583274126 -0.450813502 -0.004643044 0.892606139 102.669754028
0.887166023 -0.006460319 0.461405396 7.197162628 0.003904000 0.999971211 0.006494591 -2.589340687 -0.461434156 -0.003960453 0.887165666 103.158050537
0.879823506 -0.006137082 0.475260913 7.473495483 0.003581746 0.999973834 0.006282059 -2.597455978 -0.475287080 -0.003824838 0.879822373 103.634407043
