1.000000000 0.000000000 0.000000000 0.000000000 0.000000000 1.000000000 0.000000000 0.000000000 0.000000000 0.000000000 1.000000000 0.000000000
1.000000000 0.000066417 -0.000037120 0.000311281 -0.000066416 1.000000000 0.000032530 0.000521421 0.000037122 -0.000032527 1.000000000 0.002389697
1.000000000 0.000023134 -0.000055201 0.001090149 -0.000023131 1.000000000 0.000043322 -0.001014297 0.000055202 -0.000043320 1.000000000 0.000840767
1.000000000 -0.000009635 -0.000029446 0.000566665 0.000009633 1.000000000 -0.000046171 0.000601551 0.000029446 0.000046171 1.000000000 -0.001612874
1.000000000 -0.000135659 -0.000106225 0.001228654 0.000135666 1.000000000 0.000061590 -0.000553536 0.000106217 -0.000061605 1.000000000 0.000453824
1.000000000 -0.000154826 -0.000137339 -0.000186472 0.000154831 1.000000000 0.000042125 0.000300131 0.000137332 -0.000042146 1.000000000 -0.000650412
1.000000000 -0.000222098 -0.000090749 0.000982510 0.000222106 1.000000000 0.000091169 -0.000631538 0.000090729 -0.000091189 1.000000000 0.001650799
1.000000000 -0.000175879 -0.000065092 0.000236918 0.000175885 1.000000000 0.000099633 -0.000926163 0.000065075 -0.000099644 1.000000000 -0.000758580
1.000000000 -0.000063325 -0.000099185 0.000747391 0.000063332 1.000000000 0.000076247 -0.000110256 0.000099181 -0.000076253 1.000000000 -0.001941380
1.000000000 -0.000000628 -0.000011176 -0.000488369 0.000000629 1.000000000 0.000036537 0.000577133 0.000011176 -0.000036537 1.000000000 0.002372624
1.000000000 0.000006506 -0.000050136 0.000396716 -0.000006506 1.000000000 0.000008131 0.000907224 0.000050136 -0.000008131 1.000000000 0.000350641
1.000000000 -0.000079654 -0.000099170 0.000747362 0.000079655 1.000000000 0.000014868 0.000324760 0.000099169 -0.000014876 1.000000000 -0.000206601
1.000000000 -0.000074670 -0.000043394 -0.000307686 0.000074669 1.000000000 -0.000010951 0.001212221 0.000043395 0.000010948 1.000000000 0.001737016
1.000000000 -0.000184182 -0.000116896 0.000628794 0.000184194 1.000000000 0.000103748 0.000134564 0.000116877 -0.000103770 1.000000000 -0.001092478
1.000000000 -0.000110876 -0.000125261 0.000743705 0.000110880 1.000000000 0.000029052 -0.000177514 0.000125258 -0.000029066 1.000000000 -0.002186627
0.999999940 -0.000186435 -0.000183055 0.003718142 0.000186461 1.000000000 0.000145101 -0.000746575 0.000183028 -0.000145135 1.000000000 -0.004943706
1.000000000 -0.000094357 -0.000077024 0.001202213 0.000094363 1.000000000 0.000078347 -0.000389534 0.000077017 -0.000078354 1.000000000 -0.002911764
1.000000000 -0.000073347 -0.000088343 0.001886666 0.000073351 1.000000000 0.000036600 -0.000033634 0.000088340 -0.000036607 1.000000000 -0.000409865
1.000000000 -0.000033704 -0.000116985 0.001899594 0.000033715 1.000000000 0.000096228 -0.000359892 0.000116982 -0.000096232 1.000000000 -0.003562838
1.000000000 -0.000194385 -0.000126350 0.001470580 0.000194392 1.000000000 0.000053420 -0.000767628 0.000126340 -0.000053445 1.000000000 -0.004202189
0.999999940 -0.000229223 -0.000119476 0.001106669 0.000229231 1.000000000 0.000071843 0.000439987 0.000119459 -0.000071870 1.000000000 0.000828770
0.999999940 -0.000273567 -0.000124138 0.000569928 0.000273583 0.999999940 0.000124640 -0.001717569 0.000124104 -0.000124674 1.000000000 -0.003638068
1.000000000 -0.000117281 -0.000169630 0.003558528 0.000117300 1.000000000 0.000114337 -0.000592787 0.000169617 -0.000114357 1.000000000 -0.002187069
1.000000000 -0.000138804 -0.000171655 0.003641292 0.000138816 1.000000000 0.000070186 -0.001019764 0.000171645 -0.000070210 1.000000000 -0.002092957
0.999999940 -0.000223906 -0.000181766 0.002825664 0.000223929 0.999999940 0.000127195 -0.001192881 0.000181737 -0.000127236 1.000000000 -0.005393344
0.999999940 -0.000195778 -0.000181916 0.002431351 0.000195792 1.000000000 0.000077832 0.000169602 0.000181901 -0.000077868 1.000000000 -0.002175022
1.000000000 -0.000149360 -0.000143097 0.003013219 0.000149369 1.000000000 0.000063150 0.000195343 0.000143087 -0.000063171 1.000000000 -0.003365503
0.999999940 -0.000214853 -0.000166376 0.003316053 0.000214870 1.000000000 0.000102796 -0.000457497 0.000166354 -0.000102832 1.000000000 -0.003758470
0.999999940 -0.000229160 -0.000112909 0.000167353 0.000229170 0.999999940 0.000089943 -0.000763834 0.000112889 -0.000089968 1.000000000 -0.002829067
1.000000000 -0.000101692 -0.000190581 0.002673924 0.000101721 1.000000000 0.000148805 -0.001135067 0.000190566 -0.000148824 1.000000000 -0.003340467
0.999999940 -0.000253070 -0.000195678 0.003670895 0.000253091 0.999999940 0.000107870 -0.000546231 0.000195650 -0.000107919 1.000000000 -0.003850841
0.999999940 -0.000228510 -0.000226650 0.003106133 0.000228539 0.999999940 0.000127872 -0.000210864 0.000226620 -0.000127924 0.999999940 -0.003188081
1.000000000 -0.000143464 -0.000139091 0.002208323 0.000143474 1.000000000 0.000070749 -0.000055668 0.000139081 -0.000070769 1.000000000 -0.005018819
1.000000000 -0.000127019 -0.000156366 0.002811729 0.000127029 1.000000000 0.000065592 -0.000814106 0.000156357 -0.000065612 1.000000000 -0.003178598
1.000000000 -0.000144275 -0.000156150 0.002918567 0.000144289 1.000000000 0.000093272 -0.000499460 0.000156136 -0.000093294 1.000000000 -0.001399427
1.000000000 -0.000193785 -0.000148492 0.002120415 0.000193806 1.000000000 0.000141353 -0.001702566 0.000148465 -0.000141382 1.000000000 -0.005315003
0.999999940 -0.000221244 -0.000225552 0.003260545 0.000221262 1.000000000 0.000079048 0.000272234 0.000225534 -0.000079098 1.000000000 -0.002463112
0.999999940 -0.000178602 -0.000198074 0.003802028 0.000178627 1.000000000 0.000128599 0.000208394 0.000198051 -0.000128634 1.000000000 -0.004458657
1.000000000 -0.000205459 -0.000121234 0.001218949 0.000205470 1.000000000 0.000094943 -0.000123227 0.000121215 -0.000094968 1.000000000 -0.003290484
0.999999940 -0.000188467 -0.000198127 0.002809587 0.000188498 1.000000000 0.000152676 -0.001292610 0.000198099 -0.000152713 0.999999940 -0.004953783
0.999999940 -0.000159415 -0.000207279 0.004715871 0.000159421 1.000000000 0.000028392 -0.001688699 0.000207274 -0.000028425 1.000000000 -0.001967746
0.999999940 -0.000273147 -0.000036826 0.001381994 0.000273128 0.999999821 -0.000502125 -0.002766452 0.000036963 0.000502115 0.999999881 0.049756244
1.000000000 -0.000035748 -0.000124512 0.003646673 0.000035608 0.999999344 -0.001127328 -0.004238505 0.000124552 0.001127323 0.999999344 0.140808910
1.000000000 -0.000126267 -0.000057925 0.003902360 0.000126181 0.999998868 -0.001480588 -0.007717457 0.000058112 0.001480581 0.999998927 0.258251637
1.000000000 -0.000132269 -0.000046719 0.006927999 0.000132204 0.999999046 -0.001381237 -0.011558109 0.000046901 0.001381231 0.999999046 0.393060058
1.000000000 -0.000030023 -0.000109254 0.009180789 0.000029898 0.999999344 -0.001136570 -0.018510832 0.000109288 0.001136567 0.999999344 0.528146863
1.000000000 0.000008288 -0.000032429 0.011655379 -0.000008323 0.999999404 -0.001092024 -0.020900579 0.000032420 0.001092024 0.999999404 0.687129974
1.000000000 -0.000045814 0.000112290 0.014515998 0.000045912 0.999999642 -0.000875855 -0.025683545 -0.000112250 0.000875860 0.999999583 0.846487164
0.999999940 0.000325774 0.000165812 0.012293262 -0.000325641 0.999999642 -0.000799133 -0.024703123 -0.000166072 0.000799078 0.999999642 1.030404210
1.000000000 0.000057946 -0.000124893 0.024877945 -0.000058008 0.999999881 -0.000496675 -0.039294515 0.000124864 0.000496682 0.999999881 1.186602235
1.000000000 0.000128138 0.000028703 0.027917804 -0.000128130 0.999999940 -0.000288831 -0.041313823 -0.000028740 0.000288827 0.999999940 1.368237853
0.999999762 0.000682820 -0.000010175 0.024400881 -0.000682820 0.999999762 0.000012866 -0.057636652 0.000010184 -0.000012859 1.000000000 1.574285269
0.999999881 0.000395119 0.000217715 0.025028978 -0.000395133 0.999999881 0.000066795 -0.061071344 -0.000217689 -0.000066881 1.000000000 1.771842837
0.999999940 -0.000044442 -0.000171295 0.036151282 0.000044514 0.999999940 0.000420395 -0.068641491 0.000171276 -0.000420402 0.999999881 1.974435925
0.999999881 0.000423387 0.000174424 0.032419655 -0.000423459 0.999999821 0.000412467 -0.074230433 -0.000174250 -0.000412541 0.999999940 2.187841892
0.999999642 0.000806020 0.000025361 0.048773319 -0.000806038 0.999999404 0.000689496 -0.083108157 -0.000024806 -0.000689516 0.999999762 2.386527777
0.999999702 0.000714342 0.000060930 0.056848466 -0.000714377 0.999999523 0.000569095 -0.089963205 -0.000060524 -0.000569138 0.999999821 2.610111713
0.999999762 0.000720460 0.000103798 0.060586270 -0.000720519 0.999999583 0.000568135 -0.095531516 -0.000103388 -0.000568209 0.999999821 2.843135595
0.999999821 0.000646011 0.000119359 0.067069344 -0.000646098 0.999999523 0.000733803 -0.101210289 -0.000118885 -0.000733880 0.999999702 3.065995455
1.000000000 0.000311551 -0.000065007 0.070501968 -0.000311504 0.999999762 0.000715460 -0.109174557 0.000065230 -0.000715439 0.999999762 3.306027651
0.999999702 0.000742566 0.000319641 0.076433025 -0.000742815 0.999999344 0.000781155 -0.115834750 -0.000319060 -0.000781393 0.999999583 3.534110546
0.999999583 0.000893944 0.000332594 0.083974101 -0.000894317 0.999998987 0.001122695 -0.125047654 -0.000331590 -0.001122992 0.999999285 3.779700279
0.999999285 0.001041006 0.000532154 0.082297675 -0.001041532 0.999998868 0.000989594 -0.132720679 -0.000531123 -0.000990148 0.999999344 4.050999165
0.999999762 0.000468038 0.000373434 0.085971743 -0.000468583 0.999998748 0.001459763 -0.137925774 -0.000372750 -0.001459937 0.999998868 4.297198296
0.999999940 -0.000006747 0.000165868 0.094632290 0.000006492 0.999998868 0.001533361 -0.146364793 -0.000165878 -0.001533360 0.999998808 4.556329250
0.999999940 0.000046354 0.000331884 0.097771533 -0.000046943 0.999998331 0.001774341 -0.152658015 -0.000331802 -0.001774357 0.999998450 4.813038349
0.999999940 0.000008479 0.000412091 0.104112670 -0.000009313 0.999997854 0.002025721 -0.165592313 -0.000412073 -0.002025725 0.999997914 5.068807602
0.999999881 -0.000338372 0.000224309 0.109359853 0.000337933 0.999997973 0.001950985 -0.171084240 -0.000224969 -0.001950909 0.999998093 5.337423325
0.999999821 0.000261870 0.000377943 0.109786130 -0.000262811 0.999996781 0.002492170 -0.188069522 -0.000377289 -0.002492269 0.999996841 5.573425770
0.999999940 0.000294517 0.000129466 0.115677193 -0.000294859 0.999996483 0.002644337 -0.196599633 -0.000128687 -0.002644375 0.999996483 5.846905708
0.999999940 -0.000159682 0.000233775 0.120524697 0.000159053 0.999996364 0.002690779 -0.206451192 -0.000234204 -0.002690742 0.999996364 6.121402740
0.999999702 0.000399921 0.000537661 0.125876158 -0.000401423 0.999995947 0.002796699 -0.212074682 -0.000536540 -0.002796914 0.999995947 6.415519238
0.999999762 0.000363365 0.000538480 0.128108159 -0.000364728 0.999996722 0.002532007 -0.216193765 -0.000537558 -0.002532203 0.999996662 6.692377567
0.999999225 0.000784591 0.000877571 0.129029632 -0.000786976 0.999996006 0.002720421 -0.240604252 -0.000875433 -0.002721110 0.999995828 6.959350586
0.999998748 0.001084912 0.001075962 0.134163290 -0.001087723 0.999996006 0.002615121 -0.247628346 -0.001073120 -0.002616288 0.999996006 7.260950089
0.999999166 0.000877356 0.000962764 0.143552601 -0.000879843 0.999996305 0.002585656 -0.255177259 -0.000960492 -0.002586500 0.999996185 7.571849346
0.999999642 0.000328935 0.000748577 0.156248465 -0.000331142 0.999995649 0.002950914 -0.272997022 -0.000747603 -0.002951161 0.999995291 7.876181602
0.999999285 0.000634916 0.001036517 0.151376754 -0.000638223 0.999994695 0.003194107 -0.279916048 -0.001034483 -0.003194767 0.999994278 8.159076691
0.999999344 0.000833955 0.000868977 0.167287454 -0.000836793 0.999994278 0.003270369 -0.291487306 -0.000866245 -0.003271093 0.999994218 8.475580215
0.999999225 0.000694313 0.001008610 0.168287158 -0.000697510 0.999994695 0.003172545 -0.294049442 -0.001006403 -0.003173246 0.999994457 8.817535400
0.999999285 0.000538050 0.001049078 0.178384945 -0.000541414 0.999994695 0.003209197 -0.309501052 -0.001047346 -0.003209763 0.999994278 9.152186394
0.999997973 0.001276778 0.001555621 0.170053884 -0.001282360 0.999992728 0.003593016 -0.327033401 -0.001551022 -0.003595004 0.999992311 9.480890274
0.999997258 0.001737373 0.001560740 0.179481044 -0.001742926 0.999992192 0.003563613 -0.335052907 -0.001554537 -0.003566323 0.999992430 9.822365761
0.999997854 0.001395742 0.001501665 0.185899720 -0.001401044 0.999992728 0.003535506 -0.347797215 -0.001496719 -0.003537602 0.999992609 10.183912277
0.999997973 0.001268407 0.001568440 0.196177170 -0.001274453 0.999991775 0.003859849 -0.356776148 -0.001563532 -0.003861840 0.999991357 10.552984238
0.999998629 0.001049275 0.001250238 0.205695763 -0.001054618 0.999990284 0.004281147 -0.377235651 -0.001245734 -0.004282461 0.999990046 10.902325630
0.999997497 0.001496211 0.001623191 0.211808145 -0.001502873 0.999990344 0.004111233 -0.386594623 -0.001617024 -0.004113663 0.999990225 11.280217171
0.999997020 0.001765697 0.001691399 0.220960855 -0.001773108 0.999988794 0.004390665 -0.396687120 -0.001683627 -0.004393651 0.999988914 11.668646812
0.999997020 0.001723713 0.001713188 0.232674479 -0.001731811 0.999987245 0.004736778 -0.413920164 -0.001705002 -0.004739731 0.999987364 12.028601646
0.999998152 0.001088608 0.001583885 0.245658711 -0.001095622 0.999989569 0.004434744 -0.417217553 -0.001579041 -0.004436471 0.999988854 12.406477928
0.999998689 0.000800464 0.001436695 0.253752470 -0.000806654 0.999990404 0.004313487 -0.426476032 -0.001433229 -0.004314641 0.999989629 12.807602882
0.999999106 0.000630224 0.001160797 0.269902945 -0.000635464 0.999989569 0.004519227 -0.443809390 -0.001157937 -0.004519961 0.999989092 13.194463730
0.999997795 0.001270470 0.001710146 0.272954047 -0.001278577 0.999987960 0.004748052 -0.449581325 -0.001704094 -0.004750228 0.999987245 13.613156319
0.999998093 0.000927265 0.001695876 0.283222109 -0.000935463 0.999987841 0.004839158 -0.469680488 -0.001691368 -0.004840736 0.999986827 13.983829498
0.999998093 0.000881761 0.001752221 0.296462089 -0.000890340 0.999987602 0.004901298 -0.483700067 -0.001747878 -0.004902849 0.999986410 14.403790474
0.999997735 0.000643431 0.002005795 0.311646938 -0.000653455 0.999987245 0.005000655 -0.499140471 -0.002002552 -0.005001954 0.999985456 14.818535805
0.999997616 0.000655639 0.002091405 0.312525302 -0.000666270 0.999986827 0.005086161 -0.506985605 -0.002088043 -0.005087540 0.999984801 15.238776207
0.999996305 0.000690542 0.002649927 0.322209001 -0.000704360 0.999986112 0.005217172 -0.514614284 -0.002646288 -0.005219018 0.999982834 15.682101250
0.999996066 0.000492520 0.002748839 0.333503485 -0.000508115 0.999983788 0.005675384 -0.539509475 -0.002745999 -0.005676759 0.999980092 16.102823257
0.999996483 -0.000209706 0.002639703 0.345449984 0.000195124 0.999984741 0.005523125 -0.551358283 -0.002640821 -0.005522590 0.999981284 16.543897629
0.999996006 0.000318022 0.002808743 0.358968675 -0.000334238 0.999983311 0.005774715 -0.564636648 -0.002806860 -0.005775630 0.999979377 17.007850647
0.999995351 0.000054523 0.003046127 0.364088804 -0.000073079 0.999981463 0.006091967 -0.577318788 -0.003045737 -0.006092162 0.999976814 17.459413528
0.999994993 -0.000242115 0.003151404 0.380564630 0.000223160 0.999981821 0.006013566 -0.589063883 -0.003152802 -0.006012832 0.999976993 17.920743942
0.999993086 0.000015975 0.003704859 0.389809489 -0.000039523 0.999979794 0.006356199 -0.601155043 -0.003704682 -0.006356301 0.999972939 18.401153564
0.999994636 -0.000436336 0.003242189 0.398443669 0.000416788 0.999981761 0.006027449 -0.611814737 -0.003244760 -0.006026066 0.999976575 18.845766068
0.999994755 -0.000337379 0.003220872 0.414242148 0.000316588 0.999979138 0.006453251 -0.626136601 -0.003222983 -0.006452197 0.999973953 19.317132950
0.999994397 -0.000229111 0.003345310 0.414931297 0.000208342 0.999980688 0.006207598 -0.626355350 -0.003346667 -0.006206865 0.999975145 19.814352036
0.999994040 -0.000235132 0.003444404 0.419535309 0.000212358 0.999978065 0.006610957 -0.660834670 -0.003445884 -0.006610186 0.999972224 20.241716385
0.999994934 -0.000292952 0.003160576 0.429153830 0.000271309 0.999976575 0.006845984 -0.676680267 -0.003162507 -0.006845092 0.999971569 20.727029800
0.999996901 -0.001098127 0.002266547 0.442882419 0.001082576 0.999975920 0.006851207 -0.681936026 -0.002274017 -0.006848732 0.999973953 21.230272293
0.999998152 -0.001114552 0.001579732 0.458243281 0.001103868 0.999976575 0.006747576 -0.697004974 -0.001587216 -0.006745820 0.999975979 21.718843460
0.999997616 -0.001770789 0.001295300 0.468804330 0.001761175 0.999971151 0.007386637 -0.714685142 -0.001308342 -0.007384337 0.999971807 22.226680756
0.999998093 -0.001779880 0.000819732 0.479652971 0.001773961 0.999972701 0.007165004 -0.724941432 -0.000832463 -0.007163534 0.999974012 22.741428375
0.999997795 -0.002062327 0.000260616 0.488899201 0.002060351 0.999970734 0.007368073 -0.739125609 -0.000275804 -0.007367520 0.999972820 23.273971558
0.999995649 -0.002922376 -0.000393126 0.492463887 0.002925217 0.999968112 0.007429111 -0.756483376 0.000371403 -0.007430228 0.999972343 23.739549637
0.999997020 -0.002329720 -0.000750217 0.493264645 0.002335488 0.999966919 0.007780429 -0.769642949 0.000732066 -0.007782158 0.999969423 24.263906479
0.999995768 -0.002430020 -0.001640138 0.509760559 0.002443239 0.999964118 0.008106709 -0.783726096 0.001620380 -0.008110681 0.999965727 24.792854309
0.999995589 -0.002142514 -0.002079248 0.514388680 0.002159017 0.999965847 0.007967263 -0.788516641 0.002062107 -0.007971717 0.999966085 25.310554504
0.999996543 -0.001462881 -0.002144146 0.507878661 0.001480703 0.999964178 0.008334319 -0.808896780 0.002131877 -0.008337466 0.999962986 25.848024368
0.999994457 -0.002367460 -0.002330418 0.512473404 0.002388741 0.999955058 0.009171658 -0.822758138 0.002308600 -0.009177174 0.999955237 26.406816483
0.999989986 -0.002900174 -0.003401865 0.537802279 0.002930633 0.999955297 0.008982994 -0.835883617 0.003375661 -0.008992873 0.999953866 26.955127716
0.999989450 -0.002503328 -0.003855553 0.528065324 0.002537883 0.999956429 0.008983549 -0.852101922 0.003832896 -0.008993238 0.999952197 27.424036026
0.999993205 -0.001535398 -0.003384143 0.527741790 0.001566551 0.999956250 0.009222217 -0.862831712 0.003369835 -0.009227455 0.999951720 27.967109680
0.999986708 -0.002715976 -0.004395122 0.543682039 0.002758194 0.999949872 0.009628197 -0.882576227 0.004368751 -0.009640189 0.999944031 28.520086288
0.999987066 -0.002072118 -0.004634850 0.546393394 0.002115573 0.999953687 0.009390474 -0.889275014 0.004615177 -0.009400160 0.999945104 29.009033203
0.999984920 -0.002040381 -0.005097693 0.558818579 0.002088540 0.999953091 0.009459858 -0.901298404 0.005078151 -0.009470363 0.999942243 29.546642303
0.999983668 -0.002337417 -0.005201127 0.556253076 0.002386519 0.999952435 0.009454618 -0.914942265 0.005178781 -0.009466877 0.999941707 30.089471817
0.999985039 -0.001863986 -0.005127907 0.560650468 0.001913134 0.999952197 0.009596220 -0.924430013 0.005109774 -0.009605886 0.999940813 30.631855011
0.999979854 -0.002552427 -0.005806147 0.578636646 0.002607404 0.999951661 0.009480871 -0.936659098 0.005781666 -0.009495819 0.999938190 31.174648285
0.999978542 -0.002640887 -0.005999129 0.597619772 0.002701033 0.999945998 0.010039938 -0.966133833 0.005972290 -0.010055925 0.999931633 31.695083618
0.999965370 -0.004264581 -0.007147667 0.614195347 0.004337335 0.999938607 0.010194466 -0.980690837 0.007103753 -0.010225114 0.999922514 32.151088715
0.999963105 -0.004264112 -0.007454758 0.618642449 0.004342997 0.999934375 0.010598067 -0.992882848 0.007409078 -0.010630053 0.999916077 32.700439453
0.999965727 -0.003563352 -0.007475460 0.624463141 0.003637437 0.999944091 0.009920458 -0.997971475 0.007439693 -0.009947309 0.999922872 33.228565216
0.999964178 -0.003601124 -0.007667101 0.628833532 0.003682975 0.999936044 0.010688393 -1.012148499 0.007628122 -0.010716248 0.999913514 33.772434235
0.999961257 -0.004119202 -0.007782967 0.652787328 0.004201732 0.999934733 0.010617619 -1.034306288 0.007738723 -0.010649910 0.999913335 34.248329163
0.999962389 -0.003701304 -0.007842318 0.683889449 0.003788657 0.999930620 0.011153250 -1.062903166 0.007800492 -0.011182541 0.999907076 34.711299896
0.999958396 -0.004298209 -0.008047303 0.690015912 0.004387989 0.999927938 0.011172248 -1.070166111 0.007998702 -0.011207095 0.999905229 35.266357422
0.999961674 -0.003227455 -0.008142103 0.700103998 0.003313259 0.999938786 0.010546777 -1.078102350 0.008107566 -0.010573349 0.999911249 35.832199097
0.999961138 -0.003390167 -0.008138494 0.703961015 0.003477398 0.999936342 0.010728290 -1.087256908 0.008101606 -0.010756174 0.999909341 36.351280212
0.999959767 -0.003580342 -0.008214847 0.700275779 0.003672931 0.999929607 0.011283783 -1.110202551 0.008173868 -0.011313502 0.999902666 36.865112305
0.999959052 -0.003488453 -0.008347946 0.699433565 0.003588852 0.999921024 0.012042155 -1.155924082 0.008305279 -0.012071622 0.999892652 37.371414185
0.999957681 -0.003097147 -0.008652689 0.705154002 0.003202520 0.999920547 0.012190820 -1.162465930 0.008614243 -0.012218013 0.999888301 37.916854858
0.999954224 -0.003668349 -0.008831740 0.716968715 0.003776005 0.999918342 0.012204092 -1.176717758 0.008786250 -0.012236881 0.999886572 38.454036713
0.999952078 -0.003656216 -0.009085990 0.728392482 0.003767855 0.999917209 0.012300435 -1.181585312 0.009040267 -0.012334080 0.999883056 38.991069794
0.999952078 -0.004047325 -0.008905308 0.731714606 0.004162192 0.999907911 0.012918336 -1.201435089 0.008852203 -0.012954783 0.999876916 39.501693726
0.999940276 -0.005104909 -0.009664190 0.756993771 0.005235041 0.999895334 0.013488366 -1.275279522 0.009594321 -0.013538152 0.999862254 40.045944214
0.999941409 -0.004706274 -0.009745809 0.765214562 0.004838057 0.999896586 0.013542861 -1.281558752 0.009681064 -0.013589217 0.999860764 40.592658997
0.999934256 -0.005167483 -0.010230646 0.778736413 0.005308518 0.999890566 0.013806659 -1.296082616 0.010158180 -0.013860060 0.999852300 41.141891479
0.999936461 -0.004961157 -0.010118881 0.789637685 0.005096758 0.999896944 0.013419339 -1.298613310 0.010051263 -0.013470057 0.999858737 41.684883118
0.999932051 -0.005424853 -0.010304234 0.793264270 0.005565200 0.999891520 0.013640841 -1.299534559 0.010229114 -0.013697262 0.999853849 42.187839508
0.999936998 -0.005024413 -0.010034876 0.790706515 0.005164698 0.999888539 0.014003041 -1.322093964 0.009963401 -0.014053985 0.999851584 42.678718567
0.999934077 -0.005419321 -0.010121335 0.797942519 0.005560320 0.999887109 0.013955023 -1.335274220 0.010044566 -0.014010382 0.999851406 43.228908539
0.999937057 -0.004801544 -0.010139765 0.805314541 0.004940517 0.999893546 0.013725432 -1.335423946 0.010072783 -0.013774662 0.999854386 43.770652771
0.999939501 -0.004184173 -0.010168411 0.811290205 0.004321759 0.999898911 0.013546665 -1.346078634 0.010110701 -0.013589790 0.999856532 44.320308685
0.999937177 -0.004726503 -0.010156777 0.826333523 0.004866995 0.999892235 0.013852515 -1.357609630 0.010090209 -0.013901078 0.999852479 44.831401825
0.999938965 -0.004355857 -0.010153846 0.828195453 0.004497261 0.999892592 0.013945236 -1.374901175 0.010092013 -0.013990048 0.999851227 45.352336884
0.999932885 -0.005060494 -0.010418150 0.848860443 0.005209376 0.999884009 0.014313449 -1.394113421 0.010344507 -0.014366763 0.999843299 45.890232086
0.999929428 -0.005686119 -0.010432582 0.837976217 0.005842876 0.999869704 0.015057391 -1.415321589 0.010345604 -0.015117288 0.999832153 46.441379547
0.999935806 -0.005192467 -0.010067835 0.839496613 0.005341237 0.999876201 0.014806677 -1.417422056 0.009989702 -0.014859503 0.999839664 46.992794037
0.999927580 -0.005839681 -0.010524314 0.843249917 0.005999914 0.999865592 0.015258353 -1.431679487 0.010433795 -0.015320393 0.999828219 47.532867432
0.999932587 -0.005439948 -0.010262496 0.844026089 0.005593218 0.999872327 0.014965882 -1.437358379 0.010179774 -0.015022274 0.999835312 48.090873718
0.999931633 -0.005509937 -0.010315780 0.840100169 0.005666574 0.999868095 0.015217105 -1.461976051 0.010230574 -0.015274520 0.999830961 48.601421356
0.999936402 -0.004878641 -0.010171996 0.838291049 0.005032661 0.999872208 0.015171373 -1.464724660 0.010096681 -0.015221600 0.999833167 49.142700195
0.999926746 -0.005699402 -0.010676385 0.859674156 0.005863786 0.999863684 0.015429398 -1.473491788 0.010586993 -0.015490873 0.999823928 49.637737274
0.999941230 -0.004641869 -0.009800753 0.840781868 0.004788061 0.999876916 0.014946121 -1.477882266 0.009730170 -0.014992171 0.999840260 50.223705292
0.999925137 -0.005873654 -0.010726712 0.868774772 0.006040227 0.999860585 0.015563031 -1.494225264 0.010633807 -0.015626658 0.999821365 50.720726013
0.999921501 -0.006339935 -0.010807174 0.883411944 0.006509252 0.999855399 0.015704522 -1.502171993 0.010706048 -0.015773635 0.999818265 51.261253357
0.999927163 -0.005750585 -0.010610479 0.872720003 0.005917174 0.999858677 0.015736334 -1.505239010 0.010518487 -0.015797975 0.999819815 51.799533844
0.999925256 -0.005849784 -0.010731277 0.881370068 0.006016908 0.999860108 0.015607968 -1.513557673 0.010638471 -0.015671372 0.999820530 52.340950012
0.999915183 -0.006516508 -0.011282280 0.896347106 0.006697295 0.999848664 0.016060960 -1.535338879 0.011175910 -0.016135158 0.999807358 52.869235992
0.999918997 -0.006328267 -0.011044770 0.906926155 0.006505991 0.999848723 0.016130188 -1.540472269 0.010941021 -0.016200738 0.999808908 53.372810364
0.999919951 -0.005918006 -0.011173988 0.894107282 0.006087573 0.999865890 0.015202579 -1.512929082 0.011082519 -0.015269387 0.999821961 54.009037018
0.999926209 -0.005734825 -0.010707293 0.906750739 0.005906469 0.999853432 0.016068412 -1.555224895 0.010613573 -0.016130470 0.999813497 54.432960510
0.999927759 -0.005650048 -0.010606842 0.910974383 0.005819654 0.999854565 0.016028032 -1.558134437 0.010514740 -0.016088601 0.999815226 54.981277466
0.999927580 -0.006001193 -0.010431508 0.919551194 0.006171023 0.999847710 0.016325323 -1.577267289 0.010331947 -0.016388511 0.999812245 55.507381439
0.999928951 -0.005718244 -0.010457918 0.934327185 0.005890849 0.999845684 0.016549066 -1.592261791 0.010361671 -0.016609497 0.999808311 55.998691559
0.999938726 -0.005180072 -0.009788001 0.909625471 0.005342389 0.999847412 0.016630605 -1.613679171 0.009700362 -0.016681874 0.999813795 56.536369324
0.999916196 -0.006637091 -0.011112837 0.927892208 0.006811431 0.999853134 0.015724497 -1.580271482 0.011006842 -0.015798874 0.999814630 57.177234650
0.999918401 -0.006483780 -0.011008732 0.934794247 0.006658229 0.999851584 0.015884323 -1.590461016 0.010904110 -0.015956325 0.999813199 57.713840485
0.999908924 -0.007019122 -0.011527971 0.953306258 0.007198059 0.999853134 0.015554470 -1.588251829 0.011417100 -0.015636032 0.999812484 58.238002777
0.999907851 -0.006799342 -0.011749481 0.949220598 0.006981428 0.999855101 0.015526455 -1.598605871 0.011642210 -0.015607053 0.999810398 58.823490143
0.999898970 -0.007707078 -0.011944123 0.974183202 0.007895433 0.999843955 0.015803605 -1.609377146 0.011820459 -0.015896311 0.999803662 59.296264648
0.999899447 -0.007559807 -0.011995504 0.980437040 0.007751126 0.999842227 0.015983805 -1.618020773 0.011872776 -0.016075177 0.999800205 59.761638641
0.999911368 -0.007129670 -0.011243514 0.906655252 0.007318170 0.999831855 0.016814029 -1.650411725 0.011121743 -0.016894821 0.999795377 60.207054138
0.999892235 -0.008071267 -0.012265598 0.956556559 0.008258010 0.999849617 0.015251316 -1.611112714 0.012140656 -0.015350962 0.999808431 60.868896484
0.999909222 -0.007086758 -0.011457172 1.002077103 0.007270919 0.999843657 0.016112993 -1.659684420 0.011341194 -0.016194833 0.999804556 61.380428314
0.999905527 -0.007213531 -0.011695994 0.997143745 0.007401220 0.999843240 0.016084235 -1.656086445 0.011578137 -0.016169280 0.999802291 61.951255798
0.999913692 -0.006168764 -0.011598798 1.002645493 0.006357817 0.999846339 0.016333783 -1.675891519 0.011496257 -0.016406115 0.999799371 62.494289398
0.999915361 -0.005979216 -0.011553491 0.982042551 0.006170706 0.999842942 0.016610304 -1.687085271 0.011452360 -0.016680192 0.999795377 63.037887573
0.999907434 -0.006903884 -0.011723024 0.983415842 0.007100102 0.999833941 0.016779521 -1.700467110 0.011605235 -0.016861202 0.999790549 63.588764191
0.999902427 -0.007676648 -0.011671109 1.001783609 0.007862333 0.999841928 0.015948094 -1.703840494 0.011546836 -0.016038297 0.999804676 64.083808899
0.999895394 -0.008349587 -0.011811853 1.014675140 0.008537539 0.999836326 0.015952244 -1.707382202 0.011676725 -0.016051415 0.999802947 64.631729126
0.999904752 -0.007657196 -0.011483721 1.012259722 0.007842166 0.999838889 0.016149493 -1.718837738 0.011358209 -0.016238010 0.999803662 65.168373108
0.999891877 -0.008700678 -0.011853016 1.014903069 0.008887663 0.999835372 0.015814982 -1.720225096 0.011713464 -0.015918618 0.999804676 65.722221375
0.999906957 -0.007381948 -0.011468173 0.983488500 0.007560449 0.999849677 0.015600335 -1.729050875 0.011351290 -0.015685588 0.999812543 66.217033386
0.999883235 -0.009404844 -0.012053495 1.008133888 0.009587205 0.999839067 0.015161816 -1.712182283 0.011908961 -0.015275603 0.999812424 66.696479797
0.999899030 -0.007858220 -0.011838051 1.015283346 0.008051572 0.999833465 0.016375260 -1.754095316 0.011707400 -0.016468922 0.999795854 67.255920410
0.999885798 -0.008771051 -0.012302143 1.030626297 0.008974743 0.999821842 0.016601201 -1.761970520 0.012154341 -0.016709717 0.999786556 67.795143127
0.999893963 -0.008185471 -0.012043406 1.035292387 0.008385060 0.999826729 0.016616488 -1.773930669 0.011905306 -0.016715711 0.999789417 68.334770203
0.999890924 -0.008543988 -0.012045579 1.041093707 0.008744344 0.999822676 0.016679915 -1.770143390 0.011900931 -0.016783429 0.999788344 68.866928101
0.999880970 -0.009122602 -0.012445818 1.056734800 0.009328351 0.999819100 0.016574828 -1.784908652 0.012292361 -0.016688956 0.999785185 69.416961670
0.999887109 -0.008792885 -0.012179793 1.027146101 0.008992996 0.999823868 0.016473778 -1.784701109 0.012032796 -0.016581455 0.999790132 69.884483337
0.999889910 -0.008522347 -0.012147142 1.060340285 0.008723177 0.999824524 0.016577022 -1.798138022 0.012003737 -0.016681157 0.999788761 70.399757385
0.999893308 -0.008117426 -0.012146398 1.060378075 0.008312889 0.999835432 0.016129309 -1.802539706 0.012013471 -0.016228557 0.999796152 70.951698303
0.999888957 -0.008854329 -0.011982862 1.058609009 0.009048197 0.999827504 0.016222576 -1.807483077 0.011837155 -0.016329199 0.999796629 71.516181946
0.999884009 -0.008657378 -0.012531744 1.075051785 0.008862654 0.999825895 0.016418569 -1.817215562 0.012387419 -0.016527724 0.999786675 72.040000916
0.999878347 -0.008910000 -0.012804161 1.077120423 0.009113484 0.999831676 0.015922608 -1.805081487 0.012660136 -0.016037364 0.999791324 72.645210266
0.999863684 -0.010362929 -0.012858630 1.083242297 0.010576116 0.999805868 0.016623564 -1.836164474 0.012683865 -0.016757287 0.999779165 73.093849182
0.999852717 -0.010849926 -0.013300478 1.122897625 0.011069948 0.999801219 0.016582027 -1.855602622 0.013117918 -0.016726822 0.999774039 73.624267578
0.999881864 -0.008938647 -0.012503943 1.080166459 0.009145574 0.999820650 0.016590854 -1.847185969 0.012353401 -0.016703250 0.999784112 74.159767151
0.999880254 -0.009007574 -0.012584294 1.088997602 0.009215381 0.999820471 0.016553733 -1.855123162 0.012432926 -0.016667718 0.999783754 74.689018250
0.999883294 -0.008707616 -0.012554502 1.086310744 0.008910046 0.999829710 0.016159415 -1.856393576 0.012411653 -0.016269386 0.999790609 75.244300842
0.999875128 -0.009380796 -0.012712352 1.106685162 0.009592303 0.999814808 0.016680408 -1.880767822 0.012553523 -0.016800264 0.999780059 75.752861023
0.999869764 -0.009498441 -0.013049606 1.102423906 0.009715048 0.999814391 0.016636837 -1.881044388 0.012889161 -0.016761448 0.999776423 76.291221619
0.999859810 -0.010381306 -0.013140572 1.112490892 0.010592885 0.999813676 0.016135439 -1.876512170 0.012970617 -0.016272370 0.999783516 76.911582947
0.999866784 -0.009978468 -0.012913718 1.108188868 0.010194106 0.999807894 0.016741648 -1.897038698 0.012744180 -0.016871059 0.999776423 77.350898743
0.999876559 -0.009328936 -0.012637396 1.109019518 0.009538139 0.999816895 0.016596589 -1.903882861 0.012480251 -0.016715076 0.999782383 77.890586853
0.999875307 -0.009290962 -0.012760795 1.114820480 0.009499346 0.999820888 0.016367709 -1.908344269 0.012606435 -0.016486889 0.999784589 78.429763794
0.999875903 -0.009702570 -0.012404418 1.121888161 0.009904697 0.999817431 0.016338414 -1.913362503 0.012243628 -0.016459245 0.999789596 78.960678101
0.999888241 -0.009736449 -0.011338539 1.128771067 0.009918803 0.999820590 0.016139004 -1.915888309 0.011179367 -0.016249670 0.999805510 79.510414124
0.999904931 -0.009627842 -0.009861880 1.130475044 0.009788564 0.999817908 0.016381139 -1.928176284 0.009702369 -0.016476115 0.999817312 80.030799866
0.999916017 -0.009887815 -0.008372254 1.138790369 0.010025516 0.999812484 0.016568257 -1.934922576 0.008206861 -0.016650809 0.999827623 80.578338623
0.999941111 -0.009680558 -0.004898066 1.154055715 0.009760238 0.999816060 0.016513957 -1.942877769 0.004737301 -0.016560793 0.999851584 81.122634888
0.999949574 -0.009966006 -0.001221970 1.179768801 0.009985588 0.999801695 0.017231420 -1.959284306 0.001050000 -0.017242754 0.999850750 81.647109985
0.999947965 -0.010077449 0.001586078 1.190383077 0.010049384 0.999808252 0.016806219 -1.962621212 -0.001755137 -0.016789403 0.999857426 82.217475891
0.999929607 -0.009995133 0.006389130 1.214334249 0.009887444 0.999812305 0.016669922 -1.968232155 -0.006554548 -0.016605577 0.999840558 82.773536682
0.999870777 -0.009537798 0.012933185 1.230781794 0.009318730 0.999813914 0.016894409 -1.974170327 -0.013091914 -0.016771708 0.999773622 83.316764832
0.999787271 -0.009912090 0.018087434 1.268775582 0.009600724 0.999805748 0.017220896 -1.991053343 -0.018254614 -0.017043581 0.999688089 83.844528198
0.999662936 -0.009566477 0.024128636 1.296320200 0.009158946 0.999814510 0.016944250 -1.986814618 -0.024286259 -0.016717549 0.999565244 84.401840210
0.999451518 -0.009955411 0.031583861 1.340066195 0.009402269 0.999800682 0.017613888 -2.004620075 -0.031752918 -0.017307267 0.999345899 84.954315186
0.999168575 -0.010850810 0.039298985 1.383169174 0.010184880 0.999801815 0.017105948 -2.007938385 -0.039476819 -0.016691476 0.999081016 85.500274658
0.998871744 -0.010797905 0.046245471 1.425945997 0.010000844 0.999798000 0.017432319 -2.015777111 -0.046424363 -0.016950157 0.998777986 86.042068481
0.998427510 -0.010570274 0.055052806 1.469287395 0.009630228 0.999803722 0.017312735 -2.020785809 -0.055225000 -0.016755337 0.998333275 86.596298218
0.997815847 -0.010746611 0.065176152 1.528556824 0.009607252 0.999795973 0.017769527 -2.032936335 -0.065353803 -0.017104553 0.997715533 87.150413513
0.997237623 -0.011283641 0.073415607 1.594761848 0.010000950 0.999791265 0.017815834 -2.040285110 -0.073601313 -0.017032398 0.997142315 87.679611206
0.996601880 -0.011415066 0.081573524 1.658024311 0.009993643 0.999791503 0.017812170 -2.049995184 -0.081759825 -0.016936429 0.996508121 88.216445923
0.995702803 -0.011539359 0.091884002 1.731060982 0.009932606 0.999790072 0.017924884 -2.051708221 -0.092071556 -0.016935213 0.995608389 88.761306763
0.994678259 -0.012433371 0.102276891 1.815664768 0.010655073 0.999782860 0.017915064 -2.054746866 -0.102477431 -0.016729960 0.994594634 89.283012390
0.993708730 -0.012426330 0.111303926 1.902752876 0.010494818 0.999784291 0.017922616 -2.060342789 -0.111502632 -0.016641745 0.993624806 89.845642090
0.992437065 -0.012603626 0.122105643 1.995669365 0.010492042 0.999784350 0.017920678 -2.062342167 -0.122305162 -0.016504006 0.992355347 90.386489868
0.990881920 -0.012981582 0.134106398 2.095098495 0.010596612 0.999773026 0.018482678 -2.080209255 -0.134315863 -0.016893078 0.990794539 90.919952393
0.989373744 -0.013589854 0.144758239 2.198266029 0.010941030 0.999758124 0.019078696 -2.089890003 -0.144982472 -0.017292157 0.989283085 91.458656311
0.987846136 -0.014305063 0.154775903 2.312105179 0.011580241 0.999761939 0.018492304 -2.089466572 -0.155003622 -0.016475204 0.987776458 91.990242004
0.985815942 -0.015048843 0.167153820 2.437616348 0.012138920 0.999756753 0.018416818 -2.095308065 -0.167390302 -0.016126525 0.985758781 92.518341064
0.983524501 -0.014449803 0.180196285 2.547636032 0.011177492 0.999754012 0.019161925 -2.104612112 -0.180428833 -0.016832080 0.983444035 93.088104248
0.981571257 -0.014767999 0.190524861 2.667081833 0.011317260 0.999751866 0.019187177 -2.106596947 -0.190760970 -0.016677363 0.981494844 93.617210388
0.978931189 -0.014744361 0.203657255 2.799453735 0.011027841 0.999751568 0.019371746 -2.110501766 -0.203892291 -0.016717708 0.978850603 94.151077271
0.976051271 -0.015280137 0.217003196 2.947298050 0.011295089 0.999744236 0.019592531 -2.117421150 -0.217247084 -0.016672246 0.975974202 94.693023682
0.973414004 -0.015153241 0.228550807 3.085950851 0.010922370 0.999744952 0.019765360 -2.121331930 -0.228792027 -0.016743565 0.973331332 95.232223511
0.970641077 -0.016377585 0.239974231 3.260585785 0.011974243 0.999732316 0.019795919 -2.133136749 -0.240234166 -0.016341221 0.970577419 95.736488342
0.967113912 -0.016198147 0.253827035 3.420736313 0.011526163 0.999735892 0.019882662 -2.135497570 -0.254081994 -0.016303150 0.967045248 96.266014099
0.963705719 -0.016120028 0.266479552 3.590284348 0.011183527 0.999736786 0.020032126 -2.139987946 -0.266732305 -0.016324898 0.963632405 96.799850464
0.960392892 -0.015960539 0.278191954 3.764135361 0.010655603 0.999731541 0.020571025 -2.145482063 -0.278445661 -0.016791962 0.960305214 97.367424011
0.956497431 -0.016846370 0.291253746 3.961202621 0.011354201 0.999724567 0.020536961 -2.123851061 -0.291519523 -0.016336599 0.956425369 97.884948730
0.951898813 -0.016439455 0.305971563 4.145414352 0.010432826 0.999719620 0.021256385 -2.149116755 -0.306235313 -0.017041782 0.951803267 98.411422729
0.948101044 -0.016872087 0.317521214 4.340614319 0.010623859 0.999714553 0.021399450 -2.153707266 -0.317791641 -0.016915539 0.948009610 98.912933350
0.943861783 -0.017583640 0.329872221 4.541406631 0.011091548 0.999706209 0.021552540 -2.154788733 -0.330154300 -0.016683826 0.943779469 99.436935425
0.938740373 -0.017344819 0.344188213 4.741609573 0.010463319 0.999706626 0.021840934 -2.162739992 -0.344466060 -0.016901616 0.938646615 99.922660828
0.934287012 -0.018179517 0.356057972 4.960016251 0.010952075 0.999691188 0.022304023 -2.168349028 -0.356353492 -0.016938783 0.934197664 100.427474976
0.929949462 -0.017470159 0.367272079 5.177238464 0.010076554 0.999706328 0.022039087 -2.171092749 -0.367549300 -0.016794400 0.929852426 100.942481995
0.924488425 -0.017856164 0.380791485 5.400350571 0.010006869 0.999694884 0.022583174 -2.173914433 -0.381078422 -0.017067358 0.924385130 101.425552368
0.918898940 -0.017982777 0.394082904 5.635799408 0.009988497 0.999700785 0.022327727 -2.171703100 -0.394366562 -0.016580628 0.918803632 101.920295715
0.914020061 -0.018247878 0.405258268 5.883144379 0.010150948 0.999703765 0.022119978 -2.176069021 -0.405541897 -0.016104348 0.913934588 102.411941528
0.907724023 -0.018639464 0.419153541 6.130989075 0.009962616 0.999688566 0.022880288 -2.183107376 -0.419449478 -0.016593121 0.907627046 102.897010803
0.900831699 -0.018484049 0.433774740 6.403408051 0.009578645 0.999696314 0.022706913 -2.183696508 -0.434062690 -0.016300136 0.900735199 103.396972656
0.895367801 -0.019907491 0.444882035 6.671997070 0.010709292 0.999674082 0.023179727 -2.193369150 -0.445198447 -0.015990013 0.895289123 103.832679749
0.889853060 -0.020129317 0.455802917 6.938331604 0.010714562 0.999672711 0.023230094 -2.189443588 -0.456121355 -0.015787642 0.889777541 104.314285278
0.882978082 -0.021292627 0.468930900 7.217575073 0.011606690 0.999655604 0.023536175 -2.194335699 -0.469270527 -0.015339193 0.882921219 104.775939941
