1.000000000 0.000000000 0.000000000 0.000000000 0.000000000 1.000000000 0.000000000 0.000000000 0.000000000 0.000000000 1.000000000 0.000000000
1.000000000 0.000030252 0.000136853 -0.003411626 -0.000030224 1.000000000 -0.000206742 0.004510759 -0.000136859 0.000206738 0.999999940 0.004258238
1.000000000 0.000040911 0.000068629 -0.002292450 -0.000040902 1.000000000 -0.000136753 0.002323151 -0.000068634 0.000136750 1.000000000 0.000700008
0.999999940 0.000309652 0.000113739 -0.000010619 -0.000309634 0.999999940 -0.000157036 0.003713508 -0.000113788 0.000157001 1.000000000 -0.001936416
1.000000000 0.000232020 0.000047431 0.002530747 -0.000232016 0.999999940 -0.000081266 0.002035545 -0.000047450 0.000081255 1.000000000 -0.001361400
1.000000000 0.000152320 0.000060040 0.000227296 -0.000152317 1.000000000 -0.000062813 0.002167367 -0.000060049 0.000062804 1.000000000 -0.001270779
1.000000000 0.000126239 0.000132850 -0.002321243 -0.000126226 1.000000000 -0.000096934 0.002324408 -0.000132862 0.000096917 1.000000000 -0.000807097
1.000000000 0.000028009 -0.000002696 0.000804560 -0.000028009 1.000000000 -0.000027225 0.001698168 0.000002696 0.000027225 1.000000000 -0.002435675
1.000000000 0.000060245 0.000148653 -0.005258069 -0.000060219 1.000000000 -0.000175290 0.003900546 -0.000148664 0.000175281 1.000000000 0.004307716
0.999999940 0.000195771 0.000224408 -0.004716289 -0.000195743 1.000000000 -0.000123883 0.002119459 -0.000224433 0.000123839 0.999999940 -0.001419788
0.999999940 0.000187295 0.000199168 -0.003816845 -0.000187263 0.999999940 -0.000161189 0.002067663 -0.000199198 0.000161152 0.999999940 -0.000744356
1.000000000 0.000162040 0.000083410 0.000163926 -0.000162034 1.000000000 -0.000079338 0.002339878 -0.000083423 0.000079324 1.000000000 -0.004796606
1.000000000 0.000117023 0.000203823 -0.005581984 -0.000117012 1.000000000 -0.000050027 0.000561168 -0.000203829 0.000050003 1.000000000 -0.003046677
1.000000000 0.000005898 0.000112667 -0.003115123 -0.000005886 1.000000000 -0.000112986 0.000718584 -0.000112667 0.000112985 1.000000000 -0.001808897
1.000000000 0.000086313 0.000101804 -0.001045193 -0.000086299 1.000000000 -0.000132966 0.002612080 -0.000101815 0.000132957 1.000000000 -0.003417737
1.000000000 -0.000181778 -0.000125338 0.002445288 0.000181775 1.000000000 -0.000031634 0.001072270 0.000125344 0.000031612 1.000000000 -0.006603688
1.000000000 -0.000240177 0.000006803 -0.002195843 0.000240178 0.999999940 -0.000123335 0.000763028 -0.000006773 0.000123336 1.000000000 -0.004675092
1.000000000 -0.000065675 0.000054668 0.000150378 0.000065677 1.000000000 -0.000041059 0.000420904 -0.000054665 0.000041063 1.000000000 -0.006580568
1.000000000 0.000115773 0.000007101 0.000155269 -0.000115773 1.000000000 0.000003252 0.002377088 -0.000007101 -0.000003253 1.000000000 -0.007837838
1.000000000 -0.000080482 -0.000002212 -0.001780480 0.000080482 1.000000000 -0.000033423 -0.000338746 0.000002215 0.000033422 1.000000000 -0.007368164
1.000000000 0.000003155 0.000069832 -0.001041249 -0.000003149 1.000000000 -0.000080006 0.001081647 -0.000069832 0.000080006 1.000000000 -0.007628588
1.000000000 -0.000138371 0.000015317 0.000220414 0.000138371 1.000000000 -0.000022632 -0.000486669 -0.000015314 0.000022635 1.000000000 -0.004051034
1.000000000 0.000136253 0.000171441 -0.006301261 -0.000136217 0.999999940 -0.000206480 0.003489860 -0.000171470 0.000206456 0.999999940 0.003660585
1.000000000 -0.000084605 -0.000080545 0.000714333 0.000084596 1.000000000 -0.000113560 0.000629288 0.000080555 0.000113553 1.000000000 0.000431435
1.000000000 -0.000074861 0.000017593 -0.000931754 0.000074862 1.000000000 -0.000013249 0.002271770 -0.000017592 0.000013250 1.000000000 0.000160156
1.000000000 0.000003723 -0.000043654 0.002294549 -0.000003730 1.000000000 -0.000144543 0.003495802 0.000043653 0.000144544 1.000000000 -0.006792515
1.000000000 -0.000064173 0.000112542 -0.003143748 0.000064191 1.000000000 -0.000161815 0.003471530 -0.000112532 0.000161823 1.000000000 -0.001105886
0.999999940 0.000257221 0.000216639 -0.005431991 -0.000257178 0.999999940 -0.000200346 0.003341389 -0.000216690 0.000200291 0.999999940 0.000228051
1.000000000 0.000030745 0.000119893 -0.003658208 -0.000030742 1.000000000 -0.000031909 0.002295817 -0.000119894 0.000031905 1.000000000 -0.000793172
1.000000000 -0.000185822 0.000028689 -0.004783444 0.000185827 0.999999940 -0.000169205 0.006187056 -0.000028658 0.000169211 1.000000000 0.002642590
1.000000000 -0.000075774 0.000038278 -0.003623222 0.000075778 1.000000000 -0.000092167 0.002511426 -0.000038271 0.000092170 1.000000000 0.000859491
1.000000000 -0.000122918 0.000123719 -0.003895208 0.000122916 1.000000000 0.000018800 0.001357663 -0.000123721 -0.000018785 1.000000000 0.000980479
1.000000000 -0.000181930 0.000083511 -0.005027239 0.000181932 1.000000000 -0.000020353 0.001980026 -0.000083507 0.000020368 1.000000000 -0.001309268
1.000000000 -0.000115937 0.000003241 -0.002686627 0.000115937 1.000000000 0.000000189 0.001815066 -0.000003241 -0.000000188 1.000000000 -0.002895761
1.000000000 0.000086793 0.000075637 -0.003964507 -0.000086780 1.000000000 -0.000160281 0.001666554 -0.000075651 0.000160275 1.000000000 -0.000172367
1.000000000 0.000059172 0.000096611 -0.004522255 -0.000059162 1.000000000 -0.000101503 0.002745306 -0.000096617 0.000101497 1.000000000 0.000088101
1.000000000 -0.000158557 -0.000179626 0.003288687 0.000158580 1.000000000 0.000131521 -0.000523198 0.000179605 -0.000131549 1.000000000 -0.013005946
1.000000000 -0.000009221 0.000073789 -0.003810523 0.000009241 0.999999940 -0.000273556 0.004661612 -0.000073786 0.000273557 0.999999940 0.000977844
1.000000000 -0.000172169 0.000066976 -0.003057126 0.000172171 1.000000000 -0.000023379 0.001705289 -0.000066971 0.000023390 1.000000000 -0.000535603
1.000000000 -0.000044881 -0.000041826 0.000940102 0.000044887 1.000000000 0.000152822 -0.000951235 0.000041819 -0.000152824 1.000000000 -0.008539160
0.999999940 -0.000274029 -0.000136259 0.000184173 0.000274029 0.999999940 -0.000004190 -0.000897163 0.000136260 0.000004152 1.000000000 -0.000588046
1.000000000 0.000056692 0.000086975 0.001973128 -0.000056639 0.999999821 -0.000611667 -0.003939130 -0.000087010 0.000611662 0.999999821 0.049031612
1.000000000 0.000051967 -0.000016044 0.000259997 -0.000051992 0.999998808 -0.001548951 0.001069675 0.000015963 0.001548952 0.999998808 0.148364872
1.000000000 -0.000051313 -0.000073175 0.005008191 0.000051199 0.999998808 -0.001558663 -0.007608873 0.000073255 0.001558660 0.999998808 0.264404953
1.000000000 -0.000212057 0.000011512 0.003278566 0.000212072 0.999999046 -0.001379050 -0.012549994 -0.000011219 0.001379052 0.999999046 0.393370360
1.000000000 0.000014842 -0.000103164 0.004649553 -0.000014964 0.999999285 -0.001187765 -0.017569972 0.000103146 0.001187766 0.999999285 0.537626028
1.000000000 -0.000022533 0.000150445 0.006314128 0.000022679 0.999999523 -0.000965011 -0.031490635 -0.000150424 0.000965015 0.999999523 0.680329561
0.999999881 -0.000461296 -0.000044159 0.019179692 0.000461269 0.999999702 -0.000594837 -0.031247102 0.000044434 0.000594816 0.999999821 0.850045264
0.999999940 -0.000205863 -0.000178339 0.023528663 0.000205755 0.999999821 -0.000603303 -0.036757700 0.000178463 0.000603266 0.999999821 1.030897379
0.999999940 -0.000138460 0.000213615 0.013913244 0.000138634 0.999999642 -0.000817233 -0.036141153 -0.000213502 0.000817262 0.999999642 1.209977150
1.000000000 -0.000140118 -0.000029265 0.029898928 0.000140098 0.999999762 -0.000660128 -0.046658773 0.000029357 0.000660124 0.999999762 1.416733742
0.999999523 -0.000643608 -0.000773072 0.043586098 0.000643402 0.999999762 -0.000266440 -0.056999851 0.000773243 0.000265942 0.999999642 1.612075686
0.999998450 -0.000243893 0.001741166 -0.002349501 0.000241523 0.999999046 0.001360780 -0.081765309 -0.001741496 -0.001360357 0.999997497 1.728384972
0.999998093 -0.000581250 0.001875822 0.003274382 0.000578285 0.999998629 0.001580551 -0.086990349 -0.001876739 -0.001579464 0.999996960 1.936128497
0.999998093 0.000501532 0.001902932 0.003845238 -0.000503617 0.999999225 0.001095447 -0.093225680 -0.001902381 -0.001096403 0.999997556 2.127769947
0.999998212 0.000708769 0.001771883 0.010560427 -0.000711069 0.999998868 0.001297339 -0.099328384 -0.001770961 -0.001298596 0.999997616 2.347045898
0.999997497 0.001008290 0.002013559 0.005307157 -0.001011052 0.999998569 0.001371508 -0.105970241 -0.002012173 -0.001373540 0.999997079 2.580709219
0.999996006 0.001350132 0.002502415 0.007402079 -0.001354030 0.999997854 0.001556895 -0.114236519 -0.002500307 -0.001560277 0.999995708 2.814012766
0.999996662 0.001041869 0.002383397 0.016849296 -0.001045736 0.999998033 0.001621908 -0.127311930 -0.002381702 -0.001624394 0.999995828 3.051901340
0.999998152 0.000300921 0.001889906 0.024636054 -0.000304792 0.999997854 0.002048281 -0.134207904 -0.001889285 -0.002048854 0.999996126 3.265702724
0.999998093 0.000355386 0.001891980 0.035184275 -0.000359383 0.999997735 0.002112956 -0.140714660 -0.001891225 -0.002113632 0.999996006 3.529187918
0.999997258 0.000950171 0.002157653 0.031585142 -0.000954620 0.999997437 0.002061986 -0.146052673 -0.002155688 -0.002064040 0.999995589 3.775583506
0.999997258 0.000632513 0.002236140 0.041242514 -0.000637750 0.999997020 0.002342055 -0.155700713 -0.002234652 -0.002343474 0.999994814 4.059616566
0.999996841 0.001459812 0.002048009 0.043292053 -0.001464570 0.999996245 0.002323412 -0.147601038 -0.002044609 -0.002326404 0.999995291 4.289833069
0.999997914 0.000117792 0.002017846 0.044665501 -0.000123332 0.999996185 0.002745610 -0.182526290 -0.002017515 -0.002745853 0.999994218 4.535634995
0.999997616 0.000159963 0.002201866 0.050155692 -0.000166498 0.999995649 0.002968088 -0.192265421 -0.002201382 -0.002968447 0.999993265 4.787538052
0.999997079 0.000337827 0.002392371 0.049143761 -0.000344075 0.999996483 0.002611656 -0.189442500 -0.002391481 -0.002612471 0.999993742 5.049714088
0.999998212 -0.000683965 0.001809038 0.059078302 0.000678917 0.999995947 0.002789725 -0.200396627 -0.001810938 -0.002788492 0.999994516 5.321034908
0.999996722 0.000534032 0.002509024 0.056104079 -0.000541199 0.999995768 0.002856960 -0.223389611 -0.002507487 -0.002858308 0.999992788 5.564946175
0.999996722 0.000467079 0.002543092 0.061082248 -0.000474542 0.999995589 0.002934878 -0.231854603 -0.002541710 -0.002936075 0.999992490 5.833342552
0.999995172 0.001361115 0.002819593 0.065767750 -0.001369315 0.999994814 0.002908160 -0.239330828 -0.002815620 -0.002912006 0.999991715 6.113298416
0.999994338 0.000953641 0.003233551 0.066818312 -0.000963541 0.999994874 0.003061419 -0.247173920 -0.003230615 -0.003064517 0.999990046 6.397593975
0.999996305 0.000509598 0.002680941 0.076262198 -0.000518027 0.999994934 0.003144038 -0.268069237 -0.002679325 -0.003145415 0.999991477 6.684463501
0.999996603 0.000418801 0.002570722 0.091035426 -0.000425621 0.999996364 0.002652634 -0.261231422 -0.002569602 -0.002653719 0.999993205 6.978538990
0.999997258 0.000308328 0.002295793 0.108988933 -0.000314750 0.999996006 0.002797271 -0.279993266 -0.002294922 -0.002797986 0.999993443 7.264680862
0.999997318 0.000007715 0.002320305 0.119301513 -0.000014853 0.999995232 0.003076054 -0.294802070 -0.002320270 -0.003076080 0.999992609 7.583036900
0.999996364 0.000692128 0.002587059 0.120005302 -0.000700541 0.999994397 0.003252634 -0.293215513 -0.002584793 -0.003254435 0.999991417 7.906071663
0.999996662 0.000306437 0.002570078 0.119375758 -0.000314150 0.999995410 0.003001039 -0.288750291 -0.002569146 -0.003001836 0.999992192 8.217597961
0.999996305 0.000164109 0.002718969 0.118146583 -0.000174104 0.999993205 0.003676200 -0.320337087 -0.002718348 -0.003676660 0.999989510 8.508477211
0.999996066 -0.000394141 0.002774259 0.124104246 0.000384286 0.999993622 0.003551803 -0.325751156 -0.002775641 -0.003550723 0.999989867 8.843641281
0.999995232 0.000515840 0.003063344 0.132310346 -0.000527352 0.999992788 0.003758288 -0.340303063 -0.003061384 -0.003759885 0.999988258 9.172451973
0.999996424 -0.000187855 0.002668828 0.149000943 0.000178041 0.999993205 0.003677177 -0.348432571 -0.002669501 -0.003676688 0.999989688 9.512660027
0.999996781 0.000213695 0.002545987 0.156262621 -0.000224017 0.999991775 0.004054735 -0.354019642 -0.002545100 -0.004055292 0.999988616 9.850065231
0.999996305 0.000229543 0.002710198 0.171790630 -0.000240444 0.999991894 0.004022605 -0.362534076 -0.002709253 -0.004023241 0.999988258 10.173825264
0.999996424 -0.000022283 0.002655219 0.166483089 0.000012353 0.999993026 0.003739790 -0.375996202 -0.002655284 -0.003739744 0.999989450 10.558004379
0.999996006 -0.000474100 0.002773868 0.172870025 0.000463134 0.999992073 0.003952824 -0.384848028 -0.002775720 -0.003951523 0.999988377 10.933746338
0.999996543 -0.000378744 0.002608577 0.178034931 0.000367571 0.999990821 0.004282290 -0.396816254 -0.002610174 -0.004281316 0.999987483 11.321069717
0.999995530 -0.001040748 0.002811048 0.198101684 0.001029563 0.999991596 0.003977265 -0.398367018 -0.002815165 -0.003974353 0.999988139 11.704937935
0.999996901 -0.000306119 0.002461177 0.203548849 0.000294778 0.999989390 0.004607107 -0.411853641 -0.002462561 -0.004606368 0.999986410 12.070609093
0.999996841 -0.000210028 0.002490157 0.208443791 0.000197988 0.999988317 0.004834333 -0.431455344 -0.002491144 -0.004833825 0.999985218 12.421810150
0.999997258 -0.001276171 0.001985195 0.230011940 0.001267182 0.999989033 0.004522522 -0.432997137 -0.001990944 -0.004519994 0.999987841 12.852902412
0.999996483 -0.001396359 0.002246334 0.240213141 0.001385946 0.999988317 0.004630325 -0.457723826 -0.002252773 -0.004627196 0.999986768 13.199655533
0.999996722 -0.000488563 0.002508749 0.245118633 0.000477049 0.999989331 0.004587955 -0.468407661 -0.002510964 -0.004586744 0.999986351 13.615829468
0.999996364 -0.000491535 0.002620783 0.256088763 0.000478216 0.999986947 0.005080186 -0.477405608 -0.002623246 -0.005078915 0.999983668 14.039329529
0.999996066 -0.001327854 0.002482405 0.270312876 0.001314010 0.999983668 0.005570460 -0.508713245 -0.002489761 -0.005567177 0.999981403 14.461665154
0.999995053 -0.001823172 0.002557663 0.278275609 0.001807536 0.999979734 0.006102820 -0.516739547 -0.002568738 -0.006098167 0.999978125 14.817081451
0.999993980 -0.002644249 0.002244252 0.310396105 0.002630540 0.999978006 0.006089858 -0.531111121 -0.002260305 -0.006083918 0.999978960 15.337409019
0.999993086 -0.002541476 0.002712338 0.319243640 0.002525378 0.999979258 0.005922293 -0.578650713 -0.002727333 -0.005915403 0.999978721 15.728134155
0.999992490 -0.002831175 0.002663725 0.335694551 0.002814623 0.999976873 0.006197350 -0.588269114 -0.002681209 -0.006189805 0.999977231 16.170900345
0.999989390 -0.003621982 0.002833246 0.342556506 0.003604480 0.999974489 0.006158098 -0.602568388 -0.002855478 -0.006147819 0.999977052 16.604608536
0.999989569 -0.003649458 0.002730912 0.353566766 0.003633659 0.999976695 0.005768186 -0.605651081 -0.002751899 -0.005758203 0.999979615 17.084844589
0.999991775 -0.001358429 0.003818019 0.346380144 0.001332271 0.999975562 0.006845470 -0.626426339 -0.003827224 -0.006840328 0.999969244 17.555509567
0.999990761 -0.001424635 0.004056380 0.363451719 0.001396336 0.999974668 0.006970590 -0.628028035 -0.004066208 -0.006964861 0.999967515 17.995988846
0.999989510 -0.001553678 0.004308473 0.366435289 0.001526957 0.999979556 0.006198544 -0.639654875 -0.004318016 -0.006191900 0.999971509 18.406642914
0.999990165 -0.001864075 0.004022748 0.388542444 0.001837924 0.999977171 0.006494666 -0.649352491 -0.004034763 -0.006487209 0.999970794 18.882097244
0.999988198 -0.002786007 0.003993330 0.407692850 0.002759729 0.999974608 0.006570779 -0.656579375 -0.004011535 -0.006559681 0.999970436 19.358850479
0.999990225 -0.001501076 0.004152806 0.403252959 0.001473582 0.999977052 0.006615626 -0.667856932 -0.004162641 -0.006609441 0.999969482 19.838605881
0.999990463 -0.001162516 0.004202870 0.409542084 0.001134641 0.999977350 0.006628547 -0.669650555 -0.004210481 -0.006623715 0.999969244 20.327869415
0.999990761 -0.001700051 0.003940831 0.432278484 0.001670898 0.999971330 0.007389010 -0.720284462 -0.003953280 -0.007382357 0.999964952 20.770713806
0.999993026 -0.001227412 0.003524610 0.440159202 0.001202818 0.999975026 0.006971270 -0.719285727 -0.003533078 -0.006966982 0.999969482 21.281833649
0.999993563 -0.001584323 0.003221496 0.447588444 0.001560202 0.999970794 0.007476222 -0.745609105 -0.003233247 -0.007471147 0.999966860 21.811998367
0.999993503 -0.001824072 0.003102654 0.438127726 0.001799758 0.999967873 0.007821309 -0.762776017 -0.003116820 -0.007815676 0.999964595 22.334911346
0.999994040 -0.002587318 0.002247120 0.455007225 0.002570028 0.999967277 0.007663390 -0.772329152 -0.002266874 -0.007657568 0.999968112 22.795530319
0.999993801 -0.003160971 0.001531450 0.461429000 0.003148529 0.999962509 0.008059473 -0.793809354 -0.001556868 -0.008054602 0.999966323 23.322082520
0.999995232 -0.002493309 0.001790819 0.457252473 0.002478647 0.999963760 0.008143437 -0.805026710 -0.001811058 -0.008138960 0.999965250 23.888702393
0.999997914 -0.001906564 0.000723255 0.454926461 0.001900488 0.999963641 0.008309623 -0.826593637 -0.000739071 -0.008308233 0.999965191 24.411222458
0.999998450 -0.001759130 0.000116741 0.464256823 0.001758128 0.999965727 0.008087176 -0.824225366 -0.000130963 -0.008086958 0.999967277 24.882923126
0.999997675 -0.002062524 -0.000719960 0.472236305 0.002068320 0.999964654 0.008144159 -0.833807528 0.000703137 -0.008145627 0.999966562 25.415334702
0.999998987 -0.001326850 -0.000539233 0.474548787 0.001331395 0.999962807 0.008516466 -0.845866084 0.000527912 -0.008517176 0.999963582 25.958896637
0.999995768 -0.002393085 -0.001651768 0.515215456 0.002407462 0.999958694 0.008757773 -0.838579297 0.001630741 -0.008761713 0.999960244 26.513023376
0.999994874 -0.002647673 -0.001804172 0.499492675 0.002663905 0.999955475 0.009054081 -0.887180567 0.001780120 -0.009058840 0.999957383 27.059270859
0.999993742 -0.002678178 -0.002319567 0.513949513 0.002700190 0.999950886 0.009538665 -0.908580303 0.002293907 -0.009544868 0.999951839 27.609954834
0.999996245 -0.001673545 -0.002163344 0.513807356 0.001694200 0.999952674 0.009581460 -0.913997889 0.002147207 -0.009585090 0.999951720 28.169609070
0.999992907 -0.002326117 -0.002946368 0.533393204 0.002353960 0.999952257 0.009482138 -0.920625448 0.002924171 -0.009489005 0.999950707 28.710187912
0.999992907 -0.002059227 -0.003163837 0.547068655 0.002090830 0.999947608 0.010018248 -0.934229136 0.003143042 -0.010024791 0.999944806 29.262252808
0.999990702 -0.002529783 -0.003499550 0.523651063 0.002564980 0.999945819 0.010089739 -0.953010798 0.003473836 -0.010098623 0.999942958 29.729709625
0.999991417 -0.002001843 -0.003620418 0.539149642 0.002038032 0.999947727 0.010019761 -0.968524814 0.003600170 -0.010027053 0.999943256 30.265373230
0.999984562 -0.003132102 -0.004578232 0.550252676 0.003179332 0.999941409 0.010345620 -0.981444955 0.004545560 -0.010360016 0.999935985 30.838249207
0.999981225 -0.003421545 -0.005089632 0.569654226 0.003478179 0.999931693 0.011160462 -1.003510714 0.005051098 -0.011177956 0.999924719 31.358629227
0.999988854 -0.001948358 -0.004280250 0.541251659 0.001993206 0.999942899 0.010498871 -1.028902173 0.004259551 -0.010507286 0.999935687 31.844625473
0.999988854 -0.001755896 -0.004361034 0.543981314 0.001801585 0.999943256 0.010494814 -1.027264357 0.004342359 -0.010502554 0.999935448 32.393817902
0.999990940 -0.001178961 -0.004089561 0.535434186 0.001222851 0.999941468 0.010746335 -1.048195481 0.004076653 -0.010751240 0.999933898 32.940250397
0.999985754 -0.002162184 -0.004869657 0.531056762 0.002214917 0.999938667 0.010849405 -1.057948470 0.004845900 -0.010860040 0.999929309 33.437618256
0.999987900 -0.001519341 -0.004669086 0.535499990 0.001574235 0.999929428 0.011775608 -1.079169750 0.004650866 -0.011782817 0.999919832 33.978622437
0.999979854 -0.003405784 -0.005360495 0.567580998 0.003469758 0.999922335 0.011970609 -1.114289165 0.005319310 -0.011988968 0.999913990 34.424190521
0.999977171 -0.003426228 -0.005830140 0.579820156 0.003496407 0.999921024 0.012070019 -1.118358731 0.005788324 -0.012090127 0.999910176 34.967388153
0.999978781 -0.003341512 -0.005601056 0.578188479 0.003410095 0.999918818 0.012280135 -1.139352322 0.005559567 -0.012298973 0.999908924 35.502521515
0.999982357 -0.002272433 -0.005492449 0.579811394 0.002333870 0.999934494 0.011205329 -1.125482440 0.005466626 -0.011217949 0.999922156 36.091545105
0.999985635 -0.001792658 -0.005058244 0.569607913 0.001851844 0.999929547 0.011720578 -1.161012530 0.005036878 -0.011729778 0.999918461 36.610118866
0.999974310 -0.003636438 -0.006183518 0.603098989 0.003712296 0.999917388 0.012300835 -1.157997727 0.006138277 -0.012323474 0.999905229 37.186405182
0.999972105 -0.003665128 -0.006524804 0.602692008 0.003748840 0.999910235 0.012864163 -1.186097264 0.006477072 -0.012888262 0.999896049 37.739547729
0.999963343 -0.005154112 -0.006837991 0.601293087 0.005250682 0.999885678 0.014180530 -1.221450567 0.006764119 -0.014215916 0.999876082 38.116550446
0.999963045 -0.004966727 -0.007009941 0.617202044 0.005067301 0.999883473 0.014403285 -1.252818823 0.006937587 -0.014438275 0.999871671 38.669013977
0.999968410 -0.004237571 -0.006721739 0.605216920 0.004332923 0.999889314 0.014234998 -1.238058686 0.006660673 -0.014263676 0.999876022 39.185554504
0.999969602 -0.004068207 -0.006654482 0.617630601 0.004160305 0.999894917 0.013885190 -1.238282442 0.006597294 -0.013912454 0.999881446 39.738880157
0.999954522 -0.006133015 -0.007300186 0.624288321 0.006249845 0.999851048 0.016090026 -1.311275244 0.007200419 -0.016134921 0.999843895 40.296596527
0.999951184 -0.005519258 -0.008189655 0.687379241 0.005649713 0.999856174 0.015992710 -1.319737911 0.008100208 -0.016038202 0.999838591 40.918228149
0.999948740 -0.006341011 -0.007895087 0.667113781 0.006464577 0.999855518 0.015725192 -1.311809063 0.007794232 -0.015775425 0.999845207 41.455604553
0.999948084 -0.005823126 -0.008355831 0.671492696 0.005949248 0.999867499 0.015149363 -1.308131456 0.008266507 -0.015198288 0.999850273 42.047821045
0.999940813 -0.007447449 -0.007932932 0.645475149 0.007579282 0.999831438 0.016720179 -1.318869710 0.007807074 -0.016779318 0.999828756 42.537811279
0.999961376 -0.004731697 -0.007406737 0.642933130 0.004847555 0.999864876 0.015703395 -1.348237395 0.007331433 -0.015738692 0.999849200 42.837333679
0.999956608 -0.004905227 -0.007922521 0.646416664 0.005029955 0.999862492 0.015801132 -1.360632420 0.007843925 -0.015840298 0.999843717 43.362876892
0.999955237 -0.005501030 -0.007703985 0.657701194 0.005628558 0.999845803 0.016630787 -1.368305564 0.007611310 -0.016673405 0.999831975 43.926048279
0.999951243 -0.005286182 -0.008347778 0.676106930 0.005421655 0.999852598 0.016290192 -1.362864256 0.008260434 -0.016334655 0.999832451 44.461589813
0.999933898 -0.007145750 -0.009013383 0.702864170 0.007293371 0.999837935 0.016452784 -1.365111113 0.008894353 -0.016517431 0.999823987 45.013717651
0.999957681 -0.004954685 -0.007752633 0.653742790 0.005083374 0.999848068 0.016668687 -1.422015429 0.007668870 -0.016707392 0.999831021 45.520030975
0.999965310 -0.004746761 -0.006854163 0.641972899 0.004861457 0.999846756 0.016815068 -1.429972410 0.006773296 -0.016847802 0.999835193 46.078590393
0.999956250 -0.005497368 -0.007572223 0.647427440 0.005627609 0.999834597 0.017287377 -1.441026688 0.007475936 -0.017329233 0.999821842 46.627136230
0.999960065 -0.005204692 -0.007273225 0.646786034 0.005331893 0.999831200 0.017580537 -1.457529068 0.007180494 -0.017618615 0.999818981 47.156326294
0.999961436 -0.005373147 -0.006961155 0.660736680 0.005495048 0.999829710 0.017612452 -1.458787441 0.006865336 -0.017650019 0.999820709 47.663219452
0.999963522 -0.004884111 -0.007011030 0.645530105 0.005015011 0.999811113 0.018776147 -1.496077061 0.006918001 -0.018810622 0.999799132 48.290340424
0.999959588 -0.005284507 -0.007275442 0.666932940 0.005417483 0.999816358 0.018380653 -1.501108408 0.007176973 -0.018419323 0.999804616 48.590133667
0.999949217 -0.006080494 -0.008044849 0.677749097 0.006226461 0.999814093 0.018245203 -1.506399393 0.007932413 -0.018294362 0.999801219 49.134792328
0.999952257 -0.005654764 -0.007966387 0.670806587 0.005797906 0.999820054 0.018061426 -1.512470126 0.007862818 -0.018106749 0.999805212 49.675811768
0.999966979 -0.004266522 -0.006915020 0.673370123 0.004395359 0.999814928 0.018724846 -1.518609047 0.006833850 -0.018754618 0.999800861 50.229705811
0.999962270 -0.004511493 -0.007423733 0.684664845 0.004649016 0.999815941 0.018612886 -1.514104366 0.007338394 -0.018646697 0.999799252 50.755393982
0.999951303 -0.005725722 -0.008030013 0.666285098 0.005881659 0.999792039 0.019532438 -1.567181945 0.007916506 -0.019578720 0.999776959 51.132785797
0.999947071 -0.006488852 -0.007984014 0.678532779 0.006643704 0.999787390 0.019523988 -1.567178369 0.007855628 -0.019575994 0.999777496 51.675174713
0.999956906 -0.005765274 -0.007269710 0.654183209 0.005906321 0.999791801 0.019532219 -1.581889033 0.007155590 -0.019574316 0.999782860 52.219612122
0.999954402 -0.006075876 -0.007365433 0.649398923 0.006220498 0.999785125 0.019774053 -1.600878835 0.007243706 -0.019818971 0.999777317 52.746788025
0.999960065 -0.005203109 -0.007257971 0.669537783 0.005346522 0.999788105 0.019882087 -1.596430182 0.007152984 -0.019920101 0.999775946 53.218490601
0.999942183 -0.006548624 -0.008528831 0.681427002 0.006719278 0.999774635 0.020136449 -1.615555763 0.008395044 -0.020192591 0.999760866 53.836574554
0.999935448 -0.007796972 -0.008263796 0.649438679 0.007963886 0.999760985 0.020361852 -1.644955277 0.008103059 -0.020426353 0.999758542 54.258846283
0.999960184 -0.006067640 -0.006544456 0.622607052 0.006201724 0.999767244 0.020666381 -1.657070279 0.006417535 -0.020706145 0.999765038 54.784805298
0.999943078 -0.007149219 -0.007920832 0.652637601 0.007312793 0.999756575 0.020818437 -1.656907797 0.007770069 -0.020875176 0.999751985 55.340553284
0.999911427 -0.009252050 -0.009570602 0.687756419 0.009450753 0.999736309 0.020929236 -1.665732622 0.009374440 -0.021017831 0.999735177 55.961242676
0.999946237 -0.006881786 -0.007756669 0.653349161 0.007049066 0.999738634 0.021749010 -1.699179053 0.007604969 -0.021802519 0.999733388 56.459609985
0.999929786 -0.008154149 -0.008603008 0.727047920 0.008333562 0.999744177 0.021029118 -1.677687049 0.008429331 -0.021099333 0.999741912 57.086185455
0.999938905 -0.007574548 -0.008044752 0.659027874 0.007756428 0.999709427 0.022823211 -1.726773500 0.007869539 -0.022884214 0.999707103 57.292919159
0.999937892 -0.007449219 -0.008289208 0.668951690 0.007633777 0.999718606 0.022460537 -1.731940269 0.008119560 -0.022522418 0.999713302 57.838981628
0.999930859 -0.008139788 -0.008480816 0.687894940 0.008330985 0.999706268 0.022758694 -1.737791657 0.008293074 -0.022827776 0.999705017 58.384819031
0.999936581 -0.007697271 -0.008220249 0.674348235 0.007885287 0.999702275 0.023090087 -1.734461904 0.008040070 -0.023153445 0.999699593 58.915496826
0.999942601 -0.007130693 -0.007995701 0.692425966 0.007313785 0.999706149 0.023108359 -1.748989940 0.007828574 -0.023165511 0.999700963 59.430492401
0.999932408 -0.007407506 -0.008957095 0.740366280 0.007617231 0.999692142 0.023611441 -1.748673201 0.008779435 -0.023678076 0.999681056 59.909118652
0.999936461 -0.007623984 -0.008294198 0.682800531 0.007821089 0.999681413 0.023997249 -1.772163510 0.008108598 -0.024060596 0.999677598 60.396625519
0.999938011 -0.007545325 -0.008180745 0.696343601 0.007743573 0.999670327 0.024479026 -1.788525462 0.007993345 -0.024540860 0.999666870 60.910129547
0.999942601 -0.006568305 -0.008456474 0.706257164 0.006774474 0.999674737 0.024586732 -1.783282161 0.008292231 -0.024642611 0.999661922 61.426860809
0.999950469 -0.006397483 -0.007624686 0.688560605 0.006586644 0.999664605 0.025047515 -1.795097828 0.007461888 -0.025096497 0.999657214 62.008247375
0.999939740 -0.007328029 -0.008173068 0.718755245 0.007532828 0.999651134 0.025315018 -1.820385695 0.007984709 -0.025375064 0.999646068 62.522937775
0.999930382 -0.007703620 -0.008940252 0.733500719 0.007926301 0.999652386 0.025145555 -1.813670635 0.008743433 -0.025214667 0.999643803 63.080772400
0.999943912 -0.006537431 -0.008327539 0.744136393 0.006746976 0.999654949 0.025388638 -1.817929149 0.008158688 -0.025443401 0.999643028 63.638809204
0.999942243 -0.007251495 -0.007933220 0.758917868 0.007451102 0.999648929 0.025427485 -1.815723062 0.007746047 -0.025485128 0.999645174 64.205253601
0.999943018 -0.007135100 -0.007936383 0.746237576 0.007337611 0.999640644 0.025787495 -1.841238141 0.007749534 -0.025844263 0.999635875 64.604766846
0.999945521 -0.006748924 -0.007964978 0.751999140 0.006954277 0.999636650 0.026042381 -1.845934868 0.007786327 -0.026096353 0.999629080 65.158340454
0.999941409 -0.007013818 -0.008244258 0.763013542 0.007227404 0.999631464 0.026169354 -1.847533345 0.008057674 -0.026227407 0.999623537 65.700927734
0.999947727 -0.006116702 -0.008187315 0.780892015 0.006332569 0.999625981 0.026605133 -1.865403891 0.008021519 -0.026655592 0.999612451 66.232795715
0.999952555 -0.005776136 -0.007847543 0.770779729 0.005986983 0.999614358 0.027115488 -1.906995177 0.007687893 -0.027161187 0.999601424 66.691322327
0.999960780 -0.005221271 -0.007152529 0.749344945 0.005413000 0.999619365 0.027053999 -1.910531044 0.007008550 -0.027091658 0.999608397 67.256942749
0.999963701 -0.004006377 -0.007516782 0.798596561 0.004210069 0.999618948 0.027281048 -1.924654722 0.007404618 -0.027311709 0.999599457 67.753112793
0.999958396 -0.005238298 -0.007467531 0.764992714 0.005441952 0.999606490 0.027517634 -1.930294633 0.007320447 -0.027557129 0.999593437 68.286926270
0.999955773 -0.005237187 -0.007796634 0.779694498 0.005445957 0.999620557 0.027001008 -1.921746135 0.007652265 -0.027042275 0.999604940 68.859230042
0.999963641 -0.004483842 -0.007247594 0.792528450 0.004680564 0.999614716 0.027357884 -1.937800407 0.007122133 -0.027390815 0.999599338 69.386901855
0.999963403 -0.004675757 -0.007167143 0.803155899 0.004870497 0.999612689 0.027398920 -1.929958820 0.007036256 -0.027432822 0.999598861 69.940025330
0.999956429 -0.005578791 -0.007481229 0.817531109 0.005786146 0.999591529 0.027987357 -1.950645685 0.007322042 -0.028029429 0.999580264 70.317024231
0.999958575 -0.005229415 -0.007441764 0.826761186 0.005435846 0.999593258 0.027995123 -1.950905800 0.007292339 -0.028034417 0.999580324 70.864379883
0.999970078 -0.004142358 -0.006536223 0.812528789 0.004322475 0.999604523 0.027787447 -1.946845531 0.006418532 -0.027814867 0.999592483 71.439338684
0.999966979 -0.004182198 -0.006974402 0.841040671 0.004374957 0.999602377 0.027855625 -1.951324940 0.006855130 -0.027885217 0.999587655 71.950378418
0.999938071 -0.007231667 -0.008455409 0.861287355 0.007463991 0.999586344 0.027775610 -1.955632448 0.008251047 -0.027837003 0.999578357 72.512069702
0.999957740 -0.005448594 -0.007398780 0.836678982 0.005658103 0.999574959 0.028597357 -1.984847546 0.007239818 -0.028638016 0.999563575 72.937194824
0.999951601 -0.005748922 -0.007979417 0.840962231 0.005977115 0.999565184 0.028874671 -1.988181829 0.007809948 -0.028920965 0.999551237 73.458312988
0.999948621 -0.006044656 -0.008137230 0.872285843 0.006280296 0.999552369 0.029251035 -1.996532679 0.007956775 -0.029300639 0.999539018 73.983795166
0.999961019 -0.005191487 -0.007145153 0.865008235 0.005396313 0.999566138 0.028952057 -2.009814262 0.006991749 -0.028989485 0.999555230 74.551933289
0.999957263 -0.005984738 -0.007047115 0.850492418 0.006187811 0.999555647 0.029156445 -2.008126497 0.006869491 -0.029198807 0.999550045 75.033813477
0.999962091 -0.005076950 -0.007065562 0.857486069 0.005282850 0.999552727 0.029434476 -2.007456064 0.006912963 -0.029470688 0.999541819 75.588378906
0.999963284 -0.004867192 -0.007056885 0.861934841 0.005067670 0.999575913 0.028675037 -2.010346889 0.006914325 -0.028709741 0.999563873 76.148948669
0.999952257 -0.006385340 -0.007396408 0.890546799 0.006593194 0.999574125 0.028427107 -1.989329576 0.007211741 -0.028474513 0.999568582 76.642524719
0.999967039 -0.005073518 -0.006338065 0.837768912 0.005255600 0.999564171 0.029049957 -1.990017653 0.006187915 -0.029082309 0.999557853 77.116798401
0.999973893 -0.004712440 -0.005488030 0.845475316 0.004870924 0.999560893 0.029231876 -1.985061884 0.005347865 -0.029257843 0.999557614 77.681671143
0.999975085 -0.005051533 -0.004922790 0.846634328 0.005187165 0.999596238 0.027940121 -1.976156473 0.004779664 -0.027964957 0.999597490 78.259094238
0.999989033 -0.004008327 -0.002426465 0.833438396 0.004075897 0.999585092 0.028514659 -1.990440369 0.002311163 -0.028524239 0.999590456 78.711791992
0.999993443 -0.003544496 -0.000721624 0.827347279 0.003563588 0.999589086 0.028444465 -1.983568192 0.000620506 -0.028446849 0.999595165 79.265960693
0.999994934 -0.003174880 0.000323599 0.825273693 0.003164165 0.999574780 0.028989216 -1.983104467 -0.000415499 -0.028988041 0.999579728 79.803359985
0.999989927 -0.003250727 0.003102084 0.859888792 0.003161326 0.999591649 0.028401883 -1.987612009 -0.003193144 -0.028391788 0.999591768 80.400108337
0.999976754 -0.003257184 0.005978172 0.911273360 0.003082581 0.999575019 0.028987130 -1.986511946 -0.006070048 -0.028968025 0.999561906 80.810134888
0.999951780 -0.003039668 0.009338181 0.939187050 0.002770096 0.999582887 0.028746150 -1.982254028 -0.009421665 -0.028718894 0.999543130 81.375167847
0.999912143 -0.003725905 0.012720326 0.980133951 0.003369084 0.999603391 0.027958388 -1.967724323 -0.012819451 -0.027913079 0.999528170 81.915084839
0.999809563 -0.002984868 0.019288063 0.982139051 0.002425432 0.999577582 0.028962804 -1.987213135 -0.019366365 -0.028910505 0.999394417 82.458679199
0.999689579 -0.003181806 0.024711326 1.020010114 0.002486455 0.999601424 0.028118867 -1.967185497 -0.024790945 -0.028048690 0.999299109 83.007232666
0.999508083 -0.002791054 0.031238342 0.997227907 0.001898598 0.999590158 0.028562540 -1.992321253 -0.031305261 -0.028489178 0.999103785 83.537696838
0.999229431 -0.002737169 0.039154403 1.050786972 0.001623626 0.999594092 0.028443372 -1.991444826 -0.039216369 -0.028357882 0.998828292 84.075447083
0.998836100 -0.001635330 0.048206352 1.089134932 0.000242772 0.999582887 0.028879162 -2.005160570 -0.048233472 -0.028833846 0.998419881 84.607307434
0.998482525 -0.002633157 0.055005983 1.131765842 0.001079889 0.999600410 0.028248850 -1.988092661 -0.055058375 -0.028146584 0.998086393 85.174514771
0.997967899 -0.003059152 0.063645221 1.183053970 0.001289296 0.999611795 0.027830662 -1.986299753 -0.063705653 -0.027692046 0.997584522 85.754875183
0.997275472 -0.003554546 0.073682107 1.241965771 0.001492847 0.999606311 0.028017204 -1.987093687 -0.073752686 -0.027830875 0.996888220 86.270507812
0.996623158 -0.004627430 0.081981689 1.298196316 0.002353420 0.999610364 0.027812980 -1.994753599 -0.082078449 -0.027526123 0.996245623 86.833808899
0.995871663 -0.003573477 0.090702064 1.353838921 0.000961716 0.999584079 0.028822329 -1.999908209 -0.090767331 -0.028616112 0.995460927 87.277313232
0.994878232 -0.003144277 0.101031214 1.435995579 0.000242074 0.999587357 0.028725231 -1.995082617 -0.101079822 -0.028553654 0.994468510 87.825775146
0.993727744 -0.002795301 0.111792371 1.508026123 -0.000393074 0.999594033 0.028488299 -1.990385532 -0.111826636 -0.028353555 0.993323147 88.383689880
0.992607594 -0.002551144 0.121340647 1.595286369 -0.000982584 0.999577343 0.029053627 -1.987605095 -0.121363483 -0.028958082 0.992185593 88.967002869
0.991200328 -0.002511739 0.132346064 1.691691399 -0.001303171 0.999586344 0.028730765 -1.986998796 -0.132363483 -0.028650418 0.990787148 89.524696350
0.989573419 -0.003034532 0.143997416 1.799326897 -0.001182628 0.999573112 0.029191727 -2.001907110 -0.144024521 -0.029057654 0.989147425 90.045204163
0.987796485 -0.003356059 0.155713588 1.797636032 -0.001153832 0.999582648 0.028863305 -1.970664978 -0.155745491 -0.028690739 0.987380445 90.623855591
0.986278594 -0.003847101 0.165044248 1.913742065 -0.001050339 0.999561906 0.029575968 -1.974112988 -0.165085748 -0.029343495 0.985842705 91.169746399
0.984214187 -0.003991623 0.176936179 2.027807236 -0.001141627 0.999581575 0.028900592 -1.971434116 -0.176977500 -0.028646369 0.983797908 91.705154419
0.981801093 -0.003646944 0.189876959 2.151065826 -0.001910946 0.999575257 0.029079692 -1.980792284 -0.189902350 -0.028913321 0.981377065 92.242309570
0.979764700 -0.004834477 0.200094253 2.280281067 -0.000790680 0.999607086 0.028023079 -1.980550528 -0.200151071 -0.027614234 0.979375780 92.797164917
0.976744950 -0.004093941 0.214365453 2.386230469 -0.002109585 0.999585748 0.028702253 -1.957233906 -0.214394167 -0.028487004 0.976331711 93.348251343
0.973648906 -0.003984084 0.228017822 2.531414032 -0.002639054 0.999583602 0.028734321 -1.956310511 -0.228037357 -0.028578889 0.973232806 93.869422913
0.971060514 -0.005839303 0.238761961 2.694131851 -0.000824183 0.999613166 0.027799131 -1.946233988 -0.238831952 -0.027191425 0.970680177 94.409408569
0.968058407 -0.005800843 0.250657469 2.872766495 -0.001149519 0.999619126 0.027573222 -1.927306414 -0.250721961 -0.026980631 0.967683077 94.940193176
0.964366615 -0.006303241 0.264494449 3.037181854 -0.001233538 0.999598145 0.028319271 -1.953385115 -0.264566660 -0.027636424 0.963971257 95.454917908
0.960754037 -0.007052634 0.277312040 3.208173752 -0.000731930 0.999608815 0.027957957 -1.934798956 -0.277400792 -0.027063694 0.960372984 96.001426697
0.957185686 -0.006964845 0.289390773 3.342988968 -0.001253790 0.999601364 0.028204698 -1.938689947 -0.289471835 -0.027359970 0.956795394 96.571342468
0.952641308 -0.005658487 0.304043651 3.521024704 -0.003263312 0.999579132 0.028827675 -1.944586515 -0.304078758 -0.028454628 0.952221870 97.112457275
0.948279798 -0.006023197 0.317378342 3.717731476 -0.003169487 0.999590397 0.028440163 -1.939662218 -0.317419618 -0.027975161 0.947872519 97.653686523
0.944427252 -0.008096098 0.328620881 3.918487549 -0.001226553 0.999602854 0.028151818 -1.938560724 -0.328718275 -0.026990412 0.944042265 98.159156799
0.939999402 -0.007837362 0.341086030 4.142829895 -0.001917943 0.999598920 0.028254103 -1.936331987 -0.341170698 -0.027213026 0.939607322 98.660522461
0.934721410 -0.007260813 0.355307221 4.363986969 -0.002968370 0.999596834 0.028236082 -1.933088541 -0.355369002 -0.027447551 0.934322953 99.178825378
0.930271447 -0.008751248 0.366767615 4.598602295 -0.001845872 0.999591172 0.028532593 -1.944333792 -0.366867363 -0.027220063 0.929874957 99.688499451
0.925682127 -0.009076220 0.378193408 4.836069107 -0.001549995 0.999612749 0.027783426 -1.935612679 -0.378299117 -0.026304817 0.925309598 100.225234985
0.920170665 -0.010622058 0.391373575 5.092727661 -0.000380714 0.999607146 0.028024895 -1.937519789 -0.391517550 -0.025936687 0.919805050 100.716766357
0.914470017 -0.010264880 0.404523492 5.312820435 -0.001729451 0.999569952 0.029273940 -1.979213715 -0.404649973 -0.027469743 0.914058983 101.118453979
0.908836246 -0.008393676 0.417068630 5.541324615 -0.003789844 0.999590158 0.028375631 -1.904404640 -0.417135805 -0.027369427 0.908431947 101.764129639
0.903473258 -0.009062206 0.428548813 5.804439545 -0.003826598 0.999566138 0.029204393 -1.914458990 -0.428627491 -0.028025266 0.903046548 102.244201660
0.896588683 -0.007959558 0.442792654 6.066940308 -0.005328106 0.999572217 0.028756745 -1.913799524 -0.442832112 -0.028142218 0.896162748 102.758041382
0.890919924 -0.009256764 0.454066068 6.346786499 -0.003861983 0.999601781 0.027955832 -1.901131868 -0.454143971 -0.026660003 0.890529275 103.260879517
0.885052741 -0.009105843 0.465401471 6.625354767 -0.004044388 0.999620497 0.027249344 -1.889366865 -0.465472966 -0.025999373 0.884680092 103.772201538
0.878099859 -0.010335681 0.478365779 6.921474457 -0.003031135 0.999626458 0.027162183 -1.893263817 -0.478467852 -0.025301104 0.877740443 104.258369446
