1.000000000 0.000000000 0.000000000 0.000000000 0.000000000 1.000000000 0.000000000 0.000000000 0.000000000 0.000000000 1.000000000 0.000000000
1.000000000 0.000061346 -0.000049522 0.000092570 -0.000061351 1.000000000 -0.000102190 0.000444230 0.000049515 0.000102193 1.000000000 -0.000833450
1.000000000 0.000087930 -0.000004978 0.000428749 -0.000087930 1.000000000 0.000021970 -0.000314829 0.000004980 -0.000021970 1.000000000 -0.001411938
1.000000000 0.000078327 -0.000060625 0.000490440 -0.000078323 1.000000000 0.000055720 -0.000276965 0.000060629 -0.000055715 1.000000000 -0.002286477
1.000000000 0.000027841 -0.000024437 0.000154438 -0.000027843 1.000000000 -0.000074830 0.000742221 0.000024435 0.000074830 1.000000000 0.001096003
1.000000000 0.000081281 -0.000042506 0.001136317 -0.000081283 1.000000000 -0.000046352 0.000051031 0.000042502 0.000046356 1.000000000 -0.000302102
1.000000000 0.000102202 0.000013216 0.000510234 -0.000102201 1.000000000 -0.000112341 0.000430270 -0.000013227 0.000112340 1.000000000 -0.000865510
1.000000000 -0.000094421 0.000016853 0.000812265 0.000094421 1.000000000 -0.000018086 0.000173781 -0.000016852 0.000018088 1.000000000 -0.000665590
1.000000000 -0.000165856 -0.000013327 0.000928295 0.000165854 1.000000000 -0.000125003 0.001685758 0.000013348 0.000125000 1.000000000 0.001392742
1.000000000 0.000044775 -0.000084278 0.001808490 -0.000044769 1.000000000 0.000063081 -0.000253044 0.000084280 -0.000063077 1.000000000 0.000008468
1.000000000 -0.000038710 -0.000041572 0.001643488 0.000038708 1.000000000 -0.000057736 0.000648903 0.000041574 0.000057734 1.000000000 -0.000398695
1.000000000 -0.000019505 -0.000011911 -0.000049514 0.000019505 1.000000000 0.000008710 -0.000034783 0.000011911 -0.000008710 1.000000000 0.000084890
1.000000000 -0.000149341 -0.000125783 0.001819764 0.000149356 1.000000000 0.000116759 -0.000752378 0.000125766 -0.000116778 1.000000000 -0.000707912
1.000000000 -0.000123682 -0.000116690 0.001672409 0.000123693 1.000000000 0.000094063 -0.000730649 0.000116678 -0.000094077 1.000000000 -0.000686861
0.999999940 -0.000234494 -0.000102310 0.000848077 0.000234501 0.999999940 0.000075563 -0.000769592 0.000102292 -0.000075587 1.000000000 -0.000790961
1.000000000 0.000166629 0.000120933 0.000313887 -0.000166632 1.000000000 0.000022386 0.000592694 -0.000120929 -0.000022406 1.000000000 0.001275848
1.000000000 0.000004160 -0.000098486 0.000962868 -0.000004163 1.000000000 -0.000026858 0.000758660 0.000098486 0.000026858 1.000000000 0.001113374
1.000000000 0.000004406 -0.000033664 0.000954823 -0.000004409 1.000000000 -0.000090256 0.001008797 0.000033663 0.000090256 1.000000000 0.000273760
1.000000000 0.000047548 0.000127922 -0.000231345 -0.000047545 1.000000000 -0.000020069 0.000416255 -0.000127923 0.000020063 1.000000000 0.000571730
1.000000000 0.000116676 0.000064144 0.000434796 -0.000116670 1.000000000 -0.000079233 0.000482190 -0.000064153 0.000079226 1.000000000 -0.000154838
1.000000000 0.000046158 -0.000075006 0.000749768 -0.000046148 1.000000000 0.000120125 -0.000219065 0.000075011 -0.000120122 1.000000000 0.000483887
0.999999940 -0.000311670 0.000021590 0.001320621 0.000311668 0.999999940 0.000073898 -0.000649707 -0.000021613 -0.000073892 1.000000000 -0.000354036
1.000000000 -0.000034876 0.000128064 0.000145764 0.000034879 1.000000000 -0.000018774 0.001550761 -0.000128064 0.000018778 1.000000000 -0.000439812
1.000000000 0.000014349 0.000021005 0.001229492 -0.000014351 1.000000000 0.000091030 -0.000180707 -0.000021003 -0.000091031 1.000000000 -0.001131706
1.000000000 0.000187008 0.000067742 0.000615448 -0.000187007 1.000000000 -0.000012086 0.000184968 -0.000067744 0.000012073 1.000000000 -0.001565055
1.000000000 -0.000027838 -0.000084025 0.001698703 0.000027827 1.000000000 -0.000129517 0.001076018 0.000084028 0.000129515 1.000000000 -0.000893143
1.000000000 0.000095043 0.000027219 -0.000218379 -0.000095040 1.000000000 -0.000108255 0.001009484 -0.000027229 0.000108253 1.000000000 0.000667924
1.000000000 -0.000037900 0.000071418 -0.000819308 0.000037898 1.000000000 0.000021991 0.001272388 -0.000071419 -0.000021988 1.000000000 0.001741147
1.000000000 0.000132926 0.000107859 -0.000111078 -0.000132920 1.000000000 -0.000055177 0.001614055 -0.000107866 0.000055163 1.000000000 0.000929678
1.000000000 0.000058034 0.000081271 0.000534634 -0.000058037 1.000000000 0.000035338 -0.000083781 -0.000081269 -0.000035343 1.000000000 -0.001914510
1.000000000 0.000173660 0.000098035 -0.000189004 -0.000173669 1.000000000 0.000098460 -0.000475760 -0.000098018 -0.000098477 1.000000000 -0.000951570
1.000000000 0.000074047 0.000060429 0.000971514 -0.000074048 1.000000000 0.000017962 0.000064471 -0.000060428 -0.000017966 1.000000000 -0.000557657
1.000000000 -0.000012947 0.000085921 0.000206207 0.000012944 1.000000000 0.000036474 0.000489297 -0.000085921 -0.000036473 1.000000000 0.000871275
1.000000000 0.000161566 0.000096224 0.000528032 -0.000161571 1.000000000 0.000053653 0.000118451 -0.000096216 -0.000053669 1.000000000 -0.000362555
1.000000000 0.000228673 0.000075024 0.000117867 -0.000228669 1.000000000 -0.000053517 0.001407846 -0.000075036 0.000053500 1.000000000 -0.000453848
1.000000000 -0.000098046 0.000037762 -0.000328808 0.000098050 1.000000000 -0.000105124 0.002343405 -0.000037752 0.000105128 1.000000000 0.002688451
1.000000000 0.000031091 0.000031244 0.000528915 -0.000031094 1.000000000 0.000099519 0.000036916 -0.000031241 -0.000099520 1.000000000 -0.000681479
1.000000000 -0.000069496 -0.000011684 0.000767331 0.000069497 1.000000000 0.000085784 0.000426628 0.000011678 -0.000085785 1.000000000 0.000170470
0.999999940 0.000079776 0.000280812 -0.000841791 -0.000079780 1.000000000 0.000015777 0.000842154 -0.000280811 -0.000015799 0.999999940 0.002504943
0.999999881 -0.000466577 0.000144310 0.001731609 0.000466668 0.999999702 -0.000634761 -0.002413318 -0.000144013 0.000634829 0.999999762 0.050927836
1.000000000 0.000035563 0.000195479 0.001019488 -0.000035334 0.999999344 -0.001170182 -0.006250804 -0.000195521 0.001170175 0.999999285 0.132282093
0.999999940 0.000379835 -0.000089147 0.005124889 -0.000379963 0.999998868 -0.001439882 -0.006510048 0.000088600 0.001439916 0.999998987 0.250749946
1.000000000 0.000232156 0.000035957 0.006335534 -0.000232116 0.999999404 -0.001088095 -0.014709105 -0.000036209 0.001088087 0.999999404 0.379658788
1.000000000 0.000128141 0.000091966 0.008491433 -0.000128040 0.999999404 -0.001093316 -0.016293751 -0.000092106 0.001093304 0.999999404 0.525161624
1.000000000 0.000235066 0.000031314 0.014020340 -0.000235024 0.999999046 -0.001353236 -0.019411003 -0.000031632 0.001353229 0.999999106 0.674439609
1.000000000 -0.000042977 0.000180355 0.018759597 0.000043190 0.999999285 -0.001178471 -0.023597348 -0.000180304 0.001178478 0.999999285 0.838885903
0.999999940 0.000190635 0.000282494 0.016435606 -0.000190359 0.999999523 -0.000977969 -0.026242509 -0.000282680 0.000977915 0.999999464 1.014048815
0.999999940 0.000271854 0.000277167 0.021164091 -0.000271688 0.999999762 -0.000596526 -0.035794303 -0.000277329 0.000596451 0.999999762 1.182310700
0.999999523 0.000773457 0.000596920 0.017912947 -0.000772942 0.999999344 -0.000863001 -0.037357170 -0.000597587 0.000862540 0.999999464 1.367011428
1.000000000 -0.000104761 0.000094349 0.034849387 0.000104792 0.999999940 -0.000326632 -0.052855991 -0.000094314 0.000326642 0.999999940 1.556429148
0.999999881 0.000422218 0.000320850 0.033146773 -0.000422009 0.999999702 -0.000651490 -0.049358934 -0.000321125 0.000651355 0.999999762 1.758499265
0.999999940 0.000176215 -0.000203039 0.042270996 -0.000176292 0.999999940 -0.000378389 -0.057589848 0.000202972 0.000378425 0.999999881 1.952561855
0.999999344 0.000691344 0.000896954 0.027153019 -0.000691012 0.999999702 -0.000371001 -0.060062036 -0.000897210 0.000370381 0.999999523 2.162501812
0.999999166 0.000482522 -0.001179116 0.077863395 -0.000483205 0.999999642 -0.000578809 -0.070349351 0.001178836 0.000579378 0.999999106 2.396346569
0.999998212 0.000009879 -0.001899777 0.093470901 -0.000010565 0.999999881 -0.000360826 -0.079036057 0.001899773 0.000360845 0.999998093 2.610007048
0.999999106 0.000780010 -0.001110559 0.088260658 -0.000780568 0.999999583 -0.000502681 -0.085114472 0.001110166 0.000503548 0.999999285 2.841323614
0.999998808 0.000545328 -0.001495991 0.097233988 -0.000545703 0.999999821 -0.000249671 -0.092630893 0.001495854 0.000250487 0.999998927 3.076036215
0.999998808 0.000529476 -0.001406336 0.097651817 -0.000530445 0.999999642 -0.000688874 -0.094547041 0.001405971 0.000689620 0.999998868 3.315715313
0.999999225 0.000807022 -0.000934096 0.100323655 -0.000807507 0.999999523 -0.000519521 -0.102052331 0.000933676 0.000520274 0.999999404 3.555248022
0.999999464 0.000561302 -0.000863373 0.102644324 -0.000562098 0.999999344 -0.000922420 -0.103118755 0.000862855 0.000922905 0.999999225 3.820498228
0.999999344 0.000610706 -0.001029080 0.111704648 -0.000611534 0.999999523 -0.000804948 -0.112115666 0.001028587 0.000805576 0.999999106 4.074501991
0.999999166 0.000863931 -0.000905187 0.112656429 -0.000864417 0.999999464 -0.000536675 -0.120573670 0.000904723 0.000537457 0.999999404 4.330817699
0.999999344 0.000896154 -0.000749588 0.118254140 -0.000896615 0.999999404 -0.000614352 -0.127671257 0.000749037 0.000615023 0.999999464 4.584252357
0.999999166 0.001216982 -0.000602866 0.123340420 -0.001217326 0.999999046 -0.000570397 -0.134046316 0.000602171 0.000571130 0.999999642 4.840335369
0.999999344 0.000743621 -0.000909003 0.132443428 -0.000743953 0.999999642 -0.000363904 -0.141814932 0.000908732 0.000364580 0.999999523 5.106719017
0.999999285 0.000956261 -0.000726574 0.132526472 -0.000956562 0.999999404 -0.000415021 -0.151147768 0.000726176 0.000415716 0.999999642 5.368063927
0.999999166 0.001179831 -0.000549195 0.132518858 -0.001180201 0.999999046 -0.000675157 -0.154846534 0.000548397 0.000675804 0.999999642 5.632746696
0.999999225 0.000954062 -0.000744751 0.138017744 -0.000954519 0.999999285 -0.000613170 -0.162631333 0.000744165 0.000613881 0.999999583 5.899388313
0.999999404 0.000715993 -0.000737008 0.146740407 -0.000716214 0.999999642 -0.000299449 -0.173362702 0.000736793 0.000299977 0.999999702 6.176970959
0.999998748 0.001215351 -0.000969158 0.151347950 -0.001215729 0.999999106 -0.000389823 -0.182537571 0.000968683 0.000391000 0.999999464 6.459036827
0.999999106 0.000960017 -0.000923068 0.158888116 -0.000960245 0.999999523 -0.000246716 -0.198146909 0.000922831 0.000247603 0.999999464 6.738409519
0.999998868 0.001182647 -0.000852140 0.162222832 -0.001182879 0.999999225 -0.000271518 -0.204237849 0.000851818 0.000272526 0.999999583 7.042153835
0.999998868 0.001251539 -0.000807619 0.166296437 -0.001251962 0.999999106 -0.000523301 -0.209243417 0.000806963 0.000524312 0.999999523 7.343222618
0.999999464 0.000756270 -0.000720702 0.173086360 -0.000756752 0.999999523 -0.000669561 -0.217712209 0.000720195 0.000670106 0.999999404 7.649602413
0.999998629 0.001555632 -0.000620290 0.184616417 -0.001555901 0.999998748 -0.000434262 -0.230076283 0.000619614 0.000435226 0.999999702 7.942237854
0.999999166 0.000606836 -0.001145574 0.190523490 -0.000606867 0.999999821 -0.000026408 -0.242893264 0.001145558 0.000027103 0.999999344 8.272536278
0.999999404 0.000612956 -0.000937389 0.196835279 -0.000613375 0.999999762 -0.000447226 -0.250333756 0.000937115 0.000447801 0.999999464 8.600796700
0.999999762 0.000561803 -0.000422840 0.196689516 -0.000561987 0.999999702 -0.000437151 -0.256683469 0.000422594 0.000437389 0.999999821 8.942680359
0.999999821 0.000414647 -0.000427058 0.203402326 -0.000414755 0.999999881 -0.000253747 -0.271328270 0.000426952 0.000253924 0.999999881 9.272423744
0.999999583 0.000731466 -0.000457158 0.203033790 -0.000731647 0.999999642 -0.000395325 -0.275568545 0.000456868 0.000395659 0.999999821 9.627286911
0.999999404 0.000126300 -0.001005477 0.217497334 -0.000126065 0.999999881 0.000234616 -0.293587685 0.001005506 -0.000234489 0.999999464 9.946602821
0.999999166 0.000883908 -0.000955398 0.223637253 -0.000883447 0.999999404 0.000482526 -0.305160999 0.000955824 -0.000481682 0.999999464 10.304387093
0.999999225 0.000742893 -0.000990176 0.234607354 -0.000741923 0.999999285 0.000979493 -0.322532594 0.000990903 -0.000978757 0.999999046 10.649946213
0.999999344 0.000006368 -0.001123335 0.238960892 -0.000005708 0.999999762 0.000587896 -0.326153994 0.001123339 -0.000587889 0.999999225 11.032469749
0.999999583 0.000681634 -0.000552957 0.236138552 -0.000681731 0.999999762 -0.000176571 -0.330995262 0.000552837 0.000176948 0.999999762 11.397123337
0.999999583 0.000342070 -0.000882858 0.252894431 -0.000341910 0.999999940 0.000181518 -0.343573898 0.000882920 -0.000181216 0.999999583 11.768071175
0.999999702 0.000507875 -0.000562773 0.252413124 -0.000507955 0.999999881 -0.000140964 -0.353334874 0.000562701 0.000141250 0.999999821 12.152813911
0.999999523 0.000756835 -0.000599096 0.260849446 -0.000757027 0.999999702 -0.000321236 -0.363478571 0.000598853 0.000321689 0.999999762 12.546444893
0.999999642 0.000790415 -0.000216927 0.262627512 -0.000790406 0.999999642 0.000041901 -0.375295103 0.000216959 -0.000041730 1.000000000 12.935679436
0.999999642 0.000722671 -0.000403550 0.272427946 -0.000722609 0.999999702 0.000155626 -0.388473153 0.000403663 -0.000155334 0.999999881 13.332441330
0.999999762 0.000599796 0.000024464 0.282419324 -0.000599809 0.999999583 0.000558388 -0.401183546 -0.000024129 -0.000558403 0.999999821 13.736433983
0.999999881 0.000467359 -0.000008695 0.284659564 -0.000467357 0.999999821 0.000175186 -0.408055514 0.000008777 -0.000175182 0.999999940 14.158945084
1.000000000 0.000265533 -0.000063235 0.298458546 -0.000265510 0.999999940 0.000364338 -0.421238571 0.000063331 -0.000364321 0.999999940 14.578654289
0.999999940 0.000304256 0.000073738 0.303614765 -0.000304293 0.999999821 0.000512249 -0.435985804 -0.000073582 -0.000512272 0.999999821 15.003198624
0.999999881 0.000327880 0.000271105 0.312356204 -0.000327933 0.999999881 0.000194140 -0.446185112 -0.000271041 -0.000194229 0.999999881 15.435161591
0.999999940 0.000227297 0.000594565 0.321568459 -0.000227406 0.999999940 0.000183288 -0.457004488 -0.000594523 -0.000183424 0.999999821 15.872254372
0.999999762 0.000099825 0.000699620 0.329974860 -0.000099879 1.000000000 0.000076914 -0.467063248 -0.000699612 -0.000076983 0.999999762 16.314889908
0.999999523 0.000401618 0.000920314 0.337606221 -0.000401686 0.999999881 0.000073524 -0.481496125 -0.000920284 -0.000073894 0.999999583 16.756965637
0.999999464 0.000436773 0.001008088 0.347707063 -0.000437211 0.999999881 0.000434449 -0.497253031 -0.001007898 -0.000434889 0.999999404 17.211593628
0.999998748 0.000445856 0.001501936 0.349619478 -0.000446208 0.999999821 0.000234368 -0.504382789 -0.001501831 -0.000235037 0.999998808 17.671733856
0.999997199 0.000788807 0.002217475 0.359190643 -0.000789187 0.999999583 0.000170504 -0.518606246 -0.002217340 -0.000172253 0.999997497 18.126577377
0.999998212 0.000537583 0.001814357 0.370519757 -0.000538077 0.999999821 0.000271966 -0.530210555 -0.001814211 -0.000272942 0.999998331 18.599058151
0.999998510 -0.000183823 0.001725739 0.384595454 0.000183074 0.999999940 0.000433976 -0.541259587 -0.001725819 -0.000433660 0.999998450 19.067958832
0.999998093 -0.000124447 0.001931258 0.400944233 0.000124690 1.000000000 -0.000125676 -0.550451517 -0.001931242 0.000125917 0.999998152 19.549793243
0.999996841 0.000306760 0.002491354 0.379710793 -0.000306243 0.999999940 -0.000207846 -0.562482357 -0.002491418 0.000207082 0.999996901 20.026508331
0.999996126 0.001130353 0.002541034 0.390160084 -0.001130014 0.999999344 -0.000134820 -0.577429056 -0.002541185 0.000131948 0.999996781 20.520809174
0.999996603 0.001145585 0.002349337 0.398029387 -0.001143736 0.999998987 -0.000788510 -0.578618050 -0.002350238 0.000785820 0.999996960 21.030206680
0.999998569 0.000182456 0.001687199 0.396667302 -0.000181927 0.999999940 -0.000313673 -0.598638833 -0.001687256 0.000313366 0.999998510 21.517024994
0.999998629 0.000171762 0.001644094 0.406567663 -0.000172520 0.999999881 0.000460584 -0.621351421 -0.001644015 -0.000460867 0.999998510 22.029506683
0.999999642 0.000475508 0.000778817 0.422686487 -0.000476185 0.999999464 0.000870149 -0.641547382 -0.000778402 -0.000870520 0.999999285 22.515258789
0.999999404 0.000449253 0.001121805 0.396338880 -0.000449895 0.999999762 0.000572119 -0.655388415 -0.001121547 -0.000572624 0.999999225 23.034904480
0.999999940 -0.000009477 0.000361365 0.409834713 0.000009193 0.999999702 0.000785385 -0.673723102 -0.000361372 -0.000785382 0.999999642 23.553796768
0.999999762 -0.000640963 0.000233449 0.405506074 0.000641023 0.999999762 -0.000256189 -0.681771755 -0.000233285 0.000256338 0.999999940 24.095329285
0.999999881 0.000041609 -0.000392001 0.409956455 -0.000041431 1.000000000 0.000456407 -0.699643314 0.000392020 -0.000456391 0.999999821 24.596830368
0.999998927 0.000726203 -0.001246501 0.419767857 -0.000725778 0.999999762 0.000342141 -0.713094711 0.001246749 -0.000341236 0.999999166 25.134759903
0.999998748 0.001031837 -0.001226348 0.423026472 -0.001030910 0.999999166 0.000756576 -0.725344956 0.001227127 -0.000755311 0.999998987 25.683715820
0.999998629 0.001004689 -0.001293713 0.413263649 -0.001003586 0.999999046 0.000852712 -0.747841537 0.001294568 -0.000851412 0.999998808 26.186901093
0.999996960 0.000524475 -0.002409408 0.429058641 -0.000519467 0.999997616 0.002078768 -0.768443465 0.002410492 -0.002077510 0.999994934 26.736621857
0.999996901 -0.000552669 -0.002396055 0.433387637 0.000556979 0.999998152 0.001798604 -0.776061475 0.002395057 -0.001799933 0.999995530 27.292697906
0.999996603 0.000818730 -0.002456898 0.435549706 -0.000815730 0.999998927 0.001221914 -0.794424295 0.002457896 -0.001219906 0.999996245 27.847217560
0.999995887 0.001324393 -0.002556730 0.442526847 -0.001320436 0.999997973 0.001548625 -0.809186637 0.002558776 -0.001545242 0.999995589 28.388187408
0.999994934 0.001157835 -0.002944272 0.451525480 -0.001153656 0.999998271 0.001420789 -0.821634173 0.002945912 -0.001417385 0.999994695 28.921121597
0.999993443 0.001037913 -0.003464451 0.460862070 -0.001032311 0.999998152 0.001618484 -0.843669415 0.003466125 -0.001614897 0.999992669 29.499618530
0.999991894 0.001345038 -0.003797924 0.463290215 -0.001338653 0.999997675 0.001683159 -0.856702268 0.003800180 -0.001678061 0.999991298 30.051219940
0.999990225 0.000787764 -0.004364441 0.479979694 -0.000780035 0.999998152 0.001772458 -0.873765767 0.004365829 -0.001769036 0.999988854 30.596565247
0.999990106 0.000999942 -0.004368145 0.482985139 -0.000992868 0.999998212 0.001621265 -0.889852226 0.004369759 -0.001616912 0.999989152 31.158208847
0.999987721 0.001301412 -0.004785654 0.492416024 -0.001293221 0.999997675 0.001714164 -0.902789533 0.004787874 -0.001707954 0.999987066 31.710243225
0.999986529 0.001183772 -0.005060477 0.504213333 -0.001173655 0.999997318 0.002001816 -0.922165871 0.005062832 -0.001995849 0.999985218 32.257709503
0.999987006 0.001343561 -0.004907254 0.502242565 -0.001334435 0.999997377 0.001862486 -0.930170536 0.004909743 -0.001855913 0.999986231 32.802986145
0.999984503 0.001465502 -0.005361134 0.515405536 -0.001455398 0.999997139 0.001888047 -0.950576067 0.005363885 -0.001880216 0.999983907 33.341835022
0.999985397 0.001599841 -0.005146976 0.514102042 -0.001590988 0.999997258 0.001723649 -0.957939267 0.005149720 -0.001715435 0.999985218 33.902473450
0.999985874 0.001167933 -0.005182766 0.517348528 -0.001158559 0.999997675 0.001811399 -0.973471403 0.005184869 -0.001805368 0.999984920 34.449253082
0.999986172 0.001538422 -0.005028501 0.521192312 -0.001529141 0.999997139 0.001849122 -0.988692224 0.005031331 -0.001841407 0.999985576 34.999916077
0.999987483 0.001559722 -0.004749211 0.526611567 -0.001553321 0.999997795 0.001351398 -0.999579310 0.004751309 -0.001344004 0.999987781 35.546337128
0.999987364 0.001911466 -0.004636905 0.532563508 -0.001901917 0.999996006 0.002063054 -1.021949887 0.004640830 -0.002054209 0.999987066 36.103637695
0.999982893 0.001944802 -0.005515123 0.537970662 -0.001935545 0.999996722 0.001683427 -1.032600760 0.005518379 -0.001672724 0.999983311 36.640033722
0.999983013 0.002741886 -0.005133945 0.539683759 -0.002735516 0.999995470 0.001247427 -1.041169286 0.005137342 -0.001233362 0.999986053 37.196308136
0.999980450 0.002131661 -0.005874040 0.546762228 -0.002122948 0.999996603 0.001489160 -1.060910344 0.005877194 -0.001476661 0.999981642 37.754917145
0.999980211 0.001260638 -0.006158073 0.556467056 -0.001252246 0.999998271 0.001366342 -1.072880149 0.006159785 -0.001358604 0.999980152 38.305576324
0.999981225 0.001552015 -0.005925006 0.559312224 -0.001542296 0.999997556 0.001644584 -1.093921185 0.005927544 -0.001635415 0.999981105 38.852504730
0.999977589 0.002282868 -0.006291239 0.563497782 -0.002271224 0.999995649 0.001857211 -1.108107805 0.006295452 -0.001842881 0.999978423 39.412048340
0.999976277 0.002004927 -0.006591497 0.579192519 -0.001991943 0.999996066 0.001975779 -1.124037862 0.006595432 -0.001962603 0.999976337 39.956199646
0.999974668 0.001865515 -0.006858170 0.596027255 -0.001849634 0.999995589 0.002321140 -1.148794055 0.006862470 -0.002308397 0.999973774 40.498855591
0.999974728 0.002577332 -0.006626539 0.608566046 -0.002564736 0.999994874 0.001908542 -1.151908278 0.006631425 -0.001891498 0.999976218 41.046386719
0.999979019 0.001720489 -0.006246182 0.568251729 -0.001704119 0.999995112 0.002625274 -1.177419186 0.006250668 -0.002614574 0.999977052 41.624122620
0.999975502 0.001823193 -0.006756628 0.584493995 -0.001803077 0.999993920 0.002982145 -1.196453094 0.006762023 -0.002969889 0.999972761 42.160980225
0.999973774 0.001428571 -0.007114981 0.601024866 -0.001405136 0.999993563 0.003297546 -1.211526155 0.007119646 -0.003287461 0.999969244 42.702110291
0.999974608 0.001659052 -0.006936789 0.606251478 -0.001639736 0.999994814 0.002789251 -1.217525244 0.006941380 -0.002777805 0.999972045 43.244918823
0.999980986 0.001235660 -0.006063168 0.573042870 -0.001218913 0.999995351 0.002764942 -1.231145740 0.006066557 -0.002757498 0.999977767 43.849380493
0.999981761 0.000669948 -0.006013899 0.581540585 -0.000649215 0.999993861 0.003448891 -1.251162291 0.006016172 -0.003444923 0.999975920 44.395931244
0.999981761 0.001600112 -0.005830936 0.582269430 -0.001580550 0.999993086 0.003357939 -1.263558865 0.005836268 -0.003348661 0.999977350 44.929378510
0.999981761 0.001867158 -0.005740828 0.577074051 -0.001853465 0.999995410 0.002389564 -1.260444760 0.005745264 -0.002378880 0.999980688 45.500431061
0.999982357 0.001376691 -0.005774265 0.589428425 -0.001362264 0.999996006 0.002501722 -1.272756934 0.005777686 -0.002493812 0.999980211 46.051284790
0.999982119 0.000810897 -0.005930635 0.600350380 -0.000798759 0.999997616 0.002048632 -1.284093380 0.005932281 -0.002043858 0.999980330 46.586711884
0.999980748 0.001268191 -0.006078316 0.595368624 -0.001254078 0.999996603 0.002325120 -1.295004964 0.006081244 -0.002317453 0.999978840 47.157936096
0.999978602 0.001111223 -0.006439602 0.608633399 -0.001094566 0.999996066 0.002589606 -1.314465284 0.006442454 -0.002582502 0.999975979 47.689765930
0.999981225 0.001802701 -0.005865803 0.595343828 -0.001789405 0.999995768 0.002271094 -1.318748236 0.005869873 -0.002260555 0.999980211 48.269382477
0.999983907 0.000999562 -0.005585552 0.591612816 -0.000986617 0.999996841 0.002319671 -1.332836747 0.005587852 -0.002314123 0.999981642 48.824504852
0.999983847 0.001155089 -0.005560058 0.600039601 -0.001141677 0.999996424 0.002414881 -1.346724987 0.005562827 -0.002408494 0.999981642 49.372482300
0.999986172 0.001099453 -0.005135675 0.598549485 -0.001089596 0.999997497 0.001921749 -1.356090188 0.005137775 -0.001916126 0.999984920 49.932815552
0.999982715 0.000989345 -0.005797592 0.609976172 -0.000975799 0.999996781 0.002338923 -1.377260089 0.005799888 -0.002333225 0.999980390 50.496719360
0.999981344 0.000993294 -0.006029150 0.617592573 -0.000980240 0.999997139 0.002167754 -1.392638683 0.006031286 -0.002161803 0.999979436 51.046188354
0.999983311 0.001055066 -0.005678165 0.619084239 -0.001043121 0.999997199 0.002106236 -1.405847311 0.005680372 -0.002100277 0.999981701 51.593662262
0.999980748 0.001031019 -0.006116773 0.622475386 -0.001016801 0.999996722 0.002326968 -1.425110698 0.006119153 -0.002320704 0.999978602 52.165592194
0.999981701 0.000477816 -0.006032981 0.633551300 -0.000469668 0.999998987 0.001351990 -1.434320927 0.006033622 -0.001349132 0.999980927 52.721271515
0.999983251 0.000822622 -0.005732766 0.630297780 -0.000810138 0.999997258 0.002179584 -1.454877138 0.005734544 -0.002174903 0.999981165 53.267665863
0.999982774 0.001043523 -0.005766028 0.635222495 -0.001029788 0.999996603 0.002384529 -1.472690344 0.005768496 -0.002378550 0.999980509 53.814945221
0.999986172 0.001300502 -0.005095288 0.641068459 -0.001290314 0.999997139 0.002002219 -1.486241102 0.005097878 -0.001995617 0.999984980 54.363842010
0.999985278 0.001358320 -0.005244980 0.633411288 -0.001346238 0.999996424 0.002306402 -1.499653697 0.005248094 -0.002299308 0.999983609 54.920375824
0.999986053 0.000865459 -0.005205030 0.640375376 -0.000855197 0.999997675 0.001973676 -1.516271234 0.005206726 -0.001969197 0.999984503 55.462169647
0.999986053 0.001804301 -0.004965809 0.636740685 -0.001793926 0.999996126 0.002092800 -1.521303177 0.004969565 -0.002083862 0.999985456 56.027225494
0.999985158 0.001691540 -0.005178005 0.638863623 -0.001680620 0.999996364 0.002112617 -1.534557343 0.005181560 -0.002103883 0.999984384 56.578323364
0.999984086 0.001717511 -0.005374535 0.661174297 -0.001705587 0.999996066 0.002222434 -1.558408022 0.005378331 -0.002213232 0.999983132 57.105407715
0.999985516 0.002045096 -0.004977274 0.654028296 -0.002034381 0.999995589 0.002156860 -1.561085939 0.004981664 -0.002146703 0.999985278 57.692943573
0.999984086 0.002519314 -0.005051261 0.658895016 -0.002510102 0.999995172 0.001829333 -1.578536034 0.005055846 -0.001816624 0.999985635 58.238540649
0.999984145 0.002454844 -0.005064195 0.676326871 -0.002445311 0.999995232 0.001887737 -1.595262885 0.005068805 -0.001875323 0.999985337 58.755767822
0.999988794 0.001904825 -0.004339312 0.651347160 -0.001897025 0.999996603 0.001800645 -1.600747705 0.004342727 -0.001792393 0.999988973 59.337837219
0.999987781 0.001907990 -0.004570206 0.664070308 -0.001902211 0.999997437 0.001268350 -1.615456462 0.004572615 -0.001259641 0.999988735 59.875720978
0.999988019 0.001973886 -0.004473999 0.669770718 -0.001967575 0.999997079 0.001414645 -1.625388980 0.004476778 -0.001405825 0.999989033 60.439842224
0.999988556 0.002341601 -0.004163206 0.657330215 -0.002335411 0.999996185 0.001491089 -1.634813070 0.004166682 -0.001481349 0.999990225 60.999816895
0.999989212 0.002676949 -0.003806249 0.665830493 -0.002672618 0.999995887 0.001142714 -1.650317073 0.003809291 -0.001132529 0.999992132 61.551322937
0.999990702 0.002319250 -0.003645490 0.672888398 -0.002315904 0.999996960 0.000921960 -1.656144142 0.003647616 -0.000913509 0.999992907 62.106021881
0.999988735 0.002499774 -0.004040783 0.662979722 -0.002497795 0.999996781 0.000494817 -1.660023689 0.004042007 -0.000484719 0.999991715 62.642265320
0.999989331 0.002234937 -0.004023124 0.674823046 -0.002231586 0.999997139 0.000837334 -1.680345654 0.004024984 -0.000828348 0.999991596 63.184700012
0.999991655 0.002600413 -0.003137247 0.661870837 -0.002599157 0.999996543 0.000404288 -1.683988810 0.003138286 -0.000396131 0.999995053 63.760196686
0.999990880 0.002112827 -0.003745432 0.666072369 -0.002111301 0.999997675 0.000411167 -1.697975755 0.003746292 -0.000403255 0.999992907 64.294013977
0.999992192 0.001920550 -0.003478221 0.667240024 -0.001919148 0.999998093 0.000406210 -1.713589787 0.003478993 -0.000399531 0.999993861 64.842552185
0.999990165 0.002217047 -0.003835409 0.681124985 -0.002214478 0.999997258 0.000673963 -1.723510742 0.003836894 -0.000665463 0.999992490 65.376152039
0.999993026 0.002224623 -0.003002368 0.656329095 -0.002223457 0.999997437 0.000391794 -1.744778872 0.003003231 -0.000385115 0.999995410 65.928436279
0.999993503 0.002427921 -0.002641928 0.666029572 -0.002426833 0.999996960 0.000414694 -1.757258177 0.002642927 -0.000408280 0.999996424 66.486808777
0.999993920 0.002067740 -0.002811822 0.675039113 -0.002068073 0.999997795 -0.000115769 -1.765156031 0.002811577 0.000121584 0.999996066 67.041793823
0.999992311 0.002041925 -0.003331204 0.691224098 -0.002040782 0.999997854 0.000346406 -1.792598844 0.003331904 -0.000339605 0.999994397 67.577407837
0.999996245 0.002439212 -0.001185822 0.625651956 -0.002437822 0.999996483 0.001171721 -1.815440536 0.001188675 -0.001168826 0.999998569 68.134582520
0.999995351 0.002762338 -0.001291729 0.638649225 -0.002760008 0.999994636 0.001801789 -1.838871360 0.001296699 -0.001798215 0.999997556 68.671043396
0.999993980 0.003070124 -0.001563072 0.652932167 -0.003067716 0.999994159 0.001540791 -1.855970025 0.001567793 -0.001535986 0.999997556 69.209617615
0.999995530 0.002953203 -0.000525528 0.620108485 -0.002952644 0.999994993 0.001063209 -1.862582326 0.000528665 -0.001061652 0.999999285 69.784416199
0.999994874 0.003166627 -0.000454231 0.632769287 -0.003166056 0.999994159 0.001251736 -1.877002358 0.000458192 -0.001250292 0.999999046 70.328445435
0.999993801 0.003521317 0.000094888 0.636514425 -0.003521477 0.999992311 0.001740694 -1.899110675 -0.000088758 -0.001741017 0.999998391 70.884925842
0.999995172 0.002998749 0.000750049 0.606803358 -0.002999306 0.999995232 0.000742517 -1.901665330 -0.000747818 -0.000744764 0.999999464 71.444282532
0.999994338 0.003319700 0.000541108 0.625712395 -0.003320114 0.999994218 0.000763906 -1.920060873 -0.000538568 -0.000765698 0.999999583 71.989891052
0.999991953 0.003900362 0.000959491 0.631799042 -0.003901619 0.999991477 0.001311583 -1.935707450 -0.000954367 -0.001315316 0.999998629 72.540725708
0.999988019 0.004441877 0.002058119 0.598963499 -0.004444396 0.999989390 0.001220008 -1.958044529 -0.002052678 -0.001229141 0.999997079 73.094551086
0.999988556 0.004222054 0.002224132 0.614550829 -0.004225468 0.999989927 0.001532737 -1.980120540 -0.002217638 -0.001542117 0.999996364 73.633140564
0.999990940 0.003660705 0.002159030 0.621956825 -0.003665041 0.999991298 0.002006871 -1.996430159 -0.002151665 -0.002014766 0.999995589 74.192253113
0.999988794 0.003932924 0.002618295 0.612731993 -0.003937292 0.999990821 0.001665041 -2.006648779 -0.002611724 -0.001675332 0.999995112 74.726211548
0.999988139 0.004108094 0.002602279 0.625639081 -0.004113300 0.999989510 0.001998212 -2.022078514 -0.002594042 -0.002008893 0.999994636 75.272163391
0.999983907 0.004791984 0.003057928 0.630530298 -0.004798726 0.999986053 0.002201058 -2.038794518 -0.003047338 -0.002215696 0.999992907 75.817726135
0.999976695 0.005224910 0.004396776 0.619849026 -0.005233421 0.999984443 0.001926519 -2.048472643 -0.004386642 -0.001949483 0.999988496 76.387641907
0.999976695 0.005492808 0.004074501 0.634228766 -0.005500431 0.999983191 0.001862259 -2.063108921 -0.004064204 -0.001884627 0.999989986 76.931854248
0.999975979 0.005304401 0.004462314 0.647675872 -0.005311737 0.999984562 0.001633795 -2.073932886 -0.004453579 -0.001657458 0.999988735 77.484642029
0.999984920 0.004472939 0.003165220 0.678363562 -0.004478335 0.999988556 0.001700084 -2.092018127 -0.003157578 -0.001714233 0.999993563 78.038520813
0.999987483 0.004042498 0.002943012 0.696441174 -0.004049289 0.999989212 0.002305290 -2.113728523 -0.002933660 -0.002317178 0.999993086 78.584739685
0.999986351 0.004377965 0.002831678 0.712958038 -0.004382371 0.999989152 0.001551794 -2.122171879 -0.002824852 -0.001564182 0.999994814 79.138938904
0.999990225 0.004193140 0.001361618 0.750096083 -0.004195344 0.999989986 0.001619487 -2.134023190 -0.001354812 -0.001625184 0.999997735 79.680183411
0.999988079 0.004633639 0.001521370 0.759512722 -0.004635936 0.999988139 0.001509484 -2.146881104 -0.001514357 -0.001516519 0.999997675 80.228355408
0.999991298 0.004082029 0.000856948 0.783229649 -0.004083429 0.999990463 0.001639260 -2.161481857 -0.000850249 -0.001642745 0.999998271 80.768760681
0.999989212 0.004109558 0.002125711 0.796153009 -0.004112704 0.999990463 0.001478107 -2.172734261 -0.002119616 -0.001486834 0.999996662 81.324081421
0.999984443 0.004548186 0.003229307 0.805624068 -0.004552982 0.999988616 0.001479389 -2.187353611 -0.003222541 -0.001494070 0.999993742 81.869911194
0.999980032 0.004645506 0.004274194 0.826484084 -0.004652457 0.999987781 0.001617788 -2.207104206 -0.004266627 -0.001637642 0.999989510 82.396797180
0.999973893 0.004492990 0.005656114 0.839309573 -0.004502955 0.999988317 0.001750550 -2.220091105 -0.005648183 -0.001775974 0.999982476 82.940910339
0.999946594 0.004887645 0.009099994 0.857519150 -0.004904124 0.999986351 0.001789385 -2.234526873 -0.009091125 -0.001833917 0.999956965 83.492271423
0.999912679 0.004412470 0.012452099 0.882922828 -0.004444066 0.999987006 0.002510848 -2.255104303 -0.012440858 -0.002565967 0.999919295 84.023216248
0.999869883 0.005343140 0.015216024 0.918142319 -0.005374264 0.999983549 0.002005246 -2.270532608 -0.015205060 -0.002086760 0.999882221 84.567047119
0.999780118 0.005030777 0.020355567 0.943879485 -0.005072299 0.999985158 0.001988721 -2.287899017 -0.020345263 -0.002091533 0.999790788 85.118568420
0.999663889 0.005328358 0.025370501 0.991805553 -0.005383519 0.999983251 0.002106424 -2.305838108 -0.025358848 -0.002242299 0.999675989 85.662963867
0.999515712 0.004425419 0.030798487 1.025723696 -0.004494788 0.999987483 0.002183549 -2.321650505 -0.030788437 -0.002320924 0.999523222 86.216178894
0.999346256 0.003693012 0.035963219 1.072208405 -0.003766085 0.999991000 0.001964364 -2.335987568 -0.035955638 -0.002098520 0.999351144 86.735427856
0.998990655 0.004137516 0.044728078 1.106539488 -0.004231555 0.999988973 0.002007994 -2.343836069 -0.044719286 -0.002195236 0.998997152 87.287017822
0.998589098 0.004589186 0.052904889 1.154110193 -0.004697808 0.999987066 0.001928979 -2.357333660 -0.052895356 -0.002174794 0.998597622 87.841873169
0.998196959 0.003959973 0.059892341 1.201092243 -0.004091523 0.999989390 0.002073970 -2.371280193 -0.059883513 -0.002315282 0.998202622 88.370429993
0.997606218 0.003495334 0.069061495 1.262499332 -0.003634075 0.999991596 0.001883409 -2.383548021 -0.069054343 -0.002129876 0.997610569 88.911254883
0.996871173 0.003835682 0.078950100 1.332707405 -0.003991532 0.999990284 0.001816327 -2.403211355 -0.078942366 -0.002125775 0.996876955 89.441810608
0.996200323 0.003816984 0.087007597 1.397215843 -0.003991994 0.999990344 0.001837522 -2.416028023 -0.086999752 -0.002177874 0.996205866 90.010429382
0.995478451 0.003281565 0.094930708 1.468959332 -0.003488625 0.999991894 0.002015287 -2.433260918 -0.094923325 -0.002337352 0.995481789 90.546310425
0.994356513 0.003477442 0.106033161 1.542988777 -0.003702777 0.999991298 0.001928354 -2.443742037 -0.106025532 -0.002310089 0.994360745 91.093872070
0.993146062 0.003898253 0.116814487 1.618932724 -0.004149125 0.999989629 0.001904516 -2.456936121 -0.116805837 -0.002376140 0.993151963 91.632095337
0.992096066 0.003251879 0.125438422 1.706136703 -0.003527596 0.999991834 0.001975968 -2.471476555 -0.125430956 -0.002402846 0.992099524 92.134262085
0.990591228 0.003862954 0.136799097 1.816067696 -0.004181794 0.999989152 0.002043410 -2.486021042 -0.136789739 -0.002596250 0.990596712 92.750274658
0.988921344 0.002965757 0.148411080 1.924351692 -0.003260544 0.999993145 0.001743029 -2.503127813 -0.148404881 -0.002207619 0.988924205 93.284675598
0.987286806 0.002905191 0.158922449 2.042215347 -0.003329443 0.999991536 0.002403368 -2.526699543 -0.158914119 -0.002901937 0.987288117 93.815811157
0.985515416 0.002850892 0.169561729 2.153783798 -0.003320368 0.999991357 0.002485269 -2.541856050 -0.169553190 -0.003012278 0.985516310 94.359268188
0.983250797 0.002614110 0.182238951 2.278801918 -0.003108317 0.999992251 0.002426296 -2.554975510 -0.182231203 -0.002952114 0.983251393 94.877426147
0.980839074 0.002401130 0.194804952 2.404902458 -0.002908698 0.999993145 0.002319506 -2.568155527 -0.194798008 -0.002841691 0.980839372 95.410949707
0.978725255 0.002026987 0.205165267 2.536476135 -0.002551797 0.999994040 0.002293436 -2.578291893 -0.205159381 -0.002768183 0.978724778 95.963584900
0.975984633 0.002143486 0.217828989 2.683837891 -0.002842146 0.999991715 0.002894114 -2.602560282 -0.217821002 -0.003443712 0.975982666 96.483688354
0.973023832 0.001535450 0.230699256 2.842473984 -0.002332697 0.999992192 0.003183072 -2.618445158 -0.230692580 -0.003635356 0.973019958 96.987876892
0.970250845 0.001239119 0.242098421 2.984914780 -0.001945224 0.999994516 0.002677605 -2.629272461 -0.242093757 -0.003068883 0.970247984 97.542022705
0.967095435 0.001342554 0.254410207 3.144891739 -0.002146793 0.999993622 0.002883564 -2.650214434 -0.254404694 -0.003334847 0.967092037 98.069831848
0.963436604 0.001628217 0.267931372 3.315296173 -0.002394104 0.999993980 0.002531846 -2.659017801 -0.267925620 -0.003080729 0.963434637 98.578979492
0.959815860 0.001352261 0.280627370 3.495622635 -0.002146935 0.999994516 0.002524376 -2.669167042 -0.280622423 -0.003025425 0.959813476 99.136741638
0.956584930 0.000845390 0.291452438 3.675933838 -0.001740979 0.999994516 0.002813527 -2.686080217 -0.291448414 -0.003198790 0.956581235 99.648559570
0.952325642 0.000527299 0.305083185 3.863685608 -0.001496739 0.999994576 0.002943742 -2.699858427 -0.305080026 -0.003260030 0.952321231 100.149818420
0.947905540 0.000135036 0.318551600 4.071382523 -0.001112964 0.999995232 0.002887912 -2.711645842 -0.318549633 -0.003092004 0.947901070 100.688095093
0.944033921 -0.000331956 0.329848200 4.273149490 -0.000542722 0.999996603 0.002559670 -2.717888117 -0.329847962 -0.002595432 0.944030523 101.206291199
0.939298332 -0.001203667 0.343099505 4.480806351 0.000270151 0.999996126 0.002768616 -2.739095211 -0.343101501 -0.002507868 0.939294994 101.718978882
0.934106708 -0.000939729 0.356992722 4.712556839 -0.000053432 0.999996126 0.002772148 -2.756303310 -0.356993943 -0.002608557 0.934103072 102.237098694
0.929290593 -0.000789084 0.369348496 4.932535172 -0.000374189 0.999995232 0.003077879 -2.772193432 -0.369349092 -0.002998450 0.929285944 102.742126465
0.924703002 -0.001792400 0.380685121 5.161075592 0.000889435 0.999996424 0.002547856 -2.781167984 -0.380688280 -0.002017415 0.924701273 103.233825684
0.918677449 -0.002241915 0.395002127 5.402484894 0.001331885 0.999995708 0.002578044 -2.791579723 -0.395006239 -0.001842293 0.918676615 103.748146057
0.912712097 -0.002844477 0.408593327 5.642688751 0.001919009 0.999994516 0.002674931 -2.801624775 -0.408598751 -0.001657347 0.912712634 104.241989136
0.907598794 -0.003131390 0.419826955 5.889240265 0.002077484 0.999993443 0.002967526 -2.820250988 -0.419833481 -0.001821139 0.907599330 104.715446472
0.901596427 -0.003630276 0.432562917 6.153667450 0.002500010 0.999991953 0.003181608 -2.835781097 -0.432570934 -0.001787115 0.901598155 105.212036133
0.895061135 -0.003724799 0.445927918 6.421390533 0.002218524 0.999989927 0.003899839 -2.863705397 -0.445937991 -0.002501292 0.895060480 105.669258118
0.889006019 -0.004064591 0.457877547 6.690143585 0.002804310 0.999990284 0.003432146 -2.871132374 -0.457887024 -0.001767168 0.889008701 106.170440674
0.883313000 -0.005431043 0.468752205 6.964530945 0.004403981 0.999984860 0.003287166 -2.876523972 -0.468763053 -0.000839221 0.883323550 106.659332275
0.876080930 -0.005633754 0.482131153 7.257026672 0.004684390 0.999983966 0.003172910 -2.887562752 -0.482141316 -0.000521236 0.876093268 107.136909485
0.869105399 -0.005639424 0.494594693 7.541244507 0.004438560 0.999983728 0.003602455 -2.906581402 -0.494607061 -0.000935624 0.869116187 107.595375061
0.863422096 -0.006541959 0.504439712 7.849441528 0.005383465 0.999978423 0.003753899 -2.922678471 -0.504453421 -0.000525566 0.863438725 108.065483093
