1.000000000 0.000000000 0.000000000 0.000000000 0.000000000 1.000000000 0.000000000 0.000000000 0.000000000 0.000000000 1.000000000 0.000000000
1.000000000 0.000103294 0.000104240 -0.002956380 -0.000103280 1.000000000 -0.000139446 0.003480006 -0.000104254 0.000139436 1.000000000 0.004727158
1.000000000 -0.000000517 0.000005277 0.000189066 0.000000517 1.000000000 -0.000113523 0.001668857 -0.000005277 0.000113523 1.000000000 0.004910102
1.000000000 0.000220419 0.000028698 0.003121590 -0.000220416 1.000000000 -0.000081493 0.001520391 -0.000028716 0.000081486 1.000000000 0.001111222
1.000000000 0.000174494 0.000042343 0.003027458 -0.000174498 1.000000000 0.000092748 0.000708466 -0.000042327 -0.000092755 1.000000000 -0.000109249
1.000000000 0.000003518 -0.000017958 0.002245807 -0.000003516 1.000000000 0.000113554 -0.000155845 0.000017958 -0.000113554 1.000000000 0.000434942
1.000000000 0.000080166 0.000147528 -0.002878490 -0.000080150 1.000000000 -0.000109877 0.002315341 -0.000147537 0.000109865 1.000000000 0.000828101
1.000000000 0.000024561 0.000015901 0.000409147 -0.000024562 1.000000000 0.000051358 0.000768140 -0.000015900 -0.000051358 1.000000000 -0.001693060
1.000000000 0.000036707 0.000172636 -0.005994936 -0.000036688 1.000000000 -0.000108485 0.002657003 -0.000172640 0.000108479 1.000000000 0.006780604
0.999999940 0.000214271 0.000247566 -0.005009815 -0.000214236 0.999999940 -0.000142604 0.001960232 -0.000247596 0.000142550 0.999999940 0.000068019
0.999999940 0.000182103 0.000181454 -0.002478905 -0.000182077 1.000000000 -0.000146013 0.002363520 -0.000181481 0.000145980 1.000000000 -0.000947644
0.999999940 0.000200387 0.000213636 -0.004114565 -0.000200370 1.000000000 -0.000078945 0.001820456 -0.000213652 0.000078902 1.000000000 -0.003481175
1.000000000 0.000101474 0.000158455 -0.004291569 -0.000101483 1.000000000 0.000057365 -0.000249744 -0.000158449 -0.000057381 1.000000000 -0.005014983
1.000000000 -0.000103610 0.000105556 -0.003544971 0.000103608 1.000000000 0.000012422 -0.000659145 -0.000105558 -0.000012411 1.000000000 -0.001598685
1.000000000 0.000063309 0.000092704 -0.001281938 -0.000063303 1.000000000 -0.000068637 0.000801292 -0.000092709 0.000068631 1.000000000 -0.004120062
1.000000000 -0.000120087 -0.000068158 0.001004184 0.000120085 1.000000000 -0.000027531 0.001125502 0.000068161 0.000027523 1.000000000 -0.006584931
1.000000000 -0.000236422 0.000026227 -0.003219180 0.000236423 1.000000000 -0.000036972 0.000120296 -0.000026218 0.000036978 1.000000000 -0.004136105
1.000000000 -0.000037559 0.000153408 -0.004630441 0.000037554 1.000000000 0.000038032 0.000019024 -0.000153409 -0.000038026 1.000000000 -0.005258321
1.000000000 0.000071876 0.000066025 -0.002117357 -0.000071876 1.000000000 0.000005429 0.001616224 -0.000066025 -0.000005434 1.000000000 -0.007729643
1.000000000 -0.000182734 -0.000038800 -0.001654077 0.000182735 1.000000000 0.000015628 -0.001362948 0.000038797 -0.000015635 1.000000000 -0.008675030
1.000000000 -0.000041690 0.000030302 -0.000291669 0.000041690 1.000000000 -0.000029010 -0.000182823 -0.000030301 0.000029011 1.000000000 -0.007346248
1.000000000 -0.000165911 0.000074369 -0.000653536 0.000165905 1.000000000 0.000070640 -0.002165561 -0.000074381 -0.000070628 1.000000000 -0.005536246
1.000000000 0.000069648 0.000158459 -0.006274601 -0.000069624 1.000000000 -0.000151633 0.001804642 -0.000158469 0.000151621 1.000000000 0.003011628
1.000000000 -0.000130556 -0.000042450 -0.000189084 0.000130557 1.000000000 0.000011786 -0.001599259 0.000042448 -0.000011792 1.000000000 -0.002423493
1.000000000 -0.000004442 0.000083751 -0.002407898 0.000004440 1.000000000 0.000018190 0.001802537 -0.000083751 -0.000018190 1.000000000 0.001861432
1.000000000 -0.000020486 -0.000059834 0.003491491 0.000020480 1.000000000 -0.000099407 0.001841566 0.000059836 0.000099405 1.000000000 -0.006796092
1.000000000 -0.000142212 0.000068815 -0.003488414 0.000142221 1.000000000 -0.000122369 0.002777936 -0.000068798 0.000122378 1.000000000 -0.000377959
0.999999940 0.000200533 0.000198474 -0.005681809 -0.000200506 1.000000000 -0.000135801 0.001545648 -0.000198501 0.000135761 1.000000000 -0.001813694
1.000000000 0.000031925 0.000124341 -0.004218430 -0.000031924 1.000000000 -0.000002209 0.001226158 -0.000124341 0.000002205 1.000000000 -0.001004556
1.000000000 -0.000208053 0.000024775 -0.003011442 0.000208055 1.000000000 -0.000090756 0.004159887 -0.000024757 0.000090761 1.000000000 -0.000244891
1.000000000 -0.000051417 0.000112479 -0.003523669 0.000051419 1.000000000 -0.000016955 0.001556851 -0.000112478 0.000016961 1.000000000 -0.000146787
1.000000000 -0.000098125 0.000138630 -0.004434791 0.000098109 1.000000000 0.000116025 0.000175980 -0.000138641 -0.000116011 1.000000000 0.001956374
1.000000000 -0.000149144 0.000082072 -0.004958042 0.000149131 1.000000000 0.000157878 -0.000965199 -0.000082095 -0.000157865 1.000000000 -0.005444947
1.000000000 -0.000141857 -0.000026044 -0.001415023 0.000141860 1.000000000 0.000086903 0.000935315 0.000026031 -0.000086906 1.000000000 -0.005180695
1.000000000 0.000020555 0.000062889 -0.004122783 -0.000020552 1.000000000 -0.000036366 -0.000016436 -0.000062890 0.000036364 1.000000000 -0.001027780
1.000000000 0.000026909 0.000158971 -0.005581337 -0.000026905 1.000000000 -0.000021627 0.001641982 -0.000158972 0.000021622 1.000000000 0.000288671
1.000000000 -0.000101055 0.000096831 -0.007452549 0.000101060 1.000000000 -0.000050588 0.003529830 -0.000096826 0.000050598 1.000000000 0.001189310
1.000000000 0.000010479 0.000114559 -0.005529306 -0.000010463 1.000000000 -0.000142171 0.003706724 -0.000114561 0.000142170 1.000000000 -0.000152033
1.000000000 -0.000163073 0.000116195 -0.004718619 0.000163064 1.000000000 0.000079447 0.000736492 -0.000116208 -0.000079428 1.000000000 -0.000383420
1.000000000 0.000019707 0.000012057 -0.000398077 -0.000019711 0.999999940 0.000289075 -0.002016924 -0.000012051 -0.000289075 0.999999940 -0.007590748
0.999999940 -0.000278614 -0.000102766 -0.001574084 0.000278619 0.999999940 0.000049868 -0.000884283 0.000102753 -0.000049897 1.000000000 0.000104897
1.000000000 0.000006833 0.000020789 0.003127719 -0.000006823 0.999999881 -0.000501443 -0.006275006 -0.000020793 0.000501443 0.999999881 0.050288204
1.000000000 -0.000014568 -0.000053557 0.000925826 0.000014494 0.999999046 -0.001385796 -0.001763897 0.000053578 0.001385796 0.999999046 0.148864269
1.000000000 0.000000573 -0.000051466 0.004196681 -0.000000646 0.999998987 -0.001409383 -0.009852287 0.000051465 0.001409383 0.999998987 0.262284607
1.000000000 -0.000183254 0.000080468 0.002982912 0.000183368 0.999998987 -0.001422045 -0.014045134 -0.000080207 0.001422060 0.999998987 0.394272029
1.000000000 0.000116236 -0.000106516 0.003739867 -0.000116365 0.999999285 -0.001213946 -0.020031899 0.000106375 0.001213958 0.999999285 0.533107579
1.000000000 -0.000008930 -0.000154346 0.017540885 0.000008762 0.999999404 -0.001091636 -0.026567256 0.000154356 0.001091635 0.999999404 0.696278870
0.999999702 -0.000714700 -0.000169301 0.019583087 0.000714595 0.999999583 -0.000618613 -0.031646188 0.000169743 0.000618491 0.999999821 0.848731995
0.999999940 -0.000131603 -0.000253294 0.026209498 0.000131444 0.999999821 -0.000627802 -0.034483206 0.000253377 0.000627769 0.999999762 1.030307889
0.999999940 0.000150465 0.000219085 0.017288959 -0.000150329 0.999999821 -0.000622245 -0.039472684 -0.000219179 0.000622212 0.999999762 1.207519293
0.999999881 -0.000320929 -0.000280624 0.037721064 0.000320794 0.999999821 -0.000480804 -0.045970976 0.000280778 0.000480714 0.999999821 1.426037073
0.999999523 -0.000488547 -0.000857049 0.051371876 0.000488509 0.999999881 -0.000044128 -0.055524252 0.000857070 0.000043709 0.999999642 1.593847156
0.999999702 -0.000679750 0.000309253 0.024902597 0.000679163 0.999997973 0.001895391 -0.092254512 -0.000310541 -0.001895180 0.999998152 1.738231897
0.999999166 -0.001220559 0.000035865 0.034197625 0.001220479 0.999996901 0.002157851 -0.099613927 -0.000038498 -0.002157806 0.999997675 1.943133712
0.999999166 -0.001263665 0.000075546 0.041500129 0.001263522 0.999997437 0.001860669 -0.103176013 -0.000077897 -0.001860572 0.999998271 2.168143272
0.999999523 -0.000897721 0.000300154 0.048242424 0.000897130 0.999997675 0.001963779 -0.103335530 -0.000301916 -0.001963509 0.999998033 2.365417242
0.999999940 -0.000344938 0.000162228 0.045395318 0.000344642 0.999998271 0.001824064 -0.109548837 -0.000162857 -0.001824008 0.999998271 2.616293192
0.999998748 -0.001338361 0.000858971 0.045536969 0.001336075 0.999995589 0.002656366 -0.129058883 -0.000862522 -0.002655215 0.999996126 2.839451313
0.999998808 -0.001307166 0.000843279 0.058340263 0.001304773 0.999995172 0.002832159 -0.137668729 -0.000846977 -0.002831056 0.999995649 3.078407526
0.999998868 -0.001177014 0.000954633 0.056526944 0.001174672 0.999996305 0.002450163 -0.140355647 -0.000957514 -0.002449038 0.999996603 3.337759256
0.999998927 -0.000949652 0.001170840 0.063713446 0.000946419 0.999995708 0.002758690 -0.150307149 -0.001173455 -0.002757579 0.999995530 3.591728210
0.999998808 -0.001139854 0.001029857 0.057366654 0.001137053 0.999995649 0.002715800 -0.161868960 -0.001032948 -0.002714626 0.999995768 3.819931269
0.999997139 -0.002130967 0.001030123 0.059805516 0.002127660 0.999992549 0.003200741 -0.174901605 -0.001036936 -0.003198540 0.999994338 4.080759525
0.999998331 -0.001175562 0.001351056 0.065232694 0.001171079 0.999993742 0.003314214 -0.178004250 -0.001354944 -0.003312626 0.999993563 4.344338417
0.999997616 -0.001814936 0.001162757 0.076161437 0.001810852 0.999992192 0.003503856 -0.187212124 -0.001169107 -0.003501743 0.999993205 4.615624428
0.999997616 -0.000833635 0.002069034 0.047103256 0.000825281 0.999991536 0.004035456 -0.221056148 -0.002072381 -0.004033739 0.999989629 4.877535343
0.999997616 -0.001142651 0.001883134 0.061278805 0.001135152 0.999991477 0.003978647 -0.224297181 -0.001887664 -0.003976500 0.999990284 5.128865242
0.999998093 -0.000631436 0.001881560 0.062162139 0.000623696 0.999991357 0.004111711 -0.231520966 -0.001884140 -0.004110530 0.999989748 5.408236027
0.999996901 -0.001086292 0.002255280 0.062361620 0.001077194 0.999991298 0.004031807 -0.239653453 -0.002259639 -0.004029365 0.999989331 5.657834530
0.999996841 -0.000749833 0.002401908 0.068468399 0.000739473 0.999990404 0.004311099 -0.250123531 -0.002405117 -0.004309309 0.999987781 5.930604458
0.999997616 0.000159078 0.002164973 0.075634882 -0.000168564 0.999990404 0.004381841 -0.266281784 -0.002164255 -0.004382195 0.999988079 6.259154320
0.999997437 -0.001027658 0.001989788 0.080769941 0.001018434 0.999988794 0.004631085 -0.273514748 -0.001994525 -0.004629048 0.999987304 6.536080837
0.999997675 -0.000122525 0.002104131 0.090084761 0.000113028 0.999989748 0.004513298 -0.286910743 -0.002104662 -0.004513050 0.999987662 6.831671715
0.999996960 -0.000804923 0.002306501 0.102504417 0.000794810 0.999990106 0.004382100 -0.284737051 -0.002310005 -0.004380254 0.999987781 7.122044086
0.999997318 -0.000501325 0.002261686 0.111535147 0.000490344 0.999988079 0.004853020 -0.302455336 -0.002264093 -0.004851898 0.999985695 7.416182518
0.999997199 0.000120671 0.002405931 0.111366093 -0.000132646 0.999987602 0.004977932 -0.328758597 -0.002405301 -0.004978237 0.999984741 7.793212414
0.999997795 0.000341345 0.002103775 0.129293054 -0.000352874 0.999984980 0.005482343 -0.345042527 -0.002101872 -0.005483073 0.999982774 8.102095604
0.999996662 -0.000323128 0.002590576 0.125686646 0.000309191 0.999985516 0.005378592 -0.346867830 -0.002592276 -0.005377773 0.999982178 8.426709175
0.999997139 0.000121078 0.002354960 0.132163629 -0.000132891 0.999987364 0.005016858 -0.349673420 -0.002354323 -0.005017157 0.999984682 8.776696205
0.999997795 0.000311376 0.002087492 0.136294991 -0.000322917 0.999984682 0.005530418 -0.373893499 -0.002085738 -0.005531080 0.999982536 9.161377907
0.999998212 -0.000229850 0.001878432 0.152044535 0.000218502 0.999981821 0.006039534 -0.391928017 -0.001879785 -0.006039113 0.999980032 9.501884460
0.999997377 -0.000181389 0.002302815 0.153900161 0.000168784 0.999985039 0.005472604 -0.390241235 -0.002303773 -0.005472200 0.999982417 9.867548943
0.999997973 -0.000356894 0.001984340 0.160594836 0.000345423 0.999983311 0.005777903 -0.397260189 -0.001986369 -0.005777207 0.999981344 10.177964211
0.999997675 -0.000207071 0.002169373 0.181774080 0.000194837 0.999984145 0.005637987 -0.399970293 -0.002170506 -0.005637551 0.999981761 10.538209915
0.999996543 -0.000039734 0.002661514 0.159262925 0.000021848 0.999977469 0.006720051 -0.423965394 -0.002661720 -0.006719968 0.999973953 10.873532295
0.999996901 -0.000186884 0.002454875 0.173549786 0.000170503 0.999977708 0.006671473 -0.459856570 -0.002456067 -0.006671035 0.999974668 11.323431969
0.999996424 0.000260850 0.002661235 0.176367149 -0.000279540 0.999975204 0.007024969 -0.474799991 -0.002659337 -0.007025687 0.999971747 11.706017494
0.999996185 0.000242331 0.002751582 0.186356753 -0.000260808 0.999977350 0.006716392 -0.474933207 -0.002749893 -0.006717084 0.999973655 12.102121353
0.999995649 0.000552498 0.002886160 0.198720068 -0.000574355 0.999971151 0.007577590 -0.491625875 -0.002881890 -0.007579215 0.999967158 12.452815056
0.999996901 0.000917773 0.002288681 0.201557413 -0.000935768 0.999968529 0.007874159 -0.503801405 -0.002281383 -0.007876276 0.999966383 12.818705559
0.999996066 0.000684225 0.002725185 0.195845410 -0.000705546 0.999969065 0.007830326 -0.520398617 -0.002719743 -0.007832217 0.999965608 13.188754082
0.999995530 -0.002620724 0.001433570 0.234298572 0.002609529 0.999966502 0.007755986 -0.547855437 -0.001453847 -0.007752211 0.999968886 13.715704918
0.999996901 -0.000440758 0.002443101 0.230584502 0.000421060 0.999967456 0.008057341 -0.560071826 -0.002446572 -0.008056288 0.999964595 14.126007080
0.999996841 -0.001766152 0.001801150 0.251836568 0.001750360 0.999960244 0.008731752 -0.568500400 -0.001816500 -0.008728570 0.999960244 14.557168961
0.999995410 -0.002521012 0.001683220 0.261633813 0.002506717 0.999961197 0.008441703 -0.584047318 -0.001704436 -0.008437445 0.999962986 14.965809822
0.999993920 -0.002319547 0.002590645 0.251230806 0.002294748 0.999951899 0.009534866 -0.596785426 -0.002612637 -0.009528864 0.999951184 15.339669228
0.999993265 -0.002996069 0.002144110 0.271086186 0.002974498 0.999945641 0.009994208 -0.629858553 -0.002173937 -0.009987763 0.999947786 15.760206223
0.999988973 -0.004327422 0.001839081 0.327707320 0.004309246 0.999942899 0.009774964 -0.688982069 -0.001881276 -0.009766930 0.999950528 16.286592484
0.999986291 -0.004864532 0.001922963 0.342449725 0.004845544 0.999940634 0.009758404 -0.694264054 -0.001970319 -0.009748952 0.999950528 16.735960007
0.999987960 -0.004515075 0.001945763 0.352366567 0.004496047 0.999943137 0.009674555 -0.698400557 -0.001989333 -0.009665690 0.999951303 17.186836243
0.999988437 -0.003880050 0.002846892 0.357773811 0.003852146 0.999945104 0.009742384 -0.701904774 -0.002884537 -0.009731305 0.999948442 17.652084351
0.999991715 -0.002406756 0.003304988 0.359907687 0.002372783 0.999944806 0.010244829 -0.715721130 -0.003329461 -0.010236901 0.999942064 18.145057678
0.999990940 -0.002956545 0.003083393 0.369549662 0.002923412 0.999938548 0.010695209 -0.725906014 -0.003114825 -0.010686098 0.999938071 18.595159531
0.999981821 -0.004320448 0.004210769 0.375644326 0.004273257 0.999928653 0.011152564 -0.757313251 -0.004258652 -0.011134367 0.999928951 19.073488235
0.999984086 -0.004252128 0.003724359 0.401798725 0.004212745 0.999935865 0.010519191 -0.756785154 -0.003768849 -0.010503334 0.999937773 19.561641693
0.999982357 -0.004792537 0.003514029 0.416020513 0.004753637 0.999928236 0.010996019 -0.767566264 -0.003566476 -0.010979121 0.999933422 20.015451431
0.999985218 -0.003516827 0.004153883 0.419143468 0.003466083 0.999920070 0.012160588 -0.788649917 -0.004196319 -0.012146010 0.999917388 20.455902100
0.999984980 -0.003317103 0.004356960 0.408758700 0.003261789 0.999914706 0.012641900 -0.809453249 -0.004398523 -0.012627501 0.999910593 20.935585022
0.999983251 -0.004615317 0.003499871 0.456852704 0.004573984 0.999920785 0.011727408 -0.835692763 -0.003553719 -0.011711203 0.999925077 21.574380875
0.999984980 -0.004626922 0.002939387 0.467586309 0.004592958 0.999923766 0.011458289 -0.831606865 -0.002992179 -0.011444614 0.999930024 22.081096649
0.999984622 -0.004547303 0.003169029 0.451108217 0.004509012 0.999918044 0.011986926 -0.853308439 -0.003223277 -0.011972454 0.999923050 22.572126389
0.999987662 -0.004320161 0.002470919 0.487468958 0.004288982 0.999912918 0.012487550 -0.865027070 -0.002524653 -0.012476798 0.999918938 23.086208344
0.999980807 -0.006068146 0.001221064 0.510999441 0.006052505 0.999904454 0.012429028 -0.882813811 -0.001296369 -0.012421398 0.999922037 23.614763260
0.999980509 -0.006196103 0.000725632 0.520437658 0.006186463 0.999901414 0.012609037 -0.903322518 -0.000803687 -0.012604300 0.999920309 24.164505005
0.999982893 -0.005814722 0.000563783 0.518870652 0.005807247 0.999905586 0.012458267 -0.903234065 -0.000636171 -0.012454777 0.999922216 24.712659836
0.999981940 -0.005935340 -0.000922694 0.544779181 0.005946235 0.999906778 0.012291053 -0.908170104 0.000849657 -0.012296317 0.999924004 25.228319168
0.999986410 -0.005057130 -0.001260433 0.551409125 0.005072321 0.999910891 0.012354251 -0.913561761 0.001197844 -0.012360475 0.999922931 25.764114380
0.999982119 -0.005457218 -0.002444305 0.563679099 0.005486877 0.999909401 0.012296263 -0.915580213 0.002376980 -0.012309455 0.999921441 26.317335129
0.999978542 -0.006113694 -0.002349304 0.569393754 0.006143379 0.999898612 0.012843843 -0.944535851 0.002270542 -0.012858000 0.999914765 26.822137833
0.999977052 -0.006236439 -0.002639811 0.577100754 0.006272135 0.999885917 0.013737261 -0.950739443 0.002553838 -0.013753504 0.999902189 27.366682053
0.999975860 -0.006170565 -0.003186410 0.587441802 0.006213330 0.999888361 0.013590429 -0.964643955 0.003102194 -0.013609902 0.999902546 27.948863983
0.999974668 -0.005935060 -0.003926736 0.604451239 0.005992131 0.999874175 0.014685200 -0.997371554 0.003839085 -0.014708358 0.999884427 28.464881897
0.999972582 -0.006033246 -0.004294030 0.610927165 0.006096631 0.999870300 0.014904363 -1.004955530 0.004203552 -0.014930133 0.999879718 29.020673752
0.999974787 -0.005646265 -0.004297706 0.610527158 0.005711942 0.999864757 0.015426214 -1.014788866 0.004210024 -0.015450374 0.999871790 29.568401337
0.999965727 -0.006696997 -0.004870987 0.628552020 0.006770078 0.999862373 0.015144898 -1.025812387 0.004768891 -0.015177355 0.999873459 30.103101730
0.999964416 -0.006825822 -0.004967215 0.635626376 0.006899913 0.999862850 0.015054873 -1.030430436 0.004863772 -0.015088610 0.999874294 30.642951965
0.999959469 -0.007350481 -0.005206736 0.647318900 0.007431286 0.999849558 0.015673844 -1.053281665 0.005090742 -0.015711904 0.999863565 31.205997467
0.999969661 -0.005404730 -0.005601377 0.661389172 0.005494583 0.999854386 0.016151905 -1.099652171 0.005513264 -0.016182192 0.999853849 31.717632294
0.999971688 -0.004849902 -0.005749627 0.675010145 0.004944364 0.999851048 0.016530475 -1.110858202 0.005668600 -0.016558433 0.999846756 32.255699158
0.999972343 -0.005315711 -0.005208398 0.674454927 0.005398369 0.999857545 0.015986718 -1.115984678 0.005122676 -0.016014392 0.999858677 32.845188141
0.999976695 -0.004805875 -0.004866677 0.661297083 0.004883839 0.999857843 0.016136773 -1.106140137 0.004788435 -0.016160162 0.999857962 33.384876251
0.999970376 -0.005163045 -0.005710800 0.661972821 0.005254978 0.999854922 0.016202062 -1.132114649 0.005626319 -0.016231591 0.999852419 33.850337982
0.999969304 -0.005268361 -0.005806336 0.665271640 0.005365065 0.999845028 0.016767208 -1.145739675 0.005717101 -0.016797842 0.999842525 34.412635803
0.999972522 -0.004934681 -0.005538512 0.675943851 0.005028356 0.999842346 0.017028684 -1.157245398 0.005453608 -0.017056061 0.999839664 34.968639374
0.999963939 -0.005844278 -0.006169395 0.703942776 0.005947013 0.999841750 0.016767256 -1.159224749 0.006070426 -0.016803339 0.999840319 35.542469025
0.999950349 -0.006887231 -0.007205475 0.710561156 0.007014045 0.999818325 0.017725091 -1.195882559 0.007082089 -0.017774748 0.999816954 36.082954407
0.999951661 -0.006882999 -0.007031497 0.705528259 0.007003923 0.999825537 0.017320136 -1.200803280 0.006911056 -0.017368542 0.999825239 36.651786804
0.999966621 -0.004813473 -0.006601318 0.705417693 0.004931176 0.999827087 0.017931329 -1.202807426 0.006513866 -0.017963281 0.999817431 37.165260315
0.999961793 -0.005959325 -0.006395793 0.690678835 0.006076433 0.999811351 0.018449783 -1.225359201 0.006284638 -0.018487941 0.999809325 37.662372589
0.999964952 -0.005744403 -0.006085122 0.703294635 0.005853876 0.999818563 0.018128172 -1.234989285 0.005979883 -0.018163156 0.999817193 38.262947083
0.999943614 -0.007761181 -0.007240099 0.721452117 0.007899928 0.999781787 0.019336093 -1.271173954 0.007088448 -0.019392198 0.999786854 38.813926697
0.999947429 -0.007431892 -0.007058680 0.726827741 0.007564063 0.999793053 0.018886315 -1.274019480 0.006916857 -0.018938715 0.999796748 39.374519348
0.999937832 -0.008285450 -0.007459912 0.716461897 0.008427125 0.999780834 0.019164803 -1.272887707 0.007299488 -0.019226478 0.999788523 39.866695404
0.999940217 -0.008447246 -0.006949155 0.724983990 0.008585659 0.999760389 0.020135211 -1.291661143 0.006777403 -0.020193668 0.999773145 40.432411194
0.999936163 -0.008551247 -0.007375254 0.749965072 0.008698636 0.999758303 0.020189025 -1.313642263 0.007200830 -0.020251891 0.999768972 41.035591125
0.999930441 -0.008659066 -0.008002273 0.772860646 0.008818518 0.999758840 0.020110011 -1.338614225 0.007826209 -0.020179182 0.999765694 41.595546722
0.999939144 -0.007191236 -0.008365776 0.815956235 0.007349039 0.999792695 0.018987658 -1.303646684 0.008227497 -0.019047983 0.999784648 42.117366791
0.999916792 -0.008800110 -0.009431710 0.834472537 0.008985521 0.999763548 0.019799538 -1.316821814 0.009255244 -0.019882636 0.999759436 42.659942627
0.999925792 -0.008027237 -0.009159772 0.840267658 0.008203364 0.999779046 0.019355629 -1.319739461 0.009002375 -0.019429332 0.999770641 43.212398529
0.999931574 -0.008006333 -0.008529996 0.832712173 0.008175919 0.999765873 0.020035280 -1.333908796 0.008367588 -0.020103648 0.999762833 43.788036346
0.999937475 -0.007346568 -0.008430546 0.823762894 0.007523510 0.999747932 0.021152010 -1.351405621 0.008273028 -0.021214115 0.999740660 44.338859558
0.999933600 -0.007496854 -0.008753313 0.861016035 0.007669660 0.999772906 0.019877937 -1.326869726 0.008602303 -0.019943750 0.999764085 44.971576691
0.999921560 -0.008770558 -0.008942528 0.841914177 0.008959228 0.999733329 0.021280874 -1.380651593 0.008753498 -0.021359319 0.999733567 45.374572754
0.999922752 -0.008643998 -0.008934606 0.849100947 0.008829569 0.999741673 0.020943498 -1.384366870 0.008751262 -0.021020764 0.999740839 45.926437378
0.999923408 -0.008505768 -0.008990722 0.858035564 0.008702249 0.999719083 0.022045538 -1.391656876 0.008800680 -0.022122089 0.999716520 46.451450348
0.999919713 -0.008821949 -0.009103009 0.858867109 0.009026152 0.999702930 0.022640748 -1.398678064 0.008900570 -0.022721093 0.999702156 46.977886200
0.999929428 -0.007978022 -0.008799348 0.840749204 0.008167244 0.999731541 0.021682044 -1.389726996 0.008624005 -0.021752380 0.999726176 47.596542358
0.999927700 -0.008261859 -0.008737034 0.887057781 0.008458069 0.999707341 0.022663916 -1.445820212 0.008547232 -0.022736173 0.999704897 48.089141846
0.999935865 -0.007518762 -0.008466450 0.890529156 0.007705883 0.999721825 0.022290207 -1.446591020 0.008296501 -0.022354020 0.999715626 48.635955811
0.999929130 -0.008350071 -0.008481129 0.897496462 0.008542424 0.999701142 0.022902876 -1.457603812 0.008287353 -0.022973701 0.999701738 49.183979034
0.999945700 -0.007179810 -0.007550312 0.891573787 0.007357575 0.999689996 0.023785820 -1.470899940 0.007377194 -0.023840081 0.999688506 49.710765839
0.999940395 -0.007103429 -0.008290401 0.925183535 0.007294483 0.999703109 0.023247231 -1.457130313 0.008122806 -0.023306319 0.999695361 50.274608612
0.999914050 -0.010352335 -0.008050159 0.898755312 0.010541919 0.999659359 0.023875684 -1.502572775 0.007800248 -0.023958491 0.999682546 50.772651672
0.999925673 -0.007893481 -0.009293534 0.935182095 0.008104266 0.999705672 0.022865875 -1.476121306 0.009110308 -0.022939494 0.999695301 51.282081604
0.999930441 -0.007403496 -0.009180503 0.942749500 0.007615328 0.999700427 0.023257924 -1.480258942 0.009005563 -0.023326218 0.999687314 51.825622559
0.999923050 -0.007749741 -0.009690353 0.950074852 0.007967657 0.999711573 0.022655301 -1.472535729 0.009511986 -0.022730764 0.999696374 52.390586853
0.999924183 -0.007290197 -0.009926399 0.989922523 0.007509319 0.999724865 0.022219276 -1.455189705 0.009761686 -0.022292130 0.999703825 52.924613953
0.999908328 -0.009084172 -0.010036803 0.979895949 0.009311623 0.999695420 0.022852270 -1.467257023 0.009826154 -0.022943631 0.999688387 53.456214905
0.999912322 -0.008995778 -0.009719614 0.963610709 0.009224819 0.999674559 0.023782721 -1.510200858 0.009502509 -0.023870297 0.999669850 53.965328217
0.999913573 -0.009065907 -0.009518323 0.973289847 0.009287791 0.999679983 0.023532022 -1.506592035 0.009301938 -0.023618393 0.999677837 54.498748779
0.999912858 -0.009179436 -0.009491686 0.965894401 0.009401070 0.999677896 0.023575701 -1.503838778 0.009272217 -0.023662880 0.999677002 55.048435211
0.999907792 -0.009029503 -0.010141805 0.993567109 0.009272753 0.999664187 0.024199745 -1.524643064 0.009919887 -0.024291553 0.999655724 55.553169250
0.999925196 -0.007217692 -0.009873593 0.980159998 0.007450166 0.999691010 0.023714473 -1.508150220 0.009699381 -0.023786260 0.999670029 56.074459076
0.999906242 -0.009560983 -0.009802122 0.967546761 0.009801582 0.999644339 0.024798611 -1.562093735 0.009561537 -0.024892366 0.999644399 56.557636261
0.999906421 -0.009662902 -0.009684414 0.976250589 0.009898193 0.999649584 0.024549771 -1.568717003 0.009443797 -0.024643334 0.999651611 57.108947754
0.999905050 -0.009659753 -0.009823751 0.983808279 0.009900023 0.999645531 0.024710776 -1.564689875 0.009581571 -0.024805691 0.999646306 57.654399872
0.999905527 -0.009761002 -0.009674337 0.991830707 0.009994975 0.999651313 0.024439117 -1.571974158 0.009432414 -0.024533503 0.999654531 58.232772827
0.999915183 -0.009390185 -0.009026567 0.962887406 0.009609432 0.999652147 0.024560597 -1.584437609 0.008792799 -0.024645254 0.999657571 58.770690918
0.999890983 -0.010308687 -0.010568982 0.997960389 0.010578871 0.999610245 0.025834914 -1.616111636 0.010298539 -0.025943905 0.999610305 59.145519257
0.999898553 -0.009927914 -0.010212218 0.994779944 0.010188239 0.999616265 0.025763452 -1.614247441 0.009952521 -0.025864884 0.999615908 59.695732117
0.999883890 -0.010551158 -0.010990906 1.021275163 0.010827771 0.999618351 0.025419693 -1.614233971 0.010718503 -0.025535751 0.999616444 60.247398376
0.999898016 -0.009633657 -0.010534294 1.008866429 0.009905138 0.999612093 0.026030265 -1.613857746 0.010279439 -0.026131956 0.999605656 60.796882629
0.999902546 -0.009698604 -0.010042228 1.010528088 0.009958526 0.999608099 0.026164774 -1.630639791 0.009784529 -0.026262231 0.999607205 61.323280334
0.999878824 -0.010681235 -0.011323392 1.043473244 0.010983465 0.999575794 0.026973410 -1.652077556 0.011030480 -0.027094513 0.999571979 61.702575684
0.999892056 -0.009730070 -0.011008797 1.041006327 0.010027810 0.999576449 0.027321905 -1.662320614 0.010738288 -0.027429350 0.999566078 62.247783661
0.999871075 -0.010806022 -0.011879914 1.070320725 0.011115567 0.999592066 0.026306387 -1.646753311 0.011590800 -0.026435049 0.999583364 62.797302246
0.999872208 -0.010486810 -0.012058412 1.075406551 0.010801701 0.999594390 0.026352227 -1.651536345 0.011777169 -0.026479112 0.999580026 63.345867157
0.999883056 -0.010775637 -0.010849430 0.995031476 0.011074870 0.999549091 0.027908983 -1.716799259 0.010543800 -0.028025871 0.999551713 63.832721710
0.999881208 -0.010911272 -0.010887952 1.001804352 0.011214988 0.999538422 0.028234905 -1.712871075 0.010574847 -0.028353656 0.999541998 64.396553040
0.999864280 -0.011419778 -0.011871796 1.007285118 0.011754113 0.999525130 0.028484641 -1.723412633 0.011540870 -0.028620316 0.999523759 64.930603027
0.999872863 -0.010789782 -0.011733896 1.022654772 0.011114377 0.999547243 0.027958903 -1.719322681 0.011426912 -0.028085764 0.999540269 65.470062256
0.999867082 -0.011698979 -0.011355609 1.007193446 0.012018493 0.999521971 0.028489176 -1.723697305 0.011016887 -0.028621867 0.999529600 65.910804749
0.999871910 -0.011375051 -0.011266300 1.023423195 0.011699901 0.999505103 0.029200301 -1.739401579 0.010928569 -0.029328372 0.999510109 66.432891846
0.999878705 -0.011160777 -0.010860693 1.015605688 0.011461629 0.999540985 0.028044796 -1.718681216 0.010542706 -0.028165879 0.999547660 67.007080078
0.999889791 -0.011286722 -0.009638173 1.006313920 0.011550543 0.999547601 0.027770486 -1.711680651 0.009320375 -0.027878756 0.999567866 67.562065125
0.999876678 -0.011304663 -0.010898956 1.008938789 0.011618962 0.999505639 0.029219160 -1.758416414 0.010563254 -0.029342193 0.999513566 68.001136780
0.999871135 -0.011656747 -0.011036252 1.013373852 0.011973503 0.999505341 0.029084260 -1.753584504 0.010691763 -0.029212652 0.999516070 68.548461914
0.999876261 -0.011232006 -0.011012848 1.018512011 0.011542978 0.999524534 0.028592533 -1.754309654 0.010686460 -0.028716115 0.999530494 69.108222961
0.999892116 -0.010089057 -0.010670557 1.022014499 0.010389427 0.999540508 0.028479172 -1.748002052 0.010378323 -0.028586963 0.999537468 69.648841858
0.999899030 -0.009601483 -0.010476432 1.027704477 0.009906128 0.999517918 0.029425479 -1.774742365 0.010188852 -0.029526293 0.999512076 70.060119629
0.999894142 -0.009964516 -0.010604751 1.032109022 0.010275015 0.999507904 0.029639011 -1.770916939 0.010304193 -0.029744837 0.999504387 70.609580994
0.999899328 -0.009391124 -0.010632113 1.097945571 0.009709777 0.999492884 0.030326962 -1.801657915 0.010341914 -0.030427145 0.999483526 71.055343628
0.999888539 -0.009965638 -0.011118042 1.071049929 0.010298745 0.999487281 0.030317269 -1.793535709 0.010810212 -0.030428397 0.999478459 71.568679810
0.999883056 -0.010636568 -0.010987598 1.073705673 0.010965689 0.999479532 0.030341187 -1.793145180 0.010659152 -0.030458130 0.999479234 72.131896973
0.999893904 -0.009499696 -0.011039709 1.078991055 0.009828569 0.999497771 0.030127842 -1.794381142 0.010747962 -0.030233150 0.999485075 72.674018860
0.999892056 -0.009792441 -0.010953572 1.078570127 0.010118499 0.999495089 0.030118948 -1.780168772 0.010653106 -0.030226525 0.999486327 73.235305786
0.999874771 -0.010982057 -0.011387391 1.093576193 0.011323053 0.999475896 0.030326128 -1.796808004 0.011048380 -0.030451272 0.999475181 73.669647217
0.999873996 -0.010995842 -0.011448033 1.096777439 0.011338296 0.999476731 0.030291641 -1.795836926 0.011108962 -0.030417623 0.999475539 74.219505310
0.999874175 -0.011237366 -0.011191712 1.099978328 0.011565210 0.999492824 0.029672926 -1.781128407 0.010852586 -0.029798629 0.999496996 74.731895447
0.999883950 -0.010687134 -0.010859381 1.076161861 0.011016158 0.999467909 0.030704740 -1.801342964 0.010525455 -0.030820809 0.999469519 75.237030029
0.999885142 -0.010671784 -0.010761443 1.087790966 0.010992882 0.999482512 0.030233925 -1.790677786 0.010433221 -0.030348750 0.999485016 75.791191101
0.999868989 -0.011490787 -0.011401589 1.106970429 0.011830273 0.999474823 0.030168740 -1.791291714 0.011048940 -0.030299673 0.999479771 76.355026245
0.999869108 -0.011548701 -0.011334729 1.107027769 0.011888433 0.999467731 0.030377632 -1.787088156 0.010977875 -0.030508405 0.999474287 76.864143372
0.999873877 -0.011184245 -0.011274876 1.095987320 0.011529176 0.999452651 0.031006852 -1.804178953 0.010921917 -0.031132929 0.999455512 77.336845398
0.999874592 -0.011228102 -0.011168138 1.101732016 0.011564836 0.999466062 0.030558158 -1.798529863 0.010819064 -0.030683482 0.999470592 77.895759583
0.999868095 -0.011807709 -0.011152502 1.115750670 0.012146650 0.999450862 0.030829158 -1.795706034 0.010782355 -0.030960558 0.999462485 78.428245544
0.999857426 -0.012151636 -0.011719940 1.129258156 0.012503500 0.999458492 0.030431811 -1.781326056 0.011343800 -0.030574016 0.999468088 78.957756042
0.999886096 -0.010514489 -0.010825548 1.095669270 0.010840503 0.999475658 0.030510342 -1.805221081 0.010499070 -0.030624220 0.999475777 79.498901367
0.999899924 -0.010968181 -0.008938452 1.068618536 0.011232453 0.999484539 0.030072229 -1.768594027 0.008604008 -0.030169617 0.999507785 80.027191162
0.999920428 -0.010468114 -0.007033657 1.062650919 0.010670108 0.999513090 0.029322077 -1.763541222 0.006723286 -0.029394794 0.999545276 80.596977234
0.999928296 -0.010527111 -0.005713864 1.079545259 0.010690434 0.999512136 0.029348345 -1.761372566 0.005402124 -0.029407326 0.999552906 81.169815063
0.999932110 -0.010416958 -0.005222428 1.072894812 0.010569843 0.999489367 0.030156044 -1.756567478 0.004905626 -0.030209195 0.999531567 81.704017639
0.999940336 -0.010445135 -0.003233593 1.172211409 0.010537801 0.999491215 0.030106092 -1.768861055 0.002917486 -0.030138366 0.999541581 82.193756104
0.999946356 -0.010305255 0.001020332 1.144311428 0.010270027 0.999497414 0.029990420 -1.751201153 -0.001328878 -0.029978329 0.999549687 82.677688599
0.999937057 -0.010361457 0.004305421 1.163854837 0.010226334 0.999488413 0.030303285 -1.745578051 -0.004617205 -0.030257348 0.999531507 83.245162964
0.999916553 -0.010233341 0.007886596 1.189259410 0.009997471 0.999518037 0.029388284 -1.734522820 -0.008183536 -0.029306987 0.999536932 83.748069763
0.999856055 -0.010234483 0.013536368 1.225319266 0.009818556 0.999488235 0.030444235 -1.752632141 -0.013841021 -0.030306945 0.999444842 84.285652161
0.999740124 -0.010786382 0.020082463 1.211599827 0.010185609 0.999504507 0.029781025 -1.736582279 -0.020393740 -0.029568732 0.999354661 84.933128357
0.999612868 -0.010391380 0.025813511 1.238313913 0.009607127 0.999493957 0.030321984 -1.752771854 -0.026115535 -0.030062243 0.999206722 85.387901306
0.999371231 -0.010291840 0.033925496 1.289005280 0.009268214 0.999500990 0.030193148 -1.745857239 -0.034219310 -0.029859738 0.998968124 85.943153381
0.999030530 -0.010170228 0.042830721 1.317860603 0.008878062 0.999502838 0.030252015 -1.745943546 -0.043117099 -0.029842434 0.998624206 86.495750427
0.998761177 -0.010977929 0.048534460 1.390385866 0.009489847 0.999480903 0.030785192 -1.757817507 -0.048847228 -0.030286469 0.998346925 86.995010376
0.998278618 -0.011665477 0.057476290 1.415977478 0.009949679 0.999498844 0.030048562 -1.736795187 -0.057798013 -0.029424969 0.997894526 87.590179443
0.997611880 -0.012373354 0.067951508 1.458408833 0.010344423 0.999492466 0.030129649 -1.727415323 -0.068289824 -0.029354775 0.997233570 88.118171692
0.996911407 -0.010129247 0.077878192 1.485641003 0.007697934 0.999475479 0.031456497 -1.795815468 -0.078155987 -0.030759847 0.996466517 88.700447083
0.996244907 -0.010270088 0.085968494 1.549962997 0.007562750 0.999466956 0.031758878 -1.797432184 -0.086248837 -0.030989463 0.995791614 89.259864807
0.995254457 -0.009876783 0.096803248 1.628981590 0.006884589 0.999489605 0.031195479 -1.786570787 -0.097061940 -0.030380994 0.994814634 89.787147522
0.994276643 -0.011966719 0.106163308 1.726869106 0.008707653 0.999478102 0.031109216 -1.782463074 -0.106480159 -0.030006738 0.993861973 90.327957153
0.993230462 -0.012505112 0.115485661 1.811401367 0.009034256 0.999493003 0.030529113 -1.785274029 -0.115808889 -0.029279120 0.992839873 90.931289673
0.991750181 -0.010142359 0.127783373 1.849204063 0.006156450 0.999483347 0.031549141 -1.751375437 -0.128037304 -0.030502178 0.991300166 91.511459351
0.990077794 -0.010158159 0.140153095 1.948097229 0.005852191 0.999499142 0.031101326 -1.745921850 -0.140398800 -0.029972525 0.989641309 92.056198120
0.988553345 -0.010844574 0.150481388 2.064175606 0.006254007 0.999501467 0.030945675 -1.743849039 -0.150741979 -0.029650342 0.988128364 92.590446472
0.987061977 -0.011132877 0.159952134 2.168982506 0.006151494 0.999481440 0.031604446 -1.748394251 -0.160221070 -0.030211605 0.986618698 93.135932922
0.985015869 -0.011724654 0.172064245 2.294504166 0.006354170 0.999476194 0.031729747 -1.755619049 -0.172346145 -0.030160977 0.984574556 93.653785706
0.982670188 -0.012067318 0.184969157 2.415335655 0.006313651 0.999478579 0.031663597 -1.747520208 -0.185254842 -0.029947046 0.982234120 94.193450928
0.980457067 -0.012093323 0.196361661 2.441850662 0.006047723 0.999489844 0.031358581 -1.696203709 -0.196640775 -0.029558199 0.980029881 94.754425049
0.977657497 -0.012087882 0.209856302 2.574319839 0.005631096 0.999492943 0.031337965 -1.692190170 -0.210128710 -0.029456073 0.977229893 95.316085815
0.974670172 -0.012501222 0.223297372 2.719181061 0.005605665 0.999488354 0.031487837 -1.690029621 -0.223576769 -0.029438529 0.974241674 95.823181152
0.972141087 -0.014151517 0.233968928 2.896684647 0.006822309 0.999461174 0.032105312 -1.722762823 -0.234297201 -0.029614685 0.971713841 96.280464172
0.968714476 -0.012376456 0.247868910 3.000690460 0.004491101 0.999466419 0.032352809 -1.717705727 -0.248137072 -0.030227432 0.968253195 96.902633667
0.965166032 -0.012429400 0.261342734 3.172433853 0.004163072 0.999474049 0.032160092 -1.674036264 -0.261605024 -0.029951843 0.964710116 97.390197754
0.961617291 -0.012468902 0.274110615 3.344682693 0.003801328 0.999476433 0.032129195 -1.669475079 -0.274367690 -0.029854007 0.961161375 97.925270081
0.958569884 -0.014745808 0.284475625 3.541547775 0.005895720 0.999472380 0.031941466 -1.670339823 -0.284796476 -0.028940938 0.958151042 98.428474426
0.954278469 -0.013886557 0.298596323 3.723217010 0.004185456 0.999443173 0.033104006 -1.679806948 -0.298889726 -0.030340677 0.953805208 98.943717957
0.949479103 -0.014440910 0.313497663 3.914463043 0.004254642 0.999441266 0.033152226 -1.673425436 -0.313801259 -0.030143527 0.949010134 99.507209778
0.945536256 -0.015257905 0.325158834 4.110023499 0.004836306 0.999449134 0.032835018 -1.664174795 -0.325480700 -0.029474132 0.945089281 100.020805359
0.941219091 -0.014236853 0.337496519 4.359733582 0.003408195 0.999460816 0.032656100 -1.667127609 -0.337779462 -0.029586291 0.940760136 100.671928406
0.936223269 -0.014601914 0.351102322 4.584321976 0.003280177 0.999455869 0.032819472 -1.660563231 -0.351390481 -0.029574675 0.935761690 101.190704346
0.931501806 -0.015206031 0.363418758 4.804939270 0.003420582 0.999447823 0.033051010 -1.666581392 -0.363720596 -0.029543972 0.931039453 101.687065125
0.926788092 -0.015459934 0.375266254 5.043840408 0.003519655 0.999466062 0.032482821 -1.657399416 -0.375568002 -0.028783886 0.926347733 102.210189819
0.921470582 -0.016694158 0.388089210 5.292476654 0.003842199 0.999418914 0.033868469 -1.688822508 -0.388429046 -0.029717686 0.920999408 102.639442444
0.916243553 -0.018568654 0.400191158 5.537097931 0.004808467 0.999363005 0.035360847 -1.725893736 -0.400592804 -0.030474845 0.915749252 103.066551208
0.910553396 -0.015866650 0.413087130 5.768257141 0.002690626 0.999469459 0.032458711 -1.620182276 -0.413382977 -0.028443925 0.910112917 103.804016113
0.905129850 -0.016565768 0.424812436 6.025493622 0.003059582 0.999468446 0.032455835 -1.621760130 -0.425124317 -0.028076995 0.904699445 104.276855469
0.898564935 -0.015903559 0.438552409 6.286178589 0.001798621 0.999468207 0.032559220 -1.630385399 -0.438836962 -0.028467784 0.898115635 104.759925842
0.892759800 -0.016936440 0.450214505 6.561298370 0.002749769 0.999479413 0.032146320 -1.610677242 -0.450524569 -0.027460959 0.892341614 105.277984619
0.887167871 -0.017436605 0.461117148 6.839656830 0.002815840 0.999471724 0.032376315 -1.611373901 -0.461438090 -0.027424792 0.886748493 105.751831055
0.879481077 -0.016994817 0.475630283 7.106742859 0.001782740 0.999472916 0.032415871 -1.606466532 -0.475930512 -0.027661223 0.879047811 106.247573853
