1.000000000 0.000000000 0.000000000 0.000000000 0.000000000 1.000000000 0.000000000 0.000000000 0.000000000 0.000000000 1.000000000 0.000000000
1.000000000 0.000038112 0.000003449 -0.000050373 -0.000038112 1.000000000 0.000058359 0.000104352 -0.000003446 -0.000058359 1.000000000 -0.003249220
1.000000000 0.000097027 0.000043800 -0.001489102 -0.000097027 1.000000000 0.000007017 -0.001164969 -0.000043799 -0.000007022 1.000000000 -0.001916693
1.000000000 -0.000030562 -0.000019572 0.001480186 0.000030563 1.000000000 0.000028889 -0.000127789 0.000019571 -0.000028890 1.000000000 -0.003250562
1.000000000 -0.000147001 -0.000045110 0.001899813 0.000147003 1.000000000 0.000029259 -0.000560231 0.000045106 -0.000029266 1.000000000 -0.001793720
1.000000000 -0.000013089 0.000039097 -0.000676540 0.000013088 1.000000000 0.000021872 -0.000193602 -0.000039097 -0.000021872 1.000000000 -0.001138875
1.000000000 -0.000038470 0.000042394 0.000625323 0.000038465 1.000000000 0.000113077 -0.000536069 -0.000042399 -0.000113075 1.000000000 -0.002636579
1.000000000 -0.000088053 0.000023440 -0.000272490 0.000088051 1.000000000 0.000095249 -0.000365014 -0.000023449 -0.000095247 1.000000000 0.002014444
1.000000000 -0.000000576 -0.000001625 0.000313103 0.000000576 1.000000000 0.000028927 -0.000401973 0.000001625 -0.000028927 1.000000000 -0.004533018
1.000000000 -0.000047302 0.000041169 0.000390992 0.000047300 1.000000000 0.000064658 -0.000205129 -0.000041172 -0.000064656 1.000000000 -0.004348348
1.000000000 0.000019096 0.000031784 -0.000081062 -0.000019097 1.000000000 0.000028282 -0.000275445 -0.000031784 -0.000028282 1.000000000 -0.001402855
1.000000000 -0.000056515 0.000022855 -0.000201410 0.000056515 1.000000000 0.000029404 -0.000547377 -0.000022857 -0.000029403 1.000000000 -0.005743773
1.000000000 -0.000120193 0.000088754 -0.000197740 0.000120185 1.000000000 0.000091127 -0.000661342 -0.000088765 -0.000091117 1.000000000 -0.002088780
1.000000000 -0.000053083 0.000079481 0.000267851 0.000053078 1.000000000 0.000063887 -0.000697869 -0.000079485 -0.000063883 1.000000000 -0.003653456
1.000000000 -0.000069046 0.000066070 -0.000196511 0.000069040 1.000000000 0.000084002 -0.000317934 -0.000066076 -0.000083998 1.000000000 -0.003388238
1.000000000 -0.000094620 0.000070476 -0.000290900 0.000094612 1.000000000 0.000107089 -0.000161423 -0.000070487 -0.000107082 1.000000000 -0.003304870
1.000000000 -0.000163303 0.000025037 -0.000078135 0.000163302 1.000000000 0.000065190 -0.000264028 -0.000025048 -0.000065186 1.000000000 -0.004585192
1.000000000 0.000023304 0.000030895 0.000999052 -0.000023308 1.000000000 0.000124565 -0.001403759 -0.000030892 -0.000124565 1.000000000 -0.008133036
1.000000000 -0.000116252 0.000047138 0.000800376 0.000116248 1.000000000 0.000099189 -0.001145961 -0.000047149 -0.000099184 1.000000000 -0.007779090
1.000000000 -0.000111105 -0.000010820 0.000535037 0.000111105 1.000000000 0.000052741 -0.000808910 0.000010814 -0.000052742 1.000000000 -0.005774067
1.000000000 -0.000154264 -0.000037876 0.003061838 0.000154271 0.999999940 0.000192102 -0.004425115 0.000037846 -0.000192108 1.000000000 -0.007760330
1.000000000 -0.000054985 0.000123388 -0.001302090 0.000054977 1.000000000 0.000069343 -0.000319514 -0.000123391 -0.000069336 1.000000000 -0.002269158
1.000000000 -0.000072691 0.000037414 -0.000033168 0.000072683 1.000000000 0.000212463 -0.002794088 -0.000037429 -0.000212460 1.000000000 -0.009156334
0.999999940 -0.000252377 -0.000022522 0.001044573 0.000252382 0.999999940 0.000212229 -0.002796769 0.000022468 -0.000212235 1.000000000 -0.005593440
1.000000000 -0.000075850 -0.000004564 0.000705099 0.000075851 1.000000000 0.000153989 -0.000599817 0.000004553 -0.000153990 1.000000000 -0.005949558
0.999999940 -0.000288451 0.000002736 0.001606278 0.000288451 0.999999940 0.000259163 -0.002666099 -0.000002810 -0.000259163 0.999999940 -0.006402386
1.000000000 -0.000112708 -0.000001476 0.001241976 0.000112708 1.000000000 0.000158399 -0.003177368 0.000001459 -0.000158399 1.000000000 -0.004815460
1.000000000 -0.000078144 0.000005160 0.000891061 0.000078143 1.000000000 0.000180885 -0.001329321 -0.000005174 -0.000180884 1.000000000 -0.003689255
1.000000000 -0.000170721 0.000028735 -0.001218146 0.000170717 1.000000000 0.000117921 -0.000109322 -0.000028755 -0.000117916 1.000000000 -0.003731417
1.000000000 -0.000129898 0.000034183 -0.000990328 0.000129894 1.000000000 0.000117344 -0.000654214 -0.000034198 -0.000117339 1.000000000 0.001676122
1.000000000 -0.000112029 0.000049967 -0.001624762 0.000112023 1.000000000 0.000124115 -0.000633571 -0.000049981 -0.000124110 1.000000000 -0.001098772
1.000000000 -0.000182975 -0.000036836 -0.000987862 0.000182978 1.000000000 0.000103705 -0.001707527 0.000036817 -0.000103712 1.000000000 -0.005093894
1.000000000 -0.000196435 0.000001262 0.000272388 0.000196434 0.999999940 0.000172600 -0.002659826 -0.000001296 -0.000172600 1.000000000 -0.006513241
1.000000000 0.000116834 0.000099293 -0.000946920 -0.000116841 1.000000000 0.000074230 -0.000054777 -0.000099285 -0.000074241 1.000000000 -0.001664072
1.000000000 -0.000103355 0.000009300 -0.000113401 0.000103355 1.000000000 0.000063660 -0.000689799 -0.000009307 -0.000063659 1.000000000 -0.002323750
1.000000000 -0.000155960 0.000008036 -0.000741425 0.000155960 1.000000000 0.000043324 -0.001113883 -0.000008043 -0.000043323 1.000000000 -0.004142860
1.000000000 -0.000138306 0.000047105 0.000567291 0.000138303 1.000000000 0.000057293 -0.000329029 -0.000047113 -0.000057286 1.000000000 -0.008850442
1.000000000 -0.000238555 -0.000047279 0.001536909 0.000238559 0.999999940 0.000093461 -0.000644485 0.000047256 -0.000093472 1.000000000 -0.005206318
1.000000000 -0.000152261 -0.000002941 0.000223381 0.000152262 1.000000000 0.000170757 -0.000536128 0.000002915 -0.000170757 1.000000000 -0.004301298
0.999999940 -0.000280553 -0.000093250 0.002980130 0.000280572 0.999999940 0.000210332 -0.003958664 0.000093191 -0.000210358 1.000000000 -0.006663661
1.000000000 -0.000208033 -0.000070107 0.005276910 0.000208002 0.999999881 -0.000435418 -0.007464363 0.000070198 0.000435404 0.999999881 0.045369025
0.999999940 -0.000288251 -0.000103309 0.007211605 0.000288142 0.999999404 -0.001049332 -0.006591994 0.000103611 0.001049302 0.999999464 0.141624153
0.999999940 -0.000277955 -0.000087937 0.008127211 0.000277842 0.999999106 -0.001285497 -0.013786187 0.000088294 0.001285473 0.999999166 0.254727840
0.999999940 -0.000310956 0.000016637 0.009685838 0.000310975 0.999999285 -0.001133056 -0.019402679 -0.000016284 0.001133061 0.999999344 0.387493640
1.000000000 0.000113728 -0.000144677 0.017258616 -0.000113872 0.999999523 -0.000996909 -0.022648288 0.000144563 0.000996925 0.999999464 0.532030940
1.000000000 -0.000031658 0.000070317 0.013908608 0.000031722 0.999999583 -0.000909801 -0.031223781 -0.000070288 0.000909803 0.999999583 0.684853494
1.000000000 -0.000103948 -0.000115419 0.023995772 0.000103883 0.999999821 -0.000561899 -0.036449410 0.000115478 0.000561887 0.999999881 0.854052544
1.000000000 0.000136705 0.000118989 0.018422285 -0.000136632 0.999999762 -0.000614815 -0.039274946 -0.000119073 0.000614799 0.999999821 1.023428798
1.000000000 0.000121717 0.000246846 0.022921452 -0.000121577 0.999999821 -0.000567844 -0.045742147 -0.000246915 0.000567814 0.999999821 1.194536567
1.000000000 0.000102321 0.000117484 0.025943426 -0.000102283 0.999999940 -0.000322838 -0.048976850 -0.000117517 0.000322826 0.999999881 1.387067556
0.999999940 0.000350984 0.000101115 0.033232059 -0.000350962 0.999999940 -0.000221686 -0.059731238 -0.000101193 0.000221650 1.000000000 1.572879434
0.999999940 0.000130696 0.000225263 0.035759445 -0.000130678 1.000000000 -0.000079335 -0.065523677 -0.000225273 0.000079305 1.000000000 1.767745614
0.999999881 0.000330235 0.000394285 0.030736500 -0.000330293 0.999999940 0.000145990 -0.072555058 -0.000394236 -0.000146120 0.999999940 1.981473088
0.999999821 0.000553317 0.000330076 0.041506138 -0.000553451 0.999999762 0.000403585 -0.080578715 -0.000329853 -0.000403767 0.999999881 2.185693264
0.999999821 0.000234167 0.000355932 0.043803774 -0.000234357 0.999999762 0.000534068 -0.088749968 -0.000355807 -0.000534152 0.999999821 2.404157400
0.999999464 0.000746480 0.000595435 0.042444471 -0.000746797 0.999999523 0.000531323 -0.093920037 -0.000595038 -0.000531768 0.999999762 2.638268232
0.999999762 0.000491886 0.000527334 0.046639916 -0.000492292 0.999999583 0.000771150 -0.107639931 -0.000526955 -0.000771409 0.999999583 2.860238552
0.999999583 0.000776421 0.000472532 0.059678491 -0.000776872 0.999999285 0.000955660 -0.115304604 -0.000471790 -0.000956026 0.999999464 3.100343227
0.999999881 0.000359923 0.000337045 0.065460786 -0.000360112 0.999999762 0.000561216 -0.114708208 -0.000336843 -0.000561338 0.999999762 3.345043659
0.999999702 0.000479849 0.000631110 0.062601104 -0.000480280 0.999999642 0.000682409 -0.121792637 -0.000630782 -0.000682712 0.999999523 3.576293945
0.999999762 0.000395478 0.000379023 0.073898144 -0.000395815 0.999999523 0.000890037 -0.133162484 -0.000378671 -0.000890186 0.999999523 3.844963074
0.999999821 0.000166811 0.000500282 0.077286713 -0.000167370 0.999999285 0.001116465 -0.142842680 -0.000500095 -0.001116548 0.999999225 4.108068943
0.999999285 0.000771069 0.000941827 0.078631602 -0.000772408 0.999998569 0.001421684 -0.154200181 -0.000940729 -0.001422411 0.999998569 4.354103088
0.999999821 0.000352117 0.000443513 0.085097842 -0.000352804 0.999998868 0.001551426 -0.164207458 -0.000442966 -0.001551582 0.999998689 4.611716747
0.999999762 0.000086301 0.000679714 0.091400936 -0.000087358 0.999998808 0.001555108 -0.173077956 -0.000679579 -0.001555167 0.999998569 4.872962475
0.999999762 0.000353694 0.000711450 0.092317253 -0.000354886 0.999998629 0.001675698 -0.183082029 -0.000710856 -0.001675950 0.999998331 5.129052639
0.999999881 0.000408560 0.000575692 0.099538989 -0.000409545 0.999998450 0.001711000 -0.192949727 -0.000574992 -0.001711236 0.999998391 5.396948814
0.999999881 -0.000350986 0.000493736 0.103492163 0.000350141 0.999998510 0.001710667 -0.201976001 -0.000494336 -0.001710494 0.999998450 5.661391735
0.999999940 -0.000096237 0.000305922 0.117606118 0.000095731 0.999998629 0.001654488 -0.206673726 -0.000306081 -0.001654459 0.999998569 5.932332993
0.999999762 0.000256196 0.000604512 0.118144162 -0.000257311 0.999998331 0.001845679 -0.218541607 -0.000604038 -0.001845835 0.999998093 6.193454742
0.999999642 0.000465208 0.000644107 0.120352320 -0.000466304 0.999998450 0.001702428 -0.220397010 -0.000643314 -0.001702727 0.999998391 6.489375114
0.999999285 0.000772847 0.000834613 0.124794774 -0.000774277 0.999998152 0.001714415 -0.236633033 -0.000833286 -0.001715061 0.999998212 6.774188519
0.999999702 -0.000382938 0.000620584 0.138297617 0.000381719 0.999997973 0.001961983 -0.244948655 -0.000621334 -0.001961745 0.999997914 7.064097404
0.999999881 -0.000145270 0.000507114 0.143382937 0.000144295 0.999998093 0.001922323 -0.249663010 -0.000507392 -0.001922250 0.999998093 7.368026733
0.999998868 0.001214862 0.000796169 0.151622742 -0.001216144 0.999997973 0.001612225 -0.264661103 -0.000794209 -0.001613192 0.999998391 7.681850433
0.999999523 0.000425774 0.000784662 0.159984112 -0.000427422 0.999997675 0.002101934 -0.279754043 -0.000783765 -0.002102268 0.999997497 7.984059334
0.999999046 0.000783556 0.001056769 0.163496912 -0.000785780 0.999997437 0.002106040 -0.289838940 -0.001055117 -0.002106868 0.999997258 8.301573753
0.999999404 0.000852559 0.000716883 0.176518187 -0.000853890 0.999997854 0.001859038 -0.293488383 -0.000715297 -0.001859649 0.999998033 8.631688118
0.999999404 0.000868999 0.000710740 0.181678846 -0.000870371 0.999997735 0.001931570 -0.304678530 -0.000709060 -0.001932187 0.999997914 8.962548256
0.999999583 0.000515667 0.000824615 0.198642865 -0.000517528 0.999997318 0.002257399 -0.319424957 -0.000823449 -0.002257825 0.999997139 9.285579681
0.999999464 0.000191337 0.000993302 0.193505496 -0.000193337 0.999997973 0.002014378 -0.323928595 -0.000992915 -0.002014569 0.999997497 9.636617661
0.999999583 0.000144208 0.000862040 0.203178212 -0.000145907 0.999998033 0.001970869 -0.333097279 -0.000861754 -0.001970994 0.999997735 9.983872414
0.999999523 -0.000018677 0.000964396 0.201948896 0.000016860 0.999998271 0.001883449 -0.338752866 -0.000964430 -0.001883431 0.999997795 10.352837563
0.999999046 0.000790469 0.001120535 0.222832784 -0.000793202 0.999996722 0.002440400 -0.363600969 -0.001118602 -0.002441287 0.999996424 10.676349640
0.999999464 0.000344936 0.000938609 0.233328626 -0.000347150 0.999997199 0.002359953 -0.371884823 -0.000937793 -0.002360278 0.999996841 11.059864044
0.999999464 0.000395510 0.000965643 0.243449941 -0.000398192 0.999996066 0.002778854 -0.389290452 -0.000964540 -0.002779237 0.999995589 11.432189941
0.999999523 -0.000024388 0.001015763 0.254037470 0.000021506 0.999996006 0.002837709 -0.395864278 -0.001015829 -0.002837686 0.999995351 11.814024925
0.999999285 0.000568159 0.001065537 0.255551934 -0.000571621 0.999994695 0.003251201 -0.411811918 -0.001063684 -0.003251808 0.999994099 12.168249130
0.999998748 0.000507518 0.001499080 0.261741340 -0.000512244 0.999994934 0.003154264 -0.422987878 -0.001497472 -0.003155028 0.999993920 12.563656807
0.999999285 0.000506317 0.001133449 0.277539998 -0.000509834 0.999995112 0.003104585 -0.431530952 -0.001131871 -0.003105161 0.999994516 12.936057091
0.999999404 0.000399201 0.001047532 0.289098173 -0.000402307 0.999995589 0.002966178 -0.443912357 -0.001046343 -0.002966598 0.999995053 13.303450584
0.999998271 0.001135734 0.001487903 0.291890502 -0.001140344 0.999994576 0.003101230 -0.455516964 -0.001484373 -0.003102921 0.999994099 13.768610001
0.999998987 0.000017813 0.001417375 0.307892442 -0.000023693 0.999991417 0.004148613 -0.493881196 -0.001417290 -0.004148643 0.999990404 14.140740395
0.999998510 0.000554978 0.001622662 0.315531224 -0.000561823 0.999990940 0.004220825 -0.510219693 -0.001620305 -0.004221730 0.999989808 14.559756279
0.999997914 0.000900916 0.001858929 0.328874886 -0.000909602 0.999988675 0.004676885 -0.520682156 -0.001854695 -0.004678566 0.999987364 14.970614433
0.999998212 -0.000706866 0.001764999 0.339983255 0.000698896 0.999989569 0.004512361 -0.546562850 -0.001768170 -0.004511119 0.999988258 15.403057098
0.999996841 -0.000373784 0.002509057 0.348779142 0.000362978 0.999990761 0.004305840 -0.558540106 -0.002510643 -0.004304915 0.999987602 15.836283684
0.999996781 -0.000130432 0.002540135 0.355676323 0.000118333 0.999988675 0.004762565 -0.572908163 -0.002540727 -0.004762249 0.999985456 16.279190063
0.999996483 0.000061954 0.002655607 0.370196760 -0.000074403 0.999989033 0.004687859 -0.585350513 -0.002655288 -0.004688040 0.999985516 16.726640701
0.999994934 -0.000062044 0.003181480 0.379432768 0.000047009 0.999988794 0.004725464 -0.597555399 -0.003181738 -0.004725290 0.999983728 17.178760529
0.999993324 0.000628981 0.003604992 0.388395041 -0.000645790 0.999988973 0.004663643 -0.608004034 -0.003602019 -0.004665940 0.999982595 17.636638641
0.999994278 -0.000290289 0.003370489 0.413400620 0.000273171 0.999987066 0.005077934 -0.625705719 -0.003371920 -0.005076984 0.999981403 18.097087860
0.999993503 -0.000753427 0.003530175 0.427636623 0.000735691 0.999987185 0.005022748 -0.633179665 -0.003533914 -0.005020119 0.999981105 18.560880661
0.999993563 -0.000606315 0.003529867 0.441448152 0.000588556 0.999987245 0.005030032 -0.650629640 -0.003532871 -0.005027922 0.999981105 19.029592514
0.999994934 -0.000804733 0.003065478 0.468925446 0.000789230 0.999987006 0.005055136 -0.660763383 -0.003069506 -0.005052691 0.999982476 19.494682312
0.999992967 -0.000568416 0.003697213 0.464642406 0.000547419 0.999983728 0.005677598 -0.687498868 -0.003700381 -0.005675536 0.999977052 20.001098633
0.999994099 -0.000887661 0.003303928 0.483249426 0.000867287 0.999980688 0.006163004 -0.707574248 -0.003309335 -0.006160104 0.999975562 20.474113464
0.999994338 -0.001077826 0.003192487 0.490946412 0.001059281 0.999982595 0.005804963 -0.721390128 -0.003198690 -0.005801549 0.999978065 20.985979080
0.999996245 -0.000990718 0.002571727 0.500979304 0.000975520 0.999982119 0.005904287 -0.730910420 -0.002577530 -0.005901755 0.999979377 21.511343002
0.999997616 -0.000895471 0.002019692 0.524191737 0.000883401 0.999981821 0.005969236 -0.750975251 -0.002025001 -0.005967438 0.999980211 22.000944138
0.999996245 -0.000828752 0.002621060 0.519982815 0.000812031 0.999979377 0.006374408 -0.765568256 -0.002626289 -0.006372256 0.999976277 22.480607986
0.999998093 -0.000664094 0.001849976 0.527578890 0.000652906 0.999981523 0.006042015 -0.774320483 -0.001853954 -0.006040796 0.999980032 23.021520615
0.999998689 -0.001533680 0.000563145 0.544872701 0.001530135 0.999979377 0.006241708 -0.790413678 -0.000572707 -0.006240837 0.999980390 23.522550583
0.999996245 -0.002691014 -0.000352250 0.558006704 0.002692894 0.999981523 0.005450144 -0.800097525 0.000337577 -0.005451072 0.999985099 24.045013428
0.999998331 -0.001706048 -0.000668034 0.563402057 0.001709870 0.999981940 0.005762718 -0.808861375 0.000658191 -0.005763851 0.999983191 24.577465057
0.999997079 -0.001899963 -0.001489214 0.570778430 0.001909392 0.999977946 0.006355966 -0.828877270 0.001477106 -0.006358790 0.999978721 25.090486526
0.999996006 -0.001793990 -0.002143476 0.580435216 0.001807401 0.999978721 0.006271280 -0.839629889 0.002132181 -0.006275130 0.999978006 25.615068436
0.999997854 -0.000931214 -0.001848030 0.584168732 0.000942364 0.999981284 0.006041357 -0.856984913 0.001842369 -0.006043086 0.999979973 26.142803192
0.999996483 -0.001471636 -0.002199193 0.594924688 0.001486231 0.999976754 0.006649968 -0.864611983 0.002189356 -0.006653214 0.999975383 26.686344147
0.999993801 -0.001637223 -0.003096020 0.608769417 0.001657471 0.999977171 0.006548878 -0.877147675 0.003085227 -0.006553969 0.999973774 27.219223022
0.999993503 -0.001267642 -0.003371702 0.618840694 0.001290074 0.999976993 0.006659223 -0.893161654 0.003363183 -0.006663530 0.999972165 27.753656387
0.999989927 -0.001777646 -0.004128360 0.629186869 0.001806507 0.999973834 0.006997816 -0.907949626 0.004115813 -0.007005204 0.999966919 28.289794922
0.999987364 -0.001891379 -0.004646095 0.641445935 0.001923968 0.999973476 0.007019877 -0.921716630 0.004632694 -0.007028728 0.999964595 28.829065323
0.999985516 -0.001916432 -0.005034377 0.649739623 0.001953092 0.999971509 0.007287122 -0.936312199 0.005020267 -0.007296849 0.999960780 29.368734360
0.999984682 -0.002252268 -0.005059479 0.647484243 0.002286421 0.999974549 0.006754677 -0.939123631 0.005044136 -0.006766142 0.999964416 29.899799347
0.999984562 -0.001861475 -0.005223138 0.659010708 0.001898061 0.999973655 0.007008439 -0.960915267 0.005209953 -0.007018245 0.999961793 30.434860229
0.999982595 -0.001786482 -0.005608822 0.669244587 0.001829725 0.999968588 0.007714096 -0.979587555 0.005594864 -0.007724226 0.999954522 30.972703934
0.999981582 -0.001263628 -0.005938008 0.681888700 0.001306278 0.999973297 0.007184131 -0.986778378 0.005928772 -0.007191754 0.999956489 31.492321014
0.999979854 -0.001748195 -0.006097754 0.684997559 0.001790381 0.999974430 0.006919728 -1.000211596 0.006085501 -0.006930506 0.999957383 32.032546997
0.999976873 -0.001748001 -0.006565815 0.692270041 0.001791247 0.999976695 0.006586464 -1.004821539 0.006554147 -0.006598074 0.999956667 32.567531586
0.999980271 -0.001307726 -0.006141780 0.680981815 0.001352325 0.999972820 0.007263028 -1.030466557 0.006132114 -0.007271190 0.999954760 33.081256866
0.999979079 -0.001156142 -0.006361827 0.687609732 0.001204512 0.999970317 0.007604527 -1.041414976 0.006352846 -0.007612030 0.999950826 33.634071350
0.999975681 -0.001342858 -0.006837649 0.691404581 0.001396908 0.999967754 0.007906020 -1.060179710 0.006826811 -0.007915380 0.999945343 34.180736542
0.999974966 -0.001759722 -0.006853209 0.700490117 0.001813071 0.999968112 0.007786071 -1.079941988 0.006839289 -0.007798301 0.999946177 34.706432343
0.999975681 -0.000773538 -0.006928412 0.717713833 0.000820959 0.999976337 0.006844150 -1.072749376 0.006922953 -0.006849672 0.999952495 35.235702515
0.999971807 -0.001727176 -0.007312377 0.714281738 0.001781470 0.999970853 0.007424961 -1.090320826 0.007299341 -0.007437779 0.999945641 35.792259216
0.999974072 -0.000633778 -0.007169961 0.724072695 0.000685613 0.999973655 0.007229223 -1.099130392 0.007165190 -0.007233952 0.999948204 36.313510895
0.999972701 -0.000971172 -0.007321129 0.727365434 0.001016025 0.999980688 0.006125299 -1.094209790 0.007315039 -0.006132570 0.999954402 36.866790771
0.999970913 -0.000893792 -0.007565479 0.721009612 0.000944511 0.999977052 0.006703116 -1.132009745 0.007559314 -0.006710066 0.999948859 37.379714966
0.999970615 -0.001124887 -0.007580732 0.740203619 0.001172959 0.999979198 0.006339774 -1.108448029 0.007573443 -0.006348480 0.999951124 37.876956940
0.999979258 0.000659884 -0.006410143 0.712280750 -0.000617426 0.999977887 0.006623258 -1.164898515 0.006414372 -0.006619162 0.999957502 38.249271393
0.999971330 -0.000774780 -0.007528326 0.759022355 0.000830305 0.999972463 0.007375143 -1.183026075 0.007522404 -0.007381181 0.999944448 38.679565430
0.999971032 -0.000982353 -0.007552400 0.816437364 0.001047749 0.999961913 0.008659881 -1.197626233 0.007543605 -0.008667542 0.999933898 39.055221558
0.999964952 -0.001926808 -0.008146422 0.776897907 0.001983269 0.999973953 0.006928413 -1.177147150 0.008132858 -0.006944325 0.999942839 40.033504486
0.999964178 -0.001948256 -0.008231621 0.797034919 0.002008382 0.999971330 0.007302349 -1.202343583 0.008217159 -0.007318620 0.999939442 40.565105438
0.999963462 -0.001908327 -0.008327640 0.792455971 0.001967026 0.999973238 0.007046259 -1.208347201 0.008313970 -0.007062383 0.999940515 41.105537415
0.999962449 -0.001285689 -0.008579575 0.811388731 0.001346379 0.999974132 0.007071693 -1.220801950 0.008570262 -0.007082980 0.999938190 41.641593933
0.999962866 -0.001337412 -0.008512063 0.818872809 0.001397631 0.999974012 0.007072591 -1.229985476 0.008502385 -0.007084226 0.999938786 42.162441254
0.999960780 -0.001648379 -0.008701406 0.828179121 0.001712935 0.999971032 0.007416768 -1.244965076 0.008688928 -0.007431382 0.999934614 42.700054169
0.999962389 -0.001297555 -0.008570069 0.833490491 0.001357980 0.999974251 0.007048671 -1.255942822 0.008560705 -0.007060044 0.999938369 43.237304688
0.999963701 -0.001454894 -0.008397963 0.834846973 0.001513893 0.999974191 0.007023294 -1.265538216 0.008387527 -0.007035754 0.999940097 43.762847900
0.999961317 -0.001567159 -0.008651970 0.848420978 0.001628076 0.999973893 0.007038217 -1.276364803 0.008640715 -0.007052033 0.999937713 44.291194916
0.999964297 -0.001339046 -0.008339471 0.851823509 0.001398095 0.999973893 0.007078845 -1.290744185 0.008329774 -0.007090250 0.999940157 44.824623108
0.999960244 -0.001806117 -0.008726026 0.859886169 0.001871445 0.999970198 0.007484152 -1.304773092 0.008712248 -0.007500185 0.999933898 45.353157043
0.999959469 -0.001989773 -0.008784088 0.870977163 0.002053649 0.999971449 0.007268785 -1.317827940 0.008769374 -0.007286530 0.999934971 45.887195587
0.999961376 -0.001710914 -0.008620440 0.872882426 0.001778616 0.999967575 0.007852156 -1.336303234 0.008606726 -0.007867185 0.999931991 46.453319550
0.999961674 -0.001224168 -0.008667329 0.877053261 0.001285856 0.999973774 0.007115335 -1.332385302 0.008658392 -0.007126209 0.999937117 46.938915253
0.999959052 -0.001828917 -0.008864949 0.894379258 0.001897126 0.999968529 0.007691829 -1.349430203 0.008850602 -0.007708332 0.999931037 47.527938843
0.999962330 -0.001128828 -0.008596062 0.892284751 0.001191424 0.999972761 0.007280220 -1.356830359 0.008587609 -0.007290187 0.999936581 47.995761871
0.999958932 -0.001189318 -0.008983132 0.904324114 0.001255210 0.999972343 0.007332919 -1.371456861 0.008974164 -0.007343894 0.999932706 48.516925812
0.999962628 -0.000864790 -0.008615900 0.912074447 0.000929757 0.999971151 0.007539163 -1.384537220 0.008609130 -0.007546892 0.999934435 49.044811249
0.999960959 -0.000871490 -0.008783137 0.916867256 0.000937709 0.999971151 0.007538040 -1.393463850 0.008776315 -0.007545984 0.999932945 49.576835632
0.999962866 -0.000674946 -0.008591630 0.918859005 0.000741502 0.999969721 0.007745682 -1.412509918 0.008586143 -0.007751765 0.999933004 50.100399017
0.999961376 -0.000753622 -0.008751528 0.925338507 0.000820908 0.999970138 0.007687440 -1.419420958 0.008745473 -0.007694329 0.999932170 50.625495911
0.999963760 -0.000660962 -0.008485204 0.926243186 0.000727654 0.999968827 0.007859088 -1.431590319 0.008479745 -0.007864978 0.999933124 51.157440186
0.999963999 -0.000538166 -0.008466860 0.929144859 0.000605044 0.999968588 0.007898296 -1.445985317 0.008462344 -0.007903135 0.999932945 51.685729980
0.999963820 -0.000627169 -0.008482121 0.935943782 0.000695439 0.999967396 0.008048247 -1.462600112 0.008476796 -0.008053855 0.999931574 52.202178955
0.999968648 -0.000634314 -0.007887543 0.928326845 0.000702312 0.999962568 0.008621173 -1.477937222 0.007881778 -0.008626442 0.999931753 52.737777710
0.999966621 -0.000976185 -0.008109740 0.931315601 0.001045892 0.999962449 0.008595659 -1.495978117 0.008101046 -0.008603854 0.999930143 53.253658295
0.999968410 -0.000227945 -0.007950104 0.928784609 0.000296218 0.999963105 0.008587495 -1.519536972 0.007947853 -0.008589580 0.999931514 53.738681793
0.999968886 0.000580512 -0.007883566 0.930588901 -0.000516171 0.999966502 0.008160894 -1.533708215 0.007888041 -0.008156571 0.999935627 54.297248840
0.999967456 -0.000304479 -0.008062941 0.922192574 0.000370160 0.999966800 0.008145775 -1.537678719 0.008060194 -0.008148493 0.999934316 54.948612213
0.999974072 0.001649723 -0.007013212 0.924624205 -0.001592109 0.999965012 0.008212705 -1.555213690 0.007026515 -0.008201327 0.999941707 55.371063232
0.999973953 0.001368005 -0.007092423 0.941476226 -0.001314677 0.999970853 0.007518141 -1.559643626 0.007102502 -0.007508621 0.999946594 55.843551636
0.999970853 0.000697690 -0.007593197 0.971510887 -0.000636095 0.999966919 0.008111291 -1.572050810 0.007598605 -0.008106224 0.999938250 56.303859711
0.999970913 0.000624877 -0.007599279 0.976231575 -0.000563090 0.999966741 0.008130137 -1.589471459 0.007604107 -0.008125621 0.999938011 56.847919464
0.999972224 0.000428796 -0.007442095 0.991379142 -0.000368110 0.999966741 0.008153931 -1.602411866 0.007445343 -0.008150965 0.999939024 57.380882263
0.999972403 0.000863194 -0.007366934 0.999980986 -0.000802874 0.999966085 0.008186962 -1.609066367 0.007373751 -0.008180821 0.999939322 57.876438141
0.999971509 0.000580138 -0.007529553 1.010892272 -0.000520589 0.999968529 0.007908224 -1.621602654 0.007533904 -0.007904078 0.999940395 58.413211823
0.999970794 0.000303707 -0.007642841 1.019287586 -0.000239864 0.999965072 0.008352811 -1.636379361 0.007645110 -0.008350734 0.999935925 58.960845947
0.999969482 0.000378822 -0.007798606 1.048938751 -0.000313349 0.999964714 0.008394915 -1.657646179 0.007801510 -0.008392215 0.999934375 59.449806213
0.999972463 0.000160835 -0.007415285 1.047942877 -0.000093037 0.999958158 0.009142281 -1.669350505 0.007416446 -0.009141340 0.999930739 60.036552429
0.999970138 0.000943560 -0.007670187 1.075585365 -0.000878339 0.999963462 0.008502066 -1.686754465 0.007677930 -0.008495073 0.999934435 60.535217285
0.999973238 0.001395302 -0.007186440 1.067330956 -0.001332880 0.999961376 0.008683437 -1.709237576 0.007198279 -0.008673626 0.999936461 61.002845764
0.999967098 0.000088684 -0.008109809 1.094148636 -0.000022072 0.999966323 0.008213469 -1.708647728 0.008110265 -0.008213020 0.999933422 61.604206085
0.999964654 0.001143497 -0.008330143 1.177850008 -0.001075349 0.999965966 0.008180838 -1.710304976 0.008339216 -0.008171591 0.999931872 62.139739990
0.999965250 0.001717225 -0.008154707 1.230119467 -0.001642043 0.999956131 0.009217176 -1.770269156 0.008170178 -0.009203465 0.999924302 62.746593475
0.999955058 0.000832708 -0.009444899 1.301110506 -0.000754351 0.999965310 0.008296755 -1.723619461 0.009451481 -0.008289255 0.999920964 63.399562836
0.999961615 0.001014636 -0.008696417 1.258135319 -0.000939778 0.999962568 0.008607642 -1.796504140 0.008704824 -0.008599140 0.999925196 64.102317810
0.999968588 0.002942888 -0.007360303 1.193624735 -0.002873259 0.999951243 0.009452861 -1.762413025 0.007387763 -0.009431414 0.999928236 64.096092224
0.999965250 0.002274210 -0.008018651 1.217795372 -0.002206161 0.999961555 0.008484996 -1.754137397 0.008037640 -0.008467009 0.999931872 64.520484924
0.999961972 0.001412440 -0.008614071 1.235965610 -0.001335440 0.999959171 0.008938069 -1.775822997 0.008626344 -0.008926224 0.999922991 65.047027588
0.999964535 0.000784171 -0.008381774 1.227887392 -0.000711381 0.999962032 0.008683854 -1.781913996 0.008388265 -0.008677583 0.999927163 65.605514526
0.999963284 0.001095891 -0.008496139 1.271084070 -0.001017165 0.999956548 0.009264779 -1.813232183 0.008505924 -0.009255798 0.999920964 65.944770813
0.999966085 0.001904705 -0.008003660 1.274471283 -0.001831806 0.999956846 0.009105729 -1.822523117 0.008020659 -0.009090759 0.999926448 66.458023071
0.999966800 0.002007289 -0.007895222 1.290301204 -0.001936400 0.999957860 0.008976093 -1.838011742 0.007912907 -0.008960507 0.999928474 66.989494324
0.999965668 0.001826078 -0.008073353 1.292280674 -0.001745925 0.999949217 0.009924051 -1.864321470 0.008091065 -0.009909616 0.999918163 67.513809204
0.999961078 0.002628818 -0.008415478 1.342204213 -0.002547434 0.999949992 0.009666920 -1.876993537 0.008440470 -0.009645108 0.999917805 67.911567688
0.999961257 0.002483734 -0.008440932 1.346016884 -0.002400839 0.999948859 0.009816584 -1.888748884 0.008464883 -0.009795940 0.999916136 68.418777466
0.999958575 0.002263454 -0.008817242 1.354053974 -0.002172340 0.999944270 0.010329602 -1.903479338 0.008840131 -0.010310021 0.999907732 68.952056885
0.999958575 0.002406916 -0.008773377 1.371361613 -0.002319652 0.999947906 0.009943083 -1.925183535 0.008796853 -0.009922320 0.999912083 69.515190125
0.999958694 0.002244037 -0.008801083 1.383705854 -0.002154812 0.999946296 0.010134351 -1.940950394 0.008823351 -0.010114969 0.999909937 70.026969910
0.999959946 0.002095119 -0.008700121 1.385619402 -0.002007256 0.999947131 0.010095431 -1.952987671 0.008720813 -0.010077565 0.999911189 70.570861816
0.999959052 0.002553456 -0.008684385 1.392772317 -0.002467306 0.999947846 0.009916411 -1.966681719 0.008709254 -0.009894578 0.999913156 71.120147705
0.999959111 0.002688369 -0.008624519 1.405245304 -0.002599976 0.999944150 0.010243987 -1.986089349 0.008651576 -0.010221145 0.999910355 71.668159485
0.999957979 0.002465566 -0.008829137 1.416733265 -0.002372624 0.999941826 0.010521679 -2.013078213 0.008854567 -0.010500289 0.999905646 72.207923889
0.999959350 0.002580508 -0.008631394 1.420441866 -0.002487606 0.999939024 0.010756719 -2.027929783 0.008658626 -0.010734812 0.999904871 72.753906250
0.999959588 0.002842572 -0.008530925 1.415057540 -0.002755286 0.999943852 0.010226067 -2.028252125 0.008559515 -0.010202146 0.999911308 73.342658997
0.999959946 0.002817850 -0.008492061 1.424694061 -0.002729789 0.999942541 0.010363675 -2.042533875 0.008520779 -0.010340078 0.999910176 73.899566650
0.999960244 0.002944415 -0.008405929 1.439820290 -0.002855776 0.999940395 0.010537359 -2.053428650 0.008436456 -0.010512938 0.999909103 74.432884216
0.999959528 0.002106995 -0.008748299 1.459715128 -0.002016366 0.999944329 0.010355624 -2.068084717 0.008769631 -0.010337565 0.999908090 74.981857300
0.999957263 0.002370340 -0.008927377 1.477073669 -0.002277634 0.999943554 0.010380267 -2.081544638 0.008951477 -0.010359490 0.999906242 75.530281067
0.999959290 0.002743192 -0.008594283 1.478889227 -0.002652711 0.999941170 0.010521797 -2.090574741 0.008622641 -0.010498571 0.999907672 76.090812683
0.999958634 0.002704780 -0.008686082 1.499828935 -0.002612131 0.999939740 0.010660054 -2.114607573 0.008714393 -0.010636926 0.999905467 76.624649048
0.999960899 0.002067058 -0.008601105 1.512057662 -0.001974789 0.999940515 0.010722318 -2.121252537 0.008622757 -0.010704911 0.999905527 77.163520813
0.999958873 0.002870888 -0.008600265 1.517764330 -0.002777405 0.999937177 0.010862084 -2.138681889 0.008630909 -0.010837752 0.999903977 77.693969727
0.999961972 0.003299107 -0.008076213 1.525551081 -0.003212927 0.999937952 0.010660663 -2.150941849 0.008110886 -0.010634308 0.999910533 78.242004395
0.999971509 0.003176130 -0.006852149 1.545669079 -0.003103586 0.999939322 0.010571831 -2.166930199 0.006885310 -0.010550264 0.999920607 78.788475037
0.999980748 0.003257221 -0.005270419 1.556290627 -0.003202932 0.999942005 0.010276531 -2.183506966 0.005303587 -0.010259453 0.999933243 79.347900391
0.999982953 0.004438835 -0.003794373 1.564894915 -0.004399064 0.999935985 0.010426595 -2.200046062 0.003840413 -0.010409727 0.999938369 79.898918152
0.999988437 0.003854446 -0.002881213 1.571031213 -0.003824012 0.999937594 0.010494237 -2.207351446 0.002921483 -0.010483096 0.999940753 80.451782227
0.999988496 0.004660475 0.001146534 1.582180977 -0.004671798 0.999938250 0.010080438 -2.216878653 -0.001099483 -0.010085678 0.999948561 80.996643066
0.999983609 0.004395520 0.003676269 1.620625138 -0.004433727 0.999935567 0.010450169 -2.244065046 -0.003630098 -0.010466299 0.999938607 81.525375366
0.999976635 0.003738950 0.005726506 1.648343205 -0.003793139 0.999947846 0.009481618 -2.229527950 -0.005690757 -0.009503117 0.999938726 82.040138245
0.999925733 0.005066389 0.011086782 1.652553558 -0.005181640 0.999932587 0.010391533 -2.252832651 -0.011033386 -0.010448210 0.999884486 82.599243164
0.999844551 0.004711424 0.016989229 1.678794026 -0.004885728 0.999935687 0.010232792 -2.263526201 -0.016939925 -0.010314208 0.999803364 83.138710022
0.999750733 0.003810725 0.021996627 1.724264860 -0.004035059 0.999940217 0.010163210 -2.272746086 -0.021956582 -0.010249437 0.999706328 83.645072937
0.999583542 0.003771547 0.028608060 1.741789103 -0.004061592 0.999940872 0.010087220 -2.300887346 -0.028568324 -0.010199213 0.999539733 84.259216309
0.999327838 0.004218894 0.036414791 1.803994179 -0.004589579 0.999938369 0.010101916 -2.326164722 -0.036369931 -0.010262254 0.999285698 84.752090454
0.998994291 0.003986125 0.044660076 1.847338796 -0.004436468 0.999940276 0.009989209 -2.340290785 -0.044617593 -0.010177297 0.998952270 85.290878296
0.998687685 0.003311275 0.051105525 1.905116081 -0.003818177 0.999944448 0.009824297 -2.343196154 -0.051070143 -0.010006535 0.998644948 85.804397583
0.998197675 0.003171982 0.059926905 1.965428829 -0.003756681 0.999946415 0.009646740 -2.362654448 -0.059893094 -0.009854482 0.998156071 86.327095032
0.997538924 0.003525159 0.070025861 2.028799057 -0.004223600 0.999942780 0.009828483 -2.380058765 -0.069987193 -0.010100054 0.997496784 86.859207153
0.996891916 0.002993165 0.078723930 2.088387966 -0.003762512 0.999946594 0.009626208 -2.385390759 -0.078690901 -0.009892486 0.996850073 87.406784058
0.996240735 0.002551030 0.086590104 2.159261703 -0.003363176 0.999951720 0.009234615 -2.395939589 -0.086562373 -0.009491116 0.996201336 87.944686890
0.995281994 0.002018919 0.097003542 2.242737770 -0.002941892 0.999951661 0.009372752 -2.410850048 -0.096979924 -0.009613905 0.995240033 88.481330872
0.994167864 0.002184814 0.107822627 2.320926666 -0.003228042 0.999949574 0.009501814 -2.420595646 -0.107796453 -0.009794454 0.994124711 89.046096802
0.993115366 0.001709633 0.117128126 2.403891563 -0.002806843 0.999953806 0.009203307 -2.435460806 -0.117106967 -0.009468706 0.993074298 89.583145142
0.991764605 0.002136988 0.128055573 2.498594284 -0.003366661 0.999950290 0.009386971 -2.443100452 -0.128029153 -0.009740786 0.991722584 90.138298035
0.990079522 0.002356168 0.140489429 2.594202042 -0.003665544 0.999952197 0.009062061 -2.453753948 -0.140461385 -0.009487130 0.990040720 90.680023193
0.988506615 0.001800375 0.151166782 2.705876350 -0.003235254 0.999952018 0.009246615 -2.471153975 -0.151142895 -0.009629404 0.988464952 91.223991394
0.986994207 0.001424363 0.160749286 2.813508034 -0.002939664 0.999953449 0.009189056 -2.477205276 -0.160728723 -0.009542094 0.986952424 91.770599365
0.984997809 0.000977642 0.172564059 2.935231209 -0.002542408 0.999957561 0.008846950 -2.488192081 -0.172548085 -0.009152956 0.984958529 92.306564331
0.982740104 0.000868856 0.184989452 3.061393738 -0.002522175 0.999958932 0.008702237 -2.498376846 -0.184974313 -0.009018612 0.982701957 92.838859558
0.980669796 0.000250396 0.195669800 3.191148758 -0.001981026 0.999960661 0.008648985 -2.506649971 -0.195659935 -0.008869425 0.980631709 93.374687195
0.977930307 0.000172511 0.208931327 3.329853058 -0.001963672 0.999963105 0.008365574 -2.520445347 -0.208922148 -0.008591223 0.977894545 93.907043457
0.974903584 -0.000219316 0.222627133 3.475360870 -0.001681123 0.999963701 0.008346874 -2.530236721 -0.222620890 -0.008511661 0.974867940 94.434188843
0.971833348 0.001989243 0.235660806 3.601150513 -0.004095388 0.999955893 0.008448072 -2.549173594 -0.235633612 -0.009175241 0.971798718 94.960510254
0.969232559 -0.000699242 0.246145472 3.803829193 -0.001403135 0.999963999 0.008365705 -2.556853294 -0.246142432 -0.008453690 0.969196796 95.519393921
0.965720952 -0.001463221 0.259578288 3.987590790 -0.000900220 0.999959230 0.008985816 -2.585539579 -0.259580851 -0.008911468 0.965680242 95.989097595
0.962364256 -0.001885086 0.271756381 4.165056229 -0.000524587 0.999961138 0.008794111 -2.603343010 -0.271762431 -0.008605701 0.962325871 96.480659485
0.959233105 -0.002590398 0.282604218 4.350198746 0.000114220 0.999961376 0.008778120 -2.618635416 -0.282616109 -0.008387983 0.959196448 96.976409912
0.954877019 -0.001930619 0.296994954 4.533363342 -0.000712581 0.999961078 0.008791298 -2.626729965 -0.297000319 -0.008606239 0.954838574 97.506797791
0.950513363 -0.002682072 0.310672075 4.734828949 -0.000121077 0.999959469 0.009003218 -2.641232729 -0.310683697 -0.008595292 0.950474501 98.015693665
0.946842313 -0.003537716 0.321678549 4.942152023 0.000769450 0.999961555 0.008732423 -2.650758266 -0.321697086 -0.008020712 0.946808696 98.532058716
0.942526996 -0.003790478 0.334108561 5.157539368 0.000856870 0.999959767 0.008927348 -2.667867184 -0.334128946 -0.008127976 0.942492425 99.016685486
0.937476814 -0.003959532 0.348025173 5.376878738 0.000957448 0.999960840 0.008797617 -2.677165031 -0.348046333 -0.007914347 0.937443852 99.530113220
0.932942808 -0.004898844 0.359991252 5.597026825 0.001804703 0.999958515 0.008930652 -2.691545486 -0.360019982 -0.007682111 0.932912946 100.020072937
0.928400517 -0.005258613 0.371543884 5.819234848 0.002108569 0.999958336 0.008884005 -2.704978228 -0.371575058 -0.007464489 0.928372920 100.522140503
0.922757506 -0.005711662 0.385338783 6.060352325 0.002512706 0.999958098 0.008804729 -2.711439610 -0.385372907 -0.007156389 0.922733188 101.027511597
0.917456269 -0.006782386 0.397778839 6.308681488 0.003439396 0.999952435 0.009117049 -2.722707272 -0.397821724 -0.006996375 0.917436063 101.525764465
0.912833273 -0.007350445 0.408266276 6.562660217 0.004082286 0.999952257 0.008875697 -2.735968113 -0.408312082 -0.006435370 0.912819743 102.028160095
0.907297134 -0.007812241 0.420417517 6.823425293 0.004346574 0.999948204 0.009200861 -2.750263214 -0.420467585 -0.006520537 0.907284141 102.517166138
0.900759697 -0.007818897 0.434247464 7.080917358 0.004273026 0.999949098 0.009141169 -2.763215065 -0.434296846 -0.006378446 0.900747180 102.993515015
0.894894302 -0.007918959 0.446207911 7.352344513 0.004382059 0.999950290 0.008957898 -2.769115210 -0.446256638 -0.006061063 0.894884527 103.492019653
0.889177978 -0.008628865 0.457480133 7.620170593 0.004970392 0.999945343 0.009200029 -2.776958942 -0.457534492 -0.005906609 0.889172256 103.973167419
0.882054865 -0.008436446 0.471071154 7.907997131 0.004832130 0.999949098 0.008860261 -2.785928488 -0.471121848 -0.005538958 0.882050753 104.457862854
0.875047624 -0.008740375 0.483957976 8.194049835 0.005057053 0.999947488 0.008915555 -2.796777725 -0.484010458 -0.005354133 0.875045836 104.922607422
