1.000000000 0.000000000 0.000000000 0.000000000 0.000000000 1.000000000 0.000000000 0.000000000 0.000000000 0.000000000 1.000000000 0.000000000
1.000000000 0.000132709 -0.000049879 0.000234886 -0.000132709 1.000000000 0.000011933 -0.000440474 0.000049880 -0.000011926 1.000000000 -0.002253778
1.000000000 0.000054414 0.000050661 0.000232088 -0.000054413 1.000000000 -0.000024612 -0.000026479 -0.000050662 0.000024609 1.000000000 -0.000746037
1.000000000 -0.000117885 -0.000055264 0.001138020 0.000117882 1.000000000 -0.000060332 -0.000140837 0.000055271 0.000060325 1.000000000 -0.002756325
0.999999940 -0.000218500 -0.000135496 0.001298132 0.000218495 1.000000000 -0.000040325 -0.000363313 0.000135505 0.000040295 1.000000000 -0.001825929
1.000000000 -0.000062320 0.000046056 0.000475537 0.000062320 1.000000000 0.000006787 -0.000041801 -0.000046056 -0.000006784 1.000000000 0.000193057
1.000000000 -0.000011730 0.000002270 0.000923551 0.000011730 1.000000000 -0.000035258 0.000629956 -0.000002270 0.000035258 1.000000000 0.000793358
0.999999940 -0.000289249 0.000024174 0.001306503 0.000289249 0.999999940 -0.000003001 0.000086889 -0.000024173 0.000003008 1.000000000 -0.000531988
1.000000000 -0.000126829 0.000066391 0.001026523 0.000126829 1.000000000 -0.000003274 0.001031910 -0.000066391 0.000003282 1.000000000 0.001707453
1.000000000 -0.000065338 -0.000175608 0.002125225 0.000065343 1.000000000 0.000027218 -0.000727526 0.000175606 -0.000027229 1.000000000 -0.002126359
1.000000000 -0.000165500 0.000070187 0.000613483 0.000165503 1.000000000 -0.000042460 0.000718035 -0.000070180 0.000042472 1.000000000 0.000497531
1.000000000 -0.000213772 -0.000034605 0.000437295 0.000213778 0.999999940 0.000170783 -0.001151276 0.000034569 -0.000170790 1.000000000 -0.001385151
1.000000000 -0.000109369 0.000142576 -0.000641833 0.000109341 1.000000000 0.000196822 -0.000816482 -0.000142598 -0.000196806 1.000000000 0.000778131
1.000000000 -0.000077366 -0.000018181 0.001015672 0.000077370 1.000000000 0.000181276 -0.000923408 0.000018167 -0.000181278 1.000000000 -0.001376672
1.000000000 -0.000140174 -0.000093614 0.000507809 0.000140191 1.000000000 0.000187036 -0.001477378 0.000093588 -0.000187049 1.000000000 -0.002098268
1.000000000 0.000108745 0.000107630 -0.000240484 -0.000108762 1.000000000 0.000160609 -0.000437162 -0.000107613 -0.000160621 1.000000000 0.000643138
1.000000000 -0.000042241 -0.000108341 0.000585809 0.000042264 1.000000000 0.000210617 -0.001263788 0.000108332 -0.000210621 1.000000000 -0.001105352
1.000000000 0.000095811 -0.000090542 0.000681226 -0.000095787 0.999999940 0.000270226 -0.001553795 0.000090568 -0.000270218 0.999999940 -0.001971554
1.000000000 0.000081657 -0.000009423 0.000114576 -0.000081655 1.000000000 0.000230075 -0.000821496 0.000009441 -0.000230074 1.000000000 0.000937895
1.000000000 0.000005263 -0.000146567 0.001068868 -0.000005264 1.000000000 -0.000008092 0.000480345 0.000146567 0.000008092 1.000000000 0.000548602
1.000000000 -0.000034202 -0.000109082 0.000848364 0.000034219 1.000000000 0.000158173 -0.000653202 0.000109077 -0.000158176 1.000000000 -0.000146870
1.000000000 -0.000072749 -0.000150139 0.001208770 0.000072783 1.000000000 0.000223433 -0.001193565 0.000150122 -0.000223444 0.999999940 -0.000291327
1.000000000 0.000101497 0.000136799 -0.000233872 -0.000101531 0.999999940 0.000243312 0.000096893 -0.000136774 -0.000243326 0.999999940 -0.000110236
1.000000000 0.000153118 -0.000184219 0.001793821 -0.000153116 1.000000000 0.000012271 0.000370738 0.000184221 -0.000012243 1.000000000 -0.001384738
0.999999940 0.000144709 -0.000212959 0.001581125 -0.000144672 1.000000000 0.000175426 -0.000752259 0.000212984 -0.000175395 0.999999940 -0.003214132
0.999999940 0.000204550 -0.000163645 0.000527018 -0.000204569 1.000000000 -0.000120035 0.000357610 0.000163620 0.000120068 1.000000000 -0.001419238
1.000000000 0.000180961 -0.000118602 0.000009273 -0.000180960 1.000000000 0.000002062 -0.000124110 0.000118602 -0.000002040 1.000000000 -0.000707313
1.000000000 0.000129961 -0.000204048 0.000440105 -0.000129918 0.999999940 0.000212805 -0.000930858 0.000204076 -0.000212778 0.999999940 -0.001687045
0.999999940 0.000205208 -0.000165432 0.000588925 -0.000205224 1.000000000 -0.000094516 0.000761850 0.000165413 0.000094550 1.000000000 -0.002240351
0.999999940 0.000300074 -0.000120019 0.000197568 -0.000300054 0.999999940 0.000167536 -0.000686401 0.000120069 -0.000167500 1.000000000 -0.002633353
1.000000000 0.000213741 0.000011917 -0.000491724 -0.000213741 1.000000000 0.000006751 0.000718000 -0.000011916 -0.000006754 1.000000000 0.000994600
1.000000000 0.000034576 -0.000104308 0.001845377 -0.000034569 1.000000000 0.000071483 0.000106883 0.000104311 -0.000071479 1.000000000 -0.000874646
1.000000000 0.000077472 -0.000187970 0.001672252 -0.000077444 1.000000000 0.000152186 -0.000132264 0.000187982 -0.000152172 1.000000000 -0.000119340
1.000000000 0.000149544 -0.000069328 0.001078077 -0.000149540 1.000000000 0.000061371 0.000608631 0.000069337 -0.000061361 1.000000000 0.000132741
1.000000000 -0.000050620 -0.000122903 0.002249826 0.000050605 1.000000000 -0.000127644 0.001960093 0.000122910 0.000127638 1.000000000 -0.000527457
1.000000000 -0.000046999 0.000021020 -0.000296288 0.000047001 1.000000000 -0.000097478 0.002389726 -0.000021015 0.000097479 1.000000000 0.002370265
0.999999940 -0.000238047 -0.000069248 0.001515777 0.000238050 1.000000000 0.000051013 0.000675814 0.000069236 -0.000051029 1.000000000 -0.000325894
1.000000000 -0.000026695 -0.000022091 0.000811841 0.000026696 1.000000000 0.000011675 0.001015035 0.000022090 -0.000011676 1.000000000 0.000071412
1.000000000 0.000014090 0.000179384 -0.000248534 -0.000014089 1.000000000 -0.000005067 0.000583771 -0.000179384 0.000005064 1.000000000 0.002007838
0.999999940 -0.000309782 0.000089263 0.001419181 0.000309840 0.999999762 -0.000651923 -0.001987735 -0.000089062 0.000651951 0.999999762 0.051446967
1.000000000 0.000170494 -0.000057858 0.002293055 -0.000170560 0.999999344 -0.001152804 -0.005311236 0.000057662 0.001152814 0.999999344 0.135328442
0.999999821 0.000573959 -0.000019861 0.004445716 -0.000573984 0.999998987 -0.001298394 -0.008901754 0.000019116 0.001298405 0.999999166 0.250232548
0.999996483 0.002214473 0.001451720 -0.008621331 -0.002211213 0.999995053 -0.002243261 -0.001278118 -0.001456680 0.002240043 0.999996364 0.411461592
0.999997199 0.001666371 0.001658225 -0.007030982 -0.001662802 0.999996305 -0.002151086 -0.005599983 -0.001661803 0.002148323 0.999996305 0.551120877
0.999996901 0.002184403 0.001207828 -0.001390515 -0.002181472 0.999994814 -0.002422646 -0.008156720 -0.001213113 0.002420004 0.999996364 0.711783588
0.999996364 0.002248404 0.001511904 0.002798438 -0.002245291 0.999995351 -0.002057959 -0.013796724 -0.001516524 0.002054557 0.999996781 0.874284923
0.999996424 0.002084756 0.001651223 0.006078078 -0.002080830 0.999994993 -0.002375763 -0.014181803 -0.001656168 0.002372318 0.999995828 1.043016553
0.999997020 0.002009873 0.001353013 0.012843200 -0.002007047 0.999995828 -0.002086809 -0.021934791 -0.001357201 0.002084087 0.999996960 1.220702767
0.999997675 0.001869448 0.001043549 0.016216872 -0.001868342 0.999997675 -0.001059773 -0.032791398 -0.001045528 0.001057821 0.999998868 1.412105441
0.999997616 0.001751160 0.001326934 0.020019766 -0.001749832 0.999997973 -0.001001470 -0.038235437 -0.001328685 0.000999146 0.999998569 1.592887521
0.999996722 0.002217811 0.001281491 0.022767209 -0.002216301 0.999996841 -0.001178404 -0.039586112 -0.001284100 0.001175560 0.999998450 1.804352164
0.999996901 0.002157323 0.001258678 0.025226818 -0.002156374 0.999997318 -0.000754661 -0.045026634 -0.001260303 0.000751944 0.999998927 2.007034063
0.999996006 0.002204865 0.001757495 0.022440379 -0.002202448 0.999996543 -0.001375707 -0.051801424 -0.001760523 0.001371831 0.999997437 2.210740089
0.999995828 0.002358631 0.001659018 0.029692380 -0.002356099 0.999996006 -0.001526712 -0.060338881 -0.001662613 0.001522797 0.999997437 2.420037985
0.999996841 0.002073250 0.001371850 0.037953552 -0.002071288 0.999996841 -0.001430582 -0.065377153 -0.001374811 0.001427737 0.999998033 2.644172430
0.999996305 0.002294230 0.001448195 0.038846821 -0.002293207 0.999997139 -0.000707657 -0.073005579 -0.001449814 0.000704333 0.999998689 2.868119001
0.999996066 0.002429638 0.001384727 0.046724245 -0.002429281 0.999996960 -0.000259802 -0.083232149 -0.001385354 0.000256437 0.999999046 3.091468811
0.999996722 0.002225291 0.001247051 0.053098962 -0.002224312 0.999997199 -0.000786160 -0.082269400 -0.001248796 0.000783384 0.999998927 3.346279144
0.999996722 0.001977924 0.001586157 0.051190805 -0.001976572 0.999997675 -0.000853390 -0.093075246 -0.001587842 0.000850252 0.999998391 3.603011847
0.999995768 0.002285535 0.001772353 0.057217717 -0.002283695 0.999996781 -0.001039237 -0.098587550 -0.001774722 0.001035185 0.999997914 3.863745213
0.999996543 0.001793639 0.001876243 0.061233863 -0.001792024 0.999998033 -0.000862028 -0.105303772 -0.001877785 0.000858663 0.999997854 4.118914127
0.999995947 0.002298963 0.001677235 0.062526852 -0.002297535 0.999997020 -0.000853157 -0.108216099 -0.001679191 0.000849300 0.999998212 4.372945786
0.999996781 0.002044136 0.001547722 0.072013728 -0.002042295 0.999997258 -0.001189948 -0.115898721 -0.001550150 0.001186783 0.999998093 4.631858349
0.999996841 0.001957739 0.001561821 0.078340881 -0.001956583 0.999997854 -0.000741856 -0.122696772 -0.001563270 0.000738798 0.999998510 4.891671658
0.999996483 0.001980082 0.001780827 0.079750851 -0.001979117 0.999997914 -0.000543886 -0.133353785 -0.001781900 0.000540360 0.999998212 5.157071114
0.999996960 0.001805109 0.001706574 0.086925551 -0.001804086 0.999998152 -0.000600558 -0.140722007 -0.001707655 0.000597477 0.999998331 5.422639847
0.999995768 0.002041120 0.002086192 0.087318413 -0.002039279 0.999997556 -0.000884116 -0.146946281 -0.002087992 0.000879858 0.999997377 5.701983929
0.999997258 0.001468972 0.001810074 0.091057673 -0.001468283 0.999998808 -0.000381938 -0.158839643 -0.001810634 0.000379280 0.999998212 5.960950375
0.999997556 0.001246252 0.001799191 0.102005556 -0.001245641 0.999999166 -0.000340601 -0.166168556 -0.001799614 0.000338359 0.999998271 6.245807171
0.999998093 0.001259864 0.001516716 0.109900467 -0.001258982 0.999999046 -0.000582999 -0.174602225 -0.001517450 0.000581089 0.999998629 6.520783901
0.999996662 0.001696789 0.001908557 0.107186563 -0.001695626 0.999998391 -0.000611019 -0.181283101 -0.001909591 0.000607781 0.999997973 6.814227581
0.999995708 0.002032666 0.002109040 0.112560794 -0.002031945 0.999997854 -0.000343818 -0.196757734 -0.002109734 0.000339531 0.999997675 7.126940250
0.999996960 0.001232586 0.002135990 0.121508077 -0.001232921 0.999999166 0.000155561 -0.208008394 -0.002135797 -0.000158194 0.999997735 7.419898033
0.999995112 0.001901868 0.002459102 0.122738838 -0.001900281 0.999997973 -0.000647356 -0.209836915 -0.002460328 0.000642680 0.999996781 7.752357483
0.999994516 0.002284019 0.002355824 0.129816234 -0.002284046 0.999997318 0.000009020 -0.228077158 -0.002355797 -0.000014401 0.999997199 8.070895195
0.999995172 0.001944772 0.002429855 0.132833943 -0.001944596 0.999998093 -0.000074834 -0.235465497 -0.002429996 0.000070109 0.999996960 8.390841484
0.999993920 0.002356515 0.002537803 0.139970616 -0.002355978 0.999997199 -0.000214453 -0.247184500 -0.002538302 0.000208473 0.999996722 8.705544472
0.999992132 0.002277974 0.003241645 0.141002193 -0.002277561 0.999997318 -0.000131156 -0.253542006 -0.003241935 0.000123771 0.999994695 9.052369118
0.999995351 0.001799347 0.002435673 0.160786137 -0.001800241 0.999998331 0.000365240 -0.272975981 -0.002435012 -0.000369623 0.999997020 9.366481781
0.999992669 0.002154834 0.003164754 0.151864886 -0.002153104 0.999997556 -0.000549952 -0.269696653 -0.003165932 0.000543135 0.999994814 9.730027199
0.999991179 0.002576307 0.003323205 0.160794616 -0.002574406 0.999996543 -0.000576534 -0.280697942 -0.003324679 0.000567974 0.999994218 10.077794075
0.999995172 0.001748712 0.002578391 0.176788270 -0.001750271 0.999998271 0.000602640 -0.302225232 -0.002577333 -0.000607150 0.999996424 10.431420326
0.999993980 0.001931035 0.002900980 0.182271019 -0.001934792 0.999997318 0.001292961 -0.317174375 -0.002898476 -0.001298566 0.999994874 10.790811539
0.999994159 0.001798046 0.002927868 0.193773046 -0.001800637 0.999997973 0.000882473 -0.322961807 -0.002926275 -0.000887740 0.999995351 11.152566910
0.999993682 0.001803108 0.003060228 0.198425844 -0.001804657 0.999998271 0.000503384 -0.334095478 -0.003059315 -0.000508903 0.999995172 11.541352272
0.999993205 0.002088673 0.003016113 0.209246337 -0.002090716 0.999997616 0.000674484 -0.342925787 -0.003014697 -0.000680785 0.999995232 11.923371315
0.999994338 0.001331924 0.003094621 0.214596778 -0.001333251 0.999999046 0.000426800 -0.354017019 -0.003094049 -0.000430923 0.999995112 12.305946350
0.999993801 0.001717031 0.003076276 0.225071102 -0.001718118 0.999998450 0.000350737 -0.365075111 -0.003075669 -0.000356020 0.999995172 12.692006111
0.999994695 0.001175613 0.003028632 0.233995825 -0.001177801 0.999999046 0.000720642 -0.375547260 -0.003027782 -0.000724206 0.999995172 13.096547127
0.999994934 0.001018365 0.003012026 0.246522337 -0.001021056 0.999999106 0.000891888 -0.391644955 -0.003011115 -0.000894959 0.999995053 13.490834236
0.999993086 0.001533664 0.003386893 0.249956548 -0.001537786 0.999998093 0.001214798 -0.408641160 -0.003385023 -0.001219998 0.999993563 13.893796921
0.999991834 0.001409240 0.003776552 0.259792447 -0.001411059 0.999998868 0.000478985 -0.407917798 -0.003775873 -0.000484310 0.999992728 14.333760262
0.999992490 0.001604716 0.003545776 0.273998171 -0.001605816 0.999998629 0.000307399 -0.421354741 -0.003545279 -0.000313090 0.999993622 14.752088547
0.999992728 0.000768031 0.003737646 0.286821961 -0.000773241 0.999998689 0.001392578 -0.442444175 -0.003736572 -0.001395458 0.999992013 15.184760094
0.999990702 0.001156335 0.004154243 0.293218791 -0.001160959 0.999998689 0.001110910 -0.449734896 -0.004152954 -0.001115722 0.999990761 15.635850906
0.999986887 0.001910414 0.004735794 0.301507294 -0.001915481 0.999997556 0.001065665 -0.463701516 -0.004733747 -0.001074723 0.999988258 16.073387146
0.999987423 0.000817606 0.004939403 0.315331995 -0.000823605 0.999998927 0.001212625 -0.475264758 -0.004938406 -0.001216678 0.999987006 16.512254715
0.999985456 0.001119504 0.005264502 0.320866674 -0.001123508 0.999999046 0.000757723 -0.485417426 -0.005263648 -0.000763626 0.999985814 16.958450317
0.999983609 0.001042773 0.005624598 0.335076421 -0.001049242 0.999998808 0.001147209 -0.500222862 -0.005623394 -0.001153091 0.999983549 17.410253525
0.999980628 0.001626323 0.006002045 0.342423320 -0.001635839 0.999997497 0.001580829 -0.514024794 -0.005999458 -0.001590616 0.999980748 17.883092880
0.999975860 0.001271016 0.006829299 0.351326764 -0.001280326 0.999998271 0.001359047 -0.528117001 -0.006827560 -0.001367758 0.999975741 18.352632523
0.999973893 0.001484810 0.007065565 0.366925091 -0.001495254 0.999997795 0.001473056 -0.538962543 -0.007063362 -0.001483582 0.999973953 18.831659317
0.999977350 0.001354988 0.006596589 0.386783510 -0.001367424 0.999997318 0.001880931 -0.561354756 -0.006594022 -0.001889909 0.999976456 19.298664093
0.999975622 0.001141214 0.006893714 0.399746329 -0.001151629 0.999998271 0.001507085 -0.571782887 -0.006891981 -0.001514987 0.999975085 19.777767181
0.999976099 0.001410072 0.006779294 0.410190344 -0.001421426 0.999997616 0.001670358 -0.579124153 -0.006776923 -0.001679954 0.999975562 20.286720276
0.999977767 0.001512772 0.006491027 0.425159127 -0.001527852 0.999996126 0.002318802 -0.609185457 -0.006487494 -0.002328668 0.999976158 20.780860901
0.999975443 0.002265651 0.006628931 0.430750906 -0.002275441 0.999996305 0.001469593 -0.611121833 -0.006625577 -0.001484640 0.999976873 21.295879364
0.999979794 0.002131334 0.005982768 0.444026828 -0.002139423 0.999996781 0.001345930 -0.619683683 -0.005979881 -0.001358703 0.999981165 21.794218063
0.999980390 0.001972193 0.005942258 0.447610527 -0.001983430 0.999996245 0.001885804 -0.640598893 -0.005938516 -0.001897553 0.999980569 22.291004181
0.999983013 0.002122548 0.005417990 0.462412566 -0.002134064 0.999995470 0.002120634 -0.650967717 -0.005413464 -0.002132160 0.999983072 22.805189133
0.999981284 0.002808480 0.005427400 0.471273959 -0.002819117 0.999994099 0.001953330 -0.667986929 -0.005421883 -0.001968594 0.999983370 23.325941086
0.999988139 0.002236266 0.004324760 0.483814359 -0.002245306 0.999995291 0.002086626 -0.685847342 -0.004320072 -0.002096311 0.999988496 23.855644226
0.999991775 0.001237513 0.003868625 0.493164390 -0.001244268 0.999997675 0.001744142 -0.700883865 -0.003866458 -0.001748941 0.999991000 24.384693146
0.999990821 0.002437774 0.003525566 0.501236498 -0.002446173 0.999994159 0.002379934 -0.713354111 -0.003519743 -0.002388537 0.999991000 24.916423798
0.999993324 0.002409168 0.002788335 0.518121839 -0.002416181 0.999993920 0.002514575 -0.730676472 -0.002782261 -0.002521295 0.999992967 25.465852737
0.999991834 0.002672332 0.003027115 0.525661230 -0.002679575 0.999993503 0.002391221 -0.743072510 -0.003020705 -0.002399313 0.999992609 26.003734589
0.999993026 0.002590531 0.002704385 0.531022429 -0.002595357 0.999995053 0.001782471 -0.751603067 -0.002699754 -0.001789477 0.999994755 26.559486389
0.999997258 0.001751543 0.001561931 0.547566772 -0.001756167 0.999994040 0.002964129 -0.775104284 -0.001556730 -0.002966865 0.999994397 27.113899231
0.999998033 0.001572451 0.001175984 0.558890164 -0.001576539 0.999992669 0.003483406 -0.793792903 -0.001170498 -0.003485253 0.999993265 27.671762466
0.999993980 0.003104219 0.001561205 0.562426448 -0.003107947 0.999992251 0.002391053 -0.802602589 -0.001553771 -0.002395891 0.999995947 28.240900040
0.999995172 0.002864891 0.001220292 0.564642549 -0.002868829 0.999990582 0.003237521 -0.826291382 -0.001211005 -0.003241006 0.999994040 28.764266968
0.999997735 0.002022607 0.000681411 0.579103470 -0.002025103 0.999991179 0.003681886 -0.844828486 -0.000673958 -0.003683257 0.999993086 29.304080963
0.999996185 0.002706151 0.000476290 0.591573775 -0.002707842 0.999989927 0.003586748 -0.858248413 -0.000466579 -0.003588024 0.999993443 29.868423462
0.999996483 0.002625891 0.000371848 0.597379684 -0.002627087 0.999991238 0.003255324 -0.867475748 -0.000363297 -0.003256290 0.999994636 30.407630920
0.999994397 0.003352692 0.000184953 0.611639380 -0.003353282 0.999988914 0.003291240 -0.889238536 -0.000173917 -0.003291842 0.999994576 30.948909760
0.999994874 0.003179640 -0.000348485 0.620139539 -0.003178352 0.999988258 0.003635284 -0.900271356 0.000360040 -0.003634157 0.999993324 31.510910034
0.999995172 0.003037435 -0.000744809 0.634499013 -0.003034424 0.999987245 0.004008803 -0.915103853 0.000756976 -0.004006523 0.999991715 32.053195953
0.999996483 0.002601558 -0.000484044 0.641485453 -0.002599751 0.999989808 0.003697023 -0.926429272 0.000493657 -0.003695752 0.999993026 32.607513428
0.999995589 0.002855629 -0.000835647 0.649355531 -0.002852475 0.999988914 0.003752188 -0.939685643 0.000846352 -0.003749788 0.999992609 33.156509399
0.999994516 0.003153622 -0.001053694 0.659775913 -0.003149497 0.999987483 0.003894752 -0.955678225 0.001065964 -0.003891412 0.999991894 33.705364227
0.999994397 0.003155489 -0.001136897 0.666434228 -0.003151360 0.999988616 0.003615950 -0.963455975 0.001148294 -0.003612347 0.999992788 34.244018555
0.999994338 0.002982489 -0.001543750 0.679169774 -0.002976184 0.999987304 0.004070546 -0.982543588 0.001555870 -0.004065929 0.999990463 34.778331757
0.999995172 0.002828067 -0.001316873 0.684260666 -0.002822293 0.999986470 0.004366761 -0.999589324 0.001329205 -0.004363023 0.999989569 35.354717255
0.999994338 0.003100537 -0.001324189 0.690723658 -0.003095810 0.999988914 0.003556993 -1.000838995 0.001335202 -0.003552874 0.999992788 35.904075623
0.999994159 0.002969384 -0.001667874 0.710761845 -0.002962853 0.999987960 0.003904912 -1.024563670 0.001679449 -0.003899948 0.999991000 36.426788330
0.999993801 0.003382073 -0.000989241 0.715525150 -0.003378250 0.999986827 0.003840428 -1.035344601 0.001002217 -0.003837062 0.999992132 36.973365784
0.999995112 0.002732336 -0.001517152 0.728882849 -0.002725715 0.999986768 0.004348845 -1.057727933 0.001529014 -0.004344688 0.999989390 37.509132385
0.999992669 0.003556371 -0.001433563 0.726819277 -0.003550852 0.999986351 0.003833380 -1.063462138 0.001447176 -0.003828262 0.999991596 38.067264557
0.999993980 0.003294531 -0.001093562 0.734722674 -0.003290209 0.999986947 0.003929822 -1.076220036 0.001106495 -0.003926200 0.999991655 38.610427856
0.999993563 0.003193337 -0.001664584 0.752821684 -0.003185993 0.999985278 0.004396059 -1.094182491 0.001678597 -0.004390727 0.999988914 39.147220612
0.999992311 0.003500519 -0.001719862 0.750217080 -0.003493139 0.999984741 0.004274737 -1.107571840 0.001734800 -0.004268697 0.999989390 39.692111969
0.999992073 0.003462308 -0.001915779 0.770375431 -0.003452311 0.999980450 0.005197003 -1.131345987 0.001933735 -0.005190348 0.999984622 40.221340179
0.999993145 0.003256348 -0.001728687 0.779045880 -0.003248761 0.999985158 0.004373445 -1.136371493 0.001742902 -0.004367799 0.999988973 40.777240753
0.999993622 0.003289497 -0.001408137 0.774740934 -0.003283991 0.999987006 0.003895224 -1.141282320 0.001420931 -0.003890575 0.999991357 41.366107941
0.999991238 0.004013557 -0.001176935 0.782738686 -0.004008747 0.999983728 0.004060559 -1.149098873 0.001193214 -0.004055806 0.999991059 41.916366577
0.999993205 0.003106933 -0.001984200 0.805616677 -0.003098978 0.999987185 0.003999725 -1.170241594 0.001996602 -0.003993549 0.999990046 42.441078186
0.999993205 0.003215709 -0.001777473 0.803105593 -0.003207854 0.999985158 0.004403998 -1.179859400 0.001791609 -0.004398266 0.999988735 43.014171600
0.999993563 0.003146686 -0.001672203 0.813119113 -0.003138474 0.999983132 0.004890820 -1.198878288 0.001687565 -0.004885541 0.999986649 43.557350159
0.999991417 0.003923087 -0.001373520 0.819707036 -0.003916885 0.999982297 0.004488915 -1.207453847 0.001391107 -0.004483497 0.999989033 44.119403839
0.999990880 0.003716091 -0.002118210 0.832018495 -0.003705051 0.999979675 0.005192180 -1.229481936 0.002137461 -0.005184285 0.999984205 44.676761627
0.999989688 0.003942520 -0.002261236 0.848033547 -0.003931481 0.999980390 0.004865805 -1.236195326 0.002280375 -0.004856865 0.999985516 45.236640930
0.999988616 0.004539120 -0.001504817 0.850734830 -0.004532144 0.999979198 0.004607387 -1.241707683 0.001525700 -0.004600515 0.999988258 45.775817871
0.999992073 0.003156764 -0.002424297 0.861853838 -0.003144086 0.999981463 0.005215584 -1.263799667 0.002440717 -0.005207920 0.999983490 46.341545105
0.999992013 0.002488749 -0.003137259 0.879469097 -0.002473211 0.999984741 0.004946578 -1.273237228 0.003149522 -0.004938779 0.999982893 46.884601593
0.999991298 0.002722481 -0.003159577 0.891785860 -0.002704103 0.999979496 0.005806359 -1.299698114 0.003175320 -0.005797765 0.999978125 47.429344177
0.999991298 0.002615989 -0.003245556 0.902239323 -0.002596295 0.999978304 0.006057117 -1.315724254 0.003261331 -0.006048638 0.999976337 47.958461761
0.999993861 0.002468397 -0.002494322 0.893497229 -0.002455041 0.999982655 0.005343816 -1.317041397 0.002507469 -0.005337659 0.999982536 48.534801483
0.999993682 0.003546635 0.000084310 0.831518710 -0.003546938 0.999986112 0.003898931 -1.281266451 -0.000070482 -0.003899205 0.999992371 49.083755493
0.999995887 0.002833284 0.000168773 0.840760469 -0.002833896 0.999988973 0.003743932 -1.292530417 -0.000158164 -0.003744395 0.999992967 49.630538940
0.999992728 0.003760415 0.000509325 0.854468346 -0.003762418 0.999984920 0.003988552 -1.309386969 -0.000494319 -0.003990440 0.999991953 50.181606293
0.999995947 0.002670543 -0.001010996 0.890102208 -0.002666758 0.999989510 0.003726068 -1.318037391 0.001020936 -0.003723357 0.999992490 50.786468506
0.999996126 0.002570374 -0.001063929 0.895628333 -0.002566730 0.999990880 0.003411800 -1.330611825 0.001072688 -0.003409056 0.999993563 51.355419159
0.999996722 0.002040319 -0.001567358 0.920140028 -0.002036352 0.999994695 0.002528707 -1.338424683 0.001572509 -0.002525507 0.999995589 51.902122498
0.999995649 0.002706753 -0.001196473 0.911588013 -0.002703126 0.999991775 0.003022752 -1.350466371 0.001204646 -0.003019505 0.999994695 52.475986481
0.999997079 0.002292343 -0.000757311 0.915062249 -0.002290230 0.999993443 0.002779535 -1.361287355 0.000763678 -0.002777792 0.999995828 53.033115387
0.999996483 0.002599691 -0.000349459 0.918269277 -0.002598709 0.999992728 0.002782774 -1.368072867 0.000356691 -0.002781857 0.999996066 53.592323303
0.999996483 0.002629296 -0.000106150 0.925197899 -0.002628992 0.999992847 0.002766242 -1.381798387 0.000113424 -0.002765954 0.999996185 54.139423370
0.999996841 0.002522834 -0.000087447 0.938250721 -0.002522580 0.999992967 0.002787978 -1.396580935 0.000094481 -0.002787749 0.999996126 54.673980713
0.999995947 0.002722709 0.000787588 0.920731366 -0.002724152 0.999994576 0.001836540 -1.384679437 -0.000782583 -0.001838679 0.999997973 55.301757812
0.999995351 0.003017521 0.000468845 0.930624008 -0.003018182 0.999994457 0.001417810 -1.395880103 -0.000464564 -0.001419219 0.999998868 55.855163574
0.999988079 0.003885876 0.002937802 0.898068488 -0.003880128 0.999990463 -0.001959765 -1.344895482 -0.002945389 0.001948343 0.999993742 56.478790283
0.999993145 0.003276183 0.001683711 0.918062866 -0.003276973 0.999994516 0.000466176 -1.391893268 -0.001682175 -0.000471691 0.999998391 57.015682220
0.999992490 0.003261153 0.002088216 0.943093777 -0.003263258 0.999994218 0.001005313 -1.419977069 -0.002084925 -0.001012121 0.999997199 57.525497437
0.999995291 0.002779325 0.001276940 0.959369659 -0.002780211 0.999995887 0.000692740 -1.433052659 -0.001275009 -0.000696287 0.999998927 58.106834412
0.999995768 0.002718147 0.001110033 0.965520859 -0.002718644 0.999996245 0.000445800 -1.447337866 -0.001108818 -0.000448815 0.999999225 58.668190002
0.999994814 0.003021153 0.001114694 0.984039545 -0.003022338 0.999994874 0.001063531 -1.474801898 -0.001111476 -0.001066895 0.999998808 59.182678223
0.999994099 0.003133136 0.001391208 0.993734598 -0.003134654 0.999994516 0.001090682 -1.484698534 -0.001387783 -0.001095036 0.999998391 59.732593536
0.999994516 0.002970146 0.001458187 0.995091975 -0.002971166 0.999995291 0.000697616 -1.501115799 -0.001456109 -0.000701944 0.999998629 60.271121979
0.999994934 0.003076345 0.000855936 1.013761759 -0.003077114 0.999994934 0.000898702 -1.516568422 -0.000853168 -0.000901331 0.999999166 60.816055298
0.999993503 0.003365616 0.001298252 1.015247941 -0.003366780 0.999993920 0.000895162 -1.530043125 -0.001295232 -0.000899527 0.999998748 61.365394592
0.999993026 0.003518431 0.001272832 1.029756308 -0.003519709 0.999993324 0.001003643 -1.549233198 -0.001269293 -0.001008116 0.999998689 61.903717041
0.999994755 0.003018754 0.001123718 1.048435688 -0.003020128 0.999994636 0.001223272 -1.565873027 -0.001120019 -0.001226660 0.999998569 62.441898346
0.999991477 0.003877334 0.001419284 1.052621961 -0.003878607 0.999992073 0.000895879 -1.571433306 -0.001415799 -0.000901377 0.999998569 63.006603241
0.999993384 0.003392031 0.001287607 1.067493081 -0.003393672 0.999993443 0.001274151 -1.591683984 -0.001283276 -0.001278513 0.999998331 63.553161621
0.999985278 0.004020311 0.003647212 1.026921034 -0.004009644 0.999987781 -0.002927703 -1.526833653 -0.003658937 0.002913036 0.999989092 64.179100037
0.999984980 0.004133097 0.003605152 1.039290667 -0.004122204 0.999986887 -0.003023749 -1.545528412 -0.003617603 0.003008842 0.999988973 64.728652954
0.999991179 0.003891745 0.001583650 1.101645947 -0.003893493 0.999991834 0.001102404 -1.643626332 -0.001579346 -0.001108561 0.999998152 65.201087952
0.999989212 0.004412145 0.001489455 1.113244891 -0.004414091 0.999989390 0.001306132 -1.655782580 -0.001483676 -0.001312692 0.999998093 65.742141724
0.999989212 0.004301711 0.001759305 1.127034664 -0.004304712 0.999989390 0.001705365 -1.685680866 -0.001751950 -0.001712920 0.999997020 66.294494629
0.999989390 0.004264766 0.001775524 1.139307618 -0.004267712 0.999989510 0.001658165 -1.697211146 -0.001768434 -0.001665724 0.999997079 66.837562561
0.999990702 0.003940706 0.001731176 1.145572662 -0.003942424 0.999991655 0.000989723 -1.701950550 -0.001727261 -0.000996540 0.999998033 67.404716492
0.999988675 0.004685848 0.000860726 1.177958727 -0.004688041 0.999985754 0.002562625 -1.749490976 -0.000848705 -0.002566631 0.999996364 67.916679382
0.999989152 0.004482168 0.001273563 1.181772709 -0.004485140 0.999987185 0.002340775 -1.757500648 -0.001263055 -0.002346462 0.999996483 68.477554321
0.999989033 0.004607234 0.000788421 1.211370707 -0.004609621 0.999984741 0.003054001 -1.796564579 -0.000774338 -0.003057603 0.999994993 69.015533447
0.999985456 0.005271451 0.001158937 1.212048173 -0.005274442 0.999982834 0.002593294 -1.807154059 -0.001145247 -0.002599369 0.999996006 69.558532715
0.999988437 0.004770412 0.000510096 1.237526059 -0.004771788 0.999984860 0.002733530 -1.822582960 -0.000497048 -0.002735932 0.999996126 70.098442078
0.999983311 0.005693835 0.000919891 1.242695093 -0.005696276 0.999980211 0.002673195 -1.834779978 -0.000904652 -0.002678391 0.999995947 70.644897461
0.999987781 0.004878277 0.000765868 1.256955981 -0.004880159 0.999984980 0.002474079 -1.851440907 -0.000753787 -0.002477787 0.999996662 71.189682007
0.999989212 0.004540103 0.000915636 1.270952940 -0.004542541 0.999986112 0.002677643 -1.874752998 -0.000903467 -0.002681774 0.999996006 71.731483459
0.999986589 0.005097666 0.000947165 1.278123617 -0.005100290 0.999983072 0.002788692 -1.888996601 -0.000932932 -0.002793486 0.999995708 72.267189026
0.999988496 0.004633508 0.001238598 1.291116476 -0.004637772 0.999983251 0.003461986 -1.913540006 -0.001222536 -0.003467690 0.999993265 72.819602966
0.999986887 0.005071507 0.000730532 1.302142382 -0.005074019 0.999981105 0.003479166 -1.927766442 -0.000712873 -0.003482827 0.999993682 73.374893188
0.999989212 0.004486050 0.001213096 1.316440463 -0.004490753 0.999982297 0.003901524 -1.952973366 -0.001195572 -0.003906930 0.999991655 73.896728516
0.999988019 0.004854654 0.000549471 1.328770041 -0.004856381 0.999983132 0.003187391 -1.959276795 -0.000533987 -0.003190021 0.999994755 74.434730530
0.999990880 0.004190887 0.000792897 1.345734954 -0.004193778 0.999984384 0.003679343 -1.979107976 -0.000777465 -0.003682635 0.999992907 74.977020264
0.999991179 0.004168991 0.000563227 1.361731887 -0.004171147 0.999983788 0.003883574 -1.991986036 -0.000547029 -0.003885889 0.999992251 75.515319824
0.999992609 0.003791209 0.000676560 1.371995568 -0.003793747 0.999985635 0.003789364 -2.005284786 -0.000662184 -0.003791903 0.999992609 76.059028625
0.999992728 0.003742319 0.000616761 1.387487173 -0.003744756 0.999984980 0.003997833 -2.022655964 -0.000601790 -0.004000113 0.999991775 76.606521606
0.999992788 0.003746005 0.000617737 1.394941092 -0.003748231 0.999986291 0.003641913 -2.031816721 -0.000604085 -0.003644201 0.999993145 77.157043457
0.999994218 0.003385812 0.000202030 1.413915157 -0.003386406 0.999989748 0.003012215 -2.041941881 -0.000191831 -0.003012883 0.999995410 77.702636719
0.999990940 0.004181285 0.000809034 1.419056892 -0.004183219 0.999988377 0.002403560 -2.045129061 -0.000798974 -0.002406923 0.999996781 78.274894714
0.999993026 0.003712673 0.000221750 1.434384584 -0.003713420 0.999987066 0.003468354 -2.072232246 -0.000208870 -0.003469154 0.999993980 78.779327393
0.999991775 0.004039258 0.000384714 1.443900466 -0.004040571 0.999985814 0.003475753 -2.086654186 -0.000370669 -0.003477278 0.999993861 79.321716309
0.999991775 0.003960172 0.000851651 1.453567624 -0.003963104 0.999986112 0.003470292 -2.098677635 -0.000837897 -0.003473639 0.999993563 79.856674194
0.999991477 0.004036096 0.000871441 1.461293221 -0.004039051 0.999985993 0.003416438 -2.113342285 -0.000857640 -0.003419929 0.999993801 80.421424866
0.999992549 0.003825669 0.000569431 1.478664279 -0.003827701 0.999986291 0.003612808 -2.129457474 -0.000555601 -0.003614962 0.999993324 80.957405090
0.999989152 0.004348651 0.001677678 1.491685748 -0.004354950 0.999983430 0.003769238 -2.142198801 -0.001661259 -0.003776503 0.999991477 81.510650635
0.999987900 0.004113361 0.002688928 1.505827665 -0.004123267 0.999984682 0.003688958 -2.156080484 -0.002673713 -0.003700001 0.999989569 82.042808533
0.999983430 0.004197896 0.003917525 1.520790935 -0.004211265 0.999985337 0.003410594 -2.167538881 -0.003903150 -0.003427035 0.999986529 82.582580566
0.999975026 0.004308305 0.005594946 1.531571865 -0.004330053 0.999983013 0.003880874 -2.183377743 -0.005578131 -0.003905004 0.999976814 83.109596252
0.999954343 0.004114893 0.008618296 1.552945614 -0.004144166 0.999985635 0.003381542 -2.193557024 -0.008604258 -0.003417104 0.999957085 83.659675598
0.999917746 0.004278232 0.012085536 1.580522180 -0.004325095 0.999983132 0.003854143 -2.208576679 -0.012068843 -0.003906097 0.999919474 84.195701599
0.999877751 0.003574657 0.015229312 1.595828056 -0.003634044 0.999985874 0.003873587 -2.226310968 -0.015215252 -0.003928457 0.999876499 84.743049622
0.999787927 0.004498354 0.020095194 1.620578647 -0.004575064 0.999982417 0.003772923 -2.237092972 -0.020077867 -0.003864060 0.999790967 85.287162781
0.999656558 0.003920626 0.025911078 1.650180578 -0.004019315 0.999984860 0.003757716 -2.250155449 -0.025895953 -0.003860570 0.999657214 85.837738037
0.999490201 0.004303819 0.031639304 1.684336066 -0.004421586 0.999983549 0.003653160 -2.265861988 -0.031623065 -0.003791193 0.999492705 86.382217407
0.999268770 0.004387766 0.037982348 1.714267373 -0.004509865 0.999984980 0.003129543 -2.275065422 -0.037968040 -0.003298550 0.999273539 86.927238464
0.998953402 0.004122888 0.045553759 1.751852512 -0.004294400 0.999984026 0.003667819 -2.292772770 -0.045537911 -0.003859607 0.998955131 87.478439331
0.998551905 0.003727237 0.053668175 1.806252241 -0.003939193 0.999984860 0.003844141 -2.310696602 -0.053653039 -0.004049983 0.998551488 88.024444580
0.998125553 0.003285510 0.061110780 1.850502491 -0.003533123 0.999985933 0.003944257 -2.325088978 -0.061096966 -0.004152776 0.998123169 88.554176331
0.997544348 0.003661758 0.069941528 1.902845383 -0.003945545 0.999984562 0.003919777 -2.337949276 -0.069926091 -0.004186108 0.997543395 89.095947266
0.996792197 0.004251689 0.079920165 1.971281528 -0.004592355 0.999981105 0.004079259 -2.359302759 -0.079901308 -0.004433197 0.996792912 89.629371643
0.996087372 0.004018618 0.088282041 2.034518719 -0.004374323 0.999983072 0.003836098 -2.362380028 -0.088265136 -0.004207264 0.996088147 90.186279297
0.995345294 0.003263732 0.096317522 2.103534698 -0.003622414 0.999987125 0.003549321 -2.375356197 -0.096304715 -0.003881702 0.995344341 90.743545532
0.994245112 0.003295504 0.107078865 2.182987690 -0.003683064 0.999987364 0.003421825 -2.381597042 -0.107066251 -0.003796511 0.994244635 91.296775818
0.993038416 0.002943984 0.117754214 2.264641762 -0.003402933 0.999987364 0.003696656 -2.402631760 -0.117741868 -0.004071631 0.993035853 91.831558228
0.991895318 0.002470005 0.127033696 2.349546432 -0.002904905 0.999990523 0.003238358 -2.415034771 -0.127024487 -0.003581133 0.991893232 92.373550415
0.990392268 0.002674614 0.138260707 2.442701340 -0.003229614 0.999987602 0.003789968 -2.430644512 -0.138248876 -0.004200083 0.990388572 92.906021118
0.988605976 0.002219527 0.150509924 2.542519569 -0.002756921 0.999990523 0.003361919 -2.438599586 -0.150501058 -0.003738558 0.988602698 93.450355530
0.986917675 0.002147750 0.161210567 2.647121429 -0.002785401 0.999989152 0.003729505 -2.457583666 -0.161200777 -0.004129752 0.986912966 93.993331909
0.985141397 0.002004776 0.171733141 2.760465622 -0.002704086 0.999988973 0.003838242 -2.471271753 -0.171723559 -0.004245592 0.985135972 94.527832031
0.982779622 0.001861450 0.184772268 2.875930786 -0.002562603 0.999990404 0.003555959 -2.481670856 -0.184763864 -0.003968221 0.982774913 95.043655396
0.980327427 0.002032096 0.197367594 3.005475998 -0.002792527 0.999989748 0.003574632 -2.495712280 -0.197358280 -0.004055464 0.980322957 95.567993164
0.978165686 0.001124991 0.207823902 3.132076263 -0.001802782 0.999993682 0.003072005 -2.502702475 -0.207819134 -0.003379590 0.978161395 96.095069885
0.975364864 0.001519819 0.220592663 3.276956558 -0.002476719 0.999988675 0.004061345 -2.529772282 -0.220583990 -0.004507639 0.975357592 96.637298584
0.972324371 0.001216726 0.233632177 3.430582047 -0.002263449 0.999988556 0.004212153 -2.541499138 -0.233624369 -0.004624393 0.972315967 97.167449951
0.969573736 0.000494818 0.244798973 3.587450027 -0.001556076 0.999990284 0.004141836 -2.559619665 -0.244794533 -0.004396741 0.969565034 97.675010681
0.966372728 0.001008314 0.257143110 3.732936859 -0.002128831 0.999989331 0.004079206 -2.565575361 -0.257136315 -0.004489447 0.966364741 98.211654663
0.962536275 0.001189189 0.271150410 3.903043747 -0.002478174 0.999987245 0.004411418 -2.581043482 -0.271141708 -0.004918107 0.962526977 98.747863770
0.959053516 0.000901709 0.283223450 4.072002411 -0.002208427 0.999988258 0.004294493 -2.592726946 -0.283216357 -0.004744126 0.959044337 99.251258850
0.955509841 -0.000013863 0.294959188 4.232984543 -0.001333351 0.999989569 0.004366345 -2.608210087 -0.294956177 -0.004565369 0.955499887 99.781814575
0.951072931 -0.000215568 0.308966339 4.422210693 -0.001137793 0.999990523 0.004200104 -2.616746187 -0.308964223 -0.004346144 0.951063693 100.314170837
0.946791351 -0.001197137 0.321845680 4.629314423 -0.000146959 0.999991357 0.004151885 -2.633040905 -0.321847856 -0.003978268 0.946783006 100.798507690
0.942605972 -0.001146679 0.333905160 4.817417145 -0.000299536 0.999990940 0.004279697 -2.641885281 -0.333907008 -0.004134085 0.942596972 101.315971375
0.937754631 -0.001565633 0.347294837 5.027496338 0.000345369 0.999993622 0.003575498 -2.649923086 -0.347298265 -0.003232995 0.937749207 101.825897217
0.932621300 -0.001478832 0.360853821 5.241127014 0.000206465 0.999993682 0.003564516 -2.663046360 -0.360856831 -0.003249840 0.932615638 102.305435181
0.927684605 -0.002331522 0.373357475 5.473031998 0.000829451 0.999990821 0.004183743 -2.681999922 -0.373363763 -0.003571512 0.927678108 102.851791382
0.922892332 -0.003502337 0.385042161 5.705081940 0.002181644 0.999990046 0.003866799 -2.690101147 -0.385051817 -0.002728614 0.922890902 103.355621338
0.916922629 -0.002817373 0.399055302 5.942382812 0.001304227 0.999990880 0.004063278 -2.707270384 -0.399063259 -0.003205252 0.916917861 103.855239868
0.911169171 -0.003723688 0.412015647 6.188419342 0.002192711 0.999988854 0.004188474 -2.718332291 -0.412026584 -0.002912977 0.911167145 104.348098755
0.906178296 -0.003882685 0.422878057 6.437141418 0.002360416 0.999988794 0.004123371 -2.734157801 -0.422889322 -0.002738341 0.906177223 104.831504822
0.899948478 -0.004665907 0.435971320 6.710391998 0.003395319 0.999987423 0.003693446 -2.740272284 -0.435983062 -0.001843649 0.899952948 105.311805725
0.893007398 -0.005403118 0.450009525 6.972824097 0.003793704 0.999982774 0.004478168 -2.761834621 -0.450026035 -0.002291834 0.893012524 105.801368713
0.887068272 -0.006862401 0.461587131 7.253143311 0.005340424 0.999975145 0.004603486 -2.777621508 -0.461607248 -0.001618535 0.887082994 106.276519775
0.881386936 -0.006860790 0.472345084 7.520217896 0.004903752 0.999973595 0.005374260 -2.797128677 -0.472369492 -0.002420540 0.881397307 106.734802246
0.873491347 -0.006363582 0.486798108 7.787231445 0.004700309 0.999978185 0.004637988 -2.800393820 -0.486817002 -0.001763141 0.873502195 107.226333618
0.866424501 -0.006370041 0.499267548 8.084331512 0.004627092 0.999978185 0.004728676 -2.814140558 -0.499286801 -0.001786883 0.866434932 107.685714722
0.860535502 -0.007171639 0.509340167 8.378696442 0.005346891 0.999972939 0.005046249 -2.828784704 -0.509362519 -0.001619091 0.860550582 108.136878967
