1.000000000 0.000000000 0.000000000 0.000000000 0.000000000 1.000000000 0.000000000 0.000000000 0.000000000 0.000000000 1.000000000 0.000000000
1.000000000 0.000015771 0.000115235 -0.000529294 -0.000015775 1.000000000 0.000034818 -0.000100071 -0.000115235 -0.000034820 1.000000000 0.000153051
1.000000000 0.000158143 0.000164160 -0.001631234 -0.000158157 1.000000000 0.000084626 0.000805080 -0.000164147 -0.000084652 1.000000000 0.002111315
1.000000000 0.000174527 -0.000002687 0.000311818 -0.000174526 1.000000000 0.000167567 -0.001110632 0.000002716 -0.000167566 1.000000000 -0.000259797
0.999999940 0.000245174 0.000141288 -0.001099178 -0.000245189 0.999999940 0.000108066 -0.000388976 -0.000141261 -0.000108100 1.000000000 0.000040089
1.000000000 0.000078474 0.000031843 -0.000660680 -0.000078477 1.000000000 0.000071833 -0.000274252 -0.000031838 -0.000071835 1.000000000 -0.000652120
1.000000000 -0.000010607 0.000131171 -0.001554666 0.000010619 1.000000000 -0.000086363 0.001829460 -0.000131170 0.000086364 1.000000000 0.003727305
1.000000000 -0.000024225 0.000193666 -0.000772864 0.000024211 1.000000000 0.000071807 0.000645960 -0.000193667 -0.000071802 1.000000000 0.002297053
1.000000000 0.000038291 0.000149721 -0.001341108 -0.000038291 1.000000000 -0.000004184 0.000910851 -0.000149721 0.000004178 1.000000000 0.002527775
1.000000000 -0.000015532 0.000179026 -0.000521845 0.000015532 1.000000000 0.000000958 0.000370961 -0.000179026 -0.000000955 1.000000000 0.000629591
1.000000000 -0.000038152 0.000230866 -0.000892196 0.000038152 1.000000000 0.000001112 0.001477252 -0.000230866 -0.000001103 1.000000000 0.002837020
1.000000000 0.000014285 0.000096040 -0.000376235 -0.000014293 1.000000000 0.000082322 -0.000153355 -0.000096039 -0.000082324 1.000000000 0.000664835
1.000000000 0.000010823 0.000168140 -0.001370758 -0.000010822 1.000000000 -0.000008026 0.001814341 -0.000168140 0.000008025 1.000000000 0.004238604
0.999999940 -0.000070694 0.000272287 -0.002251953 0.000070646 1.000000000 0.000174106 0.000962699 -0.000272300 -0.000174087 0.999999940 0.004025530
1.000000000 -0.000053947 0.000152018 -0.001682279 0.000053937 1.000000000 0.000063491 0.001122636 -0.000152021 -0.000063483 1.000000000 0.003415369
1.000000000 0.000086994 0.000111750 -0.001516128 -0.000087005 1.000000000 0.000100004 0.000059893 -0.000111741 -0.000100014 1.000000000 0.002131862
1.000000000 -0.000020701 0.000149662 -0.001049466 0.000020683 1.000000000 0.000118037 -0.000710919 -0.000149664 -0.000118034 1.000000000 0.000039113
0.999999940 0.000099399 0.000334758 -0.001963831 -0.000099431 1.000000000 0.000097017 0.000306898 -0.000334748 -0.000097050 0.999999940 0.001421451
0.999999940 0.000134465 0.000279894 -0.003070618 -0.000134501 1.000000000 0.000126368 0.000232239 -0.000279877 -0.000126406 0.999999940 0.002815273
0.999999940 0.000172800 0.000182114 -0.001983542 -0.000172823 1.000000000 0.000123936 0.000765761 -0.000182092 -0.000123967 1.000000000 0.003417359
0.999999881 0.000325822 0.000313391 -0.002994003 -0.000325881 0.999999940 0.000189867 0.000635055 -0.000313329 -0.000189969 0.999999940 0.003933975
0.999999881 0.000387460 0.000306427 -0.003163651 -0.000387474 0.999999940 0.000046626 0.001222359 -0.000306409 -0.000046745 0.999999940 0.003606827
0.999999940 0.000098577 0.000240501 -0.001622851 -0.000098606 1.000000000 0.000120656 -0.000243064 -0.000240489 -0.000120679 0.999999940 0.000362714
0.999999940 0.000191788 0.000343572 -0.001790989 -0.000191843 0.999999940 0.000159892 -0.000509679 -0.000343541 -0.000159958 0.999999940 0.001624708
0.999999940 0.000093024 0.000313872 -0.002444228 -0.000093038 1.000000000 0.000044257 0.000676180 -0.000313868 -0.000044286 0.999999940 0.000891154
1.000000000 0.000087970 0.000200927 -0.000355290 -0.000087977 1.000000000 0.000033660 0.000895702 -0.000200924 -0.000033678 1.000000000 0.001194308
0.999999940 0.000026320 0.000273408 -0.001508841 -0.000026350 1.000000000 0.000109590 -0.000002233 -0.000273405 -0.000109597 0.999999940 0.000791327
1.000000000 0.000060232 0.000232923 -0.000582187 -0.000060247 1.000000000 0.000062856 0.000387224 -0.000232919 -0.000062870 1.000000000 0.000481945
0.999999881 0.000319590 0.000383222 -0.003879143 -0.000319573 0.999999940 -0.000044515 0.002232845 -0.000383236 0.000044393 0.999999940 0.003962071
0.999999940 0.000057669 0.000271933 -0.003360918 -0.000057669 1.000000000 -0.000000194 0.002425413 -0.000271933 0.000000178 0.999999940 0.004842808
0.999999940 0.000124214 0.000339010 -0.002850489 -0.000124239 1.000000000 0.000075821 0.001211223 -0.000339001 -0.000075864 0.999999940 0.003184336
1.000000000 -0.000058289 0.000221032 -0.001148537 0.000058268 1.000000000 0.000095025 0.000481842 -0.000221037 -0.000095012 1.000000000 0.001139518
0.999999940 0.000106090 0.000336624 -0.003367358 -0.000106083 1.000000000 -0.000019693 0.001852764 -0.000336627 0.000019657 0.999999940 0.003510269
0.999999881 0.000134380 0.000418127 -0.002894768 -0.000134370 1.000000000 -0.000024266 0.001319448 -0.000418130 0.000024209 0.999999940 0.002450817
0.999999940 0.000164010 0.000250341 -0.000935244 -0.000164036 1.000000000 0.000102146 -0.000144204 -0.000250324 -0.000102187 0.999999940 0.000390102
0.999999940 0.000177583 0.000338245 -0.002785614 -0.000177559 1.000000000 -0.000071076 0.003233247 -0.000338258 0.000071016 0.999999940 0.005432965
0.999999940 0.000126003 0.000299216 -0.003284726 -0.000125976 1.000000000 -0.000089153 0.004616451 -0.000299227 0.000089115 0.999999940 0.007281739
0.999999940 -0.000077290 0.000252900 -0.001239286 0.000077273 1.000000000 0.000068683 0.001244492 -0.000252906 -0.000068664 0.999999940 0.002941446
0.999999940 0.000185091 0.000326508 -0.002532263 -0.000185137 1.000000000 0.000142312 0.001102967 -0.000326482 -0.000142373 0.999999940 0.003240954
0.999999940 -0.000098501 0.000235189 -0.001156219 0.000098488 1.000000000 0.000056038 0.001481986 -0.000235195 -0.000056015 1.000000000 0.003005019
0.999999881 0.000007495 0.000445483 -0.002817324 -0.000007493 1.000000000 -0.000003618 0.001665863 -0.000445483 0.000003615 0.999999881 0.004924774
0.999999940 -0.000232485 0.000240276 -0.000249049 0.000232667 0.999999702 -0.000755063 0.000936886 -0.000240101 0.000755119 0.999999702 0.055193141
0.999999940 0.000190189 0.000334238 -0.001193775 -0.000189824 0.999999404 -0.001090748 -0.005768732 -0.000334445 0.001090684 0.999999344 0.133577183
1.000000000 0.000070332 0.000091146 0.003157054 -0.000070172 0.999998450 -0.001747288 -0.002327135 -0.000091269 0.001747281 0.999998450 0.256569773
1.000000000 0.000042226 0.000112845 0.004791887 -0.000042090 0.999999285 -0.001203237 -0.011604662 -0.000112896 0.001203232 0.999999285 0.386769980
0.999999940 0.000177698 0.000197492 0.008416515 -0.000177517 0.999999583 -0.000912740 -0.017488165 -0.000197654 0.000912705 0.999999583 0.525150537
0.999999940 0.000314598 0.000125455 0.013034462 -0.000314493 0.999999583 -0.000842915 -0.025397353 -0.000125721 0.000842876 0.999999642 0.669213593
0.999999762 0.000484043 0.000457345 0.015658787 -0.000483633 0.999999464 -0.000895507 -0.024280990 -0.000457779 0.000895285 0.999999523 0.842043161
0.999994755 0.003134063 0.000717293 0.015083292 -0.003135253 0.999993622 0.001663086 -0.071022652 -0.000712077 -0.001665326 0.999998331 0.981753826
0.999995947 0.002768453 0.000752779 0.020124994 -0.002769918 0.999994278 0.001952459 -0.077501982 -0.000747369 -0.001954536 0.999997735 1.160268188
0.999993265 0.003624640 0.000563694 0.020761669 -0.003625760 0.999991417 0.001998789 -0.081472211 -0.000556445 -0.002000820 0.999997795 1.348151922
0.999993742 0.003504506 0.000504580 0.026957681 -0.003505575 0.999991596 0.002132587 -0.085828416 -0.000497102 -0.002134342 0.999997616 1.535914421
0.999993443 0.003573498 0.000584595 0.028799737 -0.003574656 0.999991596 0.001991466 -0.086072840 -0.000577473 -0.001993543 0.999997854 1.741679788
0.999992847 0.003731345 0.000677085 0.034250088 -0.003732868 0.999990463 0.002262916 -0.096234813 -0.000668635 -0.002265427 0.999997199 1.935468554
0.999993503 0.003502495 0.000830717 0.035479084 -0.003504223 0.999991655 0.002087932 -0.100944892 -0.000823397 -0.002090830 0.999997497 2.144642115
0.999992430 0.003743160 0.001035816 0.037299156 -0.003745215 0.999991000 0.001989146 -0.105122529 -0.001028361 -0.001993011 0.999997497 2.362718582
0.999991953 0.003939898 0.000775351 0.044531859 -0.003941610 0.999989688 0.002220310 -0.114050783 -0.000766595 -0.002223348 0.999997258 2.586203575
0.999991715 0.003923267 0.001085800 0.045332704 -0.003925663 0.999989808 0.002213884 -0.118136264 -0.001077104 -0.002218128 0.999996960 2.820564508
0.999990404 0.004170900 0.001334078 0.039677702 -0.004173880 0.999988794 0.002238648 -0.124163724 -0.001324726 -0.002244195 0.999996603 3.053579569
0.999992192 0.003824834 0.000989962 0.052447684 -0.003826840 0.999990642 0.002032198 -0.126269206 -0.000982180 -0.002035970 0.999997437 3.295316935
0.999991417 0.004044835 0.000927429 0.057310823 -0.004047079 0.999988914 0.002431904 -0.140084133 -0.000917582 -0.002435637 0.999996603 3.538836718
0.999991953 0.003913702 0.000895036 0.065716639 -0.003915841 0.999989510 0.002401290 -0.146087155 -0.000885628 -0.002404775 0.999996722 3.793708324
0.999992669 0.003546465 0.001421023 0.056597158 -0.003549764 0.999990940 0.002325470 -0.156630546 -0.001412763 -0.002330497 0.999996305 4.054534435
0.999989927 0.004203987 0.001593727 0.061845832 -0.004208412 0.999987304 0.002782718 -0.165308177 -0.001582008 -0.002789397 0.999994874 4.310351372
0.999992669 0.003556374 0.001394651 0.069238640 -0.003560240 0.999989808 0.002780016 -0.171200693 -0.001384750 -0.002784961 0.999995172 4.564503670
0.999993205 0.003397370 0.001464945 0.079076707 -0.003401557 0.999990165 0.002865274 -0.177322790 -0.001455197 -0.002870238 0.999994874 4.833547592
0.999993682 0.003347110 0.001188979 0.085134462 -0.003350869 0.999989331 0.003174242 -0.188084811 -0.001178342 -0.003178206 0.999994278 5.079753876
0.999994338 0.003203593 0.001029156 0.092260718 -0.003206610 0.999990523 0.002942459 -0.194658130 -0.001019720 -0.002945743 0.999995172 5.340098858
0.999992847 0.003516147 0.001407127 0.092607677 -0.003520579 0.999988794 0.003159579 -0.201416969 -0.001396001 -0.003164510 0.999994040 5.612358093
0.999994218 0.003317223 0.000742155 0.108932771 -0.003319527 0.999989629 0.003125071 -0.212168589 -0.000731781 -0.003127516 0.999994814 5.881927013
0.999994695 0.003176438 0.000644803 0.116634257 -0.003178412 0.999990225 0.003083538 -0.220427528 -0.000635002 -0.003085571 0.999994993 6.157788277
0.999994516 0.003262752 0.000427015 0.128286541 -0.003264057 0.999989927 0.003092875 -0.224242494 -0.000416919 -0.003094253 0.999995112 6.442524910
0.999992967 0.003630221 0.000943625 0.123894289 -0.003632988 0.999989152 0.002947570 -0.232585222 -0.000932915 -0.002950977 0.999995232 6.732210159
0.999989808 0.004360628 0.001176327 0.123183414 -0.004365171 0.999982893 0.003886984 -0.255176365 -0.001159357 -0.003892079 0.999991775 7.033444881
0.999991775 0.003901215 0.001121855 0.129500195 -0.003905510 0.999984980 0.003852093 -0.260457486 -0.001106810 -0.003856443 0.999991953 7.333364964
0.999990106 0.004240086 0.001377681 0.138435796 -0.004245435 0.999983370 0.003903236 -0.271403462 -0.001361108 -0.003909047 0.999991477 7.647987366
0.999989569 0.004401716 0.001210310 0.143205658 -0.004406958 0.999980748 0.004362990 -0.281236708 -0.001191082 -0.004368278 0.999989748 7.961444855
0.999993265 0.003551412 0.000904074 0.157641277 -0.003555828 0.999981523 0.004930711 -0.303138733 -0.000886546 -0.004933893 0.999987423 8.250816345
0.999991119 0.004042021 0.001187683 0.165618166 -0.004047995 0.999978900 0.005071076 -0.316819727 -0.001167161 -0.005075838 0.999986470 8.571762085
0.999994814 0.003034315 0.001125467 0.178552091 -0.003040364 0.999980748 0.005412162 -0.326411128 -0.001109023 -0.005415555 0.999984741 8.907284737
0.999992251 0.003851190 0.000812048 0.184622198 -0.003855406 0.999978721 0.005254472 -0.331290096 -0.000791794 -0.005257562 0.999985874 9.245529175
0.999991119 0.004031327 0.001216638 0.190152317 -0.004037537 0.999978542 0.005145708 -0.334659696 -0.001195868 -0.005150574 0.999985933 9.580390930
0.999990284 0.004291059 0.001034850 0.184096307 -0.004296870 0.999974668 0.005679563 -0.372053057 -0.001010453 -0.005683954 0.999983311 9.955494881
0.999986827 0.004750825 0.001932568 0.184665576 -0.004761263 0.999973953 0.005432920 -0.377279639 -0.001906707 -0.005442051 0.999983311 10.318663597
0.999989927 0.004319125 0.001185279 0.196315303 -0.004325629 0.999975264 0.005540859 -0.388315260 -0.001161319 -0.005545930 0.999983907 10.683611870
0.999990821 0.004122799 0.001122626 0.203505069 -0.004128628 0.999977767 0.005241225 -0.391395062 -0.001100992 -0.005245812 0.999985635 11.058725357
0.999991238 0.004002693 0.001240493 0.208405346 -0.004009403 0.999977052 0.005454951 -0.401960641 -0.001218630 -0.005459876 0.999984384 11.436092377
0.999990463 0.004228768 0.001076293 0.225143462 -0.004235382 0.999971628 0.006218068 -0.424891382 -0.001049968 -0.006222567 0.999980092 11.812843323
0.999989569 0.004458994 0.001012712 0.234937936 -0.004465257 0.999970376 0.006268095 -0.435396671 -0.000984732 -0.006272551 0.999979854 12.197121620
0.999991894 0.003800597 0.001267022 0.243850574 -0.003808179 0.999974489 0.006036214 -0.443110108 -0.001244049 -0.006040990 0.999980986 12.597716331
0.999990940 0.004078046 0.001120255 0.251596689 -0.004084817 0.999972999 0.006109636 -0.451856911 -0.001095309 -0.006114157 0.999980748 12.996129990
0.999989390 0.004366512 0.001417428 0.254928499 -0.004374791 0.999972999 0.005891826 -0.458498657 -0.001391663 -0.005897964 0.999981642 13.411934853
0.999989510 0.004006139 0.002203387 0.260074675 -0.004018880 0.999975026 0.005808339 -0.461893260 -0.002180063 -0.005817133 0.999980688 13.829449654
0.999987960 0.004518527 0.001907490 0.271638125 -0.004530145 0.999970913 0.006130761 -0.477932334 -0.001879733 -0.006139328 0.999979317 14.236413956
0.999988854 0.004312877 0.001911934 0.282474697 -0.004324552 0.999971747 0.006145208 -0.490474105 -0.001885377 -0.006153408 0.999979317 14.665831566
0.999988496 0.004197316 0.002332770 0.286428869 -0.004212258 0.999970376 0.006438005 -0.498672694 -0.002305678 -0.006447757 0.999976575 15.096585274
0.999988496 0.004085830 0.002520495 0.300773084 -0.004101968 0.999970913 0.006431180 -0.515138686 -0.002494145 -0.006441445 0.999976158 15.528890610
0.999986291 0.004298756 0.002983788 0.307572007 -0.004317438 0.999971032 0.006283128 -0.523934186 -0.002956692 -0.006295925 0.999975741 15.965126991
0.999987423 0.004059277 0.002919785 0.321205854 -0.004077981 0.999970973 0.006428762 -0.534920752 -0.002893604 -0.006440588 0.999975085 16.415971756
0.999984801 0.004251131 0.003514473 0.328296959 -0.004273267 0.999970853 0.006315180 -0.545696855 -0.003487525 -0.006330102 0.999973893 16.860872269
0.999982297 0.004322276 0.004078461 0.335177839 -0.004348567 0.999969661 0.006459622 -0.556289017 -0.004050417 -0.006477244 0.999970734 17.315910339
0.999980211 0.004581795 0.004309442 0.346009314 -0.004611039 0.999966264 0.006800738 -0.567869842 -0.004278137 -0.006820474 0.999967575 17.782546997
0.999980152 0.004326060 0.004584429 0.356734723 -0.004355755 0.999969482 0.006487279 -0.576374829 -0.004556225 -0.006507118 0.999968469 18.249786377
0.999983191 0.003722163 0.004453577 0.373325944 -0.003751071 0.999971867 0.006500256 -0.582463861 -0.004429257 -0.006516853 0.999968946 18.726259232
0.999977112 0.004617303 0.004946393 0.381094724 -0.004648667 0.999969065 0.006348101 -0.597173691 -0.004916929 -0.006370950 0.999967635 19.203573227
0.999974728 0.004688125 0.005343377 0.382552236 -0.004722386 0.999968231 0.006417507 -0.600592017 -0.005313121 -0.006442579 0.999965191 19.716096878
0.999979198 0.004121390 0.004964379 0.405534625 -0.004154248 0.999969423 0.006626686 -0.618529975 -0.004936916 -0.006647171 0.999965727 20.162759781
0.999976814 0.004530680 0.005086564 0.414770603 -0.004563397 0.999968886 0.006438992 -0.625763893 -0.005057233 -0.006462055 0.999966323 20.667644501
0.999979496 0.004291557 0.004756600 0.431617439 -0.004320621 0.999971986 0.006116922 -0.628700614 -0.004730216 -0.006137348 0.999970019 21.164619446
0.999981940 0.004545758 0.003934884 0.443151593 -0.004573829 0.999963880 0.007154219 -0.659642994 -0.003902221 -0.007172087 0.999966681 21.677207947
0.999981821 0.004604720 0.003888246 0.452124298 -0.004633819 0.999961019 0.007508184 -0.676449180 -0.003853522 -0.007526065 0.999964297 22.180990219
0.999981582 0.005005760 0.003438722 0.464734346 -0.005033280 0.999954998 0.008041539 -0.685708165 -0.003398313 -0.008058699 0.999961734 22.699964523
0.999985099 0.005005590 0.002231006 0.482543677 -0.005022619 0.999957800 0.007693501 -0.702246130 -0.002192402 -0.007704591 0.999967873 23.228124619
0.999989271 0.004410223 0.001489440 0.497629166 -0.004420983 0.999963582 0.007299336 -0.714139640 -0.001457194 -0.007305841 0.999972284 23.744283676
0.999991417 0.003924015 0.001295894 0.498491526 -0.003933076 0.999967277 0.007066151 -0.724105358 -0.001268124 -0.007071188 0.999974132 24.287736893
0.999989748 0.004467230 0.000707953 0.507089853 -0.004472435 0.999961615 0.007529677 -0.734303236 -0.000674289 -0.007532766 0.999971390 24.828992844
0.999986470 0.005228634 0.000133286 0.517418921 -0.005229491 0.999957860 0.007557901 -0.747150898 -0.000093763 -0.007558495 0.999971449 25.361936569
0.999985218 0.005409281 -0.000490087 0.528451025 -0.005405498 0.999957919 0.007414871 -0.759695292 0.000530175 -0.007412112 0.999972463 25.907888412
0.999989092 0.004629583 -0.000741497 0.539073646 -0.004623543 0.999957681 0.007950461 -0.772964060 0.000778273 -0.007946946 0.999968112 26.461332321
0.999989808 0.004293625 -0.001412484 0.544822216 -0.004281756 0.999956369 0.008301281 -0.783057034 0.001448066 -0.008295149 0.999964535 27.015584946
0.999991596 0.003782407 -0.001637685 0.554687500 -0.003768425 0.999957085 0.008458776 -0.798561633 0.001669610 -0.008452534 0.999962866 27.564468384
0.999985397 0.005244366 -0.001348206 0.556017041 -0.005233609 0.999955416 0.007862322 -0.803966999 0.001389378 -0.007855151 0.999968171 28.127624512
0.999983847 0.005255778 -0.002155105 0.567753553 -0.005236338 0.999946415 0.008929214 -0.828764439 0.002201920 -0.008917785 0.999957800 28.661529541
0.999985397 0.004942416 -0.002194951 0.574600697 -0.004923154 0.999950051 0.008696089 -0.835681081 0.002237821 -0.008685157 0.999959767 29.206689835
0.999982655 0.005249932 -0.002671760 0.580640435 -0.005225813 0.999946237 0.008955931 -0.850503027 0.002718634 -0.008941814 0.999956310 29.772308350
0.999981284 0.005319597 -0.002994542 0.584766150 -0.005292806 0.999946475 0.008884498 -0.857628465 0.003041644 -0.008868482 0.999956071 30.321331024
0.999979615 0.005438598 -0.003337993 0.595735312 -0.005408678 0.999945641 0.008908162 -0.871101260 0.003386260 -0.008889925 0.999954760 30.869852066
0.999979854 0.005207726 -0.003636631 0.605529368 -0.005175855 0.999948621 0.008719112 -0.879503906 0.003681851 -0.008700114 0.999955356 31.419811249
0.999977529 0.005433347 -0.003930618 0.612519145 -0.005398396 0.999946415 0.008848472 -0.890115023 0.003978483 -0.008827055 0.999953151 31.972965240
0.999976993 0.005524136 -0.003948886 0.621602893 -0.005489334 0.999946654 0.008770181 -0.903004408 0.003997122 -0.008748303 0.999953747 32.517272949
0.999977708 0.005513568 -0.003767904 0.621945858 -0.005479463 0.999944389 0.009002694 -0.911248326 0.003817332 -0.008981846 0.999952376 33.074748993
0.999972761 0.005705207 -0.004681610 0.633530378 -0.005662990 0.999943554 0.008982002 -0.926037312 0.004732590 -0.008955244 0.999948680 33.613746643
0.999975502 0.005790715 -0.003964852 0.637784302 -0.005756232 0.999945998 0.008653928 -0.930239499 0.004014750 -0.008630892 0.999954700 34.182411194
0.999977052 0.005427454 -0.004046224 0.642062366 -0.005390525 0.999944270 0.009082205 -0.944137335 0.004095291 -0.009060185 0.999950528 34.727279663
0.999974906 0.005654504 -0.004265097 0.652691603 -0.005615920 0.999943674 0.009004910 -0.956798792 0.004315775 -0.008980731 0.999950290 35.269989014
0.999977648 0.005382021 -0.003976719 0.659211338 -0.005345432 0.999943793 0.009155047 -0.968919933 0.004025768 -0.009133584 0.999950171 35.814506531
0.999971032 0.006735052 -0.003565419 0.665381312 -0.006700313 0.999930799 0.009667370 -0.991653204 0.003630283 -0.009643202 0.999946833 36.347488403
0.999970376 0.006159141 -0.004620631 0.677656472 -0.006117611 0.999941230 0.008948861 -0.991925359 0.004675477 -0.008920329 0.999949217 36.923126221
0.999971032 0.006276547 -0.004319250 0.684335828 -0.006239319 0.999943674 0.008579345 -0.999056458 0.004372856 -0.008552147 0.999953866 37.467155457
0.999970555 0.006056485 -0.004715671 0.687554598 -0.006015618 0.999944627 0.008632440 -1.011501908 0.004767693 -0.008603819 0.999951541 38.038089752
0.999974370 0.005524598 -0.004546434 0.695293367 -0.005486032 0.999949217 0.008451661 -1.020264268 0.004592896 -0.008426503 0.999953926 38.585674286
0.999968410 0.006532473 -0.004531890 0.704652429 -0.006492289 0.999939978 0.008825505 -1.036683083 0.004589271 -0.008795804 0.999950767 39.124908447
0.999968827 0.006307835 -0.004752250 0.706384659 -0.006264828 0.999939919 0.009010816 -1.049160123 0.004808803 -0.008980763 0.999948084 39.694709778
0.999970078 0.006414181 -0.004342443 0.717284918 -0.006374446 0.999938309 0.009103289 -1.060817122 0.004400565 -0.009075334 0.999949157 40.240776062
0.999967694 0.006180468 -0.005145113 0.738250434 -0.006129963 0.999933541 0.009774806 -1.082777739 0.005205184 -0.009742950 0.999938965 40.774982452
0.999966979 0.006119397 -0.005352655 0.738776565 -0.006070122 0.999939501 0.009173958 -1.086162567 0.005408471 -0.009141163 0.999943614 41.355583191
0.999965847 0.006233604 -0.005434356 0.749846816 -0.006182780 0.999937475 0.009319454 -1.094713926 0.005492111 -0.009285536 0.999941826 41.906307220
0.999961853 0.006827920 -0.005445798 0.766357183 -0.006775727 0.999931455 0.009545614 -1.110089064 0.005510602 -0.009508350 0.999939620 42.450382233
0.999960601 0.007203445 -0.005206852 0.754326582 -0.007157079 0.999935031 0.008869098 -1.110903859 0.005270403 -0.008831481 0.999947131 43.024787903
0.999962866 0.006851241 -0.005229282 0.766398072 -0.006801542 0.999932110 0.009463207 -1.127012610 0.005293762 -0.009427289 0.999941587 43.555271149
0.999956906 0.007894441 -0.004862868 0.771584034 -0.007851153 0.999929905 0.008857715 -1.135052204 0.004932454 -0.008819154 0.999949038 44.115352631
0.999964476 0.006759480 -0.005034140 0.770658672 -0.006712466 0.999934256 0.009298199 -1.145453691 0.005096660 -0.009264077 0.999944031 44.681427002
0.999964833 0.006907036 -0.004760214 0.781774402 -0.006866573 0.999940634 0.008464899 -1.150082946 0.004818399 -0.008431913 0.999952793 45.229442596
0.999962926 0.007650858 -0.003949818 0.788300872 -0.007617389 0.999935567 0.008420043 -1.152541876 0.004013984 -0.008389643 0.999956727 45.765140533
0.999966562 0.006649494 -0.004757795 0.793792665 -0.006605735 0.999936283 0.009154549 -1.175324559 0.004818365 -0.009122814 0.999946773 46.336074829
0.999967754 0.006361597 -0.004896116 0.805779219 -0.006318102 0.999940932 0.008848292 -1.186253548 0.004952116 -0.008817074 0.999948859 46.879650116
0.999962807 0.007172685 -0.004789771 0.824343443 -0.007128650 0.999932706 0.009147982 -1.203572035 0.004855065 -0.009113497 0.999946594 47.407363892
0.999968946 0.006362791 -0.004654691 0.805048943 -0.006323127 0.999943972 0.008487032 -1.196077228 0.004708432 -0.008457336 0.999953151 47.994739532
0.999966860 0.007075452 -0.004021476 0.808942974 -0.007039463 0.999935687 0.008894165 -1.209710717 0.004084148 -0.008865562 0.999952316 48.551265717
0.999971092 0.006580061 -0.003826415 0.818506718 -0.006548447 0.999944746 0.008217111 -1.209516168 0.003880273 -0.008191816 0.999958873 49.087604523
0.999971449 0.006413386 -0.004021795 0.809643686 -0.006378334 0.999942005 0.008668710 -1.225613236 0.004077158 -0.008642809 0.999954283 49.645713806
0.999970496 0.006552044 -0.004032548 0.825189769 -0.006518166 0.999943733 0.008357948 -1.235120535 0.004087084 -0.008331414 0.999956846 50.189662933
0.999970317 0.007030356 -0.003164413 0.829984665 -0.007001788 0.999935389 0.008950231 -1.252134800 0.003227133 -0.008927808 0.999954939 50.733596802
0.999972463 0.006194852 -0.004082186 0.836385190 -0.006160726 0.999946356 0.008319821 -1.260149717 0.004133507 -0.008294442 0.999957085 51.304210663
0.999972045 0.006650323 -0.003440665 0.841663003 -0.006619301 0.999937952 0.008950347 -1.273681879 0.003499975 -0.008927321 0.999954045 51.860660553
0.999972701 0.006424561 -0.003649338 0.851721883 -0.006393491 0.999943793 0.008462607 -1.282450914 0.003703501 -0.008439044 0.999957621 52.410770416
0.999972343 0.006058418 -0.004311170 0.863860130 -0.006023304 0.999948919 0.008112282 -1.291341543 0.004360098 -0.008086090 0.999957800 52.965389252
0.999973297 0.006258924 -0.003766374 0.867057562 -0.006226908 0.999944866 0.008453060 -1.302578926 0.003819074 -0.008429382 0.999957204 53.502738953
0.999971271 0.006437677 -0.004007051 0.873430669 -0.006404479 0.999945521 0.008243484 -1.311385155 0.004059901 -0.008217584 0.999957979 54.070766449
0.999972224 0.006541529 -0.003598894 0.883462131 -0.006512875 0.999947488 0.007916973 -1.320926309 0.003650494 -0.007893313 0.999962211 54.617076874
0.999971330 0.006684355 -0.003558294 0.887260795 -0.006655127 0.999944508 0.008163229 -1.331090450 0.003612662 -0.008139314 0.999960363 55.163303375
0.999969900 0.006965301 -0.003396458 0.887422264 -0.006938613 0.999945402 0.007807013 -1.339493275 0.003450651 -0.007783213 0.999963760 55.716682434
0.999970257 0.006768269 -0.003697783 0.905418396 -0.006738144 0.999944448 0.008099400 -1.351950407 0.003752397 -0.008074242 0.999960363 56.253669739
0.999971509 0.006423964 -0.003967359 0.914934576 -0.006392639 0.999948680 0.007858343 -1.357479811 0.004017638 -0.007832758 0.999961197 56.803165436
0.999972284 0.006394951 -0.003817766 0.936197817 -0.006364793 0.999948859 0.007860058 -1.374568939 0.003867836 -0.007835540 0.999961853 57.333042145
0.999967933 0.006944976 -0.003985323 0.943266869 -0.006913757 0.999945641 0.007794412 -1.376659155 0.004039239 -0.007766608 0.999961674 57.897468567
0.999966800 0.006860720 -0.004381164 0.954071522 -0.006824692 0.999943137 0.008185836 -1.393482924 0.004437076 -0.008155663 0.999956906 58.439178467
0.999965429 0.007105799 -0.004307362 0.965617299 -0.007071977 0.999944329 0.007817158 -1.401970983 0.004362670 -0.007786427 0.999960124 58.978038788
0.999969423 0.007065760 -0.003342577 0.959686995 -0.007040963 0.999947965 0.007373427 -1.406514645 0.003394503 -0.007349666 0.999967217 59.540676117
0.999970734 0.006717177 -0.003650961 0.972387373 -0.006691121 0.999952376 0.007102676 -1.417893052 0.003698497 -0.007078038 0.999968112 60.085144043
0.999967933 0.007483908 -0.002837034 0.975914598 -0.007462878 0.999945045 0.007352638 -1.430115819 0.002891905 -0.007331230 0.999968946 60.634689331
0.999966145 0.007310938 -0.003755266 0.988282681 -0.007284059 0.999948084 0.007121759 -1.435610652 0.003807138 -0.007094166 0.999967515 61.170738220
0.999963880 0.007847363 -0.003248391 0.997551382 -0.007822610 0.999940813 0.007563774 -1.453836441 0.003307555 -0.007538090 0.999966085 61.719646454
0.999967098 0.007607232 -0.002795668 1.002931714 -0.007586659 0.999944568 0.007297262 -1.454661369 0.002851025 -0.007275812 0.999969363 62.274105072
0.999964654 0.007388839 -0.004013635 1.015576243 -0.007361008 0.999948978 0.006905179 -1.468668222 0.004064452 -0.006875391 0.999968112 62.799167633
0.999963820 0.007552538 -0.003924703 1.024518490 -0.007524061 0.999945521 0.007220667 -1.484987736 0.003979024 -0.007190876 0.999966204 63.346748352
0.999966979 0.007571434 -0.002961735 1.014765978 -0.007549611 0.999944806 0.007311122 -1.489986777 0.003016928 -0.007288521 0.999968886 63.914611816
0.999962509 0.007923339 -0.003499227 1.030459523 -0.007898442 0.999943793 0.007072465 -1.502258778 0.003555068 -0.007044562 0.999968886 64.449615479
0.999964952 0.007762658 -0.003136428 1.032391548 -0.007740695 0.999945879 0.006954826 -1.512384176 0.003190246 -0.006930305 0.999970853 64.997688293
0.999958754 0.008516415 -0.003168403 1.045281887 -0.008494579 0.999940455 0.006842554 -1.515471339 0.003226488 -0.006815357 0.999971628 65.530143738
0.999957502 0.008901795 -0.002401284 1.034522533 -0.008884069 0.999933958 0.007294402 -1.526188374 0.002466059 -0.007272759 0.999970496 66.075912476
0.999962687 0.007963138 -0.003341842 1.063724041 -0.007940177 0.999945104 0.006828933 -1.539658546 0.003396038 -0.006802143 0.999971092 66.608558655
0.999963880 0.007738928 -0.003505424 1.070363879 -0.007716653 0.999950230 0.006323865 -1.543630123 0.003554189 -0.006296586 0.999973893 67.163558960
0.999961674 0.008131247 -0.003248986 1.081433773 -0.008108983 0.999943972 0.006807778 -1.564385891 0.003304159 -0.006781171 0.999971509 67.706008911
0.999960780 0.008022037 -0.003738370 1.096659303 -0.007995929 0.999943912 0.006946980 -1.577862740 0.003793889 -0.006916816 0.999968886 68.252319336
0.999955893 0.008735630 -0.003428936 1.107450485 -0.008710012 0.999934614 0.007416175 -1.595080733 0.003493497 -0.007385982 0.999966681 68.785545349
0.999959886 0.008212754 -0.003567053 1.119284272 -0.008188250 0.999943078 0.006830158 -1.604411364 0.003622944 -0.006800677 0.999970257 69.337112427
0.999957085 0.008679016 -0.003232701 1.109155774 -0.008657127 0.999939919 0.006725006 -1.610131621 0.003290873 -0.006696732 0.999972165 69.884056091
0.999957442 0.008680923 -0.003127271 1.121022344 -0.008660045 0.999940515 0.006628645 -1.618740797 0.003184627 -0.006601279 0.999973178 70.433052063
0.999958813 0.008619123 -0.002851047 1.131059408 -0.008598803 0.999938071 0.007064598 -1.640221596 0.002911761 -0.007039791 0.999970973 70.975753784
0.999960542 0.008310987 -0.003132543 1.134212255 -0.008292119 0.999947608 0.005989691 -1.634920597 0.003182159 -0.005963480 0.999977171 71.531158447
0.999959946 0.008250340 -0.003457071 1.153027177 -0.008229721 0.999948502 0.005936660 -1.649056911 0.003505873 -0.005907971 0.999976456 72.076583862
0.999957383 0.008850140 -0.002593398 1.150794506 -0.008834574 0.999943256 0.005953174 -1.658735275 0.002645937 -0.005930010 0.999978900 72.627326965
0.999954283 0.009198922 -0.002600582 1.151844978 -0.009182388 0.999938011 0.006299433 -1.679354429 0.002658369 -0.006275266 0.999976754 73.171180725
0.999957979 0.008732787 -0.002797365 1.167145371 -0.008713783 0.999939322 0.006735339 -1.697119236 0.002856014 -0.006710680 0.999973357 73.714942932
0.999958813 0.008639727 -0.002767053 1.171361804 -0.008621330 0.999941111 0.006592351 -1.705834866 0.002823846 -0.006568225 0.999974489 74.268493652
0.999960005 0.008587170 -0.002496379 1.177261591 -0.008571192 0.999943078 0.006342994 -1.712451577 0.002550705 -0.006321343 0.999976695 74.809486389
0.999959588 0.008582649 -0.002666087 1.190906405 -0.008564871 0.999941468 0.006609400 -1.726105809 0.002722657 -0.006586298 0.999974608 75.345550537
0.999953210 0.009269880 -0.002737631 1.197997808 -0.009249738 0.999930739 0.007280238 -1.746954918 0.002804928 -0.007254575 0.999969721 75.881416321
0.999960840 0.008422541 -0.002709915 1.207126141 -0.008404126 0.999942124 0.006736001 -1.753389120 0.002766492 -0.006712963 0.999973655 76.431846619
0.999954998 0.008967029 -0.003113633 1.217596650 -0.008945616 0.999936700 0.006824275 -1.765375137 0.003174630 -0.006796115 0.999971867 76.980590820
0.999961495 0.008221553 -0.003071045 1.229774475 -0.008202421 0.999947190 0.006191354 -1.773604155 0.003121786 -0.006165924 0.999976158 77.526344299
0.999962091 0.008269941 -0.002692902 1.233563066 -0.008252803 0.999945939 0.006314455 -1.785132885 0.002744976 -0.006291992 0.999976456 78.081779480
0.999963164 0.008113037 -0.002799682 1.245321512 -0.008093064 0.999942243 0.007073158 -1.804543972 0.002856905 -0.007050240 0.999971092 78.628387451
0.999958217 0.008909040 -0.001997556 1.249736547 -0.008895195 0.999937057 0.006835614 -1.816024542 0.002058329 -0.006817561 0.999974668 79.185157776
0.999961078 0.008320520 -0.002931670 1.265096426 -0.008300299 0.999942124 0.006843349 -1.826836824 0.002988440 -0.006818749 0.999972284 79.719505310
0.999958992 0.008593549 -0.002865555 1.270079374 -0.008575788 0.999944270 0.006153687 -1.831667900 0.002918278 -0.006128861 0.999976933 80.274734497
0.999960423 0.008361295 -0.003024998 1.284026623 -0.008341760 0.999944627 0.006413423 -1.846266985 0.003078455 -0.006387936 0.999974847 80.809097290
0.999962389 0.008498827 -0.001677116 1.292174935 -0.008487485 0.999941766 0.006657654 -1.858850002 0.001733601 -0.006643170 0.999976456 81.365470886
0.999957979 0.009152493 -0.000550620 1.302165031 -0.009148636 0.999936104 0.006641777 -1.871769309 0.000611373 -0.006636460 0.999977767 81.910095215
0.999959886 0.008910338 0.000814188 1.313571930 -0.008915421 0.999939263 0.006466745 -1.884203553 -0.000756516 -0.006473745 0.999978721 82.457862854
0.999959886 0.008692444 0.002169128 1.325155377 -0.008706359 0.999941051 0.006490444 -1.896702051 -0.002112583 -0.006509069 0.999976575 83.005081177
0.999944627 0.008860595 0.005670549 1.342445612 -0.008898120 0.999938428 0.006627174 -1.909831762 -0.005611481 -0.006677265 0.999961972 83.553741455
0.999925256 0.008326643 0.008947985 1.364021659 -0.008389545 0.999940217 0.007015351 -1.921773791 -0.008889035 -0.007089897 0.999935329 84.098815918
0.999879599 0.009468958 0.012293901 1.376486540 -0.009553204 0.999931097 0.006812065 -1.935629129 -0.012228548 -0.006928691 0.999901235 84.635719299
0.999812365 0.009085247 0.017112456 1.402661324 -0.009205462 0.999933362 0.006959395 -1.951372623 -0.017048087 -0.007115616 0.999829352 85.185112000
0.999696553 0.009469436 0.022739878 1.436215162 -0.009624956 0.999930978 0.006739425 -1.962603688 -0.022674493 -0.006956250 0.999718726 85.726325989
0.999564171 0.008669542 0.028214846 1.472024679 -0.008868258 0.999936640 0.006925394 -1.980153561 -0.028153017 -0.007172594 0.999577820 86.271575928
0.999391437 0.007997782 0.033950873 1.508224368 -0.008240594 0.999941349 0.007017959 -1.990157604 -0.033892751 -0.007293464 0.999398947 86.798530579
0.999062240 0.008996774 0.042352110 1.533060312 -0.009281463 0.999935627 0.006530191 -1.994977355 -0.042290632 -0.006917158 0.999081433 87.369499207
0.998667538 0.009095674 0.050799452 1.579082727 -0.009448402 0.999932945 0.006707726 -2.008999109 -0.050735034 -0.007178761 0.998686433 87.920875549
0.998326719 0.008335453 0.057220962 1.628953934 -0.008721584 0.999940813 0.006501659 -2.017090797 -0.057163380 -0.006989838 0.998340368 88.464721680
0.997731447 0.008348849 0.066798717 1.686066628 -0.008779706 0.999942422 0.006159118 -2.027392387 -0.066743448 -0.006731620 0.997747540 89.005210876
0.997048318 0.008431035 0.076312289 1.751255035 -0.008923166 0.999941528 0.006110205 -2.040790796 -0.076256312 -0.006773117 0.997065246 89.550331116
0.996342540 0.008079616 0.085066602 1.811574459 -0.008617255 0.999945164 0.005954903 -2.049937963 -0.085013837 -0.006666163 0.996357501 90.095809937
0.995646536 0.007965514 0.092868589 1.883742332 -0.008547696 0.999946237 0.005872808 -2.063132524 -0.092816815 -0.006641054 0.995661080 90.651107788
0.994594932 0.007922919 0.103528760 1.966579437 -0.008602031 0.999944329 0.006114803 -2.075361729 -0.103474557 -0.006972311 0.994607627 91.191337585
0.993381500 0.008164215 0.114570491 2.039286613 -0.008955807 0.999939442 0.006396182 -2.092288494 -0.114511341 -0.007379921 0.993394554 91.734031677
0.992326856 0.007611185 0.123407923 2.126341820 -0.008411332 0.999946773 0.005964039 -2.103766680 -0.123355962 -0.006956302 0.992338061 92.286941528
0.990827084 0.008163238 0.134889334 2.211503029 -0.009032383 0.999942183 0.005832653 -2.110407829 -0.134833932 -0.006997522 0.990843475 92.818618774
0.989147067 0.007333556 0.146745697 2.314009666 -0.008249773 0.999950051 0.005635927 -2.120101929 -0.146697044 -0.006785380 0.989158213 93.402420044
0.987467408 0.007480599 0.157645628 2.419005394 -0.008511687 0.999946535 0.005866413 -2.137677908 -0.157593325 -0.007134722 0.987478316 93.950164795
0.985774517 0.006822233 0.167934522 2.532552719 -0.007876305 0.999953210 0.005611395 -2.146586657 -0.167888433 -0.006854275 0.985782087 94.473999023
0.983706176 0.006728696 0.179657876 2.660514832 -0.007891573 0.999952257 0.005758802 -2.160002947 -0.179610565 -0.007082753 0.983712196 95.010360718
0.981121778 0.006404214 0.193284735 2.785298347 -0.007614121 0.999955714 0.005517500 -2.172225952 -0.193240896 -0.006885033 0.981127143 95.569183350
0.978968740 0.006531805 0.203906000 2.911911011 -0.007761302 0.999956131 0.005230608 -2.182784557 -0.203862906 -0.006703177 0.978976548 96.096382141
0.976190448 0.006349149 0.216822177 3.059144974 -0.007743915 0.999954402 0.005583731 -2.199458361 -0.216776818 -0.007129838 0.976195157 96.629913330
0.973172426 0.006078083 0.229996800 3.199373245 -0.007575027 0.999955475 0.005626140 -2.214426041 -0.229952335 -0.007217436 0.973175108 97.170288086
0.970512092 0.005842029 0.240981668 3.349939346 -0.007450464 0.999955654 0.005763905 -2.230930090 -0.240937278 -0.007389364 0.970512569 97.698059082
0.967365921 0.006018724 0.253312141 3.504867554 -0.007779023 0.999952078 0.005948099 -2.240601540 -0.253264189 -0.007724509 0.967366278 98.217575073
0.963600934 0.005658662 0.267285287 3.668272018 -0.007394383 0.999957621 0.005487809 -2.253092051 -0.267242998 -0.007264467 0.963601828 98.767425537
0.960067391 0.005542438 0.279714048 3.839838028 -0.007274356 0.999960244 0.005154028 -2.260558128 -0.279674351 -0.006982953 0.960069537 99.298988342
0.956801355 0.004086566 0.290713757 4.024110794 -0.005894369 0.999968350 0.005343067 -2.272130728 -0.290682703 -0.006825828 0.956795096 99.798309326
0.952423632 0.004446710 0.304744750 4.208108902 -0.006419463 0.999964356 0.005471778 -2.292439461 -0.304709673 -0.007167749 0.952418268 100.336074829
0.948045671 0.004507607 0.318102211 4.408987045 -0.006596013 0.999963164 0.005488428 -2.305603981 -0.318065822 -0.007301487 0.948040485 100.840507507
0.944068432 0.003637671 0.329729855 4.605159760 -0.005730593 0.999969125 0.005375648 -2.312521935 -0.329700142 -0.006964527 0.944060028 101.364936829
0.939365506 0.002724664 0.342906594 4.817800522 -0.004753450 0.999975741 0.005076104 -2.323981762 -0.342884451 -0.006398306 0.939355791 101.883178711
0.934213936 0.003070082 0.356700033 5.037944794 -0.005161504 0.999974608 0.004911535 -2.336054325 -0.356675833 -0.006429533 0.934206128 102.387107849
0.929338217 0.002794671 0.369219005 5.253450394 -0.005101295 0.999973059 0.005271213 -2.355755806 -0.369194299 -0.006782235 0.929327428 102.905883789
0.924726009 0.001884875 0.380628824 5.489294052 -0.003820617 0.999983251 0.004330153 -2.362022161 -0.380614281 -0.005458442 0.924717724 103.415802002
0.918684542 0.001656020 0.394988358 5.718086243 -0.003860635 0.999981105 0.004786765 -2.375187159 -0.394972980 -0.005922434 0.918673575 103.905586243
0.913106620 0.000832418 0.407720059 5.962669373 -0.002814023 0.999987066 0.004260512 -2.383316755 -0.407711208 -0.005037635 0.913097024 104.396789551
0.908115268 0.000830439 0.418719411 6.206836700 -0.002981481 0.999985576 0.004482956 -2.397799015 -0.418709636 -0.005319445 0.908104539 104.869438171
0.901610851 0.000074257 0.432548136 6.474079132 -0.002507615 0.999984086 0.005055244 -2.421509504 -0.432540923 -0.005642527 0.901596665 105.386718750
0.895179152 -0.000083692 0.445706546 6.745182037 -0.002559479 0.999982476 0.005328354 -2.438984871 -0.445699245 -0.005910607 0.895163357 105.858787537
0.889085948 -0.000879255 0.457739294 7.028160095 -0.001507051 0.999987125 0.004848046 -2.445542097 -0.457737654 -0.005000166 0.889073253 106.366600037
0.883610606 -0.001605457 0.468219876 7.287117004 -0.001020367 0.999985218 0.005354407 -2.464270592 -0.468221456 -0.005208966 0.883595705 106.819358826
0.875916660 -0.001148847 0.482460976 7.563392639 -0.001305233 0.999987841 0.004750869 -2.474797249 -0.482460648 -0.004791090 0.875904560 107.320198059
