1.000000000 0.000000000 0.000000000 0.000000000 0.000000000 1.000000000 0.000000000 0.000000000 0.000000000 0.000000000 1.000000000 0.000000000
1.000000000 0.000071499 -0.000030676 0.000298568 -0.000071498 1.000000000 0.000020721 0.000494070 0.000030678 -0.000020719 1.000000000 0.002213747
1.000000000 0.000024337 -0.000048611 0.000810623 -0.000024334 1.000000000 0.000059530 -0.001174077 0.000048612 -0.000059529 1.000000000 0.000867965
1.000000000 -0.000039177 -0.000042300 0.000634844 0.000039175 1.000000000 -0.000047736 0.000640410 0.000042302 0.000047734 1.000000000 -0.001504746
1.000000000 -0.000156956 -0.000117110 0.001362369 0.000156963 1.000000000 0.000060283 -0.000626816 0.000117101 -0.000060301 1.000000000 0.000342568
1.000000000 -0.000146573 -0.000111233 -0.000576178 0.000146578 1.000000000 0.000047245 0.000152875 0.000111226 -0.000047261 1.000000000 -0.000512514
1.000000000 -0.000118238 -0.000050129 0.000701362 0.000118242 1.000000000 0.000062636 -0.000815400 0.000050122 -0.000062642 1.000000000 0.001189139
1.000000000 -0.000148653 -0.000055274 -0.000042785 0.000148657 1.000000000 0.000075113 -0.000726523 0.000055263 -0.000075122 1.000000000 -0.000321393
1.000000000 -0.000041170 -0.000086088 0.000557519 0.000041176 1.000000000 0.000062844 -0.000038480 0.000086086 -0.000062848 1.000000000 -0.001767741
1.000000000 -0.000024858 -0.000002860 -0.000428837 0.000024858 1.000000000 0.000052007 0.000624424 0.000002858 -0.000052008 1.000000000 0.002720732
1.000000000 -0.000090643 -0.000056211 0.000792673 0.000090643 1.000000000 0.000013837 0.000586273 0.000056209 -0.000013843 1.000000000 0.000056101
1.000000000 -0.000115895 -0.000133984 0.001193874 0.000115903 1.000000000 0.000053809 0.000080932 0.000133978 -0.000053825 1.000000000 -0.000584370
1.000000000 -0.000102652 -0.000055117 -0.000021069 0.000102651 1.000000000 -0.000020307 0.001654848 0.000055119 0.000020302 1.000000000 0.002348834
0.999999940 -0.000214885 -0.000138353 0.001093730 0.000214900 1.000000000 0.000110716 0.000025182 0.000138329 -0.000110746 1.000000000 -0.001655400
1.000000000 -0.000114241 -0.000143356 0.001048380 0.000114249 1.000000000 0.000055972 -0.000498702 0.000143349 -0.000055988 1.000000000 -0.002035758
1.000000000 -0.000152644 -0.000165511 0.003115019 0.000152668 1.000000000 0.000146635 -0.000795641 0.000165489 -0.000146660 1.000000000 -0.004762473
1.000000000 -0.000117430 -0.000053518 0.001443617 0.000117434 1.000000000 0.000069227 -0.000380992 0.000053509 -0.000069233 1.000000000 -0.003362542
1.000000000 -0.000019148 -0.000060533 0.001207922 0.000019150 1.000000000 0.000031797 -0.000050100 0.000060533 -0.000031798 1.000000000 -0.000543365
1.000000000 0.000004881 -0.000112102 0.001772452 -0.000004866 1.000000000 0.000140646 -0.001059266 0.000112102 -0.000140645 1.000000000 -0.003709599
0.999999940 -0.000217397 -0.000138818 0.001540686 0.000217408 1.000000000 0.000077326 -0.000085156 0.000138801 -0.000077356 1.000000000 -0.003157288
1.000000000 -0.000180642 -0.000100496 0.000770021 0.000180652 1.000000000 0.000096149 0.000349471 0.000100478 -0.000096167 1.000000000 0.001371988
1.000000000 -0.000212927 -0.000117145 0.000521220 0.000212941 1.000000000 0.000116956 -0.001583422 0.000117121 -0.000116981 1.000000000 -0.003711398
1.000000000 -0.000067362 -0.000159040 0.003661301 0.000067381 1.000000000 0.000118052 -0.000702235 0.000159032 -0.000118063 1.000000000 -0.002537383
1.000000000 -0.000103228 -0.000169708 0.003644537 0.000103242 1.000000000 0.000082450 -0.001210412 0.000169700 -0.000082467 1.000000000 -0.002310586
0.999999940 -0.000184140 -0.000192432 0.003154652 0.000184165 1.000000000 0.000126226 -0.001163182 0.000192409 -0.000126262 1.000000000 -0.005191068
0.999999940 -0.000186891 -0.000191040 0.002862201 0.000186908 1.000000000 0.000089959 0.000326968 0.000191023 -0.000089995 1.000000000 -0.001694783
1.000000000 -0.000151985 -0.000150259 0.003052852 0.000151996 1.000000000 0.000070207 0.000179137 0.000150248 -0.000070230 1.000000000 -0.003240480
0.999999940 -0.000235420 -0.000164015 0.003470598 0.000235437 0.999999940 0.000102984 -0.000722603 0.000163990 -0.000103022 1.000000000 -0.004031921
0.999999940 -0.000219272 -0.000111275 0.000373323 0.000219281 1.000000000 0.000078880 -0.000963435 0.000111257 -0.000078905 1.000000000 -0.003024404
1.000000000 -0.000099098 -0.000205858 0.002906546 0.000099127 1.000000000 0.000142526 -0.000935063 0.000205843 -0.000142546 0.999999940 -0.003457059
0.999999940 -0.000236344 -0.000203316 0.004308122 0.000236369 0.999999940 0.000122444 -0.000986389 0.000203287 -0.000122492 1.000000000 -0.003333885
0.999999940 -0.000176992 -0.000207351 0.003431077 0.000177018 1.000000000 0.000127877 -0.000607945 0.000207328 -0.000127914 1.000000000 -0.002473637
0.999999940 -0.000201613 -0.000153644 0.002609049 0.000201631 1.000000000 0.000119369 -0.000485850 0.000153620 -0.000119400 1.000000000 -0.004835308
1.000000000 -0.000096425 -0.000140618 0.002864605 0.000096435 1.000000000 0.000066740 -0.001141058 0.000140611 -0.000066753 1.000000000 -0.003188445
1.000000000 -0.000122320 -0.000147794 0.002715614 0.000122333 1.000000000 0.000089904 -0.000725447 0.000147783 -0.000089922 1.000000000 -0.001830504
0.999999940 -0.000203845 -0.000148784 0.002076060 0.000203868 0.999999940 0.000151318 -0.001648390 0.000148753 -0.000151348 1.000000000 -0.005027644
0.999999940 -0.000199824 -0.000222931 0.003233958 0.000199844 1.000000000 0.000087375 0.000222058 0.000222914 -0.000087419 1.000000000 -0.002542666
0.999999940 -0.000171134 -0.000176785 0.004497275 0.000171160 1.000000000 0.000148193 -0.000270972 0.000176759 -0.000148223 1.000000000 -0.005794362
1.000000000 -0.000151936 -0.000118040 0.001055676 0.000151947 1.000000000 0.000097215 -0.000334612 0.000118025 -0.000097233 1.000000000 -0.003315975
1.000000000 -0.000144780 -0.000177306 0.002303922 0.000144808 1.000000000 0.000158746 -0.000807043 0.000177283 -0.000158772 1.000000000 -0.004592462
0.999999940 -0.000168343 -0.000204089 0.004963976 0.000168359 1.000000000 0.000077504 -0.001882651 0.000204076 -0.000077538 1.000000000 -0.001719971
1.000000000 -0.000223205 -0.000012273 0.000779777 0.000223198 0.999999821 -0.000534429 -0.002483287 0.000012392 0.000534426 0.999999881 0.050506651
1.000000000 -0.000032371 -0.000150411 0.003354396 0.000032201 0.999999344 -0.001129357 -0.003926001 0.000150447 0.001129352 0.999999344 0.141582564
1.000000000 -0.000144356 -0.000077063 0.004023255 0.000144243 0.999998927 -0.001456784 -0.007966946 0.000077273 0.001456773 0.999998927 0.258874834
1.000000000 -0.000092988 -0.000023747 0.005910553 0.000092955 0.999999046 -0.001384996 -0.011104453 0.000023875 0.001384994 0.999999046 0.392387241
1.000000000 -0.000029070 -0.000136848 0.010168360 0.000028911 0.999999344 -0.001162604 -0.018478623 0.000136881 0.001162600 0.999999344 0.528993607
1.000000000 0.000087811 -0.000053291 0.011694880 -0.000087870 0.999999404 -0.001113020 -0.020699592 0.000053193 0.001113025 0.999999404 0.686403513
1.000000000 0.000031119 0.000091731 0.015705243 -0.000031036 0.999999583 -0.000907143 -0.024307651 -0.000091760 0.000907140 0.999999583 0.846775115
0.999999940 0.000318641 0.000210085 0.010887084 -0.000318475 0.999999642 -0.000791141 -0.026163565 -0.000210337 0.000791074 0.999999642 1.027705193
1.000000000 0.000103015 -0.000162467 0.023675501 -0.000103109 0.999999821 -0.000580013 -0.037216894 0.000162407 0.000580030 0.999999821 1.185855150
1.000000000 0.000026926 -0.000013477 0.027634231 -0.000026930 0.999999940 -0.000284922 -0.040848248 0.000013469 0.000284923 0.999999940 1.365626335
1.000000000 0.000140518 -0.000119689 0.029591870 -0.000140560 0.999999940 -0.000350911 -0.049000256 0.000119640 0.000350927 0.999999940 1.577509880
0.999999940 0.000122580 0.000211277 0.032170724 -0.000122524 0.999999940 -0.000265648 -0.055853546 -0.000211309 0.000265622 0.999999940 1.771353483
0.999990165 0.003358149 -0.002893402 0.101593740 -0.003356131 0.999994099 0.000702218 -0.117969610 0.002895744 -0.000692500 0.999995589 1.861233950
0.999988973 0.003851916 -0.002686669 0.097359039 -0.003849976 0.999992311 0.000726777 -0.124501094 0.002689448 -0.000716425 0.999996185 2.074573994
0.999989450 0.003337289 -0.003146305 0.110731751 -0.003334240 0.999993920 0.000973571 -0.130303890 0.003149535 -0.000963070 0.999994695 2.287759542
0.999990344 0.003337386 -0.002851783 0.119048491 -0.003334831 0.999993980 0.000900360 -0.137514576 0.002854771 -0.000890841 0.999995589 2.503213644
0.999990225 0.003170197 -0.003077639 0.120112829 -0.003167001 0.999994397 0.001042899 -0.145715252 0.003080928 -0.001033142 0.999994695 2.695770741
0.999989450 0.003503600 -0.002984458 0.122146405 -0.003500825 0.999993443 0.000934599 -0.147355884 0.002987714 -0.000924141 0.999995112 2.935476303
0.999990344 0.002922853 -0.003263942 0.127785519 -0.002919165 0.999995112 0.001134031 -0.156472519 0.003267240 -0.001124492 0.999994040 3.173206091
0.999990761 0.003010022 -0.003078492 0.133504912 -0.003006257 0.999994814 0.001226867 -0.165141538 0.003082169 -0.001217601 0.999994516 3.410135508
0.999991417 0.002890141 -0.002976883 0.139087230 -0.002885737 0.999994755 0.001482590 -0.191524655 0.002981152 -0.001473987 0.999994457 3.634634495
0.999991238 0.003157508 -0.002746413 0.140831172 -0.003153605 0.999993980 0.001424053 -0.194649488 0.002750892 -0.001415380 0.999995232 3.901203632
0.999991477 0.003233846 -0.002583629 0.144006670 -0.003229522 0.999993384 0.001675732 -0.204079375 0.002589031 -0.001667374 0.999995291 4.157537937
0.999992013 0.002633399 -0.003005861 0.158276886 -0.002627230 0.999994457 0.002054486 -0.216982201 0.003011255 -0.002046572 0.999993384 4.395868301
0.999993324 0.002247416 -0.002876674 0.162762776 -0.002241575 0.999995410 0.002032029 -0.222976878 0.002881228 -0.002025567 0.999993801 4.657936096
0.999992847 0.002686801 -0.002696750 0.160273194 -0.002680443 0.999993622 0.002358684 -0.233105838 0.002703070 -0.002351438 0.999993563 4.915071964
0.999993145 0.002243805 -0.002953510 0.166914061 -0.002237294 0.999995053 0.002206217 -0.244999781 0.002958446 -0.002199594 0.999993145 5.130257130
0.999992549 0.002674882 -0.002793214 0.171418652 -0.002668428 0.999993742 0.002311735 -0.253670841 0.002799379 -0.002304264 0.999993443 5.398814201
0.999992132 0.002654329 -0.002966796 0.177027822 -0.002647489 0.999993861 0.002307046 -0.259835452 0.002972901 -0.002299173 0.999992967 5.669826031
0.999992907 0.002040690 -0.003177945 0.180322483 -0.002032950 0.999994934 0.002436758 -0.270969331 0.003182902 -0.002430280 0.999991953 5.951386452
0.999991715 0.003234515 -0.002479251 0.168046117 -0.003227675 0.999991000 0.002758074 -0.287363857 0.002488150 -0.002750049 0.999993145 6.176508904
0.999990284 0.003721236 -0.002390892 0.172351375 -0.003714591 0.999989271 0.002777852 -0.298100203 0.002401203 -0.002768943 0.999993324 6.462972164
0.999989748 0.003893662 -0.002314862 0.178117633 -0.003887210 0.999988496 0.002785413 -0.306539088 0.002325681 -0.002776386 0.999993443 6.768004894
0.999990880 0.003520739 -0.002408950 0.184571192 -0.003513727 0.999989629 0.002908754 -0.317961067 0.002419166 -0.002900263 0.999992847 7.051455498
0.999990821 0.003516561 -0.002451015 0.198026836 -0.003509308 0.999989510 0.002957260 -0.333484530 0.002461388 -0.002948632 0.999992669 7.342509747
0.999992311 0.003017888 -0.002493645 0.207760796 -0.003010192 0.999990702 0.003084362 -0.344514906 0.002502930 -0.003076833 0.999992132 7.673571587
0.999993026 0.002992763 -0.002206541 0.197119325 -0.002986494 0.999991536 0.002838746 -0.349072427 0.002215018 -0.002832136 0.999993563 7.945456505
0.999992788 0.003108534 -0.002153183 0.203305885 -0.003102645 0.999991477 0.002732654 -0.353451431 0.002161659 -0.002725954 0.999993980 8.279003143
0.999990463 0.003961053 -0.001816365 0.203494251 -0.003955756 0.999988019 0.002910553 -0.360691369 0.001827872 -0.002903340 0.999994159 8.619496346
0.999990702 0.003898415 -0.001856882 0.212848991 -0.003892940 0.999988139 0.002943288 -0.374903977 0.001868334 -0.002936032 0.999993980 8.948449135
0.999990761 0.003925319 -0.001757479 0.213602617 -0.003919974 0.999987662 0.003034667 -0.395082206 0.001769370 -0.003027750 0.999993801 9.237024307
0.999991953 0.003601982 -0.001747701 0.223904192 -0.003596459 0.999988496 0.003153017 -0.404332519 0.001759038 -0.003146705 0.999993503 9.582942963
0.999991894 0.003723990 -0.001544026 0.222502947 -0.003719011 0.999987900 0.003215428 -0.414245784 0.001555982 -0.003209659 0.999993622 9.952263832
0.999992251 0.003521153 -0.001748120 0.239109144 -0.003515309 0.999988258 0.003334774 -0.424273759 0.001759841 -0.003328603 0.999992907 10.309109688
0.999991059 0.003943373 -0.001517501 0.238123834 -0.003937732 0.999985337 0.003702760 -0.439529032 0.001532080 -0.003696752 0.999991953 10.637184143
0.999990761 0.004104808 -0.001233225 0.244050220 -0.004099874 0.999983668 0.003976698 -0.452214628 0.001249528 -0.003971605 0.999991298 11.012170792
0.999989629 0.004357421 -0.001327412 0.251209944 -0.004352341 0.999983311 0.003805534 -0.459872186 0.001343973 -0.003799716 0.999991834 11.402596474
0.999989748 0.004288197 -0.001431038 0.261288732 -0.004282346 0.999982536 0.004067208 -0.474443883 0.001448454 -0.004061039 0.999990761 11.771644592
0.999994099 0.002829308 -0.001959726 0.279534876 -0.002821602 0.999988258 0.003923884 -0.484239459 0.001970805 -0.003918330 0.999990404 12.095280647
0.999993920 0.002999353 -0.001771128 0.282305211 -0.002992197 0.999987423 0.004028552 -0.493730992 0.001783189 -0.004023228 0.999990284 12.502730370
0.999993980 0.002818065 -0.002065372 0.298414379 -0.002809508 0.999987543 0.004134249 -0.510605216 0.002076997 -0.004128421 0.999989390 12.882761955
0.999994338 0.002883795 -0.001754982 0.301505417 -0.002876552 0.999987304 0.004115670 -0.517572939 0.001766829 -0.004110598 0.999990046 13.301280022
0.999994755 0.002908329 -0.001419589 0.308634877 -0.002902510 0.999987364 0.004084755 -0.532459319 0.001431451 -0.004080612 0.999990642 13.650538445
0.999994934 0.002853025 -0.001379988 0.320399106 -0.002847250 0.999987245 0.004168571 -0.546617806 0.001391864 -0.004164620 0.999990344 14.072500229
0.999995828 0.002633666 -0.001178513 0.327530235 -0.002628687 0.999987662 0.004206558 -0.558999360 0.001189577 -0.004203442 0.999990463 14.497874260
0.999996722 0.002276341 -0.001146610 0.344769895 -0.002271251 0.999987602 0.004421110 -0.577013493 0.001156660 -0.004418491 0.999989510 14.909559250
0.999996960 0.002400547 -0.000505267 0.338459432 -0.002398220 0.999986768 0.004556502 -0.584301233 0.000516198 -0.004555276 0.999989510 15.310753822
0.999996483 0.002659857 -0.000247672 0.349144697 -0.002658647 0.999985218 0.004759972 -0.596116900 0.000260329 -0.004759297 0.999988735 15.758361816
0.999997914 0.002026924 -0.000359503 0.362489104 -0.002025222 0.999987006 0.004671461 -0.608799875 0.000368967 -0.004670723 0.999989033 16.200111389
0.999998152 0.001946108 -0.000151148 0.367193848 -0.001945331 0.999985635 0.004984459 -0.629029751 0.000160847 -0.004984155 0.999987543 16.637779236
0.999998569 0.001708328 0.000008450 0.370052993 -0.001708349 0.999985218 0.005159036 -0.631920815 0.000000363 -0.005159043 0.999986649 17.054130554
0.999999046 0.001399238 0.000192469 0.382898301 -0.001400168 0.999986947 0.004918664 -0.644419670 -0.000185583 -0.004918929 0.999987900 17.514307022
0.999998152 0.001814796 0.000659164 0.392862201 -0.001818147 0.999985218 0.005120248 -0.655744016 -0.000649862 -0.005121437 0.999986649 17.993810654
0.999999464 0.001014503 0.000170929 0.411979914 -0.001015321 0.999987721 0.004853055 -0.666192710 -0.000166003 -0.004853227 0.999988198 18.460067749
0.999998033 0.001813484 0.000769135 0.415689021 -0.001817694 0.999983191 0.005509542 -0.691133797 -0.000759131 -0.005510930 0.999984443 18.856264114
0.999997675 0.001996469 0.000705212 0.426923990 -0.002000490 0.999981463 0.005748137 -0.703764498 -0.000693723 -0.005749534 0.999983191 19.338205338
0.999998569 0.001588326 0.000599255 0.444113612 -0.001591712 0.999982536 0.005692863 -0.719952285 -0.000590202 -0.005693808 0.999983549 19.811546326
0.999999523 0.000776254 -0.000508026 0.456711829 -0.000773268 0.999982595 0.005850763 -0.731806159 0.000512559 -0.005850367 0.999982774 20.309097290
0.999999404 0.000944000 -0.000522356 0.457253069 -0.000940886 0.999981999 0.005930095 -0.748679101 0.000527944 -0.005929599 0.999982238 20.764131546
0.999998689 0.001314795 -0.000929863 0.466145426 -0.001309359 0.999982238 0.005822442 -0.764287233 0.000937502 -0.005821218 0.999982595 21.273439407
0.999998510 0.000868481 -0.001429827 0.476206720 -0.000860220 0.999983013 0.005767996 -0.771802187 0.001434812 -0.005766757 0.999982357 21.780193329
0.999998093 0.000470183 -0.001878174 0.486215502 -0.000459426 0.999983549 0.005723546 -0.788557410 0.001880834 -0.005722673 0.999981880 22.298278809
0.999996960 -0.000209593 -0.002458741 0.482739747 0.000225185 0.999979794 0.006342717 -0.812956572 0.002457363 -0.006343252 0.999976814 22.690244675
0.999992669 -0.001915297 -0.003323427 0.492543042 0.001935874 0.999978900 0.006199576 -0.824007392 0.003311483 -0.006205964 0.999975264 23.212265015
0.999991298 -0.001365936 -0.003963252 0.507433057 0.001390532 0.999979794 0.006209988 -0.830190837 0.003954690 -0.006215445 0.999972880 23.728948593
0.999992788 0.000037516 -0.003793211 0.502967000 -0.000012169 0.999977589 0.006682016 -0.846434116 0.003793377 -0.006681922 0.999970496 24.196916580
0.999989152 -0.000053712 -0.004653550 0.506920695 0.000087156 0.999974072 0.007186951 -0.857658505 0.004653044 -0.007187279 0.999963403 24.737806320
0.999989033 0.000322881 -0.004675928 0.515001178 -0.000293184 0.999979794 0.006350397 -0.866681159 0.004677884 -0.006348955 0.999968946 25.288944244
0.999984384 -0.000940245 -0.005512035 0.520057201 0.000980885 0.999972343 0.007374831 -0.885536790 0.005504949 -0.007380123 0.999957621 25.735612869
0.999979734 -0.001121042 -0.006272929 0.537293673 0.001167043 0.999972463 0.007334477 -0.902273059 0.006264533 -0.007341650 0.999953449 26.282541275
0.999980688 0.000325838 -0.006219246 0.538771868 -0.000281648 0.999974728 0.007104870 -0.915589154 0.006221404 -0.007102982 0.999955416 26.805601120
0.999976814 0.000187419 -0.006805942 0.563704491 -0.000137964 0.999973595 0.007266306 -0.928132296 0.006807124 -0.007265199 0.999950469 27.314712524
0.999975383 -0.000055331 -0.007012162 0.537887156 0.000107769 0.999972045 0.007478044 -0.938900471 0.007011552 -0.007478616 0.999947429 27.794101715
0.999971986 -0.000053356 -0.007475456 0.546326995 0.000110350 0.999970973 0.007623843 -0.952230275 0.007474832 -0.007624455 0.999942958 28.339565277
0.999969482 0.000242410 -0.007806781 0.552503645 -0.000185838 0.999973774 0.007246438 -0.961740434 0.007808332 -0.007244766 0.999943316 28.891254425
0.999969065 0.000249856 -0.007853770 0.552102864 -0.000191146 0.999972045 0.007475200 -0.972059131 0.007855418 -0.007473467 0.999941170 29.336111069
0.999968886 0.000490074 -0.007868053 0.554114819 -0.000428726 0.999969542 0.007796825 -0.985035658 0.007871634 -0.007793208 0.999938667 29.875148773
0.999964058 0.000072094 -0.008483122 0.574014664 -0.000005236 0.999968946 0.007881064 -1.000049710 0.008483428 -0.007880736 0.999932885 30.413993835
0.999960840 0.000317066 -0.008847299 0.595058918 -0.000246420 0.999968112 0.007985032 -1.027887225 0.008849549 -0.007982538 0.999929011 30.942438126
0.999962509 -0.000195580 -0.008647205 0.580020189 0.000265959 0.999966800 0.008138543 -1.028503895 0.008645326 -0.008140537 0.999929488 31.408605576
0.999958813 -0.000481321 -0.009052777 0.587963164 0.000556756 0.999965131 0.008332180 -1.041084886 0.009048451 -0.008336877 0.999924302 31.950386047
0.999960423 -0.000006451 -0.008893551 0.588754773 0.000077508 0.999968052 0.007989433 -1.049359202 0.008893216 -0.007989804 0.999928534 32.489292145
0.999958396 0.000110551 -0.009125998 0.588147581 -0.000036913 0.999967456 0.008068808 -1.061575651 0.009126593 -0.008068134 0.999925792 33.036090851
0.999957442 -0.000543909 -0.009210197 0.598466039 0.000617861 0.999967575 0.008028476 -1.080928564 0.009205532 -0.008033826 0.999925375 33.509544373
0.999955893 -0.000169608 -0.009390690 0.603227019 0.000245919 0.999966860 0.008125735 -1.093055010 0.009389001 -0.008127684 0.999922931 34.051223755
0.999952555 -0.000578092 -0.009722630 0.610713661 0.000654671 0.999968827 0.007875041 -1.097167730 0.009717773 -0.007881031 0.999921739 34.616451263
0.999953210 0.000543947 -0.009660811 0.609908640 -0.000469085 0.999969840 0.007749557 -1.114338040 0.009664736 -0.007744663 0.999923289 35.150356293
0.999951303 0.000966463 -0.009822357 0.604793310 -0.000889813 0.999969184 0.007805053 -1.127125621 0.009829597 -0.007795932 0.999921262 35.643360138
0.999947608 -0.000072441 -0.010231927 0.615525484 0.000153098 0.999969006 0.007882321 -1.122675419 0.010231039 -0.007883475 0.999916613 36.121620178
0.999945283 -0.001400567 -0.010367597 0.626492798 0.001497099 0.999955535 0.009309045 -1.168557644 0.010354099 -0.009324057 0.999902904 36.608924866
0.999944448 -0.000930980 -0.010499145 0.630272269 0.001023412 0.999960721 0.008801798 -1.171590209 0.010490540 -0.008812055 0.999906063 37.160427094
0.999935567 -0.001954264 -0.011180592 0.649285436 0.002054353 0.999957800 0.008947578 -1.183538079 0.011162639 -0.008969972 0.999897420 37.690795898
0.999938846 -0.000597038 -0.011043851 0.648947358 0.000693854 0.999961376 0.008764737 -1.195815325 0.011038192 -0.008771864 0.999900579 38.210815430
0.999936223 -0.000949889 -0.011254517 0.667614102 0.001049356 0.999960363 0.008835372 -1.202025652 0.011245677 -0.008846616 0.999897659 38.705898285
0.999935567 -0.001940903 -0.011180802 0.656784892 0.002050018 0.999950290 0.009755948 -1.249612093 0.011161311 -0.009778239 0.999889910 39.203113556
0.999932945 -0.001412572 -0.011496658 0.663921356 0.001522545 0.999953091 0.009562541 -1.256525517 0.011482612 -0.009579406 0.999888182 39.751644135
0.999928832 -0.001945369 -0.011769788 0.676170468 0.002058594 0.999951661 0.009615514 -1.270702362 0.011750514 -0.009639060 0.999884486 40.300861359
0.999930739 -0.001514199 -0.011672850 0.681171000 0.001620854 0.999957025 0.009132942 -1.262573004 0.011658519 -0.009151230 0.999890208 40.809597015
0.999931455 -0.001618985 -0.011598419 0.690109730 0.001729941 0.999952734 0.009562856 -1.279877305 0.011582389 -0.009582265 0.999887049 41.337093353
0.999930859 -0.001888847 -0.011608979 0.686010540 0.002001690 0.999950767 0.009716384 -1.295333743 0.011590054 -0.009738950 0.999885380 41.805973053
0.999926805 -0.001883804 -0.011956078 0.693203032 0.002004747 0.999946833 0.010111722 -1.309822440 0.011936391 -0.010134948 0.999877393 42.349758148
0.999926031 -0.001792625 -0.012035758 0.698893189 0.001911155 0.999949694 0.009843902 -1.310404181 0.012017505 -0.009866176 0.999879062 42.881340027
0.999929965 -0.001713602 -0.011710333 0.704600632 0.001824304 0.999953806 0.009449220 -1.323316336 0.011693597 -0.009469922 0.999886751 43.387832642
0.999925077 -0.002364161 -0.012008324 0.715298057 0.002482892 0.999948144 0.009882031 -1.339767694 0.011984338 -0.009911106 0.999879062 43.925453186
0.999926388 -0.002016643 -0.011968177 0.721954405 0.002130860 0.999952316 0.009538290 -1.344109774 0.011948369 -0.009563089 0.999882877 44.471012115
0.999926031 -0.001940420 -0.012008197 0.707105279 0.002053186 0.999953866 0.009385601 -1.352512240 0.011989430 -0.009409563 0.999883950 45.039352417
0.999923766 -0.002167458 -0.012156787 0.722030461 0.002285051 0.999950647 0.009667520 -1.374132156 0.012135236 -0.009694564 0.999879360 45.476322174
0.999919534 -0.002178209 -0.012502372 0.729811132 0.002300826 0.999949336 0.009801502 -1.383557439 0.012480390 -0.009829478 0.999873817 46.023372650
0.999917090 -0.002273583 -0.012684588 0.733729541 0.002401088 0.999946654 0.010045803 -1.397499084 0.012661074 -0.010075426 0.999869108 46.567443848
0.999922156 -0.002336111 -0.012257888 0.731188655 0.002457576 0.999947965 0.009903451 -1.402591467 0.012234113 -0.009932806 0.999875784 47.025741577
0.999921203 -0.002200214 -0.012358105 0.741505206 0.002321361 0.999949396 0.009797300 -1.415267706 0.012335924 -0.009825216 0.999875605 47.567905426
0.999926567 -0.001807781 -0.011990047 0.737367690 0.001929102 0.999947011 0.010114549 -1.426995993 0.011971127 -0.010136936 0.999876976 48.083564758
0.999921799 -0.002280349 -0.012290834 0.745071113 0.002404177 0.999946415 0.010069487 -1.442731619 0.012267213 -0.010098251 0.999873698 48.574672699
0.999921978 -0.002306390 -0.012274379 0.749991119 0.002433321 0.999943614 0.010336194 -1.451939821 0.012249849 -0.010365256 0.999871194 49.126720428
0.999921322 -0.002126127 -0.012355934 0.751853287 0.002254317 0.999943674 0.010370125 -1.466585159 0.012333191 -0.010397164 0.999869883 49.607273102
0.999921322 -0.002105494 -0.012364293 0.753277838 0.002229743 0.999947071 0.010043888 -1.479610324 0.012342491 -0.010070667 0.999873102 50.153961182
0.999923408 -0.001888769 -0.012227084 0.762054622 0.002014005 0.999945581 0.010238285 -1.481927156 0.012207081 -0.010262128 0.999872744 50.649341583
0.999922454 -0.001895883 -0.012307915 0.764641404 0.002019661 0.999947488 0.010052163 -1.493285179 0.012288212 -0.010076242 0.999873638 51.188735962
0.999919355 -0.002144934 -0.012512579 0.771970570 0.002272100 0.999945819 0.010157700 -1.509478331 0.012490112 -0.010185311 0.999870062 51.741973877
0.999922991 -0.001994096 -0.012248387 0.771013141 0.002119462 0.999945402 0.010230801 -1.515525103 0.012227318 -0.010255974 0.999872565 52.210300446
0.999927640 -0.001991956 -0.011863118 0.767934799 0.002104584 0.999952614 0.009489120 -1.525847673 0.011843657 -0.009513400 0.999884546 52.762260437
0.999924242 -0.001992948 -0.012144449 0.771830380 0.002107472 0.999953270 0.009424642 -1.531090736 0.012125100 -0.009449520 0.999881864 53.313907623
0.999923110 -0.001980442 -0.012238282 0.781681299 0.002107729 0.999943674 0.010396578 -1.550041199 0.012217001 -0.010421576 0.999871016 53.754711151
0.999928057 -0.001554125 -0.011891129 0.782782495 0.001677081 0.999945164 0.010337180 -1.561818838 0.011874411 -0.010356381 0.999875844 54.300064087
0.999925256 -0.001677454 -0.012109298 0.797527730 0.001800188 0.999947071 0.010131694 -1.572170496 0.012091661 -0.010152738 0.999875367 54.824829102
0.999933362 -0.001150146 -0.011486541 0.786887288 0.001266318 0.999948084 0.010111632 -1.584111571 0.011474315 -0.010125508 0.999882877 55.378108978
0.999921441 -0.002318838 -0.012316364 0.818533421 0.002443849 0.999945581 0.010144672 -1.595531344 0.012292168 -0.010173974 0.999872684 55.814041138
0.999923170 -0.002113414 -0.012217379 0.821524620 0.002239320 0.999944448 0.010301045 -1.606305361 0.012194931 -0.010327613 0.999872267 56.355167389
0.999922454 -0.002132548 -0.012271046 0.823420525 0.002261865 0.999941945 0.010534205 -1.622190237 0.012247871 -0.010561142 0.999869168 56.876186371
0.999918997 -0.002273141 -0.012524022 0.837388039 0.002406139 0.999940753 0.010614635 -1.628837824 0.012499152 -0.010643908 0.999865234 57.415164948
0.999918759 -0.002482409 -0.012499199 0.843770802 0.002611631 0.999943197 0.010332717 -1.630735517 0.012472836 -0.010364521 0.999868512 57.866619110
0.999922812 -0.002229542 -0.012221392 0.849993706 0.002354744 0.999944806 0.010239678 -1.642236233 0.012197886 -0.010267667 0.999872863 58.418159485
0.999920487 -0.001995604 -0.012453474 0.872922122 0.002128436 0.999940813 0.010662100 -1.656779289 0.012431460 -0.010687759 0.999865592 58.954078674
0.999917984 -0.001899490 -0.012667367 0.870174646 0.002032326 0.999942958 0.010481816 -1.663387060 0.012646735 -0.010506702 0.999864817 59.504081726
0.999916315 -0.002617380 -0.012668383 0.882965922 0.002751318 0.999940336 0.010566734 -1.689583063 0.012639971 -0.010600704 0.999863923 59.944095612
0.999915719 -0.002548735 -0.012728917 0.878613293 0.002682443 0.999941230 0.010498280 -1.690601349 0.012701412 -0.010531541 0.999863803 60.508712769
0.999920547 -0.002154638 -0.012413830 0.888125837 0.002282878 0.999944091 0.010325516 -1.705177188 0.012390888 -0.010353037 0.999869645 61.052040100
0.999918342 -0.002333454 -0.012560897 0.892531216 0.002470173 0.999937713 0.010880057 -1.718249321 0.012534726 -0.010910197 0.999861836 61.537265778
0.999916196 -0.002417459 -0.012720564 0.905407667 0.002549518 0.999942958 0.010375592 -1.719092607 0.012694755 -0.010407155 0.999865234 62.069061279
0.999915779 -0.002367969 -0.012760332 0.885769784 0.002495868 0.999946713 0.010016646 -1.738682985 0.012735933 -0.010047652 0.999868393 62.572597504
0.999919951 -0.002644318 -0.012370488 0.891478896 0.002775346 0.999940038 0.010586893 -1.744162440 0.012341751 -0.010620377 0.999867439 63.027954102
0.999923706 -0.002276779 -0.012138183 0.891020834 0.002402449 0.999943495 0.010348715 -1.750945091 0.012113936 -0.010377087 0.999872804 63.583923340
0.999925256 -0.001968671 -0.012067141 0.893911779 0.002091112 0.999946356 0.010142460 -1.761707306 0.012046526 -0.010166936 0.999875724 64.112289429
0.999927402 -0.002001319 -0.011881717 0.879851758 0.002127932 0.999940932 0.010653052 -1.789002776 0.011859695 -0.010677562 0.999872684 64.591621399
0.999922633 -0.001915970 -0.012292728 0.889366627 0.002046551 0.999941528 0.010618864 -1.809233904 0.012271664 -0.010643201 0.999868035 65.074630737
0.999922037 -0.002115860 -0.012311310 0.898459375 0.002246115 0.999941587 0.010575900 -1.819334149 0.012288214 -0.010602727 0.999868274 65.609558105
0.999923885 -0.002072356 -0.012159211 0.891195714 0.002197133 0.999944925 0.010257566 -1.820939302 0.012137285 -0.010283501 0.999873459 66.185089111
0.999931991 -0.001005435 -0.011617814 0.877083242 0.001126393 0.999945164 0.010409673 -1.836891174 0.011606709 -0.010422051 0.999878287 66.666038513
0.999926090 -0.001988759 -0.011993323 0.889302850 0.002118026 0.999939620 0.010775238 -1.846711874 0.011971171 -0.010799845 0.999870002 67.168464661
0.999924004 -0.002172083 -0.012133720 0.888988018 0.002301161 0.999940753 0.010634183 -1.852404237 0.012109904 -0.010661297 0.999869764 67.725433350
0.999922335 -0.002609958 -0.012184643 0.898057580 0.002737587 0.999941409 0.010469676 -1.861081481 0.012156605 -0.010502219 0.999870956 68.251541138
0.999924958 -0.002482505 -0.011996964 0.901281476 0.002608574 0.999941409 0.010504227 -1.872424603 0.011970184 -0.010534734 0.999872804 68.785499573
0.999924183 -0.002203409 -0.012115100 0.906294584 0.002328376 0.999944150 0.010310572 -1.892036438 0.012091707 -0.010337998 0.999873459 69.338798523
0.999928534 -0.002095665 -0.011768788 0.907413661 0.002219558 0.999942183 0.010524062 -1.891376972 0.011746053 -0.010549432 0.999875367 69.793426514
0.999926090 -0.001729876 -0.012029966 0.914083779 0.001857947 0.999941707 0.010642967 -1.896451354 0.012010853 -0.010664531 0.999870956 70.340560913
0.999935985 -0.000804727 -0.011282768 0.907495260 0.000922205 0.999945402 0.010410821 -1.907781243 0.011273774 -0.010420559 0.999882162 70.888183594
0.999924302 -0.002468911 -0.012055038 0.924806714 0.002595040 0.999941945 0.010458424 -1.911630154 0.012028517 -0.010488915 0.999872625 71.397750854
0.999940276 -0.000521680 -0.010918408 0.922764599 0.000629665 0.999950945 0.009889031 -1.926168442 0.010912714 -0.009895315 0.999891460 71.951667786
0.999931455 -0.001685873 -0.011587169 0.928341866 0.001811544 0.999939620 0.010843722 -1.940978050 0.011568187 -0.010863970 0.999874055 72.477180481
0.999928117 -0.002097618 -0.011807483 0.938459873 0.002224744 0.999939620 0.010763763 -1.946624398 0.011784190 -0.010789258 0.999872327 72.988128662
0.999931216 -0.001623129 -0.011615797 0.939396322 0.001743781 0.999944568 0.010384327 -1.952535629 0.011598297 -0.010403869 0.999878585 73.566772461
0.999933183 -0.001880626 -0.011409428 0.917126119 0.002002120 0.999941289 0.010646505 -1.973544121 0.011388736 -0.010668635 0.999878228 74.012588501
0.999928772 -0.002056323 -0.011764688 0.927859843 0.002178618 0.999943614 0.010391747 -1.977115631 0.011742658 -0.010416634 0.999876797 74.589591980
0.999931395 -0.002574712 -0.011426653 0.933630407 0.002688834 0.999946475 0.009983231 -1.983719826 0.011400338 -0.010013268 0.999884903 75.144462585
0.999926984 -0.002666066 -0.011783075 0.942253172 0.002785412 0.999944866 0.010123820 -1.991658926 0.011755432 -0.010155899 0.999879360 75.691040039
0.999930799 -0.002197939 -0.011549716 0.938525856 0.002311601 0.999948919 0.009837036 -1.999092817 0.011527502 -0.009863054 0.999884903 76.191070557
0.999934494 -0.001934861 -0.011282275 0.946793914 0.002046789 0.999948740 0.009917574 -2.009060621 0.011262507 -0.009940015 0.999887109 76.707908630
0.999938846 -0.002134343 -0.010850110 0.948113680 0.002240903 0.999949276 0.009818507 -2.015917301 0.010828604 -0.009842222 0.999892950 77.243614197
0.999953866 -0.001587343 -0.009475932 0.951606035 0.001679421 0.999951363 0.009716954 -2.026771784 0.009460048 -0.009732420 0.999907911 77.767593384
0.999963641 -0.001602045 -0.008379948 0.964829504 0.001686472 0.999947786 0.010077540 -2.041971922 0.008363367 -0.010091306 0.999914110 78.311233521
0.999976635 -0.001614190 -0.006642221 0.962953210 0.001678049 0.999952435 0.009619798 -2.041715622 0.006626375 -0.009630720 0.999931693 78.860374451
0.999991179 -0.001768165 -0.003816000 0.993979156 0.001806986 0.999946415 0.010193784 -2.065935612 0.003797770 -0.010200590 0.999940813 79.381263733
0.999998629 -0.001338337 0.000940824 0.995092511 0.001328669 0.999947131 0.010202438 -2.069077253 -0.000954430 -0.010201176 0.999947548 79.943504333
0.999991119 -0.000865339 0.004133295 1.028384686 0.000823659 0.999948919 0.010075227 -2.088486433 -0.004141802 -0.010071733 0.999940753 80.451354980
0.999963939 -0.002245627 0.008188982 1.031491637 0.002171349 0.999956489 0.009068069 -2.058295488 -0.008208987 -0.009049960 0.999925375 81.007637024
0.999892771 -0.001809518 0.014537090 1.050255299 0.001671063 0.999953151 0.009530775 -2.074585438 -0.014553654 -0.009505460 0.999848902 81.539222717
0.999798656 -0.002299940 0.019931989 1.072968721 0.002111165 0.999952793 0.009486855 -2.082095385 -0.019952867 -0.009442868 0.999756277 82.052345276
0.999673605 -0.002521921 0.025423065 1.104127049 0.002288716 0.999955058 0.009197919 -2.087983847 -0.025445119 -0.009136730 0.999634445 82.604263306
0.999443531 -0.002920309 0.033228599 1.148144841 0.002610612 0.999952793 0.009359760 -2.103109837 -0.033254374 -0.009267806 0.999403894 83.149597168
0.999152124 -0.002989501 0.041063398 1.190384388 0.002617269 0.999955118 0.009115595 -2.113310337 -0.041088805 -0.009000394 0.999114871 83.704780579
0.998845756 -0.003599928 0.047897942 1.223370075 0.003155788 0.999951303 0.009345015 -2.125239849 -0.047929261 -0.009183071 0.998808503 84.217727661
0.998400629 -0.003744478 0.056410939 1.288611412 0.003230281 0.999952435 0.009203617 -2.138438940 -0.056442712 -0.009006674 0.998365164 84.767417908
0.997783601 -0.004343305 0.066400513 1.349462986 0.003742465 0.999950886 0.009170443 -2.147959232 -0.066437103 -0.008901617 0.997750878 85.318557739
0.997165620 -0.004243287 0.075118497 1.412017822 0.003554975 0.999950469 0.009294372 -2.159420490 -0.075154230 -0.009000984 0.997131228 85.858444214
0.996544480 -0.005018926 0.082907982 1.487301826 0.004275187 0.999949038 0.009145739 -2.176607132 -0.082949653 -0.008759690 0.996515214 86.387901306
0.995651603 -0.005221049 0.093008205 1.563672066 0.004368797 0.999946594 0.009364440 -2.185839176 -0.093052126 -0.008917387 0.995621324 86.935249329
0.994556785 -0.005561026 0.104047045 1.632695198 0.004602940 0.999944806 0.009446055 -2.191789150 -0.104093827 -0.008915716 0.994527519 87.464004517
0.993579626 -0.005332161 0.113009207 1.724666595 0.004286422 0.999945819 0.009494533 -2.206612349 -0.113053694 -0.008949171 0.993548572 88.038719177
0.992237806 -0.005381067 0.124238729 1.805519104 0.004229381 0.999945581 0.009531836 -2.208034039 -0.124283262 -0.008932394 0.992206573 88.572654724
0.990690172 -0.005630779 0.136018798 1.915306091 0.004360364 0.999944091 0.009636118 -2.225914001 -0.136065438 -0.008953317 0.990659416 89.096786499
0.989171922 -0.006742886 0.146605879 2.022944450 0.005422453 0.999941111 0.009404462 -2.239185095 -0.146660686 -0.008507668 0.989150286 89.627990723
0.987528682 -0.006220684 0.157316238 2.122030258 0.004803364 0.999944389 0.009387962 -2.241642952 -0.157365873 -0.008515235 0.987503588 90.217109680
0.985451877 -0.007086931 0.169806913 2.244808197 0.005630810 0.999943137 0.009055207 -2.249361992 -0.169861406 -0.007967320 0.985435724 90.746978760
0.983176231 -0.006890087 0.182529449 2.368953705 0.005203821 0.999939263 0.009715665 -2.265398264 -0.182585314 -0.008602361 0.983152390 91.299087524
0.981215000 -0.007290443 0.192780063 2.487738609 0.005584522 0.999940276 0.009390964 -2.268364906 -0.192837104 -0.008137969 0.981197000 91.833061218
0.978550851 -0.007289046 0.205876321 2.627178192 0.005438336 0.999939620 0.009553875 -2.278258085 -0.205933556 -0.008229328 0.978531361 92.365959167
0.975674570 -0.007781101 0.219086364 2.769943237 0.005760423 0.999934793 0.009860476 -2.294606686 -0.219148815 -0.008358584 0.975655675 92.904785156
0.972992122 -0.007606267 0.230713293 2.911266327 0.005453748 0.999935448 0.009966145 -2.307290077 -0.230774224 -0.008438728 0.972970724 93.432098389
0.970156252 -0.008594141 0.242327943 3.089776993 0.006393308 0.999930859 0.009866956 -2.315921783 -0.242395982 -0.008023212 0.970144212 93.985786438
0.966675639 -0.008998754 0.255846053 3.254680634 0.006642872 0.999927223 0.010070886 -2.326293945 -0.255918086 -0.008035726 0.966665149 94.501541138
0.963239670 -0.008567202 0.268506885 3.423442841 0.006077118 0.999930501 0.010103597 -2.332541466 -0.268574744 -0.008100438 0.963224828 95.059494019
0.960042000 -0.008939872 0.279713064 3.640794754 0.006366964 0.999928772 0.010105641 -2.341107845 -0.279783517 -0.007920918 0.960030317 95.653373718
0.955991507 -0.009737317 0.293232828 3.829969406 0.007113211 0.999924600 0.010013930 -2.352726936 -0.293308198 -0.007487406 0.955988586 96.173057556
0.951563597 -0.009850541 0.307294250 4.037117004 0.007102490 0.999924183 0.010059816 -2.350910902 -0.307369977 -0.007390000 0.951561391 96.742843628
0.948019266 -0.011021059 0.318022132 4.238237381 0.008128081 0.999912679 0.010422292 -2.363385677 -0.318109185 -0.007295624 0.948026061 97.244232178
0.943486989 -0.010530177 0.331242204 4.443719864 0.007519589 0.999917924 0.010369082 -2.374591589 -0.331324220 -0.007292289 0.943488777 97.786468506
0.938491225 -0.011061907 0.345125794 4.658973694 0.007991015 0.999914825 0.010319335 -2.380949497 -0.345210552 -0.006926701 0.938499689 98.306091309
0.933902264 -0.011175569 0.357353628 4.876531601 0.007878034 0.999911904 0.010682054 -2.393122196 -0.357441515 -0.007160749 0.933907986 98.808006287
0.929644763 -0.011247290 0.368285239 5.098445892 0.007855113 0.999911726 0.010708640 -2.405940056 -0.368373126 -0.007062310 0.929651320 99.326675415
0.924114048 -0.011305184 0.381949514 5.326364517 0.007726099 0.999910653 0.010902960 -2.412126541 -0.382038593 -0.007124599 0.924118876 99.827438354
0.918503463 -0.011084629 0.395257324 5.574867249 0.007341836 0.999912739 0.010980591 -2.418127060 -0.395344645 -0.007183799 0.918504775 100.350654602
0.913407385 -0.011509497 0.406883776 5.811103821 0.007580691 0.999907792 0.011266550 -2.434207916 -0.406975895 -0.007206491 0.913410544 100.799812317
0.907249510 -0.011942696 0.420423418 6.099750519 0.007954865 0.999905229 0.011237527 -2.436079025 -0.420517862 -0.006850829 0.907258451 101.395111084
0.900735140 -0.012872534 0.434177905 6.367233276 0.008845067 0.999897063 0.011295250 -2.445943356 -0.434278607 -0.006333696 0.900756419 101.871063232
0.894511223 -0.012743009 0.446863860 6.637840271 0.008544470 0.999898314 0.011409718 -2.453238964 -0.446963817 -0.006387905 0.894529164 102.382072449
0.889019549 -0.012896636 0.457687616 6.909046173 0.008702178 0.999898612 0.011271713 -2.456638813 -0.457786590 -0.006037895 0.889041603 102.866416931
0.881940544 -0.013939261 0.471154481 7.195945740 0.009518673 0.999885440 0.011764215 -2.472033024 -0.471264541 -0.005890575 0.881972253 103.341957092
