1.000000000 0.000000000 0.000000000 0.000000000 0.000000000 1.000000000 0.000000000 0.000000000 0.000000000 0.000000000 1.000000000 0.000000000
1.000000000 0.000022506 0.000004932 -0.000339680 -0.000022506 1.000000000 0.000046423 -0.000036737 -0.000004931 -0.000046423 1.000000000 -0.001860340
1.000000000 0.000095635 0.000054719 -0.001974808 -0.000095634 1.000000000 -0.000007085 -0.000619335 -0.000054720 0.000007080 1.000000000 -0.001701157
1.000000000 -0.000033391 -0.000014961 0.001475133 0.000033392 1.000000000 0.000026827 -0.000150708 0.000014960 -0.000026827 1.000000000 -0.003384467
1.000000000 -0.000086098 -0.000023875 0.000912988 0.000086099 1.000000000 0.000037693 -0.000478463 0.000023871 -0.000037695 1.000000000 -0.002524350
1.000000000 0.000002693 0.000036102 -0.000697422 -0.000002694 1.000000000 0.000022618 -0.000188877 -0.000036102 -0.000022618 1.000000000 -0.001133195
1.000000000 -0.000026501 0.000040838 0.000584262 0.000026497 1.000000000 0.000113531 -0.000531472 -0.000040841 -0.000113530 1.000000000 -0.002518076
1.000000000 -0.000087164 0.000018280 -0.000305113 0.000087162 1.000000000 0.000098681 -0.000352335 -0.000018288 -0.000098680 1.000000000 0.002193373
1.000000000 0.000012918 0.000000187 0.000280033 -0.000012918 1.000000000 0.000028446 -0.000413547 -0.000000187 -0.000028446 1.000000000 -0.004536041
1.000000000 -0.000042546 0.000038427 0.000302247 0.000042543 1.000000000 0.000064853 -0.000210350 -0.000038430 -0.000064852 1.000000000 -0.004391988
1.000000000 0.000029173 0.000028144 -0.000120079 -0.000029174 1.000000000 0.000028056 -0.000244384 -0.000028143 -0.000028057 1.000000000 -0.001084148
1.000000000 -0.000036233 0.000013121 -0.000306204 0.000036233 1.000000000 0.000038975 -0.000439464 -0.000013122 -0.000038974 1.000000000 -0.005679934
1.000000000 -0.000107550 0.000090774 -0.000264498 0.000107541 1.000000000 0.000094521 -0.000682515 -0.000090784 -0.000094511 1.000000000 -0.001952305
1.000000000 -0.000042315 0.000076412 0.000209628 0.000042310 1.000000000 0.000065777 -0.000689160 -0.000076415 -0.000065774 1.000000000 -0.003573508
1.000000000 -0.000060792 0.000065467 -0.000224689 0.000060787 1.000000000 0.000083355 -0.000311858 -0.000065472 -0.000083351 1.000000000 -0.003313629
1.000000000 -0.000075971 0.000080061 -0.000415505 0.000075962 1.000000000 0.000109878 -0.000160961 -0.000080069 -0.000109872 1.000000000 -0.003179414
1.000000000 -0.000144479 0.000028334 -0.000150324 0.000144477 1.000000000 0.000070118 -0.000282373 -0.000028345 -0.000070114 1.000000000 -0.004460988
1.000000000 0.000048384 0.000027830 0.000911121 -0.000048388 1.000000000 0.000124151 -0.001288947 -0.000027824 -0.000124152 1.000000000 -0.008101443
1.000000000 -0.000114455 0.000042129 0.000720440 0.000114450 1.000000000 0.000102339 -0.001105348 -0.000042140 -0.000102334 1.000000000 -0.007613171
1.000000000 -0.000045254 -0.000016783 0.000482438 0.000045254 1.000000000 0.000038518 -0.000768342 0.000016781 -0.000038519 1.000000000 -0.006266704
1.000000000 -0.000138169 -0.000036898 0.002925370 0.000138175 1.000000000 0.000186704 -0.004321085 0.000036873 -0.000186709 1.000000000 -0.007585170
1.000000000 -0.000046635 0.000118043 -0.001341352 0.000046626 1.000000000 0.000075052 -0.000386333 -0.000118047 -0.000075047 1.000000000 -0.002449580
1.000000000 -0.000062486 0.000040694 -0.000197708 0.000062478 1.000000000 0.000207184 -0.002720657 -0.000040707 -0.000207182 1.000000000 -0.008974526
1.000000000 -0.000221693 -0.000007742 0.000782345 0.000221694 0.999999940 0.000217378 -0.002773627 0.000007694 -0.000217380 1.000000000 -0.005268543
1.000000000 -0.000069402 -0.000003659 0.000653014 0.000069402 1.000000000 0.000154733 -0.000625015 0.000003649 -0.000154733 1.000000000 -0.005761087
0.999999940 -0.000255522 0.000020000 0.001292414 0.000255517 0.999999940 0.000251641 -0.002510200 -0.000020064 -0.000251635 0.999999940 -0.005897556
1.000000000 -0.000117422 0.000009593 0.001042748 0.000117421 1.000000000 0.000141476 -0.002948880 -0.000009610 -0.000141475 1.000000000 -0.004570521
1.000000000 -0.000127222 -0.000006565 0.000469114 0.000127223 1.000000000 0.000158289 -0.000586665 0.000006545 -0.000158290 1.000000000 -0.002149418
1.000000000 -0.000162750 0.000029421 -0.001211993 0.000162746 1.000000000 0.000126484 -0.000216731 -0.000029442 -0.000126480 1.000000000 -0.003369760
1.000000000 -0.000122331 0.000018933 -0.000854430 0.000122328 1.000000000 0.000146331 -0.000802728 -0.000018950 -0.000146329 1.000000000 -0.002062286
1.000000000 -0.000104096 0.000047981 -0.001680691 0.000104091 1.000000000 0.000112367 -0.000497593 -0.000047993 -0.000112362 1.000000000 -0.000922519
1.000000000 -0.000157959 -0.000036861 -0.001157168 0.000157963 1.000000000 0.000100731 -0.001640235 0.000036845 -0.000100737 1.000000000 -0.004977858
1.000000000 -0.000184216 -0.000002463 0.000198100 0.000184216 0.999999940 0.000173726 -0.002656453 0.000002431 -0.000173726 1.000000000 -0.006234341
1.000000000 0.000142094 0.000092838 -0.000979230 -0.000142100 1.000000000 0.000065575 0.000020774 -0.000092829 -0.000065589 1.000000000 -0.001623935
1.000000000 -0.000085426 0.000008208 0.000001193 0.000085426 1.000000000 0.000064829 -0.000873614 -0.000008214 -0.000064828 1.000000000 -0.002758418
1.000000000 -0.000135672 0.000013286 -0.000697503 0.000135671 1.000000000 0.000047761 -0.001192616 -0.000013292 -0.000047759 1.000000000 -0.004383440
1.000000000 -0.000126865 0.000048695 0.000505735 0.000126862 1.000000000 0.000056376 -0.000363617 -0.000048703 -0.000056370 1.000000000 -0.008681838
1.000000000 -0.000233259 -0.000027288 0.001209636 0.000233262 0.999999940 0.000087427 -0.000458713 0.000027267 -0.000087433 1.000000000 -0.004823167
1.000000000 -0.000130956 0.000017134 0.000139803 0.000130952 1.000000000 0.000176328 -0.000557661 -0.000017157 -0.000176325 1.000000000 -0.003667806
0.999999940 -0.000271212 -0.000095739 0.002893103 0.000271233 0.999999940 0.000210756 -0.003901561 0.000095682 -0.000210782 1.000000000 -0.006367002
1.000000000 -0.000224169 -0.000051861 0.003724505 0.000224145 0.999999881 -0.000468178 -0.006262149 0.000051966 0.000468167 0.999999881 0.048618749
0.999999940 -0.000269795 -0.000091790 0.007261217 0.000269699 0.999999404 -0.001044885 -0.006471925 0.000092072 0.001044860 0.999999464 0.141720533
0.999999940 -0.000272688 -0.000032007 0.004931486 0.000272645 0.999999106 -0.001330914 -0.012794391 0.000032370 0.001330905 0.999999106 0.258911699
0.999999940 -0.000334652 0.000109510 0.004745987 0.000334778 0.999999285 -0.001150362 -0.019145811 -0.000109125 0.001150399 0.999999344 0.389903843
1.000000000 0.000137065 -0.000051000 0.012582054 -0.000137115 0.999999523 -0.000985865 -0.024040038 0.000050864 0.000985872 0.999999523 0.534440458
1.000000000 -0.000008485 0.000054558 0.014840248 0.000008535 0.999999583 -0.000903993 -0.030500617 -0.000054550 0.000903993 0.999999583 0.685045898
1.000000000 -0.000130308 -0.000134254 0.025726587 0.000130231 0.999999821 -0.000572185 -0.036217645 0.000134329 0.000572167 0.999999821 0.853104591
1.000000000 -0.000178961 -0.000083871 0.019668972 0.000178916 0.999999821 -0.000534712 -0.044094283 0.000083967 0.000534697 0.999999881 1.011421680
1.000000000 -0.000064682 0.000159820 0.018708000 0.000064781 0.999999702 -0.000621665 -0.046893355 -0.000159780 0.000621675 0.999999821 1.190864086
1.000000000 -0.000086283 -0.000033331 0.018312758 0.000086273 0.999999881 -0.000293398 -0.053131696 0.000033356 0.000293395 0.999999940 1.391217113
1.000000000 0.000274406 0.000038756 0.021838525 -0.000274400 1.000000000 -0.000150645 -0.060493074 -0.000038797 0.000150634 1.000000000 1.582953215
0.999999940 0.000050573 0.000358410 0.027746873 -0.000050566 1.000000000 -0.000019139 -0.066188671 -0.000358411 0.000019121 0.999999940 1.766222119
0.999999940 0.000014465 0.000351670 0.032947648 -0.000014622 0.999999940 0.000446023 -0.081188411 -0.000351664 -0.000446028 0.999999881 1.970460296
0.999999762 0.000471132 0.000461352 0.026888328 -0.000471325 0.999999821 0.000416970 -0.085021444 -0.000461156 -0.000417187 0.999999821 2.190170288
0.999999702 0.000500528 0.000408985 0.036197461 -0.000500746 0.999999702 0.000534988 -0.092553243 -0.000408717 -0.000535193 0.999999702 2.402002573
0.999999464 0.000903678 0.000500287 0.040781524 -0.000903964 0.999999464 0.000572179 -0.098591253 -0.000499769 -0.000572631 0.999999642 2.625967264
0.999999881 0.000296894 0.000403331 0.043899737 -0.000297192 0.999999702 0.000737834 -0.105633743 -0.000403111 -0.000737954 0.999999642 2.859886885
0.999999642 0.000677367 0.000520758 0.050527185 -0.000677825 0.999999404 0.000879371 -0.112677716 -0.000520162 -0.000879723 0.999999464 3.104428768
0.999999821 0.000317755 0.000494100 0.051326592 -0.000318105 0.999999642 0.000709394 -0.119789325 -0.000493875 -0.000709551 0.999999642 3.334871054
0.999999702 0.000437594 0.000586569 0.055985261 -0.000438061 0.999999523 0.000797521 -0.125350028 -0.000586220 -0.000797777 0.999999523 3.572683096
0.999999881 0.000174687 0.000462567 0.059606232 -0.000175136 0.999999523 0.000970548 -0.135775834 -0.000462397 -0.000970629 0.999999404 3.837250471
0.999999702 0.000116797 0.000654613 0.066954836 -0.000117570 0.999999285 0.001180229 -0.144544184 -0.000654475 -0.001180306 0.999999106 4.097084999
0.999999702 0.000268211 0.000640503 0.071576498 -0.000269060 0.999999106 0.001325702 -0.153331429 -0.000640147 -0.001325874 0.999998868 4.346393108
0.999999881 0.000337375 0.000365271 0.079689942 -0.000337832 0.999999166 0.001251943 -0.158817530 -0.000364849 -0.001252066 0.999999166 4.606775284
0.999999464 0.000447036 0.000849260 0.082976513 -0.000448103 0.999999046 0.001257129 -0.167044297 -0.000848697 -0.001257509 0.999998868 4.864509583
0.999999404 0.000598036 0.000815827 0.083299026 -0.000599098 0.999998927 0.001301862 -0.172939777 -0.000815048 -0.001302351 0.999998868 5.123426914
0.999999583 0.000470374 0.000666294 0.095981345 -0.000471294 0.999998868 0.001380273 -0.186300918 -0.000665645 -0.001380586 0.999998808 5.385232449
0.999999881 -0.000044316 0.000372314 0.098368645 0.000043745 0.999998808 0.001534409 -0.196572840 -0.000372381 -0.001534393 0.999998748 5.639332771
0.999999762 0.000446945 0.000720066 0.100439392 -0.000447927 0.999998987 0.001363530 -0.202903077 -0.000719456 -0.001363852 0.999998748 5.926744461
0.999999821 0.000094726 0.000711612 0.104539037 -0.000095646 0.999999225 0.001293191 -0.212908670 -0.000711489 -0.001293259 0.999998927 6.187400341
0.999999523 0.000391081 0.000898540 0.107634783 -0.000392216 0.999999046 0.001263619 -0.215381697 -0.000898045 -0.001263971 0.999998748 6.483055115
0.999999464 0.000562115 0.000882073 0.115541354 -0.000563371 0.999998808 0.001424824 -0.223571494 -0.000881271 -0.001425320 0.999998569 6.766414165
0.999999583 -0.000291052 0.000853214 0.127520576 0.000289684 0.999998629 0.001603534 -0.233389288 -0.000853680 -0.001603286 0.999998271 7.058421612
0.999999762 0.000180609 0.000642454 0.136030450 -0.000181497 0.999998987 0.001382323 -0.241933942 -0.000642204 -0.001382439 0.999998808 7.346062183
0.999999762 -0.000099232 0.000685044 0.146774620 0.000098276 0.999998987 0.001394489 -0.256040782 -0.000685182 -0.001394422 0.999998748 7.652172089
0.999999702 0.000169243 0.000650833 0.155884862 -0.000170382 0.999998391 0.001750707 -0.268938661 -0.000650536 -0.001750818 0.999998271 7.967667103
0.999999404 0.000897347 0.000674563 0.166133583 -0.000898685 0.999997616 0.001985580 -0.284591585 -0.000672780 -0.001986185 0.999997854 8.273189545
0.999999583 0.000577528 0.000741638 0.170252100 -0.000578828 0.999998271 0.001754400 -0.285987288 -0.000740624 -0.001754828 0.999998152 8.611929893
0.999999464 0.000439604 0.000882226 0.173229754 -0.000441414 0.999997735 0.002051768 -0.296391010 -0.000881322 -0.002052157 0.999997497 8.947032928
0.999999344 0.000123332 0.001162987 0.174544260 -0.000125401 0.999998331 0.001779025 -0.297464103 -0.001162766 -0.001779170 0.999997735 9.303977966
0.999999702 0.000206005 0.000781900 0.189066634 -0.000207515 0.999998093 0.001931330 -0.314547449 -0.000781501 -0.001931492 0.999997795 9.628195763
0.999999583 0.000579728 0.000777641 0.198715925 -0.000581111 0.999998271 0.001778573 -0.324903131 -0.000776608 -0.001779024 0.999998152 9.967056274
0.999999583 0.000298692 0.000761634 0.204985857 -0.000300232 0.999997914 0.002022303 -0.339049011 -0.000761029 -0.002022531 0.999997675 10.328548431
0.999999821 0.000307549 0.000538909 0.213131621 -0.000308804 0.999997258 0.002330286 -0.350261182 -0.000538190 -0.002330452 0.999997139 10.687129021
0.999999642 0.000237240 0.000741481 0.220084429 -0.000238888 0.999997437 0.002222598 -0.362548679 -0.000740952 -0.002222774 0.999997258 11.062447548
0.999999464 0.000311780 0.000977115 0.227286115 -0.000314114 0.999997020 0.002390060 -0.375403136 -0.000976367 -0.002390365 0.999996662 11.439317703
0.999999225 0.000535152 0.001126263 0.233441919 -0.000537972 0.999996662 0.002504482 -0.385110915 -0.001124919 -0.002505086 0.999996245 11.822942734
0.999999166 0.000731760 0.001104435 0.249928936 -0.000734679 0.999996245 0.002645295 -0.397051364 -0.001102495 -0.002646104 0.999995887 12.187812805
0.999998748 0.000313315 0.001521425 0.247116759 -0.000317719 0.999995768 0.002895244 -0.413964748 -0.001520511 -0.002895724 0.999994636 12.567468643
0.999999464 0.000210521 0.000991676 0.260095537 -0.000213405 0.999995768 0.002909337 -0.428786516 -0.000991059 -0.002909546 0.999995291 12.978363037
0.999999940 0.000279032 0.000019008 0.282844722 -0.000279081 0.999996424 0.002680258 -0.445962042 -0.000018260 -0.002680263 0.999996424 13.386299133
0.999999821 0.000201101 0.000527019 0.286621839 -0.000202630 0.999995708 0.002903951 -0.452655077 -0.000526432 -0.002904057 0.999995649 13.785486221
0.999999166 0.000888417 0.000848951 0.285716712 -0.000891244 0.999994040 0.003335858 -0.473583132 -0.000845982 -0.003336611 0.999994099 14.189369202
0.999998450 0.000634815 0.001623028 0.295418680 -0.000641402 0.999991536 0.004061596 -0.510525942 -0.001620436 -0.004062631 0.999990463 14.615124702
0.999998331 0.000600535 0.001724746 0.309228748 -0.000607727 0.999991059 0.004172391 -0.524607658 -0.001722225 -0.004173432 0.999989867 15.022332191
0.999998152 -0.000115589 0.001930472 0.323301017 0.000107420 0.999991000 0.004231018 -0.534492493 -0.001930944 -0.004230803 0.999989212 15.459602356
0.999997020 0.000347679 0.002420382 0.331323713 -0.000358111 0.999990642 0.004311164 -0.552412450 -0.002418861 -0.004312018 0.999987781 15.876705170
0.999997199 -0.000489049 0.002298267 0.347407162 0.000478096 0.999988556 0.004764103 -0.563639998 -0.002300571 -0.004762992 0.999985993 16.320951462
0.999997199 -0.000411568 0.002326454 0.359169573 0.000400061 0.999987721 0.004944181 -0.584399402 -0.002328460 -0.004943237 0.999985099 16.757883072
0.999995410 0.000274425 0.003025763 0.366361886 -0.000287777 0.999990344 0.004413054 -0.586090922 -0.003024522 -0.004413905 0.999985695 17.221885681
0.999994218 0.000668418 0.003340168 0.372743487 -0.000682764 0.999990523 0.004295752 -0.598474085 -0.003337265 -0.004298008 0.999985218 17.676601410
0.999994457 0.000014169 0.003329125 0.389017433 -0.000028029 0.999991298 0.004163406 -0.612573445 -0.003329037 -0.004163476 0.999985814 18.141696930
0.999993920 0.000165141 0.003495420 0.399289489 -0.000180282 0.999990582 0.004332055 -0.619914293 -0.003494672 -0.004332658 0.999984562 18.615110397
0.999991357 0.000307826 0.004142586 0.404593587 -0.000326159 0.999990106 0.004425795 -0.636951625 -0.004141183 -0.004427108 0.999981642 19.078714371
0.999993980 0.000172958 0.003480500 0.431110024 -0.000188862 0.999989510 0.004569665 -0.653309047 -0.003479673 -0.004570295 0.999983490 19.542837143
0.999993801 0.000279013 0.003513572 0.439251512 -0.000296961 0.999986887 0.005108526 -0.676892281 -0.003512101 -0.005109536 0.999980807 19.979387283
0.999995053 -0.000893764 0.003011695 0.456832469 0.000878584 0.999986947 0.005037850 -0.690218031 -0.003016158 -0.005035179 0.999982834 20.465278625
0.999995291 -0.000228165 0.003061623 0.467810810 0.000212225 0.999986410 0.005205863 -0.707535625 -0.003062769 -0.005205189 0.999981701 20.963750839
0.999997079 -0.000450446 0.002365926 0.467170060 0.000440409 0.999990880 0.004240942 -0.691430986 -0.002367815 -0.004239887 0.999988258 21.517124176
0.999997437 -0.000173600 0.002261927 0.482614517 0.000161183 0.999984860 0.005488941 -0.733767271 -0.002262845 -0.005488563 0.999982357 21.972190857
0.999997020 0.000256202 0.002424021 0.487552553 -0.000269561 0.999984741 0.005512413 -0.748918831 -0.002422572 -0.005513051 0.999981821 22.448230743
0.999998152 -0.000018898 0.001890874 0.490594387 0.000008652 0.999985337 0.005418740 -0.760553181 -0.001890949 -0.005418715 0.999983490 22.960977554
0.999999583 -0.000121181 0.001030301 0.504216135 0.000116012 0.999987364 0.005016086 -0.771240354 -0.001030896 -0.005015964 0.999986827 23.489093781
0.999998808 -0.001527178 -0.000009093 0.524649560 0.001527204 0.999987006 0.004863563 -0.784297943 0.000001665 -0.004863571 0.999988198 24.007987976
0.999999940 -0.000263982 -0.000309292 0.529732883 0.000265530 0.999987364 0.005015302 -0.797424555 0.000307964 -0.005015383 0.999987364 24.528074265
0.999999583 -0.000109756 -0.000806031 0.533745944 0.000113817 0.999987304 0.005040117 -0.808523893 0.000805467 -0.005040206 0.999986887 25.069049835
0.999998450 -0.000518668 -0.001697125 0.543847978 0.000527209 0.999987125 0.005035607 -0.817258716 0.001694492 -0.005036494 0.999985874 25.592527390
0.999998629 0.000301886 -0.001643266 0.549293101 -0.000293560 0.999987125 0.005064227 -0.832188010 0.001644774 -0.005063738 0.999985814 26.126117706
0.999997675 -0.000559968 -0.002151679 0.567558646 0.000572542 0.999982715 0.005847753 -0.847134650 0.002148367 -0.005848969 0.999980569 26.671895981
0.999996305 -0.000522228 -0.002658482 0.579560935 0.000537228 0.999983907 0.005644733 -0.859996796 0.002655491 -0.005646139 0.999980509 27.211027145
0.999995410 0.000010939 -0.003028636 0.591181934 0.000005695 0.999984920 0.005492413 -0.874797940 0.003028651 -0.005492405 0.999980330 27.743080139
0.999994218 0.000151780 -0.003398010 0.597373724 -0.000132279 0.999983549 0.005738387 -0.884816885 0.003398825 -0.005737904 0.999977767 28.286392212
0.999992430 -0.000120532 -0.003881379 0.610850751 0.000143031 0.999983191 0.005796901 -0.901702404 0.003880615 -0.005797412 0.999975681 28.815019608
0.999991894 -0.000050345 -0.004019090 0.618428290 0.000073292 0.999983668 0.005709637 -0.913651824 0.004018737 -0.005709886 0.999975681 29.355079651
0.999989569 0.000343313 -0.004552003 0.623668432 -0.000317458 0.999983788 0.005679334 -0.927902460 0.004553880 -0.005677830 0.999973536 29.881277084
0.999988794 0.000571131 -0.004693347 0.636535108 -0.000544373 0.999983609 0.005700488 -0.944324613 0.004696525 -0.005697869 0.999972761 30.419317245
0.999987721 0.000586957 -0.004913512 0.645458162 -0.000558011 0.999982476 0.005890353 -0.960775077 0.004916883 -0.005887539 0.999970496 30.957395554
0.999986410 0.000824167 -0.005141409 0.655713677 -0.000794855 0.999983430 0.005700681 -0.970385551 0.005146022 -0.005696516 0.999970555 31.471050262
0.999984622 0.000783224 -0.005479075 0.667971134 -0.000751968 0.999983430 0.005704524 -0.982965171 0.005483452 -0.005700316 0.999968708 32.005176544
0.999981225 0.000420941 -0.006120762 0.679499090 -0.000384464 0.999982178 0.005959462 -0.991883218 0.006123162 -0.005956997 0.999963522 32.535018921
0.999984682 0.000943971 -0.005449913 0.666242123 -0.000912221 0.999982595 0.005825219 -1.011392474 0.005455317 -0.005820158 0.999968112 33.034965515
0.999984205 0.000819171 -0.005562337 0.676987290 -0.000785241 0.999981105 0.006099475 -1.031832337 0.005567230 -0.006095011 0.999965847 33.573577881
0.999982715 0.001198968 -0.005762802 0.680209696 -0.001163258 0.999980092 0.006195899 -1.050836086 0.005770116 -0.006189089 0.999964118 34.119617462
0.999982655 0.000388774 -0.005873316 0.700860322 -0.000349433 0.999977589 0.006697574 -1.077544093 0.005875788 -0.006695407 0.999960303 34.636207581
0.999982357 0.001388767 -0.005765608 0.682641387 -0.001353355 0.999980211 0.006141144 -1.068026543 0.005774022 -0.006133234 0.999964476 35.170715332
0.999972343 -0.001501335 -0.007287666 0.708527446 0.001555102 0.999971569 0.007377645 -1.109407306 0.007276383 -0.007388773 0.999946237 35.705566406
0.999983013 0.001081132 -0.005722062 0.700517595 -0.001044447 0.999978840 0.006410340 -1.092885137 0.005728872 -0.006404255 0.999963045 36.279903412
0.999981463 0.000450698 -0.006067394 0.705346525 -0.000411591 0.999979079 0.006445269 -1.105271220 0.006070172 -0.006442653 0.999960780 36.801815033
0.999979675 -0.000477343 -0.006367239 0.685127139 0.000523914 0.999973118 0.007314578 -1.149294615 0.006363576 -0.007317765 0.999952972 37.262104034
0.999979258 0.000839347 -0.006385366 0.728130579 -0.000793388 0.999973714 0.007196525 -1.138777137 0.006391240 -0.007191310 0.999953687 37.773056030
0.999982476 0.001028287 -0.005825537 0.716322899 -0.000984262 0.999970913 0.007555025 -1.182214975 0.005833136 -0.007549159 0.999954522 38.148090363
0.999981642 -0.000000311 -0.006053475 0.726424217 0.000051137 0.999964774 0.008395866 -1.213954449 0.006053259 -0.008396022 0.999946415 38.513690948
0.999976575 -0.000746822 -0.006796829 0.752476931 0.000802274 0.999966383 0.008159505 -1.182369590 0.006790508 -0.008164767 0.999943554 39.126480103
0.999974132 0.000692897 -0.007155915 0.768991232 -0.000639934 0.999972403 0.007400908 -1.232341290 0.007160846 -0.007396138 0.999947011 39.911956787
0.999972463 0.000660739 -0.007391558 0.784944475 -0.000602757 0.999969065 0.007843783 -1.263094425 0.007396511 -0.007839111 0.999941945 40.470848083
0.999973834 0.000503642 -0.007206934 0.778072596 -0.000445400 0.999967217 0.008080779 -1.277062893 0.007210768 -0.008077359 0.999941409 41.007228851
0.999972999 0.001104927 -0.007252523 0.793499947 -0.001046360 0.999966919 0.008074236 -1.285198927 0.007261205 -0.008066430 0.999941111 41.551555634
0.999972224 0.000492686 -0.007435864 0.805628300 -0.000432097 0.999966741 0.008147559 -1.295202255 0.007439631 -0.008144120 0.999939144 42.079635620
0.999971449 0.000491867 -0.007539358 0.816815495 -0.000428609 0.999964714 0.008389532 -1.313284993 0.007543220 -0.008386061 0.999936402 42.621433258
0.999973714 0.000726426 -0.007216904 0.820824742 -0.000668573 0.999967635 0.008015512 -1.321925759 0.007222493 -0.008010477 0.999941826 43.165206909
0.999973416 0.000816045 -0.007242727 0.828597307 -0.000759937 0.999969721 0.007746159 -1.330978155 0.007248828 -0.007740449 0.999943733 43.704113007
0.999971151 0.000508357 -0.007579530 0.839025617 -0.000447983 0.999968171 0.007964987 -1.343754411 0.007583338 -0.007961363 0.999939561 44.239063263
0.999970615 0.000200081 -0.007661426 0.846792281 -0.000136987 0.999966085 0.008234922 -1.361147761 0.007662813 -0.008233631 0.999936700 44.774623871
0.999972641 0.001223197 -0.007296146 0.850988925 -0.001164053 0.999966502 0.008105052 -1.365792751 0.007305816 -0.008096337 0.999940515 45.306236267
0.999966025 0.000019768 -0.008248433 0.869730175 0.000046416 0.999967813 0.008023533 -1.377239227 0.008248326 -0.008023643 0.999933779 45.862083435
0.999972224 0.001425087 -0.007312444 0.862514615 -0.001369298 0.999969959 0.007628700 -1.386686683 0.007323097 -0.007618475 0.999944150 46.387931824
0.999967337 0.000577620 -0.008067328 0.873616099 -0.000514581 0.999969304 0.007813982 -1.396793604 0.008071594 -0.007809574 0.999936879 46.983505249
0.999970913 0.001511300 -0.007476550 0.874512792 -0.001456445 0.999972045 0.007336964 -1.402422667 0.007487429 -0.007325862 0.999945104 47.456512451
0.999971211 0.001065991 -0.007516301 0.883267879 -0.001008198 0.999969959 0.007688640 -1.418012142 0.007524272 -0.007680840 0.999942183 47.996723175
0.999968946 0.001294768 -0.007762468 0.896217287 -0.001236259 0.999970853 0.007537374 -1.427871227 0.007771999 -0.007527543 0.999941468 48.526302338
0.999971271 0.001765368 -0.007374380 0.898776412 -0.001709080 0.999969363 0.007632148 -1.442853689 0.007387628 -0.007619326 0.999943674 49.055194855
0.999971807 0.001500824 -0.007359354 0.904285848 -0.001444319 0.999969423 0.007677311 -1.451853633 0.007370652 -0.007666463 0.999943435 49.586208344
0.999969959 0.001554797 -0.007590823 0.911685109 -0.001496638 0.999969482 0.007661396 -1.468570471 0.007602504 -0.007649806 0.999941826 50.116207123
0.999970913 0.001776650 -0.007411609 0.915384173 -0.001721088 0.999970436 0.007496320 -1.475769758 0.007424708 -0.007483346 0.999944448 50.646301270
0.999970198 0.001789000 -0.007512077 0.920637488 -0.001730849 0.999968529 0.007740431 -1.488100052 0.007525691 -0.007727198 0.999941766 51.180152893
0.999969304 0.002121082 -0.007544089 0.928633451 -0.002064000 0.999969184 0.007566158 -1.499232292 0.007559905 -0.007550354 0.999942899 51.699916840
0.999969602 0.002041406 -0.007527724 0.942156196 -0.001984750 0.999969721 0.007526015 -1.507335663 0.007542860 -0.007510846 0.999943256 52.229293823
0.999970913 0.001762360 -0.007426624 0.948792756 -0.001707604 0.999971330 0.007372835 -1.520377874 0.007439403 -0.007359939 0.999945223 52.765419006
0.999975681 0.002464332 -0.006522962 0.942093134 -0.002419572 0.999973595 0.006861045 -1.524706244 0.006539696 -0.006845096 0.999955177 53.309921265
0.999975085 0.002401223 -0.006651761 0.944446266 -0.002348941 0.999966323 0.007856657 -1.550087810 0.006670403 -0.007840835 0.999947011 53.833759308
0.999973655 0.002836206 -0.006674345 0.946702123 -0.002785990 0.999967813 0.007520967 -1.561779022 0.006695461 -0.007502176 0.999949455 54.287174225
0.999977469 0.003135561 -0.005950404 0.882702053 -0.003089060 0.999964833 0.007807985 -1.572324157 0.005974676 -0.007789428 0.999951780 54.897628784
0.999978065 0.002521377 -0.006132034 0.899665475 -0.002470984 0.999963224 0.008211745 -1.588742971 0.006152514 -0.008196413 0.999947429 55.464488983
0.999970973 0.002495908 -0.007187941 0.988131762 -0.002436465 0.999962807 0.008266576 -1.592329979 0.007208307 -0.008248824 0.999939978 55.893054962
0.999973297 0.004022007 -0.006097705 0.981793344 -0.003972768 0.999959588 0.008065746 -1.622158766 0.006129899 -0.008041306 0.999948800 56.354652405
0.999972522 0.003919647 -0.006294609 1.006737709 -0.003874170 0.999966383 0.007220893 -1.603284121 0.006322701 -0.007196308 0.999954045 56.994571686
0.999970376 0.003930927 -0.006614278 1.032045841 -0.003874165 0.999955773 0.008572832 -1.664412618 0.006647684 -0.008546952 0.999941289 57.367359161
0.999972343 0.003934884 -0.006297131 1.033106327 -0.003883002 0.999958575 0.008230002 -1.656262636 0.006329255 -0.008205323 0.999946237 57.878639221
0.999972224 0.004115195 -0.006207177 1.042569757 -0.004065390 0.999959588 0.008015182 -1.668765426 0.006239911 -0.007989726 0.999948561 58.413234711
0.999974072 0.004164867 -0.005881791 1.049476147 -0.004116868 0.999958336 0.008149197 -1.683743954 0.005915488 -0.008124772 0.999949515 58.953231812
0.999972582 0.003762011 -0.006369240 1.061885238 -0.003707618 0.999956727 0.008530275 -1.697672367 0.006401055 -0.008506427 0.999943316 59.481746674
0.999975502 0.004875024 -0.005027638 1.073350191 -0.004832941 0.999953330 0.008348543 -1.712466240 0.005068103 -0.008324041 0.999952495 60.059738159
0.999970198 0.004340750 -0.006383212 1.108780503 -0.004283461 0.999950647 0.008961485 -1.737969637 0.006421797 -0.008933875 0.999939442 60.535350800
0.999968469 0.003824250 -0.006950311 1.131935596 -0.003761750 0.999952555 0.008983220 -1.754452944 0.006984334 -0.008956793 0.999935448 61.101333618
0.999970734 0.004495747 -0.006190339 1.112649322 -0.004445162 0.999956787 0.008161260 -1.744959831 0.006226763 -0.008133504 0.999947548 61.626079559
0.999970973 0.003266678 -0.006877101 1.140566826 -0.003213046 0.999964356 0.007795169 -1.761811018 0.006902320 -0.007772845 0.999945998 62.034927368
0.999967277 0.003459550 -0.007306147 1.154263854 -0.003401290 0.999962449 0.007971399 -1.776754975 0.007333451 -0.007946287 0.999941528 62.536693573
0.999961674 0.004731931 -0.007362230 1.218823552 -0.004662996 0.999945402 0.009352423 -1.800618410 0.007406083 -0.009317735 0.999929130 63.135379791
0.999957204 0.003050223 -0.008740591 1.243685722 -0.002981773 0.999964893 0.007833652 -1.794582725 0.008764178 -0.007807253 0.999931037 63.813671112
0.999960423 0.004605567 -0.007606643 1.276396155 -0.004549243 0.999962270 0.007405194 -1.756096125 0.007640461 -0.007370297 0.999943674 64.244888306
0.999957323 0.002714872 -0.008820767 1.288505554 -0.002652138 0.999971151 0.007115990 -1.751158237 0.008839831 -0.007092293 0.999935687 64.839141846
0.999965310 0.004545291 -0.006974859 1.247842073 -0.004479956 0.999946237 0.009354473 -1.814878345 0.007017003 -0.009322903 0.999931931 65.227127075
0.999962270 0.004000003 -0.007710184 1.351702571 -0.003938388 0.999960303 0.007990244 -1.843407869 0.007741841 -0.007959577 0.999938369 65.541847229
0.999962151 0.004512120 -0.007446988 1.353325129 -0.004449631 0.999954879 0.008386581 -1.855764866 0.007484494 -0.008353128 0.999937177 66.094322205
0.999962032 0.004670923 -0.007351471 1.374715924 -0.004614051 0.999959469 0.007734067 -1.878727198 0.007387298 -0.007699854 0.999943078 66.690879822
0.999961615 0.005095386 -0.007128589 1.367103100 -0.005039819 0.999956965 0.007791274 -1.867887974 0.007167981 -0.007755050 0.999944210 67.195220947
0.999961376 0.003881835 -0.007892833 1.411201000 -0.003821586 0.999963582 0.007634058 -1.905390978 0.007922180 -0.007603599 0.999939680 67.758682251
0.999962509 0.005724274 -0.006497137 1.331880093 -0.005675092 0.999955237 0.007562956 -1.890869975 0.006540139 -0.007525801 0.999950290 68.151916504
0.999966443 0.004411613 -0.006903395 1.324790716 -0.004359952 0.999962449 0.007480632 -1.932639837 0.006936137 -0.007450282 0.999948204 68.755477905
0.999964178 0.004181065 -0.007373627 1.333594561 -0.004126895 0.999964476 0.007346505 -1.943367004 0.007404082 -0.007315811 0.999945760 69.284774780
0.999964178 0.004761681 -0.006999836 1.373672128 -0.004705843 0.999957144 0.007972142 -1.994263172 0.007037497 -0.007938917 0.999943674 69.594764709
0.999965072 0.004788363 -0.006851721 1.372762322 -0.004732377 0.999955416 0.008164307 -1.998682261 0.006890510 -0.008131596 0.999943197 70.146522522
0.999963045 0.005027492 -0.006969463 1.378279924 -0.004970505 0.999954283 0.008169985 -2.011680126 0.007010218 -0.008135045 0.999942362 70.682922363
0.999960899 0.005869417 -0.006605179 1.406539917 -0.005815015 0.999949276 0.008225398 -2.027676105 0.006653122 -0.008186668 0.999944329 71.071502686
0.999961019 0.005710853 -0.006736031 1.419011593 -0.005653367 0.999947727 0.008522360 -2.038842201 0.006784349 -0.008483945 0.999940991 71.600311279
0.999964356 0.005048669 -0.006764333 1.435189366 -0.004991262 0.999951601 0.008476921 -2.048448086 0.006806803 -0.008442855 0.999941170 72.142494202
0.999965549 0.005268084 -0.006410537 1.439321518 -0.005214706 0.999951839 0.008315037 -2.061131954 0.006454033 -0.008281321 0.999944866 72.689399719
0.999966085 0.004048217 -0.007162590 1.461549759 -0.003989931 0.999958932 0.008133286 -2.062272310 0.007195221 -0.008104431 0.999941289 73.092559814
0.999966264 0.003693287 -0.007325414 1.485370517 -0.003633651 0.999960244 0.008137443 -2.098700047 0.007355177 -0.008110548 0.999940038 73.728286743
0.999964237 0.003789187 -0.007555776 1.502802610 -0.003727938 0.999960244 0.008103872 -2.111846685 0.007586182 -0.008075416 0.999938548 74.254898071
0.999961555 0.005163976 -0.007081900 1.527595520 -0.005104832 0.999952137 0.008344144 -2.133728743 0.007124649 -0.008307674 0.999940097 74.742042542
0.999963701 0.003367150 -0.007824636 1.519286275 -0.003302631 0.999960601 0.008244076 -2.137300253 0.007852087 -0.008217935 0.999935329 75.316886902
0.999958158 0.006112178 -0.006804794 1.557506084 -0.006051540 0.999942124 0.008896184 -2.182069302 0.006858775 -0.008854633 0.999937296 75.762069702
0.999959648 0.005991317 -0.006694559 1.572097778 -0.005933690 0.999945462 0.008594922 -2.193047523 0.006745689 -0.008554852 0.999940634 76.338211060
0.999959767 0.005853871 -0.006794365 1.582962275 -0.005793783 0.999944210 0.008830198 -2.209607840 0.006845677 -0.008790478 0.999937952 76.887207031
0.999958515 0.005614612 -0.007165498 1.592167377 -0.005554326 0.999949217 0.008405808 -2.221715689 0.007212331 -0.008365661 0.999938965 77.430618286
0.999958396 0.005864604 -0.006988778 1.598424435 -0.005807706 0.999950051 0.008134156 -2.227764368 0.007036133 -0.008093230 0.999942422 78.007308960
0.999970853 0.004779654 -0.005956450 1.620857000 -0.004733136 0.999958515 0.007799241 -2.232381582 0.005993480 -0.007770822 0.999951839 78.509582520
0.999975085 0.005253676 -0.004716062 1.634791970 -0.005216645 0.999955714 0.007830502 -2.253035069 0.004756992 -0.007805707 0.999958217 79.083427429
0.999975145 0.006170167 -0.003403143 1.645487547 -0.006142732 0.999948978 0.008013892 -2.274982214 0.003452416 -0.007992787 0.999962091 79.601913452
0.999983668 0.005320183 -0.002100755 1.650081992 -0.005303081 0.999953449 0.008063510 -2.289835453 0.002143556 -0.008052236 0.999965250 80.140693665
0.999983370 0.005564510 0.001542784 1.670750618 -0.005577336 0.999948859 0.008437361 -2.314540148 -0.001495755 -0.008445824 0.999963224 80.664802551
0.999968708 0.006432877 0.004592364 1.699301958 -0.006471232 0.999943912 0.008386522 -2.323503017 -0.004538156 -0.008415976 0.999954283 81.198242188
0.999959528 0.005627815 0.007032800 1.723442793 -0.005685150 0.999950528 0.008159139 -2.341783762 -0.006986535 -0.008198789 0.999942005 81.767913818
0.999926805 0.005101236 0.010970840 1.753891945 -0.005182500 0.999959230 0.007391606 -2.341866732 -0.010932688 -0.007447919 0.999912500 82.282249451
0.999853373 0.005564811 0.016192617 1.798679352 -0.005695708 0.999951363 0.008048821 -2.371851206 -0.016147040 -0.008139870 0.999836445 82.792678833
0.999748647 0.003814067 0.022093995 1.831342578 -0.003986041 0.999962091 0.007744943 -2.359961987 -0.022063620 -0.007831064 0.999725878 83.341728210
0.999584198 0.004979910 0.028401582 1.822290897 -0.005199342 0.999957144 0.007657427 -2.374664783 -0.028362231 -0.007801914 0.999567270 84.025207520
0.999338448 0.003961305 0.036151759 1.856251478 -0.004218949 0.999966204 0.007053210 -2.377834797 -0.036122594 -0.007201066 0.999321401 84.559036255
0.999020398 0.003938464 0.044077087 1.920104623 -0.004277934 0.999961853 0.007610093 -2.410324812 -0.044045430 -0.007791196 0.998999059 85.121253967
0.998706996 0.003208280 0.050735451 1.972236633 -0.003597766 0.999964714 0.007587336 -2.425823212 -0.050709318 -0.007760059 0.998683274 85.669227600
0.998215914 0.003197693 0.059622057 2.031172991 -0.003628916 0.999968052 0.007125736 -2.441679239 -0.059597373 -0.007329386 0.998195589 86.201400757
0.997554958 0.003323271 0.069807634 2.096474171 -0.003842278 0.999965966 0.007301885 -2.461527824 -0.069780976 -0.007552252 0.997533739 86.737220764
0.996909380 0.002827904 0.078508347 2.150334835 -0.003375032 0.999970913 0.006837241 -2.469234228 -0.078486733 -0.007081079 0.996890008 87.302024841
0.996250510 0.002372956 0.086482428 2.217603683 -0.002944318 0.999974668 0.006479725 -2.475981236 -0.086464860 -0.006710063 0.996232271 87.860076904
0.995303690 0.001615410 0.096788168 2.298334122 -0.002255875 0.999976277 0.006508119 -2.488401413 -0.096775353 -0.006695897 0.995283663 88.393959045
0.994249225 0.001370828 0.107082151 2.384333611 -0.002096499 0.999975622 0.006664498 -2.504956961 -0.107070401 -0.006850670 0.994227827 88.941329956
0.993272543 0.000832206 0.115797192 2.477603912 -0.001595107 0.999977648 0.006495744 -2.523874521 -0.115789197 -0.006636753 0.993251622 89.461006165
0.991910160 0.000692600 0.126939729 2.569906235 -0.001494566 0.999979436 0.006222554 -2.532434225 -0.126932815 -0.006361934 0.991890848 90.010704041
0.990265310 0.000786353 0.139190331 2.665234566 -0.001654723 0.999979913 0.006123113 -2.544315100 -0.139182687 -0.006293828 0.990246713 90.568489075
0.988664746 0.000053525 0.150139913 2.774584770 -0.000967247 0.999981463 0.006012784 -2.561739922 -0.150136814 -0.006089849 0.988646448 91.123184204
0.987124860 0.000043717 0.159951687 2.881289482 -0.001019736 0.999981344 0.006019879 -2.574528217 -0.159948424 -0.006105481 0.987106442 91.657684326
0.985059977 0.000137947 0.172211498 2.992712975 -0.001199900 0.999980867 0.006062482 -2.586807966 -0.172207370 -0.006178544 0.985041261 92.193481445
0.982839167 -0.000394711 0.184463993 3.120961189 -0.000659680 0.999983728 0.005654565 -2.596131802 -0.184463233 -0.005679215 0.982823014 92.731712341
0.980779409 -0.000879030 0.195117474 3.250687599 -0.000223728 0.999984145 0.005629654 -2.607628822 -0.195119306 -0.005565104 0.980763733 93.259704590
0.978081822 -0.000920693 0.208218932 3.390797615 -0.000200869 0.999985695 0.005365246 -2.620288134 -0.208220929 -0.005289475 0.978067517 93.799545288
0.975116014 -0.001488344 0.221690118 3.538963318 0.000288450 0.999985158 0.005444760 -2.632042885 -0.221694887 -0.005245326 0.975101948 94.321784973
0.972452164 -0.001580223 0.233097211 3.689615250 0.000295503 0.999984622 0.005546335 -2.647983789 -0.233102337 -0.005324665 0.972437561 94.858436584
0.969343185 -0.001714750 0.245704874 3.860965729 0.000310510 0.999983370 0.005753777 -2.664664507 -0.245710656 -0.005501091 0.969327629 95.405624390
0.965655744 -0.002120785 0.259816200 4.030801773 0.000529263 0.999980688 0.006195372 -2.684765339 -0.259824306 -0.005845085 0.965638220 95.918563843
0.962204754 -0.001931207 0.272319704 4.209873199 0.000330242 0.999982417 0.005924699 -2.702440023 -0.272326350 -0.005610843 0.962188601 96.436111450
0.959098101 -0.002735371 0.283060580 4.401527405 0.001017916 0.999980152 0.006214345 -2.723300934 -0.283072025 -0.005672034 0.959081888 96.941543579
0.954708040 -0.002224759 0.297535986 4.588802338 0.000380296 0.999980271 0.006256869 -2.732649803 -0.297544062 -0.005860331 0.954690099 97.475166321
0.950290382 -0.002886284 0.311351359 4.790672302 0.000844917 0.999977231 0.006691158 -2.751721621 -0.311363637 -0.006095477 0.950271249 97.985687256
0.946540177 -0.003032656 0.322571725 4.987098694 0.000966949 0.999977946 0.006563914 -2.759147644 -0.322584569 -0.005901098 0.946522236 98.512458801
0.942130208 -0.003338338 0.335230380 5.200115204 0.001141438 0.999976575 0.006750212 -2.777591705 -0.335245073 -0.005976934 0.942111909 99.025115967
0.936894238 -0.003329393 0.349597007 5.417404175 0.001144390 0.999978483 0.006456429 -2.784320354 -0.349611044 -0.005648917 0.936877906 99.548355103
0.932228684 -0.003905478 0.361848682 5.639247894 0.001596691 0.999976397 0.006679324 -2.798269749 -0.361866236 -0.005648897 0.932212889 100.061859131
0.927619755 -0.003867333 0.373505861 5.858514786 0.001613445 0.999978483 0.006346853 -2.807809353 -0.373522371 -0.005284836 0.927606046 100.552886963
0.921863496 -0.004381869 0.387489974 6.101909637 0.002149795 0.999978483 0.006193597 -2.815599442 -0.387508780 -0.004876628 0.921853125 101.058624268
0.916460514 -0.004909254 0.400095075 6.348827362 0.002660661 0.999977410 0.006175413 -2.826752663 -0.400116295 -0.004595005 0.916452825 101.549156189
0.911893010 -0.005819509 0.410386652 6.588718414 0.003641393 0.999974787 0.006088898 -2.839352846 -0.410411686 -0.004058045 0.911891282 102.028518677
0.906553447 -0.007209169 0.422029525 6.854488373 0.004886140 0.999966383 0.006585748 -2.861177444 -0.422062784 -0.003908237 0.906558096 102.502487183
0.899887323 -0.006761411 0.436069965 7.107307434 0.004277535 0.999968529 0.006677594 -2.878168106 -0.436101466 -0.004143779 0.899887979 102.986557007
0.894100785 -0.007354623 0.447805256 7.370048523 0.004895487 0.999965847 0.006648676 -2.887497902 -0.447838932 -0.003752362 0.894106388 103.463172913
0.888543546 -0.008004319 0.458722383 7.642696381 0.005625669 0.999962628 0.006551608 -2.898562908 -0.458757669 -0.003240768 0.888555467 103.925163269
0.881433129 -0.007921102 0.472242355 7.927124023 0.005468774 0.999963462 0.006565391 -2.912123442 -0.472277135 -0.003204365 0.881444275 104.402511597
0.874405444 -0.008296245 0.485125214 8.215415955 0.005798400 0.999961019 0.006649359 -2.926959038 -0.485161573 -0.003001284 0.874419391 104.853302002
