1.000000000 0.000000000 0.000000000 0.000000000 0.000000000 1.000000000 0.000000000 0.000000000 0.000000000 0.000000000 1.000000000 0.000000000
1.000000000 -0.000089771 -0.000068676 0.000899307 0.000089779 1.000000000 0.000121054 -0.000755214 0.000068665 -0.000121060 1.000000000 -0.000590564
1.000000000 0.000034051 -0.000195868 0.001680009 -0.000034057 1.000000000 -0.000031277 0.000324370 0.000195867 0.000031284 1.000000000 -0.001128292
1.000000000 -0.000007498 -0.000084394 0.000408828 0.000007493 1.000000000 -0.000052845 -0.000072001 0.000084394 0.000052845 1.000000000 0.001341514
1.000000000 0.000024371 -0.000131788 0.000428084 -0.000024374 1.000000000 -0.000025275 -0.000580011 0.000131787 0.000025279 1.000000000 -0.001476793
1.000000000 -0.000104755 -0.000218574 0.001326955 0.000104748 1.000000000 -0.000028794 -0.000622060 0.000218577 0.000028771 1.000000000 -0.002044676
1.000000000 -0.000078612 -0.000044770 0.001268186 0.000078615 1.000000000 0.000065988 -0.001083244 0.000044765 -0.000065991 1.000000000 -0.001215253
1.000000000 -0.000033719 -0.000017147 0.001271226 0.000033719 1.000000000 0.000048137 -0.000368958 0.000017146 -0.000048138 1.000000000 0.000045753
1.000000000 -0.000209829 -0.000019672 0.000891035 0.000209829 1.000000000 -0.000014079 -0.000043235 0.000019675 0.000014075 1.000000000 -0.000378671
1.000000000 -0.000149318 -0.000048647 0.001407006 0.000149318 1.000000000 -0.000000870 0.000698583 0.000048647 0.000000863 1.000000000 0.001378066
1.000000000 -0.000171334 -0.000157785 0.001797088 0.000171337 1.000000000 0.000020019 -0.000624258 0.000157782 -0.000020046 1.000000000 -0.000330300
1.000000000 0.000023685 -0.000011260 0.000300033 -0.000023688 1.000000000 -0.000230777 0.001727809 0.000011255 0.000230777 1.000000000 0.000476212
0.999999881 -0.000398514 -0.000161436 0.001546557 0.000398542 0.999999881 0.000172831 -0.001405477 0.000161368 -0.000172895 1.000000000 -0.001673237
1.000000000 -0.000103652 0.000001073 -0.000266497 0.000103652 1.000000000 0.000079130 -0.000477396 -0.000001081 -0.000079130 1.000000000 0.000029430
1.000000000 -0.000160750 -0.000026700 0.000775070 0.000160752 1.000000000 0.000091510 -0.000588660 0.000026685 -0.000091514 1.000000000 -0.000474126
1.000000000 -0.000033890 -0.000065503 0.000452596 0.000033890 1.000000000 -0.000004481 -0.000489380 0.000065504 0.000004479 1.000000000 -0.001659559
1.000000000 0.000084041 0.000148572 -0.001203251 -0.000084037 1.000000000 -0.000030197 0.000206152 -0.000148574 0.000030185 1.000000000 0.000133368
1.000000000 0.000049881 -0.000221907 0.000952314 -0.000049887 1.000000000 -0.000027138 0.000027546 0.000221906 0.000027149 1.000000000 -0.000432325
1.000000000 -0.000172898 -0.000137897 0.001363401 0.000172899 1.000000000 0.000012431 -0.000283683 0.000137894 -0.000012455 1.000000000 -0.000962391
1.000000000 -0.000193789 -0.000121802 0.001026175 0.000193779 1.000000000 -0.000086384 0.000420870 0.000121819 0.000086360 1.000000000 -0.000592850
1.000000000 0.000030982 -0.000029278 0.000114615 -0.000030987 1.000000000 -0.000175145 0.000558516 0.000029273 0.000175146 1.000000000 -0.001032686
1.000000000 0.000000327 -0.000075673 0.000739496 -0.000000324 1.000000000 0.000042974 0.000079726 0.000075673 -0.000042974 1.000000000 -0.000822071
1.000000000 -0.000074023 0.000055304 0.000450640 0.000074018 1.000000000 0.000086384 -0.000800855 -0.000055311 -0.000086380 1.000000000 0.000685701
1.000000000 -0.000072074 -0.000170213 0.001521625 0.000072078 1.000000000 0.000025054 0.000596032 0.000170211 -0.000025066 1.000000000 -0.000350755
1.000000000 -0.000010930 -0.000028405 0.000676620 0.000010929 1.000000000 -0.000049244 0.000343577 0.000028406 0.000049244 1.000000000 -0.000534020
1.000000000 -0.000022273 -0.000130813 0.001250758 0.000022255 1.000000000 -0.000139655 0.000610245 0.000130816 0.000139652 1.000000000 -0.002383418
1.000000000 0.000052607 -0.000106038 -0.000042654 -0.000052628 1.000000000 -0.000198080 0.000798424 0.000106027 0.000198085 1.000000000 -0.001312253
1.000000000 -0.000044794 -0.000117803 0.000771145 0.000044783 1.000000000 -0.000089876 -0.000081518 0.000117807 0.000089871 1.000000000 -0.000929112
0.999999940 -0.000217024 -0.000201000 0.001066001 0.000217027 1.000000000 0.000014889 0.001023845 0.000200996 -0.000014932 1.000000000 0.001713338
1.000000000 -0.000022100 -0.000088825 0.000398909 0.000022086 1.000000000 -0.000165367 0.001200797 0.000088829 0.000165365 1.000000000 -0.000249557
1.000000000 -0.000120448 -0.000172769 0.001405673 0.000120462 1.000000000 0.000084543 -0.000080719 0.000172759 -0.000084564 1.000000000 -0.001001610
1.000000000 -0.000087594 -0.000117916 0.000670201 0.000087598 1.000000000 0.000034329 0.000078118 0.000117913 -0.000034340 1.000000000 0.000328494
1.000000000 -0.000064945 -0.000054214 0.000014983 0.000064946 1.000000000 0.000009143 -0.000197265 0.000054213 -0.000009147 1.000000000 -0.000682010
1.000000000 -0.000116967 -0.000188530 0.001148569 0.000116971 1.000000000 0.000021923 0.000305107 0.000188527 -0.000021945 1.000000000 0.000041949
1.000000000 -0.000032257 -0.000103372 0.001548422 0.000032248 1.000000000 -0.000082649 0.000209114 0.000103375 0.000082645 1.000000000 -0.000435718
1.000000000 0.000012198 -0.000069293 -0.000006731 -0.000012204 1.000000000 -0.000099780 0.002269946 0.000069292 0.000099781 1.000000000 0.001853950
0.999999940 -0.000264748 -0.000115865 0.000794781 0.000264746 0.999999940 -0.000022814 0.001049738 0.000115871 0.000022784 1.000000000 0.001541874
1.000000000 -0.000238551 -0.000040776 0.000566041 0.000238556 0.999999940 0.000128944 -0.000378030 0.000040745 -0.000128954 1.000000000 -0.000104148
0.999999940 -0.000335478 -0.000115954 0.001268942 0.000335470 0.999999940 -0.000071187 0.000742862 0.000115978 0.000071149 1.000000000 0.000051313
0.999999940 -0.000321546 0.000005050 0.001624201 0.000321546 0.999999940 -0.000052232 -0.000904136 -0.000005033 0.000052234 1.000000000 -0.001684925
0.999999940 -0.000308240 0.000063540 0.001149842 0.000308279 0.999999762 -0.000612517 -0.002582167 -0.000063352 0.000612536 0.999999821 0.051798806
0.999999940 0.000286968 0.000040220 0.001119361 -0.000286919 0.999999225 -0.001202207 -0.005367771 -0.000040565 0.001202195 0.999999285 0.136156812
0.999999940 0.000242437 -0.000105461 0.005212004 -0.000242576 0.999999106 -0.001315603 -0.007651750 0.000105142 0.001315629 0.999999106 0.251118839
0.999999881 0.000342705 -0.000308098 0.006658243 -0.000343044 0.999999344 -0.001099491 -0.015553841 0.000307721 0.001099596 0.999999344 0.381202310
1.000000000 0.000071861 -0.000168577 0.009663336 -0.000072038 0.999999464 -0.001051008 -0.019285740 0.000168502 0.001051020 0.999999404 0.530219793
0.999999940 0.000263849 -0.000257536 0.013409092 -0.000264081 0.999999583 -0.000900392 -0.025489578 0.000257299 0.000900460 0.999999583 0.678996027
0.999999940 0.000359859 -0.000038240 0.017178420 -0.000359897 0.999999404 -0.001015291 -0.022876794 0.000037875 0.001015304 0.999999464 0.849619627
0.999999940 0.000095106 0.000362178 0.014706724 -0.000094782 0.999999583 -0.000894048 -0.027279684 -0.000362263 0.000894014 0.999999523 1.013664484
0.999999881 0.000345814 0.000251287 0.015789427 -0.000345777 0.999999940 -0.000147002 -0.036655333 -0.000251338 0.000146916 0.999999940 1.185853839
0.999999940 0.000216293 0.000122628 0.023010587 -0.000216322 0.999999940 0.000234296 -0.043240227 -0.000122577 -0.000234323 0.999999940 1.371315837
1.000000000 -0.000010443 -0.000052474 0.033730492 0.000010411 0.999999821 -0.000602593 -0.044647262 0.000052480 0.000602593 0.999999821 1.574904323
0.999999464 0.000808793 0.000674215 0.021652289 -0.000808812 0.999999702 0.000027425 -0.051365320 -0.000674193 -0.000027970 0.999999762 1.770671010
0.999999344 0.000670353 0.000940209 0.026278298 -0.000670897 0.999999583 0.000578560 -0.067409560 -0.000939820 -0.000579190 0.999999404 1.930814266
0.999997437 0.001023245 0.002040299 0.022273012 -0.001023677 0.999999464 0.000210342 -0.070158333 -0.002040083 -0.000212431 0.999997914 2.138237476
0.999998093 0.001084359 0.001629001 0.030210245 -0.001084224 0.999999344 -0.000083935 -0.072358467 -0.001629091 0.000082168 0.999998689 2.361394882
0.999998748 0.000923892 0.001265277 0.037571013 -0.000924601 0.999999404 0.000559847 -0.085264109 -0.001264759 -0.000561016 0.999998987 2.575619459
0.999997675 0.001688018 0.001322747 0.039026834 -0.001688925 0.999998331 0.000684964 -0.094247237 -0.001321589 -0.000687197 0.999998868 2.804954052
0.999998868 0.001070759 0.001060869 0.043829881 -0.001071715 0.999999046 0.000901250 -0.100700527 -0.001059903 -0.000902386 0.999998987 3.036629200
0.999998450 0.000803553 0.001541586 0.052604552 -0.000804417 0.999999464 0.000560038 -0.105165102 -0.001541136 -0.000561277 0.999998629 3.286197424
0.999998987 0.000823105 0.001269115 0.055238731 -0.000824218 0.999999285 0.000876225 -0.113714255 -0.001268393 -0.000877270 0.999998808 3.515599728
0.999998808 0.000739989 0.001340606 0.061474819 -0.000741148 0.999999344 0.000864590 -0.119177081 -0.001339965 -0.000865583 0.999998689 3.772293329
0.999998569 0.000670934 0.001541616 0.065007672 -0.000671269 0.999999702 0.000217231 -0.121102527 -0.001541470 -0.000218265 0.999998748 4.030994415
0.999997854 0.001372862 0.001543695 0.066271566 -0.001374147 0.999998629 0.000831757 -0.127505243 -0.001542550 -0.000833877 0.999998450 4.283057690
0.999998391 0.000830649 0.001543089 0.075830676 -0.000831779 0.999999344 0.000731390 -0.134114951 -0.001542481 -0.000732672 0.999998450 4.543476582
0.999998212 0.001003820 0.001565236 0.086077712 -0.001005165 0.999999166 0.000858497 -0.141156688 -0.001564373 -0.000860069 0.999998391 4.802350044
0.999998569 0.000723309 0.001543590 0.086784646 -0.000724536 0.999999464 0.000793935 -0.144344270 -0.001543015 -0.000795053 0.999998510 5.063762188
0.999999046 0.000483408 0.001315707 0.096311234 -0.000484393 0.999999702 0.000748398 -0.156419739 -0.001315344 -0.000749035 0.999998868 5.328308582
0.999998510 0.001041026 0.001403288 0.100053415 -0.001041566 0.999999404 0.000384075 -0.159290552 -0.001402887 -0.000385536 0.999998987 5.600405693
0.999999285 0.000502312 0.001094759 0.108689301 -0.000503011 0.999999642 0.000637729 -0.169658288 -0.001094438 -0.000638279 0.999999166 5.867499828
0.999999642 0.000422899 0.000786849 0.122615591 -0.000423603 0.999999464 0.000895487 -0.183122039 -0.000786470 -0.000895820 0.999999285 6.138699055
0.999998689 0.001163767 0.001098423 0.122218400 -0.001164528 0.999998987 0.000692083 -0.188263878 -0.001097616 -0.000693361 0.999999166 6.412975311
0.999997735 0.001030448 0.001849461 0.112490982 -0.001032241 0.999998927 0.000968733 -0.198962137 -0.001848461 -0.000970639 0.999997795 6.719645500
0.999997795 0.000924156 0.001885742 0.116409846 -0.000926963 0.999998450 0.001487955 -0.209277883 -0.001884364 -0.001489700 0.999997139 7.023139477
0.999998629 0.000402992 0.001543461 0.132104918 -0.000404749 0.999999285 0.001138747 -0.215350285 -0.001543001 -0.001139370 0.999998212 7.309991837
0.999998689 0.000391326 0.001539328 0.138994962 -0.000392982 0.999999344 0.001075357 -0.224576026 -0.001538906 -0.001075960 0.999998212 7.630780220
0.999997437 0.001189225 0.001886405 0.146913543 -0.001193032 0.999997199 0.002018003 -0.248300269 -0.001884000 -0.002020249 0.999996245 7.935462952
0.999998033 0.000875248 0.001750540 0.147385970 -0.000878515 0.999997854 0.001866401 -0.249678820 -0.001748902 -0.001867936 0.999996662 8.251406670
0.999998212 0.000338670 0.001899662 0.154500008 -0.000342255 0.999998212 0.001887181 -0.262171388 -0.001899019 -0.001887828 0.999996364 8.572508812
0.999997735 0.000671793 0.002019990 0.157348275 -0.000675296 0.999998391 0.001734050 -0.264807135 -0.002018822 -0.001735410 0.999996483 8.918739319
0.999998212 0.000314084 0.001858947 0.167945892 -0.000318062 0.999997616 0.002139978 -0.282359958 -0.001858271 -0.002140566 0.999996066 9.250164032
0.999998212 0.000741691 0.001695211 0.174348086 -0.000745829 0.999996722 0.002441881 -0.294299334 -0.001693395 -0.002443141 0.999995589 9.600158691
0.999998569 0.000366897 0.001603847 0.185311124 -0.000369885 0.999998212 0.001863497 -0.298644066 -0.001603160 -0.001864087 0.999996960 9.954478264
0.999998569 0.000533385 0.001598090 0.194277287 -0.000536090 0.999998450 0.001692682 -0.308524728 -0.001597185 -0.001693536 0.999997258 10.309834480
0.999998569 0.000305656 0.001665288 0.202176750 -0.000309188 0.999997795 0.002120911 -0.321576506 -0.001664636 -0.002121423 0.999996364 10.662800789
0.999998033 0.000449236 0.001901238 0.209688887 -0.000453417 0.999997437 0.002199297 -0.328475475 -0.001900245 -0.002200155 0.999995768 11.029301643
0.999998331 0.000293443 0.001786861 0.217740476 -0.000297183 0.999997735 0.002093180 -0.340487123 -0.001786243 -0.002093708 0.999996185 11.410018921
0.999998868 -0.000126794 0.001466655 0.237620637 0.000123079 0.999996781 0.002532495 -0.354099035 -0.001466972 -0.002532311 0.999995708 11.773242950
0.999998510 -0.000118171 0.001694909 0.235217378 0.000114638 0.999997795 0.002084887 -0.361981630 -0.001695151 -0.002084690 0.999996305 12.173735619
0.999998033 0.000114882 0.001983104 0.242950499 -0.000118629 0.999998152 0.001889644 -0.370636314 -0.001982884 -0.001889876 0.999996245 12.568406105
0.999997675 -0.000357350 0.002153557 0.248963594 0.000352847 0.999997795 0.002091149 -0.380428225 -0.002154299 -0.002090384 0.999995470 12.967485428
0.999998093 -0.000252637 0.001926403 0.254837662 0.000248420 0.999997556 0.002188677 -0.393510073 -0.001926951 -0.002188194 0.999995768 13.362335205
0.999998093 0.000073831 0.001941509 0.262998015 -0.000078378 0.999997258 0.002342131 -0.403724074 -0.001941330 -0.002342279 0.999995410 13.783097267
0.999996960 0.000040713 0.002469907 0.267431259 -0.000044536 0.999998808 0.001547844 -0.402570844 -0.002469842 -0.001547949 0.999995768 14.205457687
0.999997437 0.000152371 0.002264075 0.282401145 -0.000156369 0.999998450 0.001765883 -0.417100787 -0.002263803 -0.001766232 0.999995887 14.625791550
0.999996364 -0.000579346 0.002641272 0.293202430 0.000573069 0.999996960 0.002376753 -0.433644593 -0.002642641 -0.002375231 0.999993742 15.050062180
0.999996424 -0.000033044 0.002662102 0.304611355 0.000027475 0.999997795 0.002091996 -0.444019198 -0.002662165 -0.002091916 0.999994218 15.483132362
0.999995828 -0.000147149 0.002893276 0.316936791 0.000141495 0.999998093 0.001954216 -0.455266148 -0.002893558 -0.001953798 0.999993920 15.924145699
0.999995470 -0.000388214 0.002995664 0.330779970 0.000382542 0.999998152 0.001893687 -0.463192344 -0.002996394 -0.001892533 0.999993742 16.379631042
0.999994278 -0.000307918 0.003369835 0.334612519 0.000301544 0.999998093 0.001891700 -0.476758718 -0.003370411 -0.001890672 0.999992549 16.827520370
0.999993920 0.000005500 0.003486757 0.345766515 -0.000012713 0.999997854 0.002068682 -0.490278631 -0.003486739 -0.002068714 0.999991834 17.287742615
0.999992073 -0.000153412 0.003977141 0.354045421 0.000145508 0.999998033 0.001987425 -0.500572503 -0.003977437 -0.001986830 0.999990106 17.741540909
0.999991119 -0.000637001 0.004179292 0.368245900 0.000630130 0.999998510 0.001645326 -0.510321021 -0.004180334 -0.001642678 0.999989867 18.206602097
0.999990940 -0.000097847 0.004243454 0.380274713 0.000090788 0.999998569 0.001663627 -0.515501857 -0.004243611 -0.001663227 0.999989629 18.679985046
0.999989569 0.000623190 0.004514811 0.390059412 -0.000630815 0.999998391 0.001687641 -0.535422325 -0.004513752 -0.001690472 0.999988317 19.140825272
0.999988616 0.000339489 0.004761865 0.405713409 -0.000348719 0.999998093 0.001937647 -0.549983382 -0.004761198 -0.001939286 0.999986708 19.613481522
0.999991536 0.000080895 0.004131317 0.417742461 -0.000089044 0.999998093 0.001972247 -0.559213221 -0.004131149 -0.001972598 0.999989450 20.127874374
0.999990046 0.000272552 0.004452540 0.420292914 -0.000279575 0.999998689 0.001576760 -0.569576144 -0.004452103 -0.001577989 0.999988854 20.581989288
0.999989271 0.000678967 0.004587693 0.425725669 -0.000684355 0.999999046 0.001172945 -0.574862361 -0.004586893 -0.001176072 0.999988794 21.093379974
0.999991417 0.000595585 0.004108754 0.440099239 -0.000601474 0.999998748 0.001432413 -0.587935507 -0.004107896 -0.001434872 0.999990523 21.588235855
0.999993563 0.000736868 0.003511798 0.453783691 -0.000743079 0.999998271 0.001767443 -0.609917760 -0.003510488 -0.001770041 0.999992251 22.063400269
0.999995649 0.000451293 0.002949002 0.467241049 -0.000456811 0.999998212 0.001870480 -0.618571401 -0.002948153 -0.001871818 0.999993920 22.576404572
0.999993443 0.001246263 0.003403565 0.469108045 -0.001253024 0.999997258 0.001984945 -0.640159070 -0.003401083 -0.001989197 0.999992192 23.090721130
0.999996722 0.000630260 0.002485626 0.476116866 -0.000634641 0.999998271 0.001762113 -0.649084091 -0.002484510 -0.001763685 0.999995351 23.584852219
0.999998152 -0.000345647 0.001918664 0.487982392 0.000343256 0.999999106 0.001246332 -0.659656227 -0.001919093 -0.001245671 0.999997377 24.107967377
0.999998391 0.000593302 0.001682196 0.489974886 -0.000595904 0.999998569 0.001546969 -0.669352114 -0.001681275 -0.001547969 0.999997437 24.646306992
0.999999166 0.001130281 0.000662843 0.511253655 -0.001131924 0.999996245 0.002483868 -0.699679255 -0.000660033 -0.002484616 0.999996722 25.146533966
0.999999166 0.001306955 0.000352277 0.517367184 -0.001307832 0.999995947 0.002499685 -0.713374913 -0.000349009 -0.002500143 0.999996901 25.684293747
0.999999225 0.001166162 0.000488763 0.521197140 -0.001167095 0.999997437 0.001911652 -0.722611904 -0.000486533 -0.001912221 0.999998152 26.249114990
0.999999642 0.000133188 -0.000806705 0.544875085 -0.000130787 0.999995589 0.002974906 -0.741649747 0.000807097 -0.002974799 0.999995232 26.746278763
0.999999344 0.000393617 -0.001027037 0.551556647 -0.000390223 0.999994516 0.003302688 -0.759034693 0.001028331 -0.003302285 0.999994040 27.294876099
0.999998629 0.001526039 -0.000571851 0.554816782 -0.001524665 0.999995947 0.002395428 -0.769105434 0.000575504 -0.002394552 0.999996960 27.862379074
0.999997616 0.001508767 -0.001563544 0.563442707 -0.001504196 0.999994576 0.002920811 -0.786414266 0.001567943 -0.002918452 0.999994516 28.373317719
0.999997258 0.001515371 -0.001798378 0.573003054 -0.001510790 0.999995589 0.002545923 -0.799154580 0.001802228 -0.002543199 0.999995112 28.912504196
0.999995768 0.001498177 -0.002488996 0.587957919 -0.001491014 0.999994874 0.002877068 -0.814563036 0.002493294 -0.002873345 0.999992728 29.465044022
0.999995589 0.001419162 -0.002591624 0.594481111 -0.001410561 0.999993503 0.003317360 -0.827900112 0.002596315 -0.003313689 0.999991059 30.018779755
0.999994457 0.001735787 -0.002820375 0.600929618 -0.001728510 0.999995112 0.002580235 -0.840309918 0.002824840 -0.002575345 0.999992669 30.558761597
0.999994040 0.001786794 -0.002961225 0.609605730 -0.001778963 0.999994934 0.002644993 -0.854772687 0.002965936 -0.002639709 0.999992132 31.089027405
0.999993324 0.001926085 -0.003129604 0.615785837 -0.001917903 0.999994755 0.002615221 -0.866208732 0.003134625 -0.002609201 0.999991715 31.641487122
0.999993384 0.001340732 -0.003356191 0.629491329 -0.001331283 0.999995172 0.002816030 -0.884783030 0.003359950 -0.002811544 0.999990344 32.188640594
0.999992371 0.001755751 -0.003477727 0.633709490 -0.001745745 0.999994338 0.002878128 -0.894726515 0.003482760 -0.002872035 0.999989748 32.732070923
0.999991596 0.002505489 -0.003246978 0.634408593 -0.002496662 0.999993145 0.002719949 -0.908800960 0.003253771 -0.002711820 0.999991000 33.281356812
0.999990880 0.001667327 -0.003921286 0.652766585 -0.001657854 0.999995649 0.002417792 -0.917171478 0.003925300 -0.002411268 0.999989390 33.821399689
0.999989569 0.001466142 -0.004322453 0.665489256 -0.001453217 0.999994457 0.002991856 -0.938984692 0.004326815 -0.002985543 0.999986172 34.356563568
0.999991000 0.001900013 -0.003787938 0.659829915 -0.001890136 0.999994755 0.002609498 -0.943654060 0.003792876 -0.002602315 0.999989450 34.915382385
0.999989390 0.001550096 -0.004339156 0.676662803 -0.001538761 0.999995530 0.002614188 -0.958315969 0.004343188 -0.002607483 0.999987185 35.443847656
0.999988735 0.001843030 -0.004384444 0.682498276 -0.001832936 0.999995708 0.002305175 -0.969860494 0.004388673 -0.002297112 0.999987781 35.996944427
0.999987245 0.002022653 -0.004628818 0.695680141 -0.002012548 0.999995589 0.002186764 -0.983711720 0.004633220 -0.002177420 0.999986887 36.541690826
0.999986768 0.001795608 -0.004827437 0.699725449 -0.001785794 0.999996424 0.002036464 -0.993026316 0.004831076 -0.002027817 0.999986291 37.101142883
0.999985456 0.002128978 -0.004941734 0.713162541 -0.002118310 0.999995351 0.002162890 -1.011339307 0.004946316 -0.002152391 0.999985456 37.636440277
0.999984920 0.001623938 -0.005238396 0.725880146 -0.001613020 0.999996483 0.002087636 -1.023180604 0.005241768 -0.002079155 0.999984145 38.183647156
0.999983370 0.002300752 -0.005280352 0.737067938 -0.002287557 0.999994278 0.002503490 -1.047819138 0.005286083 -0.002491370 0.999982893 38.721252441
0.999983549 0.002365876 -0.005223517 0.732108295 -0.002353619 0.999994397 0.002351319 -1.057512879 0.005229051 -0.002338986 0.999983609 39.256771088
0.999983251 0.002210873 -0.005346489 0.749713361 -0.002192892 0.999991834 0.003366673 -1.081723571 0.005353889 -0.003354892 0.999980032 39.782489777
0.999984145 0.002193346 -0.005191277 0.757674873 -0.002180178 0.999994397 0.002540921 -1.087836981 0.005196822 -0.002529563 0.999983251 40.330684662
0.999981225 0.002036283 -0.005772567 0.763723195 -0.002022993 0.999995291 0.002307341 -1.100315452 0.005777238 -0.002295620 0.999980688 40.896072388
0.999979913 0.002871317 -0.005653029 0.771473408 -0.002860235 0.999993980 0.001967475 -1.104866505 0.005658645 -0.001951266 0.999982119 41.445484161
0.999980152 0.002390259 -0.005839442 0.784805179 -0.002375359 0.999993920 0.002557257 -1.129788041 0.005845519 -0.002543336 0.999979734 41.974395752
0.999976516 0.002806701 -0.006255069 0.784087420 -0.002792180 0.999993384 0.002329100 -1.136588812 0.006261565 -0.002311580 0.999977708 42.523929596
0.999973357 0.002914376 -0.006701852 0.795007646 -0.002896979 0.999992371 0.002604160 -1.153809428 0.006709392 -0.002584676 0.999974132 43.066265106
0.999973416 0.003278681 -0.006513093 0.807002425 -0.003261769 0.999991238 0.002605455 -1.167227149 0.006521579 -0.002584141 0.999975383 43.619113922
0.999977171 0.002236729 -0.006372593 0.805386066 -0.002219413 0.999993920 0.002723045 -1.186381817 0.006378644 -0.002708840 0.999975920 44.159896851
0.999976575 0.002322282 -0.006433943 0.817141652 -0.002307257 0.999994636 0.002341671 -1.192035556 0.006439346 -0.002326772 0.999976516 44.719768524
0.999978662 0.002379125 -0.006093359 0.826569676 -0.002365445 0.999994695 0.002251182 -1.203591585 0.006098682 -0.002236720 0.999978840 45.248977661
0.999977052 0.002272776 -0.006384024 0.827190638 -0.002257266 0.999994457 0.002435753 -1.220627785 0.006389523 -0.002421286 0.999976635 45.813732147
0.999976575 0.001777710 -0.006619429 0.839151263 -0.001760322 0.999994993 0.002631696 -1.238735437 0.006624073 -0.002619982 0.999974608 46.351543427
0.999977887 0.002361131 -0.006220735 0.840612888 -0.002345329 0.999993980 0.002546231 -1.245557904 0.006226708 -0.002531585 0.999977410 46.895439148
0.999977171 0.001988991 -0.006461130 0.840404510 -0.001972519 0.999994934 0.002554776 -1.264621735 0.006466177 -0.002541973 0.999975860 47.442359924
0.999979079 0.003107122 -0.005673731 0.837864161 -0.003094032 0.999992609 0.002314365 -1.274089098 0.005680880 -0.002296762 0.999981284 48.004539490
0.999973357 0.002111998 -0.006999122 0.868398547 -0.002094236 0.999994636 0.002544223 -1.286778688 0.007004458 -0.002529497 0.999972284 48.546005249
0.999979079 0.001586559 -0.006275704 0.857557178 -0.001570689 0.999995530 0.002532798 -1.305720925 0.006279693 -0.002522887 0.999977112 49.077636719
0.999980271 0.001909126 -0.005992646 0.861293733 -0.001894670 0.999995232 0.002416884 -1.317881584 0.005997233 -0.002405482 0.999979138 49.625625610
0.999985456 0.001445687 -0.005197324 0.859909296 -0.001430752 0.999994874 0.002876131 -1.335869551 0.005201456 -0.002868653 0.999982357 50.157909393
0.999980271 0.001671206 -0.006052478 0.873070240 -0.001660277 0.999996960 0.001810452 -1.344598413 0.006055486 -0.001800368 0.999980032 50.722797394
0.999982536 0.001641739 -0.005676703 0.880989432 -0.001627253 0.999995410 0.002555460 -1.367122650 0.005680872 -0.002546178 0.999980628 51.265445709
0.999980867 0.001547999 -0.005988004 0.898941159 -0.001536482 0.999996901 0.001927468 -1.372687817 0.005990970 -0.001918230 0.999980211 51.804000854
0.999981046 0.001541014 -0.005946448 0.891924620 -0.001528300 0.999996543 0.002142011 -1.389915466 0.005949728 -0.002132883 0.999980032 52.358104706
0.999979675 0.001259852 -0.006233552 0.902548790 -0.001246001 0.999996722 0.002225238 -1.400266171 0.006236334 -0.002217425 0.999978065 52.905056000
0.999981940 0.001181027 -0.005897276 0.902643085 -0.001167539 0.999996662 0.002290107 -1.420791745 0.005899960 -0.002283180 0.999979973 53.448986053
0.999983251 0.001821198 -0.005498591 0.907058775 -0.001809891 0.999996245 0.002060473 -1.431650996 0.005502323 -0.002050487 0.999982655 54.000110626
0.999983668 0.001728296 -0.005451989 0.910267234 -0.001715036 0.999995589 0.002435875 -1.452671409 0.005456175 -0.002426485 0.999982178 54.542766571
0.999983490 0.001678872 -0.005499944 0.918995798 -0.001666506 0.999996126 0.002252054 -1.466075063 0.005503703 -0.002242851 0.999982357 55.096946716
0.999980927 0.002138708 -0.005797098 0.932786822 -0.002126478 0.999995530 0.002115061 -1.479896665 0.005801595 -0.002102693 0.999980986 55.635677338
0.999979973 0.002082088 -0.005972945 0.938478529 -0.002068027 0.999995053 0.002359303 -1.492641211 0.005977828 -0.002346904 0.999979377 56.181236267
0.999984562 0.002182181 -0.005114112 0.953461885 -0.002169982 0.999994814 0.002389666 -1.513098478 0.005119300 -0.002378532 0.999984026 56.709869385
0.999981344 0.001936792 -0.005795571 0.959966838 -0.001922460 0.999995053 0.002477349 -1.524796605 0.005800340 -0.002466161 0.999980092 57.274616241
0.999980390 0.001691154 -0.006027419 0.963939190 -0.001677137 0.999995887 0.002329892 -1.538380146 0.006031335 -0.002319738 0.999979138 57.833141327
0.999981582 0.001826681 -0.005778377 0.972523689 -0.001814882 0.999996245 0.002046620 -1.553784490 0.005782093 -0.002036095 0.999981225 58.373771667
0.999980569 0.002110686 -0.005860481 0.977034986 -0.002101422 0.999996543 0.001586341 -1.553434730 0.005863809 -0.001573994 0.999981582 58.900981903
0.999981046 0.002150645 -0.005774011 0.986813188 -0.002141996 0.999996603 0.001503653 -1.569707870 0.005777224 -0.001491257 0.999982238 59.446582794
0.999980211 0.002188177 -0.005883971 0.987686336 -0.002179747 0.999996603 0.001438578 -1.578327537 0.005887099 -0.001425724 0.999981642 59.994045258
0.999981165 0.002208643 -0.005712822 0.996592283 -0.002198186 0.999995887 0.001835996 -1.595587134 0.005716853 -0.001823404 0.999981940 60.539867401
0.999979317 0.002377417 -0.005980151 1.000306368 -0.002369207 0.999996245 0.001379586 -1.604113340 0.005983409 -0.001365389 0.999981105 61.057525635
0.999975860 0.002287757 -0.006563226 1.016768932 -0.002277505 0.999996245 0.001569016 -1.622873664 0.006566791 -0.001554030 0.999977171 61.590713501
0.999979019 0.002283242 -0.006060668 1.015164495 -0.002274515 0.999996483 0.001446494 -1.630746484 0.006063947 -0.001432678 0.999980509 62.137920380
0.999981165 0.002922185 -0.005395987 1.016376853 -0.002913577 0.999994516 0.001602294 -1.648863554 0.005400639 -0.001586542 0.999984145 62.686836243
0.999982536 0.002668929 -0.005261862 1.017402291 -0.002662475 0.999995649 0.001233058 -1.657515287 0.005265130 -0.001219027 0.999985337 63.238582611
0.999978125 0.002845743 -0.005975191 1.042001247 -0.002837930 0.999995112 0.001315543 -1.670890927 0.005978906 -0.001298557 0.999981284 63.765922546
0.999978125 0.002297223 -0.006200896 1.048803687 -0.002290282 0.999996722 0.001126240 -1.685135484 0.006203464 -0.001112014 0.999980152 64.310707092
0.999973953 0.002426095 -0.006817718 1.065626860 -0.002417012 0.999996245 0.001340143 -1.695515037 0.006820944 -0.001323629 0.999975860 64.831840515
0.999975860 0.002795263 -0.006363857 1.064274192 -0.002787111 0.999995232 0.001289538 -1.710139275 0.006367432 -0.001271770 0.999978900 65.377952576
0.999979019 0.002910224 -0.005788997 1.066922188 -0.002902074 0.999994814 0.001415760 -1.730986238 0.005793087 -0.001398931 0.999982238 65.915428162
0.999978960 0.003184948 -0.005647493 1.072258234 -0.003180206 0.999994576 0.000848466 -1.737746239 0.005650164 -0.000830488 0.999983728 66.467063904
0.999974430 0.003426663 -0.006282566 1.086054087 -0.003416865 0.999992967 0.001569669 -1.767391324 0.006287900 -0.001548162 0.999978960 66.996337891
0.999980390 0.003174165 -0.005395780 1.081123233 -0.003164514 0.999993384 0.001796103 -1.779057741 0.005401445 -0.001778993 0.999983847 67.555526733
0.999978364 0.003152666 -0.005772394 1.098190784 -0.003142553 0.999993503 0.001760307 -1.798489094 0.005777907 -0.001742129 0.999981821 68.083633423
0.999976635 0.003105075 -0.006079032 1.107413530 -0.003099947 0.999994814 0.000852742 -1.807350874 0.006081649 -0.000833877 0.999981225 68.636940002
0.999977648 0.003506345 -0.005697396 1.107584476 -0.003499641 0.999993145 0.001186162 -1.818514943 0.005701516 -0.001166197 0.999983013 69.161682129
0.999976873 0.004620458 -0.005003523 1.107923865 -0.004613726 0.999988496 0.001355936 -1.833146095 0.005009730 -0.001332820 0.999986529 69.706115723
0.999973059 0.004795766 -0.005557594 1.117943287 -0.004786523 0.999987066 0.001675231 -1.846566916 0.005565557 -0.001648585 0.999983132 70.246269226
0.999976337 0.003644645 -0.005824814 1.132635951 -0.003639990 0.999993145 0.000809543 -1.857815027 0.005827723 -0.000788321 0.999982715 70.802764893
0.999978840 0.003077537 -0.005730242 1.143812656 -0.003072182 0.999994814 0.000943156 -1.875090599 0.005733117 -0.000925532 0.999983132 71.356544495
0.999974370 0.004041863 -0.005901359 1.151179671 -0.004032710 0.999990642 0.001562000 -1.896379113 0.005907618 -0.001538162 0.999981344 71.883689880
0.999974489 0.004100124 -0.005842700 1.160521269 -0.004092589 0.999990761 0.001301160 -1.912052631 0.005847982 -0.001277215 0.999982059 72.429458618
0.999974847 0.004218437 -0.005705886 1.163022637 -0.004210001 0.999990046 0.001489757 -1.929096937 0.005712111 -0.001465697 0.999982595 72.967086792
0.999970853 0.004404486 -0.006244568 1.171855211 -0.004395222 0.999989212 0.001496699 -1.942400932 0.006251094 -0.001469209 0.999979377 73.506278992
0.999972999 0.004040763 -0.006126358 1.178000689 -0.004032625 0.999991000 0.001340037 -1.954779029 0.006131718 -0.001315296 0.999980330 74.032379150
0.999971449 0.003964141 -0.006427291 1.191345572 -0.003953381 0.999990702 0.001685845 -1.972574592 0.006433914 -0.001660388 0.999977946 74.562858582
0.999972522 0.003754864 -0.006390166 1.197581649 -0.003743802 0.999991417 0.001742159 -1.987202764 0.006396653 -0.001718188 0.999978065 75.114807129
0.999972343 0.003922649 -0.006323305 1.206261158 -0.003909826 0.999990284 0.002039027 -2.007333279 0.006331241 -0.002014248 0.999977887 75.638084412
0.999971628 0.004079928 -0.006339930 1.211536050 -0.004068918 0.999990284 0.001748580 -2.018359900 0.006347003 -0.001722734 0.999978364 76.184371948
0.999972582 0.003886532 -0.006307936 1.219566822 -0.003875313 0.999990880 0.001789774 -2.029988766 0.006314836 -0.001765279 0.999978542 76.737541199
0.999974728 0.003620498 -0.006117069 1.224811196 -0.003610143 0.999992013 0.001702957 -2.045300722 0.006123186 -0.001680831 0.999979854 77.265098572
0.999972939 0.003041322 -0.006693372 1.243161440 -0.003033005 0.999994576 0.001252345 -2.054980278 0.006697145 -0.001232010 0.999976814 77.806510925
0.999973893 0.003843092 -0.006120751 1.235566258 -0.003832044 0.999991000 0.001815586 -2.077893257 0.006127673 -0.001792084 0.999979615 78.352653503
0.999975264 0.003078721 -0.006320433 1.254416585 -0.003068526 0.999993980 0.001621968 -2.092166901 0.006325388 -0.001602534 0.999978662 78.897048950
0.999971628 0.004362586 -0.006137186 1.253451705 -0.004352098 0.999989033 0.001721176 -2.104987144 0.006144629 -0.001694417 0.999979675 79.428985596
0.999973476 0.004113781 -0.006007592 1.260849237 -0.004104326 0.999990344 0.001585443 -2.118568897 0.006014056 -0.001560744 0.999980688 79.967811584
0.999976575 0.004614425 -0.005050158 1.270259142 -0.004604941 0.999987602 0.001887947 -2.133985519 0.005058807 -0.001864647 0.999985456 80.524497986
0.999980628 0.004625808 -0.004168396 1.280799150 -0.004618575 0.999987721 0.001743063 -2.150358915 0.004176410 -0.001723777 0.999989808 81.063507080
0.999984741 0.004765024 -0.002797925 1.284773350 -0.004759461 0.999986827 0.001991869 -2.164976358 0.002807381 -0.001978522 0.999994099 81.596229553
0.999989092 0.004453079 -0.001370087 1.296521902 -0.004450454 0.999988258 0.001913703 -2.179437876 0.001378594 -0.001907584 0.999997258 82.135414124
0.999987483 0.004719352 0.001663890 1.316872835 -0.004722404 0.999987185 0.001835042 -2.191064358 -0.001655208 -0.001842877 0.999996960 82.687393188
0.999975204 0.004197600 0.005647823 1.324820161 -0.004206172 0.999989986 0.001506714 -2.199786663 -0.005641442 -0.001530432 0.999982893 83.220184326
0.999952435 0.003726964 0.009012297 1.345787168 -0.003741277 0.999991715 0.001571725 -2.216940165 -0.009006364 -0.001605368 0.999958158 83.768424988
0.999899268 0.004318099 0.013518217 1.364563942 -0.004342019 0.999988973 0.001740539 -2.238206625 -0.013510555 -0.001799060 0.999907076 84.305786133
0.999805927 0.003861703 0.019318894 1.390185475 -0.003906542 0.999989748 0.002283731 -2.256855011 -0.019309878 -0.002358758 0.999810755 84.852600098
0.999675453 0.004362964 0.025099372 1.416367650 -0.004413672 0.999988317 0.001965279 -2.268841028 -0.025090506 -0.002075421 0.999683022 85.397613525
0.999514341 0.004286272 0.030865053 1.448740482 -0.004339586 0.999989152 0.001660544 -2.280382633 -0.030857604 -0.001793679 0.999522150 85.941139221
0.999237239 0.003784544 0.038867168 1.482933283 -0.003864967 0.999990642 0.001994278 -2.295620680 -0.038859259 -0.002142977 0.999242544 86.499763489
0.998893142 0.003014758 0.046940185 1.534666061 -0.003107694 0.999993324 0.001907018 -2.312281847 -0.046934124 -0.002050782 0.998895943 87.036788940
0.998531222 0.003637646 0.054056998 1.570031166 -0.003759002 0.999990642 0.002143465 -2.324398994 -0.054048695 -0.002343517 0.998535573 87.574981689
0.998023033 0.003325381 0.062761664 1.631733894 -0.003433324 0.999992847 0.001612127 -2.335132122 -0.062755853 -0.001824421 0.998027265 88.121490479
0.997305155 0.003495358 0.073281713 1.679374218 -0.003654880 0.999991238 0.002042846 -2.353771210 -0.073273949 -0.002305177 0.997309208 88.649444580
0.996658981 0.003309003 0.081607901 1.743132591 -0.003477268 0.999992073 0.001919834 -2.363797426 -0.081600897 -0.002197192 0.996662736 89.196647644
0.996020496 0.002575976 0.089087605 1.813824177 -0.002735430 0.999994874 0.001667817 -2.377228260 -0.089082852 -0.001904872 0.996022463 89.769294739
0.994921446 0.002853140 0.100614123 1.869891167 -0.003028003 0.999994159 0.001585279 -2.390938520 -0.100609027 -0.001881888 0.994924247 90.271064758
0.993788540 0.003314845 0.111235909 1.944379807 -0.003506206 0.999992669 0.001524742 -2.404954433 -0.111230038 -0.001905287 0.993792832 90.814582825
0.992771864 0.002428782 0.119991966 2.035545349 -0.002638068 0.999995291 0.001585351 -2.418557167 -0.119987555 -0.001890439 0.992773533 91.372070312
0.991246641 0.002155236 0.132005423 2.112072945 -0.002425499 0.999995291 0.001886596 -2.438057661 -0.132000744 -0.002190261 0.991247177 91.914085388
0.989606142 0.001846232 0.143791839 2.215448380 -0.002087997 0.999996603 0.001530472 -2.452450275 -0.143788561 -0.001814801 0.989606738 92.453971863
0.988005042 0.001669293 0.154411942 2.321400642 -0.001997004 0.999996066 0.001967228 -2.472267151 -0.154408053 -0.002251993 0.988004565 93.002494812
0.986333668 0.001139025 0.164756134 2.431700706 -0.001460666 0.999997258 0.001831083 -2.482857466 -0.164753571 -0.002046713 0.986332655 93.518150330
0.984017313 0.001019077 0.178070381 2.545527458 -0.001345239 0.999997616 0.001710917 -2.494207382 -0.178068236 -0.001923119 0.984016299 94.044242859
0.981718004 0.001051776 0.190338358 2.667050362 -0.001392746 0.999997675 0.001657625 -2.507750988 -0.190336153 -0.001892413 0.981717110 94.606170654
0.979662478 0.000404464 0.200652659 2.792808533 -0.000697431 0.999998808 0.001389381 -2.516178131 -0.200651884 -0.001501066 0.979661465 95.141662598
0.977005482 0.000486269 0.213213712 2.944105148 -0.000918595 0.999997795 0.001928605 -2.540499449 -0.213212326 -0.002080115 0.977003694 95.656860352
0.973861396 0.000911247 0.227141336 3.060308456 -0.001361614 0.999997377 0.001826084 -2.545960665 -0.227139086 -0.002087631 0.973860085 96.174293518
0.971187949 0.000950027 0.238312870 3.206884384 -0.001481782 0.999996841 0.002052197 -2.563960791 -0.238310158 -0.002346197 0.971186280 96.704452515
0.968180478 0.000415760 0.250252575 3.363725662 -0.000894111 0.999997914 0.001797792 -2.572141647 -0.250251353 -0.001964341 0.968178868 97.231010437
0.964307189 0.000491398 0.264785349 3.515741348 -0.001016228 0.999997735 0.001845111 -2.590364933 -0.264783889 -0.002048336 0.964305580 97.765441895
0.960885465 -0.000068140 0.276945800 3.689672470 -0.000504707 0.999997854 0.001997161 -2.605221748 -0.276945353 -0.002058820 0.960883439 98.290199280
0.957666814 -0.000301071 0.287878573 3.871505737 -0.000088425 0.999999046 0.001339984 -2.614354372 -0.287878811 -0.001308714 0.957665920 98.825164795
0.953258991 -0.001193757 0.302151889 4.042659760 0.000529719 0.999997258 0.002279628 -2.631307125 -0.302153796 -0.002013020 0.953257084 99.320304871
0.948891640 -0.001778549 0.315596998 4.241674423 0.001142150 0.999996960 0.002201436 -2.644732237 -0.315599948 -0.001728465 0.948890746 99.819549561
0.944792569 -0.001693472 0.327664644 4.427589417 0.001191331 0.999997735 0.001733194 -2.651985645 -0.327666879 -0.001247152 0.944792449 100.339370728
0.940177917 -0.001914340 0.340678573 4.639032364 0.001512259 0.999997795 0.001445774 -2.664386272 -0.340680599 -0.000844091 0.940178633 100.861846924
0.935066581 -0.002705667 0.354461819 4.852512360 0.002184704 0.999995887 0.001869913 -2.681645632 -0.354465336 -0.000974099 0.935068607 101.353683472
0.930402875 -0.002449238 0.366530389 5.069522858 0.001673374 0.999995708 0.002434494 -2.701256514 -0.366534650 -0.001651718 0.930402875 101.861549377
0.925669849 -0.002956232 0.378320754 5.301761627 0.002555305 0.999995470 0.001561768 -2.704809904 -0.378323764 -0.000478956 0.925673187 102.374801636
0.919943452 -0.003617905 0.392034501 5.540336609 0.003055198 0.999993205 0.002059184 -2.724300146 -0.392039299 -0.000696589 0.919948161 102.856399536
0.914095998 -0.003863925 0.405479431 5.772743225 0.003473163 0.999992669 0.001699446 -2.733693123 -0.405483067 -0.000145161 0.914102495 103.361755371
0.909114182 -0.004642719 0.416521221 6.022460938 0.004571959 0.999988914 0.001167371 -2.748022079 -0.416522086 0.000843045 0.909125149 103.833206177
0.902632773 -0.004715001 0.430385739 6.281684875 0.004326676 0.999988854 0.001880988 -2.761308908 -0.430389762 0.000164298 0.902643144 104.351036072
0.896301091 -0.005142434 0.443416238 6.550662994 0.004585366 0.999986768 0.002328509 -2.779952765 -0.443422318 -0.000053819 0.896312833 104.827117920
0.890277684 -0.005881744 0.455380261 6.816646576 0.005337311 0.999982655 0.002481343 -2.799479485 -0.455386937 0.000221422 0.890293658 105.303703308
0.884361744 -0.006326488 0.466759324 7.066429138 0.005911090 0.999979675 0.002354141 -2.798392057 -0.466764748 0.000677144 0.884381175 105.788787842
0.877043068 -0.006488651 0.480368078 7.350917816 0.006328173 0.999978065 0.001953559 -2.807600021 -0.480370253 0.001326498 0.877064824 106.262725830
0.870332599 -0.006613180 0.492420226 7.645935059 0.006125415 0.999977827 0.002603235 -2.831540346 -0.492426544 0.000750598 0.870353699 106.718421936
