1.000000000 0.000000000 0.000000000 0.000000000 0.000000000 1.000000000 0.000000000 0.000000000 0.000000000 0.000000000 1.000000000 0.000000000
1.000000000 0.000040391 -0.000020326 0.000028348 -0.000040392 1.000000000 -0.000029155 0.000223892 0.000020325 0.000029156 1.000000000 -0.000517573
1.000000000 0.000029742 0.000044434 -0.000664000 -0.000029744 1.000000000 0.000050366 -0.000598936 -0.000044432 -0.000050367 1.000000000 -0.000882449
1.000000000 -0.000136860 0.000083447 -0.000131390 0.000136861 1.000000000 -0.000012498 0.000385123 -0.000083446 0.000012509 1.000000000 0.000208896
1.000000000 -0.000052990 0.000101119 -0.000415284 0.000052988 1.000000000 0.000020863 0.000100888 -0.000101120 -0.000020858 1.000000000 -0.000139399
1.000000000 -0.000025221 0.000165295 -0.001226595 0.000025227 1.000000000 -0.000034690 0.000808532 -0.000165294 0.000034695 1.000000000 -0.000015433
1.000000000 -0.000141971 0.000090343 0.000625046 0.000141975 1.000000000 -0.000042656 0.000308156 -0.000090337 0.000042669 1.000000000 0.000033683
1.000000000 0.000008802 0.000087096 -0.000627321 -0.000008810 1.000000000 0.000084551 -0.000481170 -0.000087096 -0.000084552 1.000000000 -0.000540513
1.000000000 -0.000019884 0.000016958 -0.000347385 0.000019885 1.000000000 -0.000064960 0.000167904 -0.000016957 0.000064960 1.000000000 -0.000005034
1.000000000 -0.000037527 0.000132363 -0.000697876 0.000037520 1.000000000 0.000054641 -0.000984831 -0.000132365 -0.000054637 1.000000000 -0.000357739
1.000000000 0.000052884 0.000103823 -0.001209390 -0.000052891 1.000000000 0.000067002 -0.000781595 -0.000103819 -0.000067007 1.000000000 -0.000274535
1.000000000 0.000024504 0.000135487 -0.000782106 -0.000024500 1.000000000 -0.000024684 0.000877544 -0.000135488 0.000024681 1.000000000 0.000048230
1.000000000 0.000009093 0.000031488 -0.000892740 -0.000009092 1.000000000 -0.000048563 -0.000450658 -0.000031489 0.000048563 1.000000000 -0.001074737
1.000000000 -0.000018542 0.000103991 -0.001413379 0.000018541 1.000000000 0.000011891 0.000952859 -0.000103991 -0.000011889 1.000000000 0.000772867
1.000000000 -0.000050031 0.000094749 -0.001715247 0.000050040 1.000000000 -0.000087771 0.000900078 -0.000094745 0.000087776 1.000000000 -0.000351074
1.000000000 0.000002175 -0.000013093 0.000311480 -0.000002176 1.000000000 -0.000078966 0.002222845 0.000013093 0.000078966 1.000000000 0.002181059
1.000000000 0.000070718 0.000128511 -0.001266669 -0.000070699 1.000000000 -0.000146653 0.002591161 -0.000128521 0.000146644 1.000000000 0.003074673
1.000000000 0.000106231 0.000081857 -0.001262970 -0.000106220 1.000000000 -0.000135505 0.001531917 -0.000081872 0.000135497 1.000000000 0.001541442
0.999999940 0.000174049 0.000200666 -0.002601541 -0.000174027 1.000000000 -0.000106612 0.002820969 -0.000200684 0.000106577 1.000000000 0.003378614
1.000000000 0.000084116 0.000171509 -0.001716977 -0.000084096 1.000000000 -0.000120714 0.002387143 -0.000171519 0.000120700 1.000000000 0.002456895
1.000000000 0.000102967 0.000192634 -0.001810330 -0.000102945 1.000000000 -0.000112610 0.001760927 -0.000192646 0.000112590 1.000000000 0.002231173
1.000000000 0.000173148 0.000141423 -0.002220559 -0.000173134 1.000000000 -0.000094329 0.002706515 -0.000141439 0.000094305 1.000000000 0.002482523
1.000000000 0.000168117 0.000067343 -0.000792109 -0.000168110 1.000000000 -0.000105237 0.002435931 -0.000067361 0.000105225 1.000000000 0.003157481
1.000000000 0.000143400 0.000102734 -0.001644347 -0.000143391 1.000000000 -0.000091781 0.003140687 -0.000102747 0.000091766 1.000000000 0.003536102
0.999999940 0.000328906 0.000078604 -0.001731174 -0.000328898 0.999999940 -0.000104028 0.003562950 -0.000078638 0.000104002 1.000000000 0.004429275
0.999999940 0.000262228 0.000091563 -0.001387729 -0.000262222 0.999999940 -0.000072594 0.002030879 -0.000091582 0.000072570 1.000000000 0.002127449
1.000000000 0.000108609 0.000162100 -0.001940713 -0.000108593 1.000000000 -0.000097924 0.003289867 -0.000162111 0.000097907 1.000000000 0.003889727
0.999999940 0.000198934 0.000224382 -0.002562128 -0.000198927 1.000000000 -0.000030311 0.001978282 -0.000224388 0.000030267 1.000000000 0.002921425
1.000000000 0.000078832 0.000104981 -0.001716109 -0.000078818 1.000000000 -0.000133921 0.003287288 -0.000104991 0.000133912 1.000000000 0.003148399
1.000000000 0.000128494 0.000163399 -0.002065188 -0.000128474 1.000000000 -0.000119552 0.002767286 -0.000163415 0.000119531 1.000000000 0.003507056
1.000000000 0.000088114 0.000226293 -0.001700992 -0.000088101 1.000000000 -0.000056428 0.002078504 -0.000226298 0.000056408 1.000000000 0.003499500
1.000000000 0.000096538 0.000191543 -0.001255401 -0.000096522 1.000000000 -0.000083891 0.003546293 -0.000191551 0.000083873 1.000000000 0.004322322
0.999999940 0.000221898 0.000115591 -0.000618790 -0.000221874 0.999999940 -0.000200129 0.003976509 -0.000115635 0.000200103 1.000000000 0.003909374
1.000000000 0.000116731 0.000153723 -0.001309722 -0.000116717 1.000000000 -0.000089651 0.002149760 -0.000153733 0.000089633 1.000000000 0.002729560
0.999999940 0.000220026 0.000169572 -0.002269897 -0.000220003 0.999999940 -0.000136487 0.002226040 -0.000169602 0.000136450 1.000000000 0.002374136
0.999999940 0.000183220 0.000194490 -0.001674033 -0.000183194 1.000000000 -0.000133759 0.002667950 -0.000194515 0.000133724 1.000000000 0.002710751
1.000000000 0.000096278 0.000147771 -0.001529861 -0.000096262 1.000000000 -0.000105500 0.002707859 -0.000147782 0.000105486 1.000000000 0.002579082
1.000000000 0.000187328 0.000122582 -0.001694305 -0.000187322 1.000000000 -0.000045533 0.002907767 -0.000122590 0.000045510 1.000000000 0.004095708
0.999999940 0.000251390 0.000207388 -0.001729840 -0.000251366 0.999999940 -0.000115057 0.003189216 -0.000207417 0.000115004 1.000000000 0.002742255
1.000000000 0.000156701 0.000114286 -0.000701418 -0.000156679 0.999999940 -0.000189168 0.004677161 -0.000114316 0.000189150 1.000000000 0.003864321
1.000000000 0.000038795 0.000064564 0.000038451 -0.000038786 1.000000000 -0.000140548 0.002064896 -0.000064569 0.000140546 1.000000000 0.004261431
0.999999881 0.000421503 0.000153895 0.000839921 -0.000421415 0.999999762 -0.000570882 -0.001726774 -0.000154136 0.000570817 0.999999821 0.051523767
0.999999881 0.000029013 -0.000515332 -0.001816771 -0.000029466 0.999999642 -0.000879109 -0.012670685 0.000515307 0.000879125 0.999999464 0.138871506
0.999999821 0.000145732 -0.000577020 0.000035601 -0.000146399 0.999999344 -0.001155566 -0.015706517 0.000576852 0.001155650 0.999999106 0.252897322
0.999999821 0.000113679 -0.000562124 0.003088770 -0.000114264 0.999999464 -0.001041074 -0.018583074 0.000562005 0.001041138 0.999999285 0.385176003
0.999999881 0.000241512 -0.000445220 -0.000371275 -0.000241923 0.999999523 -0.000923200 -0.025169363 0.000444997 0.000923307 0.999999404 0.525888443
0.999999821 -0.000071765 -0.000528676 0.003793980 0.000071392 0.999999702 -0.000705026 -0.029951442 0.000528726 0.000704988 0.999999642 0.677229881
1.000000000 0.000035425 -0.000361743 0.007450836 -0.000035597 0.999999881 -0.000473615 -0.033572730 0.000361726 0.000473628 0.999999821 0.840575635
0.999999940 0.000113512 -0.000297310 0.008625707 -0.000113593 0.999999940 -0.000274459 -0.037641391 0.000297279 0.000274492 0.999999940 1.029256821
0.999999940 -0.000052790 -0.000386962 0.010333269 0.000052680 0.999999940 -0.000283013 -0.042569667 0.000386977 0.000282993 0.999999940 1.210838556
1.000000000 0.000220931 -0.000064353 0.002724222 -0.000220908 0.999999881 0.000354731 -0.057571542 0.000064432 -0.000354716 0.999999940 1.375473976
0.999999762 0.000634614 -0.000261760 0.006253004 -0.000634561 0.999999821 0.000202705 -0.058821280 0.000261889 -0.000202539 1.000000000 1.566985011
1.000000000 -0.000009042 -0.000211357 0.009249178 0.000009173 0.999999821 0.000617766 -0.067571007 0.000211351 -0.000617768 0.999999821 1.767068505
0.999999464 0.001028451 -0.000001539 0.015969262 -0.001028451 0.999999464 -0.000191459 -0.062143944 0.000001342 0.000191461 1.000000000 1.975629807
0.999999940 0.000095314 -0.000245105 0.024235725 -0.000095347 0.999999940 -0.000134678 -0.068531908 0.000245092 0.000134701 1.000000000 2.187331915
0.999999821 0.000558981 0.000274950 0.027887398 -0.000559061 0.999999821 0.000288860 -0.075808831 -0.000274789 -0.000289013 0.999999881 2.397628784
0.999999940 0.000344229 0.000005834 0.038241822 -0.000344229 0.999999940 0.000089637 -0.080608822 -0.000005803 -0.000089639 1.000000000 2.624151707
0.999999881 0.000324105 0.000148178 0.042194940 -0.000324143 0.999999940 0.000258533 -0.088831723 -0.000148094 -0.000258581 1.000000000 2.853763819
0.999999881 -0.000433513 -0.000141374 0.048049450 0.000433579 0.999999821 0.000469433 -0.094303578 0.000141170 -0.000469494 0.999999881 3.093085527
0.999999940 -0.000027165 -0.000183914 0.053226829 0.000027291 0.999999762 0.000685268 -0.102837242 0.000183895 -0.000685273 0.999999762 3.333947182
0.999999881 0.000311172 0.000125344 0.054380380 -0.000311289 0.999999464 0.000934444 -0.120280609 -0.000125054 -0.000934483 0.999999583 3.567511559
0.999999940 0.000381505 0.000166446 0.057468634 -0.000381661 0.999999523 0.000936972 -0.126425773 -0.000166088 -0.000937035 0.999999583 3.824674368
0.999999642 0.000711139 0.000496788 0.064807564 -0.000711578 0.999999464 0.000883643 -0.128825769 -0.000496159 -0.000883996 0.999999464 4.096865177
0.999999404 0.000631958 0.000838449 0.069333583 -0.000632817 0.999999285 0.001025600 -0.132681862 -0.000837800 -0.001026130 0.999999106 4.357967377
0.999999642 0.000600212 0.000490848 0.074440613 -0.000600436 0.999999642 0.000455559 -0.139173925 -0.000490574 -0.000455854 0.999999702 4.614987373
0.999999166 0.001046878 0.000885510 0.075650208 -0.001047803 0.999998868 0.001044657 -0.153387964 -0.000884415 -0.001045584 0.999999046 4.847924709
0.999998093 0.001637424 0.001074253 0.079027340 -0.001638818 0.999997854 0.001298245 -0.161208719 -0.001072125 -0.001300003 0.999998569 5.105818272
0.999998569 0.001333838 0.001154950 0.082891949 -0.001334960 0.999998629 0.000970890 -0.163244888 -0.001153654 -0.000972431 0.999998868 5.391203403
0.999998331 0.001523837 0.001014497 0.093186401 -0.001525082 0.999998212 0.001227998 -0.174009860 -0.001012624 -0.001229544 0.999998748 5.654639244
0.999997437 0.001780340 0.001349228 0.086794555 -0.001782101 0.999997556 0.001305232 -0.189751700 -0.001346901 -0.001307633 0.999998152 5.909267902
0.999997735 0.001697134 0.001280839 0.093825124 -0.001698754 0.999997735 0.001264535 -0.197338521 -0.001278690 -0.001266708 0.999998331 6.184723377
0.999997854 0.001553303 0.001369868 0.102089077 -0.001554818 0.999998152 0.001105369 -0.198244825 -0.001368149 -0.001107497 0.999998450 6.492915630
0.999997914 0.001723545 0.001157302 0.106050931 -0.001724857 0.999997854 0.001133786 -0.205088973 -0.001155345 -0.001135780 0.999998689 6.785759449
0.999997139 0.002006894 0.001274387 0.125506744 -0.002008273 0.999997318 0.001080944 -0.203329861 -0.001272214 -0.001083500 0.999998629 7.075530529
0.999996960 0.002110863 0.001255926 0.131125793 -0.002112579 0.999996781 0.001365962 -0.215692505 -0.001253038 -0.001368611 0.999998331 7.372275352
0.999995708 0.002427146 0.001651487 0.135866672 -0.002429394 0.999996066 0.001360318 -0.235790953 -0.001648179 -0.001364325 0.999997675 7.671106339
0.999995470 0.002438545 0.001788358 0.143731296 -0.002440646 0.999996305 0.001173333 -0.240295619 -0.001785491 -0.001177693 0.999997675 7.993912697
0.999995291 0.002422709 0.001883461 0.148094386 -0.002424974 0.999996364 0.001201050 -0.255036980 -0.001880545 -0.001205612 0.999997437 8.313893318
0.999995530 0.002335665 0.001886268 0.154872522 -0.002337118 0.999997020 0.000768686 -0.260264605 -0.001884467 -0.000773091 0.999997914 8.637425423
0.999995232 0.002319821 0.002024164 0.151854604 -0.002322593 0.999996305 0.001368095 -0.275369585 -0.002020983 -0.001372790 0.999996960 8.981622696
0.999994576 0.002660977 0.001902732 0.160072282 -0.002663613 0.999995470 0.001384224 -0.287407875 -0.001899040 -0.001389285 0.999997258 9.325683594
0.999993563 0.002862138 0.002163058 0.161542624 -0.002865572 0.999994636 0.001586101 -0.303506732 -0.002158507 -0.001592290 0.999996424 9.651136398
0.999994040 0.002616876 0.002274558 0.167427078 -0.002621340 0.999994695 0.001961548 -0.313414782 -0.002269412 -0.001967498 0.999995530 10.007134438
0.999995768 0.002220664 0.001850036 0.189188212 -0.002223977 0.999995947 0.001790508 -0.315171331 -0.001846053 -0.001794614 0.999996603 10.369544983
0.999995947 0.002309593 0.001680908 0.198390946 -0.002312949 0.999995410 0.001997716 -0.328140318 -0.001676286 -0.002001595 0.999996543 10.729431152
0.999995172 0.002351583 0.002040980 0.196758419 -0.002354713 0.999996066 0.001532207 -0.334825844 -0.002037368 -0.001537006 0.999996722 11.098217010
0.999995649 0.002186590 0.001973097 0.208254844 -0.002189830 0.999996245 0.001641855 -0.343805581 -0.001969500 -0.001646169 0.999996662 11.482518196
0.999993265 0.002825200 0.002348434 0.213896185 -0.002829948 0.999993920 0.002021296 -0.355378121 -0.002342709 -0.002027928 0.999995172 11.861160278
0.999992967 0.002713288 0.002579002 0.219407454 -0.002719128 0.999993801 0.002264024 -0.367688715 -0.002572843 -0.002271021 0.999994099 12.246008873
0.999991953 0.003228219 0.002378755 0.234712467 -0.003233169 0.999992549 0.002080143 -0.381203175 -0.002372022 -0.002087818 0.999994993 12.634562492
0.999992847 0.002655375 0.002691726 0.235374063 -0.002661308 0.999993980 0.002203027 -0.390120894 -0.002685860 -0.002210174 0.999993980 13.037872314
0.999991834 0.002904091 0.002797367 0.247120425 -0.002910024 0.999993503 0.002119077 -0.403895110 -0.002791195 -0.002127200 0.999993801 13.430547714
0.999992728 0.002638208 0.002738173 0.254046202 -0.002645122 0.999993265 0.002524452 -0.415605068 -0.002731495 -0.002531676 0.999993086 13.835619926
0.999990940 0.002802884 0.003197363 0.263633072 -0.002810542 0.999993205 0.002392830 -0.422030151 -0.003190635 -0.002401795 0.999992013 14.243621826
0.999988914 0.003180691 0.003455817 0.272920072 -0.003188983 0.999992073 0.002396456 -0.436436027 -0.003448167 -0.002407450 0.999991119 14.660967827
0.999989390 0.002837508 0.003630668 0.287135124 -0.002844812 0.999993920 0.002007877 -0.441139013 -0.003624948 -0.002018185 0.999991417 15.104481697
0.999989986 0.002741495 0.003517255 0.299957156 -0.002748759 0.999994099 0.002061825 -0.453428507 -0.003511582 -0.002071473 0.999991655 15.547390938
0.999990046 0.002552290 0.003648733 0.309728712 -0.002558449 0.999995291 0.001684222 -0.461748093 -0.003644418 -0.001693541 0.999991953 15.994614601
0.999983549 0.003526482 0.004522357 0.318246186 -0.003536137 0.999991417 0.002128824 -0.479030073 -0.004514810 -0.002144780 0.999987423 16.412357330
0.999979019 0.004148575 0.004977520 0.323200881 -0.004160929 0.999988317 0.002474223 -0.501827538 -0.004967197 -0.002494883 0.999984503 16.842403412
0.999980867 0.003592588 0.005031370 0.336235881 -0.003603181 0.999991298 0.002097890 -0.503964722 -0.005023790 -0.002115979 0.999985158 17.317863464
0.999982238 0.003370415 0.004908164 0.351383269 -0.003383939 0.999990463 0.002749756 -0.517983556 -0.004898849 -0.002766316 0.999984145 17.784545898
0.999979079 0.003451350 0.005465725 0.366981834 -0.003462134 0.999992192 0.001964764 -0.526908219 -0.005458901 -0.001983646 0.999983132 18.245126724
0.999977529 0.003249709 0.005858175 0.369140506 -0.003259533 0.999993324 0.001668067 -0.534936428 -0.005852715 -0.001687124 0.999981463 18.707578659
0.999979496 0.003478601 0.005380370 0.388341188 -0.003487145 0.999992728 0.001579490 -0.548319697 -0.005374837 -0.001598220 0.999984324 19.206958771
0.999972820 0.004159906 0.006086330 0.402080715 -0.004173699 0.999988735 0.002255199 -0.566944003 -0.006076879 -0.002280540 0.999978960 19.659915924
0.999974310 0.004078819 0.005881795 0.413916111 -0.004094909 0.999987900 0.002726142 -0.582315624 -0.005870603 -0.002750157 0.999979019 20.143283844
0.999977827 0.003955657 0.005354919 0.431721538 -0.003968935 0.999989092 0.002471115 -0.593471825 -0.005345085 -0.002492314 0.999982715 20.630998611
0.999979854 0.003640019 0.005204697 0.445172638 -0.003653724 0.999989867 0.002626146 -0.610513330 -0.005195084 -0.002645109 0.999983013 21.117082596
0.999981344 0.003954421 0.004656165 0.457196891 -0.003965521 0.999989331 0.002377161 -0.620240390 -0.004646715 -0.002395581 0.999986291 21.611576080
0.999980330 0.004470905 0.004381077 0.468554109 -0.004480790 0.999987423 0.002249100 -0.630943000 -0.004370966 -0.002268687 0.999987900 22.125331879
0.999986887 0.003518026 0.003717796 0.489149749 -0.003526560 0.999991298 0.002291443 -0.644894481 -0.003709702 -0.002304525 0.999990463 22.627349854
0.999986649 0.003765386 0.003542854 0.493816078 -0.003773180 0.999990463 0.002195865 -0.659795105 -0.003534552 -0.002209204 0.999991298 23.146703720
0.999989688 0.003712714 0.002623254 0.504060686 -0.003719412 0.999989808 0.002553385 -0.679164827 -0.002613747 -0.002563115 0.999993324 23.659582138
0.999994040 0.002721674 0.002137095 0.509831011 -0.002726502 0.999993742 0.002259234 -0.696470857 -0.002130933 -0.002265047 0.999995172 24.181755066
0.999993443 0.003282313 0.001521360 0.522505760 -0.003286338 0.999991000 0.002650539 -0.708633125 -0.001512647 -0.002655522 0.999995291 24.716384888
0.999991536 0.003947247 0.001140376 0.531236053 -0.003950427 0.999988258 0.002799243 -0.724260509 -0.001129313 -0.002803725 0.999995410 25.246103287
0.999992847 0.003753087 0.000226362 0.540593743 -0.003753731 0.999988675 0.002911579 -0.738552034 -0.000215432 -0.002912408 0.999995708 25.784818649
0.999992430 0.003874114 0.000044742 0.546971560 -0.003874224 0.999988556 0.002814838 -0.749666750 -0.000033836 -0.002814990 0.999996006 26.339290619
0.999993086 0.003698644 -0.000177279 0.559230447 -0.003698080 0.999988377 0.003084606 -0.763493657 0.000188686 -0.003083929 0.999995232 26.895473480
0.999992430 0.003831956 -0.000655691 0.570077479 -0.003830034 0.999988437 0.002908412 -0.777267575 0.000666829 -0.002905878 0.999995530 27.444852829
0.999989748 0.004496983 -0.000557683 0.575901330 -0.004495489 0.999986351 0.002651966 -0.791359663 0.000569602 -0.002649431 0.999996364 27.999359131
0.999988437 0.004745264 -0.000809458 0.586062670 -0.004742710 0.999983788 0.003128597 -0.807944953 0.000824291 -0.003124721 0.999994755 28.530048370
0.999987960 0.004777504 -0.001137997 0.598295093 -0.004773947 0.999983728 0.003108046 -0.820664585 0.001152827 -0.003102575 0.999994516 29.081920624
0.999987841 0.004664510 -0.001575417 0.608630419 -0.004659947 0.999984980 0.002887485 -0.833180130 0.001588862 -0.002880108 0.999994576 29.621507645
0.999985278 0.005126658 -0.001803177 0.613171816 -0.005120408 0.999980927 0.003454317 -0.849763572 0.001820851 -0.003445033 0.999992490 30.169475555
0.999987364 0.004544694 -0.002191158 0.628206313 -0.004539035 0.999986470 0.002580635 -0.856429935 0.002202856 -0.002570656 0.999994218 30.715700150
0.999984026 0.005210255 -0.002168441 0.635197043 -0.005203993 0.999982238 0.002883283 -0.877032757 0.002183426 -0.002871952 0.999993503 31.258451462
0.999976575 0.006431822 -0.002322352 0.638477802 -0.006425574 0.999975681 0.002688131 -0.886221647 0.002339585 -0.002673146 0.999993682 31.813413620
0.999982417 0.005467913 -0.002289062 0.652506351 -0.005460660 0.999980032 0.003162991 -0.909329832 0.002306311 -0.003150435 0.999992371 32.344894409
0.999980211 0.005585686 -0.002889870 0.658934951 -0.005576130 0.999978960 0.003304507 -0.924226642 0.002908267 -0.003288327 0.999990344 32.888420105
0.999982059 0.005234708 -0.002912410 0.666906595 -0.005224905 0.999980628 0.003363223 -0.942498744 0.002929959 -0.003347945 0.999990046 33.409637451
0.999981225 0.005142761 -0.003326501 0.679139972 -0.005131874 0.999981463 0.003273527 -0.956636965 0.003343275 -0.003256394 0.999989092 33.961265564
0.999978602 0.005265204 -0.003889840 0.687825680 -0.005252583 0.999980927 0.003247965 -0.970326543 0.003906867 -0.003227463 0.999987125 34.501037598
0.999980092 0.005335824 -0.003374259 0.687167943 -0.005325918 0.999981463 0.002938213 -0.980662942 0.003389873 -0.002920183 0.999989927 35.059383392
0.999979436 0.004816821 -0.004219825 0.705272257 -0.004803657 0.999983549 0.003124405 -0.995917797 0.004234805 -0.003104070 0.999986172 35.615764618
0.999976873 0.005298507 -0.004260749 0.710649371 -0.005284389 0.999980450 0.003318191 -1.013358474 0.004278249 -0.003295599 0.999985397 36.145221710
0.999976575 0.005227706 -0.004414754 0.720423460 -0.005215052 0.999982238 0.002873120 -1.024417520 0.004429696 -0.002850030 0.999986172 36.698074341
0.999978483 0.005025939 -0.004216544 0.725983858 -0.005013133 0.999982774 0.003042230 -1.036518812 0.004231761 -0.003021026 0.999986470 37.249610901
0.999978125 0.005053024 -0.004267763 0.736703515 -0.005041139 0.999983370 0.002791217 -1.049489141 0.004281797 -0.002769642 0.999986947 37.779506683
0.999975264 0.005002409 -0.004931926 0.749500394 -0.004988081 0.999983191 0.002913179 -1.062556863 0.004946416 -0.002888506 0.999983549 38.325172424
0.999976456 0.004775940 -0.004916094 0.754918456 -0.004762318 0.999984801 0.002778900 -1.070425749 0.004929291 -0.002755423 0.999984026 38.891460419
0.999975502 0.005409878 -0.004435149 0.758208156 -0.005398571 0.999982178 0.002557656 -1.088668227 0.004448908 -0.002533649 0.999986887 39.439643860
0.999973834 0.006036769 -0.003973228 0.762980223 -0.006025640 0.999977887 0.002807058 -1.104373574 0.003990087 -0.002783043 0.999988198 39.991157532
0.999975026 0.005226379 -0.004753044 0.776327014 -0.005213970 0.999982953 0.002619079 -1.119183302 0.004766651 -0.002594231 0.999985218 40.528835297
0.999974608 0.005084803 -0.004993092 0.786568224 -0.005073765 0.999984682 0.002220951 -1.127384663 0.005004308 -0.002195561 0.999985039 41.079998016
0.999975979 0.005136513 -0.004640345 0.793004632 -0.005123686 0.999983013 0.002771794 -1.143536329 0.004654504 -0.002747952 0.999985337 41.628517151
0.999971390 0.006607024 -0.003679426 0.787293196 -0.006598548 0.999975502 0.002310821 -1.159350872 0.003694604 -0.002286477 0.999990582 42.181461334
0.999968946 0.005300979 -0.005832697 0.838147640 -0.005286297 0.999982774 0.002529532 -1.181307912 0.005846006 -0.002498620 0.999979854 42.773056030
0.999966204 0.007004926 -0.004308209 0.807912171 -0.006994186 0.999972403 0.002503447 -1.190992117 0.004325626 -0.002473230 0.999987602 43.263317108
0.999970913 0.006402191 -0.004147680 0.819147348 -0.006393506 0.999977350 0.002103496 -1.200239301 0.004161053 -0.002076917 0.999989212 43.819007874
0.999973118 0.006106628 -0.004062708 0.825707436 -0.006096361 0.999978185 0.002534735 -1.215591908 0.004078098 -0.002509899 0.999988556 44.357685089
0.999969780 0.006669313 -0.003995751 0.832013547 -0.006659605 0.999974847 0.002437729 -1.231510758 0.004011910 -0.002411045 0.999989033 44.899944305
0.999969840 0.006830417 -0.003679884 0.839449823 -0.006822301 0.999974251 0.002213405 -1.247455120 0.003694909 -0.002188233 0.999990761 45.444854736
0.999967933 0.007222455 -0.003470493 0.845943093 -0.007215172 0.999971747 0.002106764 -1.259108543 0.003485612 -0.002081656 0.999991775 45.992000580
0.999967515 0.007317522 -0.003379906 0.847258925 -0.007310108 0.999970794 0.002200973 -1.278630495 0.003395913 -0.002176194 0.999991894 46.513683319
0.999966800 0.007302069 -0.003605683 0.859319389 -0.007293356 0.999970436 0.002423666 -1.290905237 0.003623274 -0.002397287 0.999990642 47.059883118
0.999963462 0.007749112 -0.003612098 0.866179466 -0.007740815 0.999967396 0.002305689 -1.305220723 0.003629847 -0.002277644 0.999990821 47.602901459
0.999965727 0.007717005 -0.003015843 0.872073233 -0.007710937 0.999968290 0.002018262 -1.319813728 0.003031323 -0.001994938 0.999993384 48.149284363
0.999966025 0.007549498 -0.003284086 0.881412566 -0.007541518 0.999968708 0.002435336 -1.336897373 0.003302368 -0.002410487 0.999991655 48.668220520
0.999961138 0.008117281 -0.003424815 0.891090810 -0.008108874 0.999964058 0.002461735 -1.350142717 0.003444674 -0.002433868 0.999991119 49.222530365
0.999962807 0.008053428 -0.003086127 0.889495313 -0.008046515 0.999965131 0.002246032 -1.362957239 0.003104106 -0.002221117 0.999992728 49.766380310
0.999964952 0.007819451 -0.002972618 0.894356310 -0.007812530 0.999966741 0.002332813 -1.375795960 0.002990760 -0.002309508 0.999992847 50.300426483
0.999965966 0.007708059 -0.002960604 0.901057422 -0.007700962 0.999967456 0.002401219 -1.393550754 0.002979016 -0.002378338 0.999992728 50.836700439
0.999962330 0.008092718 -0.003145448 0.907986820 -0.008085306 0.999964535 0.002362063 -1.408217669 0.003164452 -0.002336543 0.999992192 51.371273041
0.999959230 0.008482959 -0.003070460 0.913469732 -0.008475725 0.999961317 0.002361892 -1.419736981 0.003090377 -0.002335772 0.999992430 51.915550232
0.999959886 0.008559596 -0.002641561 0.920114040 -0.008553335 0.999960721 0.002371922 -1.436387539 0.002661759 -0.002349233 0.999993622 52.454589844
0.999960482 0.008499646 -0.002609119 0.927002609 -0.008493906 0.999961495 0.002202974 -1.451783657 0.002627743 -0.002180725 0.999994159 52.987255096
0.999954700 0.009090808 -0.002844983 0.936933756 -0.009085245 0.999956846 0.001961612 -1.465603352 0.002862694 -0.001935676 0.999994040 53.539516449
0.999958515 0.008724833 -0.002613422 0.944605649 -0.008720281 0.999960423 0.001748403 -1.478836894 0.002628573 -0.001725541 0.999995053 54.073150635
0.999957263 0.008982705 -0.002196259 0.943460107 -0.008978557 0.999958038 0.001890048 -1.495085716 0.002213143 -0.001870248 0.999995768 54.605766296
0.999954045 0.009376157 -0.001994718 0.951724946 -0.009372384 0.999954343 0.001892494 -1.509757876 0.002012372 -0.001873711 0.999996185 55.152862549
0.999960303 0.008619139 -0.002249321 0.964906275 -0.008616108 0.999961972 0.001353324 -1.517453551 0.002260900 -0.001333890 0.999996543 55.694339752
0.999956667 0.009074538 -0.002073567 0.969736576 -0.009071058 0.999957442 0.001681473 -1.532912970 0.002088737 -0.001662590 0.999996424 56.220100403
0.999959350 0.008756046 -0.002130592 0.981445789 -0.008752514 0.999960303 0.001662350 -1.548630595 0.002145062 -0.001643634 0.999996364 56.766872406
0.999956250 0.009173163 -0.001817223 0.980236888 -0.009170887 0.999957144 0.001256693 -1.556487560 0.001828672 -0.001239973 0.999997556 57.307693481
0.999955356 0.009208603 -0.002101135 0.993842363 -0.009206646 0.999957144 0.000938764 -1.571894169 0.002109690 -0.000919378 0.999997377 57.856742859
0.999956608 0.009205534 -0.001367635 0.997497499 -0.009203982 0.999956965 0.001138309 -1.586842299 0.001378054 -0.001125672 0.999998331 58.369766235
0.999962747 0.008466072 -0.001634703 1.004824758 -0.008464259 0.999963522 0.001113400 -1.600199342 0.001644069 -0.001099522 0.999997973 58.898815155
0.999957144 0.009152974 -0.001399574 1.011574626 -0.009151737 0.999957681 0.000887372 -1.611420989 0.001407637 -0.000874525 0.999998629 59.437229156
0.999958515 0.008986619 -0.001496733 1.023090243 -0.008985720 0.999959469 0.000606744 -1.624411702 0.001502125 -0.000593269 0.999998689 59.977119446
0.999962509 0.008507435 -0.001619177 1.033585787 -0.008505999 0.999963462 0.000891733 -1.636634946 0.001626704 -0.000877927 0.999998271 60.536071777
0.999954820 0.009425757 -0.001188298 1.037229657 -0.009424764 0.999955237 0.000840374 -1.655441403 0.001196167 -0.000829137 0.999998927 61.062232971
0.999953151 0.009638345 -0.000837094 1.046427488 -0.009637719 0.999953270 0.000747973 -1.664579749 0.000844264 -0.000739870 0.999999344 61.600357056
0.999953806 0.009562236 -0.000898255 1.055154204 -0.009562033 0.999954283 0.000230211 -1.677265882 0.000900416 -0.000221611 0.999999583 62.147975922
0.999950171 0.009972350 -0.000481904 1.057516336 -0.009972081 0.999950111 0.000558013 -1.695929766 0.000487445 -0.000553180 0.999999702 62.670902252
0.999946058 0.010358763 -0.000651275 1.069616079 -0.010358173 0.999945939 0.000899872 -1.714618206 0.000660562 -0.000893078 0.999999344 63.204551697
0.999945343 0.010431604 -0.000622556 1.077056885 -0.010431235 0.999945402 0.000594526 -1.731035113 0.000628725 -0.000588000 0.999999583 63.743041992
0.999945343 0.010435891 -0.000618221 1.089414954 -0.010435489 0.999945343 0.000653041 -1.747220516 0.000625002 -0.000646554 0.999999523 64.263305664
0.999944091 0.010557648 -0.000464065 1.093089104 -0.010557525 0.999944150 0.000265781 -1.754988790 0.000466845 -0.000260867 0.999999881 64.806945801
0.999949217 0.010073418 -0.000329706 1.106455922 -0.010073196 0.999948978 0.000663692 -1.775442958 0.000336375 -0.000660337 0.999999702 65.332893372
0.999947250 0.010267799 -0.000128446 1.118291020 -0.010267690 0.999946952 0.000819839 -1.792445183 0.000136857 -0.000818477 0.999999583 65.864936829
0.999943435 0.010637656 0.000073564 1.125058413 -0.010637688 0.999943316 0.000430986 -1.805749536 -0.000068975 -0.000431744 0.999999881 66.400367737
0.999940336 0.010921094 0.000151848 1.134910464 -0.010921191 0.999940097 0.000662612 -1.827670217 -0.000144603 -0.000664231 0.999999702 66.922431946
0.999940217 0.010934299 0.000121455 1.147602916 -0.010934374 0.999940038 0.000636493 -1.840454698 -0.000114488 -0.000637783 0.999999762 67.463729858
0.999933600 0.011510093 0.000571730 1.153040767 -0.011510422 0.999933600 0.000573865 -1.859926820 -0.000565086 -0.000580408 0.999999642 67.993545532
0.999935031 0.011378382 0.000545619 1.165045857 -0.011378766 0.999934971 0.000706228 -1.875372529 -0.000537548 -0.000712390 0.999999583 68.526977539
0.999934554 0.011438762 0.000304638 1.171923041 -0.011438975 0.999934316 0.000709467 -1.888857722 -0.000296502 -0.000712905 0.999999702 69.045204163
0.999928772 0.011911527 0.000724960 1.180404425 -0.011911843 0.999928951 0.000432884 -1.906699300 -0.000719752 -0.000441489 0.999999583 69.568923950
0.999932051 0.011606024 0.001052912 1.187564015 -0.011607167 0.999931991 0.001086525 -1.923660636 -0.001040230 -0.001098672 0.999998808 70.127655029
0.999935448 0.011338921 0.000721485 1.203167319 -0.011339371 0.999935508 0.000621809 -1.939991474 -0.000714388 -0.000629950 0.999999523 70.633682251
0.999936104 0.011280392 0.000737750 1.213107347 -0.011281100 0.999935865 0.000963444 -1.956255436 -0.000726835 -0.000971705 0.999999225 71.166564941
0.999936879 0.011212187 0.000740274 1.222323656 -0.011212615 0.999936998 0.000573430 -1.967958450 -0.000733798 -0.000581694 0.999999583 71.699989319
0.999929130 0.011857301 0.001025673 1.227675319 -0.011857628 0.999929607 0.000313465 -1.983865380 -0.001021884 -0.000325605 0.999999404 72.239921570
0.999931514 0.011670791 0.000878742 1.240867853 -0.011671086 0.999931753 0.000331091 -1.997112274 -0.000874818 -0.000341324 0.999999523 72.780136108
0.999928892 0.011886000 0.000962936 1.251101971 -0.011886448 0.999929249 0.000458098 -2.012452364 -0.000957423 -0.000469511 0.999999404 73.314567566
0.999933660 0.011462206 0.001122931 1.263278008 -0.011462376 0.999934316 0.000145039 -2.026675463 -0.001121195 -0.000157901 0.999999344 73.842750549
0.999925375 0.012135603 0.001383031 1.273128390 -0.012136289 0.999926209 0.000489434 -2.042138100 -0.001376990 -0.000506182 0.999998927 74.379348755
0.999923885 0.012242063 0.001486951 1.282598853 -0.012242459 0.999925017 0.000256839 -2.056712151 -0.001483695 -0.000275023 0.999998868 74.923461914
0.999922216 0.012390858 0.001401862 1.295127511 -0.012390636 0.999923229 -0.000167464 -2.069153309 -0.001403829 0.000150081 0.999998927 75.451705933
0.999918640 0.012629776 0.001754997 1.301913023 -0.012629211 0.999920189 -0.000332570 -2.084127188 -0.001759057 0.000310378 0.999998331 75.982383728
0.999917090 0.012758607 0.001748641 1.314755559 -0.012757627 0.999918461 -0.000570057 -2.098531961 -0.001755772 0.000547702 0.999998331 76.526603699
0.999919951 0.012536821 0.001707355 1.328038096 -0.012536692 0.999921381 -0.000086346 -2.120049000 -0.001708303 0.000064934 0.999998569 77.063262939
0.999917686 0.012715395 0.001722467 1.329550385 -0.012714502 0.999919057 -0.000527981 -2.124580383 -0.001729041 0.000506037 0.999998391 77.614356995
0.999918759 0.012611825 0.001802495 1.347163439 -0.012610449 0.999920130 -0.000772198 -2.140709162 -0.001812090 0.000749405 0.999998093 78.152381897
0.999916136 0.012800428 0.001931932 1.360136271 -0.012798154 0.999917388 -0.001185159 -2.151863575 -0.001946943 0.001160334 0.999997437 78.702056885
0.999909878 0.013272369 0.001976950 1.367557645 -0.013271078 0.999911726 -0.000664577 -2.171912193 -0.001985596 0.000638281 0.999997854 79.231353760
0.999914825 0.012923361 0.001823419 1.384886861 -0.012921991 0.999916196 -0.000762055 -2.188954592 -0.001833114 0.000738428 0.999998033 79.767898560
0.999906301 0.013309368 0.003199931 1.392744780 -0.013306892 0.999911129 -0.000793713 -2.202055216 -0.003210210 0.000751058 0.999994576 80.314323425
0.999905884 0.012906661 0.004655100 1.406537294 -0.012901752 0.999916196 -0.001082826 -2.219780207 -0.004668686 0.001022666 0.999988616 80.857994080
0.999903083 0.012868586 0.005308030 1.427020788 -0.012863349 0.999916732 -0.001019397 -2.236447096 -0.005320706 0.000951020 0.999985337 81.409965515
0.999889553 0.013250407 0.006720631 1.434037685 -0.013244343 0.999911845 -0.000946030 -2.253270864 -0.006732574 0.000856915 0.999976933 81.963058472
0.999859273 0.013647051 0.009759312 1.453932524 -0.013638073 0.999906480 -0.000985799 -2.272547245 -0.009771854 0.000852562 0.999951839 82.508361816
0.999816656 0.013444864 0.013634046 1.469570518 -0.013430525 0.999909163 -0.001142731 -2.284301996 -0.013648168 0.000959409 0.999906421 83.066421509
0.999775708 0.013180314 0.016580183 1.497233748 -0.013166876 0.999912918 -0.000919443 -2.304161549 -0.016590858 0.000700927 0.999862075 83.603851318
0.999692619 0.013539848 0.020770067 1.529201984 -0.013529226 0.999908209 -0.000651902 -2.324716806 -0.020776989 0.000370699 0.999784052 84.153694153
0.999547303 0.013728758 0.026770417 1.558357477 -0.013710472 0.999905646 -0.000866665 -2.338008881 -0.026779786 0.000499238 0.999641180 84.708595276
0.999368131 0.013590140 0.032842681 1.591254354 -0.013553062 0.999907255 -0.001351334 -2.352830410 -0.032857999 0.000905361 0.999459624 85.258567810
0.999136209 0.014030241 0.039115045 1.624398351 -0.013994863 0.999901354 -0.001178081 -2.371229410 -0.039127719 0.000629653 0.999234021 85.805480957
0.998782575 0.014140842 0.047258634 1.670803070 -0.014102845 0.999899924 -0.001137366 -2.388613224 -0.047269981 0.000469499 0.998882055 86.344047546
0.998349726 0.014320515 0.055611391 1.719048500 -0.014240067 0.999896884 -0.001842611 -2.403058767 -0.055632044 0.001047661 0.998450816 86.899627686
0.997928321 0.013990496 0.062796175 1.768489838 -0.013910470 0.999901712 -0.001711442 -2.420004129 -0.062813953 0.000834372 0.998024881 87.451629639
0.997328341 0.013921971 0.071709178 1.823884010 -0.013828587 0.999902725 -0.001798584 -2.439702749 -0.071727239 0.000802142 0.997423947 87.992225647
0.996614754 0.013247876 0.081138030 1.898527622 -0.013108517 0.999911547 -0.002250015 -2.457467318 -0.081160650 0.001178798 0.996700346 88.512771606
0.995818615 0.013910155 0.090287194 1.963006973 -0.013744553 0.999902546 -0.002455694 -2.472419739 -0.090312563 0.001204469 0.995912671 89.103652954
0.995125473 0.013224180 0.097726263 2.032970428 -0.013004247 0.999911249 -0.002887118 -2.486051321 -0.097755753 0.001602188 0.995209157 89.659095764
0.994093060 0.013400022 0.107701108 2.113976479 -0.013159149 0.999909043 -0.002946904 -2.505845308 -0.107730798 0.001512242 0.994179070 90.186004639
0.992827833 0.013337915 0.118806124 2.190007210 -0.013118695 0.999910414 -0.002627103 -2.531548500 -0.118830539 0.001049679 0.992914021 90.767753601
0.991708696 0.013126595 0.127833441 2.287657738 -0.012834486 0.999912798 -0.003108572 -2.544589043 -0.127863094 0.001442121 0.991790712 91.336059570
0.990160584 0.012895401 0.139339060 2.382544518 -0.012569895 0.999915838 -0.003215875 -2.562146664 -0.139368787 0.001432755 0.990239501 91.869796753
0.988302708 0.012503766 0.151991278 2.492005348 -0.012172583 0.999921083 -0.003109265 -2.580820560 -0.152018115 0.001222769 0.988376975 92.463661194
0.986611724 0.011810713 0.162658557 2.603468895 -0.011439324 0.999929428 -0.003219668 -2.596320152 -0.162685111 0.001315858 0.986677170 93.000411987
0.984802067 0.012706069 0.173215032 2.723872185 -0.012270352 0.999918222 -0.003586075 -2.613814116 -0.173246443 0.001406164 0.984877527 93.591659546
0.982427239 0.012616758 0.186218664 2.843485832 -0.012220135 0.999919891 -0.003277624 -2.635878801 -0.186245143 0.000944410 0.982502818 94.123313904
0.980080724 0.010987143 0.198296100 2.984252930 -0.010367784 0.999937534 -0.004161417 -2.645756006 -0.198329464 0.002022633 0.980133355 94.677780151
0.978014469 0.010305133 0.208282515 3.118019104 -0.009692258 0.999945164 -0.003962884 -2.666947126 -0.208311900 0.001857029 0.978060663 95.208152771
0.975163460 0.010010209 0.221260071 3.272161484 -0.009306611 0.999947786 -0.004222265 -2.685117245 -0.221290812 0.002058217 0.975205719 95.752960205
0.972176135 0.009440515 0.234060347 3.426441193 -0.008593868 0.999952376 -0.004636890 -2.699353695 -0.234092951 0.002496390 0.972211063 96.285278320
0.969412029 0.008457843 0.245293006 3.582742691 -0.007440899 0.999959469 -0.005072314 -2.713459015 -0.245325983 0.003091961 0.969435751 96.802207947
0.966588855 0.008630674 0.256186336 3.757717133 -0.007606443 0.999958575 -0.004988617 -2.742058039 -0.256218821 0.002873275 0.966614485 97.329360962
0.962976277 0.009022957 0.269434869 3.927772522 -0.008051296 0.999956429 -0.004711189 -2.760158777 -0.269465685 0.002367463 0.963007152 97.843353271
0.959467292 0.007993674 0.281706601 4.129179001 -0.006714676 0.999962330 -0.005505233 -2.776874781 -0.281740040 0.003390522 0.959484816 98.431167603
0.956030607 0.007462609 0.293171614 4.312122345 -0.006018528 0.999965012 -0.005827477 -2.791288614 -0.293204755 0.003806785 0.956042171 98.952056885
0.951675594 0.007673480 0.307009190 4.502717972 -0.006409992 0.999966323 -0.005123587 -2.821181297 -0.307038158 0.002908067 0.951692760 99.460502625
0.947200418 0.006574535 0.320574731 4.713186264 -0.005221036 0.999973416 -0.005081479 -2.839838266 -0.320599556 0.003139446 0.947209597 99.985038757
0.943089128 0.006865165 0.332469404 4.912464142 -0.005357211 0.999970794 -0.005452049 -2.853984356 -0.332497060 0.003360659 0.943098247 100.496719360
0.938657761 0.006029767 0.344797403 5.129980087 -0.004491997 0.999976099 -0.005258669 -2.877983809 -0.344820797 0.003387261 0.938662350 100.984123230
0.933406651 0.005535841 0.358777881 5.342515945 -0.003770963 0.999977112 -0.005618725 -2.895343781 -0.358800679 0.003891617 0.933406055 101.473175049
0.928613842 0.004873537 0.371015698 5.575248718 -0.002774902 0.999976933 -0.006190072 -2.915650845 -0.371037245 0.004718654 0.928605974 101.981353760
0.923833907 0.002881415 0.382782757 5.851242065 -0.000658153 0.999982059 -0.005938979 -2.949091434 -0.382793099 0.005234701 0.923819304 102.597267151
0.917881370 0.002702042 0.396845609 6.091720581 -0.000434373 0.999982953 -0.005804002 -2.964387894 -0.396854579 0.005155007 0.917867064 103.094924927
0.912263155 0.001869465 0.409600377 6.340591431 0.000795759 0.999979615 -0.006336343 -2.973664522 -0.409603745 0.006106356 0.912243068 103.582260132
0.907368660 0.001055365 0.420334280 6.587944031 0.001737547 0.999978900 -0.006261535 -2.994763374 -0.420331985 0.006411871 0.907347739 104.063919067
0.901702344 0.000396400 0.432357162 6.853080750 0.002593857 0.999976575 -0.006326432 -3.009189367 -0.432349563 0.006826031 0.901680171 104.574493408
0.895182014 0.000597320 0.445700377 7.125751495 0.002285847 0.999979734 -0.005931243 -3.037462234 -0.445694864 0.006328345 0.895162582 105.026214600
0.889308989 0.000106776 0.457306683 7.400733948 0.003232385 0.999973476 -0.006519393 -3.046677113 -0.457295269 0.007275947 0.889285207 105.506843567
0.883202314 0.000582313 0.468991756 7.674476624 0.002631878 0.999977291 -0.006197937 -3.068350315 -0.468984753 0.006708362 0.883180737 105.990219116
0.875452518 0.001276851 0.483302295 7.987529755 0.001742739 0.999981642 -0.005798676 -3.096626043 -0.483300865 0.005918736 0.875434339 106.497283936
