1.000000000 0.000000000 0.000000000 0.000000000 0.000000000 1.000000000 0.000000000 0.000000000 0.000000000 0.000000000 1.000000000 0.000000000
1.000000000 0.000090566 0.000156935 -0.001167548 -0.000090570 1.000000000 0.000022695 0.000027941 -0.000156933 -0.000022709 1.000000000 -0.000167926
1.000000000 0.000154038 0.000143524 -0.000518065 -0.000154059 1.000000000 0.000140636 -0.000349830 -0.000143503 -0.000140658 1.000000000 -0.000767860
1.000000000 0.000200743 -0.000006937 0.000011132 -0.000200742 0.999999940 0.000158120 -0.001091086 0.000006968 -0.000158119 1.000000000 -0.000386829
0.999999940 0.000302169 0.000145346 -0.001754832 -0.000302182 0.999999940 0.000092371 0.000251827 -0.000145318 -0.000092415 1.000000000 0.001041601
1.000000000 0.000036494 0.000024940 -0.000602702 -0.000036496 1.000000000 0.000087544 -0.000327743 -0.000024937 -0.000087544 1.000000000 -0.000654741
1.000000000 0.000105357 0.000145200 -0.002247154 -0.000105357 1.000000000 0.000002262 0.001371920 -0.000145199 -0.000002278 1.000000000 0.003644024
1.000000000 -0.000024467 0.000187343 -0.001550775 0.000024447 1.000000000 0.000110996 0.000589771 -0.000187346 -0.000110992 1.000000000 0.003241928
1.000000000 0.000052235 0.000165804 -0.001531969 -0.000052230 1.000000000 -0.000033561 0.001229923 -0.000165806 0.000033552 1.000000000 0.002518000
1.000000000 0.000008881 0.000207273 -0.001230683 -0.000008890 1.000000000 0.000044520 0.000131952 -0.000207272 -0.000044522 1.000000000 0.000308764
1.000000000 -0.000082637 0.000200789 -0.000896173 0.000082635 1.000000000 0.000010321 0.001454015 -0.000200790 -0.000010304 1.000000000 0.002547266
1.000000000 0.000059853 0.000096134 -0.000447659 -0.000059859 1.000000000 0.000066619 -0.000128772 -0.000096130 -0.000066625 1.000000000 0.000326228
1.000000000 0.000074160 0.000167736 -0.001172278 -0.000074168 1.000000000 0.000049182 0.000779464 -0.000167732 -0.000049194 1.000000000 0.002778724
0.999999940 -0.000020306 0.000263269 -0.002399100 0.000020271 1.000000000 0.000134778 0.001265895 -0.000263272 -0.000134773 0.999999940 0.003961592
1.000000000 0.000030263 0.000158860 -0.001940871 -0.000030277 1.000000000 0.000085345 0.000990778 -0.000158858 -0.000085350 1.000000000 0.003492783
1.000000000 0.000103163 0.000103962 -0.001242307 -0.000103173 1.000000000 0.000098514 0.000094550 -0.000103952 -0.000098524 1.000000000 0.001414695
1.000000000 -0.000003682 0.000072945 -0.001716839 0.000003680 1.000000000 0.000040218 0.000948944 -0.000072946 -0.000040217 1.000000000 0.003386513
0.999999940 0.000174320 0.000363962 -0.003414501 -0.000174340 1.000000000 0.000055869 0.001318212 -0.000363952 -0.000055932 0.999999940 0.004771593
0.999999940 0.000189865 0.000289630 -0.003290552 -0.000189880 1.000000000 0.000053463 0.000827957 -0.000289620 -0.000053518 0.999999940 0.002938506
0.999999940 0.000177302 0.000195722 -0.002054253 -0.000177314 1.000000000 0.000063265 0.000963285 -0.000195711 -0.000063299 1.000000000 0.003636850
0.999999881 0.000395697 0.000315062 -0.002452288 -0.000395778 0.999999881 0.000257184 -0.000646863 -0.000314960 -0.000257309 0.999999940 0.001110714
0.999999821 0.000479456 0.000364085 -0.003069039 -0.000479486 0.999999881 0.000082390 0.000239923 -0.000364045 -0.000082565 0.999999940 0.001318999
0.999999940 0.000162725 0.000269842 -0.002639894 -0.000162756 1.000000000 0.000114785 0.000782987 -0.000269823 -0.000114829 0.999999940 0.002709995
0.999999940 0.000108068 0.000316533 -0.001642674 -0.000108101 1.000000000 0.000104455 -0.000083229 -0.000316521 -0.000104489 0.999999940 0.001706238
1.000000000 0.000082125 0.000225135 -0.002059897 -0.000082130 1.000000000 0.000020385 0.000869451 -0.000225134 -0.000020404 1.000000000 0.000896524
1.000000000 0.000024908 0.000225663 -0.000789854 -0.000024903 1.000000000 -0.000020494 0.001283183 -0.000225664 0.000020488 1.000000000 0.002050291
0.999999940 0.000096910 0.000281150 -0.001686357 -0.000096945 1.000000000 0.000124891 -0.000242173 -0.000281138 -0.000124918 0.999999940 0.000577999
1.000000000 0.000040019 0.000222469 -0.000452215 -0.000040033 1.000000000 0.000061847 0.000289107 -0.000222467 -0.000061856 1.000000000 0.000456501
0.999999940 0.000220002 0.000351357 -0.003545183 -0.000219973 1.000000000 -0.000082954 0.002179486 -0.000351376 0.000082876 0.999999940 0.003350961
0.999999940 0.000154315 0.000318914 -0.003147003 -0.000154325 1.000000000 0.000030780 0.001310886 -0.000318909 -0.000030829 0.999999940 0.002438736
0.999999940 0.000217692 0.000337036 -0.002851979 -0.000217720 1.000000000 0.000083539 0.000827157 -0.000337018 -0.000083613 0.999999940 0.002539827
0.999999940 0.000126897 0.000303146 -0.002286441 -0.000126930 1.000000000 0.000110999 0.000590015 -0.000303132 -0.000111037 0.999999940 0.001627426
0.999999881 0.000293188 0.000396193 -0.004135685 -0.000293183 0.999999940 -0.000011765 0.002021119 -0.000396196 0.000011648 0.999999940 0.003984836
0.999999821 0.000299867 0.000456499 -0.003204199 -0.000299864 0.999999940 -0.000006047 0.001573249 -0.000456501 0.000005910 0.999999881 0.003447911
0.999999940 0.000179030 0.000274264 -0.001002395 -0.000179069 1.000000000 0.000141395 -0.000333472 -0.000274238 -0.000141444 0.999999940 0.000195078
0.999999881 0.000317477 0.000343018 -0.003240586 -0.000317462 0.999999940 -0.000044344 0.003134579 -0.000343032 0.000044235 0.999999940 0.005525539
0.999999940 0.000214071 0.000307777 -0.003476108 -0.000214056 1.000000000 -0.000047315 0.004327876 -0.000307787 0.000047249 0.999999940 0.006807221
0.999999940 -0.000083116 0.000246500 -0.001083256 0.000083100 1.000000000 0.000064378 0.001226413 -0.000246505 -0.000064357 0.999999940 0.002567929
0.999999940 0.000225325 0.000331093 -0.002624721 -0.000225379 0.999999940 0.000161076 0.000948014 -0.000331057 -0.000161151 0.999999940 0.003025023
0.999999940 0.000001994 0.000248458 -0.001405454 -0.000002010 1.000000000 0.000063877 0.001470551 -0.000248458 -0.000063878 0.999999940 0.002797105
0.999999881 0.000081822 0.000461390 -0.003079456 -0.000081819 1.000000000 -0.000006493 0.001628027 -0.000461390 0.000006456 0.999999881 0.004793237
0.999999940 -0.000197538 0.000245908 0.000126273 0.000197748 0.999999642 -0.000854264 0.001483541 -0.000245739 0.000854312 0.999999583 0.055330694
0.999999881 0.000240438 0.000389468 -0.001995869 -0.000240033 0.999999404 -0.001039149 -0.006801226 -0.000389718 0.001039056 0.999999404 0.131601200
1.000000000 0.000216157 0.000095546 0.002950153 -0.000215994 0.999998569 -0.001694024 -0.002794862 -0.000095912 0.001694004 0.999998569 0.255961299
0.999999940 0.000244871 0.000090615 0.004689351 -0.000244762 0.999999225 -0.001202604 -0.012169020 -0.000090910 0.001202582 0.999999285 0.386183500
0.999999940 0.000212028 0.000171451 0.008400307 -0.000211865 0.999999523 -0.000948271 -0.017483698 -0.000171652 0.000948235 0.999999523 0.524743617
0.999999940 0.000358265 0.000116660 0.012675528 -0.000358168 0.999999583 -0.000837658 -0.025495598 -0.000116960 0.000837617 0.999999642 0.666877210
0.999999821 0.000439006 0.000332086 0.015503707 -0.000438732 0.999999583 -0.000823147 -0.026469288 -0.000332447 0.000823002 0.999999583 0.837667704
0.999999940 0.000215640 0.000160994 0.017924733 -0.000215528 0.999999762 -0.000699325 -0.028568106 -0.000161144 0.000699290 0.999999762 1.013866425
1.000000000 0.000232862 0.000046749 0.022462403 -0.000232846 0.999999940 -0.000332841 -0.035147980 -0.000046826 0.000332830 0.999999940 1.188478231
0.999999762 0.000575113 0.000363856 0.017638713 -0.000574875 0.999999642 -0.000655986 -0.035301499 -0.000364233 0.000655777 0.999999702 1.370103836
0.999999881 0.000406112 0.000173233 0.035510063 -0.000406144 0.999999881 0.000181364 -0.053794876 -0.000173160 -0.000181435 0.999999940 1.562980533
0.999999583 0.000752460 0.000477411 0.036012564 -0.000752467 0.999999702 0.000014346 -0.053180519 -0.000477400 -0.000014705 0.999999881 1.758066535
1.000000000 0.000141016 -0.000185370 0.042066861 -0.000141113 0.999999881 -0.000524385 -0.052567501 0.000185296 0.000524411 0.999999821 1.957655907
0.999999046 0.000312310 -0.001351967 0.074769795 -0.000314712 0.999998391 -0.001777259 -0.049992498 0.001351410 0.001777683 0.999997497 2.177934170
0.999998629 0.000829259 -0.001458352 0.077622414 -0.000832347 0.999997437 -0.002117690 -0.053403877 0.001456592 0.002118901 0.999996662 2.392980576
0.999998569 0.000711527 -0.001595917 0.088306576 -0.000713998 0.999998569 -0.001547970 -0.064402558 0.001594813 0.001549107 0.999997556 2.616512060
0.999998569 0.000571717 -0.001596380 0.091777563 -0.000574016 0.999998808 -0.001440328 -0.074280277 0.001595555 0.001441242 0.999997735 2.842349529
0.999998808 0.000064035 -0.001532996 0.096365184 -0.000065901 0.999999285 -0.001217039 -0.077529877 0.001532917 0.001217139 0.999998093 3.077770472
0.999998450 0.000116435 -0.001763866 0.099520057 -0.000119501 0.999998450 -0.001737923 -0.080353662 0.001763661 0.001738131 0.999996960 3.323436975
0.999998748 0.000614452 -0.001552611 0.106482968 -0.000617126 0.999998331 -0.001722290 -0.090467975 0.001551550 0.001723246 0.999997258 3.569961548
0.999998569 0.000554149 -0.001618483 0.111426845 -0.000557498 0.999997735 -0.002069835 -0.094225824 0.001617332 0.002070734 0.999996483 3.828712940
0.999998629 0.000282155 -0.001642590 0.116322182 -0.000285461 0.999997973 -0.002013055 -0.102206953 0.001642019 0.002013521 0.999996603 4.086221695
0.999998927 0.000699662 -0.001280082 0.115406990 -0.000701977 0.999998152 -0.001808891 -0.106535792 0.001278814 0.001809788 0.999997556 4.346523285
0.999998689 0.000607894 -0.001494596 0.123975359 -0.000610420 0.999998331 -0.001689887 -0.115660585 0.001493567 0.001690797 0.999997437 4.597065926
0.999998450 0.000955902 -0.001443629 0.131789133 -0.000958371 0.999998033 -0.001710301 -0.123616710 0.001441991 0.001711682 0.999997497 4.846252918
0.999998391 0.000546660 -0.001727794 0.140037686 -0.000549349 0.999998629 -0.001556500 -0.132939100 0.001726941 0.001557446 0.999997258 5.118585587
0.999998927 0.000339912 -0.001468436 0.142918304 -0.000342311 0.999998629 -0.001633154 -0.137958273 0.001467879 0.001633655 0.999997556 5.379311562
0.999999046 0.000619871 -0.001200046 0.140337735 -0.000621704 0.999998629 -0.001527311 -0.146038622 0.001199097 0.001528056 0.999998093 5.645519733
0.999999046 0.000812736 -0.001123653 0.142981634 -0.000814703 0.999998152 -0.001751774 -0.151829600 0.001122227 0.001752688 0.999997854 5.915722370
0.999998808 0.000296553 -0.001427908 0.155684471 -0.000298594 0.999998868 -0.001429310 -0.165045738 0.001427482 0.001429735 0.999997914 6.191108704
0.999998450 0.000657162 -0.001623405 0.160879686 -0.000659319 0.999998868 -0.001328542 -0.174699783 0.001622530 0.001329611 0.999997795 6.478118896
0.999998927 0.000606728 -0.001340466 0.163465232 -0.000608738 0.999998629 -0.001499604 -0.184955463 0.001339554 0.001500418 0.999997973 6.759110451
0.999998808 0.001240015 -0.000990350 0.163905293 -0.001241674 0.999997854 -0.001675706 -0.189327121 0.000988270 0.001676934 0.999998093 7.062883854
0.999998450 0.000812078 -0.001554612 0.175288454 -0.000814475 0.999998450 -0.001542083 -0.200831175 0.001553358 0.001543347 0.999997616 7.357281685
0.999999166 0.000683125 -0.001064531 0.178286076 -0.000685046 0.999998093 -0.001805944 -0.208917841 0.001063295 0.001806672 0.999997795 7.667341709
0.999998868 0.000850699 -0.001246024 0.190771282 -0.000852125 0.999998987 -0.001144164 -0.223088264 0.001245049 0.001145225 0.999998569 7.964875221
0.999999166 0.000770852 -0.001012213 0.188076124 -0.000771952 0.999999046 -0.001086719 -0.239939317 0.001011375 0.001087500 0.999998868 8.304477692
0.999999523 0.000570249 -0.000812929 0.196168929 -0.000571176 0.999999166 -0.001141476 -0.249785513 0.000812278 0.001141939 0.999998987 8.632170677
0.999999821 0.000391563 -0.000407482 0.194133416 -0.000392102 0.999999106 -0.001324350 -0.253809571 0.000406963 0.001324510 0.999999046 8.978652954
0.999999344 0.001042964 -0.000276403 0.196438238 -0.001043237 0.999998927 -0.000989872 -0.271575153 0.000275370 0.000990160 0.999999404 9.315690041
0.999999106 0.001293561 -0.000235190 0.198233083 -0.001293883 0.999998271 -0.001373964 -0.275184751 0.000233412 0.001374268 0.999998987 9.672837257
0.999999583 0.000713017 -0.000510844 0.210885227 -0.000713177 0.999999702 -0.000312662 -0.301492184 0.000510620 0.000313026 0.999999762 9.990154266
0.999999464 0.001002101 -0.000224828 0.217924356 -0.001002124 0.999999523 -0.000101120 -0.314062297 0.000224726 0.000101345 0.999999940 10.346774101
0.999999523 0.000878053 -0.000362133 0.227182597 -0.000878074 0.999999583 -0.000056782 -0.327300817 0.000362083 0.000057100 0.999999940 10.695171356
0.999999583 0.000838462 -0.000015836 0.232347667 -0.000838460 0.999999702 0.000127758 -0.336839437 0.000015943 -0.000127744 1.000000000 11.066820145
0.999999344 0.001155417 -0.000112808 0.232453272 -0.001155459 0.999999285 -0.000369509 -0.344740212 0.000112382 0.000369639 0.999999940 11.456936836
0.999998927 0.001456670 -0.000014497 0.244230837 -0.001456673 0.999998927 -0.000241035 -0.355013222 0.000014146 0.000241056 1.000000000 11.832541466
0.999999404 0.001065871 -0.000180408 0.250319123 -0.001065952 0.999999285 -0.000449824 -0.366498739 0.000179928 0.000450016 0.999999821 12.221901894
0.999999642 0.000820120 -0.000216320 0.260238528 -0.000820201 0.999999583 -0.000376750 -0.379961163 0.000216011 0.000376927 0.999999881 12.613030434
0.999999762 0.000634455 -0.000180537 0.265890509 -0.000634477 0.999999821 -0.000123579 -0.390891105 0.000180459 0.000123693 0.999999940 13.010069847
0.999999225 0.001235037 0.000008541 0.270646811 -0.001235033 0.999999106 -0.000456858 -0.399018198 -0.000009106 0.000456848 0.999999881 13.423645020
0.999999285 0.000922716 0.000726520 0.276479244 -0.000922542 0.999999523 -0.000239947 -0.408687562 -0.000726742 0.000239277 0.999999762 13.837748528
0.999999106 0.001223250 0.000460976 0.286613673 -0.001223093 0.999999166 -0.000340669 -0.421959221 -0.000461392 0.000340105 0.999999762 14.246838570
0.999999225 0.000999035 0.000833626 0.299139708 -0.000998737 0.999999464 -0.000357252 -0.435069174 -0.000833982 0.000356420 0.999999583 14.661665916
0.999999344 0.001020747 0.000558227 0.309314400 -0.001020740 0.999999464 -0.000013653 -0.450666368 -0.000558240 0.000013083 0.999999821 15.104835510
0.999999285 0.000850410 0.000834200 0.319301188 -0.000850115 0.999999583 -0.000352974 -0.460007429 -0.000834500 0.000352264 0.999999523 15.542634010
0.999998868 0.000902673 0.001194162 0.329247445 -0.000902317 0.999999464 -0.000298593 -0.472770780 -0.001194431 0.000297516 0.999999225 15.982619286
0.999998271 0.001076216 0.001468651 0.337872118 -0.001075912 0.999999404 -0.000207594 -0.485335827 -0.001468873 0.000206014 0.999998868 16.428293228
0.999997616 0.001032223 0.001924198 0.345195711 -0.001031650 0.999999523 -0.000298426 -0.497699201 -0.001924504 0.000296441 0.999998093 16.878402710
0.999996603 0.001160173 0.002337961 0.353298336 -0.001159802 0.999999285 -0.000160243 -0.511805296 -0.002338143 0.000157531 0.999997199 17.335527420
0.999995708 0.001229657 0.002652455 0.360918581 -0.001229580 0.999999225 -0.000030619 -0.523161709 -0.002652491 0.000027358 0.999996483 17.803951263
0.999993861 0.001485083 0.003183241 0.368129492 -0.001483606 0.999998748 -0.000466358 -0.532668471 -0.003183930 0.000461632 0.999994874 18.274850845
0.999992907 0.001774872 0.003328666 0.385359854 -0.001773356 0.999998331 -0.000458404 -0.543269575 -0.003329473 0.000452498 0.999994397 18.750337601
0.999993563 0.001562063 0.003236806 0.396504879 -0.001560797 0.999998808 -0.000393578 -0.560601532 -0.003237417 0.000388524 0.999994695 19.229320526
0.999991357 0.001698737 0.003803394 0.409560263 -0.001695730 0.999998212 -0.000793534 -0.570901990 -0.003804735 0.000787078 0.999992549 19.712072372
0.999992609 0.001195498 0.003685637 0.420881778 -0.001194790 0.999999225 -0.000194264 -0.589044929 -0.003685867 0.000189859 0.999993265 20.194952011
0.999993682 0.001673346 0.003128728 0.432642043 -0.001672007 0.999998510 -0.000430256 -0.602840066 -0.003129444 0.000425021 0.999994993 20.695590973
0.999992728 0.001798434 0.003348527 0.439169616 -0.001796094 0.999998152 -0.000701369 -0.609629512 -0.003349782 0.000695350 0.999994218 21.202089310
0.999991834 0.002063901 0.003470373 0.437807083 -0.002058780 0.999996781 -0.001478616 -0.612618268 -0.003473412 0.001471460 0.999992847 21.722581863
0.999996483 0.001472916 0.002206007 0.454856873 -0.001472865 0.999998927 -0.000024627 -0.649297535 -0.002206039 0.000021377 0.999997556 22.206953049
0.999997556 0.001666121 0.001452099 0.473316550 -0.001665960 0.999998569 -0.000111314 -0.659481227 -0.001452283 0.000108895 0.999998927 22.717649460
0.999996841 0.002134268 0.001319711 0.473339915 -0.002134049 0.999997735 -0.000166713 -0.675264001 -0.001320065 0.000163896 0.999999106 23.242393494
0.999997497 0.001980753 0.001085609 0.481157959 -0.001979885 0.999997735 -0.000800061 -0.688761830 -0.001087193 0.000797909 0.999999106 23.765653610
0.999999404 0.001061385 0.000165367 0.491044223 -0.001061219 0.999998927 -0.001000196 -0.702914178 -0.000166428 0.001000019 0.999999464 24.298664093
0.999999046 0.001353445 -0.000113195 0.499310941 -0.001353459 0.999999106 -0.000118450 -0.719425082 0.000113034 0.000118604 0.999999940 24.834644318
0.999996841 0.002229762 -0.001096329 0.510192990 -0.002230529 0.999997377 -0.000699374 -0.732534945 0.001094766 0.000701817 0.999999106 25.379360199
0.999996424 0.002234840 -0.001414520 0.516548991 -0.002236021 0.999997139 -0.000834044 -0.743175387 0.001412652 0.000837204 0.999998689 25.934412003
0.999995589 0.002335500 -0.001823229 0.521497190 -0.002336580 0.999997079 -0.000590989 -0.762659192 0.001821845 0.000595247 0.999998152 26.485223770
0.999995708 0.002335795 -0.001761925 0.526714802 -0.002336822 0.999997079 -0.000581395 -0.775557578 0.001760562 0.000585509 0.999998271 27.038284302
0.999996841 0.002282774 -0.001087127 0.523115933 -0.002283396 0.999997199 -0.000571574 -0.786232114 0.001085819 0.000574054 0.999999225 27.598747253
0.999995470 0.002891123 -0.000822630 0.529007077 -0.002891464 0.999995768 -0.000414072 -0.807424545 0.000821430 0.000416449 0.999999583 28.102989197
0.999991536 0.002717446 -0.003089564 0.552377164 -0.002717368 0.999996245 0.000029475 -0.827562451 0.003089633 -0.000021079 0.999995232 28.674533844
0.999990225 0.003060892 -0.003178064 0.557315767 -0.003061130 0.999995291 -0.000070420 -0.840080321 0.003177833 0.000080148 0.999994934 29.222681046
0.999989390 0.002739575 -0.003681036 0.572868347 -0.002738966 0.999996245 0.000170764 -0.862128079 0.003681490 -0.000160679 0.999993145 29.776659012
0.999987602 0.002905500 -0.004042131 0.576813817 -0.002904716 0.999995768 0.000199539 -0.874578774 0.004042693 -0.000187795 0.999991834 30.325759888
0.999988675 0.002794828 -0.003838388 0.588847518 -0.002794010 0.999996066 0.000218588 -0.893096328 0.003838983 -0.000207861 0.999992669 30.866861343
0.999985099 0.002828534 -0.004666396 0.595658600 -0.002826950 0.999995887 0.000345917 -0.908408105 0.004667357 -0.000332720 0.999988973 31.418764114
0.999983549 0.002999275 -0.004909241 0.603991032 -0.002996867 0.999995410 0.000497951 -0.923208892 0.004910714 -0.000483231 0.999987781 31.967281342
0.999983251 0.002482966 -0.005219788 0.619138956 -0.002479480 0.999996781 0.000674211 -0.943324506 0.005221446 -0.000661258 0.999986172 32.510219574
0.999981940 0.003204155 -0.005077979 0.615666151 -0.003201758 0.999994755 0.000480201 -0.950946510 0.005079489 -0.000463934 0.999987006 33.062309265
0.999978423 0.003031047 -0.005834358 0.630689263 -0.003028273 0.999995291 0.000484345 -0.970278621 0.005835799 -0.000466667 0.999982893 33.589443207
0.999979794 0.003452564 -0.005341571 0.631548464 -0.003450915 0.999993980 0.000317571 -0.980473816 0.005342638 -0.000299131 0.999985635 34.161914825
0.999980867 0.003714680 -0.004948263 0.631065667 -0.003711815 0.999992907 0.000588043 -0.998247921 0.004950413 -0.000569664 0.999987543 34.710250854
0.999979675 0.003263036 -0.005471638 0.645173550 -0.003261979 0.999994636 0.000202030 -1.010208011 0.005472268 -0.000184178 0.999985039 35.248901367
0.999984264 0.002974428 -0.004748900 0.648070276 -0.002974448 0.999995589 0.000002966 -1.024289846 0.004748888 0.000011159 0.999988794 35.801116943
0.999986470 0.003356227 -0.003983036 0.651578784 -0.003354827 0.999994278 0.000358124 -1.045626998 0.003984216 -0.000344756 0.999992013 36.345729828
0.999976814 0.003455538 -0.005868917 0.669762790 -0.003454522 0.999994040 0.000183137 -1.059447885 0.005869515 -0.000162858 0.999982774 36.884376526
0.999975979 0.004195334 -0.005531881 0.675532103 -0.004195262 0.999991238 0.000024728 -1.071264505 0.005531937 -0.000001520 0.999984741 37.429290771
0.999974489 0.003284642 -0.006339321 0.685731888 -0.003283768 0.999994576 0.000148240 -1.089167953 0.006339774 -0.000127419 0.999979913 37.985080719
0.999976993 0.003508701 -0.005799877 0.687824011 -0.003509451 0.999993801 -0.000119089 -1.102128625 0.005799423 0.000139441 0.999983191 38.537273407
0.999975920 0.003441014 -0.006023734 0.695700526 -0.003441597 0.999994040 -0.000086552 -1.118876576 0.006023400 0.000107281 0.999981880 39.088127136
0.999970257 0.003899451 -0.006655375 0.708681226 -0.003897954 0.999992371 0.000237965 -1.133257270 0.006656252 -0.000212016 0.999977827 39.619102478
0.999970317 0.004494695 -0.006261128 0.715438604 -0.004494166 0.999989927 0.000098570 -1.146180630 0.006261509 -0.000070429 0.999980450 40.170829773
0.999971509 0.004010003 -0.006398860 0.733554840 -0.004005752 0.999991775 0.000677012 -1.172334909 0.006401523 -0.000651360 0.999979317 40.705150604
0.999969244 0.003516783 -0.007006262 0.731737316 -0.003516361 0.999993742 0.000072442 -1.178068757 0.007006473 -0.000047803 0.999975443 41.270854950
0.999967098 0.004035144 -0.007051151 0.742926478 -0.004032672 0.999991775 0.000364877 -1.191298366 0.007052565 -0.000336430 0.999975085 41.821937561
0.999966681 0.004304928 -0.006933808 0.758041918 -0.004302909 0.999990761 0.000306070 -1.210297704 0.006935061 -0.000276224 0.999975920 42.365859985
0.999966383 0.004345635 -0.006950467 0.744916558 -0.004344545 0.999990523 0.000171733 -1.219945192 0.006951148 -0.000141530 0.999975860 42.920303345
0.999967039 0.003706817 -0.007234009 0.758307993 -0.003701777 0.999992907 0.000709858 -1.239017487 0.007236590 -0.000683056 0.999973595 43.454784393
0.999970615 0.004576905 -0.006145690 0.758589089 -0.004576948 0.999989450 0.000007128 -1.249267817 0.006145658 0.000021001 0.999981165 44.018016815
0.999968231 0.004014731 -0.006882388 0.759258807 -0.004013877 0.999991953 0.000137813 -1.262616992 0.006882886 -0.000110183 0.999976218 44.558254242
0.999967098 0.004544688 -0.006714763 0.768547177 -0.004548679 0.999989569 -0.000579015 -1.272416711 0.006712060 0.000609539 0.999977231 45.109893799
0.999970376 0.004757279 -0.006046162 0.771912158 -0.004760484 0.999988616 -0.000515846 -1.280759215 0.006043639 0.000544613 0.999981582 45.643951416
0.999968171 0.004180494 -0.006793633 0.781010747 -0.004179878 0.999991179 0.000104802 -1.310407281 0.006794012 -0.000076402 0.999976873 46.207511902
0.999969363 0.003532347 -0.006989472 0.795288920 -0.003533797 0.999993742 -0.000195095 -1.324896812 0.006988740 0.000219789 0.999975502 46.746582031
0.999968469 0.004303565 -0.006668034 0.796105206 -0.004304724 0.999990642 -0.000159484 -1.335064888 0.006667286 0.000188183 0.999977767 47.283584595
0.999971926 0.003713458 -0.006506848 0.787272692 -0.003713551 0.999993086 -0.000002273 -1.351565838 0.006506795 0.000026436 0.999978840 47.838134766
0.999969363 0.004358378 -0.006497933 0.792656183 -0.004357386 0.999990523 0.000166788 -1.369833350 0.006498597 -0.000138469 0.999978900 48.391235352
0.999971747 0.003471735 -0.006660309 0.809576988 -0.003473661 0.999993920 -0.000277721 -1.378741026 0.006659304 0.000300849 0.999977767 48.930797577
0.999972463 0.003848772 -0.006344313 0.802972674 -0.003849333 0.999992609 -0.000076107 -1.396218419 0.006343973 0.000100526 0.999979854 49.476970673
0.999971092 0.004019363 -0.006459549 0.818105459 -0.004021585 0.999991953 -0.000331106 -1.410724998 0.006458166 0.000357074 0.999979079 50.019527435
0.999973416 0.004276900 -0.005905378 0.821224928 -0.004275188 0.999990821 0.000302527 -1.431237340 0.005906617 -0.000277272 0.999982476 50.565601349
0.999972939 0.004118216 -0.006091172 0.822996914 -0.004118490 0.999991536 -0.000032323 -1.447642446 0.006090986 0.000057408 0.999981463 51.118358612
0.999974191 0.004192263 -0.005839887 0.831393957 -0.004192050 0.999991238 0.000048862 -1.463100314 0.005840041 -0.000024380 0.999983013 51.673732758
0.999975562 0.003651845 -0.005952294 0.839150071 -0.003652198 0.999993324 -0.000048492 -1.477373958 0.005952077 0.000070230 0.999982297 52.225696564
0.999971509 0.003525620 -0.006672337 0.856756806 -0.003527110 0.999993742 -0.000211586 -1.495673299 0.006671549 0.000235114 0.999977708 52.754974365
0.999973476 0.003938945 -0.006137262 0.857713521 -0.003939489 0.999992251 -0.000076545 -1.511062264 0.006136912 0.000100721 0.999981165 53.291316986
0.999971628 0.003454598 -0.006711253 0.867342591 -0.003456878 0.999993980 -0.000328172 -1.524314165 0.006710081 0.000351363 0.999977410 53.860683441
0.999972582 0.003998575 -0.006240797 0.877848029 -0.004000033 0.999991953 -0.000221086 -1.541165113 0.006239864 0.000246044 0.999980569 54.407264709
0.999972522 0.003640017 -0.006453796 0.878938437 -0.003643679 0.999993205 -0.000555579 -1.548053265 0.006451731 0.000579079 0.999979019 54.951297760
0.999973774 0.004180653 -0.005915002 0.875185192 -0.004185186 0.999991000 -0.000754007 -1.562543869 0.005911798 0.000778743 0.999982178 55.507568359
0.999970555 0.004004509 -0.006541884 0.895273864 -0.004008059 0.999991775 -0.000529284 -1.579727888 0.006539712 0.000555489 0.999978483 56.033905029
0.999970257 0.003642722 -0.006815753 0.902060509 -0.003647475 0.999993026 -0.000684901 -1.591766119 0.006813214 0.000709741 0.999976516 56.581966400
0.999971867 0.003575440 -0.006595558 0.917223573 -0.003580891 0.999993205 -0.000814794 -1.609260559 0.006592601 0.000838389 0.999977946 57.128177643
0.999968708 0.004045537 -0.006789074 0.924610198 -0.004048996 0.999991596 -0.000495741 -1.624460220 0.006787011 0.000523214 0.999976814 57.668029785
0.999969423 0.004159158 -0.006612886 0.928966701 -0.004164641 0.999990940 -0.000815523 -1.641597986 0.006609434 0.000843039 0.999977767 58.211215973
0.999970436 0.003589786 -0.006800326 0.945193172 -0.003595079 0.999993205 -0.000766175 -1.656219125 0.006797529 0.000790601 0.999976516 58.746490479
0.999970615 0.003863418 -0.006622556 0.945023179 -0.003870640 0.999991953 -0.001078161 -1.665269136 0.006618337 0.001103763 0.999977469 59.287902832
0.999969482 0.003607205 -0.006926667 0.956921577 -0.003616652 0.999992549 -0.001351826 -1.683019280 0.006921740 0.001376836 0.999975026 59.828575134
0.999972403 0.004212149 -0.006109765 0.957884729 -0.004218120 0.999990642 -0.000964625 -1.698457122 0.006105645 0.000990370 0.999980867 60.382270813
0.999968350 0.004580819 -0.006508232 0.962688923 -0.004587569 0.999988973 -0.001022716 -1.715893865 0.006503474 0.001052541 0.999978304 60.939979553
0.999970615 0.004935135 -0.005864897 0.969331741 -0.004941186 0.999987304 -0.001017875 -1.735586047 0.005859798 0.001046825 0.999982297 61.485767365
0.999972105 0.004539806 -0.005936212 0.981077075 -0.004547362 0.999988914 -0.001260049 -1.746989727 0.005930426 0.001287008 0.999981582 62.024734497
0.999967754 0.004698140 -0.006514018 0.981969953 -0.004707786 0.999987841 -0.001466294 -1.755392194 0.006507050 0.001496914 0.999977648 62.557838440
0.999966800 0.004748637 -0.006626023 0.991394997 -0.004757278 0.999987841 -0.001288952 -1.777738810 0.006619822 0.001320431 0.999977171 63.101463318
0.999968171 0.005269462 -0.005987504 0.988983333 -0.005273896 0.999985754 -0.000724902 -1.795841098 0.005983599 0.000756457 0.999981821 63.651725769
0.999967337 0.004674549 -0.006597789 1.002779126 -0.004682869 0.999988377 -0.001246041 -1.807035208 0.006591887 0.001276897 0.999977410 64.181686401
0.999969304 0.004592638 -0.006354979 1.003518939 -0.004601118 0.999988496 -0.001320593 -1.821838498 0.006348841 0.001349792 0.999978900 64.729614258
0.999967873 0.005047500 -0.006237322 1.015244126 -0.005051750 0.999987006 -0.000665834 -1.838417768 0.006233880 0.000697322 0.999980330 65.269996643
0.999966919 0.004899433 -0.006484418 1.023340225 -0.004906429 0.999987423 -0.001062998 -1.856778741 0.006479127 0.001094778 0.999978423 65.781814575
0.999967575 0.005154132 -0.006186415 1.031273365 -0.005162030 0.999985874 -0.001261166 -1.869533777 0.006179825 0.001293060 0.999980092 66.339111328
0.999968588 0.004991008 -0.006153309 1.038046122 -0.004998640 0.999986768 -0.001225665 -1.880885243 0.006147109 0.001256384 0.999980390 66.894058228
0.999967635 0.005071708 -0.006255954 1.047794700 -0.005077917 0.999986708 -0.000976914 -1.904484391 0.006250915 0.001008649 0.999979973 67.428489685
0.999965787 0.005186916 -0.006442306 1.052580833 -0.005190501 0.999986410 -0.000539883 -1.920089841 0.006439418 0.000573303 0.999979079 67.943313599
0.999963582 0.005739016 -0.006321969 1.064101338 -0.005744959 0.999983191 -0.000922358 -1.937762499 0.006316569 0.000958644 0.999979615 68.474487305
0.999964476 0.005977540 -0.005931539 1.067560673 -0.005980442 0.999982059 -0.000471526 -1.958719134 0.005928614 0.000506982 0.999982238 69.023056030
0.999963224 0.005700704 -0.006400171 1.062357426 -0.005704975 0.999983490 -0.000649658 -1.969822526 0.006396362 0.000686147 0.999979317 69.550666809
0.999964178 0.005339795 -0.006558479 1.073669076 -0.005345754 0.999985278 -0.000891234 -1.981040001 0.006553622 0.000926263 0.999978125 70.097038269
0.999967337 0.005620918 -0.005792651 1.076617360 -0.005626734 0.999983609 -0.000988367 -1.997578502 0.005787001 0.001020928 0.999982834 70.653572083
0.999963939 0.005171993 -0.006740196 1.090666413 -0.005180702 0.999985754 -0.001275331 -2.006574869 0.006733504 0.001310203 0.999976456 71.182617188
0.999959469 0.005617027 -0.007047275 1.107676864 -0.005623334 0.999983847 -0.000875554 -2.027562618 0.007042244 0.000915148 0.999974787 71.730751038
0.999960065 0.005851097 -0.006754791 1.107807636 -0.005858868 0.999982178 -0.001131334 -2.041174889 0.006748051 0.001170864 0.999976456 72.270538330
0.999960780 0.006293206 -0.006234317 1.103421807 -0.006297802 0.999979913 -0.000717476 -2.065496922 0.006229677 0.000756710 0.999980271 72.798301697
0.999963760 0.005886341 -0.006146650 1.114937186 -0.005889869 0.999982476 -0.000556013 -2.087091208 0.006143270 0.000592196 0.999980927 73.338607788
0.999963105 0.005849946 -0.006290447 1.118336082 -0.005852092 0.999982834 -0.000322839 -2.100563288 0.006288451 0.000359640 0.999980211 73.892120361
0.999964178 0.005485997 -0.006449618 1.125750184 -0.005491661 0.999984682 -0.000860878 -2.109703064 0.006444796 0.000896267 0.999978781 74.423820496
0.999962211 0.005793773 -0.006480384 1.136613846 -0.005797026 0.999983072 -0.000483407 -2.127259970 0.006477473 0.000520956 0.999978900 74.958786011
0.999960482 0.006090041 -0.006475493 1.141965628 -0.006091411 0.999981403 -0.000191745 -2.146327257 0.006474205 0.000231182 0.999979079 75.497795105
0.999961913 0.005557873 -0.006720616 1.151497126 -0.005561804 0.999984384 -0.000566503 -2.160459995 0.006717362 0.000603861 0.999977171 76.045417786
0.999951065 0.006152907 -0.007748883 1.161056995 -0.006155115 0.999981046 -0.000261065 -2.180681467 0.007747130 0.000308748 0.999969900 76.591117859
0.999959052 0.005966778 -0.006809792 1.168714166 -0.005972566 0.999981821 -0.000830160 -2.191492319 0.006804715 0.000870798 0.999976397 77.128341675
0.999964237 0.005340997 -0.006571193 1.175287366 -0.005345207 0.999985516 -0.000623351 -2.207113266 0.006567770 0.000658453 0.999978244 77.686965942
0.999964714 0.004969493 -0.006780830 1.187472582 -0.004970977 0.999987602 -0.000202182 -2.227862358 0.006779742 0.000235883 0.999976993 78.236221313
0.999966681 0.005263899 -0.006226695 1.190244317 -0.005270497 0.999985576 -0.001043767 -2.238840103 0.006221110 0.001076550 0.999980092 78.788078308
0.999959528 0.005699999 -0.006964572 1.199251175 -0.005703601 0.999983728 -0.000497342 -2.255592585 0.006961623 0.000537045 0.999975622 79.310844421
0.999958754 0.005734247 -0.007040536 1.205080509 -0.005740251 0.999983191 -0.000832811 -2.270481348 0.007035642 0.000873191 0.999974847 79.856765747
0.999959588 0.005700422 -0.006950225 1.214832544 -0.005706620 0.999983311 -0.000871958 -2.283133745 0.006945139 0.000911585 0.999975443 80.395896912
0.999967098 0.005692419 -0.005783946 1.223732591 -0.005696082 0.999983549 -0.000616849 -2.299506426 0.005780340 0.000649774 0.999983013 80.944953918
0.999968946 0.006552353 -0.004381601 1.227429867 -0.006555462 0.999978244 -0.000695201 -2.315128326 0.004376951 0.000723903 0.999990106 81.489517212
0.999975920 0.006150207 -0.003221535 1.239211202 -0.006153133 0.999980688 -0.000899078 -2.329942226 0.003215942 0.000918879 0.999994397 82.035789490
0.999980450 0.005950061 -0.001934020 1.250895739 -0.005951484 0.999981999 -0.000730408 -2.344887733 0.001929639 0.000741904 0.999997854 82.580238342
0.999980330 0.006243084 0.000744752 1.269019842 -0.006242303 0.999979913 -0.001049299 -2.358112335 -0.000751288 0.001044629 0.999999106 83.131080627
0.999969840 0.006121494 0.004763355 1.285385013 -0.006117707 0.999980927 -0.000809324 -2.378042698 -0.004768218 0.000780158 0.999988317 83.664283752
0.999942601 0.006474047 0.008532571 1.297911882 -0.006467593 0.999978781 -0.000783632 -2.392921209 -0.008537463 0.000728402 0.999963284 84.221885681
0.999896586 0.006459258 0.012848437 1.326372147 -0.006450131 0.999978900 -0.000751698 -2.413360834 -0.012853020 0.000668746 0.999917269 84.768173218
0.999808669 0.006199180 0.018550249 1.351906300 -0.006191631 0.999980688 -0.000464377 -2.429801464 -0.018552773 0.000349432 0.999827802 85.319847107
0.999692500 0.005929606 0.024074422 1.382974386 -0.005911914 0.999982178 -0.000805972 -2.446811914 -0.024078771 0.000663398 0.999709845 85.860511780
0.999547482 0.005569187 0.029560069 1.419179201 -0.005537435 0.999984026 -0.001155926 -2.460153580 -0.029566033 0.000991716 0.999562323 86.403732300
0.999266386 0.006053876 0.037815645 1.448197603 -0.006027274 0.999981523 -0.000817372 -2.476971388 -0.037819885 0.000588847 0.999284327 86.966285706
0.998898029 0.006319425 0.046505563 1.491641283 -0.006285206 0.999979913 -0.000881980 -2.490733624 -0.046510201 0.000588711 0.998917639 87.518516541
0.998572707 0.006037364 0.053067483 1.535845280 -0.006008940 0.999981821 -0.000695131 -2.509164572 -0.053070705 0.000375259 0.998590648 88.068626404
0.998053312 0.005860125 0.062091067 1.591273069 -0.005822357 0.999982774 -0.000789166 -2.524226904 -0.062094629 0.000426114 0.998070180 88.611305237
0.997372627 0.005842736 0.072205961 1.652326107 -0.005782619 0.999982715 -0.001041605 -2.539190531 -0.072210804 0.000621329 0.997389138 89.150512695
0.996726096 0.005807511 0.080643520 1.704973221 -0.005708463 0.999982715 -0.001458707 -2.545090199 -0.080650598 0.000993581 0.996741891 89.713264465
0.996043622 0.005707134 0.088681199 1.780835152 -0.005607138 0.999983311 -0.001376660 -2.567764521 -0.088687576 0.000873966 0.996059120 90.261253357
0.995016456 0.005610937 0.099551626 1.858227730 -0.005534491 0.999984145 -0.001044053 -2.584052801 -0.099555910 0.000487883 0.995031834 90.797927856
0.993930697 0.005740304 0.109857693 1.939684868 -0.005662223 0.999983430 -0.001022698 -2.599965811 -0.109861746 0.000394453 0.993946731 91.343467712
0.992861986 0.004894647 0.119168326 2.025531769 -0.004793835 0.999987841 -0.001132598 -2.621452332 -0.119172424 0.000553241 0.992873430 91.905685425
0.991404355 0.005352728 0.130724311 2.105543137 -0.005231999 0.999985516 -0.001266974 -2.629686832 -0.130729228 0.000572134 0.991417885 92.436439514
0.989760399 0.004573002 0.142665535 2.209115028 -0.004415818 0.999989271 -0.001418364 -2.646215200 -0.142670482 0.000773855 0.989769876 93.035102844
0.988104880 0.004377024 0.153719708 2.312129974 -0.004218191 0.999990284 -0.001359395 -2.664461613 -0.153724164 0.000694806 0.988113523 93.585456848
0.986492157 0.004211824 0.163754985 2.428730965 -0.004096464 0.999991000 -0.001042158 -2.684870720 -0.163757905 0.000357264 0.986500442 94.127761841
0.984267771 0.004200706 0.176632822 2.550601959 -0.004067443 0.999991119 -0.001116520 -2.702090979 -0.176635921 0.000380510 0.984276175 94.650886536
0.982011437 0.003337726 0.188792020 2.679261208 -0.003178797 0.999994278 -0.001144604 -2.718327761 -0.188794747 0.000523883 0.982016444 95.189247131
0.979886055 0.003636790 0.199524522 2.799697876 -0.003492282 0.999993324 -0.001076198 -2.729112148 -0.199527115 0.000357756 0.979892194 95.760627747
0.977100909 0.003929183 0.212740302 2.939496994 -0.003824536 0.999992251 -0.000903426 -2.747022390 -0.212742195 0.000069105 0.977108359 96.289009094
0.974130690 0.003311429 0.225960970 3.085628510 -0.003082157 0.999994338 -0.001367434 -2.757458210 -0.225964233 0.000635612 0.974135399 96.836502075
0.971489191 0.003008069 0.237064570 3.233846664 -0.002835193 0.999995470 -0.001070153 -2.777929783 -0.237066716 0.000367518 0.971493244 97.365348816
0.968458951 0.002387455 0.249161661 3.384460449 -0.002134518 0.999996901 -0.001285329 -2.790457726 -0.249163970 0.000712948 0.968460977 97.894027710
0.964915097 0.002161268 0.262552977 3.553506851 -0.001931037 0.999997497 -0.001134915 -2.807692289 -0.262554795 0.000588097 0.964916885 98.425781250
0.961412787 0.001774636 0.275104076 3.723237991 -0.001494690 0.999998152 -0.001227240 -2.822407484 -0.275105745 0.000768689 0.961413682 98.941436768
0.958168089 0.001806202 0.286200464 3.913095474 -0.001529732 0.999998093 -0.001189579 -2.843789816 -0.286202073 0.000702007 0.958169043 99.478363037
0.953839839 0.002356365 0.300306678 4.089153290 -0.002098019 0.999997139 -0.001182738 -2.857409954 -0.300308615 0.000498093 0.953841984 99.993843079
0.949353695 0.001899720 0.314203978 4.295095444 -0.001594500 0.999997914 -0.001228412 -2.874902964 -0.314205617 0.000665199 0.949354708 100.524269104
0.945647299 0.001024103 0.325192511 4.494045258 -0.000647356 0.999998927 -0.001266730 -2.882151842 -0.325193495 0.000987364 0.945647001 101.060089111
0.941104174 0.000488576 0.338116527 4.702960968 -0.000098774 0.999999285 -0.001170067 -2.902149916 -0.338116884 0.001067757 0.941103578 101.584930420
0.935938299 0.000781498 0.352163464 4.921968460 -0.000407017 0.999999225 -0.001137411 -2.921750069 -0.352164090 0.000921210 0.935937881 102.083740234
0.931108654 0.000689095 0.364741296 5.135517120 -0.000258604 0.999999225 -0.001229108 -2.935714245 -0.364741862 0.001050109 0.931108117 102.611404419
0.926473081 0.000096634 0.376361102 5.367181778 0.000733255 0.999997616 -0.002061781 -2.943177462 -0.376360327 0.002186153 0.926470876 103.127395630
0.920496464 0.000073714 0.390750855 5.596141815 0.000496916 0.999998868 -0.001359239 -2.964135647 -0.390750498 0.001445345 0.920495510 103.620872498
0.914852679 -0.000955380 0.403786600 5.837478638 0.001653162 0.999997675 -0.001379496 -2.978323460 -0.403784364 0.001929560 0.914852202 104.108993530
0.909877598 -0.000802774 0.414875984 6.079650879 0.001321059 0.999998629 -0.000962286 -3.005357027 -0.414874673 0.001423638 0.909877479 104.582580566
0.903377831 -0.001280203 0.428843528 6.344528198 0.001819807 0.999997973 -0.000848265 -3.015396118 -0.428841591 0.001546717 0.903378308 105.132522583
0.897064507 -0.001726333 0.441896409 6.618404388 0.002331587 0.999996960 -0.000826567 -3.033769131 -0.441893667 0.001771804 0.897065639 105.605499268
0.891164660 -0.002151451 0.453675002 6.883075714 0.002933919 0.999995112 -0.001020916 -3.045977116 -0.453670561 0.002240850 0.891166627 106.089576721
0.885179937 -0.003029102 0.465238780 7.145572662 0.003668862 0.999993145 -0.000469699 -3.063302755 -0.465234160 0.002122666 0.885185063 106.583312988
0.878006697 -0.003063810 0.478638738 7.434509277 0.003978333 0.999991655 -0.000896748 -3.074258566 -0.478632003 0.002691535 0.878011465 107.066177368
