1.000000000 0.000000000 0.000000000 0.000000000 0.000000000 1.000000000 0.000000000 0.000000000 0.000000000 0.000000000 1.000000000 0.000000000
1.000000000 -0.000052268 -0.000004465 0.000406471 0.000052269 1.000000000 0.000033588 -0.000170311 0.000004463 -0.000033588 1.000000000 -0.000611834
1.000000000 -0.000013636 0.000047370 -0.000083641 0.000013636 1.000000000 -0.000000016 0.000367300 -0.000047370 0.000000016 1.000000000 0.000269968
1.000000000 -0.000110502 0.000048403 -0.000199454 0.000110499 1.000000000 0.000062146 0.000228723 -0.000048409 -0.000062141 1.000000000 -0.000279623
1.000000000 -0.000143388 -0.000116931 0.001060004 0.000143383 1.000000000 -0.000043233 -0.000139940 0.000116937 0.000043216 1.000000000 -0.001015015
1.000000000 -0.000058563 0.000060118 0.000793487 0.000058556 1.000000000 0.000110534 -0.001053632 -0.000060124 -0.000110531 1.000000000 -0.000448335
1.000000000 0.000065439 0.000162554 -0.000594630 -0.000065425 1.000000000 -0.000086417 0.000895841 -0.000162559 0.000086406 1.000000000 0.000462658
1.000000000 -0.000028012 0.000128558 -0.000013734 0.000028004 1.000000000 0.000061343 -0.000446203 -0.000128560 -0.000061339 1.000000000 -0.000846402
1.000000000 -0.000184163 0.000083462 0.000686738 0.000184168 1.000000000 -0.000054069 0.000874906 -0.000083452 0.000054084 1.000000000 0.000407360
1.000000000 0.000012334 0.000018044 0.000761820 -0.000012332 1.000000000 -0.000127242 0.000194135 -0.000018045 0.000127242 1.000000000 -0.001298965
1.000000000 -0.000063472 0.000015965 0.001025132 0.000063473 1.000000000 -0.000086524 0.000810873 -0.000015959 0.000086525 1.000000000 0.000484257
1.000000000 -0.000058858 0.000109981 -0.000081100 0.000058863 1.000000000 -0.000051379 0.000398238 -0.000109978 0.000051385 1.000000000 -0.000112296
1.000000000 -0.000026806 0.000098896 -0.000073459 0.000026796 1.000000000 0.000096479 -0.000561724 -0.000098899 -0.000096476 1.000000000 -0.000026239
1.000000000 -0.000011619 0.000009443 0.001128591 0.000011619 1.000000000 -0.000045627 0.000250288 -0.000009442 0.000045627 1.000000000 -0.000601670
0.999999940 -0.000352662 -0.000084066 0.001339551 0.000352657 0.999999940 -0.000056747 0.000219279 0.000084086 0.000056718 1.000000000 -0.001090264
1.000000000 -0.000062514 0.000054896 0.000633657 0.000062501 1.000000000 0.000226577 -0.001427700 -0.000054910 -0.000226574 1.000000000 -0.001089783
1.000000000 0.000087011 -0.000146344 0.001273176 -0.000087008 1.000000000 0.000021936 0.000220142 0.000146346 -0.000021923 1.000000000 -0.001166876
1.000000000 0.000034706 -0.000049175 0.000627154 -0.000034705 1.000000000 0.000030629 -0.000049652 0.000049177 -0.000030627 1.000000000 -0.000478678
1.000000000 -0.000036370 -0.000102820 0.001429779 0.000036369 1.000000000 -0.000010258 0.000913480 0.000102820 0.000010255 1.000000000 0.000021277
1.000000000 0.000093775 -0.000050021 0.000735844 -0.000093777 1.000000000 -0.000047380 0.000767840 0.000050017 0.000047384 1.000000000 -0.000742096
1.000000000 -0.000010022 0.000038095 0.000130470 0.000010018 1.000000000 0.000097851 -0.000705085 -0.000038096 -0.000097850 1.000000000 -0.000880895
1.000000000 -0.000047951 -0.000112162 0.002327151 0.000047937 1.000000000 -0.000124415 0.000523955 0.000112168 0.000124410 1.000000000 -0.000361804
1.000000000 0.000061583 0.000000617 0.001264862 -0.000061583 1.000000000 0.000088611 0.000206786 -0.000000611 -0.000088611 1.000000000 0.000638957
1.000000000 0.000147209 -0.000061993 0.001460421 -0.000147213 1.000000000 -0.000061128 0.000799752 0.000061984 0.000061137 1.000000000 -0.001305060
1.000000000 -0.000081130 -0.000151908 0.001600224 0.000081133 1.000000000 0.000018080 -0.000285476 0.000151907 -0.000018092 1.000000000 -0.002207128
1.000000000 -0.000028933 -0.000087130 0.000788996 0.000028934 1.000000000 0.000008053 -0.000089181 0.000087130 -0.000008056 1.000000000 -0.001241868
1.000000000 0.000212330 0.000062885 -0.000406165 -0.000212329 1.000000000 -0.000014925 0.000538044 -0.000062888 0.000014912 1.000000000 0.001030314
1.000000000 -0.000110877 0.000006199 0.000106848 0.000110876 1.000000000 0.000183900 -0.000432677 -0.000006220 -0.000183900 1.000000000 0.000423516
1.000000000 0.000061365 0.000032369 -0.000089331 -0.000061367 1.000000000 0.000036155 -0.000247066 -0.000032367 -0.000036157 1.000000000 -0.000960496
1.000000000 -0.000134824 0.000127715 0.000189197 0.000134809 1.000000000 0.000115165 -0.001323066 -0.000127731 -0.000115148 1.000000000 -0.001356601
1.000000000 -0.000166085 0.000143987 -0.000264676 0.000166070 1.000000000 0.000104481 -0.000628684 -0.000144004 -0.000104457 1.000000000 -0.000966835
1.000000000 -0.000007687 0.000021066 0.000705762 0.000007686 1.000000000 0.000051283 -0.000584856 -0.000021067 -0.000051283 1.000000000 -0.000910759
1.000000000 -0.000077733 -0.000111578 0.001460940 0.000077743 1.000000000 0.000092739 -0.000500636 0.000111571 -0.000092748 1.000000000 0.000113706
1.000000000 0.000092018 0.000088654 -0.000023629 -0.000092013 1.000000000 -0.000050401 0.000566553 -0.000088659 0.000050393 1.000000000 0.000641342
1.000000000 -0.000000604 -0.000082928 0.001601228 0.000000606 1.000000000 0.000016059 0.000311056 0.000082928 -0.000016059 1.000000000 -0.000357589
1.000000000 -0.000044405 0.000070400 -0.000027707 0.000044409 1.000000000 -0.000063162 0.000743646 -0.000070397 0.000063166 1.000000000 -0.000034259
0.999999940 -0.000211109 -0.000139074 0.001712998 0.000211103 1.000000000 -0.000039687 0.000400433 0.000139082 0.000039657 1.000000000 0.000251509
0.999999940 -0.000228839 -0.000100303 0.001984876 0.000228836 1.000000000 -0.000025774 0.000781053 0.000100309 0.000025751 1.000000000 0.000014917
0.999999940 -0.000264248 0.000160542 0.000592564 0.000264264 0.999999940 -0.000102131 0.001150847 -0.000160515 0.000102174 1.000000000 0.002339497
0.999999940 -0.000293085 0.000023102 0.002556185 0.000293102 0.999999702 -0.000725082 -0.001707382 -0.000022890 0.000725089 0.999999762 0.050077979
1.000000000 0.000093115 0.000053864 0.001943122 -0.000093038 0.999998987 -0.001430402 -0.002274106 -0.000053997 0.001430397 0.999998987 0.140533924
0.999999881 0.000532177 -0.000008618 0.004504444 -0.000532190 0.999998629 -0.001616463 -0.006310618 0.000007758 0.001616468 0.999998748 0.255615205
0.999999344 -0.001030943 -0.000514192 0.009613044 0.001030744 0.999999404 -0.000387481 -0.023208616 0.000514591 0.000386950 0.999999821 0.387930274
0.999999225 -0.001107170 -0.000664491 0.013181466 0.001106971 0.999999404 -0.000300829 -0.027575454 0.000664823 0.000300093 0.999999762 0.526305914
0.999999583 -0.000722182 -0.000582559 0.013663921 0.000721939 0.999999642 -0.000417140 -0.030963695 0.000582860 0.000416720 0.999999762 0.680978060
0.999999821 -0.000605754 -0.000190598 0.017823318 0.000605596 0.999999464 -0.000827715 -0.028543377 0.000191099 0.000827599 0.999999642 0.844002724
0.999999940 -0.000309404 -0.000142980 0.021327393 0.000309270 0.999999642 -0.000931070 -0.031282164 0.000143268 0.000931026 0.999999583 1.010622978
0.999999821 0.000465202 -0.000002023 0.022620186 -0.000465203 0.999999821 -0.000382681 -0.040073238 0.000001845 0.000382682 0.999999940 1.192714095
0.999999940 -0.000101346 -0.000217112 0.029461071 0.000101352 1.000000000 0.000025968 -0.047095183 0.000217110 -0.000025990 1.000000000 1.376963377
0.999999821 0.000203385 -0.000551342 0.042373501 -0.000203793 0.999999702 -0.000738616 -0.044883527 0.000551192 0.000738728 0.999999583 1.576913714
1.000000119 0.000210896 0.000008819 0.031412527 -0.000210894 0.999999940 -0.000286896 -0.050140250 -0.000008880 0.000286894 0.999999881 1.770470142
1.000000000 -0.000053253 -0.000417076 0.038540881 0.000053200 1.000000000 -0.000127756 -0.057977658 0.000417083 0.000127734 0.999999881 1.966016531
0.999999940 0.000173347 0.000255249 0.037734300 -0.000173335 1.000000000 -0.000046261 -0.062245075 -0.000255257 0.000046216 0.999999940 2.180273771
0.999999940 0.000069598 0.000257742 0.045631729 -0.000069550 1.000000000 -0.000183610 -0.067120947 -0.000257755 0.000183592 0.999999881 2.399279594
0.999999762 -0.000669897 0.000121193 0.049955986 0.000669895 0.999999762 0.000018834 -0.076240085 -0.000121205 -0.000018753 1.000000000 2.622104406
0.999999821 -0.000461139 -0.000132331 0.055600923 0.000461174 0.999999821 0.000265171 -0.084204197 0.000132209 -0.000265232 1.000000000 2.852623701
0.999999940 0.000304529 0.000130387 0.060414921 -0.000304607 0.999999762 0.000600793 -0.093015634 -0.000130204 -0.000600833 0.999999821 3.091203451
1.000000000 -0.000465584 0.000079100 0.063999504 0.000465575 0.999999821 0.000122588 -0.097309522 -0.000079157 -0.000122551 1.000000000 3.334331274
0.999999940 -0.000103779 0.000249264 0.068471581 0.000103752 1.000000000 0.000107059 -0.103648953 -0.000249275 -0.000107033 0.999999940 3.585361242
0.999999762 -0.000681875 0.000022846 0.074555784 0.000681884 0.999999642 -0.000410451 -0.106546968 -0.000022566 0.000410467 0.999999881 3.839713573
0.999999702 -0.000501466 0.000588581 0.074305296 0.000501260 0.999999821 0.000349244 -0.117834277 -0.000588756 -0.000348948 0.999999762 4.100059032
1.000000000 0.000071514 0.000227694 0.078883536 -0.000071720 0.999999583 0.000902840 -0.132599115 -0.000227629 -0.000902856 0.999999523 4.342422962
0.999999821 -0.000171432 0.000388827 0.085910983 0.000171163 0.999999762 0.000691100 -0.138264626 -0.000388945 -0.000691033 0.999999702 4.600358486
0.999999821 -0.000271632 0.000596821 0.089915104 0.000271050 0.999999583 0.000974779 -0.146668464 -0.000597085 -0.000974617 0.999999344 4.859367371
0.999999762 0.000048644 0.000641012 0.103240252 -0.000049160 0.999999702 0.000805795 -0.152207896 -0.000640973 -0.000805826 0.999999404 5.126163960
0.999999881 -0.000571460 0.000177425 0.113875844 0.000571345 0.999999702 0.000649319 -0.158864617 -0.000177796 -0.000649217 0.999999762 5.395223141
0.999999762 -0.000497452 0.000278765 0.109895676 0.000497311 0.999999762 0.000503915 -0.161679119 -0.000279016 -0.000503776 0.999999762 5.636593819
0.999999702 -0.000790666 -0.000004634 0.117391333 0.000790670 0.999999285 0.000990525 -0.173610076 0.000003851 -0.000990529 0.999999464 5.907260895
0.999999583 0.000679047 0.000597105 0.121503167 -0.000679436 0.999999583 0.000652075 -0.183077425 -0.000596662 -0.000652480 0.999999583 6.223621368
0.999998689 0.001084218 0.001185369 0.122370206 -0.001085041 0.999999166 0.000694452 -0.189024493 -0.001184615 -0.000695738 0.999999046 6.502683640
0.999999642 0.000368124 0.000798227 0.130089015 -0.000368805 0.999999583 0.000853624 -0.205217972 -0.000797913 -0.000853918 0.999999344 6.782795906
0.999999940 0.000100518 0.000372591 0.152707577 -0.000100906 0.999999464 0.001040958 -0.216156676 -0.000372486 -0.001040995 0.999999404 7.076035976
0.999999821 0.000378813 0.000308247 0.149754927 -0.000379030 0.999999702 0.000705807 -0.221969113 -0.000307980 -0.000705924 0.999999642 7.378862858
0.999999583 0.000322698 0.000863634 0.149784118 -0.000323458 0.999999523 0.000880000 -0.230269670 -0.000863350 -0.000880278 0.999999225 7.680519104
0.999999762 0.000284983 0.000606042 0.158733681 -0.000285660 0.999999285 0.001117025 -0.244423911 -0.000605723 -0.001117198 0.999999166 7.992649078
0.999999166 0.000626455 0.001056962 0.162722677 -0.000627508 0.999999285 0.000996018 -0.246746853 -0.001056337 -0.000996681 0.999998927 8.331336021
0.999999702 0.000144043 0.000678968 0.172909245 -0.000144773 0.999999404 0.001074397 -0.261631399 -0.000678813 -0.001074495 0.999999106 8.642829895
0.999998271 0.000060547 0.001869878 0.155313149 -0.000065648 0.999996245 0.002728220 -0.295106322 -0.001869706 -0.002728338 0.999994457 8.975210190
0.999998450 0.000374939 0.001721304 0.171036959 -0.000376594 0.999999464 0.000961419 -0.276011884 -0.001720943 -0.000962066 0.999998033 9.309080124
0.999998093 0.000665576 0.001794462 0.177077979 -0.000669271 0.999997675 0.002059230 -0.303211093 -0.001793087 -0.002060428 0.999996245 9.667613029
0.999998689 0.000055677 0.001579329 0.189176753 -0.000057716 0.999999166 0.001291100 -0.303099155 -0.001579256 -0.001291190 0.999997854 10.012264252
0.999997914 0.000909580 0.001880078 0.188153833 -0.000911753 0.999998927 0.001155470 -0.313069403 -0.001879025 -0.001157182 0.999997497 10.356826782
0.999998391 0.000068140 0.001742200 0.200234145 -0.000071039 0.999998629 0.001663804 -0.330785841 -0.001742084 -0.001663925 0.999997079 10.738438606
0.999997675 0.001434507 0.001595149 0.213622779 -0.001436882 0.999997854 0.001489029 -0.337894976 -0.001593009 -0.001491318 0.999997556 11.092834473
0.999997318 0.001333082 0.001908137 0.218904614 -0.001335393 0.999998391 0.001210568 -0.346209973 -0.001906519 -0.001213113 0.999997377 11.470876694
0.999997795 0.001286659 0.001649919 0.235766023 -0.001289265 0.999997914 0.001578917 -0.359900117 -0.001647884 -0.001581041 0.999997377 11.840291977
0.999998510 0.000116831 0.001724795 0.243087083 -0.000118845 0.999999225 0.001167702 -0.364457756 -0.001724657 -0.001167905 0.999997795 12.237378120
0.999997199 0.001055994 0.002084757 0.245801494 -0.001059043 0.999998391 0.001461743 -0.382651180 -0.002083209 -0.001463947 0.999996781 12.619903564
0.999998093 0.000225804 0.001929134 0.258665651 -0.000230276 0.999997258 0.002318456 -0.406927675 -0.001928605 -0.002318895 0.999995470 13.015316010
0.999997079 0.001332119 0.002008023 0.271919727 -0.001334913 0.999998152 0.001390395 -0.404018164 -0.002006167 -0.001393072 0.999997020 13.414568901
0.999995947 0.000572862 0.002769816 0.269050926 -0.000576534 0.999998927 0.001325110 -0.417136848 -0.002769054 -0.001326701 0.999995291 13.819493294
0.999996722 0.000947044 0.002355325 0.290366441 -0.000950205 0.999998629 0.001341495 -0.420663446 -0.002354051 -0.001343729 0.999996245 14.239869118
0.999996245 0.000872164 0.002577889 0.297900647 -0.000876344 0.999998331 0.001620998 -0.442362696 -0.002576471 -0.001623251 0.999995291 14.653145790
0.999996662 0.000908050 0.002402217 0.309280664 -0.000913177 0.999997318 0.002133801 -0.454514116 -0.002400273 -0.002135988 0.999994814 15.088517189
0.999995768 0.000761577 0.002818385 0.316519737 -0.000767576 0.999997437 0.002128034 -0.470123559 -0.002816758 -0.002130188 0.999993742 15.534040451
0.999994814 0.000790413 0.003110456 0.327383876 -0.000795817 0.999998152 0.001736637 -0.481874049 -0.003109077 -0.001739104 0.999993622 15.964365005
0.999993563 0.000673066 0.003528174 0.334811240 -0.000679124 0.999998271 0.001716244 -0.493656665 -0.003527013 -0.001718629 0.999992311 16.405214310
0.999992371 0.000435139 0.003888136 0.346438885 -0.000443180 0.999997675 0.002067641 -0.505873263 -0.003887228 -0.002069348 0.999990284 16.862016678
0.999992013 0.001045079 0.003864515 0.361547351 -0.001054923 0.999996126 0.002545993 -0.524044812 -0.003861839 -0.002550049 0.999989271 17.314798355
0.999992847 0.000492540 0.003741773 0.369098872 -0.000501336 0.999997079 0.002350053 -0.535775781 -0.003740605 -0.002351912 0.999990225 17.768051147
0.999994099 0.000152111 0.003444104 0.383868843 -0.000159284 0.999997854 0.002082408 -0.548860610 -0.003443780 -0.002082945 0.999991834 18.236894608
0.999989867 0.000658987 0.004450017 0.389593810 -0.000668648 0.999997437 0.002169813 -0.558516741 -0.004448575 -0.002172766 0.999987721 18.708993912
0.999989271 0.000965832 0.004520372 0.402223080 -0.000978377 0.999995708 0.002773742 -0.579521060 -0.004517674 -0.002778135 0.999985933 19.168436050
0.999989510 0.000373145 0.004557445 0.409696788 -0.000384815 0.999996662 0.002560104 -0.589428008 -0.004556474 -0.002561832 0.999986291 19.669284821
0.999990165 0.000572169 0.004394827 0.425359666 -0.000585380 0.999995291 0.003005162 -0.601938963 -0.004393087 -0.003007705 0.999985814 20.151111603
0.999990642 0.000356900 0.004308425 0.430775017 -0.000369534 0.999995649 0.002932037 -0.620388627 -0.004307359 -0.002933602 0.999986410 20.650800705
0.999991596 0.000451150 0.004065478 0.444437891 -0.000464290 0.999994695 0.003231917 -0.637200892 -0.004063999 -0.003233778 0.999986529 21.146673203
0.999993324 0.000816099 0.003562463 0.451425552 -0.000828566 0.999993563 0.003499573 -0.648243010 -0.003559584 -0.003502501 0.999987543 21.662094116
0.999994695 0.000779261 0.003147277 0.467445523 -0.000790397 0.999993384 0.003538638 -0.668337345 -0.003144498 -0.003541107 0.999988794 22.156278610
0.999997258 0.000571277 0.002270686 0.481869906 -0.000578785 0.999994278 0.003307383 -0.674046993 -0.002268784 -0.003308688 0.999991894 22.675840378
0.999998093 0.000584283 0.001846884 0.491350621 -0.000590650 0.999993861 0.003448550 -0.689842939 -0.001844858 -0.003449634 0.999992371 23.201049805
0.999998927 0.000643923 0.001306606 0.499401718 -0.000648014 0.999994874 0.003133013 -0.700629175 -0.001304582 -0.003133856 0.999994218 23.722578049
0.999999464 -0.000414983 0.000969214 0.506406844 0.000411991 0.999995112 0.003085466 -0.715850294 -0.000970490 -0.003085065 0.999994695 24.250549316
0.999999344 0.000911775 0.000681020 0.515640020 -0.000913894 0.999994695 0.003118248 -0.725392222 -0.000678173 -0.003118869 0.999994934 24.788537979
0.999999642 0.000718909 -0.000394363 0.524741411 -0.000717648 0.999994576 0.003188684 -0.740504384 0.000396653 -0.003188400 0.999994755 25.319049835
0.999998987 0.000534493 -0.001285802 0.533786535 -0.000530682 0.999995470 0.002962347 -0.749357581 0.001287380 -0.002961662 0.999994814 25.869897842
0.999997973 0.000984726 -0.001759402 0.540039062 -0.000979368 0.999994934 0.003043804 -0.764336050 0.001762391 -0.003042075 0.999993861 26.413709641
0.999997616 0.000202473 -0.002224700 0.550698519 -0.000194833 0.999994099 0.003434254 -0.778436005 0.002225382 -0.003433812 0.999991655 26.968910217
0.999996603 0.000068265 -0.002614022 0.561526716 -0.000058840 0.999993503 0.003605215 -0.795887828 0.002614251 -0.003605049 0.999990106 27.509176254
0.999996781 0.000451373 -0.002495417 0.561638117 -0.000442378 0.999993384 0.003603981 -0.811056554 0.002497028 -0.003602866 0.999990344 28.056747437
0.999995053 0.000789092 -0.003048277 0.570113480 -0.000777379 0.999992311 0.003841850 -0.823964894 0.003051285 -0.003839461 0.999987960 28.617675781
0.999993622 0.000635446 -0.003545671 0.583786011 -0.000622231 0.999992788 0.003726937 -0.837637424 0.003548014 -0.003724707 0.999986768 29.150354385
0.999991059 0.000580099 -0.004191981 0.594668210 -0.000565409 0.999993682 0.003504675 -0.849077523 0.004193988 -0.003502273 0.999985099 29.706031799
0.999991477 0.000828019 -0.004040787 0.599423707 -0.000811064 0.999990880 0.004195828 -0.868382215 0.004044224 -0.004192515 0.999983013 30.246730804
0.999992430 0.001220009 -0.003702164 0.602154732 -0.001205228 0.999991298 0.003992151 -0.884755015 0.003707002 -0.003987659 0.999985158 30.791622162
0.999987900 0.001339971 -0.004728474 0.614631057 -0.001321773 0.999991715 0.003849781 -0.893771648 0.004733592 -0.003843485 0.999981403 31.346624374
0.999986768 0.001423439 -0.004933043 0.618428826 -0.001403614 0.999990940 0.004019892 -0.906717420 0.004938720 -0.004012914 0.999979734 31.893093109
0.999990523 0.001106453 -0.004209227 0.624219239 -0.001090738 0.999992371 0.003733910 -0.923997819 0.004213327 -0.003729283 0.999984145 32.439586639
0.999984622 0.000657136 -0.005494397 0.633636296 -0.000632875 0.999990046 0.004416095 -0.949686229 0.005497244 -0.004412550 0.999975145 32.961822510
0.999984205 0.000464131 -0.005593554 0.641968489 -0.000442047 0.999992132 0.003948762 -0.962213397 0.005595343 -0.003946227 0.999976575 33.513027191
0.999980211 0.000928377 -0.006226011 0.653163493 -0.000903986 0.999991894 0.003919378 -0.973062515 0.006229599 -0.003913672 0.999972939 34.054668427
0.999981403 0.000479314 -0.006078831 0.656431437 -0.000455098 0.999991953 0.003984536 -0.989298284 0.006080691 -0.003981696 0.999973536 34.596439362
0.999978006 0.000220915 -0.006647940 0.670771956 -0.000196858 0.999993563 0.003619205 -0.997435212 0.006648696 -0.003617816 0.999971330 35.156192780
0.999982417 0.000274109 -0.005911831 0.665258348 -0.000248634 0.999990702 0.004309379 -1.015915871 0.005912956 -0.004307834 0.999973238 35.690532684
0.999978662 0.000327043 -0.006527396 0.680101693 -0.000302344 0.999992788 0.003784440 -1.025808096 0.006528587 -0.003782385 0.999971509 36.247016907
0.999978423 0.000283007 -0.006565703 0.690157592 -0.000258712 0.999993086 0.003700877 -1.040941834 0.006566704 -0.003699098 0.999971569 36.786579132
0.999975920 0.000170668 -0.006936680 0.696831107 -0.000143041 0.999992073 0.003983010 -1.056365848 0.006937305 -0.003981921 0.999967992 37.328022003
0.999976039 0.000347775 -0.006904749 0.703905642 -0.000323269 0.999993563 0.003549982 -1.063113213 0.006905938 -0.003547665 0.999969840 37.890689850
0.999974966 0.000198672 -0.007085682 0.710418582 -0.000172469 0.999993145 0.003698417 -1.080016732 0.007086370 -0.003697101 0.999968052 38.427303314
0.999974132 0.000568055 -0.007165548 0.715170503 -0.000542126 0.999993324 0.003619883 -1.093903184 0.007167555 -0.003615904 0.999967754 38.977069855
0.999971926 0.000324161 -0.007488310 0.721817195 -0.000296508 0.999993145 0.003693577 -1.107541084 0.007489455 -0.003691252 0.999965131 39.523117065
0.999973536 0.000682378 -0.007242052 0.729624033 -0.000651108 0.999990463 0.004319300 -1.125405312 0.007244929 -0.004314470 0.999964476 40.073780060
0.999972820 0.000683786 -0.007339665 0.735805452 -0.000658188 0.999993622 0.003489471 -1.125045300 0.007342006 -0.003484545 0.999966919 40.631015778
0.999973953 0.001014987 -0.007148224 0.740249336 -0.000990029 0.999993324 0.003494091 -1.139297843 0.007151724 -0.003486923 0.999968290 41.181278229
0.999966919 0.000572577 -0.008116430 0.756349325 -0.000543858 0.999993563 0.003540148 -1.153885961 0.008118404 -0.003535617 0.999960780 41.725837708
0.999968052 0.000645878 -0.007969413 0.751813114 -0.000622028 0.999995351 0.002994834 -1.164016008 0.007971310 -0.002989782 0.999963760 42.279029846
0.999964178 0.000980793 -0.008406783 0.763876319 -0.000954252 0.999994576 0.003160513 -1.176341653 0.008409839 -0.003152378 0.999959648 42.812057495
0.999963582 0.000870216 -0.008489377 0.770538330 -0.000843678 0.999994755 0.003129186 -1.187450171 0.008492055 -0.003121909 0.999959052 43.379497528
0.999964356 0.000629840 -0.008413870 0.768534899 -0.000597429 0.999992371 0.003854018 -1.212554812 0.008416234 -0.003848854 0.999957144 43.914325714
0.999960721 -0.000009152 -0.008856578 0.780653298 0.000042242 0.999993026 0.003736127 -1.219905972 0.008856481 -0.003736354 0.999953806 44.442371368
0.999962509 0.000997368 -0.008591287 0.781728566 -0.000967052 0.999993265 0.003532151 -1.233834267 0.008594750 -0.003523711 0.999956787 44.992645264
0.999966145 0.001174242 -0.008143455 0.781362474 -0.001147433 0.999993861 0.003296016 -1.246696591 0.008147273 -0.003286561 0.999961436 45.546020508
0.999968886 0.000975934 -0.007817387 0.785116792 -0.000950455 0.999994218 0.003262339 -1.259310603 0.007820524 -0.003254808 0.999964118 46.100467682
0.999966919 0.000915815 -0.008083413 0.796519995 -0.000891358 0.999994934 0.003028670 -1.270240068 0.008086147 -0.003021365 0.999962747 46.652526855
0.999973476 0.001881567 -0.007032873 0.788834572 -0.001861443 0.999994159 0.002866994 -1.276680827 0.007038225 -0.002853827 0.999971151 47.207839966
0.999976993 0.002024010 -0.006468892 0.790221691 -0.002005345 0.999993801 0.002890523 -1.296322703 0.006474702 -0.002877484 0.999974906 47.763111115
0.999972284 0.002306290 -0.007066739 0.807850838 -0.002286375 0.999993384 0.002824832 -1.301828623 0.007073207 -0.002808597 0.999971032 48.323089600
0.999974132 0.002917764 -0.006570183 0.820490599 -0.002906223 0.999994218 0.001765522 -1.302244663 0.006575295 -0.001746382 0.999976873 48.891529083
0.999977827 0.003297917 -0.005783171 0.813436508 -0.003282543 0.999991000 0.002666020 -1.335855961 0.005791912 -0.002646977 0.999979675 49.409618378
0.999974728 0.001877932 -0.006855826 0.843962193 -0.001864973 0.999996424 0.001896091 -1.335091710 0.006859363 -0.001883258 0.999974728 49.990055084
0.999980330 0.003134667 -0.005422831 0.834658504 -0.003121669 0.999992251 0.002403735 -1.354223013 0.005430324 -0.002386759 0.999982417 50.514770508
0.999979019 0.002882646 -0.005804647 0.846997678 -0.002871174 0.999993920 0.001983880 -1.364669204 0.005810332 -0.001967172 0.999981165 51.048038483
0.999979675 0.003072598 -0.005590925 0.858174443 -0.003060887 0.999993086 0.002102062 -1.378054380 0.005597346 -0.002084906 0.999982119 51.594169617
0.999979317 0.003451043 -0.005423585 0.867298722 -0.003439877 0.999991953 0.002066880 -1.395765781 0.005430675 -0.002048181 0.999983072 52.141765594
0.999977469 0.004067520 -0.005330666 0.881991982 -0.004057957 0.999990165 0.001803499 -1.407132864 0.005337949 -0.001781827 0.999984086 52.682044983
0.999977887 0.004174107 -0.005163764 0.880428612 -0.004163174 0.999989033 0.002126372 -1.419795275 0.005172583 -0.002104827 0.999984384 53.212894440
0.999978244 0.003059238 -0.005844675 0.891422033 -0.003046678 0.999993026 0.002156767 -1.436230302 0.005851234 -0.002138914 0.999980569 53.750614166
0.999975860 0.003775623 -0.005832094 0.905442595 -0.003759172 0.999988914 0.002829032 -1.462712288 0.005842709 -0.002807040 0.999979019 54.289707184
0.999979198 0.003426762 -0.005449283 0.904759705 -0.003413530 0.999991179 0.002435643 -1.470890999 0.005457581 -0.002416992 0.999982119 54.823631287
0.999980390 0.003531983 -0.005170326 0.916174769 -0.003518988 0.999990582 0.002520327 -1.487360358 0.005179180 -0.002502083 0.999983430 55.368339539
0.999979436 0.003827526 -0.005142037 0.924144566 -0.003814580 0.999989510 0.002525117 -1.503364444 0.005151649 -0.002505451 0.999983609 55.899822235
0.999979854 0.003732480 -0.005120804 0.930109501 -0.003721073 0.999990523 0.002235080 -1.515077591 0.005129098 -0.002215980 0.999984324 56.439968109
0.999979019 0.004375193 -0.004782908 0.942864060 -0.004366084 0.999988556 0.001913174 -1.522914886 0.004791224 -0.001892252 0.999986708 56.973522186
0.999978542 0.004426032 -0.004823397 0.942314744 -0.004416474 0.999988258 0.001990397 -1.536181450 0.004832150 -0.001969052 0.999986410 57.498493195
0.999981403 0.003753880 -0.004788511 0.951222062 -0.003746797 0.999991834 0.001487115 -1.549694538 0.004794055 -0.001469146 0.999987423 58.058708191
0.999979973 0.004159389 -0.004769099 0.955808520 -0.004152810 0.999990404 0.001388515 -1.559140682 0.004774829 -0.001368682 0.999987662 58.610752106
0.999981046 0.004426547 -0.004271617 0.958595157 -0.004418731 0.999988496 0.001837343 -1.579633474 0.004279702 -0.001818432 0.999989212 59.153724670
0.999979854 0.004760556 -0.004195322 0.973543406 -0.004755080 0.999987841 0.001314340 -1.593309879 0.004201529 -0.001294365 0.999990284 59.686641693
0.999981999 0.004268259 -0.004214766 0.985205054 -0.004262120 0.999989867 0.001464275 -1.600578427 0.004220973 -0.001446285 0.999990046 60.252483368
0.999982238 0.004124560 -0.004299283 0.986402810 -0.004118149 0.999990404 0.001499145 -1.615544319 0.004305424 -0.001481413 0.999989629 60.787376404
0.999981403 0.004747499 -0.003833096 0.992781997 -0.004742918 0.999988019 0.001203377 -1.629116297 0.003838763 -0.001185174 0.999991953 61.337055206
0.999979019 0.005284874 -0.003746303 0.999614000 -0.005279101 0.999984860 0.001548849 -1.644260526 0.003754433 -0.001529039 0.999991715 61.878063202
0.999980390 0.004660004 -0.004188987 1.009493232 -0.004654363 0.999988198 0.001355257 -1.654262781 0.004195253 -0.001335733 0.999990284 62.426822662
0.999980867 0.005088840 -0.003518179 1.013275266 -0.005083723 0.999985933 0.001461944 -1.674638629 0.003525569 -0.001444031 0.999992669 62.962329865
0.999983191 0.004554610 -0.003578199 1.021948099 -0.004551042 0.999989152 0.001004391 -1.680764794 0.003582735 -0.000988090 0.999993086 63.514232635
0.999978364 0.005414348 -0.003731038 1.026868820 -0.005409698 0.999984562 0.001254931 -1.700115919 0.003737775 -0.001234720 0.999992251 64.053123474
0.999980569 0.004951618 -0.003787642 1.040833950 -0.004947774 0.999987185 0.001024290 -1.709698558 0.003792666 -0.001005530 0.999992311 64.600059509
0.999979258 0.005246914 -0.003738956 1.045338869 -0.005242698 0.999985576 0.001136578 -1.722569108 0.003744866 -0.001116952 0.999992371 65.140052795
0.999981165 0.005019017 -0.003525774 1.054924250 -0.005015893 0.999987006 0.000894234 -1.735076904 0.003530217 -0.000876533 0.999993384 65.680381775
0.999983728 0.004438264 -0.003581953 1.063027501 -0.004434389 0.999989569 0.001088895 -1.747806191 0.003586749 -0.001072993 0.999992967 66.222480774
0.999983072 0.004518323 -0.003667960 1.071423292 -0.004516953 0.999989867 0.000381682 -1.758852124 0.003669647 -0.000365107 0.999993205 66.764091492
0.999983251 0.004434958 -0.003702861 1.081056356 -0.004432003 0.999989808 0.000805931 -1.778755903 0.003706398 -0.000789506 0.999992847 67.307868958
0.999982059 0.004718814 -0.003685098 1.088018537 -0.004713474 0.999987841 0.001456200 -1.800948024 0.003691925 -0.001438804 0.999992132 67.849266052
0.999982297 0.004897297 -0.003367250 1.094128728 -0.004891929 0.999986768 0.001600407 -1.823058963 0.003375043 -0.001583907 0.999993026 68.398056030
0.999981463 0.005245771 -0.003066306 1.096178055 -0.005244258 0.999986053 0.000501474 -1.819007397 0.003068894 -0.000485384 0.999995172 68.943367004
0.999981344 0.005321115 -0.002990067 1.098010063 -0.005319547 0.999985635 0.000532250 -1.828798413 0.002992857 -0.000516334 0.999995410 69.486961365
0.999981523 0.005498917 -0.002601681 1.099198818 -0.005498318 0.999984860 0.000236979 -1.840674639 0.002602945 -0.000222670 0.999996603 70.032112122
0.999982417 0.005452253 -0.002298555 1.104942679 -0.005452408 0.999985158 -0.000061152 -1.849781752 0.002298187 0.000073684 0.999997377 70.574935913
0.999984682 0.005031188 -0.002315925 1.111578107 -0.005031473 0.999987364 -0.000117352 -1.865838528 0.002315305 0.000129003 0.999997318 71.114097595
0.999983311 0.005450322 -0.001929752 1.118403435 -0.005451128 0.999985158 -0.000412760 -1.881489038 0.001927473 0.000423273 0.999998033 71.658111572
0.999981582 0.005828485 -0.001644236 1.119641542 -0.005828684 0.999982953 -0.000116580 -1.896973610 0.001643528 0.000126162 0.999998629 72.198707581
0.999981642 0.005899896 -0.001316433 1.122161865 -0.005900232 0.999982536 -0.000250454 -1.914358377 0.001314932 0.000258217 0.999999106 72.754280090
0.999981761 0.005889839 -0.001318447 1.133237004 -0.005889810 0.999982595 0.000026864 -1.931285143 0.001318583 -0.000019098 0.999999106 73.300918579
0.999983490 0.005588578 -0.001313617 1.142073750 -0.005588281 0.999984324 0.000229827 -1.945268393 0.001314881 -0.000222483 0.999999106 73.835159302
0.999979317 0.006349588 -0.000991563 1.147463679 -0.006349477 0.999979854 0.000116769 -1.960463166 0.000992284 -0.000110471 0.999999523 74.382209778
0.999976099 0.006860322 -0.000853742 1.154163718 -0.006859780 0.999976218 0.000637103 -1.979862094 0.000858092 -0.000631231 0.999999344 74.917060852
0.999979258 0.006365540 -0.000915483 1.167103767 -0.006365353 0.999979734 0.000206940 -1.988694072 0.000916782 -0.000201108 0.999999583 75.488670349
0.999979675 0.006302549 -0.000986213 1.182748556 -0.006302854 0.999980092 -0.000305036 -2.000052691 0.000984271 0.000311246 0.999999464 76.042945862
0.999979317 0.006358320 -0.000871161 1.188105345 -0.006358356 0.999979794 -0.000038849 -2.017986536 0.000870897 0.000044387 0.999999642 76.587814331
0.999974906 0.007037387 -0.000790910 1.199824572 -0.007037578 0.999975145 -0.000238134 -2.033892393 0.000789215 0.000243694 0.999999583 77.142539978
0.999979734 0.006332039 -0.000644104 1.213661790 -0.006332358 0.999979854 -0.000495684 -2.046998024 0.000640952 0.000499753 0.999999642 77.687759399
0.999978364 0.006510553 -0.000913191 1.221575618 -0.006511044 0.999978662 -0.000536528 -2.060311317 0.000909678 0.000542462 0.999999464 78.231674194
0.999976635 0.006815540 -0.000550364 1.230770230 -0.006815719 0.999976814 -0.000326707 -2.077262163 0.000548125 0.000330450 0.999999762 78.775375366
0.999978542 0.006493811 -0.000841431 1.247730017 -0.006494205 0.999978721 -0.000465296 -2.091140032 0.000838392 0.000470751 0.999999464 79.323127747
0.999977291 0.006731349 -0.000307049 1.252588034 -0.006731512 0.999977112 -0.000532986 -2.102763414 0.000303454 0.000535041 0.999999821 79.886489868
0.999976277 0.006875920 -0.000201131 1.270250440 -0.006875979 0.999976277 -0.000297493 -2.125810623 0.000199081 0.000298869 0.999999940 80.431015015
0.999970019 0.007692377 0.000912318 1.287001848 -0.007692219 0.999970376 -0.000175796 -2.142443180 -0.000913644 0.000168773 0.999999583 80.965820312
0.999965608 0.008128765 0.001631538 1.307197094 -0.008128325 0.999966919 -0.000276389 -2.160192013 -0.001633730 0.000263118 0.999998569 81.519050598
0.999964654 0.007883676 0.002920939 1.322772861 -0.007884231 0.999968886 0.000177883 -2.177048445 -0.002919446 -0.000200906 0.999995708 82.083267212
0.999967575 0.007094436 0.003804973 1.364106655 -0.007094485 0.999974847 -0.000000611 -2.211572409 -0.003804881 -0.000026384 0.999992788 82.647338867
0.999947548 0.007382557 0.007080483 1.388636589 -0.007379923 0.999972701 -0.000397918 -2.222795248 -0.007083228 0.000345643 0.999974787 83.201492310
0.999912858 0.007564053 0.010815211 1.415610313 -0.007562699 0.999971390 -0.000166082 -2.236436129 -0.010816154 0.000084275 0.999941528 83.753875732
0.999851942 0.008094168 0.015179309 1.433173299 -0.008081618 0.999966919 -0.000887940 -2.247488499 -0.015185994 0.000765135 0.999884367 84.294189453
0.999770820 0.008672107 0.019568844 1.465728760 -0.008680861 0.999962211 0.000362478 -2.277040482 -0.019564960 -0.000532270 0.999808431 84.856689453
0.999639332 0.008981638 0.025307750 1.496795654 -0.008989756 0.999959588 0.000207031 -2.290150166 -0.025304869 -0.000434467 0.999679685 85.419929504
0.999459147 0.009838482 0.031379104 1.528957009 -0.009857468 0.999951303 0.000450386 -2.313883305 -0.031373143 -0.000759461 0.999507427 85.974861145
0.999271095 0.009003521 0.037095528 1.581386924 -0.009062760 0.999957919 0.001429107 -2.343488216 -0.037081104 -0.001764253 0.999310672 86.515701294
0.998934746 0.008257384 0.045400873 1.620338440 -0.008259399 0.999965906 -0.000143228 -2.340271950 -0.045400508 -0.000231908 0.998968840 87.081306458
0.998486996 0.008447058 0.054335862 1.679203987 -0.008458649 0.999964237 -0.000016655 -2.352741480 -0.054334067 -0.000442978 0.998522699 87.659492493
0.998060226 0.009487686 0.061530732 1.707652092 -0.009499106 0.999954879 -0.000106951 -2.369550467 -0.061528970 -0.000477743 0.998105288 88.194595337
0.997460902 0.008604223 0.070696600 1.779265404 -0.008644069 0.999962628 0.000257711 -2.390019417 -0.070691764 -0.000868163 0.997497857 88.750953674
0.996730506 0.008775890 0.080321379 1.849979877 -0.008809062 0.999961197 0.000058630 -2.404426336 -0.080317780 -0.000765995 0.996768951 89.261703491
0.995994747 0.008337362 0.089022338 1.915379047 -0.008384717 0.999964774 0.000157990 -2.416817427 -0.089017890 -0.000903784 0.996029615 89.812263489
0.995256007 0.008020035 0.096959658 1.991903782 -0.008038743 0.999967635 -0.000197681 -2.430301666 -0.096958108 -0.000582691 0.995288312 90.364440918
0.994153678 0.007939282 0.107682243 2.063029766 -0.007950987 0.999968350 -0.000320647 -2.448386431 -0.107681379 -0.000537407 0.994185328 90.889930725
0.992947817 0.007826620 0.118293680 2.149307251 -0.007827920 0.999969244 -0.000453624 -2.462358952 -0.118293591 -0.000475569 0.992978573 91.443199158
0.991884053 0.007696672 0.126912624 2.246593475 -0.007657669 0.999970376 -0.000795224 -2.471553326 -0.126914993 -0.000183085 0.991913497 91.991798401
0.990364075 0.007864236 0.138264656 2.335478783 -0.007861947 0.999968946 -0.000562706 -2.486873865 -0.138264775 -0.000529746 0.990395188 92.519233704
0.988667965 0.007436502 0.149934649 2.444403648 -0.007432455 0.999972224 -0.000587362 -2.507929802 -0.149934858 -0.000533677 0.988695741 93.053657532
0.986883759 0.007001735 0.161280230 2.541871071 -0.006944405 0.999975443 -0.000919163 -2.520480156 -0.161282688 -0.000212888 0.986908138 93.596084595
0.985202432 0.006689426 0.171263665 2.662357330 -0.006670215 0.999977469 -0.000687605 -2.539721251 -0.171264410 -0.000464935 0.985224962 94.134170532
0.982815504 0.007268572 0.184447363 2.781004906 -0.007289316 0.999973297 -0.000565603 -2.552942038 -0.184446558 -0.000788612 0.982842147 94.667160034
0.980400085 0.007156243 0.196887031 2.906168938 -0.007188465 0.999974012 -0.000550995 -2.571136236 -0.196885824 -0.000875120 0.980426013 95.193908691
0.978340268 0.006501185 0.206901059 3.039335251 -0.006489706 0.999978662 -0.000734196 -2.582855940 -0.206901386 -0.000624433 0.978361607 95.726623535
0.975444973 0.006491065 0.220147550 3.181409836 -0.006490202 0.999978662 -0.000727202 -2.603501558 -0.220147580 -0.000719457 0.975466311 96.262809753
0.972241759 0.006705954 0.233882397 3.329790115 -0.006889763 0.999976277 -0.000031125 -2.621092319 -0.233877033 -0.001581133 0.972264826 96.792358398
0.969563067 0.006630435 0.244751915 3.475006104 -0.006792482 0.999976873 -0.000181990 -2.638527393 -0.244747400 -0.001486022 0.969585836 97.301918030
0.966463804 0.006564189 0.256718963 3.635080338 -0.006649544 0.999977767 -0.000535605 -2.654276371 -0.256716788 -0.001189421 0.966485918 97.818588257
0.962751508 0.006374109 0.270312667 3.802032471 -0.006513305 0.999978721 -0.000382077 -2.668998957 -0.270309359 -0.001392783 0.962772489 98.343338013
0.959127903 0.005762951 0.282914162 3.973352432 -0.005920445 0.999982417 -0.000298278 -2.682850361 -0.282910973 -0.001388891 0.959145188 98.859413147
0.955784798 0.005142170 0.294022113 4.152687073 -0.005185074 0.999986291 -0.000633579 -2.691667318 -0.294021338 -0.000918960 0.955798388 99.359092712
0.951583624 0.004373732 0.307358950 4.338939667 -0.004405596 0.999990106 -0.000590175 -2.707043648 -0.307358414 -0.000792499 0.951593459 99.872421265
0.947097480 0.004467297 0.320915341 4.532348633 -0.004386153 0.999989927 -0.000975768 -2.720272779 -0.320916533 -0.000483436 0.947107315 100.373771667
0.943184197 0.004021189 0.332245916 4.737453461 -0.003892410 0.999991834 -0.001053127 -2.732478857 -0.332247466 -0.000299944 0.943192184 100.878906250
0.938298225 0.004148584 0.345802277 4.944278717 -0.003879649 0.999991417 -0.001469858 -2.745715380 -0.345805377 0.000037574 0.938306272 101.405509949
0.933059514 0.003934054 0.359700561 5.157276154 -0.003588460 0.999992251 -0.001628513 -2.762341738 -0.359704167 0.000228729 0.933066368 101.892677307
0.928374708 0.003535308 0.371628731 5.381113052 -0.003345049 0.999993742 -0.001156603 -2.782929897 -0.371630400 -0.000169355 0.928380668 102.400726318
0.923802614 0.002943807 0.382858127 5.606164932 -0.002506692 0.999995470 -0.001640569 -2.792667389 -0.382861167 0.000555854 0.923805714 102.884147644
0.917894363 0.002416213 0.396817476 5.845649719 -0.002212332 0.999997079 -0.000971524 -2.815171480 -0.396818727 0.000013864 0.917897046 103.367668152
0.911864698 0.002321474 0.410484403 6.084930420 -0.001872661 0.999997139 -0.001495438 -2.822143793 -0.410486668 0.000594938 0.911866426 103.852027893
0.906850338 0.001617866 0.421449661 6.333454132 -0.001071114 0.999998391 -0.001534045 -2.841122627 -0.421451420 0.000939728 0.906850517 104.322830200
0.900678039 0.001045160 0.434485734 6.599552155 -0.000382278 0.999998689 -0.001613054 -2.855622053 -0.434486777 0.001286748 0.900677323 104.807350159
0.894167423 0.000974438 0.447731763 6.870632172 -0.000701215 0.999999464 -0.000775987 -2.890185595 -0.447732210 0.000379907 0.894167602 105.282928467
0.888131142 0.000580852 0.459589690 7.142097473 -0.000080086 0.999999404 -0.001109086 -2.906150579 -0.459590048 0.000948207 0.888130665 105.756919861
0.882387102 0.001072976 0.470522940 7.414566040 -0.000582419 0.999999225 -0.001188159 -2.914639473 -0.470523834 0.000774375 0.882386982 106.251060486
0.875180662 0.000144860 0.483796090 7.701591492 0.000269185 0.999999583 -0.000786376 -2.942715883 -0.483796000 0.000818452 0.875180423 106.693290710
0.868229985 -0.000551055 0.496161580 7.995616913 0.000917962 0.999999464 -0.000495702 -2.958871841 -0.496160984 0.000885841 0.868230164 107.154266357
0.862556040 -0.000743279 0.505960882 8.302089691 0.001029390 0.999999344 -0.000285848 -2.973577261 -0.505960286 0.000767391 0.862556398 107.622131348
