1.000000000 0.000000000 0.000000000 0.000000000 0.000000000 1.000000000 0.000000000 0.000000000 0.000000000 0.000000000 1.000000000 0.000000000
1.000000000 0.000025794 0.000110746 -0.000872774 -0.000025796 1.000000000 0.000018422 0.000436687 -0.000110745 -0.000018425 1.000000000 0.000557100
0.999999940 0.000192420 0.000166614 -0.001935715 -0.000192427 1.000000000 0.000046025 0.000575718 -0.000166605 -0.000046057 1.000000000 0.001278970
1.000000000 0.000204265 -0.000006059 -0.000017260 -0.000204264 0.999999940 0.000154970 -0.001129791 0.000006091 -0.000154969 1.000000000 -0.000467817
1.000000000 0.000163646 0.000152212 -0.001339734 -0.000163655 1.000000000 0.000056374 0.000738195 -0.000152203 -0.000056398 1.000000000 0.000635384
1.000000000 0.000073710 0.000023799 -0.000579600 -0.000073712 1.000000000 0.000090954 -0.000048175 -0.000023793 -0.000090955 1.000000000 -0.000339129
1.000000000 0.000098495 0.000169842 -0.002418612 -0.000098492 1.000000000 -0.000014833 0.001482046 -0.000169844 0.000014817 1.000000000 0.003497425
1.000000000 -0.000088341 0.000154272 -0.001273261 0.000088323 1.000000000 0.000116391 0.000913702 -0.000154282 -0.000116377 1.000000000 0.002790562
1.000000000 0.000049362 0.000150834 -0.001454696 -0.000049353 1.000000000 -0.000059274 0.001801574 -0.000150837 0.000059266 1.000000000 0.002659210
1.000000000 -0.000050517 0.000210469 -0.001448196 0.000050522 1.000000000 -0.000025788 0.000777313 -0.000210468 0.000025799 1.000000000 0.000922351
1.000000000 -0.000033033 0.000223309 -0.001438383 0.000033054 1.000000000 -0.000095546 0.002485100 -0.000223306 0.000095553 1.000000000 0.002431631
1.000000000 0.000021701 0.000096486 -0.000542720 -0.000021702 1.000000000 0.000015659 0.000659559 -0.000096486 -0.000015661 1.000000000 0.000956120
1.000000000 0.000049812 0.000167964 -0.001105881 -0.000049808 1.000000000 -0.000021073 0.001284944 -0.000167965 0.000021065 1.000000000 0.002555274
0.999999940 0.000043934 0.000253376 -0.002704958 -0.000043961 1.000000000 0.000106100 0.001244897 -0.000253371 -0.000106111 0.999999940 0.004064415
1.000000000 0.000091520 0.000169865 -0.002289100 -0.000091525 1.000000000 0.000032939 0.001000997 -0.000169862 -0.000032955 1.000000000 0.003314047
1.000000000 0.000178945 0.000097567 -0.001655824 -0.000178952 1.000000000 0.000067845 0.000445678 -0.000097555 -0.000067862 1.000000000 0.002639080
0.999999940 0.000216671 0.000197645 -0.001708532 -0.000216694 0.999999940 0.000118801 -0.000110545 -0.000197619 -0.000118844 1.000000000 0.000431867
0.999999881 0.000209914 0.000402534 -0.003472974 -0.000209931 1.000000000 0.000041476 0.001608879 -0.000402525 -0.000041560 0.999999940 0.004352621
0.999999940 0.000270045 0.000290421 -0.003434219 -0.000270052 0.999999940 0.000026088 0.001062221 -0.000290414 -0.000026167 0.999999940 0.003339668
0.999999940 0.000254423 0.000241637 -0.002397522 -0.000254437 0.999999940 0.000059958 0.001021916 -0.000241622 -0.000060020 0.999999940 0.003518258
0.999999881 0.000434387 0.000312613 -0.002910880 -0.000434431 0.999999881 0.000140798 0.001184341 -0.000312552 -0.000140933 0.999999940 0.003952004
0.999999821 0.000506129 0.000351762 -0.003077277 -0.000506171 0.999999881 0.000119023 0.000163257 -0.000351702 -0.000119201 0.999999940 0.001546602
0.999999940 0.000244522 0.000266430 -0.002725710 -0.000244549 0.999999940 0.000099549 0.001434791 -0.000266405 -0.000099614 0.999999940 0.002901620
0.999999940 0.000019250 0.000291762 -0.001344994 -0.000019295 1.000000000 0.000152442 0.000053830 -0.000291759 -0.000152447 0.999999940 0.002210462
1.000000000 0.000059216 0.000234438 -0.001849054 -0.000059201 1.000000000 -0.000061666 0.001279207 -0.000234442 0.000061652 1.000000000 0.001285487
0.999999940 0.000092292 0.000243120 -0.001732670 -0.000092276 1.000000000 -0.000064614 0.002675406 -0.000243126 0.000064592 0.999999940 0.003325378
0.999999940 -0.000040255 0.000248870 -0.001886093 0.000040257 1.000000000 -0.000010112 0.001606365 -0.000248869 0.000010122 0.999999940 0.002161261
0.999999881 0.000255686 0.000342783 -0.002901553 -0.000255651 0.999999940 -0.000099809 0.002798660 -0.000342808 0.000099722 0.999999940 0.004431291
0.999999881 0.000290249 0.000361535 -0.003915563 -0.000290200 0.999999940 -0.000136153 0.002746215 -0.000361574 0.000136048 0.999999940 0.003378617
0.999999940 0.000081805 0.000301484 -0.002991858 -0.000081820 1.000000000 0.000049123 0.001666591 -0.000301480 -0.000049148 0.999999940 0.002470235
0.999999940 0.000198801 0.000305824 -0.003234483 -0.000198859 0.999999940 0.000189296 0.000233809 -0.000305787 -0.000189357 0.999999940 0.003451646
1.000000000 0.000116682 0.000192684 -0.001131962 -0.000116713 1.000000000 0.000164159 0.000330085 -0.000192665 -0.000164181 0.999999940 0.001523951
0.999999881 0.000315310 0.000349984 -0.003649143 -0.000315339 0.999999940 0.000083074 0.001910776 -0.000349958 -0.000083184 0.999999940 0.004352073
0.999999881 0.000263074 0.000455017 -0.003389074 -0.000263112 0.999999940 0.000084118 0.001080027 -0.000454995 -0.000084238 0.999999881 0.003040387
0.999999940 0.000199846 0.000259737 -0.000999025 -0.000199891 0.999999940 0.000171455 0.000024570 -0.000259703 -0.000171507 0.999999940 0.000436434
0.999999881 0.000347884 0.000334092 -0.003280971 -0.000347892 0.999999940 0.000021620 0.002914621 -0.000334084 -0.000021736 0.999999940 0.005074004
0.999999940 0.000260683 0.000318505 -0.003421081 -0.000260685 0.999999940 0.000006507 0.004356116 -0.000318504 -0.000006590 0.999999940 0.007116343
0.999999940 -0.000094432 0.000255288 -0.001815700 0.000094411 1.000000000 0.000085036 0.001402071 -0.000255296 -0.000085012 0.999999940 0.002823150
0.999999881 0.000223858 0.000372714 -0.004019204 -0.000223909 0.999999940 0.000136840 0.002344492 -0.000372684 -0.000136924 0.999999940 0.006298698
0.999999940 0.000074275 0.000256391 -0.001680185 -0.000074295 1.000000000 0.000077381 0.001965627 -0.000256386 -0.000077400 0.999999940 0.003004105
0.999999881 0.000172904 0.000434015 -0.003042802 -0.000172927 1.000000000 0.000052785 0.002010260 -0.000434005 -0.000052860 0.999999881 0.005877234
0.999999940 -0.000119255 0.000259806 0.000076010 0.000119467 0.999999642 -0.000815517 0.000955843 -0.000259709 0.000815548 0.999999642 0.053361077
0.999999881 0.000352809 0.000392187 -0.000888665 -0.000352389 0.999999344 -0.001070410 -0.006127133 -0.000392565 0.001070272 0.999999344 0.131763026
0.999999940 0.000340369 0.000118881 0.002161378 -0.000340165 0.999998510 -0.001709629 -0.002877030 -0.000119462 0.001709588 0.999998510 0.256282270
0.999999881 0.000475677 0.000124529 0.005089832 -0.000475508 0.999998987 -0.001351630 -0.011320448 -0.000125172 0.001351571 0.999999106 0.385297239
1.000000000 0.000152352 0.000178655 0.008130315 -0.000152156 0.999999404 -0.001095080 -0.016174303 -0.000178822 0.001095053 0.999999404 0.524725795
0.999999881 0.000421622 0.000099854 0.013392952 -0.000421533 0.999999523 -0.000896004 -0.026253078 -0.000100231 0.000895962 0.999999583 0.667873323
0.999999821 0.000413612 0.000415661 0.016242264 -0.000413231 0.999999464 -0.000918032 -0.026133930 -0.000416041 0.000917860 0.999999464 0.837459683
0.999999404 0.001006098 -0.000370528 0.027174901 -0.001005984 0.999999464 0.000308235 -0.047607563 0.000370838 -0.000307862 0.999999881 0.967697978
0.999999464 0.000969311 -0.000367077 0.031956092 -0.000969105 0.999999464 0.000560296 -0.052858237 0.000367620 -0.000559940 0.999999762 1.146277070
0.999999523 0.000797488 -0.000415069 0.028048739 -0.000797375 0.999999642 0.000271071 -0.056014862 0.000415285 -0.000270740 0.999999821 1.328584075
0.999999523 0.000902027 -0.000482075 0.032577369 -0.000901928 0.999999523 0.000205509 -0.059811380 0.000482260 -0.000205074 0.999999881 1.516538620
0.999999285 0.001183295 -0.000071470 0.034455281 -0.001183251 0.999999106 0.000607779 -0.068343006 0.000072190 -0.000607694 0.999999821 1.724257708
0.999999404 0.001071174 -0.000289262 0.039927125 -0.001070957 0.999999166 0.000746539 -0.074169599 0.000290061 -0.000746229 0.999999702 1.925521135
0.999999225 0.001242854 -0.000276918 0.047264963 -0.001242644 0.999998927 0.000755669 -0.078415416 0.000277857 -0.000755325 0.999999702 2.140643120
0.999999225 0.001254998 0.000018194 0.045229629 -0.001255013 0.999998927 0.000803738 -0.083553493 -0.000017186 -0.000803760 0.999999702 2.361013651
0.999999166 0.001074109 -0.000747367 0.061091833 -0.001073519 0.999999106 0.000788470 -0.096021615 0.000748213 -0.000787667 0.999999404 2.579230309
0.999999464 0.000812911 -0.000721173 0.065863959 -0.000812292 0.999999285 0.000857506 -0.103942737 0.000721870 -0.000856919 0.999999344 2.805207014
0.999999523 0.000617978 -0.000770561 0.070972599 -0.000617329 0.999999404 0.000842219 -0.107957989 0.000771081 -0.000841743 0.999999344 3.042748213
0.999999404 0.000380816 -0.001049525 0.075948052 -0.000380050 0.999999642 0.000729559 -0.113005258 0.001049803 -0.000729160 0.999999166 3.283990860
0.999998808 0.001466973 -0.000486249 0.077515081 -0.001466442 0.999998331 0.001090933 -0.126592398 0.000487848 -0.001090219 0.999999225 3.539883375
0.999999404 0.000890988 -0.000746815 0.085538857 -0.000890166 0.999999046 0.001101188 -0.132474437 0.000747795 -0.001100523 0.999999106 3.794739723
0.999999523 0.000760992 -0.000581519 0.088471703 -0.000760329 0.999999046 0.001140933 -0.138821185 0.000582387 -0.001140491 0.999999166 4.054889679
0.999999166 0.001214247 -0.000488512 0.091082349 -0.001213574 0.999998331 0.001376149 -0.141451463 0.000490182 -0.001375555 0.999998927 4.313355923
0.999999166 0.001033754 -0.000804645 0.098100461 -0.001032968 0.999998987 0.000977343 -0.149536610 0.000805655 -0.000976511 0.999999225 4.566219807
0.999998331 0.001760023 -0.000480720 0.102317333 -0.001759553 0.999997973 0.000975170 -0.157563105 0.000482435 -0.000974323 0.999999404 4.821319580
0.999999106 0.001242766 -0.000529668 0.107298061 -0.001242173 0.999998629 0.001118825 -0.163471356 0.000531057 -0.001118166 0.999999285 5.088028908
0.999999106 0.001358319 -0.000079285 0.105526619 -0.001358259 0.999998808 0.000748157 -0.167077899 0.000080301 -0.000748049 0.999999762 5.352493763
0.999999106 0.001257503 -0.000259571 0.116164535 -0.001257130 0.999998212 0.001430108 -0.189886734 0.000261369 -0.001429781 0.999998868 5.618222713
0.999999285 0.001091675 -0.000529500 0.122442678 -0.001090843 0.999998152 0.001568743 -0.197135508 0.000531212 -0.001568164 0.999998569 5.888268471
0.999999642 0.000742106 -0.000477309 0.132778421 -0.000741316 0.999998450 0.001653423 -0.207486749 0.000478535 -0.001653068 0.999998569 6.168549538
0.999999166 0.001183359 -0.000571609 0.138693720 -0.001182493 0.999998152 0.001513246 -0.215404779 0.000573399 -0.001512569 0.999998629 6.443786621
0.999998987 0.001417073 -0.000285506 0.139447019 -0.001416690 0.999998093 0.001338559 -0.221090049 0.000287403 -0.001338154 0.999999046 6.736212254
0.999999106 0.001315283 -0.000085066 0.142616555 -0.001315196 0.999998569 0.001015557 -0.223989859 0.000086401 -0.001015444 0.999999464 7.046860695
0.999999225 0.001084445 -0.000594889 0.157820478 -0.001083604 0.999998391 0.001412613 -0.241349921 0.000596420 -0.001411967 0.999998808 7.333899975
0.999999344 0.001134774 -0.000473698 0.164541647 -0.001134135 0.999998450 0.001347056 -0.253411710 0.000475226 -0.001346517 0.999998987 7.653301239
0.999999225 0.001249418 -0.000494016 0.174384877 -0.001248452 0.999997377 0.001951086 -0.269590586 0.000496453 -0.001950468 0.999997973 7.963846207
0.999999404 0.001002521 -0.000532680 0.176809475 -0.001001804 0.999998629 0.001344803 -0.268410772 0.000534028 -0.001344268 0.999998987 8.292110443
0.999998391 0.001764337 -0.000086341 0.185492158 -0.001764197 0.999997199 0.001587740 -0.285410315 0.000089142 -0.001587586 0.999998748 8.603914261
0.999999166 0.001241276 -0.000042114 0.184930310 -0.001241194 0.999997377 0.001909394 -0.295644045 0.000044484 -0.001909340 0.999998152 8.952426910
0.999999702 0.000641117 -0.000233949 0.199607283 -0.000640616 0.999997437 0.002138359 -0.311613739 0.000235320 -0.002138209 0.999997675 9.277513504
0.999998748 0.001589808 0.000099749 0.200229466 -0.001590066 0.999995291 0.002648412 -0.324061424 -0.000095538 -0.002648567 0.999996483 9.631299973
0.999999523 0.000956543 -0.000068169 0.212401882 -0.000956370 0.999996424 0.002496518 -0.333155513 0.000070557 -0.002496452 0.999996841 9.972434998
0.999998808 0.001482401 -0.000232937 0.204173297 -0.001481787 0.999995589 0.002611527 -0.343752921 0.000236807 -0.002611179 0.999996543 10.343473434
0.999998689 0.001616638 -0.000074640 0.210429415 -0.001616425 0.999994874 0.002780771 -0.354040980 0.000079135 -0.002780647 0.999996066 10.697481155
0.999998629 0.001644362 0.000061087 0.216168389 -0.001644539 0.999994099 0.003006586 -0.363636047 -0.000056143 -0.003006682 0.999995470 11.064758301
0.999999106 0.001344428 -0.000049668 0.220454127 -0.001344296 0.999995768 0.002569656 -0.375176817 0.000053122 -0.002569587 0.999996722 11.451673508
0.999999285 0.001138325 -0.000009136 0.229265124 -0.001138299 0.999996424 0.002419210 -0.382414997 0.000011890 -0.002419198 0.999997079 11.831268311
0.999999046 0.001338434 0.000097919 0.238422349 -0.001338631 0.999996960 0.002037720 -0.391847134 -0.000095191 -0.002037849 0.999997914 12.209350586
0.999999166 0.001253073 0.000231910 0.245017424 -0.001253616 0.999996424 0.002358998 -0.405736417 -0.000228953 -0.002359287 0.999997139 12.608454704
0.999999285 0.001081524 0.000614990 0.249771953 -0.001083144 0.999995947 0.002640874 -0.415006757 -0.000612132 -0.002641538 0.999996245 13.012002945
0.999998927 0.001450632 0.000306614 0.257125348 -0.001451300 0.999996543 0.002190550 -0.423615396 -0.000303435 -0.002190993 0.999997556 13.406769753
0.999999464 0.000930356 0.000533930 0.266810238 -0.000931557 0.999997079 0.002255151 -0.431520790 -0.000531830 -0.002255647 0.999997318 13.820457458
0.999998748 0.001534467 0.000653209 0.273253977 -0.001536041 0.999995887 0.002416332 -0.444716930 -0.000649498 -0.002417332 0.999996781 14.232919693
0.999999225 0.001081035 0.000603891 0.289517432 -0.001082515 0.999996424 0.002456986 -0.457070112 -0.000601233 -0.002457638 0.999996781 14.650741577
0.999999702 0.000513944 0.000610129 0.299953818 -0.000515611 0.999996126 0.002734665 -0.467585146 -0.000608721 -0.002734978 0.999996066 15.078273773
0.999999106 0.001116498 0.000723652 0.309956640 -0.001118429 0.999995828 0.002673006 -0.482265681 -0.000720665 -0.002673813 0.999996185 15.520805359
0.999998748 0.000933713 0.001225098 0.319345355 -0.000936992 0.999995947 0.002679240 -0.495631933 -0.001222591 -0.002680385 0.999995649 15.957380295
0.999998689 0.000853144 0.001314022 0.332497835 -0.000856755 0.999995768 0.002749768 -0.507348180 -0.001311671 -0.002750890 0.999995351 16.401206970
0.999997914 0.001240169 0.001616678 0.338310242 -0.001244371 0.999995768 0.002600695 -0.519754887 -0.001613445 -0.002602701 0.999995291 16.853338242
0.999997199 0.001314675 0.001976443 0.348043174 -0.001320049 0.999995351 0.002719948 -0.530994534 -0.001972858 -0.002722549 0.999994278 17.308778763
0.999996781 0.001327327 0.002158253 0.357262909 -0.001333531 0.999995112 0.002875575 -0.542705595 -0.002154426 -0.002878445 0.999993503 17.772092819
0.999996126 0.001125018 0.002575886 0.368119031 -0.001131828 0.999995947 0.002643575 -0.551619291 -0.002572902 -0.002646480 0.999993205 18.236305237
0.999996543 0.000994427 0.002428102 0.383703887 -0.001001481 0.999995291 0.002905935 -0.563369393 -0.002425201 -0.002908356 0.999992788 18.707406998
0.999994993 0.001448133 0.002800720 0.390623122 -0.001456871 0.999994099 0.003120438 -0.574424744 -0.002796185 -0.003124503 0.999991238 19.182561874
0.999993742 0.001484935 0.003214705 0.401291132 -0.001492859 0.999995828 0.002463876 -0.579498529 -0.003211033 -0.002468660 0.999991834 19.667970657
0.999994695 0.000914013 0.003100548 0.403129756 -0.000921818 0.999996424 0.002516927 -0.592023909 -0.003098236 -0.002519772 0.999992013 20.162313461
0.999993801 0.001611851 0.003122108 0.417240232 -0.001620674 0.999994755 0.002825503 -0.610431969 -0.003117536 -0.002830546 0.999991119 20.651735306
0.999993086 0.002159912 0.003001119 0.432265252 -0.002167317 0.999994695 0.002466567 -0.616966546 -0.002995776 -0.002473055 0.999992430 21.143754959
0.999997377 0.001114762 0.002002592 0.445322245 -0.001120361 0.999995410 0.002796680 -0.631481647 -0.001999466 -0.002798916 0.999994040 21.650892258
0.999996424 0.001720188 0.002060444 0.447369337 -0.001726772 0.999993384 0.003198033 -0.650230587 -0.002054930 -0.003201579 0.999992728 22.160879135
0.999997199 0.001916621 0.001409796 0.465946138 -0.001920830 0.999993742 0.002989712 -0.658524036 -0.001404057 -0.002992411 0.999994576 22.658323288
0.999998808 0.001438777 0.000454333 0.483457774 -0.001440109 0.999994636 0.002943972 -0.675113738 -0.000450094 -0.002944623 0.999995589 23.202714920
0.999999285 0.001151167 -0.000411394 0.497656733 -0.001149837 0.999994159 0.003218878 -0.691235483 0.000415097 -0.003218402 0.999994755 23.724748611
0.999999642 0.000192886 -0.000792740 0.500361204 -0.000190941 0.999996901 0.002452067 -0.701525390 0.000793211 -0.002451914 0.999996603 24.256586075
0.999998450 0.001226064 -0.001261333 0.507079720 -0.001223182 0.999996603 0.002282836 -0.713798642 0.001264128 -0.002281290 0.999996603 24.790824890
0.999996841 0.001338231 -0.002121978 0.519843996 -0.001332592 0.999995589 0.002656660 -0.727949619 0.002125524 -0.002653823 0.999994218 25.330934525
0.999993980 0.001782088 -0.002959325 0.525569975 -0.001774370 0.999994993 0.002608906 -0.739608049 0.002963960 -0.002603639 0.999992251 25.878831863
0.999995291 0.001420458 -0.002728696 0.527225375 -0.001413616 0.999995768 0.002507412 -0.750324130 0.002732246 -0.002503543 0.999993086 26.427017212
0.999993742 0.000974613 -0.003413721 0.538867831 -0.000964559 0.999995172 0.002945540 -0.764658213 0.003416575 -0.002942229 0.999989808 26.974002838
0.999992192 0.001567033 -0.003654605 0.543779135 -0.001554920 0.999993265 0.003314849 -0.783430159 0.003659775 -0.003309140 0.999987841 27.524217606
0.999990880 0.002067924 -0.003733210 0.548511565 -0.002056683 0.999993324 0.003012193 -0.796603203 0.003739414 -0.003004488 0.999988496 28.077600479
0.999990284 0.001931424 -0.003961734 0.555763543 -0.001917937 0.999992371 0.003405265 -0.812129319 0.003968280 -0.003397634 0.999986410 28.615386963
0.999989212 0.001796917 -0.004289374 0.565388560 -0.001783630 0.999993563 0.003099554 -0.825720191 0.004294916 -0.003091870 0.999986053 29.161090851
0.999985456 0.002002533 -0.005001498 0.577950597 -0.001983549 0.999990761 0.003797635 -0.845721602 0.005009057 -0.003787658 0.999980271 29.716920853
0.999984443 0.002079538 -0.005162796 0.580061555 -0.002061248 0.999991715 0.003545412 -0.854555726 0.005170125 -0.003534715 0.999980390 30.267944336
0.999983311 0.002308210 -0.005292200 0.588516533 -0.002289565 0.999991179 0.003526602 -0.869736850 0.005300294 -0.003514427 0.999979794 30.817451477
0.999981761 0.001984612 -0.005701151 0.598569989 -0.001965493 0.999992430 0.003357130 -0.882103980 0.005707770 -0.003345864 0.999978125 31.363441467
0.999980450 0.002223786 -0.005845579 0.603933513 -0.002203309 0.999991417 0.003507029 -0.894187093 0.005853328 -0.003494081 0.999976695 31.911138535
0.999981761 0.001792759 -0.005765002 0.611655653 -0.001772653 0.999992371 0.003490876 -0.907303333 0.005771216 -0.003480594 0.999977291 32.464199066
0.999978960 0.002159919 -0.006116769 0.620115221 -0.002138981 0.999991834 0.003427495 -0.919662118 0.006124121 -0.003414339 0.999975443 32.999370575
0.999979377 0.002751255 -0.005811649 0.623947501 -0.002733240 0.999991417 0.003105493 -0.934377909 0.005820144 -0.003089544 0.999978304 33.549152374
0.999974132 0.002360944 -0.006794991 0.640452266 -0.002338302 0.999991834 0.003338262 -0.947133839 0.006802815 -0.003322287 0.999971271 34.089485168
0.999973536 0.001912538 -0.007028886 0.643517554 -0.001885907 0.999991059 0.003793404 -0.964146495 0.007036078 -0.003780048 0.999968052 34.634330750
0.999975443 0.002583008 -0.006513074 0.640040278 -0.002564277 0.999992549 0.002882527 -0.968023539 0.006520471 -0.002865755 0.999974608 35.190975189
0.999976456 0.002536855 -0.006379790 0.646930695 -0.002518933 0.999992847 0.002815587 -0.981962800 0.006386887 -0.002799450 0.999975681 35.736236572
0.999968469 0.002165229 -0.007641541 0.665608048 -0.002142712 0.999993324 0.002953746 -0.998551071 0.007647885 -0.002937279 0.999966443 36.279991150
0.999968827 0.002750574 -0.007401925 0.668597698 -0.002729492 0.999992251 0.002856803 -1.010409832 0.007409725 -0.002836510 0.999968529 36.833084106
0.999968648 0.002387638 -0.007550020 0.674556255 -0.002361431 0.999991179 0.003478084 -1.032379746 0.007558257 -0.003460146 0.999965370 37.365196228
0.999967217 0.002810588 -0.007598834 0.681064904 -0.002786121 0.999990880 0.003228584 -1.043818831 0.007607840 -0.003207307 0.999965847 37.913753510
0.999966621 0.002576416 -0.007742778 0.683779478 -0.002554117 0.999992549 0.002888424 -1.053448558 0.007750163 -0.002868552 0.999965787 38.444992065
0.999965787 0.003386886 -0.007532918 0.682328343 -0.003362638 0.999989033 0.003229249 -1.069504023 0.007543774 -0.003203808 0.999966383 38.987243652
0.999967396 0.003585108 -0.007231224 0.694526434 -0.003559092 0.999987125 0.003607479 -1.091624618 0.007244065 -0.003581625 0.999967337 39.525516510
0.999958456 0.002754204 -0.008698589 0.723695755 -0.002723030 0.999989808 0.003593573 -1.105944753 0.008708399 -0.003569737 0.999955773 40.066890717
0.999964058 0.002286955 -0.008161011 0.705384314 -0.002257060 0.999990702 0.003670449 -1.117337942 0.008169333 -0.003651898 0.999959946 40.635318756
0.999962926 0.001918109 -0.008398124 0.718048573 -0.001888341 0.999991894 0.003551084 -1.129365921 0.008404870 -0.003535095 0.999958456 41.179458618
0.999965310 0.001725234 -0.008156617 0.723984301 -0.001692170 0.999990284 0.004058841 -1.147639632 0.008163543 -0.004044896 0.999958515 41.720748901
0.999957442 0.002282137 -0.008929569 0.727863252 -0.002248121 0.999990106 0.003817518 -1.151013613 0.008938192 -0.003797282 0.999952793 42.291351318
0.999955595 0.002254313 -0.009147862 0.736747861 -0.002221905 0.999991179 0.003551342 -1.158768535 0.009155788 -0.003530859 0.999951839 42.842357635
0.999958634 0.002401984 -0.008761395 0.745981455 -0.002368941 0.999989986 0.003779832 -1.174857855 0.008770386 -0.003758920 0.999954522 43.381832123
0.999960363 0.002440777 -0.008563753 0.736811221 -0.002404601 0.999988079 0.004232097 -1.189673543 0.008573981 -0.004211336 0.999954402 43.928256989
0.999961495 0.002250062 -0.008484359 0.745291471 -0.002211015 0.999986887 0.004608793 -1.205882072 0.008494617 -0.004589857 0.999953449 44.474014282
0.999962807 0.002715701 -0.008195138 0.743150115 -0.002681128 0.999987423 0.004226805 -1.219153881 0.008206512 -0.004204675 0.999957502 45.012401581
0.999956906 0.001980490 -0.009068571 0.755131066 -0.001946444 0.999991000 0.003761596 -1.221681237 0.009075938 -0.003743784 0.999951780 45.569587708
0.999960542 0.002016835 -0.008658110 0.762802362 -0.001986695 0.999991953 0.003488287 -1.233397007 0.008665076 -0.003470949 0.999956489 46.113651276
0.999957204 0.001113901 -0.009186856 0.775248408 -0.001077981 0.999991715 0.003913960 -1.247214317 0.009191141 -0.003903889 0.999950051 46.654590607
0.999960124 0.002738458 -0.008482953 0.773011923 -0.002697473 0.999984682 0.004838994 -1.283385038 0.008496072 -0.004815919 0.999952316 47.195766449
0.999957800 0.002030147 -0.008947304 0.785300493 -0.001984931 0.999985278 0.005059517 -1.298010349 0.008957444 -0.005041544 0.999947190 47.735591888
0.999960721 0.002712573 -0.008423787 0.785948157 -0.002672750 0.999985218 0.004735208 -1.307639599 0.008436507 -0.004712509 0.999953330 48.288993835
0.999965310 0.002026529 -0.008070963 0.768797755 -0.001987346 0.999986231 0.004859996 -1.312594414 0.008080699 -0.004843786 0.999955595 48.827220917
0.999966264 0.002022007 -0.007955054 0.777518034 -0.001984005 0.999986649 0.004782211 -1.323750257 0.007964615 -0.004766266 0.999956906 49.374179840
0.999966681 0.002366967 -0.007801612 0.786627769 -0.002326503 0.999983907 0.005191748 -1.344647408 0.007813772 -0.005173424 0.999956012 49.912364960
0.999954641 0.001685530 -0.009367933 0.806250572 -0.001645069 0.999989212 0.004325218 -1.343910098 0.009375123 -0.004309611 0.999946773 50.499526978
0.999957204 0.001849307 -0.009059542 0.810675263 -0.001812917 0.999990225 0.004023359 -1.355821609 0.009066895 -0.004006763 0.999950886 51.046649933
0.999962032 0.001912999 -0.008497971 0.817984581 -0.001884014 0.999992371 0.003417475 -1.365952134 0.008504443 -0.003401335 0.999958098 51.600696564
0.999950707 0.001109009 -0.009869402 0.824332356 -0.001075101 0.999993443 0.003440333 -1.375240207 0.009873152 -0.003429553 0.999945402 52.164779663
0.999955416 0.000981253 -0.009401074 0.829251051 -0.000957459 0.999996245 0.002535132 -1.383121610 0.009403525 -0.002526017 0.999952674 52.721740723
0.999954224 0.001451766 -0.009456966 0.835395157 -0.001420484 0.999993443 0.003313691 -1.399115920 0.009461715 -0.003300106 0.999949813 53.244812012
0.999952912 0.001799695 -0.009529789 0.836991310 -0.001764129 0.999991477 0.003739082 -1.412678480 0.009536436 -0.003722094 0.999947608 53.781536102
0.999952972 0.001423228 -0.009595411 0.849056005 -0.001390869 0.999993265 0.003378225 -1.427828074 0.009600155 -0.003364720 0.999948263 54.312625885
0.999953628 0.002066277 -0.009406475 0.853904068 -0.002031428 0.999991000 0.003712822 -1.442167163 0.009414062 -0.003693542 0.999948859 54.857074738
0.999952316 0.001535465 -0.009642201 0.860935628 -0.001509013 0.999995053 0.002749989 -1.445708990 0.009646377 -0.002735308 0.999949753 55.406639099
0.999948740 0.001424032 -0.010021941 0.874896467 -0.001392614 0.999994099 0.003141218 -1.462734222 0.010026355 -0.003127100 0.999944866 55.945301056
0.999945343 0.001443813 -0.010349931 0.876899481 -0.001412333 0.999994338 0.003048246 -1.473450422 0.010354272 -0.003033462 0.999941766 56.493545532
0.999948204 0.001123626 -0.010116993 0.885223210 -0.001092747 0.999994755 0.003057229 -1.489184856 0.010120375 -0.003046017 0.999944091 57.037261963
0.999947131 0.001397342 -0.010185016 0.892600775 -0.001368871 0.999995232 0.002801817 -1.496946692 0.010188881 -0.002787728 0.999944150 57.590641022
0.999948919 0.002122524 -0.009879312 0.893606722 -0.002091236 0.999992728 0.003176237 -1.517726421 0.009885984 -0.003155416 0.999946117 58.130290985
0.999951839 0.002399571 -0.009513507 0.902041972 -0.002372519 0.999993086 0.002853880 -1.530663729 0.009520289 -0.002831172 0.999950588 58.660858154
0.999948502 0.001132102 -0.010080964 0.903079629 -0.001110505 0.999997020 0.002147789 -1.528990149 0.010083367 -0.002136483 0.999946892 59.212314606
0.999942660 0.001055496 -0.010662017 0.916766465 -0.001028686 0.999996305 0.002519710 -1.550598383 0.010664639 -0.002508597 0.999939978 59.750797272
0.999948859 0.001204150 -0.010036045 0.908214927 -0.001184113 0.999997318 0.002002208 -1.551847816 0.010038427 -0.001990222 0.999947548 60.306854248
0.999947965 0.001523841 -0.010091777 0.913605452 -0.001499938 0.999996126 0.002375780 -1.567286253 0.010095358 -0.002360519 0.999946237 60.862133026
0.999947190 0.001408411 -0.010177721 0.919700384 -0.001388498 0.999997079 0.001963297 -1.580618739 0.010180458 -0.001949061 0.999946237 61.394912720
0.999943614 0.001245380 -0.010548267 0.931083441 -0.001219777 0.999996305 0.002433284 -1.597703815 0.010551260 -0.002420280 0.999941409 61.931549072
0.999947131 0.001693678 -0.010142114 0.931876302 -0.001672746 0.999996483 0.002071963 -1.605305672 0.010145587 -0.002054888 0.999946415 62.486370087
0.999949515 0.001729945 -0.009902210 0.940528870 -0.001705961 0.999995649 0.002430036 -1.624377847 0.009906371 -0.002413021 0.999948025 63.027576447
0.999951661 0.001883999 -0.009665581 0.928924859 -0.001861936 0.999995649 0.002291052 -1.635052562 0.009669856 -0.002272944 0.999950647 63.586711884
0.999952674 0.001948251 -0.009537423 0.930290163 -0.001929675 0.999996185 0.001956460 -1.646847725 0.009541200 -0.001937963 0.999952614 64.142257690
0.999952257 0.001863225 -0.009594703 0.936111510 -0.001846016 0.999996603 0.001802159 -1.658861518 0.009598031 -0.001784361 0.999952257 64.672889709
0.999945641 0.002076411 -0.010218021 0.952608168 -0.002052607 0.999995112 0.002339619 -1.677728176 0.010222832 -0.002318519 0.999944985 65.202720642
0.999949813 0.001898738 -0.009834778 0.953079700 -0.001880430 0.999996483 0.001870457 -1.686175704 0.009838293 -0.001851869 0.999949872 65.753997803
0.999953747 0.002343365 -0.009329076 0.955613613 -0.002329407 0.999996126 0.001506779 -1.695524812 0.009332570 -0.001484978 0.999955356 66.308746338
0.999954462 0.002845066 -0.009115233 0.958336890 -0.002833140 0.999995053 0.001321036 -1.708007336 0.009118946 -0.001295151 0.999957561 66.853172302
0.999949276 0.002270743 -0.009812247 0.966206074 -0.002252246 0.999995649 0.001895807 -1.728819013 0.009816511 -0.001873610 0.999949992 67.386726379
0.999954343 0.002457643 -0.009235702 0.966571808 -0.002444911 0.999996006 0.001389635 -1.738270760 0.009239081 -0.001366991 0.999956369 67.934318542
0.999949694 0.002757789 -0.009637065 0.974507809 -0.002737857 0.999994218 0.002080794 -1.762853742 0.009642745 -0.002054305 0.999951422 68.466819763
0.999952853 0.002741104 -0.009306929 0.974392891 -0.002721657 0.999994099 0.002101460 -1.776384115 0.009312634 -0.002076031 0.999954522 69.015861511
0.999947369 0.002676274 -0.009904020 1.002613187 -0.002649289 0.999992788 0.002736775 -1.800888181 0.009911271 -0.002710391 0.999947250 69.536331177
0.999956608 0.002832383 -0.008872473 0.973602593 -0.002817181 0.999994516 0.001725428 -1.799432755 0.008877312 -0.001700358 0.999959171 70.079795837
0.999958694 0.002604377 -0.008706611 0.980431557 -0.002588493 0.999994934 0.001835078 -1.811143041 0.008711345 -0.001812465 0.999960482 70.627128601
0.999952316 0.002773523 -0.009360339 0.988612890 -0.002757511 0.999994695 0.001723068 -1.822419286 0.009365068 -0.001697175 0.999954700 71.177803040
0.999952793 0.003278694 -0.009143482 0.993612349 -0.003259019 0.999992371 0.002165851 -1.849398136 0.009150513 -0.002135951 0.999955833 71.695449829
0.999951065 0.003032156 -0.009424523 1.005218029 -0.003008205 0.999992311 0.002554515 -1.868041158 0.009432197 -0.002526039 0.999952316 72.240852356
0.999952137 0.003549349 -0.009120035 0.999867022 -0.003530829 0.999991596 0.002045961 -1.873646736 0.009127221 -0.002013662 0.999956310 72.782737732
0.999953687 0.003364938 -0.009015343 1.006042480 -0.003345963 0.999992132 0.002119129 -1.888139486 0.009022404 -0.002088865 0.999957085 73.328666687
0.999952316 0.003573288 -0.009088237 1.008980274 -0.003553792 0.999991357 0.002160473 -1.902894497 0.009095879 -0.002128072 0.999956429 73.876998901
0.999952674 0.003384651 -0.009118624 1.015382051 -0.003368113 0.999992669 0.001828549 -1.914063454 0.009124747 -0.001797749 0.999956727 74.410743713
0.999949574 0.003132626 -0.009539926 1.028270721 -0.003111191 0.999992609 0.002260983 -1.929967523 0.009546939 -0.002231188 0.999951959 74.945632935
0.999951303 0.003401261 -0.009263427 1.031517029 -0.003379535 0.999991477 0.002359979 -1.946333408 0.009271375 -0.002328559 0.999954402 75.486061096
0.999949157 0.003212694 -0.009557649 1.037944436 -0.003191629 0.999992549 0.002218439 -1.958616495 0.009564704 -0.002187822 0.999951839 76.022506714
0.999952912 0.003855838 -0.008905836 1.037280083 -0.003836332 0.999990225 0.002206278 -1.972013831 0.008914256 -0.002172008 0.999957860 76.568222046
0.999952376 0.003439590 -0.009142606 1.048330545 -0.003423027 0.999992549 0.001826643 -1.985385180 0.009148820 -0.001795260 0.999956489 77.121986389
0.999951124 0.003529424 -0.009240362 1.054775715 -0.003511624 0.999991953 0.001941890 -1.992875814 0.009247141 -0.001909346 0.999955416 77.637153625
0.999947667 0.003275815 -0.009692606 1.056395292 -0.003256190 0.999992609 0.002039734 -2.006975651 0.009699215 -0.002008066 0.999950945 78.180274963
0.999948144 0.003112266 -0.009698632 1.065922976 -0.003095196 0.999993682 0.001774546 -2.020540714 0.009704093 -0.001744435 0.999951363 78.726203918
0.999950051 0.002975628 -0.009542346 1.069452524 -0.002958404 0.999993980 0.001818564 -2.034591675 0.009547700 -0.001790243 0.999952793 79.266494751
0.999953985 0.003546063 -0.008913730 1.067087889 -0.003533722 0.999992788 0.001399823 -2.043088913 0.008918628 -0.001368259 0.999959290 79.814743042
0.999951303 0.003431442 -0.009262691 1.069909573 -0.003414899 0.999992549 0.001801274 -2.063882589 0.009268804 -0.001769555 0.999955475 80.345756531
0.999960124 0.003761159 -0.008102302 1.079974174 -0.003746008 0.999991238 0.001884224 -2.074796915 0.008109319 -0.001853798 0.999965370 80.897659302
0.999971807 0.002959127 -0.006899389 1.091359496 -0.002948858 0.999994516 0.001497977 -2.087810278 0.006903784 -0.001477590 0.999975085 81.443153381
0.999980211 0.002960459 -0.005549000 1.095886827 -0.002950166 0.999993861 0.001862181 -2.104845524 0.005554479 -0.001845773 0.999982893 81.980834961
0.999984920 0.003438256 -0.004267215 1.108446002 -0.003429272 0.999991834 0.002110584 -2.121498108 0.004274437 -0.002095919 0.999988675 82.519493103
0.999994874 0.003165105 -0.000534897 1.120910525 -0.003164039 0.999993026 0.001981236 -2.136102200 0.000541164 -0.001979533 0.999997914 83.067245483
0.999988437 0.003928912 0.002758511 1.138650060 -0.003937285 0.999987543 0.003036347 -2.164420128 -0.002746549 -0.003047173 0.999991536 83.572685242
0.999970376 0.004420336 0.006302476 1.139409304 -0.004431344 0.999988675 0.001733779 -2.156800032 -0.006294739 -0.001761655 0.999978602 84.140838623
0.999933898 0.003764489 0.010865823 1.167228341 -0.003784199 0.999991238 0.001794056 -2.174120426 -0.010858975 -0.001835056 0.999939322 84.687271118
0.999856830 0.003671851 0.016517773 1.194987774 -0.003701907 0.999991536 0.001789381 -2.193076134 -0.016511064 -0.001850272 0.999861956 85.232162476
0.999753296 0.003715669 0.021897737 1.223489404 -0.003757634 0.999991179 0.001875583 -2.203801394 -0.021890575 -0.001957405 0.999758482 85.766365051
0.999604106 0.003372592 0.027931530 1.255430579 -0.003427023 0.999992371 0.001901046 -2.216032743 -0.027924903 -0.001996015 0.999608099 86.311515808
0.999348998 0.003756672 0.035881341 1.280749083 -0.003822612 0.999991059 0.001769304 -2.228567600 -0.035874370 -0.001905312 0.999354422 86.871017456
0.999021232 0.003531960 0.044090375 1.329039812 -0.003613940 0.999991834 0.001779787 -2.245676041 -0.044083729 -0.001937385 0.999025941 87.415954590
0.998677313 0.003226797 0.051314279 1.362512350 -0.003317709 0.999993086 0.001686605 -2.253437996 -0.051308479 -0.001854620 0.998681128 87.977272034
0.998180747 0.003333723 0.060200289 1.420523405 -0.003436689 0.999992728 0.001606930 -2.268681288 -0.060194492 -0.001810897 0.998184979 88.508499146
0.997514307 0.003593217 0.070372127 1.481088161 -0.003740459 0.999991119 0.001960671 -2.291584969 -0.070364445 -0.002219022 0.997518837 89.018577576
0.996837258 0.003030370 0.079411939 1.529134750 -0.003147262 0.999994099 0.001346867 -2.295143366 -0.079407409 -0.001592538 0.996840954 89.629432678
0.996193886 0.002834306 0.087119222 1.594243050 -0.002934174 0.999995112 0.001018289 -2.307007074 -0.087115921 -0.001270037 0.996197462 90.181068420
0.995253503 0.002744501 0.097277455 1.671361446 -0.002869121 0.999995172 0.001141222 -2.322951794 -0.097273856 -0.001414907 0.995256603 90.710403442
0.994161189 0.003341937 0.107853517 1.725214005 -0.003585834 0.999991477 0.002067508 -2.354027271 -0.107845671 -0.002442180 0.994164646 91.195549011
0.993122637 0.002176313 0.117058724 1.809124947 -0.002332951 0.999996543 0.001201116 -2.349577665 -0.117055699 -0.001465948 0.993124306 91.732627869
0.991631627 0.002314289 0.129078463 1.914173126 -0.002538225 0.999995530 0.001570417 -2.362790108 -0.129074261 -0.001884905 0.991633117 92.351486206
0.990013957 0.001973315 0.140955150 2.015349388 -0.002206068 0.999996424 0.001495012 -2.379619837 -0.140951678 -0.001791039 0.990014851 92.894020081
0.988422334 0.001967851 0.151715055 2.119527817 -0.002218872 0.999996424 0.001485283 -2.395099163 -0.151711568 -0.001804722 0.988423169 93.428489685
0.986791611 0.001739683 0.161985531 2.231831551 -0.002039688 0.999996424 0.001685764 -2.413664579 -0.161982030 -0.001993897 0.986791730 93.965759277
0.984536648 0.001714995 0.175170034 2.342329979 -0.002039992 0.999996543 0.001675279 -2.425357342 -0.175166503 -0.002006719 0.984536767 94.512413025
0.982340217 0.001125927 0.187099725 2.473808289 -0.001461444 0.999997616 0.001655323 -2.440290928 -0.187097371 -0.001899527 0.982339501 95.046478271
0.980209231 0.001246310 0.197960392 2.589502335 -0.001591586 0.999997437 0.001585065 -2.451581240 -0.197957903 -0.001868767 0.980208755 95.581153870
0.977502227 0.000848861 0.210923210 2.726661682 -0.001315400 0.999997020 0.002071599 -2.471965551 -0.210920781 -0.002302442 0.977500439 96.112464905
0.974381149 0.000726705 0.224902168 2.875860214 -0.001177975 0.999997556 0.001872343 -2.477765083 -0.224900231 -0.002089305 0.974379599 96.658348083
0.972010136 -0.000545512 0.234938473 3.035081863 -0.000021166 0.999997079 0.002409499 -2.506161690 -0.234939069 -0.002347030 0.972007275 97.106506348
0.968932271 -0.000199641 0.247325853 3.182346344 -0.000263634 0.999998271 0.001840018 -2.516804218 -0.247325778 -0.001848057 0.968930602 97.708915710
0.965196133 0.000229056 0.261526495 3.343141556 -0.000681528 0.999998391 0.001639424 -2.529046297 -0.261525720 -0.001760604 0.965194881 98.238189697
0.961709559 0.000266596 0.274070531 3.507900238 -0.000863657 0.999997497 0.002057832 -2.547336102 -0.274069309 -0.002215741 0.961707413 98.752128601
0.958508372 -0.001119874 0.285062194 3.680572510 0.000565147 0.999997735 0.002028238 -2.563591480 -0.285063863 -0.001782981 0.958506942 99.257331848
0.954453290 -0.001638525 0.298355907 3.871082306 0.001114688 0.999997556 0.001925897 -2.571989536 -0.298358262 -0.001505605 0.954452753 99.762184143
0.949920654 -0.001120774 0.312489212 4.053028107 0.000448848 0.999997377 0.002222161 -2.586683035 -0.312490910 -0.001970617 0.949918628 100.304763794
0.946065366 -0.001706100 0.323971301 4.250366211 0.001181729 0.999997616 0.001815293 -2.592103958 -0.323973656 -0.001334540 0.946065187 100.823593140
0.941470861 -0.002833963 0.337082416 4.453905106 0.002249736 0.999995232 0.002123779 -2.609849215 -0.337086767 -0.001241129 0.941472769 101.333847046
0.936164320 -0.002707014 0.351552218 4.671932220 0.002126881 0.999995649 0.002036374 -2.623317003 -0.351556182 -0.001158671 0.936166167 101.842269897
0.931609213 -0.002880036 0.363450050 4.889112473 0.002132379 0.999994695 0.002458320 -2.642663956 -0.363455206 -0.001515181 0.931610465 102.359504700
0.927032948 -0.003214790 0.374966145 5.115011215 0.002716259 0.999994576 0.001858064 -2.653143406 -0.374970108 -0.000703982 0.927036703 102.855545044
0.921135187 -0.003473880 0.389227360 5.348430634 0.002770944 0.999993384 0.002367368 -2.668004036 -0.389232993 -0.001102139 0.921138704 103.346069336
0.915447712 -0.004078868 0.402416170 5.592826843 0.003416839 0.999991357 0.002362964 -2.678292990 -0.402422309 -0.000788178 0.915453792 103.866012573
0.910588562 -0.004192083 0.413292885 5.839260101 0.003544442 0.999991000 0.002333737 -2.696611166 -0.413298935 -0.000660182 0.910595238 104.343711853
0.904708922 -0.005112196 0.425999552 6.103740692 0.004176687 0.999986351 0.003130144 -2.730591059 -0.426009804 -0.001052602 0.904717922 104.786026001
0.898096502 -0.005355474 0.439765871 6.370754242 0.004280796 0.999984980 0.003435520 -2.750440121 -0.439777613 -0.001202881 0.898105919 105.269073486
0.892038047 -0.005814256 0.451922864 6.636455536 0.005011117 0.999983013 0.002974070 -2.748458862 -0.451932520 -0.000388344 0.892051995 105.781433105
0.886503100 -0.006373335 0.462678820 6.910438538 0.005620867 0.999979734 0.003004867 -2.758349657 -0.462688565 -0.000063167 0.886520863 106.265068054
0.879266560 -0.006414104 0.476286829 7.191444397 0.005600187 0.999979377 0.003128189 -2.769894600 -0.476297140 -0.000083217 0.879284322 106.742385864
