1.000000000 0.000000000 0.000000000 0.000000000 0.000000000 1.000000000 0.000000000 0.000000000 0.000000000 0.000000000 1.000000000 0.000000000
1.000000000 0.000067504 0.000053526 -0.000560708 -0.000067512 1.000000000 0.000153523 -0.000376896 -0.000053516 -0.000153527 1.000000000 0.000198209
1.000000000 0.000034532 0.000083072 -0.000963908 -0.000034532 1.000000000 -0.000003023 0.000669719 -0.000083072 0.000003020 1.000000000 0.000000604
1.000000000 0.000039499 -0.000010379 -0.000285800 -0.000039498 1.000000000 0.000049576 -0.000720082 0.000010381 -0.000049575 1.000000000 -0.001006367
1.000000000 0.000085012 0.000175669 -0.001123148 -0.000085024 1.000000000 0.000065000 -0.000321627 -0.000175663 -0.000065015 1.000000000 0.000489875
1.000000000 -0.000129552 -0.000026989 -0.000009620 0.000129552 1.000000000 0.000021851 -0.000263430 0.000026987 -0.000021855 1.000000000 -0.000230543
1.000000000 0.000099710 0.000094922 -0.001233357 -0.000099719 1.000000000 0.000096808 -0.000730472 -0.000094912 -0.000096818 1.000000000 -0.001088335
1.000000000 0.000099087 0.000098852 -0.001094822 -0.000099085 1.000000000 -0.000029579 -0.000019699 -0.000098855 0.000029569 1.000000000 -0.000322481
0.999999940 0.000166894 0.000196750 -0.001681172 -0.000166904 1.000000000 0.000052481 -0.000810723 -0.000196741 -0.000052514 1.000000000 -0.000862955
1.000000000 0.000144037 0.000148281 -0.001582905 -0.000144066 1.000000000 0.000191938 -0.000899669 -0.000148254 -0.000191960 1.000000000 0.000295869
1.000000000 0.000056906 0.000125641 -0.000757581 -0.000056922 1.000000000 0.000122137 -0.000793653 -0.000125634 -0.000122144 1.000000000 -0.000562946
1.000000000 0.000081366 0.000123591 -0.001204624 -0.000081375 1.000000000 0.000076022 -0.000525219 -0.000123585 -0.000076032 1.000000000 0.000278628
1.000000000 -0.000021922 0.000085841 -0.000137075 0.000021913 1.000000000 0.000108248 -0.000880305 -0.000085843 -0.000108246 1.000000000 -0.000045044
1.000000000 0.000183559 0.000138302 -0.001915809 -0.000183546 1.000000000 -0.000100129 0.001192882 -0.000138320 0.000100103 1.000000000 -0.000020553
1.000000000 0.000174350 0.000105789 -0.001345874 -0.000174346 1.000000000 -0.000038580 0.001069669 -0.000105796 0.000038561 1.000000000 0.000199581
0.999999940 0.000254970 0.000188429 -0.002298197 -0.000254967 0.999999940 -0.000016146 0.000584300 -0.000188433 0.000016098 1.000000000 0.001497786
0.999999940 0.000301663 0.000222709 -0.002802567 -0.000301659 0.999999940 -0.000016121 -0.000140397 -0.000222714 0.000016054 1.000000000 -0.000222548
0.999999940 0.000190604 0.000230154 -0.002580938 -0.000190617 1.000000000 0.000055555 0.000045680 -0.000230143 -0.000055598 1.000000000 0.001341865
0.999999940 0.000152324 0.000242907 -0.002210096 -0.000152314 1.000000000 -0.000040697 0.000364196 -0.000242913 0.000040660 0.999999940 0.000444081
1.000000000 0.000151655 0.000183470 -0.002145231 -0.000151673 1.000000000 0.000099035 -0.000490583 -0.000183455 -0.000099062 1.000000000 0.000753127
0.999999940 0.000220824 0.000149815 -0.002765606 -0.000220826 1.000000000 0.000018508 0.000346992 -0.000149810 -0.000018541 1.000000000 0.001145532
0.999999940 0.000246776 0.000187565 -0.001782321 -0.000246768 0.999999940 -0.000041155 0.000186101 -0.000187575 0.000041109 1.000000000 0.000309730
0.999999940 0.000268762 0.000096130 -0.001232239 -0.000268768 0.999999940 0.000061529 -0.000082888 -0.000096114 -0.000061555 1.000000000 -0.000701349
0.999999940 0.000377744 0.000185468 -0.002271628 -0.000377753 0.999999940 0.000049463 0.000673307 -0.000185449 -0.000049533 1.000000000 0.001997978
0.999999940 0.000253412 0.000223915 -0.001484852 -0.000253419 0.999999940 0.000027561 0.000846557 -0.000223908 -0.000027617 1.000000000 0.000694222
0.999999940 0.000207651 0.000147066 -0.000721857 -0.000207650 1.000000000 -0.000005804 0.001568770 -0.000147068 0.000005773 1.000000000 0.002350553
0.999999881 0.000367341 0.000214513 -0.001988373 -0.000367366 0.999999940 0.000115976 0.000045878 -0.000214471 -0.000116055 1.000000000 0.001088202
0.999999940 0.000303929 0.000072681 -0.000453200 -0.000303927 0.999999940 -0.000030165 0.000735771 -0.000072690 0.000030143 1.000000000 0.000509750
0.999999940 0.000360152 0.000180973 -0.001703254 -0.000360128 0.999999940 -0.000129432 0.001990403 -0.000181019 0.000129367 1.000000000 0.001786564
0.999999940 0.000342723 0.000241445 -0.001693478 -0.000342708 0.999999940 -0.000062518 0.001505533 -0.000241466 0.000062435 0.999999940 0.001509179
0.999999881 0.000291535 0.000325706 -0.002319169 -0.000291525 0.999999940 -0.000029356 0.001221148 -0.000325715 0.000029261 0.999999940 0.001374985
0.999999940 0.000309352 0.000175735 -0.001337566 -0.000309341 0.999999940 -0.000059693 0.001300360 -0.000175754 0.000059639 1.000000000 0.001749651
0.999999881 0.000394303 0.000244895 -0.001891830 -0.000394306 0.999999940 0.000015311 0.000511456 -0.000244889 -0.000015408 0.999999940 0.000649778
0.999999881 0.000432730 0.000301755 -0.002322733 -0.000432717 0.999999881 -0.000043811 0.000876180 -0.000301774 0.000043681 0.999999940 0.000872293
0.999999881 0.000381421 0.000202276 -0.001789517 -0.000381393 0.999999940 -0.000136502 0.001404699 -0.000202328 0.000136425 1.000000000 0.002196791
0.999999940 0.000263668 0.000184084 -0.001298393 -0.000263658 0.999999940 -0.000052828 0.001122900 -0.000184098 0.000052780 1.000000000 0.001196570
0.999999881 0.000436740 0.000206646 -0.001992481 -0.000436716 0.999999881 -0.000116344 0.002333114 -0.000206697 0.000116254 1.000000000 0.001590517
0.999999881 0.000386193 0.000268870 -0.002158227 -0.000386196 0.999999940 0.000009972 0.000764443 -0.000268866 -0.000010076 0.999999940 0.001580749
0.999999940 0.000330121 0.000167591 -0.001054198 -0.000330114 0.999999940 -0.000045354 0.001712751 -0.000167606 0.000045299 1.000000000 0.000985991
1.000000000 0.000186532 0.000151467 -0.001604465 -0.000186511 1.000000000 -0.000137974 0.001228328 -0.000151493 0.000137946 1.000000000 0.002092097
0.999999881 0.000351429 0.000319948 -0.000663020 -0.000351244 0.999999762 -0.000577750 -0.001918868 -0.000320151 0.000577638 0.999999762 0.048958514
0.999999881 0.000393262 0.000303151 -0.000711822 -0.000392904 0.999999225 -0.001181548 -0.003993132 -0.000303615 0.001181429 0.999999285 0.136745706
0.999999106 -0.000627939 0.001198170 -0.007331002 0.000630412 0.999997616 -0.002064893 -0.003620129 -0.001196870 0.002065646 0.999997139 0.256472856
0.999999225 -0.000257637 0.001257842 -0.004517157 0.000259868 0.999998331 -0.001773798 -0.008433027 -0.001257383 0.001774123 0.999997675 0.387804180
0.999999106 -0.000099310 0.001390765 -0.003554908 0.000101425 0.999998868 -0.001520663 -0.012673172 -0.001390612 0.001520802 0.999997914 0.533769608
0.999998629 -0.001269410 0.001057472 0.005005504 0.001270814 0.999998331 -0.001328445 -0.019809024 -0.001055784 0.001329787 0.999998569 0.694200695
0.999998748 -0.001171807 0.001014294 0.009750203 0.001172745 0.999998927 -0.000924951 -0.024400182 -0.001013209 0.000926139 0.999999046 0.854065478
0.999998868 -0.001350114 0.000609846 0.015688909 0.001350718 0.999998569 -0.000990916 -0.028537747 -0.000608508 0.000991738 0.999999285 1.039052963
0.999998927 -0.001346837 0.000642524 0.019119816 0.001347399 0.999998689 -0.000875038 -0.032217368 -0.000641344 0.000875902 0.999999464 1.216587782
0.999998629 -0.001442150 0.000751396 0.021674231 0.001442661 0.999998748 -0.000679669 -0.039881144 -0.000750415 0.000680752 0.999999404 1.410317540
0.999999046 -0.001271040 0.000407888 0.027376851 0.001271329 0.999998987 -0.000708838 -0.041739512 -0.000406987 0.000709356 0.999999642 1.604439378
0.999998152 -0.001784801 0.000713198 0.029824991 0.001785089 0.999998391 -0.000403677 -0.052039731 -0.000712476 0.000404950 0.999999702 1.800808072
0.999998868 -0.001473026 0.000384184 0.033890311 0.001473019 0.999998868 0.000018880 -0.059830558 -0.000384212 -0.000018314 0.999999881 2.015687466
0.999997735 -0.002110447 0.000261074 0.041190304 0.002110469 0.999997795 -0.000083848 -0.066966288 -0.000260897 0.000084399 0.999999940 2.228543758
0.999997795 -0.002059632 0.000471009 0.044530559 0.002059688 0.999997914 -0.000118845 -0.070240647 -0.000470763 0.000119815 0.999999821 2.451995611
0.999997973 -0.001971997 0.000380759 0.049821150 0.001972092 0.999998033 -0.000247065 -0.076664172 -0.000380271 0.000247815 0.999999881 2.683780909
0.999998271 -0.001761159 0.000621649 0.055411901 0.001761297 0.999998450 -0.000221720 -0.085136376 -0.000621257 0.000222815 0.999999762 2.909862995
0.999998331 -0.001710608 0.000637777 0.058659732 0.001710676 0.999998629 -0.000105780 -0.088640101 -0.000637596 0.000106871 0.999999762 3.156154633
0.999998271 -0.001663381 0.000790533 0.060970079 0.001663188 0.999998569 0.000244345 -0.101270579 -0.000790938 -0.000243030 0.999999583 3.401683092
0.999997735 -0.001867800 0.001038800 0.063846059 0.001867419 0.999998152 0.000368225 -0.109966412 -0.001039486 -0.000366284 0.999999344 3.649404764
0.999998331 -0.001247792 0.001308989 0.066899136 0.001247628 0.999999225 0.000125903 -0.114583723 -0.001309145 -0.000124270 0.999999166 3.908823013
0.999998331 -0.001424668 0.001179832 0.073868118 0.001424546 0.999999046 0.000103792 -0.118435629 -0.001179979 -0.000102111 0.999999285 4.172760487
0.999998033 -0.001895543 0.000573849 0.081123196 0.001895108 0.999997914 0.000757049 -0.130566746 -0.000575283 -0.000755959 0.999999523 4.440139771
0.999997854 -0.001954165 0.000692417 0.086067811 0.001953745 0.999997854 0.000606683 -0.135647744 -0.000693602 -0.000605329 0.999999583 4.704825878
0.999997735 -0.002000665 0.000819438 0.097094201 0.002000146 0.999997973 0.000633486 -0.144598752 -0.000820704 -0.000631845 0.999999464 4.958505154
0.999998271 -0.001259861 0.001441040 0.087812297 0.001258770 0.999998927 0.000757999 -0.150184572 -0.001441993 -0.000756184 0.999998689 5.219931126
0.999997377 -0.001087426 0.002027064 0.088381596 0.001086289 0.999999285 0.000562024 -0.156212464 -0.002027673 -0.000559820 0.999997735 5.483860016
0.999997497 -0.001405418 0.001727350 0.094538838 0.001404016 0.999998689 0.000812931 -0.170073599 -0.001728490 -0.000810504 0.999998093 5.750733852
0.999996722 -0.002174349 0.001395187 0.104068145 0.002173396 0.999997437 0.000684244 -0.176928863 -0.001396671 -0.000681209 0.999998748 6.021341324
0.999997556 -0.001046150 0.001931422 0.102577955 0.001045229 0.999999285 0.000478051 -0.184597731 -0.001931921 -0.000476031 0.999998033 6.305095196
0.999997437 -0.001551624 0.001662314 0.112178527 0.001550329 0.999998450 0.000780416 -0.189132318 -0.001663523 -0.000777837 0.999998271 6.592483521
0.999998271 -0.001313632 0.001352805 0.118203200 0.001312482 0.999998748 0.000850505 -0.198063821 -0.001353920 -0.000848728 0.999998748 6.886935711
0.999997973 -0.000762779 0.001829988 0.117716618 0.000761900 0.999999702 0.000481367 -0.203632131 -0.001830354 -0.000479972 0.999998212 7.181311607
0.999998212 -0.000735532 0.001733194 0.122292548 0.000734539 0.999999523 0.000573210 -0.212127030 -0.001733614 -0.000571936 0.999998331 7.479296207
0.999997914 -0.001190490 0.001692241 0.135312870 0.001189662 0.999999225 0.000490703 -0.219572201 -0.001692823 -0.000488689 0.999998450 7.795675755
0.999997675 -0.001447054 0.001603729 0.144597873 0.001446026 0.999998748 0.000641739 -0.232024670 -0.001604656 -0.000639419 0.999998510 8.120848656
0.999997318 -0.000894635 0.002132737 0.137110770 0.000892813 0.999999225 0.000854996 -0.247037128 -0.002133500 -0.000853089 0.999997377 8.422933578
0.999997139 -0.001125903 0.002097029 0.146357358 0.001123469 0.999998689 0.001161641 -0.257466465 -0.002098334 -0.001159282 0.999997139 8.749744415
0.999996722 -0.001157999 0.002345053 0.149264321 0.001156327 0.999999046 0.000714459 -0.258772373 -0.002345878 -0.000711745 0.999996960 9.090203285
0.999998093 -0.000986377 0.001685093 0.160820410 0.000984312 0.999998748 0.001225682 -0.273864985 -0.001686300 -0.001224022 0.999997795 9.430732727
0.999997199 -0.000028015 0.002377533 0.165557653 0.000025464 0.999999464 0.001072691 -0.284231544 -0.002377561 -0.001072627 0.999996662 9.763090134
0.999997616 -0.000299135 0.002196193 0.169447228 0.000296308 0.999999166 0.001287787 -0.294796348 -0.002196576 -0.001287133 0.999996781 10.111788750
0.999997318 -0.000193679 0.002310398 0.168979302 0.000190637 0.999999106 0.001316673 -0.316930860 -0.002310651 -0.001316229 0.999996483 10.483190536
0.999997079 0.000039620 0.002405090 0.175555825 -0.000042374 0.999999344 0.001145044 -0.326225609 -0.002405043 -0.001145143 0.999996424 10.845576286
0.999997616 -0.000683780 0.002039800 0.189765275 0.000681732 0.999999225 0.001004515 -0.332530171 -0.002040485 -0.001003122 0.999997437 11.208541870
0.999996364 -0.000969537 0.002482111 0.197306663 0.000967388 0.999999225 0.000866954 -0.340634882 -0.002482949 -0.000864550 0.999996543 11.598443031
0.999997020 -0.000289725 0.002388096 0.200407460 0.000285627 0.999998450 0.001716171 -0.359919935 -0.002388590 -0.001715483 0.999995649 11.958112717
0.999996603 -0.000609590 0.002486351 0.209308460 0.000605901 0.999998689 0.001484330 -0.371335983 -0.002487253 -0.001482818 0.999995768 12.345343590
0.999995649 -0.000993758 0.002764406 0.222582579 0.000988082 0.999997437 0.002053893 -0.384380341 -0.002766440 -0.002051153 0.999993980 12.725985527
0.999995828 -0.001084350 0.002672330 0.227174863 0.001078219 0.999996781 0.002294534 -0.394839764 -0.002674809 -0.002291644 0.999993801 13.123227119
0.999995172 -0.001474433 0.002746664 0.245807379 0.001468267 0.999996364 0.002245612 -0.403911948 -0.002749965 -0.002241568 0.999993742 13.520369530
0.999995053 -0.000964055 0.003003750 0.245331034 0.000956934 0.999996722 0.002371278 -0.417233169 -0.003006027 -0.002368392 0.999992669 13.929674149
0.999994040 -0.000338740 0.003433085 0.250945210 0.000330177 0.999996841 0.002494529 -0.426906168 -0.003433920 -0.002493381 0.999991000 14.343420982
0.999993086 -0.000969728 0.003592819 0.261132836 0.000960954 0.999996543 0.002442975 -0.439941317 -0.003595175 -0.002439505 0.999990523 14.754827499
0.999994218 -0.001160842 0.003202519 0.271085739 0.001153241 0.999996543 0.002374155 -0.450429469 -0.003205264 -0.002370448 0.999992013 15.184712410
0.999993980 -0.000869984 0.003370847 0.286021650 0.000861094 0.999996185 0.002637784 -0.466452599 -0.003373129 -0.002634866 0.999990821 15.608313560
0.999989092 -0.000964558 0.004570815 0.285705119 0.000952247 0.999995828 0.002694787 -0.479576200 -0.004573395 -0.002690405 0.999985933 16.050895691
0.999988437 -0.001007733 0.004683756 0.296757221 0.000993612 0.999994874 0.003016115 -0.493923098 -0.004686771 -0.003011427 0.999984503 16.485227585
0.999987483 -0.000523512 0.004968416 0.305267155 0.000511118 0.999996781 0.002495466 -0.501633167 -0.004969706 -0.002492896 0.999984562 16.941905975
0.999984741 -0.000026778 0.005525284 0.314795107 0.000013203 0.999997020 0.002456927 -0.515040398 -0.005525333 -0.002456817 0.999981701 17.407115936
0.999985874 -0.000187981 0.005304679 0.326572090 0.000172582 0.999995768 0.002903237 -0.526933789 -0.005305203 -0.002902281 0.999981642 17.855602264
0.999983549 -0.000215354 0.005732802 0.340094984 0.000198496 0.999995649 0.002940971 -0.539369047 -0.005733410 -0.002939784 0.999979198 18.321039200
0.999985158 -0.000226765 0.005448353 0.350982189 0.000212990 0.999996781 0.002528699 -0.547095120 -0.005448909 -0.002527501 0.999981940 18.795951843
0.999982476 -0.000391404 0.005907863 0.353664815 0.000375195 0.999996126 0.002744455 -0.565699399 -0.005908915 -0.002742190 0.999978781 19.266742706
0.999982178 -0.000511229 0.005938524 0.371770948 0.000497887 0.999997318 0.002247861 -0.573979974 -0.005939658 -0.002244864 0.999979854 19.749002457
0.999979973 -0.000353806 0.006313076 0.370512426 0.000338163 0.999996901 0.002478822 -0.582568288 -0.006313934 -0.002476638 0.999976993 20.241685867
0.999980927 -0.000394825 0.006155446 0.386431277 0.000377718 0.999996066 0.002779854 -0.606938541 -0.006156519 -0.002777475 0.999977171 20.727647781
0.999984086 -0.000207118 0.005628212 0.399496883 0.000190990 0.999995887 0.002865954 -0.621109426 -0.005628783 -0.002864833 0.999980032 21.216991425
0.999987185 -0.000550950 0.005033200 0.409872591 0.000536553 0.999995708 0.002861344 -0.629768550 -0.005034755 -0.002858607 0.999983251 21.727931976
0.999989152 -0.000756916 0.004593527 0.423218906 0.000742770 0.999994934 0.003080641 -0.641547203 -0.004595836 -0.003077195 0.999984741 22.245693207
0.999990821 -0.000686040 0.004225818 0.432043612 0.000673166 0.999995112 0.003047102 -0.657367527 -0.004227889 -0.003044229 0.999986351 22.749567032
0.999993980 -0.000512033 0.003428411 0.447839737 0.000500910 0.999994636 0.003244380 -0.675018907 -0.003430054 -0.003242643 0.999988794 23.267766953
0.999994397 -0.000657833 0.003278157 0.439954877 0.000646642 0.999993920 0.003413633 -0.693681538 -0.003280383 -0.003411493 0.999988794 23.783012390
0.999994397 -0.002066710 0.002586234 0.453033566 0.002058863 0.999993265 0.003032938 -0.707069874 -0.002592484 -0.003027595 0.999992073 24.314455032
0.999995172 -0.002161437 0.002205859 0.465036511 0.002154697 0.999993145 0.003053364 -0.720064700 -0.002212443 -0.003048597 0.999992907 24.855766296
0.999997616 -0.001534310 0.001510822 0.468245983 0.001529045 0.999992788 0.003479835 -0.736718953 -0.001516151 -0.003477518 0.999992788 25.364004135
0.999998629 0.000242534 0.001647861 0.470356345 -0.000248409 0.999993622 0.003565562 -0.748117447 -0.001646986 -0.003565967 0.999992311 25.915378571
0.999999285 -0.001005706 0.000501928 0.484125704 0.001004009 0.999993801 0.003368333 -0.764922976 -0.000505312 -0.003367827 0.999994218 26.465505600
0.999998927 -0.001398467 0.000157992 0.493404865 0.001397883 0.999992430 0.003631380 -0.772851586 -0.000163069 -0.003631156 0.999993443 27.025789261
0.999999642 -0.000849383 0.000015820 0.495554119 0.000849313 0.999991596 0.004015982 -0.794432521 -0.000019231 -0.004015967 0.999991894 27.575885773
0.999999464 -0.000990790 -0.000342906 0.506943583 0.000992147 0.999991655 0.003978028 -0.812813342 0.000338962 -0.003978366 0.999992073 28.119195938
1.000000000 0.000012118 -0.000131886 0.513962507 -0.000011603 0.999992430 0.003898605 -0.820282102 0.000131933 -0.003898604 0.999992371 28.683506012
0.999999583 -0.000499566 -0.000668422 0.521877050 0.000502580 0.999989688 0.004517969 -0.836257219 0.000666159 -0.004518304 0.999989569 29.200159073
0.999999225 0.000027299 -0.001232359 0.531670213 -0.000022630 0.999992788 0.003789315 -0.843791604 0.001232454 -0.003789285 0.999992132 29.750535965
0.999998748 -0.000613494 -0.001446852 0.537890255 0.000619749 0.999990582 0.004326419 -0.858406126 0.001444184 -0.004327310 0.999989510 30.280908585
0.999998510 -0.000164818 -0.001707092 0.548683286 0.000171900 0.999991477 0.004149304 -0.868082166 0.001706394 -0.004149592 0.999989927 30.829353333
0.999998748 -0.000169297 -0.001556935 0.544637144 0.000176156 0.999990225 0.004406576 -0.885424793 0.001556174 -0.004406844 0.999989092 31.354999542
0.999998331 0.000209463 -0.001806778 0.549935162 -0.000202051 0.999991596 0.004101635 -0.896734953 0.001807622 -0.004101264 0.999989927 31.909120560
0.999997914 0.000717964 -0.001931027 0.562744200 -0.000709964 0.999991238 0.004140255 -0.909732342 0.001933983 -0.004138875 0.999989569 32.459167480
0.999997497 0.000313784 -0.002199199 0.563774407 -0.000303799 0.999989629 0.004539202 -0.923459470 0.002200600 -0.004538523 0.999987304 33.003070831
0.999996841 0.000210124 -0.002528161 0.573587537 -0.000198556 0.999989510 0.004575321 -0.944522202 0.002529096 -0.004574803 0.999986410 33.529323578
0.999996424 0.000023190 -0.002677964 0.584517002 -0.000010909 0.999989510 0.004586009 -0.951878011 0.002678042 -0.004585965 0.999985874 34.082359314
0.999995589 -0.000171478 -0.002944308 0.594210386 0.000185252 0.999989092 0.004678744 -0.962847054 0.002943473 -0.004679269 0.999984682 34.628456116
0.999994338 0.000309511 -0.003358091 0.605260313 -0.000294643 0.999990165 0.004427189 -0.974964738 0.003359428 -0.004426174 0.999984562 35.171218872
0.999993503 -0.000389853 -0.003582070 0.609915853 0.000407464 0.999987781 0.004916955 -0.988789260 0.003580109 -0.004918382 0.999981523 35.669002533
0.999992073 -0.000471631 -0.003954183 0.625066698 0.000490994 0.999987841 0.004897456 -1.000719070 0.003951825 -0.004899358 0.999980211 36.215118408
0.999992549 -0.000488446 -0.003834203 0.629834354 0.000508443 0.999986231 0.005216021 -1.016291618 0.003831603 -0.005217931 0.999979079 36.780426025
0.999992311 -0.000973017 -0.003802205 0.625838876 0.000990071 0.999989450 0.004485807 -1.028591633 0.003797801 -0.004489538 0.999982715 37.300182343
0.999992490 -0.000640653 -0.003824973 0.639536679 0.000657430 0.999990165 0.004386341 -1.044373512 0.003822125 -0.004388823 0.999983072 37.843006134
0.999990821 -0.000252376 -0.004294315 0.641999543 0.000271332 0.999990165 0.004414120 -1.054635406 0.004293160 -0.004415244 0.999981046 38.401855469
0.999993086 -0.000428134 -0.003693974 0.646684945 0.000443156 0.999991655 0.004066691 -1.067662477 0.003692201 -0.004068301 0.999984860 38.950336456
0.999992371 -0.000629976 -0.003866816 0.656480193 0.000645502 0.999991834 0.004015158 -1.076419473 0.003864255 -0.004017625 0.999984443 39.500000000
0.999990642 -0.000730833 -0.004254758 0.663375258 0.000748545 0.999991059 0.004162935 -1.094201684 0.004251678 -0.004166081 0.999982297 40.010208130
0.999993026 -0.001527691 -0.003408589 0.641592741 0.001543509 0.999987960 0.004642571 -1.100446343 0.003401457 -0.004647799 0.999983430 40.509548187
0.999993324 -0.000811191 -0.003542227 0.653389156 0.000824673 0.999992371 0.003806190 -1.106757760 0.003539113 -0.003809085 0.999986589 41.067501068
0.999992788 -0.000883207 -0.003698472 0.659565449 0.000898392 0.999991119 0.004105765 -1.120757103 0.003694813 -0.004109057 0.999984801 41.608135223
0.999989152 -0.001384616 -0.004461746 0.678384900 0.001405203 0.999988377 0.004614138 -1.138334632 0.004455306 -0.004620357 0.999979436 42.154411316
0.999992967 -0.001146451 -0.003565470 0.669054866 0.001162419 0.999989390 0.004479955 -1.146864057 0.003560294 -0.004484069 0.999983609 42.644866943
0.999992251 -0.000531135 -0.003918276 0.676322937 0.000549838 0.999988496 0.004773728 -1.156728983 0.003915695 -0.004775845 0.999980927 43.197509766
0.999993086 -0.000091708 -0.003720678 0.687166035 0.000111411 0.999985993 0.005295617 -1.177137136 0.003720140 -0.005295995 0.999979079 43.729339600
0.999992430 -0.000988157 -0.003747687 0.681689680 0.001004995 0.999989390 0.004493832 -1.184507489 0.003743206 -0.004497564 0.999982834 44.243648529
0.999992609 -0.000803896 -0.003749911 0.689373851 0.000818720 0.999991834 0.003953305 -1.192405939 0.003746703 -0.003956347 0.999985158 44.798748016
0.999993801 -0.000733086 -0.003450105 0.691422880 0.000746899 0.999991715 0.004004081 -1.203679204 0.003447141 -0.004006633 0.999986053 45.320671082
0.999995112 -0.000667383 -0.003077699 0.699122190 0.000677964 0.999993920 0.003437981 -1.209554434 0.003075386 -0.003440051 0.999989390 45.859104156
0.999995470 -0.000617844 -0.002955341 0.697309971 0.000629929 0.999991536 0.004089958 -1.230717421 0.002952788 -0.004091801 0.999987245 46.384544373
0.999995232 -0.000183892 -0.003096336 0.712831378 0.000195873 0.999992549 0.003869665 -1.236003160 0.003095601 -0.003870253 0.999987662 46.938533783
0.999995351 -0.000738161 -0.002946795 0.708958805 0.000751114 0.999989986 0.004396607 -1.251660824 0.002943521 -0.004398800 0.999985993 47.464298248
0.999994993 -0.000804848 -0.003066143 0.718675077 0.000818149 0.999990165 0.004339089 -1.263227105 0.003062621 -0.004341576 0.999985874 48.011405945
0.999993682 -0.001632104 -0.003148944 0.726772547 0.001645470 0.999989629 0.004246640 -1.276218176 0.003141981 -0.004251794 0.999986053 48.513114929
0.999991357 -0.002176791 -0.003554656 0.742962599 0.002193139 0.999987066 0.004601601 -1.289556384 0.003544594 -0.004609357 0.999983132 49.067111969
0.999995947 -0.001019698 -0.002651067 0.731965780 0.001032217 0.999988317 0.004725403 -1.302352309 0.002646219 -0.004728121 0.999985278 49.582736969
0.999995947 -0.001009398 -0.002665035 0.731160343 0.001022206 0.999987900 0.004809224 -1.311877370 0.002660149 -0.004811928 0.999984801 50.117916107
0.999995887 -0.001058726 -0.002655850 0.735590160 0.001070020 0.999990344 0.004254827 -1.323386192 0.002651320 -0.004257652 0.999987364 50.651000977
0.999997199 -0.000639865 -0.002274639 0.747658610 0.000649566 0.999990642 0.004266287 -1.332750320 0.002271888 -0.004267753 0.999988258 51.217880249
0.999996126 -0.001021931 -0.002580540 0.751156449 0.001032626 0.999990880 0.004146796 -1.340397239 0.002576279 -0.004149444 0.999988079 51.695007324
0.999996722 -0.001019075 -0.002336490 0.759496689 0.001027663 0.999992728 0.003677375 -1.349583387 0.002332724 -0.003679764 0.999990523 52.254924774
0.999996245 -0.001101872 -0.002514767 0.762707055 0.001112540 0.999990284 0.004244483 -1.366185427 0.002510065 -0.004247264 0.999987841 52.758678436
0.999997437 -0.000074107 -0.002286139 0.766330779 0.000083884 0.999990821 0.004276817 -1.381505609 0.002285801 -0.004276997 0.999988258 53.307300568
0.999997020 -0.000872317 -0.002342907 0.776772320 0.000881934 0.999991179 0.004106267 -1.394754887 0.002339303 -0.004108321 0.999988854 53.828758240
0.999997497 -0.000369984 -0.002171111 0.778663397 0.000378703 0.999991775 0.004016925 -1.404712319 0.002169608 -0.004017736 0.999989569 54.367664337
0.999997735 -0.000221696 -0.002088284 0.783052266 0.000229900 0.999992251 0.003929254 -1.415793538 0.002087397 -0.003929725 0.999990106 54.914981842
0.999997079 -0.001026541 -0.002183576 0.798122585 0.001034607 0.999992609 0.003695791 -1.425069094 0.002179767 -0.003698040 0.999990761 55.425739288
0.999998569 -0.000432971 -0.001638720 0.798208594 0.000439943 0.999990821 0.004256555 -1.438470721 0.001636862 -0.004257269 0.999989510 55.973621368
0.999996603 -0.001115379 -0.002403291 0.813447535 0.001125104 0.999991179 0.004049346 -1.454379439 0.002398755 -0.004052036 0.999988914 56.504669189
0.999998391 -0.000420222 -0.001792177 0.817004800 0.000428426 0.999989390 0.004580167 -1.470383883 0.001790233 -0.004580927 0.999987960 57.038429260
0.999996066 -0.001057930 -0.002567017 0.831375718 0.001068788 0.999990523 0.004232511 -1.485548496 0.002562515 -0.004235239 0.999987781 57.594715118
0.999997973 -0.000986552 -0.001769435 0.825392962 0.000993553 0.999991596 0.003959732 -1.491201878 0.001765514 -0.003961481 0.999990523 58.075515747
0.999998450 -0.000483539 -0.001663886 0.834237337 0.000489680 0.999993026 0.003692291 -1.497947335 0.001662089 -0.003693099 0.999991775 58.628501892
0.999997795 -0.000996890 -0.001879491 0.846615672 0.001002784 0.999994636 0.003137770 -1.512365460 0.001876353 -0.003139647 0.999993265 59.160999298
0.999997616 -0.001064962 -0.001879871 0.848530710 0.001071382 0.999993563 0.003417483 -1.522053242 0.001876219 -0.003419490 0.999992371 59.674034119
0.999998331 -0.000744673 -0.001655960 0.856017709 0.000751948 0.999990106 0.004396949 -1.534684181 0.001652669 -0.004398188 0.999988973 60.234104156
0.999995768 -0.001556984 -0.002452604 0.879424214 0.001565276 0.999993026 0.003382848 -1.546011567 0.002447320 -0.003386673 0.999991238 60.763969421
0.999999344 -0.000620764 -0.000985213 0.867201388 0.000624046 0.999994338 0.003334501 -1.550560951 0.000983138 -0.003335114 0.999993980 61.281623840
1.000000000 0.000217432 -0.000280451 0.869000673 -0.000216326 0.999992192 0.003936853 -1.568123937 0.000281305 -0.003936792 0.999992251 61.828968048
0.999999404 -0.000765621 -0.000947835 0.882747293 0.000768531 0.999994993 0.003073081 -1.575210214 0.000945476 -0.003073808 0.999994814 62.357395172
0.999998987 -0.000659211 -0.001265915 0.892483592 0.000663249 0.999994695 0.003192128 -1.586233377 0.001263805 -0.003192965 0.999994099 62.897468567
0.999998868 -0.000681830 -0.001377274 0.906195760 0.000685822 0.999995649 0.002900255 -1.604525924 0.001375290 -0.002901196 0.999994814 63.447658539
0.999999225 -0.000744081 -0.000957464 0.902194858 0.000746672 0.999996066 0.002707756 -1.609726071 0.000955445 -0.002708470 0.999995887 63.954479218
0.999998152 -0.001394343 -0.001331143 0.915747046 0.001397828 0.999995649 0.002620452 -1.621092677 0.001327484 -0.002622308 0.999995708 64.501686096
0.999999166 -0.001066398 -0.000745953 0.914451301 0.001068507 0.999995410 0.002833998 -1.632335424 0.000742928 -0.002834792 0.999995708 65.023513794
0.999998689 -0.001190387 -0.001151779 0.929003596 0.001193395 0.999995887 0.002615130 -1.642916918 0.001148662 -0.002616501 0.999995887 65.575042725
0.999998987 -0.001168954 -0.000824838 0.930083096 0.001170905 0.999996483 0.002369796 -1.653687954 0.000822066 -0.002370759 0.999996841 66.099822998
0.999999821 -0.000446029 -0.000078244 0.932785094 0.000446198 0.999997497 0.002171827 -1.667405367 0.000077276 -0.002171861 0.999997616 66.653373718
0.999998450 -0.001495690 -0.000959192 0.955691993 0.001498224 0.999995351 0.002646525 -1.685076356 0.000955229 -0.002647958 0.999996066 67.173583984
0.999998689 -0.001353203 -0.000904732 0.968795300 0.001354981 0.999997139 0.001966427 -1.693028688 0.000902068 -0.001967650 0.999997675 67.683898926
0.999999344 -0.001053808 -0.000476342 0.972918689 0.001054525 0.999998331 0.001508326 -1.700869203 0.000474753 -0.001508827 0.999998808 68.247756958
0.999999404 -0.000809840 -0.000746745 0.971140087 0.000811174 0.999998093 0.001787138 -1.717254877 0.000745295 -0.001787742 0.999998152 68.754432678
0.999999523 -0.000857180 -0.000404580 0.983603358 0.000857844 0.999998271 0.001642314 -1.728648067 0.000403171 -0.001642659 0.999998629 69.301086426
0.999999523 -0.000982802 -0.000056444 0.990015209 0.000982907 0.999997795 0.001880506 -1.748818398 0.000054595 -0.001880561 0.999998271 69.840965271
0.999999166 -0.001194445 -0.000513960 0.992846012 0.001195461 0.999997318 0.001979882 -1.763573170 0.000511595 -0.001980495 0.999997914 70.357154846
0.999999762 -0.000583335 -0.000278337 0.997289062 0.000583852 0.999998093 0.001857345 -1.776886702 0.000277254 -0.001857508 0.999998212 70.882064819
0.999999821 -0.000513175 -0.000138545 1.008267045 0.000513402 0.999998510 0.001639922 -1.787971377 0.000137704 -0.001639994 0.999998569 71.430892944
0.999999642 -0.000697725 -0.000518100 1.022254825 0.000698581 0.999998331 0.001651602 -1.801416636 0.000516947 -0.001651963 0.999998510 71.947586060
0.999999821 -0.000538297 -0.000391614 1.033962369 0.000538956 0.999998450 0.001684822 -1.817248225 0.000390706 -0.001685033 0.999998510 72.491317749
0.999999940 -0.000353461 -0.000217442 1.033158183 0.000353915 0.999997735 0.002091306 -1.831117392 0.000216702 -0.002091383 0.999997735 73.011322021
1.000000000 -0.000206016 0.000013015 1.041841626 0.000205994 0.999998629 0.001654068 -1.842403889 -0.000013356 -0.001654066 0.999998629 73.551925659
0.999999523 -0.000469978 -0.000843347 1.059309363 0.000471657 0.999997914 0.001991577 -1.850433111 0.000842409 -0.001991974 0.999997675 74.108055115
0.999999940 0.000080364 -0.000156209 1.065504313 -0.000080044 0.999997795 0.002056920 -1.871577621 0.000156374 -0.002056908 0.999997854 74.616371155
1.000000000 0.000245034 0.000128026 1.076528668 -0.000245250 0.999998510 0.001687672 -1.883528948 -0.000127612 -0.001687704 0.999998510 75.165527344
0.999999881 0.000298858 0.000080332 1.085735798 -0.000299010 0.999998331 0.001878906 -1.901200533 -0.000079770 -0.001878930 0.999998152 75.674667358
0.999999762 -0.000550616 0.000249042 1.104938984 0.000550150 0.999998152 0.001863914 -1.914732695 -0.000250068 -0.001863776 0.999998152 76.224273682
0.999998987 0.001336016 0.000477838 1.096959710 -0.001336743 0.999997854 0.001527414 -1.923815608 -0.000475797 -0.001528051 0.999998689 76.755073547
0.999999404 0.001010839 0.000345308 1.108346581 -0.001011370 0.999998271 0.001539671 -1.935920835 -0.000343751 -0.001540019 0.999998808 77.313865662
0.999999642 0.000687093 0.000543153 1.117313862 -0.000688180 0.999997735 0.002004214 -1.957632184 -0.000541774 -0.002004587 0.999997854 77.794784546
1.000000000 0.000180753 0.000019132 1.135739923 -0.000180793 0.999997675 0.002110075 -1.970296264 -0.000018751 -0.002110078 0.999997795 78.337348938
0.999999583 0.000856605 0.000399606 1.133520007 -0.000857290 0.999998152 0.001724549 -1.982282996 -0.000398128 -0.001724891 0.999998450 78.879631042
0.999999106 0.001239933 0.000490459 1.144524455 -0.001240752 0.999997735 0.001673945 -1.998627663 -0.000488383 -0.001674552 0.999998510 79.425086975
0.999998391 0.001147089 0.001397563 1.158315778 -0.001149744 0.999997556 0.001899461 -2.013151884 -0.001395381 -0.001901064 0.999997139 79.963752747
0.999996483 0.000757538 0.002570102 1.168964267 -0.000762695 0.999997795 0.002006352 -2.031335831 -0.002568576 -0.002008305 0.999994636 80.507369995
0.999992490 0.000938829 0.003755255 1.181272507 -0.000944806 0.999998271 0.001590549 -2.042805910 -0.003753756 -0.001594085 0.999991655 81.040840149
0.999983788 0.002080905 0.005298659 1.185339212 -0.002091644 0.999995768 0.002022018 -2.058763027 -0.005294429 -0.002033069 0.999983847 81.595626831
0.999966800 0.001395480 0.008029719 1.209857583 -0.001407399 0.999997914 0.001479038 -2.065387487 -0.008027639 -0.001490289 0.999966621 82.143478394
0.999928713 0.000930522 0.011902422 1.230452299 -0.000942853 0.999998987 0.001030474 -2.074329376 -0.011901450 -0.001041622 0.999928594 82.689910889
0.999886990 0.000952065 0.015002462 1.247864604 -0.000975885 0.999998212 0.001580617 -2.091305256 -0.015000931 -0.001595079 0.999886155 83.210296631
0.999828756 0.000512926 0.018498441 1.279717326 -0.000535822 0.999999046 0.001232824 -2.103299379 -0.018497791 -0.001242525 0.999828041 83.761161804
0.999686182 0.000701137 0.025040403 1.299190998 -0.000733016 0.999998868 0.001263946 -2.112598658 -0.025039494 -0.001281905 0.999685645 84.300712585
0.999519467 0.000607175 0.030989340 1.328592539 -0.000639154 0.999999225 0.001022029 -2.123848200 -0.030988699 -0.001041345 0.999519169 84.852539062
0.999325335 0.000422039 0.036724497 1.363473892 -0.000466574 0.999999106 0.001204076 -2.140165806 -0.036723956 -0.001220398 0.999324620 85.391250610
0.998988628 0.000544026 0.044961102 1.412657976 -0.000601257 0.999999046 0.001259379 -2.157065392 -0.044960372 -0.001285138 0.998987973 85.940208435
0.998572528 0.000101268 0.053412963 1.447390079 -0.000151253 0.999999583 0.000931791 -2.163402796 -0.053412843 -0.000938540 0.998571992 86.507469177
0.998195887 -0.000448100 0.060041010 1.500351429 0.000392618 0.999999464 0.000935862 -2.172288418 -0.060041402 -0.000910600 0.998195410 87.060050964
0.997579038 -0.000259751 0.069541536 1.551685333 0.000210947 0.999999702 0.000709132 -2.184730530 -0.069541715 -0.000692746 0.997578800 87.623970032
0.996893406 -0.000780372 0.078758664 1.625935555 0.000661634 0.999998510 0.001533701 -2.203178167 -0.078759760 -0.001476827 0.996892571 88.149559021
0.996113896 -0.000797255 0.088071220 1.694504261 0.000730915 0.999999344 0.000785511 -2.208456516 -0.088071793 -0.000718086 0.996113896 88.728797913
0.995431125 -0.000706049 0.095479533 1.753462315 0.000678301 0.999999702 0.000323091 -2.221886158 -0.095479734 -0.000256851 0.995431364 89.277633667
0.994410098 -0.000723618 0.105583742 1.834138393 0.000696561 0.999999702 0.000293137 -2.234190702 -0.105583921 -0.000217953 0.994410396 89.822196960
0.993234754 -0.000946054 0.116120860 1.918355942 0.000914911 0.999999523 0.000321501 -2.242290735 -0.116121128 -0.000213086 0.993234992 90.349761963
0.992093205 -0.001395843 0.125495300 2.007373810 0.001368830 0.999998987 0.000301482 -2.255413532 -0.125495598 -0.000127316 0.992094159 90.902572632
0.990577757 -0.001699875 0.136941001 2.106179237 0.001699430 0.999998510 0.000120164 -2.267316580 -0.136941016 0.000113690 0.990579247 91.448997498
0.988786519 -0.001530222 0.149327785 2.205447197 0.001473080 0.999998808 0.000493266 -2.285522223 -0.149328321 -0.000267763 0.988787651 91.964057922
0.987170577 -0.001848143 0.159658551 2.318730354 0.001797050 0.999998331 0.000464397 -2.299248934 -0.159659147 -0.000171525 0.987172186 92.512443542
0.985407054 -0.002120192 0.170201510 2.434382439 0.002100950 0.999997735 0.000293156 -2.313327551 -0.170201749 0.000068707 0.985409260 93.055183411
0.983001113 -0.002129579 0.183587253 2.540365219 0.002018495 0.999997616 0.000791952 -2.330816269 -0.183588535 -0.000407920 0.983003199 93.576553345
0.980619609 -0.002940761 0.195899665 2.672019958 0.002874281 0.999995708 0.000623652 -2.344410658 -0.195900664 -0.000048495 0.980623662 94.103401184
0.978566527 -0.002743577 0.205912799 2.795934677 0.002613954 0.999996185 0.000901540 -2.360125542 -0.205914497 -0.000343970 0.978569925 94.640098572
0.975628972 -0.002434378 0.219413295 2.929286957 0.002317534 0.999997020 0.000789911 -2.364705324 -0.219414562 -0.000262162 0.975631654 95.175582886
0.972547472 -0.002891123 0.232686564 3.078960419 0.002841698 0.999995828 0.000547622 -2.376480341 -0.232687145 0.000128637 0.972551525 95.709304810
0.969898045 -0.003457404 0.243486583 3.232622147 0.003375846 0.999994099 0.000752221 -2.392595053 -0.243487731 0.000092396 0.969903886 96.225425720
0.967020869 -0.003881809 0.254667521 3.390611649 0.003827735 0.999992549 0.000707899 -2.402615547 -0.254668325 0.000290247 0.967028439 96.740463257
0.963378668 -0.003774967 0.268118054 3.561992645 0.003645697 0.999992907 0.000979990 -2.421635628 -0.268119842 0.000033375 0.963385582 97.257873535
0.959780991 -0.004174578 0.280718327 3.733367920 0.004108520 0.999991298 0.000823818 -2.432245255 -0.280719310 0.000362652 0.959789872 97.794837952
0.956365883 -0.004636240 0.292134881 3.907590866 0.004611610 0.999989092 0.000772940 -2.439857006 -0.292135268 0.000607999 0.956376791 98.308921814
0.951773405 -0.003950197 0.306776375 4.097492218 0.003934020 0.999992073 0.000671077 -2.449745655 -0.306776613 0.000568151 0.951781392 98.845153809
0.947414756 -0.004984877 0.319969356 4.295810699 0.004783455 0.999987543 0.001415444 -2.470395803 -0.319972485 0.000189546 0.947426856 99.332977295
0.943305433 -0.005030064 0.331887871 4.498157501 0.004992832 0.999987066 0.000964884 -2.478497982 -0.331888467 0.000746880 0.943318427 99.859893799
0.938581407 -0.004846983 0.345023721 4.707950592 0.004766672 0.999988019 0.001081127 -2.498344660 -0.345024854 0.000629889 0.938593388 100.374580383
0.933280468 -0.005341513 0.359108657 4.911844254 0.005087072 0.999985695 0.001653460 -2.512495041 -0.359112382 0.000283669 0.933294237 100.870635986
0.928512216 -0.005866775 0.371255428 5.142202377 0.005484096 0.999982774 0.002086498 -2.529388189 -0.371261239 0.000098661 0.928528428 101.370185852
0.923461139 -0.005401389 0.383653641 5.359714508 0.005083431 0.999985337 0.001842701 -2.542596102 -0.383658051 0.000248614 0.923475146 101.885597229
0.917776763 -0.006146268 0.397049248 5.610378265 0.005772231 0.999980986 0.002137096 -2.554275990 -0.397054851 0.000330483 0.917794764 102.368026733
0.911957622 -0.006544015 0.410232127 5.847866058 0.006340383 0.999978185 0.001856779 -2.557159185 -0.410235226 0.000907725 0.911979258 102.871414185
0.906988263 -0.006668821 0.421103001 6.098022461 0.006337068 0.999977529 0.002187168 -2.574142694 -0.421108097 0.000684823 0.907010198 103.351173401
0.901342511 -0.007139036 0.433048368 6.361400604 0.006945275 0.999973774 0.002029284 -2.588932276 -0.433051467 0.001178560 0.901368439 103.845443726
0.894485652 -0.007077876 0.447040647 6.613525391 0.006992633 0.999973834 0.001840730 -2.587834358 -0.447041929 0.001479484 0.894511759 104.353836060
0.888559043 -0.006885629 0.458710760 6.885105133 0.006894269 0.999974847 0.001655708 -2.600258589 -0.458710670 0.001691282 0.888584077 104.834640503
0.882648170 -0.007797895 0.469969541 7.178256989 0.007637960 0.999968290 0.002246991 -2.611504078 -0.469972104 0.001606306 0.882679760 105.330856323
0.874830306 -0.007822944 0.484366298 7.423728943 0.007552586 0.999968290 0.002509393 -2.632214546 -0.484370589 0.001462925 0.874861717 105.764083862
0.867757380 -0.007839679 0.496926069 7.713706970 0.007633333 0.999967813 0.002446128 -2.644099712 -0.496929288 0.001670557 0.867789447 106.220787048
