1.000000000 0.000000000 0.000000000 0.000000000 0.000000000 1.000000000 0.000000000 0.000000000 0.000000000 0.000000000 1.000000000 0.000000000
1.000000000 0.000018694 0.000032064 0.000316368 -0.000018698 1.000000000 0.000118405 -0.000717676 -0.000032062 -0.000118406 1.000000000 -0.000349159
1.000000000 0.000067245 -0.000117232 0.001027864 -0.000067238 1.000000000 0.000054806 -0.000653527 0.000117236 -0.000054798 1.000000000 -0.000794257
1.000000000 0.000016663 -0.000030121 0.000027962 -0.000016662 1.000000000 0.000043992 -0.000513222 0.000030122 -0.000043992 1.000000000 0.000352952
1.000000000 0.000094823 -0.000026660 -0.000481175 -0.000094823 1.000000000 0.000007151 -0.000086762 0.000026661 -0.000007148 1.000000000 -0.000495184
1.000000000 0.000076083 -0.000073572 -0.000178064 -0.000076085 1.000000000 -0.000032786 -0.000094416 0.000073569 0.000032791 1.000000000 -0.000409391
1.000000000 0.000072560 -0.000101207 0.000772462 -0.000072563 1.000000000 -0.000030518 -0.000533097 0.000101204 0.000030526 1.000000000 -0.001360727
1.000000000 -0.000024034 -0.000071337 0.001008931 0.000024029 1.000000000 -0.000069799 0.000375018 0.000071339 0.000069797 1.000000000 -0.000289561
1.000000000 -0.000110965 0.000066463 0.000554662 0.000110966 1.000000000 -0.000004346 -0.000688911 -0.000066462 0.000004353 1.000000000 -0.002083959
1.000000000 -0.000192875 -0.000055347 0.001013574 0.000192869 1.000000000 -0.000105125 0.001571666 0.000055367 0.000105115 1.000000000 0.002443849
1.000000000 -0.000130174 -0.000045464 0.000473850 0.000130173 1.000000000 -0.000009366 -0.000056812 0.000045466 0.000009360 1.000000000 0.001627414
1.000000000 -0.000042915 0.000070032 -0.000642386 0.000042925 1.000000000 -0.000150581 0.001852185 -0.000070025 0.000150584 1.000000000 0.002839704
1.000000000 -0.000129882 0.000006670 -0.000571277 0.000129882 1.000000000 0.000075253 0.000204574 -0.000006679 -0.000075253 1.000000000 0.001726606
1.000000000 -0.000083297 0.000013403 -0.000318688 0.000083296 1.000000000 0.000099442 0.000016355 -0.000013411 -0.000099441 1.000000000 0.001383356
0.999999940 -0.000207409 -0.000132508 0.001232675 0.000207418 1.000000000 0.000067814 -0.000465827 0.000132493 -0.000067842 1.000000000 0.000253615
1.000000000 -0.000073354 -0.000028254 -0.000297668 0.000073355 1.000000000 0.000020207 -0.000470654 0.000028252 -0.000020209 1.000000000 -0.000471226
1.000000000 0.000166902 0.000111972 -0.001561995 -0.000166909 1.000000000 0.000064697 -0.000055500 -0.000111961 -0.000064715 1.000000000 0.001135674
1.000000000 -0.000058468 -0.000186441 0.000692691 0.000058451 1.000000000 -0.000089348 0.000568019 0.000186446 0.000089337 1.000000000 0.000441695
1.000000000 -0.000200322 -0.000015954 0.000300390 0.000200322 1.000000000 0.000008030 -0.000287021 0.000015952 -0.000008033 1.000000000 0.000695080
1.000000000 0.000007572 0.000127196 -0.000405763 -0.000007572 1.000000000 0.000002152 -0.000047181 -0.000127196 -0.000002153 1.000000000 0.001150493
1.000000000 0.000007406 0.000016190 -0.000837622 -0.000007404 1.000000000 -0.000113193 0.000910286 -0.000016191 0.000113193 1.000000000 0.001761937
1.000000000 -0.000083883 -0.000051248 0.000030084 0.000083882 1.000000000 -0.000014447 0.000659235 0.000051249 0.000014442 1.000000000 0.000424844
1.000000000 -0.000049514 -0.000009284 0.000760781 0.000049514 1.000000000 0.000056247 0.000126870 0.000009281 -0.000056247 1.000000000 0.001911630
1.000000000 0.000055803 0.000164598 -0.000758923 -0.000055809 1.000000000 0.000035636 0.000693830 -0.000164596 -0.000035646 1.000000000 0.000241991
1.000000000 -0.000154899 -0.000083111 0.000719097 0.000154900 1.000000000 0.000010711 -0.000018944 0.000083109 -0.000010724 1.000000000 0.000386416
1.000000000 -0.000001221 -0.000001567 -0.000370337 0.000001221 1.000000000 -0.000141845 0.001088005 0.000001567 0.000141845 1.000000000 0.000209064
1.000000000 0.000041973 0.000063378 -0.000553634 -0.000041966 1.000000000 -0.000102137 -0.000358684 -0.000063382 0.000102135 1.000000000 -0.001471045
1.000000000 0.000068880 -0.000032413 -0.000223710 -0.000068883 1.000000000 -0.000072086 0.000423410 0.000032408 0.000072088 1.000000000 0.000519071
1.000000000 -0.000014391 -0.000011406 -0.001163549 0.000014391 1.000000000 0.000001873 0.001440856 0.000011406 -0.000001873 1.000000000 0.002754917
1.000000000 0.000053941 0.000175493 -0.001755207 -0.000053933 1.000000000 -0.000045997 0.001252489 -0.000175496 0.000045988 1.000000000 0.001911558
1.000000000 -0.000103681 -0.000037444 0.000220204 0.000103681 1.000000000 0.000010435 0.000355199 0.000037443 -0.000010439 1.000000000 -0.000288634
1.000000000 0.000052378 0.000071526 -0.001671022 -0.000052378 1.000000000 0.000000643 0.000628801 -0.000071526 -0.000000647 1.000000000 0.002043910
1.000000000 0.000014539 0.000107133 -0.001265825 -0.000014529 1.000000000 -0.000088803 0.000782420 -0.000107134 0.000088801 1.000000000 0.002519621
1.000000000 -0.000076788 0.000040062 -0.000782102 0.000076790 1.000000000 -0.000032302 0.001135845 -0.000040060 0.000032305 1.000000000 0.001882389
1.000000000 -0.000052755 0.000126964 -0.001466119 0.000052765 1.000000000 -0.000079247 0.002197220 -0.000126959 0.000079254 1.000000000 0.003776340
1.000000000 0.000105660 0.000165698 -0.002411945 -0.000105645 1.000000000 -0.000091656 0.002743272 -0.000165708 0.000091638 1.000000000 0.003509446
1.000000000 -0.000202211 0.000036847 -0.000752954 0.000202209 1.000000000 0.000041394 0.000750894 -0.000036856 -0.000041387 1.000000000 0.002001663
1.000000000 -0.000026174 0.000072742 -0.001206417 0.000026170 1.000000000 0.000050717 0.000920295 -0.000072743 -0.000050715 1.000000000 0.001674472
1.000000000 -0.000160693 0.000000967 -0.000412144 0.000160693 1.000000000 -0.000035265 0.001332533 -0.000000962 0.000035265 1.000000000 0.001999083
0.999999940 -0.000018903 0.000264857 -0.001930057 0.000018899 1.000000000 0.000014460 -0.000320768 -0.000264857 -0.000014455 0.999999940 0.002160851
0.999999940 -0.000086252 0.000332361 -0.001606309 0.000086483 0.999999762 -0.000694786 -0.001580478 -0.000332301 0.000694815 0.999999702 0.052690417
0.999999940 0.000201722 0.000205142 -0.000074501 -0.000201454 0.999999106 -0.001305817 -0.004434009 -0.000205406 0.001305776 0.999999106 0.134517595
0.999999881 0.000508728 0.000015622 0.003197087 -0.000508703 0.999998689 -0.001521418 -0.003845285 -0.000016396 0.001521410 0.999998868 0.254669458
0.999999940 0.000315581 0.000075729 0.004328248 -0.000315490 0.999999225 -0.001190202 -0.013726724 -0.000076105 0.001190178 0.999999285 0.382643700
0.999999940 0.000331334 0.000099152 0.007525120 -0.000331226 0.999999344 -0.001085624 -0.016636731 -0.000099511 0.001085591 0.999999404 0.527194917
0.999999940 0.000280286 0.000053849 0.013435861 -0.000280225 0.999999344 -0.001131850 -0.019235089 -0.000054167 0.001131835 0.999999344 0.681626856
1.000000000 0.000056840 0.000192869 0.016316984 -0.000056629 0.999999404 -0.001090960 -0.020049619 -0.000192930 0.001090950 0.999999404 0.853032470
0.999999881 0.000397039 0.000234001 0.015183862 -0.000396871 0.999999642 -0.000720290 -0.027357141 -0.000234287 0.000720197 0.999999702 1.017977834
0.999999940 0.000018904 0.000251078 0.017942896 -0.000018831 0.999999940 -0.000290121 -0.034435544 -0.000251084 0.000290116 0.999999940 1.190220356
0.999999881 0.000471976 0.000266490 0.018340005 -0.000471800 0.999999642 -0.000659147 -0.034951005 -0.000266801 0.000659021 0.999999762 1.377083659
0.999999881 0.000492830 0.000006280 0.027191184 -0.000492827 0.999999762 -0.000538674 -0.042904239 -0.000006545 0.000538670 0.999999881 1.584898233
0.999999106 0.001065743 0.000802914 0.023672646 -0.001065398 0.999999344 -0.000430818 -0.046757150 -0.000803372 0.000429962 0.999999583 1.769287109
0.999999940 0.000297040 -0.000092902 0.043366782 -0.000297103 0.999999702 -0.000676606 -0.046835277 0.000092701 0.000676634 0.999999762 1.964837909
0.999999344 0.000705541 0.000879568 0.030250974 -0.000704868 0.999999464 -0.000765152 -0.052063271 -0.000880108 0.000764531 0.999999344 2.185385466
0.999998987 0.000921138 0.001104225 0.029813595 -0.000920544 0.999999404 -0.000537901 -0.067067370 -0.001104719 0.000536884 0.999999225 2.383801460
0.999998212 0.001850667 0.000021632 0.056337837 -0.001850666 0.999998212 -0.000085270 -0.077842772 -0.000021790 0.000085230 1.000000000 2.604039907
0.999999106 0.001314628 0.000285173 0.062598519 -0.001314724 0.999999046 0.000336524 -0.091014139 -0.000284731 -0.000336899 0.999999940 2.823359966
0.999998093 0.001961460 0.000005838 0.067141995 -0.001961460 0.999998093 0.000013562 -0.093616314 -0.000005812 -0.000013574 1.000000000 3.060583591
0.999998510 0.001725089 -0.000113633 0.075960338 -0.001725122 0.999998510 -0.000291312 -0.097351149 0.000113131 0.000291508 0.999999940 3.297945261
0.999999166 0.001334158 -0.000026036 0.081082582 -0.001334153 0.999999166 0.000193991 -0.110716201 0.000026295 -0.000193956 1.000000000 3.533582211
0.999998689 0.001616488 -0.000042672 0.085085504 -0.001616489 0.999998808 -0.000035476 -0.111383595 0.000042614 0.000035545 1.000000000 3.804300308
0.999998331 0.001831975 0.000050835 0.086542271 -0.001831960 0.999998331 -0.000291172 -0.114446253 -0.000051369 0.000291078 1.000000000 4.064825535
0.999997973 0.001991990 0.000178469 0.090344533 -0.001992043 0.999997973 0.000293511 -0.126917407 -0.000177884 -0.000293866 0.999999940 4.316313744
0.999998510 0.001709164 0.000274936 0.096286610 -0.001709189 0.999998510 0.000093919 -0.127245486 -0.000274775 -0.000094389 0.999999940 4.567816734
0.999997318 0.002282566 0.000104820 0.106629223 -0.002282544 0.999997377 -0.000204778 -0.133068755 -0.000105287 0.000204538 1.000000000 4.845703125
0.999997616 0.002146285 0.000130530 0.109337695 -0.002146239 0.999997675 -0.000349894 -0.136418581 -0.000131281 0.000349613 0.999999940 5.111237049
0.999996424 0.002654938 0.000377611 0.113687664 -0.002654733 0.999996364 -0.000541132 -0.147380322 -0.000379046 0.000540127 0.999999821 5.370164394
0.999996960 0.002439078 0.000321688 0.124235168 -0.002439010 0.999997020 -0.000208865 -0.153751552 -0.000322196 0.000208080 1.000000000 5.628278255
0.999997497 0.002090110 0.000770781 0.115513444 -0.002090244 0.999997795 0.000172971 -0.166969210 -0.000770418 -0.000174582 0.999999702 5.891084671
0.999997973 0.001873236 0.000768328 0.122755766 -0.001873495 0.999998212 0.000336480 -0.177385747 -0.000767696 -0.000337919 0.999999702 6.168483257
0.999996603 0.002407739 0.001006125 0.126381710 -0.002408325 0.999996901 0.000581814 -0.185327634 -0.001004721 -0.000584235 0.999999344 6.449275970
0.999997079 0.002201293 0.001039261 0.135503769 -0.002201731 0.999997437 0.000419650 -0.197433949 -0.001038334 -0.000421937 0.999999404 6.726636887
0.999997258 0.002182138 0.000871384 0.139144689 -0.002182229 0.999997616 0.000103160 -0.203031152 -0.000871157 -0.000105061 0.999999642 7.025175571
0.999997973 0.001744875 0.000988342 0.143226326 -0.001744589 0.999998450 -0.000290567 -0.205084398 -0.000988848 0.000288842 0.999999523 7.324765205
0.999997377 0.002068463 0.001037110 0.155474618 -0.002068263 0.999997854 -0.000194306 -0.218917131 -0.001037509 0.000192160 0.999999404 7.631129742
0.999996960 0.002281861 0.000970885 0.165238187 -0.002282363 0.999997199 0.000516107 -0.237846375 -0.000969704 -0.000518321 0.999999404 7.931300163
0.999997497 0.002035393 0.000953231 0.159005955 -0.002035497 0.999997914 0.000107868 -0.235244706 -0.000953009 -0.000109809 0.999999464 8.275206566
0.999996662 0.002344758 0.001081210 0.168761209 -0.002345235 0.999997079 0.000439703 -0.252648056 -0.001080175 -0.000442237 0.999999285 8.590850830
0.999997795 0.001568121 0.001425173 0.181963950 -0.001569228 0.999998510 0.000776136 -0.263598323 -0.001423954 -0.000778370 0.999998629 8.921579361
0.999997020 0.002059171 0.001315944 0.181730166 -0.002059845 0.999997675 0.000510719 -0.272411913 -0.001314889 -0.000513428 0.999998927 9.270448685
0.999996781 0.002269566 0.001127489 0.188075393 -0.002270217 0.999997258 0.000576814 -0.283048660 -0.001126177 -0.000579372 0.999999225 9.609811783
0.999998212 0.001751701 0.000690425 0.202564508 -0.001751944 0.999998391 0.000351907 -0.290575504 -0.000689807 -0.000353116 0.999999702 9.956958771
0.999996901 0.002219533 0.001153384 0.207912490 -0.002220090 0.999997437 0.000482442 -0.302648515 -0.001152310 -0.000485001 0.999999166 10.314479828
0.999997556 0.001950590 0.001060897 0.210489318 -0.001951054 0.999997914 0.000436321 -0.312826723 -0.001060044 -0.000438390 0.999999285 10.677087784
0.999997854 0.001719473 0.001195927 0.217111304 -0.001719931 0.999998391 0.000382121 -0.320194751 -0.001195268 -0.000384177 0.999999166 11.051537514
0.999998152 0.001541957 0.001161034 0.228457481 -0.001542403 0.999998629 0.000383463 -0.333424926 -0.001160441 -0.000385253 0.999999285 11.419720650
0.999997795 0.001730132 0.001282624 0.230202243 -0.001730861 0.999998331 0.000566521 -0.341863245 -0.001281642 -0.000568740 0.999999046 11.800943375
0.999997854 0.001566656 0.001396043 0.241088420 -0.001567822 0.999998391 0.000834047 -0.357007802 -0.001394734 -0.000836233 0.999998748 12.181605339
0.999997377 0.001837791 0.001357501 0.251564771 -0.001838374 0.999998152 0.000428022 -0.364876091 -0.001356711 -0.000430516 0.999998987 12.573856354
0.999995172 0.002649224 0.001613527 0.256150991 -0.002650126 0.999996364 0.000557248 -0.375396192 -0.001612045 -0.000561521 0.999998569 12.975208282
0.999996185 0.002365596 0.001428430 0.267160296 -0.002366275 0.999997079 0.000473599 -0.387222469 -0.001427306 -0.000476978 0.999998868 13.376559258
0.999995291 0.002318914 0.002007092 0.273536235 -0.002319989 0.999997139 0.000533407 -0.394228876 -0.002005849 -0.000538061 0.999997854 13.793428421
0.999995887 0.002062779 0.001970976 0.280127347 -0.002063997 0.999997675 0.000615860 -0.406822652 -0.001969700 -0.000619926 0.999997854 14.201935768
0.999995053 0.002299196 0.002169183 0.292760909 -0.002299959 0.999997377 0.000349201 -0.418013334 -0.002168374 -0.000354188 0.999997616 14.620967865
0.999995947 0.002090836 0.001937997 0.306567311 -0.002092562 0.999997437 0.000889242 -0.434491664 -0.001936133 -0.000893294 0.999997735 15.053539276
0.999995232 0.002059093 0.002311674 0.317260355 -0.002060556 0.999997675 0.000630308 -0.444195092 -0.002310371 -0.000635068 0.999997139 15.489134789
0.999994397 0.002134173 0.002589246 0.327678204 -0.002135667 0.999997497 0.000574142 -0.456237972 -0.002588015 -0.000579669 0.999996483 15.927236557
0.999994397 0.001835081 0.002768487 0.337792873 -0.001836738 0.999998152 0.000596214 -0.468910635 -0.002767389 -0.000601296 0.999996006 16.372478485
0.999993026 0.002096856 0.003091466 0.345878214 -0.002098223 0.999997675 0.000439051 -0.481274873 -0.003090538 -0.000445535 0.999995112 16.820936203
0.999991715 0.002275124 0.003376544 0.356003463 -0.002277374 0.999997199 0.000662555 -0.494335353 -0.003375028 -0.000670239 0.999994099 17.277460098
0.999991000 0.002164872 0.003635587 0.365883678 -0.002167960 0.999997437 0.000845662 -0.507167757 -0.003633747 -0.000853536 0.999993026 17.741682053
0.999988556 0.002400203 0.004148134 0.373003036 -0.002401908 0.999997079 0.000406147 -0.516459346 -0.004147147 -0.000416106 0.999991298 18.208904266
0.999993145 0.001383434 0.003408459 0.406818897 -0.001386872 0.999998569 0.001006712 -0.531965256 -0.003407061 -0.001011433 0.999993682 18.651510239
0.999988317 0.002396873 0.004203863 0.400897354 -0.002400493 0.999996722 0.000856219 -0.547036469 -0.004201797 -0.000866300 0.999990761 19.143733978
0.999989152 0.002075955 0.004176714 0.420716226 -0.002078190 0.999997735 0.000530934 -0.559635282 -0.004175602 -0.000539608 0.999991179 19.614063263
0.999990702 0.001643479 0.003992999 0.433200210 -0.001646774 0.999998331 0.000822078 -0.574195743 -0.003991641 -0.000828645 0.999991715 20.098051071
0.999988377 0.002403439 0.004158836 0.437254965 -0.002406555 0.999996781 0.000744433 -0.585007846 -0.004157033 -0.000754433 0.999991059 20.603311539
0.999984860 0.003118146 0.004537892 0.444233477 -0.003120905 0.999994993 0.000601034 -0.595554352 -0.004535996 -0.000615187 0.999989510 21.097070694
0.999987423 0.002855648 0.004103436 0.452336907 -0.002856369 0.999995887 0.000169889 -0.598796487 -0.004102934 -0.000181608 0.999991596 21.612977982
0.999991894 0.002607116 0.003077980 0.466521651 -0.002608866 0.999996424 0.000564517 -0.617424667 -0.003076497 -0.000572543 0.999995112 22.104574203
0.999994218 0.002559201 0.002243834 0.483395725 -0.002560256 0.999996603 0.000467649 -0.627844632 -0.002242629 -0.000473391 0.999997437 22.616899490
0.999992430 0.003012533 0.002455333 0.483054191 -0.003013105 0.999995410 0.000229214 -0.643135726 -0.002454632 -0.000236610 0.999996960 23.139801025
0.999994814 0.002660459 0.001844364 0.489817560 -0.002660653 0.999996424 0.000102671 -0.656751812 -0.001844085 -0.000107578 0.999998331 23.671081543
0.999998152 0.001718703 0.000844303 0.507049680 -0.001718714 0.999998510 0.000012553 -0.674825311 -0.000844280 -0.000014004 0.999999642 24.183444977
0.999996603 0.002550602 0.000363127 0.512470543 -0.002550631 0.999996722 0.000078524 -0.687565088 -0.000362925 -0.000079450 0.999999881 24.722080231
0.999994934 0.003087304 -0.000677833 0.529702485 -0.003087064 0.999995172 0.000355303 -0.704392314 0.000678926 -0.000353209 0.999999702 25.264505386
0.999994874 0.003061927 -0.000913859 0.540415525 -0.003061440 0.999995172 0.000533934 -0.719483912 0.000915490 -0.000531133 0.999999404 25.804384232
0.999995232 0.002543784 -0.001713169 0.552314937 -0.002542774 0.999996603 0.000591922 -0.735454977 0.001714668 -0.000587563 0.999998391 26.368812561
0.999995589 0.001983945 -0.002209609 0.558106899 -0.001981809 0.999997556 0.000968713 -0.750861466 0.002211525 -0.000964330 0.999997079 26.908281326
0.999995470 0.002198021 -0.002080137 0.567450225 -0.002195413 0.999996841 0.001255383 -0.773620963 0.002082889 -0.001250810 0.999997079 27.451837540
0.999990761 0.003058385 -0.003020454 0.583091974 -0.003054356 0.999994397 0.001337841 -0.796471000 0.003024530 -0.001328603 0.999994576 27.993738174
0.999990642 0.002941104 -0.003174840 0.579970777 -0.002937243 0.999994934 0.001219990 -0.802585661 0.003178412 -0.001210653 0.999994218 28.563072205
0.999990523 0.002526424 -0.003558084 0.588569283 -0.002523651 0.999996483 0.000783671 -0.813824773 0.003560052 -0.000774684 0.999993384 29.107236862
0.999989152 0.002953692 -0.003594717 0.596250892 -0.002950073 0.999995112 0.001011768 -0.827819347 0.003597688 -0.001001152 0.999993026 29.665372849
0.999986887 0.002883119 -0.004236924 0.604551017 -0.002877769 0.999995053 0.001268074 -0.843015492 0.004240559 -0.001255864 0.999990165 30.195743561
0.999985337 0.003116054 -0.004453822 0.617684543 -0.003110450 0.999994338 0.001264510 -0.862002313 0.004457737 -0.001250638 0.999989271 30.735704422
0.999982297 0.003542084 -0.004781788 0.621183336 -0.003536581 0.999993086 0.001158905 -0.874031425 0.004785860 -0.001141973 0.999987900 31.289772034
0.999981582 0.003401831 -0.005028464 0.631035209 -0.003395766 0.999993503 0.001214139 -0.887303829 0.005032560 -0.001197041 0.999986589 31.839616776
0.999979734 0.003510299 -0.005314912 0.642137051 -0.003503278 0.999992967 0.001329624 -0.904255033 0.005319541 -0.001310978 0.999984980 32.386810303
0.999981046 0.003416984 -0.005124947 0.643896818 -0.003409680 0.999993086 0.001433331 -0.917234778 0.005129809 -0.001415830 0.999985814 32.928707123
0.999975443 0.003394661 -0.006124263 0.658124924 -0.003386569 0.999993324 0.001331245 -0.934846878 0.006128741 -0.001310472 0.999980390 33.470558167
0.999977052 0.003701643 -0.005672457 0.659003973 -0.003694579 0.999992371 0.001255194 -0.946088910 0.005677061 -0.001234208 0.999983132 34.029346466
0.999975324 0.003176347 -0.006272131 0.669244885 -0.003169612 0.999994397 0.001083258 -0.962227166 0.006275536 -0.001063351 0.999979794 34.570335388
0.999975622 0.003587752 -0.005978030 0.674124539 -0.003581078 0.999992967 0.001126781 -0.975316286 0.005982030 -0.001105345 0.999981523 35.106670380
0.999976516 0.003896626 -0.005633508 0.679023206 -0.003888926 0.999991536 0.001377303 -0.990466654 0.005638828 -0.001355362 0.999983191 35.654888153
0.999976993 0.004273819 -0.005274267 0.683881700 -0.004267079 0.999990106 0.001288482 -1.007889152 0.005279721 -0.001265946 0.999985337 36.193618774
0.999970019 0.004143506 -0.006541576 0.697695255 -0.004137764 0.999991059 0.000891094 -1.014369249 0.006545210 -0.000864000 0.999978185 36.727649689
0.999969840 0.004230553 -0.006515859 0.707151711 -0.004225674 0.999990821 0.000762395 -1.027877688 0.006519023 -0.000734838 0.999978483 37.272674561
0.999970555 0.004008644 -0.006559368 0.709002733 -0.004003187 0.999991655 0.000844936 -1.044219732 0.006562702 -0.000818652 0.999978065 37.822193146
0.999972641 0.003561348 -0.006486879 0.714178443 -0.003558398 0.999993563 0.000466329 -1.057316303 0.006488498 -0.000443234 0.999978781 38.373836517
0.999968350 0.004659539 -0.006438902 0.719985545 -0.004654802 0.999988914 0.000750392 -1.072744250 0.006442327 -0.000720397 0.999978960 38.926498413
0.999966621 0.004162396 -0.007030575 0.728033900 -0.004155945 0.999990940 0.000931938 -1.091107130 0.007034392 -0.000902689 0.999974787 39.457275391
0.999965906 0.004585634 -0.006864371 0.736623406 -0.004578704 0.999989092 0.001025035 -1.107083917 0.006868996 -0.000993570 0.999975860 40.005470276
0.999964058 0.004059662 -0.007432396 0.753737330 -0.004049472 0.999990821 0.001385591 -1.127458334 0.007437952 -0.001355444 0.999971390 40.556240082
0.999959290 0.003938056 -0.008118187 0.767947853 -0.003929117 0.999991655 0.001116832 -1.141480327 0.008122518 -0.001084889 0.999966443 41.090618134
0.999957681 0.004425903 -0.008067404 0.776139140 -0.004416119 0.999989510 0.001230163 -1.153723001 0.008072765 -0.001194484 0.999966681 41.642036438
0.999954760 0.004272114 -0.008497863 0.794729590 -0.004261306 0.999990046 0.001289723 -1.175503492 0.008503289 -0.001253453 0.999963105 42.176662445
0.999956369 0.004714783 -0.008064313 0.783918858 -0.004705725 0.999988258 0.001141946 -1.179550529 0.008069603 -0.001103948 0.999966860 42.725158691
0.999954283 0.004928208 -0.008195970 0.793794990 -0.004916279 0.999986768 0.001475017 -1.196922541 0.008203132 -0.001434655 0.999965370 43.259922028
0.999951303 0.005278973 -0.008337511 0.804167390 -0.005270435 0.999985516 0.001045842 -1.208672523 0.008342912 -0.001001849 0.999964714 43.808853149
0.999956012 0.004690963 -0.008118432 0.799950838 -0.004676891 0.999987543 0.001751435 -1.229317188 0.008126546 -0.001713389 0.999965489 44.346271515
0.999955893 0.005011628 -0.007946918 0.807027817 -0.005004012 0.999987006 0.000977943 -1.236168623 0.007951716 -0.000938133 0.999967933 44.896862030
0.999954522 0.005417997 -0.007850902 0.818272948 -0.005407182 0.999984443 0.001398059 -1.250469089 0.007858355 -0.001355544 0.999968171 45.427513123
0.999956310 0.004805600 -0.008018514 0.819989324 -0.004790663 0.999986887 0.001880933 -1.274678230 0.008027447 -0.001842437 0.999966085 45.976493835
0.999954641 0.004380452 -0.008461758 0.833607912 -0.004369912 0.999989688 0.001263753 -1.286584020 0.008467207 -0.001226718 0.999963403 46.517971039
0.999952793 0.004845098 -0.008429019 0.843891501 -0.004829084 0.999986529 0.001919124 -1.310618997 0.008438204 -0.001878329 0.999962628 47.042098999
0.999954998 0.004462392 -0.008374288 0.833568394 -0.004449386 0.999988854 0.001571213 -1.312420845 0.008381206 -0.001533882 0.999963701 47.596351624
0.999952376 0.005325698 -0.008179879 0.834551573 -0.005311310 0.999984264 0.001779624 -1.328315377 0.008189228 -0.001736093 0.999965012 48.142490387
0.999948919 0.004179572 -0.009207408 0.865973949 -0.004162211 0.999989510 0.001903822 -1.346713066 0.009215268 -0.001865402 0.999955773 48.661766052
0.999957561 0.004396563 -0.008093363 0.843490243 -0.004383962 0.999989152 0.001574037 -1.352699995 0.008100196 -0.001538489 0.999965966 49.221828461
0.999954939 0.004706657 -0.008241832 0.858079195 -0.004696129 0.999988139 0.001296262 -1.367573977 0.008247835 -0.001257499 0.999965191 49.764659882
0.999957144 0.004609610 -0.008031892 0.863796115 -0.004594029 0.999987543 0.001957209 -1.388160229 0.008040814 -0.001920226 0.999965847 50.307796478
0.999957681 0.004227448 -0.008163766 0.868602574 -0.004215221 0.999989927 0.001514434 -1.400001884 0.008170086 -0.001479958 0.999965549 50.856231689
0.999960840 0.004223006 -0.007777463 0.875985026 -0.004208077 0.999989271 0.001935039 -1.415836096 0.007785552 -0.001902235 0.999967873 51.404315948
0.999953210 0.003788650 -0.008900161 0.901256621 -0.003770111 0.999990702 0.002098978 -1.433920145 0.008908032 -0.002065325 0.999958217 51.933502197
0.999954820 0.003883023 -0.008677969 0.908675194 -0.003869989 0.999991357 0.001518228 -1.448020577 0.008683790 -0.001484576 0.999961197 52.495418549
0.999953568 0.004707514 -0.008409938 0.899443507 -0.004691532 0.999987125 0.001919114 -1.459217072 0.008418865 -0.001879570 0.999962747 53.010677338
0.999953151 0.004608133 -0.008525806 0.906165481 -0.004592817 0.999987781 0.001815154 -1.475081086 0.008534067 -0.001775911 0.999962032 53.551582336
0.999954879 0.005263723 -0.007914165 0.905137658 -0.005250180 0.999984682 0.001731048 -1.491051555 0.007923156 -0.001689419 0.999967217 54.105792999
0.999954283 0.004980813 -0.008153445 0.913068295 -0.004967100 0.999986231 0.001701105 -1.501385093 0.008161805 -0.001660529 0.999965310 54.630065918
0.999955118 0.004902872 -0.008104636 0.913216174 -0.004893441 0.999987304 0.001183229 -1.513539791 0.008110335 -0.001143516 0.999966443 55.179496765
0.999954820 0.004683721 -0.008282994 0.925515652 -0.004671317 0.999988079 0.001516260 -1.529491544 0.008289997 -0.001477500 0.999964535 55.718528748
0.999952376 0.004520268 -0.008649632 0.931921601 -0.004506927 0.999988556 0.001561194 -1.543746710 0.008656591 -0.001522137 0.999961376 56.262355804
0.999956250 0.004653942 -0.008108949 0.937886953 -0.004640848 0.999987841 0.001632874 -1.557584286 0.008116450 -0.001595170 0.999965847 56.798553467
0.999952197 0.005046873 -0.008377980 0.948254585 -0.005034697 0.999986231 0.001473918 -1.570984840 0.008385304 -0.001431667 0.999963820 57.355251312
0.999944925 0.005312998 -0.009051679 0.965993464 -0.005298578 0.999984741 0.001616370 -1.598077536 0.009060128 -0.001568320 0.999957800 57.873851776
0.999946058 0.005331691 -0.008913480 0.987983823 -0.005315562 0.999984205 0.001832150 -1.617427826 0.008923108 -0.001784671 0.999958634 58.382831573
0.999952495 0.005245882 -0.008213032 0.963851213 -0.005237368 0.999985695 0.001057748 -1.611756802 0.008218464 -0.001014683 0.999965727 58.965641022
0.999954641 0.004799165 -0.008225118 0.971412420 -0.004793964 0.999988317 0.000651961 -1.626537681 0.008228151 -0.000612500 0.999966025 59.507526398
0.999952137 0.005075684 -0.008370766 0.979885042 -0.005069941 0.999986947 0.000707111 -1.639391780 0.008374246 -0.000664638 0.999964714 60.058292389
0.999947667 0.005351626 -0.008718923 0.986377537 -0.005345393 0.999985456 0.000738104 -1.649861217 0.008722747 -0.000691459 0.999961674 60.582538605
0.999950409 0.005890399 -0.008026693 0.990024090 -0.005883872 0.999982476 0.000836542 -1.668572068 0.008031478 -0.000789273 0.999967396 61.134693146
0.999945879 0.006149760 -0.008392974 0.996446371 -0.006144119 0.999980867 0.000697816 -1.677412033 0.008397105 -0.000646211 0.999964535 61.678638458
0.999944985 0.005594653 -0.008872383 1.005074024 -0.005590304 0.999984264 0.000514930 -1.693039179 0.008875125 -0.000465303 0.999960423 62.188640594
0.999947309 0.005756362 -0.008503547 1.011064887 -0.005749775 0.999983191 0.000798895 -1.715152740 0.008508002 -0.000749960 0.999963462 62.732086182
0.999948025 0.006004369 -0.008232220 1.013080359 -0.005992468 0.999981046 0.001469646 -1.735756159 0.008240887 -0.001420239 0.999965012 63.272293091
0.999945581 0.005924773 -0.008586927 1.018766522 -0.005920989 0.999982357 0.000466072 -1.736139417 0.008589537 -0.000415204 0.999963045 63.812694550
0.999948561 0.005909987 -0.008242434 1.017214417 -0.005904991 0.999982357 0.000630467 -1.751935482 0.008246015 -0.000581763 0.999965847 64.360168457
0.999942899 0.006249577 -0.008674845 1.029672146 -0.006242651 0.999980152 0.000825339 -1.762716293 0.008679830 -0.000771138 0.999962091 64.884529114
0.999947488 0.006322051 -0.008063834 1.021449566 -0.006317838 0.999979913 0.000547862 -1.773328662 0.008067135 -0.000496887 0.999967396 65.425086975
0.999945402 0.005735695 -0.008732754 1.046737432 -0.005733675 0.999983549 0.000256457 -1.788514614 0.008734082 -0.000206373 0.999961793 65.962341309
0.999946237 0.006077422 -0.008398980 1.046593428 -0.006081551 0.999981463 -0.000466094 -1.796359181 0.008395989 0.000517147 0.999964595 66.515098572
0.999944448 0.006105070 -0.008589608 1.060158610 -0.006105257 0.999981344 0.000004481 -1.821721673 0.008589474 0.000047961 0.999963105 67.060630798
0.999944270 0.006069279 -0.008636218 1.061265111 -0.006061770 0.999981225 0.000895456 -1.845821142 0.008641490 -0.000843055 0.999962330 67.578109741
0.999940813 0.006675776 -0.008595585 1.070866585 -0.006664573 0.999976933 0.001331352 -1.866065979 0.008604275 -0.001273988 0.999962211 68.109535217
0.999944925 0.006269377 -0.008411528 1.078330040 -0.006257767 0.999979377 0.001405793 -1.885090470 0.008420167 -0.001353078 0.999963641 68.653656006
0.999943912 0.006603562 -0.008280469 1.065584660 -0.006597234 0.999977946 0.000791303 -1.891608238 0.008285513 -0.000736630 0.999965370 69.196151733
0.999945104 0.006780956 -0.007993975 1.072913170 -0.006779165 0.999976993 0.000251229 -1.900699615 0.007995497 -0.000197023 0.999967992 69.738098145
0.999950409 0.006522066 -0.007527263 1.074273586 -0.006514482 0.999978244 0.001031717 -1.925079823 0.007533830 -0.000982630 0.999971151 70.296905518
0.999946892 0.006347319 -0.008116776 1.078520536 -0.006345110 0.999979794 0.000297858 -1.930666566 0.008118503 -0.000246340 0.999967039 70.824241638
0.999946117 0.006305954 -0.008250549 1.093978882 -0.006302343 0.999980032 0.000463585 -1.949694991 0.008253307 -0.000411562 0.999965906 71.373062134
0.999948621 0.006511674 -0.007756759 1.094591260 -0.006504381 0.999978423 0.000965119 -1.966255069 0.007762874 -0.000914617 0.999969542 71.920303345
0.999945879 0.006743968 -0.007919438 1.094266176 -0.006737761 0.999976993 0.000810024 -1.983858228 0.007924719 -0.000756621 0.999968290 72.444412231
0.999949515 0.006686046 -0.007499344 1.101943731 -0.006677924 0.999977171 0.001107395 -2.003651619 0.007506576 -0.001057260 0.999971271 72.988891602
0.999953985 0.006000794 -0.007493990 1.103938460 -0.005989652 0.999980927 0.001508463 -2.023701429 0.007502900 -0.001463507 0.999970734 73.534828186
0.999948859 0.006528789 -0.007726836 1.107903957 -0.006522187 0.999978364 0.000879304 -2.027051687 0.007732409 -0.000828863 0.999969780 74.055480957
0.999949276 0.006239789 -0.007907992 1.119487762 -0.006230922 0.999979913 0.001145417 -2.043333292 0.007914981 -0.001096085 0.999968052 74.588218689
0.999943435 0.006905975 -0.008102546 1.127056360 -0.006892053 0.999974728 0.001744966 -2.066802502 0.008114393 -0.001689024 0.999965668 75.120407104
0.999949992 0.006241426 -0.007806108 1.131585717 -0.006233781 0.999980092 0.001003218 -2.074564457 0.007812214 -0.000954507 0.999968946 75.671043396
0.999933004 0.007222211 -0.009043191 1.137735128 -0.007204247 0.999972045 0.002017400 -2.096626997 0.009057507 -0.001952115 0.999957025 76.217803955
0.999948680 0.006251479 -0.007970729 1.145993471 -0.006244150 0.999980152 0.000944047 -2.105261564 0.007976471 -0.000894229 0.999967813 76.757362366
0.999950111 0.005724658 -0.008185737 1.156661034 -0.005719497 0.999983430 0.000653721 -2.115701199 0.008189343 -0.000606870 0.999966264 77.307113647
0.999953747 0.005392582 -0.007955628 1.167520046 -0.005384050 0.999984920 0.001093522 -2.137427807 0.007961404 -0.001050639 0.999967813 77.850921631
0.999945641 0.006401685 -0.008225718 1.170795202 -0.006395245 0.999979138 0.000809041 -2.146185875 0.008230725 -0.000756392 0.999965847 78.381362915
0.999947250 0.006059070 -0.008292832 1.186545014 -0.006048421 0.999980807 0.001308487 -2.165366650 0.008300602 -0.001258259 0.999964774 78.923858643
0.999951303 0.006487693 -0.007443982 1.181308866 -0.006483275 0.999978840 0.000617459 -2.173628569 0.007447830 -0.000569167 0.999972105 79.483421326
0.999939144 0.006772993 -0.008708763 1.197637081 -0.006768012 0.999976873 0.000601220 -2.186387062 0.008712634 -0.000542242 0.999961913 79.994819641
0.999949694 0.006800323 -0.007376296 1.206013322 -0.006793147 0.999976456 0.000997481 -2.204094887 0.007382907 -0.000947323 0.999972224 80.547012329
0.999957323 0.006809285 -0.006254301 1.213556409 -0.006805017 0.999976695 0.000703518 -2.220368624 0.006258946 -0.000660927 0.999980152 81.084251404
0.999960482 0.007328770 -0.005036593 1.219028950 -0.007323655 0.999972641 0.001033271 -2.237349033 0.005044028 -0.000996344 0.999986768 81.622406006
0.999964952 0.007426040 -0.003893384 1.231752038 -0.007421696 0.999971807 0.001129274 -2.254803181 0.003901660 -0.001100339 0.999991775 82.159034729
0.999973774 0.007197579 -0.000802087 1.248892903 -0.007196733 0.999973476 0.001054328 -2.270732164 0.000809655 -0.001048528 0.999999046 82.704582214
0.999969006 0.007158907 0.003263253 1.261010885 -0.007163611 0.999973297 0.001432076 -2.289012194 -0.003252913 -0.001455408 0.999993622 83.231323242
0.999950528 0.007758758 0.006221754 1.279488325 -0.007765989 0.999969184 0.001138614 -2.300900936 -0.006212730 -0.001186876 0.999979913 83.774856567
0.999900222 0.007914801 0.011696979 1.298940301 -0.007928838 0.999967873 0.001154092 -2.317637920 -0.011687470 -0.001246720 0.999930859 84.327133179
0.999828398 0.007602880 0.016887667 1.331610918 -0.007621465 0.999970376 0.001036408 -2.334173918 -0.016879287 -0.001164939 0.999856830 84.872917175
0.999723971 0.007243915 0.022346357 1.362087011 -0.007279743 0.999972403 0.001522381 -2.355544806 -0.022334713 -0.001684637 0.999749124 85.417381287
0.999580562 0.006573364 0.028200772 1.396068573 -0.006611760 0.999977410 0.001268523 -2.364747763 -0.028191797 -0.001454448 0.999601483 85.950912476
0.999306381 0.006746927 0.036622692 1.412791371 -0.006790395 0.999976397 0.001062677 -2.380653143 -0.036614664 -0.001310623 0.999328554 86.517730713
0.998968899 0.007279921 0.044812791 1.455074072 -0.007337485 0.999972463 0.001120162 -2.397285223 -0.044803407 -0.001447821 0.998994768 87.070564270
0.998635769 0.006975091 0.051747568 1.494473934 -0.007047129 0.999974370 0.001209798 -2.410299778 -0.051737811 -0.001572819 0.998659492 87.613426208
0.998130381 0.007286013 0.060683869 1.544949293 -0.007330885 0.999972999 0.000516842 -2.418246746 -0.060678460 -0.000960742 0.998156965 88.172157288
0.997458458 0.007330608 0.070871472 1.597775459 -0.007392309 0.999972463 0.000608338 -2.432157278 -0.070865072 -0.001130696 0.997485280 88.693000793
0.996814251 0.006725607 0.079474322 1.660924911 -0.006811267 0.999976456 0.000806777 -2.451771259 -0.079467043 -0.001345528 0.996836603 89.246444702
0.996163309 0.005743779 0.087325782 1.732182503 -0.005818245 0.999982893 0.000598227 -2.466332912 -0.087320849 -0.001104015 0.996179700 89.788070679
0.995148182 0.006272189 0.098188110 1.800185204 -0.006374731 0.999979377 0.000730644 -2.483662844 -0.098181508 -0.001353021 0.995167613 90.315597534
0.994009614 0.006805059 0.109080330 1.873086929 -0.006936118 0.999975622 0.000822098 -2.499278545 -0.109072097 -0.001573768 0.994032562 90.876380920
0.993039548 0.005305971 0.117661677 1.964519501 -0.005362560 0.999985635 0.000164372 -2.509223461 -0.117659129 -0.000794196 0.993053734 91.421386719
0.991603255 0.006513683 0.129153237 2.044947624 -0.006647923 0.999977708 0.000608298 -2.522799969 -0.129146382 -0.001461791 0.991624534 91.962860107
0.989994943 0.005307592 0.141003102 2.151007652 -0.005437992 0.999984980 0.000539498 -2.546926022 -0.140998095 -0.001300874 0.990009010 92.498367310
0.988282382 0.005929943 0.152521133 2.248138428 -0.006153685 0.999980509 0.000994948 -2.566455603 -0.152512223 -0.001921857 0.988299668 93.045188904
0.986695170 0.004832355 0.162509292 2.359870911 -0.005000307 0.999987245 0.000624493 -2.575367928 -0.162504211 -0.001428781 0.986706793 93.596466064
0.984476984 0.004587918 0.175453454 2.477190971 -0.004804722 0.999988079 0.000810899 -2.594116688 -0.175447628 -0.001641316 0.984487355 94.122314453
0.982082009 0.003935429 0.188412473 2.600270271 -0.004087011 0.999991536 0.000416029 -2.602882862 -0.188409254 -0.001178618 0.982089877 94.669845581
0.980135620 0.004357873 0.198281094 2.727277756 -0.004550780 0.999989510 0.000517214 -2.618362665 -0.198276788 -0.001409274 0.980145037 95.206436157
0.977382064 0.004301894 0.211437643 2.865612030 -0.004490228 0.999989808 0.000410604 -2.634281635 -0.211433709 -0.001350720 0.977391362 95.738388062
0.974386096 0.003578229 0.224853188 3.013217926 -0.003812207 0.999992549 0.000606433 -2.646018028 -0.224849328 -0.001448087 0.974392474 96.260620117
0.971875668 0.003417816 0.235469773 3.162441254 -0.003733599 0.999992609 0.000895248 -2.666160822 -0.235464945 -0.001749220 0.971881270 96.786804199
0.968914807 0.003356126 0.247371942 3.323860168 -0.003661881 0.999992967 0.000775949 -2.686550140 -0.247367620 -0.001657675 0.968920290 97.309722900
0.965350270 0.003575864 0.260933220 3.492864609 -0.003965815 0.999991596 0.000967933 -2.703292608 -0.260927618 -0.001969207 0.965356350 97.825836182
0.961608410 0.003421748 0.274403691 3.644348145 -0.003778903 0.999992490 0.000772957 -2.713563204 -0.274399012 -0.001780227 0.961614251 98.375328064
0.958452702 0.003004077 0.285235494 3.820150375 -0.003389989 0.999993801 0.000859242 -2.728459120 -0.285231203 -0.001790488 0.958456993 98.888587952
0.954192758 0.002761317 0.299180001 4.002651215 -0.003087520 0.999994993 0.000617643 -2.739458799 -0.299176753 -0.001513075 0.954196453 99.397453308
0.949817061 0.002629367 0.312794566 4.189071655 -0.003029224 0.999995112 0.000792387 -2.758856773 -0.312790900 -0.001700148 0.949820459 99.940475464
0.946010470 0.001956444 0.324130118 4.389472961 -0.002262861 0.999997318 0.000568453 -2.768596888 -0.324128032 -0.001271224 0.946012318 100.455413818
0.941155434 0.002110556 0.337967515 4.580278397 -0.002463307 0.999996781 0.000614870 -2.786884069 -0.337965071 -0.001411206 0.941157579 100.969673157
0.936199963 0.001459346 0.351464778 4.805822372 -0.001778985 0.999998271 0.000586524 -2.803002596 -0.351463318 -0.001174355 0.936200917 101.469291687
0.931603611 0.001220315 0.363473862 5.027429581 -0.001637529 0.999998331 0.000839714 -2.820883512 -0.363472223 -0.001377479 0.931604028 101.971351624
0.927140355 0.000562944 0.374713928 5.253339767 -0.000693612 0.999999762 0.000213848 -2.828907251 -0.374713719 -0.000458173 0.927140415 102.473968506
0.920872152 0.000394013 0.389864504 5.479377747 -0.000608224 0.999999642 0.000426004 -2.841958523 -0.389864177 -0.000629420 0.920872092 102.986221313
0.915166736 -0.000342803 0.403075427 5.719356537 0.000022291 0.999999642 0.000799858 -2.855901003 -0.403075486 -0.000723019 0.915166497 103.475730896
0.910233378 -0.000812460 0.414094836 5.962661743 0.000632473 0.999999583 0.000571756 -2.876263380 -0.414095074 -0.000258528 0.910233557 103.947586060
0.903882265 -0.000408046 0.427781016 6.217063904 0.000080760 0.999999642 0.000783224 -2.889542818 -0.427781284 -0.000673395 0.903882027 104.469360352
0.897439837 -0.000413565 0.441136360 6.481784821 -0.000032975 0.999999464 0.001004583 -2.910764933 -0.441136569 -0.000916099 0.897439480 104.938796997
0.891630232 -0.001568015 0.452761650 6.756843567 0.001515026 0.999998808 0.000479657 -2.923319340 -0.452761829 0.000258269 0.891631365 105.421638489
0.885729432 -0.002197698 0.464196712 7.003627777 0.002039996 0.999997675 0.000841902 -2.929910898 -0.464197427 0.000201262 0.885731757 105.911491394
0.878606200 -0.001926793 0.477543205 7.291473389 0.002130802 0.999997795 0.000114444 -2.937515259 -0.477542341 0.000916999 0.878608286 106.393272400
0.871640861 -0.002298628 0.490139693 7.570976257 0.002257452 0.999997139 0.000675184 -2.961140394 -0.490139931 0.000517950 0.871643603 106.847091675
