1.000000000 0.000000000 0.000000000 0.000000000 0.000000000 1.000000000 0.000000000 0.000000000 0.000000000 0.000000000 1.000000000 0.000000000
1.000000000 0.000018025 0.000027276 -0.000542274 -0.000018029 1.000000000 0.000113585 -0.000503183 -0.000027274 -0.000113586 1.000000000 -0.000146957
1.000000000 -0.000010908 0.000053052 -0.000767398 0.000010908 1.000000000 -0.000004085 0.000103639 -0.000053052 0.000004086 1.000000000 -0.000213166
1.000000000 0.000079862 0.000039306 -0.000509535 -0.000079860 1.000000000 -0.000040642 -0.000085195 -0.000039309 0.000040639 1.000000000 -0.000313334
1.000000000 0.000085592 0.000123502 -0.001434472 -0.000085598 1.000000000 0.000047817 -0.000140577 -0.000123498 -0.000047827 1.000000000 0.000445890
1.000000000 -0.000026867 0.000001800 -0.000131418 0.000026867 1.000000000 0.000000731 -0.000535040 -0.000001800 -0.000000730 1.000000000 -0.000214614
1.000000000 0.000059677 0.000072134 -0.000189787 -0.000059676 1.000000000 -0.000004803 0.000000577 -0.000072134 0.000004799 1.000000000 0.000903009
1.000000000 0.000070929 -0.000059409 0.000129417 -0.000070933 1.000000000 -0.000080315 0.000215736 0.000059403 0.000080319 1.000000000 -0.000274908
1.000000000 0.000081297 0.000074083 -0.000323690 -0.000081295 1.000000000 -0.000029104 -0.000394861 -0.000074085 0.000029098 1.000000000 0.000104151
1.000000000 0.000132720 0.000046665 -0.000471343 -0.000132725 1.000000000 0.000089714 -0.000463205 -0.000046653 -0.000089720 1.000000000 0.000557146
1.000000000 0.000064762 0.000029630 0.000657319 -0.000064761 1.000000000 -0.000033210 0.000548824 -0.000029632 0.000033208 1.000000000 0.002359272
1.000000000 0.000139958 0.000093202 -0.001062675 -0.000139957 1.000000000 -0.000017948 -0.000388464 -0.000093205 0.000017935 1.000000000 0.000221151
1.000000000 0.000112988 0.000061792 -0.000745787 -0.000112986 1.000000000 -0.000038576 0.000128361 -0.000061797 0.000038569 1.000000000 0.000428053
1.000000000 0.000174351 0.000118992 -0.002046761 -0.000174345 1.000000000 -0.000048428 0.000616908 -0.000119000 0.000048408 1.000000000 0.000367870
1.000000000 0.000131506 0.000093829 -0.000326236 -0.000131505 1.000000000 -0.000009001 0.000886625 -0.000093830 0.000008988 1.000000000 0.002316827
1.000000000 0.000176416 0.000099329 -0.000903981 -0.000176413 1.000000000 -0.000027509 0.000811177 -0.000099333 0.000027492 1.000000000 0.001410175
1.000000000 0.000203302 0.000113303 -0.001294345 -0.000203297 1.000000000 -0.000043401 0.000825065 -0.000113312 0.000043378 1.000000000 0.002212089
1.000000000 0.000151136 0.000137574 -0.001776035 -0.000151135 1.000000000 -0.000008436 0.001125719 -0.000137575 0.000008415 1.000000000 0.001883716
0.999999940 0.000243119 0.000182054 -0.001929695 -0.000243103 0.999999940 -0.000090730 0.001396691 -0.000182076 0.000090686 1.000000000 0.001463658
0.999999940 0.000269428 0.000192853 -0.002321491 -0.000269423 0.999999940 -0.000023963 0.000734006 -0.000192860 0.000023911 1.000000000 0.001653435
0.999999940 0.000310179 0.000131499 -0.001969386 -0.000310172 0.999999940 -0.000047360 0.001138915 -0.000131513 0.000047319 1.000000000 0.001327006
0.999999940 0.000243991 0.000148159 -0.002039604 -0.000243975 0.999999940 -0.000107454 0.001421303 -0.000148185 0.000107418 1.000000000 0.001994055
0.999999940 0.000233729 0.000155436 -0.001873397 -0.000233717 0.999999940 -0.000071685 0.001570092 -0.000155453 0.000071649 1.000000000 0.001870148
0.999999940 0.000323004 0.000118722 -0.002072227 -0.000322995 0.999999940 -0.000071072 0.001533220 -0.000118745 0.000071033 1.000000000 0.001675680
0.999999940 0.000271688 0.000181385 -0.001448016 -0.000271681 0.999999940 -0.000036757 0.000918932 -0.000181395 0.000036708 1.000000000 0.001705898
0.999999940 0.000248742 0.000212175 -0.002262976 -0.000248726 0.999999940 -0.000075868 0.002258741 -0.000212194 0.000075816 1.000000000 0.002190661
0.999999940 0.000245676 0.000191949 -0.001848130 -0.000245671 0.999999940 -0.000029552 0.001212383 -0.000191956 0.000029505 1.000000000 0.001411523
0.999999940 0.000299769 0.000137912 -0.002303073 -0.000299748 0.999999940 -0.000148017 0.002220162 -0.000137957 0.000147976 1.000000000 0.001472914
0.999999940 0.000353170 0.000128806 -0.001889034 -0.000353154 0.999999940 -0.000125134 0.002102839 -0.000128851 0.000125088 1.000000000 0.001025546
0.999999940 0.000339196 0.000227445 -0.001763923 -0.000339184 0.999999940 -0.000049610 0.000639504 -0.000227462 0.000049533 1.000000000 0.001611933
0.999999940 0.000261690 0.000288126 -0.002409953 -0.000261661 0.999999940 -0.000100528 0.001662177 -0.000288152 0.000100452 0.999999940 0.002645626
0.999999940 0.000287233 0.000189801 -0.001675642 -0.000287214 0.999999940 -0.000096624 0.001491751 -0.000189829 0.000096570 1.000000000 0.002244693
0.999999940 0.000246216 0.000182087 -0.001597343 -0.000246210 0.999999940 -0.000035897 0.000576316 -0.000182096 0.000035852 1.000000000 0.000966237
0.999999881 0.000360730 0.000268120 -0.002656464 -0.000360702 0.999999940 -0.000103010 0.001454525 -0.000268157 0.000102914 0.999999940 0.001527342
0.999999940 0.000323652 0.000189176 -0.001465379 -0.000323635 0.999999940 -0.000088034 0.001098213 -0.000189205 0.000087972 1.000000000 0.001355430
0.999999940 0.000261948 0.000213923 -0.002567743 -0.000261923 0.999999940 -0.000118916 0.001770903 -0.000213954 0.000118860 0.999999940 0.001865516
0.999999940 0.000351547 0.000178735 -0.002061971 -0.000351521 0.999999940 -0.000144857 0.002411353 -0.000178786 0.000144794 1.000000000 0.001963373
0.999999881 0.000390058 0.000219661 -0.002471306 -0.000390036 0.999999940 -0.000097590 0.001841842 -0.000219699 0.000097504 1.000000000 0.001871881
0.999999940 0.000311501 0.000206702 -0.001070918 -0.000311482 0.999999940 -0.000090964 0.002097753 -0.000206731 0.000090900 1.000000000 0.001941878
1.000000000 0.000178508 0.000160826 -0.000622405 -0.000178476 0.999999940 -0.000197195 0.001379513 -0.000160861 0.000197166 0.999999940 0.001824383
0.999999821 0.000486169 0.000345079 -0.003066001 -0.000485918 0.999999583 -0.000729370 -0.001951302 -0.000345433 0.000729203 0.999999702 0.047902156
0.999999821 0.000533166 0.000278237 -0.000217099 -0.000532795 0.999999046 -0.001332182 -0.001981655 -0.000278947 0.001332034 0.999999106 0.140472591
0.999999821 0.000450388 0.000108648 -0.002734955 -0.000450264 0.999999225 -0.001138407 -0.009192187 -0.000109161 0.001138358 0.999999285 0.256390512
0.999999821 0.000559860 0.000123206 -0.000130943 -0.000559721 0.999999166 -0.001123142 -0.012142781 -0.000123835 0.001123072 0.999999344 0.386464655
0.999999762 0.000617688 0.000241051 0.003699699 -0.000617488 0.999999404 -0.000830299 -0.020018607 -0.000241564 0.000830150 0.999999583 0.526601970
0.999999881 0.000363715 0.000349989 0.005916733 -0.000363484 0.999999702 -0.000661421 -0.025571903 -0.000350229 0.000661294 0.999999702 0.677379549
0.999999464 0.000902479 0.000325447 0.007451245 -0.000902296 0.999999464 -0.000562614 -0.026975341 -0.000325954 0.000562320 0.999999762 0.840543568
0.999999821 0.000509251 0.000316510 0.011797464 -0.000509064 0.999999702 -0.000590854 -0.031714391 -0.000316811 0.000590692 0.999999702 1.013402343
0.999999762 0.000635205 0.000258168 0.016346086 -0.000635022 0.999999583 -0.000707292 -0.034860536 -0.000258617 0.000707128 0.999999702 1.191593528
0.999999583 0.000864430 0.000338673 0.018965362 -0.000864303 0.999999583 -0.000375600 -0.039564859 -0.000338998 0.000375307 0.999999881 1.374621391
0.999999523 0.000915955 0.000368461 0.021214727 -0.000915872 0.999999583 -0.000225086 -0.046847496 -0.000368667 0.000224748 0.999999881 1.565199018
0.999999762 0.000693589 0.000257114 0.026736738 -0.000693569 0.999999821 -0.000078201 -0.052286543 -0.000257168 0.000078023 0.999999881 1.762511134
0.999999762 0.000776644 0.000409844 0.027757589 -0.000776679 0.999999702 0.000085103 -0.057848684 -0.000409778 -0.000085421 0.999999881 1.961803317
0.999999523 0.000711972 0.000592385 0.030359151 -0.000712104 0.999999702 0.000222497 -0.066442207 -0.000592226 -0.000222919 0.999999821 2.169830799
0.999999523 0.000808794 0.000588431 0.037866492 -0.000808898 0.999999583 0.000175190 -0.072184078 -0.000588289 -0.000175666 0.999999762 2.383198738
0.999999404 0.000904175 0.000657784 0.040822525 -0.000904122 0.999999583 -0.000081229 -0.076799624 -0.000657858 0.000080634 0.999999762 2.608135939
0.999998927 0.001121761 0.000920738 0.042752285 -0.001121686 0.999999344 -0.000081809 -0.084174752 -0.000920829 0.000080776 0.999999583 2.832428694
0.999998450 0.001351764 0.001104281 0.046130300 -0.001351741 0.999999106 -0.000022041 -0.090322696 -0.001104310 0.000020548 0.999999404 3.064911604
0.999998629 0.001302166 0.001039414 0.050313201 -0.001302143 0.999999166 -0.000022410 -0.098310687 -0.001039443 0.000021056 0.999999464 3.302399635
0.999998808 0.001106035 0.001092539 0.054192603 -0.001106055 0.999999404 0.000016828 -0.105361730 -0.001092520 -0.000018036 0.999999404 3.549696684
0.999998510 0.001423683 0.000989008 0.060895979 -0.001423649 0.999998987 -0.000034361 -0.112674102 -0.000989056 0.000032953 0.999999523 3.804213047
0.999998212 0.001408823 0.001249157 0.065797746 -0.001409028 0.999998927 0.000162954 -0.120492086 -0.001248927 -0.000164714 0.999999166 4.057763100
0.999998868 0.001220090 0.001015293 0.073792733 -0.001220345 0.999999225 0.000250306 -0.126314104 -0.001014987 -0.000251545 0.999999464 4.313395023
0.999998748 0.001290551 0.000977265 0.077452697 -0.001290814 0.999999166 0.000268886 -0.134622857 -0.000976917 -0.000270148 0.999999523 4.570829391
0.999997377 0.001758675 0.001482605 0.083816737 -0.001759080 0.999998331 0.000272065 -0.140420690 -0.001482125 -0.000274672 0.999998868 4.838754654
0.999996841 0.001906724 0.001606803 0.085935146 -0.001906898 0.999998152 0.000106648 -0.146902010 -0.001606597 -0.000109711 0.999998629 5.098230839
0.999996483 0.002138410 0.001580193 0.094048701 -0.002138639 0.999997675 0.000143407 -0.156957880 -0.001579883 -0.000146786 0.999998689 5.365401268
0.999996006 0.002243120 0.001689167 0.097907118 -0.002243739 0.999997437 0.000364679 -0.167025298 -0.001688345 -0.000368467 0.999998450 5.635626793
0.999995470 0.002267384 0.001980061 0.100896947 -0.002267851 0.999997377 0.000234019 -0.170672014 -0.001979525 -0.000238508 0.999998033 5.912864685
0.999997556 0.001549370 0.001553985 0.115440890 -0.001549651 0.999998748 0.000179448 -0.181324467 -0.001553705 -0.000181856 0.999998748 6.191409111
0.999995649 0.002217179 0.001949569 0.116122998 -0.002218444 0.999997318 0.000646633 -0.191780269 -0.001948130 -0.000650955 0.999997914 6.470180988
0.999994934 0.002639310 0.001789979 0.118141830 -0.002640072 0.999996364 0.000423544 -0.197852373 -0.001788855 -0.000428268 0.999998331 6.760763168
0.999995410 0.002382423 0.001884085 0.125488266 -0.002382919 0.999997139 0.000261284 -0.207288191 -0.001883457 -0.000265772 0.999998212 7.058160305
0.999995649 0.002268817 0.001844741 0.131193906 -0.002269414 0.999997377 0.000321563 -0.217635468 -0.001844007 -0.000325748 0.999998212 7.359481335
0.999996781 0.002048898 0.001482112 0.138690174 -0.002050083 0.999997556 0.000798495 -0.236517027 -0.001480472 -0.000801531 0.999998569 7.647485733
0.999994874 0.002569616 0.001917179 0.148244917 -0.002570980 0.999996424 0.000709251 -0.241803616 -0.001915349 -0.000714177 0.999997914 7.976281643
0.999995232 0.002298039 0.002032068 0.148222223 -0.002299603 0.999997079 0.000767933 -0.253446281 -0.002030298 -0.000772602 0.999997556 8.285395622
0.999993861 0.002619317 0.002336124 0.152811766 -0.002620223 0.999996483 0.000384955 -0.252464145 -0.002335107 -0.000391074 0.999997199 8.621447563
0.999991059 0.003356139 0.002583806 0.169827849 -0.003357772 0.999994099 0.000627500 -0.267855614 -0.002581684 -0.000636170 0.999996483 8.945025444
0.999994457 0.002542311 0.002123924 0.175725669 -0.002543372 0.999996662 0.000496892 -0.281352192 -0.002122654 -0.000502291 0.999997616 9.283540726
0.999993145 0.003030554 0.002120409 0.186193496 -0.003031837 0.999995291 0.000601960 -0.295294166 -0.002118574 -0.000608385 0.999997556 9.617132187
0.999993861 0.002691597 0.002211950 0.181822136 -0.002694289 0.999995649 0.001215043 -0.307711273 -0.002208670 -0.001220996 0.999996841 9.946376801
0.999993563 0.002930435 0.002070069 0.191439778 -0.002933070 0.999994874 0.001271075 -0.316670179 -0.002066334 -0.001277139 0.999997079 10.313109398
0.999993265 0.002789642 0.002434812 0.196582541 -0.002791913 0.999995649 0.000929558 -0.324646980 -0.002432209 -0.000936350 0.999996603 10.664374352
0.999992192 0.003186980 0.002330638 0.201666519 -0.003189493 0.999994338 0.001074981 -0.332776278 -0.002327199 -0.001082407 0.999996722 11.030901909
0.999993145 0.003103010 0.002021573 0.208335429 -0.003104632 0.999994874 0.000799690 -0.342035174 -0.002019082 -0.000805961 0.999997616 11.401569366
0.999994755 0.002644485 0.001839686 0.220457852 -0.002646770 0.999995708 0.001241058 -0.355988443 -0.001836396 -0.001245921 0.999997556 11.786236763
0.999994993 0.002708695 0.001641928 0.230008990 -0.002710092 0.999995947 0.000848548 -0.365349442 -0.001639623 -0.000852994 0.999998271 12.157757759
0.999995530 0.002483606 0.001641170 0.243438259 -0.002486290 0.999995530 0.001635484 -0.392225564 -0.001637101 -0.001639557 0.999997318 12.547549248
0.999994814 0.002726996 0.001766774 0.245709658 -0.002730892 0.999993980 0.002206075 -0.402874738 -0.001760747 -0.002210889 0.999996006 12.956386566
0.999994874 0.002297087 0.002232069 0.251188546 -0.002301027 0.999995887 0.001764325 -0.414623708 -0.002228007 -0.001769452 0.999995887 13.348175049
0.999991477 0.003170665 0.002651379 0.268516511 -0.003175180 0.999993503 0.001700762 -0.426006019 -0.002645970 -0.001709166 0.999995053 13.771946907
0.999992669 0.002982156 0.002443993 0.282360703 -0.002986680 0.999993742 0.001849487 -0.436706543 -0.002438463 -0.001856773 0.999995232 14.184414864
0.999989748 0.003478266 0.002878379 0.286767662 -0.003482472 0.999992847 0.001457751 -0.447773397 -0.002873288 -0.001467760 0.999994814 14.605597496
0.999992192 0.002808190 0.002754135 0.299309880 -0.002813487 0.999994218 0.001921305 -0.459845871 -0.002748723 -0.001929038 0.999994338 15.038183212
0.999990106 0.003094626 0.003177891 0.308908939 -0.003101615 0.999992907 0.002196708 -0.473973900 -0.003171070 -0.002206543 0.999992549 15.472673416
0.999989331 0.002976333 0.003515969 0.313623965 -0.002984687 0.999992728 0.002373243 -0.490097433 -0.003508880 -0.002383712 0.999991000 15.922476768
0.999986768 0.003408657 0.003855717 0.327187359 -0.003415844 0.999992371 0.001858723 -0.492524385 -0.003849352 -0.001871869 0.999990821 16.370733261
0.999984801 0.003411726 0.004339452 0.334822237 -0.003419719 0.999992430 0.001835931 -0.504808068 -0.004333156 -0.001850743 0.999988854 16.817756653
0.999986053 0.002978248 0.004349658 0.347421587 -0.002987303 0.999993384 0.002076738 -0.528250337 -0.004343444 -0.002089703 0.999988377 17.242000580
0.999984741 0.003236402 0.004478010 0.364536583 -0.003245179 0.999992788 0.001954061 -0.532759070 -0.004471654 -0.001968563 0.999988079 17.710071564
0.999980390 0.003670949 0.005079659 0.373918086 -0.003678666 0.999992073 0.001510620 -0.541144073 -0.005074073 -0.001529277 0.999985933 18.182043076
0.999982476 0.002904793 0.005162170 0.387478948 -0.002913666 0.999994218 0.001711896 -0.557385147 -0.005157168 -0.001726907 0.999985218 18.646791458
0.999985158 0.002435919 0.004871658 0.407333136 -0.002441949 0.999996245 0.001232212 -0.571909130 -0.004868637 -0.001244090 0.999987364 19.116579056
0.999981523 0.003213286 0.005152804 0.426884562 -0.003222455 0.999993384 0.001772081 -0.586775064 -0.005147075 -0.001788654 0.999985158 19.596982956
0.999979615 0.003349585 0.005458180 0.436195970 -0.003361033 0.999992192 0.002089551 -0.601117492 -0.005451139 -0.002107854 0.999982893 20.083770752
0.999981880 0.003135395 0.005153445 0.452493489 -0.003146776 0.999992609 0.002201711 -0.612716198 -0.005146503 -0.002217887 0.999984324 20.575727463
0.999981701 0.002983965 0.005256318 0.456445128 -0.002990918 0.999994636 0.001315511 -0.620206177 -0.005252365 -0.001331209 0.999985337 21.090225220
0.999977827 0.004334410 0.005051179 0.451791376 -0.004341004 0.999989748 0.001295269 -0.629062712 -0.005045513 -0.001317167 0.999986410 21.597932816
0.999978960 0.004863211 0.004299072 0.465518534 -0.004867467 0.999987721 0.000980053 -0.639010489 -0.004294253 -0.001000957 0.999990284 22.114339828
0.999976873 0.004721640 0.004888302 0.477870524 -0.004724959 0.999988616 0.000667486 -0.649543822 -0.004885096 -0.000690568 0.999987841 22.618194580
0.999978542 0.004653041 0.004615465 0.484358430 -0.004657522 0.999988675 0.000960365 -0.668091357 -0.004610945 -0.000981841 0.999988914 23.143419266
0.999986529 0.003970636 0.003334233 0.500407815 -0.003974068 0.999991596 0.001023374 -0.684215069 -0.003330141 -0.001036610 0.999993920 23.659244537
0.999993563 0.002585892 0.002472388 0.516079605 -0.002587894 0.999996305 0.000807086 -0.698593140 -0.002470292 -0.000813479 0.999996603 24.185859680
0.999993443 0.002943322 0.002118528 0.524794340 -0.002945396 0.999995172 0.000976762 -0.716463029 -0.002115643 -0.000982995 0.999997258 24.714700699
0.999992132 0.003587792 0.001671791 0.536356091 -0.003589412 0.999993086 0.000967135 -0.731961787 -0.001668309 -0.000973128 0.999998093 25.248517990
0.999992013 0.003801161 0.001165282 0.546333432 -0.003802667 0.999991953 0.001292494 -0.746372759 -0.001160359 -0.001296915 0.999998510 25.782659531
0.999991357 0.004110913 0.000649439 0.557767510 -0.004111419 0.999991179 0.000778877 -0.757797182 -0.000646231 -0.000781540 0.999999404 26.334516525
0.999994159 0.003335631 0.000641641 0.562085152 -0.003336619 0.999993265 0.001544662 -0.773279846 -0.000636484 -0.001546794 0.999998569 26.883815765
0.999991477 0.004132377 0.000038751 0.580848157 -0.004132437 0.999989927 0.001721444 -0.798131168 -0.000031636 -0.001721590 0.999998510 27.435674667
0.999991477 0.004125106 -0.000129864 0.588017881 -0.004124929 0.999990523 0.001334091 -0.812767446 0.000135366 -0.001333544 0.999999106 27.970628738
0.999989569 0.004512411 -0.000694580 0.599488378 -0.004511460 0.999988914 0.001365284 -0.820652306 0.000700733 -0.001362136 0.999998808 28.539306641
0.999987662 0.004908198 -0.000746384 0.613823175 -0.004907512 0.999987543 0.000918876 -0.829645634 0.000750884 -0.000915202 0.999999225 29.085096359
0.999988675 0.004621190 -0.001065196 0.613880515 -0.004619492 0.999988079 0.001590321 -0.852562368 0.001072533 -0.001585382 0.999998152 29.642959595
0.999990404 0.003928956 -0.001925150 0.623835683 -0.003926808 0.999991655 0.001118492 -0.858091176 0.001929528 -0.001110921 0.999997497 30.197896957
0.999989748 0.004206448 -0.001671865 0.629909396 -0.004204366 0.999990404 0.001247860 -0.875468016 0.001677098 -0.001240818 0.999997795 30.726160049
0.999988854 0.004257130 -0.002095983 0.650685966 -0.004253928 0.999989748 0.001529886 -0.902298033 0.002102474 -0.001520953 0.999996662 31.262811661
0.999985278 0.004945647 -0.002229030 0.658146858 -0.004943180 0.999987185 0.001110529 -0.912812769 0.002234493 -0.001099494 0.999996901 31.813852310
0.999987066 0.004356189 -0.002594766 0.666560531 -0.004353031 0.999989748 0.001221220 -0.922847450 0.002600060 -0.001209909 0.999995887 32.367900848
0.999983966 0.004648818 -0.003243416 0.677489996 -0.004643780 0.999987960 0.001559002 -0.948515534 0.003250624 -0.001543915 0.999993563 32.913406372
0.999986529 0.004083025 -0.003206102 0.688418984 -0.004079687 0.999991119 0.001047305 -0.953895330 0.003210350 -0.001034211 0.999994338 33.480861664
0.999984622 0.004542035 -0.003188412 0.696969450 -0.004538386 0.999989033 0.001151244 -0.970124722 0.003193608 -0.001136756 0.999994278 34.026561737
0.999982893 0.004726177 -0.003438053 0.705350757 -0.004722215 0.999988139 0.001159746 -0.985934675 0.003443495 -0.001143491 0.999993443 34.571914673
0.999980628 0.004963227 -0.003747005 0.715692163 -0.004959289 0.999987125 0.001059266 -1.003969431 0.003752214 -0.001040663 0.999992430 35.107849121
0.999980390 0.004552397 -0.004287266 0.739514530 -0.004548324 0.999989212 0.000959503 -1.009406447 0.004291588 -0.000939984 0.999990344 35.667613983
0.999981523 0.003752015 -0.004779251 0.753687620 -0.003743226 0.999991298 0.001846329 -1.030661225 0.004786137 -0.001828405 0.999986887 36.229774475
0.999983072 0.003618399 -0.004545527 0.751902223 -0.003615062 0.999993205 0.000742152 -1.042586923 0.004548181 -0.000725707 0.999989390 36.791946411
0.999978125 0.004253482 -0.005063100 0.767479658 -0.004249602 0.999990642 0.000777123 -1.055744767 0.005066358 -0.000755590 0.999986827 37.333904266
0.999978483 0.004159441 -0.005080075 0.776058972 -0.004155694 0.999991059 0.000748098 -1.069902420 0.005083141 -0.000726971 0.999986827 37.888130188
0.999978065 0.004247510 -0.005080422 0.770811737 -0.004246776 0.999991000 0.000155125 -1.076606274 0.005081034 -0.000133546 0.999987006 38.422367096
0.999974728 0.004243040 -0.005699284 0.798036456 -0.004239770 0.999990880 0.000585920 -1.094067574 0.005701718 -0.000561741 0.999983549 38.981796265
0.999975979 0.004474903 -0.005317231 0.785746157 -0.004472990 0.999989927 0.000371811 -1.116458178 0.005318840 -0.000348018 0.999985814 39.513233185
0.999977648 0.004049704 -0.005306797 0.791160464 -0.004045876 0.999991536 0.000731925 -1.138674140 0.005309717 -0.000710438 0.999985635 40.060535431
0.999978185 0.004159899 -0.005132389 0.795364678 -0.004156770 0.999991119 0.000620265 -1.148270369 0.005134924 -0.000598917 0.999986649 40.615863800
0.999979556 0.003873124 -0.005097553 0.803694725 -0.003870731 0.999992371 0.000479217 -1.161330104 0.005099370 -0.000459476 0.999986887 41.165794373
0.999978244 0.004410252 -0.004898606 0.813554645 -0.004407021 0.999989986 0.000670199 -1.179334760 0.004901514 -0.000648596 0.999987781 41.701831818
0.999977469 0.004765530 -0.004730970 0.813603044 -0.004764498 0.999988616 0.000229489 -1.189032078 0.004732009 -0.000206943 0.999988794 42.240844727
0.999976695 0.005075817 -0.004558708 0.823700309 -0.005075302 0.999987066 0.000124317 -1.205523491 0.004559280 -0.000101178 0.999989569 42.788558960
0.999977052 0.004961325 -0.004628576 0.831924319 -0.004959106 0.999987543 0.000490697 -1.228593230 0.004630953 -0.000467733 0.999989212 43.331428528
0.999976993 0.004998248 -0.004606717 0.845016122 -0.004996769 0.999987483 0.000332547 -1.242229819 0.004608321 -0.000309521 0.999989331 43.875453949
0.999977350 0.004724586 -0.004801217 0.854207933 -0.004720799 0.999988556 0.000799845 -1.263321996 0.004804941 -0.000777162 0.999988198 44.414360046
0.999977112 0.005193546 -0.004336282 0.851995230 -0.005193158 0.999986529 0.000100682 -1.262640834 0.004336746 -0.000078160 0.999990582 44.977600098
0.999976397 0.005549687 -0.004028554 0.866754651 -0.005550062 0.999984622 -0.000081918 -1.280350208 0.004028037 0.000104274 0.999991894 45.519081116
0.999975681 0.005880577 -0.003725426 0.873959303 -0.005882068 0.999982655 -0.000389405 -1.293332219 0.003723071 0.000411308 0.999993026 46.070590973
0.999978065 0.005490245 -0.003736913 0.886578441 -0.005491300 0.999984801 -0.000271901 -1.311735749 0.003735365 0.000292415 0.999992967 46.609363556
0.999974847 0.005697237 -0.004228383 0.897431493 -0.005697437 0.999983788 -0.000035131 -1.325105071 0.004228114 0.000059221 0.999991059 47.159389496
0.999974906 0.005601374 -0.004334582 0.906285763 -0.005600695 0.999984264 0.000168999 -1.340539694 0.004335460 -0.000144718 0.999990642 47.720623016
0.999975324 0.005943696 -0.003743236 0.916874409 -0.005944339 0.999982238 -0.000160515 -1.356278300 0.003742215 0.000182762 0.999992967 48.273681641
0.999974370 0.006040240 -0.003824514 0.920851350 -0.006041155 0.999981701 -0.000227968 -1.363331318 0.003823066 0.000251066 0.999992609 48.823524475
0.999974906 0.006099565 -0.003592808 0.924192667 -0.006100465 0.999981344 -0.000239487 -1.378748059 0.003591280 0.000261398 0.999993503 49.369029999
0.999970734 0.006883574 -0.003339346 0.931465626 -0.006886006 0.999976039 -0.000718088 -1.389070392 0.003334325 0.000741062 0.999994159 49.930858612
0.999969244 0.007202418 -0.003096361 0.932961047 -0.007204800 0.999973714 -0.000758729 -1.400747299 0.003090815 0.000781015 0.999994874 50.469566345
0.999967992 0.007305329 -0.003240786 0.941790462 -0.007308532 0.999972820 -0.000977628 -1.417452455 0.003233556 0.001001282 0.999994278 51.005062103
0.999969006 0.007257790 -0.003040906 0.951169193 -0.007259799 0.999973357 -0.000650070 -1.433307409 0.003036108 0.000672126 0.999995172 51.552055359
0.999968827 0.007241473 -0.003143646 0.959879994 -0.007243011 0.999973595 -0.000478006 -1.449702263 0.003140103 0.000500761 0.999994874 52.087818146
0.999968290 0.007398180 -0.002924986 0.971102297 -0.007400041 0.999972403 -0.000625863 -1.470390797 0.002920276 0.000647488 0.999995530 52.624141693
0.999969244 0.007370012 -0.002736659 0.974504352 -0.007371667 0.999972641 -0.000595135 -1.483172655 0.002732198 0.000615291 0.999996066 53.175701141
0.999968886 0.007275616 -0.003040724 0.988426805 -0.007278331 0.999973118 -0.000882841 -1.501968861 0.003034219 0.000904945 0.999994993 53.714664459
0.999967337 0.007713279 -0.002389794 0.995580018 -0.007715581 0.999969780 -0.000954568 -1.521869183 0.002382357 0.000972975 0.999996603 54.262943268
0.999964178 0.008173006 -0.002183491 0.997813404 -0.008175311 0.999966025 -0.001049215 -1.535437703 0.002174842 0.001067028 0.999997020 54.808856964
0.999961019 0.008536153 -0.002269609 1.007134318 -0.008539326 0.999962568 -0.001391789 -1.548291564 0.002257644 0.001411116 0.999996424 55.361602783
0.999966443 0.007862735 -0.002300298 1.021285534 -0.007865017 0.999968529 -0.000985419 -1.564962387 0.002292476 0.001003477 0.999996841 55.900386810
0.999963760 0.008237203 -0.002163326 1.028637886 -0.008239413 0.999965549 -0.001013799 -1.580174446 0.002154899 0.001031587 0.999997139 56.447643280
0.999960423 0.008632028 -0.002131342 1.041195631 -0.008635201 0.999961555 -0.001484144 -1.591479301 0.002118450 0.001502489 0.999996603 56.993152618
0.999962807 0.008375134 -0.002050419 1.047835946 -0.008377782 0.999963999 -0.001285818 -1.608853340 0.002039575 0.001302948 0.999997079 57.545349121
0.999961317 0.008446579 -0.002448401 1.059495330 -0.008450165 0.999963164 -0.001458816 -1.627672195 0.002435989 0.001479449 0.999996006 58.096794128
0.999964118 0.008237715 -0.001943243 1.064155459 -0.008240411 0.999965072 -0.001384232 -1.634725213 0.001931773 0.001400196 0.999997079 58.665409088
0.999961734 0.008385354 -0.002493260 1.074376822 -0.008388706 0.999964058 -0.001337555 -1.646857858 0.002481956 0.001358419 0.999996066 59.209381104
0.999963045 0.008324496 -0.002160190 1.083161116 -0.008327527 0.999964356 -0.001398216 -1.670722008 0.002148473 0.001416154 0.999996603 59.750888824
0.999967873 0.007634162 -0.002419125 1.097981095 -0.007637864 0.999969661 -0.001523746 -1.687817693 0.002407419 0.001542174 0.999995887 60.296188354
0.999962509 0.008375452 -0.002195424 1.101786137 -0.008378832 0.999963641 -0.001535062 -1.701137781 0.002182487 0.001553400 0.999996424 60.847759247
0.999967039 0.007841517 -0.002064158 1.113908172 -0.007845520 0.999967277 -0.001937606 -1.714967608 0.002048896 0.001953737 0.999996006 61.392379761
0.999964416 0.008251629 -0.001735745 1.122953653 -0.008254493 0.999964595 -0.001648474 -1.730661035 0.001722081 0.001662743 0.999997139 61.941879272
0.999962747 0.008492589 -0.001505849 1.132901669 -0.008495067 0.999962687 -0.001648385 -1.751483440 0.001491793 0.001661117 0.999997497 62.479904175
0.999957502 0.009176911 -0.000900960 1.136958838 -0.009178909 0.999955356 -0.002237279 -1.760412693 0.000880388 0.002245453 0.999997079 63.037914276
0.999948680 0.010120729 -0.000432965 1.145565987 -0.010121702 0.999946058 -0.002304978 -1.774467707 0.000409614 0.002309242 0.999997258 63.586036682
0.999950051 0.009997013 -0.000076776 1.153168559 -0.009997155 0.999947727 -0.002121661 -1.798488498 0.000055561 0.002122323 0.999997735 64.131523132
0.999949217 0.010071782 0.000007668 1.162653804 -0.010071750 0.999947488 -0.001883573 -1.814542294 -0.000026638 0.001883400 0.999998212 64.687751770
0.999947131 0.010277129 0.000310601 1.172624469 -0.010276427 0.999944746 -0.002174610 -1.827022552 -0.000332933 0.002171303 0.999997616 65.237281799
0.999948442 0.010148268 -0.000065355 1.193520784 -0.010148395 0.999945819 -0.002374781 -1.842281699 0.000041252 0.002375323 0.999997199 65.772338867
0.999948442 0.010152348 -0.000171411 1.207559943 -0.010152739 0.999945402 -0.002477260 -1.855072737 0.000146252 0.002478873 0.999996841 66.312004089
0.999951005 0.009891207 0.000087843 1.214182496 -0.009890951 0.999947786 -0.002561299 -1.869752526 -0.000113172 0.002560305 0.999996722 66.883224487
0.999944031 0.010578455 0.000122786 1.222237945 -0.010578051 0.999939740 -0.002934484 -1.890050173 -0.000153821 0.002933021 0.999995649 67.437423706
0.999942422 0.010730367 0.000055054 1.238258362 -0.010730192 0.999939263 -0.002518268 -1.913448930 -0.000082072 0.002517533 0.999996841 67.963188171
0.999937177 0.011200283 -0.000190884 1.246126890 -0.011200757 0.999933541 -0.002704716 -1.932861686 0.000160578 0.002706683 0.999996364 68.498252869
0.999946177 0.010369925 -0.000283710 1.272460341 -0.010370689 0.999942124 -0.002834032 -1.943407059 0.000254306 0.002836822 0.999995947 69.057144165
0.999944389 0.010538076 0.000194786 1.278709173 -0.010537583 0.999941587 -0.002376565 -1.963083744 -0.000219819 0.002374380 0.999997139 69.596588135
0.999935448 0.011357190 0.000322661 1.292416334 -0.011356161 0.999930918 -0.003028235 -1.977998257 -0.000357031 0.003024376 0.999995351 70.145278931
0.999942958 0.010678845 0.000477240 1.308408618 -0.010677557 0.999939501 -0.002623466 -1.998134732 -0.000505227 0.002618220 0.999996424 70.708885193
0.999941111 0.010855858 -0.000017455 1.321614027 -0.010855865 0.999937236 -0.002760097 -2.015889168 -0.000012510 0.002760124 0.999996126 71.230865479
0.999943793 0.010588993 0.000414573 1.330937982 -0.010587608 0.999938786 -0.003214682 -2.025784969 -0.000448588 0.003210112 0.999994755 71.789505005
0.999947906 0.010185292 0.000577421 1.342006922 -0.010183551 0.999943793 -0.002943006 -2.046022177 -0.000607363 0.002936973 0.999995530 72.328933716
0.999941409 0.010798471 0.000757594 1.349622250 -0.010796048 0.999936759 -0.003132948 -2.061742067 -0.000791377 0.003124586 0.999994755 72.869636536
0.999937713 0.011116969 0.000970836 1.363040924 -0.011113720 0.999932826 -0.003291083 -2.079033375 -0.001007357 0.003280089 0.999994099 73.404510498
0.999939501 0.010968139 0.000847244 1.370790601 -0.010965290 0.999934375 -0.003297238 -2.095266581 -0.000883353 0.003287748 0.999994218 73.955490112
0.999938965 0.011007161 0.000961119 1.383952856 -0.011003735 0.999933362 -0.003497363 -2.113173485 -0.000999551 0.003486574 0.999993443 74.495498657
0.999941051 0.010823999 0.000809579 1.396165609 -0.010821476 0.999936759 -0.003056674 -2.132245302 -0.000842612 0.003047733 0.999994993 75.036354065
0.999936223 0.011246164 0.001022035 1.408413887 -0.011242777 0.999931455 -0.003259983 -2.150843382 -0.001058627 0.003248285 0.999994159 75.577148438
0.999938011 0.011110363 0.000657955 1.425099850 -0.011107854 0.999931455 -0.003702304 -2.166007996 -0.000699044 0.003694766 0.999992907 76.124740601
0.999931931 0.011654519 0.000587928 1.432178140 -0.011652208 0.999924898 -0.003793963 -2.185016155 -0.000632100 0.003786854 0.999992609 76.663665771
0.999938190 0.011095611 0.000684083 1.441269994 -0.011092633 0.999929607 -0.004214488 -2.197068453 -0.000730797 0.004206640 0.999990880 77.219665527
0.999929607 0.011832901 0.000864492 1.450937152 -0.011828755 0.999919116 -0.004654531 -2.211695671 -0.000919498 0.004643978 0.999988794 77.775375366
0.999926567 0.012044655 0.001303409 1.446308732 -0.012039061 0.999918640 -0.004217048 -2.236821651 -0.001354096 0.004201047 0.999990284 78.320007324
0.999935269 0.011275765 0.001527500 1.460838437 -0.011268491 0.999925435 -0.004688703 -2.249619961 -0.001580255 0.004671188 0.999987781 78.850563049
0.999930084 0.011740438 0.001429486 1.471258402 -0.011733377 0.999919355 -0.004850287 -2.265437603 -0.001486315 0.004833176 0.999987185 79.399276733
0.999937415 0.011113203 0.001308762 1.481343031 -0.011106627 0.999926090 -0.004930200 -2.290664673 -0.001363456 0.004915355 0.999987006 79.957832336
0.999931991 0.011579353 0.001329183 1.490069866 -0.011572643 0.999920785 -0.004950300 -2.313923836 -0.001386399 0.004934581 0.999986887 80.489402771
0.999931276 0.011452665 0.002470137 1.501787186 -0.011441222 0.999923944 -0.004598213 -2.333112001 -0.002522611 0.004569635 0.999986351 81.043098450
0.999931514 0.011060449 0.003812914 1.512901783 -0.011040186 0.999925017 -0.005295284 -2.347801447 -0.003871196 0.005252826 0.999978721 81.577285767
0.999923229 0.011382538 0.004895219 1.524053693 -0.011357583 0.999922514 -0.005095610 -2.365197659 -0.004952840 0.005039622 0.999975026 82.142539978
0.999923408 0.010736240 0.006154193 1.535744429 -0.010703620 0.999928594 -0.005309297 -2.381025791 -0.006210755 0.005243019 0.999966979 82.684257507
0.999898195 0.010789717 0.009339975 1.557358980 -0.010735203 0.999925137 -0.005867030 -2.396981239 -0.009402581 0.005766165 0.999939144 83.229377747
0.999848366 0.011253002 0.013287213 1.567488909 -0.011178088 0.999921203 -0.005699019 -2.415697336 -0.013350297 0.005549629 0.999895394 83.779235840
0.999792099 0.011152454 0.017070837 1.593754292 -0.011054572 0.999921978 -0.005817415 -2.437933445 -0.017134385 0.005627495 0.999837279 84.319160461
0.999712467 0.011265671 0.021167366 1.618666172 -0.011142083 0.999920189 -0.005947537 -2.455281973 -0.021232679 0.005709979 0.999758244 84.875114441
0.999572456 0.010970780 0.027103251 1.646777868 -0.010801376 0.999921262 -0.006388837 -2.468132973 -0.027171209 0.006093353 0.999612212 85.416572571
0.999372661 0.011343312 0.033549923 1.679485559 -0.011131348 0.999916911 -0.006497846 -2.491021633 -0.033620838 0.006120315 0.999415934 85.966964722
0.999159396 0.011230451 0.039425481 1.713897228 -0.010976878 0.999917626 -0.006642269 -2.508134604 -0.039496839 0.006203916 0.999200463 86.495849609
0.998804152 0.011428732 0.047535148 1.762262106 -0.011132057 0.999916852 -0.006501291 -2.529235125 -0.047605496 0.005964351 0.998848379 87.050468445
0.998385012 0.010611727 0.055808466 1.813426971 -0.010228011 0.999922037 -0.007156729 -2.550849438 -0.055880055 0.006574362 0.998415768 87.589958191
0.997937620 0.011169332 0.063211590 1.862741947 -0.010765659 0.999919415 -0.006723058 -2.570284367 -0.063281588 0.006028678 0.997977495 88.152877808
0.997286320 0.011347102 0.072742268 1.918247700 -0.010869571 0.999916732 -0.006957232 -2.582256556 -0.072815150 0.006147676 0.997326493 88.701927185
0.996518075 0.010888413 0.082662120 1.988313675 -0.010329691 0.999920785 -0.007183776 -2.604188681 -0.082733788 0.006304889 0.996551752 89.218605042
0.995769560 0.010654160 0.091265798 2.059670448 -0.010033521 0.999923348 -0.007256452 -2.620999336 -0.091336116 0.006310035 0.995800257 89.777206421
0.995058179 0.010620422 0.098723851 2.137657166 -0.009928371 0.999922574 -0.007498608 -2.637288094 -0.098795831 0.006481385 0.995086610 90.330284119
0.993997097 0.010877236 0.108864501 2.216135025 -0.010111702 0.999920070 -0.007581573 -2.663624525 -0.108938262 0.006435257 0.994027615 90.860275269
0.992826819 0.010362786 0.119112335 2.311362267 -0.009491583 0.999923885 -0.007879113 -2.672171593 -0.119184941 0.006692030 0.992849469 91.418388367
0.991617203 0.010040062 0.128819108 2.391148567 -0.009087249 0.999926865 -0.007982175 -2.697438478 -0.128889814 0.006744651 0.991635978 91.942367554
0.990030110 0.010166297 0.140488654 2.478012085 -0.009173436 0.999928176 -0.007713011 -2.717198133 -0.140556976 0.006347349 0.990052223 92.456863403
0.988189459 0.010152384 0.152900204 2.582118034 -0.009082604 0.999929070 -0.007693462 -2.746221781 -0.152967453 0.006213866 0.988211691 92.970771790
0.986457050 0.009657230 0.163735196 2.692819595 -0.008484879 0.999933124 -0.007857896 -2.763597250 -0.163800150 0.006362204 0.986473024 93.514289856
0.984701097 0.009072067 0.174014911 2.812895775 -0.007798234 0.999937594 -0.008002585 -2.779354811 -0.174076617 0.006523145 0.984710634 94.052001953
0.982414305 0.008908559 0.186501443 2.932527542 -0.007570826 0.999940157 -0.007883797 -2.800029755 -0.186560512 0.006333186 0.982423007 94.586120605
0.979848146 0.009028384 0.199539483 3.073991776 -0.007576650 0.999938965 -0.008037833 -2.828042507 -0.199599892 0.006364016 0.979856789 95.121467590
0.977743864 0.009882523 0.209569275 3.201589584 -0.008536835 0.999936700 -0.007324830 -2.850839853 -0.209628433 0.005372749 0.977766335 95.638862610
0.974719822 0.009321860 0.223235995 3.350265503 -0.007759495 0.999938846 -0.007874883 -2.881394863 -0.223295793 0.005943605 0.974732637 96.179206848
0.971585453 0.009377527 0.236502677 3.500295639 -0.007654621 0.999936998 -0.008202096 -2.895416737 -0.236564696 0.006158700 0.971596241 96.710960388
0.968785286 0.008512563 0.247755006 3.657896042 -0.006709493 0.999944448 -0.008121056 -2.915872812 -0.247810394 0.006205249 0.968788683 97.230270386
0.966073573 0.008097645 0.258139968 3.832946777 -0.006295310 0.999949694 -0.007807789 -2.939472437 -0.258190215 0.005917828 0.966075897 97.712913513
0.962503254 0.007609741 0.271163315 4.011016846 -0.005599173 0.999950826 -0.008187485 -2.952590704 -0.271212220 0.006362191 0.962498546 98.247711182
0.959026337 0.007093541 0.283228159 4.185167313 -0.005062259 0.999956012 -0.007903130 -2.983994007 -0.283271730 0.006145534 0.959019959 98.768905640
0.955444276 0.006905193 0.295090824 4.376722336 -0.004676708 0.999954998 -0.008256945 -2.997176170 -0.295134574 0.006508997 0.955433547 99.304489136
0.951222181 0.006572233 0.308436722 4.576242447 -0.004310913 0.999958634 -0.008012422 -3.021984100 -0.308476627 0.006291950 0.951211095 99.817886353
0.946497738 0.006019533 0.322654247 4.774499893 -0.003568016 0.999960124 -0.008188872 -3.039124489 -0.322690666 0.006599513 0.946481466 100.329658508
0.942555845 0.006512479 0.333985209 4.982763290 -0.004174063 0.999961495 -0.007718729 -3.067525625 -0.334022611 0.005881258 0.942546725 100.818336487
0.937842190 0.004919040 0.347027153 5.195177078 -0.002274906 0.999965250 -0.008026366 -3.079662800 -0.347054541 0.006738011 0.937820733 101.351684570
0.932508767 0.005165460 0.361110210 5.413688660 -0.002414499 0.999964476 -0.008068826 -3.100748301 -0.361139089 0.006652351 0.932488203 101.820823669
0.927607179 0.005842688 0.373511434 5.637966156 -0.003341211 0.999967456 -0.007344264 -3.134237766 -0.373542190 0.005564611 0.927596509 102.306884766
0.923178613 0.004156634 0.384348720 5.867115021 -0.001313370 0.999969780 -0.007659802 -3.161824226 -0.384368896 0.006566573 0.923156202 102.751014709
0.917517722 0.003294864 0.397681296 6.109172821 -0.000526970 0.999974787 -0.007069170 -3.193778276 -0.397694588 0.006276521 0.917496383 103.136047363
0.911735296 0.002925694 0.410767674 6.353893280 -0.000098871 0.999976218 -0.006902881 -3.203953505 -0.410778016 0.006252986 0.911713898 103.613800049
0.906921268 0.001565212 0.421297401 6.604446411 0.001812565 0.999969363 -0.007616991 -3.227164507 -0.421296418 0.007671639 0.906890512 104.103179932
0.901033998 0.002318045 0.433742255 6.870426178 0.000643293 0.999977469 -0.006680514 -3.259030819 -0.433747977 0.006298394 0.901012242 104.571289062
0.894553840 0.002201609 0.446955055 7.129142761 0.000559986 0.999981523 -0.006046482 -3.278950214 -0.446960151 0.005659192 0.894536018 105.067131042
0.888585389 0.001379015 0.458709210 7.407073975 0.001832889 0.999976814 -0.006556794 -3.299786091 -0.458707571 0.006667035 0.888562262 105.517852783
0.882677853 0.001665409 0.469975561 7.682373047 0.001372145 0.999980330 -0.006120613 -3.322969437 -0.469976544 0.006047404 0.882658184 106.000541687
0.875205457 0.001241143 0.483749807 7.956901550 0.001981105 0.999979079 -0.006149854 -3.346161366 -0.483747303 0.006340745 0.875184715 106.449455261
0.868333578 0.000679650 0.495980054 8.260143280 0.002731744 0.999977291 -0.006152867 -3.361910820 -0.495973021 0.006697632 0.868312061 106.918151855
