1.000000000 0.000000000 0.000000000 0.000000000 0.000000000 1.000000000 0.000000000 0.000000000 0.000000000 0.000000000 1.000000000 0.000000000
1.000000000 -0.000207701 -0.000127860 0.001400722 0.000207724 0.999999940 0.000176478 -0.003853777 0.000127823 -0.000176505 1.000000000 -0.000086718
1.000000000 0.000002224 -0.000052988 0.000173616 -0.000002224 1.000000000 0.000002823 -0.002002093 0.000052988 -0.000002823 1.000000000 -0.000504762
1.000000000 -0.000189480 -0.000132293 0.004784415 0.000189498 1.000000000 0.000136706 -0.003255658 0.000132267 -0.000136731 1.000000000 -0.000929864
0.999999940 -0.000205675 -0.000162550 0.004070314 0.000205688 1.000000000 0.000079668 -0.001335350 0.000162534 -0.000079702 1.000000000 -0.001192236
1.000000000 -0.000051941 0.000027940 0.001333882 0.000051940 1.000000000 0.000024291 -0.001336111 -0.000027941 -0.000024289 1.000000000 0.000565803
0.999999940 -0.000267037 -0.000187918 0.004952527 0.000267076 0.999999940 0.000204339 -0.002982714 0.000187863 -0.000204389 0.999999940 -0.005269427
1.000000000 -0.000185150 -0.000102428 0.000126900 0.000185166 0.999999940 0.000164208 -0.002001233 0.000102398 -0.000164227 1.000000000 -0.001178201
1.000000000 -0.000103288 -0.000096307 0.004363598 0.000103289 1.000000000 0.000007100 -0.002436691 0.000096306 -0.000007110 1.000000000 -0.005630036
0.999999940 -0.000243852 -0.000136990 0.004053634 0.000243860 0.999999940 0.000061212 -0.001475953 0.000136975 -0.000061246 1.000000000 -0.004175981
1.000000000 -0.000205193 -0.000034152 0.000892017 0.000205194 1.000000000 0.000033016 -0.001084803 0.000034145 -0.000033023 1.000000000 -0.001894976
1.000000000 -0.000155573 -0.000145647 0.005231473 0.000155578 1.000000000 0.000031870 -0.001356144 0.000145642 -0.000031893 1.000000000 -0.002988270
1.000000000 -0.000142903 -0.000093039 0.005869099 0.000142912 1.000000000 0.000094731 -0.002313877 0.000093025 -0.000094744 1.000000000 -0.005414721
0.999999940 -0.000227555 -0.000093828 0.003211915 0.000227570 0.999999940 0.000163181 -0.002106675 0.000093791 -0.000163202 1.000000000 -0.002720778
1.000000000 -0.000203763 -0.000121889 0.001921204 0.000203771 1.000000000 0.000061838 -0.000990857 0.000121876 -0.000061863 1.000000000 -0.000393806
1.000000000 -0.000157191 -0.000131993 0.002306189 0.000157201 1.000000000 0.000073863 -0.002230091 0.000131982 -0.000073884 1.000000000 0.001418359
0.999999940 -0.000361062 -0.000065670 -0.000608345 0.000361060 0.999999940 -0.000017837 -0.001744694 0.000065677 0.000017814 1.000000000 -0.002860962
1.000000000 -0.000048883 -0.000031193 0.002935501 0.000048887 1.000000000 0.000116890 -0.003296418 0.000031187 -0.000116892 1.000000000 -0.005241359
1.000000000 -0.000208764 -0.000049275 0.003452612 0.000208772 0.999999940 0.000156151 -0.003858442 0.000049242 -0.000156161 1.000000000 -0.003035838
1.000000000 -0.000227215 -0.000078258 0.002129575 0.000227217 1.000000000 0.000029634 -0.002439978 0.000078251 -0.000029651 1.000000000 -0.002375128
1.000000000 -0.000091830 -0.000086180 0.004527168 0.000091851 0.999999940 0.000242710 -0.004426496 0.000086158 -0.000242718 0.999999940 -0.002578979
1.000000000 -0.000058755 -0.000029094 0.002940502 0.000058758 1.000000000 0.000091884 -0.001392262 0.000029088 -0.000091885 1.000000000 -0.000172551
1.000000000 -0.000194719 -0.000138076 0.007753608 0.000194741 0.999999940 0.000159967 -0.003018836 0.000138044 -0.000159994 1.000000000 -0.000690669
0.999999881 -0.000385090 -0.000290089 0.006274116 0.000385142 0.999999881 0.000179317 -0.002134388 0.000290020 -0.000179428 0.999999940 -0.001650378
1.000000000 -0.000100275 -0.000129242 0.004376158 0.000100286 1.000000000 0.000084009 -0.001230246 0.000129233 -0.000084022 1.000000000 -0.007684305
0.999999940 -0.000229054 -0.000112654 0.004799002 0.000229070 0.999999940 0.000139931 -0.001724841 0.000112622 -0.000139956 1.000000000 -0.003978988
0.999999940 -0.000273105 -0.000118102 -0.000305088 0.000273123 0.999999940 0.000145748 -0.005680070 0.000118062 -0.000145780 1.000000000 -0.009623818
0.999999940 -0.000348623 -0.000124580 0.001140204 0.000348651 0.999999940 0.000220269 -0.003141849 0.000124504 -0.000220312 0.999999940 -0.006497095
0.999999940 -0.000241649 -0.000141245 0.001979107 0.000241664 0.999999940 0.000103764 0.000816189 0.000141220 -0.000103798 1.000000000 -0.004727418
1.000000000 -0.000126338 -0.000051302 -0.000724787 0.000126345 1.000000000 0.000137535 0.000050364 0.000051285 -0.000137542 1.000000000 0.002549366
0.999999940 -0.000255991 -0.000139493 0.001228329 0.000256011 0.999999940 0.000141103 -0.000567692 0.000139457 -0.000141139 1.000000000 -0.001290223
0.999999940 -0.000296747 -0.000096997 -0.002386242 0.000296762 0.999999940 0.000157959 -0.003710264 0.000096950 -0.000157987 1.000000000 -0.006234894
0.999999940 -0.000362137 -0.000150160 0.003246648 0.000362161 0.999999940 0.000163219 -0.003519250 0.000150101 -0.000163274 1.000000000 -0.005360521
1.000000000 -0.000072121 -0.000079464 0.001988993 0.000072127 1.000000000 0.000078431 -0.000605699 0.000079458 -0.000078437 1.000000000 -0.004871296
1.000000000 -0.000185195 -0.000104701 0.001759693 0.000185210 1.000000000 0.000140514 -0.001162817 0.000104675 -0.000140534 1.000000000 -0.003794211
1.000000000 -0.000162395 -0.000001064 -0.000539977 0.000162395 1.000000000 0.000030108 0.000995814 0.000001059 -0.000030108 1.000000000 -0.004820827
1.000000000 -0.000111035 -0.000093846 0.002048219 0.000111038 1.000000000 0.000032335 -0.000476605 0.000093843 -0.000032345 1.000000000 -0.007173584
0.999999940 -0.000361356 -0.000201834 0.003932957 0.000361365 0.999999940 0.000045621 0.000494682 0.000201817 -0.000045694 1.000000000 -0.000128168
1.000000000 -0.000126664 -0.000130963 0.001264413 0.000126698 0.999999940 0.000262015 -0.001035580 0.000130930 -0.000262032 0.999999940 -0.003542488
0.999999821 -0.000508120 -0.000247680 0.005295446 0.000508150 0.999999881 0.000122677 -0.003179809 0.000247617 -0.000122803 0.999999940 -0.001641508
0.999999940 -0.000210501 -0.000180588 0.008898209 0.000210426 0.999999881 -0.000417771 -0.009144579 0.000180676 0.000417733 0.999999881 0.046456940
0.999999940 -0.000210090 -0.000139269 0.007672730 0.000209934 0.999999344 -0.001123978 -0.007390321 0.000139505 0.001123949 0.999999344 0.141852707
0.999999940 -0.000105859 -0.000287740 0.014710966 0.000105523 0.999999285 -0.001167498 -0.015010897 0.000287864 0.001167468 0.999999285 0.248815238
0.999999940 -0.000281122 0.000036515 0.007083749 0.000281169 0.999999106 -0.001306209 -0.016157471 -0.000036147 0.001306219 0.999999166 0.390519440
1.000000000 0.000029199 -0.000107383 0.008148017 -0.000029313 0.999999464 -0.001058807 -0.021977145 0.000107352 0.001058810 0.999999404 0.530884147
1.000000000 0.000119281 0.000031449 0.016840853 -0.000119252 0.999999583 -0.000909961 -0.029188337 -0.000031558 0.000909957 0.999999583 0.681404173
1.000000000 -0.000178200 0.000124978 0.025857193 0.000178291 0.999999702 -0.000722327 -0.033290129 -0.000124849 0.000722349 0.999999702 0.863649249
0.999999940 -0.000298459 -0.000096179 0.027491093 0.000298414 0.999999821 -0.000465983 -0.039259430 0.000096318 0.000465954 0.999999881 1.022607923
0.999999881 0.000045935 0.000476268 0.011485274 -0.000045629 0.999999821 -0.000641823 -0.040594108 -0.000476297 0.000641802 0.999999702 1.198472261
0.999999940 -0.000182859 0.000286256 0.031735439 0.000182968 0.999999881 -0.000382258 -0.052060366 -0.000286186 0.000382310 0.999999881 1.394517183
0.999999881 0.000237543 0.000382737 0.035379890 -0.000237398 0.999999881 -0.000379537 -0.061639708 -0.000382827 0.000379446 0.999999881 1.593604326
0.999999940 -0.000145732 0.000367775 0.024133934 0.000145718 1.000000000 0.000040358 -0.063619629 -0.000367781 -0.000040304 0.999999940 1.799247742
0.999999166 -0.000479661 0.001204820 0.014976272 0.000479518 0.999999821 0.000119039 -0.067831099 -0.001204876 -0.000118461 0.999999285 1.949750900
0.999998927 -0.000587646 0.001376894 0.017992051 0.000587670 0.999999762 -0.000017184 -0.074906684 -0.001376884 0.000017993 0.999999106 2.179777145
0.999998689 -0.000125362 0.001611064 0.018445957 0.000125393 0.999999940 -0.000019292 -0.076195613 -0.001611062 0.000019494 0.999998748 2.390194893
0.999999344 -0.000533146 0.000990693 0.025255395 0.000532890 0.999999821 0.000258553 -0.095243961 -0.000990831 -0.000258025 0.999999464 2.624479771
0.999998987 -0.000646004 0.001217842 0.032084994 0.000645553 0.999999702 0.000371055 -0.103683159 -0.001218082 -0.000370269 0.999999166 2.856595755
0.999999225 -0.000516878 0.001088216 0.042272024 0.000516556 0.999999762 0.000296867 -0.107968815 -0.001088370 -0.000296305 0.999999285 3.107959747
0.999998450 -0.001022714 0.001428821 0.034546182 0.001022095 0.999999344 0.000434237 -0.119856641 -0.001429264 -0.000432775 0.999998868 3.336775303
0.999998391 -0.001323656 0.001194371 0.043815315 0.001322665 0.999998748 0.000829716 -0.130390197 -0.001195468 -0.000828135 0.999998927 3.579698086
0.999998391 -0.001376934 0.001133375 0.052634250 0.001376215 0.999998927 0.000635330 -0.131672919 -0.001134248 -0.000633769 0.999999166 3.848334789
0.999998033 -0.001424988 0.001406708 0.052673921 0.001423649 0.999998569 0.000952915 -0.144653067 -0.001408064 -0.000950911 0.999998510 4.104989529
0.999998033 -0.001076844 0.001667150 0.039419323 0.001074449 0.999998391 0.001437036 -0.169512779 -0.001668694 -0.001435242 0.999997556 4.349558353
0.999998331 -0.001096305 0.001467905 0.052345298 0.001094379 0.999998510 0.001312383 -0.174978137 -0.001469341 -0.001310774 0.999998093 4.618217468
0.999997437 -0.001446148 0.001755136 0.051774263 0.001443132 0.999997437 0.001718631 -0.189621061 -0.001757617 -0.001716094 0.999996960 4.887290478
0.999998093 -0.000900931 0.001732794 0.076105103 0.000898575 0.999998689 0.001359335 -0.191315830 -0.001734016 -0.001357776 0.999997556 5.161769867
0.999997914 -0.000865195 0.001865326 0.060294524 0.000861946 0.999998152 0.001741855 -0.198614419 -0.001866829 -0.001740244 0.999996722 5.428215981
0.999997616 -0.001651043 0.001430237 0.057566047 0.001648130 0.999996483 0.002035383 -0.226500481 -0.001433593 -0.002033021 0.999996841 5.693812847
0.999997616 -0.001303937 0.001783667 0.057567522 0.001300246 0.999996960 0.002068911 -0.233394668 -0.001786359 -0.002066587 0.999996245 5.961974144
0.999997556 -0.001364296 0.001740419 0.065929480 0.001360377 0.999996543 0.002250806 -0.244144097 -0.001743484 -0.002248433 0.999995947 6.249825954
0.999997139 -0.001112179 0.002083152 0.069668248 0.001107229 0.999996543 0.002375405 -0.253359079 -0.002085787 -0.002373092 0.999994993 6.520956993
0.999997556 -0.000983090 0.001954226 0.073063582 0.000979393 0.999997735 0.001891791 -0.266398847 -0.001956082 -0.001889872 0.999996245 6.830920696
0.999996066 -0.001554346 0.002305152 0.083179921 0.001549938 0.999996960 0.001912775 -0.271624207 -0.002308118 -0.001909194 0.999995530 7.121728897
0.999997020 -0.001392677 0.002019480 0.090302043 0.001388287 0.999996662 0.002173593 -0.282730758 -0.002022501 -0.002170783 0.999995589 7.425313473
0.999996543 -0.001230515 0.002352301 0.095676608 0.001225310 0.999996841 0.002213142 -0.295269966 -0.002355017 -0.002210252 0.999994814 7.743336201
0.999996483 -0.001707050 0.002007721 0.114632905 0.001702832 0.999996305 0.002100555 -0.295403183 -0.002011299 -0.002097128 0.999995828 8.055615425
0.999996781 -0.001505955 0.002013732 0.101336345 0.001500992 0.999995828 0.002463523 -0.326760054 -0.002017434 -0.002460493 0.999994934 8.390963554
0.999997437 -0.001109875 0.001949681 0.115050055 0.001105222 0.999996543 0.002386172 -0.334220856 -0.001952323 -0.002384011 0.999995232 8.703290939
0.999997020 -0.001260789 0.002099135 0.115029976 0.001255530 0.999996006 0.002505104 -0.348133236 -0.002102285 -0.002502461 0.999994636 9.054427147
0.999996126 -0.001922291 0.001977220 0.126536995 0.001917553 0.999995291 0.002395305 -0.356479496 -0.001981815 -0.002391504 0.999995172 9.398333549
0.999995708 -0.002311847 0.001787122 0.128883064 0.002306945 0.999993563 0.002739993 -0.371244639 -0.001793445 -0.002735858 0.999994636 9.749977112
0.999997199 -0.001407920 0.001931922 0.135491982 0.001402534 0.999995112 0.002786132 -0.384523839 -0.001935836 -0.002783414 0.999994278 10.087617874
0.999996543 -0.001565724 0.002094975 0.132394537 0.001559746 0.999994695 0.002851904 -0.395963281 -0.002099429 -0.002848626 0.999993801 10.460183144
0.999995649 -0.001137246 0.002710021 0.125469714 0.001127570 0.999993086 0.003569008 -0.412992477 -0.002714061 -0.003565937 0.999989927 10.802201271
0.999996305 -0.002233823 0.001540159 0.155295357 0.002228963 0.999992490 0.003149776 -0.414011151 -0.001547184 -0.003146332 0.999993861 11.181727409
0.999996483 -0.001702077 0.001986733 0.156875670 0.001695758 0.999993443 0.003177976 -0.426046312 -0.001992130 -0.003174596 0.999992967 11.560654640
0.999995112 -0.002635100 0.001677961 0.168591797 0.002629884 0.999991715 0.003103132 -0.435835540 -0.001686124 -0.003098704 0.999993742 11.961321831
0.999997199 -0.001295959 0.001955750 0.176400349 0.001289209 0.999993205 0.003448643 -0.450813115 -0.001960207 -0.003446112 0.999992132 12.299177170
0.999994457 -0.002544526 0.002135220 0.168932796 0.002536715 0.999990046 0.003653151 -0.470761091 -0.002144494 -0.003647714 0.999991000 12.716425896
0.999994576 -0.002551477 0.002073888 0.183816195 0.002543730 0.999989748 0.003729643 -0.478032976 -0.002083383 -0.003724348 0.999990880 13.115517616
0.999994040 -0.002378561 0.002469715 0.191723973 0.002370002 0.999991238 0.003462580 -0.487173527 -0.002477930 -0.003456707 0.999991000 13.535959244
0.999993980 -0.002418718 0.002462912 0.208270401 0.002408939 0.999989271 0.003965683 -0.500775933 -0.002472477 -0.003959727 0.999989092 13.949034691
0.999993682 -0.002767004 0.002234702 0.199926466 0.002757123 0.999986470 0.004412899 -0.523000836 -0.002246883 -0.004406710 0.999987721 14.340939522
0.999993026 -0.003079082 0.002106698 0.216634855 0.003070771 0.999987543 0.003937310 -0.531914949 -0.002118796 -0.003930813 0.999989986 14.776795387
0.999992609 -0.002698385 0.002723026 0.214539438 0.002686155 0.999986351 0.004484918 -0.541784465 -0.002735090 -0.004477571 0.999986172 15.183610916
0.999992132 -0.002579369 0.002996037 0.227041975 0.002565302 0.999985754 0.004689761 -0.563102365 -0.003008090 -0.004682038 0.999984562 15.583092690
0.999989510 -0.003532238 0.002923451 0.244246811 0.003518568 0.999982893 0.004667877 -0.588460028 -0.002939889 -0.004657541 0.999984860 16.077489853
0.999986947 -0.004019511 0.003163736 0.260299444 0.004004464 0.999980688 0.004748340 -0.599739611 -0.003182761 -0.004735609 0.999983788 16.521486282
0.999987125 -0.003992875 0.003142462 0.275072783 0.003977802 0.999980628 0.004788432 -0.603632450 -0.003161521 -0.004775871 0.999983609 16.991249084
0.999987423 -0.002539246 0.004338656 0.272621870 0.002517533 0.999984324 0.005002633 -0.613050699 -0.004351290 -0.004991647 0.999978125 17.440980911
0.999984324 -0.003925998 0.004003246 0.281552017 0.003905756 0.999979615 0.005051669 -0.630909681 -0.004022997 -0.005035955 0.999979258 17.887027740
0.999984980 -0.003861520 0.003867487 0.289912701 0.003840193 0.999977469 0.005506584 -0.658425033 -0.003888665 -0.005491651 0.999977350 18.360143661
0.999982059 -0.004434293 0.004000237 0.303519756 0.004412390 0.999975383 0.005467619 -0.663132727 -0.004024383 -0.005449872 0.999977052 18.843156815
0.999978602 -0.005210488 0.003952468 0.319043189 0.005185802 0.999967098 0.006230575 -0.686838508 -0.003984803 -0.006209946 0.999972761 19.302465439
0.999982655 -0.004398440 0.003920844 0.316313922 0.004376268 0.999974608 0.005645387 -0.702539623 -0.003945574 -0.005628130 0.999976397 19.795160294
0.999985039 -0.004337578 0.003342505 0.330995917 0.004317247 0.999972284 0.006066081 -0.716896892 -0.003368723 -0.006051560 0.999976039 20.278848648
0.999983072 -0.004496402 0.003687806 0.347436994 0.004473304 0.999970496 0.006247739 -0.727421761 -0.003715789 -0.006231136 0.999973714 20.752672195
0.999981403 -0.004933667 0.003568712 0.342132926 0.004910436 0.999966979 0.006489296 -0.756595016 -0.003600609 -0.006471652 0.999972582 21.248271942
0.999985874 -0.004341612 0.003058659 0.350711793 0.004322025 0.999970317 0.006381305 -0.757238746 -0.003086273 -0.006367997 0.999974966 21.750940323
0.999985158 -0.004587548 0.002938315 0.358600944 0.004569216 0.999970198 0.006215540 -0.772503734 -0.002966742 -0.006202022 0.999976397 22.278482437
0.999986410 -0.004799689 0.002052051 0.377905637 0.004785582 0.999965250 0.006825265 -0.800869763 -0.002084740 -0.006815351 0.999974608 22.769109726
0.999982059 -0.005710829 0.001822136 0.362606138 0.005699314 0.999964118 0.006263473 -0.802287102 -0.001857840 -0.006252975 0.999978721 23.260681152
0.999977171 -0.006713788 0.000799875 0.382251561 0.006708364 0.999955714 0.006600646 -0.826042235 -0.000844155 -0.006595129 0.999977887 23.794960022
0.999979258 -0.006399217 0.000799773 0.372527093 0.006393667 0.999956727 0.006758397 -0.831977069 -0.000842987 -0.006753143 0.999976754 24.328227997
0.999983490 -0.005746385 -0.000211806 0.393354237 0.005747668 0.999961317 0.006651671 -0.849706769 0.000173574 -0.006652778 0.999977827 24.837781906
0.999980509 -0.006192892 -0.000861451 0.403317720 0.006198450 0.999958992 0.006606896 -0.858098388 0.000820500 -0.006612106 0.999977767 25.376928329
0.999979079 -0.006146110 -0.002035946 0.413963646 0.006159857 0.999957740 0.006816396 -0.860952854 0.001993966 -0.006828794 0.999974668 25.929841995
0.999980450 -0.005980000 -0.001831714 0.411235839 0.005992349 0.999958813 0.006811750 -0.882863402 0.001790904 -0.006822593 0.999975145 26.400428772
0.999978065 -0.006200542 -0.002341236 0.425810099 0.006217084 0.999955297 0.007125312 -0.891030371 0.002296950 -0.007139710 0.999971926 26.951995850
0.999968767 -0.007219279 -0.003206350 0.441384435 0.007244120 0.999943256 0.007804811 -0.917770684 0.003149823 -0.007827794 0.999964416 27.502855301
0.999978781 -0.005822179 -0.002928901 0.435000390 0.005844272 0.999954104 0.007591712 -0.926082730 0.002884567 -0.007608668 0.999966919 28.100482941
0.999978542 -0.005596504 -0.003403985 0.429106802 0.005623627 0.999952078 0.008011390 -0.955375969 0.003358986 -0.008030361 0.999962032 28.590915680
0.999979317 -0.005517272 -0.003293715 0.434732735 0.005545147 0.999948323 0.008514842 -0.976090431 0.003246567 -0.008532930 0.999958336 29.147325516
0.999973178 -0.005967124 -0.004241572 0.452955157 0.006002664 0.999946594 0.008416243 -0.983028412 0.004191125 -0.008441480 0.999955535 29.678430557
0.999966562 -0.006736635 -0.004624986 0.464170039 0.006774071 0.999944091 0.008126807 -0.990928769 0.004569979 -0.008157866 0.999956310 30.214450836
0.999964476 -0.006889284 -0.004855698 0.465895265 0.006929748 0.999940991 0.008366385 -1.006082654 0.004797774 -0.008399737 0.999953210 30.764118195
0.999971926 -0.005738794 -0.004803004 0.468464553 0.005782574 0.999941349 0.009151397 -1.030926585 0.004750203 -0.009178914 0.999946594 31.236248016
0.999970615 -0.005393518 -0.005449417 0.478672504 0.005443848 0.999942243 0.009263402 -1.044159412 0.005399141 -0.009292795 0.999942243 31.780937195
0.999958754 -0.007147848 -0.005602061 0.498713762 0.007199302 0.999931574 0.009219148 -1.055278420 0.005535780 -0.009259099 0.999941826 32.343864441
0.999961138 -0.006683368 -0.005744361 0.494161993 0.006735284 0.999936223 0.009066436 -1.061876416 0.005683401 -0.009104774 0.999942422 32.833843231
0.999962509 -0.006464137 -0.005754930 0.487083137 0.006517787 0.999935031 0.009352972 -1.081947565 0.005694097 -0.009390131 0.999939740 33.371921539
0.999969661 -0.005436842 -0.005571957 0.485012919 0.005491449 0.999936581 0.009832329 -1.100478649 0.005518147 -0.009862631 0.999936163 33.901924133
0.999962211 -0.006341020 -0.005949871 0.495973706 0.006399133 0.999931455 0.009799408 -1.115408778 0.005887325 -0.009837111 0.999934256 34.435409546
0.999953270 -0.007028719 -0.006638143 0.514725626 0.007090504 0.999931216 0.009330261 -1.127264261 0.006572107 -0.009376892 0.999934375 34.965946198
0.999958336 -0.006493605 -0.006414484 0.505056322 0.006556085 0.999930799 0.009767931 -1.140154839 0.006350610 -0.009809578 0.999931693 35.497455597
0.999954164 -0.007055050 -0.006476629 0.504547477 0.007118540 0.999926329 0.009832800 -1.154528379 0.006406781 -0.009878455 0.999930680 36.051872253
0.999961436 -0.006145237 -0.006270054 0.523701906 0.006205026 0.999935031 0.009561187 -1.161062241 0.006210890 -0.009599723 0.999934554 36.611148834
0.999962807 -0.006176994 -0.006018113 0.504433274 0.006236977 0.999930561 0.009999732 -1.184844971 0.005955928 -0.010036895 0.999931872 37.093292236
0.999950171 -0.007237499 -0.006878545 0.527353048 0.007308330 0.999919951 0.010328478 -1.205344319 0.006803242 -0.010378232 0.999922991 37.661457062
0.999954581 -0.006488079 -0.006979836 0.539360285 0.006553994 0.999933779 0.009462461 -1.190318346 0.006917980 -0.009507776 0.999930859 38.228164673
0.999948084 -0.006786871 -0.007606202 0.538314104 0.006858304 0.999932230 0.009404762 -1.204449415 0.007541857 -0.009456438 0.999926805 38.778797150
0.999951482 -0.006564335 -0.007338736 0.545185208 0.006633026 0.999934077 0.009375202 -1.217711926 0.007276709 -0.009423425 0.999929130 39.276287079
0.999952912 -0.007014643 -0.006709910 0.522025347 0.007086832 0.999916613 0.010795899 -1.246958852 0.006633622 -0.010842943 0.999919236 39.735740662
0.999953032 -0.006857047 -0.006863514 0.534423888 0.006931159 0.999917269 0.010832842 -1.262736082 0.006788666 -0.010879902 0.999917805 40.293975830
0.999961495 -0.006387923 -0.006021114 0.506280839 0.006450972 0.999923885 0.010510559 -1.270345330 0.005953515 -0.010548997 0.999926627 40.845329285
0.999940515 -0.007564893 -0.007863551 0.552618980 0.007646795 0.999916255 0.010438050 -1.287907362 0.007783931 -0.010497560 0.999914646 41.432559967
0.999941230 -0.007752206 -0.007574961 0.543587089 0.007839812 0.999901891 0.011604838 -1.310777664 0.007484254 -0.011663544 0.999903977 41.966876984
0.999952495 -0.006718725 -0.007064088 0.551766992 0.006796682 0.999915600 0.011070206 -1.317112684 0.006989113 -0.011117690 0.999913752 42.436439514
0.999945402 -0.007312812 -0.007475697 0.569251537 0.007397822 0.999907553 0.011407716 -1.329233646 0.007391583 -0.011462395 0.999907017 42.983253479
0.999952972 -0.006474912 -0.007222911 0.577715278 0.006554036 0.999918163 0.010985256 -1.337743998 0.007151191 -0.011032079 0.999913573 43.511802673
0.999938130 -0.007858041 -0.007873033 0.604824126 0.007943075 0.999909818 0.010828412 -1.317218781 0.007787232 -0.010890277 0.999910355 44.091487885
0.999950051 -0.007030156 -0.007093367 0.565628588 0.007111294 0.999908805 0.011479042 -1.354037523 0.007012021 -0.011528913 0.999908924 44.569740295
0.999942005 -0.007820145 -0.007393250 0.582698941 0.007901697 0.999907553 0.011066571 -1.362767458 0.007306026 -0.011124348 0.999911427 45.134693146
0.999941289 -0.007965473 -0.007335540 0.592390239 0.008051006 0.999899030 0.011705130 -1.368312955 0.007241564 -0.011763501 0.999904633 45.651683807
0.999957502 -0.006080340 -0.006929029 0.607829869 0.006159774 0.999914885 0.011500893 -1.405560017 0.006858511 -0.011543086 0.999909878 46.091743469
0.999961078 -0.005769310 -0.006687111 0.618466914 0.005847180 0.999914646 0.011684373 -1.415585041 0.006619130 -0.011723019 0.999909401 46.636402130
0.999957323 -0.005752567 -0.007221318 0.632942379 0.005834875 0.999917626 0.011429018 -1.422079206 0.007154976 -0.011470669 0.999908626 47.189384460
0.999956191 -0.006047532 -0.007146363 0.632464468 0.006127720 0.999917924 0.011252588 -1.420960188 0.007077726 -0.011295886 0.999911189 47.731571198
0.999956667 -0.006204698 -0.006940771 0.619740963 0.006283807 0.999914885 0.011434582 -1.442290306 0.006869232 -0.011477700 0.999910533 48.171638489
0.999949694 -0.006638510 -0.007523971 0.636910677 0.006723386 0.999913454 0.011312165 -1.448844671 0.007448224 -0.011362181 0.999907732 48.702800751
0.999950647 -0.006622052 -0.007406197 0.656254649 0.006705740 0.999913275 0.011332602 -1.455542088 0.007330510 -0.011381708 0.999908328 49.257335663
0.999948859 -0.006526987 -0.007728872 0.661880016 0.006610928 0.999918818 0.010885444 -1.461060524 0.007657196 -0.010935980 0.999910951 49.822937012
0.999957919 -0.005762613 -0.007131829 0.638776183 0.005846030 0.999914110 0.011731450 -1.485288858 0.007063613 -0.011772652 0.999905765 50.261459351
0.999954760 -0.006080472 -0.007310886 0.649265766 0.006166871 0.999910712 0.011853917 -1.494676113 0.007238157 -0.011898465 0.999903023 50.807464600
0.999960661 -0.005363183 -0.007071661 0.637735069 0.005445325 0.999917328 0.011648166 -1.505545855 0.007008605 -0.011686215 0.999907136 51.352931976
0.999954700 -0.005985424 -0.007395783 0.672339320 0.006071612 0.999913275 0.011686676 -1.503596663 0.007325191 -0.011731052 0.999904335 51.906162262
0.999953806 -0.006215937 -0.007329597 0.662475348 0.006302103 0.999910533 0.011791910 -1.527539253 0.007255646 -0.011837556 0.999903619 52.350502014
0.999963522 -0.005219959 -0.006761964 0.660413980 0.005297056 0.999920547 0.011434317 -1.534093976 0.006701743 -0.011469716 0.999911785 52.904876709
0.999969482 -0.004770803 -0.006194375 0.638284385 0.004842668 0.999920487 0.011638932 -1.558309555 0.006138357 -0.011668572 0.999913096 53.422389984
0.999959528 -0.005553331 -0.007077884 0.648417592 0.005633210 0.999920011 0.011316161 -1.555961490 0.007014477 -0.011355571 0.999910891 53.950813293
0.999959886 -0.005592469 -0.006997901 0.664610267 0.005676512 0.999911308 0.012048112 -1.579198122 0.006929901 -0.012087353 0.999902904 54.387966156
0.999958336 -0.005816033 -0.007029786 0.677085042 0.005899614 0.999911487 0.011927972 -1.583867073 0.006959791 -0.011968948 0.999904156 54.939453125
0.999959707 -0.005647695 -0.006980293 0.676691055 0.005726650 0.999919176 0.011343352 -1.586142778 0.006915665 -0.011382869 0.999911308 55.480236053
0.999956310 -0.006057188 -0.007128817 0.709042490 0.006139725 0.999913692 0.011613596 -1.591441393 0.007057855 -0.011656857 0.999907076 56.000091553
0.999959052 -0.005541014 -0.007152651 0.738922238 0.005622519 0.999918938 0.011425796 -1.586720943 0.007088760 -0.011465545 0.999909103 56.539710999
0.999963522 -0.005142807 -0.006820351 0.704616427 0.005228052 0.999907672 0.012540196 -1.624411702 0.006755230 -0.012575396 0.999898076 56.915451050
0.999967396 -0.004868579 -0.006452920 0.711285472 0.004945300 0.999916553 0.011927080 -1.631010532 0.006394314 -0.011958601 0.999908090 57.451156616
0.999962091 -0.005038788 -0.007107022 0.722180605 0.005125852 0.999911308 0.012285803 -1.636333227 0.007044487 -0.012321765 0.999899268 58.003467560
0.999952614 -0.006211951 -0.007499016 0.741491139 0.006293329 0.999920964 0.010877499 -1.625003099 0.007430852 -0.010924175 0.999912739 58.550834656
0.999958158 -0.005905030 -0.006980534 0.735281825 0.005985014 0.999916077 0.011493341 -1.635458231 0.006912080 -0.011534638 0.999909639 59.042835236
0.999965310 -0.005094291 -0.006597136 0.725286126 0.005172943 0.999915004 0.011960340 -1.678754330 0.006535647 -0.011994050 0.999906778 59.566150665
0.999962628 -0.005502317 -0.006671951 0.743254900 0.005584788 0.999907553 0.012405961 -1.675075650 0.006603074 -0.012442762 0.999900758 59.910476685
0.999961734 -0.005366351 -0.006922812 0.778308868 0.005460836 0.999891162 0.013702244 -1.701577902 0.006848529 -0.013739523 0.999882162 60.414951324
0.999962568 -0.005620784 -0.006580170 0.739007175 0.005702304 0.999906421 0.012436251 -1.697191834 0.006509654 -0.012473308 0.999900997 61.002483368
0.999969482 -0.004984329 -0.006011443 0.731640875 0.005056341 0.999914885 0.012024138 -1.701573730 0.005950999 -0.012054166 0.999909580 61.552661896
0.999971926 -0.004689944 -0.005839304 0.737375498 0.004764006 0.999907494 0.012734776 -1.714181423 0.005779041 -0.012762238 0.999901831 61.975933075
0.999968588 -0.005411970 -0.005797419 0.745742738 0.005487126 0.999900103 0.013027205 -1.733392715 0.005726338 -0.013058608 0.999898314 62.530445099
0.999967754 -0.005254487 -0.006077069 0.738724530 0.005332409 0.999902844 0.012877913 -1.735949278 0.006008812 -0.012909903 0.999898553 63.054973602
0.999971807 -0.004423192 -0.006061751 0.756856084 0.004501749 0.999905229 0.013007863 -1.761454821 0.006003640 -0.013034786 0.999897063 63.574932098
0.999970734 -0.004643946 -0.006074756 0.758720756 0.004724557 0.999900103 0.013323451 -1.772825718 0.006012275 -0.013351765 0.999892712 63.999782562
0.999972105 -0.004366415 -0.006060617 0.774702907 0.004447000 0.999901116 0.013347498 -1.780866623 0.006001738 -0.013374076 0.999892533 64.542259216
0.999967039 -0.005278404 -0.006179336 0.794839263 0.005362833 0.999891460 0.013727237 -1.784633279 0.006106206 -0.013759922 0.999886692 65.091987610
0.999973893 -0.004332657 -0.005786420 0.777070880 0.004412170 0.999895155 0.013800134 -1.806497693 0.005726020 -0.013825309 0.999888003 65.525817871
0.999977112 -0.004026267 -0.005439508 0.781694293 0.004101382 0.999895394 0.013869076 -1.812430382 0.005383098 -0.013891069 0.999889016 66.070434570
0.999979258 -0.003369015 -0.005498842 0.791423082 0.003443135 0.999902606 0.013525855 -1.829837441 0.005452738 -0.013544508 0.999893308 66.588470459
0.999982417 -0.003075111 -0.005081019 0.783316135 0.003142940 0.999905288 0.013395894 -1.836387396 0.005039344 -0.013411629 0.999897301 67.150665283
0.999978244 -0.003682998 -0.005467822 0.796336055 0.003759914 0.999893188 0.014124158 -1.849560022 0.005415219 -0.014144409 0.999885261 67.544158936
0.999978244 -0.003462963 -0.005611496 0.812952638 0.003543011 0.999891281 0.014318392 -1.864828110 0.005561302 -0.014337963 0.999881744 68.079879761
0.999979436 -0.003286661 -0.005495156 0.819537282 0.003361549 0.999900818 0.013674794 -1.864671707 0.005449666 -0.013692986 0.999891400 68.627494812
0.999979317 -0.003500589 -0.005394409 0.829237938 0.003575173 0.999897301 0.013879106 -1.860649347 0.005345270 -0.013898103 0.999889135 69.046516418
0.999981463 -0.003269176 -0.005141754 0.843480706 0.003338891 0.999901891 0.013608953 -1.871397495 0.005096759 -0.013625869 0.999894142 69.575325012
0.999984384 -0.002751989 -0.004849676 0.852213383 0.002819095 0.999899626 0.013885029 -1.887343407 0.004810978 -0.013898485 0.999891877 70.088386536
0.999982357 -0.003227228 -0.004975311 0.861857295 0.003297543 0.999893904 0.014189891 -1.895874143 0.004928989 -0.014206047 0.999886930 70.562393188
0.999980390 -0.003260457 -0.005332886 0.868821740 0.003334783 0.999896646 0.013988416 -1.902531266 0.005286727 -0.014005929 0.999887884 71.128952026
0.999987781 -0.002298948 -0.004371970 0.869883835 0.002359662 0.999900222 0.013932889 -1.907653451 0.004339503 -0.013943036 0.999893367 71.656150818
0.999981046 -0.003138640 -0.005299375 0.909252167 0.003210610 0.999902010 0.013627432 -1.918729782 0.005256084 -0.013644187 0.999893069 72.167716980
0.999981761 -0.003290067 -0.005055561 0.902397156 0.003360572 0.999896288 0.014001340 -1.917200565 0.005008972 -0.014018076 0.999889195 72.628440857
0.999982774 -0.003096421 -0.004983555 0.904243231 0.003164540 0.999900818 0.013719448 -1.924426317 0.004940581 -0.013734983 0.999893427 73.172996521
0.999977767 -0.003994436 -0.005333813 0.905502558 0.004067711 0.999896407 0.013798323 -1.928977489 0.005278146 -0.013819713 0.999890566 73.699775696
0.999980807 -0.003374410 -0.005203541 0.978870153 0.003443103 0.999906301 0.013249230 -1.946771264 0.005158344 -0.013266889 0.999898672 74.160476685
0.999979556 -0.003775529 -0.005158780 0.944702744 0.003846642 0.999896705 0.013845121 -1.951387405 0.005105975 -0.013864684 0.999890804 74.667846680
0.999978840 -0.003801142 -0.005263530 0.946838617 0.003873141 0.999898136 0.013736817 -1.965014458 0.005210779 -0.013756914 0.999891758 75.189498901
0.999979079 -0.003804262 -0.005210354 0.958042741 0.003874710 0.999900281 0.013578168 -1.962741852 0.005158179 -0.013598073 0.999894261 75.697364807
0.999970973 -0.004820566 -0.005900381 0.981387377 0.004898228 0.999900699 0.013219174 -1.967268825 0.005836071 -0.013247693 0.999895155 76.265853882
0.999978602 -0.003953773 -0.005200995 0.953344584 0.004024341 0.999899030 0.013628496 -1.963546991 0.005146585 -0.013649134 0.999893606 76.763000488
0.999980688 -0.003528703 -0.005121346 0.955157161 0.003598132 0.999900937 0.013611414 -1.970825315 0.005072808 -0.013629578 0.999894261 77.330337524
0.999982476 -0.003207998 -0.004977426 0.945250034 0.003276364 0.999899626 0.013788523 -1.982387424 0.004932694 -0.013804590 0.999892533 77.919639587
0.999987841 -0.003623265 -0.003388497 0.950239599 0.003668973 0.999901056 0.013581501 -1.978379011 0.003338952 -0.013593764 0.999902010 78.372375488
0.999987006 -0.004499761 -0.002433659 0.960887849 0.004531565 0.999902308 0.013224490 -1.983077765 0.002373914 -0.013235345 0.999909580 78.934974670
0.999989867 -0.004200359 -0.001602726 0.969925880 0.004220397 0.999910355 0.012711112 -1.995222330 0.001549191 -0.012717746 0.999917924 79.463058472
0.999991953 -0.004009368 -0.000319883 0.983137488 0.004013133 0.999910116 0.012794122 -1.982936382 0.000268557 -0.012795303 0.999918103 80.057067871
0.999987364 -0.003334366 0.003757073 0.928354263 0.003283543 0.999904096 0.013453317 -2.013738155 -0.003801571 -0.013440811 0.999902427 80.487365723
0.999969602 -0.002245676 0.007469308 0.947610259 0.002147765 0.999912024 0.013090826 -2.019593239 -0.007498049 -0.013074386 0.999886394 81.027206421
0.999940395 -0.001763034 0.010774558 0.963120699 0.001625259 0.999916971 0.012782454 -2.011594296 -0.010796200 -0.012764182 0.999860168 81.573005676
0.999893010 -0.003377182 0.014233192 1.007940650 0.003209986 0.999925733 0.011753459 -2.003440142 -0.014271831 -0.011706514 0.999829590 82.109535217
0.999783456 -0.002398392 0.020668522 1.014525294 0.002136036 0.999916971 0.012706270 -2.028326035 -0.020697283 -0.012659371 0.999705613 82.580818176
0.999643266 -0.002450880 0.026595505 1.032128692 0.002093928 0.999907434 0.013441087 -2.046856165 -0.026625987 -0.013380604 0.999555886 83.042533875
0.999453723 -0.001577787 0.033010595 1.059603214 0.001100863 0.999894857 0.014460810 -2.054796457 -0.033029936 -0.014416570 0.999350369 83.585922241
0.999163032 -0.001396478 0.040881209 1.091724396 0.000825892 0.999902129 0.013970745 -2.060955048 -0.040896714 -0.013925289 0.999066293 84.152336121
0.998806536 -0.003112518 0.048741557 1.158491611 0.002438667 0.999900758 0.013878351 -2.075066328 -0.048779912 -0.013742927 0.998714924 84.608581543
0.998407722 -0.002427444 0.056358248 1.196273327 0.001657946 0.999904811 0.013696432 -2.075162411 -0.056386132 -0.013581186 0.998316646 85.142646790
0.997906804 -0.003007151 0.064598374 1.262199879 0.002155704 0.999909997 0.013246275 -2.092992306 -0.064632393 -0.013079294 0.997823358 85.712104797
0.997172832 -0.002431300 0.075101942 1.288705349 0.001381805 0.999900699 0.014023072 -2.117709875 -0.075128593 -0.013879651 0.997077167 86.155517578
0.996455729 -0.002549689 0.084080331 1.351677895 0.001395127 0.999904037 0.013787551 -2.123690605 -0.084107414 -0.013621379 0.996363580 86.712158203
0.995758533 -0.003126475 0.091952108 1.418660641 0.001853626 0.999901354 0.013924669 -2.125773191 -0.091986574 -0.013695159 0.995666087 87.284507751
0.994671524 -0.002258530 0.103071123 1.505573273 0.000820123 0.999901712 0.013995728 -2.147177458 -0.103092596 -0.013836618 0.994575500 87.825347900
0.993660510 -0.003805211 0.112357959 1.574614525 0.002186374 0.999892116 0.014527561 -2.143958807 -0.112401105 -0.014189807 0.993561506 88.340217590
0.992581248 -0.004267164 0.121508114 1.637634277 0.002580834 0.999898195 0.014032331 -2.150571346 -0.121555611 -0.013614635 0.992491245 88.730545044
0.991132081 -0.003058599 0.132845104 1.726387978 0.001069166 0.999886274 0.015044332 -2.166563034 -0.132875994 -0.014768885 0.991022587 89.272750854
0.989350796 -0.002328763 0.145531550 1.815651894 0.000182617 0.999891102 0.014758565 -2.169534206 -0.145550057 -0.014574822 0.989243507 89.824371338
0.987726808 -0.002730393 0.156167448 1.927993774 0.000436337 0.999891579 0.014722112 -2.179070234 -0.156190723 -0.014473283 0.987620831 90.349212646
0.986009538 -0.001199729 0.166684747 2.024087906 -0.001314556 0.999887049 0.014972924 -2.187037945 -0.166683868 -0.014982563 0.985896468 90.889686584
0.983999133 -0.002803912 0.178151056 2.119457245 0.000162783 0.999889910 0.014838110 -2.182865143 -0.178173050 -0.014571687 0.983891249 91.345756531
0.981658518 -0.002647455 0.190629035 2.241972923 -0.000193253 0.999889195 0.014881630 -2.195531368 -0.190647319 -0.014645519 0.981549323 91.867301941
0.979506135 -0.003434041 0.201384827 2.370522499 0.000398907 0.999885798 0.015109958 -2.203810215 -0.201413721 -0.014719962 0.979395688 92.407516479
0.976856351 -0.004193766 0.213854745 2.535682678 0.000976053 0.999884784 0.015149623 -2.224584579 -0.213893622 -0.014590273 0.976747930 92.902427673
0.973647892 -0.003889461 0.228023738 2.630136490 0.000411988 0.999882936 0.015296096 -2.204619884 -0.228056580 -0.014799070 0.973535359 93.391265869
0.970843077 -0.004021459 0.239682466 2.781843185 0.000417401 0.999886155 0.015085667 -2.207034111 -0.239715859 -0.014545772 0.970734119 93.934425354
0.967774868 -0.004167202 0.251782596 2.954504013 0.000481047 0.999891818 0.014700009 -2.219243050 -0.251816601 -0.014105179 0.967672169 94.469573975
0.964225173 -0.004548214 0.265045464 3.127592087 0.000341405 0.999873221 0.015915936 -2.252179146 -0.265084237 -0.015256059 0.964104533 94.957672119
0.960288465 -0.003500011 0.278987527 3.269626617 -0.000743679 0.999885678 0.015103749 -2.224738121 -0.279008538 -0.014711429 0.960175931 95.533485413
0.957064927 -0.004703044 0.289835632 3.461315155 0.000249451 0.999881506 0.015400956 -2.233233929 -0.289873749 -0.014667416 0.956952512 96.062568665
0.952460647 -0.003510425 0.304641634 3.638090134 -0.001110675 0.999886930 0.014994347 -2.236418247 -0.304659873 -0.014619882 0.952348948 96.591041565
0.948325455 -0.004826817 0.317262530 3.842847824 -0.000093456 0.999880016 0.015491472 -2.240746260 -0.317299247 -0.014720608 0.948211193 97.079071045
0.944328308 -0.004706280 0.328971148 4.049512863 -0.000218556 0.999888480 0.014931841 -2.240925789 -0.329004765 -0.014172457 0.944221914 97.611953735
0.940033376 -0.005513640 0.341037810 4.262508392 0.000522752 0.999891520 0.014724576 -2.250133991 -0.341082007 -0.013663317 0.939934194 98.107131958
0.934787154 -0.005078936 0.355171621 4.486427307 -0.000277861 0.999886990 0.015029644 -2.265316725 -0.355207831 -0.014148207 0.934680283 98.641891479
0.929804742 -0.005634140 0.368009984 4.662374496 -0.000197998 0.999875009 0.015808087 -2.279288292 -0.368053079 -0.014771302 0.929687381 99.092864990
0.925115228 -0.005557133 0.379645765 4.893478394 -0.000329592 0.999880731 0.015439077 -2.282292128 -0.379686296 -0.014408055 0.925003111 99.594665527
0.919167101 -0.005285318 0.393832207 5.125354767 -0.000884907 0.999879718 0.015483903 -2.291335344 -0.393866688 -0.014580798 0.919051945 100.083915710
0.914048672 -0.008897282 0.405506849 5.365020752 0.003049391 0.999881864 0.015064943 -2.313048840 -0.405592978 -0.012533542 0.913967848 100.550178528
0.908784688 -0.008724891 0.417174160 5.600330353 0.002248972 0.999869287 0.016012304 -2.310492277 -0.417259276 -0.013613521 0.908685505 101.073631287
0.903321445 -0.008866598 0.428872764 5.863063812 0.002191523 0.999868691 0.016055545 -2.322550297 -0.428958744 -0.013563432 0.903222263 101.546859741
0.896675229 -0.008983173 0.442597926 6.117721558 0.001857769 0.999861658 0.016529934 -2.341460466 -0.442685187 -0.013999737 0.896567762 102.023765564
0.890865088 -0.009029188 0.454178274 6.402061462 0.002042361 0.999871969 0.015871661 -2.335271358 -0.454263419 -0.013211912 0.890769482 102.549011230
0.885116041 -0.009323916 0.465276957 6.686920166 0.002142688 0.999870360 0.015960773 -2.345314026 -0.465365440 -0.013130194 0.885021210 103.006462097
0.877147973 -0.008687565 0.480141580 6.910785675 0.001124285 0.999870777 0.016037513 -2.332631111 -0.480218917 -0.013527455 0.877044380 103.468009949
0.870057225 -0.008580837 0.492876053 7.209644318 0.000626483 0.999866903 0.016301500 -2.350849867 -0.492950380 -0.013874460 0.869946718 103.933509827
