1.000000000 0.000000000 0.000000000 0.000000000 0.000000000 1.000000000 0.000000000 0.000000000 0.000000000 0.000000000 1.000000000 0.000000000
1.000000000 -0.000052268 -0.000004465 0.000406471 0.000052269 1.000000000 0.000033588 -0.000170311 0.000004463 -0.000033588 1.000000000 -0.000611834
1.000000000 -0.000002593 0.000051835 -0.000124584 0.000002592 1.000000000 0.000008633 0.000332004 -0.000051835 -0.000008633 1.000000000 0.000289229
1.000000000 -0.000109303 0.000049348 -0.000258627 0.000109300 1.000000000 0.000063848 0.000200607 -0.000049355 -0.000063842 1.000000000 -0.000358887
1.000000000 -0.000085194 -0.000038219 0.000669913 0.000085192 1.000000000 -0.000058487 0.000223794 0.000038224 0.000058484 1.000000000 -0.000155349
1.000000000 -0.000051406 0.000052757 0.000852827 0.000051400 1.000000000 0.000112095 -0.001098455 -0.000052763 -0.000112092 1.000000000 -0.000537473
1.000000000 0.000108276 0.000151225 -0.000594332 -0.000108266 1.000000000 -0.000063665 0.000780988 -0.000151232 0.000063649 1.000000000 0.000469355
1.000000000 -0.000018849 0.000128858 -0.000040720 0.000018841 1.000000000 0.000056505 -0.000439166 -0.000128859 -0.000056502 1.000000000 -0.000884301
1.000000000 -0.000184549 0.000083534 0.000681019 0.000184553 1.000000000 -0.000053653 0.000869473 -0.000083524 0.000053668 1.000000000 0.000399337
1.000000000 0.000011617 0.000010724 0.000871118 -0.000011616 1.000000000 -0.000124515 0.000166915 -0.000010726 0.000124514 1.000000000 -0.001333568
1.000000000 -0.000060933 0.000016550 0.001023436 0.000060935 1.000000000 -0.000084344 0.000805812 -0.000016544 0.000084345 1.000000000 0.000502506
1.000000000 -0.000058263 0.000107926 -0.000069453 0.000058268 1.000000000 -0.000049061 0.000387274 -0.000107923 0.000049067 1.000000000 -0.000106609
1.000000000 -0.000043936 0.000098324 -0.000041632 0.000043926 1.000000000 0.000101691 -0.000609508 -0.000098329 -0.000101687 1.000000000 -0.000046750
1.000000000 -0.000015176 0.000007130 0.001144779 0.000015176 1.000000000 -0.000031459 0.000164266 -0.000007130 0.000031459 1.000000000 -0.000608410
0.999999940 -0.000374078 -0.000043723 0.001180312 0.000374075 0.999999940 -0.000066458 0.000218679 0.000043748 0.000066442 1.000000000 -0.001185666
1.000000000 -0.000018500 0.000128423 -0.000060307 0.000018466 0.999999940 0.000262132 -0.001409195 -0.000128427 -0.000262129 0.999999940 -0.001049019
1.000000000 0.000102605 -0.000136294 0.001036711 -0.000102600 1.000000000 0.000041591 -0.000206296 0.000136298 -0.000041577 1.000000000 -0.000988132
1.000000000 0.000021225 -0.000048654 0.000759388 -0.000021224 1.000000000 0.000019152 0.000009212 0.000048655 -0.000019151 1.000000000 -0.000626994
1.000000000 -0.000025965 -0.000124642 0.001582557 0.000025964 1.000000000 -0.000002945 0.000861805 0.000124642 0.000002942 1.000000000 -0.000052286
1.000000000 0.000098124 -0.000045732 0.000714519 -0.000098127 1.000000000 -0.000064678 0.000875388 0.000045725 0.000064682 1.000000000 -0.000715839
1.000000000 -0.000000442 0.000048936 -0.000115141 0.000000438 1.000000000 0.000081525 -0.000571530 -0.000048936 -0.000081525 1.000000000 -0.000975183
1.000000000 -0.000048899 -0.000110779 0.002331743 0.000048884 1.000000000 -0.000130108 0.000561591 0.000110785 0.000130102 1.000000000 -0.000343886
1.000000000 0.000059760 0.000002907 0.001255566 -0.000059760 1.000000000 0.000086879 0.000209164 -0.000002902 -0.000086880 1.000000000 0.000631947
1.000000000 0.000147634 -0.000057803 0.001423330 -0.000147637 1.000000000 -0.000060122 0.000781148 0.000057794 0.000060130 1.000000000 -0.001312828
1.000000000 -0.000082520 -0.000149882 0.001590643 0.000082523 1.000000000 0.000014202 -0.000266633 0.000149880 -0.000014215 1.000000000 -0.002212201
1.000000000 -0.000017522 -0.000116462 0.000850470 0.000017525 1.000000000 0.000027516 -0.000155700 0.000116461 -0.000027518 1.000000000 -0.001192187
1.000000000 0.000221617 0.000077244 -0.000457922 -0.000221615 1.000000000 -0.000018363 0.000564098 -0.000077248 0.000018346 1.000000000 0.001041210
1.000000000 -0.000122268 0.000031034 0.000016732 0.000122263 1.000000000 0.000169769 -0.000434618 -0.000031055 -0.000169765 1.000000000 0.000272729
1.000000000 0.000073290 0.000014301 -0.000038686 -0.000073291 1.000000000 0.000069642 -0.000369396 -0.000014296 -0.000069643 1.000000000 -0.000816160
1.000000000 -0.000119011 0.000102498 0.000201775 0.000118999 1.000000000 0.000115147 -0.001099598 -0.000102512 -0.000115134 1.000000000 -0.001266287
1.000000000 -0.000187419 0.000127354 -0.000173394 0.000187409 1.000000000 0.000082732 -0.000719617 -0.000127370 -0.000082708 1.000000000 -0.001081450
1.000000000 -0.000009856 0.000024744 0.000661834 0.000009855 1.000000000 0.000047058 -0.000542226 -0.000024745 -0.000047058 1.000000000 -0.000919592
1.000000000 -0.000053072 -0.000077638 0.001155532 0.000053079 1.000000000 0.000096810 -0.000561218 0.000077633 -0.000096815 1.000000000 -0.000167033
1.000000000 0.000075779 0.000068700 0.000150384 -0.000075775 1.000000000 -0.000058591 0.000581702 -0.000068704 0.000058586 1.000000000 0.000715047
1.000000000 0.000001022 -0.000074222 0.001455186 -0.000001021 1.000000000 0.000022648 0.000273173 0.000074222 -0.000022648 1.000000000 -0.000416876
1.000000000 -0.000042938 0.000059924 0.000027288 0.000042943 1.000000000 -0.000090703 0.000899471 -0.000059920 0.000090705 1.000000000 -0.000081898
0.999999940 -0.000211951 -0.000136340 0.001687728 0.000211945 1.000000000 -0.000044017 0.000435299 0.000136349 0.000043988 1.000000000 0.000242045
1.000000000 -0.000207249 -0.000057145 0.001650480 0.000207250 1.000000000 0.000011465 0.000501756 0.000057142 -0.000011477 1.000000000 0.000000795
0.999999940 -0.000301969 0.000140575 0.000754465 0.000301989 0.999999940 -0.000147264 0.001340493 -0.000140530 0.000147306 1.000000000 0.002232607
0.999999523 -0.000855935 -0.000302140 0.009229434 0.000855925 0.999999642 -0.000035479 -0.013212140 0.000302171 0.000035221 0.999999940 0.010205741
0.999999642 -0.000616168 -0.000412878 0.009927163 0.000615870 0.999999523 -0.000721597 -0.014702264 0.000413323 0.000721343 0.999999642 0.098147333
0.999999523 -0.000671544 0.000578383 0.001773157 0.000672000 0.999999464 -0.000787928 -0.019089280 -0.000577853 0.000788316 0.999999464 0.217522502
0.999999702 -0.000313413 0.000742748 -0.009993924 0.000313700 0.999999821 -0.000386096 -0.034124203 -0.000742627 0.000386329 0.999999642 0.313244402
0.999999821 -0.000238480 0.000606097 -0.006125664 0.000238778 0.999999821 -0.000491686 -0.038370453 -0.000605980 0.000491831 0.999999702 0.448173404
0.999999821 -0.000285846 0.000557984 -0.003019255 0.000286078 0.999999881 -0.000415067 -0.042132352 -0.000557866 0.000415227 0.999999762 0.599995136
0.999999344 -0.001130170 0.000131173 0.017936569 0.001130129 0.999999285 0.000308223 -0.038473371 -0.000131522 -0.000308075 0.999999940 0.760068059
0.999999940 -0.000000745 0.000153552 0.017837327 0.000000895 0.999999523 -0.000974892 -0.032552946 -0.000153551 0.000974893 0.999999523 0.936164439
0.999999881 0.000453647 0.000158557 0.012235599 -0.000453735 0.999999702 0.000557572 -0.056421757 -0.000158304 -0.000557644 0.999999821 1.069347620
0.999999881 -0.000395839 0.000014913 0.019396378 0.000395825 0.999999464 0.000922206 -0.047900736 -0.000015278 -0.000922200 0.999999583 1.263482094
0.999999940 -0.000042914 0.000015922 0.022783758 0.000042904 0.999999821 0.000666527 -0.050468445 -0.000015951 -0.000666526 0.999999762 1.455026269
0.999999702 -0.000343113 0.000566941 0.019128744 0.000342534 0.999999404 0.001021146 -0.087234646 -0.000567291 -0.001020952 0.999999344 1.633227468
0.999999821 -0.000166748 0.000506029 0.021983277 0.000166263 0.999999523 0.000956553 -0.092834957 -0.000506188 -0.000956469 0.999999464 1.836048484
0.999998510 0.001430209 0.000976608 0.016876208 -0.001429934 0.999999046 -0.000281929 -0.078641906 -0.000977011 0.000280532 0.999999464 2.025314569
0.999999881 0.000092013 0.000432255 0.044177543 -0.000091995 0.999999940 -0.000042130 -0.083763786 -0.000432259 0.000042090 0.999999881 2.229152441
0.999999046 -0.000946332 0.000985590 0.028451728 0.000946267 0.999999464 0.000067082 -0.081984118 -0.000985653 -0.000066149 0.999999523 2.424556017
0.999999523 -0.000602843 0.000765585 0.033829149 0.000602751 0.999999762 0.000119920 -0.086967990 -0.000765657 -0.000119458 0.999999702 2.660052061
0.999999225 -0.000425808 0.001081805 0.034102865 0.000426063 0.999999821 -0.000235333 -0.091161475 -0.001081705 0.000235794 0.999999404 2.891639709
0.999999344 -0.001157016 0.000049773 0.059190590 0.001156997 0.999999285 0.000382027 -0.109606542 -0.000050215 -0.000381970 0.999999940 3.091011286
0.999998689 0.001020142 0.001189207 0.029669788 -0.001021667 0.999998569 0.001282939 -0.121584520 -0.001187897 -0.001284153 0.999998450 3.340557814
0.999999225 0.000421754 0.001144806 0.033171255 -0.000423128 0.999999166 0.001200669 -0.128339171 -0.001144299 -0.001201153 0.999998629 3.592247248
0.999999285 0.000409597 0.001038539 0.041196156 -0.000411041 0.999998927 0.001390809 -0.134910181 -0.001037968 -0.001391236 0.999998450 3.850653887
0.999999821 -0.000072393 0.000561552 0.063136578 0.000071863 0.999999583 0.000942622 -0.126999795 -0.000561620 -0.000942582 0.999999344 4.040658474
0.999999642 -0.000631714 0.000579221 0.069789350 0.000631334 0.999999642 0.000656124 -0.129978687 -0.000579635 -0.000655758 0.999999583 4.295937061
0.999998987 -0.000493759 0.001328162 0.048094742 0.000493412 0.999999821 0.000262051 -0.132685721 -0.001328291 -0.000261396 0.999999106 4.544509411
0.999998808 -0.000321467 0.001495038 0.058814663 0.000320279 0.999999642 0.000795278 -0.145016834 -0.001495293 -0.000794798 0.999998569 4.794265747
0.999999225 -0.001112636 0.000551514 0.060028151 0.001112177 0.999999046 0.000832861 -0.154283851 -0.000552440 -0.000832247 0.999999523 5.063085079
0.999998510 -0.000652759 0.001583752 0.056508265 0.000651804 0.999999583 0.000603399 -0.150870860 -0.001584145 -0.000602366 0.999998569 5.338268280
0.999998868 -0.000925000 0.001169678 0.064181112 0.000923645 0.999998868 0.001158598 -0.162945151 -0.001170749 -0.001157516 0.999998629 5.605786324
0.999998569 -0.001132377 0.001189049 0.072194301 0.001131056 0.999998689 0.001110907 -0.172333255 -0.001190305 -0.001109560 0.999998689 5.886855125
0.999998689 -0.000855283 0.001389548 0.075392798 0.000855585 0.999999583 -0.000216248 -0.165559784 -0.001389362 0.000217437 0.999998987 6.174213409
0.999999464 -0.000530036 0.000893237 0.065382212 0.000528961 0.999999166 0.001203396 -0.198540047 -0.000893874 -0.001202923 0.999998868 6.372725964
0.999998808 -0.000209650 0.001574196 0.068146765 0.000207220 0.999998868 0.001543934 -0.209921435 -0.001574518 -0.001543606 0.999997556 6.670919418
0.999997199 -0.002182931 0.000920717 0.086191535 0.002181813 0.999996901 0.001213238 -0.211148471 -0.000923362 -0.001211226 0.999998868 6.956106186
0.999998868 -0.000521095 0.001405317 0.091573879 0.000519910 0.999999523 0.000843364 -0.211790770 -0.001405756 -0.000842632 0.999998629 7.252341270
0.999998748 -0.001241563 0.000988039 0.097530425 0.001240224 0.999998450 0.001353897 -0.228177533 -0.000989718 -0.001352670 0.999998569 7.550500870
0.999998808 -0.001138193 0.000983438 0.098620683 0.001136349 0.999997616 0.001873792 -0.243206367 -0.000985568 -0.001872672 0.999997735 7.860562325
0.999998689 -0.000649847 0.001544048 0.093459219 0.000647968 0.999999046 0.001217445 -0.241806611 -0.001544837 -0.001216443 0.999998093 8.142985344
0.999997616 -0.001947819 0.000980369 0.115306631 0.001946304 0.999996841 0.001543773 -0.254092246 -0.000983373 -0.001541861 0.999998331 8.485400200
0.999997854 -0.001844658 0.000919044 0.118097164 0.001842924 0.999996483 0.001884253 -0.264627218 -0.000922516 -0.001882556 0.999997735 8.809205055
0.999998748 -0.001241166 0.000936944 0.122061357 0.001240067 0.999998510 0.001171789 -0.267842144 -0.000938396 -0.001170626 0.999998868 9.163909912
0.999998450 -0.001632736 0.000691014 0.134153694 0.001631483 0.999996960 0.001810074 -0.284179777 -0.000693968 -0.001808943 0.999998152 9.483956337
0.999998331 -0.001558173 0.001093083 0.135477602 0.001555939 0.999996722 0.002042041 -0.299574077 -0.001096261 -0.002040337 0.999997318 9.814208984
0.999998510 -0.001185253 0.001213454 0.137632340 0.001182743 0.999997139 0.002067268 -0.309027225 -0.001215901 -0.002065830 0.999997079 10.166025162
0.999998927 -0.000782463 0.001187911 0.149352297 0.000780061 0.999997675 0.002021145 -0.317843914 -0.001189489 -0.002020216 0.999997199 10.504014015
0.999998808 -0.001035088 0.001142852 0.154097736 0.001032905 0.999997616 0.001909217 -0.326755792 -0.001144826 -0.001908035 0.999997497 10.860482216
0.999997795 -0.001814647 0.001015411 0.163687408 0.001812135 0.999995291 0.002469917 -0.337620854 -0.001019888 -0.002468071 0.999996364 11.206857681
0.999998331 -0.001533354 0.001007732 0.171604887 0.001531354 0.999996781 0.001983353 -0.344199121 -0.001010770 -0.001981806 0.999997497 11.591377258
0.999997973 -0.001278041 0.001571657 0.178762764 0.001274760 0.999996960 0.002086672 -0.359208077 -0.001574319 -0.002084663 0.999996603 11.966414452
0.999997199 -0.002242348 0.000651074 0.190662667 0.002240828 0.999994934 0.002324837 -0.364816785 -0.000656284 -0.002323372 0.999997079 12.349084854
0.999998271 -0.001106081 0.001513506 0.189387769 0.001102989 0.999997318 0.002042539 -0.379672527 -0.001515761 -0.002040867 0.999996781 12.736466408
0.999995649 -0.002464106 0.001698930 0.198295772 0.002460290 0.999994457 0.002244436 -0.394088149 -0.001704451 -0.002240246 0.999996066 13.133368492
0.999997377 -0.001089612 0.002014542 0.196491048 0.001084954 0.999996722 0.002311786 -0.404323548 -0.002017055 -0.002309595 0.999995232 13.527752876
0.999995828 -0.001991817 0.002088617 0.211145937 0.001987981 0.999996305 0.001836858 -0.406875402 -0.002092268 -0.001832698 0.999996126 13.930700302
0.999996006 -0.001358384 0.002489241 0.219188139 0.001350813 0.999994457 0.003040898 -0.431531131 -0.002493358 -0.003037523 0.999992251 14.340091705
0.999997020 -0.000796800 0.002300920 0.231895268 0.000790440 0.999996006 0.002763560 -0.437013984 -0.002303112 -0.002761733 0.999993563 14.764255524
0.999996424 -0.000849964 0.002509530 0.240220532 0.000844145 0.999996960 0.002318868 -0.445626944 -0.002511492 -0.002316742 0.999994099 15.197296143
0.999996006 -0.001155645 0.002583740 0.247801155 0.001148823 0.999995828 0.002640390 -0.459829330 -0.002586779 -0.002637411 0.999993205 15.635518074
0.999994457 -0.000946173 0.003182475 0.254872918 0.000938007 0.999996245 0.002566548 -0.473482758 -0.003184892 -0.002563549 0.999991596 16.063152313
0.999994218 -0.001267256 0.003161596 0.266383767 0.001261058 0.999997258 0.001961731 -0.476920068 -0.003164073 -0.001957732 0.999993086 16.534858704
0.999994576 -0.001031170 0.003125436 0.278605819 0.001021126 0.999994338 0.003213490 -0.500603259 -0.003128731 -0.003210281 0.999989927 16.966733932
0.999993920 -0.000876898 0.003395844 0.290047854 0.000864701 0.999993324 0.003591544 -0.516091526 -0.003398971 -0.003588586 0.999987721 17.438518524
0.999992788 -0.001483315 0.003471710 0.298059285 0.001472206 0.999993801 0.003200050 -0.525725305 -0.003476436 -0.003194917 0.999988854 17.910203934
0.999994874 -0.001519606 0.002805741 0.312871575 0.001509282 0.999992073 0.003678108 -0.542759836 -0.002811309 -0.003673855 0.999989331 18.370555878
0.999987185 -0.000523353 0.005033416 0.279900074 0.000504760 0.999993145 0.003694235 -0.566797197 -0.005035314 -0.003691647 0.999980509 18.870391846
0.999990940 -0.001351689 0.004029754 0.304259062 0.001337398 0.999992728 0.003546955 -0.575419784 -0.004034519 -0.003541533 0.999985576 19.365749359
0.999989212 -0.001589905 0.004368690 0.300769061 0.001574306 0.999992371 0.003571759 -0.584995210 -0.004374336 -0.003564842 0.999984086 19.858459473
0.999989748 -0.001677736 0.004211721 0.305370748 0.001658943 0.999988616 0.004461469 -0.610341966 -0.004219159 -0.004454437 0.999981105 20.347082138
0.999991536 -0.001817104 0.003668652 0.317239344 0.001801653 0.999989450 0.004210547 -0.614751935 -0.003676265 -0.004203901 0.999984384 20.863935471
0.999993205 -0.001637189 0.003341883 0.327915579 0.001622143 0.999988556 0.004499942 -0.636790335 -0.003349212 -0.004494490 0.999984264 21.372371674
0.999994695 -0.001847094 0.002662265 0.334399283 0.001834645 0.999987364 0.004671131 -0.647355080 -0.002670860 -0.004666223 0.999985516 21.869058609
0.999996483 -0.001329108 0.002286104 0.338644505 0.001319017 0.999989331 0.004410061 -0.658742130 -0.002291942 -0.004407029 0.999987662 22.382368088
0.999997497 -0.001594524 0.001575264 0.351816624 0.001588147 0.999990582 0.004041277 -0.667357683 -0.001581694 -0.004038765 0.999990642 22.898988724
0.999996126 -0.002504312 0.001213226 0.344237715 0.002499832 0.999990106 0.003680016 -0.681854367 -0.001222430 -0.003676969 0.999992430 23.439664841
0.999998033 -0.001896696 0.000593904 0.351686776 0.001894289 0.999990106 0.004028484 -0.699565232 -0.000601539 -0.004027351 0.999991655 23.972154617
0.999998987 -0.001436361 0.000028008 0.352335781 0.001436219 0.999988496 0.004559361 -0.721277475 -0.000034556 -0.004559315 0.999989629 24.512372971
0.999997973 -0.001702870 -0.001070680 0.361908197 0.001707674 0.999988377 0.004502463 -0.733273506 0.001063000 -0.004504282 0.999989271 25.058650970
0.999999166 -0.001085617 -0.000740699 0.364444673 0.001088714 0.999990582 0.004193760 -0.744181573 0.000736139 -0.004194562 0.999990940 25.603380203
0.999996424 -0.001810795 -0.001953388 0.378892452 0.001821155 0.999984205 0.005314957 -0.767185807 0.001943733 -0.005318496 0.999983966 26.175401688
0.999996841 -0.002059815 -0.001396923 0.347985655 0.002067505 0.999982595 0.005525769 -0.789492369 0.001385516 -0.005528640 0.999983728 26.708808899
0.999997795 -0.001415671 -0.001492525 0.355525732 0.001423927 0.999983549 0.005545534 -0.806421280 0.001484650 -0.005547648 0.999983490 27.264629364
0.999997735 -0.001393967 -0.001692769 0.347646058 0.001403144 0.999984264 0.005432319 -0.816187441 0.001685170 -0.005434681 0.999983788 27.825571060
0.999996781 -0.001246744 -0.002210013 0.350572973 0.001258811 0.999984205 0.005466914 -0.836807370 0.002203163 -0.005469678 0.999982595 28.374069214
0.999994457 -0.001458416 -0.002983735 0.363903224 0.001473196 0.999986589 0.004957662 -0.838627696 0.002976465 -0.004962030 0.999983251 28.907999039
0.999994040 -0.001322835 -0.003173693 0.354233623 0.001340549 0.999983490 0.005585568 -0.857041121 0.003166251 -0.005589790 0.999979377 29.458419800
0.999997735 -0.000448635 -0.002084673 0.343891531 0.000459226 0.999986947 0.005083057 -0.860955358 0.002082366 -0.005084003 0.999984920 30.023019791
0.999995053 -0.000695251 -0.003052529 0.359188825 0.000708803 0.999989867 0.004440798 -0.865472972 0.003049410 -0.004442940 0.999985456 30.592039108
0.999996185 -0.000677819 -0.002657159 0.360406309 0.000690906 0.999987602 0.004927341 -0.880946994 0.002653786 -0.004929159 0.999984264 31.139440536
0.999995828 -0.001086416 -0.002659317 0.379257768 0.001097491 0.999990642 0.004166708 -0.893611491 0.002654766 -0.004169609 0.999987781 31.718112946
0.999994457 -0.001287086 -0.003051719 0.344103575 0.001302492 0.999986410 0.005051554 -0.921588302 0.003045176 -0.005055502 0.999982595 32.259422302
0.999994099 -0.001367234 -0.003146896 0.344428241 0.001382012 0.999987960 0.004698529 -0.936203599 0.003140435 -0.004702850 0.999984026 32.824611664
0.999988556 -0.002090055 -0.004308975 0.362724930 0.002111830 0.999984980 0.005055062 -0.953647673 0.004298344 -0.005064103 0.999977946 33.371768951
0.999987185 -0.002155785 -0.004585190 0.364232957 0.002176848 0.999987185 0.004593726 -0.961166501 0.004575226 -0.004603649 0.999978900 33.918758392
0.999985337 -0.002994314 -0.004502031 0.357363284 0.003015432 0.999984443 0.004691433 -0.976335764 0.004487913 -0.004704940 0.999978840 34.506858826
0.999988437 -0.002035983 -0.004352058 0.357110143 0.002060029 0.999982595 0.005527845 -0.995987177 0.004340728 -0.005536747 0.999975204 35.063079834
0.999982595 -0.002345933 -0.005413088 0.371333659 0.002374023 0.999983728 0.005188703 -1.005955458 0.005400828 -0.005201464 0.999971807 35.623374939
0.999983013 -0.002777588 -0.005112858 0.371631145 0.002805451 0.999981165 0.005450519 -1.023061275 0.005097623 -0.005464770 0.999971986 36.183803558
0.999985039 -0.002186717 -0.005006067 0.379235893 0.002213518 0.999983191 0.005354525 -1.038088799 0.004994274 -0.005365526 0.999973118 36.737064362
0.999983966 -0.001487980 -0.005468703 0.366964936 0.001511515 0.999989629 0.004301890 -1.030887723 0.005462246 -0.004310087 0.999975741 37.338691711
0.999982893 -0.002510440 -0.005266779 0.372075886 0.002535060 0.999985874 0.004673235 -1.049933076 0.005254974 -0.004686507 0.999975145 37.886035919
0.999973834 -0.003415805 -0.006365687 0.384509981 0.003446847 0.999982178 0.004872051 -1.061631203 0.006348932 -0.004893865 0.999967873 38.434597015
0.999984384 -0.000753401 -0.005523106 0.374388456 0.000776130 0.999991238 0.004114330 -1.066060662 0.005519958 -0.004118553 0.999976277 39.002136230
0.999986768 -0.001511095 -0.004902856 0.348281205 0.001524106 0.999995351 0.002651138 -1.044293284 0.004898828 -0.002658576 0.999984443 39.637985229
0.999992549 -0.001338803 -0.003618090 0.295092821 0.001346445 0.999996781 0.002110390 -1.037201405 0.003615254 -0.002115246 0.999991238 40.227962494
0.999990463 -0.002383851 -0.003654565 0.268082321 0.002392229 0.999994516 0.002290051 -1.071897268 0.003649085 -0.002298772 0.999990642 40.767589569
0.999993861 -0.001860486 -0.003007302 0.268203080 0.001869867 0.999993384 0.003119496 -1.085819006 0.003001478 -0.003125099 0.999990642 41.322616577
0.999989629 -0.002351799 -0.003907039 0.269584090 0.002362224 0.999993682 0.002665777 -1.108611107 0.003900746 -0.002674978 0.999988794 41.914680481
0.999989271 -0.002316613 -0.004009156 0.264929593 0.002321404 0.999996603 0.001190560 -1.088606834 0.004006383 -0.001199854 0.999991238 42.494117737
0.999992013 -0.001336800 -0.003770489 0.255504429 0.001341579 0.999998271 0.001265312 -1.094539404 0.003768792 -0.001270360 0.999992073 43.050498962
0.999990940 -0.002348064 -0.003542854 0.240933821 0.002351921 0.999996603 0.001084996 -1.086054921 0.003540295 -0.001093319 0.999993145 43.634658813
0.999994218 -0.001585926 -0.003007503 0.227324665 0.001588800 0.999998271 0.000953588 -1.101917863 0.003005986 -0.000958361 0.999994993 44.209098816
0.999994814 -0.000124666 -0.003219991 0.226043835 0.000128634 0.999999225 0.001232197 -1.123684287 0.003219835 -0.001232605 0.999994040 44.759086609
0.999993980 -0.001801591 -0.002969270 0.223148048 0.001804874 0.999997854 0.001103819 -1.133912802 0.002967275 -0.001109172 0.999994993 45.356552124
0.999998331 -0.001075953 -0.001484334 0.197035074 0.001076713 0.999999225 0.000510836 -1.152206421 0.001483783 -0.000512433 0.999998748 45.928699493
0.999999106 -0.000293248 -0.001290354 0.192967623 0.000294933 0.999999106 0.001305367 -1.175606728 0.001289971 -0.001305746 0.999998331 46.486751556
0.999999642 0.000137198 -0.000839191 0.186930090 -0.000135747 0.999998510 0.001729020 -1.195141554 0.000839427 -0.001728906 0.999998152 47.047519684
0.999999821 0.000453003 -0.000329564 0.161301568 -0.000452742 0.999999583 0.000790028 -1.192224503 0.000329922 -0.000789878 0.999999583 47.653579712
0.999999821 -0.000159025 -0.000439796 0.160903096 0.000159490 0.999999344 0.001057720 -1.212621927 0.000439627 -0.001057790 0.999999285 48.225093842
0.999999762 0.000607704 0.000068674 0.160645440 -0.000607709 0.999999821 0.000076910 -1.218136787 -0.000068627 -0.000076952 1.000000000 48.782363892
1.000000000 -0.000139854 0.000005020 0.164711639 0.000139856 1.000000000 -0.000189476 -1.230554581 -0.000004995 0.000189477 1.000000000 49.369178772
0.999999821 0.000395341 0.000311380 0.171793953 -0.000395759 0.999999046 0.001339509 -1.260000825 -0.000310850 -0.001339632 0.999998987 49.948802948
0.999999821 -0.000561082 -0.000164760 0.168881610 0.000561264 0.999999225 0.001106293 -1.268963933 0.000164139 -0.001106385 0.999999404 50.517040253
0.999999762 0.000424218 0.000518519 0.169818565 -0.000424220 0.999999881 0.000004350 -1.278227568 -0.000518517 -0.000004570 0.999999881 51.085018158
0.999998331 0.000892504 0.001609897 0.159925014 -0.000894548 0.999998808 0.001268775 -1.318519354 -0.001608762 -0.001270213 0.999997914 51.653255463
0.999998152 0.000918838 0.001688238 0.154196903 -0.000921051 0.999998689 0.001310568 -1.325465083 -0.001687031 -0.001312120 0.999997735 52.224010468
0.999994993 0.001780710 0.002618091 0.152772114 -0.001782507 0.999998152 0.000684055 -1.340803742 -0.002616869 -0.000688718 0.999996364 52.801952362
0.999993622 0.001621397 0.003173324 0.127312094 -0.001620059 0.999998569 -0.000424071 -1.332180977 -0.003174008 0.000418927 0.999994814 53.348033905
0.999985874 0.002004439 0.004928262 0.098843962 -0.002000197 0.999997616 -0.000865582 -1.330778837 -0.004929984 0.000855713 0.999987483 53.936870575
0.999976218 0.004034415 0.005596479 0.095593363 -0.004030771 0.999991655 -0.000662353 -1.348503828 -0.005599105 0.000639779 0.999984086 54.489337921
0.999980390 0.003692427 0.005063387 0.118979007 -0.003689410 0.999992967 -0.000605137 -1.371967435 -0.005065586 0.000586444 0.999987006 55.060356140
0.999970317 0.004235302 0.006430262 0.102575392 -0.004228444 0.999990463 -0.001079591 -1.376041651 -0.006434773 0.001052369 0.999978662 55.638652802
0.999974966 0.003803010 0.005969711 0.114523828 -0.003802482 0.999992788 -0.000099923 -1.420206904 -0.005970047 0.000077221 0.999982178 56.229282379
0.999962628 0.004164225 0.007574319 0.080553651 -0.004160604 0.999991238 -0.000493792 -1.429517746 -0.007576310 0.000462260 0.999971151 56.804306030
0.999964178 0.004183558 0.007350306 0.084311604 -0.004173720 0.999990404 -0.001353073 -1.427457333 -0.007355895 0.001322347 0.999972045 57.410972595
0.999861598 0.007968981 0.014605113 -0.065013289 -0.007970938 0.999968231 0.000075677 -1.469869852 -0.014604046 -0.000192083 0.999893308 57.946243286
0.999927878 0.004996249 0.010922051 0.001671314 -0.004996345 0.999987543 -0.000018472 -1.502384901 -0.010922007 -0.000036099 0.999940336 58.474185944
0.999908447 0.006885910 0.011648467 -0.000989258 -0.006878535 0.999976099 -0.000673113 -1.510014296 -0.011652824 0.000592927 0.999931872 59.086082458
0.999908209 0.006599076 0.011826637 0.011839926 -0.006589001 0.999977887 -0.000890641 -1.532637596 -0.011832252 0.000812634 0.999929667 59.684719086
0.999887943 0.007214024 0.013113900 -0.016460359 -0.007185058 0.999971747 -0.002254509 -1.512323380 -0.013129791 0.002160033 0.999911487 60.246150970
0.999882042 0.007422464 0.013444840 -0.019929945 -0.007410989 0.999972105 -0.000903106 -1.565923095 -0.013451170 0.000803360 0.999909163 60.773658752
0.999893904 0.006349395 0.013107607 -0.007166326 -0.006324469 0.999978065 -0.001942174 -1.542172432 -0.013119653 0.001859069 0.999912143 61.362003326
0.999877810 0.007632053 0.013642155 -0.009861171 -0.007603623 0.999968827 -0.002134629 -1.574059010 -0.013658021 0.002030638 0.999904692 61.939212799
0.999817014 0.008990751 0.016883777 -0.084663033 -0.008961103 0.999958158 -0.001830821 -1.605433464 -0.016899534 0.001679189 0.999855697 62.527881622
0.999840200 0.007337636 0.016301516 -0.084400058 -0.007309670 0.999971628 -0.001774478 -1.623080373 -0.016314078 0.001655036 0.999865472 63.069206238
0.999804378 0.008907115 0.017660413 -0.081129432 -0.008876750 0.999958932 -0.001797085 -1.643399477 -0.017675694 0.001639966 0.999842405 63.618942261
0.999799669 0.008713415 0.018018315 -0.079893231 -0.008690457 0.999961317 -0.001352060 -1.656469107 -0.018029399 0.001195202 0.999836743 64.181938171
0.999781132 0.008871444 0.018952303 -0.059581757 -0.008822209 0.999957502 -0.002679844 -1.656110525 -0.018975273 0.002512056 0.999816775 64.786163330
0.999331534 0.017923392 0.031863298 -0.262829065 -0.017826973 0.999835551 -0.003307632 -1.685608268 -0.031917345 0.002737394 0.999486744 65.455627441
0.999768674 0.009449141 0.019322144 -0.042369246 -0.009451983 0.999955356 0.000055790 -1.750202417 -0.019320754 -0.000238409 0.999813318 65.962135315
0.999773443 0.009264675 0.019161386 -0.015998960 -0.009224226 0.999955058 -0.002198249 -1.735202193 -0.019180888 0.002021002 0.999813974 66.577728271
0.999812067 0.008969985 0.017187202 0.064001322 -0.008924603 0.999956489 -0.002715343 -1.734448433 -0.017210811 0.002561443 0.999848604 67.055999756
0.999823272 0.008087088 0.016970025 0.088448405 -0.008036630 0.999963105 -0.003039499 -1.748550773 -0.016993979 0.002902580 0.999851406 67.626502991
0.999838591 0.007450504 0.016349627 0.112716794 -0.007412258 0.999969602 -0.002398561 -1.782695651 -0.016367001 0.002276986 0.999863446 68.162879944
0.999841392 0.008515605 0.015637809 0.153287888 -0.008485435 0.999962032 -0.001994566 -1.796766162 -0.015654199 0.001861556 0.999875724 68.687301636
0.999833882 0.008855145 0.015929645 0.166011989 -0.008833355 0.999959946 -0.001437746 -1.820998549 -0.015941741 0.001296795 0.999872029 69.226455688
0.999839306 0.009053527 0.015467386 0.191682398 -0.009018574 0.999956608 -0.002328131 -1.823613524 -0.015487792 0.002188263 0.999877691 69.789718628
0.999830663 0.009653551 0.015663890 0.206499994 -0.009614589 0.999950469 -0.002560746 -1.838441730 -0.015687834 0.002409710 0.999874055 70.333183289
0.999830186 0.009489973 0.015796904 0.230761766 -0.009451188 0.999952137 -0.002527954 -1.857207537 -0.015820136 0.002378225 0.999872029 70.871559143
0.999832332 0.009718630 0.015518702 0.251642942 -0.009694473 0.999951661 -0.001631230 -1.881883740 -0.015533806 0.001480510 0.999878228 71.399848938
0.999837279 0.009552716 0.015301894 0.271725595 -0.009521727 0.999952495 -0.002096701 -1.894136190 -0.015321196 0.001950660 0.999880731 71.935424805
0.999833286 0.010100530 0.015209042 0.292629480 -0.010063745 0.999946177 -0.002493249 -1.907994151 -0.015233407 0.002339773 0.999881208 72.478790283
0.999850333 0.009461974 0.014482498 0.318035662 -0.009428504 0.999952734 -0.002377720 -1.922906041 -0.014504312 0.002240816 0.999892294 73.026924133
0.999844253 0.009476892 0.014887707 0.330803454 -0.009445470 0.999953032 -0.002179469 -1.939547062 -0.014907663 0.002038508 0.999886811 73.557128906
0.999846220 0.009095927 0.014994527 0.355287194 -0.009064373 0.999956548 -0.002171022 -1.958624363 -0.015013624 0.002034772 0.999885201 74.103279114
0.999848247 0.009066227 0.014877169 0.374683261 -0.009033998 0.999956667 -0.002232103 -1.972049713 -0.014896762 0.002097363 0.999886811 74.651702881
0.999853671 0.008934941 0.014589265 0.396746516 -0.008897865 0.999956965 -0.002604200 -1.990109563 -0.014611906 0.002474005 0.999890208 75.184661865
0.999858737 0.008929502 0.014234658 0.428135574 -0.008897125 0.999957681 -0.002336181 -2.004482508 -0.014254916 0.002209203 0.999895930 75.747657776
0.999850571 0.009338117 0.014544496 0.440843582 -0.009308090 0.999954402 -0.002130783 -2.025173187 -0.014563730 0.001995084 0.999891937 76.284355164
0.999858141 0.009321522 0.014030726 0.467783570 -0.009290054 0.999954164 -0.002306317 -2.040088892 -0.014051583 0.002175643 0.999898851 76.835128784
0.999859810 0.009437765 0.013828619 0.490685821 -0.009410092 0.999953568 -0.002064741 -2.063439131 -0.013847466 0.001934323 0.999902189 77.373199463
0.999851704 0.009448732 0.014395921 0.501960516 -0.009409058 0.999951780 -0.002821187 -2.072427750 -0.014421884 0.002685316 0.999892414 77.944778442
0.999855697 0.009673175 0.013963506 0.525863230 -0.009639639 0.999950469 -0.002467000 -2.096326113 -0.013986679 0.002332041 0.999899387 78.470695496
0.999872804 0.008630834 0.013409168 0.545489609 -0.008602292 0.999960601 -0.002184680 -2.111498594 -0.013427493 0.002069053 0.999907732 79.019309998
0.999849856 0.009650339 0.014391968 0.558954954 -0.009622312 0.999951661 -0.002015413 -2.131403923 -0.014410722 0.001876626 0.999894381 79.570564270
0.999870837 0.008420146 0.013690999 0.588459253 -0.008389384 0.999962091 -0.002302794 -2.145462751 -0.013709871 0.002187638 0.999903560 80.118293762
0.999861777 0.009314193 0.013772173 0.605901659 -0.009287111 0.999954760 -0.002029272 -2.158589125 -0.013790452 0.001901087 0.999903083 80.662979126
0.999868274 0.009344717 0.013268301 0.628541231 -0.009309047 0.999952853 -0.002747762 -2.175318003 -0.013293353 0.002623885 0.999908209 81.192184448
0.999849260 0.009507586 0.014528190 0.648545861 -0.009474363 0.999952316 -0.002353971 -2.192319632 -0.014549879 0.002215971 0.999891639 81.741287231
0.999833703 0.009814608 0.015369208 0.665740013 -0.009768836 0.999947608 -0.003050417 -2.203957558 -0.015398341 0.002899771 0.999877214 82.276145935
0.999820411 0.009554669 0.016364822 0.688337684 -0.009500908 0.999949217 -0.003359796 -2.214210749 -0.016396092 0.003203712 0.999860466 82.834136963
0.999799907 0.009316385 0.017702194 0.704780102 -0.009253767 0.999950588 -0.003615936 -2.232150555 -0.017735010 0.003451400 0.999836683 83.379562378
0.999738932 0.009254325 0.020891940 0.735729814 -0.009182128 0.999951541 -0.003549062 -2.246193409 -0.020923773 0.003356302 0.999775469 83.927261353
0.999666274 0.009022990 0.024205049 0.774640918 -0.008933937 0.999952853 -0.003784777 -2.259335518 -0.024238059 0.003567267 0.999699831 84.448097229
0.999584258 0.009280463 0.027298562 0.799836397 -0.009174319 0.999949992 -0.004010912 -2.276740551 -0.027334418 0.003758799 0.999619246 84.987052917
0.999426901 0.009317614 0.032542527 0.829252720 -0.009178736 0.999948144 -0.004414384 -2.290367126 -0.032581974 0.004113155 0.999460578 85.526878357
0.999208212 0.009928569 0.038528051 0.869791985 -0.009785687 0.999944508 -0.003895347 -2.313344717 -0.038564593 0.003515239 0.999249876 86.063438416
0.998966217 0.009618272 0.044427596 0.906313419 -0.009437304 0.999946296 -0.004281260 -2.329527855 -0.044466380 0.003857558 0.999003410 86.602584839
0.998702824 0.008925410 0.050128911 0.955394745 -0.008704862 0.999951422 -0.004616235 -2.339155197 -0.050167676 0.004173882 0.998732090 87.155693054
0.998262942 0.008550843 0.058292571 0.999990940 -0.008259296 0.999952078 -0.005240547 -2.354534626 -0.058334600 0.004749987 0.998285711 87.707557678
0.997712016 0.008809801 0.067030676 1.046302795 -0.008512379 0.999952614 -0.004721440 -2.377034903 -0.067069098 0.004140047 0.997739673 88.224731445
0.997274876 0.008457621 0.073288843 1.105237007 -0.008108177 0.999954283 -0.005064246 -2.388443708 -0.073328331 0.004456207 0.997297823 88.762489319
0.996521115 0.008701366 0.082884781 1.159197807 -0.008313173 0.999952734 -0.005027465 -2.406165600 -0.082924604 0.004320939 0.996546447 89.285293579
0.995642722 0.009628428 0.092751712 1.235226631 -0.009216949 0.999945641 -0.004863728 -2.426059246 -0.092793502 0.003987647 0.995677412 89.793159485
0.994868100 0.008660623 0.100808859 1.313062668 -0.008172197 0.999952793 -0.005257026 -2.435396671 -0.100849643 0.004406218 0.994891942 90.335174561
0.994036674 0.007802931 0.108766735 1.385668755 -0.007228248 0.999957740 -0.005676889 -2.454885483 -0.108806439 0.004856843 0.994051099 90.853103638
0.992820799 0.007944574 0.119347408 1.471914291 -0.007298186 0.999956191 -0.005852116 -2.464642286 -0.119388670 0.004939081 0.992835283 91.401313782
0.991591811 0.007590358 0.129182428 1.571244240 -0.006811562 0.999955833 -0.006469407 -2.474129915 -0.129225850 0.005535076 0.991599679 91.932212830
0.990358949 0.006441225 0.138375103 1.663588524 -0.005673475 0.999966204 -0.005942048 -2.499836206 -0.138408676 0.005099692 0.990362048 92.469139099
0.988773286 0.007212828 0.149248928 1.763337135 -0.006360922 0.999960661 -0.006184536 -2.508435011 -0.149287671 0.005165743 0.988780260 93.013130188
0.986857831 0.006772444 0.161449730 1.867265701 -0.005867078 0.999964297 -0.006083822 -2.527192354 -0.161485150 0.005056629 0.986862183 93.534164429
0.985081911 0.005863068 0.171985984 1.979352951 -0.004919063 0.999970376 -0.005914524 -2.547395945 -0.172015592 0.004980281 0.985081613 94.083778381
0.983169675 0.006056956 0.182594210 2.097318649 -0.004983453 0.999967515 -0.006337428 -2.561328888 -0.182626665 0.005320818 0.983167887 94.620307922
0.980807602 0.005271813 0.194906697 2.229625702 -0.004086880 0.999970675 -0.006481130 -2.581342936 -0.194935143 0.005560182 0.980800390 95.130256653
0.978244603 0.004927937 0.207396284 2.359561920 -0.003451818 0.999966085 -0.007478661 -2.588019848 -0.207426146 0.006600066 0.978228331 95.683975220
0.975965202 0.004829318 0.217873484 2.496295929 -0.003496000 0.999972701 -0.006504755 -2.618917704 -0.217898980 0.005586728 0.975955367 96.172622681
0.973112166 0.004307328 0.230291456 2.638883591 -0.002802713 0.999972522 -0.006860247 -2.633276463 -0.230314657 0.006030349 0.973097622 96.665863037
0.969939768 0.004834115 0.243297592 2.815263748 -0.003098631 0.999966979 -0.007515367 -2.643698692 -0.243325904 0.006535563 0.969922543 97.244842529
0.967097700 0.004732121 0.254361302 2.963594437 -0.003240381 0.999975026 -0.006283340 -2.679801226 -0.254384696 0.005252376 0.967088878 97.748275757
0.964015961 0.003750869 0.265817910 3.137279510 -0.001919233 0.999972582 -0.007149986 -2.690892935 -0.265837461 0.006382534 0.963996768 98.266639709
0.959938884 0.004665248 0.280170649 3.298860550 -0.002860986 0.999972463 -0.006848494 -2.706844330 -0.280194879 0.005772571 0.959925771 98.787689209
0.956219673 0.004588763 0.292613834 3.499908447 -0.002739547 0.999973595 -0.006729121 -2.734071732 -0.292636931 0.005632889 0.956207037 99.311477661
0.952652216 0.004351086 0.304030955 3.677125931 -0.002414370 0.999974251 -0.006745756 -2.750887632 -0.304052532 0.005692316 0.952638268 99.817321777
0.948363781 0.002407210 0.317176074 3.871822357 -0.000379192 0.999979019 -0.006455556 -2.765495062 -0.317184895 0.006001944 0.948344707 100.324806213
0.944030881 0.002236755 0.329849452 4.089187622 0.000193162 0.999973118 -0.007333785 -2.778809309 -0.329856992 0.006987033 0.944005072 100.837821960
0.939829409 0.002718115 0.341633379 4.286382675 -0.000301589 0.999974549 -0.007126364 -2.797860146 -0.341643959 0.006594534 0.939806223 101.335159302
0.934777021 0.003513886 0.355217725 4.500556946 -0.000672442 0.999966800 -0.008122304 -2.809176922 -0.355234414 0.007353679 0.934748292 101.861610413
0.929783702 0.002247257 0.368099511 4.730087280 0.000710524 0.999968469 -0.007899549 -2.825799942 -0.368105680 0.007606415 0.929752827 102.369781494
0.924799383 0.001591625 0.380451679 4.947795868 0.001387959 0.999970496 -0.007557229 -2.843474865 -0.380452573 0.007516972 0.924769819 102.862876892
0.919931412 0.001731173 0.392075539 5.173549652 0.001097248 0.999974966 -0.006989779 -2.874727964 -0.392077744 0.006860323 0.919906497 103.332260132
0.913861215 0.001343734 0.406024456 5.419132233 0.001242935 0.999980509 -0.006106969 -2.897654057 -0.406024784 0.006085585 0.913841784 103.827148438
0.907953799 0.001189328 0.419068485 5.666202545 0.002225457 0.999968112 -0.007659615 -2.898955345 -0.419064224 0.007887195 0.907922328 104.337478638
0.903143048 0.000489134 0.429339528 5.924667358 0.003019366 0.999967396 -0.007490659 -2.916187286 -0.429329187 0.008061470 0.903112113 104.810424805
0.896357954 0.000588581 0.443330586 6.183986664 0.002780314 0.999971926 -0.006949036 -2.937766075 -0.443322301 0.007461423 0.896331251 105.290679932
0.890357733 -0.001904629 0.455257654 6.470771790 0.005404728 0.999965131 -0.006386668 -2.974106550 -0.455229551 0.008146964 0.890336812 105.682144165
0.883710682 -0.000879474 0.468032718 6.739994049 0.004636504 0.999965608 -0.006875340 -3.003399372 -0.468010545 0.008245847 0.883684337 106.168746948
0.877874970 -0.000941681 0.478889108 7.019397736 0.005014607 0.999961317 -0.007226210 -3.016294718 -0.478863806 0.008745150 0.877845585 106.647087097
0.871219218 -0.003458515 0.490882009 7.341743469 0.006774813 0.999964654 -0.004978701 -3.072926044 -0.490847439 0.007663175 0.871211827 107.064987183
0.864376664 -0.004013116 0.502828777 7.636165619 0.007387869 0.999961615 -0.004719181 -3.095297098 -0.502790451 0.007793984 0.864373207 107.509704590
0.858215153 -0.003130943 0.513280571 7.924537659 0.007543654 0.999950349 -0.006513571 -3.062165499 -0.513234735 0.009462057 0.858196080 108.012992859
