1.000000000 0.000000000 0.000000000 0.000000000 0.000000000 1.000000000 0.000000000 0.000000000 0.000000000 0.000000000 1.000000000 0.000000000
1.000000000 -0.000123590 -0.000039127 0.000461609 0.000123588 1.000000000 -0.000046951 0.000272772 0.000039132 0.000046946 1.000000000 0.000280041
1.000000000 -0.000080582 0.000026199 -0.000196923 0.000080584 1.000000000 -0.000065006 0.000626507 -0.000026194 0.000065009 1.000000000 0.000440338
1.000000000 -0.000029598 0.000118467 -0.000949494 0.000029613 1.000000000 -0.000127277 0.001426919 -0.000118463 0.000127281 1.000000000 0.001031754
1.000000000 -0.000180263 -0.000041322 0.001107585 0.000180261 1.000000000 -0.000042175 0.000996580 0.000041330 0.000042168 1.000000000 0.000594059
1.000000000 0.000018691 0.000048053 -0.000652349 -0.000018691 1.000000000 0.000000086 0.000148923 -0.000048053 -0.000000087 1.000000000 -0.000424424
1.000000000 0.000010490 0.000027888 -0.000461918 -0.000010485 1.000000000 -0.000165916 0.000948029 -0.000027890 0.000165915 1.000000000 -0.000076756
1.000000000 0.000065286 0.000113625 -0.001103218 -0.000065286 1.000000000 0.000004447 -0.000375737 -0.000113624 -0.000004454 1.000000000 -0.000393674
1.000000000 0.000155859 0.000086435 -0.001726525 -0.000155863 1.000000000 0.000046173 -0.000360180 -0.000086428 -0.000046186 1.000000000 -0.000274923
1.000000000 0.000027091 0.000150804 -0.001132358 -0.000027071 1.000000000 -0.000131266 0.001537148 -0.000150808 0.000131261 1.000000000 0.000817218
1.000000000 0.000133479 0.000069243 -0.001199608 -0.000133472 1.000000000 -0.000107230 0.000450268 -0.000069258 0.000107221 1.000000000 -0.000061864
1.000000000 -0.000050312 0.000051116 -0.000713351 0.000050312 1.000000000 -0.000013393 0.001004204 -0.000051116 0.000013396 1.000000000 0.000577573
1.000000000 0.000122767 0.000114066 -0.001550396 -0.000122751 1.000000000 -0.000136968 0.001487400 -0.000114083 0.000136954 1.000000000 0.000936806
1.000000000 0.000064858 0.000036195 -0.000377362 -0.000064856 1.000000000 -0.000070771 0.001555321 -0.000036200 0.000070768 1.000000000 0.001033573
1.000000000 0.000127124 0.000188595 -0.001659324 -0.000127093 1.000000000 -0.000161944 0.002634184 -0.000188616 0.000161920 0.999999940 0.002287962
0.999999940 0.000275306 0.000113922 -0.001696232 -0.000275287 0.999999940 -0.000167428 0.002168817 -0.000113968 0.000167397 1.000000000 0.002159458
0.999999940 0.000258312 0.000198760 -0.002158130 -0.000258278 0.999999940 -0.000170039 0.003547046 -0.000198804 0.000169988 0.999999940 0.004128165
1.000000000 0.000151011 0.000171976 -0.001177214 -0.000150986 1.000000000 -0.000148728 0.002213152 -0.000171999 0.000148702 1.000000000 0.003003594
0.999999940 0.000200030 0.000260071 -0.002237264 -0.000200013 1.000000000 -0.000066212 0.001997115 -0.000260084 0.000066160 0.999999940 0.002432730
0.999999940 0.000193135 0.000182655 -0.002368301 -0.000193121 1.000000000 -0.000075421 0.002399986 -0.000182670 0.000075386 1.000000000 0.002663976
0.999999940 0.000260394 0.000152659 -0.001542650 -0.000260384 0.999999940 -0.000062160 0.002102200 -0.000152675 0.000062121 1.000000000 0.002463801
1.000000000 0.000213986 0.000098139 -0.001741732 -0.000213977 1.000000000 -0.000091821 0.002063291 -0.000098158 0.000091800 1.000000000 0.002266163
0.999999940 0.000353691 0.000184485 -0.002815927 -0.000353667 0.999999940 -0.000130780 0.002680506 -0.000184531 0.000130715 1.000000000 0.003416323
0.999999940 0.000239769 0.000165374 -0.001553471 -0.000239748 0.999999940 -0.000125741 0.001918270 -0.000165404 0.000125702 1.000000000 0.002294110
1.000000000 0.000156256 0.000168830 -0.001123533 -0.000156239 1.000000000 -0.000102107 0.003043039 -0.000168846 0.000102081 1.000000000 0.004704254
0.999999940 0.000291227 0.000225145 -0.002274095 -0.000291215 0.999999940 -0.000052934 0.001830893 -0.000225161 0.000052868 1.000000000 0.002131274
1.000000000 0.000154520 0.000136965 -0.001429706 -0.000154503 1.000000000 -0.000123150 0.002748276 -0.000136984 0.000123129 1.000000000 0.002490817
1.000000000 0.000133364 0.000167214 -0.002013893 -0.000133344 1.000000000 -0.000119103 0.002724141 -0.000167230 0.000119081 1.000000000 0.003573181
0.999999940 0.000203014 0.000223215 -0.001541091 -0.000202991 1.000000000 -0.000102154 0.002226225 -0.000223236 0.000102109 0.999999940 0.003082074
0.999999940 0.000155387 0.000211980 -0.001955678 -0.000155364 1.000000000 -0.000109381 0.002298583 -0.000211997 0.000109348 1.000000000 0.003205528
0.999999940 0.000290956 0.000204629 -0.002133588 -0.000290931 0.999999940 -0.000122610 0.002749526 -0.000204665 0.000122550 1.000000000 0.003466374
0.999999940 0.000232561 0.000223007 -0.001816428 -0.000232551 1.000000000 -0.000045017 0.001537958 -0.000223018 0.000044965 1.000000000 0.002317981
0.999999940 0.000310398 0.000209048 -0.002445645 -0.000310375 0.999999940 -0.000110188 0.001520330 -0.000209083 0.000110123 1.000000000 0.002164635
0.999999940 0.000251304 0.000200960 -0.001443130 -0.000251267 0.999999940 -0.000184326 0.002301896 -0.000201006 0.000184275 0.999999940 0.002066967
0.999999940 0.000145290 0.000200085 -0.001912591 -0.000145260 1.000000000 -0.000150436 0.002691059 -0.000200107 0.000150407 0.999999940 0.002935032
1.000000000 0.000156350 0.000109665 -0.000996938 -0.000156340 1.000000000 -0.000096523 0.003127710 -0.000109680 0.000096506 1.000000000 0.003572193
0.999999940 0.000334487 0.000185628 -0.001871257 -0.000334474 0.999999940 -0.000067300 0.002111503 -0.000185651 0.000067238 1.000000000 0.002846706
0.999999940 0.000322397 0.000159767 -0.001052402 -0.000322385 0.999999940 -0.000074453 0.003018557 -0.000159791 0.000074402 1.000000000 0.002782511
1.000000000 0.000200667 0.000124099 -0.000557795 -0.000200652 1.000000000 -0.000116095 0.001660501 -0.000124122 0.000116070 1.000000000 0.003534282
0.999999821 0.000466469 0.000322894 -0.000855947 -0.000466245 0.999999642 -0.000695750 -0.001003821 -0.000323219 0.000695599 0.999999702 0.049516052
0.999999821 0.000522938 0.000276664 0.000192112 -0.000522592 0.999999166 -0.001249322 -0.002908108 -0.000277317 0.001249178 0.999999166 0.139819354
0.999999404 0.000815817 0.000698141 -0.004129668 -0.000814983 0.999998927 -0.001194305 -0.010202931 -0.000699114 0.001193735 0.999999046 0.246322244
0.999999523 0.000699724 0.000634149 -0.000057217 -0.000699026 0.999999106 -0.001099664 -0.013660355 -0.000634918 0.001099220 0.999999225 0.378052235
0.999999940 0.000268243 0.000101266 0.007158307 -0.000268132 0.999999285 -0.001096997 -0.020977566 -0.000101560 0.001096970 0.999999344 0.537804723
0.999999940 0.000333680 0.000277056 0.009291751 -0.000333374 0.999999344 -0.001102546 -0.025908923 -0.000277424 0.001102453 0.999999404 0.688810050
0.999999940 -0.000295739 0.000011706 0.016505927 0.000295748 0.999999702 -0.000783361 -0.031697325 -0.000011475 0.000783364 0.999999702 0.849377811
0.999999881 0.000338108 0.000385406 0.020350756 -0.000338017 0.999999940 -0.000234149 -0.039864916 -0.000385485 0.000234019 0.999999881 1.002629995
1.000000000 0.000194727 0.000262382 0.024133822 -0.000194667 1.000000000 -0.000231867 -0.043621428 -0.000262427 0.000231816 0.999999940 1.180014372
0.999999762 0.000607488 0.000336498 0.016562421 -0.000607362 0.999999762 -0.000375119 -0.044097390 -0.000336726 0.000374914 0.999999881 1.370541453
0.999999702 0.000691900 0.000174139 0.020542651 -0.000691813 0.999999583 -0.000500046 -0.045781631 -0.000174485 0.000499925 0.999999881 1.564207673
0.999999702 0.000601605 0.000486444 0.026555659 -0.000601631 0.999999762 0.000053728 -0.060760673 -0.000486412 -0.000054021 0.999999881 1.762845516
0.999999583 0.000768183 0.000440098 0.032030445 -0.000768235 0.999999702 0.000116323 -0.064532258 -0.000440009 -0.000116661 0.999999881 1.967449307
0.999999583 0.000061462 0.000898754 0.032641422 -0.000061566 1.000000000 0.000114988 -0.073207453 -0.000898747 -0.000115043 0.999999583 2.187598944
0.999999344 0.000816260 0.000789736 0.033574365 -0.000816630 0.999999523 0.000468714 -0.080588669 -0.000789353 -0.000469359 0.999999583 2.402028561
0.999998987 0.001125126 0.000847924 0.037125345 -0.001125307 0.999999344 0.000213903 -0.085455887 -0.000847683 -0.000214857 0.999999642 2.624753714
0.999999344 0.000861355 0.000702758 0.049921423 -0.000861598 0.999999583 0.000345363 -0.091511466 -0.000702461 -0.000345968 0.999999702 2.851701498
0.999999583 0.000751329 0.000614454 0.057902023 -0.000751573 0.999999702 0.000396049 -0.095442422 -0.000614156 -0.000396510 0.999999762 3.097117901
0.999998868 0.001404254 0.000540202 0.058505062 -0.001404590 0.999998748 0.000623288 -0.109048292 -0.000539326 -0.000624046 0.999999583 3.322871685
0.999998987 0.001296886 0.000604605 0.062050316 -0.001297228 0.999999046 0.000565240 -0.116924778 -0.000603871 -0.000566024 0.999999642 3.574431181
0.999998450 0.001561910 0.000798317 0.065996572 -0.001562514 0.999998450 0.000756734 -0.121615261 -0.000797134 -0.000757981 0.999999404 3.836596489
0.999999702 0.000429819 0.000667582 0.074116826 -0.000430312 0.999999583 0.000738364 -0.124327615 -0.000667264 -0.000738651 0.999999523 4.102457047
0.999999821 0.000493035 0.000484159 0.079702683 -0.000493286 0.999999821 0.000517264 -0.126531467 -0.000483904 -0.000517502 0.999999762 4.361107826
0.999999702 0.000029747 0.000718179 0.084253557 -0.000030189 0.999999762 0.000615723 -0.133813724 -0.000718161 -0.000615745 0.999999583 4.624343872
0.999999225 0.001168950 0.000104102 0.085619912 -0.001169078 0.999998569 0.001238105 -0.156249091 -0.000102655 -0.001238226 0.999999225 4.885984898
0.999999046 0.001328785 0.000175638 0.089878753 -0.001329007 0.999998271 0.001267025 -0.163267374 -0.000173954 -0.001267257 0.999999166 5.142311573
0.999999225 0.001303788 0.000314306 0.092497520 -0.001303934 0.999999046 0.000463414 -0.159162074 -0.000313702 -0.000463823 0.999999821 5.421456337
0.999999166 0.001190034 0.000557744 0.100115813 -0.001190496 0.999998927 0.000829013 -0.168917954 -0.000556756 -0.000829676 0.999999523 5.685538769
0.999999046 0.001104655 0.000727445 0.096791647 -0.001105160 0.999999166 0.000693780 -0.175950646 -0.000726678 -0.000694583 0.999999523 5.954403400
0.999998569 0.001325857 0.001039274 0.099265598 -0.001326542 0.999998868 0.000658117 -0.185036451 -0.001038400 -0.000659494 0.999999344 6.234013081
0.999999464 0.000904654 0.000529105 0.108907171 -0.000905119 0.999999166 0.000880981 -0.198653355 -0.000528308 -0.000881459 0.999999464 6.484009266
0.999998987 0.000961628 0.001057329 0.117854580 -0.000962471 0.999999225 0.000796782 -0.202734187 -0.001056562 -0.000797799 0.999999106 6.799894810
0.999998868 0.001415573 0.000474264 0.118508175 -0.001415786 0.999998868 0.000449764 -0.200103208 -0.000473627 -0.000450435 0.999999762 7.101922035
0.999999464 0.001010756 0.000362277 0.123802803 -0.001011015 0.999999225 0.000717699 -0.213523313 -0.000361552 -0.000718065 0.999999702 7.396481991
0.999998331 0.001584402 0.000917143 0.128077164 -0.001585401 0.999998152 0.001089545 -0.236233413 -0.000915415 -0.001090997 0.999998987 7.700594902
0.999997616 0.001840118 0.001160544 0.139589667 -0.001841546 0.999997556 0.001230282 -0.239449516 -0.001158277 -0.001232416 0.999998569 8.034284592
0.999996781 0.002211286 0.001254928 0.131051689 -0.002212288 0.999997258 0.000798022 -0.244745851 -0.001253160 -0.000800796 0.999998868 8.346062660
0.999997020 0.002025716 0.001388485 0.139300138 -0.002026705 0.999997675 0.000710971 -0.251684934 -0.001387041 -0.000713783 0.999998748 8.672551155
0.999998450 0.001396231 0.001088071 0.162792772 -0.001397796 0.999997914 0.001438891 -0.265694648 -0.001086059 -0.001440409 0.999998391 9.039946556
0.999998271 0.001664708 0.000905398 0.172662586 -0.001666107 0.999997377 0.001546528 -0.278195858 -0.000902821 -0.001548033 0.999998450 9.381614685
0.999997139 0.001927541 0.001411717 0.166680053 -0.001929208 0.999997437 0.001179970 -0.295460850 -0.001409439 -0.001182690 0.999998331 9.722344398
0.999997318 0.001868507 0.001361049 0.172953933 -0.001870354 0.999997377 0.001356553 -0.305211961 -0.001358511 -0.001359095 0.999998152 10.076802254
0.999995649 0.002534602 0.001501008 0.170453832 -0.002537150 0.999995291 0.001697640 -0.322300255 -0.001496698 -0.001701441 0.999997437 10.409406662
0.999996483 0.002290310 0.001291407 0.187036708 -0.002292684 0.999995708 0.001839534 -0.331765831 -0.001287188 -0.001842489 0.999997497 10.783041954
0.999996483 0.002255158 0.001398109 0.193070278 -0.002257725 0.999995768 0.001836371 -0.340991378 -0.001393962 -0.001839522 0.999997318 11.148303032
0.999996185 0.002300028 0.001492372 0.202668607 -0.002302476 0.999996006 0.001641076 -0.351266444 -0.001488591 -0.001644506 0.999997556 11.536709785
0.999999106 0.000954118 0.000940257 0.222188324 -0.000956033 0.999997437 0.002038258 -0.362856627 -0.000938310 -0.002039155 0.999997497 11.895903587
0.999997854 0.001639861 0.001288818 0.225649774 -0.001642299 0.999996841 0.001892143 -0.373670399 -0.001285711 -0.001894255 0.999997377 12.296309471
0.999998212 0.001465883 0.001239910 0.237295866 -0.001468536 0.999996543 0.002141003 -0.388005883 -0.001236767 -0.002142820 0.999996960 12.684077263
0.999993622 0.002885425 0.002103949 0.247123793 -0.002888292 0.999994874 0.001361021 -0.378644168 -0.002100011 -0.001367090 0.999996841 13.115862846
0.999997377 0.001504760 0.001742182 0.257756978 -0.001508823 0.999996245 0.002333205 -0.411918581 -0.001738664 -0.002335827 0.999995768 13.513099670
0.999993980 0.002618228 0.002328813 0.245648533 -0.002624083 0.999993324 0.002514084 -0.431944072 -0.002322216 -0.002520180 0.999994040 13.905405998
0.999992073 0.002982484 0.002641623 0.251983881 -0.002989586 0.999991894 0.002688411 -0.442890733 -0.002633584 -0.002696287 0.999992788 14.321990013
0.999996662 0.001201589 0.002299988 0.274805248 -0.001207539 0.999995947 0.002587338 -0.454064935 -0.002296869 -0.002590107 0.999993980 14.747911453
0.999995410 0.001395392 0.002679532 0.280250639 -0.001401813 0.999996066 0.002395936 -0.462451667 -0.002676179 -0.002399681 0.999993563 15.191188812
0.999995947 0.001515620 0.002410135 0.294452310 -0.001521166 0.999996126 0.002300844 -0.472879320 -0.002406639 -0.002304501 0.999994516 15.628181458
0.999991119 0.001808731 0.003809764 0.299068719 -0.001819658 0.999994218 0.002866579 -0.488618851 -0.003804557 -0.002873485 0.999988616 16.078474045
0.999989808 0.002447515 0.003799786 0.310430288 -0.002456850 0.999993980 0.002454194 -0.502881348 -0.003793757 -0.002463505 0.999989748 16.508457184
0.999990582 0.002364068 0.003645303 0.323529929 -0.002371482 0.999995112 0.002031012 -0.512079716 -0.003640485 -0.002039637 0.999991238 16.957681656
0.999988794 0.002360930 0.004108842 0.332682163 -0.002374297 0.999991834 0.003251490 -0.531084359 -0.004101133 -0.003261209 0.999986291 17.414442062
0.999989748 0.001414292 0.004307122 0.343717992 -0.001429878 0.999992371 0.003617722 -0.543611825 -0.004301974 -0.003623843 0.999984205 17.872114182
0.999989450 0.001344956 0.004402490 0.357044637 -0.001357013 0.999995232 0.002736879 -0.548950553 -0.004398790 -0.002742824 0.999986589 18.339723587
0.999982417 0.002529022 0.005351117 0.364117563 -0.002545513 0.999992013 0.003077046 -0.564142585 -0.005343291 -0.003090614 0.999980927 18.819404602
0.999981165 0.003139894 0.005276033 0.378126115 -0.003157230 0.999989688 0.003280638 -0.574582636 -0.005265677 -0.003297234 0.999980628 19.295652390
0.999981046 0.003147359 0.005285989 0.387650520 -0.003163795 0.999990165 0.003103666 -0.595412970 -0.005276169 -0.003120331 0.999981225 19.778543472
0.999983549 0.002936827 0.004929653 0.394157469 -0.002954845 0.999988973 0.003651869 -0.611756444 -0.004918874 -0.003666376 0.999981225 20.265439987
0.999980569 0.002758760 0.005594816 0.417665273 -0.002778944 0.999989569 0.003602844 -0.631828308 -0.005584818 -0.003618321 0.999977887 20.725723267
0.999979556 0.003307011 0.005481344 0.426000595 -0.003326919 0.999987841 0.003626716 -0.640872359 -0.005469284 -0.003644878 0.999978423 21.242536545
0.999983549 0.003245193 0.004730065 0.442237079 -0.003261328 0.999988854 0.003407488 -0.652303576 -0.004718955 -0.003422858 0.999982953 21.731063843
0.999985039 0.003469134 0.004240539 0.453918040 -0.003483179 0.999988496 0.003309247 -0.665605903 -0.004229010 -0.003323968 0.999985456 22.244670868
0.999984622 0.003538531 0.004264829 0.465592742 -0.003551280 0.999989212 0.002985417 -0.671109915 -0.004254219 -0.003000517 0.999986470 22.760423660
0.999985039 0.004018773 0.003709614 0.477200627 -0.004030433 0.999986947 0.003140768 -0.688422620 -0.003696943 -0.003155673 0.999988198 23.266927719
0.999985933 0.004090587 0.003351183 0.483689755 -0.004101332 0.999986470 0.003206041 -0.703605115 -0.003338022 -0.003219741 0.999989271 23.792827606
0.999990702 0.003265979 0.002808579 0.491474718 -0.003274731 0.999989808 0.003117233 -0.721765816 -0.002798369 -0.003126401 0.999991179 24.317626953
0.999988794 0.004131164 0.002312547 0.505373836 -0.004138003 0.999987066 0.002960322 -0.730725050 -0.002300288 -0.002969858 0.999992967 24.850347519
0.999990165 0.004141430 0.001592579 0.517239571 -0.004146466 0.999986351 0.003172292 -0.746002853 -0.001579420 -0.003178864 0.999993682 25.406440735
0.999987364 0.004883792 0.001170768 0.523783922 -0.004887575 0.999982774 0.003250694 -0.757848024 -0.001154872 -0.003256375 0.999994040 25.934278488
0.999984562 0.005428446 0.001132533 0.528289378 -0.005432024 0.999980152 0.003180859 -0.772238493 -0.001115244 -0.003186961 0.999994338 26.482440948
0.999989271 0.004607547 0.000411556 0.545603693 -0.004608845 0.999984205 0.003212542 -0.784512579 -0.000396748 -0.003214404 0.999994695 27.042480469
0.999989212 0.004626648 -0.000322492 0.560994983 -0.004625537 0.999983609 0.003366329 -0.800225616 0.000338062 -0.003364801 0.999994278 27.587686539
0.999983847 0.005630612 -0.000699395 0.577841997 -0.005628144 0.999978065 0.003481382 -0.823394537 0.000718982 -0.003477390 0.999993682 28.131912231
0.999981642 0.006004376 -0.000767720 0.588131964 -0.006001780 0.999976277 0.003339128 -0.830067396 0.000787752 -0.003334458 0.999994159 28.691516876
0.999984026 0.005625157 -0.000603603 0.583893597 -0.005622970 0.999977767 0.003566870 -0.846163869 0.000623654 -0.003563419 0.999993384 29.217845917
0.999982595 0.005881735 -0.000711077 0.593727648 -0.005879315 0.999977052 0.003358534 -0.858290136 0.000730815 -0.003354294 0.999994040 29.752952576
0.999983907 0.005515898 -0.001279341 0.602484941 -0.005511716 0.999979556 0.003249286 -0.868270576 0.001297238 -0.003242182 0.999993920 30.307497025
0.999982834 0.005667234 -0.001439235 0.612311423 -0.005662472 0.999978542 0.003291390 -0.886277914 0.001457857 -0.003283184 0.999993563 30.845119476
0.999981344 0.005748164 -0.002042445 0.629299045 -0.005741555 0.999978244 0.003227019 -0.898426771 0.002060950 -0.003215233 0.999992669 31.389373779
0.999976218 0.006551247 -0.002170279 0.633708656 -0.006544543 0.999973774 0.003081711 -0.909662306 0.002190411 -0.003067434 0.999992847 31.937677383
0.999977767 0.006295109 -0.002191616 0.643985689 -0.006287662 0.999974430 0.003387879 -0.931515753 0.002212888 -0.003374023 0.999991775 32.472835541
0.999975979 0.006339733 -0.002807603 0.646351457 -0.006328369 0.999971807 0.004038649 -0.948092699 0.002833128 -0.004020785 0.999987781 33.016712189
0.999976099 0.006406925 -0.002588227 0.659170747 -0.006397580 0.999972999 0.003603288 -0.963199377 0.002611244 -0.003586644 0.999990106 33.553699493
0.999974132 0.006658324 -0.002694266 0.665415585 -0.006647992 0.999970555 0.003825373 -0.979474902 0.002719657 -0.003807363 0.999989033 34.098598480
0.999972641 0.006613703 -0.003287949 0.671882391 -0.006600788 0.999970496 0.003923429 -0.992898941 0.003313800 -0.003901619 0.999986887 34.645385742
0.999974549 0.006333079 -0.003273212 0.683792472 -0.006320863 0.999973059 0.003728666 -1.006425619 0.003296738 -0.003707881 0.999987662 35.183078766
0.999977767 0.005361674 -0.003955907 0.694889605 -0.005346545 0.999978423 0.003824936 -1.020860195 0.003976330 -0.003803701 0.999984801 35.713825226
0.999977827 0.005398785 -0.003894011 0.707832932 -0.005383567 0.999977887 0.003908029 -1.032604694 0.003915025 -0.003886979 0.999984801 36.251831055
0.999976814 0.005925847 -0.003359919 0.707178354 -0.005912784 0.999974966 0.003885101 -1.047461748 0.003382858 -0.003865145 0.999986827 36.828613281
0.999972463 0.006334952 -0.003868356 0.717223346 -0.006319602 0.999972105 0.003967247 -1.058773160 0.003893380 -0.003942691 0.999984622 37.382476807
0.999970496 0.006797440 -0.003590826 0.724963546 -0.006784050 0.999970019 0.003727878 -1.070013762 0.003616059 -0.003703407 0.999986649 37.937992096
0.999969661 0.006642240 -0.004049323 0.740190506 -0.006626667 0.999970615 0.003847097 -1.090319753 0.004074756 -0.003820146 0.999984384 38.464843750
0.999973059 0.006308382 -0.003728525 0.742888391 -0.006295701 0.999974430 0.003403237 -1.097584963 0.003749898 -0.003379672 0.999987185 39.018993378
0.999970257 0.006531598 -0.004095839 0.757931888 -0.006517294 0.999972582 0.003495823 -1.117185712 0.004118562 -0.003469025 0.999985516 39.551086426
0.999970615 0.006431528 -0.004161252 0.764249921 -0.006416186 0.999972582 0.003690005 -1.132735491 0.004184871 -0.003663197 0.999984562 40.101615906
0.999970853 0.006475452 -0.004046367 0.772954643 -0.006461524 0.999973178 0.003445709 -1.151746511 0.004068571 -0.003419463 0.999985814 40.636226654
0.999972761 0.006390549 -0.003689839 0.781624258 -0.006377827 0.999973714 0.003449438 -1.167713642 0.003711785 -0.003425811 0.999987185 41.183578491
0.999970019 0.006577468 -0.004092575 0.792006314 -0.006564496 0.999973416 0.003175070 -1.177184343 0.004113350 -0.003148108 0.999986589 41.737174988
0.999967694 0.006835262 -0.004226339 0.800882936 -0.006821537 0.999971569 0.003253532 -1.193281174 0.004248457 -0.003224597 0.999985754 42.265346527
0.999968588 0.006803348 -0.004075750 0.810354054 -0.006789728 0.999971390 0.003346235 -1.206166029 0.004098400 -0.003318456 0.999986053 42.817436218
0.999967158 0.006629353 -0.004660579 0.824409485 -0.006611228 0.999970615 0.003893721 -1.228155017 0.004686255 -0.003862780 0.999981523 43.351322174
0.999965668 0.006998102 -0.004428729 0.824466527 -0.006984737 0.999971032 0.003026031 -1.238541961 0.004449779 -0.002994994 0.999985635 43.924083710
0.999964833 0.007041222 -0.004556616 0.832483590 -0.007027658 0.999970853 0.002985812 -1.251939058 0.004577507 -0.002953686 0.999985218 44.461483002
0.999966979 0.006826517 -0.004407543 0.840279520 -0.006811451 0.999970913 0.003424382 -1.267853260 0.004430792 -0.003394247 0.999984443 45.014148712
0.999967158 0.006862020 -0.004295043 0.846971989 -0.006848530 0.999971569 0.003147994 -1.281528234 0.004316523 -0.003118477 0.999985814 45.557086945
0.999967337 0.006970262 -0.004092274 0.854357004 -0.006957023 0.999970555 0.003240352 -1.293364525 0.004114739 -0.003211776 0.999986410 46.104003906
0.999964178 0.007360424 -0.004185163 0.856998026 -0.007347135 0.999967933 0.003182027 -1.312537789 0.004208451 -0.003151165 0.999986172 46.646377563
0.999963343 0.007040921 -0.004883151 0.870597601 -0.007022269 0.999967992 0.003826274 -1.327355504 0.004909935 -0.003791843 0.999980748 47.190547943
0.999963284 0.007041323 -0.004886731 0.882138550 -0.007024551 0.999969423 0.003440763 -1.342145324 0.004910808 -0.003406310 0.999982119 47.721630096
0.999977648 0.004110090 -0.005271043 0.901891589 -0.004088285 0.999983013 0.004140608 -1.365271688 0.005287972 -0.004118965 0.999977529 48.268264771
0.999967575 0.006567270 -0.004686933 0.898113310 -0.006550695 0.999972284 0.003543175 -1.369800806 0.004710071 -0.003512356 0.999982655 48.773113251
0.999963284 0.007446473 -0.004232719 0.895575762 -0.007433847 0.999967873 0.002991094 -1.380509377 0.004254857 -0.002959520 0.999986589 49.299079895
0.999962986 0.007208553 -0.004682648 0.912803292 -0.007192974 0.999968588 0.003335306 -1.395264745 0.004706542 -0.003301501 0.999983430 49.815166473
0.999962032 0.007408994 -0.004592190 0.912365079 -0.007395437 0.999968410 0.002961928 -1.405029058 0.004613989 -0.002927854 0.999985099 50.331745148
0.999959648 0.008163495 -0.003747781 0.913361132 -0.008152604 0.999962568 0.002912261 -1.422653556 0.003771415 -0.002881589 0.999988794 50.850646973
0.999959826 0.007720139 -0.004550329 0.927749276 -0.007705786 0.999965250 0.003163603 -1.437847257 0.004574595 -0.003128411 0.999984622 51.368984222
0.999955297 0.008402698 -0.004322343 0.927211463 -0.008388216 0.999959171 0.003357177 -1.447556853 0.004350377 -0.003320771 0.999985039 51.891727448
0.999957025 0.008279921 -0.004168357 0.931302249 -0.008266563 0.999960661 0.003211634 -1.463754535 0.004194785 -0.003177037 0.999986172 52.407127380
0.999958813 0.008017382 -0.004258063 0.938950598 -0.008003086 0.999962330 0.003363782 -1.475624919 0.004284870 -0.003329566 0.999985278 52.928611755
0.999957919 0.008048713 -0.004402819 0.948142648 -0.008035608 0.999963284 0.002985780 -1.491382360 0.004426688 -0.002950275 0.999985874 53.445499420
0.999953210 0.008826485 -0.003940163 0.951511264 -0.008814875 0.999956787 0.002954070 -1.507731915 0.003966067 -0.002919201 0.999987900 53.951541901
0.999951601 0.009208038 -0.003464880 0.947369933 -0.009198511 0.999953926 0.002755236 -1.522354960 0.003490091 -0.002723231 0.999990225 54.464866638
0.999948859 0.009504759 -0.003455134 0.954600036 -0.009496165 0.999951839 0.002495117 -1.534150600 0.003478683 -0.002462178 0.999991000 55.016551971
0.999954104 0.008947022 -0.003416395 0.962508321 -0.008937105 0.999955833 0.002907139 -1.548508286 0.003442254 -0.002876474 0.999989927 55.505123138
0.999953449 0.008885916 -0.003756281 0.965179324 -0.008874799 0.999956250 0.002965501 -1.559403896 0.003782469 -0.002932027 0.999988556 56.023117065
0.999955595 0.008633051 -0.003783448 0.978860021 -0.008622533 0.999958932 0.002787155 -1.575814605 0.003807355 -0.002754409 0.999988914 56.541572571
0.999953985 0.008903230 -0.003577310 0.974630177 -0.008892693 0.999956131 0.002950758 -1.587424755 0.003603426 -0.002918811 0.999989271 57.060417175
0.999959409 0.008105949 -0.003944772 0.988337696 -0.008095681 0.999963820 0.002612308 -1.600870371 0.003965805 -0.002580266 0.999988854 57.612739563
0.999953985 0.008987700 -0.003348609 0.984090447 -0.008979950 0.999956906 0.002322539 -1.615373492 0.003369339 -0.002292362 0.999991715 58.096115112
0.999957025 0.008554929 -0.003569520 0.988499165 -0.008546129 0.999960423 0.002473334 -1.625902534 0.003590539 -0.002442722 0.999990582 58.603744507
0.999959707 0.008422101 -0.003118834 0.997889698 -0.008414930 0.999961972 0.002304829 -1.645342708 0.003138127 -0.002278491 0.999992549 59.143535614
0.999956727 0.008544620 -0.003685938 1.004561543 -0.008535407 0.999960423 0.002507452 -1.659070373 0.003707217 -0.002475884 0.999990046 59.646236420
0.999955058 0.008785404 -0.003557404 1.004592538 -0.008776351 0.999958336 0.002552275 -1.669486642 0.003579678 -0.002520940 0.999990404 60.180179596
0.999955595 0.008754823 -0.003465461 1.011078000 -0.008745630 0.999958158 0.002659207 -1.688110352 0.003488597 -0.002628781 0.999990463 60.700183868
0.999955475 0.008784784 -0.003442700 1.018860698 -0.008776231 0.999958336 0.002492118 -1.697974443 0.003464450 -0.002461793 0.999990940 61.223800659
0.999950826 0.009342320 -0.003305436 1.022924066 -0.009334214 0.999953330 0.002459426 -1.712968707 0.003328259 -0.002428451 0.999991477 61.764762878
0.999949813 0.009677993 -0.002564301 1.013831139 -0.009672248 0.999950707 0.002242527 -1.731173038 0.002585877 -0.002217612 0.999994218 62.253589630
0.999951720 0.009480742 -0.002559663 1.022193074 -0.009474475 0.999952078 0.002450006 -1.749433637 0.002582768 -0.002425636 0.999993742 62.769969940
0.999946177 0.010023746 -0.002681528 1.021064758 -0.010016907 0.999946594 0.002551551 -1.770974278 0.002706960 -0.002524553 0.999993145 63.287445068
0.999943852 0.010233878 -0.002729169 1.024349809 -0.010226811 0.999944329 0.002590378 -1.786804676 0.002755527 -0.002562321 0.999992907 63.796493530
0.999946594 0.010012954 -0.002531332 1.025459886 -0.010006062 0.999946177 0.002721071 -1.800542593 0.002558442 -0.002695597 0.999993086 64.317787170
0.999948502 0.009873456 -0.002336204 1.023905516 -0.009867297 0.999947846 0.002633521 -1.817355037 0.002362084 -0.002610334 0.999993801 64.832817078
0.999944687 0.010267855 -0.002291215 1.027410388 -0.010261683 0.999943733 0.002689226 -1.831930876 0.002318699 -0.002665566 0.999993742 65.349067688
0.999945462 0.010163062 -0.002399237 1.032499194 -0.010156991 0.999945223 0.002530059 -1.845229745 0.002424819 -0.002505552 0.999993861 65.864074707
0.999943614 0.010419624 -0.002045656 1.030638933 -0.010414164 0.999942243 0.002662310 -1.868396759 0.002073278 -0.002640856 0.999994338 66.376808167
0.999942839 0.010459048 -0.002212259 1.035659075 -0.010452973 0.999941587 0.002740211 -1.882091761 0.002240790 -0.002716930 0.999993801 66.903480530
0.999939322 0.010862323 -0.001792171 1.033365846 -0.010857113 0.999936879 0.002893260 -1.905943155 0.001823485 -0.002873627 0.999994218 67.425445557
0.999940872 0.010724174 -0.001806909 1.036864400 -0.010719447 0.999939144 0.002604520 -1.915906906 0.001834731 -0.002584997 0.999994993 67.948875427
0.999941170 0.010673450 -0.001943958 1.035582542 -0.010666951 0.999937594 0.003323065 -1.942294717 0.001979305 -0.003302134 0.999992549 68.439743042
0.999935329 0.011254264 -0.001627869 1.034605861 -0.011249361 0.999932230 0.002991873 -1.954196215 0.001661431 -0.002973367 0.999994159 68.975814819
0.999944627 0.010397508 -0.001572111 1.044847608 -0.010392316 0.999940634 0.003276206 -1.968338013 0.001606082 -0.003259687 0.999993384 69.531211853
0.999933898 0.011421863 -0.001318388 1.042532682 -0.011417361 0.999929130 0.003373041 -1.985063314 0.001356821 -0.003357766 0.999993443 70.008651733
0.999941170 0.010753307 -0.001414614 1.054483056 -0.010748866 0.999937415 0.003111189 -1.998101473 0.001447981 -0.003095801 0.999994159 70.529212952
0.999942541 0.010645600 -0.001278535 1.057340980 -0.010641078 0.999937296 0.003490936 -2.020837069 0.001315618 -0.003477131 0.999993086 71.050270081
0.999939978 0.010898439 -0.001122193 1.062524080 -0.010894516 0.999934793 0.003444133 -2.035344601 0.001159656 -0.003431701 0.999993443 71.600349426
0.999939203 0.010957455 -0.001238944 1.069229007 -0.010953472 0.999934971 0.003177585 -2.047591686 0.001273681 -0.003163822 0.999994099 72.128341675
0.999936044 0.011194102 -0.001578669 1.072836876 -0.011188568 0.999931395 0.003471185 -2.065323830 0.001617418 -0.003453301 0.999992728 72.666168213
0.999940634 0.010777613 -0.001620067 1.087885261 -0.010772351 0.999936759 0.003222241 -2.078518867 0.001654693 -0.003204598 0.999993503 73.228919983
0.999937236 0.011130824 -0.001227860 1.096385360 -0.011126727 0.999932587 0.003293078 -2.092113256 0.001264432 -0.003279209 0.999993801 73.784225464
0.999945700 0.006451151 -0.008180629 1.194616556 -0.006289715 0.999787867 0.019608533 -3.043341875 0.008305392 -0.019556014 0.999774218 71.427337646
0.999909699 0.013438478 0.000215808 1.093865395 -0.013438972 0.999906600 0.002476963 -2.108705044 -0.000182501 -0.002479640 0.999996841 75.104560852
0.999926209 0.012134437 -0.000531453 1.110180974 -0.012133228 0.999923885 0.002225811 -2.121596336 0.000558422 -0.002219199 0.999997377 75.676910400
0.999930680 0.011683274 -0.001402896 1.137120366 -0.011679634 0.999928415 0.002575718 -2.155084610 0.001432889 -0.002559155 0.999995649 76.182250977
0.999930739 0.011697390 -0.001216232 1.145816922 -0.011694483 0.999928772 0.002370281 -2.167603493 0.001243872 -0.002355894 0.999996424 76.726348877
0.999938548 0.010930916 -0.001838540 1.160443068 -0.010925376 0.999935746 0.002998487 -2.187216997 0.001871198 -0.002978216 0.999993742 77.251281738
0.999935389 0.011216070 -0.001850958 1.177566528 -0.011211217 0.999933720 0.002611683 -2.205895424 0.001880128 -0.002590763 0.999994874 77.785995483
0.999934554 0.011214410 -0.002258190 1.191601872 -0.011209101 0.999934435 0.002349905 -2.216487169 0.002284395 -0.002324439 0.999994695 78.333236694
0.999937415 0.011040781 -0.001805568 1.198322058 -0.011035534 0.999934852 0.002891479 -2.233323812 0.001837375 -0.002871373 0.999994218 78.903640747
0.999936938 0.011040384 -0.002047843 1.212012172 -0.011034442 0.999934912 0.002890643 -2.250443935 0.002079624 -0.002867864 0.999993742 79.427848816
0.999939680 0.010933726 -0.000993156 1.215584517 -0.010930901 0.999936342 0.002804855 -2.259600163 0.001023761 -0.002793830 0.999995589 79.979789734
0.999942005 0.010764933 0.000192035 1.241231561 -0.010765405 0.999938488 0.002654952 -2.283230305 -0.000163443 -0.002656865 0.999996424 80.488197327
0.999939799 0.010901470 0.001228440 1.252806544 -0.010904724 0.999936938 0.002675685 -2.301360369 -0.001199193 -0.002688920 0.999995649 81.030281067
0.999939799 0.010681197 0.002501065 1.259531498 -0.010688175 0.999938965 0.002792667 -2.307521820 -0.002471084 -0.002819231 0.999992967 81.620056152
0.999923766 0.011103558 0.005401884 1.285774708 -0.011117316 0.999935031 0.002523193 -2.324073315 -0.005373517 -0.002583056 0.999982178 82.178329468
0.999891698 0.011239552 0.009502629 1.305689454 -0.011265708 0.999932885 0.002703088 -2.339486361 -0.009471612 -0.002809849 0.999951124 82.753654480
0.999863625 0.010964033 0.012350294 1.330925703 -0.010998951 0.999935806 0.002763022 -2.349688768 -0.012319206 -0.002898485 0.999919891 83.324470520
0.999809742 0.010824780 0.016228007 1.360259891 -0.010872376 0.999936759 0.002847589 -2.366740942 -0.016196158 -0.003023484 0.999864280 83.877510071
0.999689937 0.010870351 0.022401536 1.390218735 -0.010932911 0.999936581 0.002672238 -2.378867626 -0.022371067 -0.002916324 0.999745429 84.441711426
0.999542952 0.010821996 0.028227342 1.423891306 -0.010897362 0.999937475 0.002517514 -2.395923138 -0.028198333 -0.002823967 0.999598324 84.984764099
0.999347746 0.011005152 0.034395047 1.457429528 -0.011098126 0.999935269 0.002513362 -2.409341812 -0.034365166 -0.002893443 0.999405086 85.547897339
0.999043405 0.010471489 0.042456452 1.507862568 -0.010593528 0.999940395 0.002650484 -2.430561304 -0.042426165 -0.003097713 0.999094725 86.106040955
0.998652935 0.011030254 0.050701883 1.559020519 -0.011162193 0.999935031 0.002319800 -2.446085215 -0.050673004 -0.002882619 0.998711050 86.688179016
0.998264134 0.010581743 0.057937935 1.609494448 -0.010736824 0.999939561 0.002365983 -2.456273079 -0.057909407 -0.002983945 0.998317361 87.259597778
0.997700274 0.010708927 0.066928312 1.664120674 -0.010890784 0.999937952 0.002352917 -2.470928907 -0.066898972 -0.003076408 0.997754991 87.829063416
0.996980488 0.010468108 0.076942854 1.736458302 -0.010656446 0.999941170 0.002037602 -2.487901211 -0.076916978 -0.002851387 0.997033358 88.384132385
0.996301770 0.009820703 0.085360460 1.803202629 -0.009980058 0.999949217 0.001440291 -2.492878675 -0.085341975 -0.002286867 0.996349096 88.935981750
0.995612264 0.010227945 0.093014106 1.875350475 -0.010437036 0.999943972 0.001761744 -2.512532234 -0.092990875 -0.002724805 0.995663226 89.546768188
0.994632483 0.009978231 0.102988869 1.961144924 -0.010191021 0.999946892 0.001540164 -2.520263672 -0.102968015 -0.002581459 0.994681299 90.117835999
0.993469000 0.010204614 0.113644816 2.045145035 -0.010446428 0.999944270 0.001532487 -2.535042524 -0.113622829 -0.002709661 0.993520200 90.664901733
0.992460072 0.009444958 0.122203723 2.157479286 -0.009626666 0.999953270 0.000896588 -2.550840139 -0.122189544 -0.002066242 0.992504656 91.288581848
0.990911663 0.009281753 0.134193808 2.249936104 -0.009523137 0.999953985 0.001157013 -2.565791368 -0.134176865 -0.002424444 0.990954459 91.847885132
0.989157796 0.008222091 0.146625847 2.364197731 -0.008585077 0.999961436 0.001842932 -2.590280056 -0.146605045 -0.003081745 0.989190280 92.426605225
0.987585664 0.008035414 0.156875893 2.473596573 -0.008419472 0.999962986 0.001783785 -2.604810715 -0.156855762 -0.003082453 0.987616658 92.966514587
0.985736668 0.008378668 0.168086186 2.591960907 -0.008689707 0.999961615 0.001115019 -2.614037514 -0.168070376 -0.002559735 0.985771656 93.533653259
0.983401120 0.008660910 0.181238294 2.706358910 -0.009091086 0.999957502 0.001542957 -2.632747889 -0.181217209 -0.003164998 0.983437955 94.068893433
0.981142759 0.007458315 0.193140626 2.849350929 -0.007744117 0.999969721 0.000724832 -2.638427019 -0.193129405 -0.002206868 0.981170833 94.621170044
0.979044318 0.007246794 0.203518659 2.978443146 -0.007597799 0.999970675 0.000943403 -2.653947353 -0.203505889 -0.002469927 0.979070663 95.157241821
0.976271868 0.007808841 0.216407537 3.124193192 -0.008130478 0.999966681 0.000595979 -2.665274143 -0.216395661 -0.002341334 0.976302922 95.711990356
0.973268330 0.007248494 0.229556382 3.278211594 -0.007430202 0.999972343 -0.000072811 -2.669548512 -0.229550540 -0.001634785 0.973295331 96.247932434
0.970693946 0.006850640 0.240221530 3.434427261 -0.007015860 0.999975324 -0.000167425 -2.682732582 -0.240216762 -0.001522843 0.970718086 96.775032043
0.967953563 0.005891261 0.251060128 3.603178024 -0.006078133 0.999981523 -0.000031074 -2.717509985 -0.251055717 -0.001495899 0.967971444 97.254402161
0.964248240 0.006225409 0.264927566 3.766481400 -0.006537203 0.999978602 0.000295216 -2.735056639 -0.264920115 -0.002016548 0.964268208 97.770523071
0.960914254 0.005776351 0.276785970 3.959903717 -0.006075511 0.999981523 0.000223280 -2.754389524 -0.276779562 -0.001896169 0.960931540 98.294601440
0.957642317 0.005165595 0.287914038 4.146038055 -0.005382295 0.999985576 -0.000038924 -2.766477108 -0.287910074 -0.001512363 0.957656264 98.827873230
0.953300953 0.004521429 0.301988214 4.344257355 -0.004792984 0.999988496 0.000158217 -2.782198429 -0.301984042 -0.001598254 0.953311622 99.327117920
0.948803008 0.004360699 0.315838397 4.550460815 -0.004629480 0.999989271 0.000100723 -2.797226667 -0.315834492 -0.001557733 0.948813021 99.856781006
0.944888830 0.003966041 0.327367544 4.755533218 -0.004087646 0.999991596 -0.000316578 -2.808485985 -0.327366054 -0.001039031 0.944897056 100.371292114
0.940235257 0.003619547 0.340506315 4.963897705 -0.003754960 0.999992847 -0.000261302 -2.818678141 -0.340504885 -0.001032902 0.940242290 100.913391113
0.935024083 0.003416756 0.354567766 5.197395325 -0.003536956 0.999993682 -0.000309096 -2.844911575 -0.354566664 -0.000965078 0.935030162 101.438285828
0.930430293 0.002872682 0.366457760 5.430887222 -0.002942126 0.999995589 -0.000369010 -2.858703136 -0.366457134 -0.000734827 0.930434644 101.948776245
0.925534666 0.002959097 0.378651470 5.651157379 -0.003179084 0.999994874 -0.000044183 -2.874700785 -0.378649652 -0.001162872 0.925539255 102.461196899
0.919952452 0.001811888 0.392025679 5.918952942 -0.001922631 0.999998152 -0.000110084 -2.897575378 -0.392025203 -0.000652449 0.919954240 102.926177979
0.914180100 0.002095241 0.405302733 6.165214539 -0.002349211 0.999997199 0.000129206 -2.912446022 -0.405301332 -0.001070259 0.914182544 103.425811768
0.909260988 0.001111441 0.416224957 6.429050446 -0.001148498 0.999999344 -0.000161344 -2.924193859 -0.416224808 -0.000331330 0.909261644 103.941757202
0.903715014 0.000616471 0.428133965 6.695503235 -0.000384627 0.999999762 -0.000628022 -2.934352875 -0.428134203 0.000402881 0.903715074 104.435234070
0.897033095 0.000394786 0.441963434 6.954757690 -0.000197856 0.999999821 -0.000491675 -2.953438520 -0.441963553 0.000353603 0.897032917 104.918739319
0.891299129 -0.001738538 0.453412443 7.261425018 0.002095436 0.999997735 -0.000284788 -2.973999262 -0.453410923 0.001203928 0.891300797 105.425506592
0.885589838 -0.002365450 0.464462101 7.536029816 0.002768395 0.999996066 -0.000185637 -2.989761591 -0.464459836 0.001450212 0.885593057 105.895408630
0.878049970 -0.000913378 0.478568047 7.826187134 0.001001860 0.999999523 0.000070405 -3.008897781 -0.478567868 0.000417639 0.878050447 106.410980225
0.871037841 -0.000929059 0.491214931 8.111015320 0.001261309 0.999999225 -0.000345245 -3.021401167 -0.491214216 0.000920295 0.871038258 106.868690491
0.864900708 -0.002059937 0.501938760 8.400203705 0.002437601 0.999997020 -0.000096332 -3.036211252 -0.501937032 0.001306844 0.864903212 107.317787170
