1.000000000 0.000000000 0.000000000 0.000000000 0.000000000 1.000000000 0.000000000 0.000000000 0.000000000 0.000000000 1.000000000 0.000000000
1.000000000 0.000051937 -0.000015728 0.000024767 -0.000051937 1.000000000 -0.000025920 0.000140524 0.000015726 0.000025921 1.000000000 -0.000699522
1.000000000 -0.000010493 0.000028008 -0.000048703 0.000010491 1.000000000 0.000074139 -0.000339442 -0.000028009 -0.000074139 1.000000000 -0.000240650
1.000000000 -0.000102677 0.000087416 0.000118879 0.000102679 1.000000000 -0.000021606 0.000782524 -0.000087414 0.000021615 1.000000000 0.000999437
1.000000000 -0.000099887 0.000032151 -0.000099082 0.000099886 1.000000000 0.000045535 -0.000508211 -0.000032156 -0.000045532 1.000000000 -0.000735314
1.000000000 0.000048882 0.000149457 -0.000147936 -0.000048871 1.000000000 -0.000073044 0.001034462 -0.000149461 0.000073036 1.000000000 0.000533402
1.000000000 -0.000088774 0.000078165 0.000138451 0.000088775 1.000000000 -0.000006303 0.000078328 -0.000078165 0.000006310 1.000000000 -0.000338432
1.000000000 0.000048037 0.000074942 -0.000651449 -0.000048046 1.000000000 0.000110936 -0.000631404 -0.000074936 -0.000110940 1.000000000 -0.000701358
1.000000000 0.000001821 -0.000026338 -0.000394717 -0.000001823 1.000000000 -0.000066431 -0.000434498 0.000026338 0.000066431 1.000000000 -0.001292719
1.000000000 -0.000022836 0.000054810 -0.000574800 0.000022832 1.000000000 0.000069674 -0.001389796 -0.000054812 -0.000069673 1.000000000 -0.001733427
1.000000000 0.000062886 0.000041895 -0.000623899 -0.000062889 1.000000000 0.000082660 -0.000948034 -0.000041889 -0.000082663 1.000000000 -0.000206129
1.000000000 -0.000025559 0.000048455 -0.000776935 0.000025555 1.000000000 0.000084268 -0.001109659 -0.000048457 -0.000084266 1.000000000 -0.001669479
1.000000000 0.000042169 0.000015288 -0.000877219 -0.000042168 1.000000000 -0.000072260 -0.000641309 -0.000015291 0.000072259 1.000000000 -0.001542043
1.000000000 -0.000004561 0.000053985 -0.001127171 0.000004561 1.000000000 -0.000003837 0.000495009 -0.000053985 0.000003838 1.000000000 0.000220216
1.000000000 -0.000011638 0.000045780 -0.001828900 0.000011644 1.000000000 -0.000119310 0.000608145 -0.000045778 0.000119310 1.000000000 -0.000604681
1.000000000 0.000195964 0.000003309 -0.000186066 -0.000195964 1.000000000 -0.000126028 0.001817902 -0.000003334 0.000126027 1.000000000 0.002212216
1.000000000 0.000147344 0.000127725 -0.001250616 -0.000147324 1.000000000 -0.000157345 0.002202627 -0.000127748 0.000157327 1.000000000 0.002754735
1.000000000 0.000202740 0.000088728 -0.001344981 -0.000202728 1.000000000 -0.000131719 0.001490923 -0.000088754 0.000131701 1.000000000 0.000643860
0.999999940 0.000244976 0.000162775 -0.001981333 -0.000244958 0.999999940 -0.000108265 0.002049127 -0.000162802 0.000108225 1.000000000 0.002414976
1.000000000 0.000145895 0.000158509 -0.001739411 -0.000145875 1.000000000 -0.000120773 0.001655283 -0.000158527 0.000120750 1.000000000 0.002021950
1.000000000 0.000140230 0.000148925 -0.001630493 -0.000140216 1.000000000 -0.000090704 0.001584792 -0.000148938 0.000090683 1.000000000 0.001720265
1.000000000 0.000204178 0.000085550 -0.001767143 -0.000204168 1.000000000 -0.000108348 0.002052990 -0.000085572 0.000108331 1.000000000 0.001695806
1.000000000 0.000188529 0.000033341 -0.000754757 -0.000188525 1.000000000 -0.000114075 0.002152726 -0.000033363 0.000114069 1.000000000 0.002996326
1.000000000 0.000204864 0.000087769 -0.001711447 -0.000204857 1.000000000 -0.000073002 0.002778723 -0.000087784 0.000072984 1.000000000 0.003585639
0.999999881 0.000443880 0.000067655 -0.002065507 -0.000443879 0.999999881 -0.000019219 0.002209563 -0.000067663 0.000019189 1.000000000 0.003965718
0.999999940 0.000361143 0.000100820 -0.001705877 -0.000361134 0.999999940 -0.000085075 0.002168501 -0.000100851 0.000085038 1.000000000 0.001969932
0.999999940 0.000199510 0.000159785 -0.002191513 -0.000199501 1.000000000 -0.000055166 0.002582804 -0.000159796 0.000055134 1.000000000 0.003782980
0.999999940 0.000238029 0.000220841 -0.002785444 -0.000238031 1.000000000 0.000008235 0.001591040 -0.000220839 -0.000008288 1.000000000 0.002813058
1.000000000 0.000203588 0.000100603 -0.001731864 -0.000203581 1.000000000 -0.000069505 0.002316838 -0.000100618 0.000069484 1.000000000 0.002510214
0.999999940 0.000244169 0.000193891 -0.002495476 -0.000244145 0.999999940 -0.000123414 0.002758775 -0.000193921 0.000123367 1.000000000 0.003307308
0.999999940 0.000212112 0.000195497 -0.001766010 -0.000212110 1.000000000 -0.000010134 0.001870386 -0.000195499 0.000010093 1.000000000 0.003156495
0.999999940 0.000175662 0.000194749 -0.001533349 -0.000175644 1.000000000 -0.000088830 0.003009232 -0.000194765 0.000088796 1.000000000 0.004209228
0.999999940 0.000234022 0.000091708 -0.000815119 -0.000234003 0.999999940 -0.000214436 0.003673903 -0.000091758 0.000214415 1.000000000 0.004181176
0.999999940 0.000237864 0.000208210 -0.001417143 -0.000237846 0.999999940 -0.000082722 0.002081017 -0.000208229 0.000082672 1.000000000 0.001900817
0.999999881 0.000343154 0.000247885 -0.002768154 -0.000343118 0.999999940 -0.000145160 0.002151368 -0.000247934 0.000145075 0.999999940 0.001653453
0.999999940 0.000281633 0.000208030 -0.001655095 -0.000281604 0.999999940 -0.000136403 0.002045015 -0.000208068 0.000136344 0.999999940 0.002537795
1.000000000 0.000157782 0.000121651 -0.000750377 -0.000157777 1.000000000 -0.000039840 0.002184596 -0.000121658 0.000039821 1.000000000 0.002014542
0.999999940 0.000302060 0.000207325 -0.003011857 -0.000302041 0.999999940 -0.000091102 0.003237659 -0.000207353 0.000091040 1.000000000 0.003939662
0.999999940 0.000338407 0.000225047 -0.002008797 -0.000338403 0.999999940 -0.000019144 0.001774182 -0.000225054 0.000019068 1.000000000 0.002629781
0.999999940 0.000293628 0.000143851 -0.000990630 -0.000293615 0.999999940 -0.000093976 0.003467326 -0.000143878 0.000093934 1.000000000 0.003292265
1.000000000 0.000139315 0.000110673 -0.000571517 -0.000139301 1.000000000 -0.000121369 0.001780101 -0.000110690 0.000121354 1.000000000 0.004232769
0.999999881 0.000453279 0.000166049 0.000463081 -0.000453183 0.999999762 -0.000575061 -0.001716686 -0.000166310 0.000574985 0.999999821 0.051936802
0.999999940 0.000389569 0.000112913 -0.000044847 -0.000389438 0.999999225 -0.001159409 -0.002756701 -0.000113364 0.001159365 0.999999344 0.137308881
1.000000000 0.000232474 0.000044429 0.003786217 -0.000232409 0.999998927 -0.001453951 -0.008149524 -0.000044767 0.001453940 0.999998927 0.253961265
0.999999940 0.000363372 0.000132396 0.006711964 -0.000363187 0.999998987 -0.001394824 -0.009349136 -0.000132903 0.001394775 0.999999046 0.389382958
0.999999940 0.000101702 0.000296899 0.007638271 -0.000101388 0.999999464 -0.001058993 -0.014412330 -0.000297006 0.001058962 0.999999404 0.536125898
0.999999940 -0.000278240 -0.000043853 0.014152954 0.000278190 0.999999344 -0.001131738 -0.019896520 0.000044167 0.001131725 0.999999344 0.683161139
1.000000000 0.000071668 0.000152893 0.019300301 -0.000071551 0.999999702 -0.000762708 -0.023631604 -0.000152948 0.000762697 0.999999702 0.845265985
0.999999881 0.000114872 0.000432734 0.009694660 -0.000114617 0.999999821 -0.000588777 -0.028368264 -0.000432801 0.000588727 0.999999762 1.019678473
0.999999940 0.000239615 0.000297267 0.020099787 -0.000239381 0.999999642 -0.000787285 -0.027377028 -0.000297456 0.000787214 0.999999642 1.205357432
0.999999225 0.000514807 0.001116985 0.010872956 -0.000514656 0.999999881 -0.000135099 -0.043388158 -0.001117054 0.000134524 0.999999344 1.374226928
0.999997854 0.001023842 0.001805031 0.004086781 -0.001025188 0.999999225 0.000744848 -0.058480557 -0.001804267 -0.000746697 0.999998033 1.588683248
0.999998093 0.000780648 0.001806826 0.008357672 -0.000782229 0.999999285 0.000874611 -0.062186219 -0.001806142 -0.000876023 0.999997973 1.791600108
0.999998152 0.000757350 0.001784158 0.012298572 -0.000759615 0.999998808 0.001269275 -0.070440151 -0.001783194 -0.001270628 0.999997616 1.990181684
0.999998331 0.000555341 0.001746093 0.013313742 -0.000557103 0.999999344 0.001008722 -0.077423766 -0.001745532 -0.001009693 0.999997973 2.204874039
0.999997854 0.000594399 0.002033863 0.016875274 -0.000596942 0.999999046 0.001250206 -0.084333971 -0.002033118 -0.001251417 0.999997139 2.420886040
0.999997497 0.001043126 0.002000522 0.021753110 -0.001044794 0.999999106 0.000833233 -0.084867708 -0.001999651 -0.000835321 0.999997735 2.654258013
0.999998450 0.000416887 0.001696675 0.031603109 -0.000419275 0.999999046 0.001407227 -0.097757429 -0.001696087 -0.001407937 0.999997497 2.884241819
0.999998569 0.000340234 0.001675131 0.035590600 -0.000342907 0.999998689 0.001595559 -0.103082776 -0.001674586 -0.001596131 0.999997258 3.124252081
0.999998152 0.000492467 0.001819644 0.042059615 -0.000494857 0.999998987 0.001313304 -0.108939163 -0.001818995 -0.001314202 0.999997497 3.369595289
0.999997795 0.000455703 0.002087625 0.044052064 -0.000459461 0.999998391 0.001800002 -0.122732013 -0.002086801 -0.001800957 0.999996245 3.601294994
0.999997497 0.000711195 0.002108555 0.044962011 -0.000715304 0.999997854 0.001948766 -0.127320617 -0.002107165 -0.001950270 0.999995828 3.870639801
0.999998152 0.000724378 0.001768542 0.052742776 -0.000727916 0.999997735 0.002000943 -0.133427784 -0.001767089 -0.002002227 0.999996424 4.131581783
0.999997139 0.000727527 0.002268456 0.060181949 -0.000732579 0.999997318 0.002227035 -0.139641017 -0.002266830 -0.002228690 0.999994934 4.385298252
0.999996662 0.000692197 0.002468337 0.060512178 -0.000697518 0.999997437 0.002155202 -0.143565789 -0.002466839 -0.002156917 0.999994695 4.656609058
0.999996543 0.000847610 0.002463428 0.065095127 -0.000851890 0.999998152 0.001736758 -0.148562938 -0.002461951 -0.001738850 0.999995470 4.907051086
0.999996364 0.000719661 0.002607974 0.070631653 -0.000724371 0.999998093 0.001805490 -0.156964585 -0.002606670 -0.001807372 0.999994993 5.162066460
0.999994516 0.001242672 0.003076203 0.075088099 -0.001247420 0.999998033 0.001541973 -0.161649719 -0.003074281 -0.001545802 0.999994040 5.426585674
0.999995828 0.001071554 0.002688318 0.078615196 -0.001076754 0.999997556 0.001933701 -0.172123224 -0.002686240 -0.001936588 0.999994516 5.693234921
0.999996185 0.001009435 0.002575242 0.084818587 -0.001014358 0.999997616 0.001911236 -0.177329689 -0.002573308 -0.001913841 0.999994874 5.969947815
0.999994338 0.001613561 0.002937704 0.087031007 -0.001618466 0.999997318 0.001667984 -0.183101803 -0.002935004 -0.001672729 0.999994278 6.253375053
0.999993682 0.001816167 0.003052036 0.103366740 -0.001821979 0.999996543 0.001902428 -0.185291156 -0.003048570 -0.001907977 0.999993563 6.553599358
0.999994993 0.001309964 0.002867382 0.098419301 -0.001315083 0.999997497 0.001784291 -0.197755173 -0.002865037 -0.001788053 0.999994278 6.848070621
0.999995112 0.001328161 0.002856192 0.106008671 -0.001332898 0.999997795 0.001657295 -0.204156116 -0.002853984 -0.001661093 0.999994516 7.150618076
0.999995768 0.001034893 0.002723176 0.113679133 -0.001040435 0.999997437 0.002034441 -0.214646921 -0.002721064 -0.002037266 0.999994218 7.444514751
0.999995291 0.001253129 0.002799632 0.118301064 -0.001259013 0.999997079 0.002101084 -0.226330131 -0.002796991 -0.002104599 0.999993920 7.757611752
0.999996185 0.000644213 0.002713425 0.136548162 -0.000650979 0.999996781 0.002493403 -0.238720551 -0.002711810 -0.002495160 0.999993205 8.058722496
0.999992728 0.001714871 0.003405356 0.119363688 -0.001722602 0.999995887 0.002268509 -0.247483104 -0.003401452 -0.002274358 0.999991655 8.374651909
0.999994576 0.001113093 0.003090627 0.131593108 -0.001120237 0.999996603 0.002310819 -0.255662084 -0.003088045 -0.002314270 0.999992549 8.704140663
0.999992609 0.001679752 0.003450560 0.136265546 -0.001688574 0.999995291 0.002555342 -0.261847645 -0.003446252 -0.002561150 0.999990821 9.052898407
0.999994040 0.001609619 0.003029852 0.143371463 -0.001617732 0.999995112 0.002677170 -0.278333664 -0.003025528 -0.002682055 0.999991894 9.375248909
0.999991953 0.002254551 0.003311987 0.147923633 -0.002262376 0.999994636 0.002360672 -0.293914646 -0.003306647 -0.002368146 0.999991655 9.697814941
0.999993980 0.001841483 0.002936314 0.162520066 -0.001848486 0.999995530 0.002384183 -0.304296851 -0.002931910 -0.002389596 0.999992847 10.051613808
0.999993980 0.002046934 0.002815127 0.167721257 -0.002052574 0.999995828 0.002002044 -0.307703942 -0.002811017 -0.002007810 0.999994040 10.412362099
0.999993920 0.002077733 0.002787048 0.182346255 -0.002083178 0.999995887 0.001952094 -0.315790504 -0.002782981 -0.001957888 0.999994159 10.777183533
0.999994755 0.001703372 0.002787934 0.180896699 -0.001709847 0.999995828 0.002321579 -0.329510599 -0.002783969 -0.002326334 0.999993443 11.131669998
0.999993801 0.002000026 0.002912586 0.188709170 -0.002007151 0.999994934 0.002445564 -0.338990360 -0.002907680 -0.002451395 0.999992788 11.513912201
0.999994874 0.001721710 0.002673833 0.200376272 -0.001728570 0.999995232 0.002565190 -0.348687887 -0.002669404 -0.002569798 0.999993145 11.906107903
0.999991775 0.002485031 0.003205499 0.202378020 -0.002495060 0.999992013 0.003128332 -0.367569208 -0.003197700 -0.003136304 0.999989986 12.264590263
0.999991536 0.002127585 0.003508854 0.204650998 -0.002139956 0.999991477 0.003525836 -0.386966079 -0.003501323 -0.003533315 0.999987602 12.652451515
0.999990642 0.002521408 0.003523126 0.209848762 -0.002533177 0.999991179 0.003340047 -0.393376619 -0.003514673 -0.003348941 0.999988198 13.059944153
0.999990702 0.002091189 0.003781509 0.221208423 -0.002103550 0.999992371 0.003267698 -0.400135159 -0.003774648 -0.003275623 0.999987423 13.478931427
0.999985576 0.003156963 0.004346017 0.223143354 -0.003173608 0.999987662 0.003828543 -0.417585552 -0.004333877 -0.003842281 0.999983191 13.872726440
0.999991059 0.002290758 0.003547857 0.236509621 -0.002305472 0.999988735 0.004148747 -0.424761653 -0.003538314 -0.004156889 0.999985039 14.262761116
0.999987483 0.002889377 0.004080292 0.243939534 -0.002905343 0.999988079 0.003912636 -0.437326163 -0.004068939 -0.003924441 0.999983966 14.683259964
0.999989450 0.002461809 0.003862882 0.256906390 -0.002475119 0.999990940 0.003444500 -0.443247110 -0.003854366 -0.003454024 0.999986589 15.129726410
0.999989688 0.001780790 0.004180899 0.264842123 -0.001796370 0.999991417 0.003725892 -0.457695127 -0.004174229 -0.003733364 0.999984324 15.523292542
0.999988377 0.001282927 0.004652860 0.271825433 -0.001300882 0.999991775 0.003858177 -0.466206610 -0.004647872 -0.003864185 0.999981701 15.971355438
0.999983847 0.002574224 0.005070740 0.280089647 -0.002597422 0.999986231 0.004573659 -0.476797998 -0.005058897 -0.004586756 0.999976695 16.419012070
0.999982655 0.002243964 0.005438798 0.289457679 -0.002264811 0.999990106 0.003829818 -0.492040485 -0.005430151 -0.003842069 0.999977887 16.855276108
0.999984741 0.001288051 0.005371503 0.308842838 -0.001311508 0.999989688 0.004365659 -0.508584261 -0.005365823 -0.004372638 0.999976099 17.316846848
0.999980807 0.002242991 0.005774777 0.313804030 -0.002268127 0.999988079 0.004350008 -0.516455173 -0.005764950 -0.004363023 0.999973893 17.783792496
0.999978960 0.002053440 0.006139882 0.316823572 -0.002075042 0.999991596 0.003513982 -0.527451336 -0.006132616 -0.003526649 0.999974906 18.225997925
0.999971688 0.002982476 0.006897812 0.322548568 -0.003009432 0.999987841 0.003900656 -0.536935925 -0.006886095 -0.003921304 0.999968529 18.692466736
0.999973834 0.002600736 0.006741957 0.342931569 -0.002627208 0.999988854 0.003920645 -0.550269961 -0.006731686 -0.003938255 0.999969542 19.177921295
0.999976099 0.002345388 0.006503675 0.360152602 -0.002371186 0.999989331 0.003962017 -0.565047204 -0.006494313 -0.003977343 0.999970913 19.644050598
0.999978542 0.002287709 0.006137989 0.370821059 -0.002315001 0.999987423 0.004443046 -0.580802977 -0.006127746 -0.004457159 0.999971271 20.131702423
0.999978244 0.002169821 0.006238961 0.389238417 -0.002195277 0.999989271 0.004076292 -0.589302123 -0.006230049 -0.004089900 0.999972224 20.623796463
0.999983013 0.001699427 0.005565468 0.404010683 -0.001721444 0.999990702 0.003953462 -0.596234143 -0.005558697 -0.003962976 0.999976695 21.084287643
0.999986529 0.001764431 0.004879500 0.417937607 -0.001781781 0.999992132 0.003553587 -0.604090273 -0.004873191 -0.003562233 0.999981821 21.593048096
0.999988735 0.001483063 0.004509670 0.423544973 -0.001499118 0.999992490 0.003558751 -0.614106178 -0.004504358 -0.003565472 0.999983549 22.106449127
0.999989748 0.001552496 0.004232970 0.433636010 -0.001568347 0.999991775 0.003743931 -0.630205095 -0.004227122 -0.003750531 0.999984026 22.587495804
0.999991417 0.001743859 0.003742032 0.442997873 -0.001758968 0.999990344 0.004038271 -0.647037029 -0.003734953 -0.004044819 0.999984801 23.108470917
0.999988139 0.002814539 0.003984798 0.438226223 -0.002829789 0.999988735 0.003826536 -0.661741495 -0.003973983 -0.003837766 0.999984682 23.618507385
0.999996960 0.000740375 0.002347652 0.459144145 -0.000749509 0.999992132 0.003892102 -0.679251134 -0.002344752 -0.003893849 0.999989688 24.143360138
0.999996960 0.001385671 0.002035699 0.469676077 -0.001393738 0.999991119 0.003966787 -0.688085675 -0.002030184 -0.003969611 0.999990106 24.690784454
0.999997258 0.001941533 0.001284388 0.473237336 -0.001947297 0.999988019 0.004501481 -0.701463878 -0.001275633 -0.004503970 0.999989092 25.220808029
0.999996841 0.002127769 0.001321530 0.463828355 -0.002133392 0.999988616 0.004268473 -0.720860720 -0.001312433 -0.004271279 0.999990046 25.725650787
0.999997795 0.001951988 0.000752676 0.477158904 -0.001955158 0.999989092 0.004234154 -0.732289076 -0.000744403 -0.004235616 0.999990761 26.282087326
0.999996305 0.002562758 0.000843003 0.480189413 -0.002566590 0.999986291 0.004576515 -0.742720187 -0.000831263 -0.004578663 0.999989212 26.841098785
0.999997497 0.002211386 0.000322939 0.483449340 -0.002212667 0.999989510 0.004021611 -0.742900968 -0.000314042 -0.004022316 0.999991894 27.424312592
0.999996543 0.002613561 -0.000344576 0.502896905 -0.002611814 0.999984205 0.004976112 -0.777654886 0.000357576 -0.004975197 0.999987543 27.885345459
0.999995649 0.002955773 -0.000100421 0.508231699 -0.002955269 0.999984682 0.004693034 -0.782327235 0.000114292 -0.004692716 0.999989033 28.447299957
0.999991596 0.004032197 0.000718857 0.512799203 -0.004035717 0.999979556 0.004964571 -0.800431550 -0.000698824 -0.004967431 0.999987423 28.984123230
0.999996305 0.002513668 -0.001090946 0.537790596 -0.002508421 0.999985337 0.004784375 -0.810924232 0.001102956 -0.004781620 0.999987960 29.553241730
0.999994993 0.002846617 -0.001377222 0.527228594 -0.002840064 0.999984741 0.004736644 -0.827206790 0.001390685 -0.004732710 0.999987841 30.085584641
0.999991715 0.003953242 -0.000879280 0.531493902 -0.003948773 0.999979556 0.005028125 -0.843439579 0.000899139 -0.005024612 0.999986947 30.642282486
0.999990702 0.004128269 -0.001228755 0.541784286 -0.004121992 0.999978662 0.005068094 -0.860312819 0.001249652 -0.005062982 0.999986410 31.161113739
0.999993026 0.003206875 -0.001868426 0.548261523 -0.003198172 0.999984026 0.004642998 -0.870570660 0.001883285 -0.004636991 0.999987423 31.691038132
0.999992073 0.003226445 -0.002303997 0.563715458 -0.003215805 0.999984205 0.004607380 -0.884201348 0.002318826 -0.004599935 0.999986708 32.239864349
0.999987304 0.004243854 -0.002706470 0.570478737 -0.004231610 0.999980807 0.004513445 -0.888303638 0.002725573 -0.004501936 0.999986172 32.798824310
0.999992788 0.002290496 -0.003021376 0.574160457 -0.002276483 0.999986649 0.004633603 -0.908535600 0.003031949 -0.004626692 0.999984682 33.298667908
0.999992549 0.002869917 -0.002591527 0.582911849 -0.002857492 0.999984443 0.004785582 -0.921738625 0.002605221 -0.004778140 0.999985158 33.848033905
0.999989927 0.002414424 -0.003782605 0.599888146 -0.002397944 0.999987662 0.004355310 -0.928989053 0.003793074 -0.004346196 0.999983370 34.388778687
0.999991298 0.002728819 -0.003150654 0.587608337 -0.002713396 0.999984503 0.004888839 -0.950344980 0.003163945 -0.004880248 0.999983072 34.883022308
0.999990821 0.002329763 -0.003597718 0.602079511 -0.002312389 0.999985695 0.004825934 -0.958488584 0.003608910 -0.004817570 0.999981880 35.436614990
0.999991119 0.002553970 -0.003356009 0.607967973 -0.002539230 0.999987185 0.004388634 -0.973223746 0.003367174 -0.004380073 0.999984741 35.972835541
0.999991596 0.002595840 -0.003171325 0.600364089 -0.002581277 0.999986172 0.004587285 -0.983054817 0.003183189 -0.004579062 0.999984443 36.486534119
0.999989450 0.003143855 -0.003338131 0.608287811 -0.003127621 0.999983311 0.004857305 -0.996031404 0.003353346 -0.004846814 0.999982595 37.036415100
0.999989808 0.003310643 -0.003067690 0.616944313 -0.003298330 0.999986529 0.004010011 -1.003036141 0.003080925 -0.003999851 0.999987304 37.590362549
0.999989152 0.003013447 -0.003533696 0.616381586 -0.002997662 0.999985516 0.004463599 -1.021650791 0.003547096 -0.004452958 0.999983788 38.090717316
0.999987423 0.003774201 -0.003293077 0.622801960 -0.003761380 0.999985456 0.003890641 -1.028231263 0.003307713 -0.003878206 0.999987006 38.641803741
0.999988317 0.002992805 -0.003791585 0.636373818 -0.002975109 0.999984682 0.004664041 -1.048443794 0.003805485 -0.004652707 0.999981940 39.162532806
0.999989212 0.003227594 -0.003343071 0.624568641 -0.003211810 0.999983728 0.004715799 -1.057869911 0.003358238 -0.004705010 0.999983251 39.682975769
0.999988139 0.003554279 -0.003319878 0.635814726 -0.003537854 0.999981463 0.004940014 -1.074771762 0.003337376 -0.004928209 0.999982297 40.231727600
0.999989152 0.003608993 -0.002943377 0.642634571 -0.003595131 0.999982476 0.004701182 -1.081044436 0.002960292 -0.004690548 0.999984622 40.784095764
0.999988198 0.003555713 -0.003302695 0.639351964 -0.003540036 0.999982476 0.004740452 -1.096557140 0.003319493 -0.004728705 0.999983311 41.282901764
0.999988019 0.004014475 -0.002804184 0.643513858 -0.004000355 0.999979377 0.005022591 -1.110303164 0.002824290 -0.005011314 0.999983430 41.830844879
0.999987960 0.003926302 -0.002925018 0.659639478 -0.003912264 0.999980927 0.004789292 -1.117877245 0.002943766 -0.004777791 0.999984264 42.379505157
0.999987245 0.003778594 -0.003358111 0.659396291 -0.003761624 0.999980330 0.005045237 -1.125853062 0.003377109 -0.005032541 0.999981642 42.862136841
0.999987483 0.004030385 -0.002951134 0.668099344 -0.004017203 0.999981999 0.004459234 -1.139694452 0.002969054 -0.004447323 0.999985754 43.413532257
0.999987245 0.004013875 -0.003080342 0.675508857 -0.004000601 0.999982774 0.004302943 -1.147442460 0.003097561 -0.004290564 0.999985933 43.968059540
0.999986410 0.004317655 -0.002903094 0.667553246 -0.004303697 0.999979258 0.004797413 -1.161992550 0.002923747 -0.004784854 0.999984264 44.438781738
0.999985635 0.004347532 -0.003140314 0.679645658 -0.004333873 0.999981225 0.004343270 -1.170797825 0.003159136 -0.004329598 0.999985576 44.995933533
0.999985516 0.004551065 -0.002869528 0.686601818 -0.004537737 0.999978900 0.004633828 -1.187497139 0.002890557 -0.004620739 0.999985158 45.544300079
0.999987006 0.004489963 -0.002394920 0.675184369 -0.004479263 0.999980032 0.004454491 -1.197827697 0.002414872 -0.004443706 0.999987185 46.029052734
0.999985695 0.004700125 -0.002547544 0.688607812 -0.004687809 0.999977350 0.004819040 -1.208394051 0.002570136 -0.004807028 0.999985158 46.574954987
0.999984860 0.004794163 -0.002690632 0.694294095 -0.004782069 0.999978483 0.004484154 -1.218186259 0.002712072 -0.004471219 0.999986351 47.091804504
0.999985695 0.004702467 -0.002522171 0.702728689 -0.004692195 0.999980748 0.004063513 -1.227826834 0.002541231 -0.004051620 0.999988556 47.641365051
0.999985993 0.004772530 -0.002292397 0.709296405 -0.004761849 0.999977827 0.004642674 -1.244914055 0.002314504 -0.004631692 0.999986589 48.151409149
0.999987543 0.004056855 -0.002896427 0.726275504 -0.004042736 0.999979973 0.004863408 -1.257248282 0.002916099 -0.004851638 0.999984026 48.708122253
0.999983490 0.005274199 -0.002282914 0.730890512 -0.005264085 0.999976397 0.004414017 -1.264095664 0.002306141 -0.004401927 0.999987662 49.247417450
0.999982297 0.005552336 -0.002100134 0.724256814 -0.005542174 0.999973059 0.004814554 -1.280218840 0.002126809 -0.004802830 0.999986172 49.768863678
0.999983430 0.005504528 -0.001620032 0.733985484 -0.005496735 0.999973476 0.004776308 -1.296122432 0.001646280 -0.004767323 0.999987304 50.302742004
0.999988496 0.003779502 -0.002954022 0.758212268 -0.003763920 0.999979079 0.005263010 -1.309387684 0.002973852 -0.005251830 0.999981821 50.850463867
0.999980807 0.005663990 -0.002518112 0.754684806 -0.005651960 0.999972641 0.004759307 -1.315077424 0.002545000 -0.004744983 0.999985516 51.345577240
0.999981463 0.005617334 -0.002333417 0.762637198 -0.005606390 0.999973357 0.004670740 -1.326799631 0.002359592 -0.004657572 0.999986410 51.905609131
0.999986112 0.004642702 -0.002485601 0.772472858 -0.004632418 0.999980748 0.004127484 -1.331987977 0.002504715 -0.004115913 0.999988437 52.441627502
0.999983609 0.005333279 -0.002079668 0.765681028 -0.005323262 0.999974370 0.004792903 -1.353013754 0.002105177 -0.004781754 0.999986291 52.960796356
0.999979377 0.005997482 -0.002273202 0.774796188 -0.005987906 0.999973297 0.004195926 -1.361054420 0.002298306 -0.004182228 0.999988556 53.499809265
0.999980748 0.005731053 -0.002342843 0.781347454 -0.005721290 0.999975085 0.004152462 -1.376766324 0.002366582 -0.004138979 0.999988616 54.042873383
0.999979556 0.006140136 -0.001776532 0.781747997 -0.006132815 0.999972761 0.004096383 -1.382498026 0.001801635 -0.004085404 0.999990046 54.559757233
0.999984264 0.005190871 -0.002123364 0.797409713 -0.005181548 0.999977052 0.004371889 -1.395169258 0.002146008 -0.004360818 0.999988258 55.103527069
0.999982178 0.005688826 -0.001761545 0.806145251 -0.005681660 0.999975622 0.004045926 -1.409249544 0.001784519 -0.004035846 0.999990284 55.631519318
0.999981225 0.005939084 -0.001583408 0.800253332 -0.005933265 0.999975741 0.003656453 -1.412303448 0.001605085 -0.003646989 0.999992013 56.176036835
0.999978304 0.006550846 -0.000761432 0.805440247 -0.006548078 0.999972165 0.003584244 -1.424508572 0.000784891 -0.003579180 0.999993265 56.715049744
0.999983549 0.005604878 -0.001212576 0.819880545 -0.005600533 0.999977946 0.003558552 -1.438655615 0.001232493 -0.003551702 0.999992907 57.275993347
0.999983490 0.005491158 -0.001685334 0.840171456 -0.005485885 0.999980152 0.003117976 -1.445290565 0.001702421 -0.003108679 0.999993742 57.809898376
0.999977887 0.006579200 -0.000943858 0.818267584 -0.006576198 0.999973416 0.003146790 -1.447301030 0.000964536 -0.003140514 0.999994516 58.285736084
0.999974549 0.007111057 -0.000486283 0.827754259 -0.007109310 0.999968529 0.003503756 -1.466237307 0.000511183 -0.003500210 0.999993682 58.831176758
0.999976754 0.006775068 -0.000636857 0.842988074 -0.006773837 0.999975204 0.001913552 -1.471098304 0.000649806 -0.001909194 0.999997973 59.383243561
0.999978364 0.006536602 -0.000709087 0.833389521 -0.006534382 0.999973834 0.003088369 -1.491083145 0.000729257 -0.003083668 0.999994993 59.899204254
0.999968112 0.007952171 -0.000693381 0.843714833 -0.007950290 0.999964833 0.002675212 -1.501927853 0.000714630 -0.002669614 0.999996245 60.451465607
0.999980330 0.006218858 -0.000765849 0.862187982 -0.006216740 0.999976933 0.002735324 -1.512521267 0.000782842 -0.002730509 0.999996006 61.001071930
0.999978840 0.006405779 -0.001143265 0.866185427 -0.006402975 0.999976516 0.002440171 -1.534562945 0.001158869 -0.002432798 0.999996364 61.528091431
0.999978483 0.006557029 -0.000275132 0.853635371 -0.006556290 0.999975026 0.002609262 -1.534850836 0.000292234 -0.002607402 0.999996543 62.041950226
0.999972224 0.007454974 0.000325425 0.858695388 -0.007455828 0.999968529 0.002703898 -1.546004176 -0.000305258 -0.002706249 0.999996305 62.590217590
0.999982655 0.005883714 -0.000557417 0.882137597 -0.005882055 0.999978423 0.002934275 -1.564666986 0.000574670 -0.002930945 0.999995530 63.138904572
0.999985039 0.005391007 -0.000934478 0.890492439 -0.005388600 0.999982119 0.002560147 -1.580340385 0.000948263 -0.002555073 0.999996245 63.648960114
0.999976635 0.006835993 -0.000132229 0.875775039 -0.006835684 0.999974191 0.002210263 -1.588013172 0.000147335 -0.002209307 0.999997556 64.194908142
0.999979436 0.006400985 -0.000557066 0.890368700 -0.006400025 0.999978065 0.001707474 -1.600507140 0.000567983 -0.001703873 0.999998391 64.733421326
0.999980569 0.006233272 -0.000355484 0.900114179 -0.006232635 0.999979019 0.001767069 -1.617422700 0.000366491 -0.001764819 0.999998391 65.271621704
0.999978125 0.006606170 0.000303827 0.900527060 -0.006606735 0.999976337 0.001901263 -1.629676461 -0.000291260 -0.001903228 0.999998152 65.826210022
0.999977350 0.006664387 0.000931179 0.880543709 -0.006666573 0.999974966 0.002363398 -1.647088766 -0.000915405 -0.002369552 0.999996781 66.360595703
0.999966860 0.007993467 0.001533454 0.886263013 -0.007997175 0.999965012 0.002427796 -1.658634067 -0.001513994 -0.002439979 0.999995887 66.910697937
0.999970436 0.007595058 0.001248183 0.901389480 -0.007597911 0.999968529 0.002297383 -1.675269604 -0.001230695 -0.002306798 0.999996603 67.443923950
0.999972403 0.007304639 0.001322027 0.912819088 -0.007306936 0.999971807 0.001740675 -1.682031155 -0.001309274 -0.001750287 0.999997616 68.015899658
0.999972701 0.007263496 0.001432983 0.906520307 -0.007266134 0.999971926 0.001845021 -1.686280608 -0.001419541 -0.001855383 0.999997258 68.501319885
0.999967873 0.007917320 0.001240686 0.920281291 -0.007919563 0.999966979 0.001813538 -1.700768828 -0.001226286 -0.001823306 0.999997616 69.049484253
0.999982715 0.005804488 0.000960357 0.939769149 -0.005806761 0.999980330 0.002381925 -1.718186975 -0.000946512 -0.002387460 0.999996722 69.605644226
0.999974966 0.006936212 0.001335344 0.936360419 -0.006938666 0.999974191 0.001842892 -1.728005052 -0.001322527 -0.001852112 0.999997377 70.123733521
0.999975562 0.006776694 0.001713693 0.946320295 -0.006779202 0.999975979 0.001461109 -1.740260482 -0.001703750 -0.001472690 0.999997437 70.673606873
0.999980330 0.006082838 0.001515165 0.962769687 -0.006085500 0.999979913 0.001757959 -1.756091714 -0.001504441 -0.001767145 0.999997318 71.225852966
0.999970138 0.007497765 0.001878922 0.967132151 -0.007500534 0.999970794 0.001471203 -1.765622616 -0.001867836 -0.001485252 0.999997139 71.721260071
0.999969840 0.007574426 0.001728550 0.978481770 -0.007576936 0.999970257 0.001450118 -1.776554823 -0.001717515 -0.001463171 0.999997437 72.277687073
0.999967217 0.007928433 0.001664827 0.985898435 -0.007931892 0.999966443 0.002081373 -1.799546719 -0.001648269 -0.002094510 0.999996483 72.814079285
0.999967337 0.007764254 0.002253326 0.994033933 -0.007767417 0.999968886 0.001397466 -1.801759958 -0.002242405 -0.001414923 0.999996483 73.312599182
0.999970198 0.007444725 0.002034668 1.009049058 -0.007448160 0.999970913 0.001685658 -1.810045719 -0.002022059 -0.001700763 0.999996543 73.870223999
0.999966383 0.007965701 0.001989628 1.019601941 -0.007969680 0.999966323 0.001999220 -1.830170870 -0.001973636 -0.002015009 0.999996066 74.406044006
0.999967158 0.007797056 0.002215920 1.031327248 -0.007800062 0.999968588 0.001351028 -1.838589549 -0.002205316 -0.001368267 0.999996603 74.913421631
0.999960661 0.008666206 0.001874169 1.040091038 -0.008668463 0.999961615 0.001199936 -1.851870179 -0.001863699 -0.001216135 0.999997497 75.458755493
0.999969423 0.007605662 0.001811957 1.058234453 -0.007607414 0.999970555 0.000961175 -1.864292026 -0.001804593 -0.000974930 0.999997854 76.017127991
0.999959052 0.008759007 0.002278660 1.065848589 -0.008760801 0.999961317 0.000777598 -1.876389503 -0.002271761 -0.000797529 0.999997079 76.537506104
0.999962032 0.008472022 0.002025912 1.079205990 -0.008473032 0.999963999 0.000490296 -1.887282133 -0.002021685 -0.000507443 0.999997795 77.098373413
0.999965131 0.007986804 0.002424106 1.084928393 -0.007989340 0.999967575 0.001037715 -1.908094645 -0.002415739 -0.001057046 0.999996543 77.607810974
0.999954283 0.009105382 0.002916030 1.091057658 -0.009108202 0.999958038 0.000954962 -1.918457508 -0.002907212 -0.000981478 0.999995291 78.141777039
0.999954045 0.009281544 0.002399760 1.104582787 -0.009283992 0.999956369 0.001011110 -1.935173273 -0.002390271 -0.001033343 0.999996603 78.696540833
0.999960661 0.008471380 0.002612741 1.120789647 -0.008473748 0.999963701 0.000896962 -1.952525258 -0.002605047 -0.000919066 0.999996185 79.231224060
0.999951541 0.009032857 0.003914012 1.126325607 -0.009036307 0.999958754 0.000864784 -1.965389729 -0.003906039 -0.000900111 0.999991953 79.781425476
0.999943018 0.009237729 0.005353522 1.143499136 -0.009243749 0.999956667 0.001100732 -1.986630797 -0.005343121 -0.001150156 0.999985099 80.331977844
0.999944985 0.008530056 0.006108820 1.159190655 -0.008533462 0.999963462 0.000531635 -1.992785454 -0.006104062 -0.000583736 0.999981165 80.852081299
0.999929070 0.009394851 0.007333839 1.169344902 -0.009401288 0.999955416 0.000843640 -2.008844376 -0.007325586 -0.000912527 0.999972761 81.402091980
0.999898553 0.009518605 0.010597153 1.189138055 -0.009523695 0.999954581 0.000430072 -2.025828362 -0.010592577 -0.000530953 0.999943733 81.947029114
0.999857247 0.008743709 0.014455537 1.210191727 -0.008746692 0.999961734 0.000143208 -2.036841869 -0.014453730 -0.000269626 0.999895453 82.490081787
0.999808908 0.009100508 0.017308073 1.235775113 -0.009111923 0.999958277 0.000580680 -2.055322409 -0.017302070 -0.000738278 0.999850035 83.025718689
0.999729574 0.009128080 0.021387119 1.263776779 -0.009140966 0.999958098 0.000504786 -2.067569971 -0.021381613 -0.000700148 0.999771118 83.575958252
0.999576628 0.009079423 0.027640792 1.286934495 -0.009098394 0.999958396 0.000560582 -2.084643602 -0.027634554 -0.000811832 0.999617755 84.131675720
0.999394596 0.008825865 0.033651076 1.317102313 -0.008832387 0.999960959 0.000045163 -2.096914291 -0.033649359 -0.000342355 0.999433637 84.674674988
0.999152482 0.009130198 0.040135387 1.350049019 -0.009152364 0.999958038 0.000368567 -2.112272978 -0.040130332 -0.000735588 0.999194205 85.224273682
0.998820186 0.008466404 0.047817208 1.402526855 -0.008492765 0.999963880 0.000348177 -2.133638144 -0.047812529 -0.000753867 0.998856068 85.760757446
0.998359680 0.008781479 0.056576248 1.438953161 -0.008771113 0.999961436 -0.000431533 -2.131125212 -0.056577858 -0.000065411 0.998398125 86.314002991
0.997928619 0.008802042 0.063724667 1.491617680 -0.008820274 0.999961138 0.000004808 -2.145376205 -0.063722134 -0.000566867 0.997967601 86.868034363
0.997269869 0.008686276 0.073332749 1.545351505 -0.008670204 0.999962270 -0.000537486 -2.159012556 -0.073334649 -0.000099791 0.997307420 87.414642334
0.996536016 0.008817249 0.082693711 1.613575935 -0.008775887 0.999961078 -0.000863637 -2.167150259 -0.082698114 0.000134934 0.996574640 87.949638367
0.995782316 0.008394689 0.091362357 1.680059433 -0.008395341 0.999964714 -0.000377162 -2.178530216 -0.091362298 -0.000391447 0.995817661 88.501106262
0.995087385 0.007959211 0.098679557 1.748363972 -0.007930276 0.999968290 -0.000685450 -2.197685242 -0.098681889 -0.000100473 0.995118916 89.043891907
0.994024277 0.007949815 0.108869538 1.819818497 -0.007854459 0.999968290 -0.001304683 -2.208622694 -0.108876474 0.000441775 0.994055212 89.550773621
0.992842138 0.008432885 0.119135983 1.910624504 -0.008346076 0.999964476 -0.001227573 -2.227820396 -0.119142108 0.000224469 0.992877185 90.082885742
0.991692722 0.007376207 0.128417686 2.009655952 -0.007226478 0.999972582 -0.001631846 -2.237936735 -0.128426194 0.000690282 0.991718829 90.652786255
0.990109384 0.007493641 0.140097186 2.102144241 -0.007343028 0.999971807 -0.001591951 -2.254001141 -0.140105128 0.000547468 0.990136504 91.184082031
0.988294899 0.007552378 0.152368039 2.200997353 -0.007399560 0.999971449 -0.001569970 -2.274298668 -0.152375534 0.000424137 0.988322616 91.713882446
0.986454785 0.006931171 0.163887203 2.301752090 -0.006785383 0.999975979 -0.001449357 -2.287606478 -0.163893297 0.000317687 0.986478031 92.251327515
0.984717727 0.006651850 0.174030676 2.417841911 -0.006456368 0.999977648 -0.001689372 -2.299601078 -0.174038023 0.000539949 0.984738767 92.837974548
0.982312679 0.006678649 0.187128708 2.535286903 -0.006513095 0.999977648 -0.001499519 -2.319411755 -0.187134564 0.000254209 0.982334256 93.371894836
0.979896963 0.006265517 0.199406028 2.673809052 -0.006136693 0.999980330 -0.001264093 -2.336815119 -0.199410036 0.000014987 0.979916096 93.906700134
0.977785051 0.006208158 0.209518909 2.800403595 -0.006070378 0.999980688 -0.001300660 -2.352444649 -0.209522918 -0.000000093 0.977803648 94.422943115
0.974942327 0.005592215 0.222387120 2.939054489 -0.005233437 0.999983907 -0.002202578 -2.345081091 -0.222395867 0.000983538 0.974955976 94.950119019
0.971852243 0.005712027 0.235521898 3.092287064 -0.005217028 0.999982715 -0.002724792 -2.356107235 -0.235533401 0.001419371 0.971865177 95.484512329
0.969041646 0.005957349 0.246825695 3.244667053 -0.005498826 0.999981642 -0.002546934 -2.373229265 -0.246836334 0.001110834 0.969056606 96.007789612
0.966115773 0.005109471 0.258058369 3.408821106 -0.004584133 0.999985993 -0.002637379 -2.393104792 -0.258068264 0.001365040 0.966125786 96.529197693
0.962518573 0.004945087 0.271170646 3.568763733 -0.004673801 0.999987721 -0.001646214 -2.404448748 -0.271175504 0.000317114 0.962529838 96.981437683
0.959099770 0.004281504 0.283035725 3.752721786 -0.003801987 0.999990284 -0.002243458 -2.418235302 -0.283042639 0.001075602 0.959106743 97.507759094
0.955624342 0.003843979 0.294562727 3.938848495 -0.003433809 0.999992251 -0.001909665 -2.431874037 -0.294567734 0.000813450 0.955630302 98.042678833
0.951171696 0.004020101 0.308636159 4.132211685 -0.003771364 0.999991953 -0.001402471 -2.460059643 -0.308639348 0.000170012 0.951179206 98.555992126
0.946084857 0.004346017 0.323889434 4.292135239 -0.003936855 0.999990404 -0.001918474 -2.463790894 -0.323894709 0.000539933 0.946092963 99.120536804
0.942108989 0.004434536 0.335277438 4.500972748 -0.003717837 0.999989152 -0.002779429 -2.474646568 -0.335286140 0.001372018 0.942115247 99.633621216
0.937382638 0.003165308 0.348286718 4.715795517 -0.002303348 0.999993145 -0.002888904 -2.492591619 -0.348293483 0.001905783 0.937383592 100.138694763
0.931876361 0.004159222 0.362752169 4.932172775 -0.003736373 0.999991238 -0.001867244 -2.521437645 -0.362756759 0.000384663 0.931883812 100.620819092
0.926976144 0.003945693 0.375099331 5.166461945 -0.003383064 0.999991894 -0.002158469 -2.531394243 -0.375104845 0.000731864 0.926982105 101.139068604
0.922279716 0.002427659 0.386515528 5.352775574 -0.001735533 0.999996185 -0.002139640 -2.537289619 -0.386519253 0.001302536 0.922280431 101.579185486
0.916386724 0.002241104 0.400287807 5.598728180 -0.001548142 0.999996662 -0.002054524 -2.555148840 -0.400291115 0.001263037 0.916387081 102.079566956
0.910318315 0.002018065 0.413903981 5.835956573 -0.001364557 0.999997318 -0.001874537 -2.569864511 -0.413906634 0.001141630 0.910318613 102.566520691
0.905354798 0.001823617 0.424652070 6.086921692 -0.001510051 0.999998271 -0.001074955 -2.596975803 -0.424653262 0.000331969 0.905355990 103.033683777
0.899615288 0.001168218 0.436681956 6.365444183 -0.000503973 0.999998510 -0.001636969 -2.613251925 -0.436683148 0.001252566 0.899614573 103.556419373
0.892887473 0.001737967 0.450276464 6.594005585 -0.001029932 0.999997795 -0.001817440 -2.610530853 -0.450278640 0.001159016 0.892887354 103.994522095
0.886502504 0.002234564 0.462718278 6.865287781 -0.001225298 0.999996126 -0.002481694 -2.618465424 -0.462722063 0.001633061 0.886501908 104.482574463
0.880790412 0.001395171 0.473504364 7.161926270 -0.000276165 0.999997020 -0.002432761 -2.624777317 -0.473506331 0.002011987 0.880788088 104.994720459
0.873380840 0.001285317 0.487036079 7.431892395 -0.000381109 0.999997973 -0.001955627 -2.659305573 -0.487037659 0.001522394 0.873379648 105.402389526
