1.000000000 0.000000000 0.000000000 0.000000000 0.000000000 1.000000000 0.000000000 0.000000000 0.000000000 0.000000000 1.000000000 0.000000000
1.000000000 0.000136343 0.000127093 -0.003125557 -0.000136325 1.000000000 -0.000137527 0.002926509 -0.000127112 0.000137510 1.000000000 0.004223746
1.000000000 0.000062018 0.000036638 -0.000162891 -0.000062014 1.000000000 -0.000098677 0.001621685 -0.000036644 0.000098675 1.000000000 0.003437598
1.000000000 0.000172050 0.000053106 0.000155860 -0.000172047 1.000000000 -0.000062874 0.001844022 -0.000053117 0.000062865 1.000000000 -0.001148003
1.000000000 0.000148838 -0.000023973 0.002190117 -0.000148840 1.000000000 -0.000060182 0.001452673 0.000023964 0.000060186 1.000000000 0.000145224
1.000000000 -0.000006180 -0.000037800 0.000002799 0.000006180 1.000000000 -0.000009067 0.001305807 0.000037800 0.000009066 1.000000000 0.000714232
1.000000000 0.000028090 0.000156278 -0.006331654 -0.000028068 1.000000000 -0.000138294 0.002405589 -0.000156282 0.000138290 1.000000000 0.002493876
1.000000000 0.000022822 0.000045861 -0.000703229 -0.000022824 1.000000000 0.000043082 0.000998094 -0.000045860 -0.000043084 1.000000000 -0.000879790
1.000000000 0.000018049 0.000151633 -0.004608878 -0.000018052 1.000000000 0.000021585 0.001182196 -0.000151633 -0.000021588 1.000000000 0.001571787
0.999999940 0.000155782 0.000210896 -0.004192000 -0.000155765 1.000000000 -0.000084327 0.001158027 -0.000210909 0.000084294 1.000000000 -0.000316126
1.000000000 0.000113558 0.000049999 0.001079274 -0.000113558 1.000000000 -0.000004981 0.000948342 -0.000050000 0.000004975 1.000000000 -0.003879825
1.000000000 0.000048454 0.000107079 -0.003077006 -0.000048446 1.000000000 -0.000075637 0.002070810 -0.000107083 0.000075632 1.000000000 -0.004291060
1.000000000 0.000035037 -0.000015161 -0.000307663 -0.000035037 1.000000000 -0.000038579 0.000449101 0.000015160 0.000038580 1.000000000 -0.006896256
1.000000000 -0.000140803 0.000064148 -0.001681397 0.000140803 1.000000000 0.000007655 0.000018494 -0.000064149 -0.000007646 1.000000000 -0.002536126
1.000000000 -0.000032956 0.000024001 0.000241785 0.000032956 1.000000000 0.000006633 0.000100905 -0.000024001 -0.000006632 1.000000000 -0.005025099
1.000000000 -0.000074700 -0.000070397 0.001944845 0.000074701 1.000000000 0.000010655 0.001520473 0.000070396 -0.000010660 1.000000000 -0.006443485
1.000000000 -0.000094059 -0.000069568 0.002574695 0.000094063 1.000000000 0.000057563 -0.000726883 0.000069562 -0.000057570 1.000000000 -0.006037673
1.000000000 0.000016536 0.000169344 -0.005140945 -0.000016550 1.000000000 0.000084394 -0.002106358 -0.000169343 -0.000084397 1.000000000 -0.003541100
1.000000000 0.000010098 -0.000028058 0.000679705 -0.000010098 1.000000000 0.000020959 0.001801028 0.000028058 -0.000020958 1.000000000 -0.006700377
1.000000000 -0.000119285 -0.000047029 -0.000263067 0.000119285 1.000000000 0.000003205 -0.000151063 0.000047029 -0.000003211 1.000000000 -0.007549652
1.000000000 -0.000044403 0.000099239 -0.002147105 0.000044402 1.000000000 0.000006917 -0.000045109 -0.000099239 -0.000006912 1.000000000 -0.005771514
1.000000000 -0.000114211 0.000028517 -0.000429664 0.000114210 1.000000000 0.000066803 -0.001518276 -0.000028525 -0.000066800 1.000000000 -0.004356960
1.000000000 0.000073520 0.000164773 -0.005325071 -0.000073520 1.000000000 0.000002151 0.000402208 -0.000164773 -0.000002163 1.000000000 0.001924701
1.000000000 -0.000025663 -0.000021260 0.001087484 0.000025663 1.000000000 0.000004070 -0.000825452 0.000021260 -0.000004071 1.000000000 -0.001736828
1.000000000 -0.000079672 0.000043660 -0.001282495 0.000079671 1.000000000 0.000027459 0.000438682 -0.000043662 -0.000027456 1.000000000 0.001486458
1.000000000 -0.000088049 -0.000089462 0.003404967 0.000088039 1.000000000 -0.000109776 0.001789476 0.000089472 0.000109768 1.000000000 -0.006048619
1.000000000 -0.000104833 0.000083961 -0.003085038 0.000104834 1.000000000 -0.000014853 0.000671015 -0.000083959 0.000014862 1.000000000 -0.001445531
1.000000000 0.000045138 0.000103236 -0.004214691 -0.000045126 1.000000000 -0.000110102 0.001699219 -0.000103241 0.000110097 1.000000000 -0.001398501
1.000000000 0.000006731 0.000114699 -0.003475845 -0.000006735 1.000000000 0.000035928 0.000856400 -0.000114699 -0.000035929 1.000000000 -0.000612795
1.000000000 -0.000088586 -0.000117631 0.001565323 0.000088593 1.000000000 0.000061737 0.002130690 0.000117626 -0.000061747 1.000000000 -0.005733232
1.000000000 -0.000012224 0.000048455 -0.002381077 0.000012224 1.000000000 -0.000003585 0.000907063 -0.000048455 0.000003586 1.000000000 0.000437525
1.000000000 -0.000071960 0.000061784 -0.004577565 0.000071952 1.000000000 0.000129797 0.000217483 -0.000061794 -0.000129793 1.000000000 0.001557952
1.000000000 -0.000110667 0.000024805 -0.003527362 0.000110665 1.000000000 0.000099835 -0.000291263 -0.000024816 -0.000099832 1.000000000 -0.005118480
1.000000000 -0.000078405 -0.000013469 -0.002070498 0.000078405 1.000000000 -0.000003299 0.001681908 0.000013469 0.000003298 1.000000000 -0.002059750
1.000000000 0.000159545 0.000175973 -0.004922611 -0.000159545 1.000000000 -0.000001815 0.000616423 -0.000175973 0.000001787 1.000000000 0.000014029
1.000000000 -0.000052961 0.000096078 -0.003923077 0.000052956 1.000000000 0.000045651 0.001022929 -0.000096080 -0.000045646 1.000000000 0.000147838
1.000000000 0.000006728 0.000086285 -0.005258986 -0.000006731 1.000000000 0.000033624 0.001873285 -0.000086285 -0.000033624 1.000000000 -0.001479132
1.000000000 0.000016606 0.000075909 -0.003448109 -0.000016598 1.000000000 -0.000093412 0.002651179 -0.000075911 0.000093411 1.000000000 -0.000355835
1.000000000 -0.000127049 0.000020101 -0.003782346 0.000127047 1.000000000 0.000062294 0.000723558 -0.000020109 -0.000062291 1.000000000 0.000028414
1.000000000 -0.000059879 -0.000060399 -0.000239942 0.000059884 1.000000000 0.000095577 0.000351531 0.000060394 -0.000095580 1.000000000 -0.006401533
0.999999940 -0.000271112 -0.000070593 -0.000474519 0.000271111 0.999999940 -0.000007462 -0.000222856 0.000070595 0.000007443 1.000000000 -0.000262056
1.000000000 -0.000044636 0.000049981 0.002272732 0.000044661 0.999999881 -0.000505145 -0.005470241 -0.000049958 0.000505147 0.999999881 0.049013071
1.000000000 -0.000001660 0.000081622 0.001673846 0.000001756 0.999999285 -0.001180642 -0.005728850 -0.000081620 0.001180642 0.999999285 0.144397855
1.000000000 0.000049708 0.000041250 0.002756154 -0.000049648 0.999998987 -0.001440556 -0.010544617 -0.000041322 0.001440554 0.999998987 0.262920350
1.000000000 -0.000080613 0.000108098 0.003089487 0.000080755 0.999999166 -0.001312045 -0.017750802 -0.000107992 0.001312053 0.999999106 0.392397821
1.000000000 0.000099789 -0.000055664 0.005051242 -0.000099851 0.999999344 -0.001120548 -0.022775678 0.000055552 0.001120554 0.999999344 0.533906937
1.000000000 0.000187717 0.000045859 0.012597905 -0.000187668 0.999999404 -0.001057005 -0.028895838 -0.000046057 0.001056997 0.999999464 0.692780137
1.000000000 -0.000145218 -0.000128603 0.021141818 0.000145146 0.999999821 -0.000560156 -0.034016117 0.000128684 0.000560138 0.999999821 0.851718843
0.999999940 -0.000003684 -0.000367167 0.027684361 0.000003450 0.999999821 -0.000636426 -0.039385770 0.000367169 0.000636425 0.999999702 1.032534361
0.999999940 0.000184302 0.000246541 0.018720148 -0.000184183 0.999999881 -0.000485175 -0.047534280 -0.000246630 0.000485129 0.999999881 1.208277702
0.999999940 -0.000264511 -0.000257875 0.040001839 0.000264421 0.999999881 -0.000348272 -0.051241077 0.000257967 0.000348204 0.999999881 1.419766068
0.999999464 -0.000340147 -0.000965035 0.053235710 0.000340144 0.999999940 -0.000003245 -0.056158539 0.000965036 0.000002917 0.999999523 1.596355081
0.999997318 -0.001415379 0.001795820 0.005655881 0.001416619 0.999998689 -0.000689777 -0.065852910 -0.001794841 0.000692319 0.999998152 1.780336499
0.999996722 -0.001715268 0.001909084 0.014144412 0.001715863 0.999998391 -0.000310394 -0.075067781 -0.001908549 0.000313669 0.999998152 1.981159091
0.999997616 -0.001018730 0.001926106 0.008497915 0.001019816 0.999999344 -0.000563155 -0.084164768 -0.001925531 0.000565118 0.999997973 2.191889763
0.999997199 -0.000996678 0.002134241 0.016725168 0.000997515 0.999999464 -0.000391227 -0.091731742 -0.002133850 0.000393355 0.999997616 2.405042648
0.999997139 -0.000366979 0.002369595 0.012685562 0.000368357 0.999999702 -0.000581166 -0.085287914 -0.002369381 0.000582037 0.999997020 2.653132200
0.999996603 -0.000670074 0.002511773 0.018453667 0.000670069 0.999999762 0.000002462 -0.103639565 -0.002511774 -0.000000779 0.999996781 2.854274750
0.999996603 -0.001158049 0.002316197 0.027001569 0.001157731 0.999999285 0.000138505 -0.121698372 -0.002316356 -0.000135823 0.999997318 3.091375113
0.999996364 -0.000856123 0.002550874 0.028169628 0.000856220 0.999999583 -0.000037035 -0.125753731 -0.002550842 0.000039219 0.999996722 3.337619066
0.999996543 -0.001062694 0.002403747 0.038023297 0.001062017 0.999999464 0.000283042 -0.137906089 -0.002404046 -0.000280488 0.999997020 3.582620621
0.999996185 -0.000593910 0.002689465 0.037218101 0.000593450 0.999999881 0.000171824 -0.139568120 -0.002689566 -0.000170227 0.999996364 3.839982271
0.999996305 -0.000526128 0.002683285 0.042770300 0.000525211 0.999999821 0.000342457 -0.149783030 -0.002683465 -0.000341046 0.999996305 4.106692314
0.999994457 -0.001388245 0.003006252 0.041837692 0.001386391 0.999998868 0.000618803 -0.168724835 -0.003007108 -0.000614632 0.999995291 4.318178177
0.999995768 -0.000792455 0.002810820 0.051551785 0.000790919 0.999999583 0.000547454 -0.173770085 -0.002811252 -0.000545229 0.999995947 4.579804420
0.999993980 -0.001610051 0.003087693 0.057080057 0.001608273 0.999998569 0.000578026 -0.184144258 -0.003088619 -0.000573057 0.999995053 4.852442265
0.999995232 -0.000654614 0.003035370 0.084212780 0.000652581 0.999999583 0.000670719 -0.197543725 -0.003035808 -0.000668735 0.999995172 5.109297276
0.999994516 -0.001315372 0.003042444 0.070513740 0.001312659 0.999998748 0.000893619 -0.199052870 -0.003043615 -0.000889620 0.999994993 5.370606899
0.999991596 -0.000917953 0.003997744 0.056818277 0.000914710 0.999999166 0.000813089 -0.228295609 -0.003998487 -0.000809425 0.999991655 5.545863628
0.999991655 0.000023454 0.004084916 0.060349829 -0.000026279 0.999999642 0.000691475 -0.235834002 -0.004084899 -0.000691577 0.999991417 5.816811085
0.999989510 0.000200021 0.004560992 0.067361385 -0.000202819 0.999999762 0.000612915 -0.245554522 -0.004560869 -0.000613834 0.999989390 6.091752529
0.999988496 0.000242317 0.004791715 0.073705070 -0.000247814 0.999999285 0.001146544 -0.257173926 -0.004791434 -0.001147719 0.999987841 6.366176605
0.999991357 -0.000974143 0.004045603 0.091256201 0.000968475 0.999998569 0.001402705 -0.274090618 -0.004046964 -0.001398775 0.999990821 6.641572952
0.999991715 -0.001115847 0.003921903 0.109525681 0.001109496 0.999998152 0.001621244 -0.288763851 -0.003923705 -0.001616879 0.999990940 6.925919056
0.999990642 -0.001377029 0.004109210 0.111406587 0.001370428 0.999997735 0.001608876 -0.292386025 -0.004111417 -0.001603230 0.999990284 7.235387325
0.999990046 -0.000826962 0.004391135 0.116442852 0.000820365 0.999998569 0.001503885 -0.304924160 -0.004392372 -0.001500268 0.999989212 7.540312290
0.999991775 -0.000637446 0.003988053 0.143998802 0.000630388 0.999998152 0.001770932 -0.330554962 -0.003989174 -0.001768403 0.999990463 7.831749439
0.999991417 -0.000781813 0.004049074 0.154897541 0.000775268 0.999998331 0.001617833 -0.338499635 -0.004050333 -0.001614681 0.999990404 8.152427673
0.999991834 -0.000851068 0.003958717 0.167429656 0.000846114 0.999998808 0.001252960 -0.337543994 -0.003959778 -0.001249600 0.999991357 8.472815514
0.999991596 -0.000736196 0.004033318 0.167529404 0.000730317 0.999998629 0.001458991 -0.344690263 -0.004034387 -0.001456033 0.999990761 8.824106216
0.999991775 -0.000777735 0.003970759 0.184474289 0.000772203 0.999998689 0.001394623 -0.358994186 -0.003971838 -0.001391545 0.999991119 9.164813995
0.999992728 -0.001307191 0.003577785 0.209888533 0.001298502 0.999996185 0.002429680 -0.406115502 -0.003580947 -0.002425018 0.999990642 9.468991280
0.999994278 -0.001128484 0.003189408 0.223375663 0.001121095 0.999996662 0.002317850 -0.416391313 -0.003192013 -0.002314261 0.999992251 9.815997124
0.999993026 -0.001115202 0.003558375 0.222201660 0.001106418 0.999996305 0.002469636 -0.427067727 -0.003561116 -0.002465682 0.999990642 10.173920631
0.999993086 -0.001385754 0.003427571 0.233974904 0.001374532 0.999993682 0.003274099 -0.439241022 -0.003432086 -0.003269366 0.999988735 10.539943695
0.999991298 -0.001277962 0.003953436 0.241120070 0.001267838 0.999995887 0.002562226 -0.442040324 -0.003956694 -0.002557191 0.999988914 10.942809105
0.999991894 -0.001039981 0.003897468 0.246184289 0.001029355 0.999995768 0.002727610 -0.461713344 -0.003900289 -0.002723576 0.999988675 11.307978630
0.999991953 -0.001337026 0.003781494 0.275659025 0.001321391 0.999990582 0.004134272 -0.530117631 -0.003786987 -0.004129242 0.999984324 11.537826538
0.999991000 -0.001029738 0.004128311 0.281880617 0.001013329 0.999991536 0.003974682 -0.537804246 -0.004132369 -0.003970463 0.999983609 11.926494598
0.999991119 -0.001951773 0.003727702 0.301734686 0.001936715 0.999989986 0.004038855 -0.547449589 -0.003735547 -0.004031599 0.999984920 12.318166733
0.999991536 -0.002197062 0.003501836 0.325308025 0.002182104 0.999988556 0.004269357 -0.551991343 -0.003511176 -0.004261680 0.999984741 12.709397316
0.999991596 -0.002476308 0.003267784 0.336239100 0.002460089 0.999984682 0.004958303 -0.574658215 -0.003280012 -0.004950222 0.999982357 13.082444191
0.999990225 -0.002757619 0.003456437 0.363484830 0.002739466 0.999982476 0.005245886 -0.612762988 -0.003470843 -0.005236366 0.999980271 13.346770287
0.999990880 -0.002249388 0.003613753 0.372538596 0.002230948 0.999984503 0.005098445 -0.620255411 -0.003625166 -0.005090336 0.999980509 13.766587257
0.999988377 -0.002878193 0.003862845 0.385903805 0.002856683 0.999980450 0.005562381 -0.637571394 -0.003878779 -0.005551281 0.999977112 14.196432114
0.999985099 -0.003479201 0.004212178 0.391005307 0.003454519 0.999976933 0.005852765 -0.640421033 -0.004232444 -0.005838126 0.999974012 14.609313011
0.999986351 -0.003174069 0.004166888 0.401241779 0.003148604 0.999976456 0.006103638 -0.658219039 -0.004186163 -0.006090435 0.999972641 15.033204079
0.999983966 -0.003614167 0.004354040 0.423268974 0.003590687 0.999979079 0.005388458 -0.653099000 -0.004373424 -0.005372738 0.999975920 15.468742371
0.999982893 -0.002977663 0.005040024 0.427949905 0.002950799 0.999981582 0.005329002 -0.707140803 -0.005055799 -0.005314039 0.999973118 16.065809250
0.999983251 -0.002645869 0.005151126 0.440953076 0.002622191 0.999985993 0.004598017 -0.710732520 -0.005163220 -0.004584433 0.999976158 16.517366409
0.999978185 -0.002677912 0.006031514 0.449088395 0.002645389 0.999981999 0.005393586 -0.731125593 -0.006045849 -0.005377512 0.999967277 16.985710144
0.999977887 -0.002892410 0.005981848 0.467601091 0.002860565 0.999981761 0.005325372 -0.735742152 -0.005997142 -0.005308143 0.999967933 17.448076248
0.999974668 -0.004433230 0.005574739 0.489848524 0.004400000 0.999972582 0.005958971 -0.756660581 -0.005601004 -0.005934291 0.999966681 17.895227432
0.999974608 -0.003082902 0.006422882 0.497234821 0.003047853 0.999980450 0.005459705 -0.775186837 -0.006439588 -0.005439989 0.999964476 18.399831772
0.999976933 -0.002682830 0.006242276 0.514046967 0.002647871 0.999980867 0.005601883 -0.786060333 -0.006257185 -0.005585224 0.999964774 18.858764648
0.999977410 -0.003077129 0.005972434 0.535626233 0.003044102 0.999980032 0.005531051 -0.796705484 -0.005989334 -0.005512745 0.999966860 19.343070984
0.999975801 -0.002062500 0.006658422 0.535776913 0.002022697 0.999980032 0.005979156 -0.811268210 -0.006670621 -0.005965542 0.999959946 19.827892303
0.999974072 -0.002390734 0.006780504 0.546276927 0.002345412 0.999974847 0.006684331 -0.856171012 -0.006796313 -0.006668256 0.999954700 20.340644836
0.999973953 -0.003142538 0.006489293 0.562609971 0.003098386 0.999972045 0.006802730 -0.875650585 -0.006510489 -0.006782447 0.999955893 20.823757172
0.999976933 -0.002909038 0.006129368 0.573391259 0.002870980 0.999976575 0.006208694 -0.874158382 -0.006147285 -0.006190953 0.999961972 21.348476410
0.999976277 -0.002685008 0.006340653 0.562064826 0.002643618 0.999975204 0.006527147 -0.896022558 -0.006358020 -0.006510230 0.999958694 21.825391769
0.999981105 -0.003891022 0.004745197 0.620907664 0.003855895 0.999965250 0.007389457 -0.928226650 -0.004773785 -0.007371020 0.999961436 22.369480133
0.999982655 -0.004452792 0.003846271 0.622925699 0.004424314 0.999962986 0.007381130 -0.942971528 -0.003878995 -0.007363984 0.999965370 22.881015778
0.999984205 -0.003559571 0.004366992 0.625013113 0.003527344 0.999966621 0.007365505 -0.954469800 -0.004393065 -0.007349985 0.999963343 23.424512863
0.999983847 -0.004191476 0.003843516 0.627639771 0.004163231 0.999964476 0.007327606 -0.966792047 -0.003874094 -0.007311487 0.999965727 23.950920105
0.999988794 -0.004015003 0.002563912 0.658125818 0.003996340 0.999965787 0.007243534 -0.980602026 -0.002592907 -0.007233206 0.999970496 24.480836868
0.999988616 -0.004058735 0.002519758 0.664088607 0.004040999 0.999967277 0.007004478 -0.985577047 -0.002548105 -0.006994215 0.999972343 25.026752472
0.999990284 -0.004231475 0.001246887 0.684023798 0.004223124 0.999969125 0.006625657 -0.991882443 -0.001274885 -0.006620327 0.999977350 25.561355591
0.999991715 -0.003883545 0.001242925 0.687461019 0.003874789 0.999968171 0.006970814 -1.013172388 -0.001269957 -0.006965940 0.999974906 26.099561691
0.999990463 -0.004146935 0.001380897 0.697606564 0.004136551 0.999963701 0.007439934 -1.022352099 -0.001411700 -0.007434151 0.999971390 26.649129868
0.999990761 -0.004183476 0.001019023 0.711349487 0.004175369 0.999960661 0.007831689 -1.045096040 -0.001051746 -0.007827362 0.999968767 27.204704285
0.999995291 -0.003048566 0.000313132 0.739311635 0.003046023 0.999964714 0.007825202 -1.064661622 -0.000336977 -0.007824211 0.999969363 27.738935471
0.999994278 -0.003364618 -0.000256293 0.751774848 0.003366497 0.999964535 0.007724081 -1.067403674 0.000230295 -0.007724900 0.999970138 28.304784775
0.999994934 -0.003164510 -0.000382915 0.761406422 0.003167480 0.999962747 0.008021026 -1.082930446 0.000357518 -0.008022198 0.999967813 28.842901230
0.999995410 -0.002999614 -0.000443519 0.775664032 0.003003161 0.999961674 0.008226383 -1.111252189 0.000418826 -0.008227678 0.999966025 29.382020950
0.999992192 -0.003760456 -0.001259356 0.796219766 0.003770788 0.999958515 0.008305627 -1.117044568 0.001228070 -0.008310311 0.999964714 29.939220428
0.999989927 -0.004262850 -0.001397907 0.803838670 0.004274655 0.999954343 0.008553587 -1.135413766 0.001361380 -0.008559477 0.999962449 30.506158829
0.999994397 -0.002824347 -0.001798799 0.842627347 0.002840713 0.999953985 0.009161234 -1.183549881 0.001772842 -0.009166293 0.999956429 31.014932632
0.999996424 -0.002090212 -0.001665653 0.851937890 0.002105054 0.999957621 0.008959506 -1.194855332 0.001646855 -0.008962981 0.999958456 31.569412231
0.999994993 -0.002563530 -0.001841762 0.867596924 0.002579528 0.999958456 0.008737062 -1.204161882 0.001819288 -0.008741771 0.999960124 32.126495361
0.999993801 -0.002818519 -0.002076307 0.877598703 0.002836596 0.999957561 0.008755181 -1.209976077 0.002051542 -0.008761015 0.999959469 32.612316132
0.999993622 -0.002979911 -0.001932485 0.881430030 0.002997412 0.999953866 0.009117573 -1.223351479 0.001905226 -0.009123306 0.999956548 33.183959961
0.999995232 -0.002397096 -0.001899323 0.869957924 0.002414915 0.999952614 0.009435721 -1.255245686 0.001876615 -0.009440265 0.999953687 33.688850403
0.999994338 -0.002321568 -0.002383676 0.907199264 0.002343781 0.999953449 0.009358784 -1.246758461 0.002361838 -0.009364318 0.999953389 34.238552094
0.999989390 -0.003818850 -0.002578395 0.924434662 0.003843503 0.999946296 0.009625208 -1.296885967 0.002541499 -0.009635014 0.999950290 34.809089661
0.999992013 -0.003101791 -0.002517024 0.933495104 0.003124642 0.999953508 0.009125566 -1.295673847 0.002488601 -0.009133357 0.999955177 35.351070404
0.999992073 -0.002975073 -0.002641995 0.939981461 0.002999200 0.999953449 0.009175603 -1.314125299 0.002614574 -0.009183453 0.999954402 35.895088196
0.999995172 -0.001884067 -0.002470154 0.958656371 0.001905835 0.999959111 0.008840034 -1.331315041 0.002453398 -0.008844699 0.999957800 36.489383698
0.999994397 -0.002278650 -0.002455955 0.944083452 0.002300800 0.999956369 0.009054407 -1.339309454 0.002435216 -0.009060008 0.999955952 36.981098175
0.999991059 -0.003264220 -0.002703125 0.960643351 0.003288766 0.999952972 0.009126299 -1.352148533 0.002673208 -0.009135108 0.999954700 37.545555115
0.999991596 -0.002777971 -0.003007268 0.985247552 0.002804561 0.999956727 0.008874112 -1.352600932 0.002982485 -0.008882471 0.999956131 38.124206543
0.999994695 -0.002244817 -0.002355490 0.974652112 0.002265010 0.999960423 0.008605547 -1.361538053 0.002336079 -0.008610836 0.999960184 38.649124146
0.999992132 -0.002877259 -0.002724296 0.975056171 0.002901265 0.999956667 0.008849215 -1.365432620 0.002698717 -0.008857050 0.999957144 39.171981812
0.999987364 -0.003276581 -0.003820359 1.050458312 0.003316114 0.999940574 0.010387870 -1.437737226 0.003786096 -0.010400407 0.999938726 39.723522186
0.999986768 -0.003262870 -0.003988672 1.068368316 0.003304146 0.999940634 0.010385885 -1.446187019 0.003954547 -0.010398925 0.999938130 40.274074554
0.999989927 -0.002811535 -0.003521865 1.065140486 0.002848261 0.999941170 0.010466531 -1.464967489 0.003492231 -0.010476455 0.999938965 40.796142578
0.999991596 -0.002271370 -0.003417283 1.084354162 0.002306192 0.999945164 0.010220855 -1.471134186 0.003393879 -0.010228651 0.999941885 41.372726440
0.999995828 -0.000886398 -0.002774615 1.084179401 0.000912574 0.999954998 0.009446937 -1.472811580 0.002766116 -0.009449429 0.999951482 41.899261475
0.999993145 -0.001371099 -0.003454904 1.104638934 0.001404695 0.999951661 0.009740179 -1.481393099 0.003441382 -0.009744967 0.999946535 42.462444305
0.999991238 -0.002057720 -0.003645709 1.118173838 0.002099158 0.999932766 0.011398830 -1.541188240 0.003622008 -0.011406384 0.999928355 42.979404449
0.999989688 -0.002320356 -0.003913731 1.128154278 0.002366070 0.999928594 0.011716371 -1.552886009 0.003886266 -0.011725510 0.999923706 43.507648468
0.999994338 -0.001982098 -0.002730642 1.128194928 0.002012402 0.999935865 0.011139384 -1.558780551 0.002708388 -0.011144817 0.999934256 44.042327881
0.999991238 -0.002109408 -0.003621097 1.149484277 0.002148624 0.999938726 0.010860370 -1.567924023 0.003597967 -0.010868055 0.999934494 44.644607544
0.999990940 -0.002196965 -0.003655988 1.163308263 0.002236079 0.999939978 0.010729260 -1.573947430 0.003632197 -0.010737339 0.999935806 45.210712433
0.999991834 -0.001884746 -0.003593869 1.175880671 0.001922134 0.999943793 0.010427875 -1.574723244 0.003574013 -0.010434697 0.999939144 45.725902557
0.999992371 -0.001799591 -0.003463000 1.189776659 0.001838806 0.999933839 0.011354256 -1.629053116 0.003442339 -0.011360538 0.999929547 46.258583069
0.999993682 -0.001343684 -0.003295688 1.205926061 0.001382674 0.999928772 0.011856581 -1.650347710 0.003279522 -0.011861065 0.999924302 46.796558380
0.999992847 -0.001192818 -0.003563528 1.216274858 0.001233347 0.999934435 0.011392882 -1.644822598 0.003549704 -0.011397198 0.999928772 47.363597870
0.999992609 -0.000950614 -0.003720433 1.249062896 0.000994902 0.999928415 0.011920312 -1.682722807 0.003708836 -0.011923925 0.999922037 47.881572723
0.999990821 -0.001513048 -0.003985913 1.264726520 0.001560375 0.999927998 0.011897415 -1.695935845 0.003967625 -0.011903525 0.999921322 48.429332733
0.999993920 -0.001168661 -0.003285535 1.262308359 0.001207978 0.999927342 0.011990123 -1.704640269 0.003271284 -0.011994018 0.999922693 48.975410461
0.999993086 -0.001038015 -0.003571926 1.288525462 0.001081480 0.999925196 0.012188279 -1.715605617 0.003559008 -0.012192058 0.999919355 49.526374817
0.999990404 -0.001425523 -0.004121342 1.307768226 0.001475026 0.999926507 0.012033186 -1.732631683 0.004103885 -0.012039152 0.999919116 50.062702179
0.999990642 -0.001345017 -0.004103497 1.312215090 0.001393231 0.999929726 0.011769174 -1.742163062 0.004087378 -0.011774779 0.999922335 50.616992950
0.999994338 -0.000808715 -0.003266627 1.311086535 0.000850288 0.999918342 0.012745338 -1.759036303 0.003256053 -0.012748044 0.999913394 51.117916107
0.999992490 -0.001090074 -0.003703272 1.323011875 0.001137335 0.999917626 0.012784521 -1.786643744 0.003689031 -0.012788637 0.999911427 51.698120117
0.999990880 -0.001750671 -0.003894761 1.338068604 0.001797759 0.999924958 0.012119745 -1.794676304 0.003873251 -0.012126636 0.999918997 52.245098114
0.999991119 -0.001716817 -0.003851952 1.340536475 0.001765913 0.999916792 0.012778955 -1.799647808 0.003829692 -0.012785644 0.999910951 52.789825439
0.999996066 -0.000499489 -0.002768334 1.337550521 0.000534122 0.999921381 0.012523827 -1.807906389 0.002761860 -0.012525257 0.999917746 53.324573517
0.999986351 -0.003116093 -0.004196333 1.370956182 0.003189569 0.999839723 0.017618330 -1.975693941 0.004140761 -0.017631473 0.999835968 53.827724457
0.999985456 -0.003167948 -0.004361521 1.376394987 0.003245194 0.999836028 0.017818941 -1.986322403 0.004304357 -0.017832836 0.999831676 54.375095367
0.999982297 -0.003573361 -0.004753238 1.398575664 0.003658555 0.999830604 0.018036906 -1.992526054 0.004687980 -0.018053973 0.999826014 54.954879761
0.999984562 -0.003695999 -0.004157394 1.408308506 0.003767493 0.999842882 0.017322404 -1.987228632 0.004092716 -0.017337799 0.999841273 55.500396729
0.999984384 -0.003093869 -0.004664188 1.453198552 0.003171656 0.999854445 0.016763005 -1.970877409 0.004611646 -0.016777538 0.999848604 56.046058655
0.999997258 -0.000860009 -0.002234823 1.387072086 0.000888927 0.999915421 0.012970369 -1.864967585 0.002223479 -0.012972321 0.999913394 56.479064941
0.999997139 -0.001119559 -0.002088063 1.411576509 0.001144889 0.999925256 0.012169193 -1.860894084 0.002074283 -0.012171550 0.999923825 57.013908386
0.999996543 -0.001017467 -0.002442110 1.414665341 0.001047007 0.999925911 0.012124956 -1.870274782 0.002429591 -0.012127470 0.999923527 57.598953247
0.999997079 -0.000962288 -0.002200208 1.423818469 0.000988233 0.999929667 0.011821805 -1.878971577 0.002188677 -0.011823946 0.999927700 58.173431396
0.999998927 -0.000183000 -0.001461422 1.419213772 0.000201118 0.999923050 0.012407477 -1.889737964 0.001459040 -0.012407756 0.999921978 58.684574127
0.999995828 -0.000777413 -0.002791547 1.483844280 0.000813690 0.999914944 0.013017758 -1.896268606 0.002781190 -0.013019973 0.999911368 59.135963440
0.999998093 -0.000307881 -0.001959829 1.493107200 0.000334130 0.999910116 0.013407585 -1.909882545 0.001955524 -0.013408215 0.999908209 59.688442230
0.999998629 0.000348273 -0.001653646 1.511218548 -0.000325592 0.999906182 0.013696059 -1.917527795 0.001658262 -0.013695501 0.999904871 60.225296021
0.999998152 -0.000466672 -0.001895699 1.533706665 0.000491923 0.999910831 0.013342058 -1.924157619 0.001889304 -0.013342966 0.999909163 60.745807648
0.999996066 -0.000625756 -0.002752875 1.593686819 0.000665429 0.999895632 0.014434407 -1.969324112 0.002743555 -0.014436183 0.999891996 61.255737305
0.999996841 -0.000994478 -0.002301501 1.541790724 0.001024187 0.999915719 0.012943621 -1.913204193 0.002288434 -0.012945936 0.999913514 61.761161804
0.999996781 -0.000437294 -0.002471054 1.558220863 0.000467759 0.999923825 0.012342068 -1.912966847 0.002465468 -0.012343186 0.999920785 62.313304901
0.999997616 0.001516050 -0.001578763 1.560166240 -0.001494125 0.999903738 0.013797861 -1.935732365 0.001599529 -0.013795470 0.999903500 62.795944214
0.999996483 -0.000867425 -0.002499892 1.590967417 0.000899939 0.999914646 0.013034611 -1.953458309 0.002488372 -0.013036816 0.999911964 63.413372040
0.999998391 0.000147497 -0.001767743 1.583220005 -0.000124790 0.999917686 0.012838401 -1.933160305 0.001769491 -0.012838162 0.999916017 63.949687958
0.999998450 -0.000217646 -0.001743097 1.576941967 0.000239563 0.999920785 0.012582381 -1.935430050 0.001740220 -0.012582781 0.999919236 64.392982483
0.999997556 0.000031045 -0.002207785 1.607351422 -0.000003911 0.999924421 0.012289183 -1.944725752 0.002208000 -0.012289143 0.999921978 64.953056335
0.999999702 0.000332862 -0.000598858 1.595002890 -0.000325480 0.999924421 0.012284398 -1.963390708 0.000602903 -0.012284202 0.999924242 65.479614258
0.999998450 -0.000742915 -0.001565100 1.659402847 0.000760371 0.999937117 0.011181621 -1.908975124 0.001556696 -0.011182795 0.999936223 65.940605164
0.999998987 -0.000878767 -0.001112582 1.643132210 0.000891293 0.999935567 0.011307525 -1.939234734 0.001102574 -0.011308506 0.999935448 66.500190735
0.999998629 -0.001209290 -0.001127953 1.619647264 0.001223358 0.999920309 0.012556184 -1.958654165 0.001112679 -0.012557546 0.999920487 67.009193420
0.999998748 -0.000913957 -0.001309643 1.621608496 0.000930252 0.999921441 0.012495791 -1.963724256 0.001298120 -0.012496992 0.999921083 67.571853638
0.999998629 -0.001160850 -0.001160799 1.645744801 0.001175077 0.999923289 0.012331483 -1.966734409 0.001146394 -0.012332832 0.999923289 68.087570190
0.999996841 -0.001897898 -0.001678477 1.664404154 0.001919747 0.999912262 0.013112601 -1.985845089 0.001653442 -0.013115779 0.999912560 68.581771851
0.999997020 -0.001799625 -0.001660524 1.699882984 0.001818722 0.999931335 0.011571451 -1.958364248 0.001639585 -0.011574436 0.999931574 69.145065308
0.999999046 -0.000899686 -0.001047079 1.676821232 0.000913064 0.999917030 0.012848837 -1.980901241 0.001035433 -0.012849782 0.999916911 69.570861816
0.999998629 -0.001054382 -0.001313789 1.685337543 0.001071018 0.999918461 0.012727142 -1.984926581 0.001300263 -0.012728533 0.999918163 70.123855591
0.999999523 -0.000611638 -0.000717808 1.694568276 0.000620645 0.999920189 0.012614176 -2.002462864 0.000710035 -0.012614616 0.999920130 70.677742004
0.999999642 -0.000322009 -0.000702161 1.705729365 0.000331128 0.999915123 0.013025373 -2.004765749 0.000697908 -0.013025605 0.999914885 71.143463135
0.999999642 -0.000410521 -0.000696391 1.713477135 0.000419588 0.999914527 0.013071478 -2.016899586 0.000690965 -0.013071767 0.999914348 71.699203491
0.999999583 0.000287517 -0.000762325 1.723898411 -0.000277471 0.999913573 0.013146407 -2.027286768 0.000766039 -0.013146191 0.999913335 72.248573303
0.999999642 -0.000244973 -0.000677316 1.732770443 0.000253677 0.999917030 0.012880080 -2.025411606 0.000674104 -0.012880250 0.999916792 72.799461365
0.999999225 -0.001125329 -0.000581612 1.743225336 0.001132716 0.999916673 0.012860535 -2.029166937 0.000567092 -0.012861181 0.999917150 73.239173889
0.999999464 -0.001002339 -0.000289907 1.754215360 0.001006089 0.999911904 0.013235052 -2.044644594 0.000276616 -0.013235336 0.999912441 73.793403625
0.999999344 -0.001174151 -0.000305672 1.779431105 0.001177980 0.999916852 0.012841016 -2.046770573 0.000290569 -0.012841369 0.999917448 74.328094482
0.999999225 -0.001111665 -0.000588997 1.794511437 0.001119539 0.999907672 0.013537771 -2.070508003 0.000573894 -0.013538418 0.999908209 74.811233521
0.999999464 -0.000830098 -0.000451611 1.813034773 0.000836119 0.999908388 0.013500527 -2.079774857 0.000440362 -0.013500897 0.999908805 75.342575073
0.999998152 -0.001725780 -0.000918311 1.837917566 0.001737764 0.999911129 0.013213482 -2.090350628 0.000895426 -0.013215053 0.999912322 75.911590576
0.999999464 -0.000866967 -0.000599269 1.829196095 0.000874760 0.999913454 0.013127281 -2.084395409 0.000587836 -0.013127798 0.999913633 76.413459778
0.999999404 -0.000883921 -0.000728368 1.843196392 0.000893384 0.999913871 0.013095716 -2.093566895 0.000716730 -0.013096358 0.999913931 76.972244263
0.999999881 -0.000378834 0.000039174 1.850717425 0.000378291 0.999914527 0.013065868 -2.105951309 -0.000044121 -0.013065853 0.999914587 77.527000427
0.999999881 -0.000459968 0.000014808 1.850417733 0.000459726 0.999908268 0.013531938 -2.098434925 -0.000021031 -0.013531931 0.999908447 78.003471375
0.999999940 -0.000074537 0.000245321 1.862490296 0.000071207 0.999908328 0.013542350 -2.106542587 -0.000246306 -0.013542334 0.999908328 78.545989990
0.999999106 -0.001286891 -0.000403214 1.904816389 0.001292107 0.999911845 0.013214003 -2.130795479 0.000386173 -0.013214514 0.999912560 79.115348816
0.999999046 -0.000335362 0.001357086 1.893785238 0.000317173 0.999910355 0.013381869 -2.120587826 -0.001361451 -0.013381426 0.999909520 79.602859497
0.999996364 0.000266613 0.002672916 1.912357450 -0.000302342 0.999910474 0.013375734 -2.136361361 -0.002669110 -0.013376494 0.999906957 80.145614624
0.999993742 0.000125008 0.003534335 1.919457912 -0.000169891 0.999919236 0.012701198 -2.136865616 -0.003532462 -0.012701718 0.999913037 80.734481812
0.999989390 -0.000263460 0.004605059 1.930964947 0.000203292 0.999914646 0.013060941 -2.145253658 -0.004608106 -0.013059866 0.999904096 81.362030029
0.999969065 -0.000393979 0.007873347 1.946069479 0.000289802 0.999912381 0.013228608 -2.138805866 -0.007877871 -0.013225916 0.999881446 81.748512268
0.999927044 0.000597624 0.012067912 1.964445114 -0.000764166 0.999904394 0.013800452 -2.159292698 -0.012058511 -0.013808667 0.999831915 82.288108826
0.999873936 0.000562227 0.015868600 1.975575447 -0.000772567 0.999911904 0.013252121 -2.149788857 -0.015859753 -0.013262711 0.999786258 82.860717773
0.999827743 -0.000996036 0.018532438 2.020390511 0.000753713 0.999914169 0.013077955 -2.155138969 -0.018543875 -0.013061736 0.999742746 83.338203430
0.999689460 -0.000298236 0.024917152 2.040286303 -0.000036151 0.999909937 0.013418453 -2.161216259 -0.024918914 -0.013415185 0.999599516 83.900413513
0.999528170 -0.000477720 0.030713653 2.090630531 0.000075536 0.999914229 0.013094422 -2.169052124 -0.030717280 -0.013085922 0.999442399 84.443801880
0.999341130 -0.000853616 0.036285132 2.106302977 0.000358227 0.999906659 0.013656966 -2.184882641 -0.036293402 -0.013634969 0.999248147 84.963287354
0.998999059 -0.000257277 0.044729639 2.154235363 -0.000339472 0.999911070 0.013333165 -2.190529823 -0.044729091 -0.013335008 0.998910129 85.515121460
0.998570323 -0.000506562 0.053451411 2.198624849 -0.000180837 0.999917388 0.012854635 -2.195562840 -0.053453505 -0.012845922 0.998487711 86.075393677
0.998166323 -0.000870684 0.060524523 2.249202013 0.000067824 0.999912024 0.013265827 -2.201860428 -0.060530744 -0.013237398 0.998078525 86.583442688
0.997620940 -0.000433475 0.068936825 2.321897268 -0.000461838 0.999915659 0.012970984 -2.218538284 -0.068936646 -0.012971961 0.997536719 87.132041931
0.996888041 -0.002146197 0.078800239 2.349502087 0.001111180 0.999912560 0.013176188 -2.196136951 -0.078821622 -0.013047624 0.996803343 87.660659790
0.996156812 -0.002133945 0.087561890 2.414767742 0.000991260 0.999913812 0.013091432 -2.206304073 -0.087582283 -0.012954322 0.996073067 88.211364746
0.995355546 -0.002018944 0.096244529 2.475397587 0.000772377 0.999915361 0.012987570 -2.207312584 -0.096262597 -0.012852917 0.995272934 88.791671753
0.994354367 -0.001375153 0.106101006 2.584924221 -0.000104780 0.999902785 0.013941500 -2.243577957 -0.106109865 -0.013873911 0.994257569 89.276168823
0.993187904 -0.002050956 0.116505228 2.656750202 0.000408132 0.999900162 0.014122960 -2.255030155 -0.116522558 -0.013979206 0.993089676 89.718055725
0.992068052 -0.002455251 0.125677526 2.740051270 0.000773366 0.999909461 0.013429584 -2.256199837 -0.125699118 -0.013225866 0.991980255 90.272247314
0.990575910 -0.001699216 0.136953980 2.837842941 -0.000191032 0.999904931 0.013787747 -2.268354416 -0.136964381 -0.013683972 0.990481555 90.819671631
0.988846302 -0.002229432 0.148922935 2.932765961 0.000221594 0.999908924 0.013497633 -2.270514965 -0.148939461 -0.013314084 0.988756716 91.365600586
0.987162769 -0.002974543 0.159689635 3.029004097 0.000794426 0.999905586 0.013714316 -2.270512581 -0.159715384 -0.013411403 0.987071991 91.894241333
0.985625327 -0.003392915 0.168911502 3.144851685 0.001126502 0.999908030 0.013511775 -2.275787830 -0.168941826 -0.013127268 0.985538602 92.432075500
0.983487546 -0.004315360 0.180924088 3.269845009 0.001944967 0.999909997 0.013276958 -2.281949043 -0.180965081 -0.012705835 0.983407378 92.977607727
0.980982780 -0.002955017 0.194071904 3.380338669 0.000307660 0.999906540 0.013669829 -2.298404694 -0.194094151 -0.013350161 0.980891943 93.498275757
0.978885949 -0.003956271 0.204369456 3.522380829 0.001124782 0.999901712 0.013969070 -2.289970636 -0.204404652 -0.013444253 0.978794277 94.055580139
0.975980759 -0.003802009 0.217823833 3.660234451 0.000928620 0.999911189 0.013292195 -2.291371822 -0.217855051 -0.012770651 0.975897670 94.611244202
0.972850621 -0.004334219 0.231393486 3.806945801 0.001175500 0.999904275 0.013786988 -2.304554462 -0.231431112 -0.013140677 0.972762525 95.118400574
0.970159411 -0.004748872 0.242421106 3.969169617 0.001538042 0.999908507 0.013432385 -2.307619572 -0.242462724 -0.012658703 0.970078111 95.654151917
0.966784835 -0.003745522 0.255564183 4.087572098 0.000224323 0.999904692 0.013805890 -2.301852465 -0.255591542 -0.013289996 0.966693461 96.138694763
0.963178694 -0.004940144 0.268816799 4.263261795 0.001164851 0.999898493 0.014201799 -2.308639288 -0.268859684 -0.013365740 0.963086605 96.647193909
0.959404290 -0.004813177 0.281993359 4.449096680 0.000909431 0.999902010 0.013972643 -2.318324089 -0.282032907 -0.013148960 0.959314644 97.191040039
0.956269741 -0.005698053 0.292430699 4.612308502 0.001711839 0.999902070 0.013885390 -2.332157135 -0.292481184 -0.012777582 0.956185997 97.673469543
0.951324821 -0.003088656 0.308174580 4.792827606 -0.001410694 0.999895632 0.014376144 -2.344326258 -0.308186799 -0.014111122 0.951221228 98.247192383
0.946918845 -0.005145445 0.321431458 4.993751526 0.000548555 0.999896288 0.014390233 -2.333006382 -0.321472228 -0.013450060 0.946823478 98.800788879
0.943081021 -0.005426150 0.332518816 5.205953598 0.000693247 0.999896765 0.014350474 -2.339698553 -0.332562387 -0.013303141 0.942987442 99.336944580
0.938500643 -0.005168791 0.345238715 5.430196762 0.000164390 0.999894440 0.014523188 -2.346616030 -0.345277399 -0.013573267 0.938402474 99.857276917
0.932958126 -0.004569005 0.359956145 5.623958588 -0.000687751 0.999895036 0.014474452 -2.354931355 -0.359984517 -0.013751617 0.932856917 100.380142212
0.928343773 -0.006569392 0.371664762 5.835050583 0.001166308 0.999890387 0.014760445 -2.351949692 -0.371720970 -0.013269289 0.928249657 100.846878052
0.923380613 -0.005355268 0.383848518 6.054626465 -0.000257587 0.999893844 0.014569681 -2.362856627 -0.383885741 -0.013552235 0.923281133 101.346405029
0.917602718 -0.006181199 0.397450626 6.314229965 0.000349509 0.999891281 0.014743509 -2.370922804 -0.397498518 -0.013389772 0.917505145 101.828453064
0.911808848 -0.007190419 0.410552025 6.538101196 0.001076584 0.999885082 0.015120994 -2.408388615 -0.410613567 -0.013345462 0.911711752 102.263893127
0.907107055 -0.008404827 0.420816243 6.761928558 0.002160419 0.999880493 0.015313313 -2.399910927 -0.420894563 -0.012981674 0.907016695 102.700462341
0.901146472 -0.006595336 0.433464646 7.014385223 -0.000112801 0.999880731 0.015448088 -2.418621540 -0.433514774 -0.013969884 0.901038110 103.192764282
0.894011199 -0.008339221 0.447967201 7.144626617 0.001732031 0.999883592 0.015156907 -2.367762089 -0.448041528 -0.012774555 0.893921494 103.714363098
0.887747824 -0.007331121 0.460271686 7.362216949 0.000509449 0.999888182 0.014943436 -2.370012283 -0.460329771 -0.013031519 0.887652338 104.141777039
0.882375240 -0.009516556 0.470450073 7.696598053 0.002469515 0.999875367 0.015594282 -2.400238991 -0.470539868 -0.012598226 0.882288873 104.638603210
0.874331176 -0.008037051 0.485263377 7.882369995 0.000751851 0.999884129 0.015205665 -2.379981518 -0.485329360 -0.012929940 0.874235868 105.040863037
