1.000000000 0.000000000 0.000000000 0.000000000 0.000000000 1.000000000 0.000000000 0.000000000 0.000000000 0.000000000 1.000000000 0.000000000
1.000000000 -0.000031029 0.000001857 0.000156934 0.000031029 1.000000000 0.000164015 -0.000745022 -0.000001862 -0.000164014 1.000000000 0.000315609
1.000000000 -0.000055574 -0.000186281 0.001463922 0.000055578 1.000000000 0.000020783 -0.000491046 0.000186279 -0.000020793 1.000000000 -0.001215038
1.000000000 -0.000131045 -0.000013462 0.000476450 0.000131045 1.000000000 -0.000019972 0.000358511 0.000013464 0.000019970 1.000000000 0.000793850
1.000000000 0.000019919 0.000091987 -0.000463564 -0.000019920 1.000000000 0.000009389 -0.000219839 -0.000091987 -0.000009391 1.000000000 -0.000951322
1.000000000 0.000043105 0.000001724 -0.000097448 -0.000043105 1.000000000 -0.000030222 0.000225166 -0.000001725 0.000030222 1.000000000 -0.000409782
1.000000000 -0.000128861 0.000067759 0.000725847 0.000128865 1.000000000 -0.000071352 -0.000015388 -0.000067750 0.000071361 1.000000000 -0.001853895
1.000000000 -0.000102089 0.000065106 0.000688807 0.000102094 1.000000000 -0.000077206 0.000366082 -0.000065098 0.000077212 1.000000000 -0.000597759
1.000000000 -0.000006049 0.000124910 -0.000014872 0.000006058 1.000000000 -0.000067111 0.000131827 -0.000124910 0.000067112 1.000000000 -0.001952051
1.000000000 -0.000187672 -0.000025534 0.001545231 0.000187672 1.000000000 0.000002465 0.000872177 0.000025534 -0.000002470 1.000000000 0.000741227
1.000000000 0.000192545 0.000054009 0.000617972 -0.000192547 1.000000000 0.000042498 0.000075643 -0.000054000 -0.000042509 1.000000000 0.000425137
1.000000000 -0.000007193 0.000069344 0.000229222 0.000007204 1.000000000 -0.000149428 0.001300005 -0.000069343 0.000149429 1.000000000 0.000455780
1.000000000 -0.000110685 -0.000100081 0.001352819 0.000110679 1.000000000 -0.000066865 0.000629910 0.000100089 0.000066854 1.000000000 -0.000761181
1.000000000 0.000124859 0.000067250 0.000322751 -0.000124859 1.000000000 0.000002390 -0.000160519 -0.000067250 -0.000002398 1.000000000 -0.001546728
1.000000000 -0.000110705 0.000074733 -0.000069334 0.000110710 1.000000000 -0.000059923 0.000777082 -0.000074727 0.000059932 1.000000000 -0.000746739
1.000000000 -0.000202210 -0.000123585 0.001157856 0.000202210 1.000000000 0.000001805 0.000139352 0.000123585 -0.000001830 1.000000000 -0.001524021
1.000000000 -0.000031716 0.000023128 0.000433967 0.000031717 1.000000000 -0.000031718 0.000636434 -0.000023127 0.000031719 1.000000000 -0.000058626
1.000000000 0.000023497 0.000043103 -0.000516634 -0.000023498 1.000000000 0.000015930 0.000531587 -0.000043102 -0.000015931 1.000000000 -0.000343838
1.000000000 0.000002503 0.000018507 0.000704937 -0.000002505 1.000000000 0.000138986 -0.000182342 -0.000018507 -0.000138986 1.000000000 -0.000138262
1.000000000 -0.000172439 -0.000014569 0.000659506 0.000172439 1.000000000 -0.000023586 0.000643804 0.000014573 0.000023583 1.000000000 -0.000093745
1.000000000 -0.000030251 0.000058698 -0.000160012 0.000030257 1.000000000 -0.000090477 0.001216834 -0.000058695 0.000090479 1.000000000 0.000543825
1.000000000 -0.000210532 -0.000007090 0.000523888 0.000210531 0.999999940 -0.000169195 0.001734704 0.000007126 0.000169193 1.000000000 -0.000095611
1.000000000 -0.000181276 0.000049647 0.000621643 0.000181283 1.000000000 -0.000149400 0.001888881 -0.000049620 0.000149409 1.000000000 0.000990305
1.000000000 -0.000073124 0.000132547 0.000076381 0.000073123 1.000000000 0.000001405 0.000924884 -0.000132548 -0.000001396 1.000000000 -0.000022588
1.000000000 0.000003461 0.000026192 0.000508741 -0.000003462 1.000000000 0.000020120 -0.000028363 -0.000026192 -0.000020120 1.000000000 -0.001428982
1.000000000 -0.000046139 -0.000130820 0.001233896 0.000046115 1.000000000 -0.000183001 0.001163162 0.000130828 0.000182995 1.000000000 -0.002339466
1.000000000 0.000099230 -0.000051206 0.000417497 -0.000099240 1.000000000 -0.000197800 0.002233733 0.000051186 0.000197806 1.000000000 0.001243075
1.000000000 -0.000030946 -0.000118586 0.001273029 0.000030952 1.000000000 0.000048544 0.000004387 0.000118585 -0.000048548 1.000000000 0.000872772
1.000000000 0.000077611 0.000023550 -0.000659716 -0.000077612 1.000000000 0.000057337 0.000447019 -0.000023546 -0.000057339 1.000000000 0.001575373
1.000000000 -0.000081088 -0.000165496 0.001371313 0.000081077 1.000000000 -0.000062709 0.000961675 0.000165501 0.000062695 1.000000000 0.000042618
1.000000000 -0.000095143 -0.000039020 0.000835751 0.000095145 1.000000000 0.000063839 0.000865505 0.000039014 -0.000063842 1.000000000 -0.000343609
1.000000000 -0.000008765 -0.000054964 0.000492276 0.000008770 1.000000000 0.000087194 0.000173107 0.000054963 -0.000087194 1.000000000 -0.000379779
1.000000000 -0.000018585 0.000065690 -0.000988555 0.000018587 1.000000000 -0.000028536 0.001276068 -0.000065690 0.000028537 1.000000000 0.001707459
1.000000000 -0.000115601 -0.000042927 0.000484884 0.000115602 1.000000000 0.000020970 0.000781819 0.000042924 -0.000020975 1.000000000 0.000859113
1.000000000 -0.000090010 -0.000032207 0.000183320 0.000090005 1.000000000 -0.000153177 0.002164947 0.000032221 0.000153174 1.000000000 0.002181649
1.000000000 -0.000103487 0.000005233 0.000029200 0.000103488 1.000000000 -0.000177560 0.001479563 -0.000005215 0.000177560 1.000000000 0.000290856
1.000000000 -0.000148009 -0.000051671 0.000894533 0.000148009 1.000000000 -0.000007931 0.000781208 0.000051673 0.000007924 1.000000000 0.001320553
1.000000000 0.000042103 0.000001477 -0.000007583 -0.000042103 1.000000000 0.000045668 0.000599987 -0.000001475 -0.000045669 1.000000000 0.000748127
1.000000000 -0.000066095 -0.000026518 0.000534889 0.000066093 1.000000000 -0.000060126 0.001519234 0.000026522 0.000060124 1.000000000 0.000758149
1.000000000 -0.000162576 0.000061644 0.000427616 0.000162584 1.000000000 -0.000136781 0.001321253 -0.000061621 0.000136791 1.000000000 0.002286919
1.000000000 -0.000049818 0.000207327 -0.000359915 0.000049954 0.999999762 -0.000659354 -0.000714639 -0.000207294 0.000659364 0.999999762 0.052355576
1.000000000 0.000063453 -0.000016388 0.002072173 -0.000063473 0.999999285 -0.001196250 -0.004237716 0.000016312 0.001196251 0.999999285 0.136450186
0.999999821 0.000569789 -0.000024149 0.002902555 -0.000569825 0.999998689 -0.001526520 -0.006201630 0.000023279 0.001526533 0.999998808 0.253177583
0.999998629 -0.001566002 -0.000354111 0.013980776 0.001565752 0.999998510 -0.000705199 -0.020660153 0.000355214 0.000704644 0.999999702 0.364639789
0.999997616 -0.002114476 -0.000400209 0.020312179 0.002114355 0.999997675 -0.000301944 -0.024927190 0.000400847 0.000301096 0.999999881 0.496739775
0.999997795 -0.002041388 -0.000470213 0.024450585 0.002041217 0.999997914 -0.000362708 -0.027259428 0.000470952 0.000361748 0.999999821 0.649712145
0.999998629 -0.001522360 -0.000634368 0.029314928 0.001522111 0.999998748 -0.000394295 -0.034375850 0.000634967 0.000393328 0.999999702 0.804282308
0.999998212 -0.001736916 -0.000730740 0.034188867 0.001736761 0.999998450 -0.000212027 -0.039925579 0.000731107 0.000210758 0.999999702 0.969300747
0.999999642 -0.000794435 -0.000317815 0.026483655 0.000794553 0.999999642 0.000371324 -0.053062323 0.000317520 -0.000371576 0.999999881 1.145344734
0.999999583 -0.000914615 -0.000204607 0.029590901 0.000914743 0.999999404 0.000625703 -0.056547165 0.000204034 -0.000625890 0.999999821 1.333744884
0.999999881 0.000013463 -0.000496893 0.042649254 -0.000013439 1.000000000 0.000046856 -0.055505708 0.000496894 -0.000046850 0.999999881 1.532345176
0.999999762 -0.000042952 -0.000658650 0.051353782 0.000043054 0.999999940 0.000156227 -0.057693452 0.000658643 -0.000156255 0.999999821 1.727062106
0.999999940 -0.000152265 -0.000254417 0.034120809 0.000152333 0.999999881 0.000267903 -0.060830902 0.000254376 -0.000267941 0.999999881 1.947164059
0.999999821 -0.000448221 -0.000147082 0.035939284 0.000448290 0.999999702 0.000467142 -0.068280913 0.000146872 -0.000467208 0.999999881 2.158478022
0.999999702 -0.000123021 0.000672031 0.021824583 0.000122633 0.999999821 0.000577358 -0.082265243 -0.000672102 -0.000577276 0.999999523 2.372831821
0.999999702 -0.000033223 0.000777099 0.026182652 0.000032531 0.999999642 0.000890394 -0.088178255 -0.000777129 -0.000890369 0.999999285 2.590111971
1.000000000 0.000000300 0.000053592 0.054703575 -0.000000314 0.999999940 0.000271800 -0.092587851 -0.000053592 -0.000271800 0.999999940 2.837966204
1.000000000 0.000129394 0.000045535 0.058234848 -0.000129414 0.999999881 0.000449619 -0.099398203 -0.000045477 -0.000449625 0.999999881 3.073977232
0.999999702 -0.000544586 -0.000429815 0.065545715 0.000544701 0.999999762 0.000268074 -0.110076532 0.000429668 -0.000268308 0.999999881 3.305520773
0.999999821 -0.000207565 -0.000514024 0.071722955 0.000207836 0.999999821 0.000526896 -0.119945966 0.000513914 -0.000527003 0.999999762 3.547730446
0.999999046 -0.001116664 -0.000795874 0.084987238 0.001117491 0.999998748 0.001038004 -0.129771411 0.000794714 -0.001038893 0.999999106 3.789891243
0.999998927 -0.001249940 -0.000793974 0.088216707 0.001250515 0.999998868 0.000723630 -0.132882968 0.000793069 -0.000724622 0.999999464 4.054497242
0.999999821 -0.000430776 -0.000372117 0.092605770 0.000431308 0.999998987 0.001430091 -0.144278526 0.000371501 -0.001430251 0.999998927 4.324739933
0.999999821 -0.000421706 -0.000308843 0.098733865 0.000422190 0.999998689 0.001568771 -0.151133075 0.000308181 -0.001568901 0.999998748 4.581115246
0.999999762 -0.000571886 -0.000359875 0.105827078 0.000572432 0.999998629 0.001519981 -0.157677442 0.000359005 -0.001520186 0.999998808 4.845969677
0.999999821 -0.000340056 -0.000429224 0.114163615 0.000340560 0.999999344 0.001173220 -0.164846539 0.000428825 -0.001173366 0.999999225 5.099727154
0.999999881 -0.000211543 -0.000488129 0.119396128 0.000211916 0.999999702 0.000763561 -0.170194060 0.000487967 -0.000763664 0.999999642 5.365390778
0.999999762 -0.000422413 -0.000529504 0.123434193 0.000422932 0.999999344 0.000980306 -0.177818775 0.000529089 -0.000980530 0.999999344 5.636633396
0.999999404 -0.000756540 -0.000841516 0.131851211 0.000757618 0.999998868 0.001281227 -0.188775092 0.000840545 -0.001281864 0.999998808 5.899400234
0.999999285 -0.001029185 -0.000646496 0.138671428 0.001030077 0.999998450 0.001381571 -0.196452454 0.000645073 -0.001382236 0.999998748 6.184275150
0.999999404 -0.000882170 -0.000688452 0.143504083 0.000883135 0.999998569 0.001403708 -0.202702343 0.000687213 -0.001404315 0.999998748 6.460830212
0.999999523 -0.000917226 -0.000481257 0.145864114 0.000917838 0.999998748 0.001274034 -0.210566863 0.000480088 -0.001274475 0.999999046 6.757199287
0.999999523 -0.000891623 -0.000393933 0.151261136 0.000892176 0.999998629 0.001407037 -0.224183261 0.000392678 -0.001407388 0.999998927 7.041568279
0.999999583 -0.000838146 -0.000389010 0.158728704 0.000838600 0.999998987 0.001168872 -0.229184553 0.000388030 -0.001169197 0.999999285 7.350611687
0.999998987 -0.001253804 -0.000709935 0.165194958 0.001254799 0.999998212 0.001403867 -0.240821406 0.000708174 -0.001404757 0.999998748 7.671307564
0.999999404 -0.000962248 -0.000507006 0.169786304 0.000963029 0.999998331 0.001542188 -0.252364993 0.000505521 -0.001542675 0.999998629 7.979619026
0.999999344 -0.000985002 -0.000587360 0.177587584 0.000986179 0.999997497 0.002007142 -0.264857769 0.000585382 -0.002007720 0.999997735 8.305067062
0.999999762 -0.000779645 -0.000403228 0.182017058 0.000780585 0.999996960 0.002337877 -0.279897541 0.000401404 -0.002338191 0.999997139 8.618973732
0.999999464 -0.001016871 -0.000183895 0.182121709 0.001017280 0.999996960 0.002239008 -0.289059252 0.000181618 -0.002239194 0.999997497 8.949437141
0.999998212 -0.001858682 -0.000395212 0.192708895 0.001859535 0.999995828 0.002170537 -0.299458951 0.000391176 -0.002171267 0.999997556 9.296624184
0.999998391 -0.001642315 -0.000738600 0.208706781 0.001643992 0.999996066 0.002276011 -0.306262434 0.000734859 -0.002277222 0.999997139 9.644520760
0.999999106 -0.001292997 -0.000117906 0.205954820 0.001293267 0.999996424 0.002319587 -0.314524919 0.000114906 -0.002319738 0.999997318 9.972434044
0.999999523 -0.000985887 -0.000150798 0.211073726 0.000986317 0.999995351 0.002875166 -0.328913957 0.000147962 -0.002875313 0.999995828 10.321615219
0.999998569 -0.001507843 -0.000781765 0.225370154 0.001510138 0.999994457 0.002943877 -0.345772505 0.000777322 -0.002945053 0.999995291 10.676426888
0.999999046 -0.001378645 0.000039472 0.223920986 0.001378516 0.999994218 0.003115286 -0.358531743 -0.000043767 -0.003115229 0.999995172 11.054924011
0.999999344 -0.001092415 -0.000184422 0.234870791 0.001092894 0.999995947 0.002615883 -0.362962067 0.000181564 -0.002616082 0.999996543 11.423319817
0.999998629 -0.001696506 -0.000243277 0.238092855 0.001697187 0.999994695 0.002825638 -0.372989595 0.000238482 -0.002826047 0.999996006 11.802389145
0.999998748 -0.001575154 0.000009151 0.247710019 0.001575117 0.999993742 0.003160241 -0.389368236 -0.000014129 -0.003160223 0.999994934 12.181134224
0.999998987 -0.001404502 -0.000135441 0.258795053 0.001404872 0.999995172 0.002773558 -0.397103399 0.000131545 -0.002773745 0.999996126 12.574966431
0.999998689 -0.001633620 0.000057072 0.264203757 0.001633445 0.999994278 0.002941777 -0.405360848 -0.000061878 -0.002941679 0.999995589 12.977348328
0.999999166 -0.001271150 0.000170130 0.270654440 0.001270600 0.999994040 0.003196460 -0.421350718 -0.000174192 -0.003196241 0.999994874 13.363259315
0.999998629 -0.001602729 0.000151488 0.282229602 0.001602301 0.999994814 0.002779415 -0.426571339 -0.000155942 -0.002779169 0.999996126 13.768637657
0.999998391 -0.001737545 -0.000177169 0.296758980 0.001738024 0.999994755 0.002737938 -0.437627524 0.000172411 -0.002738242 0.999996245 14.187274933
0.999998987 -0.001358328 0.000443132 0.300321370 0.001357138 0.999995470 0.002673949 -0.450212777 -0.000446762 -0.002673345 0.999996305 14.609933853
0.999998212 -0.001772185 0.000673271 0.307493597 0.001769964 0.999993026 0.003285703 -0.462502480 -0.000679090 -0.003284505 0.999994397 15.040558815
0.999998629 -0.001235329 0.001112576 0.318778723 0.001231797 0.999994218 0.003169976 -0.475678444 -0.001116485 -0.003168601 0.999994338 15.470361710
0.999997616 -0.001557231 0.001541388 0.329581887 0.001552330 0.999993682 0.003175967 -0.488398790 -0.001546323 -0.003173567 0.999993682 15.903936386
0.999995649 -0.002738345 0.001110043 0.346521139 0.002734941 0.999991596 0.003056081 -0.497752160 -0.001118402 -0.003053031 0.999994636 16.346984863
0.999996245 -0.002448726 0.001219663 0.358981818 0.002445993 0.999994516 0.002237804 -0.496367693 -0.001225136 -0.002234813 0.999996781 16.802885056
0.999996245 -0.002005718 0.001836506 0.363984913 0.002000140 0.999993384 0.003034037 -0.522908807 -0.001842579 -0.003030352 0.999993682 17.248516083
0.999995172 -0.002099706 0.002301147 0.374817699 0.002092614 0.999993026 0.003080465 -0.533073783 -0.002307598 -0.003075635 0.999992549 17.726026535
0.999995828 -0.001288056 0.002596443 0.386141777 0.001278035 0.999991715 0.003857569 -0.553761244 -0.002601390 -0.003854234 0.999989212 18.171787262
0.999995291 -0.001438562 0.002739267 0.385728478 0.001426811 0.999989748 0.004286939 -0.572984636 -0.002745405 -0.004283010 0.999987125 18.617698669
0.999994814 -0.000440950 0.003188577 0.407569289 0.000427176 0.999990582 0.004319315 -0.594020605 -0.003190452 -0.004317930 0.999985516 19.092258453
0.999992907 -0.001152824 0.003596219 0.418490171 0.001137691 0.999990523 0.004207125 -0.607258439 -0.003601035 -0.004203003 0.999984622 19.557561874
0.999993443 -0.001065433 0.003456859 0.432750374 0.001051276 0.999991059 0.004094579 -0.611225665 -0.003461190 -0.004090918 0.999985635 20.053236008
0.999994397 -0.001355657 0.003068807 0.440801024 0.001345366 0.999993443 0.003352899 -0.616306722 -0.003073332 -0.003348752 0.999989629 20.555482864
0.999994814 -0.000383264 0.003203659 0.453617483 0.000368459 0.999989212 0.004620451 -0.638075233 -0.003205395 -0.004619245 0.999984205 21.057783127
0.999996305 -0.000714952 0.002598704 0.464823514 0.000702661 0.999988556 0.004727244 -0.648975074 -0.002602054 -0.004725401 0.999985397 21.546152115
0.999996841 -0.000879809 0.002319562 0.476145148 0.000868032 0.999986708 0.005073734 -0.662975490 -0.002323995 -0.005071705 0.999984443 22.054660797
0.999998331 -0.000517747 0.001744117 0.481954873 0.000509420 0.999988437 0.004771339 -0.675984502 -0.001746568 -0.004770443 0.999987125 22.570005417
0.999998927 -0.000546107 0.001359158 0.487623155 0.000539495 0.999988019 0.004860046 -0.690376282 -0.001361796 -0.004859308 0.999987245 23.086315155
0.999999523 -0.000676728 0.000682867 0.496407986 0.000673453 0.999988317 0.004784849 -0.702422380 -0.000686098 -0.004784388 0.999988317 23.616691589
0.999998450 -0.001667275 -0.000538324 0.507649004 0.001669334 0.999991179 0.003847000 -0.715480268 0.000531906 -0.003847893 0.999992430 24.123565674
0.999998450 -0.001374548 -0.001120860 0.514114976 0.001379549 0.999989033 0.004473268 -0.730672598 0.001114699 -0.004474808 0.999989331 24.672534943
0.999998093 -0.000427710 -0.001899685 0.533459604 0.000436432 0.999989331 0.004593317 -0.743820667 0.001897701 -0.004594137 0.999987662 25.229393005
0.999998391 -0.000728884 -0.001645268 0.518543303 0.000736580 0.999988735 0.004681592 -0.752797425 0.001641837 -0.004682796 0.999987662 25.745784760
0.999996901 0.000256983 -0.002452275 0.543487310 -0.000244646 0.999987245 0.005029648 -0.771141529 0.002453536 -0.005029032 0.999984324 26.295701981
0.999995768 -0.000461904 -0.002855001 0.557318509 0.000480376 0.999978900 0.006472807 -0.788061857 0.002851951 -0.006474151 0.999975026 26.844020844
0.999992371 -0.000444466 -0.003874432 0.572740138 0.000464822 0.999986053 0.005254838 -0.803366780 0.003872043 -0.005256597 0.999978662 27.404933929
0.999993205 -0.000284412 -0.003681996 0.568912983 0.000304101 0.999985635 0.005347820 -0.818192601 0.003680423 -0.005348904 0.999978900 27.950946808
0.999988079 -0.000643264 -0.004826338 0.591097176 0.000669834 0.999984622 0.005505600 -0.835003734 0.004822723 -0.005508768 0.999973178 28.497240067
0.999987185 -0.000784736 -0.004995286 0.598927915 0.000813235 0.999983311 0.005705728 -0.852441788 0.004990727 -0.005709718 0.999971211 29.028488159
0.999984920 -0.000501493 -0.005469688 0.605177701 0.000531455 0.999984801 0.005477780 -0.857416034 0.005466857 -0.005480602 0.999970019 29.578767776
0.999981642 -0.000782736 -0.006013477 0.615108967 0.000818233 0.999982238 0.005902595 -0.871676147 0.006008749 -0.005907407 0.999964476 30.120847702
0.999982297 -0.000179264 -0.005952130 0.623162746 0.000213565 0.999983311 0.005762778 -0.890161216 0.005950998 -0.005763946 0.999965608 30.659162521
0.999979794 -0.000156573 -0.006351970 0.630493760 0.000194676 0.999981999 0.005998399 -0.902562618 0.006350916 -0.005999514 0.999961853 31.193092346
0.999976218 -0.000490265 -0.006870978 0.638872087 0.000532045 0.999981403 0.006080132 -0.916416824 0.006867869 -0.006083644 0.999957860 31.739953995
0.999975622 -0.000232772 -0.006979974 0.647724688 0.000276387 0.999980390 0.006248154 -0.932393670 0.006978384 -0.006249931 0.999956071 32.285503387
0.999971569 -0.000379447 -0.007521539 0.657749653 0.000423778 0.999982536 0.005893152 -0.941928387 0.007519173 -0.005896172 0.999954343 32.836444855
0.999969900 -0.000433611 -0.007742633 0.661515236 0.000479778 0.999982119 0.005961748 -0.956450582 0.007739910 -0.005965282 0.999952257 33.374229431
0.999968529 -0.000433277 -0.007934457 0.670804620 0.000478624 0.999983549 0.005714205 -0.962260485 0.007931851 -0.005717822 0.999952197 33.921012878
0.999969244 -0.000464481 -0.007827109 0.668933511 0.000513562 0.999980211 0.006269865 -0.981350303 0.007824040 -0.006273692 0.999949694 34.446369171
0.999969184 -0.000142387 -0.007839964 0.678806186 0.000190596 0.999981105 0.006148845 -0.993510842 0.007838939 -0.006150151 0.999950349 34.988666534
0.999969840 -0.000275800 -0.007752254 0.684391856 0.000325178 0.999979675 0.006368836 -1.006119728 0.007750339 -0.006371166 0.999949694 35.524494171
0.999967575 -0.000094481 -0.008055576 0.687984943 0.000145652 0.999979794 0.006351825 -1.021169662 0.008054814 -0.006352793 0.999947309 36.071426392
0.999968171 0.000192595 -0.007973340 0.692709565 -0.000142548 0.999980211 0.006276902 -1.035041571 0.007974391 -0.006275566 0.999948502 36.620121002
0.999966383 -0.000770696 -0.008166355 0.698091745 0.000822279 0.999979675 0.006315081 -1.047569990 0.008161322 -0.006321583 0.999946713 37.158290863
0.999965191 0.000116429 -0.008339404 0.703896403 -0.000064187 0.999980390 0.006264469 -1.059558630 0.008339970 -0.006263717 0.999945581 37.702236176
0.999966562 0.000101759 -0.008175766 0.709275246 -0.000049429 0.999979436 0.006400549 -1.069008112 0.008176249 -0.006399932 0.999946117 38.239917755
0.999963164 0.000194035 -0.008597517 0.718444943 -0.000140001 0.999980152 0.006285032 -1.081158280 0.008598567 -0.006283596 0.999943256 38.778991699
0.999963701 0.000037338 -0.008521578 0.719412327 0.000013696 0.999982059 0.005988643 -1.089804292 0.008521651 -0.005988542 0.999945760 39.322860718
0.999961257 0.000238535 -0.008811049 0.731955171 -0.000179284 0.999977350 0.006724897 -1.108684063 0.008812455 -0.006723056 0.999938548 39.850765228
0.999957383 -0.000798142 -0.009193087 0.742390752 0.000856769 0.999979258 0.006375202 -1.120600820 0.009187807 -0.006382807 0.999937415 40.386028290
0.999959946 0.000586829 -0.008931811 0.740899086 -0.000530202 0.999979675 0.006340957 -1.134586215 0.008935354 -0.006335968 0.999939978 40.949962616
0.999956429 0.000394203 -0.009326492 0.750603795 -0.000334645 0.999979496 0.006386571 -1.145167470 0.009328819 -0.006383171 0.999936044 41.486186981
0.999953806 0.000456170 -0.009601410 0.754216671 -0.000391898 0.999977529 0.006694838 -1.162197709 0.009604246 -0.006690766 0.999931455 42.029403687
0.999947548 0.000557146 -0.010223843 0.772975504 -0.000480204 0.999971569 0.007526663 -1.183796883 0.010227745 -0.007521358 0.999919355 42.551925659
0.999953628 -0.000012975 -0.009624719 0.760714889 0.000075467 0.999979019 0.006492497 -1.177109361 0.009624429 -0.006492923 0.999932587 43.116027832
0.999951422 0.000180868 -0.009853875 0.772716522 -0.000119386 0.999980509 0.006239549 -1.184870720 0.009854812 -0.006238070 0.999931931 43.660282135
0.999950290 -0.000843796 -0.009933662 0.775672317 0.000906785 0.999979496 0.006338098 -1.199750662 0.009928112 -0.006346790 0.999930561 44.189594269
0.999949753 0.000253504 -0.010018830 0.781731129 -0.000190597 0.999980271 0.006279325 -1.210047841 0.010020224 -0.006277101 0.999930084 44.735317230
0.999951303 0.000100984 -0.009868105 0.785225809 -0.000048255 0.999985754 0.005343500 -1.213178277 0.009868504 -0.005342764 0.999936998 45.284591675
0.999954641 -0.000141788 -0.009524384 0.783610106 0.000203612 0.999978900 0.006490411 -1.244155645 0.009523261 -0.006492055 0.999933541 45.809734344
0.999956548 -0.000612258 -0.009300121 0.793900311 0.000669227 0.999981046 0.006123663 -1.248720884 0.009296196 -0.006129621 0.999938011 46.365535736
0.999959052 -0.000397494 -0.009037818 0.796664417 0.000453751 0.999980569 0.006223444 -1.260027289 0.009035169 -0.006227290 0.999939799 46.922676086
0.999954402 -0.000384233 -0.009541448 0.803519607 0.000444225 0.999980152 0.006286177 -1.270408154 0.009538846 -0.006290128 0.999934673 47.469486237
0.999954104 -0.000510514 -0.009565840 0.812920272 0.000569087 0.999981105 0.006121392 -1.283846498 0.009562535 -0.006126555 0.999935508 48.002834320
0.999954760 -0.000429291 -0.009494117 0.819137573 0.000491822 0.999978185 0.006584965 -1.304687858 0.009491082 -0.006589337 0.999933243 48.554828644
0.999955773 -0.000493445 -0.009393670 0.832452536 0.000546062 0.999984145 0.005599512 -1.301334500 0.009390757 -0.005604394 0.999940217 49.103782654
0.999955654 -0.000277506 -0.009408064 0.842985630 0.000330633 0.999984145 0.005645930 -1.320902586 0.009406347 -0.005648791 0.999939740 49.623050690
0.999956667 -0.000148141 -0.009310753 0.843114197 0.000208504 0.999978960 0.006482491 -1.336900711 0.009309597 -0.006484151 0.999935627 50.158439636
0.999955177 -0.000063952 -0.009460127 0.856442213 0.000117734 0.999983847 0.005684698 -1.338496685 0.009459609 -0.005685558 0.999939084 50.713775635
0.999954820 -0.000788414 -0.009470817 0.867565393 0.000841709 0.999983847 0.005624546 -1.352820158 0.009466231 -0.005632264 0.999939322 51.231060028
0.999954820 -0.000496457 -0.009493452 0.872977674 0.000544473 0.999987185 0.005055879 -1.361729980 0.009490819 -0.005060819 0.999942183 51.767814636
0.999956906 -0.000917538 -0.009241108 0.874739110 0.000965507 0.999986172 0.005187748 -1.381674886 0.009236218 -0.005196447 0.999943793 52.312133789
0.999956846 -0.000060189 -0.009281053 0.884535134 0.000110785 0.999985278 0.005451100 -1.389107466 0.009280588 -0.005451894 0.999942064 52.871791840
0.999956310 -0.000309643 -0.009345077 0.886750996 0.000361218 0.999984741 0.005517811 -1.406825304 0.009343227 -0.005520945 0.999941111 53.384948730
0.999959588 0.000156688 -0.008987302 0.893272936 -0.000106039 0.999984086 0.005635810 -1.421990752 0.008988042 -0.005634630 0.999943733 53.956031799
0.999960303 -0.000117323 -0.008911485 0.894122481 0.000163436 0.999986589 0.005174003 -1.426015019 0.008910758 -0.005175252 0.999946892 54.514892578
0.999962091 -0.000265228 -0.008701855 0.896795154 0.000310928 0.999986172 0.005250778 -1.436908484 0.008700342 -0.005253284 0.999948323 55.031150818
0.999957442 -0.000128373 -0.009223870 0.920095921 0.000180566 0.999983907 0.005657825 -1.457195759 0.009222994 -0.005659251 0.999941468 55.554019928
0.999960721 0.000057602 -0.008856845 0.920757413 -0.000009674 0.999985337 0.005411339 -1.460383415 0.008857028 -0.005411041 0.999946117 56.121704102
0.999963701 0.000124900 -0.008517987 0.926900625 -0.000079215 0.999985576 0.005363475 -1.479443073 0.008518533 -0.005362606 0.999949336 56.657085419
0.999962091 0.000293844 -0.008702020 0.931591749 -0.000250381 0.999987483 0.004995327 -1.482785940 0.008703378 -0.004992960 0.999949634 57.218772888
0.999963760 0.000432855 -0.008496242 0.937186956 -0.000389088 0.999986649 0.005152260 -1.501975298 0.008498359 -0.005148769 0.999950647 57.754619598
0.999963522 0.000490985 -0.008527866 0.946053743 -0.000450625 0.999988675 0.004733985 -1.510477543 0.008530096 -0.004729969 0.999952435 58.311855316
0.999971449 0.000264117 -0.007551472 0.944376230 -0.000228657 0.999988973 0.004696273 -1.519145250 0.007552627 -0.004694412 0.999960482 58.858303070
0.999964833 0.000479129 -0.008364474 0.961129904 -0.000435139 0.999986053 0.005260180 -1.538934588 0.008366875 -0.005256354 0.999951184 59.400451660
0.999969184 0.000864632 -0.007802296 0.972942710 -0.000825937 0.999987364 0.004961296 -1.550707340 0.007806487 -0.004954698 0.999957263 59.928268433
0.999968171 0.000969062 -0.007920471 0.977151275 -0.000929468 0.999987066 0.005001084 -1.556942225 0.007925215 -0.004993564 0.999956131 60.491924286
0.999971569 0.000744615 -0.007506053 0.990176201 -0.000711790 0.999990165 0.004374854 -1.564789176 0.007509237 -0.004369386 0.999962270 61.034839630
0.999972880 0.000782247 -0.007322629 0.996635437 -0.000751775 0.999991059 0.004163085 -1.571807623 0.007325822 -0.004157467 0.999964535 61.585628510
0.999972284 0.001274058 -0.007354533 1.006107807 -0.001238481 0.999987543 0.004839961 -1.593716145 0.007360609 -0.004830717 0.999961257 62.142036438
0.999970794 0.002645710 -0.007187283 1.022194505 -0.002600023 0.999976397 0.006358560 -1.637760162 0.007203937 -0.006339686 0.999953926 62.689552307
0.999970615 0.001668357 -0.007479878 1.023691893 -0.001623660 0.999980807 0.005977640 -1.640865088 0.007489707 -0.005965320 0.999954164 63.245441437
0.999973774 0.001553070 -0.007063960 1.017439008 -0.001518435 0.999986827 0.004905737 -1.636829615 0.007071486 -0.004894883 0.999963045 63.764739990
0.999977052 0.002318709 -0.006360723 1.017682672 -0.002287399 0.999985278 0.004925324 -1.653098106 0.006372051 -0.004910661 0.999967635 64.340087891
0.999972224 0.001602986 -0.007282366 1.045057535 -0.001569289 0.999987960 0.004630642 -1.654489279 0.007289701 -0.004619085 0.999962747 64.882675171
0.999969542 0.002045804 -0.007527960 1.057374239 -0.002009346 0.999986231 0.004847390 -1.675241470 0.007537773 -0.004832116 0.999959886 65.419364929
0.999972641 0.002031898 -0.007109416 1.057154775 -0.001998088 0.999986649 0.004759676 -1.680210471 0.007118991 -0.004745342 0.999963403 65.990623474
0.999973774 0.002309395 -0.006860159 1.062335610 -0.002276526 0.999985874 0.004795165 -1.694844604 0.006871136 -0.004779423 0.999964952 66.518608093
0.999977052 0.002511213 -0.006293969 1.069909930 -0.002480380 0.999984860 0.004901881 -1.709414363 0.006306184 -0.004886157 0.999968171 67.065101624
0.999973893 0.002607727 -0.006737711 1.089646339 -0.002571763 0.999982417 0.005340873 -1.728249311 0.006751520 -0.005323407 0.999963045 67.603187561
0.999971390 0.002281627 -0.007215633 1.107080340 -0.002242793 0.999983132 0.005385465 -1.738152504 0.007227797 -0.005369127 0.999959469 68.162178040
0.999974430 0.001709798 -0.006931019 1.110409260 -0.001677585 0.999987721 0.004650933 -1.743502736 0.006938886 -0.004639187 0.999965191 68.697357178
0.999978244 0.002827424 -0.005957204 1.092716813 -0.002796173 0.999982297 0.005247743 -1.764261603 0.005971938 -0.005230973 0.999968469 69.242935181
0.999979138 0.003457402 -0.005456834 1.106049180 -0.003431034 0.999982417 0.004834265 -1.772704124 0.005473451 -0.004815442 0.999973357 69.767372131
0.999981999 0.003256569 -0.005042745 1.113102198 -0.003232372 0.999983251 0.004799122 -1.781866908 0.005058289 -0.004782734 0.999975741 70.337188721
0.999979258 0.002402165 -0.005970811 1.129425168 -0.002373367 0.999985456 0.004825547 -1.792654157 0.005982316 -0.004811277 0.999970555 70.871520996
0.999979794 0.003060528 -0.005566686 1.145775199 -0.003032025 0.999982297 0.005121571 -1.809464335 0.005582263 -0.005104590 0.999971390 71.392852783
0.999976873 0.003871450 -0.005612800 1.141345263 -0.003845268 0.999981701 0.004668071 -1.818804860 0.005630771 -0.004646380 0.999973357 71.954513550
0.999976099 0.002628893 -0.006380756 1.165149450 -0.002599992 0.999986351 0.004533446 -1.829037666 0.006392587 -0.004516748 0.999969363 72.498573303
0.999976337 0.002751476 -0.006301742 1.173440695 -0.002722415 0.999985635 0.004615493 -1.844768286 0.006314350 -0.004598228 0.999969482 73.038291931
0.999968469 0.003123992 -0.007301353 1.191150546 -0.003089901 0.999984324 0.004675794 -1.855244398 0.007315845 -0.004653086 0.999962389 73.585083008
0.999971509 0.001789435 -0.007334599 1.202072144 -0.001762074 0.999991417 0.003735142 -1.858832717 0.007341220 -0.003722112 0.999966145 74.132072449
0.999972701 0.002097924 -0.007086061 1.208977222 -0.002065790 0.999987543 0.004539004 -1.878720284 0.007095495 -0.004524243 0.999964535 74.651763916
0.999971688 0.002233648 -0.007175044 1.214030027 -0.002199994 0.999986470 0.004694935 -1.893088579 0.007185435 -0.004679018 0.999963224 75.196922302
0.999969602 0.002913987 -0.007231018 1.215497494 -0.002879883 0.999984682 0.004722234 -1.897558808 0.007244668 -0.004701267 0.999962628 75.738265991
0.999960005 0.004996144 -0.007413997 1.219660997 -0.004962720 0.999977469 0.004519803 -1.919401646 0.007436411 -0.004482829 0.999962330 76.264442444
0.999959350 0.004790403 -0.007637478 1.242015839 -0.004760653 0.999981046 0.003908810 -1.923502922 0.007656057 -0.003872292 0.999963224 76.789230347
0.999969244 0.004375595 -0.006495342 1.240961432 -0.004347157 0.999980927 0.004385893 -1.932276249 0.006514409 -0.004357521 0.999969304 77.327217102
0.999963462 0.004274669 -0.007404339 1.242658854 -0.004239317 0.999979675 0.004783574 -1.948294163 0.007424636 -0.004752010 0.999961138 77.848907471
0.999974012 0.004341557 -0.005750960 1.217290163 -0.004315077 0.999980092 0.004609016 -1.965629935 0.005770856 -0.004584080 0.999972820 78.344726562
0.999970078 0.005891216 -0.005015491 1.129423022 -0.005854796 0.999956608 0.007245561 -2.036211729 0.005057958 -0.007215980 0.999961197 78.621612549
0.999967337 0.005805069 -0.005615005 1.225680590 -0.005781637 0.999974489 0.004180419 -1.982966900 0.005639130 -0.004147818 0.999975502 79.480850220
0.999972463 0.003880454 -0.006313922 1.258248329 -0.003854115 0.999983847 0.004178525 -2.003674984 0.006330036 -0.004154076 0.999971330 80.027893066
0.999983907 0.002871861 -0.004896705 1.285786033 -0.002849194 0.999985158 0.004629831 -2.025586128 0.004909929 -0.004615805 0.999977291 80.658866882
0.999987543 0.003936318 -0.003066643 1.271384120 -0.003922800 0.999982595 0.004401800 -2.038928986 0.003083917 -0.004389715 0.999985576 81.213851929
0.999987006 0.004665660 -0.002064721 1.280514359 -0.004654664 0.999975145 0.005298924 -2.057649612 0.002089393 -0.005289243 0.999983788 81.755332947
0.999993622 0.002977851 -0.001959907 1.330832362 -0.002968838 0.999985039 0.004584718 -2.073863029 0.001973530 -0.004578869 0.999987543 82.256355286
0.999990165 0.004276664 0.001115141 1.359996080 -0.004281261 0.999982119 0.004153869 -2.073060036 -0.001097356 -0.004158602 0.999990761 82.798484802
0.999978483 0.003985968 0.005210855 1.355455518 -0.004010016 0.999981284 0.004612632 -2.092219830 -0.005192373 -0.004633428 0.999975801 83.339622498
0.999950826 0.003633914 0.009217583 1.357604384 -0.003679578 0.999980986 0.004941843 -2.106185436 -0.009199451 -0.004975518 0.999945283 83.904624939
0.999899328 0.004227352 0.013543881 1.394528985 -0.004286819 0.999981284 0.004364651 -2.116009235 -0.013525177 -0.004422271 0.999898732 84.423858643
0.999808848 0.004570389 0.019010285 1.438153982 -0.004661165 0.999977946 0.004733522 -2.135838032 -0.018988227 -0.004821227 0.999808073 84.982810974
0.999690294 0.003466114 0.024644334 1.466197371 -0.003590686 0.999980986 0.005012293 -2.155316591 -0.024626492 -0.005099231 0.999683738 85.515914917
0.999547422 0.002758118 0.029956104 1.516989827 -0.002883911 0.999987185 0.004156864 -2.162899494 -0.029944250 -0.004241374 0.999542594 86.057098389
0.999251246 0.003918130 0.038490895 1.539370775 -0.004104819 0.999980211 0.004772410 -2.173005581 -0.038471442 -0.004926835 0.999247551 86.609039307
0.998879373 0.003709049 0.047183234 1.578207970 -0.003923153 0.999982417 0.004445916 -2.178642750 -0.047165915 -0.004626041 0.998876333 87.192886353
0.998540759 0.003627945 0.053880800 1.629783630 -0.003909858 0.999979138 0.005127686 -2.200324297 -0.053861078 -0.005330870 0.998534203 87.710845947
0.998066425 0.003003660 0.062084045 1.696312428 -0.003272181 0.999985695 0.004223901 -2.201967955 -0.062070474 -0.004418884 0.998062015 88.234504700
0.997387350 0.003177747 0.072168984 1.755998611 -0.003524984 0.999982834 0.004684603 -2.218483925 -0.072152846 -0.004926758 0.997381389 88.769561768
0.996738374 0.002677049 0.080656298 1.814060688 -0.003046355 0.999985397 0.004456043 -2.224890709 -0.080643184 -0.004687216 0.996732116 89.323638916
0.996086538 0.002474365 0.088348337 1.890254498 -0.002866430 0.999986529 0.004311119 -2.242942572 -0.088336498 -0.004547492 0.996080339 89.880775452
0.995037794 0.002497418 0.099466473 1.958788395 -0.002928869 0.999986947 0.004191858 -2.256498337 -0.099454723 -0.004462382 0.995032072 90.397384644
0.993954122 0.002262977 0.109772868 2.042032242 -0.002757228 0.999986708 0.004350896 -2.267855644 -0.109761573 -0.004627260 0.993947148 90.946434021
0.992899835 0.001436887 0.118944831 2.118240356 -0.001884055 0.999991596 0.003647093 -2.274702549 -0.118938603 -0.003845296 0.992894173 91.484237671
0.991497219 0.002257816 0.130108029 2.211191177 -0.002873419 0.999985576 0.004543941 -2.292988777 -0.130095854 -0.004879160 0.991489410 92.018043518
0.989900649 0.000919074 0.141759291 2.307703018 -0.001504740 0.999990880 0.004024269 -2.304393768 -0.141754299 -0.004196937 0.989892960 92.550598145
0.988328934 0.001056123 0.152331233 2.414764404 -0.001753636 0.999988556 0.004444649 -2.320700169 -0.152324766 -0.004659908 0.988319516 93.096023560
0.986625612 0.000644797 0.163001388 2.517493248 -0.001335893 0.999990523 0.004130246 -2.331696510 -0.162997186 -0.004292758 0.986617148 93.626419067
0.984410405 0.000524390 0.175886050 2.640294075 -0.001268090 0.999990702 0.004115940 -2.343380213 -0.175882235 -0.004274814 0.984401941 94.168235779
0.982122421 0.000630726 0.188242376 2.761857986 -0.001564620 0.999987185 0.004812577 -2.361641169 -0.188236937 -0.005021067 0.982110798 94.688880920
0.980040729 0.000147558 0.198796317 2.887055397 -0.001061087 0.999989390 0.004488780 -2.369730949 -0.198793516 -0.004610128 0.980030477 95.226997375
0.977401078 0.000073527 0.211393312 3.025680542 -0.001147630 0.999987006 0.004958382 -2.387468100 -0.211390197 -0.005088929 0.977388442 95.751708984
0.974306941 -0.000350712 0.225224063 3.170339584 -0.000640470 0.999990404 0.004327790 -2.393167019 -0.225223392 -0.004360846 0.974297523 96.285232544
0.971741915 -0.000868919 0.236044526 3.323009491 -0.000186657 0.999990046 0.004449554 -2.407046556 -0.236046046 -0.004367877 0.971732140 96.818283081
0.968840003 -0.001480103 0.247682899 3.488218307 0.000418103 0.999990463 0.004340284 -2.418715954 -0.247686997 -0.004101483 0.968831420 97.323448181
0.965334535 -0.001526408 0.261011004 3.655565262 0.000395221 0.999990225 0.004386302 -2.427424908 -0.261015117 -0.004131091 0.965325832 97.839248657
0.961901963 -0.002309833 0.273384780 3.824577332 0.001135216 0.999989390 0.004454683 -2.438082218 -0.273392171 -0.003974618 0.961894453 98.355934143
0.958787382 -0.002619898 0.284112453 4.010149002 0.001363013 0.999988437 0.004621509 -2.447153568 -0.284121215 -0.004043797 0.958779871 98.870674133
0.954538286 -0.002376061 0.298078924 4.183160782 0.000974718 0.999987781 0.004849808 -2.472608089 -0.298086762 -0.004338785 0.954529047 99.383659363
0.950226188 -0.001524147 0.311557144 4.371915817 -0.000014129 0.999987841 0.004935060 -2.481049299 -0.311560899 -0.004693825 0.950214624 99.874450684
0.946385622 -0.003435215 0.323020816 4.567859650 0.001944203 0.999985933 0.004938384 -2.492965460 -0.323033243 -0.004045598 0.946378887 100.400505066
0.941810250 -0.003937444 0.336121947 4.779117584 0.002622223 0.999987006 0.004366739 -2.496081591 -0.336134672 -0.003231253 0.941808343 100.915184021
0.936809361 -0.003665522 0.349820971 4.989902496 0.002162720 0.999986708 0.004686445 -2.518564463 -0.349833459 -0.003633740 0.936804831 101.430931091
0.932086229 -0.004169552 0.362212300 5.212135315 0.002664601 0.999985635 0.004654326 -2.524219275 -0.362226486 -0.003373082 0.932083964 101.928848267
0.927371502 -0.004677458 0.374112427 5.432043076 0.003242054 0.999984801 0.004466033 -2.535072088 -0.374127597 -0.002928779 0.927372575 102.458091736
0.921446145 -0.004189269 0.388483554 5.659103394 0.002512431 0.999985218 0.004824239 -2.547148228 -0.388497949 -0.003469238 0.921443045 102.951416016
0.915811121 -0.004987394 0.401578218 5.893714905 0.003464417 0.999983788 0.004518577 -2.554102182 -0.401594341 -0.002746929 0.915813506 103.437057495
0.910895467 -0.005511332 0.412600219 6.135623932 0.004017375 0.999981880 0.004488177 -2.571592569 -0.412617505 -0.002430690 0.910901129 103.909492493
0.904663026 -0.005549913 0.426091522 6.398754120 0.004202887 0.999982774 0.004101516 -2.579689741 -0.426106989 -0.001919675 0.904670715 104.413032532
0.898001552 -0.006018628 0.439951032 6.656040192 0.004210560 0.999978304 0.005085581 -2.604031801 -0.439972132 -0.002714420 0.898007333 104.876159668
0.892248452 -0.007168928 0.451487929 6.918224335 0.005474673 0.999972224 0.005058743 -2.616081238 -0.451511651 -0.002041906 0.892262936 105.339202881
0.886588931 -0.006657555 0.462510258 7.184391022 0.004851230 0.999975204 0.005094684 -2.624291897 -0.462532729 -0.002273147 0.886599422 105.817481995
0.879317343 -0.006582248 0.476190925 7.454700470 0.004980637 0.999976873 0.004625324 -2.629833698 -0.476210326 -0.001695393 0.879329801 106.282897949
0.872495532 -0.007273330 0.488567919 7.756420135 0.005306369 0.999971211 0.005410380 -2.653235674 -0.488593251 -0.002128010 0.872509062 106.757904053
