1.000000000 0.000000000 0.000000000 0.000000000 0.000000000 1.000000000 0.000000000 0.000000000 0.000000000 0.000000000 1.000000000 0.000000000
1.000000000 0.000005709 -0.000031890 0.000276255 -0.000005711 1.000000000 -0.000073273 0.000564730 0.000031890 0.000073273 1.000000000 0.000342823
1.000000000 -0.000073134 -0.000040685 -0.000243364 0.000073133 1.000000000 -0.000016029 0.000482184 0.000040686 0.000016026 1.000000000 0.001059018
1.000000000 -0.000012797 -0.000098471 -0.001141788 0.000012794 1.000000000 -0.000032099 0.001573331 0.000098472 0.000032098 1.000000000 0.000714460
1.000000000 -0.000015996 -0.000014798 -0.000676497 0.000015997 1.000000000 0.000026601 0.000026186 0.000014797 -0.000026601 1.000000000 0.000206783
1.000000000 -0.000112144 -0.000010768 -0.000503540 0.000112144 1.000000000 0.000008460 -0.000048819 0.000010767 -0.000008462 1.000000000 0.000356411
1.000000000 0.000086499 -0.000045423 -0.000141115 -0.000086500 1.000000000 -0.000025056 0.000716876 0.000045421 0.000025060 1.000000000 -0.002570834
1.000000000 0.000007819 0.000009122 -0.000225823 -0.000007818 1.000000000 -0.000038993 0.001199075 -0.000009123 0.000038993 1.000000000 0.002449585
1.000000000 0.000050220 0.000028044 -0.001466631 -0.000050219 1.000000000 -0.000028493 0.001287802 -0.000028045 0.000028492 1.000000000 0.001605903
1.000000000 -0.000010794 -0.000051481 -0.000462038 0.000010793 1.000000000 -0.000014025 0.001249363 0.000051481 0.000014025 1.000000000 0.001562990
1.000000000 -0.000047353 -0.000056745 -0.000397141 0.000047351 1.000000000 -0.000036508 0.001172476 0.000056747 0.000036505 1.000000000 0.000771048
1.000000000 -0.000058787 -0.000052779 -0.001700667 0.000058790 1.000000000 0.000050403 0.001320101 0.000052776 -0.000050406 1.000000000 0.001605529
1.000000000 -0.000028579 -0.000048338 -0.001514969 0.000028578 1.000000000 -0.000031970 0.000933175 0.000048339 0.000031969 1.000000000 0.000880163
1.000000000 -0.000015418 -0.000076614 0.000875600 0.000015421 1.000000000 0.000049894 -0.000205738 0.000076613 -0.000049896 1.000000000 -0.003008422
1.000000000 -0.000062690 -0.000066573 0.000696599 0.000062694 1.000000000 0.000062636 -0.000092590 0.000066569 -0.000062640 1.000000000 -0.002160132
1.000000000 0.000007441 -0.000027966 -0.000134607 -0.000007441 1.000000000 -0.000027752 0.001709510 0.000027966 0.000027752 1.000000000 0.000943353
1.000000000 -0.000038534 -0.000089919 0.000480127 0.000038538 1.000000000 0.000038212 0.000586537 0.000089917 -0.000038216 1.000000000 -0.001504897
1.000000000 -0.000076676 -0.000086921 0.000399138 0.000076675 1.000000000 -0.000013894 0.000073334 0.000086922 0.000013887 1.000000000 -0.002487990
1.000000000 -0.000071756 -0.000054372 -0.000477118 0.000071757 1.000000000 0.000023400 0.000878385 0.000054370 -0.000023404 1.000000000 0.001167553
1.000000000 -0.000112732 -0.000063335 -0.000636083 0.000112736 1.000000000 0.000062415 -0.000069744 0.000063328 -0.000062423 1.000000000 -0.002166981
1.000000000 -0.000075357 -0.000116732 0.002223481 0.000075365 1.000000000 0.000067390 -0.000278789 0.000116727 -0.000067398 1.000000000 -0.001474880
1.000000000 -0.000085704 -0.000100873 0.000706783 0.000085706 1.000000000 0.000022036 0.000456769 0.000100871 -0.000022045 1.000000000 -0.001265146
1.000000000 -0.000086048 -0.000078923 -0.000449846 0.000086049 1.000000000 0.000013809 0.000897353 0.000078922 -0.000013816 1.000000000 -0.000092987
1.000000000 -0.000083200 -0.000094058 0.000917943 0.000083205 1.000000000 0.000058094 0.000465667 0.000094053 -0.000058102 1.000000000 -0.001104110
1.000000000 -0.000137803 -0.000084675 0.001326711 0.000137805 1.000000000 0.000027207 0.000575525 0.000084671 -0.000027219 1.000000000 -0.000758499
1.000000000 -0.000158114 -0.000122054 0.001160694 0.000158121 1.000000000 0.000058480 0.000190372 0.000122045 -0.000058499 1.000000000 -0.002624823
0.999999940 -0.000240316 -0.000088567 -0.000076868 0.000240318 1.000000000 0.000012769 0.000202031 0.000088564 -0.000012790 1.000000000 -0.002987685
1.000000000 -0.000074598 -0.000125523 0.001203807 0.000074607 1.000000000 0.000074439 0.000101229 0.000125518 -0.000074448 1.000000000 -0.002110670
1.000000000 -0.000100677 -0.000114425 0.002340893 0.000100685 1.000000000 0.000068479 -0.000255976 0.000114418 -0.000068491 1.000000000 -0.002453986
1.000000000 -0.000154852 -0.000146263 0.001222769 0.000154857 1.000000000 0.000035069 0.000401238 0.000146257 -0.000035092 1.000000000 -0.002332522
1.000000000 -0.000067135 -0.000074728 0.000706403 0.000067137 1.000000000 0.000029242 -0.000041790 0.000074726 -0.000029247 1.000000000 -0.003110924
1.000000000 -0.000151900 -0.000117128 0.001624452 0.000151901 1.000000000 0.000013964 0.000054872 0.000117126 -0.000013982 1.000000000 -0.004081220
1.000000000 -0.000100186 -0.000067145 0.000168327 0.000100189 1.000000000 0.000053128 0.000177550 0.000067140 -0.000053135 1.000000000 -0.001391946
0.999999940 -0.000227325 -0.000106725 0.000516541 0.000227331 1.000000000 0.000054500 0.000451593 0.000106713 -0.000054524 1.000000000 -0.001922100
1.000000000 -0.000145614 -0.000115993 0.001241718 0.000145617 1.000000000 0.000026567 0.000348551 0.000115989 -0.000026584 1.000000000 -0.003225743
1.000000000 -0.000121305 -0.000133273 0.003227007 0.000121326 1.000000000 0.000154814 -0.000671131 0.000133255 -0.000154831 1.000000000 -0.004735175
1.000000000 -0.000142513 -0.000121820 0.000644532 0.000142518 1.000000000 0.000040143 -0.000003305 0.000121814 -0.000040161 1.000000000 -0.003192207
1.000000000 -0.000198570 -0.000105266 0.000767643 0.000198576 1.000000000 0.000060220 -0.000075228 0.000105254 -0.000060241 1.000000000 -0.001463646
1.000000000 -0.000180050 -0.000132470 0.001191841 0.000180049 1.000000000 -0.000012302 0.000370285 0.000132472 0.000012278 1.000000000 0.002935602
1.000000000 -0.000221971 -0.000058448 0.000472716 0.000221939 0.999999821 -0.000555567 -0.001959415 0.000058571 0.000555554 0.999999821 0.052553792
1.000000000 0.000045040 -0.000079387 0.002089986 -0.000045132 0.999999344 -0.001157557 -0.004477448 0.000079335 0.001157561 0.999999344 0.141274527
1.000000000 -0.000108178 0.000001589 0.002699048 0.000108180 0.999998868 -0.001511442 -0.007487353 -0.000001426 0.001511442 0.999998868 0.260239542
1.000000000 0.000012266 -0.000073008 0.005700960 -0.000012374 0.999998927 -0.001482968 -0.011118358 0.000072990 0.001482969 0.999998927 0.391105890
1.000000000 0.000084784 -0.000073835 0.009713821 -0.000084877 0.999999225 -0.001255142 -0.016366249 0.000073729 0.001255149 0.999999225 0.528532922
1.000000000 0.000065260 0.000005241 0.013314757 -0.000065255 0.999999523 -0.001001682 -0.022538703 -0.000005306 0.001001681 0.999999523 0.684950233
1.000000000 0.000009260 -0.000095769 0.020368487 -0.000009354 0.999999523 -0.000979378 -0.026517507 0.000095759 0.000979379 0.999999523 0.843961596
0.999999881 0.000504576 0.000136218 0.017315246 -0.000504464 0.999999523 -0.000823811 -0.025308605 -0.000136633 0.000823742 0.999999642 1.025111079
1.000000000 0.000004550 -0.000066286 0.027528469 -0.000004590 0.999999821 -0.000603157 -0.032245606 0.000066284 0.000603157 0.999999821 1.203357458
1.000000000 0.000048867 -0.000019354 0.031866059 -0.000048873 0.999999940 -0.000266787 -0.042700753 0.000019341 0.000266788 0.999999940 1.387849092
1.000000000 0.000108104 -0.000080008 0.031982657 -0.000108122 0.999999940 -0.000226024 -0.043293539 0.000079983 0.000226033 1.000000000 1.582824230
1.000000000 -0.000068975 0.000098284 0.031298302 0.000068991 1.000000000 -0.000160988 -0.052925196 -0.000098273 0.000160995 1.000000000 1.783094883
1.000000000 -0.000116183 0.000086165 0.035151232 0.000116168 1.000000000 0.000174827 -0.060736388 -0.000086185 -0.000174817 1.000000000 1.968431473
1.000000000 0.000308645 0.000265909 0.033801764 -0.000308726 1.000000000 0.000306528 -0.069341175 -0.000265814 -0.000306610 0.999999940 2.180055141
1.000000000 -0.000178075 -0.000274538 0.046277713 0.000178240 0.999999881 0.000601631 -0.075462103 0.000274431 -0.000601680 0.999999821 2.395097017
1.000000000 -0.000001228 0.000050042 0.051509295 0.000001195 0.999999881 0.000665560 -0.080208957 -0.000050043 -0.000665560 0.999999821 2.614759922
0.999999583 -0.000856933 0.000109242 0.056624256 0.000856860 0.999999404 0.000671104 -0.090476125 -0.000109817 -0.000671011 0.999999702 2.860136986
0.999999702 -0.000784056 0.000212686 0.059733745 0.000783890 0.999999404 0.000778379 -0.093344949 -0.000213296 -0.000778212 0.999999702 3.097347736
0.999999464 -0.001087776 -0.000022518 0.067451820 0.001087790 0.999999225 0.000624557 -0.101662904 0.000021839 -0.000624581 0.999999821 3.335108042
0.999999285 -0.001192567 0.000011588 0.069446683 0.001192558 0.999998927 0.000744062 -0.108298331 -0.000012475 -0.000744048 0.999999702 3.585012674
0.999999464 -0.001098696 -0.000191014 0.081619225 0.001098884 0.999998927 0.000984759 -0.117992565 0.000189932 -0.000984968 0.999999523 3.825232267
0.999999106 -0.001278037 0.000037461 0.083975971 0.001277981 0.999998093 0.001472593 -0.140344322 -0.000039343 -0.001472544 0.999998868 4.114582539
0.999999523 -0.000879020 0.000321594 0.088227570 0.000878525 0.999998450 0.001536637 -0.144421622 -0.000322944 -0.001536354 0.999998748 4.373514175
0.999999642 -0.000812543 0.000284026 0.091518655 0.000812069 0.999998271 0.001667450 -0.152504563 -0.000285380 -0.001667219 0.999998569 4.626949310
0.999999225 -0.001161548 0.000385568 0.097686365 0.001160783 0.999997377 0.001978505 -0.163169026 -0.000387865 -0.001978056 0.999997973 4.886900902
0.999999285 -0.001159485 0.000332469 0.094507068 0.001158714 0.999996662 0.002309944 -0.180565268 -0.000335146 -0.002309557 0.999997258 5.133702278
0.999999344 -0.001092687 0.000268116 0.100355454 0.001092110 0.999997139 0.002140609 -0.186640248 -0.000270454 -0.002140315 0.999997675 5.402529240
0.999998808 -0.001537545 -0.000030370 0.108469024 0.001537613 0.999995947 0.002384505 -0.196331948 0.000026703 -0.002384549 0.999997139 5.667500973
0.999999404 -0.000999184 0.000333809 0.111961544 0.000998367 0.999996483 0.002438365 -0.203013346 -0.000336244 -0.002438030 0.999996960 5.944403172
0.999999106 -0.001284060 0.000280063 0.119852960 0.001283390 0.999996305 0.002379698 -0.213445619 -0.000283118 -0.002379336 0.999997139 6.218933582
0.999999583 -0.000609758 0.000551369 0.124718308 0.000608224 0.999995947 0.002777115 -0.231864199 -0.000553060 -0.002776779 0.999996006 6.497263432
0.999999702 0.000250702 0.000703804 0.127273977 -0.000252554 0.999996543 0.002631912 -0.239452347 -0.000703142 -0.002632089 0.999996245 6.789978027
0.999999702 -0.000168167 0.000762655 0.137842730 0.000165991 0.999995887 0.002852333 -0.251972318 -0.000763131 -0.002852205 0.999995708 7.090187073
0.999999642 -0.000495548 0.000610696 0.145224094 0.000493780 0.999995649 0.002891412 -0.258835673 -0.000612127 -0.002891109 0.999995649 7.371872425
0.999999702 -0.000154045 0.000757556 0.147817686 0.000151876 0.999995828 0.002861627 -0.268874437 -0.000757994 -0.002861511 0.999995649 7.673560143
0.999998868 -0.001388929 0.000595491 0.163034990 0.001387384 0.999995708 0.002587141 -0.276133209 -0.000599082 -0.002586312 0.999996483 7.992496014
0.999998689 -0.001570300 0.000496473 0.169906005 0.001569050 0.999995589 0.002509713 -0.282251894 -0.000500412 -0.002508931 0.999996722 8.311621666
0.999998689 -0.001550130 0.000532443 0.179563060 0.001548820 0.999995768 0.002451791 -0.292099297 -0.000536242 -0.002450963 0.999996901 8.638616562
0.999999464 -0.000346162 0.000974849 0.177177429 0.000343653 0.999996662 0.002573272 -0.297931790 -0.000975737 -0.002572936 0.999996305 8.988237381
0.999998987 -0.001071745 0.000861331 0.180841446 0.001069484 0.999996006 0.002621275 -0.309324026 -0.000864136 -0.002620351 0.999996245 9.325368881
0.999998331 -0.001599908 0.000890338 0.179789886 0.001596706 0.999992251 0.003584981 -0.332811922 -0.000896067 -0.003583553 0.999993205 9.626453400
0.999998212 -0.001734114 0.000760703 0.191275090 0.001731265 0.999991477 0.003730724 -0.339285225 -0.000767166 -0.003729400 0.999992728 9.978926659
0.999997854 -0.001882914 0.000916066 0.195687860 0.001879543 0.999991536 0.003667468 -0.348804325 -0.000922964 -0.003665739 0.999992907 10.344250679
0.999998808 -0.001297855 0.000803273 0.208849430 0.001294954 0.999992609 0.003600582 -0.364243865 -0.000807940 -0.003599537 0.999993205 10.689169884
0.999998391 -0.001576347 0.000782018 0.217502818 0.001573405 0.999991715 0.003747663 -0.372018963 -0.000787919 -0.003746427 0.999992669 11.054813385
0.999998033 -0.001714712 0.000933381 0.227750286 0.001711200 0.999991417 0.003750524 -0.384803057 -0.000939804 -0.003748920 0.999992549 11.428086281
0.999998927 -0.001059056 0.000990863 0.227786765 0.001055209 0.999991953 0.003875612 -0.402247310 -0.000994960 -0.003874562 0.999992013 11.788711548
0.999997973 -0.001958797 0.000484093 0.243104264 0.001956795 0.999989688 0.004103754 -0.416739136 -0.000492126 -0.004102799 0.999991536 12.173698425
0.999999046 -0.000832114 0.001115197 0.248746172 0.000827371 0.999990702 0.004247367 -0.422410488 -0.001118721 -0.004246440 0.999990404 12.568903923
0.999997854 -0.001725312 0.001082228 0.262766927 0.001720708 0.999989510 0.004241543 -0.438796937 -0.001089535 -0.004239672 0.999990404 12.914984703
0.999998391 -0.001595643 0.000805786 0.275155306 0.001592164 0.999989510 0.004300110 -0.453391433 -0.000812639 -0.004298820 0.999990404 13.308210373
0.999998212 -0.001493429 0.001186534 0.279439598 0.001488051 0.999988675 0.004520925 -0.461363852 -0.001193272 -0.004519151 0.999989033 13.716101646
0.999998093 -0.000911011 0.001733051 0.279951602 0.000902087 0.999986291 0.005143227 -0.484876782 -0.001737713 -0.005141653 0.999985278 14.122511864
0.999997854 -0.000974737 0.001833544 0.291048735 0.000965263 0.999986172 0.005160694 -0.497284114 -0.001838549 -0.005158912 0.999985039 14.547919273
0.999996841 -0.001513478 0.002053698 0.304701328 0.001502301 0.999984145 0.005433284 -0.511200726 -0.002061888 -0.005430181 0.999983191 14.978189468
0.999997497 -0.000925882 0.002039173 0.321203351 0.000914189 0.999983191 0.005727559 -0.525074840 -0.002044442 -0.005725679 0.999981523 15.359501839
0.999996364 -0.000473691 0.002652978 0.326681435 0.000458392 0.999983311 0.005764195 -0.533818543 -0.002655664 -0.005762958 0.999979854 15.799221992
0.999995589 -0.000354335 0.002957013 0.335597217 0.000336769 0.999982297 0.005938782 -0.543387771 -0.002959065 -0.005937760 0.999978006 16.255847931
0.999995410 -0.001577985 0.002630886 0.346008241 0.001562361 0.999981165 0.005930383 -0.561627746 -0.002640195 -0.005926245 0.999978960 16.667911530
0.999994934 -0.001726439 0.002675420 0.359574437 0.001709827 0.999979317 0.006199170 -0.573945045 -0.002686067 -0.006194565 0.999977171 17.128297806
0.999993324 -0.001822551 0.003184279 0.372703850 0.001801923 0.999977469 0.006468804 -0.586524189 -0.003195997 -0.006463023 0.999974012 17.586688995
0.999992549 -0.002133845 0.003209867 0.393220127 0.002113189 0.999976993 0.006425099 -0.604501724 -0.003223504 -0.006418267 0.999974251 18.037334442
0.999990582 -0.000979908 0.004231530 0.400999159 0.000953152 0.999979556 0.006320527 -0.616159439 -0.004237637 -0.006316436 0.999971092 18.532135010
0.999989748 -0.000815130 0.004477710 0.411991060 0.000786717 0.999979615 0.006343702 -0.629615664 -0.004482789 -0.006340115 0.999969840 18.998226166
0.999991298 -0.001286804 0.003963114 0.436533630 0.001260998 0.999978006 0.006507050 -0.641553879 -0.003971400 -0.006501996 0.999971032 19.479213715
0.999991298 -0.001295257 0.003977450 0.447778076 0.001268127 0.999975920 0.006815944 -0.658932447 -0.003986183 -0.006810841 0.999968946 19.956331253
0.999991655 -0.000846449 0.004002193 0.439770550 0.000817794 0.999974072 0.007156058 -0.670623302 -0.004008147 -0.007152726 0.999966323 20.433536530
0.999992549 -0.001017678 0.003741485 0.451508522 0.000991327 0.999974728 0.007038064 -0.684718728 -0.003748553 -0.007034302 0.999968231 20.916505814
0.999994457 -0.000829224 0.003231572 0.463335603 0.000805159 0.999971986 0.007440930 -0.695656896 -0.003237652 -0.007438287 0.999967098 21.418157578
0.999995232 -0.001869680 0.002450510 0.474179596 0.001851183 0.999969900 0.007528987 -0.724403381 -0.002464513 -0.007524415 0.999968648 21.902084351
0.999996603 -0.001556710 0.002104342 0.485767633 0.001540368 0.999968827 0.007745204 -0.730475008 -0.002116333 -0.007741936 0.999967813 22.416093826
0.999996662 -0.001980586 0.001702034 0.499439776 0.001968067 0.999971330 0.007325367 -0.743296802 -0.001716493 -0.007321992 0.999971688 22.922538757
0.999998212 -0.001436954 0.001235252 0.512023032 0.001427021 0.999966919 0.008004526 -0.766652942 -0.001246714 -0.008002749 0.999967217 23.383308411
0.999997079 -0.002322982 0.000782859 0.518875480 0.002316877 0.999967575 0.007710653 -0.779080391 -0.000800745 -0.007708816 0.999970019 23.902330399
0.999997795 -0.002083473 0.000286727 0.532349825 0.002081268 0.999969840 0.007487230 -0.782847285 -0.000302318 -0.007486616 0.999971926 24.451831818
0.999998331 -0.001708539 -0.000495826 0.552302361 0.001712585 0.999964237 0.008277562 -0.805633187 0.000481665 -0.008278397 0.999965608 24.919105530
0.999998391 -0.001428776 -0.001015969 0.557726324 0.001437659 0.999960303 0.008797213 -0.815387487 0.001003359 -0.008798660 0.999960840 25.464681625
0.999997914 -0.001289975 -0.001538481 0.569112420 0.001302400 0.999966383 0.008103005 -0.822929978 0.001527977 -0.008104991 0.999965966 26.017061234
0.999996901 -0.001387172 -0.002059352 0.573304415 0.001404551 0.999963224 0.008461720 -0.836509049 0.002047538 -0.008464589 0.999962091 26.548814774
0.999992669 -0.001962969 -0.003280282 0.596132755 0.001990701 0.999962091 0.008472460 -0.854737461 0.003263527 -0.008478928 0.999958754 27.111993790
0.999995530 -0.000495728 -0.002939539 0.572313726 0.000519434 0.999967337 0.008069240 -0.856156051 0.002935442 -0.008070731 0.999963105 27.634580612
0.999994814 -0.000674968 -0.003150373 0.579570591 0.000700969 0.999965608 0.008259542 -0.863898516 0.003144689 -0.008261708 0.999960899 28.180639267
0.999991715 -0.000870776 -0.003970603 0.592291474 0.000904053 0.999964535 0.008386790 -0.889290810 0.003963158 -0.008390311 0.999956965 28.731979370
0.999990106 -0.000947636 -0.004343029 0.600070059 0.000983489 0.999965429 0.008260778 -0.896226168 0.004335050 -0.008264967 0.999956489 29.282852173
0.999989450 -0.000984573 -0.004480598 0.606753826 0.001025190 0.999958336 0.009071831 -0.922850609 0.004471479 -0.009076328 0.999948800 29.823276520
0.999989331 -0.000839883 -0.004535882 0.617043853 0.000881217 0.999958038 0.009118459 -0.936757326 0.004528034 -0.009122359 0.999948144 30.371105194
0.999988914 -0.000545612 -0.004682008 0.611890078 0.000587175 0.999960363 0.008880327 -0.949387848 0.004676978 -0.008882977 0.999949634 30.947269440
0.999987841 -0.000144214 -0.004927921 0.626065791 0.000188175 0.999960184 0.008921364 -0.966054320 0.004926437 -0.008922182 0.999948144 31.479850769
0.999987483 -0.000095125 -0.005016655 0.638993442 0.000139678 0.999960542 0.008881406 -0.977337718 0.005015614 -0.008881995 0.999948025 32.028270721
0.999985874 -0.000064160 -0.005318730 0.658064961 0.000110392 0.999962211 0.008692544 -0.984350443 0.005317971 -0.008693008 0.999948144 32.547004700
0.999983490 -0.000731791 -0.005704375 0.633458257 0.000784851 0.999956429 0.009304946 -1.027871966 0.005697318 -0.009309272 0.999940395 33.193771362
0.999984086 -0.000772234 -0.005598566 0.636759162 0.000822840 0.999958813 0.009042324 -1.033959270 0.005591352 -0.009046786 0.999943435 33.748481750
0.999979019 -0.001302072 -0.006349667 0.653400600 0.001363611 0.999952137 0.009697018 -1.054978848 0.006336736 -0.009705473 0.999932826 34.260990143
0.999980271 -0.000626722 -0.006258203 0.657695532 0.000685825 0.999955177 0.009446348 -1.062599182 0.006252002 -0.009450451 0.999935806 34.805145264
0.999979854 -0.000363494 -0.006337535 0.670392871 0.000424735 0.999953270 0.009664550 -1.071011066 0.006333725 -0.009667046 0.999933183 35.321838379
0.999977350 -0.001587903 -0.006537924 0.637752354 0.001656584 0.999943376 0.010512925 -1.148526430 0.006520861 -0.010523520 0.999923348 35.923728943
0.999978423 -0.000948072 -0.006488326 0.643077374 0.001015629 0.999945283 0.010416720 -1.160994530 0.006478095 -0.010423088 0.999924660 36.466873169
0.999980271 -0.000496294 -0.006253107 0.643623114 0.000561183 0.999945998 0.010379601 -1.169683337 0.006247617 -0.010382907 0.999926627 37.009284973
0.999972880 -0.001363461 -0.007236702 0.671606302 0.001444712 0.999935806 0.011234361 -1.201220155 0.007220920 -0.011244512 0.999910712 37.574928284
0.999972403 -0.001346017 -0.007298629 0.682286799 0.001428276 0.999935389 0.011276982 -1.210132360 0.007282980 -0.011287098 0.999909699 38.122749329
0.999971330 -0.001033892 -0.007496742 0.691094220 0.001119110 0.999934733 0.011372116 -1.224600673 0.007484495 -0.011380183 0.999907196 38.655487061
0.999968231 -0.001599558 -0.007804729 0.697407842 0.001688288 0.999933898 0.011375497 -1.230050325 0.007786017 -0.011388316 0.999904811 39.206268311
0.999974489 -0.000410309 -0.007131996 0.697613358 0.000492573 0.999933243 0.011536499 -1.252911448 0.007126786 -0.011539717 0.999907970 39.760852814
0.999976099 -0.000155322 -0.006918025 0.706835449 0.000234118 0.999935031 0.011390635 -1.264875412 0.006915806 -0.011391982 0.999911189 40.289993286
0.999974966 -0.000111690 -0.007075478 0.718741298 0.000193353 0.999933302 0.011542079 -1.278717756 0.007073717 -0.011543158 0.999908328 40.845664978
0.999972820 -0.000471170 -0.007355006 0.726596773 0.000560776 0.999925554 0.012185708 -1.286456943 0.007348718 -0.012189501 0.999898672 41.407619476
0.999970675 -0.000891027 -0.007601939 0.708701372 0.000977988 0.999934018 0.011443403 -1.304765940 0.007591241 -0.011450503 0.999905586 41.946044922
0.999971390 -0.000751395 -0.007522660 0.715434313 0.000836055 0.999936223 0.011257221 -1.308272123 0.007513722 -0.011263188 0.999908388 42.497085571
0.999971628 -0.000681380 -0.007501157 0.721131980 0.000765960 0.999936104 0.011278467 -1.324546576 0.007492992 -0.011283894 0.999908328 43.034259796
0.999967754 -0.001448366 -0.007905778 0.744281888 0.001540848 0.999930263 0.011704519 -1.337582827 0.007888275 -0.011716321 0.999900222 43.581161499
0.999961495 -0.001843076 -0.008576081 0.735552192 0.001943248 0.999929845 0.011686842 -1.351249218 0.008553940 -0.011703059 0.999894857 44.127788544
0.999960423 -0.001650730 -0.008752802 0.743002474 0.001753054 0.999930084 0.011695581 -1.357010126 0.008732883 -0.011710461 0.999893308 44.642742157
0.999960899 -0.001586975 -0.008699666 0.751071572 0.001688200 0.999930859 0.011640519 -1.370808601 0.008680591 -0.011654750 0.999894440 45.183349609
0.999960184 -0.001696855 -0.008763134 0.759755492 0.001800908 0.999927878 0.011879702 -1.379604340 0.008742344 -0.011895009 0.999891043 45.709907532
0.999959707 -0.002078102 -0.008728698 0.760331571 0.002184334 0.999923408 0.012178585 -1.396168590 0.008702721 -0.012197160 0.999887764 46.194240570
0.999957442 -0.001598505 -0.009080162 0.785977542 0.001703035 0.999932230 0.011515838 -1.375001907 0.009061139 -0.011530813 0.999892414 46.817081451
0.999960840 -0.001892324 -0.008638754 0.771099806 0.002002603 0.999916434 0.012774854 -1.421664834 0.008613860 -0.012791655 0.999881089 47.294349670
0.999956667 -0.002405412 -0.008985531 0.780148149 0.002515347 0.999921858 0.012243412 -1.428214788 0.008955377 -0.012265486 0.999884665 47.764408112
0.999953866 -0.002694523 -0.009208578 0.794902444 0.002807680 0.999920428 0.012297485 -1.439498901 0.009174709 -0.012322772 0.999881983 48.307277679
0.999955237 -0.002636271 -0.009088176 0.795600057 0.002746893 0.999921978 0.012181225 -1.447381854 0.009055354 -0.012205645 0.999884486 48.857170105
0.999951482 -0.002496059 -0.009528053 0.799657941 0.002614505 0.999919236 0.012439161 -1.462593794 0.009496235 -0.012463467 0.999877155 49.365856171
0.999955952 -0.001956067 -0.009177394 0.815511703 0.002064884 0.999927461 0.011862639 -1.445743442 0.009153524 -0.011881066 0.999887466 49.937751770
0.999947965 -0.003179334 -0.009693563 0.813193798 0.003302821 0.999913216 0.012749763 -1.486126661 0.009652186 -0.012781115 0.999871731 50.381465912
0.999951720 -0.002831356 -0.009411335 0.811556935 0.002952203 0.999912977 0.012851535 -1.494818449 0.009374128 -0.012878697 0.999873161 50.933120728
0.999947309 -0.003195466 -0.009754922 0.818730712 0.003322031 0.999910176 0.012985961 -1.506238937 0.009712551 -0.013017684 0.999868095 51.461387634
0.999944389 -0.003505079 -0.009943122 0.824106097 0.003633357 0.999910057 0.012912596 -1.518248439 0.009896968 -0.012948005 0.999867201 52.008010864
0.999949217 -0.003035309 -0.009609740 0.830272853 0.003158821 0.999912202 0.012863782 -1.518050909 0.009569852 -0.012893483 0.999871075 52.501731873
0.999947786 -0.003136794 -0.009726409 0.837947488 0.003259084 0.999915600 0.012582736 -1.527823687 0.009686119 -0.012613777 0.999873519 53.040435791
0.999945700 -0.003716336 -0.009735449 0.840016723 0.003838824 0.999913335 0.012593329 -1.531596780 0.009687805 -0.012630017 0.999873281 53.563426971
0.999953091 -0.002401493 -0.009383943 0.849108219 0.002518034 0.999919534 0.012427128 -1.540322423 0.009353345 -0.012450172 0.999878705 54.155944824
0.999953270 -0.002625077 -0.009304622 0.851966858 0.002742518 0.999916434 0.012631606 -1.550143600 0.009270688 -0.012656535 0.999876857 54.628776550
0.999953568 -0.002478607 -0.009314209 0.859714329 0.002593676 0.999920249 0.012362489 -1.555131197 0.009282826 -0.012386073 0.999880195 55.174659729
0.999950588 -0.003124650 -0.009439999 0.861414492 0.003247005 0.999910533 0.012973888 -1.571042299 0.009398616 -0.013003901 0.999871254 55.625087738
0.999955177 -0.002773933 -0.009052143 0.865858138 0.002893320 0.999908626 0.013202432 -1.581059694 0.009014691 -0.013228029 0.999871850 56.174243927
0.999951363 -0.003256827 -0.009316608 0.883501053 0.003381369 0.999904752 0.013383298 -1.589389563 0.009272133 -0.013414150 0.999866962 56.705024719
0.999953568 -0.002723991 -0.009236700 0.878445923 0.002843374 0.999912262 0.012936478 -1.594697237 0.009200649 -0.012962142 0.999873638 57.182098389
0.999953091 -0.002790562 -0.009266279 0.900812089 0.002904171 0.999920487 0.012269764 -1.589913249 0.009231302 -0.012296098 0.999881744 57.836597443
0.999947429 -0.003612708 -0.009595037 0.899068356 0.003737061 0.999908984 0.012974024 -1.607799649 0.009547292 -0.013009202 0.999869764 58.222019196
0.999940038 -0.004345478 -0.010055362 0.911737919 0.004474666 0.999907315 0.012861124 -1.616811156 0.009998541 -0.012905347 0.999866724 58.770179749
0.999938667 -0.004386168 -0.010163767 0.920213401 0.004517958 0.999905586 0.012980243 -1.629884243 0.010105873 -0.013025369 0.999864101 59.320751190
0.999954045 -0.002461171 -0.009259683 0.906550527 0.002585861 0.999905825 0.013478171 -1.638750196 0.009225640 -0.013501497 0.999866247 59.797950745
0.999941945 -0.003885303 -0.010041780 0.942918956 0.004004742 0.999921262 0.011901645 -1.616567373 0.009994746 -0.011941170 0.999878764 60.483181000
0.999948800 -0.003008150 -0.009659977 0.931842625 0.003138629 0.999903679 0.013520579 -1.655878425 0.009618376 -0.013550207 0.999861896 60.907878876
0.999948323 -0.002757994 -0.009779247 0.935799658 0.002888687 0.999906421 0.013375577 -1.661261320 0.009741443 -0.013403136 0.999862671 61.441211700
0.999948740 -0.003001571 -0.009676408 0.932268918 0.003127389 0.999910474 0.013013755 -1.674077868 0.009636479 -0.013043348 0.999868453 61.990257263
0.999953568 -0.002368528 -0.009344484 0.923168242 0.002487933 0.999915123 0.012787294 -1.664252996 0.009313406 -0.012809945 0.999874592 62.573196411
0.999940813 -0.003415049 -0.010332474 0.960330665 0.003558148 0.999897540 0.013862947 -1.711999893 0.010284071 -0.013898890 0.999850512 62.827125549
0.999939680 -0.003232743 -0.010502028 0.965946555 0.003378345 0.999898016 0.013876077 -1.720227838 0.010456100 -0.013910716 0.999848545 63.364330292
0.999938548 -0.002922879 -0.010697936 0.965003252 0.003063750 0.999908507 0.013175351 -1.719440222 0.010658446 -0.013207315 0.999855995 63.921375275
0.999941051 -0.002925715 -0.010457699 0.957542300 0.003067533 0.999903142 0.013570919 -1.730539680 0.010416983 -0.013602196 0.999853194 64.474998474
0.999941051 -0.003893829 -0.010133877 0.964687526 0.004032167 0.999898493 0.013666557 -1.743123055 0.010079634 -0.013706611 0.999855280 64.901771545
0.999942243 -0.003721508 -0.010080609 0.968603075 0.003856977 0.999902070 0.013452685 -1.747619390 0.010029557 -0.013490790 0.999858737 65.456764221
0.999939442 -0.003657591 -0.010380665 0.976926267 0.003795225 0.999904811 0.013270141 -1.755553484 0.010331139 -0.013308733 0.999858141 65.994369507
0.999929726 -0.004862301 -0.010807630 0.993497849 0.005006233 0.999898612 0.013330780 -1.767141819 0.010741715 -0.013383947 0.999852777 66.515518188
0.999953032 -0.001605918 -0.009555777 1.004730701 0.001738906 0.999901533 0.013925025 -1.814517260 0.009532472 -0.013940989 0.999857306 66.845962524
0.999955237 -0.001483870 -0.009338867 1.007063150 0.001611175 0.999905765 0.013638945 -1.815788984 0.009317746 -0.013653384 0.999863386 67.403938293
0.999954581 -0.001532467 -0.009398603 1.007806778 0.001661403 0.999904394 0.013726291 -1.818861485 0.009376670 -0.013741285 0.999861598 67.961067200
0.999949515 -0.002135405 -0.009813858 1.024510384 0.002266022 0.999908745 0.013317703 -1.819644928 0.009784523 -0.013339273 0.999863148 68.483291626
0.999954402 -0.002163132 -0.009297538 0.967111826 0.002292753 0.999900043 0.013953540 -1.845984817 0.009266425 -0.013974219 0.999859393 68.785400391
0.999952853 -0.001902927 -0.009521917 0.968019903 0.002035337 0.999901175 0.013915419 -1.846870780 0.009494495 -0.013934145 0.999857843 69.338706970
0.999944806 -0.002797479 -0.010124403 0.990388036 0.002932013 0.999907315 0.013297780 -1.859060764 0.010086264 -0.013326732 0.999860346 69.855781555
0.999950767 -0.002660725 -0.009561935 0.987270415 0.002793047 0.999900103 0.013851693 -1.872808337 0.009524127 -0.013877715 0.999858320 70.321540833
0.999949515 -0.002509949 -0.009732855 0.987055898 0.002641435 0.999905050 0.013520283 -1.876450777 0.009697996 -0.013545307 0.999861240 70.875312805
0.999958396 -0.001548994 -0.008997202 0.982564628 0.001668384 0.999910474 0.013277302 -1.879275560 0.008975831 -0.013291759 0.999871373 71.451911926
0.999952495 -0.001695621 -0.009595505 0.994269788 0.001824315 0.999908268 0.013419098 -1.885668278 0.009571872 -0.013435964 0.999863923 71.979919434
0.999953449 -0.002506013 -0.009318036 0.993811727 0.002637752 0.999896288 0.014152760 -1.914940834 0.009281606 -0.014176682 0.999856353 72.471138000
0.999956548 -0.002147325 -0.009074252 0.993454218 0.002274519 0.999898970 0.014030011 -1.919515371 0.009043209 -0.014050041 0.999860346 73.011199951
0.999956846 -0.002078130 -0.009052086 0.982814312 0.002204085 0.999900699 0.013926852 -1.924116611 0.009022245 -0.013946206 0.999861956 73.448707581
0.999958515 -0.001945474 -0.008903299 1.013507724 0.002064816 0.999907851 0.013414777 -1.932335854 0.008876381 -0.013432603 0.999870360 74.055587769
0.999957442 -0.002074080 -0.008986416 1.003347158 0.002197982 0.999902368 0.013799824 -1.943358421 0.008956918 -0.013818989 0.999864399 74.499084473
0.999955475 -0.002130876 -0.009183756 1.010123730 0.002252746 0.999909222 0.013280302 -1.950475454 0.009154623 -0.013300399 0.999869585 75.032676697
0.999955654 -0.002518113 -0.009085518 1.014080524 0.002639648 0.999906898 0.013389681 -1.953679562 0.009050956 -0.013413068 0.999869049 75.648628235
0.999953985 -0.002497867 -0.009259576 1.018193722 0.002621965 0.999906600 0.013414250 -1.958545685 0.009225205 -0.013437911 0.999867141 76.209602356
0.999957800 -0.001950070 -0.008969210 1.030997276 0.002069127 0.999909639 0.013283918 -1.976100326 0.008942494 -0.013301918 0.999871552 76.743682861
0.999956548 -0.002165883 -0.009067640 1.038252354 0.002286040 0.999909461 0.013261811 -1.983090758 0.009038094 -0.013281964 0.999870896 77.278778076
0.999957681 -0.002038225 -0.008973083 1.037959576 0.002155964 0.999911487 0.013131217 -1.989551783 0.008945527 -0.013150007 0.999873459 77.839683533
0.999962986 -0.001652567 -0.008443602 1.042870760 0.001762431 0.999913692 0.013020724 -1.998235106 0.008421355 -0.013035124 0.999879539 78.385734558
0.999966443 -0.001418862 -0.008071703 1.049733281 0.001522157 0.999916792 0.012805365 -2.001378059 0.008052861 -0.012817223 0.999885440 78.952011108
0.999972641 -0.002012230 -0.007120001 1.057966471 0.002101024 0.999919832 0.012485639 -2.008164644 0.007094305 -0.012500257 0.999896705 79.494338989
0.999984086 -0.001252677 -0.005496663 1.067474365 0.001320435 0.999922931 0.012340786 -2.011539936 0.005480780 -0.012347848 0.999908745 80.055641174
0.999988139 -0.002108610 -0.004384179 1.099321842 0.002162771 0.999920964 0.012385804 -2.022589684 0.004357716 -0.012395141 0.999913633 80.608978271
0.999997616 -0.002019815 -0.000765995 1.109002471 0.002028940 0.999924660 0.012104746 -2.026775837 0.000741488 -0.012106273 0.999926448 81.150634766
0.999992192 -0.002662582 0.002887493 1.135310054 0.002626701 0.999920130 0.012359763 -2.038669348 -0.002920172 -0.012352084 0.999919415 81.697723389
0.999982178 -0.002724399 0.005300177 1.166463256 0.002658371 0.999919295 0.012424925 -2.049132586 -0.005333599 -0.012410614 0.999908686 82.287628174
0.999943078 -0.002237399 0.010436127 1.185143590 0.002118286 0.999932647 0.011410649 -2.031972170 -0.010460954 -0.011387891 0.999880433 82.841835022
0.999859452 -0.002461566 0.016583035 1.215433836 0.002258491 0.999922395 0.012253528 -2.075872898 -0.016611913 -0.012214355 0.999787390 83.411567688
0.999751925 -0.002524496 0.022128556 1.243944168 0.002260406 0.999926090 0.011951260 -2.081936359 -0.022157086 -0.011898277 0.999683678 83.962028503
0.999604881 -0.002035139 0.028035095 1.274881601 0.001700690 0.999927104 0.011948312 -2.086615562 -0.028057368 -0.011895913 0.999535501 84.556732178
0.999358594 -0.002192235 0.035744511 1.312712550 0.001767596 0.999927580 0.011907091 -2.092400074 -0.035768025 -0.011836273 0.999290049 85.086265564
0.999053776 -0.003488488 0.043351430 1.365091085 0.002971195 0.999923706 0.011991270 -2.110040903 -0.043389957 -0.011851119 0.998987854 85.647598267
0.998742580 -0.004026435 0.049968701 1.406734467 0.003440287 0.999924362 0.011810774 -2.112622261 -0.050012462 -0.011624018 0.998680949 86.193412781
0.998270333 -0.004026312 0.058651183 1.471895218 0.003335850 0.999924064 0.011865495 -2.124805927 -0.058694500 -0.011649322 0.998207986 86.760963440
0.997637212 -0.004348420 0.068563797 1.535692215 0.003554234 0.999925137 0.011700905 -2.130520582 -0.068609558 -0.011429567 0.997578084 87.322135925
0.997021258 -0.005264442 0.076946221 1.602187634 0.004378434 0.999922156 0.011678806 -2.140967846 -0.077001721 -0.011307113 0.996966839 87.862663269
0.996385157 -0.005312603 0.084783740 1.669971943 0.004354832 0.999924660 0.011477581 -2.150166750 -0.084838323 -0.011066874 0.996333241 88.418075562
0.995440245 -0.005161593 0.095247760 1.741950035 0.004089496 0.999926090 0.011447640 -2.150166512 -0.095299810 -0.011005926 0.995387673 88.968093872
0.994336069 -0.005474482 0.106141865 1.833841324 0.004236027 0.999920368 0.011889860 -2.175787210 -0.106198512 -0.011372895 0.994279921 89.510147095
0.993375659 -0.006430025 0.114733323 1.933690071 0.005121280 0.999918461 0.011697977 -2.190874100 -0.114799201 -0.011032903 0.993327439 90.033302307
0.992033243 -0.006292037 0.125818759 2.024693489 0.004841529 0.999918282 0.011831032 -2.198237419 -0.125882924 -0.011127623 0.991982639 90.580184937
0.990434527 -0.006364414 0.137836069 2.123544693 0.004783918 0.999918997 0.011794729 -2.205241203 -0.137899995 -0.011022513 0.990384817 91.115890503
0.988917828 -0.006970142 0.148300290 2.236475945 0.005294073 0.999917626 0.011693603 -2.215789795 -0.148369521 -0.010778901 0.988873184 91.657516479
0.987289071 -0.007466829 0.158758938 2.342029572 0.005693010 0.999916196 0.011624894 -2.221657753 -0.158832416 -0.010573315 0.987248957 92.194648743
0.985105217 -0.007237765 0.171800107 2.458109856 0.005281553 0.999915957 0.011840924 -2.229782581 -0.171871334 -0.010757183 0.985060692 92.733360291
0.982936680 -0.008038671 0.183768585 2.588055611 0.006001871 0.999914289 0.011637036 -2.237215042 -0.183846384 -0.010335514 0.982900620 93.274902344
0.981039762 -0.009113136 0.193592533 2.718505859 0.006978543 0.999907196 0.011705317 -2.247913122 -0.193681210 -0.010132388 0.981012166 93.803451538
0.978318930 -0.008861019 0.206914365 2.853244781 0.006523938 0.999907017 0.011974531 -2.256984472 -0.207001254 -0.010365014 0.978285789 94.342063904
0.975431919 -0.009371135 0.220101818 3.006906509 0.006913317 0.999904811 0.011934363 -2.264827013 -0.220192716 -0.010119524 0.975403905 94.882301331
0.972867250 -0.010023733 0.231146872 3.155206680 0.007456739 0.999900460 0.011976444 -2.271609306 -0.231243938 -0.009927889 0.972845137 95.417770386
0.969966769 -0.010096314 0.243027911 3.310926437 0.007386174 0.999899983 0.012060178 -2.280098438 -0.243125379 -0.009902927 0.969944298 95.949546814
0.966318429 -0.010471231 0.257136703 3.480041504 0.007500714 0.999893367 0.012530450 -2.296963692 -0.257240504 -0.010179693 0.966293931 96.460159302
0.963065863 -0.010377562 0.269065827 3.649211884 0.007114873 0.999888897 0.013098342 -2.303218126 -0.269171834 -0.010700197 0.963032722 96.989768982
0.959761024 -0.011288592 0.280590981 3.839626312 0.008079478 0.999888003 0.012591146 -2.308407784 -0.280701697 -0.009817462 0.959744871 97.519454956
0.955583751 -0.011762072 0.294484913 4.019109726 0.008326656 0.999881864 0.012917003 -2.321655512 -0.294602096 -0.009891202 0.955568731 98.025444031
0.951313257 -0.012077822 0.307989001 4.225408554 0.008574666 0.999882281 0.012725151 -2.321787357 -0.308106482 -0.009464700 0.951304734 98.542579651
0.947572351 -0.012958226 0.319278657 4.417686462 0.009218594 0.999870181 0.013221238 -2.331491947 -0.319408536 -0.009584778 0.947568655 99.043716431
0.943126917 -0.012779378 0.332187235 4.622657776 0.008914634 0.999873698 0.013155631 -2.335372925 -0.332313389 -0.009446101 0.943121731 99.573608398
0.938030541 -0.012697979 0.346319854 4.836271286 0.008512911 0.999871254 0.013602955 -2.346346855 -0.346448034 -0.009811795 0.938017845 100.081321716
0.933369398 -0.013477637 0.358664006 5.051963806 0.009379881 0.999869347 0.013162687 -2.348294258 -0.358794570 -0.008921424 0.933373928 100.596122742
0.929255605 -0.013073700 0.369206011 5.282115936 0.008814620 0.999873757 0.013220302 -2.355327606 -0.369332254 -0.009030628 0.929253459 101.092025757
0.923664629 -0.013310947 0.382970631 5.502538681 0.008661552 0.999866366 0.013862154 -2.361797571 -0.383103967 -0.009486862 0.923656523 101.602569580
0.918344259 -0.014062490 0.395532668 5.754272461 0.009471894 0.999863267 0.013556674 -2.368391514 -0.395669222 -0.008703250 0.918351829 102.072128296
0.913428128 -0.014337350 0.406747520 5.998798370 0.009699862 0.999862373 0.013461053 -2.375106573 -0.406884521 -0.008350310 0.913441479 102.569931030
0.907306492 -0.014758606 0.420210838 6.260269165 0.010036560 0.999859273 0.013446330 -2.385173321 -0.420350164 -0.007982470 0.907326818 103.052749634
0.900772154 -0.015542974 0.434013754 6.539024353 0.010517375 0.999846995 0.013978445 -2.403008461 -0.434164584 -0.008026708 0.900797725 103.495338440
0.894878685 -0.015998475 0.446022600 6.816490173 0.010619362 0.999837577 0.014557192 -2.421391487 -0.446183085 -0.008290445 0.894903302 103.970825195
0.889366508 -0.016525449 0.456896245 7.090488434 0.011181138 0.999833822 0.014398399 -2.416783333 -0.457058251 -0.007696832 0.889403462 104.468528748
0.882345676 -0.016725942 0.470304370 7.369647980 0.011400928 0.999834716 0.014168732 -2.422889709 -0.470463514 -0.007139816 0.882390499 104.933746338
0.875303149 -0.016970791 0.483276695 7.656974792 0.011325219 0.999829292 0.014598045 -2.427408695 -0.483441859 -0.007304501 0.875345945 105.418464661
0.869241238 -0.017018886 0.494095236 7.937286377 0.011169933 0.999828219 0.014787834 -2.434634686 -0.494262010 -0.007335184 0.869282007 105.864135742
