1.000000000 0.000000000 0.000000000 0.000000000 0.000000000 1.000000000 0.000000000 0.000000000 0.000000000 0.000000000 1.000000000 0.000000000
1.000000000 0.000006750 -0.000023706 0.000516162 -0.000006749 1.000000000 0.000050597 -0.000696796 0.000023706 -0.000050597 1.000000000 -0.001491252
1.000000000 -0.000035599 -0.000013736 0.000775235 0.000035599 1.000000000 -0.000007072 0.000073426 0.000013736 0.000007071 1.000000000 -0.002416415
1.000000000 -0.000120152 -0.000092536 0.001650437 0.000120153 1.000000000 0.000016918 -0.001148929 0.000092534 -0.000016929 1.000000000 -0.003977052
1.000000000 -0.000163651 -0.000108266 0.000092014 0.000163652 1.000000000 0.000006328 0.000639730 0.000108265 -0.000006345 1.000000000 -0.002398038
1.000000000 -0.000076155 0.000006358 0.000563294 0.000076155 1.000000000 0.000009055 -0.000073310 -0.000006359 -0.000009055 1.000000000 -0.000940164
1.000000000 -0.000154018 0.000017371 -0.000345617 0.000154017 1.000000000 0.000049586 -0.000194449 -0.000017378 -0.000049583 1.000000000 -0.002810373
1.000000000 -0.000059079 -0.000072446 0.000882161 0.000059081 1.000000000 0.000024004 -0.000143258 0.000072444 -0.000024008 1.000000000 -0.003276516
1.000000000 -0.000057127 -0.000004121 0.000071717 0.000057127 1.000000000 0.000002044 0.000450315 0.000004121 -0.000002044 1.000000000 -0.000218372
1.000000000 0.000012861 -0.000026880 -0.000445356 -0.000012862 1.000000000 -0.000022817 0.001892948 0.000026880 0.000022818 1.000000000 0.000502462
1.000000000 -0.000127378 -0.000110780 0.001238006 0.000127382 1.000000000 0.000034341 -0.000100249 0.000110776 -0.000034355 1.000000000 -0.000594144
1.000000000 -0.000140503 -0.000078843 0.001288754 0.000140500 1.000000000 -0.000037944 0.000725842 0.000078848 0.000037933 1.000000000 0.000337676
1.000000000 -0.000162076 -0.000038172 -0.000519266 0.000162076 1.000000000 -0.000010865 0.001467796 0.000038174 0.000010859 1.000000000 0.000974725
1.000000000 -0.000119040 -0.000010005 -0.000104941 0.000119040 1.000000000 0.000005948 0.000707029 0.000010005 -0.000005949 1.000000000 -0.003238952
1.000000000 -0.000056297 -0.000051636 0.001829662 0.000056299 1.000000000 0.000052902 -0.000269274 0.000051633 -0.000052905 1.000000000 -0.002350131
1.000000000 -0.000062558 -0.000035154 0.001746810 0.000062562 1.000000000 0.000109349 -0.000921997 0.000035147 -0.000109351 1.000000000 -0.006471501
1.000000000 -0.000106224 -0.000052089 0.001578406 0.000106225 1.000000000 0.000023605 0.000745102 0.000052086 -0.000023610 1.000000000 -0.001644828
1.000000000 -0.000005415 -0.000060726 0.001358428 0.000005420 1.000000000 0.000069374 -0.000093877 0.000060725 -0.000069375 1.000000000 -0.002263783
1.000000000 -0.000122457 -0.000082772 0.001519883 0.000122458 1.000000000 0.000012102 -0.000387484 0.000082770 -0.000012112 1.000000000 -0.001968933
1.000000000 -0.000187486 -0.000090640 0.001368918 0.000187485 1.000000000 -0.000005145 0.001019738 0.000090641 0.000005128 1.000000000 0.000638095
1.000000000 -0.000177050 -0.000040011 -0.000134888 0.000177052 1.000000000 0.000037574 0.000017386 0.000040004 -0.000037581 1.000000000 -0.004692578
1.000000000 -0.000086684 -0.000064106 0.003471110 0.000086686 1.000000000 0.000029170 0.000465674 0.000064104 -0.000029175 1.000000000 -0.000918901
1.000000000 -0.000129675 -0.000093731 0.002014867 0.000129681 1.000000000 0.000066201 -0.000131512 0.000093722 -0.000066213 1.000000000 -0.001630271
1.000000000 -0.000159173 -0.000110414 0.001403107 0.000159177 1.000000000 0.000036780 0.000272557 0.000110408 -0.000036798 1.000000000 -0.002582702
1.000000000 -0.000145334 -0.000129231 0.003071824 0.000145340 1.000000000 0.000043567 0.000262121 0.000129225 -0.000043586 1.000000000 -0.001178795
1.000000000 -0.000224522 -0.000088607 0.001908241 0.000224524 1.000000000 0.000019532 0.001309704 0.000088603 -0.000019552 1.000000000 -0.000379018
0.999999940 -0.000245585 -0.000171276 0.001941887 0.000245603 0.999999940 0.000102450 0.000190973 0.000171251 -0.000102492 1.000000000 -0.004577647
0.999999940 -0.000304658 -0.000068663 0.000599205 0.000304662 0.999999940 0.000050993 0.000067042 0.000068647 -0.000051014 1.000000000 -0.003499299
1.000000000 -0.000117211 -0.000094972 0.002414336 0.000117218 1.000000000 0.000070970 -0.000393574 0.000094964 -0.000070981 1.000000000 -0.002949069
1.000000000 -0.000160119 -0.000108739 0.002754224 0.000160129 1.000000000 0.000092283 -0.000639604 0.000108724 -0.000092300 1.000000000 -0.005436541
0.999999940 -0.000247677 -0.000149190 0.001771774 0.000247688 0.999999940 0.000071464 0.000100882 0.000149172 -0.000071501 1.000000000 -0.001756866
0.999999940 -0.000288935 -0.000135578 0.001746807 0.000288947 0.999999940 0.000092607 -0.000318834 0.000135552 -0.000092647 1.000000000 -0.002474194
0.999999940 -0.000259926 -0.000097565 0.001731804 0.000259931 0.999999940 0.000053515 0.000417064 0.000097551 -0.000053541 1.000000000 -0.001636252
0.999999940 -0.000258335 -0.000127410 0.001598964 0.000258340 0.999999940 0.000044221 0.000416994 0.000127398 -0.000044254 1.000000000 -0.000942765
0.999999940 -0.000285618 -0.000109561 0.001224945 0.000285631 0.999999940 0.000120485 -0.000531897 0.000109527 -0.000120517 1.000000000 -0.006436454
0.999999940 -0.000224099 -0.000120045 0.002580557 0.000224097 1.000000000 -0.000012263 0.000910082 0.000120047 0.000012236 1.000000000 -0.000949055
1.000000000 -0.000163347 -0.000098898 0.002815266 0.000163359 1.000000000 0.000123153 0.000246594 0.000098877 -0.000123169 1.000000000 -0.006409168
0.999999940 -0.000319048 -0.000152116 0.001887346 0.000319059 0.999999940 0.000075839 0.000057415 0.000152092 -0.000075888 1.000000000 -0.003587139
0.999999940 -0.000227490 -0.000130191 0.001935219 0.000227504 0.999999940 0.000104263 -0.000559957 0.000130167 -0.000104292 1.000000000 -0.002828159
0.999999940 -0.000324764 -0.000176334 0.003045212 0.000324770 0.999999940 0.000035243 -0.000786559 0.000176322 -0.000035300 1.000000000 -0.000463691
0.999999940 -0.000316595 -0.000130088 0.001956231 0.000316524 0.999999821 -0.000544761 -0.000864220 0.000130261 0.000544720 0.999999821 0.046764087
1.000000000 -0.000048865 -0.000160013 0.002377635 0.000048679 0.999999344 -0.001160156 -0.003157051 0.000160069 0.001160148 0.999999285 0.138852462
1.000000000 -0.000173159 -0.000112386 0.005692492 0.000172996 0.999998927 -0.001449057 -0.006868167 0.000112637 0.001449037 0.999998927 0.253335059
1.000000000 -0.000182019 -0.000050975 0.005827194 0.000181943 0.999998868 -0.001492485 -0.010934770 0.000051247 0.001492475 0.999998868 0.389252841
1.000000000 -0.000022705 -0.000088589 0.009391235 0.000022596 0.999999225 -0.001224300 -0.015720349 0.000088617 0.001224298 0.999999225 0.521604717
1.000000000 -0.000215827 -0.000025240 0.012561989 0.000215800 0.999999404 -0.001079506 -0.022736887 0.000025473 0.001079501 0.999999404 0.682122350
1.000000000 -0.000213611 -0.000057369 0.016619304 0.000213557 0.999999523 -0.000943118 -0.025645772 0.000057570 0.000943105 0.999999583 0.844427764
0.999999940 0.000344566 0.000197087 0.016175250 -0.000344403 0.999999583 -0.000830524 -0.025587484 -0.000197373 0.000830456 0.999999642 1.020389915
1.000000000 -0.000061991 -0.000200942 0.034507174 0.000061929 0.999999940 -0.000311099 -0.042164624 0.000200961 0.000311087 0.999999940 1.207910299
1.000000000 -0.000106420 -0.000243938 0.039290432 0.000106417 1.000000000 -0.000010977 -0.049474057 0.000243939 0.000010951 1.000000000 1.388409495
0.999999881 0.000274459 0.000385147 0.026265878 -0.000274344 0.999999940 -0.000299572 -0.044514164 -0.000385230 0.000299466 0.999999881 1.588338256
0.999999881 -0.000046081 0.000473489 0.029721411 0.000046194 1.000000000 -0.000239563 -0.050671745 -0.000473478 0.000239585 0.999999881 1.779568672
1.000000000 -0.000032450 0.000268733 0.039787631 0.000032426 1.000000000 0.000087627 -0.057369120 -0.000268736 -0.000087618 1.000000000 1.979805112
0.999999881 0.000006253 0.000532574 0.039395295 -0.000006245 1.000000119 -0.000016279 -0.063703522 -0.000532574 0.000016276 0.999999881 2.188046455
0.999999940 0.000085709 0.000302399 0.044872276 -0.000085893 0.999999762 0.000608809 -0.085390620 -0.000302347 -0.000608835 0.999999762 2.396847725
0.999999940 -0.000074822 0.000244984 0.048755296 0.000074693 0.999999881 0.000523754 -0.087872997 -0.000245023 -0.000523736 0.999999821 2.624618292
0.999999762 0.000326196 0.000619540 0.051081445 -0.000326459 0.999999940 0.000425608 -0.098200195 -0.000619401 -0.000425811 0.999999762 2.853741646
0.999999583 0.000598432 0.000685540 0.052956369 -0.000598907 0.999999642 0.000694011 -0.100353688 -0.000685125 -0.000694421 0.999999523 3.090742111
0.999999881 0.000090301 0.000502949 0.058834583 -0.000090700 0.999999702 0.000793470 -0.111091390 -0.000502877 -0.000793516 0.999999583 3.317606449
0.999999821 0.000019935 0.000616767 0.066748284 -0.000020491 0.999999642 0.000901304 -0.120944254 -0.000616749 -0.000901317 0.999999464 3.554178715
0.999999762 -0.000068370 0.000624129 0.073385052 0.000067641 0.999999285 0.001168239 -0.126980186 -0.000624208 -0.001168196 0.999999166 3.806223869
0.999999821 0.000167008 0.000576309 0.073084936 -0.000167523 0.999999583 0.000893230 -0.137126818 -0.000576160 -0.000893326 0.999999464 4.082260609
0.999999642 0.000553233 0.000700294 0.077576093 -0.000554009 0.999999225 0.001109304 -0.142687604 -0.000699680 -0.001109691 0.999999225 4.340498447
0.999999583 0.000423084 0.000845244 0.082849815 -0.000424563 0.999998391 0.001750355 -0.160473183 -0.000844502 -0.001750713 0.999998093 4.579305649
0.999999404 0.000575422 0.000985825 0.088493325 -0.000577324 0.999997973 0.001931015 -0.170268789 -0.000984712 -0.001931583 0.999997675 4.838602543
0.999999762 -0.000181289 0.000599246 0.093538195 0.000180235 0.999998450 0.001758184 -0.169910207 -0.000599564 -0.001758076 0.999998271 5.092250824
0.999999821 -0.000526314 0.000410687 0.102713838 0.000525564 0.999998271 0.001823146 -0.176495850 -0.000411646 -0.001822930 0.999998271 5.353640556
0.999999821 -0.000274516 0.000508699 0.110028490 0.000273576 0.999998271 0.001847086 -0.187409610 -0.000509205 -0.001846946 0.999998152 5.632140636
0.999999821 -0.000197176 0.000601650 0.112868026 0.000196047 0.999998212 0.001877002 -0.193148941 -0.000602019 -0.001876884 0.999998033 5.890332222
0.999999583 0.000244955 0.000902063 0.113731466 -0.000247003 0.999997377 0.002270492 -0.222621277 -0.000901505 -0.002270714 0.999997020 6.143903255
0.999999583 0.000261223 0.000874354 0.122198008 -0.000263204 0.999997377 0.002267251 -0.233344615 -0.000873759 -0.002267481 0.999997079 6.422121048
0.999999046 0.000775015 0.001142256 0.123718157 -0.000777494 0.999997318 0.002171305 -0.239682674 -0.001140570 -0.002172190 0.999997020 6.712189198
0.999999106 0.000453663 0.001250197 0.126806989 -0.000456645 0.999996960 0.002386060 -0.248663425 -0.001249111 -0.002386629 0.999996364 7.009374142
0.999998987 0.000598495 0.001244707 0.131476596 -0.000601353 0.999997139 0.002297693 -0.252986014 -0.001243329 -0.002298439 0.999996603 7.309992313
0.999998689 0.000814854 0.001366416 0.139136091 -0.000818042 0.999996901 0.002334532 -0.265666723 -0.001364509 -0.002335646 0.999996364 7.630339146
0.999999464 0.000181196 0.001039446 0.145933256 -0.000183895 0.999996603 0.002597858 -0.279367805 -0.001038971 -0.002598048 0.999996066 7.922463894
0.999999344 0.000356554 0.001028106 0.152008146 -0.000359177 0.999996662 0.002552267 -0.286215901 -0.001027193 -0.002552634 0.999996185 8.235098839
0.999999821 -0.000043601 0.000623272 0.155959815 0.000042224 0.999997556 0.002208301 -0.294464618 -0.000623367 -0.002208274 0.999997318 8.571020126
0.999999523 0.000444018 0.000940690 0.154441312 -0.000446081 0.999997556 0.002194139 -0.300638795 -0.000939713 -0.002194557 0.999997139 8.910952568
0.999999464 0.000376680 0.000962456 0.168941259 -0.000379105 0.999996781 0.002520915 -0.314506143 -0.000961504 -0.002521279 0.999996305 9.230275154
0.999998987 0.000554255 0.001308007 0.173673585 -0.000557876 0.999996006 0.002769147 -0.331078112 -0.001306467 -0.002769874 0.999995291 9.566268921
0.999998868 0.000574761 0.001386516 0.186266214 -0.000578600 0.999996006 0.002770077 -0.337984771 -0.001384918 -0.002770876 0.999995172 9.913068771
0.999998748 0.000503965 0.001460720 0.191316053 -0.000508309 0.999995351 0.002975298 -0.350228518 -0.001459214 -0.002976037 0.999994457 10.271866798
0.999998927 0.000316101 0.001417419 0.199732423 -0.000320338 0.999995470 0.002990203 -0.359429389 -0.001416467 -0.002990654 0.999994516 10.605190277
0.999999166 0.000025866 0.001339869 0.206254452 -0.000029858 0.999995589 0.002979269 -0.368415028 -0.001339786 -0.002979306 0.999994636 10.971778870
0.999998927 0.000100123 0.001437564 0.214406192 -0.000104904 0.999994457 0.003325755 -0.382647276 -0.001437223 -0.003325903 0.999993443 11.339113235
0.999998689 0.000457913 0.001518001 0.220716596 -0.000463093 0.999993980 0.003413866 -0.389548540 -0.001516429 -0.003414565 0.999993026 11.717905998
0.999998987 -0.000108240 0.001427978 0.236599118 0.000103080 0.999993443 0.003613297 -0.407576293 -0.001428359 -0.003613146 0.999992490 12.104328156
0.999998033 0.000877949 0.001762101 0.239573374 -0.000884625 0.999992430 0.003791642 -0.421099663 -0.001758759 -0.003793193 0.999991238 12.469258308
0.999998629 0.000306028 0.001617548 0.251846462 -0.000312267 0.999992549 0.003858348 -0.431798190 -0.001616355 -0.003858848 0.999991179 12.860293388
0.999998391 0.000779961 0.001561993 0.259203970 -0.000786306 0.999991417 0.004065339 -0.445593685 -0.001558809 -0.004066560 0.999990523 13.258433342
0.999996662 0.001081663 0.002306958 0.264474630 -0.001091566 0.999990165 0.004295968 -0.455118209 -0.002302288 -0.004298471 0.999988079 13.671476364
0.999999046 -0.000044209 0.001374376 0.286124498 0.000038695 0.999991953 0.004011569 -0.493479013 -0.001374543 -0.004011513 0.999990940 14.065714836
0.999999046 -0.000100300 0.001364135 0.298539042 0.000094538 0.999991059 0.004223454 -0.507883847 -0.001364546 -0.004223321 0.999990106 14.490361214
0.999998510 -0.000163938 0.001701367 0.309114188 0.000156204 0.999989629 0.004545016 -0.525309145 -0.001702095 -0.004544743 0.999988258 14.913678169
0.999998093 -0.000449085 0.001887844 0.307655215 0.000440169 0.999988735 0.004720713 -0.542878032 -0.001889943 -0.004719872 0.999987066 15.304622650
0.999996960 -0.000105994 0.002454468 0.318039000 0.000094200 0.999988437 0.004804885 -0.553981304 -0.002454949 -0.004804639 0.999985397 15.746022224
0.999996841 -0.000190895 0.002489719 0.332407802 0.000178458 0.999987483 0.004994775 -0.568714917 -0.002490641 -0.004994315 0.999984443 16.176172256
0.999996245 -0.000618505 0.002672202 0.341797620 0.000604730 0.999986589 0.005152679 -0.582843304 -0.002675353 -0.005151043 0.999983132 16.616352081
0.999996483 -0.000231659 0.002640426 0.360110909 0.000217392 0.999985397 0.005402600 -0.593641520 -0.002641638 -0.005402006 0.999981940 17.074718475
0.999994695 -0.000317742 0.003246675 0.364358217 0.000300604 0.999986053 0.005277687 -0.604324639 -0.003248306 -0.005276683 0.999980807 17.540271759
0.999993443 -0.000479057 0.003569045 0.378232121 0.000459908 0.999985516 0.005364218 -0.616730154 -0.003571563 -0.005362542 0.999979258 18.003990173
0.999992073 -0.000175857 0.003986828 0.388785720 0.000155007 0.999986351 0.005229371 -0.625835776 -0.003987692 -0.005228713 0.999978364 18.481851578
0.999992728 -0.000302455 0.003790535 0.395479828 0.000282386 0.999985874 0.005294004 -0.644957781 -0.003792083 -0.005292895 0.999978781 18.938943863
0.999992788 -0.000239306 0.003775434 0.412239581 0.000218048 0.999984026 0.005630184 -0.661429226 -0.003776722 -0.005629321 0.999976993 19.409402847
0.999992549 0.000667171 0.003825158 0.419965804 -0.000687802 0.999985218 0.005394931 -0.662223995 -0.003821503 -0.005397521 0.999978125 19.881259918
0.999992728 -0.000880586 0.003687589 0.433431119 0.000858858 0.999982297 0.005889498 -0.691753089 -0.003692711 -0.005886287 0.999975860 20.363914490
0.999993324 -0.000939336 0.003520741 0.442860216 0.000918521 0.999982119 0.005909122 -0.706752658 -0.003526229 -0.005905848 0.999976337 20.851055145
0.999995232 -0.000858646 0.002951954 0.452249408 0.000840886 0.999981582 0.006012373 -0.713140428 -0.002957063 -0.006009862 0.999977529 21.364124298
0.999996305 -0.000781560 0.002567404 0.462759137 0.000766320 0.999982119 0.005931559 -0.726355493 -0.002571994 -0.005929571 0.999979079 21.861696243
0.999997258 -0.001613755 0.001713614 0.476692528 0.001602256 0.999976277 0.006690683 -0.758966804 -0.001724370 -0.006687918 0.999976158 22.343866348
0.999998033 -0.000968095 0.001697406 0.484024823 0.000957077 0.999978542 0.006479952 -0.766129851 -0.001703644 -0.006478316 0.999977589 22.863502502
0.999998212 -0.001766766 0.000637907 0.495588750 0.001762434 0.999975801 0.006729447 -0.783297181 -0.000649781 -0.006728310 0.999977171 23.356451035
0.999996901 -0.002466806 0.000224335 0.503764033 0.002465314 0.999976456 0.006426741 -0.791493177 -0.000240183 -0.006426170 0.999979258 23.864717484
0.999998927 -0.001478539 -0.000054725 0.509919763 0.001478874 0.999976218 0.006724123 -0.805505037 0.000044782 -0.006724196 0.999977350 24.398696899
0.999998629 -0.001409751 -0.000939337 0.523269057 0.001416264 0.999974728 0.006969901 -0.816029072 0.000929487 -0.006971221 0.999975264 24.927925110
0.999997914 -0.001272291 -0.001596244 0.528125107 0.001283687 0.999973536 0.007158636 -0.830939472 0.001587094 -0.007160671 0.999973059 25.426612854
0.999997020 -0.001491024 -0.001934837 0.537401557 0.001505031 0.999972522 0.007258222 -0.844827175 0.001923962 -0.007261113 0.999971807 25.983238220
0.999994218 -0.002338820 -0.002470074 0.539854407 0.002357493 0.999968469 0.007583980 -0.854140699 0.002452259 -0.007589760 0.999968112 26.499835968
0.999990642 -0.002521985 -0.003499561 0.566863656 0.002549647 0.999965370 0.007922715 -0.874411464 0.003479459 -0.007931564 0.999962509 27.049446106
0.999993205 -0.001584078 -0.003323445 0.553566515 0.001609568 0.999969125 0.007681031 -0.886972368 0.003311175 -0.007686328 0.999964952 27.543663025
0.999993145 -0.001045994 -0.003550205 0.557759643 0.001072900 0.999970615 0.007585274 -0.893924475 0.003542167 -0.007589031 0.999964893 28.094425201
0.999990702 -0.001475505 -0.004050206 0.566559553 0.001506509 0.999969423 0.007662605 -0.910643339 0.004038778 -0.007668636 0.999962449 28.608921051
0.999991477 -0.001260720 -0.003918076 0.574085116 0.001291673 0.999967813 0.007907568 -0.926452875 0.003907982 -0.007912561 0.999961078 29.152856827
0.999987304 -0.001790979 -0.004713650 0.582733870 0.001830095 0.999963820 0.008307200 -0.945647240 0.004698601 -0.008315722 0.999954402 29.676935196
0.999988556 -0.000790972 -0.004706678 0.592033982 0.000827656 0.999969184 0.007797219 -0.948540568 0.004700367 -0.007801026 0.999958515 30.263568878
0.999984324 -0.002002617 -0.005228595 0.600330889 0.002045922 0.999963522 0.008290072 -0.970926166 0.005211802 -0.008300641 0.999951899 30.750144958
0.999981463 -0.001977118 -0.005754975 0.621013105 0.002021936 0.999967575 0.007792336 -0.984433770 0.005739382 -0.007803829 0.999953032 31.285507202
0.999976814 -0.002507255 -0.006329862 0.635543823 0.002558030 0.999964476 0.008026136 -1.003185749 0.006309515 -0.008042142 0.999947667 31.820211411
0.999979436 -0.002040571 -0.006077245 0.636255860 0.002091266 0.999962986 0.008347098 -1.016021967 0.006059987 -0.008359635 0.999946713 32.352066040
0.999975324 -0.002243631 -0.006664060 0.643295705 0.002302088 0.999958932 0.008777288 -1.032507777 0.006644092 -0.008792411 0.999939322 32.902118683
0.999972701 -0.002651255 -0.006895754 0.653506935 0.002712115 0.999957323 0.008831418 -1.047138333 0.006872044 -0.008849879 0.999937296 33.433563232
0.999975920 -0.002105203 -0.006612389 0.644964218 0.002162333 0.999960303 0.008644522 -1.050166368 0.006593928 -0.008658612 0.999940753 33.947467804
0.999975026 -0.002172607 -0.006732893 0.655707479 0.002230057 0.999961138 0.008536920 -1.062001824 0.006714084 -0.008551721 0.999940872 34.494491577
0.999974489 -0.001931960 -0.006886442 0.664537430 0.001993869 0.999957561 0.008994516 -1.082740068 0.006868774 -0.009008016 0.999935806 35.033542633
0.999973714 -0.002067934 -0.006950484 0.674681723 0.002129245 0.999958813 0.008825322 -1.088401675 0.006931947 -0.008839889 0.999936879 35.575229645
0.999976814 -0.001501542 -0.006645992 0.695818663 0.001559080 0.999961317 0.008660896 -1.105735779 0.006632730 -0.008671056 0.999940395 36.143009186
0.999968469 -0.002497716 -0.007541590 0.682538748 0.002566030 0.999955595 0.009062306 -1.128299356 0.007518620 -0.009081372 0.999930441 36.647224426
0.999966502 -0.002576122 -0.007772363 0.690793276 0.002644588 0.999957740 0.008811607 -1.139645100 0.007749334 -0.008831869 0.999930978 37.191860199
0.999964774 -0.002807147 -0.007915295 0.703536630 0.002877853 0.999955952 0.008935709 -1.146632791 0.007889863 -0.008958172 0.999928713 37.741588593
0.999964118 -0.002775629 -0.008008785 0.699678302 0.002848863 0.999954104 0.009147294 -1.160886288 0.007983027 -0.009169783 0.999926031 38.281574249
0.999964774 -0.002343865 -0.008061912 0.704308629 0.002419609 0.999952912 0.009398354 -1.187134981 0.008039505 -0.009417531 0.999923289 38.817455292
0.999961555 -0.002821802 -0.008304740 0.714442849 0.002898554 0.999953091 0.009244421 -1.198918581 0.008278266 -0.009268139 0.999922752 39.366165161
0.999962509 -0.002580445 -0.008268236 0.732506514 0.002661664 0.999948144 0.009826990 -1.222548246 0.008242450 -0.009848629 0.999917507 39.896743774
0.999958098 -0.003270593 -0.008552837 0.736795545 0.003356401 0.999943972 0.010037744 -1.236773849 0.008519529 -0.010066031 0.999913037 40.455661774
0.999966204 -0.002001435 -0.007972622 0.717707992 0.002078508 0.999951065 0.009670671 -1.236156702 0.007952878 -0.009686916 0.999921441 40.965164185
0.999958277 -0.002878811 -0.008670988 0.734834552 0.002968421 0.999942124 0.010339394 -1.267677188 0.008640720 -0.010364700 0.999908924 41.513813019
0.999952137 -0.003657131 -0.009075448 0.749963284 0.003752400 0.999937773 0.010502721 -1.279051065 0.009036474 -0.010536274 0.999903619 42.050144196
0.999951959 -0.003374994 -0.009202803 0.758499503 0.003471991 0.999938369 0.010544548 -1.289311409 0.009166648 -0.010575993 0.999902010 42.595817566
0.999951899 -0.003402257 -0.009198196 0.757216215 0.003496993 0.999940813 0.010302981 -1.297898769 0.009162599 -0.010334651 0.999904573 43.146251678
0.999954164 -0.003147118 -0.009043854 0.762455940 0.003238474 0.999943674 0.010104697 -1.306427002 0.009011543 -0.010133523 0.999907970 43.684062958
0.999952793 -0.003136275 -0.009197190 0.771109462 0.003229437 0.999943435 0.010132122 -1.318372369 0.009164893 -0.010161346 0.999906361 44.223804474
0.999955595 -0.002721428 -0.009022468 0.776728272 0.002812157 0.999945462 0.010058570 -1.330577850 0.008994602 -0.010083494 0.999908686 44.759963989
0.999947488 -0.003577733 -0.009607834 0.792244971 0.003676588 0.999940276 0.010291021 -1.343654633 0.009570443 -0.010325804 0.999900818 45.289543152
0.999952674 -0.003163334 -0.009201978 0.791589499 0.003260294 0.999939144 0.010540931 -1.361367583 0.009168074 -0.010570434 0.999902129 45.819400787
0.999949813 -0.003654658 -0.009334614 0.796274602 0.003753690 0.999936640 0.010613639 -1.367023587 0.009295233 -0.010648144 0.999900103 46.371067047
0.999954998 -0.002763770 -0.009081971 0.802018642 0.002863928 0.999935031 0.011033856 -1.383337975 0.009050886 -0.011059367 0.999897897 46.932861328
0.999950945 -0.003215577 -0.009367176 0.805496752 0.003317758 0.999935091 0.010913436 -1.395649791 0.009331477 -0.010943979 0.999896526 47.432205200
0.999952018 -0.003351510 -0.009211982 0.832532287 0.003454814 0.999931097 0.011221141 -1.400828242 0.009173741 -0.011252426 0.999894559 47.979572296
0.999949813 -0.003518294 -0.009383145 0.814066589 0.003622859 0.999931216 0.011150303 -1.420036674 0.009343270 -0.011183738 0.999893785 48.518939972
0.999951899 -0.003463106 -0.009168823 0.820437551 0.003565480 0.999931216 0.011172734 -1.433513284 0.009129500 -0.011204888 0.999895513 49.057174683
0.999951363 -0.003488395 -0.009217680 0.823049068 0.003595046 0.999926448 0.011579195 -1.446740389 0.009176607 -0.011611770 0.999890447 49.591907501
0.999947309 -0.003763654 -0.009563341 0.823800683 0.003873379 0.999926507 0.011480953 -1.458185911 0.009519429 -0.011517390 0.999888361 50.102077484
0.999954224 -0.003366898 -0.008951775 0.833584368 0.003472591 0.999924064 0.011817723 -1.463843465 0.008911305 -0.011848269 0.999890029 50.681293488
0.999950171 -0.003457552 -0.009355373 0.823639393 0.003567355 0.999924660 0.011745824 -1.478729367 0.009314057 -0.011778614 0.999887168 51.170249939
0.999952555 -0.003127961 -0.009227773 0.827836573 0.003235345 0.999926925 0.011645193 -1.489805937 0.009190671 -0.011674496 0.999889612 51.707160950
0.999952912 -0.003044406 -0.009216491 0.834952235 0.003152250 0.999926567 0.011709409 -1.496032000 0.009180167 -0.011737913 0.999888897 52.245014191
0.999953806 -0.002884367 -0.009172685 0.839578152 0.002991868 0.999926686 0.011727572 -1.507793188 0.009138186 -0.011754474 0.999889076 52.801322937
0.999952316 -0.003284504 -0.009199173 0.842559099 0.003393300 0.999924123 0.011836209 -1.519421935 0.009159599 -0.011866857 0.999887645 53.321498871
0.999951422 -0.003015714 -0.009386593 0.856566727 0.003128982 0.999922156 0.012075820 -1.530117393 0.009349447 -0.012104603 0.999882996 53.901428223
0.999954283 -0.002954623 -0.009088295 0.849658489 0.003062840 0.999924242 0.011916520 -1.535825968 0.009052395 -0.011943811 0.999887705 54.384307861
0.999954164 -0.002805870 -0.009157786 0.856083393 0.002912065 0.999928474 0.011603516 -1.541147947 0.009124574 -0.011629651 0.999890745 54.930889130
0.999953687 -0.003244724 -0.009061569 0.860046566 0.003352693 0.999923289 0.011925288 -1.550980091 0.009022178 -0.011955116 0.999887824 55.444694519
0.999953985 -0.003075227 -0.009084960 0.874197125 0.003181813 0.999926031 0.011741024 -1.557110667 0.009048184 -0.011769390 0.999889851 56.027198792
0.999953866 -0.003271807 -0.009030811 0.879553676 0.003378925 0.999923885 0.011871822 -1.568567395 0.008991281 -0.011901788 0.999888718 56.525798798
0.999960005 -0.002811504 -0.008488494 0.882031262 0.002913644 0.999923170 0.012044440 -1.587754965 0.008453980 -0.012068690 0.999891400 57.079452515
0.999952137 -0.003544269 -0.009117085 0.878336489 0.003653609 0.999921262 0.012004286 -1.593224287 0.009073822 -0.012037022 0.999886394 57.617591858
0.999957681 -0.002802497 -0.008757603 0.888547421 0.002906286 0.999925435 0.011861132 -1.574891567 0.008723710 -0.011886082 0.999891281 58.276069641
0.999951839 -0.003558335 -0.009141996 0.895783961 0.003668291 0.999920905 0.012039108 -1.613322854 0.009098431 -0.012072065 0.999885738 58.678569794
0.999952435 -0.003572412 -0.009068448 0.903155267 0.003680181 0.999922454 0.011895178 -1.620752335 0.009025251 -0.011927987 0.999888122 59.223232269
0.999949396 -0.003854912 -0.009287700 0.910050273 0.003968199 0.999917567 0.012210209 -1.626859546 0.009239863 -0.012246448 0.999882340 59.749401093
0.999950171 -0.004007128 -0.009144979 0.917406797 0.004116414 0.999919891 0.011962932 -1.641002655 0.009096310 -0.011999980 0.999886632 60.317279816
0.999953091 -0.003458635 -0.009043920 0.939755261 0.003568173 0.999920070 0.012123775 -1.652734995 0.009001266 -0.012155477 0.999885619 60.815883636
0.999947071 -0.003672492 -0.009606689 0.949145138 0.003786501 0.999922216 0.011876523 -1.661992431 0.009562327 -0.011912270 0.999883354 61.368255615
0.999942482 -0.004218889 -0.009855467 0.958777189 0.004335786 0.999920130 0.011870109 -1.678238392 0.009804600 -0.011912159 0.999880970 61.884193420
0.999940693 -0.004291011 -0.010013812 0.954394937 0.004414840 0.999913633 0.012376720 -1.682658553 0.009959839 -0.012420194 0.999873281 62.425575256
0.999941409 -0.003978675 -0.010064710 0.962129235 0.004102366 0.999915957 0.012298886 -1.713651657 0.010014930 -0.012339454 0.999873757 63.095947266
0.999945819 -0.003469705 -0.009813026 0.956705809 0.003593989 0.999913156 0.012676039 -1.726426959 0.009768192 -0.012710620 0.999871492 63.584011078
0.999942064 -0.004010559 -0.010000979 1.000075340 0.004140368 0.999906957 0.012992811 -1.751648307 0.009947941 -0.013033464 0.999865592 63.981655121
0.999927163 -0.005089945 -0.010947209 1.012822628 0.005217290 0.999918640 0.011635760 -1.649694920 0.010887095 -0.011692027 0.999872386 64.810310364
0.999943376 -0.004819431 -0.009484513 1.009642124 0.004949891 0.999892771 0.013779903 -1.775658131 0.009417084 -0.013826070 0.999860048 65.077331543
0.999949515 -0.004381996 -0.009042559 1.020771146 0.004505517 0.999896169 0.013685140 -1.789064646 0.008981654 -0.013725190 0.999865472 65.597152710
0.999950171 -0.003413251 -0.009380441 1.008891106 0.003538893 0.999903798 0.013410236 -1.807083249 0.009333767 -0.013442766 0.999866068 66.108856201
0.999947190 -0.003584004 -0.009633598 1.029350996 0.003706502 0.999912083 0.012728036 -1.739579678 0.009587133 -0.012763070 0.999872565 66.807113647
0.999949753 -0.003221498 -0.009493501 1.053233862 0.003352627 0.999898732 0.013829097 -1.856563330 0.009447989 -0.013860231 0.999859333 67.110450745
0.999947548 -0.003716818 -0.009538544 1.037938356 0.003848532 0.999897003 0.013827627 -1.849674344 0.009486165 -0.013863612 0.999858856 67.732543945
0.999949396 -0.003811751 -0.009313791 1.038889050 0.003947932 0.999884963 0.014647214 -1.862971544 0.009256887 -0.014683243 0.999849319 68.313476562
0.999948144 -0.003443765 -0.009586378 1.048585176 0.003577339 0.999896228 0.013951610 -1.863388777 0.009537338 -0.013985181 0.999856710 68.881935120
0.999951005 -0.003232696 -0.009353698 1.062396288 0.003366960 0.999890983 0.014374120 -1.878509521 0.009306211 -0.014404912 0.999852896 69.216545105
0.999949932 -0.003356138 -0.009429744 1.028540611 0.003474481 0.999915063 0.012561778 -1.792403817 0.009386783 -0.012593911 0.999876618 70.075958252
0.999944687 -0.004091580 -0.009681337 1.081759095 0.004231092 0.999886870 0.014434008 -1.896918058 0.009621182 -0.014474174 0.999848902 70.308837891
0.999945283 -0.004042002 -0.009649620 1.082385302 0.004177313 0.999892592 0.014043627 -1.906585693 0.009591820 -0.014083168 0.999854803 70.840423584
0.999938011 -0.004406884 -0.010221567 1.099513292 0.004550291 0.999890983 0.014049196 -1.891285777 0.010158540 -0.014094837 0.999849081 71.453140259
0.999948621 -0.003570915 -0.009486835 1.086665392 0.003697959 0.999903202 0.013407907 -1.918665886 0.009438041 -0.013442302 0.999865055 71.959091187
0.999943316 -0.004446801 -0.009669006 1.093581557 0.004584872 0.999887168 0.014304847 -1.936074734 0.009604303 -0.014348367 0.999850929 72.423301697
0.999943674 -0.004084580 -0.009793522 1.111784220 0.004218553 0.999897242 0.013698366 -1.934696913 0.009736563 -0.013738908 0.999858141 73.012611389
0.999939978 -0.004747919 -0.009876844 1.103268504 0.004887726 0.999887466 0.014179361 -1.957676649 0.009808413 -0.014226787 0.999850631 73.505630493
0.999938905 -0.004745668 -0.009986764 1.108207941 0.004884631 0.999890924 0.013936631 -1.968044758 0.009919537 -0.013984563 0.999853015 74.057304382
0.999932587 -0.005457585 -0.010255321 1.120406151 0.005599785 0.999887884 0.013888887 -1.980110049 0.010178371 -0.013945377 0.999850929 74.564132690
0.999939322 -0.004842909 -0.009892913 1.128276348 0.004978396 0.999893486 0.013716967 -1.978710413 0.009825429 -0.013765387 0.999856949 75.169105530
0.999924839 -0.006021393 -0.010687995 1.141742468 0.006164297 0.999891400 0.013388379 -1.985904694 0.010606217 -0.013453256 0.999853253 75.686279297
0.999944508 -0.004404359 -0.009574930 1.136640906 0.004535143 0.999896169 0.013680489 -1.998932600 0.009513683 -0.013723154 0.999860525 76.244071960
0.999927402 -0.005552759 -0.010688975 1.164398909 0.005700463 0.999887943 0.013837824 -2.021575212 0.010610939 -0.013897754 0.999847114 76.885185242
0.999929667 -0.005701120 -0.010400903 1.168329954 0.005839184 0.999894559 0.013292449 -2.007719517 0.010324026 -0.013352250 0.999857485 77.369712830
0.999933779 -0.005435147 -0.010146352 1.160581470 0.005571752 0.999893546 0.013484112 -2.016816616 0.010071984 -0.013539753 0.999857545 77.956230164
0.999937356 -0.005144592 -0.009931791 1.163515925 0.005276558 0.999897540 0.013307033 -2.025482655 0.009862312 -0.013358607 0.999862134 78.518867493
0.999940753 -0.004843120 -0.009745599 1.165730715 0.004973415 0.999897897 0.013390059 -2.036013842 0.009679755 -0.013437736 0.999862850 79.069381714
0.999943912 -0.004812843 -0.009425595 1.171366930 0.004939990 0.999896467 0.013513029 -2.037844896 0.009359584 -0.013558834 0.999864280 79.634056091
0.999952376 -0.005238938 -0.008234682 1.176116943 0.005346324 0.999900222 0.013073158 -2.044039249 0.008165371 -0.013116561 0.999880612 80.185867310
0.999960721 -0.005354688 -0.007066234 1.189523220 0.005446369 0.999900401 0.013019553 -2.053098202 0.006995815 -0.013057526 0.999890268 80.733489990
0.999967277 -0.005725255 -0.005718342 1.198712587 0.005797922 0.999901593 0.012773063 -2.058441877 0.005644651 -0.012805801 0.999902070 81.278053284
0.999985516 -0.005034338 -0.001907242 1.209191561 0.005058748 0.999902487 0.013017200 -2.070504665 0.001841523 -0.013026659 0.999913454 81.831413269
0.999982893 -0.005581914 0.001750519 1.227306485 0.005558814 0.999900877 0.012934377 -2.078209400 -0.001822544 -0.012924425 0.999914825 82.365402222
0.999973178 -0.005351026 0.005005856 1.238072872 0.005286394 0.999903560 0.012836722 -2.082604408 -0.005074063 -0.012809915 0.999904990 82.927612305
0.999934137 -0.004556583 0.010524738 1.252563953 0.004420979 0.999907255 0.012871999 -2.089437008 -0.010582414 -0.012824621 0.999861717 83.490036011
0.999855816 -0.004668403 0.016327422 1.277532816 0.004455124 0.999904573 0.013074643 -2.097389936 -0.016386902 -0.013000017 0.999781191 84.040206909
0.999749780 -0.005099637 0.021776870 1.309325695 0.004817318 0.999903917 0.012996970 -2.110265493 -0.021841057 -0.012888813 0.999678314 84.588714600
0.999610901 -0.004910715 0.027458297 1.342328787 0.004556517 0.999905825 0.012947213 -2.114464760 -0.027519291 -0.012817061 0.999539077 85.143272400
0.999365270 -0.004851046 0.035292048 1.378450394 0.004394387 0.999905765 0.013005512 -2.119998932 -0.035351817 -0.012842171 0.999292374 85.707611084
0.999060571 -0.005732226 0.042955067 1.431101084 0.005183784 0.999903738 0.012868320 -2.130128384 -0.043024696 -0.012633559 0.998994112 86.247024536
0.998723507 -0.005721340 0.050185569 1.466656208 0.005055079 0.999897540 0.013392873 -2.137377262 -0.050257053 -0.013122084 0.998650134 86.800437927
0.998271108 -0.006447086 0.058422349 1.526306391 0.005690667 0.999898076 0.013104558 -2.140895844 -0.058500875 -0.012749438 0.998205960 87.349540710
0.997637272 -0.006410710 0.068401605 1.586725235 0.005519985 0.999897599 0.013203035 -2.152717590 -0.068479270 -0.012794265 0.997570455 87.900878906
0.997013569 -0.007017318 0.076906525 1.650613785 0.006030009 0.999896526 0.013062499 -2.159201145 -0.076990239 -0.012559742 0.996952713 88.452278137
0.996361852 -0.007339870 0.084908627 1.713778019 0.006272398 0.999897957 0.012831963 -2.163256168 -0.084994145 -0.012252697 0.996306121 89.009864807
0.995395243 -0.007193258 0.095586747 1.786874771 0.005989526 0.999899209 0.012874053 -2.167357922 -0.095669724 -0.012242250 0.995337784 89.554374695
0.994348049 -0.007327419 0.105916373 1.872885227 0.005982659 0.999897420 0.013008596 -2.179447651 -0.106000826 -0.012301411 0.994289875 90.107841492
0.993326962 -0.008132308 0.115045175 1.962319374 0.006682202 0.999893367 0.012984718 -2.190016985 -0.115138501 -0.012129316 0.993275404 90.660919189
0.991987884 -0.007982506 0.126080975 2.060437202 0.006328225 0.999888659 0.013515887 -2.203111172 -0.126174837 -0.012609726 0.991927981 91.197021484
0.990387201 -0.008555965 0.138057739 2.156231880 0.006773078 0.999887586 0.013378709 -2.206008434 -0.138156712 -0.012315026 0.990333796 91.744285583
0.988840044 -0.008822971 0.148719802 2.267322540 0.006893813 0.999885261 0.013482284 -2.213917255 -0.148821682 -0.012306574 0.988787472 92.311241150
0.987224936 -0.009685391 0.159038872 2.379746437 0.007662376 0.999881804 0.013328544 -2.217540264 -0.159149244 -0.011939655 0.987182319 92.860656738
0.985127926 -0.010257467 0.171515882 2.505350113 0.008123859 0.999880612 0.013137001 -2.224298954 -0.171630144 -0.011548256 0.985093713 93.391242981
0.982874930 -0.010159028 0.183993533 2.620380402 0.007826944 0.999879599 0.013396663 -2.232156992 -0.184107512 -0.011727137 0.982836127 93.925819397
0.980933487 -0.010717358 0.194047973 2.749763489 0.008218004 0.999872625 0.013680534 -2.238580942 -0.194169849 -0.011825007 0.980896652 94.471481323
0.978142440 -0.009927425 0.207698807 2.878927231 0.007259759 0.999881089 0.013602232 -2.246621609 -0.207809150 -0.011797076 0.978098273 95.001777649
0.975282431 -0.011116377 0.220682040 3.042047501 0.008294345 0.999871552 0.013710322 -2.245611191 -0.220806107 -0.011541022 0.975249410 95.576828003
0.972678185 -0.011582312 0.231868520 3.189296722 0.008656948 0.999869645 0.013630044 -2.253519535 -0.231996119 -0.011250373 0.972651660 96.114379883
0.969672203 -0.011752914 0.244126126 3.348022461 0.008687026 0.999869347 0.013631514 -2.258558512 -0.244254440 -0.011097370 0.969647586 96.659782410
0.966046572 -0.011689396 0.258103460 3.518169403 0.008340791 0.999866247 0.014065062 -2.267329693 -0.258233368 -0.011434718 0.966014922 97.203445435
0.962854385 -0.012039945 0.269752860 3.692987442 0.008662999 0.999868572 0.013705717 -2.271012068 -0.269882441 -0.010859740 0.962832034 97.734970093
0.959461987 -0.012568079 0.281557739 3.873607635 0.008939196 0.999859571 0.014169374 -2.279099941 -0.281696260 -0.011078077 0.959439695 98.266410828
0.955219507 -0.012531999 0.295632571 4.061918259 0.008602717 0.999856591 0.014588111 -2.287279129 -0.295773000 -0.011391603 0.955190480 98.798622131
0.950948417 -0.012845217 0.309082717 4.263254166 0.008755460 0.999854863 0.014615382 -2.294213533 -0.309225589 -0.011192311 0.950922847 99.320259094
0.947120130 -0.013733822 0.320584863 4.459064484 0.009457271 0.999844313 0.014893129 -2.299822092 -0.320739537 -0.011073723 0.947102666 99.837997437
0.942743897 -0.014255438 0.333212554 4.670700073 0.009857924 0.999840617 0.014884395 -2.306915522 -0.333371609 -0.010747391 0.942734241 100.355621338
0.937686145 -0.014429636 0.347183645 4.887063980 0.009775374 0.999837399 0.015153527 -2.311308861 -0.347345829 -0.010815402 0.937674701 100.875350952
0.933094680 -0.014950153 0.359319955 5.108882904 0.010208709 0.999833941 0.015089558 -2.316686153 -0.359485865 -0.010411795 0.933092415 101.386703491
0.928895772 -0.015368375 0.370022267 5.331581116 0.010453609 0.999828458 0.015284020 -2.322971821 -0.370193750 -0.010329191 0.928897083 101.900161743
0.923442721 -0.015470081 0.383423984 5.566976547 0.010431460 0.999829710 0.015217070 -2.322950363 -0.383594126 -0.010052422 0.923447013 102.407981873
0.917909086 -0.016294083 0.396456093 5.809581757 0.011126244 0.999820471 0.015331533 -2.324679613 -0.396634758 -0.009661887 0.917925656 102.905632019
0.913086653 -0.016829494 0.407418162 6.061386108 0.011714718 0.999818146 0.015045681 -2.330018997 -0.407597303 -0.008965220 0.913117766 103.397689819
0.906862080 -0.016870787 0.421089798 6.316879272 0.011395902 0.999814689 0.015514862 -2.339688778 -0.421273559 -0.009271142 0.906886280 103.885406494
0.900201738 -0.017365091 0.435126722 6.595649719 0.011917958 0.999812722 0.015244465 -2.332881212 -0.435310006 -0.008537271 0.900240064 104.391471863
0.894820869 -0.019014655 0.446020126 6.863430023 0.013263688 0.999783814 0.016012540 -2.358558655 -0.446228236 -0.008412484 0.894879699 104.838577271
0.888955712 -0.018983673 0.457599521 7.155567169 0.013418552 0.999791205 0.015409136 -2.339347363 -0.457796425 -0.007557717 0.889025033 105.370460510
0.881747723 -0.019476987 0.471319020 7.408706665 0.013793685 0.999784529 0.015510178 -2.352317333 -0.471519500 -0.007174837 0.881826460 105.804862976
0.874725401 -0.019663556 0.484219879 7.732486725 0.013804827 0.999782026 0.015661979 -2.347043037 -0.484422237 -0.007015361 0.874806166 106.337928772
