1.000000000 0.000000000 0.000000000 0.000000000 0.000000000 1.000000000 0.000000000 0.000000000 0.000000000 0.000000000 1.000000000 0.000000000
1.000000000 0.000059758 0.000039208 -0.000654476 -0.000059761 1.000000000 0.000069217 0.000011554 -0.000039204 -0.000069219 1.000000000 -0.000095963
1.000000000 -0.000034378 0.000083861 -0.001001748 0.000034379 1.000000000 -0.000013537 0.000288290 -0.000083861 0.000013540 1.000000000 -0.000152279
1.000000000 0.000065395 0.000050091 -0.000284104 -0.000065397 1.000000000 0.000031199 -0.000110162 -0.000050089 -0.000031202 1.000000000 0.000219823
1.000000000 0.000077488 0.000187814 -0.001583555 -0.000077499 1.000000000 0.000056767 -0.000582338 -0.000187810 -0.000056782 1.000000000 -0.000120745
1.000000000 -0.000135227 -0.000004300 0.000024249 0.000135227 1.000000000 -0.000027849 0.000289179 0.000004304 0.000027848 1.000000000 0.000008331
1.000000000 0.000063861 0.000155694 -0.001762721 -0.000063869 1.000000000 0.000052563 -0.000367029 -0.000155691 -0.000052573 1.000000000 -0.000039350
1.000000000 0.000036482 0.000087522 -0.001100981 -0.000036480 1.000000000 -0.000030205 -0.000179272 -0.000087523 0.000030202 1.000000000 -0.000737384
1.000000000 0.000067031 0.000154402 -0.001243479 -0.000067032 1.000000000 0.000007843 -0.000989580 -0.000154401 -0.000007853 1.000000000 -0.000798346
1.000000000 0.000097015 0.000138056 -0.001506075 -0.000097033 1.000000000 0.000126811 -0.001016049 -0.000138044 -0.000126824 1.000000000 0.000692615
1.000000000 0.000053921 0.000142981 -0.001308382 -0.000053930 1.000000000 0.000062798 -0.000250919 -0.000142978 -0.000062805 1.000000000 -0.000427755
1.000000000 0.000110294 0.000138703 -0.001418261 -0.000110304 1.000000000 0.000075964 -0.001190835 -0.000138695 -0.000075979 1.000000000 -0.000853810
1.000000000 0.000051985 0.000137750 -0.000914939 -0.000051991 1.000000000 0.000044197 -0.000163742 -0.000137748 -0.000044204 1.000000000 0.000080904
1.000000000 0.000154674 0.000112416 -0.001366306 -0.000154661 1.000000000 -0.000114752 0.000963739 -0.000112433 0.000114735 1.000000000 0.000161570
1.000000000 0.000103031 0.000096778 -0.001091685 -0.000103031 1.000000000 -0.000002536 0.000578315 -0.000096778 0.000002526 1.000000000 0.000160074
0.999999940 0.000259496 0.000197229 -0.001923100 -0.000259482 0.999999940 -0.000067543 0.001479793 -0.000197246 0.000067492 1.000000000 0.001379609
0.999999881 0.000381665 0.000204532 -0.002662321 -0.000381659 0.999999940 -0.000028306 0.000855433 -0.000204543 0.000028228 1.000000000 0.002022644
0.999999940 0.000229720 0.000249992 -0.002091189 -0.000229718 1.000000000 -0.000007607 0.001290468 -0.000249993 0.000007549 0.999999940 0.001697392
0.999999940 0.000171222 0.000257504 -0.002168725 -0.000171203 1.000000000 -0.000075815 0.000900998 -0.000257517 0.000075771 0.999999940 0.000882623
0.999999940 0.000252705 0.000242848 -0.002490912 -0.000252706 0.999999940 0.000005624 0.000299953 -0.000242847 -0.000005685 1.000000000 0.001486161
0.999999940 0.000360694 0.000208099 -0.002275098 -0.000360677 0.999999940 -0.000084578 0.001487312 -0.000208130 0.000084503 1.000000000 0.001288504
0.999999940 0.000277685 0.000196013 -0.002185632 -0.000277677 0.999999940 -0.000043355 0.000724667 -0.000196025 0.000043301 1.000000000 0.001833793
0.999999940 0.000180131 0.000193260 -0.002301266 -0.000180131 1.000000000 -0.000001632 0.000456709 -0.000193260 0.000001597 1.000000000 0.000745741
0.999999940 0.000381894 0.000176826 -0.002147795 -0.000381893 0.999999940 -0.000002415 0.001476728 -0.000176827 0.000002348 1.000000000 0.002370357
0.999999881 0.000352859 0.000246707 -0.002141817 -0.000352866 0.999999940 0.000029808 0.000914669 -0.000246697 -0.000029895 0.999999940 0.001971570
0.999999940 0.000310352 0.000282565 -0.002528677 -0.000310336 0.999999940 -0.000057899 0.002486627 -0.000282583 0.000057811 0.999999940 0.002689974
0.999999940 0.000359299 0.000219707 -0.002046539 -0.000359309 0.999999940 0.000045591 0.001314486 -0.000219690 -0.000045670 1.000000000 0.002359902
0.999999881 0.000416171 0.000157045 -0.002158219 -0.000416154 0.999999881 -0.000110713 0.002071673 -0.000157091 0.000110647 1.000000000 0.001103018
0.999999881 0.000417043 0.000149377 -0.001974271 -0.000417027 0.999999881 -0.000108974 0.002141791 -0.000149423 0.000108912 1.000000000 0.000471923
0.999999881 0.000408680 0.000270152 -0.002394483 -0.000408670 0.999999940 -0.000036196 0.000551179 -0.000270167 0.000036085 0.999999940 0.001016235
0.999999881 0.000379646 0.000314579 -0.002735252 -0.000379638 0.999999940 -0.000024986 0.001801625 -0.000314589 0.000024866 0.999999940 0.002309414
0.999999881 0.000384429 0.000212385 -0.001745363 -0.000384410 0.999999940 -0.000087452 0.002206213 -0.000212418 0.000087371 1.000000000 0.002668283
0.999999821 0.000479880 0.000272959 -0.002405053 -0.000479882 0.999999881 0.000005024 0.000260679 -0.000272956 -0.000005155 0.999999940 0.000273943
0.999999821 0.000520693 0.000336472 -0.003458984 -0.000520691 0.999999881 -0.000007196 0.000890744 -0.000336476 0.000007021 0.999999940 0.002624865
0.999999881 0.000439008 0.000230373 -0.001660637 -0.000438981 0.999999881 -0.000116232 0.001597053 -0.000230424 0.000116131 0.999999940 0.001853624
0.999999881 0.000388273 0.000257508 -0.003107631 -0.000388263 0.999999940 -0.000038194 0.001577752 -0.000257523 0.000038094 0.999999940 0.002018400
0.999999881 0.000457497 0.000205135 -0.002465001 -0.000457479 0.999999881 -0.000086843 0.002779141 -0.000205174 0.000086749 1.000000000 0.001970947
0.999999821 0.000528643 0.000326473 -0.003190758 -0.000528627 0.999999881 -0.000046337 0.002068773 -0.000326497 0.000046164 0.999999940 0.002478819
0.999999881 0.000447091 0.000216449 -0.001343581 -0.000447088 0.999999881 -0.000016382 0.001929651 -0.000216456 0.000016285 1.000000000 0.001065119
0.999999940 0.000337420 0.000234330 -0.001669113 -0.000337400 0.999999940 -0.000084225 0.000731052 -0.000234359 0.000084146 0.999999940 0.000547957
0.999999881 0.000435143 0.000270988 -0.001182241 -0.000435007 0.999999762 -0.000500306 -0.002736931 -0.000271205 0.000500188 0.999999821 0.049177285
0.999999881 0.000437255 0.000261326 0.000503442 -0.000436953 0.999999166 -0.001155688 -0.003976728 -0.000261831 0.001155574 0.999999225 0.138988480
0.999999821 0.000576786 0.000284127 0.000990299 -0.000576416 0.999998987 -0.001300555 -0.008683469 -0.000284877 0.001300391 0.999999046 0.252107173
0.999999464 0.000999391 0.000364121 0.002987906 -0.000998979 0.999998868 -0.001130851 -0.011883936 -0.000365251 0.001130487 0.999999225 0.385570854
0.999999642 0.000710116 0.000454130 0.003755906 -0.000709831 0.999999523 -0.000627047 -0.019955734 -0.000454575 0.000626724 0.999999702 0.528728008
0.999999881 0.000335694 0.000381769 0.007331576 -0.000335511 0.999999821 -0.000478907 -0.025012491 -0.000381930 0.000478779 0.999999762 0.680141151
0.999999881 0.000333236 0.000461688 0.012478572 -0.000333167 0.999999881 -0.000149279 -0.028132956 -0.000461737 0.000149125 0.999999881 0.844429731
0.999999583 0.000886431 0.000163003 0.012127975 -0.000886399 0.999999583 -0.000196924 -0.030250425 -0.000163178 0.000196780 0.999999940 1.018244386
0.999999821 0.000627795 -0.000091984 0.017605234 -0.000627821 0.999999821 -0.000284726 -0.034172144 0.000091805 0.000284784 0.999999881 1.193771482
0.999999285 0.000974889 0.000690977 0.015721872 -0.000975099 0.999999464 0.000303538 -0.043984450 -0.000690681 -0.000304211 0.999999702 1.379201412
0.999999046 0.001352799 0.000320421 0.019634536 -0.001352816 0.999999106 0.000051226 -0.045892440 -0.000320351 -0.000051659 0.999999940 1.571239591
0.999999583 0.000659724 0.000540318 0.023657091 -0.000659937 0.999999702 0.000395569 -0.053845942 -0.000540057 -0.000395926 0.999999762 1.770267963
0.999999404 0.000838633 0.000681125 0.024539145 -0.000839048 0.999999464 0.000610245 -0.064199485 -0.000680613 -0.000610816 0.999999583 1.969516158
0.999999762 0.000370616 0.000629618 0.031685576 -0.000371054 0.999999702 0.000695814 -0.071510814 -0.000629360 -0.000696047 0.999999583 2.177518606
0.999999821 0.000486632 0.000630789 0.034737594 -0.000486947 0.999999762 0.000498761 -0.071884461 -0.000630546 -0.000499068 0.999999642 2.398570776
0.999999523 0.000713289 0.000683642 0.038169965 -0.000713608 0.999999583 0.000467370 -0.079120964 -0.000683309 -0.000467858 0.999999702 2.616452932
0.999999285 0.000803666 0.000854785 0.046365336 -0.000804184 0.999999464 0.000605918 -0.086684264 -0.000854297 -0.000606605 0.999999464 2.850906134
0.999999106 0.000896855 0.000962536 0.050027356 -0.000897434 0.999999344 0.000600863 -0.090182506 -0.000961997 -0.000601726 0.999999404 3.089094639
0.999999523 0.000580807 0.000680046 0.057143979 -0.000581385 0.999999464 0.000848772 -0.099384822 -0.000679552 -0.000849167 0.999999344 3.330025911
0.999999464 0.000542429 0.000859796 0.059236743 -0.000543146 0.999999523 0.000834867 -0.107546821 -0.000859343 -0.000835334 0.999999285 3.575021267
0.999998808 0.001048070 0.001059386 0.062541276 -0.001049112 0.999998987 0.000983571 -0.113910638 -0.001058354 -0.000984681 0.999998927 3.834415913
0.999999166 0.000878209 0.000897573 0.072600983 -0.000879136 0.999999106 0.001032765 -0.121661246 -0.000896665 -0.001033553 0.999998987 4.092265129
0.999998927 0.001128810 0.000875981 0.080248259 -0.001129560 0.999998987 0.000856501 -0.125195011 -0.000875013 -0.000857489 0.999999166 4.349051952
0.999999344 0.000710725 0.000889619 0.082164109 -0.000711489 0.999999404 0.000859065 -0.130742922 -0.000889008 -0.000859697 0.999999225 4.613445282
0.999998748 0.000979592 0.001182053 0.086347304 -0.000980712 0.999999046 0.000947234 -0.140450910 -0.001181124 -0.000948392 0.999998808 4.861880779
0.999998271 0.001247981 0.001369703 0.090190299 -0.001249448 0.999998629 0.001070794 -0.147901088 -0.001368364 -0.001072504 0.999998450 5.120429516
0.999998689 0.000907140 0.001321085 0.095399693 -0.000908576 0.999998987 0.001087129 -0.155492961 -0.001320098 -0.001088328 0.999998450 5.382882118
0.999998569 0.001121462 0.001244210 0.100450814 -0.001122755 0.999998868 0.001038577 -0.161422610 -0.001243044 -0.001039973 0.999998629 5.645052910
0.999998569 0.000997280 0.001364542 0.101264857 -0.000998824 0.999998868 0.001131841 -0.170556441 -0.001363412 -0.001133202 0.999998391 5.917861938
0.999997556 0.001371711 0.001714136 0.105210930 -0.001373585 0.999998510 0.001092778 -0.180301443 -0.001712634 -0.001095130 0.999997914 6.197101116
0.999997795 0.001342110 0.001618738 0.118101999 -0.001343961 0.999998510 0.001142748 -0.180610463 -0.001617202 -0.001144921 0.999998033 6.494317055
0.999998391 0.001096008 0.001407032 0.118632600 -0.001098045 0.999998271 0.001447568 -0.195831388 -0.001405443 -0.001449111 0.999997973 6.776940346
0.999999166 0.000637598 0.001080004 0.131406307 -0.000639181 0.999998689 0.001465683 -0.205873817 -0.001079069 -0.001466372 0.999998331 7.070940971
0.999999702 0.000190469 0.000681327 0.139178231 -0.000191833 0.999997973 0.002002023 -0.219511807 -0.000680945 -0.002002153 0.999997735 7.367833614
0.999998987 0.000845867 0.001135183 0.141274035 -0.000847544 0.999998569 0.001477637 -0.230363488 -0.001133931 -0.001478598 0.999998212 7.667587280
0.999998808 0.001014070 0.001212231 0.149863511 -0.001015924 0.999998391 0.001529637 -0.235923469 -0.001210678 -0.001530866 0.999998033 7.992037773
0.999997139 0.001699694 0.001697936 0.148023933 -0.001702248 0.999997377 0.001503594 -0.246366739 -0.001695376 -0.001506480 0.999997437 8.297139168
0.999997675 0.001227984 0.001721486 0.156976655 -0.001230104 0.999998450 0.001230674 -0.251260787 -0.001719972 -0.001232789 0.999997735 8.629169464
0.999997497 0.001404574 0.001746694 0.164177537 -0.001406866 0.999998152 0.001311832 -0.258213729 -0.001744848 -0.001314286 0.999997556 8.969068527
0.999997735 0.001558676 0.001451516 0.166292787 -0.001560828 0.999997616 0.001482292 -0.274823159 -0.001449202 -0.001484554 0.999997854 9.298381805
0.999996066 0.002308436 0.001577753 0.171692148 -0.002311194 0.999995768 0.001748553 -0.288716972 -0.001573710 -0.001752193 0.999997258 9.639327049
0.999997556 0.001388900 0.001719933 0.180907488 -0.001391959 0.999997437 0.001778652 -0.297283977 -0.001717458 -0.001781042 0.999996960 9.984732628
0.999996662 0.001902618 0.001749043 0.186288312 -0.001905725 0.999996603 0.001776425 -0.308974057 -0.001745657 -0.001779752 0.999996901 10.337246895
0.999997199 0.001847467 0.001482909 0.195325956 -0.001849953 0.999996901 0.001676438 -0.318512797 -0.001479807 -0.001679177 0.999997497 10.698754311
0.999997139 0.001764989 0.001616407 0.205114231 -0.001767691 0.999996960 0.001671502 -0.322572678 -0.001613452 -0.001674354 0.999997318 11.042137146
0.999997795 0.001452204 0.001507403 0.217384309 -0.001454758 0.999997437 0.001694476 -0.332756668 -0.001504938 -0.001696665 0.999997437 11.417773247
0.999997020 0.001905760 0.001527790 0.219595969 -0.001908253 0.999996841 0.001632321 -0.339959651 -0.001524675 -0.001635232 0.999997437 11.785764694
0.999997139 0.001795684 0.001584732 0.226108924 -0.001798955 0.999996245 0.002064662 -0.355062127 -0.001581018 -0.002067507 0.999996603 12.170442581
0.999996364 0.002129010 0.001626213 0.233791590 -0.002132014 0.999996006 0.001848175 -0.365111440 -0.001622271 -0.001851635 0.999996901 12.562873840
0.999996722 0.001858491 0.001772123 0.242771342 -0.001862690 0.999995470 0.002370623 -0.378673822 -0.001767709 -0.002373916 0.999995589 12.961691856
0.999995768 0.002238119 0.001829857 0.250348121 -0.002241864 0.999995351 0.002047112 -0.388189465 -0.001825267 -0.002051206 0.999996245 13.358272552
0.999995351 0.002186343 0.002105315 0.257644266 -0.002191333 0.999994934 0.002371089 -0.401923180 -0.002100120 -0.002375691 0.999994993 13.759607315
0.999995828 0.002150820 0.001920854 0.273842573 -0.002155596 0.999994516 0.002488194 -0.412866265 -0.001915492 -0.002492324 0.999995053 14.162267685
0.999994874 0.002346439 0.002183069 0.280212343 -0.002351822 0.999994159 0.002466475 -0.426787019 -0.002177269 -0.002471597 0.999994576 14.575137138
0.999993861 0.002683888 0.002251901 0.289035022 -0.002689946 0.999992788 0.002691352 -0.438181102 -0.002244662 -0.002697393 0.999993861 15.001856804
0.999995470 0.002180960 0.002084680 0.311773896 -0.002186971 0.999993443 0.002885689 -0.462259203 -0.002078373 -0.002890235 0.999993682 15.406332970
0.999994338 0.002189474 0.002565017 0.318200320 -0.002197139 0.999993145 0.002989260 -0.473155916 -0.002558455 -0.002994878 0.999992251 15.849197388
0.999991834 0.002652784 0.003053968 0.332974702 -0.002660389 0.999993324 0.002488678 -0.478124231 -0.003047346 -0.002496782 0.999992251 16.285051346
0.999990940 0.002915537 0.003085621 0.338451773 -0.002922707 0.999993026 0.002321735 -0.490957707 -0.003078831 -0.002330732 0.999992490 16.725759506
0.999990106 0.002660732 0.003594225 0.358892858 -0.002670816 0.999992490 0.002803738 -0.505681515 -0.003586739 -0.002813308 0.999989629 17.193820953
0.999987304 0.003165057 0.003934130 0.367893517 -0.003177680 0.999989808 0.003206506 -0.520622313 -0.003923941 -0.003218967 0.999987185 17.653329849
0.999985218 0.003128812 0.004449759 0.374422163 -0.003143223 0.999989808 0.003235455 -0.536082327 -0.004439591 -0.003249394 0.999984801 18.108764648
0.999985039 0.003285641 0.004387078 0.384490192 -0.003298346 0.999990404 0.002891870 -0.538993716 -0.004377534 -0.002906297 0.999986172 18.571161270
0.999987185 0.002717766 0.004271958 0.395122945 -0.002729749 0.999992371 0.002801649 -0.556348383 -0.004264311 -0.002813275 0.999986947 19.059312820
0.999981582 0.003458601 0.005003270 0.399113894 -0.003471543 0.999990642 0.002580366 -0.566930056 -0.004994299 -0.002597688 0.999984145 19.536066055
0.999980330 0.003486466 0.005201102 0.404655516 -0.003508466 0.999984920 0.004226743 -0.593008280 -0.005186286 -0.004244908 0.999977529 20.014945984
0.999980748 0.003516965 0.005098556 0.418276846 -0.003535671 0.999987066 0.003664596 -0.603105724 -0.005085601 -0.003682552 0.999980330 20.490657806
0.999981940 0.003463676 0.004911626 0.430089235 -0.003478618 0.999989450 0.003037112 -0.610707164 -0.004901054 -0.003054143 0.999983311 21.003824234
0.999984503 0.003220421 0.004534938 0.435575873 -0.003238905 0.999986470 0.004074356 -0.628884852 -0.004521756 -0.004088981 0.999981403 21.506999969
0.999984682 0.003548780 0.004227422 0.446797937 -0.003564482 0.999986827 0.003712680 -0.639823020 -0.004214190 -0.003727692 0.999984145 22.020381927
0.999986649 0.003465226 0.003839487 0.460408926 -0.003479684 0.999986827 0.003765301 -0.656454206 -0.003826389 -0.003778610 0.999985516 22.512926102
0.999985754 0.003756971 0.003783761 0.466422617 -0.003769030 0.999987841 0.003185160 -0.664587140 -0.003771749 -0.003199376 0.999987781 23.040580750
0.999987483 0.003726793 0.003347035 0.477354348 -0.003739171 0.999986112 0.003699885 -0.684031963 -0.003333200 -0.003712354 0.999987543 23.555648804
0.999994278 0.002121630 0.002632652 0.488205492 -0.002131175 0.999991119 0.003628262 -0.702263474 -0.002624930 -0.003633852 0.999989986 24.080074310
0.999993622 0.003033333 0.001886477 0.507115960 -0.003040557 0.999988139 0.003838190 -0.713392556 -0.001874812 -0.003843902 0.999990880 24.624557495
0.999993920 0.003169433 0.001444991 0.514805019 -0.003175475 0.999986172 0.004197693 -0.732927561 -0.001431667 -0.004202256 0.999990165 25.171226501
0.999991596 0.004059176 0.000541197 0.530036569 -0.004061408 0.999982893 0.004190903 -0.745157361 -0.000524177 -0.004193066 0.999991059 25.716554642
0.999993324 0.003635432 0.000212684 0.539577007 -0.003636266 0.999985099 0.004061776 -0.759678781 -0.000197914 -0.004062522 0.999991715 26.265304565
0.999995232 0.003075038 0.000210312 0.546126902 -0.003075997 0.999984145 0.004718657 -0.770821691 -0.000195798 -0.004719281 0.999988854 26.827888489
0.999994695 0.003258548 -0.000480814 0.561095476 -0.003256295 0.999983966 0.004615684 -0.787312150 0.000495847 -0.004614093 0.999989212 27.387620926
0.999991715 0.004011502 -0.000680734 0.566475451 -0.004008534 0.999982655 0.004308554 -0.800041676 0.000698006 -0.004305789 0.999990523 27.935680389
0.999990284 0.004399390 -0.000244149 0.573495388 -0.004398076 0.999977052 0.005149868 -0.824812829 0.000266799 -0.005148744 0.999986708 28.488082886
0.999989569 0.004558080 -0.000264785 0.584361732 -0.004556592 0.999975324 0.005372887 -0.839160204 0.000289269 -0.005371625 0.999985516 29.046403885
0.999988914 0.004688899 -0.000202639 0.586111903 -0.004687800 0.999975979 0.005122322 -0.852102041 0.000226652 -0.005121316 0.999986827 29.586437225
0.999989450 0.004573402 -0.000394396 0.596447349 -0.004571350 0.999976754 0.005056240 -0.856887221 0.000417511 -0.005054384 0.999987125 30.145931244
0.999988079 0.004846033 -0.000585440 0.611743808 -0.004842973 0.999975085 0.005120022 -0.873553574 0.000610237 -0.005117126 0.999986649 30.690465927
0.999985397 0.005408672 -0.000369671 0.619769812 -0.005406699 0.999972165 0.005142945 -0.885492921 0.000397477 -0.005140871 0.999986708 31.254596710
0.999980867 0.006177483 -0.000328817 0.624445498 -0.006175730 0.999967992 0.005088271 -0.895026982 0.000360239 -0.005086143 0.999987006 31.810281754
0.999984622 0.005312481 -0.001599964 0.649467707 -0.005303897 0.999971688 0.005321485 -0.914854884 0.001628189 -0.005312918 0.999984562 32.349411011
0.999984026 0.005049587 -0.002538128 0.658909440 -0.005035618 0.999972224 0.005479838 -0.933594584 0.002565729 -0.005466969 0.999981821 32.890933990
0.999985754 0.005028500 -0.001770732 0.669466972 -0.005019208 0.999973774 0.005213320 -0.944621682 0.001796901 -0.005204358 0.999984860 33.454463959
0.999983609 0.005443922 -0.001781921 0.680254757 -0.005433664 0.999968946 0.005711446 -0.962558091 0.001812958 -0.005701670 0.999982119 34.000049591
0.999984324 0.005259085 -0.001916821 0.686809361 -0.005248252 0.999970496 0.005613101 -0.973066807 0.001946285 -0.005602953 0.999982417 34.542926788
0.999981642 0.005615998 -0.002293074 0.700934589 -0.005602896 0.999968231 0.005680261 -0.991991878 0.002324901 -0.005667308 0.999981284 35.071304321
0.999982715 0.005263674 -0.002624611 0.714747369 -0.005249411 0.999971628 0.005411513 -0.997269392 0.002653021 -0.005397642 0.999981940 35.626522064
0.999983013 0.005504190 -0.001886718 0.710145354 -0.005492898 0.999967277 0.005938168 -1.020682693 0.001919342 -0.005927704 0.999980569 36.191856384
0.999984562 0.005219956 -0.001877696 0.724686146 -0.005209417 0.999970853 0.005575199 -1.033194065 0.001906744 -0.005565330 0.999982655 36.746494293
0.999982357 0.005393702 -0.002501660 0.734386265 -0.005379411 0.999969363 0.005684603 -1.043867350 0.002532244 -0.005671045 0.999980688 37.300292969
0.999980986 0.005716302 -0.002282839 0.750237823 -0.005703219 0.999967515 0.005696462 -1.062936187 0.002315328 -0.005683335 0.999981165 37.836624146
0.999978721 0.005827725 -0.002939908 0.764764726 -0.005810765 0.999966621 0.005745040 -1.073783636 0.002973290 -0.005727834 0.999979198 38.386325836
0.999978483 0.006082203 -0.002445779 0.769148767 -0.006068312 0.999965608 0.005647538 -1.083219528 0.002480044 -0.005632574 0.999981046 38.934394836
0.999980569 0.005445355 -0.003009749 0.790421844 -0.005428019 0.999968827 0.005738288 -1.098820686 0.003040902 -0.005721841 0.999979019 39.492443085
0.999981403 0.005139630 -0.003276890 0.804092765 -0.005121116 0.999970973 0.005633237 -1.113380194 0.003305747 -0.005616351 0.999978781 40.045326233
0.999981642 0.004742276 -0.003794461 0.817852795 -0.004720395 0.999972284 0.005754819 -1.129167676 0.003821647 -0.005736800 0.999976277 40.589439392
0.999978244 0.005837454 -0.003056758 0.821263134 -0.005820850 0.999968410 0.005413165 -1.137950659 0.003088261 -0.005395255 0.999980688 41.148521423
0.999977648 0.005921643 -0.003087075 0.827805221 -0.005904148 0.999966681 0.005645611 -1.149891376 0.003120404 -0.005627260 0.999979258 41.690853119
0.999976695 0.006339994 -0.002535427 0.836157143 -0.006325943 0.999964774 0.005511948 -1.165944099 0.002570284 -0.005495780 0.999981582 42.236209869
0.999977052 0.006201681 -0.002751858 0.851525009 -0.006186377 0.999965489 0.005535717 -1.176403999 0.002786095 -0.005518565 0.999980927 42.789596558
0.999981880 0.004993623 -0.003381890 0.871180356 -0.004971096 0.999965549 0.006637116 -1.200823307 0.003414917 -0.006620184 0.999972284 43.323551178
0.999976993 0.006301989 -0.002514102 0.872351885 -0.006288179 0.999965310 0.005463508 -1.207442284 0.002548446 -0.005447573 0.999981940 43.898880005
0.999978185 0.006029703 -0.002689090 0.883626342 -0.006013595 0.999964178 0.005958581 -1.221644402 0.002724922 -0.005942280 0.999978662 44.440357208
0.999975920 0.006655554 -0.001953355 0.887362123 -0.006643224 0.999958336 0.006252341 -1.236577153 0.001994886 -0.006239213 0.999978483 44.980548859
0.999976575 0.006554761 -0.001977044 0.898252726 -0.006544140 0.999964297 0.005332649 -1.241129160 0.002011928 -0.005319586 0.999983847 45.532001495
0.999974608 0.006995876 -0.001338309 0.903656125 -0.006989405 0.999964058 0.004780017 -1.246437192 0.001371701 -0.004770542 0.999987721 46.085289001
0.999979138 0.006319153 -0.001329098 0.912754059 -0.006311763 0.999965012 0.005494488 -1.269384623 0.001363772 -0.005485984 0.999984026 46.623516083
0.999976039 0.006795064 -0.001335271 0.924774349 -0.006787390 0.999960840 0.005670044 -1.281113148 0.001373746 -0.005660845 0.999983013 47.178859711
0.999976993 0.006624583 -0.001404433 0.930735469 -0.006617128 0.999964356 0.005247145 -1.286532402 0.001439143 -0.005237731 0.999985158 47.732273102
0.999976218 0.006713365 -0.001522456 0.941840053 -0.006705850 0.999965608 0.004888027 -1.299379706 0.001555218 -0.004877700 0.999986827 48.275970459
0.999975502 0.006857237 -0.001399763 0.956027627 -0.006850240 0.999964297 0.004944931 -1.313511610 0.001433622 -0.004935222 0.999986768 48.819984436
0.999976456 0.006711422 -0.001366716 0.964624226 -0.006704627 0.999965370 0.004916904 -1.326660514 0.001399669 -0.004907624 0.999987006 49.372364044
0.999971926 0.007319495 -0.001569249 0.981224537 -0.007311539 0.999960661 0.005017575 -1.342984915 0.001605914 -0.005005961 0.999986231 49.909336090
0.999972343 0.007316011 -0.001282235 0.981879056 -0.007309909 0.999962151 0.004699624 -1.347298622 0.001316568 -0.004690121 0.999988139 50.450195312
0.999972045 0.007393740 -0.001046356 0.989184976 -0.007388287 0.999959588 0.005120628 -1.366781116 0.001084174 -0.005112754 0.999986291 50.976974487
0.999966741 0.008122193 -0.000712925 0.994426250 -0.008118894 0.999956846 0.004511466 -1.364362240 0.000749536 -0.004505527 0.999989569 51.517398834
0.999971390 0.007407899 -0.001540824 1.012338638 -0.007400167 0.999960303 0.004964425 -1.385689855 0.001577539 -0.004952880 0.999986470 52.054904938
0.999965668 0.008259838 -0.000654430 1.009326577 -0.008256860 0.999956131 0.004428865 -1.393712401 0.000690983 -0.004423309 0.999989986 52.555198669
0.999969602 0.007669034 -0.001349075 1.033687115 -0.007662857 0.999960423 0.004524968 -1.410017252 0.001383724 -0.004514493 0.999988854 53.129398346
0.999968112 0.007955018 -0.000660206 1.037067413 -0.007952342 0.999960661 0.003961421 -1.410688996 0.000691691 -0.003956045 0.999991894 53.675540924
0.999963403 0.008538224 -0.000399702 1.048887968 -0.008536542 0.999955416 0.004038900 -1.439296842 0.000434170 -0.004035341 0.999991775 54.183258057
0.999963820 0.008507452 0.000029493 1.058641076 -0.008507499 0.999955535 0.004067079 -1.447636604 0.000005110 -0.004067183 0.999991715 54.735225677
0.999963820 0.008497571 -0.000332813 1.069502473 -0.008496186 0.999956012 0.003955700 -1.458862185 0.000366411 -0.003952729 0.999992073 55.288364410
0.999961793 0.008722745 -0.000539152 1.079432607 -0.008720378 0.999952972 0.004241648 -1.473312378 0.000576126 -0.004236784 0.999990880 55.868011475
0.999962330 0.008636261 -0.000828071 1.091025710 -0.008632690 0.999953747 0.004223327 -1.485357761 0.000864506 -0.004216020 0.999990702 56.419479370
0.999956667 0.009304480 -0.000199152 1.101457596 -0.009303682 0.999949813 0.003694076 -1.496606350 0.000233513 -0.003692063 0.999993145 56.961559296
0.999956369 0.009335295 -0.000366180 1.115169168 -0.009333888 0.999949694 0.003676337 -1.509266853 0.000400481 -0.003672758 0.999993145 57.505550385
0.999958158 0.009123131 -0.000624001 1.132850170 -0.009120708 0.999951243 0.003779433 -1.525296330 0.000658451 -0.003773584 0.999992609 58.036975861
0.999956906 0.009271167 -0.000304812 1.143380880 -0.009270106 0.999951482 0.003311685 -1.530557632 0.000335501 -0.003308716 0.999994397 58.580940247
0.999960542 0.008862527 -0.000553475 1.160259724 -0.008860648 0.999955297 0.003306251 -1.541504383 0.000582752 -0.003301217 0.999994397 59.106708527
0.999959946 0.008928073 -0.000585589 1.173240423 -0.008926202 0.999955297 0.003122326 -1.559676766 0.000613438 -0.003116974 0.999994934 59.639705658
0.999964416 0.008408942 -0.000802032 1.188245654 -0.008406506 0.999960124 0.002994422 -1.571702719 0.000827179 -0.002987573 0.999995172 60.171463013
0.999958932 0.009024793 -0.000784430 1.196035862 -0.009022277 0.999954283 0.003153244 -1.583773494 0.000812851 -0.003146037 0.999994695 60.718734741
0.999951959 0.009802588 -0.000131811 1.208990812 -0.009802106 0.999946535 0.003267680 -1.602725983 0.000163836 -0.003266232 0.999994636 61.254428864
0.999951661 0.009831673 0.000050876 1.224807143 -0.009831795 0.999944210 0.003849654 -1.616981864 -0.000013025 -0.003849969 0.999992609 61.807910919
0.999954045 0.009584148 0.000288437 1.233123302 -0.009585048 0.999948561 0.003292733 -1.630876064 -0.000256864 -0.003295348 0.999994516 62.357730865
0.999949694 0.010021452 0.000448392 1.245063663 -0.010022719 0.999945521 0.002917171 -1.641021967 -0.000419133 -0.002921518 0.999995649 62.908370972
0.999946833 0.010296845 0.000387921 1.256988287 -0.010298075 0.999941468 0.003311298 -1.661426544 -0.000353802 -0.003315117 0.999994457 63.459945679
0.999944687 0.010476097 0.000953207 1.262824774 -0.010478693 0.999941230 0.002761420 -1.670323610 -0.000924222 -0.002771255 0.999995649 64.010261536
0.999947906 0.010169923 0.000794438 1.271840930 -0.010172118 0.999944329 0.002808827 -1.681486845 -0.000765828 -0.002816762 0.999995768 64.540100098
0.999943376 0.010613098 0.000741647 1.279787779 -0.010615110 0.999939859 0.002765229 -1.696058393 -0.000712255 -0.002772945 0.999995887 65.082283020
0.999949336 0.009982128 0.001274223 1.290479898 -0.009985542 0.999946475 0.002700302 -1.709807038 -0.001247199 -0.002712889 0.999995530 65.616836548
0.999944031 0.010458019 0.001550857 1.298712492 -0.010462209 0.999941468 0.002717027 -1.723182201 -0.001522352 -0.002733100 0.999995112 66.156051636
0.999955356 0.009389405 0.001006665 1.317860723 -0.009391047 0.999954581 0.001640104 -1.725663304 -0.000991219 -0.001649485 0.999998152 66.720664978
0.999951482 0.009777511 0.001165048 1.319096565 -0.009779605 0.999950469 0.001807468 -1.738211036 -0.001147318 -0.001818774 0.999997675 67.306411743
0.999949455 0.009902293 0.001690389 1.343966842 -0.009906027 0.999948502 0.002217286 -1.767345190 -0.001668345 -0.002233919 0.999996126 67.787902832
0.999942660 0.010455821 0.002294981 1.352435231 -0.010459911 0.999943733 0.001776875 -1.774116278 -0.002276273 -0.001800779 0.999995768 68.333557129
0.999946654 0.010053156 0.002345912 1.365199685 -0.010056471 0.999948442 0.001405174 -1.784655213 -0.002331665 -0.001428691 0.999996245 68.872970581
0.999969900 0.007713066 0.000861884 1.364520431 -0.007715517 0.999966085 0.002876017 -1.797706604 -0.000839672 -0.002882581 0.999995470 69.326721191
0.999968410 0.007804473 0.001508963 1.374343634 -0.007807944 0.999966800 0.002307839 -1.808064699 -0.001490901 -0.002319548 0.999996185 69.874168396
0.999926090 0.011696664 0.003355093 1.362722039 -0.011705957 0.999927580 0.002764459 -1.839287400 -0.003322515 -0.002803529 0.999990523 70.386772156
0.999935508 0.011003687 0.002808224 1.381616950 -0.011009862 0.999936879 0.002193441 -1.852518916 -0.002783911 -0.002224218 0.999993682 70.935440063
0.999940395 0.010388916 0.003355403 1.386369228 -0.010396527 0.999943376 0.002258969 -1.873107672 -0.003331745 -0.002293719 0.999991834 71.459083557
0.999947488 0.009760960 0.003096549 1.447515607 -0.009766031 0.999951005 0.001627704 -1.888317585 -0.003080509 -0.001657860 0.999993861 72.073547363
0.999947846 0.009502735 0.003733924 1.443051100 -0.009503562 0.999954760 0.000203501 -1.888876796 -0.003731821 -0.000238976 0.999992967 72.649368286
0.999941230 0.010094001 0.003957128 1.458409309 -0.010098781 0.999948323 0.001190113 -1.913854480 -0.003944910 -0.001230005 0.999991477 73.172195435
0.999937236 0.010501103 0.003920263 1.471735001 -0.010506763 0.999943793 0.001425847 -1.928918362 -0.003905069 -0.001466947 0.999991357 73.720176697
0.999925911 0.011795817 0.003012446 1.500175476 -0.011802803 0.999927700 0.002311480 -1.964876175 -0.002984962 -0.002346864 0.999992788 74.101783752
0.999930799 0.011385284 0.002970667 1.520891070 -0.011393228 0.999931514 0.002671665 -1.978437662 -0.002940046 -0.002705325 0.999991953 74.577186584
0.999912858 0.012666560 0.003714073 1.517089248 -0.012677245 0.999915540 0.002866981 -1.989328384 -0.003677445 -0.002913815 0.999988973 75.096748352
0.999917805 0.012234418 0.003829843 1.535185814 -0.012244328 0.999921739 0.002574466 -2.003675222 -0.003798047 -0.002621149 0.999989331 75.582115173
0.999920666 0.011979862 0.003868954 1.546024442 -0.011990165 0.999924541 0.002649747 -2.016086340 -0.003836919 -0.002695927 0.999989033 76.091041565
0.999923229 0.011884980 0.003510280 1.562730551 -0.011895472 0.999924660 0.002983602 -2.034987450 -0.003474556 -0.003025129 0.999989390 76.614616394
0.999903023 0.013141488 0.004604240 1.530285358 -0.013154551 0.999909520 0.002818133 -2.063552618 -0.004566790 -0.002878426 0.999985456 77.077865601
0.999922872 0.011802385 0.003874282 1.564326525 -0.011813223 0.999926329 0.002786614 -2.045005560 -0.003841108 -0.002832168 0.999988556 77.681732178
0.999917030 0.012218283 0.004065866 1.590321541 -0.012231366 0.999920011 0.003209067 -2.075145721 -0.004026331 -0.003258532 0.999986529 78.131027222
0.999913990 0.012557028 0.003793365 1.605753303 -0.012569277 0.999915719 0.003223266 -2.087132931 -0.003752571 -0.003270669 0.999987602 78.678703308
0.999915779 0.012350501 0.003980984 1.601318836 -0.012363096 0.999918520 0.003154724 -2.104647398 -0.003941697 -0.003203676 0.999987125 79.197090149
0.999922574 0.011934986 0.003526604 1.633316755 -0.011945556 0.999924183 0.002992026 -2.126269341 -0.003490627 -0.003033921 0.999989331 79.686347961
0.999903977 0.012720037 0.005489232 1.628903747 -0.012736578 0.999914348 0.002988904 -2.133428335 -0.005450742 -0.003058531 0.999980450 80.228477478
0.999899745 0.012522716 0.006611780 1.647677660 -0.012539741 0.999918163 0.002539380 -2.146328688 -0.006579440 -0.002622036 0.999974847 80.759414673
0.999896109 0.012457047 0.007246977 1.668737173 -0.012475800 0.999918938 0.002548089 -2.160549641 -0.007214648 -0.002638237 0.999970496 81.275680542
0.999891400 0.012078048 0.008441144 1.675460815 -0.012095533 0.999924779 0.002023507 -2.169602156 -0.008416069 -0.002125387 0.999962330 81.800140381
0.999857903 0.012209384 0.011625266 1.694368839 -0.012235592 0.999922693 0.002185845 -2.186968565 -0.011597680 -0.002327776 0.999930024 82.327125549
0.999807239 0.012315858 0.015290314 1.715042233 -0.012348284 0.999921620 0.002027793 -2.195996046 -0.015264145 -0.002216211 0.999881029 82.873329163
0.999750555 0.012549328 0.018482987 1.737926245 -0.012589375 0.999918640 0.002051805 -2.209457636 -0.018455734 -0.002283982 0.999827087 83.397377014
0.999666214 0.012386558 0.022671644 1.763603330 -0.012445475 0.999919534 0.002459664 -2.231488228 -0.022639353 -0.002741002 0.999739945 83.941680908
0.999502540 0.012972511 0.028746959 1.794206500 -0.013045650 0.999912083 0.002358067 -2.244908333 -0.028713843 -0.002731917 0.999583960 84.488021851
0.999326468 0.012639924 0.034450211 1.829236388 -0.012717475 0.999917030 0.002032918 -2.257554531 -0.034421653 -0.002469668 0.999404490 85.024887085
0.999098003 0.012577452 0.040558640 1.864233017 -0.012665036 0.999917924 0.001903247 -2.269465923 -0.040531375 -0.002415206 0.999175370 85.571762085
0.998741806 0.012290923 0.048617832 1.915586472 -0.012413714 0.999920487 0.002224520 -2.289298773 -0.048586637 -0.002825249 0.998814940 86.099540710
0.998294175 0.012302644 0.057072431 1.961520195 -0.012412434 0.999921739 0.001569618 -2.304575920 -0.057048641 -0.002275347 0.998368919 86.662910461
0.997861922 0.012260939 0.064196862 2.008845329 -0.012385942 0.999922097 0.001549495 -2.319758654 -0.064172864 -0.002341321 0.997936070 87.213394165
0.997212708 0.012396982 0.073572800 2.062158585 -0.012540841 0.999920249 0.001493646 -2.334136724 -0.073548414 -0.002412148 0.997288704 87.768486023
0.996415257 0.012256820 0.083703965 2.128101826 -0.012393599 0.999922514 0.001114668 -2.352336407 -0.083683819 -0.002148066 0.996490002 88.312698364
0.995648801 0.012194823 0.092384025 2.201558113 -0.012335043 0.999923408 0.000946918 -2.358169556 -0.092365414 -0.002082359 0.995722950 88.877944946
0.994992554 0.011044835 0.099338293 2.281168938 -0.011155813 0.999937534 0.000561728 -2.383364677 -0.099325918 -0.001667115 0.995053589 89.422500610
0.993933797 0.011474378 0.109380096 2.359450817 -0.011611698 0.999932349 0.000618539 -2.398823738 -0.109365612 -0.001884875 0.993999839 89.954994202
0.992789328 0.010502739 0.119411021 2.457712173 -0.010646582 0.999943078 0.000566734 -2.408977509 -0.119398251 -0.001833966 0.992844880 90.534629822
0.991596460 0.010717863 0.128924057 2.547810555 -0.010849869 0.999941111 0.000321584 -2.421664000 -0.128913000 -0.001717691 0.991654396 91.082809448
0.990048468 0.010412136 0.140341133 2.648634911 -0.010531629 0.999944508 0.000108771 -2.431594133 -0.140332222 -0.001585710 0.990103185 91.634201050
0.988227606 0.009962495 0.152666271 2.756641388 -0.010057996 0.999949396 -0.000146758 -2.446910143 -0.152660012 -0.001390485 0.988277793 92.191520691
0.986536801 0.009574549 0.163259193 2.866668701 -0.009678544 0.999953151 -0.000158411 -2.462062120 -0.163253039 -0.001423832 0.986583233 92.736343384
0.984666765 0.009774254 0.174171984 2.981311798 -0.009874855 0.999951184 -0.000288997 -2.478089571 -0.174166322 -0.001435357 0.984715223 93.300270081
0.982276261 0.009015641 0.187221900 3.101265907 -0.009138185 0.999958217 -0.000208524 -2.495915890 -0.187215954 -0.001506040 0.982317626 93.827339172
0.979890823 0.008825797 0.199339107 3.234619141 -0.008901317 0.999960244 -0.000517345 -2.510221958 -0.199335709 -0.001267439 0.979930580 94.364021301
0.977786839 0.008198691 0.209441304 3.365594864 -0.008261967 0.999965727 -0.000572793 -2.526174068 -0.209438831 -0.001170327 0.977820992 94.895439148
0.974859357 0.008867115 0.222644672 3.513101578 -0.009077776 0.999958873 -0.000077225 -2.547569275 -0.222636223 -0.001945835 0.974899590 95.429885864
0.971821070 0.007415161 0.235602736 3.668151855 -0.007464380 0.999971926 -0.000682964 -2.562720299 -0.235601187 -0.001094910 0.971849203 95.941955566
0.969212234 0.006664773 0.246136352 3.830116272 -0.006707132 0.999977291 -0.000666242 -2.570679426 -0.246135190 -0.001005139 0.969234884 96.480186462
0.966085494 0.007888055 0.258101612 3.980268478 -0.007918654 0.999968231 -0.000920980 -2.598851919 -0.258100688 -0.001154072 0.966117263 97.012229919
0.962431312 0.007613054 0.271419019 4.152923584 -0.007748620 0.999969840 -0.000572219 -2.617390156 -0.271415204 -0.001552401 0.962461114 97.530258179
0.958867192 0.006913052 0.283770740 4.328334808 -0.006893368 0.999975681 -0.001067979 -2.636693478 -0.283771247 -0.000932087 0.958891451 98.050918579
0.955442965 0.006255333 0.295109868 4.516393661 -0.006238687 0.999979973 -0.000997931 -2.650916815 -0.295110255 -0.000887632 0.955462813 98.595779419
0.951010108 0.006022453 0.309101164 4.707508087 -0.006070982 0.999981225 -0.000804825 -2.666193962 -0.309100240 -0.001111152 0.951028824 99.117019653
0.946288526 0.005447350 0.323277563 4.906265259 -0.005436727 0.999984801 -0.000935898 -2.682490349 -0.323277771 -0.000871943 0.946303666 99.630905151
0.942355335 0.004972956 0.334576845 5.117773056 -0.004924512 0.999987364 -0.000993053 -2.697323322 -0.334577590 -0.000711819 0.942367911 100.145095825
0.937534809 0.005254787 0.347851872 5.328207016 -0.005526390 0.999984741 -0.000211365 -2.726803064 -0.347847670 -0.001724204 0.937549531 100.625183105
0.932017207 0.005832377 0.362367064 5.545366287 -0.005714999 0.999982655 -0.001395818 -2.741176844 -0.362368941 -0.000770001 0.932034433 101.214279175
0.927274644 0.004956102 0.374349087 5.782463074 -0.004616666 0.999987721 -0.001803464 -2.752067804 -0.374353439 -0.000055938 0.927286088 101.726776123
0.922670364 0.004295710 0.385565698 6.028366089 -0.004010275 0.999990761 -0.001544507 -2.768420458 -0.385568768 -0.000121154 0.922679126 102.232849121
0.916473985 0.004582115 0.400067925 6.249534607 -0.004423797 0.999989390 -0.001319203 -2.785992622 -0.400069743 -0.000560804 0.916484594 102.723716736
0.910985529 0.001732104 0.412434489 6.546730042 -0.001219989 0.999998093 -0.001504988 -2.815742970 -0.412436306 0.000867857 0.910985947 103.267501831
0.906039536 0.001087561 0.423191726 6.797664642 -0.000316250 0.999998152 -0.001892815 -2.830538034 -0.423192978 0.001581131 0.906038165 103.745895386
0.900240302 -0.000107109 0.435393333 7.071704865 0.001072560 0.999997497 -0.001971672 -2.845152378 -0.435391992 0.002241964 0.900238156 104.290298462
0.893523991 -0.000621310 0.449014872 7.338855743 0.001694467 0.999996662 -0.001988218 -2.862410784 -0.449012071 0.002537362 0.893522024 104.775360107
0.887469769 -0.001003211 0.460864723 7.618007660 0.002109955 0.999996006 -0.001886268 -2.882062912 -0.460861027 0.002646410 0.887468398 105.251487732
0.881538153 -0.001532975 0.472110331 7.895114899 0.002634487 0.999995172 -0.001672139 -2.896631241 -0.472105503 0.002717823 0.881537914 105.727798462
0.873627603 0.000403487 0.486594856 8.166442871 0.000240604 0.999999166 -0.001261183 -2.925647736 -0.486594945 0.001218881 0.873626828 106.177047729
0.866485119 -0.000182243 0.499202907 8.459438324 0.001057128 0.999998391 -0.001469828 -2.940085411 -0.499201864 0.001801306 0.866483867 106.633270264
