1.000000000 0.000000000 0.000000000 0.000000000 0.000000000 1.000000000 0.000000000 0.000000000 0.000000000 0.000000000 1.000000000 0.000000000
1.000000000 0.000153366 0.000105402 -0.000406140 -0.000153370 1.000000000 0.000032109 -0.000029703 -0.000105397 -0.000032125 1.000000000 0.000188881
1.000000000 0.000122326 0.000031423 0.004854363 -0.000122326 1.000000000 0.000024987 0.000866722 -0.000031420 -0.000024991 1.000000000 -0.001286085
1.000000000 0.000032582 -0.000035677 0.002283212 -0.000032581 1.000000000 0.000031386 -0.000420427 0.000035678 -0.000031385 1.000000000 -0.001786426
1.000000000 0.000092774 0.000084816 -0.001349269 -0.000092771 1.000000000 -0.000030264 0.001580029 -0.000084819 0.000030256 1.000000000 0.001849134
1.000000000 0.000016199 0.000000991 0.000522140 -0.000016199 1.000000000 0.000032518 0.002512940 -0.000000991 -0.000032518 1.000000000 -0.006946863
1.000000000 -0.000023199 0.000132710 -0.002485763 0.000023191 1.000000000 0.000059494 0.001997860 -0.000132712 -0.000059491 1.000000000 -0.000908361
1.000000000 0.000146264 0.000069439 0.000607577 -0.000146261 1.000000000 -0.000055895 -0.000443426 -0.000069447 0.000055884 1.000000000 -0.003219641
1.000000000 0.000039863 0.000047613 0.000538613 -0.000039865 1.000000000 0.000034110 0.000201183 -0.000047612 -0.000034112 1.000000000 -0.001884200
1.000000000 0.000058652 0.000009249 -0.000333098 -0.000058652 1.000000000 0.000050980 0.001705265 -0.000009246 -0.000050981 1.000000000 -0.006348357
1.000000000 -0.000139762 -0.000018704 0.001167040 0.000139762 1.000000000 0.000015110 -0.000412452 0.000018702 -0.000015113 1.000000000 -0.002097200
1.000000000 -0.000086351 0.000001298 -0.000316101 0.000086351 1.000000000 0.000018624 -0.001545613 -0.000001299 -0.000018624 1.000000000 -0.002260050
1.000000000 -0.000053030 0.000047685 0.001787441 0.000053029 1.000000000 0.000031135 0.000225014 -0.000047687 -0.000031132 1.000000000 -0.001900425
0.999999940 -0.000307236 -0.000060625 0.001223390 0.000307243 0.999999940 0.000116163 0.000691748 0.000060589 -0.000116181 1.000000000 -0.003875203
1.000000000 -0.000229970 -0.000026167 0.000157844 0.000229970 1.000000000 -0.000000898 0.000188762 0.000026167 0.000000892 1.000000000 -0.001260951
1.000000000 -0.000142630 0.000098723 -0.002593807 0.000142629 1.000000000 0.000009657 -0.001571106 -0.000098725 -0.000009643 1.000000000 -0.002810759
1.000000000 0.000041673 0.000049569 -0.002321488 -0.000041676 1.000000000 0.000052583 0.000521534 -0.000049567 -0.000052585 1.000000000 -0.004597078
1.000000000 -0.000213760 -0.000014029 0.000454555 0.000213761 1.000000000 0.000074516 -0.000670560 0.000014013 -0.000074519 1.000000000 -0.004689438
1.000000000 -0.000029365 -0.000018878 0.001442764 0.000029365 1.000000000 -0.000045162 -0.000696233 0.000018879 0.000045161 1.000000000 -0.009642786
1.000000000 -0.000235806 -0.000050560 0.002728198 0.000235812 0.999999940 0.000109368 -0.004389137 0.000050534 -0.000109380 1.000000000 -0.007857412
1.000000000 -0.000027567 0.000063089 -0.000439486 0.000027563 1.000000000 0.000057221 -0.001356714 -0.000063090 -0.000057219 1.000000000 -0.003975400
1.000000000 -0.000095295 -0.000008032 0.001933164 0.000095296 1.000000000 0.000099410 -0.001049898 0.000008023 -0.000099410 1.000000000 -0.006484035
1.000000000 -0.000167543 0.000030267 0.000510879 0.000167540 1.000000000 0.000100535 0.001195460 -0.000030284 -0.000100530 1.000000000 -0.009455630
1.000000000 -0.000065816 -0.000092493 0.005637448 0.000065825 1.000000000 0.000091178 -0.001012102 0.000092487 -0.000091184 1.000000000 -0.010119148
1.000000000 -0.000074564 -0.000010365 0.000417265 0.000074564 1.000000000 0.000033465 -0.000613975 0.000010363 -0.000033466 1.000000000 -0.005614662
1.000000000 0.000015540 0.000123720 -0.004116069 -0.000015536 1.000000000 -0.000028898 0.000163597 -0.000123721 0.000028896 1.000000000 -0.003184101
1.000000000 -0.000092524 0.000090575 -0.003907670 0.000092517 1.000000000 0.000080324 -0.000633185 -0.000090582 -0.000080316 1.000000000 -0.004626379
0.999999940 -0.000288724 -0.000083862 -0.002101082 0.000288730 0.999999940 0.000078559 0.000914130 0.000083839 -0.000078583 1.000000000 -0.003926220
1.000000000 -0.000086034 -0.000020719 0.000299858 0.000086035 1.000000000 0.000057696 -0.001414164 0.000020714 -0.000057697 1.000000000 0.001014575
1.000000000 -0.000129724 0.000002267 -0.002942075 0.000129723 1.000000000 0.000142832 -0.000733069 -0.000002285 -0.000142831 1.000000000 0.000522221
1.000000000 -0.000210319 0.000027630 -0.003264653 0.000210314 0.999999940 0.000188823 -0.001357462 -0.000027670 -0.000188817 1.000000000 -0.004543615
1.000000000 -0.000173905 -0.000019905 0.000912740 0.000173908 1.000000000 0.000155253 -0.002329029 0.000019878 -0.000155256 1.000000000 -0.005247988
1.000000000 -0.000048625 0.000010362 -0.003616628 0.000048624 1.000000000 0.000038589 0.000148152 -0.000010364 -0.000038589 1.000000000 -0.004045761
1.000000000 -0.000073164 0.000025918 -0.003279561 0.000073167 1.000000000 -0.000107555 0.006130161 -0.000025910 0.000107557 1.000000000 -0.006029190
0.999999940 -0.000244972 -0.000057131 -0.001746757 0.000244969 0.999999940 -0.000060480 0.001264483 0.000057145 0.000060466 1.000000000 -0.003635990
1.000000000 -0.000159618 -0.000028158 -0.001406183 0.000159617 1.000000000 -0.000018286 0.000801796 0.000028161 0.000018282 1.000000000 -0.004169163
0.999999940 -0.000336735 -0.000032620 -0.003005584 0.000336740 0.999999940 0.000164095 -0.002431185 0.000032565 -0.000164106 1.000000000 -0.004658928
1.000000000 -0.000070019 0.000003462 -0.000823692 0.000070019 1.000000000 0.000110783 -0.000746844 -0.000003470 -0.000110782 1.000000000 -0.001248613
0.999999881 -0.000456231 -0.000165604 0.003970475 0.000456250 0.999999881 0.000112632 -0.001269549 0.000165552 -0.000112708 1.000000000 -0.003040466
1.000000000 -0.000129299 -0.000014701 0.005075769 0.000129291 0.999999821 -0.000540071 -0.007155522 0.000014771 0.000540069 0.999999881 0.043778267
1.000000000 -0.000184110 -0.000033965 0.002554388 0.000184072 0.999999344 -0.001112756 -0.004754332 0.000034170 0.001112750 0.999999404 0.138232663
0.999999881 -0.000386450 -0.000235529 0.007762288 0.000386117 0.999998927 -0.001415266 -0.011007351 0.000236075 0.001415175 0.999998987 0.256586432
1.000000000 -0.000133677 -0.000010856 0.002779588 0.000133662 0.999999106 -0.001311181 -0.015686797 0.000011031 0.001311180 0.999999166 0.383125544
0.999999940 -0.000184450 -0.000165427 0.007316930 0.000184256 0.999999285 -0.001170431 -0.017919892 0.000165643 0.001170400 0.999999285 0.532655358
1.000000000 0.000218525 0.000041312 0.007241821 -0.000218474 0.999999225 -0.001227806 -0.020183481 -0.000041581 0.001227797 0.999999225 0.697278500
0.999999940 -0.000315214 0.000093137 0.021706473 0.000315295 0.999999583 -0.000867494 -0.023319203 -0.000092864 0.000867523 0.999999642 0.871094942
1.000000000 -0.000108372 -0.000174636 0.022301376 0.000108262 0.999999821 -0.000627373 -0.031982385 0.000174704 0.000627354 0.999999762 1.023803353
0.999999881 0.000191944 0.000404135 0.016345344 -0.000191601 0.999999642 -0.000849035 -0.040279992 -0.000404298 0.000848957 0.999999583 1.213713646
0.999999881 -0.000468211 -0.000022538 0.034059398 0.000468206 0.999999881 -0.000243181 -0.054220904 0.000022652 0.000243171 0.999999940 1.413986564
0.999999881 -0.000247174 -0.000359556 0.041551430 0.000247018 0.999999881 -0.000432083 -0.048894074 0.000359662 0.000431994 0.999999821 1.631854534
0.999999821 -0.000628468 -0.000102929 0.040114548 0.000628450 0.999999762 -0.000174774 -0.059258517 0.000103039 0.000174710 1.000000000 1.834465981
0.999997199 0.001296164 0.001986483 -0.006375116 -0.001296119 0.999999166 -0.000024275 -0.078150012 -0.001986513 0.000021700 0.999997973 1.991684198
0.999997318 0.001184301 0.001972060 0.001027214 -0.001183975 0.999999225 -0.000166633 -0.082252778 -0.001972257 0.000164297 0.999997973 2.218549490
0.999996781 0.001462851 0.002082451 0.004408071 -0.001462519 0.999998927 -0.000161100 -0.087268375 -0.002082684 0.000158054 0.999997795 2.422397137
0.999997199 0.001354680 0.001961998 0.012955306 -0.001354562 0.999998987 -0.000061186 -0.096677072 -0.001962079 0.000058529 0.999997973 2.650441408
0.999995530 0.001644608 0.002542534 0.013786659 -0.001644772 0.999998748 0.000062208 -0.101629719 -0.002542428 -0.000066389 0.999996781 2.883064747
0.999995649 0.001912776 0.002285662 0.018392902 -0.001912632 0.999998152 -0.000065003 -0.108183801 -0.002285782 0.000060631 0.999997377 3.109636068
0.999995828 0.002108526 0.002007138 0.029486502 -0.002108056 0.999997735 -0.000236534 -0.111665159 -0.002007633 0.000232302 0.999997973 3.352389812
0.999994755 0.002164754 0.002419181 0.031748474 -0.002165036 0.999997675 0.000113683 -0.122953780 -0.002418929 -0.000118920 0.999997079 3.608403444
0.999994695 0.002342732 0.002264077 0.045741260 -0.002343877 0.999997199 0.000503265 -0.139436573 -0.002262892 -0.000508569 0.999997258 3.847662210
0.999994814 0.002003712 0.002527552 0.044040956 -0.002005053 0.999997854 0.000527913 -0.153594494 -0.002526489 -0.000532978 0.999996603 4.099930286
0.999994040 0.002047122 0.002819136 0.046068672 -0.002049725 0.999997556 0.000920765 -0.163913473 -0.002817243 -0.000926538 0.999995649 4.349739552
0.999994993 0.001981550 0.002455020 0.058603574 -0.001983340 0.999997735 0.000726829 -0.169285610 -0.002453574 -0.000731695 0.999996722 4.617607594
0.999995649 0.001787920 0.002355281 0.068394199 -0.001790636 0.999997735 0.001151391 -0.181908503 -0.002353217 -0.001155603 0.999996543 4.860624790
0.999994993 0.001945147 0.002518431 0.067409091 -0.001948169 0.999997377 0.001198101 -0.191365182 -0.002516094 -0.001203001 0.999996126 5.117807388
0.999995887 0.001786707 0.002250754 0.079809621 -0.001789324 0.999997735 0.001161329 -0.199149519 -0.002248674 -0.001165352 0.999996781 5.397837162
0.999993205 0.002371244 0.002831937 0.072819926 -0.002374382 0.999996543 0.001105135 -0.214625001 -0.002829307 -0.001111852 0.999995351 5.641882896
0.999993920 0.002494401 0.002441924 0.084999114 -0.002496954 0.999996305 0.001042726 -0.218767047 -0.002439314 -0.001048817 0.999996483 5.914024353
0.999995112 0.001875068 0.002533439 0.094680637 -0.001878042 0.999997556 0.001171592 -0.230811730 -0.002531237 -0.001176344 0.999996066 6.190552711
0.999994457 0.001865491 0.002746039 0.090823807 -0.001869285 0.999997258 0.001379561 -0.239585429 -0.002743458 -0.001384687 0.999995232 6.481304169
0.999992192 0.002368559 0.003158123 0.085643955 -0.002372979 0.999996126 0.001396278 -0.250151157 -0.003154804 -0.001403762 0.999993980 6.760479927
0.999994099 0.001769433 0.002942673 0.102341920 -0.001774456 0.999996960 0.001705440 -0.263567150 -0.002939646 -0.001710652 0.999994159 7.047741413
0.999993384 0.001932329 0.003067958 0.108381577 -0.001938037 0.999996364 0.001858649 -0.270732254 -0.003064355 -0.001864583 0.999993563 7.341194630
0.999991655 0.002266433 0.003389443 0.115229852 -0.002273321 0.999995351 0.002029749 -0.284400553 -0.003384826 -0.002037438 0.999992192 7.651240826
0.999991119 0.002498454 0.003373822 0.116488531 -0.002505371 0.999994755 0.002047634 -0.298195660 -0.003368688 -0.002056069 0.999992132 7.955700397
0.999990523 0.002527263 0.003530830 0.122813508 -0.002533574 0.999995172 0.001784064 -0.302776426 -0.003526304 -0.001792993 0.999992132 8.278051376
0.999990225 0.002440222 0.003695432 0.132974416 -0.002445960 0.999995828 0.001548901 -0.299644947 -0.003691636 -0.001557924 0.999991953 8.602047920
0.999990642 0.002208707 0.003699982 0.131688058 -0.002215035 0.999996126 0.001707057 -0.313658983 -0.003696197 -0.001715236 0.999991655 8.937908173
0.999991536 0.001612562 0.003789274 0.131778613 -0.001620899 0.999996185 0.002198227 -0.345719218 -0.003785715 -0.002204350 0.999990404 9.256013870
0.999991655 0.000989637 0.003959504 0.141487271 -0.000997988 0.999997199 0.002107607 -0.352404743 -0.003957408 -0.002111541 0.999989986 9.601866722
0.999991953 0.001189139 0.003825562 0.148325175 -0.001197172 0.999997139 0.002098356 -0.356596053 -0.003823056 -0.002102919 0.999990463 9.943513870
0.999990463 0.001711056 0.004032568 0.150649264 -0.001719419 0.999996364 0.002071180 -0.370092124 -0.004029009 -0.002078093 0.999989748 10.306674957
0.999989688 0.002216271 0.003950344 0.164257005 -0.002227822 0.999993205 0.002922061 -0.398764551 -0.003943841 -0.002930832 0.999987900 10.656559944
0.999991596 0.001701792 0.003731582 0.172489479 -0.001712820 0.999994099 0.002953866 -0.406025022 -0.003726533 -0.002960233 0.999988675 11.039675713
0.999988973 0.002364349 0.004062118 0.177390307 -0.002375210 0.999993622 0.002670869 -0.414070278 -0.004055777 -0.002680488 0.999988198 11.428064346
0.999990225 0.001988983 0.003937060 0.194228530 -0.002000844 0.999993503 0.003010944 -0.425020009 -0.003931046 -0.003018792 0.999987721 11.801568031
0.999989390 0.001877679 0.004192877 0.199920088 -0.001891305 0.999992907 0.003248055 -0.445764065 -0.004186748 -0.003255951 0.999985933 12.117252350
0.999987900 0.001621374 0.004636919 0.211296290 -0.001636669 0.999993205 0.003296863 -0.457052737 -0.004631542 -0.003304413 0.999983788 12.504579544
0.999991119 0.001042283 0.004081754 0.229650840 -0.001057694 0.999992251 0.003775241 -0.467247844 -0.004077788 -0.003779524 0.999984503 12.892549515
0.999992609 0.001099032 0.003680099 0.254341006 -0.001112981 0.999992132 0.003790340 -0.472386003 -0.003675905 -0.003794408 0.999986053 13.309074402
0.999989390 0.001644152 0.004306833 0.264857709 -0.001661872 0.999990165 0.004114069 -0.522086978 -0.004300026 -0.004121182 0.999982238 13.678742409
0.999990106 0.001640050 0.004141611 0.276995897 -0.001657867 0.999989390 0.004302143 -0.529933751 -0.004134512 -0.004308967 0.999982119 14.094799042
0.999989748 0.001170697 0.004382806 0.283749700 -0.001189557 0.999990046 0.004303245 -0.540426016 -0.004377724 -0.004308414 0.999981105 14.545640945
0.999987304 0.001630064 0.004782524 0.293272525 -0.001654547 0.999985576 0.005119883 -0.556698322 -0.004774109 -0.005127732 0.999975383 14.943614006
0.999985814 0.001374578 0.005149037 0.311955869 -0.001403055 0.999983728 0.005531202 -0.575868070 -0.005141350 -0.005538348 0.999971390 15.406175613
0.999988675 -0.000234986 0.004750517 0.345521867 0.000208220 0.999984086 0.005634144 -0.636801004 -0.004751766 -0.005633091 0.999972820 15.758200645
0.999989092 0.000037722 0.004671529 0.361766964 -0.000064424 0.999983609 0.005715878 -0.645172596 -0.004671237 -0.005716116 0.999972761 16.207120895
0.999989271 -0.000003922 0.004619927 0.372607350 -0.000021118 0.999985337 0.005419977 -0.649835169 -0.004619880 -0.005420017 0.999974608 16.658098221
0.999983668 0.000659970 0.005673370 0.377000421 -0.000691874 0.999983966 0.005623384 -0.658699512 -0.005669568 -0.005627219 0.999968052 17.120670319
0.999984086 0.000366560 0.005614170 0.392413706 -0.000395079 0.999987006 0.005079482 -0.659946322 -0.005612235 -0.005081620 0.999971330 17.576747894
0.999981344 -0.000031715 0.006107586 0.397561580 -0.000005321 0.999981582 0.006063893 -0.701430142 -0.006107666 -0.006063813 0.999962986 18.019342422
0.999976516 -0.000337895 0.006842691 0.410810560 0.000297425 0.999982417 0.005914479 -0.708303213 -0.006844569 -0.005912304 0.999959171 18.491350174
0.999976635 -0.000154808 0.006832853 0.425645769 0.000112012 0.999980390 0.006263157 -0.727963448 -0.006833689 -0.006262245 0.999957025 18.948204041
0.999975860 0.000210022 0.006942324 0.438737690 -0.000253619 0.999980330 0.006279620 -0.736564815 -0.006940869 -0.006281230 0.999956191 19.423868179
0.999972999 0.001033429 0.007281073 0.437354922 -0.001079624 0.999979317 0.006343448 -0.749755323 -0.007274367 -0.006351137 0.999953389 19.977302551
0.999977469 0.000400289 0.006689283 0.453260511 -0.000445328 0.999977231 0.006732833 -0.771075606 -0.006686436 -0.006735660 0.999954939 20.388679504
0.999982238 -0.000125971 0.005962043 0.472458065 0.000083435 0.999974608 0.007134146 -0.791062713 -0.005962790 -0.007133521 0.999956727 20.875514984
0.999984086 0.000379027 0.005624441 0.478417099 -0.000414240 0.999980271 0.006260992 -0.781880021 -0.005621958 -0.006263222 0.999964595 21.410390854
0.999984145 0.000485681 0.005614816 0.494841576 -0.000524505 0.999975920 0.006915111 -0.813393950 -0.005611324 -0.006917946 0.999960303 21.915410995
0.999987543 -0.000961415 0.004901803 0.518498957 0.000920316 0.999964476 0.008379994 -0.868003368 -0.004909685 -0.008375378 0.999952853 22.376745224
0.999988854 -0.000581900 0.004686008 0.514100850 0.000543411 0.999966204 0.008210705 -0.879397154 -0.004690627 -0.008208067 0.999955297 22.889886856
0.999989808 -0.000905464 0.004417763 0.525536418 0.000867347 0.999962449 0.008622416 -0.895976901 -0.004425404 -0.008618496 0.999953032 23.436216354
0.999992251 -0.002594709 0.002951709 0.552681983 0.002570304 0.999962747 0.008242014 -0.904966593 -0.002972984 -0.008234363 0.999961674 23.902523041
0.999994934 -0.001854775 0.002589161 0.559572220 0.001832727 0.999962389 0.008492069 -0.917440891 -0.002604814 -0.008487281 0.999960601 24.432941437
0.999996841 -0.001900228 0.001699351 0.573835254 0.001885547 0.999961257 0.008599550 -0.929330409 -0.001715627 -0.008596318 0.999961615 24.966348648
0.999997437 -0.001528535 0.001643653 0.574419260 0.001514349 0.999961913 0.008597942 -0.935630560 -0.001656732 -0.008595431 0.999961674 25.503450394
0.999997377 -0.001894142 0.001287610 0.586156309 0.001883020 0.999961436 0.008584739 -0.946833313 -0.001303821 -0.008582292 0.999962330 26.050531387
0.999997199 -0.002194070 0.000851174 0.601559758 0.002186046 0.999954224 0.009316118 -0.957141995 -0.000871575 -0.009314233 0.999956191 26.596200943
0.999998212 -0.001636217 0.000959231 0.608407795 0.001627104 0.999954283 0.009424819 -0.972828031 -0.000974607 -0.009423241 0.999955118 27.132556915
0.999999464 -0.000579235 0.000851952 0.618022501 0.000571743 0.999961376 0.008767840 -0.984933138 -0.000856998 -0.008767350 0.999961197 27.699104309
0.999998927 -0.001479470 0.000045075 0.623203337 0.001478981 0.999954760 0.009393481 -1.006409168 -0.000058970 -0.009393406 0.999955893 28.219308853
0.999998927 -0.001379154 -0.000376228 0.638472021 0.001382707 0.999952674 0.009612037 -1.023550034 0.000362954 -0.009612547 0.999953806 28.764930725
0.999999762 -0.000697803 0.000176822 0.616920888 0.000696062 0.999953032 0.009661181 -1.038280010 -0.000183556 -0.009661056 0.999953389 29.336627960
0.999998748 -0.001082432 -0.001089714 0.638460040 0.001092934 0.999952435 0.009683066 -1.046052217 0.001079181 -0.009684246 0.999952495 29.863325119
0.999997973 -0.001534885 -0.001320314 0.654209495 0.001547892 0.999949694 0.009907106 -1.061315656 0.001305041 -0.009909131 0.999949992 30.407075882
0.999998152 -0.001149368 -0.001514814 0.665930748 0.001164473 0.999949217 0.010008153 -1.071833253 0.001503234 -0.010009898 0.999948680 30.952648163
0.999998033 -0.001192912 -0.001574211 0.656351686 0.001208837 0.999947727 0.010153766 -1.094294190 0.001562016 -0.010155649 0.999947190 31.490728378
0.999996781 -0.001654241 -0.001910791 0.674611390 0.001673226 0.999948919 0.009977331 -1.104441404 0.001894188 -0.009980496 0.999948382 32.034461975
0.999998212 -0.000687181 -0.001717285 0.668376982 0.000703371 0.999955177 0.009445163 -1.102264285 0.001710718 -0.009446355 0.999953866 32.569335938
0.999997914 -0.001103267 -0.001736146 0.663534999 0.001121023 0.999946713 0.010259543 -1.140665412 0.001724734 -0.010261469 0.999945819 33.076717377
0.999997854 -0.001099519 -0.001784050 0.678254724 0.001117989 0.999945402 0.010385053 -1.152030110 0.001772535 -0.010387027 0.999944508 33.637008667
0.999997616 -0.001190120 -0.001792756 0.685500324 0.001209706 0.999939203 0.010964327 -1.165896773 0.001779598 -0.010966471 0.999938309 34.190650940
0.999996305 -0.001651888 -0.002168710 0.690427780 0.001675156 0.999940574 0.010771181 -1.181732655 0.002150788 -0.010774772 0.999939561 34.698501587
0.999996901 -0.001402054 -0.002095264 0.700887442 0.001423869 0.999944448 0.010446883 -1.184849977 0.002080500 -0.010449832 0.999943197 35.238628387
0.999996006 -0.001471421 -0.002452382 0.711307406 0.001497815 0.999940634 0.010795456 -1.202593088 0.002436351 -0.010799084 0.999938667 35.776958466
0.999994516 -0.001334387 -0.003032363 0.733898699 0.001367677 0.999938548 0.011002957 -1.225100756 0.003017494 -0.011007044 0.999934852 36.339157104
0.999994993 -0.001258711 -0.002918126 0.735757470 0.001291294 0.999936581 0.011190515 -1.238173723 0.002903855 -0.011194226 0.999933124 36.889781952
0.999993920 -0.001467907 -0.003166146 0.755312204 0.001501514 0.999942362 0.010638298 -1.231377363 0.003150347 -0.010642985 0.999938369 37.444507599
0.999992907 -0.001629225 -0.003378931 0.770126045 0.001667556 0.999933958 0.011372644 -1.259014726 0.003360179 -0.011378199 0.999929547 38.012226105
0.999993205 -0.001553337 -0.003351689 0.763592660 0.001590723 0.999936223 0.011180831 -1.272175789 0.003334108 -0.011186086 0.999931812 38.532463074
0.999992192 -0.001875383 -0.003494609 0.770478606 0.001917332 0.999925792 0.012039198 -1.294208407 0.003471771 -0.012045803 0.999921381 38.995800018
0.999991417 -0.002214806 -0.003493959 0.783822715 0.002257919 0.999920785 0.012384058 -1.312294364 0.003466255 -0.012391841 0.999917209 39.568595886
0.999991894 -0.002059342 -0.003459042 0.792177200 0.002099949 0.999928415 0.011776913 -1.315431237 0.003434542 -0.011784081 0.999924660 40.121768951
0.999992251 -0.001736466 -0.003528823 0.806493938 0.001778944 0.999925554 0.012070118 -1.328770161 0.003507600 -0.012076302 0.999920905 40.655208588
0.999991894 -0.001726295 -0.003636877 0.825667739 0.001770124 0.999925494 0.012082661 -1.341009617 0.003615747 -0.012089001 0.999920368 41.220390320
0.999992788 -0.001571338 -0.003460427 0.822795689 0.001614462 0.999920666 0.012494547 -1.351191044 0.003440519 -0.012500046 0.999915957 41.799114227
0.999990761 -0.002409595 -0.003592314 0.828418255 0.002454712 0.999917507 0.012608130 -1.366328597 0.003561638 -0.012616834 0.999913990 42.275085449
0.999995232 -0.001204727 -0.002862005 0.830937207 0.001240805 0.999919355 0.012637460 -1.369351029 0.002846549 -0.012640950 0.999916017 42.828742981
0.999992371 -0.002032717 -0.003343965 0.834451437 0.002075345 0.999915957 0.012794035 -1.392084479 0.003317678 -0.012800875 0.999912560 43.357063293
0.999991536 -0.002254767 -0.003436311 0.842416883 0.002299103 0.999913454 0.012953256 -1.402487040 0.003406807 -0.012961050 0.999910176 43.888397217
0.999991119 -0.002317561 -0.003516775 0.856577635 0.002361139 0.999919951 0.012438411 -1.403910160 0.003487666 -0.012446607 0.999916434 44.440410614
0.999992132 -0.002245388 -0.003252776 0.862283647 0.002286102 0.999918342 0.012567366 -1.418059230 0.003224293 -0.012574703 0.999915719 44.976718903
0.999991357 -0.002365746 -0.003391016 0.867378950 0.002408305 0.999917626 0.012602068 -1.424008489 0.003360925 -0.012610126 0.999914825 45.494400024
0.999991894 -0.002412908 -0.003206956 0.879150093 0.002452833 0.999918818 0.012504413 -1.437777996 0.003176523 -0.012512178 0.999916673 46.051921844
0.999993205 -0.001915243 -0.003126542 0.885411859 0.001955204 0.999915779 0.012828492 -1.450959563 0.003101708 -0.012834518 0.999912858 46.612071991
0.999992251 -0.002273908 -0.003213829 0.891698122 0.002313946 0.999919057 0.012509828 -1.454300880 0.003185122 -0.012517168 0.999916613 47.135826111
0.999992371 -0.001954278 -0.003372957 0.906886101 0.001995034 0.999924481 0.012122320 -1.458491564 0.003349012 -0.012128958 0.999920905 47.682270050
0.999993742 -0.001784964 -0.003042861 0.914394677 0.001822225 0.999922812 0.012287087 -1.474311471 0.003020694 -0.012292557 0.999919951 48.222648621
0.999993384 -0.002257296 -0.002856056 0.915630341 0.002292590 0.999920428 0.012415526 -1.485467315 0.002827802 -0.012421994 0.999918818 48.744174957
0.999994040 -0.001820923 -0.002917778 0.927088320 0.001859915 0.999908328 0.013416938 -1.502377033 0.002893080 -0.013422287 0.999905705 49.293842316
0.999991179 -0.002178068 -0.003583987 0.951185703 0.002223496 0.999916553 0.012720329 -1.505130768 0.003555983 -0.012728185 0.999912679 49.834953308
0.999994099 -0.001867652 -0.002877079 0.943624735 0.001905231 0.999912143 0.013114794 -1.521865368 0.002852333 -0.013120198 0.999909878 50.365867615
0.999995708 -0.001322904 -0.002628114 0.950857818 0.001358898 0.999904573 0.013741638 -1.534314394 0.002609683 -0.013745150 0.999902129 50.910110474
0.999991715 -0.002285848 -0.003378933 0.962642312 0.002329848 0.999911785 0.013075643 -1.527066946 0.003348746 -0.013083408 0.999908805 51.454639435
0.999992311 -0.002020829 -0.003358306 0.987582803 0.002065133 0.999910176 0.013241710 -1.551593423 0.003331245 -0.013248544 0.999906600 51.952655792
0.999992192 -0.002318406 -0.003204964 0.997607648 0.002362749 0.999900579 0.013902055 -1.562538624 0.003172414 -0.013909519 0.999898136 52.492511749
0.999993742 -0.001835649 -0.003021817 0.990844131 0.001875553 0.999910355 0.013255961 -1.567772388 0.002997213 -0.013261547 0.999907553 53.047332764
0.999995649 -0.001203616 -0.002695801 0.998852730 0.001239546 0.999909937 0.013366094 -1.574903011 0.002679470 -0.013369376 0.999907017 53.555259705
0.999993384 -0.001898310 -0.003080907 1.005144715 0.001938877 0.999910772 0.013218280 -1.590914011 0.003055539 -0.013224167 0.999907911 54.088317871
0.999992609 -0.002130601 -0.003185452 1.012973309 0.002168211 0.999927461 0.011850429 -1.591197729 0.003159973 -0.011857247 0.999924779 54.642501831
0.999994755 -0.001836305 -0.002665721 1.008015513 0.001870089 0.999917269 0.012727054 -1.606741190 0.002642130 -0.012731974 0.999915481 55.191764832
0.999990523 -0.002909204 -0.003232171 1.026566982 0.002950188 0.999914348 0.012748260 -1.610125780 0.003194806 -0.012757676 0.999913454 55.746894836
0.999996603 -0.001349962 -0.002220797 1.036453843 0.001380126 0.999906063 0.013637436 -1.653551102 0.002202180 -0.013640456 0.999904513 56.178958893
0.999997258 -0.001053182 -0.002122376 1.053923726 0.001082065 0.999906242 0.013653729 -1.656065702 0.002107797 -0.013655988 0.999904513 56.708686829
0.999995887 -0.001575679 -0.002399087 1.059331536 0.001607366 0.999910772 0.013263650 -1.665751696 0.002377974 -0.013267453 0.999909103 57.296863556
0.999998212 -0.000816674 -0.001720693 1.064426780 0.000838914 0.999915600 0.012964707 -1.673193216 0.001709960 -0.012966124 0.999914467 57.858608246
0.999995291 -0.001691021 -0.002550934 1.090828419 0.001724942 0.999909341 0.013354428 -1.675948143 0.002528121 -0.013358765 0.999907553 58.313549042
0.999993145 -0.002352919 -0.002822646 1.108211517 0.002389733 0.999911189 0.013110803 -1.688227415 0.002791547 -0.013117460 0.999910057 58.851997375
0.999993682 -0.002472973 -0.002542461 1.130037785 0.002506363 0.999909461 0.013214754 -1.707513094 0.002509551 -0.013221042 0.999909401 59.364265442
0.999993682 -0.002213169 -0.002785539 1.127327919 0.002249735 0.999910414 0.013193268 -1.695378304 0.002756090 -0.013199451 0.999909103 59.885177612
0.999992907 -0.002644499 -0.002699708 1.143380404 0.002678398 0.999916673 0.012630953 -1.703675032 0.002666081 -0.012638094 0.999916553 60.435947418
0.999990523 -0.003027199 -0.003102365 1.166570425 0.003066195 0.999915302 0.012643145 -1.714184761 0.003063830 -0.012652539 0.999915242 60.967960358
0.999989986 -0.002849382 -0.003452695 1.191916108 0.002894419 0.999909878 0.013109719 -1.712006330 0.003415032 -0.013119580 0.999908030 61.448596954
0.999992967 -0.001966282 -0.003195166 1.201267242 0.002006656 0.999917626 0.012682509 -1.712430835 0.003169965 -0.012688830 0.999914408 61.998863220
0.999990940 -0.002393324 -0.003526029 1.214397430 0.002440643 0.999906242 0.013477436 -1.725757480 0.003493442 -0.013485919 0.999902904 62.496387482
0.999991536 -0.002637439 -0.003164673 1.208750725 0.002675838 0.999921978 0.012191228 -1.740249634 0.003132272 -0.012199591 0.999920666 63.045917511
0.999988675 -0.002900448 -0.003752107 1.240675807 0.002949194 0.999910474 0.013052237 -1.739438295 0.003713915 -0.013063158 0.999907792 63.530487061
0.999989867 -0.002878108 -0.003444118 1.232224941 0.002921711 0.999914765 0.012722781 -1.748342276 0.003407207 -0.012732716 0.999913156 64.062812805
0.999989748 -0.002690895 -0.003641149 1.257011652 0.002735682 0.999919951 0.012351368 -1.749263525 0.003607622 -0.012361202 0.999917030 64.608261108
0.999988854 -0.003045504 -0.003608602 1.276448965 0.003092541 0.999909341 0.013101344 -1.754691124 0.003568375 -0.013112358 0.999907613 65.097084045
0.999990046 -0.002687272 -0.003557574 1.298425198 0.002732655 0.999914169 0.012813928 -1.771792054 0.003522833 -0.012823522 0.999911547 65.615043640
0.999992371 -0.002204478 -0.003223139 1.287542105 0.002243105 0.999925137 0.012030257 -1.763931155 0.003196378 -0.012037395 0.999922454 66.185310364
0.999988854 -0.003192538 -0.003462330 1.315187454 0.003235823 0.999915719 0.012568779 -1.769274473 0.003421912 -0.012579842 0.999914944 66.662719727
0.999984980 -0.004065775 -0.003674211 1.323725820 0.004110750 0.999915719 0.012317062 -1.774982929 0.003623822 -0.012331980 0.999917388 67.209999084
0.999988794 -0.003644700 -0.003049508 1.345418572 0.003679368 0.999927759 0.011441011 -1.760500669 0.003007589 -0.011452102 0.999929905 67.731384277
0.999986589 -0.003775257 -0.003544675 1.371034622 0.003819384 0.999914229 0.012525596 -1.792425156 0.003497083 -0.012538967 0.999915183 68.231010437
0.999990284 -0.002934255 -0.003287161 1.384460926 0.002974460 0.999920011 0.012293675 -1.804678202 0.003250826 -0.012303335 0.999918938 68.756553650
0.999982178 -0.004329793 -0.004117253 1.397757292 0.004379712 0.999916077 0.012193672 -1.812765121 0.004064112 -0.012211488 0.999917150 69.301986694
0.999982774 -0.004492224 -0.003781546 1.399389029 0.004536990 0.999918640 0.011913687 -1.804661512 0.003727719 -0.011930639 0.999921858 69.842437744
0.999991238 -0.002684347 -0.003203927 1.429121137 0.002723182 0.999922156 0.012178795 -1.824349880 0.003170985 -0.012187414 0.999920726 70.299606323
0.999993265 -0.002179019 -0.002949868 1.454015017 0.002217371 0.999912262 0.013061072 -1.848026514 0.002921149 -0.013067525 0.999910355 70.814643860
0.999988317 -0.003175291 -0.003652426 1.479277849 0.003218472 0.999924302 0.011878175 -1.852898836 0.003614432 -0.011889789 0.999922752 71.370910645
0.999995351 -0.000848409 -0.002906709 1.511974931 0.000883968 0.999924600 0.012254123 -1.871297598 0.002896094 -0.012256637 0.999920726 71.788963318
0.999990165 -0.002892514 -0.003347256 1.514768243 0.002932747 0.999922752 0.012077936 -1.868320823 0.003312062 -0.012087634 0.999921381 72.341056824
0.999989331 -0.002961852 -0.003560784 1.524462223 0.003002896 0.999928474 0.011577036 -1.877484560 0.003526241 -0.011587604 0.999926686 72.891288757
0.999988019 -0.003460078 -0.003472865 1.549484134 0.003499572 0.999928594 0.011431502 -1.892693996 0.003433062 -0.011443520 0.999928653 73.433113098
0.999993682 -0.002359281 -0.002656849 1.530491233 0.002388631 0.999935567 0.011098539 -1.894801378 0.002630493 -0.011104817 0.999934912 73.915420532
0.999993742 -0.002307478 -0.002655768 1.540678620 0.002338530 0.999928236 0.011749269 -1.905119896 0.002628466 -0.011755406 0.999927461 74.339210510
0.999991775 -0.002761076 -0.002955505 1.564183354 0.002795018 0.999929488 0.011542762 -1.916337967 0.002923426 -0.011550928 0.999929011 74.868072510
0.999993920 -0.002359001 -0.002569873 1.581816435 0.002388433 0.999930859 0.011510473 -1.926550388 0.002542543 -0.011516541 0.999930441 75.440956116
0.999994814 -0.001968380 -0.002517991 1.573322773 0.001996478 0.999935210 0.011205639 -1.923994780 0.002495772 -0.011210608 0.999934018 75.864013672
0.999995053 -0.001940713 -0.002472552 1.582699537 0.001968965 0.999932170 0.011475433 -1.932964087 0.002450115 -0.011480245 0.999931037 76.419830322
0.999994576 -0.002198411 -0.002464049 1.584375024 0.002226338 0.999932647 0.011389039 -1.944191456 0.002438846 -0.011394464 0.999932110 76.892341614
0.999995649 -0.002197130 -0.001946651 1.591505170 0.002220122 0.999926865 0.011889240 -1.950721264 0.001920386 -0.011893513 0.999927461 77.439628601
0.999996305 -0.001624479 -0.002156812 1.603394985 0.001648163 0.999937832 0.011024992 -1.956787467 0.002138769 -0.011028508 0.999936879 77.896743774
0.999997616 -0.001502735 -0.001557675 1.613645673 0.001519449 0.999940634 0.010784902 -1.962077379 0.001541376 -0.010787243 0.999940634 78.458221436
0.999998748 -0.001522693 -0.000439828 1.630448580 0.001527513 0.999936342 0.011172427 -1.978099942 0.000422788 -0.011173083 0.999937475 78.961395264
0.999998450 -0.001143790 0.001357002 1.627692580 0.001129040 0.999940813 0.010821566 -1.985665798 -0.001369299 -0.010820018 0.999940515 79.522613525
0.999995589 0.000353714 0.002943396 1.628396630 -0.000385928 0.999939919 0.010951198 -2.008118629 -0.002939346 -0.010952285 0.999935627 80.087310791
0.999993801 -0.001929839 0.002949445 1.669532180 0.001898143 0.999940813 0.010711506 -1.983273268 -0.002969942 -0.010705839 0.999938309 80.526649475
0.999980807 -0.002523792 0.005650848 1.690148830 0.002467027 0.999946594 0.010029905 -1.991034269 -0.005675860 -0.010015770 0.999933779 81.081199646
0.999950945 -0.000883483 0.009874102 1.701940775 0.000781005 0.999945819 0.010377533 -2.012219191 -0.009882735 -0.010369310 0.999897420 81.633003235
0.999917150 -0.001585268 0.012775049 1.699624538 0.001451394 0.999944031 0.010481794 -1.996258020 -0.012790950 -0.010462385 0.999863446 82.099174500
0.999858916 -0.001793873 0.016702620 1.739294767 0.001621965 0.999945700 0.010300112 -2.015468359 -0.016720191 -0.010271569 0.999807477 82.635932922
0.999723911 0.000141125 0.023496844 1.743777990 -0.000390146 0.999943852 0.010593849 -2.015496016 -0.023494028 -0.010600092 0.999667764 83.171203613
0.999581993 -0.001367589 0.028880201 1.790421963 0.001095022 0.999954700 0.009451555 -1.994060516 -0.028891819 -0.009415981 0.999538124 83.711433411
0.999386370 -0.002257891 0.034953792 1.780719161 0.001917318 0.999950409 0.009773963 -2.018406391 -0.034974132 -0.009700948 0.999341071 84.173690796
0.999050319 -0.002012491 0.043523554 1.829226375 0.001613379 0.999956310 0.009203210 -2.019916058 -0.043540176 -0.009124249 0.999009967 84.722679138
0.998654187 -0.001689206 0.051835954 1.874221087 0.001202215 0.999954879 0.009424599 -2.039899111 -0.051849544 -0.009349598 0.998611093 85.235290527
0.998262107 -0.001757776 0.058903895 1.926423788 0.001208552 0.999955475 0.009358388 -2.044250727 -0.058917724 -0.009270937 0.998219788 85.779891968
0.997739017 -0.003352121 0.067123599 1.979670048 0.002788848 0.999960124 0.008483530 -2.029659510 -0.067149363 -0.008277150 0.997708559 86.326171875
0.997024000 -0.002801088 0.077040672 2.045784950 0.002147184 0.999960959 0.008569312 -2.041365623 -0.077061668 -0.008378389 0.996991098 86.862640381
0.996250808 -0.002526771 0.086475722 2.084331989 0.001753567 0.999957740 0.009016085 -2.058671951 -0.086494863 -0.008830641 0.996213078 87.366569519
0.995505273 -0.002572211 0.094671413 2.120574474 0.001681719 0.999953568 0.009484714 -2.110557079 -0.094691426 -0.009282871 0.995463312 87.824577332
0.994468331 -0.002140443 0.105015390 2.203797340 0.001162634 0.999955416 0.009371435 -2.118573189 -0.105030745 -0.009197500 0.994426370 88.367408752
0.993283212 -0.001897962 0.115693241 2.289404392 0.000773665 0.999952078 0.009762047 -2.140313625 -0.115706213 -0.009606967 0.993237019 88.890991211
0.992223084 -0.003641656 0.124418430 2.382429123 0.002447819 0.999949515 0.009746858 -2.164252758 -0.124447644 -0.009366506 0.992181957 89.311920166
0.990751266 -0.003427697 0.135647148 2.477258682 0.002109139 0.999949157 0.009863025 -2.164641619 -0.135674044 -0.009485708 0.990708172 89.870880127
0.988986671 -0.002843373 0.147977173 2.571396828 0.001422772 0.999951839 0.009705102 -2.181391716 -0.147997633 -0.009387677 0.988943100 90.403388977
0.987260222 -0.003077784 0.159084231 2.680614471 0.001559237 0.999952018 0.009669495 -2.189886808 -0.159106359 -0.009298257 0.987217665 90.943855286
0.985699356 -0.003808546 0.168469980 2.778730392 0.002246630 0.999952734 0.009460819 -2.197736740 -0.168498039 -0.008947033 0.985661328 91.466987610
0.983544230 -0.003862806 0.180626214 2.900011063 0.002199917 0.999953330 0.009405670 -2.207568645 -0.180654109 -0.008853527 0.983506799 92.004547119
0.981114328 -0.003646828 0.193394303 3.036549568 0.001785668 0.999950469 0.009797095 -2.230226040 -0.193420470 -0.009266733 0.981072128 92.543792725
0.978983521 -0.005017265 0.203877538 3.160978317 0.003159670 0.999950469 0.009435817 -2.219740391 -0.203914762 -0.008593324 0.978950918 93.037567139
0.976033807 -0.004020733 0.217581913 3.295398712 0.001969374 0.999951601 0.009644015 -2.228126764 -0.217610165 -0.008984385 0.975994408 93.595573425
0.973064303 -0.005317592 0.230472550 3.446105957 0.003218560 0.999949813 0.009482518 -2.242772818 -0.230511412 -0.008485309 0.973032653 94.066596985
0.970215023 -0.004726241 0.242198989 3.596878052 0.002341261 0.999945939 0.010134053 -2.258758783 -0.242233768 -0.009265160 0.970173717 94.606170654
0.967134178 -0.005478681 0.254207551 3.771903992 0.003249804 0.999952495 0.009187073 -2.268452168 -0.254245818 -0.008059007 0.967106044 95.134078979
0.963525057 -0.006774237 0.267532021 3.961381912 0.004415072 0.999945879 0.009418822 -2.278554440 -0.267581314 -0.007894101 0.963502944 95.635002136
0.959923446 -0.006532685 0.280186057 4.143154144 0.004121291 0.999949276 0.009194707 -2.286614656 -0.280231833 -0.007671488 0.959901690 96.156784058
0.956693411 -0.008275345 0.290979892 4.322942734 0.005826926 0.999939919 0.009279914 -2.312212467 -0.291039169 -0.007182514 0.956684172 96.676277161
0.952211022 -0.007365962 0.305352330 4.504779816 0.004607495 0.999941826 0.009753412 -2.322177172 -0.305406392 -0.007880396 0.952189445 97.204467773
0.947851777 -0.011102095 0.318517834 4.714092255 0.008454711 0.999917209 0.009692904 -2.341032743 -0.318599075 -0.006494460 0.947867215 97.730560303
0.944173038 -0.012089645 0.329227954 4.925102234 0.009486983 0.999909699 0.009510736 -2.344320059 -0.329313189 -0.005856401 0.944202483 98.260612488
0.939594269 -0.012081992 0.342077076 5.117166519 0.009331061 0.999909520 0.009686380 -2.359170914 -0.342163175 -0.005909326 0.939621866 98.731101990
0.934530079 -0.012734797 0.355656236 5.333703995 0.009830761 0.999901891 0.009971448 -2.380736113 -0.355748355 -0.005822246 0.934563637 99.212600708
0.929660797 -0.011469038 0.368238062 5.531890869 0.008222519 0.999912262 0.010384255 -2.381834507 -0.368324876 -0.006625990 0.929673553 99.680953979
0.924646735 -0.010062031 0.380692989 5.749938965 0.006550199 0.999923229 0.010519335 -2.398068428 -0.380769640 -0.007233052 0.924641609 100.177917480
0.918858290 -0.010579707 0.394445896 5.976638794 0.006817836 0.999916971 0.010937377 -2.408291817 -0.394528836 -0.007360632 0.918854058 100.641685486
0.913334012 -0.011347860 0.407053024 6.229206085 0.007859755 0.999916673 0.010240268 -2.414295435 -0.407135278 -0.006153447 0.913347065 101.127914429
0.908361733 -0.011730497 0.418020546 6.476917267 0.007856616 0.999908805 0.010986960 -2.433012962 -0.418111205 -0.006695910 0.908371091 101.611701965
0.902868032 -0.013457797 0.429707080 6.718002319 0.009405640 0.999889016 0.011552639 -2.443652630 -0.429814875 -0.006388840 0.902894378 102.074409485
0.896373868 -0.014160782 0.443072587 6.986206055 0.009996170 0.999881148 0.011733502 -2.456214428 -0.443186104 -0.006088576 0.896408916 102.555381775
0.890101850 -0.013376268 0.455565333 7.210109711 0.009026811 0.999890685 0.011721747 -2.447549820 -0.455672234 -0.006321247 0.890125096 103.014251709
0.884115636 -0.013001990 0.467087150 7.480026245 0.008065287 0.999888599 0.012567017 -2.466979980 -0.467198491 -0.007343505 0.884121954 103.472610474
0.876841664 -0.013029191 0.480602592 7.745838165 0.008333579 0.999894381 0.011902945 -2.467103481 -0.480706841 -0.006431858 0.876857758 103.927917480
0.869725406 -0.014884480 0.493311316 8.028430939 0.010424192 0.999876082 0.011790631 -2.472072601 -0.493425667 -0.005112240 0.869772911 104.387329102
0.863859832 -0.015922347 0.503480375 8.324417114 0.011475581 0.999862969 0.011930692 -2.473561764 -0.503601313 -0.004528717 0.863924265 104.844223022
