1.000000000 0.000000000 0.000000000 0.000000000 0.000000000 1.000000000 0.000000000 0.000000000 0.000000000 0.000000000 1.000000000 0.000000000
1.000000000 0.000162725 0.000124923 -0.003259495 -0.000162709 1.000000000 -0.000126538 0.002935326 -0.000124944 0.000126517 1.000000000 0.004470577
1.000000000 0.000119615 0.000038618 -0.000020304 -0.000119613 1.000000000 -0.000049980 0.001671102 -0.000038624 0.000049975 1.000000000 0.004376782
0.999999940 0.000300668 0.000115739 -0.000458883 -0.000300663 0.999999940 -0.000043796 0.001716618 -0.000115752 0.000043761 1.000000000 -0.000773654
1.000000000 0.000163183 0.000017080 0.001951143 -0.000163182 1.000000000 -0.000050786 0.001714304 -0.000017088 0.000050783 1.000000000 0.001000922
1.000000000 0.000054431 -0.000032694 0.000411026 -0.000054432 1.000000000 -0.000024712 0.000844308 0.000032692 0.000024714 1.000000000 -0.000030772
1.000000000 0.000120987 0.000181072 -0.005544047 -0.000120962 1.000000000 -0.000135211 0.002724894 -0.000181089 0.000135189 1.000000000 0.002249594
1.000000000 0.000023813 0.000004350 0.000005431 -0.000023813 1.000000000 0.000011002 0.000963234 -0.000004349 -0.000011002 1.000000000 -0.001399543
1.000000000 -0.000018140 0.000133043 -0.003839748 0.000018145 1.000000000 -0.000036815 0.001705210 -0.000133042 0.000036818 1.000000000 0.001939371
0.999999940 0.000196684 0.000209524 -0.003974194 -0.000196656 1.000000000 -0.000133658 0.001351382 -0.000209550 0.000133617 0.999999940 -0.000123219
1.000000000 0.000149070 0.000051457 0.001707874 -0.000149071 1.000000000 0.000016908 0.001373314 -0.000051454 -0.000016915 1.000000000 -0.003416710
1.000000000 0.000096567 0.000160227 -0.002685321 -0.000096558 1.000000000 -0.000061164 0.001735787 -0.000160233 0.000061148 1.000000000 -0.002431941
1.000000000 -0.000020236 0.000026646 -0.000738811 0.000020236 1.000000000 0.000001276 0.000762495 -0.000026646 -0.000001276 1.000000000 -0.007082614
1.000000000 -0.000106424 0.000081847 -0.001494980 0.000106424 1.000000000 0.000002119 -0.000482109 -0.000081847 -0.000002110 1.000000000 -0.001238541
1.000000000 0.000021229 0.000040378 0.000162073 -0.000021228 1.000000000 -0.000033207 0.000316045 -0.000040378 0.000033206 1.000000000 -0.003413986
0.999999940 -0.000194217 -0.000148178 0.003635696 0.000194214 1.000000000 -0.000017927 0.000305770 0.000148182 0.000017898 1.000000000 -0.007043546
1.000000000 -0.000122086 -0.000074697 0.002311357 0.000122086 1.000000000 -0.000002440 -0.000863014 0.000074697 0.000002431 1.000000000 -0.007037870
1.000000000 0.000008129 0.000137801 -0.002172469 -0.000008149 1.000000000 0.000147490 -0.003379629 -0.000137800 -0.000147491 1.000000000 -0.006395654
1.000000000 0.000018351 -0.000020545 0.001492514 -0.000018350 1.000000000 0.000052546 0.000775913 0.000020546 -0.000052546 1.000000000 -0.006831921
1.000000000 -0.000135857 -0.000014802 0.000153003 0.000135857 1.000000000 0.000041667 -0.000866778 0.000014796 -0.000041669 1.000000000 -0.008211379
1.000000000 0.000012174 0.000060963 -0.000452856 -0.000012174 1.000000000 0.000006097 -0.000250487 -0.000060963 -0.000006098 1.000000000 -0.007075881
1.000000000 -0.000123157 0.000030912 0.000007760 0.000123155 1.000000000 0.000067309 -0.001797676 -0.000030920 -0.000067306 1.000000000 -0.004681153
1.000000000 0.000101245 0.000105522 -0.002858685 -0.000101239 1.000000000 -0.000050235 0.000465299 -0.000105527 0.000050225 1.000000000 0.000170862
1.000000000 -0.000058404 -0.000051923 0.001741585 0.000058402 1.000000000 -0.000027378 -0.000082722 0.000051925 0.000027375 1.000000000 -0.001695056
1.000000000 -0.000048521 0.000059294 -0.002536438 0.000048517 1.000000000 0.000066844 0.000429219 -0.000059297 -0.000066841 1.000000000 -0.000743498
1.000000000 -0.000087445 -0.000109863 0.004191268 0.000087434 1.000000000 -0.000097366 0.001828404 0.000109872 0.000097356 1.000000000 -0.006963217
1.000000000 -0.000098919 0.000069273 -0.002686099 0.000098927 1.000000000 -0.000110152 0.002580838 -0.000069262 0.000110159 1.000000000 -0.000037547
0.999999940 0.000226837 0.000146968 -0.004261271 -0.000226819 0.999999940 -0.000122842 0.001997039 -0.000146996 0.000122808 1.000000000 -0.001050832
1.000000000 0.000010247 0.000091053 -0.002762989 -0.000010247 1.000000000 0.000007775 0.000988514 -0.000091053 -0.000007776 1.000000000 0.000115627
1.000000000 -0.000053629 0.000013714 -0.003668581 0.000053629 1.000000000 -0.000047350 0.002948931 -0.000013712 0.000047351 1.000000000 -0.001492106
1.000000000 0.000001867 0.000077537 -0.003490390 -0.000001864 1.000000000 -0.000036789 0.001432557 -0.000077537 0.000036789 1.000000000 -0.000433369
1.000000000 -0.000078803 0.000077004 -0.003193747 0.000078794 1.000000000 0.000111890 0.000391523 -0.000077013 -0.000111884 1.000000000 0.002295924
1.000000000 -0.000176826 0.000023920 -0.003363293 0.000176825 1.000000000 0.000017368 0.000163680 -0.000023923 -0.000017363 1.000000000 -0.004809516
1.000000000 -0.000133960 -0.000011847 -0.001596841 0.000133961 1.000000000 0.000048961 0.000248262 0.000011840 -0.000048963 1.000000000 -0.006534840
1.000000000 0.000187075 0.000141847 -0.003969284 -0.000187073 1.000000000 -0.000010171 0.000887331 -0.000141849 0.000010144 1.000000000 -0.002053454
1.000000000 0.000025725 0.000168780 -0.004213623 -0.000025722 1.000000000 -0.000018210 0.001169601 -0.000168781 0.000018206 1.000000000 -0.000051684
1.000000000 0.000067669 0.000093187 -0.005271816 -0.000067665 1.000000000 -0.000042083 0.002138446 -0.000093190 0.000042076 1.000000000 -0.000505329
1.000000000 0.000044652 0.000079970 -0.004069180 -0.000044643 1.000000000 -0.000122494 0.002796994 -0.000079975 0.000122490 1.000000000 -0.001258816
1.000000000 -0.000154756 0.000034130 -0.002727952 0.000154754 1.000000000 0.000045581 0.001074805 -0.000034137 -0.000045576 1.000000000 0.000575214
1.000000000 -0.000113473 -0.000006953 0.000018030 0.000113474 1.000000000 0.000104964 -0.000468034 0.000006941 -0.000104965 1.000000000 -0.006566193
1.000000000 -0.000235827 -0.000026966 -0.002568881 0.000235828 1.000000000 0.000025778 -0.000671484 0.000026959 -0.000025784 1.000000000 -0.000868988
1.000000000 0.000072487 0.000091666 0.002307328 -0.000072438 0.999999881 -0.000530580 -0.005026474 -0.000091704 0.000530573 0.999999881 0.051201873
1.000000000 -0.000013062 0.000023929 0.001888825 0.000013093 0.999999166 -0.001273599 -0.003432980 -0.000023912 0.001273600 0.999999166 0.147064686
1.000000000 0.000010512 -0.000077953 0.004857996 -0.000010629 0.999998868 -0.001501417 -0.010363928 0.000077937 0.001501417 0.999998868 0.261085659
1.000000000 -0.000005789 0.000079300 0.002311250 0.000005900 0.999999046 -0.001399806 -0.016061170 -0.000079292 0.001399807 0.999999046 0.391982257
1.000000000 0.000010280 -0.000103320 0.004946595 -0.000010394 0.999999404 -0.001101501 -0.020534363 0.000103309 0.001101502 0.999999404 0.533682942
0.999999940 -0.000051134 -0.000275648 0.017816285 0.000050854 0.999999464 -0.001018255 -0.027711598 0.000275700 0.001018241 0.999999464 0.690194607
0.999999881 -0.000421380 -0.000153386 0.022010006 0.000421299 0.999999762 -0.000524166 -0.032535139 0.000153607 0.000524101 0.999999821 0.850887775
0.999999881 -0.000181508 -0.000402471 0.028986435 0.000181279 0.999999821 -0.000570033 -0.038265154 0.000402574 0.000569960 0.999999762 1.035127997
1.000000000 -0.000013780 0.000057865 0.017010111 0.000013813 0.999999821 -0.000575889 -0.045311093 -0.000057857 0.000575890 0.999999821 1.211328268
0.999999762 -0.000566128 -0.000374288 0.039131336 0.000565964 0.999999762 -0.000439443 -0.050157953 0.000374537 0.000439231 0.999999821 1.420758367
0.999999344 -0.000711176 -0.000900718 0.046503160 0.000711128 0.999999762 -0.000053234 -0.061107576 0.000900756 0.000052593 0.999999583 1.607292533
0.999996662 0.002213251 -0.001289735 0.068218887 -0.002214481 0.999997079 -0.000953788 -0.075381041 0.001287620 0.000956641 0.999998689 1.766878843
0.999997318 0.001976718 -0.001186142 0.079179689 -0.001977555 0.999997795 -0.000704997 -0.085489459 0.001184746 0.000707341 0.999999046 1.967371345
0.999997616 0.001413915 -0.001656434 0.083560809 -0.001415094 0.999998689 -0.000710587 -0.099583358 0.001655428 0.000712929 0.999998331 2.174868345
0.999997556 0.001522247 -0.001568440 0.091439784 -0.001523073 0.999998689 -0.000525528 -0.106634729 0.001567638 0.000527916 0.999998629 2.388530016
0.999995887 0.002336784 -0.001646636 0.093976401 -0.002337834 0.999997079 -0.000635705 -0.104969859 0.001645146 0.000639552 0.999998391 2.641654491
0.999997675 0.001894910 -0.001053701 0.091172144 -0.001895036 0.999998212 -0.000117997 -0.123994954 0.001053475 0.000119994 0.999999464 2.852372646
0.999999762 0.000246268 -0.000589760 0.072096720 -0.000246133 0.999999940 0.000228980 -0.147196487 0.000589817 -0.000228835 0.999999762 3.043598890
0.999999702 0.000637017 -0.000269132 0.068756253 -0.000637004 0.999999762 0.000047557 -0.152343422 0.000269162 -0.000047386 1.000000000 3.304307222
0.999999940 0.000359198 -0.000396437 0.080590345 -0.000359088 0.999999940 0.000277783 -0.159980237 0.000396536 -0.000277641 0.999999940 3.549084902
0.999999464 0.000980437 -0.000512986 0.085586406 -0.000980380 0.999999523 0.000110949 -0.169178203 0.000513095 -0.000110446 0.999999881 3.777752399
0.999999762 0.000684571 -0.000114603 0.078024350 -0.000684563 0.999999762 0.000070016 -0.184749603 0.000114651 -0.000069938 1.000000000 4.070095539
0.999999285 0.001235814 0.000112808 0.079542078 -0.001235850 0.999999225 0.000316057 -0.193786353 -0.000112417 -0.000316196 0.999999940 4.324113846
0.999999404 0.001153671 0.000037441 0.091511317 -0.001153681 0.999999285 0.000285436 -0.200585231 -0.000037112 -0.000285479 1.000000000 4.597454071
0.999997556 0.002179470 0.000220895 0.089269854 -0.002179613 0.999997437 0.000650821 -0.203921229 -0.000219476 -0.000651301 0.999999702 4.819754124
0.999997079 0.002396168 0.000398089 0.090564631 -0.002396371 0.999997020 0.000508582 -0.211605921 -0.000396869 -0.000509534 0.999999762 5.079568386
0.999998271 0.001911596 -0.000057445 0.096828081 -0.001911541 0.999997735 0.000955215 -0.224783778 0.000059271 -0.000955103 0.999999523 5.347451687
0.999998569 0.001716641 0.000246135 0.098728329 -0.001716886 0.999998093 0.000999511 -0.232296765 -0.000244419 -0.000999932 0.999999404 5.613776684
0.999998808 0.001547550 -0.000212593 0.122033529 -0.001547416 0.999998748 0.000630187 -0.249446198 0.000213568 -0.000629858 0.999999762 5.872738838
0.999999166 0.001298368 0.000064690 0.122319154 -0.001298414 0.999998927 0.000725711 -0.261660069 -0.000063748 -0.000725795 0.999999762 6.139207363
0.999997735 0.002142311 0.000369815 0.129412442 -0.002142504 0.999997675 0.000522476 -0.265627891 -0.000368695 -0.000523267 0.999999821 6.428958416
0.999998450 0.001718288 -0.000113125 0.136178702 -0.001718208 0.999998212 0.000704019 -0.274687678 0.000114334 -0.000703824 0.999999762 6.732429981
0.999998868 0.001454904 -0.000350496 0.154519334 -0.001454612 0.999998629 0.000830293 -0.289976418 0.000351703 -0.000829782 0.999999642 7.014127254
0.999998271 0.001850377 0.000016124 0.159970760 -0.001850395 0.999997616 0.001125018 -0.300574005 -0.000014042 -0.001125046 0.999999344 7.316644192
0.999998748 0.001564543 -0.000016274 0.160660505 -0.001564530 0.999998391 0.000782445 -0.304257482 0.000017498 -0.000782419 0.999999702 7.640380859
0.999999344 0.001115876 0.000065204 0.168393075 -0.001115929 0.999999046 0.000822023 -0.313515633 -0.000064286 -0.000822096 0.999999642 7.945344448
0.999999344 0.001094013 0.000283321 0.176191762 -0.001094289 0.999998927 0.000978519 -0.321486890 -0.000282251 -0.000978828 0.999999523 8.263052940
0.999999344 0.001110216 0.000402614 0.182171315 -0.001110439 0.999999225 0.000553874 -0.319233835 -0.000401999 -0.000554321 0.999999702 8.590242386
0.999999344 0.000962555 0.000681421 0.176756710 -0.000963014 0.999999344 0.000672882 -0.328637123 -0.000680773 -0.000673538 0.999999464 8.934666634
0.999999583 0.000928320 0.000137042 0.207974255 -0.000928450 0.999999106 0.000951937 -0.346839815 -0.000136158 -0.000952063 0.999999523 9.259621620
0.999999821 0.000201422 -0.000437225 0.227801204 -0.000201272 0.999999881 0.000342384 -0.349101305 0.000437294 -0.000342296 0.999999821 9.602663040
0.999999881 0.000505998 -0.000160307 0.223130047 -0.000505858 0.999999523 0.000867767 -0.359126508 0.000160746 -0.000867686 0.999999583 9.953727722
1.000000000 0.000317821 0.000013053 0.228591517 -0.000317832 0.999999642 0.000838432 -0.375472128 -0.000012787 -0.000838437 0.999999583 10.317222595
0.999999881 0.000467890 0.000209245 0.240820020 -0.000468133 0.999999225 0.001162826 -0.386699289 -0.000208700 -0.001162923 0.999999285 10.691391945
0.999999821 0.000637519 0.000081099 0.237149745 -0.000637605 0.999999225 0.001060352 -0.411927491 -0.000080422 -0.001060404 0.999999464 10.995475769
0.999999464 0.001031151 0.000371689 0.240080431 -0.001031472 0.999999106 0.000862148 -0.424837977 -0.000370800 -0.000862531 0.999999642 11.379506111
0.999999881 0.000506265 0.000105003 0.256234378 -0.000506407 0.999998927 0.001356907 -0.432386994 -0.000104316 -0.001356960 0.999999166 11.758851051
0.999999464 0.001047927 0.000106393 0.259757280 -0.001048075 0.999998450 0.001398283 -0.446588159 -0.000104928 -0.001398394 0.999999106 12.112268448
0.999999881 0.000260614 0.000379486 0.269528806 -0.000261152 0.999998927 0.001417817 -0.469977468 -0.000379115 -0.001417916 0.999998927 12.488898277
1.000000000 -0.000321945 -0.000130265 0.283330053 0.000322135 0.999998927 0.001456825 -0.476864904 0.000129796 -0.001456867 0.999998927 12.894914627
1.000000000 0.000137733 0.000135394 0.297259897 -0.000137999 0.999998152 0.001968380 -0.495654434 -0.000135123 -0.001968399 0.999997973 13.298151970
0.999999106 0.000993897 0.000861246 0.304116637 -0.000994981 0.999998808 0.001258962 -0.488924146 -0.000859994 -0.001259818 0.999998808 13.726408958
0.999999583 0.000124240 0.000901243 0.296923518 -0.000126351 0.999997258 0.002342527 -0.547246277 -0.000900949 -0.002342640 0.999996781 14.037432671
0.999999583 -0.000552893 0.000730293 0.308072925 0.000551269 0.999997377 0.002221480 -0.564524293 -0.000731520 -0.002221077 0.999997199 14.463331223
0.999999046 0.000237134 0.001357266 0.314288855 -0.000240468 0.999997020 0.002456906 -0.572849154 -0.001356680 -0.002457230 0.999996066 14.898483276
0.999998868 -0.000300231 0.001505726 0.321432680 0.000295604 0.999995232 0.003071945 -0.590373755 -0.001506642 -0.003071496 0.999994159 15.296369553
0.999999106 -0.000529808 0.001208774 0.370164067 0.000526321 0.999995708 0.002883651 -0.616675973 -0.001210297 -0.002883012 0.999995053 15.722794533
0.999999344 -0.000012816 0.001183519 0.383871734 0.000009569 0.999996364 0.002743647 -0.625190496 -0.001183550 -0.002743634 0.999995470 16.173179626
0.999999106 -0.000338505 0.001268536 0.393358141 0.000335380 0.999996901 0.002462612 -0.628941774 -0.001269365 -0.002462185 0.999996126 16.624441147
0.999998152 0.000295775 0.001863708 0.403389364 -0.000300048 0.999997318 0.002292722 -0.629640818 -0.001863025 -0.002293277 0.999995589 17.119794846
0.999995232 0.000534214 0.003027658 0.393040210 -0.000543314 0.999995351 0.003005491 -0.667771578 -0.003026038 -0.003007122 0.999990880 17.516220093
0.999993443 0.000720503 0.003529981 0.399430066 -0.000730880 0.999995410 0.002939388 -0.678152978 -0.003527847 -0.002941949 0.999989390 17.992210388
0.999992549 0.000624127 0.003824759 0.413895100 -0.000635528 0.999995351 0.002980272 -0.688480258 -0.003822881 -0.002982680 0.999988258 18.450708389
0.999992371 0.000418290 0.003887829 0.427680850 -0.000430393 0.999995112 0.003112963 -0.699927390 -0.003886507 -0.003114613 0.999987602 18.927421570
0.999995172 -0.000461289 0.003080989 0.450195611 0.000448997 0.999991894 0.003989298 -0.748563826 -0.003082805 -0.003987896 0.999987245 19.391342163
0.999995172 -0.001143666 0.002915611 0.463387221 0.001131771 0.999991000 0.004078160 -0.753744841 -0.002920249 -0.004074840 0.999987423 19.863044739
0.999994695 -0.000427841 0.003214606 0.482592016 0.000413705 0.999990225 0.004396960 -0.774546862 -0.003216455 -0.004395607 0.999985158 20.345716476
0.999995291 -0.000795178 0.002956932 0.483150661 0.000782966 0.999991179 0.004128922 -0.794433177 -0.002960189 -0.004126587 0.999987125 20.836874008
0.999996424 -0.000389437 0.002630984 0.491012484 0.000379385 0.999992609 0.003820135 -0.793042362 -0.002632453 -0.003819123 0.999989271 21.352499008
0.999996901 -0.001023731 0.002251631 0.508203983 0.001014907 0.999991834 0.003916433 -0.812106550 -0.002255622 -0.003914136 0.999989808 21.866430283
0.999997556 -0.000803581 0.002070999 0.514766574 0.000793206 0.999987125 0.005005241 -0.841604829 -0.002074995 -0.005003587 0.999985337 22.355558395
0.999998868 -0.001117262 0.000924966 0.539398849 0.001112947 0.999988556 0.004652729 -0.862040341 -0.000930153 -0.004651695 0.999988735 22.828289032
0.999998868 -0.001448591 0.000256805 0.549051225 0.001447399 0.999988437 0.004581311 -0.880598009 -0.000263439 -0.004580934 0.999989510 23.368654251
0.999997497 -0.002215927 0.000012529 0.556876302 0.002215848 0.999987364 0.004506481 -0.889750600 -0.000022515 -0.004506443 0.999989808 23.843236923
0.999999225 -0.001045894 -0.000640219 0.565540850 0.001048846 0.999988735 0.004628749 -0.901373863 0.000635371 -0.004629417 0.999989092 24.364212036
0.999998391 -0.000880725 -0.001534473 0.579475760 0.000888035 0.999988258 0.004769598 -0.915511847 0.001530254 -0.004770953 0.999987423 24.897964478
0.999997973 -0.000995515 -0.001698646 0.579170585 0.001003451 0.999988556 0.004677803 -0.921719909 0.001693970 -0.004679500 0.999987543 25.438415527
0.999994397 -0.002244785 -0.002426871 0.593593419 0.002255645 0.999987423 0.004481646 -0.933722734 0.002416780 -0.004487096 0.999987006 25.986860275
0.999994993 -0.001927397 -0.002491953 0.600629628 0.001941143 0.999982774 0.005525559 -0.950657129 0.002481260 -0.005530369 0.999981642 26.512025833
0.999994636 -0.001709189 -0.002775593 0.609139383 0.001724761 0.999982655 0.005617644 -0.967862785 0.002765944 -0.005622401 0.999980390 27.043794632
0.999995232 -0.000782689 -0.003001356 0.630238593 0.000801268 0.999980450 0.006193956 -0.990307987 0.002996450 -0.006196331 0.999976337 27.558910370
0.999994457 -0.000441948 -0.003299838 0.623982012 0.000460780 0.999983609 0.005708423 -0.999492526 0.003297261 -0.005709911 0.999978244 28.098587036
0.999994099 -0.000097471 -0.003445379 0.634662211 0.000118577 0.999981284 0.006126082 -1.019038558 0.003444718 -0.006126454 0.999975264 28.647344589
0.999994457 0.000362980 -0.003324792 0.615791440 -0.000343198 0.999982238 0.005948598 -1.036156893 0.003326893 -0.005947425 0.999976814 29.217393875
0.999991357 -0.000204430 -0.004146822 0.649597585 0.000230544 0.999980152 0.006297832 -1.053098679 0.004145452 -0.006298734 0.999971569 29.712669373
0.999990940 0.000340153 -0.004250501 0.661778331 -0.000313003 0.999979615 0.006386371 -1.069738030 0.004252587 -0.006384983 0.999970555 30.256216049
0.999987185 -0.000713366 -0.004995752 0.680060685 0.000748539 0.999974847 0.007042076 -1.102382779 0.004990603 -0.007045727 0.999962687 30.802999496
0.999984860 -0.000479998 -0.005484390 0.698363960 0.000520999 0.999971926 0.007476957 -1.124546051 0.005480648 -0.007479700 0.999957025 31.338249207
0.999982834 -0.000435986 -0.005840041 0.724479973 0.000475511 0.999976993 0.006768272 -1.135257483 0.005836955 -0.006770934 0.999960065 31.880031586
0.999986053 -0.000100849 -0.005282091 0.718871593 0.000138058 0.999975204 0.007044459 -1.144475460 0.005281249 -0.007045089 0.999961257 32.378719330
0.999988973 0.000042159 -0.004697816 0.709299564 -0.000009319 0.999975562 0.006990307 -1.157247066 0.004697996 -0.006990186 0.999964535 32.923877716
0.999989092 0.000115728 -0.004666389 0.708442330 -0.000082246 0.999974310 0.007174741 -1.178843975 0.004667099 -0.007174279 0.999963343 33.448162079
0.999983311 -0.000090449 -0.005773842 0.732939482 0.000134122 0.999971390 0.007564149 -1.192019105 0.005772992 -0.007564795 0.999954700 34.041679382
0.999980152 -0.000522463 -0.006277235 0.749928534 0.000567715 0.999973834 0.007209349 -1.196967006 0.006273305 -0.007212770 0.999954283 34.580146790
0.999984384 0.000863277 -0.005504263 0.738281488 -0.000829958 0.999981344 0.006052699 -1.189000964 0.005509386 -0.006048037 0.999966443 35.133510590
0.999984205 0.001374082 -0.005446271 0.733298481 -0.001339689 0.999979138 0.006313527 -1.222381711 0.005454833 -0.006306132 0.999965191 35.661182404
0.999984562 0.000953336 -0.005476402 0.752175212 -0.000908933 0.999966741 0.008104786 -1.271574974 0.005483946 -0.008099684 0.999952137 36.140064240
0.999984741 0.001364217 -0.005351292 0.753307462 -0.001320352 0.999965549 0.008192210 -1.283380270 0.005362284 -0.008185020 0.999952137 36.694606781
0.999981761 0.001001582 -0.005954283 0.772086501 -0.000956714 0.999971211 0.007533567 -1.284016252 0.005961657 -0.007527734 0.999953866 37.240375519
0.999980628 0.000068208 -0.006227807 0.790451884 -0.000015182 0.999963820 0.008513906 -1.310181618 0.006228161 -0.008513645 0.999944329 37.794940948
0.999982059 -0.000258513 -0.005977909 0.782087445 0.000310877 0.999961615 0.008760400 -1.329428434 0.005975413 -0.008762102 0.999943733 38.313560486
0.999979496 0.000439314 -0.006376115 0.803606212 -0.000386899 0.999966145 0.008219432 -1.329507828 0.006379507 -0.008216798 0.999945879 38.874492645
0.999978662 0.000103072 -0.006531459 0.837494671 -0.000042925 0.999957621 0.009208289 -1.368682384 0.006532132 -0.009207812 0.999936283 39.390224457
0.999977171 -0.000093919 -0.006759288 0.846464396 0.000156921 0.999956548 0.009320871 -1.383536816 0.006758120 -0.009321719 0.999933779 39.930019379
0.999977827 0.000559338 -0.006633872 0.848194718 -0.000498910 0.999958456 0.009107297 -1.395154476 0.006638690 -0.009103787 0.999936521 40.468936920
0.999980211 0.001108259 -0.006186459 0.863428354 -0.001052728 0.999959171 0.008972200 -1.402915359 0.006196150 -0.008965510 0.999940574 41.034351349
0.999980211 0.000522726 -0.006254350 0.867416561 -0.000462576 0.999953687 0.009614902 -1.423316002 0.006259086 -0.009611819 0.999934256 41.568790436
0.999980509 0.000479593 -0.006226862 0.867912173 -0.000418977 0.999952555 0.009732243 -1.432803631 0.006231235 -0.009729446 0.999933243 42.082809448
0.999980032 0.001297136 -0.006188673 0.872057855 -0.001240488 0.999957383 0.009148526 -1.432566166 0.006200276 -0.009140668 0.999938965 42.640796661
0.999980450 0.000792312 -0.006205482 0.883082092 -0.000732153 0.999952793 0.009690741 -1.456156015 0.006212867 -0.009686011 0.999933720 43.167675018
0.999982417 0.000922301 -0.005856260 0.883074403 -0.000865677 0.999952853 0.009664143 -1.467977881 0.005864897 -0.009658902 0.999936163 43.699951172
0.999981880 0.001019094 -0.005937696 0.897465527 -0.000964215 0.999956846 0.009238089 -1.469248056 0.005946854 -0.009232196 0.999939680 44.259803772
0.999983251 0.000797957 -0.005725886 0.905824602 -0.000745176 0.999957204 0.009214132 -1.484227300 0.005732992 -0.009209710 0.999941170 44.798854828
0.999983013 0.000488285 -0.005805880 0.911547899 -0.000434921 0.999957681 0.009188945 -1.492272973 0.005810122 -0.009186263 0.999940932 45.323623657
0.999983609 0.000827744 -0.005689416 0.924440980 -0.000775860 0.999958158 0.009115500 -1.505420923 0.005696724 -0.009110938 0.999942243 45.877471924
0.999982655 0.001483744 -0.005706186 0.942055464 -0.001429904 0.999954522 0.009427906 -1.526082754 0.005719916 -0.009419586 0.999939263 46.415832520
0.999983549 0.001093839 -0.005634949 0.938091159 -0.001042289 0.999957681 0.009143186 -1.524545431 0.005644711 -0.009137162 0.999942303 46.975170135
0.999984622 0.001644078 -0.005294337 0.951596856 -0.001595957 0.999957502 0.009080670 -1.543128967 0.005309042 -0.009072082 0.999944687 47.473384857
0.999984980 0.001337315 -0.005309008 0.965430856 -0.001289534 0.999958694 0.008993109 -1.556744695 0.005320814 -0.008986127 0.999945462 48.019416809
0.999984145 0.001040806 -0.005542967 0.972074628 -0.000989449 0.999956667 0.009259995 -1.569434762 0.005552364 -0.009254362 0.999941766 48.565071106
0.999983191 0.001605526 -0.005569387 0.986995041 -0.001552938 0.999954283 0.009433787 -1.579869866 0.005584280 -0.009424978 0.999939978 49.104576111
0.999981940 0.001501476 -0.005826209 0.993127823 -0.001445453 0.999952734 0.009608055 -1.587382793 0.005840362 -0.009599459 0.999936819 49.649055481
0.999985516 0.001921187 -0.005022666 0.993877351 -0.001871856 0.999950111 0.009807995 -1.603904247 0.005041259 -0.009798450 0.999939203 50.174636841
0.999986231 0.002574680 -0.004576739 0.993936360 -0.002528067 0.999945283 0.010161500 -1.617914438 0.004602652 -0.010149789 0.999937832 50.718540192
0.999984801 0.002236101 -0.005037024 1.008346558 -0.002186133 0.999948561 0.009903972 -1.623369813 0.005058912 -0.009892813 0.999938190 51.250186920
0.999983191 0.002386529 -0.005275336 1.026807547 -0.002334929 0.999949574 0.009765852 -1.637034893 0.005298376 -0.009753373 0.999938369 51.782398224
0.999983668 0.002849632 -0.004949934 1.021735907 -0.002796826 0.999939442 0.010642558 -1.645953417 0.004979962 -0.010628539 0.999931097 52.318759918
0.999984741 0.002634040 -0.004853827 1.017966032 -0.002584528 0.999944866 0.010178676 -1.663061380 0.004880370 -0.010165974 0.999936342 52.870952606
0.999986708 0.002359119 -0.004576350 1.049054027 -0.002315061 0.999951184 0.009608787 -1.670769811 0.004598795 -0.009598067 0.999943376 53.369892120
0.999985874 0.002622216 -0.004631784 1.055276752 -0.002577344 0.999949992 0.009667380 -1.678443670 0.004656903 -0.009655305 0.999942541 53.925331116
0.999984264 0.002520302 -0.005018963 1.070264339 -0.002473934 0.999954462 0.009223557 -1.689973354 0.005041980 -0.009210994 0.999944866 54.473243713
0.999988019 0.002417462 -0.004242623 1.072113872 -0.002374500 0.999946177 0.010102342 -1.713290215 0.004266816 -0.010092149 0.999939978 54.986263275
0.999984980 0.002642193 -0.004808183 1.078854918 -0.002592552 0.999943554 0.010301541 -1.719243765 0.004835131 -0.010288917 0.999935448 55.550910950
0.999985278 0.002383480 -0.004859421 1.108641028 -0.002332775 0.999943137 0.010413276 -1.733900547 0.004883964 -0.010401788 0.999933958 56.109577179
0.999986053 0.002661523 -0.004558435 1.099605322 -0.002617634 0.999950469 0.009607013 -1.730919719 0.004583779 -0.009594948 0.999943376 56.606533051
0.999989688 0.003104840 -0.003293968 1.104412913 -0.003070566 0.999941647 0.010359379 -1.761660218 0.003325941 -0.010349160 0.999940872 57.112335205
0.999990702 0.002405034 -0.003576342 1.115110755 -0.002366350 0.999939084 0.010781728 -1.778483391 0.003602055 -0.010773164 0.999935448 57.645492554
0.999991059 0.002542733 -0.003364655 1.129937410 -0.002507953 0.999943793 0.010300894 -1.776898980 0.003390660 -0.010292366 0.999941289 58.185199738
0.999991655 0.002169240 -0.003451574 1.148578048 -0.002135379 0.999949813 0.009784076 -1.787172556 0.003472625 -0.009776624 0.999946177 58.719661713
0.999990523 0.001915646 -0.003924454 1.160315633 -0.001875818 0.999946892 0.010127264 -1.800041676 0.003943645 -0.010119805 0.999940991 59.261081696
0.999991477 0.002756305 -0.003067638 1.164172292 -0.002723504 0.999939620 0.010645751 -1.811627030 0.003096798 -0.010637306 0.999938607 59.779602051
0.999991596 0.002211534 -0.003449477 1.181644678 -0.002175760 0.999944210 0.010340211 -1.823989153 0.003472153 -0.010332620 0.999940574 60.332965851
0.999991059 0.002423671 -0.003482730 1.203257918 -0.002387768 0.999944389 0.010276308 -1.834806204 0.003507444 -0.010267899 0.999941111 60.861057281
0.999990404 0.001773592 -0.003977733 1.235861659 -0.001733024 0.999946713 0.010179076 -1.867370844 0.003995575 -0.010172088 0.999940276 61.394737244
0.999989569 0.003586192 -0.002796337 1.238162041 -0.003559871 0.999949813 0.009361306 -1.835251570 0.002829769 -0.009351255 0.999952197 61.924411774
0.999991596 0.002804133 -0.002981418 1.244108558 -0.002773555 0.999944031 0.010211107 -1.852552295 0.003009886 -0.010202754 0.999943376 62.424076080
0.999989390 0.003490301 -0.002984081 1.256785750 -0.003461535 0.999948025 0.009590983 -1.865784645 0.003017403 -0.009580555 0.999949515 62.974536896
0.999988377 0.004369646 -0.002040065 1.239088774 -0.004347420 0.999932468 0.010775276 -1.907116175 0.002087011 -0.010766283 0.999939859 63.527503967
0.999990106 0.003489821 -0.002778692 1.268566012 -0.003458672 0.999931991 0.011136971 -1.915872335 0.002817369 -0.011127253 0.999934196 64.044128418
0.999995112 0.002751141 -0.001457518 1.269194007 -0.002736664 0.999947786 0.009842759 -1.883414268 0.001484521 -0.009838724 0.999950409 64.540847778
0.999997079 0.001526162 -0.001890509 1.294984460 -0.001506643 0.999945939 0.010283276 -1.893978477 0.001906101 -0.010280398 0.999945283 65.087692261
0.999997139 0.001469452 -0.001885565 1.304880738 -0.001449358 0.999942601 0.010614242 -1.907985449 0.001901055 -0.010611478 0.999941826 65.625282288
0.999998331 0.001322755 -0.001243646 1.322343349 -0.001310117 0.999948084 0.010107735 -1.897698402 0.001256952 -0.010106090 0.999948084 66.132530212
0.999994218 0.003357659 -0.000657122 1.315748215 -0.003350479 0.999937773 0.010638137 -1.947134256 0.000692801 -0.010635872 0.999943137 66.649261475
0.999995887 0.001583971 0.002393792 1.252269149 -0.001603452 0.999965370 0.008158351 -1.887665749 -0.002380786 -0.008162153 0.999963880 67.194885254
0.999995112 0.001739951 0.002590114 1.262085438 -0.001761225 0.999964595 0.008234232 -1.898229837 -0.002575694 -0.008238752 0.999962807 67.740280151
0.999993742 0.002202405 0.002735316 1.265040159 -0.002227659 0.999954641 0.009264345 -1.929633141 -0.002714787 -0.009270382 0.999953389 68.273811340
0.999997020 0.001188389 0.002106154 1.279221773 -0.001206368 0.999962687 0.008555987 -1.925007224 -0.002095906 -0.008558501 0.999961197 68.828697205
0.999995708 0.000403787 0.002896945 1.296607375 -0.000428162 0.999964416 0.008418091 -1.932611823 -0.002893443 -0.008419296 0.999960363 69.341934204
0.999995887 0.000840653 0.002718232 1.303181887 -0.000862628 0.999966860 0.008093569 -1.939888358 -0.002711338 -0.008095881 0.999963582 69.892578125
0.999991953 0.001895340 0.003531798 1.318785548 -0.001924903 0.999962926 0.008385783 -1.961556673 -0.003515772 -0.008392515 0.999958634 70.424697876
0.999996424 0.000793550 0.002521834 1.360458136 -0.000815113 0.999962986 0.008561080 -1.973322630 -0.002514947 -0.008563106 0.999960124 70.960281372
0.999995172 -0.000602144 0.003055750 1.355193973 0.000577854 0.999968290 0.007943524 -1.976948738 -0.003060436 -0.007941719 0.999963760 71.485214233
0.999994218 0.000262626 0.003400684 1.361696839 -0.000288749 0.999970436 0.007683570 -1.989745617 -0.003398564 -0.007684506 0.999964654 72.033317566
0.999991000 0.001052109 0.004110430 1.367281914 -0.001085593 0.999966204 0.008152449 -2.000258684 -0.004101715 -0.008156836 0.999958277 72.590309143
0.999992609 -0.000044502 0.003833414 1.380590916 0.000014025 0.999968410 0.007949934 -2.006022215 -0.003833645 -0.007949823 0.999961078 73.122215271
0.999992251 -0.001285392 0.003710337 1.396714568 0.001254972 0.999965727 0.008189509 -2.023818970 -0.003720737 -0.008184791 0.999959588 73.673461914
0.999991059 -0.000271889 0.004228356 1.407791615 0.000237813 0.999967575 0.008057428 -2.030248642 -0.004230409 -0.008056349 0.999958575 74.193298340
0.999990702 0.000336716 0.004292302 1.419862390 -0.000371504 0.999967039 0.008106484 -2.058249235 -0.004289432 -0.008108004 0.999957860 74.704772949
0.999990761 0.000546203 0.004263447 1.442185402 -0.000581526 0.999965489 0.008288232 -2.071716785 -0.004258774 -0.008290634 0.999956489 75.244903564
0.999988794 0.000287525 0.004725429 1.469769001 -0.000325525 0.999967635 0.008042749 -2.089761972 -0.004722963 -0.008044197 0.999956429 75.808197021
0.999990284 0.000446412 0.004384517 1.487044334 -0.000481169 0.999968410 0.007929405 -2.090584993 -0.004380839 -0.007931436 0.999958873 76.312721252
0.999990761 0.000171210 0.004295338 1.503554463 -0.000205549 0.999967992 0.007995281 -2.097414494 -0.004293833 -0.007996091 0.999958754 76.873428345
0.999989331 0.000503786 0.004597824 1.508802176 -0.000540975 0.999967098 0.008090863 -2.124908209 -0.004593599 -0.008093263 0.999956667 77.378303528
0.999988616 0.000567847 0.004746872 1.520999670 -0.000607898 0.999964178 0.008440294 -2.133072853 -0.004741910 -0.008443082 0.999953032 77.926712036
0.999990761 0.000018279 0.004287562 1.540526509 -0.000052392 0.999968350 0.007956405 -2.137864590 -0.004287281 -0.007956559 0.999959171 78.425842285
0.999989927 -0.000188673 0.004487053 1.555610538 0.000152582 0.999967694 0.008042309 -2.147518635 -0.004488425 -0.008041545 0.999957561 78.986343384
0.999984026 -0.000100438 0.005654670 1.589500904 0.000052553 0.999964058 0.008467761 -2.177793503 -0.005655316 -0.008467327 0.999948144 79.509552002
0.999974132 -0.000113166 0.007197061 1.596948385 0.000051800 0.999963582 0.008526130 -2.193326950 -0.007197764 -0.008525535 0.999937713 80.059555054
0.999958158 0.001376087 0.009034848 1.595389962 -0.001453166 0.999962449 0.008530257 -2.219557762 -0.009022770 -0.008543028 0.999922693 80.614120483
0.999954224 -0.000050778 0.009569627 1.639164329 -0.000032972 0.999961734 0.008751252 -2.208811045 -0.009569706 -0.008751168 0.999915838 81.150924683
0.999921322 0.000010016 0.012547138 1.662031174 -0.000118140 0.999962926 0.008616639 -2.220294714 -0.012546588 -0.008617447 0.999884129 81.706855774
0.999860942 0.001484659 0.016610064 1.677088618 -0.001635876 0.999957323 0.009094073 -2.245859623 -0.016595852 -0.009119982 0.999820650 82.254821777
0.999816358 0.000294410 0.019159583 1.730813265 -0.000452660 0.999965847 0.008255783 -2.254409790 -0.019156497 -0.008262940 0.999782264 82.728675842
0.999739349 -0.000142684 0.022830091 1.776556015 -0.000050031 0.999964297 0.008440487 -2.278733253 -0.022830483 -0.008439430 0.999703646 83.264457703
0.999551833 0.001895082 0.029876377 1.784613371 -0.002128807 0.999967396 0.007793224 -2.270092010 -0.029860634 -0.007853334 0.999523222 83.802574158
0.999367237 0.000812320 0.035561100 1.835313678 -0.001084060 0.999970376 0.007622898 -2.267670393 -0.035553858 -0.007656625 0.999338388 84.340538025
0.999108434 0.000911277 0.042208098 1.818116307 -0.001299194 0.999957085 0.009164061 -2.356438637 -0.042197935 -0.009210723 0.999066830 84.876861572
0.998706162 0.001574998 0.050829656 1.868701220 -0.002043650 0.999955833 0.009169409 -2.366317749 -0.050812975 -0.009261425 0.998665273 85.421310425
0.998216212 0.002309475 0.059657283 1.917893171 -0.002846597 0.999956131 0.008920043 -2.384603500 -0.059634067 -0.009073953 0.998179018 85.945205688
0.997762620 0.002051921 0.066824645 1.970424175 -0.002665827 0.999954998 0.009098950 -2.389483929 -0.066802979 -0.009256735 0.997723281 86.519012451
0.997212291 -0.000530882 0.074613705 2.046956539 -0.000096085 0.999964714 0.008398989 -2.403410196 -0.074615523 -0.008382745 0.997177124 87.036239624
0.996355534 0.000207613 0.085297421 2.110075951 -0.000975820 0.999959350 0.008964623 -2.421468735 -0.085292093 -0.009015186 0.996315181 87.576858521
0.995460689 0.001497565 0.095161691 2.142308712 -0.002393299 0.999953806 0.009299324 -2.426965475 -0.095143378 -0.009484861 0.995418429 88.099472046
0.994922400 -0.002566578 0.100611202 2.265861034 0.001726908 0.999962986 0.008431888 -2.475220203 -0.100629114 -0.008215327 0.994890034 88.595367432
0.993803024 -0.001563618 0.111144416 2.349241257 0.000586226 0.999960840 0.008826030 -2.487953901 -0.111153871 -0.008706180 0.993765116 89.143814087
0.992539287 -0.002009799 0.121909551 2.437046051 0.000988636 0.999963939 0.008436308 -2.502527714 -0.121922120 -0.008252843 0.992505372 89.667076111
0.991419375 -0.003349661 0.130676836 2.557357788 0.002158095 0.999954760 0.009258966 -2.576732874 -0.130701959 -0.008897506 0.991381705 90.189598083
0.989890218 -0.002707571 0.141810268 2.656616211 0.001378881 0.999954224 0.009466918 -2.578229189 -0.141829401 -0.009175671 0.989848554 90.744987488
0.988081038 -0.003426452 0.153896436 2.766864777 0.002045871 0.999956250 0.009128319 -2.594756603 -0.153920993 -0.008704666 0.988044918 91.351310730
0.986262739 -0.003501984 0.165147290 2.878965378 0.002098519 0.999960244 0.008671984 -2.604964018 -0.165171102 -0.008206289 0.986230850 91.897743225
0.984650850 -0.004916769 0.174466059 3.006871223 0.003432783 0.999955297 0.008806624 -2.616133451 -0.174501553 -0.008072545 0.984623790 92.468734741
0.982426941 -0.005330165 0.186571136 3.137342453 0.003770938 0.999954879 0.008711171 -2.626157761 -0.186609149 -0.007854542 0.982402861 93.004463196
0.979938924 -0.004766278 0.199240953 3.265707970 0.003074197 0.999956608 0.008801128 -2.643198013 -0.199274257 -0.008012063 0.979911029 93.543609619
0.977634609 -0.004987925 0.210251451 3.414762497 0.003093543 0.999951601 0.009338009 -2.656076431 -0.210287839 -0.008478739 0.977602720 94.139450073
0.974663138 -0.004309891 0.223636270 3.552480698 0.002306934 0.999954820 0.009216814 -2.660715342 -0.223665908 -0.008467373 0.974629104 94.700691223
0.971340716 -0.004413665 0.237650931 3.706331253 0.002242875 0.999953210 0.009403982 -2.673524380 -0.237681359 -0.008601448 0.971305132 95.216758728
0.968355775 -0.003907665 0.249543503 3.859151840 0.001444460 0.999948323 0.010053210 -2.690325260 -0.249569908 -0.009374629 0.968311429 95.753273010
0.965255022 -0.004986501 0.261262447 4.062402725 0.002692971 0.999954641 0.009135920 -2.700257778 -0.261296183 -0.008114920 0.965224564 96.364486694
0.961543977 -0.005748686 0.274590880 4.244634628 0.003245547 0.999948978 0.009569360 -2.721621752 -0.274631858 -0.008310162 0.961513579 96.847763062
0.957564652 -0.004075831 0.288189709 4.408744812 0.001388441 0.999953628 0.009528862 -2.714113235 -0.288215160 -0.008724369 0.957525849 97.391433716
0.954314888 -0.005784353 0.298746735 4.608528137 0.003176884 0.999952495 0.009212921 -2.725194693 -0.298785806 -0.007842944 0.954287887 97.901527405
0.949746072 -0.004588573 0.312987655 4.804208755 0.001750679 0.999954760 0.009347540 -2.726523876 -0.313016385 -0.008329852 0.949711144 98.438842773
0.944798052 -0.008958795 0.327530831 4.975225449 0.005798214 0.999926746 0.010624950 -2.780853271 -0.327601999 -0.008139336 0.944780886 99.042381287
0.940990269 -0.009723286 0.338293880 5.193046570 0.006660700 0.999925673 0.010212743 -2.785509348 -0.338368058 -0.007356816 0.940985143 99.565155029
0.936513484 -0.009921033 0.350491285 5.400598526 0.006780977 0.999925077 0.010185171 -2.801080227 -0.350566089 -0.007161874 0.936510623 100.044250488
0.931125283 -0.010399255 0.364551425 5.621461868 0.006959564 0.999918103 0.010747937 -2.820233345 -0.364633352 -0.007470557 0.931121230 100.561164856
0.925969899 -0.009370672 0.377481014 5.823402405 0.005697651 0.999924958 0.010845882 -2.822407961 -0.377554357 -0.007892205 0.925953746 101.008621216
0.921073020 -0.008673270 0.389293462 6.050832748 0.004930089 0.999931455 0.010613346 -2.834460258 -0.389358908 -0.007856416 0.921052694 101.503646851
0.915147185 -0.010335019 0.402987242 6.262065887 0.006658314 0.999922454 0.010523602 -2.830208302 -0.403064728 -0.006947434 0.915145099 101.944496155
0.909775853 -0.011979129 0.414927185 6.523616791 0.008505307 0.999911666 0.010219013 -2.833508968 -0.415012896 -0.005767933 0.909797311 102.413757324
0.904464722 -0.011257043 0.426399827 6.765048981 0.007540949 0.999917388 0.010402425 -2.852077961 -0.426481754 -0.006193166 0.904474974 102.905136108
0.898592055 -0.011182042 0.438642502 7.014106750 0.006837863 0.999910653 0.011482226 -2.869645834 -0.438731760 -0.007318463 0.898588300 103.383804321
0.891661763 -0.011418236 0.452558279 7.283535004 0.006840180 0.999907553 0.011751091 -2.882932901 -0.452650607 -0.007382419 0.891657472 103.865554810
0.885695994 -0.011991483 0.464110732 7.533306122 0.007743164 0.999908864 0.011058358 -2.865969181 -0.464201033 -0.006200654 0.885708153 104.337425232
0.879910886 -0.013081136 0.474958569 7.811248779 0.008666827 0.999896526 0.011482569 -2.883379698 -0.475059628 -0.005987255 0.879933238 104.791908264
0.872462273 -0.012840640 0.488512784 8.099575043 0.008402426 0.999901056 0.011276206 -2.890222788 -0.488609284 -0.005733372 0.872483909 105.253105164
