1.000000000 0.000000000 0.000000000 0.000000000 0.000000000 1.000000000 0.000000000 0.000000000 0.000000000 0.000000000 1.000000000 0.000000000
1.000000000 0.000013925 -0.000022155 0.000408878 -0.000013924 1.000000000 0.000037519 -0.001013162 0.000022156 -0.000037518 1.000000000 -0.001621482
1.000000000 -0.000036017 -0.000008668 0.000911915 0.000036017 1.000000000 -0.000004407 -0.000396532 0.000008668 0.000004407 1.000000000 -0.002365151
1.000000000 -0.000157162 -0.000110982 0.001847529 0.000157169 1.000000000 0.000062939 -0.001816484 0.000110972 -0.000062956 1.000000000 -0.004380437
1.000000000 -0.000135888 -0.000082631 -0.000190837 0.000135887 1.000000000 -0.000010263 0.000256868 0.000082633 0.000010252 1.000000000 -0.003253473
1.000000000 -0.000153206 -0.000041194 0.000849815 0.000153208 1.000000000 0.000063722 -0.000760667 0.000041184 -0.000063729 1.000000000 -0.001511266
1.000000000 -0.000192692 -0.000012579 0.000145950 0.000192692 1.000000000 0.000039562 -0.000674126 0.000012572 -0.000039565 1.000000000 -0.003948622
1.000000000 -0.000089292 -0.000047032 0.000104460 0.000089294 1.000000000 0.000039007 0.000405056 0.000047029 -0.000039011 1.000000000 -0.003943290
1.000000000 -0.000056045 -0.000030053 0.000416149 0.000056044 1.000000000 -0.000014720 0.000461943 0.000030054 0.000014718 1.000000000 -0.000652303
1.000000000 -0.000064362 -0.000059568 -0.000338831 0.000064362 1.000000000 -0.000004158 0.001247755 0.000059568 0.000004154 1.000000000 -0.001640772
1.000000000 -0.000157244 -0.000126960 0.000926947 0.000157251 1.000000000 0.000052316 -0.000395969 0.000126952 -0.000052336 1.000000000 -0.002849372
1.000000000 -0.000188832 -0.000094155 0.000068001 0.000188831 1.000000000 -0.000004807 0.000531244 0.000094156 0.000004789 1.000000000 -0.000346872
1.000000000 -0.000214467 -0.000067325 -0.000719924 0.000214470 1.000000000 0.000040836 0.000941632 0.000067316 -0.000040851 1.000000000 -0.000761094
1.000000000 -0.000203196 -0.000068560 0.000468821 0.000203199 1.000000000 0.000039096 -0.000060034 0.000068552 -0.000039110 1.000000000 -0.003334266
1.000000000 -0.000133482 -0.000088322 0.001364593 0.000133493 1.000000000 0.000122673 -0.000672891 0.000088305 -0.000122685 1.000000000 -0.004140077
1.000000000 -0.000119544 -0.000048464 0.002150778 0.000119550 1.000000000 0.000112251 -0.001404858 0.000048451 -0.000112257 1.000000000 -0.007347877
1.000000000 -0.000143096 -0.000099310 0.001314592 0.000143100 1.000000000 0.000034259 0.000635582 0.000099305 -0.000034273 1.000000000 -0.002661260
1.000000000 -0.000102797 -0.000097495 0.001165025 0.000102803 1.000000000 0.000071039 -0.000339500 0.000097487 -0.000071049 1.000000000 -0.004567485
0.999999940 -0.000237010 -0.000110843 0.000718240 0.000237018 0.999999940 0.000072805 -0.000564013 0.000110825 -0.000072831 1.000000000 -0.003555859
0.999999940 -0.000255372 -0.000096839 0.000705973 0.000255376 0.999999940 0.000037035 0.000767994 0.000096829 -0.000037059 1.000000000 -0.000062300
0.999999940 -0.000258271 -0.000094360 0.000031061 0.000258277 0.999999940 0.000063354 -0.000847671 0.000094344 -0.000063379 1.000000000 -0.003243332
1.000000000 -0.000140946 -0.000103291 0.002850867 0.000140953 1.000000000 0.000067454 0.000044100 0.000103282 -0.000067468 1.000000000 -0.002058190
1.000000000 -0.000159390 -0.000130129 0.002603115 0.000159401 1.000000000 0.000086628 -0.000964093 0.000130115 -0.000086649 1.000000000 -0.002425445
0.999999940 -0.000227938 -0.000146693 0.001472400 0.000227951 0.999999940 0.000088595 -0.000655240 0.000146673 -0.000088628 1.000000000 -0.004529793
0.999999940 -0.000229005 -0.000180447 0.002579633 0.000229019 1.000000000 0.000080896 -0.000603455 0.000180428 -0.000080938 1.000000000 -0.003982018
0.999999940 -0.000279168 -0.000140095 0.001533401 0.000279179 0.999999940 0.000073808 0.000273988 0.000140074 -0.000073847 1.000000000 -0.003053104
0.999999940 -0.000283427 -0.000158226 0.002746434 0.000283438 0.999999940 0.000067446 -0.000217460 0.000158207 -0.000067490 1.000000000 -0.004155733
0.999999940 -0.000398203 -0.000134029 0.001019358 0.000398212 0.999999940 0.000065658 -0.000655829 0.000134003 -0.000065712 1.000000000 -0.004592778
1.000000000 -0.000197463 -0.000143350 0.001691672 0.000197476 1.000000000 0.000093796 -0.000084017 0.000143332 -0.000093825 1.000000000 -0.002129819
1.000000000 -0.000194523 -0.000119906 0.002603673 0.000194536 1.000000000 0.000109770 -0.001147079 0.000119885 -0.000109793 1.000000000 -0.004132637
0.999999940 -0.000255290 -0.000150385 0.000626301 0.000255303 0.999999940 0.000086954 0.000563571 0.000150362 -0.000086992 1.000000000 -0.001275708
0.999999940 -0.000280707 -0.000164967 0.000609026 0.000280724 0.999999940 0.000101126 0.000195252 0.000164938 -0.000101173 1.000000000 -0.003644263
1.000000000 -0.000195073 -0.000146548 0.001367818 0.000195076 1.000000000 0.000017642 0.000303927 0.000146545 -0.000017670 1.000000000 -0.001899955
0.999999940 -0.000300347 -0.000173102 0.002108637 0.000300354 0.999999940 0.000044937 -0.000027705 0.000173089 -0.000044989 1.000000000 -0.001969042
0.999999940 -0.000286523 -0.000099522 0.000900594 0.000286531 0.999999940 0.000083492 -0.000849871 0.000099498 -0.000083521 1.000000000 -0.005819497
0.999999940 -0.000300824 -0.000201647 0.002991696 0.000300829 0.999999940 0.000027706 0.000265703 0.000201639 -0.000027766 1.000000000 -0.003281005
1.000000000 -0.000171836 -0.000143717 0.002867680 0.000171851 1.000000000 0.000101861 -0.000422302 0.000143699 -0.000101886 1.000000000 -0.006888866
0.999999940 -0.000311499 -0.000143883 0.000581554 0.000311509 0.999999940 0.000066370 -0.000047124 0.000143862 -0.000066415 1.000000000 -0.004488484
0.999999940 -0.000262750 -0.000163780 0.001327918 0.000262773 0.999999940 0.000139022 -0.000496953 0.000163744 -0.000139065 1.000000000 -0.003554790
0.999999940 -0.000292398 -0.000184712 0.002684352 0.000292405 0.999999940 0.000039064 -0.001074427 0.000184701 -0.000039118 1.000000000 -0.000021654
0.999999940 -0.000268157 -0.000097031 0.001393487 0.000268104 0.999999821 -0.000543932 -0.000612851 0.000097177 0.000543906 0.999999821 0.048878651
1.000000000 -0.000103527 -0.000148618 0.001915329 0.000103363 0.999999404 -0.001102461 -0.003645014 0.000148732 0.001102445 0.999999404 0.140438244
1.000000000 -0.000189348 -0.000147683 0.005199570 0.000189137 0.999998987 -0.001425278 -0.007481670 0.000147952 0.001425250 0.999998987 0.254170924
1.000000000 -0.000194678 -0.000073598 0.005533497 0.000194574 0.999998987 -0.001407515 -0.012065494 0.000073872 0.001407500 0.999998987 0.389141649
1.000000000 -0.000131869 -0.000203272 0.011117767 0.000131641 0.999999344 -0.001120330 -0.019230936 0.000203420 0.001120303 0.999999344 0.524324954
1.000000000 -0.000176904 -0.000120576 0.012719320 0.000176780 0.999999464 -0.001031951 -0.022420529 0.000120759 0.001031930 0.999999464 0.684883416
1.000000000 -0.000136662 -0.000128892 0.019799009 0.000136539 0.999999523 -0.000950472 -0.025663832 0.000129022 0.000950454 0.999999523 0.844463229
0.999999940 0.000314498 0.000057749 0.017094014 -0.000314451 0.999999642 -0.000811500 -0.025339440 -0.000058004 0.000811482 0.999999642 1.021988988
1.000000000 -0.000060945 -0.000189534 0.027684858 0.000060832 0.999999821 -0.000594932 -0.036552206 0.000189571 0.000594921 0.999999821 1.178834796
1.000000000 -0.000029287 -0.000176798 0.042102762 0.000029281 1.000000000 -0.000033542 -0.053869583 0.000176799 0.000033537 1.000000000 1.362370491
1.000000000 0.000023697 -0.000196749 0.045595482 -0.000023692 0.999999940 0.000022966 -0.058486730 0.000196749 -0.000022961 0.999999940 1.554694057
0.999999940 -0.000391176 -0.000052262 0.050147615 0.000391179 0.999999940 0.000063952 -0.065782622 0.000052237 -0.000063972 0.999999940 1.758714676
0.999999702 -0.000793888 -0.000065422 0.050333027 0.000793926 0.999999523 0.000577508 -0.070984453 0.000064963 -0.000577560 0.999999821 1.969364643
0.999999940 -0.000490624 0.000208221 0.049069390 0.000490524 0.999999821 0.000481789 -0.076209225 -0.000208458 -0.000481687 0.999999881 2.181730509
0.999999940 -0.000405141 -0.000031741 0.059760828 0.000405163 0.999999702 0.000679538 -0.082420960 0.000031465 -0.000679551 0.999999762 2.395544529
0.999999821 -0.000595343 0.000088592 0.066225551 0.000595272 0.999999523 0.000795473 -0.087760508 -0.000089066 -0.000795420 0.999999702 2.618380785
0.999999940 -0.000314180 0.000205086 0.065928109 0.000314087 0.999999821 0.000453065 -0.095088609 -0.000205228 -0.000453001 0.999999940 2.852625370
0.999999881 -0.000479121 0.000229821 0.071743980 0.000478939 0.999999583 0.000792225 -0.104394175 -0.000230200 -0.000792115 0.999999642 3.083025455
0.999999821 -0.000560229 0.000052189 0.079050571 0.000560195 0.999999642 0.000653727 -0.112782419 -0.000052555 -0.000653698 0.999999821 3.318378448
0.999999762 -0.000557296 0.000221191 0.085446596 0.000557103 0.999999464 0.000873158 -0.120239422 -0.000221677 -0.000873035 0.999999583 3.557770491
0.999999821 -0.000425705 0.000218711 0.095578276 0.000425464 0.999999285 0.001102901 -0.130198896 -0.000219180 -0.001102808 0.999999344 3.813267469
0.999999762 -0.000426195 0.000448438 0.090509973 0.000425679 0.999999225 0.001150162 -0.137148306 -0.000448928 -0.001149971 0.999999225 4.078969955
0.999999821 0.000110198 0.000409311 0.093574874 -0.000110699 0.999999225 0.001222315 -0.146266639 -0.000409176 -0.001222361 0.999999166 4.335921764
0.999999821 0.000232220 0.000450952 0.098499209 -0.000232813 0.999999106 0.001315913 -0.154136017 -0.000450646 -0.001316018 0.999998987 4.590780735
0.999999940 -0.000136106 0.000170021 0.107564263 0.000135869 0.999998987 0.001392059 -0.160918429 -0.000170211 -0.001392036 0.999998987 4.852520466
0.999999940 -0.000225316 0.000335628 0.110704213 0.000224756 0.999998569 0.001667633 -0.179560810 -0.000336003 -0.001667557 0.999998569 5.106207848
0.999999940 -0.000090326 0.000488817 0.116735123 0.000089564 0.999998808 0.001557582 -0.185734496 -0.000488957 -0.001557538 0.999998629 5.368241787
0.999999940 -0.000276239 0.000318913 0.121924937 0.000275736 0.999998689 0.001576415 -0.193863198 -0.000319348 -0.001576327 0.999998689 5.645837307
1.000000000 0.000063055 0.000377861 0.123590641 -0.000063733 0.999998391 0.001794453 -0.204624087 -0.000377747 -0.001794477 0.999998271 5.920815468
0.999999821 0.000279007 0.000540760 0.127541557 -0.000280045 0.999998212 0.001919621 -0.219741121 -0.000540224 -0.001919772 0.999998033 6.168526173
0.999999404 0.000692230 0.000735315 0.129835039 -0.000693630 0.999997914 0.001905358 -0.227410659 -0.000733994 -0.001905868 0.999997973 6.455823898
0.999998927 0.001100065 0.000960197 0.133993417 -0.001101916 0.999997497 0.001928618 -0.237372428 -0.000958073 -0.001929674 0.999997675 6.736864567
0.999999464 0.000801512 0.000774291 0.145976305 -0.000803079 0.999997675 0.002025020 -0.249319613 -0.000772666 -0.002025641 0.999997616 7.037377834
0.999999583 0.000676543 0.000640820 0.157229289 -0.000677966 0.999997258 0.002223531 -0.261114776 -0.000639314 -0.002223965 0.999997318 7.323992729
0.999999762 0.000356978 0.000547405 0.167644009 -0.000358194 0.999997437 0.002222779 -0.273830324 -0.000546610 -0.002222975 0.999997377 7.623699188
0.999999821 0.000092584 0.000700255 0.174672499 -0.000094149 0.999997556 0.002235109 -0.279860556 -0.000700047 -0.002235174 0.999997258 7.934325695
0.999999762 0.000172564 0.000707024 0.181671828 -0.000174100 0.999997616 0.002173444 -0.293759227 -0.000706648 -0.002173566 0.999997377 8.250666618
0.999999821 0.000348024 0.000671498 0.181813315 -0.000349407 0.999997914 0.002060215 -0.296708941 -0.000670779 -0.002060449 0.999997675 8.596561432
0.999999404 0.000739392 0.000889505 0.182589754 -0.000741257 0.999997556 0.002098356 -0.303479880 -0.000887951 -0.002099015 0.999997377 8.938509941
0.999999285 0.000642463 0.000983763 0.190236911 -0.000644561 0.999997497 0.002133579 -0.317139506 -0.000982389 -0.002134212 0.999997258 9.262454987
0.999999404 0.000310140 0.000996265 0.196226448 -0.000312121 0.999997973 0.001988358 -0.327193111 -0.000995646 -0.001988668 0.999997497 9.592556000
0.999999106 0.000495365 0.001235759 0.202599287 -0.000497939 0.999997675 0.002084189 -0.334160805 -0.001234724 -0.002084803 0.999997079 9.943801880
0.999999404 0.000217357 0.001002235 0.213478893 -0.000219482 0.999997675 0.002120662 -0.349304408 -0.001001772 -0.002120880 0.999997258 10.298329353
0.999999464 0.000240460 0.000985647 0.220689029 -0.000242883 0.999996960 0.002459398 -0.360684395 -0.000985053 -0.002459635 0.999996424 10.648730278
0.999999583 0.000029064 0.000950841 0.226585746 -0.000031545 0.999996603 0.002608976 -0.369788378 -0.000950762 -0.002609005 0.999996066 11.015898705
0.999999285 0.000249713 0.001158350 0.237094641 -0.000252664 0.999996722 0.002548286 -0.380803734 -0.001157710 -0.002548577 0.999996066 11.390398979
0.999999225 0.000323382 0.001173539 0.244681224 -0.000326852 0.999995530 0.002957213 -0.399385542 -0.001172577 -0.002957594 0.999994934 11.731483459
0.999999464 0.000175132 0.001066543 0.256530434 -0.000178201 0.999995828 0.002878373 -0.411195993 -0.001066034 -0.002878562 0.999995291 12.115095139
0.999998569 0.000662513 0.001516984 0.261308640 -0.000667224 0.999994993 0.003107321 -0.420779347 -0.001514918 -0.003108329 0.999993980 12.511847496
0.999999344 -0.000049804 0.001151423 0.276407093 0.000045999 0.999994576 0.003304417 -0.435917944 -0.001151581 -0.003304361 0.999993861 12.892627716
0.999999285 -0.000195855 0.001188552 0.273444206 0.000191610 0.999993622 0.003570498 -0.457884222 -0.001189244 -0.003570267 0.999992907 13.259461403
0.999998569 -0.000146172 0.001672478 0.281912357 0.000140006 0.999993205 0.003686067 -0.468103707 -0.001673006 -0.003685828 0.999991775 13.674581528
0.999997795 0.000719511 0.001982184 0.290399790 -0.000727531 0.999991477 0.004048308 -0.483690500 -0.001979255 -0.004049741 0.999989867 14.087792397
0.999997795 0.000440278 0.002040123 0.305872381 -0.000448673 0.999991417 0.004115926 -0.495770633 -0.002038293 -0.004116832 0.999989390 14.496198654
0.999997377 0.000063891 0.002290412 0.309628159 -0.000073819 0.999990582 0.004334967 -0.517386317 -0.002290114 -0.004335125 0.999987960 14.903820992
0.999997616 -0.000462365 0.002127514 0.324167043 0.000452967 0.999990165 0.004415706 -0.531516433 -0.002129534 -0.004414733 0.999987960 15.329048157
0.999995947 0.000196011 0.002843641 0.327701747 -0.000209363 0.999988914 0.004696034 -0.546731353 -0.002842689 -0.004696610 0.999984920 15.746212959
0.999995887 -0.000159552 0.002870640 0.343456894 0.000145851 0.999988616 0.004772480 -0.557573497 -0.002871369 -0.004772042 0.999984503 16.189502716
0.999995351 -0.000081175 0.003080563 0.358447760 0.000066170 0.999988139 0.004870924 -0.576142192 -0.003080922 -0.004870697 0.999983370 16.624086380
0.999994636 -0.000522785 0.003229574 0.364183068 0.000506221 0.999986708 0.005127308 -0.596089959 -0.003232211 -0.005125646 0.999981642 17.056100845
0.999993682 -0.000960344 0.003422746 0.375543326 0.000941947 0.999985099 0.005372327 -0.607070982 -0.003427855 -0.005369069 0.999979734 17.521148682
0.999993324 -0.000933202 0.003523167 0.392587423 0.000914839 0.999986053 0.005209914 -0.619836271 -0.003527980 -0.005206657 0.999980211 17.989019394
0.999991775 -0.001342748 0.003847743 0.402391732 0.001323415 0.999986470 0.005022731 -0.629479289 -0.003854435 -0.005017598 0.999979973 18.457782745
0.999991894 -0.000851470 0.003931765 0.396575063 0.000828280 0.999982238 0.005895952 -0.659774184 -0.003936716 -0.005892647 0.999974906 18.866773605
0.999991059 -0.000432841 0.004202490 0.411781162 0.000408369 0.999982953 0.005822334 -0.670234323 -0.004204939 -0.005820566 0.999974191 19.345699310
0.999991238 -0.000106766 0.004186931 0.426975936 0.000080816 0.999980748 0.006197450 -0.688008487 -0.004187512 -0.006197057 0.999972045 19.815046310
0.999992073 -0.001050018 0.003844675 0.436881781 0.001026286 0.999980450 0.006169464 -0.691478074 -0.003851078 -0.006165470 0.999973595 20.314044952
0.999993920 -0.001212823 0.003255361 0.455744624 0.001192998 0.999980748 0.006084989 -0.713848174 -0.003262677 -0.006081068 0.999976158 20.762905121
0.999995649 -0.001552604 0.002509296 0.465783834 0.001537912 0.999981642 0.005846457 -0.719223857 -0.002518327 -0.005842572 0.999979734 21.272195816
0.999996841 -0.001235598 0.002214747 0.468154192 0.001222046 0.999980509 0.006109808 -0.738543510 -0.002222253 -0.006107081 0.999978840 21.765848160
0.999997199 -0.001262866 0.002023169 0.477482826 0.001250290 0.999979973 0.006204953 -0.741600752 -0.002030965 -0.006202407 0.999978602 22.272872925
0.999997377 -0.001397295 0.001805509 0.490221113 0.001385369 0.999977350 0.006590181 -0.764329553 -0.001814677 -0.006587664 0.999976635 22.746301651
0.999997854 -0.001740455 0.001046124 0.501308024 0.001733777 0.999978364 0.006351426 -0.778605103 -0.001057156 -0.006349599 0.999979258 23.273145676
0.999996483 -0.002572752 0.000491565 0.509993315 0.002569429 0.999974608 0.006645224 -0.796296775 -0.000508650 -0.006643937 0.999977827 23.757055283
0.999998868 -0.001477202 0.000219492 0.517464399 0.001475787 0.999978900 0.006314754 -0.798566818 -0.000228816 -0.006314423 0.999980032 24.291608810
0.999998271 -0.001575728 -0.000990592 0.532142758 0.001582415 0.999975741 0.006786818 -0.811373830 0.000979873 -0.006788373 0.999976456 24.814781189
0.999997914 -0.001467276 -0.001408903 0.533341467 0.001476932 0.999975264 0.006877320 -0.826419950 0.001398777 -0.006879387 0.999975383 25.337617874
0.999995947 -0.001931888 -0.002079143 0.546779037 0.001946046 0.999974787 0.006829616 -0.839415133 0.002065896 -0.006833634 0.999974608 25.890077591
0.999995410 -0.002102589 -0.002243760 0.552348375 0.002119194 0.999970317 0.007424225 -0.851894200 0.002228083 -0.007428946 0.999969900 26.407186508
0.999993801 -0.002268674 -0.002718050 0.568324387 0.002289788 0.999967039 0.007790262 -0.868396997 0.002700286 -0.007796437 0.999966025 26.957090378
0.999993980 -0.001279456 -0.003217651 0.570060849 0.001303267 0.999971628 0.007408948 -0.881226003 0.003208081 -0.007413097 0.999967337 27.478477478
0.999993443 -0.001000595 -0.003469721 0.574286222 0.001025974 0.999972582 0.007320189 -0.889091730 0.003462302 -0.007323700 0.999967158 28.025041580
0.999989808 -0.001337322 -0.004305250 0.588678181 0.001368532 0.999972761 0.007254545 -0.907180667 0.004295431 -0.007260364 0.999964416 28.590524673
0.999991775 -0.000771499 -0.003982841 0.580161333 0.000801917 0.999970496 0.007641418 -0.918745995 0.003976827 -0.007644549 0.999962866 29.136499405
0.999987662 -0.001728966 -0.004654661 0.600033283 0.001765421 0.999967635 0.007839027 -0.928613424 0.004640958 -0.007847146 0.999958456 29.635004044
0.999985337 -0.002028952 -0.005019923 0.612065673 0.002068366 0.999966860 0.007858748 -0.941833019 0.005003813 -0.007869016 0.999956548 30.183641434
0.999981940 -0.002441951 -0.005490681 0.622367680 0.002486118 0.999964476 0.008051543 -0.956169188 0.005470824 -0.008065047 0.999952495 30.716714859
0.999977410 -0.003214229 -0.005905755 0.645684719 0.003259904 0.999964714 0.007740672 -0.964609504 0.005880666 -0.007759748 0.999952555 31.261886597
0.999975443 -0.003041409 -0.006326254 0.669533074 0.003092400 0.999962628 0.008066040 -0.995071769 0.006301486 -0.008085405 0.999947488 31.830892563
0.999980509 -0.002212122 -0.005843269 0.654824376 0.002259248 0.999964893 0.008070764 -1.007289648 0.005825210 -0.008083808 0.999950290 32.304447174
0.999974310 -0.003024092 -0.006504899 0.666804910 0.003078115 0.999960721 0.008311067 -1.021337271 0.006479511 -0.008330876 0.999944270 32.846191406
0.999979854 -0.001974964 -0.006048503 0.658482373 0.002024805 0.999963939 0.008245160 -1.028830051 0.006032002 -0.008257240 0.999947667 33.399631500
0.999976873 -0.002322782 -0.006409466 0.670955718 0.002377372 0.999960899 0.008522715 -1.040806055 0.006389420 -0.008537754 0.999943137 33.939949036
0.999972165 -0.003091385 -0.006795530 0.683314741 0.003149645 0.999958277 0.008579332 -1.057445049 0.006768724 -0.008600495 0.999940097 34.466472626
0.999975681 -0.001859571 -0.006717548 0.672146678 0.001917353 0.999961078 0.008605580 -1.087923527 0.006701285 -0.008618251 0.999940395 34.984832764
0.999971688 -0.002675341 -0.007033598 0.682110310 0.002734457 0.999960840 0.008408764 -1.094231844 0.007010827 -0.008427760 0.999939919 35.543941498
0.999971569 -0.002219770 -0.007204372 0.683030725 0.002280907 0.999961376 0.008489016 -1.110421777 0.007185251 -0.008505206 0.999938071 36.078868866
0.999973595 -0.001718813 -0.007054713 0.693578601 0.001779837 0.999960959 0.008652948 -1.122659922 0.007039565 -0.008665276 0.999937654 36.622940063
0.999965072 -0.002963619 -0.007815623 0.707842827 0.003034648 0.999953985 0.009091830 -1.143491030 0.007788318 -0.009115231 0.999928117 37.163417816
0.999963820 -0.003183088 -0.007885499 0.716696203 0.003253908 0.999954224 0.008984484 -1.151315689 0.007856540 -0.009009818 0.999928534 37.712482452
0.999964952 -0.002519137 -0.007980120 0.721423268 0.002590621 0.999956489 0.008960103 -1.157651663 0.007957201 -0.008980462 0.999928057 38.257770538
0.999967217 -0.002145752 -0.007816751 0.733884692 0.002216384 0.999956608 0.009038469 -1.171097875 0.007797019 -0.009055499 0.999928594 38.788002014
0.999964833 -0.002146991 -0.008115612 0.749501944 0.002221044 0.999956012 0.009126845 -1.187695622 0.008095658 -0.009144549 0.999925435 39.377128601
0.999964535 -0.002606514 -0.008005593 0.709493399 0.002685381 0.999947846 0.009856588 -1.240813494 0.007979484 -0.009877738 0.999919355 39.838306427
0.999966443 -0.002585332 -0.007771813 0.713402390 0.002660389 0.999949813 0.009662776 -1.252552271 0.007746443 -0.009683129 0.999923050 40.395885468
0.999965906 -0.002437401 -0.007875916 0.718223095 0.002515800 0.999947250 0.009959725 -1.258361816 0.007851224 -0.009979200 0.999919295 40.955150604
0.999963164 -0.002692301 -0.008145270 0.728457153 0.002773473 0.999946475 0.009970758 -1.275510669 0.008117990 -0.009992982 0.999917090 41.496322632
0.999962568 -0.002473617 -0.008290602 0.740154564 0.002554512 0.999949098 0.009761045 -1.283686399 0.008266035 -0.009781858 0.999917984 42.061466217
0.999957561 -0.002915468 -0.008738745 0.735347986 0.003000448 0.999948204 0.009727243 -1.289624929 0.008709933 -0.009753049 0.999914408 42.580200195
0.999956310 -0.003422208 -0.008697138 0.752175033 0.003520055 0.999930382 0.011260234 -1.360939860 0.008657997 -0.011290357 0.999898791 43.063556671
0.999953985 -0.003776455 -0.008829790 0.762889028 0.003875976 0.999928832 0.011281287 -1.368592024 0.008786559 -0.011314991 0.999897361 43.580802917
0.999954879 -0.003577753 -0.008801370 0.767688751 0.003676713 0.999929905 0.011253300 -1.380005360 0.008760491 -0.011285152 0.999897957 44.105880737
0.999958158 -0.003144761 -0.008593243 0.772927642 0.003239311 0.999934137 0.011011127 -1.391505241 0.008558049 -0.011038504 0.999902487 44.655380249
0.999955177 -0.003562642 -0.008765077 0.794715166 0.003662802 0.999927878 0.011437678 -1.406787753 0.008723695 -0.011469271 0.999896228 45.157005310
0.999951780 -0.003686321 -0.009104440 0.807370424 0.003791179 0.999926388 0.011526925 -1.423885226 0.009061276 -0.011560887 0.999892116 45.677043915
0.999952257 -0.003791784 -0.009010193 0.809453845 0.003899965 0.999920189 0.012019424 -1.443310618 0.008963898 -0.012053988 0.999887168 46.219989777
0.999956071 -0.003090915 -0.008847057 0.791885495 0.003193822 0.999927163 0.011641364 -1.445539713 0.008810430 -0.011669111 0.999893069 46.747100830
0.999947488 -0.003555775 -0.009604567 0.821389675 0.003658978 0.999935448 0.010749014 -1.425271153 0.009565727 -0.010783593 0.999896049 47.481990814
0.999955356 -0.003517403 -0.008767087 0.799237132 0.003620666 0.999923944 0.011790686 -1.465349674 0.008724947 -0.011821903 0.999892056 47.801040649
0.999950945 -0.003898505 -0.009097223 0.813745558 0.004005816 0.999922276 0.011807790 -1.478247166 0.009050484 -0.011843655 0.999888957 48.344394684
0.999953389 -0.003425855 -0.009017086 0.813907027 0.003532955 0.999923110 0.011888425 -1.485422373 0.008975666 -0.011919728 0.999888599 48.864521027
0.999953985 -0.003045394 -0.009093059 0.814464927 0.003154243 0.999923348 0.011980369 -1.493776083 0.009055879 -0.012008501 0.999886811 49.399787903
0.999955058 -0.003411651 -0.008844085 0.813130140 0.003517642 0.999921799 0.011996644 -1.506858706 0.008802466 -0.012027216 0.999888897 49.917152405
0.999957740 -0.002898033 -0.008723888 0.817802429 0.002997349 0.999930620 0.011392916 -1.506538987 0.008690265 -0.011418583 0.999897003 50.488567352
0.999952793 -0.003512333 -0.009057146 0.824242473 0.003624973 0.999915838 0.012450282 -1.528045893 0.009012655 -0.012482525 0.999881446 50.957984924
0.999955535 -0.003273517 -0.008843806 0.829963446 0.003381222 0.999919951 0.012191191 -1.537538052 0.008803192 -0.012220554 0.999886572 51.485317230
0.999955595 -0.003206096 -0.008863508 0.837166965 0.003313161 0.999921501 0.012091268 -1.544965744 0.008824043 -0.012120099 0.999887586 52.020740509
0.999952316 -0.003500192 -0.009114531 0.843923092 0.003611793 0.999918342 0.012256797 -1.557339430 0.009070885 -0.012289133 0.999883294 52.563964844
0.999947071 -0.003883038 -0.009520806 0.853275836 0.004000017 0.999916315 0.012298621 -1.573670864 0.009472254 -0.012336056 0.999879003 53.114707947
0.999954879 -0.003217579 -0.008937853 0.849763632 0.003328165 0.999917686 0.012385535 -1.575783372 0.008897269 -0.012414722 0.999883354 53.596294403
0.999949574 -0.003465893 -0.009422956 0.891903341 0.003570111 0.999932349 0.011065792 -1.540550947 0.009383965 -0.011098875 0.999894321 54.274841309
0.999955416 -0.003254464 -0.008865518 0.860997677 0.003363836 0.999918103 0.012349928 -1.592643023 0.008824602 -0.012379199 0.999884427 54.638118744
0.999957979 -0.003090588 -0.008636293 0.867919326 0.003197499 0.999918103 0.012392954 -1.599479198 0.008597284 -0.012420048 0.999885917 55.179264069
0.999958634 -0.003396816 -0.008443998 0.867643178 0.003501536 0.999916792 0.012417968 -1.611208200 0.008401113 -0.012447021 0.999887288 55.737964630
0.999954522 -0.003640732 -0.008817651 0.873274744 0.003748369 0.999918342 0.012221424 -1.621841669 0.008772437 -0.012253919 0.999886453 56.279552460
0.999961734 -0.003236602 -0.008131153 0.868451715 0.003337433 0.999917328 0.012417755 -1.635683537 0.008090289 -0.012444414 0.999889851 56.833999634
0.999952495 -0.003645656 -0.009036670 0.900493026 0.003758613 0.999914646 0.012514561 -1.643605232 0.008990274 -0.012547933 0.999880850 57.275966644
0.999956191 -0.003220808 -0.008787991 0.903089166 0.003329837 0.999917388 0.012420397 -1.655759454 0.008747259 -0.012449116 0.999884248 57.819782257
0.999960303 -0.002980751 -0.008395929 0.910492122 0.003084069 0.999919355 0.012319818 -1.666314602 0.008358529 -0.012345221 0.999888897 58.349189758
0.999953568 -0.003443362 -0.008999873 0.911747277 0.003552676 0.999919772 0.012158582 -1.661061525 0.008957285 -0.012189991 0.999885559 58.854774475
0.999941945 -0.004183679 -0.009922029 0.944657862 0.004298352 0.999924004 0.011564376 -1.624344468 0.009872892 -0.011606354 0.999883831 59.540470123
0.999953270 -0.003396354 -0.009050016 0.932539701 0.003505994 0.999920309 0.012126632 -1.685479403 0.009008109 -0.012157793 0.999885499 59.942485809
0.999954283 -0.002873930 -0.009121180 0.930274606 0.002986002 0.999919951 0.012297220 -1.683264256 0.009085109 -0.012323894 0.999882758 60.522491455
0.999946475 -0.004085831 -0.009501621 0.939604819 0.004200884 0.999917686 0.012120397 -1.709998369 0.009451317 -0.012159662 0.999881387 61.020099640
0.999953985 -0.002975365 -0.009122305 0.930127323 0.003087660 0.999919355 0.012320592 -1.718071461 0.009084910 -0.012348191 0.999882460 61.560905457
0.999960065 -0.002318897 -0.008630646 0.935320377 0.002424526 0.999922097 0.012248589 -1.718561888 0.008601571 -0.012269024 0.999887645 62.107238770
0.999958336 -0.002345151 -0.008827560 0.952014089 0.002451327 0.999924600 0.012036252 -1.731312633 0.008798667 -0.012057391 0.999888539 62.609970093
0.999952674 -0.003503348 -0.009077482 0.945922911 0.003618217 0.999913216 0.012668975 -1.762518167 0.009032309 -0.012701220 0.999878466 63.122505188
0.999947727 -0.003853784 -0.009471674 0.955372036 0.003974939 0.999910116 0.012805965 -1.767153263 0.009421472 -0.012842946 0.999873102 63.678062439
0.999949098 -0.003831096 -0.009331857 0.964803100 0.003948468 0.999912858 0.012591798 -1.773411989 0.009282805 -0.012628003 0.999877155 64.222785950
0.999949813 -0.003786633 -0.009276006 0.983224928 0.003905249 0.999910474 0.012802936 -1.791856527 0.009226695 -0.012838516 0.999874949 64.745742798
0.999948740 -0.003764434 -0.009407720 0.989104867 0.003881811 0.999914527 0.012489730 -1.789604664 0.009359900 -0.012525608 0.999877751 65.308952332
0.999951124 -0.003618347 -0.009199587 1.008233070 0.003731323 0.999917567 0.012293259 -1.796797991 0.009154347 -0.012326985 0.999882102 65.791572571
0.999960124 -0.002312358 -0.008615446 0.985552669 0.002422150 0.999915659 0.012754967 -1.820571423 0.008585227 -0.012775328 0.999881506 66.217788696
0.999953747 -0.002866175 -0.009185063 1.002901554 0.002981957 0.999915898 0.012616623 -1.832336903 0.009148130 -0.012643429 0.999878168 66.751907349
0.999964714 -0.001708149 -0.008217055 0.990220249 0.001811851 0.999918580 0.012629539 -1.838046908 0.008194814 -0.012643983 0.999886453 67.300277710
0.999963641 -0.001399964 -0.008397578 0.987384260 0.001505631 0.999919534 0.012589995 -1.841908097 0.008379278 -0.012602182 0.999885499 67.861724854
0.999967694 -0.000774796 -0.008000006 0.998683989 0.000874012 0.999922693 0.012405909 -1.849351168 0.007989774 -0.012412501 0.999891043 68.367164612
0.999962211 -0.001560731 -0.008551892 1.022343159 0.001662643 0.999927461 0.011922823 -1.843969941 0.008532663 -0.011936591 0.999892294 68.928840637
0.999964952 -0.001587918 -0.008218847 1.000249147 0.001692159 0.999918044 0.012691908 -1.869237423 0.008198020 -0.012705370 0.999885678 69.328712463
0.999963343 -0.001681269 -0.008389954 1.009501338 0.001789917 0.999914467 0.012959116 -1.882275701 0.008367451 -0.012973659 0.999880791 69.877899170
0.999959409 -0.001798484 -0.008819062 1.021369815 0.001913291 0.999913275 0.013026973 -1.882551193 0.008794869 -0.013043316 0.999876261 70.426971436
0.999967158 -0.000698398 -0.008081252 1.029226303 0.000806323 0.999910414 0.013359421 -1.916047812 0.008071199 -0.013365496 0.999878109 70.935272217
0.999963403 -0.002201518 -0.008264389 1.025805593 0.002304232 0.999919951 0.012439557 -1.904812098 0.008236341 -0.012458145 0.999888480 71.458038330
0.999962389 -0.001394828 -0.008557141 1.049331307 0.001499070 0.999924660 0.012187577 -1.907056332 0.008539496 -0.012199947 0.999889135 72.013557434
0.999963939 -0.001946453 -0.008269076 1.037499309 0.002049888 0.999919534 0.012518588 -1.924495935 0.008244045 -0.012535091 0.999887407 72.535774231
0.999964893 -0.002039408 -0.008131665 1.039663315 0.002142787 0.999916732 0.012724656 -1.932325602 0.008105039 -0.012741631 0.999885976 73.085845947
0.999965727 -0.001874570 -0.008068061 1.039374113 0.001974920 0.999920547 0.012447921 -1.937519073 0.008044085 -0.012463429 0.999890029 73.619842529
0.999966741 -0.001585725 -0.008002715 1.055596113 0.001684332 0.999922514 0.012330018 -1.954322696 0.007982543 -0.012343086 0.999891937 74.157768250
0.999965131 -0.001332915 -0.008247757 1.075098276 0.001429967 0.999929667 0.011772439 -1.932825685 0.008231486 -0.011783822 0.999896705 74.708282471
0.999966204 -0.001481579 -0.008086302 1.061877966 0.001576629 0.999929607 0.011760755 -1.959511518 0.008068307 -0.011773108 0.999898136 75.265167236
0.999960244 -0.002772111 -0.008485646 1.073164463 0.002872427 0.999925911 0.011832557 -1.982004166 0.008452215 -0.011856460 0.999893963 75.796684265
0.999964654 -0.001666603 -0.008242541 1.068151712 0.001769095 0.999921024 0.012442848 -1.996336341 0.008221153 -0.012456988 0.999888539 76.294548035
0.999962568 -0.002230823 -0.008361226 1.088048458 0.002326965 0.999931097 0.011506486 -1.978556871 0.008334979 -0.011525512 0.999898791 76.933166504
0.999967337 -0.002004258 -0.007829968 1.082730412 0.002100206 0.999922574 0.012264969 -2.011976480 0.007804780 -0.012281016 0.999894083 77.371788025
0.999969065 -0.001497002 -0.007723746 1.087878942 0.001592025 0.999922931 0.012311321 -2.021936893 0.007704721 -0.012323234 0.999894381 77.913558960
0.999972105 -0.000974802 -0.007402703 1.092177629 0.001065233 0.999924719 0.012221776 -2.032495975 0.007390232 -0.012229322 0.999897897 78.442443848
0.999973059 -0.001315770 -0.007212787 1.102245092 0.001403674 0.999924600 0.012195759 -2.036899805 0.007196197 -0.012205556 0.999899566 78.978752136
0.999982893 -0.000899788 -0.005802964 1.107953787 0.000969305 0.999927700 0.011987888 -2.041497707 0.005791758 -0.011993306 0.999911308 79.513130188
0.999987602 -0.001347339 -0.004788867 1.119219422 0.001405270 0.999925613 0.012114252 -2.055153370 0.004772188 -0.012120834 0.999915123 80.051399231
0.999993622 -0.001328219 -0.003302454 1.130766273 0.001367460 0.999928176 0.011908689 -2.060041904 0.003286400 -0.011913129 0.999923646 80.580825806
0.999999404 -0.000878212 0.000639566 1.144756556 0.000870591 0.999929726 0.011820299 -2.068243980 -0.000649902 -0.011819734 0.999929965 81.126853943
0.999989808 -0.001339180 0.004314043 1.168251514 0.001287551 0.999927819 0.011948312 -2.078430176 -0.004329731 -0.011942634 0.999919295 81.664588928
0.999973476 -0.001209190 0.007175272 1.189037800 0.001124459 0.999929726 0.011801026 -2.083329439 -0.007189037 -0.011792647 0.999904633 82.207519531
0.999935091 -0.001654302 0.011272150 1.242139935 0.001522255 0.999930203 0.011712949 -2.090983868 -0.011290740 -0.011695029 0.999867797 82.751144409
0.999839127 -0.000707438 0.017921772 1.235842586 0.000496596 0.999930680 0.011766304 -2.101209641 -0.017928854 -0.011755512 0.999770164 83.307640076
0.999726832 -0.001126394 0.023345143 1.268874884 0.000854071 0.999931514 0.011671774 -2.112379789 -0.023356693 -0.011648646 0.999659300 83.853424072
0.999574184 -0.000896724 0.029163998 1.306890488 0.000562877 0.999934196 0.011453448 -2.118341446 -0.029172352 -0.011432155 0.999509037 84.396049500
0.999312580 -0.000607983 0.037068285 1.344863772 0.000181593 0.999933779 0.011505120 -2.123372555 -0.037072826 -0.011490479 0.999246478 84.948822021
0.999002218 -0.001323143 0.044642210 1.394973040 0.000824715 0.999937177 0.011181522 -2.135718822 -0.044654198 -0.011133548 0.998940408 85.495819092
0.998657286 -0.001473357 0.051781178 1.434247732 0.000879305 0.999933541 0.011493260 -2.142169476 -0.051794667 -0.011432298 0.998592317 86.024940491
0.998155534 -0.001533698 0.060688313 1.485167265 0.000836032 0.999933243 0.011519611 -2.148526430 -0.060701936 -0.011447625 0.998090267 86.565086365
0.997500658 -0.001957506 0.070631444 1.549008846 0.001147634 0.999933183 0.011504940 -2.160449505 -0.070649236 -0.011395126 0.997436106 87.107070923
0.996855974 -0.001747330 0.079215907 1.611336231 0.000852786 0.999935448 0.011324908 -2.166454792 -0.079230599 -0.011221747 0.996793151 87.655723572
0.996136546 -0.001188452 0.087809414 1.673490047 0.000167455 0.999932289 0.011633868 -2.180839062 -0.087817311 -0.011574216 0.996069312 88.193702698
0.995208323 -0.001995593 0.097757064 1.756220341 0.000882821 0.999934316 0.011424965 -2.188498497 -0.097773448 -0.011283918 0.995144725 88.736831665
0.994100749 -0.002210696 0.108437352 1.842541218 0.000959578 0.999932349 0.011588540 -2.202122211 -0.108455613 -0.011416122 0.994035840 89.279121399
0.993058980 -0.002678812 0.117586754 1.929027557 0.001355227 0.999934793 0.011334763 -2.209894180 -0.117609456 -0.011096733 0.992997944 89.818061829
0.991725981 -0.002776850 0.128342479 2.029165268 0.001315417 0.999933362 0.011470336 -2.217288971 -0.128365770 -0.011206609 0.991663575 90.358505249
0.990088224 -0.002969607 0.140415445 2.129442215 0.001369621 0.999933064 0.011489919 -2.229821205 -0.140440196 -0.011183720 0.990025997 90.902008057
0.988546729 -0.004135314 0.150858402 2.237633705 0.002449110 0.999932408 0.011361480 -2.238910198 -0.150895193 -0.010861888 0.988490045 91.442092896
0.986846626 -0.003747558 0.161615565 2.349676132 0.001925375 0.999932826 0.011429941 -2.245892763 -0.161647558 -0.010968428 0.986787617 92.002227783
0.984657168 -0.004488172 0.174442530 2.476901054 0.002501023 0.999929547 0.011609581 -2.261032104 -0.174482346 -0.010995174 0.984598875 92.485572815
0.982344747 -0.003983574 0.187037110 2.592257500 0.001865047 0.999932051 0.011501379 -2.263675690 -0.187070236 -0.010949487 0.982285440 93.090255737
0.980402529 -0.004852139 0.196945041 2.725585938 0.002679435 0.999932587 0.011296996 -2.269294739 -0.196986601 -0.010547902 0.980349422 93.621635437
0.977741778 -0.005144226 0.209748685 2.867856979 0.002872640 0.999933839 0.011133257 -2.278090954 -0.209792107 -0.010282919 0.977691948 94.143966675
0.974678576 -0.004738112 0.223560065 3.007343292 0.002194442 0.999929965 0.011625079 -2.289227009 -0.223599479 -0.010840127 0.974620759 94.682952881
0.972036839 -0.005219828 0.234770983 3.155395508 0.002569150 0.999929488 0.011594920 -2.297130585 -0.234814957 -0.010667525 0.971981704 95.221488953
0.969088435 -0.005689797 0.246647909 3.319458008 0.003015360 0.999932468 0.011219480 -2.302824736 -0.246695101 -0.010128938 0.969040215 95.739044189
0.965496778 -0.005755250 0.260351092 3.488264084 0.002896059 0.999931216 0.011364340 -2.315231323 -0.260398567 -0.010218243 0.965447128 96.254096985
0.962035596 -0.005660356 0.272865176 3.654302597 0.002776498 0.999936104 0.010953774 -2.320661068 -0.272909790 -0.009780312 0.961989880 96.792373657
0.958836854 -0.006877532 0.283874661 3.858373642 0.003843019 0.999929309 0.011245172 -2.326362371 -0.283931941 -0.009691348 0.958795607 97.334861755
0.954577208 -0.006712685 0.297888130 4.055530548 0.003642686 0.999934316 0.010859852 -2.314836979 -0.297941446 -0.009281454 0.954539120 97.874771118
0.950183034 -0.007312597 0.311606646 4.253835678 0.003893408 0.999925137 0.011593466 -2.342018127 -0.311668098 -0.009802701 0.950140417 98.390213013
0.946468174 -0.007612418 0.322707444 4.453695297 0.004135288 0.999925792 0.011459098 -2.348046780 -0.322770715 -0.009511183 0.946429372 98.907836914
0.942032278 -0.007932653 0.335428238 4.664083481 0.004200889 0.999920905 0.011849485 -2.359562159 -0.335495740 -0.009753503 0.941991210 99.428077698
0.937000632 -0.008447374 0.349225849 4.883342743 0.004618708 0.999919772 0.011794561 -2.368169308 -0.349297464 -0.009438538 0.936964273 99.938514709
0.932307661 -0.008597472 0.361563981 5.105587006 0.004577366 0.999917865 0.011973688 -2.377488375 -0.361637205 -0.009508147 0.932270408 100.454635620
0.928109348 -0.009209041 0.372193784 5.332056046 0.005186625 0.999916852 0.011807073 -2.384370327 -0.372271568 -0.009027825 0.928079963 100.962577820
0.922578752 -0.009281446 0.385697126 5.561233521 0.005066074 0.999915779 0.011944122 -2.390153885 -0.385775506 -0.009065422 0.922548115 101.460800171
0.917096198 -0.009992432 0.398540705 5.802421570 0.005640768 0.999911010 0.012090148 -2.396726847 -0.398625970 -0.008839753 0.917070985 101.955329895
0.912066042 -0.010566298 0.409907222 6.052364349 0.006178495 0.999908507 0.012027447 -2.407204151 -0.409996808 -0.008437215 0.912047923 102.451484680
0.905858994 -0.011030707 0.423435658 6.312713623 0.006457499 0.999904335 0.012233423 -2.412848473 -0.423530161 -0.008347419 0.905843556 102.941955566
0.899264574 -0.011313911 0.437258750 6.585700989 0.006714221 0.999904633 0.012063735 -2.422314882 -0.437353522 -0.007912637 0.899254858 103.425636292
0.893471837 -0.012031384 0.448957890 6.857925415 0.007272307 0.999897599 0.012323097 -2.436878681 -0.449060231 -0.007745381 0.893467903 103.889549255
0.887903810 -0.012340868 0.459863484 7.138267517 0.007555288 0.999896467 0.012245419 -2.437264919 -0.459966958 -0.007398354 0.887905180 104.393127441
0.880802989 -0.012834938 0.473308980 7.418571472 0.007949399 0.999892473 0.012321134 -2.444046021 -0.473416239 -0.007089970 0.880810261 104.864662170
0.873975754 -0.013498610 0.485781997 7.721305847 0.008455335 0.999885201 0.012572105 -2.452026606 -0.485895962 -0.006880266 0.873989522 105.353553772
