1.000000000 0.000000000 0.000000000 0.000000000 0.000000000 1.000000000 0.000000000 0.000000000 0.000000000 0.000000000 1.000000000 0.000000000
1.000000000 -0.000038875 -0.000006947 0.000131027 0.000038875 1.000000000 -0.000035258 0.000282285 0.000006949 0.000035258 1.000000000 0.000348172
1.000000000 0.000013647 0.000010480 0.000052991 -0.000013647 1.000000000 -0.000012065 0.000434438 -0.000010481 0.000012065 1.000000000 0.000469178
1.000000000 0.000001384 0.000110600 -0.000799662 -0.000001380 1.000000000 -0.000030608 0.000797342 -0.000110600 0.000030608 1.000000000 0.000483354
1.000000000 -0.000034879 0.000008055 0.000338200 0.000034879 1.000000000 0.000018025 0.000315328 -0.000008055 -0.000018025 1.000000000 0.000302140
1.000000000 0.000060517 0.000039932 -0.000195383 -0.000060517 1.000000000 0.000001003 0.000548533 -0.000039932 -0.000001005 1.000000000 0.000187486
1.000000000 0.000035981 -0.000017782 0.000341055 -0.000035984 1.000000000 -0.000173392 0.001344164 0.000017775 0.000173393 1.000000000 -0.000527116
1.000000000 0.000060752 0.000102647 -0.000559484 -0.000060749 1.000000000 -0.000026400 0.000329108 -0.000102649 0.000026393 1.000000000 0.000126242
1.000000000 0.000213654 0.000082628 -0.001544732 -0.000213654 1.000000000 0.000002340 0.000345786 -0.000082627 -0.000002357 1.000000000 0.000118768
1.000000000 0.000167604 0.000097780 -0.000585247 -0.000167592 1.000000000 -0.000130924 0.001737565 -0.000097802 0.000130907 1.000000000 0.001442868
1.000000000 0.000184431 0.000032965 -0.000439157 -0.000184427 1.000000000 -0.000119511 0.000653659 -0.000032987 0.000119505 1.000000000 -0.000238660
1.000000000 0.000097630 0.000075490 -0.001049373 -0.000097628 1.000000000 -0.000025864 0.000912851 -0.000075492 0.000025856 1.000000000 0.000396881
1.000000000 0.000170250 0.000101738 -0.001502774 -0.000170240 1.000000000 -0.000101507 0.001720481 -0.000101755 0.000101490 1.000000000 0.000766797
1.000000000 0.000175083 0.000052861 -0.000344497 -0.000175081 1.000000000 -0.000020052 0.000818493 -0.000052864 0.000020043 1.000000000 0.000238868
0.999999940 0.000189780 0.000154393 -0.001496982 -0.000189759 1.000000000 -0.000133445 0.001949903 -0.000154418 0.000133416 1.000000000 0.001333702
0.999999940 0.000296584 0.000156889 -0.002059829 -0.000296556 0.999999940 -0.000177192 0.002341155 -0.000156942 0.000177146 1.000000000 0.001872951
0.999999940 0.000274364 0.000153550 -0.001940375 -0.000274339 0.999999940 -0.000166886 0.003025633 -0.000153596 0.000166844 1.000000000 0.002681640
0.999999881 0.000237597 0.000262557 -0.002135339 -0.000237570 0.999999881 -0.000103987 0.001191598 -0.000262582 0.000103925 0.999999940 0.000471643
0.999999940 0.000280109 0.000302061 -0.002708801 -0.000280100 0.999999881 -0.000029611 0.000790902 -0.000302069 0.000029527 0.999999940 0.000011708
0.999999881 0.000304217 0.000254725 -0.002549456 -0.000304212 0.999999881 -0.000020059 0.000909077 -0.000254731 0.000019981 0.999999940 -0.000068326
0.999999881 0.000225318 0.000264775 -0.002276949 -0.000225286 0.999999940 -0.000120534 0.001514100 -0.000264802 0.000120475 0.999999940 0.000617443
0.999999940 0.000234896 0.000222082 -0.002116914 -0.000234878 0.999999940 -0.000081082 0.001355164 -0.000222101 0.000081030 0.999999940 0.000734169
0.999999881 0.000339507 0.000255439 -0.002699544 -0.000339481 0.999999881 -0.000101601 0.001592691 -0.000255473 0.000101515 0.999999940 0.000860371
0.999999940 0.000354352 0.000311554 -0.002532225 -0.000354328 0.999999881 -0.000076149 0.001313152 -0.000311581 0.000076039 0.999999940 0.000580600
0.999999940 0.000173181 0.000283119 -0.002225821 -0.000173161 0.999999881 -0.000068378 0.001622242 -0.000283130 0.000068329 0.999999940 0.001138808
0.999999940 0.000275057 0.000284898 -0.002295441 -0.000275036 0.999999881 -0.000073823 0.001347066 -0.000284918 0.000073745 0.999999940 0.000559536
0.999999940 0.000218232 0.000231548 -0.002073058 -0.000218219 0.999999940 -0.000055944 0.001273548 -0.000231560 0.000055894 0.999999940 0.000075307
0.999999881 0.000187703 0.000262696 -0.002205799 -0.000187689 0.999999881 -0.000050287 0.001629797 -0.000262706 0.000050237 0.999999940 0.000028476
0.999999940 0.000266728 0.000292250 -0.001802947 -0.000266711 0.999999881 -0.000058146 0.001206233 -0.000292265 0.000058068 0.999999940 0.000755256
0.999999881 0.000278072 0.000262223 -0.002134887 -0.000278058 0.999999881 -0.000051030 0.001448313 -0.000262238 0.000050957 0.999999940 0.001348610
0.999999881 0.000329237 0.000242498 -0.001766910 -0.000329211 0.999999881 -0.000105043 0.001363768 -0.000242532 0.000104963 0.999999940 0.001112672
0.999999940 0.000248670 0.000277669 -0.002002066 -0.000248662 0.999999940 -0.000028252 0.000999710 -0.000277676 0.000028183 0.999999940 0.000586307
0.999999940 0.000329341 0.000289355 -0.002558439 -0.000329323 0.999999881 -0.000062353 0.000817656 -0.000289376 0.000062257 0.999999940 -0.000024131
0.999999881 0.000275598 0.000268370 -0.001763190 -0.000275571 0.999999881 -0.000098987 0.001107362 -0.000268397 0.000098913 0.999999940 0.000239271
0.999999940 0.000217391 0.000264860 -0.002313826 -0.000217378 0.999999940 -0.000049780 0.001106441 -0.000264871 0.000049723 0.999999940 0.000344956
0.999999940 0.000197183 0.000201833 -0.001697642 -0.000197177 0.999999940 -0.000030872 0.001122062 -0.000201839 0.000030833 0.999999940 0.000693396
0.999999821 0.000367820 0.000258901 -0.002441517 -0.000367807 0.999999821 -0.000050764 0.000994792 -0.000258920 0.000050669 0.999999940 0.000917966
0.999999881 0.000258697 0.000213642 -0.001213171 -0.000258680 0.999999881 -0.000081582 0.001291209 -0.000213664 0.000081527 0.999999940 0.000596139
0.999999940 0.000201014 0.000187310 -0.000816606 -0.000200988 0.999999940 -0.000138955 0.001174391 -0.000187338 0.000138917 0.999999940 0.001325383
0.999999940 0.000314957 0.000355351 -0.002336250 -0.000314739 0.999999762 -0.000613714 -0.002711141 -0.000355544 0.000613603 0.999999821 0.047330704
0.999999940 0.000295389 0.000120067 0.001440091 -0.000295258 0.999999344 -0.001087556 -0.003494108 -0.000120388 0.001087521 0.999999344 0.139246956
1.000000000 0.000081842 0.000054109 0.004069789 -0.000081773 0.999999166 -0.001272159 -0.008006785 -0.000054213 0.001272155 0.999999225 0.250924110
0.999999940 0.000295154 0.000099655 0.006516912 -0.000295009 0.999998808 -0.001449673 -0.010619194 -0.000100083 0.001449643 0.999998868 0.381589949
0.999999940 0.000353801 0.000047351 0.009049676 -0.000353752 0.999999344 -0.001025559 -0.016185392 -0.000047714 0.001025543 0.999999464 0.522381604
1.000000000 0.000221235 0.000128633 0.011241069 -0.000221129 0.999999642 -0.000818962 -0.021547033 -0.000128814 0.000818933 0.999999642 0.675080478
0.999999762 0.000572336 0.000321979 0.013432041 -0.000572092 0.999999523 -0.000756698 -0.025604280 -0.000322412 0.000756514 0.999999642 0.832027197
0.999999821 0.000457883 0.000331579 0.016092150 -0.000457655 0.999999642 -0.000686442 -0.030221682 -0.000331893 0.000686290 0.999999702 1.001133084
1.000000000 0.000100335 0.000180564 0.022242445 -0.000100280 0.999999881 -0.000307661 -0.039270457 -0.000180595 0.000307643 0.999999940 1.172353506
0.999999940 0.000232240 0.000284881 0.024284318 -0.000232196 0.999999940 -0.000151515 -0.042541686 -0.000284916 0.000151448 0.999999940 1.359344959
0.999999940 -0.000145350 0.000121432 0.029460272 0.000145355 0.999999940 -0.000039367 -0.047980007 -0.000121426 0.000039385 1.000000000 1.556273222
1.000000000 -0.000101089 0.000041938 0.034224793 0.000101087 0.999999940 0.000047857 -0.052637547 -0.000041942 -0.000047853 1.000000000 1.751582861
0.999999762 0.000447626 0.000482335 0.032527398 -0.000447656 0.999999881 0.000062262 -0.059256986 -0.000482307 -0.000062478 0.999999881 1.939753771
0.999999881 -0.000009596 0.000312361 0.039011020 0.000009502 0.999999940 0.000301175 -0.069205329 -0.000312364 -0.000301172 0.999999821 2.144677877
0.999999881 0.000074377 0.000267255 0.046400357 -0.000074417 1.000000000 0.000148173 -0.071454063 -0.000267244 -0.000148193 0.999999940 2.364038229
0.999999881 0.000409093 0.000333496 0.050011124 -0.000409082 0.999999940 -0.000032232 -0.076645538 -0.000333509 0.000032096 0.999999881 2.588396788
0.999999762 0.000242145 0.000625996 0.054761566 -0.000242466 0.999999821 0.000513166 -0.089995541 -0.000625871 -0.000513318 0.999999702 2.809530973
0.999999762 0.000236199 0.000636548 0.061660532 -0.000236482 0.999999881 0.000443739 -0.092829861 -0.000636443 -0.000443889 0.999999702 3.050832987
0.999999344 0.000683500 0.000915015 0.061254527 -0.000684227 0.999999464 0.000794504 -0.104575314 -0.000914471 -0.000795129 0.999999285 3.276034594
0.999999464 0.000518712 0.000839975 0.066723511 -0.000519233 0.999999702 0.000620462 -0.109638020 -0.000839653 -0.000620898 0.999999464 3.522660732
0.999998808 0.001046097 0.001137733 0.067303851 -0.001046861 0.999999225 0.000671124 -0.116389222 -0.001137030 -0.000672314 0.999999106 3.776946306
0.999999404 0.000745167 0.000826569 0.077251449 -0.000745797 0.999999404 0.000761515 -0.124368228 -0.000826001 -0.000762131 0.999999285 4.026877880
0.999999523 0.000476474 0.000815146 0.085312620 -0.000477247 0.999999404 0.000948770 -0.130986437 -0.000814694 -0.000949159 0.999999225 4.283796787
0.999998927 0.000823255 0.001200629 0.087970681 -0.000824368 0.999999166 0.000926589 -0.135990635 -0.001199866 -0.000927577 0.999998808 4.540202141
0.999998510 0.001014749 0.001343959 0.091523804 -0.001016008 0.999998987 0.000936727 -0.141453817 -0.001343007 -0.000938091 0.999998689 4.800085545
0.999997318 0.001579662 0.001689876 0.092390843 -0.001581629 0.999998093 0.001163231 -0.154473722 -0.001688035 -0.001165900 0.999997914 5.048180580
0.999997258 0.001421325 0.001849534 0.097543575 -0.001422752 0.999998689 0.000770397 -0.159031183 -0.001848436 -0.000773027 0.999997914 5.312053204
0.999997616 0.001178426 0.001816062 0.106222972 -0.001180460 0.999998689 0.001119426 -0.170193851 -0.001814740 -0.001121568 0.999997735 5.574005127
0.999997258 0.001278553 0.001957635 0.109853506 -0.001280920 0.999998391 0.001208036 -0.178693563 -0.001956087 -0.001210540 0.999997377 5.841273785
0.999997258 0.001408774 0.001845777 0.116966061 -0.001410881 0.999998271 0.001140517 -0.187766641 -0.001844167 -0.001143118 0.999997675 6.119075775
0.999995768 0.001661168 0.002350784 0.121268362 -0.001663529 0.999998033 0.001002904 -0.189364538 -0.002349114 -0.001006810 0.999996722 6.405855179
0.999996364 0.001442769 0.002246266 0.125858128 -0.001444812 0.999998569 0.000908250 -0.197223395 -0.002244953 -0.000911492 0.999997079 6.696098804
0.999995887 0.001609217 0.002381051 0.132408947 -0.001611100 0.999998391 0.000788770 -0.206132427 -0.002379778 -0.000792603 0.999996841 6.983940601
0.999995589 0.001953162 0.002246294 0.140240982 -0.001955348 0.999997556 0.000971465 -0.214861095 -0.002244391 -0.000975853 0.999996960 7.285137177
0.999995768 0.001606438 0.002430492 0.144730613 -0.001609653 0.999997854 0.001321196 -0.230004534 -0.002428364 -0.001325102 0.999996185 7.585995197
0.999996185 0.001486037 0.002327700 0.151401699 -0.001489122 0.999998033 0.001324452 -0.241533399 -0.002325727 -0.001327913 0.999996424 7.885959148
0.999994934 0.001935614 0.002527063 0.154282436 -0.001938594 0.999997377 0.001177462 -0.246341482 -0.002524777 -0.001182356 0.999996066 8.222809792
0.999994397 0.001881658 0.002794794 0.161447868 -0.001884973 0.999997556 0.001184108 -0.254360080 -0.002792559 -0.001189370 0.999995410 8.539557457
0.999995530 0.001799039 0.002394724 0.174296051 -0.001802272 0.999997437 0.001348761 -0.265766740 -0.002392291 -0.001353071 0.999996245 8.891875267
0.999995768 0.001655508 0.002377507 0.184988797 -0.001659001 0.999997497 0.001468074 -0.277929634 -0.002375070 -0.001472012 0.999996126 9.233293533
0.999994934 0.001932805 0.002516755 0.189458743 -0.001936101 0.999997199 0.001307847 -0.287707478 -0.002514221 -0.001312712 0.999996006 9.576584816
0.999995410 0.001998722 0.002315028 0.197718620 -0.002001914 0.999997020 0.001377377 -0.296736896 -0.002312269 -0.001382004 0.999996364 9.932759285
0.999996364 0.001670708 0.002124606 0.204766810 -0.001674463 0.999997020 0.001766969 -0.310230345 -0.002121647 -0.001770519 0.999996185 10.283819199
0.999996006 0.001715739 0.002264867 0.212071091 -0.001719775 0.999997079 0.001781004 -0.320604712 -0.002261804 -0.001784892 0.999995887 10.647226334
0.999996006 0.001825218 0.002162544 0.224486575 -0.001828663 0.999997079 0.001591903 -0.326391757 -0.002159632 -0.001595851 0.999996424 11.021250725
0.999997497 0.000845261 0.002084406 0.234125704 -0.000849303 0.999997795 0.001939059 -0.337085813 -0.002082762 -0.001940825 0.999995947 11.402531624
0.999994457 0.002120931 0.002558485 0.242167085 -0.002125028 0.999996483 0.001599733 -0.345924228 -0.002555084 -0.001605161 0.999995470 11.794025421
0.999994397 0.002167909 0.002556932 0.249861360 -0.002172234 0.999996126 0.001689768 -0.359008133 -0.002553259 -0.001695312 0.999995291 12.176937103
0.999994159 0.001806924 0.002903196 0.263123542 -0.001813331 0.999995887 0.002205383 -0.374564201 -0.002899199 -0.002210634 0.999993384 12.560508728
0.999992967 0.002440587 0.002841590 0.263454050 -0.002446844 0.999994576 0.002200787 -0.382443488 -0.002836204 -0.002207724 0.999993563 12.966206551
0.999992669 0.002313513 0.003032307 0.275024772 -0.002319868 0.999995112 0.002094220 -0.394242883 -0.003027447 -0.002101240 0.999993205 13.369665146
0.999991596 0.002356569 0.003350241 0.284365177 -0.002363673 0.999994934 0.002118310 -0.405440152 -0.003345232 -0.002126212 0.999992132 13.781518936
0.999991596 0.002354247 0.003356694 0.295547187 -0.002361829 0.999994636 0.002256790 -0.414766043 -0.003351362 -0.002264699 0.999991834 14.198261261
0.999990702 0.002423642 0.003599511 0.305435687 -0.002431777 0.999994516 0.002257374 -0.427867144 -0.003594020 -0.002266106 0.999991000 14.623892784
0.999989927 0.002643101 0.003626060 0.313631624 -0.002651844 0.999993503 0.002408529 -0.440222323 -0.003619671 -0.002418120 0.999990523 15.053711891
0.999989450 0.002785444 0.003631200 0.325981617 -0.002794000 0.999993324 0.002353220 -0.453029811 -0.003624621 -0.002363341 0.999990642 15.494321823
0.999989450 0.002057669 0.004110963 0.331997424 -0.002066818 0.999995410 0.002222695 -0.462377965 -0.004106370 -0.002231168 0.999989092 15.942978859
0.999984741 0.003201387 0.004486221 0.342176497 -0.003211803 0.999992251 0.002316374 -0.472615600 -0.004478770 -0.002330748 0.999987245 16.386575699
0.999982715 0.003231696 0.004891851 0.350963056 -0.003242303 0.999992371 0.002161996 -0.486338764 -0.004884826 -0.002177820 0.999985635 16.828166962
0.999983549 0.003055010 0.004854176 0.365835905 -0.003066679 0.999992430 0.002398124 -0.500812411 -0.004846813 -0.002412971 0.999985337 17.291444778
0.999983907 0.002866737 0.004893377 0.377315462 -0.002880368 0.999991953 0.002780923 -0.506482542 -0.004885366 -0.002794973 0.999984145 17.755914688
0.999982417 0.002765583 0.005247118 0.385229141 -0.002777766 0.999993384 0.002315888 -0.525301218 -0.005240678 -0.002330423 0.999983549 18.234672546
0.999982893 0.002419203 0.005333175 0.400752187 -0.002432711 0.999993861 0.002527897 -0.534895241 -0.005327028 -0.002540827 0.999982536 18.709825516
0.999980390 0.002738151 0.005619605 0.407990873 -0.002750369 0.999993801 0.002167580 -0.548861146 -0.005613635 -0.002182993 0.999981880 19.187307358
0.999970973 0.004267159 0.006311729 0.424711347 -0.004279618 0.999988914 0.001961740 -0.549307823 -0.006303288 -0.001988694 0.999978185 19.693969727
0.999978423 0.002838599 0.005916698 0.428875327 -0.002852204 0.999993205 0.002292177 -0.568104863 -0.005910152 -0.002309004 0.999979854 20.170112610
0.999978602 0.003078738 0.005766552 0.453449100 -0.003091550 0.999992788 0.002214286 -0.584008455 -0.005759693 -0.002232067 0.999980927 20.660299301
0.999978602 0.003445019 0.005564275 0.463447511 -0.003456443 0.999991953 0.002044636 -0.592962265 -0.005557186 -0.002063825 0.999982417 21.166767120
0.999983490 0.003095924 0.004832783 0.477099091 -0.003105100 0.999993324 0.001892374 -0.600984335 -0.004826894 -0.001907349 0.999986529 21.677274704
0.999981523 0.003529837 0.004948958 0.481210172 -0.003538397 0.999992251 0.001721980 -0.620615602 -0.004942842 -0.001739459 0.999986231 22.180889130
0.999985218 0.003487238 0.004169377 0.500663638 -0.003494804 0.999992251 0.001808639 -0.625129402 -0.004163038 -0.001823184 0.999989688 22.701969147
0.999986053 0.003637293 0.003831223 0.503275573 -0.003645419 0.999991119 0.002116093 -0.652484894 -0.003823492 -0.002130030 0.999990404 23.197093964
0.999993205 0.002463480 0.002741991 0.522753894 -0.002469717 0.999994338 0.002273929 -0.668895006 -0.002736374 -0.002280685 0.999993622 23.720727921
0.999993861 0.002117812 0.002785020 0.524145484 -0.002122730 0.999996126 0.001764214 -0.680264413 -0.002781274 -0.001770115 0.999994516 24.246002197
0.999993801 0.003130716 0.001649868 0.542400539 -0.003134188 0.999992847 0.002105456 -0.690736115 -0.001643265 -0.002110614 0.999996424 24.790987015
0.999991655 0.003545767 0.002016091 0.545079768 -0.003550212 0.999991238 0.002205270 -0.707997620 -0.002008254 -0.002212410 0.999995530 25.323274612
0.999992371 0.003652838 0.001377243 0.555706859 -0.003655534 0.999991417 0.001960341 -0.716620207 -0.001370070 -0.001965361 0.999997079 25.870239258
0.999992728 0.003557466 0.001389243 0.562727094 -0.003560940 0.999990523 0.002506315 -0.742426395 -0.001380313 -0.002511244 0.999995887 26.423114777
0.999993861 0.003388535 0.000865956 0.573309958 -0.003390976 0.999990225 0.002832721 -0.744391203 -0.000856349 -0.002835641 0.999995649 26.977621078
0.999995708 0.002915378 0.000107660 0.587640941 -0.002915681 0.999991417 0.002927901 -0.774100482 -0.000099123 -0.002928203 0.999995708 27.529224396
0.999993503 0.003602464 -0.000062767 0.599994421 -0.003602273 0.999989510 0.002809483 -0.790175915 0.000072888 -0.002809239 0.999996066 28.078933716
0.999992549 0.003868946 -0.000056807 0.607667327 -0.003868748 0.999987662 0.003131463 -0.802081883 0.000068921 -0.003131220 0.999995112 28.633625031
0.999992609 0.003819803 -0.000317740 0.622828484 -0.003818693 0.999986827 0.003424268 -0.825080037 0.000330816 -0.003423029 0.999994099 29.170692444
0.999991357 0.004121452 -0.000362070 0.626331985 -0.004120262 0.999986291 0.003227545 -0.835169435 0.000375368 -0.003226025 0.999994695 29.727169037
0.999990582 0.004295065 -0.000462815 0.633674443 -0.004293562 0.999985635 0.003199584 -0.848452806 0.000476551 -0.003197568 0.999994814 30.274526596
0.999989927 0.004450608 -0.000580551 0.643658638 -0.004448687 0.999984741 0.003269329 -0.864147246 0.000595092 -0.003266714 0.999994516 30.816802979
0.999989450 0.004531556 -0.000729840 0.653727829 -0.004528997 0.999983728 0.003471745 -0.878887534 0.000745560 -0.003468403 0.999993682 31.354375839
0.999985695 0.005143133 -0.001445243 0.664577365 -0.005138554 0.999981880 0.003154728 -0.886013806 0.001461442 -0.003147256 0.999993980 31.914422989
0.999987423 0.004869733 -0.001216856 0.675476611 -0.004866034 0.999983609 0.003023339 -0.903567731 0.001231559 -0.003017380 0.999994695 32.440364838
0.999986589 0.004842650 -0.001811124 0.681627214 -0.004836965 0.999983370 0.003130633 -0.916170657 0.001826255 -0.003121831 0.999993443 32.995605469
0.999987245 0.004757603 -0.001701106 0.690132558 -0.004752122 0.999983490 0.003212074 -0.934380531 0.001716360 -0.003203949 0.999993384 33.544296265
0.999990344 0.004099062 -0.001609841 0.703426659 -0.004093627 0.999985993 0.003364883 -0.948767185 0.001623611 -0.003358261 0.999993026 34.093891144
0.999986053 0.004702753 -0.002407353 0.710411191 -0.004694924 0.999983728 0.003247586 -0.964257717 0.002422587 -0.003236238 0.999991775 34.646957397
0.999982238 0.005302800 -0.002708612 0.719647050 -0.005293933 0.999980688 0.003270145 -0.977319777 0.002725900 -0.003255748 0.999990940 35.192535400
0.999986231 0.004396440 -0.002865304 0.732265353 -0.004387242 0.999985278 0.003208597 -0.992585123 0.002879369 -0.003195981 0.999990761 35.733871460
0.999985337 0.004357535 -0.003260741 0.742249429 -0.004347008 0.999985337 0.003228583 -1.005774617 0.003274763 -0.003214361 0.999989450 36.293724060
0.999984562 0.003774945 -0.004058239 0.766547620 -0.003759823 0.999986053 0.003727602 -1.013598919 0.004072254 -0.003712286 0.999984741 36.846515656
0.999986351 0.003713208 -0.003658270 0.763095140 -0.003700437 0.999987066 0.003491442 -1.034345865 0.003671188 -0.003477857 0.999987125 37.401466370
0.999985516 0.003814062 -0.003798055 0.779211879 -0.003802974 0.999988496 0.002922152 -1.048156619 0.003809157 -0.002907666 0.999988496 37.934368134
0.999984086 0.004022674 -0.003953385 0.781646967 -0.004011499 0.999987960 0.002830726 -1.056246042 0.003964725 -0.002814823 0.999988139 38.501152039
0.999985158 0.003721760 -0.003984925 0.787523150 -0.003711113 0.999989569 0.002675900 -1.061063409 0.003994843 -0.002661072 0.999988437 39.075565338
0.999984801 0.003907043 -0.003892019 0.799086988 -0.003895413 0.999988079 0.002991313 -1.083764553 0.003903660 -0.002976107 0.999987960 39.573284149
0.999984384 0.003895947 -0.004015071 0.806245089 -0.003885031 0.999988794 0.002722990 -1.096554399 0.004025634 -0.002707348 0.999988198 40.127510071
0.999984622 0.003828482 -0.004010811 0.824118137 -0.003816930 0.999988496 0.002884369 -1.114527583 0.004021808 -0.002869015 0.999987781 40.649860382
0.999985039 0.003803157 -0.003937058 0.831591308 -0.003791364 0.999988317 0.002998699 -1.126826525 0.003948417 -0.002983728 0.999987781 41.208950043
0.999983788 0.004237356 -0.003819250 0.839302540 -0.004226800 0.999987304 0.002767736 -1.135209560 0.003830929 -0.002751548 0.999988914 41.756946564
0.999981582 0.005295432 -0.002941165 0.832263291 -0.005288410 0.999983132 0.002390177 -1.150311112 0.002953772 -0.002374579 0.999992847 42.300315857
0.999984086 0.004083579 -0.003891817 0.861804128 -0.004072663 0.999987721 0.002808544 -1.164357185 0.003903239 -0.002792649 0.999988496 42.861743927
0.999979675 0.005237521 -0.003629929 0.858508468 -0.005228639 0.999983311 0.002452017 -1.180603147 0.003642712 -0.002432987 0.999990463 43.406593323
0.999981940 0.004884579 -0.003495048 0.879488826 -0.004876727 0.999985516 0.002251753 -1.191883445 0.003505997 -0.002234669 0.999991298 43.964466095
0.999981403 0.005310647 -0.002996284 0.871761799 -0.005303480 0.999983072 0.002395065 -1.203372836 0.003008953 -0.002379130 0.999992669 44.497779846
0.999979556 0.005985328 -0.002233629 0.883600831 -0.005979892 0.999979079 0.002432507 -1.218938231 0.002248142 -0.002419101 0.999994576 45.004150391
0.999977887 0.006261639 -0.002231403 0.890807807 -0.006256754 0.999977946 0.002189717 -1.230427623 0.002245066 -0.002175708 0.999995112 45.553916931
0.999973774 0.006975421 -0.001904645 0.900172353 -0.006971987 0.999974072 0.001803051 -1.244096518 0.001917172 -0.001789725 0.999996603 46.116592407
0.999985635 0.004744048 -0.002489546 0.935188293 -0.004738197 0.999985933 0.002351107 -1.262698770 0.002500664 -0.002339277 0.999994159 46.685760498
0.999975622 0.006739205 -0.001827541 0.943332016 -0.006736159 0.999975860 0.001667402 -1.233523130 0.001838734 -0.001655051 0.999996960 47.223983765
0.999984860 0.004862018 -0.002579238 0.931983709 -0.004855620 0.999985158 0.002481078 -1.292333722 0.002591263 -0.002468517 0.999993563 47.681865692
0.999979258 0.005951039 -0.002472141 0.938003719 -0.005946169 0.999980390 0.001972497 -1.302045941 0.002483831 -0.001957756 0.999995053 48.228214264
0.999981999 0.005564156 -0.002247927 0.943869770 -0.005557002 0.999979496 0.003175970 -1.334632158 0.002265553 -0.003163421 0.999992430 48.737571716
0.999983490 0.005193843 -0.002453819 0.957012415 -0.005187961 0.999983668 0.002397620 -1.322734833 0.002466231 -0.002384851 0.999994159 49.350204468
0.999979377 0.006227651 -0.001512207 0.934440613 -0.006223440 0.999976814 0.002774312 -1.370104313 0.001529450 -0.002764844 0.999994993 49.767269135
0.999980450 0.006020275 -0.001694185 0.943711638 -0.006015472 0.999977887 0.002824786 -1.378432631 0.001711152 -0.002814540 0.999994576 50.296535492
0.999980152 0.006016974 -0.001867199 0.950208604 -0.006012002 0.999978423 0.002657295 -1.389861584 0.001883147 -0.002646017 0.999994755 50.841243744
0.999979556 0.006229533 -0.001428711 0.950499296 -0.006224827 0.999975204 0.003274752 -1.421222925 0.001449075 -0.003265792 0.999993622 51.344802856
0.999981165 0.005792182 -0.002020308 0.961124361 -0.005786005 0.999978542 0.003050038 -1.432810545 0.002037931 -0.003038291 0.999993324 51.856430054
0.999979734 0.006273339 -0.001065565 0.963207126 -0.006270172 0.999975979 0.002951266 -1.453359127 0.001084053 -0.002944526 0.999995053 52.384773254
0.999978364 0.006518891 -0.000805262 0.963667691 -0.006516179 0.999973238 0.003326238 -1.471135020 0.000826924 -0.003320919 0.999994159 52.919574738
0.999975443 0.006994865 -0.000438273 0.969675958 -0.006993444 0.999970555 0.003166216 -1.485407233 0.000460406 -0.003163074 0.999994874 53.457405090
0.999972582 0.007408423 0.000098026 0.976323485 -0.007408655 0.999969125 0.002623464 -1.500993848 -0.000078587 -0.002624118 0.999996543 53.998195648
0.999972582 0.007403885 0.000140060 0.986224294 -0.007404253 0.999968588 0.002834527 -1.517758846 -0.000119069 -0.002835486 0.999995887 54.529285431
0.999971747 0.007513722 -0.000237593 0.999517381 -0.007513066 0.999968290 0.002651812 -1.529514074 0.000257511 -0.002649952 0.999996483 55.081325531
0.999971867 0.007491356 0.000358018 1.006947160 -0.007492342 0.999967813 0.002838893 -1.547185779 -0.000336739 -0.002841495 0.999995828 55.619720459
0.999970675 0.007657208 0.000122758 1.017510414 -0.007657513 0.999967039 0.002714654 -1.547283888 -0.000101967 -0.002715515 0.999996245 56.182510376
0.999967933 0.007988159 0.000561140 1.018050075 -0.007989799 0.999963582 0.002980130 -1.595887899 -0.000537313 -0.002984517 0.999995410 56.675502777
0.999964237 0.008413089 0.000868193 1.037125230 -0.008415902 0.999959171 0.003286597 -1.627807260 -0.000840506 -0.003293786 0.999994218 57.224750519
0.999966145 0.008199488 0.000748619 1.048260093 -0.008201996 0.999960482 0.003408320 -1.642838120 -0.000720643 -0.003414345 0.999993920 57.773487091
0.999972403 0.007349136 0.001075983 1.069632292 -0.007352734 0.999967277 0.003379209 -1.717096925 -0.001051113 -0.003387028 0.999993682 58.321411133
0.999967158 0.008098419 0.000342118 1.065434217 -0.008099318 0.999963522 0.002716530 -1.652984738 -0.000320106 -0.002719211 0.999996245 58.895294189
0.999962151 0.008573906 0.001421271 1.052054763 -0.008579619 0.999954939 0.004063576 -1.765478492 -0.001386367 -0.004075618 0.999990702 59.422966003
0.999960244 0.008701175 0.001945198 1.048269987 -0.008708936 0.999953985 0.004017762 -1.796757936 -0.001910149 -0.004034543 0.999990046 59.968151093
0.999962151 0.008480870 0.001927613 1.059367061 -0.008488631 0.999955714 0.004053483 -1.805382013 -0.001893150 -0.004069692 0.999989927 60.526935577
0.999947548 0.010047349 0.001959467 1.089104056 -0.010057893 0.999934554 0.005447609 -1.922811985 -0.001904605 -0.005467032 0.999983251 61.018886566
0.999934375 0.011248586 0.002160312 1.110232115 -0.011263967 0.999910295 0.007244576 -1.992344618 -0.002078627 -0.007268434 0.999971449 61.506355286
0.999941766 0.010653707 0.001682913 1.123235226 -0.010665229 0.999918640 0.006992168 -2.005664825 -0.001608284 -0.007009709 0.999974191 62.048667908
0.999949694 0.009788445 0.002196131 1.126475096 -0.009802151 0.999931991 0.006319568 -1.996799827 -0.002134122 -0.006340777 0.999977648 62.811546326
0.999943793 0.010421215 0.001942572 1.136973143 -0.010432312 0.999928772 0.005794043 -1.991032600 -0.001882052 -0.005813984 0.999981284 63.307048798
0.999944210 0.010296487 0.002345887 1.136691928 -0.010310176 0.999929368 0.005900109 -2.008323193 -0.002284971 -0.005923965 0.999979854 63.809295654
0.999953449 0.009400479 0.002163625 1.159533501 -0.009411777 0.999941766 0.005273014 -2.001549721 -0.002113931 -0.005293132 0.999983668 64.323989868
0.999951065 0.009645811 0.002164628 1.167294979 -0.009656884 0.999939978 0.005164216 -2.010475159 -0.002114685 -0.005184867 0.999984324 64.851951599
0.999952257 0.009462669 0.002439090 1.175717831 -0.009475544 0.999940932 0.005322124 -2.028142929 -0.002388584 -0.005344982 0.999982834 65.386573792
0.999953568 0.009364231 0.002295892 1.188428998 -0.009376033 0.999942601 0.005184438 -2.039671659 -0.002247211 -0.005205723 0.999983907 65.927818298
0.999957025 0.008938171 0.002434681 1.199779510 -0.008949225 0.999949455 0.004567790 -2.038004637 -0.002393730 -0.004589383 0.999986589 66.475914001
0.999959230 0.008712208 0.002358738 1.218586206 -0.008723673 0.999949872 0.004895132 -2.059953451 -0.002315972 -0.004915509 0.999985158 67.041473389
0.999958456 0.008809007 0.002342081 1.230629921 -0.008819162 0.999951601 0.004361378 -2.057933807 -0.002303549 -0.004381852 0.999987662 67.523414612
0.999954522 0.009297672 0.002132950 1.242995143 -0.009306427 0.999948144 0.004131238 -2.072030783 -0.002094429 -0.004150900 0.999989152 68.059669495
0.999953032 0.009326972 0.002645713 1.262015343 -0.009338604 0.999946654 0.004419597 -2.088356495 -0.002604351 -0.004444097 0.999986708 68.601188660
0.999958694 0.008719355 0.002562446 1.262252331 -0.008731114 0.999951243 0.004613986 -2.098728657 -0.002522090 -0.004636169 0.999986053 69.155494690
0.999949217 0.009705766 0.002708668 1.287312865 -0.009717822 0.999942899 0.004475109 -2.121441603 -0.002665079 -0.004501205 0.999986291 69.656852722
0.999943733 0.010187187 0.002964366 1.295944691 -0.010200056 0.999938488 0.004359343 -2.132022858 -0.002919775 -0.004389334 0.999986112 70.217628479
0.999947906 0.009656501 0.003323998 1.306618214 -0.009671337 0.999943316 0.004476646 -2.147639275 -0.003280580 -0.004508561 0.999984443 70.768127441
0.999956369 0.008732117 0.003316977 1.319743991 -0.008744046 0.999955297 0.003598469 -2.145756721 -0.003285406 -0.003627315 0.999988019 71.255874634
0.999959409 0.008384724 0.003278106 1.337352633 -0.008395832 0.999958992 0.003389824 -2.160765171 -0.003249549 -0.003417209 0.999988854 71.815490723
0.999957085 0.008692925 0.003191266 1.348659873 -0.008703286 0.999956846 0.003247717 -2.174858332 -0.003162896 -0.003275353 0.999989569 72.375076294
0.999957442 0.008643349 0.003209850 1.364300132 -0.008653014 0.999958038 0.003010625 -2.185768604 -0.003183692 -0.003038272 0.999990284 72.923004150
0.999954939 0.008938675 0.003179568 1.372672796 -0.008948970 0.999954641 0.003238244 -2.198760509 -0.003150479 -0.003266552 0.999989688 73.481964111
0.999951303 0.009273114 0.003375251 1.384866953 -0.009283110 0.999952555 0.002958329 -2.213274956 -0.003347659 -0.002989518 0.999989927 74.025856018
0.999943197 0.010026480 0.003616508 1.398126125 -0.010037872 0.999944687 0.003145807 -2.220111132 -0.003584767 -0.003181930 0.999988496 74.593193054
0.999946773 0.009620964 0.003711012 1.410229683 -0.009632538 0.999948740 0.003113380 -2.238393545 -0.003680867 -0.003148961 0.999988258 75.110061646
0.999948919 0.009482472 0.003490930 1.427913904 -0.009492414 0.999950826 0.002842880 -2.252361059 -0.003463802 -0.002875872 0.999989808 75.660835266
0.999944150 0.009823341 0.003881963 1.434153676 -0.009833615 0.999948144 0.002636796 -2.263544559 -0.003855859 -0.002674823 0.999988914 76.210121155
0.999942899 0.009907236 0.004007757 1.446248174 -0.009916916 0.999947906 0.002401912 -2.280526400 -0.003983752 -0.002441519 0.999989092 76.738327026
0.999933541 0.010669489 0.004347518 1.454536796 -0.010680874 0.999939561 0.002604042 -2.297001362 -0.004319471 -0.002650305 0.999987185 77.268478394
0.999935806 0.010437923 0.004388608 1.461644769 -0.010450948 0.999940932 0.002955372 -2.313071728 -0.004357501 -0.003001048 0.999985993 77.796768188
0.999935508 0.010207648 0.004972446 1.470834970 -0.010221660 0.999943852 0.002801086 -2.329966545 -0.004943575 -0.002851732 0.999983728 78.299781799
0.999931514 0.010373324 0.005419242 1.483383060 -0.010388794 0.999942064 0.002834227 -2.341221809 -0.005389527 -0.002890332 0.999981284 78.849876404
0.999931872 0.010579188 0.004922737 1.502799511 -0.010592153 0.999940455 0.002614940 -2.346924305 -0.004894780 -0.002666905 0.999984384 79.388298035
0.999929368 0.010710621 0.005138453 1.515649915 -0.010723744 0.999939203 0.002533389 -2.365391493 -0.005111006 -0.002588314 0.999983609 79.921333313
0.999927878 0.010313525 0.006152941 1.528235912 -0.010330275 0.999943018 0.002696679 -2.379138470 -0.006124778 -0.002760046 0.999977410 80.463554382
0.999916673 0.010413814 0.007632391 1.541115522 -0.010432911 0.999942482 0.002466716 -2.391443968 -0.007606265 -0.002546138 0.999967754 81.006340027
0.999909401 0.010093894 0.008904139 1.557930946 -0.010115572 0.999945998 0.002393038 -2.404396296 -0.008879503 -0.002482892 0.999957502 81.545593262
0.999897242 0.010084669 0.010180498 1.572151542 -0.010110134 0.999945879 0.002452841 -2.416799545 -0.010155211 -0.002555515 0.999945164 82.097030640
0.999859631 0.010267340 0.013239384 1.595208645 -0.010303492 0.999943316 0.002665212 -2.431892872 -0.013211270 -0.002801250 0.999908805 82.628158569
0.999800324 0.010181804 0.017194061 1.609045506 -0.010224963 0.999944746 0.002424082 -2.438750982 -0.017168429 -0.002599406 0.999849260 83.167739868
0.999739885 0.010671671 0.020154309 1.645338416 -0.010727256 0.999938905 0.002651849 -2.466219187 -0.020124778 -0.002867360 0.999793351 83.704353333
0.999644160 0.009922351 0.024761468 1.656089664 -0.009974075 0.999948323 0.001966275 -2.453508854 -0.024740683 -0.002212548 0.999691427 84.243278503
0.999460518 0.010498533 0.031120438 1.685860395 -0.010557318 0.999942720 0.001725151 -2.465860128 -0.031100541 -0.002052768 0.999514103 84.784255981
0.999265194 0.010092066 0.036975667 1.726651192 -0.010162162 0.999946892 0.001708292 -2.481877804 -0.036956463 -0.002082789 0.999314725 85.303726196
0.999018013 0.010114395 0.043139011 1.758857131 -0.010198439 0.999946475 0.001728597 -2.492627382 -0.043119218 -0.002166850 0.999067545 85.854537964
0.998646557 0.009747411 0.051087834 1.804964542 -0.009844712 0.999950171 0.001653291 -2.507418871 -0.051069163 -0.002153998 0.998692811 86.394241333
0.998189926 0.009345877 0.059409704 1.860949755 -0.009423469 0.999955058 0.001025989 -2.514605761 -0.059397437 -0.001583977 0.998233140 86.943069458
0.997738004 0.009285070 0.066577710 1.916833878 -0.009359170 0.999955833 0.000801141 -2.525747061 -0.066567332 -0.001422440 0.997780919 87.501701355
0.997114778 0.009232102 0.075344563 1.968426704 -0.009308239 0.999956489 0.000659401 -2.537216425 -0.075335190 -0.001358824 0.997157276 88.012695312
0.996329725 0.009214217 0.085100263 2.036839962 -0.009369509 0.999955058 0.001425598 -2.573687077 -0.085083298 -0.002217713 0.996371388 88.553459167
0.995585978 0.008462027 0.093471117 2.124677658 -0.008539367 0.999963403 0.000427483 -2.558570862 -0.093464077 -0.001223780 0.995621920 89.108734131
0.994851530 0.007937627 0.101031303 2.197668076 -0.008043365 0.999967456 0.000639265 -2.574394703 -0.101022929 -0.001448606 0.994883060 89.659713745
0.993785262 0.008149745 0.111015722 2.275434017 -0.008203126 0.999966383 0.000024105 -2.589318514 -0.111011788 -0.000934631 0.993818641 90.166221619
0.992611349 0.007520614 0.121103711 2.368316650 -0.007577456 0.999971211 0.000008850 -2.601874828 -0.121100157 -0.000926443 0.992639840 90.709373474
0.991441131 0.006659284 0.130384713 2.457639694 -0.006666987 0.999977708 -0.000377415 -2.616082668 -0.130384326 -0.000495088 0.991463363 91.247535706
0.989785850 0.007346949 0.142372563 2.549324036 -0.007393838 0.999972582 -0.000199700 -2.632581472 -0.142370149 -0.000855020 0.989813089 91.780944824
0.987975240 0.006423560 0.154479519 2.658490181 -0.006442612 0.999979138 -0.000377305 -2.646407127 -0.154478744 -0.000622484 0.987995923 92.325553894
0.986171186 0.006737796 0.165592909 2.754240990 -0.006739512 0.999977112 -0.000551527 -2.664215088 -0.165592849 -0.000572116 0.986194074 92.844444275
0.984462857 0.005838279 0.175495863 2.889418602 -0.005888740 0.999982595 -0.000233238 -2.680871964 -0.175494194 -0.000803836 0.984480083 93.393692017
0.982025802 0.006291318 0.188641518 3.010231018 -0.006318117 0.999979913 -0.000459266 -2.695095301 -0.188640639 -0.000740848 0.982045949 93.932807922
0.979692876 0.005553737 0.200426787 3.148299217 -0.005598971 0.999984264 -0.000341161 -2.711499453 -0.200425521 -0.000787951 0.979708612 94.450248718
0.977499783 0.005116740 0.210874557 3.280689240 -0.005202719 0.999986470 -0.000147073 -2.729656696 -0.210872442 -0.000953357 0.977513075 94.995803833
0.974692166 0.003686495 0.223520771 3.424867630 -0.003601008 0.999993205 -0.000790063 -2.735707045 -0.223522186 -0.000034832 0.974698842 95.493721008
0.971525550 0.003280863 0.236911625 3.574748993 -0.003167387 0.999994695 -0.000859591 -2.747315407 -0.236913159 0.000084724 0.971530855 96.025192261
0.968702376 0.002724835 0.248210073 3.730981827 -0.002482800 0.999996066 -0.001288141 -2.763580322 -0.248212636 0.000631569 0.968705356 96.539138794
0.965957046 0.003112083 0.258683711 3.908853531 -0.002896079 0.999995053 -0.001216080 -2.768564701 -0.258686215 0.000425512 0.965961277 97.073974609
0.962295115 0.004584272 0.271968752 4.074632645 -0.004809637 0.999988437 0.000162048 -2.825600624 -0.271964908 -0.001464010 0.962306082 97.693725586
0.958607078 0.003242253 0.284714133 4.246242523 -0.003145020 0.999994755 -0.000798692 -2.802223444 -0.284715265 -0.000129800 0.958612144 98.101676941
0.955122471 0.002655867 0.296199113 4.431741714 -0.002508734 0.999996483 -0.000876803 -2.821400881 -0.296200424 0.000094370 0.955125809 98.609252930
0.950794637 0.002176338 0.309814245 4.631490707 -0.002099722 0.999997616 -0.000580761 -2.834733725 -0.309814721 -0.000098340 0.950796962 99.132461548
0.946292698 0.002201627 0.323303342 4.838943481 -0.002248522 0.999997437 -0.000228459 -2.855827570 -0.323303044 -0.000510766 0.946295381 99.627799988
0.942287385 0.001710926 0.334800720 5.048797607 -0.001590020 0.999998510 -0.000635205 -2.870102882 -0.334801346 0.000066205 0.942288697 100.163932800
0.937568486 0.001032872 0.347799212 5.266355515 -0.000927911 0.999999464 -0.000468347 -2.886588812 -0.347799540 0.000116380 0.937568903 100.675582886
0.932119966 0.000867719 0.362148672 5.474950790 -0.000597089 0.999999464 -0.000859205 -2.900312185 -0.362149239 0.000584647 0.932119966 101.174613953
0.927633584 -0.001076672 0.373489797 5.711753845 0.001499647 0.999998510 -0.000841931 -2.916418552 -0.373488426 0.001341107 0.927633882 101.636436462
0.922233462 0.000775558 0.386632651 5.918920517 -0.000665820 0.999999702 -0.000417754 -2.933093309 -0.386632919 0.000127839 0.922233641 102.119201660
0.916353166 -0.000775626 0.400370240 6.251796722 0.001373696 0.999998331 -0.001206800 -2.939546347 -0.400368631 0.001655842 0.916352689 102.823028564
0.909194648 0.001825641 0.416367322 6.430023193 -0.001874186 0.999998152 -0.000292141 -3.001842499 -0.416367054 -0.000514737 0.909196436 103.494667053
0.904583991 0.000015215 0.426295578 6.735660553 0.000325012 0.999999762 -0.000725357 -2.970416546 -0.426295429 0.000794698 0.904583633 103.797637939
0.899412572 -0.001145648 0.437099248 7.049762726 0.001829656 0.999997616 -0.001143837 -2.991013527 -0.437096924 0.001828522 0.899412572 104.401870728
0.892270386 -0.000006016 0.451501548 7.271396637 0.000445406 0.999999583 -0.000866901 -3.012190819 -0.451501340 0.000974612 0.892269909 104.866310120
0.886585891 -0.001640346 0.462561190 7.598724365 0.002859447 0.999993980 -0.001934466 -3.013125420 -0.462555230 0.003037740 0.886585236 105.374641418
0.880643427 -0.002274437 0.473774135 7.883373260 0.003101269 0.999994636 -0.000963932 -3.048390150 -0.473769516 0.002318181 0.880645871 105.809402466
0.873355210 -0.003830966 0.487068683 8.216186523 0.005283259 0.999984860 -0.001608101 -3.029651165 -0.487055093 0.003977754 0.873362124 106.478469849
0.865347922 -0.001903179 0.501168132 8.414772034 0.002607752 0.999996364 -0.000705233 -3.097514629 -0.501164913 0.001917194 0.865349650 106.843292236
0.859867215 -0.004347077 0.510499239 8.810916901 0.006184047 0.999979138 -0.001901029 -3.053786993 -0.510480285 0.004791583 0.859876096 107.400405884
