1.000000000 0.000000000 0.000000000 0.000000000 0.000000000 1.000000000 0.000000000 0.000000000 0.000000000 0.000000000 1.000000000 0.000000000
1.000000000 0.000059758 0.000039208 -0.000654476 -0.000059761 1.000000000 0.000069217 0.000011554 -0.000039204 -0.000069219 1.000000000 -0.000095963
1.000000000 -0.000016783 0.000083810 -0.001037506 0.000016784 1.000000000 -0.000019436 0.000313309 -0.000083810 0.000019437 1.000000000 -0.000162401
1.000000000 0.000065393 0.000050089 -0.000284090 -0.000065395 1.000000000 0.000031201 -0.000110177 -0.000050087 -0.000031204 1.000000000 0.000219818
1.000000000 0.000059345 0.000187507 -0.001551578 -0.000059357 1.000000000 0.000066239 -0.000635492 -0.000187503 -0.000066250 1.000000000 -0.000112280
1.000000000 -0.000134606 -0.000003822 0.000013187 0.000134606 1.000000000 -0.000028035 0.000292625 0.000003825 0.000028035 1.000000000 0.000001430
1.000000000 0.000067434 0.000161536 -0.001834283 -0.000067444 1.000000000 0.000059156 -0.000388815 -0.000161532 -0.000059167 1.000000000 0.000004767
1.000000000 0.000050874 0.000075766 -0.001146125 -0.000050872 1.000000000 -0.000026726 -0.000203320 -0.000075768 0.000026723 1.000000000 -0.000956905
1.000000000 0.000067015 0.000154367 -0.001242663 -0.000067016 1.000000000 0.000007852 -0.000989842 -0.000154367 -0.000007862 1.000000000 -0.000798908
1.000000000 0.000103110 0.000141583 -0.001533878 -0.000103129 1.000000000 0.000132684 -0.001032514 -0.000141570 -0.000132698 1.000000000 0.000716195
1.000000000 0.000057249 0.000143677 -0.001316348 -0.000057257 1.000000000 0.000054925 -0.000202228 -0.000143674 -0.000054933 1.000000000 -0.000427563
1.000000000 0.000113020 0.000139472 -0.001426458 -0.000113029 1.000000000 0.000063325 -0.001109464 -0.000139465 -0.000063340 1.000000000 -0.000850033
1.000000000 0.000052104 0.000137879 -0.000914154 -0.000052110 1.000000000 0.000044225 -0.000164045 -0.000137876 -0.000044232 1.000000000 0.000080339
1.000000000 0.000142405 0.000111373 -0.001340553 -0.000142392 1.000000000 -0.000110983 0.000928925 -0.000111388 0.000110967 1.000000000 0.000173018
1.000000000 0.000101063 0.000094914 -0.001100097 -0.000101062 1.000000000 -0.000003037 0.000586585 -0.000094914 0.000003027 1.000000000 0.000141235
0.999999940 0.000254858 0.000193953 -0.001974650 -0.000254845 0.999999940 -0.000064001 0.001385805 -0.000193969 0.000063951 1.000000000 0.001173869
0.999999881 0.000381666 0.000204532 -0.002662333 -0.000381661 0.999999940 -0.000028306 0.000855430 -0.000204543 0.000028228 1.000000000 0.002022632
0.999999940 0.000230183 0.000249397 -0.002071622 -0.000230181 1.000000000 -0.000008630 0.001310350 -0.000249399 0.000008572 0.999999940 0.001736309
0.999999940 0.000193216 0.000253346 -0.002139537 -0.000193196 1.000000000 -0.000079260 0.000854150 -0.000253361 0.000079211 0.999999940 0.000825281
0.999999940 0.000252639 0.000243111 -0.002492665 -0.000252641 0.999999940 0.000005523 0.000300614 -0.000243109 -0.000005584 1.000000000 0.001485532
0.999999940 0.000360704 0.000208311 -0.002277221 -0.000360686 0.999999940 -0.000084505 0.001484621 -0.000208342 0.000084430 1.000000000 0.001285033
0.999999940 0.000276159 0.000196410 -0.002180305 -0.000276151 0.999999940 -0.000040316 0.000744033 -0.000196422 0.000040262 1.000000000 0.001847022
0.999999940 0.000180053 0.000193371 -0.002301920 -0.000180052 1.000000000 -0.000001719 0.000457029 -0.000193372 0.000001684 1.000000000 0.000744390
0.999999940 0.000379775 0.000176991 -0.002140016 -0.000379775 0.999999940 0.000000752 0.001492224 -0.000176990 -0.000000820 1.000000000 0.002383826
0.999999940 0.000333324 0.000246749 -0.002104648 -0.000333331 0.999999940 0.000031351 0.000909913 -0.000246738 -0.000031433 0.999999940 0.001980038
0.999999940 0.000310311 0.000282734 -0.002529866 -0.000310295 0.999999940 -0.000057933 0.002486205 -0.000282752 0.000057845 0.999999940 0.002688994
0.999999940 0.000357513 0.000222404 -0.002062657 -0.000357523 0.999999940 0.000045331 0.001315161 -0.000222388 -0.000045410 1.000000000 0.002362105
0.999999881 0.000418538 0.000160379 -0.002183991 -0.000418519 0.999999881 -0.000120387 0.002132150 -0.000160429 0.000120319 1.000000000 0.001104867
0.999999940 0.000393699 0.000140432 -0.001882073 -0.000393685 0.999999940 -0.000098957 0.002099833 -0.000140471 0.000098902 1.000000000 0.000503607
0.999999881 0.000411371 0.000272853 -0.002399085 -0.000411361 0.999999940 -0.000036240 0.000558858 -0.000272868 0.000036128 0.999999940 0.001033606
0.999999881 0.000379531 0.000315254 -0.002753596 -0.000379522 0.999999940 -0.000025804 0.001821525 -0.000315264 0.000025684 0.999999940 0.002342776
0.999999881 0.000380377 0.000206747 -0.001711298 -0.000380359 0.999999940 -0.000086782 0.002269926 -0.000206780 0.000086703 1.000000000 0.002631650
0.999999881 0.000468615 0.000264264 -0.002341100 -0.000468617 0.999999881 0.000008102 0.000248868 -0.000264260 -0.000008226 0.999999940 0.000292242
0.999999821 0.000521905 0.000337235 -0.003464170 -0.000521903 0.999999881 -0.000005514 0.000884484 -0.000337237 0.000005338 0.999999940 0.002629912
0.999999881 0.000452495 0.000242814 -0.001755890 -0.000452463 0.999999881 -0.000129195 0.001630533 -0.000242873 0.000129085 0.999999940 0.001822995
0.999999881 0.000368195 0.000257101 -0.003059302 -0.000368187 0.999999940 -0.000031928 0.001551865 -0.000257113 0.000031833 0.999999940 0.002024229
0.999999881 0.000459033 0.000205685 -0.002471198 -0.000459015 0.999999881 -0.000087431 0.002782284 -0.000205725 0.000087336 1.000000000 0.001971426
0.999999821 0.000531686 0.000327986 -0.003216258 -0.000531670 0.999999881 -0.000047010 0.002060345 -0.000328011 0.000046835 0.999999940 0.002483611
0.999999881 0.000447733 0.000217479 -0.001364148 -0.000447730 0.999999881 -0.000016359 0.001930451 -0.000217487 0.000016261 1.000000000 0.001066778
0.999999940 0.000329026 0.000228920 -0.001631495 -0.000329005 0.999999940 -0.000091019 0.000779276 -0.000228950 0.000090944 0.999999940 0.000566136
0.999999881 0.000514619 0.000175384 -0.001130450 -0.000514532 0.999999702 -0.000494447 -0.002744012 -0.000175638 0.000494357 0.999999821 0.049176451
1.000000000 0.000335185 0.000083062 0.001276350 -0.000335095 0.999999344 -0.001085861 -0.004043902 -0.000083426 0.001085833 0.999999404 0.140768498
0.999999702 0.000662335 0.000360826 0.001424203 -0.000661936 0.999999166 -0.001103264 -0.009223524 -0.000361557 0.001103026 0.999999344 0.252920419
0.999999583 0.000782734 0.000432210 0.004111741 -0.000782278 0.999999106 -0.001054023 -0.011899580 -0.000433035 0.001053684 0.999999344 0.385127157
0.999999642 0.000733110 0.000302914 0.006620458 -0.000732860 0.999999344 -0.000824767 -0.016099248 -0.000303519 0.000824545 0.999999642 0.527162731
0.999999821 0.000349672 0.000443990 0.010268874 -0.000349532 0.999999881 -0.000314678 -0.024826765 -0.000444100 0.000314523 0.999999881 0.682482064
0.999999940 0.000061899 0.000335041 0.017420312 -0.000061903 1.000000000 0.000011779 -0.029755162 -0.000335040 -0.000011799 1.000000000 0.844927073
0.999999821 0.000229796 0.000471934 0.016702972 -0.000229679 0.999999940 -0.000247762 -0.030659664 -0.000471991 0.000247654 0.999999881 1.022526979
0.999999762 0.000454822 0.000445171 0.020661032 -0.000454789 0.999999881 -0.000074702 -0.035816431 -0.000445205 0.000074499 0.999999940 1.196563244
0.999999821 0.000466808 0.000583567 0.023697840 -0.000466943 1.000000000 0.000231082 -0.043848205 -0.000583459 -0.000231355 0.999999821 1.381544828
0.999999702 0.000689139 0.000184858 0.028234895 -0.000689148 0.999999821 0.000044572 -0.045025215 -0.000184827 -0.000044699 1.000000000 1.576152086
0.999999821 0.000086075 0.000596807 0.030220997 -0.000086373 0.999999881 0.000498803 -0.055445734 -0.000596764 -0.000498855 0.999999642 1.778536320
0.999999702 0.000321034 0.000700600 0.031561099 -0.000321543 0.999999642 0.000727100 -0.062358689 -0.000700366 -0.000727325 0.999999404 1.979130745
0.999999762 -0.000127796 0.000625718 0.038994305 0.000127331 0.999999702 0.000743641 -0.069034919 -0.000625813 -0.000743561 0.999999464 2.192531109
0.999999762 0.000185172 0.000670651 0.041700646 -0.000185642 0.999999762 0.000701009 -0.072726652 -0.000670521 -0.000701134 0.999999523 2.413956642
0.999999642 0.000485014 0.000686263 0.046879124 -0.000485369 0.999999702 0.000517000 -0.079177722 -0.000686012 -0.000517333 0.999999642 2.636870861
0.999999762 0.000230107 0.000725770 0.050517567 -0.000230617 0.999999702 0.000703608 -0.087672517 -0.000725608 -0.000703775 0.999999523 2.862828493
0.999999702 0.000025895 0.000714522 0.056282081 -0.000026574 0.999999464 0.000949427 -0.092802688 -0.000714497 -0.000949446 0.999999285 3.106914759
0.999999642 0.000271666 0.000763606 0.062073402 -0.000272345 0.999999523 0.000888433 -0.101151071 -0.000763365 -0.000888640 0.999999225 3.345266104
0.999999464 0.000321770 0.000915717 0.064784624 -0.000322587 0.999999523 0.000891864 -0.109460317 -0.000915429 -0.000892159 0.999999106 3.590247154
0.999999404 0.000363726 0.001058842 0.069515578 -0.000364692 0.999999583 0.000912075 -0.112884142 -0.001058509 -0.000912461 0.999998987 3.852975130
0.999999464 0.000345936 0.000992676 0.075405613 -0.000346942 0.999999523 0.001013508 -0.119034015 -0.000992325 -0.001013852 0.999998987 4.119222641
0.999999702 0.000272360 0.000676953 0.084921345 -0.000272995 0.999999464 0.000939112 -0.122378103 -0.000676697 -0.000939297 0.999999344 4.381615162
0.999999344 0.000305609 0.001101791 0.085413270 -0.000306850 0.999999285 0.001126073 -0.131131992 -0.001101446 -0.001126411 0.999998748 4.640231609
0.999999046 0.000702307 0.001175441 0.091780201 -0.000703532 0.999999166 0.001042131 -0.138057262 -0.001174708 -0.001042957 0.999998689 4.899800777
0.999998569 0.001073285 0.001337300 0.096477620 -0.001074826 0.999998808 0.001151776 -0.145927072 -0.001336062 -0.001153212 0.999998450 5.157693863
0.999998987 0.000611459 0.001281539 0.101072066 -0.000612701 0.999999344 0.000968456 -0.152510375 -0.001280945 -0.000969240 0.999998689 5.423783779
0.999998808 0.000752386 0.001336608 0.103321686 -0.000753798 0.999999285 0.001056642 -0.159429029 -0.001335812 -0.001057648 0.999998569 5.691251755
0.999998868 0.000648671 0.001345470 0.105909564 -0.000650259 0.999999106 0.001179767 -0.168289304 -0.001344703 -0.001180640 0.999998391 5.962492943
0.999998271 0.000914928 0.001589633 0.109488405 -0.000916770 0.999998927 0.001158440 -0.177947834 -0.001588571 -0.001159895 0.999998093 6.242535591
0.999998748 0.000532990 0.001489244 0.123506524 -0.000534467 0.999999285 0.000991204 -0.179242402 -0.001488715 -0.000991998 0.999998331 6.535010815
0.999998271 0.001013707 0.001542011 0.119566008 -0.001015412 0.999998808 0.001105447 -0.187494427 -0.001540889 -0.001107011 0.999998152 6.824202538
0.999998093 0.001042101 0.001608187 0.133064628 -0.001043571 0.999999046 0.000913322 -0.196247950 -0.001607234 -0.000914999 0.999998212 7.126900196
0.999998391 0.000796223 0.001555623 0.140416771 -0.000798031 0.999999106 0.001162355 -0.208952025 -0.001554696 -0.001163595 0.999998093 7.427154541
0.999998033 0.001062590 0.001619117 0.143175274 -0.001064475 0.999998748 0.001163772 -0.219632924 -0.001617879 -0.001165493 0.999997973 7.728552818
0.999998748 0.000668076 0.001433639 0.154570907 -0.000670023 0.999998868 0.001358344 -0.227047518 -0.001432730 -0.001359303 0.999998033 8.065626144
0.999996781 0.001663042 0.001939596 0.154667601 -0.001664908 0.999998152 0.000961127 -0.233412758 -0.001937994 -0.000964353 0.999997616 8.382787704
0.999997973 0.000866937 0.001811223 0.166365653 -0.000869014 0.999998987 0.001146179 -0.244333997 -0.001810228 -0.001147751 0.999997675 8.705094337
0.999997437 0.001063777 0.001954069 0.171146512 -0.001065895 0.999998868 0.001083334 -0.251168787 -0.001952914 -0.001085414 0.999997437 9.045972824
0.999997258 0.001476581 0.001800844 0.178991854 -0.001478072 0.999998569 0.000826828 -0.263506919 -0.001799620 -0.000829488 0.999997973 9.386612892
0.999997377 0.001377546 0.001845701 0.187709197 -0.001379768 0.999998331 0.001203430 -0.275395989 -0.001844041 -0.001205974 0.999997497 9.726442337
0.999996662 0.001545534 0.002041776 0.191524342 -0.001547781 0.999998212 0.001099731 -0.281588316 -0.002040072 -0.001102888 0.999997318 10.077096939
0.999997020 0.001530005 0.001903069 0.200472206 -0.001532207 0.999998093 0.001156617 -0.293598264 -0.001901296 -0.001159529 0.999997437 10.433047295
0.999997020 0.001519142 0.001969460 0.209863752 -0.001521216 0.999998271 0.001051618 -0.302040517 -0.001967859 -0.001054611 0.999997497 10.791435242
0.999997616 0.001334847 0.001764903 0.219210207 -0.001336566 0.999998569 0.000972661 -0.312024713 -0.001763603 -0.000975017 0.999997973 11.152703285
0.999997675 0.001135917 0.001838939 0.231225446 -0.001137801 0.999998808 0.001023638 -0.323370546 -0.001837775 -0.001025728 0.999997795 11.529009819
0.999996960 0.001620330 0.001874610 0.237254411 -0.001622295 0.999998212 0.001046687 -0.334433258 -0.001872910 -0.001049726 0.999997735 11.907835960
0.999996185 0.001594312 0.002259474 0.244275212 -0.001597636 0.999997616 0.001469958 -0.348281085 -0.002257125 -0.001473562 0.999996364 12.278773308
0.999996901 0.001500131 0.001967258 0.257600904 -0.001504737 0.999996066 0.002342341 -0.362754554 -0.001963736 -0.002345295 0.999995351 12.672284126
0.999995589 0.001745139 0.002403072 0.262289941 -0.001750110 0.999996305 0.002068080 -0.373871565 -0.002399454 -0.002072277 0.999994934 13.063098907
0.999997258 0.001089953 0.002032214 0.279889315 -0.001094017 0.999997318 0.002000005 -0.386665881 -0.002030029 -0.002002222 0.999995947 13.463420868
0.999994934 0.001656965 0.002702669 0.280977577 -0.001662345 0.999996662 0.001989488 -0.396421283 -0.002699362 -0.001993970 0.999994397 13.876261711
0.999994159 0.001836502 0.002885368 0.286894530 -0.001842934 0.999995828 0.002228000 -0.407660872 -0.002881265 -0.002233305 0.999993384 14.293580055
0.999992490 0.001820759 0.003423440 0.298604041 -0.001827615 0.999996305 0.002000669 -0.418445706 -0.003419785 -0.002006912 0.999992073 14.718025208
0.999993324 0.001734525 0.003207463 0.307642698 -0.001741124 0.999996364 0.002055518 -0.428199410 -0.003203886 -0.002061089 0.999992728 15.156970978
0.999993086 0.001517226 0.003391152 0.322701454 -0.001525639 0.999995768 0.002479901 -0.450627208 -0.003387376 -0.002485058 0.999991119 15.580430984
0.999990821 0.001427656 0.004042544 0.326809764 -0.001435830 0.999996901 0.002019535 -0.460144699 -0.004039648 -0.002025321 0.999989748 16.022575378
0.999987483 0.002253609 0.004451740 0.339951307 -0.002264068 0.999994814 0.002345871 -0.470448047 -0.004446429 -0.002355921 0.999987364 16.472869873
0.999985278 0.002605826 0.004747170 0.347462982 -0.002616044 0.999994338 0.002147480 -0.484269142 -0.004741547 -0.002159867 0.999986470 16.916538239
0.999984145 0.002098136 0.005230863 0.359753847 -0.002109970 0.999995172 0.002257900 -0.499207288 -0.005226101 -0.002268901 0.999983728 17.381444931
0.999982595 0.002308180 0.005413219 0.370034844 -0.002321679 0.999994159 0.002488623 -0.508772135 -0.005407444 -0.002501148 0.999982238 17.839717865
0.999981403 0.001989729 0.005742616 0.384850532 -0.002002846 0.999995351 0.002279364 -0.519944131 -0.005738054 -0.002290823 0.999980867 18.308624268
0.999983490 0.001690127 0.005494125 0.402898908 -0.001703302 0.999995708 0.002394172 -0.533987045 -0.005490054 -0.002403491 0.999982059 18.775857925
0.999982655 0.002016411 0.005541149 0.414349675 -0.002030149 0.999994993 0.002474688 -0.544396043 -0.005536131 -0.002485895 0.999981523 19.248592377
0.999980152 0.002060327 0.005958097 0.433206320 -0.002074099 0.999995112 0.002306406 -0.566821277 -0.005953316 -0.002318718 0.999979556 19.761713028
0.999978125 0.002581138 0.006101880 0.438021362 -0.002597729 0.999992967 0.002712736 -0.580967546 -0.006094835 -0.002728527 0.999977708 20.248836517
0.999979258 0.001891266 0.006159727 0.455425441 -0.001907157 0.999994814 0.002574978 -0.595080793 -0.006154825 -0.002586672 0.999977708 20.740739822
0.999985754 0.001415168 0.005157647 0.471671760 -0.001428969 0.999995410 0.002673246 -0.609977782 -0.005153840 -0.002680578 0.999983072 21.239286423
0.999984622 0.000978557 0.005443166 0.485085368 -0.000991822 0.999996543 0.002434768 -0.617286384 -0.005440764 -0.002440129 0.999982238 21.761959076
0.999985933 0.001052690 0.005199868 0.493698925 -0.001063801 0.999997139 0.002134520 -0.631005406 -0.005197607 -0.002140022 0.999984145 22.277559280
0.999990106 0.000388826 0.004448905 0.510747910 -0.000398336 0.999997675 0.002136943 -0.643968642 -0.004448064 -0.002138694 0.999987781 22.794750214
0.999988317 0.001428370 0.004614796 0.512837172 -0.001437675 0.999996960 0.002013679 -0.657975495 -0.004611906 -0.002020290 0.999987304 23.292856216
0.999992609 0.000972249 0.003722329 0.529499292 -0.000981152 0.999996603 0.002390768 -0.676236928 -0.003719993 -0.002394402 0.999990225 23.807374954
0.999995053 -0.000055760 0.003157591 0.534810841 0.000049611 0.999998093 0.001947434 -0.693528533 -0.003157694 -0.001947268 0.999993145 24.327947617
0.999994457 0.000985413 0.003189154 0.544262171 -0.000991313 0.999997735 0.001848934 -0.705419004 -0.003187325 -0.001852085 0.999993205 24.853723526
0.999996543 0.001105820 0.002387728 0.556592941 -0.001111193 0.999996841 0.002249705 -0.720570743 -0.002385233 -0.002252351 0.999994576 25.381381989
0.999996781 0.001545797 0.002000769 0.565398455 -0.001550665 0.999995828 0.002433911 -0.735703230 -0.001996998 -0.002437006 0.999995053 25.918357849
0.999996841 0.001679923 0.001868918 0.573888421 -0.001684129 0.999996066 0.002251309 -0.751465261 -0.001865129 -0.002254450 0.999995708 26.470922470
0.999998033 0.001314274 0.001482183 0.591198146 -0.001318332 0.999995351 0.002740036 -0.760801733 -0.001478575 -0.002741985 0.999995172 27.033580780
0.999997854 0.001689779 0.001144687 0.602956891 -0.001693194 0.999994099 0.002989775 -0.783950686 -0.001139628 -0.002991707 0.999994874 27.577333450
0.999997795 0.001956475 0.000796230 0.616054058 -0.001958622 0.999994338 0.002704966 -0.799081802 -0.000790934 -0.002706519 0.999996006 28.132257462
0.999997020 0.002348915 0.000682580 0.627173543 -0.002350787 0.999993384 0.002753642 -0.809692562 -0.000676108 -0.002755238 0.999995947 28.682918549
0.999996305 0.002641407 0.000610367 0.636336446 -0.002642988 0.999993026 0.002605376 -0.823026717 -0.000603480 -0.002606980 0.999996424 29.243301392
0.999997616 0.002142446 0.000016261 0.649827003 -0.002142483 0.999994040 0.002681980 -0.836092710 -0.000010515 -0.002682009 0.999996424 29.788448334
0.999997139 0.002341397 -0.000385704 0.658471406 -0.002340357 0.999993622 0.002678889 -0.846941292 0.000391974 -0.002677978 0.999996364 30.342723846
0.999997795 0.001999269 -0.000797016 0.674137414 -0.001997367 0.999995172 0.002380880 -0.857727706 0.000801773 -0.002379282 0.999996781 30.887430191
0.999997139 0.002122977 -0.001067132 0.687059939 -0.002120359 0.999994874 0.002448641 -0.873939157 0.001072325 -0.002446371 0.999996424 31.434074402
0.999994278 0.003149918 -0.001189151 0.695273757 -0.003146862 0.999991775 0.002562778 -0.885851026 0.001197214 -0.002559022 0.999995947 31.985860825
0.999994516 0.003042737 -0.001306406 0.708128095 -0.003039057 0.999991357 0.002810057 -0.903324842 0.001314946 -0.002806071 0.999995172 32.537796021
0.999993145 0.003528012 -0.001100403 0.711613894 -0.003524402 0.999988377 0.003265857 -0.918081403 0.001111912 -0.003261956 0.999994040 33.072898865
0.999994576 0.003032561 -0.001278642 0.719397306 -0.003029220 0.999992013 0.002607456 -0.933366776 0.001286540 -0.002603568 0.999995768 33.614261627
0.999994218 0.002928111 -0.001718127 0.732130170 -0.002923514 0.999992251 0.002672047 -0.945765257 0.001725937 -0.002667008 0.999994934 34.162673950
0.999993861 0.002942038 -0.001884441 0.743341744 -0.002936790 0.999991834 0.002782085 -0.963883340 0.001892612 -0.002776534 0.999994338 34.694381714
0.999992669 0.002683924 -0.002724415 0.761914551 -0.002675788 0.999992013 0.002985893 -0.987990081 0.002732408 -0.002978581 0.999991834 35.213745117
0.999992192 0.003220563 -0.002265560 0.758566678 -0.003215767 0.999992609 0.002117249 -0.984252691 0.002272362 -0.002109946 0.999995172 35.790824890
0.999991775 0.003365315 -0.002257480 0.778655171 -0.003359301 0.999990880 0.002663055 -1.001137018 0.002266421 -0.002655450 0.999993920 36.353801727
0.999993980 0.002783267 -0.002071076 0.776909351 -0.002779900 0.999994814 0.001627064 -1.013554215 0.002075593 -0.001621297 0.999996543 36.919963837
0.999992669 0.003185905 -0.002120891 0.783580124 -0.003182489 0.999993622 0.001611538 -1.025831342 0.002126011 -0.001604777 0.999996364 37.469604492
0.999993265 0.002864582 -0.002289400 0.801279902 -0.002860543 0.999994338 0.001765318 -1.044265270 0.002294445 -0.001758757 0.999995768 38.029117584
0.999991536 0.002758868 -0.003040054 0.815969586 -0.002752896 0.999994278 0.001966484 -1.057250857 0.003045462 -0.001958098 0.999993384 38.578063965
0.999992073 0.002342058 -0.003204534 0.823683381 -0.002336008 0.999995470 0.001890038 -1.069562554 0.003208947 -0.001882537 0.999993086 39.129688263
0.999992132 0.002635154 -0.002956962 0.841612160 -0.002629942 0.999994993 0.001765435 -1.094339132 0.002961599 -0.001757644 0.999994099 39.678047180
0.999990404 0.003017493 -0.003175035 0.852596104 -0.003011047 0.999993384 0.002033391 -1.113563061 0.003181150 -0.002023811 0.999992907 40.230838776
0.999991298 0.002813942 -0.003083486 0.862502098 -0.002807164 0.999993563 0.002199948 -1.133153677 0.003089656 -0.002191273 0.999992788 40.784145355
0.999992967 0.002576717 -0.002721743 0.868189335 -0.002571804 0.999995053 0.001806814 -1.143154740 0.002726386 -0.001799802 0.999994636 41.344867706
0.999992549 0.002094965 -0.003224056 0.879983306 -0.002087021 0.999994755 0.002465242 -1.161649585 0.003229205 -0.002458495 0.999991775 41.896228790
0.999991596 0.002995570 -0.002801593 0.885410309 -0.002990069 0.999993742 0.001965747 -1.178453922 0.002807463 -0.001957353 0.999994159 42.413341522
0.999991417 0.002865723 -0.003002270 0.897162497 -0.002861121 0.999994755 0.001535851 -1.189627409 0.003006655 -0.001527247 0.999994338 42.963161469
0.999992013 0.002973617 -0.002678863 0.909939587 -0.002967261 0.999992847 0.002373708 -1.217932343 0.002685902 -0.002365740 0.999993622 43.487255096
0.999991417 0.002822642 -0.003037252 0.927200556 -0.002815323 0.999993265 0.002411271 -1.229149818 0.003044037 -0.002402700 0.999992430 44.070323944
0.999991417 0.002332462 -0.003421576 0.938758135 -0.002323963 0.999994218 0.002485541 -1.242911100 0.003427354 -0.002477569 0.999991000 44.611736298
0.999994814 0.001533513 -0.002805209 0.943267703 -0.001526766 0.999995887 0.002405694 -1.260308385 0.002808887 -0.002401399 0.999993145 45.147598267
0.999994218 0.002171136 -0.002627877 0.941771328 -0.002164904 0.999994814 0.002371901 -1.279215932 0.002633013 -0.002366198 0.999993682 45.699893951
0.999994993 0.001601741 -0.002780667 0.953518987 -0.001594476 0.999995232 0.002612968 -1.291799188 0.002784838 -0.002608521 0.999992728 46.250747681
0.999994576 0.002003402 -0.002618753 0.957577169 -0.001997223 0.999995351 0.002359813 -1.304230809 0.002623471 -0.002354570 0.999993801 46.791152954
0.999994755 0.001543717 -0.002818180 0.970574856 -0.001536134 0.999995112 0.002690796 -1.319510221 0.002822322 -0.002686454 0.999992430 47.330013275
0.999994695 0.000999413 -0.003100168 0.982748747 -0.000991081 0.999995828 0.002687571 -1.332126498 0.003102841 -0.002684484 0.999991596 47.886108398
0.999994338 0.000491722 -0.003329116 0.992861688 -0.000484165 0.999997258 0.002270260 -1.346392274 0.003330223 -0.002268635 0.999991894 48.423370361
0.999994040 0.000607385 -0.003402387 1.001780391 -0.000599332 0.999997020 0.002367582 -1.359223485 0.003403813 -0.002365529 0.999991417 48.965354919
0.999993622 0.001406893 -0.003261642 1.005179286 -0.001400348 0.999997020 0.002008137 -1.368176818 0.003264459 -0.002003557 0.999992669 49.514904022
0.999994814 0.001348620 -0.002921686 1.007106423 -0.001342504 0.999996901 0.002094135 -1.385190129 0.002924501 -0.002090201 0.999993563 50.064529419
0.999994934 0.001521218 -0.002791555 1.018012762 -0.001515379 0.999996662 0.002092347 -1.398741126 0.002794729 -0.002088106 0.999993920 50.603134155
0.999995232 0.001299919 -0.002802773 1.026737452 -0.001293935 0.999996841 0.002135457 -1.418071270 0.002805540 -0.002131821 0.999993742 51.133937836
0.999994636 0.001301336 -0.003001980 1.038674593 -0.001294856 0.999996781 0.002159409 -1.433161259 0.003004780 -0.002155510 0.999993145 51.682117462
0.999994874 0.001697695 -0.002713373 1.038060188 -0.001691685 0.999996126 0.002215406 -1.446715236 0.002717122 -0.002210804 0.999993801 52.222030640
0.999995410 0.001435396 -0.002668379 1.045771718 -0.001430633 0.999997377 0.001786174 -1.461580992 0.002670937 -0.001782348 0.999994814 52.760711670
0.999995470 0.001093804 -0.002809844 1.055621147 -0.001087165 0.999996543 0.002363091 -1.483402252 0.002812420 -0.002360025 0.999993265 53.294208527
0.999995053 0.001143117 -0.002938189 1.065285444 -0.001136765 0.999997020 0.002162755 -1.496857047 0.002940653 -0.002159405 0.999993324 53.852821350
0.999996126 0.001538987 -0.002308419 1.066740513 -0.001534224 0.999996722 0.002063199 -1.512045264 0.002311587 -0.002059649 0.999995232 54.384563446
0.999996305 0.001621088 -0.002192238 1.076641560 -0.001616305 0.999996305 0.002182123 -1.531700492 0.002195768 -0.002178572 0.999995232 54.923686981
0.999996185 0.001631916 -0.002231837 1.072223663 -0.001627085 0.999996245 0.002164561 -1.557417274 0.002235360 -0.002160921 0.999995172 55.455085754
0.999996424 0.001310888 -0.002307608 1.078179479 -0.001306487 0.999997437 0.001907516 -1.568560123 0.002310102 -0.001904495 0.999995530 55.988121033
0.999995828 0.001543889 -0.002495733 1.079418302 -0.001537727 0.999995768 0.002468937 -1.588574648 0.002499534 -0.002465089 0.999993861 56.521900177
0.999997139 0.001425737 -0.001934720 1.078034639 -0.001421228 0.999996245 0.002331103 -1.606105685 0.001938036 -0.002328346 0.999995410 57.065139771
0.999996960 0.001642662 -0.001800598 1.068576097 -0.001638811 0.999996364 0.002138018 -1.618578196 0.001804104 -0.002135061 0.999996066 57.617263794
0.999997079 0.001670614 -0.001718076 1.082339764 -0.001666669 0.999995947 0.002295590 -1.645312786 0.001721904 -0.002292719 0.999995887 58.134136200
0.999997675 0.001625248 -0.001420761 1.080095887 -0.001621683 0.999995530 0.002506050 -1.666028261 0.001424827 -0.002503739 0.999995768 58.661396027
0.999997675 0.001694376 -0.001319879 1.083168983 -0.001691116 0.999995530 0.002466438 -1.682006121 0.001324052 -0.002464200 0.999996006 59.187618256
0.999997675 0.002040973 -0.000680265 1.077063799 -0.002039201 0.999994576 0.002594476 -1.709847450 0.000685556 -0.002593083 0.999996424 59.712310791
0.999998629 0.001133641 -0.001190584 1.089811087 -0.001130285 0.999995410 0.002816814 -1.729154825 0.001193771 -0.002815465 0.999995351 60.249488831
0.999999344 0.000936460 -0.000702249 1.095613003 -0.000934406 0.999995351 0.002920685 -1.740668058 0.000704981 -0.002920027 0.999995530 60.798774719
0.999997854 0.001768326 -0.001052587 1.098091006 -0.001765753 0.999995470 0.002440319 -1.758880734 0.001056898 -0.002438456 0.999996483 61.347770691
0.999998629 0.001337773 -0.000952914 1.103783011 -0.001335236 0.999995589 0.002656850 -1.775910616 0.000956464 -0.002655573 0.999996006 61.891403198
0.999998212 0.001850351 -0.000361512 1.089777946 -0.001849129 0.999992609 0.003350811 -1.829859257 0.000367710 -0.003350136 0.999994338 62.416786194
0.999995470 0.002990440 0.000289760 1.082678795 -0.002991463 0.999989152 0.003600440 -1.868420362 -0.000278990 -0.003601291 0.999993503 62.975006104
0.999989510 0.004449973 0.001078160 1.063440800 -0.004455235 0.999977946 0.004928270 -1.926431417 -0.001056207 -0.004933022 0.999987304 63.505672455
0.999992013 0.003932794 0.000657306 1.073026657 -0.003935752 0.999981999 0.004559933 -1.945276499 -0.000639362 -0.004562484 0.999989331 64.054023743
0.999986947 0.004910295 0.001428013 1.069708824 -0.004917556 0.999974787 0.005126615 -1.978243828 -0.001402803 -0.005133570 0.999985814 64.573135376
0.999988437 0.004642824 0.001262655 1.076995611 -0.004648895 0.999977410 0.004848219 -1.986948252 -0.001240118 -0.004854032 0.999987423 65.120681763
0.999989152 0.004435284 0.001365441 1.082696319 -0.004442169 0.999977231 0.005081401 -2.005925179 -0.001342872 -0.005087412 0.999986112 65.643997192
0.999989390 0.004447585 0.001130994 1.096220493 -0.004453354 0.999976814 0.005150524 -2.017686844 -0.001108060 -0.005155506 0.999986053 66.186164856
0.999988973 0.004435133 0.001497361 1.097247362 -0.004442520 0.999977767 0.004967332 -2.039944649 -0.001475297 -0.004973930 0.999986470 66.723678589
0.999987304 0.004805062 0.001528786 1.108430862 -0.004812328 0.999976993 0.004785709 -2.051026344 -0.001505756 -0.004793005 0.999987364 67.242546082
0.999991596 0.003979513 0.000980926 1.129902244 -0.003985209 0.999974787 0.005875856 -2.097198725 -0.000957519 -0.005879716 0.999982238 67.783042908
0.999985933 0.005053765 0.001615425 1.131201386 -0.005062855 0.999971092 0.005673148 -2.109084606 -0.001586709 -0.005681247 0.999982536 68.316505432
0.999985635 0.005173352 0.001488340 1.140910745 -0.005181096 0.999972761 0.005246995 -2.120761395 -0.001461155 -0.005254630 0.999985099 68.857543945
0.999986947 0.004973510 0.001191489 1.151847005 -0.004980620 0.999969363 0.006040851 -2.139734983 -0.001161408 -0.006046706 0.999981046 69.383697510
0.999984860 0.005286068 0.001477662 1.161959767 -0.005294152 0.999970675 0.005521084 -2.153735399 -0.001448434 -0.005528823 0.999983668 69.916007996
0.999985695 0.005137239 0.001424350 1.172688007 -0.005145527 0.999969423 0.005878525 -2.167208433 -0.001394108 -0.005885771 0.999981642 70.473670959
0.999984860 0.005239901 0.001639281 1.177116036 -0.005249167 0.999969959 0.005700653 -2.183953524 -0.001609361 -0.005709172 0.999982357 70.995773315
0.999985456 0.005146358 0.001591770 1.182704806 -0.005155225 0.999970913 0.005616874 -2.198616982 -0.001562816 -0.005624998 0.999982953 71.530784607
0.999981821 0.005636274 0.002130573 1.184483767 -0.005648329 0.999967754 0.005694673 -2.212331533 -0.002098408 -0.005706604 0.999981463 72.064697266
0.999981523 0.005643166 0.002252239 1.189347148 -0.005655831 0.999967992 0.005656752 -2.228874445 -0.002220245 -0.005669386 0.999981463 72.615608215
0.999980927 0.005852451 0.001978106 1.206375718 -0.005863146 0.999967992 0.005444492 -2.239890575 -0.001946180 -0.005455987 0.999983191 73.138870239
0.999977887 0.006229196 0.002318827 1.205280781 -0.006243318 0.999961793 0.006134028 -2.257946491 -0.002280527 -0.006148370 0.999978483 73.683349609
0.999977827 0.006115196 0.002645360 1.217108846 -0.006130334 0.999964654 0.005753041 -2.272782564 -0.002610086 -0.005769131 0.999979913 74.198097229
0.999979973 0.005785223 0.002563358 1.227571487 -0.005800062 0.999966204 0.005819797 -2.282498121 -0.002529603 -0.005834548 0.999979794 74.731964111
0.999980032 0.005779785 0.002553713 1.236778975 -0.005795325 0.999964476 0.006120721 -2.295937777 -0.002518246 -0.006135399 0.999977946 75.272857666
0.999978364 0.005984344 0.002764319 1.247198582 -0.005999039 0.999967754 0.005338457 -2.305601835 -0.002732283 -0.005354925 0.999981880 75.798988342
0.999974132 0.006533763 0.003010537 1.251019478 -0.006550055 0.999963760 0.005433802 -2.319056749 -0.002974925 -0.005453381 0.999980688 76.321670532
0.999974191 0.006481534 0.003145178 1.261566758 -0.006498668 0.999963939 0.005468037 -2.334220886 -0.003109624 -0.005488335 0.999980092 76.858474731
0.999971032 0.006771293 0.003471918 1.264845729 -0.006789573 0.999962986 0.005280298 -2.347914219 -0.003436035 -0.005303718 0.999980032 77.401687622
0.999973953 0.006432941 0.003281410 1.269484520 -0.006451531 0.999963045 0.005686537 -2.361500263 -0.003244708 -0.005707559 0.999978423 77.926361084
0.999975443 0.006225348 0.003195785 1.286062241 -0.006243901 0.999963462 0.005828375 -2.380723000 -0.003159383 -0.005848186 0.999977887 78.450538635
0.999977171 0.005873618 0.003322746 1.299936056 -0.005891698 0.999967754 0.005458307 -2.388651609 -0.003290578 -0.005477760 0.999979496 78.999656677
0.999972165 0.006661560 0.003336762 1.308747053 -0.006680273 0.999961853 0.005628525 -2.407825470 -0.003299140 -0.005650660 0.999978542 79.521629333
0.999976754 0.006054683 0.003120851 1.320919394 -0.006071687 0.999966621 0.005468305 -2.416000128 -0.003087637 -0.005487127 0.999980092 80.029983521
0.999965847 0.006983709 0.004425598 1.335879326 -0.007005704 0.999963045 0.004974078 -2.420298815 -0.004390698 -0.005004912 0.999977827 80.583999634
0.999960184 0.006794746 0.005791842 1.350437164 -0.006824336 0.999963641 0.005104753 -2.437009811 -0.005756946 -0.005144074 0.999970198 81.129463196
0.999952435 0.006830434 0.006958387 1.358160734 -0.006863457 0.999965250 0.004732982 -2.430732012 -0.006925818 -0.004780516 0.999964595 81.665267944
0.999948144 0.006513740 0.007825349 1.399104953 -0.006549926 0.999967933 0.004607456 -2.452764988 -0.007795088 -0.004658473 0.999958694 82.144287109
0.999922156 0.006527531 0.010627070 1.424191952 -0.006583138 0.999964774 0.005206035 -2.471478701 -0.010592712 -0.005275589 0.999929965 82.670639038
0.999859691 0.007685112 0.014884686 1.434898376 -0.007773628 0.999952376 0.005898046 -2.502096176 -0.014838647 -0.006012926 0.999871790 83.178588867
0.999852240 0.005772010 0.016192751 1.533949256 -0.005867488 0.999965668 0.005855063 -2.513846636 -0.016158400 -0.005949209 0.999851704 83.681327820
0.999784946 0.003672545 0.020411244 1.561107159 -0.003773976 0.999980688 0.004933026 -2.493285894 -0.020392735 -0.005008997 0.999779522 84.128257751
0.999654830 0.003879415 0.025983831 1.616925955 -0.004013366 0.999978840 0.005104965 -2.509671211 -0.025963485 -0.005207486 0.999649286 84.839828491
0.999506831 0.004748365 0.031040188 1.701246619 -0.004907421 0.999975145 0.005050019 -2.521873951 -0.031015443 -0.005199856 0.999505401 85.338890076
0.999293625 0.004323104 0.037330095 1.717355013 -0.004554129 0.999970913 0.006105884 -2.569920063 -0.037302613 -0.006271577 0.999284327 85.695716858
0.998933017 0.004518034 0.045960523 1.788624525 -0.004743428 0.999977171 0.004796160 -2.555874109 -0.045937810 -0.005009053 0.998931766 86.584747314
0.998513162 0.003742937 0.054382969 1.840677023 -0.003986464 0.999982595 0.004370240 -2.553490639 -0.054365657 -0.004580539 0.998510540 87.200515747
0.998094797 0.002848877 0.061632846 1.896067858 -0.003143836 0.999984086 0.004689298 -2.590369225 -0.061618503 -0.004874128 0.998087883 87.766212463
0.997489631 0.003093641 0.070744559 1.964221478 -0.003427551 0.999983668 0.004599038 -2.593349934 -0.070729166 -0.004829974 0.997483790 88.373970032
0.996786177 0.002758882 0.080062278 2.059919357 -0.003105115 0.999986351 0.004200363 -2.602499247 -0.080049589 -0.004435465 0.996780992 89.001205444
0.996071517 0.001446416 0.088540390 2.153418541 -0.001778716 0.999991596 0.003674301 -2.608278751 -0.088534325 -0.003817355 0.996065795 89.610458374
0.995409489 -0.001541160 0.095694810 2.247406006 0.001395257 0.999997735 0.001591551 -2.599789858 -0.095697038 -0.001450726 0.995409429 90.240928650
0.994371533 0.000335353 0.105947927 2.315511703 -0.000637030 0.999995828 0.002813577 -2.618740320 -0.105946533 -0.002865233 0.994367719 90.785560608
0.993309498 -0.002955704 0.115444668 2.436729431 0.002771346 0.999994636 0.001757414 -2.637341261 -0.115449250 -0.001425719 0.993312359 91.294853210
0.992148280 -0.000118465 0.125067100 2.518465042 -0.000258922 0.999995470 0.003001215 -2.662497520 -0.125066891 -0.003010033 0.992143750 91.804878235
0.990553260 -0.000143001 0.137128294 2.605684280 -0.000379662 0.999992788 0.003785322 -2.681721687 -0.137127876 -0.003801626 0.990546048 92.287849426
0.988722563 -0.000590349 0.149757624 2.700263023 0.000074484 0.999993980 0.003450253 -2.686490536 -0.149758801 -0.003400188 0.988716722 92.866561890
0.987083495 -0.001319890 0.160201639 2.810019493 0.000781036 0.999993801 0.003426519 -2.699223757 -0.160205171 -0.003257137 0.987078428 93.407699585
0.985338569 -0.000812399 0.170608610 2.925113678 0.000223041 0.999993920 0.003473586 -2.714869499 -0.170610368 -0.003384606 0.985332727 93.961669922
0.982904613 -0.001532113 0.184109285 3.048028946 0.000882129 0.999993026 0.003612275 -2.728352547 -0.184113547 -0.003388113 0.982899129 94.493362427
0.980568230 -0.002067440 0.196167514 3.174541473 0.001383543 0.999992430 0.003623260 -2.745953083 -0.196173504 -0.003281448 0.980563700 95.003334045
0.978540003 -0.002729404 0.206038579 3.314115524 0.001841822 0.999988198 0.004499519 -2.775587082 -0.206048384 -0.004023472 0.978533506 95.539932251
0.975682139 -0.003357783 0.219164968 3.460933685 0.002573871 0.999989271 0.003862238 -2.785460472 -0.219175577 -0.003204214 0.975680172 96.073608398
0.972710192 -0.005922796 0.231947899 3.625654221 0.005453056 0.999981582 0.002666304 -2.778136015 -0.231959388 -0.001328717 0.972724557 96.666732788
0.970005631 -0.005852519 0.243012220 3.774290085 0.005277729 0.999981523 0.003016245 -2.790991545 -0.243025407 -0.001643221 0.970018506 97.187561035
0.967141390 -0.004110774 0.254205912 3.944189072 0.003222387 0.999987185 0.003911072 -2.826791763 -0.254218757 -0.002963410 0.967142165 97.702484131
0.963619947 -0.006295983 0.267201990 4.115900040 0.005689520 0.999979138 0.003043829 -2.816475630 -0.267215639 -0.001412843 0.963635743 98.263397217
0.960073233 -0.006626926 0.279670358 4.293489456 0.006087943 0.999977589 0.002795816 -2.832501173 -0.279682577 -0.000981570 0.960092008 98.786239624
0.956598759 -0.006989820 0.291324347 4.467943192 0.006431157 0.999975204 0.002875178 -2.845566034 -0.291337252 -0.000876839 0.956619978 99.301948547
0.952136219 -0.004674139 0.305638254 4.652513504 0.003701099 0.999985993 0.003763025 -2.864861012 -0.305651635 -0.002451715 0.952140272 99.821807861
0.947581291 -0.006593141 0.319446534 4.861345291 0.005648827 0.999976635 0.003882533 -2.877799273 -0.319464624 -0.001874518 0.947596371 100.341300964
0.943762720 -0.007056541 0.330548018 5.072542191 0.006186319 0.999974072 0.003684609 -2.886464357 -0.330565482 -0.001432522 0.943782032 100.859703064
0.939079583 -0.008457512 0.343595475 5.269384384 0.007851186 0.999964118 0.003155802 -2.895498991 -0.343609869 -0.000265918 0.939112365 101.333930969
0.933834255 -0.009157913 0.357588738 5.509719849 0.008566131 0.999958038 0.003238865 -2.904842854 -0.357603401 0.000038589 0.933873475 101.855201721
0.929194510 -0.009969144 0.369456679 5.729206085 0.009256670 0.999950290 0.003701116 -2.918781757 -0.369475275 -0.000019118 0.929240584 102.368835449
0.924258649 -0.010045877 0.381634682 5.949756622 0.009365704 0.999949515 0.003639704 -2.937844276 -0.381651968 0.000210250 0.924306095 102.867858887
0.918415010 -0.010009206 0.395491838 6.193778992 0.009094223 0.999949872 0.004188287 -2.953845024 -0.395513952 -0.000249895 0.918460071 103.364479065
0.912500739 -0.011473861 0.408913970 6.450477600 0.010556709 0.999934137 0.004499964 -2.975100517 -0.408938706 0.000210565 0.912561834 103.874145508
0.907582700 -0.010936378 0.419730902 6.705867767 0.010036463 0.999940097 0.004352322 -2.988458395 -0.419753462 0.000262522 0.907638133 104.353988647
0.901455402 -0.011462375 0.432720274 6.959922791 0.010416423 0.999934316 0.004787575 -3.013886929 -0.432746649 0.000191612 0.901515543 104.871185303
0.894645751 -0.011215374 0.446635544 7.227867126 0.010098863 0.999937057 0.004880411 -3.023460150 -0.446662247 0.000144273 0.894702613 105.362220764
0.888763011 -0.011504646 0.458222479 7.509731293 0.010318155 0.999933779 0.005092480 -3.043020964 -0.458250701 0.000202003 0.888822913 105.866188049
0.882876992 -0.012810872 0.469429255 7.792083740 0.011597443 0.999917746 0.005476227 -3.053886414 -0.469460815 0.000609344 0.882953048 106.343536377
0.875503302 -0.012962619 0.483038068 8.089134216 0.011496291 0.999915957 0.005996394 -3.075139284 -0.483075082 0.000303284 0.875578821 106.824974060
0.868498862 -0.012842457 0.495524913 8.385253906 0.011497848 0.999917328 0.005762635 -3.084278584 -0.495557964 0.000692628 0.868574500 107.283706665
