1.000000000 0.000000000 0.000000000 0.000000000 0.000000000 1.000000000 0.000000000 0.000000000 0.000000000 0.000000000 1.000000000 0.000000000
1.000000000 -0.000060670 -0.000045745 0.000353304 0.000060666 1.000000000 -0.000079786 0.000241194 0.000045750 0.000079783 1.000000000 -0.000051709
1.000000000 -0.000017451 -0.000009835 -0.000593220 0.000017451 1.000000000 0.000031896 -0.000323065 0.000009834 -0.000031896 1.000000000 -0.000817582
1.000000000 0.000087759 0.000129874 -0.000883268 -0.000087752 1.000000000 -0.000050554 0.000673766 -0.000129878 0.000050543 1.000000000 0.000561694
1.000000000 -0.000080015 0.000012174 -0.000192940 0.000080015 1.000000000 0.000021339 0.000054885 -0.000012176 -0.000021338 1.000000000 -0.000406126
1.000000000 0.000046568 0.000044701 -0.001098835 -0.000046571 1.000000000 0.000060928 -0.000441046 -0.000044698 -0.000060930 1.000000000 -0.001379717
1.000000000 0.000105472 0.000034051 -0.001084176 -0.000105467 1.000000000 -0.000145898 0.000112530 -0.000034066 0.000145894 1.000000000 -0.000869951
1.000000000 0.000068989 0.000098716 -0.000794923 -0.000068990 1.000000000 0.000004046 -0.000421511 -0.000098716 -0.000004053 1.000000000 -0.000648565
1.000000000 0.000149268 0.000089817 -0.001557959 -0.000149272 1.000000000 0.000048344 -0.000426542 -0.000089810 -0.000048358 1.000000000 -0.001182084
1.000000000 0.000041951 0.000104016 -0.000980085 -0.000041945 1.000000000 -0.000058132 -0.000219317 -0.000104019 0.000058128 1.000000000 -0.000731047
1.000000000 0.000229047 0.000072072 -0.001080155 -0.000229036 0.999999940 -0.000156685 0.000431943 -0.000072108 0.000156668 1.000000000 -0.000668122
1.000000000 -0.000027527 0.000050294 0.000028685 0.000027529 1.000000000 -0.000024953 0.000673804 -0.000050293 0.000024954 1.000000000 0.000505741
0.999999940 0.000226832 0.000096461 -0.001608824 -0.000226812 0.999999940 -0.000210261 0.001748117 -0.000096509 0.000210239 1.000000000 0.000928703
1.000000000 0.000190097 0.000016487 -0.000190518 -0.000190095 1.000000000 -0.000133113 0.002083334 -0.000016512 0.000133110 1.000000000 0.001139658
0.999999940 0.000220863 0.000205395 -0.002241283 -0.000220837 0.999999940 -0.000128138 0.001873155 -0.000205424 0.000128093 1.000000000 0.001461695
0.999999881 0.000402330 0.000150102 -0.002064830 -0.000402299 0.999999881 -0.000208534 0.001991605 -0.000150186 0.000208473 0.999999940 0.000835505
0.999999940 0.000362087 0.000200869 -0.002223863 -0.000362067 0.999999940 -0.000099913 0.002365653 -0.000200905 0.000099840 1.000000000 0.003229410
0.999999940 0.000311188 0.000239165 -0.001839822 -0.000311159 0.999999940 -0.000122333 0.002020129 -0.000239203 0.000122258 0.999999940 0.002457464
0.999999940 0.000287942 0.000286452 -0.002716939 -0.000287919 0.999999940 -0.000078890 0.001823048 -0.000286475 0.000078807 0.999999940 0.002346890
0.999999940 0.000311200 0.000211152 -0.002681004 -0.000311177 0.999999940 -0.000110180 0.002266955 -0.000211187 0.000110114 1.000000000 0.002533216
0.999999940 0.000224019 0.000140787 -0.001586267 -0.000224013 1.000000000 -0.000046147 0.001639779 -0.000140797 0.000046116 1.000000000 0.002726114
0.999999940 0.000278752 0.000148353 -0.002049250 -0.000278738 0.999999940 -0.000088927 0.002307006 -0.000148378 0.000088886 1.000000000 0.002747571
0.999999821 0.000504791 0.000228951 -0.002746428 -0.000504760 0.999999881 -0.000138618 0.002632998 -0.000229021 0.000138502 0.999999940 0.003372260
0.999999881 0.000387340 0.000222920 -0.001544465 -0.000387310 0.999999940 -0.000133327 0.002409468 -0.000222972 0.000133240 0.999999940 0.002520636
0.999999940 0.000315550 0.000179732 -0.000878408 -0.000315514 0.999999940 -0.000200433 0.003744493 -0.000179795 0.000200377 0.999999940 0.005513211
0.999999881 0.000364829 0.000241338 -0.002546704 -0.000364822 0.999999940 -0.000030011 0.001724106 -0.000241349 0.000029923 1.000000000 0.002998125
0.999999940 0.000338333 0.000161811 -0.001439583 -0.000338299 0.999999940 -0.000205792 0.002784551 -0.000161881 0.000205738 0.999999940 0.002450476
0.999999940 0.000199662 0.000147581 -0.001914186 -0.000199645 1.000000000 -0.000113906 0.002475798 -0.000147603 0.000113876 1.000000000 0.003452673
0.999999940 0.000317916 0.000228697 -0.001313211 -0.000317885 0.999999940 -0.000136904 0.002536664 -0.000228741 0.000136831 0.999999940 0.004164016
0.999999940 0.000305012 0.000238674 -0.002925283 -0.000304974 0.999999940 -0.000159323 0.002429339 -0.000238722 0.000159250 0.999999940 0.001829285
0.999999940 0.000335564 0.000226028 -0.001824884 -0.000335522 0.999999940 -0.000183456 0.002876268 -0.000226089 0.000183380 0.999999940 0.003794069
0.999999821 0.000513977 0.000338760 -0.002312984 -0.000513944 0.999999881 -0.000098097 0.001748930 -0.000338810 0.000097923 0.999999940 0.001677336
0.999999881 0.000432514 0.000230107 -0.002609225 -0.000432467 0.999999881 -0.000203343 0.002035453 -0.000230195 0.000203243 0.999999940 0.001749508
0.999999881 0.000411199 0.000225648 -0.001351307 -0.000411150 0.999999881 -0.000215537 0.002225175 -0.000225737 0.000215444 0.999999940 0.002486500
0.999999940 0.000297829 0.000167039 -0.000836500 -0.000297806 0.999999940 -0.000137497 0.002714087 -0.000167080 0.000137447 1.000000000 0.002871510
0.999999940 0.000309032 0.000213188 -0.001995587 -0.000309004 0.999999940 -0.000133908 0.002985617 -0.000213230 0.000133843 0.999999940 0.004189272
0.999999881 0.000432009 0.000242032 -0.002241683 -0.000431985 0.999999881 -0.000097439 0.001688719 -0.000242074 0.000097334 0.999999940 0.002475029
0.999999940 0.000344576 0.000154219 -0.000926099 -0.000344566 0.999999940 -0.000065945 0.001853094 -0.000154242 0.000065892 1.000000000 0.001380642
0.999999940 0.000253384 0.000166833 -0.001147322 -0.000253343 0.999999940 -0.000247081 0.002394950 -0.000166896 0.000247039 0.999999940 0.003195935
0.999999881 0.000380979 0.000231209 -0.000125920 -0.000380798 0.999999642 -0.000783286 0.000479175 -0.000231507 0.000783198 0.999999642 0.052123606
0.999999821 0.000506013 0.000308695 -0.003052281 -0.000505637 0.999999106 -0.001216715 -0.004068507 -0.000309310 0.001216559 0.999999225 0.136686996
0.999999702 0.000594119 0.000494985 0.000661933 -0.000593300 0.999998450 -0.001651683 -0.005199573 -0.000495966 0.001651389 0.999998510 0.254605889
0.999999881 0.000375991 0.000336492 0.008896713 -0.000375508 0.999998927 -0.001434415 -0.007657434 -0.000337031 0.001434288 0.999998927 0.395174861
0.999999821 0.000413651 0.000450822 0.003877762 -0.000413212 0.999999464 -0.000972366 -0.015653959 -0.000451224 0.000972179 0.999999404 0.530535817
0.999999762 0.000340603 0.000587346 0.005714343 -0.000339977 0.999999344 -0.001066158 -0.019387372 -0.000587709 0.001065958 0.999999285 0.685418248
0.999999464 0.000737478 0.000714133 0.013618058 -0.000736979 0.999999464 -0.000698371 -0.023829458 -0.000714647 0.000697844 0.999999523 0.851163208
0.999995828 0.000978424 0.002709102 -0.009331132 -0.000973227 0.999997675 -0.001918886 -0.011573575 -0.002710973 0.001916241 0.999994516 1.041300893
0.999995649 0.001327749 0.002623208 -0.005229930 -0.001322333 0.999997020 -0.002065161 -0.014868139 -0.002625942 0.002061683 0.999994397 1.217912674
0.999994040 0.001385388 0.003166479 -0.003143293 -0.001380059 0.999997616 -0.001684528 -0.019383440 -0.003168805 0.001680148 0.999993563 1.405505419
0.999994397 0.001462030 0.003022352 0.000831664 -0.001458743 0.999998331 -0.001089548 -0.026626226 -0.003023940 0.001085133 0.999994874 1.597195745
0.999994159 0.001074538 0.003237983 0.004712566 -0.001070909 0.999998808 -0.001122438 -0.033682384 -0.003239186 0.001118964 0.999994159 1.797339916
0.999992192 0.001258484 0.003744147 -0.005255094 -0.001255881 0.999998927 -0.000697382 -0.048001166 -0.003745021 0.000692674 0.999992728 1.981708050
0.999992967 0.001340686 0.003502198 0.001231614 -0.001338317 0.999998868 -0.000678474 -0.053443518 -0.003503104 0.000673782 0.999993563 2.192967892
0.999993145 0.000682523 0.003634983 0.011517110 -0.000681006 0.999999702 -0.000418534 -0.062545605 -0.003635268 0.000416056 0.999993265 2.412008047
0.999992907 0.001113067 0.003596183 0.012483725 -0.001110555 0.999999166 -0.000700492 -0.068198077 -0.003596960 0.000696494 0.999993265 2.637242079
0.999992728 0.000970491 0.003695388 0.017279703 -0.000968487 0.999999464 -0.000543903 -0.076389454 -0.003695913 0.000540321 0.999993026 2.865551472
0.999991119 0.001264772 0.004017209 0.021145519 -0.001262777 0.999998987 -0.000499304 -0.080743179 -0.004017836 0.000494226 0.999991775 3.108846664
0.999991953 0.001610121 0.003674394 0.028031576 -0.001608830 0.999998689 -0.000354445 -0.088696942 -0.003674960 0.000348531 0.999993145 3.352534294
0.999992013 0.000936866 0.003889923 0.033206474 -0.000937328 0.999999583 0.000116835 -0.100983158 -0.003889812 -0.000120480 0.999992430 3.591964006
0.999991059 0.001456374 0.003982299 0.035647206 -0.001457323 0.999998987 0.000235512 -0.110599227 -0.003981953 -0.000241314 0.999992073 3.846408844
0.999989510 0.001729375 0.004253805 0.043104738 -0.001731585 0.999998450 0.000516080 -0.114330277 -0.004252906 -0.000523440 0.999990821 4.112630367
0.999989033 0.001590107 0.004387551 0.045271479 -0.001591580 0.999998629 0.000332183 -0.120349169 -0.004387018 -0.000339163 0.999990344 4.366190434
0.999988735 0.001564369 0.004475305 0.051483717 -0.001563019 0.999998748 -0.000305156 -0.124522880 -0.004475778 0.000298157 0.999989986 4.625462532
0.999988675 0.001861386 0.004389374 0.063139245 -0.001861322 0.999998271 -0.000018842 -0.133498207 -0.004389402 0.000010672 0.999990404 4.885963917
0.999988496 0.001996109 0.004361146 0.070613354 -0.001996897 0.999998033 0.000176411 -0.136595547 -0.004360785 -0.000185118 0.999990523 5.149506569
0.999987304 0.001906323 0.004669344 0.069436997 -0.001908072 0.999998033 0.000370076 -0.150889277 -0.004668629 -0.000378981 0.999989033 5.410239697
0.999986827 0.001781925 0.004825859 0.074485198 -0.001783627 0.999998331 0.000348554 -0.158692271 -0.004825230 -0.000357157 0.999988317 5.680341244
0.999985993 0.001834675 0.004959002 0.077401251 -0.001834822 0.999998331 0.000025085 -0.162916347 -0.004958948 -0.000034184 0.999987662 5.956282616
0.999985814 0.001800848 0.005014432 0.085278042 -0.001802613 0.999998271 0.000347413 -0.176494062 -0.005013797 -0.000356447 0.999987364 6.231664658
0.999987543 0.001705731 0.004672573 0.094261102 -0.001709010 0.999998271 0.000697723 -0.183165357 -0.004671375 -0.000705700 0.999988854 6.513997555
0.999985814 0.002152496 0.004859227 0.096492343 -0.002155518 0.999997497 0.000616981 -0.190555662 -0.004857887 -0.000627447 0.999988019 6.807306767
0.999985635 0.002227166 0.004863192 0.099884257 -0.002229280 0.999997437 0.000429196 -0.196735740 -0.004862224 -0.000440032 0.999988019 7.097430229
0.999986231 0.002101873 0.004803516 0.105337717 -0.002103289 0.999997795 0.000289739 -0.204802006 -0.004802896 -0.000299838 0.999988377 7.391162395
0.999987960 0.001359943 0.004707314 0.118049897 -0.001363229 0.999998808 0.000694946 -0.221601918 -0.004706363 -0.000701355 0.999988675 7.678985596
0.999987185 0.001499725 0.004823306 0.124579087 -0.001503985 0.999998510 0.000879648 -0.231416523 -0.004821979 -0.000886891 0.999987960 8.025027275
0.999982953 0.002181561 0.005412225 0.126150712 -0.002187812 0.999996901 0.001149410 -0.242851138 -0.005409701 -0.001161231 0.999984682 8.318838120
0.999985576 0.002137299 0.004926329 0.139782399 -0.002143399 0.999996960 0.001233320 -0.251283228 -0.004923678 -0.001243862 0.999987125 8.647736549
0.999982476 0.002273892 0.005461881 0.140420005 -0.002279595 0.999996901 0.001038000 -0.254386604 -0.005459505 -0.001050433 0.999984503 8.996989250
0.999981701 0.002742685 0.005382487 0.147162274 -0.002750851 0.999995053 0.001510282 -0.272394687 -0.005378318 -0.001525061 0.999984324 9.332936287
0.999974310 0.003891033 0.006015584 0.142802477 -0.003900377 0.999991179 0.001542382 -0.288975596 -0.006009530 -0.001565806 0.999980628 9.645841599
0.999976933 0.003452563 0.005849525 0.159874022 -0.003460288 0.999993145 0.001310987 -0.297525287 -0.005844959 -0.001331198 0.999981999 10.004014015
0.999980032 0.002812880 0.005662425 0.166999161 -0.002819780 0.999995291 0.001210797 -0.305407584 -0.005658993 -0.001226740 0.999983191 10.362100601
0.999976814 0.003051076 0.006082212 0.176438808 -0.003055942 0.999994874 0.000790721 -0.312706321 -0.006079769 -0.000809290 0.999981165 10.718756676
0.999980867 0.002392221 0.005692727 0.194180369 -0.002396192 0.999996841 0.000690591 -0.311394960 -0.005691057 -0.000704219 0.999983549 11.090834618
0.999980628 0.002126365 0.005854322 0.185502127 -0.002133043 0.999997020 0.001134614 -0.340341002 -0.005851892 -0.001147079 0.999982178 11.470317841
0.999983132 0.002231776 0.005374918 0.198921025 -0.002238016 0.999996841 0.001155304 -0.347626388 -0.005372323 -0.001167314 0.999984860 11.852743149
0.999975681 0.003183908 0.006195731 0.206128359 -0.003191159 0.999994218 0.001160712 -0.361486912 -0.006191999 -0.001180455 0.999980092 12.231678963
0.999977112 0.002357129 0.006351051 0.220132932 -0.002368995 0.999995470 0.001861393 -0.378980994 -0.006346636 -0.001876395 0.999978065 12.611691475
0.999976635 0.002686681 0.006293664 0.231796801 -0.002697455 0.999994874 0.001704153 -0.380534858 -0.006289054 -0.001721090 0.999978721 13.020584106
0.999976337 0.002539869 0.006395306 0.228800207 -0.002552624 0.999994755 0.001987099 -0.406343281 -0.006390225 -0.002003377 0.999977529 13.401976585
0.999977171 0.002718668 0.006168531 0.241821185 -0.002732498 0.999993742 0.002234682 -0.415549219 -0.006162416 -0.002251487 0.999978483 13.822127342
0.999974191 0.002816438 0.006610310 0.248790830 -0.002830236 0.999993861 0.002078922 -0.421680063 -0.006604414 -0.002097578 0.999976039 14.251613617
0.999967337 0.003214843 0.007417405 0.257354379 -0.003226885 0.999993443 0.001611994 -0.432269812 -0.007412174 -0.001635876 0.999971211 14.670069695
0.999967635 0.003423811 0.007268822 0.266130835 -0.003442707 0.999990702 0.002588700 -0.456026852 -0.007259891 -0.002613641 0.999970257 15.098312378
0.999967456 0.003185223 0.007398318 0.279993713 -0.003208145 0.999990106 0.003088444 -0.470604062 -0.007388406 -0.003112079 0.999967933 15.543379784
0.999961615 0.003458220 0.008049606 0.285103679 -0.003485643 0.999988198 0.003395247 -0.481139153 -0.008037769 -0.003423175 0.999961853 15.993972778
0.999955058 0.004475506 0.008348367 0.301015019 -0.004503394 0.999984384 0.003324704 -0.485656232 -0.008333357 -0.003362150 0.999959588 16.418897629
0.999953032 0.003833061 0.008901764 0.298371971 -0.003863376 0.999986708 0.003390758 -0.518028080 -0.008888650 -0.003424990 0.999954641 16.849628448
0.999950647 0.003892570 0.009138409 0.314915508 -0.003926260 0.999985516 0.003671551 -0.532807648 -0.009123987 -0.003707250 0.999951541 17.312376022
0.999944806 0.004022264 0.009699374 0.323097944 -0.004058405 0.999984920 0.003709242 -0.545582831 -0.009684308 -0.003748402 0.999946117 17.773395538
0.999950826 0.003129810 0.009406206 0.343048900 -0.003164778 0.999988079 0.003704876 -0.556711376 -0.009394500 -0.003734463 0.999948919 18.230972290
0.999946117 0.003583452 0.009743641 0.342077762 -0.003622137 0.999985635 0.003955475 -0.577001691 -0.009729329 -0.003990554 0.999944687 18.678308487
0.999946654 0.003687990 0.009651076 0.359085768 -0.003721536 0.999987066 0.003460169 -0.579984546 -0.009638192 -0.003495901 0.999947429 19.158498764
0.999943733 0.003472113 0.010024039 0.380132705 -0.003509902 0.999986768 0.003754699 -0.593739450 -0.010010870 -0.003789671 0.999942660 19.647766113
0.999946535 0.003867273 0.009588310 0.386716425 -0.003907380 0.999983668 0.004167505 -0.620368779 -0.009572037 -0.004204748 0.999945283 20.104661942
0.999945402 0.003758591 0.009748579 0.402526140 -0.003801326 0.999983191 0.004368850 -0.635080814 -0.009731994 -0.004405669 0.999942958 20.600118637
0.999948442 0.004054141 0.009313978 0.425183624 -0.004092894 0.999983013 0.004145299 -0.645336986 -0.009297014 -0.004183206 0.999948025 21.099088669
0.999941766 0.005017635 0.009554284 0.416423470 -0.005059509 0.999977589 0.004363734 -0.649372041 -0.009532174 -0.004411820 0.999944806 21.621538162
0.999950171 0.004545644 0.008883715 0.411969543 -0.004585216 0.999979734 0.004439380 -0.681187391 -0.008863351 -0.004479893 0.999950707 22.096513748
0.999956608 0.003693578 0.008554286 0.433251172 -0.003728782 0.999984622 0.004103175 -0.688813746 -0.008538999 -0.004134893 0.999954998 22.619487762
0.999962926 0.003884227 0.007691481 0.444249928 -0.003917597 0.999982953 0.004328399 -0.698745430 -0.007674539 -0.004358371 0.999961078 23.138196945
0.999959290 0.004510771 0.007815093 0.438354820 -0.004549852 0.999977171 0.004990301 -0.728086352 -0.007792406 -0.005025655 0.999956965 23.653182983
0.999967992 0.003894512 0.006988327 0.455546647 -0.003931052 0.999978602 0.005222741 -0.742679358 -0.006967838 -0.005250046 0.999961972 24.193534851
0.999960780 0.005336382 0.007071631 0.460814238 -0.005365346 0.999977231 0.004083322 -0.740800738 -0.007049681 -0.004121103 0.999966681 24.742040634
0.999968171 0.004776264 0.006384399 0.467838287 -0.004806013 0.999977589 0.004652214 -0.761926591 -0.006362035 -0.004682749 0.999968827 25.265804291
0.999971747 0.004971873 0.005636076 0.480744302 -0.004997636 0.999977052 0.004566311 -0.772017479 -0.005613243 -0.004594349 0.999973714 25.813282013
0.999973655 0.004960965 0.005296731 0.497653723 -0.004984529 0.999977648 0.004444771 -0.784212291 -0.005274563 -0.004471055 0.999976099 26.371564865
0.999968290 0.005565745 0.005699106 0.489474118 -0.005596061 0.999970317 0.005317330 -0.806369245 -0.005669341 -0.005349054 0.999969602 26.916292191
0.999974251 0.005061680 0.005099789 0.508471370 -0.005090971 0.999970496 0.005747132 -0.823314905 -0.005070549 -0.005772946 0.999970436 27.472948074
0.999978125 0.005190545 0.004100720 0.528880239 -0.005214979 0.999968588 0.005969901 -0.843808413 -0.004069605 -0.005991156 0.999973774 27.999444962
0.999969900 0.006211797 0.004650721 0.524635017 -0.006236477 0.999966443 0.005311300 -0.843924284 -0.004617572 -0.005340143 0.999975026 28.551099777
0.999973595 0.005846053 0.004321890 0.542952061 -0.005869587 0.999967933 0.005453169 -0.856370687 -0.004289872 -0.005478392 0.999975801 29.111146927
0.999967992 0.006572461 0.004563726 0.546591401 -0.006597240 0.999963403 0.005435697 -0.867898822 -0.004527832 -0.005465630 0.999974847 29.653446198
0.999967992 0.006823462 0.004183344 0.555253506 -0.006845224 0.999962926 0.005209948 -0.881317735 -0.004147639 -0.005238417 0.999977589 30.193986893
0.999964654 0.007240001 0.004272601 0.543570697 -0.007264267 0.999957442 0.005691825 -0.901483893 -0.004231209 -0.005722661 0.999974668 30.717569351
0.999967515 0.007140256 0.003737714 0.556722224 -0.007163654 0.999954641 0.006284587 -0.914817452 -0.003692671 -0.006311160 0.999973297 31.275638580
0.999960363 0.007904747 0.004095280 0.563979626 -0.007927082 0.999953687 0.005466857 -0.915121853 -0.004051876 -0.005499103 0.999976695 31.834817886
0.999968350 0.007067898 0.003647339 0.579306185 -0.007087220 0.999960780 0.005312076 -0.932718754 -0.003609651 -0.005337758 0.999979258 32.338146210
0.999966204 0.007704044 0.002856501 0.587471724 -0.007719567 0.999955237 0.005463665 -0.948622227 -0.002814281 -0.005485532 0.999980986 32.885406494
0.999963939 0.007770403 0.003429446 0.593659878 -0.007789966 0.999953270 0.005728147 -0.962943196 -0.003384776 -0.005754656 0.999977708 33.426841736
0.999969482 0.007132348 0.003170018 0.612673759 -0.007151368 0.999956250 0.006029531 -0.979066551 -0.003126875 -0.006052017 0.999976814 33.958976746
0.999969900 0.007231193 0.002783267 0.625764906 -0.007247368 0.999956667 0.005845971 -0.988361537 -0.002740873 -0.005865967 0.999979079 34.505489349
0.999969304 0.007490881 0.002280074 0.631812394 -0.007504856 0.999952734 0.006184084 -1.007831573 -0.002233643 -0.006201007 0.999978304 35.030357361
0.999968469 0.007499838 0.002584966 0.641390979 -0.007514861 0.999954641 0.005851014 -1.006386399 -0.002540966 -0.005870256 0.999979556 35.566246033
0.999966204 0.007732559 0.002782759 0.652458608 -0.007748844 0.999952674 0.005890002 -1.015770793 -0.002737082 -0.005911366 0.999978840 36.117057800
0.999962628 0.008211432 0.002726431 0.660461962 -0.008226310 0.999951065 0.005491509 -1.029686809 -0.002681204 -0.005513732 0.999981225 36.695354462
0.999964237 0.008047239 0.002581137 0.666125238 -0.008061521 0.999951959 0.005570813 -1.042063236 -0.002536183 -0.005591422 0.999981105 37.205444336
0.999964297 0.008167868 0.002175079 0.685021818 -0.008179426 0.999952197 0.005358568 -1.053295374 -0.002131207 -0.005376168 0.999983251 37.754634857
0.999963284 0.008305960 0.002107532 0.691120505 -0.008317567 0.999949872 0.005559600 -1.069014788 -0.002061249 -0.005576926 0.999982357 38.310977936
0.999966562 0.007929004 0.001995495 0.708294988 -0.007937634 0.999958932 0.004354134 -1.065039754 -0.001960889 -0.004369828 0.999988496 38.846107483
0.999964476 0.008238208 0.001788093 0.718237340 -0.008246057 0.999956191 0.004427460 -1.075753093 -0.001751541 -0.004442047 0.999988616 39.400249481
0.999970138 0.007472757 0.001971433 0.726737797 -0.007481971 0.999960899 0.004708952 -1.089047432 -0.001936167 -0.004723560 0.999986947 39.920101166
0.999968350 0.007689503 0.002029175 0.737690747 -0.007698989 0.999959230 0.004708408 -1.100883722 -0.001992887 -0.004723881 0.999986768 40.470401764
0.999962628 0.008443774 0.001889288 0.749581277 -0.008451264 0.999956250 0.003993008 -1.105146050 -0.001855490 -0.004008825 0.999990225 41.029815674
0.999960244 0.008607258 0.002326458 0.751964152 -0.008616466 0.999954998 0.003977472 -1.117099047 -0.002292118 -0.003997359 0.999989331 41.576179504
0.999964714 0.008121018 0.002155216 0.758756459 -0.008129905 0.999958336 0.004147185 -1.125543714 -0.002121447 -0.004164560 0.999989092 42.078201294
0.999963462 0.008396921 0.001637966 0.774554014 -0.008402704 0.999958396 0.003556446 -1.134420395 -0.001608035 -0.003570079 0.999992371 42.632186890
0.999964535 0.008251839 0.001708399 0.787155271 -0.008259370 0.999955952 0.004448102 -1.154120207 -0.001671619 -0.004462055 0.999988616 43.168186188
0.999965370 0.008042642 0.002131224 0.787778676 -0.008051557 0.999958754 0.004209579 -1.164165497 -0.002097280 -0.004226593 0.999988854 43.701061249
0.999963641 0.008210687 0.002300899 0.799559295 -0.008221375 0.999955237 0.004675548 -1.177242756 -0.002262406 -0.004694294 0.999986470 44.249794006
0.999959588 0.008678101 0.002326561 0.796971560 -0.008689059 0.999951065 0.004742886 -1.184049249 -0.002285288 -0.004762910 0.999985993 44.802768707
0.999961555 0.008441363 0.002373758 0.805516243 -0.008451062 0.999955833 0.004105800 -1.192577600 -0.002338995 -0.004125704 0.999988735 45.320465088
0.999956846 0.008837870 0.002880379 0.814571023 -0.008848093 0.999954522 0.003554891 -1.198901296 -0.002848830 -0.003580223 0.999989510 45.869281769
0.999961615 0.008443090 0.002307451 0.823197722 -0.008451276 0.999957919 0.003561405 -1.210399389 -0.002277285 -0.003580770 0.999991000 46.402622223
0.999955714 0.009043527 0.002631838 0.835958540 -0.009053590 0.999951541 0.003836197 -1.221813917 -0.002597018 -0.003859854 0.999989212 46.953548431
0.999962986 0.008384522 0.001920047 0.843420863 -0.008391546 0.999958038 0.003679758 -1.229910493 -0.001889114 -0.003695734 0.999991357 47.490901947
0.999965608 0.007937335 0.002374713 0.853429139 -0.007946650 0.999960721 0.003939646 -1.246716976 -0.002343350 -0.003958382 0.999989331 48.026924133
0.999960244 0.008473629 0.002731583 0.863354385 -0.008483814 0.999957025 0.003738441 -1.260818720 -0.002699788 -0.003761467 0.999989212 48.569198608
0.999967396 0.007764098 0.002181069 0.874066770 -0.007773310 0.999960721 0.004246687 -1.279458642 -0.002148011 -0.004263502 0.999988616 49.103626251
0.999964416 0.008093534 0.002344605 0.885262787 -0.008103831 0.999957383 0.004415812 -1.293373704 -0.002308765 -0.004434654 0.999987543 49.653526306
0.999961078 0.008512412 0.002296629 0.888252139 -0.008522660 0.999953628 0.004489373 -1.304242373 -0.002258307 -0.004508771 0.999987245 50.198390961
0.999963999 0.008139829 0.002395375 0.900077343 -0.008150006 0.999957681 0.004269656 -1.322526932 -0.002360519 -0.004289025 0.999988019 50.724742889
0.999963820 0.008212909 0.002203600 0.913285375 -0.008221976 0.999957681 0.004137107 -1.333391190 -0.002169529 -0.004155075 0.999989033 51.271625519
0.999959648 0.008645051 0.002420005 0.917385519 -0.008656469 0.999951184 0.004748043 -1.350520730 -0.002378840 -0.004768800 0.999985814 51.801937103
0.999953032 0.009065600 0.003407652 0.923941970 -0.009080619 0.999949038 0.004418365 -1.363704562 -0.003367423 -0.004449102 0.999984443 52.344673157
0.999959767 0.008489775 0.002883988 0.932502389 -0.008502265 0.999954402 0.004346630 -1.367038250 -0.002846955 -0.004370976 0.999986351 52.889999390
0.999955297 0.008994834 0.002910061 0.938536346 -0.009007919 0.999949276 0.004514476 -1.382743478 -0.002869306 -0.004540489 0.999985516 53.435981750
0.999958038 0.008687695 0.002903102 0.947605014 -0.008699344 0.999954045 0.004024159 -1.395137548 -0.002868008 -0.004049245 0.999987602 53.967140198
0.999947906 0.009589966 0.003474047 0.951273859 -0.009603486 0.999946296 0.003896517 -1.402737737 -0.003436493 -0.003929677 0.999986291 54.515933990
0.999948144 0.009556865 0.003510544 0.960689366 -0.009569937 0.999947190 0.003725787 -1.416606307 -0.003474752 -0.003759189 0.999986887 55.055358887
0.999954343 0.008847422 0.003587772 0.972051382 -0.008861378 0.999953091 0.003893273 -1.429125071 -0.003553158 -0.003924887 0.999985993 55.603961945
0.999948263 0.009184591 0.004363877 0.976479650 -0.009201502 0.999950171 0.003870930 -1.439254284 -0.004328107 -0.003910883 0.999983013 56.155189514
0.999955058 0.008846541 0.003405978 0.997116625 -0.008861052 0.999951541 0.004268920 -1.457239032 -0.003368049 -0.004298908 0.999985039 56.696807861
0.999953508 0.009123991 0.003117419 1.012403965 -0.009137481 0.999948740 0.004340689 -1.472507834 -0.003077655 -0.004368972 0.999985695 57.230087280
0.999955058 0.008822360 0.003471828 1.020858169 -0.008835665 0.999953568 0.003835849 -1.484557271 -0.003437825 -0.003866352 0.999986589 57.790790558
0.999949813 0.009282705 0.003765031 1.024253368 -0.009296414 0.999950111 0.003639868 -1.489968300 -0.003731056 -0.003674686 0.999986291 58.304767609
0.999948919 0.009212571 0.004168183 1.035050392 -0.009229406 0.999949157 0.004037897 -1.500535011 -0.004130772 -0.004076160 0.999983132 58.858932495
0.999946475 0.009497683 0.004104362 1.045829535 -0.009513766 0.999947011 0.003916813 -1.518121958 -0.004066944 -0.003955651 0.999983907 59.399295807
0.999949217 0.009360269 0.003712656 1.055184960 -0.009372755 0.999950409 0.003360067 -1.525284886 -0.003681020 -0.003394694 0.999987483 59.906105042
0.999946117 0.009677139 0.003748101 1.067303181 -0.009691023 0.999946237 0.003704221 -1.532562733 -0.003712053 -0.003740345 0.999986112 60.474136353
0.999955177 0.008805363 0.003450702 1.089104533 -0.008817887 0.999954522 0.003631428 -1.551352978 -0.003418568 -0.003661694 0.999987483 61.005794525
0.999950886 0.009193138 0.003693186 1.092985868 -0.009205673 0.999951899 0.003391184 -1.554035187 -0.003661833 -0.003425016 0.999987364 61.547943115
0.999941885 0.009948196 0.004159339 1.099092484 -0.009962369 0.999944568 0.003400640 -1.569041491 -0.004125278 -0.003441880 0.999985516 62.093708038
0.999947190 0.009248368 0.004471625 1.114107609 -0.009259634 0.999954045 0.002505688 -1.577624321 -0.004448245 -0.002546962 0.999986827 62.639167786
0.999946535 0.009345348 0.004431019 1.116217613 -0.009361533 0.999949634 0.003645385 -1.598301411 -0.004396728 -0.003686672 0.999983549 63.156009674
0.999940217 0.010006949 0.004394304 1.128385425 -0.010021596 0.999944270 0.003323831 -1.612586975 -0.004360797 -0.003367670 0.999984801 63.713386536
0.999953270 0.008712958 0.004200597 1.152415752 -0.008726294 0.999956846 0.003167232 -1.623447537 -0.004172821 -0.003203739 0.999986112 64.258270264
0.999938667 0.009790418 0.005173880 1.148086786 -0.009802768 0.999949157 0.002367323 -1.634131193 -0.005150440 -0.002417896 0.999983847 64.790672302
0.999946535 0.008914804 0.005241423 1.138590097 -0.008929857 0.999956012 0.002855468 -1.643225551 -0.005215738 -0.002902119 0.999982178 65.292320251
0.999948978 0.008644463 0.005226784 1.155815005 -0.008662201 0.999956787 0.003380427 -1.659587026 -0.005197336 -0.003425530 0.999980628 65.840919495
0.999943316 0.009085530 0.005549709 1.162767172 -0.009096418 0.999956727 0.001939610 -1.662134886 -0.005531847 -0.001989982 0.999982774 66.401931763
0.999939203 0.009544958 0.005523329 1.158335567 -0.009558079 0.999951541 0.002353542 -1.686447620 -0.005500597 -0.002406190 0.999981999 66.906837463
0.999926567 0.010351509 0.006290744 1.169269681 -0.010368683 0.999942541 0.002703853 -1.702375054 -0.006262393 -0.002768881 0.999976575 67.453948975
0.999924362 0.010465183 0.006453530 1.178845406 -0.010481969 0.999941707 0.002572605 -1.717306256 -0.006426232 -0.002640056 0.999975860 67.989212036
0.999915123 0.011182647 0.006681692 1.193905830 -0.011196617 0.999935210 0.002056806 -1.718619227 -0.006658259 -0.002131443 0.999975562 68.579696655
0.999931991 0.009999256 0.006002141 1.185338736 -0.010010632 0.999948025 0.001868474 -1.724235296 -0.005983147 -0.001928432 0.999980271 69.098152161
0.999933720 0.009549666 0.006422054 1.197847843 -0.009562876 0.999952137 0.002029491 -1.737994194 -0.006402366 -0.002090770 0.999977410 69.644607544
0.999924600 0.010353485 0.006603752 1.212550044 -0.010365429 0.999944746 0.001777258 -1.752523303 -0.006584986 -0.001845575 0.999976635 70.204559326
0.999929488 0.009830447 0.006658090 1.223530769 -0.009842840 0.999949813 0.001831388 -1.766790986 -0.006639753 -0.001896793 0.999976218 70.778610229
0.999927044 0.010022238 0.006744986 1.220029116 -0.010033563 0.999948263 0.001647441 -1.778832912 -0.006728127 -0.001714998 0.999975860 71.229713440
0.999915481 0.010721625 0.007353084 1.229316235 -0.010734767 0.999940813 0.001749669 -1.792401671 -0.007333890 -0.001828454 0.999971390 71.787445068
0.999900520 0.011940663 0.007508443 1.236774921 -0.011951720 0.999927521 0.001429752 -1.806724787 -0.007490826 -0.001519349 0.999970913 72.347007751
0.999925137 0.010124601 0.006870123 1.255740404 -0.010136681 0.999947131 0.001725939 -1.821933389 -0.006852286 -0.001795451 0.999974847 72.809478760
0.999928772 0.009653570 0.007023430 1.268862247 -0.009668382 0.999951184 0.002078334 -1.833880305 -0.007003023 -0.002146091 0.999973178 73.357887268
0.999898434 0.011816338 0.007964688 1.262647867 -0.011828012 0.999929070 0.001420393 -1.851468801 -0.007947341 -0.001514456 0.999967277 73.922828674
0.999896586 0.011686539 0.008372180 1.281584978 -0.011696475 0.999930918 0.001138559 -1.854305863 -0.008358296 -0.001236366 0.999964297 74.471900940
0.999911129 0.011140192 0.007320720 1.299562693 -0.011152945 0.999936342 0.001703325 -1.867280245 -0.007301279 -0.001784821 0.999971688 74.960044861
0.999928474 0.009748354 0.006935917 1.322403908 -0.009757556 0.999951661 0.001294316 -1.878005385 -0.006922964 -0.001361900 0.999975085 75.505241394
0.999914825 0.011367980 0.006410720 1.322498560 -0.011377076 0.999934375 0.001384285 -1.893566370 -0.006394562 -0.001457102 0.999978483 76.026657104
0.999918580 0.010532781 0.007193541 1.344600916 -0.010542925 0.999943495 0.001373466 -1.907321334 -0.007178667 -0.001449195 0.999973178 76.572990417
0.999903738 0.011981540 0.007004670 1.353792667 -0.011990491 0.999927402 0.001237407 -1.915533304 -0.006989335 -0.001321278 0.999974728 77.130653381
0.999902666 0.011531742 0.007849954 1.361126900 -0.011539755 0.999932945 0.000975987 -1.930367231 -0.007838173 -0.001066479 0.999968708 77.641395569
0.999902010 0.011404099 0.008116252 1.365391493 -0.011411733 0.999934494 0.000895341 -1.947769403 -0.008105511 -0.000987874 0.999966621 78.118118286
0.999889553 0.012504738 0.008019990 1.382883549 -0.012507379 0.999921679 0.000279600 -1.954646587 -0.008015866 -0.000379879 0.999967754 78.670021057
0.999885440 0.013058145 0.007653262 1.400499940 -0.013057433 0.999914765 -0.000142828 -1.962571621 -0.007654476 0.000042880 0.999970734 79.241279602
0.999896824 0.011763722 0.008240638 1.401239753 -0.011768276 0.999930620 0.000504629 -1.994975090 -0.008234130 -0.000601555 0.999965906 79.720321655
0.999874532 0.012754519 0.009395464 1.410928726 -0.012762936 0.999918222 0.000836561 -2.012891531 -0.009384026 -0.000956370 0.999955535 80.273208618
0.999862731 0.012304168 0.011100331 1.430212498 -0.012317408 0.999923468 0.001125381 -2.033174038 -0.011085634 -0.001261954 0.999937713 80.811477661
0.999849200 0.012910895 0.011613551 1.440073252 -0.012914633 0.999916553 0.000247133 -2.038818121 -0.011609391 -0.000397081 0.999932528 81.383049011
0.999823391 0.013188624 0.013385884 1.449563503 -0.013206059 0.999912024 0.001214871 -2.061355591 -0.013368685 -0.001391431 0.999909639 81.935493469
0.999786615 0.012959939 0.016088707 1.477112532 -0.012976384 0.999915361 0.000918281 -2.071875572 -0.016075445 -0.001126859 0.999870121 82.502296448
0.999720037 0.012721217 0.019949611 1.491054535 -0.012733052 0.999918938 0.000466351 -2.081330299 -0.019942060 -0.000720240 0.999800861 83.024742126
0.999653935 0.012057546 0.023379032 1.521355391 -0.012070902 0.999927044 0.000430223 -2.099260092 -0.023372140 -0.000712280 0.999726534 83.568275452
0.999587357 0.011128307 0.026480723 1.564182758 -0.011144758 0.999937832 0.000473806 -2.117963314 -0.026473805 -0.000768732 0.999649107 84.129272461
0.999351442 0.013560863 0.033359047 1.572368503 -0.013586593 0.999907553 0.000544765 -2.122898102 -0.033348575 -0.000997648 0.999443293 84.640045166
0.999111056 0.013977349 0.039770685 1.603697538 -0.013988616 0.999902129 0.000004999 -2.136470795 -0.039766721 -0.000561331 0.999208808 85.191947937
0.998866439 0.013400944 0.045675881 1.643753529 -0.013423845 0.999909937 0.000194650 -2.147730112 -0.045669161 -0.000807575 0.998956382 85.757934570
0.998465896 0.013494298 0.053701188 1.690419674 -0.013521128 0.999908566 0.000136316 -2.163741350 -0.053694442 -0.000862207 0.998557031 86.275199890
0.997978449 0.013399153 0.062125351 1.747112274 -0.013399161 0.999910116 -0.000416482 -2.173043728 -0.062125351 -0.000416787 0.998068273 86.832412720
0.997512043 0.013083718 0.069270946 1.789424896 -0.013096636 0.999914229 -0.000267638 -2.195959091 -0.069268502 -0.000640244 0.997597873 87.355194092
0.996822238 0.013413618 0.078522295 1.837791920 -0.013438112 0.999909699 -0.000216476 -2.211360931 -0.078518108 -0.000839404 0.996912301 87.907188416
0.995994389 0.012929335 0.088477381 1.912967682 -0.012910797 0.999916255 -0.000781781 -2.225596666 -0.088480093 -0.000363664 0.996077836 88.432472229
0.995203018 0.012563381 0.097021930 1.984641552 -0.012522971 0.999921083 -0.001025482 -2.232184649 -0.097027153 -0.000194440 0.995281696 89.015037537
0.994486570 0.012215405 0.104150169 2.052519321 -0.012135597 0.999925375 -0.001399969 -2.253083706 -0.104159497 0.000128326 0.994560599 89.554748535
0.993336618 0.012282813 0.114592284 2.135552406 -0.012153910 0.999924481 -0.001823525 -2.265978336 -0.114606030 0.000418630 0.993410945 90.101493835
0.992062390 0.012367453 0.125137061 2.218543053 -0.012260270 0.999923646 -0.001626648 -2.281332731 -0.125147626 0.000079522 0.992138147 90.651565552
0.990880430 0.011654580 0.134238780 2.331147194 -0.011513808 0.999932051 -0.001824973 -2.288096666 -0.134250909 0.000262730 0.990947306 91.195182800
0.989276707 0.011676895 0.145586237 2.428118706 -0.011573620 0.999931753 -0.001556372 -2.305578709 -0.145594493 -0.000145278 0.989344358 91.728691101
0.987435222 0.010981536 0.157642528 2.543753624 -0.010728516 0.999939382 -0.002455928 -2.320017099 -0.157659978 0.000733799 0.987493217 92.264465332
0.985563815 0.011044252 0.168943822 2.644611359 -0.010729969 0.999938667 -0.002773150 -2.331570625 -0.168964073 0.000920355 0.985621810 92.808296204
0.983725309 0.010860987 0.179350302 2.756390572 -0.010601190 0.999940872 -0.002406941 -2.346785545 -0.179365814 0.000466442 0.983782351 93.357505798
0.981325269 0.010523146 0.192067787 2.880248070 -0.010328565 0.999944568 -0.002014293 -2.368795156 -0.192078352 -0.000007108 0.981379628 93.893119812
0.978774488 0.009360235 0.204726204 3.019649506 -0.009012961 0.999955893 -0.002628709 -2.381959438 -0.204741806 0.000727725 0.978815794 94.421142578
0.976767004 0.008856289 0.214120969 3.160482407 -0.008396959 0.999960005 -0.003054654 -2.388125181 -0.214139476 0.001185721 0.976802349 94.944023132
0.973809838 0.008527766 0.227204055 3.311998367 -0.007987108 0.999962628 -0.003298899 -2.406421900 -0.227223709 0.001397797 0.973841548 95.473449707
0.970642805 0.007349590 0.240413278 3.463823318 -0.006672708 0.999971151 -0.003629419 -2.424256086 -0.240433037 0.001918662 0.970663786 95.991455078
0.967821777 0.007724288 0.251518220 3.618659973 -0.006923657 0.999967754 -0.004067989 -2.430853128 -0.251541525 0.002195663 0.967843950 96.514739990
0.964895368 0.007719759 0.262521088 3.774080276 -0.007149882 0.999969542 -0.003125977 -2.454528332 -0.262537211 0.001139246 0.964921176 97.009552002
0.961264551 0.007486123 0.275525779 3.953311920 -0.007097840 0.999971867 -0.002406353 -2.479064941 -0.275536031 0.000357505 0.961290717 97.528381348
0.957553148 0.006534328 0.288182467 4.127754211 -0.005770613 0.999977231 -0.003499554 -2.489015341 -0.288198739 0.001688020 0.957569063 98.035919189
0.953964949 0.006514648 0.299847275 4.315176010 -0.005727672 0.999977469 -0.003503460 -2.500202656 -0.299863279 0.001624751 0.953980803 98.596817017
0.949373007 0.007829507 0.314053029 4.483772278 -0.007062073 0.999968648 -0.003581298 -2.514267206 -0.314071208 0.001182122 0.949398637 99.063720703
0.944755793 0.007130815 0.327697098 4.696559906 -0.006365407 0.999973953 -0.003408245 -2.532999754 -0.327712804 0.001134034 0.944776714 99.588607788
0.940865457 0.006643071 0.338715136 4.909675598 -0.005524476 0.999975622 -0.004266472 -2.543742418 -0.338735223 0.002142952 0.940879345 100.096504211
0.935942888 0.006528536 0.352091104 5.130739212 -0.005431622 0.999976814 -0.004103187 -2.554989815 -0.352109700 0.001927924 0.935956717 100.609580994
0.930451632 0.005643600 0.366371244 5.324321747 -0.004573500 0.999982357 -0.003788722 -2.578634977 -0.366386265 0.001849624 0.930460930 101.099174500
0.925698876 0.004985153 0.378228515 5.559822083 -0.003714525 0.999984741 -0.004088917 -2.593670130 -0.378243148 0.002380167 0.925703168 101.601394653
0.920702875 0.004432898 0.390239090 5.789196014 -0.003183227 0.999987483 -0.003849017 -2.613918543 -0.390251338 0.002301581 0.920705497 102.111534119
0.914390564 0.005137328 0.404800445 6.012809753 -0.003770388 0.999984145 -0.004174006 -2.608984709 -0.404815465 0.002290417 0.914395511 102.642532349
0.908527911 0.005117459 0.417792588 6.269470215 -0.003426394 0.999982595 -0.004797586 -2.620248318 -0.417809844 0.002927219 0.908529818 103.141189575
0.903373957 0.004549529 0.428829640 6.512149811 -0.003058706 0.999986649 -0.004165551 -2.641884327 -0.428842872 0.002451386 0.903375804 103.604553223
0.897763669 0.003896759 0.440460205 6.778335571 -0.002370916 0.999989212 -0.004014424 -2.664380789 -0.440471113 0.002559709 0.897763133 104.084884644
0.890760243 0.004355066 0.454452604 7.039112091 -0.002706645 0.999987185 -0.004277759 -2.682124853 -0.454465449 0.002580416 0.890760660 104.591156006
0.884453356 0.004500703 0.466606915 7.317157745 -0.002509633 0.999984920 -0.004888447 -2.690342665 -0.466621816 0.003152591 0.884451330 105.081924438
0.878781617 0.004133607 0.477206230 7.600490570 -0.002256474 0.999987245 -0.004506662 -2.711719990 -0.477218747 0.002883568 0.878779769 105.545433044
0.871101737 0.003798588 0.491087854 7.887989044 -0.001742841 0.999987662 -0.004643464 -2.732367516 -0.491099417 0.003189041 0.871097684 106.014389038
0.863482296 0.004021212 0.504363000 8.146095276 -0.001798551 0.999986410 -0.004893581 -2.730867624 -0.504375875 0.003318398 0.863477767 106.464424133
0.857129037 0.003373361 0.515090585 8.440479279 -0.001094077 0.999988198 -0.004728403 -2.751313210 -0.515100420 0.003489303 0.857122660 106.914077759
