1.000000000 0.000000000 0.000000000 0.000000000 0.000000000 1.000000000 0.000000000 0.000000000 0.000000000 0.000000000 1.000000000 0.000000000
1.000000000 -0.000039467 -0.000055497 0.002797954 0.000039468 1.000000000 0.000008891 0.000181682 0.000055497 -0.000008893 1.000000000 0.000507458
1.000000000 -0.000012800 0.000033353 0.000435607 0.000012799 1.000000000 0.000031209 -0.000189430 -0.000033353 -0.000031209 1.000000000 0.000301886
1.000000000 -0.000099919 -0.000057307 0.003334516 0.000099916 1.000000000 -0.000049719 0.000971562 0.000057312 0.000049713 1.000000000 0.001219504
1.000000000 -0.000023190 0.000013005 0.002972696 0.000023189 1.000000000 0.000051717 0.000792204 -0.000013006 -0.000051717 1.000000000 -0.001721423
1.000000000 -0.000231148 0.000030292 -0.002345726 0.000231147 1.000000000 0.000039017 0.001169581 -0.000030301 -0.000039010 1.000000000 -0.002234936
1.000000000 -0.000066946 -0.000018101 0.001413831 0.000066945 1.000000000 -0.000051004 0.002190859 0.000018105 0.000051003 1.000000000 0.000259517
1.000000000 -0.000084795 -0.000035229 0.002577514 0.000084797 1.000000000 0.000048612 -0.000130480 0.000035224 -0.000048615 1.000000000 0.001940565
1.000000000 -0.000113694 -0.000135518 0.005348530 0.000113707 1.000000000 0.000093441 -0.001140836 0.000135507 -0.000093456 1.000000000 0.001557119
1.000000000 -0.000026119 -0.000045323 0.002765138 0.000026123 1.000000000 0.000083216 -0.000538809 0.000045321 -0.000083217 1.000000000 0.002058203
1.000000000 -0.000195281 -0.000094738 0.006275721 0.000195287 1.000000000 0.000065081 -0.000209117 0.000094725 -0.000065100 1.000000000 0.000507702
1.000000000 -0.000011860 0.000006166 0.003533506 0.000011859 1.000000000 0.000046860 -0.000353135 -0.000006167 -0.000046860 1.000000000 0.002454515
1.000000000 -0.000205007 0.000024055 -0.000967270 0.000205004 0.999999940 0.000138773 -0.000772975 -0.000024083 -0.000138768 1.000000000 -0.003059550
1.000000000 -0.000216451 -0.000074445 0.002106245 0.000216456 1.000000000 0.000064660 -0.000711904 0.000074431 -0.000064676 1.000000000 0.002041113
1.000000000 -0.000088515 0.000017390 0.002085288 0.000088514 1.000000000 0.000081188 -0.000692062 -0.000017397 -0.000081187 1.000000000 0.000741548
1.000000000 0.000005815 -0.000006126 0.000533760 -0.000005815 1.000000000 0.000074797 0.001264380 0.000006126 -0.000074797 1.000000000 -0.002761428
1.000000000 -0.000188591 0.000023399 -0.000094124 0.000188590 1.000000000 0.000067319 0.001433482 -0.000023412 -0.000067314 1.000000000 -0.002212890
1.000000000 -0.000104037 -0.000040549 0.001233776 0.000104042 1.000000000 0.000119729 -0.000892916 0.000040537 -0.000119733 1.000000000 -0.004909972
1.000000000 -0.000200937 0.000010631 0.002135245 0.000200936 1.000000000 0.000079214 -0.000829573 -0.000010647 -0.000079211 1.000000000 -0.001636697
1.000000000 -0.000152126 -0.000012730 0.003794505 0.000152127 1.000000000 0.000121141 0.000090183 0.000012712 -0.000121143 1.000000000 0.001958112
1.000000000 -0.000224722 -0.000047974 0.004889712 0.000224728 0.999999940 0.000123250 -0.000600475 0.000047946 -0.000123261 1.000000000 -0.001172327
1.000000000 -0.000184889 0.000058843 -0.000759698 0.000184882 1.000000000 0.000117031 0.001103860 -0.000058865 -0.000117020 1.000000000 -0.001395675
1.000000000 -0.000203923 -0.000109651 0.007790027 0.000203934 1.000000000 0.000104540 -0.000268313 0.000109630 -0.000104562 1.000000000 0.002706168
1.000000000 -0.000137145 0.000089053 0.000020221 0.000137140 1.000000000 0.000058722 0.002531661 -0.000089061 -0.000058710 1.000000000 -0.003938785
1.000000000 -0.000051143 0.000101090 -0.001304483 0.000051141 1.000000000 0.000022589 0.000352920 -0.000101091 -0.000022584 1.000000000 -0.000237502
1.000000000 -0.000160215 0.000028329 0.002860083 0.000160211 1.000000000 0.000123274 -0.000247484 -0.000028349 -0.000123270 1.000000000 0.000890784
0.999999940 -0.000335721 -0.000130225 0.005267207 0.000335732 0.999999940 0.000084457 0.000669776 0.000130197 -0.000084501 1.000000000 0.001344518
1.000000000 -0.000148645 -0.000015001 0.003845599 0.000148647 1.000000000 0.000100358 -0.000779219 0.000014986 -0.000100360 1.000000000 0.001101631
1.000000000 -0.000174031 -0.000060166 0.003026919 0.000174042 0.999999940 0.000191636 -0.000169975 0.000060133 -0.000191646 1.000000000 0.005170288
1.000000000 -0.000227115 -0.000022268 0.000958568 0.000227118 0.999999940 0.000136857 -0.000421545 0.000022237 -0.000136862 1.000000000 0.003533894
0.999999940 -0.000258125 -0.000047206 0.003858524 0.000258132 0.999999940 0.000160766 -0.002077028 0.000047164 -0.000160778 1.000000000 -0.001561620
1.000000000 -0.000054242 0.000010209 0.002190381 0.000054241 1.000000000 0.000066030 0.000173638 -0.000010213 -0.000066029 1.000000000 0.002334937
1.000000000 0.000050527 0.000126873 -0.001358576 -0.000050516 1.000000000 -0.000094059 0.003899180 -0.000126877 0.000094052 1.000000000 -0.000727032
1.000000000 -0.000119935 -0.000113904 0.002818702 0.000119934 1.000000000 -0.000007075 0.002744651 0.000113905 0.000007061 1.000000000 0.003382762
1.000000000 -0.000230975 0.000010076 0.002727177 0.000230974 1.000000000 0.000054002 0.001960635 -0.000010089 -0.000054000 1.000000000 0.001583111
0.999999940 -0.000256610 -0.000084254 0.006273376 0.000256613 0.999999940 0.000043205 0.001060037 0.000084243 -0.000043227 1.000000000 0.005196388
1.000000000 -0.000099476 0.000044709 -0.000084350 0.000099470 1.000000000 0.000140183 0.000891380 -0.000044723 -0.000140178 1.000000000 -0.003338160
0.999999940 -0.000280833 -0.000047649 0.001112162 0.000280838 0.999999940 0.000102931 -0.000269839 0.000047620 -0.000102945 1.000000000 -0.002453319
1.000000000 -0.000206160 -0.000034581 0.005693250 0.000206144 0.999999881 -0.000477665 -0.005375993 0.000034680 0.000477658 0.999999881 0.050637551
1.000000000 -0.000164771 -0.000087038 0.008270395 0.000164673 0.999999344 -0.001126515 -0.004743073 0.000087223 0.001126501 0.999999344 0.145480394
1.000000000 -0.000236163 -0.000057908 0.007652520 0.000236094 0.999999285 -0.001190116 -0.013335378 0.000058189 0.001190102 0.999999285 0.265172511
1.000000000 -0.000195547 0.000066448 0.005433184 0.000195617 0.999999404 -0.001054478 -0.020914877 -0.000066242 0.001054491 0.999999464 0.386696517
1.000000000 0.000050897 -0.000078273 0.014225340 -0.000050970 0.999999583 -0.000934246 -0.021651896 0.000078226 0.000934250 0.999999583 0.541536033
1.000000000 0.000047018 0.000049837 0.012267370 -0.000046980 0.999999702 -0.000757675 -0.031007824 -0.000049873 0.000757673 0.999999702 0.693032503
1.000000000 -0.000155062 0.000105470 0.014942187 0.000155128 0.999999762 -0.000629748 -0.034694549 -0.000105372 0.000629764 0.999999821 0.865444362
1.000000000 0.000023999 -0.000007462 0.021119159 -0.000024002 0.999999881 -0.000512905 -0.034982283 0.000007450 0.000512905 0.999999881 1.028978229
0.999999940 0.000207648 0.000274838 0.014682907 -0.000207689 0.999999940 0.000146559 -0.050213464 -0.000274808 -0.000146616 0.999999940 1.209223986
0.999999940 0.000164871 0.000023706 0.028438685 -0.000164879 0.999999821 0.000354755 -0.056077421 -0.000023648 -0.000354759 0.999999940 1.399803519
0.999999940 0.000351690 0.000183577 0.024902383 -0.000351735 0.999999881 0.000247967 -0.062657058 -0.000183490 -0.000248032 0.999999940 1.587072015
0.999999940 0.000158983 0.000323885 0.030727847 -0.000159087 0.999999940 0.000321177 -0.065163143 -0.000323834 -0.000321228 0.999999881 1.784047127
0.999999821 0.000189541 0.000564771 0.025881171 -0.000189919 0.999999702 0.000669288 -0.075389430 -0.000564644 -0.000669395 0.999999642 1.984814167
1.000000000 0.000271308 0.000464969 0.030157411 -0.000271605 0.999999762 0.000638820 -0.080752723 -0.000464795 -0.000638946 0.999999642 2.202066660
0.999999821 0.000296056 0.000347725 0.042161576 -0.000296328 0.999999642 0.000781761 -0.088187076 -0.000347493 -0.000781864 0.999999642 2.412483931
0.999999762 0.000459503 0.000422664 0.044903651 -0.000459836 0.999999583 0.000788420 -0.093554623 -0.000422302 -0.000788615 0.999999583 2.640410185
0.999999881 0.000245406 0.000353540 0.051603708 -0.000245747 0.999999464 0.000962558 -0.102301605 -0.000353304 -0.000962645 0.999999523 2.871307135
0.999999821 0.000287074 0.000354876 0.053696103 -0.000287431 0.999999464 0.001005352 -0.109467313 -0.000354587 -0.001005454 0.999999404 3.100351810
0.999999821 0.000156308 0.000520770 0.056629214 -0.000156841 0.999999523 0.001024873 -0.117682993 -0.000520610 -0.001024955 0.999999344 3.362239122
0.999999821 0.000102764 0.000521234 0.061841767 -0.000103313 0.999999404 0.001053582 -0.122289322 -0.000521125 -0.001053636 0.999999285 3.599030256
0.999999940 0.000143172 0.000380042 0.070818819 -0.000143677 0.999999106 0.001328620 -0.133623302 -0.000379852 -0.001328675 0.999998987 3.840296030
0.999999881 -0.000075495 0.000332060 0.076991424 0.000075033 0.999999046 0.001391402 -0.141042784 -0.000332165 -0.001391377 0.999998927 4.103485107
0.999999762 0.000371187 0.000453432 0.081776373 -0.000371898 0.999998748 0.001569697 -0.149343669 -0.000452849 -0.001569866 0.999998629 4.355771542
0.999999881 0.000209140 0.000464082 0.084926896 -0.000209852 0.999998808 0.001534222 -0.157577500 -0.000463760 -0.001534319 0.999998629 4.619364738
0.999999881 0.000220853 0.000673711 0.091069251 -0.000221918 0.999998689 0.001580379 -0.165490419 -0.000673361 -0.001580528 0.999998510 4.877656937
0.999999821 0.000286623 0.000547060 0.096168578 -0.000287499 0.999998689 0.001602360 -0.175733984 -0.000546600 -0.001602517 0.999998569 5.139749527
0.999999642 0.000215670 0.000790508 0.098062672 -0.000216865 0.999998748 0.001512494 -0.182431713 -0.000790181 -0.001512665 0.999998569 5.395190239
0.999999702 -0.000378695 0.000750413 0.107242100 0.000377268 0.999998093 0.001900786 -0.192711532 -0.000751131 -0.001900502 0.999997914 5.657568455
0.999999642 0.000454566 0.000726647 0.106751204 -0.000455830 0.999998391 0.001739687 -0.203063428 -0.000725855 -0.001740018 0.999998212 5.933998108
0.999999464 0.000599923 0.000913421 0.111507215 -0.000601465 0.999998391 0.001689443 -0.212685108 -0.000912406 -0.001689991 0.999998152 6.194673538
0.999998868 0.000797788 0.001226016 0.112984039 -0.000799914 0.999998093 0.001734266 -0.220210791 -0.001224630 -0.001735245 0.999997795 6.490142822
0.999998868 0.000906490 0.001253629 0.123161919 -0.000908464 0.999998391 0.001574213 -0.227003366 -0.001252199 -0.001575350 0.999997973 6.772184849
0.999999344 0.000251374 0.001082750 0.130648211 -0.000253395 0.999998212 0.001866406 -0.238113567 -0.001082279 -0.001866679 0.999997675 7.082807541
0.999999583 -0.000000300 0.000810688 0.140452042 -0.000001178 0.999998331 0.001823258 -0.248536050 -0.000810688 -0.001823258 0.999998033 7.378873348
0.999999523 0.000033502 0.000918106 0.152186900 -0.000035138 0.999998391 0.001782343 -0.262111038 -0.000918045 -0.001782375 0.999998033 7.676046371
0.999999464 0.000432917 0.000899097 0.164164007 -0.000434832 0.999997675 0.002130082 -0.279577583 -0.000898172 -0.002130471 0.999997318 7.982498646
0.999999225 0.000530782 0.001115741 0.162498504 -0.000533220 0.999997497 0.002185930 -0.277807325 -0.001114578 -0.002186523 0.999996960 8.315969467
0.999999344 0.000473216 0.001052465 0.168948993 -0.000475260 0.999998093 0.001942023 -0.284663290 -0.001051544 -0.001942522 0.999997497 8.648831367
0.999998689 0.000453372 0.001525727 0.173883200 -0.000456924 0.999997199 0.002328090 -0.295775235 -0.001524668 -0.002328784 0.999996066 8.981112480
0.999999225 0.000387570 0.001129539 0.185086280 -0.000390278 0.999997020 0.002397991 -0.311732650 -0.001128606 -0.002398430 0.999996483 9.310278893
0.999999583 0.000239031 0.000913545 0.194024071 -0.000240923 0.999997854 0.002071495 -0.312404484 -0.000913048 -0.002071714 0.999997437 9.650032997
0.999999464 0.000247231 0.001132369 0.202263117 -0.000250011 0.999996960 0.002455007 -0.328919083 -0.001131758 -0.002455289 0.999996364 9.988008499
0.999999404 0.000389422 0.001005985 0.211846098 -0.000391738 0.999997258 0.002303197 -0.338150203 -0.001005085 -0.002303589 0.999996901 10.348505974
0.999998868 0.000692576 0.001365460 0.220264509 -0.000695987 0.999996603 0.002499531 -0.348151386 -0.001363724 -0.002500478 0.999995947 10.720348358
0.999999464 -0.000387125 0.000959130 0.231395721 0.000384487 0.999996185 0.002749406 -0.357692122 -0.000960190 -0.002749036 0.999995768 11.104217529
0.999999523 0.000248250 0.000944028 0.242811799 -0.000250908 0.999996006 0.002817325 -0.378851652 -0.000943325 -0.002817561 0.999995530 11.456201553
0.999998987 0.000635233 0.001238289 0.247558117 -0.000638613 0.999996066 0.002730956 -0.385013551 -0.001236549 -0.002731744 0.999995470 11.843956947
0.999999225 0.000489725 0.001104377 0.265698910 -0.000493193 0.999994993 0.003142133 -0.404144436 -0.001102833 -0.003142675 0.999994397 12.205790520
0.999998271 0.000662012 0.001700357 0.257087171 -0.000667367 0.999994755 0.003150801 -0.411101848 -0.001698262 -0.003151931 0.999993563 12.610467911
0.999999285 -0.000009640 0.001207404 0.267960340 0.000005375 0.999993861 0.003532540 -0.437517166 -0.001207430 -0.003532531 0.999993026 12.988333702
0.999999285 0.000284972 0.001231352 0.282821983 -0.000289739 0.999992490 0.003872205 -0.458642811 -0.001230240 -0.003872558 0.999991715 13.387760162
0.999998629 0.000635176 0.001571233 0.286606640 -0.000641262 0.999992311 0.003875495 -0.463699669 -0.001568759 -0.003876497 0.999991238 13.787519455
0.999998450 0.000794598 0.001556125 0.293881685 -0.000800792 0.999991655 0.003983831 -0.473243326 -0.001552947 -0.003985072 0.999990821 14.196969986
0.999998152 0.000220126 0.001915265 0.300242454 -0.000228312 0.999990761 0.004274714 -0.508836985 -0.001914306 -0.004275144 0.999989033 14.610168457
0.999998093 -0.000014726 0.001989693 0.312049687 0.000005735 0.999989808 0.004518688 -0.523570359 -0.001989739 -0.004518668 0.999987781 15.020790100
0.999997675 -0.000688205 0.002037003 0.321494371 0.000678633 0.999988735 0.004695702 -0.532491446 -0.002040212 -0.004694309 0.999986887 15.463649750
0.999996245 0.000242118 0.002698947 0.334665418 -0.000255837 0.999987006 0.005083678 -0.561677337 -0.002697682 -0.005084350 0.999983430 15.872231483
0.999996841 -0.000613236 0.002411315 0.351555079 0.000601086 0.999987185 0.005035974 -0.571944714 -0.002414372 -0.005034510 0.999984384 16.314844131
0.999995887 -0.000612617 0.002781042 0.362783790 0.000599084 0.999988079 0.004864327 -0.582336307 -0.002783989 -0.004862642 0.999984264 16.750213623
0.999994576 0.000181315 0.003280945 0.369882345 -0.000199937 0.999983788 0.005676340 -0.605868638 -0.003279863 -0.005676965 0.999978483 17.192108154
0.999992549 0.000800696 0.003782194 0.377128005 -0.000822859 0.999982417 0.005862016 -0.617255986 -0.003777434 -0.005865084 0.999975681 17.646896362
0.999992847 -0.000014186 0.003778506 0.390765607 -0.000007999 0.999982774 0.005871295 -0.629828095 -0.003778524 -0.005871285 0.999975622 18.110057831
0.999991775 -0.000032646 0.004066287 0.403831720 0.000008425 0.999982297 0.005956377 -0.638838172 -0.004066409 -0.005956294 0.999974012 18.584995270
0.999989629 -0.000083698 0.004558816 0.409121215 0.000055084 0.999980330 0.006276364 -0.655454695 -0.004559252 -0.006276048 0.999969959 19.039916992
0.999991357 -0.000835095 0.004078359 0.430041492 0.000808152 0.999977887 0.006603509 -0.676286519 -0.004083783 -0.006600156 0.999969959 19.502536774
0.999991298 -0.000108973 0.004160470 0.440169215 0.000080977 0.999977350 0.006728515 -0.692103326 -0.004161110 -0.006728121 0.999968708 19.973430634
0.999993205 -0.000880713 0.003574502 0.459656715 0.000857141 0.999977946 0.006590496 -0.704462588 -0.003580228 -0.006587387 0.999971926 20.455553055
0.999989450 0.000631435 0.004528969 0.448861659 -0.000661234 0.999978125 0.006581157 -0.723257542 -0.004524714 -0.006584083 0.999968112 20.978742599
0.999994040 -0.000235218 0.003430972 0.461157978 0.000210364 0.999973714 0.007242633 -0.743099272 -0.003432586 -0.007241869 0.999967813 21.454730988
0.999993682 0.000117174 0.003551086 0.462659687 -0.000142390 0.999974787 0.007101409 -0.754651308 -0.003550164 -0.007101870 0.999968410 21.956258774
0.999995649 -0.000972309 0.002785677 0.474973977 0.000951539 0.999971807 0.007447805 -0.767605186 -0.002792840 -0.007445123 0.999968350 22.484630585
0.999996841 -0.000087360 0.002528707 0.483964264 0.000068939 0.999973476 0.007283574 -0.772519231 -0.002529277 -0.007283376 0.999970257 22.974422455
0.999998987 -0.000996526 0.001028433 0.519908309 0.000988728 0.999970973 0.007555104 -0.801669836 -0.001035932 -0.007554079 0.999970913 23.463600159
0.999998033 -0.001866637 0.000538151 0.529732347 0.001862645 0.999971449 0.007325874 -0.814262629 -0.000551811 -0.007324857 0.999972999 23.979858398
0.999999523 -0.000949067 0.000042328 0.535777390 0.000948727 0.999972105 0.007405127 -0.824354112 -0.000049355 -0.007405085 0.999972582 24.495279312
0.999999464 -0.000812391 -0.000609190 0.545640767 0.000816937 0.999971569 0.007499020 -0.836881936 0.000603080 -0.007499514 0.999971688 25.027582169
0.999999046 -0.000736534 -0.001163899 0.551500857 0.000745383 0.999970615 0.007620861 -0.849449873 0.001158252 -0.007621721 0.999970198 25.544078827
0.999998748 -0.000683716 -0.001521611 0.560374618 0.000695206 0.999971151 0.007563266 -0.860934913 0.001516396 -0.007564314 0.999970257 26.087804794
0.999997675 -0.001058083 -0.001868014 0.574343562 0.001073414 0.999965608 0.008225363 -0.870331049 0.001859246 -0.008227348 0.999964416 26.629619598
0.999997139 -0.001187873 -0.002083310 0.581064284 0.001205295 0.999964118 0.008381337 -0.888616502 0.002073279 -0.008383824 0.999962628 27.149911880
0.999997437 -0.000245608 -0.002242840 0.595798373 0.000264437 0.999964654 0.008398770 -0.903651118 0.002240698 -0.008399343 0.999962151 27.676992416
0.999995589 -0.000853418 -0.002826460 0.601558685 0.000878001 0.999961674 0.008707667 -0.922420323 0.002818921 -0.008710111 0.999958098 28.213171005
0.999993503 -0.000710946 -0.003516610 0.617805600 0.000742478 0.999959409 0.008973562 -0.937837839 0.003510087 -0.008976115 0.999953508 28.762329102
0.999991238 -0.001389869 -0.003926505 0.633083880 0.001425267 0.999958217 0.009026910 -0.948009729 0.003913796 -0.009032429 0.999951482 29.256996155
0.999990344 -0.001016233 -0.004275022 0.636848509 0.001054961 0.999958336 0.009066807 -0.955481589 0.004265630 -0.009071230 0.999949753 29.800304413
0.999988675 -0.001397241 -0.004549744 0.647580862 0.001437952 0.999958873 0.008957023 -0.967932105 0.004537041 -0.008963463 0.999949515 30.331003189
0.999989748 -0.000820333 -0.004439940 0.653374732 0.000860123 0.999959350 0.008967333 -0.980891407 0.004432402 -0.008971061 0.999949872 30.873203278
0.999985993 -0.001258294 -0.005136146 0.663671732 0.001305058 0.999957561 0.009111800 -0.997580409 0.005124463 -0.009118375 0.999945283 31.402856827
0.999987245 -0.000960105 -0.004950427 0.671722054 0.001005277 0.999957740 0.009130393 -1.010851860 0.004941454 -0.009135255 0.999945998 31.955970764
0.999985754 -0.000944226 -0.005248259 0.677211642 0.000992018 0.999958098 0.009111093 -1.022870302 0.005239436 -0.009116172 0.999944687 32.449100494
0.999983013 -0.001810021 -0.005535588 0.690413117 0.001863799 0.999950945 0.009725181 -1.031032205 0.005517714 -0.009735333 0.999937415 33.050724030
0.999986231 -0.000834222 -0.005186012 0.671691477 0.000882337 0.999956548 0.009282470 -1.048499107 0.005178043 -0.009286918 0.999943495 33.466259003
0.999984443 -0.000397606 -0.005578531 0.678909600 0.000453205 0.999950230 0.009968836 -1.072404504 0.005574289 -0.009971207 0.999934793 34.002853394
0.999987125 -0.000106221 -0.005085214 0.668502033 0.000154879 0.999954283 0.009568927 -1.072560549 0.005083964 -0.009569593 0.999941289 34.518264771
0.999980807 -0.001503772 -0.006005428 0.701047897 0.001564572 0.999947369 0.010132267 -1.104253650 0.005989876 -0.010141468 0.999930620 35.060115814
0.999977350 -0.002092535 -0.006385357 0.708863735 0.002159807 0.999942005 0.010546696 -1.128948569 0.006362918 -0.010560251 0.999924004 35.610992432
0.999979973 -0.001329400 -0.006183745 0.716195762 0.001391177 0.999949098 0.009996710 -1.135400653 0.006170141 -0.010005114 0.999930978 36.163158417
0.999981105 -0.001409465 -0.005979043 0.708200872 0.001475069 0.999938607 0.010982153 -1.166162014 0.005963196 -0.010990767 0.999921799 36.576469421
0.999981463 -0.001397970 -0.005919140 0.706020892 0.001463121 0.999938190 0.011016815 -1.167464137 0.005903373 -0.011025271 0.999921858 37.127334595
0.999974847 -0.001811197 -0.006849959 0.753620625 0.001886274 0.999938011 0.010969651 -1.160185933 0.006829666 -0.010982297 0.999916375 37.630504608
0.999977112 -0.000378815 -0.006753712 0.776159286 0.000448165 0.999947131 0.010269815 -1.162881017 0.006749466 -0.010272606 0.999924481 38.206951141
0.999977946 0.000038729 -0.006637153 0.791096568 0.000027258 0.999950528 0.009941643 -1.185136795 0.006637210 -0.009941606 0.999928594 38.721714020
0.999975443 0.000233925 -0.006999149 0.845291853 -0.000164754 0.999951184 0.009881627 -1.212775350 0.007001119 -0.009880233 0.999926746 39.374584198
0.999971867 -0.001558262 -0.007328307 0.811390162 0.001639949 0.999936461 0.011154044 -1.212522745 0.007310460 -0.011165749 0.999910891 39.825809479
0.999973476 -0.001202307 -0.007173913 0.799751818 0.001282240 0.999937057 0.011148001 -1.254346490 0.007160058 -0.011156905 0.999912083 40.284107208
0.999967158 -0.001426380 -0.007979068 0.809132576 0.001511746 0.999941647 0.010702938 -1.259153366 0.007963335 -0.010714648 0.999910891 40.833187103
0.999968827 -0.001457689 -0.007752187 0.815757811 0.001543720 0.999937236 0.011103221 -1.271640420 0.007735515 -0.011114843 0.999908268 41.352943420
0.999976456 0.000137082 -0.006861897 0.803231597 -0.000065406 0.999945462 0.010444683 -1.276349664 0.006862955 -0.010443989 0.999921858 41.872714996
0.999974608 -0.000442270 -0.007115492 0.812437892 0.000518579 0.999942362 0.010726067 -1.290108204 0.007110339 -0.010729484 0.999917150 42.406784058
0.999976456 -0.000354282 -0.006857060 0.814832091 0.000426202 0.999944866 0.010489867 -1.299884439 0.006852967 -0.010492544 0.999921441 42.930122375
0.999975026 -0.000427363 -0.007054049 0.821856558 0.000501964 0.999943912 0.010577239 -1.310469866 0.007049133 -0.010580512 0.999919176 43.453979492
0.999975741 -0.000290756 -0.006959657 0.831099987 0.000365031 0.999942899 0.010673231 -1.321848869 0.006956157 -0.010675512 0.999918759 43.980339050
0.999975085 -0.000285795 -0.007054208 0.840541005 0.000358950 0.999946177 0.010371285 -1.332120895 0.007050865 -0.010373561 0.999921322 44.514549255
0.999974251 -0.000169007 -0.007173562 0.846944928 0.000242845 0.999947011 0.010293408 -1.335636735 0.007171442 -0.010294885 0.999921262 45.037227631
0.999973059 0.000008694 -0.007347114 0.861946344 0.000062905 0.999952614 0.009744932 -1.343640804 0.007346850 -0.009745130 0.999925554 45.586231232
0.999969423 -0.000193212 -0.007818180 0.882622004 0.000274901 0.999945402 0.010448926 -1.372301579 0.007815734 -0.010450757 0.999914825 46.116962433
0.999970555 -0.000559444 -0.007644931 0.870445132 0.000640497 0.999943554 0.010603865 -1.379948497 0.007638565 -0.010608450 0.999914527 46.609626770
0.999970257 0.000189673 -0.007716252 0.912602305 -0.000112094 0.999949455 0.010053052 -1.359093428 0.007717769 -0.010051887 0.999919653 47.204166412
0.999973178 0.000072499 -0.007326522 0.885856569 0.000006742 0.999941528 0.010815091 -1.408996344 0.007326879 -0.010814849 0.999914587 47.664302826
0.999970078 -0.000229453 -0.007731827 0.900676548 0.000312083 0.999942839 0.010687550 -1.417349935 0.007728934 -0.010689640 0.999912977 48.208621979
0.999972522 -0.000290375 -0.007404604 0.904158592 0.000371730 0.999939501 0.010987987 -1.431571126 0.007400967 -0.010990437 0.999912143 48.712089539
0.999966323 -0.000591504 -0.008189102 0.928287327 0.000679471 0.999942124 0.010743416 -1.433174014 0.008182273 -0.010748619 0.999908686 49.308479309
0.999973774 -0.000126510 -0.007242805 0.909204304 0.000204824 0.999941528 0.010812865 -1.449963212 0.007241014 -0.010814066 0.999915242 49.748085022
0.999974012 0.000096973 -0.007196274 0.910490274 -0.000016428 0.999937356 0.011191879 -1.465236187 0.007196908 -0.011191473 0.999911487 50.261817932
0.999976158 0.000554624 -0.006873003 0.910418928 -0.000479038 0.999939501 0.010994256 -1.471129179 0.006878685 -0.010990702 0.999915957 50.816177368
0.999973357 0.000165450 -0.007299627 0.914186954 -0.000083175 0.999936461 0.011269953 -1.491721869 0.007301027 -0.011269048 0.999909759 51.252025604
0.999969840 -0.000473643 -0.007760270 0.929727554 0.000561396 0.999935806 0.011309727 -1.497527003 0.007754417 -0.011313741 0.999905884 51.790870667
0.999974906 0.000536244 -0.007063628 0.925274611 -0.000455823 0.999935150 0.011381860 -1.509595394 0.007069274 -0.011378353 0.999910235 52.259994507
0.999975085 0.000643644 -0.007031887 0.940827012 -0.000563058 0.999934256 0.011455976 -1.514789104 0.007038799 -0.011451731 0.999909699 52.798656464
0.999975443 0.000775368 -0.006969737 0.929658651 -0.000695870 0.999934733 0.011401458 -1.525762200 0.006978123 -0.011396325 0.999910653 53.337406158
0.999973416 0.000031456 -0.007288169 0.967415333 0.000054149 0.999931037 0.011745293 -1.557072878 0.007288035 -0.011745375 0.999904454 53.717681885
0.999975204 0.001156085 -0.006942508 0.951958954 -0.001077368 0.999935269 0.011331484 -1.541102409 0.006955159 -0.011323722 0.999911726 54.442886353
0.999971867 0.000500521 -0.007483205 0.973856211 -0.000411735 0.999929547 0.011861490 -1.576790810 0.007488614 -0.011858073 0.999901593 54.806732178
0.999973655 0.000858251 -0.007208081 0.988447785 -0.000771271 0.999927044 0.012061116 -1.588295221 0.007217905 -0.012055239 0.999901295 55.269786835
0.999974310 0.000445139 -0.007150210 1.001052380 -0.000359555 0.999928296 0.011966232 -1.595844746 0.007155025 -0.011963354 0.999902785 55.695186615
0.999972105 0.000666615 -0.007436668 1.002582073 -0.000572996 0.999920726 0.012583845 -1.606411576 0.007444466 -0.012579233 0.999893129 56.349201202
0.999971271 0.000072156 -0.007580673 1.028760910 0.000020628 0.999925077 0.012238817 -1.618233919 0.007580989 -0.012238624 0.999896348 56.710273743
0.999972880 -0.000157700 -0.007364706 1.031731725 0.000249566 0.999922156 0.012474599 -1.631238699 0.007362165 -0.012476100 0.999895036 57.213623047
0.999973178 0.000338944 -0.007312638 1.034660339 -0.000249649 0.999925375 0.012208451 -1.635851145 0.007316230 -0.012206295 0.999898732 57.736240387
0.999971628 0.000188768 -0.007529136 1.048187375 -0.000095353 0.999923050 0.012405621 -1.646613836 0.007530898 -0.012404555 0.999894619 58.237422943
0.999969780 -0.000681654 -0.007745274 1.058491707 0.000780560 0.999918103 0.012773976 -1.658715725 0.007735931 -0.012779635 0.999888420 58.759891510
0.999971509 -0.000295866 -0.007539637 1.069581032 0.000390627 0.999920845 0.012569967 -1.677483797 0.007535322 -0.012572555 0.999892533 59.284515381
0.999969661 -0.000335819 -0.007788563 1.088583946 0.000438558 0.999912858 0.013193003 -1.696263075 0.007783454 -0.013196018 0.999882638 59.825473785
0.999967694 -0.000691464 -0.008004908 1.103922844 0.000798132 0.999910831 0.013329721 -1.712184429 0.007994978 -0.013335682 0.999879122 60.333034515
0.999971390 -0.000247315 -0.007558258 1.113168001 0.000345799 0.999915063 0.013031527 -1.694284916 0.007554392 -0.013033769 0.999886513 60.904262543
0.999968708 0.000013178 -0.007920071 1.122993946 0.000092740 0.999910533 0.013372790 -1.709385157 0.007919541 -0.013373105 0.999879241 61.378376007
0.999959111 -0.001788429 -0.008865353 1.131896973 0.001907291 0.999908209 0.013417258 -1.739941597 0.008840542 -0.013433618 0.999870718 61.998130798
0.999957860 -0.002017298 -0.008951254 1.119161010 0.002143580 0.999897957 0.014120689 -1.737864017 0.008921856 -0.014139283 0.999860227 62.503974915
0.999958098 -0.002382264 -0.008841567 1.125651240 0.002507792 0.999895871 0.014213732 -1.792591691 0.008806786 -0.014235310 0.999859869 63.124950409
0.999961972 -0.002101766 -0.008467647 1.044127822 0.002220499 0.999899030 0.014037053 -1.808203459 0.008437288 -0.014055321 0.999865592 63.642578125
0.999967039 0.000080447 -0.008119569 1.181958318 0.000038462 0.999892771 0.014643397 -1.785497665 0.008119876 -0.014643228 0.999859869 64.024658203
0.999967217 -0.000935438 -0.008040173 1.180569768 0.001041199 0.999912798 0.013160125 -1.758891106 0.008027161 -0.013168066 0.999881029 64.256988525
0.999968350 -0.001189975 -0.007862612 1.188213110 0.001292870 0.999913454 0.013094486 -1.765460491 0.007846348 -0.013104237 0.999883294 64.805839539
0.999958634 -0.002081970 -0.008846078 1.215475321 0.002201425 0.999906182 0.013515587 -1.787351251 0.008817110 -0.013534503 0.999869525 65.322807312
0.999969661 -0.000040490 -0.007785330 1.212403059 0.000145097 0.999909699 0.013436354 -1.802704692 0.007784083 -0.013437076 0.999879420 65.718330383
0.999969602 -0.000758664 -0.007761830 1.223195314 0.000865789 0.999904275 0.013807431 -1.802465081 0.007750610 -0.013813731 0.999874592 66.403579712
0.999967039 -0.000638768 -0.008096477 1.229547977 0.000749069 0.999906898 0.013627610 -1.828657269 0.008087019 -0.013633228 0.999874353 66.806655884
0.999966502 -0.000750551 -0.008151301 1.252944708 0.000859421 0.999910295 0.013360845 -1.833129883 0.008140543 -0.013367403 0.999877512 67.353179932
0.999964416 0.000262515 -0.008430603 1.334037066 -0.000139182 0.999892950 0.014626420 -1.876954079 0.008433540 -0.014624727 0.999857426 67.604492188
0.999964774 -0.000536996 -0.008376488 1.294287443 0.000653255 0.999903321 0.013882630 -1.859870315 0.008368224 -0.013887611 0.999868572 68.412361145
0.999961972 -0.000379224 -0.008715169 1.361117363 0.000506561 0.999893069 0.014613343 -1.907892108 0.008708698 -0.014617201 0.999855161 68.675437927
0.999963403 0.000071285 -0.008559952 1.374563575 0.000055737 0.999889910 0.014837890 -1.921413541 0.008560068 -0.014837824 0.999853253 69.205047607
0.999963224 0.000018154 -0.008570637 1.379821777 0.000110142 0.999887943 0.014968544 -1.939159036 0.008569950 -0.014968939 0.999851167 69.743469238
0.999964774 0.000355715 -0.008399285 1.383046031 -0.000230293 0.999888539 0.014928721 -1.946305633 0.008403661 -0.014926258 0.999853194 70.272789001
0.999963701 0.000284818 -0.008517527 1.394914389 -0.000158736 0.999890447 0.014799621 -1.952246308 0.008520810 -0.014797732 0.999854147 70.804534912
0.999963939 0.000362701 -0.008477253 1.404174685 -0.000235727 0.999887824 0.014974417 -1.961152792 0.008481731 -0.014971878 0.999851882 71.343986511
0.999967873 0.000681608 -0.007982976 1.405426502 -0.000562557 0.999888718 0.014905792 -1.970159054 0.007992244 -0.014900822 0.999857068 71.892585754
0.999966025 0.000764015 -0.008204518 1.415165305 -0.000639566 0.999884844 0.015160267 -1.996007323 0.008215156 -0.015154504 0.999851346 72.408279419
0.999962687 0.000262422 -0.008635947 1.432535052 -0.000128102 0.999879003 0.015550532 -1.993581414 0.008638983 -0.015548844 0.999841750 72.939514160
0.999966145 0.000849071 -0.008184736 1.444190979 -0.000721396 0.999878347 0.015589531 -2.033658028 0.008196974 -0.015583102 0.999844909 73.463500977
0.999963105 0.000416470 -0.008578091 1.459360838 -0.000288281 0.999888420 0.014939530 -2.042826653 0.008583356 -0.014936509 0.999851525 74.008651733
0.999963164 0.000639835 -0.008556029 1.471623302 -0.000507580 0.999880493 0.015450828 -2.058103085 0.008564895 -0.015445915 0.999843955 74.506149292
0.999960303 0.000496255 -0.008890255 1.492004871 -0.000353371 0.999870777 0.016066376 -2.076209068 0.008897079 -0.016062597 0.999831438 75.029815674
0.999965489 0.000896545 -0.008256413 1.478114367 -0.000769167 0.999880791 0.015418055 -2.076048851 0.008269251 -0.015411170 0.999847174 75.573310852
0.999966621 0.000914278 -0.008120580 1.492756844 -0.000786749 0.999876499 0.015693812 -2.088510990 0.008133925 -0.015686898 0.999843836 76.092964172
0.999963939 0.000991148 -0.008434637 1.502671480 -0.000859323 0.999877632 0.015618203 -2.099187851 0.008449086 -0.015610392 0.999842465 76.625183105
0.999969542 0.001954237 -0.007551765 1.509965897 -0.001837721 0.999879599 0.015405198 -2.106571674 0.007580962 -0.015390850 0.999852836 77.173057556
0.999978483 0.001786071 -0.006311982 1.526126504 -0.001687518 0.999877155 0.015584718 -2.118306637 0.006339043 -0.015573733 0.999858618 77.705421448
0.999986768 0.002147147 -0.004679736 1.534704685 -0.002075382 0.999880970 0.015286854 -2.131582260 0.004712003 -0.015276939 0.999872208 78.251586914
0.999991477 0.002410591 -0.003349363 1.550071955 -0.002358265 0.999876380 0.015539953 -2.148031473 0.003386409 -0.015531922 0.999873638 78.767196655
0.999995112 0.001537313 -0.002726169 1.565511703 -0.001494900 0.999878883 0.015492197 -2.162836790 0.002749655 -0.015488046 0.999876261 79.281280518
0.999998212 0.001865253 0.000469051 1.576456308 -0.001872212 0.999881208 0.015300533 -2.170355797 -0.000440456 -0.015301382 0.999882817 79.825637817
0.999989510 0.002451596 0.003871539 1.599559546 -0.002513837 0.999866307 0.016154250 -2.194484711 -0.003831418 -0.016163813 0.999861956 80.411056519
0.999976099 0.002332716 0.006508738 1.631435513 -0.002433238 0.999877214 0.015479265 -2.181127071 -0.006471829 -0.015494732 0.999859035 80.931762695
0.999938726 0.002282766 0.010828263 1.649376869 -0.002450302 0.999877036 0.015484250 -2.200589418 -0.010791587 -0.015509835 0.999821484 81.505828857
0.999852061 0.002585689 0.017006213 1.663145065 -0.002849448 0.999875784 0.015503681 -2.208414078 -0.016964013 -0.015549847 0.999735236 81.998527527
0.999745190 0.002123280 0.022473577 1.709557891 -0.002474628 0.999875009 0.015617585 -2.211922884 -0.022437610 -0.015669221 0.999625385 82.485092163
0.999588549 0.002022097 0.028611129 1.696633101 -0.002457797 0.999881446 0.015201378 -2.199834347 -0.028576998 -0.015265443 0.999475002 83.155632019
0.999304235 0.002686208 0.037197575 1.759327412 -0.003289893 0.999863684 0.016177433 -2.249111176 -0.037149057 -0.016288551 0.999177098 83.842956543
0.998965323 0.002716877 0.045396052 1.811461210 -0.003457417 0.999862075 0.016242322 -2.265916824 -0.045345660 -0.016382471 0.998836994 84.380523682
0.998606145 0.002666546 0.052715365 1.854929209 -0.003541487 0.999857545 0.016511012 -2.274073362 -0.052663829 -0.016674690 0.998473048 84.926147461
0.998115420 0.002186817 0.061325833 1.915242434 -0.003172130 0.999867380 0.015974110 -2.280812025 -0.061282765 -0.016138539 0.997989953 85.476829529
0.997430980 0.001947538 0.071605653 1.975305557 -0.003100260 0.999867320 0.015990583 -2.292071342 -0.071565010 -0.016171502 0.997304857 86.017486572
0.996779740 0.002136786 0.080159910 2.031263828 -0.003459206 0.999860227 0.016362017 -2.311774969 -0.080113739 -0.016586617 0.996647775 86.526412964
0.996117592 0.001541619 0.088019297 2.115411758 -0.002949812 0.999869704 0.015870854 -2.317586899 -0.087983362 -0.016068878 0.995992303 87.092308044
0.995115995 0.001466796 0.098702811 2.193940639 -0.003042749 0.999870241 0.015818007 -2.324079275 -0.098666824 -0.016041080 0.994991243 87.648681641
0.994026423 0.001292693 0.109132186 2.278921127 -0.003043368 0.999869347 0.015876742 -2.335460663 -0.109097399 -0.016114032 0.993900418 88.202072144
0.992992640 0.000821544 0.118172683 2.368206024 -0.002713372 0.999870718 0.015849030 -2.347395897 -0.118144371 -0.016058620 0.992866516 88.755332947
0.991645098 0.000934877 0.128992617 2.466428757 -0.003002870 0.999870062 0.015838318 -2.353230953 -0.128961042 -0.016093336 0.991519213 89.313636780
0.989958882 0.000760152 0.141354039 2.561163902 -0.002968989 0.999876738 0.015416036 -2.354709148 -0.141324908 -0.015680917 0.989839077 89.859786987
0.988410115 0.000375052 0.151806399 2.682629585 -0.002755851 0.999876499 0.015473025 -2.372882366 -0.151781872 -0.015712051 0.988289118 90.439971924
0.986781538 0.000539974 0.162054941 2.783827782 -0.003123881 0.999872029 0.015690252 -2.377654552 -0.162025705 -0.015989091 0.986656964 91.005775452
0.984754086 0.000616148 0.173950836 2.899688721 -0.003516355 0.999859929 0.016364874 -2.392933369 -0.173916355 -0.016727049 0.984618366 91.540382385
0.982407391 0.000280049 0.186750263 3.030239105 -0.003283259 0.999870121 0.015772326 -2.400858879 -0.186721593 -0.016108003 0.982280731 92.092330933
0.980299294 0.000217581 0.197517753 3.158990860 -0.003350241 0.999873877 0.015526122 -2.407764196 -0.197489455 -0.015881980 0.980176330 92.634155273
0.977529883 0.000047203 0.210796565 3.299634933 -0.003408088 0.999872684 0.015580475 -2.417438030 -0.210768998 -0.015948793 0.977405727 93.186447144
0.974521697 -0.000779039 0.224291787 3.448520660 -0.002842854 0.999870718 0.015824748 -2.427878857 -0.224275157 -0.016059190 0.974393547 93.716674805
0.971880436 -0.000817126 0.235473454 3.594970703 -0.003038128 0.999867141 0.016009083 -2.445062637 -0.235455275 -0.016274313 0.971748948 94.228210449
0.968783855 -0.000806370 0.247905433 3.772821426 -0.003255884 0.999867022 0.015975893 -2.458013773 -0.247885376 -0.016284337 0.968652487 94.773422241
0.965194225 -0.001374546 0.261530429 3.951467514 -0.002993806 0.999862611 0.016303886 -2.473466873 -0.261516899 -0.016519388 0.965057552 95.300247192
0.961747706 -0.001922463 0.273930073 4.130018234 -0.002568420 0.999868095 0.016034683 -2.482230663 -0.273924768 -0.016124886 0.961615920 95.824485779
0.958561480 -0.002933516 0.284870744 4.316568375 -0.001789167 0.999865294 0.016316691 -2.499756098 -0.284880161 -0.016150232 0.958427072 96.339782715
0.954188943 -0.002203396 0.299196362 4.509019852 -0.002799639 0.999863327 0.016291915 -2.503791571 -0.299191326 -0.016383203 0.954052448 96.892715454
0.949831963 -0.002844480 0.312747747 4.712842941 -0.002297464 0.999868214 0.016071448 -2.510593891 -0.312752277 -0.015983704 0.949700177 97.406005859
0.946028888 -0.003249538 0.324065953 4.917240143 -0.002094126 0.999867558 0.016139342 -2.516428232 -0.324075460 -0.015946921 0.945896745 97.932464600
0.941618919 -0.003400563 0.336663365 5.129304886 -0.002149299 0.999867916 0.016110852 -2.528213978 -0.336673677 -0.015893875 0.941487253 98.445899963
0.936438739 -0.003516592 0.350813568 5.348100662 -0.002375483 0.999863207 0.016363701 -2.536688328 -0.350823075 -0.016156951 0.936302304 98.960777283
0.931858897 -0.004414544 0.362793982 5.572221756 -0.001740664 0.999859989 0.016637485 -2.547147512 -0.362816662 -0.016135290 0.931720853 99.470527649
0.927104473 -0.004427479 0.374776810 5.796976089 -0.001976844 0.999858558 0.016702190 -2.558693886 -0.374797761 -0.016225552 0.926964581 99.984603882
0.921419263 -0.004875150 0.388539314 6.042919159 -0.001626155 0.999864101 0.016402094 -2.558730364 -0.388566554 -0.015745031 0.921286166 100.501464844
0.915931225 -0.005753731 0.401293993 6.296123505 -0.000932315 0.999863982 0.016463961 -2.564649343 -0.401334107 -0.015453984 0.915801346 101.009788513
0.911127985 -0.005858999 0.412081897 6.549362183 -0.000993273 0.999864757 0.016412286 -2.573081970 -0.412122339 -0.015363003 0.910999000 101.520599365
0.905485928 -0.005776288 0.424336970 6.807670593 -0.001208900 0.999868095 0.016190361 -2.587241411 -0.424374491 -0.015173126 0.905359626 102.005096436
0.899082482 -0.006241952 0.437734812 7.085144043 -0.001213816 0.999858916 0.016750762 -2.605497599 -0.437777609 -0.015591647 0.898948014 102.495735168
0.893129289 -0.006676048 0.449750453 7.352439880 -0.000861870 0.999862611 0.016553381 -2.608746052 -0.449799210 -0.015171938 0.893000841 102.988372803
0.887546837 -0.007639727 0.460654110 7.623146057 0.000030295 0.999863386 0.016523881 -2.616943836 -0.460717529 -0.014651765 0.887425900 103.451492310
0.880335569 -0.007434017 0.474293172 7.910823822 -0.000392346 0.999865353 0.016400008 -2.626025677 -0.474351257 -0.014623597 0.880214214 103.934852600
0.873267829 -0.007634538 0.487180710 8.205360413 -0.000485460 0.999863029 0.016538896 -2.637766361 -0.487240285 -0.014679391 0.873144567 104.395568848
0.867364526 -0.008458282 0.497601509 8.507839203 0.000324844 0.999864995 0.016429575 -2.645437002 -0.497673273 -0.014088787 0.867250144 104.870292664
0.860369921 -0.008565704 0.509598136 8.823451996 0.000081847 0.999861062 0.016668225 -2.664019108 -0.509670079 -0.014299128 0.860251069 105.326004028
