1.000000000 0.000000000 0.000000000 0.000000000 0.000000000 1.000000000 0.000000000 0.000000000 0.000000000 0.000000000 1.000000000 0.000000000
1.000000000 0.000041684 -0.000021564 0.000443591 -0.000041683 1.000000000 0.000013526 -0.000358452 0.000021564 -0.000013525 1.000000000 0.001361112
1.000000000 0.000008219 -0.000013455 0.001065057 -0.000008218 1.000000000 0.000047363 -0.000759768 0.000013455 -0.000047363 1.000000000 0.001025166
1.000000000 -0.000023752 -0.000057547 0.001641290 0.000023749 1.000000000 -0.000039679 -0.000798175 0.000057548 0.000039678 1.000000000 -0.001020158
1.000000000 -0.000033640 -0.000082150 0.001182106 0.000033647 1.000000000 0.000087735 -0.000886796 0.000082147 -0.000087738 1.000000000 -0.000011985
1.000000000 -0.000017925 -0.000066712 -0.000751366 0.000017923 1.000000000 -0.000039453 0.001307557 0.000066712 0.000039452 1.000000000 0.002010994
1.000000000 -0.000082944 -0.000072837 0.000771819 0.000082951 1.000000000 0.000097134 -0.000430669 0.000072829 -0.000097140 1.000000000 0.000818195
1.000000000 -0.000029817 -0.000005604 -0.000362876 0.000029818 1.000000000 0.000072524 -0.001150901 0.000005602 -0.000072524 1.000000000 -0.000919478
1.000000000 0.000047304 -0.000045704 0.001157722 -0.000047300 1.000000000 0.000089158 -0.000896704 0.000045709 -0.000089156 1.000000000 -0.001925775
1.000000000 0.000057171 0.000008302 -0.000173071 -0.000057171 1.000000000 0.000061849 0.000078641 -0.000008299 -0.000061849 1.000000000 0.001756199
1.000000000 0.000047903 0.000000845 -0.000112280 -0.000047903 1.000000000 -0.000001675 0.000297509 -0.000000845 0.000001675 1.000000000 0.000069631
1.000000000 -0.000050168 -0.000104332 0.001224434 0.000050177 1.000000000 0.000086874 -0.000864321 0.000104327 -0.000086880 1.000000000 -0.000809616
1.000000000 -0.000014349 -0.000031201 0.000303252 0.000014349 1.000000000 -0.000009167 0.000457141 0.000031201 0.000009166 1.000000000 0.001727667
1.000000000 -0.000130211 -0.000108813 0.000705209 0.000130225 1.000000000 0.000122941 -0.000163331 0.000108797 -0.000122955 1.000000000 -0.000012174
1.000000000 0.000031789 -0.000092891 0.001277220 -0.000031785 1.000000000 0.000040205 -0.000480631 0.000092892 -0.000040203 1.000000000 -0.003700621
1.000000000 -0.000043785 -0.000133548 0.003079011 0.000043797 1.000000000 0.000095605 -0.000626996 0.000133544 -0.000095611 1.000000000 -0.002494786
1.000000000 -0.000088855 -0.000099170 0.002751042 0.000088868 1.000000000 0.000124289 -0.001643829 0.000099159 -0.000124298 1.000000000 -0.003080687
1.000000000 -0.000034258 -0.000084619 0.002798593 0.000034261 1.000000000 0.000039780 -0.000661934 0.000084618 -0.000039783 1.000000000 -0.001435180
1.000000000 0.000068263 -0.000062296 0.001750995 -0.000068256 1.000000000 0.000119041 -0.001294635 0.000062304 -0.000119037 1.000000000 -0.002691194
1.000000000 -0.000073090 -0.000095589 0.002593969 0.000073098 1.000000000 0.000082766 -0.001599342 0.000095583 -0.000082773 1.000000000 -0.004327959
1.000000000 -0.000098471 -0.000107750 0.001457541 0.000098479 1.000000000 0.000074289 0.000245024 0.000107743 -0.000074299 1.000000000 0.001636237
1.000000000 -0.000093788 -0.000090836 0.001101052 0.000093799 1.000000000 0.000122244 -0.002111701 0.000090825 -0.000122253 1.000000000 -0.005287822
1.000000000 0.000031439 -0.000130988 0.003865986 -0.000031424 1.000000000 0.000117137 -0.000855513 0.000130992 -0.000117133 1.000000000 -0.002083912
1.000000000 -0.000068750 -0.000152793 0.003080416 0.000068764 1.000000000 0.000095156 -0.001358509 0.000152787 -0.000095167 1.000000000 -0.002313604
1.000000000 -0.000094337 -0.000114291 0.002367099 0.000094348 1.000000000 0.000095785 -0.001608747 0.000114282 -0.000095796 1.000000000 -0.002999360
1.000000000 -0.000044829 -0.000138431 0.002918019 0.000044838 1.000000000 0.000069359 -0.000413653 0.000138428 -0.000069365 1.000000000 -0.001182688
1.000000000 -0.000028643 -0.000082453 0.003182781 0.000028647 1.000000000 0.000051595 -0.000530424 0.000082451 -0.000051597 1.000000000 -0.001553118
1.000000000 -0.000155253 -0.000166611 0.002286304 0.000155275 1.000000000 0.000132081 -0.000729411 0.000166591 -0.000132107 1.000000000 -0.003507565
1.000000000 -0.000173915 -0.000109261 0.001725491 0.000173924 1.000000000 0.000084525 -0.001715082 0.000109246 -0.000084544 1.000000000 -0.001498526
1.000000000 -0.000042619 -0.000177047 0.004324763 0.000042652 1.000000000 0.000186086 -0.002643619 0.000177039 -0.000186094 0.999999940 -0.005057740
1.000000000 -0.000160736 -0.000169978 0.004472435 0.000160754 1.000000000 0.000109302 -0.001315401 0.000169960 -0.000109329 1.000000000 -0.002755204
1.000000000 -0.000086404 -0.000157680 0.003306250 0.000086421 1.000000000 0.000105239 -0.000873268 0.000157671 -0.000105253 1.000000000 -0.002850430
1.000000000 -0.000089122 -0.000108804 0.003224822 0.000089135 1.000000000 0.000116286 -0.001452790 0.000108794 -0.000116295 1.000000000 -0.004404538
1.000000000 0.000001763 -0.000066291 0.001903116 -0.000001760 1.000000000 0.000045741 -0.000256833 0.000066291 -0.000045741 1.000000000 -0.001684222
1.000000000 -0.000018318 -0.000088606 0.001874515 0.000018325 1.000000000 0.000084279 -0.000545914 0.000088604 -0.000084281 1.000000000 -0.001364118
1.000000000 -0.000139191 -0.000121767 0.002482207 0.000139211 1.000000000 0.000161184 -0.002393422 0.000121745 -0.000161201 1.000000000 -0.004149339
1.000000000 -0.000097535 -0.000138597 0.003067155 0.000097550 1.000000000 0.000108332 -0.000619974 0.000138587 -0.000108345 1.000000000 -0.002746111
1.000000000 -0.000083177 -0.000166006 0.005317245 0.000083203 1.000000000 0.000158854 -0.001444264 0.000165992 -0.000158868 1.000000000 -0.005687942
1.000000000 -0.000104241 -0.000104161 0.001881148 0.000104252 1.000000000 0.000101765 -0.000883525 0.000104150 -0.000101776 1.000000000 -0.002991898
0.999999940 -0.000177006 -0.000182875 0.003186418 0.000177038 0.999999940 0.000175311 -0.001950426 0.000182844 -0.000175344 0.999999940 -0.005079860
1.000000000 -0.000058388 -0.000186726 0.004663889 0.000058401 1.000000000 0.000067819 -0.001748670 0.000186722 -0.000067830 1.000000000 -0.002188725
1.000000000 -0.000220408 -0.000044355 0.002366528 0.000220385 0.999999821 -0.000516941 -0.003166579 0.000044469 0.000516932 0.999999881 0.049759280
1.000000000 0.000050178 -0.000097470 0.003948475 -0.000050288 0.999999344 -0.001131801 -0.005837833 0.000097414 0.001131806 0.999999344 0.138131499
1.000000000 -0.000004701 0.000013527 0.004972138 0.000004720 0.999998927 -0.001457814 -0.009114826 -0.000013520 0.001457814 0.999998927 0.254970700
1.000000000 0.000029141 0.000001804 0.008168534 -0.000029138 0.999998927 -0.001448824 -0.012124119 -0.000001846 0.001448824 0.999998927 0.387487352
1.000000000 0.000044891 -0.000017622 0.010655724 -0.000044912 0.999999285 -0.001203681 -0.016849065 0.000017568 0.001203682 0.999999285 0.526898503
1.000000000 0.000196820 0.000060396 0.014588498 -0.000196758 0.999999464 -0.001017100 -0.023974508 -0.000060596 0.001017088 0.999999464 0.679836512
1.000000000 0.000006994 0.000126536 0.014707697 -0.000006883 0.999999642 -0.000876479 -0.028817542 -0.000126542 0.000876479 0.999999583 0.844090164
0.999999881 0.000386242 0.000287928 0.013962692 -0.000386039 0.999999702 -0.000703620 -0.028620901 -0.000288200 0.000703509 0.999999702 1.020470023
0.999999940 0.000292334 0.000036510 0.024081713 -0.000292313 0.999999821 -0.000566598 -0.036040593 -0.000036676 0.000566587 0.999999821 1.187896490
0.999999940 -0.000189926 -0.000181136 0.032293830 0.000189959 0.999999881 0.000183112 -0.048236281 0.000181101 -0.000183146 0.999999881 1.359591484
0.999999881 -0.000185576 -0.000413909 0.037166141 0.000185639 0.999999881 0.000150556 -0.051810365 0.000413881 -0.000150633 0.999999821 1.554781556
0.999999881 -0.000532131 -0.000144490 0.040244088 0.000532187 0.999999762 0.000385880 -0.060948238 0.000144284 -0.000385957 0.999999821 1.748954535
0.999999702 -0.000635915 -0.000360050 0.045484394 0.000636109 0.999999642 0.000536395 -0.064468823 0.000359709 -0.000536624 0.999999702 1.957300782
0.999999940 -0.000222771 -0.000115622 0.048568040 0.000222825 0.999999881 0.000469140 -0.072403021 0.000115517 -0.000469166 0.999999881 2.155741453
1.000000000 0.000037485 -0.000128901 0.053466491 -0.000037395 0.999999821 0.000696453 -0.077067800 0.000128927 -0.000696448 0.999999762 2.368149996
0.999999940 -0.000242240 -0.000305218 0.064470783 0.000242460 0.999999762 0.000720932 -0.083768316 0.000305043 -0.000721005 0.999999762 2.592449903
0.999999940 0.000048118 0.000033019 0.062513761 -0.000048140 0.999999762 0.000673121 -0.090904899 -0.000032987 -0.000673123 0.999999821 2.818268776
1.000000000 0.000132119 0.000137486 0.063564315 -0.000132220 0.999999702 0.000737971 -0.096963763 -0.000137388 -0.000737989 0.999999702 3.052327633
1.000000000 -0.000078010 -0.000068874 0.071128324 0.000078055 0.999999762 0.000659358 -0.104630768 0.000068822 -0.000659363 0.999999762 3.296878576
1.000000000 0.000005037 0.000017469 0.075858563 -0.000005052 0.999999583 0.000841359 -0.112068340 -0.000017465 -0.000841359 0.999999642 3.534821749
1.000000000 0.000027122 0.000077955 0.083053149 -0.000027195 0.999999523 0.000930642 -0.119502723 -0.000077930 -0.000930645 0.999999583 3.800090790
0.999999940 -0.000106804 0.000247533 0.082816459 0.000106465 0.999999166 0.001371003 -0.133412033 -0.000247680 -0.001370976 0.999999046 4.043428421
0.999999762 0.000473928 0.000499469 0.087183841 -0.000474722 0.999998689 0.001591952 -0.138372749 -0.000498714 -0.001592188 0.999998629 4.305961609
0.999999940 -0.000118246 0.000273853 0.092162609 0.000117736 0.999998212 0.001863265 -0.150406778 -0.000274073 -0.001863232 0.999998212 4.543305397
0.999999940 -0.000168765 0.000280962 0.096283272 0.000168162 0.999997675 0.002146673 -0.161445975 -0.000281324 -0.002146626 0.999997675 4.804479122
0.999999881 -0.000286107 0.000449225 0.099799849 0.000285145 0.999997675 0.002139666 -0.166148216 -0.000449836 -0.002139538 0.999997616 5.057322502
0.999999881 -0.000398913 0.000360316 0.106571689 0.000398158 0.999997675 0.002092449 -0.176407397 -0.000361150 -0.002092304 0.999997735 5.321937084
1.000000000 -0.000289486 0.000460024 0.111441545 0.000288526 0.999997795 0.002083483 -0.183107600 -0.000460627 -0.002083350 0.999997735 5.588110447
0.999999940 -0.000051853 0.000352893 0.117634162 0.000051049 0.999997318 0.002278909 -0.193870366 -0.000353010 -0.002278890 0.999997258 5.855094433
1.000000000 -0.000255929 0.000197247 0.125758097 0.000255495 0.999997497 0.002196875 -0.203915164 -0.000197808 -0.002196825 0.999997497 6.133605003
0.999999762 0.000162346 0.000612096 0.125439540 -0.000163826 0.999997079 0.002418444 -0.211713105 -0.000611702 -0.002418543 0.999996841 6.424696922
0.999999940 0.000154554 0.000579810 0.135740384 -0.000156015 0.999996841 0.002520086 -0.224638566 -0.000579419 -0.002520175 0.999996662 6.679113388
0.999999940 -0.000211495 0.000241165 0.146509051 0.000210866 0.999996603 0.002604623 -0.232864201 -0.000241715 -0.002604571 0.999996543 6.975006580
0.999999881 0.000097291 0.000493211 0.148984939 -0.000098638 0.999996305 0.002731618 -0.240488023 -0.000492944 -0.002731666 0.999996185 7.276736259
0.999999285 0.000721242 0.000966652 0.150442481 -0.000723790 0.999996305 0.002638722 -0.251832247 -0.000964746 -0.002639419 0.999996066 7.575464249
0.999999642 -0.000075427 0.000890190 0.159786567 0.000072848 0.999995887 0.002896005 -0.264330328 -0.000890405 -0.002895939 0.999995410 7.896470547
0.999999642 -0.000163491 0.000836686 0.164757580 0.000160934 0.999995291 0.003054447 -0.275653869 -0.000837182 -0.003054311 0.999994993 8.208891869
0.999999523 -0.000150678 0.000968954 0.175026238 0.000147694 0.999995291 0.003078725 -0.285761774 -0.000969413 -0.003078581 0.999994814 8.530998230
0.999999225 0.000401301 0.001191380 0.177274570 -0.000404606 0.999996006 0.002775716 -0.288987696 -0.001190261 -0.002776196 0.999995410 8.871023178
0.999998748 0.000552886 0.001451686 0.180215135 -0.000557175 0.999995470 0.002956063 -0.300241321 -0.001450045 -0.002956869 0.999994516 9.213890076
0.999999166 0.000454089 0.001187250 0.190782517 -0.000458013 0.999994338 0.003307408 -0.316791445 -0.001185742 -0.003307950 0.999993742 9.538858414
0.999999046 0.000624660 0.001237167 0.198186845 -0.000628961 0.999993682 0.003478984 -0.325558722 -0.001234986 -0.003479759 0.999993145 9.882875443
0.999998808 0.000606536 0.001386146 0.203438476 -0.000611758 0.999992669 0.003769635 -0.339623094 -0.001383849 -0.003770479 0.999991834 10.252188683
0.999999225 0.000279864 0.001235889 0.215392530 -0.000284075 0.999994159 0.003408038 -0.347761154 -0.001234928 -0.003408386 0.999993443 10.604394913
0.999999285 -0.000316231 0.001181649 0.225425348 0.000311864 0.999993145 0.003693935 -0.358427644 -0.001182809 -0.003693563 0.999992490 10.965026855
0.999999046 -0.000037453 0.001374616 0.232451513 0.000032639 0.999993920 0.003502165 -0.367826670 -0.001374739 -0.003502117 0.999992907 11.348160744
0.999999404 0.000328023 0.001034784 0.240593493 -0.000331465 0.999994397 0.003328149 -0.375382364 -0.001033687 -0.003328490 0.999993920 11.714866638
0.999999583 -0.000006350 0.000878692 0.252565950 0.000003255 0.999993742 0.003521483 -0.389516175 -0.000878709 -0.003521479 0.999993384 12.101381302
0.999998569 0.000829998 0.001432317 0.257752687 -0.000835555 0.999992073 0.003883563 -0.398405403 -0.001429082 -0.003884754 0.999991417 12.492912292
0.999998868 0.000118762 0.001447800 0.266283691 -0.000124380 0.999992490 0.003880577 -0.412427098 -0.001447328 -0.003880753 0.999991417 12.862598419
0.999999106 0.000392214 0.001217042 0.277369320 -0.000396900 0.999992549 0.003852987 -0.423439503 -0.001215522 -0.003853467 0.999991834 13.262734413
0.999998808 0.000090148 0.001503286 0.287395865 -0.000096322 0.999991536 0.004107111 -0.436366886 -0.001502903 -0.004107251 0.999990404 13.663102150
0.999999285 0.000172325 0.001153971 0.308652163 -0.000177584 0.999989569 0.004558465 -0.468575150 -0.001153174 -0.004558668 0.999988914 14.055395126
0.999999464 -0.000095446 0.001063703 0.321515620 0.000090697 0.999989986 0.004463423 -0.480264455 -0.001064118 -0.004463323 0.999989450 14.482543945
0.999998808 -0.000092217 0.001569260 0.329246491 0.000084900 0.999989092 0.004662334 -0.491742909 -0.001569673 -0.004662193 0.999987900 14.916729927
0.999998868 -0.000623783 0.001351706 0.348135322 0.000616747 0.999986291 0.005199683 -0.531827629 -0.001354931 -0.005198843 0.999985576 15.325050354
0.999998331 -0.000468928 0.001747294 0.356926322 0.000459684 0.999985933 0.005287342 -0.543040574 -0.001749749 -0.005286531 0.999984503 15.762359619
0.999997616 -0.000164527 0.002211155 0.365278333 0.000151386 0.999982357 0.005941838 -0.557090819 -0.002212093 -0.005941489 0.999979973 16.205167770
0.999997079 -0.000558955 0.002394669 0.375856847 0.000545979 0.999985158 0.005416038 -0.577796578 -0.002397660 -0.005414716 0.999982476 16.635395050
0.999996841 -0.000469006 0.002476069 0.387644291 0.000455152 0.999984205 0.005592823 -0.588279843 -0.002478653 -0.005591678 0.999981284 17.099418640
0.999995410 -0.000755790 0.002936982 0.401376992 0.000737355 0.999979973 0.006272895 -0.604656935 -0.002941664 -0.006270700 0.999975979 17.552444458
0.999994814 -0.000500129 0.003173945 0.409786552 0.000481786 0.999983191 0.005777571 -0.616491020 -0.003176782 -0.005776014 0.999978185 18.012092590
0.999992788 0.000347667 0.003768543 0.417092919 -0.000368930 0.999984026 0.005643085 -0.624067903 -0.003766521 -0.005644435 0.999976873 18.486070633
0.999994755 -0.000862864 0.003096453 0.440060705 0.000845016 0.999983132 0.005760718 -0.640025675 -0.003101371 -0.005758072 0.999978602 18.951654434
0.999993742 -0.000358289 0.003499229 0.450341105 0.000336697 0.999980927 0.006169118 -0.660238385 -0.003501372 -0.006167900 0.999974847 19.420251846
0.999994278 -0.000200789 0.003353077 0.471712530 0.000179609 0.999980032 0.006315781 -0.689514756 -0.003354278 -0.006315142 0.999974430 19.884088516
0.999995232 -0.000553007 0.003058645 0.487027198 0.000533403 0.999979317 0.006406448 -0.699136257 -0.003062125 -0.006404785 0.999974847 20.376579285
0.999996305 -0.000547750 0.002642610 0.496093810 0.000530618 0.999978900 0.006479285 -0.710808992 -0.002646104 -0.006477859 0.999975562 20.870840073
0.999997675 -0.000695329 0.002031561 0.508966088 0.000681394 0.999976218 0.006851883 -0.739419103 -0.002036278 -0.006850482 0.999974489 21.340684891
0.999998271 -0.000494356 0.001768604 0.510699630 0.000482806 0.999978483 0.006525645 -0.748531163 -0.001771792 -0.006524779 0.999977171 21.848619461
0.999997914 -0.001009240 0.001774004 0.526946843 0.000996438 0.999973595 0.007202192 -0.764533281 -0.001781225 -0.007200411 0.999972463 22.324262619
0.999998748 -0.000432324 0.001555251 0.525457978 0.000421787 0.999977052 0.006769228 -0.770044088 -0.001558142 -0.006768563 0.999975860 22.853910446
0.999999046 -0.001248568 0.000556453 0.550285459 0.001244362 0.999971092 0.007495638 -0.794845223 -0.000565796 -0.007494939 0.999971688 23.336723328
0.999998271 -0.001846040 0.000093264 0.558612227 0.001845291 0.999970317 0.007478309 -0.809411466 -0.000107066 -0.007478124 0.999972045 23.857706070
0.999999166 -0.001213391 -0.000199958 0.560741901 0.001214821 0.999972522 0.007314881 -0.812864363 0.000191077 -0.007315119 0.999973178 24.363843918
0.999997318 -0.002077430 -0.000965032 0.577963829 0.002084994 0.999966562 0.007904081 -0.829490423 0.000948580 -0.007906072 0.999968290 24.894943237
0.999998391 -0.000773044 -0.001608670 0.579480886 0.000785894 0.999967694 0.008003184 -0.842406750 0.001602431 -0.008004435 0.999966681 25.421304703
0.999998689 -0.000599120 -0.001464619 0.584832072 0.000610152 0.999971449 0.007543305 -0.852869689 0.001460058 -0.007544189 0.999970496 25.973196030
0.999994695 -0.001858108 -0.002643456 0.595174491 0.001880458 0.999962211 0.008477682 -0.869059026 0.002627603 -0.008482608 0.999960542 26.492969513
0.999991715 -0.002209384 -0.003419185 0.619651437 0.002238980 0.999959767 0.008676543 -0.888471842 0.003399877 -0.008684128 0.999956489 27.044702530
0.999994516 -0.000601763 -0.003252982 0.607968450 0.000628917 0.999964833 0.008352768 -0.891105175 0.003247841 -0.008354769 0.999959767 27.553701401
0.999992311 -0.000439663 -0.003890845 0.619941950 0.000472340 0.999964595 0.008401463 -0.902958095 0.003887014 -0.008403236 0.999957085 28.090764999
0.999992311 0.000150248 -0.003915328 0.625446022 -0.000116700 0.999963224 0.008567026 -0.918817759 0.003916471 -0.008566504 0.999955654 28.642660141
0.999988973 -0.000918756 -0.004610643 0.639613748 0.000957493 0.999964118 0.008406552 -0.930358052 0.004602754 -0.008410873 0.999954045 29.149023056
0.999987721 -0.001276024 -0.004792936 0.643920183 0.001318528 0.999959707 0.008875355 -0.945210695 0.004781418 -0.008881564 0.999949098 29.672933578
0.999986351 -0.000956696 -0.005128678 0.656389117 0.001000664 0.999962687 0.008577150 -0.956512690 0.005120281 -0.008582165 0.999950051 30.222671509
0.999988139 -0.000510938 -0.004847330 0.652443230 0.000553182 0.999961853 0.008717741 -0.967392325 0.004842692 -0.008720320 0.999950171 30.739730835
0.999983788 -0.000814762 -0.005620521 0.671643853 0.000862845 0.999962986 0.008557790 -0.985521019 0.005613341 -0.008562502 0.999947548 31.271732330
0.999978364 -0.001064156 -0.006497515 0.684227169 0.001119849 0.999962628 0.008573905 -1.004846573 0.006488149 -0.008580995 0.999942064 31.824943542
0.999981642 -0.001117977 -0.005954736 0.684218168 0.001172482 0.999957383 0.009157684 -1.017109752 0.005944245 -0.009164499 0.999940336 32.336013794
0.999983370 -0.000450512 -0.005741531 0.686838031 0.000504493 0.999955654 0.009403799 -1.032922268 0.005737040 -0.009406540 0.999939263 32.881210327
0.999980271 -0.000744961 -0.006230495 0.695928335 0.000803553 0.999955475 0.009406922 -1.042360783 0.006223210 -0.009411744 0.999936342 33.414951324
0.999978542 -0.001082063 -0.006460887 0.706560373 0.001142180 0.999956071 0.009308257 -1.048750401 0.006450531 -0.009315437 0.999935806 33.975040436
0.999977529 -0.000557284 -0.006673576 0.719652653 0.000619580 0.999956191 0.009336304 -1.062998533 0.006668081 -0.009340229 0.999934196 34.511955261
0.999978125 -0.000607328 -0.006593454 0.721373081 0.000666937 0.999958873 0.009042086 -1.067363024 0.006587692 -0.009046284 0.999937356 35.049121857
0.999978542 -0.000672573 -0.006511259 0.710049033 0.000732103 0.999957919 0.009144552 -1.083798766 0.006504835 -0.009149124 0.999936938 35.538459778
0.999979436 -0.000422281 -0.006401569 0.717513680 0.000483111 0.999954641 0.009503757 -1.099709511 0.006397267 -0.009506654 0.999934316 36.084747314
0.999976814 -0.000692842 -0.006777574 0.729678512 0.000758332 0.999953032 0.009665072 -1.116868734 0.006770559 -0.009669989 0.999930322 36.607604980
0.999972582 -0.001333560 -0.007295404 0.739987254 0.001407429 0.999947727 0.010129630 -1.134449005 0.007281514 -0.010139619 0.999922097 37.141731262
0.999974251 -0.000864450 -0.007127943 0.745057344 0.000935729 0.999949574 0.010002658 -1.146059752 0.007118938 -0.010009071 0.999924541 37.703544617
0.999974072 -0.000382193 -0.007195055 0.745843470 0.000454047 0.999949992 0.009987626 -1.154911041 0.007190878 -0.009990634 0.999924242 38.239604950
0.999971092 -0.000476053 -0.007591589 0.755046248 0.000551022 0.999951065 0.009876249 -1.166345119 0.007586516 -0.009880147 0.999922454 38.782745361
0.999970555 -0.000478344 -0.007661447 0.760793805 0.000556850 0.999947309 0.010248066 -1.185391068 0.007656142 -0.010252031 0.999918163 39.322982788
0.999971390 0.000125172 -0.007570720 0.768786311 -0.000050822 0.999951780 0.009820182 -1.190622807 0.007571584 -0.009819517 0.999923170 39.884151459
0.999972582 -0.000191046 -0.007412297 0.773127437 0.000260472 0.999956071 0.009366532 -1.189647555 0.007410182 -0.009368205 0.999928653 40.419296265
0.999974906 -0.000313471 -0.007081295 0.755236030 0.000385335 0.999948442 0.010149288 -1.221408486 0.007077749 -0.010151762 0.999923408 40.892620087
0.999972224 -0.000546123 -0.007446640 0.773097157 0.000622576 0.999947131 0.010268210 -1.237264633 0.007440639 -0.010272560 0.999919534 41.431766510
0.999969840 -0.001030754 -0.007693997 0.786153913 0.001112690 0.999942660 0.010652755 -1.248944044 0.007682576 -0.010660996 0.999913633 41.980861664
0.999969780 -0.001146242 -0.007697570 0.786557794 0.001228050 0.999942780 0.010631445 -1.253776193 0.007684943 -0.010640576 0.999913871 42.519981384
0.999964595 -0.001399451 -0.008299418 0.792272687 0.001484248 0.999946594 0.010219860 -1.267946601 0.008284674 -0.010231817 0.999913335 43.038478851
0.999966383 -0.001162147 -0.008119836 0.797027826 0.001244849 0.999947309 0.010187566 -1.278762460 0.008107569 -0.010197331 0.999915123 43.570541382
0.999965012 -0.001152597 -0.008288548 0.806776583 0.001239254 0.999944568 0.010457505 -1.291571140 0.008276035 -0.010467409 0.999910951 44.095233917
0.999965489 -0.000742768 -0.008279994 0.810944080 0.000827832 0.999946892 0.010274734 -1.302902460 0.008271921 -0.010281233 0.999912918 44.642383575
0.999962986 -0.001614540 -0.008446623 0.827372134 0.001706383 0.999939382 0.010877469 -1.318317890 0.008428548 -0.010891479 0.999905109 45.156738281
0.999961376 -0.001438856 -0.008676068 0.840437293 0.001527235 0.999946952 0.010188459 -1.318343639 0.008660947 -0.010201314 0.999910414 45.699073792
0.999961495 -0.001081743 -0.008715877 0.854095936 0.001172361 0.999945283 0.010398458 -1.335406423 0.008704150 -0.010408275 0.999907970 46.268787384
0.999962211 -0.001324785 -0.008589224 0.840630710 0.001421118 0.999935985 0.011219220 -1.357066512 0.008573812 -0.011231002 0.999900162 46.737174988
0.999958754 -0.002011963 -0.008852016 0.867505968 0.002113816 0.999931455 0.011511981 -1.370930552 0.008828247 -0.011530217 0.999894619 47.302532196
0.999960184 -0.001702918 -0.008756264 0.854322553 0.001801528 0.999934912 0.011266207 -1.382944822 0.008736509 -0.011281533 0.999898195 47.796218872
0.999962747 -0.001803745 -0.008435470 0.864521146 0.001899317 0.999933958 0.011335601 -1.397026539 0.008414467 -0.011351201 0.999900162 48.340816498
0.999961734 -0.001621673 -0.008590246 0.855271697 0.001717370 0.999936402 0.011144538 -1.415790200 0.008571626 -0.011158864 0.999900937 48.840187073
0.999960721 -0.001578908 -0.008713023 0.880309105 0.001681733 0.999928892 0.011806675 -1.414943695 0.008693762 -0.011820864 0.999892354 49.432380676
0.999963939 -0.001108152 -0.008419686 0.852593422 0.001207034 0.999930203 0.011748143 -1.438754559 0.008406080 -0.011757880 0.999895453 49.853599548
0.999965250 -0.000608988 -0.008304024 0.858700514 0.000706190 0.999931216 0.011707503 -1.444889784 0.008296322 -0.011712959 0.999896944 50.403732300
0.999962032 -0.001313966 -0.008607992 0.865349770 0.001416235 0.999928355 0.011885405 -1.459111452 0.008591758 -0.011897147 0.999892294 50.899078369
0.999961495 -0.001204726 -0.008687294 0.889602661 0.001307085 0.999929667 0.011786530 -1.465154529 0.008672483 -0.011797431 0.999892831 51.479614258
0.999962747 -0.001468400 -0.008495983 0.865883589 0.001569558 0.999927819 0.011912165 -1.470866442 0.008477877 -0.011925056 0.999892950 51.963073730
0.999962509 -0.001283615 -0.008568821 0.872170269 0.001384128 0.999930203 0.011734604 -1.478835225 0.008553160 -0.011746022 0.999894440 52.509677887
0.999962270 -0.001006345 -0.008628679 0.878090620 0.001106963 0.999931335 0.011664004 -1.492079496 0.008616349 -0.011673119 0.999894679 53.036697388
0.999963880 -0.000882521 -0.008454209 0.887245059 0.000978658 0.999934912 0.011374123 -1.490655184 0.008443619 -0.011381986 0.999899566 53.636260986
0.999968946 -0.000476691 -0.007861450 0.870069385 0.000568842 0.999931097 0.011723836 -1.505120516 0.007855320 -0.011727946 0.999900341 54.084316254
0.999968410 -0.000421945 -0.007935924 0.872671247 0.000517203 0.999927819 0.012005089 -1.514129639 0.007930286 -0.012008815 0.999896407 54.613098145
0.999965131 -0.000915149 -0.008301755 0.880827606 0.001017354 0.999923646 0.012315384 -1.521517873 0.008289852 -0.012323401 0.999889731 55.159576416
0.999966741 -0.001014897 -0.008092317 0.890585184 0.001116143 0.999921083 0.012516675 -1.535577059 0.008078975 -0.012525290 0.999888957 55.710586548
0.999970615 -0.000764731 -0.007625434 0.881068349 0.000857780 0.999925077 0.012206674 -1.542253494 0.007615528 -0.012212858 0.999896407 56.144439697
0.999966800 -0.000887342 -0.008107584 0.910371184 0.000984620 0.999927461 0.012002221 -1.535916209 0.008096347 -0.012009804 0.999895096 56.855648041
0.999965250 -0.001039075 -0.008264304 0.908204675 0.001144368 0.999918103 0.012746189 -1.570970774 0.008250384 -0.012755204 0.999884605 57.212963104
0.999968410 -0.001144147 -0.007868156 0.901681542 0.001244166 0.999918461 0.012718768 -1.584817648 0.007852960 -0.012728154 0.999888122 57.726860046
0.999962807 -0.001416876 -0.008505318 0.914000034 0.001524925 0.999918103 0.012710622 -1.575365782 0.008486611 -0.012723121 0.999882996 58.338691711
0.999964416 -0.001546421 -0.008290864 0.937126100 0.001651938 0.999917686 0.012735249 -1.615579844 0.008270488 -0.012748497 0.999884546 58.737480164
0.999966919 -0.001147681 -0.008049311 0.943082094 0.001250654 0.999917388 0.012799357 -1.620524883 0.008033957 -0.012809004 0.999885678 59.295555115
0.999964356 -0.001447584 -0.008321097 0.954986691 0.001550402 0.999922395 0.012363232 -1.630423784 0.008302555 -0.012375694 0.999888957 59.842147827
0.999966502 -0.001234859 -0.008089289 0.968820870 0.001343565 0.999908686 0.013446612 -1.647042036 0.008071946 -0.013457030 0.999876857 60.376628876
0.999962211 -0.001679561 -0.008529311 0.967071950 0.001788078 0.999917388 0.012731100 -1.649352312 0.008507221 -0.012745870 0.999882638 60.935741425
0.999964118 -0.001540333 -0.008325675 0.968558788 0.001642038 0.999923944 0.012222879 -1.657068491 0.008306215 -0.012236111 0.999890685 61.441276550
0.999964535 -0.001335254 -0.008321209 0.970052719 0.001436490 0.999924898 0.012171997 -1.664967537 0.008304331 -0.012183519 0.999891341 61.991626740
0.999971092 0.000302918 -0.007602134 0.959306538 -0.000205774 0.999918401 0.012776135 -1.692844391 0.007605384 -0.012774203 0.999889493 62.680263519
0.999972582 0.000188123 -0.007397290 0.934356332 -0.000096315 0.999923050 0.012409438 -1.706886888 0.007399056 -0.012408388 0.999895632 63.276512146
0.999968410 -0.001091884 -0.007872346 0.938557327 0.001190349 0.999920964 0.012513800 -1.676198721 0.007858060 -0.012522775 0.999890685 63.575950623
0.999968469 -0.001071159 -0.007862825 0.946836770 0.001169994 0.999920189 0.012576064 -1.690000415 0.007848729 -0.012584868 0.999889910 64.117073059
0.999972761 -0.000516494 -0.007365951 0.960972190 0.000610261 0.999918759 0.012733270 -1.687122107 0.007358776 -0.012737419 0.999891818 64.613433838
0.999968946 -0.001391051 -0.007766217 0.962627828 0.001485102 0.999925435 0.012117641 -1.702003002 0.007748784 -0.012128798 0.999896407 65.213806152
0.999971211 -0.000141040 -0.007589283 0.972959995 0.000235338 0.999922812 0.012425673 -1.702214599 0.007586946 -0.012427101 0.999893963 65.703262329
0.999967158 -0.001377610 -0.007998315 0.989224851 0.001476723 0.999922097 0.012398999 -1.714827538 0.007980609 -0.012410404 0.999891102 66.214981079
0.999964893 -0.001839530 -0.008176630 0.981721640 0.001943991 0.999916375 0.012786060 -1.715783834 0.008152426 -0.012801506 0.999884844 66.563682556
0.999968529 -0.001220364 -0.007831315 1.008697033 0.001311747 0.999930978 0.011674368 -1.716978550 0.007816525 -0.011684274 0.999901235 67.312652588
0.999970138 -0.000841011 -0.007678023 0.987520397 0.000938510 0.999918938 0.012703621 -1.731033921 0.007666714 -0.012710447 0.999889851 67.669578552
0.999964654 -0.001689956 -0.008238941 1.002539396 0.001791077 0.999922991 0.012281698 -1.734840274 0.008217552 -0.012296021 0.999890685 68.203186035
0.999970734 -0.001014294 -0.007586362 0.975269318 0.001113259 0.999914110 0.013052354 -1.707363844 0.007572473 -0.013060417 0.999885976 68.359169006
0.999956429 -0.002396482 -0.009023339 1.010395288 0.002499188 0.999931991 0.011388270 -1.731114626 0.008995433 -0.011410326 0.999894440 69.294708252
0.999970496 -0.000978407 -0.007628468 0.997935295 0.001074515 0.999920011 0.012604718 -1.720653534 0.007615525 -0.012612546 0.999891460 69.441566467
0.999971926 -0.000499326 -0.007479270 1.014092445 0.000597269 0.999914050 0.013098766 -1.804553270 0.007472087 -0.013102867 0.999886215 70.154777527
0.999966264 -0.001272406 -0.008123726 1.005022526 0.001376828 0.999916315 0.012861374 -1.744247913 0.008106681 -0.012872124 0.999884248 70.488906860
0.999974191 0.000084151 -0.007194707 1.019499421 0.000008832 0.999916553 0.012922798 -1.814684391 0.007195193 -0.012922527 0.999890566 71.277900696
0.999972701 -0.000850184 -0.007336240 1.010484815 0.000946242 0.999913752 0.013100160 -1.817153931 0.007324468 -0.013106745 0.999887288 71.568771362
0.999971390 -0.000436265 -0.007559162 1.040431261 0.000528271 0.999925792 0.012173659 -1.821903467 0.007553291 -0.012177304 0.999897301 72.384735107
0.999971688 -0.000695888 -0.007495385 1.063013434 0.000800042 0.999902964 0.013901822 -1.872529864 0.007484982 -0.013907424 0.999875247 72.401580811
0.999974370 -0.000091409 -0.007170078 1.062473297 0.000189379 0.999906540 0.013664310 -1.880739689 0.007168160 -0.013665316 0.999880850 72.953063965
0.999973059 -0.000294792 -0.007335127 1.076717973 0.000394137 0.999908090 0.013546089 -1.889982581 0.007330460 -0.013548614 0.999881268 73.463287354
0.999969184 -0.000949380 -0.007794487 1.087619066 0.001053515 0.999910116 0.013366893 -1.894394040 0.007781095 -0.013374694 0.999880195 74.013153076
0.999971569 -0.001020795 -0.007468769 1.069732666 0.001111312 0.999925852 0.012125280 -1.863529325 0.007455838 -0.012133236 0.999898612 74.821472168
0.999973118 -0.000453052 -0.007315771 1.108872890 0.000541903 0.999926090 0.012147615 -1.868563175 0.007309726 -0.012151254 0.999899447 75.161598206
0.999973595 -0.000759037 -0.007223770 1.050705194 0.000848801 0.999922335 0.012431399 -1.885957718 0.007213773 -0.012437199 0.999896646 75.977645874
0.999976516 -0.000715235 -0.006828262 1.057188869 0.000799825 0.999922931 0.012393641 -1.892668247 0.006818872 -0.012398809 0.999899924 76.526885986
0.999973655 -0.001137087 -0.007173091 1.085315228 0.001224146 0.999925435 0.012144212 -1.901914120 0.007158747 -0.012152669 0.999900520 77.083747864
0.999974430 -0.000867794 -0.007101071 1.104618073 0.000953686 0.999926329 0.012101167 -1.918329835 0.007090048 -0.012107628 0.999901593 77.617439270
0.999974847 -0.001136493 -0.006997993 1.092960835 0.001220542 0.999927044 0.012017932 -1.926771879 0.006983824 -0.012026173 0.999903321 78.189811707
0.999977112 -0.001307168 -0.006652525 1.102575541 0.001385912 0.999928832 0.011845899 -1.923065901 0.006636568 -0.011854843 0.999907732 78.794349670
0.999984443 -0.001205356 -0.005448041 1.111429214 0.001268626 0.999931633 0.011624819 -1.938267469 0.005433656 -0.011631549 0.999917567 79.387924194
0.999991596 -0.000744499 -0.004026019 1.119982481 0.000791564 0.999931216 0.011701173 -1.944279671 0.004017031 -0.011704263 0.999923348 79.930381775
0.999992132 -0.002239796 -0.003272718 1.157497168 0.002277208 0.999931514 0.011472738 -1.956060648 0.003246797 -0.011480100 0.999928832 80.472183228
0.999998629 -0.001530309 0.000642233 1.165315747 0.001522938 0.999934614 0.011326302 -1.963259935 -0.000659524 -0.011325309 0.999935627 81.016937256
0.999988616 -0.001982673 0.004341785 1.185954094 0.001931777 0.999929667 0.011695366 -1.975171924 -0.004364669 -0.011686846 0.999922097 81.616523743
0.999970317 -0.001728343 0.007507054 1.215262413 0.001638196 0.999926567 0.011997950 -1.989494324 -0.007527241 -0.011985295 0.999899864 82.096290588
0.999928713 -0.002118527 0.011751815 1.231386542 0.001985806 0.999934256 0.011293815 -1.991583228 -0.011774969 -0.011269673 0.999867082 82.755134583
0.999836326 -0.001997732 0.017974716 1.255155206 0.001795819 0.999935210 0.011242312 -1.996265292 -0.017996008 -0.011208194 0.999775231 83.333862305
0.999720991 -0.002148992 0.023521639 1.286791563 0.001891625 0.999938190 0.010958500 -2.005638838 -0.023543734 -0.010910947 0.999663234 83.880851746
0.999569774 -0.002319475 0.029238112 1.316020966 0.002007705 0.999940872 0.010687966 -2.016168118 -0.029261172 -0.010624666 0.999515295 84.453414917
0.999310255 -0.001823883 0.037089072 1.359581232 0.001423162 0.999940395 0.010827823 -2.013614655 -0.037106603 -0.010767571 0.999253273 84.991226196
0.998979270 -0.002260458 0.045112517 1.403451204 0.001771487 0.999939263 0.010875950 -2.035838127 -0.045134358 -0.010784934 0.998922706 85.561317444
0.998645306 -0.002546775 0.051971149 1.452176809 0.001971216 0.999936223 0.011122833 -2.044682503 -0.051996164 -0.011005319 0.998586655 86.126403809
0.998152375 -0.002782254 0.060697123 1.510262012 0.002116960 0.999936998 0.011022433 -2.054845333 -0.060723960 -0.010873573 0.998095512 86.678131104
0.997500420 -0.002826588 0.070604026 1.566691875 0.002025488 0.999932706 0.011415400 -2.073768139 -0.070631534 -0.011243857 0.997439086 87.207679749
0.996830165 -0.002677353 0.079514071 1.628466129 0.001777076 0.999933660 0.011390842 -2.079118252 -0.079539284 -0.011213434 0.996768653 87.791213989
0.996185601 -0.002936658 0.087211199 1.699909210 0.001981765 0.999937117 0.011033759 -2.085576534 -0.087238133 -0.010818839 0.996128738 88.336387634
0.995173872 -0.003259718 0.098073132 1.767745495 0.002176065 0.999935389 0.011154381 -2.095104694 -0.098103158 -0.010887136 0.995116711 88.891517639
0.994078159 -0.003741081 0.108603068 1.852382660 0.002510389 0.999931097 0.011466526 -2.106086731 -0.108638465 -0.011125987 0.994019032 89.424201965
0.993049145 -0.004161980 0.117626913 1.945973396 0.002867319 0.999933481 0.011173582 -2.117268324 -0.117665574 -0.010758642 0.992995143 89.971145630
0.991705954 -0.004562465 0.128446549 2.042948723 0.003150923 0.999932408 0.011190395 -2.123719692 -0.128488913 -0.010692856 0.991653323 90.517395020
0.990064085 -0.004638378 0.140540555 2.142170906 0.003052026 0.999929190 0.011500942 -2.139569759 -0.140583962 -0.010957735 0.990008116 91.048858643
0.988469124 -0.004667245 0.151350304 2.247944832 0.002983009 0.999931097 0.011353195 -2.145110130 -0.151392907 -0.010770805 0.988415003 91.607330322
0.986880958 -0.005508592 0.161355451 2.366797447 0.003747331 0.999930024 0.011217700 -2.152126312 -0.161405951 -0.010465884 0.986832619 92.155838013
0.984650075 -0.005924913 0.174439460 2.490517616 0.004053499 0.999930382 0.011082483 -2.162554741 -0.174492970 -0.010205278 0.984605491 92.692764282
0.982373774 -0.006320068 0.186819971 2.610456467 0.004263557 0.999925852 0.011407733 -2.171117783 -0.186878204 -0.010410138 0.982327938 93.238029480
0.980361104 -0.006550026 0.197102144 2.737507820 0.004402249 0.999926031 0.011332946 -2.177483559 -0.197161809 -0.010242686 0.980317473 93.796531677
0.977551281 -0.006447107 0.210598603 2.870641708 0.004111564 0.999925137 0.011525996 -2.187893391 -0.210657135 -0.010401362 0.977504671 94.335960388
0.974657893 -0.006916713 0.223593086 3.029308319 0.004452571 0.999923706 0.011522940 -2.199410439 -0.223655716 -0.010235361 0.974614382 94.880249023
0.972048879 -0.007830867 0.234647900 3.181907654 0.005232061 0.999917924 0.011695844 -2.208941221 -0.234720230 -0.010141241 0.972010076 95.419387817
0.969060242 -0.007985358 0.246695101 3.344821930 0.005322092 0.999920189 0.011460678 -2.217293739 -0.246766940 -0.009793151 0.969025373 95.960502625
0.965275764 -0.007926109 0.261112809 3.509082794 0.005057622 0.999919295 0.011655768 -2.230751038 -0.261184096 -0.009930422 0.965237975 96.479286194
0.962052107 -0.008492146 0.272733629 3.696107864 0.005541818 0.999917507 0.011586132 -2.236312389 -0.272809505 -0.009635024 0.962019801 97.042053223
0.958612323 -0.008770818 0.284579188 3.872055054 0.005592727 0.999912620 0.011978370 -2.242609501 -0.284659386 -0.009891039 0.958577693 97.581054688
0.954488158 -0.009001383 0.298112929 4.061870575 0.005625746 0.999910057 0.012179493 -2.251287699 -0.298195660 -0.009948076 0.954452991 98.104408264
0.949866056 -0.008882493 0.312530994 4.256870270 0.005313817 0.999910533 0.012268496 -2.261997700 -0.312612057 -0.009992695 0.949828327 98.650207520
0.946269631 -0.009721689 0.323232591 4.462774277 0.006071307 0.999905944 0.012299755 -2.271243572 -0.323321700 -0.009676441 0.946239650 99.160591125
0.941606581 -0.009811400 0.336571962 4.671749115 0.005947969 0.999904037 0.012507909 -2.279460430 -0.336662441 -0.009775609 0.941574633 99.694572449
0.936551034 -0.010055410 0.350386918 4.887304306 0.006033601 0.999902844 0.012567980 -2.286473751 -0.350479275 -0.009656462 0.936520696 100.195220947
0.931784153 -0.010443359 0.362862617 5.109117508 0.006305995 0.999900937 0.012584645 -2.293392658 -0.362958074 -0.009437964 0.931757629 100.714714050
0.927467465 -0.010609184 0.373753369 5.337652206 0.006285668 0.999898493 0.012784783 -2.305503368 -0.373851061 -0.009508180 0.927439988 101.234008789
0.921876431 -0.010424089 0.387343705 5.570735931 0.005904100 0.999900043 0.012857298 -2.312409639 -0.387438983 -0.009565925 0.921845734 101.732360840
0.916355431 -0.011173474 0.400209785 5.816055298 0.006504842 0.999894023 0.013022025 -2.318833351 -0.400312960 -0.009329502 0.916330993 102.237915039
0.911433220 -0.011927416 0.411275059 6.066589355 0.007272424 0.999890566 0.012881360 -2.326155663 -0.411383688 -0.008749533 0.911420286 102.728523254
0.904993117 -0.012104311 0.425253987 6.334701538 0.007316360 0.999890149 0.012890473 -2.330578327 -0.425363302 -0.008554478 0.904982269 103.253067017
0.898216188 -0.012305962 0.439381599 6.600502014 0.007389976 0.999889433 0.012897231 -2.336999655 -0.439491808 -0.008337481 0.898207903 103.749160767
0.892468274 -0.012818815 0.450927824 6.875808716 0.007953295 0.999887943 0.012683438 -2.344419479 -0.451039821 -0.007733206 0.892470360 104.231536865
0.886816204 -0.013586848 0.461922467 7.159950256 0.008564197 0.999879241 0.012968277 -2.351697922 -0.462042928 -0.007544481 0.886825502 104.723640442
0.879623592 -0.014163902 0.475459516 7.448066711 0.009053838 0.999874055 0.013036120 -2.360194206 -0.475584239 -0.007162146 0.879640937 105.206359863
