1.000000000 0.000000000 0.000000000 0.000000000 0.000000000 1.000000000 0.000000000 0.000000000 0.000000000 0.000000000 1.000000000 0.000000000
1.000000000 0.000014228 -0.000033783 0.000101822 -0.000014231 1.000000000 -0.000089584 0.000870725 0.000033782 0.000089585 1.000000000 0.000170685
1.000000000 -0.000109432 -0.000063860 0.000020784 0.000109433 1.000000000 0.000015361 0.000316286 0.000063858 -0.000015368 1.000000000 0.001226279
1.000000000 -0.000102180 -0.000090481 -0.001367142 0.000102179 1.000000000 -0.000005670 0.000690349 0.000090482 0.000005660 1.000000000 -0.000300152
1.000000000 -0.000010678 -0.000009897 -0.000945916 0.000010678 1.000000000 0.000004021 0.000346309 0.000009897 -0.000004021 1.000000000 0.000300110
1.000000000 -0.000152656 -0.000017422 -0.000326594 0.000152656 1.000000000 -0.000041653 0.000379591 0.000017428 0.000041650 1.000000000 -0.000759911
1.000000000 0.000005902 -0.000081357 0.000497846 -0.000005906 1.000000000 -0.000041617 0.000871751 0.000081357 0.000041618 1.000000000 -0.002365420
1.000000000 -0.000007592 0.000007276 -0.000346812 0.000007592 1.000000000 -0.000039354 0.001401404 -0.000007275 0.000039354 1.000000000 0.001935117
1.000000000 0.000046861 0.000016613 -0.001182293 -0.000046860 1.000000000 -0.000045918 0.002012796 -0.000016615 0.000045917 1.000000000 0.001609947
1.000000000 -0.000063967 -0.000060740 -0.000685377 0.000063968 1.000000000 0.000004113 0.001341300 0.000060740 -0.000004117 1.000000000 0.001785129
1.000000000 -0.000039504 -0.000048073 -0.001070789 0.000039501 1.000000000 -0.000051577 0.001690041 0.000048075 0.000051575 1.000000000 0.001953640
1.000000000 -0.000027708 -0.000032211 -0.001719143 0.000027709 1.000000000 0.000014461 0.001518119 0.000032210 -0.000014462 1.000000000 0.001795145
1.000000000 -0.000104168 -0.000075257 -0.000290921 0.000104166 1.000000000 -0.000022832 0.001115716 0.000075259 0.000022824 1.000000000 0.000169517
1.000000000 -0.000095124 -0.000080934 0.000812447 0.000095127 1.000000000 0.000037453 0.000456662 0.000080930 -0.000037461 1.000000000 -0.002456130
1.000000000 -0.000097237 -0.000045412 0.000575003 0.000097238 1.000000000 0.000022528 0.000803923 0.000045410 -0.000022532 1.000000000 -0.001634263
1.000000000 -0.000002795 -0.000050255 0.000082477 0.000002794 1.000000000 -0.000030953 0.002012635 0.000050256 0.000030953 1.000000000 0.001080319
1.000000000 -0.000055951 -0.000057169 0.000007070 0.000055952 1.000000000 0.000033208 0.000953364 0.000057168 -0.000033211 1.000000000 -0.000759928
1.000000000 -0.000049722 -0.000111738 -0.000197043 0.000049720 1.000000000 -0.000024009 0.000863910 0.000111739 0.000024003 1.000000000 -0.001813003
1.000000000 -0.000110408 -0.000074924 -0.000623548 0.000110409 1.000000000 0.000008430 0.001534636 0.000074923 -0.000008438 1.000000000 0.002448156
1.000000000 -0.000101379 -0.000034456 -0.001938906 0.000101380 1.000000000 0.000022062 0.000597389 0.000034454 -0.000022066 1.000000000 0.000964759
1.000000000 -0.000147610 -0.000132559 0.001477042 0.000147619 1.000000000 0.000067482 0.000187388 0.000132549 -0.000067502 1.000000000 -0.001000139
1.000000000 -0.000050680 -0.000057675 0.000345414 0.000050682 1.000000000 0.000031270 0.000721872 0.000057674 -0.000031273 1.000000000 -0.000410743
0.999999940 -0.000209977 -0.000134550 0.000250745 0.000209983 1.000000000 0.000044495 0.000668737 0.000134541 -0.000044524 1.000000000 -0.001359226
0.999999940 -0.000208168 -0.000146569 0.001386464 0.000208174 1.000000000 0.000040262 0.000847142 0.000146561 -0.000040292 1.000000000 -0.001654180
1.000000000 -0.000199384 -0.000107547 0.000908531 0.000199383 1.000000000 -0.000005279 0.001900184 0.000107548 0.000005257 1.000000000 0.000219552
1.000000000 -0.000157661 -0.000098118 0.001003249 0.000157665 1.000000000 0.000035475 0.000907509 0.000098112 -0.000035490 1.000000000 -0.001380949
0.999999940 -0.000283076 -0.000079303 -0.000819665 0.000283075 0.999999940 -0.000003431 0.001101016 0.000079304 0.000003409 1.000000000 -0.000738124
1.000000000 -0.000147262 -0.000174535 0.001556147 0.000147274 1.000000000 0.000065575 0.000572514 0.000174525 -0.000065601 1.000000000 -0.002340105
1.000000000 -0.000141987 -0.000136182 0.001778878 0.000141992 1.000000000 0.000041634 0.000738388 0.000136176 -0.000041654 1.000000000 -0.001424778
1.000000000 -0.000179826 -0.000160170 0.000788182 0.000179829 1.000000000 0.000020576 0.001344208 0.000160166 -0.000020605 1.000000000 -0.000685071
1.000000000 -0.000195492 -0.000129293 0.000612870 0.000195498 1.000000000 0.000044162 0.001016229 0.000129284 -0.000044188 1.000000000 -0.002103838
1.000000000 -0.000167123 -0.000121674 0.001199739 0.000167118 1.000000000 -0.000035094 0.000870231 0.000121680 0.000035074 1.000000000 -0.002620364
1.000000000 -0.000086382 -0.000051522 -0.000378214 0.000086383 1.000000000 0.000020676 0.000910633 0.000051520 -0.000020681 1.000000000 -0.000024200
1.000000000 -0.000162844 -0.000095130 0.000753227 0.000162848 1.000000000 0.000035316 -0.000028614 0.000095124 -0.000035332 1.000000000 -0.002464968
0.999999940 -0.000212974 -0.000148548 0.001419995 0.000212973 1.000000000 -0.000010631 0.001079106 0.000148550 0.000010600 1.000000000 -0.002675258
0.999999940 -0.000215159 -0.000131237 0.002263650 0.000215175 0.999999940 0.000125202 0.000241611 0.000131210 -0.000125230 1.000000000 -0.002675793
1.000000000 -0.000202220 -0.000120736 0.000367470 0.000202225 1.000000000 0.000037025 0.000580917 0.000120729 -0.000037049 1.000000000 -0.001713241
0.999999940 -0.000227045 -0.000139511 0.000763321 0.000227053 1.000000000 0.000060938 0.000788646 0.000139498 -0.000060970 1.000000000 -0.002051126
0.999999940 -0.000228828 -0.000194549 0.001721685 0.000228824 1.000000000 -0.000021737 0.000353486 0.000194554 0.000021693 1.000000000 0.001534582
0.999999940 -0.000247480 -0.000080817 0.001217064 0.000247436 0.999999821 -0.000537098 -0.001867602 0.000080950 0.000537078 0.999999881 0.051640939
1.000000000 -0.000092528 -0.000105952 0.001303373 0.000092403 0.999999285 -0.001174648 -0.002336959 0.000106061 0.001174638 0.999999285 0.144078404
1.000000000 -0.000232936 -0.000058141 0.002728807 0.000232848 0.999998808 -0.001522416 -0.006692324 0.000058495 0.001522403 0.999998868 0.260190308
1.000000000 -0.000206958 -0.000099229 0.005913741 0.000206820 0.999999046 -0.001379897 -0.011514139 0.000099515 0.001379877 0.999999046 0.391735286
1.000000000 -0.000080320 -0.000163792 0.009613188 0.000080130 0.999999344 -0.001161004 -0.017136171 0.000163885 0.001160991 0.999999285 0.528743923
1.000000000 -0.000003143 -0.000052558 0.011616576 0.000003085 0.999999404 -0.001104206 -0.020101348 0.000052562 0.001104206 0.999999404 0.690283120
1.000000000 0.000156644 -0.000052380 0.018738106 -0.000156696 0.999999464 -0.001008730 -0.024160992 0.000052222 0.001008738 0.999999464 0.845725477
0.999999940 0.000369254 0.000050368 0.016179381 -0.000369209 0.999999523 -0.000878287 -0.024081513 -0.000050692 0.000878268 0.999999642 1.024420857
1.000000000 -0.000052519 -0.000216054 0.027779529 0.000052381 0.999999821 -0.000641037 -0.031031810 0.000216088 0.000641025 0.999999762 1.194413304
1.000000000 -0.000030512 -0.000003398 0.026103439 0.000030511 0.999999940 -0.000332879 -0.035300594 0.000003408 0.000332879 0.999999940 1.388102293
1.000000000 0.000018631 -0.000083325 0.031784788 -0.000018657 0.999999940 -0.000308776 -0.041618809 0.000083319 0.000308778 0.999999940 1.585807800
1.000000000 -0.000095049 0.000114583 0.034679256 0.000095083 0.999999940 -0.000297348 -0.050580993 -0.000114555 0.000297359 0.999999940 1.803963065
0.999999940 -0.000292781 -0.000035723 0.043662064 0.000292782 0.999999940 0.000023731 -0.055518281 0.000035716 -0.000023741 1.000000000 1.987716913
0.999999940 0.000135951 0.000331247 0.036346149 -0.000136021 0.999999940 0.000212823 -0.069541223 -0.000331218 -0.000212868 0.999999940 2.208038568
1.000000000 -0.000128804 -0.000130827 0.040797692 0.000128847 0.999999940 0.000325980 -0.073307335 0.000130785 -0.000325996 0.999999940 2.414699078
0.999999702 -0.000507051 -0.000404505 0.052901007 0.000507303 0.999999702 0.000622964 -0.080103755 0.000404189 -0.000623169 0.999999702 2.631290674
0.999999583 -0.000604966 -0.000609641 0.057070632 0.000605375 0.999999642 0.000670667 -0.086884499 0.000609235 -0.000671036 0.999999523 2.863040209
0.999999702 -0.000464239 -0.000494211 0.060908660 0.000464610 0.999999642 0.000751939 -0.088995762 0.000493862 -0.000752168 0.999999583 3.096302271
0.999999881 -0.000241632 -0.000363379 0.058054283 0.000241798 0.999999821 0.000456941 -0.095151111 0.000363269 -0.000457028 0.999999762 3.337316990
0.999999940 -0.000091782 -0.000287813 0.064218640 0.000091981 0.999999821 0.000689150 -0.104690962 0.000287750 -0.000689176 0.999999702 3.580156565
0.999999940 -0.000086373 -0.000420446 0.076002516 0.000086720 0.999999702 0.000824595 -0.112449959 0.000420374 -0.000824631 0.999999583 3.838737726
0.999999940 0.000121492 0.000008555 0.068193413 -0.000121499 0.999999642 0.000825358 -0.117899142 -0.000008455 -0.000825359 0.999999642 4.104106426
0.999999881 0.000317747 0.000126097 0.071683384 -0.000317865 0.999999523 0.000936679 -0.124478079 -0.000125799 -0.000936719 0.999999583 4.357472420
0.999999940 0.000152565 -0.000065263 0.077188320 -0.000152498 0.999999523 0.001031182 -0.133143440 0.000065420 -0.001031172 0.999999523 4.612207413
1.000000000 0.000139836 0.000237786 0.083759561 -0.000140142 0.999999166 0.001287969 -0.140003070 -0.000237605 -0.001288002 0.999999166 4.874299049
0.999999940 -0.000150721 0.000167314 0.090617783 0.000150479 0.999998927 0.001445637 -0.150211826 -0.000167532 -0.001445612 0.999998987 5.134154797
0.999999881 -0.000447271 -0.000094767 0.103142925 0.000447405 0.999998868 0.001423515 -0.155273065 0.000094131 -0.001423557 0.999999046 5.407748222
0.999999940 -0.000265365 0.000279056 0.086136632 0.000264877 0.999998391 0.001746017 -0.178957909 -0.000279519 -0.001745943 0.999998391 5.642178059
0.999999881 -0.000379671 0.000203634 0.091656595 0.000379322 0.999998450 0.001714739 -0.185151845 -0.000204285 -0.001714662 0.999998510 5.917874813
0.999999881 -0.000615407 0.000135691 0.097779699 0.000615170 0.999998271 0.001736896 -0.196339980 -0.000136759 -0.001736812 0.999998450 6.187179089
0.999999940 -0.000249247 0.000305371 0.105855845 0.000248627 0.999997914 0.002030512 -0.204487950 -0.000305877 -0.002030436 0.999997914 6.482563019
0.999999940 -0.000006689 0.000520176 0.112291507 0.000005681 0.999998093 0.001938542 -0.214640513 -0.000520188 -0.001938539 0.999997973 6.759263515
0.999999762 -0.000176702 0.000535665 0.114765428 0.000175614 0.999997914 0.002029667 -0.238524050 -0.000536023 -0.002029572 0.999997735 7.053805828
0.999999702 0.000098498 0.000712912 0.118417419 -0.000099863 0.999998152 0.001915045 -0.242377177 -0.000712722 -0.001915115 0.999997914 7.352250576
0.999999702 -0.000178896 0.000640783 0.127831042 0.000177651 0.999998093 0.001942269 -0.249739587 -0.000641129 -0.001942154 0.999997914 7.670417309
0.999999583 -0.000474639 0.000665883 0.135715351 0.000473191 0.999997497 0.002173391 -0.265111417 -0.000666913 -0.002173075 0.999997437 7.960571766
0.999999583 -0.000702846 0.000497690 0.143427432 0.000701676 0.999996960 0.002346631 -0.273934186 -0.000499338 -0.002346280 0.999997199 8.259274483
0.999999464 -0.000965354 0.000427735 0.151847929 0.000964283 0.999996424 0.002497488 -0.291833162 -0.000430145 -0.002497075 0.999996781 8.596562386
0.999999702 -0.000513788 0.000618580 0.155410603 0.000512196 0.999996543 0.002572046 -0.298117936 -0.000619899 -0.002571728 0.999996543 8.933482170
0.999999702 -0.000358192 0.000737620 0.157525346 0.000356324 0.999996781 0.002531098 -0.307592422 -0.000738524 -0.002530835 0.999996483 9.266994476
0.999999702 -0.000425659 0.000759843 0.168665290 0.000423507 0.999995887 0.002831347 -0.318295717 -0.000761045 -0.002831024 0.999995708 9.592736244
0.999999702 -0.000308849 0.000817439 0.184744224 0.000306695 0.999996543 0.002633967 -0.322622776 -0.000818250 -0.002633716 0.999996126 9.966988564
0.999999225 -0.000595131 0.001117201 0.181591079 0.000591913 0.999995708 0.002877997 -0.349851072 -0.001118909 -0.002877333 0.999995232 10.303816795
0.999999464 -0.000276185 0.001035400 0.189617962 0.000273169 0.999995768 0.002912089 -0.359681368 -0.001036200 -0.002911804 0.999995232 10.664245605
0.999999642 -0.000364108 0.000921340 0.196130753 0.000361272 0.999995172 0.003076154 -0.368961453 -0.000922456 -0.003075820 0.999994814 11.019311905
0.999999285 0.000044509 0.001211360 0.204583958 -0.000048200 0.999995291 0.003047681 -0.379896939 -0.001211219 -0.003047737 0.999994636 11.394244194
0.999999344 0.000225028 0.001200199 0.207958579 -0.000228532 0.999995768 0.002920238 -0.385859698 -0.001199537 -0.002920510 0.999994993 11.778185844
0.999999404 -0.000456744 0.000981670 0.225930572 0.000453600 0.999994755 0.003201069 -0.403184295 -0.000983127 -0.003200621 0.999994397 12.144094467
0.999999106 -0.000638277 0.001153512 0.230917186 0.000634288 0.999993742 0.003455177 -0.416503042 -0.001155710 -0.003454442 0.999993384 12.516608238
0.999998927 -0.000633525 0.001318728 0.237071455 0.000628878 0.999993563 0.003521157 -0.426601082 -0.001320950 -0.003520324 0.999992967 12.918940544
0.999999523 -0.000184362 0.000988569 0.250103444 0.000180534 0.999992490 0.003871368 -0.444008887 -0.000989276 -0.003871187 0.999992073 13.308489799
0.999999106 -0.000644527 0.001078273 0.261547983 0.000640445 0.999992609 0.003781447 -0.453050047 -0.001080703 -0.003780754 0.999992311 13.709828377
0.999998689 -0.000585570 0.001497749 0.266937554 0.000579535 0.999991715 0.004026234 -0.471015275 -0.001500094 -0.004025361 0.999990702 14.100858688
0.999998629 -0.000839908 0.001430548 0.277611941 0.000834535 0.999992728 0.003751787 -0.482222974 -0.001433689 -0.003750588 0.999991894 14.526082039
0.999998093 -0.001195854 0.001558561 0.290081173 0.001189514 0.999991059 0.004062549 -0.493228227 -0.001563405 -0.004060687 0.999990463 14.953946114
0.999997675 -0.001415723 0.001604454 0.303388238 0.001409251 0.999990940 0.004027469 -0.509993553 -0.001610141 -0.004025198 0.999990582 15.367766380
0.999997079 -0.000663239 0.002312708 0.308041930 0.000652526 0.999989212 0.004629696 -0.527721167 -0.002315753 -0.004628173 0.999986589 15.782281876
0.999996126 -0.000634851 0.002698457 0.319398433 0.000621802 0.999988139 0.004833798 -0.540082514 -0.002701494 -0.004832102 0.999984682 16.227073669
0.999996066 -0.000947387 0.002649978 0.334237754 0.000934818 0.999988317 0.004740458 -0.554801762 -0.002654438 -0.004737962 0.999985218 16.664442062
0.999995053 -0.000972838 0.002979200 0.334316462 0.000958624 0.999988139 0.004768630 -0.566485584 -0.002983805 -0.004765751 0.999984205 17.077058792
0.999993980 -0.001050075 0.003326986 0.342571020 0.001033291 0.999986768 0.005042635 -0.578676462 -0.003332237 -0.005039166 0.999981761 17.544872284
0.999993086 -0.001690851 0.003312410 0.361088008 0.001675510 0.999987900 0.004628469 -0.590292692 -0.003320195 -0.004622889 0.999983847 18.009819031
0.999992132 -0.001615260 0.003638784 0.371116608 0.001597406 0.999986768 0.004904261 -0.605802417 -0.003646658 -0.004898409 0.999981403 18.478874207
0.999992251 -0.000805807 0.003832442 0.373039961 0.000786240 0.999986589 0.005104430 -0.623164296 -0.003836504 -0.005101378 0.999979615 18.888792038
0.999992907 -0.000838401 0.003673877 0.391862333 0.000818130 0.999984503 0.005515810 -0.636139393 -0.003678445 -0.005512765 0.999978065 19.366586685
0.999991953 -0.000330838 0.003976309 0.402888715 0.000308673 0.999984324 0.005573756 -0.649450243 -0.003978091 -0.005572484 0.999976575 19.827133179
0.999991953 -0.000548005 0.003978394 0.412678152 0.000525882 0.999984324 0.005559543 -0.658953667 -0.003981379 -0.005557405 0.999976635 20.338123322
0.999994457 -0.001327348 0.003033990 0.444063187 0.001308323 0.999979675 0.006263784 -0.692071378 -0.003042242 -0.006259780 0.999975741 20.742982864
0.999995768 -0.001061487 0.002693572 0.448326945 0.001044847 0.999980509 0.006171432 -0.699152708 -0.002700070 -0.006168593 0.999977291 21.256233215
0.999996185 -0.000900749 0.002606449 0.449228942 0.000882883 0.999976218 0.006847589 -0.721793294 -0.002612554 -0.006845262 0.999973118 21.744142532
0.999996066 -0.001909310 0.002048180 0.465013713 0.001895463 0.999975502 0.006741228 -0.737989068 -0.002061001 -0.006737320 0.999975204 22.219369888
0.999996305 -0.002407539 0.001289133 0.479036927 0.002399244 0.999976695 0.006398395 -0.745659709 -0.001304508 -0.006395278 0.999978721 22.734605789
0.999997377 -0.001973151 0.001171663 0.493012309 0.001965045 0.999974430 0.006879789 -0.766798735 -0.001185208 -0.006877469 0.999975681 23.247676849
0.999992609 -0.003844894 0.000168266 0.486043632 0.003843662 0.999969542 0.006794164 -0.784525812 -0.000194383 -0.006793466 0.999976933 23.695241928
0.999996781 -0.002542028 0.000046751 0.494791746 0.002541638 0.999972284 0.007003382 -0.792708218 -0.000064553 -0.007003240 0.999975502 24.232671738
0.999993682 -0.003276583 -0.001384769 0.519185543 0.003286345 0.999969363 0.007107342 -0.803581715 0.001361438 -0.007111847 0.999973834 24.759611130
0.999996185 -0.002305672 -0.001518298 0.497884750 0.002316747 0.999970436 0.007332883 -0.822100818 0.001501346 -0.007336372 0.999971986 25.234739304
0.999995947 -0.002182919 -0.001888863 0.507807314 0.002196515 0.999971449 0.007226019 -0.830902338 0.001873035 -0.007230137 0.999972165 25.792280197
0.999991834 -0.003276873 -0.002373919 0.513973832 0.003295650 0.999962926 0.007949066 -0.845917761 0.002347783 -0.007956823 0.999965608 26.303997040
0.999991000 -0.003208184 -0.002773285 0.527340949 0.003230387 0.999962449 0.008039125 -0.861537218 0.002747389 -0.008048011 0.999963820 26.850765228
0.999992371 -0.002474441 -0.003037459 0.536913276 0.002498791 0.999964535 0.008039312 -0.878424644 0.003017458 -0.008046840 0.999963105 27.375947952
0.999992073 -0.002282422 -0.003270805 0.531053662 0.002309788 0.999962270 0.008387670 -0.898651600 0.003251537 -0.008395160 0.999959469 27.864189148
0.999990165 -0.002296955 -0.003807052 0.539562464 0.002329724 0.999960065 0.008625354 -0.914574087 0.003787088 -0.008634138 0.999955595 28.418102264
0.999992907 -0.001393044 -0.003511351 0.539069057 0.001423439 0.999961317 0.008668497 -0.925123096 0.003499140 -0.008673435 0.999956191 28.942108154
0.999988914 -0.002588946 -0.003932381 0.527235031 0.002625045 0.999954224 0.009202658 -0.965579629 0.003908375 -0.009212879 0.999949932 29.435499191
0.999986947 -0.002760823 -0.004307101 0.540904403 0.002800046 0.999954462 0.009127102 -0.976547599 0.004281707 -0.009139042 0.999949098 29.988603592
0.999988377 -0.002178861 -0.004291981 0.543780267 0.002216938 0.999958098 0.008887005 -0.987770081 0.004272436 -0.008896417 0.999951303 30.517469406
0.999987781 -0.001949285 -0.004542256 0.570926428 0.001989923 0.999957800 0.008959610 -1.008868217 0.004524600 -0.008968540 0.999949574 31.029367447
0.999986470 -0.002293081 -0.004674767 0.558567882 0.002337491 0.999951959 0.009516716 -1.034281492 0.004652721 -0.009527513 0.999943793 31.542537689
0.999984026 -0.002466409 -0.005087689 0.578938425 0.002516571 0.999948025 0.009876674 -1.050109506 0.005063065 -0.009889319 0.999938309 32.067695618
0.999984860 -0.002159854 -0.005073406 0.587219477 0.002208251 0.999951899 0.009552978 -1.058341861 0.005052529 -0.009564037 0.999941528 32.624198914
0.999987841 -0.001501453 -0.004695954 0.571373224 0.001547359 0.999950886 0.009787289 -1.070312738 0.004681028 -0.009794439 0.999941051 33.132991791
0.999980390 -0.002292508 -0.005817074 0.583399534 0.002354323 0.999940574 0.010641983 -1.121329784 0.005792332 -0.010655469 0.999926388 33.682376862
0.999975145 -0.003283417 -0.006233156 0.596444786 0.003349626 0.999937773 0.010641629 -1.131178379 0.006197828 -0.010662245 0.999923885 34.221546173
0.999973118 -0.003631145 -0.006363724 0.612055302 0.003701897 0.999931037 0.011141856 -1.143718958 0.006322829 -0.011165114 0.999917626 34.770450592
0.999974489 -0.003619515 -0.006152859 0.622486711 0.003688393 0.999930203 0.011220237 -1.151815534 0.006111818 -0.011242645 0.999918103 35.300025940
0.999979019 -0.002340802 -0.006046177 0.611444473 0.002406531 0.999937832 0.010886929 -1.165188909 0.006020317 -0.010901251 0.999922395 35.811325073
0.999977171 -0.002458521 -0.006293958 0.597936988 0.002525893 0.999939322 0.010718694 -1.196296930 0.006267225 -0.010734346 0.999922752 36.332805634
0.999973059 -0.002939371 -0.006719673 0.608229995 0.003010896 0.999938726 0.010658857 -1.207059741 0.006687930 -0.010678802 0.999920607 36.877857208
0.999971390 -0.002968631 -0.006954778 0.622533441 0.003041926 0.999939740 0.010551962 -1.210643649 0.006923034 -0.010572819 0.999920130 37.440414429
0.999975860 -0.002163305 -0.006600433 0.617167354 0.002235154 0.999938130 0.010897547 -1.234327912 0.006576450 -0.010912035 0.999918759 37.967250824
0.999971569 -0.002610171 -0.007071875 0.642595589 0.002686948 0.999937356 0.010868899 -1.245972395 0.007043063 -0.010887589 0.999915898 38.482376099
0.999968827 -0.002885951 -0.007348886 0.627634406 0.002967040 0.999934494 0.011047265 -1.266629577 0.007316522 -0.011068725 0.999911964 39.054367065
0.999969184 -0.002696298 -0.007367331 0.645221591 0.002778753 0.999933302 0.011204745 -1.284454465 0.007336628 -0.011224871 0.999910116 39.573768616
0.999965191 -0.003456102 -0.007593710 0.642804146 0.003538589 0.999934614 0.010876164 -1.288880348 0.007555623 -0.010902657 0.999912024 40.158233643
0.999968052 -0.002689116 -0.007537918 0.654144108 0.002771965 0.999935567 0.011002136 -1.297370911 0.007507846 -0.011022680 0.999911010 40.698493958
0.999967396 -0.002143031 -0.007785466 0.663858235 0.002221290 0.999946952 0.010057231 -1.294464111 0.007763498 -0.010074196 0.999919116 41.256755829
0.999967396 -0.002858103 -0.007555666 0.644488156 0.002947625 0.999925256 0.011863786 -1.349775434 0.007521193 -0.011885670 0.999901056 41.713832855
0.999966621 -0.003153973 -0.007544187 0.656059742 0.003242772 0.999925196 0.011787382 -1.358020186 0.007506446 -0.011811450 0.999902070 42.255783081
0.999962568 -0.003167621 -0.008052180 0.667413831 0.003261617 0.999926388 0.011687228 -1.369315743 0.008014565 -0.011713052 0.999899209 42.796142578
0.999966204 -0.002980307 -0.007661504 0.671480954 0.003071815 0.999923706 0.011959979 -1.379981279 0.007625275 -0.011983109 0.999899089 43.340591431
0.999966383 -0.002774612 -0.007719263 0.663178563 0.002868622 0.999921560 0.012194362 -1.398305893 0.007684823 -0.012216095 0.999895871 43.827911377
0.999966919 -0.002528591 -0.007731978 0.670836449 0.002622566 0.999922514 0.012168111 -1.408451200 0.007700612 -0.012187986 0.999896109 44.383129120
0.999963701 -0.002512540 -0.008142133 0.691831827 0.002609175 0.999926090 0.011879744 -1.411235094 0.008111683 -0.011900558 0.999896348 44.919395447
0.999963820 -0.003108067 -0.007915414 0.679903746 0.003203796 0.999921560 0.012110113 -1.432699203 0.007877154 -0.012135033 0.999895275 45.421157837
0.999963105 -0.003094928 -0.008011554 0.692048848 0.003193514 0.999919057 0.012321956 -1.443355799 0.007972770 -0.012347085 0.999891937 45.973548889
0.999961793 -0.003240194 -0.008122100 0.696104407 0.003342551 0.999914825 0.012620492 -1.457076550 0.008080515 -0.012647158 0.999887347 46.533889771
0.999966741 -0.002751871 -0.007681768 0.700261295 0.002840877 0.999928653 0.011599866 -1.447257519 0.007649300 -0.011621301 0.999903202 47.020748138
0.999963522 -0.002966234 -0.007999841 0.708246112 0.003067126 0.999915481 0.012629003 -1.477283478 0.007961704 -0.012653080 0.999888182 47.480453491
0.999962330 -0.002991194 -0.008146076 0.718831301 0.003093964 0.999915421 0.012632652 -1.487946510 0.008107601 -0.012657382 0.999887049 48.033107758
0.999964654 -0.002815520 -0.007925612 0.727506340 0.002913817 0.999918640 0.012418299 -1.490528584 0.007890003 -0.012440954 0.999891460 48.578796387
0.999965072 -0.002637054 -0.007928153 0.720032692 0.002736111 0.999917984 0.012509567 -1.504363179 0.007894516 -0.012530823 0.999890268 49.056137085
0.999961495 -0.003275388 -0.008138846 0.729404688 0.003373015 0.999922216 0.012010716 -1.512029886 0.008098872 -0.012037706 0.999894738 49.602657318
0.999967873 -0.002357303 -0.007661536 0.723899484 0.002448320 0.999926269 0.011892177 -1.515946627 0.007632937 -0.011910554 0.999899924 50.158004761
0.999966025 -0.002544536 -0.007839384 0.728433371 0.002642592 0.999918103 0.012523293 -1.530458570 0.007806878 -0.012543586 0.999890864 50.628055573
0.999966681 -0.002584600 -0.007731161 0.734875977 0.002678834 0.999921978 0.012203527 -1.536100864 0.007699016 -0.012223832 0.999895632 51.176036835
0.999966562 -0.002275757 -0.007845265 0.740207791 0.002373120 0.999919951 0.012423472 -1.545410037 0.007816364 -0.012441676 0.999891996 51.664302826
0.999967039 -0.001979195 -0.007864738 0.746086895 0.002075660 0.999922454 0.012276245 -1.552934527 0.007839829 -0.012292166 0.999893725 52.216781616
0.999969423 -0.001697007 -0.007630368 0.754647851 0.001790007 0.999923944 0.012197898 -1.565854311 0.007609088 -0.012211184 0.999896467 52.761127472
0.999966860 -0.002177694 -0.007843463 0.756912172 0.002273792 0.999922216 0.012264092 -1.572625637 0.007816145 -0.012281519 0.999894023 53.202842712
0.999972701 -0.001469326 -0.007240265 0.767575502 0.001551761 0.999933898 0.011393206 -1.567941427 0.007223045 -0.011404134 0.999908864 53.864303589
0.999969482 -0.002562550 -0.007377190 0.767978728 0.002651451 0.999923646 0.012066253 -1.590046883 0.007345706 -0.012085445 0.999899924 54.298332214
0.999965727 -0.002345268 -0.007936155 0.777124405 0.002442931 0.999921143 0.012318837 -1.603760839 0.007906637 -0.012337802 0.999892652 54.724781036
0.999969542 -0.002102578 -0.007525630 0.782203555 0.002193901 0.999923885 0.012147391 -1.614164352 0.007499515 -0.012163534 0.999897897 55.269199371
0.999972582 -0.001658915 -0.007225102 0.785225511 0.001746384 0.999925077 0.012116830 -1.619012952 0.007204459 -0.012129115 0.999900520 55.827495575
0.999970913 -0.001982341 -0.007372526 0.787468672 0.002070631 0.999926090 0.011987401 -1.628340006 0.007348218 -0.012002318 0.999900997 56.373718262
0.999968708 -0.002124417 -0.007619663 0.801982462 0.002216571 0.999924183 0.012106104 -1.637486815 0.007593368 -0.012122616 0.999897659 56.800491333
0.999964714 -0.002373476 -0.008053760 0.813359857 0.002475898 0.999915898 0.012731320 -1.648526192 0.008022865 -0.012750814 0.999886513 57.345317841
0.999964416 -0.002039080 -0.008187397 0.822907090 0.002143138 0.999916732 0.012720926 -1.659618974 0.008160778 -0.012738019 0.999885559 57.875907898
0.999964774 -0.002292361 -0.008071015 0.828831613 0.002394476 0.999916911 0.012665208 -1.666267395 0.008041312 -0.012684090 0.999887228 58.407939911
0.999969125 -0.002013913 -0.007589280 0.828667879 0.002105369 0.999924958 0.012061948 -1.668214440 0.007564418 -0.012077553 0.999898434 58.851650238
0.999969959 -0.002070715 -0.007473985 0.838597298 0.002157965 0.999929309 0.011684683 -1.675987005 0.007449261 -0.011700459 0.999903798 59.405605316
0.999964595 -0.002713998 -0.007951562 0.865295112 0.002810918 0.999921501 0.012203068 -1.689929008 0.007917820 -0.012224987 0.999893904 59.939308167
0.999961257 -0.002804124 -0.008343838 0.869623959 0.002902273 0.999926448 0.011774390 -1.694763780 0.008310208 -0.011798149 0.999895871 60.488975525
0.999967992 -0.002567382 -0.007580307 0.854805112 0.002653416 0.999931931 0.011361586 -1.701118231 0.007550622 -0.011381336 0.999906719 61.044532776
0.999967396 -0.002235286 -0.007773722 0.869288623 0.002328069 0.999925911 0.011946998 -1.726810455 0.007746443 -0.011964707 0.999898434 61.432884216
0.999967098 -0.001984192 -0.007855415 0.884358406 0.002080458 0.999922574 0.012265609 -1.742211103 0.007830470 -0.012281549 0.999893904 61.970317841
0.999969125 -0.001259280 -0.007765823 0.889417529 0.001354420 0.999923944 0.012257927 -1.744837284 0.007749797 -0.012268067 0.999894738 62.520900726
0.999964416 -0.001701856 -0.008262183 0.900200784 0.001798749 0.999929547 0.011734011 -1.747053504 0.008241630 -0.011748455 0.999897063 63.083732605
0.999966145 -0.001993978 -0.007983833 0.901140630 0.002083677 0.999934614 0.011242547 -1.758890152 0.007960895 -0.011258801 0.999904931 63.626686096
0.999975920 -0.000659698 -0.006912287 0.888933778 0.000745033 0.999923468 0.012349878 -1.789417028 0.006903611 -0.012354729 0.999899864 64.000030518
0.999974191 -0.000900317 -0.007128292 0.894290686 0.000988252 0.999923348 0.012342141 -1.795467138 0.007116633 -0.012348868 0.999898493 64.559104919
0.999977112 -0.000350924 -0.006765975 0.900444508 0.000433029 0.999926269 0.012137240 -1.805407166 0.006761216 -0.012139891 0.999903500 65.092552185
0.999970496 -0.001909866 -0.007444654 0.918807566 0.001998106 0.999927640 0.011863345 -1.817177534 0.007421458 -0.011877868 0.999901950 65.610893250
0.999976158 -0.000835832 -0.006857004 0.918072820 0.000916389 0.999930501 0.011753440 -1.830398798 0.006846704 -0.011759443 0.999907434 66.145629883
0.999972045 -0.001663523 -0.007287150 0.974435091 0.001752164 0.999924302 0.012174475 -1.826478243 0.007266346 -0.012186904 0.999899387 66.610260010
0.999980569 0.000288546 -0.006223295 0.896552980 -0.000212565 0.999925494 0.012206331 -1.863263845 0.006226353 -0.012204770 0.999906123 67.100151062
0.999980628 0.001057883 -0.006130503 0.902168155 -0.000984741 0.999928355 0.011921588 -1.873607874 0.006142675 -0.011915321 0.999910116 67.629402161
0.999978602 0.000596752 -0.006514270 0.920164764 -0.000519234 0.999929190 0.011894887 -1.877615213 0.006520906 -0.011891250 0.999908030 68.177993774
0.999980509 0.000200269 -0.006232733 0.927735329 -0.000126655 0.999930263 0.011808925 -1.888147473 0.006234663 -0.011807906 0.999910831 68.730590820
0.999981105 0.000589492 -0.006130955 0.938522100 -0.000516694 0.999929488 0.011868721 -1.890519381 0.006137520 -0.011865330 0.999910712 69.275207520
0.999983013 0.000786680 -0.005760342 0.908056974 -0.000717424 0.999927580 0.012015157 -1.909035683 0.005769377 -0.012010823 0.999911189 69.666053772
0.999982476 0.000850207 -0.005852982 0.912963867 -0.000780557 0.999929011 0.011891947 -1.918026924 0.005862676 -0.011887171 0.999912143 70.218688965
0.999982059 0.000282010 -0.005991011 0.915574431 -0.000211732 0.999931216 0.011727931 -1.921787500 0.005993907 -0.011726453 0.999913335 70.790985107
0.999979317 0.001266332 -0.006289379 0.931654453 -0.001192925 0.999931335 0.011661709 -1.930018425 0.006303714 -0.011653967 0.999912202 71.305290222
0.999982476 0.000568645 -0.005890995 0.941889048 -0.000500388 0.999932826 0.011581828 -1.944335222 0.005897185 -0.011578675 0.999915600 71.788627625
0.999982178 0.000456456 -0.005947739 0.949244857 -0.000387997 0.999933779 0.011506216 -1.952058434 0.005952597 -0.011503703 0.999916136 72.335014343
0.999982834 0.000767677 -0.005814395 0.954184175 -0.000701585 0.999935210 0.011360665 -1.959665060 0.005822741 -0.011356387 0.999918580 72.840698242
0.999980867 0.000410553 -0.006176857 0.952018261 -0.000342440 0.999939203 0.011024185 -1.964681387 0.006181008 -0.011021858 0.999920189 73.357131958
0.999981284 0.000783827 -0.006066675 0.964234352 -0.000714733 0.999934971 0.011382842 -1.985039711 0.006075202 -0.011378292 0.999916852 73.872062683
0.999984086 0.000634311 -0.005590178 0.969841301 -0.000570929 0.999935567 0.011332374 -1.989697933 0.005597006 -0.011329001 0.999920189 74.360183716
0.999985516 0.000190845 -0.005372779 0.978624582 -0.000128422 0.999932468 0.011616264 -2.002152920 0.005374634 -0.011615409 0.999918103 74.888702393
0.999980807 0.000188263 -0.006184471 0.988994479 -0.000116338 0.999932349 0.011628165 -2.010971308 0.006186242 -0.011627224 0.999913275 75.438247681
0.999985039 -0.000023295 -0.005461353 0.993320227 0.000084974 0.999936163 0.011293947 -2.017519712 0.005460741 -0.011294242 0.999921322 75.977607727
0.999986708 0.001231267 -0.005004289 0.982662559 -0.001175050 0.999936283 0.011221093 -2.021930218 0.005017787 -0.011215063 0.999924481 76.442672729
0.999985397 0.001278442 -0.005243713 0.994140506 -0.001218529 0.999934137 0.011412795 -2.034670115 0.005257959 -0.011406241 0.999921143 76.993331909
0.999985039 0.000806966 -0.005411520 1.002421618 -0.000747465 0.999939322 0.010988449 -2.041481733 0.005420059 -0.010984239 0.999924958 77.504714966
0.999987483 0.000845477 -0.004935464 1.010068059 -0.000792698 0.999942541 0.010686123 -2.043252707 0.004944216 -0.010682077 0.999930739 78.045394897
0.999992430 0.000929309 -0.003777820 1.018790960 -0.000890376 0.999946594 0.010294572 -2.048202515 0.003787186 -0.010291130 0.999939919 78.593353271
0.999996305 0.001174634 -0.002448502 1.022296906 -0.001147572 0.999938548 0.011024916 -2.065109015 0.002461301 -0.011022065 0.999936223 79.094612122
0.999999583 0.000620377 -0.000645609 1.030733109 -0.000613428 0.999942422 0.010708696 -2.067729712 0.000652215 -0.010708298 0.999942482 79.625846863
0.999995828 0.000730515 0.002790073 1.049967527 -0.000759586 0.999945283 0.010432853 -2.077287197 -0.002782299 -0.010434929 0.999941766 80.171249390
0.999978721 0.000351095 0.006520541 1.070230246 -0.000420948 0.999942482 0.010714542 -2.087356567 -0.006516404 -0.010717060 0.999921381 80.721908569
0.999952435 0.000322852 0.009748015 1.077776313 -0.000426700 0.999943078 0.010652962 -2.094803810 -0.009744022 -0.010656617 0.999895811 81.243972778
0.999895453 0.001348291 0.014402930 1.103389502 -0.001494977 0.999947071 0.010178557 -2.094818830 -0.014388444 -0.010199022 0.999844491 81.777290344
0.999788105 0.001394191 0.020536192 1.129074335 -0.001605442 0.999945939 0.010273887 -2.109070063 -0.020520760 -0.010304679 0.999736309 82.316970825
0.999660194 0.000904144 0.026050873 1.161329627 -0.001165764 0.999948978 0.010029229 -2.119805574 -0.026040478 -0.010056190 0.999610364 82.867477417
0.999511480 0.000221781 0.031253666 1.201904058 -0.000527390 0.999952137 0.009770437 -2.123050451 -0.031250000 -0.009782146 0.999463856 83.373565674
0.999223292 0.000451625 0.039404973 1.231228113 -0.000828569 0.999954045 0.009550112 -2.125132561 -0.039398849 -0.009575342 0.999177635 84.000244141
0.998900115 -0.000232200 0.046887480 1.288160324 -0.000216006 0.999954343 0.009553868 -2.143359184 -0.046887562 -0.009553488 0.998854458 84.464355469
0.998547316 -0.000514787 0.053879693 1.330034494 0.000020620 0.999957979 0.009171828 -2.146387100 -0.053882152 -0.009157393 0.998505235 85.006904602
0.998057842 -0.001343534 0.062279265 1.383290052 0.000765555 0.999956369 0.009303386 -2.154479504 -0.062289048 -0.009237640 0.998015344 85.544212341
0.997376561 -0.001606392 0.072369613 1.441552162 0.000934917 0.999956191 0.009311331 -2.165289402 -0.072381407 -0.009219242 0.997334421 86.085884094
0.996729314 -0.002114042 0.080784723 1.513418674 0.001356113 0.999954522 0.009435792 -2.176108360 -0.080801003 -0.009295379 0.996686995 86.618453979
0.996013582 -0.001787029 0.089183070 1.564865589 0.000973979 0.999957502 0.009159318 -2.184910774 -0.089195669 -0.009035945 0.995973051 87.178726196
0.995053828 -0.002085523 0.099314228 1.659405708 0.001187540 0.999957860 0.009100088 -2.191845894 -0.099329039 -0.008937139 0.995014489 87.718521118
0.993933797 -0.002557747 0.109950148 1.725960732 0.001551439 0.999956071 0.009236986 -2.205494642 -0.109968930 -0.009010371 0.993894160 88.258705139
0.992831290 -0.002835793 0.119490728 1.805665016 0.001756746 0.999956667 0.009134750 -2.211777449 -0.119511470 -0.008859350 0.992793262 88.819892883
0.991456807 -0.003206280 0.130396351 1.901900291 0.002073824 0.999958992 0.008819586 -2.217660904 -0.130419269 -0.008473820 0.991422713 89.362289429
0.989907146 -0.003862964 0.141665041 2.037177086 0.002597306 0.999954998 0.009117978 -2.232294559 -0.141693875 -0.008658002 0.989872754 89.874465942
0.988198280 -0.004130916 0.153124392 2.106365204 0.002797898 0.999956310 0.008919922 -2.240147114 -0.153154552 -0.008386225 0.988166690 90.466789246
0.986646831 -0.004236426 0.162819147 2.250667572 0.002868344 0.999958515 0.008636631 -2.246796608 -0.162849009 -0.008054283 0.986618042 90.976119995
0.984438837 -0.004481847 0.175669998 2.374844551 0.003029433 0.999958992 0.008535158 -2.256198406 -0.175701052 -0.007870160 0.984412074 91.508346558
0.982134938 -0.004689651 0.188120216 2.496631622 0.003094361 0.999956727 0.008772946 -2.267517567 -0.188153252 -0.008034104 0.982106805 92.056411743
0.980189383 -0.005552669 0.197984755 2.629898071 0.003944962 0.999955952 0.008513861 -2.273654461 -0.198023349 -0.007564153 0.980168104 92.590850830
0.977492750 -0.005603243 0.210895047 2.769626617 0.003878577 0.999955535 0.008590594 -2.283101559 -0.210933849 -0.007579268 0.977471054 93.122528076
0.974472225 -0.006049098 0.224426657 2.922231674 0.004211470 0.999953508 0.008665887 -2.297466755 -0.224468678 -0.007499500 0.974452376 93.667755127
0.971729755 -0.005405541 0.236034200 3.054971695 0.003309017 0.999951422 0.009277500 -2.311098099 -0.236072883 -0.008234181 0.971700490 94.171363831
0.968737900 -0.006185659 0.248009324 3.241733551 0.004206126 0.999954939 0.008510754 -2.314711809 -0.248050809 -0.007201532 0.968720198 94.764358521
0.965189934 -0.006610008 0.261466444 3.412254333 0.004459398 0.999951184 0.008817654 -2.330674171 -0.261512011 -0.007344729 0.965172291 95.271667480
0.961818457 -0.006394251 0.273613572 3.585544586 0.004153564 0.999952912 0.008767751 -2.338627100 -0.273656726 -0.007296513 0.961799741 95.818649292
0.958559632 -0.007514420 0.284793258 3.808933258 0.005238852 0.999947906 0.008751184 -2.344964504 -0.284844249 -0.006896540 0.958549023 96.418304443
0.954047799 -0.006801794 0.299577355 3.963977814 0.004408896 0.999952734 0.008662787 -2.339517593 -0.299622178 -0.006943907 0.954032600 96.928649902
0.949892044 -0.007864702 0.312478930 4.192916870 0.005279767 0.999944508 0.009117594 -2.365258217 -0.312533289 -0.007010915 0.949880838 97.446601868
0.946121752 -0.008245545 0.323706090 4.389453888 0.005684427 0.999944568 0.008856577 -2.370242119 -0.323761195 -0.006539315 0.946116209 97.961006165
0.941666484 -0.008514255 0.336440146 4.599519730 0.005729623 0.999940574 0.009268686 -2.382219791 -0.336499065 -0.006800335 0.941659272 98.466751099
0.936587572 -0.009288249 0.350310683 4.812313080 0.006550062 0.999938011 0.009000488 -2.390153885 -0.350372523 -0.006135189 0.936590374 98.971069336
0.931889951 -0.009271876 0.362622350 5.032444000 0.006256680 0.999935389 0.009488490 -2.403868198 -0.362686872 -0.006573418 0.931887865 99.468063354
0.927647233 -0.009529147 0.373335898 5.257595062 0.006511061 0.999935150 0.009344297 -2.410875559 -0.373400718 -0.006237399 0.927649200 99.980926514
0.922239304 -0.009841117 0.386494160 5.489459991 0.006717366 0.999932885 0.009432066 -2.419637442 -0.386561096 -0.006102399 0.922243655 100.473831177
0.916532516 -0.010169893 0.399830937 5.730987549 0.006938795 0.999930501 0.009527920 -2.427101612 -0.399899989 -0.005958304 0.916539371 100.953674316
0.911477566 -0.010625207 0.411212444 5.974628448 0.007233077 0.999925852 0.009804250 -2.441045761 -0.411286116 -0.005962023 0.911486864 101.441635132
0.905302167 -0.011549636 0.424611121 6.249652863 0.008121932 0.999918103 0.009881723 -2.448981285 -0.424690515 -0.005497281 0.905321896 101.949638367
0.898537040 -0.011837818 0.438737988 6.516643524 0.008426956 0.999917269 0.009720851 -2.455689907 -0.438816756 -0.005037319 0.898562491 102.436630249
0.892638087 -0.012498465 0.450600713 6.792087555 0.008959553 0.999909997 0.009986007 -2.471407413 -0.450684994 -0.004876710 0.892669678 102.915420532
0.887212038 -0.013336769 0.461169004 7.065700531 0.009768643 0.999901056 0.010123387 -2.479793072 -0.461258411 -0.004476596 0.887254477 103.389892578
0.880079627 -0.013516943 0.474633545 7.344646454 0.009942777 0.999900222 0.010039657 -2.488048077 -0.474721879 -0.004116520 0.880126238 103.857452393
0.873209655 -0.013668045 0.487153083 7.642654419 0.009961453 0.999898314 0.010198483 -2.494589806 -0.487242907 -0.004052662 0.873257041 104.349472046
0.867479265 -0.014873044 0.497251004 7.945766449 0.011186317 0.999883354 0.010391958 -2.503427744 -0.497347593 -0.003452401 0.867544472 104.814102173
