1.000000000 0.000000000 0.000000000 0.000000000 0.000000000 1.000000000 0.000000000 0.000000000 0.000000000 0.000000000 1.000000000 0.000000000
0.999999940 0.000185131 0.000166823 -0.001404540 -0.000185127 1.000000000 -0.000025292 -0.000398978 -0.000166828 0.000025261 1.000000000 0.001230229
1.000000000 0.000113251 0.000054261 0.004808698 -0.000113251 1.000000000 -0.000000622 0.000898530 -0.000054261 0.000000616 1.000000000 -0.001713418
1.000000000 0.000069381 0.000011562 0.002080813 -0.000069380 1.000000000 -0.000029407 0.000954263 -0.000011564 0.000029406 1.000000000 -0.004460247
1.000000000 0.000118203 0.000192144 -0.002665042 -0.000118187 1.000000000 -0.000084348 0.002090401 -0.000192154 0.000084326 1.000000000 0.000871269
1.000000000 0.000010438 0.000013386 -0.000255050 -0.000010438 1.000000000 0.000015127 0.001592305 -0.000013386 -0.000015127 1.000000000 -0.002558092
1.000000000 0.000044621 0.000148078 -0.004556282 -0.000044626 1.000000000 0.000034717 0.002318634 -0.000148077 -0.000034723 1.000000000 0.000372010
1.000000000 0.000100392 0.000041479 0.000447816 -0.000100393 1.000000000 0.000013438 -0.000931789 -0.000041478 -0.000013442 1.000000000 -0.004758907
1.000000000 0.000058671 0.000072786 0.001544829 -0.000058670 1.000000000 -0.000016961 -0.000439335 -0.000072787 0.000016956 1.000000000 -0.002800514
1.000000000 0.000148272 0.000083621 0.001268228 -0.000148274 1.000000000 0.000021393 0.001488677 -0.000083618 -0.000021405 1.000000000 -0.009684065
1.000000000 -0.000077842 0.000048495 0.000493638 0.000077846 1.000000000 -0.000081326 -0.000752405 -0.000048489 0.000081330 1.000000000 0.001155745
1.000000000 -0.000024733 0.000065824 -0.002944561 0.000024739 1.000000000 -0.000092115 0.000457435 -0.000065822 0.000092117 1.000000000 -0.001298308
1.000000000 0.000052624 0.000140840 -0.000116360 -0.000052624 1.000000000 -0.000004408 0.000992691 -0.000140840 0.000004401 1.000000000 -0.001907963
0.999999940 -0.000251627 -0.000001192 -0.001960433 0.000251627 0.999999940 0.000129122 0.001070334 0.000001159 -0.000129122 1.000000000 -0.005979971
0.999999940 -0.000330803 -0.000014226 -0.000146818 0.000330804 0.999999940 0.000061349 -0.001459373 0.000014205 -0.000061354 1.000000000 -0.004007979
1.000000000 -0.000157485 0.000095698 -0.001003430 0.000157490 1.000000000 -0.000053675 -0.000638042 -0.000095689 0.000053690 1.000000000 -0.001714305
1.000000000 0.000123146 0.000137531 -0.002564186 -0.000123146 1.000000000 0.000003998 -0.000061244 -0.000137531 -0.000004015 1.000000000 -0.010270012
1.000000000 -0.000190440 0.000007593 0.000502336 0.000190441 1.000000000 -0.000066950 0.000425560 -0.000007580 0.000066951 1.000000000 -0.004478358
1.000000000 -0.000051370 0.000040543 -0.000719810 0.000051372 1.000000000 -0.000062832 -0.000222726 -0.000040540 0.000062834 1.000000000 -0.010116288
1.000000000 -0.000108250 0.000016246 0.000458231 0.000108250 1.000000000 -0.000024762 -0.000199720 -0.000016243 0.000024764 1.000000000 -0.008226253
1.000000000 0.000019312 0.000196826 -0.003491704 -0.000019309 1.000000000 -0.000017803 -0.001348305 -0.000196826 0.000017799 1.000000000 -0.003716019
1.000000000 -0.000122615 0.000091077 0.000531663 0.000122617 1.000000000 -0.000018789 -0.000518377 -0.000091074 0.000018800 1.000000000 -0.007288364
1.000000000 -0.000199495 0.000056630 -0.000202503 0.000199488 1.000000000 0.000121931 -0.001606013 -0.000056655 -0.000121920 1.000000000 -0.009536089
1.000000000 0.000008882 -0.000038919 0.005792872 -0.000008879 1.000000000 0.000058066 -0.001557617 0.000038920 -0.000058066 1.000000000 -0.013214530
1.000000000 -0.000113791 0.000049528 0.001330470 0.000113788 1.000000000 0.000049626 -0.001651332 -0.000049534 -0.000049621 1.000000000 -0.008292158
1.000000000 0.000128199 0.000193200 -0.005128748 -0.000128188 1.000000000 -0.000055995 0.000155324 -0.000193208 0.000055971 1.000000000 -0.006991034
1.000000000 -0.000012514 0.000129631 -0.005230447 0.000012499 1.000000000 0.000112866 -0.000269128 -0.000129632 -0.000112864 1.000000000 -0.006933955
0.999999940 -0.000268874 0.000005656 -0.004799644 0.000268874 0.999999940 0.000021895 0.002375655 -0.000005662 -0.000021894 1.000000000 -0.008913272
1.000000000 -0.000219518 -0.000039014 0.000283969 0.000219519 1.000000000 0.000047491 -0.001966696 0.000039004 -0.000047499 1.000000000 -0.003043420
1.000000000 -0.000084560 0.000121326 -0.002971449 0.000084562 1.000000000 -0.000017062 0.001474101 -0.000121324 0.000017072 1.000000000 -0.001697734
1.000000000 -0.000199660 0.000119650 -0.003496490 0.000199649 1.000000000 0.000093214 -0.000377901 -0.000119669 -0.000093190 1.000000000 -0.005433193
1.000000000 -0.000225955 -0.000028277 0.001028782 0.000225955 1.000000000 0.000010818 -0.000421957 0.000028274 -0.000010825 1.000000000 -0.007171753
1.000000000 -0.000042915 0.000037857 -0.003320577 0.000042918 1.000000000 -0.000090309 0.000837601 -0.000037854 0.000090311 1.000000000 -0.004396279
1.000000000 -0.000000558 -0.000002240 -0.000733531 0.000000558 1.000000000 -0.000163942 0.005651184 0.000002240 0.000163942 1.000000000 0.000791940
1.000000000 -0.000206277 -0.000028115 -0.002760583 0.000206273 0.999999940 -0.000137127 0.001886842 0.000028144 0.000137121 1.000000000 -0.007032778
0.999999940 -0.000289208 -0.000112084 -0.000552366 0.000289204 0.999999940 -0.000041554 -0.000909299 0.000112096 0.000041522 1.000000000 -0.005768103
1.000000000 -0.000169503 0.000084418 -0.001868961 0.000169500 1.000000000 0.000045108 -0.000916430 -0.000084426 -0.000045094 1.000000000 -0.002927312
1.000000000 0.000018350 0.000072835 -0.002801687 -0.000018359 1.000000000 0.000126987 -0.001917735 -0.000072832 -0.000126989 1.000000000 -0.008448206
0.999999940 -0.000308893 -0.000102216 0.000450066 0.000308899 0.999999940 0.000065570 -0.002949817 0.000102196 -0.000065601 1.000000000 -0.001801674
1.000000000 0.000054925 0.000077548 0.000245089 -0.000054869 0.999999762 -0.000713406 -0.003817362 -0.000077587 0.000713402 0.999999762 0.048606232
1.000000000 0.000019050 -0.000081119 0.005290245 -0.000019159 0.999999106 -0.001347560 -0.002955436 0.000081093 0.001347562 0.999999106 0.143425941
1.000000000 -0.000064013 -0.000214151 0.008528974 0.000063718 0.999999046 -0.001376655 -0.011471212 0.000214239 0.001376641 0.999999046 0.259701580
1.000000000 -0.000013858 0.000043507 0.003565938 0.000013911 0.999999225 -0.001222461 -0.017505823 -0.000043490 0.001222461 0.999999225 0.384497911
1.000000000 0.000016939 -0.000185386 0.007773201 -0.000017175 0.999999166 -0.001272509 -0.017700162 0.000185365 0.001272512 0.999999166 0.530831933
0.999999940 0.000396703 0.000071627 0.011454515 -0.000396599 0.999998868 -0.001441381 -0.022238905 -0.000072199 0.001441352 0.999998987 0.683797240
1.000000000 -0.000065247 0.000080855 0.026136819 0.000065321 0.999999583 -0.000921297 -0.024603890 -0.000080795 0.000921302 0.999999583 0.867437422
0.999999940 0.000308179 0.000027838 0.024493417 -0.000308158 0.999999642 -0.000769444 -0.025944740 -0.000028075 0.000769436 0.999999702 1.036036015
0.999999940 -0.000064705 0.000333424 0.015489557 0.000064942 0.999999762 -0.000709361 -0.042155121 -0.000333378 0.000709383 0.999999702 1.223680258
0.999999940 -0.000144894 -0.000231411 0.043152831 0.000144753 0.999999821 -0.000609202 -0.046314105 0.000231499 0.000609169 0.999999762 1.439840317
0.999999881 -0.000089999 -0.000497820 0.043653984 0.000089694 0.999999821 -0.000611799 -0.049412120 0.000497875 0.000611754 0.999999702 1.649208665
0.999999762 -0.000666524 0.000133726 0.045015864 0.000666560 0.999999762 -0.000272531 -0.062144067 -0.000133544 0.000272620 0.999999940 1.842208624
0.999999762 -0.000546861 0.000473837 0.016044527 0.000546169 0.999998808 0.001460113 -0.087919675 -0.000474635 -0.001459854 0.999998808 1.911087513
0.999999583 -0.000793621 0.000584000 0.022327177 0.000792861 0.999998868 0.001300506 -0.093985252 -0.000585031 -0.001300043 0.999998927 2.136791945
0.999999762 -0.000220995 0.000653875 0.026853146 0.000220161 0.999999166 0.001275270 -0.097134672 -0.000654156 -0.001275126 0.999998987 2.330662251
0.999999821 -0.000051471 0.000656451 0.033063799 0.000050590 0.999999166 0.001341805 -0.108281977 -0.000656519 -0.001341772 0.999998927 2.553658485
0.999999583 -0.000077784 0.000954788 0.034956764 0.000076419 0.999999046 0.001429022 -0.110780813 -0.000954898 -0.001428948 0.999998569 2.794407845
0.999999583 -0.000004572 0.000855655 0.041770268 0.000003398 0.999998987 0.001372298 -0.115458570 -0.000855660 -0.001372294 0.999998689 2.999153376
0.999999702 -0.000325657 0.000809542 0.046851173 0.000324665 0.999999166 0.001225263 -0.121907488 -0.000809940 -0.001225000 0.999998927 3.251593590
0.999999642 -0.000303241 0.000757986 0.050865844 0.000302102 0.999998748 0.001502017 -0.129132941 -0.000758440 -0.001501787 0.999998569 3.503703356
0.999999702 0.000248914 0.000784906 0.070491806 -0.000249956 0.999999106 0.001327988 -0.127275467 -0.000784575 -0.001328183 0.999998808 3.762255669
0.999999344 -0.000938844 0.000517523 0.069543019 0.000937964 0.999998033 0.001697202 -0.155487061 -0.000519116 -0.001696715 0.999998450 3.970562458
0.999999642 -0.000096131 0.000765082 0.068830267 0.000094394 0.999997437 0.002270665 -0.165475786 -0.000765299 -0.002270592 0.999997199 4.220753193
0.999999523 -0.000371433 0.000879032 0.078727119 0.000369506 0.999997497 0.002190858 -0.171829313 -0.000879844 -0.002190533 0.999997258 4.487141132
0.999999702 -0.000335587 0.000707621 0.083349265 0.000333885 0.999996960 0.002405060 -0.184776962 -0.000708426 -0.002404823 0.999996901 4.754246235
0.999999523 -0.000347232 0.000917403 0.081000544 0.000345185 0.999997437 0.002231437 -0.187864289 -0.000918176 -0.002231119 0.999997020 4.981933117
0.999999523 -0.000840627 0.000456208 0.090846442 0.000839473 0.999996483 0.002524094 -0.199996009 -0.000458328 -0.002523710 0.999996662 5.242925644
0.999999046 0.000168005 0.001378039 0.073881082 -0.000171254 0.999997199 0.002357776 -0.206610203 -0.001377639 -0.002358010 0.999996245 5.481404305
0.999999344 0.000305877 0.001108052 0.089081705 -0.000308735 0.999996662 0.002579926 -0.220769510 -0.001107259 -0.002580266 0.999996006 5.761210442
0.999999523 -0.000610515 0.000728033 0.110195480 0.000608393 0.999995589 0.002911224 -0.221902356 -0.000729807 -0.002910779 0.999995470 6.042896748
0.999999464 -0.000778842 0.000661081 0.113687210 0.000777227 0.999996722 0.002439032 -0.230584815 -0.000662979 -0.002438517 0.999996781 6.318435192
0.999999523 -0.000403248 0.000891780 0.113138109 0.000401347 0.999997675 0.002131165 -0.237495154 -0.000892637 -0.002130806 0.999997258 6.607244968
0.999998748 -0.001517307 0.000420844 0.127994806 0.001516370 0.999996364 0.002219252 -0.237519711 -0.000424210 -0.002218611 0.999997437 6.908193111
0.999998748 -0.001515632 0.000201341 0.144746408 0.001515128 0.999995768 0.002478043 -0.256267726 -0.000205096 -0.002477735 0.999996901 7.201588631
0.999999464 -0.000513099 0.000852406 0.139644727 0.000511044 0.999996901 0.002409327 -0.267535865 -0.000853640 -0.002408890 0.999996722 7.516512394
0.999999464 -0.000915969 0.000407353 0.173330024 0.000914950 0.999996483 0.002494210 -0.283871204 -0.000409636 -0.002493836 0.999996781 7.833582401
0.999998868 -0.001232089 0.000876048 0.132690638 0.001229580 0.999995172 0.002858334 -0.302765071 -0.000879565 -0.002857254 0.999995470 8.143260956
0.999999225 -0.001194549 0.000483196 0.148385078 0.001193117 0.999994934 0.002951924 -0.310171813 -0.000486719 -0.002951344 0.999995470 8.463525772
0.999999166 -0.000978767 0.000826531 0.143384084 0.000976576 0.999996006 0.002646482 -0.315465152 -0.000829118 -0.002645673 0.999996185 8.820471764
0.999999106 -0.000786945 0.001095308 0.141450971 0.000783716 0.999995351 0.002945730 -0.329223394 -0.001097621 -0.002944869 0.999995112 9.166949272
0.999996364 -0.002664092 0.000408451 0.162281141 0.002662688 0.999990702 0.003398553 -0.336843610 -0.000417501 -0.003397454 0.999994159 9.530942917
0.999998987 -0.000637425 0.001287960 0.152848199 0.000633173 0.999994397 0.003298779 -0.344328821 -0.001290055 -0.003297961 0.999993742 9.863960266
0.999998450 -0.001711971 0.000375152 0.169908941 0.001710715 0.999992967 0.003325728 -0.373855203 -0.000380843 -0.003325081 0.999994397 10.192319870
0.999997973 -0.001952282 0.000397683 0.177845925 0.001950864 0.999991775 0.003536164 -0.385580570 -0.000404583 -0.003535381 0.999993682 10.549990654
0.999997616 -0.002132544 0.000495078 0.177388072 0.002130711 0.999991000 0.003673775 -0.392708808 -0.000502908 -0.003672712 0.999993145 10.926296234
0.999996185 -0.002734451 0.000457689 0.190898493 0.002732577 0.999988139 0.004047810 -0.407526404 -0.000468752 -0.004046544 0.999991655 11.304717064
0.999996543 -0.002599917 0.000390146 0.218994617 0.002598496 0.999990225 0.003601065 -0.406456053 -0.000399504 -0.003600039 0.999993503 11.694087982
0.999996245 -0.002660557 0.000653479 0.206817433 0.002657913 0.999988496 0.004015049 -0.424442112 -0.000664154 -0.004013297 0.999991775 12.061712265
0.999997497 -0.002078508 0.000827034 0.216903567 0.002074869 0.999988258 0.004376365 -0.462840617 -0.000836121 -0.004374639 0.999990046 12.450945854
0.999997318 -0.002213046 0.000648118 0.230214775 0.002210158 0.999987721 0.004423654 -0.467597574 -0.000657900 -0.004422210 0.999989986 12.850502968
0.999997675 -0.002099508 0.000434106 0.242203832 0.002097615 0.999988437 0.004316435 -0.480969012 -0.000443163 -0.004315514 0.999990702 13.247317314
0.999998093 -0.001630984 0.001150785 0.256039321 0.001625775 0.999988496 0.004513615 -0.490517676 -0.001158134 -0.004511736 0.999989152 13.673151970
0.999998391 -0.000981041 0.001506291 0.252744019 0.000973255 0.999986172 0.005160702 -0.511752188 -0.001511333 -0.005159229 0.999985576 14.084527016
0.999992847 -0.003749030 0.000450353 0.273483574 0.003746603 0.999979079 0.005273106 -0.541317642 -0.000470113 -0.005271380 0.999985993 14.496554375
0.999992907 -0.003770377 0.000469395 0.293964118 0.003767398 0.999973714 0.006193928 -0.589977622 -0.000492735 -0.006192116 0.999980688 14.874768257
0.999989986 -0.004446554 0.000410251 0.308277220 0.004443964 0.999971449 0.006111591 -0.600277543 -0.000437415 -0.006109707 0.999981225 15.302180290
0.999991536 -0.003829499 0.001478377 0.311127156 0.003819967 0.999972224 0.006396960 -0.613908410 -0.001502833 -0.006391260 0.999978423 15.755284309
0.999991119 -0.004109487 0.001027002 0.333058059 0.004102171 0.999966979 0.007026858 -0.627289236 -0.001055845 -0.007022582 0.999974787 16.195373535
0.999994040 -0.003074327 0.001580225 0.326575160 0.003063773 0.999973297 0.006638821 -0.630715847 -0.001600593 -0.006633940 0.999976754 16.642869949
0.999988317 -0.004409410 0.002000882 0.347955763 0.004394937 0.999964595 0.007180801 -0.652616024 -0.002032475 -0.007171922 0.999972224 17.067956924
0.999993682 -0.003173833 0.001651439 0.370678067 0.003162492 0.999971688 0.006825067 -0.658159137 -0.001673054 -0.006819800 0.999975324 17.557989120
0.999989748 -0.003641485 0.002695367 0.359842122 0.003620679 0.999963939 0.007684427 -0.714348972 -0.002723254 -0.007674589 0.999966860 18.025087357
0.999987423 -0.004094398 0.002890477 0.376842856 0.004072940 0.999964356 0.007391243 -0.718291581 -0.002920638 -0.007379378 0.999968529 18.498085022
0.999989212 -0.003624436 0.002905559 0.386548132 0.003600576 0.999960124 0.008175747 -0.737224102 -0.002935075 -0.008165197 0.999962330 18.951566696
0.999990165 -0.002929919 0.003351367 0.404843241 0.002903148 0.999964058 0.007965576 -0.746206641 -0.003374585 -0.007955768 0.999962687 19.435810089
0.999990404 -0.001776476 0.004027321 0.403555423 0.001741905 0.999961734 0.008571736 -0.775853753 -0.004042394 -0.008564638 0.999955177 19.904529572
0.999990165 -0.002066937 0.003930164 0.416091233 0.002037346 0.999969721 0.007518398 -0.765074253 -0.003945584 -0.007510317 0.999964058 20.387775421
0.999988377 -0.003812087 0.002932689 0.470108151 0.003785281 0.999951482 0.009092056 -0.813032746 -0.002967206 -0.009080850 0.999954343 20.868608475
0.999989688 -0.003848439 0.002398298 0.478587955 0.003827014 0.999953330 0.008874810 -0.814239919 -0.002432341 -0.008865541 0.999957681 21.374357224
0.999992371 -0.002892149 0.002605288 0.476618677 0.002868755 0.999955893 0.008938571 -0.826105356 -0.002631025 -0.008931029 0.999956667 21.904163361
0.999991000 -0.003539863 0.002331967 0.474021435 0.003517168 0.999947011 0.009665557 -0.850100040 -0.002366059 -0.009657268 0.999950528 22.423048019
0.999987841 -0.004856458 0.000972005 0.506460786 0.004847327 0.999945998 0.009186639 -0.868329167 -0.001016567 -0.009181814 0.999957323 22.901363373
0.999984920 -0.005491634 0.000047615 0.519039869 0.005490923 0.999938667 0.009617453 -0.883516669 -0.000100427 -0.009617047 0.999953747 23.432943344
0.999984741 -0.005518317 -0.000148339 0.526816308 0.005519474 0.999939919 0.009464162 -0.894511580 0.000096104 -0.009464836 0.999955177 23.993968964
0.999993145 -0.003689356 -0.000265674 0.524493873 0.003691659 0.999950290 0.009265647 -0.905266643 0.000231476 -0.009266566 0.999957025 24.541572571
0.999983191 -0.005601692 -0.001477578 0.544356585 0.005615894 0.999936342 0.009789200 -0.920823336 0.001422648 -0.009797334 0.999951005 24.991458893
0.999976754 -0.006222226 -0.002799724 0.558080494 0.006249910 0.999930680 0.009990561 -0.930018544 0.002737366 -0.010007824 0.999946177 25.522554398
0.999975324 -0.006387796 -0.002911251 0.561865747 0.006417057 0.999927819 0.010155028 -0.938098073 0.002846173 -0.010173459 0.999944210 26.069114685
0.999972522 -0.006647000 -0.003283387 0.598688126 0.006680844 0.999923587 0.010406506 -0.932732105 0.003213964 -0.010428156 0.999940515 26.617504120
0.999971867 -0.006631820 -0.003500611 0.585106730 0.006672147 0.999909997 0.011636764 -0.984133005 0.003423123 -0.011659794 0.999926150 27.210205078
0.999968946 -0.006416842 -0.004577612 0.585443854 0.006469863 0.999911010 0.011663381 -1.003386021 0.004502363 -0.011692636 0.999921501 27.777162552
0.999971747 -0.006194193 -0.004269675 0.583249271 0.006243060 0.999914050 0.011528315 -1.008251071 0.004197900 -0.011554644 0.999924421 28.339996338
0.999971867 -0.006103702 -0.004350272 0.578933358 0.006153588 0.999914467 0.011547799 -1.018778563 0.004279415 -0.011574245 0.999923825 28.893810272
0.999963880 -0.006631107 -0.005322900 0.605156481 0.006695424 0.999903679 0.012157711 -1.038141131 0.005241768 -0.012192911 0.999911904 29.433223724
0.999958277 -0.006954178 -0.005923253 0.601745009 0.007024163 0.999904811 0.011877608 -1.048788786 0.005840089 -0.011918718 0.999911904 29.967239380
0.999957442 -0.006995543 -0.006005593 0.616171777 0.007066131 0.999905229 0.011813927 -1.064245582 0.005922379 -0.011855863 0.999912143 30.507583618
0.999946713 -0.007721727 -0.006848736 0.633512020 0.007800420 0.999903083 0.011539030 -1.070939302 0.006758969 -0.011591837 0.999909937 31.087446213
0.999951243 -0.007210839 -0.006747541 0.639101326 0.007300827 0.999883413 0.013408178 -1.128185987 0.006650071 -0.013456787 0.999887347 31.667398453
0.999944150 -0.007624884 -0.007306864 0.657035708 0.007718939 0.999886572 0.012931710 -1.135466695 0.007207433 -0.012987390 0.999889672 32.200580597
0.999944270 -0.007768699 -0.007156136 0.652848244 0.007858641 0.999889374 0.012627078 -1.130194426 0.007057247 -0.012682610 0.999894619 32.727008820
0.999953389 -0.006656257 -0.006999251 0.627535164 0.006746417 0.999893546 0.012937504 -1.165020704 0.006912390 -0.012984121 0.999891758 33.213249207
0.999936819 -0.008123875 -0.007782601 0.643266737 0.008219335 0.999890387 0.012313321 -1.146336436 0.007681715 -0.012376508 0.999893904 33.852859497
0.999930799 -0.008459683 -0.008173614 0.655411959 0.008570196 0.999871016 0.013581681 -1.185204268 0.008057662 -0.013650791 0.999874353 34.449546814
0.999924302 -0.008940517 -0.008453867 0.656216741 0.009059026 0.999859750 0.014085513 -1.196479321 0.008326749 -0.014161031 0.999865055 34.959602356
0.999921203 -0.008844264 -0.008899372 0.667917252 0.008964578 0.999867678 0.013571477 -1.203477621 0.008778165 -0.013650187 0.999868274 35.502758026
0.999935865 -0.007432209 -0.008543674 0.652631879 0.007545418 0.999883115 0.013295513 -1.223084450 0.008443860 -0.013359126 0.999875009 36.060668945
0.999930978 -0.008371800 -0.008242204 0.625726104 0.008490332 0.999859512 0.014452659 -1.261839628 0.008120052 -0.014521642 0.999861598 36.644599915
0.999925315 -0.008707032 -0.008588374 0.631055474 0.008833167 0.999852121 0.014759844 -1.274890184 0.008458590 -0.014834602 0.999854267 37.203510284
0.999923527 -0.008649696 -0.008848531 0.635365665 0.008773081 0.999863505 0.014001746 -1.271424174 0.008726212 -0.014078303 0.999862790 37.742088318
0.999915242 -0.009134040 -0.009276718 0.642696619 0.009271839 0.999845684 0.014921477 -1.294133425 0.009138993 -0.015006224 0.999845624 38.271999359
0.999910116 -0.009663999 -0.009294313 0.659524143 0.009797815 0.999847412 0.014461340 -1.285936832 0.009153142 -0.014551104 0.999852180 38.855056763
0.999926448 -0.008952291 -0.008181421 0.644991219 0.009073440 0.999847889 0.014892570 -1.308015943 0.008046855 -0.014965707 0.999855578 39.367214203
0.999898911 -0.009458472 -0.010608997 0.711180091 0.009625744 0.999828339 0.015828356 -1.346531630 0.010457464 -0.015928874 0.999818444 39.943851471
0.999910533 -0.009009907 -0.009878258 0.704122961 0.009165205 0.999833286 0.015790196 -1.363473654 0.009734342 -0.015879318 0.999826550 40.460281372
0.999910116 -0.009017630 -0.009922693 0.696718037 0.009167441 0.999843001 0.015157267 -1.361733675 0.009784453 -0.015246865 0.999835849 41.055252075
0.999895036 -0.009760430 -0.010714095 0.717430949 0.009925318 0.999831378 0.015446020 -1.364960194 0.010561529 -0.015550737 0.999823272 41.598407745
0.999903321 -0.009220916 -0.010405347 0.703874826 0.009382812 0.999833941 0.015618952 -1.375019789 0.010259598 -0.015715074 0.999823868 42.149780273
0.999893129 -0.009641123 -0.010983807 0.721695900 0.009812612 0.999829113 0.015667386 -1.388120890 0.010830877 -0.015773490 0.999816895 42.757350922
0.999891162 -0.010024890 -0.010821622 0.696391642 0.010199795 0.999816239 0.016230188 -1.386772633 0.010656926 -0.016338799 0.999809682 43.342754364
0.999889374 -0.010363224 -0.010667095 0.664869785 0.010535247 0.999813199 0.016198646 -1.409567595 0.010497231 -0.016309233 0.999811888 43.933227539
0.999903500 -0.009690707 -0.009953018 0.641416550 0.009841607 0.999835670 0.015225885 -1.400092483 0.009803831 -0.015322371 0.999834538 44.460285187
0.999935210 -0.006961365 -0.009013201 0.590408027 0.007087027 0.999876976 0.013985906 -1.408287168 0.008914731 -0.014048873 0.999861538 45.037612915
0.999899089 -0.009430465 -0.010625650 0.777297199 0.009613963 0.999803126 0.017352600 -1.494557858 0.010459915 -0.017453004 0.999792933 45.309494019
0.999902129 -0.009504357 -0.010267989 0.777102351 0.009690211 0.999787331 0.018204868 -1.508485317 0.010092778 -0.018302588 0.999781609 45.842414856
0.999913216 -0.007928642 -0.010524990 0.798919559 0.008100728 0.999832511 0.016409660 -1.490335703 0.010393121 -0.016493494 0.999809980 46.393234253
0.999905586 -0.008058609 -0.011132559 0.821428895 0.008240166 0.999832153 0.016360233 -1.497768044 0.010998849 -0.016450418 0.999804199 46.912647247
0.999898791 -0.008995447 -0.011025088 0.810487807 0.009185774 0.999807537 0.017335854 -1.514373302 0.010867023 -0.017435372 0.999788940 47.526237488
0.999892890 -0.008905038 -0.011624562 0.850410998 0.009115688 0.999792874 0.018195653 -1.537697792 0.011460122 -0.018299669 0.999766827 48.077804565
0.999892652 -0.008918090 -0.011630350 0.837369978 0.009120187 0.999806225 0.017440978 -1.534215212 0.011472557 -0.017545175 0.999780238 48.626972198
0.999901116 -0.008283015 -0.011378595 0.846482873 0.008485364 0.999804616 0.017851613 -1.551149607 0.011228508 -0.017946398 0.999775887 49.211307526
0.999883354 -0.010032935 -0.011512944 0.867469251 0.010238891 0.999786198 0.017971933 -1.584197164 0.011330169 -0.018087719 0.999772191 49.590122223
0.999874353 -0.010761931 -0.011639006 0.872181058 0.010961104 0.999792218 0.017186401 -1.582740784 0.011451625 -0.017311817 0.999784589 50.136039734
0.999894381 -0.009585305 -0.010933282 0.862634659 0.009772819 0.999803782 0.017228132 -1.584639072 0.010766000 -0.017333159 0.999791801 50.683570862
0.999890804 -0.009700386 -0.011146112 0.876961291 0.009895845 0.999795854 0.017616887 -1.595947266 0.010972945 -0.017725265 0.999782681 51.247493744
0.999908268 -0.008801107 -0.010299204 0.867625654 0.008976774 0.999812782 0.017136075 -1.587029219 0.010146460 -0.017226953 0.999800146 51.776901245
0.999910235 -0.008055337 -0.010704386 0.905936897 0.008231887 0.999829113 0.016552877 -1.576934576 0.010569217 -0.016639508 0.999805689 52.327442169
0.999893248 -0.009481200 -0.011122247 0.919950426 0.009664498 0.999816418 0.016543955 -1.584528446 0.010963347 -0.016649678 0.999801278 52.845359802
0.999878228 -0.010069018 -0.011924574 0.882175624 0.010289755 0.999774098 0.018596714 -1.644606113 0.011734630 -0.018717149 0.999755979 53.221481323
0.999886692 -0.009693239 -0.011520877 0.882257819 0.009912441 0.999768019 0.019124189 -1.655809999 0.011332828 -0.019236220 0.999750733 53.744239807
0.999873757 -0.010347067 -0.012062073 0.893785000 0.010574206 0.999764979 0.018921664 -1.656660557 0.011863455 -0.019046821 0.999748230 54.308658600
0.999859035 -0.010498951 -0.013106893 0.930774450 0.010733702 0.999780834 0.017970521 -1.649184465 0.012915349 -0.018108670 0.999752641 54.869388580
0.999882340 -0.009396384 -0.012127630 0.909008265 0.009605090 0.999804735 0.017267166 -1.640467405 0.011963013 -0.017381618 0.999777377 55.362957001
0.999890268 -0.009607978 -0.011279594 0.873206556 0.009815402 0.999780953 0.018480280 -1.680116057 0.011099567 -0.018588964 0.999765575 55.801635742
0.999884367 -0.010126861 -0.011343745 0.889528275 0.010357072 0.999737740 0.020422541 -1.732135773 0.011133954 -0.020537665 0.999727070 56.072940826
0.999883950 -0.009977729 -0.011514208 0.899453044 0.010207822 0.999745846 0.020100769 -1.727742672 0.011310722 -0.020215970 0.999731660 56.603561401
0.999884725 -0.009919144 -0.011497381 0.906086564 0.010144603 0.999754131 0.019720048 -1.736515760 0.011298949 -0.019834412 0.999739408 57.183525085
0.999891520 -0.009745724 -0.011045124 0.905681491 0.009962275 0.999755859 0.019723579 -1.738255858 0.010850209 -0.019831475 0.999744356 57.749111176
0.999896884 -0.009931672 -0.010376222 0.912923455 0.010130089 0.999763489 0.019248094 -1.730234146 0.010182603 -0.019351223 0.999760866 58.268878937
0.999872863 -0.010308999 -0.012166260 0.940586269 0.010561405 0.999726474 0.020867748 -1.777915239 0.011947808 -0.020993590 0.999708176 58.463958740
0.999884605 -0.010150800 -0.011308224 0.947582483 0.010383357 0.999731839 0.020700036 -1.783628821 0.011095071 -0.020815063 0.999721825 59.013484955
0.999885201 -0.010014880 -0.011376000 0.944272697 0.010239933 0.999749601 0.019900240 -1.767991424 0.011173855 -0.020014446 0.999737203 59.551277161
0.999898136 -0.009576864 -0.010591907 0.944207609 0.009788500 0.999749780 0.020112798 -1.785741568 0.010396642 -0.020214427 0.999741614 60.077537537
0.999892592 -0.009090781 -0.011499546 1.035635114 0.009323419 0.999749660 0.020340953 -1.783301711 0.011311753 -0.020445982 0.999727011 60.548992157
0.999866307 -0.010603499 -0.012445141 0.994483113 0.010870339 0.999708116 0.021573188 -1.820536971 0.012212758 -0.021705585 0.999689817 60.823654175
0.999871910 -0.010414500 -0.012148618 1.003161907 0.010676131 0.999708116 0.021673651 -1.830731034 0.011919350 -0.021800578 0.999691367 61.344764709
0.999876738 -0.010281416 -0.011858886 0.991855800 0.010528308 0.999725103 0.020948177 -1.814154267 0.011640251 -0.021070451 0.999710202 61.846843719
0.999887764 -0.009716273 -0.011397952 0.993929625 0.009951700 0.999734521 0.020783732 -1.832136512 0.011192986 -0.020894829 0.999719024 62.423278809
0.999860823 -0.010684200 -0.012809747 1.039870024 0.010957597 0.999709547 0.021466207 -1.835749745 0.012576677 -0.021603584 0.999687433 62.707698822
0.999866068 -0.010321686 -0.012695220 1.035634041 0.010596346 0.999707103 0.021761378 -1.847390413 0.012466886 -0.021892987 0.999682546 63.233169556
0.999864280 -0.010189577 -0.012945860 1.045513511 0.010458587 0.999727130 0.020884559 -1.846860170 0.012729523 -0.021017121 0.999698043 63.783210754
0.999869227 -0.010558191 -0.012248880 1.048178792 0.010807978 0.999731243 0.020508971 -1.857326269 0.012029051 -0.020638673 0.999714613 64.316642761
0.999844015 -0.011767562 -0.013169505 1.067957282 0.012049193 0.999695897 0.021513941 -1.845863938 0.012912335 -0.021669267 0.999681771 64.593307495
0.999850631 -0.011172276 -0.013185424 1.066945314 0.011451652 0.999707460 0.021306491 -1.852429986 0.012943524 -0.021454303 0.999686062 65.144508362
0.999852538 -0.010823374 -0.013333996 1.089564323 0.011108448 0.999707222 0.021494165 -1.862039685 0.013097454 -0.021639112 0.999680102 65.662277222
0.999854743 -0.010759296 -0.013217850 1.115316629 0.011034012 0.999720871 0.020889645 -1.848859549 0.012989404 -0.021032458 0.999694407 66.156776428
0.999851584 -0.010978693 -0.013271757 1.103075624 0.011269455 0.999693632 0.022035737 -1.878539443 0.013025767 -0.022182032 0.999669075 66.484130859
0.999866605 -0.010345666 -0.012637729 1.081245065 0.010616392 0.999711573 0.021546170 -1.882875681 0.012411173 -0.021677464 0.999687970 67.036071777
0.999872208 -0.009359777 -0.012951013 1.120704651 0.009637961 0.999720454 0.021586645 -1.893832445 0.012745347 -0.021708710 0.999683082 67.522216797
0.999850392 -0.010825634 -0.013492843 1.113329887 0.011121984 0.999694169 0.022085426 -1.894867659 0.013249628 -0.022232188 0.999665022 67.907104492
0.999854207 -0.010869469 -0.013170384 1.097679377 0.011158814 0.999693513 0.022098817 -1.896057725 0.012926145 -0.022242561 0.999669015 68.456794739
0.999873042 -0.009169392 -0.013033843 1.145596504 0.009451360 0.999718964 0.021739071 -1.919756293 0.012830847 -0.021859495 0.999678671 68.962364197
0.999849558 -0.010789590 -0.013585228 1.145095825 0.011080709 0.999706566 0.021539433 -1.909257054 0.013348842 -0.021686725 0.999675632 69.518653870
0.999817848 -0.012612775 -0.014324317 1.154780149 0.012926338 0.999674082 0.022012770 -1.914071441 0.014042007 -0.022193920 0.999655068 69.756752014
0.999842525 -0.011176581 -0.013782841 1.154743433 0.011479994 0.999689102 0.022134824 -1.921421170 0.013531162 -0.022289567 0.999659956 70.289131165
0.999871373 -0.009826411 -0.012677999 1.136268258 0.010098684 0.999715805 0.021593748 -1.918002129 0.012462208 -0.021719003 0.999686480 70.875404358
0.999844670 -0.011162270 -0.013631857 1.165584087 0.011450698 0.999708235 0.021266870 -1.916464567 0.013390494 -0.021419665 0.999680877 71.392837524
0.999809265 -0.013188071 -0.014403063 1.171857357 0.013488053 0.999689877 0.020933090 -1.912696123 0.014122528 -0.021123365 0.999677122 71.944038391
0.999811053 -0.013044703 -0.014407634 1.196288705 0.013334803 0.999706566 0.020226073 -1.909964919 0.014139566 -0.020414375 0.999691606 72.511528015
0.999811947 -0.013000227 -0.014390243 1.189795136 0.013322162 0.999657929 0.022506697 -1.954963684 0.014092728 -0.022694176 0.999643087 72.725463867
0.999816775 -0.012981974 -0.014071965 1.197823048 0.013292940 0.999664426 0.022234676 -1.959299088 0.013778592 -0.022417661 0.999653816 73.276084900
0.999808669 -0.013573246 -0.014084385 1.210139990 0.013869544 0.999679923 0.021157267 -1.964251995 0.013792704 -0.021348564 0.999677002 73.848823547
0.999809563 -0.013968410 -0.013627838 1.188207507 0.014243006 0.999693215 0.020264978 -1.936828613 0.013340588 -0.020455223 0.999701738 74.393127441
0.999839544 -0.012110405 -0.013196723 1.210615396 0.012393229 0.999690592 0.021564620 -1.973569393 0.012931483 -0.021724710 0.999680400 74.877975464
0.999822259 -0.012326796 -0.014264792 1.231826544 0.012634875 0.999684393 0.021712514 -1.971608758 0.013992645 -0.021888886 0.999662459 75.213592529
0.999817729 -0.012677968 -0.014267213 1.233462453 0.012990468 0.999672949 0.022028180 -1.971342206 0.013983272 -0.022209506 0.999655485 75.764038086
0.999804378 -0.013386292 -0.014561315 1.238145828 0.013695975 0.999677539 0.021379856 -1.973936677 0.014270425 -0.021575106 0.999665320 76.284454346
0.999819696 -0.012661588 -0.014149289 1.237741590 0.012953660 0.999700785 0.020744717 -1.973304868 0.013882394 -0.020924263 0.999684632 76.814331055
0.999829173 -0.012592436 -0.013529990 1.279886961 0.012900132 0.999654531 0.022900384 -2.006061792 0.013236945 -0.023071010 0.999646187 77.158576965
0.999858856 -0.012002460 -0.011759601 1.272768974 0.012269115 0.999663115 0.022872077 -2.016419888 0.011481119 -0.023013128 0.999669254 77.707710266
0.999869466 -0.012149505 -0.010649219 1.287798405 0.012387355 0.999668717 0.022561111 -2.020367146 0.010371584 -0.022690084 0.999688745 78.281242371
0.999881208 -0.012034670 -0.009632044 1.292710304 0.012254949 0.999656975 0.023146721 -2.027616978 0.009350177 -0.023262011 0.999685705 78.688766479
0.999904931 -0.012254776 -0.006315297 1.294625521 0.012400832 0.999643862 0.023632016 -2.043745518 0.006023443 -0.023708086 0.999700785 79.214057922
0.999925077 -0.011855196 -0.003065098 1.310822725 0.011923575 0.999656320 0.023345856 -2.053287506 0.002787274 -0.023380652 0.999722779 79.789634705
0.999925733 -0.012190044 -0.000192159 1.307331562 0.012191251 0.999664128 0.022869276 -2.007903099 -0.000086684 -0.022869918 0.999738455 80.366477966
0.999895394 -0.013953964 0.003819401 1.314944506 0.013868397 0.999670923 0.021580810 -1.964149952 -0.004119282 -0.021525584 0.999759793 80.829307556
0.999877930 -0.012006159 0.009998796 1.340936303 0.011792487 0.999706507 0.021161238 -1.944456100 -0.010249923 -0.021040743 0.999726176 81.328353882
0.999795735 -0.011625446 0.016533427 1.351382732 0.011275403 0.999713540 0.021109749 -1.950497508 -0.016774101 -0.020919014 0.999640465 81.881439209
0.999691606 -0.011803509 0.021847494 1.400587082 0.011337038 0.999707639 0.021353293 -1.952680707 -0.022093149 -0.021099024 0.999533176 82.395469666
0.999472797 -0.011668936 0.030296583 1.430243611 0.011038171 0.999720514 0.020904083 -1.942348003 -0.030532043 -0.020558642 0.999322355 82.915779114
0.999188364 -0.011341198 0.038652122 1.494572043 0.010522460 0.999717236 0.021320276 -1.958210826 -0.038882989 -0.020896256 0.999025285 83.430847168
0.998891950 -0.011405208 0.045659054 1.504345179 0.010434550 0.999715686 0.021441011 -1.947650552 -0.045890607 -0.020940822 0.998726904 83.958274841
0.998415947 -0.011778728 0.055016767 1.555943489 0.010650654 0.999727905 0.020752560 -1.944523931 -0.055246234 -0.020133719 0.998269737 84.506477356
0.997829318 -0.011770792 0.064789899 1.618838310 0.010437719 0.999727607 0.020875478 -1.951269150 -0.065017968 -0.020153908 0.997680545 85.073387146
0.997188210 -0.011873330 0.073990084 1.655445099 0.010368078 0.999732077 0.020694969 -1.961117148 -0.074215971 -0.019869648 0.997044265 85.626289368
0.996616602 -0.011338883 0.081403844 1.747934818 0.009657716 0.999732554 0.021016303 -1.988791466 -0.081620365 -0.020159025 0.996459663 86.033058167
0.995710671 -0.012169240 0.091718182 1.825287342 0.010244634 0.999717951 0.021425597 -1.970807672 -0.091953032 -0.020394078 0.995554507 86.600387573
0.994687438 -0.012404169 0.102191560 1.906962872 0.010239750 0.999712586 0.021677453 -1.974184513 -0.102431089 -0.020515874 0.994528592 87.142883301
0.993681490 -0.012885986 0.111494742 1.990293980 0.010607738 0.999723077 0.021002850 -1.975132942 -0.111734509 -0.019687435 0.993543029 87.680534363
0.992461741 -0.012996074 0.121864185 2.089286804 0.010549587 0.999730170 0.020699305 -1.973434329 -0.122100316 -0.019257654 0.992330909 88.231620789
0.990770638 -0.011665771 0.135046124 2.172543526 0.008976408 0.999749422 0.020506222 -1.984907627 -0.135251507 -0.019104736 0.990627110 88.830642700
0.989175200 -0.012367257 0.146217018 2.250091553 0.009469987 0.999745190 0.020494377 -1.978093386 -0.146433234 -0.018887863 0.989040196 89.330627441
0.987744033 -0.012844730 0.155553162 2.315073967 0.009646310 0.999726593 0.021299047 -1.958610535 -0.155784190 -0.019537494 0.987597883 89.823280334
0.985659838 -0.011542724 0.168349817 2.426176071 0.007923512 0.999723136 0.022154115 -1.969733834 -0.168558925 -0.020502497 0.985478342 90.364852905
0.983517289 -0.012361229 0.180390805 2.562458992 0.008655806 0.999735415 0.021313842 -1.974684477 -0.180606559 -0.019401107 0.983364046 90.910629272
0.981341660 -0.011880333 0.191904500 2.689204216 0.008013613 0.999749184 0.020912804 -1.976105690 -0.192104816 -0.018984757 0.981190741 91.463378906
0.978850484 -0.012821389 0.204174966 2.865839005 0.008581753 0.999729037 0.021636652 -2.004311085 -0.204397053 -0.019426866 0.978695273 91.959625244
0.975973666 -0.012342083 0.217538819 3.034917831 0.007603442 0.999715507 0.022606596 -2.030285120 -0.217755958 -0.020409398 0.975789726 92.477806091
0.973020494 -0.012122375 0.230399951 3.061952591 0.007456324 0.999749303 0.021111893 -1.875298023 -0.230598152 -0.018824369 0.972866952 92.925918579
0.970215380 -0.013128194 0.241887838 3.237066269 0.008424227 0.999754906 0.020470906 -1.878953218 -0.242097318 -0.017823467 0.970088184 93.423782349
0.966817200 -0.013817809 0.255095005 3.409238815 0.008906975 0.999752223 0.020396193 -1.874979615 -0.255313694 -0.017447263 0.966700792 93.918296814
0.962959528 -0.011556907 0.269397885 3.588092804 0.006071906 0.999757171 0.021184653 -1.903441191 -0.269577265 -0.018764207 0.962795854 94.458496094
0.960250497 -0.013925426 0.278792292 3.783636093 0.008211020 0.999731779 0.021654312 -1.921236634 -0.279019058 -0.018504394 0.960107148 94.943786621
0.956250489 -0.015565239 0.292134941 3.988660812 0.009940913 0.999735773 0.020727145 -1.922824383 -0.292380333 -0.016916253 0.956152439 95.499816895
0.951365888 -0.013801666 0.307753891 4.158182144 0.007621258 0.999744534 0.021275241 -1.890569925 -0.307968915 -0.017895065 0.951228082 96.123878479
0.947636247 -0.014769538 0.319010198 4.367168427 0.008374173 0.999735713 0.021409865 -1.891014814 -0.319242120 -0.017617317 0.947509408 96.646102905
0.942994297 -0.013138223 0.332549304 4.557178497 0.006458326 0.999754667 0.021184333 -1.895179510 -0.332746089 -0.017828997 0.942847908 97.173004150
0.937871099 -0.013852708 0.346706867 4.770666122 0.006878544 0.999748588 0.021338020 -1.907549262 -0.346915334 -0.017627476 0.937730730 97.682846069
0.933418512 -0.014746145 0.358486146 4.991945267 0.007478631 0.999737620 0.021651000 -1.917237520 -0.358711302 -0.017528461 0.933283925 98.241088867
0.928749442 -0.014252259 0.370433927 5.223381042 0.006789946 0.999747038 0.021441061 -1.907705545 -0.370645821 -0.017398149 0.928611338 98.727539062
0.923451841 -0.014065027 0.383456469 5.488264084 0.006111423 0.999740303 0.021952350 -1.918368101 -0.383665681 -0.017928474 0.923298001 99.189689636
0.917859733 -0.015857428 0.396588027 5.676763535 0.007869423 0.999732196 0.021761006 -1.910140991 -0.396826923 -0.016852632 0.917738676 99.696456909
0.912785888 -0.012353980 0.408251524 5.872180939 0.004632782 0.999791324 0.019896226 -1.769455910 -0.408412129 -0.016269654 0.912652612 100.162521362
0.907310486 -0.012688567 0.420269966 6.131092072 0.004946055 0.999797523 0.019507440 -1.771791697 -0.420432359 -0.015620623 0.907189429 100.657508850
0.900359333 -0.012083877 0.434979498 6.383853912 0.004031091 0.999803066 0.019430958 -1.771681547 -0.435128629 -0.015741400 0.900230706 101.198593140
0.894602060 -0.012629908 0.446685284 6.651817322 0.004466594 0.999803245 0.019323671 -1.769907236 -0.446841478 -0.015291834 0.894482434 101.686492920
0.888662636 -0.012838900 0.458381653 6.927757263 0.004686885 0.999810040 0.018917426 -1.764865518 -0.458537489 -0.014662826 0.888554037 102.217956543
0.881672144 -0.012585520 0.471694559 7.215274811 0.004722175 0.999829471 0.017850460 -1.740393400 -0.471838772 -0.013510828 0.881581306 102.716491699
0.874058068 -0.013024869 0.485646904 7.416202545 0.003901280 0.999796450 0.019792721 -1.785854101 -0.485805899 -0.015405342 0.873930871 103.128799438
0.867654085 -0.008286777 0.497099549 7.731037140 0.000547973 0.999876380 0.015711745 -1.628312469 -0.497168332 -0.013359962 0.867551208 103.708503723
