1.000000000 0.000000000 0.000000000 0.000000000 0.000000000 1.000000000 0.000000000 0.000000000 0.000000000 0.000000000 1.000000000 0.000000000
1.000000000 -0.000049359 -0.000042556 0.000592812 0.000049362 1.000000000 0.000055892 -0.000247237 0.000042554 -0.000055894 1.000000000 -0.000521077
1.000000000 -0.000012736 0.000056665 -0.000244969 0.000012737 1.000000000 -0.000015814 0.000621503 -0.000056665 0.000015815 1.000000000 0.000274375
1.000000000 -0.000095782 0.000027251 -0.000043407 0.000095780 1.000000000 0.000068538 -0.000167184 -0.000027258 -0.000068535 1.000000000 -0.000136135
1.000000000 -0.000089382 -0.000043272 0.000779294 0.000089380 1.000000000 -0.000040168 0.000093544 0.000043276 0.000040164 1.000000000 -0.000399312
1.000000000 -0.000056261 0.000059903 0.000829555 0.000056256 1.000000000 0.000096799 -0.001004285 -0.000059909 -0.000096796 1.000000000 -0.000629739
1.000000000 0.000103576 0.000130123 -0.000500529 -0.000103569 1.000000000 -0.000054036 0.000782485 -0.000130129 0.000054023 1.000000000 0.000586946
1.000000000 -0.000033048 0.000123907 0.000016375 0.000033040 1.000000000 0.000062449 -0.000446900 -0.000123909 -0.000062445 1.000000000 -0.000843486
1.000000000 -0.000157612 0.000079804 0.000660685 0.000157616 1.000000000 -0.000044370 0.000832444 -0.000079797 0.000044383 1.000000000 0.000383547
1.000000000 0.000035967 -0.000016155 0.000977366 -0.000035968 1.000000000 -0.000087198 0.000007330 0.000016152 0.000087199 1.000000000 -0.001216944
1.000000000 -0.000047153 -0.000025131 0.001258280 0.000047151 1.000000000 -0.000064016 0.000774496 0.000025134 0.000064014 1.000000000 0.000633713
1.000000000 -0.000074491 0.000094944 0.000002677 0.000074493 1.000000000 -0.000019830 0.000284528 -0.000094943 0.000019837 1.000000000 0.000069340
1.000000000 -0.000071142 0.000083528 0.000077639 0.000071131 1.000000000 0.000123636 -0.000664756 -0.000083537 -0.000123630 1.000000000 0.000055305
1.000000000 0.000026423 0.000003098 0.001104261 -0.000026423 1.000000000 -0.000006580 0.000090034 -0.000003098 0.000006580 1.000000000 -0.000536416
0.999999940 -0.000317251 -0.000087369 0.001306418 0.000317250 0.999999940 -0.000010115 0.000012464 0.000087373 0.000010087 1.000000000 -0.001036266
1.000000000 -0.000005050 0.000080915 0.000437738 0.000005032 1.000000000 0.000225821 -0.001238663 -0.000080916 -0.000225820 1.000000000 -0.001125541
1.000000000 0.000112537 -0.000141266 0.001166222 -0.000112533 1.000000000 0.000027363 -0.000002772 0.000141270 -0.000027347 1.000000000 -0.001150837
1.000000000 -0.000013552 -0.000060424 0.000856279 0.000013558 1.000000000 0.000098455 -0.000497946 0.000060423 -0.000098456 1.000000000 -0.000403868
1.000000000 -0.000010444 -0.000110033 0.001438045 0.000010443 1.000000000 -0.000012349 0.001009509 0.000110033 0.000012348 1.000000000 0.000039438
1.000000000 0.000117740 -0.000073962 0.000832659 -0.000117743 1.000000000 -0.000031438 0.000789775 0.000073958 0.000031446 1.000000000 -0.000496783
1.000000000 0.000043696 0.000016896 -0.000059421 -0.000043697 1.000000000 0.000091282 -0.000547821 -0.000016892 -0.000091283 1.000000000 -0.000813194
1.000000000 -0.000038270 -0.000139150 0.002436267 0.000038253 1.000000000 -0.000119675 0.000564935 0.000139155 0.000119669 1.000000000 -0.000222115
1.000000000 0.000084572 -0.000022837 0.001371683 -0.000084570 1.000000000 0.000092531 0.000198154 0.000022845 -0.000092529 1.000000000 0.000597535
1.000000000 0.000096159 -0.000156726 0.001902222 -0.000096163 1.000000000 -0.000024826 0.000661666 0.000156723 0.000024841 1.000000000 -0.001549990
1.000000000 -0.000076257 -0.000168606 0.001603944 0.000076262 1.000000000 0.000031206 -0.000371540 0.000168604 -0.000031219 1.000000000 -0.002192823
1.000000000 0.000029063 -0.000102869 0.000602405 -0.000029057 1.000000000 0.000054267 -0.000167464 0.000102870 -0.000054264 1.000000000 -0.000639977
0.999999940 0.000278363 0.000058767 -0.000557756 -0.000278365 0.999999940 0.000039556 0.000358875 -0.000058756 -0.000039572 1.000000000 0.001190662
1.000000000 -0.000075521 -0.000001153 0.000067593 0.000075521 1.000000000 0.000206396 -0.000454372 0.000001137 -0.000206396 1.000000000 0.000352764
1.000000000 0.000056670 0.000018514 0.000133160 -0.000056672 1.000000000 0.000108172 -0.000680505 -0.000018508 -0.000108173 1.000000000 -0.000661573
1.000000000 -0.000125031 0.000085737 0.000429161 0.000125021 1.000000000 0.000112075 -0.001345836 -0.000085751 -0.000112065 1.000000000 -0.001188273
1.000000000 -0.000182285 0.000125955 -0.000272377 0.000182267 1.000000000 0.000141630 -0.000920856 -0.000125981 -0.000141607 1.000000000 -0.000878543
1.000000000 0.000057280 0.000006327 0.000715446 -0.000057281 1.000000000 0.000037458 -0.000536255 -0.000006325 -0.000037458 1.000000000 -0.001078482
1.000000000 -0.000021151 -0.000123141 0.001493314 0.000021162 1.000000000 0.000093531 -0.000421672 0.000123139 -0.000093534 1.000000000 0.000211606
1.000000000 0.000120913 0.000027625 0.000306174 -0.000120912 1.000000000 -0.000029885 0.000549798 -0.000027629 0.000029882 1.000000000 0.000825063
1.000000000 0.000036886 -0.000074867 0.001426310 -0.000036882 1.000000000 0.000051695 0.000136868 0.000074869 -0.000051692 1.000000000 -0.000390291
1.000000000 0.000044429 0.000100619 -0.000335623 -0.000044424 1.000000000 -0.000052332 0.000744062 -0.000100622 0.000052328 1.000000000 0.000051361
1.000000000 -0.000183977 -0.000108230 0.001498454 0.000183974 1.000000000 -0.000027971 0.000334410 0.000108235 0.000027951 1.000000000 0.000305409
1.000000000 -0.000200481 -0.000065036 0.001724231 0.000200481 1.000000000 0.000001058 0.000605980 0.000065036 -0.000001071 1.000000000 -0.000037474
0.999999940 -0.000281806 0.000118613 0.000786872 0.000281820 0.999999940 -0.000121687 0.001070374 -0.000118579 0.000121721 1.000000000 0.002475052
0.999999940 -0.000296220 -0.000003584 0.002736783 0.000296218 0.999999762 -0.000656311 -0.001997558 0.000003778 0.000656310 0.999999762 0.050257102
0.999977708 0.006421570 -0.001841073 0.026939740 -0.006420705 0.999979198 0.000475852 -0.075955600 0.001844091 -0.000464020 0.999998152 0.110869206
0.999974251 0.006928214 -0.001868378 0.028489450 -0.006927705 0.999975920 0.000278282 -0.079893515 0.001870261 -0.000265331 0.999998212 0.225285411
0.999963999 0.008445678 0.000792638 0.005843766 -0.008445975 0.999964237 0.000371476 -0.085100137 -0.000789472 -0.000378157 0.999999642 0.331188291
0.999964714 0.008375294 0.000656116 0.009569019 -0.008375615 0.999964774 0.000487280 -0.089215398 -0.000652012 -0.000492758 0.999999702 0.470791131
0.999961257 0.008779177 0.000684775 0.010909607 -0.008779377 0.999961495 0.000288209 -0.091865078 -0.000682218 -0.000294210 0.999999762 0.624289095
0.999962151 0.008677186 -0.000479716 0.015803508 -0.008676880 0.999962091 0.000635521 -0.093271524 0.000485212 -0.000631334 0.999999702 0.819805503
0.999964416 0.008413112 -0.000652987 0.019120868 -0.008412662 0.999964297 0.000689996 -0.097025543 0.000658769 -0.000684479 0.999999583 0.987666905
0.999949932 0.010007048 0.000157188 0.005022654 -0.010007149 0.999949694 0.000648340 -0.098758757 -0.000150692 -0.000649881 0.999999762 1.179925680
0.999953568 0.009630704 0.000225226 0.009577112 -0.009630909 0.999953151 0.000920901 -0.104180329 -0.000216347 -0.000923027 0.999999583 1.366253853
0.999959230 0.009026303 -0.000166521 0.022159707 -0.009026312 0.999959230 -0.000050142 -0.102959819 0.000166062 0.000051643 0.999999940 1.544618011
0.999960959 0.008835430 -0.000164252 0.028040096 -0.008835423 0.999960959 0.000050842 -0.105849802 0.000164695 -0.000049388 1.000000000 1.747211695
0.999958932 0.009057695 -0.000295186 0.032271110 -0.009057201 0.999957561 0.001639975 -0.114557840 0.000310027 -0.001637234 0.999998629 1.930642128
0.999954998 0.009498408 0.000216072 0.029567990 -0.009498478 0.999954820 0.000323107 -0.120288201 -0.000212994 -0.000325145 0.999999940 2.134797812
0.999956310 0.009346068 0.000227422 0.034285631 -0.009346182 0.999956191 0.000508976 -0.125957265 -0.000222655 -0.000511079 0.999999881 2.351070642
0.999947250 0.010258354 0.000474616 0.047007859 -0.010259345 0.999945104 0.002135335 -0.154199913 -0.000452685 -0.002140092 0.999997616 2.556237936
0.999945641 0.010421421 0.000374408 0.052188396 -0.010422282 0.999942839 0.002373750 -0.161285833 -0.000349649 -0.002377523 0.999997139 2.786284685
0.999950528 0.009920209 0.000643795 0.046843458 -0.009921389 0.999949038 0.001857172 -0.156261683 -0.000625339 -0.001863467 0.999998033 3.005194187
0.999947071 0.010281112 0.000386552 0.051915124 -0.010282000 0.999944448 0.002372743 -0.172190592 -0.000362136 -0.002376592 0.999997139 3.225467920
0.999945700 0.010421121 -0.000067972 0.062026396 -0.010420982 0.999944091 0.001795391 -0.174425215 0.000086678 -0.001794585 0.999998391 3.470714331
0.999946594 0.010333804 -0.000307047 0.066568837 -0.010333275 0.999945164 0.001680555 -0.177660808 0.000324397 -0.001677292 0.999998569 3.736943483
0.999963701 0.008529646 -0.000160535 0.080887392 -0.008529379 0.999962330 0.001606173 -0.186058611 0.000174229 -0.001604745 0.999998629 3.973212481
0.999951482 0.009829664 0.000631191 0.080857523 -0.009831119 0.999948919 0.002346269 -0.198533162 -0.000608096 -0.002352361 0.999997020 4.215405464
0.999951422 0.009804072 0.001032252 0.085125454 -0.009806367 0.999949396 0.002242072 -0.202829629 -0.001010219 -0.002252085 0.999996901 4.474428177
0.999952912 0.009670225 0.000949706 0.081898339 -0.009671880 0.999951720 0.001752089 -0.204126358 -0.000932717 -0.001761191 0.999998033 4.732108593
0.999950528 0.009904967 0.000946779 0.090353929 -0.009906962 0.999948740 0.002124836 -0.212593198 -0.000925684 -0.002134111 0.999997318 4.991217136
0.999954879 0.009499905 -0.000136893 0.110670000 -0.009499620 0.999952972 0.001949931 -0.228841618 0.000155411 -0.001948543 0.999998093 5.247055054
0.999945879 0.010405200 0.000074553 0.112939253 -0.010405364 0.999942183 0.002718544 -0.239041880 -0.000046262 -0.002719173 0.999996305 5.509539127
0.999947190 0.010280440 -0.000032922 0.115752392 -0.010280280 0.999942005 0.003214139 -0.248052329 0.000065962 -0.003213630 0.999994874 5.781488419
0.999960005 0.008923472 -0.000486116 0.137737051 -0.008921717 0.999954104 0.003495929 -0.271056592 0.000517290 -0.003491452 0.999993742 6.026721001
0.999962449 0.008665235 -0.000277137 0.141958505 -0.008664167 0.999955952 0.003638941 -0.278129697 0.000308657 -0.003636404 0.999993265 6.310167313
0.999942183 0.010753434 0.000156200 0.148603067 -0.010753896 0.999936581 0.003334525 -0.281137675 -0.000120333 -0.003336012 0.999994457 6.587047100
0.999942660 0.010685883 0.000748505 0.152386218 -0.010688657 0.999935687 0.003803666 -0.292690933 -0.000707811 -0.003811449 0.999992490 6.879512787
0.999951839 0.009809819 -0.000376691 0.157221392 -0.009808606 0.999947011 0.003098925 -0.300306290 0.000407071 -0.003095081 0.999995112 7.154704571
0.999952912 0.009698329 -0.000347987 0.167088434 -0.009697242 0.999948621 0.002997437 -0.300388634 0.000377040 -0.002993922 0.999995410 7.470511436
0.999944627 0.010495327 -0.000766365 0.197294563 -0.010492407 0.999938011 0.003721354 -0.318903923 0.000805375 -0.003713107 0.999992788 7.773351192
0.999955535 0.009422767 0.000050635 0.174175724 -0.009422878 0.999950886 0.003053525 -0.315412492 -0.000021860 -0.003053866 0.999995351 8.108067513
0.999951720 0.009822403 0.000160911 0.177154958 -0.009822896 0.999945879 0.003422171 -0.331873894 -0.000127288 -0.003423587 0.999994099 8.412493706
0.999940813 0.010785451 0.001436595 0.171738759 -0.010790867 0.999934494 0.003817371 -0.343472302 -0.001395329 -0.003832647 0.999991655 8.750549316
0.999931514 0.011683321 0.000552350 0.194075182 -0.011685625 0.999922276 0.004375145 -0.373759270 -0.000501191 -0.004381301 0.999990284 9.085860252
0.999949455 0.010047381 0.000208561 0.198177889 -0.010048081 0.999942720 0.003687855 -0.355099827 -0.000171495 -0.003689765 0.999993145 9.445262909
0.999944985 0.010483117 0.000422845 0.190220073 -0.010484654 0.999937773 0.003816191 -0.365098715 -0.000382814 -0.003820414 0.999992609 9.777385712
0.999945760 0.010308444 0.001472455 0.171689183 -0.010311971 0.999943912 0.002408171 -0.351835072 -0.001447548 -0.002423225 0.999995947 10.156323433
0.999952376 0.009745217 0.000464879 0.212354422 -0.009746917 0.999945223 0.003810102 -0.389935106 -0.000427723 -0.003814452 0.999992549 10.521236420
0.999942541 0.010704800 0.000616062 0.220107719 -0.010706928 0.999936461 0.003562409 -0.393627107 -0.000577887 -0.003568801 0.999993443 10.883212090
0.999946952 0.010248370 0.001012394 0.226179793 -0.010252367 0.999939322 0.004024517 -0.410455048 -0.000971087 -0.004034684 0.999991357 11.269675255
0.999940038 0.010904745 0.000934578 0.244631872 -0.010908919 0.999929905 0.004584490 -0.419836670 -0.000884521 -0.004594410 0.999989033 11.625349998
0.999943197 0.010640870 0.000603582 0.251392812 -0.010643190 0.999935448 0.003979173 -0.429416597 -0.000561201 -0.003985371 0.999991894 12.011565208
0.999945819 0.010309293 0.001448506 0.255164951 -0.010314356 0.999940574 0.003531987 -0.423960030 -0.001412007 -0.003546736 0.999992728 12.402709961
0.999959469 0.008988032 0.000342556 0.278912455 -0.008989426 0.999950290 0.004317220 -0.446729720 -0.000303736 -0.004320125 0.999990642 12.809131622
0.999944985 0.010447240 0.000965815 0.275687963 -0.010451233 0.999936461 0.004226672 -0.452640265 -0.000921597 -0.004236534 0.999990582 13.199213028
0.999956310 0.009306502 0.000905383 0.288472861 -0.009309914 0.999949276 0.003840847 -0.464914411 -0.000869592 -0.003849108 0.999992192 13.609060287
0.999950290 0.009916657 0.001046745 0.298401594 -0.009920970 0.999941885 0.004198199 -0.470212370 -0.001005053 -0.004208374 0.999990642 14.026287079
0.999948025 0.010091119 0.001470743 0.302951217 -0.010096994 0.999940872 0.004044007 -0.485460967 -0.001429848 -0.004058647 0.999990761 14.433680534
0.999945343 0.010334095 0.001574047 0.314836025 -0.010340535 0.999937952 0.004140006 -0.492148876 -0.001531166 -0.004156056 0.999990165 14.858498573
0.999942183 0.010555175 0.002117267 0.319010794 -0.010564044 0.999935269 0.004222121 -0.504147768 -0.002072565 -0.004244243 0.999988854 15.294905663
0.999932826 0.011386246 0.002165404 0.328068703 -0.011394934 0.999926925 0.004042751 -0.512751043 -0.002119214 -0.004067154 0.999989510 15.735640526
0.999945521 0.010214855 0.002153009 0.343622208 -0.010224084 0.999938369 0.004319808 -0.523792028 -0.002108749 -0.004341585 0.999988317 16.171369553
0.999939740 0.010644096 0.002662646 0.346808791 -0.010654123 0.999936104 0.003781130 -0.530813515 -0.002622230 -0.003809270 0.999989331 16.621202469
0.999936640 0.010866078 0.002918468 0.351370752 -0.010878581 0.999931574 0.004303310 -0.545042396 -0.002871508 -0.004334786 0.999986470 17.070451736
0.999937415 0.010648781 0.003422169 0.360786915 -0.010665490 0.999931037 0.004901611 -0.563914657 -0.003369737 -0.004937803 0.999982119 17.524629593
0.999932706 0.011024505 0.003617274 0.372639000 -0.011042277 0.999926805 0.004930450 -0.577603817 -0.003562654 -0.004970062 0.999981225 17.992572784
0.999942005 0.010013619 0.003963602 0.369341105 -0.010034947 0.999935031 0.005398068 -0.603194714 -0.003909289 -0.005437529 0.999977589 18.471809387
0.999934673 0.010378746 0.004785009 0.379563212 -0.010409155 0.999925494 0.006374562 -0.626470387 -0.004718492 -0.006423953 0.999968231 18.926900864
0.999942780 0.010175794 0.003294849 0.404972076 -0.010197657 0.999925613 0.006688261 -0.661258698 -0.003226545 -0.006721478 0.999972224 19.443283081
0.999944270 0.009904342 0.003688352 0.405097425 -0.009926882 0.999931872 0.006143466 -0.664452434 -0.003627253 -0.006179737 0.999974310 19.925624847
0.999941766 0.010205951 0.003509569 0.417429686 -0.010225526 0.999932051 0.005606011 -0.673390687 -0.003452116 -0.005641571 0.999978125 20.420724869
0.999940872 0.010107066 0.004017497 0.415166676 -0.010136338 0.999921739 0.007333462 -0.706508160 -0.003943063 -0.007373751 0.999965012 20.892925262
0.999945700 0.009779667 0.003598419 0.418892682 -0.009806959 0.999922693 0.007646461 -0.715386569 -0.003523360 -0.007681336 0.999964297 21.413311005
0.999938011 0.010565086 0.003517045 0.421510875 -0.010590704 0.999916911 0.007346872 -0.726509094 -0.003439133 -0.007383665 0.999966741 21.912017822
0.999934196 0.011030504 0.003134723 0.430832922 -0.011050648 0.999917924 0.006483622 -0.723508716 -0.003062949 -0.006517837 0.999974072 22.440853119
0.999934554 0.011147227 0.002580072 0.436373949 -0.011164675 0.999914348 0.006850277 -0.747740149 -0.002503489 -0.006878635 0.999973238 22.958482742
0.999940097 0.010731021 0.002123391 0.449054420 -0.010745866 0.999916971 0.007108472 -0.758259594 -0.002046935 -0.007130865 0.999972463 23.474248886
0.999958396 0.008976271 0.001574871 0.458423376 -0.008986161 0.999939203 0.006389852 -0.769071877 -0.001517418 -0.006403739 0.999978364 24.007164001
0.999944806 0.010475310 0.000798485 0.466740966 -0.010481321 0.999913573 0.007938953 -0.792513192 -0.000715253 -0.007946884 0.999968171 24.536788940
0.999944448 0.010539154 0.000093563 0.480521649 -0.010539556 0.999917865 0.007294135 -0.796651721 -0.000016682 -0.007294716 0.999973416 25.085620880
0.999952257 0.009748776 -0.000606574 0.489034295 -0.009744067 0.999925673 0.007332591 -0.807787299 0.000678012 -0.007326331 0.999972939 25.631832123
0.999950469 0.009858085 -0.001355884 0.500908434 -0.009848148 0.999925911 0.007150597 -0.820164561 0.001426275 -0.007136890 0.999973536 26.183376312
0.999956667 0.008960349 -0.002500163 0.507389486 -0.008939280 0.999925435 0.008314631 -0.839331329 0.002574479 -0.008291922 0.999962330 26.728322983
0.999943495 0.010475188 -0.001797782 0.510076702 -0.010460682 0.999914110 0.007897178 -0.855666280 0.001880352 -0.007877925 0.999967217 27.282310486
0.999939620 0.010733535 -0.002342375 0.527592778 -0.010714715 0.999911487 0.007903200 -0.859134912 0.002426997 -0.007877626 0.999965966 27.830295563
0.999943435 0.010394271 -0.002217537 0.524269998 -0.010375577 0.999911904 0.008280952 -0.888840556 0.002303417 -0.008257478 0.999963164 28.379446030
0.999942362 0.010279092 -0.003105970 0.548834205 -0.010251557 0.999909103 0.008754452 -0.902637184 0.003195675 -0.008722106 0.999956846 28.923070908
0.999935627 0.010840622 -0.003352149 0.557775974 -0.010812434 0.999906957 0.008315556 -0.900227308 0.003441984 -0.008278777 0.999959826 29.462455750
0.999932051 0.011080522 -0.003609252 0.553488910 -0.011049883 0.999903798 0.008400816 -0.918099880 0.003701990 -0.008360366 0.999958158 29.993143082
0.999933243 0.010887059 -0.003865432 0.571196437 -0.010853394 0.999903917 0.008626063 -0.931014240 0.003958973 -0.008583535 0.999955297 30.536632538
0.999930739 0.011036170 -0.004072054 0.575548172 -0.011002379 0.999905586 0.008229136 -0.935047209 0.004162487 -0.008183764 0.999957860 31.083038330
0.999933481 0.010590982 -0.004561662 0.583596289 -0.010551290 0.999907017 0.008639142 -0.950902343 0.004652735 -0.008590437 0.999952257 31.623823166
0.999927640 0.011175632 -0.004443917 0.593952298 -0.011138830 0.999904156 0.008221407 -0.959302783 0.004535371 -0.008171313 0.999956250 32.156230927
0.999924242 0.011510132 -0.004368632 0.594573855 -0.011472682 0.999898016 0.008503120 -0.967980027 0.004466058 -0.008452356 0.999954283 32.697814941
0.999921441 0.011530283 -0.004938250 0.601946235 -0.011486963 0.999896049 0.008712769 -0.987865508 0.005038198 -0.008655358 0.999949872 33.243000031
0.999922156 0.011580813 -0.004632834 0.615018129 -0.011542490 0.999899626 0.008214782 -0.992231369 0.004727503 -0.008160668 0.999955535 33.784461975
0.999926627 0.011125208 -0.004793462 0.624878526 -0.011084426 0.999902844 0.008452035 -1.002918839 0.004887027 -0.008398282 0.999952793 34.317558289
0.999924541 0.011244349 -0.004929774 0.632246792 -0.011201965 0.999900758 0.008542479 -1.015287161 0.005025340 -0.008486614 0.999951303 34.884620667
0.999924242 0.011243835 -0.005002234 0.642034352 -0.011201155 0.999901414 0.008479549 -1.021455407 0.005097083 -0.008422877 0.999951541 35.434017181
0.999934077 0.010325613 -0.005017940 0.636285782 -0.010278914 0.999904454 0.009244675 -1.044590950 0.005112918 -0.009192487 0.999944687 35.952598572
0.999918282 0.012024883 -0.004328093 0.638915181 -0.011985028 0.999886572 0.009119208 -1.058306575 0.004437259 -0.009066592 0.999948978 36.503028870
0.999927640 0.010969901 -0.004941622 0.655097306 -0.010929678 0.999907494 0.008094338 -1.046118498 0.005029960 -0.008039741 0.999955058 37.051818848
0.999924242 0.011146829 -0.005209093 0.661563516 -0.011099603 0.999897838 0.009008430 -1.067799091 0.005308976 -0.008949930 0.999945819 37.608058929
0.999922872 0.011480723 -0.004739115 0.661567569 -0.011437594 0.999893844 0.009029341 -1.081090331 0.004842275 -0.008974440 0.999948025 38.149814606
0.999914646 0.012194934 -0.004688405 0.676437676 -0.012153981 0.999888599 0.008666376 -1.084361911 0.004793569 -0.008608654 0.999951422 38.707557678
0.999914706 0.012044251 -0.005045992 0.679646015 -0.011998980 0.999888361 0.008907785 -1.100974560 0.005152717 -0.008846479 0.999947608 39.234340668
0.999916375 0.011743456 -0.005417518 0.686890543 -0.011694345 0.999891043 0.009009724 -1.112587333 0.005522734 -0.008945617 0.999944687 39.751388550
0.999910116 0.012462628 -0.004942134 0.691050231 -0.012424055 0.999892712 0.007760446 -1.107733369 0.005038318 -0.007698346 0.999957621 40.322860718
0.999901831 0.012944762 -0.005362438 0.699257493 -0.012903251 0.999886990 0.007704921 -1.119653344 0.005461570 -0.007634971 0.999955952 40.886329651
0.999904215 0.012241016 -0.006462788 0.711893201 -0.012188819 0.999893248 0.008055000 -1.129264355 0.006560700 -0.007975454 0.999946594 41.435985565
0.999904156 0.012560347 -0.005822197 0.709405422 -0.012517442 0.999894679 0.007348094 -1.133616209 0.005913877 -0.007274510 0.999956071 41.981590271
0.999900401 0.013057602 -0.005379659 0.709703803 -0.013018942 0.999889612 0.007159910 -1.147166252 0.005472558 -0.007089158 0.999959826 42.517711639
0.999903679 0.012462957 -0.006108051 0.731180727 -0.012418315 0.999896288 0.007293056 -1.155333638 0.006198310 -0.007216502 0.999954700 43.089946747
0.999894559 0.013128382 -0.006196790 0.730162621 -0.013082188 0.999886692 0.007437255 -1.182629824 0.006293728 -0.007355403 0.999953151 43.618171692
0.999897242 0.012893424 -0.006262781 0.734090090 -0.012847316 0.999890387 0.007347843 -1.183461905 0.006356834 -0.007266629 0.999953389 44.162326813
0.999900639 0.012643682 -0.006234656 0.740645707 -0.012597965 0.999893785 0.007318321 -1.195757866 0.006326524 -0.007239049 0.999953806 44.699462891
0.999898970 0.012604409 -0.006561090 0.761374831 -0.012557425 0.999895573 0.007153590 -1.201778650 0.006650572 -0.007070477 0.999952912 45.264774323
0.999904037 0.012271541 -0.006425076 0.767201066 -0.012224837 0.999898911 0.007258453 -1.216701388 0.006513499 -0.007179211 0.999953032 45.803039551
0.999901891 0.011559321 -0.007913445 0.802107096 -0.011512383 0.999916017 0.005951387 -1.206800461 0.007981574 -0.005859700 0.999951005 46.348716736
0.999894977 0.012458820 -0.007407371 0.803218067 -0.012415291 0.999905527 0.005893552 -1.215896368 0.007480097 -0.005800968 0.999955237 46.901512146
0.999900341 0.013203224 -0.005003497 0.750682473 -0.013167343 0.999887824 0.007137606 -1.242640972 0.005097175 -0.007071013 0.999962032 47.437084198
0.999896824 0.013210800 -0.005629034 0.769032300 -0.013172943 0.999890745 0.006709910 -1.250952959 0.005717061 -0.006635069 0.999961674 47.974861145
0.999898732 0.013313635 -0.005027757 0.772908449 -0.013278615 0.999887764 0.006935859 -1.259968758 0.005119534 -0.006868396 0.999963284 48.520610809
0.999900341 0.013340221 -0.004617264 0.778271377 -0.013308684 0.999888480 0.006794440 -1.275135517 0.004707388 -0.006732314 0.999966264 49.067565918
0.999904037 0.013141418 -0.004381065 0.787359536 -0.013115082 0.999896049 0.005986739 -1.276042223 0.004459284 -0.005928707 0.999972463 49.622768402
0.999906421 0.012912090 -0.004520035 0.789443374 -0.012881593 0.999894500 0.006712493 -1.293500185 0.004606230 -0.006653639 0.999967277 50.163799286
0.999910176 0.012729770 -0.004220201 0.794397414 -0.012702837 0.999899149 0.006349032 -1.305819511 0.004300598 -0.006294853 0.999970853 50.693302155
0.999904335 0.013353888 -0.003601908 0.789452434 -0.013326480 0.999882877 0.007528821 -1.323684454 0.003702026 -0.007480101 0.999965131 51.220298767
0.999904871 0.013234797 -0.003864921 0.803818047 -0.013206828 0.999887049 0.007174798 -1.332514286 0.003959441 -0.007123073 0.999966800 51.773704529
0.999909759 0.012869661 -0.003856936 0.812309265 -0.012841761 0.999891818 0.007173073 -1.348388672 0.003948834 -0.007122895 0.999966860 52.301715851
0.999911547 0.012579238 -0.004319001 0.823737562 -0.012551809 0.999901175 0.006320385 -1.350797057 0.004398080 -0.006265614 0.999970675 52.848899841
0.999915898 0.012630804 -0.002933276 0.812559187 -0.012610372 0.999896824 0.006883123 -1.370755434 0.003019912 -0.006845555 0.999971986 53.369106293
0.999908686 0.013108615 -0.003280630 0.831725657 -0.013087029 0.999893129 0.006516885 -1.379378080 0.003365707 -0.006473355 0.999973357 53.899951935
0.999914229 0.012721271 -0.003118856 0.834449530 -0.012701094 0.999898791 0.006405919 -1.389085889 0.003200032 -0.006365758 0.999974608 54.436519623
0.999917150 0.012354424 -0.003616658 0.855457902 -0.012329456 0.999900460 0.006846659 -1.405311346 0.003700885 -0.006801500 0.999969959 54.974884033
0.999907017 0.013364124 -0.002721560 0.850077808 -0.013347845 0.999893367 0.005914669 -1.399503708 0.002800315 -0.005877791 0.999978721 55.530239105
0.999915421 0.012686548 -0.002869895 0.857937455 -0.012669900 0.999903202 0.005746611 -1.409224272 0.002942522 -0.005709763 0.999979377 56.065338135
0.999914527 0.012671737 -0.003217786 0.881940842 -0.012654752 0.999906123 0.005244555 -1.421165466 0.003283941 -0.005203387 0.999981046 56.590831757
0.999908864 0.013233504 -0.002657391 0.878649354 -0.013218305 0.999896586 0.005658001 -1.429960132 0.002731991 -0.005622359 0.999980450 57.140762329
0.999900818 0.013760671 -0.002986891 0.890774608 -0.013746799 0.999894857 0.004615942 -1.436476469 0.003050095 -0.004574424 0.999984860 57.679477692
0.999912620 0.012736666 -0.003537055 0.910059333 -0.012718122 0.999905527 0.005216872 -1.449377894 0.003603167 -0.005171432 0.999980152 58.225444794
0.999911070 0.012982401 -0.003030863 0.910543203 -0.012968455 0.999905407 0.004576216 -1.449270606 0.003089987 -0.004536503 0.999984920 58.780586243
0.999912381 0.013005662 -0.002449104 0.914174795 -0.012994773 0.999905825 0.004411145 -1.469659805 0.002506243 -0.004378933 0.999987245 59.329524994
0.999909520 0.013150660 -0.002822196 0.926933885 -0.013139442 0.999905825 0.003957591 -1.472549081 0.002873975 -0.003920151 0.999988139 59.875301361
0.999913335 0.013041125 -0.001785284 0.925765455 -0.013033336 0.999905765 0.004306145 -1.482204914 0.001841273 -0.004282503 0.999989152 60.424476624
0.999899268 0.014034719 -0.002130278 0.936594546 -0.014024346 0.999890089 0.004809371 -1.500859261 0.002197543 -0.004779011 0.999986112 60.979614258
0.999905348 0.013551571 -0.002367328 0.954202116 -0.013542842 0.999901593 0.003665253 -1.501937747 0.002416765 -0.003632846 0.999990463 61.513305664
0.999912858 0.012860895 -0.002980175 0.976274312 -0.012848996 0.999909461 0.003978656 -1.521838903 0.003031075 -0.003940016 0.999987662 62.053821564
0.999911308 0.013109834 -0.002359259 0.982737184 -0.013099211 0.999904156 0.004463446 -1.545176864 0.002417548 -0.004432146 0.999987245 62.599548340
0.999917805 0.012593425 -0.002398538 0.987624466 -0.012583764 0.999912739 0.004001558 -1.549648285 0.002448722 -0.003971046 0.999989092 63.131301880
0.999909341 0.013242070 -0.002446523 0.996852338 -0.013231510 0.999903202 0.004283492 -1.565385222 0.002503009 -0.004250732 0.999987841 63.676845551
0.999909282 0.013325162 -0.001979398 1.006637216 -0.013316219 0.999901354 0.004464698 -1.581363678 0.002038696 -0.004437936 0.999988019 64.227615356
0.999908090 0.013327250 -0.002455811 1.011014342 -0.013314703 0.999898493 0.005056574 -1.596584082 0.002522952 -0.005023411 0.999984205 64.767730713
0.999910295 0.013090808 -0.002805486 1.032775402 -0.013074909 0.999898791 0.005612030 -1.621932745 0.002878668 -0.005574846 0.999980330 65.301513672
0.999912143 0.012978990 -0.002700426 1.033229470 -0.012965736 0.999904096 0.004868995 -1.627592921 0.002763362 -0.004833554 0.999984503 65.843917847
0.999911010 0.013036090 -0.002807993 1.040267944 -0.013022591 0.999903798 0.004773317 -1.637497663 0.002869948 -0.004736325 0.999984682 66.399528503
0.999913990 0.012836603 -0.002682111 1.049676418 -0.012822724 0.999904633 0.005129417 -1.657855749 0.002747699 -0.005094584 0.999983251 66.927978516
0.999914885 0.012788905 -0.002582978 1.058210373 -0.012775934 0.999906003 0.004977868 -1.664280891 0.002646397 -0.004944444 0.999984264 67.485282898
0.999917209 0.012642770 -0.002405319 1.059607863 -0.012630490 0.999907434 0.005054634 -1.682597518 0.002469001 -0.005023835 0.999984324 68.040779114
0.999904990 0.013648919 -0.001927751 1.059055328 -0.013639012 0.999894321 0.005060954 -1.696057200 0.001996624 -0.005034181 0.999985278 68.592353821
0.999908924 0.013321758 -0.002151690 1.070120811 -0.013311762 0.999900818 0.004595923 -1.704420447 0.002212702 -0.004566862 0.999987125 69.139999390
0.999899209 0.014099458 -0.001666263 1.077909946 -0.014091305 0.999889135 0.004808502 -1.719345450 0.001733876 -0.004784537 0.999987066 69.690330505
0.999905884 0.013595437 -0.001837340 1.084194660 -0.013586486 0.999896169 0.004799098 -1.730231166 0.001902395 -0.004773683 0.999986708 70.216896057
0.999896467 0.014141788 -0.002663866 1.101621270 -0.014128415 0.999887824 0.004973945 -1.748669267 0.002733908 -0.004935794 0.999984026 70.763633728
0.999906778 0.013358898 -0.002832128 1.121928096 -0.013346341 0.999901175 0.004407342 -1.757985830 0.002890725 -0.004369132 0.999986231 71.308013916
0.999907911 0.013378148 -0.002283753 1.117627621 -0.013367496 0.999899983 0.004617281 -1.765680075 0.002345295 -0.004586328 0.999986708 71.862533569
0.999902070 0.013848335 -0.002080032 1.125063181 -0.013836636 0.999888957 0.005538068 -1.793163300 0.002156494 -0.005508744 0.999982476 72.393600464
0.999895632 0.014318918 -0.001978929 1.134557128 -0.014308495 0.999884188 0.005186156 -1.798647642 0.002052960 -0.005157299 0.999984622 72.937751770
0.999907732 0.013350041 -0.002475121 1.148793697 -0.013337327 0.999898136 0.005082511 -1.807471752 0.002542720 -0.005049031 0.999984026 73.491050720
0.999897718 0.014108487 -0.002314610 1.157888889 -0.014096120 0.999886751 0.005273751 -1.825866699 0.002388753 -0.005240585 0.999983430 74.037582397
0.999909341 0.013132782 -0.002967920 1.173506141 -0.013117816 0.999901414 0.005006215 -1.836434364 0.003033373 -0.004966829 0.999983072 74.570755005
0.999911726 0.012972049 -0.002861131 1.183663249 -0.012957159 0.999902725 0.005163241 -1.852354050 0.002927830 -0.005125714 0.999982595 75.116615295
0.999908507 0.013093319 -0.003399492 1.200680852 -0.013076055 0.999901891 0.005051138 -1.862419724 0.003465294 -0.005006225 0.999981403 75.652427673
0.999900162 0.013703899 -0.003443336 1.204388142 -0.013686160 0.999893188 0.005123767 -1.880552053 0.003513184 -0.005076129 0.999980927 76.203865051
0.999906898 0.013253608 -0.003233291 1.212145805 -0.013238476 0.999901533 0.004657303 -1.886245966 0.003294697 -0.004614066 0.999983907 76.772758484
0.999912381 0.012820140 -0.003275642 1.225914478 -0.012804462 0.999906778 0.004762907 -1.900248289 0.003336398 -0.004720548 0.999983311 77.302742004
0.999915004 0.012515250 -0.003638252 1.225810289 -0.012496425 0.999908745 0.005151464 -1.916160226 0.003702392 -0.005105562 0.999980092 77.842247009
0.999910474 0.012847750 -0.003731496 1.241561294 -0.012829356 0.999905646 0.004911888 -1.928662419 0.003794251 -0.004863576 0.999980986 78.375343323
0.999911487 0.012769774 -0.003737642 1.250367641 -0.012752316 0.999907792 0.004658154 -1.934755802 0.003796781 -0.004610078 0.999982178 78.912452698
0.999909818 0.012939004 -0.003596869 1.251047015 -0.012920925 0.999903977 0.005004453 -1.953596830 0.003661277 -0.004957526 0.999980986 79.454780579
0.999902368 0.013640996 -0.003036694 1.258009076 -0.013625000 0.999893486 0.005227706 -1.971214771 0.003107682 -0.005185821 0.999981701 80.015991211
0.999910057 0.013190071 -0.002439423 1.266473651 -0.013178619 0.999902308 0.004653361 -1.975092649 0.002500563 -0.004620794 0.999986112 80.552452087
0.999908328 0.013516439 -0.000932622 1.269823670 -0.013511152 0.999893785 0.005462187 -1.997763276 0.001006352 -0.005449085 0.999984562 81.095855713
0.999904752 0.013798375 0.000077591 1.281674147 -0.013798589 0.999892831 0.004890723 -2.006446838 -0.000010098 -0.004891328 0.999988019 81.648185730
0.999913156 0.013130873 0.001127261 1.301611900 -0.013136027 0.999902666 0.004693283 -2.006779909 -0.001065524 -0.004707683 0.999988317 82.204681396
0.999893248 0.013764025 0.004904225 1.312264919 -0.013788464 0.999892533 0.004984949 -2.025610685 -0.004835085 -0.005052038 0.999975562 82.740112305
0.999880254 0.013090415 0.008253900 1.335259914 -0.013131999 0.999901235 0.005004229 -2.033650637 -0.008187578 -0.005112019 0.999953389 83.275764465
0.999850929 0.012906563 0.011469129 1.351689100 -0.012944393 0.999911010 0.003230372 -2.028106451 -0.011426415 -0.003378351 0.999929011 83.823966980
0.999763250 0.013757721 0.016856536 1.367834926 -0.013838569 0.999893188 0.004689048 -2.057986975 -0.016790230 -0.004921208 0.999846935 84.367660522
0.999644339 0.014051304 0.022664379 1.397491217 -0.014154223 0.999890208 0.004386913 -2.065140724 -0.022600247 -0.004706150 0.999733508 84.911445618
0.999496102 0.013509998 0.028721392 1.427277446 -0.013632802 0.999898672 0.004084189 -2.078827143 -0.028663304 -0.004473684 0.999579132 85.449684143
0.999317706 0.013263570 0.034470394 1.458504200 -0.013417235 0.999901056 0.004230373 -2.093763828 -0.034410883 -0.004689984 0.999396741 85.990921021
0.998978257 0.013295779 0.043193739 1.495330811 -0.013476552 0.999901533 0.003896628 -2.101565599 -0.043137677 -0.004474748 0.999059260 86.548385620
0.998574793 0.013702044 0.051583737 1.541453838 -0.013931050 0.999894559 0.004082539 -2.118172884 -0.051522370 -0.004795335 0.998660326 87.101097107
0.998168230 0.013975302 0.058862921 1.580971956 -0.014234698 0.999890745 0.003989736 -2.132115126 -0.058800723 -0.004820324 0.998258114 87.650810242
0.997616887 0.013800154 0.067602888 1.638082981 -0.014037468 0.999896884 0.003036635 -2.136378288 -0.067553990 -0.003978372 0.997707605 88.197959900
0.996886849 0.013112790 0.077747464 1.699360847 -0.013435962 0.999903083 0.003635010 -2.156445265 -0.077692263 -0.004668305 0.996966481 88.731582642
0.996147513 0.012784491 0.086757906 1.757852077 -0.013069498 0.999910891 0.002717824 -2.160442591 -0.086715437 -0.003841235 0.996225715 89.286262512
0.995384216 0.012664381 0.095131025 1.823630810 -0.012962405 0.999912739 0.002515435 -2.175502062 -0.095090888 -0.003736950 0.995461583 89.834365845
0.994322717 0.013286715 0.105573624 1.903626919 -0.013624479 0.999904096 0.002478725 -2.189084530 -0.105530560 -0.003903038 0.994408369 90.380249023
0.993071735 0.013376926 0.116746604 1.979706764 -0.013718484 0.999903619 0.002122535 -2.197875261 -0.116706960 -0.003709415 0.993159473 90.936431885
0.991990268 0.012732749 0.125671178 2.068592072 -0.013099711 0.999912143 0.002094032 -2.214385748 -0.125633448 -0.003723516 0.992069721 91.484779358
0.990450799 0.013255077 0.137227669 2.160065651 -0.013658145 0.999904752 0.001996008 -2.222969770 -0.137188137 -0.003851222 0.990537643 92.029014587
0.988710880 0.012744387 0.149292529 2.261522293 -0.013173046 0.999911606 0.001882728 -2.239232779 -0.149255276 -0.003828112 0.988791287 92.564041138
0.986959696 0.013041718 0.160438493 2.363915443 -0.013518961 0.999906838 0.001883367 -2.255660295 -0.160399035 -0.004027769 0.987044036 93.114471436
0.985207438 0.012775886 0.170888722 2.480480194 -0.013312710 0.999909401 0.001995767 -2.270718336 -0.170847759 -0.004241236 0.985288322 93.646606445
0.982895970 0.012505191 0.183736563 2.601483345 -0.012927988 0.999915838 0.001103354 -2.277135849 -0.183707267 -0.003459826 0.982974887 94.180274963
0.980467200 0.012126300 0.196308360 2.724630356 -0.012582843 0.999920249 0.001078577 -2.287815332 -0.196279645 -0.003527627 0.980541587 94.705886841
0.978400409 0.011787418 0.206382290 2.856306076 -0.012260091 0.999924242 0.001011475 -2.299495459 -0.206354752 -0.003519893 0.978470922 95.240257263
0.975498855 0.011839952 0.219685704 2.991111755 -0.012347679 0.999923468 0.000938174 -2.322013140 -0.219657749 -0.003627797 0.975570261 95.762496948
0.972387731 0.012441841 0.233039349 3.144987106 -0.012959596 0.999915779 0.000690693 -2.328882933 -0.233011127 -0.003691717 0.972467065 96.302894592
0.969652474 0.011922088 0.244196564 3.289617538 -0.012522282 0.999921143 0.000905477 -2.347527504 -0.244166523 -0.003935896 0.969725311 96.822830200
0.966551065 0.011292116 0.256225884 3.445981979 -0.011924938 0.999928415 0.000916188 -2.358630896 -0.256197304 -0.003941020 0.966616511 97.331344604
0.962644935 0.011824196 0.270508677 3.617219925 -0.012440704 0.999922395 0.000564498 -2.372883558 -0.270481020 -0.003908729 0.962717354 97.880889893
0.958955407 0.011538798 0.283321798 3.776355743 -0.012040293 0.999927521 0.000028743 -2.379210711 -0.283300966 -0.003438841 0.959024906 98.389198303
0.955652118 0.010706289 0.294303298 3.966354370 -0.011272695 0.999936461 0.000228215 -2.394756079 -0.294282079 -0.003535684 0.955712080 98.892631531
0.951300025 0.010728412 0.308079898 4.147708893 -0.011059616 0.999938726 -0.000671054 -2.399715662 -0.308068126 -0.002768872 0.951360285 99.409133911
0.946793437 0.010539043 0.321669221 4.349523544 -0.010989638 0.999939620 -0.000414983 -2.423268318 -0.321654171 -0.003142126 0.946851969 99.921676636
0.942788780 0.009573516 0.333253145 4.544067383 -0.009980079 0.999950051 -0.000491916 -2.427571535 -0.333241224 -0.002862120 0.942837238 100.427230835
0.938040316 0.009977629 0.346382499 4.753133774 -0.010198705 0.999947250 -0.001184547 -2.440361023 -0.346376061 -0.002421500 0.938092649 100.946411133
0.932741761 0.009667302 0.360415578 4.968088150 -0.009753445 0.999951184 -0.001579801 -2.458828688 -0.360413253 -0.002041747 0.932790518 101.438613892
0.928165793 0.009005866 0.372057974 5.188549042 -0.008956195 0.999958158 -0.001861687 -2.468927383 -0.372059137 -0.001604269 0.928207576 101.945304871
0.923482358 0.009122195 0.383532166 5.423313141 -0.008915397 0.999957502 -0.002316870 -2.485580206 -0.383537084 -0.001279753 0.923524618 102.418540955
0.917452872 0.008197735 0.397759795 5.655391693 -0.008542995 0.999963045 -0.000904156 -2.513549328 -0.397752583 -0.002568540 0.917489111 102.899482727
0.912062943 0.007447869 0.409982532 5.914489746 -0.007127450 0.999971867 -0.002309795 -2.511532784 -0.409988254 -0.000815452 0.912090361 103.403358459
0.906858504 0.006199113 0.421389490 6.148105621 -0.005926046 0.999980509 -0.001957586 -2.525287867 -0.421393394 -0.000721920 0.906877637 103.872978210
0.900224447 0.005734738 0.435388446 6.401744843 -0.005407526 0.999983430 -0.001990537 -2.544580460 -0.435392559 -0.000562444 0.900240541 104.351486206
0.893245697 0.008264611 0.449492902 6.634685516 -0.007919954 0.999965131 -0.002647112 -2.540737629 -0.449499100 -0.001195442 0.893279970 104.861396790
0.887582541 0.007290090 0.460591197 6.932678223 -0.007481621 0.999971032 -0.001409763 -2.581979275 -0.460588187 -0.002194688 0.887611270 105.377876282
0.881880701 0.004772935 0.471448451 7.209114075 -0.004018411 0.999988556 -0.002607117 -2.572555065 -0.471455544 0.000404693 0.881889760 105.819625854
0.875041008 0.005173039 0.484021127 7.497406006 -0.004575467 0.999986529 -0.002415697 -2.615866899 -0.484027177 -0.000100788 0.875052869 106.246940613
0.867921293 0.004605797 0.496680379 7.789077759 -0.004262495 0.999989152 -0.001824587 -2.641605139 -0.496683449 -0.000533499 0.867931604 106.704124451
0.861993432 0.003968012 0.506903946 8.080867767 -0.003384494 0.999992132 -0.002072520 -2.651832819 -0.506908178 0.000070885 0.862000048 107.202682495
