1.000000000 0.000000000 0.000000000 0.000000000 0.000000000 1.000000000 0.000000000 0.000000000 0.000000000 0.000000000 1.000000000 0.000000000
0.999999940 -0.000097641 -0.000271276 0.007241847 0.000097658 1.000000000 0.000063472 -0.000963264 0.000271270 -0.000063499 0.999999940 -0.000884262
1.000000000 0.000031962 -0.000024115 0.000986355 -0.000031961 1.000000000 0.000030311 -0.001572964 0.000024116 -0.000030310 1.000000000 -0.002549324
0.999999940 -0.000220510 -0.000194219 0.007602523 0.000220543 0.999999940 0.000172172 -0.002284500 0.000194181 -0.000172215 0.999999940 -0.002587663
1.000000000 -0.000154862 -0.000159164 0.004634216 0.000154883 1.000000000 0.000130880 -0.001651012 0.000159144 -0.000130905 1.000000000 -0.002512692
1.000000000 -0.000111505 0.000080474 -0.000816834 0.000111510 1.000000000 -0.000057630 -0.000182215 -0.000080468 0.000057639 1.000000000 -0.000699826
1.000000000 -0.000066729 -0.000140974 0.003906221 0.000066754 1.000000000 0.000175772 -0.002749086 0.000140962 -0.000175782 1.000000000 -0.005440677
1.000000000 -0.000115212 -0.000146400 -0.000035312 0.000115215 1.000000000 0.000024476 0.000412382 0.000146397 -0.000024493 1.000000000 0.003350849
1.000000000 -0.000007097 -0.000078140 0.002016474 0.000007106 1.000000000 0.000107087 -0.003086364 0.000078140 -0.000107087 1.000000000 -0.008254264
1.000000000 -0.000141706 -0.000023562 0.001841118 0.000141707 1.000000000 0.000059669 -0.001586901 0.000023554 -0.000059673 1.000000000 -0.006064851
1.000000000 -0.000024078 0.000092976 -0.001948480 0.000024077 1.000000000 0.000009590 -0.000672350 -0.000092976 -0.000009587 1.000000000 -0.003342366
1.000000000 -0.000216381 -0.000075126 0.001156804 0.000216391 0.999999940 0.000133177 -0.003009172 0.000075097 -0.000133193 1.000000000 -0.007973448
1.000000000 -0.000206161 -0.000016702 0.000968262 0.000206162 1.000000000 0.000064823 -0.002384256 0.000016688 -0.000064826 1.000000000 -0.004693677
1.000000000 -0.000136278 -0.000020368 0.001479127 0.000136280 1.000000000 0.000092249 -0.002566890 0.000020355 -0.000092252 1.000000000 -0.007191323
1.000000000 -0.000221058 -0.000089096 0.001130438 0.000221069 0.999999940 0.000131090 -0.001377658 0.000089067 -0.000131109 1.000000000 -0.007630378
0.999999940 -0.000314885 -0.000155475 0.001407629 0.000314903 0.999999940 0.000118137 -0.002793229 0.000155438 -0.000118186 1.000000000 -0.006954893
0.999999940 -0.000290605 -0.000050624 0.000464553 0.000290607 0.999999940 0.000052930 -0.001095087 0.000050609 -0.000052945 1.000000000 -0.007179571
1.000000000 -0.000123411 -0.000051926 0.001981652 0.000123420 1.000000000 0.000180182 -0.004008781 0.000051903 -0.000180189 1.000000000 -0.010654826
0.999999940 -0.000379292 -0.000135337 0.002505309 0.000379325 0.999999881 0.000243521 -0.005081100 0.000135245 -0.000243572 0.999999940 -0.012060046
0.999999940 -0.000315587 -0.000094520 0.003173174 0.000315598 0.999999940 0.000117347 -0.003548503 0.000094483 -0.000117377 1.000000000 -0.011927795
1.000000000 -0.000056420 -0.000084190 0.005177311 0.000056451 0.999999940 0.000363286 -0.006991190 0.000084170 -0.000363291 0.999999940 -0.019288091
1.000000000 -0.000013308 0.000107575 -0.000710653 0.000013301 1.000000000 0.000063708 -0.000899866 -0.000107576 -0.000063706 1.000000000 -0.005662810
0.999999940 -0.000310574 -0.000206406 0.005357996 0.000310630 0.999999940 0.000269847 -0.005411265 0.000206322 -0.000269911 0.999999940 -0.013125993
0.999999940 -0.000349398 -0.000161300 0.001978921 0.000349438 0.999999881 0.000248974 -0.003634562 0.000161213 -0.000249030 0.999999940 -0.006942616
0.999999940 -0.000223475 -0.000206137 0.007360636 0.000223518 0.999999940 0.000207197 -0.003103175 0.000206091 -0.000207243 0.999999940 -0.015098738
0.999999940 -0.000270514 -0.000117825 0.002196870 0.000270544 0.999999940 0.000254719 -0.003433331 0.000117756 -0.000254751 0.999999940 -0.012425255
1.000000000 -0.000185172 -0.000024278 0.000285167 0.000185176 0.999999940 0.000172291 -0.004634582 0.000024246 -0.000172296 1.000000000 -0.012303159
1.000000000 -0.000194868 0.000004988 -0.001138914 0.000194867 0.999999940 0.000262672 -0.003464781 -0.000005039 -0.000262671 0.999999940 -0.010979134
0.999999940 -0.000296064 -0.000130669 0.001060971 0.000296082 0.999999940 0.000136895 -0.001006958 0.000130628 -0.000136934 1.000000000 -0.007390350
1.000000000 -0.000191728 -0.000039372 -0.000261742 0.000191734 0.999999940 0.000154449 -0.001245037 0.000039342 -0.000154456 1.000000000 -0.003839680
0.999999940 -0.000259931 -0.000064482 -0.000721376 0.000259943 0.999999940 0.000179788 -0.002273942 0.000064435 -0.000179805 1.000000000 -0.002227679
0.999999940 -0.000319660 -0.000172253 -0.002242927 0.000319719 0.999999881 0.000344409 -0.003632436 0.000172143 -0.000344464 0.999999940 -0.011395726
0.999999940 -0.000305780 -0.000166225 0.003245020 0.000305822 0.999999940 0.000254181 -0.003286180 0.000166147 -0.000254232 0.999999940 -0.008737170
1.000000000 -0.000153086 -0.000072560 0.000402717 0.000153097 1.000000000 0.000145269 -0.002137118 0.000072538 -0.000145280 1.000000000 -0.005517766
0.999999940 -0.000229912 -0.000086398 0.000130716 0.000229920 0.999999940 0.000089817 -0.001659989 0.000086377 -0.000089837 1.000000000 -0.004572710
0.999999940 -0.000260819 0.000000687 -0.001623514 0.000260819 0.999999940 0.000054805 -0.000925600 -0.000000701 -0.000054805 1.000000000 -0.008399880
0.999999940 -0.000321505 -0.000161254 0.003586181 0.000321524 0.999999940 0.000119644 -0.001475196 0.000161215 -0.000119696 1.000000000 -0.013068938
0.999999940 -0.000304941 -0.000050139 0.000280736 0.000304948 0.999999940 0.000127822 -0.000762474 0.000050100 -0.000127837 1.000000000 -0.007649686
0.999999940 -0.000241045 -0.000116116 0.000369047 0.000241087 0.999999881 0.000354990 -0.003191378 0.000116030 -0.000355018 0.999999940 -0.010541076
0.999999881 -0.000440439 -0.000312894 0.006159151 0.000440530 0.999999881 0.000290261 -0.005686908 0.000312767 -0.000290399 0.999999881 -0.007491046
0.999999940 -0.000283638 -0.000217391 0.009474992 0.000283574 0.999999940 -0.000292686 -0.010393918 0.000217474 0.000292624 0.999999940 0.042578287
0.999999940 -0.000170675 -0.000249581 0.008217146 0.000170416 0.999999464 -0.001036255 -0.006226896 0.000249757 0.001036213 0.999999404 0.142253309
1.000000000 -0.000049222 -0.000057698 0.004121053 0.000049153 0.999999285 -0.001191259 -0.012264104 0.000057756 0.001191256 0.999999285 0.262661368
0.999999821 -0.000585101 0.000038653 0.005588085 0.000585143 0.999999225 -0.001088137 -0.018176248 -0.000038016 0.001088160 0.999999404 0.390312940
1.000000000 0.000118955 -0.000057161 0.008161457 -0.000119020 0.999999344 -0.001132691 -0.021736480 0.000057026 0.001132697 0.999999344 0.532006443
1.000000000 0.000122855 0.000053609 0.013322774 -0.000122795 0.999999344 -0.001123207 -0.028169384 -0.000053747 0.001123200 0.999999344 0.685457587
0.999999940 -0.000212735 0.000342187 0.014856641 0.000213059 0.999999523 -0.000946653 -0.030882485 -0.000341985 0.000946725 0.999999523 0.860122144
0.999999940 -0.000336132 -0.000129392 0.025421537 0.000336051 0.999999762 -0.000629370 -0.036054567 0.000129604 0.000629327 0.999999821 1.024637461
0.999999881 0.000223847 0.000369028 0.015654534 -0.000223562 0.999999702 -0.000770955 -0.036433123 -0.000369201 0.000770872 0.999999642 1.198933840
0.999999940 0.000078095 0.000274705 0.032889988 -0.000077959 0.999999881 -0.000496645 -0.054456037 -0.000274744 0.000496624 0.999999821 1.420657635
1.000000000 0.000128614 -0.000002389 0.035686217 -0.000128615 0.999999940 -0.000305458 -0.062589727 0.000002350 0.000305458 0.999999940 1.591309667
0.999999940 0.000063232 0.000289634 0.030247018 -0.000063292 1.000000000 0.000209281 -0.073217541 -0.000289620 -0.000209299 0.999999940 1.789247036
0.999999344 -0.001031297 -0.000448310 0.041470513 0.001031905 0.999998569 0.001357815 -0.080490328 0.000446909 -0.001358277 0.999998927 1.934200525
0.999999702 -0.000759185 0.000218602 0.040333860 0.000758958 0.999999166 0.001035297 -0.084929749 -0.000219388 -0.001035131 0.999999404 2.159794092
0.999999821 -0.000543461 -0.000185967 0.052341525 0.000543714 0.999998868 0.001360213 -0.094143793 0.000185227 -0.001360314 0.999999046 2.366306782
0.999999881 -0.000463860 -0.000167376 0.059717227 0.000464118 0.999998748 0.001545744 -0.105402075 0.000166659 -0.001545821 0.999998808 2.590518713
0.999999702 -0.000677590 0.000400049 0.058647752 0.000676912 0.999998331 0.001692669 -0.109321944 -0.000401195 -0.001692398 0.999998510 2.827415228
0.999999702 -0.000786997 -0.000018234 0.068656482 0.000787026 0.999998391 0.001619727 -0.114688270 0.000016960 -0.001619741 0.999998689 3.051333189
0.999999821 -0.000642533 -0.000227539 0.076336764 0.000642792 0.999999166 0.001138680 -0.114726827 0.000226807 -0.001138826 0.999999285 3.301748991
0.999999762 -0.000697626 -0.000222562 0.076685980 0.000698000 0.999998331 0.001684111 -0.129853636 0.000221387 -0.001684266 0.999998510 3.533709526
1.000000000 0.000039248 0.000099153 0.083932310 -0.000039419 0.999998510 0.001722438 -0.133015901 -0.000099086 -0.001722441 0.999998510 3.794362545
0.999999344 -0.001132262 -0.000094022 0.090044945 0.001132395 0.999998331 0.001419906 -0.145460576 0.000092414 -0.001420012 0.999998987 4.046556950
0.999999821 -0.000349563 0.000483202 0.085206889 0.000348692 0.999998271 0.001801172 -0.154167339 -0.000483831 -0.001801003 0.999998212 4.295167923
0.999999583 -0.000821274 0.000438220 0.095493145 0.000820374 0.999997556 0.002048996 -0.166985124 -0.000439902 -0.002048636 0.999997795 4.556936741
0.999999523 -0.000872041 0.000154714 0.109320492 0.000871771 0.999998033 0.001740400 -0.168223560 -0.000156232 -0.001740265 0.999998450 4.825152397
0.999999464 -0.000687211 0.000714100 0.104791895 0.000685625 0.999997318 0.002218644 -0.179621100 -0.000715623 -0.002218153 0.999997258 5.071422100
0.999999583 -0.000802029 0.000442604 0.110093102 0.000800827 0.999996066 0.002707161 -0.195336461 -0.000444773 -0.002706806 0.999996185 5.337430954
0.999999404 -0.000231825 0.001057697 0.101853691 0.000229397 0.999997377 0.002294702 -0.200519487 -0.001058226 -0.002294458 0.999996781 5.584815025
0.999999583 -0.000011136 0.000955238 0.110631600 0.000008443 0.999996126 0.002819381 -0.212107107 -0.000955265 -0.002819371 0.999995589 5.869106293
0.999999702 -0.000380602 0.000706296 0.132570624 0.000378459 0.999995410 0.003030381 -0.212165698 -0.000707446 -0.003030112 0.999995172 6.103908539
0.999999523 -0.000639526 0.000820963 0.134227604 0.000637126 0.999995589 0.002920626 -0.224251613 -0.000822827 -0.002920101 0.999995410 6.420687199
0.999999821 0.000120143 0.000563965 0.141689479 -0.000121823 0.999995530 0.002979604 -0.258617520 -0.000563605 -0.002979673 0.999995410 6.709679127
0.999999762 -0.000582452 0.000243858 0.162729591 0.000581660 0.999994576 0.003236168 -0.266919285 -0.000245742 -0.003236026 0.999994755 6.991667747
0.999999702 -0.000770615 0.000164697 0.168065473 0.000770063 0.999994159 0.003329377 -0.278190911 -0.000167261 -0.003329249 0.999994457 7.293140888
0.999999464 -0.000464835 0.000842661 0.168399110 0.000461830 0.999993503 0.003562548 -0.289098024 -0.000844312 -0.003562157 0.999993324 7.616045475
0.999999464 0.000048015 0.000942343 0.174301207 -0.000051515 0.999993086 0.003714467 -0.294612378 -0.000942158 -0.003714514 0.999992669 7.925075531
0.999999225 0.000371554 0.001111176 0.166461200 -0.000375471 0.999993682 0.003527431 -0.298534632 -0.001109858 -0.003527845 0.999993145 8.234705925
0.999999762 -0.000059681 0.000596019 0.176719666 0.000057429 0.999992847 0.003777611 -0.327081978 -0.000596240 -0.003777577 0.999992669 8.588566780
0.999999166 -0.000219673 0.001247024 0.177880347 0.000214058 0.999989808 0.004501053 -0.339330435 -0.001248000 -0.004500783 0.999989152 8.923216820
0.999999285 -0.000289893 0.001217857 0.192345008 0.000283624 0.999986649 0.005144706 -0.357333839 -0.001219332 -0.005144356 0.999985993 9.247124672
0.999998450 -0.001177067 0.001310895 0.198533341 0.001170459 0.999986708 0.005030484 -0.360656470 -0.001316799 -0.005028942 0.999986470 9.601469040
0.999998450 -0.000054101 0.001769070 0.193018034 0.000045444 0.999988019 0.004893484 -0.363559395 -0.001769313 -0.004893396 0.999986470 9.952089310
0.999994934 0.001438596 0.002863690 0.196830884 -0.001453491 0.999985278 0.005206263 -0.382510632 -0.002856158 -0.005210398 0.999982357 10.266079903
0.999998152 0.000334228 0.001876287 0.217984080 -0.000344682 0.999984384 0.005574326 -0.390492946 -0.001874395 -0.005574964 0.999982715 10.608688354
0.999999464 -0.000437731 0.000966294 0.223639935 0.000432102 0.999982893 0.005818664 -0.433888316 -0.000968825 -0.005818243 0.999982595 11.053971291
0.999999642 0.000241446 0.000813731 0.232183695 -0.000246274 0.999982297 0.005938628 -0.446788669 -0.000812283 -0.005938826 0.999982059 11.444377899
0.999999166 -0.000334132 0.001287759 0.237526387 0.000326512 0.999982476 0.005912835 -0.446994901 -0.001289712 -0.005912410 0.999981701 11.842456818
0.999998033 0.000985032 0.001706676 0.245682821 -0.000995967 0.999978900 0.006418061 -0.459907830 -0.001700318 -0.006419749 0.999977887 12.195509911
0.999998748 -0.001134667 0.001097761 0.249006465 0.001127040 0.999975383 0.006923622 -0.504377902 -0.001105590 -0.006922377 0.999975443 12.607037544
0.999998868 -0.001150681 0.001003700 0.264419973 0.001143951 0.999976993 0.006680131 -0.507954121 -0.001011364 -0.006678975 0.999977171 13.009062767
0.999998748 -0.001199733 0.001066645 0.266210377 0.001192492 0.999976397 0.006764019 -0.524181604 -0.001074735 -0.006762737 0.999976575 13.411295891
0.999998093 -0.000941866 0.001765788 0.277561754 0.000928816 0.999972343 0.007376660 -0.528877437 -0.001772687 -0.007375004 0.999971271 13.817984581
0.999998510 -0.000714163 0.001565718 0.276499122 0.000701868 0.999969065 0.007839182 -0.543766260 -0.001571267 -0.007838072 0.999968052 14.215300560
0.999998152 -0.001212305 0.001549216 0.264646292 0.001199981 0.999967813 0.007931714 -0.561622620 -0.001558782 -0.007929838 0.999967396 14.563204765
0.999995768 -0.002720919 0.000983482 0.329527915 0.002712002 0.999956191 0.008956439 -0.659356236 -0.001007808 -0.008953734 0.999959350 15.057871819
0.999993563 -0.003501370 0.000791620 0.343005300 0.003494615 0.999958694 0.008380281 -0.663634896 -0.000820930 -0.008377460 0.999964595 15.487477303
0.999994159 -0.002701304 0.002140643 0.349954039 0.002681601 0.999954522 0.009154191 -0.677880347 -0.002165274 -0.009148396 0.999955833 15.959262848
0.999993265 -0.003165508 0.001867939 0.370382369 0.003147823 0.999950886 0.009395790 -0.684196293 -0.001897590 -0.009389846 0.999954104 16.392618179
0.999993205 -0.003080388 0.002062441 0.374813199 0.003060996 0.999951720 0.009340299 -0.697376728 -0.002091113 -0.009333921 0.999954283 16.842348099
0.999991477 -0.002448929 0.003349369 0.374490410 0.002415037 0.999946177 0.010085771 -0.716972530 -0.003373888 -0.010077597 0.999943495 17.277936935
0.999993205 -0.001877287 0.003180559 0.383258849 0.001843738 0.999942958 0.010518508 -0.741404057 -0.003200123 -0.010512572 0.999939620 17.728338242
0.999991715 -0.001928599 0.003591872 0.393224537 0.001892673 0.999948382 0.009978807 -0.747030675 -0.003610931 -0.009971926 0.999943733 18.198661804
0.999990046 -0.001775239 0.004097678 0.403272539 0.001730625 0.999939442 0.010865791 -0.755271852 -0.004116719 -0.010858590 0.999932528 18.669555664
0.999988556 -0.001956262 0.004389058 0.427414387 0.001906537 0.999934256 0.011304975 -0.773171186 -0.004410885 -0.011296476 0.999926448 19.156871796
0.999988854 -0.002745331 0.003838632 0.426181704 0.002702524 0.999934554 0.011112746 -0.798248172 -0.003868889 -0.011102248 0.999930799 19.642992020
0.999990284 -0.002750725 0.003431585 0.440498710 0.002712023 0.999933243 0.011232152 -0.797746718 -0.003462253 -0.011222736 0.999930978 20.127281189
0.999990106 -0.002279902 0.003802034 0.446782500 0.002237017 0.999934316 0.011245788 -0.814667761 -0.003827424 -0.011237173 0.999929547 20.631563187
0.999988258 -0.003112357 0.003701838 0.461537540 0.003066979 0.999920845 0.012201228 -0.849115252 -0.003739519 -0.012189732 0.999918699 21.113689423
0.999989212 -0.003443850 0.003140342 0.470984131 0.003405452 0.999920309 0.012152122 -0.852055192 -0.003181943 -0.012141295 0.999921203 21.642000198
0.999989092 -0.003562783 0.003045397 0.475431681 0.003524604 0.999916196 0.012451258 -0.866970062 -0.003089502 -0.012440388 0.999917865 22.137008667
0.999989033 -0.004266730 0.001965275 0.500755668 0.004240630 0.999905169 0.013099184 -0.886345923 -0.002020980 -0.013090705 0.999912262 22.654829025
0.999983430 -0.005432418 0.001900854 0.478466988 0.005406634 0.999896646 0.013316230 -0.923368692 -0.001972997 -0.013305731 0.999909520 23.182353973
0.999984384 -0.005490997 0.001047978 0.489094406 0.005476537 0.999896109 0.013335650 -0.939867258 -0.001121095 -0.013329702 0.999910533 23.718767166
0.999983311 -0.005702745 0.000997894 0.494499892 0.005688489 0.999889314 0.013748804 -0.944618642 -0.001076190 -0.013742895 0.999904990 24.273040771
0.999985576 -0.005377547 0.000276668 0.499869734 0.005373109 0.999885976 0.014108250 -0.953326225 -0.000352504 -0.014106558 0.999900460 24.834707260
0.999989986 -0.004426450 -0.000602695 0.511853278 0.004434420 0.999893069 0.013936440 -0.969745040 0.000540942 -0.013938972 0.999902666 25.307716370
0.999986172 -0.005074976 -0.001369506 0.520315468 0.005093160 0.999894321 0.013618134 -0.971022725 0.001300249 -0.013624921 0.999906361 25.838779449
0.999986708 -0.004813461 -0.001839949 0.526815534 0.004838715 0.999890625 0.013976824 -0.980019569 0.001772471 -0.013985542 0.999900579 26.392507553
0.999968112 -0.007420558 -0.002948146 0.560452878 0.007465202 0.999853015 0.015432595 -0.994057119 0.002833194 -0.015454113 0.999876499 26.943950653
0.999981761 -0.005513723 -0.002446923 0.547445595 0.005550990 0.999864519 0.015494393 -1.042989850 0.002361160 -0.015507694 0.999876976 27.513032913
0.999979496 -0.005836969 -0.002606913 0.557569325 0.005877124 0.999859869 0.015670881 -1.057772636 0.002515078 -0.015685881 0.999873817 28.064817429
0.999984503 -0.004984030 -0.002474613 0.556789875 0.005023452 0.999856293 0.016188372 -1.063548923 0.002393574 -0.016200552 0.999865890 28.601673126
0.999983490 -0.004953767 -0.002934731 0.578784227 0.005000641 0.999856472 0.016186191 -1.070843101 0.002854127 -0.016200596 0.999864697 29.150392532
0.999974847 -0.005756791 -0.004122745 0.598511815 0.005824382 0.999845624 0.016574724 -1.083646655 0.004026692 -0.016598320 0.999854088 29.730203629
0.999979198 -0.005119422 -0.003924861 0.563970089 0.005179428 0.999867499 0.015433863 -1.076224327 0.003845328 -0.015453871 0.999873102 30.178131104
0.999977648 -0.005422605 -0.003906405 0.578761339 0.005480617 0.999872565 0.014996172 -1.085723400 0.003824589 -0.015017248 0.999879837 30.715419769
0.999985218 -0.004087633 -0.003581599 0.581457198 0.004139135 0.999886453 0.014492514 -1.096238375 0.003521953 -0.014507125 0.999888480 31.277030945
0.999981940 -0.003932890 -0.004540777 0.629333258 0.003998356 0.999886870 0.014499696 -1.081902504 0.004483238 -0.014517591 0.999884486 31.819389343
0.999983490 -0.003857626 -0.004240098 0.581644595 0.003922088 0.999875247 0.015301292 -1.128055573 0.004180542 -0.015317670 0.999873936 32.325431824
0.999982893 -0.003784896 -0.004463116 0.586648941 0.003850654 0.999882758 0.014818215 -1.122594833 0.004406508 -0.014835144 0.999880254 32.872673035
0.999987602 -0.003184848 -0.003836272 0.575325310 0.003241548 0.999884248 0.014865417 -1.137563467 0.003788484 -0.014877669 0.999882162 33.399101257
0.999978840 -0.004611209 -0.004580191 0.579592407 0.004683774 0.999861658 0.015960999 -1.163921118 0.004505957 -0.015982114 0.999862134 33.894374847
0.999977827 -0.004620718 -0.004791145 0.582050443 0.004701850 0.999843359 0.017062871 -1.195422649 0.004711552 -0.017085019 0.999842942 34.430957794
0.999977469 -0.004568281 -0.004912226 0.578119755 0.004651092 0.999844909 0.016980849 -1.195968390 0.004833892 -0.017003313 0.999843776 34.944606781
0.999976754 -0.004460867 -0.005151677 0.593055785 0.004548985 0.999841392 0.017221687 -1.213872671 0.005074037 -0.017244721 0.999838471 35.486976624
0.999982953 -0.003798814 -0.004430314 0.583275735 0.003875516 0.999840498 0.017434692 -1.232925177 0.004363376 -0.017451562 0.999838233 36.052879333
0.999970615 -0.005116983 -0.005705061 0.621666849 0.005226052 0.999800682 0.019269720 -1.311223269 0.005605321 -0.019298967 0.999798000 36.587097168
0.999969542 -0.005235481 -0.005780288 0.624696553 0.005344323 0.999805629 0.018977940 -1.313568234 0.005679805 -0.019008256 0.999803185 37.161411285
0.999968708 -0.005248124 -0.005908372 0.632482946 0.005355813 0.999817133 0.018360682 -1.313356400 0.005810931 -0.018391753 0.999813914 37.687885284
0.999966443 -0.005510211 -0.006060094 0.639626622 0.005618836 0.999821186 0.018056197 -1.305917144 0.005959516 -0.018089643 0.999818623 38.223800659
0.999964297 -0.005321546 -0.006564208 0.644978046 0.005440495 0.999818921 0.018238012 -1.318288088 0.006465965 -0.018273072 0.999812126 38.746986389
0.999967217 -0.005070060 -0.006318307 0.647686005 0.005183804 0.999822378 0.018117664 -1.317832470 0.006225327 -0.018149823 0.999815941 39.294479370
0.999959111 -0.006144302 -0.006632897 0.650863528 0.006274816 0.999783456 0.019838560 -1.346072912 0.006509566 -0.019879369 0.999781132 39.751014709
0.999962926 -0.005910313 -0.006259917 0.654872894 0.006032854 0.999786913 0.019740835 -1.356088758 0.006141909 -0.019777870 0.999785483 40.289451599
0.999966204 -0.005401245 -0.006185879 0.661840916 0.005519525 0.999799192 0.019266231 -1.357603312 0.006080575 -0.019299729 0.999795258 40.822631836
0.999969602 -0.004571492 -0.006314098 0.677512407 0.004691735 0.999805391 0.019161871 -1.357563972 0.006225271 -0.019190911 0.999796450 41.383586884
0.999968469 -0.004867257 -0.006282948 0.677230358 0.004989853 0.999794543 0.019646579 -1.367906094 0.006186033 -0.019677309 0.999787211 41.907161713
0.999961376 -0.004838093 -0.007338156 0.734726667 0.004982250 0.999792457 0.019755468 -1.389701962 0.007241054 -0.019791264 0.999777853 42.430706024
0.999963343 -0.004623997 -0.007211791 0.720482349 0.004757546 0.999815404 0.018612288 -1.350675106 0.007124398 -0.018645914 0.999800742 43.006599426
0.999966443 -0.004586887 -0.006790265 0.708677948 0.004720075 0.999794126 0.019730099 -1.401859283 0.006698369 -0.019761490 0.999782264 43.546703339
0.999964952 -0.004794330 -0.006857472 0.707149982 0.004925634 0.999802291 0.019260541 -1.403945088 0.006763776 -0.019293644 0.999790967 44.084663391
0.999966383 -0.004950366 -0.006545112 0.716785371 0.005073944 0.999806583 0.019001078 -1.403304577 0.006449784 -0.019033648 0.999798000 44.630245209
0.999967039 -0.004797307 -0.006564265 0.727276862 0.004923563 0.999800563 0.019354740 -1.405834556 0.006470106 -0.019386426 0.999791086 45.152667999
0.999969065 -0.004899613 -0.006151570 0.731314898 0.005020978 0.999789894 0.019871153 -1.424666166 0.006052917 -0.019901425 0.999783576 45.674926758
0.999966562 -0.005381328 -0.006160810 0.744983554 0.005500975 0.999793351 0.019571222 -1.425840378 0.006054219 -0.019604456 0.999789417 46.222675323
0.999974430 -0.004121926 -0.005838333 0.733834147 0.004231881 0.999811530 0.018947929 -1.425822496 0.005759130 -0.018972149 0.999803424 46.771697998
0.999979436 -0.003968413 -0.005040850 0.709709764 0.004063777 0.999810338 0.019050963 -1.424707651 0.004964293 -0.019071056 0.999805808 47.292930603
0.999972463 -0.004007463 -0.006249022 0.777005494 0.004126956 0.999806523 0.019227769 -1.426344395 0.006170760 -0.019253029 0.999795556 47.847457886
0.999957979 -0.005410838 -0.007398905 0.828854442 0.005553176 0.999797285 0.019354381 -1.439965606 0.007292682 -0.019394659 0.999785244 48.344928741
0.999956369 -0.005495843 -0.007554855 0.844409049 0.005638637 0.999803364 0.019011419 -1.441968441 0.007448887 -0.019053193 0.999790728 48.885150909
0.999946356 -0.005961593 -0.008467345 0.876903713 0.006119608 0.999805272 0.018759955 -1.442970276 0.008353857 -0.018810766 0.999788165 49.451309204
0.999941230 -0.006621590 -0.008580431 0.880741119 0.006776430 0.999812424 0.018144045 -1.444320917 0.008458680 -0.018201126 0.999798536 50.015083313
0.999959946 -0.004994324 -0.007427565 0.856384814 0.005134042 0.999807894 0.018912125 -1.449488163 0.007331685 -0.018949499 0.999793589 50.439502716
0.999957681 -0.004652228 -0.007940873 0.870419800 0.004799659 0.999814570 0.018649178 -1.454142928 0.007852640 -0.018686501 0.999794543 50.984954834
0.999953449 -0.005234478 -0.008106945 0.871679366 0.005381660 0.999819100 0.018240979 -1.456636786 0.008009998 -0.018283758 0.999800742 51.548057556
0.999957323 -0.004720255 -0.007945703 0.905058622 0.004862128 0.999827385 0.017931746 -1.446838379 0.007859689 -0.017969616 0.999807656 52.073909760
0.999951124 -0.005603410 -0.008143437 0.893554151 0.005754080 0.999810517 0.018597841 -1.461309075 0.008037683 -0.018643793 0.999793828 52.538856506
0.999949932 -0.005526991 -0.008342235 0.897793889 0.005676947 0.999820828 0.018060058 -1.464663506 0.008240923 -0.018106513 0.999802113 53.078636169
0.999944508 -0.005894375 -0.008729744 0.918790102 0.006047358 0.999826789 0.017602876 -1.462388515 0.008624473 -0.017654693 0.999806881 53.612815857
0.999945521 -0.005443231 -0.008902146 0.932921529 0.005596012 0.999835968 0.017228477 -1.459095001 0.008806907 -0.017277353 0.999811947 54.214530945
0.999951720 -0.005637375 -0.008050571 0.895669520 0.005785512 0.999812126 0.018497499 -1.496238470 0.007944782 -0.018543182 0.999796510 54.595176697
0.999944806 -0.006060872 -0.008576615 0.910581529 0.006213793 0.999820113 0.017917082 -1.492929459 0.008466480 -0.017969387 0.999802709 55.144641876
0.999949157 -0.005799568 -0.008246616 0.900135517 0.005949007 0.999816418 0.018213691 -1.500218630 0.008139472 -0.018261822 0.999800086 55.684059143
0.999951899 -0.005764778 -0.007938642 0.904133022 0.005911689 0.999809384 0.018608380 -1.513100982 0.007829856 -0.018654417 0.999795258 56.151016235
0.999954104 -0.005843627 -0.007602937 0.908203363 0.005982533 0.999813199 0.018377252 -1.511819005 0.007494127 -0.018421892 0.999802232 56.666263580
0.999957979 -0.005135310 -0.007598291 0.909201562 0.005268752 0.999830365 0.017647546 -1.513086915 0.007506375 -0.017686835 0.999815345 57.246009827
0.999955118 -0.005577043 -0.007658652 0.923684955 0.005708166 0.999835670 0.017207032 -1.514665246 0.007561428 -0.017249975 0.999822617 57.782814026
0.999945819 -0.006389897 -0.008209586 0.935090661 0.006538450 0.999813020 0.018197421 -1.518953323 0.008091771 -0.018250115 0.999800682 58.212654114
0.999945998 -0.006331264 -0.008241498 0.939343691 0.006476696 0.999821603 0.017740821 -1.520039439 0.008127708 -0.017793242 0.999808669 58.772830963
0.999951601 -0.006278658 -0.007578567 0.955665708 0.006409692 0.999828219 0.017391453 -1.527367234 0.007468071 -0.017439187 0.999819994 59.318508148
0.999947309 -0.006511658 -0.007931585 0.950468302 0.006646038 0.999832809 0.017035520 -1.517985821 0.007819329 -0.017087335 0.999823391 59.859748840
0.999946535 -0.006605519 -0.007953945 0.955818534 0.006746804 0.999817550 0.017868994 -1.533038020 0.007834460 -0.017921701 0.999808669 60.244937897
0.999938250 -0.006704477 -0.008857024 0.990589678 0.006870050 0.999799669 0.018797727 -1.550857544 0.008729222 -0.018857418 0.999783993 60.765586853
0.999936223 -0.007277719 -0.008628150 0.957597136 0.007422580 0.999830008 0.016878000 -1.512289643 0.008503851 -0.016940966 0.999820292 61.360416412
0.999947190 -0.007259647 -0.007277173 0.920119762 0.007379598 0.999835074 0.016594192 -1.517626524 0.007155505 -0.016647017 0.999835789 61.922214508
0.999940157 -0.007485456 -0.007975010 0.934082866 0.007625103 0.999815583 0.017626382 -1.540258765 0.007841599 -0.017686140 0.999812782 62.368316650
0.999942362 -0.007487996 -0.007687694 0.939950824 0.007618946 0.999823928 0.017147964 -1.548144460 0.007557938 -0.017205548 0.999823391 62.896595001
0.999943316 -0.007354978 -0.007694505 0.923125744 0.007488083 0.999820292 0.017415408 -1.557497263 0.007565032 -0.017472040 0.999818742 63.442829132
0.999940395 -0.007791113 -0.007636455 0.930864930 0.007925476 0.999811471 0.017725592 -1.561822295 0.007496913 -0.017785059 0.999813676 63.954967499
0.999941766 -0.007538686 -0.007719024 0.937461495 0.007668514 0.999827206 0.016930152 -1.571264386 0.007590060 -0.016988359 0.999826789 64.565307617
0.999933660 -0.008214357 -0.008075071 0.956185222 0.008356336 0.999808252 0.017708708 -1.575121164 0.007928057 -0.017775010 0.999810576 64.863235474
0.999943137 -0.007789682 -0.007286490 0.960290074 0.007917356 0.999812722 0.017660392 -1.577483773 0.007147556 -0.017717076 0.999817491 65.404739380
0.999939799 -0.007887115 -0.007628274 0.974292874 0.008017414 0.999819756 0.017204247 -1.581979394 0.007491208 -0.017264372 0.999822855 65.949134827
0.999941051 -0.008109215 -0.007227153 0.987916470 0.008234576 0.999813139 0.017488291 -1.586974025 0.007083985 -0.017546771 0.999820948 66.479095459
0.999934614 -0.008253238 -0.007920553 1.004912376 0.008382878 0.999829113 0.016476573 -1.564211130 0.007783215 -0.016541891 0.999832869 66.990257263
0.999922335 -0.009416089 -0.008160750 0.989392102 0.009548815 0.999820352 0.016380746 -1.567989469 0.008005038 -0.016457403 0.999832511 67.371788025
0.999924898 -0.008715914 -0.008619606 1.003416061 0.008845665 0.999846399 0.015131379 -1.556095004 0.008486398 -0.015206486 0.999848425 67.936691284
0.999925315 -0.008374578 -0.008903585 1.021964073 0.008510061 0.999846816 0.015289240 -1.575986743 0.008774181 -0.015363866 0.999843419 68.448158264
0.999920487 -0.009242825 -0.008575049 1.014647007 0.009362486 0.999857843 0.014021141 -1.552383423 0.008444235 -0.014100310 0.999864936 68.984817505
0.999917865 -0.009468940 -0.008638301 1.042053223 0.009609937 0.999818861 0.016429404 -1.584518433 0.008481167 -0.016511070 0.999827623 69.326828003
0.999912798 -0.009833543 -0.008816267 1.060934305 0.009977914 0.999814332 0.016483957 -1.597583175 0.008652534 -0.016570484 0.999825239 69.882286072
0.999920309 -0.009375368 -0.008456654 1.047756076 0.009503192 0.999839246 0.015203909 -1.583880424 0.008312751 -0.015283063 0.999848604 70.434280396
0.999903083 -0.010821359 -0.008760092 1.029920578 0.010956981 0.999818563 0.015584627 -1.619173169 0.008589854 -0.015679102 0.999840081 71.025245667
0.999905825 -0.010594132 -0.008723505 1.070993662 0.010735278 0.999809563 0.016295331 -1.606832266 0.008549210 -0.016387448 0.999829113 71.269996643
0.999922395 -0.009340824 -0.008246431 1.073252916 0.009468892 0.999832928 0.015630199 -1.606250644 0.008099053 -0.015707072 0.999843836 71.824615479
0.999915600 -0.009765346 -0.008569811 1.085629463 0.009902094 0.999821901 0.016062360 -1.618612170 0.008411434 -0.016145861 0.999834239 72.383811951
0.999902904 -0.011021704 -0.008532267 1.098322272 0.011154280 0.999815285 0.015649851 -1.620079994 0.008358204 -0.015743503 0.999841094 72.962516785
0.999897599 -0.011038234 -0.009108387 1.122672081 0.011176363 0.999821126 0.015256139 -1.614763737 0.008938355 -0.015356376 0.999842107 73.408882141
0.999894261 -0.011367218 -0.009066176 1.092098951 0.011512507 0.999803483 0.016137546 -1.614765882 0.008880955 -0.016240215 0.999828696 73.738685608
0.999882519 -0.011966783 -0.009579005 1.107375503 0.012117950 0.999800444 0.015881838 -1.618990660 0.009387039 -0.015996050 0.999827981 74.277008057
0.999869645 -0.012898820 -0.009712302 1.125169754 0.013040079 0.999807954 0.014624414 -1.608827949 0.009521800 -0.014749157 0.999845803 74.861244202
0.999882340 -0.012051775 -0.009487067 1.122593164 0.012191012 0.999816716 0.014757960 -1.615081906 0.009307468 -0.014871883 0.999846101 75.341606140
0.999888599 -0.011860705 -0.009063614 1.092376947 0.012003344 0.999802351 0.015848678 -1.618982315 0.008873846 -0.015955705 0.999833345 75.732902527
0.999891996 -0.011486897 -0.009170986 1.100234985 0.011628751 0.999811232 0.015567101 -1.625004292 0.008990440 -0.015672067 0.999836802 76.293128967
0.999867320 -0.012883824 -0.009968193 1.126289368 0.013037653 0.999794543 0.015523827 -1.631332755 0.009766139 -0.015651727 0.999829829 76.811141968
0.999844313 -0.014042894 -0.010679278 1.131914139 0.014199276 0.999790967 0.014711256 -1.608813643 0.010470456 -0.014860603 0.999834776 77.327255249
0.999907613 -0.010893894 -0.008128298 1.066721082 0.011016247 0.999824345 0.015163094 -1.629288435 0.007961685 -0.015251236 0.999852002 77.716873169
0.999919951 -0.010766612 -0.006643796 1.069463134 0.010868959 0.999819815 0.015565852 -1.630588055 0.006475006 -0.015636815 0.999856770 78.257568359
0.999931037 -0.010500289 -0.005248897 1.075058937 0.010574280 0.999842227 0.014273178 -1.635190606 0.005098198 -0.014327697 0.999884367 78.858131409
0.999931753 -0.010965167 -0.004023357 1.086229920 0.011022637 0.999833345 0.014551186 -1.643447995 0.003863132 -0.014594542 0.999886036 79.424217224
0.999928296 -0.011438780 -0.003552111 1.100409746 0.011491033 0.999820650 0.015055894 -1.643953562 0.003379252 -0.015095629 0.999880373 79.753761292
0.999941945 -0.010764100 -0.000602017 1.114633203 0.010771899 0.999830186 0.014956426 -1.652948618 0.000440922 -0.014962042 0.999888003 80.307594299
0.999939203 -0.010622572 0.002963356 1.129682660 0.010574210 0.999817967 0.015883772 -1.674018264 -0.003131543 -0.015851470 0.999869466 80.861915588
0.999921083 -0.011343753 0.005395999 1.149111271 0.011264183 0.999830663 0.014554607 -1.636424065 -0.005560189 -0.014492676 0.999879539 81.423156738
0.999886155 -0.011399095 0.009880784 1.150622368 0.011252231 0.999827266 0.014793784 -1.650358081 -0.010047712 -0.014680922 0.999841750 81.774070740
0.999811411 -0.010553257 0.016299805 1.160102248 0.010313210 0.999838054 0.014741505 -1.659559488 -0.016452737 -0.014570620 0.999758542 82.357330322
0.999690890 -0.010827937 0.022376511 1.203984976 0.010509841 0.999842763 0.014284614 -1.654839039 -0.022527669 -0.014045025 0.999647498 82.889068604
0.999543309 -0.011408578 0.027983606 1.233036518 0.011023033 0.999842703 0.013893280 -1.641450763 -0.028137708 -0.013578470 0.999511838 83.456024170
0.999269724 -0.011703647 0.036377110 1.283325553 0.011209242 0.999842405 0.013765472 -1.629427910 -0.036532491 -0.013347658 0.999243319 83.998893738
0.998994827 -0.011653595 0.043284453 1.340942383 0.011015642 0.999827504 0.014948005 -1.656083703 -0.043451186 -0.014456172 0.998950958 84.310241699
0.998683095 -0.011684809 0.049953740 1.383349657 0.010945699 0.999826849 0.015043925 -1.663046360 -0.050120879 -0.014477337 0.998638213 84.852371216
0.998173594 -0.011890059 0.059228569 1.439872503 0.011039398 0.999831438 0.014668954 -1.667015195 -0.059393004 -0.013988313 0.998136699 85.359535217
0.997561812 -0.013416798 0.068485186 1.503316879 0.012500838 0.999826908 0.013785660 -1.661155462 -0.068658292 -0.012895929 0.997556925 85.957618713
0.996886611 -0.013758983 0.077638492 1.561769009 0.012711359 0.999821603 0.013971714 -1.677865744 -0.077816874 -0.012941325 0.996883631 86.497642517
0.996213555 -0.013382593 0.085902758 1.617685318 0.012145938 0.999815166 0.014902534 -1.664472103 -0.086086296 -0.013802739 0.996192038 86.825607300
0.995223284 -0.013011213 0.096754268 1.691359520 0.011626558 0.999821961 0.014861124 -1.668177843 -0.096930414 -0.013665219 0.995197356 87.369194031
0.994163632 -0.013113962 0.107081771 1.761106491 0.011602094 0.999824226 0.014729609 -1.665077567 -0.107256107 -0.013401270 0.994141042 87.937324524
0.993185639 -0.014364476 0.115653880 1.862488747 0.012726081 0.999808073 0.014892359 -1.683692455 -0.115845621 -0.013319061 0.993177950 88.474433899
0.991714954 -0.012550798 0.127843410 1.940187454 0.010701575 0.999828100 0.015141386 -1.688981414 -0.128011465 -0.013647814 0.991678774 89.045730591
0.990304768 -0.014179265 0.138186067 2.056777000 0.012228908 0.999813378 0.014952822 -1.703112483 -0.138372302 -0.013117988 0.990293324 89.561042786
0.988654554 -0.014588205 0.149497002 2.071012497 0.012418518 0.999803722 0.015436558 -1.698320031 -0.149692893 -0.013404891 0.988641679 89.914024353
0.987212896 -0.014583775 0.158738568 2.183310509 0.012270101 0.999803901 0.015545770 -1.701790452 -0.158934176 -0.013399247 0.987198234 90.458068848
0.985091329 -0.014584450 0.171412885 2.287041664 0.011972506 0.999796033 0.016261693 -1.717951894 -0.171615124 -0.013967009 0.985065103 90.989433289
0.982755363 -0.014462299 0.184343547 2.402230263 0.011634340 0.999797583 0.016413158 -1.730311513 -0.184543639 -0.013985406 0.982724726 91.516784668
0.980655849 -0.014992775 0.195164695 2.537902832 0.012062291 0.999796033 0.016195351 -1.735188365 -0.195367724 -0.013527933 0.980636775 92.103240967
0.978135347 -0.014849084 0.207438499 2.735076904 0.011467143 0.999781132 0.017496347 -1.779584765 -0.207652926 -0.014735069 0.978091657 92.490104675
0.974878490 -0.015181965 0.222219184 2.794778824 0.011831120 0.999795496 0.016402535 -1.723154545 -0.222422734 -0.013361380 0.974858761 93.106742859
0.972124279 -0.015674891 0.233941719 2.938949585 0.012024425 0.999782801 0.017022412 -1.730557680 -0.234157681 -0.013734886 0.972101629 93.657424927
0.969453275 -0.016446272 0.244723856 3.139278412 0.012684282 0.999776006 0.016940612 -1.744572163 -0.244947642 -0.013318988 0.969444752 94.155220032
0.965688586 -0.016622003 0.259170562 3.289129257 0.012518572 0.999768913 0.017475450 -1.748761177 -0.259401143 -0.013631399 0.965673447 94.721221924
0.961997986 -0.016809119 0.272538513 3.425201416 0.012364593 0.999761283 0.018017236 -1.757862091 -0.272776246 -0.013962721 0.961976171 95.246276855
0.958958209 -0.017608659 0.283000082 3.617231369 0.013440410 0.999770761 0.016663725 -1.735662937 -0.283228695 -0.012176177 0.958975136 95.735939026
0.954522431 -0.016507532 0.297681779 3.789049149 0.011991946 0.999783754 0.016989214 -1.745447040 -0.297897846 -0.012646804 0.954514027 96.268280029
0.949990809 -0.018485880 0.311730146 3.979890823 0.013693000 0.999752164 0.017557081 -1.750396371 -0.311977416 -0.012410543 0.950008512 96.787498474
0.946208477 -0.018605039 0.323022455 4.172372818 0.013821565 0.999758422 0.017096212 -1.761696458 -0.323262513 -0.011711907 0.946236849 97.304122925
0.941794634 -0.018328205 0.335688531 4.371545792 0.013116442 0.999755740 0.017786525 -1.775631189 -0.335932523 -0.012348217 0.941805065 97.818016052
0.936534882 -0.016781110 0.350172430 4.616336823 0.011301878 0.999779761 0.017685033 -1.788947463 -0.350392103 -0.012605047 0.936518312 98.389259338
0.932331562 -0.019587748 0.361073464 4.823572159 0.013998122 0.999738395 0.018089755 -1.770556808 -0.361333311 -0.011811300 0.932361901 98.828269958
0.927688062 -0.019530172 0.372844964 5.050268173 0.013885546 0.999744892 0.017819019 -1.773578048 -0.373097837 -0.011353335 0.927722573 99.336997986
0.922177017 -0.020092530 0.386245877 5.296159744 0.014336785 0.999739230 0.017776851 -1.777310252 -0.386502326 -0.010855879 0.922224581 99.830940247
0.916934490 -0.021960743 0.398433089 5.515472412 0.016318908 0.999712884 0.017546417 -1.790138602 -0.398703992 -0.009586922 0.917029560 100.271293640
0.911735952 -0.021331541 0.410222530 5.791816711 0.014695791 0.999705434 0.019322617 -1.815527081 -0.410513818 -0.011588583 0.911780715 100.804313660
0.906443357 -0.021970252 0.421755672 6.049884796 0.015150711 0.999694824 0.019514348 -1.821826935 -0.422055691 -0.011298754 0.906499445 101.284431458
0.899801552 -0.021288048 0.435779631 6.312580109 0.014127108 0.999706805 0.019666385 -1.830525160 -0.436070472 -0.011539541 0.899838507 101.793365479
0.893976867 -0.021628484 0.447590947 6.582988739 0.014326073 0.999703467 0.019694081 -1.828402281 -0.447884113 -0.011193833 0.894021571 102.298240662
0.888370931 -0.021627005 0.458616793 6.860980988 0.014048927 0.999702632 0.019929314 -1.833609700 -0.458911419 -0.011261551 0.888410687 102.772102356
0.881081700 -0.021981893 0.472452909 7.145156860 0.014084367 0.999695837 0.020246940 -1.845591545 -0.472754240 -0.011185009 0.881123304 103.271957397
0.873532891 -0.021573026 0.486286789 7.322700500 0.013614533 0.999709547 0.019893631 -1.815466285 -0.486574650 -0.010757172 0.873572767 103.661842346
