1.000000000 0.000000000 0.000000000 0.000000000 0.000000000 1.000000000 0.000000000 0.000000000 0.000000000 0.000000000 1.000000000 0.000000000
1.000000000 0.000056293 -0.000008840 -0.000061469 -0.000056293 1.000000000 -0.000034256 0.000241826 0.000008838 0.000034257 1.000000000 -0.000545177
1.000000000 0.000072821 0.000053047 -0.000778984 -0.000072825 1.000000000 0.000075025 -0.000708762 -0.000053041 -0.000075029 1.000000000 -0.000861220
1.000000000 -0.000124005 0.000086081 -0.000242298 0.000124007 1.000000000 -0.000024136 0.000502075 -0.000086078 0.000024146 1.000000000 0.000399514
1.000000000 -0.000089953 0.000056913 -0.000314868 0.000089952 1.000000000 0.000021376 -0.000012261 -0.000056915 -0.000021371 1.000000000 -0.000359477
1.000000000 0.000010162 0.000161289 -0.001248756 -0.000010157 1.000000000 -0.000031825 0.000746146 -0.000161290 0.000031824 1.000000000 -0.000040695
1.000000000 -0.000097718 0.000102011 0.000169848 0.000097721 1.000000000 -0.000032548 0.000230968 -0.000102008 0.000032558 1.000000000 0.000001663
1.000000000 0.000017980 0.000081584 -0.000709296 -0.000017984 1.000000000 0.000057274 -0.000392619 -0.000081583 -0.000057276 1.000000000 -0.000664504
1.000000000 0.000018122 0.000035704 -0.000826471 -0.000018119 1.000000000 -0.000081625 0.000519437 -0.000035705 0.000081624 1.000000000 0.000185338
1.000000000 -0.000048687 0.000097982 -0.000326015 0.000048681 1.000000000 0.000057984 -0.001104430 -0.000097985 -0.000057979 1.000000000 -0.000405521
1.000000000 0.000061723 0.000101166 -0.001198174 -0.000061730 1.000000000 0.000068955 -0.000808489 -0.000101161 -0.000068961 1.000000000 -0.000287853
1.000000000 0.000031624 0.000099186 -0.001150090 -0.000031623 1.000000000 -0.000011528 -0.000088864 -0.000099187 0.000011525 1.000000000 -0.001392943
1.000000000 0.000050071 0.000041218 -0.000816786 -0.000050067 1.000000000 -0.000077805 -0.000516968 -0.000041221 0.000077803 1.000000000 -0.001463683
1.000000000 0.000010535 0.000088591 -0.001589901 -0.000010532 1.000000000 -0.000032358 0.001482808 -0.000088591 0.000032357 1.000000000 0.000890152
1.000000000 0.000009414 0.000091194 -0.002011721 -0.000009405 1.000000000 -0.000090707 0.001137996 -0.000091195 0.000090706 1.000000000 -0.000143050
1.000000000 0.000089341 0.000032077 -0.000348915 -0.000089338 1.000000000 -0.000107721 0.002349755 -0.000032086 0.000107718 1.000000000 0.001967295
1.000000000 0.000109898 0.000142150 -0.001232721 -0.000109878 1.000000000 -0.000141441 0.002327277 -0.000142166 0.000141426 1.000000000 0.002627306
1.000000000 0.000149273 0.000099167 -0.001304363 -0.000149261 1.000000000 -0.000121167 0.001122115 -0.000099185 0.000121152 1.000000000 0.001019755
0.999999940 0.000217905 0.000187578 -0.002285392 -0.000217885 1.000000000 -0.000107336 0.002488601 -0.000187602 0.000107295 1.000000000 0.002572775
0.999999940 0.000176691 0.000175366 -0.001761413 -0.000176669 1.000000000 -0.000123630 0.002169677 -0.000175387 0.000123599 1.000000000 0.002002927
1.000000000 0.000115064 0.000164053 -0.001759703 -0.000115049 1.000000000 -0.000089241 0.001635833 -0.000164063 0.000089222 1.000000000 0.002307396
0.999999940 0.000221544 0.000148519 -0.002210508 -0.000221533 1.000000000 -0.000077811 0.002312491 -0.000148537 0.000077778 1.000000000 0.001977252
1.000000000 0.000218788 0.000076978 -0.000931810 -0.000218780 1.000000000 -0.000102620 0.002348727 -0.000077000 0.000102603 1.000000000 0.003106170
1.000000000 0.000163032 0.000092997 -0.001592938 -0.000163027 1.000000000 -0.000057089 0.002932709 -0.000093007 0.000057074 1.000000000 0.003555204
0.999999940 0.000393712 0.000075184 -0.002030823 -0.000393705 0.999999940 -0.000092174 0.003518746 -0.000075220 0.000092144 1.000000000 0.004521902
0.999999940 0.000340054 0.000146804 -0.002053869 -0.000340045 0.999999940 -0.000060497 0.002025430 -0.000146824 0.000060447 1.000000000 0.001969195
1.000000000 0.000145690 0.000183500 -0.001790696 -0.000145676 1.000000000 -0.000078666 0.002815841 -0.000183512 0.000078639 1.000000000 0.003077686
0.999999940 0.000222599 0.000195895 -0.001987957 -0.000222591 1.000000000 -0.000038137 0.001571446 -0.000195904 0.000038093 1.000000000 0.002470228
1.000000000 0.000110172 0.000104049 -0.001758463 -0.000110161 1.000000000 -0.000106623 0.003076503 -0.000104061 0.000106612 1.000000000 0.003162377
1.000000000 0.000130456 0.000173998 -0.002425883 -0.000130429 1.000000000 -0.000151839 0.003244002 -0.000174018 0.000151816 1.000000000 0.003720106
0.999999940 0.000175769 0.000219507 -0.001634381 -0.000175763 1.000000000 -0.000029093 0.001630101 -0.000219512 0.000029054 1.000000000 0.003039083
0.999999940 0.000112972 0.000223081 -0.001538616 -0.000112950 1.000000000 -0.000096440 0.003624089 -0.000223092 0.000096414 1.000000000 0.004492256
1.000000000 0.000199801 0.000097149 -0.000645547 -0.000199779 0.999999940 -0.000223104 0.004319755 -0.000097194 0.000223085 1.000000000 0.004450365
1.000000000 0.000113795 0.000156540 -0.001317332 -0.000113779 1.000000000 -0.000104846 0.002177504 -0.000156552 0.000104829 1.000000000 0.002667011
0.999999940 0.000293076 0.000211624 -0.002419640 -0.000293050 0.999999940 -0.000120470 0.001695826 -0.000211659 0.000120408 1.000000000 0.001519906
0.999999940 0.000263520 0.000252210 -0.002150256 -0.000263486 0.999999940 -0.000133338 0.002402762 -0.000252245 0.000133271 0.999999940 0.002258699
1.000000000 0.000121049 0.000159584 -0.001736156 -0.000121033 1.000000000 -0.000097263 0.002650643 -0.000159596 0.000097243 1.000000000 0.002382377
0.999999940 0.000280519 0.000167123 -0.002304404 -0.000280503 0.999999940 -0.000096820 0.003186271 -0.000167150 0.000096773 1.000000000 0.003607426
0.999999940 0.000267166 0.000218572 -0.001795483 -0.000267134 0.999999940 -0.000145729 0.003289422 -0.000218611 0.000145671 0.999999940 0.002582445
0.999999940 0.000256028 0.000144326 -0.000829903 -0.000256006 0.999999940 -0.000153093 0.004148642 -0.000144365 0.000153056 1.000000000 0.003242236
1.000000000 0.000083762 0.000091942 -0.000140925 -0.000083747 1.000000000 -0.000160398 0.002076709 -0.000091955 0.000160390 1.000000000 0.004058888
0.999999881 0.000393762 0.000187388 0.000400282 -0.000393646 0.999999762 -0.000614213 -0.001698759 -0.000187630 0.000614140 0.999999821 0.051800072
0.999999881 0.000406541 0.000123483 0.002006383 -0.000406396 0.999999225 -0.001172277 -0.003980065 -0.000123959 0.001172226 0.999999285 0.139463514
1.000000000 0.000109148 -0.000027380 0.005057332 -0.000109187 0.999998987 -0.001425453 -0.008177268 0.000027224 0.001425456 0.999998987 0.254171371
0.999999940 0.000228827 0.000130767 0.006926278 -0.000228653 0.999999106 -0.001328303 -0.008853063 -0.000131070 0.001328273 0.999999106 0.388468504
1.000000000 0.000077271 0.000130979 0.009107459 -0.000077129 0.999999404 -0.001081535 -0.013689960 -0.000131062 0.001081525 0.999999404 0.536977530
0.999999940 -0.000255814 -0.000090995 0.015084050 0.000255725 0.999999464 -0.000984541 -0.021637002 0.000091247 0.000984518 0.999999523 0.685097873
0.999999940 0.000209919 0.000148248 0.019338943 -0.000209821 0.999999762 -0.000663991 -0.024955399 -0.000148388 0.000663960 0.999999762 0.843939304
0.999999821 0.000252148 0.000524303 0.012006290 -0.000251765 0.999999702 -0.000729265 -0.026931070 -0.000524487 0.000729132 0.999999583 1.023367882
1.000000000 -0.000134065 -0.000028433 0.028596168 0.000134042 0.999999642 -0.000827904 -0.028748114 0.000028544 0.000827900 0.999999642 1.220993996
0.999999762 0.000029287 0.000701536 0.017297572 -0.000029103 0.999999940 -0.000261853 -0.042637598 -0.000701544 0.000261832 0.999999702 1.384399772
0.999999881 0.000341047 0.000259820 0.023479858 -0.000341009 0.999999940 -0.000143834 -0.049186591 -0.000259869 0.000143746 0.999999940 1.579543591
0.999999046 -0.000791823 0.001155094 0.009784780 0.000791313 0.999999583 0.000442442 -0.063995451 -0.001155444 -0.000441527 0.999999225 1.794796228
0.999998868 -0.000347077 0.001489125 0.010332160 0.000345990 0.999999702 0.000729762 -0.072194457 -0.001489378 -0.000729246 0.999998569 1.996672988
0.999998808 -0.000864140 0.001298559 0.017405547 0.000863391 0.999999404 0.000577509 -0.077313587 -0.001299057 -0.000576387 0.999998987 2.194481611
0.999998629 -0.000693229 0.001471297 0.021608716 0.000692121 0.999999404 0.000753916 -0.082037568 -0.001471819 -0.000752897 0.999998689 2.416001320
0.999998748 -0.000134703 0.001637814 0.024994677 0.000133951 0.999999881 0.000459380 -0.084270507 -0.001637876 -0.000459160 0.999998569 2.645341635
0.999997556 -0.000242206 0.002197198 0.028876459 0.000241076 0.999999821 0.000514707 -0.091474377 -0.002197322 -0.000514176 0.999997437 2.872280598
0.999998271 -0.000998864 0.001571591 0.036011051 0.000997287 0.999998987 0.001003952 -0.104429595 -0.001572592 -0.001002383 0.999998271 3.086424589
0.999998569 -0.000603613 0.001602220 0.041880764 0.000602069 0.999999404 0.000964360 -0.110502839 -0.001602801 -0.000963394 0.999998271 3.328570366
0.999998093 -0.000672167 0.001791464 0.045646399 0.000670236 0.999999225 0.001078330 -0.119630858 -0.001792188 -0.001077127 0.999997854 3.579981804
0.999997735 -0.000940102 0.001902912 0.048890103 0.000937424 0.999998569 0.001407503 -0.128658250 -0.001904233 -0.001405715 0.999997199 3.830465555
0.999997735 -0.001072763 0.001860280 0.057842601 0.001069965 0.999998331 0.001504463 -0.132961273 -0.001861891 -0.001502469 0.999997139 4.090924263
0.999998391 -0.000864731 0.001579048 0.064228967 0.000863045 0.999999046 0.001068106 -0.132343411 -0.001579970 -0.001066742 0.999998212 4.329338551
0.999997377 -0.001257668 0.001863130 0.067911401 0.001255830 0.999998629 0.000987444 -0.138573140 -0.001864370 -0.000985102 0.999997854 4.591294289
0.999998152 -0.000769391 0.001715460 0.078796349 0.000767670 0.999999166 0.001003880 -0.145106539 -0.001716231 -0.001002561 0.999998093 4.848699093
0.999997854 -0.000432320 0.002032049 0.082062170 0.000430512 0.999999464 0.000889857 -0.149471343 -0.002032433 -0.000888980 0.999997556 5.109281540
0.999997973 -0.000341486 0.001985500 0.083003961 0.000339363 0.999999285 0.001069230 -0.164021432 -0.001985864 -0.001068554 0.999997437 5.340394497
0.999997914 -0.000274707 0.002021848 0.087404147 0.000272036 0.999998987 0.001321230 -0.173295334 -0.002022209 -0.001320677 0.999997079 5.610763073
0.999997735 -0.000186668 0.002134591 0.089142121 0.000184072 0.999999166 0.001216608 -0.178062961 -0.002134816 -0.001216212 0.999996960 5.885776997
0.999997556 -0.000468738 0.002155718 0.094986036 0.000466237 0.999999106 0.001160351 -0.185273409 -0.002156260 -0.001159343 0.999997020 6.170807838
0.999997854 -0.000621404 0.001983763 0.107966095 0.000619099 0.999999106 0.001162489 -0.195804298 -0.001984484 -0.001161259 0.999997377 6.433942795
0.999998033 0.000000460 0.001989731 0.110319540 -0.000002374 0.999999464 0.000962254 -0.201914757 -0.001989730 -0.000962257 0.999997616 6.729414940
0.999997735 0.000202658 0.002148476 0.115501046 -0.000205232 0.999999225 0.001197901 -0.209246963 -0.002148231 -0.001198338 0.999997020 7.027899265
0.999997795 0.000077730 0.002118577 0.128295675 -0.000080094 0.999999285 0.001115924 -0.216839001 -0.002118490 -0.001116091 0.999997139 7.326146126
0.999997199 -0.000756064 0.002238678 0.123592578 0.000751654 0.999997795 0.001970317 -0.239608854 -0.002240163 -0.001968629 0.999995470 7.609257221
0.999997914 -0.000542309 0.001945093 0.136999384 0.000538432 0.999997914 0.001993308 -0.242986262 -0.001946170 -0.001992257 0.999996066 7.935965061
0.999997079 -0.000431531 0.002380534 0.136028543 0.000426091 0.999997318 0.002285309 -0.255538285 -0.002381514 -0.002284288 0.999994516 8.251251221
0.999996006 -0.000431975 0.002780545 0.136047408 0.000426444 0.999997973 0.001989593 -0.262916446 -0.002781399 -0.001988400 0.999994099 8.566631317
0.999997199 -0.000672454 0.002279146 0.148951471 0.000670114 0.999999225 0.001027386 -0.259101301 -0.002279835 -0.001025856 0.999996841 8.895680428
0.999998212 -0.000228195 0.001874258 0.157619208 0.000226167 0.999999344 0.001082032 -0.272937477 -0.001874504 -0.001081607 0.999997675 9.238881111
0.999996901 0.000365896 0.002478742 0.164353967 -0.000369241 0.999998987 0.001349494 -0.286902100 -0.002478245 -0.001350405 0.999996066 9.568297386
0.999997139 -0.000038927 0.002409541 0.166875735 0.000034541 0.999998271 0.001820295 -0.299376249 -0.002409607 -0.001820206 0.999995410 9.913945198
0.999997675 -0.000571847 0.002075193 0.176888615 0.000568354 0.999998391 0.001683287 -0.308696628 -0.002076153 -0.001682104 0.999996424 10.250610352
0.999997497 -0.000171307 0.002214275 0.184636697 0.000167434 0.999998510 0.001748959 -0.320081383 -0.002214571 -0.001748584 0.999995947 10.610890388
0.999997675 -0.000707008 0.002052694 0.196058601 0.000703420 0.999998271 0.001747927 -0.326967031 -0.002053927 -0.001746479 0.999996364 10.972080231
0.999996722 -0.000876679 0.002404993 0.202567339 0.000872003 0.999997735 0.001944880 -0.332581431 -0.002406693 -0.001942777 0.999995172 11.369145393
0.999997020 -0.000737284 0.002334243 0.201803342 0.000732896 0.999997973 0.001880040 -0.344799489 -0.002335624 -0.001878323 0.999995530 11.695665359
0.999996305 -0.000349932 0.002712633 0.208816350 0.000345052 0.999998391 0.001799373 -0.354360789 -0.002713258 -0.001798430 0.999994755 12.087467194
0.999996603 -0.001077293 0.002381570 0.222715855 0.001072933 0.999997795 0.001831332 -0.367272496 -0.002383538 -0.001828771 0.999995470 12.471580505
0.999995410 -0.000605340 0.002982641 0.227748156 0.000598903 0.999997497 0.002158521 -0.378705800 -0.002983941 -0.002156725 0.999993265 12.867276192
0.999995112 -0.001607183 0.002669558 0.235267043 0.001601738 0.999996603 0.002040655 -0.393233001 -0.002672829 -0.002036370 0.999994338 13.222963333
0.999994934 -0.001466509 0.002826715 0.243921369 0.001460909 0.999996960 0.001982219 -0.401115954 -0.002829613 -0.001978079 0.999994040 13.644728661
0.999994755 -0.000511254 0.003208022 0.247122943 0.000503747 0.999997139 0.002340470 -0.412941426 -0.003209209 -0.002338843 0.999992132 14.070559502
0.999994576 -0.001179905 0.003109970 0.264303356 0.001173536 0.999997139 0.002048807 -0.423264623 -0.003112379 -0.002045146 0.999993026 14.456968307
0.999994695 -0.000947896 0.003131449 0.276850700 0.000939575 0.999996006 0.002657622 -0.436136395 -0.003133955 -0.002654666 0.999991596 14.885949135
0.999993145 -0.001036825 0.003555782 0.286995292 0.001028157 0.999996483 0.002438787 -0.450469196 -0.003558297 -0.002435115 0.999990702 15.326001167
0.999991238 -0.001466672 0.003926015 0.289707839 0.001457223 0.999996066 0.002408559 -0.458838254 -0.003929531 -0.002402817 0.999989390 15.735233307
0.999990642 -0.001318238 0.004137652 0.300008237 0.001306488 0.999995232 0.002841350 -0.472754359 -0.004141378 -0.002835917 0.999987423 16.177267075
0.999989748 -0.000934237 0.004422224 0.310689092 0.000924390 0.999997079 0.002227979 -0.482611179 -0.004424293 -0.002223868 0.999987781 16.614515305
0.999988616 -0.001125781 0.004635758 0.317088306 0.001112444 0.999995232 0.002878724 -0.503974140 -0.004638976 -0.002873533 0.999985099 17.028692245
0.999985695 -0.001161124 0.005212926 0.325859189 0.001146300 0.999995291 0.002845847 -0.513564348 -0.005216205 -0.002839831 0.999982357 17.498929977
0.999984920 -0.001457928 0.005295330 0.340464026 0.001445201 0.999996066 0.002406380 -0.519981027 -0.005298818 -0.002398691 0.999983132 17.966083527
0.999984264 -0.001143153 0.005481368 0.347616792 0.001128106 0.999995530 0.002747498 -0.536108553 -0.005484484 -0.002741272 0.999981165 18.394319534
0.999986231 -0.000940095 0.005170258 0.364698410 0.000926401 0.999996006 0.002650307 -0.544006407 -0.005172729 -0.002645481 0.999983132 18.872140884
0.999983191 -0.000415366 0.005788133 0.373352438 0.000401823 0.999997139 0.002340697 -0.554835856 -0.005789088 -0.002338331 0.999980569 19.352148056
0.999982774 -0.000811628 0.005810231 0.373720199 0.000795580 0.999995887 0.002763692 -0.570033967 -0.005812450 -0.002759022 0.999979317 19.807767868
0.999983430 -0.001257077 0.005620375 0.391513020 0.001242927 0.999996066 0.002520504 -0.584566951 -0.005623521 -0.002513477 0.999981046 20.295076370
0.999986708 -0.000958092 0.005062164 0.403124213 0.000946043 0.999996781 0.002381864 -0.590869904 -0.005064428 -0.002377043 0.999984384 20.812376022
0.999988079 -0.001236978 0.004722631 0.411766529 0.001224153 0.999995530 0.002717491 -0.608801961 -0.004725973 -0.002711677 0.999985099 21.258407593
0.999989808 -0.001182708 0.004353139 0.425533473 0.001171111 0.999995708 0.002665639 -0.619179249 -0.004356273 -0.002660514 0.999986947 21.772836685
0.999992311 -0.001333934 0.003676602 0.435259879 0.001324727 0.999995947 0.002505405 -0.630098283 -0.003679930 -0.002500516 0.999990046 22.257793427
0.999994755 -0.001301244 0.002981396 0.446902633 0.001292731 0.999995053 0.002855604 -0.646677852 -0.002985097 -0.002851734 0.999991477 22.777317047
0.999994636 -0.001447620 0.002934062 0.444884807 0.001439886 0.999995410 0.002636066 -0.659601152 -0.002937865 -0.002631827 0.999992192 23.268138885
0.999994278 -0.002743943 0.001937694 0.459992975 0.002739501 0.999993622 0.002291345 -0.674421132 -0.001943969 -0.002286024 0.999995470 23.801977158
0.999996305 -0.001869738 0.001950460 0.470020503 0.001865511 0.999995947 0.002166286 -0.684362590 -0.001954502 -0.002162640 0.999995708 24.337118149
0.999998569 -0.001381098 0.000968748 0.475430489 0.001378457 0.999995351 0.002721866 -0.703815639 -0.000972502 -0.002720526 0.999995828 24.850698471
0.999999523 -0.000791756 0.000638021 0.484230459 0.000790324 0.999997199 0.002241697 -0.712924421 -0.000639794 -0.002241192 0.999997258 25.393886566
0.999999523 -0.000921192 0.000344092 0.487260908 0.000920347 0.999996603 0.002449193 -0.724882782 -0.000346346 -0.002448875 0.999997020 25.951847076
0.999999702 -0.000657037 0.000208351 0.493797988 0.000656366 0.999994636 0.003200266 -0.744806468 -0.000210453 -0.003200128 0.999994874 26.450744629
0.999999702 -0.000742386 -0.000238080 0.508811474 0.000743208 0.999993682 0.003472025 -0.760940969 0.000235501 -0.003472201 0.999993920 27.005207062
0.999999702 -0.000494624 -0.000633743 0.521088243 0.000496560 0.999995232 0.003056592 -0.778101981 0.000632228 -0.003056906 0.999995232 27.548530579
0.999999583 0.000021651 -0.000864795 0.523106337 -0.000018900 0.999994934 0.003181167 -0.787064195 0.000864860 -0.003181149 0.999994576 28.069475174
0.999999285 -0.000358422 -0.001172543 0.536276996 0.000362259 0.999994576 0.003274559 -0.801726103 0.001171363 -0.003274981 0.999993980 28.626001358
0.999999225 0.001067261 -0.000748143 0.536539018 -0.001064871 0.999994338 0.003186285 -0.814245880 0.000751539 -0.003185485 0.999994636 29.167514801
0.999998808 -0.000001642 -0.001520549 0.535031199 0.000006351 0.999995232 0.003097401 -0.826352000 0.001520537 -0.003097407 0.999993980 29.663782120
0.999998987 0.000869001 -0.001151350 0.541607082 -0.000865714 0.999995649 0.002851723 -0.839904845 0.001153823 -0.002850724 0.999995232 30.212413788
0.999998569 0.000339753 -0.001635301 0.555472374 -0.000334802 0.999995351 0.003026753 -0.854960442 0.001636321 -0.003026201 0.999994099 30.744052887
0.999997675 0.000797734 -0.001968858 0.563138545 -0.000791065 0.999993980 0.003386510 -0.872807980 0.001971548 -0.003384945 0.999992311 31.267236710
0.999997735 0.000569723 -0.002042618 0.573544502 -0.000563357 0.999994993 0.003116442 -0.886559010 0.002044383 -0.003115284 0.999993026 31.809312820
0.999996305 0.000802945 -0.002590909 0.584569216 -0.000794342 0.999994218 0.003319876 -0.896811903 0.002593559 -0.003317805 0.999991119 32.368236542
0.999995470 0.000410560 -0.002987756 0.584467173 -0.000400945 0.999994755 0.003217825 -0.910891891 0.002989062 -0.003216612 0.999990344 32.855529785
0.999995589 0.000091794 -0.002966129 0.595181704 -0.000080420 0.999992669 0.003834442 -0.925949574 0.002966459 -0.003834186 0.999988258 33.409835815
0.999993145 0.000934077 -0.003581208 0.609618366 -0.000921458 0.999993384 0.003523646 -0.936136723 0.003584476 -0.003520323 0.999987364 33.950199127
0.999994159 0.000610503 -0.003366205 0.601581991 -0.000598672 0.999993563 0.003514187 -0.954138935 0.003368329 -0.003512152 0.999988139 34.425704956
0.999992907 0.000231124 -0.003779844 0.614995480 -0.000218102 0.999993980 0.003445195 -0.964448750 0.003780618 -0.003444346 0.999986947 34.985397339
0.999993145 0.000702117 -0.003638347 0.621765733 -0.000690206 0.999994338 0.003273749 -0.978452504 0.003640626 -0.003271215 0.999987960 35.520084381
0.999992371 -0.000164358 -0.003905862 0.619690716 0.000176884 0.999994814 0.003206971 -0.987272263 0.003905314 -0.003207637 0.999987245 36.027828217
0.999991238 -0.000011520 -0.004193836 0.627463222 0.000025414 0.999994457 0.003312690 -1.001030445 0.004193774 -0.003312768 0.999985695 36.574745178
0.999993265 0.000572220 -0.003646126 0.638142049 -0.000562951 0.999996603 0.002542481 -1.009764075 0.003647568 -0.002540411 0.999990165 37.121536255
0.999990761 0.000915367 -0.004194586 0.649802327 -0.000904866 0.999996483 0.002504732 -1.023636937 0.004196864 -0.002500914 0.999988079 37.659152985
0.999991953 0.000118987 -0.004006472 0.645550191 -0.000106203 0.999994874 0.003190695 -1.045683146 0.004006831 -0.003190244 0.999986887 38.136657715
0.999990761 -0.000094393 -0.004291449 0.658145130 0.000109812 0.999993503 0.003592941 -1.060865164 0.004291081 -0.003593379 0.999984324 38.687553406
0.999989808 -0.000575112 -0.004481682 0.666598797 0.000591314 0.999993265 0.003614651 -1.075085282 0.004479573 -0.003617264 0.999983430 39.230846405
0.999991953 0.000318016 -0.004004661 0.649275541 -0.000306430 0.999995768 0.002893280 -1.069292784 0.004005564 -0.002892029 0.999987781 39.704128265
0.999991059 0.000041304 -0.004238072 0.659515738 -0.000030033 0.999996364 0.002659157 -1.081513405 0.004238168 -0.002659006 0.999987483 40.259708405
0.999990761 0.000011497 -0.004305122 0.672710001 0.000002327 0.999994934 0.003210991 -1.097560763 0.004305138 -0.003210970 0.999985516 40.803466797
0.999989629 0.000652430 -0.004516365 0.697252154 -0.000638935 0.999995351 0.002988869 -1.117480040 0.004518294 -0.002985951 0.999985337 41.324642181
0.999989927 -0.000426830 -0.004472984 0.676082313 0.000441748 0.999994457 0.003334834 -1.129497528 0.004471535 -0.003336777 0.999984443 41.841670990
0.999991357 0.000071518 -0.004180690 0.678884625 -0.000056119 0.999993205 0.003683459 -1.143613338 0.004180926 -0.003683192 0.999984443 42.387184143
0.999989986 0.000081204 -0.004505855 0.697456598 -0.000064885 0.999993443 0.003621446 -1.158596039 0.004506120 -0.003621117 0.999983251 42.928573608
0.999990821 -0.000080921 -0.004278054 0.692577660 0.000094474 0.999994934 0.003167972 -1.164403081 0.004277776 -0.003168348 0.999985814 43.438125610
0.999991715 -0.000119311 -0.004073292 0.698900044 0.000131120 0.999995768 0.002899060 -1.174395084 0.004072929 -0.002899570 0.999987483 43.994602203
0.999991655 0.000341999 -0.004064146 0.712486744 -0.000328953 0.999994814 0.003210255 -1.190516233 0.004065223 -0.003208891 0.999986589 44.537010193
0.999991238 -0.000323392 -0.004170758 0.710317075 0.000336905 0.999994695 0.003239797 -1.203025818 0.004169689 -0.003241174 0.999986053 45.027786255
0.999992311 -0.000051366 -0.003912291 0.713949680 0.000064697 0.999994218 0.003407423 -1.220514774 0.003912093 -0.003407650 0.999986589 45.567604065
0.999990344 -0.000004803 -0.004381415 0.729418993 0.000021649 0.999992669 0.003844620 -1.239149451 0.004381364 -0.003844678 0.999983013 46.114967346
0.999989629 -0.000412844 -0.004525404 0.722509027 0.000428059 0.999994278 0.003361903 -1.235123158 0.004523990 -0.003363805 0.999984086 46.601547241
0.999989510 -0.000780850 -0.004516241 0.728970408 0.000794855 0.999994874 0.003100292 -1.249295831 0.004513796 -0.003103849 0.999984980 47.136207581
0.999991357 -0.000744051 -0.004107289 0.738834023 0.000757958 0.999994040 0.003385423 -1.264597654 0.004104745 -0.003388507 0.999985754 47.683849335
0.999992609 -0.000543283 -0.003832096 0.727937698 0.000556551 0.999993861 0.003461933 -1.275558949 0.003830192 -0.003464040 0.999986649 48.170421600
0.999994338 0.000498937 -0.003314733 0.735486448 -0.000486907 0.999993324 0.003629128 -1.288827181 0.003316523 -0.003627495 0.999987960 48.717594147
0.999993563 0.000240098 -0.003580889 0.745763540 -0.000227336 0.999993622 0.003563850 -1.301143169 0.003581721 -0.003563014 0.999987245 49.260547638
0.999994040 0.000418334 -0.003421770 0.753475368 -0.000405634 0.999993086 0.003711288 -1.323012471 0.003423298 -0.003709878 0.999987304 49.755153656
0.999992669 -0.000537833 -0.003782626 0.756469131 0.000552335 0.999992430 0.003834001 -1.333848357 0.003780536 -0.003836062 0.999985516 50.301853180
0.999992728 0.000141548 -0.003802208 0.763052404 -0.000128145 0.999993682 0.003524976 -1.345218778 0.003802683 -0.003524463 0.999986589 50.843524933
0.999992430 -0.000364571 -0.003879903 0.779317081 0.000379453 0.999992549 0.003835628 -1.367974281 0.003878477 -0.003837071 0.999985158 51.374526978
0.999994099 -0.000303632 -0.003415849 0.770823121 0.000316400 0.999992967 0.003738018 -1.368110418 0.003414690 -0.003739076 0.999987185 51.879665375
0.999994397 -0.000529149 -0.003312347 0.781230152 0.000541931 0.999992430 0.003859563 -1.381577492 0.003310279 -0.003861337 0.999987066 52.426376343
0.999994040 -0.000259952 -0.003449572 0.788487375 0.000273171 0.999992728 0.003832233 -1.397041678 0.003448549 -0.003833153 0.999986708 52.945232391
0.999995887 0.000078627 -0.002873187 0.792791426 -0.000068110 0.999993324 0.003660292 -1.405436039 0.002873456 -0.003660081 0.999989212 53.493347168
0.999995589 -0.000061299 -0.002976561 0.798742890 0.000071761 0.999993801 0.003515038 -1.414696217 0.002976328 -0.003515236 0.999989390 54.055404663
0.999994814 0.000131547 -0.003199137 0.809286594 -0.000120298 0.999993801 0.003516201 -1.428092480 0.003199581 -0.003515798 0.999988675 54.546455383
0.999994993 -0.000217777 -0.003168790 0.813244283 0.000228792 0.999993920 0.003476026 -1.435967088 0.003168013 -0.003476734 0.999988914 55.095985413
0.999995947 0.000002281 -0.002870810 0.820522070 0.000007754 0.999993861 0.003495596 -1.447877645 0.002870801 -0.003495603 0.999989748 55.645946503
0.999996185 0.000457935 -0.002714747 0.817913949 -0.000448012 0.999993205 0.003654172 -1.466831803 0.002716402 -0.003652941 0.999989629 56.143547058
0.999995053 0.000141707 -0.003123285 0.829061627 -0.000131795 0.999994874 0.003173766 -1.479304671 0.003123719 -0.003173339 0.999990106 56.687168121
0.999996483 0.000444783 -0.002604375 0.835683107 -0.000436312 0.999994516 0.003251950 -1.486435413 0.002605807 -0.003250802 0.999991357 57.249828339
0.999996066 0.000031151 -0.002784224 0.841591477 -0.000021846 0.999994338 0.003342294 -1.497378707 0.002784313 -0.003342220 0.999990523 57.731113434
0.999996006 -0.000188121 -0.002808421 0.854563475 0.000196777 0.999995232 0.003082429 -1.513654709 0.002807828 -0.003082969 0.999991298 58.273670197
0.999995828 0.000328925 -0.002847626 0.870201051 -0.000319837 0.999994814 0.003191520 -1.528292418 0.002848661 -0.003190597 0.999990761 58.828929901
0.999997735 0.000592553 -0.002057097 0.868825912 -0.000587166 0.999996483 0.002617757 -1.531661153 0.002058641 -0.002616542 0.999994457 59.385650635
0.999996305 0.000049526 -0.002702410 0.856767416 -0.000041137 0.999995172 0.003104162 -1.554175735 0.002702550 -0.003104039 0.999991477 59.842926025
0.999996364 -0.000332490 -0.002665146 0.871716559 0.000340361 0.999995589 0.002953216 -1.565030575 0.002664152 -0.002954112 0.999992073 60.389179230
0.999995887 -0.001170691 -0.002620364 0.877872825 0.001178511 0.999994814 0.002984938 -1.576859355 0.002616856 -0.002988014 0.999992132 60.949619293
0.999997318 -0.000179677 -0.002288232 0.877812505 0.000186397 0.999995768 0.002937604 -1.587125540 0.002287694 -0.002938023 0.999993086 61.448249817
0.999997258 0.000646821 -0.002197865 0.884791672 -0.000639513 0.999994278 0.003324111 -1.598554015 0.002200002 -0.003322696 0.999992073 62.001441956
0.999997377 0.000195084 -0.002288814 0.899805725 -0.000188439 0.999995708 0.002902946 -1.615265012 0.002289370 -0.002902508 0.999993205 62.548904419
0.999997258 0.000492652 -0.002277185 0.898976326 -0.000486034 0.999995649 0.002906270 -1.625353098 0.002278607 -0.002905155 0.999993205 63.038024902
0.999996603 -0.000318378 -0.002555892 0.911722720 0.000325753 0.999995768 0.002885557 -1.637113094 0.002554963 -0.002886380 0.999992609 63.587368011
0.999998569 0.000382165 -0.001681770 0.912088096 -0.000377026 0.999995232 0.003054746 -1.651504993 0.001682929 -0.003054108 0.999993920 64.132095337
0.999998271 0.000602116 -0.001774329 0.912514687 -0.000597738 0.999996781 0.002466054 -1.660461664 0.001775808 -0.002464990 0.999995351 64.631668091
0.999998569 -0.000350230 -0.001627203 0.920709372 0.000353799 0.999997556 0.002192959 -1.669768810 0.001626430 -0.002193532 0.999996305 65.190986633
0.999999166 0.000573253 -0.001163804 0.927509367 -0.000570970 0.999997854 0.001961805 -1.686929226 0.001164926 -0.001961139 0.999997437 65.730094910
0.999998868 0.000293722 -0.001475052 0.934719265 -0.000290437 0.999997497 0.002225899 -1.697351217 0.001475702 -0.002225469 0.999996424 66.209358215
0.999998510 0.000362697 -0.001722238 0.946693242 -0.000358907 0.999997556 0.002199943 -1.710114241 0.001723031 -0.002199322 0.999996126 66.753471375
0.999998629 0.001281652 -0.001084976 0.946922123 -0.001279651 0.999997497 0.001841468 -1.726500273 0.001087333 -0.001840077 0.999997735 67.299049377
0.999998689 0.000989618 -0.001278458 0.943023980 -0.000987040 0.999997437 0.002014867 -1.732413054 0.001280449 -0.002013602 0.999997139 67.794593811
0.999998927 0.001262026 -0.000777489 0.953437030 -0.001260950 0.999998212 0.001382462 -1.744892120 0.000779232 -0.001381481 0.999998748 68.349792480
0.999996781 0.002562532 0.000106631 0.955015123 -0.002562708 0.999995291 0.001691626 -1.765019655 -0.000102296 -0.001691894 0.999998569 68.898735046
0.999999046 0.000941239 -0.000999767 0.965917110 -0.000939396 0.999997854 0.001843245 -1.770557046 0.001001500 -0.001842303 0.999997735 69.376533508
0.999999046 0.000935629 -0.000981716 0.973607779 -0.000934374 0.999998748 0.001279350 -1.783481717 0.000982912 -0.001278431 0.999998689 69.919647217
0.999999225 0.000992283 -0.000771481 0.980553627 -0.000990910 0.999997914 0.001777232 -1.797001958 0.000773243 -0.001776466 0.999998152 70.429351807
0.999999344 0.000916156 -0.000730359 0.990734994 -0.000914530 0.999997079 0.002222695 -1.814238548 0.000732393 -0.002222026 0.999997258 70.979522705
0.999999106 0.001176678 -0.000715610 0.998149157 -0.001174679 0.999995410 0.002786198 -1.836941004 0.000718885 -0.002785355 0.999995947 71.518081665
0.999998868 0.001394113 -0.000612494 1.004091144 -0.001392967 0.999997258 0.001867849 -1.838255882 0.000615097 -0.001866994 0.999998093 71.986061096
0.999999344 0.001064751 -0.000529018 1.015448332 -0.001064092 0.999998689 0.001243528 -1.851883292 0.000530342 -0.001242964 0.999999106 72.532623291
0.999998271 0.001760423 -0.000584658 1.024178982 -0.001759428 0.999996960 0.001695676 -1.859388590 0.000587641 -0.001694644 0.999998450 73.113327026
0.999999225 0.001016865 -0.000687678 1.036422610 -0.001015893 0.999998510 0.001416940 -1.872137547 0.000689118 -0.001416241 0.999998748 73.591865540
0.999999404 0.000931857 -0.000417845 1.049502850 -0.000931254 0.999998510 0.001445771 -1.883076787 0.000419192 -0.001445382 0.999998808 74.144927979
0.999997020 0.002439478 -0.000255978 1.054990053 -0.002439207 0.999996543 0.001056032 -1.891251206 0.000258554 -0.001055405 0.999999464 74.678184509
0.999999046 0.001358229 -0.000178774 1.065376759 -0.001358038 0.999998510 0.001074805 -1.910901666 0.000180234 -0.001074562 0.999999344 75.182823181
0.999997735 0.002039582 -0.000363154 1.074241996 -0.002039266 0.999997556 0.000868433 -1.921120167 0.000364924 -0.000867690 0.999999523 75.733459473
0.999999464 0.000887753 -0.000503811 1.084680796 -0.000887029 0.999998629 0.001436485 -1.946509957 0.000505086 -0.001436037 0.999998868 76.241142273
0.999999046 0.001332968 0.000251287 1.085676312 -0.001333216 0.999998629 0.000984844 -1.950562000 -0.000249974 -0.000985178 0.999999464 76.745193481
0.999997318 0.002270035 0.000458072 1.096499324 -0.002270338 0.999997139 0.000662652 -1.959830642 -0.000456566 -0.000663690 0.999999642 77.297111511
0.999995768 0.002900195 0.000483910 1.105102301 -0.002900541 0.999995530 0.000716190 -1.975063920 -0.000481831 -0.000717591 0.999999583 77.860328674
0.999998868 0.001489570 -0.000109116 1.119410753 -0.001489504 0.999998689 0.000611899 -1.988592029 0.000110027 -0.000611735 0.999999821 78.374046326
0.999996126 0.002358685 0.001478568 1.124932766 -0.002360052 0.999996781 0.000922798 -2.005323648 -0.001476386 -0.000926284 0.999998510 78.925666809
0.999994457 0.001572567 0.002938568 1.140598178 -0.001576095 0.999998093 0.001197918 -2.026995659 -0.002936678 -0.001202542 0.999994993 79.463241577
0.999991715 0.001569220 0.003760193 1.145919085 -0.001571463 0.999998510 0.000593682 -2.027974129 -0.003759256 -0.000599586 0.999992728 80.011917114
0.999983490 0.001815797 0.005462078 1.155726194 -0.001818479 0.999998212 0.000486123 -2.041434050 -0.005461185 -0.000496048 0.999984980 80.562416077
0.999962330 0.002484685 0.008321622 1.169689536 -0.002489097 0.999996722 0.000519856 -2.066029787 -0.008320305 -0.000540550 0.999965250 81.098579407
0.999927402 0.001677550 0.011931172 1.176450968 -0.001685628 0.999998271 0.000667260 -2.066067696 -0.011930033 -0.000687323 0.999928594 81.607856750
0.999879956 0.001195544 0.015450673 1.201810479 -0.001199410 0.999999225 0.000240980 -2.079214334 -0.015450373 -0.000259482 0.999880552 82.157699585
0.999817193 -0.000198883 0.019115932 1.223584890 0.000204701 0.999999881 -0.000302409 -2.085172892 -0.019115869 0.000306266 0.999817252 82.724777222
0.999683559 0.001831035 0.025088124 1.250179291 -0.001838665 0.999998271 0.000281082 -2.098583698 -0.025087565 -0.000327122 0.999685228 83.223823547
0.999503732 0.002443041 0.031404793 1.280113339 -0.002446732 0.999997020 0.000079133 -2.112003088 -0.031404506 -0.000155933 0.999506712 83.778701782
0.999291301 0.002037690 0.037586611 1.311779499 -0.002042022 0.999997914 0.000076882 -2.124311686 -0.037586376 -0.000153580 0.999293447 84.323532104
0.998966515 0.001906005 0.045412052 1.351104975 -0.001919626 0.999998093 0.000256321 -2.136718512 -0.045411479 -0.000343230 0.998968303 84.837310791
0.998545349 0.001730470 0.053891219 1.401208162 -0.001701027 0.999998450 -0.000592218 -2.143666744 -0.053892158 0.000499686 0.998546720 85.396568298
0.998134196 0.001845847 0.061030101 1.453694344 -0.001841472 0.999998331 -0.000127936 -2.160659790 -0.061030231 0.000015312 0.998135924 85.966827393
0.997548521 0.001752219 0.069956467 1.500569820 -0.001747162 0.999998450 -0.000133485 -2.174789667 -0.069956593 0.000010932 0.997550011 86.475387573
0.996812522 0.001387303 0.079768673 1.574551582 -0.001413244 0.999998927 0.000268754 -2.199895620 -0.079768226 -0.000380630 0.996813357 86.992752075
0.996087313 0.000766611 0.088370785 1.643441200 -0.000756871 0.999999642 -0.000143722 -2.204559803 -0.088370882 0.000076274 0.996087551 87.547996521
0.995383620 0.001007225 0.095970966 1.701222897 -0.000966037 0.999999404 -0.000475634 -2.213431835 -0.095971376 0.000380727 0.995384037 88.123878479
0.994338810 0.001296736 0.106248125 1.780156612 -0.001241045 0.999999046 -0.000590273 -2.224481344 -0.106248789 0.000455072 0.994339466 88.666931152
0.993189991 0.000839053 0.116503172 1.868614197 -0.000754113 0.999999344 -0.000773148 -2.235816240 -0.116503760 0.000680026 0.993190050 89.216484070
0.992092907 -0.000374697 0.125504702 1.959129333 0.000524054 0.999999166 -0.001157050 -2.243108988 -0.125504166 0.001213673 0.992092311 89.722923279
0.990552902 -0.000100032 0.137130544 2.048199654 0.000206278 0.999999702 -0.000760579 -2.261034727 -0.137130424 0.000781681 0.990552723 90.253906250
0.988734126 -0.000365512 0.149681643 2.142504692 0.000522628 0.999999344 -0.001010333 -2.273350716 -0.149681166 0.001077179 0.988733768 90.801116943
0.987043262 -0.000765842 0.160451978 2.247440338 0.000933369 0.999999106 -0.000968731 -2.283888817 -0.160451114 0.001105940 0.987043083 91.312141418
0.985351086 -0.001128495 0.170533925 2.362812996 0.001329960 0.999998569 -0.001067146 -2.295792103 -0.170532450 0.001278317 0.985351145 91.857582092
0.983020067 -0.001423647 0.183492512 2.487103462 0.001628754 0.999998152 -0.000967085 -2.313765526 -0.183490843 0.001249528 0.983020484 92.379714966
0.980610669 -0.001276874 0.195962057 2.621536255 0.001479058 0.999998510 -0.000885416 -2.323421955 -0.195960611 0.001158088 0.980611086 92.933135986
0.978489101 -0.001754154 0.206291094 2.751398087 0.001937610 0.999997914 -0.000687281 -2.340128899 -0.206289455 0.001072208 0.978490412 93.467735291
0.975574136 -0.001798294 0.219663396 2.890748978 0.001968913 0.999997854 -0.000557807 -2.362100124 -0.219661966 0.000976680 0.975575566 93.982376099
0.972526073 -0.001977425 0.232785568 3.025409698 0.002195079 0.999997377 -0.000675951 -2.358963966 -0.232783601 0.001168363 0.972527802 94.522071838
0.969866931 -0.002532732 0.243622035 3.178731918 0.002847957 0.999995470 -0.000941699 -2.371699333 -0.243618503 0.001607148 0.969869792 95.047996521
0.967211783 -0.003442835 0.253947586 3.353979111 0.003789260 0.999992430 -0.000875017 -2.395614624 -0.253942609 0.001808600 0.967217565 95.520362854
0.963418901 -0.003071790 0.267982781 3.502336502 0.003329891 0.999994338 -0.000508638 -2.401640177 -0.267979711 0.001382384 0.963423550 96.003807068
0.959832072 -0.003871265 0.280548334 3.677669525 0.004317863 0.999990284 -0.000973793 -2.416355610 -0.280541807 0.002146047 0.959839284 96.529586792
0.956374049 -0.004001321 0.292117715 3.860467911 0.004371578 0.999990225 -0.000614757 -2.426176548 -0.292112380 0.001864953 0.956382155 97.059539795
0.951961696 -0.003060987 0.306201875 4.037876129 0.003374001 0.999994159 -0.000492978 -2.443742990 -0.306198508 0.001502422 0.951966465 97.585845947
0.947431982 -0.003702132 0.319935650 4.243650436 0.004150717 0.999991179 -0.000720214 -2.454757929 -0.319930077 0.002010316 0.947439015 98.110168457
0.943422914 -0.002713782 0.331580937 4.441577911 0.003060690 0.999995172 -0.000524022 -2.466325283 -0.331577897 0.001509241 0.943426609 98.613670349
0.938908637 -0.003192810 0.344151676 4.680355072 0.003486186 0.999993801 -0.000233675 -2.480206013 -0.344148815 0.001419176 0.938914061 99.173278809
0.933144212 -0.003901031 0.359481096 4.866960526 0.004298207 0.999990702 -0.000305587 -2.491160154 -0.359476626 0.001830281 0.933152318 99.696548462
0.928458095 -0.004473811 0.371410072 5.099121094 0.004953344 0.999987662 -0.000337139 -2.506903172 -0.371403962 0.002152741 0.928468943 100.198280334
0.923689187 -0.004319781 0.383118272 5.323459625 0.004811120 0.999988377 -0.000324310 -2.519669294 -0.383112490 0.002142790 0.923699200 100.713378906
0.917545438 -0.004459538 0.397605956 5.568119049 0.004812098 0.999988437 0.000111085 -2.532299995 -0.397601813 0.001811393 0.917556345 101.206504822
0.912006378 -0.005477460 0.410139471 5.801906586 0.005859126 0.999982834 0.000326242 -2.551077366 -0.410134256 0.002105524 0.912022769 101.629768372
0.907014787 -0.004788769 0.421071738 6.055164337 0.005277121 0.999986112 0.000005404 -2.552245855 -0.421065897 0.002217145 0.907027364 102.132049561
0.900986254 -0.004360860 0.433825761 6.255767822 0.004714201 0.999988854 0.000261353 -2.552500010 -0.433822066 0.001809666 0.900996745 102.561065674
0.894507408 -0.004555628 0.447029918 6.525337219 0.005076498 0.999987066 0.000032668 -2.566234350 -0.447024256 0.002240125 0.894519091 103.047531128
0.888403654 -0.003664751 0.459048510 6.796958923 0.004166534 0.999991357 -0.000080263 -2.579995632 -0.459044188 0.001983947 0.888411224 103.534545898
0.882676244 -0.004874524 0.469956368 7.085929871 0.004984195 0.999987125 0.001010798 -2.608747005 -0.469955176 0.001450147 0.882689118 103.991210938
0.875175536 -0.004914717 0.483780503 7.361755371 0.005200764 0.999986231 0.000750479 -2.623845577 -0.483777553 0.001859227 0.875189066 104.424842834
