1.000000000 0.000000000 0.000000000 0.000000000 0.000000000 1.000000000 0.000000000 0.000000000 0.000000000 0.000000000 1.000000000 0.000000000
1.000000000 0.000133513 0.000064073 -0.002888029 -0.000133506 1.000000000 -0.000112865 0.003142070 -0.000064088 0.000112857 1.000000000 0.004147359
1.000000000 0.000118355 0.000014865 -0.000659069 -0.000118355 1.000000000 -0.000046478 0.001667619 -0.000014870 0.000046476 1.000000000 0.001419968
0.999999940 0.000259465 0.000045109 0.000147123 -0.000259462 0.999999940 -0.000066592 0.001973378 -0.000045126 0.000066580 1.000000000 -0.002229356
1.000000000 0.000077121 -0.000040697 0.003578029 -0.000077125 1.000000000 -0.000104865 0.002476666 0.000040689 0.000104869 1.000000000 -0.001559792
1.000000000 0.000027219 -0.000033648 0.001401300 -0.000027220 1.000000000 -0.000014866 0.001471384 0.000033648 0.000014867 1.000000000 -0.001330584
1.000000000 0.000079040 0.000040044 -0.000670255 -0.000079038 1.000000000 -0.000071329 0.001568858 -0.000040050 0.000071326 1.000000000 -0.001903531
1.000000000 0.000029230 0.000022627 0.000482010 -0.000029230 1.000000000 -0.000022497 0.002033310 -0.000022628 0.000022496 1.000000000 -0.000004843
1.000000000 0.000025722 0.000154919 -0.004685928 -0.000025706 1.000000000 -0.000101795 0.003246297 -0.000154921 0.000101791 1.000000000 0.003568595
1.000000000 0.000144139 0.000135183 -0.003189228 -0.000144129 1.000000000 -0.000074192 0.001178671 -0.000135194 0.000074173 1.000000000 -0.000894582
1.000000000 0.000148687 0.000046667 0.000543931 -0.000148686 1.000000000 -0.000002996 0.001066040 -0.000046668 0.000002989 1.000000000 -0.002645682
1.000000000 0.000091923 0.000032996 -0.001474635 -0.000091921 1.000000000 -0.000061675 0.001596542 -0.000033002 0.000061672 1.000000000 -0.004524781
1.000000000 0.000090692 0.000107055 -0.003282819 -0.000090687 1.000000000 -0.000040975 0.001541737 -0.000107059 0.000040965 1.000000000 -0.003506522
1.000000000 -0.000050619 0.000058602 -0.001072215 0.000050620 1.000000000 -0.000014544 -0.000028482 -0.000058601 0.000014547 1.000000000 -0.000463517
1.000000000 0.000092149 0.000052632 -0.000203655 -0.000092146 1.000000000 -0.000057394 0.001593503 -0.000052638 0.000057389 1.000000000 -0.002282055
1.000000000 0.000019102 0.000011424 0.000198869 -0.000019102 1.000000000 -0.000006372 0.001487253 -0.000011424 0.000006371 1.000000000 -0.002882663
1.000000000 0.000027036 0.000061899 -0.002306572 -0.000027034 1.000000000 -0.000046538 0.001326075 -0.000061900 0.000046536 1.000000000 -0.003121496
1.000000000 0.000034772 0.000086397 -0.000861601 -0.000034772 1.000000000 0.000003150 -0.000386269 -0.000086397 -0.000003153 1.000000000 -0.004711444
1.000000000 0.000006518 -0.000042044 0.001311094 -0.000006518 1.000000000 -0.000003634 0.000919644 0.000042044 0.000003635 1.000000000 -0.006351144
1.000000000 -0.000099426 -0.000014348 -0.000720233 0.000099426 1.000000000 0.000021052 -0.000292853 0.000014346 -0.000021054 1.000000000 -0.005782257
1.000000000 0.000038494 0.000044254 -0.000562915 -0.000038495 1.000000000 0.000015653 -0.000354423 -0.000044254 -0.000015654 1.000000000 -0.006876422
1.000000000 -0.000101017 -0.000007548 0.000404565 0.000101018 1.000000000 0.000024203 -0.001225694 0.000007546 -0.000024204 1.000000000 -0.004692743
1.000000000 0.000065185 0.000148341 -0.004604516 -0.000065164 1.000000000 -0.000140138 0.002165545 -0.000148351 0.000140129 1.000000000 0.002295355
1.000000000 -0.000003062 -0.000003639 0.000957649 0.000003062 1.000000000 -0.000046034 0.000088223 0.000003639 0.000046034 1.000000000 -0.001835831
1.000000000 -0.000047415 0.000030447 -0.001234253 0.000047415 1.000000000 0.000005356 0.001315861 -0.000030447 -0.000005355 1.000000000 0.000095812
1.000000000 -0.000053762 -0.000091068 0.002855159 0.000053757 1.000000000 -0.000055842 0.002070547 0.000091071 0.000055837 1.000000000 -0.005721268
1.000000000 -0.000121882 0.000053494 -0.002508451 0.000121884 1.000000000 -0.000044591 0.001648613 -0.000053489 0.000044597 1.000000000 -0.001858324
1.000000000 0.000084271 0.000027593 -0.000014240 -0.000084270 1.000000000 -0.000024402 0.000699813 -0.000027595 0.000024400 1.000000000 -0.004726507
1.000000000 -0.000078452 0.000055838 -0.002957563 0.000078450 1.000000000 0.000045688 0.000113375 -0.000055841 -0.000045683 1.000000000 -0.001479559
1.000000000 -0.000092715 0.000039457 -0.003104577 0.000092718 1.000000000 -0.000081006 0.003382059 -0.000039450 0.000081010 1.000000000 0.002924272
1.000000000 0.000006036 0.000066003 -0.002920262 -0.000006030 1.000000000 -0.000103767 0.001903067 -0.000066004 0.000103766 1.000000000 0.000475510
1.000000000 0.000062377 0.000071477 -0.002749801 -0.000062383 1.000000000 0.000089023 0.000174259 -0.000071471 -0.000089027 1.000000000 0.000382946
1.000000000 -0.000113963 -0.000005467 -0.003297433 0.000113963 1.000000000 -0.000006671 0.000902874 0.000005468 0.000006670 1.000000000 -0.001321026
1.000000000 -0.000023873 0.000044663 -0.001680775 0.000023873 1.000000000 0.000004967 0.001609024 -0.000044663 -0.000004966 1.000000000 -0.001411205
1.000000000 0.000213777 0.000105467 -0.002883147 -0.000213771 1.000000000 -0.000054672 0.000904134 -0.000105479 0.000054649 1.000000000 -0.000419865
1.000000000 0.000015375 0.000069477 -0.003433369 -0.000015373 1.000000000 -0.000032227 0.001636337 -0.000069477 0.000032226 1.000000000 0.000875485
1.000000000 0.000013562 -0.000034753 -0.000167296 -0.000013560 1.000000000 0.000064521 -0.000351162 0.000034754 -0.000064521 1.000000000 -0.005770002
1.000000000 -0.000002598 0.000047618 -0.003205709 0.000002605 1.000000000 -0.000135514 0.002546150 -0.000047617 0.000135514 1.000000000 -0.001242439
1.000000000 -0.000017689 0.000079384 -0.003224842 0.000017690 1.000000000 -0.000014119 0.001208124 -0.000079384 0.000014121 1.000000000 0.000466514
1.000000000 -0.000066769 -0.000059853 0.001637300 0.000066771 1.000000000 0.000033464 0.000763763 0.000059851 -0.000033468 1.000000000 -0.006296272
1.000000000 -0.000128980 -0.000037860 -0.000737330 0.000128980 1.000000000 -0.000000800 0.000256410 0.000037860 0.000000795 1.000000000 -0.000665513
1.000000000 -0.000057332 0.000029889 0.001991716 0.000057347 0.999999881 -0.000511033 -0.005105330 -0.000029860 0.000511034 0.999999881 0.050045989
1.000000000 -0.000025073 0.000049196 0.003987372 0.000025135 0.999999225 -0.001256259 -0.002681230 -0.000049164 0.001256261 0.999999225 0.144495696
1.000000000 -0.000074786 0.000013985 0.005217808 0.000074806 0.999998987 -0.001426234 -0.011109300 -0.000013878 0.001426235 0.999998987 0.259422719
1.000000000 -0.000022148 0.000131011 0.004161359 0.000022334 0.999998987 -0.001418324 -0.014445209 -0.000130979 0.001418327 0.999998987 0.387375355
1.000000000 0.000064709 0.000019979 0.006789051 -0.000064688 0.999999464 -0.001033550 -0.022569435 -0.000020046 0.001033549 0.999999464 0.531210542
1.000000000 0.000231457 0.000021684 0.014196622 -0.000231434 0.999999404 -0.001042018 -0.025999524 -0.000021925 0.001042013 0.999999464 0.689913929
1.000000000 0.000024566 0.000052927 0.014169193 -0.000024530 0.999999762 -0.000664014 -0.034314472 -0.000052943 0.000664013 0.999999762 0.853252828
1.000000000 0.000067744 -0.000044153 0.020461498 -0.000067770 0.999999821 -0.000591932 -0.036907811 0.000044113 0.000591935 0.999999821 1.024664044
0.999999940 0.000232468 0.000296338 0.005935784 -0.000232396 0.999999940 -0.000242087 -0.047920816 -0.000296394 0.000242018 0.999999881 1.210356355
1.000000000 -0.000075861 -0.000047546 0.023284953 0.000075864 1.000000000 0.000074756 -0.054598060 0.000047540 -0.000074759 1.000000000 1.399104476
0.999999821 0.000467690 0.000420083 0.014798068 -0.000467700 0.999999881 0.000024239 -0.061569888 -0.000420071 -0.000024435 0.999999940 1.591673255
0.999999583 0.000650502 0.000657335 0.018037610 -0.000650528 0.999999821 0.000039599 -0.067135781 -0.000657309 -0.000040027 0.999999821 1.790800333
0.999999583 0.000521090 0.000661886 0.016740089 -0.000521359 0.999999762 0.000406131 -0.074504025 -0.000661675 -0.000406476 0.999999702 1.985656619
0.999999583 0.000512802 0.000651307 0.022228017 -0.000513014 0.999999821 0.000324855 -0.079573520 -0.000651141 -0.000325189 0.999999702 2.206961155
0.999999702 0.000362236 0.000679086 0.028252337 -0.000362689 0.999999702 0.000666693 -0.087009445 -0.000678844 -0.000666939 0.999999523 2.411388159
0.999999583 0.000603712 0.000668174 0.033396911 -0.000604265 0.999999464 0.000826751 -0.096123159 -0.000667674 -0.000827155 0.999999404 2.638487577
0.999999762 0.000286619 0.000596696 0.040903002 -0.000287103 0.999999523 0.000810473 -0.101538897 -0.000596463 -0.000810644 0.999999464 2.876975060
0.999999762 0.000282861 0.000515713 0.045676153 -0.000283321 0.999999583 0.000890541 -0.109141104 -0.000515461 -0.000890686 0.999999464 3.110239029
0.999999881 -0.000083020 0.000358036 0.052372105 0.000082717 0.999999642 0.000845966 -0.117103882 -0.000358106 -0.000845937 0.999999583 3.361134768
0.999999762 0.000316324 0.000583345 0.055681862 -0.000316808 0.999999583 0.000829487 -0.123217598 -0.000583082 -0.000829672 0.999999464 3.602580070
0.999999821 0.000351924 0.000341288 0.065291665 -0.000352226 0.999999523 0.000886617 -0.132494614 -0.000340976 -0.000886737 0.999999583 3.850312710
0.999999762 0.000256617 0.000669157 0.062525742 -0.000257449 0.999999166 0.001243063 -0.143045962 -0.000668837 -0.001243235 0.999998987 4.108669758
0.999999702 0.000490135 0.000664300 0.067930326 -0.000491208 0.999998510 0.001616178 -0.153410032 -0.000663506 -0.001616504 0.999998391 4.358468056
0.999999583 0.000438401 0.000766172 0.074930429 -0.000439411 0.999999046 0.001317524 -0.157826781 -0.000765594 -0.001317860 0.999998808 4.630167961
0.999999523 0.000617807 0.000893898 0.080304325 -0.000619032 0.999998868 0.001370476 -0.164777279 -0.000893050 -0.001371029 0.999998689 4.883881092
0.999998808 0.001080018 0.001116406 0.075436726 -0.001081531 0.999998450 0.001355469 -0.178125441 -0.001114940 -0.001356675 0.999998450 5.133014679
0.999999583 0.000390146 0.000854206 0.089381844 -0.000391580 0.999998510 0.001679241 -0.183927640 -0.000853550 -0.001679574 0.999998212 5.398653030
0.999999642 0.000285704 0.000887483 0.096963182 -0.000287233 0.999998510 0.001723951 -0.192555428 -0.000886989 -0.001724205 0.999998093 5.667541027
0.999999523 0.000484147 0.000865710 0.097715579 -0.000485415 0.999998808 0.001465400 -0.198758632 -0.000864999 -0.001465820 0.999998569 5.941889286
0.999999464 0.000617599 0.000887656 0.103578277 -0.000618990 0.999998510 0.001567117 -0.212441340 -0.000886686 -0.001567666 0.999998391 6.197507858
0.999998868 0.000693738 0.001321864 0.104099527 -0.000695678 0.999998629 0.001468293 -0.213947579 -0.001320843 -0.001469211 0.999998093 6.495562553
0.999999166 0.000585367 0.001163545 0.112276360 -0.000587166 0.999998569 0.001546469 -0.227084190 -0.001162638 -0.001547150 0.999998152 6.780251026
0.999999642 -0.000028890 0.000973380 0.127161264 0.000027103 0.999998271 0.001836434 -0.241614729 -0.000973432 -0.001836407 0.999997854 7.067378998
0.999999642 0.000220271 0.000819473 0.137906224 -0.000222009 0.999997735 0.002120971 -0.256000876 -0.000819004 -0.002121152 0.999997437 7.355713844
0.999999642 0.000055289 0.000886954 0.147400200 -0.000057251 0.999997616 0.002212141 -0.269860178 -0.000886829 -0.002212191 0.999997199 7.662003994
0.999999523 0.000030853 0.000925815 0.155471370 -0.000032963 0.999997377 0.002279367 -0.279424131 -0.000925742 -0.002279397 0.999996960 7.982196808
0.999999762 0.000191892 0.000696644 0.165040061 -0.000193421 0.999997497 0.002195321 -0.286345035 -0.000696221 -0.002195456 0.999997377 8.297992706
0.999999583 0.000426614 0.000824077 0.175991297 -0.000428473 0.999997318 0.002257132 -0.291106224 -0.000823112 -0.002257484 0.999997079 8.628332138
0.999999404 0.000322305 0.001028298 0.171435341 -0.000324915 0.999996662 0.002539504 -0.303814232 -0.001027476 -0.002539837 0.999996185 8.964078903
0.999999166 0.000287787 0.001244117 0.174659535 -0.000290908 0.999996781 0.002509545 -0.317784160 -0.001243391 -0.002509905 0.999996066 9.294732094
0.999999404 0.000261208 0.001043124 0.186469615 -0.000263696 0.999997079 0.002384812 -0.325541109 -0.001042498 -0.002385086 0.999996543 9.633505821
0.999999225 0.000269107 0.001238722 0.188965678 -0.000272461 0.999996305 0.002708339 -0.338734627 -0.001237989 -0.002708674 0.999995530 9.969038010
0.999999583 0.000048885 0.000940723 0.198114544 -0.000051308 0.999996722 0.002575792 -0.348159224 -0.000940594 -0.002575839 0.999996245 10.331757545
0.999999642 0.000048943 0.000920517 0.212900788 -0.000051610 0.999995828 0.002897368 -0.358424753 -0.000920372 -0.002897414 0.999995410 10.695077896
0.999998987 0.000666935 0.001184662 0.219594985 -0.000670368 0.999995589 0.002899597 -0.372630686 -0.001182723 -0.002900388 0.999995053 11.043586731
0.999998391 0.001108649 0.001370291 0.224598691 -0.001112423 0.999995649 0.002756902 -0.381077677 -0.001367228 -0.002758422 0.999995232 11.431354523
0.999998450 0.000971559 0.001436376 0.237842381 -0.000976111 0.999994516 0.003171960 -0.399521887 -0.001433286 -0.003173357 0.999993920 11.790743828
0.999999046 0.000395732 0.001306896 0.248344228 -0.000399789 0.999995112 0.003105857 -0.408278793 -0.001305660 -0.003106376 0.999994338 12.170505524
0.999998808 0.000372410 0.001529044 0.257009506 -0.000377346 0.999994755 0.003228941 -0.421841770 -0.001527833 -0.003229514 0.999993622 12.570682526
0.999998212 0.000846464 0.001679676 0.258237541 -0.000852225 0.999993801 0.003431974 -0.428232521 -0.001676760 -0.003433399 0.999992669 12.956218719
0.999998927 0.000301668 0.001434703 0.271258593 -0.000307329 0.999992132 0.003947524 -0.460279405 -0.001433501 -0.003947961 0.999991179 13.322676659
0.999997079 0.001216729 0.002105684 0.274309039 -0.001225934 0.999989688 0.004375986 -0.474614739 -0.002100338 -0.004378554 0.999988198 13.740916252
0.999995768 0.001654851 0.002392137 0.278359026 -0.001665492 0.999988675 0.004453337 -0.482283473 -0.002384740 -0.004457303 0.999987185 14.153932571
0.999997199 0.000638427 0.002255962 0.303027004 -0.000648589 0.999989569 0.004506639 -0.509974718 -0.002253061 -0.004508090 0.999987304 14.548964500
0.999996662 0.000922251 0.002421180 0.314767003 -0.000933436 0.999988854 0.004622672 -0.525952876 -0.002416890 -0.004624917 0.999986410 14.951265335
0.999994576 0.001505016 0.002931675 0.326314956 -0.001519402 0.999986768 0.004910907 -0.536544800 -0.002924245 -0.004915334 0.999983728 15.379367828
0.999995470 0.000586907 0.002934122 0.345127225 -0.000601568 0.999987304 0.004998164 -0.561271906 -0.002931151 -0.004999907 0.999983191 15.812645912
0.999995530 0.000571981 0.002939438 0.359755993 -0.000586070 0.999988317 0.004794769 -0.568536520 -0.002936662 -0.004796471 0.999984205 16.262506485
0.999994636 0.001007785 0.003124811 0.369208843 -0.001024089 0.999985814 0.005220584 -0.587286770 -0.003119505 -0.005223756 0.999981523 16.686408997
0.999990582 0.001529495 0.004058627 0.369415492 -0.001550385 0.999985516 0.005149130 -0.598793566 -0.004050693 -0.005155374 0.999978542 17.141094208
0.999990761 0.001685423 0.003978633 0.384696096 -0.001707060 0.999983728 0.005441213 -0.614281297 -0.003969399 -0.005447953 0.999977291 17.597089767
0.999989748 0.001439375 0.004286350 0.395912647 -0.001462298 0.999984622 0.005349575 -0.626030385 -0.004278584 -0.005355788 0.999976516 18.064979553
0.999986172 0.001834328 0.004943757 0.405585855 -0.001861358 0.999983311 0.005468502 -0.635467947 -0.004933644 -0.005477628 0.999972820 18.527759552
0.999981880 0.002678611 0.005389532 0.416594177 -0.002706938 0.999982595 0.005255526 -0.646579742 -0.005375360 -0.005270021 0.999971688 19.006456375
0.999988735 0.000933509 0.004658786 0.433496803 -0.000960631 0.999982536 0.005822646 -0.670349002 -0.004653271 -0.005827054 0.999972224 19.479888916
0.999988079 0.000856392 0.004806276 0.441493213 -0.000881437 0.999985993 0.005211246 -0.673645854 -0.004801746 -0.005215420 0.999974847 19.961486816
0.999987602 0.001124827 0.004862966 0.455998302 -0.001151418 0.999984384 0.005468773 -0.683639526 -0.004856740 -0.005474304 0.999973297 20.455656052
0.999990046 0.000466904 0.004441238 0.475220382 -0.000493863 0.999981463 0.006071105 -0.707943916 -0.004438321 -0.006073237 0.999971747 20.948564529
0.999992609 0.000795901 0.003766001 0.499381155 -0.000821490 0.999976575 0.006798080 -0.737806678 -0.003760502 -0.006801124 0.999969721 21.425802231
0.999993980 0.000732866 0.003405942 0.508756220 -0.000755870 0.999976933 0.006757909 -0.747663736 -0.003400910 -0.006760442 0.999971330 21.921155930
0.999993205 0.001292172 0.003456818 0.514728904 -0.001315191 0.999976933 0.006665200 -0.762450635 -0.003448125 -0.006669702 0.999971747 22.450462341
0.999997437 0.000535872 0.002174716 0.548519492 -0.000550154 0.999978185 0.006571974 -0.771923482 -0.002171147 -0.006573156 0.999976039 22.915328979
0.999998629 0.000627984 0.001519328 0.555697680 -0.000637664 0.999979377 0.006378906 -0.786006212 -0.001515292 -0.006379867 0.999978542 23.449077606
0.999999464 -0.000518743 0.000898478 0.574739039 0.000513138 0.999980450 0.006227354 -0.796950936 -0.000901691 -0.006226892 0.999980211 23.939912796
0.999999940 0.000223980 0.000306310 0.586460888 -0.000226003 0.999978006 0.006620350 -0.812112153 -0.000304820 -0.006620419 0.999978065 24.458528519
0.999999821 0.000202655 -0.000551051 0.599934578 -0.000199032 0.999978423 0.006567719 -0.821761608 0.000552370 -0.006567608 0.999978304 24.989307404
0.999999404 0.000064089 -0.001100547 0.606195211 -0.000056622 0.999976993 0.006783805 -0.833524704 0.001100957 -0.006783739 0.999976397 25.509248734
0.999998808 0.000148813 -0.001501646 0.616947949 -0.000138893 0.999978185 0.006604359 -0.845074892 0.001502596 -0.006604144 0.999976993 26.046291351
0.999998510 0.000097208 -0.001713203 0.629747212 -0.000085285 0.999975801 0.006958253 -0.853138745 0.001713838 -0.006958097 0.999974251 26.591594696
0.999998033 0.000264283 -0.001962543 0.637491584 -0.000250593 0.999975622 0.006972465 -0.868216991 0.001964338 -0.006971961 0.999973714 27.126983643
0.999996662 0.000833224 -0.002423598 0.652972937 -0.000816143 0.999974847 0.007040235 -0.887748599 0.002429403 -0.007038235 0.999972224 27.661943436
0.999995828 0.000418521 -0.002833483 0.662160397 -0.000397477 0.999972284 0.007423559 -0.899631798 0.002836511 -0.007422403 0.999968410 28.195692062
0.999993086 0.000323858 -0.003690716 0.680359602 -0.000296173 0.999971867 0.007499143 -0.915266395 0.003693041 -0.007497999 0.999965072 28.739820480
0.999993026 0.000253158 -0.003714177 0.682044685 -0.000224921 0.999971092 0.007600996 -0.928412139 0.003715994 -0.007600107 0.999964178 29.260429382
0.999991775 0.000258891 -0.004045090 0.689369380 -0.000227245 0.999969363 0.007821835 -0.940871239 0.004046991 -0.007820852 0.999961257 29.791046143
0.999991298 0.000068290 -0.004175907 0.700015604 -0.000035852 0.999969780 0.007767465 -0.955096662 0.004176312 -0.007767248 0.999961138 30.330190659
0.999990404 0.000623249 -0.004323750 0.706935883 -0.000589693 0.999969661 0.007757673 -0.968312681 0.004328453 -0.007755048 0.999960542 30.874946594
0.999988794 0.000497796 -0.004703079 0.715099454 -0.000462010 0.999970913 0.007607104 -0.983245015 0.004706729 -0.007604846 0.999960005 31.419422150
0.999988019 0.000595579 -0.004851544 0.728609204 -0.000557326 0.999968708 0.007882101 -0.999687791 0.004856087 -0.007879305 0.999957144 31.964843750
0.999986589 0.000403752 -0.005150805 0.728753865 -0.000364515 0.999970913 0.007616323 -1.000131130 0.005153729 -0.007614344 0.999957681 32.477649689
0.999985814 0.001184507 -0.005190179 0.734728217 -0.001143597 0.999968350 0.007878157 -1.012451291 0.005199346 -0.007872110 0.999955475 33.074325562
0.999985337 0.000533315 -0.005389422 0.737201214 -0.000492210 0.999970734 0.007625580 -1.021032333 0.005393332 -0.007622815 0.999956429 33.546524048
0.999980211 0.000490402 -0.006269202 0.750170112 -0.000438130 0.999965072 0.008336704 -1.048506498 0.006273072 -0.008333792 0.999945581 34.076057434
0.999982357 0.000387337 -0.005919207 0.760919869 -0.000339612 0.999967396 0.008061677 -1.050810337 0.005922136 -0.008059526 0.999949932 34.607383728
0.999983788 0.000904789 -0.005618843 0.753462195 -0.000860369 0.999968410 0.007902952 -1.062228680 0.005625815 -0.007897990 0.999952972 35.160064697
0.999983490 0.001266570 -0.005612704 0.752103209 -0.001222832 0.999968886 0.007789336 -1.067869544 0.005622395 -0.007782343 0.999953926 35.742881775
0.999985576 0.001093571 -0.005245697 0.754172146 -0.001053746 0.999970675 0.007588589 -1.086273670 0.005253842 -0.007582953 0.999957502 36.244346619
0.999983847 0.001877512 -0.005360729 0.748312056 -0.001836233 0.999968708 0.007694771 -1.107040048 0.005375007 -0.007684803 0.999956012 36.720378876
0.999975860 0.000474367 -0.006938681 0.799773991 -0.000417984 0.999966919 0.008125064 -1.116268635 0.006942306 -0.008121966 0.999942958 37.347835541
0.999975085 0.000655720 -0.007041814 0.816175997 -0.000600640 0.999969244 0.007821201 -1.100468993 0.007046726 -0.007816777 0.999944687 37.867866516
0.999974310 0.000489581 -0.007160272 0.812849879 -0.000428282 0.999963284 0.008560082 -1.134402990 0.007164202 -0.008556794 0.999937773 38.333003998
0.999964774 0.000934044 -0.008338513 0.956044257 -0.000855892 0.999955714 0.009370970 -1.201156974 0.008346897 -0.009363503 0.999921322 38.821182251
0.999971926 -0.000790946 -0.007455180 0.846526265 0.000860461 0.999956131 0.009325854 -1.196571469 0.007447479 -0.009332009 0.999928713 39.451347351
0.999971390 -0.001063343 -0.007483565 0.847704530 0.001134560 0.999953985 0.009518585 -1.217022061 0.007473102 -0.009526805 0.999926627 39.983055115
0.999974012 0.000171638 -0.007211426 0.858447671 -0.000108562 0.999961734 0.008746060 -1.216627002 0.007212653 -0.008745050 0.999935746 40.539470673
0.999970734 -0.000176455 -0.007649503 0.866796136 0.000247881 0.999956310 0.009337432 -1.231635213 0.007647520 -0.009339052 0.999927104 41.076175690
0.999965668 -0.000564009 -0.008269766 0.895636976 0.000640894 0.999956489 0.009297449 -1.238190651 0.008264164 -0.009302429 0.999922514 41.698291779
0.999972105 -0.000074977 -0.007471105 0.879047453 0.000146607 0.999954045 0.009587518 -1.257034540 0.007470041 -0.009588345 0.999926090 42.133171082
0.999972224 -0.000008117 -0.007454727 0.885145187 0.000079202 0.999954522 0.009535295 -1.268697619 0.007454309 -0.009535620 0.999926746 42.671413422
0.999973893 0.000298986 -0.007216332 0.892383814 -0.000232476 0.999957502 0.009215662 -1.276045084 0.007218779 -0.009213744 0.999931514 43.195011139
0.999974012 0.000224792 -0.007206599 0.890861928 -0.000158419 0.999957502 0.009209402 -1.288219213 0.007208364 -0.009208020 0.999931633 43.726879120
0.999973893 0.000205581 -0.007224386 0.900616646 -0.000137617 0.999955714 0.009406825 -1.296208143 0.007225999 -0.009405585 0.999929607 44.257793427
0.999972820 -0.000245377 -0.007357385 0.911928654 0.000313870 0.999956548 0.009309554 -1.312038779 0.007354781 -0.009311613 0.999929607 44.806400299
0.999972403 -0.000373855 -0.007405390 0.919650078 0.000442348 0.999957025 0.009249521 -1.317278147 0.007401615 -0.009252542 0.999929786 45.343456268
0.999973655 0.000490460 -0.007238824 0.918854117 -0.000422241 0.999955535 0.009422512 -1.334860921 0.007243123 -0.009419206 0.999929428 45.847461700
0.999971151 0.000329283 -0.007576703 0.937860906 -0.000259608 0.999957740 0.009195167 -1.343181729 0.007579410 -0.009192937 0.999929070 46.449378967
0.999970019 0.000752209 -0.007696416 0.930403829 -0.000683806 0.999960303 0.008886386 -1.343253851 0.007702795 -0.008880856 0.999930918 46.972499847
0.999972343 0.000319995 -0.007426421 0.935950398 -0.000247757 0.999952674 0.009726047 -1.372790933 0.007429182 -0.009723937 0.999925137 47.360450745
0.999970257 0.000069258 -0.007709077 0.945320964 0.000002071 0.999957144 0.009252214 -1.378894687 0.007709390 -0.009251954 0.999927461 47.870162964
0.999967217 -0.000393652 -0.008086896 0.958308816 0.000470882 0.999954283 0.009550319 -1.390849113 0.008082768 -0.009553814 0.999921620 48.389732361
0.999965131 -0.000393864 -0.008346874 0.970579684 0.000473173 0.999954760 0.009501794 -1.403878689 0.008342756 -0.009505412 0.999919951 48.938838959
0.999968231 -0.000665700 -0.007944809 0.978145659 0.000739465 0.999956608 0.009285482 -1.408634901 0.007938283 -0.009291062 0.999925256 49.419696808
0.999967992 0.000117891 -0.007994076 0.977851152 -0.000042689 0.999955773 0.009406752 -1.425718665 0.007994832 -0.009406110 0.999923766 50.073287964
0.999967992 -0.000314435 -0.007992729 0.984015703 0.000394227 0.999950051 0.009983463 -1.435752869 0.007989191 -0.009986294 0.999918222 50.434619904
0.999969184 -0.000116315 -0.007848956 0.986700237 0.000196442 0.999947846 0.010208700 -1.445576668 0.007847357 -0.010209927 0.999917090 50.943908691
0.999971926 0.000262696 -0.007484900 0.987987399 -0.000183718 0.999944270 0.010550377 -1.465240002 0.007487254 -0.010548707 0.999916315 51.467254639
0.999967992 -0.000202587 -0.008001832 0.997244120 0.000284747 0.999947250 0.010267845 -1.471193552 0.007999333 -0.010269793 0.999915242 51.941314697
0.999972284 0.000021063 -0.007448659 1.000390172 0.000059555 0.999941349 0.010822785 -1.480978012 0.007448451 -0.010822929 0.999913692 52.555168152
0.999970973 0.000266824 -0.007613724 1.003472328 -0.000189923 0.999948978 0.010099256 -1.498478889 0.007616031 -0.010097516 0.999919951 53.009216309
0.999976873 0.000630555 -0.006769110 0.967368245 -0.000559611 0.999944985 0.010477304 -1.512712359 0.006775345 -0.010473274 0.999922156 53.500663757
0.999971390 -0.000489358 -0.007550302 0.979267240 0.000569355 0.999943674 0.010596674 -1.529568911 0.007544692 -0.010600669 0.999915361 53.858020782
0.999972403 0.000162355 -0.007429043 0.977721393 -0.000083612 0.999943852 0.010598423 -1.537570238 0.007430348 -0.010597509 0.999916196 54.589424133
0.999967277 -0.000397269 -0.008077888 0.994212508 0.000479579 0.999947906 0.010190144 -1.540059328 0.008073420 -0.010193686 0.999915481 54.949798584
0.999970734 -0.000239953 -0.007643490 1.008491516 0.000320834 0.999943912 0.010582277 -1.555205107 0.007640522 -0.010584419 0.999914825 55.432991028
0.999972820 -0.000525277 -0.007347654 1.002485156 0.000611283 0.999931216 0.011707880 -1.582210779 0.007340998 -0.011712054 0.999904454 55.839771271
0.999971390 0.000284835 -0.007557666 1.012087226 -0.000196082 0.999930978 0.011741628 -1.589173794 0.007560489 -0.011739811 0.999902427 56.467582703
0.999971509 -0.001515678 -0.007397009 1.007861495 0.001599620 0.999934196 0.011355292 -1.603346705 0.007379311 -0.011366800 0.999908090 56.846515656
0.999970853 -0.001244492 -0.007530832 1.018645525 0.001330029 0.999934554 0.011363855 -1.617938519 0.007516197 -0.011373542 0.999907076 57.352554321
0.999973595 -0.000690692 -0.007231088 1.018695116 0.000773288 0.999934375 0.011425800 -1.626272202 0.007222724 -0.011431091 0.999908566 57.861526489
0.999973536 -0.000681494 -0.007232483 1.029783368 0.000764652 0.999933660 0.011501390 -1.635452509 0.007224165 -0.011506618 0.999907613 58.388980865
0.999973357 -0.000831806 -0.007245841 1.031586528 0.000916543 0.999931157 0.011699245 -1.645082355 0.007235608 -0.011705571 0.999905288 58.927108765
0.999974430 -0.000977960 -0.007081729 1.038485765 0.001057965 0.999935508 0.011302440 -1.656255245 0.007070217 -0.011309645 0.999911070 59.457397461
0.999972522 -0.000884264 -0.007349756 1.062827587 0.000972577 0.999927342 0.012020941 -1.679646134 0.007338590 -0.012027761 0.999900758 59.986808777
0.999973655 -0.001174141 -0.007154815 1.069112659 0.001258600 0.999929368 0.011811350 -1.693972826 0.007140442 -0.011820043 0.999904692 60.450836182
0.999974132 -0.000731516 -0.007152666 1.083886862 0.000812380 0.999935746 0.011308964 -1.692155361 0.007143933 -0.011314483 0.999910474 60.930091858
0.999974966 0.000339286 -0.007070793 1.073603868 -0.000252485 0.999924600 0.012273363 -1.725306511 0.007074423 -0.012271271 0.999899685 61.346328735
0.999971688 -0.000227195 -0.007521580 1.080517888 0.000326721 0.999912322 0.013233372 -1.752753496 0.007517915 -0.013235456 0.999884188 61.725925446
0.999967694 -0.001241563 -0.007933644 1.115239859 0.001349520 0.999906301 0.013616573 -1.764238477 0.007915994 -0.013626843 0.999875844 62.317409515
0.999966383 -0.001502919 -0.008059420 1.113345385 0.001603395 0.999920905 0.012474942 -1.733927488 0.008040034 -0.012487446 0.999889672 63.071674347
0.999967635 -0.000958457 -0.007990297 1.148303866 0.001060192 0.999918282 0.012737683 -1.752021074 0.007977435 -0.012745742 0.999886930 63.167766571
0.999965847 -0.001922641 -0.008052938 1.165670753 0.002022956 0.999920189 0.012467334 -1.755864143 0.008028324 -0.012483198 0.999889791 63.720142365
0.999965072 -0.001960730 -0.008135113 1.168976426 0.002062803 0.999918938 0.012557851 -1.771022797 0.008109831 -0.012574191 0.999888003 64.251594543
0.999974668 -0.000713769 -0.007084095 1.145290971 0.000799979 0.999925494 0.012174088 -1.769639373 0.007074878 -0.012179445 0.999900758 64.737586975
0.999972224 -0.000431150 -0.007444326 1.181333184 0.000531372 0.999909103 0.013466116 -1.797370434 0.007437845 -0.013469700 0.999881625 65.254852295
0.999972582 -0.000749992 -0.007363325 1.166441560 0.000846046 0.999914467 0.013050438 -1.833138227 0.007352908 -0.013056309 0.999887645 65.588439941
0.999968112 -0.000600458 -0.007966074 1.184967995 0.000703910 0.999915361 0.012990197 -1.850164652 0.007957599 -0.012995390 0.999883831 66.116325378
0.999965370 -0.001086757 -0.008246709 1.188705206 0.001203527 0.999898911 0.014167873 -1.869480371 0.008230478 -0.014177308 0.999865532 66.659301758
0.999968886 -0.000750096 -0.007849857 1.205640316 0.000853796 0.999912322 0.013215365 -1.865646839 0.007839256 -0.013221656 0.999881804 67.154350281
0.999970853 -0.000343325 -0.007624256 1.232893467 0.000452521 0.999897301 0.014325007 -1.889286995 0.007618555 -0.014328040 0.999868333 67.491561890
0.999961197 -0.002093229 -0.008552548 1.214482307 0.002209002 0.999905705 0.013549744 -1.873282194 0.008523379 -0.013568111 0.999871612 68.233276367
0.999966860 -0.001129943 -0.008057188 1.247042060 0.001245509 0.999896169 0.014352639 -1.912301540 0.008040137 -0.014362199 0.999864459 68.519065857
0.999963701 -0.001399166 -0.008398691 1.266409874 0.001524065 0.999888062 0.014883278 -1.928558826 0.008376927 -0.014895540 0.999853909 69.045631409
0.999963760 -0.001784287 -0.008327791 1.264783144 0.001902719 0.999896884 0.014235077 -1.934862614 0.008301533 -0.014250407 0.999863982 69.563003540
0.999974191 0.001062096 -0.007110577 1.278499126 -0.000957135 0.999890804 0.014748453 -1.952197909 0.007125464 -0.014741265 0.999866009 70.121147156
0.999964356 -0.001046959 -0.008378019 1.285821438 0.001168975 0.999893129 0.014572197 -1.968042135 0.008361867 -0.014581471 0.999858737 70.607925415
0.999966145 -0.001231040 -0.008133892 1.291863203 0.001350753 0.999890625 0.014728751 -1.981822610 0.008114872 -0.014739241 0.999858379 71.147659302
0.999968588 -0.001300935 -0.007809787 1.295768261 0.001417562 0.999887288 0.014946431 -1.991895676 0.007789463 -0.014957034 0.999857724 71.697311401
0.999967396 -0.000938542 -0.008018024 1.311087370 0.001059938 0.999884665 0.015149563 -2.013650894 0.008002882 -0.015157568 0.999853015 72.207000732
0.999967158 -0.001397062 -0.007978324 1.323631287 0.001519685 0.999880493 0.015384280 -2.031880856 0.007955876 -0.015395898 0.999849737 72.750305176
0.999969602 -0.000681622 -0.007768350 1.333785295 0.000801060 0.999881387 0.015382138 -2.040259838 0.007756945 -0.015387893 0.999851465 73.284996033
0.999966741 -0.000898112 -0.008121051 1.352764130 0.001021683 0.999883592 0.015224781 -2.045305252 0.008106432 -0.015232569 0.999851048 73.854339600
0.999967158 -0.000855243 -0.008057493 1.368633032 0.000974844 0.999889255 0.014851267 -2.055349112 0.008043898 -0.014858633 0.999857187 74.393402100
0.999966145 -0.000672965 -0.008203523 1.371329069 0.000800786 0.999878168 0.015588023 -2.072539806 0.008192035 -0.015594063 0.999844790 74.906272888
0.999968410 -0.000757947 -0.007926502 1.384015083 0.000877730 0.999885321 0.015119117 -2.079176903 0.007914135 -0.015125596 0.999854207 75.458000183
0.999966681 -0.000485441 -0.008142008 1.395178914 0.000609617 0.999883413 0.015255783 -2.091529369 0.008133653 -0.015260239 0.999850452 75.993408203
0.999965072 -0.000651677 -0.008335725 1.400606394 0.000781458 0.999878347 0.015575500 -2.095562935 0.008324563 -0.015581470 0.999843895 76.543395996
0.999965608 -0.001103932 -0.008221664 1.410633802 0.001229208 0.999882996 0.015247887 -2.100855112 0.008203868 -0.015257468 0.999849856 77.092185974
0.999977171 -0.000729241 -0.006721668 1.412572622 0.000834385 0.999877095 0.015653059 -2.107946157 0.006709428 -0.015658310 0.999854803 77.632637024
0.999987662 0.000038656 -0.004965188 1.415078640 0.000038391 0.999879539 0.015516496 -2.116527557 0.004965190 -0.015516496 0.999867260 78.192375183
0.999993861 0.000526890 -0.003441779 1.413728237 -0.000472820 0.999876678 0.015691955 -2.132188797 0.003449622 -0.015690230 0.999870956 78.749732971
0.999996483 0.000433549 -0.002656386 1.419699311 -0.000391719 0.999876261 0.015727490 -2.136684418 0.002662876 -0.015726395 0.999872744 79.300933838
0.999999464 0.000804724 0.000580753 1.435832024 -0.000813685 0.999878049 0.015598660 -2.153776884 -0.000568130 -0.015599123 0.999878168 79.830368042
0.999993443 0.000503688 0.003591226 1.464618206 -0.000560882 0.999872744 0.015942765 -2.165448427 -0.003582739 -0.015944676 0.999866426 80.422164917
0.999981046 0.000597252 0.006124039 1.481627107 -0.000694677 0.999873102 0.015918942 -2.164046764 -0.006113754 -0.015922898 0.999854565 80.934730530
0.999945700 0.000088145 0.010431249 1.518621206 -0.000247838 0.999882817 0.015308808 -2.171376228 -0.010428677 -0.015310560 0.999828398 81.490196228
0.999872625 -0.000202308 0.015962057 1.551152229 -0.000049204 0.999875903 0.015754916 -2.183897734 -0.015963264 -0.015753696 0.999748409 82.028724670
0.999771953 -0.001600307 0.021296298 1.590064883 0.001262871 0.999873638 0.015848819 -2.178202629 -0.021318968 -0.015818311 0.999647617 82.531753540
0.999609172 -0.000416486 0.027954647 1.573603153 -0.000032303 0.999871135 0.016051823 -2.207897425 -0.027957732 -0.016046451 0.999480307 83.152992249
0.999330401 -0.000768938 0.036584858 1.642220378 0.000203016 0.999880314 0.015469976 -2.250852108 -0.036592379 -0.015452188 0.999210775 84.224838257
0.998969972 0.000110122 0.045374833 1.692195654 -0.000825639 0.999875724 0.015750587 -2.265382767 -0.045367450 -0.015771829 0.998845875 84.754142761
0.998619139 -0.000051525 0.052534167 1.742896557 -0.000805625 0.999866903 0.016294755 -2.287343502 -0.052528013 -0.016314577 0.998486161 85.297904968
0.998108566 0.000321992 0.061474875 1.816677809 -0.001273830 0.999879897 0.015444805 -2.295931816 -0.061462522 -0.015493902 0.997989058 85.864746094
0.997430682 0.000531940 0.071636401 1.872560501 -0.001686363 0.999869704 0.016055526 -2.309577465 -0.071618535 -0.016135078 0.997301698 86.414176941
0.996747792 0.000483877 0.080583036 1.926819801 -0.001783695 0.999869466 0.016058970 -2.316495180 -0.080564745 -0.016150478 0.996618509 86.958885193
0.996099830 -0.000121909 0.088233039 2.042482376 -0.001286525 0.999872625 0.015905619 -2.310504436 -0.088223740 -0.015957097 0.995972872 87.601409912
0.995087862 -0.000750314 0.098992936 2.110891342 -0.000827335 0.999873281 0.015894976 -2.328830242 -0.098992340 -0.015898796 0.994961202 88.165718079
0.993974745 -0.000777658 0.109606378 2.200153351 -0.000998907 0.999869049 0.016152751 -2.339061737 -0.109604582 -0.016164914 0.993843794 88.740982056
0.992973626 -0.001243095 0.118328787 2.282052994 -0.000602043 0.999878824 0.015556288 -2.340659142 -0.118333779 -0.015518224 0.992852628 89.306594849
0.991578877 -0.000525735 0.129503250 2.380114555 -0.001563149 0.999870241 0.016027801 -2.350814104 -0.129494876 -0.016095264 0.991449475 89.881576538
0.989864349 -0.000623709 0.142014906 2.478971481 -0.001644570 0.999872863 0.015854185 -2.356707096 -0.142006740 -0.015927047 0.989737630 90.415222168
0.988339663 -0.001691943 0.152255833 2.596163750 -0.000707237 0.999876440 0.015702019 -2.369079113 -0.152263597 -0.015626607 0.988216400 91.003196716
0.986783683 -0.001970455 0.162031159 2.705394745 -0.000616488 0.999873161 0.015913887 -2.375961781 -0.162041932 -0.015803456 0.986657321 91.551193237
0.984679818 -0.002294568 0.174357191 2.829016685 -0.000419474 0.999879360 0.015527541 -2.380773067 -0.174371809 -0.015362790 0.984560013 92.115760803
0.982407987 -0.002523272 0.186730281 2.963287354 -0.000420462 0.999876320 0.015723344 -2.395475149 -0.186746851 -0.015525253 0.982285321 92.649299622
0.980311036 -0.002596083 0.197442442 3.100925446 -0.000479598 0.999879420 0.015528189 -2.403996468 -0.197458968 -0.015317152 0.980191410 93.198295593
0.977611721 -0.003506502 0.210387796 3.245683670 0.000342755 0.999886334 0.015072276 -2.413616657 -0.210416734 -0.014662720 0.977501810 93.735984802
0.974695325 -0.004203246 0.223497629 3.400880814 0.000822272 0.999883950 0.015218470 -2.419336319 -0.223535642 -0.014649601 0.974585652 94.276168823
0.971983314 -0.004049731 0.235014632 3.552495956 0.000568297 0.999889195 0.014879528 -2.427315712 -0.235048816 -0.014329096 0.971877933 94.803215027
0.968929827 -0.005435784 0.247276083 3.743864059 0.001610162 0.999875844 0.015670648 -2.444476128 -0.247330546 -0.014785602 0.968818367 95.392318726
0.965367377 -0.005903922 0.260827541 3.937673569 0.001863447 0.999874413 0.015735570 -2.456652164 -0.260887712 -0.014704567 0.965257168 95.943710327
0.961931646 -0.007461659 0.273188084 4.119577408 0.003227871 0.999867618 0.015943881 -2.463246346 -0.273270965 -0.014455108 0.961828411 96.479873657
0.958628774 -0.006921565 0.284575015 4.301362991 0.002489966 0.999870002 0.015931519 -2.487659693 -0.284648299 -0.014563829 0.958521366 96.956542969
0.954435885 -0.006227894 0.298351437 4.499109268 0.001301863 0.999859571 0.016706722 -2.505199909 -0.298413575 -0.015557081 0.954309881 97.468070984
0.949973106 -0.006677767 0.312260240 4.690750122 0.001473947 0.999856114 0.016898073 -2.511070251 -0.312328219 -0.015592460 0.949846268 97.981773376
0.945953786 -0.006555639 0.324235141 4.886203766 0.001219562 0.999860466 0.016657896 -2.519035816 -0.324299097 -0.015362176 0.945829868 98.501968384
0.941664696 -0.007127698 0.336477041 5.092618942 0.001750513 0.999865830 0.016281486 -2.511799335 -0.336548030 -0.014742690 0.941550910 98.998161316
0.936257541 -0.006594946 0.351252526 5.300664902 0.000958420 0.999867976 0.016218383 -2.512498379 -0.351313084 -0.014847936 0.936140358 99.514579773
0.931759238 -0.007325739 0.363002837 5.529901505 0.001135737 0.999850273 0.017262697 -2.534214973 -0.363074988 -0.015672402 0.931628048 100.009872437
0.927057803 -0.007478116 0.374843836 5.746377945 0.001176754 0.999854088 0.017036706 -2.540171146 -0.374916643 -0.015352911 0.926931381 100.521682739
0.921293855 -0.007524941 0.388794303 5.991855621 0.000973386 0.999854207 0.017045183 -2.542031527 -0.388865948 -0.015325173 0.921166897 101.037139893
0.916032791 -0.009406148 0.400993347 6.244838715 0.002736403 0.999848306 0.017202497 -2.549086094 -0.401094377 -0.014660768 0.915919423 101.526786804
0.911307931 -0.009257133 0.411621362 6.494991302 0.002585969 0.999856174 0.016761001 -2.554303169 -0.411717385 -0.014209995 0.911200821 102.024291992
0.905698717 -0.009990286 0.423804283 6.750171661 0.003094902 0.999851346 0.016955363 -2.565109730 -0.423910737 -0.014044814 0.905595124 102.505798340
0.899268389 -0.010181990 0.437278748 7.007713318 0.002957051 0.999847710 0.017200144 -2.576980114 -0.437387228 -0.014174492 0.899161518 102.984649658
0.893810272 -0.012316973 0.448276013 7.289646149 0.005237061 0.999841273 0.017029859 -2.578582764 -0.448414594 -0.012873815 0.893732965 103.478256226
0.887777388 -0.011735185 0.460123360 7.557094574 0.004429100 0.999846458 0.016954860 -2.578694820 -0.460251600 -0.013014209 0.887693107 103.966140747
0.880749226 -0.012359874 0.473421574 7.842666626 0.005014674 0.999846637 0.016774286 -2.585277796 -0.473556370 -0.012399884 0.880676150 104.434677124
