1.000000000 0.000000000 0.000000000 0.000000000 0.000000000 1.000000000 0.000000000 0.000000000 0.000000000 0.000000000 1.000000000 0.000000000
1.000000000 0.000032398 0.000134106 -0.001004309 -0.000032401 1.000000000 0.000026131 0.000151352 -0.000134105 -0.000026135 1.000000000 0.000135679
1.000000000 0.000166598 0.000164129 -0.001725147 -0.000166612 1.000000000 0.000082168 0.000770205 -0.000164116 -0.000082195 1.000000000 0.001849872
1.000000000 0.000193325 -0.000006785 0.000062863 -0.000193324 0.999999940 0.000154683 -0.001101258 0.000006815 -0.000154682 1.000000000 -0.000435876
0.999999940 0.000256129 0.000112282 -0.001210779 -0.000256139 0.999999940 0.000087601 -0.000053660 -0.000112259 -0.000087630 1.000000000 0.000534072
1.000000000 0.000035902 0.000026796 -0.000765472 -0.000035904 1.000000000 0.000077192 -0.000105465 -0.000026793 -0.000077193 1.000000000 -0.000722533
1.000000000 0.000075330 0.000147977 -0.002252399 -0.000075326 1.000000000 -0.000024503 0.001494962 -0.000147979 0.000024491 1.000000000 0.003765933
1.000000000 -0.000061955 0.000176039 -0.001365306 0.000061940 1.000000000 0.000090426 0.000657963 -0.000176045 -0.000090415 1.000000000 0.003069566
1.000000000 0.000031000 0.000168093 -0.001634289 -0.000030990 1.000000000 -0.000056359 0.001261937 -0.000168095 0.000056354 1.000000000 0.002525248
1.000000000 -0.000033414 0.000189752 -0.000748797 0.000033403 1.000000000 0.000057775 0.000156155 -0.000189754 -0.000057768 1.000000000 0.000795655
1.000000000 -0.000101619 0.000191519 -0.000927606 0.000101617 1.000000000 0.000013622 0.001405053 -0.000191520 -0.000013603 1.000000000 0.002521929
1.000000000 0.000005450 0.000080951 -0.000392609 -0.000005455 1.000000000 0.000066955 -0.000165952 -0.000080951 -0.000066956 1.000000000 0.000354615
1.000000000 0.000032438 0.000157705 -0.001526344 -0.000032438 1.000000000 -0.000000593 0.001499465 -0.000157705 0.000000588 1.000000000 0.004184316
0.999999940 -0.000022165 0.000263548 -0.002410028 0.000022130 1.000000000 0.000131035 0.001116838 -0.000263551 -0.000131029 0.999999940 0.003948878
1.000000000 0.000002534 0.000160591 -0.002022565 -0.000002544 1.000000000 0.000066133 0.001049798 -0.000160591 -0.000066134 1.000000000 0.003537428
1.000000000 0.000133634 0.000109520 -0.001468876 -0.000133642 1.000000000 0.000069802 0.000405842 -0.000109510 -0.000069816 1.000000000 0.001934658
1.000000000 0.000049096 0.000172876 -0.001472928 -0.000049120 1.000000000 0.000138317 -0.000778840 -0.000172870 -0.000138325 1.000000000 0.000053397
0.999999940 0.000149040 0.000346338 -0.002133833 -0.000149076 1.000000000 0.000101624 0.000241124 -0.000346323 -0.000101676 0.999999940 0.001507729
0.999999940 0.000209336 0.000293393 -0.003268774 -0.000209354 1.000000000 0.000059146 0.000621072 -0.000293381 -0.000059207 0.999999940 0.002656918
0.999999940 0.000191782 0.000186484 -0.002183475 -0.000191798 1.000000000 0.000084894 0.000744169 -0.000186468 -0.000084930 1.000000000 0.003334667
0.999999881 0.000395552 0.000324110 -0.002643491 -0.000395633 0.999999881 0.000252559 -0.000667094 -0.000324010 -0.000252687 0.999999940 0.001207766
0.999999762 0.000553935 0.000363582 -0.003316403 -0.000553958 0.999999821 0.000062967 0.000232268 -0.000363547 -0.000063169 0.999999940 0.001350445
0.999999940 0.000144934 0.000247357 -0.002522376 -0.000144963 1.000000000 0.000118236 0.000798348 -0.000247340 -0.000118271 0.999999940 0.002667100
0.999999940 0.000097615 0.000323941 -0.001722398 -0.000097652 1.000000000 0.000111762 -0.000209257 -0.000323930 -0.000111794 0.999999940 0.001651268
0.999999940 0.000111515 0.000265426 -0.002385385 -0.000111522 1.000000000 0.000025807 0.000678000 -0.000265423 -0.000025836 0.999999940 0.000708540
1.000000000 0.000021044 0.000222048 -0.001081484 -0.000021040 1.000000000 -0.000019263 0.001206578 -0.000222049 0.000019258 1.000000000 0.001816475
0.999999940 0.000141105 0.000295985 -0.002081423 -0.000141129 1.000000000 0.000082531 -0.000053648 -0.000295973 -0.000082573 0.999999940 0.000834635
0.999999940 0.000061928 0.000252991 -0.001467796 -0.000061929 1.000000000 0.000004175 0.001103476 -0.000252991 -0.000004191 0.999999940 0.002284497
0.999999881 0.000234114 0.000355071 -0.003037619 -0.000234108 1.000000000 -0.000017016 0.000979331 -0.000355075 0.000016933 0.999999940 0.001257816
0.999999940 0.000120725 0.000327687 -0.003627979 -0.000120729 1.000000000 0.000011611 0.001762333 -0.000327685 -0.000011650 0.999999940 0.003596765
0.999999940 0.000183761 0.000330522 -0.002998374 -0.000183789 1.000000000 0.000083862 0.000927032 -0.000330507 -0.000083923 0.999999940 0.003060294
0.999999940 0.000109781 0.000301349 -0.002300977 -0.000109816 1.000000000 0.000114390 0.000530386 -0.000301336 -0.000114423 0.999999940 0.001696812
0.999999881 0.000236625 0.000382698 -0.003942372 -0.000236623 1.000000000 -0.000006050 0.001994871 -0.000382700 0.000005960 0.999999940 0.003832936
0.999999881 0.000232130 0.000436654 -0.002993425 -0.000232132 1.000000000 0.000005797 0.001525535 -0.000436653 -0.000005899 0.999999881 0.003312159
0.999999940 0.000193691 0.000263627 -0.001036309 -0.000193729 1.000000000 0.000144260 -0.000485930 -0.000263599 -0.000144311 0.999999940 0.000316537
0.999999881 0.000312774 0.000336470 -0.003164045 -0.000312757 0.999999940 -0.000050199 0.003153067 -0.000336486 0.000050093 0.999999940 0.005676029
0.999999940 0.000195993 0.000315132 -0.003486337 -0.000195976 1.000000000 -0.000052258 0.004357806 -0.000315142 0.000052196 0.999999940 0.007018742
0.999999940 -0.000067949 0.000274348 -0.001378268 0.000067939 1.000000000 0.000039271 0.001380009 -0.000274351 -0.000039253 0.999999940 0.002658682
0.999999881 0.000268448 0.000349516 -0.002814797 -0.000268510 0.999999940 0.000177071 0.000951921 -0.000349469 -0.000177165 0.999999940 0.003295545
0.999999940 0.000002045 0.000248634 -0.001406861 -0.000002061 1.000000000 0.000063782 0.001472165 -0.000248634 -0.000063782 0.999999940 0.002798821
0.999999881 0.000088044 0.000452608 -0.003032733 -0.000088039 1.000000000 -0.000012049 0.001617263 -0.000452609 0.000012010 0.999999881 0.004642023
0.999999940 -0.000304274 0.000210571 0.000731052 0.000304445 0.999999642 -0.000812859 0.001166632 -0.000210324 0.000812923 0.999999642 0.055703834
0.999999881 0.000219728 0.000374532 -0.001927166 -0.000219343 0.999999464 -0.001027550 -0.006883834 -0.000374757 0.001027468 0.999999404 0.131764859
1.000000000 0.000142004 0.000080001 0.003098940 -0.000141871 0.999998629 -0.001658763 -0.003009621 -0.000080237 0.001658751 0.999998629 0.256064177
1.000000000 0.000155678 0.000065160 0.005052255 -0.000155603 0.999999344 -0.001154498 -0.012314119 -0.000065340 0.001154488 0.999999344 0.386381835
1.000000000 0.000103151 0.000155130 0.008602220 -0.000103002 0.999999523 -0.000958688 -0.017237479 -0.000155229 0.000958672 0.999999523 0.525129497
0.999999940 0.000318120 0.000083998 0.012897465 -0.000318052 0.999999642 -0.000803169 -0.025644800 -0.000084253 0.000803142 0.999999702 0.666983783
0.999999881 0.000311059 0.000353599 0.015756164 -0.000310746 0.999999583 -0.000885858 -0.025634000 -0.000353874 0.000885748 0.999999523 0.839241385
1.000000000 0.000075805 0.000083826 0.017534778 -0.000075740 0.999999702 -0.000771554 -0.027313171 -0.000083885 0.000771547 0.999999702 1.014187217
1.000000000 -0.000016773 -0.000079383 0.022744719 0.000016747 0.999999940 -0.000328132 -0.033844981 0.000079388 0.000328131 0.999999940 1.192371011
0.999999821 0.000502940 0.000352805 0.016476206 -0.000502685 0.999999583 -0.000722799 -0.032915853 -0.000353168 0.000722621 0.999999702 1.371285915
0.999999940 0.000358815 0.000124296 0.035158951 -0.000358831 0.999999940 0.000135575 -0.053584833 -0.000124247 -0.000135620 1.000000000 1.567061305
0.999999702 0.000677253 0.000418243 0.035766993 -0.000677190 0.999999762 -0.000149483 -0.051667590 -0.000418344 0.000149200 0.999999881 1.759896874
1.000000000 0.000165127 -0.000149475 0.040752970 -0.000165207 0.999999821 -0.000535530 -0.052607346 0.000149386 0.000535554 0.999999821 1.959262133
0.999999583 0.000747958 0.000565822 0.039703809 -0.000747842 0.999999702 -0.000204756 -0.066322654 -0.000565975 0.000204333 0.999999821 2.156325817
0.999999166 0.001244286 0.000564224 0.035032615 -0.001243799 0.999998868 -0.000861940 -0.062945068 -0.000565296 0.000861238 0.999999404 2.392846107
0.999998987 0.001389154 0.000286436 0.046972882 -0.001388978 0.999998868 -0.000613149 -0.072010487 -0.000287287 0.000612750 0.999999762 2.607765913
0.999997616 0.001857108 0.001168106 0.041252285 -0.001856422 0.999998033 -0.000587364 -0.079345427 -0.001169195 0.000585194 0.999999106 2.837842941
0.999998689 0.001486479 0.000706861 0.053298891 -0.001486360 0.999998868 -0.000169835 -0.088896587 -0.000707113 0.000168784 0.999999762 3.072754860
0.999998689 0.001417175 0.000825351 0.052384689 -0.001416455 0.999998569 -0.000872836 -0.086627126 -0.000826587 0.000871665 0.999999285 3.313363075
0.999997079 0.001781589 0.001644441 0.049653474 -0.001780613 0.999998212 -0.000595010 -0.096846715 -0.001645498 0.000592080 0.999998450 3.548442841
0.999997139 0.001753862 0.001660248 0.051398791 -0.001752010 0.999997854 -0.001116368 -0.096887164 -0.001662202 0.001113456 0.999997914 3.814620495
0.999997318 0.001697529 0.001597953 0.062448796 -0.001696004 0.999998093 -0.000955030 -0.106688440 -0.001599571 0.000952317 0.999998271 4.069772720
0.999997079 0.001868865 0.001482324 0.066359907 -0.001868237 0.999998093 -0.000425342 -0.118908569 -0.001483116 0.000422571 0.999998808 4.322212219
0.999997199 0.001627339 0.001772375 0.062509067 -0.001626011 0.999998391 -0.000750445 -0.119163573 -0.001773594 0.000747561 0.999998093 4.567819118
0.999997199 0.001638610 0.001718204 0.070475541 -0.001637513 0.999998450 -0.000639250 -0.127317131 -0.001719249 0.000636435 0.999998271 4.824013233
0.999997556 0.001355359 0.001721691 0.074186042 -0.001354560 0.999998927 -0.000464990 -0.133987606 -0.001722320 0.000462656 0.999998391 5.094784260
0.999997199 0.001392153 0.001865184 0.078903459 -0.001391031 0.999998808 -0.000602742 -0.140177906 -0.001866020 0.000600146 0.999998093 5.348763466
0.999994457 0.002373415 0.002345284 0.080706812 -0.002372084 0.999997020 -0.000570056 -0.150337532 -0.002346630 0.000564490 0.999997020 5.613649845
0.999995708 0.001991753 0.002167638 0.086920813 -0.001991061 0.999997973 -0.000321552 -0.158818617 -0.002168274 0.000317235 0.999997556 5.881643772
0.999994874 0.002113129 0.002388580 0.094459414 -0.002112426 0.999997735 -0.000296747 -0.168269083 -0.002389202 0.000291700 0.999997079 6.156333923
0.999996722 0.001958168 0.001644790 0.107426420 -0.001957455 0.999997973 -0.000434687 -0.176794678 -0.001645638 0.000431466 0.999998569 6.428895473
0.999996662 0.001768447 0.001855209 0.111360066 -0.001767962 0.999998391 -0.000262728 -0.186627373 -0.001855670 0.000259447 0.999998271 6.715110302
0.999996960 0.001676380 0.001802680 0.121787243 -0.001675911 0.999998569 -0.000261321 -0.194896922 -0.001803115 0.000258299 0.999998391 7.009196281
0.999997437 0.001612242 0.001539257 0.128953189 -0.001611764 0.999998629 -0.000312306 -0.204787970 -0.001539759 0.000309824 0.999998808 7.308225155
0.999996781 0.001673892 0.001904965 0.129148409 -0.001672643 0.999998331 -0.000657378 -0.209965795 -0.001906063 0.000654190 0.999997914 7.618932724
0.999997079 0.001621009 0.001779617 0.139708191 -0.001621347 0.999998629 0.000188276 -0.227638215 -0.001779309 -0.000191161 0.999998331 7.926826000
0.999997079 0.001562268 0.001834103 0.145303056 -0.001561011 0.999998569 -0.000686830 -0.227052897 -0.001835174 0.000683965 0.999998093 8.252388000
0.999996305 0.001796613 0.002076336 0.152355492 -0.001795794 0.999998391 -0.000396254 -0.244394735 -0.002077045 0.000392523 0.999997795 8.564185143
0.999993861 0.002053443 0.002833830 0.147413269 -0.002053107 0.999997914 -0.000121492 -0.250939369 -0.002834074 0.000115673 0.999996006 8.894371033
0.999995351 0.001480504 0.002678833 0.162061796 -0.001480079 0.999998927 -0.000160635 -0.265126258 -0.002679068 0.000156670 0.999996424 9.225028992
0.999994755 0.001481318 0.002895239 0.160773814 -0.001481219 0.999998927 -0.000036225 -0.272225916 -0.002895289 0.000031936 0.999995828 9.577073097
0.999993265 0.002151346 0.002957466 0.173986197 -0.002151235 0.999997735 -0.000040800 -0.283361435 -0.002957547 0.000034437 0.999995589 9.910290718
0.999994576 0.001966644 0.002643147 0.178558424 -0.001966986 0.999998093 0.000126728 -0.295071930 -0.002642893 -0.000131926 0.999996543 10.261755943
0.999993980 0.001554628 0.003097357 0.180113196 -0.001556438 0.999998629 0.000582156 -0.310632139 -0.003096447 -0.000586973 0.999995053 10.608805656
0.999994159 0.001238089 0.003173240 0.190506026 -0.001240042 0.999999046 0.000613661 -0.318352401 -0.003172477 -0.000617593 0.999994814 10.977677345
0.999991477 0.002054225 0.003586892 0.194201410 -0.002055750 0.999997854 0.000421569 -0.330001652 -0.003586018 -0.000428939 0.999993503 11.354387283
0.999994516 0.001251744 0.003061353 0.206725076 -0.001253422 0.999998987 0.000546153 -0.338678896 -0.003060667 -0.000549988 0.999995112 11.735501289
0.999994338 0.001377029 0.003052800 0.216958553 -0.001378142 0.999998927 0.000362430 -0.351214081 -0.003052298 -0.000366635 0.999995291 12.119550705
0.999994040 0.001496926 0.003114364 0.227691114 -0.001496860 0.999998868 -0.000023739 -0.358933955 -0.003114396 0.000019077 0.999995172 12.509470940
0.999993682 0.001836505 0.003016339 0.235512584 -0.001836086 0.999998212 -0.000141674 -0.369198263 -0.003016594 0.000136135 0.999995470 12.907402992
0.999992847 0.001931190 0.003231247 0.241594434 -0.001931455 0.999998152 0.000078798 -0.381433010 -0.003231088 -0.000085039 0.999994755 13.308179855
0.999991953 0.001702967 0.003610237 0.248739973 -0.001703611 0.999998569 0.000175609 -0.389401585 -0.003609933 -0.000181758 0.999993443 13.726563454
0.999991179 0.001522444 0.003904508 0.256426036 -0.001523001 0.999998748 0.000139651 -0.401873529 -0.003904291 -0.000145596 0.999992371 14.138880730
0.999991715 0.001869165 0.003607381 0.270287693 -0.001870502 0.999998093 0.000367461 -0.414391994 -0.003606689 -0.000374205 0.999993384 14.560136795
0.999989867 0.001676571 0.004183691 0.280664742 -0.001679305 0.999998331 0.000650262 -0.430253655 -0.004182594 -0.000657281 0.999991119 14.981976509
0.999990225 0.001423369 0.004185659 0.294376612 -0.001425709 0.999998808 0.000556090 -0.444221735 -0.004184864 -0.000562052 0.999991000 15.413558960
0.999989808 0.001256343 0.004336034 0.307149053 -0.001258592 0.999998987 0.000515819 -0.457536370 -0.004335382 -0.000521271 0.999990463 15.850303650
0.999989629 0.001100325 0.004414609 0.318912417 -0.001103116 0.999999166 0.000629746 -0.469411671 -0.004413912 -0.000634609 0.999990046 16.296815872
0.999986708 0.001167593 0.005018014 0.326717407 -0.001170207 0.999999106 0.000518102 -0.482606769 -0.005017405 -0.000523967 0.999987245 16.738262177
0.999987066 0.001054433 0.004971590 0.343004674 -0.001058651 0.999999046 0.000845890 -0.500239432 -0.004970694 -0.000851142 0.999987304 17.183174133
0.999982536 0.001622401 0.005685387 0.345228702 -0.001626949 0.999998331 0.000795398 -0.506341636 -0.005684087 -0.000804634 0.999983549 17.655624390
0.999981284 0.001423115 0.005951985 0.357710987 -0.001425448 0.999998868 0.000387630 -0.517191291 -0.005951426 -0.000396107 0.999982238 18.123941422
0.999979913 0.001489975 0.006173091 0.373915583 -0.001493929 0.999998689 0.000635938 -0.528140426 -0.006172135 -0.000645147 0.999980807 18.594892502
0.999976635 0.002062373 0.006517021 0.380231589 -0.002064479 0.999997795 0.000316392 -0.538693070 -0.006516354 -0.000329839 0.999978721 19.068319321
0.999976695 0.001995298 0.006514294 0.397747874 -0.001997646 0.999997914 0.000353975 -0.550501645 -0.006513573 -0.000366980 0.999978721 19.548454285
0.999976337 0.001970973 0.006594285 0.403069079 -0.001974381 0.999997914 0.000510329 -0.557802379 -0.006593265 -0.000523336 0.999978125 20.043035507
0.999977231 0.001874284 0.006479063 0.419037580 -0.001876151 0.999998212 0.000281965 -0.575701058 -0.006478522 -0.000294114 0.999978960 20.513803482
0.999979436 0.001591038 0.006199196 0.431082040 -0.001590030 0.999998748 -0.000167415 -0.582857847 -0.006199455 0.000157554 0.999980807 21.016174316
0.999981403 0.001510630 0.005893212 0.441162229 -0.001511244 0.999998808 0.000099877 -0.594201028 -0.005893053 -0.000108781 0.999982655 21.523580551
0.999980807 0.001806190 0.005926422 0.446029603 -0.001810647 0.999998212 0.000746903 -0.621283829 -0.005925062 -0.000757619 0.999982178 22.015867233
0.999984860 0.001684238 0.005239734 0.463796824 -0.001688528 0.999998271 0.000814267 -0.631244719 -0.005238355 -0.000823102 0.999985874 22.528509140
0.999983847 0.002382512 0.005149360 0.467056811 -0.002385246 0.999996960 0.000524938 -0.645531416 -0.005148094 -0.000537212 0.999986589 23.051023483
0.999991298 0.001493362 0.003889232 0.486665606 -0.001495729 0.999998689 0.000605869 -0.664365232 -0.003888322 -0.000611681 0.999992192 23.566946030
0.999992549 0.001075998 0.003698780 0.493970662 -0.001075326 0.999999404 -0.000183651 -0.672657013 -0.003698976 0.000179672 0.999993145 24.098985672
0.999994099 0.001531728 0.003070788 0.504444838 -0.001533079 0.999998808 0.000437655 -0.688031912 -0.003070114 -0.000442360 0.999995232 24.635808945
0.999994934 0.002305157 0.002194711 0.520218074 -0.002305774 0.999997318 0.000279117 -0.702921331 -0.002194062 -0.000284177 0.999997556 25.174161911
0.999997079 0.001698510 0.001723071 0.530114174 -0.001698989 0.999998510 0.000276754 -0.715318799 -0.001722598 -0.000279680 0.999998450 25.727977753
0.999997199 0.001873249 0.001488232 0.542453825 -0.001874154 0.999998093 0.000606921 -0.736160219 -0.001487093 -0.000609709 0.999998689 26.272172928
0.999997854 0.001865007 0.000872540 0.546896517 -0.001865910 0.999997675 0.001034756 -0.749939144 -0.000870608 -0.001036382 0.999999106 26.812732697
0.999998331 0.001551345 0.000959366 0.556273878 -0.001552124 0.999998510 0.000811942 -0.765553057 -0.000958105 -0.000813429 0.999999285 27.366706848
0.999995232 0.003027119 0.000684966 0.569342256 -0.003027740 0.999994993 0.000907790 -0.787574112 -0.000682215 -0.000909860 0.999999344 27.906555176
0.999995828 0.002741639 0.000887941 0.562414348 -0.002742269 0.999996006 0.000708883 -0.790762782 -0.000885994 -0.000711315 0.999999344 28.462526321
0.999995887 0.002779275 0.000625776 0.573568642 -0.002779783 0.999995828 0.000812477 -0.805686712 -0.000623516 -0.000814213 0.999999464 29.003282547
0.999997199 0.002340283 -0.000010270 0.587971509 -0.002340269 0.999996543 0.001123944 -0.824290156 0.000012901 -0.001123917 0.999999344 29.551471710
0.999996305 0.002712377 -0.000086388 0.590645313 -0.002712287 0.999995708 0.001024726 -0.834955335 0.000089166 -0.001024488 0.999999464 30.095840454
0.999996424 0.002657583 -0.000190532 0.606791496 -0.002657403 0.999995887 0.000938548 -0.853436470 0.000193025 -0.000938038 0.999999523 30.635829926
0.999996006 0.002800434 -0.000649187 0.614512265 -0.002799675 0.999995351 0.001166723 -0.869482636 0.000652452 -0.001164900 0.999999046 31.188056946
0.999995172 0.003007625 -0.000807769 0.624315023 -0.003006694 0.999994814 0.001151819 -0.881458342 0.000811229 -0.001149384 0.999998927 31.737903595
0.999995112 0.002968689 -0.000998177 0.639779806 -0.002967280 0.999994636 0.001410339 -0.902304113 0.001002359 -0.001407370 0.999998450 32.277622223
0.999995172 0.002948917 -0.000972879 0.642487407 -0.002947772 0.999994934 0.001176427 -0.907423675 0.000976344 -0.001173554 0.999998748 32.824737549
0.999994636 0.003030549 -0.001197001 0.652956069 -0.003030042 0.999995351 0.000425261 -0.920550764 0.001198284 -0.000421632 0.999999106 33.360595703
0.999992967 0.003500119 -0.001299674 0.659144163 -0.003498865 0.999993384 0.000965673 -0.934023678 0.001303045 -0.000961119 0.999998689 33.931358337
0.999993682 0.003179202 -0.001589351 0.665274799 -0.003178318 0.999994814 0.000558545 -0.948326528 0.001591118 -0.000553490 0.999998569 34.477500916
0.999993563 0.003243176 -0.001539973 0.679675043 -0.003241473 0.999994099 0.001107015 -0.967028975 0.001543554 -0.001102016 0.999998212 35.019512177
0.999994874 0.002866931 -0.001384030 0.687224865 -0.002865380 0.999995291 0.001120676 -0.982689440 0.001387237 -0.001116704 0.999998450 35.567340851
0.999992430 0.003688487 -0.001239626 0.697773099 -0.003686755 0.999992251 0.001397914 -1.006408215 0.001244773 -0.001393333 0.999998212 36.113952637
0.999990880 0.004144446 -0.001049856 0.698714733 -0.004143501 0.999991000 0.000901470 -1.010568380 0.001053582 -0.000897112 0.999999046 36.657318115
0.999989510 0.004533623 -0.000655658 0.705312371 -0.004532978 0.999989271 0.000982095 -1.024781346 0.000660104 -0.000979113 0.999999285 37.202659607
0.999991119 0.003912374 -0.001531136 0.715342224 -0.003911425 0.999992132 0.000622633 -1.040189385 0.001533560 -0.000616639 0.999998569 37.758449554
0.999993861 0.003174425 -0.001450764 0.724077821 -0.003173692 0.999994814 0.000506804 -1.053987741 0.001452365 -0.000502197 0.999998808 38.310253143
0.999992490 0.003658678 -0.001354655 0.731918693 -0.003658357 0.999993265 0.000239409 -1.067079306 0.001355522 -0.000234451 0.999999106 38.860458374
0.999991000 0.003797126 -0.001895135 0.740603268 -0.003794797 0.999991953 0.001231159 -1.091309667 0.001899795 -0.001223956 0.999997437 39.388175964
0.999989390 0.004332010 -0.001544489 0.750028133 -0.004330689 0.999990225 0.000856880 -1.102110624 0.001548186 -0.000850183 0.999998450 39.940792084
0.999990761 0.003676502 -0.002225867 0.776469469 -0.003673135 0.999992073 0.001515043 -1.128756046 0.002231420 -0.001506853 0.999996364 40.475837708
0.999989092 0.003501234 -0.003096604 0.791685522 -0.003497756 0.999993265 0.001127958 -1.137442231 0.003100532 -0.001117114 0.999994576 41.040084839
0.999987960 0.003941189 -0.002927525 0.800662935 -0.003936688 0.999991000 0.001541957 -1.151927233 0.002933576 -0.001530413 0.999994516 41.592468262
0.999987185 0.004155081 -0.002875679 0.819530010 -0.004151199 0.999990463 0.001354643 -1.170194507 0.002881280 -0.001342689 0.999994934 42.135143280
0.999984920 0.004386555 -0.003295425 0.822647750 -0.004382082 0.999989450 0.001363259 -1.181939125 0.003301370 -0.001348798 0.999993563 42.696727753
0.999984801 0.004028349 -0.003737764 0.839635789 -0.004021971 0.999990404 0.001711986 -1.199744344 0.003744625 -0.001696927 0.999991477 43.229290009
0.999982774 0.004840956 -0.003327893 0.844793856 -0.004836821 0.999987602 0.001249671 -1.213064551 0.003333901 -0.001233553 0.999993682 43.785652161
0.999987543 0.003891154 -0.003122424 0.838423848 -0.003886319 0.999991238 0.001553373 -1.227558494 0.003128441 -0.001541218 0.999993920 44.333679199
0.999986351 0.004478024 -0.002701674 0.846193910 -0.004474788 0.999989271 0.001202635 -1.236237526 0.002707031 -0.001190529 0.999995649 44.887287140
0.999986172 0.004604328 -0.002485408 0.856491745 -0.004601377 0.999988675 0.001192134 -1.246861458 0.002490868 -0.001180681 0.999996185 45.414932251
0.999986827 0.003956979 -0.003249627 0.868157685 -0.003951612 0.999990821 0.001656104 -1.272442818 0.003256150 -0.001643241 0.999993324 45.966884613
0.999987781 0.003559578 -0.003414895 0.880974472 -0.003555776 0.999993026 0.001118859 -1.284234524 0.003418854 -0.001106702 0.999993563 46.512027740
0.999984801 0.004200802 -0.003570306 0.896554828 -0.004195284 0.999989986 0.001551729 -1.300848722 0.003576789 -0.001536726 0.999992311 47.029441833
0.999989271 0.003367966 -0.003220245 0.886537552 -0.003363417 0.999993265 0.001417228 -1.313643813 0.003224997 -0.001406382 0.999993801 47.602554321
0.999986172 0.004217825 -0.003154501 0.891663969 -0.004212809 0.999989808 0.001595349 -1.329301596 0.003161198 -0.001582038 0.999993742 48.148368835
0.999989688 0.003201850 -0.003211431 0.908529401 -0.003197382 0.999993861 0.001395349 -1.339023829 0.003215879 -0.001385066 0.999993861 48.693935394
0.999989331 0.003834009 -0.002568887 0.900936902 -0.003830412 0.999991596 0.001403479 -1.352411151 0.002574246 -0.001393624 0.999995708 49.248588562
0.999988735 0.004028929 -0.002496153 0.912944078 -0.004026184 0.999991238 0.001103862 -1.365560174 0.002500579 -0.001093799 0.999996245 49.800155640
0.999988377 0.004184165 -0.002393873 0.924366295 -0.004181024 0.999990284 0.001315812 -1.383930802 0.002399355 -0.001305788 0.999996305 50.336036682
0.999988496 0.004171285 -0.002351957 0.930793822 -0.004168535 0.999990582 0.001173389 -1.399755716 0.002356830 -0.001163571 0.999996543 50.890205383
0.999989629 0.004183929 -0.001786470 0.938486457 -0.004180747 0.999989629 0.001781518 -1.418766022 0.001793905 -0.001774031 0.999996841 51.444744110
0.999988556 0.003879523 -0.002795332 0.961345315 -0.003874468 0.999990880 0.001811330 -1.435589910 0.002802334 -0.001800478 0.999994457 51.979766846
0.999988019 0.003326647 -0.003566828 0.973749816 -0.003322301 0.999993742 0.001223739 -1.449237108 0.003570877 -0.001211874 0.999992907 52.518470764
0.999989688 0.003349522 -0.003066141 0.975947499 -0.003345655 0.999993622 0.001265541 -1.462076783 0.003070360 -0.001255270 0.999994457 53.057640076
0.999988556 0.003397597 -0.003366067 0.984668255 -0.003392473 0.999993026 0.001526657 -1.480657816 0.003371231 -0.001515221 0.999993145 53.619480133
0.999989331 0.003505809 -0.003012536 0.997289836 -0.003501626 0.999992847 0.001392243 -1.494562268 0.003017396 -0.001381679 0.999994397 54.166595459
0.999991655 0.003029916 -0.002755058 0.996116042 -0.003027107 0.999994874 0.001022981 -1.499943256 0.002758143 -0.001014632 0.999995649 54.725833893
0.999988675 0.003276215 -0.003458117 1.015130520 -0.003271939 0.999993861 0.001241274 -1.524003506 0.003462163 -0.001229945 0.999993265 55.261661530
0.999988317 0.003571367 -0.003257440 1.022287846 -0.003567802 0.999993026 0.001099958 -1.538083911 0.003261345 -0.001088324 0.999994159 55.810924530
0.999986649 0.003860835 -0.003408673 1.025882959 -0.003856114 0.999991536 0.001390891 -1.549490690 0.003414014 -0.001377728 0.999993205 56.338390350
0.999988496 0.003909485 -0.002736630 1.040150166 -0.003906202 0.999991596 0.001204133 -1.563607454 0.002741314 -0.001193430 0.999995530 56.879722595
0.999986470 0.003868821 -0.003454905 1.053515911 -0.003864686 0.999991775 0.001202908 -1.578539968 0.003459531 -0.001189540 0.999993324 57.435279846
0.999984562 0.004327258 -0.003471308 1.059712172 -0.004323162 0.999989927 0.001186684 -1.595503211 0.003476408 -0.001171659 0.999993265 57.984123230
0.999988019 0.003752669 -0.003135024 1.074717999 -0.003749955 0.999992609 0.000870916 -1.605766654 0.003138269 -0.000859149 0.999994695 58.523685455
0.999989092 0.003964693 -0.002465010 1.076829672 -0.003962335 0.999991775 0.000960709 -1.617210507 0.002468799 -0.000950931 0.999996483 59.069480896
0.999990702 0.003724333 -0.002180637 1.081624508 -0.003722892 0.999992847 0.000664293 -1.631912351 0.002183095 -0.000656169 0.999997377 59.610908508
0.999987006 0.003878515 -0.003304807 1.100050449 -0.003877066 0.999992311 0.000444690 -1.644443154 0.003306507 -0.000431871 0.999994457 60.158573151
0.999985516 0.004512994 -0.002922370 1.104431629 -0.004510765 0.999989510 0.000768537 -1.659623623 0.002925808 -0.000755344 0.999995470 60.711906433
0.999984741 0.004563731 -0.003116549 1.111356854 -0.004561514 0.999989271 0.000718087 -1.675785542 0.003119793 -0.000703860 0.999994874 61.235240936
0.999983490 0.004269623 -0.003852783 1.132244468 -0.004265500 0.999990344 0.001077433 -1.696266055 0.003857346 -0.001060981 0.999992013 61.766201019
0.999982953 0.004395039 -0.003837119 1.136424303 -0.004392938 0.999990165 0.000556168 -1.702663183 0.003839526 -0.000539302 0.999992490 62.317672729
0.999983311 0.004874146 -0.003107800 1.142185092 -0.004871644 0.999987841 0.000812262 -1.721584082 0.003111721 -0.000797109 0.999994874 62.866153717
0.999986708 0.004250503 -0.002944274 1.136403918 -0.004249272 0.999990940 0.000424407 -1.731087804 0.002946051 -0.000411890 0.999995649 63.438491821
0.999985158 0.004012224 -0.003684646 1.168005228 -0.004005550 0.999990344 0.001816721 -1.779741287 0.003691900 -0.001801935 0.999991536 63.943988800
0.999984562 0.004531298 -0.003224838 1.170074463 -0.004526338 0.999988556 0.001543740 -1.790494204 0.003231796 -0.001529120 0.999993622 64.495597839
0.999983966 0.004235355 -0.003755793 1.186436057 -0.004228746 0.999989569 0.001765660 -1.803582191 0.003763232 -0.001749750 0.999991298 65.034996033
0.999983728 0.004741663 -0.003171327 1.182991385 -0.004737135 0.999987841 0.001433575 -1.813929081 0.003178086 -0.001418529 0.999993861 65.568222046
0.999983311 0.004626973 -0.003455390 1.192324877 -0.004622368 0.999988556 0.001339540 -1.824107885 0.003461548 -0.001323546 0.999993145 66.126129150
0.999981821 0.005308321 -0.002867182 1.194234729 -0.005306179 0.999985695 0.000754164 -1.831075788 0.002871145 -0.000738937 0.999995589 66.682128906
0.999977648 0.005828932 -0.003274083 1.208114505 -0.005826185 0.999982715 0.000847973 -1.853819609 0.003278969 -0.000828879 0.999994278 67.221069336
0.999984562 0.004689722 -0.002988335 1.204597712 -0.004685631 0.999988079 0.001374340 -1.873007655 0.002994744 -0.001360316 0.999994576 67.777236938
0.999984443 0.004626997 -0.003129960 1.220417619 -0.004621354 0.999987721 0.001807766 -1.894133925 0.003138286 -0.001793273 0.999993503 68.305816650
0.999983609 0.005010976 -0.002763062 1.229072571 -0.005006948 0.999986410 0.001462849 -1.911057234 0.002770355 -0.001448991 0.999995053 68.851036072
0.999981463 0.005083827 -0.003353969 1.233926535 -0.005078911 0.999985993 0.001472602 -1.913893223 0.003361408 -0.001455540 0.999993265 69.396461487
0.999981523 0.005394446 -0.002804832 1.241184950 -0.005390858 0.999984622 0.001285378 -1.924458504 0.002811723 -0.001270234 0.999995232 69.942321777
0.999982715 0.005431473 -0.002256674 1.246543050 -0.005427656 0.999983788 0.001694150 -1.944876552 0.002265840 -0.001681872 0.999995947 70.493034363
0.999984026 0.004840028 -0.002920303 1.257667542 -0.004835959 0.999987304 0.001399210 -1.948189378 0.002927038 -0.001385065 0.999994755 71.048492432
0.999979854 0.005435836 -0.003275637 1.250924468 -0.005430446 0.999983907 0.001651237 -1.981574535 0.003284561 -0.001633415 0.999993265 71.539619446
0.999983609 0.005042008 -0.002715084 1.261212945 -0.005037670 0.999986053 0.001602617 -1.997335672 0.002723127 -0.001588913 0.999995053 72.092384338
0.999975562 0.006096193 -0.003424500 1.279372454 -0.006089834 0.999979734 0.001864488 -2.018834114 0.003435798 -0.001843588 0.999992311 72.613540649
0.999978840 0.005581764 -0.003331942 1.291895747 -0.005575377 0.999982655 0.001922737 -2.034188032 0.003342617 -0.001904119 0.999992549 73.161567688
0.999980211 0.005482673 -0.003115603 1.298359990 -0.005476255 0.999982953 0.002064632 -2.051827908 0.003126869 -0.002047530 0.999992907 73.709365845
0.999858618 0.015183179 -0.007228948 1.448922634 -0.014960629 0.999440789 0.029904045 -2.646457195 0.007678944 -0.029791668 0.999526620 72.862693787
0.999970198 0.006709395 -0.003844310 1.303372741 -0.006690145 0.999965131 0.004998676 -2.132832050 0.003877715 -0.004972808 0.999980092 74.590599060
0.999968410 0.006903404 -0.003941329 1.311097503 -0.006882627 0.999962449 0.005261061 -2.149711609 0.003977501 -0.005233768 0.999978364 75.127357483
0.999980688 0.005715660 -0.002403769 1.296185493 -0.005708206 0.999978900 0.003095887 -2.130164623 0.002421413 -0.003082106 0.999992251 75.845779419
0.999976993 0.005745760 -0.003586886 1.305227518 -0.005732996 0.999977231 0.003558704 -2.147956610 0.003607252 -0.003538059 0.999987185 76.400489807
0.999981165 0.005616833 -0.002477422 1.314945102 -0.005608745 0.999979019 0.003259212 -2.155907631 0.002495676 -0.003245255 0.999991655 76.938331604
0.999686718 0.012813493 0.021501729 0.892806470 -0.012793578 0.999917567 -0.001063484 -2.029636860 -0.021513585 0.000788066 0.999768257 78.263359070
0.999694824 0.013085074 0.020955551 0.919753432 -0.013076652 0.999914289 -0.000538873 -2.054022551 -0.020960810 0.000264680 0.999780238 78.803527832
0.999689043 0.013397197 0.021035314 0.945342541 -0.013379951 0.999909997 -0.000960442 -2.065464973 -0.021046288 0.000678692 0.999778271 79.356483459
0.999987304 0.004114077 0.002903478 1.241269708 -0.004114849 0.999991477 0.000259581 -2.163407564 -0.002902386 -0.000271525 0.999995768 79.426132202
0.999985337 0.004357063 0.003204446 1.249325514 -0.004355958 0.999990463 -0.000351669 -2.173699141 -0.003205948 0.000337706 0.999994814 79.978195190
0.999872625 0.010985984 0.011574395 1.156920314 -0.010990789 0.999939501 0.000351522 -2.157957554 -0.011569832 -0.000478689 0.999932945 80.636070251
0.999882460 0.009967866 0.011642725 1.174869657 -0.009967502 0.999950290 -0.000089275 -2.166625261 -0.011643036 -0.000026785 0.999932170 81.184585571
0.999870598 0.010083924 0.012531998 1.193432212 -0.010081560 0.999949157 -0.000251829 -2.183866978 -0.012533899 0.000125454 0.999921441 81.728759766
0.999943197 0.007039447 0.007999740 1.290146828 -0.007038836 0.999975204 -0.000104583 -2.217506886 -0.008000278 0.000048268 0.999967992 82.169364929
0.999964178 0.005154905 0.006733974 1.345706701 -0.005154327 0.999986708 -0.000103170 -2.242561102 -0.006734418 0.000068457 0.999977350 82.641159058
0.999936938 0.005337854 0.009892059 1.365729094 -0.005329340 0.999985456 -0.000886870 -2.251014233 -0.009896648 0.000834096 0.999950707 83.200286865
0.999899030 0.005210063 0.013227036 1.392503023 -0.005213733 0.999986470 0.000242953 -2.277247906 -0.013225591 -0.000311890 0.999912500 83.729110718
0.999771416 0.007253282 0.020108379 1.334395766 -0.007265976 0.999973476 0.000558301 -2.295010805 -0.020103794 -0.000704281 0.999797642 84.281059265
0.999663115 0.006805298 0.025042735 1.369458437 -0.006830184 0.999976277 0.000908340 -2.318674326 -0.025035959 -0.001079081 0.999686003 84.824287415
0.999477565 0.007197972 0.031507865 1.401724696 -0.007228803 0.999973536 0.000864721 -2.333954811 -0.031500801 -0.001092033 0.999503136 85.371948242
0.999479890 0.006049615 0.031675749 1.512066841 -0.006077070 0.999981165 0.000770584 -2.356708765 -0.031670492 -0.000962679 0.999497890 85.870834351
0.999287903 0.005255169 0.037364285 1.552752733 -0.005296141 0.999985456 0.000997649 -2.372272730 -0.037358500 -0.001194825 0.999301195 86.412857056
0.998949409 0.005692332 0.045472935 1.588721275 -0.005761705 0.999982417 0.001394691 -2.391109943 -0.045464195 -0.001655227 0.998964608 86.962959290
0.998651683 0.005785647 0.051586825 1.682378531 -0.005864097 0.999981821 0.001369502 -2.415241003 -0.051577970 -0.001670167 0.998667598 87.469512939
0.998274446 0.005362890 0.058475595 1.727926016 -0.005455960 0.999984086 0.001432067 -2.428818703 -0.058466986 -0.001748636 0.998287797 88.017745972
0.997713745 0.004802336 0.067409769 1.784620762 -0.004907114 0.999987066 0.001388865 -2.438850641 -0.067402229 -0.001716478 0.997724414 88.560050964
0.997007668 0.005393693 0.077114284 1.853578091 -0.005504256 0.999984086 0.001221265 -2.456406355 -0.077106483 -0.001642068 0.997021437 89.101303101
0.996320903 0.004573845 0.085579589 1.917307854 -0.004656359 0.999988914 0.000764583 -2.463582993 -0.085575134 -0.001160259 0.996331036 89.649459839
0.995437264 0.005675314 0.095248513 1.956198215 -0.005782163 0.999982953 0.000845824 -2.482425928 -0.095242083 -0.001392707 0.995453179 90.217575073
0.994342744 0.005566027 0.106073461 2.037670612 -0.005687043 0.999983430 0.000838421 -2.494793177 -0.106067039 -0.001436922 0.994358063 90.759124756
0.993319094 0.005435804 0.115271948 2.144291878 -0.005659307 0.999982655 0.001611736 -2.520583153 -0.115261197 -0.002253328 0.993332624 91.288604736
0.992250383 0.004756320 0.124163382 2.236764908 -0.004955579 0.999986827 0.001296019 -2.534624100 -0.124155611 -0.001901277 0.992260933 91.828247070
0.990771174 0.005200493 0.135445133 2.325701714 -0.005465820 0.999983907 0.001587134 -2.545089960 -0.135434657 -0.002312805 0.990783632 92.360946655
0.989037991 0.004360607 0.147596940 2.424803734 -0.004585669 0.999988914 0.001184589 -2.567134857 -0.147590145 -0.001848435 0.989046872 92.923385620
0.987337649 0.004029707 0.158581257 2.529764175 -0.004368057 0.999988914 0.001785114 -2.588018417 -0.158572316 -0.002455203 0.987344265 93.466209412
0.984896302 0.006865828 0.173009127 2.575928688 -0.007133214 0.999974132 0.000923795 -2.579575062 -0.172998354 -0.002143954 0.984919727 94.074226379
0.982746482 0.006731895 0.184835047 2.713706017 -0.006994281 0.999975204 0.000767583 -2.604254484 -0.184825316 -0.002047127 0.982769251 94.584655762
0.980337024 0.006305042 0.197230011 2.846820831 -0.006650213 0.999977291 0.001087820 -2.619052172 -0.197218657 -0.002378051 0.980356634 95.128677368
0.978716373 0.003427723 0.205188826 3.001056671 -0.003728240 0.999992430 0.001077995 -2.632126570 -0.205183595 -0.001820045 0.978721797 95.619194031
0.975905180 0.003799038 0.218162045 3.146541595 -0.004146272 0.999990761 0.001133858 -2.649182558 -0.218155727 -0.002011097 0.975911856 96.146263123
0.972874343 0.003643879 0.231305480 3.296512604 -0.004031182 0.999991119 0.001201812 -2.660284758 -0.231299073 -0.002101646 0.972880483 96.680847168
0.970318794 0.003288409 0.241806760 3.451265335 -0.003727453 0.999992132 0.001358255 -2.684327602 -0.241800398 -0.002219264 0.970323503 97.162475586
0.967223644 0.002306835 0.253915608 3.608747482 -0.002801222 0.999994814 0.001585506 -2.700611353 -0.253910631 -0.002244813 0.967225075 97.727676392
0.963393748 0.002172513 0.268081367 3.775970459 -0.002738398 0.999994755 0.001736988 -2.717341423 -0.268076152 -0.002407517 0.963394701 98.254745483
0.959906995 0.001759234 0.280313045 3.946565628 -0.002181073 0.999996960 0.001192946 -2.726491451 -0.280310094 -0.001756500 0.959907770 98.765823364
0.956641793 0.001753588 0.291261643 4.130399704 -0.002333625 0.999995887 0.001644095 -2.749004364 -0.291257590 -0.002252506 0.956642032 99.301818848
0.952365100 0.001608953 0.304955900 4.317029953 -0.002168640 0.999996483 0.001496575 -2.760847330 -0.304952413 -0.002086625 0.952365339 99.814010620
0.948027253 0.001164479 0.318187058 4.521724701 -0.001667070 0.999997795 0.001307256 -2.773425102 -0.318184882 -0.001769754 0.948027074 100.332672119
0.943936586 0.000655288 0.330126107 4.709356308 -0.001356190 0.999997258 0.001892826 -2.787093401 -0.330123961 -0.002234422 0.943934917 100.849731445
0.939324975 0.000037461 0.343028665 4.920671463 -0.000655967 0.999998331 0.001687045 -2.803605795 -0.343028069 -0.001809700 0.939323366 101.371780396
0.934157372 -0.000596052 0.356860727 5.139925003 0.000029711 0.999998808 0.001592487 -2.817084551 -0.356861174 -0.001477031 0.934156239 101.860351562
0.929105401 -0.000008122 0.369814932 5.358932495 -0.000676457 0.999998271 0.001721460 -2.829824686 -0.369814306 -0.001849582 0.929103851 102.400337219
0.924424171 -0.000716628 0.381365299 5.593946457 0.000414632 0.999999583 0.000874049 -2.836817503 -0.381365865 -0.000649866 0.924423933 102.912727356
0.918498635 -0.000769226 0.395423293 5.818519592 0.000098234 0.999998450 0.001717140 -2.858848810 -0.395424008 -0.001538346 0.918497503 103.377532959
0.912742913 -0.001880236 0.408529848 6.062038422 0.001275191 0.999997616 0.001753384 -2.870778322 -0.408532143 -0.001079435 0.912743270 103.864593506
0.907884061 -0.001940673 0.419216841 6.307621002 0.001364473 0.999997675 0.001674277 -2.891429663 -0.419219136 -0.000948039 0.907884538 104.339225769
0.901222646 -0.002360097 0.433349729 6.564853668 0.001714309 0.999996901 0.001880963 -2.904300928 -0.433352768 -0.000952271 0.901223779 104.867706299
0.894797146 -0.003031575 0.446462572 6.836154938 0.002296536 0.999994993 0.002187476 -2.924634218 -0.446466982 -0.000932030 0.894799590 105.331863403
0.888657212 -0.003338725 0.458559871 7.104541779 0.002618436 0.999994159 0.002206504 -2.930855274 -0.458564579 -0.000760116 0.888660729 105.833953857
0.882859588 -0.003721199 0.469622195 7.362079620 0.003257321 0.999993086 0.001800204 -2.939318895 -0.469625741 -0.000059617 0.882865608 106.305480957
0.875638425 -0.003701472 0.482952982 7.652729034 0.003239781 0.999993145 0.001790175 -2.953626156 -0.482956290 -0.000002884 0.875644505 106.782760620
