1.000000000 0.000000000 0.000000000 0.000000000 0.000000000 1.000000000 0.000000000 0.000000000 0.000000000 0.000000000 1.000000000 0.000000000
0.999999940 -0.000257511 0.000037668 0.000347432 0.000257510 0.999999940 0.000025260 0.000339049 -0.000037675 -0.000025250 1.000000000 0.000063840
1.000000000 -0.000103537 0.000178784 -0.000921179 0.000103506 1.000000000 0.000172872 -0.000533269 -0.000178802 -0.000172853 0.999999940 0.000034454
1.000000000 0.000032922 0.000057642 -0.000073389 -0.000032927 1.000000000 0.000082326 -0.000021946 -0.000057640 -0.000082327 1.000000000 0.000071748
1.000000000 0.000003082 0.000063565 0.000219381 -0.000003089 1.000000000 0.000116556 -0.001024329 -0.000063565 -0.000116557 1.000000000 -0.000555909
0.999999940 -0.000258501 0.000087416 -0.000011691 0.000258499 0.999999940 0.000025631 -0.000067169 -0.000087423 -0.000025608 1.000000000 -0.001035818
0.999999881 -0.000455961 0.000102082 -0.000025236 0.000455952 0.999999881 0.000085026 -0.000237904 -0.000102121 -0.000084979 1.000000000 0.000500313
0.999999940 -0.000300675 0.000091204 0.000684534 0.000300664 0.999999940 0.000120298 -0.000293309 -0.000091240 -0.000120271 1.000000000 0.001184507
1.000000000 -0.000135945 0.000090398 0.000116760 0.000135943 1.000000000 0.000016488 0.000819506 -0.000090401 -0.000016476 1.000000000 0.001037772
1.000000000 0.000062070 0.000159540 -0.000893808 -0.000062065 1.000000000 -0.000027381 -0.000029033 -0.000159542 0.000027371 1.000000000 -0.000761425
1.000000000 -0.000215717 0.000093414 0.001503184 0.000215718 1.000000000 -0.000007190 0.000572713 -0.000093412 0.000007210 1.000000000 0.000431967
1.000000000 -0.000091204 -0.000014082 0.001503063 0.000091204 1.000000000 -0.000000084 -0.000663497 0.000014082 0.000000082 1.000000000 -0.001169321
1.000000000 -0.000133092 0.000041581 0.000987558 0.000133095 1.000000000 -0.000068189 0.000964897 -0.000041571 0.000068195 1.000000000 0.001043755
1.000000000 -0.000177978 0.000066288 -0.000146146 0.000177976 1.000000000 0.000037363 0.000650764 -0.000066295 -0.000037352 1.000000000 0.000181622
1.000000000 0.000159798 0.000115643 -0.000523486 -0.000159782 1.000000000 -0.000145923 0.001336782 -0.000115666 0.000145905 1.000000000 0.000661760
1.000000000 -0.000205162 -0.000008197 0.001091008 0.000205163 0.999999940 0.000173468 0.000033586 0.000008161 -0.000173469 1.000000000 0.000441400
0.999999940 -0.000414175 -0.000008162 0.000391325 0.000414176 0.999999881 0.000179220 -0.000365175 0.000008087 -0.000179224 1.000000000 -0.000439766
0.999999940 -0.000256500 0.000088541 0.000098372 0.000256489 0.999999940 0.000116098 -0.000873300 -0.000088571 -0.000116076 1.000000000 -0.001189966
1.000000000 0.000050361 0.000097352 -0.000038995 -0.000050367 1.000000000 0.000061560 -0.000097286 -0.000097349 -0.000061565 1.000000000 -0.001000116
0.999999940 0.000266117 -0.000032198 0.000162690 -0.000266113 0.999999940 0.000129009 -0.000468338 0.000032233 -0.000129000 1.000000000 -0.000507938
1.000000000 -0.000145570 -0.000058171 0.001014291 0.000145579 1.000000000 0.000150643 -0.000101147 0.000058150 -0.000150651 1.000000000 -0.000557395
1.000000000 -0.000046916 0.000060863 -0.000071579 0.000046909 1.000000000 0.000114614 -0.000357025 -0.000060869 -0.000114611 1.000000000 -0.000253836
1.000000000 -0.000147023 0.000030808 0.000608892 0.000147018 1.000000000 0.000143666 -0.000583067 -0.000030829 -0.000143661 1.000000000 -0.001242849
1.000000000 -0.000175516 0.000052825 0.001291954 0.000175515 1.000000000 0.000014727 0.000626928 -0.000052828 -0.000014718 1.000000000 0.000983580
1.000000000 0.000140401 0.000108000 -0.000512265 -0.000140410 1.000000000 0.000077447 0.000172448 -0.000107989 -0.000077462 1.000000000 0.000683993
1.000000000 -0.000100038 -0.000006255 0.001818794 0.000100038 1.000000000 0.000081643 0.000382414 0.000006247 -0.000081643 1.000000000 -0.001099352
0.999999940 -0.000306138 0.000058877 0.000755144 0.000306133 0.999999940 0.000086700 -0.000730575 -0.000058904 -0.000086682 1.000000000 -0.001380890
0.999999940 -0.000278978 -0.000017424 0.000245379 0.000278979 0.999999940 0.000082573 -0.001115852 0.000017401 -0.000082578 1.000000000 -0.001833925
1.000000000 0.000171407 0.000157932 -0.000556440 -0.000171443 0.999999940 0.000229235 -0.000561143 -0.000157892 -0.000229262 0.999999940 0.001281841
1.000000000 -0.000116622 -0.000017499 0.000890751 0.000116625 1.000000000 0.000187267 -0.000960073 0.000017477 -0.000187269 1.000000000 -0.000517322
0.999999940 -0.000312039 0.000160734 -0.000078019 0.000312025 0.999999940 0.000090810 -0.000787509 -0.000160762 -0.000090760 1.000000000 -0.000526924
0.999999940 -0.000324860 0.000081981 0.000179728 0.000324850 0.999999940 0.000119032 -0.001072303 -0.000082020 -0.000119005 1.000000000 -0.000457737
1.000000000 0.000084346 0.000037392 0.000036002 -0.000084352 1.000000000 0.000175915 -0.001512057 -0.000037377 -0.000175918 1.000000000 -0.002290023
1.000000000 -0.000038034 0.000117370 -0.000114377 0.000038038 1.000000000 -0.000035770 -0.000135296 -0.000117369 0.000035775 1.000000000 -0.001059546
1.000000000 -0.000175849 0.000046133 0.000623921 0.000175849 1.000000000 0.000009656 0.000039972 -0.000046134 -0.000009648 1.000000000 -0.001173535
1.000000000 0.000036057 0.000105871 -0.000808118 -0.000036067 1.000000000 0.000093710 -0.000230759 -0.000105868 -0.000093714 1.000000000 -0.001328742
0.999999940 -0.000236296 0.000136879 -0.000227665 0.000236297 1.000000000 -0.000009786 0.000942230 -0.000136877 0.000009818 1.000000000 -0.000540897
1.000000000 -0.000206954 0.000044669 0.000397043 0.000206948 0.999999940 0.000149798 -0.000081346 -0.000044700 -0.000149788 1.000000000 0.000959713
1.000000000 -0.000094561 0.000096806 -0.000125152 0.000094542 1.000000000 0.000196558 -0.001755631 -0.000096825 -0.000196549 1.000000000 -0.001677210
1.000000000 0.000057395 0.000158693 -0.001064319 -0.000057416 1.000000000 0.000129719 -0.000376937 -0.000158686 -0.000129728 1.000000000 -0.000878122
0.999999940 0.000055079 0.000273073 -0.000683873 -0.000055030 1.000000000 -0.000178250 0.001167396 -0.000273082 0.000178235 0.999999940 0.001769828
1.000000000 0.000001659 0.000185129 0.000917486 -0.000001548 0.999999821 -0.000599241 -0.001860206 -0.000185130 0.000599240 0.999999821 0.050770011
1.000000000 -0.000262539 -0.000011954 0.003091754 0.000262525 0.999999285 -0.001149759 -0.004300831 0.000012255 0.001149756 0.999999404 0.139290646
1.000000000 -0.000179470 -0.000146359 0.002726705 0.000179404 0.999999881 -0.000449420 -0.015781783 0.000146440 0.000449394 0.999999881 0.246604517
0.999999881 -0.000433521 -0.000107287 0.010446398 0.000433444 0.999999583 -0.000717170 -0.019476701 0.000107598 0.000717123 0.999999762 0.372184932
0.999999821 -0.000507539 -0.000022512 0.012839877 0.000507520 0.999999523 -0.000823578 -0.022289870 0.000022930 0.000823567 0.999999702 0.509684682
0.999999881 -0.000462299 -0.000118460 0.015746569 0.000462197 0.999999464 -0.000855556 -0.028155869 0.000118856 0.000855501 0.999999583 0.658532381
0.999999583 -0.000888676 -0.000093736 0.019684628 0.000888658 0.999999523 -0.000190789 -0.031510081 0.000093906 0.000190706 0.999999940 0.837705374
0.999999583 -0.000871487 -0.000150768 0.022748919 0.000871453 0.999999523 -0.000232608 -0.034240909 0.000150971 0.000232477 1.000000000 1.006487012
0.999999642 -0.000780457 -0.000345463 0.027381917 0.000780306 0.999999583 -0.000437647 -0.038457930 0.000345805 0.000437377 0.999999821 1.186673641
0.999999642 -0.000863957 -0.000220700 0.030865645 0.000863866 0.999999523 -0.000412107 -0.041666161 0.000221056 0.000411916 0.999999821 1.376344085
1.000000000 -0.000033153 -0.000036435 0.026970014 0.000033142 0.999999940 -0.000306011 -0.050142389 0.000036445 0.000306010 0.999999940 1.550181031
0.999999821 0.000497010 0.000184097 0.027439436 -0.000497007 0.999999881 -0.000015863 -0.055193506 -0.000184105 0.000015771 0.999999940 1.755305409
0.999999881 0.000362546 0.000217498 0.029857585 -0.000362429 0.999999702 -0.000535518 -0.053668864 -0.000217692 0.000535439 0.999999821 1.947143197
0.999999762 0.000333957 0.000620216 0.029794699 -0.000333703 0.999999881 -0.000409585 -0.061743081 -0.000620353 0.000409378 0.999999702 2.163850307
0.999999702 0.000424479 0.000662844 0.033003625 -0.000424061 0.999999642 -0.000629858 -0.066064216 -0.000663111 0.000629576 0.999999523 2.378675938
0.999999821 0.000188962 0.000534559 0.048819833 -0.000188631 0.999999762 -0.000619847 -0.073292024 -0.000534676 0.000619746 0.999999642 2.602115631
0.999999940 0.000237908 0.000306576 0.055526409 -0.000237750 0.999999821 -0.000514882 -0.078668460 -0.000306699 0.000514809 0.999999821 2.835161924
0.999999762 0.000535755 0.000481631 0.054131273 -0.000535461 0.999999642 -0.000608472 -0.085631914 -0.000481957 0.000608214 0.999999702 3.065526962
0.999999762 0.000061481 0.000596844 0.048039429 -0.000061265 0.999999881 -0.000361188 -0.090356700 -0.000596866 0.000361151 0.999999762 3.323547125
0.999999881 0.000288485 0.000311966 0.063606180 -0.000288510 0.999999940 0.000080363 -0.105753824 -0.000311942 -0.000080453 0.999999940 3.559582949
0.999999940 -0.000323611 0.000018744 0.069291033 0.000323613 0.999999940 -0.000076280 -0.111691691 -0.000018720 0.000076286 1.000000000 3.814139605
0.999999762 -0.000560682 0.000125612 0.077656068 0.000560740 0.999999762 -0.000458867 -0.115638070 -0.000125355 0.000458937 0.999999881 4.067455769
0.999999642 0.000708764 0.000395831 0.074686743 -0.000708958 0.999999583 0.000490061 -0.120989695 -0.000395484 -0.000490341 0.999999821 4.309426785
0.999999940 0.000276533 0.000282629 0.084020168 -0.000276511 0.999999940 -0.000077615 -0.123351604 -0.000282651 0.000077537 0.999999940 4.568939209
0.999999940 0.000376091 0.000512893 0.091593571 -0.000376245 1.000000000 0.000301337 -0.134925038 -0.000512780 -0.000301530 0.999999821 4.826756954
0.999999940 0.000254288 0.000378475 0.100643247 -0.000254527 0.999999762 0.000630768 -0.146136805 -0.000378314 -0.000630865 0.999999702 5.078658104
0.999999344 0.000970237 0.000625563 0.099281639 -0.000970276 0.999999523 0.000062287 -0.145484999 -0.000625502 -0.000062894 0.999999821 5.357895851
0.999999523 0.000350516 0.000867880 0.107070155 -0.000351029 0.999999702 0.000590595 -0.165593147 -0.000867672 -0.000590899 0.999999464 5.619478226
0.999999702 0.000342994 0.000633453 0.109142661 -0.000343622 0.999999404 0.000991573 -0.176405251 -0.000633113 -0.000991790 0.999999285 5.883739948
0.999999762 0.000255561 0.000666134 0.118545458 -0.000255992 0.999999762 0.000647732 -0.181988284 -0.000665969 -0.000647903 0.999999583 6.167897224
0.999999583 0.000245859 0.000964744 0.122215666 -0.000246171 0.999999940 0.000323613 -0.186694250 -0.000964664 -0.000323850 0.999999464 6.449642658
0.999999881 0.000062327 0.000539367 0.131320804 -0.000062806 0.999999583 0.000889030 -0.201112330 -0.000539311 -0.000889064 0.999999464 6.727929115
0.999999702 -0.000046537 0.000772005 0.135890275 0.000045825 0.999999583 0.000921460 -0.210181147 -0.000772047 -0.000921425 0.999999285 7.027735710
1.000000000 -0.000023038 0.000223880 0.153131306 0.000022707 0.999998927 0.001478306 -0.226768702 -0.000223914 -0.001478301 0.999998868 7.314773560
0.999999940 0.000317947 0.000534723 0.150937721 -0.000318603 0.999999225 0.001226573 -0.227873594 -0.000534333 -0.001226743 0.999999046 7.644521236
0.999999583 0.000582567 0.000653627 0.163430125 -0.000583437 0.999998927 0.001331988 -0.245087847 -0.000652850 -0.001332369 0.999998927 7.935509205
0.999999762 0.000235487 0.000665110 0.165909037 -0.000236363 0.999999106 0.001316701 -0.248863623 -0.000664800 -0.001316858 0.999998927 8.261834145
0.999999762 -0.000158671 0.000652621 0.177044094 0.000157786 0.999999046 0.001355686 -0.263780624 -0.000652836 -0.001355583 0.999998868 8.584046364
0.999999285 0.000024021 0.001200920 0.178310692 -0.000025663 0.999999046 0.001367191 -0.269954145 -0.001200886 -0.001367221 0.999998331 8.918823242
0.999999344 -0.000881239 0.000731793 0.191122532 0.000880126 0.999998450 0.001520054 -0.279755086 -0.000733132 -0.001519409 0.999998569 9.247099876
0.999999702 -0.000683907 0.000354038 0.199200019 0.000683282 0.999998212 0.001763888 -0.291545331 -0.000355243 -0.001763645 0.999998391 9.592639923
0.999999642 0.000513960 0.000633839 0.203370497 -0.000514813 0.999998927 0.001344983 -0.295114100 -0.000633147 -0.001345309 0.999998808 9.942564964
0.999999940 -0.000360248 0.000515247 0.210422367 0.000359533 0.999998987 0.001386439 -0.311386913 -0.000515746 -0.001386253 0.999998927 10.288877487
0.999999344 -0.000724745 0.000863136 0.215182155 0.000723736 0.999999046 0.001169699 -0.316086531 -0.000863983 -0.001169074 0.999998927 10.656187057
0.999999762 -0.000607821 0.000258651 0.230956361 0.000607524 0.999999106 0.001147104 -0.323997408 -0.000259348 -0.001146946 0.999999285 11.027709007
0.999999523 -0.000372817 0.000933159 0.232143879 0.000371845 0.999999404 0.001041795 -0.331447303 -0.000933547 -0.001041447 0.999999046 11.396886826
0.999999046 -0.001319489 0.000445601 0.246478364 0.001318758 0.999997795 0.001635666 -0.344485313 -0.000447758 -0.001635077 0.999998569 11.778886795
0.999998689 -0.001604822 0.000304303 0.260526925 0.001604272 0.999997079 0.001797443 -0.361168355 -0.000307187 -0.001796953 0.999998331 12.154795647
0.999999166 -0.000697135 0.001067629 0.264771819 0.000695533 0.999998629 0.001500153 -0.370780975 -0.001068673 -0.001499409 0.999998331 12.526704788
0.999999166 -0.000891973 0.000847104 0.272004694 0.000890939 0.999998808 0.001220862 -0.376467407 -0.000848192 -0.001220107 0.999998868 12.927888870
0.999999106 -0.000345346 0.001293867 0.274201959 0.000344707 0.999999821 0.000493652 -0.379555523 -0.001294037 -0.000493206 0.999998987 13.333709717
0.999999225 -0.000657618 0.001063613 0.288673908 0.000656900 0.999999523 0.000675444 -0.388836324 -0.001064057 -0.000674744 0.999999225 13.735507965
0.999998868 0.000410222 0.001456561 0.291613430 -0.000411261 0.999999642 0.000713519 -0.401682109 -0.001456268 -0.000714118 0.999998629 14.143880844
0.999998271 -0.000712511 0.001714110 0.300288916 0.000711047 0.999999404 0.000854302 -0.413216561 -0.001714718 -0.000853081 0.999998152 14.574946404
0.999997854 -0.000063588 0.002049319 0.309494734 0.000061385 0.999999344 0.001075034 -0.426687598 -0.002049386 -0.001074906 0.999997318 15.005380630
0.999997497 -0.000612832 0.002198747 0.323421240 0.000609561 0.999998689 0.001488434 -0.443967789 -0.002199657 -0.001487090 0.999996424 15.431424141
0.999996424 -0.000023020 0.002664560 0.330524057 0.000019388 0.999999046 0.001363289 -0.455442011 -0.002664589 -0.001363233 0.999995530 15.877293587
0.999996603 -0.000663476 0.002502222 0.344222844 0.000659181 0.999998331 0.001716591 -0.468514502 -0.002503356 -0.001714936 0.999995410 16.326709747
0.999996245 -0.000759880 0.002618251 0.353801548 0.000756123 0.999998629 0.001435872 -0.477441311 -0.002619338 -0.001433887 0.999995530 16.766593933
0.999996245 -0.000748010 0.002647363 0.363679469 0.000743875 0.999998510 0.001562605 -0.491264254 -0.002648528 -0.001560630 0.999995291 17.223358154
0.999995828 -0.000804445 0.002779096 0.382048011 0.000798965 0.999997735 0.001972403 -0.511719763 -0.002780676 -0.001970174 0.999994159 17.681331635
0.999995947 -0.001866869 0.002144128 0.401524723 0.001863056 0.999996662 0.001779048 -0.522887647 -0.002147442 -0.001775046 0.999996126 18.137933731
0.999992549 -0.000520134 0.003826813 0.394689769 0.000512674 0.999997973 0.001950281 -0.534034550 -0.003827819 -0.001948305 0.999990761 18.607860565
0.999992132 0.000280857 0.003944608 0.404461503 -0.000289077 0.999997795 0.002083457 -0.546389639 -0.003944013 -0.002084581 0.999990046 19.081161499
0.999991775 -0.000488213 0.004031754 0.419080883 0.000481996 0.999998689 0.001542763 -0.558480799 -0.004032502 -0.001540807 0.999990642 19.557750702
0.999992371 -0.000403742 0.003874412 0.434567153 0.000396987 0.999998331 0.001743895 -0.569464028 -0.003875111 -0.001742344 0.999991000 20.041627884
0.999993622 0.000089483 0.003576311 0.452004671 -0.000096752 0.999997914 0.002032557 -0.587933362 -0.003576120 -0.002032890 0.999991536 20.531250000
0.999995410 -0.000542925 0.002955428 0.470015258 0.000536843 0.999997735 0.002058308 -0.603993058 -0.002956538 -0.002056712 0.999993503 21.024168015
0.999997020 -0.000127520 0.002409584 0.479920149 0.000122820 0.999998093 0.001950687 -0.612059474 -0.002409828 -0.001950385 0.999995112 21.531528473
0.999997079 -0.000206798 0.002379940 0.490909994 0.000201612 0.999997616 0.002178886 -0.628983140 -0.002380385 -0.002178400 0.999994814 22.035533905
0.999999046 -0.000280742 0.001344888 0.505658209 0.000278375 0.999998391 0.001760121 -0.634595156 -0.001345380 -0.001759745 0.999997556 22.547790527
0.999999464 -0.000324642 0.000944241 0.514778376 0.000322708 0.999997795 0.002048214 -0.656448722 -0.000944904 -0.002047908 0.999997437 23.049581528
0.999999523 -0.000869662 0.000506163 0.526993096 0.000868631 0.999997556 0.002033992 -0.671055496 -0.000507931 -0.002033551 0.999997795 23.562091827
0.999999166 -0.001274857 -0.000082183 0.533702493 0.001274984 0.999997914 0.001560885 -0.685232043 0.000080193 -0.001560989 0.999998808 24.079238892
0.999999940 -0.000068300 -0.000263952 0.536815941 0.000068867 0.999997675 0.002147297 -0.702479720 0.000263804 -0.002147316 0.999997675 24.608524323
0.999999642 0.000223619 -0.000845898 0.545420229 -0.000222219 0.999998629 0.001654931 -0.706434846 0.000846267 -0.001654742 0.999998212 25.139680862
0.999999106 -0.000049324 -0.001361507 0.554278433 0.000050918 0.999999344 0.001171030 -0.714788735 0.001361448 -0.001171098 0.999998331 25.690145493
0.999997795 -0.000013959 -0.002060522 0.563503563 0.000016562 0.999999225 0.001262985 -0.741483152 0.002060503 -0.001263016 0.999997079 26.224189758
0.999997020 -0.000477060 -0.002369429 0.570193887 0.000484095 0.999995530 0.002969037 -0.760006189 0.002368003 -0.002970175 0.999992788 26.766326904
0.999991477 -0.001138979 -0.003972813 0.584087431 0.001147517 0.999996960 0.002147503 -0.773104370 0.003970356 -0.002152044 0.999989748 27.318437576
0.999990702 -0.000462799 -0.004302927 0.588679075 0.000470729 0.999998093 0.001842124 -0.790942371 0.004302067 -0.001844133 0.999989033 27.838581085
0.999990404 -0.000532196 -0.004348523 0.601221085 0.000542615 0.999996960 0.002395217 -0.810708165 0.004347235 -0.002397554 0.999987662 28.431100845
0.999988496 -0.000511952 -0.004770712 0.613001943 0.000520177 0.999998391 0.001722922 -0.810476005 0.004769821 -0.001725383 0.999987125 28.979763031
0.999985576 -0.000334060 -0.005359162 0.630947471 0.000340537 0.999999225 0.001207801 -0.822998881 0.005358754 -0.001209608 0.999984920 29.532127380
0.999983788 -0.000369237 -0.005678134 0.630866766 0.000379083 0.999998450 0.001733097 -0.843494475 0.005677485 -0.001735221 0.999982357 30.072008133
0.999985278 0.000477923 -0.005407793 0.638383150 -0.000467141 0.999997854 0.001994833 -0.868541837 0.005408734 -0.001992278 0.999983311 30.620359421
0.999984622 0.000101754 -0.005541842 0.647623897 -0.000092061 0.999998450 0.001749418 -0.874120057 0.005542013 -0.001748881 0.999983132 31.178173065
0.999980986 -0.000280913 -0.006152928 0.653102160 0.000291021 0.999998629 0.001641928 -0.892029524 0.006152458 -0.001643688 0.999979734 31.702640533
0.999976277 -0.001274410 -0.006763934 0.679642618 0.001282403 0.999998510 0.001177528 -0.904632211 0.006762422 -0.001186175 0.999976397 32.301113129
0.999972284 -0.001335196 -0.007323666 0.689081311 0.001347343 0.999997675 0.001653872 -0.923257470 0.007321442 -0.001663693 0.999971807 32.844974518
0.999973774 -0.001299359 -0.007123813 0.692016423 0.001309072 0.999998152 0.001359058 -0.935242116 0.007122034 -0.001368347 0.999973714 33.402996063
0.999972522 -0.000812120 -0.007367753 0.702548981 0.000824342 0.999998212 0.001655909 -0.952761590 0.007366396 -0.001661937 0.999971449 33.949947357
0.999973357 -0.000442619 -0.007290141 0.701416910 0.000450715 0.999999285 0.001108921 -0.957805872 0.007289644 -0.001112177 0.999972820 34.504882812
0.999967635 -0.001396542 -0.007920041 0.716368675 0.001407999 0.999997914 0.001441196 -0.982508779 0.007918012 -0.001452301 0.999967515 35.046375275
0.999968469 -0.000910602 -0.007891497 0.722457886 0.000919311 0.999998987 0.001100055 -0.987579584 0.007890487 -0.001107275 0.999968231 35.600639343
0.999960542 -0.001677505 -0.008738031 0.733001828 0.001689165 0.999997616 0.001327216 -1.012489915 0.008735783 -0.001341924 0.999960959 36.130970001
0.999966323 -0.001107655 -0.008134073 0.737336040 0.001116504 0.999998808 0.001083380 -1.027741432 0.008132864 -0.001092425 0.999966264 36.680706024
0.999970734 -0.000598629 -0.007624969 0.730789781 0.000608736 0.999998927 0.001323248 -1.039641619 0.007624169 -0.001327851 0.999970078 37.229045868
0.999969423 -0.000146871 -0.007815296 0.739702106 0.000149980 0.999999821 0.000397218 -1.047120333 0.007815237 -0.000398378 0.999969363 37.775817871
0.999972105 0.000016537 -0.007470491 0.747095942 -0.000009485 0.999999583 0.000943959 -1.069985867 0.007470503 -0.000943862 0.999971628 38.309768677
0.999968410 -0.000006472 -0.007943550 0.756251216 0.000010968 0.999999821 0.000565944 -1.085605860 0.007943545 -0.000566013 0.999968290 38.853286743
0.999972880 0.000724387 -0.007332300 0.754205048 -0.000718153 0.999999404 0.000852796 -1.102209210 0.007332913 -0.000847507 0.999972761 39.403442383
0.999972582 -0.000215129 -0.007399311 0.766261816 0.000222029 0.999999523 0.000931696 -1.115354300 0.007399109 -0.000933313 0.999972165 39.919162750
0.999971211 0.000862273 -0.007538429 0.766618371 -0.000860239 0.999999583 0.000273066 -1.126840591 0.007538662 -0.000266574 0.999971569 40.473052979
0.999971211 0.000910785 -0.007533088 0.771529078 -0.000906620 0.999999464 0.000556275 -1.142169952 0.007533590 -0.000549430 0.999971449 41.008956909
0.999966860 0.000671195 -0.008105966 0.785218775 -0.000669257 0.999999762 0.000241790 -1.151898742 0.008106125 -0.000236357 0.999967039 41.552360535
0.999964893 0.000115847 -0.008381747 0.789946079 -0.000112549 0.999999881 0.000393984 -1.170915842 0.008381793 -0.000393027 0.999964774 42.106803894
0.999966860 0.000797103 -0.008097668 0.801885605 -0.000792015 0.999999404 0.000631439 -1.190263152 0.008098166 -0.000625005 0.999967039 42.643955231
0.999962926 0.000506284 -0.008598885 0.806766689 -0.000508308 0.999999821 -0.000233207 -1.191842198 0.008598763 0.000237569 0.999962986 43.214744568
0.999967098 0.001201047 -0.008019704 0.806203842 -0.001200243 0.999999285 0.000105003 -1.217218041 0.008019825 -0.000095374 0.999967813 43.753574371
0.999965847 0.000577786 -0.008243833 0.818929017 -0.000580782 0.999999702 -0.000360964 -1.219821811 0.008243622 0.000365740 0.999965966 44.279129028
0.999963343 0.001216866 -0.008478101 0.824602842 -0.001219469 0.999999225 -0.000301869 -1.236188650 0.008477726 0.000312196 0.999963999 44.845390320
0.999963403 0.001228985 -0.008465523 0.831886053 -0.001229708 0.999999344 -0.000080187 -1.252129078 0.008465418 0.000090594 0.999964178 45.390186310
0.999965906 0.001410489 -0.008125600 0.842688322 -0.001418761 0.999998510 -0.001012439 -1.253055930 0.008124160 0.001023933 0.999966502 45.932693481
0.999967575 0.001236648 -0.007951169 0.847666323 -0.001246803 0.999998331 -0.001272339 -1.269246221 0.007949583 0.001282211 0.999967515 46.475933075
0.999970198 0.001681518 -0.007534771 0.849713802 -0.001687991 0.999998212 -0.000852810 -1.282510400 0.007533323 0.000865503 0.999971271 47.027729034
0.999970436 0.001650256 -0.007507574 0.845743299 -0.001657776 0.999998152 -0.000995496 -1.301196218 0.007505917 0.001007913 0.999971271 47.573448181
0.999972641 0.001715149 -0.007192682 0.852286458 -0.001722455 0.999997973 -0.001009792 -1.309412956 0.007190936 0.001022153 0.999973536 48.127681732
0.999973357 0.001815724 -0.007071266 0.860142827 -0.001827379 0.999996960 -0.001642112 -1.320843458 0.007068264 0.001654990 0.999973655 48.682750702
0.999972403 0.002091694 -0.007123573 0.867998600 -0.002101805 0.999996901 -0.001412228 -1.344131231 0.007120595 0.001427162 0.999973655 49.227737427
0.999974906 0.002169762 -0.006743205 0.877707124 -0.002181654 0.999996066 -0.001756636 -1.355836868 0.006739367 0.001771303 0.999975741 49.773937225
0.999972284 0.001546247 -0.007300773 0.889523745 -0.001557334 0.999997616 -0.001513192 -1.372506976 0.007298416 0.001524520 0.999972165 50.316104889
0.999974906 0.001985868 -0.006794828 0.897538722 -0.001998873 0.999996185 -0.001907772 -1.386157155 0.006791014 0.001921306 0.999975085 50.856643677
0.999973655 0.002221039 -0.006932102 0.906219482 -0.002232113 0.999996245 -0.001590271 -1.404073834 0.006928544 0.001605702 0.999974668 51.402889252
0.999970138 0.002249462 -0.007384657 0.921400428 -0.002261330 0.999996185 -0.001599081 -1.419446588 0.007381031 0.001615732 0.999971449 51.941448212
0.999969244 0.001788923 -0.007636147 0.937394023 -0.001802207 0.999996901 -0.001733054 -1.440388322 0.007633022 0.001746763 0.999969363 52.479862213
0.999975085 0.001834619 -0.006810182 0.934296012 -0.001848618 0.999996126 -0.002049880 -1.455504060 0.006806395 0.002062418 0.999974728 53.018081665
0.999974668 0.002671523 -0.006613141 0.927712917 -0.002686690 0.999993742 -0.002285538 -1.472701550 0.006606994 0.002303247 0.999975502 53.547019958
0.999972582 0.002763828 -0.006865831 0.935470879 -0.002775689 0.999994636 -0.001718702 -1.495862365 0.006861044 0.001737712 0.999974966 54.066898346
0.999973416 0.003206857 -0.006550396 0.946687579 -0.003212944 0.999994516 -0.000919011 -1.522080541 0.006547411 0.000940032 0.999978125 54.604518890
0.999974132 0.002457769 -0.006757451 0.962612748 -0.002470593 0.999995172 -0.001890074 -1.529809356 0.006752772 0.001906720 0.999975383 55.154792786
0.999974608 0.002900845 -0.006499522 0.969205141 -0.002915130 0.999993503 -0.002189477 -1.538861394 0.006493128 0.002208368 0.999976456 55.688442230
0.999975502 0.003681021 -0.005953113 0.966711044 -0.003690582 0.999991894 -0.001595923 -1.565102100 0.005947190 0.001617854 0.999980927 56.236846924
0.999979734 0.003373357 -0.005403378 0.977701187 -0.003383162 0.999992609 -0.001806534 -1.577099800 0.005397244 0.001824778 0.999983788 56.788249969
0.999981105 0.003742404 -0.004878241 0.978145480 -0.003751456 0.999991238 -0.001847586 -1.590642452 0.004871284 0.001865852 0.999986410 57.337589264
0.999981284 0.003741764 -0.004845557 0.980784416 -0.003751936 0.999990761 -0.002091688 -1.606334925 0.004837685 0.002109829 0.999986053 57.876399994
0.999981165 0.004274596 -0.004390520 0.989228606 -0.004285561 0.999987841 -0.002491026 -1.619027019 0.004379818 0.002509795 0.999987245 58.426982880
0.999983013 0.003858701 -0.004348798 0.993584037 -0.003870571 0.999988794 -0.002724408 -1.631803632 0.004338236 0.002741194 0.999986827 58.969287872
0.999979019 0.004360810 -0.004784453 1.000071883 -0.004374904 0.999986112 -0.002939116 -1.648288012 0.004771568 0.002959987 0.999984264 59.521278381
0.999980271 0.004355153 -0.004522589 1.017146826 -0.004366482 0.999987304 -0.002498035 -1.666425228 0.004511652 0.002517733 0.999986649 60.092609406
0.999982119 0.004392256 -0.004056070 1.019865394 -0.004401115 0.999987960 -0.002177555 -1.679929376 0.004046456 0.002195367 0.999989390 60.650035858
0.999983072 0.004103785 -0.004123690 1.036298037 -0.004115133 0.999987900 -0.002747261 -1.690165162 0.004112366 0.002764184 0.999987721 61.213058472
0.999980509 0.004742294 -0.004043253 1.044648409 -0.004753103 0.999985158 -0.002668145 -1.708883286 0.004030538 0.002687311 0.999988258 61.754417419
0.999982595 0.004492192 -0.003861600 1.047396898 -0.004502323 0.999986410 -0.002618802 -1.725776434 0.003849783 0.002636142 0.999989092 62.311214447
0.999982655 0.004621971 -0.003651485 1.051276922 -0.004630631 0.999986410 -0.002366778 -1.750386238 0.003640497 0.002383646 0.999990523 62.855278015
0.999980152 0.004726486 -0.004168133 1.071186781 -0.004734937 0.999986708 -0.002019840 -1.770435572 0.004158531 0.002039535 0.999989271 63.405525208
0.999979854 0.004914271 -0.004053233 1.076992512 -0.004925217 0.999984264 -0.002694994 -1.783461213 0.004039926 0.002714903 0.999988139 63.954139709
0.999978960 0.004351015 -0.004814375 1.092793226 -0.004365161 0.999986172 -0.002931701 -1.796129346 0.004801552 0.002952654 0.999984086 64.522750854
0.999978006 0.005065134 -0.004276199 1.093061328 -0.005075555 0.999984145 -0.002429765 -1.817529559 0.004263824 0.002451416 0.999987900 65.071563721
0.999979615 0.004479970 -0.004553969 1.106017590 -0.004492756 0.999985993 -0.002801421 -1.829335570 0.004541355 0.002821824 0.999985695 65.618576050
0.999980032 0.004675495 -0.004255250 1.107202172 -0.004684742 0.999986708 -0.002165308 -1.849245071 0.004245069 0.002185200 0.999988616 66.160209656
0.999977410 0.005343978 -0.004066210 1.110818982 -0.005354400 0.999982357 -0.002556368 -1.863297939 0.004052476 0.002578082 0.999988437 66.704910278
0.999976337 0.006036562 -0.003299730 1.114231110 -0.006044099 0.999979079 -0.002278543 -1.884797215 0.003285907 0.002298433 0.999991894 67.245277405
0.999981105 0.005124433 -0.003400342 1.123226047 -0.005132104 0.999984264 -0.002250968 -1.904329419 0.003388754 0.002268376 0.999991655 67.795265198
0.999980569 0.005271306 -0.003323825 1.135725617 -0.005277620 0.999984384 -0.001894019 -1.928080678 0.003313789 0.001911524 0.999992669 68.308235168
0.999975085 0.006297196 -0.003197611 1.133367777 -0.006303397 0.999978244 -0.001932630 -1.939303637 0.003185371 0.001952736 0.999993026 68.862648010
0.999975443 0.006299461 -0.003073015 1.129695773 -0.006307424 0.999976754 -0.002588178 -1.941851258 0.003056638 0.002607498 0.999991953 69.419860840
0.999970675 0.007355014 -0.002134207 1.130868673 -0.007359926 0.999970257 -0.002303096 -1.963033080 0.002117204 0.002318736 0.999995053 69.981742859
0.999979675 0.005857012 -0.002519985 1.145901442 -0.005863626 0.999979317 -0.002625377 -1.974948168 0.002504556 0.002640100 0.999993384 70.537506104
0.999981225 0.005490032 -0.002715739 1.158564329 -0.005496894 0.999981821 -0.002525742 -1.991798162 0.002701823 0.002540624 0.999993145 71.087646484
0.999980748 0.005775783 -0.002256734 1.162153363 -0.005782722 0.999978483 -0.003080884 -2.010020971 0.002238891 0.003093875 0.999992728 71.634803772
0.999978065 0.006266206 -0.002148381 1.168231726 -0.006272809 0.999975562 -0.003080578 -2.026881218 0.002129025 0.003093987 0.999992907 72.203292847
0.999981225 0.005440465 -0.002792240 1.185671687 -0.005448237 0.999981225 -0.002783366 -2.047804356 0.002777045 0.002798527 0.999992251 72.737976074
0.999981880 0.005478535 -0.002469948 1.194012880 -0.005485897 0.999980628 -0.002983899 -2.062395096 0.002453553 0.002997396 0.999992430 73.298377991
0.999983609 0.005063035 -0.002667059 1.202446580 -0.005073291 0.999979734 -0.003852963 -2.070835590 0.002647497 0.003866431 0.999989033 73.852333069
0.999982357 0.005362260 -0.002558903 1.212713122 -0.005370367 0.999980509 -0.003171555 -2.096857548 0.002541846 0.003185241 0.999991655 74.403717041
0.999982119 0.005162427 -0.003013716 1.229091644 -0.005173227 0.999980211 -0.003586911 -2.108070612 0.002995139 0.003602437 0.999988973 74.950553894
0.999984086 0.004985209 -0.002643900 1.230742574 -0.004995379 0.999980092 -0.003853168 -2.119986296 0.002624639 0.003866314 0.999989092 75.522087097
0.999985516 0.004510273 -0.002914574 1.249917030 -0.004521600 0.999982119 -0.003891445 -2.147376537 0.002896971 0.003904567 0.999988198 76.076522827
0.999982059 0.005389302 -0.002590267 1.252355456 -0.005399038 0.999978244 -0.003766824 -2.157000780 0.002569910 0.003780741 0.999989569 76.626525879
0.999981701 0.005563437 -0.002359186 1.260848641 -0.005573131 0.999975979 -0.004122917 -2.179552317 0.002336192 0.004135990 0.999988735 77.186859131
0.999987543 0.004156162 -0.002762790 1.275762558 -0.004167103 0.999983549 -0.003966014 -2.199788332 0.002746261 0.003977478 0.999988317 77.718368530
0.999985576 0.004741352 -0.002533148 1.271979094 -0.004749940 0.999982953 -0.003395265 -2.231720686 0.002517006 0.003407248 0.999990940 78.244232178
0.999984622 0.005014503 -0.002368920 1.277338505 -0.005023611 0.999979973 -0.003854642 -2.235181093 0.002349544 0.003866483 0.999989688 78.783065796
0.999982774 0.005031021 -0.003032204 1.281824231 -0.005042888 0.999979556 -0.003918326 -2.245317459 0.003012429 0.003933549 0.999987721 79.276298523
0.999979794 0.005644513 -0.002927132 1.306337357 -0.005654827 0.999977708 -0.003527276 -2.264106512 0.002907157 0.003543757 0.999989450 79.860786438
0.999984145 0.004899728 -0.002756654 1.312346101 -0.004910066 0.999980807 -0.003755843 -2.284505844 0.002738198 0.003769319 0.999989152 80.379356384
0.999985814 0.004864274 -0.002156914 1.327049971 -0.004872209 0.999981344 -0.003689394 -2.303485632 0.002138927 0.003699851 0.999990880 80.912033081
0.999983549 0.005730350 -0.000196119 1.328367233 -0.005731085 0.999975681 -0.003979251 -2.316605330 0.000173312 0.003980310 0.999992013 81.471115112
0.999980986 0.006075351 0.001062397 1.335498095 -0.006071157 0.999973953 -0.003907590 -2.333193779 -0.001086110 0.003901066 0.999991775 82.005493164
0.999975801 0.006037736 0.003449324 1.335494995 -0.006022652 0.999972343 -0.004366830 -2.342728376 -0.003475594 0.004345951 0.999984503 82.568786621
0.999954283 0.006599269 0.006913035 1.355152488 -0.006569762 0.999969184 -0.004282387 -2.364744663 -0.006941085 0.004236773 0.999966919 83.128501892
0.999934435 0.006333629 0.009539152 1.384185314 -0.006301976 0.999974549 -0.003344632 -2.394067287 -0.009560093 0.003284298 0.999948919 83.636222839
0.999887466 0.007124612 0.013199697 1.400839329 -0.007076387 0.999968112 -0.003696524 -2.413146496 -0.013225613 0.003602701 0.999906063 84.183532715
0.999805748 0.006685820 0.018540537 1.412834287 -0.006616334 0.999970853 -0.003806621 -2.423112392 -0.018565448 0.003683211 0.999820888 84.715667725
0.999677360 0.007266412 0.024336338 1.437505245 -0.007182325 0.999967933 -0.003540870 -2.442310095 -0.024361286 0.003364935 0.999697566 85.276954651
0.999525785 0.007192717 0.029941907 1.471837163 -0.007086209 0.999968112 -0.003661784 -2.463362932 -0.029967291 0.003447873 0.999544919 85.824340820
0.999341011 0.006989657 0.035619196 1.504005671 -0.006852114 0.999968588 -0.003982110 -2.473096609 -0.035645917 0.003735418 0.999357522 86.365974426
0.999012649 0.007127978 0.043849479 1.540344954 -0.006956429 0.999967515 -0.004063583 -2.490585089 -0.043877024 0.003754535 0.999029875 86.922218323
0.998617351 0.007408424 0.052043531 1.589635134 -0.007201729 0.999965370 -0.004157996 -2.512345791 -0.052072536 0.003777443 0.998636186 87.469764709
0.998225331 0.006560558 0.059187699 1.634170055 -0.006321309 0.999971032 -0.004228537 -2.527986050 -0.059213728 0.003846888 0.998237908 88.015289307
0.997638941 0.006931677 0.068328172 1.684061050 -0.006657745 0.999968886 -0.004235986 -2.543259144 -0.068355426 0.003771073 0.997653842 88.576293945
0.996872962 0.006867712 0.078721240 1.740894318 -0.006552971 0.999969482 -0.004255782 -2.559857130 -0.078748077 0.003726616 0.996887565 89.106742859
0.996218145 0.006484128 0.086643577 1.807267189 -0.006097418 0.999970257 -0.004727127 -2.573836327 -0.086671643 0.004180947 0.996228158 89.642509460
0.995466471 0.006043921 0.094921865 1.876915932 -0.005638000 0.999973893 -0.004543985 -2.598037720 -0.094946854 0.003988215 0.995474339 90.193656921
0.994372547 0.006622930 0.105732098 1.947038174 -0.006137601 0.999969065 -0.004914895 -2.608325243 -0.105761372 0.004238296 0.994382501 90.738304138
0.993206978 0.006368074 0.116187908 2.034268379 -0.005878910 0.999972343 -0.004552323 -2.628190994 -0.116213717 0.003838342 0.993216813 91.300399780
0.992111504 0.005828643 0.125223845 2.124074936 -0.005234879 0.999973536 -0.005070167 -2.638347864 -0.125250056 0.004374638 0.992115557 91.853370667
0.990577102 0.006179758 0.136817753 2.212540627 -0.005545468 0.999971986 -0.005016690 -2.654658556 -0.136844963 0.004210699 0.990583479 92.394531250
0.988965154 0.005651694 0.148040175 2.326199532 -0.004959899 0.999974966 -0.005041766 -2.677592516 -0.148064956 0.004251868 0.988968492 92.921585083
0.987222254 0.005344742 0.159259349 2.427056313 -0.004539371 0.999974966 -0.005420345 -2.683051586 -0.159284338 0.004628148 0.987221837 93.464469910
0.985401630 0.004472947 0.170186251 2.533745766 -0.003513280 0.999976218 -0.005939658 -2.696503401 -0.170208767 0.005255037 0.985393941 93.998939514
0.983105659 0.005108817 0.182967752 2.656442642 -0.004183197 0.999976456 -0.005444526 -2.715523720 -0.182991281 0.004587155 0.983103812 94.540306091
0.980716467 0.004681350 0.195379734 2.779681206 -0.003666793 0.999977767 -0.005554120 -2.733386517 -0.195401415 0.004730599 0.980711937 95.067489624
0.978642583 0.004601970 0.205517590 2.910429001 -0.003524764 0.999978065 -0.005607235 -2.746213675 -0.205538943 0.004763077 0.978637338 95.599388123
0.975654781 0.004370635 0.219268426 3.046413422 -0.003268868 0.999980152 -0.005387287 -2.770243406 -0.219287619 0.004539372 0.975649714 96.136215210
0.972675145 0.004145667 0.232133403 3.206001282 -0.003027656 0.999982059 -0.005172315 -2.791175604 -0.232150674 0.004328161 0.972670197 96.650512695
0.970010638 0.003759310 0.243033886 3.352483749 -0.002750369 0.999986172 -0.004490617 -2.821184397 -0.243047386 0.003687512 0.970007360 97.163208008
0.967052460 0.002628323 0.254563540 3.522508621 -0.001222658 0.999983132 -0.005679931 -2.819978714 -0.254574209 0.005181548 0.967039287 97.680564880
0.963452995 0.002963314 0.267861128 3.697172165 -0.001456509 0.999981999 -0.005823849 -2.840366364 -0.267873555 0.005220864 0.963439941 98.200370789
0.959772766 0.002917592 0.280762643 3.872501373 -0.001304158 0.999981463 -0.005933280 -2.858072758 -0.280774683 0.005328442 0.959758878 98.730216980
0.956560016 0.002064981 0.291527927 4.062456131 -0.000414693 0.999983549 -0.005722500 -2.873456001 -0.291534960 0.005353020 0.956545115 99.254257202
0.952250242 0.002113028 0.305311233 4.244577408 -0.000464854 0.999984920 -0.005470940 -2.895395279 -0.305318236 0.005067778 0.952236891 99.763427734
0.947825551 0.001661083 0.318785101 4.440942764 0.000242292 0.999982357 -0.005930965 -2.907756090 -0.318789363 0.005698761 0.947808385 100.270980835
0.943807960 0.001229391 0.330492049 4.631238937 0.000663904 0.999984026 -0.005615775 -2.922327518 -0.330493599 0.005519628 0.943792105 100.770866394
0.939269543 0.001029411 0.343178868 4.847612381 0.001242711 0.999978840 -0.006400831 -2.933357716 -0.343178183 0.006438578 0.939248264 101.292655945
0.934206784 0.000714922 0.356731266 5.066658020 0.001621137 0.999979138 -0.006249478 -2.959144115 -0.356728315 0.006416615 0.934186161 101.773773193
0.929265201 0.000215660 0.369413227 5.280246735 0.002513763 0.999972999 -0.006907187 -2.969528198 -0.369404763 0.007347225 0.929239690 102.274909973
0.924668431 0.000061134 0.380773365 5.500284195 0.002806319 0.999971688 -0.006975400 -2.981801271 -0.380763024 0.007518504 0.924642086 102.765769958
0.918841183 -0.000249416 0.394627333 5.748603821 0.002722048 0.999980032 -0.005705938 -3.012746572 -0.394618034 0.006317045 0.918823481 103.284568787
0.913174152 -0.001252904 0.407567680 5.993518829 0.003883515 0.999976635 -0.005627164 -3.027527809 -0.407551110 0.006721376 0.913157642 103.771263123
0.908169389 -0.001187725 0.418601155 6.240894318 0.003955131 0.999975681 -0.005743491 -3.048174143 -0.418584228 0.006871686 0.908151984 104.249465942
0.901867330 -0.001739482 0.432009697 6.502090454 0.004481216 0.999975741 -0.005328635 -3.067280769 -0.431989968 0.006741650 0.901853204 104.735069275
0.895339966 -0.002514125 0.445376247 6.766052246 0.005560648 0.999969244 -0.005533799 -3.090398312 -0.445348591 0.007431212 0.895326436 105.218421936
0.889446139 -0.003519345 0.457026392 7.036479950 0.006606011 0.999964893 -0.005156093 -3.105278254 -0.456992209 0.007605189 0.889438212 105.697235107
0.883999586 -0.003439269 0.467474967 7.319145203 0.006745647 0.999962628 -0.005399236 -3.121838331 -0.467438996 0.007926343 0.883989811 106.157142639
0.876816869 -0.002908429 0.480815738 7.604263306 0.006256029 0.999966085 -0.005359767 -3.134927750 -0.480783850 0.007707532 0.876805246 106.629806519
