1.000000000 0.000000000 0.000000000 0.000000000 0.000000000 1.000000000 0.000000000 0.000000000 0.000000000 0.000000000 1.000000000 0.000000000
1.000000000 0.000022694 -0.000021273 0.000444024 -0.000022695 1.000000000 -0.000038031 0.000772573 0.000021272 0.000038031 1.000000000 0.000389149
1.000000000 0.000000439 0.000044859 -0.000091344 -0.000000441 1.000000000 0.000043144 0.000024615 -0.000044859 -0.000043144 1.000000000 0.000105095
1.000000000 -0.000081452 0.000022910 0.000111367 0.000081453 1.000000000 -0.000026981 0.000740542 -0.000022907 0.000026983 1.000000000 0.000022869
1.000000000 -0.000148146 0.000043182 -0.000099594 0.000148144 1.000000000 0.000026781 -0.000151359 -0.000043186 -0.000026774 1.000000000 -0.000585293
1.000000000 0.000027332 0.000120000 -0.000474370 -0.000027329 1.000000000 -0.000028275 0.000830481 -0.000120001 0.000028271 1.000000000 0.000066089
1.000000000 -0.000088100 0.000073818 0.000135001 0.000088100 1.000000000 -0.000007106 0.000510482 -0.000073818 0.000007113 1.000000000 0.000256371
1.000000000 0.000021825 0.000050890 -0.000462851 -0.000021829 1.000000000 0.000082029 -0.000048355 -0.000050889 -0.000082030 1.000000000 -0.000100390
1.000000000 -0.000034873 -0.000001959 -0.000720563 0.000034873 1.000000000 -0.000083446 -0.000085866 0.000001962 0.000083446 1.000000000 -0.001089127
1.000000000 -0.000046214 0.000080987 -0.000088757 0.000046211 1.000000000 0.000040928 -0.000724892 -0.000080989 -0.000040925 1.000000000 -0.000410949
1.000000000 0.000072013 0.000053051 -0.000834897 -0.000072016 1.000000000 0.000056892 -0.000903902 -0.000053046 -0.000056896 1.000000000 -0.000640208
1.000000000 -0.000030651 0.000078093 -0.001074125 0.000030648 1.000000000 0.000039176 -0.000370529 -0.000078094 -0.000039173 1.000000000 -0.000961996
1.000000000 0.000053407 0.000033274 -0.000812212 -0.000053405 1.000000000 -0.000075491 -0.000338755 -0.000033278 0.000075489 1.000000000 -0.001540912
1.000000000 0.000045463 0.000071922 -0.000997487 -0.000045461 1.000000000 -0.000028257 0.000501679 -0.000071923 0.000028254 1.000000000 0.000307684
1.000000000 0.000029596 0.000048530 -0.000985387 -0.000029590 1.000000000 -0.000116307 0.001255197 -0.000048533 0.000116305 1.000000000 0.000898176
1.000000000 -0.000009592 -0.000039075 0.000371024 0.000009589 1.000000000 -0.000079250 0.001295438 0.000039076 0.000079250 1.000000000 0.001332410
1.000000000 0.000090346 0.000104943 -0.000992447 -0.000090329 1.000000000 -0.000155223 0.002298420 -0.000104957 0.000155214 1.000000000 0.002550184
1.000000000 0.000157669 0.000084078 -0.001339508 -0.000157656 1.000000000 -0.000162430 0.001899328 -0.000084103 0.000162416 1.000000000 0.001659021
1.000000000 0.000174105 0.000151390 -0.001491608 -0.000174091 1.000000000 -0.000097496 0.001936344 -0.000151407 0.000097470 1.000000000 0.002290528
1.000000000 0.000103816 0.000156382 -0.001452469 -0.000103801 1.000000000 -0.000097039 0.001006973 -0.000156392 0.000097023 1.000000000 0.001278879
1.000000000 0.000045042 0.000082017 -0.001133612 -0.000045039 1.000000000 -0.000035098 0.000382839 -0.000082018 0.000035094 1.000000000 0.000720078
1.000000000 0.000181985 0.000058881 -0.000817147 -0.000181983 1.000000000 -0.000029850 0.001396193 -0.000058887 0.000029840 1.000000000 0.000999382
1.000000000 0.000112062 0.000010655 -0.000626544 -0.000112061 1.000000000 -0.000089460 0.001397014 -0.000010665 0.000089459 1.000000000 0.002163634
1.000000000 0.000099807 0.000083160 -0.001196824 -0.000099802 1.000000000 -0.000065375 0.001655327 -0.000083167 0.000065367 1.000000000 0.002473166
0.999999940 0.000362484 0.000048237 -0.001214828 -0.000362480 0.999999940 -0.000070752 0.002368892 -0.000048263 0.000070735 1.000000000 0.003648393
0.999999940 0.000238260 0.000106142 -0.001519081 -0.000238253 0.999999940 -0.000065249 0.002204142 -0.000106158 0.000065224 1.000000000 0.001894730
1.000000000 0.000049013 0.000101309 -0.000475764 -0.000049005 1.000000000 -0.000071629 0.002441181 -0.000101313 0.000071624 1.000000000 0.002976416
1.000000000 0.000140192 0.000173163 -0.001787238 -0.000140188 1.000000000 -0.000022214 0.001466101 -0.000173166 0.000022190 1.000000000 0.002299163
1.000000000 0.000099816 0.000053993 -0.001124003 -0.000099810 1.000000000 -0.000106315 0.002491994 -0.000054004 0.000106310 1.000000000 0.002235184
1.000000000 0.000024488 0.000085378 -0.001517989 -0.000024482 1.000000000 -0.000072135 0.001068296 -0.000085380 0.000072133 1.000000000 0.001651770
0.999999940 0.000153372 0.000201225 -0.001948229 -0.000153368 1.000000000 -0.000019092 0.001024608 -0.000201228 0.000019061 1.000000000 0.001911139
1.000000000 0.000110254 0.000184204 -0.001370857 -0.000110241 1.000000000 -0.000070372 0.002087062 -0.000184212 0.000070352 1.000000000 0.003724314
1.000000000 0.000206756 0.000098584 -0.000893235 -0.000206735 0.999999940 -0.000211718 0.003331115 -0.000098627 0.000211697 1.000000000 0.003801475
1.000000000 0.000106695 0.000134679 -0.000914233 -0.000106681 1.000000000 -0.000108941 0.001715955 -0.000134691 0.000108927 1.000000000 0.001871166
0.999999940 0.000204017 0.000184785 -0.002501579 -0.000203989 0.999999940 -0.000152288 0.002096751 -0.000184816 0.000152250 1.000000000 0.002560023
1.000000000 0.000150094 0.000178899 -0.001730349 -0.000150079 1.000000000 -0.000083008 0.000968669 -0.000178911 0.000082981 1.000000000 0.001472946
1.000000000 0.000108810 0.000044201 -0.002058536 -0.000108810 1.000000000 0.000015811 0.000478205 -0.000044199 -0.000015815 1.000000000 0.000261810
1.000000000 0.000137859 0.000084322 -0.001438584 -0.000137856 1.000000000 -0.000034634 0.001905555 -0.000084327 0.000034622 1.000000000 0.002279555
1.000000000 0.000154564 0.000156739 -0.002017925 -0.000154556 1.000000000 -0.000050463 0.001591904 -0.000156747 0.000050438 1.000000000 0.001321960
1.000000000 0.000185901 0.000123404 -0.000875165 -0.000185889 1.000000000 -0.000095870 0.002897572 -0.000123422 0.000095847 1.000000000 0.003219366
1.000000000 0.000000051 0.000067546 0.000231548 -0.000000044 1.000000000 -0.000101572 0.000807585 -0.000067546 0.000101572 1.000000000 0.002527655
0.999999762 0.000522673 0.000163469 -0.000086922 -0.000522569 0.999999642 -0.000631989 -0.001359374 -0.000163799 0.000631903 0.999999702 0.052677665
0.999999821 0.000409198 0.000205351 0.001405131 -0.000408937 0.999999046 -0.001269671 -0.002323708 -0.000205870 0.001269587 0.999999106 0.142342851
0.999999881 0.000414457 0.000208583 0.010376789 -0.000414285 0.999999523 -0.000826088 -0.018318519 -0.000208925 0.000826002 0.999999583 0.261488110
0.999999881 0.000447898 0.000259422 0.013059411 -0.000447688 0.999999583 -0.000809756 -0.020633562 -0.000259784 0.000809639 0.999999642 0.394037575
0.999999881 0.000432091 0.000215215 0.014763974 -0.000431972 0.999999762 -0.000551101 -0.024544293 -0.000215453 0.000551008 0.999999881 0.538101315
0.999999940 -0.000121316 0.000226423 0.022143982 0.000121384 0.999999940 -0.000301378 -0.024994140 -0.000226386 0.000301405 0.999999940 0.699239671
0.999999821 -0.000461595 0.000192052 0.027753301 0.000461628 0.999999821 -0.000170098 -0.027422281 -0.000191973 0.000170187 1.000000000 0.859892368
0.999999940 0.000383959 0.000105089 0.024102729 -0.000383907 0.999999821 -0.000497652 -0.033064857 -0.000105280 0.000497611 0.999999881 1.032190323
0.999999940 0.000447492 0.000054299 0.028357893 -0.000447472 0.999999881 -0.000380721 -0.038768202 -0.000054470 0.000380697 0.999999881 1.207033753
0.999999940 0.000230942 0.000258063 0.030022644 -0.000231031 0.999999881 0.000345227 -0.051193491 -0.000257984 -0.000345286 0.999999881 1.383075953
0.999999940 0.000273990 0.000102026 0.034433343 -0.000274011 0.999999940 0.000205320 -0.053431537 -0.000101970 -0.000205348 0.999999881 1.576930046
0.999999821 0.000479653 0.000273290 0.038437713 -0.000479770 0.999999821 0.000425841 -0.057745896 -0.000273086 -0.000425972 0.999999881 1.779707789
0.999999940 -0.000004286 0.000268836 0.040251050 0.000004085 0.999999642 0.000746823 -0.070670366 -0.000268839 -0.000746821 0.999999702 1.963584781
0.999999881 -0.000255728 0.000361505 0.043625925 0.000255362 0.999999404 0.001010834 -0.075600684 -0.000361763 -0.001010742 0.999999344 2.180176020
0.999999881 0.000154382 0.000454282 0.046387877 -0.000154794 0.999999583 0.000906616 -0.078691781 -0.000454142 -0.000906686 0.999999464 2.401648760
0.999999762 0.000439414 0.000520921 0.049475428 -0.000439801 0.999999523 0.000743527 -0.083424158 -0.000520595 -0.000743756 0.999999583 2.626109838
0.999999821 -0.000060214 0.000628405 0.056360971 0.000059567 0.999999464 0.001029353 -0.093836978 -0.000628466 -0.001029316 0.999999285 2.843907833
0.999999881 -0.000141980 0.000529247 0.061501671 0.000141392 0.999999404 0.001109997 -0.097978167 -0.000529404 -0.001109922 0.999999225 3.086746931
0.999999821 0.000120299 0.000606769 0.067968234 -0.000120886 0.999999523 0.000967421 -0.104700588 -0.000606652 -0.000967494 0.999999344 3.323945761
0.999999881 -0.000110412 0.000481616 0.074929990 0.000109875 0.999999285 0.001113757 -0.112667054 -0.000481739 -0.001113704 0.999999225 3.578538179
0.999999702 0.000383609 0.000688337 0.077345826 -0.000384255 0.999999404 0.000937772 -0.117829874 -0.000687977 -0.000938036 0.999999344 3.835159779
0.999999940 0.000332420 -0.000034800 0.082542993 -0.000332385 0.999999464 0.000979326 -0.123064153 0.000035125 -0.000979314 0.999999523 4.087473869
0.999999762 0.000652156 -0.000105074 0.088070065 -0.000652043 0.999999225 0.001066734 -0.128619432 0.000105770 -0.001066665 0.999999464 4.342442036
0.999999881 0.000324548 0.000203481 0.089756079 -0.000324738 0.999999464 0.000932391 -0.134521753 -0.000203179 -0.000932457 0.999999583 4.606185436
0.999999523 0.000241900 0.000976843 0.092881702 -0.000243089 0.999999166 0.001216595 -0.144080609 -0.000976548 -0.001216832 0.999998808 4.858040333
0.999999642 0.000347429 0.000843149 0.100388668 -0.000348697 0.999998808 0.001503887 -0.152043626 -0.000842625 -0.001504180 0.999998510 5.117376804
0.999999523 0.000317894 0.000891616 0.099476688 -0.000319149 0.999998987 0.001408183 -0.159405336 -0.000891167 -0.001408467 0.999998629 5.370974064
0.999999762 0.000327157 0.000624547 0.108450755 -0.000327927 0.999999166 0.001234477 -0.165312022 -0.000624143 -0.001234681 0.999999046 5.642177105
0.999999225 0.000569794 0.001035886 0.103109188 -0.000570803 0.999999344 0.000974709 -0.170586348 -0.001035330 -0.000975300 0.999998987 5.906551838
0.999999285 0.000612608 0.001024826 0.108957201 -0.000613735 0.999999225 0.001100098 -0.179509461 -0.001024152 -0.001100726 0.999998868 6.187498093
0.999998689 0.000930330 0.001300419 0.115705304 -0.000931779 0.999998987 0.001114352 -0.183066979 -0.001299381 -0.001115562 0.999998569 6.482566357
0.999998689 0.001033367 0.001343936 0.116228335 -0.001035109 0.999998629 0.001296100 -0.194666684 -0.001342595 -0.001297489 0.999998212 6.761961460
0.999998450 0.001048739 0.001379026 0.124447294 -0.001050560 0.999998569 0.001320372 -0.200270131 -0.001377640 -0.001321818 0.999998093 7.069663525
0.999999285 0.000455346 0.001112033 0.132367432 -0.000457036 0.999998748 0.001519210 -0.208991542 -0.001111340 -0.001519717 0.999998152 7.370909214
0.999998152 0.001079898 0.001547697 0.126799464 -0.001081676 0.999998748 0.001148222 -0.221234635 -0.001546455 -0.001149894 0.999998152 7.662946224
0.999997973 0.001155002 0.001650895 0.135036662 -0.001156479 0.999998987 0.000894043 -0.224610418 -0.001649860 -0.000895950 0.999998271 7.988981247
0.999997914 0.000876261 0.001853466 0.145356625 -0.000878407 0.999998927 0.001157024 -0.238348559 -0.001852450 -0.001158649 0.999997616 8.296402931
0.999998152 0.000595298 0.001851178 0.152392894 -0.000597325 0.999999166 0.001094534 -0.245628953 -0.001850525 -0.001095637 0.999997675 8.623983383
0.999997735 0.001064496 0.001852086 0.156613007 -0.001066610 0.999998808 0.001141030 -0.251930594 -0.001850869 -0.001143003 0.999997556 8.959991455
0.999997854 0.001126224 0.001747702 0.163054973 -0.001128526 0.999998510 0.001317025 -0.263820231 -0.001746216 -0.001318994 0.999997616 9.299850464
0.999996662 0.001621873 0.002005586 0.160872683 -0.001624245 0.999997973 0.001181835 -0.276222765 -0.002003665 -0.001185088 0.999997318 9.619478226
0.999996245 0.001594533 0.002233336 0.164253145 -0.001598211 0.999997377 0.001646039 -0.287159681 -0.002230706 -0.001649602 0.999996185 9.970101357
0.999997616 0.000905214 0.001955261 0.180311456 -0.000908753 0.999997973 0.001810128 -0.301469922 -0.001953618 -0.001811900 0.999996424 10.329845428
0.999997437 0.001093918 0.002049883 0.185682714 -0.001097417 0.999997914 0.001706500 -0.306602657 -0.002048013 -0.001708746 0.999996424 10.700329781
0.999997616 0.000890840 0.002006332 0.192640573 -0.000894097 0.999998271 0.001623419 -0.313808560 -0.002004882 -0.001625209 0.999996662 11.069544792
0.999997675 0.001183369 0.001810276 0.201599091 -0.001186059 0.999998212 0.001485144 -0.324106395 -0.001808516 -0.001487288 0.999997258 11.452574730
0.999997139 0.001307694 0.002011471 0.207107246 -0.001310740 0.999997914 0.001513978 -0.332895845 -0.002009488 -0.001516610 0.999996781 11.825445175
0.999996722 0.001270254 0.002226825 0.215111598 -0.001274148 0.999997616 0.001748584 -0.349776387 -0.002224598 -0.001751415 0.999995947 12.197611809
0.999996603 0.001159409 0.002326575 0.228196234 -0.001164059 0.999997377 0.001998621 -0.363944769 -0.002324251 -0.002001322 0.999995291 12.584372520
0.999995828 0.001660043 0.002419049 0.231844068 -0.001665419 0.999996126 0.002221623 -0.373776287 -0.002415352 -0.002225643 0.999994636 12.981378555
0.999994397 0.001768274 0.002837193 0.230391562 -0.001773664 0.999996603 0.001898645 -0.379779637 -0.002833826 -0.001903667 0.999994099 13.387747765
0.999995410 0.001594543 0.002574950 0.250551492 -0.001600297 0.999996185 0.002234030 -0.398143291 -0.002571378 -0.002238140 0.999994218 13.795018196
0.999994814 0.001837179 0.002631420 0.262685776 -0.001843876 0.999995053 0.002545030 -0.410684794 -0.002626732 -0.002549869 0.999993265 14.195043564
0.999994099 0.002010509 0.002789957 0.271569639 -0.002017177 0.999995112 0.002389240 -0.424824446 -0.002785139 -0.002394854 0.999993265 14.610230446
0.999992967 0.001593938 0.003392953 0.271496415 -0.001601922 0.999995887 0.002351864 -0.438092619 -0.003389191 -0.002357283 0.999991417 15.052839279
0.999990582 0.001885734 0.003942154 0.275948554 -0.001895501 0.999995112 0.002474928 -0.444963217 -0.003937468 -0.002482376 0.999989152 15.499929428
0.999990284 0.001743556 0.004062682 0.287447095 -0.001751776 0.999996424 0.002020557 -0.453946978 -0.004059145 -0.002027655 0.999989748 15.945595741
0.999985814 0.002758712 0.004542677 0.300201297 -0.002769204 0.999993622 0.002304946 -0.470012933 -0.004536289 -0.002317493 0.999987006 16.374794006
0.999983788 0.003289279 0.004641148 0.305964231 -0.003298169 0.999992669 0.001909030 -0.481141180 -0.004634835 -0.001924306 0.999987423 16.819875717
0.999984145 0.002527878 0.005036932 0.318478227 -0.002544373 0.999991417 0.003271139 -0.508569181 -0.005028620 -0.003283903 0.999981880 17.271993637
0.999979913 0.002982142 0.005580370 0.327908039 -0.003001566 0.999989450 0.003475578 -0.518652856 -0.005569946 -0.003492258 0.999978364 17.740787506
0.999980748 0.002546077 0.005648826 0.342838854 -0.002560536 0.999993443 0.002553870 -0.525402784 -0.005642286 -0.002568285 0.999980748 18.207925797
0.999976456 0.002880866 0.006217269 0.355515093 -0.002895525 0.999993026 0.002350134 -0.533578157 -0.006210454 -0.002368081 0.999977887 18.682861328
0.999976754 0.002822248 0.006204738 0.363787949 -0.002842105 0.999990821 0.003193679 -0.552243650 -0.006195668 -0.003211239 0.999975622 19.148784637
0.999980390 0.002093680 0.005902122 0.383596122 -0.002111190 0.999993324 0.002962135 -0.564801216 -0.005895881 -0.002974538 0.999978185 19.622869492
0.999979317 0.002222364 0.006029118 0.390403867 -0.002241259 0.999992549 0.003128988 -0.576932609 -0.006022119 -0.003142437 0.999976933 20.110332489
0.999977946 0.002368393 0.006203011 0.409732819 -0.002385884 0.999993205 0.002813815 -0.589382827 -0.006196304 -0.002828553 0.999976754 20.582122803
0.999984145 0.002026133 0.005251328 0.423916638 -0.002039790 0.999994576 0.002596682 -0.598536551 -0.005246038 -0.002607352 0.999982774 21.086505890
0.999983609 0.002583895 0.005105333 0.435160667 -0.002598300 0.999992669 0.002816912 -0.617889404 -0.005098017 -0.002830131 0.999983013 21.627809525
0.999986827 0.001770928 0.004822784 0.452026963 -0.001783174 0.999995172 0.002536139 -0.629009843 -0.004818269 -0.002544705 0.999985158 22.126056671
0.999990165 0.001656943 0.004111638 0.468569964 -0.001666959 0.999995530 0.002433691 -0.640934348 -0.004107587 -0.002440521 0.999988556 22.640975952
0.999990344 0.002461370 0.003679163 0.476118833 -0.002472765 0.999992132 0.003095722 -0.665832162 -0.003671514 -0.003104789 0.999988437 23.147855759
0.999991536 0.002288771 0.003399965 0.480427891 -0.002299911 0.999992013 0.003275978 -0.689988017 -0.003392440 -0.003283770 0.999988794 23.651136398
0.999994814 0.001194903 0.002962158 0.488218844 -0.001203752 0.999994814 0.002987362 -0.706536412 -0.002958572 -0.002990912 0.999991179 24.179388046
0.999996245 0.001050861 0.002535869 0.510447681 -0.001058513 0.999994814 0.003018068 -0.714439571 -0.002532684 -0.003020740 0.999992251 24.709310532
0.999994278 0.002198739 0.002537800 0.517798424 -0.002207254 0.999992073 0.003357167 -0.728996158 -0.002530398 -0.003362750 0.999991119 25.233791351
0.999993980 0.002827615 0.001997147 0.517441332 -0.002834345 0.999990284 0.003375150 -0.741830409 -0.001987583 -0.003380790 0.999992311 25.784095764
0.999993861 0.002853347 0.002048526 0.518570721 -0.002860807 0.999989212 0.003647511 -0.754404724 -0.002038096 -0.003653349 0.999991238 26.351060867
0.999997020 0.002095149 0.001243885 0.546140730 -0.002099956 0.999990284 0.003876310 -0.767616451 -0.001235751 -0.003878910 0.999991715 26.922014236
0.999997973 0.001932303 0.000522407 0.549717128 -0.001934250 0.999991000 0.003754956 -0.785123825 -0.000515147 -0.003755959 0.999992788 27.472652435
0.999997079 0.002407246 0.000308075 0.559478700 -0.002408249 0.999991655 0.003300869 -0.794203281 -0.000300127 -0.003301601 0.999994457 28.033655167
0.999994814 0.003208655 0.000174317 0.595015109 -0.003209274 0.999988079 0.003677038 -0.813266695 -0.000162516 -0.003677578 0.999993205 28.562309265
0.999992251 0.003840043 0.000781045 0.590619326 -0.003843374 0.999983311 0.004309185 -0.836930394 -0.000764484 -0.004312154 0.999990404 29.097499847
0.999992371 0.003901317 0.000176431 0.601068377 -0.003901866 0.999987125 0.003236185 -0.838016033 -0.000163803 -0.003236849 0.999994755 29.664159775
0.999991894 0.004007291 -0.000327408 0.612604678 -0.004005922 0.999983609 0.004074373 -0.860735655 0.000343730 -0.004073029 0.999991596 30.209827423
0.999989212 0.004662554 0.000193418 0.612466753 -0.004663270 0.999981582 0.003875325 -0.875086904 -0.000175345 -0.003876185 0.999992490 30.742662430
0.999990463 0.004347215 -0.000024532 0.622255862 -0.004347076 0.999981880 0.004156360 -0.895949543 0.000042600 -0.004156214 0.999991357 31.289155960
0.999987483 0.004979984 -0.000449481 0.629310191 -0.004978274 0.999980688 0.003730085 -0.904050887 0.000468048 -0.003727801 0.999992967 31.837541580
0.999992907 0.003539666 -0.001277613 0.650216162 -0.003535034 0.999987185 0.003609959 -0.913580894 0.001290375 -0.003605417 0.999992609 32.386505127
0.999989748 0.004034039 -0.002079939 0.655957818 -0.004025618 0.999983728 0.004037187 -0.937477589 0.002096191 -0.004028772 0.999989629 32.921405792
0.999992728 0.003632092 -0.001157136 0.661646008 -0.003627774 0.999986470 0.003712142 -0.948377788 0.001170604 -0.003707917 0.999992430 33.525009155
0.999991715 0.003774594 -0.001602477 0.680300236 -0.003768260 0.999985158 0.003937866 -0.956285596 0.001617317 -0.003931794 0.999990940 34.033119202
0.999993861 0.002938804 -0.001910030 0.679029465 -0.002926861 0.999976337 0.006225307 -0.999976635 0.001928279 -0.006219678 0.999978781 34.569343567
0.999992549 0.002775396 -0.002685673 0.694873989 -0.002758483 0.999976456 0.006280321 -1.019497633 0.002703040 -0.006272866 0.999976635 35.090167999
0.999987781 0.004598996 -0.001823407 0.695210934 -0.004593726 0.999985278 0.002883828 -0.991497815 0.001836642 -0.002875417 0.999994159 35.674564362
0.999986112 0.005092052 -0.001376217 0.702333868 -0.005087424 0.999981463 0.003345854 -1.009718180 0.001393228 -0.003338806 0.999993443 36.218616486
0.999987781 0.004391495 -0.002276197 0.721062481 -0.004385017 0.999986291 0.002843171 -1.025054097 0.002288651 -0.002833154 0.999993384 36.762767792
0.999985933 0.004489997 -0.002826021 0.736505389 -0.004481392 0.999985278 0.003044122 -1.039711475 0.002839649 -0.003031414 0.999991357 37.301433563
0.999985635 0.004665771 -0.002635358 0.745387077 -0.004657599 0.999984384 0.003098376 -1.054195523 0.002649772 -0.003086057 0.999991715 37.853637695
0.999986768 0.004212799 -0.002937809 0.755993605 -0.004203022 0.999985635 0.003326158 -1.076680183 0.002951780 -0.003313766 0.999990165 38.407581329
0.999987304 0.004205637 -0.002781465 0.761374533 -0.004197943 0.999987304 0.002766218 -1.086955190 0.002793064 -0.002754506 0.999992311 38.955505371
0.999987423 0.004248806 -0.002636663 0.764462113 -0.004241115 0.999986768 0.002915650 -1.092882752 0.002649016 -0.002904431 0.999992251 39.523975372
0.999986172 0.004426131 -0.002829711 0.777334213 -0.004417773 0.999985814 0.002953012 -1.109624147 0.002842741 -0.002940470 0.999991596 40.066078186
0.999987841 0.004288257 -0.002441548 0.786639333 -0.004279926 0.999985039 0.003406748 -1.136489630 0.002456122 -0.003396257 0.999991238 40.608318329
0.999988794 0.004138044 -0.002299010 0.795162201 -0.004131460 0.999987364 0.002861333 -1.143875360 0.002310822 -0.002851802 0.999993324 41.168601990
0.999987483 0.004511048 -0.002156754 0.792986095 -0.004505200 0.999986172 0.002708496 -1.150329709 0.002168943 -0.002698746 0.999993980 41.673397064
0.999986231 0.005011664 -0.001559525 0.799779356 -0.005008220 0.999985039 0.002204855 -1.161715627 0.001570553 -0.002197014 0.999996305 42.221618652
0.999986053 0.005090578 -0.001417211 0.805276811 -0.005086218 0.999982357 0.003063153 -1.184305429 0.001432780 -0.003055902 0.999994338 42.752361298
0.999988556 0.004513629 -0.001593917 0.809555113 -0.004509133 0.999985874 0.002813602 -1.200115561 0.001606593 -0.002806382 0.999994755 43.304790497
0.999990523 0.003849176 -0.002006576 0.824241340 -0.003843296 0.999988317 0.002926077 -1.220036745 0.002017815 -0.002918338 0.999993682 43.861263275
0.999988854 0.004324258 -0.001892191 0.834858477 -0.004318706 0.999986351 0.002928893 -1.232270241 0.001904831 -0.002920689 0.999993920 44.407886505
0.999989748 0.004137269 -0.001806627 0.844383895 -0.004132386 0.999987841 0.002698798 -1.241166234 0.001817771 -0.002691305 0.999994755 44.925960541
0.999989152 0.004068004 -0.002236697 0.861149132 -0.004062192 0.999988377 0.002596214 -1.256470680 0.002247231 -0.002587100 0.999994099 45.498374939
0.999988556 0.004185478 -0.002277837 0.872082233 -0.004179446 0.999987721 0.002646188 -1.270745397 0.002288885 -0.002636638 0.999993861 46.038757324
0.999984264 0.005307556 -0.001805533 0.879691660 -0.005303720 0.999983668 0.002121739 -1.287151098 0.001816765 -0.002112130 0.999996126 46.617786407
0.999985695 0.005298473 -0.000770578 0.883609474 -0.005296533 0.999982774 0.002498345 -1.295962691 0.000783802 -0.002494228 0.999996603 47.145477295
0.999992192 0.003764038 -0.001194298 0.890696585 -0.003759921 0.999987006 0.003429754 -1.326851130 0.001207192 -0.003425237 0.999993384 47.691120148
0.999988675 0.004559522 -0.001342813 0.904872537 -0.004556634 0.999987304 0.002145632 -1.327274323 0.001352580 -0.002139490 0.999996781 48.244411469
0.999990523 0.004233597 -0.000951346 0.904507160 -0.004231106 0.999987781 0.002604718 -1.344894648 0.000962361 -0.002600669 0.999996126 48.785926819
0.999991715 0.003906061 -0.001085414 0.918176174 -0.003903789 0.999990225 0.002088396 -1.355148554 0.001093560 -0.002084142 0.999997199 49.331901550
0.999985337 0.005410391 0.000168156 0.914014339 -0.005410716 0.999983430 0.001974146 -1.362966776 -0.000157474 -0.001975027 0.999997973 49.906970978
0.999980867 0.006180048 -0.000275593 0.924238980 -0.006179300 0.999977529 0.002638946 -1.389964581 0.000291896 -0.002637193 0.999996483 50.416561127
0.999977410 0.006706367 0.000327412 0.923667431 -0.006707268 0.999973476 0.002833075 -1.409054756 -0.000308403 -0.002835207 0.999995947 50.947471619
0.999983311 0.005746381 -0.000606597 0.951199293 -0.005744936 0.999980628 0.002358226 -1.417756438 0.000620137 -0.002354702 0.999996960 51.502094269
0.999984264 0.005545452 -0.000873795 0.965584517 -0.005542979 0.999980628 0.002807766 -1.438151598 0.000889349 -0.002802878 0.999995649 52.057075500
0.999979973 0.006325034 0.000008394 0.966714442 -0.006325034 0.999977231 0.002357904 -1.448804617 0.000006520 -0.002357909 0.999997199 52.614940643
0.999982595 0.005893462 0.000170701 0.982589185 -0.005893833 0.999980092 0.002255933 -1.458353281 -0.000157403 -0.002256900 0.999997377 53.160987854
0.999980628 0.006227375 0.000147405 0.993583024 -0.006227656 0.999978602 0.002005995 -1.474857926 -0.000134910 -0.002006875 0.999997973 53.703910828
0.999983311 0.005779717 0.000008246 1.011505485 -0.005779721 0.999980748 0.002247258 -1.503286839 0.000004742 -0.002247268 0.999997437 54.253303528
0.999978900 0.006483281 0.000405265 1.019507647 -0.006484147 0.999976635 0.002173386 -1.509794116 -0.000391166 -0.002175968 0.999997497 54.781658173
0.999979734 0.006345770 0.000490759 1.019365072 -0.006346532 0.999978602 0.001563755 -1.523238659 -0.000480826 -0.001566838 0.999998569 55.351192474
0.999979138 0.006437876 0.000498371 1.035400867 -0.006438626 0.999978065 0.001517687 -1.528094888 -0.000488589 -0.001520864 0.999998748 55.894836426
0.999980986 0.006159822 0.000189401 1.054687738 -0.006160155 0.999979377 0.001816530 -1.547194004 -0.000178207 -0.001817661 0.999998331 56.431941986
0.999979258 0.006441819 0.000190811 1.070915341 -0.006442066 0.999978364 0.001318773 -1.559396029 -0.000182312 -0.001319974 0.999999106 57.000118256
0.999977648 0.006647363 0.000750357 1.070744157 -0.006648310 0.999977052 0.001265837 -1.569590211 -0.000741926 -0.001270797 0.999998927 57.523471832
0.999979019 0.006466376 0.000384640 1.086748123 -0.006466859 0.999978304 0.001272720 -1.585920691 -0.000376402 -0.001275180 0.999999106 58.056739807
0.999977827 0.006648180 0.000359865 1.104826093 -0.006648678 0.999976933 0.001406431 -1.599196911 -0.000350506 -0.001408793 0.999998927 58.578746796
0.999973416 0.007268018 0.000596954 1.110035181 -0.007268668 0.999972939 0.001093377 -1.607948065 -0.000588991 -0.001097687 0.999999225 59.122631073
0.999979258 0.006441324 0.000082927 1.130173683 -0.006441392 0.999978900 0.000836575 -1.627160311 -0.000077537 -0.000837093 0.999999642 59.661830902
0.999977350 0.006728480 0.000130571 1.138457060 -0.006728606 0.999976873 0.001001330 -1.641325474 -0.000123831 -0.001002186 0.999999464 60.218296051
0.999974728 0.007102233 0.000389217 1.145099878 -0.007102718 0.999974012 0.001254557 -1.657480478 -0.000380297 -0.001257289 0.999999166 60.759887695
0.999965847 0.008185209 0.001132342 1.146618366 -0.008185949 0.999966264 0.000652412 -1.666125417 -0.001126964 -0.000661660 0.999999166 61.324962616
0.999968886 0.007743673 0.001455738 1.162041187 -0.007745117 0.999969661 0.000987507 -1.683832526 -0.001448046 -0.000998751 0.999998450 61.864131927
0.999968708 0.007762941 0.001513187 1.173601151 -0.007764183 0.999969482 0.000817943 -1.699485064 -0.001506791 -0.000829666 0.999998510 62.410991669
0.999970496 0.007362986 0.002148524 1.181405663 -0.007365443 0.999972165 0.001138135 -1.722157240 -0.002140084 -0.001153926 0.999997020 62.937171936
0.999958932 0.008756234 0.002349447 1.183825731 -0.008757100 0.999961615 0.000358492 -1.723554730 -0.002346218 -0.000379051 0.999997139 63.501525879
0.999960005 0.008685418 0.002144795 1.201811433 -0.008686793 0.999962091 0.000632262 -1.742765427 -0.002139223 -0.000650868 0.999997497 64.026710510
0.999963284 0.008250452 0.002287665 1.213012457 -0.008252648 0.999965489 0.000952575 -1.760658860 -0.002279727 -0.000971420 0.999996901 64.562011719
0.999957561 0.008932170 0.002258074 1.217708230 -0.008934093 0.999959707 0.000843444 -1.771776438 -0.002250449 -0.000863582 0.999997020 65.107604980
0.999960363 0.008485614 0.002691250 1.228841901 -0.008487814 0.999963641 0.000807637 -1.790355802 -0.002684299 -0.000830448 0.999996066 65.635124207
0.999962866 0.008260833 0.002456878 1.243610144 -0.008262798 0.999965489 0.000791325 -1.803599834 -0.002450256 -0.000811596 0.999996722 66.179039001
0.999949694 0.009581909 0.002943782 1.250472426 -0.009581938 0.999954104 -0.000003674 -1.811979413 -0.002943682 -0.000024534 0.999995649 66.729858398
0.999952495 0.009279219 0.002983138 1.267301321 -0.009279481 0.999956906 0.000074345 -1.833163261 -0.002982320 -0.000102024 0.999995530 67.268539429
0.999953091 0.009313636 0.002652395 1.284865856 -0.009312210 0.999956429 -0.000549324 -1.835239172 -0.002657395 0.000524599 0.999996305 67.823844910
0.999963284 0.008002970 0.003056428 1.298093677 -0.008000057 0.999967456 -0.000963889 -1.856816649 -0.003064043 0.000939402 0.999994874 68.367736816
0.999948561 0.009621643 0.003210940 1.305550933 -0.009620948 0.999953628 -0.000232250 -1.880337477 -0.003213026 0.000201346 0.999994755 68.896850586
0.999943852 0.010207443 0.002839879 1.332222939 -0.010207830 0.999947906 0.000121888 -1.911430478 -0.002838487 -0.000150870 0.999995947 69.412734985
0.999937832 0.010727451 0.003048054 1.334172010 -0.010725705 0.999942243 -0.000589007 -1.915377021 -0.003054197 0.000556277 0.999995172 69.973258972
0.999944031 0.010129292 0.003051866 1.344997525 -0.010128092 0.999948621 -0.000408290 -1.930433989 -0.003055845 0.000377358 0.999995291 70.530754089
0.999963284 0.008214510 0.002443993 1.361071229 -0.008212387 0.999965906 -0.000877720 -1.940581679 -0.002451119 0.000857617 0.999996603 71.110328674
0.999959588 0.008561451 0.002731856 1.373584509 -0.008558451 0.999962687 -0.001107222 -1.955904961 -0.002741234 0.001083796 0.999995649 71.666687012
0.999963641 0.007987686 0.002981612 1.386770844 -0.007985082 0.999967873 -0.000883777 -1.975130677 -0.002988575 0.000859937 0.999995172 72.208251953
0.999958515 0.008549941 0.003146584 1.397162676 -0.008547244 0.999963105 -0.000869961 -1.996987700 -0.003153906 0.000843030 0.999994695 72.741897583
0.999959826 0.008344736 0.003281743 1.411603332 -0.008340834 0.999964476 -0.001200505 -2.009339571 -0.003291644 0.001173084 0.999993920 73.287696838
0.999959230 0.008476241 0.003120043 1.425314426 -0.008472093 0.999963224 -0.001340758 -2.023788691 -0.003131293 0.001314270 0.999994218 73.838630676
0.999953747 0.009009530 0.003359503 1.436038852 -0.009004684 0.999958396 -0.001454337 -2.046451807 -0.003372466 0.001424018 0.999993324 74.374679565
0.999958575 0.008400355 0.003483964 1.450444221 -0.008397316 0.999964297 -0.000886348 -2.066389799 -0.003491285 0.000857055 0.999993563 74.914535522
0.999957740 0.008370234 0.003806949 1.466408253 -0.008365444 0.999964178 -0.001272399 -2.082278252 -0.003817463 0.001240498 0.999991953 75.449310303
0.999944508 0.009463230 0.004628567 1.461591959 -0.009455723 0.999953926 -0.001641229 -2.092507601 -0.004643886 0.001597372 0.999987960 76.028900146
0.999952257 0.008962934 0.003878046 1.495540738 -0.008956344 0.999958396 -0.001713611 -2.107838392 -0.003893243 0.001678796 0.999991000 76.571464539
0.999936461 0.009812928 0.005544860 1.467342734 -0.009805308 0.999950945 -0.001399498 -2.131385565 -0.005558321 0.001345040 0.999983668 77.019615173
0.999929368 0.010843527 0.004863793 1.474692822 -0.010836621 0.999940336 -0.001443688 -2.148892641 -0.004879158 0.001390880 0.999987066 77.539688110
0.999941170 0.009565755 0.005110612 1.468140960 -0.009561374 0.999953926 -0.000880926 -2.170042992 -0.005118803 0.000832009 0.999986470 78.016647339
0.999940038 0.009791877 0.004895884 1.485850334 -0.009787002 0.999951541 -0.001018438 -2.183857679 -0.004905619 0.000970461 0.999987483 78.517913818
0.999926090 0.010712895 0.005746024 1.494583488 -0.010705697 0.999941885 -0.001281522 -2.195009232 -0.005759418 0.001219912 0.999982715 79.071914673
0.999943614 0.009385504 0.004967332 1.508572578 -0.009381275 0.999955595 -0.000873987 -2.216855764 -0.004975314 0.000827337 0.999987304 79.610603333
0.999938846 0.009800448 0.005123918 1.529040933 -0.009796331 0.999951661 -0.000828167 -2.232829094 -0.005131787 0.000777921 0.999986529 80.169441223
0.999940455 0.009146926 0.005948741 1.529425859 -0.009141006 0.999957621 -0.001021759 -2.236781836 -0.005957835 0.000967321 0.999981761 80.757698059
0.999918938 0.010320623 0.007458220 1.555075645 -0.010309547 0.999945641 -0.001521977 -2.256894350 -0.007473523 0.001444962 0.999971032 81.284095764
0.999914646 0.010151196 0.008223458 1.561275244 -0.010138015 0.999947250 -0.001642725 -2.275764465 -0.008239700 0.001559215 0.999964833 81.815002441
0.999905109 0.009630659 0.009841832 1.573391676 -0.009610591 0.999951661 -0.002084338 -2.276882410 -0.009861429 0.001989554 0.999949396 82.353355408
0.999861240 0.010449085 0.012975983 1.591932535 -0.010420406 0.999943137 -0.002275973 -2.298410654 -0.012999027 0.002140443 0.999913216 82.914207458
0.999794066 0.010199710 0.017542705 1.610677361 -0.010169560 0.999946654 -0.001807104 -2.316554070 -0.017560201 0.001628331 0.999844491 83.458496094
0.999740422 0.010252417 0.020342961 1.644191504 -0.010214359 0.999945819 -0.001973958 -2.332930088 -0.020362100 0.001765655 0.999791086 83.993537903
0.999655366 0.010284783 0.024152579 1.673672676 -0.010237275 0.999945402 -0.002089953 -2.352342606 -0.024172759 0.001841976 0.999706089 84.525802612
0.999492884 0.010382270 0.030102536 1.706741333 -0.010316174 0.999944031 -0.002350049 -2.365802526 -0.030125247 0.002038314 0.999544024 85.089813232
0.999292254 0.009830663 0.036311876 1.750599504 -0.009750059 0.999949574 -0.002396162 -2.381902695 -0.036333606 0.002040423 0.999337614 85.620208740
0.999040067 0.009992102 0.042648844 1.784089446 -0.009898268 0.999948084 -0.002410711 -2.397373915 -0.042670716 0.001986247 0.999087214 86.180404663
0.998674631 0.009705458 0.050542742 1.842423916 -0.009584795 0.999950528 -0.002629230 -2.412205935 -0.050565749 0.002141304 0.998718441 86.723701477
0.998204947 0.009889767 0.059068363 1.892359972 -0.009714269 0.999947488 -0.003257439 -2.423633814 -0.059097473 0.002677785 0.998248756 87.280395508
0.997789145 0.009173702 0.065822981 1.951503515 -0.008980170 0.999954402 -0.003235521 -2.434049129 -0.065849669 0.002637266 0.997826040 87.836708069
0.997129381 0.009760275 0.075085185 2.007189751 -0.009549719 0.999949336 -0.003162732 -2.460766792 -0.075112253 0.002436610 0.997172117 88.365348816
0.996321738 0.009261828 0.085190699 2.077679157 -0.009005936 0.999953687 -0.003387623 -2.482265949 -0.085218132 0.002607940 0.996359050 88.880104065
0.995539427 0.009190582 0.093898013 2.144412518 -0.008892316 0.999953985 -0.003594405 -2.497425079 -0.093926728 0.002743401 0.995575309 89.419952393
0.994844735 0.008450007 0.101056308 2.216281891 -0.008075071 0.999958813 -0.004118653 -2.508507729 -0.101086967 0.003281384 0.994872153 90.013732910
0.993748367 0.008249932 0.111337528 2.297216892 -0.007854642 0.999961197 -0.003988544 -2.529020548 -0.111366123 0.003089093 0.993774652 90.514251709
0.992523968 0.008529326 0.121751375 2.389707565 -0.008117890 0.999959469 -0.003874942 -2.548163652 -0.121779487 0.002857609 0.992553055 91.060836792
0.991397679 0.007378245 0.130676150 2.488573074 -0.006916220 0.999968112 -0.003989143 -2.570878506 -0.130701408 0.003051042 0.991417110 91.587615967
0.989764452 0.008016973 0.142485306 2.587425232 -0.007539939 0.999963999 -0.003887566 -2.585645437 -0.142511368 0.002773444 0.989789307 92.139358521
0.987894118 0.007579939 0.154944509 2.698647499 -0.007001673 0.999966323 -0.004277486 -2.608803511 -0.154971734 0.003140832 0.987913847 92.683387756
0.986174524 0.007223899 0.165552795 2.807983398 -0.006610023 0.999969065 -0.004258703 -2.626434803 -0.165578455 0.003105516 0.986191750 93.226371765
0.984366596 0.007067105 0.175990120 2.937841415 -0.006463419 0.999971032 -0.004003221 -2.647213936 -0.176013306 0.002803139 0.984383941 93.799224854
0.982008874 0.006555080 0.188720971 3.068891525 -0.005873687 0.999974012 -0.004169635 -2.667901516 -0.188743368 0.002986131 0.982022047 94.334777832
0.979636192 0.005723421 0.200699091 3.212655067 -0.004981330 0.999978721 -0.004202355 -2.685757875 -0.200718850 0.003117030 0.979643941 94.889343262
0.977535665 0.004998371 0.210711375 3.344581604 -0.004192065 0.999981999 -0.004273089 -2.707579136 -0.210728988 0.003293780 0.977539003 95.410018921
0.974617898 0.004970249 0.223819911 3.491971970 -0.004055246 0.999981344 -0.004547590 -2.724664927 -0.223838359 0.003524517 0.974619925 95.945541382
0.971365869 0.005645686 0.237521425 3.639438629 -0.004760068 0.999979436 -0.004301941 -2.746240139 -0.237540796 0.003048141 0.971372783 96.478698730
0.968600392 0.005645823 0.248558477 3.794990540 -0.004753161 0.999979973 -0.004191351 -2.763118267 -0.248577148 0.002878306 0.968607843 97.002067566
0.965916514 0.004016352 0.258822650 3.967437744 -0.003143659 0.999987900 -0.003785576 -2.790260792 -0.258834720 0.002842901 0.965917468 97.508979797
0.962127030 0.004598504 0.272562653 4.134143829 -0.003671016 0.999985635 -0.003912686 -2.806220055 -0.272576720 0.002763919 0.962130070 98.027832031
0.958451033 0.004329382 0.285224319 4.308790207 -0.003293018 0.999986112 -0.004112992 -2.827281713 -0.285238177 0.003002853 0.958451986 98.537269592
0.955027044 0.003729797 0.296495199 4.492141724 -0.002583797 0.999987602 -0.004256919 -2.844112873 -0.296507418 0.003299390 0.955024838 99.050971985
0.950678349 0.003480418 0.310158849 4.687116623 -0.002340150 0.999989092 -0.004048402 -2.860975981 -0.310169548 0.003122910 0.950676143 99.558959961
0.946126878 0.002375794 0.323787838 4.892860413 -0.001115586 0.999991059 -0.004077627 -2.878820896 -0.323794663 0.003496739 0.946120918 100.063476562
0.942074597 0.002211746 0.335396230 5.100814819 -0.000743861 0.999989569 -0.004504967 -2.891435623 -0.335402638 0.003994527 0.942066371 100.580505371
0.937311828 0.002173864 0.348485112 5.308090210 -0.000799081 0.999991298 -0.004088722 -2.916633368 -0.348490924 0.003553940 0.937305391 101.085060120
0.931854904 0.002127169 0.362825155 5.527439117 -0.000934190 0.999993503 -0.003463453 -2.936800003 -0.362830192 0.002888489 0.931850791 101.585136414
0.927111804 0.001732061 0.374780864 5.759088516 -0.000356975 0.999992967 -0.003738429 -2.952430248 -0.374784678 0.003332155 0.927105844 102.102020264
0.922293007 0.000757149 0.386490703 5.980850220 0.000812526 0.999992073 -0.003897973 -2.981399536 -0.386490583 0.003909107 0.922285080 102.576614380
0.916226327 0.000915039 0.400660157 6.221031189 0.000779539 0.999991417 -0.004066454 -2.996940851 -0.400660396 0.004038122 0.916217804 103.069694519
0.910316408 0.000404677 0.413912773 6.483634949 0.001197860 0.999992788 -0.003612129 -3.019022226 -0.413911343 0.003783989 0.910309374 103.596343994
0.905370951 0.000411712 0.424621105 6.736392975 0.001143738 0.999993563 -0.003408254 -3.035919905 -0.424619734 0.003571390 0.905364752 104.080162048
0.899310887 -0.000328436 0.437310040 6.995349884 0.002103354 0.999991357 -0.003574434 -3.055759430 -0.437305123 0.004134344 0.899303734 104.574020386
0.892524600 0.000294136 0.450998694 7.264141083 0.001399842 0.999993145 -0.003422465 -3.068595171 -0.450996667 0.003685961 0.892518044 105.058746338
0.886234581 -0.000571136 0.463236392 7.542221069 0.002604158 0.999989569 -0.003749198 -3.091546774 -0.463229418 0.004529009 0.886226952 105.560020447
0.880345166 -0.001187549 0.474332154 7.820636749 0.003182970 0.999989092 -0.003403894 -3.107573748 -0.474322945 0.004506386 0.880339444 106.028427124
0.872496307 -0.001005987 0.488619894 8.116966248 0.002779347 0.999991894 -0.002904078 -3.135193110 -0.488613158 0.003891841 0.872491896 106.534103394
