1.000000000 0.000000000 0.000000000 0.000000000 0.000000000 1.000000000 0.000000000 0.000000000 0.000000000 0.000000000 1.000000000 0.000000000
1.000000000 0.000115009 0.000039961 -0.001492641 -0.000115007 1.000000000 -0.000049723 0.001481978 -0.000039967 0.000049718 1.000000000 0.003454603
1.000000000 0.000117111 0.000021933 -0.000156821 -0.000117111 1.000000000 0.000006387 0.000553709 -0.000021933 -0.000006389 1.000000000 0.003677560
0.999999940 0.000268364 0.000120701 -0.002274784 -0.000268366 0.999999940 0.000014653 0.000614756 -0.000120697 -0.000014685 1.000000000 -0.002594036
1.000000000 0.000129836 0.000043969 -0.000245134 -0.000129835 1.000000000 -0.000025164 0.000654073 -0.000043972 0.000025158 1.000000000 -0.001725499
1.000000000 0.000048071 -0.000003681 -0.000243137 -0.000048071 1.000000000 0.000048157 0.000637103 0.000003684 -0.000048157 1.000000000 0.000293391
1.000000000 0.000011867 0.000043585 -0.001970108 -0.000011865 1.000000000 -0.000030866 0.000889364 -0.000043585 0.000030866 1.000000000 0.000699463
1.000000000 0.000020978 0.000047420 -0.000191966 -0.000020981 1.000000000 0.000060370 0.000683320 -0.000047419 -0.000060371 1.000000000 -0.000090431
1.000000000 -0.000036817 0.000069065 -0.001654255 0.000036817 1.000000000 -0.000002204 0.000827221 -0.000069065 0.000002206 1.000000000 0.002460758
1.000000000 0.000165332 0.000107249 -0.000845319 -0.000165329 1.000000000 -0.000024402 0.000414945 -0.000107253 0.000024385 1.000000000 -0.001621443
1.000000000 0.000153938 0.000099513 -0.000461072 -0.000153944 1.000000000 0.000051059 0.000277563 -0.000099505 -0.000051075 1.000000000 -0.001000867
1.000000000 0.000022637 0.000046227 -0.001705946 -0.000022635 1.000000000 -0.000045426 0.000930875 -0.000046228 0.000045425 1.000000000 -0.002518612
1.000000000 0.000144484 0.000169095 -0.004174250 -0.000144487 1.000000000 0.000021242 0.001297367 -0.000169092 -0.000021266 1.000000000 -0.003931256
1.000000000 -0.000092567 0.000071838 -0.000851580 0.000092564 1.000000000 0.000032210 -0.000446928 -0.000071841 -0.000032203 1.000000000 0.000054212
1.000000000 0.000070773 0.000064935 -0.000190148 -0.000070772 1.000000000 -0.000020841 0.000815390 -0.000064936 0.000020837 1.000000000 -0.001844882
1.000000000 -0.000004852 0.000038734 -0.000048950 0.000004851 1.000000000 0.000023870 0.000715973 -0.000038734 -0.000023870 1.000000000 -0.003139000
1.000000000 -0.000064603 0.000042677 -0.001746433 0.000064602 1.000000000 0.000030182 0.000259578 -0.000042679 -0.000030179 1.000000000 -0.002317154
1.000000000 0.000057776 0.000123184 -0.001651439 -0.000057783 1.000000000 0.000063311 -0.000907482 -0.000123181 -0.000063318 1.000000000 -0.004120267
1.000000000 0.000110036 0.000066785 -0.000174287 -0.000110039 1.000000000 0.000055890 0.001225499 -0.000066778 -0.000055897 1.000000000 -0.004538449
1.000000000 -0.000111483 -0.000008981 -0.000602471 0.000111483 1.000000000 0.000008335 0.000557976 0.000008980 -0.000008336 1.000000000 -0.005786807
1.000000000 0.000066033 0.000062309 -0.000495162 -0.000066033 1.000000000 0.000012587 0.000279973 -0.000062308 -0.000012592 1.000000000 -0.006700155
1.000000000 -0.000059287 0.000018333 -0.000251628 0.000059286 1.000000000 0.000033753 -0.001283348 -0.000018335 -0.000033752 1.000000000 -0.004283311
1.000000000 0.000093750 0.000150238 -0.005403704 -0.000093735 1.000000000 -0.000100497 0.002405676 -0.000150248 0.000100483 1.000000000 0.004300398
1.000000000 0.000011828 0.000042184 0.000314977 -0.000011830 1.000000000 0.000034568 -0.000376532 -0.000042184 -0.000034569 1.000000000 -0.000882309
1.000000000 -0.000059338 0.000076847 -0.001959474 0.000059338 1.000000000 0.000008744 0.000996094 -0.000076847 -0.000008739 1.000000000 0.000373667
1.000000000 -0.000038120 -0.000011271 0.000733161 0.000038121 1.000000000 0.000000951 0.000833218 0.000011271 -0.000000951 1.000000000 -0.003501800
1.000000000 -0.000111555 0.000089240 -0.002662824 0.000111559 1.000000000 -0.000046366 0.002092041 -0.000089235 0.000046376 1.000000000 0.000763236
1.000000000 0.000131977 0.000142648 -0.004292374 -0.000131968 1.000000000 -0.000056355 0.002046425 -0.000142655 0.000056336 1.000000000 0.000009720
1.000000000 -0.000082112 0.000065216 -0.001900576 0.000082107 1.000000000 0.000071795 0.000129319 -0.000065222 -0.000071790 1.000000000 -0.000057583
1.000000000 -0.000046777 0.000077212 -0.004253118 0.000046783 1.000000000 -0.000086252 0.004207654 -0.000077208 0.000086256 1.000000000 0.002571617
1.000000000 -0.000023784 0.000016819 -0.001688417 0.000023785 1.000000000 -0.000030135 0.000851932 -0.000016819 0.000030135 1.000000000 0.001875280
1.000000000 -0.000056933 0.000079609 -0.003359418 0.000056929 1.000000000 0.000048833 0.000645212 -0.000079612 -0.000048828 1.000000000 0.003156593
1.000000000 -0.000123343 0.000038589 -0.002838533 0.000123344 1.000000000 -0.000016809 0.000882380 -0.000038587 0.000016813 1.000000000 -0.000589998
1.000000000 -0.000026475 0.000019127 -0.000644402 0.000026475 1.000000000 0.000033384 -0.000755684 -0.000019128 -0.000033383 1.000000000 -0.002059702
0.999999940 0.000205027 0.000165705 -0.004054259 -0.000205022 1.000000000 -0.000029957 0.000935576 -0.000165712 0.000029923 1.000000000 0.000590106
1.000000000 0.000003051 0.000038796 -0.000898119 -0.000003053 1.000000000 0.000032270 0.000437003 -0.000038796 -0.000032270 1.000000000 -0.001395459
1.000000000 0.000031604 0.000044987 -0.002335035 -0.000031603 1.000000000 -0.000006802 0.001417822 -0.000044987 0.000006800 1.000000000 -0.002489783
1.000000000 -0.000075682 0.000052538 -0.000872792 0.000075687 1.000000000 -0.000083993 0.001208539 -0.000052531 0.000083997 1.000000000 -0.002717225
1.000000000 -0.000052565 0.000118533 -0.003410604 0.000052567 1.000000000 -0.000019321 0.000925319 -0.000118532 0.000019328 1.000000000 0.000959456
1.000000000 -0.000076150 -0.000023598 -0.000214594 0.000076151 1.000000000 0.000013728 0.000289550 0.000023597 -0.000013729 1.000000000 -0.002150320
1.000000000 -0.000201841 -0.000034476 0.001135711 0.000201843 1.000000000 0.000035425 -0.000847413 0.000034469 -0.000035432 1.000000000 -0.000851212
1.000000000 0.000006383 0.000100160 0.002518389 -0.000006339 0.999999881 -0.000439375 -0.005842602 -0.000100162 0.000439375 0.999999881 0.048224907
1.000000000 -0.000040320 0.000096247 0.002970792 0.000040437 0.999999285 -0.001212499 -0.002933556 -0.000096198 0.001212502 0.999999285 0.147024721
1.000000000 -0.000057762 -0.000009355 0.005810894 0.000057748 0.999998987 -0.001412697 -0.010611179 0.000009436 0.001412697 0.999998987 0.260783195
1.000000000 0.000054435 0.000150553 0.003991319 -0.000054239 0.999999166 -0.001302797 -0.015232192 -0.000150624 0.001302789 0.999999166 0.391107172
1.000000000 0.000143434 0.000062718 0.006473039 -0.000143374 0.999999523 -0.000962626 -0.023635456 -0.000062856 0.000962617 0.999999523 0.533254564
1.000000000 0.000134846 0.000040196 0.007586662 -0.000134815 0.999999702 -0.000772363 -0.031719584 -0.000040300 0.000772358 0.999999702 0.684445441
1.000000000 0.000034264 0.000063869 0.011962690 -0.000034229 0.999999881 -0.000540774 -0.037722334 -0.000063888 0.000540772 0.999999881 0.857682705
1.000000000 -0.000019668 -0.000113793 0.019771142 0.000019610 0.999999881 -0.000511573 -0.037332427 0.000113803 0.000511570 0.999999881 1.027156830
0.999999940 0.000309619 0.000242649 0.016076172 -0.000309472 0.999999702 -0.000604902 -0.038292259 -0.000242836 0.000604827 0.999999702 1.198629856
1.000000000 -0.000240232 -0.000156275 0.032740183 0.000240179 0.999999881 -0.000339708 -0.047879629 0.000156357 0.000339670 0.999999881 1.388225675
0.999999762 0.000651468 0.000191837 0.027422711 -0.000651482 0.999999762 0.000072843 -0.057009839 -0.000191790 -0.000072968 1.000000000 1.567995787
0.999999523 0.000815940 0.000530876 0.021945072 -0.000815888 0.999999642 -0.000098242 -0.056920290 -0.000530956 0.000097809 0.999999881 1.772933483
0.999999881 0.000551475 0.000374018 0.029912006 -0.000551644 0.999999762 0.000452932 -0.067138165 -0.000373768 -0.000453138 0.999999821 1.970219374
0.999999821 0.000438275 0.000443355 0.031248501 -0.000438372 0.999999940 0.000218767 -0.071069114 -0.000443259 -0.000218961 0.999999821 2.190813303
0.999999642 0.000537157 0.000517136 0.034909591 -0.000537651 0.999999404 0.000956932 -0.087759688 -0.000516622 -0.000957209 0.999999344 2.392184258
0.999999642 0.000663837 0.000486609 0.040472124 -0.000664408 0.999999166 0.001174185 -0.096967116 -0.000485829 -0.001174508 0.999999166 2.620980501
0.999999523 0.000742107 0.000635747 0.042985156 -0.000742569 0.999999464 0.000725606 -0.097059667 -0.000635208 -0.000726078 0.999999523 2.848699093
0.999999523 0.000716229 0.000623914 0.052469607 -0.000716781 0.999999344 0.000883723 -0.104163222 -0.000623281 -0.000884170 0.999999404 3.083534241
0.999999583 0.000636636 0.000550778 0.056026693 -0.000637121 0.999999404 0.000879763 -0.109667622 -0.000550217 -0.000880113 0.999999404 3.323261261
0.999999642 0.000758291 0.000434283 0.062476464 -0.000758667 0.999999344 0.000866661 -0.117098622 -0.000433626 -0.000866991 0.999999464 3.573648214
0.999999762 0.000476802 0.000495475 0.068275958 -0.000477309 0.999999344 0.001022333 -0.124598190 -0.000494987 -0.001022569 0.999999344 3.828839064
0.999999881 0.000247113 0.000381988 0.075895593 -0.000247511 0.999999523 0.001040171 -0.133297876 -0.000381730 -0.001040266 0.999999404 4.084442139
0.999999583 0.000720384 0.000480365 0.075220779 -0.000720971 0.999998987 0.001222149 -0.141810045 -0.000479484 -0.001222495 0.999999106 4.336716175
0.999999583 0.000771393 0.000541051 0.083091520 -0.000772140 0.999998748 0.001381704 -0.148947641 -0.000539984 -0.001382121 0.999998927 4.592126846
0.999999464 0.000533857 0.000784914 0.090390675 -0.000534944 0.999998868 0.001385945 -0.158207342 -0.000784173 -0.001386365 0.999998689 4.854606628
0.999999642 0.000443817 0.000671177 0.090994164 -0.000444698 0.999999046 0.001313004 -0.167587370 -0.000670593 -0.001313302 0.999998868 5.110727310
0.999999523 0.000607497 0.000683980 0.096661396 -0.000608484 0.999998689 0.001442716 -0.173521236 -0.000683103 -0.001443131 0.999998748 5.374575138
0.999999106 0.000838912 0.001052548 0.099510118 -0.000840556 0.999998391 0.001562337 -0.183724970 -0.001051236 -0.001563220 0.999998271 5.629603863
0.999999821 0.000375930 0.000464231 0.112248406 -0.000376674 0.999998629 0.001603970 -0.191780940 -0.000463627 -0.001604145 0.999998569 5.915194988
0.999999881 0.000106140 0.000527246 0.118473813 -0.000107101 0.999998331 0.001823638 -0.207488358 -0.000527051 -0.001823694 0.999998271 6.172197819
0.999999404 0.000501923 0.000934930 0.116959408 -0.000503567 0.999998331 0.001758764 -0.209496170 -0.000934046 -0.001759234 0.999997973 6.466471672
0.999999464 0.000718334 0.000748269 0.120729834 -0.000719553 0.999998391 0.001630557 -0.219921917 -0.000747096 -0.001631094 0.999998391 6.762972832
0.999999702 -0.000146307 0.000736968 0.132826433 0.000145038 0.999998450 0.001722305 -0.230826065 -0.000737219 -0.001722198 0.999998271 7.049719810
0.999999583 0.000673156 0.000615765 0.137649462 -0.000674348 0.999997914 0.001938022 -0.244888127 -0.000614459 -0.001938437 0.999997914 7.347226143
0.999999821 0.000510960 0.000396125 0.152416617 -0.000511778 0.999997735 0.002068741 -0.260481894 -0.000395067 -0.002068943 0.999997795 7.641570091
0.999999821 0.000275403 0.000570621 0.159895048 -0.000276493 0.999998093 0.001910309 -0.266089708 -0.000570094 -0.001910466 0.999997973 7.981553078
0.999999821 0.000582279 0.000489089 0.171073794 -0.000583214 0.999998033 0.001912900 -0.277600169 -0.000487974 -0.001913185 0.999998093 8.289949417
0.999999344 0.000741876 0.000777636 0.167862535 -0.000743444 0.999997616 0.002017592 -0.284283131 -0.000776137 -0.002018169 0.999997675 8.627661705
0.999999464 0.000382837 0.000910144 0.168095514 -0.000384696 0.999997735 0.002043469 -0.288996577 -0.000909359 -0.002043818 0.999997437 8.966921806
0.999999225 0.000512210 0.001105618 0.171306252 -0.000514285 0.999998093 0.001877174 -0.294824153 -0.001104655 -0.001877740 0.999997556 9.317706108
0.999999285 0.000588225 0.001037016 0.179883048 -0.000590448 0.999997616 0.002144872 -0.306872755 -0.001035752 -0.002145483 0.999997139 9.631410599
0.999999583 0.000296445 0.000829025 0.195861444 -0.000298062 0.999997973 0.001950598 -0.322372079 -0.000828445 -0.001950845 0.999997735 9.962882042
0.999998927 0.000689978 0.001266963 0.199198663 -0.000692323 0.999998033 0.001850797 -0.333804667 -0.001265684 -0.001851673 0.999997437 10.325137138
0.999999762 0.000232405 0.000671035 0.211486161 -0.000233832 0.999997735 0.002127394 -0.341496438 -0.000670540 -0.002127550 0.999997497 10.692102432
0.999999642 0.000001025 0.000911106 0.217738762 -0.000003020 0.999997616 0.002189490 -0.354377061 -0.000911101 -0.002189492 0.999997199 11.075663567
0.999999702 0.000238397 0.000660739 0.233389348 -0.000240012 0.999997079 0.002444963 -0.371534795 -0.000660154 -0.002445121 0.999996781 11.420607567
0.999999702 0.000382011 0.000585790 0.241295502 -0.000383444 0.999996901 0.002449049 -0.377356529 -0.000584853 -0.002449273 0.999996841 11.800083160
0.999999166 0.000585872 0.001151549 0.241733328 -0.000589192 0.999995649 0.002885142 -0.395863444 -0.001149853 -0.002885818 0.999995172 12.164247513
0.999999583 0.000181288 0.000925491 0.250427365 -0.000183952 0.999995828 0.002879963 -0.410662144 -0.000924965 -0.002880132 0.999995410 12.555087090
0.999999583 -0.000036415 0.000920860 0.265068650 0.000033854 0.999996126 0.002780666 -0.415730864 -0.000920957 -0.002780633 0.999995768 12.936834335
0.999999702 0.000253111 0.000614833 0.278986037 -0.000254965 0.999995351 0.003017078 -0.433332503 -0.000614067 -0.003017234 0.999995291 13.311738014
0.999998748 0.000966763 0.001231560 0.285114825 -0.000971293 0.999992669 0.003683303 -0.456649244 -0.001227990 -0.003684495 0.999992490 13.699691772
0.999999344 0.000223810 0.001112498 0.293223709 -0.000227682 0.999993920 0.003481514 -0.467301160 -0.001111711 -0.003481765 0.999993324 14.142599106
0.999999464 0.000144714 0.000994655 0.309119672 -0.000147883 0.999994934 0.003185855 -0.482659012 -0.000994188 -0.003186001 0.999994457 14.558759689
0.999999464 -0.000240592 0.000996594 0.320874423 0.000237362 0.999994695 0.003239218 -0.493338972 -0.000997368 -0.003238979 0.999994278 14.967097282
0.999999225 -0.000849475 0.000888284 0.333750874 0.000846609 0.999994397 0.003222263 -0.503526330 -0.000891016 -0.003221509 0.999994457 15.407788277
0.999998450 0.000000361 0.001755110 0.339687973 -0.000006284 0.999994278 0.003375340 -0.519477487 -0.001755099 -0.003375345 0.999992788 15.855894089
0.999998868 -0.000466338 0.001452565 0.355405211 0.000461074 0.999993324 0.003622061 -0.533191681 -0.001454244 -0.003621387 0.999992371 16.297357559
0.999998391 -0.000726573 0.001633944 0.364664972 0.000720490 0.999992788 0.003720766 -0.552441299 -0.001636636 -0.003719583 0.999991775 16.716693878
0.999995708 0.000340603 0.002888279 0.368732482 -0.000352430 0.999991477 0.004095605 -0.582487881 -0.002886859 -0.004096606 0.999987364 17.178703308
0.999993980 0.001043172 0.003301366 0.377824008 -0.001056692 0.999991000 0.004096146 -0.593624055 -0.003297064 -0.004099610 0.999986112 17.634574890
0.999994993 -0.000074891 0.003159933 0.382026762 0.000060089 0.999989033 0.004684008 -0.613464773 -0.003160249 -0.004683795 0.999984026 18.069484711
0.999993443 0.000003914 0.003626860 0.392757297 -0.000021407 0.999988377 0.004822991 -0.620967269 -0.003626799 -0.004823037 0.999981761 18.539016724
0.999992430 0.000142903 0.003869521 0.405139506 -0.000161321 0.999988616 0.004759996 -0.637596786 -0.003868797 -0.004760584 0.999981105 18.997970581
0.999993801 -0.000517346 0.003454671 0.429241687 0.000500450 0.999987960 0.004889775 -0.659797966 -0.003457159 -0.004888017 0.999982059 19.449073792
0.999992907 0.000078304 0.003742818 0.433097273 -0.000095710 0.999989152 0.004650619 -0.656042814 -0.003742414 -0.004650946 0.999982178 19.943534851
0.999994934 -0.000581972 0.003099972 0.450326711 0.000567993 0.999989629 0.004508432 -0.674803317 -0.003102564 -0.004506649 0.999984980 20.418079376
0.999994099 -0.000557737 0.003391298 0.461149991 0.000540975 0.999987662 0.004941528 -0.689125896 -0.003394012 -0.004939665 0.999982059 20.891103745
0.999996006 -0.000362889 0.002803811 0.465176016 0.000349370 0.999988317 0.004820591 -0.694502294 -0.002805528 -0.004819592 0.999984443 21.407497406
0.999997675 -0.000854474 0.001962957 0.496726215 0.000844885 0.999987721 0.004880894 -0.713389397 -0.001967103 -0.004879225 0.999986112 21.891582489
0.999997199 -0.000926134 0.002183096 0.500528693 0.000913527 0.999982953 0.005768853 -0.743223548 -0.002188401 -0.005766843 0.999980986 22.434196472
0.999998033 -0.000864558 0.001805517 0.500257015 0.000853842 0.999982119 0.005927047 -0.763148308 -0.001810610 -0.005925495 0.999980867 22.936944962
0.999999046 -0.001368209 0.000260626 0.524734557 0.001366772 0.999984264 0.005436704 -0.764608562 -0.000268061 -0.005436342 0.999985099 23.463785172
0.999997556 -0.002164358 -0.000365892 0.536709607 0.002166183 0.999984860 0.005063220 -0.775326431 0.000354927 -0.005064000 0.999987125 23.972787857
0.999999285 -0.001015016 -0.000602855 0.545322597 0.001018140 0.999985933 0.005203780 -0.786074519 0.000597565 -0.005204391 0.999986291 24.487854004
0.999998689 -0.000836625 -0.001386701 0.557501554 0.000844143 0.999984920 0.005429790 -0.798153162 0.001382138 -0.005430955 0.999984324 25.018234253
0.999997318 -0.001067074 -0.002067938 0.564696550 0.001077777 0.999985993 0.005181710 -0.810140669 0.002062380 -0.005183925 0.999984384 25.546686172
0.999996841 -0.000926634 -0.002339934 0.570445418 0.000939417 0.999984741 0.005467867 -0.824076235 0.002334832 -0.005470048 0.999982297 26.089778900
0.999995351 -0.001316171 -0.002756375 0.587995827 0.001332670 0.999981165 0.005992424 -0.837269545 0.002748436 -0.005996069 0.999978185 26.646406174
0.999993920 -0.001679415 -0.003062475 0.594477832 0.001698027 0.999980032 0.006085214 -0.853494167 0.003052194 -0.006090377 0.999976754 27.178609848
0.999993205 -0.001090298 -0.003525512 0.610700130 0.001111745 0.999980807 0.006087115 -0.870747924 0.003518807 -0.006090994 0.999975204 27.704925537
0.999990702 -0.001293795 -0.004105186 0.616494238 0.001318884 0.999980450 0.006114794 -0.883209407 0.004097193 -0.006120150 0.999972880 28.244186401
0.999987841 -0.001379642 -0.004735648 0.631914496 0.001408289 0.999980688 0.006051208 -0.889865160 0.004727208 -0.006057804 0.999970496 28.777982712
0.999986291 -0.001582487 -0.005005167 0.640332580 0.001611987 0.999981284 0.005895311 -0.902052402 0.004995744 -0.005903299 0.999970138 29.322643280
0.999984801 -0.001426224 -0.005311547 0.645009041 0.001460089 0.999978721 0.006377390 -0.918783903 0.005302338 -0.006385049 0.999965549 29.843566895
0.999984682 -0.001038007 -0.005439305 0.654330671 0.001072317 0.999979496 0.006308665 -0.932297230 0.005432644 -0.006314401 0.999965310 30.388731003
0.999984622 -0.001043445 -0.005444980 0.664806902 0.001078233 0.999979019 0.006390031 -0.942254663 0.005438197 -0.006395804 0.999964774 30.927366257
0.999983668 -0.000304545 -0.005707298 0.673078537 0.000341213 0.999979317 0.006424791 -0.959485888 0.005705222 -0.006426633 0.999963045 31.455724716
0.999982715 -0.000344991 -0.005861923 0.684491634 0.000380039 0.999982059 0.005978900 -0.968436420 0.005859755 -0.005981025 0.999964893 32.002964020
0.999981165 -0.000678910 -0.006102035 0.680253088 0.000716564 0.999980688 0.006170782 -0.973267615 0.006097727 -0.006175038 0.999962330 32.525863647
0.999985039 0.000386161 -0.005455935 0.680088580 -0.000352674 0.999981105 0.006137312 -0.984406650 0.005458202 -0.006135297 0.999966204 33.080513000
0.999977827 -0.001134820 -0.006559826 0.682353854 0.001176883 0.999978840 0.006411935 -1.010167718 0.006552410 -0.006419514 0.999957919 33.609375000
0.999978304 -0.000242055 -0.006578447 0.683399558 0.000284099 0.999979556 0.006391048 -1.028989553 0.006576765 -0.006392778 0.999957919 34.151363373
0.999978304 -0.000788747 -0.006552381 0.682563245 0.000830591 0.999979258 0.006385864 -1.030527592 0.006547209 -0.006391166 0.999958158 34.658897400
0.999977052 -0.000228818 -0.006774886 0.703032017 0.000268903 0.999982417 0.005916276 -1.033376098 0.006773414 -0.005917961 0.999959528 35.197109222
0.999974608 -0.000644777 -0.007085714 0.718460739 0.000689220 0.999980032 0.006271563 -1.053333402 0.007081529 -0.006276288 0.999955177 35.728397369
0.999980509 -0.000038210 -0.006247248 0.705088556 0.000079663 0.999978065 0.006635254 -1.071127653 0.006246857 -0.006635622 0.999958456 36.264720917
0.999980807 0.000013759 -0.006201543 0.686442494 0.000025000 0.999980450 0.006249733 -1.082893252 0.006201509 -0.006249766 0.999961257 36.767963409
0.999980032 0.000494254 -0.006300210 0.690193892 -0.000455130 0.999980628 0.006209866 -1.103435755 0.006303157 -0.006206874 0.999960840 37.303714752
0.999979019 0.000601313 -0.006444998 0.715894103 -0.000563079 0.999982238 0.005932593 -1.082642317 0.006448452 -0.005928840 0.999961615 37.829242706
0.999971211 -0.000137519 -0.007586538 0.740238130 0.000183243 0.999981821 0.006026699 -1.111176610 0.007585571 -0.006027916 0.999953032 38.327507019
0.999970198 -0.000624147 -0.007696400 0.716326118 0.000669396 0.999982476 0.005878000 -1.107129097 0.007692597 -0.005882977 0.999953032 38.793312073
0.999962926 -0.001184297 -0.008519980 0.694067955 0.001234143 0.999982059 0.005847604 -1.129896164 0.008512903 -0.005857903 0.999946594 39.301025391
0.999963284 -0.001114521 -0.008486380 0.785659671 0.001168946 0.999978721 0.006411030 -1.171953678 0.008479054 -0.006420716 0.999943435 39.985992432
0.999959826 -0.001330195 -0.008866067 0.806629717 0.001386624 0.999978781 0.006361458 -1.186478615 0.008857417 -0.006373496 0.999940455 40.533153534
0.999963105 -0.000923348 -0.008536519 0.802199125 0.000980029 0.999977410 0.006637990 -1.200727701 0.008530200 -0.006646111 0.999941528 41.058849335
0.999962270 -0.000695256 -0.008661550 0.812763393 0.000752386 0.999977946 0.006594361 -1.210567594 0.008656773 -0.006600630 0.999940753 41.600906372
0.999960363 -0.001301924 -0.008809357 0.826172471 0.001364497 0.999973834 0.007100681 -1.230219364 0.008799882 -0.007112421 0.999935925 42.135814667
0.999958932 -0.001369969 -0.008958861 0.836301804 0.001435581 0.999972165 0.007321333 -1.249813557 0.008948579 -0.007333893 0.999933064 42.667785645
0.999963284 -0.000919621 -0.008518874 0.833871305 0.000977988 0.999976039 0.006849903 -1.254305363 0.008512371 -0.006857984 0.999940276 43.202159882
0.999963343 -0.000950275 -0.008511646 0.839492440 0.001010913 0.999974132 0.007122711 -1.270004034 0.008504658 -0.007131054 0.999938369 43.722862244
0.999963939 -0.001113896 -0.008413813 0.845721245 0.001173698 0.999974072 0.007105978 -1.281628728 0.008405678 -0.007115597 0.999939382 44.254531860
0.999963284 -0.001071340 -0.008493034 0.854758501 0.001130702 0.999974966 0.006987905 -1.294951439 0.008485335 -0.006997251 0.999939442 44.787734985
0.999961555 -0.001338819 -0.008667503 0.863444209 0.001401519 0.999972880 0.007231967 -1.307609797 0.008657587 -0.007243836 0.999936283 45.323360443
0.999963880 -0.000409234 -0.008493013 0.865398109 0.000465611 0.999977887 0.006637114 -1.320396423 0.008490110 -0.006640828 0.999941826 45.864643097
0.999967337 0.000229511 -0.008078477 0.864281118 -0.000173794 0.999976218 0.006897115 -1.337618351 0.008079870 -0.006895486 0.999943554 46.435108185
0.999966145 -0.000063863 -0.008229368 0.862918258 0.000120688 0.999976099 0.006904743 -1.346048832 0.008228732 -0.006905503 0.999942243 46.919532776
0.999961734 0.000138843 -0.008759431 0.888282120 -0.000084293 0.999980628 0.006227641 -1.346728683 0.008760126 -0.006226664 0.999942243 47.521453857
0.999964058 -0.000643133 -0.008453331 0.883529544 0.000702987 0.999974668 0.007079502 -1.373824596 0.008448565 -0.007085191 0.999939203 47.969429016
0.999961793 -0.000289856 -0.008739113 0.898066759 0.000354052 0.999972880 0.007345103 -1.395433187 0.008736749 -0.007347916 0.999934852 48.490921021
0.999965250 0.000348314 -0.008330078 0.906829238 -0.000287544 0.999973357 0.007295312 -1.405286551 0.008332398 -0.007292662 0.999938607 49.022865295
0.999966085 0.000445653 -0.008226170 0.910150051 -0.000385903 0.999973536 0.007263578 -1.411574602 0.008229190 -0.007260157 0.999939799 49.550125122
0.999965727 0.000469965 -0.008262575 0.911131740 -0.000409472 0.999973059 0.007321540 -1.425759554 0.008265791 -0.007317906 0.999939084 50.074024200
0.999966145 0.000636229 -0.008196672 0.917722583 -0.000576054 0.999972880 0.007341684 -1.437823892 0.008201120 -0.007336714 0.999939442 50.603401184
0.999967277 0.000806134 -0.008039544 0.923564196 -0.000747160 0.999972761 0.007335879 -1.447873712 0.008045238 -0.007329633 0.999940693 51.137722015
0.999966800 0.001381296 -0.008025482 0.927970469 -0.001323852 0.999973476 0.007158628 -1.457574844 0.008035159 -0.007147766 0.999942124 51.670108795
0.999969304 0.001330942 -0.007714902 0.927400708 -0.001271464 0.999969482 0.007709279 -1.477221966 0.007724925 -0.007699233 0.999940515 52.173728943
0.999976277 0.001723619 -0.006661765 0.919663072 -0.001672524 0.999969244 0.007667799 -1.492011189 0.006674776 -0.007656476 0.999948382 52.722038269
0.999970734 0.001147959 -0.007557735 0.950366259 -0.001087894 0.999967813 0.007946799 -1.512425780 0.007566614 -0.007938344 0.999939919 53.244422913
0.999974489 0.001839356 -0.006899548 0.906096876 -0.001780262 0.999961793 0.008561265 -1.535678267 0.006915030 -0.008548764 0.999939501 53.723426819
0.999973357 0.002397764 -0.006888400 0.943858087 -0.002343227 0.999965906 0.007914253 -1.540699720 0.006907143 -0.007897900 0.999944925 54.234848022
0.999968231 0.002303055 -0.007626785 0.973969519 -0.002254380 0.999977112 0.006384536 -1.496206045 0.007641315 -0.006367140 0.999950528 54.931221008
0.999974191 0.003111028 -0.006462933 0.946047843 -0.003060641 0.999964893 0.007791566 -1.571555853 0.006486947 -0.007771584 0.999948740 55.308780670
0.999972105 0.003357058 -0.006668362 0.981805682 -0.003309850 0.999969423 0.007077727 -1.566887736 0.006691919 -0.007055459 0.999952734 55.804176331
0.999971986 0.002515343 -0.007049852 1.003614306 -0.002459514 0.999965668 0.007916608 -1.584764123 0.007069521 -0.007899046 0.999943793 56.264392853
0.999971807 0.003973677 -0.006362299 1.024455070 -0.003928842 0.999967456 0.007043972 -1.575140238 0.006390082 -0.007018778 0.999954939 56.912761688
0.999972463 0.002911007 -0.006818298 1.024330735 -0.002856633 0.999964178 0.007971151 -1.613089919 0.006841258 -0.007951456 0.999944925 57.293136597
0.999972463 0.002885123 -0.006836185 1.039776444 -0.002831783 0.999965549 0.007799440 -1.620028973 0.006858452 -0.007779866 0.999946237 57.819259644
0.999972105 0.003076576 -0.006806567 1.049188852 -0.003025403 0.999967158 0.007515598 -1.631059885 0.006829467 -0.007494795 0.999948621 58.336841583
0.999973178 0.003083322 -0.006637500 1.056783795 -0.003030317 0.999963582 0.007980863 -1.651702762 0.006661865 -0.007960535 0.999946177 58.869934082
0.999972582 0.003335798 -0.006614810 1.069141150 -0.003283439 0.999963343 0.007910571 -1.651614428 0.006640954 -0.007888635 0.999946833 59.387851715
0.999973595 0.003636150 -0.006277772 1.092317104 -0.003585888 0.999961555 0.007999185 -1.676101208 0.006306617 -0.007976462 0.999948323 59.965160370
0.999969840 0.003760675 -0.006806779 1.144049048 -0.003704877 0.999959648 0.008191617 -1.701490283 0.006837311 -0.008166151 0.999943256 60.402511597
0.999964058 0.004401220 -0.007246267 1.185204983 -0.004343365 0.999958694 0.007980724 -1.672321081 0.007281093 -0.007948964 0.999941945 60.849983215
0.999964058 0.003612482 -0.007673575 1.176010728 -0.003554719 0.999965370 0.007527857 -1.666077495 0.007700502 -0.007500308 0.999942243 61.316654205
0.999962807 0.004453708 -0.007377054 1.201707602 -0.004392036 0.999955416 0.008355172 -1.678125858 0.007413937 -0.008322462 0.999937952 61.924148560
0.999967217 0.004436350 -0.006772709 1.167007685 -0.004384104 0.999960780 0.007709623 -1.719881058 0.006806645 -0.007679678 0.999947369 62.437015533
0.999964893 0.004760160 -0.006896229 1.185840249 -0.004709497 0.999961972 0.007344126 -1.724871993 0.006930926 -0.007311390 0.999949217 63.020320892
0.999964476 0.004595053 -0.007059760 1.187577963 -0.004540015 0.999959290 0.007792321 -1.739973664 0.007095279 -0.007759993 0.999944746 63.543941498
0.999967813 0.005410467 -0.005919335 1.184306979 -0.005365985 0.999957502 0.007504898 -1.764430404 0.005959688 -0.007472892 0.999954343 64.067436218
0.999971449 0.004972876 -0.005696396 1.180596471 -0.004928035 0.999957025 0.007858974 -1.748792887 0.005735232 -0.007830678 0.999952912 64.552520752
0.999967575 0.003585894 -0.007202287 1.251744747 -0.003531488 0.999965250 0.007552411 -1.749737859 0.007229119 -0.007526732 0.999945462 64.946350098
0.999965787 0.004554583 -0.006908605 1.257077932 -0.004502147 0.999961138 0.007586529 -1.762174606 0.006942890 -0.007555165 0.999947309 65.493202209
0.999966502 0.004500326 -0.006836060 1.278558254 -0.004448229 0.999961019 0.007617057 -1.782932758 0.006870073 -0.007586394 0.999947548 65.980964661
0.999968410 0.004520631 -0.006535424 1.287945867 -0.004473186 0.999963582 0.007256267 -1.792570353 0.006567989 -0.007226804 0.999952257 66.503868103
0.999969244 0.004978638 -0.006053620 1.298025012 -0.004935002 0.999961853 0.007201903 -1.810417652 0.006089244 -0.007171807 0.999955714 67.041206360
0.999967456 0.005458963 -0.005935420 1.294597626 -0.005414912 0.999957860 0.007412574 -1.826256990 0.005975633 -0.007380194 0.999954879 67.582878113
0.999966681 0.004899288 -0.006547344 1.318556309 -0.004848367 0.999958038 0.007770758 -1.832760572 0.006585140 -0.007738755 0.999948382 68.004158020
0.999965787 0.005068440 -0.006541795 1.332805276 -0.005019652 0.999959648 0.007452650 -1.839518785 0.006579304 -0.007419559 0.999950826 68.528656006
0.999966681 0.004490147 -0.006825866 1.340852261 -0.004437785 0.999960721 0.007667047 -1.854142427 0.006860023 -0.007636501 0.999947369 69.060722351
0.999964237 0.004743157 -0.007000720 1.367882252 -0.004689975 0.999960184 0.007593601 -1.870527744 0.007036459 -0.007560496 0.999946654 69.567337036
0.999963164 0.005077255 -0.006924363 1.373988867 -0.005023348 0.999957085 0.007780451 -1.883194447 0.006963571 -0.007745382 0.999945760 70.059043884
0.999964774 0.004961255 -0.006772157 1.376280785 -0.004908676 0.999957860 0.007758528 -1.895664692 0.006810365 -0.007725012 0.999946952 70.608268738
0.999962866 0.005470060 -0.006661061 1.394628286 -0.005415774 0.999952137 0.008140697 -1.921248436 0.006705273 -0.008104320 0.999944687 71.047943115
0.999962270 0.005497901 -0.006740624 1.403590202 -0.005442957 0.999952018 0.008142862 -1.933839917 0.006785072 -0.008105866 0.999944150 71.571136475
0.999962807 0.005558894 -0.006591244 1.409844279 -0.005504675 0.999951124 0.008215704 -1.945099354 0.006636593 -0.008179113 0.999944508 72.100334167
0.999964416 0.005327662 -0.006531976 1.421466351 -0.005273101 0.999951422 0.008341723 -1.959818363 0.006576097 -0.008306983 0.999943852 72.630088806
0.999963224 0.005590710 -0.006503413 1.424476862 -0.005537852 0.999951720 0.008117741 -1.971983433 0.006548482 -0.008081428 0.999945819 73.150169373
0.999965012 0.005555395 -0.006249583 1.437329531 -0.005505680 0.999953270 0.007944154 -1.986323953 0.006293423 -0.007909469 0.999948859 73.665855408
0.999962568 0.005562641 -0.006618616 1.458868146 -0.005508804 0.999951780 0.008124626 -1.998265743 0.006663492 -0.008087863 0.999945045 74.196304321
0.999962330 0.005886896 -0.006377695 1.454576492 -0.005835884 0.999951005 0.007987681 -2.010875225 0.006424404 -0.007950161 0.999947727 74.730140686
0.999962211 0.004554510 -0.007394799 1.488760710 -0.004494580 0.999957085 0.008100740 -2.024596214 0.007431377 -0.008067199 0.999939859 75.290306091
0.999961913 0.005671212 -0.006636660 1.487482309 -0.005615024 0.999948502 0.008454693 -2.044908524 0.006684268 -0.008417106 0.999942243 75.741249084
0.999960780 0.006250261 -0.006273001 1.493161201 -0.006201122 0.999950171 0.007822553 -2.052778721 0.006321583 -0.007783347 0.999949753 76.288139343
0.999963582 0.005614907 -0.006424814 1.501865149 -0.005563524 0.999952614 0.007987634 -2.058250904 0.006469360 -0.007951597 0.999947429 76.818603516
0.999959171 0.006247209 -0.006516444 1.502004862 -0.006195360 0.999949217 0.007946689 -2.069152355 0.006565759 -0.007905995 0.999947131 77.348747253
0.999960244 0.006351378 -0.006262971 1.514198542 -0.006303756 0.999951243 0.007594488 -2.081601143 0.006310901 -0.007554705 0.999951541 77.897392273
0.999967396 0.006249543 -0.005102244 1.539307117 -0.006208573 0.999948800 0.008006392 -2.106463432 0.005152019 -0.007974455 0.999954939 78.415710449
0.999977827 0.005364644 -0.003948160 1.548434973 -0.005335055 0.999957979 0.007467302 -2.112775803 0.003988053 -0.007446074 0.999964237 78.978233337
0.999976933 0.006298667 -0.002552728 1.566276193 -0.006278831 0.999950588 0.007705756 -2.138947964 0.002601138 -0.007689550 0.999966979 79.483215332
0.999979496 0.006225871 -0.001485334 1.570999265 -0.006213987 0.999949694 0.007876311 -2.152524233 0.001534296 -0.007866921 0.999967813 80.043418884
0.999972522 0.007050966 0.002278969 1.582322359 -0.007068201 0.999945760 0.007644907 -2.166704178 -0.002224942 -0.007660804 0.999968112 80.598449707
0.999962926 0.006928366 0.005117588 1.648573875 -0.006968810 0.999944210 0.007927586 -2.202033758 -0.005062378 -0.007962954 0.999955475 81.161521912
0.999951661 0.006293908 0.007552588 1.642945766 -0.006352686 0.999949574 0.007783940 -2.206795931 -0.007503215 -0.007831544 0.999941111 81.699302673
0.999911427 0.006449057 0.011643436 1.708589554 -0.006534182 0.999952018 0.007287823 -2.208329916 -0.011595878 -0.007363257 0.999905646 82.231643677
0.999819338 0.006871814 0.017720958 1.732464075 -0.007012601 0.999944210 0.007894765 -2.239506960 -0.017665720 -0.008017606 0.999811769 82.787765503
0.999708116 0.006404748 0.023297882 1.764681816 -0.006587375 0.999948025 0.007770429 -2.237219095 -0.023246909 -0.007921631 0.999698400 83.272201538
0.999534726 0.006385667 0.029822756 1.799827814 -0.006634166 0.999943972 0.008240999 -2.313885927 -0.029768459 -0.008435013 0.999521255 83.809318542
0.999312639 0.006897019 0.036422811 1.914892912 -0.007196534 0.999941230 0.008098606 -2.350291967 -0.036364816 -0.008355157 0.999303579 84.218559265
0.998948455 0.005885930 0.045470428 1.908892751 -0.006245079 0.999950409 0.007760482 -2.347558022 -0.045422491 -0.008036288 0.998935521 84.863189697
0.998607695 0.005533265 0.052459553 1.962077618 -0.005948870 0.999952078 0.007769546 -2.360526800 -0.052414045 -0.008070802 0.998592854 85.396759033
0.998089612 0.005478507 0.061539326 2.022761583 -0.005952943 0.999953866 0.007528795 -2.378833771 -0.061495237 -0.007880753 0.998076379 85.916992188
0.997406363 0.005643158 0.071754076 2.085809708 -0.006202840 0.999952018 0.007579554 -2.395414829 -0.071707867 -0.008004976 0.997393548 86.446495056
0.996752143 0.004851579 0.080384247 2.143818378 -0.005465625 0.999957502 0.007420610 -2.408261776 -0.080344811 -0.007835859 0.996736348 86.992378235
0.996091366 0.004732873 0.088201702 2.226995468 -0.005409603 0.999957740 0.007435084 -2.428013802 -0.088162780 -0.007883157 0.996075034 87.524902344
0.995111287 0.004116938 0.098673344 2.303918839 -0.004842693 0.999962866 0.007116746 -2.439660549 -0.098640375 -0.007559799 0.995094419 88.057075500
0.993994772 0.004484776 0.109334938 2.385471821 -0.005321927 0.999958694 0.007366157 -2.450775623 -0.109297395 -0.007903795 0.993977666 88.608398438
0.992921054 0.004189654 0.118702367 2.469133377 -0.005057784 0.999962628 0.007013195 -2.466638803 -0.118668549 -0.007563921 0.992905080 89.146835327
0.991543949 0.004456802 0.129694954 2.559391975 -0.005432542 0.999959469 0.007170529 -2.474433184 -0.129657775 -0.007814467 0.991528034 89.698814392
0.989876986 0.004319848 0.141861588 2.662599564 -0.005347574 0.999962151 0.006864129 -2.489238262 -0.141826570 -0.007553258 0.989862621 90.236923218
0.988263905 0.003759585 0.152709842 2.772630692 -0.004850263 0.999965310 0.006770254 -2.506432056 -0.152679101 -0.007431480 0.988247871 90.777923584
0.986697614 0.003569370 0.162527308 2.878519058 -0.004716218 0.999966621 0.006671068 -2.514566660 -0.162498057 -0.007348841 0.986681461 91.330429077
0.984669983 0.003131171 0.174399540 3.002336502 -0.004308031 0.999970436 0.006369918 -2.528697014 -0.174374431 -0.007023585 0.984654367 91.869010925
0.982391000 0.003089003 0.186811611 3.129858017 -0.004317563 0.999971628 0.006169946 -2.538829565 -0.186787248 -0.006867868 0.982376397 92.401824951
0.980325580 0.002441803 0.197372153 3.261747360 -0.003699161 0.999975085 0.006002062 -2.549280405 -0.197352588 -0.006614089 0.980310261 92.941284180
0.977470875 0.002992454 0.211048886 3.396455765 -0.004346738 0.999972820 0.005953302 -2.562700748 -0.211025327 -0.006736554 0.977457404 93.481544495
0.974531472 0.002519491 0.224236608 3.548032761 -0.003907209 0.999975801 0.005745127 -2.574042320 -0.224216729 -0.006474946 0.974517822 93.996170044
0.971853971 0.002097213 0.235574603 3.702354431 -0.003448175 0.999979854 0.005322952 -2.588425636 -0.235558704 -0.005985435 0.971841693 94.527717590
0.968755841 0.002166365 0.248006910 3.877326965 -0.003737273 0.999975801 0.005863515 -2.605324030 -0.247988224 -0.006607184 0.968740523 95.084106445
0.965202332 0.001701348 0.261498690 4.058069229 -0.003432516 0.999975085 0.006163573 -2.625164032 -0.261481732 -0.006846695 0.965184093 95.598152161
0.961692274 0.000930322 0.274129748 4.236701965 -0.002648719 0.999979079 0.005898486 -2.639596224 -0.274118572 -0.006398621 0.961674571 96.113708496
0.958465636 0.000345940 0.285207778 4.421388626 -0.002115831 0.999980390 0.005897516 -2.656501293 -0.285200119 -0.006256019 0.958447576 96.628829956
0.954141617 0.000771188 0.299354523 4.613027573 -0.002717515 0.999977767 0.006085504 -2.669564247 -0.299343258 -0.006619934 0.954122543 97.158195496
0.949728787 0.000128384 0.313074261 4.814697266 -0.002122171 0.999979556 0.006027661 -2.683384180 -0.313067079 -0.006389040 0.949709535 97.672164917
0.945889354 -0.000378245 0.324489027 5.018520355 -0.001625181 0.999981284 0.005903063 -2.694266796 -0.324485153 -0.006110998 0.945871055 98.196647644
0.941495001 -0.000174897 0.337026864 5.234161377 -0.001937368 0.999980509 0.005931028 -2.713065624 -0.337021351 -0.006236979 0.941476285 98.702247620
0.936396420 -0.000812594 0.350943148 5.452623367 -0.001366741 0.999981284 0.005962187 -2.723484993 -0.350941479 -0.006062619 0.936377764 99.211425781
0.931797624 -0.001334723 0.362976104 5.677696228 -0.000977324 0.999980390 0.006185984 -2.741488695 -0.362977266 -0.006118829 0.931777894 99.717460632
0.927082777 -0.001521858 0.374853581 5.894426346 -0.000886925 0.999980032 0.006253323 -2.759255409 -0.374855548 -0.006129814 0.927062929 100.219490051
0.921229482 -0.001824438 0.389015347 6.134368896 -0.000619209 0.999980867 0.006156148 -2.765796661 -0.389019132 -0.005912107 0.921210706 100.729644775
0.915791154 -0.002739570 0.401645452 6.382911682 0.000248100 0.999980330 0.006255039 -2.781023026 -0.401654720 -0.005628662 0.915773869 101.220504761
0.911194682 -0.003504577 0.411961108 6.638313293 0.001184533 0.999981999 0.005886901 -2.792187691 -0.411974311 -0.004876132 0.911182404 101.730766296
0.905721426 -0.003880465 0.423855603 6.901649475 0.001494533 0.999981105 0.005961373 -2.804860115 -0.423870623 -0.004765877 0.905710161 102.224647522
0.899165750 -0.003793903 0.437591791 7.160850525 0.001430641 0.999982476 0.005730120 -2.820137501 -0.437605947 -0.004526291 0.899155498 102.700386047
0.893479884 -0.004811311 0.449077696 7.438762665 0.002582217 0.999981046 0.005576011 -2.829925537 -0.449096173 -0.003822437 0.893475294 103.189971924
0.887728333 -0.005448780 0.460335433 7.708839417 0.003205921 0.999978840 0.005653871 -2.841991186 -0.460356504 -0.003543302 0.887727082 103.662071228
0.880617023 -0.005119655 0.473800927 7.995750427 0.002908184 0.999981165 0.005400077 -2.856165409 -0.473819643 -0.003377500 0.880615413 104.137893677
